0,1,2,3,4,5,6,7,8,9,10,11,12,13,14,15,16,17,18,19,20,21,22,23,24,25,26,27,28,29,30,31,32,33,34,35,36,37,38,39,40,41,42,43,44,45,46,47,48,49,50,51,52,53,54,55,56,57,58,59,60,61,62,63,64,65,66,67,68,69,70,71,72,73,74,75,76,77,78,79,80,81,82,83,84,85,86,87,88,89,90,91,92,93,94,95,96,97,98,99
0.0,65.7944773087411,73.1085072776827,73.2629959471091,70.3693831561868,59.9788770698829,68.7165787039329,62.4019796271573,73.727852367189,74.4895498768173,72.3860077330922,70.1522882055425,75.8931398790887,72.3149741307231,70.5781169865379,70.7136180096709,74.2784230691907,64.5712753784245,69.1521783577571,68.9725254886208,73.5871813433767,71.5669461380619,75.7222704538324,66.5799734601095,72.9216274714106,67.4961143149911,64.5399176877902,65.7062522808421,66.9789742394118,70.9435335647668,66.7716988627423,75.3890530649674,66.4510808658029,67.748255181989,62.4077132228317,59.3947454684317,64.1491904281362,60.9732696538094,65.6812353544375,64.8189566625301,64.9911926869273,62.3466343103419,72.1917535763509,67.0432815112914,71.1196747947546,73.971618474873,65.2610802018312,69.8428446931414,59.8331388917049,61.9574592135703,64.7907517606408,60.7318268874006,72.4568506566943,66.8266729689181,65.9451819057492,66.8524866891734,59.796449084119,64.4205806539458,75.0018172349454,75.3770907707616,70.3333306116378,73.2481725210404,68.6966805001215,73.6423089458209,67.7721760201374,74.8324124786468,72.4981205081634,69.4986877050491,61.8514468644957,65.2075870878925,66.5132464790692,73.0869281957362,75.3309152006948,72.7064628023049,67.2363161749986,76.2519168994892,62.9756620318913,71.4157944513628,66.3918029677969,66.2619244446737,63.0025254867756,63.9008560718874,62.9760190133006,64.3719275385028,63.7752438402833,73.0473033882148,71.5557137287733,69.3354401740109,64.6089321752959,65.3556826799613,68.9219224233316,74.1900486190455,78.3525326268599,72.7835028519669,71.6106435366825,64.0085969843042,63.3012996067006,59.9442296709103,54.0189061881358,65.4490733929341
65.7944773087411,0.0,56.8767904179414,44.0146346760875,63.1399693831114,65.4483203195229,58.5618027477823,46.019014314489,65.826890296813,67.8184369353719,67.1755912579645,63.740655937537,65.1059921349626,57.1041103817688,70.9520334640742,49.4582882886035,61.4235008430135,54.9935979716609,61.1530131373475,66.8916477224639,66.2663910704637,68.8205752761916,59.766633874628,68.0610614581367,66.8360490945086,64.4474856379689,63.9961445948072,68.8016245047368,67.441782083816,61.5261005746045,68.7567343784745,69.8388505946146,63.0779344010101,65.2235852324112,64.2967150043491,64.3386756054029,72.4006989122059,60.2653070934417,64.2053813117768,73.2039602804315,60.4151140921715,65.8104313342606,58.8705093861667,64.0429083926372,69.5576250092006,59.8007881914624,59.5602618241456,59.6877930688005,57.3013896992755,60.6441402942918,58.4880581375617,45.5155492920871,42.1372020642549,42.5193509106649,55.9848871720603,62.1693541929243,46.8387508489994,62.4208109208568,70.6740911531988,72.1486972930233,63.4178087738243,68.3432838240869,53.3536060428025,55.6101572636997,61.3692033769769,69.5361305771864,68.8419457386155,61.642500297039,64.3555871700382,58.3179990703152,68.4475841182948,67.802551286639,60.4905477272514,75.4336180022615,60.73813380302,67.0892190732678,65.1575623916342,66.9560832408845,68.4906518318197,65.6497374624036,65.3316644094727,63.9831543216328,63.2138286756789,60.2897278274896,59.9046877204544,60.8149111665045,66.9082704765958,72.8203073009425,61.0905841558773,63.6652165154021,54.3395996559619,64.3339731306236,69.0644417932353,73.6197670107858,66.155748657539,59.2604204174557,61.1874888816429,62.6305873220866,53.4177107580348,60.8874476074804
73.1085072776827,56.8767904179414,0.0,61.0485479856906,61.3466987701114,61.1258332327232,65.7308646292251,62.0000350838023,64.7220124205746,73.872633145212,74.0263300857913,67.7013311909372,66.4549699511296,64.1978069877297,70.745660621457,63.1015585132035,69.1700294568104,72.6031488359681,68.2686698704198,67.7281960176336,69.2065637700333,68.371618586955,74.2068670560209,68.4886043897801,60.306132381148,63.3515550091265,66.9903751383767,63.589290050661,61.5634211805636,64.5020239078717,65.9594499209457,75.1657694017947,73.6851245977245,62.7062987340019,63.9707525093356,63.7494572499664,71.6757848460128,75.9941770792723,72.1538998327646,68.5528137350259,60.9620668748301,69.8868818374182,64.8998511086039,54.7236057813083,57.1460977222381,61.2944524275302,62.5464904293107,65.5471681459385,67.4753833566595,64.5185762950529,60.4514206728782,50.3580397508375,63.9822119297451,57.3263238493808,55.1813189057243,51.9612815529701,59.9770569371011,53.2450715311361,77.02705577819,75.3532869735195,64.9738516069629,68.4376983759189,55.8300190249321,57.9336994889836,66.1776093094081,71.4889719493239,75.7172231851915,65.4652138062407,68.1839298588655,70.3301399279206,69.7816686066547,76.6085823141244,66.8068152559337,64.9170251677299,61.2514980446133,66.7201283904534,63.995843625802,61.6754264376659,65.3828333779339,65.4293620430753,64.3903578534367,70.0671804242253,71.5129082398321,71.4258545487969,65.6676454427204,67.7342584550951,71.8344147860503,74.2924519562841,70.5116887726995,67.9118499434219,60.292879232215,61.5357809947674,73.40462495933,73.3185744993304,67.8733539935818,59.1454558864737,57.7925694469771,63.0420429998072,70.766824811309,63.8740259293137
73.2629959471091,44.0146346760875,61.0485479856906,0.0,66.0734194298747,60.6327284750376,62.0955284307625,47.750560432034,68.125057368363,65.4242008872204,69.6165909408106,67.9282401002877,69.3355155735867,65.1735799340455,67.4617568049422,48.4737223066867,63.3869977622837,61.9014096879769,69.9688532738995,69.6533812975383,67.7763029777431,70.2328003997075,61.6461442045692,67.1510477187003,70.7594864057747,69.1317426730551,62.1652032466752,70.0133163811884,64.9323233941114,67.0234608351692,71.196603627642,67.4355061426919,63.7092849678535,59.8122082814248,58.0549029099388,69.0189753884811,70.9253544152432,63.903110192851,63.8332614738415,68.3796625559911,66.7214686022013,71.5753107806362,67.6936123002355,69.7700403499821,71.1317224821209,63.9188006177362,66.2489714071503,66.5996896504476,62.5998489519928,65.2208054237831,61.1896501397155,57.9147303782867,49.8165587405874,37.3096072882928,62.3776046553607,66.2075232227583,50.9508762962144,67.4422800117171,72.6785217680084,72.6939527615364,70.8021942345144,68.0357841608999,64.9602949864033,64.299246065861,62.4268824669744,74.3507412920016,71.5277089710317,68.323753891055,68.0431614909594,61.8816974950034,70.120978200348,61.5826326560746,62.2012141184872,69.4385147385346,60.873973515137,70.4307634503265,65.6243243903784,67.4774554520109,72.0491208984663,67.6615139457046,68.9048049503754,68.0340594623765,66.8977316106778,61.3680017292143,68.4824017141496,62.6926927549965,70.5630583903754,75.3250069517994,64.9994519668451,72.421515144879,62.8244657075482,70.5480765787115,68.3317614222009,75.1357837329767,74.2723163919675,58.8939513023312,67.7932002348134,67.4558601158824,57.3442679344585,69.5144865020303
70.3693831561868,63.1399693831114,61.3466987701114,66.0734194298747,0.0,67.2347164747443,58.63893627353,60.5276254196383,71.2841524496054,66.7850204246773,77.9566721908455,60.3882101809566,72.8710589086641,63.1459336484014,72.364738558776,69.1697503284663,73.9980635824789,57.225731024581,72.7814122079772,73.3317754608994,62.6590394910471,76.6416440756906,72.63178763734,66.5837679039364,67.5587256506298,65.4705503609885,62.5691069454823,69.8260883004748,63.9009604192163,64.7433683244379,76.1776320789497,72.5409223489728,71.2026144728082,65.3018946632768,66.0464334026158,63.3842188797581,70.5072769548872,65.4437716675939,64.1208895349241,66.339374705152,64.7095214670889,69.257879953045,69.0543892721389,62.9624264102649,69.5613397735084,73.9757391001247,65.9156957368366,69.7348118923338,61.2155245371368,63.7942314790437,60.6889966212968,57.0285749022834,63.5051223062932,52.4331414347185,54.796096644658,64.5003796921109,59.0547690119418,58.8763121403907,71.7301594121467,73.7540445202635,70.1788673063556,76.7018352538309,63.5985328607432,68.398945885093,65.2791887095243,74.0638125379467,66.5140212222872,69.3969164233031,67.180680903595,61.8439506067988,66.632843539366,77.8871411662799,71.3651722437382,59.9902853143843,66.7785738071352,66.5496561442386,59.5318661721027,64.4865324562713,78.5081450453461,69.2849632237789,64.6794622260467,64.4178248834723,66.1827786080124,68.2409345658019,68.0985689810262,72.3236641715248,71.1523980768214,74.6025716601617,63.9085318052875,67.0405510138471,69.9613956845746,71.5260369262086,71.2411454830301,69.1038167827246,71.4922765689639,62.9764020167056,69.2123122162939,69.6167685062924,61.7833419329871,64.5129898016023
59.9788770698829,65.4483203195229,61.1258332327232,60.6327284750376,67.2347164747443,0.0,61.7305955941603,63.5324613693458,57.1479579700007,71.1196686019855,69.7804927256557,66.2204742841321,67.8188655386911,75.6151241929765,69.5635229915122,71.0900915846906,69.9919419890212,70.7037655258948,69.3778663690791,67.2210341470929,67.3234848520643,70.8287950924181,71.2643437880868,64.7568713904749,64.0945426019468,62.7022488549996,63.703383653741,68.8833356431193,63.8146039916276,64.2926405951783,66.7691552187506,73.860470058975,71.9342670308447,61.167115873992,54.7345858201016,70.1614877845993,69.0534724715817,69.3060146206361,64.8181900548746,71.042099001469,61.4567805776137,65.6281815699921,69.969100769175,60.1398404503772,64.802509070559,69.6943134249745,63.2408135117972,71.1595108604336,62.9424829429644,64.5060885710052,60.8561777608297,66.5603184691698,74.6220248353075,64.8684353029586,46.3742455261004,49.7192196292585,63.4428153506932,60.2734222766219,71.8857880122957,68.7555498646215,63.9345385824714,68.7022160924453,70.2753473353256,70.5965279765137,65.3654819151838,66.5079938605993,67.5156058349111,64.0413177372065,62.4982027551943,68.3021975953485,63.5555244264646,67.6832528373988,58.6844465314035,67.6292722600915,64.0855763394943,66.8562770568515,62.026607767898,69.3420946766815,63.8153325648273,67.7597906803037,59.1768965923941,63.8811323733348,61.4427559153102,61.6804984808587,66.158115190434,67.2426819176898,66.280284341746,70.9279358385117,67.156077578554,55.0270842901447,66.7724976967633,64.9828258940479,63.2674990217579,79.9548019725196,62.6637657179433,66.1224024804273,70.7228408926316,66.1758917647548,59.9956657020972,63.9805746809372
68.7165787039329,58.5618027477823,65.7308646292251,62.0955284307625,58.63893627353,61.7305955941603,0.0,60.4322220780836,68.1364270649426,70.8376401463981,73.1740533261053,65.6212020633893,65.3684941187488,68.7104826910234,69.1030761093568,63.2484971265878,67.6273037405566,61.2191303198051,66.9872832627321,64.6904691886465,64.6783279382856,68.3306001430746,65.2542882175294,62.7847019265333,61.17015571819,63.9730095095766,62.9584939410086,65.51608824225,59.7036365657616,64.15011627586,74.6520954992921,67.4968566702814,68.4006765334714,65.8210391179289,66.9336681436308,63.2780576007469,69.8425378199363,67.1798206477687,67.7116668154786,68.224360010245,71.4148565081467,73.3442171407867,66.2549979543673,62.8595218641725,74.2260833827011,71.5238472080069,65.7786239797977,69.2377056937053,67.4131573663662,67.6677119275873,59.5114098826425,58.6612518793047,64.213153924756,54.104773616154,54.6992258982458,65.4382731241434,58.3088457787455,65.2091814645146,71.7177172451723,66.9420616699754,62.5126502760651,69.1704602261613,64.838742225856,67.6720215961421,60.7096797778443,71.0506332237707,62.2616166661547,62.6306850471878,68.6674833761462,59.2517197835701,65.3125141894261,72.3407702107956,68.1006463504293,66.6900690252845,64.0447009111446,66.8186246052144,60.0444424772334,61.9480099963016,70.2057818793818,61.970059602033,71.0878417417275,69.9044270001264,65.1762722671127,62.8233026910169,63.7122800166803,65.9134813267997,63.2783421735787,72.7645215977018,67.4420043637595,64.4963652208505,70.5696583717135,66.4391686498183,72.3328616807119,73.4093483561995,64.3618843627911,61.7659507527798,64.4682786794294,65.7886923552211,66.1459466600277,61.0149416251538
62.4019796271573,46.019014314489,62.0000350838023,47.750560432034,60.5276254196383,63.5324613693458,60.4322220780836,0.0,63.64031621624,65.9447374647921,73.4045120742549,68.8525688095397,63.9954591913353,60.8974946147176,70.5874187828397,56.1095511490793,64.0696661293328,62.9879008025162,69.1191788843833,70.739410075042,65.1554111793281,69.6707624926295,64.9607001349414,65.7420383856609,68.6862753972519,67.4046789834043,60.2665505333888,69.224668388157,58.1937074356982,66.577862214915,71.9919930954274,72.1252192087851,64.4618415220845,62.2715018630313,63.5237009660085,60.7846970944366,66.7742873538136,62.3877555342996,58.5896709714021,68.6954039914911,54.3681900967783,65.5663164085744,61.9794547406494,59.4758174174492,67.3697871436526,62.8931988403239,60.4175058717886,65.0613786458616,60.4646525085074,64.2603195766423,56.7949976793488,46.8704146603336,58.8233038319247,48.2071848817943,53.0531779137353,56.8735536287664,39.0541463851661,54.3872435620482,75.3094941226812,76.4768414784983,69.4555539934355,68.5156436566175,62.0948762446185,56.3821881253101,63.4619204846855,70.3230836349677,68.8685346825715,65.6272924845378,63.5231611991617,53.8235584466537,62.5439399775071,72.6316402654511,58.902804593325,70.5847886351042,61.6121227180671,71.5523885363869,63.7999174965947,68.8408935138865,69.1382713164162,64.7160166714059,66.869086701202,63.8583666179885,62.4533392715134,54.0189749607704,64.509743381141,66.4149131791152,64.2102045097043,74.5277505179865,61.9696827427475,63.5317781695087,53.4264485282762,68.7759691097292,69.8973905478451,71.7953252604521,66.8477354165092,61.2539221951165,58.1186016181154,59.9176033570905,57.5249412505799,64.3236864749444
73.727852367189,65.826890296813,64.7220124205746,68.125057368363,71.2841524496054,57.1479579700007,68.1364270649426,63.64031621624,0.0,68.3395223586932,68.7843407476625,65.9491283945784,70.6021522704242,72.7757033285204,70.6565648087694,75.1224121832304,64.0596634488944,65.6950280918557,70.1099135658661,67.3461898408549,71.4103978853099,69.3201452634993,67.4773652335823,66.6034465317733,66.0687532677275,68.1368195971521,68.4606765924816,68.6026398313658,65.9290479795323,65.4361319457872,66.548690205368,69.3799602197401,69.0388701188895,70.5242813388103,69.8167110710307,73.2894260630733,67.2037995821847,64.9713613585114,64.7010381733509,74.1876369588157,69.6631056582033,71.0209694151875,61.4366925592094,68.5184821284488,68.5481083914344,61.1459558793795,64.7857205985197,71.6160037627417,70.6731944038947,72.684993800472,66.6003001898928,68.630414722491,73.0413063260203,70.8975804228113,64.1892285092158,67.0001668699224,68.9771730386013,58.8303481651855,70.4849644601912,73.5789346558291,70.6393388721766,66.4158087471046,69.4138672666425,69.7800023083625,69.6033693088972,66.2207206514471,78.7598727947495,64.5140787772508,64.5921772088445,68.8255632224263,59.6370683721266,58.925008466067,65.8174509887539,70.4115961855025,70.4223497749659,63.684664524775,66.219933999118,67.4015514170617,69.6989833268369,70.4006558391086,68.2848446119168,67.9380460368034,69.81933944961,71.7827792046441,63.1087092493034,67.8020829086946,65.1680402989626,65.970496801017,70.7178727440383,63.5181873982392,66.7302719289741,70.2171186774815,67.9941004582486,76.7829004329347,61.6271389744614,70.6022300335299,69.3594128041197,73.2519535541778,68.1021592860032,73.8557496737931
74.4895498768173,67.8184369353719,73.872633145212,65.4242008872204,66.7850204246773,71.1196686019855,70.8376401463981,65.9447374647921,68.3395223586932,0.0,79.7431879500997,71.7111869623003,72.4041511069352,71.1087815556599,74.5642210586589,72.7764761615526,74.7530928738696,72.2496313322711,78.0832828903622,71.793514512587,65.8153429974549,75.6144878077401,72.3407964453832,70.9165109127592,68.325379278662,73.3196779248233,72.8696762337588,71.4430054265296,73.1267948378812,62.9482698016485,75.0144419244286,68.4179900103125,69.1733458153294,69.4941469330611,62.657911629874,71.3344013036387,70.9353301577183,70.6305617801177,71.0911088715355,73.5621308941589,76.9733688472847,71.2867860047242,71.6644517835737,67.9214259790083,69.7691188898149,77.8521814552181,73.5984552048053,73.7379550864912,74.6049744199937,68.7360540298974,71.3391816596549,78.0433019165047,76.5277306931556,66.3324039961029,74.9191763015768,73.1428137762672,73.0326325477683,70.3641231402228,69.4105203171595,80.7528764557576,77.7798340087018,80.4210580832937,74.9147574938855,73.3391704604252,73.156384317868,72.9623689601853,63.145964573387,75.0957515144986,69.5107342289417,71.3672991202337,68.1459346174458,76.1009787054321,70.8740308134815,72.3910099547925,74.0263471699338,74.6120910768381,70.8230295901261,73.2579689494731,74.0636506217912,64.2977946485638,75.0496754010283,71.7367621956616,72.2239589669078,74.4682511573033,66.6032535075764,79.7455080389527,73.8731247247022,74.922044414315,72.629140840495,75.8422866196163,77.2600374171549,73.734749748325,69.1055559122987,70.5424692497435,77.684840029354,62.9126249464034,75.746562427721,66.6499570709172,63.4517843740561,72.8651792652974
72.3860077330922,67.1755912579645,74.0263300857913,69.6165909408106,77.9566721908455,69.7804927256557,73.1740533261053,73.4045120742549,68.7843407476625,79.7431879500997,0.0,67.6187683304356,73.4102201864269,76.72804109766,73.7154129526573,72.9707355697469,66.8858300967625,70.3439148649591,72.5104156466688,69.547539465745,67.2373589249246,70.2224893595686,63.873440223545,66.2624710459403,73.5459714155578,68.3414340298198,75.3807852543159,69.3828692938993,72.6012209318462,72.3162514978851,73.916581166566,74.4143424063998,71.1633558863086,78.0795511816175,75.4212337976075,76.1985502938735,71.6667853239615,65.8158996197116,73.9919918972832,67.507909115083,73.0092664015691,77.8318283209229,76.5884486777725,77.9753935508655,78.089331265018,75.8650753182898,74.7380828116679,71.7404579299934,72.4763958447983,77.6667717486099,72.8975326372223,77.2408811006763,79.425763721319,67.5569693144737,72.9188634697509,69.5916491196939,76.20925846232,72.2444773915607,70.0567948520654,65.037756961452,65.8359130255757,73.4455539877244,67.6132323301607,74.940306951165,68.8568368642433,71.0193926889469,70.7894304401719,65.5386450969398,73.5897021634077,70.33673953294,68.6537116615484,72.0362390651551,68.8368381310329,63.2769473289664,68.8372318023753,64.8254030243825,64.1286105401966,69.3508206041439,68.894682718631,68.3840886423192,68.5337397136023,72.9232239840385,73.6380205997705,72.6539934146758,73.3119522151415,72.1686049881217,68.8966735780366,65.2158387764249,75.6460500007388,68.3492509195356,72.0797361029736,71.475981422113,74.9951947693928,74.7730496553924,61.1264318267317,72.5415901150089,71.7389427620262,80.4419766215569,72.796086485131,76.9596589655625
70.1522882055425,63.740655937537,67.7013311909372,67.9282401002877,60.3882101809566,66.2204742841321,65.6212020633893,68.8525688095397,65.9491283945784,71.7111869623003,67.6187683304356,0.0,66.472676087241,69.8354247085835,67.7917594911695,74.1175144617524,69.7070857394862,65.3167276095602,66.2451585696811,66.6861973016953,65.5975082520484,70.0848133440232,69.3096104322366,54.8556076226629,65.4227581622876,50.586327611128,63.5530621281094,54.8318954248922,67.7817783856778,55.4863266491496,68.0768985898737,71.8398750917119,63.7624154734052,69.354578495872,67.7381417750956,69.5800619734048,71.4930722469212,61.7611795192876,66.1127650233679,69.325397286477,66.296912102668,71.4255167235005,69.0958251300854,70.7910307308619,68.4283619378114,67.7841534640351,67.074177360439,66.8613938250511,72.6144070567845,72.8388186447253,54.3209963611908,68.4865699581113,69.748796777708,67.9278882319262,62.8683793107841,72.1024439227094,70.2946197133236,72.1387366989798,63.3967633221688,69.2260828704732,61.3125903516018,74.6899637953059,66.6378812829111,72.80989451967,71.3587139212963,68.6006650005979,62.2996489416278,65.7584029472741,66.0211266783199,72.3535839580559,64.2040456448252,68.2978903837505,63.8331012584203,67.082895176414,57.6926972303775,63.7816291583288,62.3280540419117,65.0320453298695,68.4891678847618,53.3617872893072,64.1601467018026,67.687792511717,64.4345431035537,67.7696756642913,61.7057365937627,63.6599405087822,66.8513474040316,68.285686968902,72.4411009567418,72.1527852433276,61.1684428638173,59.7240108208597,63.9424520690417,72.0115399963272,64.7674351435312,68.4083419470847,69.2692286445018,72.1738447076966,71.8680992669658,72.0750598395928
75.8931398790887,65.1059921349626,66.4549699511296,69.3355155735867,72.8710589086641,67.8188655386911,65.3684941187488,63.9954591913353,70.6021522704242,72.4041511069352,73.4102201864269,66.472676087241,0.0,55.8411639930951,64.0487274512841,66.4170936492424,65.7826759567804,64.7461982315743,61.1236341522228,60.1392405322368,67.6615172990092,64.7812198763074,52.9428605537279,65.3670155631475,71.734857359079,64.5958355844238,69.8193686274867,66.5672869253157,63.8603190600912,68.0722969294703,66.9783657997894,73.2207301345544,74.713830699345,72.0612124191054,68.322723852583,72.4091141127146,71.2847400466035,69.399396192526,57.7121284995481,60.0734586296567,69.0865773285646,63.2784081524889,63.8658110712056,68.527727930808,65.6452748641457,65.2160131875075,60.8977765794703,66.8656832057342,73.9669919392076,71.8254372128051,62.9988715203464,66.7044890048398,68.6789292698053,61.3226879118005,62.0956364541217,65.9822927222363,69.441673400598,63.1860436539994,77.0416956140669,72.8905668834667,62.2308624663884,53.8872438817817,54.950030818704,60.0602262859947,62.5661331306322,63.123629657173,70.6819973224975,66.5599481844833,63.5182588142375,62.882949164886,61.1762944828262,65.7566816303119,54.8133913741157,71.956626021991,66.8628346980591,70.3988616800726,74.3819926495513,66.7406717959568,65.0948469441217,67.7362752811048,68.8817805392544,70.6033950029067,61.9359025188399,69.9424875435678,66.7945482607517,63.1979346123937,69.2331784018977,72.544272318332,64.8750353847675,70.65325631204,63.8850990651914,72.1569026425375,65.9935129680856,68.4511880528639,69.536738797204,69.5325788596506,63.843515921648,70.1322346282513,69.2502278010119,67.0748495916362
72.3149741307231,57.1041103817688,64.1978069877297,65.1735799340455,63.1459336484014,75.6151241929765,68.7104826910234,60.8974946147176,72.7757033285204,71.1087815556599,76.72804109766,69.8354247085835,55.8411639930951,0.0,64.1981559133246,57.0354424219135,61.6889754284215,57.1760122634823,58.8199028337925,60.1781241829926,68.1547464889914,67.717541886145,58.4836819353176,68.1468740260593,72.8447071988506,73.3614365323834,57.95584084179,74.6867540046935,69.6014722352166,69.1923568959844,65.5510338910821,67.5908689443826,67.9671893436593,67.0740761417827,64.5110214355147,66.3874015277029,65.3927257219635,64.779630753066,61.9118904827718,67.9887769268439,61.25622475222,67.1686544782913,56.5508543252836,65.31377230478,62.32541050705,61.7618937158511,60.4685146347981,55.5070330705013,67.632319895572,65.5171169672496,64.4836711247143,57.1712858895399,55.2996832670393,55.9402120183561,61.0059857825836,63.3164363421581,59.9599764429752,62.2932417657536,82.0745894549136,74.0875326708671,70.6522490870949,57.3585515438518,51.6675990833449,53.9935793870986,62.9161525675109,67.9630906506377,67.5630976620936,63.7918712243406,60.8669323166101,57.9263361410232,69.0581303482769,67.5700483873536,57.3297618789268,72.9203438649425,71.6350945172462,72.1896763945877,70.7143220905374,73.0191803015147,66.5968885306077,68.0506167099426,72.2312103533301,64.0531474560131,60.4797923983023,62.7411124096496,66.667394779988,71.7167524924988,67.8166204362311,76.1039294526166,56.1363587917692,75.0651514679697,65.7186016571781,74.9574500766167,62.9899395695208,67.9130563949648,68.9236175464328,62.5414890621251,59.1332024410514,63.8809522004912,63.1678287373961,61.1727683074726
70.5781169865379,70.9520334640742,70.745660621457,67.4617568049422,72.364738558776,69.5635229915122,69.1030761093568,70.5874187828397,70.6565648087694,74.5642210586589,73.7154129526573,67.7917594911695,64.0487274512841,64.1981559133246,0.0,73.1732993256731,68.5418076834425,59.3833087961358,68.8658391097673,63.7013307365541,51.5319981114572,69.7940161350185,57.8334041749715,63.5599994920847,64.3248015731059,58.6458108963209,60.7795504396013,67.5604419839379,67.2525056747108,65.735610095261,71.7855765871478,62.700463913148,66.1053931308901,64.1947117632761,65.1031386128291,71.3574666913321,73.6170362411487,64.1694617452606,66.2615078408089,61.5751472340916,72.8376948355567,71.7973689616117,65.8185006239913,64.0823940210287,69.0998266429927,71.287639841343,65.2271174962791,68.6941317479577,71.4375632100333,63.9932477880733,67.7392614915611,68.7983491317681,72.7806018703348,65.9605903983966,71.3127887769768,70.4357066657723,73.5343855259497,67.6416433603554,73.995371451402,70.4788513384834,71.9449128074807,69.7953658618181,69.7289410400961,67.1736695432397,66.5748069622787,50.3506677861054,66.4249509255492,64.3801273414882,62.5665804022792,63.7323104546411,52.2147750405228,64.9077989680122,65.6176104539263,73.8843851016937,73.2854042805085,65.9622847255179,68.5060924262948,65.6404810552304,74.2977987644865,66.4084964061263,65.5801858226553,69.8540048342733,70.3658592771622,70.6972947158436,63.6078156923516,69.217823761883,67.2566478437216,71.0405870918047,71.8594039766646,71.3499384059532,67.4525983641321,69.4273301779545,66.9528019094296,65.4030561059148,67.1760126498833,66.0848508975425,66.8062176066849,61.8216828097697,69.4112583861704,66.4583982029796
70.7136180096709,49.4582882886035,63.1015585132035,48.4737223066867,69.1697503284663,71.0900915846906,63.2484971265878,56.1095511490793,75.1224121832304,72.7764761615526,72.9707355697469,74.1175144617524,66.4170936492424,57.0354424219135,73.1732993256731,0.0,60.1483227766235,58.6550091384297,64.4868813084169,72.57243308989,69.7464964247305,69.3396849948625,68.8856702453631,70.2609243061189,77.6757616012252,72.4223225893046,62.7293160444158,70.3910863169948,74.6619869435862,72.7307925733279,75.5385629824773,75.8291578457075,62.4610149726209,61.7110210197199,60.5377555020129,68.9209142144485,68.6532852787285,65.6934803146194,71.9229111533955,70.1107454194394,64.6336262428963,68.9945031381171,64.8573745417317,70.2699315340608,62.8504328371067,62.5806915354126,64.8528091998935,71.0130905663853,63.0555150960299,63.0128306668943,67.0266568781896,61.5621528228639,51.4098368402943,51.2498798998959,71.0416398095393,67.7979294682088,59.8160649172116,67.1746830146674,74.4520976206897,74.367109907461,67.9446862341462,67.2131212154534,52.5466991058794,60.0833714969564,66.468182109285,78.8570495251037,79.9696515681808,73.5618126632837,56.8414620925492,55.0965421915064,71.3624829679501,76.6215776781814,58.4405887351989,79.664824721357,63.4533333300568,72.5178144254459,72.9634170835642,69.0262507669068,65.942886296133,76.4951047429691,72.3702177937411,61.7357228645096,65.6849385597949,68.4550414329902,70.7602717581111,63.9807238432464,73.4569830564451,81.124769046285,60.2312122101558,67.9240539673995,56.5798119048702,74.9145499628811,71.7011800996,77.6105705780988,74.6702281500508,71.3263408339516,60.6369244432027,59.5574374342362,61.2798395297649,56.1136981001837
74.2784230691907,61.4235008430135,69.1700294568104,63.3869977622837,73.9980635824789,69.9919419890212,67.6273037405566,64.0696661293328,64.0596634488944,74.7530928738696,66.8858300967625,69.7070857394862,65.7826759567804,61.6889754284215,68.5418076834425,60.1483227766235,0.0,55.7304041886365,69.4299844236943,67.4642378056369,63.3396127073801,68.4719889475767,55.1465593435926,61.1292023331492,73.4015046761492,66.9513429750393,62.7054798309205,66.6604231414093,65.7654108928519,72.9285449195634,75.1227392091948,68.5869795062384,72.2706768468529,73.1842263313825,66.6772388720354,70.0375641937133,68.7678141151336,67.4490348533361,65.7765661525757,69.102903848623,64.262543533906,67.0938371870609,60.1751999746118,67.8283082471921,71.1487394124786,59.652076445974,69.4502220211532,67.9425740549706,58.844599024649,63.522115266238,65.5239225614291,63.5020425221028,61.1481480472285,59.2197705905431,66.772972586339,66.1985638485035,65.8261223319805,66.8455728731525,74.6099860945704,71.8058524586505,69.5911556408556,72.3899357138305,65.4638357363796,61.3602131773192,63.7738526335592,76.6022954378102,70.8569289255599,66.4315064990183,52.0484579760946,58.6651647610358,61.3800998191526,76.2256675060029,60.208136650481,75.0323410021658,59.2724237358791,64.6867653856072,66.7441250923495,65.1724308502889,66.9911823911454,66.6207096756739,69.2159521232381,60.5616070711257,67.8034726965949,67.696094735723,63.41514737047,67.2494909249249,65.0386810052505,74.7151598244945,60.197260838333,62.6040543962015,66.7538216751067,69.9614158931642,67.8379401787941,74.9043625525813,70.7097400817861,68.4757726657501,65.8096024549483,61.4191935682385,57.9006499074911,61.7724436358023
64.5712753784245,54.9935979716609,72.6031488359681,61.9014096879769,57.225731024581,70.7037655258948,61.2191303198051,62.9879008025162,65.6950280918557,72.2496313322711,70.3439148649591,65.3167276095602,64.7461982315743,57.1760122634823,59.3833087961358,58.6550091384297,55.7304041886365,0.0,67.4772815675305,63.8159144463832,54.1062690169715,70.7812564175681,51.2161901752296,63.2172991550485,70.7076155511988,68.0172141732515,60.2497245746553,70.4812718955519,65.4930480776895,71.5919093534952,72.5294321382191,68.2480100445594,69.9008801909762,61.556163807426,62.4759363518835,63.1109933086946,64.2793177859256,59.422924097544,63.3558966229562,66.2399033872118,65.0741246131989,66.3561892635095,64.6987860591771,63.1930996741422,69.8378772991897,68.5671041238215,62.876595271744,60.1570480094235,59.9955449036538,65.2914419700549,66.4187626209849,61.8740418762858,54.5478149637944,57.8209826543735,63.3878485262688,65.5044556485185,63.7044720692986,61.3165364800884,71.9506650547319,74.3798321280389,64.2600186972544,75.7658407318695,58.8239672499335,63.2181484491921,59.6161025486086,69.0598474543785,72.3735209269422,67.4552031674434,50.679757611934,40.8619997141753,62.8853327976329,66.1253859453745,55.0137035780089,71.8688042028191,63.621811547652,68.7755262480635,52.477134432248,70.1576588045991,68.8544551256402,68.75038189559,62.4744057443874,64.8123305543302,64.751670144995,63.9662519670689,65.4537948345049,71.1217956567808,65.9593813322595,76.0833397444759,59.9457531158269,66.6147175979832,66.5824309376708,70.366514615169,66.9737325693247,64.2905640543712,71.0067693568501,62.9194724416361,63.3617829280264,60.0125018256944,60.1126319601584,64.2019512957092
69.1521783577571,61.1530131373475,68.2686698704198,69.9688532738995,72.7814122079772,69.3778663690791,66.9872832627321,69.1191788843833,70.1099135658661,78.0832828903622,72.5104156466688,66.2451585696811,61.1236341522228,58.8199028337925,68.8658391097673,64.4868813084169,69.4299844236943,67.4772815675305,0.0,65.1335522277955,67.0149914910591,62.8368145334369,63.4274526935978,72.8846010338298,72.8454709344177,70.492392088593,65.1590541027368,75.8274985632993,73.7546020689143,71.655066508533,64.9388027301915,76.8336200783358,62.9604497850723,63.6719483573844,63.5448348655346,70.3250046819361,71.8351008653004,63.4989224221006,64.8377152666473,64.6547403049029,65.7834065540407,66.1666013758163,61.9236570695588,62.7432352613894,70.1564312112885,60.6574221194732,60.4887493069658,64.4822670232058,69.765440803133,72.6887655246397,63.2037860519686,62.5442866168551,66.7915453555963,68.796454170432,62.9689177412194,66.8737340572754,64.8912906807914,62.5936651276504,77.0851105320168,75.4060069770444,64.5219189281162,65.2883337265473,58.1286011874385,48.9906775974358,54.3019963051409,71.2506499601929,74.5708329399851,59.0975256326946,61.5340347200125,54.3097310375596,64.6617154691435,65.4196120372235,61.7736243388972,71.3632664942711,68.5834059675407,76.5668023704508,66.2255161194892,65.2193518430865,69.3482429882789,67.250303686476,70.174939386851,67.1948678249326,68.2675475451527,66.6746200268934,65.5700574250963,61.2613786425772,73.9536936237306,76.0878396195775,63.0318534178072,71.5856580486276,67.7741115135376,74.8246373920836,72.6207569828928,71.6890581242864,73.2805455350671,62.6756741708054,63.181240842374,64.9346007837858,59.4169105765407,66.9435532636358
68.9725254886208,66.8916477224639,67.7281960176336,69.6533812975383,73.3317754608994,67.2210341470929,64.6904691886465,70.739410075042,67.3461898408549,71.793514512587,69.547539465745,66.6861973016953,60.1392405322368,60.1781241829926,63.7013307365541,72.57243308989,67.4642378056369,63.8159144463832,65.1335522277955,0.0,65.2334851594538,69.6293409523166,63.5582360075048,67.4357785873141,67.6028692629829,59.9462452611711,59.2374981427628,68.7243624408483,62.0039886101039,64.527872098777,69.2991764964741,62.9561988858037,65.8120503259016,70.7847628881545,68.9016945105276,71.3132136949307,62.3764655988859,64.1940767393607,64.0709521023201,66.3948656257296,69.6669844903814,71.5993270088299,65.100070541573,64.126529384167,65.1643335977586,65.5486869415916,65.3390708239911,60.7113871813709,63.1733286114836,73.7495901812961,62.9566948533677,65.0081750987652,67.5699985671191,67.2360714356325,64.6628722023848,65.871013102592,69.7705318558623,71.0914813858967,72.4209381133693,64.8347425506532,66.3536864234573,69.2925811677573,66.1198645937473,66.1471349104109,68.4262329016421,67.3847938259017,69.9386132030554,63.2816279249872,65.8458301244138,61.1227495151662,54.7559121436175,64.8315719846215,62.4853229981425,66.9144889229284,70.3083903210904,70.549411802144,63.7950509059463,65.8319588766945,70.1151058020851,67.3197531713136,67.3299849045332,72.4357068655177,64.9429402985274,73.6278965337065,60.5976281541216,68.1771375741066,65.5469419729322,66.5544353501606,69.9283399257714,67.3936054889768,61.8130422222843,65.0005032955738,66.158722782556,57.699591186073,67.3140968267327,61.8170575166026,59.5428864759441,72.9850021938671,65.3082660064556,75.6857900941213
73.5871813433767,66.2663910704637,69.2065637700333,67.7763029777431,62.6590394910471,67.3234848520643,64.6783279382856,65.1554111793281,71.4103978853099,65.8153429974549,67.2373589249246,65.5975082520484,67.6615172990092,68.1547464889914,51.5319981114572,69.7464964247305,63.3396127073801,54.1062690169715,67.0149914910591,65.2334851594538,0.0,67.0072971875139,65.794628279377,65.0286751193672,67.1649429305134,60.0276541889713,59.1590057610884,68.2243662477214,68.2396601902784,64.354156786082,72.7951617653805,66.2989269204309,65.1164310431016,61.4906899058493,65.4931143796875,72.7921343900148,66.5912112144604,60.3362134474762,57.765732886246,57.4183843404753,66.6208604468507,68.6525568170903,64.4517137639398,68.3211327671631,65.0250666970659,62.9717956845135,58.6298452436248,65.3780052842947,65.1530758904932,64.3538165197642,62.5920205173882,65.7209399072741,64.0102535652376,65.7141771034395,65.4100447493134,71.7414224755517,64.4455160669703,60.4003010267824,66.0379721054942,66.2986003080727,66.4181330468666,70.6946204394645,65.5559147710768,63.1481767391484,65.7613332845101,62.7982750679632,66.1849477952791,66.26829022425,63.7340202137309,63.3941385729989,56.809726451839,67.4380703981237,62.8047218616669,65.9071721256162,61.793817049144,71.5585051951488,58.1194844490622,65.8865972338876,68.5306849141276,67.8862443613291,66.2861916972699,62.1733771458974,64.6021844316569,71.7416379977407,65.9959247533308,65.2120321195086,62.217745412196,70.7341947514935,61.3848703006642,63.6265240335415,66.0044069745653,71.652993400544,63.2688804186516,66.969635342136,69.5919209947,63.408997427121,62.0244382442578,59.7511585332375,65.690362000539,65.0082969212747
71.5669461380619,68.8205752761916,68.371618586955,70.2328003997075,76.6416440756906,70.8287950924181,68.3306001430746,69.6707624926295,69.3201452634993,75.6144878077401,70.2224893595686,70.0848133440232,64.7812198763074,67.717541886145,69.7940161350185,69.3396849948625,68.4719889475767,70.7812564175681,62.8368145334369,69.6293409523166,67.0072971875139,0.0,68.1696173529052,63.5392559450543,74.5985704025783,69.8081108350005,66.7478903153922,66.1341300599397,62.7451687997144,64.6963762539017,66.6918104879826,67.0471371050324,67.6536441719487,75.0017837088907,70.1715419427233,75.6728941624701,73.3442420664425,73.6317448740142,75.3843791680894,69.776917768707,63.8310423945576,71.0950628213956,66.4095401493406,68.9432824394475,65.8642527845161,69.0882453306894,63.1630438619633,64.2316131649355,71.9741786273697,67.5801230379123,66.8676459268927,67.2127663823428,71.8357551494019,67.4538040460124,66.3058959680391,69.8515031633893,74.9053438842357,65.9098799818347,73.7312664363272,71.7003333785227,65.5862722557375,68.2444072997084,61.9650729066863,67.9191461682918,64.5575702953345,68.5850327515783,73.3443233810705,66.6988166594037,63.2265229016942,65.8128696800075,68.6987925946166,54.9370367065194,62.447985032794,70.9035714348989,63.4386511675897,75.339607638336,63.3235427252988,64.9100299831053,68.8183295036764,68.3703216762358,70.020428314688,56.0837056681286,76.2459858786013,75.4069694939179,69.5823520288811,68.4147075788898,69.0676677787384,70.2776223529244,69.627536466336,66.4825777292835,71.7336078516179,75.2059070571452,73.0299516185378,69.8581441533177,64.826711524604,73.4023520555867,63.7560971416347,63.7309680183036,67.0447667573628,67.739716702586
75.7222704538324,59.766633874628,74.2068670560209,61.6461442045692,72.63178763734,71.2643437880868,65.2542882175294,64.9607001349414,67.4773652335823,72.3407964453832,63.873440223545,69.3096104322366,52.9428605537279,58.4836819353176,57.8334041749715,68.8856702453631,55.1465593435926,51.2161901752296,63.4274526935978,63.5582360075048,65.794628279377,68.1696173529052,0.0,69.5781740312406,69.3945440879478,68.4146185433717,68.4586500546168,61.177924719216,68.271222867784,68.0020589125582,65.7912560861395,66.4526352209297,75.2771292081337,67.8665083306179,68.6459309416334,76.4282389804806,70.6291843476958,64.6808988788626,66.9652079334357,66.4383312239393,66.3703051948025,67.4663470887905,63.1175542923312,66.8189878429321,75.2039372112241,73.2116595552498,67.7160555849178,64.9689070557656,66.029453432402,72.6099704965314,67.440656999256,71.9085047416593,66.0785301926118,54.5026592971,68.1632853772755,68.2737745920823,72.5986149245385,64.3054302984435,65.6883302057659,73.1191577744238,66.6925980094031,68.8662620043971,62.0409902732868,64.9511105833726,62.2379060969745,65.1887198075199,70.9954613679997,65.3561024983594,52.6749443786291,49.552060132576,52.9471397079212,64.1789525788859,50.5416996332387,73.0052313477339,67.1387923978943,64.3220756453609,70.0845061834497,66.1276715401141,64.1794727879635,71.714318527484,69.7320489591495,67.7664989099126,64.1433273720502,68.2694300769775,66.454513941768,66.6741953775041,69.5630252447348,68.6353563252349,68.9894702908492,69.2740744494754,70.5223703266312,73.8009158163102,62.8654469011192,65.5398750115819,69.2152759291641,71.0504547273193,64.8400033641477,66.8473873159077,65.5447212574772,63.3912523917498
