0,1,2,3,4,5,6,7,8,9,10,11,12,13,14,15,16,17,18,19,20,21,22,23,24,25,26,27,28,29,30,31,32,33,34,35,36,37,38,39,40,41,42,43,44,45,46,47,48,49,50,51,52,53,54,55,56,57,58,59,60,61,62,63,64,65,66,67,68,69,70,71,72,73,74,75,76,77,78,79,80,81,82,83,84,85,86,87,88,89,90,91,92,93,94,95,96,97,98,99
0.0,72.1435081790673,65.1386909076198,74.0164821558586,70.8464613600812,78.0382351816788,76.2417884038773,78.8486826994558,75.6096690936951,81.818183004933,81.005408183125,76.8887279727319,78.4295515566368,77.0915694625111,74.6119563510666,69.985419191962,71.5258713987789,71.8035034309174,76.0959779991505,70.9264563187547,70.7282370018885,75.6784738148338,72.9528237146191,69.6093845821273,76.3789095945096,80.1066030198649,72.0285655137642,71.1275276074528,78.5104197609254,81.9688264147922,77.9118125043086,69.447378591567,57.5339436911305,77.1220737632513,78.0503865637309,72.464318916002,68.9260924401285,69.1449152634023,79.815278270845,72.1972085195674,78.6260806937201,79.8139246459826,76.9833743292863,68.2973365558602,77.7865980726706,69.7014774073888,74.5326233081333,72.6608490874618,76.483849359888,74.4965065571291,63.2733621643888,66.8081068196761,74.3528090419209,75.2178302813052,73.2456855087682,62.1867078741617,78.6368223841441,74.8670623068181,77.6778401247628,80.4886982208487,73.3065495395173,77.3149556010246,70.3013080365313,78.0731461538471,71.2528438372719,72.8617237018025,74.6871379919236,72.9967724519252,79.1357002753721,77.6987109242618,69.4343540294597,77.5377307817461,75.4690945825388,78.275823866582,78.1978025250764,74.1710469850753,69.6819016653575,76.4941925928095,73.901512575416,69.4541425352943,78.4387421464674,77.7060355826666,72.9942096309103,73.5223382287098,74.9663015419908,78.3667904511473,77.2753569558774,73.021492730516,74.9546387120932,71.6679142740991,69.7844709994905,77.6061340169238,73.8192212093992,82.4613709401706,75.9443835088823,75.3385993012048,77.3629181278923,73.3503129845207,78.8256308207629,78.8322810219682
72.1435081790673,0.0,64.751138737741,57.9462809929895,62.2476502519512,88.5038686590838,73.4315572684213,55.2110437084641,76.3040371235843,83.4583738554333,80.0140935015992,79.207021992955,78.5582880301774,74.4980044903643,74.8399311437167,66.6072227533276,77.6785792115723,74.8487858747084,76.3987691271417,66.9108453262181,71.9040769341543,78.1853221907141,72.4844118346171,74.7426497343868,79.7758133786319,76.8286712499824,82.8005124039896,78.8105882415836,83.872480563684,76.3009772914176,84.4915008738919,71.0305549720311,78.3202522731249,77.8252396448381,76.5752851631249,79.6457762624357,74.5043467768688,74.3660267844942,75.9389054902344,63.9854555894787,78.026479335481,78.0162044559156,76.9752168344716,77.2795258745033,72.5034313493288,81.1077913757571,80.9647373645168,78.7378042399576,80.6326413749345,76.3894018015307,72.3099169654562,45.5785547213894,70.5336134635669,66.5340576517433,76.1210951672828,67.7061559649275,53.6700699690925,72.5658835853868,85.6025728658901,86.4715697298259,80.6677362503041,76.0849581997521,74.6481350695794,69.4376351089791,72.8162634802702,69.040780236444,74.7007217382374,71.6398495495742,74.07417726629,65.7669505531226,76.278625980828,72.4526505440119,69.2223059138551,81.0610555111525,84.7325295006771,81.2614557494033,79.4549100429642,77.2507402939455,76.4046001924607,73.625193233728,79.591263796201,75.4202612762445,72.8455138390745,78.3637975301627,78.7369368478754,73.6585583268611,80.8890773108491,71.5082119256645,81.7545585478725,67.7890218601077,73.6760040111007,74.9091147439734,71.5196063884375,82.2583300689324,81.1901985932402,75.7680726555868,80.5943611789687,74.1902927586926,79.6357583353423,74.4236456513978
65.1386909076198,64.751138737741,0.0,67.8637257638955,60.6032575099088,67.4390842211613,70.2405159236801,60.8655490128446,61.3603643056087,74.3466750627578,77.8282943807854,80.3948570297884,77.877767976472,78.4778170691096,73.8607419974121,68.0935454961593,76.0815688285904,69.951868341686,69.8092632366776,73.7185843599825,68.1931631658795,72.3163651828212,75.9641246946207,71.3170177491075,72.2197793861679,78.7941402307137,74.9096620667391,69.3512668871421,75.1776651759293,80.7594400304112,77.2867507187216,72.0251958674556,73.2266310276053,75.8111565146159,77.6741341296995,73.3022845696734,71.1173573842106,68.3762822371203,72.2926329373807,71.186891776647,82.4739399087512,71.792558505787,69.9690927922238,71.3608420351791,71.8080562230001,77.8974583643415,75.3348741947768,70.9859357275559,70.6351182754611,76.0471845978079,72.2743880371661,58.3407603111062,71.8824423001426,70.1881637025189,65.2376151907401,63.1838889829869,68.126530111569,70.6880985704133,78.2374594678536,78.1025465586245,69.5790923154165,76.1397962932877,75.9895929329248,76.7172731000369,73.5467500217521,77.2774621658657,67.7763524790446,72.1459934686685,70.5445986843121,76.3333565391662,74.4059377064716,74.8012184239906,75.1388121673226,73.2724555257864,75.9024754772029,74.5631376744606,73.5458795373754,80.0109657400062,76.8992801720347,73.678342135411,74.6956272727304,72.627609367309,69.9347960008423,79.5280718006743,73.2095499949924,75.6794038359014,70.1480190241685,71.4907709831936,71.0938314244372,76.30177094799,74.3477311235359,70.1934256778678,73.4403144918408,80.1053622584669,73.1974505156829,72.3376226462453,79.3999330285213,69.5909868146503,72.7997479679508,73.9801597303326
74.0164821558586,57.9462809929895,67.8637257638955,0.0,56.6522574754102,83.8815398228667,71.690965872766,60.4222362712894,76.1681406011109,85.2394359322735,87.3409970617953,77.4523285176638,70.9927024204834,66.6075240892402,70.764063294965,61.8733873707755,70.3481779475445,63.3740833403206,66.8021846270115,65.5402616592077,73.4871025396866,77.3168214602406,73.7658103497738,77.3251393786812,80.467264368811,80.6539086788701,72.8045563270123,78.4523319774245,74.6245028361219,81.763106220157,80.6627192392533,76.3861357510219,72.4321823928257,69.5655132540676,76.5615383213306,77.6626309204056,73.937720452024,75.7443772308104,73.0226721886641,65.0689119164082,79.5004457682587,81.4130275274314,74.9427648367488,73.6861196632825,69.5127466465655,79.991780547974,73.3876303583197,82.3764430750392,72.059243482208,72.6449269372362,75.5862310179367,52.1244852362884,75.9921284693635,46.2949473277394,70.5102113938905,65.7962152447359,51.9722530112366,70.3014661176111,88.5164997349857,85.7978827161953,72.3591104208068,67.9826873945114,67.4738946852281,68.4928518854425,76.0447158202818,68.6675335157575,76.6402584978053,64.4628157142512,70.1766805225941,72.4209761437258,73.8146660891004,74.7147413686918,67.1685424756884,78.2476310945707,81.2355833686332,83.5652622036689,74.9301150903508,72.5924706446543,71.1989466547147,78.5901200045896,81.2105643845863,74.2281131560925,74.0076236414699,70.4765443674443,72.595684961837,66.996684706719,80.4896235743256,72.0484535714368,73.3759489694388,74.9304855817606,75.988754098893,74.9207799918402,74.9160602319548,76.1803106425825,78.7239320027777,75.8380459048558,79.6574662058981,72.6797534721096,60.4986976759506,71.7741968057801
70.8464613600812,62.2476502519512,60.6032575099088,56.6522574754102,0.0,82.5529205167278,79.2848375077189,68.6506611950675,68.1677081826404,77.6175490959389,76.7370085980038,72.2163760882022,64.8510757256835,72.4800518495736,66.5236896279372,66.4557978446789,66.6522384119977,69.3372313442653,72.4409574129838,71.0007079910071,64.4434233760611,71.7342127654718,70.7332614765001,76.7790104294476,75.4848886830306,72.4303567921442,73.5716085840322,73.2679243536098,73.6177824466641,78.1924951437352,75.6374563663298,72.1836919163514,65.9409591884494,76.7275199741115,75.2930547426224,74.6582181635311,74.16338234682,72.175981565988,77.3515607373773,68.4720659914166,82.3220017088886,76.9552490823891,79.5476005232158,71.4126916736415,73.2307058768629,73.1724089786598,71.8563364448277,68.6062646843155,74.205708499727,72.4133947671697,71.011676851281,59.0116590901814,67.8208470341977,49.2896346610443,64.6172552115271,66.6886225337282,66.0819372279625,72.0005796456183,80.4471580090142,82.7058506473536,70.6776501676296,72.0969161288477,70.6874250805282,69.6181627382154,68.7962566301216,70.3474549607894,70.2473082626714,70.4927519998648,73.9081660630595,72.687676524411,68.6360802553781,77.6776538861593,72.2906888448344,75.5661001204533,73.0518795486039,77.5226200895499,69.1898830415638,77.6489501579522,76.8636986904244,74.4681214224636,78.8641503155934,70.6946948702978,73.4234966958496,70.4727643886032,70.3343591911605,71.4385194121073,76.1144504936265,73.2982432190676,74.0557423927584,68.1509344549045,75.8275647238206,75.5602303051888,71.4805776619957,77.8487924280819,74.0006695057567,74.7667303750952,77.1166816304689,70.6470058797013,70.932700305059,73.5297259059906
78.0382351816788,88.5038686590838,67.4390842211613,83.8815398228667,82.5529205167278,0.0,75.8839021906836,77.5279949575936,65.2852694582352,71.7119657013431,80.2932013171601,80.0353436198142,73.8982709610615,79.5252177202783,77.2917243987844,77.5513703537695,77.2358609731591,74.5255273749873,75.6716281658597,81.8383045801052,74.7776081882658,81.7259679703822,77.5637317735462,76.7235296216565,68.9452500800049,76.4247231695591,75.7576293400704,71.772339251074,66.0297797911171,80.7387359100731,77.9370390172839,78.0119211204997,75.4116636695951,76.2857207817792,78.3598517556789,68.7948061722503,70.3636559023775,77.0914386470548,76.6092939686817,77.3336044253764,78.1651827729411,80.5154803406082,75.1966276864309,74.9159945670388,69.3840399230469,75.7410086280875,74.0124078077607,74.8909954832996,61.3727327316049,69.2510987294187,76.4304439807314,81.310692764281,75.0884045041007,72.0490132792572,71.0065719456694,66.4595800661731,80.4465880326511,73.7976033226789,79.9914231990975,68.9163343040028,76.5660810526221,73.6244430999995,78.0099827572355,75.9667925896823,71.5338057858444,80.665037913268,79.3976340025836,77.3550639392692,79.2101782369317,78.7052674729143,68.6906220917874,82.031358247513,80.7213603064056,71.574363010395,77.7646036119741,74.4003345141876,72.1505314956805,81.1701997212336,74.6103959845129,75.6133242721633,83.1669626063384,76.4319019930244,71.1295480420718,75.5916652386961,76.3401629632657,81.8775509467282,72.8672477560887,72.6094846527628,68.8992710624077,80.6738063274233,77.4800168093377,78.1211384155686,79.4657576772623,80.8717901476209,76.659511524558,72.0266105545391,81.6264811630205,76.6614059125686,72.8492405735404,74.4498118501867
76.2417884038773,73.4315572684213,70.2405159236801,71.690965872766,79.2848375077189,75.8839021906836,0.0,57.4878120058679,67.844794347992,81.5122431268704,80.2560323849583,73.5196349244171,86.9204171454538,81.182489941583,73.4199693241197,75.2788371781156,75.5173333298029,70.7098926974428,72.378968363184,74.1057045145331,75.0712976441328,84.0351049714834,76.1009452018719,72.965341832411,77.3844749733634,83.3674762652943,83.740224006018,79.2176115451366,73.3307255070877,81.3760777855331,71.8563840698589,76.0492680247628,78.2379056710051,68.7980177866912,79.0407284379282,66.2741944818969,75.7091682157093,72.2951916615659,69.0634674374694,72.770545362071,71.3954990846753,77.1969198058391,77.5513284172781,71.7107660850928,75.3282106541684,76.985691847337,80.603939971135,81.0887498832272,68.9765025135257,74.9857465597989,75.1389844113371,77.4313753720112,73.6822922275496,79.996685745849,76.7961582957909,70.6575582949468,64.3040118251517,71.5048926533372,88.8328364340042,79.981116541553,79.4346204592182,80.7336439451022,82.8831364893941,81.5075472994596,76.5240722119976,74.9116029064978,66.3518201039986,74.7807525362983,71.3489059892183,65.4683538260832,72.606287533845,72.8227713325774,73.7005307993212,78.9529865569871,74.8029883177077,73.5406374424992,67.1514895078491,82.3849188208941,74.1935992491745,72.9906307714688,72.2899669844437,72.708708434502,78.2263907208918,74.0307014678099,78.3640528348091,83.4934276725513,68.8195673403479,73.2226994419418,74.4607445453136,77.3235971231578,71.9006108681914,63.0018843810616,80.1336247490437,71.4173154382338,78.6764773225357,70.0252431954408,75.7244782244408,80.7099682355466,70.9518140976485,79.3380373598352
78.8486826994558,55.2110437084641,60.8655490128446,60.4222362712894,68.6506611950675,77.5279949575936,57.4878120058679,0.0,62.4219140342128,82.2929226323505,76.5340163155115,69.8073130456529,76.0596626651358,69.114348630699,68.4817771820952,74.0365940161355,71.2561526062228,65.5320457162482,64.701794811314,73.7405828647703,74.7678291844318,74.4208205651706,70.9514391467421,72.2289813409358,75.740443532813,75.8036696296895,73.6946706022037,81.972249186026,77.4300447527229,77.099201695608,72.3049376540326,75.2049035043565,76.8347941216566,67.6183102539992,72.1198777120706,67.5169890707535,72.0490928576647,68.945886980694,73.2010861549118,69.2754773499494,72.3742965748811,73.3458051881422,71.5412261699367,68.2213731968621,70.6285864757201,75.175160689778,76.7002860102304,74.9286139219028,70.1468746054038,63.9783562461237,73.064222231248,58.9414649645662,73.7520616654236,61.6559936797603,67.3621088127323,66.4868573976441,44.1205653822219,61.7305910086822,86.3476274630972,81.558886203981,71.6097467468211,78.5059720062455,76.3222597866271,72.3675584081761,68.3279478840668,70.4547167340228,66.909274033552,65.2607216114774,63.5417254116206,62.4605669580344,69.722561660097,71.3109249736693,66.358463244336,75.2317749002279,77.746880720191,74.3324585918979,70.9820835657935,71.2271382317593,68.7833375005146,75.9075370030946,76.0140929229841,68.8270023038392,72.8489043864616,68.8931822572313,74.8209082000773,72.0341368428127,72.5009345984381,73.6011975566753,74.7535370164014,65.1661433105541,69.7680145573783,69.4853681577861,67.5454475846089,76.5902276575771,76.9506588881418,67.5417347596362,74.257543408004,72.7819676492414,67.67333027885,74.8198349816926
75.6096690936951,76.3040371235843,61.3603643056087,76.1681406011109,68.1677081826404,65.2852694582352,67.844794347992,62.4219140342128,0.0,79.9990973660489,81.1864991720312,77.6774901191899,78.3294630303305,75.144406427331,74.5769953224371,78.6194495182945,72.1605683450913,73.7635967159147,71.3303687337873,73.6497104123528,68.7037583727305,84.8068661877272,75.1590722468507,66.4322260128715,78.2680230558731,76.824450791828,73.8202032350563,73.1121448382447,67.0013650525872,85.5836613702973,73.6929457433787,79.7017501469546,74.8421964448607,75.6197827739866,73.6324256929935,71.2830444257522,68.718290000019,72.8285349575303,71.8511959215953,76.9690922022196,74.6046001306744,78.8866524915531,64.3444969965188,68.5137678466806,64.2079822343788,75.9879180629017,81.3499151975755,78.0279224259483,69.7541036890639,69.3824895457756,74.115442021512,77.0346781318443,78.93890745986,67.0224804201727,64.2688933905072,68.2931042484922,71.7220494420589,50.8758703302468,85.3064963155026,73.2944492087001,75.2736681374428,79.9753680882839,78.6164772243884,77.6216108266894,71.3038948032203,79.5520291850607,69.8161232486049,70.4737399476341,75.6140274425989,79.1421016089701,70.0960219265407,75.6285846436599,76.0168279045434,69.3331818114244,72.9960335851506,74.8915714257216,70.9124245109661,78.0632197245583,72.6191442592506,73.3498248969237,78.3869223523752,72.9267193199078,69.9896456066273,73.5240049686001,70.9456956406398,76.5873271301132,64.8399588221005,77.8192380156607,71.7153835231872,78.587716878556,76.9661893856945,75.6453084546484,80.2578860854909,80.4835701466158,78.8081227400152,69.7096967114503,74.9714405548251,75.3518318158156,67.7027466286339,75.2830915611325
81.818183004933,83.4583738554333,74.3466750627578,85.2394359322735,77.6175490959389,71.7119657013431,81.5122431268704,82.2929226323505,79.9990973660489,0.0,75.6312096642456,79.7520960733531,82.2759120394922,85.4271226083861,79.4968730559071,86.9728961801562,80.682592423062,82.2527880417197,77.5862288012666,82.7463690606319,82.2174179603574,77.5478983190256,82.5416119910506,78.5454834049987,69.1648999856288,79.8008917726759,81.0275764816777,76.6316229400664,83.588814588047,85.6992078104533,86.1981050387876,79.0778933373847,77.2760881059735,82.6695532870364,78.1473507969011,78.6084771725801,76.1342337037098,76.2526046884952,86.2139673936264,80.2595700264311,84.2489480382315,79.546702759113,86.1874664895694,91.1760637509861,77.1070219092443,77.1700339226874,80.4723870755299,77.9693542322649,79.4458376947854,79.3129951509439,80.551535655429,83.0578057790566,79.9543778050188,83.2134826858862,78.6998468224904,76.4893323881097,88.5046668941132,90.928724749923,77.3414987030098,71.6824896047678,83.3191030727726,83.6605487027556,86.1193683398156,86.9742100591883,83.4215019137202,78.6417050417588,80.4011190470942,85.8252064371411,83.0953756537356,81.7739573757619,79.6346786975653,80.4244785748449,77.8069765497195,79.7734791108457,84.1475480653642,71.8814033442647,76.6016805753671,79.8147965728818,81.7440657340086,74.4967609225435,79.8216789908789,78.032838197497,76.795922032313,84.661276912435,78.0824048594481,79.4547145513499,76.2570096981503,76.1897128788572,74.9443390858303,79.847239637663,81.1478177387197,84.3289143998135,76.8872338806012,81.8616079914719,82.7719254514892,84.9674158752274,76.5822454940167,78.9022369634689,78.1543573818664,75.5486635820319
81.005408183125,80.0140935015992,77.8282943807854,87.3409970617953,76.7370085980038,80.2932013171601,80.2560323849583,76.5340163155115,81.1864991720312,75.6312096642456,0.0,68.2701173600873,87.8448575179717,77.657348482327,76.3257909704903,83.6027667136715,83.9575469864435,78.2253088828188,73.7515310121306,81.6484774096881,74.9094067621611,74.2101425396797,79.7382928804931,80.5522482629062,71.392987429516,76.5519890419704,77.8410606456458,82.9987157697504,82.3930906481748,77.8770130573063,79.9465978877587,80.5905276255572,71.9862757873235,80.4341151951907,85.7872442122283,80.2249499969474,80.1972179485193,78.7293565540226,80.3089864823785,82.0191307558538,80.2535664431895,73.8193708764339,80.9767180387743,78.3689734717502,72.4261652691012,79.3660496287797,73.3836798171561,77.3253227561027,79.5010765810245,77.894509060074,77.6728490762025,81.5829317071528,81.602983585597,78.8810011347229,76.4378520089468,79.191350058127,80.4424787271589,80.2669849659544,75.4953404764645,77.4476792197328,80.9689589039979,88.2333175470621,77.6425702057805,79.0906082363631,75.5841912838533,76.9663847911538,67.2863879523,75.08089953977,76.1337878267311,72.6777081426027,78.8996342662551,76.366427629997,78.5797823560197,74.8907535984601,78.5185145576245,74.1474457720695,76.6295733733883,79.5142172044888,76.3074406627753,79.5045048026035,76.9140703150083,81.4655039517505,76.0730442277658,77.0185351139763,81.9344239217437,75.4919764081768,72.1527268048672,72.7571567433185,74.0398264683844,77.5022762861766,81.5076349406289,80.8987687267328,77.9262136141148,69.9949221639352,81.8103235352465,76.5372507580349,81.0698195864859,75.2319183124497,75.4868801700262,75.0689673828041
76.8887279727319,79.207021992955,80.3948570297884,77.4523285176638,72.2163760882022,80.0353436198142,73.5196349244171,69.8073130456529,77.6774901191899,79.7520960733531,68.2701173600873,0.0,72.5684354146546,63.2958011143718,69.3008827205226,76.9004872208443,67.669194182593,73.0930665675793,64.3717744223344,75.4929527788536,80.5192325371031,72.7606671790617,78.9083516218515,65.4390188506311,75.6587034344981,77.0532936001822,73.2516903041197,78.2680436536589,78.0331512467458,82.5054655690015,77.8087504501581,78.1411989347155,73.7013967836819,63.7983969280513,76.6338597117225,75.9060834350157,74.4396206336957,73.9851329445195,76.6437984039363,77.9826105664873,78.7219096832875,78.8350427086679,76.5051491367061,71.2349659344896,72.4492938315022,62.7574639569492,68.1708203532981,73.1328043836481,76.9541710178667,76.0838983669033,74.7691080556518,76.1629626516874,81.8962324987364,69.6881770481215,74.3911187587091,78.1054992788695,76.0163480319461,73.6016363395876,80.930633641918,82.2558094435267,64.3138628206646,69.7221798898892,70.546013278931,70.7469044010173,69.1737744144272,71.1586007045583,70.8617940091386,59.0762565607555,60.5117091414764,70.5761778174503,71.8014174479073,77.9538477610809,75.6919851470036,84.2026952570187,74.8871963007528,77.4596641215476,73.2590824498344,80.2722330868699,71.4997387339095,81.0249637414332,63.0797840555759,71.6961291419899,72.6309429429237,72.1469501470171,71.6322082577952,78.9393291858643,69.9859301757279,76.5216692917317,70.4652203679288,71.3013313492725,73.7542632034382,77.1418008845465,77.084691482957,71.8848256931517,75.0826726569188,69.242912981435,68.2162072481278,76.05187150787,73.6133099470462,72.3322537865238
78.4295515566368,78.5582880301774,77.877767976472,70.9927024204834,64.8510757256835,73.8982709610615,86.9204171454538,76.0596626651358,78.3294630303305,82.2759120394922,87.8448575179717,72.5684354146546,0.0,69.4197278458403,66.7154752929474,76.2704591903193,72.6367724880374,77.8327490811744,77.1951040552062,67.190200012879,73.6413374816921,79.7561185124824,67.0187326291906,79.7135171639801,81.6804105462558,81.7284043479756,65.4260452749783,69.6264766432521,71.60632003113,80.2886316041523,82.5475204103672,77.718391695457,70.0422743108233,71.7805957005275,77.2644013298042,75.5632841560649,72.2415629476783,71.6282673452756,76.4668479709015,70.6544815194288,78.2038837145521,84.0401819389839,75.6369922110354,67.3563192338616,73.8820587016115,70.9284036146344,72.2782753049897,75.0344708384244,76.0598109886352,65.438872805575,75.8228151683503,74.7053421791226,76.9209844457743,68.8049972299269,78.9181057742191,75.8251802662408,72.8923010213439,76.0485957506888,86.5766709441958,87.6184711415618,68.0977109563812,52.3259400346586,62.1928090074161,63.7206403635527,62.6722535366664,67.8316543283454,80.3665478521567,71.2338339270082,77.1061376593411,78.2531938740034,63.4958158385127,75.8006916487048,75.7783759341824,78.1392163222182,77.9778305851169,88.3636921822674,62.4504146075552,73.3974751365078,78.2377691886436,80.6049413360445,74.0762253840225,75.3242699249164,73.3829589750581,72.1129016806235,65.9684979344295,73.81090014436,79.2812177456866,75.4359437922779,71.7324080567171,70.3765278070108,74.7701800736695,78.8759548967641,77.8307335654268,78.8177307233149,72.5110149647266,70.3121986972949,72.7322294438968,68.96128961358,71.0182355916433,68.7467375435349
77.0915694625111,74.4980044903643,78.4778170691096,66.6075240892402,72.4800518495736,79.5252177202783,81.182489941583,69.114348630699,75.144406427331,85.4271226083861,77.657348482327,63.2958011143718,69.4197278458403,0.0,55.8933023758224,74.7790495500403,59.4649170280949,61.7767995520686,57.1983753153461,69.4896435400146,66.1803246826426,70.9004167699996,68.7627197212,76.9067586852696,83.1273484780444,77.0049730731703,65.6046188662916,77.7454681475852,72.2755573726146,69.9610554840469,74.5478688341354,73.9881384765636,68.7727692696194,63.8448851826914,70.8528017472919,74.4549832606143,73.0363346715984,70.1393915191647,68.9059141774771,70.062881066724,75.9778879200573,74.2158642615837,70.7728773236287,67.3717774953352,71.3164634700618,71.6862987304537,76.7516170655804,77.7811788225782,68.0095933941496,67.3074463809043,76.759467281552,69.2750325029899,72.4877760507591,67.2969507814247,74.0596146802295,69.9352689550966,62.7673332455783,72.1620397974744,79.7854752384445,84.9050925863065,65.4683393085918,60.5451309783318,63.391767799307,43.0334442536734,58.3335880986433,55.3478524373442,74.2976758526296,53.3822013308525,66.671783359148,68.1373762471408,66.3689561748097,73.1246122636102,72.2145780702903,78.7995370300218,76.7400721275075,80.5292655892879,72.336274061928,68.989700893594,67.7238493592737,74.772790707288,72.9425110340294,72.9969055909481,68.9561699456127,66.7217532046978,65.467284410587,77.194248553509,77.1915313431249,70.5052130541254,74.2332582122749,68.0249592167549,80.69874877202,74.5879178822796,72.0577998597413,75.150056256714,76.3090411951734,66.8403822936226,72.8820199044605,71.7752953706109,63.410704795147,61.5996635033088
74.6119563510666,74.8399311437167,73.8607419974121,70.764063294965,66.5236896279372,77.2917243987844,73.4199693241197,68.4817771820952,74.5769953224371,79.4968730559071,76.3257909704903,69.3008827205226,66.7154752929474,55.8933023758224,0.0,63.9501532033103,70.7551382607136,70.1481771366797,63.7571156613528,71.3096822777455,60.4688823703335,72.7915310286349,54.8618468230831,77.8236294614742,73.366206043986,77.9925095962029,69.9939505632338,73.1964697983788,67.9918696049871,71.6002900843285,79.7879475955541,77.9842550509551,68.6268631951543,72.9615179149852,71.6720048365837,72.9974453131165,75.8572180185841,72.1867528262519,73.5173828330819,70.4767974644033,74.6909426368793,77.6637990692903,66.4963882658232,77.9820715866879,66.8477096286256,74.8411310238695,74.5831233463432,69.5351878538127,77.3048349001928,77.0383785748149,78.1758017646812,70.1345329279749,69.9832638894094,63.9373399912442,72.5945636981281,66.4920613681283,68.031276466839,68.7953607011413,73.2572423589294,75.6453722048666,70.2321674955256,68.9677899558314,69.6787811370492,64.2244394341477,53.9567569765002,36.9481007062791,71.8077593784123,69.0573796371153,70.6868976922252,72.5276501224706,61.2147756268739,75.1124090547916,62.5552340861765,74.3985397050856,70.151229759413,77.3433215517554,68.8321097295711,65.927408963183,75.4418756214598,81.5400253258287,72.8209874221718,78.6023945997573,65.3702371855122,67.3874534829252,74.4670055897597,72.9540150400703,82.2246211353449,72.8075483782427,71.6490029270784,71.7255535076822,81.55549300483,77.584996935581,72.5301230593821,77.0241993907711,79.1493529025672,73.2510275139612,77.4210737398291,69.6526919500287,71.6998287451116,69.4286345516646
69.985419191962,66.6072227533276,68.0935454961593,61.8733873707755,66.4557978446789,77.5513703537695,75.2788371781156,74.0365940161355,78.6194495182945,86.9728961801562,83.6027667136715,76.9004872208443,76.2704591903193,74.7790495500403,63.9501532033103,0.0,73.0299488085224,65.4721634184868,73.9398435796386,58.0542473206141,61.5557890147673,72.2926238238833,64.0168283478432,77.0941285822423,81.1019660453829,83.2832467194409,80.5802934083094,77.9463045185889,72.7724653068921,82.1678370956797,78.6952994181549,76.3011817711952,71.2411985426621,76.9370555181202,72.3292756747791,77.5026476197534,80.7208062363241,77.092466568738,80.9239308485663,59.9713568443356,77.5468427249873,85.0780621335291,73.2200582537483,75.0152185834143,75.0446199714287,83.7622765141134,75.8055653497049,79.6712965179849,80.6720193068233,81.3071967423163,65.9264138222947,58.8079473089567,55.7228560832482,65.0294564428083,69.7606678139207,69.2855641766172,67.6779957673962,73.2364173501485,80.1110537510623,77.4979623883704,72.8304303570634,70.1644686981891,71.6029898650209,70.8492389672466,72.0062916428077,66.0205275908615,78.227872376145,63.9987900209737,70.0565034666448,74.5414441786271,61.370181422688,71.5995952629729,70.4863461080168,79.4219348552802,72.6101799246207,82.6938978073939,77.0818291316197,73.3448063799159,77.4716402302007,76.7567628955418,79.5246566690877,79.1466558340269,74.9706844679922,67.1098703377557,79.0181051609106,79.0240027775766,84.9956171849779,72.773834323207,79.0016904800465,78.150935922687,74.9244055683468,72.2317563626368,76.5756781383814,79.572737787938,82.2277943277277,77.6301151787642,80.5319480296626,78.4896275913455,73.1151958891241,79.4213117830994
71.5258713987789,77.6785792115723,76.0815688285904,70.3481779475445,66.6522384119977,77.2358609731591,75.5173333298029,71.2561526062228,72.1605683450913,80.682592423062,83.9575469864435,67.669194182593,72.6367724880374,59.4649170280949,70.7551382607136,73.0299488085224,0.0,67.5061398630264,46.3744220436575,67.8664557996062,68.8333954653855,79.7644511943253,62.9619529773812,70.1909950395469,77.3661314563753,77.8582661188193,73.9509806417265,75.498129313424,65.2297460792342,81.6332443317923,76.8251042734838,81.5453081983485,66.6296678605525,66.7149070451782,75.7172263061701,73.2704898730018,73.3474707379304,74.8002996914026,66.253921341893,71.6466181193809,69.7034946609745,77.0855517744773,72.4493847817788,65.8690510716136,73.2561202842741,67.1395138295984,78.099894217032,82.4504299281353,67.7175472212201,71.702459727334,72.5277736833639,69.8028393999507,74.6011919072815,68.8927193943448,68.1942662525859,75.185261173163,65.6201550102853,75.7626710610578,85.9257894947601,80.1409887775058,70.8052988731238,62.8430881741259,77.261418614143,65.5828627366029,64.5332558974703,73.8156475119675,79.4849736918111,52.2550298551112,69.4495862219647,62.8008132272635,68.0577186144009,77.5592782275012,74.6412331531088,77.2137908469179,73.4593257669755,80.1431627074078,65.9399223715807,72.2193699051271,75.4443373901279,79.3799230125805,78.2771645321556,72.3654030496526,76.3098768926829,71.8521662023199,74.3319438995677,79.4793856346765,71.4290390673289,74.5878662568543,72.6889013065098,71.8114526209846,79.863050821798,75.8619888232397,77.4921150972967,75.715431174103,79.7427140384938,69.9374708834394,77.6669409087672,80.0001028228252,68.1187976588824,65.0235481798838
71.8035034309174,74.8487858747084,69.951868341686,63.3740833403206,69.3372313442653,74.5255273749873,70.7098926974428,65.5320457162482,73.7635967159147,82.2527880417197,78.2253088828188,73.0930665675793,77.8327490811744,61.7767995520686,70.1481771366797,65.4721634184868,67.5061398630264,0.0,62.5555795753747,61.0311164639748,64.5016316099293,78.5307219712808,69.9174958515942,68.7372548390183,79.5956455954331,80.3208112236838,76.8199910752753,74.3069552586416,74.6745899609844,84.5225267213952,74.8903706241955,79.2014177731636,72.5491645321626,52.040272762606,73.3897472672169,70.4428536157954,76.3291633828198,70.0935003418894,76.6838509812744,68.3962267463748,73.1472117589481,80.7488157811335,63.9170035321489,70.8229121317046,67.7430918473931,72.809240740797,79.5068422239979,76.4653195726291,69.0416206975527,68.5251282649246,73.1544369350999,66.0552840004222,71.9713909191378,62.4918991208589,71.7319694945684,72.7832658566523,62.0507110293976,72.3250957145132,85.4930226162883,84.2412349216186,66.0695814362919,72.8588564735198,74.3281266182324,65.73803068216,69.7249617783234,68.8411795996511,68.8932672417069,53.8644903614497,58.931656724125,53.8368631561608,60.721682279223,67.1368011300698,73.0153428934525,80.3018807614814,68.0029293677507,75.5362359021762,72.8208153476319,72.837756646877,72.0077272206985,74.0079045841795,76.2471858410462,71.7564142175203,74.5580467400801,67.0291223588315,78.274961796404,76.5494238746604,72.5746860831685,77.0563988847796,66.6184694971506,72.9208322284833,80.0212756918825,65.579582079871,74.6968044717311,73.8617709189706,81.3088473909188,74.3726997102654,74.5274804848275,78.3133840639063,64.7861850142857,76.8632106165209
76.0959779991505,76.3987691271417,69.8092632366776,66.8021846270115,72.4409574129838,75.6716281658597,72.378968363184,64.701794811314,71.3303687337873,77.5862288012666,73.7515310121306,64.3717744223344,77.1951040552062,57.1983753153461,63.7571156613528,73.9398435796386,46.3744220436575,62.5555795753747,0.0,66.7054665975631,68.5795997607912,73.9614339560977,63.5146316769623,69.7913885037444,74.4737733369976,74.1109738413233,71.0540184063977,75.0420354389942,69.2774756844655,72.2622894270203,66.5326499387298,76.2103795831655,74.0478499587566,64.7291452831207,77.8681043959594,70.0624581927359,69.2229039255061,76.5068791584196,69.001712332026,73.0435639579099,73.2628094450773,70.9443368818674,69.875082364464,69.2670438372652,68.4578011331068,73.1361429313395,73.1001252427535,77.1179294506678,67.3045777754959,71.2428211850947,76.8417684290839,70.4643418232723,76.5962577175685,70.4199207944964,67.1876351531604,76.1982062829057,66.2344813579779,74.8557781189026,79.0563876032427,80.8184748975917,65.2017418834964,71.1081001630225,68.9522717860709,62.1214282295153,63.986613553247,69.7397086530247,74.3352725719258,53.8250964906496,66.2614255843688,62.9101851166447,69.7232549302152,76.2976993660434,66.9486645065561,75.8814797082964,72.3767075208388,74.3588392145959,67.7287212301273,72.1119260583651,66.7324951013267,73.4107746823242,75.0039379764636,73.4010036069266,74.0504709194375,72.2084432497276,76.7537928101698,76.3660600486535,69.7061663978723,69.8980257493723,73.5975465189178,68.2196660541285,75.9941136157477,73.604001166486,72.5619674033287,75.9519218946166,78.054937784357,68.5245329497996,77.3525919435901,75.6486047349857,67.855219752037,74.5152056620509
70.9264563187547,66.9108453262181,73.7185843599825,65.5402616592077,71.0007079910071,81.8383045801052,74.1057045145331,73.7405828647703,73.6497104123528,82.7463690606319,81.6484774096881,75.4929527788536,67.190200012879,69.4896435400146,71.3096822777455,58.0542473206141,67.8664557996062,61.0311164639748,66.7054665975631,0.0,68.0369562020414,63.7809070676232,64.8462357723626,73.9841216875276,75.9086664773358,83.2902749831599,67.9519708874794,74.7154885536404,68.8404860170687,79.1911726337135,83.7058333801716,77.3393493160384,70.8392613590367,65.8313781446571,73.147962526663,78.7997580247433,72.4662412446882,66.8156824846046,78.0684054297275,68.5690149488329,73.8516044496523,84.1915671456216,73.5069158687553,68.747039353436,73.3159088047928,73.7624786907857,71.9300661975651,72.3286540569899,78.0948984311594,75.0250787204216,72.7240429333584,63.0225708165035,71.1390719458301,66.7442102561047,73.8767745165906,63.119030561092,66.0083473902326,73.226730155451,82.2575069563063,82.1666326546074,72.528803003044,67.4331326245892,70.7340257203659,67.5670537855698,65.2740263388693,63.4583300040975,73.2822888745354,64.7845260423017,71.3606443650516,71.5832107444239,62.4325359003186,69.1820756745069,60.4962995745429,81.6430282039277,74.7134082768445,81.0388735141763,70.0961240443214,68.0200586996492,78.8570976799573,75.9291646079557,78.4136608628609,75.8117812872062,73.7522682295418,61.9481447482426,74.2023326605387,64.8939439054272,81.7870327780975,75.5540554081275,74.645258725281,69.3563194634269,76.3927847147741,79.7924600743464,72.7370855932424,77.2239372059325,73.6877792571491,71.0298012448707,74.4174268299646,72.384805746927,71.3418892722471,72.7179273516848
70.7282370018885,71.9040769341543,68.1931631658795,73.4871025396866,64.4434233760611,74.7776081882658,75.0712976441328,74.7678291844318,68.7037583727305,82.2174179603574,74.9094067621611,80.5192325371031,73.6413374816921,66.1803246826426,60.4688823703335,61.5557890147673,68.8333954653855,64.5016316099293,68.5795997607912,68.0369562020414,0.0,76.6308530392735,58.4654626449772,68.9031354791194,72.3359112932432,76.8756214386628,72.8178738494643,73.0189066891819,58.1968299128243,83.7868606233734,78.889861290595,75.0264852571878,71.3440239543772,77.8672093350433,77.0237955875283,71.0328566565586,78.8544051620799,77.9513182621968,73.4808139720576,70.7532297313795,76.4629643990609,82.3324602015959,70.8918270457608,78.9780223077335,72.0813468894383,79.5927345523665,80.8825627028047,79.31827894151,73.2060879814526,79.2218735928108,73.5460147745494,71.0953554922466,64.8268974546223,71.589229908667,72.2789497651243,69.1516865456944,67.9125173229551,74.5410861663841,80.6114910953881,79.5309042386964,67.8284369373854,73.6231311514607,74.7002996336882,65.5349079090532,57.8516637446443,60.8273120788714,75.2910581267542,70.7578720758326,70.5925861629483,69.0156125558108,44.9383848724153,77.7008102811354,67.6854986503304,71.5332629149092,65.7987748656635,69.995566259174,67.8741939734589,73.0277289513296,77.0243692980711,78.8620486101643,81.7112874351559,74.4395120751994,70.0948038290438,72.3299454807111,73.6411975626322,77.8828153472044,79.7997779620769,74.085590249412,74.2314463395549,74.5174701997363,72.1900675416978,78.9067174172003,71.0647774701363,77.0400045271737,80.3296795994073,78.5250966213862,79.6308612346513,79.2264099863086,72.8134691417628,78.1681975961599
75.6784738148338,78.1853221907141,72.3163651828212,77.3168214602406,71.7342127654718,81.7259679703822,84.0351049714834,74.4208205651706,84.8068661877272,77.5478983190256,74.2101425396797,72.7606671790617,79.7561185124824,70.9004167699996,72.7915310286349,72.2926238238833,79.7644511943253,78.5307219712808,73.9614339560977,63.7809070676232,76.6308530392735,0.0,76.1343741544055,76.7074615658181,75.494495322148,75.9934037704208,76.2977134298916,78.5475146338155,87.902473509449,70.6268739078345,79.6958740684304,69.5500558390105,72.3701159443236,80.0639718649741,77.6220290898209,78.6402449603102,73.3584332494379,73.8892989746234,82.0650937678063,77.0505675282523,85.5797755582143,75.4141802269399,77.9440248180221,80.0398871092277,74.5902595602784,75.8933873591265,65.9991823787035,72.6406445576611,82.4856460737597,79.3846249067474,77.2953732485869,71.7379759396697,74.9230842088846,78.0722606376567,79.7317083585657,69.9937170836524,81.040429830279,82.6193013797975,77.3928593394345,81.6965242096431,85.5302886372195,83.3098470597134,75.7333429251944,76.6543798842273,69.6631413175566,72.7313591521909,75.5055015417174,81.7929310418525,74.7067245059625,77.6483834853455,73.1088544475088,78.4783170716288,67.6697496053733,79.3207556020708,84.2746878430881,77.5420191252335,77.9667149246395,73.2273432787246,75.2815302201626,75.1527966271656,78.224820179711,80.5687225326984,70.638324787529,69.4463717239298,76.6789949848659,71.0738650429254,75.9228961090455,77.5072783898984,74.0123269509419,79.1734447341248,77.1954481032992,81.1595423087105,76.8678823431411,76.9375074735292,81.4992831522372,76.7340623549642,73.0776221584183,72.4415558981553,81.5681597953728,77.8977835725078
72.9528237146191,72.4844118346171,75.9641246946207,73.7658103497738,70.7332614765001,77.5637317735462,76.1009452018719,70.9514391467421,75.1590722468507,82.5416119910506,79.7382928804931,78.9083516218515,67.0187326291906,68.7627197212,54.8618468230831,64.0168283478432,62.9619529773812,69.9174958515942,63.5146316769623,64.8462357723626,58.4654626449772,76.1343741544055,0.0,70.3910038486031,75.6136912134105,78.4526984459739,68.2243627413267,70.0999459033795,65.4888976669445,64.726421132922,75.2120941177746,77.8056779544164,70.3374632907857,65.2150722647421,68.8913445703665,72.7838051448518,74.2364540455359,73.4415286771704,71.4289362144482,68.4717279087906,66.986843950924,79.5300346746791,65.0945170190105,67.7717366429485,70.1378781705488,74.0373978519926,73.1288429322007,70.3105915502086,78.8214222970787,74.2457315241091,72.9166093558464,69.8530517119363,69.99350780279,70.9566338410506,71.6430374030341,73.9307330312429,70.6509111541121,72.3463079377858,82.7493152641581,81.5866416370603,69.9661648347289,68.4646264012672,66.2379588452316,66.2576782983645,57.7234707236611,56.9987939341029,72.3606440280733,65.7867901842053,70.3524211166827,70.1186819091559,61.6157246943675,72.3650014846151,59.5629232587978,73.9628959912123,72.1911875769423,81.572884583731,66.2353552044184,57.8156825985048,72.9357268293419,73.4886534126936,75.565936125527,74.0415523540242,69.5315906203251,60.6668357214255,76.4271549297514,74.5500051558011,72.6230604886539,73.6159867474886,78.4720661644363,70.469935222407,78.0089342538183,72.6445643025469,74.6033460092915,75.6429127221451,79.5530271957474,70.9224067707691,75.5983757472527,68.2562598527932,69.8866430224802,75.790387155742
