0,1,2,3,4,5,6,7,8,9,10,11,12,13,14,15,16,17,18,19,20,21,22,23,24,25,26,27,28,29,30,31,32,33,34,35,36,37,38,39,40,41,42,43,44,45,46,47,48,49,50,51,52,53,54,55,56,57,58,59,60,61,62,63,64,65,66,67,68,69,70,71,72,73,74,75,76,77,78,79,80,81,82,83,84,85,86,87,88,89,90,91,92,93,94,95,96,97,98,99
0.0,59.0143900344076,63.5365256357671,59.9644399952265,64.6389440012667,67.4212122624392,66.8494293551374,60.4386547528107,67.5223123537387,62.9960286430715,63.3672776916224,67.3810387791769,62.404791803736,61.0651814927283,64.3396637996561,63.2732955916639,68.0788297018868,64.9836833685312,68.3542157478173,67.6062381760919,61.228579932674,67.3180110674904,59.4552854737521,65.2828008057856,68.3336588544595,66.1128848664134,63.6042780336798,64.7603936582619,62.0875580352935,60.9855366306723,60.325408698316,66.6754446731923,57.9721500175693,66.1189127348491,58.1442686611933,67.4961335223839,62.5101628450363,67.3057448993585,62.0987556454498,60.5086258079113,68.7766035399365,67.1950029850133,65.3546013940167,59.9820907915982,64.9475092308421,69.3412120008061,62.5930872375564,65.1950684916886,59.9803926222241,73.1949816975015,68.1786023316503,61.0714725511542,61.4244883350945,64.7920245324751,61.285734066958,69.1809301529159,69.0049013812333,72.7486066504819,65.5535156374725,71.1415801254775,63.4648827786216,62.2178872508525,67.6015368219799,68.867132892343,69.4741240448411,65.3605371796919,65.3944650690761,66.2461601658601,64.8127025865708,62.615892631158,64.5162495133628,59.696564555033,67.947239387075,63.3044733848545,55.8582993269734,62.8444578993869,62.7934168509731,68.3442290732218,58.358200610748,69.9690889435224,60.8481929644128,69.5364345066757,68.9797777555127,66.7837726479395,60.2323000234296,59.8435414382431,60.0297274874444,63.8248658291293,70.7538074612334,72.2136940696577,63.8932336261208,66.5312284077988,69.0435557245047,53.5877597095796,66.7170930046536,62.5210387533814,67.4811467464326,63.5885225813473,60.1650840637361,73.159566874039
59.0143900344076,0.0,49.9452324484707,58.9857107700309,52.433206462295,57.9826502264189,55.1027981500039,46.0628768454716,48.4982575704002,62.197687448394,71.5890761666237,62.3449344933519,64.2753613383072,61.4461359948059,68.6046620344439,51.23549087367,62.1571686766932,52.9744115602045,63.8597409915038,46.80577168335,56.272734143302,64.186337274058,67.911820339132,61.6785439966262,75.1978734124421,65.078194627164,63.8892293385059,75.5752198451822,57.14587435368,66.9508464336494,66.7811975137283,69.9067583492108,53.8245293884409,56.2947831108395,64.9503940019226,46.0385220514283,64.9582683011138,70.2355771897128,72.1621050203154,66.0030412057461,60.9230500052448,75.1795188736058,64.4288722441183,66.4650156984279,64.0583910459603,66.858003021015,62.6856332206827,66.2445228438153,60.3698798046982,67.2064149065992,62.3807921849086,34.042942281598,48.8389993766943,60.5073120211845,47.714557840857,61.4502029971793,47.7421813858863,39.3369343060372,60.520132512928,73.6435052357689,67.1075922504308,58.8841334628603,62.9958117644604,56.9261846683376,57.7443640871595,70.3309177376715,53.8670058606513,58.3634601710169,63.7856738802574,56.8633258813162,58.2420097309366,59.9165560114536,64.3981861734452,54.351889929636,63.0984046742681,66.2653229873264,61.2291225782996,71.5496092330316,67.3088227455393,66.8003029497034,58.2507295797223,58.1184391803205,70.3591562212652,69.9089965724724,63.7852864215002,67.3701409267913,67.2432271019973,71.8174506807072,52.7890375861512,66.6528444925979,67.718389117389,60.7674322395693,67.5431039372111,61.1630349273687,61.7359631112128,60.3686312819935,63.7053483009855,62.9644387081256,60.644984272683,69.620062078059
63.5365256357671,49.9452324484707,0.0,59.198640066865,60.8180252988623,45.8468921495479,56.4202553286159,52.6326516193253,42.6640913589984,72.2510068948312,69.351212042749,71.4174302160665,61.1093118489979,68.1477724848557,65.4661142313931,57.4886576659805,60.116745219166,50.1669811276486,61.3894024992325,53.6103862875982,58.4566527874394,73.47968952423,64.5994017645667,68.6459185429015,75.3767992668371,67.2588225005858,62.0417011862608,73.4196061255309,63.7270919535033,64.205568752824,61.5983930935252,71.7814576761865,59.123002789364,60.0133641500168,69.7038710700167,45.4063104738525,61.7324602686344,68.8829389669817,71.2256211587441,61.6579394904003,55.5862194317679,70.1555454201881,62.6231637593109,62.8145458993431,58.0981261843061,66.5479965101032,60.1085353860445,64.7739802741904,59.2544453903568,62.053793877147,63.6506464520143,38.0728514778071,53.5491998836906,61.441391372066,39.6951082994743,46.541676376574,61.647328104906,47.3480675274754,72.2609641226895,75.3941273351238,68.1952958650491,60.7547209844809,53.0939554447111,63.1242592890494,57.3679906048278,71.328121629568,53.6188745309974,60.8085708914549,60.1058048135754,57.093829707679,56.9973605535811,71.5561000502859,65.7570901186907,56.136535723445,68.4035857636788,64.1369497517348,65.7025116873639,74.3685727348608,67.6554285587419,74.7884969235858,68.1766784438551,50.9888577462298,69.4278695303759,76.1962464493808,63.7176575939005,63.9263025984357,65.1305483223781,67.2863123376835,54.2814816126908,59.15474865039,62.2996284971947,61.9465918827292,65.3668229225886,57.6978607636653,68.3806113237978,57.0297849976035,66.0701276364413,64.576436974002,54.3827431112858,61.2350033597517
59.9644399952265,58.9857107700309,59.198640066865,0.0,57.0516957275089,63.9772593388888,66.1598769196097,47.5816983501522,60.9002527101116,68.1210937729852,64.7661113877157,66.4188805962194,61.0386243392567,60.1143503582084,67.4077428217348,56.728139966426,66.4376124708595,54.540177761195,62.124736497555,55.8377787434675,58.7631736131381,72.348933084321,58.2094551236873,66.6735354246258,69.6658871082583,65.6841711514591,61.8453051597208,61.9750897960851,61.2282458248817,68.457529521581,67.2253053699992,68.1910291939258,53.298705032466,58.8396736497977,64.2187571132669,59.1774624600388,62.802266417907,71.2448466322839,62.9979504450461,63.9890662535843,55.2954228466999,69.619291837369,58.0880102520617,62.738181447631,58.4944434033188,65.7060206589063,66.7255790726353,62.0719049557978,63.6828582929198,66.1829389780607,66.4571662220471,61.4430280964392,54.5127563863347,45.049906903747,60.4606247168555,63.3025726469792,54.1383085627434,57.2647665016879,68.0333905345387,75.107276604499,64.1106867780392,62.830950812828,69.9800188946044,60.394513584859,57.6688255455789,67.5220457442951,59.5377312246266,55.0147727015138,63.7043292250859,60.7484130127303,59.3632036635975,63.8151857206893,65.3543405328422,60.1533784394447,64.726476105746,61.2492705440287,61.0697159049028,70.4170592764443,61.1063797128868,71.8319638581097,68.1745186356551,60.438296557969,66.4467590859422,65.8841208665588,64.7681180204771,61.6221554588007,62.6787984492413,62.9026958813179,64.1092927794088,67.1735931998528,65.2684442096885,59.872399637163,63.754831537715,63.2454517362899,58.2960343541079,58.9822472418027,66.0228872495805,59.6808471290424,62.9991117120659,68.2102443233192
64.6389440012667,52.433206462295,60.8180252988623,57.0516957275089,0.0,58.6414091000103,55.7109647071862,58.8570068841702,60.5515407835885,57.0840614349887,60.2062294840169,61.1258327155199,61.6367472351127,52.8707037612785,57.318684883639,59.7055692258196,68.3733077008089,54.7478766119315,64.8384337710362,62.2257741594376,63.9483138944966,63.4269047344595,62.5611695656316,56.4298153139606,70.8004197793026,70.1699218796248,63.7286678039679,67.6743976220134,49.4861522442976,70.3072236808417,65.4446436829557,72.9733396516329,61.0040701194591,57.0168810127787,66.1370071591027,59.5852630112602,53.8800261916083,71.6558138862595,60.4429065647166,62.945117455503,62.9463635645105,64.9533985091784,62.0216667557122,61.8493389187842,59.427126228652,61.6263378057098,62.2827433395484,66.0368630939722,60.2953493276507,69.1049694063719,66.0313256183823,55.7877448679421,54.5314127074132,52.6123259051441,51.2938767000272,66.5388002727191,60.3926764235034,62.2162527726266,56.2741144944777,62.484365159267,66.0622877306378,58.0490559840325,64.7243476706513,62.380148156512,60.5650379762263,62.8180974560742,62.0255400740762,61.6400187019344,60.9809020015923,56.8871276399288,63.0823438096798,68.9607029625259,70.6307761886908,58.6547369593854,66.9284670297223,66.9512703970061,54.2544698005552,68.2031408650716,70.8553144240761,65.3125881573885,69.8134662627492,62.4292648824606,73.398372725844,69.8542824072406,62.585854903552,62.4638587973466,50.4399396565961,64.0995132623211,63.4360739862578,65.9324226872111,61.0066142884494,62.0038229573909,63.1792502937719,66.1971193554681,64.8032657624794,64.9661613795496,61.3667160331135,66.3606402736042,65.0830260304455,70.4799468927507
67.4212122624392,57.9826502264189,45.8468921495479,63.9772593388888,58.6414091000103,0.0,57.8109242499767,68.5303651176395,36.5962550481671,66.4059220453964,63.098249266412,68.5859672080002,61.4378664058856,61.2223811647928,59.0998228325971,57.5242769845309,63.5659204078944,60.1629410039504,61.8034204807048,57.0718983517778,56.1650054167283,68.1289839697304,57.7240588998306,63.9986646653733,69.5754532973897,69.2537380844865,65.6792109494035,65.7427021693147,52.1139325959662,67.2642747782379,63.8879517834804,65.6422648716146,66.8577008476677,64.5398286896817,70.2342472515781,44.3923272973787,60.1885577286443,65.7963377434978,65.0553135338995,67.2464086133041,67.1666726378771,73.8989733447085,65.8584249566763,62.2069990563728,61.6661919667285,64.2718139231391,66.0960332916593,59.2591941894959,53.5810047545547,64.0996387188004,66.383092179763,51.8607723576042,59.7476094966967,68.1940531523765,38.6309486818458,44.3231767158095,69.277601452321,53.414461316932,62.6664164620581,69.3989515380068,67.4660856513189,57.2729000218237,53.3687847690477,63.0053234401416,57.3734691321329,55.854944255867,58.2438548434391,62.8491504263084,58.2939689087646,56.1307837938979,52.9924764134952,66.5305760374411,65.9947545227906,56.7278050964592,67.7823338951957,65.2040119642542,52.2754807272654,69.4178948349417,63.9249977511474,67.9904483608438,68.9696060783807,57.8681106181729,71.9332230278908,67.1494234536816,59.368976875074,61.1492193642106,57.314175688654,68.2015850143031,57.7446697621342,69.9305911668022,65.432335066269,64.7028600253191,67.7625294218837,65.149958292883,70.358032356947,61.1814791510097,64.1619541382815,64.5839477341053,54.4444934587619,66.381051634683
66.8494293551374,55.1027981500039,56.4202553286159,66.1598769196097,55.7109647071862,57.8109242499767,0.0,62.9800010146423,58.9414543939745,65.7394773147444,62.502096269805,60.7919968124665,59.5963113121544,53.0913634847563,60.5719217911623,56.9367194448643,59.9851465836877,57.7180006091537,58.6511009583521,54.8543775532315,50.1624839583426,69.1556897579643,63.4526034582269,69.302966862838,79.5980267515911,73.0348450378871,56.7972490649681,70.0189642840453,55.1849284148784,74.3632963926099,61.4996214533198,74.090935104502,57.6256484192828,60.9539533112845,64.497302439983,52.2331109363803,56.9577717854887,68.1978789000776,70.7537310362068,55.9279889247651,57.6259582983461,74.0916753474793,69.0340379427156,61.0478442479699,70.1474919628382,68.3807025951486,68.1308886691685,62.8251317015042,67.3399224960092,59.8944933670054,61.5123282152039,53.7311744369995,53.5371583499966,63.0097678998677,56.483341908091,61.8902800264218,58.9525472009534,53.185716003498,59.0572666070116,66.9780554729624,65.6986139291437,64.7765763636281,58.0860910865904,60.1084960252524,52.2358011587864,61.6792797388999,47.1482731173364,59.1124454449589,61.1257677492966,62.5599250506121,51.5535014995243,71.4482666613113,63.8251314726824,50.8378366590924,56.9896274935583,67.5537851675928,56.138418487711,71.7700364392831,66.0821527816225,77.6594101498633,61.131818605646,61.9871391770088,75.8536261688467,74.3143919308977,63.8951617805474,65.7017795416555,62.0230093687983,68.3250978672769,55.8937142149261,62.062862513467,70.983818856492,63.3442710451104,66.2700765516072,63.058829866334,70.7369257132842,64.8409546015465,63.7314954823537,62.4428091149026,60.354583178458,62.3514012701146
60.4386547528107,46.0628768454716,52.6326516193253,47.5816983501522,58.8570068841702,68.5303651176395,62.9800010146423,0.0,58.5092812126434,66.7661460625573,71.6659640300605,62.3188394857794,70.2259699115002,65.2293363387009,70.7140982460323,52.4596571633973,68.1212664763246,48.9577542349066,59.3245014993444,47.5869351017245,56.2814177456426,74.0583043776979,58.6666328926005,70.1391888859315,74.6961083118697,68.7538028220513,66.0979973555123,66.9093257946631,65.0658029468529,68.8705041242694,59.5994967866951,74.1867679476383,60.582319619248,52.3125780326208,65.5407623843807,55.8705378646592,65.6315031029388,74.3816081897832,74.7388199821154,68.7225848784722,61.730293666215,67.5309672637372,67.7142208899449,64.3091997177404,62.0267030848899,64.8744575912211,67.8075028419167,63.356905232925,67.6953504957235,67.1187776566711,69.0976589911442,48.3956101103722,52.3523918113703,60.2414252302928,54.576434771638,60.7956736605597,38.7486948746291,47.1045067117932,62.7743773060493,79.9317807553173,70.4954035776166,59.1574499553882,67.5352035430641,58.2652314252239,53.3691654991338,71.211283202687,54.0932073062488,53.9607665731245,62.5062460143951,55.6391918356682,56.4146877145119,67.5664766213233,63.062997290626,60.5864249905477,59.737117747607,68.3902291346286,69.3330871057434,77.6431672544849,66.8958973403014,75.2168652346968,61.8135494779656,57.7302537071166,67.8503872535348,75.3785898177539,69.8395195787796,69.406108750386,69.2083344888389,71.0750819433623,59.0502170502973,67.3185625581033,66.7586926435976,65.5149263569321,67.1817364101624,56.2224940207305,63.386915230712,65.3495372936735,66.780841678614,60.4773768211081,61.3032220961212,70.0902701182306
67.5223123537387,48.4982575704002,42.6640913589984,60.9002527101116,60.5515407835885,36.5962550481671,58.9414543939745,58.5092812126434,0.0,66.963902938183,69.9667931199681,75.4381590758617,65.5751860394463,66.5675569919122,66.1870520979469,58.856636072424,66.4979542017186,52.9711219376007,64.9480688461985,47.0931411346501,57.2625182788647,73.3570403152621,62.4508517636626,69.2780084008144,77.245955309704,74.7966256221532,65.3303861941419,74.3588868435131,54.9557178808566,62.7654451820188,61.8212830691732,68.1803026399736,64.0976756926204,59.5646702980367,72.2094362727949,44.4375146319943,66.5524642681037,71.3699147444079,67.3789865281114,66.5823999928128,58.599858078402,75.4393764823789,68.8742509685528,60.3142572207021,59.2001889637959,62.9755003164803,67.5411032740902,64.6554120340144,57.7674621504282,59.7876180606661,59.5217704865208,47.2172534603811,58.4907634317465,63.3427184945726,36.6458110349836,38.7712806466975,61.0379683845524,38.5901931707966,61.880167855818,74.5676051078574,72.2224316573452,56.0125423047453,48.4019401052699,59.0324809143062,56.3480520648753,67.0331737352654,51.1021206022671,60.3761672592702,58.9345272410245,52.3253405922529,55.1164845761202,68.6979572110203,66.5071099968682,57.7607989566959,72.9320312232276,72.4805742833401,60.4744057380294,78.7696413466581,60.7846629787718,67.5292707986959,72.8151229650523,56.5007107708956,67.1773535319286,72.261537683685,59.5421350652124,62.616840545182,67.4044184169267,71.7081832826299,50.1978761298162,66.6367113158585,68.2925065527687,58.2889823548337,64.320059970575,62.7213217232814,66.7307369177463,58.0968877828293,70.0017026679838,60.1939138318862,52.8976154158718,62.7981222894346
62.9960286430715,62.197687448394,72.2510068948312,68.1210937729852,57.0840614349887,66.4059220453964,65.7394773147444,66.7661460625573,66.963902938183,0.0,60.4364689597842,51.5081499225707,59.6928421971436,57.5787813506352,62.7918295524146,60.4955435752037,71.4665225872372,67.3413044763994,72.7170880004448,65.9219952134835,60.2358469696086,60.0861199047902,66.0321476154129,59.2613594374698,74.2830317368272,58.0779605121846,69.6615151896355,67.0761287689675,61.4245378999663,67.4998067922963,68.4856533889034,68.8887395270317,63.8939748532343,65.2899350310987,56.459186134252,63.9877908499623,58.5595976911762,66.7548234855317,66.9131811054547,66.9322502239705,70.604361495356,63.0206776755937,58.4237657171105,66.1656864706727,69.7106140874474,65.5631750374078,65.4885231858071,60.6793548282857,59.4266525749571,72.621553738957,68.0282128906463,73.1516401935695,60.7105435616898,67.7172744079505,65.5499879993472,66.8774954988931,66.1028451843553,66.5878836442611,52.0876107700228,61.6088497873194,61.3003628714918,66.1453371758277,67.01428312229,64.3234106136446,64.2906620055377,65.257492206918,56.7375645084072,68.4624149271125,66.0713558242012,69.0294916093915,65.8976297044809,64.3349172019737,67.0996790539742,67.9215712135288,55.8845984495807,65.3993304040777,61.162406859932,68.2350053591983,64.5805469320806,73.5365819134059,62.5371234901229,67.8860408407835,73.36127497791,68.33887294922,61.2787013382081,65.6139629022034,64.7809518259423,63.6290235251851,67.5051294859381,75.5118893193317,77.5613340864884,67.5439607719468,74.1807183866473,66.4985329617886,75.3737871268031,67.2528454626895,67.95673469821,65.3126512985972,66.6728489259691,76.4246116931008
63.3672776916224,71.5890761666237,69.351212042749,64.7661113877157,60.2062294840169,63.098249266412,62.502096269805,71.6659640300605,69.9667931199681,60.4364689597842,0.0,57.6770269731167,59.3392262882564,63.6386969344335,59.5276232960385,63.366599407863,68.563011878154,68.4070231471902,71.95955634069,60.5947574300368,66.9831909315646,69.2807117997033,57.057208504825,62.0940908593063,65.5299068632529,59.2676263617292,67.1195804685527,63.4507308204003,62.4984359803107,70.3320573872692,62.4507784343662,72.6872902814866,66.9904463755742,69.0869782039604,58.5467016436954,63.9854125845089,62.5497722338554,68.7065811993152,67.1921011934511,60.6575411001647,68.6338852423599,65.0804891648369,67.11546436672,60.8094720853803,65.3014674151528,60.5621908141658,61.9045580506568,57.1275202839738,63.5072577518755,71.8912767425936,67.9207016382651,71.5855185532909,68.6550993666564,64.5536704121398,68.5589756954889,73.7925959928753,71.6306877388116,72.6601426103012,54.0423256662786,59.2886847697429,65.8564731874302,59.1322267600178,64.49440059243,65.8112277661371,65.9616746185014,61.7949161655358,66.5458397385653,67.3612744101885,65.4914471606777,70.9208545310713,66.9134763808865,65.3933796719336,64.716578737174,71.155757918225,66.7157502859103,60.7864416553949,49.6280623937178,66.1345045410538,64.8260293577098,77.9354129441499,65.959113148618,65.9742111092722,69.8512944707885,66.7811619872229,62.289413139816,61.5102207202802,63.2466865522845,60.8484773370655,66.675011020863,73.1914724424959,70.2927082251201,66.7265410252713,68.1079656405248,68.1918797523141,65.5075714434059,68.9407889710472,65.4936720896452,59.576062152209,64.4338945367266,75.027195462319
67.3810387791769,62.3449344933519,71.4174302160665,66.4188805962194,61.1258327155199,68.5859672080002,60.7919968124665,62.3188394857794,75.4381590758617,51.5081499225707,57.6770269731167,0.0,55.4352765318057,54.8267528057302,64.6554870873616,63.5766194667968,69.9499285422358,64.2528326901781,75.1145387697212,62.7583832141602,62.4153242705849,62.1625606287948,65.365629202042,67.1588293142258,69.0040541160618,59.8034017781094,72.1553110136952,69.2481320619664,62.6053801903031,73.054697852377,61.7952581283977,72.1953046933695,63.6221923622107,70.288501495982,55.649004588032,65.0073434274272,67.9189358776531,74.93235289158,73.4791525345764,64.0608224853208,63.8831056245173,68.0683442378605,65.4655928173487,68.8665058411635,69.285472117586,74.9410193202629,62.0046358568058,66.6354765398297,69.8004041080237,69.0420602228675,78.831777592369,62.1479297965692,62.784718695964,58.7243602511471,65.026553642328,74.7201279951713,60.2892452219438,64.5209474791715,49.8521995872958,58.6566835931275,50.5111983983308,58.1916520654993,67.0830297897668,58.9859879778978,56.8709335443597,64.9167827436262,64.5607248646944,65.3507478539091,68.0423897363351,67.246880425992,62.6505143334043,61.3803476939743,66.4722496420272,67.9606608391277,59.2590640757441,61.1846821060662,60.3366345670686,64.0996937485897,71.1111572740341,76.2311498173833,62.2450083414193,75.3048992537042,64.6917510618998,67.7266924651199,67.3243923128715,67.9717769926217,67.5713422155529,61.8677778021029,69.5807937277506,73.3280312297311,75.661455440748,73.245480673765,76.6754432959083,64.00456570762,64.6598251959102,72.6068600837944,73.5259467435948,66.9161746733248,68.2109981501796,75.0006887610693
62.404791803736,64.2753613383072,61.1093118489979,61.0386243392567,61.6367472351127,61.4378664058856,59.5963113121544,70.2259699115002,65.5751860394463,59.6928421971436,59.3392262882564,55.4352765318057,0.0,50.1851352809906,59.5256196103021,63.4345526407015,66.6252123784178,66.5294275079008,63.6282510698345,64.0035656715641,56.7676195903627,62.8043351695356,62.4555649335451,64.9520825676942,71.0652444619478,65.0477631224456,61.5919753379949,66.6184730361175,56.4428673140963,66.1145326323087,68.4132889104715,62.6707819738035,67.2875302067318,68.2739974137075,57.268698930912,59.0002005704225,55.6054160181734,73.5029411850987,66.2953908385917,57.8523069715346,64.3912323224463,63.2580625632412,60.1532329137217,58.7363745296969,64.3740069666344,63.2659223035942,60.0074737456618,50.3455416707925,62.2758098604264,67.7148336380084,70.8714380827628,65.6028667516872,53.2018799881068,54.3953360350767,60.254796829919,66.7261417038079,66.55354087936,67.1881686336353,58.1253894984758,61.9034365547555,52.7828707855338,44.8734145912574,51.6676941847851,58.8862702789929,60.2205860511432,60.7348109671515,60.7633976400825,64.7499008465754,64.2495794334992,70.7016910764376,58.5258158455748,63.3663607929814,61.4745868714012,65.2814701143855,53.4610478286709,58.3289099620564,60.8915572392391,69.4728245936194,63.5562634952222,73.0781634942664,57.534952526795,67.481576577469,72.4344705236043,64.9757624985014,64.8224458645992,57.941132086538,59.0494046240792,64.6811520371738,61.2560833667256,72.9869879969177,63.8947650305728,59.0604577472091,67.346439346637,65.7510882029619,67.078077500542,65.5718106398479,67.0491081292675,63.1887868696147,63.484661572135,71.4644451409632
61.0651814927283,61.4461359948059,68.1477724848557,60.1143503582084,52.8707037612785,61.2223811647928,53.0913634847563,65.2293363387009,66.5675569919122,57.5787813506352,63.6386969344335,54.8267528057302,50.1851352809906,0.0,47.430788799687,57.4530145714136,66.527487970771,61.6603528672595,57.9852124395608,60.2444333724278,48.5938284750497,60.9205763741027,58.3661388296406,64.0571276044632,70.2545521692494,65.4169132022382,62.3991905981272,65.9796534695742,43.4630718818394,69.5444698724008,62.6804492368493,73.5297331141693,62.8649862097292,67.6304599220371,60.4573456347445,58.8142570061212,61.1682674458993,67.8096328372639,68.8081814883463,57.4246734140898,64.2462099784299,66.2492324274398,58.0230545748824,54.0704397138155,61.8683704495077,65.1283768056635,66.4495965184051,62.6801275626809,64.2547733227375,69.9880951210164,72.6242785360829,63.0055379607741,55.4696676149475,57.3845138990422,57.7507708574453,70.2202658583077,67.5524547653646,62.1180555942078,59.0402417101196,66.3054814598595,61.0650464299834,52.9693449002244,58.7701400617842,56.4917566619166,53.8202252326682,53.5222035427826,57.8829124174266,63.5270440540067,59.3921082099777,66.1341327646044,54.2645167953917,59.9443902164981,66.6606594271135,62.335780210686,57.5559197464311,63.0011192393364,54.3827305039824,70.1387307946996,69.777524025146,73.1790330622179,60.276125188386,61.2236731479244,70.3862578639789,65.6027340152903,59.7388178928915,59.5764529393498,56.4736321779441,65.6183193794507,66.7002613907324,68.5456033276764,69.8953529660523,61.6226250689986,66.9270219293089,66.5435101674822,69.2264919787231,65.1082628147755,67.2521302630263,64.4300097942581,63.7357629945363,74.7673684210835
64.3396637996561,68.6046620344439,65.4661142313931,67.4077428217348,57.318684883639,59.0998228325971,60.5719217911623,70.7140982460323,66.1870520979469,62.7918295524146,59.5276232960385,64.6554870873616,59.5256196103021,47.430788799687,0.0,67.1894971006271,71.975643955018,67.168994985099,68.0678004299789,64.022516272774,51.873348801786,63.7233431693351,59.69419426779,64.0593865688003,69.4660999736901,67.125749757575,65.3954376257678,65.7771927966092,41.5211651930404,70.4770816661615,62.887344755236,70.3875581507064,60.8502714760194,66.093199710904,66.8362994978577,68.6213370025939,67.6598276593808,68.5637857202987,68.2045417504818,60.9861887479529,69.1304871993091,65.1010189707734,64.6157945059688,53.0624003270446,59.7199771556965,62.5105253717549,64.6716023374073,67.9509986925057,54.8577172231748,72.5967550634642,73.4685103140097,65.5193597214427,62.2661909870911,62.2548993543932,60.9446639686196,67.4439794587492,71.3959482566705,76.6414669588696,57.9182179780751,68.236068348287,64.5326456418752,61.7761322367709,62.2911976902721,54.0587270851633,55.3734347736684,36.673468294843,59.8440137613697,63.5289618876723,63.6763338342994,63.8586231962353,57.3542040410991,67.1399528162923,57.7925891928866,70.2217382142011,59.0773001349345,68.2501882914218,41.6918738467333,63.5449531814181,60.1096243836145,67.3201957097271,63.8439412607159,69.6141168863083,67.3103603661627,64.996215810247,62.220139501824,60.0384339850029,56.2549723812844,63.4005624830314,67.1510311804262,71.1573038159741,69.3451538246501,67.8150398500513,67.0398406193417,58.1057738057359,69.5254032135074,54.9435503401188,61.2518425297591,61.5643311133755,65.4545302230327,77.1025275164075
63.2732955916639,51.23549087367,57.4886576659805,56.728139966426,59.7055692258196,57.5242769845309,56.9367194448643,52.4596571633973,58.856636072424,60.4955435752037,63.366599407863,63.5766194667968,63.4345526407015,57.4530145714136,67.1894971006271,0.0,56.2698779582091,39.8392751022124,56.5449561194959,52.1834412340113,57.8866344932232,58.2796857857779,60.911396899896,63.9341100118759,74.5913902677559,69.4532147787946,67.1008444385071,68.7409371305503,64.7116414663407,72.4152426480612,64.6712223324472,67.7004199552682,51.4086952407337,43.1185609540785,70.3411699757686,56.3445573962671,69.4544806370929,68.5557440046784,67.9436382317532,59.4938570191913,61.0456046917986,73.8332628001819,69.373820202337,62.9759774438596,74.6638115831292,65.7595424488367,73.2645359898638,70.5371512351399,65.9785198304818,72.5219917207369,70.163275099568,52.9503715486242,56.224474215139,62.8172505385367,59.2808083966302,61.8579493516547,54.5550230367365,59.275203402025,58.5561279129959,76.3239330364006,71.1960898308572,66.6557121752798,70.108319444286,59.9982220080546,57.9062255040424,67.2225700882623,60.1473101304647,46.7788121695683,47.1922053644475,44.7942117930274,51.5503095162405,63.692181254741,67.440691130467,54.6584506797824,56.7989995785308,69.1826402984874,58.8086015627859,71.0542568100285,62.2557510682537,69.9234298360213,55.9262731951516,54.3930796421749,69.294636699481,65.4069691280687,64.2567846494747,67.4593536871996,67.4378141424913,69.2789974225275,56.2017612117333,69.6835419501832,74.2350186598459,71.6346548961531,66.0689671278112,60.2069043992503,67.4960903429678,63.7790623724593,64.7326745194296,65.8501985671445,64.0224190492038,73.4396552601051
68.0788297018868,62.1571686766932,60.116745219166,66.4376124708595,68.3733077008089,63.5659204078944,59.9851465836877,68.1212664763246,66.4979542017186,71.4665225872372,68.563011878154,69.9499285422358,66.6252123784178,66.527487970771,71.975643955018,56.2698779582091,0.0,58.4508511187605,47.5229644741483,62.7152995078464,65.9693614116773,60.8764951795765,57.2949169996148,72.343296473677,81.70584360877,65.6202808854792,70.9724207106999,72.1873210493142,61.1642198935011,75.1723439240927,63.7556073418335,76.1730164705113,59.407204784769,54.482022277934,64.1788835318118,64.1098528965132,68.9701996814309,70.6798947911612,69.6230677504153,59.5044339552799,59.5092199245953,77.7120117368154,70.8203415349849,66.404147525682,69.1274325246069,77.2145756549878,72.1473106121252,67.4441668980317,68.1795505672127,70.0572663011962,70.8556901689421,63.940529689166,67.078408046705,68.2081277173834,63.9503993961364,67.0618802766592,73.8364519010681,66.2539570386409,72.1187414394502,81.1302849791548,71.6214733013981,69.5062960480935,69.0029144712562,66.8773990794202,65.4293959451758,70.9943341877636,63.0475033221001,58.2909116693392,57.2519072751097,64.9556993705286,68.2842419637228,78.2119065397027,70.8700965053677,66.0476007695599,64.3367510633638,72.9743981334918,69.0726712081868,77.6614512375387,72.3021210773139,81.6552860820052,70.7272855559606,58.3854390558326,76.4080793828715,74.3609264696149,70.6564267742327,68.510865457852,62.6144125731826,67.3301949859375,58.4259397590884,67.6482527497747,79.4909155508651,69.1161249569873,73.0989133705659,69.6556621535929,66.5033456623357,68.5831145743367,75.327028543266,71.0045649036316,64.6197423011312,71.0049788027392
64.9836833685312,52.9744115602045,50.1669811276486,54.540177761195,54.7478766119315,60.1629410039504,57.7180006091537,48.9577542349066,52.9711219376007,67.3413044763994,68.4070231471902,64.2528326901781,66.5294275079008,61.6603528672595,67.168994985099,39.8392751022124,58.4508511187605,0.0,52.6348843729173,46.3504722378949,57.6834537853271,59.4755204218712,57.5578346370014,68.4613242393817,71.0048258437242,70.1558019204819,63.5546440883938,66.3651489289298,66.3027168807149,72.7376376444692,64.1359240828312,69.5739780232281,58.2023780357141,32.8607440172026,67.619942896032,55.4460154964463,66.9203707826842,67.8691969152551,67.7652787045125,58.4387317144249,58.478188902974,68.8815164981057,70.2801453539417,57.6722899713896,69.2671597964413,65.2959478385946,63.5090202702492,69.6159630379937,58.8854487155589,68.6216783521258,72.8939638087461,49.4785604342634,55.6381548021339,62.6134203594623,52.3501890324885,61.6131545765291,45.4246492210518,53.2546765813878,62.3312047887993,80.1368354608457,67.350020852212,64.0022089699936,61.2242355041785,50.5325411437562,53.2444613467265,68.1980655488798,59.5320765546277,44.4745099690513,39.3521295071181,35.184578626785,53.886937791938,71.2561451181449,62.1277774410291,58.6094813901494,59.3875943106393,70.5503094598075,59.164015990301,74.7875841822021,61.7227138724015,73.4647552941961,56.730446367152,44.5105534780344,70.7235325584724,68.8750432515845,64.285537949643,67.7647890658521,65.9374183928644,65.9955219291881,53.561936984874,64.2536485576744,70.5494040978943,68.3970689640891,68.8514301100632,57.9561531907894,71.8376473769564,61.9830466549697,64.5009367833896,66.5848395701848,58.8078612799978,67.7714136063374
68.3542157478173,63.8597409915038,61.3894024992325,62.124736497555,64.8384337710362,61.8034204807048,58.6511009583521,59.3245014993444,64.9480688461985,72.7170880004448,71.95955634069,75.1145387697212,63.6282510698345,57.9852124395608,68.0678004299789,56.5449561194959,47.5229644741483,52.6348843729173,0.0,61.4608555054444,61.5780192092014,67.5392114488967,60.5517187790505,72.0291887820102,79.1325570185421,68.8002966467782,64.5423659140981,72.6173450281081,63.1094829238309,72.5880936202965,65.7628129834897,73.2647968980641,66.4502402943729,47.3493608959818,68.2850339772852,56.5632639545234,69.2700246473202,67.894031834225,67.6843817560207,55.7623266266026,62.0107332257719,71.8676233155469,67.5454386575842,61.7863926024068,65.4014209377707,70.5331954142089,69.3815934168394,71.6732668257072,66.6557844580696,62.3361215440654,68.7933086146722,57.1631183083522,60.526987462501,68.7339159631993,65.6767061995598,67.0431448413582,64.2180670522098,64.3845634206363,72.6765654754054,79.7561332396074,74.7666346086075,65.5511325700036,66.1127456536376,60.1180955110776,60.0386758686994,67.2788105060651,59.8457265686194,46.4968438165301,54.4705473685345,63.9278762078682,63.1512818068604,72.5037425107106,68.355292371205,60.1991963843903,63.8750604812508,70.8376086430094,69.4909833246023,80.6224452980579,72.7749314092223,75.3419637518666,67.3495808274193,55.3852048121033,76.0257141206903,69.9626514713674,68.795128995486,64.3097422602972,62.5135916491172,69.2985762961869,65.0746976795016,69.5579864036538,68.2959020918131,66.0536183703339,66.1132270743972,62.787750791779,67.7645718712431,67.0202852172427,71.5044761649692,62.962094072952,68.2462806329755,67.2906939273513
67.6062381760919,46.80577168335,53.6103862875982,55.8377787434675,62.2257741594376,57.0718983517778,54.8543775532315,47.5869351017245,47.0931411346501,65.9219952134835,60.5947574300368,62.7583832141602,64.0035656715641,60.2444333724278,64.022516272774,52.1834412340113,62.7152995078464,46.3504722378949,61.4608555054444,0.0,52.6462049342054,68.7840953171666,60.1007451663952,62.551980834617,72.5255803587866,67.9334123928636,66.598960240149,68.0176950343529,56.647803028442,68.7189456968692,59.0775224069925,67.60497528309,53.6351366043467,58.0331461390372,65.0906078383303,43.9994857557277,68.9087414884824,64.6959337188953,66.2504744966035,61.7844497383461,59.3370893494731,79.5918532947674,69.5562526639513,62.6606713055196,60.8455751665219,64.1316219212422,66.3727637265706,63.9826749442995,62.0398847995118,61.2198359707687,68.5748102992431,48.6208340697622,48.0076791141557,59.5057395962984,44.6703383081628,52.0659529978077,53.6248973382407,42.3533374125026,64.9001878393247,72.5337283317424,67.4268930588254,57.7327647553534,56.3530322191959,54.0149842128662,50.486184494361,64.4666475769261,52.0790024335233,52.8112506702251,57.8190276528768,49.395111922966,45.3505291179505,65.6635871867773,60.6074936408917,54.1312519765913,55.1447782432951,64.3388261986325,62.5292181101619,72.6979119848214,61.9179678858625,69.1203384410751,62.9377577066744,56.6933068593303,64.8345860892386,64.0834126886583,63.7090297900479,64.1924314577073,64.1225676812868,67.3648410885525,48.2864361857584,68.1463110514895,66.3990720004442,62.4080181551872,71.9680463452912,60.5253064295564,66.2361216739366,61.7356391381119,62.051955330932,63.0708759418189,55.3342085220015,65.8810022625387
61.228579932674,56.272734143302,58.4566527874394,58.7631736131381,63.9483138944966,56.1650054167283,50.1624839583426,56.2814177456426,57.2625182788647,60.2358469696086,66.9831909315646,62.4153242705849,56.7676195903627,48.5938284750497,51.873348801786,57.8866344932232,65.9693614116773,57.6834537853271,61.5780192092014,52.6462049342054,0.0,64.4239846289699,61.9175188890951,65.3133723177273,66.9201821387754,67.080753807608,61.5370366401034,69.9253190180965,49.5776590966847,69.5156641267706,59.8807432478857,65.7235790211597,52.0273831719078,61.9194623257977,64.1553079951275,63.468986219924,60.0004645594396,61.5342581051748,67.6187662700938,63.1488964794209,60.5168200546439,69.9579070785651,65.2919886975617,61.705579346904,62.2416266741247,65.9020084259206,62.3831917403397,60.847863429374,57.093444840875,61.929692971176,70.4026150337359,57.7923018801081,53.5434496751197,60.4469284082468,55.0139879777149,61.6009687538504,64.806070371836,55.7936516899813,62.9658068477818,73.717585403312,60.1286804288637,56.8659374133343,55.1420212740295,59.7714547457642,50.3147067722493,55.1750096245282,51.0031465963466,60.9900014275024,57.4522778947261,57.096462864597,34.0936790471491,64.5059617242724,66.0785140621181,61.5881642543122,48.9681953634837,65.7980720373317,51.1530178543669,72.6114950901902,60.9415665160541,69.3581142536792,57.5617227081852,61.6681178166822,65.0930428998091,64.4489157723286,63.1599994890897,60.0315208031786,57.3996951134474,68.4594275484483,67.4216884191758,65.713700190204,63.2235591732433,66.0871654009142,67.2130627428254,54.931479600563,60.8496435197054,59.8803690483245,64.7164092367197,58.7729100953926,58.1639846861842,65.6770849897455
67.3180110674904,64.186337274058,73.47968952423,72.348933084321,63.4269047344595,68.1289839697304,69.1556897579643,74.0583043776979,73.3570403152621,60.0861199047902,69.2807117997033,62.1625606287948,62.8043351695356,60.9205763741027,63.7233431693351,58.2796857857779,60.8764951795765,59.4755204218712,67.5392114488967,68.7840953171666,64.4239846289699,0.0,62.2028578609756,69.1286890447788,69.7081186334164,65.9085290707174,74.0671985716435,68.2087654542832,58.7042010281717,73.2604104113633,71.6327297422754,75.9278487888138,66.2435376683277,61.754704326727,67.8811861710688,66.3890131784855,65.2150394395425,71.3285352311706,75.2496895162189,62.7235281013767,71.6159136341316,66.1362907348075,71.0191295253388,67.6696477405082,72.8145985848211,73.900389190577,68.6598758153508,66.2783982414981,71.1512222968263,77.2576287587631,80.837388407146,70.8882363203242,69.3230119871605,71.4205703506211,65.1641903730283,73.8899414806574,71.8688420641005,74.7021332289496,62.3732308874414,76.993474000275,64.4184520786091,62.2936503926362,69.5093811154033,61.4169169648718,68.7596848387592,67.2535034510112,68.8140572490855,70.231021503582,69.2866402497953,65.3749266117398,66.3033774327056,64.3459202003331,72.8465374742725,75.4891326771218,63.8213947838555,69.8802556008716,63.960442543204,66.973234148164,69.2140776748941,76.2806036307703,60.8518870875364,62.0891575584592,75.8472605690817,65.4687841309882,65.3775737984702,70.2957842130984,66.6448979135169,65.7782386212641,69.2451913463613,73.1380214951699,71.8936375819973,73.6527046940005,73.013953792489,70.2065560820616,73.8609647857208,77.872167618676,67.0011292864928,71.6543612087826,70.812846773573,80.5018952611854
59.4552854737521,67.911820339132,64.5994017645667,58.2094551236873,62.5611695656316,57.7240588998306,63.4526034582269,58.6666328926005,62.4508517636626,66.0321476154129,57.057208504825,65.365629202042,62.4555649335451,58.3661388296406,59.69419426779,60.911396899896,57.2949169996148,57.5578346370014,60.5517187790505,60.1007451663952,61.9175188890951,62.2028578609756,0.0,59.3766232098284,69.6205391151807,65.9943940895948,59.6780685652945,57.0836993883911,61.15544733627,58.4358066500775,61.7187261917014,68.9769549064536,64.9839055059297,59.3305287174274,59.8949327652053,59.6835006056548,63.1264409951828,67.5702182765105,64.5924546731588,66.6459799475778,65.6670865740106,60.6981341340651,67.5127140600759,65.2662568958935,61.0736716014736,60.9521811314378,63.1979869500001,54.4684121312149,60.3383187944985,68.6747098012606,67.1205048529657,65.6607429888026,63.865723988713,63.6911272298347,58.2319068034823,65.6329674451245,62.9278245521935,62.9935848083645,64.2565577884351,72.4107359027671,65.196631121093,57.3418981942876,57.6302594081256,64.0709390194946,54.3579776561233,61.048695685999,57.5088907813451,55.7909907452277,55.3801273689517,63.3717005822931,58.045863340168,60.7116195464989,51.6921244811135,59.9374224309983,64.160798288416,63.5283668009427,56.2602977792236,70.308014068115,64.6311939596467,72.4805881942277,62.504040536254,52.1544581918347,65.712950977785,55.8408770298964,58.9102389368353,53.7097847780246,59.1411196852949,58.6951364358069,60.0359641552335,65.3566652973632,67.4362007706259,59.0493721214072,69.0991805547391,59.5363194763829,68.5660126351139,62.7824661536234,57.061613048025,48.5926141142679,55.5766569254675,70.3132897232532
