0,1,2,3,4,5,6,7,8,9,10,11,12,13,14,15,16,17,18,19,20,21,22,23,24,25,26,27,28,29,30,31,32,33,34,35,36,37,38,39,40,41,42,43,44,45,46,47,48,49,50,51,52,53,54,55,56,57,58,59,60,61,62,63,64,65,66,67,68,69,70,71,72,73,74,75,76,77,78,79,80,81,82,83,84,85,86,87,88,89,90,91,92,93,94,95,96,97,98,99
0.0,99.2165841029935,97.9768857221993,93.8176084758889,88.0948480880384,93.2387483068001,92.6243492155107,95.904667364752,95.0555969230846,103.261733411621,98.0912373584083,98.097457294578,98.1291787017304,102.193823959771,102.667602843047,87.1258771407656,88.0930257404301,91.7639782630261,95.6829671637982,89.7781117391758,98.1867211033701,94.7079958345424,98.7618876250304,91.5027770702449,95.9392192381051,97.603111146438,86.5712890997202,89.1369799360719,95.9555909776805,94.2947620007745,98.0928936430681,93.5563193877419,93.7585315093619,97.8956190514683,90.1720473719639,91.6603124833023,92.7145270212356,94.1627811814915,94.8523091424316,91.6776398301453,90.1092637329173,92.5226316488538,87.8957684328174,94.6742052035486,92.3337547680002,96.8209430637857,96.3907124719534,96.3945829248755,101.745318964677,89.6264693701153,91.7549249352005,92.5696331361527,92.2465255721499,91.0457876709961,91.1692143309666,90.2534798659756,93.344914343645,90.869081139141,107.049790168302,103.983910471372,97.6090861343734,106.341356532297,100.836448469138,102.794750931631,100.871275056042,99.109542024539,90.8413244263619,101.078093582362,94.5743420199217,99.800866939007,93.5517760008908,97.6986518953743,88.6339340271785,86.1304334821572,99.4850778157199,92.0217050839003,92.3973166712304,95.5776467900273,98.546720994499,93.180347935105,93.635003724048,96.283159461616,92.6845472427693,88.71569559887,97.4884980860883,90.7504563505411,94.5209085789515,98.1685343154242,95.9504278947452,95.8474776604556,85.450920245218,93.6263839849947,92.2321748333728,85.9848920851985,87.2068689244347,96.4231246589172,94.5673890451149,100.908679554047,89.0171601033242,91.0757826152169
99.2165841029935,0.0,85.8284443915566,86.2613834033228,93.5308407958501,99.0611178225297,103.352370325596,79.6970690077722,108.042589834739,105.482899576095,100.26356244776,98.4143861538774,108.900039249334,105.438712940711,99.1435407689394,93.8002781365951,93.3775926822828,94.1945415100185,92.90846152466,98.002669208517,104.710454150781,98.4150516959527,101.750795039365,91.3261534747086,108.168929659688,92.11785855762,89.3783043933739,97.8093725515387,104.78101303587,95.9488013313459,104.064877870348,95.2120532632623,101.800959571133,94.8131872925822,93.6864225217907,94.1220283298783,95.7386575619903,100.891185782087,97.8612809945823,90.4718185097188,94.3548112702225,100.291100928204,95.5992017590094,101.735406814453,101.285927182662,101.129482637346,97.6450027651393,104.532680608646,112.300111800407,101.043280873564,101.700096015867,83.7615390181458,94.1720750406309,70.5238440615752,104.281450966642,98.2719742828543,81.9032865992571,99.8555884346896,106.076912164505,110.599644384735,103.339954563674,103.552942598102,102.116317182191,106.726182615314,101.857487716348,102.549962983538,94.0872090136516,107.250733940752,103.721610590893,99.6991242209549,91.3555206363584,107.27013891708,92.2122476320277,90.8768874044333,96.4629267275935,101.083759403488,97.6124099089175,90.2519146803448,108.837775076753,96.5954343362147,99.8826244699207,104.220502148033,97.0394188418092,100.183813036142,98.0591129264079,95.747585664601,106.317815425284,108.28218899341,101.594758694622,97.1531279025544,100.145716167541,105.246250595165,95.9743213306979,107.422794495203,94.9721935172796,105.346768902853,95.4942095701877,102.362804912893,100.766680720756,95.4831524469425
97.9768857221993,85.8284443915566,0.0,95.1453547983283,88.2356491017552,86.7367819842029,92.1876847917304,83.7202184977912,98.3218654284971,105.508347151935,93.1194331576497,102.265865253682,97.3057953102154,105.27233935306,107.956754501781,97.7775169271391,89.0466438971624,98.9958474606356,101.091173152004,94.275325502056,99.4343513159629,107.553341731303,98.7709126036775,92.2062959880717,100.374043199863,97.3543490127512,94.6924796158695,93.1489801445784,101.385708044413,99.2829294726169,105.359084776569,92.9011567138857,104.464786617159,96.6717529501627,100.774388800767,99.6261724894654,96.2493669032914,94.3152828450119,99.5016537177762,93.6007987021917,103.17045768177,94.7102985995479,92.9766513260962,98.6238650725357,95.9136028846587,102.34846528461,97.739808917607,98.6533844600698,99.8646904434629,96.3537410291367,105.895962941425,93.3132570891497,101.755927006531,95.9031275503296,85.7187417051663,98.8451757569298,87.8547982081324,88.6502546570376,99.2603861008689,102.975107840935,92.0403726324563,99.6263977698028,105.521589422911,100.667794637493,101.71958204589,107.47708844415,91.6304821011857,100.329165184206,104.038276977856,90.5491780961131,93.9494230422194,107.103764206792,88.7226562697429,99.7690997158224,96.7783792083404,97.5471183832266,96.4231221459969,97.53169625886,104.366936762116,95.9295438316589,96.7064811273014,93.0924267726307,92.9853030283642,96.7684639712726,96.7679724784736,95.7231766957818,99.4149308991208,96.6371234993501,97.7118050849816,95.9350104983355,98.6318618449643,102.750818977457,99.0323823559037,94.9254085815868,100.222311283149,97.0044906971087,96.5587439642684,92.2058569363032,89.9868857044533,89.2163669901895
93.8176084758889,86.2613834033228,95.1453547983283,0.0,89.1529946711497,97.3629416738494,105.616210136619,95.4613040560015,102.010909502742,99.3632049851998,100.289284125622,100.232776913304,101.386205022515,95.8746837232294,101.038350106273,79.7232492693137,94.6948649907716,101.096007843354,111.476184600731,90.6731704539501,93.7802463612371,96.0660576008852,100.910996099755,95.5937431020733,109.609711465314,94.6985251983099,87.1401407863195,99.4655946219074,102.305268235072,101.046239384528,102.99785978087,94.75152935888,97.7089955138689,101.356346159798,92.2838436271176,92.6124355595811,101.694964775958,101.216572797579,98.7973564834818,94.9528555418117,91.0801876661471,92.686515148496,95.6591587279456,101.799533136655,96.801755412579,101.75672032324,95.3204226499076,99.5972862806299,101.951792424308,101.588079464602,97.5000120162838,88.0194872468901,84.5294452725433,69.6351678289285,93.0010528257206,98.8485448746899,82.8093352890095,99.6924840442301,98.9552273233977,107.660695418284,94.5700808281365,103.148261283928,99.7081189220361,100.374580504535,95.5823934721912,99.5238014769798,86.3125627165844,101.335053677408,99.0836759374758,97.415494518357,85.6034213357648,108.739875884059,93.1766289150638,85.516110618212,96.4225273873136,97.4915214763427,92.6061057574577,92.3315384714541,99.6680490087676,91.7339706891326,96.7335253207831,102.15227140701,102.599857131194,89.6819306314025,100.110502132739,91.6588817273081,94.2586076118563,101.297541382687,100.752020916489,89.8657140276842,106.054430506468,101.366687685201,97.0427933540269,106.065533723527,95.8373250366079,108.563014094936,101.257367161824,100.613666601378,93.5028054439832,96.3867312212684
88.0948480880384,93.5308407958501,88.2356491017552,89.1529946711497,0.0,95.8397188204944,92.319495549157,95.8480384912163,97.2029585701622,100.238164834115,95.878821962826,95.7074785091214,91.3828814593571,92.0625435156911,99.6306525268169,93.8219404521437,96.4991094063409,86.6302489522805,95.0245098114682,92.5994069048696,88.6760496092623,91.461578922859,92.3572763836549,87.638948291202,96.0080103204822,91.0340586562819,94.8610000677699,93.713801022655,99.300454197994,92.0358955364483,102.266664738804,90.9725266515746,98.6610099593368,97.7019363605621,85.203361100505,89.2526556579862,94.4714041609802,93.2021028901886,94.3804830969453,88.4974977129313,90.8466272943424,96.1053483438364,86.9679873610315,95.4553948007893,94.1734729124639,93.074768880602,93.9589014033558,100.436390705706,101.892864850491,99.7682814945078,96.8326561904574,94.0429698661783,97.6608012635007,72.1570264944674,94.1087572081097,93.6883639943516,99.3436114502414,98.1385423218337,94.2167237187967,99.8778580863388,85.8445790153236,98.274122444426,83.4558263185441,92.600075205084,87.8075956218256,93.6370569227152,87.8429800945295,95.3493805625073,94.7088779028833,98.2949099808076,93.6548270625378,96.3271529314992,86.9824321185086,89.582024096414,94.5863468597653,91.3625290280473,93.474343185729,97.0684151819639,95.2051108966779,84.9572170296862,91.9456144134156,98.4953581030537,89.1892140699729,96.2066585024541,98.6671535116045,91.4329770381392,90.5400946199438,90.3563195479698,103.710103360135,102.927159708261,97.1302747777782,94.6629337054157,93.5787779998119,98.847906550225,94.6881649623496,94.0783892676459,95.9759004881377,97.5032175493783,94.6521050731356,103.716897494608
93.2387483068001,99.0611178225297,86.7367819842029,97.3629416738494,95.8397188204944,0.0,99.6867465955488,91.8192808877768,87.2450956780385,106.574317855983,97.2052550437658,103.089515760417,99.9259629499572,101.451766257638,103.14592120197,99.4812492620484,91.1380279083106,94.1071715573067,99.1148536340213,96.5078472539382,96.1023635177943,98.3669068144209,101.213537803136,88.6550917141391,106.816440035554,88.1612700471075,94.1665620576976,93.0514442419422,97.4353468108534,97.5299308174379,100.700629149464,90.99564068019,94.8579430283362,91.8786782804707,92.194978133646,96.4476627738071,100.104458022179,95.7267146174543,94.3562635215202,97.1875958445358,101.939129639678,90.9828778403617,97.4146668908569,97.4264329221915,105.106686899299,106.916545603484,97.7157802486097,99.7010486901245,106.640144115211,100.780156030294,100.142497652037,99.811746761156,103.180290847586,99.3422335759668,78.4536034534542,93.6792436158763,103.353342603047,80.61696350345,105.393905023362,99.0635255540201,96.5430208660383,107.081415284272,100.400256197652,96.0219320833355,92.1268810568135,105.365005179671,98.111812890733,101.916418715754,90.4720066052134,83.6757607983728,95.7576870413267,104.547366206636,94.9014114538623,101.051485657042,87.9796849286216,98.7252378106148,93.8916541383884,90.5000554965587,95.4374205168927,95.3670084904998,94.2105159929321,98.6641011484509,90.2306021786342,92.3621517061853,93.399266743603,89.1853356174624,94.8857837358259,91.7732760413598,98.7797230443226,101.95848372371,91.1213135501934,93.4747937183321,92.5891704524428,93.0862015965406,100.378129149032,95.7020375805687,98.4798149163289,96.8178570027567,89.6184624388918,91.9281663308153
92.6243492155107,103.352370325596,92.1876847917304,105.616210136619,92.319495549157,99.6867465955488,0.0,97.4199783353474,95.5174634817381,97.9844431909753,95.8136064706388,93.4190119963274,95.2023886167549,92.1429418567408,94.5656499578903,89.2688765833513,100.626430802238,91.1562961279707,91.0031304267357,86.0427427450225,88.9305578313514,100.662101416771,92.172998013932,96.4470869166837,90.4283181766128,100.055354767524,95.8845532673445,99.888910802058,84.0942010906764,95.6007955599357,96.2861882750081,91.48944814578,98.4938346075112,98.3685098345749,95.8761330212153,96.6627378917316,101.512262332335,92.5937863666907,97.2996149184261,96.8189930010694,96.923912182857,93.7857447026601,103.572388779598,105.598003832847,92.7460144270421,97.5784024806313,97.3361982063681,99.6889391240848,101.773131170591,93.0447743527365,101.260136521391,97.7694741041627,100.283930744059,97.4538688514009,98.777058201081,89.2887102633744,99.2188789796281,92.7079548570894,99.8873409095225,92.1732841524054,102.071870641648,96.9220737672252,92.3385846575043,85.0122299058445,88.8046262718076,85.0044734172984,94.3522089179143,91.2615599981134,96.2301580134856,90.3865579143412,91.5446032588034,93.482884915192,96.1124904872025,95.2045392951186,99.7134294610654,93.891094635996,88.7762975180314,97.1405003649587,105.479346421165,96.3581539496858,88.5404819475857,104.166359476134,98.337099858167,92.8771388024478,100.18744643529,90.5869367853103,99.7471004174199,95.973860065202,88.0742069171887,106.536001352279,97.905754154922,94.8643095979506,102.752192468647,96.1284870469401,103.511637861166,99.6285989675254,107.860435071702,89.4050169544665,96.1677684219046,105.023628157961
95.904667364752,79.6970690077722,83.7202184977912,95.4613040560015,95.8480384912163,91.8192808877768,97.4199783353474,0.0,92.790848014211,97.2166138943699,99.3707888732594,99.6395766019498,99.1488339646637,102.337099284037,100.950298954413,85.4512272485593,87.4957153060943,84.9923719047276,93.2214361065963,90.228825297484,97.2015603220025,102.23672841854,88.855242007151,85.2998207465625,107.302712524328,90.0854832093977,86.4148396286093,97.8787551887972,91.256952383218,90.8006929372301,102.268946425436,83.9938474800597,94.9767171127479,88.5967277354528,103.266292858597,87.72121084289,93.6224252402068,92.3741400120116,93.3685837336948,92.2997585969377,97.2582637433546,89.8178377425535,93.8259761424787,102.584098891094,95.2432847355126,101.754417384018,100.199161542799,98.9331367528804,109.664791327263,93.7991711054177,97.8950303023599,90.5576037053529,88.5680858737993,87.0065842561391,88.1949981576578,92.1230737688635,65.3484494485712,85.0892019010804,95.8235353631967,103.766553003804,91.8812731438056,96.603376372633,102.971960907432,99.0809572598567,96.2520102857974,97.0246422860611,81.2095233781452,98.5392472854429,96.0863470196809,81.0954431326036,87.4268666794732,94.5329761529405,93.034870818048,92.274051693015,92.0451048546274,97.686711201827,93.3299614301857,85.0028031124673,101.836728901888,89.8292380025399,88.3361862134236,94.4827719625145,92.9275520925246,96.0220710587075,93.8558099578527,90.4501192757223,97.5279111412242,94.3471314204083,91.2378004802669,85.6951170836333,94.8772821362654,97.5033146849755,91.0698501228526,91.2969836735941,92.7222008455501,92.732147652054,99.5289918975991,92.9450703772244,94.4069236835923,88.3258996081643
95.0555969230846,108.042589834739,98.3218654284971,102.010909502742,97.2029585701622,87.2450956780385,95.5174634817381,92.790848014211,0.0,102.640665593491,93.0941563204556,99.5180153426451,92.7431225886549,99.6230554236999,93.826987274687,99.7374530606154,100.812791260464,98.8740676220411,96.86154637111,97.0019680361625,101.899703686253,101.098600206739,98.3408876610624,99.3481190581335,100.41376419373,98.702697623684,98.1203058240926,100.635448641648,95.1792509947337,97.1695081829803,96.8593940509242,100.377053896471,85.9761562565509,95.339418581437,98.7664750292642,97.3000933281274,93.2259600321418,93.5955804882773,95.2595334403587,95.4940796914992,99.7512102520115,96.2011182459666,95.1882098903556,100.719579807741,99.0312797472645,102.08961126636,98.422418143204,101.330305075672,102.929214406647,97.5015462102143,103.754846138196,104.148345752353,94.8673435670615,107.864362709169,93.8623811765573,84.7104698113804,100.911830013701,84.1110683854249,99.3778124001843,97.7728980231062,91.5022975222969,93.377516542255,99.5345751825901,96.9837187549502,91.0225761892713,94.2488991890962,92.1787913536718,91.321602119671,98.0673243427506,94.9770620463376,94.7229174925311,102.264069754634,88.2366238559893,99.7872659844817,94.7973017727707,95.9272408029146,101.357594145616,94.8267147174353,98.4583201612567,98.0184908297546,96.5311657032688,94.6275881221589,97.2215369501804,97.5249501272806,102.712060666294,95.6763580024629,88.8353232281443,89.8671375138054,95.5191668547721,106.059843178084,91.6936620652173,94.1768236882665,93.0577580139472,91.9206889974332,100.800353530666,101.103832832255,101.557117485827,94.2351637009674,100.600243035334,95.3141052544683
103.261733411621,105.482899576095,105.508347151935,99.3632049851998,100.238164834115,106.574317855983,97.9844431909753,97.2166138943699,102.640665593491,0.0,70.8262873263363,62.7661483898259,92.774551876059,86.9338049166095,86.7449871195671,100.267765676054,85.3427326059621,104.362615668184,97.4852585449637,98.0340151656167,101.093141375285,109.088808528515,102.94041159523,97.1331682699266,101.268111881662,93.9235804939909,87.9421304823326,95.1707998676233,89.0861668177983,97.8768604205882,106.857162941135,96.3895644719537,102.697438250289,102.858922119242,97.9276944471977,89.8482587143853,103.843660673449,83.1291854421712,87.8999187862765,95.430091196218,102.357060511183,102.332009070754,97.2326979635845,93.2928711607871,87.1399850062199,100.080341936722,109.65794941923,111.225419216158,109.500134042393,95.0676506190386,96.3919789339145,96.5425356929528,102.033935870475,106.594852146728,102.284716947628,103.308648873763,100.713964447732,101.545760050599,58.5852287671558,76.5050810182087,73.9350320660121,85.639406508927,85.8501550187804,88.6118871904512,92.554137263999,85.6439200921468,96.6488951804504,92.9552364241998,93.9993930741793,97.8812736490915,80.8323487137192,99.6911071870384,97.0033348642577,96.4946669979514,89.5500526991436,86.8215405393262,94.5581864088402,84.0689829396324,101.77130335915,92.4044117692508,85.3531489829607,91.3604753007231,97.1678181739309,100.592056929333,94.7382017920939,98.4110094435106,94.5352593038629,93.510664796502,96.9314885037019,95.3809035795571,102.215236764551,94.386299184763,83.1746811700589,97.3609780992633,96.8342093540649,92.1388420358472,103.555165747995,104.833338949989,106.770840489702,107.98663472994
98.0912373584083,100.26356244776,93.1194331576497,100.289284125622,95.878821962826,97.2052550437658,95.8136064706388,99.3707888732594,93.0941563204556,70.8262873263363,0.0,76.2893734883524,88.8519536995044,89.2767001927447,86.1875437496717,99.3824692501869,82.2099008332976,102.630829713885,100.621281228268,95.4628789378443,100.903437808196,95.5891130939168,105.588489431333,101.215023015701,100.679239720628,93.7444620361318,92.9278964789625,89.079706016392,86.9278519490456,93.7341528167871,97.5474147609426,92.3567200197953,102.162831921718,95.1186382946377,99.1996055536153,95.1728618577277,99.6768062271383,82.8833854540991,81.8095202703152,96.002464627901,98.0808671649124,97.4675927427059,96.0683449713567,88.1915023508801,96.8042281409915,99.399605799305,94.7364144309335,109.714135582084,97.9564378956259,94.132008081779,99.1229948745799,102.073039620978,107.919763550864,107.075349900223,101.853042979805,94.3691381463336,102.622107513151,92.0233451709237,75.1643922397411,75.3724860130673,79.735969514763,86.3952894402764,92.2472598451655,92.1500454575385,88.2903102395023,91.0461106921656,91.5267543796931,86.1772338528098,101.653524645258,93.1308349716041,86.5658232662794,100.942656751124,93.1237840950733,90.4309368371294,90.2646916888121,90.9057899013266,98.9305715691437,92.7722473888854,96.2922330926605,82.4450134211576,98.7884023421104,90.2667713524604,91.5638009901835,95.0875331251345,95.4088804116438,91.7095926113253,90.0719099613528,88.4912734611611,98.7747283699563,91.6837064893593,100.771333385727,95.268705139191,89.6463583966255,92.4361074712135,94.7062585257745,89.7195273584599,96.3116857883119,100.661221676035,96.6683755351877,99.3627186590064
98.097457294578,98.4143861538774,102.265865253682,100.232776913304,95.7074785091214,103.089515760417,93.4190119963274,99.6395766019498,99.5180153426451,62.7661483898259,76.2893734883524,0.0,84.8362427932206,87.3854196585089,86.2080736501488,101.683896108407,95.3340117013045,97.4897528744516,101.256212584257,94.7123040626124,96.5585876164358,107.969873214214,105.488640868681,100.481842011742,104.741759801271,94.9701151982478,91.2811820937773,93.2726311426168,92.8576113188453,100.884732278012,105.814944100154,92.7965134304266,103.227961191577,104.420021359699,105.559453201375,100.095307451523,108.91326702395,78.9554985040478,80.9555172060071,86.5719641682948,100.896741356858,104.349301474576,97.2862010105706,93.2250993442999,94.2410911749191,97.1891077030272,103.39946109879,108.502660457688,111.776883145835,95.9917529293384,101.402901844358,103.468201718537,107.349451680169,104.653671361186,102.71160881839,101.605992468805,101.431727666975,99.5989138703372,65.0521919656069,74.1329261753528,63.0387284265726,82.442307267483,79.8291857671959,79.719624136085,90.4967723667291,80.5177315913168,98.4743544705702,91.1974394928852,99.6144369428434,98.499711213515,95.4664132596796,92.7541265271347,97.5098596808463,95.3901512502104,85.179631912341,90.2238628787867,99.660994121762,92.2325057212521,102.50660389218,89.8014893816959,93.0855255639419,92.2710812917207,102.369237627028,101.167094696964,97.4988692827041,98.8303364364255,101.991532302816,90.4788695126099,102.623304156167,99.1624670187324,111.113953410327,98.0050770194775,87.0986317575175,94.1251142915352,97.8356809278939,91.5087146667012,100.124417195246,100.973827842964,109.527707817341,101.811848084254
98.1291787017304,108.900039249334,97.3057953102154,101.386205022515,91.3828814593571,99.9259629499572,95.2023886167549,99.1488339646637,92.7431225886549,92.774551876059,88.8519536995044,84.8362427932206,0.0,59.0965042700357,78.8331331965475,98.8191088419755,99.8596699200125,98.9953204750356,91.6097956826371,97.2617348323319,87.8046437139736,112.085732732274,90.1381011620588,95.7938650988889,99.8526651984864,99.4843373163879,98.3238893028904,91.1761741963608,90.5256409465917,103.006420061099,97.6243614814826,99.533702516921,96.3636883870159,95.100622651809,91.6356235692989,98.6815784001199,101.573905873432,81.3200596224343,83.5064397220723,88.203130586616,96.9591097922522,93.5232686740273,100.123788883601,88.4358223231799,91.8775764606544,92.6293905244051,91.5936410787036,100.889176769886,100.133638345136,93.3256087979789,100.747128516405,97.4966379233645,104.008324449174,99.5893787343323,103.238208298484,94.6765709446145,101.388243664458,87.7275582705329,84.7866435116494,87.8385842349291,78.9355094539362,52.1517876017666,70.7858752986654,65.9773614079709,72.6701008801127,79.5128030384594,95.6587316594926,79.0396463545728,96.7508815636048,92.9172391264578,96.7405631132852,88.5098465181023,93.4595766033536,98.7943312417601,88.5530894764215,90.9692796423641,104.494245230318,99.6301143422629,98.8530859635588,92.6563594652894,100.543550186488,93.6931857403266,91.3177981276851,90.9986930469761,102.465626313842,99.3194395456312,99.5320570419437,85.9699726793983,96.2577905745726,109.788085676467,98.0486950489692,92.8304097166403,91.5382474314562,91.0226200108687,103.735388633278,97.8160819550274,107.314409695282,101.4519582072,96.3204434461697,103.389698669262
102.193823959771,105.438712940711,105.27233935306,95.8746837232294,92.0625435156911,101.451766257638,92.1429418567408,102.337099284037,99.6230554236999,86.9338049166095,89.2767001927447,87.3854196585089,59.0965042700357,0.0,68.1183370911918,94.9572252571406,105.068683547201,96.9329207685498,95.1239985012356,101.349830765159,90.5535238799197,113.579336135722,97.9176499833695,107.54508616872,98.4939971667365,98.852159957794,98.3785645625201,95.4144662945653,94.0593846935104,102.172584249687,95.6483086122936,96.2659665406736,100.206605446621,103.430003350953,97.5173400724423,105.774522939793,106.003080689558,88.1246040450148,88.3808503147683,96.394296498732,97.2581979524433,97.0374989797983,99.9019253246402,99.9310942571235,93.6162842833958,95.6076679173995,98.1039577113069,102.752199051251,104.70835700398,98.7020453970916,103.941323968126,109.512209626773,104.203420168705,109.326917895482,112.340969342503,87.0555100867751,103.074092751968,100.486251189992,84.7302535725574,85.0037423632884,85.9652192824695,71.3185605951224,69.9982959001513,52.0370814674994,67.2727717088787,67.4658617584308,104.16557741596,76.7369617075898,97.9927741726021,97.4737761293444,91.7634166374204,93.7291450339365,91.1561518201621,103.218530911133,93.3086677953721,92.582342048078,107.023557475002,99.6021221890447,103.716988639848,93.1234461593814,99.5440692636888,101.735684631759,97.0364976592007,95.4662559365829,112.391090547901,94.2810579969088,96.004082674485,91.9856698727462,97.9882254941848,112.53053156841,100.604826940065,95.4928460704811,88.5272326059528,97.6874559000957,99.4372744128759,100.434580195606,108.145976333904,103.34176546046,105.272196840148,103.622559477589
102.667602843047,99.1435407689394,107.956754501781,101.038350106273,99.6306525268169,103.14592120197,94.5656499578903,100.950298954413,93.826987274687,86.7449871195671,86.1875437496717,86.2080736501488,78.8331331965475,68.1183370911918,0.0,96.8426945053505,94.18882894452,100.468905296631,94.5075887647679,96.1902078090967,85.2149189369868,101.525665916522,94.8767551855546,103.94651610151,97.0544059409259,95.8276125269365,97.2095200525802,98.0089899820563,89.5140927670238,100.985451242067,95.6051440689561,95.9706001512233,101.089891276888,98.2262815741639,100.850774993523,99.7184407473341,96.9309194843398,94.4362348050827,80.9945841226704,92.3851426955792,96.9919203916492,95.7966190411644,97.452983198485,105.461543029027,93.895772764997,89.1624938121607,99.8246089020365,100.06868623527,104.538202504425,98.5718948647428,98.3186951400836,109.839051513402,96.999480501678,97.0493121244214,112.324692218894,95.1823239968392,100.107587002029,97.1363713297363,80.6644339702647,83.3609232427058,91.7279771057056,84.0092795611651,80.5030997606512,77.544488586392,81.1756106675072,64.564660284503,93.6561072340109,78.2920460451552,90.4417638250462,94.3287194414983,84.1417653361725,96.6210071180971,91.0755196874001,94.2360714695514,87.276239964036,92.6592973463889,101.371014576818,95.2639990979734,97.965723613591,102.178166668058,90.9071542832988,97.0948591551122,88.5232301355159,96.1434668488357,103.195221333079,88.0961072457832,92.2757288497885,88.8658180029569,100.82238838036,95.2568807440353,93.2614183899421,89.8815195368123,81.4136543371747,102.46174344949,89.6455575870033,101.647432392077,100.841050470186,105.225758829572,106.094578432189,96.8856330518233
87.1258771407656,93.8002781365951,97.7775169271391,79.7232492693137,93.8219404521437,99.4812492620484,89.2688765833513,85.4512272485593,99.7374530606154,100.267765676054,99.3824692501869,101.683896108407,98.8191088419755,94.9572252571406,96.8426945053505,0.0,92.9808475079216,93.1834278222697,94.9915576198371,87.5032862738871,95.1588508589923,99.5830569410801,96.3984529319606,93.0705770860128,98.3859214242954,94.2865129800052,90.7272172218402,91.2132393763018,86.2322408784176,97.7259128964459,99.919526015491,95.0470551025955,98.6859211023132,96.0554603291499,89.0376342036005,92.224788558197,90.5945869824181,88.0750789762711,90.710502317812,94.2359282003166,96.8319228378241,91.0923529106801,95.0234290365409,97.2659889778961,93.5780777770628,93.9456370420201,92.200226731113,94.7799279083666,96.499195235413,92.8484743001779,94.2726599850046,89.0805428097537,81.4559497974804,94.3572929894757,103.590416577792,91.6629892622002,84.989600053878,94.0657819777886,98.8299270784936,95.8074256900776,93.8817128776512,98.9529755085022,91.5195002975757,96.8556141661443,89.369961994696,95.5722138319306,93.7301131144248,99.4732772625479,89.3858221763307,83.6939939704848,87.7001005541597,96.308233174466,89.8837451615258,93.1241171655556,97.3825505875885,85.0781930552772,90.3081942673903,96.0537845192883,102.420644887794,82.7768411504397,103.401182833123,87.6759361703094,95.0364336144558,92.3935776779125,92.0355240906877,84.0121114716192,92.5796492624661,91.3688875759331,96.7048027313381,90.1875453442013,96.1313977586127,97.5096258606573,95.1440097657688,96.3120194001012,95.501630084685,85.1999010512034,93.9721047445994,92.3221103459088,91.5376128655423,94.0141029512374
88.0930257404301,93.3775926822828,89.0466438971624,94.6948649907716,96.4991094063409,91.1380279083106,100.626430802238,87.4957153060943,100.812791260464,85.3427326059621,82.2099008332976,95.3340117013045,99.8596699200125,105.068683547201,94.18882894452,92.9808475079216,0.0,92.4397789516944,89.6638478807424,87.9464135807313,90.9705952516921,96.879732923872,96.0063984785148,84.4400144932317,98.9564517868643,87.7309338642578,78.1298538179171,90.4975251523953,83.9462587252417,91.9156061966342,104.985951780382,94.8930490661076,96.669304970921,97.1226442126973,92.3866543374317,93.9594578810195,92.8519011228119,87.9922609582883,88.8730110749059,90.1686881554636,95.9365895543336,95.967088308246,93.5451466172724,97.450622574131,90.0115303364202,103.102813028226,93.4516963133161,95.3994251620114,104.957660313791,90.3449077180059,89.3767212954174,89.1991669081522,94.1775094343371,95.0985374103211,96.2778378100737,90.0140502154807,92.6583865638076,88.6806827565486,93.9994455432267,101.767011414152,91.7611579403609,94.5769242476929,104.244608992393,97.5826929461577,100.676377310249,94.9641779032859,85.9709968534057,96.7441897123391,89.0207654148312,85.1523958075456,84.1927241405666,94.1171411049613,85.6078883711961,77.0467936373036,84.4439807857305,88.2794346638603,81.460847338642,84.4785091995618,101.87865101354,88.8873128505144,91.06490324754,82.7252130916582,80.4417086869502,88.2604914874797,87.383378791305,74.6634040615895,97.6414617635124,86.7005832332345,93.5207924951166,76.2449682659971,87.2660985669558,97.0229423998024,83.6954808108159,91.9331687340735,82.8843074983959,90.2880331209458,85.8334517838503,91.423572861454,89.4181759748073,89.8233993752937
91.7639782630261,94.1945415100185,98.9958474606356,101.096007843354,86.6302489522805,94.1071715573067,91.1562961279707,84.9923719047276,98.8740676220411,104.362615668184,102.630829713885,97.4897528744516,98.9953204750356,96.9329207685498,100.468905296631,93.1834278222697,92.4397789516944,0.0,85.4938661506337,90.4819512052916,88.3328381961434,98.3012827458581,94.0782700133264,89.0960651876039,104.604830600663,90.2588447459934,97.0312987148056,96.0967259128072,93.8076970551932,94.1241652697111,98.7744908406485,95.2267906349023,103.280889094749,95.4143261047932,93.2046205095259,94.8823213851889,100.462569285364,91.994585290477,86.8547476098596,91.5583245854489,98.5463979976254,99.208744321333,93.4634890661196,91.8866856735141,95.2796306978291,92.2993997880472,94.5589090277001,98.0214066811771,101.623083840855,97.027218915753,99.349244336218,91.5165464529105,97.395546076929,92.6681246246744,91.0331892952028,92.2164690258266,98.5217244023867,89.3520809295757,106.710251512796,104.910168155111,97.6633885444897,95.1803187202685,96.2318110904155,99.0430403387402,99.4267554520554,101.833833055438,96.8489495146355,97.4042088213154,86.3265797938967,76.1533225872887,96.6149263224002,100.353375627757,92.7637551191114,95.9399647690986,94.591248956931,99.5853813333247,92.7936660393132,97.2168035418383,96.1748303618402,96.6708289549884,90.8447031092788,104.861413615154,92.9172171788006,96.9536956491362,93.0778071148287,90.3558420952312,94.1623695915058,90.0766909163448,96.8583203556571,101.931857232638,93.1859841332114,94.8165410462709,93.0407698843274,96.1401472521103,94.535175127654,100.050641073956,100.146292181488,99.6586783297361,101.048539294271,94.8833562056301
95.6829671637982,92.90846152466,101.091173152004,111.476184600731,95.0245098114682,99.1148536340213,91.0031304267357,93.2214361065963,96.86154637111,97.4852585449637,100.621281228268,101.256212584257,91.6097956826371,95.1239985012356,94.5075887647679,94.9915576198371,89.6638478807424,85.4938661506337,0.0,102.826426544399,83.1072380887904,96.9895527629418,78.0328821677104,98.9578837274697,100.089615192021,94.439331388576,91.820173707644,88.7756949570026,89.7683506357502,92.3095234348968,100.307390487044,96.4727443009781,99.5139403835753,94.6355380989229,88.8820109685504,99.1342293207357,93.7500677111816,91.9011549287874,96.3185323679887,91.7271349932455,104.037648472655,99.4958588116389,97.3264786155135,103.265818296846,92.058609436091,87.9376060131311,98.1251371359071,93.5251794683025,102.924898751495,94.448934333902,97.1971730987083,88.8589994867367,95.3037606878019,96.147253964348,101.39305726453,89.2122392248776,102.938490639719,91.2701821159147,101.23256710886,95.0855657685566,94.5132427160065,96.55370465673,92.9569774876298,88.0965647663879,87.8030003225218,93.5282275589622,99.1046644873692,80.7887180541689,90.8197698855835,88.1661322225569,98.5176937329616,73.7156175591948,84.7935956188039,91.7977686991396,95.5675046271204,96.011543337312,94.6214334887762,87.8618364700713,110.221655119493,88.504565215803,96.0275954891649,100.635535336721,93.0377640858803,99.8248493790612,101.715285269022,93.2395098349378,92.4342248727265,82.6854849551438,107.342458568199,105.926671385805,98.0551342266229,91.845604478419,98.083911968385,94.1234299280162,101.935161566148,94.1775322204376,97.4535928626637,96.6202907648731,102.577525113951,101.266727551143
89.7781117391758,98.002669208517,94.275325502056,90.6731704539501,92.5994069048696,96.5078472539382,86.0427427450225,90.228825297484,97.0019680361625,98.0340151656167,95.4628789378443,94.7123040626124,97.2617348323319,101.349830765159,96.1902078090967,87.5032862738871,87.9464135807313,90.4819512052916,102.826426544399,0.0,100.182057592376,100.346902996416,99.6729987902576,90.025735305491,89.8933548970685,88.2731329438959,84.6346942872703,103.075625231491,91.8809345853256,96.9056625153241,103.275515822458,91.0270970012325,98.8426420720602,97.8904478620888,97.7293727397432,90.5823118917927,97.6916721173243,94.0733496129621,94.4183304696471,97.6907442232631,93.0556093764482,92.7255057978146,88.596216121647,99.8815907588565,95.7334085509701,103.504742331515,94.5307025392005,91.3913866081482,99.9838286149296,88.7219403697325,96.2646207978555,100.765085774322,95.127313509668,88.8858625737097,94.0110607761959,88.1238316183379,94.0078308926342,88.0846762209743,101.360519495279,96.8932561561814,96.1057822397923,96.164423349051,97.5009822690573,93.3336980974678,97.3518072221465,92.5832678006518,82.7344791979516,99.7016876205868,92.4908326151536,89.8055959135644,92.9814846681057,97.8826843011637,99.9278179429461,84.2421712162181,93.8968720702051,91.6752186092753,90.196524455537,98.9074231803339,106.144430899491,91.0024755676034,92.3061473096296,88.0091836831423,99.5370886416249,88.7361667909355,87.6301033040737,83.5751638547294,96.0854067197326,93.6173795599519,81.7941158688779,90.2879481243502,91.1363361696188,98.8246970256037,96.9741547538195,98.6806568094677,95.5220566126509,96.0990708796715,98.2452946244915,87.8370807531033,87.243058393723,89.8427981699402
98.1867211033701,104.710454150781,99.4343513159629,93.7802463612371,88.6760496092623,96.1023635177943,88.9305578313514,97.2015603220025,101.899703686253,101.093141375285,100.903437808196,96.5585876164358,87.8046437139736,90.5535238799197,85.2149189369868,95.1588508589923,90.9705952516921,88.3328381961434,83.1072380887904,100.182057592376,0.0,105.378318852831,69.2501793339324,98.3406002564195,96.9466642556069,95.8209329629614,98.2230607996321,90.3148204869157,89.7967116964308,93.3574461008846,96.2386085505819,95.8838665236329,101.330328367679,98.1070635078548,90.3069279842076,97.114626667199,96.658156421498,94.7665201523807,87.9802027367741,84.8276836110913,97.4143488854233,93.4014036827496,99.0899168488156,100.220942304818,92.7209360251911,96.2264382434688,100.370757900351,92.826964255176,96.7743348046917,95.5650111173337,100.683732116101,100.250568611412,93.774313960236,93.3546695843259,98.3890160002283,93.7378213178275,101.413732628018,89.6684684724202,91.5539319934732,90.3112798452977,89.9086458689347,93.3206171807886,90.0897547764073,83.8582261755621,87.9920404024674,89.297374526448,98.7961877124591,88.9853676366341,89.6442927702707,82.6123424442971,72.9525707636841,93.673431719091,82.147641903608,97.3804355120447,86.8875851287649,91.5093533834871,95.1605467306507,89.4313501952876,97.4361143460263,97.0891144111038,88.7114413983822,105.228703833116,91.4223131452344,88.1857520408891,99.0156542045972,90.2618702640976,90.6531507001422,84.3748153907675,95.5816475018787,105.635874025637,100.187768766896,91.231514890446,89.775713015479,93.1188456137551,100.715042335142,96.9443250902164,106.453421705247,99.8480693309918,101.249821777634,101.746238597785
94.7079958345424,98.4150516959527,107.553341731303,96.0660576008852,91.461578922859,98.3669068144209,100.662101416771,102.23672841854,101.098600206739,109.088808528515,95.5891130939168,107.969873214214,112.085732732274,113.579336135722,101.525665916522,99.5830569410801,96.879732923872,98.3012827458581,96.9895527629418,100.346902996416,105.378318852831,0.0,97.2027198717287,102.669213989913,101.13229326842,96.6962512294592,94.1524299495642,101.764166731454,97.6324360301672,76.9677282873406,103.394865638433,97.9998601511217,95.9440560109919,100.232683649632,99.2989178009616,92.8381195783531,100.079785446596,106.755309331748,99.3193425290291,92.4128334467324,101.335383859957,103.132677673104,97.1717083124679,100.115008688997,103.359942092063,95.8710500689282,95.6709867817268,103.73956579484,107.575288477021,102.827163694642,98.7728285660575,102.980960822335,103.14666427477,96.2797585677527,108.017915619864,97.7054890148188,106.984131922977,92.8159202229255,105.485151174892,108.216697054917,110.528625601413,107.869549216424,106.67691828429,105.51354257547,107.616015985999,103.992929457658,94.3666580584325,109.872021393767,94.4738486752706,93.9343595864994,96.4910103995246,94.8376950694526,101.399612930134,86.0187623027363,102.30272898785,104.258684118154,86.1063222749856,88.2359196462441,110.313186911856,102.051734283907,95.2226759132073,107.1544338942,100.507493405676,88.9842467414237,98.803336077628,90.5111579127643,103.332969199792,93.8540853113879,91.1012919291701,97.9489495497802,89.8185797356193,101.732003794546,93.1435608548486,98.0767009695497,97.5108464441075,98.6569506092728,103.077024983871,102.212901266718,101.93873912949,96.0905246915065
98.7618876250304,101.750795039365,98.7709126036775,100.910996099755,92.3572763836549,101.213537803136,92.172998013932,88.855242007151,98.3408876610624,102.94041159523,105.588489431333,105.488640868681,90.1381011620588,97.9176499833695,94.8767551855546,96.3984529319606,96.0063984785148,94.0782700133264,78.0328821677104,99.6729987902576,69.2501793339324,97.2027198717287,0.0,96.4572460575859,101.437937055214,92.7809585775441,90.8100624543731,86.6137602207203,88.2318389818227,94.530338603166,95.1615266921204,89.4645431502309,102.121087514975,95.0681121985041,86.9719301953026,96.1380563472769,93.1020929917709,96.9482989742822,93.4138904177798,81.5421424301075,97.0439040970524,87.6302786095836,94.0605859069519,96.458344120744,84.7444691990913,91.9106069054355,94.8114461464287,96.0701370799028,108.382129747531,92.7672958885475,104.946111601333,98.7726197613617,98.281562092447,91.7324669283274,100.292627106186,91.8402484718369,96.6262396859853,88.4690262804185,97.9934134117675,101.193086205475,97.0023075418105,100.358128426715,94.3129623732154,95.5807318040786,87.7292242115523,92.2812563589665,98.4896658677734,96.8745986531692,92.5227351351921,88.1230365649942,86.2460777785334,89.5554322389847,74.0418320153505,92.0288545497268,98.6118194638026,100.38155758541,95.2383750867089,91.2597696031186,97.4924352530608,94.5929553863646,95.0773689774228,102.609224994737,97.2932752009043,92.5777411913062,100.398928552058,94.8191701291293,93.9857048687556,88.9641681398081,101.139111843286,103.510145413197,93.6564215103723,83.5690986463062,91.6707613594932,97.580502727112,103.322363811128,93.072846092853,99.640690086405,93.4079553238134,100.672756756781,105.31251062829
