0,1,2,3,4,5,6,7,8,9,10,11,12,13,14,15,16,17,18,19,20,21,22,23,24,25,26,27,28,29,30,31,32,33,34,35,36,37,38,39,40,41,42,43,44,45,46,47,48,49,50,51,52,53,54,55,56,57,58,59,60,61,62,63,64,65,66,67,68,69,70,71,72,73,74,75,76,77,78,79,80,81,82,83,84,85,86,87,88,89,90,91,92,93,94,95,96,97,98,99
0.0,52.9392755739731,64.5182371236994,57.4149941989471,72.1419857180898,75.2850808252586,61.694688536214,57.85531103124,63.1186594910896,70.8050950736156,69.1976781367802,66.639309164834,70.5167786999485,72.9577836301673,63.4755774619639,61.0400064686473,64.2086523312762,62.7363116859928,65.0366444338103,75.4031337375409,58.8541034021136,77.22964549114,69.7053767558993,65.4381685458777,62.5985122394965,68.7807071299561,80.3089158969189,83.1562149287749,67.848217975638,79.7618935847586,72.7960146370515,60.8146180081368,67.7165435211029,65.4710798908684,61.9081041675937,83.5140645680506,78.3439377115593,68.5875591505863,63.5387294670907,70.6726729629307,71.3033514316847,73.6786763953322,72.5925559619432,76.2160293039413,74.0207440873804,72.0795520852862,74.2018806732294,72.7867647873183,65.9009556140059,73.492289858628,78.0805137736559,62.8936762535614,73.30912333063,68.7020888539256,69.2486115923541,69.1141602399254,62.0392885652745,57.7194343565508,70.0807060718298,67.7921070551511,59.741664526196,65.9277985350956,61.1389863630597,60.5852790760532,70.8754111352791,59.4128264854578,74.2869956743475,72.9209444802703,68.4493267113887,68.9043899890672,61.904838756773,76.351512568583,75.1476398170471,71.838320373721,60.5585969311131,69.978585627849,69.7833627288934,70.4107668184245,67.3750885177357,72.4230521682002,71.8028254103834,75.2215241913851,64.3433212259833,70.0757424658801,77.8507370548174,71.1226934916997,72.8691414636704,73.4337037429369,72.1518336411877,66.9527174731476,77.5735394064458,74.1618769816742,77.2270750486556,73.7056170588969,76.0913289012765,74.8292712715776,77.3971918636104,73.3252569741257,65.7535924477507,74.666548366482
52.9392755739731,0.0,47.0332562832632,63.2032042368547,59.7102951408559,70.8776263506095,53.1716917365674,60.6856772891492,67.1812956599206,62.5180947231808,66.3399665873975,61.8774005534983,74.4336607521177,72.4697448957387,60.8415209288624,53.6558792746103,65.4208587827787,54.7988031887919,65.1374478879851,73.7422720003248,58.4294801204715,72.3138024390977,60.0746958672221,71.6349430393237,67.2559088471595,71.9564509199401,78.7403737906917,81.0931384574816,68.091588556217,72.7494363056829,68.8827441409084,60.9203331117308,59.8383033749558,58.7776459948874,65.7541774022016,84.5799267512567,75.1978257317153,65.6508117803611,56.7615669156137,64.702678058699,67.5266168185039,73.4995522755364,73.0956074463016,77.6444740198011,69.8792390643318,72.2768477482451,74.194181943063,71.8430270435108,76.2759129151558,80.5254957549675,77.4230146986941,51.2217212641832,68.9814915933548,73.1377629679242,59.1255236466008,66.6838127697957,63.9871838761145,60.9734514734464,70.3986035494971,54.4895593764096,61.8398655277363,55.9767100785124,62.9967734767116,59.0175482086124,66.4128150158425,57.1104208386831,65.899958667676,67.5857209842694,69.0622845462249,60.5578014569286,61.318385515033,74.517957629303,74.4078837687198,74.0243293849154,56.8244983168722,64.7550728563173,67.5688250826961,63.5599479975742,65.3393205070809,71.5381186159987,67.5026968242329,65.7203669297148,68.2123183347321,68.1048807506734,75.822129783874,66.5368609324407,77.605197842555,70.0925880560369,74.0817963696103,75.3314281958199,76.8052918143772,71.4151902175455,77.3191461727907,63.2367913356682,71.7396935284212,82.0391920041634,69.5617367015548,73.7677678627239,73.622854984603,79.4759750372261
64.5182371236994,47.0332562832632,0.0,66.5696077824232,77.0544339884214,63.1693018899524,61.1690605958158,58.0296963522482,53.9908477480578,71.0508143299759,70.4482101469113,64.1162800323931,67.3675650364487,71.7070969667846,63.1079760957454,64.6267048861894,72.6117754245818,66.5329286984875,72.3168121407486,74.6513980742833,73.0158234992062,68.6552481833887,66.1723136952167,70.9762196048704,70.8040286307544,68.9798863547695,72.6166233466072,76.7483564296085,72.5125447534184,73.2411235623697,68.4727127811291,68.4402757240433,71.7304063088862,66.5931951621061,62.489468463805,79.746866100481,72.4493437479957,75.3349837522904,67.2864399026279,70.3991007370745,67.8101816321868,68.1944653296416,71.7797433025609,69.185538354864,65.5756831991167,73.9078016932522,74.6756641802886,66.0122104136537,67.607546014916,75.2215971802999,67.8045060106008,53.0989813933214,61.4920574618557,70.4744898169205,55.6920870646233,60.3681155226496,65.1607046644433,50.7051597593806,72.5045865399936,66.4776491991843,58.6621487163902,59.6896399012431,62.7988169941844,65.4012885338066,61.215250076603,65.961318027666,72.2604105367029,67.6793541581369,69.4959984107807,69.8928224533435,63.9200765464408,70.5316095633505,73.0117103880295,71.4470348661424,60.7021982980325,66.3715696627342,67.6299327339381,67.2608334166294,69.3878980286993,68.3967483484676,71.8239996727224,62.0100498599932,72.2241121135743,71.4200667466449,73.6702213281552,72.7115261291642,68.4558089730697,68.7045118270849,70.0169974186654,68.5904009282887,69.0738593402133,64.6082331552281,67.0295106261704,61.1966009249448,64.2752794299909,74.9892140758776,72.0021364401675,65.2124011178095,73.0730990078001,77.4416297742856
57.4149941989471,63.2032042368547,66.5696077824232,0.0,71.3347352238303,73.9210909878695,52.333355298864,56.5935497806391,63.4225966676301,56.6946210588353,63.1907306061171,63.3574483211979,71.0152162694761,77.5073311223278,61.7857360478424,52.3010863244007,59.5714936753791,65.1131196432567,64.8306684593184,76.0512686722803,60.9816677072702,68.2914750893045,65.0489951724824,63.6965801600432,58.1739188416049,77.9419662064465,82.6342747487705,80.9239259534268,66.3935302356594,85.5139179340257,68.833909196701,54.1662169196648,54.849659787969,57.4796360486168,63.4188313111955,91.4894552313759,75.9562708095608,54.5385198401533,61.3979896501696,70.1350501139155,77.2770788480574,78.3750580643795,68.2611105725356,83.7494339321426,74.1723195470835,75.6528159295407,81.1953484599805,84.1456142364174,72.1285581192647,81.6317222301117,76.5881947472279,69.8564791136361,73.1876026147575,69.6211096775974,76.6164891951048,71.6960646337676,70.386896574905,50.7413785776023,78.8150614838921,61.3461272945419,59.5026498004274,66.5083002666697,70.0573990630721,65.0325879762264,74.6921978451437,64.3004057921653,71.6379015872992,80.0965369152501,66.460110579071,77.2934780359624,72.6200150702913,80.1117483331946,83.1566399987677,74.7065813850137,63.9568619613477,76.7123605597302,77.4996751121672,75.5764549026225,67.8751559158567,81.8886847639506,74.5664151552763,79.5853278569017,80.2337456525992,80.960764489031,85.5018401719678,79.7221182797531,74.3616321388261,76.8935686923854,76.9181266326302,70.4210305009859,74.8104079171081,75.4298313614307,83.4224989951991,80.6653578309194,75.7696469887132,80.6991181299687,75.6297930596136,77.2476987873193,68.4465474974072,77.9335206604333
72.1419857180898,59.7102951408559,77.0544339884214,71.3347352238303,0.0,70.9729838919182,61.7050248612969,66.8071337675082,72.6919105021777,71.6936518456047,71.1043187978346,70.3348666855836,67.4230630620609,65.4716871932984,65.588915932375,69.0661843450639,66.7178977176563,63.2516426348406,69.792848183259,72.7966055581782,70.0444095621527,67.5779565212656,60.0209760510823,66.0486243491542,68.8911344293482,69.9891697540218,78.5688945593186,84.8006371721753,65.916117391383,78.539501680029,76.7846390916728,67.8297766244031,70.5450690668375,68.7176742820476,69.5778960774466,78.4588497226154,69.8545090409889,75.9883838423243,67.7199027926985,68.3037959014436,72.3751744029546,76.7210957004206,64.9843179361445,72.1645590216711,67.3498982696301,67.3132339307684,70.2690721133429,78.9069903163731,73.4675225830589,76.1698889474934,78.7550572123131,66.4253855487014,74.1535514724852,74.5691665769732,64.790106963523,73.3797854926554,68.1368131883022,72.8099919946141,73.186759729132,73.6585844940959,71.0862477422911,66.539102915163,69.4032041216794,72.7952868629461,73.0928093177924,61.3151406749136,76.3027634889081,69.4697171925448,72.8648898552898,68.47052562006,66.4641340098532,76.9863884039076,71.3773646643066,78.922949028797,56.3853615317237,64.8256200152043,76.6948417397645,70.0037243987405,68.1705316616613,80.9541646559084,74.5549401312749,75.0269367109746,79.7564497820119,76.1388411584269,70.2399117605065,70.1769759841887,74.4881366784679,77.2782887246857,69.6461679559814,78.1867097078811,84.6428270656225,83.7615358081719,83.822899038733,72.8707244176756,82.2599140469145,77.3964471448667,68.2950448818458,73.3621936788426,73.2809704101269,77.405479139949
75.2850808252586,70.8776263506095,63.1693018899524,73.9210909878695,70.9729838919182,0.0,69.0500042199651,65.1944977823673,61.7576597805491,75.789212742568,73.8039234529176,72.5337041597228,74.9889293288993,68.2889687344208,72.2807380930586,75.7433788827215,66.916570986834,68.9292468813902,68.7626905297908,66.6225395290324,70.7657412102297,64.8691229262399,68.8438338207098,67.4805049783188,75.9421282065146,72.3143033123284,71.2769451250004,77.2030268974579,68.4031403884038,79.0149274363183,67.0764535042735,78.5432312193043,76.9191324542993,69.759977560247,57.9060724152526,70.5824107238586,66.0355404377653,72.9367394817815,66.8304781791723,67.4845047259965,66.4220581276133,69.6822350342567,63.1312696705432,63.6532472726308,64.3352496410322,70.7602299164246,72.7697009676419,73.5993786670851,64.0353519865928,64.5678479051648,73.1597554280328,66.5167181845558,65.9952262143344,70.1088682729635,65.6461273043375,44.3225099295919,71.5382479426822,69.2540306473618,71.1469380582429,70.5551818922582,68.8168673658606,61.851157157966,75.3214475949709,75.0701757173376,69.6488640161238,68.9610244386099,60.5793209805914,60.0403408849637,72.1421932860394,69.8639548189741,63.6489619099983,74.0039010159688,75.715987000537,68.5020104810256,70.1613869699223,66.1859189010119,65.3448009040392,68.5838314481731,65.808071935907,70.8038829244076,70.4693119280812,71.4226424107914,73.9552841746394,72.4639485792332,77.3600734870961,70.457904111907,67.7811727526027,69.9544711860869,63.5272893640323,72.8685182176792,79.896464517746,82.8488771760261,75.663569520948,64.3786635122823,74.7243921665946,71.6936995246614,69.9031331098117,66.6318289900545,65.6835271396315,67.2636617099466
61.694688536214,53.1716917365674,61.1690605958158,52.333355298864,61.7050248612969,69.0500042199651,0.0,59.547211086675,62.1158276748371,55.4248383430779,64.0017683510757,62.7302690026894,67.5933285418705,67.4026171082867,57.2222345780596,40.8432179410146,59.7298800573579,54.2988692213269,59.7701945045209,70.9654336146029,51.5740285588646,66.5506727293492,59.5165079527841,61.3047799112612,60.3306420275984,74.833324393508,81.4163823614564,78.1008781416495,68.5324081795173,79.9853183376566,74.8410618268197,58.2595976953834,52.7380934597617,53.5134194250098,54.9329433814225,85.9272972494416,69.9054930213618,49.6932026357624,52.0617917359549,59.6620321962932,64.9321795946864,77.9393500523105,65.6792899959331,78.5823527202554,70.8429170468672,68.8919553510618,67.016033526392,73.0166661662441,67.3599722303805,74.2108362974287,78.762335967365,65.65851786011,66.5375275765506,72.5766724925825,66.9048542440491,61.5062315418022,57.7069989287263,59.9788882468827,75.9971266580399,59.0062876897386,55.9732575776807,63.1296213720175,67.9420963740343,62.165526571474,68.2521720247677,58.4267875045552,70.4275346771947,69.0156767559592,69.2433212382086,64.0576019539983,63.047365186596,78.1639006112788,74.3428154457178,78.916824424435,55.6108442645526,71.4178030244675,67.4469275904206,70.2707190529769,66.5878640167176,70.8806302700276,58.59020900955,66.7796794482363,71.5738548349075,67.3626268071601,73.2509461967397,71.4641812012701,67.5976518458542,71.7496358506023,78.0240263156017,74.4991237568736,80.7795155207286,79.698603420721,78.4367279747412,68.4867712801714,74.8041647773971,75.6487098599943,73.6914416760541,70.691794137697,66.7250389415071,71.0846574106888
57.85531103124,60.6856772891492,58.0296963522482,56.5935497806391,66.8071337675082,65.1944977823673,59.547211086675,0.0,65.8750011455011,67.7710752905097,71.1419766840071,76.6884928065051,74.3384035628337,71.1802222108143,65.8441552382805,67.356112543489,66.8458966854315,58.6171151273451,65.1023061137582,70.1245140024632,70.7559514882311,65.8186542625446,63.3595627019773,60.6358447128573,73.5855511198984,64.4367576569057,77.0366527013107,70.7045885440489,66.5820405991128,76.0573341993669,70.8262671891611,65.5298236197211,70.3216730904348,61.8762514961674,57.5859878972902,76.1460053467436,68.6858096092643,71.5468868810632,62.7787751773968,71.6313565697301,64.7705564719077,67.0044603596421,59.4678954053747,67.5454375432095,67.2893271586646,65.2252983734416,67.9495426579012,72.0083506473145,62.9118237682973,68.165707136189,76.6607487955175,61.6503290960207,71.6770286785526,58.8681592472944,65.3861148805357,64.4188865358089,51.0503205731239,52.5994910323537,71.8029943396962,68.310158344321,65.7235890183656,61.9284070611607,66.3085044277615,65.0472075371092,70.9847504409122,63.8680845600945,70.0920738893955,65.4271981046034,63.3852020439246,67.6343848672314,63.8215979171949,62.8669715740693,67.4779881055289,67.389070520518,61.5971762711844,73.5905748809319,66.1320307785145,65.8900768154586,64.7914740150298,66.4362649525155,66.9611312701952,66.2720844693543,66.887086483725,68.8398273675411,71.7838510007018,69.5298157698335,71.0622162445041,64.0591752716084,65.0101896111289,62.0134452164912,72.4250567218303,78.0400883009077,71.21534130868,65.6237994470987,66.1457769386683,67.2077490839372,71.5950689254613,71.161681803216,66.3832999257721,72.4466420284982
63.1186594910896,67.1812956599206,53.9908477480578,63.4225966676301,72.6919105021777,61.7576597805491,62.1158276748371,65.8750011455011,0.0,72.1017592129172,73.7119118487573,67.2838877522691,68.1181201528356,71.9227017301652,63.6919599760851,69.1120398267248,66.6306375961205,73.4542935350967,72.0433660556031,77.3932781730854,72.8327671950232,68.0749885088512,78.5601647990168,66.3409568210112,67.7935884521774,63.2318866396839,74.1758141186023,77.4043764317693,69.0675565189302,74.3624444300065,73.7606057225589,63.9912935849931,73.5951739432022,64.652370528697,70.3804651132203,84.7860007332138,73.0125986836618,74.2918286602317,67.0232343297163,63.0406506904682,70.6657629544883,68.9383762254064,67.4224301723543,72.2996308771721,61.3685649333401,71.4902009519213,74.8368452552668,77.4455986499791,68.0179068662882,71.5673900296294,68.4007621959667,67.5979220917434,69.4993613355723,64.3946893967669,66.0972563753417,69.1458285421963,76.0047642043958,47.6859909219003,67.7039755324978,76.2158831743314,64.1956936708756,62.3675181001337,61.7241200635605,74.1996280830476,68.5660047343396,65.3972761746634,70.5524236782659,70.8947381901453,74.6402728071561,75.1767583805501,76.9411371418471,74.4600780897836,79.9845351198035,71.3237970874524,59.5156692359424,66.3500999900014,74.4580583144776,75.4068860783562,66.5896983479858,68.6427004757344,67.3875044496461,66.4884010995366,71.9742856817305,75.8006338354132,80.3132684507709,74.1748482073809,72.6221546664625,73.9463980930538,67.4648277776799,65.1178725490057,69.1005145311181,73.8748681722221,68.2729705150117,65.306569988395,69.1610911091105,69.127661562841,74.0514778911641,68.8294801143464,71.9385980701414,70.0298056262411
70.8050950736156,62.5180947231808,71.0508143299759,56.6946210588353,71.6936518456047,75.789212742568,55.4248383430779,67.7710752905097,72.1017592129172,0.0,70.7188809397848,53.6824877024224,58.6091711637645,72.3412288137679,65.1559102916978,53.57831890582,65.5992793635738,69.3827214323542,71.9541117478995,81.5901865655634,60.0248923659467,71.9270556596373,64.3863769735609,73.0262714128188,61.2822611223268,79.3865462586551,84.3370416799139,85.3323822699789,66.8552686908503,84.4851009841459,75.6578851196242,61.5683608012233,57.0554030871406,60.457689325951,68.0620515877078,92.6541702603567,73.4122076446241,50.7358671371199,62.7109817585844,60.3124702565999,75.8868499632097,78.5858398505983,77.4281873670903,80.4642631793144,69.5161735547885,80.1123639786238,78.2910308161983,79.6343865640219,79.6242448721331,84.7039936555835,77.497766256828,74.0945715966086,71.6143247211326,72.4297811045005,75.6687912707428,76.6201963908652,73.1714233476047,63.6906765030644,78.2429499494203,60.2829577354561,66.4869972363859,67.6615234130918,72.8759936816647,68.1559108016802,78.7303703912701,71.832061467823,74.7554376499059,75.691049355555,73.7531959775936,72.7771772319907,74.4339744049359,81.2035008036584,84.3336702658064,74.9128588478314,69.8480047457841,81.200533126028,75.0038437865345,83.9535343688017,69.2035825329749,81.2242546937064,79.0188531594048,73.5723235806119,79.0495796085923,74.7996442947162,83.2146105620985,79.0182851297939,71.3869997765273,82.8887680337748,74.5297054229484,82.6173388813732,73.3368866948695,75.8017855579754,81.431870974964,83.8475280383769,76.3211660262219,74.7646489820825,82.2245504941172,77.3871756693652,73.154533439635,85.2266376252874
69.1976781367802,66.3399665873975,70.4482101469113,63.1907306061171,71.1043187978346,73.8039234529176,64.0017683510757,71.1419766840071,73.7119118487573,70.7188809397848,0.0,59.1349877514044,73.6171510732168,68.796641952686,59.0214527408713,62.6729619981243,68.0846061795443,65.3027925784588,63.7782622621,77.3929112115244,57.8740841515814,66.5085722599655,70.9217771915105,71.4501891972201,66.0537419871727,69.5795300581943,75.8746502232954,75.5563464839652,69.5984198129781,78.2071523428029,74.7163613196939,70.2658676923696,72.6964318750304,70.4135980205944,70.8102662035065,79.0852429336019,70.8647213383374,73.1237215987974,69.9161621215453,67.0921088141404,73.8178325296273,72.6294742560182,69.064926619265,71.7415435766836,75.5652397265841,71.9586579187932,74.3763926690006,69.6471748279317,73.3285930584285,72.7751612736076,73.4073065590399,68.5478317758485,68.9961399397175,67.5895584979986,63.4351001304772,71.1281126189742,66.0764472107779,73.9750380220191,74.6508558396388,64.2212376620809,75.7837970720074,66.4574536617761,78.7805739540024,73.4379680031899,73.3889927451036,63.5533441103417,69.6217127843879,73.0114272150061,66.539100531262,74.087050144908,67.1643960480065,69.1991091636982,74.4252964136748,72.4000492371542,67.6090740575719,69.7840736850194,73.8000199343845,72.3769570818714,69.8036142759778,74.5347632706256,71.9815574096282,75.4431901788092,76.9433839657503,66.3639347547675,73.8518498402911,71.5650908983721,70.2199012217922,73.0638631612289,69.3139643771958,74.3288169789737,78.0225131125592,79.2879468427662,77.6728016201553,68.5051777842519,72.8278115588576,76.8748574928409,73.2297769558912,73.6622307611964,71.2069821169776,74.2056834016526
66.639309164834,61.8774005534983,64.1162800323931,63.3574483211979,70.3348666855836,72.5337041597228,62.7302690026894,76.6884928065051,67.2838877522691,53.6824877024224,59.1349877514044,0.0,60.1570218523404,64.2802533109969,66.2545478192665,55.8088288311347,50.3639690825063,69.6366441513923,68.6252185424722,81.4154916426747,66.4145751766456,69.2746180339945,70.1155253427143,62.4374562209484,62.1387874892761,60.2058845172837,69.776139347523,81.5789480172905,68.8951495594265,81.2907695788279,77.7606940866328,62.5434790839219,64.9590971805145,65.8764706824817,70.1117919449633,79.3924769332826,74.539213922936,58.5848370853718,66.5544492077272,60.4450296882422,75.1210595510282,75.0547999408354,72.3351297924341,77.2104171796946,69.5791774577181,71.8644693627092,75.9419705966439,78.1641887476672,70.9790516707431,79.5296417811279,71.047011069716,70.7328771428542,71.8722648380579,71.9408716161402,68.3418970701335,72.456275338722,74.8532614927626,68.8865726083157,73.6263774912734,57.1837187444512,64.5395284286574,69.9712408870373,71.6813421681709,67.1198577925083,73.9140644572292,67.44485769597,74.5825259511572,74.1163926135218,73.6982917893803,69.2998832149892,70.8399802442181,76.7693069582592,83.0150694494516,78.0147987240423,65.8091635922605,75.7851093818509,75.93327682683,81.2192200056323,70.720580837377,75.4130563047626,77.7084250494851,74.974400792154,74.0910339817421,77.0861920595465,81.7063470647514,71.7416950414712,71.7690928348649,77.965960779127,67.6128355134962,74.2494729428385,69.9485614865506,69.2628070443545,72.9104244143919,76.2470838417023,69.6173361171698,76.6293485108629,75.8156249088758,72.2381583339327,71.5175555454983,76.1407056664078
70.5167786999485,74.4336607521177,67.3675650364487,71.0152162694761,67.4230630620609,74.9889293288993,67.5933285418705,74.3384035628337,68.1181201528356,58.6091711637645,73.6171510732168,60.1570218523404,0.0,56.3021796677537,70.6575778316983,72.9955846345412,54.2248922700704,70.4168393389938,62.5355544313985,79.7592652295506,66.8270435202415,58.8162383721809,66.9910241327846,66.2079449304396,68.9472010075129,64.1661872454252,66.8035657978574,75.790967783161,69.1220578105157,72.1485513438144,70.7608647810821,71.2818956447548,70.9568815251485,67.7325277457758,61.9463593505896,72.4329020667353,67.8148901336212,70.6695006442903,70.3246551867354,54.3727961554122,68.5936933563041,72.8194747351534,62.108604660007,72.6233036453548,58.6699197604299,72.2982214502386,68.3787026080286,69.3901393608678,63.6726614675349,71.2654236062377,67.2570764557093,72.8261198448518,67.0113222995049,67.1024159499727,69.6180351280822,71.4152402446973,68.5696808701975,63.1786282005798,65.429045287842,69.0210076747047,66.4848075014537,65.2058058947938,72.1552702550721,73.4960161844471,72.5079851706759,67.9436906121171,72.8029550738213,75.7586329968085,69.6754314116357,75.119463661501,71.8693459556042,76.5928321577139,72.6076214065715,78.8662261376668,63.7937854868026,74.1323736637897,72.9331347444956,73.9319227023824,63.2201613690508,72.591596196401,72.9606623480911,65.5574122471337,72.1924463588637,76.983110473972,73.5405805142678,69.8902184066263,65.2684565438781,71.7383549309816,62.4909348836113,76.6219691545958,70.7187319608883,72.6254499708957,70.6201114563956,72.8107574053259,70.7408329106349,68.8074153208475,71.6916789230865,68.6208162253842,70.6390559415396,72.7413061507937
72.9577836301673,72.4697448957387,71.7070969667846,77.5073311223278,65.4716871932984,68.2889687344208,67.4026171082867,71.1802222108143,71.9227017301652,72.3412288137679,68.796641952686,64.2802533109969,56.3021796677537,0.0,63.2681449294619,71.0679121545821,64.0193690258253,72.1272913282352,64.1723724288014,76.2762917931705,71.0553764368484,65.3307059497148,67.7981369544621,66.0846044053269,71.372560474496,71.7851628991397,73.1521648830813,71.8058962769184,73.7509156666379,70.2129060219453,75.3921207741747,76.4952773475454,72.2945193002433,69.9688696070537,59.896911657515,71.0693185251074,67.2367439016585,77.1021577602445,72.078544325045,65.5211676895167,69.1706673587008,72.5162456063503,62.0332835707921,72.4727496065296,64.0002434368236,68.5876943024998,70.4976641968587,68.853056035494,69.0036860731723,69.7939576739287,73.880497552773,70.7101863748116,73.9937800092203,71.7771867783749,68.4428727341908,69.7888974336534,69.4030485835511,71.0464655175914,69.885129306904,67.9445829439924,72.6600217116611,65.8275607321207,75.5258880115136,77.1820039637987,72.0574548342436,65.4235664465447,72.0457683588007,69.4357610120551,73.3896823556225,71.8290071093397,68.7996427277878,77.3039869825339,72.9122737272947,74.6758389820321,69.7199696530711,72.4949501745849,70.6963608313482,74.8308461867927,65.5045249547918,77.7788601521337,75.6088004825241,71.8972450572508,69.0357994898583,67.6163442287757,73.3721162178115,70.8697405753738,65.6760716372879,73.6817558245408,71.0501025735067,79.6473000489043,79.8675350294367,75.2623768091579,81.3326996612492,69.7310198204614,80.6161033886884,67.3388266865834,72.6554876024518,65.0305174891538,73.7363469813765,69.1167970042291
63.4755774619639,60.8415209288624,63.1079760957454,61.7857360478424,65.588915932375,72.2807380930586,57.2222345780596,65.8441552382805,63.6919599760851,65.1559102916978,59.0214527408713,66.2545478192665,70.6575778316983,63.2681449294619,0.0,60.372681844481,65.5743062323543,65.4894005049716,58.0306469158779,69.6469030278346,53.8227657870233,66.5226966135865,64.4912698165537,63.4233781213461,59.456496883837,74.9445964034219,83.6826856260613,72.1656320729048,65.4771477578698,74.7568745491098,68.3320703013202,57.7036425775068,58.3722909289997,60.4333026990393,64.6784927536926,82.7794076562701,73.3660377884917,63.7083292739685,60.0991809390073,64.2876539436226,72.2405265313041,72.0903640663353,67.7894814056558,71.7925922906943,68.2105896351094,68.8839193017847,75.8287506114017,71.0107298991477,68.0458874550096,72.3402154431658,77.8838762794003,67.0148475944338,68.2315810593126,74.8803471693808,68.5651844823158,68.8949363551667,64.0143718091658,61.5232379150379,75.6529512081676,59.7057881754719,61.4697485592329,60.6648413757868,66.4801016917109,59.8841033123568,68.5071562834031,37.2438735423875,70.2831784419927,75.3043323511025,68.7796197847054,68.3376406721475,61.1206890043319,74.2251436271561,77.7270831183888,72.1478238760846,62.8171410761228,72.5753368630732,68.0141207627197,66.6243408353065,64.0130009299967,77.2444761049574,71.1911548977284,64.9492453062772,73.4585161556801,64.8126694487661,72.5970420548741,80.3088668823009,72.3509078829655,74.1060888682534,70.9774118433159,76.465475855695,82.2083936989902,79.4961705085531,78.3373669508616,74.945023491613,74.0894908587209,73.4114573093644,75.2643389560312,69.7812971679609,60.864841513089,64.19104733721
61.0400064686473,53.6558792746103,64.6267048861894,52.3010863244007,69.0661843450639,75.7433788827215,40.8432179410146,67.356112543489,69.1120398267248,53.57831890582,62.6729619981243,55.8088288311347,72.9955846345412,71.0679121545821,60.372681844481,0.0,65.1064797245468,53.3803386151167,62.1482694081042,75.8325302945153,51.3215582435656,73.2981924507108,60.59141089379,70.1595106989791,56.6261463748783,80.5358139886622,80.8027239168311,85.8659947318416,69.6277018206571,81.7163453414845,76.5227208676745,47.7104249693923,40.3127766830597,47.8153357660741,69.7851100528638,88.7810302047465,74.6754407193117,39.8703737902316,50.9675237609266,62.8753485743166,77.6799903601579,75.282567533119,76.1030883677169,80.5329496296888,75.0372740829519,77.5659517530045,79.3517456163761,79.2368251695449,80.6967221850953,86.8191960408213,79.5638405999012,68.5745626315578,72.9725295940859,73.6501940783952,65.285253108706,70.9327960053801,66.213498121258,62.612749916054,74.0834938047038,56.5168177724321,54.8436188019762,67.9320363133601,72.6481764019392,58.6266540786682,72.8812909184217,61.1755866390455,74.4845705382364,78.5837966440159,73.6662037481073,65.5814055753613,63.1152924564541,77.6567104617867,84.4260572473172,71.7006557987046,63.2396376592184,78.4009056354645,72.2105015935962,72.6717693834557,70.7161970795323,79.0092752391752,70.8028948353362,64.7710846351725,73.5042092837284,69.0186257684611,83.4761263756897,78.7105114376235,74.2443146388648,79.6160213098947,75.27118734328,76.4138320337662,79.7580154851098,77.7032068112903,82.08172450354,73.3413034389199,78.5707213611011,82.7227416992989,75.5043483167133,79.1686624761941,72.5975434458055,81.7247718314063
64.2086523312762,65.4208587827787,72.6117754245818,59.5714936753791,66.7178977176563,66.916570986834,59.7298800573579,66.8458966854315,66.6306375961205,65.5992793635738,68.0846061795443,50.3639690825063,54.2248922700704,64.0193690258253,65.5743062323543,65.1064797245468,0.0,69.4118257010413,54.9526365703761,79.1056323001315,68.7619148155757,61.6955369987691,61.6287080565773,51.2781507444724,60.9897224743533,66.4882687148859,70.3036329332538,79.4431582098213,65.9717012141454,80.3973200288837,65.028301478881,64.5984212523206,64.7005850808212,56.1221235604154,61.6122722151907,75.6367549764717,70.0249447701954,63.4982412647343,61.7230383972447,63.5025680879289,68.7456868305596,69.4101565862708,67.9145993130414,69.4025387153726,62.8745786504984,71.4161175925305,65.8638770813025,72.0936626815143,62.6172794031876,72.7652045680217,76.0943723611769,69.3593820474159,75.8338845578377,64.4140508698874,63.1071344764076,65.5481442564652,65.5378322604566,62.2354212859402,68.3390826103853,66.7135482064364,62.8275807386095,64.5754926099378,67.4987492872836,64.9584756332955,69.3840847312734,58.6927414586914,72.8782698427195,75.7042103940134,75.7337778322172,69.5087409864591,67.4521600451316,78.0850408641789,73.6944867481629,74.3428379199319,64.7346963721372,71.7091852356881,68.0346602321445,74.5772367736051,62.7287109329715,74.0002491057081,71.7316076641584,77.2309533548994,73.1002779892595,74.4138966275447,72.673599635658,74.7315758910726,64.385906474786,71.8758493703593,63.1440256455677,78.5114767598137,77.0047967336497,78.0670402712906,78.3208867309597,75.590854289706,73.3395638441661,69.6858522798316,76.6864907032723,68.318319337141,65.4613568436437,75.3063987421165
62.7363116859928,54.7988031887919,66.5329286984875,65.1131196432567,63.2516426348406,68.9292468813902,54.2988692213269,58.6171151273451,73.4542935350967,69.3827214323542,65.3027925784588,69.6366441513923,70.4168393389938,72.1272913282352,65.4894005049716,53.3803386151167,69.4118257010413,0.0,56.2333749727932,73.9287981699195,61.1432405484423,69.0290792692432,63.9428706378727,71.8792009946725,67.1789543155733,73.6211311563713,80.950506233581,80.304681162594,70.0593740871717,80.1999868082565,73.5323903418712,64.6835636730165,64.6112760976656,50.6100095538346,64.5725271821621,76.434981596657,72.3021495036557,62.9421526709648,59.7697958761055,73.6357334113754,69.3336713913302,76.2063588658746,65.7897292759313,78.4964564119882,74.3232407846516,72.3390760115347,75.3250257917413,76.1610133104426,72.8818534647998,75.1632549178789,80.0206760913099,63.4212385744076,69.2141393115811,68.5454060155262,60.1442252866229,71.8900134898341,61.9925577436661,66.890527961382,77.5624126657321,67.1417316616558,63.9262673850839,61.8103324429542,72.4548513837116,67.3616257198641,75.0657019446528,62.6726740893343,66.0396530955207,66.7779615001676,63.2825066375987,56.0967739577898,63.1015534444945,73.2904776658405,75.7624387355414,79.4722065054776,62.4760388768164,67.9114316011591,61.8240182660288,69.811907890758,68.4237139167417,72.2087011866712,65.2275655272394,66.0337959877736,72.4928267118675,75.6107388133159,71.3770318616573,69.9584784626695,72.7972583424532,74.9358772164438,68.7810865263802,73.0832840425773,85.6633426884347,84.938122014272,78.0540849911633,79.9404363768752,77.6058219232744,77.2387866923169,71.5052106016511,78.1296117712442,72.2271200962553,72.944922365231
65.0366444338103,65.1374478879851,72.3168121407486,64.8306684593184,69.792848183259,68.7626905297908,59.7701945045209,65.1023061137582,72.0433660556031,71.9541117478995,63.7782622621,68.6252185424722,62.5355544313985,64.1723724288014,58.0306469158779,62.1482694081042,54.9526365703761,56.2333749727932,0.0,78.5808048235169,48.3662251338065,69.3371476712999,67.1027227673022,67.2430113705281,61.2938225600848,66.372347414016,79.0357279947965,81.6456893745751,69.3982717630146,78.6967240173908,70.2476055437235,60.3395497147441,63.3556413971928,56.8507667832364,60.8226454368073,80.1276039106109,75.8333282766356,59.8186816847035,56.7493283297203,68.9173279269539,70.8157872003171,71.009561673237,69.8330716744398,74.8585219826679,71.3634525031284,72.9715038984521,71.9877736485712,73.3382598422928,65.7927563806491,72.1277978873008,76.7679247138311,67.7174385827983,71.6708377377847,74.0335361366079,69.0138615514099,68.8450501381185,66.7442044487342,71.0615291667556,74.6520989787676,62.0187659392942,68.7551592670884,68.1594216005406,76.7964472723895,71.7058240219497,74.6331312815922,59.8745557053069,66.6596469936998,74.172376401285,71.0089663489593,63.2638880564205,63.1238135208412,78.0692250282094,76.006247734833,75.0593062779291,66.3347474674545,74.1870950809378,71.5685129158103,73.7556538949866,68.8057481015988,72.4911407871077,74.6279885420999,79.6485333250878,75.2402366024676,69.4723065289753,72.798472027085,75.8947375182433,72.4419162039837,76.4749572494941,69.7810364485279,73.0337830841942,80.7847948295038,80.4725331503589,71.8990909092843,75.5466548789535,77.6947447967227,73.9590285644069,73.6386812630679,75.1943745973659,69.7689939870446,72.9537032683016
75.4031337375409,73.7422720003248,74.6513980742833,76.0512686722803,72.7966055581782,66.6225395290324,70.9654336146029,70.1245140024632,77.3932781730854,81.5901865655634,77.3929112115244,81.4154916426747,79.7592652295506,76.2762917931705,69.6469030278346,75.8325302945153,79.1056323001315,73.9287981699195,78.5808048235169,0.0,77.960387293667,70.4259181439915,66.1907741043015,70.4075712487201,85.7685874804202,77.5410159414173,63.0145270222413,68.1556716685789,69.4560722738566,72.032383208914,73.0185773783862,77.5848313587367,81.6194493600101,79.0193745742319,68.0468952163494,74.2652959662588,76.0032516184616,78.8279880187301,72.7199317320322,76.0483126472341,64.9880973108323,74.7888528645908,71.2965879983757,69.6094573154543,75.5806443857892,70.2470564941507,71.8792993256375,61.0532690176226,61.9778455851739,72.1918969928529,75.1368036340571,65.6508266405055,74.545064727989,67.9310441994987,71.0175455561423,67.3990020495616,69.5789023029716,73.0300383542658,72.697987785663,82.7494700458193,77.485268151449,69.526762897559,74.0094710368411,74.5914393108145,66.0758763263104,67.1653531345582,67.7171939928148,68.5236849000418,69.562302514996,72.1641979367788,64.6730241511434,69.2333625468688,65.4592451307398,68.6612183270053,71.1334395965225,70.220051449636,68.7629247396867,63.8435918339788,72.1213414733672,65.5502695659245,62.8472664535387,60.6354394480709,59.0401555706731,64.3130311397589,53.1802676010174,61.0555523021238,72.0646844838382,61.3301985877231,73.3536908852313,65.9088044788177,76.1416569788329,74.9175584167759,69.7443349637781,68.5121513737904,70.221535449519,68.6213599097658,68.7313170743026,66.0664479840133,68.0473349252048,73.7873141672836
58.8541034021136,58.4294801204715,73.0158234992062,60.9816677072702,70.0444095621527,70.7657412102297,51.5740285588646,70.7559514882311,72.8327671950232,60.0248923659467,57.8740841515814,66.4145751766456,66.8270435202415,71.0553764368484,53.8227657870233,51.3215582435656,68.7619148155757,61.1432405484423,48.3662251338065,77.960387293667,0.0,75.9555166173273,60.2653767912766,70.6692048087565,64.0750092168097,74.1091531308728,80.9980809934239,82.3413036969977,67.3099823659271,74.193057420715,77.9524262388203,54.1667482814248,51.6946560511802,60.8345413052287,68.6659238322156,89.6406344599484,78.4338955863755,51.397451354075,62.0511771367611,62.8413560242978,76.5043401379135,80.9636666748489,77.6260284535437,82.4097267125378,76.2748481575916,80.0879311162425,82.8719826991688,76.9045925695853,71.6983914266371,80.0528994196852,82.9641577908508,72.1031588201947,69.5368200163212,76.0792811320053,69.3632521730885,73.9809701378168,68.1702770074971,66.42709956844,79.6112524631274,56.5460645712919,66.7190012121428,66.2267997682664,70.7232780370481,58.589640896459,74.0813266089472,60.1610489497559,68.785117068435,76.8826809518647,70.0762219136915,67.7586703333049,60.5183162442628,78.6953656391945,83.0447409100687,69.7340111702689,68.6623823723629,78.2565432847522,75.9674842094017,78.6835044400304,71.6737569072877,76.3743346847145,76.1388231118728,71.135715381962,75.3144518207606,74.458617857194,74.6789382887869,72.3968251890644,75.9881162676222,78.8737765005793,77.4558974317412,74.6047756602894,80.3183483886553,72.3630412460416,70.93816059895,79.4588230610089,76.7754525638549,84.2220815168381,77.3587824913036,76.7748347070382,65.3544094083332,82.2166465441948
77.22964549114,72.3138024390977,68.6552481833887,68.2914750893045,67.5779565212656,64.8691229262399,66.5506727293492,65.8186542625446,68.0749885088512,71.9270556596373,66.5085722599655,69.2746180339945,58.8162383721809,65.3307059497148,66.5226966135865,73.2981924507108,61.6955369987691,69.0290792692432,69.3371476712999,70.4259181439915,75.9555166173273,0.0,63.6654229594925,59.1408522601951,73.3473925396246,63.2459594075183,68.1970535928352,74.4566087719721,67.8535817256001,74.2519135082469,73.2300440172352,74.1431855336981,78.0311695103168,68.8557933985031,48.7697404054174,73.3691172057331,59.0937267027456,77.2494881670873,69.9687866137644,61.3291718902524,64.6583560154652,70.5358669622868,57.6914603520622,71.1070079146649,67.1594927819077,68.4853327371124,68.2913879033103,68.8847157214616,64.4538188122362,66.7826196635246,77.4158098582632,71.7647299763589,70.6499976521914,70.5152048235455,67.9417409336968,64.2909904834298,73.3739292750253,69.1621549897597,71.9386663615121,68.2531244615964,68.977540297035,60.9930054197299,72.5862675125794,74.5717162817011,72.5347692036993,68.512266375639,71.5944760660622,68.3280398058225,67.2961777022297,68.6130692584645,69.1633736178131,68.5483308058387,70.618132557568,74.5949174387561,63.9174351062517,71.863374686774,66.4638034365253,65.5614726566034,69.4848910324504,74.5546373394394,71.2531563750675,73.7847262381785,74.8869230189541,69.5853096097163,66.1078258398189,71.7610365910261,63.6225396098022,73.7694756641805,60.1788707229031,73.5165245324305,77.1068308503863,72.9782713663409,79.4830270964687,71.9112229375525,70.5940927208061,72.8209547086699,67.8065927506151,68.0205871034629,66.0655251141297,64.6817618473857
69.7053767558993,60.0746958672221,66.1723136952167,65.0489951724824,60.0209760510823,68.8438338207098,59.5165079527841,63.3595627019773,78.5601647990168,64.3863769735609,70.9217771915105,70.1155253427143,66.9910241327846,67.7981369544621,64.4912698165537,60.59141089379,61.6287080565773,63.9428706378727,67.1027227673022,66.1907741043015,60.2653767912766,63.6654229594925,0.0,63.7044577421416,61.4812093706999,71.6999713239602,71.8651932778658,69.4438568168113,63.5686049873737,79.2655852453851,66.0460751045276,61.209142806922,64.8350542754671,60.1648504172756,63.0987879889574,72.3151222292954,68.2387429896182,62.145017301911,62.821514068156,71.5670001577526,68.2539934194205,77.3787095051648,69.1702389818253,78.6696280579313,69.6496600791559,74.3035859473124,75.0535706464508,71.815613062923,73.1065332751732,73.1443192762913,80.3189857068102,70.3744740754301,74.9605222073893,71.8929412772332,68.8922186935103,66.4836404050724,66.3771316248224,66.7963399527749,80.7511989066584,69.9259711646087,62.4629795392831,68.507430800657,76.5607827059403,63.172589051424,69.2049488214653,59.4721607844674,73.6375912418196,66.4624175937799,70.6958013920203,64.4297517778006,64.7935269038283,78.1307391695231,72.4613724030557,76.3101504805877,63.7789508414697,66.3122700578972,71.973150365257,66.3801553525354,60.3191292860265,80.4435407720041,72.7483082180579,67.5275888860006,72.0154676020788,71.5432332023878,70.7837637237816,77.8345370143501,65.4123299030663,71.7063336155987,67.3580465646741,72.0537252318103,81.2347735758778,81.2293900953337,84.336069473545,69.053258913463,76.2640541841372,75.2708761578831,78.5031087017464,78.2739058012052,73.9125599964395,74.5835039327472
