0,1,2,3,4,5,6,7,8,9,10,11,12,13,14,15,16,17,18,19,20,21,22,23,24,25,26,27,28,29,30,31,32,33,34,35,36,37,38,39,40,41,42,43,44,45,46,47,48,49,50,51,52,53,54,55,56,57,58,59,60,61,62,63,64,65,66,67,68,69,70,71,72,73,74,75,76,77,78,79,80,81,82,83,84,85,86,87,88,89,90,91,92,93,94,95,96,97,98,99
0.0,99.2926342396468,96.0491830682237,105.017691114186,97.4646553976615,102.086672998843,101.922303401067,105.526919081013,102.606854743021,96.5981464379099,95.099979017783,99.6323568672301,105.170111323288,115.199646937121,98.4925146255097,104.372059130285,98.5353995517402,103.028253077345,108.293666413405,102.234705944422,106.079845441829,101.145428634949,104.426483910771,99.3629223013337,103.314057071362,99.9412429320293,95.9988970189852,95.9693895536073,102.404315285872,102.854487622313,105.43797032183,105.113519254712,98.9726782891623,108.179944858695,98.5011874436655,101.33242048167,104.272884448538,102.022042012137,98.7342068032119,108.633728582162,99.3971044259057,103.595507449097,107.506056794437,101.018476812345,100.453499950344,100.763574530761,107.648559691352,93.788911698422,100.460280648048,102.545305350551,88.7110658708938,95.802753864328,90.9962496298369,97.8011557169185,101.888923287392,102.248404153777,99.8990605055335,104.391114373669,101.187030536592,93.3256202475111,107.542829525121,101.679782948575,102.440588650451,111.447121485251,105.839536771849,94.9313522547762,100.712751076513,102.917167548531,103.006857747595,103.813184852113,101.22142025021,96.7360168263873,103.323766054037,98.3714553975903,102.703693949462,100.958662278446,101.679355763808,99.2552738704913,102.159022819144,99.2368760864951,102.960720692538,97.71879717518,105.730564124425,103.289528783072,107.749763600395,104.585953788016,98.6658045453834,102.19454169417,102.709938073368,107.489312526649,93.8050343694174,93.3464818267197,106.130324784586,104.234747818917,105.38055354635,96.8979760538443,96.0887028569552,101.831420521938,103.479081684912,101.620541473196
99.2926342396468,0.0,92.1208419054593,84.9770588239232,75.7033238913645,103.382085880672,105.894806979775,71.5363058397494,97.826974299922,91.4216040953479,101.306668613897,92.8788440050813,98.775152681831,107.447756177315,89.4438972798079,96.078694508299,93.892656531284,95.6818462622185,94.9485125140433,86.4847961868566,107.189033467369,91.3188091249772,98.4462521063861,88.9538564137214,94.313452682834,90.5746860435343,93.7490360919471,91.6971500970762,93.5912861493575,98.3097071870128,93.2353723723313,101.950066027884,104.113442062546,96.9907114881615,98.3652884118635,95.8131071262945,94.9981153810091,103.732008618785,99.1899719949603,98.96105020231,91.00130412402,86.7788426861625,97.3483707581897,98.3955388086868,98.6254123097089,89.5863103132101,91.2611789068267,92.5665236694287,87.258320170506,89.5850438325103,91.5258065633613,73.9983752702086,77.4313829284583,69.1306400286786,90.9670658654415,98.8843657658217,89.5624766326526,95.4495972217347,86.3747997047931,90.886712326096,88.1078988008759,89.3390063381421,99.6865321976066,94.6712844172563,92.5234905802361,89.6625688261643,95.6286846400917,83.6153039827459,99.2029441551729,83.1024388687816,95.8849990554291,90.546202583919,92.9983656024648,104.087261449865,82.3606767546324,82.5781271457675,94.1896304117599,77.5753390200516,102.81612379052,93.1170633714397,91.4980567930953,95.1644963705351,93.7445982683643,93.5290578856545,83.1871142805066,84.890468880991,97.1737704106373,96.5941598350749,89.041775425513,89.8725259169019,94.2898773894617,95.9740250347034,101.95695130594,91.9457350179056,96.4084404888002,89.8306733548232,88.090470032379,90.7511573569616,99.8508943082795,91.9520821673178
96.0491830682237,92.1208419054593,0.0,100.348350136128,93.997894466993,90.4638789972282,98.7754890545049,94.8790607949211,96.749811702433,86.5510647825726,91.9856614395888,92.0609892348954,101.634316234482,103.798975033071,95.9946395696587,84.9016131887399,90.78644065261,98.8366004078421,92.4787005902249,100.495995107823,101.66706107113,92.7193578361375,99.2619372387559,89.2204065282468,105.949079253951,95.4529890828579,92.6411824138394,92.6117708330495,96.1107001153524,96.0796035541085,86.6003266674073,99.3688646223171,98.8147125693458,103.289097527752,96.250825532567,90.7244873009913,96.5776563246946,105.18376463456,97.1100837000289,101.025385300499,104.310065443299,103.346307488174,102.848992816395,97.5463513241433,94.0225838911649,91.3075963562315,102.906914738656,96.969505458941,101.61392784965,95.9135583014465,91.561265798926,87.5046431895232,87.8742246015167,92.3152334123217,92.4542845826081,91.428492524193,95.5305948547995,95.1415399036203,101.61354766594,102.664359209146,101.024660094978,95.8538655991403,89.5435205861411,99.286418218804,91.8330480300784,98.4138625191946,100.491301086953,97.7915693022885,101.58050900003,94.4397444718569,91.6063769257582,92.5373483834308,95.865048110276,102.409709816708,87.0952358016887,87.2805423142583,93.7031340745525,95.1492640956094,105.883434395815,91.9669712660774,100.705561915812,99.0420629922575,102.167581618872,97.2125103440976,100.179019051562,96.9297039215848,105.638321746723,100.498050016671,92.2347254102105,89.4866202835257,103.09866450563,94.0706911930855,104.436293358867,98.2595523623658,94.8502091989743,94.0199949842603,88.8659938912731,94.7021233900596,94.1895898394556,91.8086734736532
105.017691114186,84.9770588239232,100.348350136128,0.0,83.7044233237727,99.4034123753542,98.3478888388785,86.1298663220679,92.4960561549237,95.2263860908769,111.589317684353,101.312805576841,105.084336215902,104.783855053348,103.626358653918,98.5963496792863,100.710888671168,93.8963875769015,93.9696560576216,93.91074908245,97.000655428477,101.45790916818,99.5947181790306,93.7868880091904,104.249749764818,100.538770248186,94.7671463831851,106.962134957799,85.7026117236812,104.904780408294,97.3550529903564,99.3695229570272,94.0136006671787,98.5896899664664,108.51165733037,89.4278174570643,92.5118434455589,103.655548701857,106.306051875756,106.117838146156,97.7332818795185,95.9212684167286,106.324324944948,92.3440813147933,95.4991307787265,86.2861687321969,97.3100192213975,96.0131414207391,93.4511721224869,91.0712946964529,101.024022201736,91.9545175992474,87.7355809789027,82.4666307420863,88.328815365586,100.635877597101,92.2777518962249,98.7069399819042,94.1343474126893,91.4851622036782,86.6924793520731,90.9065538981339,96.7691700222601,99.7938749667375,92.0152143618441,94.8501787295023,101.119719391774,94.7309659270315,90.2219142342383,95.8748905181146,91.3855869904181,98.8734044712848,99.8946644458162,104.177385707234,98.4392336351181,90.928387968502,86.3151650355038,84.412684380584,101.038396003482,93.7508807354575,92.6750511638393,97.9304721193769,92.707495646304,95.6650274709243,98.789690947457,97.3428773779572,96.1392200579855,96.1438894803854,102.49059820121,96.605565561887,103.041561991503,102.345131075016,95.6863709211667,87.8483580691991,94.5639094045591,99.2989680130276,88.6498333900929,97.6902444125422,98.2797017110455,97.7639318744523
97.4646553976615,75.7033238913645,93.997894466993,83.7044233237727,0.0,102.451724084726,99.9836023490382,88.3806769130695,97.2989467194178,91.4982246656112,94.3073345535028,92.9456490955527,102.602409017941,103.208810299928,95.616314687808,89.6468865307994,96.0294743084138,91.4423763197312,86.3669325833598,89.3550368954404,110.208877121268,93.3851650164578,96.2549053051769,95.9318579365307,93.3089105553016,101.403044220701,89.4325266379628,95.210209253793,99.0921312798932,97.7083952282819,98.0136986926561,102.44270236501,95.5587019941519,94.5994464164008,95.2691144241829,96.6999553556095,98.5908017561281,99.4427210068761,104.313526605383,96.592360700142,97.0558310244733,84.1636288747195,93.2998163919285,87.0676061118636,90.6280932464181,85.1466782172061,88.8790940239534,93.1300150445557,92.0491189338659,92.4268343032767,92.7594423013679,86.3585707114564,80.5000799110033,73.8949233977382,79.2966432519007,103.050311659127,94.6156785426732,90.2129299631715,98.5520857486131,96.1916264894787,87.6928808215019,88.4972847351494,96.1546155706928,101.849544204766,88.4938069155641,95.5889502095435,93.7300052888266,89.8849746378494,86.3699363728765,93.8482014466057,99.1331088138317,90.21805768593,100.146107406409,105.22474888593,85.6870986265878,93.6118126220628,91.1216087424213,87.7947105974672,103.407326796028,90.9570654763702,88.2607505891461,97.0446219219722,96.2173081610329,92.2425890328605,87.4464843366521,79.4477542232103,95.8991035577997,95.3479246439244,92.7247124177843,92.3800069739619,97.3948382869586,99.1942858614146,94.8944717217026,92.4111094402939,94.2082894384006,89.1074876799375,87.4130235996032,90.995866245114,96.3597073322719,100.390009776877
102.086672998843,103.382085880672,90.4638789972282,99.4034123753542,102.451724084726,0.0,101.717119003471,104.036876813743,97.8638771130612,97.0375115126887,107.534455339387,97.9131394275192,106.298111880501,103.30682567414,97.378230172348,102.151359163398,100.152730501457,97.6632969951109,98.5956808232362,99.7517221642682,91.3418609605183,96.7292151432676,100.273929861875,97.1962373842591,96.6544757019215,101.279121662709,88.9092586042728,94.8496864638044,87.9121796239118,97.2150120865999,104.559503847935,102.129374103756,101.045852154269,99.5965787587785,106.453108091389,90.797750635292,100.468257422533,101.830122641589,109.260618059092,100.144400755587,104.604885129069,93.8105641275881,104.620097939013,108.127153961747,97.300398433142,101.872718358938,102.159116734269,108.887943474531,88.3977330520901,104.090125212377,99.8422848168424,99.2122433369306,100.679757419059,99.2773248759894,73.0797093716359,74.9980952710336,103.402628921657,107.414995263832,109.31923482762,98.9645902996696,97.6694363708878,94.3709391835554,100.145831641372,101.261579436084,90.1181282730663,98.8306588174624,103.323994037609,97.5991745364339,98.2742565124681,98.3413950071878,94.9830316126098,98.2318367981586,92.2807903338869,102.428023836882,105.427461706592,97.6156883771421,95.3124334298813,86.9104312525087,102.633873538484,101.723820120082,103.127420764603,98.1765426994861,102.683253858133,100.205212691388,109.428718879287,97.5220884747359,96.8771923020135,92.0664094469136,96.2044546077219,105.793746058725,106.384257250153,94.8211997256899,103.005672668096,95.7975105725431,97.6584387728874,107.431600327472,107.354200506995,94.5341275829801,107.084235306281,96.709784230991
101.922303401067,105.894806979775,98.7754890545049,98.3478888388785,99.9836023490382,101.717119003471,0.0,107.417208148242,99.9040051408899,101.363079022674,106.621754114467,98.1713969622649,103.639936640975,106.838478985304,100.009223635676,95.4565428081984,95.5301925776267,86.9369736806414,93.7577470829409,101.196220250155,100.433596624768,89.7115220765352,93.3168116228139,92.2790302342564,98.2872421749226,99.3854068231746,95.6896978000192,99.0407530792344,99.2790188505387,98.7445120102102,105.582478079964,108.689766421367,98.410970310447,94.49001824365,89.409773343414,99.3510307687702,98.3344572783969,94.6994904409576,91.2216469306221,98.7196914044499,108.973395751051,100.382350628947,95.7830539899421,89.6120004106171,86.7113859543469,94.3441942662345,94.7225488263061,105.61202677493,101.812061829552,109.726059901493,97.5973409714211,98.4677259623342,94.2021621088155,99.6778858094716,106.560110879074,100.629352090932,97.6717238491477,109.867542131838,106.1610975756,99.5802456763503,104.325076994421,108.137872804523,103.273891008147,104.905133385605,110.206451759703,106.103077228967,97.6952436111493,99.6169838535333,91.0980603067104,92.9042697472012,94.1793985205453,102.407283082581,101.287889352158,93.4548738855325,102.1462458238,107.664749800096,101.927835820054,92.9938244434203,103.148149699462,100.702774165588,108.915515377148,100.031569209329,101.175885493053,98.8716857169743,104.366294958265,100.848949624834,100.127189096188,100.122586416842,103.523127144285,95.2091084593483,96.5972969137895,94.5664316529808,97.9152219108165,104.669815649969,94.6579610003412,99.910057047667,97.2404138179785,95.9717923053668,101.689559845966,97.5335462412657
105.526919081013,71.5363058397494,94.8790607949211,86.1298663220679,88.3806769130695,104.036876813743,107.417208148242,0.0,86.211026177232,99.1413520449071,100.284212743203,96.2374498958134,98.811722783803,106.171935447497,98.4417082665337,94.2006225402269,99.1196178843272,93.9683842555699,90.3617739154494,92.0401209097572,108.762782744662,92.7188752429614,88.1239484941045,92.9392585909564,104.584458426719,88.4823596650983,91.7700884579973,95.4658295416335,107.015669846021,97.2498436371473,83.9201462991252,99.3402777904207,101.970599083072,91.5202349059289,99.1240444836728,93.2337968670261,99.1252199114105,95.7084469357674,103.197511116973,104.631790322286,91.234805210933,98.1726105114186,106.213065890837,99.3447985645281,95.0333819114404,95.071407326831,96.2337967027458,91.5166191607064,97.5104042398188,91.126177973131,95.2182372710915,77.5975560462368,87.2149941373627,79.3260809418102,87.0158653536243,99.284175495254,78.6115814563688,79.2891049054429,96.3027820116406,81.1689497794643,87.428568344259,87.8656799876836,84.1346720657724,96.531198619834,92.7729747405718,95.6241711154309,87.7231038290356,87.6856146498223,98.6557741697075,90.4394449934623,101.86235556155,89.3617595101159,103.090355546915,110.016795921291,73.008624949271,84.6187690506296,98.3259165662763,85.0783401913897,106.158347892963,93.2727209016488,86.6668643613615,84.8487136422601,96.2209106955697,90.2274169084043,91.6523406900355,89.594462365608,103.486677353721,91.0968941371313,96.9490039304096,90.6495879324409,96.0364077097253,98.4152814749559,97.0119655989012,100.04152459448,89.8777792810657,93.954993348828,82.7415353627887,89.9365770984832,100.840446899068,99.9652619426049
102.606854743021,97.826974299922,96.749811702433,92.4960561549237,97.2989467194178,97.8638771130612,99.9040051408899,86.211026177232,0.0,100.605290493026,106.05589238463,92.5164614938918,97.672969228419,97.6674549406428,99.6773827976611,92.11598682009,99.4410597149852,97.090764636832,98.85587207524,97.5390775496322,99.9204021144649,91.3942339992377,102.012413749675,96.9356138732798,108.772303219425,93.5636267933763,94.3415771312819,95.4005095217941,99.0372154437733,101.491621378198,88.9441977823116,95.976672718031,100.239103925945,102.702885161857,111.576459989005,94.6069528954906,98.9300132036964,105.122915913351,99.7593858314766,104.687059096697,101.677185746507,96.5639777563792,94.555536863984,84.6008489231265,94.32641892841,94.255633005254,100.43946675171,92.706831312597,99.2689627713175,92.0971964088942,101.093872216113,91.0677120824705,89.2040313169296,93.9299737970774,85.8350089168216,106.752168167196,101.475079660301,78.4683459565325,95.7541423266334,103.061423739914,93.2519908463531,89.34108276806,95.2084773817178,104.290522307807,92.4248116181164,99.1139991685643,91.1073037289782,100.750910943486,99.3195934744217,93.441207803687,93.1763681122537,91.5053518390477,102.330881399529,105.339086344525,88.7854854546671,97.1983714001982,93.0841238652157,90.8319420194445,101.909280143062,95.3085123519025,94.9939136933301,100.539264106163,98.3074245235151,96.9898270742554,90.9333313682227,93.1022404408875,97.9523627033015,96.0860762665041,100.715930442117,91.8455171154633,105.417611281776,98.9633800263295,96.4370772635079,99.7889733255347,91.3711419246699,91.2373788190384,95.1173392147506,88.4881545790509,101.233282668672,98.5779909184609
96.5981464379099,91.4216040953479,86.5510647825726,95.2263860908769,91.4982246656112,97.0375115126887,101.363079022674,99.1413520449071,100.605290493026,0.0,89.1427624785806,92.8615470163534,103.913548354892,112.076302106778,96.7667581084459,92.68049677626,94.4653395399423,94.9742980538427,95.0153492547971,96.2051842374393,112.735347788244,98.8826991615664,94.7435678281092,92.6916909787289,98.9089871058903,93.7704506131402,94.8390074058365,99.8740575251847,96.3264364662351,104.731572905841,104.977793510955,108.544485459591,97.038195833311,92.6569587599858,88.369620397918,98.9314626425841,98.0488912289617,100.400929650353,95.7057549239046,99.9215643448511,96.7152473256826,98.7464436712956,101.100046700805,90.0177822989928,96.2432987201565,95.8204786026966,99.3211129477942,93.8969154935149,92.3373404662935,93.4699121179173,90.7818537670723,94.3574911225688,89.8202221702547,92.3248992225295,97.9082536444028,95.9040702440867,96.2536344421827,105.917877136445,95.9254267646053,100.447853799859,88.3812149728874,104.801182732369,99.171325646907,95.5071697755242,98.8426224503069,92.7423027438227,92.8234119483075,102.681797423648,99.4467243045569,93.0199257686036,98.3666604351435,97.8927584930013,94.0819158876021,95.0967993716559,86.8359857062622,84.5022718991173,97.3814716571461,96.1988623054978,97.1695653127837,95.8458116112929,96.5851518967677,98.4175220115543,96.1592659675479,92.4363139768277,95.6918998932658,91.9843604727698,100.716897216317,98.9727498135596,92.3453354887915,87.890788016501,94.8619861805543,90.5344818051627,101.121077319185,100.892393255069,93.5730263202075,98.3572703773958,94.4526399462591,88.2914154428164,84.9552694194764,80.5411478259275
95.099979017783,101.306668613897,91.9856614395888,111.589317684353,94.3073345535028,107.534455339387,106.621754114467,100.284212743203,106.05589238463,89.1427624785806,0.0,80.6545808268419,97.8911592353336,101.208631826828,103.210933100286,94.7053837476259,91.6097262184444,101.942722200228,100.028953716362,102.107261815609,97.8108104261129,94.4102721837763,102.270691507836,91.8699081108488,96.5291668770502,99.1972841965794,100.799178527294,103.06356988583,105.144042116846,105.032587996241,100.803928264618,106.425831531469,99.8012832393115,98.8788345604081,91.9058104696145,108.999219948948,104.370336853044,102.955416826357,100.496843205605,94.2723332419232,98.6228048657127,107.369984769169,100.461765287112,97.8106212482085,94.1522926990967,94.3722719258071,97.1416932626317,88.0891689927684,88.9144941182995,96.2173113116306,97.0626371242282,98.3465179829688,95.7583616412997,99.7280801117874,104.485693028566,98.2807467888614,93.0578476429667,102.712430259522,95.4102928194364,88.8848554196007,96.9628762392148,99.1466936871307,97.0270739270658,98.5399942457629,95.1458112670331,98.5224514644836,97.1368197422102,100.443614845323,95.6160446239874,99.5951475829335,100.971616985958,97.8105283879291,97.2308890435877,94.3482495905547,94.9278817543106,96.8443381870595,103.606784558372,96.8156651804785,99.9131423071734,101.505684374368,103.963297236351,97.9678023635712,102.272954382546,96.4021742177737,106.403101346715,95.2047102487004,100.79673323989,105.37408805314,86.2866450964317,101.749827303158,88.9158146677731,85.8474642466326,95.470285395963,96.7770532646308,95.2190064785531,102.193582684484,92.3908423468238,87.3687384479544,96.3430668248273,89.8138491196024
99.6323568672301,92.8788440050813,92.0609892348954,101.312805576841,92.9456490955527,97.9131394275192,98.1713969622649,96.2374498958134,92.5164614938918,92.8615470163534,80.6545808268419,0.0,92.4085243840942,98.5652795026406,98.3775549063409,95.0399116995253,98.3867795372896,89.9173174741072,93.8474430760746,92.9659732496342,91.382329041538,85.7726813166417,104.592896015984,85.8605085599822,97.9084543211661,95.2422628716771,92.8607467943477,98.6083469801091,100.718652841886,103.103520787878,87.8215403734684,100.249710204496,100.126077957326,99.8225833837901,85.4404666926679,106.38227587615,95.7906162195861,97.270606117634,108.999335146895,99.6970715508462,105.182692736978,97.243338533025,107.227243789515,106.172536830654,96.9641032252367,97.6812206795215,95.1380112756391,91.6068935505508,86.7541398866143,107.476806870088,99.0144750572224,100.18612989332,91.2577519144815,96.6211857294758,93.0121863280979,102.575569178885,101.162964749185,89.3443219275666,95.5339425075068,101.301395489958,102.275082686221,97.114096884245,91.5357592747778,92.8804738512138,97.9778884440267,100.235373375888,94.722347394708,96.0266705638773,100.470453545672,94.5878858619517,101.301091728242,97.8843309644494,96.3403014097414,97.9890472728053,89.7504820485927,87.4738552035556,104.705498664252,101.129547937824,105.883213874759,91.7358134227864,92.3682756888288,97.5693740390301,99.0646660708112,94.8158329619571,96.7943096066236,89.1928364485843,97.7545361824631,101.867960111998,98.1023084848548,97.3322907542433,96.2847566806986,84.8666563460918,103.312193472484,103.190359003787,84.9501412345765,105.550655706532,97.6507020151268,90.4560263427446,97.7637012455475,100.024494247423
105.170111323288,98.775152681831,101.634316234482,105.084336215902,102.602409017941,106.298111880501,103.639936640975,98.811722783803,97.672969228419,103.913548354892,97.8911592353336,92.4085243840942,0.0,89.3255113552552,92.3981811233664,96.7639219376104,91.5372302914332,92.5490266904221,98.2492074876489,95.7419758143265,91.5479529057882,77.3167843523956,90.9560644053806,98.1563012252394,105.464339237732,102.360956122634,90.916676232439,96.5213585434254,103.84311878339,103.121014313529,91.2163091895957,102.530732385914,101.072520534965,102.771341295328,98.0186500716012,104.840645205666,101.853798405805,94.4137622534169,112.933695655713,99.5602044120438,98.9330362244148,99.6515810989485,104.702892211418,103.597398125469,99.2277318945412,99.9925364969875,79.8765673226486,95.6483540450668,104.317394368294,105.570031301126,99.0204579304354,99.1550324981504,90.3791343728718,106.016866752722,93.2868258733383,109.021096598018,101.477179569366,97.3531450763566,105.393706465102,101.368153796444,103.439368829157,102.316392252738,101.89420361149,90.9389055896372,95.4979655303257,86.7807466676322,103.240391375536,100.351929811753,98.6258184683634,98.8311843065686,103.091460246929,105.152578617634,103.76265278328,111.149488566821,94.0626120585728,97.0841967482715,110.825074904712,92.5684704991402,98.1151094787107,102.226776187955,104.887677861208,93.3096468967499,98.897617357498,97.5896401777518,93.7118450223744,97.3010411353802,113.865418242001,97.7740296508672,98.9647049981921,99.1367363750511,94.0362645583195,94.9536344627591,100.961160132054,108.957676189693,92.4822966000887,100.082674713928,99.9145829750728,87.2791776409756,98.9506538520948,100.162788140684
115.199646937121,107.447756177315,103.798975033071,104.783855053348,103.208810299928,103.30682567414,106.838478985304,106.171935447497,97.6674549406428,112.076302106778,101.208631826828,98.5652795026406,89.3255113552552,0.0,87.8077852919909,97.1878981482052,99.5953416525057,91.3838406098368,93.6341011341254,101.229185979221,97.9413578571203,98.0370221250057,91.730316025775,96.6376157863446,105.940155773341,87.8135995613547,92.6591764771346,89.8267928372468,106.580935286651,90.3430926970011,91.6803253237169,101.782223853635,108.115464225839,96.9675369475184,105.257643555213,108.033449127177,107.644584714158,102.47566291481,113.516706948777,102.28155658846,105.733446626793,91.0163125591182,94.0935872308835,109.838431643071,99.1795661001908,102.865576708086,96.0116062809702,104.750028688323,104.143562914599,118.695462129321,100.561906599665,98.946185581963,102.468273571074,108.214651447137,99.6828328476473,106.151820613792,102.717535254067,94.8957733671692,110.246278722323,116.039600681229,106.256335078175,100.820974446771,100.181116720001,87.8275532366564,82.4733370629062,92.8852108455601,107.505808112235,98.6792224468479,102.394018744441,95.930558556938,104.451395942543,108.363629912433,96.6587189697095,109.036842941485,103.954108294469,101.009308532728,106.167043773487,94.8589505056185,107.578363598757,109.061620335977,105.848800380459,107.220554282641,107.462884679526,103.145564021005,88.8763142023592,96.9410833901453,114.105917498898,99.1871360651636,104.589763034636,95.0647390241153,105.810761994921,97.5837878811929,108.901550740824,97.5640972001334,99.3022985863307,101.422786392622,100.457075696623,95.2823211927801,108.319987799273,109.362565861599
98.4925146255097,89.4438972798079,95.9946395696587,103.626358653918,95.616314687808,97.378230172348,100.009223635676,98.4417082665337,99.6773827976611,96.7667581084459,103.210933100286,98.3775549063409,92.3981811233664,87.8077852919909,0.0,95.4522039242226,94.6656970282603,87.6562335145906,95.0093624975687,92.0890354599708,81.7114216636474,89.1737208457744,91.2940049538716,93.0339584595887,93.6635429547273,94.8531621006051,90.5374787318171,89.986479659698,91.6714795266685,88.1970542995727,97.9780493210439,93.880900287166,98.8477625239357,91.083226205592,96.0849494608918,99.6866666585686,98.7016581830559,94.8852339237925,99.3801321766627,87.7237314099723,100.509891734006,97.6151048629462,98.7234032824075,105.012383324175,90.7783887753486,94.9918357509887,87.7468191734291,92.9539209399597,103.783197066705,98.1568443526328,97.1323603208336,84.3134666515185,85.3517546745699,89.1717756002578,93.3686295137772,100.954473485188,93.3665389891071,98.3837171269029,100.583195860575,98.3608159177311,94.1401970335794,98.3249454699158,95.6759051148573,102.329732706616,85.2521711821742,70.1616118902714,105.894798950242,92.3617594648604,90.807526211311,84.4313187680379,78.7496237820514,94.5346173036462,89.161913553756,96.9186827333699,89.123657777956,92.9073618636752,98.1766874991237,80.671525639987,107.694778492693,95.7278900628715,93.8856359522185,98.5872012055676,90.9500984614528,88.3660714811173,90.3131118549606,88.6163414098685,102.767352188003,91.3848574635088,101.367797596188,89.2472186275985,102.821911221953,95.2368862764835,111.357640524178,98.9045772881179,96.4676749394473,98.8330325241132,97.416982916247,82.3963105241056,100.187584746695,98.9772019394734
104.372059130285,96.078694508299,84.9016131887399,98.5963496792863,89.6468865307994,102.151359163398,95.4565428081984,94.2006225402269,92.11598682009,92.68049677626,94.7053837476259,95.0399116995253,96.7639219376104,97.1878981482052,95.4522039242226,0.0,89.7705912918278,89.671223503664,86.2187624642322,88.4409648100703,98.6152728076802,91.2344093805874,90.8451259908862,86.1571192365269,99.7675954415423,96.6427406977744,86.246701028428,96.6486562403745,95.7479614951216,98.8916530465905,95.0797372800099,96.4157380336489,85.4156644189338,89.026376277268,94.2788498608958,102.845645168641,93.0427469100899,93.8322711052118,87.4917010167353,97.973119618616,95.5428558993916,103.184647144517,95.4220632000496,84.8865255257219,84.7347356450415,96.3967039881062,92.4789625109762,95.4333405148937,90.0534433990796,95.7434123041653,89.5615616378661,88.6089113751181,74.2810412204704,103.106850043315,97.5692928156442,99.7110850194804,85.0255846571375,88.6268267292943,102.230214970571,95.6758401224027,95.2837429083463,93.6461700534261,98.4759450662636,86.840462335887,92.5474885216606,90.5357481047025,97.4922419255315,98.4295322591847,96.3577308001221,99.872686336612,99.5378438116819,97.8355393898188,93.5576218841889,97.2888657595009,88.2894420118378,92.067953141737,97.3162833526205,93.6820929065205,105.563309605965,88.9153366137786,104.557238145747,94.803710967723,96.9638008322567,89.6987224504162,96.3148259070087,93.8465674526993,96.1382308728339,101.714604012753,97.6988115140956,85.0439646254714,97.8468389305372,96.8045748767892,96.553489143496,94.3738239446931,84.8969293645639,82.2949655890201,90.2273051853076,91.4207028240444,101.482512541136,85.8163483295273
98.5353995517402,93.892656531284,90.78644065261,100.710888671168,96.0294743084138,100.152730501457,95.5301925776267,99.1196178843272,99.4410597149852,94.4653395399423,91.6097262184444,98.3867795372896,91.5372302914332,99.5953416525057,94.6656970282603,89.7705912918278,0.0,92.6493889167314,99.7420802705345,91.0709411648722,88.3641814407259,82.2288356934287,90.1381742496234,79.0422714044905,102.074246957857,93.1710905914798,102.142453569831,94.0581365958893,96.0036881312125,94.2070940443868,99.1827422931632,100.223332387716,102.223605122737,90.0316465678872,85.728228954147,91.9169693685713,97.6445423584416,95.3017190543947,92.6993814105756,92.9734137742116,91.9299034745385,96.4259634118903,97.5690082833288,96.7825526091343,89.8758109538145,92.0715105462131,96.1183838619685,91.7769904404193,90.0883258001786,87.1534189207285,98.7550008213544,93.8409844038326,94.8280287143801,94.1768967055322,97.8967266703848,101.182112736004,96.3892912378547,101.91012326116,106.691270259676,91.6402138704769,96.2977303356855,103.623042977603,103.141597003617,100.958647855599,98.905902379685,93.1627846734693,101.984423251732,82.618469910415,81.7221459196517,86.498204662304,92.5569819576645,89.7177008514296,91.1315377997635,91.8296237357667,91.8168326706616,89.6715419411701,106.886561470442,89.953179055985,97.357199130037,95.451715143633,91.3122790030443,96.8512483278049,96.09972396867,80.2275573033058,108.472624937762,90.1137421298051,99.5831578772176,91.2568683265151,94.8650448361566,85.5083996011527,98.9608092274968,94.7268524793085,102.073519775852,91.4356199220932,92.5922429777973,94.5375968873771,86.8176718222411,88.9056984675853,100.737316956431,84.3305594003935
103.028253077345,95.6818462622185,98.8366004078421,93.8963875769015,91.4423763197312,97.6632969951109,86.9369736806414,93.9683842555699,97.090764636832,94.9742980538427,101.942722200228,89.9173174741072,92.5490266904221,91.3838406098368,87.6562335145906,89.671223503664,92.6493889167314,0.0,90.0127180470218,93.7379189986938,104.829838842179,77.4407245975342,84.0924063133284,87.7623051135664,93.4563824312844,77.5416944466348,89.0576860479313,85.2879384150057,98.571400375806,95.6567749769066,91.098662245711,97.7208325610442,97.4009127750199,69.6243911835239,86.8700677484135,100.101466446107,93.4503941640684,95.3780482152613,101.170487041092,94.485880395413,95.8372886586725,90.4004481193711,85.9027653268931,91.6664364558802,86.7201674652284,90.2255682869503,85.6452998711341,90.7697286917327,99.1970905218844,109.356794803712,89.9732161422027,86.631481003493,87.9781804318659,94.3644683268053,92.5703830089758,93.3218826279833,96.7851576833822,94.7160109776406,103.529788943934,98.9084324165877,92.0096247988756,109.048138054374,88.5488592854696,93.5917511307574,95.782101199099,89.1324333967379,95.5303924881729,84.5459779608763,87.5515589839118,78.8631942410199,91.7256973176561,87.0635708815798,91.8752625597923,95.8696612712335,93.0737917418178,93.3045735934097,92.2503974313867,84.7220374827456,93.637491253607,98.6949696933336,99.2212578790861,93.5083831653353,96.7767507402689,88.9405294685276,94.6507146927188,91.7995993297785,92.7636971777299,89.616539028025,93.1458726205738,83.5103468418663,95.5219280406307,92.6827759278444,90.769034002807,104.688457608235,89.93967509611,94.5723761714712,88.4967748637506,79.5344824801161,99.5825612336129,93.760122353308
108.293666413405,94.9485125140433,92.4787005902249,93.9696560576216,86.3669325833598,98.5956808232362,93.7577470829409,90.3617739154494,98.85587207524,95.0153492547971,100.028953716362,93.8474430760746,98.2492074876489,93.6341011341254,95.0093624975687,86.2187624642322,99.7420802705345,90.0127180470218,0.0,94.8534546851971,95.9909271615448,94.5946031946661,94.2394045848044,94.0914525330901,96.3922526687009,99.6401446622975,94.6559047227296,91.4823159661562,87.6895267426269,88.8797890676594,93.333302773999,89.2417002768717,95.776311008458,85.7691820822382,89.2325296634351,96.0719762855636,91.5191604750749,96.3508611011164,95.4348135049017,89.7237072846548,98.3765861039534,89.2792411531861,98.0509950948157,91.367594735332,83.197605016063,92.2777353190674,94.7319848814906,98.2911997326486,93.0531459430006,101.398387432967,88.3926835175114,86.9347140730641,83.182531076269,96.9207321451268,93.6336568727712,93.686986926221,84.8209909653128,95.7728833182115,99.8129400294557,96.521112704413,90.7412532263781,94.1661940975153,93.7509352712228,89.8239851992148,84.791373554066,92.7917730149459,97.0015914780522,91.1465640151714,97.8828304079434,93.9486069735885,96.3085194044316,94.0692351322957,96.4177536210663,101.204813988806,89.3782975073688,93.9450306835246,89.0415120611379,89.3127516202039,93.2344621419786,92.9916010609482,94.4423740765338,91.6407633723548,96.7699932808883,94.0052029114143,92.3927142840328,92.5035516878278,92.7783281315994,94.8811174900482,95.8568656840344,84.4995868660467,91.3885463538941,96.0190197008477,96.1530663850344,96.2159714523483,87.7261829503297,90.5300607963565,89.1324633735168,85.9629769080684,94.9457780407504,88.6665755730643
102.234705944422,86.4847961868566,100.495995107823,93.91074908245,89.3550368954404,99.7517221642682,101.196220250155,92.0401209097572,97.5390775496322,96.2051842374393,102.107261815609,92.9659732496342,95.7419758143265,101.229185979221,92.0890354599708,88.4409648100703,91.0709411648722,93.7379189986938,94.8534546851971,0.0,99.4493927719002,96.4178100273701,100.20894960929,85.1640507358933,102.249183241669,91.9666079681705,90.1370116438889,98.8699426193631,93.8533250529532,104.84529525918,94.4932519085328,94.0985243260959,99.8841992955898,93.7523166735057,94.1141722559566,95.7588845530521,93.3096111891778,104.539754092862,97.6887128794575,93.7154426837311,93.5050466177147,93.4573741267403,103.881449658966,95.9065765775605,102.540242048472,91.8432420676027,98.6325838425018,95.8843077482142,86.0767916048786,82.3333034293878,103.941651346181,82.2551254520267,91.13455990768,94.377814950448,89.1196313931916,105.452136511306,95.3525538989282,104.768906112694,96.2149122125055,89.7196999085917,87.37751444519,91.2235450607803,98.8556704584798,97.8688998694542,92.9636597450203,94.1340676399095,94.7861776059757,93.1779009299879,87.1239099756481,93.0872692007799,94.3903226685326,92.9167705520807,91.9616671975627,95.3237493374972,95.9629726277628,89.5586967252067,90.5192796396431,88.1900026374737,106.718668977378,87.5814801139075,90.43387536702,95.4007078405541,94.9018830418454,93.6951195916176,87.7110221976968,79.9389041849955,86.3775786114071,99.6880257194398,101.054768035432,95.9730141488114,101.325881560359,98.316264947308,97.9871091690622,87.529628760069,90.5571195562075,93.0483711870883,87.9479329934965,91.0660816267368,100.110717376508,87.3118530096815
106.079845441829,107.189033467369,101.66706107113,97.000655428477,110.208877121268,91.3418609605183,100.433596624768,108.762782744662,99.9204021144649,112.735347788244,97.8108104261129,91.382329041538,91.5479529057882,97.9413578571203,81.7114216636474,98.6152728076802,88.3641814407259,104.829838842179,95.9909271615448,99.4493927719002,0.0,91.1893291159303,110.079913910996,94.8290414814999,102.499624683663,111.960705479468,106.174029378242,103.363532058897,95.1443503723496,89.8466506288623,105.484091762438,97.4396878358031,105.094788580758,100.219064860529,98.5807315784112,94.5407918555733,108.365797427436,103.754250448906,108.896650430023,97.0843808890518,114.335921168894,107.887418236066,101.872216795787,110.592114949867,97.3375111654948,103.394887498343,100.48361763776,104.569945669408,104.51577012938,106.652362097062,105.756905354985,98.282870085361,102.908990429788,103.457093159208,99.1191712393425,96.274085101262,101.899137995027,105.287942145921,109.207032481254,106.314551074363,108.856796963503,101.034122345182,102.32014490561,97.0856192254726,94.5356248357987,84.5373712935167,105.203973281843,101.506295362308,96.9448986201631,97.6635473561586,88.8842114908863,101.58759544693,90.9766082539151,103.346218121246,109.829947742804,109.346517093906,101.139580324479,96.8925996778748,98.7317156236415,99.9866187313554,102.567915219908,109.379944853933,99.7596576965466,105.864132415702,105.81307580627,105.994097694997,101.321004263973,107.955710599961,103.191838718344,104.932351207942,103.585630845161,95.0597644519816,103.969265888836,97.8045652282868,98.0631339380055,106.589250321224,103.773794350662,102.583594205248,110.175195012768,101.48498055949
101.145428634949,91.3188091249772,92.7193578361375,101.45790916818,93.3851650164578,96.7292151432676,89.7115220765352,92.7188752429614,91.3942339992377,98.8826991615664,94.4102721837763,85.7726813166417,77.3167843523956,98.0370221250057,89.1737208457744,91.2344093805874,82.2288356934287,77.4407245975342,94.5946031946661,96.4178100273701,91.1893291159303,0.0,86.806690995654,86.833198171121,90.8730905193754,85.5717018128875,79.6267989524722,80.9955822304126,96.5316464212607,85.1151494094851,92.5713291836612,107.15351337975,104.997805355064,79.9482347390562,80.5067646198946,98.1076339712716,95.8961451417964,94.8213700785658,103.103131358672,99.7318527322837,93.8651129446739,101.881446626845,89.4210731968293,94.4119797578055,83.3677845284862,94.4126998477919,82.3963154071568,90.7731244297769,92.2366914062071,106.755883093786,93.61089109695,87.0590405950574,88.7065261027637,90.5946994888124,91.7844689772855,98.8872255300565,96.8722414870008,96.4612784941992,102.789590449522,90.4291563152551,99.5769110438507,100.646493712349,98.619335079104,91.2146540099282,97.9354302085422,88.8666373152368,96.7007625631463,87.4276791843416,91.4766420610904,88.1034311829916,95.8027797259878,88.7699108839327,86.1889492575396,92.0177883904924,91.4369346260385,90.9812950244499,105.520075076672,76.5426351956665,93.5856363971047,92.1888704411466,101.33977551647,89.7842593899493,89.3651119106745,94.1675028737861,95.5198371641464,96.254958210112,104.11474448261,86.9776067532816,84.5061457876872,87.6123825843267,87.498547333372,86.1067912497938,96.02472649391,101.429902584357,90.5206708552103,94.5240054117476,89.0497843738617,86.307419750161,98.1509209812194,97.2756909376354
104.426483910771,98.4462521063861,99.2619372387559,99.5947181790306,96.2549053051769,100.273929861875,93.3168116228139,88.1239484941045,102.012413749675,94.7435678281092,102.270691507836,104.592896015984,90.9560644053806,91.730316025775,91.2940049538716,90.8451259908862,90.1381742496234,84.0924063133284,94.2394045848044,100.20894960929,110.079913910996,86.806690995654,0.0,96.0794159772329,94.1097732527158,84.8401473619231,89.2846726337577,80.4387970148746,93.4071057698982,84.0481137607946,100.965257033195,115.153649038351,98.5814988681229,83.2442669727092,97.1596637469076,95.5635850387624,96.3373614108124,97.1001838720738,105.852386877458,90.7654183703725,102.133372438103,95.1445968210463,90.9506906085155,98.0371874950872,89.1775309228754,95.3350426440409,79.1012158321579,101.151313060601,97.364418979574,112.734101698286,91.9800728372083,100.953718545668,92.2318281418163,104.98873890528,95.9861561278352,104.194019842839,95.7048551361586,99.9099854549399,109.409785371257,90.6790455112295,98.5290752013476,101.939171883551,105.937083515026,92.7738259075502,97.961935643028,85.9131454444905,99.8787641574651,86.7768913497787,93.8074961396,99.0918291950855,96.6535822917313,101.14798578041,96.9027451045924,103.729337108552,99.6262468654227,92.6952375015168,99.2811516412499,88.4706971261967,106.997124901464,106.042704550628,110.216466529934,94.9018671830238,99.5678623272668,96.3373038562355,100.880195690853,92.802723216951,112.073728993378,89.2107423721145,101.679962781245,93.999496971887,99.7697845248311,103.774567764961,104.120039615911,105.196686587713,96.6910954533588,105.274309289898,93.5650199884942,93.7464765648209,106.410479171465,93.1969294799635
