0,1,2,3,4,5,6,7,8,9,10,11,12,13,14,15,16,17,18,19,20,21,22,23,24,25,26,27,28,29,30,31,32,33,34,35,36,37,38,39,40,41,42,43,44,45,46,47,48,49,50,51,52,53,54,55,56,57,58,59,60,61,62,63,64,65,66,67,68,69,70,71,72,73,74,75,76,77,78,79,80,81,82,83,84,85,86,87,88,89,90,91,92,93,94,95,96,97,98,99
0.0,68.9139800372238,68.2508746906899,70.1922655383851,79.8331423688878,71.2580659059257,60.5756157644519,68.1361248772856,72.2783795862521,74.6043290537439,73.612354453511,72.9221985656967,69.1586682192773,77.2926061900778,67.0574062851055,64.5328205982254,78.9469949949491,60.442392786142,70.1470047636141,63.4717571230122,77.671640289607,62.5743647403421,68.9897077873013,71.6277003433138,75.823844538579,74.3482627772121,72.0556399143226,65.5180794935568,55.1540892673832,63.943856024702,77.3963622866424,73.7159165188474,77.7604501307316,72.9383770777997,68.3131473047974,72.7556355836659,75.4831764925277,75.6135793741245,63.2600330726117,71.119000352194,68.8905841561037,71.6853104684475,72.3339419299695,66.6470328513884,71.4629916340606,64.7727840157391,65.0332817795204,61.493821901346,58.4900993201757,72.2910555435914,59.4681655391485,70.9597568118922,71.7976534781624,73.3617468035935,75.6123520695803,65.657597941712,63.4544154114504,70.6820059197318,70.0147435233798,83.2137833126324,74.4018515069509,68.4554565729483,64.5646753609144,74.254321542602,78.1164220470683,68.8142774223903,69.0689828294421,73.50808941242,69.1508873648375,60.0608043458956,76.686229683258,66.0697783073433,67.5292965830993,71.7210288450551,72.2613213349028,74.7688648389817,60.6890940522884,68.785529531463,77.1278224384151,67.1297368271635,64.9618515673135,62.8372802028634,62.1523977537578,71.0955811673416,64.3550962498476,68.6793112782799,67.9801924278549,65.3352837676493,75.5071165078652,63.3646995754046,78.2946304255507,72.0771787081997,60.7592568104667,77.7822230474618,68.1761340062425,69.0424208964323,68.2043897737092,64.6519184611635,62.6728696835152,69.3169988563488
68.9139800372238,0.0,62.1300032861747,65.9898104208018,50.8444525453447,66.5167032543417,69.7815256571985,65.0639574403728,69.3402737669629,68.7414131329667,63.5155846691557,73.7531267740767,66.807335357145,69.3366204604782,59.779760857834,78.4083254898293,75.7772190616309,73.6453865933757,76.8345685867942,75.0127600194702,55.9299878958818,73.1028053311539,70.6153378080273,72.5557953021783,69.0764490473833,76.8864889850735,66.178453976204,76.3389781270952,77.5992251251027,67.6360561049604,80.2461437651075,69.5457085413663,67.8363374661725,74.4538175220761,68.6673027555976,67.6989546017609,72.8359706825023,74.271784021624,72.8998124986977,73.2678536370032,71.9862456994308,75.0432461264443,66.0202660879638,74.4489604462215,68.8737586916999,72.9256166123484,70.2006338492716,69.4598869698866,80.9224376411204,72.9758163763558,71.6462379905938,59.9213326856599,69.7410148363854,63.1324696838354,56.1288715870716,70.1751211257087,72.7499070690953,56.4018917359548,68.9516414177143,65.6772925063208,71.152158857815,64.1654655840907,73.0482915139943,74.22211872234,73.1615924987461,57.9845434873574,65.086462822726,67.7801817097989,67.4827497705999,69.8864712286188,66.6098695314869,69.9325383352994,70.8184296533196,72.2424830345853,77.1254022650544,67.0945618177499,76.5769403294059,69.7759452750823,74.8226990300028,70.4149203312825,70.4518765289045,70.3781951697521,79.5699905713386,61.4193276586041,69.7107308608761,63.850601043195,67.9356589442697,74.5039893151566,68.0841303253256,67.8937207099515,75.1211532815561,69.5070489536007,75.6695401995108,66.6860596262086,75.9809191174238,75.1499311582498,71.9331322134408,78.2381806966328,79.0281401648032,72.2916386239507
68.2508746906899,62.1300032861747,0.0,79.7925675156044,71.8590718790101,51.7687209943173,67.9188242201333,62.2051618179628,50.4939760854719,66.3191165684793,75.0448445572913,74.7246367083198,76.5690442835898,80.2205979527505,76.4455863575025,70.1715356519788,78.8606158485486,73.9476171418555,80.4695469686429,73.9834850220039,71.1480531901034,67.5039730975011,70.5986725285615,76.8434745222171,69.502813015426,66.7594345241585,66.5696729143272,72.1437322432958,72.4242945801448,72.1289498466964,82.3358457047471,81.4641940378659,72.0600394181344,74.6639301014767,63.3445747387957,66.9855490134442,78.8777737845582,82.9881850582362,78.1440278002946,79.133924861189,74.4182024558719,77.4684472316387,72.0460496931796,83.0151432063081,68.4998182580969,72.2009291731799,75.577010631334,72.9087975338278,75.7649941305533,82.7916813126507,61.6489644412235,49.2661661070089,72.6329123333096,77.2504439593398,53.5775132542129,47.9000016730118,59.4330188739023,54.3180594830126,67.8958842924346,70.4954095321595,64.4096436231935,76.2040476307517,73.7678396126226,77.9277947128299,86.0879055890844,68.543480479127,73.238462890998,73.7716815032377,66.3888754008649,66.7962578855503,68.6386514118892,69.1809769579524,63.3965963005652,73.8104499804045,65.265603760302,67.9042943240226,67.8133055282573,63.3106820121571,72.3231241574596,74.0374769786824,71.6394798837841,70.6152362054557,77.5317634187982,75.5550880801948,73.0327830219048,73.7018772502102,74.4264482537097,80.3780878714959,69.0225466104753,75.8392635542298,78.7554714583066,77.6991413695031,77.8575776638181,79.1605117210566,79.1581971436924,83.0464489865671,74.1135405222976,79.0660705941761,78.2787501657959,75.593031756202
70.1922655383851,65.9898104208018,79.7925675156044,0.0,64.8484800235899,71.9238622193574,75.7772913893923,75.2005552071483,76.0177938508292,69.2983301164248,62.0250585933539,69.965374336594,67.7856468439896,71.1219041206593,70.0788282293054,75.8449677668348,72.0203339205871,72.3349551494691,68.1195595105694,64.6760937796652,71.257194339648,74.3815323892271,74.0748291612979,71.1142089627941,76.5567970908876,74.1121757899235,76.9232708452846,75.0281514766319,77.2167552241754,62.4876394712166,74.3467249145329,72.4633299149521,80.9183840554848,82.8043916062627,75.0556058965025,77.7025024860288,72.9284633853805,75.094368557986,69.2687803052425,67.9224454874678,69.3781245447279,73.6872260267735,66.417079159559,74.2576749016183,71.5858477633743,76.0429318606881,76.7393062768041,71.8086789297288,73.4144395664418,75.4304819135993,72.5907877716567,77.7340866640215,66.1216215137713,47.2194765696486,76.7620650598444,78.1988201609627,76.6844771627498,71.8204599403521,78.9099760627535,79.2934791690181,72.1949161605657,72.1531680062406,69.6814150069871,76.3063097477041,69.8936826948713,65.6232491197015,71.5928467471512,67.090767908937,73.9403989325384,75.956801735079,70.139052946588,72.9839603827121,81.4830889007837,75.1083127789653,78.0659980184236,74.4823728819199,78.2022486444298,78.7873521772075,72.7662694173213,70.4002719910119,76.240274405427,74.6066923881725,73.3009234852454,69.8030895577211,70.100902930774,72.5920388528139,71.7515521261985,67.8092619885253,72.4510354969133,72.0910754472077,76.7352731933793,64.9223968399213,68.7111112543173,68.7719592351763,72.8316165409179,71.9070140770605,70.1932537614019,70.7513257169753,77.627813375181,74.0560476896467
79.8331423688878,50.8444525453447,71.8590718790101,64.8484800235899,0.0,71.3154348980083,75.24191063215,62.1264162243397,68.6678464096618,67.584191987473,73.1539174870915,75.1371009296053,66.7288337504087,70.3169936322278,63.6254361057078,80.3320715878605,77.9133578809161,80.1629544202549,79.3585799176987,74.5248681491687,64.5656404278198,78.8507193268459,74.1087440373106,74.6109646740772,75.1679309595183,81.1101224399199,70.8097788174326,80.1259428520523,83.8947074182946,68.8572208430437,78.549159495064,67.2967985020054,71.0604337557762,74.6594349355052,68.6621236385813,65.4869849677598,71.1361331963779,69.1049236293927,70.5510667108852,76.7123832870862,73.6026144096523,72.302072667944,67.49935197981,78.5624455267826,62.2966852256242,75.768201102778,74.1298293228292,68.6590653759484,81.2631065934636,71.9753747055872,76.2472638150745,67.2314598520597,68.9989682123996,54.4178484565793,62.4154238979974,72.9813056648359,76.4520567221576,61.3718427262952,68.0544289434836,69.1364419408718,72.1519500939455,62.9341611996644,77.6217659444729,77.3250760589601,74.6426511754664,60.3688411367743,76.8522363803302,69.643183668427,71.9124346759833,73.1018538573028,72.4434179220352,71.7765647931872,73.1978860110489,71.3714501377732,86.0398710198688,74.2123705070293,83.2232032132434,71.6420120379758,70.5396925547589,75.668309207378,74.6829676442788,68.7026628079149,78.5135095574074,63.1087508623186,73.1102970860514,64.5905141271315,71.8281274751974,73.8436042714629,69.2640378727272,75.3799065121274,66.7323897194441,77.4029503271296,80.5102297116176,68.7768498621049,83.6887388042573,79.3361988956245,76.3284190054023,72.8572038712295,82.4826173540219,71.664495773325
71.2580659059257,66.5167032543417,51.7687209943173,71.9238622193574,71.3154348980083,0.0,75.9207827078471,64.7831743226899,59.0048095884407,65.1478182474308,75.156453170431,73.2804850178101,71.9523241094732,72.6980783872904,67.409881146188,69.9020419364596,75.0956351985196,62.3710260567811,74.4589892875951,65.220991831237,70.9580169248109,60.9403396597634,67.238937276091,76.2122040049121,72.5820782032966,70.4983591207498,62.2003015649631,64.2212952915064,68.8978851396711,67.6624036931258,75.4926568742441,74.0929045668458,68.9337748506489,62.8861388341933,61.7727071437635,67.8827039012301,74.7861129470577,79.9386413495487,66.0513061033211,71.5862271414977,66.4997086912317,64.8630936329638,62.5894448882,74.4082802625775,63.2232893931995,70.0157974803406,72.0286640338554,67.4691825970301,66.7131217341991,72.8318846041249,64.9234360660023,61.0332291419108,73.9586632156232,72.3485291299211,56.4258550300987,51.6422842812211,64.8838367254405,57.7611652751679,68.9319755193155,70.8043120280044,71.9082536577187,68.5776186414659,67.8885498825032,71.1830476769139,77.9732067067253,69.887981820845,65.9401542752774,73.8474346794927,59.3443193298552,63.5134487137911,69.2330675556324,69.2387094683976,61.6169532659515,67.0756220779188,69.3333522521222,67.5062119656216,62.0391711668971,62.0907405432814,79.6736011701695,70.6798715967768,66.3420165736839,68.7933687222043,76.5104658217634,70.6270123500769,68.946409527858,73.5794689853537,68.56572835775,76.3612269039456,66.2866594253736,72.0973467909968,76.7235057497342,69.5426225870782,66.9045666191009,72.2784054378921,72.970448756405,75.9764026305321,68.3304743220737,74.2314481900222,66.834379174631,76.6654640338474
60.5756157644519,69.7815256571985,67.9188242201333,75.7772913893923,75.24191063215,75.9207827078471,0.0,64.0895837788701,69.8423952592564,64.0787044653946,73.0572921746824,76.9906664995386,79.6785826436034,70.7023011663052,71.1511054980772,52.2594280151911,74.5994069678932,72.2418467184753,62.7738526088085,69.1674673435445,69.6335965874368,63.9294160215317,65.3489830644004,74.9160048147942,73.7273010001931,67.397644625723,67.8086541705281,63.3721535078512,62.4940847708075,72.7418549245777,72.4031105539399,67.6409123619121,70.0557086568121,78.051184720742,72.3740932011126,71.3876951460118,72.5274867353779,71.242867123839,72.2719179404484,73.2047645340787,81.2103692060224,73.4522729077264,79.3574595526317,64.6549354494561,73.1112014320813,71.8866050454015,76.9668876417931,68.9775635782992,59.8750586635865,79.7147898989971,66.8353568131815,65.7524183963103,64.9574375871879,72.414737565262,76.3069506512294,71.3029511381278,56.3999785623593,74.2115979839828,64.0444165727783,73.9066967478534,70.4931293856293,75.6716297341933,67.4090425601582,69.8319007841376,73.4168506989678,70.7626145623331,66.7419586873541,67.0053322443149,71.2362610488393,65.3236292984834,65.6580425483591,70.5257791407539,52.7011922849705,65.6434000072332,69.252894755698,64.1279125698701,68.390874558717,70.6371461343798,66.5950598159224,57.1372414441588,70.8858254403531,65.2973027848343,68.3382097133814,72.9017489262876,69.1178002486695,68.8766626159669,69.5633429124718,67.502581914445,73.3222070444405,60.006777355867,68.8083789631767,73.0406138619181,67.428308518843,70.1026559296409,69.5488279604265,68.831140319971,69.6493337924332,79.0437095197971,64.0957936879693,80.2065848941741
68.1361248772856,65.0639574403728,62.2051618179628,75.2005552071483,62.1264162243397,64.7831743226899,64.0895837788701,0.0,62.2989221991688,66.9023157757175,72.2000210240534,75.8898068640309,73.9807589872172,74.9782453635713,63.7191376722656,64.4764142203838,76.5864806173168,70.6848870752871,76.8740228059833,63.0978169594351,65.5241620560376,69.8365890495736,69.6025378627708,78.8916752807369,71.2938367742263,75.1992764069527,65.2617356663584,63.1019043472383,74.1520324144759,70.9277071252847,79.6396521433806,71.2675079183215,69.1746921394208,69.5559957834669,64.4027438714561,63.3715647742229,73.5494808051468,76.2946388127064,67.7574098932241,73.2910370709675,72.9572753385187,74.9907179887493,70.1999166608134,74.9035256615037,61.8198788580178,70.4000290442696,67.3107665039006,66.446070403779,72.6338648747097,75.4718542461788,69.0532764681096,44.9518578686777,66.0711798553821,72.0088945039923,62.5437575332731,63.6768250938453,49.2131078437691,55.9772256969017,69.9676635869199,75.1169559193918,67.293004222742,70.2319481564302,64.5282013183383,67.3116891085922,79.4318413912438,65.0510025695613,70.4211150225771,73.0900551744266,67.5190212642673,63.3495545700468,67.0477648875658,69.0509071560007,68.3982497798515,62.5415104949198,72.919245472274,65.6464934827026,66.7391037130498,60.2069960986871,67.2912556230169,68.7155075763067,71.5378534054275,68.9272794611557,73.3262253048456,65.789003787364,66.9452548143564,71.6569050230919,72.9155464862156,70.5320841828289,74.1248209681582,66.6266107973792,79.5016835604809,69.5551441869993,75.547216940179,70.8730482578744,76.7997013778653,72.8339636287769,68.2401138283671,75.9094082432679,75.7908271910373,73.2086106954881
72.2783795862521,69.3402737669629,50.4939760854719,76.0177938508292,68.6678464096618,59.0048095884407,69.8423952592564,62.2989221991688,0.0,73.7008865387713,76.9343480687999,70.2765171602947,72.8301958820612,76.8469782393371,66.1658746911305,73.2106136921532,73.7539749522029,73.1490908570956,80.7842916210774,66.9164584776056,68.3227877924037,74.2319731975873,71.889789623569,72.2427173479539,72.6368536117997,67.9782082113082,66.2937099847266,69.0607785596334,72.169613506873,68.5215164756013,76.7593611695674,77.6806002713203,63.8704761693135,64.8321197074659,63.6720164153044,67.932172426559,78.8329062214759,83.1930403692045,74.6953614683162,77.1332035240277,69.5150757639217,74.0158138897461,68.7900165609853,76.8885049747279,63.297002185998,67.998274617636,73.4533065737526,69.4319884625318,74.6876987710409,76.4711227482889,64.6576122802386,54.6709724312074,71.0887040409783,80.6334108522961,51.061799390715,50.358851514791,64.9482474379904,42.9721614563003,74.2373694588651,74.5455440310308,70.5714774658917,70.2607623708111,65.9696163486379,74.532663446227,79.0536546612048,68.8006483828482,75.2406004278824,70.9947501054963,68.9333327411914,62.2710223547058,64.6234786418913,70.5147445359351,67.3565365811896,74.0272280128077,69.8334197627223,67.4406379936679,73.5593883311896,64.3238503328902,73.8308671210605,66.7472034349238,70.4951089627887,69.1833320679838,73.3275049709971,70.0746182105081,73.1665680375734,72.9127896256032,74.0943209566902,74.3221064918911,69.381464331823,75.1835166362649,77.6469594953419,75.0663082324684,74.2666557645166,72.5943575074752,77.7469995461139,76.8885226210395,67.1725488508495,73.213263032999,74.7295742698835,75.7969496203691
74.6043290537439,68.7414131329667,66.3191165684793,69.2983301164248,67.584191987473,65.1478182474308,64.0787044653946,66.9023157757175,73.7008865387713,0.0,70.3612726491452,67.4525168430939,78.4220605496904,70.9308284697871,72.0732769056663,74.8905038782867,74.1007807924928,75.6657069792303,73.7739849962231,69.020361114251,60.8512206698375,66.2502247660752,72.7161976652606,71.3552619086018,66.6622172590132,65.9338443023591,64.0729584451182,70.809408771282,74.2210897244876,67.4809055944116,75.6746459148419,76.4704628727391,65.0853073316982,67.4717923711642,71.7284846382468,66.8898459773511,69.2942662399342,70.6635147329554,70.1417697897454,76.9306070442793,77.2011491730958,66.7606078143485,76.0083751071671,81.5889478616861,66.7486016316321,73.3746182809135,79.3573023466314,74.76103055847,67.3863964815019,70.6409083240599,68.6198921537572,61.8198992489018,73.2560925902137,71.0402585636789,65.9512737349644,72.1675566440762,76.5061115888239,72.2536974452908,54.3117146008978,75.09807927389,58.4433108925705,74.3973256160492,72.0090722023619,71.3634201350961,72.4576499191488,65.8164669767031,75.8908099150853,72.742849349726,64.6710638992934,71.607514128449,73.3148939508824,66.9727044528532,67.4868529764653,64.6621629234942,73.984186628604,69.8917364460962,74.0971465205537,59.6146895004806,71.3387657407879,68.6652863149068,70.9961869904118,71.0944221499648,72.5337275793,69.3181011590075,67.7736119950424,70.1422434999144,61.5091321189717,77.1781512235431,63.7602674897328,72.6798337145846,73.4846464626748,71.8415009553583,78.3590847953073,68.7567270783063,78.8385194853301,80.3549991541271,68.2216050911757,78.5440176782533,73.1185757184554,73.8755630717015
73.612354453511,63.5155846691557,75.0448445572913,62.0250585933539,73.1539174870915,75.156453170431,73.0572921746824,72.2000210240534,76.9343480687999,70.3612726491452,0.0,68.5995271410268,68.4665173087149,62.4777100119562,63.244850735558,72.3423138215891,64.4214824931547,79.5947936038071,67.3427581168171,58.9915694223367,69.3826918624515,76.2134201094553,72.1242383357375,71.9837522911707,76.7523364800669,73.9603827968576,63.769940610121,66.6411648202146,72.9551477721107,65.3300854600394,73.7184857339056,59.7731109697253,67.7758649603722,80.9955498293348,81.1650672144349,71.6245944581065,67.6827739688184,67.2481979694053,69.6397532658158,69.4708767421391,79.1276390834464,62.1901717528917,81.4089763389476,66.9819974301662,72.7807569018776,74.3915925684498,82.5263314156803,79.108063655285,68.3505100111952,70.3634153431641,74.5263324412343,71.3540834307296,72.0003487119853,65.6689920634881,72.8108559559446,75.8838190070707,71.2971273249985,72.9283930427272,68.7105110141223,69.3397359804505,63.6370364636026,70.9203930106399,71.5250891318587,68.2070964402892,61.20970655947,67.4122803181841,75.4147139564885,67.3084684141658,78.3696068985672,83.649131521803,74.7274529838196,64.248902512756,73.1201521850621,68.8778547455662,77.3493837815672,69.9024564907635,78.4149391399688,76.0005209454366,66.3692174282269,64.5206807440679,70.9920550548284,65.4695137845305,73.2938622557275,60.7598695839426,72.6546021377375,66.9955045557915,66.2920200435303,66.0529236947033,66.6771364195128,69.5512874549123,77.5909210718809,67.3940677590316,67.2894643023444,69.170919271133,74.0715191441095,67.3774462115367,74.5049154629255,68.756505899071,68.5767357672175,72.6958741456829
72.9221985656967,73.7531267740767,74.7246367083198,69.965374336594,75.1371009296053,73.2804850178101,76.9906664995386,75.8898068640309,70.2765171602947,67.4525168430939,68.5995271410268,0.0,73.6078905417814,61.2827397469488,66.9086458993606,80.3347004511916,55.3671586400239,78.6435969693049,65.8397756646696,69.6787789227164,59.6602116043732,74.6324175819459,68.2182231110899,69.0118393904604,67.6883624379116,64.2321866274466,70.7455543933803,67.8218971512426,70.1015066957004,74.8137084174393,69.5082223939038,67.0448879536675,70.4534794162494,75.4558921549294,78.0422017248919,71.1579629543233,64.9772476169584,63.151986883251,65.2479550945383,68.4240406290333,73.3313327365096,60.4253866638771,69.0917501333824,68.0337623570046,75.0250298463276,67.3733210627259,76.2362275415443,70.2370303111097,69.8652409173748,66.1203302561996,68.1300587619955,75.1056469122639,67.7098317512172,76.6951193606026,69.7071847776332,72.7445356416102,76.855193409752,65.2026082291282,73.4431800428487,69.7854018717726,56.8949883176367,72.3986671146357,67.6808812319887,64.4591268074013,62.6368510586337,66.6744544707567,75.0046989108302,59.4281639368612,76.4840098174297,73.8373692639072,63.0289998401115,62.5677949751358,69.9403925608415,73.5468940075494,61.2463001027518,62.6255781964755,70.3439187428768,63.6137263947369,66.5529115046995,70.3093688605512,62.1640378553377,70.744590743875,73.9037048762857,74.2739630041316,68.4955527482455,64.891150978975,71.6785746803399,69.0212353558614,65.1319622160933,77.7665725864993,67.6221204152148,69.2870954672588,70.4361850952413,64.2051374385861,72.8624465664725,72.4795821418975,71.0153431029702,67.5597055728747,73.5027629435307,69.9837418227575
69.1586682192773,66.807335357145,76.5690442835898,67.7856468439896,66.7288337504087,71.9523241094732,79.6785826436034,73.9807589872172,72.8301958820612,78.4220605496904,68.4665173087149,73.6078905417814,0.0,54.4208769155953,48.7922878787175,83.7059566047343,66.7367706565885,75.0452538531547,68.7159902587062,61.5438984761536,66.5617281269288,77.807544310657,76.6196514479344,75.4430457690556,71.9029786426077,82.1630650019205,67.248028766462,71.9144591076229,70.7851041091549,52.5923552824401,68.4190140115494,69.5852404486682,76.1031173837575,74.4621649863277,74.8606364466761,69.7114869043351,72.4779585536079,71.2611138969921,69.4095643410971,72.2871023701126,72.8755239463547,69.7779195385675,67.969475316386,67.4696772070287,69.1678586670359,70.6853528792318,67.1014446134884,70.4582496085454,75.9783287200259,64.2966457798288,76.794041218477,78.6725281020011,78.1790629841128,72.783410692786,68.2683471025619,76.4549640047957,78.8009794989007,73.0493184074344,75.8832033237849,75.7439798051631,77.299091085726,46.6992829787629,67.5435082452749,69.0627930041608,65.3031387742675,55.2993660932862,76.5477719981516,68.685321197862,75.4069106526206,73.0572621686335,69.9351622107094,67.512053948159,70.4808295656562,79.2175991634747,82.8603570320623,74.7872471799879,79.8159842806863,77.9654151050301,72.8695564396717,73.4319747655049,71.3130245172361,71.4106502825422,73.2922412897531,59.5509090207963,68.824877424065,68.3055018200606,71.6635923222567,59.8239882069854,75.9425634387564,78.2796344630128,74.8874401402661,74.1138090753447,79.0146942926784,78.9089631155754,74.5531392746285,67.9386371463411,76.9107580068375,65.1155007034405,74.9293537452453,69.7846980306037
77.2926061900778,69.3366204604782,80.2205979527505,71.1219041206593,70.3169936322278,72.6980783872904,70.7023011663052,74.9782453635713,76.8469782393371,70.9308284697871,62.4777100119562,61.2827397469488,54.4208769155953,0.0,49.1712032447658,73.6966451587973,64.3663967115141,76.2795475710412,63.7645018378245,66.661397100464,51.8412073747473,70.0722017913814,62.9532782295972,70.8301482346032,76.3699235604055,69.75753525506,70.0742194466023,64.519143575547,68.8947640722877,62.1234772336356,65.7609527701798,65.8686810168497,70.8392633345679,74.1964210165843,78.8302264520013,67.164203696905,71.8804090894403,70.1170256235565,72.9495953465174,67.8906206449178,72.7020710971477,70.9545123163203,71.3084874505834,65.0683133286067,72.6877437850056,69.9108477095283,70.7013312202292,70.4072600557637,74.3424211500431,65.7075360150464,64.0458557907549,75.8292086817215,72.5026965212613,69.0220065909214,72.1637722104289,80.0766424729644,76.6686576299423,68.0758527903412,68.7071693437776,70.8447881594441,65.9333166186897,57.5754864666261,59.7233700698185,50.5503767135792,57.7604890707822,58.3906616044474,72.6984919395246,59.9449767295034,76.512368614805,69.7301335208796,63.8446349758133,66.4565489268941,69.1636480716847,73.7263542763155,73.4389978188229,69.2554595557934,71.687302632378,69.4309036030213,61.1719115548903,64.0698939807515,70.8467026669991,69.7110626774258,80.2110588863013,63.9486525820986,66.6326896445522,68.9729741465256,65.0033006785251,63.7143513469437,65.4707007200191,76.2833668320641,74.4010162080774,67.4294068831034,74.4610939064171,64.0383959241056,72.5357550554197,69.5237710851313,71.4614663506238,64.0515104790186,71.5230599041015,67.010170248723
67.0574062851055,59.779760857834,76.4455863575025,70.0788282293054,63.6254361057078,67.409881146188,71.1511054980772,63.7191376722656,66.1658746911305,72.0732769056663,63.244850735558,66.9086458993606,48.7922878787175,49.1712032447658,0.0,72.2358434155531,70.4654442411525,75.5953549004215,66.7465371123735,62.0081138390894,56.1523973363313,72.3448392197451,69.5955986527451,69.5139149683437,77.0524733302812,73.6639025088163,67.7796903596676,66.7753145156565,68.0641201951332,60.5586583016991,73.2162146760571,67.6793149207476,67.1554928107917,74.9594317910277,69.5229213745162,63.4750371529102,70.1073603748394,73.7806059043947,67.707567012384,71.3866921382236,71.3845323717581,69.2232821499067,68.657571138751,68.8009828524624,69.0400228991458,69.9845612006539,72.6526500450772,71.8907681146002,68.1249774766549,67.6601229944508,60.2672134555452,72.1004863820045,72.9523031467458,69.9780380852012,61.4848383457159,74.295095609385,76.3729051204788,58.8522622935248,72.4654106553416,72.5745805026195,66.3751074575473,48.8789416322119,58.1174427735769,60.0862560390651,63.5835849629527,34.9050685854975,72.9219730520344,64.9110995289456,72.6769161899564,71.2653739243545,70.0214875864809,62.823446887846,70.8098730971555,71.819463158359,80.5835952783707,68.8802073445369,72.2844014303608,65.7978721365598,72.0332027471077,65.6410335299779,69.7138454583262,65.0867953678448,76.9729352518413,63.0202489370676,66.3455106922829,63.3299636709725,69.5855866487042,62.8133185756462,70.0508857004424,70.5769536045111,75.3742981447875,67.8403991506771,67.3927520817552,75.6053610130397,73.817106579095,65.0218957304224,71.9195250687426,69.8347350265198,69.861802876003,69.1021485896726
64.5328205982254,78.4083254898293,70.1715356519788,75.8449677668348,80.3320715878605,69.9020419364596,52.2594280151911,64.4764142203838,73.2106136921532,74.8905038782867,72.3423138215891,80.3347004511916,83.7059566047343,73.6966451587973,72.2358434155531,0.0,82.1832068077021,65.9873615103155,71.3941344463355,68.516550163507,72.1848644610326,64.5417410048784,69.4246010373813,79.4576487597968,76.4557720534925,69.7940155046258,69.8473112668125,70.0584364925962,70.5195758045028,74.4649677941371,68.0141272536364,78.3731114037304,74.4622152505142,72.842718893884,74.943383196288,79.3028494042266,77.6128924526972,80.4383992382893,73.1534383282346,66.9602470271582,74.5101206547168,77.6607778377397,75.2478134128443,69.1345354391317,79.8997706849267,72.2930890420852,73.6545974010672,73.3972138773012,65.0856783752946,81.3000522472326,64.0318206466295,66.9273249297961,60.8813962196532,76.8834572545399,74.6197494858062,70.2625977194393,55.0881955373269,70.3308623215817,65.6744569113504,70.8554894978238,71.5808977003297,77.0683448177222,68.2396439077832,74.5722074472997,76.8619045653382,77.7177507648847,72.0101056416252,69.8768543307717,74.4298166337365,72.0762700882347,73.1841830352026,75.5256833267025,68.3750889596286,67.3910431911977,71.3657269684347,74.25384694616,61.9644911598691,73.1759213612556,67.17682013019,67.9608017936048,72.6730552355503,64.8548269556108,75.0424376768957,72.3592899565234,69.4325969612324,70.070577082235,66.9800981539655,72.1195170618672,72.4363031152348,76.5966183450698,73.1013251884268,70.8201407360436,67.2967554172343,73.1024224027836,72.8295355781266,68.3817269574999,68.3329427634508,75.1435428925405,66.9682137845572,75.2659280052519
78.9469949949491,75.7772190616309,78.8606158485486,72.0203339205871,77.9133578809161,75.0956351985196,74.5994069678932,76.5864806173168,73.7539749522029,74.1007807924928,64.4214824931547,55.3671586400239,66.7367706565885,64.3663967115141,70.4654442411525,82.1832068077021,0.0,77.1400247542692,52.3073429493345,65.7210576508237,61.686718085964,65.1150942484481,60.0105910296445,70.5163024471291,72.5627159597738,73.4554250390724,72.4783473031903,70.3459506442601,64.9371389440974,67.145173047388,78.5848411744381,66.7485786637405,76.8454726912998,79.7199561138491,79.8314427507745,72.1736977715755,68.5608519814809,66.514646141295,68.498547341694,72.9379557576991,79.7632150153025,58.3233610193419,78.41468753981,69.859774487119,76.2019830164107,76.7290714432007,83.4276546998747,72.5690084696639,73.0984463997382,68.9873856754196,68.1741675073392,76.6893916421454,73.5936306698989,72.8986240009044,74.2252062859491,80.8027277306618,77.7272180845926,74.6905974595341,72.2879910994519,72.3654838229117,68.3312938828899,71.5893887968007,77.5622146987576,68.9269770456556,60.7181588843983,68.3964132982223,73.6777992626662,58.8695138409348,75.9233837960426,74.2656718476724,72.1434037998975,57.3652875810339,74.0810962761489,72.090881889971,64.2327933187578,71.669372002477,82.0365296948854,76.3766209705723,73.4478735850024,72.9166339446341,71.2568831487447,66.0902223817297,76.8641897844014,79.0603403608549,73.5609429299478,68.7971378270445,72.8900347984743,69.7115144496719,73.8829694519882,72.2442790362114,69.9513137390479,73.3792715541715,73.1671307693096,73.9051767349262,70.9065793558133,70.8931259776053,75.1148111081644,65.5671623290728,66.5581463869274,73.3672899981557
60.442392786142,73.6453865933757,73.9476171418555,72.3349551494691,80.1629544202549,62.3710260567811,72.2418467184753,70.6848870752871,73.1490908570956,75.6657069792303,79.5947936038071,78.6435969693049,75.0452538531547,76.2795475710412,75.5953549004215,65.9873615103155,77.1400247542692,0.0,74.4333819961929,62.8677118905638,75.0765898873645,60.9577415650505,66.1897170783233,68.9316098065388,80.3809865922942,77.6154155410085,69.6560686738942,65.9207937063319,65.7979200160256,66.3182314738509,72.305341563859,77.7800152452462,78.8811349576617,67.2583060681267,73.1429944646036,72.5425978328933,74.6193160732953,80.2550442658244,60.7724350669643,66.0889931696489,72.0686922914559,73.8784772479493,71.9429750205845,76.6187336904841,72.7249778460437,70.5890520071301,64.7092080077978,68.7124225911601,56.6705303269154,79.6929631054139,62.4215400517498,71.5636382324754,69.0018561165225,72.4447967498645,73.6268883721265,69.8558792626886,71.4847490005719,71.3393877352991,74.9079683589362,80.7477166997514,73.8690010327741,77.1473843725862,69.9341191511313,77.0409805451678,78.1631839418763,74.4265665167509,64.4943640398199,82.2651549305087,65.7768991342217,49.8646528320737,78.0772628626198,71.1608808831529,67.4202593337772,69.7375464079606,81.3156312518392,77.0526633712594,63.2688092269017,72.6369483866398,79.6086381447786,65.3995374286972,72.5684158255665,66.4721113372578,69.5803574963257,71.1396452884638,70.0631171419879,66.8966233902435,67.7258060748457,74.0422052581675,73.7983174128041,68.7314113275212,80.2777315324752,69.0509355934987,54.9589613890857,79.2762487751289,71.3511768241246,67.7529409898729,67.4411588560228,71.1568157794986,63.2274674785282,77.0654157622033
70.1470047636141,76.8345685867942,80.4695469686429,68.1195595105694,79.3585799176987,74.4589892875951,62.7738526088085,76.8740228059833,80.7842916210774,73.7739849962231,67.3427581168171,65.8397756646696,68.7159902587062,63.7645018378245,66.7465371123735,71.3941344463355,52.3073429493345,74.4333819961929,0.0,65.8234508296554,66.9754535204015,69.9622151946025,61.4878748660866,73.4652170408776,77.2815140454346,71.749778318234,67.6088362014777,65.8408654004085,65.7092145985921,71.0705366634482,68.6602814666264,66.6403277035716,73.2145286867733,72.7274430353747,80.1573961141943,72.2316919590016,64.6215550433297,63.8774063579156,70.2727421361632,69.7512071725481,80.3045105202333,66.4478800266258,77.9781053016688,66.6548649888436,79.7735000900592,72.3436886828911,79.4489272043487,72.8408404753981,65.913752514226,70.215014980805,68.6617344310068,76.2279318957363,69.8633019816583,63.0642945571112,80.4020987500995,78.0389954424403,72.2128471487245,78.0273362069407,64.8016328952545,70.6956422606688,71.1082293571441,75.2401682459437,70.7447957328537,66.9316646192853,57.9526696008919,67.6314400056339,76.4048575928218,52.3576155343223,76.8445006020852,75.6412664082467,69.8483010804896,62.9673506772065,65.4569283035909,72.5494921554432,66.301224383229,65.6123934860086,71.714875093881,72.061883120952,66.7469689540183,61.3251911835707,69.5358844500608,71.7868084019516,74.9925681534612,75.0919239316649,70.879311839969,70.5586290371452,66.0715724008059,63.2409989006518,70.9454662644452,69.7171646008612,66.8766665756836,71.5573431556438,63.6354966108817,69.0828404523892,65.7097203610928,65.5041800098226,73.2012586402057,70.0991662485206,64.9460347441334,72.6021967790598
63.4717571230122,75.0127600194702,73.9834850220039,64.6760937796652,74.5248681491687,65.220991831237,69.1674673435445,63.0978169594351,66.9164584776056,69.020361114251,58.9915694223367,69.6787789227164,61.5438984761536,66.661397100464,62.0081138390894,68.516550163507,65.7210576508237,62.8677118905638,65.8234508296554,0.0,74.6664821266297,67.455722229128,66.9397481352627,67.8849303739912,76.1146319105778,67.0634364277663,61.3431207927301,64.3505450717588,64.2740766109463,59.6473380903603,66.9863188772669,67.5381200935733,70.3010832697227,73.1450010396007,70.9536030067771,77.159397698282,63.7241351556761,70.9319365773631,64.7181890043872,66.1189925073436,67.2275998792246,68.5525356455968,70.7675672543423,64.5766535468534,67.173362585554,60.8576552275951,67.3427778012614,64.1824893684664,58.2916748404223,61.818008368902,61.9691050387968,69.7711138009704,66.2417489711672,72.6658289050322,69.7652908857045,70.6152453178288,61.3139919059715,68.3025611135597,67.755216571141,75.7629899909721,68.6594854744836,70.7831991547242,70.302414357121,68.0995503954,70.8383033006948,69.9366331222079,60.1098749149558,69.8895484525158,68.4675061202082,66.1765238729089,74.5675618164145,60.6709151848151,66.8456122105317,62.3834617340753,70.8313828838693,73.9190358874379,67.2973441708601,69.8296723659362,68.0898329887699,65.8473731212455,61.5923279626863,63.3843318058766,69.7396338015088,67.746899769466,65.0530699741043,69.8545948996417,65.3031823169845,64.02217004255,66.6691528784682,69.5585252418598,72.4002170054362,63.910364964411,63.7688346613361,65.6937631523911,67.6642481940544,62.3214984385805,59.7587590516246,64.2027925273761,58.5140495814112,68.160643915347
77.671640289607,55.9299878958818,71.1480531901034,71.257194339648,64.5656404278198,70.9580169248109,69.6335965874368,65.5241620560376,68.3227877924037,60.8512206698375,69.3826918624515,59.6602116043732,66.5617281269288,51.8412073747473,56.1523973363313,72.1848644610326,61.686718085964,75.0765898873645,66.9754535204015,74.6664821266297,0.0,71.5184963481797,63.7275977138877,77.441343815661,73.2763996929398,65.7122122224959,65.3434097392678,62.4928809010969,71.8136628095335,69.5024911532407,75.2615620624388,68.9442349643672,68.7835438767893,73.7600689687258,79.3764622524999,61.6517659506675,71.6309974169824,72.9837597561975,69.4614810145799,68.9301836265504,75.3319915553932,66.7932035035727,71.3215886038125,66.1735629394446,76.1700692247036,73.8669008416698,72.9418071393897,75.26581810321,66.6349399539741,69.3038075667216,71.9750953282502,64.6353216580277,74.7061015152498,68.17112359824,64.8095018762818,73.4948026701274,71.8661327298898,62.5111651048715,66.5391937144138,66.3625056667105,57.5714583220503,64.3861696111341,68.5103978730973,58.9148433957028,59.3312993681589,55.0420159756826,70.5380034487075,63.4249124354654,73.6008468388086,70.5876988743425,58.2570170262437,65.7834317694243,72.9569144792136,71.5616493186202,72.5507850761019,58.5117242919405,73.4194716976443,63.494214391264,67.7811134383528,70.3282902792903,69.7831687001,69.8856984231544,74.4438664602231,68.0422161587264,67.0925618222542,59.5978694659674,68.3193595454318,68.0022505254138,69.5772279847112,78.0836186831905,73.9289837301236,70.3798785565276,70.8310467240229,67.5610399776672,74.8427163986136,73.7708212966119,69.0094045885405,66.1869401375971,69.0762859968545,73.3605091571044
62.5743647403421,73.1028053311539,67.5039730975011,74.3815323892271,78.8507193268459,60.9403396597634,63.9294160215317,69.8365890495736,74.2319731975873,66.2502247660752,76.2134201094553,74.6324175819459,77.807544310657,70.0722017913814,72.3448392197451,64.5417410048784,65.1150942484481,60.9577415650505,69.9622151946025,67.455722229128,71.5184963481797,0.0,64.3754747239735,73.2560286015217,80.0162595495101,73.6765869546453,70.6961789045483,65.8209075950849,59.9934674175845,67.2538397925069,80.0287912824393,74.8392978980667,73.2098456856169,72.2627903550238,68.4100382993732,77.4834946803579,69.3041846793258,82.8376845830138,67.9708189980073,70.1464017619267,73.6175522803538,65.5745330473048,69.9975286051739,70.0561695726318,69.9161580992394,74.7461984334998,73.2310878972034,70.1621489164769,63.9358798924484,73.9539763288098,61.2572853188794,65.0262173894133,66.2785401813043,75.813572651977,68.0756033161023,66.3684392227709,69.7470551615126,71.1313880439618,72.1222082515991,80.3901004090256,70.2586984882646,74.3433046602966,67.6619318827078,66.9789341055262,75.1875518402937,71.316163217992,65.2748069171959,73.4000132056668,66.269109741875,64.8284248205592,70.4837872823507,58.7325544040828,64.5253982544689,70.1834799397732,71.1317981416798,69.3485057496739,63.4017257977172,68.9055044794039,77.0765913456146,64.9049554962656,69.484718453067,66.3391256746087,71.1818161132063,75.4274713843548,70.4804142495927,74.3413984389583,66.7484682558407,75.1324857204374,69.5357495989089,65.0472503288821,73.6813057584112,64.6324543327177,64.4405485318252,76.6167633350317,63.5838117268161,73.7858933523878,69.6530545374756,70.8225035021396,59.4904439404084,77.5791956962948
68.9897077873013,70.6153378080273,70.5986725285615,74.0748291612979,74.1087440373106,67.238937276091,65.3489830644004,69.6025378627708,71.889789623569,72.7161976652606,72.1242383357375,68.2182231110899,76.6196514479344,62.9532782295972,69.5955986527451,69.4246010373813,60.0105910296445,66.1897170783233,61.4878748660866,66.9397481352627,63.7275977138877,64.3754747239735,0.0,81.9201995562504,66.7794210879711,67.4194585745964,63.9323527090533,71.1817696257065,65.9866791766105,68.1468939459054,75.8134413043753,73.657907303736,77.4989233417566,66.2277433645302,78.1324862096342,70.7650535015376,73.8651833820249,79.0292064314385,65.6750070999862,70.937381904106,74.6872227410637,68.3857529077233,72.9069090948915,78.6520934265159,71.1394286538424,74.045628967131,76.9568831725561,69.1939685878386,69.4063033026937,68.6471281964019,67.811309713719,62.9913081731065,70.0762506562295,73.376682561902,71.3978388369811,73.4708742375459,64.8699546035014,73.6819151040171,72.8327867637453,76.0127380186178,66.7393733800758,69.8973663280738,68.2421696206309,64.8416354256018,71.2948708981722,65.1693279184487,71.6769643905927,69.3574995285861,66.2305440360286,67.9879715566217,73.483737756304,64.6893620650979,58.6932724309914,72.1501060803185,71.8164537362464,72.6636166766143,72.0189256165395,68.828230954641,75.8554167565398,68.4733872400721,70.6842726809444,62.3049384921029,76.1150871252897,74.2755725143472,78.148946276663,67.332067936527,66.7581736390559,72.670760600185,71.3632784832414,69.3455545808703,76.9901504410489,69.0604352600502,68.9388748427991,73.2508842297072,72.3575727337842,75.656574810986,67.9303554003266,71.3026892177746,65.6589108187109,70.6329625317633
