0,1,2,3,4,5,6,7,8,9,10,11,12,13,14,15,16,17,18,19,20,21,22,23,24,25,26,27,28,29,30,31,32,33,34,35,36,37,38,39,40,41,42,43,44,45,46,47,48,49,50,51,52,53,54,55,56,57,58,59,60,61,62,63,64,65,66,67,68,69,70,71,72,73,74,75,76,77,78,79,80,81,82,83,84,85,86,87,88,89,90,91,92,93,94,95,96,97,98,99
0.0,90.0010614543036,78.0082002289309,95.5745267608425,91.7362491584647,80.9476934172881,97.4726855716088,69.9566830951132,89.1959882661544,104.383004553578,97.1671988745198,100.245054187135,92.7038820066299,104.667985965491,100.489822991927,97.7302944688634,98.1344246459143,95.4925982446347,94.0362729163143,94.0937017892019,103.384219114691,104.344938078733,102.227005067357,100.157386414975,102.795146717135,89.6140980808939,102.687559179989,92.3357331588118,94.3606496253548,97.3850367049056,97.6410333812623,92.3917234740435,99.0081145542792,97.384853720782,105.305015711937,88.6787953724431,97.696953313302,84.5982246553605,85.5406029704939,92.7809848525202,106.651560687094,98.282949199306,103.093611136457,98.5592784908293,106.074893522696,92.1249725385441,95.5685081512049,96.2859282197516,84.8321008425511,87.8387079798098,94.361744166782,79.1438485780944,97.1905551305687,96.3286642834163,82.5314780648968,94.1362230444623,81.8765570343228,85.4887932055129,96.9785551895862,92.3577231543334,98.260934082226,103.031433622688,87.1536711037422,98.8881347904827,101.755115243462,98.3945337240862,94.4205922328413,95.8057527394124,98.108277197994,95.5986515348664,106.3801504579,95.3525107267017,107.672511705421,90.0811887945245,95.5963268982563,91.4542115967966,103.670539125292,94.9981249534651,96.8850483051634,98.8511088430316,104.162248925158,98.0990905278457,98.098584054421,92.4075564774844,97.5944138898567,96.9834004855852,95.635566856898,99.4804260684923,96.8343299506596,102.939440122357,95.5136924891276,93.0783199373679,83.8170599216307,90.6608245515157,87.8501680790972,96.2717308806062,86.0610414494674,101.026406590887,76.5347202212481,82.9124732383737
90.0010614543036,0.0,78.6944822361886,79.6213270394854,91.334696297407,78.7252231586449,87.3732353770169,82.7265721431633,90.2224803285262,84.0782797838881,82.8813318780252,89.1674381369676,85.3656780596867,97.0354546347173,96.4080258282352,85.4882106481721,101.579958825444,88.4969518394687,88.4158416250397,85.3084699707336,88.0371043441116,91.443039012511,93.0532958875022,93.2819745798282,94.3563559077114,88.4268943003185,101.179369245641,95.4259199192926,91.641231591377,96.6026466737126,89.9054357567273,90.920865543473,94.6062056936739,95.2381808979955,95.6613277591623,88.684597862103,98.4943690229355,90.6569145948081,93.2668128210136,94.4248252620518,94.564795152194,95.5420164919304,91.9401969944894,92.2632711537736,91.8766313417697,88.4841665566075,89.5914099765642,101.418746709936,90.1371427344416,83.8953229943705,82.815009753173,76.1043825530972,97.9264553462726,80.8547913139638,87.7459457475894,93.2902087970523,88.9173735071877,87.2731001233116,80.3958762262963,95.2902168013272,89.4965016335845,94.0650135930789,92.4861240591991,96.599207485594,94.1125831447208,91.9625999693308,96.5207179642267,86.8266066379826,97.1674870807938,93.0570214007677,88.8814958810366,96.8200876503572,95.7818115175618,89.339892388053,95.5773314631777,87.8612600207156,90.4280076111592,98.827987121499,94.3452500088526,91.5454168547324,100.542373648575,98.4382320009464,99.4541562259065,96.7992017549735,98.363381360089,100.669210893633,98.9270180729691,95.2274892572763,102.243627666642,96.9282759082679,87.9801981699057,93.4363461787337,91.7827317859951,80.1904730174847,93.3078112528977,92.1766990637135,89.3303580548326,100.655584902816,87.9875743251479,80.3656100364281
78.0082002289309,78.6944822361886,0.0,95.4452617557641,99.9350102510348,70.343774691695,94.9853933500209,69.1938607054143,71.7882750424322,98.2336621856398,94.125457527348,95.2281354001248,88.8633295942242,97.9072565338361,101.546109067023,86.277146446866,102.02406895972,91.9329822121328,93.460957510548,83.7970589627554,100.915595556104,97.0642414299388,95.8808791415652,94.913203349394,98.7849258557422,89.4081230332169,95.8347811062186,95.5646858940921,95.1306073048101,89.3769065991144,89.3453964115823,88.1331183993375,94.9757621909283,93.6561256889694,102.162091304733,86.4410561920891,99.9497596239493,90.8378001919827,89.951643819877,95.654715913177,97.9174890498986,94.8880749607174,87.4913470375807,101.737771016712,100.519368662778,89.9608097738307,94.0378600841261,97.1909627154539,89.1147478296299,88.8589403046889,76.4125575176394,79.2867431687862,93.2549319637202,89.7324805405706,76.4452811087072,69.7371278216997,78.1905776762146,76.9095900633104,98.1146599509582,98.6822140060436,88.5241085596895,92.8322723606778,86.0558307134597,96.3491860803387,87.81915350747,96.8928375051476,92.2333956872357,96.3458023277112,95.2623900830484,105.836042602661,92.9462692088207,84.5594544900296,99.1811018670161,87.0771370246503,88.5684603779888,89.13272059748,96.1890515588371,98.6137429228609,89.4197308927978,84.0829654500905,94.2743546596311,101.088941468538,93.8143899639428,92.9770498509587,103.023743754816,99.3440203775036,94.8178162423792,92.7911952854673,95.4052670618955,98.6577346638891,100.425690382476,101.433099443058,96.084373022857,87.6213980454015,87.8607036981455,97.6134168037139,92.5530889657987,103.48077222815,81.8395723016779,93.3978489347753
95.5745267608425,79.6213270394854,95.4452617557641,0.0,92.7340969179358,98.4935292772007,80.0053070656409,86.7106828226409,87.8106419311927,101.378598208057,101.885487843235,104.157634561662,99.7427144587862,91.7717909582481,99.8361579693669,70.0668170285174,97.0591012330143,84.1047248847533,92.5304324057108,100.269294423513,90.0077865954087,93.3085306296093,91.3540349457915,103.283702967191,102.829563124987,100.93266597875,94.3211712264488,101.383461980518,94.3708841671432,94.4026662093151,96.2569336655328,96.0798763963429,89.6842187335718,89.4511417389538,95.6518728931505,103.562753567437,104.237315400928,100.781027135099,99.7377109517543,91.8326745909301,98.4292652408146,96.588071865432,99.202192195638,96.4896031272416,94.0078703013447,98.0319270743267,102.511535567682,99.0661028460739,95.1931252340746,95.6450852390523,95.9534012744278,83.7536626870353,78.6021320886379,53.4938047670694,92.19410419989,102.047993308441,79.1690960965684,91.773780692205,94.048796736519,98.2905708735302,103.057914987876,102.314574811618,106.312667428003,88.476250317342,103.550620599046,100.290751309685,90.0181280394458,91.7797966652956,97.6715646595366,93.389042502154,95.1650234593209,90.3181827484357,97.3860070924074,90.200602400403,94.9589966060646,94.6934701307815,87.1407364593094,99.5683941096058,101.875157767291,94.0007509367599,90.9693874293509,100.195591082752,98.2484758388705,86.9749141472006,97.7950816911743,99.4637150532462,101.102192372591,106.224491886961,95.3098837901158,97.1298224224978,94.441199857553,94.295457642004,93.8833501710808,94.0421718890725,91.1049180098181,97.5361384372911,95.2795081541366,98.2924394440325,102.562493472438,96.5142324061032
91.7362491584647,91.334696297407,99.9350102510348,92.7340969179358,0.0,79.4406068490776,92.0553709825523,88.3577728163695,90.4840130295057,104.940122024395,98.9636070320389,99.0068257762319,94.2522890283635,99.0369438120497,97.6999146840853,95.9423410285131,98.5713435752159,90.1579125034211,99.199390231086,93.8683043853256,94.1196453501969,90.4329759090119,98.3336548422754,86.5899401420836,106.760158711222,89.6649703550549,93.8331383131051,91.680805155907,92.9860676904609,92.8583042866449,97.9516177662491,102.859032507377,94.9184236099789,99.6195404119763,91.7317961077393,90.3597054032873,92.346976898663,91.8635562728818,85.8236799587042,94.2507925182545,91.7403804994587,84.678933481671,94.0094574329681,92.6478796827408,98.6378873833863,86.1349371476569,89.2786980259476,90.7026295894209,99.3903646190877,86.4812349922218,99.8884213780199,101.608834409087,95.9219846100751,95.8519395619556,86.5870677200093,101.037117383652,82.6887868232181,92.6476063207606,99.8738304530417,92.3610758848749,102.065928454462,109.063851007241,96.5636766395842,92.7283319349545,99.9523168620682,95.5366938683251,92.1299166862793,97.2519466811377,92.2881322592693,90.6750616581564,96.1557016792997,103.147902624902,95.5605599226078,100.157697743276,97.7042049174145,88.375615540497,91.8655879197985,93.6804099319792,97.3821237225553,104.630223669811,88.9627601390615,92.6955198054732,95.6176106597974,98.8215862737942,97.7763286814194,94.4003079029087,99.6316865068464,95.2357542704392,88.2615803234198,96.2395718758164,95.6519650829838,93.4869972949176,92.0934412586856,93.8145841547131,101.789303878594,97.3756559245435,89.9012742463681,93.9106064342021,94.7358712328575,92.4773268285429
80.9476934172881,78.7252231586449,70.343774691695,98.4935292772007,79.4406068490776,0.0,98.6715380013779,75.9802000880386,82.1630799840596,102.877767058851,100.565500871351,96.7704725435808,91.0140156399898,99.9755007272817,101.378113697465,99.4033524349374,110.087747032625,94.1953073791388,95.5112180588953,83.77792388869,103.728152015888,99.4393526858375,102.367212557086,95.2793022989695,103.163496799034,87.7352017743871,100.934929165123,88.8625294778387,95.1899979205949,91.1200093432544,89.3750097331092,88.6487197814586,99.7408411345428,98.400207194635,102.993852962702,82.8138336806525,93.8563822162375,89.9940279327945,86.2578931728112,90.5795262669532,100.866079585234,90.5892670288264,103.393723127191,103.211768523807,102.115458183935,99.7949315106911,102.017276358289,99.231142121026,87.4502422684568,98.790727643605,89.2896772802846,84.0541127030852,99.2712701651238,90.6867776046693,49.6122614395877,79.7552047971975,87.1381866969453,76.973284724533,93.2334636987613,94.7034672407456,90.7906735472597,101.060431386491,87.9634498242556,99.0637340862298,99.4300979739547,100.364668452738,97.7368524591849,89.8567248468805,98.2232430151384,105.673187565908,96.0610541570993,94.4843643741208,99.883727361068,96.2590355683839,93.4808769255018,86.8398788423141,99.3247172942674,97.0392755675099,92.9556562229614,95.6074040861313,99.9975442733604,104.485050303739,98.6134749875053,98.0482930347702,95.8329104939711,101.666910197511,95.7697619391762,94.6956084804724,92.9460299375296,97.1646890847987,100.859923978101,99.9560745278233,96.5670941129867,90.3830743336095,87.2514374376721,101.347288879677,94.5313826609876,100.36724816082,81.914896499088,94.4971600434326
97.4726855716088,87.3732353770169,94.9853933500209,80.0053070656409,92.0553709825523,98.6715380013779,0.0,85.171597015042,87.9889429331925,95.2980045130444,94.0477791078208,102.899066841444,98.3066878344568,94.6100426464337,91.4850467327119,77.3485851173048,91.0765019861785,89.7444072535182,96.8946006953721,97.4042336465252,90.130745799365,90.8196709082813,89.2713814606604,100.655066677048,96.2668000159901,100.663406425952,95.3218630308928,92.8293850050954,96.0520698049953,81.9446641065241,102.145010692129,96.572195228093,83.9697328845855,96.8000888299317,93.1274475660755,94.4898926930101,95.1348232151522,95.0097367340932,90.0413696254034,76.593556012511,90.607148354436,93.8663194222511,95.9347862609861,92.4795158368292,95.4208152673218,90.4846410299337,95.6941901277382,96.3977821375799,100.510661105123,85.0871279996579,84.0271309812345,89.8166753941479,78.9501901416877,80.0125882313295,96.084492846479,103.176674436616,86.9938844960637,95.7259868046195,94.4895964325527,89.1379155263102,103.536396144897,86.926210575741,96.272011158864,85.4683048747506,92.3436323457868,86.3070317577583,84.7605019891365,89.9797554948308,83.2527698651541,92.5236063703604,94.4304513234294,93.5583635050598,97.8304677860954,79.3746530059878,92.2495089845209,90.0670746718852,91.8933364359542,87.291690581095,102.823713838365,94.3526881816115,90.1513308154274,91.7699239318468,96.017468287149,91.3220524131962,89.9223816521413,91.4569532531077,89.7706262609296,97.7199103125991,96.1454774881998,93.4474081577493,97.0613367314975,86.1633707096296,90.9142766891131,88.8589410921874,88.7010769272111,95.4587914703086,92.0890487216564,92.9342407164767,92.1143501344129,91.2852464042009
69.9566830951132,82.7265721431633,69.1938607054143,86.7106828226409,88.3577728163695,75.9802000880386,85.171597015042,0.0,80.2578652243116,107.111003239089,91.0287346661809,103.017939632399,99.7689232661447,100.271242949748,95.6965423721976,89.3608188772951,97.9961892464429,82.822685578428,97.4625998898988,91.9363035176136,99.767250455985,99.3710561515627,95.8660536574456,100.232285119423,97.0767647147483,93.0686287475995,102.646655240767,90.9088483251241,96.5037241471184,89.6871683282957,95.9804191700991,96.3145074995964,97.2917646838045,101.128490062591,102.975149983159,82.9295901408344,100.24222646126,88.0004902421601,85.4909879303348,87.7401581521931,99.2196923440079,88.7897528482213,92.3118446961147,98.3219670912717,103.879374234222,94.8028590283518,102.068895294869,98.8838843828217,88.9284295203079,89.6097572725622,95.5996452064185,77.0334240456243,86.2557704805066,82.3993076324419,81.5530376732909,95.4483668861199,68.0946019375737,75.2209581091759,98.7409337442123,91.3676134105305,94.0837250681868,98.3930852991908,98.3673152924126,96.2062154502749,103.073826705846,98.035586742094,92.4953260116071,90.2065258572891,94.7144119495334,89.6842378210523,91.1586382012055,100.77966422487,91.890578959114,88.3846341591677,92.1371175349339,94.7207163135326,94.2434452916766,95.3550877764961,91.9774650399033,93.6609106343957,96.9876064064158,96.4618998987877,103.434742509007,92.1085544036358,97.7607374127673,98.4561690315962,98.3408413305594,95.3827793906528,92.016643736672,103.46176520237,94.1547820133041,99.5198981128163,86.8939366114323,85.6720233779418,88.8195436552599,101.887713266955,91.2501852751709,105.55463158186,86.0828901158557,89.6933108641175
89.1959882661544,90.2224803285262,71.7882750424322,87.8106419311927,90.4840130295057,82.1630799840596,87.9889429331925,80.2578652243116,0.0,94.938633320872,98.3060893560231,95.2859218468333,97.2285812178405,87.6023147957999,94.228456208638,89.7557982231814,95.6089668658878,88.5525910339777,88.3162642553576,81.4639526144121,91.9488500234309,88.1525898456144,92.4953301065789,94.026826913342,99.5092458027108,90.6517890678586,94.2760565861323,92.6815072142033,84.5485414660801,83.6230569787313,94.1268304238568,96.3976933861124,90.175772940069,94.1042300170671,88.7942159083235,77.7922276661543,97.2225949264076,90.7801096199194,86.558714528078,97.3322657030059,90.3129988886596,90.3269395529375,87.4884168561474,92.9632024914599,98.4513569560184,89.9812557561714,85.0897493276121,96.3284146135803,97.9140900466859,89.393878173291,87.3905831980072,86.091743434371,90.5176002721328,84.1858037196633,78.4721769255414,69.1559863170925,81.467752777529,58.3997634378001,101.447795787071,93.9793296784691,100.921321395012,96.856543098105,87.3622490661339,86.7270705318895,91.632594559329,90.8573612652344,98.2619584353061,87.7282967027434,88.8495510257564,92.161772734065,88.9667408342632,93.4811060859625,92.2787664898339,92.6798205543053,86.3229744526225,83.3854071321737,89.2409824398201,92.2910091486448,97.6704564241356,93.5040076889484,87.496154238598,89.8500075251324,83.914883714648,87.4124588620431,85.9704887598375,94.4517918700968,95.0972382074983,93.334595236466,86.3063062166158,93.9118133350431,96.5790693432373,95.9785079194992,93.5273066407503,89.4220111490023,95.1341445046631,95.5568235478548,95.0635846274763,99.7125101243943,91.0195766158296,97.6628393063366
104.383004553578,84.0782797838881,98.2336621856398,101.378598208057,104.940122024395,102.877767058851,95.2980045130444,107.111003239089,94.938633320872,0.0,81.9750847160077,76.886268999749,93.1203292076436,95.7112759284404,97.9857544028722,100.090835827462,103.228719124622,101.923259863782,98.5814412931184,91.9372642650822,94.5589702080091,98.3362680941503,95.038751104266,93.5058062521769,92.3877515757978,93.9956376024831,103.658203401348,100.578136353572,96.1084342366183,105.565067169318,100.120389167026,98.4540267410352,103.101141964611,102.244859889116,94.9560100071879,103.286091892459,104.16896959825,94.9567433221706,103.167616663778,96.7845296769393,104.162482304113,103.553747147855,103.790507512885,97.4128935184689,100.518792578487,99.2188368200024,99.1221269477921,117.13004812668,102.111043024116,103.142212639895,97.3133267079961,96.9142575532274,108.479661547475,99.0655042887471,101.3961210367,93.3940128015887,103.568063706487,98.7675354172133,71.4612943148908,88.6902506517203,92.5231360275079,84.3265833266211,100.257028586499,92.4090577928389,98.6971362707,98.523247562794,97.0809042439974,100.912470676931,102.975693491978,109.577476037864,98.0334941526921,107.831374615364,95.7066466063601,106.081412441041,100.784338697574,99.819022251139,93.3288961572172,98.3809186567967,96.3248927852965,101.749489416015,106.67839145566,99.4783196703867,104.085813379941,100.964428658749,99.3416695340319,102.71974888366,96.1823896797265,93.9902831103767,114.823705753822,100.607202489294,100.916103438458,102.349943870614,96.3326672156923,97.0219396070319,107.249303907224,92.3134814078922,102.060348083075,109.291069593292,94.4952107896187,95.6038320285057
97.1671988745198,82.8813318780252,94.125457527348,101.885487843235,98.9636070320389,100.565500871351,94.0477791078208,91.0287346661809,98.3060893560231,81.9750847160077,0.0,78.7922829836954,89.0846905098647,100.149030837678,94.6272518508661,98.6695624394726,109.216117246342,97.9683508017786,102.578101635429,93.5153274012206,99.952095851603,100.134249010193,101.249817376058,99.9292821080411,89.9989982072709,85.8575371132289,105.995269689047,89.5650309026636,96.5627763470728,96.1880645355281,99.3273403604199,98.9548310906947,103.203856950984,102.925511576786,98.1879820935109,90.7764527467585,91.7254660411349,92.0043465387007,92.815541663985,98.8109827217899,100.460500862168,99.616362527649,100.576770831473,99.0094609844409,98.6499774558012,90.4287123016903,98.8473652485994,99.3922132123534,96.14300110917,96.2902897393179,94.9953166167679,96.0708681202981,108.018057032078,99.9252107778763,100.193565210624,102.216039456154,91.5650082599398,95.4967675641097,92.6963094095999,87.310868241409,88.3803113156044,90.0558707736577,92.4767099848773,94.3400360397255,104.244157283551,93.6297135413368,102.00513746765,105.692071461265,105.548930879946,95.8937019015824,105.313525175424,103.259562042203,101.221562377098,103.934215472798,99.9727413516301,96.0352604103289,86.572519319356,95.1420083079143,100.05033397387,104.978675560581,101.421286227493,99.9806092184272,100.269958357206,104.889037655597,93.2671623691613,100.179429012106,88.6058334382632,89.4913203394056,95.6896206890767,101.080486234926,94.7675504323273,94.0761016238111,96.2140871058485,87.6106215237478,98.5518842819951,93.5425199319532,94.3884479628944,101.97384276621,92.1438041836038,93.7116144869339
100.245054187135,89.1674381369676,95.2281354001248,104.157634561662,99.0068257762319,96.7704725435808,102.899066841444,103.017939632399,95.2859218468333,76.886268999749,78.7922829836954,0.0,86.5895820367901,97.6668534394009,98.2831403220594,106.48681933571,107.654361960103,103.061532747361,96.2184933270823,90.9713954121307,93.2606249248058,97.9844441832617,96.0224771743202,101.492653012445,94.1217967925908,78.7736627400186,101.193688994222,92.2227440840536,88.7090912899983,106.13804496212,93.5376814553116,90.0600727928152,100.020469830554,103.722433484199,101.847247664534,97.1496046671803,95.151034630533,92.8873532694899,96.1338469096266,100.2421043148,104.795358686366,97.7999681823038,103.335030843994,90.9025352980679,95.5109711916858,93.7873300424257,98.0516260371617,112.219472536129,94.0737347813876,97.9193909736135,95.4947008279848,93.0490569520231,108.213972232913,103.449378876828,99.5392465784048,93.0458844721021,101.05815730982,97.5160137308377,85.3203802809623,93.5371269874539,69.1106642241317,89.7214446582509,88.394770801671,89.3187423526752,98.9199092808223,100.104992496285,99.2916436521075,94.2280113223607,103.391010194553,98.2933514160524,108.029162997721,105.022013116099,106.052713340844,104.233431761772,93.5983444578768,89.627847888331,86.6757883720547,92.6080744841747,94.6039972509367,95.5535360927659,104.407892988746,99.9724829838044,99.7523743858028,102.26147050948,98.8320229597001,102.28790420281,95.5499187681583,88.0027064622078,104.446170777681,96.090878993187,98.1999085090494,94.6893185032889,98.6166158168423,97.6193224576383,96.3333441311232,88.9133526770941,98.4754022707488,99.6772691375603,95.0002650812178,94.8425345233399
92.7038820066299,85.3656780596867,88.8633295942242,99.7427144587862,94.2522890283635,91.0140156399898,98.3066878344568,99.7689232661447,97.2285812178405,93.1203292076436,89.0846905098647,86.5895820367901,0.0,92.6438270696009,96.2643771357243,98.1169108383979,98.1907890516428,96.1880583900357,99.4621385426427,91.5771386659279,97.1413229709749,96.1353370867367,95.4268826479031,84.7599729073202,104.196953748756,88.1359382404798,96.271312506388,89.0711200938267,95.3624776112468,100.869829954826,101.815474039723,88.3726902466533,104.225269944746,96.6664167800859,101.484780592153,96.1586443855889,92.0941998324819,89.537546741028,99.2482255820676,97.7903751679129,104.918606932632,94.5466045286669,98.7019552569137,95.7922621942878,106.920458667114,99.4573309107407,99.1554367229909,108.312440578373,89.6821230538427,98.1441647528462,99.7102551014932,87.6300440826894,109.326351470326,94.5976310605051,84.8829977932268,91.4622456979686,93.6994878887794,90.8221418285075,93.5308238692949,85.2714732182017,85.4427529586174,75.4951584091998,81.8471461670562,92.0891163303046,88.7001656760892,93.3791998009736,101.566003900019,98.9809986745349,100.531944007547,104.292404921563,107.301802244631,102.084544489192,107.707875546084,102.809418841653,96.2384821723072,90.348953268546,97.7428701091674,93.61403619278,94.6892415492949,96.7820727173355,103.850067355032,94.4113202532497,94.5006584135609,96.9140033940281,93.1877056718528,100.204284693424,103.118239109187,93.2408539061882,103.871885250467,99.4566770265491,105.218289423605,98.4262180678715,96.620704268694,81.946256741638,101.372936181481,95.7329129697931,92.8522067901311,105.896703070906,86.3701222247216,91.9739611826099
104.667985965491,97.0354546347173,97.9072565338361,91.7717909582481,99.0369438120497,99.9755007272817,94.6100426464337,100.271242949748,87.6023147957999,95.7112759284404,100.149030837678,97.6668534394009,92.6438270696009,0.0,80.1892215913446,92.2689688847496,100.078102521415,101.07843805873,86.1858499726251,88.9125049160137,84.1388466625053,90.1263225415153,89.6021322826001,94.5560944451554,106.262782253989,92.9672818018177,101.409080553564,91.4684558463654,87.3852120500494,87.1679465664373,102.068794384484,103.058170304586,96.1295334011637,104.521517192798,96.4068944817352,95.131334713349,98.6130177428778,91.1121706140842,93.0332107336675,91.1608764068303,96.4115559366551,101.254653493648,95.5031518491092,93.4664691916443,103.47182872158,96.0511804460793,91.2277245786837,105.980040526262,101.935477139582,90.4047297216609,92.1442858716533,95.682627578398,98.4083386915501,93.7719964306901,97.0163861453263,91.5423063193029,92.8974311469016,85.8797344661397,99.3724901870486,95.4799774640484,102.118687515517,90.0090421960668,101.300949781722,84.3776815643996,93.3241057997672,83.5778701167076,95.7004036783116,90.3790696802992,92.5328705583978,96.168543694279,89.7935609693716,98.5432202595456,87.9554938730598,99.3256424340001,97.2840357736492,92.9597099105296,93.6128121718271,97.6911464686278,104.440602622069,111.085977341225,96.1945196816351,97.4035844639382,99.5373683585357,93.9640481900237,97.4304671143896,104.885769426454,95.5276412341274,102.695571567392,96.903274502742,94.1710154319633,89.2947543103711,91.4621072115235,98.745552429192,89.0288030867153,97.272052013583,96.1423532522231,96.574330177999,96.2946485421767,100.573811124857,88.5397836360077
100.489822991927,96.4080258282352,101.546109067023,99.8361579693669,97.6999146840853,101.378113697465,91.4850467327119,95.6965423721976,94.228456208638,97.9857544028722,94.6272518508661,98.2831403220594,96.2643771357243,80.1892215913446,0.0,94.2669740419226,103.772857303102,96.7797664456995,90.826596141226,100.834252263673,86.8931623181194,99.8113522564088,95.3360227685581,96.7653229928377,106.038019181279,87.7721984694159,103.320372297593,93.2656134420288,88.6191301371373,99.2572341025546,103.123231395339,101.995568868186,97.5969168102687,99.9632582398959,95.6303031820589,95.7110731020309,88.7567692337675,86.4240802985439,90.0502411700225,88.6771371140308,96.7301271943748,89.3185319313919,97.3555505752975,90.2994135062804,103.555182139002,97.2952820443583,94.9943883497776,102.525709123729,92.6473968574928,86.9807958902369,99.9964036620701,95.8272196892746,101.849784871735,100.989004756834,99.7865380095151,102.736749759468,95.6985480071593,92.5052140191437,102.040597035274,87.7855796232651,102.243209770675,88.5205431503127,94.7099594584259,90.6384055536678,88.376908957531,53.8479287364274,101.498274149182,90.7108648937935,92.027562081888,96.8921437043045,92.9415694410329,97.3426175251474,98.3315732610384,97.5549691965571,95.2335216693964,94.086283952235,89.511003278456,90.0140710753735,107.906778088993,113.811482171522,100.970520207443,94.0843522910172,102.952050708217,91.0515037283984,85.1040389636712,93.2133530348264,90.1351656013425,100.256673636932,96.5020888850821,91.1244208560832,97.1739495783879,92.9794421604681,96.3423209623694,92.0812545562508,88.545821078286,94.033955162859,88.5237705943168,92.4556577290385,99.0197366068163,89.5446111905733
97.7302944688634,85.4882106481721,86.277146446866,70.0668170285174,95.9423410285131,99.4033524349374,77.3485851173048,89.3608188772951,89.7557982231814,100.090835827462,98.6695624394726,106.48681933571,98.1169108383979,92.2689688847496,94.2669740419226,0.0,100.450995916273,88.4406724277248,94.270921238531,95.5443604456376,87.6465182167556,92.2844669840608,86.9756815997084,101.079557016139,99.6886483241717,102.706557033039,96.0440066172159,99.7897529410119,94.4138102175966,93.3537930480775,95.6964289110561,88.4409973811754,95.5347226076161,90.897516492741,93.8348151897764,92.8656587701223,94.6582690719301,97.668255299268,94.7027478189952,94.7383758258409,96.5959170923931,91.9405785780702,100.363281433653,96.2503216090502,94.964507586417,95.1558893498497,101.873186990365,102.906361249475,92.5193999375452,98.3300601339207,88.3899320547232,88.5412121563765,72.439033008165,78.605011051667,100.786989104188,97.5615591109758,82.6568768709503,93.2590931842108,90.7698311410191,92.8661292572613,95.8062156176806,95.420158122453,101.954260361678,89.9256857635745,99.9852804601051,98.8845312008192,87.2959536450204,92.2923153061732,92.6546737101793,90.4301387925476,90.8011540347955,92.8678243631012,92.2379541497981,88.1621971498851,97.487478226611,100.861308098923,98.2973300816391,89.0231074270138,102.665740481775,98.5998605299753,89.9767707333167,102.840010034673,95.2678801500674,88.1419379031861,91.1691953461437,95.7359644995711,94.1944265478597,93.28770982288,93.1562843471608,96.7395216401803,99.1540957548326,96.2948130165329,92.3413287642382,91.0792889544931,93.7986061065841,96.2243768190161,95.7503832362008,100.602036645972,98.7522047494493,93.3885060803596
98.1344246459143,101.579958825444,102.02406895972,97.0591012330143,98.5713435752159,110.087747032625,91.0765019861785,97.9961892464429,95.6089668658878,103.228719124622,109.216117246342,107.654361960103,98.1907890516428,100.078102521415,103.772857303102,100.450995916273,0.0,94.868595510247,94.9448019908803,98.7734029022595,92.9363527600581,92.7003618358915,92.4335941625314,93.5269445980282,106.274737960248,99.1945989481448,84.8842515751239,89.5478525532492,94.7304846847075,95.8482982954473,96.8790410240731,103.647690624005,99.0509393868714,102.364678881029,100.636029665418,103.134607548807,91.3202870141497,100.166713906746,101.200331376768,98.777872962181,101.470002240037,87.147160460915,103.380645328185,98.9584611682831,96.7067883997117,97.1938117907237,101.441563917811,100.340820211823,98.8833368430465,98.970509966922,97.773022792521,103.972976100947,94.5440565891297,97.7037083603717,105.638586335073,107.496122568537,96.7329285108091,98.942339628934,109.279503704441,109.249102391634,107.470921107369,104.243112731045,105.797764559219,99.8563392104311,103.772142987499,98.0288849700326,93.588655136462,101.9208075599,94.7814626792857,98.7728469559791,92.0773345302059,99.1817033341014,94.5347837887024,100.779986638683,90.8277560927421,103.266910586183,103.924209378671,93.0197511911441,104.891138264222,106.042344485634,92.4610967881545,108.12087934468,105.817908326527,102.613729061283,94.8214654788691,103.900224224276,94.5450968631959,103.453564301704,103.493242124005,107.579328361687,98.0836566107122,105.558857452839,100.016194373531,100.705041231362,105.712345112409,95.7042741089027,98.3882567379409,98.6428441152632,102.509154890689,95.2436536140404
95.4925982446347,88.4969518394687,91.9329822121328,84.1047248847533,90.1579125034211,94.1953073791388,89.7444072535182,82.822685578428,88.5525910339777,101.923259863782,97.9683508017786,103.061532747361,96.1880583900357,101.07843805873,96.7797664456995,88.4406724277248,94.868595510247,0.0,90.09892247902,93.2041958548648,89.632075866011,82.5457005829788,82.3538795068084,96.0715551344602,92.4147029655991,91.9805549776154,94.6185349563859,87.6149216445479,92.1495306102841,88.7170588943101,94.1991376285973,87.410337344506,92.938898304351,93.209940231082,89.2089909591763,91.6643144782777,86.0793034782954,90.133734090476,89.5533974281054,96.1431560750175,88.3031172180629,87.5744105603623,94.5813436924117,95.5313088156384,98.1510993214526,93.1286791413524,91.7768877121017,94.807880239791,100.50798893616,83.4663191687278,92.6304158200909,92.7310296096827,89.542216361804,82.7484606993544,97.0688152946365,96.5967940816856,92.901104167164,92.6814797580588,98.4384319994521,93.0644381011296,98.4680703658632,102.012101399224,102.64236351856,92.4479552277963,95.2765736545864,95.6972224090037,84.878265877493,91.4121718966189,86.175657185286,82.0014566184856,89.3993201552854,92.5951086584522,89.8985573466953,94.8416903481061,92.1308527738711,95.7994517797845,94.7738582729237,89.3200049740071,98.1272115098478,95.3511014128982,94.0355869295969,95.3114140245022,95.6693208938213,98.2407239003256,97.7012318924579,96.6091670918964,98.2756118224393,95.9499546814643,91.3300200073132,93.1096368063052,96.8544931992587,92.9009541817678,80.1416591679734,91.9920402087131,95.1271015938123,94.0415618830442,91.9246613654817,93.3371118359423,94.1996583297247,84.5596322852125
94.0362729163143,88.4158416250397,93.460957510548,92.5304324057108,99.199390231086,95.5112180588953,96.8946006953721,97.4625998898988,88.3162642553576,98.5814412931184,102.578101635429,96.2184933270823,99.4621385426427,86.1858499726251,90.826596141226,94.270921238531,94.9448019908803,90.09892247902,0.0,84.3397112371321,83.5063196579104,93.7591206027767,92.2353356438384,88.5924886258339,111.079426962803,94.1046920721036,101.241992181827,92.4876973379963,101.11010990272,88.8701214995784,99.3393208586601,101.859725867296,101.797584858629,103.786014991489,91.0179664576082,93.9529792283649,97.8587041651891,93.9321985130956,93.20871913259,90.3197005175461,96.7325136302941,94.5083178603542,99.6343114926447,100.728364774259,102.376751737361,93.1700026060602,93.4319179839637,100.315186360622,91.0816410008117,93.3733098534918,93.6728868910532,92.6110619638205,105.623380732061,91.8250946211733,92.220132022505,94.1299466829782,99.8887406009661,89.2467092412939,104.489435532798,96.5709502800666,97.9000007684634,91.9562109387016,107.430412895957,84.8798243531938,90.6505466247084,92.4376142896058,99.3572466095171,73.4055621991566,104.249975438142,100.950841265698,87.75648451974,101.57055255912,101.262259465539,97.1232889330387,96.16982455991,97.4200610960754,97.1712011543708,100.847250105895,99.1036597289616,107.628492669189,93.9678436179788,91.9385640713961,94.1699271555516,99.4992809646762,95.3458802583583,96.7910035996444,96.0082282689522,97.2283839743424,98.3011484805263,96.5855632491162,99.7057563732367,106.07005378646,96.4374201466997,91.1574452377344,93.8177715748826,103.761861419086,100.113244546558,96.4081806136923,96.0398849176905,95.6909285814292
94.0937017892019,85.3084699707336,83.7970589627554,100.269294423513,93.8683043853256,83.77792388869,97.4042336465252,91.9363035176136,81.4639526144121,91.9372642650822,93.5153274012206,90.9713954121307,91.5771386659279,88.9125049160137,100.834252263673,95.5443604456376,98.7734029022595,93.2041958548648,84.3397112371321,0.0,96.6456637328937,88.9378885958207,89.854303135325,85.7643232185143,101.905722340931,84.5965721541833,95.3544787235553,90.7850472006624,88.045610675489,88.6422470998189,96.2838973186821,96.7128943869286,97.3546922019049,97.9612444326327,96.1669639872359,85.121322993549,93.7365041846358,94.1553099834186,93.3442020243135,99.4029378940696,101.842295313233,89.8538844361263,99.2648904450586,100.832845560069,93.7046095009667,95.1731529543427,94.6447131774592,104.388968000881,89.9158345583419,96.1989779160957,89.8369178322616,88.1693906958577,102.386682278092,91.5776868688823,87.2750477432484,85.0068306784474,92.5455260454763,80.4964909922241,95.8508737106785,91.1288729256464,95.0961170832994,87.9772772313579,100.325235479139,94.0338429708592,89.0035690930197,100.088515701733,100.505716583757,91.5541914610607,94.8635885879761,96.0208510904478,88.605527978171,98.8593929274984,94.1026224530652,95.5341512304048,100.887848774041,94.1297342805952,96.0634963446627,96.1839104283072,95.1672117690555,99.3231495931496,94.7294260638844,98.010253670789,91.2071199479259,89.9027671106902,95.7341893496807,103.720937175472,95.6968976249214,96.5983616775282,96.707523706546,93.6572915954608,90.8295269540305,102.017136751688,93.1187928122275,86.4392407598198,93.8751840308619,100.726927106633,94.7704202455563,101.822074332251,87.0372791986581,99.3016573107168
103.384219114691,88.0371043441116,100.915595556104,90.0077865954087,94.1196453501969,103.728152015888,90.130745799365,99.767250455985,91.9488500234309,94.5589702080091,99.952095851603,93.2606249248058,97.1413229709749,84.1388466625053,86.8931623181194,87.6465182167556,92.9363527600581,89.632075866011,83.5063196579104,96.6456637328937,0.0,88.2535999844394,92.4705572340546,84.928447597843,103.475466895525,90.2807911877274,90.1354706036429,90.3200591932301,91.2253674942938,87.3720129354102,98.716268822782,101.990991648927,95.7807398175112,87.3557193693682,87.1144725510228,96.3387430116365,86.9007650471655,96.2720128296201,95.5107586943888,96.5511363318652,93.999796672475,95.6160589269577,90.4029870906384,94.3634625775381,100.840749555283,93.2849426033677,90.9044300888643,101.420959978432,97.5755078963402,89.0408263410808,91.3144809698717,99.4436535125729,99.7733358234787,91.4521527732128,102.709700142,99.7468579663035,99.9804616666846,93.8025384900427,102.260346936372,92.2322050155261,104.696057707593,91.8701252614863,105.738802432196,84.3674602063349,87.5533153925481,82.9139114409137,103.680626356957,88.3412617680254,92.2864674010736,101.090666049061,89.2819258993843,96.2220272836744,95.018035636178,104.485635657481,93.2351993505703,88.671382582818,93.6811138305299,92.1852972008746,105.188772669085,106.745475734459,94.9388874036773,100.828512993379,98.1370408419143,91.705496548276,91.9233723953019,98.3760702078576,89.3645732043318,99.5510157958986,97.1011984446615,91.6404905562414,104.398179930525,97.0277105446128,92.5051826135792,97.090211972125,102.20792616636,91.7690509538996,94.2608289638326,90.5618369466975,99.5606014029692,102.049535792485
104.344938078733,91.443039012511,97.0642414299388,93.3085306296093,90.4329759090119,99.4393526858375,90.8196709082813,99.3710561515627,88.1525898456144,98.3362680941503,100.134249010193,97.9844441832617,96.1353370867367,90.1263225415153,99.8113522564088,92.2844669840608,92.7003618358915,82.5457005829788,93.7591206027767,88.9378885958207,88.2535999844394,0.0,86.3487347645811,91.6379010657888,97.9876871922915,97.9530716647734,99.183632067435,92.9445526709615,93.6450785120078,89.4152048706916,97.2383089551206,97.492788242779,94.5560316010585,81.5300155961669,80.3927334189247,96.8729166151455,91.7972679279422,95.6444222242362,95.4844450101062,96.6405006835944,96.7959020366433,86.2572260193733,93.7396407108826,92.6436873534984,99.7510959831393,100.218093346189,94.8049787896692,100.268235372187,102.119897984409,99.6528561680997,94.2544025121494,99.9279853333703,91.5878812426066,94.8126189342482,101.529578802073,91.7944369451476,91.9226374992507,97.9153634812206,94.8213306207319,99.9704158824357,103.890419481316,100.388401062675,105.715028275609,91.5498996597999,101.680818148429,100.687216457329,96.6362810964149,97.7099485985879,85.9468324557664,88.9965762952134,87.9280287433646,92.1385247195945,88.5659024072493,94.7544636327729,98.0013493385389,95.7873310209447,100.813861925978,96.0129716901434,94.4737352100607,97.3112964367309,88.3033729114954,94.0981287424117,101.006213358238,97.2689959385342,96.5436575756492,98.7008927252651,96.5386476891625,94.0470308637156,98.1245614024184,96.5900404778668,92.6346396053875,95.115334450647,93.3651347137234,98.7210193985399,96.3570501632687,96.0143332583598,94.6400989657446,95.6288261255265,97.2997225153396,99.4913431122256
102.227005067357,93.0532958875022,95.8808791415652,91.3540349457915,98.3336548422754,102.367212557086,89.2713814606604,95.8660536574456,92.4953301065789,95.038751104266,101.249817376058,96.0224771743202,95.4268826479031,89.6021322826001,95.3360227685581,86.9756815997084,92.4335941625314,82.3538795068084,92.2353356438384,89.854303135325,92.4705572340546,86.3487347645811,0.0,90.6655465330492,97.1581445711554,87.6286829885842,90.7248891481546,89.2426819859867,93.7620288837642,89.8848477874638,93.5647160661257,93.1763255237442,95.0093859257313,91.9469372005089,91.3882561683338,91.7510034824748,85.4906869936546,92.9280129271512,94.6143392906027,90.0385204293006,90.2778798545032,93.8888438499533,91.668762399921,88.9104108766574,94.6641113604588,90.365764555513,91.1397237195546,102.986375543901,99.6955894063398,94.2632934702363,91.3012452818112,94.1368045266035,88.3552833976247,85.3803125013894,100.002214125156,99.5135010531567,97.4019513394377,96.5015315160888,95.7055932557213,96.8981514354025,107.554021861393,88.7281643548168,98.8576063017877,88.0773353299286,102.209885815357,94.6759986737235,95.3507298223948,93.0665699731902,93.7275721090293,91.1143786852769,88.9448999585243,100.990376167033,85.1221939465249,92.7733968561273,98.24657564085,92.6515020038446,82.6260810798983,90.4089538125916,100.129746553131,105.604569685128,97.6256810994527,100.441930745304,98.7483248320061,98.3706864419214,95.6756518392642,98.0240517704566,91.7306553170974,96.6208791027441,97.1734830065603,97.5014524778113,95.8155766838342,101.125751581314,85.7314451065221,88.9775501756936,97.4892159106838,89.4879921266951,98.4268087407312,94.1680452473706,94.8724382600425,91.7894424453327
