0,1,2,3,4,5,6,7,8,9,10,11,12,13,14,15,16,17,18,19,20,21,22,23,24,25,26,27,28,29,30,31,32,33,34,35,36,37,38,39,40,41,42,43,44,45,46,47,48,49,50,51,52,53,54,55,56,57,58,59,60,61,62,63,64,65,66,67,68,69,70,71,72,73,74,75,76,77,78,79,80,81,82,83,84,85,86,87,88,89,90,91,92,93,94,95,96,97,98,99
0.0,92.9030771022909,84.6578975118257,88.8202537057398,102.961683485675,95.9946721471367,96.4154902090083,101.059802016416,97.6493205290063,97.1048297560311,102.019124418905,98.5008597874958,103.270205723733,94.6933249315328,96.0448306500357,96.7895738297911,105.738160405583,89.8517908141846,95.1375142461464,88.1763018071399,93.2314999171335,86.2341459367006,91.8321748307314,96.0206953142736,98.3225069704685,93.0138236467156,98.3610225618622,96.7319144633035,87.3109611173068,98.2784189447122,99.2059330976703,100.136342633406,106.9402332104,96.2033777276633,91.6917372191007,90.2579138734087,93.9761479728604,93.3915256946219,101.193667545451,109.522041378844,101.19193865815,98.812633720381,99.345426809946,102.18202020911,105.089663489505,95.0717277373178,96.84080554326,96.0708400968312,83.317269719085,100.716130216432,81.4098549835148,97.4336781280696,97.9756134031669,95.712646427755,95.1066564458703,85.5713733714763,96.0602451072202,93.5967992969235,109.149051217492,105.209449692937,97.2240891319752,107.89240265512,97.5619457092283,104.455797333566,102.403097864985,98.9555737978176,96.8404577236007,93.5576584954359,105.167494311647,98.7142351190315,92.4883269895385,92.8147278898245,101.88387908689,109.396810858136,98.5776182236981,95.1441178828239,96.3562614063412,101.866226602537,93.5553603486441,102.09309907265,98.3506072295838,99.9449646938179,100.178075735275,101.80466626227,95.4831255203535,96.4102412334151,95.4350657151235,97.4330619262677,95.9883421391456,105.842555185955,97.3346541072446,105.927892909327,106.102972339881,103.213339119605,103.041917915122,100.549498772346,94.3256757672604,95.2007990883505,75.3943835450797,95.6094072942023
92.9030771022909,0.0,74.2953478225879,69.828800100689,72.6399949294575,98.0101063494644,90.2929291934193,72.6667124829264,104.205165586376,106.280471708621,98.7083362260045,94.1774102356676,111.133955592408,93.6835196006735,99.1909678142589,84.0451584340325,99.6025586941615,91.8875614649191,103.00116256231,98.0166686028049,93.5267182292582,78.1910630050241,95.5119928178488,87.0801196653963,101.71158961776,100.591077179958,107.678820620586,102.969450762221,102.909091695404,98.0327646818518,91.5129996831349,100.88334618409,108.712912950217,89.0967626017965,89.6068940613578,98.6820310364628,98.1032110060013,97.5193401742292,96.4600206132085,98.3857304128762,100.434500949276,104.188351733994,109.599076137306,97.7328945363109,107.300189690105,95.8075038011395,100.900561658982,100.514913020057,96.2811692435955,96.7377651361851,97.5883519870242,53.5186799681663,88.211811952926,65.3675823792783,90.6780290733434,90.8299739665001,73.1515017267475,81.9694746876401,103.663089646005,111.464671042394,99.6570461202457,118.025381898435,95.542115532463,106.657527992755,98.1311561764307,96.5366605567643,101.915123862058,103.308928838702,102.110780338394,92.3911868870377,87.1701596390319,93.8746235500081,88.7531275843252,102.364291926895,91.2152661871311,90.2611922699524,102.271156487469,94.8624259169243,89.7066990333185,104.200064806917,95.6527193407932,103.58659285789,98.2327791729748,98.8545594279776,95.35049651854,91.9920780058137,101.816160597555,102.528829089624,95.0757880411293,99.9271270582685,101.487579257424,101.622457362106,103.307779470291,89.6755656028985,101.034229051319,95.8793313333547,95.9391532135497,97.3168718558505,100.957425510342,96.3449553074747
84.6578975118257,74.2953478225879,0.0,85.1910481869493,86.0588899472433,85.0307345282482,85.5371907220096,82.911171209519,87.0979798255903,103.877441392474,107.123216901882,102.578654945364,105.192144045504,98.6304947989457,92.1947619891116,78.9334265769761,102.094816119136,83.5938771019978,99.9738696953834,91.310112317123,93.1795203070916,82.5498979515647,94.366535676218,100.019520989697,88.7951908755459,98.1950544521641,103.322688316508,99.7438133668033,94.0677696727499,97.3816949907014,91.9327154418542,100.552161846679,105.638801149302,93.8991303981649,96.6002105255129,90.2923621713131,99.9058325170459,97.7267302136262,96.8357224306244,96.9558748827161,98.0178700457459,99.8659413278352,107.378064260584,96.4742716682324,96.5135388134249,92.8198378109864,93.8073605518226,101.392102815939,85.0524997170615,95.0695520182413,81.0149165893312,66.2582595031438,85.177890600292,80.6244305414028,85.080989271609,73.9133424876556,75.7413455400279,88.3908890216549,103.321854953241,103.496794820147,96.4722225763602,114.333913034736,103.138681568343,105.830014939625,97.566569299858,97.704468546718,99.1964837725671,98.5314546906363,95.89660112511,91.8766306362424,96.1100626150089,97.2211073803098,99.7260045973936,96.2964643048538,95.7455223757397,95.7759743316013,102.922368790489,101.671656985836,93.56986752186,99.1749571275652,92.161303605383,102.025868762072,98.9378331815628,93.5542736715127,93.1549542512463,98.0756000981208,102.08502859325,97.1844896904843,99.1124786306519,92.5605493762547,102.067416317222,100.433710872252,103.136809955639,96.2027969286224,101.906679904387,89.3349055735591,90.7474270095795,97.5738152262522,82.3079786404943,92.8179036868197
88.8202537057398,69.828800100689,85.1910481869493,0.0,75.3377510897336,94.6490015449738,91.0406833591443,74.8219430590432,91.2253537473452,97.2321513808897,92.9399403429006,93.9444988568534,99.6567776399479,94.3387108916967,90.4798119695577,84.767191039965,97.9492135166462,86.1045565312084,96.0165030182398,87.0009507519093,87.6479524733584,80.0866047176949,93.6285653199028,88.3013463747155,93.5147465244656,99.5286697695542,99.3289062935232,94.5608325072517,93.0587122308426,87.8910396330407,93.9817564226078,102.104131171814,101.012999597002,88.5551211485614,89.7458548860384,95.9651492410432,94.5716004314992,95.3357663302494,90.9511789980419,95.7578473590538,99.2419965436233,100.789195670963,94.6665917945149,94.727328426984,93.0004863845292,97.9927145783551,96.4778479763938,94.4327562675426,89.4160610310068,98.4133314511046,99.5913902498769,74.9626334497317,89.9719305131898,61.9420127304281,92.5566468555503,94.3510062447156,81.4539722141742,82.1881554941712,98.0298176679869,105.392466070245,88.6327441378492,99.0950480463305,95.8899406601106,96.2335171401659,91.7195761179123,85.4278106135965,98.612620271536,88.6791634873027,97.3173339831402,85.0114796207725,88.2560834086874,89.1090312878597,92.4514236819276,100.040497147984,90.268553646877,91.0423422639926,96.2966601062929,89.8229540671967,94.4520108400595,99.0793481780315,92.3293399821738,96.8753465707994,95.1294296731892,93.5571341080715,93.0523142861593,85.2760906023527,95.9077495033807,96.9174260822553,89.1119894425284,95.608563925967,95.6939999889179,101.25785275114,103.39161913716,88.1950742791741,96.0698222976844,89.3294225851088,88.3613736005195,97.902535563781,95.012193399425,96.1724048057399
102.961683485675,72.6399949294575,86.0588899472433,75.3377510897336,0.0,106.713273509114,102.360279514977,79.4711505692658,99.3131202465648,98.1812288636936,102.849930027597,99.6497176737155,106.577345081935,99.3463119024168,96.0313548001297,95.1219394153979,96.64029841353,90.7120082213974,109.943271620968,93.9200381347588,82.6109374972426,79.178351998867,96.3541006245168,94.0823334686094,109.136295016655,99.6965553559353,103.24005991019,103.043708971323,105.170092335511,89.609939066201,94.3460484361256,104.11268567424,101.445498817493,90.0571795090251,97.6185301483822,97.129697719942,100.747267961908,101.05158201668,96.9156216526947,96.4881636672506,98.6223887376155,100.410640144016,104.713713933487,92.1544382626997,99.0634451979572,95.0229005497983,101.904681716903,97.3406989450448,98.4064381927517,92.6324518769828,103.532457931357,86.1549013656631,93.4429788219982,56.1835847286079,102.392538709869,103.016179381745,93.1409111875698,88.872568611747,108.162149712163,112.441935243024,102.463313574095,103.878383039544,101.925420692522,99.4868102000218,100.064314833293,102.139800079269,96.5937544707661,88.0278503463761,103.344354740293,99.0305196646115,87.7275882447812,96.5684054427729,92.9202357851496,105.199312167668,99.5936270792191,98.6045109149216,101.727412827397,98.4091666202315,84.6915104810811,103.874628178975,93.5303732869884,102.580055026807,101.170110932289,100.383969911504,98.4613548915608,96.0511106286838,97.3697718240578,100.817030442183,95.1557219706544,100.268007340148,95.2511797149112,107.508512567245,110.048013239958,92.3038576406574,84.3924990740982,88.3084687640735,97.3854786781433,94.2663311993922,98.8875277636241,94.0446400119533
95.9946721471367,98.0101063494644,85.0307345282482,94.6490015449738,106.713273509114,0.0,91.7221304659693,98.9013701831989,83.5577328035969,100.518437907063,103.249043904342,106.869996654403,90.8176867849983,99.7854736658834,97.0361776372946,97.9665705788578,97.5258962826933,98.3837586422098,99.2171363313425,90.3635720838934,97.7010086256105,101.64966574494,103.266856808179,100.372795702827,100.923094724447,101.247841081484,102.429126016903,98.8459233247383,91.9851841814629,109.776211694619,102.140476203433,98.8145969686557,111.379655592992,94.7745495674169,103.082406793507,101.345144248962,102.608547560068,98.1527386967926,95.6486366057821,93.0515005250564,105.72732771373,98.1977355440523,96.3318941665368,101.058977749501,98.3754900056409,96.2270465770907,97.2280957729118,100.317433827344,89.8949714806176,107.183193639944,88.3258454754802,89.3881878075945,92.6340409634016,96.5315801547915,73.3429544284438,67.7925573807864,82.6622464511578,92.1806296143193,89.2890279516396,94.6681639415443,92.2778872965194,90.5796815515238,106.279834202958,99.724018408003,96.9832754457218,93.0749889751013,106.624446282675,104.329671082639,97.60104823061,81.9652320346292,97.5452607310241,101.879741568246,102.770439543888,107.383619856076,101.448966611408,96.0727620117493,105.631043965329,96.8916978344123,109.264475880823,101.651979921418,104.198765653677,106.047833291068,104.271142631656,102.333860290627,97.6234022912718,102.834628999878,104.743554566347,100.550747898859,104.1541057021,97.9767131643465,104.961320588144,100.156701293123,92.2218977531643,100.405835519457,105.68766504502,99.7626952848182,99.4593467577533,103.543182196801,93.8748488792708,101.252636222722
96.4154902090083,90.2929291934193,85.5371907220096,91.0406833591443,102.360279514977,91.7221304659693,0.0,75.7303697166946,88.5736137336002,98.4608098584292,101.120216706153,104.573914885664,100.424668785216,96.0211882682716,88.1594934262271,78.981866804089,102.231449888573,90.7654559651813,93.8553712750596,87.0299896664822,98.3518255887539,89.3954874869281,93.8270563605924,102.696030921458,103.925322578618,103.227837247581,100.886510366374,107.379249529207,93.5210778420197,95.445977118234,91.4544559043857,95.579630878974,103.222695883495,92.8186985427958,97.1171991005449,98.5855907682309,95.0647574840104,93.4735120689811,95.2182601194895,87.0508612373509,97.7453342339151,104.436952168763,93.9052469914155,99.9860100390913,98.9831780619077,89.4746666147871,100.861669548399,94.9157490191856,92.8790945019571,97.4676873414323,82.4552814938263,84.4728248132031,73.5600790208834,95.6791136361367,87.6589586937944,87.3563837041343,67.8167048983965,86.2499447767145,97.7786338414647,102.319744621635,98.0466747517061,107.463696449194,98.5254283857729,92.4201518855248,94.6019154261004,88.860425425778,102.546083758474,98.4676807981343,86.3253913628348,78.8558296276424,95.4572886499659,97.2708307182542,91.2813562399274,91.0172261993553,84.3652229516454,98.1280321710773,99.3053161417446,101.007621439291,90.1497812969773,98.2047228775822,96.8687600245893,95.2835377792242,95.2047955703147,99.859693796868,90.4454906317404,92.9100482488525,90.9636926935529,96.1655393734589,97.1117490514686,98.3634959891356,97.4923853147895,94.9276099801096,95.5226774587473,93.619767585227,105.483767413521,98.0441257099614,90.6896527381587,103.388498848157,85.3259109013414,94.1777525854993
101.059802016416,72.6667124829264,82.911171209519,74.8219430590432,79.4711505692658,98.9013701831989,75.7303697166946,0.0,91.9794304564587,101.471733741404,101.995716853456,107.157989043404,106.948625428857,97.1388518911004,98.0536028784254,80.1953228645154,100.855895513584,84.5981441697122,102.359626149235,89.6220452842674,90.652499094249,85.1523509624932,95.4930835592005,99.2392147899125,103.49514620027,102.273492562105,100.132583250917,99.3852071901122,100.196122560038,93.085237514705,98.7360143320709,92.4060122906659,105.746624880788,97.0033803440114,91.8998321544887,96.2907823287477,94.6071157772134,98.2510904985767,94.7308560285733,95.4521820782105,90.0179685878218,105.011383474605,95.3615940040635,93.1721230825491,96.620916346219,90.2253330679785,99.8958298275611,93.3691857228412,91.6460273583077,95.4981300906413,91.4536698956586,68.180149501903,83.7212242672236,66.9358533780108,95.7501235405499,83.8080658243348,67.4156543027205,80.2124411237262,107.20899082461,111.950283859331,102.161821778563,112.496186882556,99.6751465110149,97.7052693171648,100.064822606361,93.5560619597327,96.8808138592993,98.2796796791472,88.9340599548944,83.9130388858623,94.9229879670783,95.6789310761015,91.0981496039656,101.142508071147,95.4368578039802,107.308015179469,105.28799810782,96.69103818428,95.4141845720696,103.861386662397,97.05273452643,99.1520936016805,101.201737174627,101.539222417888,86.9884802132776,97.3217294073119,96.2019749957152,97.0747961881545,97.2358834827498,100.518567358697,99.2163887550802,103.986726386812,103.217833547871,92.8305598516355,102.609528935645,94.3549186514321,94.4084489213285,98.726084924842,98.4046274972466,93.5685863654091
97.6493205290063,104.205165586376,87.0979798255903,91.2253537473452,99.3131202465648,83.5577328035969,88.5736137336002,91.9794304564587,0.0,97.3769757388107,98.202765232567,96.3871206898333,91.8948735806788,88.5999979359913,96.59949432263,89.2742639640311,97.0494238502374,90.3628925514722,98.1772328466738,85.7928474116587,96.160764525367,92.4245370617498,91.3657328109658,93.7913751830266,101.721768686163,88.5249317779064,83.9471630894598,90.0952157684971,90.6066720969572,93.4040353093886,92.2375024169121,103.571200389056,108.232676479702,94.5303727273747,96.9299953161372,90.7346664877361,97.0769851937782,88.779589945488,94.8085806618062,92.3954424800418,94.7561352691859,105.6831518206,86.8291386463941,96.3127111397446,88.1663168928786,92.2645443942804,92.1559937298294,93.5561251476884,87.3063288106292,101.475168020619,99.5218110900662,98.3190113418556,86.6025379946895,91.0452133434062,91.5496072386753,83.8631256932362,86.9830833319514,77.0750923333181,91.1323898186073,100.117212605507,94.8041037006848,101.906279942796,92.8538235394519,90.7666141222363,89.8504295469269,84.7218691590412,97.8071259194871,96.285498352715,86.4613048345355,86.621505862072,93.3571732357083,90.9108711721349,97.7618664963023,93.8584524193781,85.4922602911871,95.6675387535329,89.9294365557024,88.5531123192126,94.7259278551554,100.058804086274,102.150117569166,98.0960329301862,97.7307452250982,95.2303814713262,84.3621559644302,97.0131500098516,93.0635391724988,103.062731513209,94.9547258507636,98.4644566782752,98.8221815671744,94.5881047087225,96.4768316856537,90.8011668146568,102.946029914866,95.8122577586155,99.6088008453552,92.9933392464029,88.5604094369358,94.7309384191936
97.1048297560311,106.280471708621,103.877441392474,97.2321513808897,98.1812288636936,100.518437907063,98.4608098584292,101.471733741404,97.3769757388107,0.0,90.9583199439758,88.4097696526576,88.7600334325106,87.1750300357307,84.6261005664152,101.963823079518,94.7996686658784,95.2010586796557,93.2326281642834,96.2347975599096,90.8407728708965,100.437833867267,94.5537667358242,86.8718485330872,102.52046129252,96.1870703711182,93.828869359601,93.2065263685877,85.6466353649732,96.4176609930378,99.7857087106584,104.708131157644,102.907334851234,99.0945186817036,93.4070109014649,96.9000387322469,96.4861408241619,86.0851108881853,96.3830099462768,90.5864719470641,101.954353248326,101.468792116113,97.3645886483637,96.7943744592034,84.8847101033131,96.920021985286,95.3526689746432,98.1690358884862,95.3271578335068,102.400038993811,108.429506014212,107.677647934884,108.541197572134,102.81921053039,104.366920447782,96.8737078450541,101.037917538099,97.1667723875358,73.5319204287362,89.8905744900639,84.3082762814516,87.8415007635502,92.3282029452182,93.0831433020658,95.5123463774772,89.9697746609231,101.812888751681,95.1479624462467,92.3314918361126,91.7466294762222,90.9306249528228,104.849886133034,107.000501933204,101.253645465698,94.1006083914155,97.7249333720756,92.4243839895415,88.4769523101462,100.318143083036,96.998867299468,99.4076075482398,96.1859244855738,98.9905418646533,100.208735786336,94.8211980449821,99.1759315423938,104.105160524367,96.4448374530846,98.1438571682269,101.433302491709,100.256568709948,100.435150512467,102.105239116893,95.0041433196389,103.518759607896,93.8097272094797,102.793322917023,90.9333822694365,96.5395201183849,99.0744952429718
102.019124418905,98.7083362260045,107.123216901882,92.9399403429006,102.849930027597,103.249043904342,101.120216706153,101.995716853456,98.202765232567,90.9583199439758,0.0,91.4818723220174,92.6062890143062,94.9457834130094,93.6686383692829,98.1368683132326,89.7466547440127,94.3779395182883,99.013269573289,98.0768094690179,97.5182050430719,104.426804158538,97.5471913928489,82.6786941095185,96.1669643267545,89.6322077739709,82.9275339464601,99.957886499891,86.6258463411516,94.7635425659271,103.446012271342,95.4817816900445,86.8577554241522,93.8520896165807,95.9280990328452,88.6926891194669,95.2997309862271,81.4696823200172,88.5961704096409,89.003706843163,85.3195697182475,101.238787603504,94.8239184950703,99.248595992393,92.0125753649378,95.3556548588866,94.9799476527845,95.0531970736594,94.3604339386385,94.2815190247861,111.368085088632,106.505507005955,105.085948432843,99.847923380568,102.468513922573,99.0939476738591,99.2601262890793,98.0868118153912,82.4157654650575,88.5669903885364,89.0284847395607,86.6222457698725,93.1982509175388,92.9743537096761,101.146964383579,91.7672953315456,87.0983383784102,96.2035036054431,97.8817372452423,99.8642571021033,94.8401949504611,90.7713566319926,99.03906464427,91.8888564197725,90.8933116957164,96.5447835321072,90.7309713597892,95.2767904247117,97.6930246322466,90.9587538677297,102.597732358842,95.0087746606173,93.2978909379335,98.7520237273277,94.2823851336811,100.018060822244,92.8054912580829,97.4371557374852,93.8701787804756,93.5787774969667,89.8713333726356,92.703430301326,95.693666123929,85.8898708839338,97.0994786747261,94.4357726924474,94.5416267140723,88.7578577187335,100.524219182476,89.7030988965524
98.5008597874958,94.1774102356676,102.578654945364,93.9444988568534,99.6497176737155,106.869996654403,104.573914885664,107.157989043404,96.3871206898333,88.4097696526576,91.4818723220174,0.0,101.10849724566,93.7749324833424,96.0004889818601,105.071729574833,91.0717796074348,98.2673996099203,92.1110765191871,95.1501421210842,94.8585067109588,99.0185669267231,96.4345530054625,84.3113759956702,95.2736387241356,89.1712722890345,99.9919338609091,100.456913928054,90.3845113691218,95.4725367913419,90.9333524845145,93.5181627647746,101.439944935762,102.448559711261,90.9534635141938,90.5550368224208,100.183770848984,91.6085125582516,97.2736444753591,97.7125186373919,97.4340441457773,97.3956258893819,94.68285192975,107.427444311567,100.983722953945,102.659513773645,96.4589240339754,102.98854955491,97.4921883121242,99.7846580672427,105.363704503485,99.8981538067777,103.112534648133,97.5940307565768,103.422091545814,101.36789783103,98.2788708535434,102.9263731462,89.2380405571254,86.8312075989827,70.9905169258086,96.315906898377,91.7739960293277,93.267092504508,99.1915985245745,100.487194145775,102.357600464421,96.7074170085969,101.338323463451,103.935491124809,90.2230824336773,101.36066626458,93.7384005249331,104.509445383449,85.5273102161942,86.1798042733917,90.834050098116,87.7226388232058,92.3380799248656,94.3448916222206,100.760518048106,90.4578402280853,96.2593132034014,92.9574933649582,91.6950782312584,90.1822538196789,99.2180895016083,98.0085673959031,89.4337959606351,95.0850098462194,91.6082006648626,98.8941063301037,99.739511658514,96.4397122797459,96.8991499052394,101.466276877949,98.0040320185765,97.384474714132,98.0031518803745,99.2208049002758
103.270205723733,111.133955592408,105.192144045504,99.6567776399479,106.577345081935,90.8176867849983,100.424668785216,106.948625428857,91.8948735806788,88.7600334325106,92.6062890143062,101.10849724566,0.0,82.5911677993753,93.7816007195742,100.553688654221,94.4165243676619,103.911057534617,93.1570812786528,107.321678393873,104.410993270263,103.874309439666,96.4086925352922,93.6387112517557,100.712593780053,91.3679002032945,87.7098705829984,93.3364510215138,85.1665861593577,94.0490370241295,104.307769665805,105.150180676593,105.622189932826,98.7987752971729,93.9363484257183,99.5403653871201,92.0547967291798,88.966901373862,90.1097689768329,94.5721861979976,100.782780619171,105.812314574729,105.966531894428,98.9111315155247,86.5188527679997,89.992512777493,88.5410187725151,98.9702356359626,87.5341010938474,98.2188527302457,107.279305754096,110.447323015147,103.194085846935,103.801026201955,100.828337658328,91.1331683731704,105.635901717554,94.9235134838483,94.3848863214843,95.474211068548,93.597981878581,77.3560584627992,96.5647733952768,88.3222643715208,85.9717715038308,94.5463277266533,94.4236709792205,91.6649578409227,96.7585751962054,98.2308511635247,102.897087589584,103.510891606489,97.3161049310623,101.744876650887,105.545226526282,95.4939049354218,90.7206259410771,89.6484385026701,104.497375133235,97.6003573603661,107.164799326533,103.619119730349,91.9240680073389,99.1302268552003,90.0639840663713,102.932835365909,86.6808295612539,80.7483352744292,99.1164072876187,98.8165625383458,99.060143444892,97.73665047843,103.538617231939,104.386764554814,108.173052507533,95.8050533675463,98.2422379803234,92.3897054099344,93.4618839895611,93.90360968886
94.6933249315328,93.6835196006735,98.6304947989457,94.3387108916967,99.3463119024168,99.7854736658834,96.0211882682716,97.1388518911004,88.5999979359913,87.1750300357307,94.9457834130094,93.7749324833424,82.5911677993753,0.0,82.3871418010583,93.0861684457893,83.632558016279,96.2933947923754,83.3005208375839,90.3772921476705,91.9514228403111,88.3078654192207,93.7433549203159,92.9222472774218,104.00260489031,92.889887377798,91.7849158635819,88.2123668775549,86.3202773034491,87.7318663045026,94.5899257641161,100.509953987544,96.4604132403571,94.8588482004367,89.3940509128995,89.1397137803919,93.2636683826774,84.3041641866283,91.8912855672657,93.8528589049829,94.8341814606032,100.48987788463,92.7803866946502,92.9241290749719,91.1987851753585,91.1406514270756,94.099529518013,89.885082429,92.2555872581951,94.061280241138,103.098515983863,101.037538187422,94.373025377849,97.6178350818152,93.5052384495643,94.0113565258118,96.9052053416617,82.9238115268688,89.9911485497331,88.7206970284191,88.4815452843126,85.8868717632565,91.4332343866569,63.8573147006962,79.1477814176286,80.0076344142922,93.1323410614897,81.7775447261477,83.0022747753846,92.2541557404442,85.5682151209665,96.9747892545876,95.4765714749904,104.771158747575,100.2980705054,91.7643172381329,85.4276757162075,90.6006208048554,92.5414304102214,95.5969731108392,95.9358029194208,90.5469412336628,90.6463588061726,92.8072748835737,84.4552478023362,92.5129740492742,95.3821820552191,92.8544849203089,87.977027903351,91.3978388067918,87.5289501962723,99.3526238091618,94.960668709141,93.1546826921137,91.5253960912735,90.3055332570193,90.5853243449264,88.4238828649481,92.0633308065549,92.1029370273335
96.0448306500357,99.1909678142589,92.1947619891116,90.4798119695577,96.0313548001297,97.0361776372946,88.1594934262271,98.0536028784254,96.59949432263,84.6261005664152,93.6686383692829,96.0004889818601,93.7816007195742,82.3871418010583,0.0,98.3666922987697,94.6578131146675,90.9196297537262,89.9074069384018,90.6913132206762,90.0702814665127,93.8088314880453,90.745967461862,93.2111829816221,108.041531393223,93.3348880039335,97.4209904592028,100.412693641907,91.8626285530766,99.0806446868713,95.9576971089271,98.3506435175214,95.7369473267214,97.4852027364576,92.3897481577374,97.6282143993674,97.0563351439816,90.3388596191298,97.7586783140167,98.4638349176247,89.3424082146137,98.9169986909336,95.7619551568067,94.4005306071938,86.6856290243431,90.4707060872457,90.9445774193888,94.5455387255946,90.8968779765566,90.1499676670157,103.698081158713,103.480463494103,96.8488771320627,95.7315711792054,95.1327543936345,91.9998361152968,91.1798583244704,92.1015324738012,92.2483377977361,89.0114374580324,85.0149794262079,94.3897703382157,101.915413510113,90.2230548350633,88.4964465046232,62.0355270103585,89.4313054813221,83.2073514565687,94.6157856814665,98.3546620984877,88.719286855465,98.2329204552028,95.0256962729367,110.471732183544,88.6848246352516,87.2262040580811,94.9229021952693,95.2168814434671,90.8397798473435,95.787709790073,95.8774421444799,94.3690428030762,97.9114284953364,99.2240837454145,93.407469134359,92.6787632589783,95.7387323070656,95.9567387086594,94.1558343189563,92.9949934855347,90.9103504982827,98.6406945614822,102.542214864769,90.6925783439989,101.038960923728,92.7922577540961,89.3985959356863,91.4651850095182,90.2208312022687,87.4195893179349
96.7895738297911,84.0451584340325,78.9334265769761,84.767191039965,95.1219394153979,97.9665705788578,78.981866804089,80.1953228645154,89.2742639640311,101.963823079518,98.1368683132326,105.071729574833,100.553688654221,93.0861684457893,98.3666922987697,0.0,94.9652728986236,81.9508582243064,99.7311590264311,93.8780391394976,96.8904816493186,79.5757517749823,91.8033975234737,102.896477883948,100.028835081114,97.421658140713,93.1845953027717,96.1863796832685,96.5367074315097,93.5065748233307,94.8104012295071,102.816827200478,104.045988447435,91.234967527747,94.5857989136131,88.6634617560141,90.9992419820521,95.7464518676716,94.5960022583299,101.706730350392,95.9223283896359,105.925062447321,103.572191834156,104.271712735969,96.5283360461881,95.3986918106212,98.0304797517727,100.695893696651,87.3096036086696,100.457734974263,93.4934563500846,87.5501549183026,76.2168581146465,93.861313269326,94.9186674698996,88.3610447039459,85.8201214660776,81.4763852272856,101.032159953246,104.110794516426,98.0721568440809,110.261410800341,91.033650369831,95.5069352885,88.7807173977051,94.300734054543,104.145651996134,100.87350147779,92.1361207652433,84.3760416181803,90.315095359542,91.3226873845943,96.3106558097446,96.7872079727281,88.9198794529693,98.0645299592659,92.0594095632597,94.2319602495087,97.6034309790742,102.868168021466,99.8522096914533,95.7038330141366,92.432463877491,96.0414870575868,94.1941386468089,94.9390818421106,90.6329426731577,95.5465842110225,94.9727001721774,95.8680295880823,96.0864599624853,103.754917509032,96.3649549024793,96.3955232222128,96.8124227284183,95.3620106181835,97.4737501008021,100.469041923123,95.8000762770027,97.625615145464
105.738160405583,99.6025586941615,102.094816119136,97.9492135166462,96.64029841353,97.5258962826933,102.231449888573,100.855895513584,97.0494238502374,94.7996686658784,89.7466547440127,91.0717796074348,94.4165243676619,83.632558016279,94.6578131146675,94.9652728986236,0.0,94.6523406967744,98.7469945527904,91.8752953452785,104.068771050431,95.4249492500864,97.1717978185407,90.3051706185253,91.9657283314949,94.1668546653789,90.1630298306578,94.2131653348862,93.7460424447632,97.8916306478094,93.8656110360121,95.8106961540816,95.3519264707714,94.1820298256726,99.6813822590028,94.2702085806276,92.4874027707266,85.4199354741278,87.6716554827436,95.9801588782328,86.3834659652634,91.3541357175633,95.7486823239031,99.999784736212,94.32277895039,96.3355536827897,91.6333584216891,91.3706549711086,101.48728863107,93.2774819009899,102.587259823626,98.0230085317294,97.733035104115,99.7859909207501,103.012674773589,92.0997315024416,98.7594289914889,93.1135232371295,91.4355887480377,93.392281319633,94.26779011112,84.7133532911291,99.5232030178859,92.1795876743968,91.1175539700655,93.0994461662764,89.6401660016996,91.2488933913824,92.2574749723205,89.1889328674613,94.4296126192765,102.712759421892,96.3655074109345,103.231768091775,87.6597200807046,89.5443581884178,98.0525510787952,93.6124051652645,93.9802401577625,88.2448653971173,96.5533967711292,87.5502310876344,88.9582125837478,101.591988455153,91.8110121260141,94.0152806630644,96.9618416837189,94.7892886103431,99.1247219585113,91.275379533529,90.2956786821522,93.7839956833501,92.0098623959888,91.4155624026085,95.3222356342337,95.4456136138555,94.5721942656525,93.5045117243394,99.4933719267062,92.6131988473461
89.8517908141846,91.8875614649191,83.5938771019978,86.1045565312084,90.7120082213974,98.3837586422098,90.7654559651813,84.5981441697122,90.3628925514722,95.2010586796557,94.3779395182883,98.2673996099203,103.911057534617,96.2933947923754,90.9196297537262,81.9508582243064,94.6523406967744,0.0,99.3193394921982,92.6493472463857,89.2103825346232,85.3901923097761,88.2233926277426,100.009527718145,97.5248236322203,92.130641847083,94.0718345901336,99.4255557575541,93.1173518202517,85.1580859176732,91.5994106284225,94.7913444092438,106.238547519594,84.3831016113793,91.1610021880947,90.0120556901491,88.1677842257296,93.0094746450015,96.9782687419518,94.6798085432703,91.5009487163578,98.8126097683796,102.946369586164,97.6994662104809,101.747610960573,94.7582264346527,95.9762566216244,96.3586735408686,93.1565262616397,93.0076614758979,99.4520528193794,89.7117902280464,88.6563256194075,82.7582187680221,94.9524123255084,95.3832554738967,87.7712790878296,92.646319392128,102.303560775436,101.010295908965,96.9857304114514,109.752606128218,88.8302859366152,94.9275751501646,92.0059896479734,90.3200240508416,91.9386736576459,98.9721543120551,94.5356947362828,89.2606018628182,85.1863093320509,82.5262465575631,90.4975293116812,93.1684845055357,89.3127411522738,101.00896057589,92.1217054669738,92.8898819019671,85.4926597281456,104.148863900547,98.6610593114257,103.082819794894,91.4920948431332,94.5711979945753,89.8519352135962,97.8193936041264,93.2060625502603,94.8524456929753,89.023736528358,97.7499877652493,94.1715755536108,99.5994421841298,108.99622538039,88.5257185264896,95.1579774193274,96.5341459656656,96.8664687626647,98.6577674248892,92.6313897109328,92.4638636577613
95.1375142461464,103.00116256231,99.9738696953834,96.0165030182398,109.943271620968,99.2171363313425,93.8553712750596,102.359626149235,98.1772328466738,93.2326281642834,99.013269573289,92.1110765191871,93.1570812786528,83.3005208375839,89.9074069384018,99.7311590264311,98.7469945527904,99.3193394921982,0.0,96.0432354690394,94.361774053517,92.2825761806328,94.0039021228173,99.1592579860036,102.093222732751,96.9189355481385,97.6065864045636,95.1716281062607,86.3062061821285,99.9924803544227,95.1442661054217,96.7057266556349,100.20810648306,99.4860678479157,88.8119016658158,93.1865470979534,92.9027056463681,95.6234033264263,97.7736902653093,102.440386637319,101.803699243457,94.8645746460947,94.4074413864329,98.0059908204539,95.5013875592124,95.2991501958309,95.3379815237851,100.716925880691,95.8223768809913,101.237164249789,101.999783042165,99.8882763868535,94.6028877372088,101.874055608591,99.3719674526616,104.094056747839,99.2849297463602,98.7091919453175,90.2498001725345,93.3276651107919,90.7026363841236,95.6419762344853,92.203745063324,86.8373577896103,88.3808218706075,91.8330269714182,97.7370728757947,92.5000354786815,94.4637651659867,101.357153646033,95.8523050176874,103.287250765215,97.933672359561,110.030469203672,101.397439742713,101.413466740511,93.5581693496754,99.5262338712506,89.3732732939009,99.1684345192113,100.534348889668,98.3955482437426,95.40150947165,91.2170037149108,92.8294616606061,96.8844947828851,97.0996032693977,96.1999675197522,93.9504896148414,97.7134748287024,90.5545580150169,105.482301193662,103.387294560045,99.7513786716291,106.329408469173,99.2055437356019,88.9943014701249,99.9779699970998,96.3007680476852,101.089398926418
88.1763018071399,98.0166686028049,91.310112317123,87.0009507519093,93.9200381347588,90.3635720838934,87.0299896664822,89.6220452842674,85.7928474116587,96.2347975599096,98.0768094690179,95.1501421210842,107.321678393873,90.3772921476705,90.6913132206762,93.8780391394976,91.8752953452785,92.6493472463857,96.0432354690394,0.0,88.6456317456322,91.7716268873464,85.5949749088321,91.0951377866223,101.020029051868,91.3841108531226,93.3838259596187,94.2684331902022,83.5132988339976,93.0970605384698,82.2079374637082,98.8384626455426,97.2907327647978,98.256098279105,89.6559520571245,93.2577686779444,91.2582214880426,96.3599856913005,86.761593977268,90.7960045080976,92.5102536603003,96.9587784227753,90.1530323275906,91.8987187402751,85.8559723845636,90.5013608849515,96.1550419751963,87.7552638187802,83.1012983491281,91.1954222348305,93.6427772250094,98.487329895152,91.2971831091006,89.7502106939938,93.0894313078423,96.4159084072435,93.0311998484115,90.2962576870969,92.2978612586401,101.50984657069,89.0006305840458,99.6055195435861,97.5379099925988,99.5116831377884,94.0747712337216,89.156816550666,95.053571806714,97.0137381074289,90.1235220264286,90.1574744858401,90.169014025426,87.4521295237797,97.2037201656176,100.873845032882,90.9189033763912,93.8577210887981,92.4514258532091,95.1802120678015,90.0875237043075,100.340561901291,96.9333507246917,93.7058286580487,95.8870160706601,96.9614445683406,96.340425577833,94.366890951961,97.425378681502,102.669403165279,89.2783820879124,96.8613112224044,86.1924508332361,94.7410369442325,96.6145662302466,93.5739266653477,98.5369596731166,97.7115101554543,95.2135483178718,99.5180486783087,88.8370681844315,90.7277546807731
93.2314999171335,93.5267182292582,93.1795203070916,87.6479524733584,82.6109374972426,97.7010086256105,98.3518255887539,90.652499094249,96.160764525367,90.8407728708965,97.5182050430719,94.8585067109588,104.410993270263,91.9514228403111,90.0702814665127,96.8904816493186,104.068771050431,89.2103825346232,94.361774053517,88.6456317456322,0.0,97.4739654382536,97.9211890673251,94.1281225359559,101.428845854133,96.4025821732797,98.6485007686116,95.6886961179045,95.182875408,95.0677401696783,94.0365720804165,103.291215486417,108.568245722463,93.8865576573338,95.327736551192,92.3435808550657,95.5089724198474,98.8174605953397,100.425732377436,99.4996887957659,108.502374937844,105.638562319652,96.8525706519201,106.654879777697,104.137630080376,99.7074114909985,95.9888094194594,104.889553011797,95.0127652971873,102.518028400686,95.217508268293,91.1560810178999,95.7249260260146,94.2753893006201,94.9599874558328,95.2731871873562,88.3927340606962,96.9619574044651,91.2076292331307,97.6148223652406,88.7529252750921,103.135565124225,98.8592051960502,103.099578589366,99.880794632132,95.4503727082229,100.377408827269,95.4320823570163,104.910572306419,93.6345228570134,76.761136184604,96.0311780391062,101.155071158019,105.587115129072,98.9047835447811,100.255566861268,101.508550595328,96.7884018209447,90.7070634356081,107.227612583505,99.4594547433431,100.946934773175,97.2989702566584,97.3622425507905,97.83638867046,91.3488804231941,106.054483942552,102.868737585097,94.3108792449769,96.6237888299998,96.726633881715,93.1451050954343,101.464220515748,95.1020137842153,100.485430303626,102.117880034671,92.8907234489393,102.855399364842,97.468759820437,105.69359661994
86.2341459367006,78.1910630050241,82.5498979515647,80.0866047176949,79.178351998867,101.64966574494,89.3954874869281,85.1523509624932,92.4245370617498,100.437833867267,104.426804158538,99.0185669267231,103.874309439666,88.3078654192207,93.8088314880453,79.5757517749823,95.4249492500864,85.3901923097761,92.2825761806328,91.7716268873464,97.4739654382536,0.0,74.9409389079107,92.4440751741511,101.816580198982,98.5443779987601,91.5962677294097,98.4456979541615,92.8886407385102,91.6631077307515,93.8933794180095,104.033638727732,107.470611804697,87.5325010886852,77.3142388701971,99.3275816413643,97.7029251687929,93.6608272085493,93.1780387495842,94.0639819665918,96.0194813636082,94.5240692436101,96.8049968151187,93.4394645103624,97.9243997088815,94.1585956230906,91.5987468323938,99.6309656889603,92.7291592083713,90.2195987143739,94.6584693170996,80.7930664674226,87.0144500021404,81.257148195897,92.411990042133,86.2327134161766,89.1168124390713,85.0345230131541,104.142848004148,106.063534085192,91.617211218813,109.506355216414,96.0916560499823,89.5652431185722,94.9755407879665,92.4486882994068,93.0902370699001,94.7132787295562,89.6789418847006,89.7514082278989,88.1277450777153,84.5735467846091,96.9183362293508,104.885625386814,91.1121174741222,94.6948448080579,90.7741952167599,98.5380679932675,93.0425871191388,98.6644448699338,88.8067507660037,92.7358887636015,106.459431236463,98.7109539038548,90.119146733497,96.7088707596463,94.9295576119461,100.623807950428,94.328317684885,101.480313471794,86.7050804182274,104.820675752763,110.027601526951,90.1562191170307,92.9011382079863,97.0432346944673,91.2286032013291,92.1679415141929,98.8460339615052,92.7552251677793
91.8321748307314,95.5119928178488,94.366535676218,93.6285653199028,96.3541006245168,103.266856808179,93.8270563605924,95.4930835592005,91.3657328109658,94.5537667358242,97.5471913928489,96.4345530054625,96.4086925352922,93.7433549203159,90.745967461862,91.8033975234737,97.1717978185407,88.2233926277426,94.0039021228173,85.5949749088321,97.9211890673251,74.9409389079107,0.0,92.8975074220086,103.244437834916,91.1455558711809,88.4994366652646,90.0109430978697,86.5590995569597,91.1153158579961,88.4071012849429,103.049509103517,106.321050833912,91.7764596925357,70.5059895995297,96.8310892047051,93.6423111359075,91.0642639494722,92.2625337059039,92.7344330318766,97.8126784477514,89.1951310544179,90.57652583254,91.4566439978538,99.5597098775524,96.7612615983834,94.5708164876855,97.2519709809066,88.0159899955825,92.5600035638175,97.0429534530672,95.5954716086119,97.3117456625094,89.7197265904907,95.7596554175789,100.514126530379,94.6594299874039,94.448927199483,100.639452279924,97.0781164180622,89.7976366889379,100.057425620026,98.9357727875598,90.2202753687437,92.4412196662442,91.7242178540932,95.9073508626498,91.2521272500368,88.1083337348248,95.2865800700707,90.0555780860888,90.260206609798,99.9239172961446,93.886450386883,88.0453927381375,87.2044481522523,94.452169127089,91.3839221245453,95.1680314736785,95.851656502163,96.7863700705687,96.2612092686345,102.045636678752,97.4640339834612,88.4551460666949,94.8371349818253,91.9668013127823,97.5398896541765,95.5323006683418,99.9797657850748,91.1859845631396,102.849253333943,101.064515627811,96.6260765669988,94.3669414123974,101.007225726463,93.6585942669536,97.8800080365499,98.4086727453476,93.6457574730249
