0,1,2,3,4,5,6,7,8,9,10,11,12,13,14,15,16,17,18,19,20,21,22,23,24,25,26,27,28,29,30,31,32,33,34,35,36,37,38,39,40,41,42,43,44,45,46,47,48,49,50,51,52,53,54,55,56,57,58,59,60,61,62,63,64,65,66,67,68,69,70,71,72,73,74,75,76,77,78,79,80,81,82,83,84,85,86,87,88,89,90,91,92,93,94,95,96,97,98,99
0.0,99.235722745025,91.893355040877,92.7399462763787,103.63302783733,93.6822840536951,89.8423920789419,89.2856375843964,95.3102962316087,99.9530468776129,88.0977858146486,89.8255691226931,93.6444006018067,99.8732133219933,94.1918442435696,89.0474967330099,92.5071238919619,98.9972083894232,98.9113517466143,90.9317855593269,94.5394294187537,97.2071574181072,97.8673706159714,101.690897912879,97.7252015176998,102.601882867341,94.1839737706695,88.7219821386192,84.6152692097532,94.0860191897126,102.67182924576,85.7217365279576,89.1832074433725,98.3710611203951,97.6777391416363,97.2199385698896,89.0252339776116,99.8222431464209,100.64145918267,105.064925018621,93.8038430822304,94.0356783778307,96.7449528546878,95.353533677929,92.2233826039878,102.291840289325,86.083741821441,94.4502885127851,87.1271387916475,95.9777691440152,88.0998368284864,92.6864027387401,85.449833960771,96.5486842175844,92.4715822885625,90.0567545623534,90.6719059742459,98.8252251560492,92.4825475807908,99.6010055964589,88.9414590479474,96.151291507973,87.6333330378603,92.1427019927014,92.4530955964862,99.2923564247904,99.4603486974242,90.6346232437283,93.5065923420387,99.0389280818598,85.7651638500814,93.3953402758055,101.191920381995,109.51348131575,97.7334716297618,104.363270426861,93.8087329964988,97.9662481592855,94.3673035486892,94.6246377234882,102.51045174931,103.630528676954,100.011272833051,96.4721547120895,96.3241251398856,102.559684922306,93.9377155126972,94.5656472325476,97.9573691437367,97.2501807527897,103.152125719217,97.4545780919079,100.748194021602,100.198473233978,96.5480954506754,91.9786298940665,97.0567750114855,100.516664317214,95.5180537307596,94.9641796908338
99.235722745025,0.0,79.0520007934763,61.856650307372,62.2288742587626,77.4722496588713,91.6040697119785,81.7509360594072,91.6348794693188,103.25979675772,102.866162929225,104.673543962073,96.1945324004526,97.3285818667659,108.650052143107,88.0214127497139,97.0507038063463,92.84110645325,97.2771671110574,87.3307262789117,108.797032263037,97.7349464305051,98.0230947854697,112.683409190358,99.9256288625906,106.067987643933,99.4709962010233,95.1235204430431,91.3430070672948,104.603753796183,112.054017883306,106.601621710484,101.691339210649,96.4050710668301,101.418891315683,87.4757147848654,92.5197581543542,103.806483147467,101.162841894456,104.443545286119,95.5830573161566,100.397468153957,101.5911354562,106.388674927918,99.044280487094,110.955544741183,99.0300460945531,103.024480495579,82.7939602756433,97.4029184615208,86.6918044768424,51.0955735826624,85.2852544244052,70.3914701718671,71.2636562247936,94.507898270647,66.8796229031855,99.2150377492865,115.418109494361,108.954758822783,94.369698768534,108.363504511737,102.084349615953,102.124779959668,96.9346065234193,105.565561899282,93.7823600328641,99.7410890846283,98.0985985997074,84.3076055613583,89.1568670492376,90.3899966257624,90.0950586368898,90.589550420375,108.833224694721,107.801037258708,98.0506182002426,105.365675126567,103.222749619695,100.770076742157,102.987092139017,97.4766058454258,82.118218055866,93.253381699958,102.156971923095,87.1783153421876,93.8667780525089,95.4512749449425,86.0365705711607,97.5574983015567,99.2548455228128,106.723977868552,92.821045447705,108.800800063179,100.649217811965,108.971877959351,110.423838826423,100.946027256223,87.7019527749248,95.7194866218756
91.893355040877,79.0520007934763,0.0,90.6244132787371,80.470699266964,70.0573849813286,95.6734461411143,66.7795305329655,91.9483906276007,107.171083530542,105.021813606223,103.631911312168,99.9638311974775,96.3665939137344,102.133794252619,91.6750015008649,95.9098543614701,93.0747347919568,93.8976094567199,95.635774146245,105.498600243867,100.746513984525,100.52832101264,109.393528686838,101.121773759057,104.664126648135,107.132632137559,99.4391713318936,90.1458260974832,104.032025693579,107.549305859291,94.8736815390509,95.8770286035784,100.803958038937,105.789333072471,86.6091376510886,102.772564067783,100.710257756362,102.948990125147,101.25181442494,104.643276018116,95.289130503807,108.778111327204,104.969101410005,95.8188583413118,107.219161483678,107.202395219946,106.006315640585,95.0525159571872,104.62209571088,83.3505770536745,76.9275288513807,82.0507256821554,82.7448201757737,79.706439665466,82.5208846235937,77.9017360333238,96.3067747490853,103.126116542729,110.772973553107,107.017666160492,93.9338444931101,98.8404043152937,95.4153436970659,95.7670564858865,99.2789580050656,103.416372637718,97.0673862574217,98.8504579442033,91.6518070815829,97.4263675344099,99.6796062457292,89.470358404101,94.3686794035348,105.41048574375,103.614287082192,95.9068620596135,105.877278721638,106.634042007433,90.4747255280472,103.514525406604,103.546242233839,105.911134439272,99.3162435416833,97.2886400239235,102.571631890393,104.492153432974,103.907351754116,97.2604913611506,101.231634662855,99.5901790759874,111.244215732529,103.308861165631,100.463925611448,100.444909819706,102.70117311354,109.658458419082,104.621249923111,92.5916996959218,103.358150473839
92.7399462763787,61.856650307372,90.6244132787371,0.0,68.0242884921532,82.9441390944977,93.3763372443614,85.8966813283863,95.0451373750706,91.4641896970791,97.8932153012545,99.6525787723082,90.5645651796195,103.715333079115,105.939178936977,91.7348440619332,94.3690843412134,92.6489359153528,96.7170872416386,92.8430638162062,102.120565702714,93.0299599363857,91.1021710410264,102.908272621627,97.9623636533669,97.130946735491,94.7407151370145,87.4153480007849,95.9574900656877,94.4990600007754,102.680086188491,96.0319455484326,96.6838041821505,96.4043632157454,93.0216801540075,94.237940128784,95.8847801887763,97.8447425915443,91.9447156462712,90.7075874461779,88.2585381933972,93.6641930871354,96.0869179382325,95.9007089940489,97.7087837127108,93.8153971340093,96.6768665564196,97.6990779617901,95.091658340035,94.0805516103414,92.4549734582493,73.4047500856261,79.7591969947728,55.641843574649,82.9014899872196,96.5339674622324,70.897750547567,104.141120696341,111.625097159473,104.116921325045,93.8534792504456,111.190171068436,99.9915029044752,96.1164504328534,89.434537678345,96.8771716054164,92.2088058126892,93.8654916086423,90.1218028027626,90.9148715014097,87.202952302909,94.1125970761924,94.0269074505541,95.0886293784305,103.888865268025,106.92835764032,100.886276460765,100.269795409457,101.493576059697,101.844155637979,105.722764258592,94.9836726329401,89.5976446401582,91.6297416118471,100.06422478154,96.132234910015,92.5126025891666,91.5426459202215,92.3420969280812,96.112264888146,98.195988864362,99.029509184705,94.1082700271295,99.7704760349293,94.0151224025837,101.499577420017,106.5638889029,95.7572052516696,87.1959567986876,97.4918648119879
103.63302783733,62.2288742587626,80.470699266964,68.0242884921532,0.0,77.1639499193092,94.4851566608136,82.2466699571424,96.1724204751257,101.16724494162,97.3155080618335,105.630628530821,96.6644966923834,97.5117219851612,105.897304847027,94.1157596268623,101.58601142992,93.1606788566163,104.548470301258,87.8714931799913,105.178122090514,97.9114798061593,96.3328141195224,110.384225759873,103.366111064542,106.969506427651,106.245138128075,95.6969510071522,93.3504720917302,108.016378329049,100.389879139169,101.903540452481,96.3055526617482,89.7677247411461,102.553303248554,88.3139827253052,88.2149153127493,96.8124279679584,92.8176772668711,98.6024285468872,95.410691040568,92.636084189589,103.379673856583,102.722699163964,98.0345787775789,105.638732520475,110.82983696632,100.239614858075,96.5957896440737,94.7117887016328,96.3348963090393,70.1117703958451,85.9296916203039,61.4625516723905,70.7053459002873,90.564822089438,78.3244909445795,97.813056205448,109.095095103885,98.4467614639402,105.668418185867,102.425894127658,105.200034160243,100.924050002358,91.7166625617218,103.426737959777,92.6154358265868,100.819730426355,88.2246683434488,88.7845567516804,97.7124813417139,97.2502288004641,93.9664682884693,97.7890876998518,106.873103068246,104.403721031538,99.9036980010343,106.607212773722,107.835338328631,98.0253926549256,102.806860008782,97.2684449498147,83.0024369707894,94.1864171305558,99.3158962820975,93.4445456874003,88.7448256464725,90.6324184601778,89.4647148443238,98.2782792334377,98.4021789637539,105.774033249665,96.1857309741004,104.527597630795,102.285668451406,105.138821934876,110.59900738466,98.5950692746585,84.9151436716709,95.375972647918
93.6822840536951,77.4722496588713,70.0573849813286,82.9441390944977,77.1639499193092,0.0,91.8154655946242,74.1063467586996,82.933024563464,102.640736497855,100.006767133462,106.076915363565,95.3641157042085,93.6630955672105,104.722187030268,88.6018474166226,94.3809560738369,94.2922854862017,92.5163259341309,89.0576178694214,100.360376331038,97.4462857803313,98.0505251438851,102.796234207129,95.4341774246766,98.8673560397417,105.936683081164,98.071136973342,89.4537342308897,98.8251318415362,103.560133578518,105.670796869585,93.0534751333551,94.1503764949599,105.054767744494,86.7023056277775,93.7166489962028,105.26475242753,98.897410576336,102.356773952476,96.0606687256884,98.0381804366228,98.7065793838982,101.43394676599,98.9711511282221,105.235067348661,104.78530781793,104.272752902691,84.178272519507,94.9763042501798,89.5260942795166,74.2592643822742,79.5575065082318,81.418558124628,67.6573750390719,76.0462030636816,78.0707625979469,86.5162085881755,104.78022929885,108.072674650984,104.920835096304,97.9656203602481,93.965721716963,100.391979586771,93.0712930125797,102.560029520215,95.9601569219411,100.028138197203,95.412242032893,94.8527710750582,93.7060397168752,89.7018778390511,89.3284883194015,101.610512093135,109.076428925013,104.157490651587,97.5862912603722,100.641434591414,103.191745590877,97.2440414722933,101.179802789252,97.0761000149266,93.4851121870246,93.871127967683,103.025933980557,101.026038756864,94.9256575072677,98.9742067437526,87.4967314969908,100.484060536452,103.808284899249,109.411782871251,101.517914721634,96.4597095233845,103.885385388223,105.334153099368,111.003080735199,102.41032481306,92.6644876340379,95.8238339312027
89.8423920789419,91.6040697119785,95.6734461411143,93.3763372443614,94.4851566608136,91.8154655946242,0.0,90.4193576483035,94.6600064449839,96.3513838315869,98.4196219650615,97.9114758784072,87.8006915236438,106.025600309968,101.167365855189,77.4203693465877,91.153251848467,93.1710861627068,106.518567689148,81.7864193002794,101.459593622539,96.2531542435914,99.7190831173649,98.7271784021967,93.3580463242071,97.0558729765545,94.5616352378844,96.8133972382777,94.0372160712532,94.8919507006063,95.3070779627831,96.7019640986965,91.7452184080174,94.6068818843897,91.0050345277718,94.736954751994,95.3649670300249,99.8187741962142,93.0717462296737,96.7016912808078,81.5680790559802,99.6790284109776,90.0982367430612,99.7074396958212,88.3248394560585,98.521360719932,90.1215517180267,88.8165008942278,81.1200492992739,89.6408077229027,91.5169807045789,91.4305834368707,91.0743840093767,91.6181547400211,95.2520865829769,97.6006314930901,88.0682318864021,94.0615194848886,103.697730003434,105.391041657082,87.2720334599383,97.8791788373312,88.8812413887569,98.9966006472265,97.5768377894734,100.567312046374,90.1342836074543,100.89962223212,94.2595006233048,97.3992405286848,90.634490330386,86.9048330884551,97.5295470124094,102.803426605068,98.0685364207851,95.5961938551602,85.8241380768528,100.893499048508,89.5132460728097,92.3331532390924,101.819155742802,87.186150732165,92.2215083984592,91.0230083843592,97.4425473055986,92.7504984893594,93.9794576215334,97.5230753478902,83.1835924247791,93.1633734523576,102.406721808622,102.074204993672,101.816397067005,86.2699722851812,94.7928901990617,98.4224093719532,103.171378071838,84.9596352857719,88.5044883233785,89.7742707875574
89.2856375843964,81.7509360594072,66.7795305329655,85.8966813283863,82.2466699571424,74.1063467586996,90.4193576483035,0.0,92.1178479491209,99.6233892385135,104.948546967935,101.931281114046,85.0642325062902,93.5633131203978,108.446235152599,89.9702751660273,90.4318770443097,88.8551183463646,90.1116482790001,90.2360020831121,98.22616360506,98.1734141264429,103.038408403033,102.949301037548,99.5407597957757,102.488424016954,101.725327768536,100.70099652192,82.4907210767788,97.6668871529665,98.8701460028135,91.9851938115565,90.5705443119692,93.4446328149237,101.398645252183,85.4065683931111,99.4616680487747,99.8712382595989,101.179783499302,99.6684124602952,99.1168822982148,96.4469598893324,100.480667113959,99.65712245431,88.2654564088393,98.3996249275292,105.603554617786,102.847640118274,96.573803947858,102.930850251114,90.2330015149868,77.7660749896599,84.9488188017356,88.0667136078331,84.4567090594971,88.0743192640874,66.2664411762018,83.3821660373579,110.829067881592,112.054115026893,99.0688396544186,100.075869579445,95.9615892506092,89.575174705375,88.13593774985,95.5959537687388,96.3713037435656,94.9508910214532,93.9236303654288,91.8965990327511,91.5360238931329,90.198240525318,91.4129184293699,99.2785740785609,97.8510823055662,96.6462553162729,87.0895260625124,103.199737381901,105.315930367541,99.7496677765656,92.2126205224442,100.692072012098,102.429729116217,100.151951621466,97.8714371537875,100.494437597778,105.111624212444,103.598622220809,87.4301035091262,95.7443187163038,98.7260959087575,100.219494000591,105.010719324043,95.5232136729529,98.9322901862709,98.1465608290973,105.588506607608,102.274504237157,97.4962801630646,103.965263618066
95.3102962316087,91.6348794693188,91.9483906276007,95.0451373750706,96.1724204751257,82.933024563464,94.6600064449839,92.1178479491209,0.0,101.162789409334,106.016523676224,109.14939654634,95.7100350495386,109.014816442499,112.398860762792,90.8503047442168,104.050952277718,89.3796220024073,108.672261087816,92.1778830065126,105.101804131654,106.386657150727,103.380080214068,105.779619533334,97.8252830257613,99.1231686504946,107.363163584502,100.461874444565,92.6949976591975,109.26243168364,108.948553146959,109.351326900491,92.7313530996421,99.5518323175266,99.687012492286,83.3922098108836,101.385599000257,94.6209771033359,107.376733438154,99.5775329928335,104.697969017678,99.6366983615165,106.619901447016,105.135202231554,98.3326387522112,100.682525805914,109.51277421608,107.281219824753,101.071372535601,105.299064634764,97.1632512097293,98.9687673353289,93.8876441776023,98.9229134818597,90.9405771465304,56.7082799762655,87.9292521703894,62.9858961832857,110.453872992141,107.89303812656,104.487458954146,98.6859068686631,98.6519693860482,98.8418924040761,94.4364938487304,108.405617652689,97.4018301706003,103.275528378558,92.2447761266101,91.7404020652219,90.6973577794884,91.1369593588862,97.4691319062701,89.6573944617565,108.092956614548,92.4148875290416,91.4077740763793,100.196731443956,107.929699217241,95.5385491203173,98.0547910170312,103.525913117285,100.984754585498,97.1567680978053,94.7563488243351,97.3714982191299,101.900674786712,100.66556667734,87.6954451021356,94.6285310815909,99.6688593106817,111.904597154953,97.3288609349885,102.910092812134,97.43272670035,109.835321801824,108.557562686046,100.190165879785,97.9285324448597,99.7594312747713
99.9530468776129,103.25979675772,107.171083530542,91.4641896970791,101.16724494162,102.640736497855,96.3513838315869,99.6233892385135,101.162789409334,0.0,97.1266483430928,98.7130932573549,94.8821083752632,103.535722662082,98.5253264295284,104.729872744813,99.7662009726849,105.541485007536,100.53862204418,99.4818038060434,93.3494510364845,99.1729053208355,99.3232493736422,97.5385016131274,90.6511289052825,106.783609080763,88.314583221256,94.752819701369,99.8902722081392,100.955263903193,94.6243579816042,94.7638828343233,97.5642907059023,99.4490918445673,100.894015949859,100.926921782307,97.5689209376963,85.1141286109098,96.2673914040299,95.0884168712034,103.000543776623,95.5741323623622,92.5308984292504,90.3265756887553,93.7124661851602,90.9478246423268,90.5452437618499,94.3115424600153,101.823938275739,109.699552884777,101.391985742887,106.764108561211,105.661708350135,94.9027835368638,99.3657309013306,98.8716704362491,103.890282874933,101.620929128769,94.5731560131125,94.4206548205314,97.946078015716,105.326027878743,108.302534474148,106.232175142405,93.866699260366,93.2045667654742,96.3914620037011,97.6181566975033,96.7159331168485,108.556187145389,93.1235808172684,95.6853150242787,100.729017238155,95.1583808689221,101.319168798528,91.1938196773547,97.0560176515595,85.4640184635808,88.9075082870578,98.6565742577261,98.4681692885729,92.7638599609006,92.8694536699762,94.6801264117548,91.1434010140041,96.7657310378265,95.6825954036743,94.7399094695454,100.030081753106,100.680823366887,91.5218436609268,86.7431452113018,101.5342146605,93.2709694530924,91.967370337492,92.5571564258196,90.4099772609189,89.7097053837092,95.4174606895441,93.870142980603
88.0977858146486,102.866162929225,105.021813606223,97.8932153012545,97.3155080618335,100.006767133462,98.4196219650615,104.948546967935,106.016523676224,97.1266483430928,0.0,84.9806051695294,97.9219897388103,98.2913090330652,84.0599542644419,103.564180627617,87.2669230399426,106.673941198118,101.067135851846,96.8425909991786,87.0908467856216,100.57254121035,90.6019742509566,95.4632128525369,105.304808537703,108.284238585398,91.0195514819878,92.3908883648701,94.9600481871001,102.37385267499,96.3810083477691,91.5741728414333,89.000849852133,102.935234487244,95.3098313294174,97.8345675757573,87.8836968084184,95.8582093045397,91.9822502406972,103.173093843536,88.5055260504415,94.6074975751573,93.1631099797927,93.208397601227,95.63589904955,98.1430259049728,93.3521306960751,89.3707908155615,98.0296251942442,88.5706433331939,105.723666423452,93.6972171101316,100.63258826072,93.4537516840399,92.191828119613,100.565672147195,105.232136155466,101.827844127124,85.2337878927206,86.172529817748,82.9468195957812,85.8616182975897,100.492925302953,102.650095659026,80.5019045302683,85.558358227093,88.8334829279159,86.3071661696621,97.3184931884974,104.788151035585,88.0804811466275,97.4767179358706,100.382520030072,101.683596449613,93.3898869438258,105.313803888013,95.3516164980837,86.5132143024725,98.4567863879782,90.2118950196536,96.2327930650965,88.4003023799723,96.1700312455195,84.7554176448476,96.4034505590954,91.3407997903927,83.6109113741413,81.6390499364678,93.5037371415427,98.0348153542089,96.7394959481229,99.8877465223652,98.4926030046839,102.268553601506,98.4730199852179,90.1392484173723,98.2344430964139,86.9388982768144,90.0107237821146,88.7277391368818
89.8255691226931,104.673543962073,103.631911312168,99.6525787723082,105.630628530821,106.076915363565,97.9114758784072,101.931281114046,109.14939654634,98.7130932573549,84.9806051695294,0.0,93.8395827628816,94.8086299592107,90.7585174444789,104.519369632508,80.5571329120602,94.3299775355508,99.1627301967266,97.2910310283915,94.2783381999909,101.599002783588,94.0719654773111,79.2261865010642,94.9396284090915,89.503694974929,90.4760037009276,96.7411184577754,96.8813838798792,93.0649966599734,99.8447734680466,97.0676884534566,95.6678208319299,95.4440898890747,91.9942824103531,99.9248443344511,91.9233295905681,101.834332894137,97.2394833586298,100.722671407843,93.1963819744773,91.5567484488076,87.5170721969922,87.391062619796,89.9763214922624,90.7967859912088,95.7378963903321,89.9349920578685,95.2478733242932,94.5454550169959,96.9771335761715,104.244280537019,104.333393761793,96.9619079666389,100.732122724618,102.681196402017,105.462731791005,105.252443558649,97.5619117513266,97.6849240543007,71.4865613536831,98.4448109445436,91.9735736246737,95.8401039842755,88.4817482246132,93.5328152372393,101.539814835939,85.7829042747968,91.2194645280444,99.2070290979829,95.0766777519992,94.5638927614712,106.114168907206,105.73515439248,81.5457809439202,98.0726869934798,89.0848284922862,96.5341843685709,93.0282893306021,99.543648507066,98.5406916142171,100.217492944611,97.072855509585,99.9174119144724,90.8609561391215,99.5505551589596,94.2078788423832,98.6384606338507,98.372768523383,106.743537217498,104.510469608036,96.525908813012,102.698016543592,95.0221929716621,96.8443476881271,87.6699226863354,98.9908739844459,95.4663376877662,97.4975984923831,93.4292624371537
93.6444006018067,96.1945324004526,99.9638311974775,90.5645651796195,96.6644966923834,95.3641157042085,87.8006915236438,85.0642325062902,95.7100350495386,94.8821083752632,97.9219897388103,93.8395827628816,0.0,104.443284371039,93.8845064641681,91.5340200455228,80.0020996919196,96.6226165559429,100.125512374856,92.8604934431365,99.8596946416099,94.8869994806284,94.1193342823832,90.1338724878176,101.001784920324,88.0629844124237,90.8030294939898,91.2615244377994,90.6452701338668,105.136092627482,96.1882847895016,95.533765898192,97.9006188483174,83.1753674269961,89.8705845002774,96.8852894347244,86.7817391101022,106.778410932038,99.1324072022232,91.2155976849658,98.1856711239232,100.642307143231,95.3008878063972,94.6802740128694,89.7692354806776,105.852010672202,99.2999381484006,96.3331227824943,93.3019494644586,95.3659814140002,95.0501775105396,94.3933024163,85.7430581425703,91.227646838982,95.6010700321536,96.7447771478049,85.1428496679372,93.3253380284348,97.7443644380609,108.183280705476,93.1480321701448,77.8606220930152,82.3695542977637,93.893508714679,96.5263773342754,94.2384722313038,96.0507227321686,99.1047449448151,98.4064964249333,88.0047583838737,92.8647905619143,98.8125243451394,88.7945307259299,103.00319796643,95.3131737666615,97.2960687454978,96.2584681775533,96.0527056655336,96.0628775298716,93.7569704339119,101.880964783935,95.4794065288733,101.933285826456,98.1177256746134,98.6439710422635,102.87570599858,86.3156095353739,92.3566141288815,88.0172059400663,101.380051572875,103.756848867787,99.7420910510852,102.026016893887,97.5068173498565,100.813597254029,98.9085141693405,99.9624898331594,87.4812020281066,83.3680767902566,95.1652557785074
99.8732133219933,97.3285818667659,96.3665939137344,103.715333079115,97.5117219851612,93.6630955672105,106.025600309968,93.5633131203978,109.014816442499,103.535722662082,98.2913090330652,94.8086299592107,104.443284371039,0.0,94.7368437659991,106.687865206944,88.6535219729484,98.7127078577543,63.0338874547381,102.547903831248,86.9366623979449,92.5347558815387,83.9337354424236,96.6343740926271,105.572256866347,106.271009802584,100.001700827327,94.7206910129544,97.3751415322284,97.7183456143591,91.5668085021677,103.531001870388,114.901035107014,94.1244042069634,99.4865381808262,108.488610152733,91.4002425493817,97.0645328290426,100.192653751405,107.509163607497,99.449161225389,102.324004427614,101.820624129198,93.9191292959117,93.8346408711847,104.946879797814,98.7850474520499,89.4591693671452,92.7220933146421,98.851017857325,102.128230005985,97.9733009916216,102.394830806923,87.9142663973077,101.871569339824,109.64088754154,89.9008513529322,110.38117583853,112.298015193141,108.44614380188,100.016014807497,102.976167565857,96.6896012271408,68.8617945939788,71.1771493090912,92.587935164207,104.010763783578,74.1446522471396,102.97938463404,101.509936207525,99.2285896317798,103.549327022221,86.3113336018915,111.157407309906,100.452497813686,116.562990606523,106.403672422426,98.5453240561164,108.129342217005,108.33584171427,101.644665226361,106.189624843605,107.329856806482,106.005710206817,102.44233604452,105.793817625604,99.5802274805426,101.824831623973,101.603996260387,106.85850029455,110.271668456043,104.236558931367,107.320380834657,97.9406709751653,110.247691780564,92.5932822982273,109.572638992633,93.0833869837977,93.0537765937913,104.564720733298
94.1918442435696,108.650052143107,102.133794252619,105.939178936977,105.897304847027,104.722187030268,101.167365855189,108.446235152599,112.398860762792,98.5253264295284,84.0599542644419,90.7585174444789,93.8845064641681,94.7368437659991,0.0,106.2724717234,92.620149594286,107.601115874474,99.6971376284711,110.774670142332,79.802896325167,101.022826268487,96.4323724622922,102.641301459824,107.918882150825,102.595351642119,93.0931260015782,84.090962117068,96.4311275265354,99.5135855993354,85.7767735742314,84.9841731243827,94.0895412814455,102.950015609471,88.0970873479563,109.424043170789,95.0073283271143,99.9203320039479,100.008666374697,107.270305163536,100.789887489178,97.1461560456208,92.5358263817167,87.8625930377323,96.1236287799686,91.6468999505138,100.344531848697,89.3602734058655,106.034972663464,91.1268904926123,103.36001686946,111.163070098759,102.683099619265,104.723815058365,111.617483988073,106.425805270862,109.718743723455,113.504188174671,97.0486724375695,100.513584685007,88.531778553482,85.9068565581067,87.4831811971363,96.9019750797238,87.9465479097081,53.6981175522127,100.32035503462,86.0289003362083,96.0505173060063,100.893034707395,95.4282428541551,110.370161603475,103.450829307761,113.792320770265,99.3848660309036,101.785568838349,109.501949240589,97.7674637171932,94.0415854994179,91.2523552603661,111.431326347689,104.218715937543,103.520124111453,101.491887019517,96.1352471562125,106.472541582748,97.4482195269341,90.9348900388856,109.927628723487,108.04576939839,105.82026395322,94.9017437499739,106.817256395411,101.804505792924,106.779373564465,87.2436317341027,90.7153425680529,99.6468516479442,100.290811794212,101.181645675965
89.0474967330099,88.0214127497139,91.6750015008649,91.7348440619332,94.1157596268623,88.6018474166226,77.4203693465877,89.9702751660273,90.8503047442168,104.729872744813,103.564180627617,104.519369632508,91.5340200455228,106.687865206944,106.2724717234,0.0,90.5611222031021,71.0980990908793,107.099316727506,89.0307244897868,97.8173642796629,91.4664062339465,96.164386108724,103.804528939312,97.7430848668397,97.7502156008064,89.2413492293061,92.9374172204404,94.4832265184419,90.3489804788784,101.821304446767,101.576162119751,98.1346227748607,93.2927372828981,94.2009934079772,83.3087952805477,96.2151489680237,101.295945636695,96.9263874498273,97.3035776090716,84.9840307957537,100.987022273203,99.1898552384895,98.0294461556899,98.2877065433105,91.9365833350289,90.8308558851645,89.4698035354219,88.7023688514517,88.9535247469561,75.6792007055107,89.999547390355,73.0218650996451,90.5836094200527,92.8139912366605,89.4812745456352,78.4856921569372,99.457109145683,103.710796365855,102.534418672618,94.5723980642335,99.89645851278,84.8006701996294,96.2934278083906,93.693129514603,101.14250347076,103.880605917147,99.7130041114032,96.4499175760306,79.537898774552,82.4941515429727,95.0884965440675,94.4870098021032,95.751291298093,116.338573198008,99.5893505679309,93.4995332941504,97.4217486543317,96.0616909099856,98.5561449463804,99.4222636021313,99.4934460334205,100.940969114524,92.7177916023292,88.9994033095684,98.9477406794636,94.2817129715365,92.4611457695557,88.3968769150602,95.3203552704752,108.994199318578,102.548772594071,97.992042063704,104.60784989875,97.8755681505414,103.058001974086,100.623276394842,86.8292171146215,94.7027663294477,95.8875858728104
92.5071238919619,97.0507038063463,95.9098543614701,94.3690843412134,101.58601142992,94.3809560738369,91.153251848467,90.4318770443097,104.050952277718,99.7662009726849,87.2669230399426,80.5571329120602,80.0020996919196,88.6535219729484,92.620149594286,90.5611222031021,0.0,97.3668759524693,79.1425545874956,89.4005062807154,89.2211375725715,95.9559968405261,79.6769844559707,84.8887968695864,96.1564499487416,92.9769245697776,91.2776256018538,91.3510805387877,84.5186904339066,92.2196167438996,94.0845299556317,102.666400292733,97.2492891770411,98.0147073818927,91.5417110477229,93.263712332798,91.0510584700286,100.386626782069,91.6361090294937,96.8690568541708,91.3162720584176,96.3194064959782,89.4738159882092,95.7984644803989,85.273178779448,95.3915051291435,91.1903563968135,85.8426357038443,89.6772274630884,90.3607689031138,96.8513179604285,97.101140468118,84.4665490266353,94.203331442856,96.4209300883361,97.7337423548527,92.9408867003672,103.086217698327,97.9165794384755,98.837627178472,91.6721334069989,95.7979430409812,86.4229364551232,80.6667343517682,74.9733525380815,96.3365492982163,94.8299818846865,72.4742412311432,93.6107305075374,97.4047067267621,93.4578886002182,98.0798746238117,88.479044030216,100.086458372033,84.2990516458499,94.7926569281604,98.6143985396314,95.8858080508956,101.421144915194,96.6308555450453,92.3120485450636,97.1766835616859,94.7006990046203,95.1316384176151,92.4537054773191,96.4425863234723,95.4002105779596,98.6139236108794,92.4433847457553,100.275219807773,105.035705037644,93.5045478573176,101.474845591776,85.2408964451246,96.0953894563193,86.0319069831251,96.729613818155,88.0198101678814,92.8786749124217,98.0015663878239
98.9972083894232,92.84110645325,93.0747347919568,92.6489359153528,93.1606788566163,94.2922854862017,93.1710861627068,88.8551183463646,89.3796220024073,105.541485007536,106.673941198118,94.3299775355508,96.6226165559429,98.7127078577543,107.601115874474,71.0980990908793,97.3668759524693,0.0,101.655996919011,87.8562238015546,99.1074263337079,91.4894365852716,97.0723984316125,89.9513304127216,98.0139428187937,101.78581270264,88.7098169105247,92.81037653713,94.1377921897181,101.124672312679,96.7904126854729,97.7021821777159,98.7822978476145,78.7547071769877,87.4867271856555,86.0116303502828,100.572557754063,101.49981407552,96.2071137087967,100.609020871695,96.6695708868672,94.717489953017,98.7739581854521,94.7216573897566,88.3229434664586,101.285595694698,93.3750330802933,95.1012026925679,94.6967132670301,99.5237144037991,83.2956363925461,88.9006995451287,70.8462736809019,94.8943962216258,85.2451518885102,98.4578777598958,84.3796974459705,92.2144350540294,111.932972421921,100.771598918991,96.6614141534642,107.46538951433,93.7790407691568,94.8944302882194,93.9812254218613,103.014308099127,101.268557861764,99.7976024131582,81.9737139384954,62.3383090396292,88.8815235046423,87.9557935906704,95.4751556090757,96.9304598358842,107.427808987268,100.244844631674,90.9056613047709,97.0462621938991,101.092960633818,104.203847916074,99.9707261747912,103.305024006567,102.35518953721,98.3279125111955,96.4847679456809,95.6271353057975,103.781933982992,98.0438553661865,88.5190291223392,91.6049928615831,104.703865229679,103.272177881812,91.6855405354906,91.6456211092611,100.06302506487,105.125489259125,100.357041299298,100.51441150375,90.5108130054327,90.5068343535414
98.9113517466143,97.2771671110574,93.8976094567199,96.7170872416386,104.548470301258,92.5163259341309,106.518567689148,90.1116482790001,108.672261087816,100.53862204418,101.067135851846,99.1627301967266,100.125512374856,63.0338874547381,99.6971376284711,107.099316727506,79.1425545874956,101.655996919011,0.0,96.110817876789,87.225717769322,92.9336923795476,88.2532732366718,95.7164839345796,104.106912561159,111.388951698477,94.6328947450226,100.534504167324,92.5993439121397,97.4233391115951,100.836027521052,108.523794066045,104.269528769257,100.499410545022,91.0967175798155,99.4321289526247,98.5274401811622,106.91788732846,105.678553334173,107.197020578474,94.5948012451603,94.4691003625503,106.992046824177,98.2032789585981,96.2147926745981,107.947971198033,102.518419355753,89.5822389388543,88.6345051643445,97.1376219123579,103.118308239703,95.1464981258843,96.0075756834392,96.0674598980465,96.1124551066978,103.656547601599,88.2961000994081,107.21630732,109.567851224902,102.437977044237,101.587989197613,103.959806609489,97.2953102270053,79.0575509873288,83.6607920210418,88.2366678732311,103.258559087821,69.8081086611874,99.5363224071685,93.3723944351396,98.826548111554,100.082707677913,84.9166432510089,118.074928962637,104.262333794935,113.264728941888,101.586218172018,101.327684438581,105.349960007002,107.776070936248,105.435187661825,109.694691147397,104.4520236394,100.4741901653,100.184910709264,102.298748961671,102.60896552331,99.5419466612006,103.546240914959,101.861155305885,109.064287131378,106.717106694385,98.3605614225326,91.8914985821319,110.888236322523,95.0030621610655,110.020703406078,101.570141834358,92.2142533451466,101.30968089568
90.9317855593269,87.3307262789117,95.635774146245,92.8430638162062,87.8714931799913,89.0576178694214,81.7864193002794,90.2360020831121,92.1778830065126,99.4818038060434,96.8425909991786,97.2910310283915,92.8604934431365,102.547903831248,110.774670142332,89.0307244897868,89.4005062807154,87.8562238015546,96.110817876789,0.0,89.7702520117409,90.72896436833,82.8331946492118,95.6684967813452,91.7175086365666,98.4150563281456,91.96140465771,92.393541277982,84.8096974141647,92.8305108318487,103.801176747067,96.8603402461203,96.9293519191724,88.8354971249007,82.2001899341192,85.5863173976577,90.8986663871364,99.7195457059305,96.6182802273506,93.9796453408637,87.0379512767411,93.4277277929866,92.2118100610145,92.0044308449445,91.79902043502,102.669361461787,85.3199286909059,82.2771035001905,78.4027029715085,85.174044609519,90.3498057092172,91.2109371511605,91.1373486469684,93.2207119180056,84.6429099809449,96.4176847835675,90.5743154163018,92.7910446529255,111.058078278279,102.860368036012,95.6111759860824,107.46344298613,88.3688094346701,88.6865169113942,92.0750956410749,102.608901978318,82.4543309328545,96.0663253239387,88.1340813854663,94.0829209673145,81.3448729964315,83.311305341512,79.805019784517,100.336195475632,99.5626086363502,100.416284623464,76.9656310130209,94.1339464623561,102.146852683415,101.328879781855,92.2082648940195,89.5580211419746,90.3669578163378,88.8717632605103,81.6883806369747,93.2128102633634,92.2233906720632,92.9661681571985,78.2609967664232,91.2763502608518,105.976320430578,101.278938935681,100.52046330238,92.9005319772722,95.5875542235212,94.2012327751946,107.949000178369,78.838261999227,87.7543244957183,88.9608916369955
94.5394294187537,108.797032263037,105.498600243867,102.120565702714,105.178122090514,100.360376331038,101.459593622539,98.22616360506,105.101804131654,93.3494510364845,87.0908467856216,94.2783381999909,99.8596946416099,86.9366623979449,79.802896325167,97.8173642796629,89.2211375725715,99.1074263337079,87.225717769322,89.7702520117409,0.0,102.020964806579,82.9129674623771,96.5320483000482,102.98487807105,104.84246207292,86.6416449070636,94.6977179985218,95.4493714449896,90.52443135198,96.4365938002032,90.8603356194345,86.7550182169024,97.7008082262277,93.827321149401,100.585367956141,97.6250151090742,90.545858240685,99.3879998666375,100.022199705311,94.1828848617253,89.9965430014489,98.3988753577587,87.8629500981456,99.6829290150684,86.6265650892972,86.5715834227358,85.9729707856527,95.2621654436959,99.8802580669546,96.8797944052978,102.452895368153,95.7808745828182,99.3728059203891,99.8946663222888,107.663018116852,104.497041272267,99.269913133357,102.062004068007,97.4427849649122,86.0152838421052,108.4855718743,103.313050629186,92.5150883893398,90.8848481647964,76.7715639500966,97.5635162872621,83.7353392260461,93.8372537366771,99.6615145618174,83.3646144775225,99.7717827544278,102.597723197286,106.517521264608,97.8880979135794,98.8735260750639,102.328616645602,96.4820412424677,103.186855346943,90.547722612904,100.62674083678,98.5483756189958,101.807024777858,94.4413872092311,84.8179744571573,98.9815626083205,102.659032218359,97.8022825691149,104.211993629597,101.969414405729,98.7594374498381,92.4955444081503,100.680132337701,103.166913689314,103.634499860215,90.5086876245408,93.8950291524984,93.3961173493021,98.2382130493295,107.016179468261
97.2071574181072,97.7349464305051,100.746513984525,93.0299599363857,97.9114798061593,97.4462857803313,96.2531542435914,98.1734141264429,106.386657150727,99.1729053208355,100.57254121035,101.599002783588,94.8869994806284,92.5347558815387,101.022826268487,91.4664062339465,95.9559968405261,91.4894365852716,92.9336923795476,90.72896436833,102.020964806579,0.0,94.2776226468434,101.857113948937,91.0081225378304,99.0421835278503,91.7718943183357,96.9013489974082,94.4336729700349,94.4124825399318,97.6918520927925,102.806094822742,95.0520374467258,84.2239933458574,86.5523947985494,96.1301355878229,97.1044062593896,101.179449541825,99.1580484107498,105.101758654638,93.7031110622056,94.8975314066833,89.1838524598697,91.4016440496984,84.3947126176478,103.494341465708,96.1637797340284,90.43492445964,96.82354970491,84.6114312027353,96.024223730295,96.6141757279301,93.3654219882698,91.5769381415833,93.2529505585025,104.80259304205,94.2117152896925,106.107470583961,107.193407447431,101.534835214749,91.9314856035408,105.945447476659,95.7998254948457,96.4586382212591,98.8662909264641,100.910105933989,97.3216826930383,98.6533320219012,94.3556023491742,94.8979417495992,95.6736291868857,90.1085656464847,90.6846329277669,103.613696097567,96.0794477321728,104.53886624042,88.3740587873458,96.2028711582513,99.7996272640914,106.298244780272,93.1739113421241,98.7419835855702,91.6070708886136,91.2482479473519,101.194582080187,93.1631957547568,95.6838794942175,110.618791436649,93.0911037642444,104.430310323233,108.278424640041,90.3654991899042,101.364049226808,93.1990589109241,94.4073063870887,103.265703326484,105.662072183905,94.7861920756937,96.3297527211483,103.341998752947
97.8673706159714,98.0230947854697,100.52832101264,91.1021710410264,96.3328141195224,98.0505251438851,99.7190831173649,103.038408403033,103.380080214068,99.3232493736422,90.6019742509566,94.0719654773111,94.1193342823832,83.9337354424236,96.4323724622922,96.164386108724,79.6769844559707,97.0723984316125,88.2532732366718,82.8331946492118,82.9129674623771,94.2776226468434,0.0,98.4867036801101,96.3902867912849,99.283338702746,85.2006327630744,90.1139740767474,95.3832185189136,88.327482055401,99.0440928748428,101.461586737529,102.993496159836,88.6558299643419,87.6213297263279,97.5880255938606,92.8753686634148,91.1554404834773,95.2772684195571,94.8545760767217,88.3630833165946,101.25088529623,95.1874139614487,89.2235697756015,96.2161070966296,87.0523906445839,82.7766549285874,75.1469205936707,96.1216928500674,87.96176783115,98.4419093527066,99.1727449491943,95.7628032895904,90.9441084047548,96.9709815831475,107.341586431641,95.8216488099672,102.981103707629,107.390450707128,105.711436385368,98.2291055664442,103.184031913138,94.4561144865464,86.6164725970805,87.1450886102846,95.9648890781739,87.6045899721033,84.6183237698596,86.8345509336935,93.3666077923852,85.4597830997627,90.8261978752469,76.8919492223975,101.126048392705,91.497415349364,107.136600431603,92.0285923703603,93.4765638567043,102.661076432813,103.665682767162,89.8706159361465,94.9722790113422,96.1731950259077,95.9199381547377,89.8873049673119,90.5679184975806,95.1476646691229,90.3579274328598,96.0549447405529,96.6564805011528,105.813870835178,96.2932495963172,93.3992819231493,94.2719339875371,94.5819663420453,77.9647163096216,94.9637893845356,77.176699295833,91.8856199741275,95.0772794868306
