0,1,2,3,4,5,6,7,8,9,10,11,12,13,14,15,16,17,18,19,20,21,22,23,24,25,26,27,28,29,30,31,32,33,34,35,36,37,38,39,40,41,42,43,44,45,46,47,48,49,50,51,52,53,54,55,56,57,58,59,60,61,62,63,64,65,66,67,68,69,70,71,72,73,74,75,76,77,78,79,80,81,82,83,84,85,86,87,88,89,90,91,92,93,94,95,96,97,98,99
0.0,76.7213037126385,76.409320770925,66.9042388022946,72.3478337298862,81.8323885892506,76.6130365094082,73.3242764189655,78.2023692472393,77.4903397011236,72.8213446127686,75.993843142043,77.4295129838851,71.3532553231058,74.2651323769607,76.7119502082445,76.555041932452,77.2937154459499,75.4033170531779,81.8455828495734,71.9332849822491,74.9923303460094,77.4422476049291,82.2147442616659,70.1816442855834,74.7882496176023,72.2170222260768,72.2177220983135,80.7987160669793,67.5313263475525,59.5074607878127,65.1129058508306,73.0164918894309,74.9667621366222,76.0756177327644,72.5978787174651,69.906664208599,72.2347228955241,79.9419637471866,83.0564597524409,70.7945079712099,81.6081180387685,74.7361793156769,66.9981642115433,67.9732418691692,71.8754505947964,71.7361632932439,73.8836288702138,67.5679796615354,67.3386978322017,65.6165719022924,78.1007000824717,81.9248738063914,71.8980791413458,72.9717158653093,80.3037850852461,77.2554750904421,73.1959962942854,77.5815727515258,75.9504009745984,73.2336410723383,85.5345700042339,73.7092421299154,74.6609700809429,77.1269603765794,77.4292299290128,80.1472412563954,70.2239622543915,72.6044548580721,75.7892206349911,81.2243083440716,76.5993016669172,75.668462407371,79.1890320612769,79.849983555332,75.1109994429325,78.1557131109578,80.2209758684297,59.887354003981,70.7461512044295,71.1058613625752,66.8470486828172,67.4336622223501,72.4347665257515,75.4340248259913,68.8473607714728,71.6418231532523,80.2778798822273,71.7512042752884,72.3412925715522,72.8760613519483,72.829237547784,66.6082524888425,76.1876794039918,79.4782870974938,69.9542426222168,69.18226171465,70.1387407249229,75.0331547324581,74.7025735255006
76.7213037126385,0.0,57.2913906425722,53.0397304140523,56.4205313315156,72.7099831550227,59.7187277652245,52.9496422951745,60.55013188843,66.0676798028421,67.5625569799255,69.9358888369229,68.3919383433406,66.0725103993377,61.7388366125928,48.4943307390575,69.2596779225962,57.5083769319935,74.8469353140229,58.9209622760681,60.3359957505329,69.781802180328,62.3093846895907,73.6782127162496,69.294820807886,72.2337158916819,65.6566959008976,66.1437978979354,67.2807976552269,65.9010425503154,69.7257263694992,68.9184781192568,70.4533305478892,65.6348424512513,59.326599116811,68.2137981255045,71.2853056524164,71.433473076635,71.8825154336991,65.8316576877348,71.2085306834235,69.5298894485378,73.9793724554069,70.9827126060885,71.0591286043081,71.5704498945652,69.3950314223002,71.1311094440404,78.6452042539445,67.4786713290737,65.2291078943549,47.7272331404164,44.4632125724001,55.8214167724864,64.8582659599598,69.1375965818274,48.9229693465696,60.3017180781468,66.1630815129027,71.6076394074849,72.9423027675385,72.036059364104,70.1873486280629,71.4021566166895,63.2244095335356,60.6475712114696,48.7526479484548,70.0664830268285,67.3591249801736,61.0415610460109,58.4903651611032,66.5787910867346,59.3426557777996,78.2633925324765,64.0092874343939,71.0114413263552,64.6923474040946,64.5349961170267,69.6537903269861,70.3346638839352,76.9231050928252,70.5941617306919,64.1142950956382,65.7080011292732,69.7675654387002,64.5694752520111,70.9733412326672,67.9431055191937,64.328388310991,69.7291201070616,66.5365835021907,70.9699661829869,72.3015120153997,72.7573318183195,65.8103776939402,69.2189612489698,67.3999965651777,67.6374840473278,67.1200926719824,67.5579803952633
76.409320770925,57.2913906425722,0.0,57.8413463346573,62.1285329632225,66.1355639501756,53.3703003539155,43.7201531186619,55.7990554276175,65.2789704270559,75.0113481695765,66.8448661478822,71.3168211682464,62.2078016693951,66.1539415952591,55.3220315806087,62.2193746646795,62.8016546907811,68.3412689088052,59.9665575830372,61.1786019276998,72.0735342716517,69.1075294233528,67.6497144774253,67.9637523485323,70.0750125799955,68.6937245763814,61.6346809210704,63.2707403800695,70.0423995756072,63.7401165045586,71.8566700902733,69.6735892261056,66.0625696811408,59.791440299519,68.6238814760884,69.1228025868379,69.8470798336276,78.1115646986831,70.7042259380222,74.8560621518132,72.50901639426,72.5334428427291,67.092586531662,66.5981406298093,73.1692134276098,74.4410954223362,69.5359156392134,76.6051262822348,72.1471249898558,67.5175936968179,52.9319939568095,54.5936614480881,58.3542563108239,56.0065952502058,55.0208630949648,52.5695024619481,52.9506843541489,66.4725138460467,68.0230946660924,65.3791518235005,67.6845566209719,52.7107062218115,67.8408665667426,62.0028819538231,61.2172252830482,46.5400540871719,59.747687977869,54.7453261970234,50.4255783201042,57.6535079578711,59.8955386698536,54.0348727999475,67.9663067132048,58.7407378874236,70.3926544449701,57.9508156852945,62.6292211752338,64.0857155497778,72.9760779333786,65.0000869113546,74.9451876974393,61.2045288496875,58.5820914182061,69.0517924286065,66.1052903635569,71.1117030865788,60.8767044577808,63.2481460483664,69.9118841045095,69.1443606210423,67.8556077682221,61.8013508781477,64.9682626637338,63.848136722625,77.4962817568222,74.0421912059325,68.832039611459,72.1064229728743,73.4565739650817
66.9042388022946,53.0397304140523,57.8413463346573,0.0,46.5110917219376,70.3620314288882,57.3909403794129,58.5613794964467,65.972812445944,70.5303738674377,58.2436552725639,66.1058235071842,68.9700850875456,60.4078478450355,64.3407053635432,59.3820486322887,67.5704259290521,60.0415403414458,66.7261473083498,65.2767318849917,67.7341041020375,66.9767309708604,62.7710403887227,68.409297928359,73.3912829841045,67.9155159808995,60.489351069709,65.2990810443889,64.6234924419273,62.6803480672956,66.6121790626089,62.5128726753053,74.0759110248885,65.7179142344961,59.4768428433303,70.8763043269411,58.6359229800192,68.5592596262173,66.7203846768982,66.4587234620329,69.8976230156585,64.9214046167051,63.0929205505232,59.4128566051335,61.1025963729342,62.6196980606497,68.7431502848206,65.6205876315928,70.5497336646107,72.5441666177051,70.8319931687419,59.9221856612241,57.6968096894474,52.6610433194001,62.40483994317,65.8567712732391,56.0343860834965,62.3173406386782,70.2912385555467,67.5085641619232,64.2397636823069,79.0764712188364,57.7185896731606,67.2803691913263,64.1399568191103,73.6450378468699,60.9640579848494,63.1444980971067,66.6192886028286,64.1167489158548,69.0799096825975,71.8756455046534,61.9709535932772,69.1487268990858,63.7694598433406,59.4412341027195,60.9395842268185,58.8210946004555,62.7862554759495,68.4182386080151,62.4632401943154,71.6543753744666,67.041013180288,69.7398436145019,69.6107066186498,66.5388276192884,69.8657663735619,70.7967123861762,62.6789909619614,73.0476762984221,74.9792411194691,72.1167845785713,67.8764300145731,68.0094482178208,62.8321781275917,66.7344241926864,65.2047359123365,68.3724704040256,62.5491096654244,72.9306657671072
72.3478337298862,56.4205313315156,62.1285329632225,46.5110917219376,0.0,63.3774058344825,61.8291337124253,59.4046613468571,62.2227229955313,64.4701831358603,65.7072364789238,71.7810865489101,64.7455712005937,57.4714026393049,61.4974982308747,59.7878138960634,68.0157799692996,61.8799324121553,67.4531056492795,59.1604399897552,62.0777982809771,56.6206497124588,64.0244617597565,70.8815867127162,70.9522753664234,66.3253100182506,58.7020593245777,63.6471237070897,63.4195836415775,59.0325476403669,68.7995557324661,70.2958566467641,59.977590337912,61.7147989217355,56.0241760004055,61.7824577332923,55.3773702733034,65.9553610007852,75.0284794073964,63.7327479236191,63.5469800525719,69.9005474658899,59.4590197195297,62.6376656287652,64.9712282008424,61.6546519538874,58.9635301025502,65.8050460578213,68.0884290661408,68.2318378518322,69.7638987006591,59.9755906631055,56.7949810016358,42.8574020910208,55.8293697866945,66.8105646521138,57.8048253157533,63.2780029677423,65.7003190549765,62.1021646514267,61.3778939939672,71.242871273208,63.4120347269377,63.4771356874353,61.0593249016642,62.6000232509168,57.5021574689967,68.5509429155558,64.05831416146,66.5695057860329,64.79954187575,67.4883172709037,56.1161066453063,70.200507079888,65.2674029509865,64.8398836142916,66.8672158485452,56.8845650729922,69.6321286653725,68.2417530278438,67.8735220386149,64.1732154960983,59.4955600584328,67.1993215994434,65.8967393930204,65.7970572991799,63.2339785080164,68.8613677680658,58.7497904246436,68.9853206175473,73.1992814691207,68.1741197100369,62.2417642303677,72.4509317844795,66.9779913803677,62.1496946245348,64.5132115634744,63.1104085960037,61.2359163637162,68.7057157885797
81.8323885892506,72.7099831550227,66.1355639501756,70.3620314288882,63.3774058344825,0.0,55.4095469091347,57.0282155591589,49.6004132950214,63.9321409630025,68.1194319025535,68.874257138638,68.6066608184857,60.7482417038698,62.8717302273804,63.3394594243666,62.3002613282466,57.0386640603327,71.8694956320611,58.090258979337,59.616237302652,74.2403200182695,68.9157679426708,62.3379452603353,67.102682627015,71.9233735775477,73.3764350923743,68.8214958297223,56.3258784109742,76.1369715166655,77.3576187198218,78.8447028749562,67.9605415942128,64.3597193757266,61.2405084777318,72.6332218353313,65.4064925516158,76.7583775050714,84.3423198446169,62.502881958719,80.7431877950017,81.9855195573261,75.2536491091056,74.207739193621,69.7368192853368,68.1030975704631,68.4321656557136,80.8906361886377,80.7239083193738,76.8269282963129,80.174940789001,65.3196553107963,69.4584962677653,73.5334477388321,49.8349516891186,45.4940366930139,64.3215344612765,55.6358313908932,62.8402601564432,63.3645660176588,62.166169346639,64.8079968684868,53.0178561338221,66.4445498733511,68.1313686174599,65.5103555583163,64.187979424497,65.9389268313133,63.3145339020473,62.569282524329,58.089463625782,64.3893862947793,56.4253828179745,74.2037027096698,65.6887177331966,69.4033338075909,61.1713642556096,56.1380063717917,75.437853043908,69.8498973829883,67.4160560989987,72.1453323737952,68.031730671789,68.8681176639302,64.1508902840876,69.6312136338838,67.6366740431115,69.0475815250007,72.0641996315901,75.8419645174402,68.3856927619736,69.965914735517,73.5690991287191,68.600172740624,69.0074010425906,71.2378579217449,60.6860850532339,66.318786796549,73.5044980683615,81.7756797012915
76.6130365094082,59.7187277652245,53.3703003539155,57.3909403794129,61.8291337124253,55.4095469091347,0.0,48.3279305916822,52.1752367796196,60.0540667204378,63.5483625902895,69.6019495931083,68.015968967197,60.1333392752521,64.5181947303188,42.6409204104053,63.0097643071959,54.974017495784,61.6245183490193,57.3619236562731,55.593276853894,66.3327205243833,67.1178161753441,64.4136593164629,72.6733530417426,68.2550106630507,68.6676584450944,59.7668353996771,59.6123090618856,69.0339315796557,70.6423708893902,76.3042825545437,67.9738608806442,70.419280490405,65.2233498851911,77.0566627491171,71.2168757022177,71.1899280585806,74.5264293876727,61.3023806472772,76.9119581596776,72.6780700742961,67.3869950030495,66.9059194473931,68.5647955032953,72.2106452124159,76.8956163463721,75.4048614665774,78.3991662912361,77.126641522318,69.1691679364488,53.234525255818,54.8020233721391,56.8106623564321,54.1509503235166,47.4233458298581,49.0510387721915,53.7489582133432,63.0423608411371,70.1329380448654,57.7283843320301,66.5085326715165,51.477367406479,69.0044999982685,56.7480796788061,63.7826801928198,40.1539714218397,61.6421114895982,58.1218658824738,49.6994304333794,51.7343849577436,62.5711518617442,50.9110959902643,57.9035150577933,55.3724264905976,61.9687728246345,54.6092014044852,62.3179802137237,68.675145259288,69.5644789882694,63.0043432433996,74.7776440997993,62.3062776322053,56.726088745337,61.6020589396339,69.5044607361227,72.2150432277004,65.8706307940551,72.1214466136048,78.7943840942555,72.9396833790813,77.2280059672695,69.1402912191244,62.5829595253184,68.8873038862061,72.4642745176272,71.0322522449063,76.0981777405005,73.4805928974105,77.2646444335303
73.3242764189655,52.9496422951745,43.7201531186619,58.5613794964467,59.4046613468571,57.0282155591589,48.3279305916822,0.0,45.6815495710996,62.551048145339,70.5132313164032,69.2928211690723,70.2646117977497,63.7613191275984,62.8567046389183,48.5929308321284,67.6892152561368,53.6873117703759,69.4950910188401,60.8707395810191,60.8537309940111,68.3879136942458,65.3896898663178,61.2283959725772,71.3720238850494,72.2300778315415,69.038818903998,65.6062192318176,62.301075555985,64.7342587328149,68.0464421462441,68.6433605323187,71.6032021991827,64.6689435159162,58.2941416971932,68.3202571213516,69.3337194365317,71.526240832654,73.9388143633431,65.583106164555,73.9618904589757,70.7691086443688,67.1015001370678,70.7466087737491,64.4318846718738,65.491509276712,67.9464496600638,70.9970924345498,72.5638606809681,75.64323819851,65.7091433697126,51.1213607640034,57.68151706912,62.2516739560839,54.2896467248687,53.4648444983304,42.7227934202513,43.7361573078596,67.3751931240359,64.5176053447949,66.6650618463734,69.4663827666848,52.6042220755591,63.6680184583577,64.6168308644514,60.9608748790647,49.9545845660121,64.2589679213369,63.8225913800941,46.4817676544916,56.0986884803768,64.280768699808,50.7078261333413,64.6400493327388,60.9148626651429,66.7213595868012,61.0815607982142,61.949467431235,65.2586402751877,72.5136597237617,71.415447202948,71.0846174029814,63.5683106019501,59.0921063373309,68.9904005348931,64.243818996072,71.7286425359263,69.2587177365633,65.9777422351255,66.9297393550185,67.1759615422191,73.341725497124,70.3515348089548,65.925769356696,64.052770541784,72.5735739464406,67.7515642589028,67.0370863207614,67.0587281523496,72.7597329446361
78.2023692472393,60.55013188843,55.7990554276175,65.972812445944,62.2227229955313,49.6004132950214,52.1752367796196,45.6815495710996,0.0,62.0282985341689,69.44250485695,62.113268964916,66.1990381039068,64.209004233327,64.0557091472427,58.2988469999914,59.5701796509216,47.5399671997925,65.8543378703484,53.3171031112405,55.7091105394023,72.4990099211355,70.072724068227,60.1165462484265,62.2194231684902,73.7313413281108,67.681383057316,68.7098000502621,64.0746153111429,72.1151088944568,65.3215246500286,74.353733871298,61.6466946178207,55.5965236117909,54.8411622970993,65.6474748372947,67.2012310425182,69.3848945324624,78.7823687685834,64.7833727944628,73.9515726232699,77.4819378967559,74.8796121934741,72.1091606903698,63.7574586187879,70.4280440384862,74.9499051394975,76.3056549993775,74.5078104730634,75.2461996878856,63.1520687655904,57.4647858712547,56.6197688523576,62.6020110845338,46.6683538486563,51.2365419123313,50.7706484240455,37.4161224289077,64.6826137571782,71.5674283253657,64.1051436967262,62.2586640528774,54.5912581183047,65.8985778103862,56.6507080519681,57.1614726158845,54.5075195477286,59.8072189937471,60.8174179546434,46.3536006313374,54.3006022480136,66.2310269480488,58.2264624803869,71.3805626648082,59.8152001384244,70.0214544760636,59.8746328868653,59.4854813068982,65.9343617140893,66.8375286004397,64.6838937590669,67.6189262056714,60.7303712345885,63.324132314251,67.2481239341906,57.9084281917907,62.6491826958691,60.3270720128756,64.6462574587545,73.8974227130343,67.1824940355268,60.952062130274,68.0770453372078,66.6321033529572,65.8180005861045,65.9454588282755,64.2942249057642,63.6765163289159,68.3464302547859,71.0570423121067
77.4903397011236,66.0676798028421,65.2789704270559,70.5303738674377,64.4701831358603,63.9321409630025,60.0540667204378,62.551048145339,62.0282985341689,0.0,58.8236628076154,57.3484671089085,67.6298533054082,58.0915453470598,61.2372225056759,63.2678606954256,68.9015280652706,71.5668640772213,66.7332755537089,62.8390854823947,66.4805074671718,61.8296615464818,57.9505546492928,65.1311180495322,68.4329302455008,58.7692995339825,65.1643198843304,61.181403438313,66.2027804735057,68.3374397200052,74.63492192134,77.2337376332416,65.7000378506932,71.4935553393819,63.2478918634333,74.0753378072391,66.5922571554413,69.4980391243085,81.5572524342215,53.3974702263039,74.0518402463408,77.2573805480794,76.6850209825769,69.6714769294785,73.6131607310859,70.8688497038398,66.9589615228454,75.8307444753237,78.998001158924,73.3915593996082,68.1388016901146,66.6341522444244,58.4582833920792,69.1031233381421,60.0949573446331,67.5091681386723,60.6646258116917,61.7601562009075,42.8451126925789,61.7680514927557,62.2117419382837,66.5866644175822,56.4176629166848,59.0739013477832,64.6296821869119,58.4337904821405,62.985466729968,70.2206545330075,69.0684756118327,71.7440693509072,56.4026777737252,59.9046862003243,61.124753242444,64.8125026812284,59.0615375809454,66.5898761544948,66.5531640809244,64.631984894302,68.329497776621,68.1621074228336,64.9857926554435,77.6061324786955,74.3261146435907,67.4630501720619,69.1722118661652,70.5209286876623,73.3217962164782,69.4218500663499,70.814952918735,76.2126512371419,67.8302444960115,62.7590922896657,62.5363591812911,66.0139898590226,67.3313575451775,69.9921979436538,71.9583818438403,68.4551140068366,78.2559613954753,76.646311184948
72.8213446127686,67.5625569799255,75.0113481695765,58.2436552725639,65.7072364789238,68.1194319025535,63.5483625902895,70.5132313164032,69.44250485695,58.8236628076154,0.0,59.9616296517534,61.9150222453098,64.5121623574419,68.4073476642299,65.6165192506554,66.8936125075963,66.88685249753,63.5461048467917,64.3697308284244,63.0666157625226,65.0834013339319,66.7005404618295,70.856102143949,65.5437825140623,66.5577347372152,66.1891064075781,62.5526618604312,65.9258867466883,66.0773830269082,70.2918319645775,70.3661540506086,71.5202839549104,76.141403968233,67.2387998615041,74.1820267231561,65.4619143047125,63.5562518037406,70.6452129113505,66.2094854167744,65.1435067013722,73.5764891348463,72.4310862272605,67.635837488711,72.4758174433947,64.3076388697827,69.2138009089018,69.7844912613017,78.6451452600895,66.9111638608701,72.8143022362741,67.9662950888646,68.3672033756095,61.8261280501345,64.7601116071237,63.1022840464116,65.6052125916682,65.9884082899501,61.1950769726771,69.3199586123465,63.2065213542666,69.2579640589844,59.3415642266794,60.9139220525232,61.8260459232915,66.6856954814231,67.4786302576584,71.8782823054523,70.4791291713261,69.4754399132788,62.0358923994159,65.5440088917222,61.8920353830791,68.5610636995009,65.1550361804192,65.4990653254164,62.5116276516201,62.3652728639702,72.673340977872,69.598872125484,67.6810527786773,66.3519256257037,65.4636373731719,64.0396424101222,67.0322636625757,64.9795910470935,68.953348449051,67.3135109797847,67.7475997999453,68.9950708042073,68.9514013757837,73.2359389544506,62.0917212326623,66.7002251779804,64.9845406272917,64.5746240245812,65.2849293130852,71.7900012771093,73.1458287382348,67.7440173488985
75.993843142043,69.9358888369229,66.8448661478822,66.1058235071842,71.7810865489101,68.874257138638,69.6019495931083,69.2928211690723,62.113268964916,57.3484671089085,59.9616296517534,0.0,69.2429933160935,64.6734885224678,72.2999229047973,70.9278088651577,59.6658900022487,74.8697782860721,61.9015108784068,70.2900586330575,67.6828532471673,73.6526490182227,64.2940400175398,62.7179385107887,65.9591898929291,65.4052233532355,71.3536100467616,67.7838172800003,69.745524255899,72.3160414155458,72.9378730928646,75.1719384511769,68.9254219149989,73.0604378097676,69.8829114619532,66.8080154755091,71.1812508796839,70.030726985439,82.3779927777003,71.2155250857106,73.5489562778525,78.2558930701887,73.7282958590678,62.2041235817439,63.2752659582706,75.1512806725718,73.1307083967146,71.5040562315466,82.9320987712239,75.5845458475433,72.7723073623614,74.3372322359213,62.1313415284645,69.9525557950215,58.483478104935,76.7163033622659,69.1780659205968,63.0294433735829,55.3688467477708,71.2907776768052,60.0520182964256,71.6066539895512,63.8026930145615,66.7168721623791,71.6292201487319,62.3640077776824,68.7308655362954,73.5789146981728,71.4461219894128,69.370268686613,62.2734240654686,65.1375779690364,67.9125990765473,70.5603826485613,64.0773263078391,70.1892861180362,62.4560824091008,63.6395321288361,63.5559357934448,72.9105663545028,64.669813634854,73.1554697345512,69.4400991806358,70.0148700523411,71.2624875315732,74.2115341879487,72.8291784106411,72.1109005203578,64.4531989235612,73.5543338740159,62.8066513661271,64.0984226748185,70.4218248870967,67.8328481924576,60.6246910138853,70.0538517956518,70.1369351174925,66.0037069883939,70.8744464923402,83.0933067629847
77.4295129838851,68.3919383433406,71.3168211682464,68.9700850875456,64.7455712005937,68.6066608184857,68.015968967197,70.2646117977497,66.1990381039068,67.6298533054082,61.9150222453098,69.2429933160935,0.0,66.3856334686535,66.8487712156923,69.0683045189631,58.072282373815,72.6095588936206,60.2721303511092,65.2697015295949,65.111367398918,74.145845326954,75.0470456490673,67.2915324776701,67.858372412774,65.2677315151797,73.0688680071384,72.7799190063323,68.033989556021,80.2338119536691,71.3709861755731,76.5923493950426,72.1842475090306,70.1923658509857,71.5312305547533,75.4681693737246,70.5330693893123,76.2903806490105,83.2904271383942,68.5317371829378,76.2805713952838,71.6658171601969,78.9096658332595,72.8815515135726,66.9781284832502,77.5652978039319,78.9894737251876,82.4580312421564,81.4171005662696,78.1425297112116,69.9439312259929,72.4140261193665,63.0235034012585,65.757872313883,69.4486047112916,74.2118832093239,66.354845209763,69.604277576204,69.059047304011,69.0471276350488,57.3175951328873,54.2438752776569,66.1127080661079,76.0646801024382,66.7769929159949,68.2380162839027,67.0739263084392,62.9857304056262,64.2198231296555,69.3368774010014,64.6849321360704,57.3445922437762,70.2404228385121,64.7124303235193,70.1920112164782,69.6825055820893,64.8404484164085,62.8708392282144,70.4153222933254,71.1507898567039,63.3363048689494,76.786615202177,75.20604386304,72.510304803936,76.8471899127173,67.2683415280281,67.3611973692345,69.2451047350042,70.5686612181143,74.0979572804182,68.1306038044713,68.2851368224727,69.5097457607667,68.6263680362936,63.8069596481851,70.4583611517402,79.0053188119718,72.1434989678937,81.017071672721,76.7719038365296
71.3532553231058,66.0725103993377,62.2078016693951,60.4078478450355,57.4714026393049,60.7482417038698,60.1333392752521,63.7613191275984,64.209004233327,58.0915453470598,64.5121623574419,64.6734885224678,66.3856334686535,0.0,46.5822168655449,66.3774295799868,60.632581454708,71.7350380427784,56.2502019256663,66.2389974420346,60.3672014976722,70.5005644174011,57.9120464115224,62.2977074163819,70.4091095311296,67.7137270977023,62.4681268648025,62.6191451395947,67.9128905214954,70.2359830470583,74.8848931559958,76.9450263472173,70.7336125090406,65.6229153505435,60.1959060976135,63.2644241378486,67.1928544408685,76.6323841896852,83.3796001782336,62.3158791653248,76.6215450437649,76.0073705308437,78.8785074148062,65.0909050094618,66.7027557844315,77.5644540155214,69.9270353146266,72.4351306427882,78.0524268944845,73.2902591089,63.8558311677724,65.9415206067873,58.1531961283083,63.3917267091922,57.302437217245,65.1017601110901,63.4135970855709,66.6828028677301,67.2629110490144,71.1215461562129,65.2709310589748,70.4892048976125,57.7514921448755,57.9979006291557,58.132055641902,58.9766386917542,57.6922425107586,62.1117470004483,59.9212897675056,66.4059890360271,64.6406893257502,63.0103483295871,59.3939604111395,66.0797331496116,67.7828895031603,71.0447103982981,58.3289677341282,56.5613739478151,66.5611866957861,59.2398136677856,66.1322285852464,76.477155449414,62.7315817909471,70.0268530111874,70.6735169504571,65.0757440162913,69.491820910172,65.6193192406521,66.5212316904305,64.9321899462577,61.1653903111283,62.5049876074,63.7325085830912,67.3461080405536,61.7559630438704,63.2748975484089,67.0167049614535,63.5222445088214,75.5199522969277,75.490607395906
74.2651323769607,61.7388366125928,66.1539415952591,64.3407053635432,61.4974982308747,62.8717302273804,64.5181947303188,62.8567046389183,64.0557091472427,61.2372225056759,68.4073476642299,72.2999229047973,66.8487712156923,46.5822168655449,0.0,65.8703516211936,62.7830412536446,63.3941906323456,70.2916649415943,58.7770167791603,59.8812300471615,64.6460897110373,58.4954741683261,62.1385951006292,70.0125142934501,72.4328883542716,62.0530236903482,59.1505387634988,63.6613019045298,66.3652654919667,64.936186284847,71.1056168264935,68.5559033468694,65.6168930014352,62.4125460489431,63.1804476183698,62.315898166398,68.4958822274149,85.1978145822745,58.5668890295486,74.4707921812925,73.7310474650008,72.7451799636307,70.1468427195999,72.8212910896362,70.7448360385804,66.7792014824017,74.3656412144718,80.3917557857996,68.5935710313022,59.4035410518915,61.8171635568795,59.3279260599309,67.6416816037115,59.449800616033,67.6146893151297,55.0291396456337,58.2661974661131,65.0020358630875,69.5568327576283,65.3279736560953,70.2630945540816,62.7605899785638,59.4428812474589,63.7897861801047,43.1839651380466,59.1940278149658,69.8571198442597,59.2698217731059,65.5481084211687,59.5188735545025,56.8213715718601,53.1865873251497,67.1182873564533,64.8499772968157,73.1377834730073,55.7962841602598,57.210091838258,58.8301351124297,53.7425048446113,59.706921140694,68.9208479852119,57.9434185039252,65.2404719874596,62.9541448375087,64.0242508212937,68.8532213437697,67.3808494612749,66.2490481000658,64.6719680107052,57.9163139127324,54.4346495214431,57.7897016095155,65.8032861008481,58.8380528350984,64.5762065800539,56.6620960177748,56.1835354028007,77.4532544761752,75.2908455460214
76.7119502082445,48.4943307390575,55.3220315806087,59.3820486322887,59.7878138960634,63.3394594243666,42.6409204104053,48.5929308321284,58.2988469999914,63.2678606954256,65.6165192506554,70.9278088651577,69.0683045189631,66.3774295799868,65.8703516211936,0.0,64.8510340067141,50.4309868987545,68.7660478545198,52.7972328085326,55.2079986125292,64.0891686877175,62.6715231521013,65.397473202022,66.9953030908647,71.119328966009,72.2228849381144,65.670909458224,59.7980542167359,71.660127364018,64.1025429813031,68.8064174882192,68.1842458422539,68.0104220178703,61.7332990148431,76.4953416159878,69.6402815321643,74.4086374848159,67.8924723843424,64.2826868910523,73.0077208725229,72.1342974796516,67.7623705017754,69.9552371751369,72.2609555917721,69.4267026953393,69.2185518230144,74.2220252226704,76.7281925830754,75.6500181529616,69.525175630277,47.8462237350189,52.3860079627802,59.5657970245612,58.9689262075086,55.9743749091344,47.7400793830362,55.0568501601118,69.6559655835103,70.2779032656768,63.719355442606,67.7457208387606,58.0871292014495,67.0895295080882,59.6619344007861,58.1116121694849,45.0216219723405,61.8981078206557,59.5171719139997,49.9940763606699,50.4479257866872,62.2820289871321,51.3842280895141,66.056242057351,57.9085787203523,68.9419525686692,60.2374457660141,63.9651277987355,67.1996461075089,74.8640577401941,66.8346848267828,73.5688468559272,66.6361654486339,57.6439813919066,65.5981538816342,67.7415607946313,72.5818767776158,66.2043409595819,66.6618100591503,78.3986334580001,75.3001466782662,77.0031858324948,72.4034919387102,67.8092899052484,63.4023607650187,74.6178387537647,69.1749416452659,72.9124964782329,67.8673581252278,70.9105330828834
76.555041932452,69.2596779225962,62.2193746646795,67.5704259290521,68.0157799692996,62.3002613282466,63.0097643071959,67.6892152561368,59.5701796509216,68.9015280652706,66.8936125075963,59.6658900022487,58.072282373815,60.632581454708,62.7830412536446,64.8510340067141,0.0,64.1402216590412,42.4373120579344,62.4966995694685,58.1489426650469,66.4813733627958,70.3610419640837,60.1666834657163,70.7902547684797,60.4468372955991,73.6832348835697,62.5813170040266,56.1882465551054,64.1898846801132,71.7957004819498,69.3029790539249,67.3941784648116,63.0810176784736,58.5323097320172,69.118879219127,63.2230878618182,67.3428710148397,79.2760587233985,72.2472351497717,73.6008033628311,80.0431316769758,74.0015121059367,60.9363507259567,61.0467700964024,72.6643988208096,74.4959761130067,75.8385954735975,80.1550834308393,74.9932587980482,65.5570705959359,69.6656177171532,65.4076331728673,70.0809525737916,50.1638410896754,65.2445884219083,63.1759166348824,63.1285465659821,73.974050685082,72.3482339472406,56.4730027781514,56.5300982998203,58.5872255009131,65.7184458389237,61.0764754894797,57.2642043917446,56.0081464292737,56.389015590299,57.9799929150948,64.4911545969361,59.5506054019297,54.6780956146461,59.3135267257216,59.9547165672416,58.1310045144307,73.8825956117818,58.1342865666212,58.3365777496889,65.6193294823138,52.6250335506752,57.4046738637466,65.4878786584458,54.6004986884722,56.9240136486408,70.5349382468349,64.1783671413565,65.3943737888293,57.180216255453,65.7223542034627,70.217008021588,59.523453290062,61.0522873601518,61.4491120914859,65.1421966389128,65.6505051069015,60.549729034175,61.0926418014316,63.4366135205439,75.8237297505554,72.9774437777016
77.2937154459499,57.5083769319935,62.8016546907811,60.0415403414458,61.8799324121553,57.0386640603327,54.974017495784,53.6873117703759,47.5399671997925,71.5668640772213,66.88685249753,74.8697782860721,72.6095588936206,71.7350380427784,63.3941906323456,50.4309868987545,64.1402216590412,0.0,75.538750755259,51.8378908805694,59.1058111743437,61.7785742682034,62.4227959895748,68.745806177611,70.5048582502718,67.3329563505327,64.811105330352,70.1308484358112,62.4442186735228,68.4589860091683,68.0173004150919,70.4406570252793,64.2312793636444,57.552013766837,51.4337897316655,70.0415593224415,67.8588910746982,69.3861752727081,68.8383285868574,60.4663334500787,69.9301787452491,70.8940307851386,71.2395632479275,76.2191289057657,62.6244941945134,68.9318833259677,69.8272691187485,74.8669873990309,70.2408866981022,75.4491429178484,71.9934578028413,61.9897501209953,63.1858942243588,65.3597030570391,60.8797184218149,57.7800396136725,58.5636892655478,54.4196815371356,72.8511237440968,76.7528188388987,65.698599549964,71.4536688423411,57.0484583586937,67.7732031469746,60.9547212467002,62.3512603531231,52.3607612103638,57.2652500358618,59.6743869741187,39.5925286898961,49.3655058541699,65.399982719847,46.1022468382809,66.8245052476978,53.8374075735153,63.4122153018477,65.0573311099781,60.3079679874217,72.2430798035303,72.7849933338153,56.7245599874573,72.1098660925118,62.8474539734508,62.1362407952846,56.0670125484253,66.8469180524848,72.4424485922712,73.5665034300861,68.9832235033899,72.1912890150114,72.2282123749641,73.6171820094042,72.1041878324259,71.8238060052424,64.4012613374229,66.8591838318177,64.7230074508098,67.2901842025295,64.7557957281304,71.4365306772929
75.4033170531779,74.8469353140229,68.3412689088052,66.7261473083498,67.4531056492795,71.8694956320611,61.6245183490193,69.4950910188401,65.8543378703484,66.7332755537089,63.5461048467917,61.9015108784068,60.2721303511092,56.2502019256663,70.2916649415943,68.7660478545198,42.4373120579344,75.538750755259,0.0,68.17910123185,64.8899812756827,69.0289462325179,68.3955608709038,60.8001057428474,68.5358724553464,68.6000341533472,72.1738707582306,61.8888432693692,64.9386567838899,67.5606493475915,70.4297510681286,73.8674480261122,75.5680155342825,66.4539534678736,64.0878457256164,67.8141143507968,66.833380586389,65.6433573767045,70.4820068910056,72.7754673884399,75.1147764450927,76.5736781313696,73.1132317390323,60.4021188326458,64.0310869555569,69.5884675013172,68.0049628296281,78.437182967722,77.8641084207252,72.516125258754,63.3797153930455,74.0616169512161,66.9883301796212,68.6586031334661,53.6404109224184,70.8787441887806,65.9089531697245,69.0652763196344,76.2869865661448,77.348740987069,57.1352956325587,61.5054633517838,59.0011926613857,62.2161833097572,61.7781972466114,58.6998297385057,60.4760201384034,55.8325978978607,53.1990774794415,70.6003581707586,60.2837205203666,57.2234459827812,61.854233587622,63.1823787598404,57.9942224468781,75.4157700884447,60.0821511971853,63.7232508379354,65.2794743201011,64.7202479182811,52.9086511439253,66.6467368480175,63.5413699570972,54.9290828065561,72.7345175593049,64.241763739952,71.4880419940671,64.2446678174257,68.0188036079397,70.5128988796953,65.5005539235632,64.9092246903413,66.6809609532365,64.0257046410671,63.8959408811842,61.1714431565704,68.9388212302994,67.4649278938998,70.2488363100077,71.9235028900204
81.8455828495734,58.9209622760681,59.9665575830372,65.2767318849917,59.1604399897552,58.090258979337,57.3619236562731,60.8707395810191,53.3171031112405,62.8390854823947,64.3697308284244,70.2900586330575,65.2697015295949,66.2389974420346,58.7770167791603,52.7972328085326,62.4966995694685,51.8378908805694,68.17910123185,0.0,52.4131118202847,66.2210930588415,58.7796778404224,61.7193436363865,69.0264996472236,71.9746721141947,61.9183450010711,63.6093273151225,52.0792922834953,69.3266497195574,63.414349928473,72.5452167518982,60.0182026240609,52.864222138163,52.9073673712904,66.5311760742104,65.7813927516993,66.2932346083487,73.9992723965553,64.5729646230336,74.0392023359358,71.0008443150637,69.9378340495973,73.3594880586892,63.7713877816056,65.9529441051113,72.598030353967,78.7965075198289,77.292849630916,74.8626737915003,73.1558612218967,55.6574350659524,58.7513089854073,63.8445049856281,56.6562468717553,58.7777879404591,59.125190595676,55.2224559894434,65.1095098747486,69.3000290200963,61.6053077638991,61.5872475045196,55.4457763582707,64.9986730460069,55.3031214471784,52.9478245391804,57.3479905612997,61.6646454313593,55.018596523527,53.5836691820073,46.1012545153434,60.6792129542636,49.1794729835709,71.223848278296,59.7879686645812,71.7195234716195,58.1858844260453,56.5588905233538,60.1880379002568,67.4635957151844,59.0209249683705,69.4873937466545,65.0633173365634,64.7397619264067,54.0910384895642,67.82912735332,70.5153671543581,59.5939775018412,67.8611930929813,73.0472131577399,75.9748372907318,69.0980163421058,66.5145766699626,61.6570564890832,60.521954824249,68.5528033647182,61.275782814575,67.0834462216306,72.6437470986886,69.9708789219663
71.9332849822491,60.3359957505329,61.1786019276998,67.7341041020375,62.0777982809771,59.616237302652,55.593276853894,60.8537309940111,55.7091105394023,66.4805074671718,63.0666157625226,67.6828532471673,65.111367398918,60.3672014976722,59.8812300471615,55.2079986125292,58.1489426650469,59.1058111743437,64.8899812756827,52.4131118202847,0.0,68.5693755173601,62.7415488026539,65.9711453891812,62.2174860390841,71.2160078801914,66.5746538519629,61.015288389025,56.8580030491627,69.7272098624735,65.945250378822,70.4718808054417,64.6568638474249,68.6455244792513,63.3027788380965,66.6160668464535,67.3906574126451,70.2840869286144,72.7906162191283,60.7460647620931,75.0122146688262,69.7855987254121,71.4553438357181,66.4437308833947,65.0879681566291,68.7451692011566,73.4433109267165,76.7759903720215,76.8254396262547,75.2356316918605,63.6478235939859,60.7650658006976,57.0531957665276,61.4458344688496,58.2126161967764,56.0639490752862,56.9885654135363,63.221759488747,64.9678839088501,71.5745748842235,60.0048555036607,59.7335695861754,65.0167810793253,65.3858230899535,51.0104012565821,54.3939377093771,53.1194330711321,50.9546456914154,56.5093585587822,54.7601588823601,41.7338711169563,60.5582690303799,48.4469556988404,69.7623044694304,55.0334645144259,73.0839673192261,57.7680633961421,64.3710708653951,64.4747954932405,64.3050193142066,62.4732312646284,73.4287885359051,55.8035760433102,62.1366392664443,63.4855307228007,68.4323633746039,70.7192126346381,61.0036958310864,66.9635804248369,71.8914604165913,71.5533917221733,69.7901270891194,65.1374607116721,66.549647442817,67.2211466225663,68.6724997553072,59.6976834340278,73.051886099815,74.1321685109484,74.6621122763382
74.9923303460094,69.781802180328,72.0735342716517,66.9767309708604,56.6206497124588,74.2403200182695,66.3327205243833,68.3879136942458,72.4990099211355,61.8296615464818,65.0834013339319,73.6526490182227,74.145845326954,70.5005644174011,64.6460897110373,64.0891686877175,66.4813733627958,61.7785742682034,69.0289462325179,66.2210930588415,68.5693755173601,0.0,47.8942904415068,64.4886340673483,71.9534003848969,65.0535414018837,59.5128528453363,66.6519063734903,66.7366232288567,47.7250541204079,72.0323893856701,67.4388749250256,58.1217714343083,65.1418430532283,56.4436526635251,67.8572290960398,68.586131249225,60.6410998440488,64.662124681915,49.4915841223187,52.8179654102825,73.6432727535574,54.8541239952231,71.3265027402019,69.4212097440252,58.6331649067171,55.384767941218,60.583312321804,70.3433991236434,58.5366146208177,71.2972795245052,69.3574246865255,69.8827837584894,67.3657848516425,67.6420420720371,71.4445593823753,67.1163321388536,71.8232747931405,68.8487573571168,63.4953298099898,64.9687062349225,65.4925167094953,64.3907405802567,62.5444350110219,69.438899724258,64.1400080696325,64.9360104716924,65.8658003104624,65.5149376422754,67.1885996659014,65.1851315756753,66.3354430098575,61.5686741088494,63.3812264753068,59.8580304845948,61.5574517001517,64.9089451780325,59.1228809481576,69.1545661608114,73.8540909679973,60.6920396106808,67.8794048603621,68.337594088781,74.473700506868,64.4902707192227,68.4341515191486,75.7378738808441,75.3177116179171,66.1139163249104,72.0649242482977,74.1477099178701,75.5458521341191,66.9363565440757,70.4890302575371,63.7601767919572,70.4790990195962,66.4018005020194,66.2449333158352,62.8829980615744,69.2564436470959
77.4422476049291,62.3093846895907,69.1075294233528,62.7710403887227,64.0244617597565,68.9157679426708,67.1178161753441,65.3896898663178,70.072724068227,57.9505546492928,66.7005404618295,64.2940400175398,75.0470456490673,57.9120464115224,58.4954741683261,62.6715231521013,70.3610419640837,62.4227959895748,68.3955608709038,58.7796778404224,62.7415488026539,47.8942904415068,0.0,68.3950974153229,73.6046646444398,66.8218688936227,52.7453249171193,56.0173107379154,73.8145486937193,56.6110494253744,77.4484831797404,75.757493208517,65.0008981039314,64.7265651454872,54.9060030938297,71.671141932921,61.8059890471336,65.5378717077515,70.931429200845,52.3777162376449,62.9594957783462,71.0761866900828,64.1808822364985,69.3377480016324,67.6592097118261,59.7122124039705,59.4562700195624,63.7185817782485,69.3972392932522,61.2225961456436,77.1720506562621,62.6089731582638,65.9214654536907,69.854870354536,63.0661074567703,75.8392408673798,67.7043510451248,69.5838169005382,62.9349130325989,68.6076682217791,60.8750723511701,68.343144431836,65.8858162779668,52.4720791868626,65.0745490820164,57.5455245439568,64.3035352704259,68.5933223450136,63.6871785011493,61.4580203659199,60.6147227638475,62.8793866237432,52.1008368583513,63.8689002603483,59.580761130741,68.2687267503398,68.1228139791415,62.9590532011097,65.9938624775922,77.9749501393108,63.7875114055921,74.9616222279815,74.0563525834487,63.5767693554162,70.3263831814656,70.2370367449399,74.2425321026616,73.8576046400027,68.9448298560735,76.7134885624737,79.4065459685345,67.77074770861,69.2068876205868,68.3129930423737,60.0738947045312,73.6994907259737,65.3568364439456,62.9713514106176,64.2541007653349,60.2984280921813
