0,1,2,3,4,5,6,7,8,9,10,11,12,13,14,15,16,17,18,19,20,21,22,23,24,25,26,27,28,29,30,31,32,33,34,35,36,37,38,39,40,41,42,43,44,45,46,47,48,49,50,51,52,53,54,55,56,57,58,59,60,61,62,63,64,65,66,67,68,69,70,71,72,73,74,75,76,77,78,79,80,81,82,83,84,85,86,87,88,89,90,91,92,93,94,95,96,97,98,99
0.0,92.4275037902274,100.527878779804,97.5932482161458,104.51297744015,98.1730208550915,92.2279008265207,96.4375063064418,93.2159025625695,105.321961296626,101.406349244478,94.2902488666774,98.2896739738506,101.969086304402,99.5973816105266,95.9369743740751,104.993529049167,105.915047797182,95.8814517479987,90.7851414273799,96.2528260010342,101.821358515106,95.0146252174072,104.62846400445,95.5887137955151,100.099581019733,98.7317143828819,95.5667826141735,101.916184836302,95.5566599264951,97.6283882981022,97.5643265740857,108.233303309505,95.6279413750898,103.077506729619,97.717901907438,104.647669614236,99.9773087075734,99.4639789039583,96.5162057823853,104.059743842707,101.680188081697,102.773235186281,97.6974132028898,100.986494053848,98.0048006797477,93.0185770042372,100.881007140843,96.6465087323546,89.7711822692991,101.433691103907,92.0661587907704,99.7764259471361,96.0737958792085,96.5030928635366,87.3648933705512,101.746032839377,102.251289754401,103.483894080997,103.050159509611,92.9290467902582,95.1706778053099,93.1091492202263,103.764342147275,85.5820913566823,93.9314754780087,102.034020616687,100.881279071068,103.540933865778,103.80368042458,96.5094365151566,94.7713633515683,98.6597034401855,97.5956625968823,93.5119807525095,88.5112420525303,99.422842567082,99.6639938561506,101.567979456626,97.5451046928356,108.476748854579,94.4056697161137,96.1324159160367,100.597474803779,102.464232352792,100.4011389723,98.5488316319805,108.270277120241,92.4788129065567,96.0684054149563,91.5635048343317,107.215282585807,102.375659101485,98.3069753334372,104.910395050955,95.3760875908879,85.1741558533812,93.0114751913888,95.9346324266263,87.6059615342827
92.4275037902274,0.0,71.3608307942574,94.0720495851947,72.246168584027,68.9962928417178,84.4747089417926,55.9329821672164,84.0391994480921,94.9765827725052,90.2016026517688,88.3623674204344,99.8570592008271,96.3840835123395,95.2137784384617,81.9147657108191,101.922532653869,77.0891399814698,92.2947092869622,87.5725498897983,98.2972105531309,97.7633081627412,89.1123946747782,91.5030205353749,100.801950827164,93.2450312901416,98.5988433941279,103.871946117992,94.3429894916549,89.0995550524357,100.033585474768,102.301966074225,101.343790552364,98.3574366067936,90.3168649166483,97.789967672179,98.5940217825791,101.379916666363,99.5966697440262,87.8874202023063,95.6291148990054,103.985255810947,95.0633878974939,96.3099374597152,99.391433498551,107.756594914929,93.3500456388941,101.423629974821,102.256262705983,105.514419332372,90.0736183336087,62.588106940724,90.3549925960126,97.9021131042386,68.9848126444302,91.0821365749009,65.4298418143286,79.0424901352201,97.2816386285256,89.434575969216,90.6948252291182,88.6936520952262,92.8025858100767,95.8182011680532,90.2321029589605,93.9922375978128,92.5633181763139,98.1827714704809,95.5330875170571,85.9428620846322,94.8074829525448,93.761234994079,86.7545848370014,85.2955823947654,94.2471665335412,95.5364650588745,92.5674009963276,96.3710325426446,92.6420080348914,102.465157494635,98.9117393693054,89.4706676523516,87.2271002375667,86.9284789059868,98.0619830714502,85.8208331299129,95.6765422002036,101.447405485177,93.5638549624262,98.9964829437139,101.504723932765,89.2209566541641,103.624670299418,97.8323734811572,91.088751449156,92.9851944568916,103.068465405077,102.953977185504,96.9265918918018,103.487966797024
100.527878779804,71.3608307942574,0.0,96.3325058464611,86.880257580635,71.2376739284708,92.0099691590926,72.7078009356779,76.5258670509856,97.3686582697404,90.329149370399,93.7440997975103,103.462504378949,99.2712327407782,97.8769017458078,88.9191456329777,96.6808952780859,90.2648372182221,91.3132746260532,90.9388322124982,94.5849067147474,91.7621459868605,86.1006838671209,93.1535068697938,101.505739085728,97.5865872899049,98.1052413452181,100.922299959332,89.7443878551444,90.4654177792784,98.8042363574065,101.917678798458,104.287856523792,97.7042258908507,99.8113799038963,95.3334441791015,107.300049822195,105.387446341451,95.848951064788,96.2233988728024,95.7320221615277,98.300445271499,83.7824161980921,99.0648006928283,108.877898294556,100.993984533649,97.1469633200228,104.862554636286,104.419206410534,101.361756923935,90.9294098664906,73.5589234492388,100.277324199356,91.6207560331163,79.4199140260557,80.3757213183542,80.6771850426494,80.1837865015264,96.9461725225251,86.1401782357976,91.0243574006484,100.040436676708,94.6063481200949,105.118646807405,96.7103785647754,90.7083180750719,87.820508940906,86.0097533303569,98.0734596141944,92.9174648143583,92.3861672798903,99.8362415492862,87.0277163959404,82.1133606667642,90.03105858759,93.350415658564,94.7744095896392,93.8666725492566,100.642398292189,101.339926689017,105.23259517081,94.1385784324997,93.1266147672599,87.2846738653006,103.511395822444,91.6518658342733,94.7036002139397,104.68549109242,91.1184350844059,98.635406178336,102.50650333629,94.0477505213667,101.784997435361,95.271233867995,94.6966204622839,100.404721612991,99.4319905223335,103.064491672139,101.906227974533,102.190271351652
97.5932482161458,94.0720495851947,96.3325058464611,0.0,92.6359024924311,98.7554803161681,96.6257746405213,90.6393622886361,94.7846899092408,95.3350093581917,84.5671279485826,91.0234239186837,109.186964399417,102.728370503556,101.271890866309,95.9685375852866,95.135382631969,95.0106264145089,99.7235937044975,98.6067697800292,88.5047255543781,100.369770714932,90.9635826710672,96.343409805204,87.2511466811263,97.1431937790579,98.9527918517216,100.254793721778,97.3488005293892,98.2372693333771,91.5742798204937,95.8288337518841,105.259529299246,94.6510131076778,96.6408944360382,97.8166768058586,103.495985751439,98.1614839112116,93.5669195915098,88.1213334753131,101.251376215117,94.2960687082038,101.519481938089,103.209602660263,99.5382201683964,86.0083808067168,90.6610052153461,103.157886556311,101.737272251592,92.3431239218477,100.656110418158,91.2380122331797,89.639377487531,69.2894421964,90.1912475032891,95.6205029585377,96.7996546900349,100.56621858988,90.7912734248753,99.590239087648,87.590824842237,105.231953529303,97.1599196593637,100.011508940535,94.3508837627847,93.7896094680365,102.442074097471,97.4691410112549,103.156032977796,97.3862154721991,95.3105871006046,94.2328381715749,100.293036793414,91.7621793373503,92.4833009392323,94.7387247613163,94.6453209089925,99.1341583346879,93.1666960166059,104.152307570709,101.199814167183,95.2965838084367,95.6767800881615,100.526157554791,98.6393862402967,89.9342000765906,98.0933392656192,102.520470887097,101.281607842881,92.3100857261161,95.212796164324,82.7473756536936,96.9463275825918,98.4916340736137,102.05503414185,90.8451655088409,97.4630203740942,97.4191352903305,96.7494504451465,96.4614320411033
104.51297744015,72.246168584027,86.880257580635,92.6359024924311,0.0,84.7272982662934,90.125075003227,73.9409276905645,79.501649992092,92.6535572383002,94.7285477043854,91.6802595150425,101.580816908527,101.211010415865,96.5756654173514,88.1966053460719,97.8386423930409,93.0566611997883,97.0655298409154,86.6270776165463,94.8267986412151,98.1436089498753,93.2573678306,91.5384620960163,98.0426831995789,96.0832348288963,88.6564860862476,98.3307352886853,93.5765849168975,93.5114509008757,96.9727087554487,99.4310146764394,102.196093441283,98.0238080615381,85.1715143302399,93.521489370662,98.0161070369477,105.935825055416,103.578151259807,94.1376311132554,96.0229088320401,105.4511369332,99.1585064943048,99.9985403554808,95.7653681169138,96.9916133345076,97.8352494332556,97.0674850746788,104.767074346407,95.1829637737792,83.9301712866793,79.8782674554338,91.395776427116,93.0711640027953,70.5831994912282,98.2499498858957,84.4872884063975,85.3389269343255,87.4633774641839,97.7790336278251,95.0156152679812,93.0616435861182,92.7699184518135,93.9986829849325,88.4893514665098,88.6974036672485,94.7587025961651,93.1732235397151,93.716656530895,91.46900712091,92.0323207277844,99.3401466260573,93.7780947900361,85.692795169387,95.0491812449941,102.72052885002,90.8356973200626,96.3620629807058,94.3314068253805,104.795015157835,105.448060796091,101.854411899795,91.4004668837497,89.5435815350669,92.4259565551837,89.2456727273711,96.0293442099205,93.6250962044627,91.8527367768723,102.566735379949,97.954315899142,92.5868499586372,102.215286869909,103.501051396434,99.3538895347975,96.1567513893726,104.894580647471,101.441813388647,96.6691698255677,98.2085266622007
98.1730208550915,68.9962928417178,71.2376739284708,98.7554803161681,84.7272982662934,0.0,99.7449158554649,81.8748617111483,67.9362681960176,95.9767742432859,95.5271203504099,92.8286513605871,103.230389128886,99.7610135679622,100.839107934087,96.5770133560317,95.5374505151665,85.4001389782659,91.8087581092675,92.2437908040305,100.054584203236,93.77254719434,88.9556241610947,94.2294605933577,105.270641750073,96.5804428436384,98.0467732956082,101.002275218288,93.4943585587981,86.9561149091438,100.325350784378,101.242334927806,100.768325469132,103.810416086549,94.2186094526507,100.298386068034,99.2367185549077,104.343247937422,101.166036781037,91.8581262908209,99.8152835122833,104.955942079259,91.2668644240037,97.7633124428203,102.193324886494,104.956167008964,97.146096297706,104.153851131031,101.962047114003,100.141552067397,93.2497453936616,73.4921341005234,95.6708522032717,92.8076256342646,63.5537137141586,79.0417513879119,87.0999123739506,76.3956898086376,97.4623928504496,90.0951278766159,92.24252449895,101.244821637885,87.7063859857463,98.6389376476,90.532559808545,93.371281335446,92.9255306847121,96.9817003495582,97.8496507191099,96.579846208426,92.340932659238,94.2825211036957,91.8497134240155,89.5251514424712,93.7797582267237,99.8589324378483,98.5031053744318,93.2513649900937,90.5131173408928,102.097327435374,102.128716743009,94.9493870364534,91.271224723896,90.6781274388101,99.8183659110326,91.6489413222162,97.5277641916181,104.240849042827,96.1654028352629,93.4132582084169,100.514680773655,92.4871824360822,100.803727024831,107.685654318123,93.5903349896692,95.7022219608218,102.266826303836,104.681925334309,103.951399191587,100.248624099387
92.2279008265207,84.4747089417926,92.0099691590926,96.6257746405213,90.125075003227,99.7449158554649,0.0,87.2734273553816,91.8563671179868,88.9158662388698,91.1915443547582,82.8077658508071,99.0043141194585,95.3420626752926,86.0842689960652,83.5735777892496,91.1024509940075,89.1513758213699,94.4591054172424,88.7438269818579,75.837125748854,92.1466139479991,91.1731766529242,86.6827822303979,85.9611934105805,92.7937880196759,91.6897429517387,102.390626906846,90.8906148099786,92.2467023998248,100.525356775216,97.8763676075551,102.034443652457,98.1125957872777,91.0127645177042,91.1725488928025,101.665285743954,104.755322611996,102.800537543423,87.0662228754197,93.7763508483015,106.062544571325,90.8921052645235,97.7454038951985,103.567210634353,98.4922312836491,92.0667352459855,100.498216345849,97.6653237688611,93.467114932411,92.70236118253,91.9113046556216,83.6352727503391,92.66078770081,92.5948148735678,89.2908883453359,90.4662122987723,87.0043400548382,93.8473361548247,96.8127050317077,82.1998723334361,92.8756715534328,86.207560609362,95.5761249459448,84.3773983637753,77.1073032951162,75.741530461177,89.2921103169957,96.1027387319669,79.9234727492427,74.2265397248556,94.9802569505451,82.3655814238187,87.4410719017368,74.4423603946862,94.0514136824063,95.1697129540701,83.8964282948886,106.891860990696,94.7565862685352,97.5666357766062,98.1041379037852,87.0560609687262,91.7897545865955,96.9999035073481,94.2373907358467,94.2954301716091,95.3377854700145,90.0254675550122,102.097297222419,98.3187329583169,91.8254130684843,96.4297038924554,104.962223371649,92.7549711163218,94.3323946635621,95.8494734487011,96.3135813458673,95.6287518384027,90.0589890985629
96.4375063064418,55.9329821672164,72.7078009356779,90.6393622886361,73.9409276905645,81.8748617111483,87.2734273553816,0.0,80.7400325128905,96.1525082203551,96.4462553598107,89.7588293216752,96.8207381533879,99.8413287159579,97.8378054652137,82.5866678131762,96.0038513966796,69.6336944108572,91.6243873248824,86.4405065297729,88.9640514360887,90.2862726779454,88.049389316349,89.7403043148508,102.870085588009,93.0252721226056,99.3933510537477,100.106326558246,97.4696065582916,92.5188215890986,104.637303708519,101.968170892518,101.839797618802,97.5233551056763,92.4808691527971,87.5581734139528,100.957201531192,104.468319561353,103.600076224078,92.7649685054209,95.9487656555286,106.395068648026,91.4355228555139,102.222617327784,104.253828183462,98.9479448883652,102.764863103173,104.076085950834,103.335348826495,100.376630087629,90.4969896034268,64.8917599241116,88.0322474618596,91.3975607925956,76.5770089751866,85.5914723360553,55.3636511954177,76.9057176959926,101.053138891281,96.2246839250635,92.529754296586,91.5688164327919,88.977056954099,101.880335779441,92.3818052749509,95.9613155665837,85.0915050891952,97.0318259754349,93.3909092327592,77.7255204363694,94.6473945129563,95.9345445050189,93.6449948814936,81.9512699863241,92.1819606594848,98.3431435273116,88.5674048084876,89.9924559958365,98.1978743341077,101.570522609027,97.6307286628776,92.4990892019627,92.7457686417916,88.1014992911245,97.6131644801087,84.5230464444697,92.9978170582336,95.6385608688956,94.5165999437809,91.9866221834457,102.695861620908,97.7390015168028,103.335024270247,104.25881346103,95.9244413610364,98.6049988081747,105.1060052274,100.165730730742,100.350152832529,102.985980745049
93.2159025625695,84.0391994480921,76.5258670509856,94.7846899092408,79.501649992092,67.9362681960176,91.8563671179868,80.7400325128905,0.0,90.738066705164,86.5684922813616,89.1901034087325,99.8519986333534,99.3820732693895,93.6093979399538,93.2326949177735,91.5375777875056,93.055070101266,95.0814808703684,80.6468820518703,93.7143119650779,95.005117968372,95.9495799434583,93.9617184884448,104.645015462083,88.4376857170044,92.62159543824,94.917634779082,85.9525914438328,92.1807392048862,101.363732948589,102.648022577179,107.818913646922,95.2758400381324,93.9574940446549,89.4897318800604,99.9071006718387,103.31881759932,99.7377665845261,84.3872185911356,103.418662482126,97.8161082328838,85.642502832508,94.9707328114274,103.354851345845,102.07634845023,92.9626312936179,100.17456723898,102.059676829697,99.0004703344835,92.084813237362,79.1732759286653,90.8910110323085,96.1957970705079,60.2182302813316,75.8255619804259,87.2064166798918,68.9803316069698,94.5741336120118,88.1886465464866,96.3131980619171,98.7960689459951,87.513344080569,96.642570277399,79.0523435845017,81.5530573063185,94.2993946139246,95.3199829212767,101.981722428098,91.7677356396094,92.1545056335637,104.302487439665,91.9260299362305,86.5000919190952,92.6838238157658,85.8879369930894,94.2438122508564,90.840070911556,99.1657863518438,98.2455005101391,98.1360344394991,92.1460479562629,97.3798527373762,92.915322629973,94.6478423066193,89.9371557874395,94.2995702745685,93.7237783541592,88.1236794577242,95.2453415006756,97.3267873532606,91.6829694585153,98.2499292872599,104.847114605255,96.9629689738906,98.232876670586,94.6519660316378,94.2462118697978,97.2267077077649,93.7792945608783
105.321961296626,94.9765827725052,97.3686582697404,95.3350093581917,92.6535572383002,95.9767742432859,88.9158662388698,96.1525082203551,90.738066705164,0.0,97.8976475078572,84.9243532860961,98.5181133596843,86.9907047450586,88.6783655343073,98.670197164398,91.363814357935,99.7203940889174,87.2794173730306,95.9302361731511,84.0764243994611,91.1041082781991,91.1738333288761,94.1165460524446,110.452142606583,92.2911103574887,89.9670314318714,83.6266966108726,82.7966703483173,78.3102526621959,93.4655697277888,107.098513264495,95.3331915130806,90.423838889351,93.1944410351914,95.8648525969226,90.915654140394,97.5324079759553,100.629765432946,87.4362336010544,98.98164286601,110.596585735537,101.346564056212,92.023535025044,103.817164500789,98.568469234946,105.231359824058,100.408931438284,106.191320897447,104.45119896297,101.787502910691,89.7186430963208,100.766931593938,103.204826756018,91.133964803348,97.4391866738652,99.670973074002,100.409903267621,70.6567999224621,102.553587827164,86.891596526647,96.6123536003486,90.7350060884816,98.2244684839777,95.8443912539364,91.0832223960929,111.41800008796,91.6518310606513,93.7105833784564,97.2541018936497,83.966853824607,93.3307878785276,79.7360735753708,96.9387658443165,84.8720421099939,99.6355980717469,90.4624053855658,85.550034257662,101.848883508357,109.68467748975,99.0297367000694,104.096019531716,104.703092203479,96.9253638699571,91.5699127349556,95.1458676303788,84.7958717928339,89.825156933544,96.6913477653943,101.53832601999,93.3872220128174,91.7829581199157,100.349478647989,109.77439847787,99.0729509268688,107.388481053985,93.7385107166049,90.3933720004616,106.518365539207,96.0471474152606
101.406349244478,90.2016026517688,90.329149370399,84.5671279485826,94.7285477043854,95.5271203504099,91.1915443547582,96.4462553598107,86.5684922813616,97.8976475078572,0.0,86.928615780523,109.804145790056,101.518767792841,95.9467588060632,92.3628143551294,98.4527362530682,104.660721329295,101.25128017623,98.5335303366919,98.0304972448507,106.016464251941,100.714575882913,92.7639617821982,91.3901412854898,91.0343135999941,100.557201320264,103.20831348743,98.969916039846,96.7948926566754,100.136404454366,95.5677577671639,109.481464170211,105.254407741507,94.9536795726467,100.194621719557,108.153047151983,104.742217785726,98.4180397590586,93.2285277671117,102.295194829432,88.3914000293425,100.375793272171,101.608072046804,112.939187466052,99.4561906536934,105.277570929074,109.402804084444,104.468504653,98.8774621374486,90.0459758717389,92.1856444013575,88.1162938661789,94.2885864656055,93.2537617296905,92.7401418174661,92.1717116425996,96.9898084981757,101.528118060891,79.4239095042846,86.1536089321312,107.839968882684,93.195321086246,101.804163198613,96.6437339463431,93.5585781184822,103.674638867827,95.1070302858763,104.022945722128,98.630420515838,91.5936944560085,102.826538105988,94.8105044339864,91.8702960046419,98.3479874165644,84.0383491700544,98.6758459494581,96.5642773554733,91.8999566682663,95.4538903161044,105.727646563419,101.383378599704,100.711999780042,102.187900726497,108.378199281988,96.9241101892905,99.0510025424055,107.773592762661,93.0728625742991,94.4875900271816,94.7046710428797,94.5852763177127,105.161853365277,93.1549289403169,101.856245583517,99.3291889206763,99.0250194257309,104.919832520413,94.5907532907953,99.7102158030445
94.2902488666774,88.3623674204344,93.7440997975103,91.0234239186837,91.6802595150425,92.8286513605871,82.8077658508071,89.7588293216752,89.1901034087325,84.9243532860961,86.928615780523,0.0,89.8503156124373,86.0260520634278,86.2814810428535,83.389108325974,70.9935080161256,88.3065194519883,85.7035528074887,88.5425845552552,78.7251957364,83.3205022986523,77.1046917348773,72.7475522421113,95.0919627549889,70.4679969447993,85.9920095945357,94.6393870284311,97.0093833464966,88.2351634456129,106.026821893673,94.274142351888,101.838520345635,88.6433271277247,87.8303319140548,92.0848196505367,99.9038967728529,100.612384787041,95.604948412066,80.8306934558525,90.4675128264815,107.447377514254,91.1849465064683,93.7081734750561,102.00953114391,100.760977908202,89.4778412097788,99.5171967806319,101.010186432474,89.7083236387715,97.1990925802428,87.2656749666222,87.6481587256251,85.8788332091983,84.779632659578,85.6752622362017,90.4348405491489,93.0616257943886,96.0248340373732,97.4309187533221,69.2670852729489,80.8933411205928,84.7783370957683,93.1957122465767,87.8780565033169,84.1196659320079,87.888419878075,82.5022615246498,90.4136040660079,87.0442145242352,81.7265878348355,83.6131518072084,88.1739031396265,79.3381398999984,70.7004159659579,78.1615552229341,84.9664113909465,77.2516115353541,102.030593295995,93.5455924870143,82.2591173230803,89.291804026805,98.1215531588841,81.0524723487427,101.328245681923,89.1391821026006,87.8023656144459,92.4015496198118,82.2433780992853,100.949456154187,95.6188592589161,86.453404583892,90.9779567745239,104.679833007335,94.3606165537229,100.240579559141,96.6724707167848,97.9719919346357,93.1294974084416,91.5248559678148
98.2896739738506,99.8570592008271,103.462504378949,109.186964399417,101.580816908527,103.230389128886,99.0043141194585,96.8207381533879,99.8519986333534,98.5181133596843,109.804145790056,89.8503156124373,0.0,85.4027821642748,95.6683396973099,92.7435707853096,86.0864955394879,98.6460608132711,97.3471621049714,93.9980063556434,87.9630005246741,94.058342098613,95.6482406131912,89.5280301353781,102.138884326887,96.5696551906472,85.1422015954871,92.8562250982476,101.802129343921,90.8713112280645,106.504409275122,109.911143155377,98.3402750620872,98.3236373602026,102.580542413847,94.4653527311477,103.563794914562,98.3106354396647,112.693568046689,98.0345004032395,94.1452617666257,124.557097923918,103.134602357223,95.1104953634284,98.6457581284264,100.235199157764,96.6928975228205,93.0547379376887,101.28757293118,96.2366272682112,110.604133510509,96.7859846841634,104.083737190402,96.2070116046977,99.0139497226844,100.586164615353,105.532924672659,106.888159551329,102.743985875755,109.027100481309,84.9813153757359,46.6948676129753,91.2313928983113,102.748389396112,99.8046304139027,93.904595325,94.8523230727543,89.6304004198311,96.5533641040534,93.9684725043597,84.9176427848243,89.2630348856457,94.5082911943235,103.7081849276,77.0678350841788,98.7914525913779,85.0607095292137,94.5012250550767,110.887953252289,104.908514777177,90.0082835437303,96.4732462901813,90.5026957894634,97.2678333235277,99.224581950413,95.0444105438133,99.2756525702531,93.7966951012948,103.04021629487,108.459962139898,102.307955297287,99.4994726962108,107.39434622198,113.108765451438,107.053133452734,103.600570720983,93.6064328225813,94.7218949342835,108.308066378473,104.410301138121
101.969086304402,96.3840835123395,99.2712327407782,102.728370503556,101.211010415865,99.7610135679622,95.3420626752926,99.8413287159579,99.3820732693895,86.9907047450586,101.518767792841,86.0260520634278,85.4027821642748,0.0,81.7225832511761,90.6391949212218,82.9853971303682,104.078113037874,78.6664340082815,99.2226834162782,86.4737010970863,91.329782613884,87.8175239905696,91.7227481429413,104.666302201461,94.2464568141095,93.0410036477328,89.7781525071911,100.981508078649,93.1685462921636,106.509793267661,97.9747191162735,99.608272065114,99.2088226187015,102.951012223495,89.3507097851814,104.347278972717,88.504949435467,105.060258105715,96.7092121241299,95.9647137719713,117.365526802492,94.7699144346132,98.6551177825626,101.923652495336,101.779384582444,94.5468538571852,96.9989400527172,99.3756573746565,93.4362334897229,103.269286236004,95.7935791061499,103.034484242119,96.3372173362374,98.9799248230037,95.576163127731,94.6696882302947,101.840588019576,84.8815358653102,100.297306040902,97.9166800099283,85.9794105955313,91.5193563278252,85.2862567395317,93.6403608285394,88.0545625328474,101.398089608981,85.9543809498104,99.6526733416275,112.521296039795,80.7785310149058,100.554846765324,93.9927403508677,98.5944586067152,83.2653008910685,97.4850052236098,92.9913558036799,90.3668961025711,102.269335540828,104.372577518746,104.022963450422,98.4328788766311,105.301836411591,99.1715366718962,104.766493497355,92.2330708130648,97.5808491923629,93.1606317969172,102.573114753919,95.8099555637293,104.527124096924,81.4869616555736,101.189598504026,100.986620364992,93.7900853205148,98.4573274306333,101.915826260604,106.283083631749,102.957482675348,96.120631300898
99.5973816105266,95.2137784384617,97.8769017458078,101.271890866309,96.5756654173514,100.839107934087,86.0842689960652,97.8378054652137,93.6093979399538,88.6783655343073,95.9467588060632,86.2814810428535,95.6683396973099,81.7225832511761,0.0,92.1948445312203,90.2417172006464,95.0206465340804,88.7394869633625,87.7007099028083,60.8343559873313,86.7491986434356,89.9882936694734,93.5071034999327,102.807320674967,95.5903734952562,91.4866449621186,99.6986539314125,94.9803910881582,93.6921156308522,98.2104506996935,95.1969257470621,100.196062532904,104.793152258195,89.0222701609516,84.8030217976711,96.1335800678105,92.9833065165577,103.869141537117,85.7599210976015,99.2097116543031,104.048299368486,90.9607434631811,96.4285454415433,95.9895237880336,94.7266571309152,86.2109058604907,89.0399342796348,98.0676993825311,87.6041728294441,98.5737299674482,98.855440715336,96.369171184716,99.0870979641439,94.0071472118291,102.431505310894,85.8787819007733,94.1155948434845,90.8658457369632,98.4737136751685,98.6237739091879,93.5443201243808,95.3993184874934,88.6881166399609,90.3330769273008,73.4049980167883,96.8008550299576,84.1570796510904,99.4372431850007,98.7257531508581,85.0269541958748,96.6402784597896,78.0581914480981,92.0332161143067,83.5049511524621,98.5832455838612,98.9745510085189,73.1996581903964,94.4520938294075,95.8997102590459,100.532129467607,102.37697464158,96.3296117913171,102.055804397113,98.1983443056241,94.0864650068289,90.0569638150943,83.1769637048262,98.9981611065543,96.7266777535175,101.094420236755,82.7456612016853,105.547597622327,104.022070403023,89.0544402080221,94.120564230361,96.4618621797333,96.386432973452,91.0077507438835,85.6083001921991
95.9369743740751,81.9147657108191,88.9191456329777,95.9685375852866,88.1966053460719,96.5770133560317,83.5735777892496,82.5866678131762,93.2326949177735,98.670197164398,92.3628143551294,83.389108325974,92.7435707853096,90.6391949212218,92.1948445312203,0.0,93.1989689981799,92.2277599878067,98.0131125348035,97.2963284658333,86.0240957547838,98.8988127736001,89.5367983208001,89.6763293771827,104.510661021805,84.5390698711581,93.2876103257076,97.7294278758117,89.6190558577017,83.9633459590751,103.897778949154,95.0259637040137,96.7599576422113,101.346305530269,98.3644730533806,95.2580935725015,105.811849000078,100.286233925766,101.488064099034,75.0457651331138,99.238081701442,104.12341424014,98.9154587215063,99.1586650892848,105.772357035035,103.984120359901,95.8165306274144,104.291366354082,100.503077453473,95.2282527870698,93.1034222016008,83.7341893547373,78.9816682408832,97.8647702928983,83.7520048535757,93.2939666262022,91.5170528461495,97.0374607349181,102.765254734638,96.0525104429804,94.2475811229543,98.5001791382759,83.0554014858223,94.8446155872812,92.1535854441231,93.9730443400829,100.313548349612,86.8701444027824,97.1705461170067,91.6055124671944,83.914449164959,91.9886088386612,77.9158902173613,89.548654914615,86.1250423142413,91.4370427404827,92.3341701928843,81.9809106387938,103.656897960033,94.5062235918557,98.7699769917241,97.2678967595614,90.1290806058845,94.6950112718157,107.881611457266,93.6326108710771,96.1977746092161,96.6779548125252,92.2692241467742,104.413520782166,104.585712373145,90.4319453375656,100.304440149957,101.999202987567,92.4309642026136,103.285980278631,100.95184360447,98.0974540025205,95.0956963116446,94.8308939211594
104.993529049167,101.922532653869,96.6808952780859,95.135382631969,97.8386423930409,95.5374505151665,91.1024509940075,96.0038513966796,91.5375777875056,91.363814357935,98.4527362530682,70.9935080161256,86.0864955394879,82.9853971303682,90.2417172006464,93.1989689981799,0.0,91.1169748149628,81.1919866477684,91.5028976426357,89.3393292722267,75.7099245612931,86.5714769672153,77.759949431348,92.9117996000003,84.3791890782283,97.5463478314002,94.4628823250829,95.7077595609421,88.924776298311,99.601416443869,104.310063279068,102.29278233717,96.5260128776351,97.5309640421881,88.3867402804463,97.2708892677496,102.545136511782,93.1427778116701,84.4391852069802,88.5916737804239,109.854765444499,88.6744127878455,95.4223000983453,95.5023327358271,97.9530378709862,95.3708778041244,95.3421989358457,95.100284031413,93.1574961813473,100.836672351437,94.2143894609387,99.9216269900279,94.1587987904515,97.2173654916339,97.5551778635434,95.0687245156692,96.4447470007745,90.6321642767147,102.284031280015,74.1696182938263,85.0462582946423,80.5075480825545,88.9546947739874,94.4096769691059,94.879542967655,92.3223388684035,69.4906168760278,79.4060987024735,98.6296947548305,85.8815364121716,82.274064984621,95.2393194147292,94.3079828432854,76.1667015798247,89.8358673056399,85.7153642684573,86.6969784227631,102.929397583618,96.4013262038364,91.4364276389449,94.8184838599872,91.2958932951107,89.7043151090458,95.9517630746012,95.3011948910207,95.0829518772026,95.2276118656979,79.828971755085,96.6899564864509,100.662740715106,96.1415189823795,97.1472744169357,105.443149522373,95.8673413674457,103.125011270191,98.503430176861,94.8898186938924,98.2604414936685,93.1496942784414
105.915047797182,77.0891399814698,90.2648372182221,95.0106264145089,93.0566611997883,85.4001389782659,89.1513758213699,69.6336944108572,93.055070101266,99.7203940889174,104.660721329295,88.3065194519883,98.6460608132711,104.078113037874,95.0206465340804,92.2277599878067,91.1169748149628,0.0,94.1503063556984,86.2669095796969,90.2495292851011,96.9433201869657,91.9523151076434,89.6331999781367,103.28535369498,82.3768364800375,96.8789813703008,102.956315177653,94.9628474780282,100.044890047644,100.878451908851,108.051438216108,104.039265918323,93.3581829072931,88.9188749058576,93.6011151534415,94.0517899730855,104.883726901817,101.131261239352,95.2810083266845,90.7024969665512,111.026727588776,90.3938263273066,97.9349422304324,103.158900455911,99.7505862949548,95.680804528281,99.8646410116484,101.090224133903,98.27090983269,99.9261558885272,91.0679189447324,93.6783325857283,95.1326405303733,96.0009886425784,86.1795790404852,69.2159981989166,89.4993727715884,102.124163425673,99.8324709466638,94.475788904197,87.9105496425501,86.2889767917436,100.700481466384,96.3843882889161,98.4977878347103,77.9110964536782,97.5993396620964,84.5148434857996,71.7185333434269,86.7804866391945,82.744423022097,90.7282944926306,97.5660429042485,89.1566482867569,94.3906045591821,85.0775071096897,92.927827898265,102.83152722583,108.946230710327,92.5048450009923,91.441124908646,93.6712343699068,75.5404352821952,96.6369378317353,87.7910158312392,94.0106994072401,94.169106004391,93.4347121783823,102.170756848167,99.4502299237947,93.7684121198709,111.06334261919,111.977891169882,91.9654287480726,104.830594810652,99.0617059292193,97.8043593918574,106.728972177682,101.110041961134
95.8814517479987,92.2947092869622,91.3132746260532,99.7235937044975,97.0655298409154,91.8087581092675,94.4591054172424,91.6243873248824,95.0814808703684,87.2794173730306,101.25128017623,85.7035528074887,97.3471621049714,78.6664340082815,88.7394869633625,98.0131125348035,81.1919866477684,94.1503063556984,0.0,92.7435732527176,83.759187520405,90.2502814571356,85.061858546653,86.6507971729685,101.786972545335,93.9242410101348,99.0392983362429,91.3889387640091,90.4210661283097,96.5594760193482,98.3193777215197,102.093887559917,100.412931684229,85.9373133404708,85.9805261843492,91.2587077914075,90.0660190917406,100.909594963399,97.1190980496807,89.5358652510892,95.1528926816805,109.8284288018,98.5868121038153,95.1836504301079,102.260855741334,98.0893231676665,97.6919923710541,94.5851193097189,106.203629970496,94.5624249447719,107.36995330696,90.52271792159,100.846637936716,94.2539574178664,99.5682759318615,97.8149713352657,94.3030031589947,102.988681588156,95.3060371413411,101.957430066781,87.9995268683689,92.3279739225974,91.1236637782318,98.0154712941639,95.7736845054312,95.2175465000086,105.679389613931,85.4997066389082,87.9907741265599,99.2196448087129,88.1715227648401,90.704136204581,86.2390199689758,90.1618338273668,86.3858901623492,96.3895493383348,88.3508939231633,88.0579442323202,104.713176278749,104.066637996227,97.6251241747413,93.6923573861582,100.055678347753,90.3603390157992,98.2746485609745,88.5397491756012,82.1009428992975,90.9073564550009,100.303327998767,99.9838580531748,90.2012292747389,100.338395119194,91.0921516618909,105.103688756491,104.588932087759,101.368872079404,94.7752433171466,98.7252639627587,102.487261740664,95.3586553814445
90.7851414273799,87.5725498897983,90.9388322124982,98.6067697800292,86.6270776165463,92.2437908040305,88.7438269818579,86.4405065297729,80.6468820518703,95.9302361731511,98.5335303366919,88.5425845552552,93.9980063556434,99.2226834162782,87.7007099028083,97.2963284658333,91.5028976426357,86.2669095796969,92.7435732527176,0.0,86.2433019856896,85.5992292565826,91.8392755225685,89.9908154055661,101.069197758315,87.6399985173714,80.2381582203772,83.8348210945277,94.8566204823884,91.7318295681424,98.3322530443336,92.207765592898,103.809103074114,94.5195889131112,87.496134283609,78.9815117632114,88.3675587828843,96.2901231060216,99.6852002239173,88.7433551535011,90.3639201774671,108.776749719033,91.1635627339489,94.163090169212,96.2592922375479,94.755460071325,90.6237774887925,89.0183761347238,95.346042464743,91.2379070797877,94.6898791532812,95.565280171488,95.3712963705912,90.5804289681644,81.4779613721152,96.7928478056495,89.6090187426805,95.7613569129942,90.2844401124565,101.153177950808,92.6538836882981,90.9979814774417,91.4925790404292,87.3295733558242,82.4230744243859,79.3220264604639,88.7460499098669,84.5766563060277,97.8214561587502,87.5180243269282,84.3134617876168,90.4892535710384,91.3379892472268,88.0500104425083,84.087824491108,91.9148741222315,90.6162250775729,87.5860731202011,101.857724122367,90.0914223423795,85.676676887274,97.3099958864259,91.9909310545723,85.7127423656172,88.7656277628348,87.0629652029335,88.1316660248,86.69949178515,82.5397650430066,87.9708283317531,97.3350132653405,97.5450263857977,98.868515601298,99.591245041957,95.3803034176818,95.598307177726,82.7285969484659,92.2397130009319,91.7322526493567,94.7135112626725
96.2528260010342,98.2972105531309,94.5849067147474,88.5047255543781,94.8267986412151,100.054584203236,75.837125748854,88.9640514360887,93.7143119650779,84.0764243994611,98.0304972448507,78.7251957364,87.9630005246741,86.4737010970863,60.8343559873313,86.0240957547838,89.3393292722267,90.2495292851011,83.759187520405,86.2433019856896,0.0,87.2578254536121,81.3917784269904,82.0890684343419,103.427841282355,84.2278100125271,91.6324719796115,95.0039762092527,96.6072902550219,86.3079876233081,96.2877696763116,96.3300416344482,95.2205641140711,94.8837819110206,84.5678589964532,93.1857665859294,90.3968367896225,96.2427749931,96.0796320036082,89.6679621400577,95.8371336279684,111.288956676065,88.3779431699745,96.0175814377878,96.9318213015805,97.3975889715213,85.6892352165074,94.5090104493824,98.1636025666695,92.8936798560628,96.4658074022975,93.7216312090457,91.5143827676659,94.7803740224732,89.5822153526663,97.6086650801987,89.0813520595467,98.4249786722647,90.7081362333905,96.4218390073926,90.1781821402864,93.1815594926551,83.8574750747803,86.0421549905186,86.0004126915046,78.0202892173741,95.8799333793642,82.8847197629465,93.445516835608,89.8293924463616,67.1565100622226,87.3868650383367,71.8826176290842,88.537128717824,76.267076327891,97.1820217848183,91.0411495058549,72.6423027052131,99.2959460119992,97.6328254867532,97.6760576955511,97.7837289748841,92.907152743805,96.8919059128744,93.6974245925753,84.9062965173864,93.1065706525029,84.7068784079774,87.7295826401832,102.515783889891,91.8951669306227,89.481868044474,100.11798250251,104.935449451217,91.8638307975106,92.8228018798075,93.4149278250356,97.2711409860723,93.5330191168952,93.4959441980784
101.821358515106,97.7633081627412,91.7621459868605,100.369770714932,98.1436089498753,93.77254719434,92.1466139479991,90.2862726779454,95.005117968372,91.1041082781991,106.016464251941,83.3205022986523,94.058342098613,91.329782613884,86.7491986434356,98.8988127736001,75.7099245612931,96.9433201869657,90.2502814571356,85.5992292565826,87.2578254536121,0.0,89.8300170675768,82.1656269197822,95.9169167368216,86.6042088262388,90.2165321940016,90.8881351655261,92.0127494100377,92.2472547963913,101.404415404912,95.1326043101843,103.689607374811,95.5784102498519,83.1518934398842,89.8503223111069,105.391325818198,91.7818956276609,95.5115693282265,86.9551572841266,90.1965956467338,100.401180127135,85.7315001985184,96.6478757221434,97.4046739607797,94.7764874800343,94.1082405932451,93.4816005994114,86.9279011885458,90.971708816685,96.9876215511093,94.1615485830817,98.1960316577183,91.1739883511989,87.6795318496968,96.5459216800102,96.4116202094468,98.0182686542472,97.4110663868858,102.579411316028,90.9810227011035,89.7893414064079,89.6913369940199,100.138776978736,94.6458457642702,96.6448053793598,100.113892546752,89.4470771170956,87.7730791399199,94.2689250061679,93.2499942771442,86.8605249524926,91.6795069484118,97.8832652482472,89.1952738278693,94.5181801952622,86.6534095940403,95.1372438614223,99.7644891841046,97.2888969555704,91.1738054359414,96.4511393073059,90.5835603839497,91.3926584810537,92.7280426807319,90.8372273100198,92.4167987409077,85.4359939514965,95.7480058682519,89.9909066197936,97.6509521153269,92.9001009212449,90.6893966745543,103.459773451261,89.081076666745,98.3435855154665,89.1160688696154,90.8338593200326,98.8986418724827,92.4758309517803
95.0146252174072,89.1123946747782,86.1006838671209,90.9635826710672,93.2573678306,88.9556241610947,91.1731766529242,88.049389316349,95.9495799434583,91.1738333288761,100.714575882913,77.1046917348773,95.6482406131912,87.8175239905696,89.9882936694734,89.5367983208001,86.5714769672153,91.9523151076434,85.061858546653,91.8392755225685,81.3917784269904,89.8300170675768,0.0,81.9510128391733,94.5677834664424,88.0946767217936,88.2221602643504,89.1012627111838,85.3075793969094,69.6092389659797,108.250006605696,102.0425845034,105.868999670515,91.3205153819491,90.4600856610527,97.872407715736,106.714940593171,102.411919093129,102.121287500349,88.7755343676838,98.3935496189177,112.1048937505,93.9878306518555,95.048987129996,108.360208429263,98.2651064783224,104.376374999129,101.910305769578,102.231747528343,95.8370896623688,98.9626853567496,84.515946185413,89.5956232544659,98.5340870430715,88.80621586162,96.2087302288731,86.1459238747206,96.6383869396758,94.038743645574,94.9622502844825,84.8232184911616,92.2568266227435,96.7085816817954,98.5616494037573,93.0243140793981,90.6625365395006,94.6513003458487,90.7948938255062,99.7752816227911,93.0868052221162,84.638468118297,86.65772688693,76.7654426912792,89.8560870619036,91.0832250699299,91.5736210732288,92.9953214247397,70.6212741858496,102.530592201543,105.617609294849,93.4565257700324,95.1171084251578,99.3179210566635,93.4964118014099,103.382488346976,86.2784565843654,92.5267947425779,96.0678825494071,93.7801974295647,108.260833973865,102.016953413839,91.6116304907098,107.715194423492,109.301551632646,96.1733860159745,95.8814323773077,94.8310080688077,98.87877503144,101.15371246962,102.95834100971
