0,1,2,3,4,5,6,7,8,9,10,11,12,13,14,15,16,17,18,19,20,21,22,23,24,25,26,27,28,29,30,31,32,33,34,35,36,37,38,39,40,41,42,43,44,45,46,47,48,49,50,51,52,53,54,55,56,57,58,59,60,61,62,63,64,65,66,67,68,69,70,71,72,73,74,75,76,77,78,79,80,81,82,83,84,85,86,87,88,89,90,91,92,93,94,95,96,97,98,99
0.0,60.0952776811819,58.7416618545506,65.4454093519636,60.804560566336,57.1310959666832,63.2345088150362,62.3378082975192,65.7793179829329,63.3427659738599,63.1280919200969,60.5324601405878,68.2184135333768,70.2447219047529,73.7794117728656,50.2421927306395,64.4067745930844,60.7347015582541,64.0975584423415,57.917538154726,65.9229546513938,73.2316894717826,65.2951378042658,64.6948176675171,68.8940200495519,66.7151906530196,75.2517158603662,76.2036794270714,63.1592330097905,73.2573399105349,65.8524994457795,65.274335532703,66.9920615882991,64.6785892440618,62.9732160787456,65.0850238599942,65.0709930553869,72.3161998994839,78.631923030763,76.201642611286,71.8195775666837,74.9447548399935,64.3324018292158,70.363663470251,61.1514845617243,82.0134937006204,73.7476698684208,72.789731727653,59.1927334413175,68.8179319056773,60.5964381927119,59.3354582481189,66.7904563512724,63.8410720034158,62.8124331377674,58.5710100398946,61.3160822935629,66.3715747723204,66.0809859397526,62.6655694852333,67.4315772250238,69.0263478053908,72.0699736990216,70.0081102137319,60.5429109684702,73.3310681033619,70.8528564319981,63.9987146560684,63.5093976756749,65.310841414719,61.1011396633629,73.7139992566496,68.4475055222184,73.9952104811797,66.198331531697,65.2319746799394,68.9933990277454,69.1588826707808,67.0696294495508,73.5894939027369,70.8586711251264,68.005626889355,68.1072246323877,66.6076326287626,65.8793728124689,74.1076569541127,69.8547878049896,69.5074738803238,59.9062682602384,75.413383790734,75.7588412610895,68.7745491939921,75.6130731586518,75.0011000515955,72.9842663753988,74.6561122317261,78.9175291257785,79.1031865621172,58.5983490646371,72.5254367337222
60.0952776811819,0.0,64.9043525915924,62.4593234690666,59.9166332884078,62.1865190851644,64.5911086624856,60.990374209638,57.8575518108558,64.8204359196968,67.5055765005172,64.7285405077019,65.0175558176714,66.6570753263782,68.6744976351691,61.0077822378588,62.2364106890721,56.924610793346,56.6736966443964,61.8139725216929,68.2832501645504,61.4332389235434,66.9917932594982,61.7274122254459,66.0166288711595,69.1804509463208,79.41977928295,66.5615549368973,69.1365816047528,73.0638991438562,67.1542366133043,69.513963054985,69.3989992868815,61.5075331246195,59.5786784194488,64.199648847977,70.7771986036143,59.9803395216395,67.3911127480847,68.9763029637917,63.0196447750006,73.1409631492506,67.4495678054492,66.8250844419308,63.7269944645817,75.9808604695089,62.6419797048166,59.4537306598784,61.8319683391027,60.1012355776964,65.9227239666807,44.8217380367653,63.4175256315159,63.0313647040945,56.1629264744823,65.9077668004258,63.0222087069564,59.2112655218607,65.1137273405283,62.0230040568451,60.9760981680591,68.928214943659,72.4513400012705,73.9554768757065,65.3835392008431,74.9178685372967,71.1394770330392,62.8338868248425,66.2776773374662,56.7086646307622,66.5148568074108,72.5861326272622,68.8290550677532,74.5409020372105,63.5749841308065,71.6871089452431,76.2646705484131,64.7442969412193,71.881499324669,67.717217717384,71.9641116227617,70.4972447280288,77.675927406966,62.5086821205449,64.9911238110032,69.3765439718693,70.6064838305778,67.8900191705583,64.8476574603154,70.516116919161,73.009007678126,62.3349217481377,70.504899646063,78.079050295574,73.7138333882655,75.0835127839415,72.3956284100467,72.5565426516632,69.8964780359298,67.3325617891817
58.7416618545506,64.9043525915924,0.0,63.640360114926,61.8295567856104,39.59469559351,48.3138678260941,54.7535995964903,50.0741103667586,67.5352650168185,68.6713670714133,71.4551798960771,66.4659930571935,75.6077859704704,72.970845873553,64.6554038607575,70.6469111168865,61.0039640873091,68.2170561302721,69.0485571430893,65.034325793003,75.9766480484054,74.8053643016623,71.3005794141309,72.4127102826671,71.3395041594354,77.7929733221188,75.2530350442138,70.8791134384967,78.0873236381203,71.7274091738212,78.0722304848498,75.4221344192315,63.6887063426629,68.5881086602994,66.4145034991854,69.4446776480582,71.6522154092705,75.1846820330673,81.5323865512395,72.9614380565889,76.5802561408598,72.0941027809965,69.5379372680289,68.6994727824463,85.7009101947936,71.2528194971231,73.2927942009095,57.6427384194292,74.980500599076,67.9833256713136,48.1094126261381,62.9109096651969,61.7739448755716,44.4534083477197,36.1798878142643,52.3401735714038,49.4784500823667,64.5523554383786,62.8695629469756,71.0633267014171,65.0923873641757,70.7106861331021,75.1264532157096,72.4155989587711,75.4888494530721,66.3843817280665,69.6630300826361,67.2545024256793,64.5454680559366,74.1074910775304,70.8067419572185,77.6685110545646,69.0480699138296,68.5069900352701,70.800059062846,72.1042702736263,75.9572907236849,69.8196278643724,70.4393256900884,75.4242896934668,71.0096330256534,73.9422761774919,68.1432533147044,70.0562142682748,71.2244409995012,69.2964824628827,73.3319528666649,68.6132680748782,79.5779602485397,81.7671286546463,66.7680271458696,75.9727339906525,76.1214388255667,72.0627477840138,74.838611688192,75.5140669844245,87.9162236442889,57.4548728842255,76.9989545617727
65.4454093519636,62.4593234690666,63.640360114926,0.0,57.2400214648376,58.9840074851926,47.3640946755129,35.5598763573951,41.8647548868969,65.4730074607053,68.9064164663957,69.1089020751854,65.9176355583696,71.3546551939414,73.9340213218085,58.8303803196676,70.5201641367713,60.6162836023642,58.7893022541132,56.5233372756491,65.7345866617877,68.8313451913664,74.1156350312371,72.9281127119774,65.5373393039357,73.0451641174851,78.7034348541715,68.7454642500586,67.5991246484999,75.9577257362134,68.7997893104846,69.8985497403617,73.6909834965901,60.6158291002649,61.0210397593919,68.5227821942581,65.8793936756031,69.9912447535554,77.2254368524637,81.406516528956,72.7886683605314,75.711926483981,65.985335042909,76.3499146004549,73.9698418977473,83.1703038541074,62.6513170541611,68.5423217290702,53.1966443296508,76.2430446548155,60.4648904140411,59.4227617068153,56.8531323543405,35.6593088213425,67.7730909229657,57.9681242287531,44.7047112794431,47.2870110622864,64.9913047074989,64.6308160016853,60.5599796220428,65.203872387494,72.3276398328653,71.1396919688621,70.022786516213,75.0416328773786,57.7960867256171,64.674741996603,63.7600431620525,59.6017740746865,66.4201040427904,73.607726426872,69.674646198272,79.5948002187238,60.6924789414279,67.8253082162296,74.7670973583466,73.6214694375335,69.9015449187479,67.3758771541781,63.2319323428145,62.8438070361073,75.0420276944315,58.5606121356674,62.9397452681867,74.3557815867457,74.5274616828429,69.0312929026018,69.7432909560611,75.3263547642327,72.1629653719143,72.7139447110579,76.9785173445663,75.1012967428487,63.4853859918857,79.7557156185634,76.020971794703,79.2970964183264,66.7576131751005,79.3886241281691
60.804560566336,59.9166332884078,61.8295567856104,57.2400214648376,0.0,60.1804219755125,60.0823493706319,58.4449447662021,57.6925582263593,70.6351421236467,65.9482213980168,73.64696652024,71.7309075346358,64.0131404535673,71.3336240203049,60.2450558098032,70.6125058394505,66.6604512295542,59.6461624683851,65.3725828686502,68.3524015253784,67.5247485366314,70.5592421277975,64.8177710703067,62.443106291827,71.2348350361519,73.7906773834441,67.701808828087,73.7718952087179,70.6129441435754,66.7653877322452,63.5519935744024,70.9609925962568,69.3665360745962,61.9810067593653,60.6946505382704,71.23877342691,66.7076094896634,62.1256600044991,69.4489541949312,68.6617422651323,68.9262823789751,65.0259777253426,65.3027989564727,61.8166799856844,75.3919445209835,60.7676719475876,62.5643838651914,60.0462137236593,64.5268544375254,61.4385667470327,62.0597038119521,53.6785124890738,51.007807839742,54.3784446980326,59.4700479220461,53.3497277962836,55.3064234867465,64.6559997620824,65.3289843466567,72.9428831951399,66.7970645881004,67.6590502418937,67.6255149509434,65.9978404855019,71.7579711422598,52.7357539053622,61.2637516508238,61.7820303749978,61.9171122656608,68.9810877257464,68.5002691927221,65.6294549482711,68.8321251086,67.8158668913272,73.3442220879774,75.1449743682005,65.9181372122268,68.824772240082,64.3880870680659,68.1827023317225,64.4937842665675,72.4385475114179,66.2323365301171,68.6882939664886,66.1870937421047,77.4469880878519,66.3360621512263,68.9913006214248,58.7915873933462,67.9499390549969,61.4456275306419,64.9223150889687,72.9188829059184,67.453942244875,74.7677962039508,74.7466007623266,72.3813833469687,60.7775053049842,67.6424222867587
57.1310959666832,62.1865190851644,39.59469559351,58.9840074851926,60.1804219755125,0.0,56.407650043694,60.4063866784408,52.7974972626907,65.8588374967014,51.0171201852507,60.0765949140981,64.9619317903429,66.4693794446472,62.5821778485811,62.346513877627,64.432047779991,62.4446190461815,61.0926970734696,61.7412398231129,60.6694591906255,70.0293439536945,68.8834376366913,64.8152677424078,63.1189689527807,68.3431636703211,78.1747009982907,69.0941995705797,68.9729449877943,73.8332736693988,69.9339307148642,70.8321622850137,69.91398074617,62.8655721628438,63.4124776766065,58.5350394578345,65.2169057207412,69.7715586434784,69.5470597039816,72.0773621846608,65.2191011111528,69.3254525407141,74.1442822729722,70.6265673515894,64.8755754632888,80.5377665305203,69.6502424507895,69.8109252901367,45.824846004428,64.4535419592152,64.1457419463993,55.8239989850153,59.5026914773939,64.5104063946798,48.1194730913554,30.7748254074698,59.8310994140457,54.3581378572446,64.6713881342957,59.3130914405187,66.5260164696883,62.4598483974906,69.8531011310427,71.875491031361,67.4021297457103,69.0359759355589,64.3860339588752,59.5987513528639,62.3499642264818,56.514096265291,65.2179974704842,71.6619299501449,70.4272535955293,64.7996703546562,61.0993539046812,66.5811161836553,73.6549807428796,67.3169942916267,68.0821865834773,67.6338897690109,60.8897501900394,64.5209865238844,74.2041341520263,62.0174877030348,66.7150918670243,72.5975180427134,74.4947221713455,70.8275491870636,59.1521402766084,68.752253496843,73.9272051992525,59.2349499231392,72.6595297705074,70.3289560107139,72.1476564067431,69.7105059937733,81.1419221119579,75.3642516782975,52.6318220282002,70.6464311818275
63.2345088150362,64.5911086624856,48.3138678260941,47.3640946755129,60.0823493706319,56.407650043694,0.0,39.9913036395205,41.7583925668484,70.6520838870401,75.5183054149386,70.9894983430074,65.8837942181193,70.5077344786792,78.3818388198159,59.7951297384772,73.4293825616914,65.3574040790659,63.7190195673875,58.6043679422876,65.9680146212465,75.8098760042934,77.8122768963459,76.3404273191513,69.5526600299597,70.0257299917202,74.7870178173419,70.6116449543271,71.3213424292559,75.4709186901257,72.8245867937497,72.6094633593521,75.0333891154834,61.0694322219291,69.4620483647034,68.5398325713862,72.0149222608152,73.0779643026451,77.1294662328997,82.2187362989026,73.7827938807677,80.7671183242125,74.4996242813701,76.0878302560057,77.7206122277288,83.9484711123927,66.4341811649308,72.127208427982,58.3842558829585,75.0670156447292,56.4013437635226,56.0532643575074,64.5309204621657,50.7927877586471,56.3921935916036,51.5099047658156,47.519146119098,38.9356224133135,63.2212975461709,64.8935557620197,67.922710474117,64.1969739274162,74.7859366553338,69.986154022061,74.5934156513909,78.4608746151836,64.7269209004835,66.164693309794,64.0467374122224,67.4393350296719,73.558057859631,74.6163880178681,68.0622071016558,72.6526503076823,65.1127216852587,69.8152236369861,67.7288625867175,76.7540465242536,72.6526566527715,70.7447960687717,69.3723321438495,69.2136040274215,72.1806506057342,61.7362307858796,63.0164105500472,69.5056366503484,68.7220599569553,72.498015766116,71.3883334989243,73.0243891626587,78.5555857817262,68.7583194151909,72.1987389988231,81.2710352169797,68.1243347710601,72.8592234708434,73.8635036122958,82.6182489863167,65.9957453217554,75.4954203535354
62.3378082975192,60.990374209638,54.7535995964903,35.5598763573951,58.4449447662021,60.4063866784408,39.9913036395205,0.0,40.3501605471933,65.3755498747168,70.7400784554923,71.1992905380614,62.4311627089018,70.3373545991355,74.9998295648348,60.8657288903713,75.5227176480352,59.1670931777921,62.5155691845597,62.2782785670751,66.2056517995551,73.7388887629296,81.9885585054348,71.5022261898419,66.1906752073431,69.5342791441116,79.6404481415716,71.8272115191406,63.9827089138128,77.667549134569,75.3818966054612,72.8122575724474,76.0661773526253,60.8649636256216,61.2274608745091,71.6008461409351,71.637296114335,72.8568733845514,77.4015644177721,82.518520527314,77.396535899417,76.0852941854706,70.4468940609508,77.9615501843486,76.2305260449253,79.0079839794653,70.5108283002892,75.317918629031,55.2291216360669,76.2683558808268,58.8161646901266,47.2500172633952,57.447306827066,39.3466667765249,61.1840051472089,53.023750799113,33.2105579833247,37.5517689586015,59.466541713826,55.7684264292678,56.9554546995842,60.1828675067785,68.0470971370493,67.6608967815562,67.6570997951274,76.0977273325682,62.2656899400212,62.5275687170804,62.7850164672563,58.2873406947779,66.7372503671776,81.8328099274849,70.5666841080513,74.9506402582603,63.9346575053507,66.4565360987629,67.4758069350627,76.9147609666569,74.6005435888559,69.8854823568914,68.2420550032528,65.072041415816,74.2745839152122,52.3250375732104,60.0354893932775,75.4463087363215,73.5392995926532,73.0398707510679,73.6504844912646,78.0555355320092,71.3751455226322,75.2296176379025,79.2831567969471,74.1938119785089,65.1548453417326,72.7480799591639,77.1936524118651,78.0839814689423,66.945760421085,78.538959035793
65.7793179829329,57.8575518108558,50.0741103667586,41.8647548868969,57.6925582263593,52.7974972626907,41.7583925668484,40.3501605471933,0.0,64.0133259157819,65.050403117066,67.1465711960762,57.9048569757345,71.1677539104448,64.4702634154061,67.369247748261,69.7201457891713,59.5041007255452,62.0455737563719,57.0986233248666,59.1685481738258,63.0494463679414,72.532185550001,68.3358066856131,63.0143089812162,66.8992305239885,74.2594941617726,65.7348097143175,63.4934250848358,78.5848553648144,67.2592869120928,68.9995655193943,80.0373834793958,63.1038002744298,67.4736589384306,63.1825678308621,64.6555449922453,68.2056757888274,76.1428652797185,83.1747916194516,74.1557952924802,80.2530667866387,73.244580179997,70.1670083235475,74.6631808662419,82.6845628778737,68.5986842949631,67.5943649657663,57.3655480676869,73.4815043166354,60.4787978691274,53.8235452378173,65.0633537264782,48.4396444099924,56.7447237817133,44.1780990389235,49.040475108417,33.2319631191357,58.8820049422799,59.1169874671483,56.2049119919669,58.5361931369163,70.982373472791,66.3933969346669,69.8861206174304,71.683404300921,65.6706409516551,66.7401088895716,64.462402350301,62.4157540798616,65.2616264807139,82.5385726549941,70.9996342418756,79.7928149280825,62.1298369910605,69.5132062713374,66.8488625517558,68.3071146283139,70.3583610450768,68.0269571097075,69.7076563231266,63.3518514096491,75.5578115245768,58.4282221246642,62.0602642771329,76.3189056487703,72.8638282047549,67.9925519536218,67.0008206544005,72.745391738376,80.3809833001148,69.6508171368288,74.8885436469966,73.5724863163066,63.5574124661855,71.9621295155955,74.7380135580125,80.5981301736794,65.2119623635098,78.8106881710329
63.3427659738599,64.8204359196968,67.5352650168185,65.4730074607053,70.6351421236467,65.8588374967014,70.6520838870401,65.3755498747168,64.0133259157819,0.0,62.857364202801,58.2561547133674,60.7801177890817,67.4176935897245,73.3395770916056,61.40685968416,57.7777887034007,61.8068656841716,67.1010776680445,65.7769908126794,61.7917569420818,71.9697047670419,71.5915763742504,71.6690208900214,62.9600113564155,70.0914718897977,68.4512230506006,69.871677054385,56.8757228834203,72.2727700097053,64.6572888978915,67.1080121298814,74.623002855777,59.8653379775866,64.9335028382873,68.2472528949101,64.1157226654454,72.3967126058479,78.2844266520426,79.4547065631171,71.7301062593111,74.697014406335,72.6337316650302,72.2055780583587,63.9172120517618,76.6624012585688,66.6595261537957,64.6269217183473,57.089636049797,73.2656596674685,67.1773190862787,68.9794898273003,73.5514935142235,69.619211315625,68.0881002132524,66.8401041146504,70.5956222339993,71.6904424920227,50.9693372418971,53.2226115657698,62.0664836533519,60.6079586364992,70.0265489486424,72.7172487109327,72.1298518436227,73.717541017019,77.5310458727487,60.7847179051498,66.0122872743725,63.8817694346239,74.0382990768179,74.4535549745906,70.5569568663042,74.1181760013775,65.2649874213142,64.8557891488735,57.5414342874673,66.9155002724762,63.7039408249166,61.0298564253613,68.4733954877823,61.7993310711873,65.5034609762574,57.8481756518866,58.1615804269781,76.5001529910331,68.3807896374901,65.7303314328752,61.6086622410116,70.3855441089533,81.2280027836474,75.560007854242,76.4358516095663,70.0897960699226,74.0132252787959,61.3399007737797,67.9887116181857,76.159914891606,61.746730554679,74.0983199457619
63.1280919200969,67.5055765005172,68.6713670714133,68.9064164663957,65.9482213980168,51.0171201852507,75.5183054149386,70.7400784554923,65.050403117066,62.857364202801,0.0,55.730065699368,64.8981189327859,68.8042742547162,67.656564936407,62.6226641242399,60.2571426805175,61.099888586266,62.3085894480733,64.8983499191464,66.6147837064063,73.8245987493301,66.6696115326345,60.0879513758792,57.1346417708999,69.7662298101983,72.5680555787261,73.2388902809829,71.7583965181008,71.2233122498066,77.1312154211598,70.000495771154,71.2599864317039,68.1418630687635,73.4043067676383,59.7341214377268,65.547040413602,75.9641838201988,71.485930350163,75.4728487324608,66.6456387230022,74.284791302808,68.2244519898339,69.4526896069472,65.0470906192978,79.2457234214758,72.7282845988173,71.4655498843302,61.8178572099742,71.0557832430784,67.1033703720003,65.7804038396286,66.0215363359494,70.812844210001,63.114073185479,58.1529624174831,70.5905633001011,71.3414373095598,66.1122223400969,67.8099287808929,70.8532617643634,61.2455533519072,64.2549724078668,71.1441419055994,70.9700954930731,69.6276708854553,67.5712798378508,60.4735251632961,64.0044720081195,66.5278966837898,71.0515869688599,74.300842470122,65.5310193461435,70.6868961011644,67.9975577219433,68.3997497943615,76.0817118741702,70.60759623113,68.1897950968888,73.1807273858261,64.8619227904088,67.6454217131545,66.5956093573542,71.0470679944832,71.842029053445,72.1924310740302,71.2700420050177,69.0173388569711,66.5838096798769,73.5143301227481,78.8748012910262,60.0255336786317,68.9922296915246,70.1684068052083,68.420638318637,70.2172993253023,73.720953951569,73.7411257047102,63.5193800384455,73.6011929873737
60.5324601405878,64.7285405077019,71.4551798960771,69.1089020751854,73.64696652024,60.0765949140981,70.9894983430074,71.1992905380614,67.1465711960762,58.2561547133674,55.730065699368,0.0,54.4484587858927,59.1135414226023,67.7285509036906,62.6392877922196,60.807496987054,61.2904625719327,63.6378736446247,64.2882898740709,61.0123100216696,71.0888335030741,65.2785430898232,63.2104627652916,61.6638206266161,59.0267806460404,70.9004275344007,62.268105565794,64.2880965751177,65.5061977283937,66.6205625245755,70.9116367112005,73.7011584781802,62.2164679841542,69.556905120886,67.7956439453861,69.1873890314044,72.4131853281594,73.9117381066696,75.9901589163782,65.0369639198713,75.8775651255095,75.9851227952187,75.3981326581144,66.9419598692154,66.3255411352419,69.9835719723584,66.9631811712187,60.3808375628251,68.4829932106746,62.6287490939358,64.2554110829697,71.4508395120703,74.6427162790708,66.0292495789805,64.5699155809081,72.6864382788512,70.431382357301,61.3296023425751,62.1826925893863,57.8147114671095,59.4450489755515,63.7210858846367,64.0386326844833,67.7745693650067,68.9456520897574,72.5221214766465,68.1248304077772,69.0359214015685,67.6335153820629,67.1341547961882,74.9065931417358,70.4458649896708,75.5003806453205,67.3010484344239,67.8245874267171,60.1853590272897,66.0747944764593,67.7910401216096,73.289924675553,72.5659589598905,64.2869666283673,71.0532903682171,67.4012671182817,73.3684854375741,74.2838147743873,65.1798692277715,63.0579769833811,63.5159854507199,73.9901859106471,75.4847656254905,71.5526704022839,75.1860784445813,77.158360840573,77.2299578187464,65.9860833434962,66.6467606127464,77.4361866118533,61.5113697145966,72.9575562445952
68.2184135333768,65.0175558176714,66.4659930571935,65.9176355583696,71.7309075346358,64.9619317903429,65.8837942181193,62.4311627089018,57.9048569757345,60.7801177890817,64.8981189327859,54.4484587858927,0.0,64.3714376846442,69.8448433231999,65.2585861230531,64.1322674112586,60.1339014550524,71.4839154032514,69.4418776140615,67.2941731093474,74.4016041541099,70.1248262508112,68.7851527995487,60.1263414453299,65.6188112144476,69.6287681405675,67.4983287206495,68.4550431361661,70.6535338157907,71.6769011787,71.764022143666,72.1911235960024,67.9900197241656,67.0883767618228,64.0530894526994,65.543200964879,65.7996434960272,81.4789426761315,79.751354478459,76.16894914145,79.4990072557935,68.4066429607158,73.7498278270709,76.6440379331602,78.0189647500417,74.3578890570235,68.6255724847681,64.413360656973,72.4995061093138,61.725253623407,66.6599112220824,77.2013428677519,69.1670425035928,65.8278214571385,59.7803015362797,68.0010643785323,65.8031617267234,57.1215032693957,56.5706356805188,46.5793872648808,45.41597857174,65.9187886795321,69.6350362883713,72.4795728754273,68.7587917417348,81.7705670056988,70.7489600995485,69.9863342974407,62.446228922848,72.0991144783553,79.3476899303839,76.3967759958847,77.6359302735081,56.6901925455379,64.512651961856,61.5952524266356,58.1787447292775,66.5696852597506,71.1304194198018,70.6300259557914,60.8207247657897,62.6115594163442,62.4092933659721,65.4193891295862,77.064257687873,73.9641194123398,61.3482274622764,62.9384340294914,76.0373915195042,88.964165654977,76.0686176418544,82.7112203380364,73.6681729603628,74.4867328059057,66.7419790487416,71.1986306895818,87.9219037545357,62.8758739549798,76.6432019517265
70.2447219047529,66.6570753263782,75.6077859704704,71.3546551939414,64.0131404535673,66.4693794446472,70.5077344786792,70.3373545991355,71.1677539104448,67.4176935897245,68.8042742547162,59.1135414226023,64.3714376846442,0.0,66.3825476889777,67.8230218265772,64.7322574681009,65.7677137611653,64.4442601170148,69.5924063967377,68.9170053077896,73.3972767442399,64.946928918387,65.6176654883544,69.0197381536616,69.6900906165458,73.6933617605839,70.1249912415536,72.1752207790182,58.1424676526481,68.8543272749956,70.6630704224725,74.8698556272837,73.5091602146365,65.2335307295933,69.1108321948785,68.5227994906927,72.8599398474464,64.9988410648808,71.9258643266521,74.2233969143315,79.1713416835854,79.4719531609766,72.2681129840713,73.5508093533889,73.1319872888547,67.5842276240688,64.1201887802589,63.3292966252108,70.1986425795044,60.1469522366086,71.4326141734878,70.6202688913379,66.520902748029,65.0608849326536,66.9113262024657,73.1959773854324,72.8279631731324,69.5759611888879,70.6010266199744,74.7333554442731,67.9175310258628,69.2687254357499,72.5052414174657,63.987206245183,69.557298557736,78.0883441461188,68.2118820728604,68.9980935136927,69.3444701158645,65.4873631536235,71.051389401,70.4069185984639,74.6548379870937,70.7446887867694,82.4139916465072,73.0122297821134,65.5420816271624,70.147693674972,66.686163110896,76.321592693158,70.623618616293,77.1162100680044,67.2071004152928,71.6465131045905,73.7883275691966,76.0227959907812,72.4423042647575,64.9905128368277,73.1050176141179,68.682700421321,61.005136160605,66.4214867718748,78.425170708928,73.2699606570327,80.1403020419302,74.2439733308781,71.5162982986593,60.9238772604479,72.2734194400257
73.7794117728656,68.6744976351691,72.970845873553,73.9340213218085,71.3336240203049,62.5821778485811,78.3818388198159,74.9998295648348,64.4702634154061,73.3395770916056,67.656564936407,67.7285509036906,69.8448433231999,66.3825476889777,0.0,81.0275607700782,70.9342232037519,71.5426394626101,70.7634605872952,67.8068128263333,60.5579617838331,73.4312322659915,64.3242432197688,68.9701558051017,67.7084367566171,73.2221443807972,72.8265848756817,68.3108447841528,73.211149488754,57.2388813763752,75.6534068640213,67.7033265986681,84.3318367821501,82.1899206821531,74.8253988935043,67.9270504059003,74.7352417451875,68.5343630545261,69.1053385675254,72.9340897324408,75.7682407518564,78.538275626118,78.5917923952263,72.3391854808419,70.9941761918613,75.5569586231871,72.4210472563272,71.8585174059679,70.0395964762816,75.1511689907544,72.2634825922888,75.4476245382079,74.0611683678159,76.8490506081322,67.5114411447844,61.5783735949718,74.0881591762075,65.2479176614156,72.383251716286,69.866957000639,73.7361303740072,70.7535006758258,63.6745426505275,69.9278765259411,64.0043653554139,32.0214599940843,75.1023825564458,76.1476632799604,76.2233326601368,70.2820710555915,61.46307995406,76.2378074592676,68.0723815746919,74.0933274322987,78.6843309745753,71.943181364869,70.4636022136521,65.0606109814348,75.0502869248316,75.1652682601657,80.3612689804822,70.657973019953,77.4668463111103,75.5433579873363,69.4217567722166,68.8503623036938,82.0779451315298,72.227476387392,73.7593816662651,74.9238599757077,67.9401156776457,68.9877377704509,78.069254143501,76.1150761969209,74.8637847318343,75.5182249088001,76.5273237506811,64.7326454122302,71.3113310267788,75.74044091882
50.2421927306395,61.0077822378588,64.6554038607575,58.8303803196676,60.2450558098032,62.346513877627,59.7951297384772,60.8657288903713,67.369247748261,61.40685968416,62.6226641242399,62.6392877922196,65.2585861230531,67.8230218265772,81.0275607700782,0.0,68.2395395173313,60.4195224463663,58.5505503396705,58.9470363807443,67.768058668983,72.6409989105373,68.4799887980941,69.3762578057795,66.9858318396125,64.3052038012274,74.000472279966,74.1792129276542,66.9676051934934,73.8979785655024,70.118812839269,62.9815818760361,55.4961209990107,60.2465447988152,63.6769161053247,56.6223334354214,69.2371865243078,63.2624191637491,75.3462597400491,70.51341633769,68.7573753033231,71.4661895603609,63.8506913180455,74.2281118345076,68.4860218394849,84.8831068399927,64.1587406862989,66.7484879830239,58.6886422060832,68.4091896998436,59.3398444081756,56.6440634695106,66.4784136776166,61.5180432518396,60.249340877044,63.496982202904,59.5642180052835,63.3513512655683,62.2359677631402,59.6083133382478,60.8057111321032,59.4210413276019,71.0130491026261,71.2154831481716,72.7709944209661,82.6301908930241,67.1062124960231,66.4680146312611,60.2516560175316,67.0524132642085,74.521243129632,66.0109819447073,72.4973437895272,72.1223105438812,61.9383547376989,65.0157886484957,73.5862257137967,70.6127372703787,63.3452190820785,69.8916055239438,66.7176562785465,66.9165144355636,66.8736496698307,59.8135425868982,62.4249136367225,72.0204477394756,71.8340209926931,64.937470780054,52.5977719748695,68.0207140248608,73.7128839060436,64.6146679642978,73.3149217619357,73.5903077541684,69.6420707113646,71.0449256969409,81.6093016646081,81.6783829238363,60.5424922588205,73.3699451141499
64.4067745930844,62.2364106890721,70.6469111168865,70.5201641367713,70.6125058394505,64.432047779991,73.4293825616914,75.5227176480352,69.7201457891713,57.7777887034007,60.2571426805175,60.807496987054,64.1322674112586,64.7322574681009,70.9342232037519,68.2395395173313,0.0,69.4650979510474,58.6447592267069,67.2069809636751,67.9248755694701,62.8076872622969,66.2809957835759,70.4779789151296,67.6110027512678,72.9377688013741,70.314489931869,71.8753475879395,67.2475280861843,67.6156531428605,60.0812593559742,62.3637036273784,68.1563634943252,69.6942298400003,72.0490074503132,60.8148704969426,65.6843813454094,69.8955289663442,73.6549603386646,66.3722072495652,62.0049888635387,69.4461220485739,65.9242818722175,67.6924878817196,70.9341841476625,74.9804895905877,64.2005095820464,69.4228574697997,62.3901105608844,68.0658990579811,68.2929889421951,68.6095175800284,72.2699950178118,79.2395696844219,61.1965378553603,69.4966887031722,79.2642199341948,73.7578159218743,70.8303567577011,67.1911689861853,71.3181530865664,70.5759133063235,73.5840121407706,66.3137725336689,72.7418826802879,76.9492096312843,73.6028864584887,67.7290979125875,67.32261976369,74.0948686395252,73.306385897819,63.1314563869078,62.4650192181484,72.4784654258426,66.9437962760341,73.9470631386918,72.0988460950562,65.9330314017501,63.5860943645558,70.5826296533235,70.4737163603976,71.980710569208,73.7269302935022,69.667979875128,65.6054261730074,73.9271062819594,66.5660755764035,66.1586573206821,70.6682152130986,65.884034269244,78.5920566915772,68.0171304341304,70.8417272394358,62.29062472135,68.1649902886478,72.5645719048246,71.8778668028767,72.9740954447926,63.6328571624323,69.3261512079198
60.7347015582541,56.924610793346,61.0039640873091,60.6162836023642,66.6604512295542,62.4446190461815,65.3574040790659,59.1670931777921,59.5041007255452,61.8068656841716,61.099888586266,61.2904625719327,60.1339014550524,65.7677137611653,71.5426394626101,60.4195224463663,69.4650979510474,0.0,66.4238330175373,50.3613034280168,65.3800194856196,72.0414534514328,77.9674925248212,58.1927161194872,68.9072687443342,67.6853088759159,78.4464267284288,76.1196114497563,65.7138444329447,77.276505779757,68.7416644147136,66.6790014069314,67.3210020053397,48.7682768429371,61.8983936096798,66.935541441226,66.0859319954257,64.1012542811036,73.4911514058151,79.2915785989364,75.4889432622463,72.5322360894924,66.8175460364335,75.4551447261927,67.6008274214779,84.2127428263609,72.8619656890657,66.8127858164054,60.8257249638736,71.795547138931,62.9286347185272,51.3962539587125,67.3034203210361,58.9046394713503,59.0265605217663,58.1139061313945,63.7694676829057,61.055285164918,60.0014001061666,58.5078426735604,58.3736787576978,61.8096722198469,73.6514440104968,68.7660967693529,69.3616700102134,73.8630142959318,73.4224570255675,61.3202693022805,63.2562583423797,50.3024213982787,68.489184608353,76.5880213105116,75.0652291993153,78.0753348634077,60.136420828622,60.8324072049827,69.4116019086934,70.6987445520961,61.6937270227796,67.5722795209388,64.6235474229631,60.011033032138,69.0211642965322,57.566513531131,63.943790265762,72.6312263039777,67.8606196172986,62.5727045811619,59.5469271223369,70.6771210837842,79.1773926850188,72.1441672987739,79.0733627475692,74.1839143572695,73.4897452002871,73.2012015143422,73.4024849448455,78.6322906081955,62.5161797697597,77.0636945891438
64.0975584423415,56.6736966443964,68.2170561302721,58.7893022541132,59.6461624683851,61.0926970734696,63.7190195673875,62.5155691845597,62.0455737563719,67.1010776680445,62.3085894480733,63.6378736446247,71.4839154032514,64.4442601170148,70.7634605872952,58.5505503396705,58.6447592267069,66.4238330175373,0.0,61.9316120616131,55.7610027585547,67.7601356995617,70.4442923634846,66.1821246878946,64.6016514978606,73.042071165864,71.9545206181678,68.0133115106812,62.2190749439003,71.0658766364509,73.2259407439721,68.0046607826474,71.3580726036548,58.5935502335418,58.920435022913,56.1285174905168,69.1063385961873,61.5406630032311,66.2760003315525,62.4687886402381,66.4322228226853,77.2621748737186,63.7214735455869,69.5810223735136,67.7630293445483,77.1012729222744,64.4929355180974,62.4686813920456,57.8969579590146,67.6710316967562,62.6862846838219,63.5033454952022,66.0655903285832,62.2390156707527,55.5076721365358,59.6336165195818,66.6548634531755,60.2992866818096,61.2027668512277,65.4180304578655,71.2445128413638,69.4518537865028,68.6194060895988,72.4984571994687,64.5775734066955,75.8116500639209,66.814721204345,51.6569835887459,53.0515011190317,61.0045415036492,66.3852857227169,68.8578509380019,59.9504889033664,68.5864431968926,68.0496215665633,74.4534643712059,68.271341798385,69.2080285652544,69.4403342689641,64.5707606029128,67.1449938746566,65.3224522955677,75.7261205562516,64.1177896862711,59.3965690720296,63.7734649494898,69.7871830222386,72.1144899059921,61.7401336377147,68.2487582138549,71.395472111987,62.1044709679874,73.673041350267,75.7329397221576,61.6042031959225,67.8054540249683,71.0521426061055,73.7890918385153,58.2299759659601,73.9309923997209
57.917538154726,61.8139725216929,69.0485571430893,56.5233372756491,65.3725828686502,61.7412398231129,58.6043679422876,62.2782785670751,57.0986233248666,65.7769908126794,64.8983499191464,64.2882898740709,69.4418776140615,69.5924063967377,67.8068128263333,58.9470363807443,67.2069809636751,50.3613034280168,61.9316120616131,0.0,60.5694536352521,70.7141947710812,73.7299605978133,72.1790458474893,66.8815769179078,71.5600895726092,79.4032291332587,73.8652346711978,60.9137675005816,75.534113040458,71.9971841829319,73.6810072505922,73.1524219824211,58.5049506220793,66.465922512738,63.3447448401019,57.8962268577084,72.0174470599514,76.7836443654268,86.9784653593843,74.8209869361047,82.8533139491723,65.287667737356,73.7742183931446,77.7369443590308,78.4298224062413,67.2905625773838,72.9317133485063,57.0320657002618,77.4525345687457,61.2815869051838,63.195281717383,66.4397747275228,60.3674582530588,64.3226833407417,60.6356043410432,66.4163739777242,55.880382654359,62.803274808604,59.07266979434,63.8590486049508,66.0813132032267,71.4093947347632,69.241920467272,65.0256417794303,71.9342639011232,71.4638975935556,63.9520097239086,62.0669866998359,61.0216528374555,57.2084071915668,71.4979728614709,68.1681373202818,79.4600995121123,61.5048020357957,63.4558069900154,62.5972848998767,67.3555155107466,67.6092786089148,69.2498597327072,68.9677408541654,63.0362927329081,71.0587682240655,61.6117823371668,64.9314002749134,75.7551455108009,76.1848368641296,66.9129715577367,60.6718710733639,77.099751760427,76.6981418600193,66.5392621017823,75.496167417698,75.9010135803388,67.4510170306711,79.5356479609215,75.954231399301,77.2312699869195,67.0317378459797,75.2309127219119
65.9229546513938,68.2832501645504,65.034325793003,65.7345866617877,68.3524015253784,60.6694591906255,65.9680146212465,66.2056517995551,59.1685481738258,61.7917569420818,66.6147837064063,61.0123100216696,67.2941731093474,68.9170053077896,60.5579617838331,67.768058668983,67.9248755694701,65.3800194856196,55.7610027585547,60.5694536352521,0.0,67.5911405616244,66.0802718526367,62.7821289190014,68.5499259319769,73.5616769239224,74.1460248964376,66.6977664679873,48.1764523894894,70.6321074577877,66.3011445426218,71.0501013339331,66.6660606989122,61.3921301515306,68.2999484808358,68.5634584234496,66.2061204347582,63.8163099680176,71.9295291166759,72.8134011068688,71.4220387987512,75.0371640466406,68.8388602710539,70.6479604952903,64.9317509477641,69.9980265769463,72.4369646403749,65.7017555391771,64.821449757559,75.1073852305517,65.2476237039627,65.4470724441219,63.7235268225957,71.6852634872487,61.163827518531,56.3103952223837,66.4428278839133,60.7570924567106,61.5789363825564,62.0575177601407,63.6899434680249,59.8548148154435,64.1531813518424,63.077712234264,57.3336720195632,63.3834428452192,77.923700591964,66.1700425270736,65.0790676515726,64.3034919828862,51.9338619962784,67.6036386473697,65.1140952142131,73.6258345748298,67.8988292284212,65.8174486902231,52.5488985053907,63.5838626020819,71.9599853875412,64.4957523183523,67.7734627377739,55.4919778970057,74.7235907598777,65.199692455677,69.2019631089865,72.8382711069512,66.8575404251935,66.261648352996,66.1965085472566,76.5931026533043,69.7272469960523,68.0573445642357,72.9514431672497,68.7286854444587,63.092456394289,68.574026046606,66.0482361079543,72.1531067460636,66.147444865262,77.1492197093412
73.2316894717826,61.4332389235434,75.9766480484054,68.8313451913664,67.5247485366314,70.0293439536945,75.8098760042934,73.7388887629296,63.0494463679414,71.9697047670419,73.8245987493301,71.0888335030741,74.4016041541099,73.3972767442399,73.4312322659915,72.6409989105373,62.8076872622969,72.0414534514328,67.7601356995617,70.7141947710812,67.5911405616244,0.0,62.0534492346307,70.2140551679473,72.3662662615286,69.6266707257582,75.5443005865628,64.1884580084292,68.4643766804315,69.3812585517279,64.6228253107583,73.5564029825794,68.9176952275616,69.2848425211754,68.2280986286972,67.2779647117618,72.5344366501689,67.3012449654142,65.3602327642526,78.1925616051386,66.0671566653437,76.2503910182137,70.3937266028406,63.578586736421,67.1411578020062,71.8004244177234,66.3807557199149,63.2100894948527,72.352386745461,70.1272571622152,70.4490351613302,71.258182693426,68.6559850377925,68.7474877845943,71.4708484676769,70.5315201942531,75.4291724500032,72.117617984608,74.3629597013381,70.529293823161,75.6671632861067,74.0909036480723,77.0107214864799,75.7977380087976,70.8737255698963,74.9314608511055,74.339218538011,68.6786469895379,76.1448398370609,76.8827145931209,75.9957992942668,73.193053052458,74.7361211416248,72.4529926479385,66.5254052207611,72.7243805419437,76.0132504950453,64.2187080966859,66.8953738686814,64.7763215561921,79.6608545414265,73.7983005527415,70.2949140409238,63.1630243540086,62.6363773254667,68.4309656476431,73.8612632524069,62.7455920194678,68.0392517957307,69.9486943762749,62.8566477426548,65.6477576455076,74.3045110349396,73.0445816673792,64.4905956875099,77.0418906411272,67.7026281486185,74.06092240657,71.7751227293292,67.4580793170136
65.2951378042658,66.9917932594982,74.8053643016623,74.1156350312371,70.5592421277975,68.8834376366913,77.8122768963459,81.9885585054348,72.532185550001,71.5915763742504,66.6696115326345,65.2785430898232,70.1248262508112,64.946928918387,64.3242432197688,68.4799887980941,66.2809957835759,77.9674925248212,70.4442923634846,73.7299605978133,66.0802718526367,62.0534492346307,0.0,68.1002409575149,69.9194659631119,68.7617304185258,59.585779215952,55.2740937647662,72.5854920477455,49.0629226438135,66.4695191706501,65.8020593850644,73.0435715647211,77.5551660332765,65.2669202209318,62.8990643711838,74.6430816193599,69.3636202122814,70.9954359309848,64.1008407907633,70.3339150923673,71.8138420719081,70.4132283338483,62.5072498378469,59.7396130490777,63.1163882185765,65.3090347243631,55.4953067587288,67.3007783712218,69.1410086336948,67.1997508625919,75.9542630244843,73.4738659702017,78.6370736208687,65.9556600429991,74.9574105401268,74.7766523084913,74.7719444554764,69.4466241628987,68.4966815072171,72.2790552517963,66.4031571623625,69.5471272695892,73.685464978769,70.6065274221014,66.4037275749649,76.2793919388692,72.4406719040904,75.344659982804,74.0279046227137,73.4364723144061,70.9477362676875,66.5952247610945,75.9250368777756,71.2329893051175,73.0023481772852,70.2896417982009,53.002789340935,65.1223121639919,73.8782241219859,73.4605636706459,73.4483692665874,72.0708410555274,66.3068473197557,63.087164988092,68.7600604108169,71.3758224625555,55.062024034351,68.3754884829133,67.9801910915246,66.582112120666,64.8516220568341,69.4096005432157,71.6370032877588,66.8100806558854,67.4345464706798,59.0458727774471,60.5726194247498,70.7252899608306,68.683464836477
