0,1,2,3,4,5,6,7,8,9,10,11,12,13,14,15,16,17,18,19,20,21,22,23,24,25,26,27,28,29,30,31,32,33,34,35,36,37,38,39,40,41,42,43,44,45,46,47,48,49,50,51,52,53,54,55,56,57,58,59,60,61,62,63,64,65,66,67,68,69,70,71,72,73,74,75,76,77,78,79,80,81,82,83,84,85,86,87,88,89,90,91,92,93,94,95,96,97,98,99
0.0,94.3901444485869,102.45457642257,88.6727539843747,95.8588517385489,101.189329616359,104.217759127042,102.630407496157,94.1580064449673,104.241234762385,92.7919272932319,98.1907460272641,104.111644693777,96.7427799807641,105.424824878531,89.6359179023654,102.060886156847,99.6538188416212,97.222238921568,93.2255498968155,106.661770728103,104.452507576128,98.5624520953699,91.5055929562807,92.5463879720971,100.769626467321,88.7483828717042,99.7491834022071,98.1784204225713,92.9783067714279,99.3028452405163,94.1259334463713,97.4225405924599,89.509308801077,99.8559227690066,91.5566225540401,91.6799830142114,90.2247631621259,90.9291228959268,97.7851712156964,88.3785325160488,98.5557638459191,95.9887457351748,92.9512598593038,90.3339902363471,92.4320101126194,94.9900839187386,96.1183983631945,90.8791302745937,87.8004192159368,86.6515624077379,99.6799600771337,101.039633125653,102.815543308785,95.5771980623558,91.287328949945,105.702772172634,101.54177726858,95.7683616705853,94.1090948715236,104.650685926659,102.631133271644,96.721218553529,99.6628055879121,106.735813591624,98.5858734797783,95.1737685950456,105.946921720644,100.498717580918,98.5700611287711,91.6610748325631,99.1479853163231,91.7483098435357,100.104722103633,97.3040093142197,100.173621078142,98.4024330856541,95.8228047003711,97.5562452984078,103.666384992521,90.0003919976066,89.0481447029704,98.7977659544678,93.3118097534714,94.4797864420731,94.9662046800174,89.7386301468136,89.1116856900886,91.5507672683184,99.4872157984575,98.7546871580392,97.4326848325198,94.6604914025657,100.018086207154,98.3489602252807,88.012254192525,99.2306670048616,96.940897892307,90.5410202335461,87.5687252319012
94.3901444485869,0.0,79.3803102211852,90.2694562631381,87.6302528503503,81.4069207202552,76.4866351332336,61.5908749218186,75.4420864826727,89.5815041478854,86.5749803976789,86.4248383698497,87.1253310540615,90.0191952032731,86.1872767339565,89.0800506726482,91.3319656999901,85.6305296032767,93.5957177511356,98.6798872178665,94.527601409784,88.3753754492559,93.0067590848099,88.1890518386261,101.491173075616,97.5651866389549,84.4970083146481,87.6100410393024,90.619450981022,87.1819255832195,99.0708405794414,101.987557121591,94.1611027604924,92.2598508541773,88.2469307740538,108.787978014644,94.2578132586863,86.2009677966323,82.8661375468225,76.9781373684802,92.3934551214388,94.3937490523901,90.8016064556954,99.4459496049607,101.140310183403,96.3685471193442,88.9596720964488,86.9919730034657,89.8577278599981,107.128174245169,89.3915258223996,74.8400837296704,62.1596492255592,84.0950354297296,78.3551143809964,86.5625533201048,68.4479307043559,66.0660776391275,94.8847260395255,96.7478309823623,102.837467142733,100.456736463381,88.9946046519565,85.5650148676307,94.2939633935906,84.2089000620022,91.7930020753332,94.8104739866785,87.1096103183364,87.3743143894403,87.9197632919019,90.7949965146405,87.8779963220201,89.9641544398651,93.0114690380006,99.7219239520428,92.1051925943282,85.1002601233651,97.7711873020566,102.800389645898,91.2387809632277,97.8966646719542,96.0590348570769,88.5614995678497,92.6444958855761,93.0365419921664,98.0780832220067,97.832957252886,98.2667687133665,89.0347447712288,97.8878124270743,102.031904584616,95.0818465290648,107.732647814401,101.247518829954,103.985377022569,98.1857818047116,95.1820627734045,100.819046600201,106.40355573897
102.45457642257,79.3803102211852,0.0,91.4794574173841,100.864056469877,77.0695398402492,79.6284739086977,75.1794350655813,77.9436143171963,88.9697474298278,91.9378323597932,92.1288105791984,86.2266217059047,84.3848786174292,95.0670941123292,84.2627567680761,100.120751761926,85.8487559744419,95.4596448539655,106.262881331086,92.9816787785624,90.3130927648276,86.5402691296844,93.1677532454649,95.5474722244258,107.959632824904,98.0310631370974,85.8573106333175,90.8592017802314,90.8910542589958,93.5632203066342,100.442549001426,98.7443780609809,91.2310916267824,88.1766481444984,112.570690254851,98.7566099273088,94.0923589757632,90.1432043791575,86.5737922225368,98.6438699372533,94.9939611233598,88.8859578470691,102.723835277927,95.6302370636704,103.386411666863,96.517702798078,90.6814098721065,95.4364924983058,112.388057978037,89.6351099253103,83.116205521136,73.5268194416288,90.4445735426794,85.7681040932363,75.2836308754878,78.7541200439189,77.9575152642439,98.1829581839853,92.6858334617412,103.921117630147,99.9058263157139,89.3151538964349,86.3363063677536,93.2151025094627,91.3658673496473,89.4893335173274,95.6767260913209,87.5265050235754,94.2544506478263,97.7126144731956,89.0439676912294,87.0042342667347,99.3737248456695,98.5907773267316,101.020368247476,102.488126099852,91.795442251992,101.592923116557,102.30761174659,95.2547527872443,104.496856868518,95.1805199325349,88.0772222981812,91.6154666619864,99.112100654378,94.2684556297949,99.0135761889348,103.252029006593,94.3485068011044,100.389015518476,108.993578073141,93.1106740343117,105.263315225099,103.358035299832,108.061427379285,97.8829271826598,95.6614505044701,102.520373645379,109.510154777246
88.6727539843747,90.2694562631381,91.4794574173841,0.0,94.9456553434652,95.4100815629461,99.7213605883644,90.3885043705678,96.9632382163118,97.4903883563411,99.7699866541928,90.4370866852374,98.9595850726048,89.7903546619319,99.5853007373682,84.1259343568608,100.080682906845,92.9041969900006,96.1119747727152,92.7899868110742,91.9718662319816,100.778705694157,87.5694583733247,96.0375219466517,97.9935779960702,99.8773033497734,93.5014522881206,101.051393739788,91.5028161573789,98.9004230828221,98.3261924389184,89.5702885551007,90.1327814484409,93.3807800951601,101.090570500636,99.7398095251696,97.2924405094692,94.5962156161469,89.0951103725939,100.925004293691,93.1181666330644,103.686853793152,101.144846520631,100.263527544155,96.2846803546058,91.4106439313071,95.6156385836993,93.344390209842,95.6759763664281,103.815882717923,86.4369751856525,96.0493013120008,98.8121950237459,97.5454246143441,88.8461602077518,86.1279736078977,87.0674840897102,93.3596190683459,94.2774788109014,93.1904422377219,96.3866408353134,97.8524210797265,92.1257398859596,90.9674483937992,96.7048149120335,88.0496000324903,93.4146011940113,96.2853109691331,95.4812212388345,91.3670487060701,82.0310327330465,97.0471896660081,93.4903581216805,94.0351618215166,98.9580405987971,96.804535899389,98.723192979565,93.1469042562527,97.9088106638762,95.1169009484164,93.2193405016977,89.2436824600461,86.3922922672601,98.4811536397366,88.3884619749867,91.8444242773179,96.5279755664781,93.9718317857302,97.5206919930127,89.9801610515644,96.6207341959245,93.2310938165563,84.8379277976619,101.411029709882,102.938618696743,110.866242212839,97.38879539537,91.967863956351,94.9010421335708,98.7171807768517
95.8588517385489,87.6302528503503,100.864056469877,94.9456553434652,0.0,95.1820432322052,87.6512655137304,92.5829587847378,89.16602328329,95.478063202393,89.9994885225598,91.6317871848996,99.2070135311873,97.0316234110408,91.929709674283,83.6729262815063,83.9297949268919,84.7947758743242,97.7106992339923,100.373222778965,99.7147197473201,92.109124612244,92.0072576097621,88.7011123044811,95.7718376736439,95.1189069713279,99.0364812260645,93.1130705570439,96.9193598010652,93.624325220658,98.134126631518,100.957128633005,86.392200481627,78.2695980924914,88.2417290947758,102.857741553367,99.7350150260787,94.4269435615967,89.3698512586128,86.3041958271419,90.0756564256418,97.5145677997635,90.4298425302467,104.19867432138,99.926874745244,94.9861569979889,95.8483449283423,99.2638028272783,98.872510301852,104.521288765008,96.4686917670259,95.3926432779322,93.1141328399385,77.9863474720172,85.5835649016148,95.144923356686,92.1137800587332,93.9233867128533,92.3855320862782,94.8861541684029,103.050755267316,99.7147033034119,96.2434406202445,101.124092173291,98.1973980834884,98.2584369092266,83.0267496622456,97.954640646678,91.3898405569644,89.0741835322327,92.1997867420832,93.5520502382752,90.8417047054363,98.0166704449468,97.1763401862729,101.806371689347,87.7704803800643,97.3998989146858,100.461965036643,106.959891037721,91.7526641750031,91.7649437047395,96.0515183943385,94.794751324363,86.6464615318004,97.0592426924724,93.307297874348,97.3961508860995,93.9475195844073,107.37209507722,94.2448629368812,95.5382870982048,97.7253598732409,98.321615762471,103.93504767363,110.494902734707,98.8548023061664,97.7772978289944,100.833533893445,103.231659108032
101.189329616359,81.4069207202552,77.0695398402492,95.4100815629461,95.1820432322052,0.0,78.5267132154694,81.6909535056988,65.7023182407272,82.6597796684026,90.635055525089,82.9629073577603,76.4143716074011,89.1669648238154,81.6761889109573,88.1709637517961,93.6573138828331,87.3920709213784,91.2973201614043,102.438140944846,94.9208835118982,90.8152384811213,86.4713733379579,84.5822578277925,99.4880065196286,95.9533955863879,91.7918014821113,82.8154059823626,91.3926297898049,99.3240587127689,105.730840471768,106.213055880148,96.8154407723822,85.6264469034857,91.7924359025657,110.802399669937,96.77551132787,98.4419752366723,89.7290466782727,86.214359025591,91.7281669506893,96.8363226746784,81.6833163524709,109.827855331917,104.182955196654,103.481715187021,97.4609483948919,88.0193593350427,91.7865021005355,109.552096278395,96.5495878187309,87.6269713492085,82.8951410133066,89.895404427525,77.3825368054056,72.0615011225795,81.1224703343568,78.1623708102506,97.0284238202403,93.9216132688942,101.025096522025,93.2173215307757,95.0081648584447,85.9289700062744,82.6107204192559,83.8316581144237,97.5446493619239,92.504862510493,89.3774125333561,91.2380885463973,91.3786971558844,89.4386088194853,88.3182370721115,98.9338841521332,99.4708903673509,98.0659683896772,94.7022798787997,91.6552080085341,104.039103122499,98.665991672826,92.3257875294385,100.661612338484,95.5121178635399,94.2051786421364,93.9219460889022,95.7935820527722,96.7449381731279,100.618095910357,99.7304695564492,89.3936973867273,95.751075661712,104.037723965281,87.5573620272899,111.728672203135,99.6286533926388,104.891472688647,101.97586078753,98.4068519054073,100.394822288709,106.003348087939
104.217759127042,76.4866351332336,79.6284739086977,99.7213605883644,87.6512655137304,78.5267132154694,0.0,76.910215745583,80.8115560838622,84.804633030791,85.6915973802342,84.6502753711637,90.8934871838881,84.5509705543824,81.7067999249364,85.2239491342626,93.2624282793464,90.6421570635919,87.6828058604622,102.69223207856,99.0173758160461,85.6149615192924,89.2348207726443,93.8680747096702,99.3520526787928,99.0991893371843,97.5022367908451,85.0773238658696,91.360926188962,89.7720058273434,105.465452487994,107.155571411088,98.1604562398956,94.3047735365705,86.4696808165675,106.919787666048,99.7838233296674,94.9329283398661,89.895266634373,74.4817539548966,88.4149904721574,97.4159779608765,92.5552769795595,109.375272300493,100.996823037185,98.7973462910276,101.635472961809,94.2616165690898,99.6084200974072,109.725523977317,98.409957994741,78.0277526383467,77.0808642987078,80.5104457611925,85.2852300221051,91.9755872843472,73.7038040939527,80.311779581023,93.7480690016245,88.8929711753443,98.7443578129174,91.8048837822238,92.5825391047911,89.0014114563008,86.0390361102143,89.225055066703,89.4677354629402,94.9528496579701,95.1905533716007,92.8926763048975,86.5967710111587,94.292721592952,92.1225968959678,94.9541865110154,96.8708076099159,102.007313439072,87.140933712625,92.4920522215396,99.0125648276236,100.556778454544,94.5709884819978,95.1572740270123,100.947458185316,89.3712604734416,93.4461514888779,98.0310751649756,98.3825702606184,100.387282868251,95.9273688364395,90.5218920215426,96.6322197504481,108.393612957231,86.9756675626135,102.556483938659,102.679797551969,112.929294572557,104.718159991837,102.609891868591,101.575216521165,105.685808875122
102.630407496157,61.5908749218186,75.1794350655813,90.3885043705678,92.5829587847378,81.6909535056988,76.910215745583,0.0,79.0954718939649,93.1725491034082,90.6648559566278,84.8616361005244,88.851075549802,87.4735333897938,78.3144911118821,93.1942446643943,98.4100377655615,88.4609147777063,96.7505960679361,98.2837038882989,91.0033591498688,87.8418823741566,91.9668999396472,88.6573655698403,101.661528057921,102.982367076996,86.6340644820176,93.0076430307993,86.4535334318945,85.6358360932071,101.734770145812,103.48576035127,98.3813700926845,92.574310974978,84.7458827095928,108.052375204338,97.4098466354708,90.7679785441391,85.3034633379152,80.9210690826981,92.497827506693,92.5620713190932,90.3434917988549,106.951390936084,98.1177267224099,96.7013374933664,98.3386467709313,89.0578077936078,89.3058567484906,106.684544308095,95.1884099799225,77.7094203453982,68.8574070763432,79.2350580608606,85.2892807616517,86.9529094624685,60.9106197021126,64.0752447377879,99.1584558865014,97.5940683669212,101.951822330931,98.6012697673157,90.717940179454,86.0321609349849,86.2276015429592,78.9550726518674,87.6167835795279,94.1869329420331,89.1881947268108,88.2493356469096,83.6186210097136,89.1859416184723,83.3474028670547,95.1272390831535,93.6540346150658,97.3893154925395,90.9594160254837,79.1315252966217,101.414175299659,96.045077844046,93.8355338595853,105.468760334559,93.4371895409993,88.8179043970124,87.9968885816067,99.8158691569884,101.930145661941,95.5658583503848,97.4857056974959,97.03964256986,98.4654546193183,103.612144611461,97.6827504004602,110.226537369746,98.7503162380302,108.926654129848,101.211061995532,95.8506120078413,100.258410453879,104.777795055919
94.1580064449673,75.4420864826727,77.9436143171963,96.9632382163118,89.16602328329,65.7023182407272,80.8115560838622,79.0954718939649,0.0,82.457316831645,84.2412579141442,82.3813070950228,87.5793240958721,83.8837224769641,85.3327517626044,87.1774439708043,87.0866127735478,82.7497745476992,86.5719278190475,103.198080953794,93.3077165357491,89.3109457742995,85.7154612527074,80.1589916862456,97.9024140690602,97.2753607688419,88.1411578355719,85.5544950644775,87.7054846186691,88.9242831862339,99.5755008950714,103.695164790409,97.7332275521902,74.7217927189705,87.4660674996368,104.809238743429,92.4298995518934,87.6340334793248,77.3379558813208,73.9985474518212,94.2281540374218,96.1686561624328,85.7388266593459,105.366055632961,103.474098545839,98.8746842326819,91.5979738069901,93.8336718706713,85.5420826238643,109.568479029185,90.8182378390906,81.936942611093,78.3616779236696,85.5140334278482,70.0876192322157,77.6112322173643,81.6788116716737,60.675804781767,94.729454570797,95.8779119697883,99.6574354913374,101.226347505569,94.5146225374187,86.3076149161334,89.8643142047276,86.5999303924598,89.337154740988,90.4115338182084,82.5718977536937,90.2163822338061,89.2917875500098,92.2956388941643,90.5714514391328,84.0497156286782,94.3041255496773,95.7007190615295,93.6311574988888,90.6894292931778,99.7278375169287,96.6042510302819,87.8975154692802,97.6969332557208,95.9190882100024,97.4842532598716,93.3656669424166,90.3059590523001,94.520150322482,98.9972088322857,98.2126584140853,86.6206459738129,99.4959239829666,100.738024623114,90.2140499467082,105.312336260444,96.2457464447473,106.884608248703,101.995787860162,97.2422415728506,99.5183391835343,105.934906861503
104.241234762385,89.5815041478854,88.9697474298278,97.4903883563411,95.478063202393,82.6597796684026,84.804633030791,93.1725491034082,82.457316831645,0.0,73.5307963351776,64.8014105416395,91.6270001470845,92.5601552708773,87.1137440247189,92.4758638189477,88.1957662512747,90.3333199255478,96.5798045055972,96.843230247102,104.183309834304,75.9281711230233,94.0496475888304,91.1769066008624,88.4959324007823,91.9436502662285,92.2975880483792,90.2922272226296,92.3575622803902,86.5741470274297,105.717489385089,94.5224062889038,95.5944096368521,91.3249837787231,79.8418867764875,98.7637307222983,93.2498769629345,89.5955970534624,89.1115777216977,79.5402874401774,95.5409337330356,92.9585184178557,73.4509373003843,109.719435345732,98.4489244019986,92.3322643421237,87.2955426896094,93.926431505156,93.8407178658439,105.343776825552,99.482807648688,98.4989059203645,90.6494310278897,92.6430233785579,84.1512543318567,88.2909680168849,79.0523824503754,91.3453924472408,86.5785980358376,90.0180273689344,94.437860442932,100.07353122862,93.2256485981713,99.5419342579229,96.7714761081005,87.0362024469097,88.6432844193441,98.3605259806083,95.6205581095896,91.0383985250788,96.2394148900347,88.1532190821665,94.9289615183923,90.927605112602,96.56696366139,98.3968328458043,95.8223927828681,88.9247762541648,104.29908810414,104.263386191633,91.9285755167999,94.3006379897646,97.2071652305076,94.9764585812882,95.1269122985502,99.0692440905185,93.5452096472888,95.7484927730192,92.5397439859202,97.1802855540601,104.054119355313,96.8634615918325,86.6263278466452,102.825810534771,104.039433930091,108.126857913678,97.2138940081629,97.3462711981508,103.244742799258,106.103038349902
92.7919272932319,86.5749803976789,91.9378323597932,99.7699866541928,89.9994885225598,90.635055525089,85.6915973802342,90.6648559566278,84.2412579141442,73.5307963351776,0.0,66.7794280917147,90.7612524953846,91.9369679486075,84.5357600434048,89.1621142037696,87.9615937185763,84.5197937813269,97.005604419897,91.1968589882015,106.194061104801,88.7577449112841,95.5364819277114,85.6595181722438,92.2216362576199,92.5081251884231,87.7253322679074,92.6901925851312,90.9743904208412,89.471330790308,96.0969696072926,100.465315180042,85.3610450292062,88.0137829417828,83.7141431816341,98.8745879242232,86.0680110061492,82.5076892475011,78.8072549500848,81.4096939371758,77.702585649224,95.3008348160885,81.4102848888027,102.65508078654,95.8485969918905,88.8068747709549,81.4341176995174,93.862693234314,96.5763963746783,97.4806612601977,98.1717998958773,95.7544830964849,89.6235027037991,90.0841344851539,87.9793837344217,97.1314102764542,83.2059115029479,88.1971284241627,80.959794152933,87.3653844562056,93.1727480411961,96.446930696848,95.5275806151821,95.0119791294506,85.7917175359454,89.3376034745968,81.2214649293966,96.4156688887115,97.7980581975629,87.2852433531215,89.8576357535926,94.7014104277204,89.6537544493218,84.609513647308,95.5521521775303,101.321204352938,88.4666175505747,89.3411300670374,101.564149382646,98.1584896950851,90.0092084270985,83.5853539993271,99.0064196863557,96.8999415851788,97.2814842887869,94.2963770066064,88.9101751653081,97.8345229821153,91.526640081991,94.3737715787156,98.1604327804916,96.2199447239868,82.2793855761647,104.035585139295,93.5870853931276,102.015685068041,101.435588839006,97.72183767932,96.9464738909338,94.8022536544315
98.1907460272641,86.4248383698497,92.1288105791984,90.4370866852374,91.6317871848996,82.9629073577603,84.6502753711637,84.8616361005244,82.3813070950228,64.8014105416395,66.7794280917147,0.0,80.1771271240255,87.8383283883881,87.1011921923693,90.8594141012829,84.4841547943984,85.9041782539033,97.980435888302,95.8123411132951,94.6595827136665,93.0542606750928,93.3401146928359,89.2452584874182,88.9207212157815,93.1793286451636,88.3113508869429,97.8208897079572,89.3641536819577,87.6141959715957,102.665188989901,100.904082401925,89.8068647975032,84.8532523626999,88.008989626944,99.8289196634907,95.2956611345516,88.2701330677315,90.4756813900019,83.0769151981677,83.4256416000244,95.6938252444209,89.4587793178729,106.957190225711,101.29144504407,89.6840420761426,91.548101982286,92.5582785490982,96.6600454516532,103.286987752996,94.9189441227455,97.1306496649017,88.6801731096559,97.1961100751443,85.053319536918,87.2772769782634,81.8489588055848,93.88116302122,81.2709366907858,88.1547171406026,88.9627714975701,88.4763822955379,90.445829396415,90.3542996036111,83.1794642760197,87.3785656434136,87.6428258069424,91.6879766169743,92.5947951874318,93.9879328154273,87.9279132377427,94.573043507504,93.4649904634778,87.9914276829924,92.7801933952798,95.0350476903267,97.0345130760922,93.6490614983819,99.8408698805186,94.6282956414374,94.7588584189553,94.4318259624431,95.471055015052,95.6360614023055,89.6130501120778,97.8755034123192,92.46033129744,94.9938927724082,97.1104571636486,96.104374379773,98.4314528076512,98.0842751627172,76.7922396905274,101.88238914757,106.613491654339,104.745773089778,94.9044450281766,99.3209981568303,103.035195648591,106.349174128935
104.111644693777,87.1253310540615,86.2266217059047,98.9595850726048,99.2070135311873,76.4143716074011,90.8934871838881,88.851075549802,87.5793240958721,91.6270001470845,90.7612524953846,80.1771271240255,0.0,82.1233574797077,78.7440382216993,93.2179072938656,86.3475617485651,86.2666503586684,90.9746918018936,100.301391498295,89.1138149773233,88.7994427707572,90.8923440131422,86.5912989219917,97.9544125462588,97.9435623692644,94.2797279091984,95.0307420782001,89.3497065535698,99.2809801158401,99.7941245243078,112.881952055884,99.1225185523247,90.4904766353852,99.3558401778057,109.410442174708,82.2276233703255,95.8884197616323,92.3987447398078,86.4053148717695,92.7065919338905,103.317123755709,91.2574128484406,101.433309797879,102.256922659828,98.5751510528585,94.5767035844688,87.2738652783755,95.3728672323517,110.489825757796,96.2082478173084,87.7716097575499,86.2520172821864,103.39696287504,87.1769515329141,90.9817774020689,88.9140490009227,88.4271802374618,95.6694952176712,94.9363310416719,101.161323669189,67.5136277896628,87.1303679541217,78.2819898788273,84.8090909544687,85.032566524326,98.5999542238251,86.9066863290919,84.5871553643571,96.4677034287321,92.7721546227017,98.658155128644,94.0277003651096,91.7463800781871,94.5103890062027,103.687861078764,89.5487233032055,94.7140377043273,103.734396094885,100.406464200107,94.3080379970904,106.752607849193,99.6459346118821,103.268808640732,93.4588452053941,100.511331065617,91.4749783885093,98.4432542047937,102.33781536505,87.9953526315309,102.451204848839,102.500282711941,90.2791370761576,101.289335693335,96.4763875951726,100.359343392171,97.433051618172,101.790558658925,113.043815576875,108.348305856279
96.7427799807641,90.0191952032731,84.3848786174292,89.7903546619319,97.0316234110408,89.1669648238154,84.5509705543824,87.4735333897938,83.8837224769641,92.5601552708773,91.9369679486075,87.8383283883881,82.1233574797077,0.0,69.0532711594932,92.759567295521,87.6852772234906,84.0251703037087,77.162166301981,92.8035943501294,84.1678411913845,89.7479792701808,84.229754187511,90.3039594436593,94.6925358459317,94.575627499873,91.6178132698552,101.455252554096,76.5840939169582,98.332301825326,100.121289560432,95.8435417093717,98.2586451504569,87.972278508553,91.5768117431943,99.688265630581,96.3731135627452,93.7314100028257,89.5632781020558,92.0051524095851,96.8709781280291,93.8360858011424,91.9808046393398,108.975362978309,102.147411338668,99.3170784200823,93.0952192554545,90.3978630134945,90.62878663948,107.079580508483,88.7854054367305,87.3192406669075,87.996390494762,86.5152326655538,84.4707979994047,85.6910593107577,85.3351740368565,84.8736926676698,94.6468880977778,89.9594320438302,105.810420059767,85.019386889925,87.3196766145596,77.6942685243305,72.9229942640595,71.4675689112933,101.65089943981,86.7130937767599,88.0500691566746,91.3918052481517,85.7656453222674,85.8615717003036,92.4539193486756,101.25984885875,92.0516515174966,94.6006552377947,83.0399263227727,101.819420140686,97.7115538374882,90.8682462036372,92.5572862700771,100.907040701728,101.440494808159,94.1163114209872,87.5965353469647,94.439472888174,89.4321664082606,96.2738426934053,98.1339549110871,99.0963915009976,95.3212114902957,102.873712664183,84.4734535666532,98.2290052888284,97.1737929365243,102.782623687105,96.7804746043553,100.508427680192,94.7374413233912,108.350907813948
105.424824878531,86.1872767339565,95.0670941123292,99.5853007373682,91.929709674283,81.6761889109573,81.7067999249364,78.3144911118821,85.3327517626044,87.1137440247189,84.5357600434048,87.1011921923693,78.7440382216993,69.0532711594932,0.0,95.9956267085437,99.4084187407457,80.2808481724242,86.3277086327641,97.9010421414944,87.3726795329325,92.4923438161909,89.8438019981965,85.674206226154,87.2383076359441,90.8173258798399,94.9100324915059,94.1678569958045,83.6364593055545,98.8868625709379,101.769376611505,97.9497214201702,95.9770346388825,94.7355910433728,97.5861935083763,109.0116543618,94.0312288843308,87.012278818471,93.5902344059394,88.029387797961,91.5703652224998,94.3908545256934,86.412164569081,110.359290600384,106.465681540195,102.248404494429,89.846794773846,92.2531757760512,86.5044167501666,109.22920149738,94.5972415174304,85.9686914629962,84.5451514023535,80.4589467634147,92.6009869127713,88.8595997682325,78.3446536030756,88.1036694030614,97.217226461821,93.011717161772,98.5751881624423,87.1310808424573,86.740288224024,78.0280127398173,72.6641996362196,58.5314072292388,95.5873895850856,94.4222406866355,92.8098986464592,86.4987196500253,85.315170113382,87.0420239519752,90.2831057221201,95.3060697625626,91.7603349400533,94.9676548467301,79.4203157288725,98.5415128432084,97.9841160171161,97.6159788338843,91.9607546694149,99.6339450329613,101.486331921199,95.9275757743722,97.4565182288769,100.088061395865,90.1384885516705,99.1150393418933,97.833539647972,100.932544052331,98.4129026320883,102.129171633897,89.3829512476316,97.5723772043587,96.3428810136036,104.151307271053,102.720604920868,95.4480014895345,96.4982195052954,108.482781783417
89.6359179023654,89.0800506726482,84.2627567680761,84.1259343568608,83.6729262815063,88.1709637517961,85.2239491342626,93.1942446643943,87.1774439708043,92.4758638189477,89.1621142037696,90.8594141012829,93.2179072938656,92.759567295521,95.9956267085437,0.0,88.4185857295902,75.9717316298191,98.3811623893218,98.2797691525781,101.416713178637,91.2691382940439,79.9224928224614,86.2071284339253,89.9144055330057,90.6926006785123,89.0834555999551,92.062344268199,93.3958388541418,92.6631537704213,92.2037882396591,97.5103222672085,84.3096323514876,80.9229468308346,92.6259054331044,97.557056525778,91.6242738043266,91.4811799884849,88.1184257196065,85.4212988699504,86.4232491855805,91.5472756719462,90.3890700522023,102.565432251232,91.2138919091404,93.8049114519878,91.0057229199774,94.915623341449,91.50717965372,107.169041258011,89.1879778207665,96.5480127256276,82.7151329144364,90.2891971391716,79.9142476470783,82.9920852051279,89.3184103727163,90.8819282250394,91.1953601562567,94.2814426891741,102.374042081891,92.8168880351516,88.7384803340253,88.9188367133319,90.9577629349385,88.8342530636653,91.4649644957351,95.6863521991491,82.8349677483406,83.7423785068792,88.3678037432995,90.9696334305282,85.0250943199337,95.0408757103905,96.1576709025027,101.964683137005,96.5156688463328,86.383313476425,99.0360087731123,103.808739268546,88.3560249937657,88.5818441773652,90.8843815906715,90.2625290518298,81.9492834970423,92.0248113759964,92.032679478555,81.6497181940918,87.0534383235953,90.9859481628004,92.9684825830331,98.9185763176891,85.76356861255,98.1014832679576,85.6226997055955,108.043044208704,98.0085493768829,95.0455958498084,99.0227376073667,92.479591385156
102.060886156847,91.3319656999901,100.120751761926,100.080682906845,83.9297949268919,93.6573138828331,93.2624282793464,98.4100377655615,87.0866127735478,88.1957662512747,87.9615937185763,84.4841547943984,86.3475617485651,87.6852772234906,99.4084187407457,88.4185857295902,0.0,76.9044540486349,82.4782914868586,101.899011596225,83.3909423528769,81.6565316205991,87.6561502700504,86.4351157536521,99.5639668028688,90.600332805216,97.4002920472498,88.613167980309,83.8548392595602,92.1708255070612,103.715245275492,103.033894691603,91.5457162773822,74.6305923948478,93.2823438702475,97.6407807711671,92.7869485345976,97.6144899953714,80.5627486015296,85.6410463431401,93.827499861136,93.11100628056,84.1553821186957,108.898737986394,96.246600320695,92.5249331095324,87.6481438638218,93.7493016910963,100.538201719795,105.526493863796,94.4247410660662,99.8839956022543,90.1897969911262,91.7680890677792,82.7857278862558,94.6745543992783,91.7689919991208,89.6510650195392,82.7249363923511,95.7416340575456,96.8527213649101,97.7120062368465,90.6323535810657,94.8444692521928,90.7977246731412,97.4389274138173,85.9366712793319,79.6589916732853,86.7705405605601,94.6319303226536,84.5162498390628,97.3095811463259,92.0448253900709,95.5389889113404,94.5006873468142,92.1420359843621,96.4937872443078,99.0641252097142,93.1809508437915,109.399484846602,86.9808865435918,97.3400508627992,100.222573820455,94.0340732089412,93.1286013596891,96.6758393064251,87.458788928699,95.6252861606519,91.0174276611726,95.3593576540948,98.3082827480382,104.795730359281,90.035791841446,90.5867083540094,85.9884666872442,105.283393898092,96.8233065219874,98.4481773022615,101.203340658234,106.221303767271
99.6538188416212,85.6305296032767,85.8487559744419,92.9041969900006,84.7947758743242,87.3920709213784,90.6421570635919,88.4609147777063,82.7497745476992,90.3333199255478,84.5197937813269,85.9041782539033,86.2666503586684,84.0251703037087,80.2808481724242,75.9717316298191,76.9044540486349,0.0,89.4128121797629,100.686042128296,82.0118926628589,87.1335005277417,79.2146950007599,87.390232727177,90.7079256899744,99.6905220599386,94.6447618148445,95.3982609455379,84.1775353288582,83.2321772567718,106.699729030033,102.817566706953,92.7619780097643,71.6196572344924,92.8238026156058,105.288157211778,93.7419342032826,86.0418120635888,88.3621028527306,88.4072611147893,96.6848814856591,97.5755450873768,88.8995609646999,107.050657297642,101.853646026653,94.9493574606343,89.7056793486798,95.7946564421108,91.7327717233604,111.143882218988,95.1259052176502,89.5671006060986,81.0175951782831,83.6436617919224,83.0807831365968,86.6615107196286,84.5099987005052,84.818524916725,94.2069453234928,88.2265308738331,100.136531821902,88.4834785022139,81.1080352686181,86.2277594655182,80.3575764532429,81.4658698785589,95.4381726957873,86.738559955468,85.5951931155688,78.2664046764066,86.1832974615323,87.7679387918135,86.5854475317312,98.5218135304545,92.7802979117341,98.9981934791094,89.7349517954028,96.3133954587355,99.9265221082682,101.778363820232,93.4530578776613,97.3366795886888,94.380567958752,94.9541514232886,91.5704791910428,90.2703867089482,86.5694074148675,86.5263267308687,96.8929599900648,91.2918888385441,97.2961168531956,95.7181584293966,85.2996207785345,101.525950096886,91.9236153647689,109.505419692363,95.8781388243679,94.5030469867254,100.786529024827,105.274744835674
97.222238921568,93.5957177511356,95.4596448539655,96.1119747727152,97.7106992339923,91.2973201614043,87.6828058604622,96.7505960679361,86.5719278190475,96.5798045055972,97.005604419897,97.980435888302,90.9746918018936,77.162166301981,86.3277086327641,98.3811623893218,82.4782914868586,89.4128121797629,0.0,98.6553998993596,77.6285108409041,96.6782885588909,83.5267558475221,93.7449736599809,100.146772920198,95.6068353413968,98.5715122635301,101.540978947627,89.4070572283332,99.6537240839925,89.7638763188994,100.055853193751,97.4974023340573,92.6221876809685,99.9476554964281,106.412113049087,97.0189451452739,104.427765203415,91.4394841228499,95.7431516472219,98.929213717206,99.7160102406884,85.415929717134,104.453851236896,90.110582655882,93.9615990747935,100.873586115604,95.6646925504811,88.9334549204089,107.155643519542,93.8636292143112,93.1274939501877,94.3645464368874,87.789613230641,90.3059499871617,88.1685741054864,94.2628301111809,86.6056687712133,103.133502137204,84.6802332440427,97.1250964251495,87.8359564658502,88.1065141649898,84.1286230723356,83.8189940408688,85.7958717621566,102.168857394598,78.7394359724182,91.8032126413556,90.5417786936344,85.2058373919371,92.6848426340891,93.6965418872576,96.2901371191588,92.2273600993787,100.316337625071,97.3302687542821,99.333220890694,97.7246803503102,98.9622782446335,94.2668052547928,98.3546591522285,99.7412005745931,95.4850648122903,97.0220087802756,98.7609427623226,94.8192623496373,94.6636926136207,102.079796411385,97.115559298212,100.120935968277,99.5590398557954,89.5869867245239,94.6778679165093,76.6841850414774,98.4474756610649,96.9387558759406,93.3218391546619,95.3946794262254,102.336002556663
93.2255498968155,98.6798872178665,106.262881331086,92.7899868110742,100.373222778965,102.438140944846,102.69223207856,98.2837038882989,103.198080953794,96.843230247102,91.1968589882015,95.8123411132951,100.301391498295,92.8035943501294,97.9010421414944,98.2797691525781,101.899011596225,100.686042128296,98.6553998993596,0.0,96.1799233088942,102.843165577893,95.2567767868999,102.146064437928,92.3815279630083,91.2154457792851,89.8184638349928,105.433851469336,88.1582904769322,98.3572758190235,106.101647125474,101.072345358304,100.071323188282,91.8272408402771,95.2527206965506,98.7181594727123,92.685910172117,105.334468961061,93.7562170280885,98.4682295968964,88.5854378988392,103.243507538952,104.281075173852,98.3356919620336,88.361758083164,100.010575313253,100.032020350529,80.3886889123375,89.9233114685013,86.6742633646156,92.03129984537,98.2844384126625,103.530583236371,101.17009463298,98.5323297510588,100.129686832055,98.5301320885622,95.9493442519966,97.1916897250948,99.6576512601753,90.554591983824,91.4621181163079,100.148354216017,100.031604253578,94.1130315907796,97.3558286169186,102.285028245149,95.8452001040769,105.712400305499,96.0515618447302,89.2641869415208,102.484075154198,104.14529549725,102.18188365751,90.9247827253751,93.9886293841145,89.4721109784899,101.356662725988,98.3255689065505,101.854203535322,92.5849363001701,94.8363908548824,101.398837362608,102.621429755345,99.7948051017505,101.727985230926,96.9166279946945,99.4136794167655,89.7223895011071,99.6032967255834,97.5702715896137,103.615546044292,94.3628954845198,98.3832585262341,99.5948033733463,90.9049114915219,96.6173007811198,89.4500902232358,92.1199611765876,91.7976982565869
106.661770728103,94.527601409784,92.9816787785624,91.9718662319816,99.7147197473201,94.9208835118982,99.0173758160461,91.0033591498688,93.3077165357491,104.183309834304,106.194061104801,94.6595827136665,89.1138149773233,84.1678411913845,87.3726795329325,101.416713178637,83.3909423528769,82.0118926628589,77.6285108409041,96.1799233088942,0.0,97.4453273616641,89.9106071183971,94.7637890134018,97.1531428429468,101.824322324301,99.4789343982106,98.3469679292587,86.3832842721273,100.124886677597,99.0681213167167,102.264002597701,102.962665403134,96.3671751489865,109.589044028383,110.212463944153,106.408152220895,105.148389675796,98.9984918106584,95.9888033880062,100.10058802281,100.513115820103,97.2250028391288,105.515494128856,103.380782460785,98.8720359073247,96.8233473304609,98.4459443077846,98.661321151955,108.586106082544,88.544818006375,91.5350185515173,90.1015383228758,97.5014957798855,99.1974743663172,94.8283949410385,92.2784827079459,96.2675983573753,107.58107713359,101.572267661415,97.5308440050843,89.0824655735745,90.6884543113808,87.8730500033401,92.2209619013425,84.6643953270132,103.406917612708,81.0008828799453,89.9463022117495,91.3338594711576,88.8075267197301,94.3447806514787,98.1511034894135,107.17984796859,95.5041009349207,95.5002699018607,102.338564649179,107.175662431264,100.731272953963,100.651420833431,96.909308856164,108.137164404232,102.873470233821,93.6400469750308,102.153243308158,95.5505249476149,102.73927545865,98.8050545802192,103.939037868168,95.0359261455441,106.923521048015,100.981225155387,91.5772426739635,95.3950343419507,99.4213793686593,104.663914280843,94.5122016453798,99.8171986424175,100.184308702179,113.30960322433
104.452507576128,88.3753754492559,90.3130927648276,100.778705694157,92.109124612244,90.8152384811213,85.6149615192924,87.8418823741566,89.3109457742995,75.9281711230233,88.7577449112841,93.0542606750928,88.7994427707572,89.7479792701808,92.4923438161909,91.2691382940439,81.6565316205991,87.1335005277417,96.6782885588909,102.843165577893,97.4453273616641,0.0,90.6149103022016,84.8695847446023,93.277248169909,94.0524574696242,98.5186507181582,82.9120075123043,93.5476751769563,88.3483362087741,100.282422030586,95.8446932047248,92.2830230948051,87.974255462007,78.2358170004151,101.192295941347,93.217327301232,95.4342893172244,83.8324264968965,84.7625150771061,98.7557450629316,95.4448993494636,67.0882473983384,101.781074174607,94.9834473261327,94.5118118093325,90.7326236147891,97.9814819658624,93.8804560149943,101.432873462327,99.0485285525611,92.7164964579745,89.1238810021642,90.3163855355853,88.5308675127738,85.3318826902029,85.9721650323336,87.3286940306541,91.3781652378536,94.7726005016483,100.210798288253,99.6587134560929,85.3672259672391,100.376975115462,94.3199120767908,90.1448709027212,89.9735614168314,91.3440549550744,87.6446594952573,90.6679658343325,96.52360734332,85.5027922627041,93.5218106978356,98.1162113200516,100.911956506341,97.7617576223716,96.1451603029917,91.9393336072172,101.041095151022,105.3390225465,95.2947359792562,100.685598473046,92.543785900848,92.7884063585968,89.9247554102934,104.660957797786,95.6576454226216,96.3888212204936,94.2961300449346,98.8695243958448,97.1749991389552,91.7759165043193,89.555017301378,87.9979396101788,93.6567351304502,101.710836556319,101.646009694653,101.70766793533,100.153314154054,106.949462120609
98.5624520953699,93.0067590848099,86.5402691296844,87.5694583733247,92.0072576097621,86.4713733379579,89.2348207726443,91.9668999396472,85.7154612527074,94.0496475888304,95.5364819277114,93.3401146928359,90.8923440131422,84.229754187511,89.8438019981965,79.9224928224614,87.6561502700504,79.2146950007599,83.5267558475221,95.2567767868999,89.9106071183971,90.6149103022016,0.0,83.471816390791,98.1529369154947,97.5455490844838,92.4349314307328,94.1086549292145,90.9271574512363,91.647370103678,104.261774946752,98.7982420446673,92.6609273562977,83.4652097319421,94.5799326764075,100.524044187573,94.5765579896229,89.5398930072476,94.1609209536497,92.7524637427204,99.5127037244691,96.2055932176183,87.036322165146,98.3138738867569,97.9772312149432,98.7459047353132,91.0602076132432,92.168906203166,88.3384270022822,109.059525094986,95.6953563051032,90.9736686788831,89.9266036930233,91.0786578077573,84.5244259607547,80.9299123528642,88.5269057771504,84.3373696054222,93.6201574758265,96.6974699908969,100.545822197053,90.7581382166584,84.0075457182078,93.0389945891437,89.3354878078512,89.2807328735482,96.9054229546404,89.7052219485506,78.9490849398918,87.5267810206071,82.353687958049,94.643509733017,80.5608214066136,99.1500720831303,96.6715327534778,102.367055839705,94.8279081285856,96.2429109619499,97.5568464496336,98.8082585833304,92.652554287473,94.8457271966482,95.583844513053,98.237471265139,84.2621264144274,94.0118631215708,94.9934372426416,85.1901047820775,94.3618107012028,96.7961267206111,85.4130003789888,100.438552013472,85.4942544957386,101.555110052128,85.5807096600084,104.738273565843,89.0012938035123,89.6641168286387,92.0907453674946,106.3814708805
