0,1,2,3,4,5,6,7,8,9,10,11,12,13,14,15,16,17,18,19,20,21,22,23,24,25,26,27,28,29,30,31,32,33,34,35,36,37,38,39,40,41,42,43,44,45,46,47,48,49,50,51,52,53,54,55,56,57,58,59,60,61,62,63,64,65,66,67,68,69,70,71,72,73,74,75,76,77,78,79,80,81,82,83,84,85,86,87,88,89,90,91,92,93,94,95,96,97,98,99
0.0,97.8301984955075,81.9757487956696,96.4477442237259,101.080579233653,93.6967366126605,92.8939141552206,97.7123844035516,98.73148790397,93.909645785841,91.701321220476,95.2152093833731,89.2184968742744,104.421388162641,94.1082665625678,96.93558194501,95.6125194151949,96.4581633905297,93.4948883327748,94.9002951454603,100.612830204831,94.6006551899011,92.1730413503399,91.3079951774612,86.309813051934,91.0874887527428,96.0980356978139,97.3162083625576,87.4245537787923,88.4260114084919,96.4148188232232,97.097168428985,93.4762408277586,99.6024492898475,93.7022940673586,93.1716325471174,83.6343125606908,95.5679974394752,89.1949218407093,85.0276148147593,93.1628478649647,97.2731911689288,90.0003188259048,90.5869493001706,85.9468648756531,95.6925637500715,96.3661290460163,92.4755368486671,93.5148776944527,93.1864051325343,86.7847059184216,94.9304205753884,93.3127369687735,92.9015892766355,95.0883993010898,93.9004741418878,93.7578193746604,93.8955319242305,95.0047908117282,94.6459611172404,97.5817898456574,90.105179240331,100.42190563236,96.2273135473222,101.497828599906,97.1660928804712,86.3010666995999,100.072117418205,96.3583142705895,93.6061251385532,90.0891755715762,93.623046398502,92.638787331832,95.4808576476293,95.3099832982264,91.7867753975036,87.2152142119156,92.672668448452,98.5008144871649,104.737355422653,96.7008498916517,100.98696408516,94.6093090638582,97.1187375843269,96.1239280475167,98.1897079020374,85.5212772225777,89.0629307766527,92.6038803325645,95.2493594785686,92.6583671320142,98.1560834193643,97.1537678192746,92.8646807119102,89.2392539554701,96.7286626843224,97.6541859747213,93.4490539132712,86.993829458933,96.4220023198602
97.8301984955075,0.0,92.2877555437443,68.4367224618105,69.2629163096725,92.3263469735675,91.6467514085353,101.234426208094,89.576638442272,97.8474373900118,90.7818494825512,96.1318358994535,89.0985659600269,95.6517649863938,94.2095361763734,87.1571645039346,86.9843618333316,96.7596516466848,91.0684112044194,86.9992947613329,99.0903825000801,79.9356324174452,91.5114625734332,85.6831901641574,101.098313051504,98.1039291069167,100.922705754653,98.8098866505349,88.3212935524182,90.9838594391302,102.41203100151,106.566398745287,95.067090429413,94.3400004501889,84.5622372843517,94.011582085935,95.1775642919319,96.915648120816,96.0940310558485,93.8604964876366,90.1433191057799,105.707646682625,94.5678786137868,99.6140501738677,94.8936453194128,91.782447288147,89.7890573000249,91.4232998757088,91.5842150184242,98.265160546518,89.830598351374,77.9740309308455,97.9200363700262,83.9539566642392,83.5593161029421,96.0890661826084,88.8906736871103,91.0666829584651,92.9716016762617,99.6451883099136,98.5678061786015,91.2369255363683,103.479559210743,94.0005932630404,102.450321309087,88.0561676403338,101.909900923911,92.7855397842311,89.9993200707726,104.178508277942,95.4552606090227,94.3121410501459,96.407073885442,96.3463909867992,91.0166344708749,100.999807694567,87.6133060811242,93.2613598944453,101.59830505038,106.547122080282,100.24488782749,94.2775907780586,98.9679158599242,90.3690889544273,103.825936306246,89.2908119267912,91.2497391779136,86.4240680929415,95.6124430353972,93.1343968737696,98.5040349592866,99.7023433925478,99.8470401124592,104.448940793665,101.455044935634,100.812092591943,93.4368650885043,107.468134635779,86.4329031280202,95.3640495807756
81.9757487956696,92.2877555437443,0.0,81.6167225209016,92.5541815465196,70.5607256066865,96.7694612356427,90.1446688177063,84.5940551193428,96.8422028830395,92.5540547358194,91.7612301744152,90.7079663193188,98.211860863896,93.8984188580219,98.1515725469744,84.4605503219994,86.6276866261549,94.8045158291668,88.2082949745445,100.663155599418,90.6639109908031,95.358114932497,98.6980349269932,87.6863029098764,91.4748786802466,97.9300678647277,102.074991577299,91.0734518251731,86.7408298218169,96.190110828228,104.850847663755,90.6061805103661,89.9773136984455,92.3751652589426,93.2666008043955,90.1741874623871,94.2109844651058,90.9299687309396,91.3704254506904,81.5092553937942,89.6058855145804,90.8834509936749,90.3423955739157,90.9058786714045,96.6546867147333,90.8693808655857,88.2225287701194,90.1394734959469,85.333981952568,93.4897850523899,94.7308034129677,107.492894287574,90.9835419720668,89.3735365921441,72.1669170008339,94.8136920137627,97.998790826513,96.4315973141732,95.2689110521314,94.7815483103967,94.1444874745058,90.4875288940509,94.3657329105743,98.2618854007382,87.5396529483749,93.7636071868564,94.6996251841391,89.3658412173557,81.7642152676078,95.5426158950221,97.5028514776673,88.8554947036796,97.3119104274301,99.768900784177,93.0612933004186,93.4085373452565,94.1040897598204,94.7853342921216,110.434159559358,93.37492905874,86.3727215272984,94.4194738678022,92.0098924714954,99.6203996893556,89.0153205194036,91.5398289093143,96.2012711831548,88.8099566356972,93.8414528526112,92.3052413281236,106.912952627015,94.8155922274445,94.6228008065791,94.6298097876438,93.0378983805665,96.6967085009492,91.7508728081967,77.8734934000507,89.2912655518883
96.4477442237259,68.4367224618105,81.6167225209016,0.0,80.0076752275616,85.7973484558683,93.1181137493133,88.098516568372,89.3588472187585,87.7445585986382,93.6500315608558,83.3954781937782,86.3089128402278,96.0128298103066,88.4293349992087,87.3077683237343,82.5967128333974,90.559761344588,82.7384051357892,84.2088937851897,83.5884690641611,74.6268668337329,92.4889318539998,85.856058785355,97.1655082652897,89.9462987560559,100.124309652473,98.5502624827994,83.7864529030452,80.7927919025047,94.4918375088472,96.4470929055078,94.6536518732105,92.3692140083717,89.7393095060394,90.534691292224,92.9299948270937,96.5781980030239,90.6563473593423,91.5797069815253,92.6498862046283,97.6294514626154,86.3604851770694,97.759026298616,88.1040068740538,89.2555671931086,85.9994906629336,89.7574756026078,89.9924487768587,91.7595019606381,89.2260189396629,94.2165698797073,88.3434359146458,62.02912054228,88.0516559174526,88.0671827126887,90.6733047233443,90.445955496778,84.8103328323003,99.2644796062337,87.5860091913807,86.9700052633498,91.4873899989225,87.7563257840235,89.2871452211408,79.6281592324978,93.8341532574131,85.0538553846372,92.3233350111401,98.6074703929423,93.1217016590925,78.6210903856756,86.9373941861762,88.5495478919273,91.9080027470655,96.1019320344459,86.625150597858,92.0804455249405,95.4782548058637,99.6552827618204,88.8827354831181,97.9125977923378,84.3108220939496,84.6031841099772,92.3604655803937,83.046311188458,98.0670314162454,90.1186773391852,90.3970917804844,89.6561970135499,90.5602357702976,99.7501119176644,93.2420326360931,96.5823626803814,91.1131366673658,94.9525647460337,91.7659719277481,95.8271481415443,90.6411238526967,90.1907983327744
101.080579233653,69.2629163096725,92.5541815465196,80.0076752275616,0.0,93.2125791296486,100.018932589162,99.0302978846107,84.2745930754641,95.4771682060807,93.7126001130738,99.2042139195398,85.277262634941,101.698396408606,89.8183243115627,92.7374901328866,86.525835745278,86.6183769389308,94.1758818266004,80.1239807191452,101.679858462604,88.3457247075455,91.4637981592052,94.8979368341931,102.725976628908,88.5761548037479,102.281149903324,100.530062765166,89.5589397391401,87.4349015259637,104.775714214445,105.939007650243,100.682549744585,94.8571637535309,92.0784394425301,85.5814619942751,98.0778656278623,95.0330411277732,96.8903155189119,91.4103590286732,98.6834750467449,103.765582675292,105.412604604515,97.5278395027042,103.492919417643,102.728604902045,98.538959626068,94.7046113822329,92.02293539611,90.4432266954242,89.3604395273742,80.3679696459107,100.582330108078,86.0320789021278,85.2735926530153,93.352050503896,97.8785217520653,97.0337815559903,97.587095139822,100.68841734168,99.5462329107138,81.7374728863924,100.38161928249,101.629585026691,103.127224031388,85.780724176362,104.876002901392,95.1067021971048,93.1479763084581,97.4872494000371,99.6189614145061,91.4033464227638,93.8960920025775,91.6016064997999,94.2724540340187,92.8254827521623,94.8549137843,96.4797440544662,100.106761267423,103.160838188541,93.7356453066956,90.9422017738656,96.6267473410354,90.9796757538699,98.8229577564698,95.4473426909846,94.1744855135966,97.4712613401807,89.9402168713614,91.9346417804356,92.3129059112691,108.231971001524,94.3159337901025,98.5077502647653,102.600679192014,102.163576630129,97.4814724307575,99.6856130425847,89.8923938325287,91.5777882942175
93.6967366126605,92.3263469735675,70.5607256066865,85.7973484558683,93.2125791296486,0.0,91.1560549427129,88.7959172395937,67.8243670171653,90.5270835086862,89.9779085949835,90.5835354817661,84.1359236635813,84.4052014215383,94.7527222382147,85.352688868815,82.2475202100043,83.3859857396169,85.5293255802667,92.8320955140222,95.7932773957006,88.4276221033423,96.0718875362789,87.9979926454444,93.9061545746258,92.9020735385013,96.8245740662978,96.971992112722,88.2863553664212,87.3124329061825,94.3468094008114,101.194159915195,85.5370181341699,84.3260636532187,79.0871418522505,89.6560737867,87.2904162772168,95.7612554113373,91.5320517462073,84.7397790717069,78.3723129640409,94.7524493761804,85.4175482606113,80.1540263579509,86.7012240134152,90.7860490807041,81.9091508728419,92.3697858675715,95.0091494992168,80.1984775237005,89.5074548268876,90.427828521935,96.7130174415948,87.6171605053897,80.629230958877,54.3867913826988,90.6727673567161,80.5115322736135,88.732252258954,87.255931861417,92.1398777455626,84.6779061613621,90.7703683708039,85.6513321253044,90.6177501315706,84.531211901307,96.2576089036314,91.887669976512,80.3188706961418,81.4234348811367,94.8500151640771,93.6895883119955,94.4146723974025,87.707260799176,97.4025719223597,94.0844634635435,84.4429372517485,97.9673211121845,97.0604388023314,100.516610866181,82.0900846728634,86.2576648262057,92.2203359042914,86.1666845430823,94.944180070226,83.1536117391505,90.1554370546256,93.6691830082333,88.2478951899098,84.4321544873561,93.1303147105244,98.547776136878,91.8395164449185,90.9794465982739,97.2690892572454,83.4835399739679,96.6546310852224,94.4061199515887,85.3981501228418,74.977266339808
92.8939141552206,91.6467514085353,96.7694612356427,93.1181137493133,100.018932589162,91.1560549427129,0.0,99.3697173370459,86.9833294981711,92.6758490035083,89.4524911456979,85.2455304224743,86.3613720352061,95.3697049422852,94.2614222217572,88.3789892056544,91.5329320727154,85.5633519002717,86.8039242815777,90.0746947282395,90.3594443084955,84.3273867956459,96.2183139892596,83.819769818273,94.6734494800259,94.1553548730582,95.9249619338111,92.1417959944039,95.4423995858511,82.5943292447233,92.7661984918659,92.2901869513447,89.7313444222325,91.1313826634192,91.664409918566,89.450111089721,96.7434021941834,88.4346393450418,82.8627625758136,85.2941390238265,82.749241383441,92.9813031194666,89.6614468382991,95.3364874127727,88.4569321888974,88.0485341416836,84.7332359143148,98.5889925721089,106.238939649874,91.0732053664543,90.1208685760989,95.7297186946877,92.4219712230741,94.7992146281658,105.065742548161,96.3670306709943,91.4913439055314,98.0134691130172,95.4351901184968,91.9250727291246,89.8240154176041,87.0773000938559,89.4266278154329,99.1802590610799,97.5044550929719,93.699458793142,90.0373842630941,97.3050987668743,88.1518951879293,92.2186641160498,91.4992369105373,82.7666880631272,100.669327275234,79.4835035726414,91.0656944078868,92.8866024512362,95.7327414103292,88.656397207603,97.6277595034032,89.0600601170103,95.8717154470923,88.8190607300637,85.127711654008,92.0596740981955,98.3873541974222,91.9049454883612,95.9722649022362,95.4735921747167,97.6915044244721,86.2679569652731,90.4230281642593,83.9330691459471,83.6466302353947,95.7100152332963,82.9645027129091,90.5310722019095,87.8137293831249,82.1155706060361,97.5521043658252,89.8814966517538
97.7123844035516,101.234426208094,90.1446688177063,88.098516568372,99.0302978846107,88.7959172395937,99.3697173370459,0.0,92.2964284936681,95.4422895738464,92.1044370039139,99.8887705013562,94.4243083932161,97.3091171328832,103.979570908984,92.1779664571301,93.8145976614945,90.0547653121285,95.1633122657844,92.9392612805502,94.3187878064085,96.9553455209083,102.222946363633,104.737326096709,90.9977248481304,96.0008554952553,94.0129604823443,98.0761831722154,88.0866366873567,95.3668040209533,92.0126510375237,97.1719023119731,89.2978555990789,94.647874499261,93.9653479351949,94.2902133428295,87.2613849416276,85.2935994049984,84.4819724005847,88.2975303365214,87.3063853526667,91.8851213955083,91.7979378426113,91.5637589079347,99.0164101593509,90.4323158576688,87.9123008578808,90.6386808292263,96.8362901720737,87.8075706112963,91.7325201875647,96.1607731653824,97.9263232537267,94.019999904911,94.1715394737355,87.8094112155488,82.1434317769839,88.0340417998646,93.1146901105671,96.2901243911665,92.403405153681,96.2831295333494,94.9838860480322,99.7542789507802,108.873822352279,107.780066450099,91.0141970343576,99.0585997392666,88.8961157100068,94.5405448950549,93.015380464326,92.4305201021805,95.0531069888289,97.0501261493445,96.4077211746578,95.7184204992805,92.1976249588911,92.1054986525514,94.0688812880162,105.282972029292,93.4965420555129,90.5406688522644,93.2027123966528,93.8810270438193,93.3721216524606,88.1701543965301,84.5403093427096,89.8756408038632,97.2188694928405,94.5080442537753,86.1094691454785,98.4490053604066,92.5738213565721,90.5385430730169,97.8156576518235,90.6403837676111,93.1018669993069,94.5986647146543,95.4389206280393,87.5207975962079
98.73148790397,89.576638442272,84.5940551193428,89.3588472187585,84.2745930754641,67.8243670171653,86.9833294981711,92.2964284936681,0.0,89.3590541431492,91.9623912885746,92.6935796362415,85.2368059312698,94.7473161124939,93.6421338633195,87.2656765322844,82.0483447492434,84.5345823721615,90.6351809336735,86.7227066327054,101.551992602654,90.8999735438669,98.1505321956003,97.6005552300812,91.5326469543322,91.479978620101,104.125492789382,99.1471561401647,93.8273566347975,83.1114183150348,90.0924806540606,97.9766487550988,92.4009711797828,91.2727727193465,91.1730121465529,76.2741806647455,89.9140101916389,86.4527975468624,94.9760793000775,93.1236285352501,84.5243899061235,97.4642801366907,90.4405451658997,84.6414910526841,92.2607005215561,94.7382525081298,88.4020148577608,89.6347942160996,92.9432991828102,90.5536594093301,84.5711459248091,92.505058863376,98.2220745712034,87.9350784161069,91.2160017215752,72.1263349931719,97.2878814012671,84.913456740037,86.8575859668204,93.2885779488456,95.7034965749024,84.6060556687694,93.9525326637604,90.671528169224,94.0745351565738,89.8298628385177,91.5280975552266,91.8963443073864,84.8559980077592,82.1191082813855,92.2645563924109,97.5994913434961,101.905126305443,90.4933393355521,98.074862477243,92.1267666872324,92.1175780518933,99.8720273047095,98.7966998182848,104.546128550158,86.1070250488014,89.0708099244452,90.7780374983638,94.429707310741,100.010878271556,91.171685559499,89.746917953933,84.8217379714418,88.7915927516334,86.3128673128244,85.8621447782857,96.3118701018259,89.3285482704952,89.2021768001383,93.865875097017,87.3653558783061,93.3873303668407,92.6464885717446,90.0631822168677,81.7676370495496
93.909645785841,97.8474373900118,96.8422028830395,87.7445585986382,95.4771682060807,90.5270835086862,92.6758490035083,95.4422895738464,89.3590541431492,0.0,81.583571981797,70.784667248361,88.8472696084451,101.44298732468,94.361436082631,95.4934495644072,90.813813461734,82.8234917478328,87.6171601936286,90.7228636466765,97.7035113879416,92.7953075341177,101.297811527565,83.0613604990717,100.252586562692,96.7680841603887,103.748954405013,96.4893072792637,90.8894739968077,93.0412743383043,99.8264928829086,89.1877410263741,96.1432080435759,94.3041283815908,98.9382178095787,91.9940778578028,99.3504070812027,99.7810975727362,89.4092207619978,87.4926408230453,98.6040151951261,101.238576794469,98.710307551368,100.630470755093,94.5587533500502,97.146089094391,98.9410395159644,102.068804021681,95.7639034309251,98.8128753669918,91.592100198217,90.7752286501792,96.3037415101954,89.7821539203103,90.2903054876223,94.3010952371485,91.9264015882407,100.485937923022,48.6192355505487,99.3136441767653,91.4515746651846,96.995503567086,99.4385893146601,93.1729096762085,86.9976821176163,90.5370175026062,94.5906630410789,87.7153999327099,88.4521724901068,93.114377650754,94.0038288557809,98.6813123823116,88.3388258741952,88.2965425940606,93.6263118963175,91.4394049628492,93.5135022439652,95.5373764031698,99.5347111756618,102.483255781088,88.2646692379117,96.49917284689,93.6612054162443,95.2600375212831,106.727059967121,101.46295977663,98.9566959529563,95.8647870584168,96.7435197691327,96.226691034607,91.2807550748359,97.9243960365383,97.9467422903128,94.517223434851,95.4162508341628,100.964293886981,94.9874712888532,94.6201596998849,98.9860956733843,94.408702154941
91.701321220476,90.7818494825512,92.5540547358194,93.6500315608558,93.7126001130738,89.9779085949835,89.4524911456979,92.1044370039139,91.9623912885746,81.583571981797,0.0,81.248413348069,83.1100202299205,103.666097073934,89.9068901322541,95.3101370088021,86.7691015364054,83.6284058657355,94.9411282991156,90.421491022189,96.3842363658113,88.7673780831665,95.4141439941616,91.4823771507695,94.8317199650949,87.8271064834634,98.597128573477,100.569237936745,87.5123492508539,92.8405589720106,93.1881889037508,93.0322521471934,87.3941156240602,94.1068946999801,97.5347392527347,91.1818561622145,97.5762319395878,98.4256142574278,89.7205687937297,86.6154469164154,94.0087417254387,91.4255202940343,93.8015889553202,98.2405804699006,101.868117451994,99.6983011256552,101.114776639322,99.6521750356493,99.7291843728228,98.3216035867174,92.6605196031427,99.0931056257058,91.4918928793385,94.1756118757846,93.450824916113,89.1231558422767,93.275880778631,104.439995454942,84.3247719356698,68.8369758029137,87.6061504086322,79.0753402252189,88.5180151609629,94.9790992539692,97.6165290345062,94.6574561955081,95.5332521070906,96.0492378245479,91.7151140805816,90.7486251549736,92.5094810055719,92.3605933543105,91.3515834883377,87.0225870763298,91.2640750204457,92.7355561158848,87.0421053791257,88.5378432406536,92.2333248789088,99.3066688480209,97.8063729442725,95.6385410224898,99.7253673604967,96.2165921971395,98.1763538245877,98.3791918777748,98.2352971758625,100.347064967298,99.2958900704228,90.019929605764,95.1449805240201,94.5686798130326,95.6015239413272,88.6053275986568,88.5916446256448,105.212576642065,93.7373312745561,95.8930324315403,99.2759953072515,100.834265193934
95.2152093833731,96.1318358994535,91.7612301744152,83.3954781937782,99.2042139195398,90.5835354817661,85.2455304224743,99.8887705013562,92.6935796362415,70.784667248361,81.248413348069,0.0,87.844424017083,90.5592054409767,91.9676654725136,88.3374189929194,87.8516957613463,91.1893073398796,84.4784597336291,92.4853600216184,92.7674034633617,92.2363752500021,90.3828844740391,87.60127940784,95.4218157410573,92.7981810313145,105.641886921288,98.8499595442748,96.0272090905072,93.2868055636833,92.8110468412144,83.6049703685132,94.8052076550706,95.8096852754721,92.3702732583509,93.0398708523853,99.5783460516964,100.534331731696,87.7577996605309,87.0746775856946,89.7649858698584,99.5425854126291,96.40828230433,91.4061002852817,89.8625190156239,99.0120283795492,92.5078244895436,91.86838084765,99.3132135838962,87.1668012260067,97.1160126800397,94.8987972683991,88.6028545003447,91.3243042148896,96.9739162807262,87.4451966804319,85.5637732230301,101.005985176996,67.8459224803869,84.7943460300573,68.5033857606289,83.5468587616469,92.154465264668,91.5338943717912,91.516939724114,92.2141142541136,91.9766538245002,90.2050874357669,92.7482470517317,88.8533252039389,93.0560670676086,93.8603541739596,92.1816794849009,89.5836110286367,86.1400942498779,90.0606915834897,90.2000751073361,86.2787674336199,97.5299708863397,92.1691424207126,97.8124791172912,95.669931043606,91.3404890606102,97.2911987148441,104.552651218994,91.8407573198833,98.331377448169,99.0505576884329,92.2228671321553,80.823615562494,89.1099760575237,94.0934760939156,95.7951235336045,92.4262123874361,88.7413722096061,95.5347438074152,93.6782159067501,85.6536667142259,96.2422538152896,91.5496111045279
89.2184968742744,89.0985659600269,90.7079663193188,86.3089128402278,85.277262634941,84.1359236635813,86.3613720352061,94.4243083932161,85.2368059312698,88.8472696084451,83.1100202299205,87.844424017083,0.0,97.3697386364035,93.6519956546243,85.096396691074,78.7949229911128,81.9894600765109,88.0979868954303,93.3616622438287,93.1171485258908,84.2652918447935,91.6074020412066,84.7293318500966,94.4844586806225,89.486496609724,103.664752426607,97.979910135491,89.8704343149588,83.524419792776,88.7007291269104,98.5145306194586,88.1153069159495,87.558692603237,86.8145307290732,84.5046503975848,87.6519377693301,84.4263734530014,91.5945323326387,86.9678925813462,85.8073608978946,97.2836317898086,98.5551876579008,90.4995464031183,92.6542301241004,97.2431536708558,91.8683329010556,90.8658624316069,94.0018509026184,86.5378492776849,87.6838838314952,93.4485256543087,92.1305019235126,89.1074979157856,93.553056842395,76.6853027672803,94.7471507691298,92.841911441258,92.4296620964051,89.9628889584032,90.0893389118099,36.1519952443728,89.1954427408053,91.9455694123396,97.5226952140278,88.8330614496188,89.3786847426353,90.0775962631072,85.1532212146532,84.4749373465221,88.2589003800926,91.3706814841909,89.0461028346397,81.7434622812227,93.4761352374445,80.4709430019718,86.0474005335169,90.3452453157497,94.0261227155283,100.188408118644,90.0150307673594,91.9523605792471,91.6469618461925,94.7341161069048,105.516279057606,93.778464809597,87.6548323695048,92.0705780420306,89.2805610077689,83.1345815473565,90.914530308501,97.3802236171924,90.6716911535727,85.6826141635447,94.0636215427577,90.861423194475,91.6625992742785,95.1691003868685,94.3457070290038,79.2256893489779
104.421388162641,95.6517649863938,98.211860863896,96.0128298103066,101.698396408606,84.4052014215383,95.3697049422852,97.3091171328832,94.7473161124939,101.44298732468,103.666097073934,90.5592054409767,97.3697386364035,0.0,92.0429453395749,92.410693099587,91.1481104350494,92.9445734394628,76.1725585334105,96.9314054667704,92.63050163928,102.235106483638,102.06135321712,94.2248070000091,92.6069531314783,99.5038287027779,102.599151658891,104.155405378631,97.6067888332066,93.0742952123637,95.0096941791451,93.9394014979442,98.8340209852083,92.0690723434307,92.2415195401727,97.1680453158996,102.274690373283,100.423424695512,91.1964862579644,97.6446963991917,93.0217298207399,98.7474464548881,94.2849034771228,97.3967465773153,95.7521203444794,93.9118985027136,94.8468315868012,99.2608442055051,108.298922675589,94.3092327888354,92.8305347941975,98.9140925431896,95.0466451004373,93.8966879168319,95.4953920588385,92.0527186386559,92.1667918502768,95.7803135542688,98.7610963532065,99.8598730213842,92.6950843320844,87.7610780798743,92.4591786725705,85.563832883937,90.3340457269642,86.4221531407698,94.52432785769,96.536755723753,87.3007934702314,89.2297491760248,98.1193543103238,97.541228355055,101.426713074895,95.9316891104009,90.9403159121734,98.3797802176399,104.928993794434,90.6301517185411,103.162669470651,92.3006542281411,92.1464371736117,83.70620745661,92.7200520322612,91.3901650256743,102.648988509124,87.4874398046959,104.594854838155,102.338864811218,102.627684929281,91.6112537590697,96.6819146725755,99.3016267124581,89.8146777240661,105.613055884406,97.7729192020071,90.4770785493147,86.0239335694696,92.3994120263615,106.446784261676,89.6946277553231
94.1082665625678,94.2095361763734,93.8984188580219,88.4293349992087,89.8183243115627,94.7527222382147,94.2614222217572,103.979570908984,93.6421338633195,94.361436082631,89.9068901322541,91.9676654725136,93.6519956546243,92.0429453395749,0.0,94.4917244971436,84.3310304312887,92.8986885271645,86.612662314069,92.9552363305336,68.4400134539474,91.6422289254102,90.0870967926691,96.1631799616105,104.266967451732,97.9525671246418,100.326727807465,97.0481441091998,74.7721312161092,91.7056940199042,98.393467232929,94.6836993577207,97.0828908698932,99.8251530584267,106.483888317335,97.1818505110271,101.721659860586,101.122004493523,98.5521570913212,97.5766238309171,101.882439025295,98.7963185518175,99.7965807105166,99.1568819956954,94.2916886139287,98.9685757418018,97.5504087084646,98.9940225492982,93.7125303990707,100.087463224537,86.9859592769873,105.842363351364,96.4334899721952,95.8134187623193,97.6665106465147,99.5527935884367,101.102384115933,94.4454666315076,94.3014117810883,92.2094241288886,95.8095384458266,94.2465289505219,92.9638715368825,92.1624981873747,88.8297030621793,42.0186939398302,90.3202079166429,87.1630626781396,99.3379069010386,98.0910443902559,93.3135331632959,96.605787223481,92.4571629049425,98.8292667995975,97.8425774865103,96.5352432513127,85.6711742006985,87.7318334043288,100.237395976332,92.4184637517391,101.295559024792,99.1872509724136,91.442405669503,96.1015737335593,98.5789617742146,97.6209455338777,107.305483115908,100.770438100747,93.5565613231159,93.7549444944082,95.1209397891365,98.2415176157964,101.821957804175,93.3235770842568,92.7862929897019,101.274261223784,102.660504857594,99.7665515544464,99.3236809137679,97.5314737689762
96.93558194501,87.1571645039346,98.1515725469744,87.3077683237343,92.7374901328866,85.352688868815,88.3789892056544,92.1779664571301,87.2656765322844,95.4934495644072,95.3101370088021,88.3374189929194,85.096396691074,92.410693099587,94.4917244971436,0.0,80.5929353149552,93.388344581329,90.2479453415689,91.6280878179501,92.8690093446796,84.9510266455374,86.6716545454401,86.6247462594682,97.5081673567658,97.5477149883603,100.242843115106,90.5081078314123,89.6066421763799,86.5581794968698,104.900995036022,102.625893106361,97.8107259268159,86.4476593470353,87.07352791429,93.8054490467828,91.1106278494676,104.939500507055,94.1560208190552,92.2407176328253,95.4799584345195,106.744747388678,101.429328003675,88.1694032334228,94.504514713647,93.153397647434,93.0464091704125,100.845862042423,98.2710559165103,102.47776259973,93.8573971360885,92.4027512836869,85.6152815298065,92.5944806216439,88.7404983421423,88.9567444584893,99.9314946193657,94.2777824223991,92.9183771165007,91.9960553652932,91.5683689792221,89.7210682944097,100.397796373702,94.7878983024973,95.5384182762381,95.6781134918086,92.8734327982007,103.963063788383,89.1454089640398,95.7164506956887,93.0128405756768,88.5810090386202,93.5662623657735,85.828697382061,94.0334832092017,91.1362666628426,89.1773001077345,92.6973475463233,101.284675514278,99.7472117923233,98.9996296801103,98.0176727707759,91.6859599340318,95.5879845420772,106.74122530898,90.0452545416852,95.5438828876839,90.0703960625702,95.7041755307146,85.1768739380365,100.378178896637,99.094998129034,93.6389173103082,102.765201396636,99.4749349514118,91.8299078738255,86.9930002832321,96.6722105034281,92.0711639635279,86.1689491633299
95.6125194151949,86.9843618333316,84.4605503219994,82.5967128333974,86.525835745278,82.2475202100043,91.5329320727154,93.8145976614945,82.0483447492434,90.813813461734,86.7691015364054,87.8516957613463,78.7949229911128,91.1481104350494,84.3310304312887,80.5929353149552,0.0,87.6299293876963,83.2740609445099,90.8404284518583,92.0242221227857,82.7459641664032,94.7941124219278,84.8450197440935,90.4369790053345,90.2350083352967,103.528351280387,95.1378242113809,88.7114961056645,86.0949638822903,96.0180550833204,94.1078044107139,93.2037422677943,85.8344664868277,94.5188379110399,94.7768308097787,90.7332552612107,88.8522836940708,86.3214692071214,88.6361413487883,88.8392192429515,87.5915933494879,79.9033174639589,91.9119039541563,87.6398645930443,95.0819102526831,90.4440791245192,88.5656333059887,91.3406493776788,88.227880717608,86.2765555732242,92.6822550276857,87.8312245674032,86.6112361221736,91.7866149357174,88.7651103772969,91.4049938294767,85.6322971637107,88.0123461343889,85.3506246185649,91.9618996571476,86.1968049546122,91.1213275554803,89.0268610614194,85.696175115629,79.8226683607803,88.8572109261819,83.0268788969153,84.6124450527157,90.9949160688218,87.3061397653472,86.8634082125465,93.313917033092,89.701028352767,87.3205956404319,90.1291161679759,85.9366472785856,83.7537523111212,94.358066473736,93.4080671580758,88.4969518984622,88.0665211172392,84.2978456938864,82.8163876303758,98.0757027088518,87.7005957569596,92.5447616375655,95.8972782761485,95.5271267911744,85.963586303636,88.6762857927235,91.3668019604611,89.9271134038331,91.6717747343949,88.050062277413,90.007022971086,90.9693746252331,95.3504757097865,93.9146883952532,85.2786536842197
96.4581633905297,96.7596516466848,86.6276866261549,90.559761344588,86.6183769389308,83.3859857396169,85.5633519002717,90.0547653121285,84.5345823721615,82.8234917478328,83.6284058657355,91.1893073398796,81.9894600765109,92.9445734394628,92.8986885271645,93.388344581329,87.6299293876963,0.0,89.4589047856606,80.5815119097248,99.685381908106,89.9722599044318,89.597699020526,92.6887932002686,92.429028708931,86.0499749097261,97.4772031913055,98.7287048574401,90.7354485768223,83.9814708695216,92.8542637639826,89.8908818603793,85.0340524355521,75.9289026893849,81.8504332457407,80.0815254752062,90.9760568128379,89.09816933,81.6920128633225,85.6249977331652,85.5426096615704,96.3880595247029,91.1321526886864,92.2130993545836,91.5006334123622,93.4930063326648,89.0770452006079,95.783069349764,94.176063954292,82.3121596032902,88.9941168887492,93.8176499916642,92.3397150407587,87.4328869725033,81.1300575377322,84.9773462203389,93.4832726276448,88.6349911714704,86.2221572917991,91.146512278922,88.0901467371212,86.0938676218133,94.6580837564126,100.579463632989,95.9393472902418,90.6608340673602,95.5911805244284,93.9065215551509,84.8613446338442,79.5217768768362,97.4750617251886,92.4503122928718,99.3352937548752,88.5137397272765,97.1106155073329,89.0835800993006,93.9107705607549,92.5351109819167,97.507803519756,103.477718163205,89.3382232791021,83.3650878284953,85.7718067989299,79.1940758638249,96.4380908334247,87.4091444578435,92.0770543706804,95.4234120276473,85.8957205278736,91.72568226358,88.9928799180327,99.5523100433822,90.6120549567728,88.5092728599471,91.8209742018686,91.89757171726,92.7592633986658,88.3108406008483,94.2497984387497,81.530495559856
93.4948883327748,91.0684112044194,94.8045158291668,82.7384051357892,94.1758818266004,85.5293255802667,86.8039242815777,95.1633122657844,90.6351809336735,87.6171601936286,94.9411282991156,84.4784597336291,88.0979868954303,76.1725585334105,86.612662314069,90.2479453415689,83.2740609445099,89.4589047856606,0.0,95.107822949028,87.7473541215055,86.0881016374632,95.7928999242785,87.8266838656912,92.6209610504624,95.9018129858736,102.536439005596,101.387427762616,91.1640746416239,89.7257047811929,88.4101118180087,95.5217237573948,94.2074374045191,90.7065805365159,98.3525519363374,87.0809488464264,100.984356570253,94.3773455651623,85.9091719913442,89.0563536843739,97.3041021124642,98.9462225196224,94.0988653270212,95.1174682142661,96.3310558312229,97.2242746858459,98.0261851948502,99.2792327131189,101.807837417703,87.9782385305566,90.7912900457499,96.1283092173258,98.0399597834797,85.0083544264151,95.5219400279836,93.0925245268534,90.254672183287,92.6705953206745,90.950537840883,96.1980507089481,90.7285633887692,88.0194645183135,92.7783424285486,86.8269018566039,87.7093049808469,85.78075280345,95.2455289265924,77.7036820387184,84.7055992280071,90.3091998147475,98.9209289660581,92.9061700613863,93.8047033861072,92.2718203322851,86.1894097122543,82.547218431602,92.6546614911961,84.7581979841948,96.2766271894902,98.3214704225648,87.7306086475342,90.5230796842181,87.5193116049558,83.8560839274764,103.643355865595,92.5433344867721,100.898210486959,93.0072883509715,98.725904416158,89.5606815162844,90.6222106644701,95.971150435828,92.3323854215978,91.4127831798581,91.7593460514309,90.4020841233558,93.847474238135,98.5517332169728,100.773830825724,88.4083527146374
94.9002951454603,86.9992947613329,88.2082949745445,84.2088937851897,80.1239807191452,92.8320955140222,90.0746947282395,92.9392612805502,86.7227066327054,90.7228636466765,90.421491022189,92.4853600216184,93.3616622438287,96.9314054667704,92.9552363305336,91.6280878179501,90.8404284518583,80.5815119097248,95.107822949028,0.0,98.6501131527121,91.2818993819475,92.8281767681672,96.0260133890082,90.2166434946421,80.2398052942948,100.832053114006,92.2736137416609,85.667814414686,75.2468648679928,96.6684135265679,97.075623293617,95.9340524892263,89.4213714780687,94.5345534302046,74.5173192836961,95.9458668041599,89.0104604639456,86.8130077539703,85.4400000416823,90.4018359992405,94.2767384041515,98.3961549461639,94.0174922808075,88.1004450690508,97.4288167202906,97.286414492943,97.1738183766853,82.8037004372382,86.5895455839908,94.0019299889554,98.4158204393265,92.9813167699882,90.2396191342795,96.9269825429511,90.8467138592189,94.3722773726092,98.0224737465892,91.7242580597369,93.0153164621122,105.913179059938,91.7132733269645,99.5631057974034,90.3601536464604,99.7106712628813,92.0053512195651,88.3739100450931,89.7364486321576,86.8255475852413,92.5147641453335,92.9359914803784,98.4241520149761,92.7633063152347,84.0369382649904,104.611894687729,85.2739450309769,91.413653464301,91.5710523336187,101.954966668665,96.4428428386181,91.5806456052926,91.8417646913608,94.4375455031183,83.9384446999676,98.4828651970121,97.0536372838652,95.300744993435,88.6673104376498,75.6310323039842,81.3892237841641,90.2939032029872,102.308162676977,92.736132888922,92.7966187771329,88.9808114936119,97.1755415396682,91.8878768547508,87.8283470894486,83.1927104555042,77.4150379449631
100.612830204831,99.0903825000801,100.663155599418,83.5884690641611,101.679858462604,95.7932773957006,90.3594443084955,94.3187878064085,101.551992602654,97.7035113879416,96.3842363658113,92.7674034633617,93.1171485258908,92.63050163928,68.4400134539474,92.8690093446796,92.0242221227857,99.685381908106,87.7473541215055,98.6501131527121,0.0,87.7218623984177,88.0593762798195,94.9147213355563,103.385210139879,100.601297708669,100.767694350986,100.678003314418,86.4784886853211,97.7624245243404,100.397651032478,94.506285879767,100.613583267754,86.5143103070883,107.036723317188,99.2509700814337,104.609856378153,98.3911422962441,95.9317869696994,100.55421183266,101.431678252673,99.9408270302079,90.8579799140107,101.812191611182,98.8542086559219,97.1147590537499,99.5459850279905,105.273233456036,105.121559164105,95.0794187246211,86.2627452847421,109.832481369254,98.4681129903284,97.1232676050554,103.132874710869,99.138370559217,108.156595634658,94.5824216690756,98.9552604370986,99.6740681365947,96.8553649357019,96.8663372156521,94.6734883056596,91.6899495818515,86.8383931751983,82.6970041270652,87.3350019373607,94.7609177717391,92.7220750371745,97.8023791548828,94.0860271177188,88.2759429065953,99.6044822918449,95.5835782689686,92.4589029391812,98.8708215452733,95.3702341683348,90.3912763334613,101.172699819874,85.2607591312633,98.6036355509307,93.1044683858547,91.4495951886263,94.460053109351,98.7410000147359,92.2605615619167,107.810891080559,105.475153044323,97.2139332371859,96.9342203819834,97.7500304187753,99.0851565679568,91.2287441372486,95.8313268469905,91.8286772933781,103.310282432393,95.9199039787726,95.8516929919758,106.455829448763,90.3957513029588
94.6006551899011,79.9356324174452,90.6639109908031,74.6268668337329,88.3457247075455,88.4276221033423,84.3273867956459,96.9553455209083,90.8999735438669,92.7953075341177,88.7673780831665,92.2363752500021,84.2652918447935,102.235106483638,91.6422289254102,84.9510266455374,82.7459641664032,89.9722599044318,86.0881016374632,91.2818993819475,87.7218623984177,0.0,95.8063057205587,81.5499525999776,104.335525579948,95.6720477538158,91.7495646158163,93.3742024384852,86.4939508574964,77.0611262535272,97.0556178366927,88.0506677737394,95.8022428689064,77.7513820293986,80.9962865833138,93.7707988390663,87.8316419140088,97.1511963104634,97.2657922220411,82.2438229783063,90.9431913601127,89.1308115563378,83.5714185729459,92.3930720654594,93.7256994245716,85.7444663452979,84.8700324311783,89.1837169535116,95.3141551476483,87.1290389513543,88.9275619166719,94.9055846290753,95.5455843552585,87.6564455804887,98.0974302530704,95.7558795883416,94.5634007832329,93.0605081077875,89.6249394836966,91.9102516713926,97.1141093764649,83.3630765914744,90.4802709609383,92.9006058419523,99.637902543605,86.5518200286313,95.0080265258339,92.3442537990563,86.2442080601255,97.1792377906771,92.2910681041467,64.3578852001193,95.9814510113418,88.2751129567767,89.7486888614497,95.7260325891086,92.037988483766,89.8443037228421,105.688506248335,98.191671324683,89.4444067804673,93.0301315416916,76.7013542862715,81.3732772929728,81.8978759916799,85.5467742705139,92.6428280965822,84.3538492884153,92.4183439047526,89.7004810518257,95.7936062136992,90.4272136003574,92.5683654089566,94.5335590335095,84.9874771232151,94.3399245209455,79.457135303548,86.3320766874482,95.2170776520013,90.1290217141294
92.1730413503399,91.5114625734332,95.358114932497,92.4889318539998,91.4637981592052,96.0718875362789,96.2183139892596,102.222946363633,98.1505321956003,101.297811527565,95.4141439941616,90.3828844740391,91.6074020412066,102.06135321712,90.0870967926691,86.6716545454401,94.7941124219278,89.597699020526,95.7928999242785,92.8281767681672,88.0593762798195,95.8063057205587,0.0,85.7988843863891,95.8828660423221,91.1910083313702,92.964817634228,98.5300988679904,96.3106609924903,84.0931092716166,98.1605158364592,99.3268954902397,100.227633853115,92.1956649947807,94.3450461265592,94.8225281056784,92.6667011886792,103.36965597683,96.7020200895201,95.5509154664355,90.7858616042001,96.7942801511207,101.827731062182,94.3406819962714,96.672542087221,97.0183770655105,91.4966086516487,90.9758857713329,90.8100064378501,96.5461011967672,93.079887073609,92.9571305151722,94.6730209414719,87.3895602114484,86.4944929132947,98.8545116646716,96.4709949336731,105.133541848676,95.8863062636594,95.1794168307038,96.7233090724679,86.523422703427,96.6047333116885,95.1286239029332,94.467965988004,91.8465192269901,99.1766161854969,92.6396200699733,90.0709641737594,90.011046165437,101.330599550093,85.3087355312606,75.4354021746633,97.6332602606905,99.2091307741488,100.389172273827,96.5551496875544,95.3706855198816,106.060189356115,100.848118415294,93.4672696193003,99.0890541468743,95.722290094197,92.2974165432766,96.6216354413913,93.2427268960937,89.3138510161388,93.7991831930884,91.3268685282813,88.1919714003426,99.6858450246294,99.8501826295066,94.6701758886118,94.6741549900296,93.3448572937336,97.044716847455,100.151268947734,89.6334581242102,97.8590456880666,93.8965223916839
