0,1,2,3,4,5,6,7,8,9,10,11,12,13,14,15,16,17,18,19,20,21,22,23,24,25,26,27,28,29,30,31,32,33,34,35,36,37,38,39,40,41,42,43,44,45,46,47,48,49,50,51,52,53,54,55,56,57,58,59,60,61,62,63,64,65,66,67,68,69,70,71,72,73,74,75,76,77,78,79,80,81,82,83,84,85,86,87,88,89,90,91,92,93,94,95,96,97,98,99
0.0,69.2568164229606,72.9105413276634,79.9245465765343,75.2476431714879,72.2777905641219,77.7825299107224,83.5412164326789,77.2322633875289,73.4501342492528,76.9310815358498,68.8697234880048,74.4772901940353,81.3489982381792,71.1545958283459,74.0644027114423,72.0267793897945,79.9929649293061,78.446438228958,71.9504803152401,77.3808290783188,73.2935787100352,76.589249949991,72.720961123831,70.9410770855148,72.4759487871171,72.8082142427273,70.4464325316128,69.6459395591733,73.0370824220417,76.0611545708785,72.0307740548432,75.6036983195219,77.1796626459573,71.4943782371515,79.798351214466,75.8562414862912,82.4858067526784,80.0701123654381,79.1876591057756,69.5653114580939,78.4566059359384,75.1413849338887,77.3152826798934,67.8437599365879,78.2887736553471,68.8874811212999,83.9722575906496,65.5935534813054,74.9547006790302,63.3159890648916,79.9553359833729,75.356574578875,74.6084433449972,75.0084474819811,83.2984775346121,74.7890245465625,75.2819343243836,68.8124445723719,70.1817634084406,77.149035646459,80.1047964772567,77.3568626007779,81.2923498664265,75.0535675072958,77.866922972705,75.207687715095,81.1431581795487,82.1278901864564,79.8241402305411,73.640280611509,83.1976956673932,72.5992272820981,75.1320737848242,80.682714977511,73.5789684755051,72.5255145119714,77.8095694608878,81.6116787318689,75.420889077902,82.6296219565306,71.9873139265865,74.6779841230858,76.0629133594214,80.9120880498963,74.7857147508237,72.9913924536315,72.1128200953826,81.3569513380977,77.4665104484463,76.3140883271078,75.8848120201255,79.5791038003176,75.2467263614273,82.6880827966912,74.6121203635588,77.8716549190667,71.0550118154257,64.9441309042388,72.9817837407186
69.2568164229606,0.0,72.4701317714079,59.6141946311368,67.701646648248,70.420622141944,69.4840841097167,54.7566791098882,70.3774897092534,76.6352076755174,71.9619264222337,75.6724559899196,66.330458493685,74.3691142277075,72.9615876823216,73.6091775275542,70.3424673197362,71.1050341404927,79.3656267600456,70.9143279200996,75.2619737356332,65.9041130001581,72.9107482945773,80.9511256726307,78.7164094551807,68.4321812374545,76.088912583367,68.7252337488954,73.9444316284957,73.9310523358248,73.7742401310863,77.9715942114618,71.0346591701759,65.7445933635846,66.8161714191402,65.3870315761574,72.4054236689163,79.8224410817987,75.708998521967,77.2084650532414,66.3233399763437,80.5419423024108,71.2580092139837,80.4838803709453,74.5554209189637,76.0286506282727,65.7299096326455,76.495823290783,70.9993285563673,73.5468037981533,79.1154121308395,60.0850187673356,72.518289008801,70.6900442087636,64.0902715728978,70.0703956479939,67.6428443943911,59.7429633847724,73.0148244598515,74.3504610575162,68.6306683025394,68.0632702811883,76.9964384854342,70.3517416611117,68.8973492231216,73.3563067868449,70.8756034435296,70.0245153364893,67.9081148446963,64.3209052995878,70.1993154788406,73.6923759311394,73.0899835618567,69.1700448613078,74.354425419061,73.240620049822,70.8772290934753,67.2097830924375,79.8976965111361,76.9242807998707,69.7835013085394,67.5705697285415,66.5680453884081,73.0377059083199,65.5799995157009,68.7585758098467,69.1108015186671,71.865327583076,76.393904786661,69.2860432082144,73.3069431550636,69.1395781576284,71.2392758028866,81.0387777519041,74.6740972680411,76.2056400826567,69.0317286438963,72.6444261120931,71.0194103861926,73.2568450957154
72.9105413276634,72.4701317714079,0.0,69.3690511010296,68.0958008413222,71.8486489614929,69.747834703489,68.3054606433959,68.0311055491032,75.161657435219,76.097217509693,68.940336010748,69.4173757360283,77.9366700600935,68.4842443534519,65.1697346396185,64.4301089084518,63.2622819350396,64.9889292346437,67.9942827400569,79.4298700463024,72.7507562757215,69.5394231840801,71.9608196476044,78.0629752839642,59.2477310868951,82.3575431670901,73.3087198791898,65.0568791850349,73.5351601892708,75.4103969872026,67.3475287290057,78.9391547618059,60.8828334496067,66.3562239360249,69.1091099324809,67.9134799952688,72.929276768176,70.8070606085102,71.319457716102,74.6264458948707,77.7655788221061,72.0494630156425,76.7432945016025,79.4996261941506,84.1185830646724,78.0314653837365,79.8341834689679,76.8501687701006,87.2829290977543,71.555832530023,71.084695678316,79.1987040848545,73.8981369851649,67.0451102610253,64.2882835400321,70.2587265332282,67.4530193114283,70.2525806867483,77.2640058290996,70.1042328801732,77.7194074292946,84.5788399727224,78.1219810622777,69.7659031833754,75.1592376069004,74.3712861697463,73.4196522476466,68.6015376290907,64.8447242857588,67.9550805135063,74.1257895558039,76.1381202986639,68.9329634648687,61.3708371701474,64.3392285910884,64.6267507993178,69.4095822738913,76.0174998144136,74.9905534597657,73.1672119925324,77.2101203974751,73.021531600792,75.4647364807695,77.6401299006569,76.3860813984729,75.5548281860553,70.3380067999198,64.1892392430767,76.1412409116494,75.8124520661443,66.6343398427627,70.3970143694872,75.1610686952874,77.5709971102441,79.0383577525746,76.493041224842,74.0456016076435,73.6012608030831,76.2452885363559
79.9245465765343,59.6141946311368,69.3690511010296,0.0,66.9086452967824,72.0562909739984,75.6337177763052,67.8642528913131,77.0373541406241,76.430849172735,70.2347955835911,80.1673593811822,69.4188846056532,72.5188232495904,72.8917105020714,69.7440326855299,69.5105662569076,73.9293449656338,73.7546283481448,69.2327265412855,77.0529512676894,66.1638875778415,73.0368512106076,78.427735076063,78.990727140785,70.6421416284553,85.1306921888919,77.3706350347846,71.0931379281334,75.2580008562959,73.0268175385797,77.0401955272131,72.8186437482211,69.2828333336055,68.7217019070251,66.034722715607,76.2819795432737,79.9335568162008,78.00446969102,79.7721478098116,76.0437904286204,77.3445972217794,76.7976201763254,72.4586560478377,77.6056898441519,78.5755280880812,78.1376632087224,77.6834705645042,73.6151922121784,72.4670149461668,83.0183954168749,69.7921017942865,75.2145121243536,72.0685049188094,73.4997156988261,81.6090631798177,68.7090286432694,64.342029414918,71.1984225124315,72.1319434838611,70.6543991018714,72.3854221123537,86.6151028004077,79.8155629111997,73.8828099931159,81.9185383479828,69.1518700984849,66.9355250509832,61.3404750082712,65.9946509233544,66.6757619164903,67.4126883465122,70.3015344938269,77.161274719244,76.1686573624339,72.7428293374794,76.9336835383328,75.2419805609101,84.7026081232505,76.3700740668052,72.8602690028503,76.043161121486,71.9643558187332,77.74512032412,78.6594693861384,69.8614605168574,72.51531354743,71.6834422092449,70.3914781430365,71.3598291680641,67.6792894025,71.9164093203906,69.1471267828271,78.5098466050556,75.6737999171766,76.9650626095968,71.6009336428073,77.7888134293496,73.5545619897805,70.4295968384171
75.2476431714879,67.701646648248,68.0958008413222,66.9086452967824,0.0,69.9874016185714,62.2634662209918,68.8184955331935,73.5339102994862,72.9128300365366,71.5702958205701,61.3998493730672,75.2696846744492,75.0043077843176,72.6533815270982,67.5714166383826,68.9014501465488,75.4412697828425,72.2015302464987,78.4225808344086,77.5795123300144,69.7327487329245,74.7998004674027,67.4126053691806,80.6231014360749,71.8804171537026,79.7961707383995,71.6842256495736,77.8009811131816,67.07145563935,71.4417730962312,75.8514204879415,79.0550345445725,67.9849280441693,67.9506649698046,70.0892801054388,74.6261065870634,77.2608086394076,69.5835059986109,74.1471867403781,72.5044155441321,76.3568573966955,73.6711109570201,82.1244962511232,79.1828235136612,81.9906827196374,75.0928998585214,77.9325180793356,73.3133266860972,76.7834446785125,84.2033965619225,79.3278098409208,73.0068668074104,72.5766883886907,64.3098066138354,71.6662787500981,79.5582600464483,68.8262223510459,72.080164907679,80.0573626937119,75.9492983356113,76.3999564531638,80.7858220473423,74.2044272278885,71.9002183877623,71.5815943345706,72.8278799426816,67.0682773248076,62.6195632080086,70.2824518247903,71.6862831363103,70.3268820358523,77.4361023125964,69.4765907132494,74.8565408402122,77.1699252632813,66.4174840256617,67.7312489808715,76.7819757119907,77.8310808691358,69.4579402497677,68.1042275732487,69.4979002011499,75.8402412565529,75.6431407695691,67.3967758981526,74.2913051555297,78.360660678856,78.3417711629831,70.4444972624016,75.6951329600173,74.4208747295553,73.7257309713707,79.1243344719169,68.7439340321311,74.556046597481,75.0697846800282,75.6419647765031,79.5938367876311,74.8173926589514
72.2777905641219,70.420622141944,71.8486489614929,72.0562909739984,69.9874016185714,0.0,75.6729306670779,72.246035022944,75.4556244598688,79.7745767496061,78.989664976049,73.8014392293448,79.5597808372725,77.4081990283475,77.302721517076,71.702561457013,68.1914541599244,70.4269923227767,72.6790061414163,72.1321177161124,73.8084632396993,68.5680219693381,80.4918507457619,74.0204968889923,79.1797398126426,75.4890943067083,81.7206098786461,76.8817761112933,75.3358373773829,78.8623794504583,76.066849701193,77.9503116263602,79.6986614390796,70.7379958669867,78.8058669482232,79.5432459607307,81.3615185342651,74.6010708458352,65.5111472162986,71.1749442145719,69.1418819725899,81.3967597432735,70.8273777141033,86.8465314468785,83.3322468307043,78.9749444439248,76.6561786344129,80.6484961791805,66.9162596642333,80.6711901466,78.0901865821691,76.3753339668755,77.4618560682065,79.3011524099959,53.5829118426525,55.3713120926982,71.1911422084817,73.9814530483806,80.0410319641571,81.1015697386345,81.4962658436024,78.5236398601765,77.5663851834849,77.0869251799973,75.6116707082874,73.8239948207423,68.8609470631417,75.7391665894725,71.9046823881404,73.4614916636565,75.0741592068237,78.3101274070276,82.8477309373417,74.6308690294505,71.8107994969525,78.0685526899509,71.7588482184445,74.2003849474603,80.2052725680814,77.4276753337926,73.4466323458122,76.0265962963181,70.7179980854136,73.090589460263,79.4967531654985,71.0691351149402,78.2444785758079,79.6824810550529,74.4601377015524,73.3475911657443,77.3547107955948,79.7097123196572,80.170237849181,77.9545989878878,74.3740727738761,80.1699179254483,79.6501484243628,79.0915060843671,71.1043637037726,70.9529619380811
77.7825299107224,69.4840841097167,69.747834703489,75.6337177763052,62.2634662209918,75.6729306670779,0.0,50.0064582182949,71.4138264614686,66.6590626750756,67.7446444057027,65.2540137435148,65.2901883785707,67.4707281436541,81.6059469633975,69.506367831813,64.3541539481202,62.0404636023984,59.0816206718525,68.3494450057263,61.9741568301334,77.8220569790562,79.6957640624036,72.830292787071,75.3350545603022,70.410665665237,78.7895240503029,76.3326137260111,77.3199447412106,78.4532685244142,70.200300152718,71.83653185322,75.4694381324978,66.1804678797828,80.0311946653864,75.0145214188628,84.6568976308382,73.5612711562673,69.204762575544,71.9581565589335,76.7648369279655,80.5388965779101,67.379932905462,79.7608755809474,80.5453320515583,80.957818052286,76.9460879798122,85.0698850338805,74.0404502986386,86.1762016242343,85.103867703445,80.7236881680799,77.0540842736341,77.6201430354104,72.6172026518992,68.2757432474045,75.7288300065416,72.0810851750474,77.2202591391705,80.4533563047017,82.6161318362889,77.646906591306,85.2264400632003,84.4828719910052,77.6494168224272,82.945319426095,70.7807047965376,75.8018982751357,69.3719640710496,68.9506701969025,75.778040055507,65.6358649577604,80.2014359142687,74.0423814541083,73.938958893101,77.0047141934074,75.6270188886717,73.3411224591687,74.249560128701,74.1253151714801,67.3797909889768,72.7270516623982,67.8206885955813,75.4482052073565,73.7394556348732,67.2803407917042,76.2978123250496,77.0660905090205,73.594726407723,70.2229627753168,79.1704617843888,73.5013921483184,73.7622297400228,72.1714666061786,71.4024161354101,73.7081322430911,75.1322426622862,75.8377973909467,76.766379350418,85.1141783568367
83.5412164326789,54.7566791098882,68.3054606433959,67.8642528913131,68.8184955331935,72.246035022944,50.0064582182949,0.0,55.9724337345429,78.4867921824671,63.0067189306382,69.6393607236207,67.6212956254637,66.7428373802722,74.7374989084538,73.675903352061,70.6414101187474,68.6326962160975,67.9162143967914,74.7345167610441,67.8966696961617,76.2824920807582,80.6284904178938,75.6565813571756,80.7310690403829,66.5176089481753,72.8054590243367,75.0056293620176,75.6644512886186,74.1883334573756,68.5497498712059,75.8289508880506,78.3373533814557,61.2673180300014,75.7245211023623,69.8795427002568,78.855691574781,80.9527521827271,73.3300562059255,73.3722477646575,73.075869523747,81.6755704226287,73.3349604370526,78.0052596056608,81.2574208561695,76.8988909474222,74.2635642065594,82.7130839399407,71.2967270299715,75.7628923805255,76.1970675870525,69.7498882135506,77.0687399429169,78.9197470702191,72.3129560828565,66.6178575772441,65.702577189006,52.1482443958896,76.3844158531122,74.8058191697693,73.6815333478534,73.9816978545175,78.3766256449839,75.9759482605738,74.1132220412243,77.0629090225776,71.8307614117564,75.9789271152401,70.2520852276081,65.1060836529814,77.6284092250406,68.239265061991,76.484702483545,71.024992589088,74.818831487779,78.379691244131,69.6676865043205,71.5656113782112,74.1518509849542,74.9201714237877,69.7743947247711,69.6798359321268,70.6785717725268,75.7043208633541,70.3183005471197,72.6298086474153,81.6532302844496,80.1708843837168,72.5674819717651,71.3629886407752,77.8834050308423,72.1310252155877,76.5365591033535,82.6223890691348,72.8831659159735,71.813988382583,74.6494455798349,75.3445442245111,79.7756897955814,76.2647221964409
77.2322633875289,70.3774897092534,68.0311055491032,77.0373541406241,73.5339102994862,75.4556244598688,71.4138264614686,55.9724337345429,0.0,82.9568064370797,67.8187629937209,77.405277155006,74.7992426684428,74.572568805778,74.544660224993,79.5895703930701,64.2795928339095,70.6061148073588,69.2458183721748,81.3572924879829,75.5033169073517,77.8841043000607,76.3104420673118,76.5108887204844,88.0781201299439,71.0864330848666,71.7482066327385,77.9216457901743,74.1133621974222,78.1206954536536,73.1431131398026,77.2400555106585,88.6050962618874,68.8380923693661,71.1629731033767,62.2741290051877,75.1805110511872,76.8272166628315,81.1992653921899,76.0792333438217,75.3758974238919,81.8162864733928,79.7612936390443,85.2952609731162,78.7221101012044,76.9233842583393,72.6776665358877,82.6776388121695,75.1010742598308,78.3441544307964,73.7924288216629,69.5406516818435,75.1778299365271,81.1610279644827,77.0705868138228,63.2591319419315,67.7456579410979,54.8127047004865,80.9333860069351,78.2421074466172,77.1826836943003,82.2142289905145,80.6687895001362,67.2764139345589,65.7611875391467,77.6390292473728,79.5369040206105,74.0743349939568,69.8844108204564,66.4367239279665,72.5393669131427,68.0166573513263,73.9306044167095,77.1246122649702,80.2651092404083,79.6792573188098,73.0175309423912,75.1056673682071,75.7375627403183,74.2383985309709,75.627398848985,76.7615946811312,76.8645778674855,79.5978256979894,77.4991597249178,80.2586518783931,80.3246405321675,82.6531473900319,72.1111078358575,78.682612663179,82.987606102237,79.2415089752162,76.8045557822597,72.2758537659794,81.8256960278924,80.9470452394151,78.2976471680744,77.9240657146447,82.0227166458151,73.8930390393691
73.4501342492528,76.6352076755174,75.161657435219,76.430849172735,72.9128300365366,79.7745767496061,66.6590626750756,78.4867921824671,82.9568064370797,0.0,68.2959193159203,55.4300693631943,71.9140878362873,73.1491026663205,80.7631736027354,67.1616429303884,68.8866118093105,69.7522973473027,75.0918681597451,69.555175891868,70.4485864049468,74.133797757601,79.9734340623361,70.9898911948437,61.2509859325143,68.5875888818345,83.1239382444917,73.3343591694745,76.4551951475205,81.5828497535416,74.3482046998223,65.5605941254994,70.4586554436638,74.1823932832013,81.458734056663,78.6746671494241,81.7380863709408,65.1084597800637,73.527653745119,69.6094055501104,81.8481115507225,74.4610975683892,74.793113455099,70.0176043564601,79.6465831761208,84.549431948588,80.574376170743,87.454947814988,73.4085169368756,86.5371703805444,82.8542764351548,81.9752572727276,89.610427743621,75.7014086829879,76.2752901512705,80.0075260006703,76.8901288054576,84.3623506303004,74.2525450165745,75.7646814457044,79.9610761725252,82.992210804552,85.2788543862694,84.1833929568056,86.1961548637389,87.8697426085594,80.036293752598,80.8440137285456,79.7506255876927,80.3464604032625,74.7144664040919,79.9462745516036,75.2759443044658,79.6651858096074,75.8611116635911,69.1511458675607,81.3323126385066,79.8245837800284,71.9624490402416,73.8201059788859,76.04786812359,68.0442829579,76.6967966043645,72.6071586104266,80.8389979996648,70.3613377849155,75.2345865456302,78.7178856387281,76.6462867604979,73.9777012517416,76.1127253756635,78.4958377747319,74.4181893060016,72.2284256030677,77.8960853939157,68.2566560028292,72.1940242872032,76.3907426413943,76.0955768874166,83.7521860010505
76.9310815358498,71.9619264222337,76.097217509693,70.2347955835911,71.5702958205701,78.989664976049,67.7446444057027,63.0067189306382,67.8187629937209,68.2959193159203,0.0,67.4640029720238,69.7476785041853,70.404026652818,72.4411416671713,79.7987553857397,74.9050151220598,80.906186326987,70.0731479665486,75.1930419326126,71.6962067956564,77.8382588093637,77.236349233994,78.1420847404063,76.392890789737,71.2723102795466,75.8182285551254,76.4815201308957,81.2400889282864,81.404770101833,71.3938023807698,77.7172535027777,80.2971787399869,69.4699212597979,72.0829555150548,72.7705263105365,77.7681748223946,80.3021191833317,78.813142844719,78.7377890817243,76.0689402435187,75.5449209244681,72.3331249937542,77.1837410290282,73.1269998870486,80.7137236791549,76.6791129080071,83.4721768828242,77.6026061259231,78.2406946499486,72.7075977389504,76.6097946095221,80.6646443096634,75.3609103325512,76.492023566658,81.183247651501,70.8334732971111,69.0752916226969,74.5009808276059,70.9496973797278,72.3626802621865,80.8792340011318,77.990320827009,80.1385089377736,77.984546335079,82.6559113513834,77.0038842668601,71.7047146120731,70.6407259069571,76.7176859566927,73.5370248761891,75.101101180721,70.1634572576266,76.766991130983,82.2423436114199,76.9775309864608,77.2828343904399,73.0602089288155,77.0948916544189,75.8750989497007,77.5888515536542,73.4557507429855,79.507679687158,79.0397429615464,83.0297723337046,72.2004534656012,75.1820961854543,74.486704867931,73.2399113144379,69.4059205495014,75.6047803592184,78.3396790538926,77.745356899506,74.4525796082677,77.6438263359279,71.8536164178661,77.0705585573008,77.4925080636601,76.3557912635683,73.6300624791863
68.8697234880048,75.6724559899196,68.940336010748,80.1673593811822,61.3998493730672,73.8014392293448,65.2540137435148,69.6393607236207,77.405277155006,55.4300693631943,67.4640029720238,0.0,65.4376522305325,67.3111553184302,76.896781793252,69.054781228114,69.0300678662371,69.9981456514042,71.194615122425,76.9848662786894,69.7282462010011,74.8772972909104,80.7540982250051,67.9780593940354,71.2330565795746,52.397059825433,80.8689890198975,70.3099622391543,75.5012805406331,76.4456298330137,73.5413226222966,74.2915322741224,75.0252632030946,73.5936447202039,78.0772549646158,74.0679122545751,77.9997453705182,74.8730985747222,72.7220224346732,68.5709090051403,77.7885939063293,80.1909556468591,69.6810386507838,76.2894448025114,77.4384795449602,81.8476211707586,78.7077972584646,85.5128669060266,73.2907441239728,88.1221094754782,82.9323542990646,82.9611553373978,79.8369781397864,79.8858864199003,79.436637435955,75.7945611132139,74.2482521932513,79.8667829756821,71.2997601384725,76.2202137029801,75.4976444101151,82.6328658458003,85.1047990219025,79.8986559404778,75.2223249380738,79.4632618397448,72.7773882710954,79.4332604703858,73.3077841576922,68.631728713196,70.6867383094322,72.6862138202363,78.0306524523135,70.8280958337643,76.9608947033949,75.0126311850217,75.1784888926499,70.5947846756517,78.5245988207007,73.9035709075837,70.8259999939624,71.0840463475523,67.0491344708997,67.9124101013822,76.0754897110191,66.0846884207785,75.4016871205005,72.9757888741446,72.9086387336581,69.0717093349582,75.7696431806231,70.4680899258088,74.8374492522499,73.6639326412356,70.188069657452,71.062510203298,73.4737267795437,73.9228003503536,77.1949381131035,79.707887238365
74.4772901940353,66.330458493685,69.4173757360283,69.4188846056532,75.2696846744492,79.5597808372725,65.2901883785707,67.6212956254637,74.7992426684428,71.9140878362873,69.7476785041853,65.4376522305325,0.0,64.6950488648329,75.1503631025291,72.7118952842961,63.9774440104957,69.0266997721008,68.7975510765876,70.0259173246072,69.7306494091312,71.206350101539,76.1717733681925,83.0834662379785,69.8762587683762,70.5579584689902,76.0368945225896,68.6141086870024,71.5852081925251,73.9596562242206,80.3853160929602,80.2715095633177,80.324019660877,73.2196368511764,76.8470579454087,69.4071916267409,72.2585909098983,76.6141803185593,77.5055359418216,75.6379290742445,77.5970647488586,83.3042569466759,75.8169722785459,80.850486688424,75.2745932611715,75.9333564525138,74.9143532387548,81.8670396375818,67.8241914835952,78.9010292224495,78.3261796138824,74.2698849655482,76.9771138695074,75.4814753182858,78.9291927383504,67.0188308775944,73.9091579031913,73.2919004497811,72.7229443663142,72.9538530672946,69.5308734268786,69.4109962123655,72.3525741425694,70.6591157282083,74.392126441535,75.015666344285,66.8814728268066,75.2085344975005,68.8771614558725,73.3585626219897,68.456653045167,71.5184540567928,69.6411639105746,73.9190686645837,74.5489906090359,71.4904393202919,74.1938718987031,71.1692013781844,82.6948637715565,76.4419685899773,68.7194334388564,72.5791523020069,66.2984507332088,76.4930399020761,76.6393535612585,64.3370310552843,68.6437649707608,72.1120896491228,75.681794761337,67.1210133967513,73.5040315576506,68.1865066885404,69.0603310873348,80.8650214360295,73.1664359620461,71.6314048382898,70.7863239247164,70.1285364107014,72.550624723844,73.1751092104634
81.3489982381792,74.3691142277075,77.9366700600935,72.5188232495904,75.0043077843176,77.4081990283475,67.4707281436541,66.7428373802722,74.572568805778,73.1491026663205,70.404026652818,67.3111553184302,64.6950488648329,0.0,80.3287910702949,75.1906619283566,65.0585139638607,74.539478366507,63.525723915034,72.9431279364936,71.8933611167576,69.0314719278016,73.7022405886235,77.0200909608409,66.0929239928721,75.6383465533873,82.2500266817104,76.9045751845189,82.9024345207713,76.5488515678549,76.254432010563,74.9402933408076,75.205781490286,74.0217244861785,78.0158997710144,69.5265611281646,79.8340716983655,71.5385177594302,77.3665067437545,81.1260183158312,75.4125302088704,83.3044508538667,75.5347610222478,81.6988964856111,82.0841777731229,81.624838884854,71.0510751761994,79.4073642239692,72.6071623938739,82.4246724744459,86.3306486729383,81.0014330845643,77.3278180856747,75.0832017350841,78.0751541260808,76.8825685107504,78.9600873946792,72.7195120555418,78.1234371474465,80.1425849059461,81.5778187729879,79.7611825775108,75.6000975079973,76.3785199951054,75.4931212290363,78.870043008458,71.1880462345662,78.2444113515361,73.1542649024226,76.6417051421243,68.5830276618244,74.6159248997472,78.381935651193,80.3295975711185,77.5472722284776,77.5079019758237,77.2204044972608,80.7441971189999,80.8250389076413,72.9368960166534,72.7554646245199,70.9939592706906,73.4010627526742,72.3566988931764,80.0963040897778,65.9591155668735,73.3208018680487,78.9781367390726,78.9429298031807,67.4743907785132,70.5803965739702,71.3522582372173,80.1024540937216,77.4686492284513,76.1724777565384,74.4887528753531,70.9982872424425,82.417960679839,71.8565470049638,84.1143709292835
71.1545958283459,72.9615876823216,68.4842443534519,72.8917105020714,72.6533815270982,77.302721517076,81.6059469633975,74.7374989084538,74.544660224993,80.7631736027354,72.4411416671713,76.896781793252,75.1503631025291,80.3287910702949,0.0,74.9349773571534,70.4082490942366,79.8781634485112,76.365752890511,71.7013677650848,79.7299835927761,68.8116592128331,72.8958100958193,74.4976059774915,79.2757051628106,68.024807768332,75.4694021590332,68.5815857999964,66.3747668697548,66.7237285828922,77.2563757039865,79.1240833194476,81.676126804975,77.0287279310113,66.4349066082942,63.4118239956224,66.339465335457,80.8556239997859,74.3321928224434,75.8354344474118,72.8944682818223,76.857285631191,74.3904330828378,84.4853093691683,76.4873917864057,77.2152689532066,71.8856078436021,66.5312722165573,75.8892081907806,78.6836839321467,75.1725839691691,72.618821698532,78.1743883296904,76.0325598787244,71.4605906198814,77.8941861105232,72.3615607789072,74.6739812229853,70.5936022119299,74.3911627831159,70.4180144969021,74.3955154338754,76.7464544648599,66.8418375568851,66.9269115902467,50.519342204,70.2904969636481,78.4985177498462,75.7010299117035,73.8131854979657,69.1150015413055,72.6116064347516,73.3042754185686,65.8380010151333,73.2358259886266,71.7088063670569,71.7703225014807,67.1574471928445,79.4514238787808,73.8509696107365,75.0897252012362,71.1213439568648,63.7913074222063,72.4241700391681,75.0411538949902,68.9528837602048,69.0826043404749,69.6158422086195,69.9091363963191,72.8746490822086,78.1512747134628,72.1920206156477,69.431254452221,73.2884329789181,74.3949739039872,75.8434739120865,75.1628460280325,68.074133354481,76.3182528869516,77.6653200112398
74.0644027114423,73.6091775275542,65.1697346396185,69.7440326855299,67.5714166383826,71.702561457013,69.506367831813,73.675903352061,79.5895703930701,67.1616429303884,79.7987553857397,69.054781228114,72.7118952842961,75.1906619283566,74.9349773571534,0.0,62.1157898576087,63.0555563548063,65.4032720062208,72.7128597643562,72.5281004406988,66.7382390675712,72.0295356250514,69.6107065470544,73.2118868928076,69.5968381323763,86.1194031636459,73.807273115223,72.9076501283112,75.8204283673676,73.4572549113677,73.726884120634,74.5600365217369,64.038834625961,69.3190295846,68.7207911277536,76.0302038624857,72.0498650368074,70.2376131440548,70.8890510982419,79.4483622474044,78.6802925695157,75.7296253843587,84.2490255517974,76.1833581819513,80.5764542685032,79.5092556129515,79.6455190879242,65.8892303975376,85.7452282011004,79.9810636833439,79.9243656080216,81.9275391645811,78.861994767996,65.344492569749,75.7601933666466,79.0897689291322,78.498503951796,73.4217751661373,75.9241795021512,74.6993819863778,81.6706120054364,86.2373063123845,81.627804847944,78.0569416904635,78.4557406044935,74.0885641850523,78.8366342062138,76.8000320631956,71.5419380750312,68.3826854069338,75.2087016828861,76.7746122331201,74.5915433485983,73.9288563792903,67.507522176657,72.2410239132419,71.3476999757523,80.9971586728871,78.7508086939208,73.7794640393078,72.2081292779422,74.7932249499763,77.5517766640381,84.9733653513757,69.9802833135031,79.4784862258633,75.1204297165403,66.3361714652066,75.1786471949671,75.0431243492016,69.7929323249747,70.2826425863383,74.2886943501768,73.7202112613693,79.7323243471793,80.138907618707,77.5991366691805,76.1483924038127,84.6081075725296
72.0267793897945,70.3424673197362,64.4301089084518,69.5105662569076,68.9014501465488,68.1914541599244,64.3541539481202,70.6414101187474,64.2795928339095,68.8866118093105,74.9050151220598,69.0300678662371,63.9774440104957,65.0585139638607,70.4082490942366,62.1157898576087,0.0,60.2587466936569,60.0715478450284,70.6025136877764,70.9635175280037,54.0204130865835,69.2476598183247,71.4486911012648,73.5230663443936,72.4713429789853,79.553703655071,65.9962017746433,66.7196631956779,78.625594238452,76.317640325474,71.550760138186,77.1498165875475,56.1738317617439,68.20217024523,73.9635867804861,75.4780036140808,70.7516273656702,72.8143367064606,72.3647796911812,73.8685927978337,79.8694703908949,74.7869547262101,81.1640309628388,75.2882890641047,74.510128828159,74.1081566409573,74.1198761096062,70.7029857293485,79.0423188680646,74.2124626468172,80.3831461764702,73.8101823426033,68.1580441828896,62.6706009459962,69.257001107128,69.1883911456372,71.6875061590791,75.46665143702,79.2045328179254,75.8477129083392,77.3744175722426,75.4049464517118,73.1146561198219,73.5284743232311,71.6368488364664,78.3077155601737,73.6073773916297,70.3554028215414,72.1729848199151,64.945779756295,71.5721675943426,74.8294239201119,70.9483383958296,74.9616178780208,74.4024452262453,76.7493297825529,69.6547695733641,76.9286685265053,73.236645022393,71.4997823866039,75.9764411055463,68.0769826788238,72.0547778905624,79.3405161888175,71.9421374948596,74.6597158165572,78.5037560674875,73.4689048198948,75.7314379998114,75.5316538298503,71.448171571054,74.4918244493233,79.4928144745356,71.1150832014682,74.4299595121613,75.8412338468163,69.0768889040895,70.8232900174393,75.4231656933311
79.9929649293061,71.1050341404927,63.2622819350396,73.9293449656338,75.4412697828425,70.4269923227767,62.0404636023984,68.6326962160975,70.6061148073588,69.7522973473027,80.906186326987,69.9981456514042,69.0266997721008,74.539478366507,79.8781634485112,63.0555563548063,60.2587466936569,0.0,61.9318027158517,68.2575164878138,74.0264597354614,70.6075403522162,72.9569855280187,69.6334957857759,70.2043772593404,75.5307064181046,82.7284440334659,76.2023733287346,70.5493869620994,78.0624482225424,76.2376553933373,74.5778131861531,75.7400860528871,60.3619762698887,74.9124006039307,77.7336480983584,82.4927196775307,73.2593348639419,72.2427386763605,78.9465312964803,76.4616140153955,79.5929143554842,79.9427879980029,76.4835366243163,75.6264014008806,84.5031216812574,79.1343952161685,85.7755402983178,74.9956798294193,87.6267418107519,81.8677586433242,74.6504186793045,80.6890203739834,77.7267932116356,74.3111229987475,75.1588784229134,68.3442676147067,70.9308573173267,76.5048713088483,79.4840525099722,76.9065937129838,77.099498810025,85.2554152881291,77.8102946708306,80.568238035817,85.3455109062158,76.6307321797668,82.8137366830904,72.9559873625298,61.7166418211705,68.1189980783872,74.5969494197456,80.2706942479324,71.305013202973,63.8647789342809,68.8835164901462,74.8829409277642,73.2546962711938,80.3324149653971,74.991448066409,72.5192546744075,82.4073431375842,74.6244588459617,75.8210707587228,80.7456483086866,75.1143722322849,78.3866321407821,79.6591701289164,70.2219707009393,79.8692609882916,74.0781728001392,72.8943465978729,77.4871060594234,72.941974157933,71.0608932646661,72.0446211608556,79.6469971667802,78.5776009110857,75.5383764962145,80.7295452840862
78.446438228958,79.3656267600456,64.9889292346437,73.7546283481448,72.2015302464987,72.6790061414163,59.0816206718525,67.9162143967914,69.2458183721748,75.0918681597451,70.0731479665486,71.194615122425,68.7975510765876,63.525723915034,76.365752890511,65.4032720062208,60.0715478450284,61.9318027158517,0.0,74.6964388206846,65.8229811593524,71.4239308665221,72.2142521112404,77.7967626821569,72.8368951841458,75.7737774806282,76.394960938852,67.8242620958811,77.5195360480582,73.424069141085,67.1925855710625,73.6282960866994,76.4014548685946,54.9340799800838,71.2781198164913,71.3615361506885,79.8373930017811,72.0852412648903,72.8656511044368,73.2779826487162,77.4390822236594,79.8300722509888,76.1120051695931,76.4343227146478,81.5154561166952,84.9245856811774,71.0651082570567,84.9502623228378,72.8322515996962,85.7805063785055,85.2616995250328,77.7729780030128,74.9730296307952,73.0157991336183,80.0166570279004,67.4048290233463,75.4560106049183,68.3476987106421,78.5582808483511,78.1958227603203,81.6468219353359,79.1833837300291,79.7119431422148,74.0886739940443,79.6959149857958,77.4283338795992,77.5970925108741,82.1135193396099,72.1921044838257,65.7684192630402,64.9019729051994,73.2585205992979,75.7502930645979,74.6242827931692,75.0350217711972,70.31643541811,77.4304167577844,72.17864043186,72.3572754832061,69.763674765483,69.9452554600656,76.3628683578831,69.1813789699431,73.3981240324435,75.5756208195691,67.4921392739445,75.7163227762353,76.982770467062,72.0771983905125,68.5079022427681,71.4095737279782,75.9985068876831,76.3825175495821,70.518903931216,70.9742211643662,74.2647840088131,82.48521735111,72.9391889315853,68.7361782901145,84.3231537501574
71.9504803152401,70.9143279200996,67.9942827400569,69.2327265412855,78.4225808344086,72.1321177161124,68.3494450057263,74.7345167610441,81.3572924879829,69.555175891868,75.1930419326126,76.9848662786894,70.0259173246072,72.9431279364936,71.7013677650848,72.7128597643562,70.6025136877764,68.2575164878138,74.6964388206846,0.0,74.3392882767661,68.9018057367641,76.475546947939,72.0616649893064,69.5173755545416,71.7038387633737,73.609561493662,74.4019344304524,73.742602984998,75.9355645959483,72.9581374091019,76.8512460876047,72.950240920029,72.6682596334886,72.6843403944772,71.1032369862556,73.1301589810551,75.9416537611314,78.629020898143,76.9997132220977,74.2731408518236,73.7387443736932,73.9824678198989,76.114536489373,78.4323745530925,77.2322563713929,73.3438194795774,77.0488334001461,55.9085381138959,74.4209334888997,74.8632124533903,77.5887599956066,84.8437314056923,72.4009950254321,70.8632356680317,74.8909457696802,70.4577203855255,75.5879769835033,69.3654889982369,69.2218000106796,71.4560575477493,71.0248064464339,79.8985686081251,69.2550691460309,74.6022377160535,78.3067438487695,76.06941456644,72.3061601184782,70.4295353029753,74.1435054233553,63.4522354570758,76.7933441107522,74.2306872253167,74.1131631271071,69.4235962162559,70.2133627773928,65.7703224445674,73.9355402151733,79.7962611742177,74.9236575927145,71.3089370507306,70.9279908203417,74.5502398813292,79.4412845628445,71.2035447775887,70.9501016771405,71.9140737970526,66.8718546003864,74.576109638008,71.213363832675,72.5813770509864,72.7832673807755,70.2366211883077,76.3115552328499,72.142946175131,72.8644892574372,71.4134865357568,75.4143597126997,62.0622014153451,74.621070242188
77.3808290783188,75.2619737356332,79.4298700463024,77.0529512676894,77.5795123300144,73.8084632396993,61.9741568301334,67.8966696961617,75.5033169073517,70.4485864049468,71.6962067956564,69.7282462010011,69.7306494091312,71.8933611167576,79.7299835927761,72.5281004406988,70.9635175280037,74.0264597354614,65.8229811593524,74.3392882767661,0.0,77.2600780950001,81.0236802857836,74.6006440443747,67.7013410772994,69.3223916472735,84.998049589692,74.6826967661107,76.1713524788298,79.4905604250229,68.9269275026868,74.9697471026627,75.8815322897097,71.2040664428192,78.7054887475421,73.0076591375996,79.9361424588542,73.0611619542395,72.9572523063098,66.6982919628732,78.9345909240207,82.2731352246692,72.2980924660279,78.0461260067763,81.507313122036,86.1949732213014,78.6042250150394,86.6659763775448,72.9717306330682,88.9822543159898,84.9211139510467,86.3484548543782,83.7265044764859,77.220752529916,78.2739681583989,77.3936297544399,80.5918074818352,73.318244077149,79.2627508655997,82.0992781653162,79.564792047325,81.5635232836379,84.4453819395929,87.8017441829243,77.5209641144565,81.7006350787853,76.2507864266831,78.7576993256995,70.1662053121121,77.6136766350072,77.0848332573849,75.2163117138753,81.4936921099934,77.7639241363286,82.9863674088169,77.2401655193426,73.6250847920747,78.4123772390988,73.5034230868791,75.4362051936399,73.2993131543383,72.1865867083474,74.2352838782932,76.2802040474023,79.7836298491549,65.3948248050055,72.2686780866769,81.0780794919375,75.3381032190881,75.1809871869228,77.8712510133189,76.1109151434596,76.8017797135067,71.0914740822041,73.8286843788675,76.7208890102248,80.422685550441,82.4153188008647,73.2367315419676,86.3372223216792
73.2935787100352,65.9041130001581,72.7507562757215,66.1638875778415,69.7327487329245,68.5680219693381,77.8220569790562,76.2824920807582,77.8841043000607,74.133797757601,77.8382588093637,74.8772972909104,71.206350101539,69.0314719278016,68.8116592128331,66.7382390675712,54.0204130865835,70.6075403522162,71.4239308665221,68.9018057367641,77.2600780950001,0.0,69.5191417204372,76.469117539569,75.6883088306682,73.6079155624244,74.1509242485284,68.5893623098269,71.3181590738619,70.7430769696878,74.442063363251,67.6974374518157,75.3978946019183,60.5545840078714,53.226625226527,72.7740550230538,71.9494936945074,72.1882683248701,75.0273036379658,78.0602843886435,68.4894376784234,80.2803690087153,65.8906679996162,81.2095747240996,74.464697541545,73.1353794095797,70.8276804407932,67.9990546546684,73.257361937566,82.3572658958395,72.3115284110151,76.0874013186307,80.7070556872861,71.7225727423836,74.3205386078099,80.5387359042961,76.0346619492113,78.727411728783,75.2760766736265,70.9320868696542,72.1001353819778,73.2501296718294,75.4135432112506,74.4155188194994,73.6266811471297,75.3596784456711,70.021272538121,77.3733813446563,71.9917979708641,70.0005431801897,64.7886388605473,76.4896932477772,81.2331837559215,66.0446369583407,70.9775106753293,75.4893458077983,79.9860486950031,70.6935918015347,76.4037843219589,73.9653866331908,79.6692618943272,60.0792937796672,71.5973267008759,76.1608000728318,66.6803483203496,73.8947924873686,67.1786283671052,73.6626941656782,69.4024362729061,76.8771313488856,77.1291883407959,66.9641134270176,69.7759937527838,78.7927449759458,73.4287044338763,76.5532681860141,76.5837412188913,65.9039972108767,67.2003129857428,81.4300197540456
76.589249949991,72.9107482945773,69.5394231840801,73.0368512106076,74.7998004674027,80.4918507457619,79.6957640624036,80.6284904178938,76.3104420673118,79.9734340623361,77.236349233994,80.7540982250051,76.1717733681925,73.7022405886235,72.8958100958193,72.0295356250514,69.2476598183247,72.9569855280187,72.2142521112404,76.475546947939,81.0236802857836,69.5191417204372,0.0,76.8722267905148,74.8070964598809,71.942111788719,80.8288717267574,74.2963814486184,66.2803381562227,73.7005202170016,80.2037520821939,76.8588858079081,75.5139222067933,72.2219138321789,65.5681395275495,71.2731685567842,69.4243336356073,75.0862926528708,74.3021543468857,73.5742921418071,69.669544239769,79.8930968264286,77.1097893273039,78.9604226244001,74.1791451097351,72.8490861872556,69.6491999553797,79.7112646347791,79.5375131556665,78.6295112576585,75.1265811190019,75.352103626084,84.473791098388,70.7321872445817,78.1845060053909,87.8105562881344,75.3407120091984,76.5057970169123,71.2827302544976,76.7264926361645,68.6871636179971,77.634831158801,76.8623985019842,77.090940961645,77.5087481265902,72.8390173937204,74.5391195272505,76.168825228061,81.0690060245526,76.5168056151984,73.2830821538363,78.970885709131,72.7067010573738,73.5239147696424,73.6803177653246,75.0554785459427,74.7089682715424,72.4928003145379,78.9849323220976,76.6423307816419,81.7182613079431,73.8996303130673,73.6796844683883,74.146712300054,80.0199173063146,77.5852401232845,75.10442943215,74.4257588964174,72.6809913783994,79.0821770529935,80.3542119957354,67.1216907345188,67.4328687878221,79.2025540709641,75.8068444982884,77.712101597447,78.3214131972745,71.2068362508191,73.3428799961113,78.4230674935889
