0,1,2,3,4,5,6,7,8,9,10,11,12,13,14,15,16,17,18,19,20,21,22,23,24,25,26,27,28,29,30,31,32,33,34,35,36,37,38,39,40,41,42,43,44,45,46,47,48,49,50,51,52,53,54,55,56,57,58,59,60,61,62,63,64,65,66,67,68,69,70,71,72,73,74,75,76,77,78,79,80,81,82,83,84,85,86,87,88,89,90,91,92,93,94,95,96,97,98,99
0.0,62.0159782578625,65.2263796396609,66.5939091258937,71.046021999429,67.7093135668328,54.7848594882437,58.7919362479492,66.6548829641855,67.9357867657838,64.0933809582551,68.2251554570772,66.353624736028,72.1836446726407,72.4967588875234,53.4177650795734,69.8811401884471,73.2142177971173,67.5201131150628,71.3386761958383,69.0312709000743,78.325972965603,68.2956235072814,67.8635468777933,63.9328782259474,69.6062502349776,76.7179923418228,75.2716407707351,69.0216119502337,75.5845088605335,66.3036190499197,65.6182923097532,59.4506604083747,78.2267025624936,75.834098083569,67.3332268836901,66.2955487802056,67.2140842297915,69.3762062453584,68.4790250155297,74.5916919378872,61.2036010091593,73.8642503538524,72.4366137155152,70.4988767037744,79.4489668007082,78.0266282308207,63.1957509587947,69.5926917084303,66.6153425878694,70.7141811528871,61.8260189041214,66.6730667831412,73.924357642793,61.9500325650143,71.7088494148897,74.2778481952852,68.4465923581862,63.7995547063475,67.1241037517638,70.8229220756321,64.2366943267275,69.9155431980624,71.5050235339425,76.8674327892382,66.5237521800502,74.1579541921031,74.0517673095727,77.9184801679578,72.4769118116883,77.097299424369,67.9128788022476,72.6197390751561,73.7249595251272,64.7262471355259,70.7827097781774,77.7462489839542,76.3351516032885,63.9793012800925,77.800654628862,75.6172350599799,69.5322462188095,73.6512522878304,77.4420763937803,70.6372756284897,69.6307924713132,70.4789901966242,74.3838521372061,71.5423802306416,64.8351416475463,73.6798694537,65.9967789310144,71.2024805139208,67.6349976317255,72.1509942504786,77.204859255496,71.5077419342063,70.1038640435074,73.2629169508831,71.7984285876409
62.0159782578625,0.0,60.6522854797129,51.8031579367224,61.3170521494464,66.8746371383417,57.2135029508604,64.2265514279846,73.1852321339188,70.0141813100255,70.2515914293947,71.2471200248818,70.0638644417342,67.7293554545518,75.015009274396,57.0991145377689,65.0109084212606,69.9217295492587,65.1518516862687,75.9992142026519,77.6832869138847,66.0607141464194,72.1747363386194,72.3460227027729,67.3125428689293,67.6077413121075,77.896985489832,71.0578166750913,69.5465206947279,67.5751290351683,71.3836440279072,70.7050512722906,66.939400321359,70.8717083072687,81.5856285913916,69.6025003782155,72.846546824016,68.514126060544,71.4049241944647,70.6406614068385,70.8831988073965,65.1911774895293,76.5720529622559,63.6238006079267,66.7367263842849,74.1399189648744,65.602991120508,67.0089527746854,68.3353134069474,68.3661753869902,68.4412114758,66.0757911664857,71.747776141761,66.157328105784,61.2496369626706,69.1947221970446,69.1937794838254,72.5318300629469,67.7671597628532,62.6989172718837,62.9422984236747,76.7847059054996,70.6012315462003,69.2409096358714,77.8832178251108,73.4432085100424,71.7101490400556,73.4752096732242,77.0328750993054,70.7534973008888,81.2800077403719,72.8582662413297,72.5551239869593,70.8086757675416,75.8193620626818,62.0562348710996,75.0546743266715,72.8700330910485,68.6376704459599,68.4093595339555,74.247252763778,70.5286441195172,68.2333307952825,73.7161935541402,66.9691086599435,71.8567556051692,71.7785026474537,73.6768034069046,82.3964652564405,75.9684977884313,68.8201876307328,73.6437645092589,64.3854363214691,75.3013454579357,73.0282193194401,69.6901438860649,71.3126599548658,80.0276017342211,68.8277285921096,70.8880918000375
65.2263796396609,60.6522854797129,0.0,63.7283953511022,65.7129354672049,60.2505313303854,60.3363248839621,62.4809485378987,64.4155102830281,58.8494480455217,68.032407893026,68.8579170868907,70.5448311585792,68.3953151424177,77.1377637366029,69.4445716982552,70.0295493352651,70.9584157900686,64.2782606829088,78.0650984094829,73.1022666633469,62.5234255124254,65.2552979150265,69.3682191210429,63.9541856627458,65.7314484732411,75.3922802286706,64.169293755906,65.8878749412218,73.0745115788177,68.1601733511594,70.8490239086003,66.2527889062917,71.4159557293643,71.48934926597,76.0088264089176,72.6158072019886,76.6138881431135,69.1509367111775,63.6423534572819,71.5407607899913,63.4747556992227,73.5946923108145,70.7635404602287,72.1156894402115,78.2562288856991,76.4343538549865,67.0751961959773,72.6820690845419,69.7892907734676,69.4286990670765,65.5938146423339,69.7419499952478,66.6864111356335,59.8576639433556,56.3230545527744,67.9807951433777,65.5608721113941,70.1991064937767,68.1273132468773,70.0491815849488,72.3792469655199,71.5142054631574,73.5592227420734,79.7148075940565,81.3257723143828,66.0198070038454,71.4115822549952,80.9825563567573,72.7147913627239,83.6664609633045,74.7234136579733,79.3241091943496,67.4601842366798,67.346183745914,64.605226049195,71.1302267135192,70.1186661776064,63.5900843499571,79.1386077111773,71.937396699192,72.7139587170795,77.5035803310004,70.1405053849735,73.9382853481533,75.137527093961,71.1504384591408,67.654746559456,71.6680905389569,72.5834910604426,74.0033513509966,75.2941494305681,65.1750311632607,71.375768296722,75.2028260215494,71.503375718507,70.9451642389684,76.1124477748869,80.9454253970035,76.3217961326038
66.5939091258937,51.8031579367224,63.7283953511022,0.0,65.4020692494993,70.8392872780128,54.5540941304997,56.7774058847259,66.1166539174896,73.5025722052566,76.6959984494762,73.1740553927995,67.4471523647704,71.3429561093603,78.1843129881177,67.9390316728407,72.7516540700928,75.3484023312717,69.8093601087282,83.6539106019973,78.1719032704898,78.5390317495379,75.6688240061734,76.5094220705223,70.1685563672551,64.4859698744952,73.9599586871067,71.7903191157493,81.4439026027657,85.055317788341,67.2164150311588,73.8627121856282,64.2433356910558,74.9717531937938,76.5515592509403,73.6964481308519,79.3255059571521,75.103259241997,68.4065068192096,65.8558368447823,75.4518398258387,59.6183313180783,73.8721754859025,70.971479381244,74.7969155544095,75.746513304335,72.4915792083627,76.0832071202175,77.5362213935215,76.596986572246,71.2008269651512,65.2510265423533,73.177463036564,63.9696667740724,63.6473495263727,69.6609281120625,71.1565252301056,69.6763730020977,70.4857065207792,67.0772642431246,62.938397010013,73.0238871568481,73.1866878014158,75.9105567237625,87.8998414964175,76.1295535572009,74.5103791923501,73.7240833660901,74.9047675543609,74.863197483776,81.9636455632196,68.4329979789605,76.9872088824454,67.9071382081744,66.2584459527695,68.4829963889625,77.6203390680187,74.9486795976663,67.3244027989645,72.8795266236579,66.9510466773102,73.4887161130511,66.414466941645,69.9940625940034,71.8221495241566,79.0656389728998,79.9548269953874,72.874607793758,83.0050873039739,72.9406828341359,67.2181135014249,79.5130133285139,65.7167207855579,78.8996038583917,71.9092330309637,77.8901442649073,79.0294054705607,80.9321580958461,72.3060447963051,74.691685762975
71.046021999429,61.3170521494464,65.7129354672049,65.4020692494993,0.0,63.6054947318849,67.5522455034933,65.2910583725798,63.6412142988635,68.2797973967174,75.4704712806447,66.9335801672293,70.8965917952644,72.1998631667863,72.0179463664431,69.1577307779995,76.9398094400488,72.5269793303379,66.2697815089772,76.9704870392135,72.0961021948576,71.7498230723185,68.4973904531634,71.6214768565997,70.5888391460239,68.8127712788389,77.1481533451454,69.1791236983091,70.3839599913698,67.8098311110678,67.6651519316888,68.5247867986301,62.9848025019361,68.0911935189907,74.9987615325431,74.6272070871673,67.6911740344217,63.940021520865,71.3817007359269,69.0138216429731,71.3012477530038,72.476446785592,83.9192447317986,70.0589925273774,76.5870387509733,71.6697154410568,70.8587677663588,59.7173210331783,69.2279215452531,62.8486772604772,67.9960248762034,58.015113272088,68.9572917242219,66.3320493400164,49.0980441870175,58.9798739642684,68.5838538387413,61.5802011314718,65.0673200388174,67.9868256240737,72.3303373320004,79.4635948151855,71.0694410606342,68.9440876572265,76.6600562158426,70.6712274604202,70.6262348354703,80.2157636827788,79.6582698343398,63.8057873180758,77.80299062314,65.932550857137,67.0897839855848,67.4599994048002,71.4005328716651,66.3099927064465,73.4186975132036,65.1467550418644,61.9915066961276,72.1344257928672,65.4384283593324,64.2323196411679,71.2311496377477,67.6551637516475,66.5071159867297,66.5593662887191,67.3679039980999,62.0343355710028,67.7587997014786,67.6015025748298,67.9882714363779,65.7892714401306,64.7489340635319,67.4354499970277,78.7813680554522,69.4855281663668,67.117634553188,70.8008591986451,74.7932803545229,69.3785957758324
67.7093135668328,66.8746371383417,60.2505313303854,70.8392872780128,63.6054947318849,0.0,69.6876482625212,72.0972270141199,49.6081472120352,79.8403741801467,76.2113299042693,71.7976505075726,66.537905808705,75.3787574981462,73.7166451351485,65.6039253436936,82.8081379725548,75.8333941316418,70.9784586135686,73.8053467013981,76.0930062564791,71.6374316524757,73.8277360127273,78.5416645864792,70.0499502206484,74.9889328353805,66.9653149334064,71.2920866880323,68.7696109527207,70.8530253837373,66.699712845253,73.1714877800534,61.3567287421929,72.9891185056,73.5318284944477,71.063502909264,75.4137017213798,73.7842076291168,73.2607295093121,71.1463827980907,79.1657521480893,74.1038337468545,77.2363768180715,73.554539538434,81.4398079346789,62.7888531459464,71.7875462938456,68.8677277178946,61.3804721568767,73.4869772213943,64.7317567851162,74.500410825455,64.5438337342808,74.8360423042157,61.6551823182963,47.4429875398935,78.0720468715852,68.9222424511419,70.2460556809639,77.4000312268489,73.046068845182,76.0831249513281,64.4139863011205,67.9286687052538,78.8154751301034,75.2657116072371,68.6925512575704,77.4689788506242,74.5679595772506,71.5264342355708,79.7417987192706,65.7451511837852,71.0755892522876,68.5173896358761,74.2290356176085,62.0579755039076,68.7245262220133,66.1568053341735,69.9493331580241,69.697315293638,74.4204260982289,73.4293317662159,68.4955470537763,68.1995512358423,79.6962674160207,68.0161587143054,68.0682729162209,69.0294552300203,70.8714021602332,63.7187471525672,69.2634189599671,71.3434628747705,58.9087296749242,68.4342273148422,84.0917074079859,74.3789427513189,67.5346479641248,73.428535775888,69.0722019091526,68.1206691197018
54.7848594882437,57.2135029508604,60.3363248839621,54.5540941304997,67.5522455034933,69.6876482625212,0.0,51.4691321558054,65.1083952634417,67.2831645892619,70.5624284052253,73.288661838143,69.8706894377589,66.4020003962423,74.3406474312459,54.5233026641005,67.7898777546325,73.4490515561434,61.2151182975725,74.604049036658,68.2027605717705,71.4883972870772,65.7918930582391,72.8583730319892,71.5526241317778,68.376117978196,74.0911807772584,72.7032867471627,72.575410524597,71.835372539054,67.9770692769192,71.8509109550866,61.0086308513578,67.0390420512532,72.6145644420092,68.1089681515453,69.6563918670943,74.3391214924368,66.42359790146,65.2263800404836,69.4798347198325,63.5844538458269,72.3355071823746,75.3656572587542,73.5549221221385,76.007115914251,74.201673645088,66.3913196839693,68.9729785219533,60.9202660361353,77.1620827111748,66.6957190080011,66.0406952625438,77.4355356580117,68.47454984283,70.4159109028354,74.9308155105342,65.6965413395179,73.4143362324952,67.8334314337859,67.2921762039024,73.953192262704,75.5490509179565,72.5475862568725,68.846725607117,68.5409508055196,71.9834511325119,75.5986491892579,75.0278260059733,61.8807412120637,71.1365369325231,74.0923922580871,66.1219773244895,69.1040956611435,68.4296141175144,72.1397107082649,73.2321958009734,66.257579083335,71.7754281347136,79.9443037393408,75.5403204270051,70.8054579649568,75.0333213321736,75.6969145544944,74.7405729608161,69.07973676279,72.6144498750595,74.6840035330795,68.1936523515116,71.7124949585041,74.4403831019453,67.4069369052063,59.8315737829244,72.2933053636875,66.0315604008148,82.4140031244429,68.9989564657376,69.8720884356344,71.9472571276192,64.1441283092699
58.7919362479492,64.2265514279846,62.4809485378987,56.7774058847259,65.2910583725798,72.0972270141199,51.4691321558054,0.0,60.0381011814047,68.7631326445324,72.6708005643403,75.407250035156,69.4056486644945,70.1676212665402,75.6861506813065,60.6088360992199,69.1486545943532,75.8845916660174,70.8734489841061,74.2160542307888,74.084505560603,63.4025371620916,67.3897383944309,75.4384132958642,69.3123588290088,73.9668661055523,73.5765804454664,73.7484302280896,75.512624088122,73.2390135820731,67.4585406443821,70.5580909595101,61.7285347217193,73.5431495768841,74.4544445358222,75.8994827179067,75.4785140117335,80.0933362417327,68.0633900892493,63.2865775482299,65.605577222381,61.1348524396692,73.5792130090176,74.9161729760381,72.8997959293022,74.5752093362594,75.8734901532625,71.5438067550832,80.5326715559141,64.7089454913825,72.0582953805564,70.2750832234499,70.0948119893401,65.7146984925873,69.0479958872851,62.7376502050845,68.4817686391842,57.0543491684788,65.6746379848002,60.2807560425292,61.5986756287325,72.1342639931972,73.7340171683297,72.1226320140788,78.2482655029161,75.9706838164216,67.6857750342786,69.5054888186514,79.9277055249258,67.112810615203,76.5213838912379,68.6312783365357,78.841660113411,66.4265306288421,69.3286312467208,66.316756919169,77.5501995023313,67.0009281350751,72.861357201008,75.5171477776866,72.7544015248166,73.859644342171,73.3826848564398,75.6800028499398,75.4995341422104,79.4831904763484,72.3195498718373,66.3073448580402,76.4758771742906,69.6555433770331,69.4877070032878,78.2074521992527,64.1837303979585,75.5554348841807,74.3663092633849,78.9239044796069,70.6213124887812,75.0243764440737,72.1729751793936,69.5515417797656
66.6548829641855,73.1852321339188,64.4155102830281,66.1166539174896,63.6412142988635,49.6081472120352,65.1083952634417,60.0381011814047,0.0,71.8121975068907,71.2631051160651,62.9938915628499,59.7556645629013,76.1430915140588,72.6574079886772,63.9565307231734,77.7169867210215,70.5200959165021,77.0398216301845,76.0906880503768,74.7097016986168,67.6756834173756,70.5028452342943,70.2066565837519,70.9516246135538,69.519645969564,68.8981787028055,74.4186211942926,67.7874954272474,68.1493938931273,72.0218883013763,70.5132199238059,60.63687524475,66.0660230791397,69.1318471994331,73.9162864903528,77.7447991780631,77.3637849485336,65.0769855316001,71.5199290430479,74.7272435295251,70.3268242041413,71.8007847514013,66.5273582809222,73.9407295402752,70.6322615516169,66.7640656969918,75.5164653388007,68.8552010276717,73.8261250840938,66.4277977722754,65.5809021353916,64.3173873994696,73.728830454241,64.0201540637684,53.517524191674,70.0130453856127,50.6068692278299,69.5336158166758,70.3495654992817,60.1711022393713,69.5886734184193,66.9025183293239,68.4741696326886,81.0167017874132,78.3628077529156,66.5734326007004,71.6999009039773,78.3262552357329,72.332992338937,75.2547921627747,65.6130347708843,76.1620479027866,64.8312010026907,72.2353252183989,62.769643304278,79.8035226077249,66.8431434314388,69.9300752244022,71.1367932552483,67.5368377342192,66.5870260426612,74.7280754787209,71.1584816677412,77.328612158246,77.150158790149,77.052655765583,67.186619043723,76.7190667525531,66.1250073356637,59.0124192120944,74.0937719066591,57.9208501182345,73.6590027056291,76.6792365961203,71.100466533237,68.2890667827267,79.7265017748479,72.3015233739702,69.3108882654466
67.9357867657838,70.0141813100255,58.8494480455217,73.5025722052566,68.2797973967174,79.8403741801467,67.2831645892619,68.7631326445324,71.8121975068907,0.0,71.5977222210879,75.9006649801459,69.875779149544,69.65773158308,73.3393293355039,70.8207133596384,68.0837188764308,73.3778333930463,65.8508739139151,75.6992464673049,74.6771524069499,71.8459446471021,57.8151675136585,71.6106464841225,60.149003791854,68.4432785382781,76.1040481141448,71.2911849413304,75.1330905121391,70.0858102375687,75.914543895771,70.9370840589908,64.2935091350431,77.5526684410401,73.8642385003534,74.6727776654999,74.5489126042436,74.7042369609795,68.95221457275,66.9979403864186,73.0785912264103,64.125569699839,75.3604680443298,74.1456293671014,77.5864383244487,77.382443021937,80.0179853852375,64.7317127354278,77.3282339547942,68.2751467462291,77.4584228633695,64.8576383831722,69.5098523981816,85.411718456701,68.8532622075455,68.5090166269866,68.4598741941842,69.5487861643524,71.3791018077323,64.4726912930763,67.5725050842192,78.3399408822776,71.1429942617451,74.8887643423854,78.8614232821676,82.0485862275633,72.8719152012602,78.8640808437885,78.397767998794,72.4627289588305,74.1258886087869,82.3045820514039,83.2692090224009,67.447456285597,76.2186160965666,70.7365669708145,76.6296904855275,72.4447710947132,74.1977647090954,75.8598300402841,72.7273925631955,71.8284889594783,81.8068599437935,80.5621126203341,76.5133159576646,80.3698101212919,69.2747446281343,75.4504767591816,77.4789329499599,69.8822702983326,76.8319435429943,77.8811810653258,71.431190898165,74.2607715281234,74.7862571022817,78.5451306387869,75.260976767319,74.4238610913245,73.1772556718124,74.9504202470767
64.0933809582551,70.2515914293947,68.032407893026,76.6959984494762,75.4704712806447,76.2113299042693,70.5624284052253,72.6708005643403,71.2631051160651,71.5977222210879,0.0,47.2017189074074,67.1112119050824,77.4400364115715,69.5996866085086,71.6580674537236,71.1586133994179,71.8341480792713,65.6035026501383,74.5472312105871,63.7613546205566,72.4850932259466,69.7321531965359,66.9334496895834,79.1596348472288,66.7284655211885,72.8300587706035,72.6933752638618,67.2639934361069,71.8445722931681,69.7698099142632,75.3652825998563,70.4268547994595,72.8851856533804,78.2776815954257,74.4235675033051,69.3117461793088,78.9401549352861,73.1489679252381,70.358982990314,69.980479667599,71.8910161204724,75.8452323049627,68.3255973150316,69.6499755194361,82.9982160477623,74.2305060638696,72.715061978051,78.1447423130693,72.2556704319193,70.9660258333847,70.4679690441486,69.4338012757786,73.358252619048,68.1946739887394,68.6871804419802,72.1767967384346,71.6952757150031,66.9700337512765,66.8946856849269,67.0546310153598,70.1471930728428,61.3219845152294,75.2267858177096,73.6727024838888,64.0930180652136,67.7391271406749,65.2251672463192,77.8250477092943,65.7467910200848,76.033015672437,78.3640465303407,76.7529356020834,60.8277020553451,71.3713284903771,71.0248494350455,64.425345982576,66.9399955839137,67.7521391238187,77.5215211134446,68.6699735125445,73.1846893031035,67.1738333745487,76.7943905899872,75.9364123917803,74.4666312426715,70.6720334811652,79.4433465916413,73.0450079995259,73.567659409111,72.8230896180436,73.3308096236868,65.9157701898595,77.7334311186946,67.4728510572582,72.2882215407374,76.6515072658456,75.0146614868479,80.9725764116643,74.1794758404394
68.2251554570772,71.2471200248818,68.8579170868907,73.1740553927995,66.9335801672293,71.7976505075726,73.288661838143,75.407250035156,62.9938915628499,75.9006649801459,47.2017189074074,0.0,68.0583431821901,73.6599232497993,76.5161910867429,73.000245337755,69.5248520992736,75.6995456256932,64.4600321731162,83.5015288320042,72.6447931507293,73.9269641202164,66.8858791826536,56.7678748950113,76.4932741756574,54.0567180513248,68.4506021405957,75.4025956079221,77.4994076586077,74.3249467997344,70.9344340620836,78.3239494753667,71.9699047547399,75.5876317792568,77.2469432049615,70.7622647203215,75.7116073415969,73.4085027290068,68.3064679035761,69.6162819898316,68.7348274698934,70.1418128397537,75.5157567850448,66.5419407781568,77.3811752251396,72.4059070611923,63.9440290440613,74.3123497683159,77.8412463679505,76.7813268757812,71.2346683619357,71.0362215923724,73.798599223094,67.1804675239776,73.4051037904724,68.5114855605038,69.7998816575472,68.2127308737949,70.7206098621831,67.754269248741,68.3139167681472,60.6945540856012,60.3447326409749,72.5720828198757,76.2565796815781,73.4877102434901,66.5804840303363,60.3493586906048,76.3230531581737,72.3581729014529,81.1471298789417,72.5775368395626,73.2968796360846,63.5454196760395,76.3779930235581,73.6341441688997,70.4202232408815,74.5424602956867,67.0586646698529,74.2076318863183,72.2202372700047,79.3991740299304,67.171959483096,64.0065053953315,78.801900276182,72.5391828560693,80.9270058715411,80.0171516186625,75.5513277233909,71.6033608344501,62.0031658513115,72.0139042549003,56.000011692568,71.9979428405257,63.1936505736009,70.4742994588393,73.6745131616227,76.8231552543018,73.1982863735324,74.0649724980649
66.353624736028,70.0638644417342,70.5448311585792,67.4471523647704,70.8965917952644,66.537905808705,69.8706894377589,69.4056486644945,59.7556645629013,69.875779149544,67.1112119050824,68.0583431821901,0.0,70.1529260451559,73.9981173510717,69.1371588243589,57.4243467486263,74.7149480286429,70.9098349061885,77.2905475632951,72.0002441814344,61.55069072798,59.7298424535395,70.9973816113728,64.732410210389,61.1568016136771,74.1463438236669,68.6394510119559,74.5376605469058,73.9697412222296,71.8075796167488,71.4391617142591,66.8400629103792,76.4255907348135,64.4686585707451,72.9357056728923,80.4595850439977,78.3230533680397,67.0257849232372,64.4872394612403,76.2452122591166,69.2516570509758,75.1835980160599,71.2638898125541,79.7503786162598,66.6296148926298,69.2777813546506,63.0958716761181,73.3235155921391,72.2543867500615,71.227225222296,64.4667264771215,58.3369631927898,75.1235593178393,65.0673224085365,62.9932100820535,73.1199355427094,65.9974746055444,70.0225731084838,68.6740786340564,73.676917099,72.0242312116867,69.0871592066336,71.5342247109851,81.2476345711354,76.5460805912907,69.622900974865,76.6946405266791,80.7789255034408,71.618637080097,81.8302708908796,65.6298739070593,72.9310101048664,66.9274462068136,75.6361745979695,63.757683278355,76.3885377387571,60.3500916775647,72.4022762064082,68.7219103497982,72.2980862353087,71.2299344223906,72.4479335824694,72.1596623368436,84.0148531872382,72.8195165776479,73.0342946434815,67.2125373084209,79.6113957766381,72.9141713825006,69.4701736581307,69.6774832024962,57.8872836351961,72.9676421802018,73.5288459196648,73.7009518457748,73.3259238424547,85.5918616242192,71.1341992923731,70.7830556535381
72.1836446726407,67.7293554545518,68.3953151424177,71.3429561093603,72.1998631667863,75.3787574981462,66.4020003962423,70.1676212665402,76.1430915140588,69.65773158308,77.4400364115715,73.6599232497993,70.1529260451559,0.0,60.9657168556118,66.8095539684971,63.3246230141423,56.6244766223166,48.9232390468436,72.075043461087,63.1010746667007,69.9379851774847,67.2246557939313,71.597140804463,71.1075579905231,73.3909609192374,74.878966279658,65.7398283672293,68.1141845901836,63.5386672005856,64.251156871793,70.9576303873659,69.6934716647968,60.5048810418604,77.1375698169371,67.6065290965284,73.0912413978331,75.6111331526887,71.2839921053578,66.3253325918371,72.1500387983556,63.9036092292353,74.7130362440125,73.8292506542254,77.1374583079378,67.4082191116945,71.2679219584339,64.7553185744353,72.8996084477341,69.6325549748226,70.2109782926839,68.3969873161954,63.4355934062991,80.3324383718734,69.22788949415,72.6336519925381,78.24752955285,73.8994564376457,66.1939696051002,72.300178528105,76.4250855214895,75.30907873561,70.5271158570462,69.3069850227845,74.7147719245964,69.2043156880898,73.9122790351561,74.2085863577476,74.4069465615758,69.6429378663895,73.2318735931896,67.6794869021747,68.9325747961317,75.5818674000816,75.0833247760136,70.8999004736552,69.2789165478884,71.9266717969829,65.5930886725429,71.2111900741201,67.5889942929519,73.3738803840842,73.4509583991445,78.2609413185543,83.8173961047318,73.6741749068071,66.5992795457288,75.8607265601178,74.3652528648914,70.2425012853563,69.3152580213515,70.3533938818641,67.3957895852321,72.2732785424277,65.8063240349581,79.9501152434073,76.3617554834382,75.1079011090604,69.5965323929438,71.3289781765264
72.4967588875234,75.015009274396,77.1377637366029,78.1843129881177,72.0179463664431,73.7166451351485,74.3406474312459,75.6861506813065,72.6574079886772,73.3393293355039,69.5996866085086,76.5161910867429,73.9981173510717,60.9657168556118,0.0,78.8381347630666,74.1390410979287,64.9601376555874,64.7614677368804,52.6915679525786,48.7131245021491,76.0838137348778,63.6092236763274,72.0898926864019,76.5220574822386,73.4083830151662,81.7244731778816,66.1928283243593,55.1427042149252,59.6756211245559,77.3210186381054,76.1616791972229,68.1586691336373,67.4596805895875,82.6348076597298,64.0971009306458,64.4091406346406,71.1099181917445,59.8745776317604,63.5527167784864,72.4365880908294,70.557413494427,82.9515704842534,72.8620956726644,74.3387976085155,74.8571696236389,72.5363335055984,73.4462523898245,72.1649644610289,68.8906734205169,70.3138512779223,76.587611795537,68.8044642117431,82.722278276285,74.3410160043957,76.2518615185169,75.4654958387195,79.3243203673916,63.8070931584595,80.6285210553725,73.3458406146517,83.7210141573083,78.245717085072,68.9198762358151,65.4612644275724,59.1951324336338,80.6526755170084,85.1137224016168,66.8362423737109,67.9536389741594,56.5705917004416,69.7475937161068,62.2290951265761,75.658264416291,78.3930124322252,75.2895262708822,55.499649183457,76.4352132332566,68.8644362799806,72.6700246096691,76.2980955076292,76.2146587154221,77.2919865271965,75.4128997760685,82.2544807735272,68.3291690929239,64.4391857950596,82.1027116267024,62.4413855680295,70.3557310429939,66.2137297423734,63.7472082487579,71.2130452335326,66.8604406424155,75.9129173504782,74.6573822515309,78.3603625649549,64.753564375308,62.9148018106815,69.9255332831353
53.4177650795734,57.0991145377689,69.4445716982552,67.9390316728407,69.1577307779995,65.6039253436936,54.5233026641005,60.6088360992199,63.9565307231734,70.8207133596384,71.6580674537236,73.000245337755,69.1371588243589,66.8095539684971,78.8381347630666,0.0,75.0288637312096,73.2911862244026,66.5313604886526,84.4361863848951,78.6370285507416,75.5400835032798,69.8066440346175,75.2619009779965,70.4442823614668,72.7076056144479,76.7524508416032,74.9554138438486,79.393540549443,83.6437479683446,59.5727987531184,69.8645176921341,51.917911607087,75.462002706471,77.6464356042766,70.0169112914282,73.8142963835775,68.5237324973411,74.7995087187582,65.4872262008556,76.7835249903156,61.9318265518792,76.9490232886754,73.3739474488932,76.1650288185263,72.9071266652961,74.3467274448177,68.4145354298636,64.1774463273935,70.3360510047401,67.5041170794144,63.5932880852251,67.3623787417912,73.5256045376381,64.3163642883021,68.0156857676047,75.8081318219813,76.5244715558264,65.9650285904137,69.7497078698675,70.7057266775661,72.6022630597805,69.9100181232832,71.3104492741881,83.1031605471696,74.5381364816267,71.3131225786836,75.1936186581641,77.5706024652629,77.5997924198232,80.1275184933535,72.1074386503928,77.1611735118261,69.6078708213047,73.1720250398176,64.4419823116903,79.682486358507,71.0641393495527,74.1909310897009,71.7026716972327,71.8473847944061,66.1319933779081,72.3589601370627,76.6902552472314,79.8895167366209,72.8419093592408,76.2216350987541,73.2706854794694,77.7234632064132,69.4987510647742,71.2837027674434,76.0250518599878,55.4221781026233,74.5797971139663,75.340717065987,75.7867107803429,71.2987583866202,82.2893518275386,75.4187840061574,69.6391820610819
69.8811401884471,65.0109084212606,70.0295493352651,72.7516540700928,76.9398094400488,82.8081379725548,67.7898777546325,69.1486545943532,77.7169867210215,68.0837188764308,71.1586133994179,69.5248520992736,57.4243467486263,63.3246230141423,74.1390410979287,75.0288637312096,0.0,71.25016482536,58.4307097187645,76.9811513967461,61.5654276112763,67.3591729322716,60.0316723652622,66.4093974584502,68.7457541167452,71.5013603378346,76.2781811573729,69.325968227646,63.1706501309022,66.2057274044275,79.0405192471067,70.9633809869205,73.7411490130563,66.1337836661975,70.2362584688976,72.909545894547,71.0119365507099,77.2135827407528,64.6870448186792,59.0625595289645,66.9242011787318,63.9130720296471,69.318836897822,78.1862480940607,76.0956295900883,77.4740377665839,74.2790450698374,63.2121234382809,78.3159426235209,77.7823717616939,77.3375199435138,68.7088930552936,65.1979400923759,73.6569184356771,74.68133523155,74.987660790104,71.4736871984332,71.4620999912169,65.9690973366673,78.8581533107994,78.657485921767,69.892666373762,75.3968088222198,79.0948306343192,71.7680696994689,70.080592632456,73.2537377998008,77.5316533328867,74.1158293309089,68.2031512051069,72.068404820478,72.657038171429,68.3837130832608,72.5021632783095,73.602103628856,72.1431096562523,71.1719660023679,72.9600486397491,67.7754559428952,76.4241359554567,77.1771811868466,76.7640551211252,79.6217657547892,78.3109722932395,78.0489015845398,74.1872123175349,62.3303505471547,75.4136972735965,73.9672645015537,72.4408770298651,73.5276317031838,69.8540900297816,73.8408837629939,70.7158273064281,70.605825885135,74.6997502006055,71.8527765732558,69.049639470763,77.1256042516284,78.4942742982436
73.2142177971173,69.9217295492587,70.9584157900686,75.3484023312717,72.5269793303379,75.8333941316418,73.4490515561434,75.8845916660174,70.5200959165021,73.3778333930463,71.8341480792713,75.6995456256932,74.7149480286429,56.6244766223166,64.9601376555874,73.2911862244026,71.25016482536,0.0,59.5479752892003,65.9373735064527,63.6413295014967,71.3057792142329,68.435437401396,66.1836616520333,79.884751678651,77.9248040939465,78.8723601823215,69.926045443004,70.9693834779124,65.9972359755179,65.0131900038951,75.0384738325557,73.5407830624215,47.4664629087367,77.9254157541337,68.4848743869546,65.3251681271357,74.1837258219031,75.0640397054991,71.8987410956378,70.1072947498348,71.1926681894114,79.1934638936811,71.1438419983713,73.679308961978,63.8225702484036,67.0199877342665,69.2729059236274,71.8254167004544,63.5315514014519,66.8242292253462,69.350025098437,58.6757155352486,78.5691372349529,72.1407892545733,72.2457188875715,82.7792411187303,76.4837068990505,72.6874343405236,71.7695229271899,70.3137192377225,78.907259524162,78.0534329473678,63.9162011614025,69.3797676593024,66.2988982500389,75.5510155386889,81.5699976056244,72.0922561267187,66.2924962230827,58.5824693097675,69.2491470690479,64.7551607343745,76.8325953541303,72.4078299232151,79.1995080385707,72.1536412690815,75.4501513607387,63.6853458255993,65.4659496746138,72.4777663995372,66.1240536186038,73.3676530107586,76.1361450420307,71.7733595334452,68.7769075952096,65.2844844201094,71.2352334639854,65.2276032786927,74.4782125146423,68.1225479282058,57.4608646609014,76.5462532785226,71.9825732869313,73.7565821617623,74.7454962714395,71.6139607497842,65.4465694693913,70.8527635060378,68.272353000192
67.5201131150628,65.1518516862687,64.2782606829088,69.8093601087282,66.2697815089772,70.9784586135686,61.2151182975725,70.8734489841061,77.0398216301845,65.8508739139151,65.6035026501383,64.4600321731162,70.9098349061885,48.9232390468436,64.7614677368804,66.5313604886526,58.4307097187645,59.5479752892003,0.0,72.8707096880157,59.0843452001485,69.9863498232125,65.1796710854508,67.5127597433994,70.7841236974656,68.3551018369925,77.0016133231233,69.2940128001424,63.3025857534356,59.8849394615283,63.9555054990357,74.1725744528556,67.1755036809305,56.8732722766637,72.8002862195376,62.2321337559792,64.2384243785608,67.5544213637688,65.2830544040055,62.3325111774231,63.1614333198732,58.9138627584228,70.8091289758781,67.7763574069801,72.0800287493951,71.221716124859,67.609427139425,68.040837981767,71.1340031127439,69.2378944909107,64.7723425803054,67.3013033072119,63.0915094855746,73.2946612110044,69.4310981234371,73.467851920469,71.2923887135059,71.4967083868377,59.265439584419,74.366518053059,71.3118849783685,70.6344948732253,72.1995690038977,69.2620131624854,69.3035965072708,62.7389292299537,72.4250440123224,74.4897510028483,74.8204665891353,72.0858054071801,69.3731750238305,67.0035899828858,60.8389159305071,73.5004092020906,72.3212578243763,76.2199456949993,69.7320976374477,76.5350031149637,61.1818841139294,64.2005714989734,73.2883557442368,71.7730863458337,68.7687473736972,78.0887138319723,70.7319265613239,63.3340793023111,67.4780993427021,73.4860892914264,72.2484984729696,69.7875946686454,67.4551334850296,66.2163054029348,68.0526939515068,70.9777573518583,56.719412043154,70.9164827878223,67.9121552888259,69.0997165946116,65.9651078093373,71.6990145877338
71.3386761958383,75.9992142026519,78.0650984094829,83.6539106019973,76.9704870392135,73.8053467013981,74.604049036658,74.2160542307888,76.0906880503768,75.6992464673049,74.5472312105871,83.5015288320042,77.2905475632951,72.075043461087,52.6915679525786,84.4361863848951,76.9811513967461,65.9373735064527,72.8707096880157,0.0,59.0194861890187,81.4991036648672,69.3062873515566,74.5759104148357,76.6064457052481,83.621423222317,83.9272986722226,71.6446032841145,55.7284522784943,73.127440029537,81.7169598393186,74.0326062595697,79.4006743532737,71.2305423223361,79.0311572311436,66.1070266139099,63.1222155804312,71.260502050149,69.1228011317148,71.1589371657404,78.5777464236404,70.3428897004203,86.3337035613382,73.8283139762766,74.869192257429,73.4260618842647,78.2499100068574,75.0257383341177,74.8141420221927,65.8795079760178,70.3519032815852,81.6938074303469,75.1915871094402,84.1032768198531,73.082391759341,75.2258177648924,76.431440620749,75.7708582291172,74.4794756939109,81.5713624507911,86.6011635884418,87.0573430490298,85.1163947296794,67.9204805883102,62.0128993050848,66.2379174622803,83.0119432199989,85.4905063105399,70.5648473177149,72.5912517090577,53.3540034726141,77.7382955053465,68.8720202954338,86.2954804640823,87.4313623340285,82.2665593250832,66.3848837284318,78.9250616942038,76.2709302011986,73.5947390321139,78.8041593130112,78.134963213794,80.2545071983833,77.6893397816297,83.4758814320696,73.9942209057514,70.173885642295,82.9091999466889,59.4212501826971,77.1502855159513,71.1483038331642,53.0502619762278,76.9409995254999,63.5367895321835,76.64464922386,84.1561846939018,74.3266505114637,73.6164917962966,74.9460631201743,72.0586821431727
69.0312709000743,77.6832869138847,73.1022666633469,78.1719032704898,72.0961021948576,76.0930062564791,68.2027605717705,74.084505560603,74.7097016986168,74.6771524069499,63.7613546205566,72.6447931507293,72.0002441814344,63.1010746667007,48.7131245021491,78.6370285507416,61.5654276112763,63.6413295014967,59.0843452001485,59.0194861890187,0.0,75.463258577347,65.480708589804,70.1664774821088,74.4776558290546,75.274139938206,79.4279597703802,70.5311154162049,45.1302374036279,61.6386115883141,69.238321386964,72.6181638154964,71.321736827929,68.0614040039915,80.2070446802823,67.8605168092431,71.5597043546125,72.1440848292562,68.3598976213062,68.7310385119468,71.2016496786482,73.7809392115232,79.7410743374346,69.8567076378444,73.2984302196124,77.1693414781703,72.6619213170804,68.3269973363072,68.7871363808396,67.802684385425,68.1610819403301,74.5491023417317,75.9258935025538,79.1953541541601,74.0711949261194,77.4172839369971,71.6512347565101,73.7219722960558,70.1214541771843,78.9225019877322,82.4853388819575,78.8600080426802,76.9788991432272,74.4442244453148,61.3873001944773,61.5248634141089,73.5155077556201,75.2665972741753,74.2140958427533,70.4199543883852,60.8341416234256,76.4127675266169,68.594791979709,75.2245260652625,71.531015925998,78.2310467352281,57.7890841531105,76.3266858266969,66.8277679171838,77.0324150014149,70.1371603121586,68.805422115772,81.6172310586522,78.3757203017907,77.67590174592,69.2362172106362,68.506964131102,76.7519088887693,61.2249907322535,70.1448181440105,73.3705343031824,63.3693830484618,69.0535849484688,66.1796141697408,78.2083837121616,76.7813747724748,73.2422572096807,68.1871895791604,68.8763826086311,70.003509168589
78.325972965603,66.0607141464194,62.5234255124254,78.5390317495379,71.7498230723185,71.6374316524757,71.4883972870772,63.4025371620916,67.6756834173756,71.8459446471021,72.4850932259466,73.9269641202164,61.55069072798,69.9379851774847,76.0838137348778,75.5400835032798,67.3591729322716,71.3057792142329,69.9863498232125,81.4991036648672,75.463258577347,0.0,65.0252052619859,68.1913413326584,67.0148497487822,70.7722545578782,71.3705078428337,60.1937032966147,73.3007959734107,64.7916959734481,73.845523177658,79.6132469702299,71.825039485736,62.1826695317031,72.6300357742924,72.1414686386178,71.6075942661743,73.4726470312195,73.2431899866417,70.969867394462,69.3918040502095,72.8589243660307,69.8621292368744,71.1138148501012,78.3023639055032,73.6237227147368,70.5959291174927,64.8676538867436,74.0893517698232,71.6562021270021,78.1241082680128,70.0992785775235,64.6042638191167,74.0858510554432,67.8429270176026,60.0633992505484,73.8605984026527,67.7547108231755,71.0891988831789,61.6791432854173,66.0109876431818,78.1656575053873,72.784716934228,71.6164930623125,77.8397273521829,75.2785971235751,63.3336054813499,80.0906104076703,74.764126794825,66.9851355362794,77.8453154576349,73.6489749882721,74.2648397797525,68.8614109797781,77.0039540439048,70.7985540429277,71.2608013631754,64.4437217232885,70.8423148813149,75.1215459474129,70.4717178634706,71.0064035291759,76.72003070666,73.3038331152242,81.249945071355,75.0392948671524,65.9720211107813,69.940662848259,75.7663118933505,73.301902116695,74.9068840620018,76.9168191068344,67.5150237510545,68.7539240325661,70.9782429530271,75.2973230329468,65.1915388140701,78.8149097193133,70.6934496816559,69.727828650953
68.2956235072814,72.1747363386194,65.2552979150265,75.6688240061734,68.4973904531634,73.8277360127273,65.7918930582391,67.3897383944309,70.5028452342943,57.8151675136585,69.7321531965359,66.8858791826536,59.7298424535395,67.2246557939313,63.6092236763274,69.8066440346175,60.0316723652622,68.435437401396,65.1796710854508,69.3062873515566,65.480708589804,65.0252052619859,0.0,63.0086008649408,64.1665594537407,67.3861644215297,66.9681559545308,65.846343274383,72.9377703000122,69.5613326727129,74.5795500768919,68.8292125472973,70.5418950504683,64.4096977093935,64.5345055185729,68.3716395863382,73.9848130394138,81.0158322219306,68.3829049312855,57.8316120642738,63.7816720516064,69.5173484289391,69.9425177933561,71.3914403799753,71.648506437551,68.5981085079098,63.5636671110986,54.3808653167587,79.1008009468569,72.3566304426583,70.2412917329893,57.2088064969501,60.0662846163858,73.8333991687545,63.5612060689951,68.3660024207931,64.3263640681896,65.082274394169,69.572537488108,70.3156413621092,70.3282199897342,73.5193305100556,72.4362496031885,66.4993504119783,73.2444443541218,77.3199894349041,66.4384219137573,74.0809058979543,67.1718291603135,63.4503839408271,73.6355274438484,71.0840522591258,71.7196942220747,65.8881277785835,75.0002396856277,66.0772254725738,73.1636588424367,62.698388623622,68.1039305607902,73.8177951026109,68.8267172760317,65.1325080049073,76.169085995018,70.5839228824962,75.0608993024413,71.1211511473591,69.8765651215912,67.5586512514148,68.3215963680417,64.7044568961095,70.3510953477274,78.7840056756804,68.4329526272883,64.0796496848603,72.2498995421903,71.9867636671435,70.9506724934099,77.2216041372473,68.435026713072,71.3085474393401
