0,1,2,3,4,5,6,7,8,9,10,11,12,13,14,15,16,17,18,19,20,21,22,23,24,25,26,27,28,29,30,31,32,33,34,35,36,37,38,39,40,41,42,43,44,45,46,47,48,49,50,51,52,53,54,55,56,57,58,59,60,61,62,63,64,65,66,67,68,69,70,71,72,73,74,75,76,77,78,79,80,81,82,83,84,85,86,87,88,89,90,91,92,93,94,95,96,97,98,99
0.0,93.1421198840423,93.0883774449217,90.9207758876236,102.881864327021,90.453395581008,94.0986237445632,92.0880145953079,97.1979406666174,95.023385731467,98.8639819567624,99.3318644562888,99.9104727113239,95.207921264143,94.9439464881644,95.7922245138568,102.440298725694,98.1790364266738,106.586928921498,94.9369163379494,95.523711384326,93.6784271250689,90.7853761159762,85.7471502385254,102.34678127226,93.150353552994,93.1941555069815,100.531880641489,101.887375302133,102.023551713458,93.9153374571711,97.0346921911199,101.569690427716,107.09518104733,106.710335227152,100.512396099337,89.2329045092816,97.9547174122423,99.3905683379573,100.245899579427,89.5001184190292,100.364402989058,100.102302366077,100.741471659141,103.492242403392,108.990433075583,100.793567801616,96.5088522736801,99.7310422433296,95.6797443285417,100.623896968444,99.4490332111141,95.5505447621122,86.0848657643942,99.6684511124039,93.4375658107519,97.0399858954288,93.725593367276,104.348640957753,101.791146646227,96.9142096521757,92.5924154482791,99.7620464967537,98.7144626859133,100.119435261814,100.552235928583,91.589317957905,101.527743628621,102.153287357542,103.759450932244,98.1694754152193,111.738680926394,102.988256872314,96.7904717289924,97.8293914454457,98.268301611455,100.232604514089,103.838760373688,98.0773549250836,95.85100221294,97.2244142981174,104.263689691853,94.1729997932651,102.743704955539,104.370729948883,105.620164115434,92.3416592767506,90.6264494274818,95.924576316256,95.8620287816979,91.4379937066034,96.9789362371009,100.735040264449,102.172806300652,100.330371036217,104.161668939037,98.6604242455006,112.104024608993,100.554640930609,95.9247976659251
93.1421198840423,0.0,81.7280318710454,80.5929318776256,99.9166280636917,90.0450004294417,86.876911758983,97.6936611448379,89.7052540936203,92.4090511241985,102.09940649689,101.747738975348,104.569677616615,104.651280783615,95.6917330014371,83.3657400610445,106.497614930199,101.873067500183,109.790866566714,95.2334896865137,102.163733445656,101.876852128619,100.210468613797,99.060479225052,96.8155619714174,96.8238593772315,99.7243690603039,105.206991213627,100.292054599871,99.8368552912832,104.717840160418,97.7519633243833,99.6536550420549,106.188753070162,102.790625072855,94.9323238544465,98.7520530453965,94.0686700975391,90.0874687724346,98.6525280802712,91.2503409112157,100.910413330535,98.0886230162141,106.230006739267,106.77741989805,104.531839671995,103.330085221037,104.264416303025,94.7113597436403,100.376422295103,99.9812767262473,97.2583950848825,95.3437825224475,96.9857794804898,92.6832856962384,88.2830393524682,90.4133762107987,91.527539319753,106.433673808871,100.944634183343,102.449678330571,104.10207748364,101.808117867097,105.910895854103,99.6124199912904,101.090546720131,91.5760643497853,109.261372979383,107.631922380739,99.6701469395444,101.70680137762,110.139907509114,104.437674586451,100.425118529645,103.698740287833,104.391805798284,95.7270495589662,100.176401120067,102.790181962515,94.7148021270585,99.3795333995647,97.8417623857945,105.368983176011,101.981968963859,104.841275958834,104.085744881265,109.86716176351,91.1328494894359,92.5011874025713,97.2792702964977,85.0457148035869,99.7155036032664,97.0334403379702,105.031241871321,102.961414689254,106.454134470068,104.227378538829,102.212845679641,93.4784488293727,99.99409666704
93.0883774449217,81.7280318710454,0.0,82.6836872863118,99.2728362067135,81.8208884898614,99.1514215517042,93.4055871029488,94.8509782371073,94.247790108164,101.218818651588,100.33053605042,101.924415000132,99.3998611454033,96.3319353612564,92.8991260041192,94.9301748945216,102.86473471389,106.181620385346,97.4441794481197,101.73268017424,94.5052154717288,98.3991885597895,90.770824413312,96.5514478826107,102.704926824258,97.669255877278,94.4171920124016,102.262229913203,95.1529714200681,104.025016847817,95.8996005537958,99.9444701952612,100.829282149456,98.601356301291,101.197840549901,100.730676017549,95.4157071154053,98.9736834449986,87.7357585383524,101.153783708152,105.168268252296,96.7438614920116,96.291796134897,92.9012706776666,99.7297012650498,103.404932731651,105.633107005718,111.786046691985,99.0447349504766,99.4903826935329,99.9893998208644,93.5621611155088,103.059998582651,88.0341037101882,86.3574906850611,100.63890613822,90.981033267933,99.5363144696846,100.783428261564,98.4772740827827,100.127871273045,97.1800296571445,99.3980358045416,99.2627033598082,106.241325379709,92.0506300936602,102.131229240414,108.205210064755,100.413275366871,102.553682346935,100.61993391273,95.1395974829949,96.3651336013467,103.586731565114,97.2373322998412,99.2676556669627,97.2940700014671,98.3905023279274,95.1951241385883,100.439422456889,103.755629219705,102.06211212722,99.9044994728796,108.709102399634,101.855201819726,105.770501943926,96.7468109862211,98.8299834406205,105.129930993008,96.6358011535481,96.234534046631,93.2962775059009,98.3772473670579,104.212321858703,99.0340443300522,101.025671272524,95.698506245835,99.2206467307057,102.758246734672
90.9207758876236,80.5929318776256,82.6836872863118,0.0,86.6245508405603,73.3453911811348,87.9181891202432,88.9188912903922,85.6167469108564,89.3146703785665,103.999384443069,88.7673951213263,101.629466321307,92.5315505756597,91.3684528848023,89.1615327473234,92.9138500878467,98.0077612442047,104.875148594578,88.8265968005458,97.3371229898002,99.919224601159,87.9276678639135,91.0102318763599,81.4385151142281,100.078097765966,90.5344747269941,100.486423941998,94.2426339062894,97.769254816152,99.0951390359988,100.730422606298,95.4187187270888,91.1372412362245,98.3870489822512,90.4484262927881,92.7990805281134,91.8586072521983,98.0254451610442,99.3489667881166,90.369644078266,101.552536665998,87.9601696567262,94.102152959762,94.5764375099558,95.9983146593265,91.1848432669014,94.9262847949262,97.6741016775375,90.3298619148685,100.490108738249,97.3432324909568,99.4874423419572,102.190588734455,81.9530551543459,89.6046543855079,88.5795009277139,83.4993626893773,98.4486037145584,103.186524563268,99.6517427535812,101.022124146854,88.0130557110424,98.8696646575275,90.1572976569485,102.172765482616,97.6895253603077,95.5751345393513,101.062148843538,94.832614682747,94.5111941314109,99.5480370313927,95.5633845355172,84.993632109307,94.5347167380771,97.9770571939986,93.2763581513909,99.575469161529,98.6566760005289,97.3657221437713,99.4416719029318,98.2282175451583,96.5964600024759,98.1981740240491,101.925165343234,99.6081520107909,101.444787751289,90.9431942810241,86.0246676299519,95.5920680655234,91.0774236856359,93.3589047139524,81.2473110999851,98.3513480279357,101.484265710528,98.7184876925215,97.5951016690102,98.4096360576835,96.3299952063666,90.7772211722253
102.881864327021,99.9166280636917,99.2728362067135,86.6245508405603,0.0,84.8985517526914,92.7967713775986,86.0910133502499,75.5545571777089,95.8404686209199,98.9411602817245,91.9884606962139,96.8138199819983,100.166245225348,99.4631661118457,96.4325206148041,79.5348887186168,80.3641394802246,81.9284759527142,80.6672515665483,82.5880213785953,89.8007194340701,83.9556170794713,96.8214711715651,88.5683482108646,85.4463455802095,75.3740378377579,99.5204826774093,92.1993694341953,88.4673534722632,97.1990942402973,103.536397881516,88.3155161453263,81.2243645693656,83.1855380810665,76.7575248442111,98.2276457096652,100.162164850511,94.8232612650186,99.2710273620628,85.1189786212306,96.5661683232661,93.9733628609161,92.8935781189329,88.8712370581524,97.8392859160827,89.8949071009549,81.1026097189511,86.6611534984959,83.1261368914429,104.489793529121,95.5002147467025,95.9375968841498,95.0364168407527,85.4069700195098,98.9838240071478,85.0178631681184,76.9922823844607,90.053241334385,108.021714691744,100.389776274246,95.7136429028759,93.7029572439694,97.8289643028223,94.8387836968437,94.607441622938,95.2996430255995,92.2491895008907,97.6166630769086,78.8620203279073,87.3159045318634,105.416668086977,92.7883804703841,91.6080574279952,90.6786339879423,97.6347988446572,94.523856329097,100.05965778945,96.5157775935599,110.785599035665,85.6078409650923,96.7880804544245,105.243281769003,95.6927955455764,100.745054372882,102.704339549698,102.133341710016,88.8904569765813,81.2502883895023,98.8861040943073,98.7780849818632,104.856733632417,97.9719075590769,101.615950449166,101.467610699807,99.8858058466964,92.4847149117302,94.3121714694094,102.435251129872,91.8060924811177
90.453395581008,90.0450004294417,81.8208884898614,73.3453911811348,84.8985517526914,0.0,98.0780463178665,88.7126473786431,85.9412775137125,95.906330951574,99.8671789909218,101.013882413725,103.156604721917,99.3113220883368,98.5159456053151,87.5029452577493,100.559321801614,99.0387789648426,97.2022253821094,95.812751596551,102.345421734177,95.8217334678954,93.1727397302353,96.2552979962135,90.3622748361253,96.5602616220809,93.7459392448173,104.138046127642,96.9494131558858,90.5322981545254,107.885219712081,100.143282404094,101.452767998014,96.8853779231371,91.3457403225277,86.8721657306455,89.0269676729201,97.7971584151969,93.9201404189733,98.983078789559,88.7859300392987,100.574820582529,99.4407864794045,96.5811931623636,105.537199956405,100.178597833223,98.0798028224573,98.2964033430615,96.0893878647084,91.9041999818004,108.283708546133,106.200264256345,98.9524493670936,101.139992553849,82.1872921393686,83.2387252099402,98.4413401785228,90.6381687966031,101.194792715261,102.972664053962,101.214012960672,102.146993257232,102.020724402715,100.286171522546,96.5364208686591,98.0437046924274,85.7810082619043,102.985964902941,107.769929143869,90.1212252873499,101.039134892629,104.030458243616,97.0612737073505,95.0972931133472,98.6360044597055,97.1874295660463,85.4399179929248,97.6814250225011,105.541539561087,94.4696442806065,93.8668436844135,95.681607958737,100.09000202003,102.767697388264,99.1926346408297,107.483843366099,94.8505363061564,90.7130041735149,86.979543307253,99.0467089243328,100.410994011449,100.787986276081,92.3096993232825,99.0248641183232,105.729288207051,103.248825743151,103.833013750935,99.3485184738619,98.1353039539418,90.1775160295793
94.0986237445632,86.876911758983,99.1514215517042,87.9181891202432,92.7967713775986,98.0780463178665,0.0,92.7030361972766,88.2912364916526,94.2986706420793,95.0547700040118,102.630180388107,98.7245142204174,98.7439611699012,91.934999957287,85.7752345558959,93.911842640259,89.1384029750951,98.9348364457536,86.9300188555022,87.3253672703969,97.4545596907541,88.9496853004695,92.1229617987744,87.6614944336231,96.2636684032941,91.7887057616874,105.903397684923,80.4177514201755,95.3813495017357,103.202650729974,95.8363872320389,90.7513048372209,102.723859055283,90.0967949944503,88.8247664481865,99.4074677865555,100.564113949974,100.512439091191,92.5762055690741,85.8408371225279,95.9633989711004,95.4749165467288,97.3104326948954,109.005083992967,111.787578702083,95.2282045102388,98.5893720197138,93.1164508231171,91.2925807803457,97.345819489594,91.3286414881485,83.1299042710076,100.093875852313,93.4297632770675,92.0343124057876,72.9266501572602,82.7109931234639,105.230682974539,101.771901243813,102.684500488533,105.598423392654,87.1889437559531,98.6426564169057,102.215078873262,103.071469548364,80.9502173724638,96.5804882874437,104.993895469523,88.3415600942946,95.8820156249031,113.959004618719,99.9476157210451,90.3096248502472,98.4832604160058,100.950668767465,93.492082653543,99.541410306256,94.4954008163665,100.872231987178,86.3796332958069,86.2481724203226,95.3607554627095,104.548732429612,109.237873157848,106.449145779231,98.6314120881109,95.5883462520234,84.9384945653568,86.2625847566072,91.5658144464273,95.0079506537655,101.109937738049,95.707326153731,100.298833376823,104.434874799873,104.976565278515,105.75453235774,95.0847743141652,86.1733830958993
92.0880145953079,97.6936611448379,93.4055871029488,88.9188912903922,86.0910133502499,88.7126473786431,92.7030361972766,0.0,80.0536896528227,91.1355622333522,98.3530576826912,97.7611712723142,104.756323868987,104.689924752451,96.9505185237848,86.9581937676567,87.221792290457,92.9927375491115,91.1118812153308,87.3843400040367,86.64632226527,95.2081843159714,85.7658023189119,88.8018497652,97.1728014095251,98.8054290651202,88.3027632784611,101.285836944492,92.6989276661159,89.5843652690497,100.117924195508,105.156906204169,92.9331285487368,99.9516602672473,91.4298919983134,93.6976479518761,95.768819060627,96.699461474107,100.829566987393,101.578283791159,83.5091560513074,100.726939244793,94.2998350982514,103.504675638561,97.9746810931653,95.1887547715074,97.5598887034371,93.7384662137807,97.764590712331,96.0389373871817,98.9201179594041,90.2458038082398,92.6706810382478,97.9694156257417,86.4053551041245,99.6050364813396,72.4781617510256,78.9229414505198,97.6824898590222,103.998158612411,100.195134905738,100.948925772285,97.9456785702181,100.625873159999,99.0926067695281,103.161297692071,101.3000214864,99.7136595868789,92.7477016328496,89.5463396978036,90.9450251120634,98.6021206695062,90.91535470559,100.501188111348,94.9448548093357,99.7437283302567,98.1998007624275,98.0248340679333,99.6354963098967,101.816901543931,86.6071992346506,102.826337628263,105.274061423268,100.973008256583,101.980709889753,96.5528570667432,101.14341191348,90.4633551669538,89.5199272696074,95.4167055111959,91.2507526740548,96.4964752659071,97.4100840363367,100.02433338929,101.343550455037,103.96896884779,104.589080703469,102.084675364706,102.042366271857,94.3631282620338
97.1979406666174,89.7052540936203,94.8509782371073,85.6167469108564,75.5545571777089,85.9412775137125,88.2912364916526,80.0536896528227,0.0,98.9485982388692,102.650033393937,99.3858554969738,100.8138606478,92.1090316061171,94.5730949209668,84.4411012352674,95.1691020070882,91.6424227614392,100.807440257805,66.3451648435518,86.0963328019901,94.8326409235144,92.5215360431566,96.3091357468228,94.0979410743656,95.1464233484174,83.3218097063242,102.702998035555,89.7671447435441,90.4850064425022,97.1634259856702,97.3638562892704,91.7135978883943,96.8331945398413,94.9738991576162,75.0960659680844,95.8094185269242,93.6918250687546,97.9499422407426,93.7706069731983,92.6088992683546,106.141398458397,97.0586072023076,97.2154080031192,99.1383099636047,100.137285479835,93.6530122319508,96.4302935111314,100.256638028555,92.264035606919,104.479696549492,94.1367998565981,96.7399095545903,97.5981443059703,78.3449754897197,99.4642807351674,83.0852740755634,48.4135893806924,97.5212598933115,99.5553162065532,102.647661856742,98.0372830902222,102.184844322566,100.093438301511,103.07003438784,99.4014845686055,90.9259126155964,101.098370255524,111.549047045765,81.2188154460939,94.3109008229621,110.602515130997,102.67424537356,98.5559786597613,108.800653298082,100.271205328734,92.1935594211971,101.691450348763,105.096636264723,99.808021429829,98.371382951992,98.8518809097497,102.130297253042,109.407773500243,108.75501447816,104.706239784661,102.376242227998,89.8375582364026,85.3153083464059,91.695391550907,85.8147054581814,99.3505527134781,99.4926441980145,97.5114427361124,99.2459596576545,107.399334918625,108.619893258356,102.457633031713,103.852599802142,90.7759936142644
95.023385731467,92.4090511241985,94.247790108164,89.3146703785665,95.8404686209199,95.906330951574,94.2986706420793,91.1355622333522,98.9485982388692,0.0,89.353493259164,88.5927030003166,91.0732315881339,86.5551083628208,90.4445624728942,99.5574560944804,95.1525959709738,99.75905669494,99.2003885258537,101.01005000473,95.7097029547282,99.9730788928058,91.0751279876269,84.0763125852444,89.9655358122009,100.022508538307,89.5703546660483,93.92962597938,99.9221819473047,87.2550787071456,96.5219639129028,100.632570130395,97.3367414004028,91.8472954726446,96.3508976928526,95.819789651262,88.9068135707861,99.310257809702,98.4277225004328,96.4151646595108,88.2914693830604,92.8414317843462,95.8602792937789,99.1929307562686,102.039920212006,89.3207680495626,86.501957733188,96.1402458452075,101.450691946042,100.779308531058,97.8597504482836,92.3524495824132,90.8660556240779,104.995744045119,98.900485702684,93.5495661033373,90.4136546721295,102.669019762451,92.1227748365511,89.9615495848443,94.7048894837838,92.7094058135706,94.2432011747567,86.4928033487064,87.2409148453597,93.1747858711402,101.387118003458,81.8486070539163,89.3221379053415,94.2953434589608,90.8298178928787,102.268951846595,93.1340794927142,84.2662896044885,90.5221959934149,99.2812118895839,86.185318596515,87.1631476870521,99.6873402482184,87.5442197378527,74.2741564743458,91.5078709194095,97.726477411568,86.3593720749914,92.9041452602646,96.7341685806564,95.6324325191584,94.0152105102867,99.8469601452462,91.5771612088762,95.6436879241614,86.4455186776882,88.1343347374023,91.6482915926123,94.9875117597676,94.8548818854125,90.0983592893195,95.7201987921488,93.2650554064826,101.315266444103
98.8639819567624,102.09940649689,101.218818651588,103.999384443069,98.9411602817245,99.8671789909218,95.0547700040118,98.3530576826912,102.650033393937,89.353493259164,0.0,93.4747247714334,98.6243229690806,98.4385510534218,97.5028766488243,91.558123078206,102.805600082057,99.1167762131885,105.128977918736,97.1074462486725,98.6747664366894,98.2131827801208,96.9452545365029,94.4458654083344,100.016471941303,103.492742753821,88.919437816449,93.9129510347015,97.9712507078634,95.6530677860987,95.2350253966657,102.277950992913,93.810152202874,97.2768498553556,91.3737437867762,96.8293314528516,99.4696350537949,97.225231275804,88.4960694744635,93.7677495005204,96.572560125318,98.0041317121033,97.3392525195213,103.831391431651,98.2045280791668,107.060407254823,98.8576764574554,103.357463413116,95.6359845229304,95.3971867290088,106.542106007361,95.7089193970178,99.5352661057444,105.909226577911,95.7453672066222,94.1382949287726,99.5927943297522,101.101175121986,89.6698040242723,100.991080370902,101.617026442539,102.554782509414,93.8844442874287,99.6017966721617,102.370350925032,101.101241088766,93.5681430726315,101.174465557486,107.998075719822,95.4477264192913,100.360075648493,108.653188384839,97.235234240843,96.1770707283346,102.737500236241,96.2234570006254,92.2649362837888,101.232034345688,97.5354782154283,97.8218273223991,96.1221384622996,97.8252998605403,96.2844505889302,95.6583544353511,105.450826904414,101.318299476155,93.5881440918101,94.7583150839654,93.3961753258165,102.929907232426,99.6686685652654,102.147041026678,101.407654844241,97.4157886659105,103.833777499557,101.900940633092,100.72338773026,103.707678820683,102.054841022285,94.0249779259482
99.3318644562888,101.747738975348,100.33053605042,88.7673951213263,91.9884606962139,101.013882413725,102.630180388107,97.7611712723142,99.3858554969738,88.5927030003166,93.4747247714334,0.0,86.9262933624889,89.3961192020334,95.0301168013175,101.409553455303,85.3588057398794,99.6608704256364,100.242567935892,98.7959794994611,97.1757714315487,97.384673223835,96.6221203832494,84.2980212282958,86.3296166221096,82.5419774253098,93.7180045122951,91.591892696923,100.589280672317,93.1754847547493,96.9588748343173,103.676906252613,100.314363323436,95.907716109521,96.1402108230764,94.5683632237821,99.425581832058,102.179461931567,101.885452337582,100.127381392868,95.7469067188692,90.1954542602854,89.5743108894083,96.6269628750273,94.4673529872099,97.2505357635142,97.1698119055255,104.978933164251,95.9352329489939,91.912821108651,103.144869074794,102.195281257437,102.205153144432,108.425348157167,99.047431926359,98.6574745828288,94.4402553927578,99.4171557405256,83.441794908445,89.2066856825039,92.7407380815673,104.613842946853,89.5719410702643,94.2557610626877,90.8933482029213,100.683909523933,95.5678558764638,82.3108490742664,99.2731307672209,98.743736663386,97.8454489212172,98.3676296250339,90.0464544841508,85.7606341213881,88.5730878006186,95.5965866295324,94.3783028154855,92.7024809628055,100.796385274831,97.0931829310394,90.6293091299176,92.9294533787976,94.0619126225761,93.1892760473119,103.14080768341,86.6851308862642,89.0101252959259,88.984362743347,95.1058034384638,96.6255515842063,103.328638168582,91.1837467451784,88.7236049213414,88.3659737842845,97.4945713406738,92.6325086428901,101.364368836314,89.7414102917212,93.7814504059871,93.697965197668
99.9104727113239,104.569677616615,101.924415000132,101.629466321307,96.8138199819983,103.156604721917,98.7245142204174,104.756323868987,100.8138606478,91.0732315881339,98.6243229690806,86.9262933624889,0.0,88.9153819318637,96.3593108586918,99.8789549021046,89.4504984370542,98.6780646826245,92.2879915612112,107.508986530699,94.2849548527826,95.2758943436768,93.7250770707862,98.3161031712659,103.057191793282,89.7105566971174,92.0113410980847,97.4218116222249,102.817790571324,91.4381550318112,92.4842816527591,110.212412806967,91.573663033298,83.2293652100381,96.4720767809727,94.7200967015227,107.186138182892,106.546275859788,99.8457914298911,94.2342371211099,95.045985954746,89.41475764087,93.3214973622588,97.1157015286192,88.3131778175943,100.531450159143,92.1190517558216,99.0662122175463,98.3866149576658,100.195102477578,103.04932364687,100.145691095804,105.733405245423,95.4209577643853,103.170679667574,103.646836443912,98.9039573463001,102.554155648993,95.6009207290455,87.8197564472109,80.6371082201917,100.15363624373,91.9741066290221,76.5187195225124,92.7280244595431,92.7164741516492,105.929619988831,73.0165092634745,97.72909392537,94.3261557025071,94.2471703189538,96.4434969840582,87.5360307643813,97.5612217521897,95.3838515687787,103.303075548009,99.3879585677203,97.4594833933334,100.525581300979,103.178888304301,86.8511668001035,92.6913089748001,96.2305384611002,93.7115389709817,96.7506165169677,94.6218390609426,98.1010175490408,103.080877919312,99.8220699327066,108.093894411785,103.237154440236,99.9565642048879,105.287875762251,102.41523390418,92.7660305966879,93.7610795566265,92.3870912490851,92.37013128577,100.506848597125,100.380432123929
95.207921264143,104.651280783615,99.3998611454033,92.5315505756597,100.166245225348,99.3113220883368,98.7439611699012,104.689924752451,92.1090316061171,86.5551083628208,98.4385510534218,89.3961192020334,88.9153819318637,0.0,80.3708205253994,95.9178536685081,103.118786256072,96.1648940506697,102.345843948849,96.1583596064418,91.3392366336679,98.0306913420075,87.9713187953788,96.6586765442616,95.8095036848497,100.30164690112,98.1898615155411,100.148741882913,88.4626664026973,95.1189585764473,93.7339475119799,102.514593739615,91.7074414808289,93.450685924292,99.9046278061097,96.3902831044712,100.477076222826,88.133902616248,91.7548076151118,106.347615084247,91.7114499316236,94.0970377449064,94.9435502189531,98.2726083305624,104.230633355387,96.1361686957798,91.3516090022412,98.0221708835063,102.935096379936,97.3656331121364,104.751305842953,97.0357754084822,108.155485615902,100.299438910335,96.212116316981,94.2376615128037,97.3715226126098,95.9336916703632,95.2047329771391,90.8981003626795,96.4961321345912,89.8532321172152,82.4252582315008,78.161045108365,73.5459131349042,74.6986299458501,98.8125742982678,74.1287187025033,89.7423404721899,93.1301518995369,76.758065392061,103.242806017835,96.0044888568015,85.5995160223696,93.8406405991276,104.446840340656,95.0226089623946,95.1657778418167,103.302433096229,99.6053109493473,93.7859250217204,99.8006684826906,90.8143562915359,93.7413617792409,97.2985138310533,97.7625926146104,101.580117789961,97.6248090650157,98.3489682868567,85.3626089008234,102.288827873103,90.1044092987385,91.739719429361,93.2418936213765,95.5002235975414,92.1148533228594,93.8076685399724,97.46658739631,96.0718309028,95.1272601141624
94.9439464881644,95.6917330014371,96.3319353612564,91.3684528848023,99.4631661118457,98.5159456053151,91.934999957287,96.9505185237848,94.5730949209668,90.4445624728942,97.5028766488243,95.0301168013175,96.3593108586918,80.3708205253994,0.0,94.0414659165124,97.5856961940473,98.8875822873181,104.120010537776,93.6952305646339,85.7603257617182,89.7111057366076,82.7722506578722,96.2253136270587,91.7760783476815,91.7840985250017,95.4962137304205,96.2773464871408,86.4245898278878,88.0630838078136,97.5270781529905,95.683676919951,92.5912608457779,95.9532597610149,98.616121933945,97.7795241471976,97.6725498253005,101.734458714435,97.0034217201592,92.2425790993239,87.2707485630439,98.8700905674087,95.8219243291364,97.4536660164693,99.8463028365926,100.48283694013,92.8854584295406,95.7970661373926,95.5384639682236,87.850778720164,104.364139058735,105.687861126169,101.148479331141,104.183978925915,98.4260390257355,99.4009449234475,90.4888662968632,94.430057430106,101.782841333677,99.2458316099841,96.1694526628074,99.9454691361109,92.3913345689677,91.4118553982922,81.9019594911842,64.3781553882392,94.9020096221639,88.2885366852727,96.8677049672943,90.7474264544048,76.9104954200333,104.045674424509,97.9160598640939,87.7660266430847,94.6299720167107,101.1888785429,98.603558464377,98.2466216704375,97.6739527982597,102.202392559208,91.6842601332412,93.8948530248405,90.0095376537288,86.4011116801327,95.4101596752237,97.0335558925032,100.763233524512,99.2731826070917,89.5530976404132,97.195507683154,102.384906005965,96.7153286826888,94.1447349420548,98.1593128444013,91.1474104211815,95.7583511343624,100.560946942764,95.2619034233604,94.204124993374,99.3392204736348
95.7922245138568,83.3657400610445,92.8991260041192,89.1615327473234,96.4325206148041,87.5029452577493,85.7752345558959,86.9581937676567,84.4411012352674,99.5574560944804,91.558123078206,101.409553455303,99.8789549021046,95.9178536685081,94.0414659165124,0.0,105.894479790396,90.262923355858,107.270208874845,89.7140429993933,83.7123750960076,98.5132430177412,89.5336903262377,106.095192178403,98.5691822743619,98.5041420490872,88.486791278022,101.270743961393,97.7098024175297,101.508900073538,101.045351722357,92.5974757080161,92.5986873953955,103.991314475047,105.441743939996,91.8793265188454,97.1874266662157,90.8414336436866,92.8708305457169,93.5821651728276,90.0851256862189,102.65997897028,93.6749223970538,99.4452140772796,109.184800469786,98.602360428055,95.6123605048789,99.5704666225854,98.789766192463,99.1237264061092,99.4212910021457,98.6402390918038,93.4720289941958,102.800186678777,99.0245615970549,96.3993993044789,89.2165238497734,87.0774010837462,103.722348294791,99.9672522594461,101.079495390058,106.231673249832,100.137590242483,104.526584933537,104.785451937378,90.8871369346451,94.881446938241,107.05663906319,116.955563993195,91.4667143146281,95.9854990601292,107.966922146678,96.9916411045852,104.257654579243,104.067972343706,103.273421803885,97.5171628589963,96.7429283056596,96.5885375414432,97.8055004447215,97.7097860496112,100.929546870081,101.84310377443,103.684428542256,103.569173476321,104.575548318982,106.940579510872,97.9840358984465,92.2884920160552,104.577162038482,91.0174485715826,95.3724562586299,100.339402769336,98.9119077708273,101.19932629186,112.393020928242,102.232648181031,101.927976209794,94.5110452208427,89.3649885952221
102.440298725694,106.497614930199,94.9301748945216,92.9138500878467,79.5348887186168,100.559321801614,93.911842640259,87.221792290457,95.1691020070882,95.1525959709738,102.805600082057,85.3588057398794,89.4504984370542,103.118786256072,97.5856961940473,105.894479790396,0.0,91.8256245075146,87.8354593337452,104.026822210948,95.2215611817367,95.6523744539103,85.7957211577237,78.4649132273963,95.2445962208994,89.3800604032829,89.1312577040701,103.746582062546,94.9467781049238,92.8006260017652,99.0037299118004,113.187253728141,94.2862320912106,89.1071656905212,101.640408500753,91.3316376610568,94.5477798431562,109.602209108127,101.11903767187,103.97803517494,79.2580350720993,96.817541323254,101.293486827451,90.4970917763061,85.1670098042701,94.2597152047266,93.0796556133859,91.9824261686076,90.6069598000061,86.9819244162025,102.956015542824,95.6827730763303,95.9171264877443,86.8582230244534,99.2708069517555,97.8420483949369,87.4971317156656,98.8587972718909,99.7636974930749,95.9129696446955,92.0803498960765,99.5705190972566,87.7950610349971,95.651894977696,87.7161338474167,102.615920235712,99.3703386565272,86.4448785945894,93.8334660343441,92.333158120889,90.35353555558,103.985766894976,97.6385025695829,86.9604984349292,87.7610194499712,97.6204846919194,101.297318349192,100.003645679172,105.82132212374,108.05376674407,80.1514272591834,95.8568849927252,99.8549732093062,97.8018338481114,94.2451280594779,102.075318189326,100.434675787509,94.575192734621,93.0199077266456,90.0752570397225,100.722683405742,100.501996857193,98.035121403129,96.35700396847,98.7168892151915,100.242990966383,98.5301953661709,101.893756381891,108.481642318394,102.614713113844
98.1790364266738,101.873067500183,102.86473471389,98.0077612442047,80.3641394802246,99.0387789648426,89.1384029750951,92.9927375491115,91.6424227614392,99.75905669494,99.1167762131885,99.6608704256364,98.6780646826245,96.1648940506697,98.8875822873181,90.262923355858,91.8256245075146,0.0,74.052397983385,81.0255425952224,70.1145686687915,90.965749939005,78.243317344167,100.777442860667,92.112678028757,102.030322533887,81.8471532800043,100.908212652902,84.1138891270075,92.8398489454431,92.2795470409426,105.761530173313,90.6785065905194,79.771253969059,94.0314056673717,87.1987795302583,95.0992170790233,108.87519991383,97.1776981863982,101.463963422857,98.3951483855766,98.0202403727977,93.35648047861,99.1427222677554,101.38581384014,96.0566692613536,91.9362779189493,93.2395749073102,88.261029335523,85.7192007922697,97.5193985150151,95.6500578562466,97.9551828525309,91.9105894180352,91.8058602035928,97.9525028200169,83.2056019574178,90.0035207323135,98.7614392424162,101.973456027014,99.256728439598,93.1679085937517,83.2874376951549,101.045948653438,102.1478935688,98.4007724933724,95.4264900679343,97.0806371827125,96.0002603333267,66.0485596860989,84.6373776769601,104.617017898981,88.3329997534807,95.2187963979436,97.4511439117518,104.425820781831,100.680757206815,95.0529076771709,98.9078262280417,109.226769888496,94.3078545153234,93.2986044534153,102.358664501023,95.1797797333945,90.1955715708518,103.814566522938,95.0627030919708,89.7792433432783,68.3864211479614,96.3807672479704,101.588724952146,106.686946902738,101.295215478368,100.04631455677,99.8644833585093,104.129654998071,99.3410293047386,96.5997803887656,98.0908658789009,91.1815516143429
106.586928921498,109.790866566714,106.181620385346,104.875148594578,81.9284759527142,97.2022253821094,98.9348364457536,91.1118812153308,100.807440257805,99.2003885258537,105.128977918736,100.242567935892,92.2879915612112,102.345843948849,104.120010537776,107.270208874845,87.8354593337452,74.052397983385,0.0,106.958523500716,84.1173819913852,93.6244586556603,85.5013834091761,103.635047129948,102.500406852758,99.9284915954931,88.16711590058,108.604423715399,91.871564732552,89.6231991966742,99.408132360663,112.928481410434,90.2478044377937,82.6572447368763,83.1179435363422,88.8633970299935,90.6280800983245,111.397416637024,101.362121250896,100.599629810363,91.2185607804604,105.532886628975,100.285742796967,102.867765874909,96.8657810599966,91.3733290807587,91.7926675728689,86.1785265435212,84.4811177502052,84.5595853445842,110.001410249683,106.53294992813,105.072715957516,96.9902064910605,100.906940429611,100.065115693634,96.4286824212585,101.036283112124,102.528139604494,108.634382935054,100.072077104294,85.8918324193,90.9095397515201,101.376826951621,96.0759383401279,100.657685594492,105.363665817447,90.3650110459764,85.1313132972541,68.6733881201239,87.7400013769006,100.51723615918,91.0227469867418,94.9390351340175,90.0682909242854,105.35532571383,94.8960482871611,100.834553251323,97.7853139232398,110.164948033515,86.8359923043622,91.7641721562447,104.812329992978,94.8604808303316,91.1230053393953,94.0439473298121,103.968787821282,95.3745223120999,88.4694370826715,103.233848636026,101.550131444655,104.547551120719,101.116364733551,98.6322205652507,98.5427479255575,96.2623803045189,87.4548714041278,98.4654810575022,113.48655882054,98.3688545694653
94.9369163379494,95.2334896865137,97.4441794481197,88.8265968005458,80.6672515665483,95.812751596551,86.9300188555022,87.3843400040367,66.3451648435518,101.01005000473,97.1074462486725,98.7959794994611,107.508986530699,96.1583596064418,93.6952305646339,89.7140429993933,104.026822210948,81.0255425952224,106.958523500716,0.0,83.2424320834597,96.9616319978501,88.7516782316868,97.4530024888208,96.6211285916468,97.2653507040382,84.5682841013715,97.4529636693557,85.6965936765447,102.056846613892,101.714409671078,98.9584101508705,93.3884907507651,100.234834725048,100.903168960078,79.9782572957621,106.766124715573,96.4985785468974,95.6401070409295,90.8238912916534,97.3017654086265,104.502429463936,103.545040604572,102.063514976907,105.120453567288,108.183616996646,97.64759181715,94.6877940864827,96.8765555511425,89.8721322948099,102.714580428809,95.3783299691054,100.000567631722,100.775306507314,91.696096265313,99.9476477253137,83.802421479222,63.9574576379391,104.976621969125,106.447937813588,103.836102718405,101.042906161875,100.759782927159,101.367655038723,102.939348049761,95.2326211055332,95.2690319119758,109.784568795958,110.427652702507,83.6021510914684,96.639357283007,110.322629069974,100.950504257266,102.217103714701,110.987318471335,108.206991363583,101.894351242221,94.7374497344265,103.33856640009,104.043925294255,100.769632868425,101.847690984636,99.4106751895092,98.6855367570755,109.644124189921,105.789450852709,108.079381623932,97.4169286583402,80.153123589914,96.463311967344,96.0429132902533,96.8890994150892,105.455628040867,102.202382197529,105.979261216443,103.319745420164,109.022856586487,106.055597242136,95.8070495501102,89.6942360491467
95.523711384326,102.163733445656,101.73268017424,97.3371229898002,82.5880213785953,102.345421734177,87.3253672703969,86.64632226527,86.0963328019901,95.7097029547282,98.6747664366894,97.1757714315487,94.2849548527826,91.3392366336679,85.7603257617182,83.7123750960076,95.2215611817367,70.1145686687915,84.1173819913852,83.2424320834597,0.0,88.0244368994886,75.2817302323165,96.6028788996942,93.1365801249366,97.5365410752912,82.2123719295812,102.88088789859,86.0717418027483,95.4890954765082,97.6480434786693,98.912241016126,90.6340801391526,93.3543271979306,99.9959937970679,86.8783545626838,102.139362526264,102.711211366313,99.0105358399083,104.600788721165,92.1238565221135,99.1391014348107,97.7321422513923,96.2459437489354,96.3377468417512,98.6253574179222,94.83941577652,91.8496275236348,85.4811591452073,88.7485457224782,99.7877516601769,95.2198178408066,89.8342431218364,92.9500647031906,94.2230815313396,100.921647771953,78.390089578172,86.6618289450982,93.717207610546,98.4531174657542,97.6559640623731,90.9147405333461,91.2789543393838,99.9090580212858,94.7283470757168,90.2910180541858,94.9651293250275,100.875403409904,101.436190022916,73.0214184023803,73.538078651163,104.201732256226,93.8474804855187,92.8493319987055,101.302490160421,101.03652441075,100.066065885185,92.9320144944755,94.9525286892757,104.157792463713,93.8638595842008,99.6628140354632,93.3492551694429,99.1196569302503,100.952617475441,99.8173604649331,103.549644615147,89.1537081611707,76.3207463057728,98.4221472003937,99.8923851890957,110.720508841428,100.867764110976,100.401828853853,92.7590655415135,98.5130634281836,97.5874945052709,93.9364358087578,98.0851579209062,93.573359057249
93.6784271250689,101.876852128619,94.5052154717288,99.919224601159,89.8007194340701,95.8217334678954,97.4545596907541,95.2081843159714,94.8326409235144,99.9730788928058,98.2131827801208,97.384673223835,95.2758943436768,98.0306913420075,89.7111057366076,98.5132430177412,95.6523744539103,90.965749939005,93.6244586556603,96.9616319978501,88.0244368994886,0.0,86.0775693509924,94.3027362127838,90.788304689107,93.2187134513797,88.4745168258515,100.76364773506,92.9969235924552,85.3117659089503,99.0500896309597,101.650031546942,88.291936953863,83.3129035028711,85.7876702041433,88.9555072318411,94.4332838466487,101.58525107536,100.544658428532,98.5354359798479,89.3011804435886,95.8616505205329,90.5921116926984,95.7752460040094,90.3213039002467,98.6018801083041,94.567659416803,88.6692565841225,96.9636924452673,87.5191154161165,108.947446873102,102.122497011346,101.600637738252,92.7871128903639,99.1924821280891,96.6433128774421,89.6068275683797,100.894875398037,94.8690260426669,99.5936223257108,93.4858165681137,93.5787475016475,94.8490804275105,93.8450210202075,90.9421174430636,91.4120941380977,94.6493359423367,91.6290755299452,97.3189119588198,91.2940726877846,89.4696884268078,102.197178891338,92.2248049089284,89.6084234720787,94.6215563411499,95.812478013606,96.1000321278388,98.3141682028664,97.3381963074089,99.6659689310003,99.5186706254508,95.2902947582809,97.8825610207102,89.8414820868225,94.5792816949003,85.9401060151204,100.863945123527,98.1250309609822,89.7870876318754,95.3173525434045,101.172741007299,106.056476550947,100.400641071091,99.8223537173886,95.2000834032654,100.250997193207,102.390444966594,95.7985115910607,98.6593852303397,92.240702734038
90.7853761159762,100.210468613797,98.3991885597895,87.9276678639135,83.9556170794713,93.1727397302353,88.9496853004695,85.7658023189119,92.5215360431566,91.0751279876269,96.9452545365029,96.6221203832494,93.7250770707862,87.9713187953788,82.7722506578722,89.5336903262377,85.7957211577237,78.243317344167,85.5013834091761,88.7516782316868,75.2817302323165,86.0775693509924,0.0,92.0719530540086,86.9642706553789,86.2766244497199,81.5609684568647,103.695175825275,81.4995205267784,85.6040969171835,94.5358646816774,101.311026900992,95.1351853233517,88.4204303995761,88.9206749454301,95.3452351903688,93.0248399595536,98.3510716250652,91.5819482093879,97.4725299936595,87.6329585294718,100.87947795265,96.4907210249698,86.0034438084949,94.9439023665104,95.5455386810305,89.5435993301792,85.741802459162,86.0866544279991,87.6205003249078,102.415567808924,99.404383347841,103.438273763679,99.2239106623515,88.417852681583,93.8570623707213,81.600424649942,92.1521044190349,99.6928268096793,102.963748466135,95.7136145865836,92.2376274390967,73.9795815379148,93.4972714439874,84.534822772791,87.2048123501913,95.6388654231354,92.0998059767846,90.8863225318712,70.5384319171586,87.5540500127845,100.942103568368,87.9851853423907,87.9816710845026,96.3068093481751,99.2213663609156,92.7185605060048,98.8922071031687,96.4403553454286,99.4649312278483,83.8922632873831,91.9780664665256,92.8009379770767,92.1851899960736,94.5224425183118,95.8849347040631,94.8037250064034,93.9688597847157,91.8862859487626,95.1267735445817,99.0156220453019,105.154135831377,95.7895124722448,99.3716309889215,96.44463899571,98.2040530164579,101.911389224484,94.7400009290927,101.629877011471,92.5309957290008
