0,1,2,3,4,5,6,7,8,9,10,11,12,13,14,15,16,17,18,19,20,21,22,23,24,25,26,27,28,29,30,31,32,33,34,35,36,37,38,39,40,41,42,43,44,45,46,47,48,49,50,51,52,53,54,55,56,57,58,59,60,61,62,63,64,65,66,67,68,69,70,71,72,73,74,75,76,77,78,79,80,81,82,83,84,85,86,87,88,89,90,91,92,93,94,95,96,97,98,99
0.0,79.632081336364,75.1010817176532,70.4824295387506,78.9315208698584,72.7254427100235,73.8452532911961,74.8635601884385,73.4343411330114,74.9758220801957,67.0019548895177,67.8159232311343,77.2149071447289,75.1777008626659,80.9228974584053,75.3573427530773,78.5638097004772,73.8790935685243,80.2118214987212,74.4141289981558,77.8135727487587,74.6543716825905,70.1706806925875,77.8163515177767,74.8079758157517,78.2911539181727,69.9728878978525,78.132023722794,78.0422037234143,79.967045793463,70.6592202426293,77.8481399232102,70.9958246919458,79.6168071655258,79.1692374236535,71.5144801634079,68.3470388317198,72.5428881909954,74.6409789328454,78.5026215468694,75.7567825415723,72.3237104177189,68.8984662917184,69.3706744101702,82.1763957035154,72.100986781135,71.8638177360528,70.0027356190692,73.5178122361334,67.3945657601873,67.6507111907898,74.0445440315254,85.9429873695466,78.0354462000037,71.6342709768116,72.0566781123433,79.5014186341193,71.7448625484311,79.2136873863469,69.989678259756,73.5782493097793,78.9746020247528,80.6808519414443,78.0692161365547,76.338825628838,82.8073413435314,80.4562050303199,72.1536510700625,75.4284601565282,84.2703490106949,78.1460875492002,73.3951877696541,76.9976876309547,79.7441732888232,76.2346731267819,68.0630423606203,77.1630667423576,81.0133784023699,72.7792078012165,79.6605190358197,80.1512896698487,72.6140962210822,79.9427298623783,76.7378337218274,77.4505239600192,69.8074566704786,73.0112488034264,68.8564648448379,72.8062529538102,80.3417115687068,76.0720910015,69.2352290208437,78.4658896386786,77.954344804238,79.8250889131253,80.7732813736256,74.9225488482779,77.7419143906558,71.170900340813,69.6139394813354
79.632081336364,0.0,62.2601045080778,71.0585546703654,49.8755500921305,64.6863377297604,66.7170423288952,61.5569482316567,55.7789225777722,71.6524459783788,65.678235907124,64.6522993220393,64.8584242952276,63.7434257027801,64.8238494762177,66.5569613701815,72.4929629949963,69.9994574689909,72.5548409480047,62.40358606953,62.1651948745744,70.5782478747012,70.2573322824187,69.9400840822013,74.2726809079146,69.827742199345,71.2779916934982,65.2940788877677,60.9857477489074,69.7358892923769,73.1953509521936,71.86513878982,69.8174671268497,69.1519740567307,77.0872459793954,67.0387934566027,71.0175168197505,75.4630046464103,68.0624343367921,66.1272452219911,61.4938089890255,72.1038105468616,69.1489323643828,65.618934933875,61.9585700649352,68.4099974696471,69.0321883270819,66.5005134451414,68.8429203167593,62.7393780654907,66.6258342030772,61.1633058273089,60.3438953750732,58.0701205114631,61.1998213316806,68.7912922668322,56.6931045796087,55.6499691083909,68.8998272181892,66.7260357213338,66.560899109079,68.7570507369939,71.6294795324912,70.6303038627864,64.4313432384552,71.2736135370807,69.9147252166918,69.3173000313864,72.4854305806063,65.3322391449098,65.234420783897,76.3417715248312,70.6643210451441,70.3722559279972,74.4271468680567,65.1675485517699,57.0006910679764,66.768040940045,69.8651458398196,75.0330298982837,69.4894813919681,59.3669818995027,58.477421939261,64.9495787552025,65.3896304233865,66.950084567096,70.6375303317681,75.3841178228654,74.0735050988004,70.2282925999335,64.2503445263127,75.8899770293998,73.4406460589841,73.0550852141798,74.059499967803,62.8782611261179,63.1829677333068,66.4796546430745,59.5880484893025,63.9089529850506
75.1010817176532,62.2601045080778,0.0,77.3103676532697,70.5480285255607,62.2811988388559,66.2098241777227,59.018133513479,62.5025975001618,63.5787574512317,74.8932667238445,64.9354882220726,64.1544280972735,65.8969796979012,72.5820960797823,68.7648131662367,71.0758156282535,59.0668021870973,79.2881148504079,66.8792251600429,73.8558244288651,67.9741387675215,60.5531009746195,67.6779215721907,67.4974484378984,68.7218016301253,68.892949908983,63.7040488634172,65.189596741603,67.054391209797,64.7328045137252,69.0891296488487,73.3740663892938,66.138269002296,66.5314072768667,74.9239911013236,62.522406499012,74.6023298034126,66.3782791935606,62.9959868178756,75.0045223306505,69.6825658150517,67.6481750421813,70.9929089340122,70.1136590700571,73.8576414250261,74.5273997461261,69.3838158321782,76.5347056959455,76.3284892786403,61.7435402548214,48.2449025188748,66.8510006856641,66.3116557638039,58.2566716705591,46.6476837143423,67.8452380890818,55.5708132113493,62.4721464116108,72.1769683600689,73.95646102657,70.0779099498874,65.2841710686667,76.3942543483481,68.6323615707543,67.6799551848835,64.3399998471582,64.3397534284399,68.9707943440984,67.4729015745783,67.8036195899967,58.7510547078103,66.7926954644359,67.5061815289936,70.3632197986425,75.7598814169644,64.0029383138358,60.975232193807,65.2488135006121,69.7807387105106,70.7067099479399,66.256171362427,69.9982473404439,65.4950938337506,61.5449087685533,72.9266986893542,67.7491276791331,72.8729580932446,67.3378761245243,69.3136059159613,61.6761035475414,71.7353446581872,68.9434144092638,74.0325004473943,67.584180165092,72.7233126819535,64.7398833022011,73.4159424929096,73.5049610256815,76.1861427792915
70.4824295387506,71.0585546703654,77.3103676532697,0.0,67.5379149814817,73.7178708590548,75.5840610420344,67.2998794495228,73.1488515757319,74.19832267417,73.5040171553637,77.7331301734058,63.7015409392509,77.6617070452781,68.8291606394559,63.2297944995878,64.5492698879355,78.3508960770238,67.604146136779,77.3552712590016,72.9707996407526,72.9971410190446,74.7630067841826,68.8375421199805,74.2398598912298,70.9733374829563,71.347463235341,75.8918263435261,78.4249865541847,74.7075869115987,74.2392232871493,67.2350991976358,61.8620582967392,71.6426673068125,73.6135443437893,74.8776603161232,77.7773555871793,69.8006462997236,71.6133366113798,74.1579580652267,81.8678204396632,67.9025360564879,70.2531467608506,80.3481991195386,66.2389503403177,70.6236226279997,76.9148692635843,73.7655810050803,73.4844965451182,74.6174681081225,77.3918037190955,74.6317324532604,75.5341304650297,36.3315858101916,81.5685902250935,75.9775754179541,59.2038414380323,70.0533795720156,78.4963465081087,80.4237784764048,77.4658024426542,69.6453273303781,68.7451272690972,77.4667510356614,71.1543334940731,71.9687241626127,73.0714178079041,71.7706383725359,73.8086987481972,73.0615489190813,77.724770956711,76.4200805181447,74.0412864367746,72.7257386023307,72.3790844675095,71.1029115693057,75.9883215593749,72.7234367251426,74.4560660978532,75.5904828523195,73.6073399905171,78.0285671612971,71.5512391295144,73.384721363019,77.9649072482541,73.1263784564844,74.8955506270775,74.3441941469775,78.2741052298873,71.5529894266855,84.3111142937902,78.3121201073394,83.6065314090586,69.9455038834658,69.8414914716476,83.2746694983245,77.7765745095405,74.5092355614277,76.3192225627045,77.4200639968765
78.9315208698584,49.8755500921305,70.5480285255607,67.5379149814817,0.0,60.9334358380106,56.6664780800981,63.1277031970884,64.3313186712498,69.3884108462018,72.1713639029491,69.7237636441759,66.0019702409936,61.4232452797325,67.727720400246,55.278154974697,75.9593353573963,63.3884580058784,67.2158421817811,63.8984766247226,66.0516565835214,72.7539567254033,63.8046197808071,65.5732476874978,67.4099172328838,68.7241998616728,66.7480173913641,68.5505794687793,63.847549494369,67.1267592438512,66.015179864192,62.6195783018018,65.9179710973842,65.2362920773432,75.7812351604969,67.7267513461066,67.4679012741291,67.0960266585344,62.3224236368364,65.0095891261758,61.8792656934756,70.7703469470486,68.3586191834642,62.7691433478283,57.6365805131924,66.5145787678378,70.4259023213037,62.9028672580208,64.1145801436719,59.0838698575856,69.2738989414416,69.434880233485,57.9750196390756,54.0502878968862,64.3533514802164,68.1123584748577,58.8333005035762,65.5456654046043,68.5415845250592,71.7087955561107,62.1474803387124,68.7874222637146,66.0717591384802,64.1583250973875,59.8773581334154,67.9419544658461,68.5670496056179,66.9266319685044,76.6113558049197,66.7541886046538,70.2845148675123,69.6060663283891,67.8715619313736,67.4694857492262,70.789521318605,63.4585002220204,63.007019537349,60.5032388521063,66.4581170898086,76.8596671260606,62.5903974399046,66.2411941805149,58.9224040759753,64.9533597930057,69.3529704774013,67.064660425558,67.6907274966858,69.4077076745043,70.0103024241491,71.6010421201122,64.2161029688103,71.9858484683985,74.9078117595486,71.6951351609889,69.7480418897586,66.8625191383997,69.2684912089697,67.0041853816759,60.8279232766066,66.2572816261241
72.7254427100235,64.6863377297604,62.2811988388559,73.7178708590548,60.9334358380106,0.0,67.6443056412205,45.0840941072885,59.6599953668098,65.8632870662479,75.2838432278755,64.796223322273,66.9621992184829,66.7639349472861,70.2740947658826,69.1955007985077,70.4558262607875,59.8099948729927,70.8487084048228,65.7637975755969,75.0909047949058,71.5151745085828,68.5429089622317,67.8957247054209,76.5969911384842,67.9924621338237,70.7285562721352,70.8509967834522,64.7225120276078,73.2129860070991,65.8749137065053,67.2622623184783,69.7879286732856,73.13667487718,72.6484124243389,69.2292404344025,72.3841756911234,73.915872356771,66.2657639432954,67.4054718888853,65.153592243447,68.7613163994851,73.8464706146319,69.7129984399372,65.7487943754702,70.6273234302986,74.4590935120415,65.6520370955483,66.9215064497901,68.8590736698316,68.9719845355594,58.7819626221483,69.7066236672479,61.666848896694,39.0856235012685,47.8882591476829,65.4810770365914,50.3695934184213,65.4761398107661,74.8012344770712,67.8285339406097,66.8688219048758,71.4743280939901,67.2757766579648,66.8095555175428,72.6996024750457,68.7413752966388,69.4270920708733,74.6016716404832,74.1513580289501,76.6364821955211,69.6735499859887,70.745757124591,68.2539288659445,71.9651637358626,73.5259155638978,65.1606981925347,65.8184687464391,65.6945350627188,72.9498269708176,72.6815278091629,72.6944350586108,64.1757421418111,69.1342436227303,70.7683496369496,73.0959691323461,73.6101470193192,69.9351008558492,70.8724193635301,66.1257619835097,69.3745444428114,75.2623097929427,71.6007597422794,73.1091887798188,75.429706113339,70.544038548457,71.6310044433284,73.1311846924066,69.3359529513637,73.7193276784127
73.8452532911961,66.7170423288952,66.2098241777227,75.5840610420344,56.6664780800981,67.6443056412205,0.0,63.3164522272918,65.72665483667,62.419875984203,70.1317570559497,66.8749745614371,66.028448843467,57.8128493558361,62.4756317834508,60.4428032688178,65.7500647446178,55.688657868715,68.4549533966819,58.0944649427703,65.8862125920139,62.7796539308392,60.0164369040016,65.0846669335825,72.9185373849349,61.0396554882195,66.1449234509108,65.7986115449825,60.5494171997646,72.5390254115187,70.4493386004641,62.3359126901109,61.1180166555798,67.0105109909234,67.0562648208036,67.9606439008937,69.3977552991191,64.6583710958762,64.8469501717206,61.4130473407299,58.2743523281893,62.0287045622849,58.9060760596776,65.1272063085137,62.4136177713136,64.6475137204413,69.1355125273519,62.0989020698759,65.8770687075486,69.8225328425513,55.7656947114286,60.0891221214966,64.6904251983212,68.9514204313466,57.1611160910065,62.5536169637593,59.2787574927198,62.1410838667763,68.9014786899519,71.5270503182745,64.8850409209515,66.8668045149504,67.7511920805228,65.2610745050272,63.3176498981794,67.8122861606866,53.9160955562406,62.0931682894285,63.5108718054172,65.9957726363493,63.5935388507587,69.1147849326729,69.4084252380595,68.5600551039868,68.5332772926135,75.3308270372948,61.5936206397375,61.9112927932896,60.7668257125563,65.8231632342387,66.8125699433674,68.0773329571966,62.5716608373485,66.7773300634938,69.9132316889269,67.1824583504404,68.7342166824874,64.8101654188942,54.5188654495483,65.343014694639,64.4421650693557,67.2403066657425,64.9792910968768,72.9317652136105,73.4523815209718,62.4866462185416,62.372110678611,64.3447732923131,59.213332343236,64.600473693439
74.8635601884385,61.5569482316567,59.018133513479,67.2998794495228,63.1277031970884,45.0840941072885,63.3164522272918,0.0,61.5191391162264,71.1164626252615,76.0730500203202,67.9843850359288,64.0229311743743,68.6541129804641,70.3809999206122,69.3241695762477,63.5320567847336,63.6996094638235,71.685922551841,68.8552157775999,74.5077314777694,69.0293829014272,65.3237882403903,70.7915941156124,74.6074729940248,71.5691438913034,67.1288397362698,69.5628256823419,63.2393866723231,74.8110731211474,68.4183231870845,65.5406165543913,63.6923698342353,67.2253926099805,70.9959143336688,73.8933850407751,73.4793442978954,67.7037228220197,65.224513231637,67.250225299697,72.437982336227,66.0876445156352,73.2779311241707,66.5364018475895,61.6344372297708,77.3341992397073,71.5260081338957,69.7777265777036,63.7235979213051,69.4142237534166,66.7100917341396,53.8226113051543,61.0079501080561,52.1227225405973,50.8870009487214,47.7991127511246,40.8175261402399,34.6757199228934,69.5621569514357,70.4822520732824,66.8938278923902,54.1658335201378,68.0409082315691,66.0237798854946,64.5318101662002,75.544375090607,63.9206919986924,63.7460746532035,71.2372965512726,72.7907905784319,77.4596917279185,75.0952360675241,71.7733361003992,65.1540076442097,72.3180992961275,70.1612596088511,62.8443396402156,71.1584919033676,67.7774459926979,68.2647704991629,71.0492175728327,69.8707393166544,63.4409369948907,66.8035576521473,78.2106814731865,67.9728694317231,69.3441178043019,73.1666693563763,68.6759139173959,62.3360423847481,66.2989814277101,77.8408521693849,70.2863513351264,75.2624753869181,74.6117182500967,69.470509438365,69.0768095957701,73.683055061891,74.1486239529026,74.7932392321122
73.4343411330114,55.7789225777722,62.5025975001618,73.1488515757319,64.3313186712498,59.6599953668098,65.72665483667,61.5191391162264,0.0,70.0316808812943,63.4989217246271,64.6095076328331,71.2209973981679,63.7487581472504,72.8601528939853,72.1741600173744,78.5296515339363,53.2051018541877,77.5073558914605,62.322161339943,66.8148894636716,74.0644037439619,70.1817597457956,69.6600111794768,78.2640260170282,68.9277688821421,75.1632874711062,70.6618842699092,57.8231771577641,76.1051274706289,72.3095613003837,70.1033641457721,68.0667059520612,78.6743386046496,79.6700608528442,63.9494569684643,74.9298075981659,74.1727514428279,69.178909669088,70.1232729008751,65.4913813048955,70.1515452940034,72.3311599742476,72.5220234220179,67.3511462016364,70.6459855310856,71.9099182604622,72.3014027198632,63.8683374655264,66.5767614517287,65.6475078735044,61.2788906904768,65.350954569393,70.4166032792785,52.7994961407094,61.8346421721271,64.2369652662261,50.5075463867205,77.2028148620189,72.0288227436881,66.5183527023961,71.9582942192601,75.2481736210972,72.5514545159662,71.8279874011675,75.1830190358774,68.925986912647,76.4835519643962,75.3794898428668,68.4268032370844,65.728640147099,73.4567873294817,76.0317339234609,79.3035374503147,78.5697174786153,74.9675127421078,61.1710926872362,74.4755961612521,71.8558736467658,71.5972209711397,75.8774958977323,65.3078169590474,73.1987797826585,70.6154645309726,73.3460242789849,75.7046854029359,67.2207456165577,72.5126023416345,74.329090823052,72.729498428033,61.541171078464,70.1118649206374,68.2703039936953,75.6223824068911,76.9323461030516,65.7535250932219,63.537083576431,70.4223554189826,56.0447025718803,63.7239847427072
74.9758220801957,71.6524459783788,63.5787574512317,74.19832267417,69.3884108462018,65.8632870662479,62.419875984203,71.1164626252615,70.0316808812943,0.0,70.3063730996908,61.7084858990183,62.3241375379243,73.0413707272566,70.9793405573013,68.4759677268848,62.3160552596042,65.4564986233517,64.4590581566555,74.692740969867,67.6799240541695,64.3585743999573,64.9741887996541,66.1825952909825,73.7697480992883,68.016786762988,63.8008133040659,67.8671686152814,69.0303473312661,66.3115616549287,66.5503788599405,58.3020449790191,62.2817260605134,73.4368345437304,65.9531354183834,71.3267444349362,61.3086173926605,57.3066913432238,57.6057768046166,64.9726654260937,63.9504204727094,62.7088409180031,61.212518254786,67.0443120886781,65.7315736559568,60.6437131882618,65.7484064083114,64.8821817140609,73.136033482293,65.6513067845522,61.5580805132233,66.4896468032775,69.5955902793311,74.2806665920017,69.3198801729949,68.6758615774646,69.5370482446613,70.1907613205706,66.923122376758,70.739856176412,73.2470253517496,63.8489528035519,66.5788433669911,68.5132371526826,62.0153688263845,69.4994492652753,70.3374209635898,58.7764847470048,68.4280393929521,74.1936595312913,69.5288247760529,65.0313467975292,71.1915837559803,64.4076004624465,68.9002280551524,73.1966587835958,66.1803931926342,65.2161867709646,73.9640343272977,64.9813974423618,72.9322802104407,70.9031198484303,60.8591389840118,65.1299147143611,68.4055833598921,62.9681926114117,60.7389672499521,57.9165222903439,70.0501070392533,63.2078783144845,65.4853475632179,62.0617670619734,65.4372645433857,65.5648977460845,64.8470094127918,69.7314140097463,61.5666694903304,71.5459645051903,65.5013952759449,70.7751634245363
67.0019548895177,65.678235907124,74.8932667238445,73.5040171553637,72.1713639029491,75.2838432278755,70.1317570559497,76.0730500203202,63.4989217246271,70.3063730996908,0.0,69.6041522012278,76.5676873514146,75.6533154684279,82.635198450186,75.7119121407971,76.5282387908741,71.6458187262717,76.4444053579706,74.7096505405234,74.5784023274094,72.6879069695826,67.7995791849772,75.1446500500185,74.7854010472049,71.2168939642183,73.6430333995199,71.1301774918938,65.7458046077724,70.8703722403584,72.3948852336701,77.142443945948,72.8156779846166,77.943422752133,70.2182571269381,74.9631242492526,71.2511265991041,78.9483333504713,80.6944453463277,75.0103487130738,70.9949115847889,73.1091138410788,68.3692050008245,62.4097366237338,72.4442548064609,70.2584496690507,76.7500288238136,74.5465433257061,72.5760952632385,68.5339498058366,64.3911420138721,76.0577180681753,75.9717415563661,74.2565341752877,66.2626891914117,72.4169885375257,71.5336456657729,73.9150272823784,79.6225007270992,68.5428194803631,69.1677786661773,69.4964626660665,75.2548710818028,74.2718687612485,75.4337934788611,76.1113706336863,75.4372604473476,74.0843581464734,68.1934150875826,73.5909138998628,72.7191639464036,76.0564941173202,76.4524331552619,71.6014723817775,75.3514138309637,75.4642740069679,69.0943105265546,76.8794924831482,72.3670697516865,70.1839725341696,76.4621013839903,68.9114312884374,64.6155317204148,76.03778437593,75.9231376443204,71.6505314559003,71.8996846957986,73.5273614238521,78.5737337893088,71.2525321445144,69.6570404396762,68.9127504423276,78.621777423488,68.3479628744157,72.7136867892746,70.6748994968565,70.3625379900832,70.4494757015284,70.1861428106441,66.8961593082081
67.8159232311343,64.6522993220393,64.9354882220726,77.7331301734058,69.7237636441759,64.796223322273,66.8749745614371,67.9843850359288,64.6095076328331,61.7084858990183,69.6041522012278,0.0,59.3104657409912,66.0562454585273,70.8087060952863,73.4403726631307,69.9202116143371,59.8625340861907,66.8666456459989,74.4272605758349,62.1376832620999,67.4975994259844,68.4139786089393,69.357377160656,68.4202862513181,69.5849533101459,67.1456769217044,71.5064002170768,63.4019847756358,62.7220414899597,52.0775548294697,70.7186829262856,68.5325790433359,73.6830688468731,75.1043935879504,61.848127188519,63.0702032882125,70.5094612946379,63.0835561215356,70.3468869380489,63.0769902953742,65.9641221104264,63.7424479959833,70.1515422276534,70.9824051597716,64.5017574614144,69.6099125643159,67.4887987344078,70.7749032366443,64.1026162170435,68.979971363181,61.2670775326217,69.2522812516104,73.0870534406569,63.8758633826017,62.6662433230241,73.9873654497689,61.1221976167173,63.1358600721054,67.2945519715149,54.8032601371618,65.3813968795524,69.3273156338625,71.31678036407,63.6058910501694,67.6911373891234,72.4343398236552,70.8569799617625,72.1042044486297,66.6635372868898,65.5066897133097,62.0852461990938,64.8991591000899,68.0655012158861,68.7937878222547,68.5132466240872,65.2775682984418,58.0196306794119,64.2039646169127,71.986663184883,69.4999276559687,71.5493956592386,67.7829898832519,66.4549559874416,64.8482146207001,66.0292766967388,63.0525392138383,67.0861769390529,69.0490213400444,72.1002293778849,73.3012499651428,64.806735405066,75.4332938838951,71.7022816133283,68.6032043448985,68.8787020846562,62.4898405183896,62.3392019474552,69.0669754577077,61.2158282267637
77.2149071447289,64.8584242952276,64.1544280972735,63.7015409392509,66.0019702409936,66.9621992184829,66.028448843467,64.0229311743743,71.2209973981679,62.3241375379243,76.5676873514146,59.3104657409912,0.0,61.1685348030724,67.90904891148,66.9569278711097,61.6400227982634,67.0291196419754,66.4115576993398,67.5817698804628,66.1804122186833,60.6444017384503,67.6301794646923,64.8855360300107,68.7249817538513,64.5917070467485,64.1663966923458,61.4377750714271,65.5215268564144,65.2374776260979,60.1964536583562,50.4257044695355,61.6408328049434,66.5224568761636,65.564405475437,69.1181676947724,64.9129906532295,60.8019547131388,61.3176968591905,67.6257591403122,66.7104341952188,57.8120068749009,54.836827600726,65.2841390542274,62.9174032584283,57.9812889335632,67.4720809792709,64.3374892422844,74.5726480860886,69.797895706031,65.0240037214794,61.7560715144655,63.1395050135176,61.5945578809857,64.8623917016383,62.2915379555216,64.9539087389275,64.835176645815,60.6666174941009,71.2774025800113,57.4895169293005,43.8037514173564,55.3435160864508,62.7427594200355,57.5189678825682,62.008374026793,58.5896432579524,58.2497832076676,61.2320556935303,59.8969782458697,65.6646093667389,63.8659048831999,63.3863321491979,59.7378633482624,61.3083913324063,67.3488005667476,66.3081154067692,54.5463782776059,63.5043748972649,56.5541833309852,62.9798090957131,56.1858299724441,53.3131577177364,65.1671601535687,58.4640625186733,59.1443871574412,63.6784465097677,60.7655619738771,65.73269813977,56.5367503449304,61.9574857341307,71.368971780152,56.7417257366604,69.1561107959092,68.9181878611502,63.2501129347933,58.3225063961918,57.3256362075332,67.4390832392242,69.2972040980016
75.1777008626659,63.7434257027801,65.8969796979012,77.6617070452781,61.4232452797325,66.7639349472861,57.8128493558361,68.6541129804641,63.7487581472504,73.0413707272566,75.6533154684279,66.0562454585273,61.1685348030724,0.0,47.545880058574,61.4862958438521,62.5893060337326,53.4290276956254,62.7981062817318,61.3556206831131,58.3434824952151,68.2463091128407,57.6422307358281,61.4073324809916,65.8817268521827,57.1000657786896,68.6503327312115,68.7833235352802,62.2135572261956,65.4004715548757,66.2010385393267,68.5548887440525,66.4329943337886,61.6784918564651,67.4142733453359,65.1027210377351,68.7363886429037,67.4969076875822,57.5148752489577,58.5550383687191,51.9081237638301,64.3345109651559,61.8303223440384,69.5547863839935,62.0256233191561,60.92209189838,61.1225067996685,63.6029366865769,70.002926546836,73.8887634434632,66.8606277104589,68.3159520753412,61.3748317944626,70.21129420971,62.7136269357329,71.5401194889544,66.3568185134881,65.1803080039901,62.5757494041553,71.9305474432911,64.5818865953384,67.0371872277522,67.833248772713,60.4791922785416,55.5891017922946,56.7422589208484,60.1555812266294,59.4663324692425,68.1007081865575,55.0514734004232,47.0383329623358,74.4370653281208,58.8735372592847,67.1670730550876,62.3924527919841,71.0016380102548,63.9301875266529,60.2185237404146,65.0223018893084,66.3212762253111,67.670781987018,65.8106895875823,52.5655870618501,67.1359706540224,65.0095822147183,67.280555726639,66.0509545340063,64.4609570080941,56.6744474770665,66.1659886097808,62.1251737247778,72.1654067578407,63.5939449579278,67.6969628564909,71.7742706803825,70.84590432378,62.4419415785562,64.6524792014279,62.0619982876532,68.4315941988055
80.9228974584053,64.8238494762177,72.5820960797823,68.8291606394559,67.727720400246,70.2740947658826,62.4756317834508,70.3809999206122,72.8601528939853,70.9793405573013,82.635198450186,70.8087060952863,67.90904891148,47.545880058574,0.0,65.1980440954697,60.4294780868496,57.9662336640837,53.39518815934,60.1503193964111,42.4124327829132,73.4787297027665,61.6185951171577,58.0703348599367,75.3845718751678,66.5350883533924,70.7791516008906,69.6558165452683,67.493164183381,66.8323117595501,67.2310189156476,71.3334013885271,63.9505148009764,66.2996660104503,71.0143425130546,64.7791293522188,72.7661952837293,70.1574280540726,63.943885658208,63.7563197573192,59.4188150485841,68.7075333924972,73.7110418695614,68.9382850540484,65.8424289484601,66.2633602673449,63.5742668624344,67.7672477993739,72.9411035354796,71.5957585781378,72.8347776870195,63.3251910983862,64.9988083115996,71.0306731597771,71.8024688359649,70.7654365843908,69.8680862468833,72.283118751643,71.3550563437832,73.4150343313563,63.6221506391408,68.8749865258758,63.6234555584679,59.5496304047822,52.8131376853946,39.8706999004292,67.8906875866161,69.5853687338462,64.0648319638704,50.8650627204784,42.9134608964879,76.3630843583812,57.5294918478573,74.3103366641833,53.2659628931605,72.8641477518921,69.0200243172907,60.4980401075319,69.2143033547132,68.7117446064475,64.1649207817282,67.5251357879972,64.9766565247469,67.9739237255845,62.5866194806903,72.7365355125536,73.8912004157541,68.3959049844942,66.540949431409,70.5668545290206,69.0904914954577,76.6442675107922,71.6766893272512,74.353547965287,68.2417473408112,65.3518488209775,64.1437756541555,69.4107097441535,63.9022392161193,71.5722106922908
75.3573427530773,66.5569613701815,68.7648131662367,63.2297944995878,55.278154974697,69.1955007985077,60.4428032688178,69.3241695762477,72.1741600173744,68.4759677268848,75.7119121407971,73.4403726631307,66.9569278711097,61.4862958438521,65.1980440954697,0.0,66.3151592609882,68.3246284947009,70.5032752726766,60.5630390690113,67.6863812660743,67.3981376189029,61.7959457620137,59.7892941280228,70.6019068676274,67.5764826135236,60.247854927817,67.2217118685973,62.580640036975,61.448164811066,68.3078239622833,62.4336390123274,62.1395368575199,59.8804259464139,69.3371955869383,74.9837254194002,67.7323458204266,67.8594062464308,60.3724701344317,62.2863118540842,62.6133713596684,65.8404999513204,65.3794879651757,65.0596487991127,62.4668329427971,67.5429133170166,70.2541428135655,73.0377482083836,70.2848607794677,72.8251256957152,70.1270376341586,67.9490181526588,69.2790393376129,63.2275759857085,73.5078626378541,63.5992239175869,67.0554334165206,67.4796215454499,64.2173210846203,70.7628511801165,70.6696815965656,71.4974833804126,67.3983288271468,64.0672760197844,58.4379397264351,68.5759993280527,61.1651539366096,62.0980021961867,67.966638426884,65.6568961587821,66.9359249491959,64.0537775831223,69.4429266458231,66.5676778755754,68.5039521326339,73.1135345560503,61.0964350848311,66.2581818293046,70.6719822493647,66.6908767510161,65.1241259308046,68.0837292637816,60.5279814718997,69.1296504979788,67.5470597600366,62.0598258622119,68.9330573724198,64.5816163653079,66.5453463289618,71.982002328604,64.5516283343234,70.6302146030054,74.3048082754631,63.4811974920778,69.2464843498454,75.1122554705822,70.090540327759,67.3576722081131,63.351903850354,72.5888157641004
78.5638097004772,72.4929629949963,71.0758156282535,64.5492698879355,75.9593353573963,70.4558262607875,65.7500647446178,63.5320567847336,78.5296515339363,62.3160552596042,76.5282387908741,69.9202116143371,61.6400227982634,62.5893060337326,60.4294780868496,66.3151592609882,0.0,68.169042633183,56.486952797538,66.7465178980708,58.7970637517407,58.7347988009187,58.7188948848475,70.520595031957,69.9923221208557,64.6302252195237,58.9654252587165,69.4667538045912,70.3590634868748,67.5562952561573,70.571688891826,62.3292802426119,62.4906380970594,63.5409536946967,58.1640466995416,75.9274254102816,71.3878526914381,60.9759533633875,64.4884664817488,65.1450454894066,70.7792793524198,58.3379197144148,55.2073369421772,70.6448137936884,63.6622495045343,65.405727850466,65.7493009653359,62.0924032592875,69.2312663746784,71.1325760038707,70.3234576102122,64.8172720165628,66.7665610916429,66.9566532164485,70.8280192159845,71.8606873378426,71.3889570995511,68.0684040060349,70.2648702481043,77.2130335775002,76.8055074937776,65.4087747180391,67.0975479071055,60.9855977461388,64.261919928703,65.2267626060189,63.9403804747827,60.6929950371889,60.66060372274,63.5955244930708,62.3874610670066,67.7520408681547,68.0265669831899,66.4793735630188,62.4218790326902,75.786828316709,64.0370492557893,65.5639977984886,66.3381258081704,66.7148334126282,69.5786422205929,68.067473901091,70.2720849444301,65.0919475691457,69.4649726804596,63.1096676153726,63.7004746675981,74.5010452034173,66.4170387169706,63.120558592084,77.69636644287,69.1147589900805,65.6521468159001,64.3632278649744,62.1458895182485,71.6532483358887,68.3601419498276,72.2184249442889,72.048924070093,74.0067371952239
73.8790935685243,69.9994574689909,59.0668021870973,78.3508960770238,63.3884580058784,59.8099948729927,55.688657868715,63.6996094638235,53.2051018541877,65.4564986233517,71.6458187262717,59.8625340861907,67.0291196419754,53.4290276956254,57.9662336640837,68.3246284947009,68.169042633183,0.0,69.7219142482763,59.7225865246375,57.9341805724491,68.1852840117526,52.296617798834,60.0742740951216,74.6768577653947,61.3686976641724,65.9433223206414,67.8975092852444,59.2033940274936,69.5621732890338,68.9193449908406,73.4587663166652,63.5456913757884,57.9824917485137,72.3410938504397,73.6068844673459,70.5341391411263,72.5880780594018,68.4971010299311,62.9906514621654,61.5181808826437,69.4420789418011,67.6256964144758,70.5326208023511,64.1157176517151,61.5008989181397,65.4247753991409,66.6492515069022,68.4810974231349,73.0503773304686,56.5134480613789,60.953513110237,63.1799111234016,70.5290618381076,57.7458121934551,64.7764368290953,70.1876673497314,63.5493274135713,65.6583975623089,76.8819396374694,71.4945208069982,70.5066685479257,75.030674779488,68.1692918835558,64.9070123253612,59.966017068149,62.7280016364634,69.0939212117565,70.0531018434184,54.0957098629421,51.3301543552772,60.7276732881944,71.2946998762007,70.6130423903334,68.9181010269581,76.2779716392937,63.5192519917729,60.5638028920984,67.4339528821623,67.3825715042335,68.422464845941,73.6447114164873,67.9553657972181,70.7508414043548,63.2979377914145,72.3703700742682,70.3183228369886,67.2145129512216,58.4691222314931,73.1852568231667,62.3154815890259,67.2351863887775,67.9566605325761,73.7735381970341,69.2077753648268,71.8349788482163,59.8614362508516,68.1655714609884,60.0543398484771,70.836518150762
80.2118214987212,72.5548409480047,79.2881148504079,67.604146136779,67.2158421817811,70.8487084048228,68.4549533966819,71.685922551841,77.5073558914605,64.4590581566555,76.4444053579706,66.8666456459989,66.4115576993398,62.7981062817318,53.39518815934,70.5032752726766,56.486952797538,69.7219142482763,0.0,76.3086252367645,56.0701042907318,71.3385260334022,74.2373924250271,73.0427327126122,67.6391459136878,64.8444533697027,72.8118209343575,79.7778568312243,70.1128516528165,73.2453165521606,73.5677144083718,68.4355901742618,62.1847296608516,72.0346958607387,68.9562568173493,70.1285120790633,72.3746108858149,63.4990374925256,63.0461236139128,73.5307616492165,65.843170858352,71.4047936865602,66.1413548130558,72.7071097515207,61.8779003421586,67.3502136781577,67.2642649968735,75.7477121210039,66.5590802474928,69.1852672862913,74.8757886167597,75.7287711641797,75.3444845457238,63.1219880095935,68.2063336148313,78.3698378605129,73.3667216793193,79.1634199732741,73.9621737831709,77.1814084922107,70.0709040454921,66.9007089255589,65.5490558631364,56.5593877989909,59.1446734013446,67.577373640632,74.4804661683198,67.3726614023094,67.4984176563159,71.2572900604458,67.5513507822049,76.0987848226162,74.5347984680959,72.3105676545412,64.6998090436883,73.1598673130801,73.6761029155368,64.8549903186467,74.9449599560617,76.1391181081439,71.3615071312322,72.7525463767754,72.3305961850156,67.7639498531178,75.0776333962275,64.3286863848311,69.1415007038681,75.0938991812096,74.9039566484027,72.4469481930436,72.8542497921714,74.4189689543254,79.7314339304251,73.1441772534147,67.6582170638185,71.7485645619639,74.6202210728095,75.4452226417105,66.1564372174257,68.7926530518318
74.4141289981558,62.40358606953,66.8792251600429,77.3552712590016,63.8984766247226,65.7637975755969,58.0944649427703,68.8552157775999,62.322161339943,74.692740969867,74.7096505405234,74.4272605758349,67.5817698804628,61.3556206831131,60.1503193964111,60.5630390690113,66.7465178980708,59.7225865246375,76.3086252367645,0.0,62.4477816408887,69.6222961178163,63.0316077100998,63.2320193003205,70.7739698633677,68.7426039575865,76.5006025176232,66.1529011140533,61.0490788899118,72.0133137198765,68.833127784685,65.4967856777657,65.7047002738629,71.9092760331035,76.8695398883134,66.2361429318777,72.7034296682235,68.1406348328216,75.0958515609837,62.1521032306426,57.8147859240306,67.6911929882322,62.9653031944582,70.3062113615746,64.3141304539321,65.5202230416702,68.5586367901712,60.8859587899814,58.4521116008657,67.7511424850084,66.0971579149842,67.0717287085883,66.7650870454039,73.7041489344837,58.6637423127397,64.1243394060464,68.6772783888798,65.201391938892,67.4289780913245,77.0240070052971,66.9963054463041,68.9006530221763,72.5965830477245,65.3260326983541,60.6243546178076,64.4821449839619,54.1854392636591,66.7297833638335,69.057078105251,61.9843610307178,57.7269294122656,75.9637408168881,67.3190889982385,74.4720747031016,67.400148161957,71.8868999891697,56.8906151638041,69.9948045790662,62.6677037750743,67.0997588979491,66.555413940354,72.642889859743,66.5017732791895,68.5050247566717,65.9287012747584,73.344848938166,71.1030054838515,69.809064823215,45.4252690996562,71.5816945492932,65.495017398664,71.8529871295854,67.7872112812845,73.4668373376361,72.7489356567178,61.5604420071391,60.3521590581647,54.1240495597496,48.918333601297,59.5655393749924
77.8135727487587,62.1651948745744,73.8558244288651,72.9707996407526,66.0516565835214,75.0909047949058,65.8862125920139,74.5077314777694,66.8148894636716,67.6799240541695,74.5784023274094,62.1376832620999,66.1804122186833,58.3434824952151,42.4124327829132,67.6863812660743,58.7970637517407,57.9341805724491,56.0701042907318,62.4477816408887,0.0,69.2889450684852,61.1454731080188,62.0746390194262,76.6877572567284,68.3917279600521,68.5615386545361,69.2649370624873,66.8235801900124,73.6627844245413,72.5265195363575,74.8417327594669,66.3888380025322,68.9377146116555,76.5515682104131,71.1380498388466,75.8962238940211,71.8574975014699,68.0554572282308,63.8830134128313,62.3621734403674,74.0049580707566,72.5332934133195,66.4563812222259,70.9741669581957,64.6789905670284,65.9335615372161,68.5590355529782,64.9963630335626,73.5317725214447,69.4628792848979,72.8790937877367,68.2956542469659,70.7821415012275,76.8795478205875,74.8732255800454,73.9300440772344,73.2965050383485,69.6375711495785,71.0169834355172,61.2047055312308,73.6954547422818,76.3408299262726,62.4830560840871,57.7605995186984,53.9610168167013,67.3637591576668,71.0193329291754,72.6493116858582,56.8368238539547,44.0602536479377,75.6842119207983,70.6498308964238,71.4629577203368,63.5832094207411,77.1818369374913,65.5009561260245,64.0219989565011,65.7826527847897,74.9041542217435,64.8786690583756,68.3625961203134,67.9965536130621,75.2281708571085,71.2996169452564,70.0126616272753,68.7660088365321,74.3487061751226,67.7289778578278,71.2694448959315,67.7216527572821,71.5161144873218,78.7560632571795,78.7416491919942,71.1594585902815,67.4360915980931,63.4604537691208,70.4154325103795,54.3486896108993,69.254791963309
74.6543716825905,70.5782478747012,67.9741387675215,72.9971410190446,72.7539567254033,71.5151745085828,62.7796539308392,69.0293829014272,74.0644037439619,64.3585743999573,72.6879069695826,67.4975994259844,60.6444017384503,68.2463091128407,73.4787297027665,67.3981376189029,58.7347988009187,68.1852840117526,71.3385260334022,69.6222961178163,69.2889450684852,0.0,54.3822778443338,68.0329678629727,64.660773154424,63.0310966713314,59.8385961613443,66.1533150245343,69.6857471322656,53.3083857282876,64.4418175985068,64.215677464335,69.0846011032446,58.3434702303174,45.6907438557738,72.8005481152141,65.0510233128388,68.0841210386114,61.7021788721344,66.4580604379686,66.0826899267028,60.1328292457285,53.9199301546386,68.3955098411568,68.4832456765275,57.7893611373225,62.270378625468,67.9941511301245,68.6753522567821,69.4254964901034,68.3479280461354,73.8487421432362,68.7230868710176,70.0427753193421,71.6817941487924,72.7348721919518,69.6366565593546,67.9463037925709,68.4423926563189,72.227754820903,74.5220923222781,69.2409237634853,62.6955994702711,66.678655907142,61.9808623600832,68.6386339148465,69.379556823145,63.6269268226017,60.6000845485624,61.7431223846161,67.676636312069,58.4089236579584,56.6233759075673,66.6351557827415,63.8089066920381,71.890179520956,60.7856873857358,58.7086634750085,69.5275413992039,62.7857524152219,64.4873536677706,70.3975506463033,70.9523069745393,67.732140231988,60.5362796290226,60.7453360562696,64.6607859440454,70.9453345694653,67.6417191521596,68.3212478496333,67.7788252647209,65.068698517977,70.6489896557458,67.3054781232518,60.8977740858459,72.8674855389561,63.5206771882464,70.9777372198948,68.5172418439055,73.7988092973475
70.1706806925875,70.2573322824187,60.5531009746195,74.7630067841826,63.8046197808071,68.5429089622317,60.0164369040016,65.3237882403903,70.1817597457956,64.9741887996541,67.7995791849772,68.4139786089393,67.6301794646923,57.6422307358281,61.6185951171577,61.7959457620137,58.7188948848475,52.296617798834,74.2373924250271,63.0316077100998,61.1454731080188,54.3822778443338,0.0,54.3928793157951,63.2900093463379,62.008105510636,57.0948223228477,63.7558250311821,58.7991021170009,53.4719376117813,65.9644780172071,64.9253406099388,64.7348589057497,65.8214020900482,60.4810322608379,75.0106328876753,65.1581596145241,66.8479407752183,62.2208840033125,59.9680639325038,60.796500681631,59.1785355872218,53.1274695749764,68.6789031642999,65.0086519680514,57.9039092982102,60.3381611433794,62.2338769119598,66.2892196766237,66.9176040284388,64.6546001923932,63.0636055132056,56.9445763342614,65.4445787732997,69.0538888975286,71.830692005526,70.9000312722853,70.4218578397028,61.1152266996195,76.2951798654902,75.1338998549894,65.1930573891815,71.9624337607221,59.3705238220943,60.0578675797206,58.9583507154389,60.5403911508194,65.2991970966107,60.8176197853785,53.7774796281266,56.8333702870051,63.1322000590649,58.5896668246681,67.0741358035416,58.8164451448556,73.8552626097937,60.2799384458241,54.2327144606686,70.2730250493682,62.9530168966341,69.7062732705114,69.9394982685567,66.7284234530428,68.3302228924742,58.4565354201835,63.8104977745766,64.6349119945936,62.7276383052331,57.7988884003289,65.1997027997991,65.8049144991973,63.8236782234814,70.5842566223004,65.3384666022051,63.1034731075137,69.3449366526415,57.5658578642474,70.9886875522024,66.5574363231814,70.2615340331247
