0,1,2,3,4,5,6,7,8,9,10,11,12,13,14,15,16,17,18,19,20,21,22,23,24,25,26,27,28,29,30,31,32,33,34,35,36,37,38,39,40,41,42,43,44,45,46,47,48,49,50,51,52,53,54,55,56,57,58,59,60,61,62,63,64,65,66,67,68,69,70,71,72,73,74,75,76,77,78,79,80,81,82,83,84,85,86,87,88,89,90,91,92,93,94,95,96,97,98,99
0.0,98.0697682125191,101.335206627875,108.627599063637,100.009320699428,95.2820676122429,103.152579054356,110.154401852637,105.154366399527,98.8095486560135,97.9448713942466,89.3071557755694,100.714767068921,97.0562741560535,97.1760532865084,94.3779394282125,94.7917729654594,100.928786706973,97.5465335451974,96.636346366098,93.1175596457818,98.0921030594849,100.592497730587,92.2842683695364,97.0697241714896,94.6952524629897,105.014032516761,108.635160678505,107.51989772002,98.8016121299498,98.7330440822036,82.9654708846234,97.1720827167818,99.6653126965202,106.015165563466,96.9255262598029,95.4749463771473,102.658107740486,108.343910677443,101.719316601885,98.3827142771282,96.0176230953601,91.085847097718,107.379554387067,95.9304843618912,104.939094955797,104.640999730788,101.618636740574,94.4468473894488,96.663667911162,89.1826759748726,96.9327156957955,102.948146085597,105.228257814777,100.879414548898,97.588388114542,99.5810902189592,104.666406434225,104.508386745086,102.522845548319,100.756947093802,107.836824076283,98.2741391716149,95.9824664871951,100.325608214593,101.038007712519,104.943361888587,99.2600571882243,93.8623899715594,100.460162657935,97.0299113991328,96.8479945073742,94.7454705340419,109.354165385049,99.9411777512125,90.1794319926767,99.9504203058344,99.6967497427836,103.787164039249,93.6865878137503,102.381503194459,91.3770719842713,98.4438383362131,99.5294402383416,109.983244297466,106.289300755072,97.8921129467978,100.910603369752,98.8175418218722,99.7335519404656,102.104018123114,110.472863903376,103.815876656628,96.0018459935438,104.440859194365,103.647308979647,101.803608929658,102.08315201069,93.872113682171,99.9758103943227
98.0697682125191,0.0,75.8554646423926,78.2572692444097,64.4024109429768,79.2147307786058,80.8600892167247,81.8904847879385,80.14427843646,87.8576730363435,94.818188183777,94.6028364303826,88.9017019329939,92.3006417953109,95.1691598668163,67.2870610074526,96.7773591261342,91.6321164236593,96.9300643608601,79.843763693418,89.4910236770876,94.2275720416637,99.313704443326,97.0951314761184,92.1885088735369,96.3903841658237,99.9167909126679,95.3567434439693,92.4043006888361,95.0456348043563,97.1526977805777,90.0383550736809,97.0824154254517,88.2853099540344,93.7638783324428,91.1476194949713,92.5672153224989,103.065810103504,99.3995794102145,90.9279167947011,90.870459325979,94.2281234537073,94.0820851675061,95.4018050099697,93.6076244537781,92.6911129315249,92.4846660712705,91.5560996943597,98.2356739882711,92.5028067872298,104.160888596968,64.8561056386575,82.7457577083979,61.7615944603411,69.0182648376501,84.1280216376098,82.6297862559301,86.8616778987168,98.404859679309,104.785711530649,104.565418287167,102.289288321836,98.2151882990562,99.4647945000077,98.8803784144088,93.1353241089591,92.7039468211701,98.8459266719235,100.204740253288,88.8169651727825,84.183340100846,98.4909552647324,99.34663499087,104.676044612153,104.391155919502,99.9770617314739,91.9919644432133,90.8267321826955,92.8904510560735,94.0304406854676,101.468848293004,93.7522505877795,95.5492708576656,96.5123522227301,93.779153438559,87.8777450186461,97.6924695072623,91.4489100505498,83.0382555929726,98.1184845094178,98.3610749006991,100.36215594281,96.7774646529595,104.070631531007,94.6064596833127,94.0165686398178,86.8690512216693,98.24903756716,97.6286053148998,92.7769839859275
101.335206627875,75.8554646423926,0.0,94.5785886512791,87.0866725298318,82.848672562341,82.2889306025687,89.9934577002447,95.2926225129376,101.861634001161,96.0444722845375,98.3479273617325,94.0712168172441,94.03904738727,92.0834686065113,81.6805865078786,97.6988229884046,93.2186840786035,94.4164678513057,90.1669710984765,88.5697204375728,102.026293225476,97.081497647095,104.647167850219,103.167842103792,99.7577968903243,96.9804242267039,91.9399238539928,96.9798630589219,98.1174946824694,105.602057607033,100.039733968775,106.335596697692,97.3434284166806,97.6014121836226,93.0036376972596,95.3152243445592,108.541423646815,102.016895212979,101.499770316966,96.9921094860194,97.6417223750226,97.7896484240805,99.9051519734291,103.468018413275,101.853493094215,94.1589551254589,105.087212534424,96.6921249414173,92.7923226210623,98.6912785942877,74.2680329044781,83.0746936396245,88.5693862905125,72.4007825480284,87.5230877100939,88.0578640790202,93.2856870692731,103.966239441117,98.6225229573561,94.5429441757724,99.0541612177446,95.1800084776474,102.222838002734,96.0686927724686,92.8663579912087,88.3505645273567,99.9446355063818,100.018305581275,95.3942675527377,90.5950659500736,107.487806130855,100.171859272352,106.765136682725,104.625903008749,101.241597677815,97.5653216765707,90.0195335422841,103.82342467509,97.7073436987493,102.010539115728,98.6474368455898,94.3275341299647,106.261079445736,97.026663733548,90.5951839475875,96.8689981650267,106.644969736916,91.5138226173018,101.322855107407,98.4524857693205,97.845498808123,98.1762988029182,100.784309667615,90.2398471123106,104.132219918827,97.470595646495,105.494669711471,99.2043809908845,99.1656660474389
108.627599063637,78.2572692444097,94.5785886512791,0.0,61.1567898222226,87.4853220926636,81.5967327783767,61.0651855481937,79.4259347437996,94.315980888125,98.1445134942194,98.2311910441081,97.7430837325751,97.0430723742447,100.270925197389,90.2380656261407,102.267287970578,101.21307287201,97.2184202145096,102.773838772989,103.05750695838,105.803131255113,111.290165296951,98.6199092648703,105.90478243545,103.194179434872,103.667365275274,99.2370509021176,96.2403946189894,101.997993857046,89.6043956215352,96.004076854822,107.278822652671,103.463308620833,100.564387014122,102.45622793696,100.27751495156,108.465080955243,97.1583574826068,97.0708190890561,91.0081894069137,108.962443379637,98.583472837257,99.1060631659967,97.6267566303502,91.9568557263722,96.3177873931954,87.8421194670838,96.7276150130292,97.4240310693087,121.527523934721,91.5008143283346,92.5078644368466,50.8191566526399,88.2834148388321,92.3215598409954,80.5524085674153,70.3244601572184,114.445222067609,119.643599623846,114.384061772967,102.795775184554,108.437418735934,105.28633045713,111.04497493633,100.066866109653,94.9786774647057,111.571475008569,107.674144684566,101.511228993032,95.3767885493096,108.35166780302,104.684454978721,118.541085788316,111.944717431735,116.55816209648,105.268792734725,96.8185973721151,90.7649985583652,103.270620860662,106.382199185579,99.3963485189586,88.7579158991261,99.3647594882423,87.6442846505749,84.1373257278551,106.504452684431,95.4151781890688,108.546868526164,101.015810241062,107.853191943589,112.86886845093,104.531129066265,118.99065924957,99.1300486518783,93.1080880559318,90.5754805452161,99.1643360021391,101.521617836929,100.369609360097
100.009320699428,64.4024109429768,87.0866725298318,61.1567898222226,0.0,73.3477560341124,74.006417644386,67.2169568788984,71.5940724679232,88.3225865806734,95.8837905800897,91.9547670106492,99.0147157490148,101.202205177953,96.1862189321652,80.4319984251627,101.387634325024,100.832020934784,97.6366692854903,95.1032094016126,89.2208151070469,102.359018367163,102.037117709425,97.2488144194831,93.930458808362,94.5556289127756,106.194359223717,96.5314595004286,92.9943110463798,96.2861037186101,93.2103941492497,84.7612351383576,101.740554855078,96.5944478411162,98.6671430679622,98.7883114740148,92.1891670294251,105.597335994471,99.4804085595566,96.9677012041785,88.7295786011306,103.306639447988,98.2424653986657,97.4263695494132,94.3504812548899,91.2773455436076,91.3099733044624,91.3582604419116,91.4644746774981,93.6464715199749,108.57111948143,84.051987782702,84.7441064924983,51.0971893623149,69.4261571125702,81.9971106566954,80.6318089382094,69.6792820925027,104.692596547921,108.674701039233,106.924182871233,102.855361777575,99.7945233236425,101.544779578443,101.697831813608,94.2576752088989,91.5371742724423,100.58956361945,103.845321119602,100.08734511981,91.5327029598829,103.936928313372,104.609177925454,114.98888733002,106.915903696194,103.477311505736,97.1645705043501,95.9872734199291,86.1674708374309,100.330445489008,103.953534378317,100.499898210461,96.4747166492919,107.47395391385,94.2562166936545,86.191164642537,98.2479184928718,97.7425258661178,98.19137798982,100.913744472724,101.267683498668,111.948348773169,102.091249963476,113.190210717097,98.1748072095421,99.3105491716135,87.8399562252933,97.0224627359314,101.323954021553,90.5021271495176
95.2820676122429,79.2147307786058,82.848672562341,87.4853220926636,73.3477560341124,0.0,77.5421627961622,82.1244887877803,72.8252415800718,93.5623692982679,98.4739834996796,92.7592168152777,99.6292614975283,96.1396497632891,99.0359802105474,82.1852140008555,101.649995742942,89.377030083643,100.581155018381,85.0707849984428,88.696447710416,100.647431845506,94.3730095365104,99.5399958078,92.9839203832494,90.1712044717826,100.934022083322,97.5160009285861,94.3270610586052,97.1619512007307,99.3412072861387,97.2443662585113,98.3482889047921,99.0335709267708,97.8591313742711,98.223263751432,89.2608142807893,108.867672501604,100.223684112682,95.8290091015618,92.9106759960888,100.650924829443,94.5058811230654,93.9496864196123,98.0158220181922,96.2854548482426,93.6168184189665,92.1760671315474,84.5705583978923,94.4885252116551,104.710636832408,86.8133989901787,83.3383656906359,81.7428529066877,60.1231240977463,69.6190394969722,86.7999206321191,83.7700995258484,102.51466233998,104.118958873352,100.600959941439,110.137250095633,98.356979647407,95.429189664837,106.182949672083,99.4463637192514,89.2573228170398,100.406197473511,100.065737047093,98.50723535018,90.0454450021244,101.192684629414,98.3396976959681,108.268833901516,103.917657071633,102.014111776085,89.4444949377902,93.2921657401652,105.368071678322,94.1399025755386,103.960225923921,94.3543696252911,97.7814511001608,103.210188368548,99.9138987889205,86.7439477890814,99.409027435245,100.31968474519,92.9811419578633,95.1474022688695,96.7790382418329,101.344233785673,95.8722522960544,107.766741764631,97.2234629336323,103.122966110108,98.6762124147453,100.659435733056,82.5650570300849,93.6951648894958
103.152579054356,80.8600892167247,82.2889306025687,81.5967327783767,74.006417644386,77.5421627961622,0.0,69.2948288521768,74.5207296160448,97.3015868174683,101.25377685566,99.78716314695,89.4879746003404,96.7567193975269,97.2109915598399,72.0149103862779,101.638638356766,93.5221694147615,102.129862095449,89.1105049062437,91.3146817751103,102.688163836799,106.149744415554,101.373408246072,96.5670273504306,98.5099767488867,98.4856730318966,106.575610009233,94.6066084561145,107.001700390008,91.4460655277972,89.8970053077792,99.1344555716985,96.205548557372,105.896006141178,97.695419556229,100.917464024089,109.432078068775,96.8151746826057,83.3631623558866,89.1082826986361,97.6606567563469,89.3744817929075,99.6377628880641,104.455542490673,95.2617581629915,94.6639874914637,101.883443631439,99.0362463445981,95.5639304293101,110.810731547087,87.2226829025685,89.2909996129445,77.854807409674,81.1865483858657,82.5996322064828,70.8756129335403,87.8949858301591,102.343491905038,98.382100599094,104.510068268421,106.381673901008,102.630492725348,107.829127402168,101.332702634672,104.294982929702,82.4587252300864,112.915131836276,110.842919633617,92.5793584394573,90.556830972644,104.642802911378,102.232664244324,100.242401529048,103.702230806669,106.263017469867,97.2998749542918,106.070354904593,91.4054761079014,100.958970731355,107.422409083743,99.0062737944088,102.038102582871,107.644738531171,102.033675691334,99.5303661605868,102.504846050199,108.370316715065,91.6414123380062,101.747493240488,98.4281492933006,104.06187312292,97.575581317129,103.808685476513,95.8943177816981,102.807561184579,97.0317044204749,96.7875701941212,95.3130462799003,94.9677324772503
110.154401852637,81.8904847879385,89.9934577002447,61.0651855481937,67.2169568788984,82.1244887877803,69.2948288521768,0.0,59.4900944550618,82.3486864154834,93.7604868733781,89.6825203311053,87.8624304085586,91.572397653986,95.0036202433248,82.0431283157352,99.8583652823863,99.607518281669,102.687229243619,95.6890648001253,99.4254075301056,99.9372964458205,99.0324144892166,104.500413698526,93.4717348526526,99.584192175315,100.303949267174,96.2389695914685,87.2354456747208,105.875839315755,90.4165807645375,94.4889853260151,108.001604597064,102.692359556016,107.108159935636,98.9674355214462,99.8583798858866,101.563423957111,86.5300760338867,83.1609467082229,96.0219447867496,94.5761915319183,96.2221263978168,94.9848930783949,97.6814756894057,93.2521248973905,99.3826349601027,101.765710120821,94.5426154616011,94.4767660801029,110.62243192773,86.0505823830602,93.290749700752,64.9834209485183,80.3563286178249,85.3723960662675,69.4964959821818,50.9356574625036,103.244335884736,111.314394314914,102.569045238207,94.2167139910188,101.916745966874,105.897595587776,99.9222629090057,94.8239830855598,90.0507455692306,105.68739911248,106.129639761302,96.7444909802664,89.8333294014534,106.085121251926,100.616519911743,105.671668265705,104.749305567397,108.287107217428,103.359758521542,100.695439550861,84.6683888612474,101.40057823919,103.815408355557,105.289026056819,104.45282861043,108.337751211188,96.6987056108159,91.3680147578565,103.119636071169,98.3319974771413,106.861583210778,102.066873400898,99.0339872081598,106.380293079439,97.6023521496415,105.346318590283,95.1043703942642,93.9705025094736,94.7575886811759,97.5994745390229,99.5775134180739,101.930666441463
105.154366399527,80.14427843646,95.2926225129376,79.4259347437996,71.5940724679232,72.8252415800718,74.5207296160448,59.4900944550618,0.0,75.9197510068663,96.7721696164199,87.0142985972724,92.0528220747593,91.2251925699901,90.0425294980373,83.5048462949603,97.6395935886358,98.3496996554539,92.5771138209987,93.8099603125299,92.0980226215169,98.607719390448,102.792242690134,95.1231673773969,85.3249125796655,100.87891117926,106.009031278366,100.166063711746,89.9141813505173,108.320121773915,97.2996550213348,92.4265910189862,100.935247958443,96.7705396594484,107.631437766522,97.9198451345722,98.0404345172555,100.482351376673,94.2461918320029,89.3582058794542,97.573877232434,99.6135608029245,89.9021562843067,97.0594773160585,98.1545129180278,89.3705742560035,97.9759314339179,100.432908897937,95.5088694473366,95.99364933689,108.075750360085,94.5168818099283,89.1608947617215,79.5842288328545,72.2335306034649,85.7849786398503,82.0971091555713,51.2025545624119,98.0128925601215,109.31236072253,107.936016311895,101.448733810283,100.535519681776,97.1983107571099,101.562375569405,87.8675288410168,88.6353700123452,107.254596184809,105.343042089267,94.9334085582602,92.4824624665482,94.0212703178027,104.506949554778,106.627017375415,103.456922288093,99.4262170990039,100.068982736524,91.6955642143171,101.692636113491,96.5631406384556,100.805895882448,104.244361396286,97.2123967614061,94.9622664288178,99.7339294073256,93.508636739007,100.589874707443,102.88955616832,106.122364354602,101.100377151735,98.0649807482633,107.313707566311,93.7017437765959,106.659422967196,94.0699504276021,94.5605275697522,96.4985696454238,101.613833563309,89.9973480953037,97.5787986411548
98.8095486560135,87.8576730363435,101.861634001161,94.315980888125,88.3225865806734,93.5623692982679,97.3015868174683,82.3486864154834,75.9197510068663,0.0,81.3848980286189,74.4729931626337,85.7095450837161,88.8503861149452,90.1165775578914,93.4288003633991,88.1822874251786,104.665049848324,93.2715374283172,103.768404962526,95.2098380871496,98.8264309970933,102.285171035689,88.5112053862675,75.2561764602834,91.6764500795856,104.453337262624,101.103382005118,89.8025133098813,103.759451046361,92.0616364843765,89.2571107846373,100.622633394221,104.934680834766,98.8984349906702,102.360000296462,91.7480673642058,87.3521867314543,82.1087456499777,86.9545536515962,102.687752789147,98.0678190515139,96.5909753455475,101.681251577409,99.4222230469576,100.020047023267,98.9005098658356,95.4417730312569,100.033273842104,89.8749417065395,110.543506901651,99.7931123758366,100.431419125158,94.0614048782805,88.4974582980083,100.965644835559,99.7615957426161,73.9252205351001,91.7108614497149,106.891899685145,97.5532814826026,101.464503833891,102.974364093544,99.1978274024853,99.276904106196,91.2178935104445,98.9550866777561,104.081772685477,97.9430932041131,103.978649949374,92.8978897137686,89.5162463566476,101.011550358737,106.438823102691,97.6903647799596,102.372018354809,100.197421082476,99.1090003668738,90.0252387661918,97.6462145883958,102.513781240544,103.996568755296,97.6012728841907,86.5383174131916,95.6444823697719,95.8894419005181,99.4757300203407,96.9730129862551,110.669507464968,104.848097357958,102.111376821153,102.30794020158,97.2518316897039,106.253158806514,103.761705270708,85.6469699649156,98.5643115172661,94.9486109943627,99.8497217321698,99.5143052793242
97.9448713942466,94.818188183777,96.0444722845375,98.1445134942194,95.8837905800897,98.4739834996796,101.25377685566,93.7604868733781,96.7721696164199,81.3848980286189,0.0,73.9853973391098,92.4860754052938,94.7720033277021,92.0390720154478,100.204202360183,90.4812566853901,106.470879384468,95.8268628219307,99.051329986061,92.6192638528059,95.02563058333,101.046158167081,90.4445857284269,95.8017771816658,93.4489265734006,103.493018676583,105.028327614312,96.7923593568888,107.460005721854,93.8543371022215,89.3213096307634,93.736314131241,103.424396863066,104.721124313845,103.48082759462,87.6050721592204,95.2350202978077,95.1090340498943,100.118180952236,109.261264800127,101.02623254397,100.031705734714,101.744710400014,98.1895318247394,104.950697835833,104.361621654888,102.183714218219,99.743213853521,102.747304965443,104.954661954763,92.7338956105678,95.5124230561622,99.5290791532991,98.2985649450552,93.2501082868018,97.1535324559254,83.4637545086739,101.715701721615,78.3567082982147,85.1862150046027,102.319267848452,98.8415709608897,101.741068555522,98.7370057044269,97.1870895809481,103.714743984479,94.7000287537733,101.891296397277,99.5078551266083,93.5746128776602,104.163310013324,99.630148964285,102.218917483581,96.8921603596611,101.846013876575,98.652104582047,96.6465577394518,92.5168998972783,98.1034214763576,105.021061058555,104.418456997151,106.260619944518,99.0005446775613,99.4239837238746,105.691338986999,99.9329389810587,104.299634097368,107.858253768038,103.426360577774,103.024766188541,105.080219645986,98.7451998729728,102.985545548612,94.7157887346674,102.315127528539,102.38287840829,100.604135097263,102.590308418095,97.2444234916357
89.3071557755694,94.6028364303826,98.3479273617325,98.2311910441081,91.9547670106492,92.7592168152777,99.78716314695,89.6825203311053,87.0142985972724,74.4729931626337,73.9853973391098,0.0,94.790518238138,93.5872572440261,86.2421816808179,94.8285762429312,83.0397562245151,102.0385034492,96.7788129480391,92.1258542284775,88.639157340547,91.376663502955,92.1771298123358,76.0790158832543,81.5613743415719,82.8851812206905,92.231387085029,99.1030575253542,90.4484065539616,106.365298926198,87.270018992044,92.2054313690302,99.1129083853542,95.6088806181894,93.8866434407267,99.9295388886128,89.4870890402038,104.766392868129,94.9350591689204,97.8996632099964,106.677343368689,99.3299584145401,94.6160986502495,103.504480215414,98.7017368204552,103.314824464328,101.4816572992,98.6441864124127,91.4467408949609,92.3177710514844,100.429137815892,99.9163062505825,98.8105929662677,95.970011784383,91.9907696368416,99.1692001691364,94.9093827964663,83.432373040362,101.175155347969,99.8062679257637,79.0900554754746,111.369140348804,98.3680063754152,93.1382754325576,95.7920378029435,91.3182762699649,106.178546393858,98.8069626585134,93.9537796771301,95.5209559632011,87.1618010969414,95.6195032086304,87.1662164170462,101.359840198834,81.6531953092599,88.8886298019888,90.1576022875844,91.5498818134734,96.4699001078531,101.951540581367,100.628256052133,97.092423332036,98.908394385727,94.1637141475344,99.9033719545097,98.252702881973,94.1191604404091,92.5132980939369,97.1453291512033,102.667861599109,99.3075625553536,109.296169840441,103.012130237471,97.9687918702202,100.407605388238,97.6845368923418,98.2496085645258,90.3210589859006,97.9752539332625,96.37663246158
100.714767068921,88.9017019329939,94.0712168172441,97.7430837325751,99.0147157490148,99.6292614975283,89.4879746003404,87.8624304085586,92.0528220747593,85.7095450837161,92.4860754052938,94.790518238138,0.0,81.0046718826048,89.2533823096293,92.2541861670262,88.1035189589862,97.4694469021208,89.6659321490727,94.7020843519487,93.3109814286094,101.188021168096,96.125427387391,96.6845452538197,87.9114198714678,104.500967950672,106.946117346931,95.9128857200478,95.0033424458237,94.7026240520877,88.5818657647981,87.9890664540262,98.0063642977305,95.7031366008919,100.781538187066,92.7110959649952,89.7097317421917,98.8524069503037,96.404897430324,99.8443111229554,93.8295793760751,98.2312109122096,92.6533804820245,96.5382338686861,94.8087491414576,91.3198193349042,91.9265522958067,98.1528087299169,94.3009547230977,91.7043930903865,112.181110725133,91.5221145335015,90.1278461966713,93.2307152345414,94.1894268757253,97.2566707770405,98.6578851362111,96.295324278511,92.8266966612768,103.729617871798,97.6024904333063,78.5879269278486,87.3766191839073,85.2884054444275,89.2649996643791,88.530237093898,99.3820013110452,89.5782835769963,98.1884137466591,88.6101931014194,86.126481723245,93.4359292405404,101.053656747427,110.502691815754,94.1847694650013,107.04866588237,89.4874063023499,90.4609647827469,98.2674949116526,98.1230193778197,104.296380778627,103.430974990273,98.7974186722669,97.2199323103965,101.69390352383,97.7629072234451,95.8372867596988,97.6137112256716,93.8725745003763,106.76125741739,97.4175419101223,100.270043745338,96.8051976082989,103.228882073182,97.0325573420649,87.77091709422,101.642275333351,105.355465800885,104.05368268374,98.9446650079185
97.0562741560535,92.3006417953109,94.03904738727,97.0430723742447,101.202205177953,96.1396497632891,96.7567193975269,91.572397653986,91.2251925699901,88.8503861149452,94.7720033277021,93.5872572440261,81.0046718826048,0.0,67.4786181212099,92.637429385156,81.8731935635345,84.8177436373917,82.416953540575,80.0442223994362,89.6436448413444,97.6629431629433,84.181526610734,92.1853169054195,96.1469048951716,102.275437172883,90.6438637484469,90.9210636263611,86.89745458472,93.6300768348246,98.041026649627,95.4857199114705,100.631681828673,88.9028099002338,97.8453187906426,93.6057697825147,91.8602193383696,98.50878400717,100.223588756133,96.2536133584018,91.7842919776264,97.0982141141395,98.5247085039419,92.4165435099635,95.0788223932556,85.9356748137707,97.5226967524828,90.7756159315005,96.8685919653736,96.160021090374,108.771138268229,98.6475811667797,94.7956208073608,94.3186944577267,100.556185135108,105.000958992631,99.3010153132307,85.9817860270729,97.7540799792484,109.012770202895,94.6238137281322,88.6814663870944,79.3644874668576,78.802300574287,78.093507484613,74.139562645888,101.02352774923,87.8357171445144,96.1018202456386,87.9397441905748,84.9202542938079,94.1835538822907,90.5077354026873,111.627885372041,94.6294028970924,107.563593384705,89.1041466656257,83.3666036995248,101.919881578638,88.3607734048182,99.6961209262181,99.2660503259156,93.1662252746124,94.5270589261471,98.2556119219315,89.926560030922,98.4823820494195,87.9305229650287,93.74990449914,108.156211872034,100.915515647026,100.896185281074,100.339674451542,103.432333165825,104.278668553217,93.6017944571418,84.8994711023965,94.5680753072007,100.127046666748,97.2711868684634
97.1760532865084,95.1691598668163,92.0834686065113,100.270925197389,96.1862189321652,99.0359802105474,97.2109915598399,95.0036202433248,90.0425294980373,90.1165775578914,92.0390720154478,86.2421816808179,89.2533823096293,67.4786181212099,0.0,96.5288392292724,82.6277649267398,90.8294016201772,85.2523022255895,88.7165190201535,66.1652357390693,95.9702058280965,84.8167732268105,90.2497678867789,94.3095447664996,102.229916462121,93.0740385225582,91.9663959106873,79.4740453893879,91.0166221611221,98.7062779793357,95.1568911403124,102.404487201135,87.3921647374096,101.494827237064,96.9462596750161,93.2399105318787,102.194399273296,108.084545620335,101.728066621279,88.5943416566671,102.437548489017,99.3206714011047,92.8740899344758,98.6296023486788,87.2359339248876,91.9719347073897,94.3038763191843,94.3836989603858,98.6457720174782,105.342914902956,96.66507946356,94.7011021989092,95.987845893133,96.0505181438766,101.808640557542,96.4158379470238,86.967518480646,97.8719777105677,97.783557505232,94.3373507866593,88.9381651656046,82.3918757058277,81.2829352465429,70.8670874138029,40.8056670465196,99.3932578357282,84.1296750272067,87.0951022942626,89.5002060979317,78.4800717459591,86.6470110462406,85.2120983154971,108.883806629965,87.3868777598416,94.6765450077245,85.0621889091148,85.9977948807978,105.907860480103,93.6279544366716,88.268722379302,92.0759626953919,91.1463178664401,94.9481834792135,98.303426756713,92.3031083598637,97.0449612044075,87.6137098562772,92.5237411639356,100.857738581037,98.5229329193698,96.6513480916083,97.5597914496781,95.6964226537603,102.794673619779,90.9717497915894,90.0835131400025,96.3589240672658,99.0541345235336,99.2261410846279
94.3779394282125,67.2870610074526,81.6805865078786,90.2380656261407,80.4319984251627,82.1852140008555,72.0149103862779,82.0431283157352,83.5048462949603,93.4288003633991,100.204202360183,94.8285762429312,92.2541861670262,92.637429385156,96.5288392292724,0.0,98.1482704800017,90.7729961383393,93.9692707259455,80.9552882065353,88.8501142599782,93.5747272861765,91.9181568839813,90.0154294322902,91.5805483371893,102.772864497565,100.504011743029,92.916125240965,96.3655113493816,97.5113408228075,91.5679920550516,94.212123499085,98.9781265245142,95.3581632530167,99.6418440859651,84.517311715957,91.9185914624382,112.420459506029,100.776492373308,93.3006354669242,85.932568712332,97.1526887670919,96.8443956837192,96.3895790835393,102.861648853814,95.1450034495687,90.6663541064528,98.5389317267676,91.0572193102639,93.2012597070878,102.093737526815,81.984560566877,85.1943389969289,76.8197924054687,82.7640389687578,90.8140138847902,75.7137669548566,89.3575138009233,104.142232930354,98.3137170931195,98.1145396541712,99.384814937246,98.5788608400241,100.940345760134,97.9318630031705,96.3753528375647,79.9723501322318,96.5972886934224,100.000074113607,84.0444342330612,86.9192926999869,98.9057527538109,98.3769874281115,105.824317298908,97.2781714392821,104.420623442252,95.5218920199127,99.7629567312826,96.9778925196872,94.6226294142213,102.213424983431,93.357013328427,93.0296516841215,98.969800287391,99.2725154290091,85.3617819350111,94.8617602164695,104.195938277397,81.1635182014726,98.8299739952264,93.5750340194855,98.5811718832707,97.3630663808772,95.0666328193701,95.3425736014999,92.898119286583,86.2564375976042,93.43210141252,97.1578098592445,95.4888140526003
94.7917729654594,96.7773591261342,97.6988229884046,102.267287970578,101.387634325024,101.649995742942,101.638638356766,99.8583652823863,97.6395935886358,88.1822874251786,90.4812566853901,83.0397562245151,88.1035189589862,81.8731935635345,82.6277649267398,98.1482704800017,0.0,85.8740343857122,65.5769609338195,85.8598283127211,77.8860154125994,75.3740832889109,86.1227030500388,74.8694027895684,89.5886081243417,86.0030837938458,87.8732293099438,87.3278608674911,64.2927768285105,98.5385777196117,97.9629269252539,97.0579556381344,100.927153312459,82.5141807087033,87.0080586127868,97.5181763221195,94.5059029160898,99.7338684248456,99.1215868327675,98.3631753496725,99.7168188738708,100.40094067327,96.2446223128496,94.8411501309027,91.5387475221589,90.3381295427102,99.5288980257814,95.8406043623462,96.0288410690014,97.410957265999,104.998940413737,98.2066019341642,98.4994565094924,100.20243745611,94.5524508569133,101.68406655261,100.430669643752,88.7162018806752,98.2570566411959,96.6075795988053,90.9448542334664,95.573355022794,83.3791224164198,83.982726348579,86.9688634196007,81.7545346583526,104.986499281435,86.5943279175361,72.5678888594557,81.4407672021716,82.5935630418608,68.6569111964934,81.0070258365932,98.1573874986965,85.5625727584135,101.178181738366,82.3054324023493,83.6547831335504,103.24021619591,100.570115046516,84.9984993672499,93.2302186543573,95.1323136579034,92.0828761778594,95.6988028718715,95.1506329845719,91.0659048828275,88.6321631515416,98.9119558034809,102.120143242621,99.023782449422,102.03671127195,100.240012671989,96.5596631467395,99.5262458980042,96.5953290636836,91.5135441974114,89.6798292680306,97.4189679697099,98.0869422374654
100.928786706973,91.6321164236593,93.2186840786035,101.21307287201,100.832020934784,89.377030083643,93.5221694147615,99.607518281669,98.3496996554539,104.665049848324,106.470879384468,102.0385034492,97.4694469021208,84.8177436373917,90.8294016201772,90.7729961383393,85.8740343857122,0.0,93.0813150791738,76.1667594989755,83.3588252220863,88.1155300699058,88.9591903723774,96.175944689231,104.87786697024,99.4373273240492,87.4336214295254,88.0769918687599,82.701861387653,84.1765068783032,98.5103074170271,92.7737320733036,92.4439938865055,77.0774037207298,93.5490431538865,81.3813080526497,92.6984143873154,103.309836618933,105.772868805793,99.9932465132024,83.5261809821097,99.2494542106963,92.6804869606553,88.4214270734431,90.0429968612109,86.6171325467876,83.7401707706137,91.3590508556833,91.5140519608626,81.7418194070682,113.842480464872,95.1248596155923,97.7217788550463,100.797742373218,96.8216636003842,92.2742117202695,96.9361007182503,92.7743132053489,110.613748835644,109.975961097521,103.43142565692,93.7975405446947,94.8444281742742,95.740648190775,92.6677180796368,88.6161880550664,97.6131353313531,95.5882334048799,90.0642751721762,59.796926023388,77.1213753995639,90.9286438112205,91.4671011924404,109.883847799716,95.1827239512936,105.573023211127,85.3207700786545,88.6931192227943,103.665628963437,94.3001431993783,91.3419139147376,85.30675006856,90.0246011944411,99.3550466036936,92.9938136140347,88.391857959722,95.7465120459182,85.9952432995824,76.8451197668673,103.876533390793,99.7961757209846,105.298786697761,102.683180631715,97.872861064591,94.5258335849747,86.9387645190714,86.2269626043411,88.1449047912889,88.4815607154233,90.4552745173893
97.5465335451974,96.9300643608601,94.4164678513057,97.2184202145096,97.6366692854903,100.581155018381,102.129862095449,102.687229243619,92.5771138209987,93.2715374283172,95.8268628219307,96.7788129480391,89.6659321490727,82.416953540575,85.2523022255895,93.9692707259455,65.5769609338195,93.0813150791738,0.0,84.8086614125706,75.2901454477435,77.8696314453402,85.1493022741385,90.4910867717394,106.704733148542,91.5455128614102,87.1871857240678,89.5764339979408,70.4251530312985,96.671442597499,98.2764410267136,96.7579160713477,98.1670312691819,76.6998672248285,87.5739250480317,103.864693349902,94.9982184322346,106.846950541678,97.8502778005702,100.76842633742,99.5364704080118,97.7096015351576,94.5548257631356,90.3684153227341,95.8992221309916,94.9424833483043,100.728244000516,96.9513322500241,97.0867897802443,96.7325287200487,102.493931480829,99.9512885415977,98.4253936996286,102.459605291612,89.54814441938,101.916062950576,94.3098486333127,90.2125091303648,103.377938814034,101.301962649949,93.8417213605339,100.158564953366,81.1891514563066,87.3093749266132,81.3469989289825,85.6169305769465,101.125393656181,87.9165015817988,76.9994776724444,80.763370269019,70.8503780216797,79.3140641235266,83.6749652572782,95.7084612284672,99.9198270195854,102.773363319862,83.0580768808228,88.3748212561126,101.861555102831,98.0595035461878,94.7483706323313,99.1066830671733,85.8092332321075,92.8275726339496,91.1094600566336,92.0090878637147,95.0943952374558,90.0519728290083,98.7066870767654,105.387754630632,101.262461085187,107.932702956169,104.737025632147,99.9512633082349,101.019051344009,97.1992406843375,94.3371383216979,92.0862476494838,103.890657685999,100.279807900348
96.636346366098,79.843763693418,90.1669710984765,102.773838772989,95.1032094016126,85.0707849984428,89.1105049062437,95.6890648001253,93.8099603125299,103.768404962526,99.051329986061,92.1258542284775,94.7020843519487,80.0442223994362,88.7165190201535,80.9552882065353,85.8598283127211,76.1667594989755,84.8086614125706,0.0,77.6559780116167,93.62686082607,84.4241681214758,93.0848544145239,103.637349862596,94.672580391595,82.9032944584527,89.5838463151188,78.1730889741323,89.1065926046156,105.318875830633,98.9573823769517,95.1465728852968,78.7779659814492,89.5087044874416,84.6415307908755,86.1018885176524,109.673262657401,107.956314909196,98.903546743339,90.3294887209541,96.2161184236437,92.6843320117151,90.7173459987469,93.404653380638,85.9842298791173,86.3305447910163,85.9180082460615,93.7203096724946,87.9684914791481,109.145404614527,98.3526077116919,96.8294124550029,98.733343673322,91.2299626631443,99.1918187727592,96.3219997488453,98.6331018188813,109.804497998043,104.874285090724,97.1181077041039,96.7822095327575,84.969391421712,91.8244103329899,87.4779491247403,92.0155339619204,94.7635640918155,90.0187239664325,87.9052936642532,76.1464470724788,55.3988397931427,97.9687754600537,80.19103008993,107.249638936435,94.9743628690245,100.082234147012,79.6938426336287,85.0789544585182,107.870460622488,99.8920929236335,98.5299136263875,97.8375108714222,102.539741664775,103.618292907905,99.9746300971442,84.3541201724562,87.9097614074706,96.6171023462515,72.7100254988455,101.278519111062,97.7991365107832,108.76821755271,101.611109643067,99.3313420015553,96.6472498825595,97.080976618333,84.1260378348359,90.4886449225408,91.8412712751414,93.7972422332612
93.1175596457818,89.4910236770876,88.5697204375728,103.05750695838,89.2208151070469,88.696447710416,91.3146817751103,99.4254075301056,92.0980226215169,95.2098380871496,92.6192638528059,88.639157340547,93.3109814286094,89.6436448413444,66.1652357390693,88.8501142599782,77.8860154125994,83.3588252220863,75.2901454477435,77.6559780116167,0.0,85.8096508401436,78.2159053844376,83.9262296755377,94.6339217710019,88.3856992286585,87.4638846214263,86.9984981892516,71.5894637061304,83.9975245861279,97.5718107137685,95.7471874121546,91.1842291719498,82.7318191529756,93.7401630617155,97.8045235016177,95.7458564001818,98.9295975885251,109.482504967813,103.268474028321,92.4415825610114,99.8114746135477,97.8784526066374,93.7062705433105,83.803200182425,85.0556382412202,86.423070906643,83.7226103019875,94.7460528631938,89.9282623876805,104.59056896061,91.6759706911757,91.2342523981768,99.5918977470446,86.2791324843539,89.2623679456046,96.8672136953241,99.7723206800087,99.2863324047857,104.848542666019,94.2969568941462,90.9073257982901,82.2619452591759,82.4109492061118,73.2984594688095,68.4574545955925,99.3044406922744,83.9360181635758,81.4826737361752,80.3478331034838,65.9794985904812,90.0597567048534,80.9028666963474,102.922454318731,89.4782966114609,90.7376390729584,79.6030420483427,79.4009346404026,100.383852271571,98.0650906396287,89.2952399826203,95.0472850121844,93.3794871654609,96.5143567532356,94.1938833250939,94.2408664810919,96.7318995822411,91.9624152369539,92.4043281975986,103.804428117758,98.3538044264882,101.045975071028,104.579302952994,97.9407941704388,98.3429798967869,101.963210514295,93.3195150500804,98.0821301922904,100.677248890043,96.92171884319
98.0921030594849,94.2275720416637,102.026293225476,105.803131255113,102.359018367163,100.647431845506,102.688163836799,99.9372964458205,98.607719390448,98.8264309970933,95.02563058333,91.376663502955,101.188021168096,97.6629431629433,95.9702058280965,93.5747272861765,75.3740832889109,88.1155300699058,77.8696314453402,93.62686082607,85.8096508401436,0.0,97.8777082774593,87.3019555630729,100.592002128854,91.1906858744184,90.0201368383631,97.8110506249266,80.3604781810507,96.2170151975357,100.729723626339,99.0468662013103,94.8229502953787,84.0315425790492,87.7730286512653,101.211882622801,96.4547302312686,102.68163923944,105.078232895039,104.47527708351,102.671827138501,96.1191520199241,96.2521812087802,93.7425763146075,86.9775216344196,101.847349527293,99.514423771824,103.925537728042,97.5683122888236,93.8071743116123,105.409126716782,98.1971470535342,100.335966772013,95.7165195553992,95.4138660769397,100.231979361424,101.269650619967,100.468442366338,108.698159777211,99.725369681799,100.385006946694,99.6059399748516,95.3153931635073,95.4345225575148,92.0455300258017,92.8007571256446,99.8683422108921,94.1991067205135,81.7399535182095,87.5012802802313,87.6654223406716,84.2553572518617,91.0258017787442,104.268357134314,95.797643605508,95.1616158469653,88.6564480764617,90.2229679830913,103.877286737441,103.466082914487,87.5077442035381,98.3440950710623,93.9573002445375,92.0657970992594,96.8048002771941,98.7958442083337,97.4662553404838,95.25122246264,94.7800441887689,98.4700773123839,97.8119533969703,102.58602082991,108.103471876674,101.455747013148,101.050766909466,101.15351502219,102.768736182603,95.5908360220207,94.1023227718095,94.0967175855236
100.592497730587,99.313704443326,97.081497647095,111.290165296951,102.037117709425,94.3730095365104,106.149744415554,99.0324144892166,102.792242690134,102.285171035689,101.046158167081,92.1771298123358,96.125427387391,84.181526610734,84.8167732268105,91.9181568839813,86.1227030500388,88.9591903723774,85.1493022741385,84.4241681214758,78.2159053844376,97.8777082774593,0.0,88.5746422927951,100.895583154169,95.0303766903048,79.2660602522308,82.5867807457352,84.996556630152,77.9463707970413,102.473146637569,98.2073972712654,95.654337097152,89.9825810859394,92.132911304911,93.7361914139101,95.2480283389543,102.711561436029,102.094154359543,104.214781341983,90.8302336365679,97.5696194968965,96.1646555977179,89.3837909492225,95.3431809160842,92.1925088920825,91.1654381918701,88.2804578535155,97.1236844211313,93.3907497209335,108.703668071318,95.8326196965278,102.03847393916,103.58731262178,98.6876568522008,100.88964885653,103.701594716032,98.6685463703394,109.754457757862,109.943054466872,102.726181870716,104.332298694718,95.7633127130735,95.9737449205445,87.3107849103343,84.013976808709,101.865215811118,99.3170682710289,88.416175827712,86.9745996393989,75.8382357424567,92.0147052081131,74.7327156119551,112.74766201728,97.3971008679342,107.55976039883,87.2386496828551,79.1126612646192,107.603704859281,100.020807419026,95.4251054668927,100.259913541654,94.2159539731985,99.6542835009287,96.8305285228508,92.0143532406846,103.637117125278,94.353831295114,88.0121876330511,105.173127299891,106.982828912282,110.563083592737,101.355754629414,101.434842684984,103.052875491077,92.1514225339587,86.820487025264,95.3800144732308,105.17107422877,95.8011002338282
