0,1,2,3,4,5,6,7,8,9,10,11,12,13,14,15,16,17,18,19,20,21,22,23,24,25,26,27,28,29,30,31,32,33,34,35,36,37,38,39,40,41,42,43,44,45,46,47,48,49,50,51,52,53,54,55,56,57,58,59,60,61,62,63,64,65,66,67,68,69,70,71,72,73,74,75,76,77,78,79,80,81,82,83,84,85,86,87,88,89,90,91,92,93,94,95,96,97,98,99
0.0,97.4274535095206,100.188880248632,101.839334504016,98.2345933897137,97.2926130288571,99.4112641613055,104.128227340331,102.572022482618,104.301898064556,106.580111681574,107.502414433793,107.807459133912,101.288480372653,111.455586728173,101.363865457322,98.0549196010873,97.1154384995476,105.341630523449,88.4308628183193,97.7703581632964,100.72011273083,106.090071879592,92.8162638974132,93.9684422308914,97.1053940853897,97.6478479140938,97.8140979366122,102.936476671036,97.4226335813722,95.3039113703301,94.6621126157867,95.1934321594974,100.956437641603,103.057004849367,97.2576475882476,101.239184647191,89.0660297459175,96.0199081217257,91.4142961957704,93.3598107133379,100.974157770033,97.6528028982618,86.5082347834195,99.7144649799209,94.623934563393,97.8773459806627,92.3161948933957,89.2992622488239,98.651262611621,90.158780977318,96.8109466658337,99.5981309160688,93.6252208714649,99.8646642069041,99.5004355643389,97.1606900145522,102.269058979988,105.637040426927,107.062272304768,107.211435238626,111.185935477658,107.139809331969,114.417305026921,90.2008201089048,104.843761402252,102.601011848104,104.7332351252,94.14824089062,96.3690322654107,95.9125096040509,104.036618221825,97.4978119437655,89.8666275607172,105.31905900339,99.2717300616685,97.9926109957447,92.1823544538551,105.227980512381,83.6417620278684,96.1588541079381,93.3131276976012,99.8614915616364,102.60865659257,96.8835826255179,94.1611720795108,97.9399839648897,102.769764548657,102.083745922604,93.4798666184526,94.5739690973661,84.606776952737,95.9739775828721,99.8754575214463,99.7698940881159,87.9034157386489,99.4014510962922,97.8939399395976,95.5069267093853,92.1596232340531
97.4274535095206,0.0,83.3524786738691,84.7883049642297,80.6482328229028,86.1413134707929,78.4099137689731,65.9820863623788,77.5256175027794,94.9842805477316,91.8786851937343,100.698624629573,81.877602737639,90.535345395618,88.2450294906094,86.7234355139803,98.8514852174923,89.7311046741186,104.03582826224,93.4667914495195,101.437714066712,105.318595418929,97.875061536844,104.221812112495,104.130839654324,98.9604041184303,96.238048194053,106.822978339282,98.650671515259,100.265145830171,99.4121228536581,98.0251853254404,98.9351017731066,99.659152957512,106.596557342122,88.1381548408544,92.6138872880043,101.283613673361,92.5350566299876,101.66201840496,101.307218927211,95.8220825521088,103.337271890612,95.8518252736164,90.2596495747148,90.9236628310293,95.9076589132894,97.310440605534,90.3808940354169,95.1034775756831,106.521795691834,80.0123775805465,93.8607837417744,87.4905373103087,85.0931806495301,89.2864500842797,85.645754817836,74.0569842509598,101.664038470295,99.2358172322568,92.3002196747493,92.6170335598175,104.522497231384,104.878880662491,96.3114590901474,97.5662973140775,87.5298016068528,98.5542934338859,95.2396956698917,88.0266144405361,93.8121703905867,96.9049188089927,90.4213790898173,89.8443634785432,96.1132418950133,96.1834812186618,106.15239531427,100.750600649321,94.8046318944621,101.094958732988,99.3151734078746,96.9125729677098,98.1599137700933,101.458691353805,95.6872186227006,95.3715323616208,93.5412200465164,94.135117856833,88.0078233535217,96.1584882581633,100.833360860231,98.2982260234707,106.701186727764,97.4734080509044,98.7793540998673,102.724373753903,105.2344241716,104.47388979421,95.0095905782766,102.576615734387
100.188880248632,83.3524786738691,0.0,98.473084064443,95.5969222996044,86.1988562353552,98.3635302151353,80.7960467983182,78.8960221271467,94.1734301194053,101.878790563308,99.8774826417816,96.8533915118747,101.332167362862,101.154692948683,91.8881113601879,104.215947353433,96.8044070365704,107.586661868287,93.9380892636289,109.296214081881,107.363157935629,97.3715167621154,107.083584363786,103.220666055432,104.737851046017,101.95722223735,111.924120483039,98.6490345909895,98.805026606695,103.386623243809,99.8309981984243,96.5571964517285,101.887835585351,105.480032274726,99.197928900346,95.5975507577272,107.788171728012,98.6198541046161,100.302140902338,100.254896876656,97.0729004930805,104.395255515466,100.279618511542,99.0892545062247,104.293188472624,98.5979920680436,105.236559740307,93.9697343053872,104.773064699306,102.667809624473,82.3600603342365,106.953784598966,96.2012156140421,92.4038662533944,82.5672724425255,93.4502801801528,80.1805086247648,101.038978339387,104.512850209889,101.48666143504,107.192940621995,108.362143510926,107.821288370964,102.732111768645,99.2598984355884,105.727774425334,104.192321342977,105.895931653173,93.8984868283763,104.154580998991,105.703102361586,103.733955657664,99.7020798210034,107.041536172793,103.003601208539,102.226684246215,105.733112404853,94.4874134877639,98.9156659238216,101.677137720353,104.949404200123,100.146569764084,104.312837743273,106.659792749779,108.413545307023,95.7821453909491,111.098258709647,100.363821516609,101.570231321634,94.3732805588614,95.2948289232038,100.358849359231,95.5781480626215,101.202790664915,100.837081899992,105.353655053437,112.441368543519,88.5756642281977,107.459950391834
101.839334504016,84.7883049642297,98.473084064443,0.0,98.6654263694251,100.163800565969,101.51041150777,93.1621849378719,93.5728136773445,105.375734665153,81.781917790148,96.6022811831345,84.5481549232878,85.1170840141367,90.6544777281062,93.4068140502731,95.6084714608551,94.0323729033326,96.6281060029173,92.684656739201,96.9072981727267,97.5618492313594,95.1619971729068,107.6237529918,98.7753408775372,100.391031789686,105.77016090015,106.127534954404,94.0734047343441,104.54470669985,95.002642769824,101.6902530878,97.1550643696497,97.3290196611702,105.465648843614,97.7827713429709,94.5777691020953,105.841245511681,107.193252352727,102.19069071395,101.665751334408,94.0719118658686,95.0824316465172,105.762403558257,90.9567557559822,98.4118831041482,99.2126172573809,95.192560404666,97.946759455738,101.472607505712,107.443814160415,100.266505254836,98.1921508592865,67.2931556137743,101.509032709577,95.9318559554071,97.3312263110158,101.161482955157,106.89150588893,96.8824855341589,81.3743935738447,89.5032778609236,102.919317994991,97.3279055232949,94.6161825865614,90.1030651545608,101.283032998845,93.7671969574257,95.3376902380075,88.7526129769713,99.2407516526812,101.847587016509,94.1964630290954,95.9078795214387,102.261532219903,101.777746044494,108.145909329191,105.313099734128,96.8567334995022,110.267275523234,100.571353112794,92.8274916957593,94.7602614405347,105.713188383783,97.3192098271734,98.4707255228173,94.4046366747848,101.824701561487,100.320346722386,98.3647363086233,104.014007552209,104.442898390369,115.716333485799,96.8413986638164,94.0922764866696,104.208678504907,99.4921055098656,99.4442576514729,96.8047755425241,105.059288721342
98.2345933897137,80.6482328229028,95.5969222996044,98.6654263694251,0.0,84.9240756657155,91.8664775384007,84.255223341022,84.1737471818,95.7593163958984,94.6968882101641,98.6892648089416,92.9877678501442,95.3293486624467,96.1460724752027,90.687444099526,94.8602091043131,101.468219195359,99.4379756354664,101.456919295322,98.3621230375785,101.027843230193,105.675755446113,99.6788291037398,104.277016782737,100.470128105369,85.3244598689791,103.219233671633,94.2028533931728,94.6947198082491,97.648456796869,100.043891228699,91.5673757661179,103.729924819434,106.34173085719,83.2213612863893,98.7842563712747,96.0186120402599,88.8271962882531,104.452517714648,95.6335305724898,96.8417157497188,97.8881721488848,101.664080644127,94.0209140788475,91.3061892266139,97.8118340614791,105.282710854204,91.8919451135376,97.1569459040039,109.863695993545,89.4138849366579,91.9514724849236,88.1002163903081,81.2672307358355,88.7520203893171,92.2080032084967,86.5793724478165,100.463432743792,101.601636222312,105.525494796633,102.728714647603,98.9284239176321,112.524834095274,95.7223566937967,94.851223683651,97.6536530870814,92.650554880942,99.1889854108291,94.0814321685657,101.622704672637,104.30757797538,96.6949828704111,97.5907409270939,99.0954820166626,103.955063188268,106.185698659137,93.9266542704758,94.3977602755604,99.2195152171173,101.1629489937,92.2337350038356,101.662057116488,100.688687917434,99.2470842267586,98.7239805050999,95.7148219892503,96.631290712884,86.0954761742363,97.5583349967462,92.9905849015016,102.82090655902,98.994966532053,100.02080551911,101.163043378245,101.736220227741,107.333449302522,98.3390789889263,99.0052811333225,101.716702067159
97.2926130288571,86.1413134707929,86.1988562353552,100.163800565969,84.9240756657155,0.0,88.6829315129542,83.9467262613723,60.2101806448217,98.0761615455062,88.5549537977023,97.0939285542606,96.4303489246493,100.016138657896,100.480615443023,93.1336990336445,100.550133486639,100.640304418807,99.3682289506593,90.89119984466,99.0730914194143,104.318572396073,101.413840295362,104.829165357294,103.468849342835,94.1389141074432,92.9138654510604,101.536034794479,99.7497497759835,99.5890440622393,100.058546706452,100.189488311559,95.3456636896792,101.11348638037,106.824487827088,88.8276378802914,98.3039735481598,96.9534456856041,93.1692783248233,97.4079504963744,93.1853680491589,98.5150090826845,102.72386507926,101.092731804003,92.8967146724979,92.5026092560626,99.0066822985896,99.2994226833581,89.0760011271721,97.5245176618534,104.18762645741,85.9617518377739,93.5622050334012,94.9385189848552,66.7970876450297,56.7472301499263,85.1766700434442,68.6000296990965,101.326283620488,96.8748410721805,99.8245776725669,97.731692696107,104.465726809122,109.719635622298,98.2199351952545,94.4159870433672,98.6420639774594,105.884990018488,106.668070060445,93.3941472064814,101.885742774012,102.700141985453,98.9546541135092,94.9699562449839,102.380978543393,102.189488478296,99.5831330465369,98.6960645043133,95.5594537206106,90.9317204768073,97.8570472816395,93.9850650485349,105.99635233476,106.84247257749,98.7270412752587,104.110761453465,92.9255125591915,101.970041399685,94.3998965328133,98.2363045662874,92.192859457378,98.2120912699274,100.535520868562,102.103327832691,101.468099547704,97.2829337981936,105.0374668591,100.670866113435,86.6692468533794,98.2786191702577
99.4112641613055,78.4099137689731,98.3635302151353,101.51041150777,91.8664775384007,88.6829315129542,0.0,85.8229358982722,94.9355489384778,92.8418382087191,81.3796385570302,91.7431201876798,89.7839921880585,96.6734934317319,91.9272417181832,86.8735569712965,96.1194657986063,95.4139677584648,91.202450076451,82.8285835206963,88.8964856644834,96.0025220065307,101.1620290262,92.6955800517725,97.9903078707103,91.0532506991988,92.009389852266,94.8052831893935,95.131243058634,94.3138028270228,91.7922954766326,94.1661284981933,82.1701983525517,91.944494669757,87.8942120869675,88.7037640387441,88.6688780632657,92.4775256595768,91.6333164748461,91.1966905774176,84.6658275649579,102.023988206215,92.5301607729892,98.466886161686,98.1952829163983,87.8545014408485,97.331683452652,87.9044829131321,97.3643780129659,85.8128708680957,103.283713091624,92.7820051523236,60.839002739056,84.05665467723,92.8092514687273,91.6499458111232,83.8470940351401,91.6882599926287,95.7507698312481,95.9922473553502,91.7174178462638,97.0586494092969,96.8664537957581,102.427679326281,94.4747779125535,91.2737245230248,60.8883005668784,89.3495476312998,97.8984723116211,89.6458516481849,78.6453731678197,101.29091587775,86.3949136293855,75.3567284777715,91.7409276159662,93.678735429883,106.679936189614,93.8809077501085,94.0498069927429,87.0833944221511,89.6666283188725,88.9017300057401,98.0439992715151,95.4818822493031,92.8311703033882,99.4453222008083,93.876771119338,93.7293897128762,88.833881708056,87.5645724733543,95.0298382066915,98.4693643677676,96.9290373290426,99.4799681133538,95.5848722919969,100.823784189748,94.6864566388235,98.0975926346532,101.438615790995,91.3260403441394
104.128227340331,65.9820863623788,80.7960467983182,93.1621849378719,84.255223341022,83.9467262613723,85.8229358982722,0.0,79.1463869697971,93.5818109720767,94.5371500269995,95.103923303148,86.4219663343569,89.2456983298055,95.1285057286094,84.1792835343094,97.6900293056095,88.8583674069382,104.304195153386,89.2444675387833,105.410305546965,95.1046565535929,98.7012094053005,103.613284652193,95.3734297226476,104.862299694781,94.5346459224644,107.556566177641,95.6104985986976,95.2746529523137,103.721012861895,107.889072783664,100.561951876493,101.239882363664,102.942036312969,86.0417784100225,90.493767391671,100.81765179569,96.0058482966092,106.882103346201,100.098116919403,97.8994734892279,98.8850121297471,96.3882366373394,88.8163787103292,96.2136027825136,96.5656557929028,99.0462745698551,97.1945326403913,98.455422388364,102.117356766746,76.1157769681634,98.1036377691829,85.8207795544282,88.7900243039741,83.3216110372557,76.8450171670802,79.6683426386648,99.5139815651747,100.51972982832,86.1859239933714,95.3452781261628,98.875796366994,100.464146334501,94.9323818715128,92.8668711801616,100.400069966542,96.6638876515549,100.954266469874,87.2836005693215,97.9070086276385,99.2276230996008,96.3805098008288,95.8435101926937,93.7128967208093,89.7596628089898,106.663939390054,91.8313459664815,91.6333566162935,101.488447508259,97.2306901870057,104.037023378,99.8246575111809,98.9618701798051,94.0453919946546,101.130295275325,85.5142408732831,98.3546918827029,90.9885443127954,99.6541526538675,97.7486138945528,99.1262404839659,101.232159894766,97.5549474444309,98.9541901974061,98.8396178308357,102.200654269152,108.244513592926,88.5961510045159,105.49266291851
102.572022482618,77.5256175027794,78.8960221271467,93.5728136773445,84.1737471818,60.2101806448217,94.9355489384778,79.1463869697971,0.0,99.4520798381409,95.945720052632,99.1914773555644,87.8375504690571,101.316704011723,94.5740315034463,89.0432108461481,96.4581950060613,93.4652534219344,99.6610914777894,90.7341034028305,103.197911644583,104.795784805252,101.727888594632,106.541345470749,104.139630905219,102.370782295058,101.668566956435,108.751108332952,94.9767174127226,98.8174105150225,102.037918803298,105.898884975331,95.6482034867107,99.4115854165903,110.706292012336,92.8444015726216,96.4767002329255,102.670852140314,91.2690893048365,102.144399286612,95.1011186447996,97.5892323367377,99.9597213286962,102.011437730422,92.3188693823445,95.7678081904209,97.9944232183955,102.141775853265,82.2202827495583,101.641419275026,103.702446090473,83.9899528150731,95.5139242924494,92.4488574945083,81.8317076416931,61.1704365369094,90.3348557121765,59.2083228878378,106.417023037836,93.732243697323,92.1441605903495,85.8206026438381,96.4164640751694,107.410440322942,93.6862156582945,92.8685871944908,99.1358830613015,97.9633333943838,100.354331828832,95.4979270696984,98.6100020246344,97.8493728268845,97.1851846674526,99.9197038193205,101.603936621882,99.8548753088521,104.451902723165,101.200339359465,97.263270449418,99.5385986127703,103.442477474729,97.2714333156007,102.362185539599,106.483741160271,97.0280831099638,91.4771796574489,94.5687737269147,97.4847413291895,87.8018918206328,93.9349367925792,100.404652774374,98.1174159181039,105.835016406703,93.3658514164492,100.71490618581,102.264425309156,103.782460006447,108.885370062468,85.4318627984478,107.121980766645
104.301898064556,94.9842805477316,94.1734301194053,105.375734665153,95.7593163958984,98.0761615455062,92.8418382087191,93.5818109720767,99.4520798381409,0.0,83.2907721217967,86.3320059648284,96.4552441100083,90.0767058636714,97.6544724968559,95.865144693958,94.2183269788479,91.0720751944164,94.1226989189132,87.4560119225271,99.0478317157753,101.28613001823,93.2586730061568,94.9659724217478,95.708527472129,92.040648587115,91.4731170353033,95.9162787468429,98.9074511963698,94.5667784924752,99.2630881300059,102.985059277184,96.2053938701297,95.8027136354263,98.9282594222419,94.6434651696034,97.7109410356231,101.873675599782,91.6668396585616,100.02893074118,95.9736770185157,91.3096249818567,104.169473522546,101.34122945556,102.424124931617,90.5470040589433,99.3924636303869,104.62440120211,93.6642618387672,99.5978709354425,104.654456139322,85.3289459627449,96.5385790261106,96.6908718414859,94.4009228924657,104.055223011741,94.1298983770242,97.1841845222482,55.4931967689265,95.9427226306756,95.7518285292713,97.8212958199182,98.856595964825,106.951488795325,96.5590338985636,95.2304494783877,92.2930067560225,92.9896888042125,100.641440200907,92.9771649299145,93.1285969675061,101.022535424569,92.3510652834693,95.3518218123838,96.8641356145792,94.2721208889212,97.8871997599611,92.5534920350073,99.3866100443802,96.6209123920426,96.8331629412972,101.022772106076,94.4649143576187,92.9391155258873,92.4733934585791,90.0867391414853,92.4821135103868,91.9808966073417,95.4586882887655,97.1044142969382,95.1230863054054,102.791610146982,88.6911370949938,103.938010802205,102.914229715675,99.2626414932086,95.9526311563013,100.179207842142,100.026206282251,103.105925133983
106.580111681574,91.8786851937343,101.878790563308,81.781917790148,94.6968882101641,88.5549537977023,81.3796385570302,94.5371500269995,95.945720052632,83.2907721217967,0.0,87.7245362868129,82.291139747298,95.7773761649844,87.9311904265189,84.5356862836564,88.1031866231918,95.9818267340043,86.7715693018025,87.1097306345945,91.239227356894,98.896159603251,96.5761807652328,103.202158805818,88.3822014656606,94.7171048193329,86.6322983896837,94.225656919941,100.884284993097,95.7366374933692,92.1980389509861,97.9077204178464,95.5830043254491,96.9580166981359,101.786164002546,91.2152603214566,98.6073149559571,97.8783374023968,90.4850699452137,92.7909624555464,97.6177370048241,97.0259931781679,93.9421878567184,100.483305408397,93.2260385030171,93.554345285866,99.9559278245658,98.4917468223379,91.5279499294908,99.8918464524677,106.283599237233,91.0695778926148,81.8840504136041,85.3015763186236,95.0496188383113,94.277972033132,93.7632042678431,92.5071557403539,82.8044303766613,80.6036816936476,88.8617379404479,91.2898011414951,98.5230665236244,99.7426540412288,89.306048685934,91.6445898009504,91.5977489531782,94.3102857318368,96.8493423972349,93.5481703728687,91.0419020243692,92.2363426611687,86.9808910868184,83.7858474748171,95.7723378638956,94.5089308169273,107.419560014605,92.438913055044,95.2484662157034,92.6231087278937,92.6337241642406,84.5424392840115,95.121145020702,101.821794711565,91.4139702809481,103.938847850175,90.8396725820084,86.440606809739,93.3976905589331,90.8357653516243,96.5612693668618,103.432515383494,93.2965620554292,98.1799828225436,99.4987749428532,102.315023476275,100.266435850864,101.616949440081,98.6641557516699,100.718262552212
107.502414433793,100.698624629573,99.8774826417816,96.6022811831345,98.6892648089416,97.0939285542606,91.7431201876798,95.103923303148,99.1914773555644,86.3320059648284,87.7245362868129,0.0,95.8060603645767,94.6553704339574,93.3289936094564,96.1875748288753,86.8971724291349,100.843008321961,84.8766342185141,100.292188173113,93.4961555669854,95.5345380793722,93.4212378493274,94.1970256433096,92.9740796577034,100.007192877672,94.9732520369657,107.039143412311,98.0212735479053,90.7702655873822,94.2016383128835,100.131634881043,96.5266261540879,96.4191844353084,99.5422631529766,101.156923473545,91.5144871576926,97.8381184856125,96.4054593904151,99.9206341898766,92.8382447091253,89.6799164917846,102.013008727819,99.2531529813983,94.4317858418863,91.1109035589257,102.333721983424,94.6921791121563,108.331826592376,99.7340692141479,105.660067389888,91.438416852634,91.5590715022215,90.9775769190592,92.0229999755351,101.175645846961,84.738741543297,93.0290946237833,91.3349609323152,80.0580463702421,92.7728622836087,106.490313218806,97.9349588419476,108.881195400443,90.7063071225656,89.8143314476007,93.5138964682512,92.8295471596744,100.860001715911,102.669038345041,108.257238751682,98.9298727636605,96.9299664121014,93.4271359020117,91.0477859493155,91.7321952326677,100.681641602633,95.9725558690057,97.5486072447954,97.5045167294997,90.6668954431334,90.818760526778,92.960810015226,91.4568477139467,92.7970648407052,94.4520368073888,93.9018636569394,95.6609878626918,95.4113651925651,97.9670181740009,98.1141647870854,102.176256137488,102.976612133813,95.5933982688928,92.6593862106296,101.255247836612,98.1916645451919,98.0240543645154,107.451127669426,105.399830152592
107.807459133912,81.877602737639,96.8533915118747,84.5481549232878,92.9877678501442,96.4303489246493,89.7839921880585,86.4219663343569,87.8375504690571,96.4552441100083,82.291139747298,95.8060603645767,0.0,75.6839230803485,72.0300048883685,86.1639788993556,92.6551734318524,97.2792004710618,97.9528542207119,92.3399826982985,102.824720024686,102.365118896622,100.055449690436,109.956958559572,102.182509594381,100.260293299226,97.3452881751585,104.101198516746,104.26626668762,99.9227669643344,99.7666611874005,102.099652361703,102.341473070729,97.1646924657587,106.732590207948,92.377774143132,98.4858865663669,98.0284760796464,100.355050510711,98.9237183610845,97.6369299899998,97.3285691462259,95.5486600195052,95.9319221109298,81.1285360470358,94.8904290912652,99.0261083916713,94.9422506161178,95.9197749319227,98.7707584185801,110.131127792444,91.5331461309585,87.1070426768667,87.621289672302,96.5424421594341,91.6919752218744,85.8879035841011,94.1723124045668,101.820445148281,98.8443522557499,89.543068537665,75.4710747987507,91.9523962732024,84.1469449390536,89.6198754235534,79.7952907629457,91.4392730832479,88.932476643591,94.7141048400859,90.1983245216951,105.033930094973,104.701054441126,94.3707032781643,91.5085449669054,93.2032422894157,94.6433628110591,109.312342058868,96.7916110426957,100.511869422215,94.1485217393137,89.19608728849,93.8336526773885,98.3667820464318,101.473909376534,90.6862815867559,100.118220887862,95.0431003387539,87.1324221922163,91.8847029169799,97.9214695491643,98.2013413437446,105.09175588508,105.972274557199,91.4994532359005,99.5172501528502,100.991789521754,100.987881803885,97.9087323750364,96.8346608326971,102.913754583735
101.288480372653,90.535345395618,101.332167362862,85.1170840141367,95.3293486624467,100.016138657896,96.6734934317319,89.2456983298055,101.316704011723,90.0767058636714,95.7773761649844,94.6553704339574,75.6839230803485,0.0,70.2375674861895,85.4163169945346,94.2101792497319,95.8671893445309,93.2834409925418,92.7834911750889,98.2158881578317,98.5517172165626,98.0436950940591,91.5664489266617,95.7296928005353,97.2294888892848,95.5411601435768,103.803887203563,90.8988623386985,91.4688732911966,101.924683195623,101.088203530647,96.7561279970888,98.0246435036045,97.0469433914644,98.5611068843682,94.0498371667523,109.752729471471,107.448610111536,106.269905386255,99.9408703901633,93.919620964404,88.9104007633664,103.854745092748,91.280722624185,89.8466538327206,98.896780292828,91.6115345886904,97.6513634826841,102.297840681575,115.182804838781,102.249539574955,92.3054179498506,90.7966693368298,103.086956062384,94.1320551071728,89.2301491298989,102.322598605344,96.0205559152618,90.5513334704839,83.8166205619824,81.3532773510095,89.442701198591,75.4665760087245,87.689689205876,76.9037498684842,100.879733514424,75.0159556096007,96.4054466788338,87.1689265836857,102.380149322935,101.784280124439,90.0139422421728,102.615681984649,95.4200083799171,89.4456525670979,105.540001104408,96.7388619344174,92.7957518887457,98.9823135636635,85.476400119468,96.7317036487764,95.1878057778469,94.7247292592753,93.7865802963997,105.963107362154,98.3415337813709,94.8986840176626,99.6236275693557,99.7425190868559,105.720584495921,96.8697942758987,116.120511755656,95.3011185317799,97.3327995838715,110.549333115477,99.3642452207373,95.2453877556321,101.114788796381,108.069820996267
111.455586728173,88.2450294906094,101.154692948683,90.6544777281062,96.1460724752027,100.480615443023,91.9272417181832,95.1285057286094,94.5740315034463,97.6544724968559,87.9311904265189,93.3289936094564,72.0300048883685,70.2375674861895,0.0,83.2988647546011,91.2456388079284,99.3497374235841,95.9808133732671,87.110206642815,96.896617922689,96.9722902838756,97.1880474104,100.597274661691,102.441930252648,98.3578206338009,95.7847231330334,103.029665642341,97.8686418775281,92.0168762959444,104.770294152224,104.374547833252,102.267922006847,95.96026564863,106.568253049516,95.9081105337073,98.8943097011408,105.986836757362,103.029731515381,104.959846859488,91.8971430508971,102.954613721029,87.2939127774614,105.539461125993,93.0560468358571,95.6799408477634,102.468512791116,95.773471780262,93.1410230049189,99.7717118198254,114.207382056085,90.4583572054802,93.7233622100014,89.3651792894364,102.254275567172,96.5703111432289,91.4090084300576,96.1018828096074,99.8540986814216,86.1437390431346,85.8072317745507,74.7355859005255,92.6463093219122,83.9005106646512,87.4926010357563,62.0940680126214,95.7664020194986,86.4164253688404,92.5079957200628,93.2377378131301,95.7647071503345,91.0709506083376,86.4269889338395,96.0080707442063,94.9813403269716,91.962095904188,108.567991111088,96.4943241676318,97.7801422861769,101.334764787014,85.4414656862339,93.2927791934299,86.6902541570576,91.1147748432415,90.3402154689034,95.986867210848,93.8588559363502,88.8708872873932,87.7288453338041,97.2102964213972,100.81242798478,104.714455282313,106.913355490023,101.149100649608,99.0127106921927,108.120110939533,99.4248845875148,95.3402522358838,95.7926797193183,104.892043158256
101.363865457322,86.7234355139803,91.8881113601879,93.4068140502731,90.687444099526,93.1336990336445,86.8735569712965,84.1792835343094,89.0432108461481,95.865144693958,84.5356862836564,96.1875748288753,86.1639788993556,85.4163169945346,83.2988647546011,0.0,96.3282898562809,84.5045020937111,102.246398785402,88.7570068418152,98.0472912220645,97.4574375142383,98.8400324696685,95.7850898636209,100.219911943701,97.6100232562976,90.9315082117036,104.984321986846,98.9963883688171,94.3486790387784,102.208161740143,106.282797554667,100.678086120662,94.9643256250031,105.909838270751,92.6883195484414,93.9342382251205,107.089239471532,97.1587352361656,104.033270052674,100.345155815254,98.4734031760677,97.4808027816223,103.750582785218,98.0679244563475,96.2352295665758,97.5394227661947,96.5664290258876,91.4831202693978,98.7551305823145,103.624117579372,93.1127026774274,87.3394857633753,86.4356990050931,94.4061929205525,95.3973623652592,83.1615119453163,89.1096832007485,97.8413685245429,97.4954536328393,93.7820108632772,96.2655843140135,101.77789359267,99.9363751279605,93.8260668478002,88.116841688365,96.8474705110893,94.7036845504121,94.2943077201005,81.3090898898621,93.6598848149482,100.703104802309,87.827029806637,96.3254460463698,100.289311239606,93.1874438599327,104.46479027022,101.415322059572,95.3053250594189,101.192626269533,93.9098188606645,97.2906280400507,95.134827179613,103.908842821834,98.4387858392586,94.1385485482606,95.0980617811696,95.3625787614119,92.6062965843553,96.2435418198781,102.600269415175,106.948967295497,105.699858821455,96.1050595998231,93.1009514759104,106.939270996359,101.317954018455,103.674774426248,94.9257822081102,102.726011762554
98.0549196010873,98.8514852174923,104.215947353433,95.6084714608551,94.8602091043131,100.550133486639,96.1194657986063,97.6900293056095,96.4581950060613,94.2183269788479,88.1031866231918,86.8971724291349,92.6551734318524,94.2101792497319,91.2456388079284,96.3282898562809,0.0,94.7250072234634,74.0483214086431,95.8276771292985,85.7101732571625,90.2128976679897,89.3645583726272,98.1599412926749,101.003644701293,89.8180599756514,94.6705560952673,93.466575821946,102.035168053759,89.7942327204926,99.0148157073527,95.132260378916,92.3125387419372,92.7613950796912,85.6975412280191,94.8395680719134,94.9611642433678,96.4845159908987,95.5334398574551,92.4180642440113,96.7976538062211,99.0580520921393,93.3928111979507,98.4282946651248,95.0945058454738,93.5468257347349,97.5851964648911,93.7245371286487,100.924278779255,98.9557289724349,107.363894644027,94.2837329882762,93.5430775800815,98.4982960221292,95.1041813465678,104.510901095262,93.4866016786472,98.2880917521444,97.692822310917,89.6434726011203,90.464517904022,95.4944370940971,92.1702728110407,97.0542106158244,82.2929268622896,92.4749470280541,90.0767550734518,79.281807970411,85.0758160080061,101.213624564041,97.0732001651612,96.6553905129847,88.3628057370251,92.9344946029156,85.4667517045615,87.302071258197,106.487746867799,94.7722334486721,101.071855703142,92.000164354348,87.831860381389,90.1317137729616,93.7123687579902,93.7285501169544,90.5289631529933,93.9682744349433,93.7439553782438,95.2835932769397,94.7726982230049,96.4032121481054,100.503880129722,98.677158797702,100.548479111338,96.0918947068986,88.7450418189967,92.4464067163243,89.087993597678,97.2731968186837,101.496582376054,101.885115300777
97.1154384995476,89.7311046741186,96.8044070365704,94.0323729033326,101.468219195359,100.640304418807,95.4139677584648,88.8583674069382,93.4652534219344,91.0720751944164,95.9818267340043,100.843008321961,97.2792004710618,95.8671893445309,99.3497374235841,84.5045020937111,94.7250072234634,0.0,107.011380057968,89.8243923523206,98.9403710954781,104.298911944732,90.0955823176029,102.227426538729,98.7752789307278,97.2491579536083,95.9360349125861,95.8857257215136,91.9267204916167,93.8487988786147,99.2517469876576,115.473673497525,95.9871859961067,89.6608136814703,105.825367334016,92.4025291710843,95.4166388514397,103.006741136431,94.0023962353709,97.7379786449681,100.440352960878,105.832733088236,100.187531211463,101.007783306605,97.4251430272089,95.3509660836331,103.444323844619,104.535322298672,98.9361796923584,105.061200658853,98.5783032599151,93.5169156834216,99.8268129198215,88.9116216256192,99.9658349310463,104.184896270693,89.7554182166088,97.3284704561536,83.9542862885455,107.493487112822,97.1221769290741,97.6406064085013,98.9800757983923,104.587416912023,96.1664956808559,92.8307233709167,101.680055777937,95.7701202289932,85.1266472712913,54.1193304528692,95.9422602685746,91.3785879334979,94.8025402693794,92.2514969692062,92.9870383383367,86.8246091266229,102.216827703778,94.8659591155877,100.168188816334,98.8632173584092,97.3054310000214,100.907522430385,86.9194391275667,99.9053198481812,95.5807763089638,85.1814823706613,93.3124401896245,88.3515031563531,97.0601053820794,97.8466897840204,95.8080288495516,96.3966759809001,95.964620639718,95.1901351774804,98.3187279486194,90.1824743380391,92.8201283243884,104.922424725498,95.8652451502115,103.873402295694
105.341630523449,104.03582826224,107.586661868287,96.6281060029173,99.4379756354664,99.3682289506593,91.202450076451,104.304195153386,99.6610914777894,94.1226989189132,86.7715693018025,84.8766342185141,97.9528542207119,93.2834409925418,95.9808133732671,102.246398785402,74.0483214086431,107.011380057968,0.0,97.293334694324,75.2243056669605,89.8278848205019,90.7101033426649,102.394658071563,97.9275833497145,97.5436390625959,90.1588853739433,95.8650174239283,100.436887035038,98.2521457703036,89.0161038981277,98.0714098134841,94.9301895635505,94.5675172030271,87.4455420713405,102.559097387203,93.2789346416997,99.0795568474672,102.407275791485,90.1441698320002,90.5009151968675,102.826291282424,91.4300132511765,98.2990887035947,90.0125670479742,89.6759266536275,95.6230609081678,88.5384836848895,99.8783852980912,93.9490823321376,110.658843126782,97.6983574974264,93.2204929821014,100.259836555943,101.508134452863,99.6330409663536,92.8557245485987,101.646536189294,98.6087381259845,96.9097144810676,96.8817911052332,96.0638204771955,94.8397243529177,91.6472731474013,69.4296389042293,89.9639640475301,96.8087119371537,73.5210104797583,91.3938270399367,97.4945242127575,92.7216656723166,101.958702333581,96.0310645149685,96.7162843708379,86.800192519297,93.2867913397691,101.151236715092,97.1215684929219,93.9790760558449,97.7221022827869,84.9948828616634,82.8895342194404,96.6233217754267,97.5261412776272,86.6987726616301,99.0871657630277,96.9919674987578,97.1496128000508,96.4310504970768,96.6584563692713,100.529322037462,100.533601719965,96.2938637390759,96.8410848428969,95.3807678095785,100.688526897741,94.7766364242668,91.5443075428394,102.922558489624,101.198130109352
88.4308628183193,93.4667914495195,93.9380892636289,92.684656739201,101.456919295322,90.89119984466,82.8285835206963,89.2444675387833,90.7341034028305,87.4560119225271,87.1097306345945,100.292188173113,92.3399826982985,92.7834911750889,87.110206642815,88.7570068418152,95.8276771292985,89.8243923523206,97.293334694324,0.0,88.0010110784377,89.6073310230093,95.8018839576554,95.2672184000734,98.4586218056013,93.2548796082757,91.9349911804239,85.8945843671602,94.2016090936893,88.9364606386056,98.3997908007361,95.6392739443425,94.2496359537889,88.8395271851841,101.236168719518,86.6834710803647,90.1343695501792,95.0647671731011,84.5433666652254,93.9527650365195,74.1910561996347,100.547653179974,96.6487114596993,97.2339195944978,94.8983522194975,85.8487065984351,99.4162795157881,91.1791430878858,84.6372575343288,81.7369705100701,97.6753646906896,91.6413271441359,87.0629711465882,90.527146851876,89.1975224566621,92.27771340204,87.935110797213,93.5205958102101,94.7640631955577,93.3954114510729,91.9422255531472,97.5794222622815,97.2129918719175,104.947877173982,85.3261338551744,90.7885470051984,90.7539230508433,95.6971525513283,91.2721969386628,83.3580397695789,81.4625417332719,92.6593358312279,86.0535343997982,86.2196076276939,97.18681624997,91.8084979387247,91.5828853303574,93.5677725303361,87.6019921536914,86.6624145105969,89.1266455253582,87.0388438001257,90.7279409763858,102.12935027348,88.6247325103414,95.9318914536832,87.9796361572573,91.1634122805306,79.6583113918655,86.2629812565806,100.747107043603,100.529700173378,91.04200336567,95.9728265296002,93.9921041529301,93.6924085138259,91.8452678434072,93.454869393813,92.3855183172384,87.137668163264
97.7703581632964,101.437714066712,109.296214081881,96.9072981727267,98.3621230375785,99.0730914194143,88.8964856644834,105.410305546965,103.197911644583,99.0478317157753,91.239227356894,93.4961555669854,102.824720024686,98.2158881578317,96.896617922689,98.0472912220645,85.7101732571625,98.9403710954781,75.2243056669605,88.0010110784377,0.0,89.4954899239571,81.8425664327995,91.4520341539713,98.8840550056805,92.3241672442145,92.778758107384,102.730521470799,91.8968659630311,88.749037320747,92.4509728836613,102.423898980146,89.5330090482177,82.9347642971388,90.9219540459192,98.3859157922087,91.2329662990565,98.9651968187018,95.7575930171213,89.9241688018264,91.1335381999052,98.4648374344398,85.7827541916695,93.2126133556135,94.2077925767656,87.7331440646688,92.1478157977306,85.4247466777496,96.9065413233985,91.1897295687973,99.6489658896408,88.6651782775519,96.0523951706034,91.2188644297447,101.302799412889,105.871069930427,91.4252781521357,96.1383188973302,106.822912819792,95.0799041338129,97.7596942627912,99.5187716826314,95.778973036249,94.0029990164213,66.2152793588636,94.9509419955367,88.7084560565564,76.8004745889883,86.2476167091624,93.1621898449423,78.8405838733226,96.7024833682114,80.2309073015219,81.385298013313,89.3999344328049,94.3840437729044,96.3318848652422,88.1965287835639,92.688898364533,95.3853439977455,87.605403903016,78.7753004556318,95.2403178756607,91.6744372283658,82.1256900148337,98.174052087018,97.186698894911,90.7308727202041,93.9290636307535,91.2011599260713,97.2956905646671,101.311482818836,99.1654399987489,91.781180688849,89.1177126457214,93.9516395965982,83.7791349741429,83.5999691343758,96.1377570458603,94.5982221461856
100.72011273083,105.318595418929,107.363157935629,97.5618492313594,101.027843230193,104.318572396073,96.0025220065307,95.1046565535929,104.795784805252,101.28613001823,98.896159603251,95.5345380793722,102.365118896622,98.5517172165626,96.9722902838756,97.4574375142383,90.2128976679897,104.298911944732,89.8278848205019,89.6073310230093,89.4954899239571,0.0,89.4782355605974,93.2102257640803,95.0845123940191,87.5304592729334,95.2425128878322,94.8086125630765,101.328315957987,93.3482000372448,104.131539272914,96.6420611950622,101.311909502565,85.5009964941374,77.4396387541917,95.3105404061263,86.4987286936379,102.513603955813,95.2562213805459,96.1974765782869,93.7617050983746,107.443040205551,93.2775721919009,106.035743496424,105.452476156566,91.9066266873135,99.2805263176148,92.4517379787672,104.121489504261,96.1008749940538,106.124524965096,89.2757481269949,92.2511827126102,94.7824550161902,94.831992032171,103.157460920253,89.2052486385806,95.7585056716903,108.044843391498,101.07893601028,88.0406738695771,108.016320413506,95.1919097728821,99.4919923792831,97.2137374024698,99.1425026991975,96.5015892828233,92.7398489581665,89.6930939475743,101.319400434183,100.419853869075,94.6172413528713,97.1374864031862,103.264922201082,88.0653810433696,95.0763331717399,91.6276314748202,88.6562451481368,100.043649414432,97.2270557022795,88.7443945959245,86.4666307008844,101.085683484212,83.1849703503572,90.3316097476993,89.118032539447,92.3872408418323,99.1751882538827,100.072093742604,95.5093747596587,94.1020242983344,102.690131895621,101.170845770566,96.4838730339161,88.0657480162345,98.8558280074363,85.8449254638288,89.6818091295374,104.49281556563,103.194936577849
106.090071879592,97.875061536844,97.3715167621154,95.1619971729068,105.675755446113,101.413840295362,101.1620290262,98.7012094053005,101.727888594632,93.2586730061568,96.5761807652328,93.4212378493274,100.055449690436,98.0436950940591,97.1880474104,98.8400324696685,89.3645583726272,90.0955823176029,90.7101033426649,95.8018839576554,81.8425664327995,89.4782355605974,0.0,98.4178401511935,102.605567600666,88.3758145819517,94.6434959871044,97.3082185035745,95.9010941329034,93.2320978833036,107.735526339214,107.313263717509,102.252022282833,85.1180344653767,90.382780052461,97.0429524507278,89.8923528959469,104.638794945648,99.6867261500468,95.1858565755878,100.857840375895,99.8940449670636,101.386470347623,101.327532339235,102.268331412329,92.6695802073554,99.1784851858051,99.8109457039219,105.740547366618,109.106036015784,104.801894251612,98.9629141496988,107.72010749288,94.9137072458588,97.5195635178922,107.848794707587,91.7570121511061,103.957583464129,93.0216804903292,103.959822762741,92.1413135151846,97.1170412752503,95.5852596143193,93.6441367695018,94.7725917482688,91.7312167190709,103.569541913624,93.9560008593272,94.7118333303654,91.7662348684314,100.163204966823,98.3257032908759,91.5397649896047,101.909757702776,87.8696537531467,98.0950323763094,94.0697501526834,90.3923409618797,99.8195460697309,100.58585008891,88.8698298832745,93.2784952540568,91.6378663599033,90.6384156779121,91.0221641516467,93.4243299713259,94.3408081041594,95.1922826862045,98.751046433628,102.691890253923,93.3504563095858,108.039366402902,103.265613884133,89.2962392209536,94.4590066346681,101.766166429502,85.4719051911106,94.6565502598458,100.045101079836,110.69738230413
