0,1,2,3,4,5,6,7,8,9,10,11,12,13,14,15,16,17,18,19,20,21,22,23,24,25,26,27,28,29,30,31,32,33,34,35,36,37,38,39,40,41,42,43,44,45,46,47,48,49,50,51,52,53,54,55,56,57,58,59,60,61,62,63,64,65,66,67,68,69,70,71,72,73,74,75,76,77,78,79,80,81,82,83,84,85,86,87,88,89,90,91,92,93,94,95,96,97,98,99
0.0,76.0631989717025,70.381351800135,71.2997537622085,71.96402325594,71.5126417963959,63.2953135761082,77.9269845040141,71.9239316814569,65.3333690376199,66.3122483003602,68.1348130722774,68.0995793645655,70.0071103325022,70.4431296815395,62.9403567536192,69.623470466891,67.832359220749,66.0794362577091,66.7355059572829,64.7352936483722,59.4428504927568,67.5211867922142,66.0279941069135,67.047420639026,68.400043370195,66.1646886147883,71.1165678393143,59.9247082198823,72.0071860161041,68.5332985611457,64.165850521848,62.4287692150762,68.3278031802633,66.046872371366,73.3097378300718,73.3730551286066,65.8109820737037,62.8319419803473,70.7496291415681,64.1200684670155,63.2453984689241,68.354067034197,66.0335042021826,66.2297911123771,68.5166567170825,66.1177017911879,68.0848775364648,67.2689043198104,72.2498291965877,52.7458753610397,72.7499257742504,60.3335944095517,71.0556018819538,71.3665467980124,66.0270309565439,64.5176326311316,77.3974626009114,60.910045026133,71.7403542247452,67.4406962173959,65.0951380411765,75.2494870815817,71.6009376956966,70.1999795818702,67.5799868397323,62.4983012733899,74.7194136008979,62.7073245485412,66.3293581848773,62.0599044471363,58.6062476346383,65.3113213621768,69.101197186389,61.8611396096735,58.566677372498,63.118163446726,61.1953668126806,67.867198928863,62.5546507619492,64.9483692225327,72.198759837381,57.7890857993133,64.7577664726434,67.7148810724294,65.3667771066781,73.6627302624956,69.5750424968574,73.8491269722851,66.2708867636496,69.4075747793731,69.0656760740115,68.3519400104324,74.8461824499892,77.0716914888125,76.2413940817578,66.9831052944228,71.1494353142082,56.5426761605344,73.4163190731967
76.0631989717025,0.0,64.1229323627202,58.7308307655243,53.196682543696,65.1494805031713,69.4851112814081,40.2726505869413,60.7842133879382,73.3130631607753,79.9965384053807,80.4859511516603,65.9397217106691,63.2976405084065,70.8019611618475,62.4872790223457,76.9915166217569,71.2235081881873,75.8889744957779,72.429488682626,59.9336471579339,77.9996838767398,71.5128872467845,78.9084907109008,74.1800849311883,78.6694293972375,71.0005248116165,76.3365126244422,74.8977953321146,78.526492837382,72.1347901888947,70.5152838671231,70.5961894665794,64.7924282191521,75.3492355542492,63.8044378179194,70.6945505654202,66.3186766061362,68.520132095807,72.2881607743446,75.3890640388407,71.7470292539367,71.5221410281332,76.5947840803912,70.6473497314915,70.5730041254848,62.6518347864582,76.2903228241985,71.7835839275687,70.3531443377079,76.0492094576298,58.1187912786029,65.0756893269696,52.1298837998257,63.1907135076351,71.7258470637718,60.9188923312552,59.9683366416624,73.4849033443097,67.1592182088896,66.2630837010912,67.2381440605584,66.8165796185578,60.6154650468407,63.0302434130181,67.0302421198804,76.3777110137843,61.9426698593962,73.8252935190827,72.8254340804097,61.8994896039406,80.0729921733026,77.8264065321486,74.1148642172913,71.0949569268575,73.8518031556711,69.4701091694168,80.4470498148934,66.5467521170228,65.582092140081,76.1764970860793,65.8382263268947,63.6683401830159,68.0185330189884,62.6352459760726,77.6992860780749,63.2465831554253,76.7212091327501,64.9118283075276,73.3026910104356,76.0268408005772,77.780770283752,71.2301450875055,70.6445603850666,82.1588285156018,67.8579792895111,69.2475204320746,69.7853621838376,77.0371724474613,73.7649630249189
70.381351800135,64.1229323627202,0.0,61.3363124222372,61.0381190239296,41.5313376856915,68.706364933055,65.5284309990859,62.4131897003022,72.1019282758331,72.7541701680068,73.2683211350322,71.5144832323662,73.5616056369815,75.9089720551251,59.7868546851947,77.9268030376321,76.9324413946109,71.9348014027038,65.2446713300235,57.2986523925643,71.944092925569,66.8264494480724,77.4811887888646,69.9170034317344,72.4096962865723,67.0221372541696,62.5138777767874,65.1018044998313,64.7704063121011,67.524631745659,64.8955830633257,69.6708500009672,69.8835504312119,73.6700679026326,64.6189641935154,65.8239352295045,70.3074325380062,69.5382115412322,63.4176714640575,66.8675917803717,67.5883273009582,69.2664737447271,64.0697163660124,65.7275679073416,64.5103743358102,73.2372526994298,69.2354335380815,73.181415378665,73.5576680221859,65.6108657132895,40.3468962378073,61.8612854684155,61.3900067632497,50.4182904619725,50.5852734474691,68.517836602229,59.1445169752705,72.0290816285978,69.015735693374,72.8533268912122,68.8515609765799,71.8719448551956,72.3895900800515,67.5336827482281,76.862881801764,72.5725430952028,64.0850497611243,68.6993457304778,70.4729636152269,60.090999129529,68.2516287201665,66.7275092787456,75.8265860518355,66.8957926734279,65.6313871648279,69.4874584453649,65.8684896988495,65.1225313183881,67.5523154530122,71.8285918561191,64.7070979972953,70.1984325406937,60.6935036956577,60.43904323015,70.981976517384,63.4848278757753,62.223840931862,70.7782150898215,69.5905831874714,67.6992800017142,71.4278040476131,68.4178314874075,70.945858609621,68.9359993214123,65.3460959818254,69.2570268074509,69.8389141998788,73.0496856331283,68.4749285024087
71.2997537622085,58.7308307655243,61.3363124222372,0.0,47.6659289739007,62.1553301717391,68.1742197765245,63.6387639393201,69.8251922106306,71.6679205633777,71.973452975292,70.3224326541559,70.4173010407745,68.8763960210307,79.8582014968252,59.5584756523982,73.0911516048616,65.9631976515028,78.605367079746,64.3133430951678,63.3832289998796,79.4813504717618,68.2415724416885,62.1186331170157,71.9067039876882,70.3102491662584,61.7448935354627,69.5435789075346,74.9238424936942,74.1625590388152,67.1381175329976,68.5699101036659,68.8781232659512,59.2451446544683,72.1569649643892,70.6434482995083,61.6951627041174,68.7173378227189,68.8442723135472,71.1218269832245,68.8446050540099,72.7430718041869,66.0976418766909,68.1237689236176,61.7662410909898,72.907005577836,67.6270424124353,64.0096742252138,73.0819698930954,72.1244225659214,72.2962651172815,68.1718752655911,63.9161872856979,44.288569192952,70.1697241406243,68.7678789819491,66.1648074680857,75.4945111194935,67.2993221237935,68.1908503594652,64.5501120649575,63.5410311258416,71.9892066807278,64.5523073553172,67.5445869872693,70.2634847425382,73.8921310521976,64.8845654019804,66.4413431083289,67.4574492999593,67.3813976032321,71.3369571813875,67.39547141859,67.5090091505402,62.4916696957806,67.1057528241351,68.2502470593107,74.4077939772942,64.5463200002762,72.7689074110734,69.6044897131578,63.3192063598963,60.6864458747472,53.118804008288,62.4539133633886,66.8359327215511,62.4628900596087,65.9444629412383,69.667655281895,71.388567484151,69.7170811077531,67.4040159837798,66.065793184813,69.8583257616402,74.3746513618231,70.5310788428408,69.9592196195651,73.1091409916489,75.7915971618901,69.3912974787768
71.96402325594,53.196682543696,61.0381190239296,47.6659289739007,0.0,61.2527743453074,71.9685862188155,50.6300511766716,63.6995900145947,69.8080737062087,72.4813623788938,66.1372476049605,65.7583882594697,57.9024963174805,67.049955515737,63.0595226061346,66.0545191370777,65.6470624089503,74.7491663603578,54.0505926284934,65.148875890421,67.9376051444472,67.7246968389842,65.741368623427,74.9597239358986,66.1010208673414,63.1706510140769,69.9675230770332,70.6540890006719,76.9081891897556,63.9143607251957,65.0279274779789,69.7155695002311,58.3447441790898,69.5853900165247,63.6390701121241,57.557085364707,68.259007734739,62.5370807394784,69.1436901450884,67.6435921358174,64.5911588577304,70.5580264347731,66.059815467072,66.7712548898005,67.9040318391,63.7490200734515,63.5356620730752,70.4215708702964,66.3739244501277,70.9982288654231,61.2809132416644,63.1090949523638,49.2309910838906,60.8346135199861,63.7578133342614,64.0841506168615,63.3853263661831,70.3432706538315,63.3259850352037,63.8393439830674,64.4470130882929,67.0834507105643,58.9304393549128,64.2888204237385,65.6705700946229,74.8354763987055,59.7677366171507,68.3106763116932,64.1419042842514,64.7746619590993,70.4541441312535,63.937717879298,68.4783699269538,56.9130953544045,68.7437347836874,62.2931661748096,70.9845592218278,68.1690698713225,64.1492018725128,65.1058031727452,58.0617279080341,67.9498249443108,54.7146475811244,59.8353519292668,68.6848848859931,54.1478662197662,67.8643003036894,60.9601590405709,67.0359376482432,64.3147571902077,67.6954802556624,63.8391254393813,66.3274995294094,70.701176762386,62.1743855220028,65.6830119914349,65.9192497476007,73.4151448735344,62.3427544805277
71.5126417963959,65.1494805031713,41.5313376856915,62.1553301717391,61.2527743453074,0.0,67.5475716161672,61.2868606384476,51.2673728697936,71.9497905090682,66.6755679645345,69.9659132936705,68.98669044199,63.5309274874053,69.2562911878563,56.2412561416267,75.6577365384737,72.6831714823907,71.4275206842559,63.5616808694736,54.2745705048166,71.4109903845824,68.3519514721072,75.4430767006583,69.0123236427015,66.774012075443,66.426064325973,59.7231958764979,62.4190339989242,66.397472866644,66.4631510035027,62.6374728247021,62.5722545951897,63.9040496568285,71.5664285858017,65.6238939285435,62.5574038210227,66.3571631508083,70.6179115770455,73.6124377869591,63.1912171502018,69.2405251669009,64.9624585691805,60.5806157044878,60.7229595100125,59.1422410181837,61.9673585160582,63.5381973473119,72.0149030910833,65.0530500703719,62.34472902767,52.9221485482398,61.8329956382556,65.8471053358681,50.8607549873035,49.1718079286601,64.6340825329869,56.9717105404102,68.3102254031106,65.6610536410018,69.8437690304136,67.3712896103463,66.3878845469482,68.5957600230057,67.5206584591903,70.9188958551806,68.4741948398095,62.2004538479806,68.7374877026658,70.2625768341879,57.2185929007527,71.1555682069914,65.0480049791452,76.0058616039325,61.3077561485544,63.6579623186989,67.2569289458551,65.6572664743774,67.5642194084613,66.4712698754649,72.2499322716687,67.0542606628384,67.9540982285645,62.4831779849898,62.0250643175085,66.6483374311491,65.7857853065988,66.3676356330995,62.6954197412344,69.4306573220681,66.9815747314968,69.6771096635723,69.8265516982498,71.5496053965928,64.7522227225978,56.599139778297,66.3247300878703,65.6152871841601,70.978383322524,62.4763656737381
63.2953135761082,69.4851112814081,68.706364933055,68.1742197765245,71.9685862188155,67.5475716161672,0.0,67.0323644974814,69.3886030701421,74.079401564948,75.2962046383525,71.2651834345385,71.3292373982156,72.5222561299424,69.9425173070619,50.9197461956395,69.5947752069681,56.4689710887053,68.0797379163877,58.2197529718875,67.8108447201405,64.0050553511818,68.3342155390499,71.7932653995508,69.1163524024358,61.9350573712697,68.967448597642,73.6901284777531,71.1131742455832,74.5663168353614,73.3716853518409,70.4987636885904,71.5738215516178,68.5516644701839,71.448946754818,71.4349750961908,68.1573006215661,69.1647118692912,75.9116474407882,74.9689505874922,63.7416349808412,64.7763113702104,67.774321578721,68.7042944280218,59.9393869617411,68.4996931817833,67.6607048044682,69.0440991664646,64.737780614373,69.3328113568784,67.2877613156016,65.0221853757687,64.4714008024752,72.2422246262079,65.0565392313428,67.82943381323,59.0067926300744,66.2399667484594,69.0253977080501,66.4919925015376,67.8549825419989,72.0150815118835,69.0662431977145,65.8349168787148,67.9076020124628,75.3953505967187,57.9217511425919,70.0473117340515,69.6379346552938,64.5086700678005,64.7040013437457,60.9330425092547,65.2502372936951,74.4910551383179,64.380026786305,72.0251059910455,76.1317319119294,71.7192048210795,69.4566084135356,70.1002360758611,75.5731940183326,74.9897678191287,67.7903526685388,73.5385000010898,64.2691100411573,67.8394221152491,71.2990036934701,70.6166390434925,73.5729513218244,68.9074928582097,74.8060061976606,74.1757700446955,77.1254568192112,68.3807129171252,73.597059071473,75.7366933309372,69.6983996255617,73.5176850299688,58.7049401704113,67.8116512710088
77.9269845040141,40.2726505869413,65.5284309990859,63.6387639393201,50.6300511766716,61.2868606384476,67.0323644974814,0.0,65.1837272708673,72.7298181173713,77.5140209149998,70.8545850378462,66.2264128737302,62.0313368074463,69.1913442675783,61.4586797127294,71.5120335460909,63.8684548891461,70.0615377388788,57.3232590833838,61.9072119732203,74.7695376853264,72.6281731623403,72.2094965343458,69.254891506407,70.6759154765796,68.8175485207892,70.0349905669752,72.2988495193643,71.1688528383803,72.1377262932731,71.2322171638143,67.586221949248,63.2324875378015,68.5717976339277,58.8249457721455,59.1735314608436,67.1416440072869,68.4108951508685,74.5124681571047,68.4584519064609,71.7640769293203,69.4649497161393,63.6446337009071,67.1062430878673,69.8563347211894,69.7940148977419,68.8212014744909,70.3678635610008,67.2920024522384,74.1345466608353,53.3866960993362,64.8063674254217,51.8969553502456,60.738833329411,70.6529977954355,58.8855558615274,54.5552312474363,68.4511581702579,63.3409142202322,63.4640919395064,67.0511599803991,62.0314766919587,60.4649244820357,61.2119290783187,70.0823265171713,77.2481476035884,63.3119242859156,68.82864309122,65.15044174086,63.2607041656414,74.196956160468,68.6035442344237,73.510395864605,68.0398816707018,73.9393773656224,64.3399355360589,74.3377264506605,68.0919470993756,64.0383341996464,75.0080219689601,64.6450721267432,61.1748801122907,66.8447096664498,65.7283325735667,70.4355963442742,58.2275684658287,71.0317083325061,65.9124117212542,72.184035531998,70.9134164049478,68.0005699788507,71.6808548169406,62.1259849483137,70.7858681305223,61.8444306897279,65.9716388094862,67.3998475141715,72.4094365899197,67.7388347684055
71.9239316814569,60.7842133879382,62.4131897003022,69.8251922106306,63.6995900145947,51.2673728697936,69.3886030701421,65.1837272708673,0.0,72.3602419477124,70.474318828125,74.2879321692644,69.0460475026386,64.8605023787722,67.8459150226043,63.6538570537003,75.9602621643731,76.0389356839714,70.9935585563418,73.3984444953111,57.8783936821949,78.3867414667849,74.184958819467,80.6862226191972,63.649162071806,73.2081832297496,70.4844281733375,69.68052139885,69.4445673795186,72.5362850978385,75.8381014087579,62.7855630318677,68.4006060173219,69.1623460378589,73.6847955263632,62.442939457272,60.037674497175,68.3419747949438,69.8658488836657,70.2145874461557,67.4705400615892,69.2409949566416,62.9587208621708,64.9868646001213,60.6735325909455,65.1500137196292,67.4674842100551,71.9724383394931,75.3789987661734,72.005360359838,65.3209903335471,58.9737059162634,74.3294786307073,65.9363701195472,54.341991472308,60.2171748729058,70.8630801161787,44.3880441813907,71.5685675958205,62.1784600048191,72.1972885081007,73.1183327954968,71.0649237128249,67.8548822258512,64.6162437712856,66.4471216909727,73.598804325672,70.8099619660793,67.9607360112872,71.2777602220109,57.9269531724726,74.5255046344146,72.5726743998205,74.3246232134421,70.4994481112153,68.2676820171112,65.4230326128331,73.1208929137922,74.7338233106302,65.3393389063197,78.5646378235886,76.9514507200469,66.9408639812147,69.6209950063119,67.552051467521,75.5508968299653,61.8899696541995,71.6193030227404,62.8770655968732,65.9265420877935,73.1160447691613,69.3376795177775,69.1343982612176,67.11303209482,71.5589245284002,60.9873341222986,64.7755763882288,71.5111823085034,71.7255556861943,64.6546497201227
65.3333690376199,73.3130631607753,72.1019282758331,71.6679205633777,69.8080737062087,71.9497905090682,74.079401564948,72.7298181173713,72.3602419477124,0.0,59.9564890093568,57.2833416182116,57.0177210676972,68.6206777558526,68.3759335556545,71.7110394845813,72.833161910978,76.154647416778,68.3085127125315,66.7927575893519,70.9997876475087,70.6551921442832,67.2248268519522,64.5362661132583,64.3091819786023,69.5597891509314,62.6355114907059,68.3670689154738,61.960694963621,72.0611157301989,60.060257170053,66.8029729679273,72.5048403077676,70.6665645205104,70.3916898480294,75.0271590111464,73.7217327694326,72.5155314419276,64.6146307177067,63.5664655876412,69.9023518422292,75.9129195521657,68.4788286616783,64.3021633153447,62.2823992204131,66.9751259206173,76.3183418042785,74.9014653459034,72.0360630727311,75.4449216018349,66.3839794064961,70.9271182680204,66.7463787071957,69.0235660396273,75.922594735312,70.216886319716,69.8838259696471,67.8563647795565,42.8110181013156,57.6363935793145,50.3488184791471,54.5796349568419,61.5324094175916,70.9905606647423,71.90882751024,70.628692209576,71.2643970786481,74.2488016227241,66.0492075422315,72.2814058207119,68.759766727855,71.808417726565,71.75510675699,59.151283738056,60.1889179439145,64.8873169414525,68.0031673146155,65.5210288949728,70.4712712780152,68.0987181194921,68.9591591192815,67.6891341851638,60.0090353562707,66.6611326119654,62.2264781714849,69.4067732647062,71.754923185378,66.2311522073583,69.6757733858608,73.7110998268993,69.1868166407926,67.5394453091374,64.2637594259823,70.5359660182103,71.6866115284117,68.0433117536795,66.595949816209,74.973913086977,67.4839283258485,75.0052151870512
66.3122483003602,79.9965384053807,72.7541701680068,71.973452975292,72.4813623788938,66.6755679645345,75.2962046383525,77.5140209149998,70.474318828125,59.9564890093568,0.0,56.7071020172487,68.9815447674158,72.6866158700851,66.4811808798759,74.8288429140211,77.7996294688195,74.7752513279627,76.1784745112654,73.2564386145767,70.4405068239495,73.6669272548738,68.0695039553599,71.4188645254493,71.4095922991718,61.0098277781108,58.9454492527349,68.1235337177511,64.6983292240343,70.4518529114857,65.2872344675779,67.9340094652157,74.2291633503073,69.2581870369278,73.8880990475609,70.3090008497744,75.1235812499444,73.6315036843518,71.7821074408158,71.7653959245175,68.7036538993607,67.1139015712387,62.8948885662867,70.0624898495201,68.75365985966,66.3887540458496,68.593027691244,69.2890257121272,70.5264579359713,66.7873694015106,66.5709404234547,71.4045779615285,74.0921609488682,74.8512326827385,73.9418986006128,71.1605987421538,71.3909614514598,70.5348093489985,61.6796374646558,56.0844460755351,57.8607290788305,70.6515169813137,66.4627471831334,73.9426442855041,71.1245504795232,63.0086254666539,74.1963103981157,72.5541761837509,69.9497657111616,75.8784991633766,68.9118178079419,72.5153375652781,67.230250306435,71.6334523504582,65.3042046654413,65.5694033345619,68.5800350590798,64.5581234414664,69.2831411986102,72.3313881943178,75.3242052252777,66.5482047226014,65.6959907579493,66.7892337089256,74.9039059726193,70.6858330939564,72.5615685759489,62.1257384044135,72.8911714298212,70.4226571084495,68.498387355174,69.6066353789827,68.5868282563645,70.738253670075,68.7792413345434,76.8635565369983,68.4958534347144,69.8759038271272,67.3237571432438,71.3973270535264
68.1348130722774,80.4859511516603,73.2683211350322,70.3224326541559,66.1372476049605,69.9659132936705,71.2651834345385,70.8545850378462,74.2879321692644,57.2833416182116,56.7071020172487,0.0,71.7938326755,71.7980570928676,65.5268885934485,62.8466887797005,72.9348194080735,68.4857871132737,72.4006614285414,69.3479534804109,73.7565306863881,75.9537147921065,78.5116703222322,50.0876458297292,74.3758491975824,61.7440739191299,59.9624786686323,71.9233300115827,62.9024906711273,75.7039496511463,62.9522911388393,64.7661480963076,76.7853886365802,68.0490203638603,67.1615957272893,66.5483398921273,73.0283427613416,77.6441101607524,62.5696908568834,73.925177671076,69.1798269078529,77.4793572150612,69.1593488560471,76.3914497029621,69.0234912595825,70.7755400045895,65.697485852667,68.8587943876463,77.3905145014082,71.2244343442707,67.5479460145893,69.3325757511775,70.3582292533033,69.8796101344993,68.3273482740419,75.7215520126668,71.3602156149947,74.0198336871182,70.3466591344364,58.7671534058098,39.7282740559208,69.7324632644802,65.4513162858214,73.3780727258171,75.4672395737184,67.1958356491224,71.8307359809147,73.3929635091948,74.3695018813228,65.397730394552,70.2460690321156,73.5200314504531,62.6777789189109,71.1051140300574,59.6881317099743,54.6818692044403,61.5302308418102,64.7430107528438,71.0974797322132,71.9148431662611,71.6664259269541,71.3920253172315,70.0894260610339,68.1564352962295,70.7810664654578,76.1284397584673,74.1723488869425,73.213764489143,72.159320689647,73.1169598664881,71.2266422300934,68.6280811749028,67.750180580265,73.3476527375689,73.3163651328621,70.5664420547054,70.5686941002068,73.6978995990472,73.1238056663514,75.7480366268615
68.0995793645655,65.9397217106691,71.5144832323662,70.4173010407745,65.7583882594697,68.98669044199,71.3292373982156,66.2264128737302,69.0460475026386,57.0177210676972,68.9815447674158,71.7938326755,0.0,49.6674822515377,56.9353145458853,66.1239231026766,70.2971102390586,65.1822101517212,68.8871030478575,60.5649919500797,65.0023827082332,67.8446776069538,64.2970446498046,66.1799209730767,76.1237366267882,63.2526717586852,71.5081096021261,62.6179929899211,71.4165478904916,77.9449187454266,68.2174578507608,60.5345162638388,73.1270711852201,63.8575581754236,67.422143839086,69.670954636337,67.5101361580392,64.2936478474777,61.2823723889339,61.0421815829027,69.3904034882884,71.7589373641865,71.176804416136,65.6230969566485,60.3441729350446,70.5327402915381,68.2232154155008,60.8559701034718,69.8259664616886,67.7508858810484,63.2088100658712,69.1526746412078,60.6155978273625,67.9224200151717,73.7577803621918,66.3775387699229,64.9493203414704,73.6333385205657,62.1830781449696,63.7785357581224,62.663670361979,32.6245677352635,55.1878857069912,51.6063496818555,56.021110007683,56.7680846418991,73.6437508201341,62.0427249372212,63.1714424821626,68.4608418970643,61.8931564580965,68.4640544948351,64.0222911947659,58.3143133238757,62.6665554304126,70.4046267927496,68.8623166916553,66.8410037671046,71.5285992889725,65.3262716435344,62.6904936544005,62.5792479806144,60.4494303329052,60.8223061839687,66.1142443308593,66.1495034100815,64.3621220288196,61.6042086935501,66.7339338929493,66.5705245204508,64.446380334628,64.7075819172135,62.9774174302364,68.9816414122929,74.8582994291854,59.7762070928156,65.6870431340598,72.2534110320591,69.7678580292161,64.1131078685811
70.0071103325022,63.2976405084065,73.5616056369815,68.8763960210307,57.9024963174805,63.5309274874053,72.5222561299424,62.0313368074463,64.8605023787722,68.6206777558526,72.6866158700851,71.7980570928676,49.6674822515377,0.0,52.7453201841436,64.5448676654755,73.2800318087926,66.7475772562936,69.3721844083925,56.1637218474657,62.511260402669,72.0930377497668,71.3483620937557,71.1604718455917,73.5116130790367,61.3295020854879,67.4077072391138,72.8180019736068,76.8170837263127,77.1273654124715,67.5199311227244,65.448096576607,68.8617391233486,58.8781296526057,71.3689651351393,71.5584455512434,67.5848212984065,57.3458999046896,66.2606228675286,67.2038791193535,70.1209512034799,76.2450106275756,66.7589575333025,70.8969400116353,69.2897728690025,68.4989149346845,62.1562272076175,57.147633639067,73.6799064991291,68.5325868293267,69.2227500372831,69.1937297366155,63.2364332703756,59.2578052226606,64.6801742134218,73.7629495765296,71.9418669092764,68.556454007391,69.6602913551013,65.4880681468614,70.7552127109275,56.979598026889,56.8699894954201,28.0658074992027,37.0829664771181,39.8712674242931,79.2192188352368,61.6629652379336,64.4112177772852,65.8594639741718,64.4387702656616,73.77284683822,65.7038969029572,63.1070612684865,60.86109658156,69.8249346685476,66.1956689622027,72.2943127931573,75.458228067784,62.4820743389676,67.6008789293701,67.6047308249043,68.372735337858,60.3441884274351,68.1863984083252,69.6441643138185,67.8492905899844,66.6778463046508,70.4587215203659,67.1752023875924,71.6738702947002,70.9723042918863,58.8210019493414,68.1820127043678,72.662783262226,63.294862126174,66.0657037179804,70.9954872031537,77.7368195306527,68.8705528721174
70.4431296815395,70.8019611618475,75.9089720551251,79.8582014968252,67.049955515737,69.2562911878563,69.9425173070619,69.1913442675783,67.8459150226043,68.3759335556545,66.4811808798759,65.5268885934485,56.9353145458853,52.7453201841436,0.0,67.0085406776458,69.9288225286335,67.60408559297,67.0660684633981,72.0769965154158,66.1126709127315,75.3243105515463,72.5490221862733,73.8404866120826,79.3415002194716,70.8816706127977,68.5278419543514,69.8767860322144,64.2794668456319,78.8020998772085,78.2449864952019,66.1333251919456,74.1221599077109,66.9792190586935,73.2744671002504,73.2685423062216,69.8569572253804,59.9540149556829,69.9011847095881,65.4571468405139,68.2702622739623,71.1526897247045,67.486466133062,68.1660489438312,73.3481202411643,64.057610666701,69.4549079876223,69.0317489611288,68.0217638735526,64.1620127043232,73.2050277670002,68.5834841474442,69.6397879197338,73.2952274838152,71.2757216512816,72.2544442868058,68.5492676073738,64.5838983304436,70.8147033084701,59.4990514468422,61.5023362002321,65.7531336335641,53.3193350953264,57.2998235696157,57.746281839526,36.7970057901223,74.3480653927725,66.0801861638921,68.9280056226979,64.8131820182503,62.6220195004759,72.2304674338636,68.2026598282049,62.894334596995,64.5062043683229,71.4482382881309,69.3032763843186,70.4431241442046,75.8688604812824,65.731409712385,76.7703454607385,69.3460108474426,71.7361719127117,64.243918592757,76.1626340991564,68.0240793543378,68.3937128353627,68.5128447349752,66.4878970401102,68.9178416611466,74.8497368998889,75.0098459832101,59.0386982968551,72.399655527015,75.1810972924438,63.4586971983152,70.3875249330095,66.6401990328236,70.2169583195501,67.5379016548731
62.9403567536192,62.4872790223457,59.7868546851947,59.5584756523982,63.0595226061346,56.2412561416267,50.9197461956395,61.4586797127294,63.6538570537003,71.7110394845813,74.8288429140211,62.8466887797005,66.1239231026766,64.5448676654755,67.0085406776458,0.0,70.1536239417927,56.9009711242481,67.9997008348515,54.4084075806546,57.0794379380367,64.7064051695122,73.7815257729431,63.2282236255837,71.4164297614907,65.161885389035,72.5924337126087,68.6065667368848,68.2547375094576,73.8791377478799,70.8369085915138,60.5777620919062,63.8069196562178,66.3193759804433,72.3928194039898,66.6370887377481,72.2806404763266,68.281430764473,67.565152586142,70.580400694808,66.2849233938651,66.2958965956872,67.9734366240353,70.239578196336,61.0542738886038,65.7062846976395,64.985027285103,61.4675196096851,72.2719967492544,68.5539908501958,68.528572070513,60.7308977345633,51.1491115672921,58.3237208229155,60.6498970900275,68.9860863093901,57.5912262629029,64.8105338350536,73.5072808884009,69.7155380194473,66.899372007986,66.802171732148,68.6052434252007,67.9889836472935,66.6141663008989,67.190691628995,69.9734224309614,64.6900100689697,63.5377661919436,61.7591209447944,54.2028423176369,62.4698922624844,68.0152420736108,70.2153847919441,57.7639371070544,68.5341458084639,71.0691999458548,71.0332771535239,66.5480768893825,65.7760367379675,73.7876238865357,66.4807229104213,60.8594535835124,65.4201605283203,63.823568016914,69.1620198504737,71.6613803012723,67.0479426727863,68.1394893984163,67.116162984328,70.866411394,69.6661079992776,67.0443938278274,69.7195923086989,71.8804808737682,65.7543869572969,64.6549004471826,70.0096139068024,68.2761327911392,65.6546152005092
69.623470466891,76.9915166217569,77.9268030376321,73.0911516048616,66.0545191370777,75.6577365384737,69.5947752069681,71.5120335460909,75.9602621643731,72.833161910978,77.7996294688195,72.9348194080735,70.2971102390586,73.2800318087926,69.9288225286335,70.1536239417927,0.0,70.4146934660453,48.0042979979322,69.2872124528445,67.9220403918975,56.6803561803975,71.1341041868409,69.2789748332282,79.4727123778922,72.1952540286661,72.9269828715429,68.23088790446,65.6924037865334,78.5808408708366,77.8163632866876,71.5561833876753,78.5175422303566,67.1603075548658,74.6732616885081,69.1535297524423,72.5931752224484,62.3117424617855,70.4990728093072,73.4474825997651,67.8663669473074,69.6699885542408,72.4725434343932,69.9001914389399,71.6441332363672,74.5212370841039,74.606848283825,71.710590594492,69.7552645924505,58.5186078796059,73.2931558461072,79.6434981294836,66.7128300496966,71.5921763707773,75.5498168002438,73.3017378809936,71.1715155216875,82.7017425624442,73.09890820583,70.8060846656786,72.0419215095296,71.8031006849109,66.8879750804628,75.6341082260546,74.0900687511495,72.1412071090005,73.6734967026579,56.5729454016905,63.1446271674034,66.8732528657281,63.7980202571168,67.9185034578911,63.7578281539105,73.5499413991069,66.52383574719,72.0595933727607,71.6681724706161,68.533865137945,78.5370254015212,70.4802076817811,64.3748704394407,72.2968601093661,72.8581555287453,72.8143521606759,74.1645277015467,66.1697273552678,71.3015882894276,73.7379457175878,72.7014413972963,71.689755931481,67.883738361555,74.0429649767377,70.3922368740307,77.1616998242107,66.3229012445828,72.6537010973676,74.221807477236,65.1930291103054,69.509300716822,65.6092592095914
67.832359220749,71.2235081881873,76.9324413946109,65.9631976515028,65.6470624089503,72.6831714823907,56.4689710887053,63.8684548891461,76.0389356839714,76.154647416778,74.7752513279627,68.4857871132737,65.1822101517212,66.7475772562936,67.60408559297,56.9009711242481,70.4146934660453,0.0,63.9286487643631,61.3757578601533,70.9542154458169,58.0228823006083,64.5360694858118,67.4709415541226,76.9274968466247,65.5156785082562,65.1329280610253,76.0686822041233,81.6821159893482,84.2944073419846,71.4845645580623,67.5516435044058,77.0684271958982,63.8785186326021,71.4106578841267,70.0348418839154,72.6392033620585,72.4136487461525,68.4485980378229,74.6150888518802,73.1178406812563,72.7773571372465,71.1481394747454,79.3613913573469,70.141124153756,70.1439782564828,62.6657366090749,72.9513519063556,78.5787457296887,67.6228108890155,73.4064634929284,71.1785590830367,59.8393872698281,67.5026748799005,68.4929613539597,76.4140759361381,54.8682356215176,71.8647823833075,78.7324585664,69.7999425678755,66.0940964517024,59.370809187061,65.0933173363223,66.8615673142547,69.5051030031622,63.7285813429593,72.4499531379232,64.084087737222,71.5612264443077,32.4744329707773,71.6274923941906,70.5350252180611,66.9052893560629,67.7697633047624,55.4112683444682,64.6596321711226,67.5645733423054,68.5323986012576,71.3177863189944,70.8285216904404,72.4487734570446,69.9646259219738,75.3202583678099,70.8847931835467,72.6386024907534,71.3111236641084,70.7163222980882,70.1596964633494,70.0629220243467,64.2176540100173,70.0838004271411,75.5709817174181,64.0952476499011,67.7602679608421,72.0806467856461,69.4508704063156,61.8670699294239,66.3037916756033,73.524255926347,68.1102047701005
66.0794362577091,75.8889744957779,71.9348014027038,78.605367079746,74.7491663603578,71.4275206842559,68.0797379163877,70.0615377388788,70.9935585563418,68.3085127125315,76.1784745112654,72.4006614285414,68.8871030478575,69.3721844083925,67.0660684633981,67.9997008348515,48.0042979979322,63.9286487643631,0.0,67.7644534986949,67.2900601635468,58.9170085015397,73.2595676340956,71.7708748201316,70.0088088988976,70.5709209291437,72.1307148461709,71.2922200503713,73.9740260124285,78.076740379617,73.0508120146479,68.376401158533,68.3273804590298,65.0629087483529,69.7988263110456,64.6701413661986,66.3082474716307,63.9007885085611,71.0929125663132,69.7015242004374,64.9267728891543,71.0515292810047,67.7889868112022,68.1198773943803,69.0082848473288,71.6007367026028,70.4944990784143,72.8437293490425,74.4362236809114,68.8609279449278,73.2462687601434,70.1690633663164,68.0844627610744,72.1624591345044,72.0843375310069,71.7346426857802,71.0830276227194,76.9795393150499,68.7599909092915,71.9870366653523,67.3760116333279,65.4444241248444,72.6907764053411,68.8420024009078,74.4152926304453,67.0078307444629,75.9414837600924,60.9637068545302,62.716038586162,57.9312380989577,67.8814826217339,68.1005572063869,68.0671787344407,66.0891280519246,66.5865780038969,67.3994206290952,67.1921201802594,69.1254522410993,75.6432937282608,62.9834708533028,70.7329676925581,71.5589075899073,68.0271626168195,67.9526020675692,75.3475546918343,69.0728103845473,70.7911047424826,74.0566963636189,68.1332114240048,65.5938318547541,70.1440282720609,66.6666175561278,70.8056835470576,71.2592675444427,67.6978660059975,68.9280853578642,74.4135734686709,72.1880372711551,71.3761516144058,67.2823934366516
66.7355059572829,72.429488682626,65.2446713300235,64.3133430951678,54.0505926284934,63.5616808694736,58.2197529718875,57.3232590833838,73.3984444953111,66.7927575893519,73.2564386145767,69.3479534804109,60.5649919500797,56.1637218474657,72.0769965154158,54.4084075806546,69.2872124528445,61.3757578601533,67.7644534986949,0.0,67.6502877064567,64.7012139224372,66.9460632118348,67.0977304728124,67.5998350359468,63.4914779550471,64.7277904049351,64.7174394307025,70.8804554347858,69.640260352816,67.8320235597946,71.0697291246698,70.905530640106,59.4619680810011,69.1172504001184,66.4136892951862,61.9371362759363,66.3653795275796,66.1690178813063,65.8356159168407,62.8751852059892,69.8567511044275,70.1716343670014,62.9541214119768,67.5635860466545,70.6086621031908,70.7216015393779,68.4367665847041,73.3157821589711,67.8981637077772,65.1311150671267,62.7537654771769,58.88450218825,63.6431269466655,67.4796389509745,66.3946035967668,63.2069126781291,74.1133329174519,70.9330649775507,62.2297700844528,67.092959119803,62.581121700051,68.1046282316464,53.9256693951559,60.5523708348018,67.5019082980506,67.8451872362692,63.4259185357282,60.7775222048145,61.6620008883492,65.0927098705434,67.7268682105075,65.1643611034378,70.6031762073211,63.9508579031988,66.561737607685,67.7170590793716,69.3299711723901,65.766874884642,64.2792549179616,67.9210703023291,57.0895795322447,66.961752627263,60.0481867857454,66.5038343175957,63.4164633525591,57.9866177267288,66.5960017651149,63.5614127207594,64.9315327649436,67.8895446079731,68.0898506453942,67.1908425131712,70.4396657324036,71.1508787465223,64.4190051447925,66.0349649210544,67.6335575924327,71.4636503341873,71.1766100562964
64.7352936483722,59.9336471579339,57.2986523925643,63.3832289998796,65.148875890421,54.2745705048166,67.8108447201405,61.9072119732203,57.8783936821949,70.9997876475087,70.4405068239495,73.7565306863881,65.0023827082332,62.511260402669,66.1126709127315,57.0794379380367,67.9220403918975,70.9542154458169,67.2900601635468,67.6502877064567,0.0,70.3926597892712,58.2463176948302,73.8482899204222,68.1852233547657,70.7015679954211,67.1076150284326,69.9728918678873,65.6260346848607,70.8897754384746,71.9506871679995,62.8639333102124,60.7674444035286,57.7063266800575,72.0204978818435,60.9273165999801,63.7494883871311,65.6539124996076,66.2879406631349,66.4486948143835,64.993260136112,65.7971573129266,61.2052973788664,70.7957279691048,64.5090924287997,68.5114600016988,59.5142627258008,64.5493996325998,67.4430720437314,64.1047168131849,64.1747358829175,56.9282541894741,67.4727555193167,63.4851199285695,58.522968613167,56.2860832504326,68.9893165699835,55.7047045203675,69.407173149622,69.8988157416243,70.336180029746,68.0299051914721,73.5870132200257,63.3194931594144,63.2927533924974,66.0820600690503,72.6367927999945,60.5756731519583,62.6607332235843,68.561933937024,48.1061249825722,71.9119924072559,67.9561548093751,72.0421840024003,62.6480706464058,69.0272453954456,69.7808486329431,69.3532168089378,64.2201055592239,68.2243363599462,68.4024730024752,68.9204646576989,65.4432251015724,62.92352668973,71.7875609432753,66.9179386108252,66.8881479769364,71.9144235042942,65.2663194013483,76.473708777958,72.4051257961496,66.6703072741312,69.1669905509219,69.6853637559708,69.4270242290492,70.3356567174343,71.1614094557969,67.0938581601042,72.200929969318,67.9799809288375
59.4428504927568,77.9996838767398,71.944092925569,79.4813504717618,67.9376051444472,71.4109903845824,64.0050553511818,74.7695376853264,78.3867414667849,70.6551921442832,73.6669272548738,75.9537147921065,67.8446776069538,72.0930377497668,75.3243105515463,64.7064051695122,56.6803561803975,58.0228823006083,58.9170085015397,64.7012139224372,70.3926597892712,0.0,60.8485512386072,66.5800652962847,71.39684419689,70.5592303692047,71.2798744750966,71.0185289584327,67.9755425895045,76.2161918183086,70.7136192577096,73.756383001962,78.9292966041829,66.2637033469897,67.1089119951742,71.861824342117,76.2837027378037,67.7126117168093,73.12171810048,69.5761139862141,68.061410630657,68.9775412560377,73.4829258998055,69.7330666750911,73.0588629814804,75.6445256451451,73.7576534840967,69.2657434615344,68.351488641333,69.5619689898785,67.8371846056401,75.2158584375347,59.8834007404429,72.4293078875336,75.4407377750163,69.9161752517324,68.6601763447236,81.3063621937735,72.3124318370803,73.5577497677869,71.4206363206493,69.8120519769175,73.7874972866581,71.7124252156924,76.1134311623186,73.5025608095232,63.7206472116294,69.5011972001326,67.1817201302922,62.7977977614785,71.3985217068804,63.2787469274312,62.1524571110445,72.4270086776165,63.8036747362267,62.6577121187861,72.1462440318337,71.0076941078342,74.6522994076996,69.188159527819,67.1343412893465,64.5901568079491,75.0560698303452,70.4274766257766,63.8079172457641,64.0854407061756,75.6671490397539,73.6147563120724,74.8335250877718,69.0570068223512,66.807349774438,72.6688058790932,69.4569511410332,73.713076159823,67.6700331094396,74.8072246690128,72.303281275375,66.0451052885291,64.7552529842508,66.1532320896854
67.5211867922142,71.5128872467845,66.8264494480724,68.2415724416885,67.7246968389842,68.3519514721072,68.3342155390499,72.6281731623403,74.184958819467,67.2248268519522,68.0695039553599,78.5116703222322,64.2970446498046,71.3483620937557,72.5490221862733,73.7815257729431,71.1341041868409,64.5360694858118,73.2595676340956,66.9460632118348,58.2463176948302,60.8485512386072,0.0,72.6884005639956,71.4593666277534,65.9086325045648,61.9509798690585,66.1270431119092,67.3452925880748,67.457328014857,68.9579764706891,66.9407161969496,73.8005816718133,70.0881913121686,74.5400716458328,76.5639768391057,71.5673373630272,66.7136210859753,70.5091443345342,71.6321324236372,64.4012247144869,64.6572459153671,68.7251505148831,72.7005996796291,71.5102979923917,67.8567777222912,67.8786354232921,60.3358919167543,64.8579687275445,75.5487547683704,69.5590809567614,65.8443108627058,66.1513849413642,68.3044175668847,64.4247897703153,61.0907000630928,70.2616558356969,72.654443647143,65.190903981601,67.2538332581482,69.5801634108514,63.7716149963742,68.6796478559977,71.2637927541427,69.7902092186679,71.3580240137085,66.3315938556374,66.053168607968,61.5809013008181,69.5200184166892,73.8956423986578,66.7681592495712,56.5491888887224,66.8183416403411,69.3268252096512,66.2920335621563,70.8456084663979,66.094427319725,64.8769321543316,70.7173607213226,69.389393929529,66.2433257231477,71.438283785761,65.0311418167782,65.324145703469,73.2653836020434,69.0991674748542,68.0318644923637,67.1740283478359,74.6622605716996,73.3845196014508,65.626291761264,68.9990968284228,71.4806762955065,73.8641936550687,75.2947310883189,62.0038760241202,69.8897442499077,69.640877363919,71.7066787964162
