0,1,2,3,4,5,6,7,8,9,10,11,12,13,14,15,16,17,18,19,20,21,22,23,24,25,26,27,28,29,30,31,32,33,34,35,36,37,38,39,40,41,42,43,44,45,46,47,48,49,50,51,52,53,54,55,56,57,58,59,60,61,62,63,64,65,66,67,68,69,70,71,72,73,74,75,76,77,78,79,80,81,82,83,84,85,86,87,88,89,90,91,92,93,94,95,96,97,98,99
0.0,96.0950985526146,92.0120830333304,88.2474849655366,95.2884355718431,93.2085312062962,96.0589534582497,99.6288412031041,95.8366334049755,88.6124417547454,97.5010524108906,98.9854023997859,96.8236974771117,98.6575592235083,91.3718742231382,89.0254891933765,106.581780348634,97.0811903250281,101.653774976926,98.7898147752634,100.176698074396,95.6459324616121,91.8281141764644,97.7690315498652,96.3023541858663,93.2126110334902,94.796705800354,91.6467087071015,96.8319055480776,99.9509508729947,99.9621864203899,80.5878337673731,94.8907246606023,96.6339081368347,90.9716102018286,96.6197120444084,96.2438810280771,93.6797813185392,97.1968692145196,99.5752013622016,96.3873004230864,92.974816980692,103.748044157453,91.8131846847764,95.1653387848574,101.724695881409,99.9419576191094,95.5100651420222,92.8532945625366,103.078148962516,82.2126125523024,93.24940258645,82.0951446284574,81.1675442629675,91.9498548590039,90.4228357591392,97.9404693117906,101.042613140949,86.5828045291188,93.0973400465369,94.1867775797622,95.5318178504294,96.4061335042746,100.847434452773,102.882137337521,92.7494553819249,93.664465047623,101.493752949381,100.896356887139,97.2697762885247,94.3748439358801,93.9538629795278,98.9725771001759,97.9809009941806,101.430908620013,96.5353121261997,94.7321297274697,93.9304409954837,93.4738502528189,93.8713248409533,91.3903268260729,89.4131294382173,92.7664757469782,100.833209917445,97.7963222448086,98.2943657443029,92.7489928212489,93.7934264574678,96.8563393657944,96.9960368996792,83.1489573183624,89.3392927248352,89.3497599276936,90.5224981357038,96.8515209173985,90.5490389268028,96.9562072275032,93.5413952984221,95.9505474162168,95.8308945612802
96.0950985526146,0.0,75.1073592008564,89.7379924587208,93.7307538322453,89.7507187253021,102.316001044422,84.7203879175056,96.1340221867096,96.1643686172648,92.3060351459519,82.4573207970983,86.9267276282029,88.3280837001413,78.863916368675,78.2121119917789,104.816033519795,77.4777260324986,101.847594447185,95.7640143017569,87.7531157579063,93.8763989145098,90.9672652728735,99.5259921813983,102.824708316626,97.3599465081242,97.4298417516439,91.6373170643898,100.543882681833,84.463862672403,89.2417264120221,86.9075477103412,93.9266521563027,94.701457833308,94.8560327652207,99.2556152877685,99.5549910654135,86.4593568386983,89.3810677610735,93.423755573393,100.348258660963,100.957081021389,96.669853870738,104.313023830764,102.314314169537,100.734268254106,93.4000951973582,105.259495970903,90.4356444743212,95.6760291112929,102.848804535381,71.8726152735553,86.8089194364509,90.9518045969437,82.7957870143943,89.4211833950661,91.2021771997607,90.6199906589119,97.6967076552293,93.1444877671252,80.6407681541885,85.2549519735084,84.9076549596469,94.7162763060674,105.926449318458,81.3202023307216,100.182647586664,93.9239149085679,104.220600689738,75.0719114824446,94.1897101878783,98.5458366285736,96.6564980814257,105.076631790222,103.739089536989,97.0082463249045,95.4082880171915,97.2975831324465,98.4715977817826,101.108062773748,92.6216538300228,98.3633780416909,98.3036948380726,99.2387761310703,98.445084887472,90.9125543972479,101.072023114351,99.3165721725923,91.5541984594332,93.6475275024442,100.501138527934,99.1624316090472,99.7809989756969,103.800032165437,99.6948185892287,97.2470854415397,96.0029784914601,94.2004122654273,96.0636890894714,94.9471664535563
92.0120830333304,75.1073592008564,0.0,95.5081969004947,97.7712196648745,88.0344500592325,97.2437928529458,84.2693173233419,80.0060288185717,101.525500349619,103.983698570151,93.3491135634187,89.087825698255,83.0874185722343,85.9841231081847,92.3570467113358,96.514942938422,87.0063881764703,92.2593771045244,90.9538922761015,96.277935190353,92.4610555573098,87.7899536181742,95.7131650318855,104.19029860394,96.7522101392631,98.5448669537822,96.361789454898,104.452397949441,84.491707563571,87.2730694409917,97.5375843495827,95.5189287372425,93.7605037445127,94.9524727803306,81.0140340574287,98.1799830107676,93.3409006229953,84.2338438199949,89.6947078857263,93.8349044266985,105.173803098198,99.3770811777991,100.702523930052,97.2708678554568,100.954868556698,88.1709435770544,92.5729104233207,88.3247489862444,101.518198157156,109.413576283541,86.7625488332154,96.39870474599,96.4242779830329,70.464944619841,76.2589858533915,92.0297041121078,87.5402585317611,99.2257734013732,97.7200982670287,90.6710757739029,83.6640976051113,91.2879287267062,88.5131326566851,102.551051081422,89.5057673077401,98.4911666755263,88.493136554941,94.1449479745891,85.4039477602602,95.000642963076,101.199784845035,87.8188273273802,90.478792644462,92.7237056499607,93.9383572201803,99.5306244604935,95.9487578282171,103.114821377119,104.349104834005,92.7747240039537,92.0144274617089,86.1653280851486,95.6877492438077,104.257240052307,100.78468459459,102.588902275277,90.8798140414487,94.2268019934043,93.6575447443187,95.9604329829471,103.25207857566,92.7751752285236,101.376063409494,96.3697135759782,90.0603749670002,103.861814515155,99.9421131255275,91.4826069473729,98.4075842628383
88.2474849655366,89.7379924587208,95.5081969004947,0.0,90.4314033917736,93.7875161640069,90.3033591207395,87.4851372646322,88.2811134978406,99.6709969607888,100.211108374574,92.0716838458029,89.9660376269709,90.5612235162462,90.9967183372848,73.8369233029505,95.7516553979987,82.5627183657252,92.7867293883431,92.0916734382848,84.5077152580122,89.0768613812219,81.2848680471428,94.3044775337743,103.099709813351,94.8246851693579,89.6377111562505,93.5794364077778,100.905026215306,92.5120697505189,100.214813988722,96.1891132687568,95.4102529037956,86.4789531958191,97.9658119358693,88.6153341273355,95.3983835849473,103.218973432113,94.504172637853,100.378684883326,98.0674904073322,104.145941144612,96.3363710821445,92.2099099340471,97.9443284632182,95.8028215495899,97.7609624874275,99.9130141056075,95.2165790380151,102.466596713759,99.4776664020782,91.3364734529767,76.9443060510867,60.2670310097405,94.0324117296377,93.8269779604029,93.197241790043,82.6980848441945,99.407752663962,99.5395602625737,97.0136258679277,94.6638925040273,93.1623581017863,97.0041327938639,95.2582485244064,91.3216753710772,85.0537130793475,89.933155628329,93.7231333726994,86.8311347260891,76.9554635780286,84.6043979982823,87.2820282921629,90.7236147915102,92.4661315347452,99.1638755545918,104.373195310323,96.8857852023772,95.3258388665116,102.298514173148,94.1329950269499,91.8265145969871,96.237335713114,95.342408929455,98.1440444175974,95.4532101890168,99.6763859874885,88.1326701089209,93.2310114137127,94.4793085184341,90.8664735128126,104.523863321628,98.4164021940304,89.8448973035462,86.0869436869943,98.4510939360882,98.0946024990607,92.8091835700338,99.5040478973484,94.6742582063712
95.2884355718431,93.7307538322453,97.7712196648745,90.4314033917736,0.0,89.2656801924649,83.2350405160518,96.4514558941329,89.4992620164089,97.6356878699586,99.0809747945864,98.7342384812701,97.2357152996601,96.1149825631587,89.1384453955215,93.7715052282953,107.335658611582,93.0042734244536,97.6235921650339,73.557351762383,83.9564537213607,95.4524811674696,95.5933195588134,90.0250974142895,105.618002315816,98.6729412920369,96.0881509720701,96.4493409011874,95.5712119722955,94.6277362841084,99.9134237261416,96.6650579099932,102.114952075891,82.6319348453408,99.7815293285059,84.1558709598522,85.3997958142304,89.9299599528803,93.6708699187079,100.564183774572,86.4851046329281,103.770742568066,99.2975139297325,97.3696560832602,93.1539656835571,105.999727771778,92.2581162924762,89.0012059002875,97.1361987040203,97.3780305814935,96.6559724140085,89.3870421722025,83.4137113821891,82.3338757433585,88.3543501708828,93.4442383634219,96.7376685035562,94.6894959895286,102.874313721277,93.8370367342024,99.2905879651735,103.266335956318,91.5473026757256,100.445174880495,98.4590319080355,89.0866292282914,91.5708297407082,98.6130002800636,94.2164476722329,87.1134517159575,87.1023168259599,95.0398408427931,88.5660432128979,96.928577525509,94.3880752962411,100.57213017452,89.2521030771112,92.2410761953844,94.2511251159349,95.2005085962219,88.9357169857628,90.1047938717377,94.8252993510913,101.561896808566,103.587386599322,81.4163550667698,88.2485340851387,95.1873072970761,86.684376604841,89.4207225977009,93.4613454693717,96.8104780094614,100.810010678261,98.3264274073741,88.9783450468463,94.9822416925771,100.110331481571,90.7772691992471,89.891178989175,95.0764945330668
93.2085312062962,89.7507187253021,88.0344500592325,93.7875161640069,89.2656801924649,0.0,90.2254474603128,99.3661371793463,81.3011923127223,100.346457192154,99.5835869533261,91.202670960984,84.1432862961885,95.8845755747049,90.2084687388284,98.3429912618316,100.094239821671,96.3266630827834,105.809404463208,92.3045013522292,98.5908089907293,88.606891057161,91.2405417899326,91.0202241971356,101.151581884636,90.3696232302546,96.9174053120716,97.1979535464405,95.6680148479827,96.2007539526332,95.1045471863054,94.7091416882529,93.4320088234047,95.8554815177249,99.2071534240157,86.7473030456105,90.8327870513469,86.467528450331,87.8691368312695,97.5901565147168,90.7979090592605,94.1816506847648,96.4709205134596,82.4807934554859,90.8865584714738,99.1711542645353,94.292284610535,88.5761806998048,87.9433810068889,91.9931576340437,91.7759246315386,86.3479969851103,93.1573995932539,90.0980622895641,67.7058797779818,77.3725904550834,101.930893406978,85.2735378139691,86.6105598706979,88.0141453038186,85.133345001417,93.3566355500545,89.27374649631,97.609422952191,96.5110950417982,84.6897833394841,86.8284780328171,100.887741922182,94.1444415959371,96.160915088788,91.1491735830833,94.6307703111192,91.2792703359246,91.0330135834695,89.3333165748363,92.0055523244575,90.172462076648,94.2252510174113,93.8059069012583,98.1727622655235,92.0392431425817,88.4012837031399,96.1258928677328,101.513765219276,96.3872058365467,99.3314793007353,91.8205627758201,95.6405518550628,80.3670060226127,89.6792942986716,81.5496251765344,89.8428455135645,95.520996973202,89.2212434591074,91.8009751894698,90.7039928612975,99.3283623107628,87.3502201030103,87.8230860369494,87.7792960428996
96.0589534582497,102.316001044422,97.2437928529458,90.3033591207395,83.2350405160518,90.2254474603128,0.0,75.0706272241538,82.1539583500231,103.598747127566,99.1385330198869,93.7142929101174,86.0102060689037,86.5251366802439,87.1576473091547,87.6901201787939,92.2660193050644,77.3705845340207,87.9438236394682,94.6003046744139,93.1183813948311,86.1271609583125,78.3203608073625,93.3793171289293,107.635956514802,101.279152075002,85.6854184790871,95.0490115192925,100.102611832249,87.9645858335092,93.633018704267,101.336179061772,103.08258648311,90.0940742905262,89.7681338873204,90.4099587381369,93.2942152622076,97.5466810842785,93.217612555442,97.2225531122367,89.3109088200666,111.343507025153,85.7481912793269,89.2411210169671,92.5947920087903,98.2647189708356,94.4524496991903,92.1324465456974,93.9717930965367,89.2402211432629,93.7588298712593,92.8563230161691,84.468919698876,88.8997361197018,90.349928073616,93.4639473651707,72.4588200459853,82.3461337138129,100.277702556583,96.1692663568626,81.2900425761025,81.8443853427467,87.4872552888304,97.3015840631558,96.1362734683524,85.8537000886779,91.4102760944392,82.8394853728797,84.194025059173,84.2589591473215,90.552948660083,89.9838390112968,86.5984897403536,87.0657812160686,89.4824889135913,102.538057650503,93.7061410867418,85.0735620862442,93.6757632624467,90.9218065382278,92.9648367528835,102.937244718745,92.1286596038417,87.0277359305497,100.650286868858,95.8223690586377,96.6766167410805,97.6151903879321,79.440419120045,98.7981679390525,96.1435572624981,98.1157673218497,99.9069809143184,91.0299876807235,92.0589514115576,85.2428681031148,99.1509480990889,92.6866372714682,94.8671466079178,87.7737675464229
99.6288412031041,84.7203879175056,84.2693173233419,87.4851372646322,96.4514558941329,99.3661371793463,75.0706272241538,0.0,84.1790000141796,97.2483576580929,99.9898282472066,100.853572385903,87.9863358532097,85.4853209367811,85.7814793758987,84.7397698052091,94.6957307234869,69.2585818457673,92.04711714911,98.6102589683222,91.0425668055002,84.5720650907678,83.8080668039018,96.1913163551698,110.021751341577,105.985152229986,93.0933291663485,93.1945384094791,104.059211038611,93.3199570743678,92.9979665209777,101.04713600407,103.639883424442,91.5572126222927,96.867266930155,91.7081436830933,93.0549459843798,106.934055840547,97.3536255661556,93.1615409158839,105.068640494039,109.781345265121,100.464312774829,95.4081876278442,95.9549348668877,98.2543153098019,93.8309842535711,109.280033013822,95.4979085888134,102.550663710085,102.709731732878,86.0381569611597,90.9076421709016,92.1297033983993,93.4566751577431,92.8575993461472,51.866391612354,74.9144396522481,106.562032995628,98.7893153193536,83.1632292358177,81.2198017727665,92.9776576888752,97.2390502561747,99.3527717108605,87.3537159411631,98.0970591794019,87.2692772364133,90.5840339676232,80.3499187339831,86.6732016410632,86.3319245190337,80.3566159866503,89.2084132358471,93.7908186019472,106.869756067223,101.213052022451,84.3240124043741,94.2760572301659,100.16460612385,91.9899847216289,106.654660484294,99.1500933537635,93.9363665086612,95.0088059005835,92.9364334564243,100.321350029291,100.677786296518,92.9902928178456,98.4269850184181,101.032897632581,102.529722728999,96.535040090269,96.697312085334,99.022990426216,83.6819890726057,92.116902021417,95.7461460658384,101.254651403992,101.767059849708
95.8366334049755,96.1340221867096,80.0060288185717,88.2811134978406,89.4992620164089,81.3011923127223,82.1539583500231,84.1790000141796,0.0,102.478121051219,101.724170331821,92.8644144056122,85.0902625155339,83.5432845673355,84.5822826347658,96.6390287927604,90.0361667312879,86.2282382185464,84.5168549030481,87.0766335689206,92.0221899509266,83.5283112308959,90.7649777218651,87.9207290619843,108.21478070668,105.186937123664,97.258565300631,97.2045551398195,96.7975400837416,92.4736951831358,96.910598403569,97.2846348492901,98.8407006782269,92.8918782807974,100.297146058506,61.1132865759859,93.5828821477115,101.083473138089,94.3674838262283,97.7890992733588,82.0752237573221,105.434515531951,103.577812909457,87.0526247056692,102.759623263172,90.157885067417,86.7149849922195,83.4738501114983,91.3175452650717,83.0043074695064,100.272696866915,92.4241638823483,91.4304372387588,86.7695154540473,82.1299586779604,65.3578765968284,90.0160019662974,50.5643913871124,96.9405756115329,88.9039799259099,87.9546815520698,92.1565096172379,85.0645049808791,91.4614700093802,93.0096793652463,90.5223560115038,92.1522352424943,85.1585597783583,88.3428837072791,86.7482789144942,86.1926025920343,94.271928796753,88.9445569890399,91.1623765068099,93.9729520123104,93.1154878658565,88.2557283641601,96.1822392031732,93.4619861494784,102.720175119737,85.1967238004951,87.3849163701453,97.5318047865365,90.8967288887464,103.584441739214,91.4000532292985,89.1674734156531,90.1724002146167,83.2877569513058,93.7041500403378,84.9094685872175,104.201770345074,91.8134287170747,88.9106969079648,88.5067136578635,92.1352734071629,98.3692134899795,92.093315091548,88.451665566192,80.7435719200344
88.6124417547454,96.1643686172648,101.525500349619,99.6709969607888,97.6356878699586,100.346457192154,103.598747127566,97.2483576580929,102.478121051219,0.0,86.0125967734058,94.124548232217,97.2312893625868,101.809751587435,96.7690156503312,99.2497933509389,112.947719883702,100.0593356423,111.135214585537,103.296669541361,98.8020965047248,100.222570309187,95.4230684257587,101.768919195351,89.8042434015751,92.0778629020396,99.1603223878319,92.169721867041,99.7960281368729,95.5743947874598,97.9938855288386,80.5221839070345,84.8451945248055,102.579764628988,88.9668950381804,101.342429654888,90.7154532934911,88.6451170133211,85.220789282212,79.7474019340214,101.495544973782,91.1831743432172,93.795134603775,98.0054871672253,91.0067214924224,102.764338996288,101.849667542861,95.8112675392269,102.048270196109,100.581496832515,88.6358170526367,101.217358696979,97.9577767994468,100.404689095569,97.8027635493642,92.7794773295387,101.367668477269,104.211449996519,78.0798379627451,94.0890736997279,97.9112656504864,95.0592712397821,104.236991821078,100.807953534706,99.2473582814655,88.2877807029864,104.793940630707,107.922379522422,107.394924272123,101.266886376104,101.489064673827,97.9041994548259,102.981921863365,98.3697712954598,106.518427118017,100.631911625819,95.5198327048268,97.9906985944255,83.9504190784105,92.8776346753177,99.9385120744714,95.0800741658815,103.85437977786,105.095925502083,94.0160241066362,103.77504775083,91.0574301928322,94.9107997489566,103.370047618973,98.1309836311678,93.5654231613301,88.9425944788295,90.4462714625073,94.4168741258323,102.498166743432,97.1782007418834,100.464816944327,98.7201319854838,104.982464189923,99.6776098683196
97.5010524108906,92.3060351459519,103.983698570151,100.211108374574,99.0809747945864,99.5835869533261,99.1385330198869,99.9898282472066,101.724170331821,86.0125967734058,0.0,81.0614037919156,96.1516640919027,95.3886780208912,96.0712913739883,105.041762231151,114.218431164201,92.3868165827624,106.182162521486,100.284937629113,104.151306595198,104.78480577688,100.655847059753,101.939394073423,95.3458353439031,94.2320598108943,100.187238407645,90.1870206858634,103.974977175829,100.140327206583,103.713080469032,89.521949562261,91.0581897070668,108.232266479304,101.221779340131,101.595834489342,98.6589686212553,89.6682169368652,92.3942510186931,103.253170150864,106.777571991936,88.0807553079665,95.1465623813362,94.7119992765976,98.843744659711,106.23240239099,102.140480029135,102.218685225467,99.3873683864716,105.032204942519,94.3662879964769,99.786869997124,97.2329284852343,96.9865911312998,88.6582884222579,96.7631960714131,98.18028372008,105.855427182841,87.367079183992,90.4226220560209,94.7686399951453,101.229748764069,101.796262821144,98.1084610414308,106.436515595561,96.1497738094634,103.924969866164,98.1178162994058,104.267652793369,92.8524990192475,99.7134489447451,102.309281434951,99.9478398938256,98.9609781506179,103.87734297112,101.133086475379,101.954020552286,105.349585112457,90.7598602140848,92.0139334942454,96.3931691651452,96.0934896408453,105.354222762743,97.6190706872335,93.7341147700376,104.136725091852,103.020427926186,100.944015773334,96.9557014826824,99.0491108231041,91.2872100313527,95.6520467663898,99.9298318602033,93.7546729138156,100.829097486262,98.8169342844273,100.18677661432,100.251234768728,99.5069176527021,102.067453521814
98.9854023997859,82.4573207970983,93.3491135634187,92.0716838458029,98.7342384812701,91.202670960984,93.7142929101174,100.853572385903,92.8644144056122,94.124548232217,81.0614037919156,0.0,95.0513716808743,90.9933813136663,85.3294355604388,96.4837237778403,105.487014979402,97.2560532905649,94.9965428193912,101.432424795876,100.690217155721,94.7034003528026,97.292348247336,93.8089672158423,92.4745721406005,94.4416289448018,93.0971483774566,93.5513196560231,98.2493262296188,85.2417873790112,100.492623212198,98.2436221903546,98.1371617318128,101.252346736498,94.2887465657772,96.8318623049785,94.8946863467701,91.5994598218628,92.8592515510498,89.2964437009723,97.4226971409828,100.954040556805,87.851399372712,97.1344313179561,95.5583114061741,89.8039941162748,99.4625829528651,104.935587221585,89.0358574880792,101.665535373033,79.5289966273644,94.7593780284486,96.5802254512964,94.0389781281227,92.0541711700007,85.8900694336866,93.0248094142833,96.2369077149697,95.1679812660726,93.8746414036826,87.4611026746355,99.2164296125842,90.8410469518987,99.4227286836723,94.2267118161502,82.5902381149348,93.9612014027891,96.4729015515712,100.373252139116,97.0773962877224,99.903179015641,106.293213368539,100.588503237086,88.7548640002238,99.4013054295111,91.2929653964891,97.5251704706733,92.2622800599709,86.0682538601796,89.412085015799,102.11054982971,101.996546211909,101.152318141037,103.333355496054,97.5484416150064,97.6121844521909,98.5377743602548,103.133423474253,94.9945937717605,96.2431532141964,96.2875248173615,94.3313999007894,94.358556301031,92.8733895994563,99.0519910481368,97.0554494024883,100.799005037139,98.8660481519271,95.5824085201304,98.7518064086687
96.8236974771117,86.9267276282029,89.087825698255,89.9660376269709,97.2357152996601,84.1432862961885,86.0102060689037,87.9863358532097,85.0902625155339,97.2312893625868,96.1516640919027,95.0513716808743,0.0,63.3163569726424,71.9899472812799,88.9440004445713,85.9472800310679,85.1055881403289,82.4589037160397,100.95758734715,88.6958301663872,87.4474118433751,79.4399763983831,90.5737657389316,101.002372643966,93.7098218864397,90.6342126116391,87.0683047731127,100.509743309961,75.4631236650946,93.2831189681951,102.502627633308,97.6145891886996,87.9679764805933,94.7180627104182,93.6321224398844,93.9981137097816,98.8935935537204,76.2617913200576,83.3927841569893,83.2989352021411,104.969122297036,95.624732536006,90.1728654505553,102.646998559974,86.9260246472132,80.7911779393752,89.2678393702712,90.6099790079991,88.3507207309939,99.1581108383317,89.4204080038732,94.3172851915453,98.1654747361039,88.4043047614396,86.1067217234349,95.7591029862729,84.6935888593816,95.0336111210168,85.8891946231739,74.7649705202821,67.6836069221666,79.2247724757879,85.2098922419578,87.8377974937457,72.0388589664998,100.818882763886,78.9958002210131,83.9782364296441,93.893413070026,81.6686626420606,97.171656007126,84.2233516467157,88.8380590716936,98.5509606534081,90.9489720911115,98.4969006785246,96.2506416119807,100.091900753498,97.8038865187088,94.2505933271966,93.937343388789,86.005930788637,91.1299419980358,99.1495728919848,94.9091108498083,87.8504569197491,91.2335750500752,87.5408124027435,87.775322425923,90.1319646539521,93.8960964552967,93.4827885850599,91.4074126183102,95.9207562231194,91.1356151098208,93.2848644117443,93.5552828387831,90.5688369773177,88.59197346407
98.6575592235083,88.3280837001413,83.0874185722343,90.5612235162462,96.1149825631587,95.8845755747049,86.5251366802439,85.4853209367811,83.5432845673355,101.809751587435,95.3886780208912,90.9933813136663,63.3163569726424,0.0,68.6163123633197,89.8310398121663,80.0193774439755,82.866766409511,66.7766643869867,96.7171135305816,89.9576319502147,83.8012424763607,79.0129817707504,86.5074305519883,100.30442282424,92.9370412417221,87.2964889694023,98.1955446997733,95.7825532764623,78.7724385699019,90.3121865079738,98.7227188330834,92.9588935390841,90.1386240033121,86.0218325413392,85.4312080891338,94.1116949096847,104.121091673031,86.705176161411,85.3303019032035,96.771615418006,105.664086973661,95.0241075170828,91.8308556146466,96.2449653075778,95.905777249846,79.0537403798346,91.626345361623,92.4540749967361,85.2342452069974,99.1542498315416,86.0105771597162,96.4693076017868,97.9343721907889,86.8739521487889,87.0944841652968,85.0925784291927,82.5635626820709,98.7695451611786,88.8056588850242,69.2729916365612,71.0883264342141,93.2284895897783,73.1124056237726,79.6444975793878,75.5962850108747,94.5804368056047,74.1200909451297,79.4983982089901,91.7102441021753,93.2525523564358,100.286110597554,78.8984948620869,88.6246984503548,95.9514075456203,86.0954302941417,98.8289423048488,95.4863031874607,102.27577363624,104.160608054367,93.5405355495406,96.1738487438704,78.5021390322186,85.9621995212351,100.571590997829,94.5738942965504,96.9462074529042,87.5033460145434,81.7546812887829,88.4621128897761,91.1343829811163,97.4217379626401,88.0236393528269,93.3731890199253,93.6935226385401,84.6364828393601,92.6664437297891,88.3309415201344,86.0051197100995,84.3129713030139
91.3718742231382,78.863916368675,85.9841231081847,90.9967183372848,89.1384453955215,90.2084687388284,87.1576473091547,85.7814793758987,84.5822826347658,96.7690156503312,96.0712913739883,85.3294355604388,71.9899472812799,68.6163123633197,0.0,91.342011088678,89.7889460855083,87.790114187775,86.4991389030786,98.1351054110055,90.7049617294197,86.8990232564179,77.7094741682409,82.2305775701633,101.56948323325,101.06332662064,87.1578059136232,95.4606450142072,86.7625958274711,71.3858146472593,90.9373044787445,88.2746046229806,92.9103674994707,89.1444274591891,83.5420806612759,88.4406652695122,92.5877192513613,87.9740040375351,77.2762952301125,84.2733195927539,89.9213860189184,107.832363982593,94.6582123976362,85.2394328675837,87.4842267410724,93.5234191874726,75.7763959512873,88.823257191271,89.7792679373965,94.220210426347,98.0964100830551,89.3120641597823,96.9050484881649,89.4589286417288,84.7971730850891,84.2583898006899,89.7459803924243,77.1370505165316,90.3139669296664,87.2352262734255,76.6862114487851,68.0248754850474,77.4525614513528,91.0047095600404,85.7635166653921,48.7406975939079,87.6668675314602,82.3374521864783,89.4331508785473,93.5908993190326,85.5921098033981,95.703971007261,80.9808996385388,86.5702003814596,94.5137609087204,89.7353396491464,94.8436927363739,81.3371850727346,97.6066895648819,93.8990874538335,84.5418728708342,90.8419684340355,80.1848002844212,87.1772766605939,103.789613174414,85.8473014607086,94.2429622240131,96.7931075762885,85.9017577255903,89.6727416093591,86.0534226774399,98.2741032610147,88.3964401957414,94.490437637805,89.7826965633902,88.8153728517318,98.2251598025629,85.7324164753124,88.7625433080813,84.4486131164368
89.0254891933765,78.2121119917789,92.3570467113358,73.8369233029505,93.7715052282953,98.3429912618316,87.6901201787939,84.7397698052091,96.6390287927604,99.2497933509389,105.041762231151,96.4837237778403,88.9440004445713,89.8310398121663,91.342011088678,0.0,103.308346605293,69.1113034950976,98.4057227708641,96.3559820892364,81.2034942002791,82.2921890824439,85.6461505131835,103.182317577534,98.3915620641161,92.1151294326463,91.6768857094354,96.7094751692103,103.77330374312,86.1429108715429,98.8975566966583,100.900812386091,99.207051393107,82.4445321169785,87.3165647934467,99.9627954254951,96.8245383962322,97.8747185695825,92.6933015908323,94.9339206946512,95.6197325757825,103.670213330281,97.6928406137261,99.5281497229853,91.7678015702532,98.379905120528,88.0233494328029,101.889195596694,96.9441716502756,103.962696857856,98.8420455753072,79.0673766396143,59.2171524941907,73.9118261392581,93.5264476789689,92.1885971619255,87.4788721847323,88.7304533982981,93.2900303653423,99.4028984558625,94.1248969505927,89.5238920216582,90.0088535305405,90.5590376909739,92.0024554957423,89.2279474431749,99.7452060392139,93.9114262031482,90.2568625345559,74.5871678061761,91.7822915461282,84.8760313054316,79.7729447580895,102.728395959483,108.666313819791,98.442192683425,106.896914583221,99.6993254615737,102.891369493975,97.4129637339307,90.2934723074782,106.067687777346,96.168506706084,101.594805304767,101.380080781618,92.012263433422,93.1737196399729,96.2755643731986,99.7282005727998,98.5844380038685,100.750278843143,101.096485787568,99.6714570239728,100.55766447144,96.987557279807,88.2933950203228,102.300258510345,98.0512367507339,104.022645880887,97.5584784474761
106.581780348634,104.816033519795,96.514942938422,95.7516553979987,107.335658611582,100.094239821671,92.2660193050644,94.6957307234869,90.0361667312879,112.947719883702,114.218431164201,105.487014979402,85.9472800310679,80.0193774439755,89.7889460855083,103.308346605293,0.0,100.249095939307,68.3680942976616,96.0667838865939,102.501249910768,92.3094832050045,93.150939537318,95.4557854877839,124.362529196216,107.862011344342,95.8982072128533,112.68166421695,103.881744996165,100.294985947063,96.8366751704267,110.025116426277,109.015503088178,87.8724614275712,102.375190628183,92.3064137692923,95.4078871526099,107.567500584192,104.902888257665,103.264382015408,96.6326984556206,119.744342691384,105.708720432268,96.2590271249735,106.487277086369,92.9773157946115,96.9231244360257,93.3463960615605,93.9812285023661,86.0257224658563,109.452412210524,104.776485801998,105.686979714201,104.843898316527,92.6608619658531,87.6836623174944,95.9382510183453,89.4100483843456,110.70081391707,98.6581709523502,94.8992887165219,94.5113940845753,95.4131549134258,87.8231544634069,89.8637440175524,98.0950580488449,108.653809789481,76.6204722638493,85.6598201942695,108.034624616684,90.8234941815422,110.195523225413,101.527902754177,108.20846086802,94.9540489814055,106.663393347126,103.625613960803,102.735893161455,106.062141975941,113.617933940012,109.247569370365,101.309667446578,100.400399087732,93.078323134033,111.31844918054,94.6370863287598,92.7032118424276,108.75525255966,94.7868734505013,100.53317051666,95.0732081718765,110.124001984407,106.518346610687,108.981805261487,104.419161584352,94.7572673758315,97.0677314443331,100.554475906681,93.8474393405831,92.0573346212659
97.0811903250281,77.4777260324986,87.0063881764703,82.5627183657252,93.0042734244536,96.3266630827834,77.3705845340207,69.2585818457673,86.2282382185464,100.0593356423,92.3868165827624,97.2560532905649,85.1055881403289,82.866766409511,87.790114187775,69.1113034950976,100.249095939307,0.0,89.9724566719576,87.9292370231581,77.6483059220036,83.6254914013274,79.0137680082054,95.8973851016244,107.104366367105,100.885664128603,83.5641762453272,89.6867685432678,107.519275781982,89.9600721394039,97.7751002578218,94.8872419576018,104.956850309348,80.8377895317001,94.6196350924212,91.3666155973335,99.9364087995012,102.742405612795,95.7196641738213,94.9961298408059,90.718118690495,107.592656645094,102.603307961835,95.7252547282163,96.1872637245563,99.9208448739597,93.5247938038211,96.7926985620853,100.654101759251,100.661984646408,104.455147752616,70.1089888244689,71.3954881932761,85.2216711950173,89.8757134830443,93.6785540557896,73.9931962203159,80.1928573363905,98.2663273762239,91.3934844340074,85.0784927849412,87.807156044151,82.7956282362866,94.9864772982086,93.899751603281,80.1674545028482,91.4175042572536,89.5638644169107,85.1160029207195,41.7358403802204,78.8625847427004,86.358141624945,79.5073573966846,98.3899309494332,95.1062343017352,100.484317194889,104.450600738636,91.3901001184998,96.8684217323763,92.8852288651829,95.8415490385076,99.9027573927923,90.6279354112128,89.0407466404936,97.0969588689324,94.9627391832102,99.1861981735752,101.467747093263,96.5421114229167,98.8062800861483,99.5903307297015,105.223189037265,97.4697909830885,101.81568522609,85.7597003199174,90.7059469693582,98.7037659575701,90.9581997263718,95.8323361968366,93.2153255918718
101.653774976926,101.847594447185,92.2593771045244,92.7867293883431,97.6235921650339,105.809404463208,87.9438236394682,92.04711714911,84.5168549030481,111.135214585537,106.182162521486,94.9965428193912,82.4589037160397,66.7766643869867,86.4991389030786,98.4057227708641,68.3680942976616,89.9724566719576,0.0,98.3434800445032,90.5737616313403,85.9293629480144,88.8496491059426,92.7452192131367,113.967732552502,99.2647678309203,100.973830595777,107.49039035664,95.0923313871061,87.0445463742329,95.3420589357814,101.62479149656,106.297717393872,98.1288760995779,94.6949479279993,88.1972150121225,99.4972733453841,107.456001439764,96.7259870574585,101.704009223981,94.0651099227514,119.637115083437,102.961580891654,92.9785516285192,99.4550063514137,98.2410526681537,90.6275591660122,99.2817345739675,90.0339209731716,87.5797912984151,101.547186948388,90.143695306835,105.047042255641,103.699476845087,91.7062998411731,92.1927900540845,90.8955551084014,83.8476881755592,104.86619281763,91.2711168409036,88.2201364508415,90.5020674068282,97.1366486020049,79.6142925465137,75.4799409319614,93.0247611629569,96.7023848292727,72.1712884486398,66.0601206208458,93.7596925703084,87.8887271987703,104.486580909799,86.0528688186026,103.548775623664,97.9434397327341,104.537801230963,101.6219674293,98.0285396764157,99.7404142413358,104.266303371461,94.194255935988,98.3658236277315,91.8776121712299,93.0752200286352,108.487046881337,94.3264481907802,95.2957123836244,100.42360535308,87.1047715627457,93.3327677146022,93.6604803776622,104.677921020621,100.50833988044,102.002338348693,92.3409108036779,92.111447207007,99.0153812151506,92.2067612641186,89.3332583314935,87.5162504349602
98.7898147752634,95.7640143017569,90.9538922761015,92.0916734382848,73.557351762383,92.3045013522292,94.6003046744139,98.6102589683222,87.0766335689206,103.296669541361,100.284937629113,101.432424795876,100.95758734715,96.7171135305816,98.1351054110055,96.3559820892364,96.0667838865939,87.9292370231581,98.3434800445032,0.0,74.5535086750554,95.8341321291764,93.8418794644621,90.2107778784464,105.85338471215,91.6220956727118,92.4031752914874,95.2706769001266,89.3963527756246,102.000128592245,100.375980581128,104.904577421001,97.7761361685121,83.1313421681952,105.461701605334,81.4669016811358,92.4931328568149,96.8279965952084,95.5433016982552,107.944700682748,77.7622640447671,105.531322314414,103.383751852911,101.729220376148,105.864302305101,104.437440087724,90.7743457523256,88.7561609394281,87.9333418084919,88.4080027160432,96.022576621366,98.8130873275225,81.4332092659021,88.777851569977,94.0255222848448,94.1614718048962,101.182589405977,91.9620495557388,99.7436741816159,96.3072862576598,101.07712599264,106.315016722627,94.4807773050142,99.6487607058364,100.510864429099,96.8536984800607,89.0869921415535,104.195298536691,86.8389941979936,87.508741452458,71.3552051739809,98.2601638649804,93.0208886716377,92.8847671433715,95.3907917325371,102.443463640509,89.5377290007809,90.7484511571112,102.393180261337,105.894425344375,90.814299505502,89.4642819419492,101.096039441018,85.5842882499872,98.7306866567482,87.4215645676458,99.8343445072518,98.337484778455,86.9261652061078,92.7857720517176,94.9416284267161,99.4596772133963,98.0089788491177,92.7007717151711,90.3406471689585,99.9311095571898,99.3973413527884,92.4316969157622,88.6429106143238,91.3656834111892
100.176698074396,87.7531157579063,96.277935190353,84.5077152580122,83.9564537213607,98.5908089907293,93.1183813948311,91.0425668055002,92.0221899509266,98.8020965047248,104.151306595198,100.690217155721,88.6958301663872,89.9576319502147,90.7049617294197,81.2034942002791,102.501249910768,77.6483059220036,90.5737616313403,74.5535086750554,0.0,91.4618938452479,81.0532237668625,97.7120140314962,97.8421970369886,100.824850044082,95.4354767546176,84.8266731456122,100.237764598896,85.6378775405295,96.0895386423484,99.9384752077623,107.039929185402,91.8002415178194,96.7660260653172,97.0362266290063,101.972039468541,103.426439705349,92.5331150338275,90.4776990772871,83.5720903495244,105.284612349001,97.9427669670738,94.7960781731328,101.288740083465,102.506709118377,88.7829250218871,90.1066833062213,97.8510438018879,95.8606727608646,103.700992695018,96.5062879402894,79.3522729968613,82.9582855065598,100.592197094458,100.118292835716,93.4000066378291,91.751413453292,97.7291416918289,101.21713887087,93.5224248508132,83.1726143352586,84.3342873681449,100.781092012026,88.900219589396,83.4608294216716,101.107976723705,90.9541995136226,92.5897439170749,81.8977742101455,61.7447565707236,88.5862639278584,81.9252972223961,96.0656987076455,91.7988265044594,100.739247252049,102.172172366199,91.6864699948596,101.895520568906,97.8351511033079,84.9313609234471,92.1478308547578,91.417761503667,89.3095562032195,97.223697932684,83.9357833813358,98.0940070405508,88.1222609435586,99.4894740962802,89.264058887206,97.0817054092501,99.0874647084254,96.552666813889,93.7542303996351,78.9040632135761,90.7906629313772,97.836878921952,86.8006818336759,101.084420901342,90.7342791335898
95.6459324616121,93.8763989145098,92.4610555573098,89.0768613812219,95.4524811674696,88.606891057161,86.1271609583125,84.5720650907678,83.5283112308959,100.222570309187,104.78480577688,94.7034003528026,87.4474118433751,83.8012424763607,86.8990232564179,82.2921890824439,92.3094832050045,83.6254914013274,85.9293629480144,95.8341321291764,91.4618938452479,0.0,80.4416197911085,87.0268410478216,110.024057041352,94.5335662980107,84.5237304879978,93.9784879754249,95.5131164463791,89.2373360969743,85.0043318774426,104.858323237297,99.8581786662277,91.5214753178515,86.2311060755719,91.3305868357477,90.5441791666296,99.7234957609352,89.768066278962,93.5323156405576,89.133769563889,106.426935110089,100.451065191629,86.5007656917267,91.2069137632998,87.6754284661762,81.0971396697425,90.7389047992713,91.9640409948187,89.4894790850444,96.3393943551211,92.5785525545178,91.4707112747047,95.7171420288809,88.2286726181694,90.6533483289368,83.6339184368388,82.6369520764287,98.2316754807084,86.4914883789672,85.6811932330594,85.1082665769713,89.7287160870773,82.7432338112067,87.5356114564831,86.4884758012917,87.1175137808459,85.7574976444282,83.0763655948108,91.1156988035572,93.0614931664158,89.9018777459421,83.5283241622309,90.2527389788954,88.9252678362105,95.5859091070042,95.8480607511737,83.7046870842311,94.8976715145174,103.7385703115,88.2524417798539,93.0984828451535,85.3480379502259,86.7772086148942,98.5798720890688,93.0920640994103,90.7417302453105,88.7645474043955,92.883782634933,87.8160641634893,90.135423515849,100.858657358449,87.5341894274882,99.4526121893749,92.4000290374433,76.3037643376111,93.8662776538737,84.0723750754175,96.617735694389,90.5599254483823
91.8281141764644,90.9672652728735,87.7899536181742,81.2848680471428,95.5933195588134,91.2405417899326,78.3203608073625,83.8080668039018,90.7649777218651,95.4230684257587,100.655847059753,97.292348247336,79.4399763983831,79.0129817707504,77.7094741682409,85.6461505131835,93.150939537318,79.0137680082054,88.8496491059426,93.8418794644621,81.0532237668625,80.4416197911085,0.0,79.7030248996123,104.098647238029,99.2214057256316,75.5486697620389,87.9550240094575,100.768945332118,74.260578488019,101.815731213492,99.0489115302151,97.4609571353476,90.3228758505527,89.9952151352187,90.8631471425601,96.8618023614786,101.192675869588,91.0593948196277,96.9438530134871,98.744953665911,107.512543451372,95.7804505503146,92.9859647794751,100.475973921787,94.6010293205805,89.7598541932536,90.8141576965625,97.927467601491,96.4959983086178,97.4790544033757,91.7433630953514,84.3969904479158,86.8584955334797,87.8703925580285,88.5089563088495,87.832069870056,83.7723303259878,96.6798757533146,89.5830258350035,81.0999130356262,84.6921653061613,87.3922637807948,91.1086120090732,84.6466122595611,85.3637079077239,97.096811712162,76.3082885607303,88.6894262540482,92.5684546143311,87.2769542234164,78.1860563277053,68.8586086300187,89.2034169585583,83.7927436560392,98.0023067881302,99.6212647988491,84.8301280571621,101.166827873345,91.0854213551545,87.7673778529623,97.54173618818,93.894015536895,86.6403312421165,95.1585421201358,94.2937473375041,102.837348383839,91.1333346735959,88.5263809009021,95.4086269852873,79.5395710804501,105.874272326094,93.0790007567846,100.373745759264,93.9330543898849,87.2722402662029,93.2039568327616,97.8517401363025,88.5698583158336,94.8654903408038
