0,1,2,3,4,5,6,7,8,9,10,11,12,13,14,15,16,17,18,19,20,21,22,23,24,25,26,27,28,29,30,31,32,33,34,35,36,37,38,39,40,41,42,43,44,45,46,47,48,49,50,51,52,53,54,55,56,57,58,59,60,61,62,63,64,65,66,67,68,69,70,71,72,73,74,75,76,77,78,79,80,81,82,83,84,85,86,87,88,89,90,91,92,93,94,95,96,97,98,99
0.0,67.1887622553952,68.3866991483197,62.7794896566926,58.4860807625231,62.8320412616477,70.3921726226148,62.7342475310773,55.0623729672472,62.9235456007531,80.2308973663822,73.996527151956,72.078676707932,67.6010039785421,69.5894961162849,66.7668541487357,71.0042305006101,69.5447556274193,69.7644344241546,65.5800124699851,68.7283053665461,72.0720137004597,61.3474324893489,64.4988988189064,73.6671970322025,83.5557655655259,78.5165765446344,82.8480444305615,79.3173381020693,67.6485506190959,66.5489177953959,69.4128145271224,57.383928045998,70.8373867804809,76.5221826653669,64.7451862517854,70.1364780879406,65.3783846935751,66.999269736203,70.237032318644,62.9029179022942,78.6906883880821,74.8084110380174,69.3862655444818,70.7371495937244,76.2860362564569,68.3219223617873,73.36877931853,74.0907102987467,67.6142463660466,79.5222458272761,67.8780813896242,70.177719341213,63.2067160650501,69.1514171483155,66.2685531965054,60.7103915250981,67.3394043569582,69.1630493102752,79.3476378489489,72.865705806173,74.3078207709309,66.7855087584228,71.7311406293052,71.6496873636947,73.6413793417393,72.3402080867503,66.6767096355892,69.3834325958705,70.7866401633473,60.5556101092209,70.6834188148767,75.0802692778198,72.7078385858086,66.547169385131,73.6506271726275,71.6675460056927,68.6623388016288,75.1657861193908,76.5174424891613,58.9142830625753,64.2587729949431,72.9827031897447,70.2412573954665,63.8510643281167,72.1023209059,67.3237892779683,76.1625312674638,66.7551659766609,65.4367977886445,69.5975571943651,69.4735064575741,76.4982215344334,70.4694780265627,66.7318056894859,68.0136539456111,71.7878855387942,66.3008210410744,63.9656299394939,65.1133741317599
67.1887622553952,0.0,56.6614360871815,51.4704524065243,58.5803102238506,60.7142972071437,57.2241049987519,49.4646080201573,58.390684409325,74.9714631928324,78.0560366129982,74.7797512212549,62.3629329843307,62.2500126368233,65.3405123871984,59.5678991655421,72.8063178958988,60.7734171574076,62.4537390812022,73.8042212052721,66.8223970941857,69.9254354391083,56.2852306956683,57.2393934170906,84.2034492957496,71.5880177063585,73.6645006203092,65.5113153982038,67.5037256865407,62.3901553950166,68.7639004758377,71.1915499600349,66.7317662581333,60.4018332533646,73.8471998155207,65.0372306927814,62.389508346798,67.5744943842583,64.4542258272142,60.7211016554254,57.1244498981,69.9033242409806,63.8663618913341,66.4849158557281,73.3847642252494,62.8954082481929,63.7703285886706,76.3852790853211,66.8499314389674,57.9771777959108,61.4513878910561,42.1852546923378,51.3448180364575,46.4235939207206,59.4853540766079,63.8667487351311,55.6563961627852,58.9513040440788,62.9759643586512,70.917291757001,62.5321270566897,61.730339206111,70.6233543627178,67.3848019897466,71.1661012335921,65.1208225520892,59.6309357352096,68.1597946802365,66.2265522088964,67.450441209858,66.1397990671978,71.0517659442691,71.5642702110562,67.9639305105469,67.4662347074481,72.8767571571559,61.8631468159504,72.7288235561205,69.0345593142759,70.7508282615291,60.9919449165059,67.0285988805543,70.1900392440271,56.3409465276828,72.3868588809175,79.3968512992243,66.0850054366874,65.6305787552193,65.2663290688396,64.0354064384108,65.563184142074,69.7697448752517,64.2293195907583,74.0825006764722,69.493116079237,69.6512825011714,67.3825102292474,69.1730752120536,69.7959641210641,65.3768142536474
68.3866991483197,56.6614360871815,0.0,64.2116293066068,48.2051414658578,38.3323559064533,59.9312495118282,58.2599689826653,52.6370158473157,70.3314225526577,78.1271196505612,73.5199375355919,69.6710702247713,61.4135549474981,62.7440816830705,63.9758736597584,78.5900610106432,66.9357440390944,71.5423304528935,69.1948574094098,65.409444791606,79.7068936736713,56.8357414675711,58.9306300806042,74.0188937157373,77.6329056098744,64.8112814071361,78.4633997842836,67.6052650590395,59.8738799495916,69.2344510174693,72.6972556966397,69.005281755748,62.7284620119588,70.9788892259486,69.7575759323043,70.1102979749832,71.6590989977927,72.9533854889303,65.8577801325584,58.5682811950831,76.9065799009682,64.624898939312,72.7640364869204,67.1865814198638,70.0119886437311,59.3690314206367,76.3794023071701,66.1301321657864,63.4799940175734,61.5314110388009,54.7592380002111,54.8122084732445,49.9347048368889,46.4013572231286,52.6945875346856,60.2573046761063,59.4180240120431,68.3823426765256,68.3198953847516,70.4955293462296,66.711264066742,71.6215777660179,73.0578959757724,72.6741779829295,72.4146617897322,69.6091829453553,70.6983527076754,68.5009009205194,72.4512053593903,63.3042293008921,74.2359078530382,71.7577128240014,68.4769432957929,74.0429311630971,67.5618617045872,73.1329670551931,71.6076042505063,69.2258035811843,66.3528910391272,66.6217831480699,69.012851317183,74.9665440044971,69.6010927441471,66.3884533729789,68.460165124722,75.9963815774869,71.0285587039533,65.8379120307611,68.8561769938795,72.3909596917453,71.6967788216219,63.793966836212,71.0661195177131,67.1313136177778,66.7461547025063,67.6043788253266,69.8740082643803,72.3338603784261,69.9083984852621
62.7794896566926,51.4704524065243,64.2116293066068,0.0,58.3745810508207,65.3662810844003,51.5445739164098,38.0128507776197,49.6827482203929,69.1895047055481,78.5821864768808,81.4438349697435,65.947174122455,64.6738153399652,65.1252180918837,69.2056818883818,67.3574084808565,49.8933606583678,56.1276821125415,67.8520924213031,66.1814756692091,65.3749345024415,64.1459528024197,63.1841791128228,79.3453498877821,79.701093842849,77.519758086445,79.6831033111678,66.4167659516797,65.0649464436377,67.7889950908412,74.8928931922107,68.9277932656585,48.5397396293077,74.7795472107443,58.8795430573459,67.70932025607,69.3486159174641,68.289025752659,62.4797660475436,48.196417610869,72.3542062157876,67.4349153016038,73.3049177679173,74.4325686342255,72.9233126089727,65.3850126102914,72.2708685608632,64.7109557722447,55.6476124204193,67.6618056605884,55.2540407052328,62.1154377760204,54.1423794969558,62.0993338690933,62.7953930357254,45.2567093917046,50.8384888002298,73.822192997057,78.9724123127275,67.9250937430611,70.1861185482241,67.2128005098066,70.9659448548447,65.3905063446931,69.08101527656,55.7273928595104,63.3986860951068,63.5261482587986,65.1624405228743,61.1664454826912,70.1328582947861,70.1092935260832,72.570030709232,71.5352487283238,73.7043301637941,62.3167030088284,73.602382858869,75.0942026157604,73.2999632880298,62.0177025042976,68.1836230631276,78.8156911544438,65.4800450497229,64.7339275481571,72.6399390062117,66.6840798639352,73.3891114496181,60.2373333542669,64.0987138742518,69.8870192710291,68.3519741958088,74.9729533503023,75.1254248405962,71.8622259736334,73.5126986703174,66.501062171893,73.1665227132467,61.641931192616,60.2529300453049
58.4860807625231,58.5803102238506,48.2051414658578,58.3745810508207,0.0,47.4013949491057,63.4395495170152,50.1010442403168,50.9083467642348,64.5356118189155,76.1752264954444,73.1984557815561,67.0927054221151,69.9294887060731,71.3767970033678,60.6774317071669,68.7408824881793,60.3476027387709,66.5418034032948,73.3505360267509,65.336994397383,70.4652923270414,62.8410082478149,62.7297166687998,82.3497644944603,77.8855909448988,76.4791388235088,81.7091587162297,71.4956999701699,68.9389490423183,61.0666997951392,75.777820402937,69.4573457156498,62.897613177823,67.6634800294812,67.4499083334807,69.142917390514,62.158654709659,65.6734701578784,74.1505909786038,59.1468807255868,72.9363049124562,57.1716506143591,73.2467796484014,72.1385898344306,71.3567846576307,63.8056652775928,75.4798331560662,67.9989350767003,63.3561066123192,64.2776301947644,53.6643394819819,59.6192518682637,37.4057961909008,49.2477170313381,53.6595376747833,52.0893317492785,58.5858250758577,72.5285089828861,74.0510991884019,69.7486219920581,73.7533209180299,66.4724274731323,70.6644110419413,68.4429348740685,71.4561378045248,67.5022208391456,69.9495238416703,64.0999428054961,68.3939279488282,64.999424477788,71.7953079127889,70.133588927928,59.5880635437364,70.4681829946628,69.2876927099801,68.3277627415668,75.4806231952829,66.1321197899722,69.2608828905822,55.6423645993044,64.1840025858032,69.4971705591662,63.4572726352608,62.2314384779342,74.1918592799547,69.4796523169437,68.6417759007745,68.2557970273265,63.3703185561694,61.4626540311653,64.3202654606066,64.4852072149138,64.0098791404943,63.2212511821452,62.9618775449524,66.0809489313255,72.5653928171667,70.3097126876803,62.7997860498713
62.8320412616477,60.7142972071437,38.3323559064533,65.3662810844003,47.4013949491057,0.0,60.7782432581881,57.5931339713208,46.9835936728036,65.4445214749361,79.7700888977583,77.4972168901708,71.472164715978,64.1037855838217,62.5724021038222,64.5004714751035,76.8910202987695,61.2293707896349,69.7529920526809,62.5198000980538,64.2905694429474,72.63046683028,56.8465141601555,62.9800187090659,80.2256821003855,73.2649507194065,72.4501937695186,76.4913975725661,72.6489912078147,66.8964802745677,70.2054420837881,75.0607523554633,67.3743899212445,58.9594031104099,70.11913804624,56.5752907788172,66.8242483602425,68.3262348608705,67.4742087034731,68.7025335607053,62.3628986933374,70.5357794594087,64.5754089011284,71.7030613054783,68.6495799079115,72.4396486428755,61.6771321884722,73.0645721270758,61.7278130168113,61.2083340802984,63.3796180641602,53.8237572815513,59.2165345911276,47.6290781306611,48.0493169552857,43.871476050523,57.4812759115292,55.8098765474593,67.6709337459409,70.0239801552446,71.3155658682717,64.4734545450395,71.8222283249381,73.1836987743345,72.2482312973974,68.3840591708323,66.4109250966431,74.1816083494582,64.1643687248045,66.8724392714914,63.3799286666407,68.4613530041017,70.7194044171114,70.6457900189213,72.7532263638449,67.9313989052596,76.6429136432886,71.8069630260846,70.4817164255534,72.4235033053472,59.6078022258404,63.991750413012,72.8393594161033,71.3103331309282,66.4633704810739,72.6946694334562,68.124998767368,66.9049096052641,64.368328101059,70.3136330165549,70.9246334213114,66.5275183068281,67.3363327108511,71.043202172425,65.772197700128,67.471167857083,69.2866521713793,74.1329864755157,66.2215281808059,60.8898618558382
70.3921726226148,57.2241049987519,59.9312495118282,51.5445739164098,63.4395495170152,60.7782432581881,0.0,49.4605263108292,61.3217208509559,70.6247573605756,73.9375139104679,72.7534576218942,65.8697157377977,69.872379006563,71.7338359848755,70.5780920087467,67.2743912854947,62.7441644405686,62.2824233562693,69.8275007398461,68.5856588729929,65.1872302784312,63.3271602900745,65.8370245640894,76.7328923599811,76.6601183882168,67.6177587405944,77.1177517321422,65.4454655318288,65.9904332319119,74.8968529208755,68.0846054129227,67.8853614868327,59.9025830408102,67.7928266099522,68.0710427030555,68.4307683190079,68.7591660170191,64.2783066453417,68.4673514659895,58.6077587210835,74.8841996535378,70.6395871341742,76.9574865782757,71.5407489344622,78.1056158830864,70.6872080182103,73.6638824242572,72.1092162840578,61.462220012074,71.1173748406908,59.7107511131213,64.7136707704873,59.4143763853896,60.348659907651,62.9765018688958,66.6356640386396,57.5726120473527,78.1604259757157,72.2993681793229,66.6541959166153,69.1849364665327,68.292545100138,68.5508841322435,63.525855811912,68.1636139149481,64.8172387002002,62.3568322763907,66.485978897546,71.2514391523383,65.455718288243,67.1601831152642,72.8190503918036,73.0257970894752,69.0704263341775,78.7768382556243,66.8223889466536,73.1294246518665,70.9269129278113,70.1694175483221,68.1503488715122,71.2479280331577,74.4332561010023,67.9669349066078,73.8090447766897,72.5337894299982,67.9414487128228,68.0160334774868,67.6419591774691,68.0311157681293,73.0658949356938,72.02910477635,70.6825602035894,73.8717980869489,72.3721373564921,70.414083943127,73.732053715059,73.5280083843181,65.2499946849132,64.1125552431253
62.7342475310773,49.4646080201573,58.2599689826653,38.0128507776197,50.1010442403168,57.5931339713208,49.4605263108292,0.0,41.2713605053398,66.043165976378,77.2382602264439,76.1320589515717,63.0302990533029,63.9895327561811,66.0484490187072,69.7602316656282,66.9106830721134,49.8191164471063,60.1503859594357,69.6355494723133,63.8231798453405,65.4085432269755,60.3734411362046,60.2301015714459,77.0561198342684,79.4824389863724,74.6642933493254,78.7840867632338,63.0385870199863,62.4408551925501,67.0449926777768,74.3225799482105,69.0522903122584,50.3196986141381,68.5464106982658,61.3696971028338,67.0913095085504,64.2003579015024,70.5998367044523,63.7461524621237,46.9381658694101,71.8857707463363,66.4558151116712,73.1683469302431,76.20003353134,73.5338724350552,67.7844002574722,66.8714496044997,60.1350700299536,52.6618002880869,66.311164119623,58.6464842140245,57.8333066269221,48.9101469500905,52.2971801101889,54.9460283412261,47.1588940110075,46.1791002996368,68.9470567227784,78.9536323346598,61.2616666754204,69.378155612949,68.50774251211,70.9309042049388,63.9908365551128,68.2681640434344,52.7232600238379,68.8828703428955,61.2048683682599,61.7137160944845,62.7824532196507,69.7449407466004,69.6737248118297,65.1696714226117,70.8030361478913,70.6629330794477,63.9462607373764,76.1039140775379,73.0686124552953,72.8453888802036,61.2423823084889,62.4759078543395,75.5736330240787,61.9805687623804,71.5341383702806,74.9147690720861,68.1824468888558,71.8908816582158,54.454298301604,66.8651159032709,66.0187637347294,58.6414356770096,70.9754818903808,69.5923936614573,67.4324981596721,73.6535373924416,67.7262614273855,74.2829244878589,59.6739075080275,59.210992559625
55.0623729672472,58.390684409325,52.6370158473157,49.6827482203929,50.9083467642348,46.9835936728036,61.3217208509559,41.2713605053398,0.0,61.4583736445409,76.6619973891972,75.1327318382123,66.7927829524475,64.7876853918305,65.7236448991206,66.8007710164396,64.5721153371487,60.6897627068084,66.1079959603468,69.9360805069696,60.3914558840758,65.7766359439856,58.1308456736023,53.3451278062497,77.2713518337,79.2205080178559,72.8149144913768,78.0066595481546,66.8248562189015,62.1330393476063,64.8951348295978,72.9279432389223,62.8706935483435,57.0627582766586,70.590568371464,64.9250588579732,65.3552151501284,63.7268372862867,68.0818417434461,61.3364633509317,44.7356139026198,75.0055959531273,65.4186595804907,73.4960843466018,64.0441001007822,66.3185630247425,62.602132560239,67.6439572669978,66.5671707132768,51.3505922863092,66.5724467434077,54.0258709517084,58.2715123742859,50.1949014384189,47.9409267296101,46.4952980164499,47.251681370291,45.3831977826678,66.0603454868785,74.137114944894,69.4618104716947,65.4656448139089,63.3522798818007,67.6226967763481,65.7721809748187,63.3033681275265,60.8832539362384,66.178120919363,67.8901405989879,69.8627125927238,55.8511869245702,70.1172943719398,65.7261366843139,68.0731397013805,67.2395334378464,63.4004180727895,66.1217214876973,68.9116934309188,71.5089458084382,70.8343968846807,59.0327914858257,58.2242376028661,68.6276674110744,64.129609338387,65.1148346698459,66.7555514092453,70.2024949001683,72.8199700279975,63.8500456791085,66.3641390714685,66.1466784924937,64.371513451678,64.6785632827789,68.6348223839123,69.4774256645386,64.7398731965896,65.8993266598539,71.8246203701423,61.4306776702939,61.2892528245396
62.9235456007531,74.9714631928324,70.3314225526577,69.1895047055481,64.5356118189155,65.4445214749361,70.6247573605756,66.043165976378,61.4583736445409,0.0,77.7942760926832,75.435077434644,73.7552226280988,70.3335620271915,69.9283208492802,69.2884824869226,75.0257579406198,72.5517843896105,75.125558973135,63.4050712021534,67.419459043858,80.2443217819373,69.4551597441316,76.8989298503288,77.1238666154729,78.805904749287,75.9391310367895,81.649140115648,79.6711436821643,68.2423683919154,68.6604894059317,72.5936794452156,64.3665699812056,75.9369643271937,76.8694209547674,69.8213847832244,72.8060937520004,68.4459893929413,69.5840541041465,76.5627417018737,65.7012355801627,77.2074371488534,73.6676423884628,77.1738251695486,72.2549022262696,75.6608470608888,61.7729225078456,70.4304944666536,76.4822286240089,65.1407434491359,76.8933913583662,67.8697788721184,75.1140761965497,68.3400581762395,69.1833309532714,62.100763570049,71.0850704733577,64.995321359195,71.3689266276569,77.877394598029,79.6326281270494,79.0513108828565,76.6646058315271,77.7627491991283,67.8967241469607,72.8481610160708,73.9228988217303,77.014426107095,73.2233250738278,70.6129108961899,65.0019864193081,75.4761167866052,71.9174217499133,69.9783128062829,80.7378151379466,73.8878350284607,77.5040256456348,58.8050307061775,76.9566893522695,81.9056601858623,74.9480089502453,65.2568251934099,66.6136932552953,76.3499038926283,68.060040379185,70.2321661945084,75.8920467550696,78.6732044051287,75.6602474659753,73.4434365607478,75.9270087036501,70.0329539356354,73.0576774480457,62.196017965785,67.2512687763686,69.5388282910405,68.9437796003973,72.7882247955783,68.7547734166992,65.4090058194527
80.2308973663822,78.0560366129982,78.1271196505612,78.5821864768808,76.1752264954444,79.7700888977583,73.9375139104679,77.2382602264439,76.6619973891972,77.7942760926832,0.0,65.164977526155,75.2698361842528,71.3260928991117,68.7676596595204,79.9848934054912,76.7486000536905,81.4785470027047,76.2158794096466,78.6225022543146,74.4293641578511,79.8276037609712,77.5623645913897,67.382295240082,68.8589494756152,67.4428143374429,69.5902631260945,71.8532998018958,70.7793626795409,66.6453488016716,79.9093473132503,67.5285992312838,79.5699999739653,82.7529836046847,74.3248818806448,79.2164137980834,68.2818742457578,80.466977478555,73.0885460036767,65.3763268683332,78.5280456953948,59.273936543806,69.6981753880429,76.6686694881217,78.013816413949,69.6874816969887,75.8478328349198,70.2226537582758,82.1697614180976,75.2100833775827,76.8497049411653,77.372385475662,71.2409618832372,78.4318367627538,77.3138807620726,76.135888834691,82.7999249030407,80.0717293138988,67.3477067533252,65.0405008000255,73.3369754873028,78.9840464390532,79.8522729614496,73.0937344349652,75.9347781379435,74.0316488438485,74.4812731176381,79.1052148039735,83.9725642476938,78.8457387776873,79.9734059042782,72.4263304810344,74.7870657558594,71.357880755262,81.3350538714387,66.621954571472,80.4751992219808,65.9399411084265,78.8251492803343,73.9854195945622,77.8067564411232,79.8767429280116,75.9111365503279,78.5532370654307,81.2905118692935,69.8024303854558,73.4413494445914,74.0641395250511,74.826149418676,76.6909248899492,70.3807046267923,70.709537777546,66.4229922142387,69.1646792967036,81.5910839064645,76.2883806880722,75.5651423459516,69.7724723365697,76.5344589972471,71.6257506158044
73.996527151956,74.7797512212549,73.5199375355919,81.4438349697435,73.1984557815561,77.4972168901708,72.7534576218942,76.1320589515717,75.1327318382123,75.435077434644,65.164977526155,0.0,65.4105651178326,66.2488389537228,69.1494999800118,77.456718324061,72.8612400275952,80.5028966482373,73.5824639347149,78.3272690010219,72.1858333375116,78.3211480056307,72.3784986381139,57.4768397540514,67.0759287741064,70.7977548882911,73.1012492237656,65.9984118242049,66.4287073892572,69.5605458601934,69.0108591708008,66.3819131293218,75.3173746970894,79.1690897843682,70.4970901088444,81.5948635688322,65.9880509972393,78.6860558306688,74.8964888399858,70.4727466254211,72.3995661145586,69.6335949185506,75.6596500492646,72.3045716892338,72.2864448430334,63.2946609677454,82.5469119852136,70.8650967184203,82.3829455377109,67.4273667984227,74.4282750559595,74.0590101326878,72.025928253995,72.9128202591026,73.3926301214009,72.6701615582739,85.3638466377429,78.9663191732316,69.8598319464912,65.7732149931703,76.9324101687411,74.5657152543651,80.9028469875027,65.8223923075942,69.2498756937041,66.0480605220658,74.8732799536544,70.0793727228813,79.116870136041,75.4152168855514,73.4934294596949,73.5889010471891,75.9839951421826,76.6561109594541,72.2205798839657,74.6499711776166,79.83016265222,68.5862233904626,78.4389934937995,72.9657513348629,83.6959860459579,74.0828246719826,75.712605570792,72.3861058091888,73.5402064210497,71.9898727559394,76.9896253666466,73.9127272054715,79.6922864098528,76.5377036697149,70.575244912186,66.5245460612583,71.1038027617413,75.7519534813375,77.1370338428026,81.7907827362649,68.6043280779167,74.4555335195937,82.0981149176996,78.0520442805196
72.078676707932,62.3629329843307,69.6710702247713,65.947174122455,67.0927054221151,71.472164715978,65.8697157377977,63.0302990533029,66.7927829524475,73.7552226280988,75.2698361842528,65.4105651178326,0.0,63.0728515613056,61.6306627426241,59.4777527004082,59.0215513164962,71.0947621765535,66.0809450847255,70.6052991253126,64.0316537786409,61.838366590288,65.3760515406665,56.7143684504339,79.2168954800503,69.5318844067567,69.787427730717,63.8429302098557,59.1663855790352,57.2582058552066,67.6262397647442,65.7870364930757,70.5393310598304,68.0105082125956,56.0482436148463,64.5153084536729,66.592927095263,67.1545066699605,64.537008689275,65.3670529813482,57.035101249538,76.1048626284985,72.4741658761661,65.3877784767797,71.2743768717447,63.15410696058,75.4879769676511,69.6378340952044,70.6976826388174,62.8022573332252,70.0686575278119,68.3542096161023,65.7250929725695,69.3731577733292,62.6109172802788,67.0292033746616,69.1926077512463,68.2533808413773,67.0355091704286,69.1630606469253,67.5673764743444,59.5158052383063,52.2164618825876,61.9623315606622,61.7740841898234,63.0408086669448,58.5882562422326,52.8197923013558,72.9940148795543,70.5420597932971,71.800655294815,56.6218453078806,65.4447933833396,66.0338569081639,68.8078931583281,72.8218551636986,58.2477452311608,65.7653138123098,78.2970257122335,70.6487285967192,73.1399419568093,77.1853653604282,76.2857177911259,66.6549726256413,77.5064990852823,64.2306307676426,62.27727358857,67.1651517378734,66.7380338042075,67.6107361095111,70.6502454105579,68.870962544151,67.7980816035141,78.9870477985883,70.2964994078422,78.0312242061747,70.4721437069769,64.1726883544271,61.4726476066889,68.093329194293
67.6010039785421,62.2500126368233,61.4135549474981,64.6738153399652,69.9294887060731,64.1037855838217,69.872379006563,63.9895327561811,64.7876853918305,70.3335620271915,71.3260928991117,66.2488389537228,63.0728515613056,0.0,52.7356064026358,66.5758690321002,66.5716981407924,60.5957674760601,56.7479715539577,69.4658456736924,57.4445254780343,74.4384086208314,56.837295229687,63.1890023575228,75.6425508582656,73.7847868101319,65.4593854461529,74.5081929238005,67.7388171574338,59.8800030595123,64.6560467871856,66.7621607442717,63.0599783832942,62.7076334711952,68.1134497477269,63.9626855514098,66.5156955167598,62.5928572678702,63.3066339380158,60.0730661078802,60.6218409181306,68.6934785170066,70.8647521160276,68.2379644222694,71.7544051162183,64.0657817135926,68.6886115323004,58.0040712958524,66.8085609993799,58.2322260897321,61.7964424046227,68.8476020253754,57.6747705597886,66.5556815289402,64.7591542726813,66.495520594754,64.1968263482223,67.9697797866236,62.6089343037643,67.7157031633376,71.3980572446889,66.0117202658605,71.1343510964498,62.5076364562936,61.9808621279791,57.6107646200003,68.4243457053304,68.3234031712907,64.604698037996,59.4754990423601,67.8602563762668,68.1444340979036,66.7934565974099,68.1347805134782,66.3919709987196,72.2109401206789,68.1631930507953,60.2132805105363,73.5750496429726,71.2825572979376,68.9778248378644,70.759018341361,68.2703293252966,68.477690927568,68.9856068900979,67.5649561926272,70.3818360764724,62.1596253783048,63.8599323223529,67.4877085228655,64.9272155161165,66.7315298206833,61.8959593614523,68.9193212756118,63.4684803273883,65.2722809208667,64.8206676297111,69.827343799364,66.8029608994116,67.8539569351531
69.5894961162849,65.3405123871984,62.7440816830705,65.1252180918837,71.3767970033678,62.5724021038222,71.7338359848755,66.0484490187072,65.7236448991206,69.9283208492802,68.7676596595204,69.1494999800118,61.6306627426241,52.7356064026358,0.0,68.4142409591582,70.5592822723391,56.5073012494686,67.6920762236067,48.4067045938082,42.3539561328492,80.6487426736931,46.9842209276368,55.4994940018147,68.841314923375,76.1884430797415,64.622596379504,73.444554752747,55.4349462358894,49.3483384947565,71.7255599327764,67.8663863416642,67.0959734858745,66.5448308682727,67.7188683535883,56.0681857368168,68.8600834317186,68.1537069474422,69.4406398865397,63.5641158998307,59.4424644488028,67.8013763877538,70.1486308502608,67.783058662358,74.8137674527557,67.282199186774,71.9061118969815,53.5089539406917,60.2537682798308,56.7380243427772,67.4747824660461,65.5242969903131,55.2442524176496,65.6801661814792,65.9783723706171,64.5094060952856,66.9796168357345,70.3060313061299,64.711462905778,67.6449126568746,64.5449251149904,63.4744929811085,69.8438228318052,69.8130530198587,58.2132143840678,41.2690190532768,61.9180821952838,67.9721582682493,68.2677094838682,58.5196176094719,62.3159039697588,66.0547189471717,63.6390674103013,65.521422316524,66.0828704473187,72.8380940004234,70.9030638323364,57.5126949606054,81.4937680595342,74.2761528350815,71.5620802200533,73.2627378552545,73.8075102665806,73.3914965601763,71.0167566090444,61.8546916641967,74.9141709757598,65.9806502388441,56.9502247601067,68.2918381454834,70.1829602666009,73.1583059004695,61.3801820544277,76.3503062377377,69.1964440076817,74.6624172172898,73.2916675034962,71.559871372921,68.8216575138678,64.2026057633647
66.7668541487357,59.5678991655421,63.9758736597584,69.2056818883818,60.6774317071669,64.5004714751035,70.5780920087467,69.7602316656282,66.8007710164396,69.2884824869226,79.9848934054912,77.456718324061,59.4777527004082,66.5758690321002,68.4142409591582,0.0,69.2110458567845,64.9771659010674,72.571003092691,69.1621873785213,63.6912756142999,72.7320843335845,66.7231314188182,67.5536203744137,85.6104382641951,73.9087193027667,73.3645634426843,73.8055162064819,71.226122489437,66.0397264801082,65.4199004302396,71.2980880892757,52.2675415714889,66.0682377160025,63.9612566352496,68.855478940903,70.4162728025174,68.2970653588023,54.9549298116852,69.8267337979982,69.3737244026642,80.5050022272765,64.6522890657658,64.6150590988912,67.6707786105421,55.8195773421865,68.7674658878253,74.5564966108753,75.0708795333428,70.3051779512814,72.0696786150021,68.6307978835889,69.5657552466239,70.8546513615376,69.3618139911361,66.8118822583769,65.8435262713526,70.1817740219248,68.1868262450914,73.3488202831336,71.6461524431751,60.1933610325344,69.7178985075833,66.9635669477182,63.3999087449417,70.2982955618188,65.0058097255159,67.1617479507965,63.5320810557134,64.6167734946318,69.9777627935253,66.0983412361454,64.8725987562315,65.3551323428467,64.8321300715578,80.5885826113132,73.956877232222,64.1813671529851,72.8837020215949,83.1132502634917,67.5952028282031,64.0457865179069,69.0149852461826,66.7517658869668,71.3549894426695,70.0207685753749,69.5390463425575,68.6794068809944,64.107020536442,66.0240038967578,72.8760455389976,72.6053396917061,62.7459355057361,73.1097284912943,63.078304971346,73.0222789163637,72.4569976386761,66.7204382522301,64.4159079764328,66.7005146915295
71.0042305006101,72.8063178958988,78.5900610106432,67.3574084808565,68.7408824881793,76.8910202987695,67.2743912854947,66.9106830721134,64.5721153371487,75.0257579406198,76.7486000536905,72.8612400275952,59.0215513164962,66.5716981407924,70.5592822723391,69.2110458567845,0.0,67.0562266957071,58.1515123776539,74.8799357717794,71.7838184920008,55.8782201915345,70.1677902241593,72.4141466715483,80.3663278511884,75.6802928357173,74.268116013853,74.4193062845547,70.2383642103518,62.8566303390356,74.2148446316468,70.1941042909586,71.0643585087723,68.084453214079,68.4313112412225,67.2959518827667,74.4259964562299,72.310213815961,71.9444818806388,70.6949911609527,60.8921079484813,77.2770221369258,75.4189610022067,74.5127971229823,76.8500629952159,74.1189437713489,79.1894851528551,72.3867917591843,78.3053752089369,67.1448771937041,76.0412167264498,72.7297308997874,71.7960734761254,70.0806456149104,65.5872095204665,65.2078638163119,69.9514826345882,69.1305477514478,71.348140011735,78.168802491807,66.3182700749672,69.8021740393381,61.6707606806927,65.1854674109231,57.2772959840553,66.3522629495296,65.7584523687568,65.2695592828855,65.2426662417535,69.5121007119712,71.422014299601,62.3798717099748,72.4894654014585,66.9459123240908,66.7570765760619,81.9805935439573,55.6854608821414,70.9113024666877,84.3229604289571,81.2002029075361,74.9517555268959,71.3364252307346,74.7790245344008,66.5982076866293,71.3272934753583,67.734240800337,76.8488921638277,70.9477483568227,71.5177617566222,66.7241837221476,76.8922348630535,73.9905743858077,76.6963360309415,80.7166245327681,72.1713968780306,76.8314275543111,73.0669154662268,71.4438114799358,69.6570556589722,61.8521393309139
69.5447556274193,60.7734171574076,66.9357440390944,49.8933606583678,60.3476027387709,61.2293707896349,62.7441644405686,49.8191164471063,60.6897627068084,72.5517843896105,81.4785470027047,80.5028966482373,71.0947621765535,60.5957674760601,56.5073012494686,64.9771659010674,67.0562266957071,0.0,56.3373930418855,55.5421277532422,60.2194433667385,68.9939318634873,52.5683307013104,67.9751895791898,76.6191441629746,78.5159781895814,73.4948545819936,82.9187539998716,64.4964740867253,65.8168430759515,69.3873573715802,75.9173322603783,61.5883553252857,35.420348895399,71.6561646574653,52.6193820194426,75.97701132219,66.1567094180248,65.7316695853358,70.658630849469,50.4156974489567,74.5464258781777,72.0539993446662,71.5646419682558,75.6256638818576,73.1799803387747,73.4016494851354,62.3612195437623,55.9824952918784,56.9028131314841,68.7234317517668,60.7625540917183,61.2973996801095,64.434090073096,62.0865982653026,63.9882489121296,45.4674565427407,62.5966226978607,75.8917555988678,76.1914057826148,69.9972316473709,64.5852623783835,71.4511897982193,69.6874188954212,54.3551346520664,63.2717539370768,60.6165468812977,69.7611781110926,56.0270848233563,44.2062794241749,60.3817039363993,69.8677468619227,68.4743606399591,68.170086947597,69.1837004834829,71.4878336848378,67.9707909033029,69.4581115583334,76.6269789731314,75.8989609591378,66.2885967179528,62.2150856571646,73.6847652443667,72.676977114208,73.4515378139494,75.7952647060644,76.2237590289702,68.6889167100077,44.7793989886811,61.4149170564226,74.1904263308252,69.6450000089723,70.5451259975339,76.2096297109504,68.5211545646494,73.4864198853188,69.6104147614181,71.6330113114325,57.2369491407143,59.1470986343962
69.7644344241546,62.4537390812022,71.5423304528935,56.1276821125415,66.5418034032948,69.7529920526809,62.2824233562693,60.1503859594357,66.1079959603468,75.125558973135,76.2158794096466,73.5824639347149,66.0809450847255,56.7479715539577,67.6920762236067,72.571003092691,58.1515123776539,56.3373930418855,0.0,64.6147253056943,66.600281028402,62.0128706589622,67.975522135747,68.5466061994063,79.2421432009323,78.3976813240245,74.5180697272679,77.3519927509904,65.4464672126672,69.6637974022579,68.6287593887707,68.0422968903056,69.7028349464274,49.6017676341602,66.7551336180751,61.9558974541138,67.7419631681326,67.4980925103273,64.373234430792,70.3282043937694,54.3037951078503,72.6767341015867,71.2794621647723,71.9418943874254,73.3008358970227,64.029384577432,77.3400225768592,64.62365143074,55.6753178177904,62.9303643755444,71.7684835082533,66.7069442029691,63.3076320925529,68.7716746046762,67.7288029467414,64.9395560355985,57.2888408423753,62.0323623028889,73.7196029771701,74.7070274577216,68.6445946584244,67.0206538911413,63.0815730579325,62.5182196108282,51.9716827648873,64.017314735772,63.1643399784279,61.0198070287507,60.3882575557906,56.8834109769796,64.4553210256713,70.3671338097626,70.0767212762794,74.3766676871218,71.271202546044,71.5858077328365,64.4535187120762,69.706352004079,72.3371666634159,65.7676887752419,69.7746587590154,72.8855385318191,65.21913743435,68.9684024058647,66.4011395969138,73.4551786323768,72.322800716789,72.0396866981523,61.8993494052353,72.1034239291818,63.4488155507274,63.6942987799717,72.9361533917222,73.5195218767136,70.8499731483525,74.9770152897873,63.7873359802775,67.9388678498804,56.0694671352936,63.2353192396104
65.5800124699851,73.8042212052721,69.1948574094098,67.8520924213031,73.3505360267509,62.5198000980538,69.8275007398461,69.6355494723133,69.9360805069696,63.4050712021534,78.6225022543146,78.3272690010219,70.6052991253126,69.4658456736924,48.4067045938082,69.1621873785213,74.8799357717794,55.5421277532422,64.6147253056943,0.0,49.3559047429469,75.1461718767057,58.067740024371,63.3766902004982,73.113714955688,80.9873388217481,63.1386890401608,79.5145071464235,60.7101768251448,55.9056092537266,74.6907818038353,75.3029944974005,61.8375817660281,63.0106811429125,65.054509203446,51.5050704356706,73.952923144951,72.2953202751165,69.7756759385287,62.7977776651276,65.7848175890167,77.4932380379466,72.0882138352472,79.8802397717637,66.9972942222709,73.126371850374,68.1569462982135,64.1847482857625,61.1591603163364,57.8331175179333,74.6894021298984,67.5009655645857,62.539093602837,69.7732666740246,69.2297235046266,67.1114885455388,74.9697863019567,71.6938282979308,72.8920150518694,70.9378002052379,72.4349737552285,64.2804474249822,65.7096420501767,76.7721659859999,60.6426413453515,59.981752511168,72.0633738769319,78.2904984933942,63.5355396586177,53.849729752646,59.3011802558789,72.4324804035942,69.3124405669994,67.8607440107755,72.6379170833601,77.2321516291571,78.2801968362049,58.6344431396203,80.0681406261593,74.61379017238,72.818435325962,71.1255128713879,70.090584361127,76.8681507592703,71.7130751968954,69.545038549564,77.8940671032929,74.0232543752744,58.598608625985,74.8068720432431,77.447967164944,72.3875836288402,74.64369807627,76.0850914107944,71.3584034862259,75.2727950962701,70.707028894235,70.8245451783598,64.2928791547679,62.2996391441613
68.7283053665461,66.8223970941857,65.409444791606,66.1814756692091,65.336994397383,64.2905694429474,68.5856588729929,63.8231798453405,60.3914558840758,67.419459043858,74.4293641578511,72.1858333375116,64.0316537786409,57.4445254780343,42.3539561328492,63.6912756142999,71.7838184920008,60.2194433667385,66.600281028402,49.3559047429469,0.0,72.9341187642244,52.8023454328,57.4979473904408,72.6274420538673,76.3682755740702,59.7822205900127,74.9331198399488,60.3944361975607,54.8574576724897,72.1029073130122,71.3276956662887,62.4423716964459,63.1381843931892,65.60157161394,57.1567498844478,69.4810706568829,70.194863006258,65.2317573465684,63.2222046587142,66.8854422722007,76.1504020534466,61.5912454741695,71.3621733271769,72.6720337771265,72.7276795020861,65.7186075288316,58.3729138183297,70.9631888867709,62.9975341997952,68.7625713247045,59.3180778320463,64.6130527309218,61.6550221179263,66.1951820692542,63.9420278450946,70.48041884106,66.0710471762598,68.900086880894,64.277760737564,67.4465449989764,63.4231397150018,62.0044477913529,68.8322371929934,64.3481999244898,53.6286489118696,70.2883150604366,64.5436026780708,72.443499172142,58.2256061154805,53.2376163542296,64.5315734373708,62.2354380085253,63.1050217992627,65.5329831533948,71.3629869304305,68.3133592686027,57.5848574434161,78.6892136759185,73.8459547358689,68.2192562374358,73.8096392524564,73.62219475513,74.1259950398699,66.3994833962846,65.5029421428308,69.9189021953506,67.8548070184619,61.9874849682434,70.4388607494924,71.5492801931318,72.4230510802205,64.7993118837687,78.6675608710922,69.352348542353,67.0305347820859,64.954833544526,72.0794250867093,71.2539571778675,61.2161294603451
72.0720137004597,69.9254354391083,79.7068936736713,65.3749345024415,70.4652923270414,72.63046683028,65.1872302784312,65.4085432269755,65.7766359439856,80.2443217819373,79.8276037609712,78.3211480056307,61.838366590288,74.4384086208314,80.6487426736931,72.7320843335845,55.8782201915345,68.9939318634873,62.0128706589622,75.1461718767057,72.9341187642244,0.0,73.8980053490083,78.5555186110562,87.3689234611836,74.3497240152157,77.8605203976437,73.986565861114,74.3169298469837,74.2377424583262,78.304193033493,75.4604880941945,74.6183258976784,68.9763585558665,70.0014227318914,72.8392924156978,69.6988731496456,70.8423262113358,75.7262473525198,69.6911787094075,67.5712991778054,87.64373137653,76.8630672457236,79.7481759793204,80.514162355508,70.8080945948994,81.9569455714685,79.374065685406,81.5075332141643,71.814755973668,83.12225585066,71.7337686948169,76.2268255456253,75.6985717148661,73.9695721480632,68.9614878179225,64.5754808837653,68.5620640089947,76.3390183347027,81.6368332591748,70.5571460165541,69.511239196226,59.8428497580964,69.7348164278328,63.8576479319616,73.2014721435751,67.3133982961183,60.5391170546689,60.7903495314244,71.1294755699931,68.9531330077242,67.4138747518377,64.2673410381412,74.0723819667591,70.0459291826765,83.4469199908934,61.7339341228153,75.5069666728145,76.3115592905787,80.8811122848074,72.2321056524352,74.1137444522433,77.0389041860192,67.2846400608416,78.4460672073575,82.4099579185409,71.3791101009099,79.1163616584114,72.296869362079,70.0797863909107,78.8688981749431,75.5557600545614,81.9139729660424,78.2762580370434,78.3435848624804,77.129200027189,83.7921222735779,69.1494941901556,70.0166858000281,66.6356424222048
61.3474324893489,56.2852306956683,56.8357414675711,64.1459528024197,62.8410082478149,56.8465141601555,63.3271602900745,60.3734411362046,58.1308456736023,69.4551597441316,77.5623645913897,72.3784986381139,65.3760515406665,56.837295229687,46.9842209276368,66.7231314188182,70.1677902241593,52.5683307013104,67.975522135747,58.067740024371,52.8023454328,73.8980053490083,0.0,54.7441903568974,74.6182255052456,74.7380711000473,65.5736142025061,71.9505167577725,61.7270661598712,49.2680287643637,71.1173054425855,68.9503251344267,60.2732891264132,62.5081042634349,72.0324370725264,53.1795070768094,70.9843566327749,62.1932900904987,65.3345068387462,67.2195195659083,61.9919742167661,71.2606763688181,67.8490744317791,71.3812707934686,66.4569814237015,69.8683267553866,67.5323765533028,60.7542616352356,66.638174856844,57.1807439132815,63.183969663302,54.4443661540171,55.6626249415516,55.9550213035721,60.2500937329796,59.5004400815809,57.6969434130492,67.3996473636962,58.5179267888586,69.6639278024562,66.3163001054317,62.073640659024,64.0905337334389,68.2285851336948,60.4951258031518,53.9758560240282,62.5868974217804,68.8706348790682,60.0665000385304,57.6636123881222,58.5947274296982,65.2473393035555,55.074782427393,65.3664175214212,67.9661529853119,72.1008990960552,68.9556473475025,63.5548596114455,73.1411242053106,75.5371182562567,69.1423790822217,62.7408404485074,70.9617848776473,70.1246932980193,71.1543321437754,59.6245666505361,72.100212841207,65.864524885941,48.8686486437363,59.5561286222314,65.8476224377534,71.9122230006008,62.2533597500258,75.5725383381799,68.4930997364119,70.452320057683,64.9272238683223,71.0107067247581,59.3464962077923,64.5987072197504
