0,1,2,3,4,5,6,7,8,9,10,11,12,13,14,15,16,17,18,19,20,21,22,23,24,25,26,27,28,29,30,31,32,33,34,35,36,37,38,39,40,41,42,43,44,45,46,47,48,49,50,51,52,53,54,55,56,57,58,59,60,61,62,63,64,65,66,67,68,69,70,71,72,73,74,75,76,77,78,79,80,81,82,83,84,85,86,87,88,89,90,91,92,93,94,95,96,97,98,99
0.0,104.707794271832,110.385986974988,98.9399087593165,105.653985756009,104.785034444775,104.955371460813,103.160430131105,100.80352322758,105.900951822427,96.4403380843438,99.7348156064812,93.1116265147749,102.257275673235,101.827520128833,102.33845464149,92.4881560155155,105.24214029694,101.868269900686,99.4877981136868,97.6369541136564,99.3599232109378,100.070300019569,102.503965434958,100.348223246445,101.457326419745,97.4825274127089,93.4329457538009,107.015633729341,106.298881856151,105.790869668869,102.80974162193,101.10707925398,100.552986585005,100.933198639386,90.7387233876691,99.9191827781671,100.124831048299,101.057298537157,101.74787077103,98.1460912325971,105.162721480806,106.023840601281,104.984934886336,101.573766002345,100.973377566583,97.8213203632152,99.6447621708827,104.091808522784,97.5015966090985,98.2573830524616,109.279917261915,102.757708044394,95.8194286050029,109.077656383693,107.104214435155,97.1132282690026,103.50871998194,97.7798182765815,103.484862942857,100.613045822434,96.9530529246442,103.54438397701,107.163909371306,103.872950495262,106.166441011693,102.42084920155,102.914885358425,100.829032291654,107.425135337136,98.7238460705685,105.34899932101,98.5006845838653,102.800111631195,104.623035956446,106.899149204157,100.43051438387,103.073603956693,106.859215316352,98.4444878763739,106.002825863711,100.125625514342,103.170481695354,100.615810174625,104.343510112801,104.727244133699,89.844464665326,102.085908865221,92.1705824499464,109.974022743309,96.8605392066916,92.6633981646775,100.772757807771,97.2107316940199,99.1044725700882,102.316674311251,99.408011299918,102.121697211399,102.278053149313,95.4170160382458
104.707794271832,0.0,77.4307571269761,97.0284322629712,69.2826727622838,92.0968501682492,89.3726449738752,93.4511051296205,92.0496011569617,91.2745316568455,99.852301009737,91.277342727655,94.3996524078309,93.9537403270256,85.9131276697406,80.9228872231146,96.7612779855619,93.6181302435444,91.9661914409217,79.8586745767655,95.5290767063215,94.0471243196036,93.7232274914236,94.9755109591972,102.060414373142,97.7119154616323,82.2998756600597,94.0169897828215,87.01923272921,97.1635841413404,89.0235122716994,100.302424146814,92.4596792082608,88.9148745354564,80.6950913086457,85.6656945245258,90.7680912420116,97.3126619577902,86.3010658410691,94.3727236300094,83.6516000977907,99.531835726823,84.5876084240772,91.8598685824747,82.6167250351753,86.6259603499686,84.7902726674945,93.9098984282548,91.560930495256,84.3541982490511,93.74657003621,64.0552794120387,77.4095479157005,74.810172893098,78.3647796347423,88.4528251240334,83.9879843259064,83.1643158944073,91.4680530521102,103.22864715997,86.9191518121822,88.3495741883669,86.0632840897668,94.613633210782,91.0409157777245,85.8435736744154,93.0382057214158,100.257036219129,91.6612468697957,87.4535273694432,83.4714946359834,85.7719687703422,87.1111688429345,91.1365056655559,86.517325056357,91.4224904749088,83.8927474955535,82.5536644748952,97.3247718101547,102.160831944548,86.6791395406249,96.250660583282,98.4343604078881,85.7512999203563,90.300075401731,85.2296123058665,94.0080241377644,98.9500341728996,97.7199712180827,95.9572808720382,93.7719036891637,103.312003432292,90.5835103885622,95.1460844262518,87.5286331673568,96.7867285887356,87.0225585474129,93.6758074257033,89.521604890626,90.193281577601
110.385986974988,77.4307571269761,0.0,89.3768291575367,77.6071618143304,85.4456988239266,84.7268792089157,84.499922236074,77.6923581057225,84.8871829276646,101.381423853044,95.1898978857484,89.7815748755877,87.763939949546,88.8762010295419,87.6892671151771,94.0711501949971,90.1063766846102,96.2384713712565,86.3674571032257,102.036991833457,97.8597618878092,97.0337142979503,93.2212254076701,99.175359011179,94.7953863587654,86.027750486236,91.2594672517335,89.2417778039981,92.5255355130061,88.8078853119589,99.437101494741,98.3346744587491,106.42339194928,90.5039674828971,85.4360939561634,93.4519110238454,97.5095284887329,93.9004184828084,91.2310429057367,89.3952970589054,103.366363767858,90.3146512405951,98.5851836327854,87.6531841860015,93.3595736283193,84.4707899377576,99.7234108669518,83.5240464700218,89.0958019173708,90.1652093039065,76.4514543180548,84.1348351784732,87.0075747860687,81.763707167264,71.1465909443735,88.0594486290129,72.1257428894334,85.5869852503057,103.477895486622,97.2522767555912,91.1254044325996,92.7877991835069,94.820238168483,97.8873839049459,85.1905114580881,91.8811971793452,99.6254693755327,100.089936751437,87.3777187770129,89.5635420865214,89.0830008083217,96.3337841609928,93.440290343433,86.0588086379039,93.1433946624557,92.1806797383896,92.3675231392093,96.5057424086346,101.58211473935,89.5769800230413,98.8165409839108,98.1611178047402,97.2559872851031,84.3602078451212,91.5126123989546,98.9411652766119,97.5523296421099,97.3786507030951,91.9997793400966,96.1576687158891,108.116194475949,94.2982542450558,90.2964664092885,92.6263738138907,94.4842204857214,95.3184648582329,94.1517886429147,85.8293433738246,90.5312203461219
98.9399087593165,97.0284322629712,89.3768291575367,0.0,81.6150220073544,85.8895485923799,90.3196198663304,89.7815578017929,97.4188922737027,104.964351922649,102.03528354586,100.458243655575,86.2190020514728,92.345927635936,96.7841417153036,89.6184031856847,93.6421582654511,99.6861673182713,94.5882412034835,87.4023922541221,94.5496327929602,99.9549555703715,97.5190171948138,96.3828788070971,89.4868475436809,103.170199340799,94.0277321098825,97.6076570535804,92.7477555420732,99.2411105182553,88.4246306905251,98.3040569782516,93.4510582378258,103.557910286826,101.042244452426,89.1469077746234,95.5665332065533,91.1491011770596,92.1535290389871,95.2190307078898,92.5179800535698,104.04193617518,96.033103740924,106.967071881604,95.0748197252483,95.3014785597719,99.292629683532,93.2623457422266,89.053637785619,95.1039806509083,87.4846827628718,83.7234136162039,90.0843326604557,75.5966980908208,77.3411018365458,77.789011517953,88.5773230835835,88.9392990653203,88.9923094874281,104.048922662464,96.9817116408209,94.4264402898183,99.8463208024188,98.6269861482269,107.108208510155,98.7693318842516,91.8291983613647,100.278231775196,97.3149053587086,101.047591514975,97.5450425541204,102.949900738414,101.319669962956,96.228073618036,105.970349625884,94.7247956617792,101.61200283333,98.4550484714812,100.969503247017,94.2833527833163,101.841747636639,95.6494606628116,94.4371093001866,98.7397996292336,91.6040784190755,96.0882574408009,97.7156047358441,101.579729776732,94.7817003428115,97.6683281750134,97.9832353394737,94.6070684489369,96.3091804610951,88.7540013476707,93.7324905155938,97.4972664599834,102.21503135706,100.706134131639,91.7495746562318,91.7458513638112
105.653985756009,69.2826727622838,77.6071618143304,81.6150220073544,0.0,79.7619425099747,94.519559878435,94.605919683933,91.4514381352003,87.8426806569018,97.2139364834418,84.6016434127836,94.2261542315346,96.6775693779279,94.5350049905343,86.5383536408624,96.0950620642926,103.898991622585,98.5036260095211,82.9321243465232,99.4002513313619,96.4131632149529,96.1255085590377,96.5333822790011,94.4238236935411,101.003404194678,95.5236624945677,91.6693249794366,88.8812060887835,88.8557474561728,87.8769009560229,101.1185858347,101.070355478808,96.8420290104398,89.5342587608939,84.0611329015663,87.987150209103,95.705183550252,89.7454020598343,95.7133577225119,84.9563926946823,102.20264835552,92.045132927946,101.918384223977,90.1243730155686,95.2930845736522,87.2820448245485,91.5548156290254,92.9476520881295,94.7930867930295,93.3692325172552,83.8718064216393,87.1675603955702,70.1771165918494,68.1334566591094,77.7043884230232,90.7364185937704,94.9418517727218,89.7616155479797,96.4420417608131,97.6045934681335,89.4348839227887,91.0534381176588,91.5474332043822,100.856594050628,94.1580751528739,91.6054249603512,99.9236822490468,96.901734977246,95.740205996872,94.5979695245055,86.7981725109489,99.2882406891323,90.9687179333666,88.3681820680574,89.2731484310625,91.9666905140679,97.0256130218834,95.1263161880545,98.1780193721818,92.812350916664,97.8579110339535,93.9010773380674,96.3802949553486,94.5210347977343,95.8600075766536,95.5524189478554,99.9611377608703,87.572476310351,96.6360070283276,98.0421486769117,104.824964399793,93.1867986586915,82.7451246975978,98.1720192076881,102.097974938682,94.57780565366,96.5327277865244,93.4139820503609,92.5735920839441
104.785034444775,92.0968501682492,85.4456988239266,85.8895485923799,79.7619425099747,0.0,93.5021319883966,87.0890994451269,85.4487034237928,94.0405462675032,98.2605113897472,101.784546600036,96.9496446296117,95.8346038640776,105.751382469704,100.333223688544,94.3595564405643,104.389123214813,90.3679222509687,90.3947866492979,104.598231420209,97.5298407828855,103.165619416876,99.5684853733679,101.692835855492,100.94689731303,95.3120317388406,99.6559767817163,94.4267690685385,107.79420419196,95.0893425366827,102.34822327337,107.417625853999,102.590268461211,96.0565057803854,88.4987801398504,104.128621444107,103.96371305762,95.6930052783753,98.0749208625511,97.7304800229344,97.6387115612514,99.7301105076349,107.206422923832,87.6631983296213,104.50905190751,98.3063458199126,105.10160680713,89.5127756784233,98.6945693524317,103.417726486443,85.4763716613068,97.7902840383252,93.8232778359999,60.3307107840613,69.3884506503645,96.8479951926009,81.6524444167799,95.8803846827552,101.801197197803,105.620737514003,107.292606519192,92.9811063717801,94.0603043901005,101.401847921259,97.7725538366297,95.2997982632917,101.651960647956,96.1324134122789,104.340561956624,94.9306542873361,101.339442131457,101.440960203869,92.9011939443548,97.6243827903667,95.3473774452988,95.1988123164098,102.088731597369,101.402991631188,104.977564252512,98.7153832371839,104.94126877334,91.7834399333776,93.1353866936523,96.6748129127391,97.673623754342,94.4566846164923,94.1873340332725,90.5386754446289,93.869615966381,102.754408767599,109.513861331874,92.3067102855623,97.5265259452396,95.4058471255516,105.883772274914,103.311590879206,99.4648370279943,91.9813796857461,98.9264508114979
104.955371460813,89.3726449738752,84.7268792089157,90.3196198663304,94.519559878435,93.5021319883966,0.0,66.2282940772623,79.25379862789,90.5112467320346,93.2553072917831,87.3412486165163,94.1373554407948,94.8229479043496,87.0061607843856,85.5777047912381,89.9027225596915,90.3142073647515,90.9670822951225,91.3978529770113,84.0820995869692,101.639195780553,90.7573578988172,105.072573154871,100.55598222752,97.1987835697342,100.514180583429,93.813175914834,102.184656871894,95.5261383809493,84.1368546141761,105.71462764854,92.7777397020357,97.3645276314216,102.92802231879,91.0841050397052,97.0670072828767,94.2354948685878,77.8690383231785,86.5186323111654,89.4332632264973,98.9931257147527,89.787152756452,90.3867884589699,87.3820016869811,93.4622704502297,89.2482387692399,93.9317723622767,93.4176981577805,89.7216316902904,94.6921822592584,88.4481837822767,81.7885934485471,86.0302899428028,90.777741279653,90.8567321944078,70.1303487204786,90.7045544944837,83.975426026078,97.2124932191442,93.8502152852778,98.6550614178696,94.7926278571346,90.5721853340806,101.267988038466,93.2289899914457,84.2229369821707,110.219034027444,100.111445024942,91.4828090268648,93.6592842107598,91.0451788979646,102.86683985522,95.4199646608593,94.0865323282413,98.9200070049637,98.2876483283536,95.0686016563171,93.2300481741523,98.0227013763368,97.753166053905,90.2428760768903,94.2631162929493,98.7279929806773,95.7913192335828,97.4543732138654,97.291891407387,99.1407423327966,92.6086130464481,100.772599200935,97.2247903982939,97.5257174414187,93.5804252284746,91.5507121494874,89.0497057809582,92.7696367885328,96.9280131602872,102.315942293825,96.3655358421136,91.088993848763
103.160430131105,93.4511051296205,84.499922236074,89.7815578017929,94.605919683933,87.0890994451269,66.2282940772623,0.0,75.5762624823685,94.7430640215308,92.0648761921244,95.9207373217952,92.5289657019255,95.5251878171235,87.4052479494702,86.9009628862146,105.215851294652,90.0123485154647,84.7898041224233,87.5735943627159,86.6816159692193,101.508145099534,99.1348913641613,104.807629423598,95.9094989115736,102.55352276697,96.9679487981015,87.3222150711005,99.0963311700434,101.527815993602,85.2379997101955,103.193482241972,92.0121671417236,108.431775677002,103.919596986964,88.8077947467261,98.6068157768485,93.8208834709536,88.8685326391779,85.2449332820721,94.7519092853435,96.2002293400365,91.6084637390793,92.4751180757742,84.1682765562826,94.6080818507189,93.2030659631882,97.9878661158317,88.9185338192795,90.9748276604382,97.8949236770259,83.6766614584613,84.8021154077149,92.8669119298491,91.3931500648746,86.5540483038552,62.3700828699431,76.675888967899,88.3779348420272,100.912504639656,97.9682613656131,100.629046515653,97.2183308735093,97.4807496851344,101.537474674455,88.6741567905564,96.2203093390742,102.160872384413,100.463961098395,91.3074762112557,88.8715458993743,96.5997164120779,97.0768562479224,92.5446115933771,100.952597305211,96.5609845242512,98.712443573701,94.5129514569239,103.497649018794,98.0119155654482,101.323783964315,93.0649093373869,94.193313672425,96.493191326927,97.5128171926072,94.5080936381279,93.4563728855495,94.3946714834299,95.412765827311,101.938660877379,100.185816692949,106.619125153547,91.524038131128,89.6490843525621,88.4481021088725,92.8858512721796,100.246967175372,107.419205178612,96.0288738040547,94.0575782442649
100.80352322758,92.0496011569617,77.6923581057225,97.4188922737027,91.4514381352003,85.4487034237928,79.25379862789,75.5762624823685,0.0,91.3597903967969,92.3665645180205,99.0399236982518,95.5722636848346,93.4767295003005,96.0538135183016,99.9956459277726,87.8154667599263,97.3619568742823,95.341016540168,95.9596428237653,95.0150766673241,93.0481559970009,100.595026277632,92.7033065287451,96.0628485558014,98.3287215081079,99.9145617629233,93.7092289972313,93.3309633739917,103.464656039608,85.0984991401665,94.206278980498,93.7352581585802,106.99920782345,91.2472461946516,99.2486285726251,100.867492351292,93.6183527659273,88.4087527438541,88.8031395716492,96.8327507784047,93.4395165600791,92.7734845674902,99.0892328939198,84.1310359612776,103.447157208059,89.9101311608824,102.805941308613,86.6394738990905,96.6608335630163,94.3205183161333,93.5087366108225,90.4444157721601,92.0436434463591,90.0743359744337,74.8926533019748,82.3487497796693,72.4812805194579,95.7860113164657,103.952495930085,102.609781290705,98.9613907997172,98.3203924960582,94.3629764477212,98.836359441745,96.5039122880902,84.9472601995946,98.731331076496,107.46210208271,98.3529321569746,98.5001555912177,93.8199330816467,98.2584881615246,92.1313407587052,96.9572249490306,86.684703747325,99.3316609703025,95.002929430802,96.6110354592612,97.7141064933313,98.4080188990071,94.5209179729308,92.1323836618942,93.8459410368017,97.8756943556447,93.5772713719689,92.7586975554706,98.1287500483741,96.8419281556397,91.8834298402806,93.7813317998341,101.631084254022,92.5560653467227,93.3926653798063,96.9101324985131,106.243712269014,100.689425968655,100.946292032653,90.7911911863011,97.4115910506065
105.900951822427,91.2745316568455,84.8871829276646,104.964351922649,87.8426806569018,94.0405462675032,90.5112467320346,94.7430640215308,91.3597903967969,0.0,86.7009755333732,90.6635154734933,86.7040789726586,87.960850716747,87.0160124359251,92.2999009220227,97.6305681406307,102.803161630276,97.1478594986568,89.1688217730118,91.4980880778784,92.6317681212619,91.4137112070536,97.9974039431072,97.4711947654865,94.3157029876445,94.5449701817665,92.2487075067741,85.3280356002497,90.0334276640646,86.7546734565823,94.8294572800789,97.4486790423759,94.4448936515312,92.5286861755551,89.7689211332396,89.871091307034,97.1746326226262,89.3496128324372,91.9524518651473,87.7682954997775,92.9706415561181,97.220317186381,89.7095369012184,83.263889401541,91.3543752598675,91.9343410244902,97.8857650953705,95.9526830906014,95.0947854182626,94.54817084175,89.352894411169,95.4547032168952,96.8544517594785,98.194605040386,93.0781799025538,92.2886389109089,90.0080839878743,88.5215445109516,89.6473443172603,97.9545657315336,97.1014680422416,90.8724119959444,96.3848158553742,97.6561442529646,83.8773454872797,89.8228569622869,108.855062040368,96.3446474244897,93.3069055621368,95.209670392213,90.7080889570914,98.6175519416622,86.2738949429581,87.364812335772,94.7134592398749,87.2123698502857,90.1111137608297,82.708680925314,101.862202185995,92.9102312001994,88.4252332848826,97.9018303130954,96.6354977687578,98.2974593192418,91.792835757831,93.1099340312573,93.321469522565,95.8111945210441,96.4447795991473,96.9662517917377,103.281844147063,85.6026567846892,93.5028860135484,91.651731260046,94.176422462492,90.7336248964853,101.46368243801,99.8408145179272,91.5981829129832
96.4403380843438,99.852301009737,101.381423853044,102.03528354586,97.2139364834418,98.2605113897472,93.2553072917831,92.0648761921244,92.3665645180205,86.7009755333732,0.0,80.6751635809491,93.5593924798114,98.5183944388465,100.31077065948,95.4658026585568,88.6326447274177,103.92858186491,97.9012386912293,87.4980362271944,92.0599857305109,92.9146265484312,91.8168546198377,93.8150485521034,92.221314861499,91.7389374881978,97.3758125772086,92.5976741912517,95.5597351348597,93.1385576585657,93.4518278655353,96.9840557491055,96.936745120166,102.166238884876,94.3759466381682,96.4040042123928,95.3122343909169,97.1231249355847,86.8427001095303,94.6233449962064,88.5785514541559,94.7358301933582,94.914145327144,94.0122766903743,80.0227520288807,96.8352459071232,94.3237018763323,98.7600819491158,94.6165744250477,92.2243417627487,98.3972447695341,99.7363017299673,98.5032949404416,98.2466959431495,97.800594032666,99.8532962424961,91.7792823135359,96.7827835067113,91.7595854782572,70.445037803998,97.2423879579812,96.4926350879919,98.0155818214075,105.46516203225,101.162539071724,94.4681726949754,93.1102925908714,97.7230923442177,103.472842840263,101.405864907687,96.6842874949954,96.0924841228361,103.758420349196,93.5131528278025,95.1462599852389,95.6005813779142,94.6334663670568,100.050616555419,89.5588205300878,93.0727509869071,96.9318137017044,97.051652765388,91.5868095489188,95.3565958504916,100.914612525074,89.8469361011781,92.0602719354919,99.4858128912329,91.6929418195621,97.126309251895,95.4983807326312,96.0463123110575,96.9231122896488,91.8444147721056,95.5459522063721,101.72442228836,92.1656563766601,100.682262105618,103.620134604437,93.8556245814095
99.7348156064812,91.277342727655,95.1898978857484,100.458243655575,84.6016434127836,101.784546600036,87.3412486165163,95.9207373217952,99.0399236982518,90.6635154734933,80.6751635809491,0.0,90.3794351865535,92.4550534590154,87.8219606074955,94.6983100518291,93.7346617416278,95.2387011722942,100.263358888591,86.0137183714275,93.6766942507021,98.6282591503613,94.4446938428293,94.776086477959,93.4208940545692,98.0025894499624,88.3635109920113,91.814842842769,85.7849663594489,89.5829812744696,99.6136856261581,103.608222453837,105.729293418061,98.0365293626409,92.4522042459422,91.3436570096886,96.5766969105797,98.3889469460266,94.382390744387,95.2346065841835,84.7748085952066,92.208660667651,94.7178316927964,90.3478909347425,88.8244268422012,92.5188884260235,88.8346342400038,93.8331346280578,96.3318607584139,91.4306438553471,95.9113703972424,95.4573610725814,92.7424748427862,97.2435661348647,104.604782112266,98.7576462164763,96.9887590023961,96.5992263076235,93.249536138199,79.3908986103917,90.3842943636836,89.450236850529,89.3290583969081,101.369581334403,84.2201055552172,89.983979479979,95.1460685926099,90.8266688733223,102.742282794936,97.3991168292301,94.3535829510735,90.4259978546338,98.212252606204,97.2032461342992,89.1521348832137,94.7546458256708,92.7017872304778,94.7073750962616,94.0089255847494,98.6172320606181,92.3272059784689,91.8225060145285,101.61907034234,86.9847810359394,98.6929753912334,86.3389081907914,94.4497256664754,99.6312882794953,87.508708580208,91.8859329924601,94.0008417961897,104.475514233492,96.8349664133532,96.8338014366089,92.5855864631259,95.6756651269274,92.3123037359265,92.1741182899427,94.785788557341,91.8726398582243
93.1116265147749,94.3996524078309,89.7815748755877,86.2190020514728,94.2261542315346,96.9496446296117,94.1373554407948,92.5289657019255,95.5722636848346,86.7040789726586,93.5593924798114,90.3794351865535,0.0,91.3900059003497,95.0972614452586,103.700028420871,87.6057749476188,102.390742813711,98.2302454425535,99.2634610131828,97.0921725832061,92.4677142966331,93.6850513549246,92.7059742125918,98.4683707486978,91.0018167304602,97.0711683130597,91.6745227785436,101.024446089505,99.5330767266745,95.0900357661954,102.728562889752,97.9220101891284,102.722578343542,96.3881857682976,97.1029136092917,102.268004672282,100.36012030197,90.8482311450928,98.9403102761525,97.1619785289908,87.3169848931464,91.5801009905408,98.9934739140455,93.5855377117387,100.373161227755,95.3859784393823,106.823379055288,91.0202163150174,102.969367406723,93.814828459717,94.3062974548396,90.098609222811,96.7255764667408,101.602001090049,95.212892662437,94.7110796449372,89.0149693886242,93.8840633191519,87.4044949436699,101.038356318753,84.4169900497663,91.6344667082262,99.7229086952176,95.9907704849844,98.0156277961716,94.8481672891406,93.2730386812939,102.280737157173,96.2021241390806,95.4276039842939,95.8369628427694,98.5107836387722,98.2037942367986,86.4656689895985,92.0622805428224,95.1109673743464,91.4310099381208,92.795050837552,99.6571601970692,91.3702368514775,97.398214479908,97.4413936208157,84.6665560056626,91.7744997215638,95.687126522363,99.6140193676307,97.4163237811695,98.5598869780252,94.2762420774058,99.7031481456486,107.379517693154,95.6645245475846,91.9124108477917,95.9452877457933,102.386449810583,103.235484376106,102.099341722868,94.1316607677657,103.583706068416
102.257275673235,93.9537403270256,87.763939949546,92.345927635936,96.6775693779279,95.8346038640776,94.8229479043496,95.5251878171235,93.4767295003005,87.960850716747,98.5183944388465,92.4550534590154,91.3900059003497,0.0,77.9956945741471,102.119488218493,83.8902897251669,102.41320684168,87.2181259722195,102.486770857726,89.4924589487332,96.7605061867833,84.0268979951832,91.5489865769262,104.636349859818,99.843868990885,94.8942077563016,100.064403528108,84.6153749294604,100.212302674726,94.4750116604383,104.003002873868,90.3577992314856,96.2712891513401,94.8569266917064,99.2287061784106,89.3887545327232,93.3773091946886,93.5384823604563,91.1508574827786,94.8924363025888,103.312540822123,95.3798894416595,98.2304632457519,82.4951185651706,94.8672849256875,89.4588726922526,94.9075686396605,96.5025186274764,88.4942530327745,99.8807600288135,91.3459249973447,95.8444947318752,88.9039157771221,96.9853332749771,93.2867353992535,94.8168215896661,90.5473489324355,93.8598952881403,95.7126147777319,99.3160221437732,98.1113809486146,89.1550143954225,83.0131023338538,92.7831812436,76.0847666143825,93.6368239654938,93.4126392824382,93.2555274598704,98.2615889237749,82.1889316658221,93.1133244046215,90.6873144760769,94.8492128695542,94.0165890345455,93.0619815715998,92.7750317308835,92.5801844091229,101.989788161597,105.161252964726,91.9319775619745,96.3058325626876,99.4964861887677,90.8097527362364,93.947520222733,98.6347478166075,93.9106986041855,95.4436570648926,90.4049417084981,98.3513476353469,97.2786528902062,101.634315821394,96.0607624746333,100.890265401596,99.7617126889404,102.158052616631,94.8848531730598,97.9382636497963,92.7801953172875,93.4469177744332
101.827520128833,85.9131276697406,88.8762010295419,96.7841417153036,94.5350049905343,105.751382469704,87.0061607843856,87.4052479494702,96.0538135183016,87.0160124359251,100.31077065948,87.8219606074955,95.0972614452586,77.9956945741471,0.0,89.8487881327776,96.1808752968432,95.937929403522,91.8198567491837,92.7600375694804,77.7207515911546,89.518655545371,85.0786412577377,90.4581000633792,95.6369137148413,94.9569195627597,96.5634109663789,94.2645815038583,88.4521066132039,88.9735832811154,90.0681385619146,102.582777763064,98.9484450337039,93.229450138939,89.3451460017763,95.3006148326471,90.4246798981825,93.1799612463609,93.4066364224299,85.0685652359111,88.7089355063093,101.159790828751,99.2269837681711,97.0572448805212,82.0238901503586,94.2368348354762,90.3806437274767,91.7252378436587,99.3298759101318,90.7337840191567,95.4054226562375,94.3182895178542,83.731890503107,90.1000169263016,98.8043892078344,102.517133819368,91.7110271848109,91.7223369744719,85.682125422922,95.389340143306,90.2389303034627,90.0052281453445,92.9814476012814,73.782846549157,76.5156421831826,68.5349249983795,87.8003241006957,101.80759032922,95.1915602657396,95.5955246279283,82.3960165401951,89.8647212073239,95.4099869747888,90.2785797225427,92.7145356595923,94.8243330667276,89.2055129174743,88.8580883325724,97.029630008835,95.6458027618502,92.2455405324703,91.9573937976331,95.2867129686423,86.6104738582416,92.8557132609335,98.3076815413959,94.3385508266766,95.6861705012111,95.3442264603467,105.022520572641,86.7898505779768,99.6325211650741,87.5719806797571,90.8980571375721,85.4781954819667,90.7806317303553,96.0160465300459,92.286636670414,96.7073605497798,94.7699226072454
102.33845464149,80.9228872231146,87.6892671151771,89.6184031856847,86.5383536408624,100.333223688544,85.5777047912381,86.9009628862146,99.9956459277726,92.2999009220227,95.4658026585568,94.6983100518291,103.700028420871,102.119488218493,89.8487881327776,0.0,102.191043211733,90.8458672236636,101.10844988717,77.6279618366882,96.8499352701494,104.234797399369,95.8286506735125,99.9593980240756,94.2913179330112,100.296191024671,92.9088326249662,100.633479830844,100.020657661997,92.5802110251824,95.267612610618,103.768776116967,85.7559730500061,98.5868413080131,88.6249009250925,84.881091546415,89.5681636498307,91.296849144109,85.9749168715064,88.5673301218775,87.4548838438079,99.0674371675664,89.2602500258868,89.6519514667071,89.5436290172085,86.4582599456308,87.9729187449065,88.6877510551872,104.00627550762,84.3003248237684,86.842165312578,84.2907224165716,69.0674314412473,81.2668712275772,94.994463297191,100.534971978897,82.782660060976,93.0306097504045,86.4765999178324,96.9204199859673,86.3282477198901,95.1644618669558,91.0036677702867,98.5899660752328,89.2414672463638,87.9659682510658,86.4867650272205,101.593475443942,95.5325969137601,85.7569516401856,90.996794543738,97.2443986697048,97.4658468280359,97.9990532276185,96.5914553181098,101.55561992328,93.3579290809777,92.1448686457571,96.8359664944071,95.4814216070968,94.3097820743048,89.8986306557348,103.627643007103,99.0299874390914,94.3196807847326,91.2537539964669,91.8957329304121,98.049438681524,93.3392226157623,104.980006793955,95.2549597782947,93.6657303194254,94.6555087029331,95.5055219840694,85.9771811154745,87.2028673554362,86.7620302813358,93.9960939038152,104.214193085078,89.7235257011343
92.4881560155155,96.7612779855619,94.0711501949971,93.6421582654511,96.0950620642926,94.3595564405643,89.9027225596915,105.215851294652,87.8154667599263,97.6305681406307,88.6326447274177,93.7346617416278,87.6057749476188,83.8902897251669,96.1808752968432,102.191043211733,0.0,95.7826512974962,87.3124569876699,92.9645947502451,101.625981970612,86.3723768668984,95.7724658821314,87.1765087827455,100.932906821861,87.0699999197089,93.6237195709416,88.6601028648732,87.9227536216828,93.6437153069624,95.1001528539323,99.519474241075,97.3528164946516,79.3816016709166,85.6706277726276,93.2185545597749,99.5465762186479,97.1891780827448,93.4539624220805,92.0396618955637,95.1915076209849,99.0117985459757,97.0319346572002,96.2129126566668,91.1823058016997,97.5928474243605,97.2145465422675,105.194547079671,92.2201359401896,98.2848161432408,96.5064473654411,97.4073307608716,93.3213513453271,90.0141453004562,96.2445695800515,95.3741136318039,97.0086718133237,92.8556017869888,96.3457247077667,90.1308153160512,103.064091238126,92.6419326128394,93.5447723099448,95.8182311620572,96.5638085702316,93.5108668625632,85.2760306806912,86.0021055299085,99.2913342912539,94.6088126354941,95.2146584239737,82.2344418053266,94.944402424165,93.1528038038891,81.6721808619503,90.015437106851,89.67288001347,90.2898962366362,95.2374658948528,98.2929706646514,87.9572280811493,102.718776488781,94.7395568799938,83.7556441658817,91.8996896039954,90.158015343304,87.0722350431058,96.9887682339338,88.2716798782893,87.02091378861,83.3684505832953,101.671610611067,96.0634646221817,97.6762486948852,94.791028363738,102.077819416378,96.7167646286808,103.000963600969,97.6393852127047,94.7803268165893
105.24214029694,93.6181302435444,90.1063766846102,99.6861673182713,103.898991622585,104.389123214813,90.3142073647515,90.0123485154647,97.3619568742823,102.803161630276,103.92858186491,95.2387011722942,102.390742813711,102.41320684168,95.937929403522,90.8458672236636,95.7826512974962,0.0,95.28371019178,89.4284095621808,97.6724316923635,108.407330581596,103.785943425871,109.642251333867,102.373984786589,105.109990082008,97.9671017129111,100.570468912545,94.7742816384356,104.738296987564,101.750604244689,106.274067120397,88.0580745009511,94.6833400790121,105.541274249518,102.092421492341,98.8555744208215,101.635641403805,94.0629746643445,106.071578824608,98.13203707528,108.429083565209,95.452508375914,97.5160512104026,100.487633903708,96.9599075935702,89.4712407201717,104.347531636871,99.2171490379505,95.1618706963831,90.1674266967413,99.7251581586618,94.4019693345879,103.428974417813,94.4272556828868,100.703020965046,89.8671342843529,91.0917796170789,102.600166214341,107.953238995354,99.6655602908298,93.0897800574363,97.5926489159255,105.198836435859,104.547465198887,94.7104822587225,98.4481753150417,104.81785669244,100.456987829716,61.528309382522,93.6864656633049,101.450062865902,96.2565295989181,100.518116576,102.915973034394,102.924713883995,94.2861481413208,95.1049903809459,102.583176399927,98.7240452253361,100.306123881624,94.8936970166202,103.088106696682,99.5431589609933,98.0228341347854,99.4135595615436,96.3197870510727,103.873800702802,103.581110876305,99.4438265486961,101.478513203782,101.649828310238,98.0163910139864,100.496511503659,92.2955534962251,100.472652791106,95.8602741403848,104.303113709414,100.45986730544,96.6902020116637
101.868269900686,91.9661914409217,96.2384713712565,94.5882412034835,98.5036260095211,90.3679222509687,90.9670822951225,84.7898041224233,95.341016540168,97.1478594986568,97.9012386912293,100.263358888591,98.2302454425535,87.2181259722195,91.8198567491837,101.10844988717,87.3124569876699,95.28371019178,0.0,95.2319585137224,90.4236355897038,99.8871557132443,91.4548494698233,100.937175781328,102.272857153424,102.743573575171,96.9453170181532,102.12569939758,99.2980981730048,97.6677652464588,94.1305935853405,99.8020165884007,99.5755634436767,84.9073700535672,91.3671997490966,89.1968082335872,97.3051437486054,96.5096169601593,96.6077040238651,99.2282423346318,92.5572088544838,105.057089864771,104.235114931269,104.797794530478,92.1046588479268,94.2302768460741,93.7622670085697,96.659564449711,97.5133053154891,96.5479985473428,105.885105517699,91.6486127675269,93.351577135271,94.1022230500304,95.2758664329524,94.1347052462253,92.2799882211258,97.6426448662852,95.4514961675098,101.395958210926,97.6058274450529,101.994425266133,101.491830270916,96.9630092570425,95.3497631913988,89.8995895400607,95.8314838017851,93.9875177949728,91.2490841726069,95.966692433443,92.5495076153946,91.7717683114444,95.1859257936222,95.4498896503757,103.151247947794,99.8740989889174,102.350304074958,94.2880486529586,95.6463610708527,101.789784509463,96.2460874798294,101.117836817665,102.566458258257,98.073118799479,96.8708207674438,95.5995101075201,91.7965453091932,102.127950868687,95.7018384021589,105.305076869108,90.3147788989793,98.6180370325751,98.3422054137664,102.895148998368,100.980407299716,105.182473081829,97.2797843474829,99.5643907705254,92.7666874615563,96.3212211421944
99.4877981136868,79.8586745767655,86.3674571032257,87.4023922541221,82.9321243465232,90.3947866492979,91.3978529770113,87.5735943627159,95.9596428237653,89.1688217730118,87.4980362271944,86.0137183714275,99.2634610131828,102.486770857726,92.7600375694804,77.6279618366882,92.9645947502451,89.4284095621808,95.2319585137224,0.0,97.421143066376,96.6216748329,94.7393753556846,93.5413487200532,100.141477635614,93.4706486441052,88.1906408924798,96.1488399798478,90.3421294996001,96.4253769357715,99.9874952442395,96.1221754691355,102.762509611119,94.4862813797447,90.2151928792245,71.2188215536115,85.9981279377601,97.566142046745,92.5630248244496,95.6737624584155,89.0312713620859,102.776800379067,94.2778321473444,99.0939054512686,92.6174587615409,96.2740660501446,98.1324721220759,90.2334079782832,96.7321524312645,86.3799289191714,88.9359693792966,88.6367464679431,81.9516603367411,88.5673845306551,90.4200355156536,93.1421928215589,91.3978190285709,86.6990193207524,91.0126021624397,91.7487834121213,93.503970174668,91.9161072356365,94.273917054999,98.9794067193444,89.7052662256624,87.7424390853116,87.3563539541362,92.7930011197538,90.7820264436022,87.7022488754374,97.7964870720549,91.6324541388769,99.1780804160499,90.9117370950836,90.0720815957095,97.9165247884772,92.2458644429125,101.3645273783,96.1743956002168,90.3863138205795,89.8031832099232,94.9802157872154,98.7136919362028,96.6474463411267,92.5120183026839,82.075510759501,87.2136782504955,93.7721314723743,79.4435246457384,95.7234215822979,95.9861383722343,99.9317881854072,94.0338196999693,94.9649313120853,95.7062248716391,99.4310370911731,91.9841918317738,86.579513017274,93.4653876363403,74.9559246371028
97.6369541136564,95.5290767063215,102.036991833457,94.5496327929602,99.4002513313619,104.598231420209,84.0820995869692,86.6816159692193,95.0150766673241,91.4980880778784,92.0599857305109,93.6766942507021,97.0921725832061,89.4924589487332,77.7207515911546,96.8499352701494,101.625981970612,97.6724316923635,90.4236355897038,97.421143066376,0.0,96.2673021919679,88.4398182457729,98.9673838547279,90.811686416577,101.87909443637,103.159848080022,95.3491999295051,96.981693563081,94.1920409337496,90.2296372089752,94.1650121359088,99.8141762581034,96.0014077254611,97.1501591904013,90.245294314874,94.2132263421128,85.4752328035609,83.4821556297915,93.4406664455035,93.1386980804551,101.487151916863,91.1189746178567,95.9260184988926,93.5597080472598,90.6080387695566,92.311014158804,96.076078673677,92.5296717244202,92.5899940669957,95.21658578963,93.0781144561018,93.5324482076406,87.5082988850959,102.846257155287,102.925313460925,81.6279758924542,94.4568859754642,91.3620474721775,94.6474932943666,94.2819459613517,100.24554263543,94.756378522712,91.8178570315997,90.5809045085694,84.1483372345658,94.373443691186,100.819752162109,96.8802141102551,102.129610514315,96.5998551865072,97.6177195068921,96.7824324765765,96.4686523244278,94.0745917539449,100.326729320641,97.9132816372169,92.6489937949107,87.3992252127435,94.8649507629199,99.4782067346623,97.4778099760702,98.0176418676902,95.0804774543595,104.322093708682,107.929380830643,92.2324864091702,91.9186276893865,92.7238436731545,107.808335818879,94.1145158753195,94.131930095102,92.3356452168499,88.8581127807751,93.3263125613691,101.574222677892,98.5519544143568,107.068857251619,93.8385276256738,93.2636881355482
99.3599232109378,94.0471243196036,97.8597618878092,99.9549555703715,96.4131632149529,97.5298407828855,101.639195780553,101.508145099534,93.0481559970009,92.6317681212619,92.9146265484312,98.6282591503613,92.4677142966331,96.7605061867833,89.518655545371,104.234797399369,86.3723768668984,108.407330581596,99.8871557132443,96.6216748329,96.2673021919679,0.0,98.5005803506745,85.8494559716606,107.622674944371,73.8659834142018,88.7858485857279,89.095455662408,103.506599993345,103.254421510756,96.5323121428301,96.2462724279461,92.2230601613479,91.2211757198671,78.3906919013163,92.5542808462484,91.2628214083093,89.6157026676123,99.0025941396957,92.8564642089843,99.2199795479292,87.6503875721943,105.780231263778,98.0191390043559,89.9416198876656,96.6711669413894,99.2744524926956,98.6191255724734,98.609141993367,93.6643149714154,100.09900137176,94.7366936611268,101.87857984234,93.0922385923549,95.7717924486642,104.594621423138,97.8643905967279,102.789245854254,98.3863929153215,97.4091478924431,101.596676067664,103.388663601695,98.9238165892093,92.0092970618777,95.3197477901971,92.8383730134861,91.7508362657214,82.3254510959581,101.114543444964,100.544259407655,100.398403956227,78.8346361719391,92.9397292672113,92.5933389434613,88.1228641859131,89.8789412201966,95.4359792992829,95.1393880585864,91.416929581221,97.7531051712112,90.3815877587633,100.368218838442,96.2290211845917,88.3844014653404,95.6862469837417,96.4372685945385,96.6695009603932,86.0612264208673,91.3887304216447,93.4224452675378,98.3816951382721,102.721682831463,92.6607528584051,101.383873306707,102.17254220852,103.633028744538,94.9095115748867,108.791241492949,98.4371226870684,93.1643273963446
100.070300019569,93.7232274914236,97.0337142979503,97.5190171948138,96.1255085590377,103.165619416876,90.7573578988172,99.1348913641613,100.595026277632,91.4137112070536,91.8168546198377,94.4446938428293,93.6850513549246,84.0268979951832,85.0786412577377,95.8286506735125,95.7724658821314,103.785943425871,91.4548494698233,94.7393753556846,88.4398182457729,98.5005803506745,0.0,100.357480330942,96.8310240720896,100.7996022122,95.7118974383915,97.4935562584022,100.019472585762,86.0141513810957,96.3950107349618,103.07636999769,94.3351679570884,98.309613947346,96.0529046380059,91.1963094607481,88.4896398400639,92.9865454867021,89.0813492741846,99.2412153633677,89.4330691584492,101.253625590202,94.5769917384131,100.649331588705,94.7048598280506,87.747970421636,90.691576940099,98.9860832194919,93.4399814994837,87.6738114392071,97.9524587454902,95.5037396873898,93.6292538897663,93.4145948241586,103.705662841685,102.709970527728,93.6139942233697,101.238281500948,81.1331932718238,100.331945323922,91.6781843080989,101.154201135189,90.6305446253255,99.84642044159,89.3236315621473,86.0248505436183,95.1055978021654,95.3220155512437,91.6884483307093,95.179331234788,88.831922598572,89.7361982522524,82.0369023130185,93.0028186760587,99.6373686663209,101.073275350301,87.8480225938754,87.2397405515425,96.757474599651,91.6734587200654,98.6015546979899,93.7208009452342,103.961135447655,87.5926761100789,90.1819422184103,95.5198331872866,92.0998422777343,95.7700860138397,98.949977879771,101.291542636217,92.6895614052614,94.7539816880299,98.8880175425254,93.2344627354524,93.5337140548903,104.072676901341,93.0717687428502,97.2731892456518,95.3671784841421,88.4954082492804
