0,1,2,3,4,5,6,7,8,9,10,11,12,13,14,15,16,17,18,19,20,21,22,23,24,25,26,27,28,29,30,31,32,33,34,35,36,37,38,39,40,41,42,43,44,45,46,47,48,49,50,51,52,53,54,55,56,57,58,59,60,61,62,63,64,65,66,67,68,69,70,71,72,73,74,75,76,77,78,79,80,81,82,83,84,85,86,87,88,89,90,91,92,93,94,95,96,97,98,99
0.0,92.1177600829192,85.4098205994123,104.010834652547,99.4691180208729,91.9867218172823,101.463769555987,93.1586586432504,97.2770209484324,98.9706310281898,96.8390374083798,102.260232466894,98.4787786392589,99.9810620022257,95.9745113132936,93.9870606656642,105.765046529793,94.9487385446724,96.7687398072627,97.4809538191919,103.618216381919,89.9651215334204,89.1135731182382,100.452703288587,94.696861853322,101.256326640725,101.627255450851,103.62186491967,98.2406163168506,96.6310073080263,97.4471522465232,105.143126955832,101.856145564101,103.743276792181,101.490573078383,88.0757445639862,96.992239966892,93.796782802169,93.4914628583843,99.5360908038929,91.6973379673077,97.5150650771256,91.4502090270694,97.0748160061579,92.1220963865233,95.5072227708954,94.9967061437494,94.6815956824888,99.1073006711063,96.4159025028958,96.154649218261,95.056768096137,95.1340905096949,105.184024443762,93.3425551779379,92.2793874144102,97.2194064083729,101.486257709861,91.8907141051069,93.8146278017358,106.728419448958,92.4823010293266,90.3033720584729,93.2952474541746,98.8615876718867,99.0868794690403,95.0711039014812,96.0257492633356,97.6882999844057,93.729603893336,100.293968435876,101.097778549847,100.535766997162,106.269273153988,103.689435630566,103.852885283026,99.6065987054972,94.5299494856684,106.552719003909,92.2368577325609,95.6951892847548,99.1889318667753,89.9864520221469,102.758878927134,101.347925441089,92.239492126298,108.660637112874,101.504567496747,97.7632704082167,99.8557095816304,105.615227690095,89.7881273279265,103.461209939055,98.4962311958995,100.862177155306,93.1179035929753,89.634925809786,102.116528469688,92.4091546886495,101.195549075346
92.1177600829192,0.0,99.4199077788329,90.5805069251204,94.49256410891,89.1144495255372,94.6971515936825,84.5114376104065,89.3594186796636,93.6002416452505,100.662868426245,95.2240318854073,96.1937719864239,95.4565923610118,89.0400327809886,90.8415563468078,101.998025126392,85.8478808727326,98.7092078522166,95.190088247972,101.061165017268,96.9919149818193,96.3984352035515,106.00539852596,98.7780827620451,99.2538626962841,97.933730404915,102.88314845218,98.2259809788322,98.3571451802492,102.775971114296,98.6385762559928,100.079631133391,92.6693073668672,88.6731146627554,81.6568444290416,101.478658600176,94.4106919023211,93.4762139975187,85.8098991431798,86.5873007979454,90.7431965712059,99.96535514089,97.8950900852733,96.0595201588059,93.8272575544784,95.0839186637792,91.3811027005526,94.4127509983489,95.0304626771612,94.0224042335825,84.3852536423075,91.5732094966717,100.931283713925,88.871886186031,97.2158430064935,101.579322131189,91.0841693807046,92.5171327313029,100.965831299532,98.1112714715783,96.7598379393451,80.5086627380619,92.5186785873354,100.098203370101,91.3087949252751,96.6423121354266,100.983540685875,97.2222331211158,94.6342119000426,96.796182834864,98.2088840897278,93.061842110911,99.3202331754194,102.513526388981,94.4310902560722,99.719302002862,94.0882281367039,103.742097608327,98.9802395970116,98.7491868792024,96.0006870993067,97.1396236219709,100.388212233613,87.4882814631063,95.1040318743642,106.87112515366,94.8547176702881,89.0661878966789,103.569060164377,107.241034774385,95.3506964205816,86.2269063378067,98.7249555373278,93.7053936170859,94.3894822373801,92.2360723642468,89.0337930618035,96.8194423539383,101.167655614644
85.4098205994123,99.4199077788329,0.0,100.481063724403,92.6154385006079,85.4114937456937,98.010762458265,91.8555839111228,98.1233557038463,97.8413009863649,102.116561759363,103.281283389716,98.2771483129819,100.739904938946,101.953294404437,108.245924355525,106.19516095845,101.409488723775,98.8308575065829,97.1156874995258,100.291864492923,99.3092065740766,103.639457804399,91.424382078557,102.566459200347,103.230117204484,96.3181171672214,103.905310191093,90.6169807475274,99.4068825725401,107.402786988381,109.427942437911,113.923787668656,96.5994526444964,98.7387573310987,93.4374810868283,99.2341197795065,103.982052301483,102.863525589068,94.9767130834499,93.2748482333345,99.9517687336843,103.643424694634,104.128292084046,98.4425166355339,97.4272084687568,94.5144252975427,112.263049850624,97.9160377720169,100.87191173783,96.864214668302,99.4199592207866,99.4882842084143,98.3057465737578,91.2057531311362,72.7352085294012,104.019567559191,100.424890886354,97.7007909844283,101.236853960852,105.396443606747,106.157406816533,91.2646613257748,106.0832576173,101.742721758494,107.666213456374,101.555424728602,95.4453362642537,100.907626165191,102.338512373581,105.777599094308,97.5404894217031,93.3058002420807,103.993910249508,107.918996834947,104.236310141786,95.2336276473431,99.9710762695615,107.745024339628,98.2288989145066,92.260004572863,98.3542327064113,92.4559696742835,92.0843203897429,91.1969114256345,90.3798745356905,100.335893659975,96.4965807237778,98.4290826353256,99.6255976156828,105.396147879795,93.4500956995082,101.551491123995,92.9084032929586,91.5891821933903,94.3417947827959,90.8087718864673,100.168475698392,99.3626476008551,96.7244729298202
104.010834652547,90.5805069251204,100.481063724403,0.0,92.8063996790464,95.8768988818111,95.9533150734098,87.7726746616834,79.19955407939,94.7918159829757,103.231885972007,98.35537899032,96.4845906222871,100.693934501959,92.0722336044254,99.0086324259867,97.3862818765034,92.7784699365857,87.4752283717702,87.3296927679004,101.611230375445,90.6633463365417,97.5216314010882,101.994271067826,94.6085179947699,97.6778101545962,87.8079594794044,92.3147948832265,99.5008576159965,101.928799238123,101.446277587086,99.9336306774909,106.773688320654,96.0226608564969,88.0803114838845,97.0893674462592,93.6884644879744,107.004881265397,101.934015859865,101.833788833679,88.4683012329586,104.046489888911,94.0220331031331,103.267182536908,99.097780921673,87.699737466256,93.9840620163547,99.4065473338752,97.4279668408721,97.6248007751713,91.5783105798658,92.2165399624861,91.4410147443204,92.5986613816602,90.0265917615483,97.9601944578792,93.5787332120722,89.0415344654958,101.598729583319,100.526547487287,99.1379878069876,98.1709621907689,88.831960030707,92.6965954154942,98.3254923936715,95.9209861292144,94.845407604046,101.081955914866,103.479835227929,101.048082719316,94.9241406417305,99.1603258182727,84.8354057726397,94.8373414607174,107.603028239139,91.5720606040047,92.9967292498567,98.9660397045231,108.618068061123,101.757772339243,99.9932688830182,94.9766753491934,90.5283233089625,89.2112660662031,88.3897468693784,92.8418219442559,104.143997953545,88.2253114842233,97.4126468221529,98.1617949363933,96.9514714355194,88.8754789734883,96.2610147522304,102.144040884207,98.6071742927396,90.5688005992439,99.4340711864935,94.9952378264074,95.1109284589526,98.2684853267556
99.4691180208729,94.49256410891,92.6154385006079,92.8063996790464,0.0,97.6400874090668,101.44890204054,91.3455257040551,85.1043142614841,97.6661815845899,101.143110875957,103.27444203635,101.6112379839,102.106582887103,95.6890983235235,109.935363619981,105.46839451016,100.770828985555,103.522261183701,106.878413628801,100.983239596212,103.797555908224,109.559260680028,110.25275681902,98.3353399496105,101.825707626436,94.8686163713908,105.258276978885,97.6960530380733,102.076340739573,103.837403662068,97.462835020718,118.871554883572,99.8818104102867,94.1070652980671,101.064616276961,101.802542935958,116.207949637757,108.661463790448,108.385303723791,93.7296014618635,100.152511236145,105.381999960628,101.624877823612,87.4310617186528,103.369634109556,99.0993687720216,106.800189262424,93.5239326683366,97.2255583899747,101.411611438408,86.9130342191379,96.6580868141534,85.5203456829561,99.4474064613467,90.8149859708934,97.516914965009,85.8109788362496,94.799880384732,106.478239017307,98.3965882326318,98.3434771367031,99.8282460385401,105.633470189762,102.287464885949,102.530586509426,89.3182414880143,100.510643239798,100.095607167398,98.4858149671675,101.988318934549,103.079819075264,94.4872079974192,98.6334663653496,103.199190113886,97.9704708280938,97.6339980568888,95.5045092867217,105.459092527041,105.209139487103,103.885766862386,105.388074306572,89.6872170163183,94.0113143726388,97.1968611538647,99.5257317713153,99.7087785072532,98.8252098651595,98.0754461267617,101.996433135169,107.001081707588,97.6431588967394,106.976402111648,100.066841644884,97.4462924648522,96.7151202867094,101.120486716405,107.019842855546,99.0698082156109,101.785607447746
91.9867218172823,89.1144495255372,85.4114937456937,95.8768988818111,97.6400874090668,0.0,97.9208339808966,94.4000002912446,92.0448477166075,94.3389009120989,102.343843657946,99.3158646074213,100.800324132083,97.852312934737,98.1465926727628,100.476699746419,96.2237342067326,85.7066460509692,93.2773538909438,88.1325236646603,96.8261826638792,93.6829904718495,90.8141693591251,102.063052068809,98.4222837180667,99.0594477312135,95.6555778621837,100.130403227985,95.0775448251664,90.8670479125922,96.4745392504872,99.4525688463087,100.445358691724,99.7024166994569,93.3024352186051,90.6698468909254,95.6480590440292,95.0193432609534,102.355076452041,95.4480920508632,94.6998233788898,93.6389007541706,98.4885673477695,95.5123019022151,91.137080559153,87.9149435489347,96.5640596090392,96.9484600116232,87.195817378456,96.3608419381693,96.5916457183071,101.752287732743,89.5318795412987,103.939352014246,85.5646529965885,79.1649890863999,99.1702201962035,99.2541885212754,92.454160703851,98.0100347866588,100.570468512744,95.2726538863152,87.0485910839932,89.3580430939353,99.6462231765673,94.551204043933,94.878906556375,92.4534599627784,88.9206526377027,101.076424122951,92.3152366884967,95.1829268790808,90.3707833084908,84.2249664101953,97.9484087159061,94.532441614964,97.3519445868269,99.4378521524221,104.509313822712,84.096525026913,97.9829258345245,99.1975645650423,90.6014251072481,84.9671482566404,92.1945578297614,91.8611504073574,97.1630416636959,91.188119620526,85.2958243749238,94.8769714463592,88.7934481193978,90.1769825471137,92.5938106615222,86.710040512865,92.2019686708175,96.3522339403585,93.706039312089,98.8915217316866,83.8662999793464,93.2758618926386
101.463769555987,94.6971515936825,98.010762458265,95.9533150734098,101.44890204054,97.9208339808966,0.0,92.6268946307193,90.4577018991975,82.687569399273,93.1617415566868,94.7015536942489,103.211529904596,96.0217502687295,95.0598456983793,75.761322640302,95.9473399165919,87.46105455468,87.5683977204766,75.8172550561573,97.9736316267682,100.454817297975,95.780024206362,90.3693064683053,92.7403045789902,96.1479442048131,91.2115550807233,96.6796265984284,94.5842337304635,94.8606386274565,98.5078603738773,103.987184462174,94.3289131141587,97.8220391305338,94.1363507837133,93.8897438165512,97.3169510745359,88.5360476837864,89.4785294523729,67.9622288932,87.6714806749507,99.8210449452907,95.8441221686681,96.0934880113376,89.0668183330384,85.9157480953877,85.6194563504251,84.514306198245,90.5029541732223,81.9218008727973,94.1437361394264,94.1853234997434,100.176653696056,106.235987646343,91.7403233495308,100.011310068294,100.408443518995,96.2376601018476,103.850494510526,100.034314872595,96.5479788541923,92.2155821929286,89.8262032989698,92.3630397895224,94.2280271505142,92.9544681474079,92.9847785376932,90.6771747918284,94.8147181256383,99.3727343683541,84.9390341637636,99.3345419839716,84.1149047889181,96.5651480288732,95.0499463676025,97.879299166555,97.6211393737114,99.9955905465361,96.4792471343304,101.154205456831,93.4267450536795,97.8514410450063,91.5746014051259,91.4335647194447,99.8630388288559,92.7735664807755,104.300421649013,102.71512411463,97.2535522507474,96.5728259302299,98.4492270757205,103.147931718315,98.2838767897548,103.842699510769,101.304556517367,89.5320998186867,96.8349550202042,97.4097794283493,89.6839942545696,93.7051079679182
93.1586586432504,84.5114376104065,91.8555839111228,87.7726746616834,91.3455257040551,94.4000002912446,92.6268946307193,0.0,77.3420275424013,93.7048982955394,106.400387568186,97.4110095837069,100.678790764851,91.6091610121962,92.6238337797242,93.440694992706,105.443508006507,85.3441708512919,92.404877824495,95.441145675495,105.151390697238,97.868402101578,97.2967198965565,95.0413764554927,95.3537867314882,96.6180429511128,91.6801658030974,104.389517664937,90.4025758839814,97.1196853779072,106.728486976623,93.0850641165851,106.698279843565,93.601400639769,97.9057789665155,87.5899945306097,88.6858994635796,105.855002187628,92.784099932131,92.0636522735017,87.3350285518428,99.5258428773563,101.798472859467,100.887516319578,95.878603419746,92.2300229126015,92.0036896775165,92.8030971641351,91.8056361176976,88.4621241284199,99.5034288604048,89.9943694875853,94.6141678890146,97.8183094661485,89.8667301475624,85.0052321975601,95.1213911232806,81.8647802278717,93.9759278184452,101.757430712322,98.3076119920369,102.566746629842,97.037195232708,101.996430019384,107.784557954153,98.8456280749697,93.045217162197,98.665791456144,90.6795962478474,91.9503590276908,99.8521887170704,95.4951319871159,93.670817435234,99.8166384762043,103.868952598661,96.0754144412298,85.2417295943287,99.0592217898539,102.034695497901,102.754665541336,93.7420013081121,98.0894800860829,87.547625865326,97.0596762259892,89.5638806232746,98.6409295200863,104.358586127876,94.0502026187433,98.9724939086268,96.2343172181976,105.067013692392,86.5336066210647,101.713796361166,100.076716734932,91.2301958580078,91.2134848335034,90.9506135254819,94.6960084478452,95.0783176817819,89.6933337195097
97.2770209484324,89.3594186796636,98.1233557038463,79.19955407939,85.1043142614841,92.0448477166075,90.4577018991975,77.3420275424013,0.0,92.1628171096456,100.13188624125,97.8604561906785,95.2059970406303,97.4675789310204,97.4009653517716,101.351704802965,100.34983068852,90.4476208638299,96.5900774404352,98.0436134369902,101.25060243722,94.7008864646271,98.1518327352406,99.5569887444399,91.1494474853858,85.7369719697448,91.1946535089021,94.9771344903767,92.2336968848043,98.1577665984833,100.640624872725,97.5412693526595,112.327110620956,94.9538896859435,88.8312947853522,93.567519869366,97.2868909947885,109.962523697363,97.6421379884404,90.9343395588323,92.3341215042788,97.5261762692663,107.133405635312,100.316417232281,95.7397399410645,99.1371000402528,89.1557733875093,99.678539063575,93.3135560129247,91.290265584711,91.0408539623183,84.212793007683,101.408547712588,93.1820977223716,85.5002312067521,87.2791993096121,84.7872168583023,78.7949468704725,93.7180653671221,102.667144844355,93.866144739965,93.0283807344778,91.2394956084703,97.9858347535769,96.2084139040819,89.3243958632815,95.141103194134,94.611786013972,91.3902436754509,100.673060683998,96.3698019547127,99.9395990584655,96.3499193383399,99.767348419085,95.6189254869465,96.9829077281406,87.8081491245139,93.2959273222135,98.2001309636625,99.8539346302841,94.7282180824089,96.0192224973257,85.8204261317105,81.7194459754101,94.6058724762445,97.8276570818011,104.033803032288,89.3563972239533,97.0004014088981,95.578890268829,104.747542793908,91.7886067132257,100.491477260549,96.2998319369411,100.702829945808,86.2248344309929,92.4159097936215,92.9779693444402,88.2478891800911,90.0571058365962
98.9706310281898,93.6002416452505,97.8413009863649,94.7918159829757,97.6661815845899,94.3389009120989,82.687569399273,93.7048982955394,92.1628171096456,0.0,85.777296549567,78.7544783891689,94.9225799858424,94.7811902970006,86.8213299068645,88.0790736358946,104.179464196106,92.4843744173425,93.1518767498472,94.9976689331485,100.460523242973,91.6550187231839,99.241083481782,79.1216255617547,81.1701537787205,91.8336899016622,101.015103092014,89.750867094116,88.1649895062591,96.7789699351557,88.1118425557372,95.8305294203388,104.920167501485,96.1354503462616,91.1902360423644,85.3543726613082,84.0712714610021,98.2650415766983,89.5315921528034,90.5022474258216,95.4444622351316,92.4909152614397,96.8738718962317,90.0016145891445,81.83667044686,98.7824253071365,98.5339243014988,90.1463492927429,90.3770153586901,89.9958806333158,96.5085035191369,89.8374224284593,101.485849134652,96.1561752862248,86.6456100407546,101.517158552255,92.7161161168331,94.1447222072941,84.6523723443789,84.530347378046,89.0930247418563,93.0778894915723,91.1432737345035,101.549479408732,92.4904062924457,80.2406005022657,98.1459096384017,94.7631410810268,94.1531614364848,92.8228534819992,94.88986717947,89.6732123098106,91.4947518527978,95.5847289510339,79.654331619237,75.5116917863292,94.7548664882075,85.8642179958221,100.588040353797,105.870104479019,88.7008517515996,96.4275503095121,82.6712660358742,93.6801314658974,95.4877652008095,92.1133716275285,92.0754149728415,102.127145260239,98.42450160743,82.6769859735859,104.463353379343,98.3458224794834,93.9059833076946,96.9943503620321,85.4261719827152,88.2292195934154,93.5132164650095,94.9703034697521,97.4894050044394,96.4368065771773
96.8390374083798,100.662868426245,102.116561759363,103.231885972007,101.143110875957,102.343843657946,93.1617415566868,106.400387568186,100.13188624125,85.777296549567,0.0,76.1961175595043,90.2223232059461,94.3079939370786,81.7042072215878,104.361093939508,96.68713590634,96.0841124294709,91.6878860912673,104.04942329184,95.8975229425193,90.608579791748,106.948773373303,99.0312035074738,96.0669831704032,87.0492273968546,102.148308956194,94.7304573378783,92.1096771349514,99.3245893499882,103.043199950133,97.5717342918338,111.590799902042,95.9740368723714,90.7071786538832,99.3066643544398,93.6325609654256,106.659601702777,101.078048773196,95.2291377192455,95.9720032179283,99.2685881045719,91.1816302792552,91.7584502567961,91.5645433576069,91.7472762522177,82.4712829038056,108.530960037463,95.3103416658054,91.4754563955053,94.2709014378176,99.6895780833286,97.6262063936478,95.920528196831,98.0426302830479,96.3055223978691,96.4829232118076,93.380289477931,99.9447665566836,87.5627893466905,85.6766252279458,100.055490461579,93.0177986034404,100.699790010327,80.1741963166377,79.1797167152261,96.4694404215113,92.840417543681,95.5431310313847,95.8898769789424,102.477684041451,100.953121185027,94.1693368324349,96.3953768749759,83.7632503917959,85.7240144337861,96.8791108994654,84.0601852793208,106.051143528462,104.889364884136,96.1334760066556,94.3457501754579,93.748181754376,98.1354733494073,102.514270966135,95.7983129022429,102.360623838834,99.7472242955469,101.534573768711,93.8977200097301,103.113428383984,101.952916814728,92.3656569686271,101.585144278608,96.582251497118,94.7966603896711,96.0049305652034,97.2169135563977,102.444934097704,95.0912463842145
102.260232466894,95.2240318854073,103.281283389716,98.35537899032,103.27444203635,99.3158646074213,94.7015536942489,97.4110095837069,97.8604561906785,78.7544783891689,76.1961175595043,0.0,90.8918805134188,86.5586812804221,86.3771146048432,101.323444417346,93.8828332971297,101.04886464578,90.4317297739921,104.813736265518,94.4045990807695,91.0377051683421,105.147027108529,90.8831231955029,88.5084209119788,83.4152525247466,93.0029090724527,84.2184172405735,97.1555211794093,93.1098992390767,102.422348384519,91.7663895443649,113.759633029386,91.1187405013871,93.9259700930214,99.6247474951995,92.1286895358591,108.620189255396,99.9302600797575,103.576893980132,97.9323197041019,96.0612810823643,100.828164733421,99.3394079822875,96.0922327964988,95.5118713062584,89.2199753139117,101.950711565196,95.7459388336868,96.0645347305449,101.148207126677,87.1319902683608,101.95476286085,101.778834109466,92.3781127695141,103.342615226703,97.2224334484266,95.6915055758006,96.2304363344776,89.131670301817,81.2541805187747,96.8263570650844,86.3395456335805,100.358899432241,83.626980149517,88.1031147438307,91.8513377616009,90.4341595180672,87.9395023525235,93.7072037330512,91.5640278341942,91.0752006490895,99.7057636277076,98.9325459271229,80.4121015799289,78.9646704954878,96.5480361234111,75.8199670252674,108.399734323379,106.393072763634,92.5016117444133,89.7436119595663,90.7702411561897,92.5699072714271,98.7114875280827,96.0196358588078,101.34152274675,93.4359384559237,99.9133040738567,98.8395345086496,115.181303596671,102.2148620413,95.0095573066613,103.205806482185,95.9976020262426,90.2732000743659,90.2544778247487,95.1380231713885,90.8978535455962,101.475597398266
98.4787786392589,96.1937719864239,98.2771483129819,96.4845906222871,101.6112379839,100.800324132083,103.211529904596,100.678790764851,95.2059970406303,94.9225799858424,90.2223232059461,90.8918805134188,0.0,98.7760664077008,97.3101064329148,113.739387445422,88.4182791982867,99.6239777855451,91.4534308191794,105.114664646931,98.7702136910962,90.1397860461875,107.31570290445,105.336004117421,105.669584296408,92.5418415988834,89.7485208390659,96.0058711957938,100.888747620471,93.8438414079848,105.414669759492,97.750601932676,110.127350807227,98.8443677333273,93.0768950098343,102.23381601334,108.44686121314,108.190697314203,104.14933690231,101.583395228689,101.039302267622,104.663622464466,115.848823500432,104.122960864878,96.8244679630472,103.366611517006,94.0024900776397,112.216061530641,91.6870925036248,94.0391164988217,95.9431212374197,95.3277820691069,99.7362134931211,99.102738744618,93.7989240897825,91.3962765285147,99.0532165720631,94.7474294531362,94.4344269509731,99.7547584965093,96.2468807914744,62.0807813421891,88.0413416965665,103.573899637563,92.2677897742723,88.8730406669057,100.359135173858,87.8329754944548,90.2576245872101,104.351173125241,107.521512660727,94.4595881962201,102.074411318081,106.200107290803,84.4338636876437,97.6910993310133,95.5514564340438,85.6334365760466,112.93906567956,104.749039585367,103.383500743011,97.2141916829446,94.3386497590778,93.8183206875986,105.341676444418,100.610082309765,109.25943338095,97.0456681108514,103.177516474532,96.4237866998067,109.463642442278,98.4233761737204,104.786651354584,91.3565956958713,93.581958402362,91.8801533105269,102.248866146233,92.7641849912457,93.7003771353233,100.507148414515
99.9810620022257,95.4565923610118,100.739904938946,100.693934501959,102.106582887103,97.852312934737,96.0217502687295,91.6091610121962,97.4675789310204,94.7811902970006,94.3079939370786,86.5586812804221,98.7760664077008,0.0,86.2363190922117,96.1861607120819,92.0458469434995,98.0010151986087,87.4389245900096,101.227657301483,98.1512519236392,92.7448850801009,93.9186191558799,90.6321618045857,99.8866467738973,94.8993260843952,92.2955825273671,97.6321982163686,97.5957519357927,92.5550442880461,110.199207449594,98.3136914566886,107.290627583214,97.7851103713419,100.08292697114,103.919167063135,102.010246263161,101.320602373475,98.4879325815826,96.5576925470874,97.261395123842,100.270002499421,102.383800085724,100.402770724826,94.8785830686506,101.556368831605,97.6137027731921,99.3404737377499,94.3821723641454,88.068415474644,93.3024183588988,99.4771931160377,98.715604477548,96.424071654546,98.8154610727669,101.688662167713,100.309005415348,91.4411082673029,91.8591838760457,97.9072757363437,93.3121089931059,97.2759632274761,84.1590830622285,99.1021498607586,97.3107390591803,96.6374175601665,94.7387078819716,101.017257274931,90.6265968227686,96.4783748385118,95.5004650640449,99.4622418002347,104.103874056568,94.9131823990604,94.3751255727029,91.2315447115681,102.223780416093,93.5906775425288,106.301784294416,100.101612605,95.1873702560579,94.9317005798651,94.0562625657177,102.740591268934,92.413862393472,99.7158224117183,110.275961793821,101.195385875523,106.211207706791,100.365615673173,106.901024800393,100.43660149227,98.8778835531834,93.0556236952063,88.9399617295873,96.5414799896194,102.20146486476,101.928114485669,101.107112643858,94.7701870748245
95.9745113132936,89.0400327809886,101.953294404437,92.0722336044254,95.6890983235235,98.1465926727628,95.0598456983793,92.6238337797242,97.4009653517716,86.8213299068645,81.7042072215878,86.3771146048432,97.3101064329148,86.2363190922117,0.0,99.6300046966605,98.1714810739396,95.1939915155425,92.9278309527477,101.25611197789,99.250332207042,87.8435162354323,86.090176034297,99.7153192941673,97.9771990963315,90.5101205339472,92.4505616032757,89.0398516953943,94.2615071711013,88.655303935669,102.006280262318,93.5802579787521,108.537646871955,95.3816851263223,88.9000077735292,100.620788330802,98.4501474238136,101.972189256523,91.2273887243051,91.8907084240899,96.1993207151777,99.7931589462925,103.263227265259,95.1649960881273,92.6404718405395,96.8172669937371,88.5595966004148,105.10790131359,88.9516437410698,94.5651164453272,101.124058435149,94.0234283241271,100.68786832574,101.015062388702,98.4709839410499,96.6026953874207,104.467202699311,93.42650795726,100.644663402698,94.9172913976449,98.7607698766989,97.1294487115031,89.3070044852579,97.4982552747144,88.5249366338866,78.8856666879962,92.9377963133316,96.4872423568671,96.9719978722574,97.764867112193,98.9632954938147,97.4060938003242,86.8157029470302,98.8047794774472,101.78070628844,91.6903081060169,95.9323419352454,94.5695435638182,101.208171457335,99.5955545037893,96.5061608159807,93.9787612158169,89.9330052833535,88.8743315039055,103.052956190063,94.9521050701816,106.207499921322,96.9670959165166,97.4708769669704,92.6158155723685,109.395681430893,102.715084609172,100.637819574658,101.862885415347,99.7984709525139,91.8135761252387,98.047404962464,101.129683177202,97.7374357084204,96.8691007665901
93.9870606656642,90.8415563468078,108.245924355525,99.0086324259867,109.935363619981,100.476699746419,75.761322640302,93.440694992706,101.351704802965,88.0790736358946,104.361093939508,101.323444417346,113.739387445422,96.1861607120819,99.6300046966605,0.0,112.042494506807,87.790836673955,105.235943041902,82.5028865999221,101.926533333844,101.060126206992,92.0471717550284,91.5551349815857,92.2782909129113,113.630067690914,105.51787701218,101.832423528161,96.5638548757271,106.32453455696,85.0679981345017,101.075183126641,77.6201524437997,100.802311921388,102.466387022177,94.5517250100325,101.932240140245,78.8356989838583,90.4536855354645,79.2584456597374,98.569221141602,94.842263115752,88.7719615425546,110.677134289829,89.7441145255341,90.0471391500874,100.083297064563,83.8423629863421,93.1892425953638,103.502603512627,94.3188132238414,101.178942385937,90.7997241388868,108.905943626962,100.0319227452,105.074650483931,104.7394866592,108.55266753068,99.0391489041941,103.49617884361,103.616488756393,107.437256852814,100.346046398777,92.7672242500488,105.08649609655,102.318477290957,104.51711898568,99.56342512869,104.041827087862,90.2761264175228,87.7305993889998,106.454073640365,93.2127965931253,99.4229998787568,103.219871851244,105.047810131826,98.2287910137256,103.538728344679,91.7672218679724,93.6874520469162,101.952833035108,103.357252634898,99.4936558817217,100.835390395766,101.180893486996,96.4715978664793,107.034347974265,107.126630616104,96.4848051597826,102.24364168471,102.795510367367,94.067918803913,97.0620197130163,108.053448989564,109.78582369634,102.910524826008,104.698922601667,101.369804655059,98.6207243099948,101.443781197653
105.765046529793,101.998025126392,106.19516095845,97.3862818765034,105.46839451016,96.2237342067326,95.9473399165919,105.443508006507,100.34983068852,104.179464196106,96.68713590634,93.8828332971297,88.4182791982867,92.0458469434995,98.1714810739396,112.042494506807,0.0,88.9373368971483,84.6155026103474,100.94254040425,91.5395623595461,101.716488656592,97.6464115049323,100.748672019021,111.691300783381,97.9509842235816,90.3722529033166,88.7943234341081,97.5537836110382,101.916397283202,106.775593941535,103.753394765169,122.416940572604,83.8760759148166,85.5110426487481,106.742663901878,107.0804566477,114.042313435796,114.103182823102,101.008062481333,94.0168324037059,104.265471810818,99.8218084189652,101.478942287622,98.9081066160904,97.2397453717558,86.106315481165,105.424456907842,98.669523041723,95.4353661951662,100.266500200855,101.505463561308,101.879088868109,103.069801515341,101.860154761548,93.8604051866902,103.565411929081,104.467079908647,104.16138526454,108.917592434645,106.503387644965,94.5838356266082,91.0375402518014,113.58571442547,97.8136220376455,96.9704686561181,102.066337244637,71.2901846385336,79.821439946338,104.925121627141,96.7414354058722,112.183496847083,110.760748537544,103.050154317326,95.791478462206,107.453282640198,100.806742286574,98.3322327027521,115.164818234727,101.288775719314,100.751139879655,105.509568571508,99.5244667982976,104.359289822785,103.98899832163,109.524788589289,112.733400823149,94.3245167592871,100.304140000556,103.901180527912,103.735323424163,96.3405137822783,106.361015316165,104.35874384227,103.952379364945,96.4989998763081,97.5975646832626,102.84081775477,95.7448908785205,105.48119125387
94.9487385446724,85.8478808727326,101.409488723775,92.7784699365857,100.770828985555,85.7066460509692,87.46105455468,85.3441708512919,90.4476208638299,92.4843744173425,96.0841124294709,101.04886464578,99.6239777855451,98.0010151986087,95.1939915155425,87.790836673955,88.9373368971483,0.0,91.9333264871395,83.1014452936693,81.9531464744384,88.5926943337178,90.3229981756542,91.2084938735858,93.9836964374732,97.2051563513075,96.3603873933946,97.6258714451382,90.1992265618789,95.2738989205461,102.907083244969,100.704892674974,107.082567243956,72.3902421151671,97.2193747697973,90.5274461991345,97.8050902916848,107.978873205633,94.7773636683494,88.6072679414946,85.0980252727248,96.4764348760313,97.5860332402121,96.33619119443,95.6682798021074,92.303042044557,91.7676557173397,88.6900061815844,92.9964904203387,90.7729136170267,94.550543387164,94.5704303727873,95.5567759374715,98.5454971753912,91.7146074905024,99.4244884107997,96.1729158789804,92.9780982520467,101.20520379691,103.346495449304,98.0628656260124,101.52152273521,93.2999636888618,91.895004708128,84.2141156051919,93.3284094139816,96.2964593312637,96.14669498393,94.2651730166895,74.0041148517746,84.1795949254304,101.915259209291,93.9940358542072,95.5141741928003,99.5146695525534,97.2255541286904,94.0896198456937,97.6557679818195,100.835550659019,95.853753645008,93.1809242091635,96.7827963444362,96.9011968805128,101.671895313173,92.0320203410281,98.8946249453315,106.759151889949,97.137375335485,84.3553570842184,92.1981586110469,103.198760476557,95.4317324803132,95.0421415997452,89.5214090212525,89.5326004763452,95.8574281861857,94.2583427198704,101.226908890423,90.3176044782235,97.947523904869
96.7687398072627,98.7092078522166,98.8308575065829,87.4752283717702,103.522261183701,93.2773538909438,87.5683977204766,92.404877824495,96.5900774404352,93.1518767498472,91.6878860912673,90.4317297739921,91.4534308191794,87.4389245900096,92.9278309527477,105.235943041902,84.6155026103474,91.9333264871395,0.0,99.6245902072218,87.2281763263754,92.9643494563669,104.742538167032,85.3515421704661,97.3270573278202,84.2886034163948,90.5635930981848,86.6667767635051,84.2013014371247,94.3151413572181,104.178026998518,90.76763099258,114.107920150491,82.584752297918,90.0186334051469,97.6171401743865,93.2334998877155,111.352787352099,107.991564260417,101.79319053137,98.454680395501,105.542494929395,105.642023232821,96.4681715717456,90.0276282734419,97.0965395632924,87.3881737767028,97.3385733691126,90.3604391988433,89.160064231067,93.5163775148354,95.4107858210077,97.2649178366358,95.0526884436083,89.7114952842588,98.1531226631468,95.2040703346026,97.0147501922731,96.7508265909226,97.1891723638592,98.1416202885389,93.2798176153885,90.5578204105641,102.272220050942,88.9928993932766,100.093582984977,91.9203204188499,83.2123515869662,88.2482638288845,96.2443315389461,88.6347614852421,95.358129066313,95.2114080155473,98.201149278433,89.5415119780034,93.006636799017,85.9658031839302,90.5242114537496,109.732048857274,98.1613417017416,92.7053951603005,99.1089884302865,80.6944562028128,95.3078947930277,94.8590844534201,104.09011341311,108.894789776175,87.1730701480444,101.380008508366,89.5758352700884,100.173846273053,95.9080852435604,93.6876293601032,95.7317249573177,96.7051192439745,94.6056547106114,96.2649396309741,96.8545153850672,95.675802655001,89.6049588455684
97.4809538191919,95.190088247972,97.1156874995258,87.3296927679004,106.878413628801,88.1325236646603,75.8172550561573,95.441145675495,98.0436134369902,94.9976689331485,104.04942329184,104.813736265518,105.114664646931,101.227657301483,101.25611197789,82.5028865999221,100.94254040425,83.1014452936693,99.6245902072218,0.0,91.7725909986583,97.8116681263629,91.0167460975925,92.4257366112743,92.4510590289962,109.541087350013,94.3421698531817,104.720582714357,89.2297622944459,108.681282981591,84.6967004873507,103.810638155393,95.195701327839,97.1166494622902,96.7904153006862,87.9574767625241,97.180397996081,94.8744846794297,97.0345558366985,85.1960457171587,91.1743370916732,95.7739236515129,92.9739282051728,90.9774550570772,100.191911419833,89.8875422414849,92.7578726084042,81.2543773761303,87.7394610110301,87.8993610723124,95.0606742873705,99.7328991895911,94.7104832683244,95.2786887395766,84.2516102706198,101.325424799653,102.926417104013,99.1338544619422,98.6120753985897,94.4824526137058,95.8346897694508,97.1075490883367,97.0750398795252,84.5114957483046,97.3116217574444,100.099656167275,102.959451310955,102.340660152925,100.720480871376,94.9301632344349,75.8687843856072,97.5806242881545,79.5282675717414,90.268875558191,109.076465572912,100.163114616821,95.5525391502552,108.417997469477,90.6372814525943,94.0808463042316,102.252167720321,97.8340159528444,102.876263937403,89.010304718779,89.9821370615644,89.1944016075441,103.521300251988,108.058888273149,85.208334166919,97.3624843034494,100.138234405586,88.6019614906748,93.8110424958375,105.14683808033,100.255705655506,99.2096897590469,106.661422129762,98.9071518496383,79.8648568824053,90.2631341338987
103.618216381919,101.061165017268,100.291864492923,101.611230375445,100.983239596212,96.8261826638792,97.9736316267682,105.151390697238,101.25060243722,100.460523242973,95.8975229425193,94.4045990807695,98.7702136910962,98.1512519236392,99.250332207042,101.926533333844,91.5395623595461,81.9531464744384,87.2281763263754,91.7725909986583,0.0,99.1208234102329,98.9502010238883,95.8978924942571,99.0617342543554,102.947921309547,92.0869446272809,97.1096479207836,96.2000118487331,95.2006101992902,101.187019995897,91.0148242484191,110.843099640732,89.2882800427194,87.163623512236,101.645818449559,101.01320352845,106.25532085371,108.953909117745,99.9006362518688,95.9054675456974,102.611222756357,99.7811830911451,98.7740296797171,96.3130947045962,97.4025023824786,93.783580888888,106.143546370981,103.988614140694,91.4499626386095,94.4519405997754,97.5593820178897,97.1570468263761,103.017426398884,101.072571872199,97.9182561812701,94.5687528260144,99.541488547185,106.685290849447,98.8331931370143,105.197412552334,97.4170485018405,94.4938911045897,89.6259548757302,87.7337876648596,102.212944418786,105.13714683139,92.2103088439623,102.279151874771,93.2330296267461,84.5052284719526,102.742637998228,103.979705787207,100.567667711895,103.070059889033,98.069491030532,100.407996658004,97.1178046246037,93.0976351507853,95.8152420908369,101.930688128636,99.6769629533263,98.4449734479545,94.1962419929683,99.367731335424,104.386080150312,107.906062415879,99.3686803501036,105.957657862664,100.239575960583,98.6287873314129,94.7357377031066,93.9388568759042,106.283931264368,95.2170190449857,102.796557563797,94.3008432696044,104.316028349567,104.244330913902,98.9091010661645
89.9651215334204,96.9919149818193,99.3092065740766,90.6633463365417,103.797555908224,93.6829904718495,100.454817297975,97.868402101578,94.7008864646271,91.6550187231839,90.608579791748,91.0377051683421,90.1397860461875,92.7448850801009,87.8435162354323,101.060126206992,101.716488656592,88.5926943337178,92.9643494563669,97.8116681263629,99.1208234102329,0.0,90.6724368090558,93.5125412076338,94.3906736683673,92.0470528509753,91.730755657837,91.5396116287973,91.6641629155581,88.4790719486981,101.519928583652,96.1836166162293,105.704923480805,83.0489336875381,83.305821918568,91.5201905214835,101.182112860449,107.123586508581,103.901703594779,102.655852172042,85.8599905365708,91.6425952560898,94.6727830882689,94.2628483042298,99.3641655402458,85.0422853671103,81.5750570396183,88.8176225483927,95.5649235057272,96.6820939452494,97.217440052154,101.627937495309,97.6219508825147,95.2022675838581,87.6579673757872,93.8030927496257,94.4572656238451,97.9911609199529,99.1619991759799,95.9008359444692,101.026779651791,97.7172966079095,91.9364815171828,99.1558016006887,96.0341446611894,98.5919500431763,98.3892269033749,100.968927423953,97.8031609146775,94.6938831035173,93.8286866422432,100.99315504597,99.5691880526825,101.502332261096,93.1264522604651,97.9486861095144,97.5158297127613,95.1204390486999,102.463245491212,88.6096540051863,86.8147987034081,90.4639894645176,87.6308918212312,94.3664947454427,96.8016394423291,91.9051028669413,107.804383599574,91.5108152120917,91.4724483418006,98.6284724428195,101.133577216602,90.4471756646776,97.8551917148449,101.527954779257,96.119910483961,95.3120791927782,90.2432375089597,99.7850315261936,97.5680909491638,99.6604317038314
89.1135731182382,96.3984352035515,103.639457804399,97.5216314010882,109.559260680028,90.8141693591251,95.780024206362,97.2967198965565,98.1518327352406,99.241083481782,106.948773373303,105.147027108529,107.31570290445,93.9186191558799,86.090176034297,92.0471717550284,97.6464115049323,90.3229981756542,104.742538167032,91.0167460975925,98.9502010238883,90.6724368090558,0.0,97.8195716012395,98.7889889484617,106.381039958609,100.398054649118,105.723415725713,95.3720487540568,98.3265711722709,95.0752024816244,99.8149613571138,96.7680974711862,102.13589109316,101.687108860233,97.3212975089687,99.7651162456138,93.1072435075682,88.8862803831619,90.931441870538,103.027266459826,93.0734582180901,93.0752133559527,95.7007350653107,91.4947559524983,86.5286236222876,95.6303310360412,81.1216875596191,99.9134965385752,101.584496359297,108.007381633347,105.066796898739,94.9167403966693,102.184692012388,95.0433883429483,100.69969751033,99.1881371999712,96.1808793763664,102.703706544075,101.804462526582,101.77799018545,108.337230300714,97.1204485359796,86.3406323633065,101.347495827125,101.935209710731,100.505163019697,102.903931529414,109.556016138843,95.7274527626735,85.5114827319802,102.948917820451,91.1191710414352,100.428417467703,104.750538959813,102.682233425449,107.26077543175,102.262219833253,93.5552869471144,94.0424381012039,97.5206665447656,106.147879136124,103.322494501788,99.1618264186687,100.689814742703,104.613128906031,107.157441789019,98.9081819301538,89.3150765130934,106.685867364975,97.5862396632659,87.5458999062116,91.1756895988636,104.423239605036,103.240986284632,94.209661074035,100.712043175742,100.694708305635,96.6304088539923,103.534093980149
