0,1,2,3,4,5,6,7,8,9,10,11,12,13,14,15,16,17,18,19,20,21,22,23,24,25,26,27,28,29,30,31,32,33,34,35,36,37,38,39,40,41,42,43,44,45,46,47,48,49,50,51,52,53,54,55,56,57,58,59,60,61,62,63,64,65,66,67,68,69,70,71,72,73,74,75,76,77,78,79,80,81,82,83,84,85,86,87,88,89,90,91,92,93,94,95,96,97,98,99
0.0,84.1686492958778,77.9652104815705,89.3070839661911,89.2283419485774,80.6807701509817,82.7154440079962,79.8882456426591,78.3578356535232,81.1332603413856,87.1675989130993,85.8551274263867,78.7823498014301,88.9921200363615,81.4299272880983,85.0456460909988,80.8038204948896,83.3103255150275,89.5547802126821,73.7568150167269,87.9799651869045,83.1426058379263,83.6510174268914,88.227645582565,82.2939498077153,77.192973470866,83.0940858845411,80.2632840578075,88.0965112242731,83.5712738448484,79.2368189873842,76.6044323852947,86.2661056127478,87.1040200795352,81.0087440685868,81.2573667799779,80.3142595739895,82.5796238213516,86.6492600587003,87.8924262619042,85.0619368874669,82.7909923944293,86.1946414985653,82.8086509192273,82.5929721088104,77.9353165491361,81.5933002512596,80.3738351648322,73.8164468693978,83.6923777343799,80.9004328343713,79.0465785658061,83.5194423649144,84.0518490577373,81.9247012257736,78.9892625232388,79.7868956555843,81.2213135803583,81.5112738088332,83.3583754992462,76.8489191092993,78.1197478212579,82.8220420700739,78.9245626817781,84.7596289370655,87.4024855545301,87.923431012112,83.7725172798745,80.6681546928678,81.9127497924079,84.0081505158261,88.1578328427883,84.5755561227176,81.9960829114859,80.4983421542256,78.4378316979055,82.825561089133,82.7052802698958,86.3468444739969,84.5810310629096,80.0875595638411,84.3817631756827,83.3298220697246,85.3718744756722,80.7626159494501,85.1362892683419,86.9623847716595,74.8114039402503,80.9728749671313,83.7428403944137,84.832995321852,85.320828773158,87.3383108343267,85.0607873435517,78.2851292866931,80.0313090701144,77.502162089765,87.4841555376246,72.6396162570707,85.1051024214601
84.1686492958778,0.0,82.9189705967038,85.32463944062,74.0964213935492,84.3449290642781,84.7923673840489,84.7232808813666,83.4024386820647,81.5061836830016,88.4718952942476,80.0318429808685,88.1268399505751,85.75397428385,79.8480446770036,75.2410655099331,80.9517271970482,84.8115624775848,82.7253127099465,80.6343828456429,84.2382028164806,84.7967177051979,87.4854604071022,83.8649050892627,84.5622734862319,86.0808929599454,83.4706184120069,87.734872584134,86.5501661100584,83.859086577436,77.6193204918398,73.6065310717911,75.28666238989,87.0046852811768,79.9054509726302,85.3161737359097,81.1670089483289,79.1491423199324,82.7893843085801,83.9412778767401,83.0438580939821,85.1517637263789,83.7611130366037,79.8038427438651,83.6096133732769,83.7568829210424,81.8754486879118,84.2148709586696,84.6854944541783,84.6041214760424,79.0671038591218,81.3017231387663,86.7507314143505,80.5833060586563,76.0637551976652,81.9609965121537,78.4263914661562,78.880534253862,80.8470294510841,82.6894254521488,84.0996829424666,87.6627932599396,86.4291886638707,81.8306712600067,82.3219652882617,82.4986200210463,86.0588581300822,79.5476977724845,88.68272372235,83.8072203994723,86.0095061317456,84.8405517277715,86.6556080491362,87.8673851243802,87.0341302618093,83.9624597451018,85.3134758244565,78.7308980682841,77.9909694042704,79.2661233882123,84.925473116559,80.0536575268507,81.3366071891249,83.1838175328998,82.9843345685248,80.2582891023677,85.3666690556979,85.09014708196,84.8238195569976,87.5570362653694,83.6266804500184,76.3266587296275,83.013174301586,82.3122002253109,78.6667496240641,83.6953644437752,82.6894904601698,90.4968606339242,82.0300567128603,87.6276241070175
77.9652104815705,82.9189705967038,0.0,84.8779304551289,83.1690888002514,77.0076675026127,84.2449257034487,86.1258952071983,79.2252799333255,80.98954428784,84.3190901448819,81.351869368246,85.0368009959952,85.8668453454521,80.4803483421992,81.0560735877016,79.6135509816022,84.9429777669483,86.8485783962141,80.3439685337857,84.398844050605,81.0421167432066,81.3537040992534,85.8189244665653,83.9134402207807,82.2880241586551,80.5145123047993,82.819019332053,81.0160156731963,82.3323021750831,79.664740706908,82.9890289907339,81.8744435406866,84.2143044718731,82.6536075506992,82.887959227397,80.0061624706,82.6237698037939,85.3701039330994,80.8220735336105,84.1888355137603,87.1547484098188,82.6361363281513,86.2206227372671,77.2376385745037,83.4094574819194,81.3847877459722,84.0610913548479,78.0367917232321,81.1197643358099,82.4119216142557,83.9852379937528,83.0145818753762,81.219517285762,73.7614233024201,78.1600769527152,82.6757939989073,78.6026783934157,85.9724231280091,84.6805925451635,81.2618707924978,88.4644031883008,85.948168869048,82.4796703532274,84.2593608024093,85.4521592146031,80.0545104862165,78.034530506996,84.2171019872139,83.3990402235796,88.2599936337159,79.1669320007296,84.8282956451272,82.9748685217652,86.6285197547139,80.7352526396319,83.1321947529522,77.9766400271784,81.8552650906781,85.1004010605039,81.9515575376077,85.0860654409682,80.3196357071116,81.068420302732,82.0428257600658,82.6838479711352,83.2505786729323,78.3241125702862,87.4342995680102,84.3401933419072,84.1963976720319,80.4395621718139,84.8997255003718,85.3187365022248,84.5158782908003,82.6000412924458,86.4090596310728,82.9088874148592,83.0265632424564,86.4149531873608
89.3070839661911,85.32463944062,84.8779304551289,0.0,78.0197122919908,82.2027339419274,80.3526741638945,63.4842411162396,81.4305765489262,86.7354254524507,88.9757382630896,87.9877936527366,92.1594445537369,87.9774055990472,86.3545904408087,78.0726012179342,87.9107711534796,88.4485270254744,90.7728793276233,88.684844104474,85.5981416856874,92.1860934859971,88.3915275486302,88.6585678929912,82.5474463750442,92.9725793483098,87.5250218725422,88.0752956971755,90.0329453599424,84.4756848771466,86.6835201162942,89.7076594635882,88.213396874539,86.7519985418783,88.4942935314354,83.5590348718107,92.6556463401652,87.2737278294992,82.8874525806555,83.0859183634761,86.1467298498886,88.9763956727512,87.903311375714,84.3412298636986,85.3048118135084,89.2821037772817,87.0812235582642,87.6020198492133,84.3094842879576,87.2666748510987,86.6090101211329,81.2218437104704,81.9237465334231,69.7731358356534,80.7798796219127,83.7364803022296,81.3848556031085,74.2913103655375,89.3022921143663,86.9621541463485,90.8080011847955,89.23987027183,89.9544927481772,88.4591645186609,84.0655747358044,87.1648860369121,88.601225760573,88.5143851591656,86.961551372202,85.4627666674315,85.8805189405064,93.1321335699068,90.0150737992979,88.6254042895949,90.0142086743217,90.7347497249674,92.3228615078675,86.0469955964047,85.4180241674241,85.9821677182392,88.172584443586,88.9847040339229,87.6333025774619,85.4441604676149,88.0754805075745,75.858700535979,91.7083250491309,86.3083504612642,93.6360358879806,89.5307074696819,80.3563350293383,84.7107066986107,85.681102231841,86.4046591541051,90.6775179572826,86.8506585404479,88.2061804796343,88.2781064632686,88.6207419103781,85.1620454577311
89.2283419485774,74.0964213935492,83.1690888002514,78.0197122919908,0.0,81.6359983669669,84.2513743799965,81.5468476137789,83.2156000650157,83.4702770000881,86.3610446735204,85.2435922357187,93.3894501714395,91.5364680328258,83.5204963127273,77.1280735128555,89.3730088140185,76.6330292620203,85.0848271188534,79.5650395015104,84.9264627425303,88.0177724367616,87.4574574887581,82.1892733739558,84.18285334287,85.407431593892,84.5437615396514,82.2291531030274,82.4077108742289,82.405519278072,78.7475771204249,80.2071207387084,85.4284857743847,82.9203472801295,81.8567753825142,83.7693463650875,84.7872047471802,88.6027362701534,80.4563646801628,84.2354065631169,88.6226155289365,85.5928627175116,88.0999940553656,85.5632915713056,81.9370493912403,80.7459866677198,85.0562693183739,82.6511228858616,85.6611981359403,86.0637148205083,85.6997620327615,79.0161757631768,84.9678080653858,79.027827172625,72.6388915984272,81.6499324483218,86.2179187699843,82.0911290156572,84.8176937952095,83.878183056554,86.2646560491875,86.2989376293065,88.9085571556112,83.9697924572301,86.0369118193901,76.7716207680203,82.5447592689975,84.1632661217828,89.9206785293676,85.9962614188075,84.1927163712219,83.3536227012027,90.3409438521594,86.7934630668762,83.5026086495587,89.6253930196619,83.4257614619764,82.0746102149155,85.681451532744,84.4948965515055,85.1552190886878,86.7879310481211,86.1934710217494,81.4801199651162,85.5322671836693,82.3188650354371,89.9704709467661,87.2394948501841,83.9507510112819,84.7551801668098,86.6916864482386,84.0834257235177,79.4914087141176,85.0366310965448,84.694975201921,88.5466117431779,86.6524045194831,90.3289948079079,79.836685505946,89.8982457876664
80.6807701509817,84.3449290642781,77.0076675026127,82.2027339419274,81.6359983669669,0.0,78.0442236520052,84.5659446122271,63.9247347361997,83.9856801117919,83.3771543023248,91.3266112811146,87.6241072551834,85.0174420854757,84.6455344618306,78.831249755505,89.8970382840873,78.6397425224281,88.4981439391441,72.3662882157447,84.0015959348982,87.4198349798376,85.1476626580128,83.5531741968388,76.3124464454507,86.0831781239132,84.0248608410045,87.0331254986457,79.9989881086771,82.1909934827919,85.5792233913565,81.9464440381846,88.8413120934088,84.9642073266162,84.8759449349272,81.8346497873496,84.4317803327815,86.4989426132903,75.2685594387895,76.9888934930451,82.7669240562818,88.7075565172295,84.0877765401822,81.8155081158434,83.1703924913033,85.1056833163695,83.7400830134915,82.9001588200088,79.9334789344045,86.020019030044,80.8440890022179,77.0691609791854,80.9081184164636,82.8218717785453,65.7869700018553,65.0790717840266,74.9199730380505,77.9081070145851,86.9125804931734,85.2143052343355,85.1072398231058,84.0245986214563,84.4377567368772,83.4750416891295,79.0960369779343,77.4916493892025,84.9397486041721,82.6247357907055,79.4128322816459,78.3650289698352,85.7983477416254,84.8025193386138,88.5513319623034,84.7644699046314,83.6307608574429,80.6222748271242,84.9484371295991,82.4067141505987,83.5227058944895,81.2573598866655,80.7332399260732,86.7207527293203,82.078733846303,85.6286403497761,77.7709052275392,86.8268807749656,83.9051391282294,81.2431094367336,81.2563681468043,79.5810857467316,85.2857203343764,86.0191399405491,83.2515375491203,84.4361474706132,80.0864094834164,78.1438511752347,84.9005025229397,86.4763765692693,77.8010942751867,89.1276621637258
82.7154440079962,84.7923673840489,84.2449257034487,80.3526741638945,84.2513743799965,78.0442236520052,0.0,82.1068688384766,79.7897300329202,83.1055497911422,81.9727411418871,90.5090299440698,87.7634006343379,81.7569052317556,83.3620175862289,71.1623184048475,91.8564383787032,81.8617717386256,80.5621342210887,73.6254534959148,79.6767130132641,84.9753109057432,84.5409353288602,77.4052165371399,80.0957719575364,88.072010953544,85.2367711073289,85.369455987884,84.3967028172345,83.2703042075126,79.3981237866714,80.8798679473247,87.7205701356547,80.9279098056325,76.6998114729264,82.7104967602267,84.9609777714058,82.903999653964,77.0187118422026,74.3681817241658,76.7383593756032,86.0307536794402,81.8374381421509,80.5504395538681,86.5120893189855,80.6616748144094,81.4984288679782,86.1126702214351,77.951320119263,81.3493280155952,83.9286125311461,80.667583941211,78.7472557445397,82.7351001282207,84.1371948024824,84.0719503171947,81.8581215566956,84.486486490599,83.5165568458934,84.7845393927075,84.3917910603003,84.4159763279879,89.2225990176746,84.9853847309742,80.4797247659426,83.2872253109632,81.5522227580304,83.4052532109796,84.1666563440952,73.5734586789294,79.9027150100493,89.1083210259186,84.8737374910237,84.6622141766909,83.2372024116611,85.7045531437522,89.605775158961,89.0458443383153,82.8393062102693,76.049174717199,86.4532098648169,81.9954029248216,80.769741832288,83.1595255042427,82.4605702829072,83.4704845670567,81.1500517922805,79.8059657003528,84.8258128742504,83.0325711256534,84.3588368693689,85.2949846961282,78.6532246498957,81.3095729459386,81.628736767861,87.7463833856356,86.1477001511892,86.0080850872007,82.6489581357887,80.5788170814805
79.8882456426591,84.7232808813666,86.1258952071983,63.4842411162396,81.5468476137789,84.5659446122271,82.1068688384766,0.0,77.198333793737,85.8459776241907,86.2476958211903,90.9501202037185,92.541049096009,91.9980245282968,90.2309710427996,85.2067527513667,88.752603986616,83.0574738507421,86.6329581290283,90.564630142504,89.0429628388861,90.1381472536257,90.0327193478095,89.7226487801134,80.4070387725933,91.059542657315,86.7154941807972,85.2846769845492,91.8186215607756,86.7950140423026,86.0402121983189,87.011708032911,85.7239797450667,86.7258297162854,87.5097660784483,86.6302253509191,87.2976620002813,84.2367268580513,84.145652423237,83.8150822572596,86.8984438033003,86.6698000113052,83.3336592804428,83.7721228199297,83.4279912572154,85.1917049771143,91.081730324115,85.4376712528371,82.4407752730053,82.312718536441,88.5604038179412,82.1820760147848,85.7490121377139,73.4011751184596,80.1677770041876,81.9311909881331,78.2496928196019,63.010447486131,85.1622319953669,86.6112698924384,90.7743687003222,92.4419336631476,91.3254869490462,91.1500527617691,82.8377445245896,90.7448982930988,87.416159036831,88.3177613282061,84.961554049653,86.8250939497357,86.3439436280579,87.042407771417,90.3253403389745,84.0887395762435,93.2924049780644,81.8396184149934,94.1245637052329,89.6649773129698,88.2553777234962,92.6079083332129,87.5354305952739,85.3602622318614,87.3830739352436,84.4629641010119,87.8133383089742,88.6253649532321,87.8988388455237,88.0126473968205,92.3140018717801,87.3393321886607,81.3809841117721,80.8215491186668,79.2144145621688,84.7471520696644,84.638768876227,82.0479138289144,86.476290109591,87.9182714225076,83.953232386314,84.9559999829884
78.3578356535232,83.4024386820647,79.2252799333255,81.4305765489262,83.2156000650157,63.9247347361997,79.7897300329202,77.198333793737,0.0,79.9794500767719,84.722485502011,91.1193052658725,88.8991832097553,88.499454413424,84.5272431820258,82.5150677097468,89.3991062949884,82.3760828125178,90.7000936073288,74.4982007933227,77.4482621302563,86.931126328197,89.5295717658966,87.7841519165121,81.5771305593555,87.258882620196,78.2179290350095,85.0750118028876,88.5655248307199,80.8003798434932,80.882356013949,84.6975786330089,83.7718727099655,85.2370170103452,82.2717682835754,75.764737183225,83.1589511351575,84.0262590383058,79.4309458033159,76.2598405095166,88.2080095561361,85.9576990858603,85.4591380316702,74.8702567725151,85.9469614345588,84.2638813558285,80.5422307561291,86.3261428550462,79.5515946719164,83.677512811083,81.9304203361423,77.5494958450901,85.8650620119941,80.4004377310785,67.9002061043279,72.7685698767634,77.5221830292869,75.1541948101122,85.4605873719527,87.3024639531717,85.4753474626656,82.8287921310555,82.4406354042379,85.0981602646745,86.3892839593463,82.5682894513621,86.5698525763735,79.5674152690555,82.2990546420292,77.7475218073578,86.6902509988399,81.8839911523593,86.7821391160157,82.5996715302557,82.5203866291003,84.0923375383205,85.3207834741078,80.2352861391007,85.1624126769037,87.6836986259033,86.5490318677645,89.131296888897,85.1262069482539,83.8062753097373,81.5545798351012,80.4702675083535,87.1870212043941,79.6230574452661,84.3000470564505,83.4300471736912,84.7120500089555,83.0024627888117,83.5618838462144,83.1963878049053,83.1707641799725,85.4494694885063,86.1823246495935,91.8100832221999,83.0916855385773,88.9172495878623
81.1332603413856,81.5061836830016,80.98954428784,86.7354254524507,83.4702770000881,83.9856801117919,83.1055497911422,85.8459776241907,79.9794500767719,0.0,73.5795519740441,79.2989358400125,78.6452779120373,83.8684325283622,74.8672517941831,83.1521932428427,76.1394950308817,80.547589897066,86.4737010801751,76.7815127899383,82.1927420006061,81.8309648483406,80.795045005437,79.3905042197682,77.4832947135753,76.4033408841588,78.4534895142603,82.1646333199309,78.6684069722222,79.9175144000962,83.0050334118114,83.6680996293071,85.4165617320602,80.3771789188972,81.7067917464088,86.2468946877373,83.8253437512428,85.1102031726667,75.1996458830018,77.9403030845955,77.8838337094178,79.9339286977042,79.7146163461591,78.9916381444939,79.3637256413695,81.3715161489039,79.9605907697367,81.4903293698138,74.9979709125501,78.7330787400197,80.1583511826549,81.9114419547812,77.4554932420687,80.9082538943029,82.7247320150576,83.8772539869074,80.9856451498836,80.2576690204599,78.2105465569701,77.0111811264509,75.6644511081853,81.6368332459815,79.982322324265,84.3768881211711,79.1309477036585,83.6959051356711,79.2896264943569,81.9506906520821,77.8934022049857,75.7178807563108,82.2800853401216,81.3512171101844,77.5211688620119,79.5484181718407,75.8732669817051,75.2085790580024,83.7099328324543,87.1120813242188,85.7955217258166,82.9384062443823,80.3685434240565,82.7558835150946,82.4534713248698,81.876603236337,81.9905835274195,80.4672289129071,81.0546624136511,85.6060595500988,81.3968676527619,85.331674228137,83.6954375386796,82.3038660642594,77.2801544054323,84.7784919543344,76.9718419926367,82.7182929428034,80.3109370147484,76.0592857536964,77.1013076154059,85.4476504856385
87.1675989130993,88.4718952942476,84.3190901448819,88.9757382630896,86.3610446735204,83.3771543023248,81.9727411418871,86.2476958211903,84.722485502011,73.5795519740441,0.0,81.4020171721063,81.0577138215419,79.2398949985912,83.1187136964844,88.3501839619838,88.8219497761021,74.6482789119493,75.0785210321285,81.1648356807556,83.2698120385951,80.4172097796364,79.6270621207679,82.0937581819887,79.8753255630729,79.9292943020894,82.4159688872392,80.7509747062041,78.9864795928355,85.37375780214,89.0020695870938,87.7873667353287,87.1673921225252,78.0827958742551,74.0037288317174,85.0069895804478,83.9668135362178,90.6042517510773,85.8250429063167,81.8551653692322,81.8850107696795,83.6384601429929,85.4476555228499,81.5614752439829,84.356835440448,86.2264755989445,85.8539696336376,83.8357057976358,74.659448409047,80.0867139514373,85.7592283550389,82.8858857887971,83.75292032027,85.6370589652064,81.6300652900557,81.2997197971341,84.9043463298423,86.5462389756025,84.8024284935665,80.064370968313,84.3861736723899,83.8011478460802,86.5949816846338,87.9184471938825,86.4936451407818,85.9936081488982,81.5918456309032,85.8131802783149,79.5609476651694,84.1856323774787,86.3528138459015,80.8665145597919,84.5801755157423,81.2841301079433,82.3241756525726,82.8445968995278,81.9073195622453,87.3933010828838,90.8209667661519,80.7855764552707,81.0132912508917,81.6262359915902,82.2183465797804,83.3569339691488,87.209679405201,81.8881173465083,83.5190218316,84.5284685321008,77.3922688463763,78.0838096654485,83.958482022557,82.1546176953986,79.5225455119938,86.0138292396539,81.7535698706833,83.3518102029045,80.676809258184,86.0814625058205,85.4946740527454,80.9866790866365
85.8551274263867,80.0318429808685,81.351869368246,87.9877936527366,85.2435922357187,91.3266112811146,90.5090299440698,90.9501202037185,91.1193052658725,79.2989358400125,81.4020171721063,0.0,85.2297051087835,82.9360539127961,82.3210794098556,84.3034232976601,77.3974970692237,89.0990873955027,89.8822406434354,88.6925582041746,88.097232140452,88.6558032109617,80.6445814117753,84.2564948634223,91.5580161520011,78.4543669019041,84.3614764880233,79.5785817602123,83.5966056995686,84.6099586930435,85.3235520630737,89.2671427646552,88.5337871082468,79.8772690671705,83.0448539203859,91.1273657361551,83.9927682726783,85.0991239250687,89.0134288328717,88.3032645955372,83.9448137551612,81.970474342876,82.7263314138116,84.8789240378836,86.4231409189839,82.8778815858769,82.6861021134131,90.897968194784,83.3230728813734,87.2244693651186,75.3660181566778,84.1578247508872,85.7528345570822,91.580438676365,80.2117804631472,87.8592892414814,86.4513590011416,79.1072689884138,82.1235496511848,82.2636185957459,80.3154820842598,90.951563990145,84.3467672090285,90.6016583702694,86.0479658795309,88.9476374713371,81.7468514821189,82.3483786707151,89.4761419957014,88.4240775202124,91.8477513731193,87.4537812932142,84.2697401183651,90.9511946953875,86.4622751164008,83.3506636989269,88.0187304083388,83.9987216240879,81.0373710148617,81.558434100097,90.2880582395295,88.4465778446236,82.5465279542163,91.3488274380334,88.7267931582095,84.343780640788,90.4871322520637,76.0000648872553,88.6259282370351,87.9450353764411,85.1543579749263,71.425818051233,87.5225713431044,83.8681593457055,86.1706728328482,88.6943187717316,87.2347694149975,85.9950336955919,82.0824225331378,88.6133188865318
78.7823498014301,88.1268399505751,85.0368009959952,92.1594445537369,93.3894501714395,87.6241072551834,87.7634006343379,92.541049096009,88.8991832097553,78.6452779120373,81.0577138215419,85.2297051087835,0.0,84.8143461888152,85.4674885428086,85.8621707911744,80.3476039970185,85.7065583058604,85.4469767905887,84.5440607875389,90.8324340302115,77.5573628737468,76.7891991209486,81.4522919855422,86.8443187650616,79.2912038887626,75.0180510307723,82.2898119559771,84.7012840031277,82.2730915844034,87.6127321156962,87.9187821487552,81.7336499735404,82.3899574304641,77.2150016003721,89.9601820492696,77.6861023320871,79.6884640257022,85.3619801119279,83.9788290086998,83.2865808890032,84.5202400651829,81.0102913875082,85.3465231862023,88.8903945454074,79.7008863775327,81.042906329182,78.3199196018226,81.2941586545454,82.473917641933,89.1481763329245,84.2417552349476,88.3540652547263,92.3583455099408,86.6301048229473,84.5049065750473,84.5835473626782,90.2959031921817,74.8476915326798,80.1181876441233,84.6927659829158,74.083785567304,81.3663407754158,84.859683271914,86.1171706699662,91.1232177647782,82.1172420528435,85.7938959521459,83.0307352818122,87.4416417977732,88.0068377122623,86.7366867965579,83.3710176940633,82.6566987804597,78.4503055193253,77.7047967715336,84.7459408584372,87.1143053567665,91.0776853412985,86.8585364471894,82.0821726333701,82.4686112200931,83.370647845492,88.9463379912695,83.5887105220861,86.3725285599297,83.1979992451867,85.0830003212431,77.7648865116677,84.9891550895345,86.3740395066471,88.4386748719282,84.3981325851527,87.732664649503,84.2279760910485,80.0598515671604,77.1003969822313,78.0458657237137,81.4816088703063,84.676378564661
88.9921200363615,85.75397428385,85.8668453454521,87.9774055990472,91.5364680328258,85.0174420854757,81.7569052317556,91.9980245282968,88.499454413424,83.8684325283622,79.2398949985912,82.9360539127961,84.8143461888152,0.0,79.8334472112854,86.4704444747787,84.9097849054158,82.3365296153455,63.9158495683798,86.4585300542508,76.1032640011895,76.0564600290524,77.2476321404997,76.3150768822503,86.7282949860122,79.2569724751555,88.0021264457519,88.9651101860229,83.1405794714082,84.2591672682775,89.3456189953648,89.2665165432752,88.8474961699577,74.8871279381717,81.9911604554241,82.7379312803867,83.0159133057146,87.7905115862327,88.3882114877508,84.3365989378288,77.5963265176658,86.960679439357,78.8143432252876,81.3038010760005,83.927511227545,85.9739517660714,83.9519089740986,83.4137191347777,80.2908111270168,83.8376305538767,85.7874166777376,80.1825876704553,85.9398201580675,89.9081136584291,85.0845983611168,84.4367924748184,83.8665708661516,83.8414265650121,76.5660948386626,82.1177622423186,84.8207983154762,88.8984260556074,82.9354730056262,79.8196241629424,85.4558423347988,82.899136142689,85.8195634239122,92.8234157414057,83.8969384365268,81.0806258962657,81.1634483905365,86.8697014623425,76.0241817190781,87.84882140975,83.9990425893595,79.9965716398498,77.7082225653251,80.0038242038268,84.8702972932279,81.9542339465659,86.6034734667217,78.8968662354759,81.0224006278358,82.2477892983513,90.8172525812151,87.8069324713229,80.3169225256913,89.1983036076586,74.6641819913972,81.3961938775726,78.074099680417,84.7386209002055,80.8848967834999,86.6891320772384,78.9442361121701,87.2579801492901,85.2955756822499,80.8978860938668,78.566805356062,78.2146599381079
81.4299272880983,79.8480446770036,80.4803483421992,86.3545904408087,83.5204963127273,84.6455344618306,83.3620175862289,90.2309710427996,84.5272431820258,74.8672517941831,83.1187136964844,82.3210794098556,85.4674885428086,79.8334472112854,0.0,82.7949324303785,82.0829252898106,81.4255535161041,82.5571702861855,78.8117699937788,79.877979587735,84.5774043061053,72.1371827106931,81.9646427705078,77.6174624511752,78.8085473264467,80.9211622003432,83.0444132616903,82.2907274315242,79.6784458881009,88.088220646948,88.9007766675205,81.7315700650794,80.5026286458965,78.2526762916225,82.4524012801528,81.2470923181396,88.7556744223136,84.1869859612624,76.0605857161087,79.1489629497538,79.4864214883804,83.0644803105417,78.7307883901519,76.0382578391694,79.4986466041069,82.1647992829716,77.0076735559191,80.7671724110537,79.7817373228662,83.3872738712533,86.8597155774696,81.6020654653223,84.2306326599789,85.8154311316633,78.7457946371929,84.0288569315782,79.0689378741176,78.0749863243805,81.7998423824355,80.901704306115,81.1234002190941,76.4739208891115,78.4336456835689,80.1042024206328,64.465519536973,81.1816178907437,84.4005383836601,81.243517134843,78.441640348276,72.3576041341613,84.4075642613886,81.0215411170458,82.0039570513555,82.5080376207712,77.4846603253244,78.6593087235214,77.6627942013908,84.0635527661856,83.8495477245991,82.5636522691846,79.6640171239596,85.428137135515,84.2858107056538,85.3297388779614,82.3700747781632,80.9544536865619,85.5541268149498,78.6961331344193,77.8268308051648,85.8167810511423,84.7398617117546,78.8329591788023,82.38312031717,81.0437986243524,85.2928367785461,83.6784114333321,77.6831819693183,79.2313443100766,83.9222078531258
85.0456460909988,75.2410655099331,81.0560735877016,78.0726012179342,77.1280735128555,78.831249755505,71.1623184048475,85.2067527513667,82.5150677097468,83.1521932428427,88.3501839619838,84.3034232976601,85.8621707911744,86.4704444747787,82.7949324303785,0.0,84.5725293240847,81.5935017663549,87.04122495311,72.6553509145299,82.7668624481995,81.5520832513353,85.2197108148666,80.5000953283113,84.2021346695656,83.3118479740119,82.5249836574937,83.1348605511049,89.8297936073017,79.6214848217729,84.4882954451607,79.898876588277,79.7564219288156,77.5739031595126,83.5837369690224,85.6245073148564,89.2449967922643,75.4386177135112,80.722389948885,82.9213010808901,84.015622321351,83.7128578960871,77.4500125548235,81.8234937364842,82.8126067143424,80.6684528781218,83.3050175191375,86.5100357395124,82.626727643734,84.4178423829065,80.5918727970327,79.5417251518991,79.0030069975,78.4124194053174,77.8103655814789,78.4580206528465,79.6210533046408,79.5463302700786,81.3589342895183,82.986209372551,90.3914394265056,89.1634411361191,84.9052766486821,83.1448515665863,75.8523486678843,82.4664278001258,76.9822946205899,82.2641611695945,89.3425564864762,80.2922313606488,83.8421037483014,89.3169119246633,84.5345281259211,85.1538700852366,81.0923375388787,83.9357436227621,90.8544296622721,84.3385938465985,81.5352598116059,79.3498720352338,84.6914978656381,85.8546691617853,74.6945337920467,79.8884794881873,86.7297491465036,76.4309872753109,81.2661461136151,77.4293024057944,85.593612632444,81.4347755342684,86.8512393181715,78.3953027646848,86.0054369403595,83.5839442009651,80.7584189770997,84.1852264481912,88.6903220302497,86.3745417874982,82.1061708351891,86.3460771888088
80.8038204948896,80.9517271970482,79.6135509816022,87.9107711534796,89.3730088140185,89.8970382840873,91.8564383787032,88.752603986616,89.3991062949884,76.1394950308817,88.8219497761021,77.3974970692237,80.3476039970185,84.9097849054158,82.0829252898106,84.5725293240847,0.0,87.5932077106137,85.0178337889196,83.892234068874,86.4470974496269,75.9905704365164,84.3832287988655,79.6083355890171,80.92397989167,68.5936415886474,78.7909938172497,83.8285300078666,91.0903280567815,82.5316773148839,88.0559684104843,90.4965745671318,85.236563835124,81.846446673822,87.0536770210976,90.1668555351332,81.7023305890647,83.0184952349019,88.4798247275209,85.2683281885365,84.2365355125976,78.0609442129434,81.0086500156505,85.7525177439495,83.4511147177336,83.2008221839081,85.3475273852808,82.4600104917272,81.0889014271829,79.8873017916033,79.4972864274314,85.209825572691,85.655172058565,82.8131617751678,79.6992640327359,86.4369860392498,80.5896156926152,85.4781765590118,82.3661614314704,82.0992931515989,81.4347833183519,85.5247698898053,80.6779448608298,85.1651228254595,80.7526373942235,89.4789860397252,85.6919581516585,82.6082124780441,84.3021827687455,86.592318106136,82.8823110483221,82.3786763041037,81.3443016594732,83.3642822152661,78.0179553489238,69.1794379030422,84.1909636484949,84.9686277848126,93.4173427387931,89.5827178714388,81.542221124717,86.0643721424963,81.0830303340733,87.7085467360861,82.8949550915534,83.9097772320108,83.9344461095447,79.9276471530478,83.7201417697058,84.3009751741941,87.1271556911143,80.755459673775,88.7384936347571,82.0082844970927,80.7840654126568,87.4044172398183,83.71799709751,86.9016395016248,80.9593475008018,81.5789347132897
83.3103255150275,84.8115624775848,84.9429777669483,88.4485270254744,76.6330292620203,78.6397425224281,81.8617717386256,83.0574738507421,82.3760828125178,80.547589897066,74.6482789119493,89.0990873955027,85.7065583058604,82.3365296153455,81.4255535161041,81.5935017663549,87.5932077106137,0.0,80.7831870486109,63.2363065551589,84.4206672855414,79.8987191423163,80.9230228513598,78.2143089274377,77.1091464983667,86.4866644475974,79.6346614342667,84.2446660875011,83.3579262310194,80.5252970473578,86.5917316445853,84.9688238961827,90.3642533287788,75.3185414971174,74.8619505788449,76.5782052461714,83.5560225321191,82.3506546029687,82.7388544328537,79.3016426483234,82.3110322682977,82.5660555147418,84.6466327809565,82.7316968657746,85.9058955031498,81.4668067704139,75.4276374565817,85.0893529026532,72.3294355147005,84.4192326700468,79.4063828550455,79.9947871004455,77.1880702739166,83.8159704858922,78.6069608958121,79.5013830886578,81.644460606676,82.0698133452345,80.2149080585758,80.9938220378576,83.3224963575405,78.5643773200575,87.9985629348132,77.5866129314981,87.6066078869108,82.8365674845183,82.5953805342767,85.282119767206,87.0274588530331,68.9858918426315,83.1618437953593,81.375897503264,81.8558254364171,82.8955265621825,80.5246493742125,82.5959840369497,87.4591662902071,87.4054083882972,87.0739587647252,82.2444819406532,83.6883626851061,87.6580885688019,79.8703837749399,81.5770440609606,83.808230068943,81.9190742130426,78.0411051111484,84.0862059836698,72.8076012638204,80.0818361077721,83.0387938141059,84.6680473492475,81.0824076474851,79.6495608959874,80.4872906697343,83.5004073750815,85.8429714589381,82.9284889609024,72.0423445646917,89.5173001483568
89.5547802126821,82.7253127099465,86.8485783962141,90.7728793276233,85.0848271188534,88.4981439391441,80.5621342210887,86.6329581290283,90.7000936073288,86.4737010801751,75.0785210321285,89.8822406434354,85.4469767905887,63.9158495683798,82.5571702861855,87.04122495311,85.0178337889196,80.7831870486109,0.0,83.7693524409852,80.8348687891738,80.8126716086057,81.1143289091283,73.4185806103456,83.2145405449136,81.2523477478988,85.3011076194776,88.4984094888933,82.5119693339713,80.8024637640969,88.7701927377524,89.9513198387281,89.1217862258282,80.7963783092107,83.2264422627947,82.7546338590184,83.2309723702807,88.0694343017751,88.4143689229368,80.9609956991617,86.1828295992375,84.8550179481716,83.3199946893072,83.3917980051709,85.3362998644813,86.7766896384196,87.877412790079,80.7761852943036,81.2046941518443,82.5164646244409,87.6029663714583,86.5889614572672,91.8239113639918,90.5888576219908,87.183439249541,84.3928708721848,89.4739604535843,87.513366106528,79.0193305949817,81.4573655106733,87.2881081669962,91.2313896683976,86.526504833354,79.6723015882806,89.3670265933708,85.7896181458898,80.8777908445896,90.6454528865277,80.8260247187333,84.0280702412067,77.8516930594407,87.9908941848683,82.3489833561749,86.5233767694918,80.3191301374061,84.8681139190842,80.6945797296052,85.334150482545,92.1823458567288,81.9846550700343,85.0691502907307,86.9033071054763,87.6120714633987,80.5931523468642,87.968768631342,87.2110999473073,77.5821107835289,88.1348769248939,75.6988088450137,83.9998732333738,80.3930337646284,86.4793927037005,81.6193638864729,85.692572518771,80.6236030288334,87.8211264858364,88.2784730385529,80.8328933183684,78.6628114178211,83.7461638145562
73.7568150167269,80.6343828456429,80.3439685337857,88.684844104474,79.5650395015104,72.3662882157447,73.6254534959148,90.564630142504,74.4982007933227,76.7815127899383,81.1648356807556,88.6925582041746,84.5440607875389,86.4585300542508,78.8117699937788,72.6553509145299,83.892234068874,63.2363065551589,83.7693524409852,0.0,85.7303471483878,83.3136215273611,78.2504769557657,78.8900270441925,78.2203343816013,80.0641297250344,80.2946212023428,84.2583562016289,86.576038793303,81.8094209275886,81.1227315903018,79.7998604284222,84.8558124169126,77.0124328619628,85.3882779293783,79.0171762524392,82.9261794691391,82.2833512756117,79.1207129538414,82.262233997208,80.0914668854819,84.7196190912369,83.8908407573381,79.5079477465422,82.7463429739123,79.2650997395005,82.1359247278996,81.3258922878363,74.6970003908384,79.3599132337809,73.956650951021,72.2685424953094,76.1751867731345,82.1206504113037,77.1895439626994,73.6800163780957,73.1337322469208,79.812835347655,85.7562738520534,79.3175415813918,82.844152236148,83.0911538563883,84.5165587749953,81.6215544850662,79.0100478503083,80.221843841386,80.9380656367619,83.9198447348785,83.9858042860349,68.8058837051792,74.9421202818283,87.1477407661475,75.4137172076943,82.9112968751993,79.2970558442172,83.3749000437857,83.2339980530267,78.7104740756167,83.3165151310164,79.2654450832867,77.2028925613563,82.2909676532159,79.2683067576766,84.3022639159901,77.9973115950556,80.7661581337731,80.2956601055682,80.183702947918,69.3751646085082,78.5349471480889,85.5009984053823,81.1183920586648,83.3085097757087,82.3643384349741,81.9092627196239,81.9852069124528,81.4788199824177,86.6940345484434,76.3684703896259,85.8370191472188
87.9799651869045,84.2382028164806,84.398844050605,85.5981416856874,84.9264627425303,84.0015959348982,79.6767130132641,89.0429628388861,77.4482621302563,82.1927420006061,83.2698120385951,88.097232140452,90.8324340302115,76.1032640011895,79.877979587735,82.7668624481995,86.4470974496269,84.4206672855414,80.8348687891738,85.7303471483878,0.0,85.80150468159,79.6228917262393,84.7023390486501,85.6131734926302,84.4517656522085,81.8284766417101,80.6760150072786,77.6403790255129,81.6250762901408,84.203789053376,86.36941669159,82.4330193703693,83.3593104029864,82.7059066249196,79.4599974691367,84.4489333296593,88.6979781047189,83.1610885840115,79.7248442982919,82.3525829434747,82.1171245008867,80.0038788443405,81.6865134676272,84.3234378730724,81.2699325940083,79.3854457421855,83.9881511495538,76.3406955237236,85.2374129341083,75.4170756904834,82.8878462156516,86.0022300193999,85.744797117544,82.2223752317229,82.7302529437153,79.7529735599376,82.6306735655063,79.1282663796694,79.2894183531985,80.6641220754427,84.7246761768908,81.314312464008,81.7834005074076,81.2186321792317,81.7684532208271,82.9442178606263,88.5383466035456,85.9424290861318,80.3253522622806,81.0354384332621,80.9851367149672,82.0629456168758,89.7254553313928,86.003152201384,83.6512492751514,86.0011159269111,79.0339058647588,85.9251483869827,86.94483364746,87.6375150945416,89.6541662478742,84.5498727355768,84.2476629876524,82.8517731790672,85.0399818692384,88.1148634083283,86.6172881332068,82.5158161383589,87.5103752515619,78.3076723079756,85.0256638091186,84.7105978454974,82.3134982012412,79.7838635136808,87.199067347675,80.4073579898609,80.6111850704406,81.5978124865577,83.850644629809
83.1426058379263,84.7967177051979,81.0421167432066,92.1860934859971,88.0177724367616,87.4198349798376,84.9753109057432,90.1381472536257,86.931126328197,81.8309648483406,80.4172097796364,88.6558032109617,77.5573628737468,76.0564600290524,84.5774043061053,81.5520832513353,75.9905704365164,79.8987191423163,80.8126716086057,83.3136215273611,85.80150468159,0.0,82.7609053375483,77.2964236763865,85.5587901964927,79.1933785579205,72.2465424952188,88.0482552288384,85.4391541440982,76.329147249225,88.9110113967974,85.7635072650937,84.6068516579834,71.2919662881323,71.7017310527784,77.5102622885076,79.101297311033,82.6407867871127,84.55215129262,84.3074432736558,73.9559938337847,71.8506872107185,68.7465895915918,85.7724874055912,77.206056966566,85.1792952175454,75.9162437006062,79.8467175028449,72.6480886971169,78.471939658192,82.9165624222474,77.4412880386259,79.8288582405275,87.2984546851361,83.6513926397235,85.3612800570251,83.5938650955866,88.7376989415989,80.9320887768154,83.1516283682815,85.3233973792293,88.0691780295423,84.4826416716025,82.783116747546,92.0760937252433,84.9943275283388,84.9496094481034,89.8120385433345,79.180265958573,83.6333761055885,85.0712745918847,86.5098457883443,79.8323760095066,84.3343627149056,78.3823797415355,82.0003241077588,80.0137887906274,87.0472948858716,90.0368166121053,85.1961548651135,80.9253530198557,79.1459713454473,77.0300922489602,78.0622808942928,79.1920335943797,79.2064237978386,84.3062713051065,85.6639427137244,80.0960161153673,83.489333530384,85.8836625422512,83.5462404282227,82.7099993764615,83.8703394099963,83.2569954420478,74.7276036208679,77.7791603373194,77.8185848531031,81.9858572605528,80.8829809355375
83.6510174268914,87.4854604071022,81.3537040992534,88.3915275486302,87.4574574887581,85.1476626580128,84.5409353288602,90.0327193478095,89.5295717658966,80.795045005437,79.6270621207679,80.6445814117753,76.7891991209486,77.2476321404997,72.1371827106931,85.2197108148666,84.3832287988655,80.9230228513598,81.1143289091283,78.2504769557657,79.6228917262393,82.7609053375483,0.0,79.8539124701841,83.9872748724039,78.5645461374823,80.3258882705369,80.6987063026722,75.9667602664013,74.9694103263505,82.5605708889673,87.5824088884149,87.483548589219,79.2546949286974,80.0242971799524,83.348687143059,79.9984019593774,85.3282323704402,87.0733583179214,85.502174378917,79.9843213088997,81.6179935989659,84.5807771956509,81.094852207178,84.3364066951215,82.4933834529274,80.7133730287024,81.0751327021281,82.6155876536887,83.4486157855947,85.107554187146,80.7909451115469,83.9975637523059,84.954109713464,87.0432981854438,82.5945662858783,85.380176734981,82.0900099861199,73.343705856401,79.1945961409007,84.5898345826561,80.8073704693745,77.3855425434542,80.5170772783506,78.1567095042583,76.879066040398,81.5632185857759,82.997556572317,77.7507744816967,81.5958173890661,80.8254592932912,84.0991882415911,77.6435648623418,78.5030339708395,81.7409573564808,76.538548998957,77.7624803566146,81.2036113888376,86.8218043408605,84.3802585197998,84.8750507663155,80.9702651470404,80.1690405071841,81.430784592449,75.1690524664447,82.7195479351032,79.5453432645181,83.1103370840327,79.7364080134594,81.5324439483868,82.794856765079,82.492446136989,79.6646261071469,86.8196302331886,81.0323433051191,81.0402373761185,79.1765737022853,80.5759914767368,81.1381462425444,80.5265955883153
