0,1,2,3,4,5,6,7,8,9,10,11,12,13,14,15,16,17,18,19,20,21,22,23,24,25,26,27,28,29,30,31,32,33,34,35,36,37,38,39,40,41,42,43,44,45,46,47,48,49,50,51,52,53,54,55,56,57,58,59,60,61,62,63,64,65,66,67,68,69,70,71,72,73,74,75,76,77,78,79,80,81,82,83,84,85,86,87,88,89,90,91,92,93,94,95,96,97,98,99
0.0,76.8951278026824,71.1043702303301,72.0936095842356,78.4235066101938,75.7900832259037,67.2512417372442,74.6991779934421,77.9883338434298,80.6032842880952,79.3465612218101,77.065625385887,78.0030162610301,81.4776341966863,80.5946019686187,78.7122050630982,79.6129383069373,74.9146475454341,77.0034457730437,81.3661902201331,79.4334489797161,76.5522334335764,74.9849498926123,81.4500916022545,79.2322064975651,74.0162888014581,80.5983506721611,74.0811708101237,74.1429615639538,73.4543137328054,78.6039076590629,75.689141911741,72.9108279176462,72.4989999051854,79.0130603336932,77.0695933022858,85.2195184964919,73.8165724783234,82.869444713183,88.9383843519783,78.683446978883,77.1066395674881,78.0452936331686,73.1257071645786,79.7588427139548,84.3680137045207,78.8870708667823,79.4371944631003,81.2820545336884,81.9064432850777,71.7723491367293,75.302076575558,66.4332117308019,77.1308018551111,71.7695319723648,75.3756624555655,67.9061198330322,75.891823625357,71.5294691637642,70.715399239708,74.6956836499573,77.20829972398,82.6388138738902,84.7747921512943,81.7976958584688,88.0364893102401,73.2319761244051,75.7605391756316,82.0617783942375,74.8856852115658,77.0148027037608,77.550047660409,77.1595861477094,75.107034046271,81.8670503617484,72.1226933179152,78.8872174287999,75.7687437816711,79.9944452499032,75.669471478823,76.3217134188075,79.4723950403602,79.2845758565984,80.5289825824596,72.3432575763906,80.9703985690778,82.3022697471898,71.6727550382597,74.34566949604,79.9674065447432,80.7213795898253,78.6784699834804,78.1188523407543,74.3670648753044,70.3095785853588,73.8257711895522,87.3118497130741,77.1075661077411,77.1508891833538,84.1511000736133
76.8951278026824,0.0,64.3730176368684,68.1393329158312,56.8545345925106,72.4979127692038,75.7191152196398,66.8458060064655,76.6741205602757,71.3922130302112,72.3619131300895,68.7212562560675,71.635444960937,80.0316252517037,71.7189388220281,70.5525519209226,80.9570894009865,70.6954587346246,76.091387267851,77.7268085753465,71.4918050632298,77.3627303040857,71.9266547225368,70.9456917607265,74.5609657539539,70.662498830175,75.7128435655347,73.0158378611955,74.3236185738398,72.5003828050836,72.9268113687971,71.4911078028898,72.8122401789432,69.4145204073951,69.8435870025514,76.5468092239282,73.7083636050182,68.0833067332201,79.8016274648384,76.8049499730654,69.4018682175542,78.5174741164201,73.592372019303,72.8948494393607,75.8651259110116,76.4867315995216,71.0510896043574,70.1562756380234,71.2796871608259,77.5598054965987,70.4188185679423,58.9134924195636,71.9470078094373,66.0299231945063,68.7582166663285,79.186991645358,67.3192589637686,74.2152481977643,67.1409103105629,74.866600175203,73.6348112316643,67.9739411378565,75.2282849003299,68.5550623367231,69.0131279395626,66.843317225603,72.8292828015198,70.9719954148744,67.6164307205139,72.5119727776319,69.9354418423272,70.9864210034444,75.4390920393751,76.6213476160073,71.9933747183726,75.4219502749755,70.1532407510552,71.4726399964902,64.2082130812333,76.3846797050176,69.5149194329574,71.3739892785238,68.6409823508834,67.1032673771996,63.2833750832702,66.1291242011753,76.7487513462467,67.2744813973469,67.4088172416845,69.1695301871195,68.9586638791976,75.9526276237794,71.7685334374806,72.531777593012,69.5787655769938,69.9563793141599,73.4463878904394,70.8959085208775,72.742193511868,75.9933015428287
71.1043702303301,64.3730176368684,0.0,75.9477035905661,71.1449159129624,70.9293292438003,81.6717315387542,71.6924823694795,79.1517083036432,78.1460804618937,75.4201038531659,76.8504316541085,72.9880136494428,85.5885269392268,80.2166516082713,77.2115041919201,83.835602888051,70.1765162971987,82.8751827400058,82.0179205600132,75.5435043309067,75.5252766231701,80.2929803295479,80.853863755369,77.7326078648046,76.6796421314109,83.0367765696134,77.7309751448226,76.8338994034581,79.1122909599807,74.4837122525938,71.6608640039924,75.7049244929105,69.9612758499981,77.0128569125301,83.3548885680636,80.5600190647732,73.9848238789621,79.2249808753609,84.2788530531633,79.1656832778484,76.0030802812171,80.2551358621735,75.8612220278786,84.2768394008371,82.2074856924426,76.5009190309648,83.3955147259663,82.0614955539192,81.620793606669,68.7623437843815,72.2031400891708,76.8067540039901,76.3667479018763,77.249134114753,70.8100748235864,73.0731802041541,77.0363414284826,74.0446657851343,73.9081432613355,79.7514327383308,71.2761597782813,79.0880539320343,85.560195970146,82.5457242410136,80.3294666345747,80.099983747317,76.6929770200429,80.6523459396903,71.9001299453901,73.9517192774053,70.9027493994409,75.2196455722695,76.9165180004065,73.892836016175,70.1806210113803,72.2201409786887,75.2198897952204,73.8916188824036,73.6587621026725,77.9440837878149,82.6976890505688,77.8912368787382,74.9240190131357,73.8113769133793,77.8965475611862,83.6927522564704,73.5733429838078,79.0700403558083,81.1311903399066,84.8882349458772,73.1460005453236,74.9555275295162,75.0658750217357,70.0353257033942,77.6448668076384,82.4672890716581,82.6754841781531,80.2567711277496,86.6667822507074
72.0936095842356,68.1393329158312,75.9477035905661,0.0,59.8628017400984,75.2184264953147,68.8784087362937,65.7483725038287,70.4614155817333,73.6099959181308,77.0146484872126,70.0751612682001,69.3420973890962,78.8060309000554,79.2654637687096,68.8913675980193,71.4302913358713,70.1808268183118,73.4833829120539,73.847556562899,66.956948504565,75.4356217007458,80.9813083816848,74.3703846772384,76.1490778732315,71.0155676874396,75.3156234369462,78.6400319602868,72.8446355342367,68.0860502675395,77.8761247967662,74.9320073434248,71.4858891798856,67.9955109319588,78.0044678686504,75.6047006701378,75.0613792574306,67.3657059765213,73.5083684862653,86.7961916662405,70.0575769647022,76.4430207247093,79.3302609728959,69.0925079723903,74.1365515478466,72.1777639639509,68.7673578704527,71.040139407934,72.4986078568186,69.1221522999543,71.5576517943688,71.1957547957579,71.5636558173479,51.7593811408556,74.6154365835097,73.6987849197677,73.7365919235471,72.6883422042239,71.4695320692696,81.4904602149141,70.9855578740982,74.3344471179744,79.980072291973,77.1228143229129,73.3851949045549,73.1049980974656,71.218158947841,75.2809058110428,70.4875190965762,76.7688145103604,70.4935478097643,80.6737125972856,74.8524721353411,70.6105263684429,75.8067513237281,79.1980146023856,77.4204281241408,71.5875417602824,73.3840654647355,74.1351688875542,69.0558042789785,67.8896573326664,73.4880441022936,68.6979458560699,67.988186819386,72.7908929369833,71.3117375157344,76.3064210623306,76.7357628017625,74.2712311521689,74.3449065089401,67.2797662223015,70.8184590339817,68.8950294854416,64.9203618693872,68.6935905872834,74.6192741964496,74.152311566068,70.0173472283429,71.3006694490178
78.4235066101938,56.8545345925106,71.1449159129624,59.8628017400984,0.0,70.0663079915662,73.5459520957685,69.0667381268982,72.2311118456459,77.1337216973387,79.0213116789849,74.611045662501,75.9407593949546,84.634875820922,77.8502195066424,74.948310302707,77.742433293859,77.7955559949627,78.0975307861898,72.4323886643818,70.3548826147647,78.7606238034472,74.3354192818829,80.1824941526562,76.8964953046737,75.6960504321308,74.5698711735821,77.4236821834976,76.7367979745979,76.1982433603602,76.5140476541314,74.5699311293394,67.1427255550457,71.661624713426,74.6106743521427,70.5088868804604,78.7456508181503,69.1826190959252,75.9513558447096,77.2891551885836,73.8784866291084,81.9173487379363,81.1179524034222,72.0752635526879,77.6166039484751,71.9169576422347,69.7315283262746,77.4092782722465,74.1041146077813,66.2249131457693,75.9591707992218,66.942789564738,71.2268286186019,67.7965796560482,68.3325041498653,74.9149885286536,71.7288626543146,68.7699356394371,77.5554994029851,77.5854769342295,76.5985667648104,67.9804469838381,80.0668596611016,84.7646163074872,67.620776940544,71.6293915420247,71.9226911678187,79.0281023598651,73.01696338009,72.3162048484485,71.7554966386905,80.0840708220256,73.3828067890631,75.2866323397526,73.0912686684419,77.622390468224,69.9785953063038,74.3432704585074,74.9266347816588,74.3467326254284,69.2041048848286,74.7418803711041,68.4523875627819,69.6047797179219,67.7161915610533,64.0740643828122,75.6009699090026,65.4769725868855,73.8654124526882,77.3278486548974,79.3004565175854,72.3489159573786,73.8118792808312,72.64694801266,65.6034120038659,71.4598569438919,72.8907683651463,74.6146127419288,72.6332638515862,67.7918866677966
75.7900832259037,72.4979127692038,70.9293292438003,75.2184264953147,70.0663079915662,0.0,72.0439888270716,70.4621967638632,67.0688017168659,78.4975607068864,76.2082040104114,73.2264023028405,71.5972041948124,80.7733987573535,74.119698847717,72.7596032340892,73.8837060564073,76.4674306100024,76.1284911090874,75.1588405499125,77.6589063405734,82.7754452570419,72.5624835041343,79.5802762697423,79.0895265386459,76.7368226862115,75.3468690383822,69.4064550129319,70.6769611381304,75.2813380902775,72.2087304030468,76.1428112449234,72.5147743594748,79.6647017565388,74.4631223977114,71.0815090743668,78.9978674072517,74.9055441322371,73.8483810545685,74.1169236025445,66.7543335917439,75.2430138431061,69.3551902519188,74.5785472302628,73.8674313127416,75.7171576787721,65.0829380048529,66.5424009158215,69.2307575970574,72.8963199872222,75.2431434526297,70.3174628469953,78.1270138367975,74.9842995580417,72.9338486177986,62.234256608193,71.7405902194498,63.0528379593622,74.8915669709565,76.5632276607502,75.4154810941461,74.1695580510971,82.8867833792601,88.2827001896077,81.3054830265691,78.0137749548561,65.945365734011,76.6166047368963,76.6348198652361,76.047616382221,69.1720702826415,78.5255853520517,74.1819358582395,74.6178042913499,73.1920955548629,78.8723846520435,72.5326279348264,72.6586074430604,79.948128807508,78.2329559295598,80.7734141305287,81.3106840500583,77.3640116973077,77.6392887116901,75.5209469437062,75.3713960680068,74.9572645497225,77.8658020904761,68.6812941986912,76.5472851356328,76.1116083705638,73.7770111394364,76.9368925996861,74.8275519946237,65.9701993865447,67.6360899118673,77.1667610711348,76.2798689618069,71.7804592266163,76.3098515982029
67.2512417372442,75.7191152196398,81.6717315387542,68.8784087362937,73.5459520957685,72.0439888270716,0.0,65.9387363999518,72.5708581517747,77.0798622258521,78.4457705820082,74.9248406175875,71.3268901244848,78.0602557477657,80.044906357931,61.5651228072316,64.0145382793545,57.785350964638,71.2460343421269,65.302052162982,79.3855320423329,72.7616465246052,76.8090799142143,74.0827475879999,75.5982236133388,76.8188917693282,76.5975363459417,76.9621009953811,64.492238671972,79.2070325466428,76.1327214932656,77.1204210969514,77.1777296192504,56.6518327893525,79.8638326025309,72.343848389618,79.7703400129421,71.4331957456306,71.7745952344258,79.3322943002483,66.5132693046075,77.2703404000169,78.7198898972393,71.9431961754034,78.5211196523351,69.9675908160777,69.2656036378961,65.355834732176,65.1297890995409,76.5045700670847,74.336485600316,72.340763766689,65.8992486697956,68.741535472562,73.9826627250449,71.9061851805738,64.4390362127087,70.5545901587366,72.8053721906376,75.3166728837878,74.6970633754763,74.3899667521974,82.9827376608717,80.7496190891957,78.8052766112026,77.9216013213837,59.6684315353422,78.6140844169008,68.5904887955961,74.6441634708448,68.2505639079757,77.4108291887264,78.6576473048205,67.1034616433236,75.4621763114811,73.435750344951,74.3115611831321,74.0743412695945,76.8796113613744,75.102059859504,74.3070300006001,80.0385197505308,73.6067381243785,73.9253968276042,71.7681308266482,75.393562858216,78.5477253585927,80.1919043425957,64.0390859774451,69.9029490941793,75.7679127994073,71.2764488761988,78.265699528923,77.3709643276925,78.830539236516,75.5636174133508,75.6479385323847,71.3856741988133,64.4764305273816,75.0307851552192
74.6991779934421,66.8458060064655,71.6924823694795,65.7483725038287,69.0667381268982,70.4621967638632,65.9387363999518,0.0,76.2159466033616,72.0428737365387,74.3985635549394,73.6109121335355,74.2257808209102,81.2908603505595,71.7753190898457,69.4465896259333,71.1595695127619,71.0904099484284,77.5689566179375,74.0714536687706,76.2831781579327,77.1556612507699,72.8303381024152,70.0966600962844,75.9982661107863,70.1568684686329,77.9739127684463,78.9772270064454,73.72177550613,74.2953963311721,77.2309193949849,80.2726727504117,79.0031329111318,70.2388720176132,79.9250136656525,74.3139655231139,79.4121969033518,64.9890470730343,72.1691528715048,82.7387931093937,68.6808001968641,75.8061779067394,81.8704715774126,69.4018771646673,86.5291843492661,78.5532688358365,73.5088973255569,73.2317349015896,70.677319743722,72.5386525026796,67.2207146897652,74.5136796020802,70.1234314903611,66.7771039370675,75.916858121869,77.2632647968114,57.1194991635783,76.9137743003164,73.7157218798631,77.1216343372411,73.7469556749804,72.3058562332014,76.5100294986858,76.1452658691006,77.9549713127206,76.8411308978487,70.7864884433102,77.0444456468756,68.9543628731015,72.1966284120305,74.8356506074656,73.3117631519923,71.1697358222078,73.9102808123275,80.0538540336225,74.8813350393735,73.9868461748489,80.0801569275667,79.9591491646179,77.133443546147,67.256598691441,76.3526295058203,69.4469353589541,66.4352871336671,72.6047147287101,71.4849033085238,77.814546384115,68.6271221340216,67.8084988610295,73.2038670314882,76.5082622381645,69.5303901799465,74.0208662087977,72.0398021353955,71.7873163136739,66.6568522261307,74.4227248717035,72.3158103172881,66.703504712537,65.9035560083842
77.9883338434298,76.6741205602757,79.1517083036432,70.4614155817333,72.2311118456459,67.0688017168659,72.5708581517747,76.2159466033616,0.0,78.1643970504625,83.9242066322364,75.2928147822249,75.9285803734064,82.3200002920419,81.4798171197041,72.4129120273807,75.4004740660517,77.5040830708818,78.1630369082516,76.2210127137731,79.1071178792396,78.8422071000331,79.1348928883936,71.1686944786309,77.2249291572366,75.1139894321992,75.5008176836367,73.9314709488623,72.0772829666994,71.2367173958089,77.9827794659962,82.7691991117627,81.035123465401,81.7274251353835,81.3970264810966,79.9762329613006,78.0556201580962,73.4064080697839,67.8986708064956,75.4710120881997,72.6376127797242,75.9813906366297,73.6851682314867,76.266894451916,74.3752023502779,66.1286633078536,72.5496495263445,75.3003917306269,75.5759176320076,80.5623316873307,83.1733897614409,76.6221703962382,72.2446299597451,77.3721345925701,69.0243538281705,57.7619039034058,74.8706308935772,56.2189335509981,77.5423354774691,75.5920401185434,75.1470431663554,78.6502597813262,82.1610946159825,83.9984909309124,75.3305672471498,79.8319424619271,74.4679724134513,79.4693626358154,83.2607272318945,81.2539974385,73.671751390485,83.2696392288494,79.1490197559816,72.0177993099863,74.9370490190363,82.4761836613823,79.5079068069266,73.6355986986821,77.8477503874499,82.9913802182509,80.0851187197599,73.9428377740764,86.487514692891,83.4711430403622,75.2826173281513,78.6065847098497,82.9460701428443,76.5153572605415,75.6954719007057,75.632255284262,73.0610208865407,75.190462243885,70.4221216659147,82.81153288977,70.9629767296396,75.0792315217378,71.9843511772357,84.0310645146883,80.185605074951,78.9380739743673
80.6032842880952,71.3922130302112,78.1460804618937,73.6099959181308,77.1337216973387,78.4975607068864,77.0798622258521,72.0428737365387,78.1643970504625,0.0,75.3659108705321,71.6091016455812,66.9970337390048,79.6228318173362,76.0119672030639,80.8001058995096,74.0684750862913,72.7176988121386,78.7930974145222,72.9272445605696,73.2699443287133,75.0710871404755,68.6490300684343,74.6435546825737,75.5682918344106,76.9599384152201,81.7980159099026,73.9144124971028,75.736977952839,81.5290979851876,79.5981777103003,75.1654504449939,76.912575032243,74.1264245292476,71.2075649141344,81.38550809686,74.0374629143492,73.5599060657525,76.9592057053785,84.2954693845037,71.3085986409169,86.6452357087095,80.2064041039411,77.9034037456227,78.4545830303033,83.3789210701767,75.8875320840762,77.0884201490954,85.1292710445506,78.5023178555651,79.492614373076,75.143897522587,75.7807778088488,69.6976305721655,72.1830067036169,80.6630634366965,77.5756352579202,79.398704391149,70.6920746601695,76.3301238900043,65.6519220906947,73.7185392983592,71.2809771827105,72.2179409309062,69.6265747303518,75.336551788765,75.2718871887279,68.5318330639766,70.8234840247301,72.903150159821,80.4462767153109,73.8365080295243,73.9245539078415,79.1563365580569,72.9411065511008,69.4188604416493,72.8987257677956,74.0653020269411,79.2080539319843,80.5911814613013,67.8374399556732,80.8450539033404,72.971932827796,66.2632836238661,71.0533008700993,77.171154690154,75.9557153227054,76.7114366660517,75.5812955099204,75.4179294546432,76.0911873000299,70.4583331934199,71.9158609473366,70.8055630627027,73.7403954291158,74.0781812302552,75.208877106958,79.6060265222661,77.7849656467978,71.9306597955175
79.3465612218101,72.3619131300895,75.4201038531659,77.0146484872126,79.0213116789849,76.2082040104114,78.4457705820082,74.3985635549394,83.9242066322364,75.3659108705321,0.0,67.411271993422,60.9953213610327,82.3562139618944,73.5094732620059,80.2402905856615,79.8592243953151,72.1764524120908,75.4003139020762,82.8963600509819,80.9244272901815,72.8984031928703,73.8524360961366,79.0640871792608,71.3084680148811,80.3705168950312,80.4593708282892,72.3026667747479,70.7002805046669,72.7904362690331,79.0711887856462,73.3079912430356,77.7700206125575,67.7943888625933,71.6906920411587,81.8802776800936,80.2643715708791,78.8907269907579,81.7936086378195,82.1009783251502,68.6825295215457,80.8333607631092,72.9291714888565,71.198597492758,72.9412194121419,79.8665376440958,66.1008797152668,80.3352491172049,79.147082508774,79.2459339470241,61.8531253727567,71.5340634542419,73.5481235409143,82.0655302771084,73.5968138236526,76.3740527147503,70.9399178649105,74.5904915190403,66.3149431532497,75.2843484077247,72.2368897725934,72.2591851933014,75.9739303720373,76.3742860396705,84.8321888364973,75.6308522155764,77.9338921112046,73.4468787467059,76.8536994061872,77.2607777688825,71.9863164508021,77.7427773519613,73.2690898577908,77.2511465872848,78.6729983427126,75.5835063232644,72.9209068963956,75.5914486803444,78.5826962215288,72.6442086780206,75.0956826050344,75.106160297367,75.7050027792081,73.1713648847438,74.9343464100113,74.6574190261717,74.0801015376492,72.8781157902205,74.5407991565457,74.1718375138597,74.025058196255,74.9270029124523,75.9037058427179,75.4516713088384,78.838698171327,69.4623529580729,74.8783880686287,78.7250902003901,76.8955970630748,78.1879178841395
77.065625385887,68.7212562560675,76.8504316541085,70.0751612682001,74.611045662501,73.2264023028405,74.9248406175875,73.6109121335355,75.2928147822249,71.6091016455812,67.411271993422,0.0,63.2306544058993,79.3058181440565,71.1551502395709,77.4096041673294,75.7599739465804,71.9579725921831,76.1482320455026,79.2951503622805,67.6098131263086,76.9274885351808,76.2453757769143,78.224181361278,74.2977932453584,65.4817742791853,77.8415814781289,68.9821831744991,78.8521399050022,68.3466187618358,79.3052661025478,78.0654391031158,73.0871639267784,75.1648695360595,79.3804381161827,77.7469081581217,72.3913337001281,74.4238503509889,78.0210353517574,72.8106320889286,73.7235533278793,78.3155921780555,79.1796032208433,77.0575040747466,71.1082255929147,78.3449570532954,75.8259224861612,76.3053946382528,77.2213626879918,79.7613114868388,71.9356269506,71.4376326071139,73.9961256991085,74.5528406718907,65.7117958964131,76.2186725712336,70.1232734810376,76.0685698085438,70.9377448337773,77.3989382852181,71.1771692922909,66.9007939894362,68.4469454559634,69.5220214218843,74.1122668363605,72.2958770677606,77.5413643266198,69.3135677117975,76.3652931559033,79.665220078126,67.854766445279,79.6769484935849,67.2713741939298,71.684045973319,70.6859969207216,76.2934623088349,80.7071640508678,68.6884917336588,75.7918146919525,81.8237215094462,72.1732189336061,70.6139722042427,76.310640572872,76.0881930263615,67.9472066242661,71.862928876279,78.0524200135922,74.4960553226319,75.9107966237559,72.6036037605343,73.5493516883436,72.6508986203181,69.2071361814359,71.6544904728271,69.1587320034579,74.1351445051703,74.0301567238596,76.090626628598,79.1178744784065,79.7408680586565
78.0030162610301,71.635444960937,72.9880136494428,69.3420973890962,75.9407593949546,71.5972041948124,71.3268901244848,74.2257808209102,75.9285803734064,66.9970337390048,60.9953213610327,63.2306544058993,0.0,73.6289670401142,70.1672706065631,82.6854176886198,70.2450396641814,68.9495126942564,72.3282799506546,69.9066548036766,66.9196153176478,68.3587868805793,77.7760741723752,76.8802024136836,70.150042539347,67.784667985614,76.0658699163215,75.3101560162268,71.0922768518874,69.8515910494163,74.2880906746375,77.027878643775,75.7329804936816,69.413505777108,76.2174236658574,73.5849571770761,80.7149454692092,75.9048465583073,74.5392756171917,77.328771280058,69.7327982200953,77.2463783242796,74.7462985565399,70.5166616741621,74.0865717432794,76.8732271828542,77.4529683572397,73.555023671225,75.9741948864414,71.0060442244669,69.7599435488121,70.1066128721764,71.2614804620481,71.7996985610697,73.7750259462986,74.3480620231098,73.4767322297383,75.2675951411349,65.3972069424539,70.9079228771526,72.9569987063745,60.6689017972758,69.263864484689,72.0633622154311,70.5399510769815,69.0537497986312,70.4699106761404,70.2486117792104,71.256334380031,75.41640353937,74.9446369932312,72.4667766222344,66.1504385671835,73.2392540430292,73.3761496279423,72.8815011579859,72.4024636434426,70.3228596777031,75.7297927599074,75.8397736801581,72.22501779118,74.2115209671966,78.6436737924284,71.3478694632049,69.6210101133133,72.4091724532749,76.6573608766085,69.1456307631227,73.0821544707163,70.8541623465682,69.2308636464628,71.0758735670021,76.5525657285486,70.3782882458221,68.7510925900642,71.2607511117837,76.669070084421,76.9070022457582,71.5216611753382,76.2527395930708
81.4776341966863,80.0316252517037,85.5885269392268,78.8060309000554,84.634875820922,80.7733987573535,78.0602557477657,81.2908603505595,82.3200002920419,79.6228318173362,82.3562139618944,79.3058181440565,73.6289670401142,0.0,64.6053673516692,84.0237972982663,82.152300133833,82.6556589666723,66.561742127053,75.2223564857552,75.5158367772273,79.4621730908486,76.8664624285915,81.5360781414523,81.8409904699421,76.7849631866272,80.9419608388737,82.2149467264078,80.7664205220287,75.7870975294724,85.4786140670507,85.5983316190871,80.3973785046605,78.1506995069995,75.5900534120962,72.8276700304083,78.3335804009245,82.5165848586545,81.0177977190495,81.8713280965977,77.8421869234902,76.7616206265961,80.8786269466524,79.0189739581635,78.2123969355182,74.6599161179348,73.1764080257664,79.3644090150551,75.0009984043358,74.1244351329655,78.037307100798,77.4095999467754,78.9773120257829,83.5458381813791,80.9212427870978,83.3088492927716,77.4732658568273,81.5139810626783,75.8297091612107,77.6517670231484,71.2152924510769,75.0127158336492,72.0656517933623,80.2979413682243,76.6758649916248,65.0906810960791,80.1821760788397,72.7379143110591,75.0733131384979,76.8761769177631,81.9310951431333,67.5244676609996,73.1994401877975,77.2102558048031,72.3932828093146,75.5773444155975,82.272326121367,78.7017074925779,82.9841826774951,84.8956572402885,78.9638815668226,73.0121508688579,81.9269231520821,77.4877782596034,83.019998364704,78.6845958394512,78.826592237158,80.6597074290501,77.5846220703947,79.5626940864001,74.0786814138611,76.002310599752,72.6546089829222,78.868940359159,75.4325537269255,78.7509871634358,78.2175058974276,78.3305344423356,76.1778293180887,75.6818805411134
80.5946019686187,71.7189388220281,80.2166516082713,79.2654637687096,77.8502195066424,74.119698847717,80.044906357931,71.7753190898457,81.4798171197041,76.0119672030639,73.5094732620059,71.1551502395709,70.1672706065631,64.6053673516692,0.0,78.2670086275412,76.5822104732602,79.3570791303192,70.9011039381627,73.931174169244,68.7233855861835,78.6419512607483,73.4410681947477,77.2096233995562,74.987426379169,65.5883930802793,75.6702910506233,79.3393578129644,75.2090423748999,68.8604590687186,78.0000384775127,77.6929031337037,74.0015184971264,74.9789624098156,76.8005559977297,64.7545237059639,76.8455130444609,77.283485210268,80.444071127811,75.223534278602,74.6525852894476,77.3231092683941,77.8972644290776,76.6858324643925,67.7798594997179,79.1032080682995,73.4504451047821,70.6631784582168,66.6615879742543,68.1464733169094,71.6339343905822,69.974491275868,73.1654116281296,78.077765086803,70.4598306735556,80.5472862352386,78.4141533093918,74.9142731998905,74.4029607178779,79.3402774567224,68.499686562252,71.8338288947916,69.074786059841,72.305853512271,71.134591420154,53.7627738815564,70.2426458135846,70.3585509386175,78.3565869537369,78.5745469672935,76.53658176254,72.2682833409147,69.1127202593387,71.503991120387,71.9380275422174,77.8253590153524,70.701864628564,66.6858008854305,70.8774514211408,75.0946783504014,68.4874718022619,71.2290226585076,75.7081265992768,69.0652056587997,73.5617281541533,74.7557114976181,74.8201627688416,71.9466245605857,68.951343897194,74.1016588909059,65.4297692366517,71.333837568784,70.6233507909022,76.2459576824595,73.3185317282952,68.0657150140126,73.4178420565862,72.3963946143694,69.647919611338,66.0281885143369
78.7122050630982,70.5525519209226,77.2115041919201,68.8913675980193,74.948310302707,72.7596032340892,61.5651228072316,69.4465896259333,72.4129120273807,80.8001058995096,80.2402905856615,77.4096041673294,82.6854176886198,84.0237972982663,78.2670086275412,0.0,73.1594160209087,66.6290477108169,77.2657181781955,72.9490633143993,74.0019764777243,71.6555547517652,70.1010183547196,76.0010618930424,79.8444873951403,75.5054390402259,78.9075081643746,86.9888072038376,77.5042568889862,80.0692557059352,78.2843138440317,79.7487560748113,75.3242849728336,60.075087324818,81.1264526275047,77.1731978928368,80.2890658575287,74.5858480858358,76.5525515020362,77.9838169358739,76.069583691899,83.0717578433581,79.553120960375,78.6341529123389,75.1009178656113,71.2752507599959,71.8365506908242,66.700972530507,70.2225535787852,78.0058838139519,77.8039775578994,72.1494772995586,74.6042164330421,66.7405713768784,74.8898484157561,77.5350471111699,71.3357089336384,75.3024006177195,79.7129296014397,77.4936806951221,75.3868288632848,80.0057169703366,81.3210983022741,73.4556782239415,74.1901330341946,77.0010071678592,73.5050117466968,77.9557087240283,66.0782640733092,69.1005967447968,70.1208983080674,78.0288263493025,79.1991868315735,73.9207644056767,74.0135428646909,81.0002807070526,77.7173405076607,73.2494062930246,78.5654198780764,76.5083033998886,71.1882062485868,81.0314122659478,74.6295884756987,76.7270173603677,73.3387946416283,79.5980192287903,78.7751613991593,71.0707597250098,73.7036175878738,71.9386040766764,74.8970148074477,67.8974656449743,72.8645251082257,76.1722811757163,71.1041673782224,74.5125598838007,78.9210314652915,75.5847619611269,71.4855328826039,75.6504303310909
79.6129383069373,80.9570894009865,83.835602888051,71.4302913358713,77.742433293859,73.8837060564073,64.0145382793545,71.1595695127619,75.4004740660517,74.0684750862913,79.8592243953151,75.7599739465804,70.2450396641814,82.152300133833,76.5822104732602,73.1594160209087,0.0,70.9339193353243,78.0701340680271,69.9242853182765,76.6860501451128,78.1077867213855,73.0552229006276,76.6370653869093,79.3291195888894,74.3663830285613,77.9294806748016,75.0699616755765,75.4746381228799,80.4610306309398,75.6337967918767,81.4726572538539,79.4561280854128,73.4870341021683,81.2185309866631,71.1761293651641,78.9137271232367,72.6491455240947,66.1767867850114,77.7936434324053,71.1458068530211,74.6477150971017,79.9913999158508,68.7168547940479,80.4316591324075,77.7766687865307,78.1179439813814,68.2393120956969,66.606124375005,72.6062571935021,76.0303707102824,80.218593410052,71.4370106085385,77.3622535132264,76.7714861606094,81.5442803444869,67.1030284923461,74.5802753459822,74.171187421484,74.1553032964597,69.9710589776142,78.5338485035521,76.128256844245,76.4471378522881,65.7493093009288,75.5863401427444,60.8875109799344,75.4257601508978,72.0672772518866,76.5228159293189,71.280896403899,81.5341290642888,74.4240521555858,71.8664536022133,80.1596666581386,81.271997882027,76.1401839041279,71.4855089551989,82.2114301241544,79.0696943252157,77.1904665165225,77.5574227005451,82.316408465796,74.7164859579746,64.0891020641736,77.0884009834913,77.1144707092952,76.8563345295522,69.4929228269742,70.5666514650313,77.2203013099746,71.3643252534155,75.1319438801022,77.4439615100268,82.5699602144435,68.0644933423135,79.4774989321985,73.4141122681364,70.2467547040394,70.3010788713307
74.9146475454341,70.6954587346246,70.1765162971987,70.1808268183118,77.7955559949627,76.4674306100024,57.785350964638,71.0904099484284,77.5040830708818,72.7176988121386,72.1764524120908,71.9579725921831,68.9495126942564,82.6556589666723,79.3570791303192,66.6290477108169,70.9339193353243,0.0,81.5184501582265,70.3043477458555,78.5698325846954,69.2625757675875,72.2777357896331,81.7657033262769,81.6342226937222,76.5992352142547,77.9342049433655,79.7277263053958,68.1401374642835,73.5866872610879,81.0233318484076,74.4206611935931,82.0325648042096,63.6914071439741,74.9825761190111,77.0193131319868,79.6893895810092,75.1709880271501,76.7786757192832,83.9644763474856,74.5620325525516,83.6815614751172,80.39263708538,75.7948947584668,81.0451215321377,76.775439641876,75.720527790938,65.3240618708106,74.6744398824036,81.0265958195272,69.9339433140114,71.9982784019498,74.142454256166,75.3575490511612,73.6099995803015,72.9915360623993,61.502897862638,75.453287855632,67.2572897014717,77.2703514875626,76.3016102067569,73.1651827886572,81.2721599258627,78.1366006381593,80.052168973165,79.241392226462,68.9244059277644,74.618456065086,73.1301631644589,63.2633262765513,73.4374000262988,77.8844770039512,78.922050112566,79.5632470515282,75.8290966902317,72.5209296776618,77.5638432663393,73.7058359723165,74.0609989887721,72.3364787306738,76.33687488676,81.8123662868651,76.9362073516299,71.6152837720722,64.5190627018881,77.9292026669794,79.0964805839103,77.0504660179815,66.030123187466,76.5731171101028,75.4734619184875,73.8883901884364,79.1317445270525,79.9089470801822,73.9811909035328,72.3839669388157,78.972505396135,69.5120299741654,76.9789226536027,76.6912444885933
77.0034457730437,76.091387267851,82.8751827400058,73.4833829120539,78.0975307861898,76.1284911090874,71.2460343421269,77.5689566179375,78.1630369082516,78.7930974145222,75.4003139020762,76.1482320455026,72.3282799506546,66.561742127053,70.9011039381627,77.2657181781955,78.0701340680271,81.5184501582265,0.0,74.9007508749977,73.8035272791438,79.8005476662447,71.7431503116798,71.953504664564,78.5159510464013,78.1494063804142,77.0853720992295,77.2134885327528,78.6023679119676,72.8871561765575,75.8244629275132,85.8642260863848,76.7644258684681,70.2752390451227,76.4885230154387,73.8461665073204,76.9881571196374,79.841206163925,75.341675078228,77.9596242026244,74.6071078416217,81.7229064825926,75.0900579904911,78.9892407493514,73.3770369251259,78.1570817650821,72.0260729212182,76.09628397921,70.4120275826179,74.1029432461028,71.9343710505101,78.7339934923141,73.4995087534373,78.9742079157551,76.3637969996025,82.6147505357944,77.3210988863563,75.0037949432774,76.3201375729764,75.9304919091655,64.1265694903434,76.6067266142725,71.4078244849561,72.0358280152757,75.6274192886752,67.4311724001955,70.774320572366,68.6220725337102,75.0792304939441,76.6268292371125,73.9372330645712,71.8498713591414,78.3683996676437,74.5901675334726,77.4542050255756,78.8965107375443,77.5396098405796,76.4378159097122,79.5523022109257,81.8884703901032,77.0006682074663,69.0706491658368,74.7240200773259,78.0959108379168,69.294250840316,72.9527233915877,75.3539586437365,78.3420374845162,71.0953046779503,71.8107105180672,75.5622165140481,77.3680627976977,75.5873274359486,75.3687197423687,77.5696811263457,72.943314673541,70.7419164667626,71.4478053787787,67.6980640066396,67.4795605067511
81.3661902201331,77.7268085753465,82.0179205600132,73.847556562899,72.4323886643818,75.1588405499125,65.302052162982,74.0714536687706,76.2210127137731,72.9272445605696,82.8963600509819,79.2951503622805,69.9066548036766,75.2223564857552,73.931174169244,72.9490633143993,69.9242853182765,70.3043477458555,74.9007508749977,0.0,72.5034485746462,69.2915662161913,75.9648754543736,75.6111818536713,77.838253318466,74.8341619226344,68.8938001531905,74.9493789421892,68.5767126469961,77.549930641703,81.2130422823696,83.0802598469574,75.4331515990836,71.0553490836929,77.5961054475057,49.4317165661375,74.6967228784488,76.8801333924231,69.3518486604183,71.8203895272039,74.5878780664646,74.8152389549258,80.9052677566785,74.0599885907667,75.0883963194232,71.226583579948,79.773474169441,70.6365492270362,63.5547104141109,56.8478860116946,71.6342298739967,77.1894975404787,74.2694015302471,67.6082684350052,70.6636383298206,69.7752965539383,78.3147898401784,72.9874338377029,67.7678978564641,75.4017411370001,71.5204661601031,70.590290757217,76.9160463831492,77.1329481350374,71.2195914631794,68.1392415935675,53.4821214656411,73.428462136879,77.1214599443791,72.7516247687371,69.648567748311,75.8949606251134,75.6638490139124,71.4833451532929,73.797796210109,72.7571478002741,75.5128702437857,66.9840384678518,78.5503243295104,81.8435066290915,73.938159975501,69.3711650904085,80.5792351514444,75.4838619902658,61.9625499999991,73.963594064857,75.059261870909,71.3524229442988,50.9495350635484,71.0329254380735,76.7378165247247,73.9487355822296,77.1346072993851,75.7420891811956,69.0703398636481,73.1667880559837,78.3869068637839,69.6784244402007,65.849152400117,59.6117362138163
79.4334489797161,71.4918050632298,75.5435043309067,66.956948504565,70.3548826147647,77.6589063405734,79.3855320423329,76.2831781579327,79.1071178792396,73.2699443287133,80.9244272901815,67.6098131263086,66.9196153176478,75.5158367772273,68.7233855861835,74.0019764777243,76.6860501451128,78.5698325846954,73.8035272791438,72.5034485746462,0.0,78.918199947256,76.8154681695246,75.127845306995,82.4441003924088,68.1417492131355,79.0464477899435,75.3743271343521,73.6769790297983,67.0283907855709,73.3918470669729,73.0816341403828,72.8746871488198,73.7042251987282,76.0064361041912,72.4902880269527,75.3495063486589,74.623607059655,75.2330148268981,72.3821810318737,67.3765534031173,76.2460868763446,77.8064201310801,74.9581594284132,77.3008242375504,80.2664171893376,73.1074371342417,72.7639960933073,72.6620573041513,73.5655534993683,77.0730799075479,72.2346378527937,69.8941762755712,68.8464442731381,72.8755151318315,78.9180767486422,77.7789628487104,75.4535369085201,73.4291930520962,77.0232385200528,76.0590641082857,71.7294652032214,72.0953444167219,68.4788265496552,71.0807186969628,67.6476004845663,74.2569591473445,71.4334153273131,69.7471751681001,78.7991403637113,74.5126950428338,72.6805021050812,65.7443789080692,70.8506380256082,68.2928419627532,80.2769101655558,71.8863442226667,67.9140839614837,67.174945886283,71.28585299229,71.7837796044682,69.3606047256647,68.0828075574531,70.9005899356462,77.1114718353549,71.6491078831582,69.0195647275142,74.9091702191765,74.510060939477,78.2220808955617,68.4513910098422,72.2107608438014,73.5838590559256,73.5094488375636,65.0916008548321,76.0718037269699,77.1885551664141,76.3308518506704,70.3007380955751,72.4941013158414
76.5522334335764,77.3627303040857,75.5252766231701,75.4356217007458,78.7606238034472,82.7754452570419,72.7616465246052,77.1556612507699,78.8422071000331,75.0710871404755,72.8984031928703,76.9274885351808,68.3587868805793,79.4621730908486,78.6419512607483,71.6555547517652,78.1077867213855,69.2625757675875,79.8005476662447,69.2915662161913,78.918199947256,0.0,73.2604271273731,73.6783463336766,76.2290054784956,76.6508343188604,75.5677104007276,69.9076026608355,72.8956799160565,83.072858288489,78.1139834109847,71.2236680458874,73.8888583046206,66.7529552546474,59.9117626637416,76.943420543521,76.18365827693,72.2923463217125,85.7741113889072,78.3148464531615,76.464380570989,85.4068737312545,70.1155900819229,75.8778501425638,69.7654653614508,79.4629534726859,70.5522302299073,77.0463664856639,83.9310076239111,76.4699671641168,71.5325424509429,73.2152023898026,75.4429210154759,65.314417711404,70.9925425005437,77.1091276389796,72.2932733741465,80.8473347962857,68.7822178242298,73.2749738397534,75.9732395777569,69.8599220164737,74.0991381304964,74.826412102944,74.8596274051909,76.6091677046003,76.297754864437,72.8505799877235,82.3369489215669,71.483729655032,74.3205287845217,72.6184861513589,76.0274920089512,80.8401396819447,70.4524787407274,75.5624037700272,72.0180081584999,67.3069780072769,74.474483765856,70.4529246858058,69.5346872945586,79.7602391471917,80.7892537357184,75.9662826845289,70.7877402976226,72.3283653702556,71.0113633618379,70.0599421427909,71.4318042162777,76.3899550734324,74.3662810971983,69.338088558854,72.093363728115,78.3218102792704,71.9010420948995,71.507359431583,81.4595791919274,77.3828317388789,77.6464653963269,78.4990905496375
74.9849498926123,71.9266547225368,80.2929803295479,80.9813083816848,74.3354192818829,72.5624835041343,76.8090799142143,72.8303381024152,79.1348928883936,68.6490300684343,73.8524360961366,76.2453757769143,77.7760741723752,76.8664624285915,73.4410681947477,70.1010183547196,73.0552229006276,72.2777357896331,71.7431503116798,75.9648754543736,76.8154681695246,73.2604271273731,0.0,77.9538246883115,77.1960526140685,77.1288904037895,79.6161866229954,75.0345334935021,78.9787548837242,76.1918677271429,80.0922242932653,75.1983208180233,81.5745917961924,71.3253609519338,66.2271881393607,74.1080272771929,74.5597137555081,73.685415270731,83.3797552372794,75.947730235047,70.1787432531624,82.9969846261997,75.7388577579691,74.5751577284807,75.079488582888,83.3153673409099,67.4656877571296,69.4462047729833,70.6639208123263,71.4814549391856,74.2852433474917,74.9907115653444,73.3525844524742,75.2298098279632,74.0527037397062,82.7606182066517,73.0547717048982,77.0933628527282,75.4467202120189,78.4665500337526,76.3702926680784,78.5056650655019,70.8740569092281,71.812606762754,78.4797490778501,75.2114270598255,74.1627555489325,78.2375455559292,73.0733389235643,71.7958597465423,76.8250047439813,72.9766852243562,72.8403081404099,79.1642622119403,77.1355627902584,79.7180747655774,75.1432896607922,75.7684264213253,81.3110100338198,80.676835123518,74.4079668970932,74.7305683102686,73.6309372137299,72.3287976431237,73.3283157447119,71.1918403325798,71.6276850520382,75.5592619285396,69.5126858654381,74.7015739727006,76.427055787899,72.5355417698622,75.4380874806945,78.0013232359488,66.1749387951372,68.5032860411584,81.7915214917431,66.8138474955817,70.7503542003826,66.7689294725444
