0,1,2,3,4,5,6,7,8,9,10,11,12,13,14,15,16,17,18,19,20,21,22,23,24,25,26,27,28,29,30,31,32,33,34,35,36,37,38,39,40,41,42,43,44,45,46,47,48,49,50,51,52,53,54,55,56,57,58,59,60,61,62,63,64,65,66,67,68,69,70,71,72,73,74,75,76,77,78,79,80,81,82,83,84,85,86,87,88,89,90,91,92,93,94,95,96,97,98,99
0.0,97.6578371853838,103.424726166175,97.5573110974301,97.3759227797777,99.5170098823759,99.6591891672935,97.0749673690531,95.0428586924284,98.4794513812435,101.55377453796,99.8363327270597,103.24613002406,106.273629804976,102.361095466575,100.193836858917,101.95061456004,101.163200013797,101.543999626809,103.073564348608,102.776249275117,93.3788749333838,94.1492068014271,91.8914995725721,107.121221580519,97.9735242920788,94.2335280781809,97.6243100010115,101.072729027721,95.4392169381867,93.3231262471508,93.0724168252162,96.0583477889904,99.4261107469184,101.613428053761,102.181325594473,96.6940314506788,89.6621330240321,100.274272698508,97.8734136589375,93.1464098361884,101.567361638804,96.9812828958974,96.5592816633698,108.885775133917,97.0203471250115,95.1661883583167,98.2101627738297,96.9954796889983,102.98068547638,94.3233445262473,98.926876262493,92.1972553474206,92.392621312274,98.3396574255453,103.273799088747,99.3369001153583,101.077292232003,105.755722198154,99.0426034728397,98.485135419201,99.1612278012769,99.2657492100225,96.2325963367458,103.94831447023,95.9993624205382,102.111186538723,99.2462623821759,96.513564278681,102.283491184444,102.695380154054,95.9402944029377,101.821125958865,99.254276658558,98.3995719717589,99.0412434859061,97.6516114623217,109.305260481804,102.910347648449,95.229755058906,94.1615193820468,92.7975226189832,104.569300298052,102.246686892565,94.7073173457393,97.7574660764335,95.9124145837183,99.2026914057929,98.4996018743516,91.2824473459182,96.4406212389242,92.8481631243756,95.6604895604029,104.67290760901,95.7142471810792,96.1469029272661,92.5680750447407,98.1418276426162,100.357070683442,98.9594560727991
97.6578371853838,0.0,88.1919143962269,87.7264671434824,83.9216416584929,87.5585737328438,101.404938098635,73.240812555985,80.2528457449694,102.273453455088,98.6902017502126,99.8060154443829,96.1640783257532,94.2015914479875,89.247989841416,90.5989949578341,95.9585168070229,78.0434085632135,88.5500105955336,88.4367902983839,84.6590359226845,94.0327734198443,94.8938442860356,105.227453134662,97.9138404468092,96.8897377321751,86.789741670774,110.850936819478,90.5228036509985,101.164238528341,103.213409786478,97.6365088340261,98.68000191683,94.3775084532469,100.481383794822,86.8195185651704,87.2074969840109,95.6793977844044,94.9579011664558,104.852560534489,104.94033195676,93.7193136397397,92.4190240153951,98.3215884513805,102.54484850694,93.5127606406401,91.2192491036319,97.5670140624537,94.1376802163579,99.7574005221216,95.3054798307849,75.9949814680867,88.0776811757331,79.9017028008968,77.4220019284793,90.557212889457,79.7226227938638,81.7179067868417,95.9698532649542,94.9050272462142,94.4861094965791,99.780038804968,103.879889365174,95.6901810396151,102.751704009007,94.0110121622074,93.1752635123241,95.5804389812251,92.7610744180133,78.4794690706372,79.6058769209612,89.219425628662,94.9151574217667,95.4938018451797,89.8962188479952,97.8110920076832,97.7178805350182,94.7519584540675,94.5006644945478,92.2163653902797,94.300222800489,95.9097457845847,107.145995352043,93.7565490400189,93.0101506050209,98.4399895158084,85.4182138125234,96.6067842086942,90.8779705313645,95.9609504202028,88.1672881156486,103.241238962276,99.3529103642445,92.4599523987508,89.7537805020162,97.4244010167501,98.8041926221336,93.5328726855095,92.1546154956478,89.8648044832164
103.424726166175,88.1919143962269,0.0,96.8008087891288,90.4073560539558,89.9161644878754,100.154522215647,91.7102100335949,91.3348292251396,104.226811994701,98.1962593588518,94.9610845964617,94.3140496553867,99.2531927289737,89.3371866856555,89.8934399317946,101.812140295698,86.8353894340985,98.1674001508746,92.8226520674005,88.4813799399843,103.241560512483,99.1549081515091,95.4058941754161,99.522990225146,93.99802022769,94.6701747654836,95.499658400382,92.1066982009659,104.57666377054,102.745903225244,98.7385231476604,93.1412276142494,98.1759330552,106.541629073402,99.7193069845974,95.0688105712474,97.5402741253839,97.0521701664277,96.520937657792,100.697151285006,101.588663636631,97.5402371241078,101.121910795571,106.404009087035,91.6943312965415,90.659963721931,97.1465596099441,96.1016200971508,100.489289704817,89.0325715659164,89.7755451814813,92.9047505141048,92.9957040636491,91.4184541124651,84.4634791584291,95.3639268075179,86.3934527036488,95.0121299629268,95.6231471106915,96.8624563196142,90.98470076195,95.8017607086135,94.3878050266271,104.542041294433,86.7591238727292,97.4092637114548,94.5524058239512,89.362635217104,90.104893312652,90.5421768706546,97.6858893305905,98.7017803264168,97.64983816156,86.8824927158841,97.9127376729485,96.0405908738022,103.268845182199,103.315554145118,90.6181221906235,98.6573742079602,93.469450073568,102.768128720072,98.9213929281705,95.7548175865631,95.0215170700169,97.118741857113,104.14136760144,101.310733853153,91.5139112187096,103.090914752107,101.639654745156,95.4931896613404,84.018188122931,100.60769617727,102.081900127565,98.2034617921377,96.9312023284918,85.951942662091,98.4063826141805
97.5573110974301,87.7264671434824,96.8008087891288,0.0,83.409034946737,92.6393008611566,95.800948069801,80.1919559744546,94.5209780163437,106.294519726933,92.2627697999865,100.623605334034,101.723530991959,98.0767811145437,91.1036598669915,86.6746642807536,105.434527137248,89.1732108397368,98.5574221646772,96.1716559066339,87.9302713764862,96.3336100339251,91.9320032638706,112.69629674106,104.532236647406,93.6010043600157,94.8013069535089,106.615899249152,94.6478781738503,96.5712256440605,97.4154342454986,104.529681623708,102.745034695923,99.9140462892752,83.0920369070864,99.5229528444364,90.7094652204705,104.299217578204,103.915762741301,101.252427523411,107.527012104242,105.274371203799,92.0523121249954,96.6154928405383,94.8675802612129,97.4522124134926,93.0020314219474,97.9899602519849,104.760820168795,103.774500306168,104.960849692564,87.8851145812285,85.0121378887618,68.4318112565792,84.8457741754349,101.50151154998,81.4675661743792,83.7486708734498,98.3592427693538,98.841976667083,91.8024093774575,102.567969741904,104.130924117518,100.773309240035,100.87995114463,98.3379004979342,100.821227538986,103.381992546622,97.572065116303,93.5441118206524,93.3187298257668,93.4313410178714,94.3230476402217,103.068856636026,92.8547266146623,103.747116917007,95.9023051322179,98.3610596190027,91.841015077233,97.0851851929575,100.017762110997,101.423808951391,96.896423218479,92.7297697216877,93.2708006186184,103.591359633839,93.8743376771764,96.8541148901555,98.877247938525,102.357950611506,92.853041689188,108.428790506179,106.211145208608,90.468560268545,97.7614963363275,94.9845275098065,100.150564474974,103.363066792449,103.022358520234,102.493198868723
97.3759227797777,83.9216416584929,90.4073560539558,83.409034946737,0.0,89.6489044993546,101.799857502956,83.548906759345,86.9056381299365,102.140142585495,100.689712961649,98.8363407676248,91.5818596202319,98.2470705791847,87.1498349093709,96.7091094778219,103.682077468426,92.9503981256074,97.8175027618442,96.9064675458494,94.250279806186,99.8132414802697,96.607968017364,99.601379111478,102.955142465935,104.164102757509,86.4152946253591,101.46506411054,98.239683288059,105.487608968461,93.8389018116771,102.036427106931,100.661400897851,103.968370387186,89.7808656370389,93.0505275762604,98.8863612779696,89.8070383576351,91.6480465868093,99.0226590897294,100.663486330133,97.6140187862921,97.5922858830334,103.941215050613,94.7886108643496,90.6885511193208,96.4277335577862,97.2656182661372,101.347559227602,105.681096739217,101.718524601608,88.843659196159,97.5977555934376,82.8449235535348,78.5560792597052,92.012033206917,89.0588228003877,82.8662960899372,98.3281926873193,97.1953270770545,91.5760200245959,89.7942527587347,89.6885094885947,86.3932427389947,97.3814190465842,95.349945875458,104.593064889742,89.5081036567923,102.497878203692,96.3660255343984,81.5591975745633,93.4690333955063,96.3535541360365,90.3130449129987,91.544867871089,104.112861986821,91.4760499222416,100.942595296879,92.4741602497585,94.404453411378,96.4709637458018,103.126742071121,103.198048231231,94.6111302084251,98.9568973972182,102.427055318879,97.9807544045157,93.6874251409084,102.608217303702,102.15227478379,95.0272284999745,100.010547253728,101.617614937495,92.652046497374,94.2516865190533,103.707388212358,99.5033942087081,103.743674384677,103.469857809312,101.857355414994
99.5170098823759,87.5585737328438,89.9161644878754,92.6393008611566,89.6489044993546,0.0,100.438737199677,85.7996437024148,85.2305699524193,106.655515258548,93.7862064878268,93.1527166166472,105.349978686697,96.8974155079035,99.7383228453705,83.2017590533861,107.311413637288,82.6223592063672,97.6953271871996,93.3758719076585,95.243401996853,101.745640528556,88.7435505961967,101.770326697904,106.447758307273,93.5883966929875,96.6750415314911,104.110859262074,96.6089788190641,101.043284246287,104.73245242503,109.51119191183,98.5760515721618,105.695345002034,107.887744652791,93.9886865922267,93.550570864771,109.243823861884,101.409584399513,96.0064754206856,95.9172852084018,101.543645705427,108.48350314023,99.3259706205472,105.115803832358,93.1548201503566,96.5719343721801,91.8309706913971,87.1497259904041,96.0291113082589,100.97765457798,92.8528602709185,91.7386875066498,93.3062284110737,79.2141394666929,78.6333819540598,88.2266846691384,95.7684274930239,91.0008104591325,88.4703521679079,92.7001819654621,102.133928463746,100.093531862208,101.105366515229,98.1982513108532,103.207863994986,93.4753089576869,105.998252422766,97.1949095975816,86.1997403815867,88.3595619136318,100.910631242408,92.4346324392212,98.8646199400253,90.26962280332,97.9719322068377,94.8485530322296,96.728578927843,100.17417763104,98.8248097896615,100.457297089783,100.202455047899,107.373358585275,94.749358762009,95.2497932278947,98.78765235536,96.5918070972427,98.2943603183266,94.9450744442177,93.8500968649177,100.298383639657,99.368281580705,99.8568022261011,91.5148214897678,100.239091762922,100.32553137079,96.8789194313461,95.8090061095896,87.6762209434458,100.442337514536
99.6591891672935,101.404938098635,100.154522215647,95.800948069801,101.799857502956,100.438737199677,0.0,101.962021756285,99.1008595383847,95.4811073637764,90.4641636475271,99.9430224720385,99.0990920939591,95.6440619991279,93.6462395254095,85.640676946938,93.962764100997,99.566043269889,101.586591956983,99.9119701160216,93.7936901965149,93.0547532966986,85.7859390978095,98.2033821693398,101.126243590148,96.34862736836,94.7565034035166,99.7985767031858,95.4002761605698,100.00890037295,94.6804256460199,98.5219974747577,100.653075846463,94.5071077640149,98.8913127947124,94.4184151832001,90.9102688521933,102.404907104567,97.8459877731093,80.9798947795047,100.846892728381,96.9924284147523,100.421381787011,92.9154846521942,101.716199071516,99.9401762684728,96.2139637587963,94.4668820429793,94.6274211119047,93.8078663243646,94.4467188401734,87.6839704104142,80.9269307829282,86.855461454947,91.4018080829039,100.07594291594,98.904569211437,95.14118156878,93.6824767375319,97.4573644806557,88.8882812071889,94.753010224388,105.095343964993,105.013064368245,93.6753870089525,98.403446211379,87.6155314524006,104.070886017918,98.9648230348956,104.642711232924,92.5275501466205,97.5494913865318,85.5780160467825,90.0325767848742,98.5743565107537,95.2406621085516,97.9549119761605,95.2926252903674,92.5742592248635,98.0261661560985,98.3496465772186,88.8697966974639,104.47890103785,106.123744655144,92.0236010411822,103.978224720233,93.6060264132658,97.890189579257,94.8473873631703,90.914780379231,95.9097630607159,97.8554391812218,90.1631892670274,100.498684428988,98.2571785322124,90.5163751142771,89.5340295324843,96.2058257691719,96.1749507700912,91.0897382957557
97.0749673690531,73.240812555985,91.7102100335949,80.1919559744546,83.548906759345,85.7996437024148,101.962021756285,0.0,81.7821591688294,108.102275877647,93.1014416377473,99.993327902978,99.5662864745363,96.2337545165247,91.055384943824,87.2407923136607,103.97740923879,74.8618409279895,97.4479410002457,90.054016174687,87.2786699909914,92.4581345815763,89.3714952575905,105.11920190734,101.921213056925,97.7643523385744,88.8565947550563,100.574016388032,88.4858978400584,108.900895411214,91.2801545459748,104.071001946047,109.089767880455,90.6946554009297,97.3070519331775,92.3240084308749,89.9733411699762,100.563476960035,104.028483234057,101.967939123821,102.430315961966,98.3955955756303,90.0285246401237,92.7817902889629,95.7673878185155,89.3341648778773,98.1361613908979,94.1062707844904,101.523575651012,100.241040655948,95.883888294893,86.0609674586582,90.8219539784866,85.7584155013858,76.8708197074171,94.7211037997486,60.8201031576764,72.4789722303735,92.3467083590172,98.2857800865477,95.6165301629871,98.9102037787073,104.174161893484,93.6614711966722,98.9782058009559,96.1582030012462,99.2589018455863,100.216323008287,92.0411089506056,78.0509748435232,84.0743797336835,102.025740336875,93.3831921701307,98.5270149878315,89.5399058354462,103.027671972124,87.4523856990322,94.7511876678504,95.7883591254383,95.9165476442231,93.6739554058323,97.5810344174651,97.6198498431986,101.165962036715,96.9354604399846,100.742164411774,87.3576111406978,96.8796109507938,100.699399479688,103.179383244243,90.8561049800242,103.210007623092,94.4577083355508,88.7155127991296,99.8752569090713,91.3270698582281,100.48831416928,98.4714156578059,99.2995300598737,94.9209946388646
95.0428586924284,80.2528457449694,91.3348292251396,94.5209780163437,86.9056381299365,85.2305699524193,99.1008595383847,81.7821591688294,0.0,111.66416147469,90.8002938902408,101.88432619892,104.977989989258,97.2468689088953,99.8191185536257,92.8353123671342,97.0503583408759,79.1218220383123,104.292780806741,89.5726696778262,91.7671128216846,93.7929970383927,101.91306300294,98.6778586958929,95.8680849118257,101.56127080516,96.1819017728886,101.911021913212,98.7672535999719,106.9206624889,102.432889505008,102.969293156019,104.863049251568,99.2924873726784,103.930148323631,84.5701862066405,96.6963692161476,108.690703797319,102.753287663045,96.7673979312146,103.844318972706,98.9011535632602,98.1977871712502,109.582891853384,105.601583556824,93.6043582015953,102.522186737497,100.029449141692,96.0452153464197,89.5595024828224,95.0919979479673,86.1813699803868,95.8448251475159,94.2627502316542,90.9021252209777,85.6338821365986,92.5107075771169,82.0799076630532,95.2577584331863,92.4997622152176,95.9679560454711,97.4925611252783,102.698490900579,96.1953509704033,97.7506000575064,97.4757731119139,92.8684018939902,105.094200554497,97.9754977430351,83.8749757756014,74.9933330635091,101.267075120344,92.9665209425121,95.0107511113833,93.5568677128999,103.873229601284,105.011933677364,105.348236498356,109.501986841423,96.3819437225742,97.770998903918,98.6884973689716,102.668146946281,99.357344786398,96.4321407210589,90.1592743232312,90.6349200607366,100.738658148951,84.3591089752158,95.2508572939318,97.1819402915082,95.7772885669965,100.50941123954,93.2059134812343,98.0141368182649,99.5088507254724,98.9464819587602,98.8126999254559,92.3055091425592,87.5271558991655
98.4794513812435,102.273453455088,104.226811994701,106.294519726933,102.140142585495,106.655515258548,95.4811073637764,108.102275877647,111.66416147469,0.0,95.5065947636494,82.6933737922972,87.8577988550653,88.9030069696588,94.2685533383881,105.897036100646,98.0109421205146,106.4456849891,94.5426789772098,100.607455175803,100.190674846597,92.8545472969827,95.2049649622197,95.5769157006443,89.5811945935857,98.1120755000229,91.1215469516711,95.9621339740174,94.426761029935,92.6532891435785,103.105578690388,96.8390957800707,91.8126827356413,97.4211717828827,93.2330754791672,99.495139914429,100.922848616966,96.9324656934863,95.7007984095192,89.774945511816,99.4701690242545,98.4089522749959,96.5068959260186,95.3993720068507,105.449729861124,102.408263907413,95.9907499727582,98.6831549040963,100.462420265203,100.320242440465,98.3413108569986,101.848555942115,109.318948229757,101.160322123131,105.926659540928,109.639350433393,103.090838956693,101.908994394841,81.9443242203014,93.1634526121806,80.3902665998891,90.0610310231689,88.718180330347,98.1414777510603,92.6589259218324,100.625035464923,97.2185554223572,106.360712222516,100.803465658738,106.141872187253,101.550810132525,96.9852246781037,99.1836155456683,88.3664607204229,93.0485387918931,92.1713104575347,97.0121341798054,98.8362212315382,101.271092290751,96.5139987981696,98.8940455220016,96.3333115251528,101.853579584868,99.8065715085655,99.6292780869493,92.027978037573,92.5322512723111,94.9981786703756,102.474168554455,97.7349811067203,104.740879735803,101.045837335269,91.3571172408969,102.247679702699,98.2077767997105,100.48899213873,97.4547765846573,99.6164339477385,103.552499659864,97.6569885103907
101.55377453796,98.6902017502126,98.1962593588518,92.2627697999865,100.689712961649,93.7862064878268,90.4641636475271,93.1014416377473,90.8002938902408,95.5065947636494,0.0,76.8386319125035,94.959287471421,91.90046511138,92.6151253894374,98.5399984574025,101.053791405963,93.2752841084998,97.1835250330599,90.990072300882,95.2930138161665,92.5677543819888,93.979512857504,101.48729647148,100.125745975797,89.2299979647528,87.1443605907279,95.7876024859474,89.793210242433,94.3975650597254,104.352155329628,100.11222703891,107.410831047466,95.4346426888823,90.250264220073,90.6328929730858,89.7322307407527,101.201920606649,101.062159625834,84.6888173725178,98.5668299409161,89.4640410246326,92.5998478269861,92.8716842447104,92.1823018364718,95.3827124886686,88.0662230979207,93.8853258339433,86.696574240015,85.2899997296084,92.0874969619532,95.8248381173878,98.3234811659404,96.5013128961509,87.9266920927628,97.545155443373,91.9531779588513,96.282890097305,88.323773088984,77.6997628320526,85.5379511044704,95.0643891873148,94.7586703833531,100.372031712776,97.5361477939946,96.5368092847277,90.1841530421163,97.4061999306736,99.8006166840468,96.4192791623646,95.3967736671042,100.541317226154,93.2106389587129,90.7788596181083,79.2327283519884,96.4469060969344,93.5196529248169,89.5911718695812,96.0454239070476,94.2566726769764,88.9533143812026,93.1810314587332,99.1667143701709,89.7513404436395,93.1369454509681,93.9567928413913,84.538108554081,94.8150601661289,92.0517657731688,88.1431482228261,91.3779720513308,105.241988141493,100.547794460644,90.496380815005,96.0284502305255,92.7148728068374,94.3066522121478,92.259531624972,85.6553978320656,92.17655757885
99.8363327270597,99.8060154443829,94.9610845964617,100.623605334034,98.8363407676248,93.1527166166472,99.9430224720385,99.993327902978,101.88432619892,82.6933737922972,76.8386319125035,0.0,91.9511953601126,78.6718541362935,95.4985903889488,99.1860511297812,86.842848663315,97.7038584568212,85.4856691106078,100.933635215469,90.2486314971485,91.8492123220898,97.9827489919692,92.102733273877,94.1568987224023,93.9280757746994,93.6671099445387,93.7717526061117,89.2377121991733,103.156386182892,101.805561713697,97.2491314001318,103.676364717853,91.1471705690399,97.4000039683341,96.4128373578548,93.8670382232067,101.444300689416,101.679297958481,92.0435319284754,98.6486152460588,89.4413244846284,92.5995560652505,103.594987096758,100.472448562904,104.387579096618,84.0820538947767,94.4486069696538,99.8730764329842,98.0979575564696,94.0195052576946,95.5345982260938,103.450264375043,99.8253737280766,96.2602152706845,97.2005361919319,98.7522433806856,96.496354731165,79.1306951497298,76.8855331608119,64.5251324944033,84.8448507680095,90.4551454446512,89.7294149905222,93.5571493711473,92.9299624932527,94.0570715537158,86.6134012012332,98.3354943488447,98.5782597755628,92.2977054495581,94.9875773660441,92.5401880923932,96.2851438731117,69.3637659445695,93.0603042172148,91.9807376768192,88.8484432657884,99.2853935924753,97.1759785562111,90.7225314492362,93.7001919432161,95.2208712329243,90.7584244192385,93.0208753073225,90.8090929746381,89.8867064710849,104.017286153594,96.6708043339849,90.3175563510014,94.1711344550427,95.5418895876935,95.5243631947672,91.4548097088345,86.2454115945794,95.0322158727112,93.3916522108113,92.9107966775248,92.5834719388699,97.2786628915856
103.24613002406,96.1640783257532,94.3140496553867,101.723530991959,91.5818596202319,105.349978686697,99.0990920939591,99.5662864745363,104.977989989258,87.8577988550653,94.959287471421,91.9511953601126,0.0,77.0462106256791,85.8185336719271,106.58445986518,91.2691103523645,102.062149488976,85.9136572656691,103.554700034574,94.0481656166722,91.9731107555251,99.684857585328,100.309813927813,94.7832750535672,99.4888243768606,101.920147744127,91.3451706603254,91.4201392366445,102.715076873061,101.11391910448,101.468725283766,91.8357146564606,98.1922806658228,97.6004271718223,101.495132738487,100.344363323029,96.3697978198479,97.4742122148522,97.5290551422333,100.60103472341,95.1674015221144,99.662744161805,99.9704803247505,107.122397627455,102.057959478627,97.3892828414229,95.9588354468884,107.99915868964,108.004534417943,98.1566592885706,102.241512949719,110.830372322384,96.6165968713066,99.1093377620814,101.340142563432,94.4949762345802,96.6232245358251,90.9663621915783,100.201795728273,84.2818115002771,61.4768191888732,70.9837738198976,68.2063157918127,90.4748290254034,90.8080469411142,97.378393553976,86.3229280923215,106.1257048054,105.054424733095,94.1371994416518,89.7604315258999,99.6732189748073,93.4292353272471,90.9326253831534,83.6126501239082,88.6318361340176,106.650118000189,98.5025031218835,91.9663518135145,95.5598832727875,101.520673968791,102.132549567004,98.7390379431097,96.7655955013791,97.2565198002893,102.944848101059,102.309651746318,102.692247366177,101.954123968903,104.487395285691,102.271350585921,87.3690309761834,101.437886029316,94.7739733691707,103.34854543052,105.686171160425,99.2786092566076,108.625025052602,103.274199473449
106.273629804976,94.2015914479875,99.2531927289737,98.0767811145437,98.2470705791847,96.8974155079035,95.6440619991279,96.2337545165247,97.2468689088953,88.9030069696588,91.90046511138,78.6718541362935,77.0462106256791,0.0,90.3685049509269,97.6769977240915,88.2066086520201,84.9706955977265,66.8777501007427,95.2317155296799,76.9811094084179,86.3112755582293,95.9163010017012,108.839235635313,92.7620761126798,93.8076635051754,96.5858665448444,98.8151165343264,88.4646327022314,105.447355622256,102.548629389618,101.322020669307,97.6625167653009,96.2045144837802,92.9918805573252,104.403889203954,94.8880571842012,106.425747738365,104.664049857548,97.5098047621349,105.566567477588,97.0416288363145,97.3966059607741,101.693277755279,104.346836710418,111.861791779151,91.6182533765536,98.404952476892,100.891499988778,102.525176464308,98.2201539351563,86.8881008989456,107.481319462788,97.1422976673211,96.164924943837,92.4975645533326,93.6168151276001,92.3037181151013,95.0794251348609,94.8038794898354,83.9175580091276,76.2527363986717,81.078686302413,72.9665029412061,87.3387098475755,92.7889151646091,89.8854338258489,75.4124704135488,102.892780812721,92.0403230120875,86.6468598938523,92.6738491253236,87.3412636417455,93.0561897234639,80.0235298519944,87.4874792177473,85.7308983188076,93.9831804267413,102.441299278902,92.340716758705,96.1494056199716,97.1121182701883,99.5344153687814,100.925789247335,101.146456784986,101.457184809828,102.5066825858,104.774777403004,100.579469412793,92.1058770023465,91.6767298517021,102.331652408661,95.8660892849446,90.9712830737118,90.0187418633041,103.802436586934,102.331009473456,96.0057324464722,102.969385189255,103.25347241802
102.361095466575,89.247989841416,89.3371866856555,91.1036598669915,87.1498349093709,99.7383228453705,93.6462395254095,91.055384943824,99.8191185536257,94.2685533383881,92.6151253894374,95.4985903889488,85.8185336719271,90.3685049509269,0.0,88.6600515309022,97.170560135315,101.502108068203,84.2661287723216,86.455958491178,79.1584599821768,87.0361583527637,92.168848460552,99.5596413287558,86.5227369573956,92.2455220853534,90.6315365208141,94.6179631649123,84.7275462666294,96.7473086456794,88.24368155151,98.7766230877601,96.6026370906496,92.5334066066504,93.9669768158856,97.245677177104,96.2129497075414,97.6724642240581,97.6189522283003,88.5084397536583,97.1794584643276,93.9065483999507,94.3209395856531,89.9916471919245,95.2601532659361,93.1810443792654,91.528415996681,93.0336711152166,93.5331520961406,97.8976319833291,95.7877418602942,88.7747886788895,91.3902739149183,90.1950642092917,86.5133972102499,97.5101347028441,95.6753222490719,94.8994213108013,91.9033402342145,93.8625330291916,88.0057515954163,86.7520641240956,82.3680680929973,89.4376057830423,88.9238487971707,59.3444433594911,91.1363860022035,89.8393262994809,89.8855211895027,100.597216796964,86.0075730591543,93.3577050013811,87.0819518336746,87.2739673801756,82.853865550939,89.0751407693411,89.0116158354085,86.8423351430502,88.4621941169821,100.175253250185,95.5386449178104,93.9585953275566,98.0078878959506,105.879936713428,95.014526601744,96.8370652676359,90.3222459208602,94.7233654236911,96.602390661279,97.9617815698381,94.9214096492171,100.529748287385,93.6039006091442,96.0878527413841,96.6637754415973,91.4110002486581,95.6759989082851,96.1286098271029,93.1364474464654,91.9254774376341
100.193836858917,90.5989949578341,89.8934399317946,86.6746642807536,96.7091094778219,83.2017590533861,85.640676946938,87.2407923136607,92.8353123671342,105.897036100646,98.5399984574025,99.1860511297812,106.58445986518,97.6769977240915,88.6600515309022,0.0,97.3871255696419,87.4730842590523,96.4973345452624,89.9323439678022,88.0092746779194,94.0754991884155,89.8314335579386,104.414708813869,106.54715486811,85.1261777129923,91.1422633692204,106.202193816197,96.8765945858352,107.386643268312,105.824385980063,105.734032174846,101.663411713425,99.9563845566531,92.3704711520478,98.7299915675661,90.2705695648274,95.4231957079925,95.4244597092109,98.9929646516171,99.9168128374454,99.4413137685249,95.3829454433842,97.3779582921316,100.986624273122,93.22462176502,97.2022239539227,93.1226606866265,87.3496787890524,99.486679806732,94.6577145459519,86.7085729673011,77.2251405028777,88.8317214711364,89.6012214650375,88.5751875516607,84.7135358861026,92.9177206433248,99.5524137624349,99.6912016289666,88.3009674350138,99.5159876461032,100.887347556022,101.104462284638,105.942183684419,94.3068069272124,84.7971104385343,101.396773620309,96.7730646015688,89.0031575912193,87.0687962785056,99.6048086638867,84.1626065249354,92.5934858795198,88.9114180894104,106.247894444385,101.82860629104,98.6042834934411,92.701967852,101.544646810913,97.6608559546626,95.8614501957357,95.2858302810755,101.732244225315,97.3099369901961,92.161253425938,89.7002560925657,91.3209441230044,97.2785602061966,92.1719489117783,91.6410262162498,99.8246747000443,103.353529296174,87.8503595172971,92.6142206212912,98.3590434589096,99.6543810792968,95.3501327576026,89.7005814922773,94.1710786932535
101.95061456004,95.9585168070229,101.812140295698,105.434527137248,103.682077468426,107.311413637288,93.962764100997,103.97740923879,97.0503583408759,98.0109421205146,101.053791405963,86.842848663315,91.2691103523645,88.2066086520201,97.170560135315,97.3871255696419,0.0,106.439402996462,81.2254507883471,107.767483522003,93.6237456965392,94.9995224097011,104.206582299882,87.9839699598442,97.4189094725123,97.6461619972773,97.8175723927296,103.546518399169,95.4210464233914,96.5992171839168,93.8512816091817,99.0895112871256,98.9165842532328,102.542198480238,99.8814904915304,99.1952468358366,100.876142425528,102.179473932913,92.1485117997221,98.9382601287149,97.2345213262367,90.6738170213328,98.3962741462777,98.2303980471854,106.767201700607,101.022867493512,92.3544887909679,94.9106785068403,103.961187812833,100.102585316623,97.6615216198485,100.473792649679,103.743129130255,103.544896563711,99.6129919188142,100.339947244287,101.095375928527,99.1673706889785,96.5270959642277,95.6126586276053,86.3603244412049,87.4872331155298,94.8281168248675,91.568530912259,96.2215867074482,103.669806230355,96.4453542371219,80.8574161742425,95.9125970400452,98.4089642145466,100.354684426145,85.6038603873351,91.4499308684683,92.7231449902262,79.3360029781659,102.149514896689,96.7900342079623,92.4956428741518,101.752199854723,101.822176607415,87.1059112503289,104.129627896638,99.9616841381298,106.710324542796,98.4329584116873,102.786970340977,93.9612102369604,102.307509360509,101.422804735242,90.0524085378059,92.2025366546754,93.0407524748961,95.2906120727993,106.628597335837,100.786257726488,100.322788074909,101.355221974887,104.695218005533,99.5784535788375,100.35073913119
101.163200013797,78.0434085632135,86.8353894340985,89.1732108397368,92.9503981256074,82.6223592063672,99.566043269889,74.8618409279895,79.1218220383123,106.4456849891,93.2752841084998,97.7038584568212,102.062149488976,84.9706955977265,101.502108068203,87.4730842590523,106.439402996462,0.0,95.8289967035426,84.0477466052706,88.6727329397594,88.1965043732468,90.6718129727175,98.685986757763,100.568615267622,83.0347446066261,93.8997061626092,102.417959864107,92.6463855593053,101.602495456322,106.986148025272,99.8139182189764,101.049268112742,86.1488662911023,93.4333170679936,94.0871843677182,94.1783589192274,106.894794242733,108.297775561732,98.4101357943918,112.136850219801,97.361651050652,95.8523131909972,103.600701005842,96.8722994987023,102.951472475692,91.69029867517,97.6916738179046,89.1641807178121,96.0453593490985,96.7706925020233,85.8511633308044,92.4746782740295,98.0362053036396,90.9289206187362,84.7768464447997,75.0992304589056,76.7981218914031,93.7678663384938,95.6870380999938,95.9241380346724,94.8975276584881,104.548087064626,95.2901454108771,97.7292133791817,98.1655560189608,83.7437308229701,99.5945137947498,90.8028822064344,55.1723459103138,79.4744137174026,99.4183054140606,82.4486752260411,91.6469490790842,92.2375384608784,99.9721279849599,96.7441271335573,96.0759109168137,96.355918439248,91.3232776765827,91.0293169634577,99.5857740715172,91.4984388486589,95.9273136141876,89.2706389981747,93.3172259504769,94.6978581765058,95.465390239019,90.1721296385292,94.809363596274,93.9848510264674,102.911477551608,100.679688774025,82.5760363796026,96.8121914910137,95.0480569211998,102.85971537149,99.6521399271606,94.391891430721,93.7412161229705
101.543999626809,88.5500105955336,98.1674001508746,98.5574221646772,97.8175027618442,97.6953271871996,101.586591956983,97.4479410002457,104.292780806741,94.5426789772098,97.1835250330599,85.4856691106078,85.9136572656691,66.8777501007427,84.2661287723216,96.4973345452624,81.2254507883471,95.8289967035426,0.0,97.9757748583879,72.2266629915771,96.5193893664916,98.5036788673155,102.848442982982,100.933836298332,92.8722175102214,94.0611029186387,98.2336635376564,96.3152826547293,100.68715019228,104.293063145279,105.374084768053,97.3506792658279,88.9073498501645,95.5098564673707,101.935637538799,96.6774173590424,101.819867900336,94.1646899211335,95.1099651396022,102.751642714982,103.347972726445,103.379958970177,96.7605518393099,98.1852225647292,102.857078619205,87.1911601011153,103.041361228656,96.8157943998675,107.971200439732,98.3803159096066,89.8877224643419,101.413069442363,98.7419202919915,93.4613471899894,91.0226369460068,93.5429886085671,95.384120261735,96.6586278299379,97.8685216100959,92.122870137297,88.8127446941819,86.983301316537,82.6444003377643,97.8061804755032,91.9388546121733,88.39137360987,64.5574846316959,92.7278074363458,96.3165217178512,92.3133202857031,92.8209525635802,91.6590717359832,94.4860401195465,80.7572496134802,94.3904010425827,86.0330693539817,104.479314596882,95.88097464648,104.485716875703,101.88106390698,91.2490625922869,100.907808632884,102.668888980156,96.4130131038908,92.479619400125,93.4873628689133,97.4900050111573,96.5409438836403,89.9336423087687,95.0835497746563,100.411641144308,95.4189579652304,98.3491272349667,99.0452578777121,96.989741625652,99.7743513885894,90.4759679607865,101.029017027691,97.9849120860295
103.073564348608,88.4367902983839,92.8226520674005,96.1716559066339,96.9064675458494,93.3758719076585,99.9119701160216,90.054016174687,89.5726696778262,100.607455175803,90.990072300882,100.933635215469,103.554700034574,95.2317155296799,86.455958491178,89.9323439678022,107.767483522003,84.0477466052706,97.9757748583879,0.0,85.0871233096028,94.1282183359405,85.6233411342891,102.222845483845,99.7863979596444,88.1636102407158,97.2519087178557,100.808978501876,91.2914583331725,106.147085118043,102.135693319172,95.8720393571523,112.601017297588,93.1522216976612,95.5313620332557,88.4784605324357,94.282621681663,96.117464040624,109.19962525698,96.3490561145293,113.294875376157,96.0896869878284,98.4983339832371,98.4542429873799,104.178875887694,101.882627022786,95.8396571371307,96.3225181190683,91.8221361563596,89.4872821656774,96.354873616788,86.4504766204126,100.23131015199,98.5873335360461,88.1402573732036,95.5844690683469,92.781696170342,85.8615572820999,88.9895155124561,97.920972683759,94.1459029572683,102.80155929979,102.558474593485,102.377259119456,97.2494380487041,98.6576984588137,88.7861642928097,99.3339574019576,98.8931076965386,86.5661834997728,77.262479409583,88.9025015208923,87.9948655962834,88.9143759878289,94.7275558623472,98.5293954973037,91.9651549694168,91.6012785769231,99.8107507568232,94.3796314172073,100.832611180325,99.1160872463085,96.0586407016158,101.946749974893,90.9284475621459,93.1897552303488,86.7808426476546,89.1202470290579,89.0431351038533,94.7064791270031,93.0971604997403,102.092047519223,99.9704455791765,83.6014518088622,94.939707702714,89.1945573570724,100.642822505115,97.8290602150621,89.3942570651593,91.9171660494083
102.776249275117,84.6590359226845,88.4813799399843,87.9302713764862,94.250279806186,95.243401996853,93.7936901965149,87.2786699909914,91.7671128216846,100.190674846597,95.2930138161665,90.2486314971485,94.0481656166722,76.9811094084179,79.1584599821768,88.0092746779194,93.6237456965392,88.6727329397594,72.2266629915771,85.0871233096028,0.0,97.8690521500018,90.1563684097355,104.017445141467,100.615172524391,96.1384111589447,91.5270615590402,105.589578030887,87.068669827307,100.594679790014,103.228556652731,100.485465903279,99.9748914172766,95.7647873223245,92.3180334297333,99.1080392064133,94.8519676111562,97.8082690359715,103.068841682506,95.3584907623425,110.655280824322,102.971325083435,96.3861058128273,107.573084702948,104.338353403946,102.048308715908,89.875981310491,97.1393036318285,96.8246479821725,95.4042738008137,99.3234985551098,79.0579798861037,91.5573123560911,88.6638201106985,88.240702411251,92.1372099382479,89.2307555220346,85.4085776172484,91.6427055795009,96.5677888579078,90.2605465018034,90.6220412219622,99.6575526052337,92.6961844555432,101.021252587855,86.4681892818936,89.2104493633662,85.9124073532109,93.2931252978029,91.4024798818006,66.4687355326255,95.4929868984954,87.3868630797842,93.6278382119132,81.0831620348443,98.3445871008715,80.3154397617525,95.7230473000323,97.3798971217101,100.12301257315,99.6237957175006,92.1033384261477,99.647786598337,101.846035596959,93.9174189951504,101.252043303969,91.8041010411473,96.4770438510425,91.9854847632392,97.041723965317,92.8241225204613,100.827045212037,99.1300369907863,87.652156458807,98.3158934182114,94.9764401360408,99.7125127118813,100.315555970959,96.3361537327423,84.5428421992306
93.3788749333838,94.0327734198443,103.241560512483,96.3336100339251,99.8132414802697,101.745640528556,93.0547532966986,92.4581345815763,93.7929970383927,92.8545472969827,92.5677543819888,91.8492123220898,91.9731107555251,86.3112755582293,87.0361583527637,94.0754991884155,94.9995224097011,88.1965043732468,96.5193893664916,94.1282183359405,97.8690521500018,0.0,82.117126784457,103.234256211572,99.9140813426962,87.7489681966652,89.6844774396522,93.2549040577301,92.4397460921142,98.2259262120814,98.5150947902149,103.107116308668,102.419828763281,88.8323213426731,73.7436716399334,100.800035079437,91.7932152535804,96.2202899555873,104.265807073375,95.7379299451656,110.288914708103,89.8339039808161,80.9728892917499,88.5629643553266,86.5158444442202,98.8616286577829,84.7186478025209,90.8103553946942,99.1622441641748,104.018290920174,94.4553278242407,91.3734437456329,95.2122714763833,96.7005963488186,96.3865398556689,101.701747437669,85.6885079844429,90.6116371580072,94.1602401704398,90.0520268870817,86.8738561104037,89.0174713739324,94.6982241794771,96.6758312523305,99.6778945841919,93.6269945472901,91.7563570667579,96.6360318925114,90.4161561957887,95.5514655944735,96.943610662136,79.4540063092674,78.4782356166778,94.6629671034122,88.6475149234812,94.1437944390874,89.6174820167109,85.1376553989915,92.8503299220293,98.4682589784949,87.3393635244385,95.6776340225892,96.0078561000886,92.7582342366816,86.8077840853956,92.1870784371231,88.8629132835351,90.0421028134691,88.5283063283323,93.9169635772838,93.7378558850187,102.924208431548,92.9787612608382,90.7410853563804,90.6988736792588,85.2115040154559,95.096138052573,99.5066290025842,96.1119968774047,95.0275160343446
94.1492068014271,94.8938442860356,99.1549081515091,91.9320032638706,96.607968017364,88.7435505961967,85.7859390978095,89.3714952575905,101.91306300294,95.2049649622197,93.979512857504,97.9827489919692,99.684857585328,95.9163010017012,92.168848460552,89.8314335579386,104.206582299882,90.6718129727175,98.5036788673155,85.6233411342891,90.1563684097355,82.117126784457,0.0,103.400760244736,101.568251424675,84.1130576577364,90.1913209444143,98.1326139338511,93.9186625957214,101.68614582913,95.312302782835,105.627399569737,102.780968514807,82.8045971103646,88.5497425590696,97.300873858518,88.555819272309,101.541892201384,104.332066265324,95.1673477889746,100.530692795398,93.5888609918869,90.9458487335502,100.857629686558,92.5519902699239,99.9555141532105,80.1786747426926,84.4319189398402,91.8936427222216,97.6825878542048,85.222674724207,96.4780690155337,85.1998363081353,99.1925657069538,87.9080800463079,96.6006984087667,86.7542752549144,93.7343315678894,92.5735933401825,91.9006321386084,94.587924951044,93.9741655802963,106.409259252251,104.538250261035,97.2310120903363,96.291110483505,78.9055503236425,102.3576191886,93.9820330575742,95.3905737659081,93.444040683992,95.7494894281663,76.775191027499,95.8892436141473,91.647363921188,98.2519505012941,93.4809555246576,94.6381179788929,98.6499512102009,98.4127781615938,92.2561103198834,95.1270984694843,96.555413190545,99.7534647198196,92.6101086371822,89.803481366612,84.0808301378578,89.3812585167616,91.4631271688194,94.6907909688391,94.5478684961073,102.221336568214,89.7595052509064,91.30445067856,88.077262779919,89.5061406194233,96.7115930758738,86.6994578220269,89.9012283400663,92.1453375811545
