0,1,2,3,4,5,6,7,8,9,10,11,12,13,14,15,16,17,18,19,20,21,22,23,24,25,26,27,28,29,30,31,32,33,34,35,36,37,38,39,40,41,42,43,44,45,46,47,48,49,50,51,52,53,54,55,56,57,58,59,60,61,62,63,64,65,66,67,68,69,70,71,72,73,74,75,76,77,78,79,80,81,82,83,84,85,86,87,88,89,90,91,92,93,94,95,96,97,98,99
0.0,68.3435772198722,70.4489216746315,65.7828835675429,72.1821887037044,72.1858313042049,72.1476139152778,72.0592397259027,76.7629559765053,71.7785093268306,67.9036446944719,71.5424931471434,68.3091299894517,65.7237719356714,65.5260245790402,55.3089671248373,73.6616913853703,67.3824167368851,76.608434159878,67.5197291974124,69.9362633708362,71.1579630280724,81.327502288715,71.3606729000782,71.5598057098668,65.4473971048983,68.0293397778241,68.9159983420827,68.8561223227058,73.6182399073658,68.3398715619348,62.4661217482241,54.2051070963615,70.367186054649,72.975150603614,66.9976481299398,71.3901278206273,68.2590473747596,72.8828175965519,77.3520291103072,69.6118289570536,74.6655979559555,76.3247184557105,76.7523219130125,71.1071687002052,76.4123405778308,75.8480896697849,68.4011257546918,69.9234796437026,74.5171316760001,45.0087340315641,73.68399576045,59.0433966097791,73.4017580275972,73.1671725799175,73.6907366769441,74.4913604647393,67.3441286157531,69.7029492781546,70.6004638422545,64.774534013072,71.7604224779248,72.5764938820436,63.1677379732027,75.1840752446682,63.0796743050673,73.647414201562,72.3075865063385,69.9133031416099,66.5523954496612,72.3184792287926,67.7696556720493,73.8107172556335,69.3648599555591,70.6021944298856,69.8332820466158,71.0726395036241,68.1388620149888,73.7726422926696,51.2483855367052,74.8782504203188,68.4136747336606,72.1760656532275,73.5879809210818,74.0194115032143,69.4528201953522,72.9833931907643,70.1680128867023,74.7255190789872,71.5719438932581,67.9527062153063,66.9400340736334,75.8006019877407,72.4394476250307,79.217066387567,75.7321736381685,73.5929239584379,70.2194778116712,70.9887499184818,70.1517922818659
68.3435772198722,0.0,66.8535772342391,52.23340321712,62.4636238979244,70.614791373063,71.9476537121534,72.8177245971353,64.0381638743781,66.330705197036,67.9423056241547,69.4075918772212,67.1284112069666,72.2711242050292,70.7269912738609,62.1884172865148,73.9529340235296,60.5399411063361,74.402076554156,67.8479611566187,74.5416327147061,65.2070444155712,75.2089174150248,63.8982501664193,66.7122486486012,63.6766007511478,65.6720764209079,76.4961783418751,73.4893026380606,69.4279142662155,76.7686921351112,73.5543843054335,63.1808809368723,65.9456492884439,63.5297054254179,66.0789021419104,70.219941060047,65.6002334011677,72.8296985951129,75.888335348734,69.9114851146036,65.7384625670113,72.9787615092407,69.8382870635329,72.6656977762593,69.3156626487234,74.2326346045287,72.1220725843963,69.0577429585553,71.2950231895024,67.3704130412892,62.2467282397569,57.043144479224,58.6921627875436,64.7449206037342,70.7692024886802,69.023432776919,59.6881466747722,69.0839026495072,62.4029902927913,62.8340164521348,65.4267393422564,67.6662028781637,68.2245281759707,73.1042447352497,71.8383077981155,73.8438056189352,70.6580125029503,65.8609341529103,55.5624537486138,69.1755211331972,69.9327552884926,71.8527428269734,66.6070480294024,68.1959984562642,59.4313632457465,69.0704975193048,65.3931579236442,79.1643522331384,63.8023278358136,71.0272658466738,68.490725654184,71.94421850057,69.9896678452133,67.9570201977379,66.6168204819353,71.0120068990484,70.5286824911438,67.6218521801006,63.3096577997935,70.9359734277145,68.5786468093143,70.2057380443775,74.9151848593136,75.0503594652584,69.4541063734779,65.2520999119161,67.3013432697334,66.4560456956206,70.7654717440814
70.4489216746315,66.8535772342391,0.0,71.5423568196265,77.3163285624764,71.7648400700919,74.7575634849923,68.7699728734225,67.7264056364996,66.495910874951,76.3046303023149,70.3050854193605,72.5042684580498,83.2853486020962,70.0876654624242,69.2074299130259,72.4027066064319,66.755444546369,71.8674966038633,72.2300075290748,66.845181927115,74.4601896107293,64.6361761694465,81.6569667509175,73.5250160968675,75.1319369247139,68.9889397256513,66.789861171493,71.5611611940936,70.7158484484782,70.2784423629276,79.1570557623322,68.1886230168936,65.9296316915086,75.4580380202718,72.3501941765088,72.4332450513059,72.6742941576128,73.5376507021141,70.0169618090274,71.2232933503449,74.4487549101085,79.8087434132416,74.8852856332259,71.6499449665993,69.7070949548809,73.6443084220761,75.7669446982674,79.8122272950293,77.1549904652619,72.6933175938539,69.1822450000004,79.3288118336693,72.7398784800393,66.5982471095136,66.2968806213377,67.8014675097929,66.0482105819585,71.0216074345632,72.4398380234106,67.8776089324493,78.0830608831759,80.7158012439906,80.2588247387892,80.0281688776232,72.8741532585091,70.428536777313,80.0243373077259,72.0734244449409,67.3638705957457,74.4541678338258,69.4408323829888,75.4447592871613,70.3678852793276,83.6758597451403,76.4985475257258,69.3348944513819,71.1133388687696,72.6558666777059,76.0806378607178,79.6543403170536,77.8025160488154,73.0804787216478,75.8145169985024,76.1511311934784,80.3176212943905,71.0183595601144,70.5725042859602,73.9803834795996,69.7035979770713,68.8624305374588,68.3480628714336,70.6753831175945,72.6217946742182,77.0333004880903,68.3348680183211,65.8144774778989,74.0174232041971,75.2946782392484,71.604399476744
65.7828835675429,52.23340321712,71.5423568196265,0.0,64.562361206862,72.6359888959142,68.9947715422136,70.4652632540234,70.3002084762145,66.0329113035521,63.393293359994,61.3681014515879,61.2205842412623,66.4350989934286,61.3904082717927,61.2433433044658,73.7927410221623,65.2513325888795,74.9226633019293,67.4862743266886,73.6568671788715,68.108132475073,72.028258729843,65.912646168492,66.5855864551191,59.9945931956437,66.9270747176254,72.7496630482184,78.3614635237338,63.9576660070687,78.72005415557,72.1917514681341,68.3024811533606,64.5099694628528,57.0101092622259,66.3435735041542,73.0062590902835,58.816717174211,74.8193551339881,74.9989778517143,69.9640861712048,68.9640761544826,72.1522657630948,74.0126750045507,70.874484480103,74.1649532112981,66.4894426004404,69.877607905497,66.2421159362052,64.5712574093514,69.4224560206888,61.2358628013809,62.5282821797761,68.2025275683572,65.7281471321091,70.2078496247434,69.4937293158035,62.4318661357178,67.5927420442914,56.0638338188724,61.8203665812995,60.2613116106866,62.1139724338559,62.2333116896516,62.4865815753765,57.4680498759345,73.5155172099681,63.3069885825168,68.7999675018991,65.0043132105641,65.5702960995262,68.8613364709395,70.5601048791841,65.6907507956317,66.5949886219141,61.9330219693313,72.2279202906899,68.5136530286533,81.0595498198292,65.542357406847,64.5219421945857,64.163009504117,70.6312257732996,63.282034706395,67.3736935039257,63.9309679626115,75.9336390905006,74.6599358756271,71.9417793488702,67.4574904819206,63.881944006191,64.9946955060695,73.8636018707558,75.1798357566703,70.5733820931458,73.0686970059907,63.3821471838488,69.9210103222001,65.636062188143,71.0395490432511
72.1821887037044,62.4636238979244,77.3163285624764,64.562361206862,0.0,73.240520337902,66.6008264847713,76.2406678335942,64.2795552330343,72.7765746659817,69.6466206042737,70.491196137848,71.3616204166601,72.3011070869333,73.7977569482498,71.3886598024651,72.2709571330583,68.7445907891456,70.0157277853159,65.3401178201912,80.6267943083245,73.0636059064324,70.3866002096362,68.84500180905,76.0667583690642,68.9315443622361,73.2020206166832,69.1319360767823,79.4173425391413,63.8839456335485,87.3546450355709,83.8766297449236,70.3825560064399,71.6300753697328,65.7657342276447,66.6133106999366,68.3711420452012,68.9269899762727,71.1519943956899,72.8945249114389,74.0716006143948,74.3927508426073,71.161005922303,71.1657700358116,75.6018315130967,80.0812763604402,72.0051326040861,81.728950965083,69.254021461958,74.8995531173919,76.3318047423983,69.7669655997961,68.9042566534322,61.1304027877759,72.3161143112683,69.6298361265138,76.4449989489727,63.028016680963,69.5126285273328,70.5697007140285,72.2167010317682,74.6572352327954,68.7505329268238,72.9848129082675,75.9506782095887,73.9310309919144,77.3959713049731,70.7632515827002,72.8157512973202,72.6392617423776,74.1451867622718,66.9753298390935,70.7196038192996,76.2253581731376,74.0579284531242,68.3663881821576,75.5370373811364,71.3927038001941,78.5392245352064,75.5164976367093,74.3370352707552,74.1060376320266,78.2990594301022,71.1647281538352,74.4703405683893,75.1024257100371,69.6260603255179,78.0712809839262,73.1152836045872,72.1626161813586,72.044110969145,76.614967681818,74.346912629314,73.6389276261765,77.052596913469,73.711608984301,66.8088447827767,81.651814099226,73.1524124741271,71.8619148733171
72.1858313042049,70.614791373063,71.7648400700919,72.6359888959142,73.240520337902,0.0,75.3246642523732,81.2476213006167,66.2837840081273,70.0208963965823,72.2867056379964,74.4580857581189,72.3731556497534,73.2325415363408,76.1046594810174,69.0712099397269,70.8740144818497,72.5009315339126,75.0889362426397,68.9684969235774,70.6155603132265,73.9687586293562,72.5311507644836,73.5394624426229,73.1320069410661,70.2048512376237,65.7017966752642,65.9553965419814,76.5495332583128,74.525265205323,85.0448512597491,85.1134298171375,75.3894243540371,71.2976402607728,65.1820523228168,64.8278782374847,67.7204559542961,73.6077477797052,73.8281912966026,73.776157604523,68.5585889627629,73.5807871626453,78.791994689736,68.4649819401823,75.5597019225718,69.8670995902526,67.8973499598315,71.06101582405,70.2186431045907,69.7540111914521,75.6787222348083,67.5605465402916,70.7423375479793,70.9118063021367,60.2319750030602,58.0659790580547,73.2433657929937,69.8058263762858,73.048353087289,80.7718902951148,75.5859624019849,75.8346049196614,74.8230588786222,73.3490418817494,78.2933545072059,75.3062365647317,76.9255180232212,74.1685247891283,75.8689349104894,71.5930575679943,81.4438547833311,69.9719465173122,73.8530802775992,75.2185905674352,79.6998901423799,68.6706863444643,74.8452631207563,72.0021211999714,90.8468578343651,79.4136072844408,73.7157752999486,73.0453100601487,74.2986283120718,77.5999970992933,75.8908672033113,77.8188097978961,66.2412523563266,73.1158089617419,67.746568740492,68.8991142408939,74.9317988970188,68.1083302414423,70.4718790519228,77.4107915296685,83.0687898702609,65.9797343855684,71.4555513730923,74.0347458078151,71.2357198356326,67.4025747665507
72.1476139152778,71.9476537121534,74.7575634849923,68.9947715422136,66.6008264847713,75.3246642523732,0.0,67.9941989599698,72.0152721596137,63.6019455442855,68.9420162540777,57.9765158249333,66.19121583615,71.2508216243544,70.4177930115999,73.0749210947353,68.761745839151,63.949487323697,72.355120885972,70.0730366426958,69.5999517507465,65.7984757287719,73.2994501192949,72.7165760841782,69.2613351667841,64.7932252201394,70.2823545506362,70.5342019619776,72.1475191063365,64.9668117828536,81.9765514673198,80.3196132566281,66.3881444265458,65.2712101646439,70.7837542531978,72.7597212362523,71.7124069095309,69.5338882517566,64.5485685245002,70.5697267675756,68.6014833534814,73.7120516012065,64.9973193788568,69.747023979464,71.601589725358,67.7314144435549,67.8134047010676,66.2237102455053,68.3168100821893,71.3760864264616,70.2899201727722,67.5485445939676,70.8109809905524,67.9675126254489,68.9885127562247,73.2878369083433,61.3197298600034,68.4610401865841,63.8646879417883,70.066179969295,63.1833752697862,70.0566266951891,71.1713013199242,69.7318208235918,61.8144425756942,65.2176778262475,70.7527381098005,60.709429184762,67.1821952823129,65.5905007621235,66.7398313287305,65.9929476034281,68.4937023898467,62.5654427847154,65.5093564977843,71.0175193790654,69.7303870742297,71.043032814008,77.3361022890476,79.5759833304506,71.6107645036253,66.2989386269351,74.3006052842505,73.19534060735,64.7064489809775,70.4804784178327,71.3912943408941,66.159954070903,71.7375311858944,67.0284537766338,68.2240897362163,65.1491667717164,65.0724552228985,68.6742012253061,70.1979164289818,74.2740362363582,75.1974255207232,74.2970499826418,65.6112776932435,67.6736899610667
72.0592397259027,72.8177245971353,68.7699728734225,70.4652632540234,76.2406678335942,81.2476213006167,67.9941989599698,0.0,72.344291302801,64.3959370823723,70.0360630566946,66.9469306146274,66.7406292326513,73.5455926813756,72.0746444417714,73.1017521885178,75.2300669325278,63.5081269605186,68.2363917710365,71.7426103545592,72.5888935337144,69.2548024194198,73.6578620031674,74.0908074534868,63.8500085345232,69.0933593364151,67.4613231252322,76.2782491343816,74.7238998743281,70.0212936131052,71.7716985500978,76.6334567204976,69.6933343813574,69.6880944928457,72.3922149375934,75.9318689931887,67.8927302492941,66.5882536302911,72.9301127504337,71.6964347771424,69.0231570821512,71.6515996442854,70.2407177307702,71.204608195346,73.1552339407253,66.4904506714133,68.6273837494746,69.6429402656283,73.8437623524215,71.6134417493487,76.1997751916745,66.7682141355071,67.4226485910867,72.3309336227987,68.6870872582275,76.3780387237283,55.0856260375332,71.1092802349223,70.8606287672017,69.4927804775058,69.9917522124785,69.2543766490665,69.3918308875469,73.9433522863593,69.255446221004,73.4015935999484,70.701958331037,76.4222508330073,61.3816092579643,64.9395563929184,62.1541331382635,73.7468830561702,72.1730060200995,67.1835624427811,72.7719273879371,70.9895032542859,69.6625740004398,67.765071594004,73.2827321165962,69.6089997263766,67.9411326697229,68.4209594984751,66.5004305754151,71.3334787877335,66.6412005774564,69.7415339692237,74.5131157296028,72.0330362690354,74.4250719337935,70.4169232923879,76.5257645865472,78.2273457359769,70.845848631235,77.6966513436478,76.2342854177118,68.1662338196791,65.5813523219707,72.4088476973775,71.1334908870963,72.3309077600839
76.7629559765053,64.0381638743781,67.7264056364996,70.3002084762145,64.2795552330343,66.2837840081273,72.0152721596137,72.344291302801,0.0,64.8975144420663,68.1302267887394,71.7175739736585,69.4314769606373,77.806373932344,72.0841202890758,70.8833664532601,69.5280237602278,67.6077989686662,82.2866899388493,74.2041929032759,75.1770281030137,73.1721035987974,75.1206245526577,68.2152151679698,73.6824039814183,66.3948948730711,69.8240243424065,67.3224325732395,79.0483505394338,72.0029227267237,79.5480583669708,77.1954417591659,74.7646323790271,66.745924288459,64.6863580495629,70.8632403672213,69.037471140192,69.6410639684828,75.5374761377169,70.7125187226437,72.2539856847531,70.9261428999753,77.0454307316996,64.5760393148691,72.9795987103348,64.1006049962294,73.2158250782589,73.6011750273653,62.290195299242,69.7850854994968,72.2001998736972,69.1947852618027,71.2503760202972,73.3035895094209,60.2840063753363,63.1200383958731,70.1503797778526,43.8257828285369,73.4597308117302,71.5091931165919,69.0712384218064,62.0597300643749,76.7002216637838,69.2970720919034,74.1069960226905,71.7176155557432,70.3603325222028,70.4510135417745,70.9560732831627,67.2045393379814,72.5127089661816,69.0949412667021,76.0306225017984,73.150217139746,71.8475159681359,70.7699100903381,76.7202986746417,69.2354757350134,84.1455384974523,74.202634938621,67.819599179181,75.8542271801244,70.4416630917697,74.1103052930085,71.1562434586106,71.320827352468,64.3187161996324,65.3608922807873,67.682471334972,66.4375799831804,69.8933068030934,72.2536767794656,72.1340682624441,74.5066972667773,79.176825334488,62.7630601772198,69.2229283790745,69.2578783748658,64.2991249496223,64.0552978600187
71.7785093268306,66.330705197036,66.495910874951,66.0329113035521,72.7765746659817,70.0208963965823,63.6019455442855,64.3959370823723,64.8975144420663,0.0,61.0367039970315,60.3486083368225,65.909244314024,66.3820178719673,65.6422581323341,61.264579994567,78.1959561226076,70.3058049477751,69.2795124564515,65.4186812754239,72.5174367513761,67.027574621884,72.7199567902482,75.8682205742468,61.100901381741,68.4980755231425,61.4935509661665,72.3125674454405,71.0783067766295,74.645922869778,75.6431124340081,79.3856015113958,66.1914780977421,67.5703048944189,72.1712365567444,60.6027339230687,75.7200268803665,64.0733490487728,65.6852268218708,61.0850492279714,66.729976871556,68.9683466040588,70.644884730364,66.7515034847662,73.1187763292524,69.434193756016,68.7043688162664,66.0184923286026,72.2493405217056,68.9341385506132,75.5791168610082,71.0341596826937,62.76436494982,68.4596294167107,70.0127094195256,72.8942906525377,65.550710710053,63.874901995296,49.8257500165987,57.0474303239245,66.2248770001512,62.9070590296416,70.5769360342443,72.3123761073232,69.0029220535946,65.8976801606456,72.5411738187642,69.9807194396575,70.289110362092,62.1720226159312,66.8652213374758,72.6790429154269,72.0692473075741,68.0222153601999,73.076182059299,68.8554620705637,68.5481598216645,68.9753183764442,76.5703869384818,73.9218229359711,72.13782041697,72.5397218682079,69.4911504905108,65.4897462531986,73.2276453789447,71.9540018382262,72.1748991280156,67.2559589041403,65.3916330241818,65.3500805285548,63.7913419944329,73.8027569627498,63.0039760891524,70.6172059085049,66.3443965743284,70.245054600971,66.3048021847107,69.6134487669322,70.5947443119395,67.9232375017284
67.9036446944719,67.9423056241547,76.3046303023149,63.393293359994,69.6466206042737,72.2867056379964,68.9420162540777,70.0360630566946,68.1302267887394,61.0367039970315,0.0,59.7363521001526,69.0428351966722,69.4006910535265,64.2231090024896,63.1175098938359,66.4328719687025,63.6473328658724,72.7011372958815,72.5086811188188,69.6731172077287,71.1076956419504,68.9273661018513,67.8022604898032,65.9637009765456,68.9840762565542,73.069327955224,74.6829012616979,74.5384460999348,72.5415626696693,81.736804231042,79.2744674179101,71.3657203073683,66.7773359356781,67.6794174806681,68.6945156263384,73.1512041474135,63.5585397449266,66.82863740044,76.7568685851755,71.0141817656415,64.3845786297147,71.5694113207621,71.4633329735254,72.0865488650071,70.1596954149461,69.3700650789456,70.5589376519655,68.4098274009278,66.4223659343718,69.510085456066,66.3210296960993,57.7477276702224,70.0422585017776,67.5270224341918,70.6936423759907,68.5655539616593,66.1517615863814,60.917483531823,56.5864056426746,59.8332633977807,67.2246503496751,68.7214179227268,68.8363358111834,66.6248138766698,59.9152564451622,68.1203916237991,63.823747986343,66.5552408757069,62.0692546016643,68.9524795259244,69.206226090557,69.862289448401,70.0498908773291,61.3335912186375,69.4152438641387,73.5732269564307,69.4601076563912,77.3232275818654,72.7469301662822,74.5225160482572,67.0891797050574,74.768856234797,71.4481785018941,71.2831548968741,67.2371576367128,72.4721127850197,72.97244509847,72.0141115330954,63.6480805352472,70.9118472689368,71.0653210404512,69.3816490017642,75.3158498117386,73.173363923907,66.9226906369193,74.9139783704934,70.1530426336856,70.3832869038322,71.3304087916228
71.5424931471434,69.4075918772212,70.3050854193605,61.3681014515879,70.491196137848,74.4580857581189,57.9765158249333,66.9469306146274,71.7175739736585,60.3486083368225,59.7363521001526,0.0,66.0356110455845,66.5009415391214,64.3391706244589,67.8218976287652,69.2608564377625,68.9124689936147,75.3693927799177,69.7536621740879,69.6432663258467,64.358821788519,76.8961608936131,60.9978709657914,61.4564280049163,63.7959127607955,66.8378454260133,76.0624890980111,77.3610701143184,72.5220360689719,75.5059370667196,78.6123098700811,69.7225723623796,68.4729527552719,68.0720232100488,68.9303822257847,77.0650828277174,65.8915785997877,68.6144762913963,74.8368879538847,64.5551341977273,70.9894191987254,67.0246616465424,72.041816481016,70.2420761095426,70.781102382137,70.9850682311974,65.1727666328888,64.8851014719904,72.2528499891067,71.7626945671222,68.3585629974921,64.0865081883621,71.2225528232067,74.3340668585659,75.9442890043463,67.9473532937399,64.394600396782,62.663493895416,54.0047239580493,45.8770942884,71.029308631419,66.8802321506249,69.5588488171153,69.8977096695726,65.6274618329707,70.8224687222809,60.2113293171255,69.8785057268265,61.4404485454757,63.3147693451767,70.1775284557729,70.495926913079,67.9651124908228,60.3960586428288,61.7999194165669,73.4636884929841,71.1434612652025,78.2099917112608,75.2775646865525,73.0562306285392,68.0491469643416,74.6130873601396,66.0203433970956,72.9189979255143,70.4696666050514,74.5649363488976,66.7902940544603,68.1875102507644,67.8952498064436,69.5496811772523,73.0083899301559,61.8312618668431,75.0845370961399,64.6855256100018,73.7445022575209,72.9363468263325,70.8902186113506,68.0496690073277,72.1679604409653
68.3091299894517,67.1284112069666,72.5042684580498,61.2205842412623,71.3616204166601,72.3731556497534,66.19121583615,66.7406292326513,69.4314769606373,65.909244314024,69.0428351966722,66.0356110455845,0.0,58.8435185835274,51.6979135248917,66.557685554465,75.5776905182773,73.2099220343849,68.4433034955328,71.7003954744535,75.2192058085733,62.9209272158092,71.2666988752778,66.8745115189443,66.6101201025401,69.1542689974132,58.3753738612851,69.4008046068955,72.8741278158873,69.2342247776786,86.2728244383038,75.096316486123,71.1081773147843,70.5013458216624,69.2656207836381,69.3078744775275,71.2408516601113,60.2187348648693,72.3154114744386,71.4109563633689,68.4486849648146,74.3299972415908,72.7665057598961,70.8074167072033,74.825653888695,72.1741283310996,68.2122204122428,71.2237092277236,68.8770058465128,70.2948579935668,71.3074020790614,67.4598717933249,61.8924377746452,71.5902403923573,72.1114892543521,79.3410452458284,65.7365581476851,66.4801286046315,64.6265411768769,63.3054159225738,67.3217763088746,38.0068501254311,56.1263615465895,58.3821509435635,73.3802296540475,51.8542235182428,70.9961004134045,69.4556187511462,70.0437732247068,65.2518836130994,75.184670411714,71.0611461875069,68.1253927539441,66.9621496479506,74.1692871377213,71.8078079674939,76.8215978290083,75.8578733692359,78.363340075881,73.2639445684774,63.8022111064349,64.930668312972,75.2414196445488,72.3934451980511,60.9165329795892,67.7149545635301,77.4333403802738,70.9797400916026,70.0575307680706,64.9664677137343,68.9678502391636,70.1445275001365,68.6240970978237,74.3477743105411,71.1406331092581,72.8436677267113,73.407267839995,68.6305538416712,67.5401192303936,64.0094348957265
65.7237719356714,72.2711242050292,83.2853486020962,66.4350989934286,72.3011070869333,73.2325415363408,71.2508216243544,73.5455926813756,77.806373932344,66.3820178719673,69.4006910535265,66.5009415391214,58.8435185835274,0.0,63.7979111928435,67.6046247091937,74.772673402767,74.0631963327961,68.4726904826512,72.9896640724375,73.3654941025321,65.3604116314248,79.3574852872434,71.6789150502368,67.0715239883571,63.1208315884721,70.7777671523427,70.9941718002379,76.8223447365859,71.24973539281,81.3953545680433,81.9243232358201,71.3813782481721,74.3619965742415,76.2257023291841,70.8486393535523,72.3828674787415,71.2281566485883,68.8598574762287,73.9026245341615,70.8805524373669,73.5153347576903,70.3297575052893,76.0523842645748,69.1743860409648,73.0406831092065,75.1190862307383,68.8456966538046,66.572224782922,71.054994636116,72.7537195185924,78.1694121208234,70.9954740126393,73.3668244853201,73.3161484764896,76.5538544782831,72.7127162527424,74.2773677856884,67.8824056758163,69.6314790413065,66.7600931987072,61.25269813513,53.4497276451638,44.490754162208,65.1080169651387,61.0705388138885,78.1266693083441,65.3026386138838,72.4635103735576,67.1024197349042,67.7571172922895,68.5656685701297,71.9514345063552,69.3210709845093,66.6013750465425,63.1712004611302,78.442424750182,73.4762153785988,80.7452727312478,71.7785972420935,78.1185980102653,70.4424942838952,71.7436184617243,74.1700847425663,71.7361392778512,69.9756237840857,78.1788466144741,70.6433162930104,75.7631917465585,72.6905798617292,75.5292114381762,79.6774611090393,74.0830156474422,77.6168130707499,72.7072644079782,72.6090529851317,76.3779996867528,68.2577463288533,72.4601536438021,75.6845101807396
65.5260245790402,70.7269912738609,70.0876654624242,61.3904082717927,73.7977569482498,76.1046594810174,70.4177930115999,72.0746444417714,72.0841202890758,65.6422581323341,64.2231090024896,64.3391706244589,51.6979135248917,63.7979111928435,0.0,66.4158395903013,74.0876086246941,71.5033222785464,69.5947832781119,70.2096831871977,63.3364686214837,68.735197861041,67.00676919365,71.628103743781,68.0994884330957,68.7669119869852,73.4684980933232,76.566133881077,71.9822454530268,74.841430186354,82.5815903696344,80.3467942754561,70.5913084963436,72.049123448702,71.2541453359632,68.1526420613995,72.6534312265115,70.7050969341607,69.6497812648083,72.015547896037,68.7492849553931,70.5082852222066,69.7935430926205,69.3299845838167,75.6234674120042,70.7064715899168,67.3706029170772,68.0648030016052,71.0811709280564,71.2251080632783,72.6774676130537,65.1509059375695,69.7477010237724,71.8522219012121,67.5271930578838,71.2094925857645,66.2642524104337,72.514614076956,68.6904864187717,67.1522186627586,69.8786142448987,61.445450389096,64.2240986358308,67.8345562527105,62.7964942408751,28.6629976924109,69.7020511957435,63.9789858113939,72.6470776105022,71.3201572994985,67.7490514286121,70.1285022224702,68.8857918686695,70.415387874134,72.2882828080961,72.4530109825395,70.1396490133313,62.3282365792904,77.4528300915776,77.0834646279669,70.784077548053,74.9484909397588,78.6238846443544,72.8144009971957,67.8066310146229,67.3493661207576,75.1601841557995,69.244333681236,67.4082218324327,68.2724687190275,69.2929897987006,69.8865893175278,68.5697942690547,71.7407910325604,75.5217274821694,67.8332321489177,70.5535976593532,68.1055639020931,75.1258694155582,71.3107472054793
55.3089671248373,62.1884172865148,69.2074299130259,61.2433433044658,71.3886598024651,69.0712099397269,73.0749210947353,73.1017521885178,70.8833664532601,61.264579994567,63.1175098938359,67.8218976287652,66.557685554465,67.6046247091937,66.4158395903013,0.0,77.1300044725687,57.3728211988773,78.7561235494779,70.6446341410756,75.550635434765,68.4319211329306,74.7552267886286,66.9444735266571,70.1677803528731,69.0039571294165,66.2964276611978,72.0531818748221,79.7933914583943,68.6602504773757,76.3722002840794,70.980612416646,62.2172361163687,70.037393692485,69.1583280805593,63.5319224718843,71.1833117463604,67.7323239620999,70.1501866569768,74.2196154947712,66.2733214474559,68.8938808613697,77.3074213951544,64.9624827579252,73.427210463409,71.5692056522361,67.2618950323245,71.9355612594864,71.7208613762084,69.0691160237207,59.0238146693302,67.3647123855675,45.8774521528882,70.0318598885829,72.6697877053203,71.005311092838,69.2441719131628,62.8148092057025,69.0730227850977,67.2567675624796,67.2480210980091,68.144013724703,70.0392253323744,66.0855459639249,67.8895154819843,65.8971683006996,73.3580004369413,70.6272247337888,73.918478950092,55.6069159917684,69.8494275214141,71.1009606904206,70.8484421553827,72.5953631696179,70.0497942810696,63.6000356990837,73.9621929629826,70.1704976942521,77.1163566838037,62.693693657144,72.427807939684,68.3091857177191,71.6249222897707,67.9252954731809,69.1426916724404,69.1055937926868,70.9119524986106,72.9797369177282,67.707157875546,69.230105879599,65.2251575780717,69.8997973340891,70.2969067741418,76.6536369009775,72.2326802397715,65.1236182152966,67.2923492905792,68.5656216141974,65.8196148426793,65.4071712321108
73.6616913853703,73.9529340235296,72.4027066064319,73.7927410221623,72.2709571330583,70.8740144818497,68.761745839151,75.2300669325278,69.5280237602278,78.1959561226076,66.4328719687025,69.2608564377625,75.5776905182773,74.772673402767,74.0876086246941,77.1300044725687,0.0,70.680640723271,70.2812849839974,73.5359204056941,70.7780264723755,72.4756511631726,75.2342399393805,76.4170300902581,72.9650310855972,67.3894720786868,66.2446525533319,75.6296578274683,66.1116703327366,72.199397889438,77.8962642730158,84.1850662218452,73.9508625709596,69.8783816917994,70.2982526649889,71.9634425830382,72.1953909857534,76.1906189537586,66.2435058933735,69.4171955549911,68.1756323934397,75.6550998293921,73.2323901504202,72.5405061183256,78.2086722783985,77.2352314048753,68.7290316513641,75.7389281121154,73.4289806377634,73.3706864823133,76.6267520555154,71.9925255369687,72.6047913730966,74.8999446009645,75.0134880881964,65.6572978966114,70.3322356724763,75.5015078626075,70.6582925876132,70.7195262523085,70.8167216282815,78.7535434109282,77.3997984156777,75.2138420203541,76.1950363800207,76.8470921623777,67.8803473930305,71.0493249316806,71.1717304031729,76.3806008449012,71.4176472031227,68.3147939044545,64.5315413505204,72.6701240580157,71.6187534541137,73.2100602985021,68.1902726181542,72.628970334879,79.108386690569,79.4617002596472,66.3178943201382,75.2265291149826,71.0804234603345,75.0868778245287,72.6209073279853,74.2009082089533,68.6042411832791,74.5173329368203,77.4893285525346,66.2641542210561,69.9496659135553,69.1162451165948,74.0467418799409,73.3239619068434,77.8939101573828,69.5862021226781,73.8891997936067,75.6305607978553,75.7349098253507,76.1098740354284
67.3824167368851,60.5399411063361,66.755444546369,65.2513325888795,68.7445907891456,72.5009315339126,63.949487323697,63.5081269605186,67.6077989686662,70.3058049477751,63.6473328658724,68.9124689936147,73.2099220343849,74.0631963327961,71.5033222785464,57.3728211988773,70.680640723271,0.0,81.2515600396893,75.3280047289144,72.5899523815455,74.113054608423,79.905063911704,70.1618987413166,66.8046912462606,69.4841478984095,68.0507548882943,73.5238354678929,75.6767181726016,73.5187628995966,77.7319547475203,80.6853354093835,66.0750076026369,68.6846720687112,67.2545176176,71.1061061418354,71.8305905695164,75.4717199797052,72.8369911317965,73.5622936344872,71.9338710317084,69.8324940554268,71.6430731280704,69.1070833357911,73.4315770178897,59.7436551554006,75.9032296569818,68.0407982009527,67.617347237096,72.423353510844,72.8736733523886,65.6114784678675,67.6705460264973,74.4173146109171,66.8904090562162,73.5886939735185,66.5021983837727,67.4700650021147,68.8809754213022,67.1482019936893,60.3041710594291,74.8389485772754,73.9515252167999,71.8649697836398,73.6071185999988,69.203454190015,73.6429450180508,76.5186998703323,67.9014804204811,50.7900219328987,70.6266909636917,75.8974069973801,70.4353381002373,72.6585049452017,73.4022503212351,61.8933906347357,73.6155026865544,72.7415616144715,73.7225123782504,73.1502060282831,70.461136869505,72.494648467568,73.7285886257447,72.3727576770735,71.2188462158559,78.8414652360529,69.7025358664501,76.5023608444182,78.2943424426244,66.7990943467208,72.5353010205123,76.494262530592,70.0431269658842,76.9060234136615,76.5550015693189,66.3072915355524,68.3444273878697,71.6492541360922,66.9551811407983,69.5890734506426
76.608434159878,74.402076554156,71.8674966038633,74.9226633019293,70.0157277853159,75.0889362426397,72.355120885972,68.2363917710365,82.2866899388493,69.2795124564515,72.7011372958815,75.3693927799177,68.4433034955328,68.4726904826512,69.5947832781119,78.7561235494779,70.2812849839974,81.2515600396893,0.0,70.6723711202841,74.2917705548181,72.3503427914974,70.9813699156225,81.952305713354,63.1200006691645,75.1311556533856,74.9522940995446,75.8645846198366,65.9523962077857,80.7864138095193,73.4269677868761,81.6182498753556,77.6384150290621,71.9649499641623,75.7219563083357,72.7402276745316,74.8816771734909,79.7839220944422,71.8893530789223,73.6828184675763,76.7434771318095,77.9326695030405,76.1725801237784,76.9376413140367,79.0945878884132,78.8416481599108,76.4078838243088,73.0022341927011,78.1104489881929,75.3631492262595,76.5219653474717,76.5468059576815,75.2661279771348,72.5455513333335,76.9696808741832,74.7241431948877,66.2182869103753,77.6358536855063,70.8478933825281,75.3706925322898,72.4253337005903,74.8199854273492,74.4375239651566,77.363809332203,79.8713516298868,72.7850330113129,68.5132994031864,71.3287860614538,73.981890743082,74.0730451331669,72.6362986818676,78.0957067281178,72.0986501594738,70.8613339787752,81.1186585854343,77.4243457668518,70.8757046084371,74.8473964773693,76.9540245996012,76.4756495790388,78.1424836205326,77.5084947783448,76.7409212847679,74.2155705556813,71.1556696372206,72.9151997130101,74.3376725385206,75.343957057363,71.2888735096991,66.6790915594006,76.1343461244379,73.1566148245862,70.6208363098664,74.9007310378836,76.2461732186628,75.3381054874569,70.4933035659567,79.6631349247713,79.1099915850376,75.3577326193773
67.5197291974124,67.8479611566187,72.2300075290748,67.4862743266886,65.3401178201912,68.9684969235774,70.0730366426958,71.7426103545592,74.2041929032759,65.4186812754239,72.5086811188188,69.7536621740879,71.7003954744535,72.9896640724375,70.2096831871977,70.6446341410756,73.5359204056941,75.3280047289144,70.6723711202841,0.0,73.0242757286367,72.3364558497255,75.5384239749744,73.3005098161997,69.9764353369805,68.0170395114468,72.1143554853747,74.0052568131509,68.4094555610617,68.1544278052233,80.8785671954886,78.0704647237988,71.274312865806,72.9837904242651,68.8711751035578,60.8726445777719,75.4588766216114,74.4165260400132,70.3542637117234,75.6562211442359,67.6914866301934,80.1305775937232,71.7973319284953,75.844486666663,72.4956956030459,72.4000005456412,71.2454976220594,72.9631247671034,69.5313433451679,71.1171319114955,75.2769230813081,78.4069062291306,72.2201144479237,68.7132567832172,73.4276051525222,78.0842035244973,72.0303395091546,73.3564467078258,71.1494764856517,70.0508209626527,66.8381272079063,70.4887458027525,72.4592484957772,73.7680888632256,73.6730914816998,69.0246547985049,70.2097413620972,70.3154127422592,75.184519453319,72.0074523299914,63.3973861277197,73.087927342282,67.7701370148865,70.7666638323103,67.0492345908613,70.6637883597515,68.3156340085563,74.4463836348173,85.1490936608509,74.8433206941006,74.2166678685371,76.7756288008321,70.8955676097422,63.7816341341908,75.4387631511822,73.8010563716993,76.7141724265122,73.6954843687099,73.2422155250017,70.508660661326,72.8224238116327,72.8850290790361,67.871324473392,73.2249401085662,70.6212148121496,73.0042909742769,70.4222452519043,68.7615195139428,68.1051298980797,75.4396772707832
69.9362633708362,74.5416327147061,66.845181927115,73.6568671788715,80.6267943083245,70.6155603132265,69.5999517507465,72.5888935337144,75.1770281030137,72.5174367513761,69.6731172077287,69.6432663258467,75.2192058085733,73.3654941025321,63.3364686214837,75.550635434765,70.7780264723755,72.5899523815455,74.2917705548181,73.0242757286367,0.0,72.2033635171014,66.7103250236437,72.4923057088713,73.1694544186828,62.1898948752455,73.0040098271399,75.9769887553468,57.8348674809738,73.4091678318113,72.8047117293582,77.7803155863014,71.651204031012,73.2950583337457,70.525721318973,77.9507940523769,79.9992111332928,78.1447383957477,75.1006298838853,73.1732369165116,65.4891925639506,76.8158139943536,67.7772127669057,78.0166961199161,70.9179525251208,71.9060379733002,71.8099245451664,67.1709163544271,71.446517847997,73.3646654319425,71.6202756488995,75.1795388771996,68.2297763555181,71.6444868403422,72.908579155528,71.1314517100265,65.522965694073,77.5941848954286,69.0027430973957,73.7014215832622,69.4763806270549,77.6857342294218,77.5985551402251,73.4535387767543,68.0041856220196,68.2502925946919,73.1146262174473,70.8059125783109,74.7672395796593,70.7115326907336,66.8721602721544,73.1034800098057,71.1327439081752,67.3653171353728,68.6194601623016,74.7689581370942,59.6385919807314,62.2494910085079,68.534127453991,76.3660399937225,74.8580333724718,76.5925841840608,71.8319406788333,73.13647707867,75.2238207763452,72.7301782306746,72.2748441872158,69.4512493282282,77.1914344714014,64.1615715688067,75.6154023450371,72.8636005521468,70.4892926709389,74.217481704551,74.9954331327227,68.9268328619203,72.5675143119037,68.1052817865256,77.7315957703101,66.7710448777814
71.1579630280724,65.2070444155712,74.4601896107293,68.108132475073,73.0636059064324,73.9687586293562,65.7984757287719,69.2548024194198,73.1721035987974,67.027574621884,71.1076956419504,64.358821788519,62.9209272158092,65.3604116314248,68.735197861041,68.4319211329306,72.4756511631726,74.113054608423,72.3503427914974,72.3364558497255,72.2033635171014,0.0,75.7155235251239,71.8319211866725,65.2331162166412,69.5708958986516,69.0433105044692,77.4845127660927,74.4192576808127,76.9813778649193,84.1852991636102,83.6026439214156,73.2821520947934,69.6546362575583,65.5143160955335,68.6062214307213,69.6662349546768,73.4405355374884,66.4402428728874,76.2778393723892,67.1120556651374,71.2730381683585,65.5082574597561,73.6635926430566,74.582057747606,70.4603119309372,69.7109083370847,72.2380466052803,64.1511532844442,72.7654429661701,70.2245096497745,75.7964720725255,68.9002556717779,77.0704444137848,77.1138151738155,77.0421631960182,67.1944718102937,67.0055798075053,73.4400970747923,63.2671602973924,70.1385011838807,61.8024017944365,64.2658485409226,69.8082886479503,72.1551298547708,69.8642760798604,69.5634939236641,71.6644856455523,62.1889267055744,69.0587244300285,71.8831810930097,72.739438283681,77.8619150415048,70.1120349967309,74.0734835701677,69.525380106164,74.0378819709337,73.7516167251065,79.8891567411234,74.5786133524213,67.9454098322461,74.4138193269296,76.5927753508001,68.6344875993288,74.2661286065631,69.1037960066583,79.7130736728694,75.139792297386,76.400196386209,67.5553322979286,74.2315998429793,78.0863983173658,65.1894454886168,75.0329899688821,61.7008848018533,74.3435437859747,66.4231082511198,74.6887695347784,73.3653540948089,74.9683803754659
81.327502288715,75.2089174150248,64.6361761694465,72.028258729843,70.3866002096362,72.5311507644836,73.2994501192949,73.6578620031674,75.1206245526577,72.7199567902482,68.9273661018513,76.8961608936131,71.2666988752778,79.3574852872434,67.00676919365,74.7552267886286,75.2342399393805,79.905063911704,70.9813699156225,75.5384239749744,66.7103250236437,75.7155235251239,0.0,79.6396682791329,73.9314396006221,71.1018998184719,72.7078726463353,68.9858947335631,69.213377375191,72.0397204116877,76.2302963399764,82.8790937246989,71.7571484786732,68.3414635846685,75.0789985909264,74.5255335989676,71.8142653678558,70.4128020045598,74.4872764328752,68.9781847028099,69.9751725972022,71.8162067662214,72.327387668271,72.3945997408429,76.8661184228247,72.6041404339094,70.8136582325031,72.9563339938836,75.8615606972498,74.6562910889678,78.0963937472178,68.7212626367182,70.1610450212688,73.7285219910429,72.4863661774396,68.9604156038631,70.5555850622087,69.880864316834,73.4325198848806,74.0661176633681,73.9134749268698,78.448303224491,80.1176031114322,78.0284609909852,78.9920449584296,72.0964917001626,74.3595012047762,80.2008276110206,73.2555038297285,75.285571958531,76.7065877731995,73.3026241426559,71.8130425170404,72.5604899263701,76.4747145549358,74.9166998443166,72.6236910008552,70.7699189344399,77.6287149116231,78.9380855358111,74.6260848498373,77.8465145680856,72.3850081335097,78.8304565895767,78.2663019679495,73.5621344124713,71.5871931518602,69.384648583508,76.4248023922304,71.4153431130197,72.1279395630873,66.6019772486383,67.8625555549403,69.0500028947707,79.1815665657008,73.618025903532,70.4158166849474,72.986275684126,76.0094604818283,75.336182475276
