0,1,2,3,4,5,6,7,8,9,10,11,12,13,14,15,16,17,18,19,20,21,22,23,24,25,26,27,28,29,30,31,32,33,34,35,36,37,38,39,40,41,42,43,44,45,46,47,48,49,50,51,52,53,54,55,56,57,58,59,60,61,62,63,64,65,66,67,68,69,70,71,72,73,74,75,76,77,78,79,80,81,82,83,84,85,86,87,88,89,90,91,92,93,94,95,96,97,98,99
0.0,92.9311145945812,96.5458967124355,79.6920997122751,90.7144657715001,96.0880577981142,92.3874946942209,89.0807041788604,100.175403027804,95.3335504945055,96.2585255259116,101.715987530862,107.749646771725,99.2504272677565,101.887629659355,77.9754845570512,102.410656147477,88.2793362830082,97.5114863917706,94.108875349265,95.9894684326793,102.358015191668,92.0730841553207,95.794616349803,92.3163054224707,99.3837361745187,97.017722306608,97.9391426631036,99.0533623567461,94.9317941069344,90.9414742827717,93.2345672213228,92.8946325012421,98.7666936581752,90.3687334613173,94.004784807604,101.617636048626,89.2906490644084,97.049119388537,99.4184380848873,91.4576212696962,93.0144971977361,97.61786663009,90.905862549292,96.9969255438663,95.540433017298,102.325042127292,96.5765462438261,95.4289323496728,92.2872049077613,80.0272373104106,87.813404293652,99.5389754708751,85.9661073064878,99.5014030608517,95.935938835047,86.9343948180103,108.780023366181,98.7480804595479,101.18285993502,103.410694448522,112.119119906424,104.478810341846,91.0686374412932,96.2626956751964,104.76393310092,92.5717961234118,108.770324554554,100.644954519609,91.2764839245515,100.580833582171,92.3306014638403,99.0783202615893,99.5513375246573,101.597503966785,96.4946875059394,106.180286987845,95.7745605647231,96.3273674175614,96.9892583697678,101.919268955223,93.0136928248831,101.187879898189,97.10782864407,100.677390713587,96.6829692001388,104.233583927303,96.0387476384399,107.000173750735,102.035949209206,95.6819689104848,91.5463725366741,101.450903219762,93.5631150066577,85.0073773109671,98.3938745539108,100.144508501593,90.8664072614436,87.2962736204792,94.2256807948626
92.9311145945812,0.0,96.1350553890816,74.1699851125978,66.4376521546074,98.3199338794961,102.731180737145,87.0190844106944,101.639816448915,104.524292716633,106.645997636166,100.407207442154,92.3549991334661,98.0054416262075,99.7332849781265,78.5230663403955,100.095543387493,100.283779646764,96.9452848224921,104.174913931653,97.6741892466647,83.4416226617982,96.6007610877896,101.368750898101,105.209493055469,103.58318012365,90.6116879085653,94.0364279321827,102.49062458515,91.9727162985828,99.1518532752005,102.153928488303,101.855417997905,95.7549294584777,94.1724077898275,94.8990212121994,91.9300454591,107.622638537396,104.587207404537,101.983796672107,94.9281896444836,101.391774235234,92.4098354105619,94.2529087469385,92.8055337814407,94.755917176422,94.0506258001692,92.9379029981682,94.3738590465002,107.207246182291,70.0689928627879,59.0726729216716,86.5674960774601,75.7095599790504,96.7823903910619,98.0727633120216,76.9512694110908,97.5149501572005,104.821433142301,110.487127964877,106.70817476524,97.7541011060842,94.606501254144,90.538085206004,98.475062397178,97.3965726095434,96.6833927055973,101.441395712752,92.0353010892456,91.2483496083766,101.64723620899,90.2809241794206,114.295245034374,97.0262000739043,98.1646073276328,109.297163825736,103.800551145947,97.6209126523697,100.620495906454,103.192759017847,84.7173290017106,95.0484117479963,100.178223290911,93.7413548285239,98.4609141813426,97.3327556411505,97.1798546848753,85.6761840235191,110.519739991264,102.506686321238,93.6067583520749,107.572049969083,87.2302400576612,95.7640668836484,93.4054263262412,104.133054163976,80.7187448427277,105.676303971332,93.3417849269755,105.030740657091
96.5458967124355,96.1350553890816,0.0,93.3435526345679,94.5086497754146,92.6271191003229,94.3656013369843,80.7265856234519,92.4543380407209,101.824552212377,100.995876923694,102.153153341923,99.195179054298,89.1783832759696,88.9840016464823,95.9451180057808,91.3121348681761,98.0432360086875,89.3500112338265,97.0756742902326,85.530580878387,88.3455424828834,99.2814686539861,88.9339536632523,101.826349165562,100.64678472604,91.5343736870859,95.356046557204,93.6871759583414,95.6496929170136,98.960899389301,97.7257780412817,93.9739004759797,93.5494289773144,91.9679916779974,93.0217845509833,92.6274693330539,93.7255542013934,96.250160749571,98.6913849068317,89.7992958436205,110.712280036832,100.775821242634,96.1570683318338,91.1525898467368,98.5469811240045,101.586068465169,94.4544970111416,99.088546745034,100.680543734313,101.351166736353,92.9268091746032,93.8881287246547,89.8987248845275,87.2965920507616,89.8514262122552,91.4962179578308,93.2759949099355,105.306848790674,104.251330215764,104.207195872342,103.532828650489,95.4875508225423,88.3966379098294,89.4984821268906,91.9064614244568,96.1046178903956,87.4353110892981,94.6065661513691,92.6112907705613,86.9241208932942,93.3387077824318,97.7567127365255,80.7664849021482,88.7168121098436,99.193010079226,95.956240136847,92.2391740547751,101.968475193071,96.9611530137547,94.3579407799018,96.761877316076,98.5866571037362,98.5604832482744,95.0272319001594,97.2670816460349,100.688974599046,83.3649301918841,101.015474689153,94.4808695578255,100.062140393569,99.6455402576068,103.080024116047,102.620299097072,96.1425419469938,99.6951397696953,89.1755670229487,99.2819490488344,95.1823149307029,97.1369090724869
79.6920997122751,74.1699851125978,93.3435526345679,0.0,66.4460764061656,98.8556086706047,96.7840969891254,84.3417141535947,89.0227826528892,91.9505322860002,99.2013789749806,92.2212782054547,97.8357736571605,96.0985199785829,99.8846279202437,80.6045326557982,97.4738702695229,90.0033220253176,96.8852629724511,95.3232844418529,95.2461817716821,85.5997662200198,100.825076371744,92.1278395203004,100.261760303324,97.3483769811786,94.2731766069331,89.1413387189847,99.4920208965862,88.5456829784149,84.5934722330544,96.9989317084889,88.61132988839,85.7307479388144,86.5776025247808,91.2037952465365,94.6981331236277,91.0190167401763,92.2138957592051,92.7426539536426,97.5224057509179,99.1731715890855,88.9195227503098,96.5656403968243,89.8362160323462,93.0419228741237,98.9519146719741,94.3339509926089,90.499562936519,97.9575480673181,74.6427811225251,67.4564575173785,90.2807573352106,63.5960631495754,99.2061380720391,102.894215846771,76.2377037457998,91.564229027389,97.3394127461225,100.077526930278,99.5984768384613,99.5236131623911,88.6022563724581,93.7701951493791,93.9018758141158,97.2812764108532,94.3493327782669,93.375981642354,96.0627881274747,92.9661163545508,93.4006439370482,87.0315808911954,104.272331446516,88.3558983932516,105.518969553626,105.41545237777,96.9081787417342,89.8059641765819,91.4514203823375,100.227934283104,95.7250333749233,98.5695077113924,93.5411072472602,89.3955924841005,92.1972320853228,100.230796001162,94.6560287607807,86.5766083441054,107.017768371228,99.5009072518269,87.3593525628789,97.2314206438195,91.0872709509549,99.0189794615185,90.5725172339549,98.7919223090507,79.6254745405258,98.4175008092233,86.6218067673277,100.170372385888
90.7144657715001,66.4376521546074,94.5086497754146,66.4460764061656,0.0,101.082839433118,97.9177573095336,92.1289156536047,98.4620607504648,92.2995549080917,94.3866220448119,95.7270858133961,98.6274300387811,93.1457060928679,92.7597780742445,84.3564827831906,94.5387080384118,86.1119789876081,95.1294972169512,97.5099327656411,98.5573204908055,91.7907198997842,105.987905680574,99.7270772629266,101.443308927273,101.72337213749,87.9109608444068,82.3554287481814,95.29883429012,89.7874263541059,86.1584500517807,98.3198110449376,95.4209245043611,88.8344958325177,88.3503661679146,94.6793380752782,96.8464220710817,99.4464839690585,100.719789482751,103.241671053219,98.81643319594,98.195656392472,93.5433541100248,91.4795678522672,90.1178703417754,94.2642684236894,93.0436177640078,89.9513181393589,95.7174897707551,97.330662001124,81.5712375880092,66.7076520140095,90.7998337480372,56.2679097464972,92.6300806497407,103.82533615648,78.8047878727213,94.4164493242358,106.10063652926,104.486427754651,103.241689403004,98.6298252447094,92.3318687966156,91.9114075312931,96.2236870309048,99.9924894282103,102.933005884964,93.2872410430219,87.9209823538588,89.809536392899,98.3251866198552,80.527894871436,104.980639961328,99.7451295235836,106.015271839123,95.3141643698828,99.6662855897677,90.4639846932022,94.6770593191921,103.899690833363,90.5586213207589,91.8131873853352,97.0944570084399,83.0949295416669,89.4825098199749,85.6502339114576,98.1257637114764,86.110450229268,105.313140832504,100.440667066184,91.0280495226966,101.599977891718,96.5365742849275,97.1255212484862,94.705836284653,100.26760221189,82.3586225573707,102.767043854065,84.4851279603761,100.220063596019
96.0880577981142,98.3199338794961,92.6271191003229,98.8556086706047,101.082839433118,0.0,94.2176731417534,93.1833768957765,90.04163506837,95.1634504601805,100.91457300665,96.0270741692993,102.501630523612,89.7241856372866,93.1725706760711,95.398974236568,97.666648481307,92.3307659688088,88.0257556938555,93.7499134275319,94.7888370536022,94.6740388380568,98.4863356507068,84.3865558717573,97.9491255022544,97.5195231168094,92.0824603677388,95.776853983623,90.4241645898707,96.4041565925167,87.2655021101357,88.252024548981,91.2033448922359,86.1867947637239,96.9033368815915,85.5741042457786,92.9204620493663,90.9771225147691,90.2515230983637,93.6272211215149,83.7171452324163,101.355500007704,89.4845934022086,92.5818781399631,98.392871569989,89.2956258922131,99.2980075615815,92.6897979414979,98.8460045106267,85.9447710838833,95.8093073205686,98.461375143257,94.5973237010896,100.349602565404,80.920323596522,92.4228126727273,90.6012051032458,92.798383304739,101.252903380103,93.0036143181149,100.66476129921,106.75484799657,97.0110888958366,89.449562388334,90.376724704834,92.8586444455656,86.7510608420326,97.489996759031,92.6093619804626,86.5692565715448,96.2274299173936,99.7421692589443,89.4235018756762,98.0575857636952,94.4219161290667,93.7201464490952,93.7141130722524,90.2582966544877,89.8551467027126,93.3588868252179,97.8903449541591,81.9246290986853,90.0560149565044,91.8744359140236,92.4296669903946,93.208970901759,98.3013266443287,95.680648085369,90.1694314365982,90.6408273044673,92.0964307251913,90.0295360485134,95.4481216255209,94.0163830943191,92.5692406575714,90.1249876927238,97.9098713417239,91.2612824505015,92.2298871180003,90.6385152768908
92.3874946942209,102.731180737145,94.3656013369843,96.7840969891254,97.9177573095336,94.2176731417534,0.0,94.5999558879728,90.7881289197702,96.1034508698676,100.706016904175,96.2638578403286,95.5761025124782,95.918490143249,93.4431308863531,97.2971609996904,92.8695663429993,99.5351976437408,98.4229372275608,93.6559285975256,88.7630750471473,98.3601815395254,99.1579341707694,88.9490317061292,99.3995981534786,87.5910745536966,97.3675348754114,96.1684237729708,87.2898591936953,94.0591359761672,92.9329471369951,97.1499191105502,91.1980904215937,96.3050493357793,98.8886529332308,88.1842245730761,93.2031685739189,85.3071857988611,88.8863323483502,93.9959807233182,91.3311122766208,108.465847049923,90.2620479503583,98.1093087958978,97.278416295956,87.6033165802301,100.81115656328,98.4151798581729,95.604990252566,89.2763738105282,105.064551378587,106.350255653847,95.645719446501,100.205053114756,97.8393188883233,92.3172978377963,100.944439825802,103.185274922375,102.683756910886,99.5364370726185,95.7915323874658,100.437278970938,95.2410373607168,93.402465891683,93.7754312709749,93.7216803212865,95.7566025356134,96.0337753779201,94.383043223364,97.534898137818,95.3246431640651,89.4286318706746,104.739183206862,87.5970551283535,94.6197976708408,90.2832273800812,90.4337822972977,87.623875811839,93.5194087378169,86.5771971451764,93.6716430498697,90.4991487777726,96.2715990087468,92.30318733003,94.8768831296377,94.0530253159985,95.1654631823895,87.457190573728,92.4402933391005,85.4374412503093,93.5893693191893,95.859115809923,90.0101350252677,95.2474638057892,94.53591848596,102.992630883638,97.5052294336923,97.7903432043441,95.103201252526,89.6483725149314
89.0807041788604,87.0190844106944,80.7265856234519,84.3417141535947,92.1289156536047,93.1833768957765,94.5999558879728,0.0,82.2620433236463,103.490926016629,106.189019367809,103.712651706725,95.4606949617134,94.109955687441,92.4067496249267,92.456765964486,95.3574588847311,85.1638683286311,99.1980192766993,95.2851405038937,93.8800772419463,92.290424626793,92.5127463233507,87.5146579510008,107.562155091379,95.1284781925256,94.1705148751766,88.9292679655211,96.1706665332009,93.725048332751,98.2081597079347,98.5641731201624,94.9688600134358,93.3083339868685,96.0366415600884,88.3881587852539,97.5024746872613,101.078111249539,88.8384524625618,98.2007888850609,92.5293875457558,103.196315401178,97.6746103566307,97.3496227529504,88.5430692260418,92.4171955408813,98.7577170077403,100.953127095324,94.6136834509941,103.683380810153,94.3692740887529,90.067999084597,87.9204143141116,87.0276909429887,94.2307555694591,88.5650733231578,72.6116425191695,87.7530731520435,104.046840640299,106.595419850663,102.464670117901,93.5014181559239,92.1766536508945,91.4710692036247,94.1184286815167,97.0037327351703,89.052001890614,96.7030825687682,97.1772857803179,84.4975185228677,96.4259328825743,93.4606748330689,104.635809070516,91.8749609084176,91.9765761490953,106.735760876655,96.6490670953801,90.3675706086165,97.7384575151798,99.2460503896063,94.2219950224285,90.866812674633,96.4891617121965,92.9112450087115,89.4233979952422,100.788403776702,96.0391400932699,91.6038795418166,104.900754867454,94.5304235273373,96.7854511551233,98.446855969464,94.2556548318298,96.3853562257128,94.2326896313606,111.289617343967,95.1746735703828,103.255758869871,89.4596101354291,100.797131406536
100.175403027804,101.639816448915,92.4543380407209,89.0227826528892,98.4620607504648,90.04163506837,90.7881289197702,82.2620433236463,0.0,96.1372328546385,100.676955545739,100.273866070079,111.601510371293,96.5914255551312,95.551682989121,100.383895995424,98.7062293931696,104.30625846988,98.4852698382699,98.2374335091671,99.230635528318,91.4090753987008,107.754777089703,89.0133206203072,110.417751745729,99.819589611436,105.238066538034,93.4873725482302,101.989211391873,89.2065751557563,100.682028185184,109.475519515537,102.448418346842,99.5233179766669,97.1277783524242,92.7447945139859,93.0920166009095,98.5876232704647,96.8551117423404,91.4192332586511,96.5608647362895,105.124791677921,108.31925647599,105.201132266201,91.1938080869703,93.7757959382132,99.1989771462078,97.2492438713715,93.7742224652128,101.937035732966,102.688880472651,98.5869599099841,93.6678950967171,95.7032012082124,103.000566485357,78.0459510476558,97.2116038303213,78.2014584827892,99.3890886595393,103.713965954607,100.650722696338,106.09508447821,93.332414393904,91.898508233782,97.2303538537011,96.6143233925342,99.6155295211179,95.0822388268643,87.6032704332837,97.2056133549466,94.7910351422784,106.427100586773,104.428839665044,92.8043741885091,96.5996262440791,107.260252116388,97.6423380734639,92.8160557698973,102.103156477515,101.777853188087,95.5135110124223,96.9131775118981,105.632236889974,100.061706602529,92.3006541641473,94.6040962015415,89.6457584291926,95.2681365663693,103.440711650155,95.0081018803525,95.5979889193609,99.1370021452579,90.472515965279,105.079679060673,103.329014394548,110.23577634895,96.0381561216594,105.960319526168,91.3142805301023,97.5875484196936
95.3335504945055,104.524292716633,101.824552212377,91.9505322860002,92.2995549080917,95.1634504601805,96.1034508698676,103.490926016629,96.1372328546385,0.0,79.5050084856639,76.4221613133224,114.740211094283,100.813335382866,96.9049518867349,89.8110687611267,105.453205177972,94.6320707732429,101.266664624536,95.7418185790918,97.9966462735322,102.223605299759,93.0685749082381,90.9788978378341,78.6166313898647,89.7889858899169,99.4626982639423,99.0563832170835,96.3531589691233,98.4632647961103,94.212043091265,88.6679888200365,93.6898706732117,89.1926744395414,99.1289492226504,95.4633004733784,96.8850510463644,91.9425801586852,95.2899758583153,89.1224153663163,94.6021196767526,94.8379908596624,94.7128076996067,99.7492875685378,99.9534017340013,94.2302480027076,102.604668109927,94.3614536770604,107.441062566357,99.665303686926,95.0540250986427,100.970883636504,103.860626897444,92.9266653745891,105.858489483145,90.2625868792063,102.212880501283,100.801080293746,75.3762131356555,81.2188730562522,103.210047494877,114.79743141295,109.835464879986,102.061900362672,96.2640833953595,98.8433101982343,87.3192616026679,97.7957567675358,90.7070185525011,97.4244104050593,98.354737750628,104.411232817232,92.6743912681835,100.311495284228,100.728981006439,79.6150703314945,97.183940349893,95.845980825165,96.9268529747406,98.4708554035229,101.078301302387,96.8288685706695,104.407184684892,97.8263409864112,98.0052116370761,100.022997305473,99.2878772857083,94.1335237575472,95.1963680079136,95.6424704664649,95.6002739197324,98.4256739323715,97.6323229763167,91.5629819985341,94.9842667760961,91.100700192871,92.7081241463245,93.1513017930178,103.656253234983,100.209642933755
96.2585255259116,106.645997636166,100.995876923694,99.2013789749806,94.3866220448119,100.91457300665,100.706016904175,106.189019367809,100.676955545739,79.5050084856639,0.0,80.8518063506642,108.321760382326,104.674118999534,97.9207677318136,96.5317729180708,95.7108605903007,83.8259027507233,98.6016556846604,91.5097170315654,97.0829689827945,102.151090268232,94.2645376309458,98.2438156983609,76.2784975898941,92.3102598844258,101.316109826732,92.0147685763334,91.5853372758741,98.9416793274502,95.1808950198679,92.6294727726201,93.1339461915686,92.0591071529614,103.591144454216,98.5479553817029,102.050775774209,96.1722518269433,96.8494890399639,88.8909991284497,96.5360319272423,92.0506434665933,93.0891414818609,97.4210785643538,88.7722183880515,90.0650383717468,91.6622052403869,96.7472257352215,95.4795326290532,96.8554234270593,103.080913907812,99.3069980081422,106.035711278467,96.3536560205642,96.5864580429875,105.235617973883,110.599840660152,102.251184564745,80.9951743053912,96.1640694400088,93.532405473395,110.291022733817,103.379098021057,100.212336614725,96.9451552655639,99.4219150935107,99.2322374726587,101.08369520505,99.3321858301142,94.1084328365257,91.7136982346596,101.109356986867,98.0253917161145,100.131050607823,107.913863101573,86.7448859584066,95.9725316561704,90.6856739504537,92.1898057540271,93.7932562683883,87.8779769104733,95.1292016954015,96.861035584168,93.1100938490946,96.8885107581777,91.1683918869376,95.9123983422618,89.966070523038,95.8711322051227,95.8833368750401,91.9196107593113,90.0273495567067,94.9064035920625,95.1977058079635,94.9632941561899,89.117119447976,97.4990264821491,94.170800598876,97.155459247106,93.5202365697237
101.715987530862,100.407207442154,102.153153341923,92.2212782054547,95.7270858133961,96.0270741692993,96.2638578403286,103.712651706725,100.273866070079,76.4221613133224,80.8518063506642,0.0,114.136901575018,103.839722409393,96.440438851941,97.6860127053031,100.177994649015,91.0560984465961,97.0708690253848,97.0512213750529,97.1909400917729,100.894112540184,90.2897328077958,94.2963191905673,90.6543809455041,96.6459998107261,98.1834888363331,99.7155729581636,96.8077206889374,97.9872732618174,95.9312404890804,96.1098907223677,92.9408429244725,99.2923964638657,100.787299659987,89.8151285666255,95.0634164739264,92.3638520953955,98.5071624475265,94.8445575209003,95.7514340743042,98.9946621149117,100.858966167736,106.155743146973,95.8098688186925,92.1435190550713,91.8259950072158,94.6242466389933,103.241560606818,93.8755211407879,97.7131332558602,97.690791080378,106.899619501083,97.3702610342145,96.4536026218753,108.455389498317,104.421179641243,103.418085750812,79.8982979322889,90.6312998805292,97.9989815291942,111.053403443385,106.724864097979,97.1625158415422,99.7999473171053,94.1963193130731,93.2600823625519,98.9331855170265,95.3882058641393,97.1404474167876,92.9297645334806,105.646453605108,94.1513379059184,100.480176844712,103.298309220376,90.0523987759234,100.878497947723,90.4369334509475,95.696264733187,96.5971101937503,94.5822572081023,98.0002138179304,98.4015236187157,99.0888438845792,92.1774051598188,96.4584615772406,104.522012232274,91.7646795408772,96.0372173813833,91.907475629238,95.8168618243179,95.0674518067006,94.3734480578178,100.091456591943,102.273346493883,100.311135424952,97.0432193713674,90.4301892308108,101.735506045525,95.2238410837039
107.749646771725,92.3549991334661,99.195179054298,97.8357736571605,98.6274300387811,102.501630523612,95.5761025124782,95.4606949617134,111.601510371293,114.740211094283,108.321760382326,114.136901575018,0.0,85.7984260514641,89.1982346067606,94.8760659587461,84.2526238606564,101.643613059502,95.1649859399197,91.7020133396348,100.866250600843,89.314560100836,104.750098958157,102.563984325896,114.133526189216,104.446169140964,101.472055308718,94.7458930474397,93.6778471182558,90.0683823479042,98.3510265842907,107.623713061131,95.8110210180992,103.116118429811,96.5918651760994,94.273563903596,101.567139162914,95.0279865804813,93.5148186688444,102.513610973879,94.2166146457511,109.585793932707,94.2524070454977,103.964374511507,99.5181034930261,101.300729490226,94.072921975295,103.069356251592,97.3519770225786,102.381798841053,105.938541528557,96.2288464325553,91.1589762419073,96.2605993873546,102.819737667684,102.95474734122,97.0885151033134,103.966492767923,112.525745634243,117.302722918459,77.0400617243847,52.2681819281235,75.0547509157929,90.3951147420267,100.529894557562,97.000433749994,104.776215059738,92.3495749091906,101.502324583631,93.4180223207118,102.767051753478,95.2174467339634,114.854632642254,93.6516911484038,100.790574452613,111.650782852613,99.8504396805106,98.3290517742095,100.98419928411,101.09234429503,94.9799485399507,98.6538486983885,100.158036175914,96.7698598167836,94.5524068677945,96.8638119182815,104.175321266739,94.8297976479021,105.540423801773,106.562584570439,106.125845409621,108.318826018928,96.6667563290886,100.486118181549,100.645863901435,104.816970162057,92.6432791468929,109.036452988189,93.9239033441162,101.188662858991
99.2504272677565,98.0054416262075,89.1783832759696,96.0985199785829,93.1457060928679,89.7241856372866,95.918490143249,94.109955687441,96.5914255551312,100.813335382866,104.674118999534,103.839722409393,85.7984260514641,0.0,69.2687479922744,98.660108720636,89.9687188474831,90.7426392637707,74.6438715782108,89.7697277064734,98.5277898475466,85.2994547204239,100.574227690312,94.953897042652,108.473730195729,106.595278260392,97.1438062533175,82.4189283738079,94.7876562500138,85.9402940799965,96.0840738704309,95.7423275549961,96.3694500720125,94.9635853219335,100.48202745244,89.6203184271747,100.766618284374,89.5287148728544,96.7522978798509,98.1612431252046,88.5667827897707,106.57975158224,97.0515995690121,103.096585795552,97.0329643809779,97.4141728035187,94.6048444499677,99.1661270349299,90.3909610561247,102.074186140487,106.643927108272,96.4931222809692,85.5694351152962,90.334055840764,96.6589076394162,93.5247455963001,97.4923792404401,93.7528888194019,109.665883489113,105.178052093089,82.6214220840946,93.3644951106948,66.2109263453027,55.2470125095716,82.515820336816,72.6182050055688,98.6579712561844,90.5964228695137,91.1757022654149,90.8356475331286,93.0661518287854,97.4228860057774,108.758184571125,91.5398723660467,99.5425830380404,105.615451230655,97.9958320511598,88.3523704970591,96.4879328574522,83.661385293466,91.7222829960146,91.6731216543988,99.3570065439227,98.8751030168731,88.7901327181198,90.0025328452613,97.1555980093243,94.3157984329257,97.1019222767166,98.8932122832013,96.8545024091558,97.2405602107335,95.341237817223,92.0454033234898,99.1324001530163,105.760366292741,89.8969232034923,101.670508374253,94.1000336213065,91.7914268555778
101.887629659355,99.7332849781265,88.9840016464823,99.8846279202437,92.7597780742445,93.1725706760711,93.4431308863531,92.4067496249267,95.551682989121,96.9049518867349,97.9207677318136,96.440438851941,89.1982346067606,69.2687479922744,0.0,98.2047471728245,88.0188302779188,94.487436393934,84.1873354403414,90.2769787073513,84.2305719376095,93.120993613125,102.503549792194,89.7663466873164,100.616504477191,100.117875556091,97.124475072589,88.8700853162623,88.6127045899414,87.096384881564,96.1934462496922,96.3316193936484,95.4573107653177,82.8959901512465,97.1895757277957,88.0485337392041,96.5062302773588,97.8736013355017,95.6070214140081,89.7418028705057,89.5045471613854,106.066823854164,93.5441606171467,107.074592371643,98.8514870535223,92.9075816823648,96.0959483096675,94.2549233949778,96.2321719777343,96.5202177231973,101.705934230261,101.157687858146,91.8482383182536,95.3739299513357,85.5140779304846,89.4404373918685,96.1062584143058,89.968314359806,103.193374007677,99.804497402347,92.6073789755797,96.6362486155446,77.7754418190044,66.6619923532745,67.2625164701454,61.3558677151803,92.8874896710406,85.1598021979194,83.7608406382589,92.9726453900171,82.1304058794734,98.422272086285,100.834983894646,90.0047734799917,102.924304640795,96.9547123914263,90.4953406978929,91.6059453420294,101.560521358358,99.5664025193153,98.6037071423372,93.7317715654982,95.5164606974194,100.461309714419,91.8896020839177,96.222429587111,96.2689966693756,95.6678857715318,94.9158523056803,92.4492021542772,101.177046025435,102.588689538193,97.0145093414325,99.5571159046688,97.0776581510774,107.619966063669,92.2270457514444,102.273727937932,98.5833371329719,95.5159956201903
77.9754845570512,78.5230663403955,95.9451180057808,80.6045326557982,84.3564827831906,95.398974236568,97.2971609996904,92.456765964486,100.383895995424,89.8110687611267,96.5317729180708,97.6860127053031,94.8760659587461,98.660108720636,98.2047471728245,0.0,100.450582026921,88.0309069078417,91.6997853569922,94.5374022127283,92.2889302990827,90.1599225992631,96.4560978602022,90.3873734546763,98.0229535537332,100.507504086608,91.4901802235125,95.4129262616422,97.4443702380588,92.7395435896216,86.0218943272413,94.7563710782549,86.6597208952201,89.7210108100519,81.0655349229932,91.3167531815214,98.8500016263581,84.527031293234,88.5132625404304,92.4652692109782,90.0417244984408,95.1041817131719,89.7815802423078,94.8031333216376,93.7746319816513,91.7014109806626,95.7689747275014,93.582876318131,86.3042771743193,101.819719029577,78.9543729317706,80.5580106675478,89.776269742136,84.0436741125279,96.7281941283144,99.8365346774065,92.5071465561576,100.620919805339,98.4681848540107,102.515522138042,95.4931163932746,102.063352163505,100.46182825535,94.0285557768861,91.566594652685,98.4956464263499,93.9467668222884,101.372793772051,90.3119689985679,87.1151897156303,100.357348987204,97.461370336942,103.794768868393,99.4339829772039,100.154453693414,98.5432349768328,99.8651821211192,94.5238738462498,95.0461323316748,94.7668874577937,91.8028540902839,92.2911603619971,99.0149431233242,95.1467751062339,100.965025782802,99.1329945947495,99.4044544150711,85.9605724954713,99.5072832490542,97.8324946253286,94.9909907382527,95.0979293249509,94.154766411979,93.7834671948963,90.7915536720768,94.5874853440941,86.9151309880315,102.211575178611,76.8043786681204,102.045958984247
102.410656147477,100.095543387493,91.3121348681761,97.4738702695229,94.5387080384118,97.666648481307,92.8695663429993,95.3574588847311,98.7062293931696,105.453205177972,95.7108605903007,100.177994649015,84.2526238606564,89.9687188474831,88.0188302779188,100.450582026921,0.0,97.5604323913157,82.8180868451347,96.9950754281233,95.1607473572395,101.283394740045,96.6295844682393,93.1515854617623,105.280040944425,102.206718844879,87.691024163783,90.8907486754119,96.6547510710227,89.6640736128011,97.8656350317949,102.73458225795,97.3529187327428,94.2694581985786,100.992028054045,88.222824547823,92.8893893742258,101.436508713263,97.1030270218988,90.361177238388,94.9388920088645,104.031426064158,105.199805598883,101.609769029381,98.046184977183,97.1494431672308,94.5087445845665,106.308213199787,103.092105632352,96.4471061049311,92.2872029068376,93.5140900695873,98.707776165951,97.1723341104425,94.7118707516201,100.984640368337,93.7732447651031,102.604960349639,102.216111368628,99.2279737564721,93.2100863491472,90.7334749984205,91.5138343744002,87.1945948144653,84.6126144578427,85.8543539815419,93.6619641808894,76.9055306478492,91.9285389980696,86.6763409472587,94.2434456615014,100.72479427808,99.5802066559006,97.1965428917784,101.59422177334,101.085281831822,96.9560850670599,91.3863777702498,101.711606440619,101.666896816209,97.5480196371305,93.4379509307969,95.4443447738995,96.6448031199271,92.7911218393601,93.6456399695896,100.954086771274,90.7860600461555,103.078050154022,97.9207133380205,97.454982782609,100.522863275477,92.0082188564074,102.824517805133,96.1230705306392,101.059145759401,96.4436726554295,92.9262531125485,101.453928445631,92.6443399106442
88.2793362830082,100.283779646764,98.0432360086875,90.0033220253176,86.1119789876081,92.3307659688088,99.5351976437408,85.1638683286311,104.30625846988,94.6320707732429,83.8259027507233,91.0560984465961,101.643613059502,90.7426392637707,94.487436393934,88.0309069078417,97.5604323913157,0.0,87.4988302686801,75.0322242331135,92.562942701227,99.7465946075864,89.8476805486764,87.3460034633551,91.3956147301705,95.2571937940588,91.7187936563604,90.4343248221563,90.3960106843915,99.5895668018031,88.3170398306038,97.2575659913534,96.9099081695933,80.8674262021183,99.4499619629467,81.4805527484697,104.069193343298,97.3202284908322,93.8697499261595,95.633001772793,93.9602027613406,97.4255288336023,95.519478982892,91.1454216766786,87.547020773612,91.988701302343,89.2069765805073,88.1695855537308,90.2998202175988,94.7048958536253,95.5534764905921,100.761663609513,103.284838010248,90.7234547726903,96.8468500982655,92.9535440664407,84.4086992759022,90.5030274747602,98.9807665302431,100.008683290576,98.5075150397288,102.577121316693,100.606439092513,96.3970833845202,92.3506594514667,87.8248163001562,79.2087691149361,99.0287734714493,94.9399839158212,61.6113307790592,95.1682688334085,98.2820944222731,94.3762884330567,101.666594253194,98.5741653687558,100.815234325055,89.3247729943001,97.8204316159418,98.3843506781004,98.4026504755347,100.443295965555,83.5642654591266,102.841580303521,100.677241160521,89.8873900167809,88.3214005176225,100.914936761322,91.2673791779482,90.8612750707138,98.9542480422065,95.0587747231851,100.439037009551,100.535290485819,94.4995846435562,97.2493851347557,95.9608685553565,94.6364969549328,83.1185909369938,80.7254201867055,90.3855380826697
97.5114863917706,96.9452848224921,89.3500112338265,96.8852629724511,95.1294972169512,88.0257556938555,98.4229372275608,99.1980192766993,98.4852698382699,101.266664624536,98.6016556846604,97.0708690253848,95.1649859399197,74.6438715782108,84.1873354403414,91.6997853569922,82.8180868451347,87.4988302686801,0.0,85.8477234960964,72.0608521086461,85.8872864972289,93.1239524512331,96.0799341046053,100.159297720563,99.3641031096984,86.1655254940993,97.689990960829,92.4292320391598,90.72243125276,90.1835892248242,88.3962847591315,87.769014978686,83.2509015238046,94.7085171216374,88.3378276178639,99.6858780336185,93.1986679888618,88.630634725428,88.8817716990301,86.8587340419043,103.048950685831,89.2848943829332,97.2285095838544,93.0665416773434,94.9578654015014,89.0709250176787,96.0042222516111,93.2735213133678,92.6796475724854,90.7766349957801,100.547387342136,91.9189954388731,94.6291733346627,92.1127015374712,101.283616887065,102.057803635381,99.677822669035,101.782113130303,97.8811574372752,95.8066416666726,98.9738863810162,93.1277623055125,84.5289230224014,87.2603723820876,83.4301651083383,88.0894739513991,89.2716203140449,89.4461016933857,91.0299624932467,83.7993025042583,97.3280350457294,93.7201290464902,95.511283285067,90.4660363781958,99.9028060333669,93.6050818994864,78.2678987138139,93.4807552707128,92.0530077595034,89.8963723234048,84.6543996991832,93.1062506491268,98.1800828311067,95.274328636729,89.0316241210909,96.5994069494254,89.1255909839347,88.9256877059749,93.9676311730473,91.4912990041666,90.757562223498,88.8449160789163,90.374604017734,99.9016746427444,98.6334865547399,95.8270029293215,98.4938667532056,89.1706520064536,86.6410718964837
94.108875349265,104.174913931653,97.0756742902326,95.3232844418529,97.5099327656411,93.7499134275319,93.6559285975256,95.2851405038937,98.2374335091671,95.7418185790918,91.5097170315654,97.0512213750529,91.7020133396348,89.7697277064734,90.2769787073513,94.5374022127283,96.9950754281233,75.0322242331135,85.8477234960964,0.0,86.4749283666523,99.5928042886714,87.8059266165822,88.5968770939096,96.256450992326,97.7837054334097,99.642549210883,89.0855790362571,72.8135126046043,91.0640332624251,90.8262364726423,86.8558806031146,85.1359848746609,86.4780908855627,99.6881032235128,75.9631277466173,99.0009003496584,80.6719466006189,82.3229250764875,91.0366444751101,83.2003872901213,96.8650611021807,88.4184145393397,93.0623860413756,86.8726789324991,98.0541461651351,93.5855290836668,88.5979187997984,86.9042988975582,84.9969098664117,103.324257745781,101.543511733205,98.9569949688126,100.209241608983,102.658590987039,87.2825007678628,103.235420976231,104.337386783928,97.8406507278877,100.160488565565,93.0070068702819,100.377733180027,90.6646369538336,89.7558547561612,96.0708015622418,93.294095139688,83.2731653674819,101.995112176456,91.3426047599073,82.1928028076143,82.8733960586624,97.4613430470898,92.3660597286774,91.637452461727,98.7875887102898,98.0662035757396,85.016182056204,93.6652753668903,95.0949311015993,92.0612863857385,97.4225794791949,84.4026970795102,90.1645547174372,93.0034249983218,97.1471081501453,92.3517840981713,95.3438998771196,88.7284570085555,84.1101477877347,92.7231575026148,98.9286720368888,88.3280806330043,95.3322126973504,94.0762202003965,91.1726494403873,95.1404534979565,94.9670114361253,81.0180692757655,80.7080344833157,83.1772386024654
95.9894684326793,97.6741892466647,85.530580878387,95.2461817716821,98.5573204908055,94.7888370536022,88.7630750471473,93.8800772419463,99.230635528318,97.9966462735322,97.0829689827945,97.1909400917729,100.866250600843,98.5277898475466,84.2305719376095,92.2889302990827,95.1607473572395,92.562942701227,72.0608521086461,86.4749283666523,0.0,97.2630119303871,96.0918787078862,86.0296683942608,95.9176081771008,92.8010212175682,92.1945944556211,88.0807780108078,83.6581149849416,84.2032336178913,88.2007223302385,90.1167444736041,93.4599355794244,90.7077736637359,92.4663605436799,84.4062136185238,85.2545964657875,90.3356847338465,91.2101494793053,85.7881905253421,92.4703183398295,100.870594482209,95.8840679229992,99.1738213657565,94.4442255402463,91.4264897489353,99.0685163826862,95.6442983680459,104.531789101176,88.7585535773252,101.836041554189,98.7786246282846,92.8123538126645,97.5060427222072,94.1113374855007,96.5252818186812,101.216970357143,95.9141507304789,102.443934493074,95.7285962590177,100.699305564346,100.722295825684,92.7787964705992,93.7942892637242,82.9292400653739,86.373507889313,83.6874574454943,92.5642109650601,92.867248780289,88.8124868146585,69.8997559559524,99.3435121160601,94.3349729497482,82.6182748707735,103.525864377101,95.5932161055386,82.3814788071237,89.9567858558738,100.881499737272,95.0834475382686,95.1217215759571,87.0443574370573,86.7584898298846,96.6446789122895,95.4478988144493,97.0607586772298,98.0104654627528,96.4824519214321,91.9266034004614,88.3508687708083,96.4528839500329,91.5799841695749,89.9924248325742,98.3794024348691,101.049876424485,98.7288359469338,91.8703472510027,94.6761772791628,93.6130715223483,88.7936959072362
102.358015191668,83.4416226617982,88.3455424828834,85.5997662200198,91.7907198997842,94.6740388380568,98.3601815395254,92.290424626793,91.4090753987008,102.223605299759,102.151090268232,100.894112540184,89.314560100836,85.2994547204239,93.120993613125,90.1599225992631,101.283394740045,99.7465946075864,85.8872864972289,99.5928042886714,97.2630119303871,0.0,98.7238102992747,94.7077164685916,100.699639773693,98.8610301764259,90.087338249925,89.1367733783035,98.785593272024,101.987286407281,103.742903335645,99.7561435077119,94.2758039431384,86.201297786451,96.7904416028283,98.1510246736185,94.510886917764,92.406440361527,97.8038662351526,100.13678220464,95.2850625622234,107.350856885836,96.3944802665036,107.398642415412,92.1707189407409,93.4770966315645,97.6755848619696,90.7676639578626,99.4976691217924,106.219353411165,92.6738672331418,94.0662599833122,86.136694796889,87.8571268948736,99.390620502053,99.8902484693312,88.7549923192918,94.5093499548736,103.025842809301,100.091936305945,95.5391213912924,96.4762850357551,88.5126983255899,92.5965835601425,95.7720205975137,100.895441976396,93.8605867900095,96.7344416709898,89.2296579815982,97.4099470695439,100.482117515401,100.695330363183,102.705798542339,93.1952829282146,95.6573189735345,98.8703743369037,102.630219423415,98.8253229355347,100.466824143951,97.7811041421526,95.4649348029744,94.4127233355098,103.551454423615,95.6776205710686,102.2324348912,101.226280920249,98.8235498308075,92.4113544590268,99.9087326911819,97.2588607681485,88.2820573771376,93.4348820735279,99.2991532625554,98.0512462055521,103.025596884729,105.688552133392,93.4652988452399,106.618445929721,94.8525008607507,107.948820810399
92.0730841553207,96.6007610877896,99.2814686539861,100.825076371744,105.987905680574,98.4863356507068,99.1579341707694,92.5127463233507,107.754777089703,93.0685749082381,94.2645376309458,90.2897328077958,104.750098958157,100.574227690312,102.503549792194,96.4560978602022,96.6295844682393,89.8476805486764,93.1239524512331,87.8059266165822,96.0918787078862,98.7238102992747,0.0,86.2051079753578,91.0295937361168,92.9963978573314,93.4603449947566,98.5444545082969,88.7282748062662,90.7930249609373,93.8265776685789,87.6235012422949,88.3343683775469,102.653344261148,98.5015308155695,95.7793741653246,98.1937776744134,96.1990152268359,92.1084487811058,97.4466539220402,90.0748596058664,95.2357166442251,89.3440647911141,88.440686049889,95.6836754689555,90.0417743842076,94.7109821910112,93.3296780988015,102.149570542967,84.7827189703833,96.3730921011201,96.3081280057838,101.743021001537,105.288874788945,91.7995443195088,96.4184119617892,96.6246405611934,103.395641887031,91.3959595153868,87.292996247529,102.880609854907,101.794889493831,103.912684010251,97.0719661585971,103.369140372414,100.523425083551,91.1194532741712,102.657122965633,95.3387372221283,93.6712642019669,88.7540329069632,103.697156007359,80.6994344209795,95.7029190905612,95.8549303609554,89.5126156667519,94.2715338340805,100.349246084923,92.9227907656123,99.144994503017,103.257053254747,95.5322804130278,96.3227346674836,97.1609895490643,100.47615388555,101.310649564257,104.490263961394,86.7718042234939,84.3297413425225,92.1387412213546,97.3877640679811,102.274804457586,104.125915303797,95.7786300402294,85.7396618891769,100.153604075118,92.0259162956257,90.9054020510423,99.0595760090394,98.3545715584723
