0,1,2,3,4,5,6,7,8,9,10,11,12,13,14,15,16,17,18,19,20,21,22,23,24,25,26,27,28,29,30,31,32,33,34,35,36,37,38,39,40,41,42,43,44,45,46,47,48,49,50,51,52,53,54,55,56,57,58,59,60,61,62,63,64,65,66,67,68,69,70,71,72,73,74,75,76,77,78,79,80,81,82,83,84,85,86,87,88,89,90,91,92,93,94,95,96,97,98,99
0.0,81.2346444629659,82.8132084809119,90.4140742122812,85.5777566413336,81.7089115825156,82.4568007088347,83.8716454071822,79.837984497832,87.568811254391,88.9296102112763,81.7532093717435,80.5083924282629,85.4360234530452,75.1405353879062,85.7461627586206,87.2126444186452,83.6664014657689,80.9392469771105,86.0936135898227,80.6087923121571,86.9152328950705,80.4106016290159,86.8538684437683,82.0434311048826,85.9011352254548,85.6373036886798,89.026180894813,83.0201057236964,84.837905274572,87.3000157743965,80.3014202547527,86.2217028678788,84.7748445134287,82.0325221861657,81.0332021607681,81.8622624817298,75.8740767550855,88.8232949124469,81.6515550183901,87.2698883220649,86.5877209995217,81.7551314144891,84.4488160946847,85.1427298290182,85.1943994047997,84.9414360263554,81.5755040870445,85.7442524794243,83.9741652204925,82.6897877891633,79.2645781712857,85.2933232757814,82.9641968303607,84.9580987113151,83.2824361888975,86.0624177511985,83.4548580146311,82.6843307605087,79.4488771078519,81.2663447712927,76.3132918007293,77.2769817755122,87.492041598353,83.9459262375447,78.5106406613614,84.1196481400929,81.4699454276395,81.541696449425,84.5089642475905,80.2782097951512,89.50432181612,84.0715371213703,81.291160487112,87.835158580471,84.6017036665911,81.6020905894872,88.7810145309912,86.4736607016854,84.0124061700729,88.4992312169477,85.8932442266271,82.7674633567588,88.9452547532084,90.2421443702425,87.0131031724452,86.7517681344721,89.1593418692716,81.5095271465156,84.0150657089452,87.8631653144657,80.1782356151679,84.8225222095824,83.0230020634229,92.7357673687428,86.1065500141421,86.5648721997884,88.3477208349842,85.0511777045982,85.6450565033288
81.2346444629659,0.0,85.8824095131842,70.6925159299933,73.340634541201,73.1011203396063,81.8650804179456,75.8604557263626,75.7630598357976,84.6310426648197,81.1640020203699,83.8601453271496,84.479874690351,85.2484969491181,80.5692935256131,73.5976918162273,82.3092609771333,79.7394229129986,80.147318916574,84.6997130857964,84.9234287017127,81.9369227507874,81.1660779547551,80.5435724914227,90.4522380515585,88.5343115799506,86.4794347625784,83.227564368463,77.1240718679636,82.5656365565283,85.8602489287993,87.2899154871706,77.6083538319595,80.0850487460661,77.1421821116148,80.0715850049879,78.3167732219284,88.7090635414706,78.9826402157285,78.961172977415,77.5313173261487,89.7833087967264,86.1179624029378,82.214224988078,79.8290256866677,83.3156177544905,77.3397088239699,81.6283618483186,87.7263754232271,75.8451807060155,81.1234441568123,63.0203669609009,72.2908044058693,73.733745877165,78.8778573234798,80.9015052464916,74.2724515776334,77.2688277915881,81.069898391157,78.5953632012243,82.9060201366912,88.9723599748169,80.0043403513187,81.9748654894149,84.3254250496587,76.5642929868077,76.4317635861193,85.9361211583132,90.461696352667,81.9465043130996,85.4493110084821,80.5855225771352,82.6677230466731,80.2380150863327,84.6686989943137,88.2307646209232,84.1729294345263,81.1844153560491,91.0002113684111,85.1915863769847,80.688912607485,77.1263098889636,83.4280514887943,84.993954287917,78.87401770847,74.7475968322617,82.1839237031522,83.9431902768946,84.2176693886486,83.6846486220488,80.9694672433764,85.2040839064365,82.5254312304157,87.7289734246139,85.0374908992142,80.8201442842829,80.721975827386,79.6706956715258,85.1057523457988,81.0749793983745
82.8132084809119,85.8824095131842,0.0,85.0776846394219,82.3306326565094,81.7982151844909,82.6905240459391,83.9729356165481,84.1339027185822,80.4351891095792,81.2613034497672,81.3743216733626,84.0493919689976,82.2464393055181,80.0104225150516,82.47991704094,82.8198523086226,78.8258988473846,87.1413399779445,87.6113054182308,83.3749822108968,80.5119305346953,81.2308233557651,87.649405169701,85.9569080471508,81.4546832099211,84.3049915766081,81.9405568385826,83.6012803568874,80.5618002062793,83.9009690271636,82.4943958436598,85.4587620926555,83.631102080245,82.5899880855999,74.8927291551936,77.2694892074966,82.8512770325382,78.3030994341245,80.11546435616,81.1346359729326,87.0318455376286,86.9718897212634,81.0459523189369,84.8885748707302,80.5680131834982,79.7548403472948,82.3636066137604,87.6687983895667,77.1616967889396,80.9726096734005,82.1332302133241,88.5054808712299,83.3610330007147,88.123039331168,80.3774756704982,79.8295655615586,83.8941267372591,85.6185641282733,77.8724349443285,81.8216729117109,85.3804780474322,80.7975731389255,83.8016772361414,87.9140121700372,82.2913303831308,80.2349057358554,81.5635249687141,83.0978966720795,78.0953562097012,81.4253286331266,85.0011903883998,77.967748750487,76.0111861634826,84.4030720149793,79.193553666157,74.4051285155304,83.0818816423038,80.6305613935105,77.7646685381148,79.5616295547358,79.337581655907,84.2695464258528,79.522569649867,79.36356417517,80.7155318896117,77.915219067649,82.2360207396861,72.780620995109,82.0755045033708,82.0807615761176,80.8653578687265,76.6362859487547,83.7795296250944,85.0524355364273,78.4472083943437,77.0142921398709,81.4841570292499,85.9393957254095,81.5302339751069
90.4140742122812,70.6925159299933,85.0776846394219,0.0,57.6312510443901,85.7729215954293,80.8421563561151,74.5562421044663,70.0049439182613,82.1808232956503,87.1991608397405,81.2927761409821,82.170612622447,82.9597974801216,82.6809837087995,78.8169733034146,86.7534724559238,75.1255601706033,80.673079192852,82.5058295050028,83.4671880104339,84.5127924488764,80.9619972142637,81.2768413328639,84.5445892715271,83.1338290389368,85.6569388206653,84.5020923570431,77.8022368806718,83.3196158665285,87.2893032549575,87.0046088358352,80.2172212454661,78.92089497347,75.7412233802879,81.800952647511,82.8069089923917,81.2374415633516,84.7398817264328,80.6966978750517,85.6710006130856,82.0333335097336,89.2649355501362,86.8986324754817,84.8058315657827,86.8986342642499,77.0260728635291,84.7117700000563,81.5120313096385,83.6888606501041,82.1887738369784,79.0829845648191,68.265088276211,71.5957175495526,81.7250968184719,81.0180420217773,68.6158728716373,78.0545323204215,84.3465497790042,79.3580267434781,80.240852168719,83.0092107103238,86.6800015714131,83.0058156245241,85.3844176902716,82.3431782990377,80.3229173490672,84.3529024132715,83.0297589138565,80.9550991893416,82.0266295819175,78.1070332810359,82.2307625889721,76.9825067076542,81.046521065254,80.7064275388665,88.1326877042733,79.876341232747,89.2239097946263,85.2103274190623,82.0693561542838,80.8377846598178,82.9401770988743,84.4582214224301,82.3636820282402,76.2981322443006,82.824609218617,87.0570598411486,80.63345621881,85.8343004055694,84.771110663134,87.8407490279619,81.549594373608,85.9656177642653,80.1921211346794,83.274987649573,85.9620771485831,85.0485998302821,88.3095353317539,88.7200122566006
85.5777566413336,73.340634541201,82.3306326565094,57.6312510443901,0.0,86.0095781748171,77.6970765220942,76.0434177439244,67.4233265176291,81.1611497912515,86.1686753527286,80.1810854832844,84.5606027813254,88.1526685754212,81.8835017785086,78.6314305750978,85.0911031814973,81.7349667106667,83.6141547184731,79.3976561214992,82.497266953632,80.137014130413,79.3250424385087,77.8821475085552,80.2319601051542,85.8657134994112,82.2304609399263,81.3494287522921,73.6556672483883,83.7616568870923,86.0157428379879,85.9767395969108,80.702773143734,78.8708399313235,79.0059784982979,76.1302606274094,80.5747902702189,85.2305502975953,79.5035105524791,77.0351133528588,80.2236599204832,83.8309903736643,85.6411073989654,87.9028020201988,83.1823097730389,84.6422820112532,77.1946716012957,81.169346206674,84.633178085634,87.0044464596268,85.2501445789554,77.6629224935456,69.0876520226919,59.9846022145563,82.7017900479972,81.8245510879323,65.159303104233,72.0941184557517,77.6861992243164,80.5060259247062,78.9387518332235,85.7188099086612,83.0358429946401,79.2191604803553,85.0940417688928,82.8353937430309,73.0174935268894,87.6452791587203,84.2098946417064,77.2733082606252,85.7906851743583,77.2579370332511,78.2093177664258,74.0854011488651,77.415699145767,78.9737616151296,84.5495532372777,81.583309139297,87.0027821067163,84.5060601241501,79.5897924240936,77.2608654731368,82.3424309219538,81.2373347410161,83.5500836326087,78.9456608920765,77.7078891307034,81.5133695865385,79.7481906845419,80.1371324000056,80.7027219700175,83.8110386484547,81.2434651454801,85.0573099021084,79.0043776583792,82.3250264028212,81.8217350706892,82.428399515135,87.0576967947738,84.7970700117729
81.7089115825156,73.1011203396063,81.7982151844909,85.7729215954293,86.0095781748171,0.0,80.7876394766827,84.1709899365027,76.784673048568,82.9188628629623,84.3215577885252,86.6130235062619,80.6106802464169,90.5084557193534,80.2088012621568,83.0285043366746,85.4573366390404,83.7074714913771,90.4672695360297,82.4046324111268,83.2724068988832,80.0995767890693,86.4950694444682,82.4988801869952,85.7615242193568,79.4151590731643,90.8510649675073,91.8472158347171,84.7963612303033,85.1897473323178,85.3363260317788,80.7913974730679,84.1762594886855,87.1920992924616,88.4254963774746,84.8198566494915,85.2204447125041,86.6524679320047,82.7222807555601,86.4849796842439,83.8572943253247,87.8288287882296,85.4260087832333,84.6925105538497,87.3631124015071,86.3007951234092,82.4268914230815,87.0485060821307,87.4872805036567,83.1367490675339,83.2128439865541,80.8037576558851,87.2416769716481,87.0230851902048,71.5524905652643,77.3172514944204,82.1840545288557,82.6562098987054,80.7893394052865,83.7370694890835,83.6050354521865,82.6279840104938,78.7912093023476,84.9616949015944,86.9456759285273,82.4239135802685,76.5714848786517,82.4301315319281,81.4870594136507,85.4238970798244,81.7016599638028,88.6306924173373,84.1373421348865,84.0957390918211,83.4456122208969,84.3097663212143,85.2866127049712,79.7381283254088,83.407875424713,84.9782716457812,85.3763159615517,81.9551978206709,82.6702688637373,81.0454788171162,85.5825927910601,85.5422868977351,84.1829463085404,88.0809992200129,77.2676934129402,84.1984210823576,82.3571370864095,84.0983915086857,85.8707511886377,81.6478639490436,81.713831068253,81.7315023135907,85.2668241474795,88.0642139540129,88.6222184472996,84.2630129248978
82.4568007088347,81.8650804179456,82.6905240459391,80.8421563561151,77.6970765220942,80.7876394766827,0.0,69.6801435456785,75.5441642095168,85.368351194065,92.6065729190198,86.2227649648696,83.4624924045191,81.6104649822845,83.6298052292925,80.3136853662918,84.1663827645079,81.6145056020376,83.0801361970803,81.1000914065962,81.9947804852635,76.7993729463921,82.9749732599116,79.134492398869,79.8223760787676,82.7205557464175,83.4650613712415,85.9524983109785,81.4603651585531,79.5061130253135,85.0738978439583,81.2997572304685,79.0891274505924,82.3235482354047,82.1636806498739,83.5329375240947,82.5591790366333,82.1686916933007,79.6599037874214,75.1670739080613,84.9776843096144,82.8208776238948,82.4343588914869,85.5724285755838,85.1200563454359,86.2653897847449,83.6901427725876,87.8014775373463,86.7851253353467,87.3233765666083,83.3937963914916,84.0091421791867,76.2462026861415,79.9250978799783,82.7976485556598,80.7182321179501,79.0305115367503,79.4279920202394,76.7286479212636,76.2019220208045,82.2039065573719,84.6889513735572,77.49371478429,82.3639613003405,79.2702007431686,81.5752490904939,70.8229818327707,84.5704896257847,80.0553638666153,75.3306259079388,80.8149670229298,76.3237487246775,75.5893337506966,78.5911647791999,78.869847827886,81.1177669516648,85.1493254077051,79.1811660160994,88.5538341206665,87.5501475847843,77.7900763728707,81.5282913761461,88.8213377701304,73.9690307129012,75.8038102377486,77.3814166332865,82.1831210591246,80.9253840615089,81.2614924883181,79.8992009438249,83.5674925975176,77.3891403720233,79.0911107792563,82.2820197778763,85.7829897584246,81.9268959300929,81.2358641864477,80.2845112579673,80.6193924132786,88.9813823876489
83.8716454071822,75.8604557263626,83.9729356165481,74.5562421044663,76.0434177439244,84.1709899365027,69.6801435456785,0.0,72.5086907953717,78.8616704276715,87.9101436847877,83.6858567903391,82.8653544239096,82.1465107113422,83.4680764010428,83.4443476676468,86.4199467624593,84.8797137004992,83.0157773940868,81.5310816735011,78.9197862555912,78.1595454778934,74.2444833649005,84.3818056940368,83.6479959747995,80.7861917434397,77.9781898963491,82.3824463156008,80.9968883671643,79.8504941619462,82.8765810985318,85.9410607045754,80.9797132947383,82.8104070213056,82.7014464347967,83.9475260077552,82.5426443758881,81.4180319375691,78.6454936403961,79.4089320046585,81.9237178172839,79.9221844711061,85.06720225038,83.1115446608407,81.8983561435807,83.8188306165326,76.4752201651882,84.3547854378514,84.6384930984827,83.7248050852303,79.1284448817102,83.0715564644849,82.0233173883196,79.0000585515783,78.6230611947698,77.8125425990643,64.9144251547636,73.1781342332237,73.0748289200842,75.1562463192481,79.6537279060936,86.6624607169982,87.1607760607293,84.6021362429373,77.113689769692,85.4471708676413,72.1893321216291,83.8658808159176,78.1502001391049,77.401209836583,78.2716076210775,76.1102907072492,81.1894574983868,72.1390777451488,83.6690593454089,79.4093990210485,85.1219717633226,82.5571213989941,92.3741183645743,85.5614058706827,75.5479780747539,80.0731696862762,80.9930943181101,77.2236064416772,71.7159850482803,80.1169057831499,83.7229129954734,80.6422823572374,80.1365783497029,78.9957022219333,83.6329217123411,83.4360178113624,77.498668868254,76.5813140639282,80.0756777609831,79.8272840812603,85.3259047098537,79.4735618188747,84.7460369162822,87.8171575851786
79.837984497832,75.7630598357976,84.1339027185822,70.0049439182613,67.4233265176291,76.784673048568,75.5441642095168,72.5086907953717,0.0,76.2013573808418,87.5833992052141,78.4403506731799,82.0008397752655,79.8665390200318,74.8428892708647,79.5447121287095,83.9121079447829,80.0909652365067,82.5725269154758,83.9366162099004,81.0709390682711,72.8571482921336,79.3085075944167,83.2708997689106,79.5549037829727,78.8433064329724,81.4300409253706,85.5653118179636,73.2680900351589,80.0605586154138,82.5706392339666,86.3079261132301,81.2456778208124,79.2116455359397,76.6213354987036,80.3850512193029,80.0956875907808,79.6717380369327,77.8605532482854,80.4299914413765,81.5470800085777,84.2274339436937,81.9780540680776,83.4358977251657,82.1602808231601,81.9096127696926,72.1736018975089,76.3711796124028,85.8249463978811,82.8830961035946,85.2642763793464,80.0311512739363,77.7538000690003,73.4643618631037,79.3502243203097,81.3745866112551,55.9592560755411,57.1196634309304,77.0942451073218,74.0992041868459,79.7282108071394,82.1250513331171,80.1481012023413,84.5898996949032,80.8540281210196,80.7933714649774,70.6624516051137,83.4378344349808,80.8127616242546,78.8447555319355,78.1564369454922,78.978109487559,78.9764925226895,72.7593312994729,78.6723120397796,81.4422743791929,83.480852140431,78.416894093101,85.69648812087,84.3019242944596,78.0736359892423,78.519297929691,84.843491171465,78.1890228077316,74.9206338188735,70.0029577999606,80.8560196638967,77.7826224818279,81.3319178956237,79.4925043792758,80.6461440034797,82.8329357117495,76.4096270414823,81.8134716663344,77.1992491047442,80.425172368437,78.592176223138,81.8974789387061,80.8339299648411,83.443707334214
87.568811254391,84.6310426648197,80.4351891095792,82.1808232956503,81.1611497912515,82.9188628629623,85.368351194065,78.8616704276715,76.2013573808418,0.0,77.2072149376119,65.446768430862,79.0763427201571,85.4986774861969,77.9997856214204,82.7883737878792,81.2137776625919,85.384290876875,84.7802438158984,85.3027228234434,86.6379315519063,80.3500710082628,79.5410537306056,75.2350840997161,85.3358940974323,76.9353203379198,73.4085438625505,79.0771873088831,75.1381532650137,83.566846934912,83.4273581426986,82.1367026318747,85.4798486866141,79.9456133611848,82.5017256029372,83.041647259512,81.3131425356682,82.1064866701195,80.6443680334091,82.3326088224261,89.2493829739261,80.0118853226739,81.1356323212903,82.1308217194327,83.8059461958673,87.8442134199368,82.47776252155,89.3063963905447,84.8445934157913,84.603925701942,77.1340144129725,84.5855055672872,87.8021628888093,81.4753801232066,77.8695149357369,81.3072810782486,74.6244748458381,73.1818741343251,69.3265195483322,63.1462915268736,70.7104170996396,81.1208424308288,80.0636212343577,83.632688303649,84.2807465962609,79.3419452552809,78.6326992918383,80.8064641475606,78.5002299562564,78.8712263276354,80.4474305318929,74.1529097037475,82.4811721828124,71.2842510365956,75.463316100428,76.1164187079736,74.702030094407,78.555957225894,90.6122150080858,86.7861291693018,73.6743970949487,83.8650983762896,84.4774244190816,75.5196784625808,77.9813564910876,76.5104533602127,77.8345160570365,73.4235707021864,77.7540891817076,74.3696766157342,84.8062158753367,79.1020235955112,84.9706385011418,78.8866874390457,84.6928617383959,80.4608137210316,86.1341841994891,82.4571853936366,81.462909675512,85.1611731647971
88.9296102112763,81.1640020203699,81.2613034497672,87.1991608397405,86.1686753527286,84.3215577885252,92.6065729190198,87.9101436847877,87.5833992052141,77.2072149376119,0.0,76.0176081148235,87.30268322637,81.3461991541253,82.2475782983935,86.2529141615246,83.2861816718925,85.4941840671038,84.5774439607224,89.1170345132538,91.386821072747,86.5861835173223,83.9425029551902,79.6666394959409,79.4791555483477,83.6600054590265,86.0768922648729,77.305447527444,82.1593749340424,81.1153968970468,86.1465661484774,86.8854815612798,87.3864376269353,86.2967143905203,85.0099031277641,89.8569934156836,87.6090900464887,85.1011291076805,88.6869532348911,88.4996401033745,85.381530975595,88.2374210426933,89.4146445898322,83.3250409362909,88.0944650171062,86.2771913234361,88.7709255979463,85.5329300415739,85.1345494694223,86.3876688283834,80.8969358877014,82.5469644612991,90.3272739911136,86.0189115251358,82.9039275404959,87.3626444187287,86.5456485295486,84.7147997667966,81.6731080033464,81.7892980901553,81.5149156866512,83.8539479107172,84.7870916504844,82.3999920571129,90.5733142755375,82.872960556859,85.2194202133506,81.4683908135612,84.2471298802458,89.7491882874544,88.8852660968668,83.685251178328,82.8569561552235,86.8947181409119,87.3083208064222,84.4310464588286,85.9917257577463,84.329481263559,82.7374208716747,87.1856391286458,84.2865115376199,80.4696122084585,87.1525648507385,83.137114532291,86.3908479110675,88.6527215222161,85.9439367677687,87.2296776317259,88.0296078568778,78.5935364701498,87.2563124330371,84.988927780977,86.3735229239266,82.5877416850412,82.3157842363713,81.9263021253287,87.5690876775572,82.7014855926037,84.6562719801217,83.8850331821817
81.7532093717435,83.8601453271496,81.3743216733626,81.2927761409821,80.1810854832844,86.6130235062619,86.2227649648696,83.6858567903391,78.4403506731799,65.446768430862,76.0176081148235,0.0,76.1211872385398,84.5378055227149,82.305394620247,79.0015376339105,71.7222718358102,80.1834497692032,86.2877526803179,84.0139321995968,85.6995970686093,75.9726810281004,84.0114908465421,59.5930799906548,81.7358904908136,70.4939812405566,74.3192932969248,79.1053636702778,78.0189475937144,82.6026448088815,85.6820400164427,80.4617879475306,82.3976265454964,83.7981117028055,83.5899628924018,84.9091079384656,78.7478011835558,85.1956911760903,83.3910218748082,89.0895360699188,78.382415903578,89.8082353134542,78.3980373569666,82.1417176808153,83.1422353715231,84.186680919942,81.0469266744148,82.1309891717596,83.6240375743362,85.8446339159259,82.1356183697199,84.8096323033495,81.603315792599,80.4739096604477,79.3696768592748,83.4758131250464,82.7688469040702,78.5431980782957,77.1545454602594,69.5684604978008,78.1861968940735,80.5063502497297,76.8252130926241,86.3989605122749,84.3208927628601,82.2572050411679,82.1393400343318,84.2280057537049,80.5100910549116,83.2717184208462,83.1789366855178,75.8351818110404,83.3851084862855,76.1159263340693,74.238341536349,81.6007602600594,75.9240602014756,74.7483806391451,84.444704183975,84.9164852132468,78.4010440122041,81.8608965605108,81.9955897228612,79.4238486939054,78.1826152227741,78.4261426375999,79.4275831622304,81.1850568950836,76.1153527717378,74.9000454644421,80.4333970366706,84.1284158363142,84.4814550508633,81.9151451692076,84.3350589788852,78.7819038582316,85.7897606422014,86.0067793377248,83.5568983883204,86.0200488420386
80.5083924282629,84.479874690351,84.0493919689976,82.170612622447,84.5606027813254,80.6106802464169,83.4624924045191,82.8653544239096,82.0008397752655,79.0763427201571,87.30268322637,76.1211872385398,0.0,77.1676874832828,83.8018303509949,77.2511754486091,79.8493235319316,80.6787593370267,80.7904413318058,80.9743088185614,81.9145827473967,79.3191968348241,75.8246951310759,83.9013751200126,83.2630190530172,81.5715648472159,80.4881093836392,81.2421914399669,74.4857549734106,76.4184262277371,82.6587079283839,84.0518731739429,78.2181601458076,80.0508485019283,79.3536542147002,84.8264283461418,76.6731479675304,79.7218976761998,80.5863092467846,87.1576881202507,83.9831213903821,84.9136556708381,76.3621524379404,82.9812157279632,79.0345337989821,84.13082296774,78.8313681301263,81.1260034217306,82.2722262254232,84.2827886220368,82.9645921395745,79.785365214663,80.312555724317,87.451754775063,84.2103708646791,81.3406786130426,86.0322329638284,80.9529194832003,77.9758640227136,79.156015437542,75.2035247087289,41.0655214623892,72.1744149843859,83.2730152672166,84.015947295714,83.4246481920235,86.189856568043,77.7039897153752,81.5902293036034,80.8924487855218,78.5493559394451,73.3977832472641,83.5481444723785,85.435398533264,83.0289922567944,80.0455586172212,77.4283420058721,80.8118967052856,83.8279026464478,84.3778003077199,81.8502788506469,82.4961501549951,86.3551486983637,80.0603052459526,77.3078430647146,77.4083263282176,81.6495796871752,82.7660440597077,84.2542148387027,84.5925110411451,78.7617102635366,81.3896902896756,81.750849921488,78.0501555859145,84.518635381587,83.0621057025839,82.9385967660063,83.6199755886587,85.0838324224311,84.7004563279782
85.4360234530452,85.2484969491181,82.2464393055181,82.9597974801216,88.1526685754212,90.5084557193534,81.6104649822845,82.1465107113422,79.8665390200318,85.4986774861969,81.3461991541253,84.5378055227149,77.1676874832828,0.0,79.1809329782395,82.9396529576022,78.4633830545216,79.3411307755155,75.4563745376628,83.9409724337652,80.3899431213297,82.2949138218699,84.0091051709712,85.4451354193633,83.5767600713364,82.1820181277209,84.7695339459765,83.657388045605,81.0183081258259,81.1124660656725,85.0014678653415,81.5530804253793,81.00910645974,80.9702010380155,82.2419666671478,78.2642662710961,78.5571172696449,81.0188266822482,79.2373869851894,82.6486136263122,78.8745739470813,85.4203103879892,79.4773349549871,82.0556116291762,84.7630239148904,85.4752713520967,81.4683063212618,81.8435555788815,88.8970401561732,83.5410628781331,77.116531650742,82.245820535134,81.6795830629485,83.8273126121917,84.0207727798327,83.6232514586751,83.1298966907112,78.6361618840938,84.6098225478937,88.2362533840689,78.5515786504157,76.3648937458172,82.1055674844702,71.9026225052516,84.3151836806333,78.9885032969141,87.1922402633018,78.7977077371608,83.9703859715423,83.0474139891516,82.7757963209547,83.5243369602991,84.3189930103871,80.0521577900838,85.0313938744828,83.6806370691027,79.6212792655845,83.1030009016375,84.999254882803,77.2609769636938,84.1473156478276,84.5694987308152,84.1288041961651,79.7336330260691,80.5409131591542,82.4333235508866,85.7763313287039,80.5482422535375,78.2232685664711,83.2115993407877,77.0718674420581,82.9233793098207,81.1632152184373,80.9429032976454,79.1835881778303,82.052172099173,85.5512865872657,87.1721309777147,82.2877999504301,87.6441587930603
75.1405353879062,80.5692935256131,80.0104225150516,82.6809837087995,81.8835017785086,80.2088012621568,83.6298052292925,83.4680764010428,74.8428892708647,77.9997856214204,82.2475782983935,82.305394620247,83.8018303509949,79.1809329782395,0.0,83.5460575404559,81.4485524336507,82.374170233723,79.7994777710564,81.8029824972618,77.6016295479041,76.1486506923564,71.6212616051337,87.3119923272945,87.0417852788431,85.6025997273526,77.4036859850526,85.6753684058947,77.4281980293165,81.1037300635381,84.2155108097292,76.7258310551599,82.4048047424769,78.9036049503704,77.1253681404917,81.1520962423607,78.2379931983954,81.6401508277389,78.3986427593809,75.0888388575183,76.002525367179,84.7787312061692,80.1666326443221,81.8816045705772,81.7162769805913,78.6362395377686,73.0300849827649,77.9340898863661,84.6906917104212,75.5036866284455,81.5312339671688,75.5306807977694,78.6041253306573,82.8847196803451,79.8621493553818,82.4190417973751,78.2540464793318,80.7416974979089,75.4309315265856,86.8048586626964,84.4858477975832,82.0582260734237,76.7447317506896,81.5469089874847,75.7689712396353,56.0871171485839,80.3976183503396,80.5159054277162,83.8248929665472,83.5052980610958,75.8196045029486,80.4663181234417,78.1285737887698,68.4950149675678,83.1311858756709,81.1081810306815,79.2815457914978,76.2907542320115,76.4553375546775,77.2973962561826,78.9907993466159,79.8203010035842,85.0403933274862,80.0808972927244,83.3746451247258,82.4035933713337,83.1829788044337,82.2976497464751,80.3083031228848,85.2735158806229,77.4994478403467,83.8088830763513,79.2888545809285,75.5550371237609,87.3546205174246,77.5489654255985,80.3123596906904,84.616885632158,81.5455361423945,85.0747942798538
85.7461627586206,73.5976918162273,82.47991704094,78.8169733034146,78.6314305750978,83.0285043366746,80.3136853662918,83.4443476676468,79.5447121287095,82.7883737878792,86.2529141615246,79.0015376339105,77.2511754486091,82.9396529576022,83.5460575404559,0.0,79.9451643410923,77.595510306941,83.4088632347956,83.7983708085041,82.3885791947973,81.3896366696869,80.4209801404204,82.472585041292,87.788409757964,84.8586158724253,83.3697550485036,84.7756889924319,82.7234807855928,87.9136287104249,87.3783472248724,79.6060265178981,80.2867803992053,80.3776886800098,83.4059323324787,84.6931578593432,80.2669591093575,83.2190756050276,85.0294350542249,83.2192370172638,78.7803220007443,90.2698516979402,82.4960772934062,79.0691291477911,84.462794775448,86.1289997045978,80.4637737369362,85.2628854896045,82.44749257148,88.642385616052,78.575526238905,80.2018062859767,73.6692548239553,81.0942566315903,85.1194532338052,84.7115013724785,80.3300418597134,81.1346894463481,82.8023511520479,82.9743380742202,85.454762714804,81.5597945831553,81.7011302238603,81.1040007311822,78.9967939821274,82.576030712449,79.0096187364891,80.3226628393685,86.8137397807579,80.6406195309154,84.9859015771373,79.254338634857,76.1170239033125,76.3420855267673,83.4967473992277,85.0786068369019,76.939628413229,79.2799154960739,82.6834621541371,80.5890742064216,81.982490813412,82.7645942325688,84.6783737702883,79.3911245922779,81.9405024327258,78.4302090651581,82.0410522120871,80.4173902962455,85.7822093912229,83.9180251432637,81.1643191799893,85.0790533539615,81.6563476806508,87.0458927941316,84.2858629677525,85.8019046108645,80.4180401029761,80.7006770322538,80.2969030062002,92.8443459021416
87.2126444186452,82.3092609771333,82.8198523086226,86.7534724559238,85.0911031814973,85.4573366390404,84.1663827645079,86.4199467624593,83.9121079447829,81.2137776625919,83.2861816718925,71.7222718358102,79.8493235319316,78.4633830545216,81.4485524336507,79.9451643410923,0.0,81.0697592369939,71.7628748645537,83.2327022751201,83.4706519064643,71.2187507958641,81.7579932829506,67.8546405623533,80.0759005537725,82.1512100487184,83.9995892877848,83.0812184658698,81.8133984568862,79.7622051289391,81.8693705722565,82.1945697367521,85.7339531450581,83.3586740427912,83.7811492198474,84.1992858424836,81.8111877451341,85.9754456730627,80.9253255205057,83.8390500084071,78.9951492063927,83.6594272998257,77.5073579395352,82.3662948711348,85.8664155015791,84.11506116863,82.0706837184463,82.5145270272657,78.3895263079449,81.6338643023886,83.1547697472029,83.5659547735028,85.8336342602178,84.1043379842574,82.2027077419309,81.3174528827173,84.577883295019,83.5797692654226,80.4963022304795,83.9220778735434,84.1815919142148,81.9842348343166,75.6431244533189,75.5188202389855,84.6349810317415,79.9010014476916,80.9022362711648,77.0161410762149,84.8743714480212,80.9443763251748,86.2856576701368,76.9833777681625,80.6105576291821,81.041992435039,81.1900792920983,80.1025280242147,76.955257795936,75.5653641754333,81.7807794596454,84.2225628547831,79.3816604377658,78.5306995498885,88.0992499544906,76.8595056282151,79.5999107660086,83.1998509209454,82.4490538671731,77.5783656141438,79.7118312123461,80.6188277185266,82.4455905874879,83.0622446078198,83.3374173055182,87.8770816755703,86.5399147141073,78.4963061451634,81.4148051679002,80.3140828882208,77.5787948329273,85.6275505022921
83.6664014657689,79.7394229129986,78.8258988473846,75.1255601706033,81.7349667106667,83.7074714913771,81.6145056020376,84.8797137004992,80.0909652365067,85.384290876875,85.4941840671038,80.1834497692032,80.6787593370267,79.3411307755155,82.374170233723,77.595510306941,81.0697592369939,0.0,81.4609742075335,85.1976899390204,79.2802555881171,84.5849721793487,82.5778295203065,81.2253305115961,85.8502966233476,88.3623729318208,88.4449073764095,85.6203005344525,81.4136767961087,87.6475877694093,88.1337400077795,77.8376072839438,80.5243209373953,82.6692688772419,84.2390119851405,81.1230831952514,80.5977192926451,82.2834542634476,80.0648106965887,86.159453210591,81.8140204271197,85.5651366423715,83.7883675734143,85.2398387675392,83.9548135269921,84.2087627043163,81.9133300606877,79.6548029253851,81.3774670717548,82.2225153415555,84.1177078232812,85.8343772190302,77.2637197975211,80.2466778057704,89.2113966084771,83.9910638215952,76.5494287815746,81.8893632597093,86.2962486704064,77.9986589851375,83.1232364329874,87.2014749798316,80.0943676516834,77.6270478364378,82.9871740777509,80.1695937659292,78.9037830325542,79.720361297289,85.6390472492344,79.0186150663627,73.6187484534248,83.6067098457754,77.4311875767527,81.727755953509,78.4372966996501,85.3889210999986,79.5375498564245,85.2433810115268,84.1825616713003,78.1862397234893,84.1401486511154,80.5152458945229,80.7446314258669,80.6403796803291,80.5129696680827,82.3459318458428,84.2342876323242,84.3231939553295,85.2176274918142,85.6402003551869,81.0551860605467,85.2641054338915,78.8630869705619,85.3156946536653,80.9072081221255,80.971716435218,82.3753390630338,88.760268927205,88.1741180564131,83.3602640414344
80.9392469771105,80.147318916574,87.1413399779445,80.673079192852,83.6141547184731,90.4672695360297,83.0801361970803,83.0157773940868,82.5725269154758,84.7802438158984,84.5774439607224,86.2877526803179,80.7904413318058,75.4563745376628,79.7994777710564,83.4088632347956,71.7628748645537,81.4609742075335,0.0,85.1759577170097,80.6858497491334,83.0982104238706,79.7080790290812,84.4802161405176,84.8500299970969,86.4184096947886,79.8911217577801,85.6764763841619,81.0235730182684,83.0771467366381,79.9129415743277,84.5475026335376,80.0812044909409,83.4104491528871,82.574928214421,82.3986713257817,80.9081727177058,81.4019544113325,81.9163932622134,83.7433356820775,87.1695704010089,84.6385331401032,85.5126575255031,83.5468501660481,84.8470122993891,86.3276628188849,80.3730964517051,83.6600018762836,79.7955311193524,85.983423604442,81.6209838940821,84.1913289178523,83.5990957036404,83.4410401813974,88.6122829885544,86.7026327727288,84.5197623401888,82.3073648038766,82.4297500623018,89.1469800343806,74.9579319464379,84.6427383856572,78.6451877289478,76.9199094950173,77.5255301870176,76.9078868678339,82.9159999229231,68.4649735656527,86.9018687069118,84.5613835662613,84.2620913657944,77.12214781276,81.7949063422251,85.1535859488113,80.4219656222931,80.6026276238502,81.572173341553,77.2039296863056,82.4222465089866,83.1610906191946,81.2601591806257,83.3708412807786,80.4261216586023,80.1563342860514,80.2728559160291,84.5957437837934,85.7602691318415,86.1575320861524,85.9072429761051,83.5432987827007,86.5147571373094,78.6267388520222,79.3048964424014,84.0050228002086,86.9451301880406,84.7135033858879,87.2441163613217,86.9108899190723,84.9803683070641,85.0260341861842
86.0936135898227,84.6997130857964,87.6113054182308,82.5058295050028,79.3976561214992,82.4046324111268,81.1000914065962,81.5310816735011,83.9366162099004,85.3027228234434,89.1170345132538,84.0139321995968,80.9743088185614,83.9409724337652,81.8029824972618,83.7983708085041,83.2327022751201,85.1976899390204,85.1759577170097,0.0,80.7895652513348,84.1597845340716,79.9695541112075,82.1736205894307,82.2660747568099,91.4981270300834,84.7297821658688,84.0165604002627,78.1369924564308,84.8117550208788,81.2494038639029,81.2866772028907,82.524503322049,80.9989269256436,86.3612703530983,84.451624653006,86.5217059064173,82.0877933130838,82.4087811290777,79.648821322152,84.3190570866681,84.135328846798,85.9362703375227,81.7331536283445,82.816943468314,84.4674983526225,82.3429441779949,82.2094405909909,87.5118158363552,81.7807813603769,85.0242429712147,84.2191327349054,84.7615336103995,80.3548138483671,84.3364988715502,77.2793222395196,81.7535140581588,78.1876050017138,81.3279505012812,88.5455035343897,83.3533104683348,86.3256867331173,80.5652133610246,81.4570361863387,80.0759489960191,83.3602047797908,78.7756622817528,80.8115692786305,84.6043532579099,85.0738003406112,77.1119008884996,83.075201991864,80.7545679545665,84.4167128672681,79.2442512241977,84.2068669843435,79.2931024491854,83.131556747868,88.5448848943372,80.346860410295,82.7797022721382,85.3485565200968,81.9347211435451,83.946209959871,85.036537511876,83.3782019092749,88.3253016604935,81.9373609554183,83.2249152115892,85.9188998249885,80.5625009086298,84.94912145216,78.9029696072982,80.576267786246,82.5184731677748,88.7458385059851,82.7975034112928,87.0319641947103,84.8181567925547,85.6612227905592
80.6087923121571,84.9234287017127,83.3749822108968,83.4671880104339,82.497266953632,83.2724068988832,81.9947804852635,78.9197862555912,81.0709390682711,86.6379315519063,91.386821072747,85.6995970686093,81.9145827473967,80.3899431213297,77.6016295479041,82.3885791947973,83.4706519064643,79.2802555881171,80.6858497491334,80.7895652513348,0.0,78.433506605738,84.279189207765,86.7380886506105,83.3989163846368,82.976952961991,77.4533088238492,82.0241539355264,74.8702021543859,81.3743057517591,84.365509911706,84.8776184576433,84.5474621756725,83.6741220913497,80.6743737054504,84.985604495303,82.0328987463972,85.409440583281,82.3507551532202,77.5895867719947,83.506779304305,82.9384619037658,85.1927734391757,81.3215876903676,87.3133872712829,84.8067754963143,75.8348520669503,79.0142154619347,82.1309775927661,82.6603885332162,77.4289308814861,81.4407108452156,83.4544447093086,80.482532853205,78.6394909279759,79.5914871154762,78.5842251521559,79.1768012359548,78.964290588459,83.4540570514736,85.7086631183912,83.7123439510612,77.9084336519241,82.4711829809216,78.4803576595626,76.3573357376736,81.6047429735726,81.6542976666172,81.9486626325943,82.5556999514237,57.8518350735305,80.6109014151777,76.9531009755217,79.5286533837147,79.061226064183,78.9811452325083,79.6738287695467,78.2011710694635,86.3323419778273,80.0141600837042,77.115902074074,85.8759855606917,83.6034672792657,83.3453071716507,75.6421985835732,80.4768365801305,83.8888171043911,81.125091009003,83.3928975313345,85.7442150089719,85.2006281741451,84.4394125030838,78.6810554006554,83.7274125903707,82.2557869076761,75.2219820723185,78.9615042066758,81.7870949048984,84.8007481368325,89.2097522706495
86.9152328950705,81.9369227507874,80.5119305346953,84.5127924488764,80.137014130413,80.0995767890693,76.7993729463921,78.1595454778934,72.8571482921336,80.3500710082628,86.5861835173223,75.9726810281004,79.3191968348241,82.2949138218699,76.1486506923564,81.3896366696869,71.2187507958641,84.5849721793487,83.0982104238706,84.1597845340716,78.433506605738,0.0,75.9242758324763,81.5256697279841,74.9719518544815,77.1986697222746,75.0761866686521,75.3639446289243,82.4065452543967,66.5582268637752,83.1746081361062,83.0559290797356,80.7128328045056,79.4926436220892,76.326954716521,76.3250189203381,78.376468942881,79.7871991249193,79.1435438229723,73.1905291160336,82.6373254470488,82.6768831664613,79.8814948319452,83.5654237281716,80.8253551139137,80.9438692955707,70.5426347130922,82.344663772805,85.9718426825544,85.0825687746075,81.9538693838176,81.08366201868,83.4583866838096,80.7746225519638,77.3077443577367,80.591912937097,78.6565858462993,76.6788436337089,77.8928851002551,80.2347967323213,78.6988655714813,80.564357873156,73.8742924191719,82.6939991900176,81.2096905833606,75.5463280753432,70.4269360020734,76.7435395934311,81.5804102698417,75.3034583876684,80.9089250532006,71.4263030718954,75.0564556561914,79.1595908989727,76.2524940154384,78.252603312823,78.3880424414851,73.1888602856833,84.0260970587529,81.9813458862344,79.4004448071342,82.4443749813577,85.7845728099436,74.7988810855814,71.5161919921489,73.9203901931986,81.6282228889142,80.9590029728776,82.8833194711696,80.8307657421583,79.9532466250276,81.1416864342377,76.8168773054188,83.5393153207786,82.3522742797064,79.3064861804084,80.3511424479524,81.0209214169813,85.0673889874528,86.9738292348783
80.4106016290159,81.1660779547551,81.2308233557651,80.9619972142637,79.3250424385087,86.4950694444682,82.9749732599116,74.2444833649005,79.3085075944167,79.5410537306056,83.9425029551902,84.0114908465421,75.8246951310759,84.0091051709712,71.6212616051337,80.4209801404204,81.7579932829506,82.5778295203065,79.7080790290812,79.9695541112075,84.279189207765,75.9242758324763,0.0,86.8273344646698,86.004488681579,83.1584235081539,75.1232889381619,83.1315864191337,75.7358782290571,73.2458661591021,87.774985725935,83.0335657783508,87.660332797713,82.1535794261965,80.194408131767,79.9934584676277,73.8684332594639,78.3907285257324,81.1667690426064,73.7561412963574,86.7455653090412,81.0820966030755,86.1136745337263,88.5743936233574,75.3543350197747,88.582505689795,81.8402223949142,80.4081659066844,88.1672831150663,84.8065746584658,82.7141281523131,84.0147309333131,86.4966614370686,79.1113795599907,82.5507872169209,86.2797179452179,80.1476387725065,79.6422468671294,80.0800481368514,81.9053821231207,72.7843661531387,81.6260272054387,84.7521275022069,83.0477243611997,78.6378766299625,73.2727426454156,80.507039608279,75.6920941086965,79.8006530544141,78.8469800587736,77.2324067024826,68.1441801877126,62.5462070699656,79.8161841940109,80.782130083557,75.8070120024721,75.5740123483493,64.4329033190118,81.8189291961225,80.6347045051646,82.8030968977686,79.1157700196668,83.5535361138693,80.6405128636826,80.1203863526663,83.2048869985473,80.3065485898274,84.8107146084253,83.2329783237436,78.6558325995424,88.4256242009782,80.883678108535,80.5904211757767,79.7784206204411,84.7406344437138,83.4213741386082,85.5729291771954,79.9810954530742,80.5858843390188,86.0456215618446
