0,1,2,3,4,5,6,7,8,9,10,11,12,13,14,15,16,17,18,19,20,21,22,23,24,25,26,27,28,29,30,31,32,33,34,35,36,37,38,39,40,41,42,43,44,45,46,47,48,49,50,51,52,53,54,55,56,57,58,59,60,61,62,63,64,65,66,67,68,69,70,71,72,73,74,75,76,77,78,79,80,81,82,83,84,85,86,87,88,89,90,91,92,93,94,95,96,97,98,99
0.0,64.9348752489974,60.5577260910014,78.6158935789132,70.4910479743855,64.029059823098,62.0993405898916,74.0222855962981,73.6370621287982,76.6854369238495,71.5397423299236,71.9066606975825,71.6278582734048,69.220716198325,72.0203537723389,55.1084777857009,65.3652662843958,69.0095032870925,67.1753657765242,74.9795500103316,67.3754046965555,71.3790466990427,80.6227140311027,68.5601834891069,74.3255509739144,69.4467629737338,79.9912048071168,75.7547487821121,68.5597649540462,81.0513667619317,73.772572452982,67.7100268902136,68.2022011683451,71.1746311667989,72.1505745967241,68.6607635294808,69.2613975658676,63.6366206854506,64.2334855865428,68.7319130490364,69.5870414715738,72.6187704572311,70.4024280583339,79.1036127186563,78.9456764321382,69.4669061263737,83.4885928905178,80.2735603658772,72.307296757051,72.695967958339,69.2881569493571,68.4423134035296,63.7857727304117,77.2596365580227,68.6103586156453,75.5527247518543,61.0173871432536,72.5540230487901,66.3209846780311,71.0715080290002,67.2183087124407,76.24694199269,78.5554799440624,70.5024174283876,66.8400751192707,68.9050784536583,72.5118537874758,66.7599849792732,70.4615361911764,70.6575340993584,71.3629310902658,75.1224659293549,72.6916800368958,71.635079811858,70.5644075653005,75.4563478562223,71.8795831644778,79.1784389068357,80.0195285833621,71.6422064109431,70.3530693280643,72.4462657555581,81.4726083903667,68.5953224021356,69.655224889393,71.7959210526022,73.0790618648609,71.315898061114,69.4984577453417,73.2324345921893,77.9249983521424,77.8170699312662,75.3793877849606,77.0356274066169,68.2033905223127,75.9906217061575,73.4183796795238,75.0093597739905,73.0231335945071,77.5951352225679
64.9348752489974,0.0,57.5693255754941,76.0336011678184,67.4367669291362,73.6293011718928,63.2960573142847,69.2643312333679,64.4959275891041,71.1521444023907,66.8222569768133,73.7170565655086,71.692473206836,62.6860560019745,65.8620675089903,57.987789101318,68.7587614811024,68.1877629932629,64.6716243295378,69.7923079476818,65.1691390146761,68.9240617279761,77.3078133840847,64.8968280651412,71.6444227634022,70.8507958193902,74.5064624628637,67.3094082058111,63.8375508242898,75.0451234558078,65.1941013582733,71.2064438776805,71.002957080195,65.5651013524088,71.455604161306,58.1889756350386,67.0794429789527,73.23500268587,62.9336516330452,69.7166928861356,65.7907446605887,69.4367755124782,65.0825100130527,74.715017940385,78.609156641795,68.1566701090992,76.8230619003669,75.0833215598509,61.6505115541065,67.0476121866902,60.2346964151784,52.0079969400229,66.2679208048472,71.1480098748901,71.860541087174,68.6015350763081,64.7344026230447,60.8918564279709,63.6048366896594,64.8699731102007,64.4541080511871,68.3060076591845,71.2952606662983,64.8758350444972,66.3202031928946,71.1733168139081,65.7868024027384,67.0178410279075,66.4777319052897,67.8329590376816,68.3903055025049,67.04109494927,73.5411006360642,62.8411274606512,60.9205662349328,74.9441280938223,67.4241490052408,76.8859104368655,73.2199987557147,70.594922999559,63.23978804803,69.3522009600281,74.2429339515235,73.3457614987847,75.6092768553166,67.8155536600323,73.0733602017619,71.1223909380367,65.5243577283603,70.6253626498429,69.3238815326311,69.1403462333252,69.0024561220572,72.6952436711694,71.1054943053451,69.0680413854916,69.195635026558,70.3783676495544,63.2492733236359,74.8298879380717
60.5577260910014,57.5693255754941,0.0,72.8782773782215,66.036660680534,67.3259119475177,71.6696554848667,60.6678846773629,59.0573025385281,71.5281026570676,68.4501305318013,74.9201076957325,77.8897279923558,64.0480023984889,70.4122014639938,54.0426987415578,65.7195438016858,72.006590543004,63.0418293279722,65.9256809000052,67.931259664814,74.3021925013346,75.192758883519,57.7644052257955,73.6001916485951,70.5559484549638,73.9541679879242,75.3585441930042,71.7049734195477,78.0298172169098,68.9762442318048,66.513873819417,68.2149628617948,67.8010144702876,68.9506440429918,68.4424018730164,68.4291073065899,69.8815042149277,66.7853211349607,71.652142272321,67.7982423117926,68.9207387647487,70.2964056688864,75.1180539003652,72.5468743976943,72.9349802165249,76.704709452806,74.4003436324769,60.2181965859471,68.5297206791662,78.8264897239857,64.1591837288163,69.5229923749969,76.5967939936682,55.266220197258,53.5463055067963,54.926091272412,69.2860450976042,66.2735286244844,75.9812586851563,72.965076253485,74.509891075739,73.9017275174057,68.0635477379178,70.1972782713259,68.8416969018344,70.6360271994041,66.0619922849512,67.996328020341,65.731103006757,54.7317306333101,71.9684959198879,74.2593960956399,63.0641598902859,70.2506215202179,77.7324816386199,71.6365018317331,78.5618743378623,74.606972224921,66.1394469598241,63.2266635408181,68.6938170138932,73.2858324526176,71.1600735659701,70.0856639177487,61.6742385020892,69.6734628133717,69.3776060341644,73.8772594045596,70.8654005335219,72.1918832367741,79.2092296819885,73.6569938270406,76.8258545847103,72.1688684365141,70.1047221546045,71.9423659822139,71.4918246914616,64.375395446943,72.9725321293378
78.6158935789132,76.0336011678184,72.8782773782215,0.0,64.2297934654035,75.8835432791655,73.1283878776362,61.7958370504228,74.9386443337273,69.3941690544143,77.5975411127371,74.306812704216,74.6006716544943,73.0530195301395,68.8467370597076,76.4898853680194,67.9287655716932,74.595022499556,73.9044590371762,71.0778336871562,71.4180825496478,78.7983827698615,69.9432621180213,75.1876797836578,74.7715047697312,67.8845658955969,69.3923056326893,75.5679797484873,71.324761217667,77.2864408740644,74.5987155098801,64.58275325283,72.2653528503457,70.6616197717284,71.3304982717233,80.9103693379933,75.910383957015,75.3741005306354,71.82106612951,69.3991792256243,74.6541175716055,75.4459159440027,77.6100841561016,78.1994109090017,74.7300699984662,74.4816638429626,75.5906244945425,74.1869954702586,70.5550264093527,78.7272304520305,74.835514680497,75.5444913791322,75.3363248762358,60.9668048797831,73.4341964150599,78.0073687111849,60.7975380462399,64.8930555537592,72.9512181940307,79.9145438025898,74.3964678767164,73.3181173062889,72.9878020085327,64.7384636081684,73.389864228163,73.6176944264985,78.2595461343155,74.5410816779562,67.1888477994292,71.7655172198764,72.519609535014,86.5689409471587,80.2574772274788,79.4722230416889,73.7672575629292,73.5551975535886,68.5025104488073,70.5472332448236,73.1475347954647,77.8896919527941,77.8199485514356,73.6260737260791,70.3127148119523,75.361038322588,72.5301655264911,71.4435071409019,75.0649191959981,78.7726578064172,80.3507358730402,74.320780130451,73.1890879578218,78.6133414911493,79.0271391504309,75.9393677616141,72.2444187830825,76.8906359047679,70.5246189890302,73.4161528056804,69.8786634253177,76.425285938689
70.4910479743855,67.4367669291362,66.036660680534,64.2297934654035,0.0,69.1072546496186,67.700466049889,64.616687939282,67.9851412950137,72.6430083280971,69.6487280449315,69.1261115839982,68.5694982395722,67.8125447427379,65.1519560181589,66.2826903144966,66.4246901634135,62.0056772476686,65.0731355446542,69.8401245294627,63.6097000744576,67.5611785140609,72.3446168689373,69.3009296865657,73.174129966277,67.5401755574462,67.5078689405139,65.2669549853678,70.6802192094429,75.4400281499355,65.964500340533,72.2288381349762,64.5898881769795,61.8699022673604,82.097678886887,67.4447803005425,64.8913441849587,72.8595736886597,69.6745244714215,72.1847909086104,65.8501143733273,74.5680201272627,72.1420972614308,75.8797631829933,73.5906708667698,69.3298104137376,75.2677813911847,77.0153100553249,67.0277516909903,65.5082462524473,67.4934950644007,73.6580295352983,75.3558042193603,49.5008525944445,68.526608720928,78.967489665664,51.3415940205457,62.7791790988441,67.7748017251744,76.9816725936834,67.6206095488053,63.2006810509638,75.2292508182471,70.8806271203861,67.3044002521751,66.6880357106128,73.957228036144,71.2516966227846,61.5256197338969,62.1409000616875,68.0066359887523,73.0877774230486,71.3090425615742,77.5162353926015,65.0251685348138,77.5778066543022,65.8292157326206,68.1122528798606,75.4985861267244,68.7632391297517,60.7149226548026,67.1404513913335,73.0529651502773,71.9512242708073,70.3933505012659,64.400325008262,73.2259454365257,70.2934016156412,68.5176094409094,74.4813787128171,81.9871346582322,72.8096270222829,69.5243607502722,65.20069704232,61.7749145225473,78.5430498454287,73.3129250203648,73.430296196174,60.9794696694992,74.1248151174389
64.029059823098,73.6293011718928,67.3259119475177,75.8835432791655,69.1072546496186,0.0,70.5826966973429,67.3929448935635,71.005625768838,69.9097727463363,72.43149449332,75.1020394934068,74.6863995676221,71.6758697149404,72.0252488167778,69.2280216866363,67.7541637006044,67.6907288827271,65.438693154381,68.8155270418613,67.8317852596262,69.1836968059305,71.5780999018417,60.6786042348237,64.5616011062041,65.5003704428591,69.3989789210565,76.602153947345,70.3286570035178,69.0847584087184,63.3253975067697,67.5951232932777,67.8263082720596,73.4367587638908,74.8183398097329,72.1409796000254,64.1096832999626,72.7400882915504,65.7761253210316,72.2738615752569,70.78421132424,70.1566268283023,72.8909463878191,76.9723857274468,74.7281658971005,71.9131630111153,73.7696091131264,74.669951797988,65.4288250953004,69.1010559813891,72.3566328660507,65.7743325490536,80.7849067976586,80.6655291289756,49.5196170504701,67.4119472746498,69.6984742597115,72.3022362839845,71.1488793051976,75.3953735290938,72.6223950392672,77.622854635515,73.3438953091735,67.4535675119952,69.9038689572793,73.7838423008809,71.2036782230585,66.0054698340487,75.3330698664998,67.5375894041208,69.7979765258164,71.0896094635559,72.8972546238949,72.650927647124,70.5387082669978,74.0201695940177,68.9961040272683,79.9555971696068,78.0492361901586,73.6515927955036,67.6464621267132,66.2216042679591,80.2478538762168,75.2096692105379,68.366644269311,72.8655259477403,69.533017117602,64.1938166486235,67.6158878913453,73.9638077337793,74.9291946955412,73.1965244394209,74.8884492295494,70.9484766823885,72.0405544813853,76.9724994094091,64.4784809060962,66.9575186783143,66.718883918342,74.9032024684093
62.0993405898916,63.2960573142847,71.6696554848667,73.1283878776362,67.700466049889,70.5826966973429,0.0,65.5866841762111,64.6074625838335,70.4062607704216,68.4312320203301,72.1721930001395,69.9741759870455,70.0607216537577,66.9193780760694,64.7391118789213,68.7966711033532,63.4269717407755,68.5554876293977,69.7826585788028,59.0944707576818,73.5065729536089,73.9929678878217,68.3475177035764,69.6854076853331,70.2569926805723,71.196249553518,74.169372820686,66.1970111234858,72.3231908858344,65.0595258459346,69.6426311203115,62.0269369079272,69.4550399038919,71.9400487074152,62.0169142394372,66.7793564308447,73.816823691411,66.366770366742,57.2560221021641,65.704958837618,70.2432437707444,78.4194380158168,76.6858856681562,72.2429807252565,66.0165528324817,81.5160141284555,67.6663593064693,48.3036444929655,69.8934980294706,64.0359259704786,65.5063014191373,67.6566044925419,65.4967043270295,69.3541449517149,72.1097567686864,60.3016638796793,66.4756567434334,63.2880145514311,71.7316109949058,68.5411584682874,62.0783973887486,72.7265780409666,67.4602576567363,63.4215587487219,67.1975129149288,65.0204291961568,70.0164628471697,70.2628784520173,70.0945394884446,71.7562069063206,66.7132076745686,70.7592270126802,70.2575531447564,59.4968934054033,75.8680217742842,64.6314440189514,75.5880039350708,74.7707370505405,68.925807552265,67.7264185566005,67.1457660376611,74.2215142160736,75.2161946481137,65.6144645414851,69.9952680472579,71.4254596536116,71.5988722493903,63.679403542004,68.9337685975227,77.7573484883397,70.8876450114242,71.9522582118215,64.3297621550522,60.9059923798655,78.1309792931678,66.1336611020817,68.3003447541451,62.8254192983377,63.289874552851
74.0222855962981,69.2643312333679,60.6678846773629,61.7958370504228,64.616687939282,67.3929448935635,65.5866841762111,0.0,49.9010612396069,75.426319693728,76.8981759966538,74.5691388125461,74.6678453901164,73.2027873004301,69.6428482319072,72.8631535769021,68.8415249426083,54.4193227363022,70.6034017474013,57.0184504201587,63.8030800866729,71.3246245535751,71.4295870620404,65.516962320033,74.0579069576369,68.3905104019193,67.7663868531039,65.6002057327383,70.7168477549637,74.0765518842956,66.2774626341627,64.6744015190415,70.4661883082819,67.5967881368812,76.8242315210563,67.2939526267476,69.7264085270355,75.1473435178837,58.6754371636529,67.8543706035495,64.2419027198887,69.3232540072619,64.885953885076,79.7481025216389,76.6221225060052,67.3404987362277,71.5724229369255,73.8199712731223,59.7402201221783,71.2309480037337,75.3141265920631,57.0685338459473,69.3571018148339,71.6890836244421,66.2405924800941,69.8973536448486,51.290184549006,46.200326422215,68.7455655352487,76.6441719417723,67.9392359249883,69.9222082636529,71.9670259043138,61.731911739948,69.9840964118965,67.1758771393905,73.9307567053604,77.9816723590715,60.1150794964654,51.4907130710421,61.3876505692732,78.6865015953785,76.9713105830629,75.8087667055385,68.0541772429157,71.0730456881783,74.2865781790249,66.6616548620252,72.2162635341693,73.4477225909305,66.539906326669,76.1561525232021,70.6803895549821,75.0444799235717,72.6277016533365,69.6468466685182,74.2788477367185,80.4018485985778,68.8288484232565,71.3072472656195,71.0216949534461,74.3319324279025,72.1496184432161,71.2626231636868,70.925930816177,78.2094771567224,75.2497757239962,64.4886775064292,67.9836892149989,76.2436632954091
73.6370621287982,64.4959275891041,59.0573025385281,74.9386443337273,67.9851412950137,71.005625768838,64.6074625838335,49.9010612396069,0.0,69.4094025539839,69.0128909259367,77.6159895663653,79.7624171760539,71.5769990593997,72.4771797444686,60.2755596429139,69.4603701074406,52.0384148747911,67.5665926052627,53.087108274432,66.35951668819,74.1762692902198,72.7701198435847,67.0902673862125,72.3566832607577,73.2234929605834,74.297864797334,68.6179500801412,71.2997686210442,73.0472958846139,64.8501482155009,74.7466508050603,68.2082664510301,67.5259339610735,78.1944324198067,57.0649087308191,60.9768507258562,72.5036701387367,63.4540745297551,67.9856190847208,70.0199583033913,73.6585548258833,73.4845754312078,78.5733247515782,70.8274570536579,69.8079133888068,78.0842994678696,72.9911157120199,57.6106276193651,72.6136869434517,61.6494910510405,55.9597568329935,72.4377532898639,74.4394350476841,64.7767840000032,61.9905237790395,60.5653805871994,54.0003129398407,68.6411911575824,70.9530621976077,69.0109723555726,72.1128953273828,74.6279554594669,65.8180551057922,69.5203765850511,69.6674150572755,71.2128657479789,77.2501961227832,66.0518844877731,56.7086708779099,62.9136878906114,74.7622039434304,74.7719339768704,72.4729759748052,70.9834404842595,79.4274237178315,76.2416325442058,76.8389203277679,77.5360433708098,78.8713276687245,64.189454964584,70.5723378060507,80.6254269195172,78.9015400833685,77.3783332583586,70.628449084713,69.0023387195775,76.2053928941738,63.3001288807515,72.8169419939547,65.2260992209319,76.0177845363158,65.9911860413781,75.8414767989585,75.0930514133278,80.9468444680184,75.3729606810286,66.9083604234318,65.2479764529229,71.8634695117515
76.6854369238495,71.1521444023907,71.5281026570676,69.3941690544143,72.6430083280971,69.9097727463363,70.4062607704216,75.426319693728,69.4094025539839,0.0,63.3632365705419,69.3577507669801,65.9906552049973,62.5327809697077,68.5963252171623,68.3540057786445,62.9525483352671,74.4371885303113,68.5140174235943,70.1782450646853,74.488313448118,67.843533923958,72.7264893850689,66.4471539090883,70.3164134231873,69.6706528018626,65.3091633341124,64.3627480983677,73.6302377343013,65.0810455050217,74.9122081756466,71.1649546124781,63.5139546965048,78.7676321617548,66.5226729334335,63.8136343734618,69.3274272916522,67.207763882734,66.2928815237322,62.9751649507824,72.1847256762659,68.4587437412673,60.0925964646739,71.5422325128557,69.1573004474259,67.6271471884995,74.2282272550988,69.1939920688513,64.3486710848182,69.5262334961374,62.8325047110069,71.0768480030435,73.9772487512919,70.4678622997241,69.0567790443049,69.0190723440082,70.3043947053986,75.5793220353665,64.6786672603347,54.1092354920822,66.7382330566079,74.3334269602311,75.2123892426859,73.3444197916787,75.8342814725616,73.8806847986228,66.9241179192264,76.0823639805292,73.7387101420064,76.1464922963263,74.5363630913575,68.4794157904863,70.0264947221536,73.604891521023,61.3546454566815,68.4705700089607,67.539976183222,78.9302001894318,74.5050710413114,69.2205930617021,66.1419849161342,67.5103390023903,72.4364843703795,73.5739858058657,75.221237920989,67.8616712553549,65.2573831798445,74.4826865686818,68.4856188563153,63.7544120190245,64.2468564019744,75.8310756950165,68.593983056372,72.627275640641,64.9470339953262,79.6550205839398,74.5943123331618,73.1642182070172,60.5815318249273,67.4633017866111
71.5397423299236,66.8222569768133,68.4501305318013,77.5975411127371,69.6487280449315,72.43149449332,68.4312320203301,76.8981759966538,69.0128909259367,63.3632365705419,0.0,62.6062677508978,75.3777452605568,70.6988183615458,74.4222455076066,66.5399988841863,65.4411487361668,70.1396790162332,65.0541805556536,72.8890261857683,71.9619866149121,71.7308890078669,87.9617766874774,61.4971209857643,72.3577196275312,69.7678730055068,78.396996419587,70.4549852792184,73.0424306404964,77.6769470220438,70.6748497774727,66.6720769052346,66.6769922490409,74.9341452744846,78.2048726055582,69.9001769866116,67.2699828736825,68.1207706591202,75.6597974877187,67.3038558652278,75.1801348638779,70.3782592405279,69.7488694969502,70.4527678495407,76.7585444020818,75.8572538886834,83.6250254612722,79.7331498817822,68.0907264126562,66.5795660497172,66.3610381108617,65.9620027751086,77.0915434367456,72.9233188839554,70.9995279538762,69.3195555712532,71.8065911367253,71.3649280882461,69.6537543714515,61.8503335890525,68.2115610224175,64.9506567524905,75.1977470618547,78.6870218650085,67.2399236170613,69.9623417994029,68.975482913206,75.0833228585748,64.8098726635621,70.078703138008,74.8899653790629,71.7923231381737,78.5421615677859,74.481502851085,68.3732819300624,77.1003125374566,66.4306287072438,82.2221462891307,76.709718706998,66.5835992269333,73.1566179247825,71.2164617644292,82.3951431128976,73.4628964213716,71.143192722772,70.1351252644142,67.0687144059953,68.1670486183399,72.7152105841959,67.1983681689275,79.7621795749823,71.9513056538442,71.7685633189765,73.1394453068138,71.6346872948993,71.3433599405765,74.541795329304,74.184289495412,61.6746660797746,71.83827248616
71.9066606975825,73.7170565655086,74.9201076957325,74.306812704216,69.1261115839982,75.1020394934068,72.1721930001395,74.5691388125461,77.6159895663653,69.3577507669801,62.6062677508978,0.0,63.5723818097205,73.9402040057333,68.3498758830917,72.3514653246471,66.6573786721374,69.9595120445316,74.4789344683891,80.1203840053936,76.2962021532028,72.5562205734595,82.1423092158117,63.8578799060832,78.3188258533983,62.6230475637442,76.8794905257902,71.0222514295058,69.9714854558887,77.8669925833745,74.0696873453183,66.7953166847652,69.2891468732818,72.5373061311536,80.467461556241,74.7417173123816,73.4449832402633,72.7639516512094,73.989545074716,72.8759994442636,71.9909097826361,69.1862795880739,74.8218687262062,71.5373813550716,80.5201989482293,77.272481772224,83.0350863084177,83.1771236689033,70.9010806359775,68.1215906609014,71.300554888173,74.9662258316819,75.7154830802609,69.545040760998,74.0440393862642,78.78025195077,69.45981766459,75.4113477615169,71.4800529475354,71.1221676822299,73.0293098232207,70.0290847673763,77.4382330782669,76.9880229975063,72.4096932684688,72.0879592403634,74.6038300349034,75.5458580736886,62.5674436429613,74.5052744799738,78.8147954634394,68.9719733480402,78.7404507552657,72.541808591901,65.3625751833589,80.1637021710322,69.5506050231048,72.2326293283014,78.7695253745422,67.9815997271209,73.5172944091607,74.2724266393101,80.8536050934502,80.6509405689659,74.6487394922914,67.6572217384635,72.3401210867963,63.2689950774993,72.2521806420821,65.228394837828,80.5514439320247,70.2246910478593,73.4842111587138,77.405091941148,64.8174949609461,74.1724246687094,68.2172238776385,71.0307352621278,71.6973731707095,62.2757977794778
71.6278582734048,71.692473206836,77.8897279923558,74.6006716544943,68.5694982395722,74.6863995676221,69.9741759870455,74.6678453901164,79.7624171760539,65.9906552049973,75.3777452605568,63.5723818097205,0.0,67.7430744373938,63.8503791627836,72.0296112133326,66.7473368359956,73.2734615719213,77.6141270666584,72.6263875219871,72.192777360762,67.1887696514574,73.7980745431359,65.134493222957,76.9018161617358,69.1121495609315,66.3466611237276,67.180102483041,69.3370100658293,71.8458683335563,75.9173319955584,64.1555713680451,68.2468347759664,80.0640997716198,67.9156715761294,70.133741284201,68.9293312234129,70.2170997891024,68.4979046230349,66.7886152238941,72.1282665100213,69.2704763196192,67.6920550010209,60.9560042102183,72.586930898068,68.2385030241802,73.5779163784787,73.6841865027213,65.3955705477494,65.0673544030415,69.4064064057519,79.3479632380337,73.7283016578102,73.0743143315685,78.3597770983767,84.5020535337138,73.4944759958018,75.7473013632207,69.4675621986264,70.1675395962494,64.8275391956815,69.3357834149712,75.0749768364161,78.3403499023595,69.6423779565665,68.2830749188577,65.5708833283852,74.192758346332,69.0887408687122,77.5130222015518,79.3966612841367,68.1116443398697,69.938051958787,72.4832340089116,68.0227444260514,72.2923210183112,65.09540816191,66.3110216700869,70.8583410688367,64.9798789169632,67.887632999543,70.5100084918629,74.0022259824816,78.7431064093175,66.2219715560685,71.5335669778282,76.9431680061047,68.1228429830619,75.0065728871565,61.4696030701106,73.6457377293492,68.0460877706016,66.2475318987641,69.1077046992758,69.923135509216,67.3762009925903,73.2508051512817,75.1363156441756,66.5663816516001,69.4720423557723
69.220716198325,62.6860560019745,64.0480023984889,73.0530195301395,67.8125447427379,71.6758697149404,70.0607216537577,73.2027873004301,71.5769990593997,62.5327809697077,70.6988183615458,73.9402040057333,67.7430744373938,0.0,53.5444830328571,62.3525295478981,54.0297703780645,68.4980585910349,59.5922443637962,71.6023908720336,63.8166503916852,72.1583447192281,71.0840891535555,69.6037135723845,74.5561419842234,72.1667245370371,69.5770235480114,67.7184395459834,68.5782732374176,73.6537135494111,69.3710134684371,60.7370929371798,63.9490859359791,69.326163487384,72.2800482288242,67.0943273676339,67.0795824285367,64.9727693386644,63.9702169857617,64.7482715635484,68.4448952820758,69.7082057116922,69.9234599472614,73.0608494824223,70.7057172500638,65.8728519543549,71.7022722018291,69.3422518731413,64.4606232788899,65.9237877329389,69.2627113869131,61.2338434888452,66.8389206194517,72.6839434656146,76.9764473781167,71.3452165371567,63.4806568566483,65.4131284431564,66.8187094718302,60.7703134714753,62.6168944336467,69.4116109947173,74.1517102296369,76.0277578613265,68.695954749398,59.9562011811518,69.5865355127344,67.8284664526215,66.5825293663188,70.0237784959211,70.8576968089372,69.4717207832468,69.0515455064237,67.8300187402266,59.3349011396256,77.190677146902,69.3529066693905,74.5101007959117,68.7039998185259,69.1039468337219,63.7209878967455,62.0225809034558,77.0404374197176,78.50577985338,70.1286125277372,66.097664686077,72.84462566245,69.0939804038995,66.721606610096,69.4390422648568,71.4239904891673,70.8310817307508,69.1538239705929,74.7567264018664,68.995668537092,72.7568099727809,64.4875248795025,66.8897302719919,65.2163449509423,69.5529331788139
72.0203537723389,65.8620675089903,70.4122014639938,68.8467370597076,65.1519560181589,72.0252488167778,66.9193780760694,69.6428482319072,72.4771797444686,68.5963252171623,74.4222455076066,68.3498758830917,63.8503791627836,53.5444830328571,0.0,67.6679073563725,64.9472990100193,67.6764612673602,61.2291632593727,70.2635233320672,53.3103749620207,76.552561161078,71.6844495809982,68.785011103874,72.2539447050042,65.5750533565944,73.795305373555,69.2708048224945,65.9943190858736,68.7753146205329,68.0673240472577,65.3592909078978,70.7247012791406,74.771501875117,76.7170511568715,69.8998500802326,67.4313927134926,71.9253556226661,71.5723397600276,62.2511863940938,71.697743130262,71.6466742355893,71.4135848021237,73.0349579823081,78.6623083606194,66.6831830539339,77.271795407179,74.1420625507314,60.9402477484232,64.3831782954604,67.1988196741435,70.2794484874338,76.36616243163,67.9895141713018,68.5887674299335,71.7463771907773,58.2292319254242,68.6021008166211,67.8481041065841,73.8357952849102,68.5469150363365,69.6497582845592,65.751816053895,65.539482004613,62.0594342199695,56.9475189209749,70.0541131220015,67.7314732994908,72.8702090564937,74.0492192403983,73.5136642487189,67.4867434370775,74.7486306483714,72.0282339038948,67.9391259966885,76.4827045384175,70.2550830667865,73.3981727295747,67.309267497549,64.3074486621119,66.0896067518972,70.268250516376,82.1253022855885,78.9312677041918,74.7793445745841,70.6301654097793,74.938635486357,64.247242546937,73.9912861516733,69.8687958896934,77.3916558486101,76.1073897524676,72.4531242557133,65.0525299961096,71.4114058327656,80.0168135591211,64.7983437622602,70.0914787334992,64.9806198764178,75.7061807727593
55.1084777857009,57.987789101318,54.0426987415578,76.4898853680194,66.2826903144966,69.2280216866363,64.7391118789213,72.8631535769021,60.2755596429139,68.3540057786445,66.5399988841863,72.3514653246471,72.0296112133326,62.3525295478981,67.6679073563725,0.0,66.4559607156514,65.8125246506174,65.1423546292619,67.7105931261031,67.2259963567262,64.8234674269654,77.6914082465226,57.8070173433541,71.8646217727871,73.3651184642974,73.1715410694355,74.392710027535,67.436142938443,77.871595819263,67.1258845541951,68.8923352491886,68.6796674236975,69.0530126720917,66.2275072525181,64.2606539176482,66.4985407769062,67.3840188633166,65.2380231568628,72.7458728238076,66.0691362852886,76.6308277834322,71.9382477271351,74.7267061752984,74.0997658345702,68.8954238061902,84.8914524899838,76.1691528375305,58.9382191842456,70.2579741205186,60.0366760226173,57.8885370276453,51.9939065684911,76.6648901637228,65.9139869416096,66.4373540357225,60.676895419358,61.0232502010921,61.3781827903211,71.977138524993,66.0058997787754,73.0763469819345,76.3084762635946,68.2664514944055,67.1289949168752,66.0542180806119,65.0152032132001,67.3069871409468,66.0472859583557,64.4071464549574,63.3863371820292,70.187594050524,75.5433379925267,67.0497455778912,65.9662387292084,75.3380563267057,69.4416850668646,78.8502665101373,79.3046097984612,73.1458762410254,66.7589662215492,65.5837747749617,82.2591228657183,69.7642003570778,76.2464217560334,70.8766440109248,75.9260480238527,68.8782183711723,59.4458583421365,72.9637780361098,70.1539908757246,78.7027481751968,69.7395211216325,76.2789374428232,65.7671575809413,79.0762333371653,75.0012333603216,80.034307318002,67.2624410588443,66.3951259446364
65.3652662843958,68.7587614811024,65.7195438016858,67.9287655716932,66.4246901634135,67.7541637006044,68.7966711033532,68.8415249426083,69.4603701074406,62.9525483352671,65.4411487361668,66.6573786721374,66.7473368359956,54.0297703780645,64.9472990100193,66.4559607156514,0.0,62.1836927566512,63.8997364661519,69.5114794271555,62.2330106927655,64.0328602869568,78.4141701978378,63.5059998403115,77.3679999073362,70.9389602929617,71.0228394452068,72.7771319559397,66.8596746797999,77.2667781140916,70.8431304900075,63.3719442190615,62.4956913680087,62.7048537023988,74.6197660891274,68.9333627168995,67.3966754336825,69.1079653683862,71.0975623499603,71.7564457720116,66.5938655733473,68.3310506525745,71.7096046993236,68.2075575076182,75.4878243715713,67.9206104763038,77.5771946085537,76.2001257749802,68.4828298201524,62.3069232838243,63.4246715258036,62.498534578364,68.8644334482495,66.6690079880518,78.4768288948661,70.018004226691,68.8489991592748,70.3862004660925,64.5956354719246,62.9081546072918,65.1039214377373,65.6404053992955,68.3563700463958,71.0506590241119,69.4496476418209,64.934639930829,69.0815042150597,71.1783801465513,61.2472515138597,66.1869027499316,67.094471052499,75.253266396626,76.7451438794618,68.4592992062657,65.3214748126348,77.5561090736151,70.0338304750563,72.3817407292606,74.2117645284329,65.2722467511888,67.2745670033953,65.149991790005,79.3971457071184,77.524696576692,66.2447219140769,69.6216429358207,68.4091695298779,67.5688111933313,68.8342235302803,64.1269628643452,72.5984510209756,70.5039696463031,69.1243778392642,73.8128706424475,68.2955734598341,69.5949691222259,67.1016387239131,69.2621269881051,64.9836712579998,59.6081227210965
69.0095032870925,68.1877629932629,72.006590543004,74.595022499556,62.0056772476686,67.6907288827271,63.4269717407755,54.4193227363022,52.0384148747911,74.4371885303113,70.1396790162332,69.9595120445316,73.2734615719213,68.4980585910349,67.6764612673602,65.8125246506174,62.1836927566512,0.0,70.6225250866945,53.8773950700198,47.9680338736985,66.7772507809841,67.3702953703754,63.6530929534482,73.775412642404,66.2352364521734,75.9480029220999,75.2778440516796,62.9486443134578,65.8051087391925,64.2593645861439,65.0019702619082,67.1676095567833,58.606075773619,75.6726710205399,55.7420068977497,63.5909537509038,75.0028401696984,73.6521439733441,73.9736018078608,55.1461969043525,69.8704641017072,70.7840619446043,73.8649199198686,72.0413666675804,64.7887296489375,76.4161907807456,71.6038027912557,62.6649410557465,66.1960914707508,67.4007770943381,59.371768025975,71.3319564594328,74.2733449981806,77.0477408406183,72.4169193754039,59.9013646569664,47.0519286459941,67.8468892765523,69.9343798323801,70.7584977406291,68.1118180467179,66.6613231116531,67.6206425346914,60.0876672778597,61.1756920369602,74.0752302826929,75.5124826078322,59.7553695908877,32.9845420004925,61.611201408103,74.5412354401485,72.4430057192537,67.9252231525511,65.6341217483735,76.7785099392899,77.0382315550854,70.6323265526181,69.17016265552,71.9806317970551,62.2023136021144,61.3282659893373,80.7177413497013,75.2202238858095,75.1200444248702,60.2693438067214,73.41931984052,74.2459973882919,58.0626250160141,72.5748229871484,75.3524775011969,74.0406516577685,74.82636928742,71.339806726037,64.7137572052925,75.7901139582331,61.0930804776302,64.7951736429265,68.3461703891218,64.8563963318651
67.1753657765242,64.6716243295378,63.0418293279722,73.9044590371762,65.0731355446542,65.438693154381,68.5554876293977,70.6034017474013,67.5665926052627,68.5140174235943,65.0541805556536,74.4789344683891,77.6141270666584,59.5922443637962,61.2291632593727,65.1423546292619,63.8997364661519,70.6225250866945,0.0,70.8594396273243,60.6338645919064,77.5229020115724,78.4425629135833,70.2963682418317,70.5934431909964,65.2135925141607,72.6293947621584,70.5696019359903,54.1926509431018,72.9460395818369,71.5526159129096,57.1598732030097,65.7294494195348,71.6505904643184,80.6411351317372,68.2506483838932,62.2643600945897,70.7833504317816,70.243095819863,69.9597977475177,68.8696522139848,75.4259414890215,70.5183442570985,76.0387239983881,80.2713527142778,72.4899737826361,76.3227322708989,71.5832933959104,63.0454537931856,70.8754369895283,71.3033156698074,61.5570081986329,72.3464353622362,76.8797128506312,70.1280196245211,75.2393335136448,68.7610688156199,72.2447707451305,63.7625326172461,68.8823364126896,64.3515992720671,67.7155519105992,70.3609443883978,64.607064139017,51.390793191414,64.4882854502771,67.0248833805389,60.6647441925787,68.3639755654851,69.4931488848278,65.9752177637683,71.8757597443785,77.0317701443715,62.7941100096166,67.5280548355991,72.4178366587626,63.8746155773566,85.0089835961795,71.0941310119589,68.8413355987815,66.2440272463642,64.0795935802614,83.0607456611473,81.5067123881472,71.2224683651397,74.9599491034627,70.709567727563,59.3087734853512,72.7069851526388,74.2765535676295,75.672494571294,75.4810335569657,77.4846697945721,68.1378242797271,72.6932063646626,77.3798097044849,64.9907250098086,68.6712770701682,63.6323216176519,70.5673619755848
74.9795500103316,69.7923079476818,65.9256809000052,71.0778336871562,69.8401245294627,68.8155270418613,69.7826585788028,57.0184504201587,53.087108274432,70.1782450646853,72.8890261857683,80.1203840053936,72.6263875219871,71.6023908720336,70.2635233320672,67.7105931261031,69.5114794271555,53.8773950700198,70.8594396273243,0.0,62.2713190823757,71.9638329028439,72.3646972660584,58.2092905777415,69.8096008082026,75.2268560948564,73.8863871585479,66.6110654210352,74.2358487517499,65.0254609291837,65.1403614886622,77.1955743538993,72.8830121082473,66.28062201783,75.4046774688236,67.7445740845116,67.3454663967486,76.0850325478499,68.3809541963054,71.2900102801201,61.9035142544551,76.0469878282138,73.3828912589208,76.1239676392917,70.8130287319577,75.4949357968612,77.7123787354215,74.5072629717736,58.6781764072594,67.8672074028253,61.1325636425972,59.660062981727,75.2821678077127,74.0296189964213,69.9830204040084,66.6001007622245,65.739937945572,58.8284695574042,63.6810132909386,73.1533377228378,67.047900659787,72.661689950017,67.3558350080773,59.934881958471,70.6274635323242,72.3540327291238,66.2289445709878,73.442095586977,65.7374118981675,52.5915923831876,57.0283655537845,74.3610711578277,76.8830051241662,73.9601379614283,68.1758347105903,72.1859659597838,77.1377747749047,76.7089350419481,70.743324361278,76.3470037038566,58.5628727361173,66.3623708934714,76.9939571351972,76.5087474770826,77.1936261821972,65.6144205483019,65.0880050779407,71.3587468641044,66.3075031169433,67.2231206875854,71.3986161026291,74.4251616334466,62.2575319408417,74.5427288189349,73.0688403883614,78.9153934687354,65.7631394436558,63.6740817332696,61.8938060633254,66.4627679735051
67.3754046965555,65.1691390146761,67.931259664814,71.4180825496478,63.6097000744576,67.8317852596262,59.0944707576818,63.8030800866729,66.35951668819,74.488313448118,71.9619866149121,76.2962021532028,72.192777360762,63.8166503916852,53.3103749620207,67.2259963567262,62.2330106927655,47.9680338736985,60.6338645919064,62.2713190823757,0.0,70.9824135463064,64.6108735283828,69.3969703240867,75.3545069344432,69.7140829519746,70.8720258401682,74.4457318851648,64.5756586184814,70.4343454919674,69.7511071423418,65.9101837676606,62.7813863509794,59.4006180550214,74.4954250052532,63.1439394876859,68.9842431140585,64.9074484653576,69.3823095596205,67.0066209550988,67.5130734667334,72.667784065767,69.203754215495,74.4615865104166,79.3361157176731,73.4236936801737,76.9349563188232,67.7691403920071,63.8770255605813,66.9646008816072,62.2882348639093,64.3553436299215,69.3445598566639,75.0892725949156,71.5337728055058,73.591913459767,60.3863775541074,64.1533380057895,68.4867062622325,69.0223021904677,72.522540384418,72.7929555022927,74.3982053342806,67.8554059649105,61.2336492016164,63.9777666472746,66.2655283033099,72.7644355999061,64.5156185257589,56.2971724411986,61.3310539097456,69.3756230782414,71.3333356466682,64.3345120623484,66.3502978551578,70.2083445761124,73.1035334656489,70.1624440493471,70.9000626543007,70.067836162497,57.3798588740036,64.5279201053853,76.7004922977953,71.8902895286955,73.3873349017603,65.0490516959627,76.0541697981915,70.0180743068263,71.0310979093061,73.7563239835361,70.2921640373868,74.327191399225,70.4257320953807,67.923567643239,63.7748052903114,79.5543713541328,62.8490340602833,66.0445169761033,65.8386067387121,68.3224993832116
71.3790466990427,68.9240617279761,74.3021925013346,78.7983827698615,67.5611785140609,69.1836968059305,73.5065729536089,71.3246245535751,74.1762692902198,67.843533923958,71.7308890078669,72.5562205734595,67.1887696514574,72.1583447192281,76.552561161078,64.8234674269654,64.0328602869568,66.7772507809841,77.5229020115724,71.9638329028439,70.9824135463064,0.0,66.7663003960283,67.3828121643761,74.4802759020116,71.3216462625295,66.5709265324413,70.0559926372184,75.1940371601059,64.6364044685139,65.5957941184947,72.2728942529991,69.4999857389233,69.4242996128706,60.6171388210458,62.707521320389,65.7022388650829,70.8549734869885,73.5622809486525,73.9721622115597,54.9541270948132,67.7703922397284,57.6109065058531,66.8267987757833,70.1145501162047,63.7152219076534,67.5189581717528,67.8497648043446,65.1140564371468,69.7188400765055,71.8456921084517,72.8341121073762,68.250409846228,75.9793166682622,72.4025385129074,74.954623904845,70.289252125215,72.0267376069175,63.8963255654749,68.3620922294329,70.6869044687742,73.333216349241,77.4048553087495,68.884032964086,77.0008758042612,74.8187653002009,61.4875473404228,78.0179739717765,69.2423124171455,70.3504791723374,70.9504891212817,64.9654193253719,70.6805340572652,69.3935720084992,72.4617876129405,74.0692335101473,74.3424081317697,81.0918473187452,67.2102314181101,72.9831315117171,70.5624960937596,63.8794257319705,69.8523919558507,64.1231370493564,74.4216946060777,60.5270848108297,72.7669758931733,74.7165206122585,68.1100367275206,57.8019405547997,69.2031566739358,75.7806869514874,69.9741322917278,74.2537724626046,70.6697567204092,60.9685678654513,72.1035282995993,65.9814482627058,67.1080228558358,75.8658790499153
80.6227140311027,77.3078133840847,75.192758883519,69.9432621180213,72.3446168689373,71.5780999018417,73.9929678878217,71.4295870620404,72.7701198435847,72.7264893850689,87.9617766874774,82.1423092158117,73.7980745431359,71.0840891535555,71.6844495809982,77.6914082465226,78.4141701978378,67.3702953703754,78.4425629135833,72.3646972660584,64.6108735283828,66.7663003960283,0.0,71.7221473625362,70.5719641717434,82.6778924210183,58.0209074002327,76.8502034091049,77.3546458138367,68.0165164748085,71.7211349346478,75.7836334301627,76.5808482557114,73.3388175632739,63.4814870808345,70.5314027138978,77.4825648497464,78.5279291460556,69.3564201340485,72.7780380179468,64.1020521204773,73.1283115804821,63.7310450760736,77.7389349983679,71.161468945152,73.1606571733874,56.0856871489215,52.239134721364,69.1431456756625,71.9479716783246,73.3879849239902,76.406358945275,77.7805840599914,74.3777997481965,72.5689321819468,80.8696898992375,66.0348287921033,76.1151247352962,75.8595416461659,81.3305262471963,83.0230442992627,80.4907375107391,84.1968882034845,83.0960595976402,80.1740892387737,69.9535788889247,75.3814076699443,77.6128754247779,76.1027419726872,73.4700388978708,78.2838504474421,70.5877162883565,65.7320312054071,74.0835018956355,81.934489216109,67.14600224343,76.6068363925487,70.3569886100538,68.6044118685913,75.2618663811509,68.6127575770055,70.2030664968666,75.3275209560993,76.4146320966352,78.830526999232,76.1108658369977,81.654735874025,83.823752101132,79.697360984644,71.5316789232874,67.1390744758065,73.7478931067882,68.1456713139355,68.5254644275154,77.5302238766306,76.3460251126213,72.3794654401464,67.6867392668315,70.3494955862773,79.506294312028
