0,1,2,3,4,5,6,7,8,9,10,11,12,13,14,15,16,17,18,19,20,21,22,23,24,25,26,27,28,29,30,31,32,33,34,35,36,37,38,39,40,41,42,43,44,45,46,47,48,49,50,51,52,53,54,55,56,57,58,59,60,61,62,63,64,65,66,67,68,69,70,71,72,73,74,75,76,77,78,79,80,81,82,83,84,85,86,87,88,89,90,91,92,93,94,95,96,97,98,99
0.0,100.952561282284,92.9801466131985,107.622861045573,101.262243098996,96.5139190075332,87.9138607616589,100.197503864694,98.4529652959159,105.55026560881,104.952499188166,106.359403705614,111.528174539874,108.58046028635,109.821483916929,106.823320261023,112.447721869869,97.5288720349225,115.215859698313,106.852731358207,115.163653413074,121.610573312981,113.750529733748,110.007812299363,103.916808940365,118.395586984878,107.528320667321,113.910502868526,117.604204421145,114.731226061388,99.4360628622944,104.562109659688,105.242477034595,95.8165284893668,92.2974681961392,99.036243034452,99.873603642113,106.898726039046,98.7552837644221,99.7057813408897,95.966103297093,99.0448310177593,100.156078404378,102.935036939587,94.758372173335,102.024596031377,95.0619363919616,98.0771581131323,87.9623635963572,94.6932325766436,97.4044744147802,100.194851464096,99.1650890732386,99.3820852152496,92.2343291875627,100.91577048276,97.8033161878543,97.1707690184309,100.017303178489,101.873053881595,98.302745357155,111.911833548491,113.608360306349,113.904586886899,111.815331073853,111.736677939144,96.5959262527738,110.654600690683,115.410295799786,101.073011691331,116.138303858485,109.796577671047,114.252526201928,101.940503859572,107.577005412875,107.281689544902,111.256958317094,114.157543407365,97.7122695363905,111.894472701138,112.128869764813,98.2024502906937,96.4901374537975,109.785333619435,100.894773553168,103.157338828007,100.54972527624,104.647855513322,97.6541794791314,107.351037174077,107.884090177292,98.5046631457989,96.807663908619,102.624863575632,107.046200824469,105.30773098828,98.4952106190161,104.607146587681,95.7444142394561,101.045574290579
100.952561282284,0.0,90.7417284961845,73.7249118056388,64.3203710458741,93.0805257956229,97.5700914700638,83.7070397306941,91.850608591186,94.8864418981899,94.5016431765713,89.3192680318116,97.6253520755094,93.5521380994036,97.6664315380877,96.669313994831,95.8803544771684,91.8791021751059,97.4642465149497,91.3707081684236,92.983895736492,99.912893713654,98.1664054164394,100.482722839635,95.8159017093501,98.7067250791456,93.6435237146349,96.5623577934388,100.815095724314,97.3059973941724,92.9660487718001,101.29763297678,94.3001518757418,87.7821194285148,96.580221783428,91.2561835218179,95.7243679134843,101.369302349483,90.0677855921561,94.1150423944362,86.9765458957982,94.5505708099931,95.4616107290428,92.6333314146352,97.5079486791955,98.8667014968644,93.5956856349792,100.11263349778,89.9169563371512,89.0385797308907,95.1180112202679,67.5109481128031,92.7890209938395,84.9988341912872,88.1714071236956,90.8911137339353,80.5633221241924,85.7450624514886,88.6683859778915,81.6914917008773,97.6403471233904,96.7301607258432,95.7893773738752,101.338659894367,91.4543190920247,103.126933201308,94.4849785922627,97.6604584183948,91.730236680791,92.1089549512672,90.5774238355526,94.1914475114669,95.3338065721689,91.7453086762812,91.710810416287,98.6877328569472,96.1022899019101,95.4950598913437,90.9528513368366,102.135880938296,96.2739600978732,88.3044749071247,96.0259988954046,93.1532768448685,91.7856791349224,91.3061526896066,99.3346664838788,101.20630659664,99.5185482499411,92.656816296782,96.4412668322761,97.5343627688993,88.9803852498437,98.595882889898,91.9476326527608,93.4515709318111,101.96015369194,100.343002407806,93.5316745392061,94.1098175413674
92.9801466131985,90.7417284961845,0.0,100.857185403664,95.2564766241327,68.5132874050906,93.425810438691,81.0514633904309,74.5158387459294,100.142202154362,100.681471469709,90.7646415400081,93.9891380993447,108.249736733561,103.373206529916,97.2339283984349,107.552991270989,94.5631782665593,106.632330792367,102.183138778767,101.683658842106,103.061191878633,108.529265468402,94.9764870560656,97.6665085597205,101.929775865749,96.1703217471459,94.6116479443678,99.715298049542,95.3773993738065,94.6408647425747,93.2179507378599,103.32936854593,97.4200126855407,100.340810563103,87.6814174265534,95.1661018001884,102.518183116424,95.4438631459218,94.5566333804489,91.0845690941281,97.5336796116253,94.7877125103444,88.5465826096045,95.063185768496,96.0212053756972,93.7244930367416,101.081575845857,89.0947809027447,98.3494397524987,95.3271844880086,79.1977092143545,99.1987398156038,102.239959894692,69.5920089522632,73.1690461020324,91.3193618104059,82.2177659729535,102.315690807336,95.3393435815019,95.1289331467961,101.247592014099,98.4170578523143,107.123351881748,101.137921373311,103.918608670332,94.1940693564058,107.518616491101,109.098848371232,99.0072156510299,100.672861046878,98.7858695175598,105.142191595604,100.561747136,94.1436146685335,94.5622401837408,98.00854629818,97.7835104465026,97.4836685970441,102.311772028024,101.37152647324,98.5306843409539,95.8193123456407,90.7567598035861,104.685643335341,101.846713773421,100.745337053138,102.354456995394,95.7380783070262,100.074321455293,105.337105865643,101.511148978594,100.489931216038,91.0000881364108,95.3174254166173,95.5540327745079,93.7550513208617,100.407551637991,92.3808228205874,99.9376267604614
107.622861045573,73.7249118056388,100.857185403664,0.0,74.9612055691895,99.7276584640369,92.0972454014117,80.9291683903917,88.84950579877,103.098523446189,96.016238726596,93.2768608795353,95.3666053964912,89.4868906175525,95.863369392377,94.3948283841826,95.3733482952399,98.6465771875119,93.6669451237882,92.0696309349204,95.4872444579784,101.785278115205,101.261700727529,102.079296389177,97.1059037595908,99.7661645485587,91.1493025650798,100.740560895981,92.9409667155257,96.1408343994603,94.1055189444672,97.687184672409,92.3535724519248,91.7672357639965,90.4990583427561,94.6790982110185,98.7059197159412,97.9861617706564,90.8046845776354,90.0058565839803,82.7825161473073,94.0920261011667,92.3707669421436,97.1501222399281,98.7495841148911,96.4551081990814,93.4655502928971,98.8405606929108,88.6703154686557,91.0281927892661,94.4149667594235,92.9419546853926,96.1007652418687,38.9197563179195,97.0396709677604,98.331869172242,74.3572148796293,90.6665265444466,101.584582526536,92.6296086973727,87.6232087670819,91.5575102709023,100.72395612743,96.6985934503267,97.6839905624067,89.8641946103942,91.6066937177689,98.1251971726502,94.9993437760619,94.2799178584175,90.021960129769,94.3765228204516,95.3105292822507,85.5785001125538,97.6156695766558,98.8582116546506,96.8871386825496,92.2550309948876,86.983939017524,98.801179426339,96.4902576444237,85.2964767703144,95.2810292101562,95.527132615914,92.9790889287007,87.8457377711113,99.6428895724602,95.507833853128,100.75573103284,99.6275348242911,97.789410601564,99.3104161700422,91.2942738262671,95.4809170941899,99.1426050221879,96.8219168370762,99.2704041273998,101.088555012451,87.742994586185,92.3520843668284
101.262243098996,64.3203710458741,95.2564766241327,74.9612055691895,0.0,96.3885408065169,92.4296815149813,75.022464294705,83.0162778654066,105.068842958481,99.935027323751,92.7769254240742,96.9170523151763,93.6267401013444,97.9267743683464,96.235525829475,105.401317519049,91.5919580911041,92.6333127556622,91.5652738469331,99.2839288578106,96.0563642090573,100.575308300502,98.6091321595624,102.828759928848,101.661147671028,92.7507509758028,100.065043213671,105.289719751445,95.7693423566128,97.9052515769253,101.067488634067,91.9275422234486,89.1070577250646,85.387920049472,96.5464843811665,99.9754662222867,99.9251347946653,89.3817919554668,88.1982135467208,86.3036210287599,98.3241874334442,90.8364835904499,92.1201540443523,104.495656232563,96.4752637270581,84.0879958802196,96.9725504797896,87.6540273009041,85.0075002999582,94.0194535755579,78.4293539779855,95.2225202562422,76.9088272506295,89.803456940903,98.6965076401297,86.9078171698571,85.2642192098817,92.7918540109188,91.4368806907256,95.2307225928557,93.6343495029831,96.9326175593994,99.8244208924823,94.6747835011112,99.6988075577745,94.4896876396797,101.676639375832,89.7946594722534,92.0363887219903,100.263206989838,92.6662714533012,94.3414519034098,81.9699490011602,89.9067780236778,97.7860444797082,97.3018581812403,105.999416391892,88.1986896465523,97.8353873591753,101.640653284875,80.2117579690112,97.3161103595266,92.2101386865505,93.9509315839183,90.2351222744566,103.31437541093,101.593410491729,96.3246947334038,98.4050896812034,93.5441871555684,95.7001197944007,92.086157261126,96.5130405783179,92.9596937133079,96.2605509592274,106.288714729135,100.944297650457,87.1542960701059,92.9956846101933
96.5139190075332,93.0805257956229,68.5132874050906,99.7276584640369,96.3885408065169,0.0,96.650729264641,87.9644782266837,65.4091258679401,101.277042249089,103.398647079016,94.3615526773848,92.3435929714885,100.638555069208,97.7564302324538,94.3084913346062,100.118062610147,90.1900613521053,104.773921756584,96.3955760927586,104.036274531446,103.899783196432,105.181133239708,101.74561552281,112.094431511079,102.679433892492,98.912715148123,96.1726410552855,94.8763377061841,95.3437203479915,93.5460717863216,104.65015255851,103.119503890812,96.2805140223189,95.230887827228,85.586440919284,105.566481488732,102.42223522121,87.2385473457202,85.9011631971708,100.50067797137,99.6640272355993,92.3964051959935,92.7732367251926,93.6673327168405,97.1511344716591,96.9707435855867,101.093590776584,92.1583396916621,104.360744188853,99.7374407533405,93.6238758076622,96.4458599121397,101.969792683448,69.1726856104753,60.7812177621875,90.2793333356646,78.0087100086158,98.3245165037022,102.808433236374,96.0265060742794,97.4093321886555,107.881696703924,103.785145202819,103.175098344087,99.6236907733403,95.1958576725714,102.78842339753,105.367219438598,95.9665532018854,99.1226847649714,98.0286287334271,102.338385890415,100.968850488592,90.744433799482,102.615706963678,103.637473884336,102.285271985278,101.510649198326,111.796937940077,98.3218784132104,99.8692158978218,98.7347569779943,95.2950396784173,101.421465282804,94.8193824642335,108.314846355363,100.764827135529,95.7067789033845,105.66071672169,102.727765879738,103.563037445942,98.4261732499248,102.995056271908,94.4243464035482,94.9173871333128,101.854398894622,109.883340159233,90.1595175072166,101.342377177226
87.9138607616589,97.5700914700638,93.425810438691,92.0972454014117,92.4296815149813,96.650729264641,0.0,97.0562829426547,92.142377866893,101.130652699608,103.524017997145,103.689032872639,105.60510589292,88.9831251446754,93.2275647112867,97.3139056561459,106.649773336882,93.3613080872812,100.746044467138,97.2949662813338,96.495543729296,103.148210920929,104.36062332707,101.779905097238,100.0691685778,111.155264635901,91.6386407923501,107.640242284567,106.312748789933,106.203773627667,89.8805360878461,102.859778095971,102.847244102927,92.7906736329907,86.8287390911301,92.6125164328192,89.8680242916645,104.166393322313,92.5468817175097,83.7132449466974,84.0702232032607,96.9334976543709,86.0290986199599,94.3225943664461,91.9862471792202,97.0791217365731,91.0172715289452,98.8802763141786,95.0279037573586,75.3511516936753,92.7156002999419,93.9204430313246,91.0317247544581,83.4221949698345,93.2462678239238,99.7019629485238,89.13975825344,96.2235433054635,103.691267051647,100.275068966985,105.468823305722,97.1786306430025,99.585618592616,91.9041142892514,98.0990834820492,102.510062486777,72.14162683059,100.013556810047,100.237716086008,94.3719555603399,102.850566244013,103.966477226377,102.682396886042,91.6062053359934,102.14961791966,102.719901125904,99.514105672476,107.408977895922,86.2938579921865,97.5313205912316,102.10050992763,98.2330732665091,101.199894732177,95.3788658787047,91.5784528213618,87.5542058301019,102.791515892916,99.6675449677577,83.6222093123765,102.068802165644,94.7491579220025,99.330766740776,102.20913683952,96.6846345686261,92.943150846797,92.3106935113126,105.100594540854,99.4530568198946,95.3486705537336,78.2415041660353
100.197503864694,83.7070397306941,81.0514633904309,80.9291683903917,75.022464294705,87.9644782266837,97.0562829426547,0.0,83.9307026389299,97.4016686192594,97.942745533087,93.2582097903441,89.8585903559693,95.2993312813473,90.2029910972006,86.5667608025417,99.0964284034543,95.382108967578,101.690281365539,94.4708959761339,95.1360406867049,95.7793223943253,98.4826153635986,96.0886741693941,94.2293130106965,95.283192808909,91.6790762935436,96.462679318491,94.7856299341074,90.7595404915681,92.5260083632921,92.339575185208,96.0721853732031,93.6479010502751,91.6279943361353,91.9645684205038,90.809024118166,94.784198220577,88.2126043276784,83.5659096462954,84.8838645789966,93.0430609379065,85.0141123966429,87.7828931796758,103.651470688742,87.2051160059949,86.5741595621569,94.0025758271674,90.8201767308109,89.7939383199754,94.8387442873655,84.4116350229624,89.003650720546,86.4261568701583,90.8226657445014,86.7904907957465,59.5037496806472,57.5462208510052,86.4665798874119,86.8396407347996,90.43198280437,87.6041960706135,95.5767189650658,97.5983966817106,95.0289748966202,94.7680836421238,96.3832886443834,92.1609837500631,98.2899951995579,91.5769213165981,96.3326544869169,88.1918086083962,96.1215392633785,90.628178211393,91.6970745083968,84.6678410192025,90.6281890765441,94.9911249683855,93.3818285664066,92.3845509294521,86.8757881185401,87.2059376071067,97.5368018507227,90.5667611735206,97.074122861063,91.221392117054,98.4399410940068,97.7323486236761,93.7261426584729,89.2177809978064,94.6620718681193,92.6967237935654,90.5157101445617,85.1250812254689,91.1760060778994,92.3638146116913,92.0669753411727,99.8906951111553,89.7331725449999,96.0769912451516
98.4529652959159,91.850608591186,74.5158387459294,88.84950579877,83.0162778654066,65.4091258679401,92.142377866893,83.9307026389299,0.0,98.7771827521167,91.5233461128686,87.8219228553626,96.5714612861329,101.433812505712,94.7910380652394,93.9128061360624,100.11440923992,95.7212516022672,97.113565381426,90.4867570111583,88.5171898204381,100.008142106525,95.5297596525912,103.035611188297,99.9881132033012,102.723270194099,97.4830810314855,95.4505884910074,90.812266832464,95.3631709349438,84.5584839077133,99.9070581064369,96.0777786953191,94.4772707997195,90.1156759002382,84.3414789529408,98.786468951332,98.1511597387666,88.8177628255486,88.9235067533786,95.9386289695545,98.6963044112435,89.1816746982793,85.0997298492336,100.789384461083,92.9537531005367,93.6888033584163,94.2418010408871,89.6622690552431,90.6557489855997,98.3575297383522,94.6364974005583,93.3504710014418,92.0933731301019,79.9795472941007,72.9020562277989,87.3537069022203,78.6962280220669,102.435976842556,95.0848133120155,91.1647509416244,92.784315469102,94.9303293371831,97.2089559101128,99.2346595751982,96.2295843532192,84.8434401742175,94.4102769049337,100.36902171588,92.7464744382503,98.4239158012985,94.3688432674576,99.9441961876275,87.9605820255841,96.642113944379,92.8385092962394,94.3442143264746,100.673687464376,91.4140562720051,101.712269699654,97.5247710717888,92.9506260119511,95.2462805125246,86.4623088871154,94.1292917618407,90.3904929154071,97.3707755665773,99.3192906322932,85.852356939994,99.0309846962483,103.276273434505,98.6410826885693,96.2873746878698,88.358922505537,88.9060015632268,86.9294477061252,96.4235791750628,107.220827730682,93.4083469647584,93.7087808070683
105.55026560881,94.8864418981899,100.142202154362,103.098523446189,105.068842958481,101.277042249089,101.130652699608,97.4016686192594,98.7771827521167,0.0,87.9094265328155,72.3561626427229,91.6365276143091,93.3058362729784,97.5093102148166,99.7390863300565,91.3267804037457,100.399788723492,91.6394078716522,107.483515065548,94.7852991724676,102.263635535842,93.7351659440248,92.5586234321659,94.8437402976178,89.0419805825834,100.056214945358,92.3615168692823,92.5700832249903,89.2477338962991,94.6566133276953,94.7242403006092,104.977814007033,105.34438995836,99.7342033576671,99.2383604659655,88.8656813108915,83.7126501284417,97.7798081710712,92.7010181399564,112.204256532889,89.4421909793926,95.3644683169247,96.7984508928574,103.114129540465,92.237772207976,98.9129033341387,103.434522971248,98.8605709875052,104.892538789988,97.9973964778809,95.9142847370659,90.6051168042532,106.20657880052,96.3615512528513,102.035606996698,94.6346163495032,91.8875399176483,81.5724571032877,89.6782623311211,86.9125876292094,88.4566554168972,95.6322821922582,100.684555473163,91.673502501161,96.402671640212,102.332264794009,88.9031893483187,93.3808389406799,100.39439297187,95.647068875871,91.6753919369673,102.668479106246,94.3668256390847,93.32019568289,91.5864230569645,92.8213463070302,94.8698289846372,94.1895916750172,94.8987790911275,91.7435106670439,104.789997033829,96.5901327564865,103.562113999064,97.0155963510386,101.267775607913,92.6911451209279,94.0798855094946,107.335464305773,102.638644142113,107.264182260397,89.3396274991238,96.5344303166136,89.4865339975582,97.6901965763867,95.3829028137198,92.6889161466481,95.8088752961198,104.945966984568,100.545471468226
104.952499188166,94.5016431765713,100.681471469709,96.016238726596,99.935027323751,103.398647079016,103.524017997145,97.942745533087,91.5233461128686,87.9094265328155,0.0,84.0237037509443,94.9508533952404,90.4554516632223,96.1613113670603,100.016294940145,89.616298671158,91.37600261514,103.841561795492,100.917187428154,89.8922628076888,101.545234773381,96.6926465210737,98.2193060422367,94.4110958904432,93.0484942889122,92.5501958523254,89.3941075745909,96.7869896446605,97.6104617420544,87.760795373325,99.7005058456986,94.8037298045136,98.7620149637998,94.721412804652,101.845546985957,94.1615821320497,86.5093940419867,96.640518098615,93.7833033876259,96.2323739121845,87.4943055116925,98.1400067241483,85.406154812413,100.766708316355,90.2538113566903,95.7253259605892,93.7942196410962,99.8543828855209,99.616501386252,89.8697607009776,98.7825180872246,100.03914201443,97.8278323604259,97.9861939881108,99.7939741377198,98.3787574164983,90.75025628584,99.4060621081124,95.8134750000754,81.6002347694485,98.4210068688337,95.849257100994,101.582317132082,98.7736904424845,90.7551125157935,108.424329111877,97.7651319802496,97.2556357742954,94.1336556105811,96.0580353608508,100.191964399336,97.4719215163689,95.5546948689945,98.1825602338118,90.4029388412369,91.9926151124352,93.2498131011218,90.5418153426878,99.4248478749111,99.3747775483546,98.5342856249583,95.2974889303094,89.4317270722788,89.220674846877,84.3606401560478,89.5093110558607,91.3599193224766,100.032265352282,97.583978145199,91.5364318198096,99.3598243109708,90.2550130422948,86.0326867904393,95.9666599470791,94.4402623017598,90.5160252457277,99.4886491126842,106.453330249732,101.691083383466
106.359403705614,89.3192680318116,90.7646415400081,93.2768608795353,92.7769254240742,94.3615526773848,103.689032872639,93.2582097903441,87.8219228553626,72.3561626427229,84.0237037509443,0.0,75.5735631053668,85.3666635035843,92.6808677464179,91.7260640645803,87.0149752882788,94.0995681264818,89.1896998223904,102.542058216733,96.3035450879768,92.8803766793393,90.9525191395208,86.4883859324974,97.2194211946623,81.3389587575717,95.2869351308834,86.1261739877098,93.4572634324347,74.0125245832316,96.9787493723864,95.1556997787681,100.497764720833,100.70851594582,96.584246473163,96.5160388428726,89.7921008212346,91.6289220037254,98.1589361149105,95.8418663186366,99.5784552993589,86.2901533255239,89.0331959011873,82.4478949252078,105.03973950222,92.6504671410154,97.1570097205951,101.678843506864,99.8664646399975,100.059904686836,95.8294591355409,94.75020440617,92.5897462814804,99.4351166332649,92.9277086651789,96.0396267937616,94.0075984701157,96.5516315916746,84.3983161538825,84.4477399061759,77.3405423447433,82.3221788595752,84.7168197479754,96.0973087217669,91.5324150758004,91.1375141009597,101.87071622351,97.1688613540911,97.3062419524197,94.0844525358148,87.8217314480258,90.2006040772355,91.7972486650103,92.3397724039081,84.3582097115088,91.7008888854286,89.9216336546967,89.1608566332495,95.1144549857079,99.3053158715494,87.4859197480876,92.0260929491555,95.5069158654897,90.3114368466646,94.2625032643912,95.9271484108242,89.621969356326,92.5286749668334,100.689251533267,90.4155284806761,99.8017767561026,100.199861796708,92.6409373236851,90.2289804997531,87.2757812510202,85.6382378252152,93.530773778737,99.2546709760849,100.30207700734,96.2471003226412
111.528174539874,97.6253520755094,93.9891380993447,95.3666053964912,96.9170523151763,92.3435929714885,105.60510589292,89.8585903559693,96.5714612861329,91.6365276143091,94.9508533952404,75.5735631053668,0.0,87.7802940168712,84.0729953026317,99.5236447200175,78.2717925232852,99.412073053062,86.8679656523683,99.3654476036816,92.2920390101009,87.475990135597,89.3190631539912,81.1359358911761,100.069701784869,82.032083166104,98.6506813232266,85.398606132741,89.1557061879228,82.503372805262,95.2986311927213,99.2927730700565,87.2871834560023,93.7732512888967,92.8268118680976,101.523111319789,96.1443802825662,96.3801015555772,88.3898328566478,91.1526591383094,102.006788272376,94.4569033807558,89.143437718639,81.032492418308,106.56031393391,86.4795111070426,94.8248862935937,100.125420548131,103.529623374705,100.734500309321,98.499500896829,95.6252587687337,98.7574337887545,99.722500186026,92.615723668662,99.2365680699997,91.7352889223998,90.8877099585707,97.1424536860991,98.2354017287217,87.1483403862429,63.2653001190451,83.3189312374242,88.3350260378997,89.0777056284833,92.7093479486622,97.4729379822016,92.1280367918788,95.4873363815828,93.9490217498615,91.9760161100274,90.1589956743044,100.647740914842,91.0115809038577,82.9293075337528,94.7741598095097,86.9634669947388,82.4118171311872,92.3315778635001,97.6134620241224,86.2710662315251,101.874926471551,94.6950144675645,92.4901191429193,95.1269967975032,94.5970774678668,93.4601375785328,90.2418226037364,98.9001634014639,93.6122564037039,98.8262059545036,103.363094610935,89.7858810564709,90.8932272436588,95.0008993224598,88.6029689426526,88.3197675133228,96.070484868307,103.832629210202,101.812443958691
108.58046028635,93.5521380994036,108.249736733561,89.4868906175525,93.6267401013444,100.638555069208,88.9831251446754,95.2993312813473,101.433812505712,93.3058362729784,90.4554516632223,85.3666635035843,87.7802940168712,0.0,62.690085975725,89.7719854518263,91.2032337878955,96.3399531634278,83.9829521052232,92.6120457237547,88.4368516118676,87.9488472340881,89.5077092211208,89.8305668788143,104.460496965444,92.7421006269534,95.5161606622111,95.8285688473298,92.218279236776,81.5810189988808,97.291266489879,106.391763072813,95.1669653874175,99.8529309111732,90.7064943428516,102.682613830914,91.748283950051,99.9221309253812,90.7632016017614,89.918402722132,92.365315118267,91.6503239378033,89.5478731838963,90.3011712374746,103.204674466555,96.4385531086747,92.3315753460882,89.3925838424793,97.8511477905862,92.5919199090775,94.3047979306846,99.4864301003918,89.2658932849653,90.7440402442643,100.359135515729,101.047023859277,93.4621337081889,95.4038714187094,99.6104050670731,92.823695093179,95.7872421037607,91.6234516859262,82.2716132634265,70.0409058523372,86.9033377759831,71.4334183612746,88.9587396720886,86.2844810119632,86.6108691920096,86.8856872530149,85.3127051024847,89.1462952235513,83.1411259002926,86.3854940556613,91.2552576052607,95.0865789187341,92.8759672574208,89.0762179819045,96.0864392683016,92.7528072804309,86.6859486204345,99.5147228851888,107.890302446443,91.1261222123805,94.1553860344761,87.734528060021,97.1007823225327,92.6677060232408,101.229098543543,92.761356744433,93.6246898415528,99.8939838553561,91.2604578483786,93.3364121831994,87.0430948296896,90.4427122913294,98.2475071536511,96.7542282705975,100.957219825559,87.1268997475618
109.821483916929,97.6664315380877,103.373206529916,95.863369392377,97.9267743683464,97.7564302324538,93.2275647112867,90.2029910972006,94.7910380652394,97.5093102148166,96.1613113670603,92.6808677464179,84.0729953026317,62.690085975725,0.0,80.3277015881469,89.8677009877526,96.9090633087208,91.0103642559023,89.4729394051415,90.1119335667027,86.5601904016095,89.4967466755722,92.0628716493212,95.561321399216,95.1360723497738,97.9521998307258,92.3350579633633,85.0450110707373,86.0123444179867,92.477602807933,99.109865735941,92.5918343739836,100.595386634413,89.0665095941391,101.855906886436,96.4944157607847,101.879622887873,92.9919335097783,90.7594525062499,93.4919304493143,93.4229430735326,85.1478213051315,87.1779107897941,101.105119216667,90.415986402493,88.318872328407,90.2496449310995,100.221563886497,101.496351318625,91.2843617708895,99.9601005178355,94.5744784166255,99.7893212382641,101.596407795601,101.696565900974,94.7464364428347,86.3774677120488,101.299711970391,97.0677591135943,95.7343078877052,85.0449404013392,95.5526307535949,73.7711113006368,82.9654461678755,46.4767171152702,91.5211159060464,85.7256989598237,82.3311409047931,94.9393338045978,88.6765540231211,86.0328302378231,86.352061516303,93.3750686886853,91.686706335228,83.3919636332303,94.3339939596711,86.4913764038905,82.7656880610193,91.6750241876049,86.8166044649558,100.866712428615,98.789606343449,96.0376869508833,97.5601957973889,91.2341540008584,100.598723434946,89.8452482371788,103.428944415686,95.9078330080377,94.2361004902319,92.2492900995699,96.0999920027055,91.0850573528135,91.8883064531026,87.7102710892886,95.8966474887147,97.9042588025718,107.515707524312,100.849444227323
106.823320261023,96.669313994831,97.2339283984349,94.3948283841826,96.235525829475,94.3084913346062,97.3139056561459,86.5667608025417,93.9128061360624,99.7390863300565,100.016294940145,91.7260640645803,99.5236447200175,89.7719854518263,80.3277015881469,0.0,96.5423190613967,94.9747803890372,99.2164414256931,98.0148482953007,96.9139527111335,93.8908645382222,97.4749748368128,101.925957131862,94.962862285136,92.5331140418311,92.6665372471066,94.5846241428667,99.5849533493994,96.5857700068619,89.348696716843,96.3263329564,88.354478731616,88.5557606134293,85.0409778210882,100.213037903622,95.1674856566272,97.2386222573379,85.6380483511245,90.6641581857083,92.401146560648,92.0120910727633,87.0626265448204,92.2879779938979,94.7369956799945,94.9356721360521,90.1602217010457,89.5676320446138,104.713304453933,96.6233173090159,92.2099906588096,93.0644005173111,95.3595627776271,92.1236776017869,91.851037947805,101.440980613396,95.0563667467194,83.0818074916217,101.879428385296,97.8669293877546,99.7244295693695,94.9489003316919,94.3248789941484,99.5830719582453,97.903672153874,91.3923062292696,98.7316691173878,96.6693770999996,98.747232430222,90.5211286028442,91.8749869926661,95.2845352204308,96.0890051451986,101.137270051375,98.8361098679462,90.5076713102152,99.5728444135615,100.774016040272,97.096631754625,92.1865730974705,99.9618578291622,87.3064660412377,89.2317713878301,95.3793638619392,91.6227411666985,96.8840650863863,99.0061994794269,101.68228244843,98.2455356256022,94.9367368773926,95.2697864098966,92.2556295610256,93.9852719362227,93.8562335427121,93.9319599727063,98.1116610056884,97.1616132361374,94.3562857189497,98.8970225163698,95.3598244244277
112.447721869869,95.8803544771684,107.552991270989,95.3733482952399,105.401317519049,100.118062610147,106.649773336882,99.0964284034543,100.11440923992,91.3267804037457,89.616298671158,87.0149752882788,78.2717925232852,91.2032337878955,89.8677009877526,96.5423190613967,0.0,94.4834540732467,78.0550653147805,109.936477571216,94.3293844547486,89.87121479114,89.2111537833036,75.1397582606004,98.2036961485203,81.6477653108948,94.0583370958869,87.893163997733,86.4301736279655,88.4829520046723,100.752926751444,103.596363055477,89.8026656625708,95.8804371583644,95.0954231237642,108.13968048413,93.9460123194334,96.9051451110802,93.4985748748436,94.1189602544364,100.573836091123,94.9003625040571,94.064670099562,88.853518990575,109.709300909046,95.4499980418096,97.8385497903894,94.1161189864012,98.240261880806,97.2347799385099,97.9105796684498,99.5645039352533,93.3795913574364,91.306480533518,108.066279692496,110.701559506982,100.697095113791,94.9301377842756,101.253195208687,86.3742131445146,83.8720041459743,90.4692532194964,93.5844281122207,93.5634531812859,83.1857458094826,93.7877216348318,105.343891898897,85.0884898611134,84.527962164523,93.1918258503294,87.3202250640006,93.1354488771401,86.9418879243855,88.4275680064726,70.1004885746088,91.7062269404174,91.3662572690639,70.0202846243538,99.4378236151977,101.183895722478,74.8276715210581,98.3004325538881,93.2898226617275,94.1396881006652,90.5378504285929,91.4085140230374,103.057578901795,89.9546305925339,106.068590323734,95.4742376077076,96.5800517318063,95.9950638638079,93.7867188345438,95.1534635820544,96.6763072218332,94.5504539540822,92.6891394803673,91.6600369488773,107.570439094379,96.4930651737047
97.5288720349225,91.8791021751059,94.5631782665593,98.6465771875119,91.5919580911041,90.1900613521053,93.3613080872812,95.382108967578,95.7212516022672,100.399788723492,91.37600261514,94.0995681264818,99.412073053062,96.3399531634278,96.9090633087208,94.9747803890372,94.4834540732467,0.0,95.2747460551476,89.713276483487,98.7215210407616,97.3804410520626,86.8106737349956,87.1145959117369,98.7580994921919,98.4440031796315,95.0068331575993,96.3703227444829,98.567262382375,102.760500039267,95.4141929576542,103.246101194635,94.2530717124109,84.9795002696377,88.3784030437952,97.1110514037816,93.4043121233621,97.3544092959513,98.6299040941266,90.9936801723722,88.3825574552807,99.032358296649,90.7411077630502,95.9550351519004,98.6929437118154,99.6416533246637,94.2812577058986,88.7536048324134,93.5554677207441,95.5053343678893,92.993502151637,91.0575149788294,94.223078640096,93.344352151892,95.6840252917944,101.594833188347,95.0592569413255,91.1584947665874,96.4399521670075,90.4732255980015,93.2755361184409,95.4851000766391,105.565236987356,98.216310303614,95.8441480279566,100.472747951157,99.7175996885965,96.883629927736,92.4824929014352,65.3114065248422,97.4039935643709,94.6306368219484,93.0733819984392,94.5017313103617,94.6378495285763,98.9594410544276,94.2630318210143,99.6948502882553,95.6625735473088,96.5927660015678,94.0489184916368,97.3605491778689,92.4738223160348,93.3105862658062,92.4827264432046,81.6938143933595,91.7786628068512,96.9589521088806,87.3840374087858,91.737071202865,99.1265426265701,101.058410648068,95.709231516777,96.5575639812959,92.6692016280476,99.895764919354,98.0929371445803,87.6555389997406,99.8941788952174,95.1230201918289
115.215859698313,97.4642465149497,106.632330792367,93.6669451237882,92.6333127556622,104.773921756584,100.746044467138,101.690281365539,97.113565381426,91.6394078716522,103.841561795492,89.1896998223904,86.8679656523683,83.9829521052232,91.0103642559023,99.2164414256931,78.0550653147805,95.2747460551476,0.0,96.279489218618,100.305515693612,88.0991832094138,90.1536875730768,88.3220577868094,102.357038175079,90.5891290054459,99.8148236309462,94.6857130884421,91.8351650986976,82.4570876926231,97.3499889633066,105.553434140473,96.9819579711757,92.6172916524449,95.0585186493226,106.309554515511,93.9005637344884,97.2246769661674,84.8632120645106,93.6457112003739,97.3522403512418,97.3396100750892,94.6958748996526,97.7015585394863,111.635949798636,94.4766494727506,103.228686077596,99.6013844311103,108.640069835862,101.660153401688,102.40231046242,105.570986245976,97.2414958510377,96.5572791256009,110.443978865262,107.511958520623,94.0286985535891,102.956891493779,97.6542684769413,98.914428887702,100.018469556771,98.4115276720569,95.7346685752925,79.948562348698,82.2250096550885,89.4216368461161,94.8897265567645,68.8559737814001,80.2759567105417,97.1690068058809,81.4114836533706,93.7103703653652,73.7062115278954,96.1003538171786,85.5238257233061,100.298155911823,96.2781508057445,87.1027544618082,98.3188538866367,94.8703205492571,80.1820343791737,98.6701467934042,100.180462348095,100.38857524753,91.1583068572898,87.9166669662815,101.927079226353,102.254426742504,107.209256621905,103.200529272629,94.7314241417297,104.013629699243,92.1950234743008,97.7790601212968,87.885288969553,95.3125895184881,101.332809422114,98.1250784384083,113.808844959686,94.6974981603273
106.852731358207,91.3707081684236,102.183138778767,92.0696309349204,91.5652738469331,96.3955760927586,97.2949662813338,94.4708959761339,90.4867570111583,107.483515065548,100.917187428154,102.542058216733,99.3654476036816,92.6120457237547,89.4729394051415,98.0148482953007,109.936477571216,89.713276483487,96.279489218618,0.0,99.4180428531291,95.7593254109321,102.195128768809,103.990581127094,100.663454829265,104.144531294743,96.5062028540463,101.072265903895,96.4858967102525,99.0826199943157,96.7246310982098,105.317203516337,96.4681885282846,89.8589479170919,95.4582194806233,100.700363526565,102.779565776872,100.847987901718,93.013302819771,93.6440176497513,92.802127598062,97.7091190577287,94.7634829854379,96.9435596289527,99.6647247039935,98.4041810323379,91.7499546698797,94.2027058284039,100.678092732745,96.4208727982653,98.7024326355496,97.6726199838637,98.6461586679187,99.18020550891,100.087409013131,105.567849815584,97.0093233085047,99.9621672335274,99.6028880671511,98.1533399355125,98.6476073396527,99.4749056339367,107.748944151694,96.0305059257758,97.1755582710815,94.8536193509977,85.8448891917164,93.4627412464375,90.0845392190668,82.313964829749,91.4706312612129,93.459160765177,90.2133189098217,101.601965848497,100.673734328248,103.269798138014,95.2559335489356,103.280260547199,92.8880688126538,100.49694661723,100.54971747643,90.2330188181446,101.164891191946,98.3986517824934,94.4801893745434,91.8839814802695,104.13291018962,108.410135762254,92.3076175624489,94.6856556743022,104.032152303344,100.505957678405,94.2353725427023,101.209885276557,99.1722641735777,93.805740176798,102.999849188624,99.2244192753149,97.6482837576876,96.8858046852141
115.163653413074,92.983895736492,101.683658842106,95.4872444579784,99.2839288578106,104.036274531446,96.495543729296,95.1360406867049,88.5171898204381,94.7852991724676,89.8922628076888,96.3035450879768,92.2920390101009,88.4368516118676,90.1119335667027,96.9139527111335,94.3293844547486,98.7215210407616,100.305515693612,99.4180428531291,0.0,93.9186190529819,90.1022663469786,90.9985869462381,95.6964588204144,92.0825737814518,95.4768780208752,88.7471322989723,86.8892143854571,90.3419111536964,98.4018723872789,98.7100053696558,95.9015916891483,106.20909065954,89.0439337923084,102.605669899305,89.2811643280394,95.3298254357326,93.6658364691382,91.6888816918701,98.1477632451049,92.273053798951,88.7365827422995,92.8758084116131,97.3523846741882,88.4035572073997,93.7674374240851,92.6703037605264,102.941180287902,98.327977367818,92.6405532414793,90.0649040702667,87.2720316503796,101.642431317724,102.981546141989,100.800442087087,93.8485287894334,89.1240527727292,94.2777543787975,95.5085428132122,96.7310137251903,95.9698631154751,94.9906278098621,93.9832303041277,77.9627087216512,93.3118295660053,89.9294957883086,86.287436499653,90.1859806721668,92.9888805601091,75.5913018626525,96.7454476153594,96.2489985520308,91.5624137715173,90.9116434827473,92.9317413103173,89.5060464196312,91.7693507891588,82.0840975148154,93.0860651497395,85.1938245572039,96.2278358720134,98.1001948163044,99.9760143460621,92.1057560596493,93.1256184679565,97.2632010935354,93.3780077782686,104.507211340235,103.511502610613,94.0858822036245,96.6885799242355,96.2922652595187,91.5514733302843,97.2727303330725,93.5337415104534,87.7467573776546,99.8221685988214,101.927028301735,96.9063152888863
121.610573312981,99.912893713654,103.061191878633,101.785278115205,96.0563642090573,103.899783196432,103.148210920929,95.7793223943253,100.008142106525,102.263635535842,101.545234773381,92.8803766793393,87.475990135597,87.9488472340881,86.5601904016095,93.8908645382222,89.87121479114,97.3804410520626,88.0991832094138,95.7593254109321,93.9186190529819,0.0,82.5970146317284,87.8436001901498,101.938777365836,97.1568992549332,92.9903386965238,98.081059264931,95.6769706644507,95.3483660791506,106.547847673558,96.6100120897285,102.359180713702,91.2708015959739,97.6881517996237,100.341758014382,100.350288465065,100.761489026739,97.8943327502851,100.499570929326,94.6718633282938,98.2467064574072,87.2761351662481,91.7591705120786,104.468446462707,96.3059509383229,90.9235009150093,94.8149152511933,115.613048799847,102.134091162581,97.9813120079756,104.547564054154,98.4829741165248,96.0692366828277,101.03346591383,104.927195478911,100.74482356948,96.7997789089955,104.539551400298,105.602917161213,98.5219192933255,96.2435767621601,94.3159249599733,82.1072823109267,93.3036092128017,89.8217074574521,93.4950531345718,84.8057433178917,89.1886996929089,94.5893742683148,89.5242819803946,78.719151530342,84.0668671621661,90.9440361499957,87.1055558295217,99.9815628758329,98.1203983717124,91.6771108772031,100.142562463268,96.1577669960978,91.5282550858895,96.1868266978155,97.0505274485188,96.5933258185488,93.0911743583878,89.3495749818563,108.062060806049,91.7700190050502,101.6291789924,101.496029355209,99.0325806972258,101.388964884556,98.9951969513977,99.6222465750878,94.3020024729449,90.8689828950566,98.4507299105644,95.9685957390403,104.054572058723,103.772927306547
113.750529733748,98.1664054164394,108.529265468402,101.261700727529,100.575308300502,105.181133239708,104.36062332707,98.4826153635986,95.5297596525912,93.7351659440248,96.6926465210737,90.9525191395208,89.3190631539912,89.5077092211208,89.4967466755722,97.4749748368128,89.2111537833036,86.8106737349956,90.1536875730768,102.195128768809,90.1022663469786,82.5970146317284,0.0,89.1473931107376,98.5145163348254,88.2188501562805,99.9087542223365,86.9619703777553,94.0612555306598,84.8536882562383,92.1894845203687,104.700642067677,95.6304975485573,100.937766001055,95.8574979135875,94.7502978822576,88.1961307027727,97.8133574212779,95.7251494948293,99.157484945287,105.205937942732,94.5435811933928,93.2015353316574,93.5619259495704,108.759345648154,89.5354725328798,102.834265380683,99.0459706560923,106.180975004154,101.384510917903,99.1225635732435,105.14573659534,94.006336417334,104.70980001637,105.051161347919,101.947883508658,101.833545396624,94.0496796249265,98.9985534169482,93.3210445535317,94.3198932777657,86.1970024137482,99.0943990589922,92.1655374290396,86.2819354205137,91.6762672124627,98.0209939088135,88.2723708711261,87.1262070759733,91.2533368544575,94.7747468341018,82.7462224881971,66.3721479716638,92.8238091301888,92.0656589935369,94.7194607155972,92.6484007936384,85.7361685555157,97.0063856843348,96.6860884586625,88.0262043947963,106.382978468859,100.104848617139,96.3769014032965,102.109657278983,94.8867460215686,91.4900294340408,91.6253875423158,97.9499077468196,94.3121743682587,100.714526182754,107.806021444548,93.459740697251,96.4545595911793,91.4842390491515,94.8685280868784,88.6727745519296,94.2036674901017,102.392392543799,98.3697458603551
