0,1,2,3,4,5,6,7,8,9,10,11,12,13,14,15,16,17,18,19,20,21,22,23,24,25,26,27,28,29,30,31,32,33,34,35,36,37,38,39,40,41,42,43,44,45,46,47,48,49,50,51,52,53,54,55,56,57,58,59,60,61,62,63,64,65,66,67,68,69,70,71,72,73,74,75,76,77,78,79,80,81,82,83,84,85,86,87,88,89,90,91,92,93,94,95,96,97,98,99
0.0,91.6962100753073,86.0465753377415,97.5483909582285,94.496653091649,85.0653252935421,96.5238403939226,103.658083229055,94.2312618136612,93.492107843414,93.185197722617,91.373034025716,92.1515613633733,93.3413777810128,90.9011673592538,85.5055251478752,94.1422892325115,101.702898756444,99.4416816214437,91.1191850040075,94.1345616340748,95.272732418265,88.4713415011906,94.6473453712912,98.1808824531438,99.6702705719583,89.6898886489033,79.4361754924627,88.9053222598509,87.2980878805891,96.9429554050437,94.5211144489326,87.256062293527,94.268460396828,92.3892068047975,101.114743002681,87.6522511277012,98.9017789535456,97.9392822336328,97.5432469088241,93.7234776075778,95.7437343901835,98.0552079935725,99.5681237092973,94.9961216973065,93.4251587488561,87.0012089596852,84.8962409665371,97.9738266044314,100.98963816305,67.9410139852222,89.8535840936789,86.3289550974631,91.9615726371646,97.7577738506868,90.395529335432,99.8811403457331,94.3251083524117,98.7122095862003,94.4482243349653,94.869260163112,85.0466455786523,98.8407731237854,94.438787196886,99.3469436661311,93.6839904584096,96.4902738767121,92.0626794991877,93.9617135184015,98.8773091854142,92.8466320174985,88.8870200510855,88.8095435600751,90.2836404728398,88.4148891252379,89.5592888081562,90.7595564566231,88.8744195296653,97.6904692538315,83.852152963722,95.5838510470851,94.2321890135651,93.1390274261258,93.8730464859366,87.2614534000989,96.2129559472075,100.238813694496,86.360841151525,96.195718231325,93.8097685995344,93.8098274929025,93.2946838184359,90.9767173501898,85.7007418147883,87.198867389374,94.1952289277661,96.7092437951961,83.1284607726576,95.7076917894995,93.3162819413737
91.6962100753073,0.0,66.6497358768961,85.0896739089769,71.1082922232769,93.8068582748972,78.759013191716,86.8462201608796,93.6203578387416,100.637519151079,106.145064007624,98.9714094212448,87.076110304594,96.1676983293731,91.2385213514911,49.7809332128376,94.0089373955513,91.4416517525892,86.9223068908654,87.7769984239451,92.3009902197565,91.3679131289266,87.3300198735897,98.0467189304659,102.502011098581,94.7565400633397,93.2592056478962,96.2553363815674,84.7321256248457,94.6688208578231,100.892984816553,94.8634936049162,97.2862449654402,86.0320627278467,89.818151474675,95.843554153837,99.5756113600582,89.4912497760826,90.9782772553609,90.831061502155,95.5739854541706,96.9835219013916,88.3790639821972,84.634675969168,90.6300199363734,85.6860495759623,97.1046889161188,86.0590655774582,96.9772844167689,87.0554770260918,84.1254336253652,79.9636626472769,61.9523281203246,74.3485301047483,83.6415292338109,75.2856569138685,84.2493293411232,91.7195437568719,103.95568139066,91.1380196541638,92.921844038638,94.3974842360268,95.236783701878,90.9852453225964,94.1674822320679,96.8575229047325,90.5177660197226,91.6027504140178,90.3222033964662,97.1781567920412,92.7280382312085,100.808699250246,90.3785632451836,89.8677150939098,96.9270040836815,92.0699834929332,89.8848140555205,94.4999130583158,100.125924484584,88.3615842115923,95.1207731706148,97.7223992288924,86.8432405750975,100.108180577745,89.3457929849093,99.0644912132831,103.211881878627,95.6406342742682,96.186555503968,90.8736191015033,81.5718247884475,87.4170313900298,80.6177157006386,99.3984342963712,85.9547238459907,91.9782816884844,86.2192432784257,90.3353565359478,88.6161750054866,95.575839831539
86.0465753377415,66.6497358768961,0.0,83.4432120714134,76.4134644935925,81.2970573731033,86.2166274720782,83.8917847358494,91.6393204943787,93.3991187693008,97.2846208519004,96.5649146114739,97.048407427192,97.26076952614,92.023355592623,63.6128545723681,97.5432030544012,90.0008939801635,86.8696717421453,91.0803122861963,99.3979228906084,98.4387399471137,90.8529557192143,92.7065006897217,101.205483462511,91.6062032050997,98.8814117405657,91.4886975054458,93.5021440904876,86.7527609551801,100.125758741451,94.8279930860116,92.1859635547868,94.8728108571633,95.9277847879749,94.7189978644059,97.0626863339277,95.0451314305529,86.6608011179529,80.569955295322,100.764537413096,88.1222160854554,98.9619979193242,81.5369483252447,91.1689047583143,92.9928189879962,99.2157427672812,90.0286220599113,89.795087600378,91.4123279651542,69.516961948119,69.2041286258768,72.2761092524854,77.9718509788264,75.9746221160208,76.8488690007824,86.2664289852709,87.1506938575008,93.0776425395189,91.7494333044676,83.7944405969124,98.0038236407436,95.7249137002182,90.3504785554366,98.9359316211138,102.051250512359,92.7358364751178,87.4138007567286,93.1317086138179,95.8472877802748,93.2843427347661,99.5321779297727,103.586693004937,83.1111469901148,94.098314976739,90.2909112902902,95.1596456567182,98.7423037387298,95.7459655154625,90.6228392291679,92.7740027789839,95.4354973091148,87.9815016895972,97.1382282088102,94.4253885499363,99.982877558822,101.274657759731,96.8592209462555,96.5364703242249,97.2011501534246,81.7695546583425,91.7423368239794,89.0329629049721,87.0104054014704,84.7558320659671,84.5942419341091,100.585484121808,90.2234969967993,86.6793076904998,90.3969110120048
97.5483909582285,85.0896739089769,83.4432120714134,0.0,76.1203791977339,93.4643692406671,85.9794654842911,90.8049668315249,98.4931968205829,92.0756132482547,102.739651634278,99.4847447172711,98.4213441271068,90.2463883388679,96.1216839320283,80.8431350670653,93.1319118700798,98.9760065478731,89.4376262575385,91.713638333884,97.2399232608,89.6591788748969,95.7357236798774,98.286876335767,100.491547700622,91.9650757039192,97.1200501904212,102.073128008351,92.2169288049137,94.6650610782778,105.38292591999,91.6590809238624,98.2516277713588,100.660005326832,88.9799697472314,97.2115227894819,94.3715357823397,99.9869097117255,90.0953420346875,94.8086858040689,99.1944981981316,103.888265067376,93.3888285070841,87.3073558904073,91.63785714131,81.1773018343455,108.616660270653,87.4486416244664,90.2246889237644,87.9290863412026,101.691699669322,94.4400735505603,82.5376813108416,82.1929500702869,90.5704961425283,88.9660159372019,93.6488461741757,99.1045763958166,100.021863857931,94.1802843389603,99.7065900837245,101.471722144149,94.2339784491331,92.1303989777346,95.9347514230856,96.1542337350508,83.3556131677299,95.8357488484196,95.6409212738532,96.869950650164,92.7943409737206,97.8240237381946,100.064287814785,97.2308822997215,102.075490606393,97.8938839828124,95.5981389692305,103.390827960209,97.8956666000646,96.5759130481743,91.7698859183539,92.9835674570415,83.0355104799163,88.9509081387935,87.5460248709487,102.587690457279,101.22714198858,97.5956419307904,93.6676648082642,100.379466514138,89.7991692128261,92.1719774665113,93.905543437145,94.9390101450964,98.8545000564381,89.1845024695635,87.5059796868739,96.9593907272754,90.7776289176457,90.0385374882635
94.496653091649,71.1082922232769,76.4134644935925,76.1203791977339,0.0,85.3394289136451,81.106139957221,86.2526410646057,97.1934944332076,92.0206921287207,110.928016491109,97.6382057379651,97.9407325389247,101.296936811604,100.100622808501,79.3191103529494,97.9346485427369,99.4716416736541,93.6603964532671,87.552712141072,102.908289721205,96.1787696377395,93.7852827422443,90.264900221416,91.3185587572716,98.7141282065278,92.7063548759866,96.9025877160444,97.5525416214555,94.5380856516062,94.4750259463128,93.8310845548333,94.7094305514092,94.4182527933828,96.4389147093554,94.6594619748408,102.073524385874,95.342100128461,90.3884470858092,91.0581326499236,100.532267519044,94.3707859992505,96.8648831663737,79.7608474101592,94.1733950039426,87.6289101708384,104.332022724881,97.6983423068371,100.568940870077,83.232017250026,93.3008278410329,70.6014390785884,70.1734731225505,71.1376240314475,75.1951873080628,85.1432848521674,87.6401902975366,99.6926089713444,99.8911009291283,93.7569244337691,94.8280843983015,95.5531075681237,96.6131328409111,99.6219970087414,96.3184630837256,101.990218436095,82.1302490479687,95.6879201939084,99.3438846561659,104.581816832947,95.0017737422101,103.969337594452,103.975454235324,91.4461350043355,98.1516336274926,95.2661074561203,92.4111288562454,102.980964138188,92.4254470338487,90.9386170207509,97.4703365341925,101.561655097328,91.4476519477975,100.684812737376,95.4758765593778,104.429414028934,98.6047748092802,97.5099735966199,92.9343233099932,91.5448512363717,87.0569010036084,88.6460810527674,88.3990072522737,88.5799970995045,88.9156594505206,89.117747293398,90.7665131984714,94.5793980509546,88.1364325512852,92.9680950110408
85.0653252935421,93.8068582748972,81.2970573731033,93.4643692406671,85.3394289136451,0.0,96.0449546045856,83.4407317431675,86.8616304156716,91.4961951447945,107.19127471684,93.3259372072011,103.838468099957,97.0660032206948,94.2407344995846,84.9051650815884,100.106282960712,92.2616450885301,95.6191598902145,97.0757493834002,98.6984887187167,92.7975126605159,94.5503779736515,86.1683467558885,91.4582109843112,93.3836063240671,100.952274376285,99.8401065406231,99.4509164098916,90.0902787726061,94.8987817819226,84.9718548097779,96.2374327329227,91.1613480463552,102.626384933048,96.8785395058271,91.5836813994983,94.0342084244066,88.4139063331344,93.6298881411021,94.860726420372,83.4356566658813,93.6196299246506,91.5756659744042,92.7458711041594,95.8504379611489,101.598183153721,87.7337183557136,101.985599201424,96.5142776865994,89.4606630821688,86.9818011583628,89.9551421181806,89.0380361981253,62.7474751471646,76.201278167278,83.2344983898507,88.322518628604,94.4925175597078,96.5285425247841,94.218275721788,106.932764540582,94.7875984590892,94.7463712033847,92.0241448849116,101.21706726704,84.3389311428509,91.8137821927031,95.0046683182228,92.3803667303252,93.2608077048226,98.444907663014,102.46621057438,86.290007897808,89.1820230603163,93.6250672437341,91.9630797486433,100.520945199488,92.7427875988361,86.0888611829274,101.702718691622,97.3458434247914,95.6874394969802,103.131636795846,100.529672582023,100.480565796683,94.7301973495169,95.2349372626208,96.7031149732806,93.9664163646684,89.434872966661,89.4091695142963,99.6211845523015,80.7833902905728,91.8996473167553,88.0797942783216,99.8643860677704,94.0308096937957,97.5305077800266,93.1672083809903
96.5238403939226,78.759013191716,86.2166274720782,85.9794654842911,81.106139957221,96.0449546045856,0.0,79.274806630116,94.1857468396545,93.7742996336658,99.9242362665235,95.9488217510735,93.322885629949,95.0619009672194,91.5079233916054,87.8463524502697,90.5337021438513,91.893603797924,93.5301806835367,93.7358053313426,103.431954267992,92.9843857844407,92.1100989371289,98.6303173498917,90.8270499619713,93.7966246780556,95.6598428857855,90.448819306503,85.8363461716784,98.2803248748793,93.8369531300717,98.1662448208209,93.4055537978744,96.5268585638463,96.7977962896989,87.8119100173896,90.8727340619945,94.0468357862212,87.8933799829678,86.4485488047695,96.590261650228,104.492021475329,92.0073736145921,78.4857938008418,94.2872791405219,90.1574313740299,103.785790216045,97.8577148030569,71.0847889662879,70.94674241007,90.4844448515965,84.975807874592,81.3507807019962,78.6201893253931,87.5909617696253,85.8475402485163,83.1339739075854,83.6348109441431,92.5798461619659,93.6230382013549,92.9171705027326,87.187674632476,93.0855646651824,94.4639479920987,87.23393820089,98.7293014452519,74.1478359136126,94.4415005005293,101.811548288682,95.0638517067537,101.689171857526,99.4583723799129,100.954705757177,88.7226137848314,98.4858173275558,96.6260428870814,87.7978546054689,95.0046608819873,88.8637676144799,98.0991457962304,97.1991388725726,103.078908474085,90.3559534973985,101.675495896515,91.634163464212,101.995955759714,99.3481113809152,95.624132248514,94.4071334848228,94.7230785172793,88.4588630705004,83.7866700208559,87.9666336908541,99.1057811123275,91.2538465978959,86.3093038754289,88.9034233689648,97.1966709259425,76.66445128138,79.6664875930636
103.658083229055,86.8462201608796,83.8917847358494,90.8049668315249,86.2526410646057,83.4407317431675,79.274806630116,0.0,67.3797614924957,100.029021258425,101.707874432922,95.4443718791659,100.480181601892,87.6689120962043,96.0901099880789,89.3551598402733,94.6077690556154,76.0158121825305,86.0574730732491,85.7093999231934,98.6047930537078,102.39439443774,100.450070571719,96.4829138548086,91.3704514912168,85.6518749047979,94.5339909337357,101.117425174501,90.5443788270726,103.055171380073,96.1395708960567,79.0232316170684,93.075722052643,91.582420062991,103.116382299232,86.1203301024979,98.4137986619638,87.7288248050291,88.3053809453413,96.6833664803037,89.1178011460221,88.1847543340192,89.6634771155447,81.2628690834428,86.2608008004516,87.0814511157443,111.513899490535,98.0659632399985,90.0987593705747,84.9937857260518,97.1793507446258,80.4302746369891,87.3058785780655,81.5633346137458,76.7740853062853,79.8915427805216,47.1586390777166,54.8563738098079,101.96277274656,101.967002754501,94.5503166131391,100.032969518769,93.2670916869775,102.545703580435,91.5604283449645,100.473173720724,73.7852142811091,96.9416068780331,94.2737687922449,78.9386932594485,92.2076780081285,104.120882370669,107.638551250803,86.5788043040835,99.5226658267883,89.8388627085768,95.1971584492277,108.879599496186,95.704637364491,95.29835658604,93.9938151071637,93.7485726381076,94.0563882163533,101.12492821264,92.8381291698981,105.366660555226,100.513823670521,98.0945866388351,80.3918102916413,97.280927158845,88.2296552205906,93.8261453420922,96.7227225218885,96.1089431078525,88.2702962407474,78.4578928234109,98.3579033884281,100.755708752976,87.5559507098589,85.7563981835718
94.2312618136612,93.6203578387416,91.6393204943787,98.4931968205829,97.1934944332076,86.8616304156716,94.1857468396545,67.3797614924957,0.0,97.9388325938639,102.947716722957,101.509731043563,105.355628465225,96.8875058518815,90.671744811598,97.0548600433437,96.6956350031517,76.3786087360259,90.7749627059436,87.5465566268289,90.2432973978388,98.3635784496535,98.26604214787,99.9905669025448,88.2324236563869,86.6590414743947,96.4170157800038,99.1461784827563,84.749757252829,96.0024604110864,98.2806307046184,91.5479219874472,98.3561961600028,85.9113788841322,97.3802734327264,88.2361424408941,97.899567289831,97.88506750491,95.6970002251561,101.122103699023,84.7785865930266,94.9252641404524,86.4239189327838,85.8173648329344,89.6850551559069,93.9553140927707,106.187353017984,96.7008928834514,96.2435783966165,85.6181990471069,93.8738157179419,92.4636707617924,95.4610098001623,95.6873701842501,93.0496724535889,89.4993792038573,77.63525981158,70.7063720094607,103.388232310201,102.351212616506,92.02485137476,101.691720321882,97.116404966143,92.2040936069473,93.7725797899013,96.2095256082209,83.3970200031353,101.864426803374,85.3143367557474,81.0526521711993,89.1053723585014,106.704345476085,101.751715948366,89.5353276910059,101.155066540097,92.5480759530846,88.8188345970916,96.2328166554915,95.9847818179723,90.1056923415176,91.6366556737643,88.2750427629072,92.3409701382075,101.839033909047,99.8376940911662,102.263560666882,103.845107367957,96.2646381756721,76.676457620902,100.312096890684,96.193131621965,94.7432646260971,101.31144280639,93.1058137828561,94.0216964026141,92.6218633912954,91.4012670537945,103.334915239243,87.7518041628632,94.1872689922534
93.492107843414,100.637519151079,93.3991187693008,92.0756132482547,92.0206921287207,91.4961951447945,93.7742996336658,100.029021258425,97.9388325938639,0.0,79.3601145814393,81.7158383811092,96.0916162278075,90.1554828816195,91.8823778660572,98.4844848132447,87.5680363543922,98.7802155813829,85.3226343702489,103.168085768023,98.4190446080894,92.8518179182203,89.9199977753194,87.4510881228728,105.824077251124,97.8554309562573,101.220896776707,95.2916283143211,88.2918118316024,89.2549332544847,103.910167548305,89.8980676445665,89.8231101768951,96.7980045158095,97.1149857940133,100.027561443229,92.522541890564,97.9934807460013,90.5969560382841,81.9386761181237,96.3622083945912,96.3138448809168,93.9083121001473,89.5985090036367,101.538172472585,91.758927305265,93.7737737007402,92.9709600007981,84.2706336884011,95.5787489030678,94.1577954408979,94.8939559296175,101.047105508056,97.0717098079652,93.0491333272194,98.7927506462679,99.173578431467,99.0415219080298,84.5924713135511,93.1026995162077,86.6689959526995,90.0789623487533,92.7822201675608,90.3704914686731,98.9285092903504,96.3634155492875,91.1997629315411,91.096503191172,95.6755332478494,103.410230152228,100.556839913096,93.4094597783916,93.4613146209296,84.0011958811109,93.5986333119868,96.852844306207,94.5189577340246,86.5230297461877,98.999132724574,89.7090290582377,92.0772152968959,92.6202476303923,92.0400215071497,96.9718011770415,86.7803401199041,99.5327298386984,92.420751766245,94.4447326250036,97.0109879981029,95.6391316803566,90.0404679578642,89.9049699919885,92.2529386792971,98.9831823529514,91.915212654086,90.4141272696362,91.0079158241028,87.8260909363185,93.308959966707,91.7787312094245
93.185197722617,106.145064007624,97.2846208519004,102.739651634278,110.928016491109,107.19127471684,99.9242362665235,101.707874432922,102.947716722957,79.3601145814393,0.0,86.0946092081906,94.2863162857985,93.6048466240603,92.0974988176431,101.512331914874,94.4880461180341,102.711758526731,103.04712196309,109.1740782151,94.3863511937468,96.0200734612553,91.2135045546899,103.982749518122,107.870355475245,104.079031665398,105.20199858641,85.8045581181407,91.9608632597136,88.3691455359219,107.782460955955,99.2126002151144,100.852985088195,98.2178842210286,95.8016450681281,107.042755336843,99.7086032008174,110.346844063317,95.1531354653759,95.3773699016806,105.394820859244,100.942816320243,98.4718228057053,98.6559861190671,102.548130499929,95.9653302872518,96.1312098108092,104.347566393308,97.3856529431908,104.629115971063,90.4202330774491,102.623588916555,104.79803860791,105.507909352644,101.446431028505,101.681991464576,105.309430121894,104.998062730624,83.7277434999044,84.9892299733852,86.1050355033607,87.3879780494702,93.3770114877862,95.5323020238428,105.892063395633,95.1344899733529,106.913989184719,94.0506677858873,103.424699162309,96.4057590122188,96.9525936483769,97.133066432788,94.3474705448183,86.8993640683694,87.5484382209571,89.7369331491133,98.5471130969092,83.730718676937,107.317782024494,92.5269115182926,102.920383783545,100.095709744083,103.243721073981,95.2089938892588,89.2882955783176,101.923503198454,103.794874162324,93.0128678275401,107.198036705857,102.807934993132,98.0554524330236,100.588651399931,96.0672795288736,104.697884977988,92.322249586502,92.6752819690462,102.531057707134,95.5308617890188,100.584829185238,103.724586189492
91.373034025716,98.9714094212448,96.5649146114739,99.4847447172711,97.6382057379651,93.3259372072011,95.9488217510735,95.4443718791659,101.509731043563,81.7158383811092,86.0946092081906,0.0,97.9867026268891,91.9906585232537,88.7013054805125,95.6596289816918,91.0303218188469,104.26018692626,96.850590818764,100.439539479842,97.518800492959,89.2055826044165,87.7467746635876,90.0671687076767,107.912346664399,96.0932101291219,95.1503584574043,88.5442409777788,93.2367299458981,91.2043678949861,108.748976473634,91.7050301949749,97.114052384963,95.1687239692423,96.8359795300037,104.038565137804,88.1284716049036,104.000626575589,94.8194565413235,94.123917058062,101.81372205389,92.3013106858803,95.1482867823788,102.420327731497,102.689672395592,98.0003393271196,96.5604227201353,91.2656647563006,102.763749038169,102.351564133122,91.7596790937516,93.9431281292195,96.1156178435737,96.5129759964213,92.0869756473419,91.9811788391601,94.4447261957406,99.4854863569003,88.545474615122,79.3064903357204,79.8215251221777,90.6847581386173,94.6759629746603,92.9718285780098,96.6619906813136,93.6057541680419,94.0103323796193,88.0659641075888,94.4339977305027,105.791586563452,102.818865261638,88.3504068007012,87.0038877941075,88.3149365237482,87.4230380099347,77.1545177135896,94.1832807461744,90.2588448037376,106.286886279481,99.5483593447652,99.4027510948522,103.084625358037,95.4410870278388,100.594730701827,90.1291422625592,98.3891931294551,90.8959490634617,90.6369301057703,100.422467971991,99.2929304012487,95.3034598966079,94.0335749958013,94.7127665689179,99.6670297639903,89.3626041305141,100.047048002243,102.553651669596,93.8227667544462,103.515779483704,98.4506115730536
92.1515613633733,87.076110304594,97.048407427192,98.4213441271068,97.9407325389247,103.838468099957,93.322885629949,100.480181601892,105.355628465225,96.0916162278075,94.2863162857985,97.9867026268891,0.0,87.6717524849317,98.8355695839968,87.9407659589807,88.1388701697032,104.78643856189,95.1357429215105,100.769282205866,97.037903558037,100.497632145536,82.5494712994967,99.7557753948635,107.344765026123,98.7158016858758,90.7854740494707,87.0847033714266,99.1066933992572,99.0286364873533,97.3207316664118,97.7334613517811,99.1769900402662,95.9054947868005,93.1100421053608,98.2071243196377,93.3019645405947,108.678365233201,95.0794100026838,96.2192265862779,103.231413179565,98.7772265773224,96.5619221829128,90.9033710163069,99.7671131959175,94.4916319294277,93.8818378972578,94.9759010818022,100.187206677401,96.0872369161898,93.7222277959724,97.5211616457028,92.7337080876534,93.6334905933116,96.8599980874662,93.619127353666,106.239339328284,104.418220218687,88.3886546427431,92.8681222734603,92.8382655781885,61.2772004182829,74.5021346688571,93.5807966526639,95.6268046128133,88.2705817756399,95.5707179579064,96.1270158687812,100.477746953962,100.069962678855,99.9290622152596,92.8171839199514,95.0678791272827,94.5901444820253,93.3814622859689,96.7411662519316,93.9302759481432,92.4037837119937,103.100942084291,92.9609033290017,96.4284839751975,99.3789647371659,101.297552986226,93.0238206172027,86.3788328274627,95.8975237011374,102.048658564904,84.6290912432292,101.735497166294,103.025552014092,94.8133916823714,99.7147313998566,93.0395869757983,93.6902624810136,90.8057440901282,91.8760451072155,94.6885996843565,86.74094792258,92.9322002382946,99.7722951864925
93.3413777810128,96.1676983293731,97.26076952614,90.2463883388679,101.296936811604,97.0660032206948,95.0619009672194,87.6689120962043,96.8875058518815,90.1554828816195,93.6048466240603,91.9906585232537,87.6717524849317,0.0,89.5922770617976,96.1520471299391,86.4299161586169,97.6730615906023,85.8534530064193,95.8947854039012,90.3540481730064,103.921748130985,91.3305616361766,96.5943547865913,97.4501590946979,95.3425499311243,99.0911719184298,108.735287398729,91.7765932281197,100.787501617982,101.364419997115,92.4360737535699,102.459141864549,92.9134196916174,93.5419167597392,98.8324003578405,86.4172263813799,106.46628224739,87.6690147870876,91.4914592015966,94.7818191647651,104.753739987279,97.7038783042762,91.2903066735888,98.2123060950423,96.0581510730833,99.2510934192231,91.1596587168168,88.4132664103806,93.8410396224911,100.910143371967,105.301284936207,98.5738804801508,94.516205767413,96.0379288713202,98.4997220449003,97.9376806829262,98.4626028335351,89.0565091277974,97.2336530717844,92.9846567614435,93.5330870563866,80.6578861217347,78.8179582996418,96.4649051854371,93.498833094445,97.8973437460683,97.8706944456207,93.5962983596076,100.22116677731,94.8905629270979,99.9036721358665,99.3070950560918,87.1186981225223,91.3113808808027,89.3014961525237,91.3224633443471,98.6759449049624,97.4581167132791,97.2594768132745,88.6863229020525,99.0440609871027,102.904364359716,103.623313818813,93.3135118549405,102.305948805322,95.138522664973,94.7043972916289,95.3264181697515,100.610812020458,97.6454172256385,96.9510429361564,91.3496866843281,102.125162532159,101.531729100724,85.3631131950539,95.0157713529764,93.3951641437628,97.0267426127211,91.2333887822266
90.9011673592538,91.2385213514911,92.023355592623,96.1216839320283,100.100622808501,94.2407344995846,91.5079233916054,96.0901099880789,90.671744811598,91.8823778660572,92.0974988176431,88.7013054805125,98.8355695839968,89.5922770617976,0.0,96.2309599935187,93.840512497953,97.963908317616,95.518310222585,93.086912481601,83.6695308116074,87.9181546975743,79.1152605769761,91.3368821561428,105.490303211484,92.8659423949725,88.6985859249086,91.0922576358929,85.6865533229853,87.6108102730241,106.935294636988,100.192002670547,102.147654914098,94.5830298164776,94.5642368031319,97.1168985217446,94.859824474876,104.030616682355,90.5019564352238,89.4223502666704,99.1891964027455,102.288438049524,93.6996782745823,100.05765731095,105.93627428569,101.006755787599,91.1305442412183,93.6152145871355,97.2953684330672,97.7758602683389,90.9689700746287,98.1299713120709,98.9284295148551,101.315484238248,97.6107674980772,89.9452555468472,91.7267843894257,96.617764570922,97.9034173892267,85.3194987221889,84.4601962611567,95.6934168768217,90.3035770271047,87.918412077144,90.5430933959645,69.542725782268,98.1403813240471,91.3001601019307,87.0401208155037,92.7147621912328,83.0923576113145,90.7642485192071,68.9739081824911,83.067082695997,91.9121124070796,86.6740032044404,82.0554102644553,82.9478041769402,97.8472913604527,94.825685157285,82.6076742070243,106.094743225641,109.150418817505,94.8897922202616,87.4437733990193,90.17064475926,101.507392870664,97.3133864661152,96.185328292765,95.3942378851684,93.8230829891178,97.8645354122415,98.6076817342217,97.0297561996047,89.7526342583005,99.8547630159261,98.6892069165395,93.9530626357604,96.5386362023461,96.1262471332157
85.5055251478752,49.7809332128376,63.6128545723681,80.8431350670653,79.3191103529494,84.9051650815884,87.8463524502697,89.3551598402733,97.0548600433437,98.4844848132447,101.512331914874,95.6596289816918,87.9407659589807,96.1520471299391,96.2309599935187,0.0,89.9777891723177,93.843599524588,93.5534233289541,95.3478790973207,94.6311913478848,93.2748161517959,94.119808589565,98.5208681930017,94.5353493113866,91.1974353754964,94.155883813571,93.8693108154941,91.5384142896732,92.8719533347803,95.5706240097118,98.0054373223249,96.6186011575538,90.4096546543915,93.8462708785451,95.7953821573199,100.979388555803,101.701129430807,90.9483635834214,93.8763116031464,96.9394355684248,102.852641521787,93.1943376452071,91.490533526495,97.5960947466938,89.1684556244182,105.8964781251,86.9770226394769,94.2905601710877,98.5857791878095,78.5394936432205,77.3316003096508,58.2844137675781,79.6922239157016,89.062215026738,80.0334961890614,90.5248046867781,95.8047751463004,104.961574591501,88.8446461429698,99.5831045251826,95.0403222009146,96.5576063975813,88.7381891927047,99.9406632295249,93.1675716501678,92.7500796856349,90.5489151944888,91.7359215125978,101.071542418575,93.2988971954765,96.4788521479713,99.2415068699066,92.2691077407599,98.0245222888508,90.7083289774074,88.3005346646142,92.1606091882629,101.239335174338,93.5614486742786,96.3999619032065,93.8287959860941,84.803027778843,96.5309822693643,89.1038349715426,103.797670934144,101.089368646022,95.1028522472004,99.8620874619184,94.4499933255823,82.5617436375235,86.9420783534343,86.0708157940025,96.0329189253914,84.160513381633,92.6897063430143,93.0725444857998,93.9737502489044,95.6996251400924,96.6786011693849
94.1422892325115,94.0089373955513,97.5432030544012,93.1319118700798,97.9346485427369,100.106282960712,90.5337021438513,94.6077690556154,96.6956350031517,87.5680363543922,94.4880461180341,91.0303218188469,88.1388701697032,86.4299161586169,93.840512497953,89.9777891723177,0.0,90.2472971218211,77.9355436822292,92.5723533942974,89.5841932266474,93.4729134744319,99.2192888156579,94.1801084332928,103.53071839267,93.1427824685933,99.6431141463892,100.568309829732,87.1983678736792,105.511356691829,107.058726811619,96.6001005886021,103.636793786411,85.5749634917226,89.4427799114438,90.9779717761488,93.7202847829773,106.816926011445,85.1936273669493,95.0798696990219,99.1973215612692,99.5065239632153,90.9331385805112,99.648565431507,101.556816283183,101.804017513114,104.867120912243,92.1964683385658,101.720784035043,104.258619472998,93.2797591062981,107.151002665085,97.8995104527556,91.947035672262,95.3926696383207,97.7775702204647,99.9260290320278,97.789100792159,100.901127767985,98.2385601719534,96.6817311520907,92.7869630555289,91.4971551114292,89.7983952465304,96.5344895724747,94.2015166621557,92.3696004553637,94.1932928237747,97.4690838515711,93.854759827794,88.3653144708006,95.2604681801721,96.6897273760471,94.2371108936029,97.5639024061783,95.1799093157922,89.5236106688192,93.3693531208417,103.455556031159,96.8139081310996,99.6532685132301,97.8395476383599,97.0955446514248,90.5928537237181,99.3035837750389,104.210008691658,101.736139935606,94.6096078013397,94.3380810612333,101.840043492072,93.5592594343002,94.8032728831073,93.2531297127017,92.49561945302,92.37576450562,93.8772751334058,107.264878389899,101.556764490185,95.1307001819965,99.2091344093345
101.702898756444,91.4416517525892,90.0008939801635,98.9760065478731,99.4716416736541,92.2616450885301,91.893603797924,76.0158121825305,76.3786087360259,98.7802155813829,102.711758526731,104.26018692626,104.78643856189,97.6730615906023,97.963908317616,93.843599524588,90.2472971218211,0.0,90.7235875295109,76.1628922156063,92.491042555895,98.2189791168536,99.2892306724348,91.9016530915994,90.1829590246207,83.9785866342134,96.1227071285454,101.301767373304,92.9265393510959,103.285177882954,98.5115493146514,85.6928307146756,95.6645613112628,67.1614342874574,93.9402688371867,82.4869743453093,100.14638459283,95.9189378032978,84.3567606853805,99.6104201105505,72.3064346618237,93.554424306639,82.7884287610865,91.6605822760897,84.4464871419016,95.5926869100232,102.069021147361,92.7884102857651,95.104668546139,96.0303363936183,91.7210486406705,93.2426052629367,95.2889184662811,97.9897866665032,88.5775944863884,85.5959323555121,72.2631221234431,71.2232882261819,97.6963091715568,103.723850865064,96.2606395508277,100.910367933273,100.712683511011,101.712406358251,92.7450593841294,107.232624407843,81.9377286928217,96.119874005772,76.3407792277693,45.4969149370928,87.9238726938589,99.2159709171712,106.547380462923,91.5071620619434,100.0702796129,95.628559084027,97.5727245279704,103.673323460569,97.0347837645016,90.7432070442418,88.6486950687934,81.3527729827688,92.1986632649506,94.7358229388814,96.8444558133888,104.989363824793,98.6300577172504,96.3308572499155,67.1860900188016,89.2219433581844,91.4619331230017,89.1006535761319,99.3551969568291,94.6944828208416,86.3940817131179,94.7050376238694,101.277172134699,100.759188621712,93.2229952289321,97.8989968155766
99.4416816214437,86.9223068908654,86.8696717421453,89.4376262575385,93.6603964532671,95.6191598902145,93.5301806835367,86.0574730732491,90.7749627059436,85.3226343702489,103.04712196309,96.850590818764,95.1357429215105,85.8534530064193,95.518310222585,93.5534233289541,77.9355436822292,90.7235875295109,0.0,91.5129424674043,85.9650295301891,95.8060424866472,101.140467862083,99.0125675984186,99.7952333604373,101.106048051545,105.227296803852,99.1986078743379,92.3398649423302,98.0499125450867,100.098944777596,98.9460816103811,93.048015593531,84.855377486482,89.3597600220432,95.4620220396099,93.7146294175254,106.120465409109,96.1120375112518,98.2639704081003,87.2678830485994,93.8507193620257,94.1719389790858,90.6152266413343,90.7853115472498,96.9296182334383,103.349708529711,90.0207103464187,97.3256943334505,94.2878503380415,96.7271339499416,100.425130789846,92.9597037100672,95.1891075884949,92.2650210645915,91.0213919311073,89.5323815740038,98.2315366261091,103.372811005292,93.9984037981451,101.821212469476,95.2487899862291,85.9237541980879,90.2400547863911,91.9816666018753,95.2274444085475,91.1174271163852,95.1238579968454,90.081431315304,95.0015092653342,94.3053165415449,98.889446298608,103.245875504747,88.0002153999525,99.4459675928501,98.4082845126122,94.5462960615281,98.9263469569969,100.677499189496,93.911012343569,99.1439073511499,94.5849328205993,91.4131511079411,99.1516601164055,91.6616382701316,105.613684842839,100.836243060934,101.5972108685,96.2821590492634,92.3199522661687,96.7704870991964,97.7117462581938,95.4716843438043,94.9077538732978,89.0427427272689,91.9518044592687,91.9434756766151,98.290028320496,92.3277556561691,94.0641845229201
91.1191850040075,87.7769984239451,91.0803122861963,91.713638333884,87.552712141072,97.0757493834002,93.7358053313426,85.7093999231934,87.5465566268289,103.168085768023,109.1740782151,100.439539479842,100.769282205866,95.8947854039012,93.086912481601,95.3478790973207,92.5723533942974,76.1628922156063,91.5129424674043,0.0,78.091945855478,92.5664445656939,96.7572450039973,98.2793044915927,96.4805661987834,89.491477510137,90.0636620070577,97.9598392417499,86.9368484151493,102.190281963041,92.0741929674808,85.3700349483202,94.1768382098834,85.7699418563116,97.1015192982361,84.4174919870863,100.334610226454,99.4938863478096,96.6231356230375,96.723612036876,85.2127380020005,94.7048100179183,93.2478043165699,92.5273243356496,95.0287240570252,96.956373029434,100.495811627016,99.2770641702,101.054156408156,93.0150323942296,91.4152105175231,90.5753849551376,90.2679086888698,89.943932105555,86.8434582981159,86.9312814811664,82.0081471787234,89.3576424866267,101.127978501452,99.2356867258668,102.52133004032,93.9796689450144,99.4092956367716,95.6736389210229,91.4741361979413,98.3423754309557,80.8575734606399,88.6760648268597,86.3788266503132,73.030184851919,67.8478109935543,99.340508864222,100.415687915944,102.078596558438,101.406312450151,97.9886219499914,88.7025899049206,96.9236029429968,94.751486814463,88.8733916914701,99.0935432313922,89.0063040014092,92.8348586736738,100.839370849542,99.7308680909166,100.180330686086,98.5665067663879,91.7758357612122,80.7130662934431,84.3890144842615,89.4415748376767,87.934105631397,91.5962357186595,88.5155743710659,91.295778258244,94.2895217321093,96.9528807593101,94.8718681924972,91.4126418734748,94.7245024992188
94.1345616340748,92.3009902197565,99.3979228906084,97.2399232608,102.908289721205,98.6984887187167,103.431954267992,98.6047930537078,90.2432973978388,98.4190446080894,94.3863511937468,97.518800492959,97.037903558037,90.3540481730064,83.6695308116074,94.6311913478848,89.5841932266474,92.491042555895,85.9650295301891,78.091945855478,0.0,94.9536544877406,100.331392499195,101.041988387289,100.82764407507,92.2873720485917,82.989541366098,90.9871781426132,86.2519354394869,98.9938559297995,101.470364448314,95.81139459383,98.1836540991645,79.5629758255034,89.4435428482534,104.105112865922,101.611656349789,102.588361816006,94.8274386031281,102.78144295421,92.7429761749928,97.9821033651046,97.1522530204996,98.0527668183908,103.852500450444,100.714850503926,106.076366853572,93.0218071424002,96.708165318096,99.5193578093912,92.0659236596582,104.193061979924,96.5442124240144,103.615211961329,105.50580152903,92.6700471243073,93.1966655677928,91.34380846399,96.1285143250042,92.6339473576023,101.840610049763,101.546320237738,101.048826345912,101.300897330627,88.3543564372211,93.7666700804598,101.990375967784,89.7508615748981,85.4904461217922,81.7550943931378,52.7231296238777,100.447165894904,95.7126597081075,95.8071019868496,90.2821092712328,88.7443225964563,82.4841948745381,96.9407272513041,104.539719219435,91.3864399211264,92.940142813755,92.2673298920856,98.5124081002957,99.8156599201644,94.396250091588,110.636453031411,101.800329345651,94.5435246748539,89.8049100276028,94.5604438252625,97.3506935699766,96.2961365731099,103.584940410124,99.9856966343631,102.095656467238,99.4814614169223,98.0048497469882,97.9307841952115,100.345366825465,95.4537733534544
95.272732418265,91.3679131289266,98.4387399471137,89.6591788748969,96.1787696377395,92.7975126605159,92.9843857844407,102.39439443774,98.3635784496535,92.8518179182203,96.0200734612553,89.2055826044165,100.497632145536,103.921748130985,87.9181546975743,93.2748161517959,93.4729134744319,98.2189791168536,95.8060424866472,92.5664445656939,94.9536544877406,0.0,94.927368957771,90.1539042434935,101.992133354788,90.7929798530497,92.2536297065091,86.0818872047979,85.5491447928166,90.9586570560829,107.062721607564,95.6284572237795,100.406538393519,93.6068883709018,82.8649566877751,99.9087529651845,93.8272609844085,104.670965213857,91.6784338571516,97.3581502209051,93.1497156472935,93.6664261182783,85.6857758195276,101.844622307264,104.184093064251,101.062651027045,99.3693495202967,91.7221543645224,103.451459174202,99.3875473958201,96.010027117082,100.477990810976,99.9061148794351,103.355197092836,93.1410204682757,95.2831994029624,98.3296815457177,102.425535903164,92.3528464630844,93.8019349689826,98.2636425817068,98.3164202483609,98.7727651623248,100.345140874313,88.8566842832123,88.8433641619632,100.363206735426,90.9729065113222,92.1559934258593,99.7452761239944,89.2186990646546,71.8962452831515,86.4527621980494,93.3876151090691,91.9924249059428,84.5879595502796,88.3051290286215,89.7820796540437,100.070441488194,102.119695880894,93.5157731996559,90.4712618673644,92.8581530951771,93.3098807712756,93.1505960578849,103.946936255501,99.1740500720571,90.9457766432358,96.6300720680528,101.878227251694,92.5998537155253,98.6583187702079,99.6296549253966,97.4552779776925,86.2978286062528,100.053457152855,102.690870595579,100.859659725429,99.860784290181,89.432216709648
88.4713415011906,87.3300198735897,90.8529557192143,95.7357236798774,93.7852827422443,94.5503779736515,92.1100989371289,100.450070571719,98.26604214787,89.9199977753194,91.2135045546899,87.7467746635876,82.5494712994967,91.3305616361766,79.1152605769761,94.119808589565,99.2192888156579,99.2892306724348,101.140467862083,96.7572450039973,100.331392499195,94.927368957771,0.0,83.6761556542592,98.743873604817,95.8478423643199,87.8791160047392,82.382917226278,91.6087327947647,90.4351201698958,98.6331633684451,100.93866782976,101.530606009766,98.1607184300524,98.288913515748,96.865543244559,88.3918131211522,103.956105085134,95.0124774958835,93.1020704812913,102.646584605297,98.0036162703898,102.080284188234,100.399578560529,98.0156085858994,89.9979108732953,90.7716062028577,93.9899527365094,92.6427783078932,99.2231689877054,89.0071547237064,94.6083288965307,94.8025664646828,96.0733993025585,102.760026185586,98.6320118656985,102.915410763339,96.5482116118361,96.858391551725,88.4652692346058,91.3832857220621,93.2510700714816,93.2408241956372,90.7760511544549,95.1211791869279,88.8558741490694,102.034958099002,93.1875718629572,96.4843441524319,101.361360766219,102.694629368109,91.6375154145716,73.7156544300746,92.1058806650157,85.3753896814289,91.7911316535104,94.4721433947589,68.2058217538445,97.7263035193886,100.794897187484,93.9038552985802,100.073960984325,101.897582277923,99.1369727132445,84.0868113119629,88.2710905792988,104.141185628979,85.7677894699632,100.925031436959,94.5906621732951,97.0609138127859,99.516443813854,95.3525571757728,96.2528402725477,99.9449666268195,93.6713517963426,91.5806565169284,83.450901018253,99.8984347442317,99.4232090028673
