0,1,2,3,4,5,6,7,8,9,10,11,12,13,14,15,16,17,18,19,20,21,22,23,24,25,26,27,28,29,30,31,32,33,34,35,36,37,38,39,40,41,42,43,44,45,46,47,48,49,50,51,52,53,54,55,56,57,58,59,60,61,62,63,64,65,66,67,68,69,70,71,72,73,74,75,76,77,78,79,80,81,82,83,84,85,86,87,88,89,90,91,92,93,94,95,96,97,98,99
0.0,71.5053611935326,70.9021843837075,70.8049009740955,69.0327162366249,72.6602422564229,70.6423697923849,76.8545745616554,70.3287343468761,72.8320769249543,67.9703863770221,73.6498533836778,71.0789516007593,70.1256545470772,70.1525925787236,74.0236111264847,68.6291861374453,73.2660727829328,74.5090063168474,75.7130214446191,70.5116357935059,69.4306279349005,69.3772256685553,74.3896492292986,71.6937207169832,75.1976563232938,68.4409354080823,77.7679763031239,66.5628754271758,67.0685392309206,74.3336896706445,65.6717822299298,75.0346252352848,67.6891347936743,74.6620241494121,70.9240765370551,69.5772740141763,70.863051444038,69.2437562170834,70.8279537400206,73.3988966790883,71.9888870062192,76.0630594287817,68.4428699242213,77.0918443731524,74.2757202422436,73.0940963697171,72.5570579623157,70.4721858089891,64.6649422861235,61.665215068053,71.9486348040582,71.8121913350369,64.0115486611611,71.0618085601413,70.295509972719,69.7130688755323,74.2646498415928,73.3845507284611,69.2374071871119,70.6232942303105,71.6539940984205,68.1749368138827,73.0558600895049,74.4096628695245,68.5636802678701,73.0261348841444,71.5005491855846,69.4400876707717,74.4820633022438,73.377044671927,79.5929084325053,73.7290308481363,71.5613863852604,64.9821480531287,66.1655351504643,64.7570986855991,66.5323869789523,72.0130367552917,66.6975895150746,70.2383019266655,71.3166280068142,72.8194188157356,71.1528219800319,69.0761730421757,75.0918652299455,70.9618866113933,65.506775740009,67.1214746286759,66.7021285171209,74.772514672059,73.7327914110233,67.6482548294068,73.7617883701065,78.1350933413745,75.2809957623468,76.5526912237607,71.8404864558612,68.3879729617798,66.4644493752329
71.5053611935326,0.0,60.3312865247447,68.928402960291,73.684695241453,65.8958656493678,76.6277425507221,68.5898828824042,75.21249222055,72.2063437837817,66.021315222281,76.907204736287,71.2691008738386,66.2256466062391,66.8639627366382,77.225013703596,69.5290935787623,74.7118072419419,69.0588987326209,71.3954097238912,72.4331010571643,78.3015560038261,66.7854878283613,64.7248620770985,66.2541956314002,75.3977184364584,69.8359767448546,71.7573245303712,78.5788806817092,73.1111814530976,69.4916838859373,68.8061330205479,78.3834874860643,75.5034019278022,74.1394444383284,74.2732557796624,78.6432266883037,63.3352496204971,63.8304664465372,67.2635985684616,73.5032229690804,62.2922908844363,73.0072263749862,81.5197387372671,73.1389215270603,72.4536029921877,71.2136077010631,73.4563837778872,68.5124457443187,77.7560300265883,66.3462872202415,64.3887802351717,73.1402806117979,63.4825221343825,64.9919851307302,69.877909495279,68.8924950566268,71.4717093500877,68.7892095746038,68.2633248751787,71.9040411438284,75.4907875855626,79.0742913844711,78.2928455621962,73.2042185814961,75.2770504736156,67.528902813046,77.7877480866937,77.5107577508807,76.6338356040953,73.8451047555293,73.0742380565839,64.0038263288647,66.2063588955325,70.7832648245296,75.2831711861138,71.4590597933264,72.2471935567752,67.9825805341766,64.1991150924012,78.9292914139626,64.7406305648385,73.7516715903358,75.9962783959767,62.5333929496107,68.2469818395035,75.0840864511589,77.8346561208232,76.0622673535629,76.5973737400861,76.3252692236963,77.1015744895762,75.6608492543866,71.5518629816417,67.2838359807209,74.0034475020554,70.6435127692064,72.2390360321257,66.3890718172372,74.1807557481771
70.9021843837075,60.3312865247447,0.0,66.4333151249796,71.3840733271607,56.2187816179887,72.3101305587591,61.707964253273,68.5771408480912,68.215283248355,73.3773812961074,70.2951246164675,66.9335316224451,65.99597566979,62.4102298048593,71.44502269943,71.4747252126548,71.051107663091,72.3930992093586,69.9544423739254,65.9451975822948,76.2153062188863,68.8776422501397,70.1918043012412,65.6471918309881,73.0728113471387,71.6942799404544,72.0600939531039,69.9125182966478,68.2361055711781,70.4505533158932,69.9618006334669,68.6846936580939,79.9608991538796,70.0410480860923,68.414275746475,80.0460115098524,65.0412359337887,70.3732347205626,71.7595987696063,74.6489979951245,71.4128076221031,75.0568306181368,75.046859567257,76.7277274675583,78.5438833163606,73.4984392712139,70.9447717126331,67.4485559113768,80.6810780372984,62.8084009129826,54.207520967039,71.4874585756921,70.3139589919578,46.0318171143432,55.4941804427115,64.2538897394739,63.9652182457019,68.1888343788168,57.2466338757369,70.8940752013894,67.2246186930663,71.5334145975631,74.6116548922442,69.8158185470084,69.6827580235524,72.7605330368167,70.1372026332206,82.5532949309061,64.8861516996772,67.5984962493486,68.7577251384455,63.7502851442428,74.7128905911968,72.8439759529402,67.5639006085379,72.333699820964,64.6527075049928,69.6814457993861,74.9891918229935,75.22213622549,75.1864392043415,72.5659833504662,77.9094405656182,72.7284099752213,66.3201358387167,77.1063886911545,72.9557439013979,70.7889149668635,76.7293065507289,79.9116178680509,73.9091142756291,70.236854801861,69.7642125576107,71.4925922489624,71.7738414240447,69.3982412427106,71.2751394780075,61.7176226335561,80.4019083012948
70.8049009740955,68.928402960291,66.4333151249796,0.0,55.17347073679,66.5286531338241,63.1720087992343,58.4428751031438,63.6974121402697,70.9053566690584,66.4449882136417,59.7062329121075,67.7265650727534,58.0630568239689,67.4395906301098,65.2943317193248,70.0722997129859,67.6850540336938,66.7278924169075,61.7042135311097,70.1551526076612,77.7714033588175,67.3683252021861,69.1785619996476,69.049976185538,72.9538045191582,75.6117635452307,71.1396627356614,74.2007659616203,68.7026672876531,69.6176638821655,62.7874589472,71.9289330421461,70.4917885867082,72.5565429088979,64.6748840645316,66.8078802573249,60.3359797288495,70.0201597427554,68.8676071111005,68.345202929421,70.8405038147083,77.1598881660049,59.4350090076736,73.8070679140603,68.6371109316851,74.6999099837672,74.0809497579419,69.528401698754,72.3970865042114,72.0732238659684,63.6772778112919,56.0880223056954,42.0665392999777,67.3924474800678,65.7030485715119,54.024793847299,63.4809300349443,73.1436453466756,62.8474433035385,70.4258980344651,63.999105906919,64.7004484308708,67.3515734165074,72.5741938277035,64.180986469615,62.1177648194361,71.9396973029481,66.8393255697006,64.8328397930409,66.2428941158883,77.9701977905248,69.8603135597285,64.9385505452651,70.8048898320329,62.3424638690948,73.6268292473523,69.24048225957,70.671439174387,59.3929451514175,67.3429123212624,68.8990651749441,77.8687766318472,65.6754659986301,74.3330324349158,70.5676599078245,62.2537879342411,63.7686379377626,66.2627692055974,72.5524285665467,82.3467733691827,77.4409332965799,70.7395535687625,73.430085649355,67.4940184527656,68.5898003825614,67.9121802280785,69.0841253377884,68.8575290807613,70.1131422557428
69.0327162366249,73.684695241453,71.3840733271607,55.17347073679,0.0,71.3317024409087,62.1284507107427,61.287229313806,60.8840516898899,70.3560242871952,69.4526124786587,58.0555191408973,70.6822168659842,67.9306273653558,66.1738672240888,72.3144925612432,69.6079696873464,71.9066407067258,71.6455362194907,62.7219593913622,64.1840331081574,67.243766453737,62.0434937731026,66.7241059224443,63.2013409240923,66.6923551521166,64.6125220941375,64.1788045565247,74.8010326770204,69.343027300131,69.3856690930382,72.828817792152,61.5984793914926,75.651217727517,67.0477514005528,62.7082873916923,69.1204071115209,68.8381916485465,73.6677498798987,68.6382938634224,68.8145432719682,70.2006686966565,73.5820787585817,65.130628519122,75.6473725272593,69.7688598528981,73.7648620718107,69.4118946997382,71.6262276744432,76.3077181884779,68.1965466688482,67.234174827551,55.5746299191978,55.6091259611151,65.6290110110445,63.1495153831404,61.6407411786706,71.4914396110751,68.2389999120732,62.5125345896033,70.957513525608,70.217649256337,70.4317073739788,70.1821942149131,73.3088428417074,68.3660002812689,55.7361957769072,68.8052902863713,75.9650009607362,66.3611843003142,64.5925580559664,73.9480685760692,68.1295258966488,59.3266694316859,70.0112048613066,65.9489629386604,73.2854717265087,66.6103717107029,72.5766455290384,69.3314560541954,61.7903774691629,65.6463983327123,76.7554041102489,71.2673431487944,66.0426012197619,68.6982808507469,65.4374342219614,69.7937903590758,63.3099902170437,71.7962640386836,77.288456294936,69.0933546299775,64.2865074338329,72.5293657116555,64.4225464901119,67.6280226503969,61.0414888457899,67.181970613393,62.4186527734755,70.9717209485542
72.6602422564229,65.8958656493678,56.2187816179887,66.5286531338241,71.3317024409087,0.0,67.781953754755,69.4523547443725,61.8251707131881,72.3698690002304,66.2631149292302,69.6937450074796,69.0163374871915,57.317276863054,66.6359396802681,69.5562256426056,72.7216236451707,68.188294827393,67.6227718657151,68.7962765376518,75.5257416783662,72.9952191129034,68.8086252258185,68.8164456153646,67.9875158017917,73.9072009342321,70.7271029084132,72.8085856838193,70.7387539821725,72.8612239736051,66.1882833275149,62.162678733947,68.0127232793162,68.6023018810953,75.2742989128816,63.4543811140327,74.2216490783463,63.7157557501047,74.9208328826177,68.2305152838551,74.9543284471237,69.0824508661354,77.9543401869807,70.9918433423247,71.2359370670299,71.3899490287952,78.1135390616461,66.2653922150621,69.9088332214485,68.9280721130599,60.0408411432328,63.4207654577193,71.3526502413469,61.6339592420965,52.2557231695463,38.0638499829722,71.4241571568833,60.5797509606724,67.0044417826551,63.8893045251055,67.4295106162946,68.995538153165,66.8526826052832,66.224736733856,67.8192388768007,70.2936274825377,65.9903752008588,70.9519102100278,75.8640454533508,74.681346660177,69.639457406681,71.0345353446177,72.1409511791319,68.3147456114559,69.0489366764145,72.8192798553417,70.4963164053901,73.1525616878456,69.107962621675,61.3702526348401,78.9958082738336,72.0144298265364,69.5879840083816,74.635863094655,72.6625732988481,72.2369220710494,73.7248890886221,70.4281280650605,71.0375043839401,69.929343149956,68.8473431788018,74.5910212108907,72.3724441012225,72.884985505264,75.3586137188147,70.6969437349037,71.5970348327854,71.9795263005907,67.1416140983093,64.0347553228224
70.6423697923849,76.6277425507221,72.3101305587591,63.1720087992343,62.1284507107427,67.781953754755,0.0,61.5144565914752,62.2312522355851,66.4318152973781,65.2295171705713,64.3376580296441,67.8192963772401,66.6608341599891,71.7593147330754,53.6058302247255,66.1822864260821,59.1754282914764,67.6257883322197,62.6501183237995,65.5372250046838,72.1717190669141,73.6569072182146,61.2196363727,66.6273711944396,71.0016709555066,76.7603706043477,74.6225779335621,73.9118351101463,73.5336119286811,70.5461259534479,66.5170318458458,58.3479241828893,65.4810328860963,72.5516031701459,62.9383602674836,66.1128396043975,65.1013453838052,71.056023726469,61.0781499359476,71.7001545534217,72.3616057795116,78.2920406803628,68.5727842253339,70.1849929024513,76.0441161328765,75.9465890647799,71.6221549954603,73.7040269997672,72.247572764602,76.1424931441634,74.0195082675405,59.1832757000831,65.8142352742708,69.4841874455912,69.5501303478098,63.026944309126,61.6214345523824,78.755251285281,63.2398777231179,64.0032956452015,66.4701396003072,66.7879564412045,69.024922314491,72.3132442151641,69.1534756402056,75.6021485058889,65.1812850177284,72.046913160304,68.9170840556568,68.9742760697338,74.207992535714,68.6681674619511,73.6352949657183,70.5515623423823,67.4857502933362,66.0686015081425,75.983181586403,70.8479017587506,69.5799988049156,65.1457642938238,69.2607188866548,68.007515043251,71.2734844234972,71.8503080492007,74.6141733373349,62.0809523281159,71.9094740318018,66.0603338570925,71.5185819962206,77.6271731383611,74.9225787592742,68.5901630274596,70.948367924007,65.9454415812417,65.5790682848739,72.0840455372347,74.3166516854772,63.9342307602367,67.3905578975291
76.8545745616554,68.5898828824042,61.707964253273,58.4428751031438,61.287229313806,69.4523547443725,61.5144565914752,0.0,63.1920039815298,67.6377738632962,66.0859592785436,61.8793689870986,68.8477509364938,65.3111271584521,63.4567406124659,65.8692862346492,73.4670630653433,69.8684079640676,76.2112896132586,65.4029971141931,71.2887803511234,81.1651447910747,71.1412022248617,67.6422376672317,66.1336909872644,69.4361791986526,73.0842091084322,77.0864940710963,72.7957078101389,71.423807673098,79.1879235643509,63.74590500775,71.4251274239787,70.8933599612866,72.0248348654545,76.4300978700069,81.3106347291231,69.2370390673544,72.3846417895341,64.3889683411652,66.6083439546428,69.1068865663087,78.1139474736018,68.3895146071361,72.7524049474223,81.7281451553178,79.1160797806969,72.0244409260254,70.9361793281281,75.5736988924651,66.0333855916255,59.9105694062798,62.8945981493879,61.6863270397152,61.2822755431164,66.1104134479927,45.5408040591371,53.7691357958552,71.8121057991184,60.9233168915135,65.0746022014498,66.3166140402888,67.9394430399373,80.4088569590299,82.1829531439928,72.3322368672235,70.7977168939058,83.3318425615985,83.2369537616033,66.8689895093082,81.0244913957397,78.3061144776582,70.2519046850343,73.1285789858318,75.1011302054968,68.1430792422218,75.072683694214,76.6834657957619,71.112044343876,68.9011539522692,72.2077625086093,67.0995465772762,78.2692720305096,76.0191646132016,77.6025985195776,75.2037006428323,70.181716713829,74.3279997461667,70.8318970390273,77.5915998055679,81.3112137359726,77.3900948179695,76.3903196365975,74.0686153085629,70.5746652368676,72.1273377299681,74.3688076911656,71.941104470858,67.0568542494116,76.0824007989557
70.3287343468761,75.21249222055,68.5771408480912,63.6974121402697,60.8840516898899,61.8251707131881,62.2312522355851,63.1920039815298,0.0,64.0404517560368,58.2570338303502,59.7257970187353,74.8290911742738,62.7174732593313,65.9142284047201,67.8860066870151,76.7154959632047,65.1153045682343,67.3569197161236,67.5136125048412,68.2428252909688,70.8776871544566,67.5044305287727,66.6370265304252,62.9191099582178,67.9300702362569,70.8652342383909,78.9000061205678,74.6652390730472,70.9946551203583,64.519406687696,65.1507779346304,65.1578022390974,68.6632387850786,60.5740053638917,55.2927298569972,72.2816433233745,57.3881096262695,69.4571875011812,65.7729703341546,67.564678190598,63.2374139382835,62.4605260359906,71.3294825380275,64.8242799366587,68.267525033102,73.9925656232543,65.6143712264976,70.6115944970322,66.0090560460265,66.0678432452901,69.0405712055528,64.476488429986,60.7871840903702,69.6596884847486,53.5154283200796,62.5439863865552,46.0540692305203,66.447526758179,63.2312667614745,65.9015892082713,72.6108730741939,71.9574764388339,69.9376124244671,72.5788589879257,69.8095557475824,68.8500968314208,77.8227444826484,74.8483880777885,68.5894426700139,64.8537074924435,71.0760022571788,68.7622913136967,67.5357879087828,73.3485994100675,67.4256454067588,71.8461707627211,73.7200908946653,68.9406917503563,69.4171432648845,68.8856383275851,70.6313132977528,68.767129090133,69.0643104392934,70.3159256348011,70.0484565298766,60.710519485885,65.135464795589,66.9700292123199,68.2339468488369,72.7033486757468,70.4416237617281,62.9265388275378,70.166186299031,70.9972694553315,70.6679164651119,67.7188877252051,69.7728105922325,65.3978584952887,69.7941891461422
72.8320769249543,72.2063437837817,68.215283248355,70.9053566690584,70.3560242871952,72.3698690002304,66.4318152973781,67.6377738632962,64.0404517560368,0.0,60.2937349581589,64.1974227204035,62.62844843042,67.9249359169303,63.4890156432745,70.3175023001291,62.1492844551437,66.5716105128448,64.9120509773796,71.5809735054948,65.7726577837163,68.6493842742847,62.7480430362046,63.4256437635893,63.8645387428947,66.5779344284942,73.692358484415,66.7818505906857,73.5985459560236,67.0741079577673,69.098243582237,71.9407362122277,62.9886454752563,69.5524848483319,59.137849848985,62.4444193984033,73.8898244274816,70.2742344605859,65.9884031487903,61.4306052471283,70.3064923526769,70.8968263552383,65.8254759111372,69.6290025257618,67.7361219820824,68.7580351837434,69.2176154708173,64.025476467713,66.6051285149123,71.1722888166032,74.0119602351845,71.1546958122074,65.6010971788385,70.5644459926991,69.0445723020014,69.5745548208162,68.2597118307027,75.5665773163239,67.854321600652,62.1776786254475,71.4408940527272,64.0375944620083,76.9558973360048,75.9123976806391,74.266186210459,67.642686295147,75.223286365101,73.0182740264301,68.4755296180301,67.4204682892295,72.2686657957529,70.8192210825127,64.9331132262419,73.600776763958,64.5712175728903,58.248325282484,69.5347737585353,70.2648815650463,71.4495395108522,73.2062049177118,64.0526743548106,73.9157761346966,68.5871131821186,68.936873518668,66.1767549981443,66.6728711959151,70.2769844960184,68.6989863537569,70.0968533592222,67.8203006074934,80.415838403396,75.5835048417244,72.7733431783763,76.2975814001751,68.5771961533069,65.589444023519,65.4904240489774,63.0948029366273,61.6574042701414,75.18236886747
67.9703863770221,66.021315222281,73.3773812961074,66.4449882136417,69.4526124786587,66.2631149292302,65.2295171705713,66.0859592785436,58.2570338303502,60.2937349581589,0.0,55.2434869084731,66.5421641121579,62.0556795837094,70.950231831908,68.1011417355841,65.9579809486231,61.8232842415078,68.7601744143195,67.5214740454105,65.3184585917338,70.0712741939004,65.5927720225554,58.2244509989436,59.0602284488126,60.4819885110662,72.4241920264497,71.7456254524059,74.3196050242022,67.8671549530915,73.1432647573437,70.6010546033925,70.4757109040371,75.6741763809168,67.7065887464218,65.12572678822,70.6183884956134,68.3791369072568,67.1809191077647,69.7680132995952,71.6859006920196,68.7817357123715,75.9603119273074,72.4193444441008,77.3081677716409,72.2210767983172,73.4589723788243,65.9296231635342,68.9318172715695,71.6922233609902,76.1800621241922,70.7728671379154,65.4395573022759,68.5896829982968,68.35008479898,67.473867266555,65.9881845764949,64.169569333293,70.0687526503051,61.9634940793847,63.8771014150818,69.4742859138391,68.5834239406804,74.5378993523973,67.4467196971111,70.5699404882607,67.6554211992318,67.8462963569584,66.2799290568151,65.3750097872385,71.9095650622234,64.874664943088,67.1160328077985,70.6910658205724,62.4634361202791,61.5439235527648,70.4458896620456,72.8888565262937,68.784004222101,64.9895266956576,61.272389353467,71.155064325191,72.3904704295965,64.9208589926634,70.9726291582723,61.871848968776,64.5451214945493,64.5945192218025,67.8501306025693,72.0243758249966,78.991912512731,76.6714199067262,69.2680800186864,73.3763720726752,75.0947725133293,62.2182017320726,69.2792040082997,69.2943714620366,64.5188996036444,64.832432669085
73.6498533836778,76.907204736287,70.2951246164675,59.7062329121075,58.0555191408973,69.6937450074796,64.3376580296441,61.8793689870986,59.7257970187353,64.1974227204035,55.2434869084731,0.0,60.8522421271489,66.2166181877595,72.3949043377882,68.0427868839375,66.6050036861539,61.7548223715591,70.1259578291492,65.3256817656872,65.4294609061313,73.9564878326969,67.0675724321789,63.0843276105246,56.4413924534295,52.7308098853991,73.7726407806688,73.871202482843,71.3871344287321,71.2166041638609,65.8624779175916,71.4330174803037,63.7524967948117,72.4581987132819,65.4503825553291,67.020271411633,69.0171928120548,67.146589038699,65.4551022098013,65.5161304697811,71.2001519645575,68.3839352520431,73.6029069214743,65.4026383710049,76.6093067579116,70.8398526037873,71.4807581694738,69.9253960970821,65.3088591051602,71.1069428315318,76.1471398162826,72.18533279461,65.149333181328,64.911598595716,65.8188378385293,70.1141207233121,62.1652839086615,62.5351166735179,71.343962104299,59.8014564180293,61.37071305707,62.7493145151321,64.0740706736995,65.2889671280802,73.5185476275575,70.3253976564205,63.6682886537377,69.13387870672,68.508716378928,63.0333997595015,67.7505638921903,70.8900444538685,69.5963951525238,66.7065690870238,62.4429786610018,58.607733416468,75.6279042052339,74.8474251582059,63.5462260939618,64.5749141784553,67.7371701243883,74.1899572776308,75.2464401053838,64.0203853638088,72.6794316582555,66.8754561452441,68.2600587610052,68.7962897871163,62.2735749015505,76.6009382598726,78.0198472122646,71.1243056067462,67.4706953354009,66.1663634076567,64.2933792788433,67.8534314426354,73.0875935452353,69.7706017725135,66.4824858024508,73.7249427076381
71.0789516007593,71.2691008738386,66.9335316224451,67.7265650727534,70.6822168659842,69.0163374871915,67.8192963772401,68.8477509364938,74.8290911742738,62.62844843042,66.5421641121579,60.8522421271489,0.0,66.7104052419522,56.4560906515813,65.5787089754198,60.3274673843049,63.7044152706315,61.7330303066876,61.60997115796,62.0886770727408,69.8953408004081,64.5143063790553,68.1808291831487,62.8317439415273,66.4617880538368,73.2579854718805,61.4481054382611,66.13459712203,68.6164769384857,71.3681814965263,73.0575246383177,64.1436853326872,76.3245641363515,64.8988623965134,70.3281933435086,68.3719457520365,66.4150404818232,66.2143743648793,66.9098339798518,75.4251766011517,61.4670421433451,76.7550268577431,65.8846034967418,72.4055618268142,73.1585564610685,73.6984936068389,74.4213775588959,64.2728128167759,65.3471837844189,73.7361124603435,70.6728408418844,60.993912809228,69.8698070843473,63.6286013029189,67.8318988929801,68.3446033693636,68.3235313550707,67.0670225050413,58.3300130806298,63.5022701889718,43.4402263541165,60.6129495177245,64.7475228547611,67.0682748207804,62.6174740239913,74.4120940795188,67.9987294532664,73.1108323934256,66.5918054609661,61.9361705726087,71.1645149629331,64.3445622673166,69.0510481140776,61.1179231031526,57.0467796378847,66.037902176631,60.9500756867561,69.6065529248548,70.3385677966499,66.1128598622978,77.954461831377,68.3288696970404,71.3132766928997,68.113849620988,64.3385448036323,67.3605265972548,65.0219294035423,65.557378169996,64.4622292735173,73.9052171338262,80.2952719036458,72.4755186302948,72.157661246572,64.8085089000797,65.8549732035803,68.9768391559078,65.3946074054938,64.534800805168,65.8807024711674
70.1256545470772,66.2256466062391,65.99597566979,58.0630568239689,67.9306273653558,57.317276863054,66.6608341599891,65.3111271584521,62.7174732593313,67.9249359169303,62.0556795837094,66.2166181877595,66.7104052419522,0.0,56.1391254904086,71.89188983782,66.8697158698579,68.01730818579,55.8600043137059,68.1291165237835,67.6027320387256,77.4867818995929,60.3160728067656,66.9776898619604,67.4836893515922,68.5552588735445,73.623750329609,73.8761810858817,70.8928170018118,63.040230863287,70.2533667481204,68.385871992157,68.9148432378357,73.9813806477333,65.5558664139145,63.4451538700889,74.997200796792,66.1471029274114,71.6137754472172,66.7772988783383,71.0162979803143,74.7290788884243,69.4580931880424,64.297824910975,75.8589501237195,69.9428617663827,66.6196935358476,70.0040204462074,68.8135131125523,70.3144679688579,68.8147816412474,63.4229184366509,62.4567222539276,59.5509013498017,64.9696281292072,60.723455868086,68.7652765637041,65.4342729328079,68.4496756446229,71.7672850255946,67.7822260529859,68.2954378610678,61.6951904338457,55.7821327788915,69.8264479275949,57.8818232544339,71.6849198712866,72.1177664220295,72.8147445407717,66.5225990394849,63.5768500595625,69.120953932596,59.3464313090159,65.3571225886184,61.4825596847022,69.6314997586411,65.0255380408818,68.9085600783882,72.4458427169057,68.2505690041617,67.7930788324856,69.3789566130599,69.4360739047801,70.2808852558506,74.0505438983126,64.3504206711638,70.3857545773549,67.0111632997931,67.2226869159047,71.3573237296506,77.2713660679232,74.8899631991799,72.5219636163669,68.620997764282,67.8565793761246,66.1505924099572,68.6300475717847,72.4859310864522,66.975353935032,71.9006812349276
70.1525925787236,66.8639627366382,62.4102298048593,67.4395906301098,66.1738672240888,66.6359396802681,71.7593147330754,63.4567406124659,65.9142284047201,63.4890156432745,70.950231831908,72.3949043377882,56.4560906515813,56.1391254904086,0.0,73.9903533403753,66.4396333750136,71.0575170351116,69.2159368199629,61.9026999767127,50.0326747102808,61.848476440629,51.2459139454233,73.4443836882095,63.5931050799232,71.4940754800871,59.164474685133,72.009819355394,50.3852309824517,54.2620276863368,71.9674164628163,69.6213228927542,66.2881758610116,72.8107929538182,65.7392937754903,61.469759995097,72.8444376893501,75.3043627334465,67.6945362823003,69.3496429049931,71.413487918419,72.360995874005,71.815890006627,67.5344589498164,75.0762433121128,69.356744100223,64.189614569947,66.1679779156695,60.0472785667083,68.4496557302523,67.4705906706899,68.0738262289497,67.9391671495074,71.9249176005571,62.1107739195957,65.2951285510466,60.1866616605843,66.8304195076917,65.2667864213717,68.9309439618566,65.3279392870598,58.3248200271668,62.5276216755004,71.4603241874619,63.4281170741799,41.277268440773,70.3330431109001,69.5073627868722,75.1678203306032,69.8182342637905,58.0061899491137,67.4950912810682,58.1164812457714,67.2993895947626,65.1901409449524,67.6476883743755,50.6664417854848,57.5939902751042,74.4678573698236,72.254622072706,71.6437805589483,74.9574198364777,66.4069790270408,67.2112607712784,62.3425088308621,64.0757452563977,68.3575295058056,66.6183672575468,65.6919729447739,63.9895092614321,79.0563054203292,82.675954296622,71.5064592454868,67.4702706069487,69.8287184085219,73.0627295035892,63.9679884683471,63.630451690857,58.7271141085339,70.8167097114364
74.0236111264847,77.225013703596,71.44502269943,65.2943317193248,72.3144925612432,69.5562256426056,53.6058302247255,65.8692862346492,67.8860066870151,70.3175023001291,68.1011417355841,68.0427868839375,65.5787089754198,71.89188983782,73.9903533403753,0.0,66.8454749858355,56.9745346786508,69.5387879062996,58.4321431019372,61.7574514651344,78.1087614384579,72.5290637101162,61.0339643985831,70.1872490246871,72.0878920050331,73.2105085736865,71.2598166205341,67.232594371193,72.1980038209964,70.5517305706774,70.9318119966385,57.3299568646744,71.2627344958404,73.7762330345051,76.1673497109413,68.5858748712547,63.5081749863109,68.3322652381577,62.2886877504467,63.6956529106481,73.9335738836612,73.2118719003029,66.1213722381517,74.4532874988387,82.1876884508618,80.5428269821047,72.8543649548512,61.9077462369093,77.4414607906879,75.9607873305736,75.618961847529,64.3864476037541,72.4346201570837,68.3768636933994,72.3751070500035,70.1166709661339,70.8923527907671,81.4184936598019,59.2589820923091,67.712444299353,65.6582144698989,74.181729605784,76.1255179876248,78.3456472463356,76.2138537507939,71.4475109384954,69.4860279441859,70.1288790397578,58.4792508759414,64.4862563167948,76.6965867371169,73.2166552813721,78.9918940578346,66.6343485541886,67.2140298333586,64.2599427135838,74.6490093733817,71.330895674505,72.8873489189667,67.4691706529274,69.8767257018895,72.2181759260212,70.3154629090179,72.5223391371917,74.8335225980197,64.1053874188544,73.2829561249994,74.3833980067526,73.0067546854735,78.2873560831181,82.9802090810709,79.5781084531174,75.3535389201299,70.6706181851868,68.6210676435677,74.3972227445864,78.1176461587332,62.9659170762262,70.6761274388538
68.6291861374453,69.5290935787623,71.4747252126548,70.0722997129859,69.6079696873464,72.7216236451707,66.1822864260821,73.4670630653433,76.7154959632047,62.1492844551437,65.9579809486231,66.6050036861539,60.3274673843049,66.8697158698579,66.4396333750136,66.8454749858355,0.0,70.5337989572916,48.738596743744,67.1861688130611,62.7129531830375,64.7932409447984,71.9218687871488,67.8518888716451,62.1164893292126,66.8327958557186,75.8759083074015,69.5158703078369,65.2834321229981,68.8727509986948,67.0111631896721,72.528145026387,65.7415305478412,68.8248864165116,73.0061869471677,68.263763531924,64.6415618358553,65.5655884868544,69.388302522661,63.8882554401462,72.91815806478,75.9013755709208,72.2543106979485,64.9554541889688,80.7049432344691,71.8175254601514,68.8368317760656,75.3881671565975,63.4762320886585,64.5992655403081,73.6325209233287,73.4672385178537,69.095304571817,73.6159444556536,72.3188299446312,67.5550472363951,69.0087196108147,74.871804873777,72.2459190412401,61.0878628858582,64.5530674528604,54.9214630915825,57.7493996784509,61.9000970500062,64.5827930060824,64.5329195005498,71.2554441388117,58.5308238423906,61.1073725609752,65.4111128993728,61.4365980766174,62.2736559621564,59.4423314824392,70.6411838065981,51.8307582390891,65.0787486457892,63.6985431058413,64.1358105012437,62.0743968588993,70.6558089107266,64.6137896762299,74.8580664612172,70.3688914374965,69.4291587331285,66.1586531209658,61.7385774035876,68.9387869088792,66.3043250646398,65.3893238449482,71.7884428594661,79.429334919918,80.1583127997345,76.705528295345,74.6617831129063,69.513368770613,65.9124725159501,68.5509932317456,72.1005036878814,66.7100907292333,69.7395488693372
73.2660727829328,74.7118072419419,71.051107663091,67.6850540336938,71.9066407067258,68.188294827393,59.1754282914764,69.8684079640676,65.1153045682343,66.5716105128448,61.8232842415078,61.7548223715591,63.7044152706315,68.01730818579,71.0575170351116,56.9745346786508,70.5337989572916,0.0,66.5895131986583,59.312542676459,65.8369785732971,66.451679361364,63.2489418560043,61.5486633636735,66.0375865594686,69.3520362321834,75.0557235912844,70.8273708567009,69.7725876040544,73.3588098529459,76.7071444199435,65.0804162479893,66.3162910404392,65.3619737117978,67.9672568043854,65.4836553350586,68.051328343714,76.6896911866277,76.4317379075056,64.2506456083434,62.7311655711908,72.8687358429336,70.0860767208586,65.949654289061,72.2853717610597,70.2523699287195,72.4764988102857,65.8941175974077,65.8552901280302,66.7988012667217,74.7182367125969,69.7118650175648,59.914290195243,71.6279724111166,69.9046642353972,66.8382942466718,66.135074949931,66.8138904556832,75.1678196700909,55.8363942034503,68.8258399229576,63.1603040755578,72.7165041877831,70.1292967298141,73.0314241340669,63.1980754875797,73.0077771769182,72.8927941007623,65.287108695116,49.4162681994334,58.7570586192815,73.1812056112582,61.057485236717,76.619429803991,72.0451424311078,65.8102233700107,70.7732298393862,67.674068276814,76.3624816210086,75.1803721046517,70.1498175079601,73.8177868478283,71.5949911526824,63.2622496282106,71.3879848531918,71.6684234625882,65.053567533665,70.7663114754257,67.5424105979002,73.3268135490904,76.7319257229024,74.8180548464405,75.4946264473478,77.307065610873,70.1912705845536,72.0800606087491,70.7993146973414,74.3462640075605,64.8557085890186,65.9168951974705
74.5090063168474,69.0588987326209,72.3930992093586,66.7278924169075,71.6455362194907,67.6227718657151,67.6257883322197,76.2112896132586,67.3569197161236,64.9120509773796,68.7601744143195,70.1259578291492,61.7330303066876,55.8600043137059,69.2159368199629,69.5387879062996,48.738596743744,66.5895131986583,0.0,68.2987089521884,59.6015310814877,69.344416416389,64.2698729928011,63.2442426906502,66.5898724567605,73.5500168191467,75.0727626574041,71.1060854215897,71.0719623202014,71.1420301743223,73.4015028529842,70.3937052960717,71.3403445639203,65.7853596023991,70.3931141991313,64.5302649617309,71.0993099528059,70.4643016940989,74.3705493202747,68.1232926395202,72.6833064300655,73.825951999443,70.7970616048201,65.2453478331123,77.2032788476135,72.8404085807638,75.0689619692751,70.8921256906403,67.5704196737603,74.9020521237052,76.0156348888486,73.6452783412464,70.2093706892687,72.9124541858855,79.3530365790143,70.8664362630614,74.6830373247196,70.7614512282008,70.2564160862443,65.5649621433173,70.5801982868053,59.2307095076959,54.9419471486489,54.6469488748119,58.7308094132776,65.0681664847849,75.5455707425118,60.1916726724309,57.2589609051881,63.9746479922091,65.8052106057006,67.0379591160065,58.8060989369722,71.0368160222082,62.4414207619802,64.5516466011104,65.7817737143856,67.3468423705582,67.9497204267742,76.1095559429401,56.6829970361429,70.3246806565396,77.0492524930124,70.5612073270644,66.1447693273501,66.2745077761489,71.175548976956,67.6989913173117,64.7626809010506,69.6030405022509,80.8769971093171,83.1858357857638,76.2998050688243,77.6324585095465,69.743893372352,62.5926095638894,68.8574951143895,69.8715252395125,68.1662028234413,64.017801576537
75.7130214446191,71.3954097238912,69.9544423739254,61.7042135311097,62.7219593913622,68.7962765376518,62.6501183237995,65.4029971141931,67.5136125048412,71.5809735054948,67.5214740454105,65.3256817656872,61.60997115796,68.1291165237835,61.9026999767127,58.4321431019372,67.1861688130611,59.312542676459,68.2987089521884,0.0,63.3972130530122,75.9556553891588,69.0612504493239,68.0837484476852,69.2060824066707,71.8071206779801,67.9596528168583,71.8525766500756,63.396499209925,71.104897854542,75.5019984631529,68.9184879015992,58.2471837641093,65.7691983303594,61.1707990867947,51.8342438193818,67.7734354686741,67.4915935852533,72.6845519130654,62.7781507197501,69.1726646607658,75.1653829941773,75.6358954536729,68.8555530344689,73.3136807183396,74.7369860824107,74.691957667394,71.5088116778207,66.3725579201109,69.771442346239,74.6049764056334,72.3623239041291,63.4639327102208,67.1973233193699,66.5149494719925,67.8587227923734,64.3546852108724,62.0231568276106,73.7003603334896,66.085821908523,70.5363429106402,66.1206761463996,71.9053612371582,66.3206062285996,70.2238999468324,61.1984873695934,70.510236800309,74.6282221935757,73.0581488243534,64.7352109819505,58.39233131117,73.2289610107646,61.3419922114876,72.0742914948831,74.7894177757482,61.7543041995641,64.3343177177945,70.9903825713598,72.286973780663,74.5037201555581,66.7735430489587,67.0672641370025,71.0064874977518,70.0149542054687,66.1673874874349,71.5204079555902,62.1279021086672,69.9419165103349,61.2152387424147,74.5063459591127,77.5803294926372,77.4459970620612,74.3057613824261,68.9311981554993,74.9025896329492,67.1399959265255,64.9006659791143,73.1378078625211,63.0067437043907,72.1144509081405
70.5116357935059,72.4331010571643,65.9451975822948,70.1551526076612,64.1840331081574,75.5257416783662,65.5372250046838,71.2887803511234,68.2428252909688,65.7726577837163,65.3184585917338,65.4294609061313,62.0886770727408,67.6027320387256,50.0326747102808,61.7574514651344,62.7129531830375,65.8369785732971,59.6015310814877,63.3972130530122,0.0,65.574270293942,60.8276137738926,65.7860727549138,68.4824292785963,73.6246262129448,58.5835932618056,71.6513826106507,55.1368047229304,63.5832552791632,70.1362786435653,71.5261659149213,61.5122540145621,69.8138756076961,63.8404180557674,64.2701934723576,73.1315743713969,73.277268510488,69.8771215672849,65.3435830773981,65.3484590921627,76.4527120859818,67.6043119834064,72.5355945989681,71.4717899062095,73.3784590570777,68.7815640905987,66.555528755978,56.8256723729504,71.1143726291213,74.9973270413692,69.6340950223768,67.1447190950118,74.9432724032411,64.4687847635313,70.6756829492102,64.8461723014491,67.9093923682538,62.572681313027,64.8951428590566,64.308248256031,63.7722896076681,68.9223139703262,73.7113164687108,71.4507840117684,52.8070955639449,70.4877234257989,70.6609094826307,70.7081394260113,65.8399108315756,56.1994995590874,70.652879878758,63.0715775696371,74.2313563868472,70.3733503084761,66.986832294984,56.5847699052212,60.0156038226678,78.1425311532024,78.2800300578709,64.9038240305445,70.52651925595,64.8110669936475,68.7133453022074,61.1817023456079,69.0316818590305,70.8564757791245,66.9888080647263,65.4969369339366,63.2040480483146,82.2996858477185,75.0451123559709,72.4204714981161,72.2226730308376,67.5159681804682,68.8601254713737,63.1141177092726,65.9744289692767,52.4643903123357,72.5368070630322
69.4306279349005,78.3015560038261,76.2153062188863,77.7714033588175,67.243766453737,72.9952191129034,72.1717190669141,81.1651447910747,70.8776871544566,68.6493842742847,70.0712741939004,73.9564878326969,69.8953408004081,77.4867818995929,61.848476440629,78.1087614384579,64.7932409447984,66.451679361364,69.344416416389,75.9556553891588,65.574270293942,0.0,61.1192099673541,67.3480234029467,74.5502558670371,66.1837592415054,66.6877160497779,67.0540763951394,62.9009986470101,69.073459294788,68.6998048798573,72.5849169757522,74.5058554298194,68.3220341736358,68.7305483234615,64.7380961628745,71.5184906695751,69.6627939556566,75.2140004814231,66.3292725420675,64.3792489178889,72.4436274804099,67.104736576323,75.191796793419,70.4142853957052,65.7352828450163,68.3044055796516,62.5613934595732,64.2476867689096,60.0310973712524,70.538966107471,78.7770324887304,74.8999013586115,75.0093662371554,75.679150328173,68.9939478375069,67.4728370665093,70.551702941088,74.2938015116721,64.9617047104506,73.007259141126,73.5393819746823,69.5044781075811,70.6854958405723,65.9548320399951,64.7895733687755,66.9430921546246,63.8909713724071,60.589064735107,61.5396326253233,73.7070984031269,54.320298624024,65.0827750567925,62.9960915293953,60.4859271951703,61.7590969652914,67.8897429355895,62.6688622410746,73.5100941822991,73.6691090543272,63.6201527148058,76.6337816063451,63.6867648361761,71.3974149743491,58.700152248471,64.1078397600117,71.7500493601192,57.2275492151606,63.320888819356,63.5224859408308,71.4059274190649,68.4022851744383,69.828082876409,75.7353451402009,73.1473472728315,73.5444070755078,67.1041687674957,68.608975120276,67.800298598798,66.7446391915484
69.3772256685553,66.7854878283613,68.8776422501397,67.3683252021861,62.0434937731026,68.8086252258185,73.6569072182146,71.1412022248617,67.5044305287727,62.7480430362046,65.5927720225554,67.0675724321789,64.5143063790553,60.3160728067656,51.2459139454233,72.5290637101162,71.9218687871488,63.2489418560043,64.2698729928011,69.0612504493239,60.8276137738926,61.1192099673541,0.0,67.3274997455477,65.4662591228377,66.8495952804439,63.5188236281419,63.4633702862711,58.4340458996689,42.1026131776973,61.9960304085582,72.3941895883638,66.718615640817,74.4745066386174,61.4162434137101,63.3118172358843,75.6361166736319,68.6072382823808,66.4731080458334,64.6399835352581,63.1793489558769,68.6286016984019,69.8170521264353,77.2729438657753,67.8157718733005,62.7411925472984,56.1604753464356,52.9026657288403,60.7757172195695,67.8249498790896,72.1472930598178,67.0288492626257,66.3389546508289,67.3960308649807,64.2510043607783,68.2116043430291,68.6087163809793,70.1751703305889,57.829475343431,69.9910569180938,77.3098463215729,69.0306675278142,78.0559008021465,74.8286418836424,73.6878888346814,63.4550740638682,62.8976874396586,74.5790478687248,71.8367935865821,66.8843999280885,68.0474474315215,69.0543749632566,56.0190829094604,66.7274670156068,57.6351857851428,63.5544796646864,66.1182754923985,58.6751856124588,67.2086699221026,73.9954481084487,72.3525108792299,67.8203781485263,70.2101673222975,64.4504240955763,63.6587804805799,63.9383479329252,71.2584249248094,61.9305213165156,63.0142174121294,62.2146131638769,75.3705985379993,73.2964248485671,65.4026709836523,67.1591556730773,70.9895880365127,71.1343982168729,60.4041929494405,59.815612830531,61.3008817683261,68.7462600279944
