0,1,2,3,4,5,6,7,8,9,10,11,12,13,14,15,16,17,18,19,20,21,22,23,24,25,26,27,28,29,30,31,32,33,34,35,36,37,38,39,40,41,42,43,44,45,46,47,48,49,50,51,52,53,54,55,56,57,58,59,60,61,62,63,64,65,66,67,68,69,70,71,72,73,74,75,76,77,78,79,80,81,82,83,84,85,86,87,88,89,90,91,92,93,94,95,96,97,98,99
0.0,102.769509067106,106.34692807944,95.47822304165,100.380604021123,101.948014891419,88.8338814251696,96.6504730287789,102.932474256494,91.2493935479185,102.970601900817,89.7133873081663,100.486437644752,102.62087576958,101.530690357298,94.8854371821708,104.579497075324,95.5078454567264,100.189059160741,88.2697110656508,96.4360602944287,101.000870701913,102.732435737595,107.449614716527,93.014340159227,97.7279407580974,97.7377052196113,101.445610968306,98.9458720909998,99.6528334827986,98.9327830517664,93.5718928465938,90.8077905289917,103.675652030023,106.101544478445,97.7581404809924,99.7725826644567,91.3333966871555,103.776167483482,103.23171118263,103.984419628277,95.5612005206401,101.599873611339,94.3459630864543,98.7856470121202,99.8219950908766,101.898416249374,110.851817644644,98.6189038837922,97.6722494059223,85.8450894421676,96.5344050089283,99.4006596123644,101.574819226705,98.8519158179396,102.768349114425,98.6056472254197,101.679835866135,98.4127142733807,92.5694327877618,94.5213223431533,107.655949969553,101.766633803039,99.444827137455,99.6022140289519,97.6913574373865,95.8475554223037,101.667781902586,100.541783224879,104.288191723525,87.7541167106779,100.747604002163,101.892336944893,111.869630326953,101.756864644777,90.4810473773206,94.1395697171916,97.1546895543718,92.6780824363184,88.0825555936124,106.310524442712,103.902027860946,105.105030260751,104.773709304971,92.6759636726699,99.6652656202052,94.7910781860386,103.080088172664,95.4087665809014,100.486140028092,103.521403797282,93.1888444168977,105.349231431883,84.5876289134273,104.708402104794,90.0956254496249,101.170648132274,102.002840643268,98.9114523224309,96.2421224939228
102.769509067106,0.0,96.6386269651797,83.5677739761668,92.5795660268727,100.625615311599,90.7567162765584,77.9257645767271,95.9752605987087,91.9643504513647,98.519382461107,98.1032318981865,95.5866042305541,95.6325589231442,96.9895612264582,89.7711157789602,97.2423275205655,107.010681216045,95.1023542119913,95.6133175011468,93.9325006437334,81.2319472781709,94.0836515551152,90.0133161412846,108.079660282973,95.1912001053062,95.5414966047623,102.367862300087,98.0862187775838,92.9377430741833,101.685395309404,102.646607132653,91.9256908376867,103.653466966358,92.8493868774088,99.4833100464444,97.9007570558081,97.4663242940824,96.029574839667,98.8351308475959,90.5107603961701,104.055781464704,81.3762868877159,101.761288980478,99.2527823934195,98.1130514595449,97.8175545638454,106.976188816754,99.2475224272592,99.5489413120938,102.36030179074,85.9767459318016,95.8947401646222,81.1902101386378,89.5132930519678,97.4713527779609,91.2621728029567,98.4673523709462,93.0198574088153,93.5381776811986,85.9569640787866,93.7313996381117,94.2340021641543,96.0723414477897,82.031817695226,87.6332907955921,97.5103437910289,98.7636460874007,94.6489221308144,100.424185576039,93.093814659733,92.2475190797734,92.4964874512266,99.5085811865038,91.0848476869031,89.9921429729462,90.4251341905625,89.1163790964642,99.1095479226488,104.983180948943,97.0343472957888,92.9121279942003,101.440227918036,90.8868379437974,86.980541638848,95.4814120784441,97.6255518732502,94.0300978455753,101.34440615373,94.7117772167304,91.0733537481726,101.393935352961,95.2339689161746,101.703494795336,98.735238147739,95.9231973788386,94.2221767263451,91.6988827155258,98.5044707621041,93.0690143192617
106.34692807944,96.6386269651797,0.0,96.6507205442769,92.6530858149333,63.1208738704645,87.8712335695281,84.2064640957622,86.2182466590571,96.0895255454756,102.944016442125,91.8230354087066,94.8193053343963,95.2449550908196,99.5485477558535,95.202303773478,102.190216252111,101.001963333011,94.5213046394755,95.4181774025193,99.0560149509053,95.2604043930349,98.8093162679768,100.8204700991,96.0727763471477,89.9855923072531,102.313783203597,95.9526257410026,96.6406768241143,97.8022983005248,101.275205807075,97.5854569140384,98.4356675758617,99.6205445159003,95.7802546228811,89.6139553694872,101.238555467394,90.6715498967053,98.2368180147186,96.5938835451079,91.0077662804712,98.897980420939,92.711793571056,96.8513362551562,102.242872047574,94.1880838154514,97.0837733372638,105.920988122615,91.9014946000934,98.499182631307,106.137388567707,93.2807549694748,90.5111414410463,93.4305524389688,78.2778266368257,70.027702257035,89.8649749782802,88.5358486470006,93.4846276400663,97.8854307002375,87.2025953870244,97.5554622934427,91.5167088299017,100.986283746841,100.024009169265,93.4756596107442,93.3976330588975,97.6976833033926,98.0213738580737,96.6939661526579,94.1042940313838,96.0292757662113,104.435752985435,96.8263614933265,93.6588225580956,91.4407037114233,91.2187711811146,100.489989958352,90.359344859802,90.9784674950359,101.206238757689,100.457904084637,98.6919252971274,88.1176960865916,95.7916539096096,102.47654148939,97.4742947304175,86.5081127248803,97.0407799868374,92.7799082990719,98.6653946995196,104.972087633234,104.306897157181,96.9966728025648,97.559634793823,94.5247059651739,100.06181421888,92.0628460074292,96.1209121412947,99.4347305918188
95.47822304165,83.5677739761668,96.6507205442769,0.0,86.3300420168461,86.1279300936274,98.3826947326251,93.9234221468174,98.4519400528311,92.4779831764736,106.048933892039,90.8877285329782,91.804347135242,93.8798450018174,101.662947478002,91.9891802516397,102.94317594532,97.7008171842276,103.900853385193,94.4272086171907,97.53578033126,85.8759535937827,91.7482275369231,101.833435989726,105.845255579058,96.311464521712,93.3475434009035,108.97693554069,105.72610574047,92.1716675755795,106.79806136778,97.3405815055397,94.7989119001738,101.683318318278,89.761273729212,94.0293214173917,98.7579861510793,84.6834835107832,95.7658090910436,99.2377098491006,103.443381512563,98.262199735495,94.9885798660953,106.0074365658,91.1938837646925,101.954878254985,102.995444926898,107.670298815215,98.421373256126,97.1139778002487,103.553946815722,97.2162476082352,99.91320432926,67.9018802421004,88.6425234385413,91.0301237422856,96.3493308060893,99.9727658848316,96.9430224034136,89.5744642539618,89.9489361516387,90.5401780866795,85.9695632467953,92.9603466377687,93.5522492341746,90.6469740171376,91.3469788891347,99.7629356412645,88.38307429718,93.5609813700198,97.6297473089038,82.1737321922105,80.7060071522708,94.202081053658,101.362258100952,95.0516384706802,95.5637587448893,90.6077300383388,103.511171173798,100.329875897641,98.865163259001,90.2711413738075,99.4349514692168,88.3068390608501,76.3633840139112,86.2702354244977,96.5832775126161,95.4879269306018,94.6257990111381,84.3751914293186,88.0144008630451,105.318075666392,94.6988014824608,101.04938984462,99.1073622682639,95.1885059819704,83.636591321934,88.4625514594649,100.81750689925,94.5013143106565
100.380604021123,92.5795660268727,92.6530858149333,86.3300420168461,0.0,99.2221326751855,97.5833812085481,93.604050253058,107.972733186932,101.16990614339,101.032668680792,96.9860052878613,104.41326825909,89.1855810885279,98.7936335121162,94.7794554067375,94.0331223770363,104.229542238381,88.3812734153458,102.605936714177,99.9447592701435,100.584567639516,89.3661511072686,108.476042137447,99.3956843837937,104.075041644313,92.8726942745664,100.519425760443,98.5187311565659,97.7327192461398,109.532632395881,101.244775498134,91.3043968636937,99.8775023289925,90.8739726469522,107.110684807591,87.4781775224945,96.0957259921774,98.7584985821237,98.2737486264503,102.877523266927,96.7103371156264,97.7728277220029,106.428149686169,103.035667537976,95.4924000030674,95.62923922719,101.827514419395,106.23431081829,107.220041635915,102.164083143331,93.9206916926855,96.0151714413494,76.5607362402908,85.0488170670494,104.833204367166,95.1926166507039,101.268010848885,96.1403705509562,92.754803091045,99.1208536266768,109.667052436537,94.7734002143789,87.081005982126,89.3368127537992,97.9636647820261,96.6316586577005,89.4115834443349,87.4121080739058,94.7491726462014,100.304284729518,91.2647134403178,87.9337521684785,99.1414711991593,105.240533125093,94.6476369089582,97.9699525655605,90.9653191936351,99.5544318330523,99.6549715999757,90.3987566776603,96.2867621190827,112.166937450218,94.3676729425491,83.9698992429299,88.2400285684226,97.2361758349099,93.3708473718268,102.452869902602,89.0085010470512,103.00285543339,100.572052842992,96.4417326155656,103.145887675292,96.9778398178433,105.223371431138,95.5407888341533,91.808857962472,105.621596136895,103.618935077618
101.948014891419,100.625615311599,63.1208738704645,86.1279300936274,99.2221326751855,0.0,92.0432846825447,91.8210863033493,68.8591900007316,97.5066519701968,99.3731822456007,88.3311629843281,86.0520955039947,98.2947151701008,97.47517057246,96.964549976601,102.401199381537,97.140363524582,98.2840871488284,85.6305055769827,103.278357510917,91.9122603072076,95.4989505424668,99.8494941649656,99.4845511476564,95.5987542435597,98.9344760241455,103.729814843368,97.8465953589572,92.3165431682488,97.3465636206711,97.3214108321094,101.75038003322,97.6325005141859,96.1444771102311,84.3684207312618,108.076408974321,97.9114687212364,99.2874199810833,96.3186462191913,104.303516441982,101.533243358595,91.9709758752318,94.8534220949878,95.7771290615073,94.4306172500471,97.7343805703655,107.527814669036,94.0322817629879,99.9643560331152,104.891762787747,93.2163419761177,97.8009874205412,96.0175312817112,68.1446679242163,52.3192544662271,93.5406908780888,83.4966796060461,98.4647055998979,98.1526930258455,85.8598178328,94.0994400685846,92.180458683454,102.017140527315,96.2810355621372,102.645985642172,95.386918218214,98.4639062231523,93.15211357027,97.0057576239737,96.260312586783,93.5075101727111,100.503902666497,95.773798945125,88.6107497159709,93.6045312243441,97.971377525357,96.3237456989325,93.5308212617124,95.7707137038395,92.4315829077815,96.7606745406888,100.948046345053,88.0488416382082,84.556434940385,96.640195129319,95.7593245685293,94.5110629420885,79.4057072894474,89.667604902654,99.6623234622583,97.0837887889275,96.7572490268195,100.967525625617,97.7646545715699,96.6187318072529,96.9424396429285,101.525602460267,94.2219668621934,93.6313990833131
88.8338814251696,90.7567162765584,87.8712335695281,98.3826947326251,97.5833812085481,92.0432846825447,0.0,74.8486389573831,88.8559734421565,102.929455500506,101.639368776404,103.825987607651,90.7315804597763,93.9279961610703,98.6327362327274,91.1787335999284,99.1678491744827,90.1188763785236,92.2855390118667,92.1731560744178,97.5843303494341,92.3317899422696,93.0423480641733,97.1278380244024,99.2300593961808,103.641302038095,94.6431877994658,93.364389381591,95.0129526375125,101.756055690168,100.859679196477,95.738682148162,92.6482451599596,97.3445967860597,91.2407279862193,88.3982576581395,98.6549354168803,93.667738403485,97.0532460236768,100.874373970227,94.1979464806363,101.113097228376,89.8749363977106,94.2817301081922,101.812228606576,90.5606759101736,102.573021883238,97.508299696319,88.8698653276791,97.036779683045,92.1913501557793,95.6356112723805,96.1932643914005,92.3212804683972,93.6216444523279,77.6767325421082,80.3075807812822,81.7250621051927,103.853478812836,91.8955189214651,94.1098573260903,94.3330304817141,100.333023136472,96.0361291495757,92.3993596240327,94.3047230192557,88.8726707083267,98.3894920020799,95.3664773306086,92.2074125708835,90.5590041483267,96.8902964481792,89.9396700757535,104.509489821502,91.8584967558451,101.372332788464,88.6768008187449,91.3218779885311,100.468443055644,97.9211154050685,92.7971110175152,96.4416959231662,100.149768748571,99.0201406755488,90.6964176943027,89.941347389484,100.845815383138,102.041613938349,88.6438614970306,86.2427613652235,103.83711071617,100.089645105149,102.232280838363,103.721477060319,87.9248765958507,90.4282637448713,99.0076262290962,92.2114792910157,84.8804267645298,97.2355611052899
96.6504730287789,77.9257645767271,84.2064640957622,93.9234221468174,93.604050253058,91.8210863033493,74.8486389573831,0.0,79.7950773424312,98.8050536056424,104.881031891619,92.982298797836,86.1431438851619,92.4159295889389,99.2950971386177,87.5479348071344,93.9013338099777,93.0557555388756,91.0147735222974,91.4254668859683,96.9364646351291,88.8705714164153,96.1844172844588,93.0532010988137,100.284684742673,102.602010832351,92.2481418777049,97.4375973388395,92.3691016219679,99.7341364270178,94.997237230784,108.076746311809,93.4700871741555,102.151909674632,89.0976958845243,81.135099085505,100.473936776237,93.2234411865352,94.8316050834532,93.2260136231762,96.990297216012,110.510933017946,94.9499541927947,99.7761971533704,98.5168369551189,91.2423769047456,100.795801662983,99.6622081008099,97.4995292207073,102.980484993834,96.7516532621334,88.3671016225126,90.842365150282,92.9250849907847,92.0323937991988,76.5369282826542,67.8935447060714,62.6851863687326,98.3057519001956,93.098419882636,90.3568846999064,88.6241220141057,85.7111476761315,96.0586589263988,95.8854178490562,97.2941325514623,84.3021052780442,97.1469766890191,91.2372911161542,88.1817078030885,91.8499399044501,85.9031383159957,89.6412701646887,97.927163190996,92.6356742230271,98.1145259527316,89.3178337992079,86.2548531295944,97.2677380040307,107.65425814853,93.4431797589366,99.5576823388504,97.7453615522048,82.6616329766652,80.4966198864015,82.7232398858534,103.7571112545,91.9145822817507,86.8032858818771,85.9929019849062,96.5498240158054,100.769636005696,100.243526397984,98.7338869576718,92.6549014848749,95.9753176633123,94.60265085873,91.7731589834228,94.7408234704078,96.2082436829055
102.932474256494,95.9752605987087,86.2182466590571,98.4519400528311,107.972733186932,68.8591900007316,88.8559734421565,79.7950773424312,0.0,97.2777688190063,108.741708605398,91.9843921294744,80.9751135119839,100.059962135604,107.133898021496,98.5327801974895,101.534688460274,90.4353333139493,103.955950737016,81.3968726256113,96.5860533804987,86.583430085276,96.8728820806788,88.0213793891764,103.747655292545,96.2066485934648,96.2874198381458,108.83391575812,102.054607198513,101.326678932347,95.4354558676038,101.662756818357,111.002005599591,100.06284390724,85.9137698296263,68.786693026452,108.276436779332,91.9057978871824,95.5213051611849,104.007497080572,102.039975287381,107.338934635569,94.9653257296673,92.9630585287703,99.7546876706496,104.4020879044,105.530040066998,104.157998490864,98.0421493163143,97.7645516612984,100.421096001019,98.0549451547904,91.6248507306673,98.4096711722503,82.7712950312051,65.2597145778102,88.9230630736487,63.7284746125686,95.2693040268607,94.3889119089336,79.4042009285194,88.4019123577796,89.4781848449379,102.752937235966,107.456255571976,101.446095220935,96.8921836391724,102.373635588654,97.2111770524493,98.4982204822134,93.2832518386695,89.9538624161094,102.855294576729,98.047391793992,85.4207680136223,91.6797213235609,97.8243344054923,95.8084874640029,92.4194361139452,106.260275895218,89.1652248098921,99.8987483739091,94.6080004304829,91.5845408436524,93.3728712565117,95.0586442003148,105.402573798361,96.2482046895744,83.4727265398893,93.2178796322635,104.41033337213,102.972604962395,98.6272567514008,107.330986174837,91.9125463004995,93.7854129528008,99.1401525329883,99.5808007024267,94.0105975699225,103.944669993947
91.2493935479185,91.9643504513647,96.0895255454756,92.4779831764736,101.16990614339,97.5066519701968,102.929455500506,98.8050536056424,97.2777688190063,0.0,97.4447636418519,89.243635809914,98.8970108522135,102.858840874951,95.3707963491382,99.3906101423206,99.3793057448296,95.4013199237347,100.868052974818,94.7214153123538,100.535557042104,94.3797197231018,98.0550833414518,107.251828035764,100.684850128534,87.8863329666102,99.5162125131544,92.6380356908688,106.74043562342,100.994374500414,96.2178744768057,102.893560418814,91.6180147905892,103.771915057982,94.2110034670531,93.4046784193515,100.830022914024,83.6507493074132,88.7237002732466,90.0812725183144,100.345190986254,95.459779272986,96.3424215686847,97.4597290227075,99.8633308120201,103.448654459786,98.7485852043206,112.197243016766,100.377547566008,100.634214472674,96.9938706304964,99.8118147529683,96.1262248865388,98.4015095167551,95.7308242888356,104.767840925337,99.3012255559343,94.2632987347578,88.3229648677163,88.5708058482559,83.8535110714442,103.154344170431,90.9265489511574,91.2540211429577,90.4049335572778,86.2253328721581,97.8115014001501,100.412724627964,96.5131588591377,99.2885562139152,97.7660943060418,89.2819758290935,98.499906393928,96.665130889476,101.032254885498,83.6017613493557,96.9658889812679,91.752973910751,86.948339912244,103.195809806846,102.4136732896,93.8136965721824,106.335577342299,93.7231562424511,93.9709804008744,95.4403078912846,101.830801453348,91.5365734139213,96.2521240169493,90.6771943374332,99.7870666115213,93.0079939652466,85.1300265137625,97.3073504311856,82.3384202550441,101.468334531263,98.0432021799623,102.398200829477,102.033355336686,86.69651679062
102.970601900817,98.519382461107,102.944016442125,106.048933892039,101.032668680792,99.3731822456007,101.639368776404,104.881031891619,108.741708605398,97.4447636418519,0.0,96.9965143071487,107.337070128915,105.654213644421,103.152339546506,98.9032834882154,108.930792142356,107.277898295747,97.7188810217742,107.520934390216,108.848062992071,99.7516294921616,103.508421514263,108.225649617255,99.7780009145354,99.3542367701096,106.632147663601,99.1999128330378,111.367220353759,104.93588049796,105.714512199067,103.249572665748,102.895892362238,111.656640728322,101.136073718965,108.089564749317,102.423537152287,102.154191926371,108.628907820877,101.799321219004,110.036877453008,100.556664821436,104.707611482056,96.2309187268749,107.844689834296,102.374171003371,99.5203201910235,110.650133448995,103.466849289973,104.722809633494,99.3017764504754,96.5422284650514,106.097945463556,99.7994433578639,98.0909868090499,104.044267635502,104.726122832267,107.600779469485,104.266482649798,84.1712032063181,101.859045675596,110.738316371741,106.119490824605,105.065478493833,102.647606704947,106.444931421981,105.853166053792,104.781779864395,105.53971726316,100.42569422589,106.919432674454,102.492780103391,109.18815990362,103.508361482732,96.7731770103479,102.394569456446,102.778511903484,107.965305635851,102.620027825297,101.265989501026,102.78795079647,107.824729219772,109.817138098971,110.639338177024,107.228755045227,101.668748861705,105.558225526287,94.6320350382022,106.722355166545,102.320510952958,103.871064538273,100.234648006963,109.873245801377,94.0415064425933,98.1859527986807,103.016443969248,105.609622500585,107.455301131179,111.222735381855,103.741240508854
89.7133873081663,98.1032318981865,91.8230354087066,90.8877285329782,96.9860052878613,88.3311629843281,103.825987607651,92.982298797836,91.9843921294744,89.243635809914,96.9965143071487,0.0,92.7548908026682,97.130129101658,93.7102550262578,100.065127234147,104.1352741164,100.345991602439,103.697803822898,97.6771591065831,101.144460617459,95.9155115349567,100.611323269105,103.571949471081,86.0615782356584,82.709911056551,103.082436676369,98.497005104816,101.714461161933,104.953453649196,93.3339051124846,90.7738113321942,103.562363653096,94.6064005530741,93.4473888236817,93.2366316924425,98.4028260247075,95.0634866600141,93.2113963519577,99.7150771076548,97.3483693918346,96.0553504032031,103.760204728475,96.2563665685358,106.322542085701,103.04984500951,99.1280407430861,101.040804538819,98.8982880017483,99.4301468728862,97.9625181908777,93.9345479530157,91.8378945015331,93.5391482532969,90.2125153218752,96.0858816563019,99.0568665310776,94.02575949575,91.4311469898472,87.4884109058269,90.4470944400694,98.4456262885565,94.3163467677145,103.469745740694,102.070922703735,99.5133728090689,96.4800818212922,102.820908463326,94.7335924179355,100.12306295992,101.718721892015,88.6357091574441,99.915578535881,91.597133857814,98.0591428931603,86.0037801168033,96.4906939758681,94.043257742375,80.1757906644642,94.7946222253496,97.2834817795899,104.513783081872,101.830250653067,93.1163511767733,94.8795714675532,96.9046786853787,99.5453740807064,95.7035654674937,92.9151914087154,92.8643129214466,104.667133328264,90.667852916362,100.477762451488,88.8203299049432,100.117805149525,95.738053237132,99.3135432714478,96.6136855582904,108.420799008364,100.68817075826
100.486437644752,95.5866042305541,94.8193053343963,91.804347135242,104.41326825909,86.0520955039947,90.7315804597763,86.1431438851619,80.9751135119839,98.8970108522135,107.337070128915,92.7548908026682,0.0,91.0678938288253,105.99855605952,103.014990654498,105.090906557995,90.7598764182797,107.847541285377,87.3469705837866,101.838241077596,92.2389996456008,99.2209524035484,101.175551422053,105.474241073723,97.6064652395451,92.8321692721184,94.4228075124895,102.899930140693,94.0744249247834,96.18028597612,97.7282755095861,108.118035063364,99.359409510656,89.7224179306061,84.7404508187092,105.718300050307,101.12860717658,90.248777684449,96.0671178091745,102.126043022933,105.931428976243,95.220962382978,99.2294981230534,97.4470849777114,97.9416723381903,101.204848060415,107.20774447924,97.0494583318079,97.3797545973215,105.062602087538,95.2678738577702,96.0043111834406,89.5974737675592,93.9158517101704,95.2233729163176,89.8504528024309,91.2468107798378,105.11277993915,104.058474785669,80.1662099886447,62.5755891489128,70.0604515900288,93.67053941469,106.753892996792,93.3463323856051,99.2554666382742,98.7984534008923,95.4971967557848,98.1208902814435,94.4846103022544,84.0609452027339,95.123943588141,90.1165940224917,99.38551732503,102.583876790724,98.6316490313315,83.4728716943641,98.192015614939,101.958829263017,94.1393691497758,99.8548822626242,93.6119200832118,81.447997090353,84.5264389084548,96.5517289984355,100.982046520026,97.6378395547532,89.4226147689704,102.973962700029,93.3174773029422,98.1316166360604,91.5222507097596,108.999698048651,91.5004309322635,102.604859708627,99.331584987962,97.248498181962,91.2361467101915,92.7705340071993
102.62087576958,95.6325589231442,95.2449550908196,93.8798450018174,89.1855810885279,98.2947151701008,93.9279961610703,92.4159295889389,100.059962135604,102.858840874951,105.654213644421,97.130129101658,91.0678938288253,0.0,90.105494259655,99.1790813570443,96.9422513263631,99.8800629335645,97.2351902159695,101.249643737754,91.1540280442833,91.0452791696622,100.598229715301,93.3186754030138,98.4571173674545,96.806486896422,89.6652986700635,98.3549351854762,105.339029394096,91.1543050116777,105.521138563515,100.953177408571,97.5282896990256,91.1293221859709,97.9000274713971,98.8697087501258,97.8109069535426,94.7336742818292,103.921585370143,104.760498842479,98.4061623186754,96.5753026553452,95.6553660328465,103.268730577538,102.659732382565,102.486711122616,96.2236563421479,104.362070567017,96.0662416072569,100.633640360713,103.273402542851,97.1577720803594,91.8643155084242,90.3407493397637,98.7394986477471,94.5565740314423,89.8035194686539,92.9133390887643,98.4986163329379,87.77648131216,101.822164931759,93.1944691910355,92.9723479932291,75.4707860753057,90.1846216781671,75.8518309187641,96.5204270796502,96.4843513238903,90.2460162366426,87.3289753895186,96.6665803531806,86.7923701966595,83.5697218859327,102.491039522012,96.5898202571542,107.081145796126,99.7749864350782,89.2349604775726,91.5547970259996,96.3566644741983,91.6725217645031,84.6783460165311,103.472171045575,90.0905078508697,86.751042810761,87.7016625833711,90.3503421507467,94.3097959334198,95.4771681859757,87.8466938736823,107.496158849461,104.663958031108,94.2010722490915,107.259958950594,93.8904137001827,96.6690512158553,99.49557565675,92.1760929468869,96.0462251910094,100.61893042748
101.530690357298,96.9895612264582,99.5485477558535,101.662947478002,98.7936335121162,97.47517057246,98.6327362327274,99.2950971386177,107.133898021496,95.3707963491382,103.152339546506,93.7102550262578,105.99855605952,90.105494259655,0.0,97.5944727132561,104.030563313248,103.699088733516,99.7208306678925,99.2581659990527,84.1786844488499,98.8186405794094,98.9342591376103,101.287497064928,101.70081568602,94.2559693416085,104.729939456446,101.658276237859,95.1338387302966,90.3437732972328,105.432910854467,106.684688893789,102.517027409093,94.9582198806838,94.0356179876824,100.984303177194,101.727159713476,99.7225477045709,102.171844154554,105.686697637518,86.0811434020219,100.065879464264,101.52105826607,105.758744705278,108.221338882001,95.4985752870539,92.1972563924068,91.1703122013,95.1190308597745,97.1523669849627,106.393893699684,92.9038402439295,95.0725524261065,103.363441955319,90.9795678309546,100.148264155518,97.2042053506554,99.837323038547,92.6665137926918,98.3619594838045,99.5926060798876,109.429416817203,102.678023469798,99.2696109790897,99.474682084903,70.0394181107917,93.3586797383529,94.4097296650937,91.4487644000351,93.0253417944561,89.3428594482214,90.7161255290606,94.8510155576928,95.2698060544897,97.5870072906255,98.2736262333982,102.22621790472,92.8144145586488,104.312731427653,103.158810012502,99.836675131337,88.5293366385013,108.912599762697,99.3556745825259,93.4060169291679,96.8149683397742,102.99497927372,96.7787907325382,94.1641550049127,99.4302277750117,105.902906926057,104.467211070093,98.5079066280439,100.150999768527,102.540400936232,103.832795980006,102.390610055052,91.2479756340224,92.848267617887,90.4607318977464
94.8854371821708,89.7711157789602,95.202303773478,91.9891802516397,94.7794554067375,96.964549976601,91.1787335999284,87.5479348071344,98.5327801974895,99.3906101423206,98.9032834882154,100.065127234147,103.014990654498,99.1790813570443,97.5944727132561,0.0,97.7147347510152,93.5235133589002,91.8537422437868,91.9531387972131,99.366166299764,91.5138599793024,99.2226964845652,100.928763723196,99.0971527001629,105.362375612734,101.520704506474,101.525551914985,88.5755336711196,99.5049629751457,99.715694850389,101.460326358233,89.738850919429,92.1796080792279,91.5500275750182,96.4742355762177,95.5557147985689,97.9077280648091,100.610473699644,99.2993492598117,98.6812002500566,102.518609660874,93.6906941044342,99.9739891731848,93.0738693507168,90.4439952884948,100.093213085644,111.471135806793,93.022216554291,96.2922288104967,92.6840838503155,91.9560613820274,92.0692463474886,95.1296035969475,89.2991395468846,93.1523522398119,99.4307895638479,100.214738710274,99.4430558634783,91.8586050128869,91.440669454306,105.864216345456,96.6580618254233,93.941298275029,93.0840827228863,92.8005262146916,96.6876237690451,97.1036007772557,97.2793741055303,95.5875286489877,92.9794264991063,95.4508506568234,100.941193555593,103.622258985544,88.6418900573629,94.8029268780704,89.7770889662399,91.5099856098628,99.307438641487,95.642336300981,97.8701035240593,92.5463271420606,97.0369747940216,102.698645515417,95.5692306819444,99.3516710981531,89.2033578170063,94.8823159994091,94.0538503286333,97.1353129083023,99.3092636041734,105.249188723488,103.931083344433,94.4738180300292,98.0185131791714,93.8850813161394,97.7619207414824,92.1089204910615,93.459603383495,91.1812155160418
104.579497075324,97.2423275205655,102.190216252111,102.94317594532,94.0331223770363,102.401199381537,99.1678491744827,93.9013338099777,101.534688460274,99.3793057448296,108.930792142356,104.1352741164,105.090906557995,96.9422513263631,104.030563313248,97.7147347510152,0.0,95.3030281480104,77.1727303126949,94.2485334204386,99.4008695588006,95.4803624962313,85.9672160183932,97.8113297420661,109.836078904906,101.303122864969,91.0648524558105,103.501048416948,91.1766537959539,104.472701109365,95.7935350981064,103.785318464035,92.9587879423567,94.6871822329382,99.0000066425833,93.9989398363655,94.3408476548355,100.927106312049,95.519665612007,95.5055194279245,100.953267901295,98.9095501857297,110.279769858428,100.862835642482,106.696570868068,103.947754395465,101.560776603041,102.400005239409,105.698719928516,105.992016743716,106.022590954787,102.845745537525,92.6192492688128,101.545956885023,101.57879001284,101.333403822157,96.2843680035072,96.2067222252588,108.068998488541,98.2641382392133,95.4894410399349,109.767070779183,101.222710982364,101.613230912846,97.6007165750367,92.6637766796015,97.3969665701839,93.8200875104169,87.8274573109978,96.4143632244716,90.9761712516553,100.260126702001,87.9268282592541,109.623759528075,100.698484796355,99.3387743011891,91.3900711871932,88.7714381141143,103.85645263663,100.941569639859,88.2750261427653,88.8339425485929,107.681011462713,99.614439126339,97.6328365445512,97.7125171379844,97.442476798468,90.915301609831,89.3360297498172,96.4055443598332,107.04197688888,102.382125452967,106.129256629314,101.86311879121,101.651371225388,107.945495754764,97.936664573069,95.0984747562972,95.9696220256039,108.44391180251
95.5078454567264,107.010681216045,101.001963333011,97.7008171842276,104.229542238381,97.140363524582,90.1188763785236,93.0557555388756,90.4353333139493,95.4013199237347,107.277898295747,100.345991602439,90.7598764182797,99.8800629335645,103.699088733516,93.5235133589002,95.3030281480104,0.0,92.7580414017586,70.1317947525143,89.902465671516,85.812942255066,100.286574925626,96.5868160370491,108.616715103414,92.6102067459068,90.5562252868275,89.4903782799469,92.6268492287069,110.564823478055,104.106979173937,109.276916567839,101.098847340867,85.0276224294345,82.2075358559596,75.1056518028067,98.8772346741182,101.943765888109,97.3937459836093,92.9459857449955,94.5696022965324,90.4508790026587,99.8787438186231,102.820131934797,95.7610857912184,98.8780559638554,96.6344919029381,100.213219008863,94.0222671403832,95.4588579777139,101.047200523184,100.732718482201,87.1281565915325,104.950022816512,95.5027323421968,95.3634389389529,81.843358396305,80.9414898922851,93.2547086198879,99.2156599143652,94.7420178941271,97.2043693352544,99.6943950219329,97.74860654861,97.3740508920712,102.118693994125,92.1026205519696,102.882490004059,88.0098435476794,64.8583828863809,76.8533607181623,91.6626858984946,93.309583033743,95.4481955037487,97.9730321093259,93.8247182603398,89.9888994111278,95.0113467319658,97.7951521224454,109.827535779397,94.5828584517105,102.020228873375,90.0752791529308,97.191047585748,92.520761336164,91.9010653160862,100.883143743175,98.7444619977308,65.1408092109428,93.5854581214028,106.465332499886,100.42285007784,109.808930020002,102.663453922683,93.8106057312524,90.9623701160993,105.756279881506,98.0045949305577,84.3838945015772,91.8522270913183
100.189059160741,95.1023542119913,94.5213046394755,103.900853385193,88.3812734153458,98.2840871488284,92.2855390118667,91.0147735222974,103.955950737016,100.868052974818,97.7188810217742,103.697803822898,107.847541285377,97.2351902159695,99.7208306678925,91.8537422437868,77.1727303126949,92.7580414017586,0.0,98.2052977369433,95.9148657433035,101.516715482053,92.8812550450574,100.029699928378,104.591235165052,103.736340466927,99.8711792622861,95.0565280947915,95.7924448531616,96.8500597109817,105.256702883349,104.705789837264,91.6313929367573,94.1344178089896,99.7546943865943,95.6793439194597,93.8761043895824,96.7042881465769,98.8328522317824,100.239598195602,98.0793595024918,101.883367481868,103.74700473949,103.927437511491,100.528659607316,92.8695950593125,95.2387371380756,101.200603388474,100.781500772147,100.186377634461,102.93244247941,91.9823195735032,95.6789119877908,95.6105769453534,94.7790163982677,96.3179145606968,89.6206911453576,99.7974776642496,103.628435010278,95.5234972058366,106.755265718458,111.659604248064,99.4074447646276,96.813386630106,89.39731446162,96.7491685945274,91.5812389342066,84.3018769477947,92.5921406282896,88.743436340734,88.8209099455443,102.205900835864,95.4390646725906,96.5151943894707,93.2641003531648,103.982975638025,92.9173579753138,96.0755570337525,105.973103184462,103.879668788583,97.475407016308,95.9615504532492,112.195659343043,107.54619872946,98.8108613605833,100.811971420301,94.723551574495,90.6825048545671,94.8847478785393,92.5511323361067,106.431607719026,104.15642644908,104.195482324541,102.148925463245,94.1833178312638,101.682679994208,99.2384392225608,92.7926538457107,98.8468113524544,99.8632763604751
88.2697110656508,95.6133175011468,95.4181774025193,94.4272086171907,102.605936714177,85.6305055769827,92.1731560744178,91.4254668859683,81.3968726256113,94.7214153123538,107.520934390216,97.6771591065831,87.3469705837866,101.249643737754,99.2581659990527,91.9531387972131,94.2485334204386,70.1317947525143,98.2052977369433,0.0,94.5354247032436,87.0878812763381,89.8218720478942,88.8643917498232,96.9145259768837,94.2112403981563,85.5878286110295,96.2949599635419,91.2881160500544,97.3606482495793,104.150446177518,97.8503795433021,105.343399731002,90.0415033892904,88.1467402590354,64.0841312657924,98.5932701088002,94.1615726282318,98.6816241113821,97.9488924078275,92.2001724564371,95.2415445873388,92.0931465819268,97.0297248755563,92.3211980866552,93.8927357665084,94.6279082689756,98.3528816777818,88.8800745856052,86.0316553827583,100.878370908549,96.110928095926,86.773914528646,97.5134634314296,82.1543402471172,84.6916724859176,92.038113568907,89.5284182484433,89.5330959899029,99.6926658436565,84.3405251818694,100.628867200519,91.2280077608446,91.4455619742318,92.0042536790102,93.4540203796688,86.883233209354,98.4921413813927,96.3858133258024,91.9784503220698,61.5997655765051,88.6100857808389,102.314709140038,99.519756057914,85.757921242302,93.1976862779782,83.8000375530853,95.9269202097321,97.7065259916349,88.8328758656159,93.2707428895417,93.5749724070276,90.6990397130734,94.4106718683517,93.0959774036656,90.8030107033566,96.8374592511354,101.221365742295,70.7261989299586,93.7856155378536,94.9852578573846,94.9320327970791,98.6929955473049,96.0564127032142,95.0262717363071,87.6804829212376,96.9866156839965,92.2666369160204,81.4622240423346,86.8796771912255
96.4360602944287,93.9325006437334,99.0560149509053,97.53578033126,99.9447592701435,103.278357510917,97.5843303494341,96.9364646351291,96.5860533804987,100.535557042104,108.848062992071,101.144460617459,101.838241077596,91.1540280442833,84.1786844488499,99.366166299764,99.4008695588006,89.902465671516,95.9148657433035,94.5354247032436,0.0,92.5365671037595,90.1929907734087,95.7165080479676,113.012357918035,101.57975438417,98.3071654884038,105.58051295233,94.9319170185865,97.8981061264932,102.42375156349,99.7903728792287,100.614682837346,91.5013981864233,92.6419824991229,99.6931805640727,104.809672152159,94.8910426496494,98.6756445363603,94.9774255127668,94.31374685936,97.0993678187325,100.295420652856,100.229015076566,107.163258897045,94.5684841676103,95.8561414735015,94.3689192796215,97.1895457912935,93.8662176165574,108.751297690877,94.6647902492721,94.628995546602,92.4664313883216,98.8320399828593,102.081470209846,98.2308224058525,95.753012462242,92.1528560998157,94.361841942092,101.420619100425,100.415251076015,95.239863306295,98.3639595853148,86.0957051519651,85.6649128776089,94.6606405223591,96.9374619562591,92.2027363934799,87.0324698768342,76.3447007595091,94.1665641924157,95.5416568701825,96.7672022233905,87.4647803249063,103.190883564968,87.5684730832399,92.5598163619261,98.3447083810358,106.494501966136,86.2008314864502,85.0408503499378,105.796469421217,99.1578281535944,97.4832965248791,91.0175277329984,99.3078243683955,95.4315088556812,93.7577949358546,92.6035802029731,107.241265190682,106.262264524261,94.8178871263981,104.756184747063,98.5721347233995,98.3555182078743,99.3428304175587,93.464212589367,101.490885857388,92.911172500351
101.000870701913,81.2319472781709,95.2604043930349,85.8759535937827,100.584567639516,91.9122603072076,92.3317899422696,88.8705714164153,86.583430085276,94.3797197231018,99.7516294921616,95.9155115349567,92.2389996456008,91.0452791696622,98.8186405794094,91.5138599793024,95.4803624962313,85.812942255066,101.516715482053,87.0878812763381,92.5365671037595,0.0,82.5831988295717,78.0433808962721,110.55595655584,91.1441661926212,87.3797785259601,93.8754916395057,93.9530617232911,90.4999418134015,101.06471604118,98.2259853609101,91.6510418451564,92.0676730262346,77.1116122158855,96.6371510420941,96.5269317716212,100.218617572252,88.0113019633939,94.8692098426189,94.484686546461,97.1944803591039,93.4985297760138,94.9282977460457,92.8097020470698,98.3538786537325,98.7537960778395,104.183026326181,93.9716158644236,98.1072941730489,96.8514187377941,95.0430477243776,91.7735503887068,87.4663578810532,91.4206868267917,91.2181234568871,92.0256862051753,82.4520961485995,90.1970764874178,86.0630532997571,91.0681293348485,88.2748256884283,86.8773269489117,93.1094014771123,90.223885503669,92.0771308420402,87.5265144391913,89.2561974048183,86.170030623523,95.7087570854192,87.5913673145775,76.7931768815477,84.6143990353555,92.8213283549391,90.3698588523377,94.6528852141031,86.4355495347165,80.2859851234458,93.5054783296135,97.3373923687401,84.5121287701384,88.6844211659623,97.6322686290094,80.7614166605539,86.0914730725379,88.9219150079535,92.8238572243774,88.5004527970196,87.446393688783,80.6325917622529,97.6904741686082,101.925985966477,86.1232127460987,105.869473364385,80.2366737640273,93.6671909623674,91.0557336642081,87.6271601535936,93.1141802548742,90.4747294558175
102.732435737595,94.0836515551152,98.8093162679768,91.7482275369231,89.3661511072686,95.4989505424668,93.0423480641733,96.1844172844588,96.8728820806788,98.0550833414518,103.508421514263,100.611323269105,99.2209524035484,100.598229715301,98.9342591376103,99.2226964845652,85.9672160183932,100.286574925626,92.8812550450574,89.8218720478942,90.1929907734087,82.5831988295717,0.0,95.015496178749,105.070477879131,98.7030470164719,89.5160721301785,100.069113242386,88.3525958713929,98.9673054470369,105.748909737316,105.003909608916,91.1298043506548,90.2512134875726,88.2993806563215,99.4480630039533,97.2452956161231,94.2642192935168,100.413526719769,94.228264860707,95.1855531993834,106.014828688489,102.997269255536,102.293967402744,105.378629551794,93.1466064509232,90.4558416768401,85.8107840394001,105.287392239657,104.631877616743,100.183698454066,97.8325696802898,91.8321116525873,87.9900526472724,97.6262030880131,94.6475364962894,101.249156893374,96.811443804852,92.5718553693474,104.252128486982,98.784988560138,107.406021261189,92.6549089262123,95.4175304799675,88.8108813449563,97.698896927464,92.8917416541168,90.0796612442117,93.0020987276019,97.9019964030699,87.2762462422894,90.0150873464405,89.5772526901135,95.1620621459522,99.9250322012251,104.526212563533,86.9231971130334,90.0638679409917,97.7994633990362,103.448363464324,93.9299061005129,89.5364436824587,104.449296680514,95.3338993778012,99.5417458373882,94.0329781280044,94.3641895458733,93.449181518378,96.920700635302,90.9263704368913,98.9451431582844,105.728195115848,96.0665481671266,100.108534210054,86.8421227767692,100.7499767574,102.393621562747,85.2767398359259,95.3542786815116,99.22162597013
