0,1,2,3,4,5,6,7,8,9,10,11,12,13,14,15,16,17,18,19,20,21,22,23,24,25,26,27,28,29,30,31,32,33,34,35,36,37,38,39,40,41,42,43,44,45,46,47,48,49,50,51,52,53,54,55,56,57,58,59,60,61,62,63,64,65,66,67,68,69,70,71,72,73,74,75,76,77,78,79,80,81,82,83,84,85,86,87,88,89,90,91,92,93,94,95,96,97,98,99
1.0,-0.10285476907288894,0.009514263155695027,0.10926965136124075,-0.1594039371089986,0.010124413968061042,0.14030535767996072,0.12191676070315254,0.24529178529238294,-0.016419526174915242,-0.2633104436496378,-0.2306601529699809,-0.16879362569753079,-0.29510238442403675,0.017675452597388893,-0.14666330811118222,-0.14649559679446886,0.05934297077629374,0.08582272851861779,0.25772297256811466,0.3385693670625208,-0.26896899179742817,-0.028380163903914478,-0.36550502133255147,0.15151418465771307,-0.17031399190545227,0.2382046209352486,-0.006262806185657651,0.16105995695195832,-0.39888262505198635,-0.3063320528710596,-0.0766038691627141,0.44662389364424243,-0.032505919422014716,-0.14078314175895307,0.2631831750045545,0.3537224274965376,0.34226936139544906,0.14209495947927953,0.1639710493487504,0.1748479078779299,-0.09818441811098307,-0.22703060870443137,-0.004768414027978334,-0.16461762162525542,0.1093862937902202,-0.010850874406637474,0.2570330390030104,0.33593418268443964,0.3084035564029612,0.13714363218335088,0.03478914283443515,-0.10449131372474588,0.0022849252322608322,0.003334741697400476,0.023735815618211854,0.1917963204475425,-0.05015125094082811,-0.21165823556589744,-0.0008977982381984406,0.07076254966633684,0.12596464109277833,-0.005983150160833574,-0.1175634744907725,-0.08798740179602202,-0.16803574532314566,0.2768045077600081,-0.028541631919772003,-0.0014102143391971867,0.22020634653938503,0.3352070617581218,0.04516631092763199,0.10138120558727465,0.32560036832241573,0.19098337520178849,0.12832177216977805,0.07417042997461798,0.09044128353173128,-0.23617215268800362,-0.11686249938123004,0.09237665013926534,0.34219916713311305,-0.20727343204134582,0.12378180784927856,0.3238201784952838,0.024764185781898332,0.24276439514815612,0.25840961805166196,0.3854110408320609,0.31584752555457496,-0.014855406295899983,0.5449014167055843,0.029919463835474357,0.19319663671552484,-0.3848176076370002,0.021381310701879444,0.2953301130900599,0.22306952582253753,0.4207477271961492,0.3638244210197071
-0.10285476907288894,1.0,0.4753401134072004,0.7450185989994235,0.643749058178947,0.3929664190470311,0.42706616843718403,0.4388557908500612,-0.04126607785472776,0.39473383780445886,0.13026714269466125,0.22459923867583417,-0.3575751716732839,-0.05428718425721084,-0.18036902164991606,0.7051845399079735,-0.19250681243090537,0.21547011259373455,-0.13873019057270225,0.240067995365416,0.23014298281427042,-0.25033582168151697,-0.15477678556941374,0.13500499481014852,0.0409616517532146,-0.07221335650042959,-0.31911404313569924,-0.23487993345696448,0.017240124138883952,-0.20353188801788713,-0.07226738046160658,0.15673458084918684,0.14705187230168473,-0.14875911006268702,-0.24882834086894376,0.1933466614387807,-0.049654800065948704,0.31532430837383907,0.22753242864569745,0.3222965723001491,0.20025991524439543,-0.0952654019286038,-0.15813254175183208,-0.050292765716661594,-0.039049040269481,0.043462854642095074,-0.18999744027844737,-0.19854555448265296,0.04646379233285857,0.1315456616374688,0.1431683769353629,0.5719686888463379,0.6906716566566259,0.5857648488552182,0.5977888702127147,0.35063756525149553,0.45653110070682623,0.30602602558996533,0.2422561279562864,-0.07632219515919696,-0.0602222206627846,-0.2994072606540427,-0.09026622399330232,-0.34873003143273856,-0.010957370870123112,-0.35888048923075294,0.47599141260847627,-0.11889984794994932,-0.03921134568655972,0.019630869872363683,0.1672699806032974,-0.05655414596125719,-0.10069579314685922,0.30898528623044247,0.22322281974318695,0.08875022274126806,0.09199520278895275,-0.047900662355537214,-0.09226685080191975,0.3434438183865248,-0.18447478957331917,-0.007273675192480316,-0.0586147155126441,-0.25775181561106736,-0.18398522450895535,-0.2561098058426566,-0.01527087355526613,-0.18147820106071666,0.13901560921282674,0.25176969202242416,0.2711446902227209,0.08310681232639187,0.030283320695761454,0.26988837470496174,-0.1014530214283374,0.20027670281231083,-0.014586422712860326,-0.24662398102412636,0.15934581842700465,0.1682854207844898
0.009514263155695027,0.4753401134072004,1.0,0.12470888985955746,0.364149435505972,0.5801200044789895,0.3041456865255279,0.33119725130515176,0.29379508129344056,0.04499536306484167,0.3155623250537837,0.0778147488815177,-0.11570547170640975,-0.14440131620124885,-0.002910009635011656,0.36266565678832585,-0.17419748925565867,0.20461980587391407,-0.22870696307282476,0.23423160639307872,-0.001073736574112071,0.07766456208951829,0.14866418516313806,0.1144170059288908,-0.285192465463375,-0.2139508266704959,0.10116238677309698,0.05161218963960694,-0.05531553118448859,0.183719377547828,0.07770383769194132,-0.05662352308747849,0.059057194321843795,0.026730079771986492,0.24049693937511135,0.29801552805022985,-0.10191432467851798,0.13811867711329565,0.37675352252016353,0.47235936351552194,0.2179691944367577,-0.05267021013770893,0.20032866255423967,-0.017508477271323764,0.227679362721717,0.10824097051482656,0.30111527953991996,-0.06970712867236713,0.29767447605162184,0.20457372945894262,0.13831971420359856,0.411545233348862,0.3491812476036119,0.2803794142239901,0.5707509357976986,0.7105898552762241,0.25447831824027406,0.2368211409669802,0.1772009342158985,0.02134129080182276,-0.3000843533036019,-0.08473143519318785,-0.2865895409527225,-0.3058194351052535,-0.2860110510886772,-0.170982459124785,0.40951990510464725,-0.29632310334687456,-0.310228691967587,0.22801216377722652,0.0822735552082978,-0.05810628667155135,0.11134376112821251,0.47539680974342535,-0.20755810777113726,-0.2919182249857356,-0.2643122795193613,-0.09925484534769019,0.11928426134506821,0.24513323523156372,-0.40993208171319717,-0.2194165292132632,-0.16348516748221006,-0.23658903638387555,-0.3957632280310936,0.02136441706967682,-0.11201415577186029,0.04718723350195732,0.31539205050612396,-0.08294944770174341,0.2832418802191988,0.1621376174821287,0.1717740850522747,0.11016077782298297,-0.3163772182083539,0.06747056264706508,-0.25768008090290195,0.0759145458405827,0.40553004801785425,0.2562202567334319
0.10926965136124075,0.7450185989994235,0.12470888985955746,1.0,0.6188375230616385,0.1924169153848057,0.34818945308689775,0.32573449497793133,-0.17477461180582934,0.5013239844680331,-0.06735714047171835,0.17404871792507742,-0.174918246113607,-0.04602108977584155,-0.19487283287679746,0.7288502531193254,-0.10174055322773067,0.11078020914993111,-0.1158520215472518,-0.018180179848819273,0.24406053377141676,-0.202982678384045,-0.18225678033331721,0.1482787379824723,0.18053446489760722,0.08244869933775438,-0.23796659559771177,-0.12271293758236361,-0.12348941646377248,-0.24391262315684775,-0.0757693115960724,0.06501108477334987,0.30340323141116843,-0.09993812429077831,-0.2793322313780282,-0.06726436725911365,-0.010168850859803166,0.22822844477725668,0.042872633090441946,0.17300235655576032,-0.018660557462896757,0.07319778330814679,-0.15372635163447745,-0.022714841411276894,-0.11833747700160355,-0.059164908235907344,-0.4370142700759843,-0.19556507006437582,-0.11967148739755627,-0.06633552419787407,-0.039293843935637035,0.341311484732178,0.5829817276497915,0.6297974807253288,0.45197010134291277,0.10368761942772459,0.3805411997151656,0.26037635042947455,0.03585207299003493,-0.03125069427392923,0.19745570156870423,-0.12469846066417983,0.08093244782993812,-0.2832983633318623,0.06414997738645387,-0.4105419933874837,0.2164296298132722,0.027315245407811564,0.11124800373022262,0.01688696154956922,0.06300111141801384,0.042071551679578635,-0.1869452369107215,0.08159211579168525,0.4075695246060654,0.3674011599253763,0.1419828975465716,0.13020231410632266,-0.1074066896478087,0.04008815651724086,0.14728299579987825,-0.01932301262444559,0.07727091547951724,-0.07081793249225592,0.06442595330561639,-0.3875377105146179,0.07866173248993798,-0.08646760391762075,-0.06345517243627387,0.21952166825249161,-0.006552070398525885,-0.026715866796950368,-0.12299848466993038,0.3026643442209447,-0.05093030080951337,0.1576236139996838,0.07880190924019988,-0.4486532025242266,-0.013912209534284443,0.021423645557263806
-0.1594039371089986,0.643749058178947,0.364149435505972,0.6188375230616386,1.0,0.3716957138934026,0.2976579136539479,0.25319624500261634,-0.1784632934308578,0.2588789231860182,0.07445504295635393,0.08891921560246699,-0.22606908380892654,0.04719984128690532,-0.03202071033744969,0.6097481504943685,-0.21060797248138752,0.1681689528540942,-0.1938913989462114,0.199236930991682,0.22898551434164202,-0.1653544013945131,-0.025911508409026174,0.2503953318957997,-0.0928202319730886,0.01043157977225174,-0.14797991716481906,-0.1622770954971647,-0.1296460069182979,-0.011556549178462562,-0.11108116059123943,-0.2241814178788352,-0.11393374911603629,-0.09646626831716805,-0.09601068218726995,0.08314805955972171,-0.15019811060952534,0.21343740848081202,0.13360863209812823,0.23540952572126253,0.1329998793767874,-0.10372155111903394,0.01042868049985913,-0.07554756592813634,0.01731512864560848,0.0331316581196732,-0.11773344602913328,-0.1928048300600859,-0.042156535950778444,0.013789079833710007,0.006352473249380338,0.40271425610262873,0.6122947552996751,0.5659010663554839,0.44242381496070937,0.3324737813878762,0.2552113219565976,0.26560518775455916,0.20291835784435588,-0.1689064427510356,-0.10424395596100341,-0.2218150789778679,-0.08592470458357425,-0.22052316463623717,0.06129138242755567,-0.23663904455647566,0.36348611559618554,-0.1481691676101506,-0.16259071431600725,-0.022991527265282554,0.13606068937090052,-0.06687439461739245,-0.03200838605447511,0.14753243324515133,0.09871123206557461,0.019622867078596687,0.0526211147472472,0.06674579321549344,-0.028825561776236682,0.14349963988382297,-0.23979335700189958,-0.15453537666625394,-0.048286511983744125,-0.22793459876481453,-0.2655415840958461,-0.28132637970354885,-0.13637824017659736,-0.2904875119786388,0.05378745430146254,0.12962883538477965,0.2443020508566389,-0.0994441139915264,0.0852435288167328,0.16267867784469658,0.07350722280565375,0.11402519330852504,-0.04705067246538168,-0.2160764093543648,-0.009345788984516617,0.05744754402697751
0.010124413968061042,0.3929664190470311,0.5801200044789895,0.1924169153848057,0.3716957138934026,1.0,0.3434358585083078,0.12238832143949338,0.04545522175401678,0.2663121065332337,0.2625781463480913,0.2553004086986051,-0.2114942640484228,-0.22145241159017925,-0.264497248451834,0.4195895219756556,-0.34125947072961765,0.09831624234597307,-0.3222229356462984,0.3814709460269723,-0.025017774095542386,-0.03280872688140548,-0.1492152907392163,0.04893613835728189,-0.250102777208289,-0.05695204465459808,0.03695919200764023,-0.03814378331426028,-0.08312029594530199,0.09500613124230044,0.03898456156282339,0.07353728970537318,0.22415425467390965,0.001244699436633426,0.18868982365354872,0.42125793658851135,0.0008880769545593355,0.3215884776471214,0.46463339264014486,0.6347575994371731,0.38683526934269996,0.13180184274475315,0.24219742977843134,0.05022141189837034,0.19984010343955444,0.21003273693966928,0.2764826076760659,-0.10172127582159811,0.5125876373104679,0.36028566963596964,0.25654273680502204,0.35824315607830104,0.22690628323289871,0.1337741454802538,0.6658938727784923,0.8033241793508147,0.037930758680912266,0.04933506248858645,0.5144354800751588,0.0657323298456143,-0.24299607188188446,-0.2870995859057718,-0.3769248049694805,-0.4462861774639757,-0.3655572142748801,-0.23263473689394393,0.4273974423009683,-0.5179898484751794,-0.451869985047171,0.02286956684524037,0.05699703922468357,-0.1012370016367739,-0.0667919807434534,0.48225095896051234,-0.27996647396033186,0.008797455456221553,-0.2624714194557783,-0.0793312908117218,-0.01751827092640509,0.3665022583404816,-0.471724408101198,-0.14548137025460378,-0.041135275661459775,-0.34279483363395924,-0.4243820603660303,-0.03181694647375456,0.09824349221287242,0.0656752561658664,0.34257463014469897,0.08477948178540137,0.5518577225120037,0.30713480587221864,0.3650775148363075,0.27983528795019275,-0.11014960515925548,0.17396360478369305,-0.21504177983174463,-0.03834116925129743,0.4726189046667207,0.4262166370394671
0.14030535767996072,0.42706616843718403,0.3041456865255279,0.3481894530868978,0.2976579136539479,0.3434358585083078,1.0,0.5170628628804957,0.225727126949225,0.35359358562471416,-0.04402214683261745,0.15307291770694179,-0.0005835775191931032,0.1462630707463182,0.23444103181228496,0.46124890991126494,0.09889172209173798,0.5933619733633512,0.2683327223938133,0.2493305105713807,0.5627594615765114,0.0643203876064798,0.3941934922910237,0.3155232997840285,-0.01973476997914052,0.09127941685747225,0.19110971008832958,0.06972909985407878,0.29889541529754804,-0.1269910332083753,-0.14970172917968,0.05362418782867279,0.22432795286960625,0.3992711770654866,0.13004534888825753,0.1341368189330013,0.06146890757657103,0.17406676123312406,0.1264744521399535,0.5895200705538719,0.21925325428709516,0.016790207907340756,-0.19013572223220718,-0.05327547526591605,-0.002269370184742717,-0.1276364107785224,-0.02286993053703105,0.02330781084463039,-0.012582510720066178,0.007040277361689985,0.05509754139147515,0.6378288208809946,0.5715688133264125,0.5346927999492378,0.3874325179806347,0.10299547374628074,0.651176830349215,0.2595980379470021,-0.02265190490627199,-0.02609197475168706,-0.05649359835980268,-0.0304021046487539,0.15222401168372696,-0.253415157568198,0.0085596987701515,-0.07160376947483911,0.5987534178048624,0.2781969964762609,0.35528235712603234,0.3712259853870608,0.4897693340902745,0.42128919126031844,0.4848245855931561,0.49413237886401395,0.3963635913719063,0.21648584630239887,0.2521860765011242,0.29547184284966366,-0.1166886471326536,0.07589701523414119,0.051453148657683453,-0.09480153887378585,-0.2594343979966511,0.05933264176742339,-0.09909940926019614,-0.09106451780971038,0.06361900926138545,-0.06933697681190512,0.1767721779723697,0.3093156985590821,-0.05751137403399262,0.07007812789055977,-0.06176283452533253,-0.13126618457073105,-0.18780053062076227,-0.09587706915626348,-0.20644757531262864,-0.040968284407466166,0.08871641566383916,0.09040624476360955
0.12191676070315254,0.4388557908500612,0.33119725130515176,0.32573449497793133,0.25319624500261634,0.12238832143949338,0.5170628628804957,1.0,0.5935033028889215,0.15821873677618198,-0.12889185252834595,-0.09311617101799571,-0.10228327260569796,-0.0018572211695467888,0.11851229827902938,0.1697195142856147,0.0453635885477348,0.6019268399386878,0.09564252180859115,0.10655579602088712,0.24245452994117522,-0.15935716873676975,0.29831301548060624,0.08997076058788328,0.0156291764080142,-0.021839579241642402,-0.1121192317090343,0.026995351040323322,0.11741142359533115,-0.145005582798923,-0.10366865256813743,0.0988399898185825,-0.029514032449886474,0.1378056925880822,-0.1543743460842841,-0.0043431441214773145,-0.08387449284847144,0.06943458231278292,0.06416912158810366,0.27757094815618694,-0.09752744556094395,-0.23747699922498017,-0.3577680794073998,-0.0981946601121172,-0.13993628537271952,-0.18328287042688557,-0.29074772562779777,0.029140133422244873,-0.2009874262645478,-0.09672112216910393,-0.14131919318144753,0.5291038444402807,0.44287379314215125,0.49385064414146246,0.21099351968090746,0.0023363374513258833,0.7103379322795841,0.6315531712109991,-0.08303364546592353,-0.18997519648941022,-0.029028734885339674,0.04456104052548913,0.28241272425221625,-0.2897916311965458,-0.08773736341930526,-0.24140968063328283,0.31107494017798415,0.2771875507621095,0.35025224766275653,0.29167563552362313,0.2833742669358682,0.38160701212755294,0.4597584322711746,0.23901592867110547,0.471287216327058,0.11974693788876224,0.17401503085939957,0.34106329083151976,-0.14795268310242185,0.05469641005591222,0.14988275167669274,-0.1491848666774585,-0.1554058333841829,0.21612949621104333,0.03986031508479391,-0.16245076192704755,-0.013746990629463069,0.029555505472143903,-0.003574690905703993,0.10337932610688744,-0.2050316316916326,0.0021577778546770844,-0.3003498542845577,0.008865277843546192,-0.1974053658640241,-0.13319808468200398,-0.06249211475392581,-0.1393074425649617,-0.08534636094055137,-0.03967501677437674
0.24529178529238294,-0.04126607785472776,0.29379508129344056,-0.17477461180582932,-0.1784632934308578,0.04545522175401678,0.225727126949225,0.5935033028889215,1.0,0.06891398261958608,0.08453204782292813,-0.039415962262673195,0.05781163940451028,0.1190867567976335,0.25530994841098686,-0.26377832910758287,0.17693462603442858,0.15768868427319227,0.22734544470733004,0.029673997459906277,0.1071821179740341,0.020006875083569107,0.24011381097343498,-0.04820339483976247,-0.037327378850747855,0.034013057799675124,0.1266034680972046,0.25710801280725987,0.383191880115894,-0.06513971754496652,-0.11234599077139348,0.21858862645186256,0.07156007446700645,0.1075534565770901,0.06246783209921519,0.11595457580394879,0.1798279615361099,0.08481344108297377,0.0665722472763469,0.21608508549312844,-0.05199076410524124,-0.11782009553869083,-0.22517538657214892,-0.02012201902598568,-0.08833678559502517,-0.0023995675841013172,-0.013263771881997698,0.14715096598783411,-0.01341388927142323,0.07829207164450643,-0.20253720881358986,0.20522180766184758,-0.14253690167640126,0.16736382547369205,0.06875951142272359,0.08102502420230534,0.3018036852858845,0.4178577338205333,-0.010454100930153112,0.01763161166467557,0.2101860095592926,0.41340750337682136,0.3348286390274911,0.14597609383150528,-0.02910161813051863,0.1499316181525658,0.08536459604052238,0.2513625261163232,0.24498509561122211,0.08644071528874563,0.15193224924554088,0.36403269011121187,0.48027941557218523,0.2378447915544737,0.38536761172836054,0.0797159819239593,0.2885825913001873,0.3902395760699968,-0.1065272061838682,-0.1167927364958882,0.23007511093194233,0.10764578052790046,-0.08681941261467466,0.35449818723460036,0.27430753722147644,0.22555155744257474,0.19499805146288832,0.3290889451758698,0.12918404473715767,0.09770751373740988,-0.20166918514266266,0.18375727181172205,-0.12447817967916693,-0.03374571172240983,-0.10935069757093835,-0.1809193279709869,0.07121064726802805,0.0011524570652175767,0.03656166305159804,0.10252492428101863
-0.016419526174915242,0.39473383780445886,0.04499536306484167,0.5013239844680331,0.2588789231860182,0.2663121065332337,0.35359358562471416,0.15821873677618198,0.06891398261958608,1.0,0.3684079881252941,0.5789754547207104,0.05487045014472331,0.09562915178226276,-0.004866704449184894,0.4720365910714925,-0.015741358188116363,0.003978029360767985,0.10337068664176344,-0.1277329666433582,0.15633383692131608,0.1832623873710117,0.07647858311016961,0.39972487231131465,0.31113124628537864,0.3491484812044091,-0.033069168057645294,-0.07270491593960646,-0.05208463436795322,-0.16503969252258274,-0.16463224856386843,0.2490784642296884,0.3462823011341584,0.06124927945775304,-0.00017279839636301535,-0.09451166141928855,-0.1822607790747717,0.09810832325059746,0.04366797228794947,0.5312592717500284,-0.19864765507127352,0.24084215735762773,-0.015289098444815935,-0.192300673659002,-0.3776957372420134,-0.2746914114633144,-0.3231466584993609,-0.3754646719245851,-0.21614425518808222,-0.2564238475328731,-0.17043134230886964,0.208717629192315,0.0961564121494251,0.31367264813218115,0.4030266225202778,-0.04290385552369519,0.20808331191282645,0.24411766626553363,0.44034962566758096,0.3513903434558086,0.5024249655686862,0.14768645738441,0.23993563321997194,0.006873400321794994,0.05045857310537537,-0.05565320498460069,0.07947436729676396,0.0643664121139066,0.19359438648827645,-0.15463106722158032,0.05510915300261319,0.2528971588635367,0.18061482673796003,0.1785998034808328,0.5327254141344081,0.634245279729736,0.1492493814700626,0.39855758667866187,-0.28174955790691003,-0.01953632166698291,0.36576454114680884,-0.08817159100830226,0.12108427477305833,0.314067200705458,0.27597188660212585,-0.024213862079937008,0.17554716489018793,0.020539661075782104,-0.1657037276881751,0.2372383440650088,-0.03528269028768828,-0.007425226113983211,0.011511276345560845,0.03128777210412467,0.2027778670770942,-0.11419739992998632,-0.056843180211228715,-0.46136074786740733,-0.16726445869552062,-0.1410576229742069
-0.2633104436496378,0.13026714269466125,0.3155623250537837,-0.06735714047171835,0.07445504295635393,0.2625781463480913,-0.04402214683261745,-0.12889185252834595,0.08453204782292813,0.3684079881252941,1.0,0.611980468816667,0.31342387441945607,0.2080540385458248,0.17716386337919782,0.21176605237684393,0.009757933341718275,-0.1687609562750444,-0.0474012978366268,-0.027512251695132245,-0.023411891062944994,0.3978682286830475,0.00405275833033689,0.18037432939217918,-0.06846949939908628,0.07483478188437837,0.12821604501094466,0.11932766203329949,0.004946435261629237,0.32547726138336913,0.098486727896473,0.25169308529636397,-0.02599745514606467,0.15405233352690698,0.31036688674108415,0.010797085608620215,-0.06631039900425113,-0.023170089435646548,0.18093523137783898,0.26562019747671833,0.10317437337654398,0.06333926827744533,0.3003591934330324,0.19883839380996546,0.17036407885161034,0.0863783465536682,0.3300335237985256,-0.0994558020268683,0.21090930277236217,0.10133649101331488,0.034375116307231654,-0.06800117973455017,-0.08759569350513725,0.020786626805772045,0.2883100730279067,0.29383466743564113,-0.1366239840999676,-0.01647088307736907,0.5191893381858729,0.6096017291310439,0.23246539661072815,0.3224633314732727,-0.09279392686102964,0.14769137374301675,0.14123037106956368,0.39073276319378597,0.05483969771792205,-0.1895048996828591,-0.15826047643102686,0.002263311270583703,-0.05896367464122261,0.05127822671423594,-0.014997971573465824,0.15388906557296447,-0.07434268703321485,0.01940484017996505,-0.056452008903430946,0.10190418076287941,0.1807002712621344,0.053189533257169484,-0.11920248406464858,-0.11607155709039921,0.0593309802564979,0.023168305058333765,-0.10426439214037048,0.28191018477447866,0.0948351144159979,0.15612026478812835,0.04286853639273516,-0.10242212110769447,0.28872898779914946,0.0038624592051101016,0.26133081166958855,0.03226613045084592,0.07716412642407237,0.15028330930222028,-0.17980125569062166,0.004850289396347673,0.20771494629150286,0.08678413180296846
-0.2306601529699809,0.22459923867583417,0.0778147488815177,0.17404871792507742,0.08891921560246699,0.2553004086986051,0.15307291770694179,-0.09311617101799571,-0.039415962262673195,0.5789754547207104,0.611980468816667,1.0,0.2975483767115534,0.2992902007608711,0.11821719272389763,0.28492117812945744,0.09265248399440498,-0.13127642567557274,0.19679605115212662,-0.08978486342943862,0.06450147728233412,0.31468715414220777,-0.016742495208868204,0.47537216173380636,0.25226079784581956,0.44104378297416635,-0.1019284270848742,-0.015767778946433414,0.023544734317195372,0.04336173784627056,-0.00985800227116907,0.34328087668320745,0.0581796528457162,0.0871726127225679,0.1302403349712993,-0.019896557544645196,-0.003790541922149808,-0.0553501474045344,0.08304034968458286,0.4471338912872125,-0.03820000129641409,0.1929012118405715,0.035900198887024184,-0.02757514565896791,-0.18316779295780664,-0.22225172464707388,-0.008676386148594933,-0.3305117385432281,-0.13066567876687726,-0.20264887531816406,-0.062432449632313314,0.08737322743417333,0.02733138654670891,0.14913468003680128,0.24667912687259305,0.07643495585593207,-0.032350768863371925,-0.09218792828864879,0.5057570469235684,0.5661492885780446,0.38899648066022435,0.12485234571334686,-0.01211014713411676,0.00936550454744802,0.09667076685645794,0.22213851522718636,0.02668961328481065,-0.010983545490815231,0.1456463498310382,-0.24303174517280937,0.0431023907609929,0.08639958213141885,0.021196287903594735,0.054971505642758704,0.29086949318915517,0.3990870327984042,0.1377217886671454,0.1820744520169904,-0.05688159845210394,0.18391662714294474,0.13150315919093694,-0.24648524859464344,0.10954244036705149,0.07699771940363,0.05773815132092344,-0.11756095799974627,0.3376352486070827,-0.026824910918047066,-0.09620863014912935,0.19995053652042827,0.11754517049698214,0.02563142398853105,0.13130440791867154,-0.11226144003550191,0.1663398425203287,-0.06772706666487388,-0.27070707090502816,-0.45950334547507327,-0.10785071659100251,-0.14485957581310394
-0.16879362569753079,-0.3575751716732839,-0.11570547170640975,-0.174918246113607,-0.22606908380892654,-0.2114942640484228,-0.0005835775191931032,-0.10228327260569796,0.05781163940451028,0.05487045014472331,0.31342387441945607,0.2975483767115534,1.0,0.41834311125762,0.30100925558549574,0.043101739246905406,0.6623078255832493,0.013713921799810838,0.4703154572838479,-0.4962056806319646,0.04958526206125423,0.732104486271391,0.4241212989088006,0.3082763055972632,-0.06572384249982031,0.23745733075165606,0.35702083762658077,0.4269913164498843,0.10967163174475017,0.5369061794201351,0.18338166395088376,-0.008695770787313768,-0.029455589026088816,0.6160328483619111,0.5794033719560541,-0.5708819625613515,0.04650877586277579,-0.2829280666116255,-0.13989289730010313,-0.02730300766305527,-0.31058964485165086,0.34010568074267905,0.3403221788620378,0.2907697112407426,0.18736467070781415,-0.12099716477876445,0.09727595688583031,0.005881354957569304,-0.1687000771484564,-0.3393972862506385,-0.19664393563385746,-0.22209194365734392,-0.15849219060694666,0.021159551182539253,-0.19374771528526613,-0.2282994231250894,-0.07655707364423811,-0.08991145413211049,-0.015489937847124494,0.387565105398064,0.32249917362198144,0.592122608246366,0.2482650966228812,0.3983213343471622,0.16199379920764065,0.33542105050563137,-0.25242832615213096,0.3377346717888931,0.4101416035237491,0.3078523668501682,-0.0392118254298838,0.4364146490461194,0.28937667047023613,-0.1260820689404497,0.07134378882674405,0.12705435739343426,0.18414930995549325,0.3738845573769496,0.2224466523248801,-0.4054245716865756,0.2827409391932476,-0.34030210102409103,0.20416041009940056,0.4015234927079511,0.1970891806788542,0.21636878677039728,0.04735523687231603,0.2778094020878235,-0.3697723174046522,-0.3628634370384135,-0.2746348835759058,-0.23981243440736033,-0.03666425359862625,-0.2955753799038732,0.09982680211582191,-0.01799088167663097,-0.15177134992507524,-0.03951704502643045,-0.1639002397861254,-0.21617821107699964
-0.29510238442403675,-0.05428718425721084,-0.14440131620124885,-0.046021089775841545,0.04719984128690532,-0.22145241159017925,0.1462630707463182,-0.0018572211695467888,0.1190867567976335,0.09562915178226276,0.2080540385458248,0.2992902007608711,0.41834311125762,1.0,0.6613386516603966,0.0002975419909340751,0.4878302994299348,0.1109947401047792,0.5542633730298336,-0.11448262706562792,0.30412585825310473,0.29772246439181527,0.4137386297398564,0.363748383519083,0.03171219895542357,0.35932027960330226,0.08431815228900202,0.19502749653898252,0.1903487351180061,0.29382012052317774,0.05999173449938902,0.12073438861028238,-0.2473356015466409,0.33543833277289314,0.09941533859567923,-0.1409628050661548,-0.0323596561978803,-0.1534893827266756,-0.2115767163403053,0.0113310327436547,-0.12767240456100964,0.15681475141076884,-0.03404780392224873,0.14372447806856267,-0.018290013508988238,-0.11281808302955862,0.006674695866395371,0.2111648602336813,-0.30094179301019464,-0.25683199762991504,-0.21092527134227343,0.07399856660463629,0.13907946566047164,0.33029480837198566,-0.12709843926098235,-0.20894328892196043,0.13456572694496535,0.07472546256073638,0.10232293995521691,0.15782393438056666,0.3528256528147829,0.20347333536321285,0.34416705106290874,0.46887798881633386,0.47002374989810713,0.5437383132768356,-0.1439600958492591,0.43861707017351087,0.4734222471765776,-0.0033001438287680288,0.23244839534766845,0.18496638196918913,0.3254148559156734,-0.29378155266447836,0.24175130853596893,0.17814440406328694,0.21430619444399665,0.2983648312765562,0.050942696031377174,-0.1734595425823245,0.07673769240791094,-0.24728686978170625,-0.018065355905501117,0.09820201301977773,0.13523149870625392,-0.03844736527344689,-0.021659855083210625,-0.15068280028663997,-0.2044989819935034,0.007375495188971329,-0.23310937129889978,-0.3841378206703995,-0.16559707473350216,-0.3167156573261719,0.19390673004592432,-0.16931467535111194,-0.17013908210074186,-0.09456535356746427,-0.21319579878123482,-0.23330369454174174
0.017675452597388893,-0.18036902164991606,-0.002910009635011656,-0.19487283287679744,-0.03202071033744969,-0.264497248451834,0.23444103181228496,0.11851229827902938,0.25530994841098686,-0.004866704449184894,0.17716386337919782,0.11821719272389763,0.30100925558549574,0.6613386516603966,1.0,-0.1442841651598256,0.28708870020756366,0.3104950336696955,0.49526108647175,0.15381528696424365,0.4492417401596394,0.20770407106352712,0.5528681793728485,0.23468231703684092,0.1660271578467297,0.07266691160799445,0.21203002502032522,0.13519548320756228,0.2795716633352658,0.092280537710599,0.014538271298587818,-0.011353137507985299,-0.29899475230362044,0.28934567294979974,0.0747980280899217,0.043498826118249095,-0.06010483066877539,-0.11621391353773691,-0.15946302824597142,0.030272716936259415,-0.028726195518572833,-0.1044895569607352,-0.21165801098959972,0.15931048336871034,-0.01826565256673042,-0.23403973522765956,0.15848292442396403,0.28052611474573785,-0.16891749509106238,-0.14618901372990575,-0.1978664364953756,0.11590786796436768,0.1318436528055454,0.20130751605661706,-0.15654446419672094,-0.1908498385817726,0.291423192697114,0.14391914301671396,-0.14824499595408003,0.1220769821003484,0.20813423845189663,0.2603221999282648,0.39620672746849106,0.20474590763964218,0.22951132866171084,0.5198205163520088,0.07783553674987832,0.5046293847990876,0.40933104511771756,0.24988403085724167,0.48500088692298043,0.23572017643338988,0.5382965982733208,-0.12376205598798085,0.27976607733443154,0.008945051714204436,0.26950516381910933,0.278180864765129,0.11197714670557984,-0.2694126885162214,0.05940586937652683,-0.15353787118583942,-0.27277786840159257,0.1852128151688279,0.11725049439036957,0.059596498031849555,-0.029880260491056243,-0.11781261602498194,0.1021471223349978,0.0012992126171766124,-0.2871668325737727,-0.16211142395758435,-0.2185974413615465,-0.32365127021923445,-0.10856459413055884,-0.16283847858707354,-0.2865310925161639,0.13638916539658708,-0.04933250133164282,-0.08007127032866611
-0.14666330811118222,0.7051845399079735,0.36266565678832585,0.7288502531193254,0.6097481504943685,0.4195895219756556,0.46124890991126494,0.1697195142856147,-0.26377832910758287,0.4720365910714925,0.21176605237684393,0.28492117812945744,0.043101739246905406,0.0002975419909340751,-0.1442841651598256,1.0,0.03207632378696953,0.2267961889354143,-0.09725673828848647,0.016586102804288468,0.2733907931609226,0.22114699136651778,0.03767447239112305,0.27800805845440385,-0.17262435475663274,-0.007971609417525482,-0.08511928466228152,-0.03742154369559535,-0.23674901265794188,0.15631221944198517,-0.11831519488367302,0.007968002308305818,0.23952072758658907,0.23403586154887526,0.20916335060976918,-0.11691155319861507,-0.21707371808165282,0.15920424149913984,0.17607973900917673,0.3859856912086213,0.05846980688868341,0.22430290783832882,0.2304470578931999,-0.012837688284118163,0.011679296396847673,-0.03146813554080962,-0.07408609010835923,-0.2586285514591599,0.05925642778572725,-0.03598118847247193,0.0678130244197238,0.28227572674391704,0.5567463335805555,0.44300845594886784,0.5136972874826304,0.2857226722137543,0.21164137593572702,0.09728402110982327,0.2434338202942499,0.1268470049803689,-0.02617652193541611,-0.1214772150689674,-0.13427362344336344,-0.24700729573242078,-0.05018069024317347,-0.2965373017598943,0.316864708532747,-0.12257333946743433,-0.03750353300195744,0.16310759872873123,0.06234255050257416,0.11623040678205107,-0.05297277459592064,0.202917168223803,0.07087075461431454,0.12250927136104683,-0.13900638362737647,0.10703106163220542,-0.08510551571018594,0.03071609968976068,-0.18350054511235644,-0.26132888158410794,-0.003619808230551152,-0.15376045336910302,-0.25217471023033394,-0.12045341917926855,-0.16467439553904964,-0.10024868490192565,-0.035882768744443225,-0.060877556332759854,0.1798201306322288,-0.13451708058403422,0.07301373826497809,0.08783088641543657,-0.047111458091298186,0.08695758570849564,-0.16844895400136295,-0.2199049806654144,0.13816821724384276,0.040098504256927125
-0.14649559679446886,-0.19250681243090537,-0.17419748925565867,-0.10174055322773067,-0.21060797248138752,-0.34125947072961765,0.09889172209173798,0.0453635885477348,0.17693462603442858,-0.015741358188116363,0.009757933341718275,0.09265248399440498,0.6623078255832493,0.4878302994299348,0.28708870020756366,0.03207632378696953,1.0,0.2540722276741574,0.6781181049013567,-0.4622005334454115,0.14544030315379178,0.5760555594816473,0.4490452662634595,0.3197021124696379,0.10502587925368327,0.26878193464016886,0.2642029331236083,0.4901544092044176,0.24688702668059093,0.3338876145597405,0.15180424736208717,0.059791511981653694,0.01889581198583233,0.6611888248118675,0.4372863421160229,-0.4612193745102062,0.05917164601864741,-0.16502939687033558,-0.276864103987024,-0.17762747068824034,-0.33028696325389445,0.43263997752453626,0.11107501472096583,0.1695628536363291,0.12294470573042228,-0.083478863750851,-0.11849443641881814,0.1855125163340763,-0.3028508623202148,-0.34754515747508613,-0.20796932560985756,0.02673296063442568,-0.09553931433695353,0.24756503977038583,-0.2590284840887183,-0.3815295486960056,0.0861404912695416,0.06540209368075495,-0.15640287009175857,0.1459657750096,0.3063915801989333,0.39827446707629094,0.45973904340598265,0.41552228305124034,0.14668237034156964,0.23204968568555273,-0.2913371322255365,0.5403240978665097,0.5211023672116036,0.23109777984534902,-0.029294671008752653,0.46768830603558864,0.387418492926365,-0.18288598148832041,0.2673535949197507,0.1411334054422616,0.30445948186991467,0.3827581553449476,0.12233366048131503,-0.4417676609543619,0.33604868012953054,-0.09937524507883448,0.27828537692192123,0.5205572048696335,0.376886883118102,0.18591063927978466,-0.1423116800787566,0.26335886094954036,-0.39735480553397695,-0.16730857250016662,-0.36708521847587394,-0.33321057775426854,-0.15442975353474545,-0.24404181355883853,0.2183547169714085,-0.09342822428020268,0.06770473917219935,-0.013392051214830253,-0.33192737239278364,-0.31430118148692004
0.05934297077629374,0.21547011259373455,0.20461980587391407,0.1107802091499311,0.1681689528540942,0.09831624234597307,0.5933619733633512,0.6019268399386878,0.15768868427319227,0.003978029360767985,-0.1687609562750444,-0.13127642567557274,0.013713921799810838,0.1109947401047792,0.3104950336696955,0.2267961889354143,0.2540722276741574,1.0,0.2976193620387158,0.27841635953298566,0.43250065927240366,0.0858210043411178,0.5224160119409914,0.2216324751631611,0.17445416887719098,0.015139117736741179,0.13223097829467273,0.01714595627647978,0.04937460781723271,-0.021217860841455848,-0.0459706718769079,-0.1777433651416557,-0.2047108784534794,0.5282303331577652,0.06501465152107062,0.06559704847151711,-0.21433779324527527,-0.11448167619172243,-0.16807830408827484,0.15694490616442727,-0.0752287899430873,-0.07063431526999903,-0.2487687142044177,-0.1605008422730327,-0.07450011195774052,-0.3605921415659416,-0.10017950241886975,0.12218543257671567,-0.11954564811739297,-0.16462195095353724,0.03132937662046112,0.5998828110143274,0.5036443708996096,0.38306166202336156,0.1739636327263796,-0.009808969985416784,0.722627158618773,0.5373214918235847,-0.11339745499249569,-0.2289204969938641,-0.17844188285532867,-0.015348907769899174,0.36896534861801444,-0.2753069147531309,-0.16459036752824793,-0.16106738750250588,0.33140795756916286,0.3598148450692226,0.3525198701953502,0.5939459382423528,0.4948889705874175,0.4156501429035854,0.6544663929776027,0.17328093367742203,0.3035369712070975,0.042540501597418005,0.08724965723147299,0.3504364913780219,-0.04654083012022371,-0.003208462991269084,-0.06755596734119254,-0.3513553049505794,-0.27554583186426584,0.06309676679555352,-0.10947618946283129,-0.14680680597506685,-0.2879742596355045,-0.10799159910186124,0.04401191204385213,0.018808558168895803,-0.18313620347052303,-0.1862303391903091,-0.3947175374791015,-0.1746049364591257,-0.23262643828830148,-0.15383079190402127,-0.36562773918349983,0.1667051976461298,-0.04409928868554203,-0.09197099483244592
0.08582272851861779,-0.13873019057270225,-0.22870696307282476,-0.1158520215472518,-0.1938913989462114,-0.3222229356462984,0.2683327223938133,0.09564252180859115,0.22734544470733004,0.10337068664176344,-0.0474012978366268,0.19679605115212662,0.4703154572838479,0.5542633730298336,0.49526108647175,-0.09725673828848647,0.6781181049013567,0.2976193620387158,1.0,-0.14803151605388037,0.3978898482116578,0.32651452685367094,0.5524412478815196,0.31798058451333344,0.2501056592967154,0.23135459464530791,0.18573809858469856,0.19449781889347398,0.470845753499346,0.03694256387835493,-0.1336834407259829,0.05674128897177879,0.025196623916992598,0.5146301004858707,0.1473828635956714,-0.24376857062127585,0.05676958554237394,0.029421535664557755,-0.18316148085966524,0.06271830399852162,-0.17794293811532041,0.18742531710272867,-0.1530989272498793,-0.06099468262849725,-0.1861156608132079,-0.25381748746163274,-0.09135444644846141,0.08881474451883462,-0.3136555476796841,-0.29856860611064057,-0.0005796564069540921,0.13237987268639043,-0.05522288768531061,0.19800343250618085,-0.22779122947017796,-0.3803267332652889,0.2305762023514488,0.0612447629451194,-0.10495151937031356,0.0068197595748802735,0.34412175831874314,0.3239424423724209,0.4320533382535466,0.3425828080215207,0.2751043732533164,0.28397521410682164,0.023009897649385203,0.5142973697171744,0.5950622063538037,0.15911203643825955,0.38994478424321666,0.4146472104386131,0.5533158643218129,0.004025859023925363,0.5099513603619013,0.2566438731308025,0.5022052567922123,0.46359596724805413,-0.1153584490173024,-0.2054603824722387,0.3822576161273805,-0.059223341909578106,-0.04039953372550064,0.38776545119542977,0.40699336315406476,-0.009094844870573153,-0.02058006672217029,0.07866158361771042,-0.1721928309440411,0.13615959055500815,-0.2851591406897463,-0.13842760355127953,-0.10942763136829767,-0.17303516365846636,0.05204134562754105,-0.25746106699681054,-0.11491222272147557,-0.049107636460244616,-0.2512099087405015,-0.2125759756597565
