0,1,2,3,4,5,6,7,8,9,10,11,12,13,14,15,16,17,18,19,20,21,22,23,24,25,26,27,28,29,30,31,32,33,34,35,36,37,38,39,40,41,42,43,44,45,46,47,48,49,50,51,52,53,54,55,56,57,58,59,60,61,62,63,64,65,66,67,68,69,70,71,72,73,74,75,76,77,78,79,80,81,82,83,84,85,86,87,88,89,90,91,92,93,94,95,96,97,98,99
1.0,0.09161490683229806,0.05357142857142855,0.17857142857142855,0.14523809523809517,0.11100386100386095,0.05357142857142855,-0.019102990033222633,-0.021428571428571408,0.01948051948051943,0.004658385093167683,-0.04235880398671099,-0.07752613240418124,-0.0661094224924012,-0.08887043189368776,0.2285714285714286,-0.04235880398671099,-0.05059523809523814,-0.08738601823708209,-0.019102990033222633,-0.00324675324675322,-0.0656146179401994,-0.05059523809523814,-0.1353820598006645,0.07857142857142846,-0.09642857142857147,-0.010317460317460336,-0.05313588850174222,-0.09415584415584419,-0.025974025974025983,0.011904761904761918,0.11607142857142855,0.1547619047619047,-0.12630662020905928,0.020034843205574915,-0.011904761904761918,0.08882783882783879,0.18968253968253962,0.14198606271776998,0.14198606271776998,0.11759581881533093,0.17857142857142855,0.14523809523809517,0.08766233766233761,-0.025974025974025983,0.011904761904761862,0.01948051948051943,-0.00227963525835867,0.19019933554817264,0.00415282392026578,0.16793313069908816,0.13095238095238093,0.15584415584415579,0.09033613445378147,0.060924369747899165,0.11759581881533093,0.08333333333333331,-0.08887043189368776,0.0649350649350649,0.026397515527950277,-0.04483282674772038,-0.07698412698412704,-0.11090225563909775,-0.039377289377289404,-0.06501831501831506,-0.07142857142857145,0.13803088803088798,-0.08738601823708209,-0.09415584415584419,-0.0661094224924012,0.018996960486322156,-0.0656146179401994,-0.029761904761904767,0.12301587301587291,-0.09920634920634927,-0.008928571428571452,-0.0357142857142857,-0.04642857142857143,0.08882783882783879,0.07392026578073085,-0.0656146179401994,-0.013736263736263743,0.2285714285714286,0.021428571428571408,-0.019102990033222633,0.10357142857142859,0.061550151975683864,-0.031954887218045125,0.08397683397683392,-0.00324675324675322,0.2832225913621262,0.25000000000000006,0.1285714285714285,0.08766233766233761,0.13803088803088798,0.13095238095238093,0.025510204081632626,0.14523809523809517,0.16793313069908816,0.05952380952380948
0.0936507936507936,1.0,0.3464285714285715,0.3532467532467532,0.33809523809523806,0.2119691119691119,0.2714285714285715,0.3923588039867109,0.2714285714285715,0.12597402597402596,0.06273291925465835,0.15980066445182722,0.06167247386759578,0.07568389057750763,0.15980066445182722,0.3714285714285715,0.18305647840531553,0.2547619047619048,0.07568389057750763,0.25282392026578066,0.19415584415584414,0.09003322259136204,0.15059523809523812,0.1365448504983388,0.1825396825396825,0.22142857142857147,0.0936507936507936,0.08606271777003482,0.14870129870129867,0.12597402597402596,0.12380952380952381,0.21309523809523806,0.02857142857142858,0.06167247386759578,0.11045296167247382,0.17142857142857143,0.13296703296703288,0.1158730158730158,0.13484320557491286,0.13484320557491286,0.08606271777003482,0.1476190476190476,0.1825396825396825,0.057792207792207784,-0.05584415584415581,0.004761904761904745,-0.0331168831168831,0.03313069908814592,0.06677740863787374,0.04352159468438532,0.22462006079027358,0.5523809523809524,0.3305194805194806,0.4165266106442577,0.3478991596638656,0.13484320557491286,0.40952380952380957,0.27607973421926907,0.17142857142857143,0.1279503105590062,0.18206686930091193,0.0492063492063492,0.17142857142857143,0.20989010989010987,0.13296703296703288,0.17142857142857143,0.3200772200772201,0.11823708206686934,0.1032467532467532,0.2884498480243162,0.2884498480243162,0.22956810631229235,0.1922619047619048,0.16031746031746025,0.24920634920634915,0.23392857142857143,0.17142857142857143,0.17142857142857143,0.13296703296703288,0.09003322259136204,0.11328903654485045,0.05604395604395601,0.19642857142857145,0.07142857142857145,0.1365448504983388,0.17142857142857143,0.16079027355623104,0.03984962406015041,0.18494208494208492,0.14870129870129867,0.04352159468438532,0.19523809523809527,0.22142857142857147,0.14870129870129867,0.23899613899613897,0.0047619047619048005,0.0387755102040816,0.0492063492063492,0.13951367781155016,0.05238095238095236
0.047619047619047616,0.3012422360248448,1.0,0.14610389610389607,0.292063492063492,0.41698841698841704,0.2142857142857143,0.31893687707641194,0.38928571428571435,0.12337662337662336,0.17080745341614906,0.1328903654485049,0.03135888501742162,0.07598784194528879,0.10963455149501661,0.26428571428571435,0.1328903654485049,0.31845238095238104,0.1185410334346505,0.2491694352159468,0.12337662337662336,0.0863787375415282,0.13095238095238093,0.0863787375415282,0.13650793650793647,0.11428571428571432,0.09206349206349207,0.1289198606271777,0.07792207792207795,0.19155844155844154,0.16666666666666669,0.193452380952381,0.07142857142857145,0.10452961672473865,0.05574912891986067,0.16666666666666669,0.17582417582417575,0.13650793650793647,0.1533101045296167,0.1289198606271777,0.17770034843205573,0.09523809523809523,0.20317460317460312,0.055194805194805185,0.10064935064935066,0.06984126984126982,0.10064935064935066,0.1185410334346505,0.17940199335548168,0.2026578073089701,0.1185410334346505,0.4285714285714286,0.14610389610389607,0.28291316526610655,0.5966386554621849,0.372822299651568,0.2857142857142858,0.2956810631229235,0.14610389610389607,0.17080745341614906,0.1185410334346505,-0.019047619047619035,0.030075187969924866,0.12454212454212454,0.09890109890109888,0.10064935064935066,0.17374517374517373,0.09726443768996962,0.10064935064935066,0.28875379939209733,0.3100303951367782,0.17940199335548168,0.2142857142857143,0.047619047619047616,0.09206349206349207,0.1517857142857143,0.16666666666666669,0.0892857142857143,0.1501831501831502,0.06312292358803984,-0.006644518272425237,0.07326007326007328,0.0892857142857143,0.05714285714285716,0.1328903654485049,0.11428571428571432,0.1610942249240122,0.030075187969924866,0.2277992277992278,0.07792207792207795,-0.09966777408637875,0.14285714285714285,0.0892857142857143,0.055194805194805185,0.11969111969111967,0.04761904761904767,0.06122448979591838,0.06984126984126982,0.2249240121580548,0.11904761904761907
0.17460317460317454,0.337888198757764,0.1607142857142857,1.0,0.30793650793650795,0.06409266409266412,0.23571428571428577,0.22059800664451823,0.11071428571428577,0.11753246753246749,0.12049689440993788,0.034551495016611256,0.05156794425087102,0.02613981762917933,0.08106312292358803,0.2607142857142858,0.08106312292358803,0.10238095238095235,0.004863221884498503,0.19734219269102982,0.09480519480519478,-0.08172757475083059,-0.022619047619047594,0.011295681063122953,0.15238095238095234,0.06071428571428572,-0.0031746031746031633,0.05156794425087102,0.04935064935064937,-0.06428571428571428,0.11428571428571427,0.14404761904761904,0.06666666666666665,-0.04599303135888505,-0.021602787456446004,-0.004761904761904745,0.09597069597069596,0.08571428571428563,0.07595818815331007,0.1247386759581881,0.027177700348432088,0.20952380952380956,0.15238095238095234,0.04935064935064937,-0.04155844155844152,-0.0920634920634921,-0.15519480519480516,-0.08024316109422491,0.08106312292358803,0.034551495016611256,0.19635258358662622,0.28095238095238095,0.3220779220779222,0.3719887955182073,0.15630252100840336,0.10034843205574911,0.3285714285714286,0.1508305647840531,0.04935064935064937,0.09875776397515523,0.08996960486322192,0.019047619047619035,0.08045112781954888,0.09597069597069596,0.044688644688644696,0.09480519480519478,0.25328185328185326,0.04741641337386021,0.09480519480519478,0.13252279635258363,0.08996960486322192,0.10431893687707633,0.14404761904761904,0.06349206349206349,0.06349206349206349,0.14404761904761904,0.04285714285714287,0.010714285714285732,0.044688644688644696,-0.01196013289036546,0.05780730897009961,0.019047619047619035,0.1607142857142857,-0.02857142857142858,-0.01196013289036546,0.035714285714285754,0.04741641337386021,0.001503759398496285,0.14517374517374515,-0.04155844155844152,0.17408637873754151,0.20952380952380956,0.08571428571428574,0.16298701298701296,0.14517374517374515,0.06666666666666665,-0.008163265306122436,0.06349206349206349,0.13252279635258363,0.04285714285714287
0.14523809523809517,0.3307453416149068,0.32857142857142857,0.314935064935065,1.0,0.219111969111969,0.17857142857142855,0.3529900332225913,0.2535714285714286,0.0649350649350649,0.15683229813664595,0.05066445182724244,-0.004355400696864131,-0.023556231003039496,0.00415282392026578,0.30357142857142855,0.05066445182724244,0.17857142857142855,0.018996960486322156,0.19019933554817264,0.08766233766233761,0.07392026578073085,0.011904761904761862,0.05066445182724244,0.07857142857142846,0.07857142857142857,-0.05476190476190479,0.020034843205574915,0.042207792207792194,0.042207792207792194,0.17857142857142855,0.09523809523809518,-0.0357142857142857,-0.004355400696864131,-0.028745644599303177,0.0357142857142857,0.06318681318681313,0.07857142857142846,0.04442508710801385,0.0688153310104529,0.04442508710801385,0.1071428571428571,0.16746031746031736,-0.00324675324675322,0.01948051948051943,-0.03253968253968259,-0.04870129870129869,-0.0661094224924012,0.07392026578073085,0.027408637873754083,0.08282674772036475,0.32142857142857145,0.2694805194805195,0.40406162464986,0.296218487394958,0.19076655052264807,0.4166666666666667,0.19019933554817264,0.0649350649350649,0.1350931677018633,0.018996960486322156,-0.07698412698412704,0.02067669172932335,0.08882783882783879,0.03754578754578752,0.042207792207792194,0.08397683397683392,0.04027355623100304,0.0649350649350649,0.18920972644376904,0.12537993920972645,0.05066445182724244,0.22023809523809518,-0.03253968253968259,0.07857142857142846,0.09523809523809518,0.05952380952380948,-0.021428571428571408,0.06318681318681313,0.07392026578073085,0.05066445182724244,-0.039377289377289404,0.10357142857142859,-0.007142857142857173,0.00415282392026578,0.05357142857142855,0.04027355623100304,-0.031954887218045125,0.05694980694980695,0.042207792207792194,0.16694352159468434,0.011904761904761918,-0.021428571428571408,0.042207792207792194,0.13803088803088798,-0.0357142857142857,0.045918367346938715,-0.010317460317460336,0.10410334346504557,0.011904761904761918
0.09126984126984122,0.17049689440993787,0.38571428571428573,0.05389610389610394,0.18015873015873007,1.0,0.2357142857142857,0.13106312292358802,0.38571428571428573,0.16753246753246748,0.2357142857142857,0.17757475083056473,0.10156794425087101,0.07613981762917932,0.08455149501661124,0.26071428571428573,0.13106312292358802,0.2148809523809524,0.1399696048632219,0.29385382059800663,0.14480519480519477,0.1078073089700996,0.0898809523809524,0.13106312292358802,0.26904761904761904,0.13571428571428573,0.11349206349206348,0.12595818815331006,0.12207792207792206,0.14480519480519477,0.14047619047619048,0.2565476190476191,0.06904761904761908,0.10156794425087101,0.07717770034843208,0.21190476190476187,0.14597069597069595,0.24682539682539678,0.24790940766550523,0.1503484320557491,0.1747386759581881,0.11666666666666664,0.15793650793650788,0.19025974025974024,0.14480519480519477,0.02460317460317457,0.09935064935064936,0.18252279635258362,0.2473421926910298,0.15431893687707632,0.16124620060790273,0.2833333333333334,0.09935064935064936,0.14747899159663863,0.5886554621848741,0.36986062717770035,0.11666666666666664,0.2008305647840531,0.2584415584415584,0.17049689440993787,0.07613981762917932,0.06904761904761902,0.051503759398496274,0.14597069597069595,0.14597069597069595,0.09935064935064936,0.1681467181467181,0.11869300911854103,0.0766233766233766,0.16124620060790273,0.31018237082066874,0.08455149501661124,0.11071428571428565,0.09126984126984122,0.09126984126984122,0.1732142857142857,0.1880952380952381,0.11071428571428571,0.19725274725274716,0.15431893687707632,0.06129568106312294,0.12032967032967029,0.16071428571428575,0.07857142857142857,0.1078073089700996,0.08571428571428574,0.1399696048632219,0.1567669172932331,0.27625482625482617,0.03116883116883118,-0.008471760797342243,0.1880952380952381,0.16071428571428575,0.12207792207792206,0.08706563706563708,0.1880952380952381,0.021428571428571463,0.09126984126984122,0.2676291793313071,0.09285714285714286
0.047619047619047616,0.2360248447204969,0.2142857142857143,0.2142857142857143,0.15873015873015867,0.25482625482625476,1.0,0.2026578073089701,0.26428571428571435,0.16883116883116883,0.17080745341614906,0.2259136212624584,0.17770034843205573,0.1610942249240122,0.2724252491694352,0.3392857142857143,0.2491694352159468,0.25595238095238093,0.1610942249240122,0.2956810631229235,0.2597402597402598,0.15614617940199332,0.2142857142857143,0.17940199335548168,0.2698412698412699,0.0892857142857143,0.11428571428571421,0.10452961672473865,0.16883116883116883,0.10064935064935066,0.23809523809523814,0.1517857142857143,0.11904761904761907,0.17770034843205573,0.1289198606271777,0.16666666666666669,0.09890109890109888,0.13650793650793647,0.25087108013937276,0.25087108013937276,0.1533101045296167,0.16666666666666669,0.18095238095238092,0.07792207792207795,-0.05844155844155843,0.025396825396825418,0.07792207792207795,0.09726443768996962,0.06312292358803984,0.1328903654485049,0.1610942249240122,0.2857142857142858,0.3733766233766235,0.22408963585434183,0.3025210084033614,0.22648083623693382,0.23809523809523814,0.2026578073089701,0.2597402597402598,0.2577639751552795,0.2249240121580548,0.11428571428571421,0.18796992481203006,0.22710622710622708,0.17582417582417575,0.2597402597402598,0.41698841698841704,0.20364741641337392,0.2142857142857143,0.28875379939209733,0.2249240121580548,0.2259136212624584,0.2142857142857143,0.292063492063492,0.18095238095238092,0.23511904761904767,0.14285714285714285,0.11428571428571432,0.1501831501831502,0.0863787375415282,0.17940199335548168,0.20146520146520142,0.0892857142857143,0.2,0.01661129568106312,0.16428571428571426,0.07598784194528879,0.08270676691729328,0.17374517374517373,0.07792207792207795,-0.02990033222591365,0.14285714285714285,0.23928571428571432,0.19155844155844154,0.1467181467181467,0.19047619047619047,0.06122448979591838,0.11428571428571421,0.1610942249240122,0.11904761904761907
-0.0182539682539683,0.3667701863354037,0.34285714285714286,0.21558441558441555,0.3373015873015873,0.15231660231660227,0.21785714285714286,1.0,0.34285714285714286,0.17012987012987008,0.19285714285714284,0.18122923588039863,0.13188153310104522,0.11838905775075986,0.11146179401993345,0.19285714285714284,0.22774086378737535,0.31785714285714284,0.11838905775075986,0.15797342192691022,0.14740259740259737,0.08820598006644514,0.2136904761904762,0.22774086378737535,0.15952380952380946,0.31785714285714284,0.003968253968253954,0.034320557491289205,0.14740259740259737,0.14740259740259737,0.07380952380952377,0.19285714285714284,0.02619047619047621,0.05871080139372814,0.05871080139372814,0.04999999999999999,0.051831501831501814,0.0706349206349206,0.034320557491289205,0.18066202090592326,-0.03885017421602793,0.12142857142857139,0.15952380952380946,-0.0798701298701299,-0.10259740259740263,-0.1071428571428572,-0.05714285714285716,-0.0731003039513678,-0.09784053156146186,-0.07458471760797347,0.09711246200607904,0.40714285714285714,0.23831168831168836,0.33991596638655464,0.3105042016806723,0.15627177700348427,0.5261904761904762,0.4370431893687706,0.14740259740259737,0.127639751552795,0.20349544072948333,0.09285714285714275,0.21917293233082702,0.18003663003662995,0.18003663003662995,0.14740259740259737,0.12528957528957524,0.13966565349544074,0.1246753246753246,0.3311550151975684,0.22477203647416422,0.25099667774086376,0.2970238095238096,0.115079365079365,0.24841269841269842,0.25535714285714284,0.21666666666666667,0.21785714285714286,0.1543956043956043,0.11146179401993345,0.15797342192691022,-0.050732600732600774,-0.0071428571428571175,0.09285714285714286,0.06495016611295673,0.09285714285714286,0.05455927051671733,0.008646616541353402,0.12528957528957524,0.17012987012987008,-0.07458471760797347,0.07380952380952377,0.1428571428571428,0.1246753246753246,0.20637065637065632,-0.021428571428571408,-0.08265306122448982,-0.06269841269841275,0.03328267477203645,-0.045238095238095244
-0.019047619047619035,0.2360248447204969,0.38928571428571435,0.10064935064935066,0.22539682539682537,0.41698841698841704,0.26428571428571435,0.31893687707641194,1.0,0.2142857142857143,0.2360248447204969,0.2259136212624584,0.17770034843205573,0.1610942249240122,0.17940199335548168,0.2142857142857143,0.2259136212624584,0.4017857142857143,0.24620060790273568,0.31893687707641194,0.2142857142857143,0.2491694352159468,0.23511904761904767,0.2491694352159468,0.3142857142857143,0.23928571428571432,0.09206349206349207,0.1533101045296167,0.237012987012987,0.237012987012987,0.19047619047619047,0.2142857142857143,-0.047619047619047616,0.22648083623693382,0.10452961672473865,0.16666666666666669,0.07326007326007328,0.11428571428571421,0.1533101045296167,0.22648083623693382,0.0801393728222996,0.04761904761904767,0.09206349206349207,0.07792207792207795,0.009740259740259771,-0.019047619047619035,0.055194805194805185,0.1185410334346505,0.039867109634551534,0.0863787375415282,0.09726443768996962,0.33333333333333337,0.16883116883116883,0.16526610644257705,0.47899159663865554,0.25087108013937276,0.261904761904762,0.41196013289036537,0.30519480519480524,0.1925465838509317,0.24620060790273568,0.13650793650793647,0.2142857142857143,0.22710622710622708,0.22710622710622708,0.19155844155844154,0.17374517374517373,0.20364741641337392,0.19155844155844154,0.3313069908814591,0.3313069908814591,0.2956810631229235,0.23511904761904767,0.15873015873015867,0.20317460317460312,0.2142857142857143,0.261904761904762,0.13928571428571435,0.20146520146520142,0.2026578073089701,0.1328903654485049,0.07326007326007328,0.11428571428571432,0.05714285714285716,0.0863787375415282,0.13928571428571435,0.09726443768996962,0.08270676691729328,0.2277992277992278,0.07792207792207795,-0.05315614617940201,0.14285714285714285,0.16428571428571426,0.12337662337662336,0.01158301158301156,0.11904761904761907,5.551115123125783e-17,0.0031746031746031633,0.20364741641337392,-0.02380952380952378
0.019047619047619035,0.12049689440993788,0.13571428571428568,0.11753246753246749,0.06349206349206349,0.1992277992277992,0.18571428571428572,0.17408637873754151,0.23571428571428577,1.0,0.3596273291925466,0.49966777408637875,0.2954703832752613,0.3027355623100305,0.4066445182724252,0.18571428571428572,0.4066445182724252,0.060714285714285665,0.19635258358662622,0.12757475083056474,0.3675324675324675,0.1508305647840531,0.12321428571428572,0.24385382059800664,0.419047619047619,0.2607142857142858,0.041269841269841234,0.1247386759581881,0.27662337662337666,0.20844155844155843,0.11428571428571427,0.10238095238095235,0.1380952380952381,0.0027874564459930418,0.0027874564459930418,-0.004761904761904745,-0.03223443223443223,0.26349206349206344,0.24668989547038322,0.31986062717770036,-0.07038327526132407,0.25714285714285723,0.041269841269841234,0.09480519480519478,-0.10974025974025975,-0.047619047619047616,-0.10974025974025975,0.02613981762917933,-0.08172757475083059,-0.12823920265780733,0.08996960486322192,0.1380952380952381,0.23116883116883125,0.05826330532212887,0.24453781512605044,0.1247386759581881,0.20952380952380956,0.3368770764119602,0.4584415584415584,0.3161490683229814,0.34528875379939217,0.2857142857142857,0.34360902255639103,0.42930402930402933,0.35238095238095235,0.3675324675324675,0.1992277992277992,0.34528875379939217,0.20844155844155843,0.11124620060790275,0.19635258358662622,0.29036544850498336,0.22738095238095235,0.26349206349206344,0.39682539682539675,0.331547619047619,0.3047619047619048,0.33571428571428574,0.1985347985347985,0.10431893687707633,0.3136212624584718,0.044688644688644696,0.035714285714285754,0.14285714285714285,0.05780730897009961,-0.014285714285714235,0.08996960486322192,0.027819548872180522,0.11814671814671812,0.14025974025974025,0.05780730897009961,0.18571428571428572,0.2607142857142858,0.18571428571428572,-0.01698841698841702,0.1380952380952381,-0.04897959183673467,-0.025396825396825418,0.004863221884498503,-0.1
0.004761904761904745,0.06273291925465835,0.19642857142857145,0.12597402597402596,0.16031746031746025,0.29305019305019303,0.19642857142857145,0.20631229235880394,0.2714285714285715,0.3759740259740259,1.0,0.4156146179401992,0.23240418118466893,0.2884498480243162,0.3225913621262459,0.1464285714285714,0.3225913621262459,0.10892857142857143,0.18206686930091193,0.25282392026578066,0.3305194805194806,0.20631229235880394,0.21309523809523806,0.2993355481727575,0.3158730158730159,0.3714285714285715,0.1158730158730158,0.23240418118466893,0.2850649350649351,0.26233766233766237,0.0761904761904762,0.12976190476190474,0.1476190476190476,0.11045296167247382,0.13484320557491286,0.1476190476190476,0.15860805860805854,0.20476190476190476,0.15923344947735185,0.23240418118466893,0.06167247386759578,0.31428571428571433,0.1825396825396825,0.17142857142857143,0.012337662337662314,0.026984126984126944,0.03506493506493508,0.05440729483282675,0.04352159468438532,0.06677740863787374,0.03313069908814592,0.09999999999999998,0.14870129870129867,0.08319327731092435,0.37731092436974795,0.3055749128919861,0.19523809523809527,0.3225913621262459,0.23961038961038966,0.3670807453416149,0.26717325227963534,0.16031746031746025,0.2503759398496241,0.33809523809523806,0.3124542124542124,0.3305194805194806,0.13088803088803086,0.22462006079027358,0.21688311688311696,0.16079027355623104,0.26717325227963534,0.15980066445182722,0.2547619047619048,0.13809523809523805,0.29365079365079366,0.29642857142857143,0.33809523809523817,0.32142857142857145,0.08168498168498167,0.15980066445182722,0.2993355481727575,0.08168498168498167,-0.0035714285714285587,0.2714285714285714,0.18305647840531553,-0.0035714285714285587,0.16079027355623104,0.17142857142857143,0.23899613899613897,0.19415584415584414,-0.09601328903654488,0.02857142857142858,0.17142857142857143,0.14870129870129867,-0.05830115830115834,0.12380952380952381,0.01836734693877551,0.004761904761904745,0.09696048632218845,0.05238095238095236
-0.0404761904761905,0.1493788819875776,0.1428571428571428,0.03376623376623372,0.04841269841269835,0.20637065637065632,0.24285714285714288,0.18122923588039863,0.24285714285714288,0.48831168831168836,0.3885093167701863,1.0,0.30261324041811843,0.37370820668693006,0.48355481727574745,0.1428571428571428,0.4370431893687706,0.10952380952380947,0.246048632218845,0.11146179401993345,0.44285714285714284,0.27425249169435206,0.25535714285714284,0.3207641196013289,0.40396825396825387,0.31785714285714284,0.115079365079365,0.20505226480836236,0.3746753246753246,0.3292207792207793,0.12142857142857139,0.10952380952380947,0.07380952380952377,0.13188153310104522,0.18066202090592326,0.0976190476190476,0.051831501831501814,0.24841269841269842,0.20505226480836236,0.20505226480836236,0.00993031358885016,0.28809523809523807,0.115079365079365,0.1019480519480519,-0.05714285714285716,0.0706349206349206,0.01103896103896107,0.07583586626139815,-0.0280730897009967,0.04169435215946837,0.03328267477203645,0.14523809523809522,0.17012987012987008,0.02619047619047621,0.2810924369747899,0.20505226480836236,0.19285714285714284,0.3207641196013289,0.44285714285714284,0.4319875776397515,0.4375379939209727,0.27063492063492056,0.4033834586466166,0.539010989010989,0.43644688644688645,0.44285714285714284,0.12528957528957524,0.4162613981762918,0.26103896103896107,0.13966565349544074,0.20349544072948333,0.2975083056478405,0.2136904761904762,0.24841269841269842,0.4706349206349205,0.4011904761904762,0.3595238095238096,0.34285714285714286,0.23131868131868127,0.15797342192691022,0.3905315614617939,0.051831501831501814,0.01785714285714285,0.26428571428571423,0.13471760797342186,-0.05714285714285716,0.13966565349544074,0.11390977443609024,0.09826254826254821,0.17012987012987008,-0.051328903654485114,0.0976190476190476,0.24285714285714288,0.23831168831168836,-0.009845559845559904,0.12142857142857139,-0.021428571428571408,-0.08492063492063498,0.01200607902735562,-0.021428571428571408
-0.07063492063492069,0.05496894409937886,0.03214285714285714,0.04805194805194801,-0.00396825396825401,0.1125482625482625,0.1821428571428571,0.12574750830564774,0.1821428571428571,0.27532467532467536,0.20714285714285713,0.28853820598006635,1.0,0.4305471124620061,0.3815614617940199,0.03214285714285714,0.3815614617940199,0.12380952380952376,0.3241641337386019,0.10249169435215943,0.3435064935064936,0.14900332225913615,0.26964285714285713,0.14900332225913615,0.2182539682539682,0.1821428571428571,0.19603174603174595,0.12177700348432052,0.29805194805194807,0.16168831168831166,0.0404761904761905,0.04047619047619044,-0.0071428571428571175,0.09738675958188148,0.1461672473867595,0.1119047619047619,0.014835164835164838,0.10714285714285704,0.12177700348432052,0.1461672473867595,0.02421602787456445,0.1595238095238095,0.0849206349206349,0.09350649350649348,-0.0655844155844156,0.0849206349206349,0.11623376623376619,0.13267477203647415,-0.01378737541528241,0.03272425249169436,0.005015197568389085,0.0404761904761905,0.16168831168831166,0.06008403361344533,0.1483193277310924,0.12177700348432052,0.1119047619047619,0.21877076411960122,0.20714285714285713,0.22888198757763972,0.2603343465045593,0.5293650793650793,0.49661654135338346,0.4250915750915751,0.5276556776556776,0.3662337662337663,0.08552123552123553,0.38799392097264435,0.18441558441558437,0.11139817629179333,0.13267477203647415,0.21877076411960122,0.1863095238095238,0.2182539682539682,0.2626984126984127,0.16547619047619044,0.1833333333333333,0.2571428571428572,0.14304029304029303,0.03272425249169436,0.1722591362126245,0.11739926739926737,-0.04285714285714287,0.22142857142857136,0.07923588039867102,0.13214285714285717,0.005015197568389085,0.10187969924812029,0.03146718146718147,0.1389610389610389,-0.06029900332225918,-0.0071428571428571175,0.2571428571428572,0.11623376623376619,0.004440154440154387,0.20714285714285713,0.11530612244897959,0.0849206349206349,0.005015197568389085,-0.030952380952380953
-0.06904761904761902,0.07732919254658382,0.08928571428571436,0.02792207792207796,-0.02460317460317457,0.09671814671814671,0.18928571428571433,0.1294019933554817,0.18928571428571433,0.3233766233766235,0.29472049689441,0.4084717607973421,0.4935540069686411,1.0,0.5480066445182723,0.06428571428571433,0.47823920265780734,0.20595238095238094,0.45151975683890583,0.1294019933554817,0.5051948051948052,0.24568106312292354,0.33095238095238094,0.22242524916943524,0.3087301587301588,0.21428571428571436,0.17539682539682538,0.15209059233449473,0.4142857142857143,0.18701298701298702,0.045238095238095244,0.018452380952380998,0.021428571428571463,0.17648083623693384,0.15209059233449473,0.045238095238095244,-0.0023809523809523725,0.15317460317460313,0.15209059233449473,0.15209059233449473,-0.04303135888501741,0.18809523809523815,0.06428571428571422,0.11883116883116884,-0.10844155844155842,0.08650793650793648,0.02792207792207796,0.15364741641337393,-0.103156146179402,-0.010132890365448455,-0.016565349544072905,0.09285714285714286,0.11883116883116884,0.03683473389355746,0.1642857142857143,0.17648083623693384,0.18809523809523815,0.3154485049833888,0.27792207792207796,0.3381987577639752,0.34513677811550153,0.46428571428571414,0.5590225563909774,0.5360805860805862,0.6386446886446886,0.5051948051948052,0.09671814671814671,0.4940729483282676,0.3233766233766235,0.21747720364741646,0.21747720364741646,0.3154485049833888,0.26845238095238105,0.19761904761904764,0.33095238095238094,0.2892857142857143,0.3071428571428572,0.3642857142857144,0.10018315018315022,0.05963455149501662,0.22242524916943524,0.048901098901098894,-0.010714285714285676,0.29285714285714287,0.1294019933554817,0.014285714285714346,0.06854103343465051,0.08533834586466171,0.09671814671814671,0.09610389610389608,-0.07990033222591364,0.021428571428571463,0.21428571428571436,0.09610389610389608,-0.03841698841698843,0.18809523809523815,0.03163265306122448,-0.02460317460317457,0.025987841945288803,-0.04999999999999993
-0.08492063492063498,0.1493788819875776,0.11785714285714288,0.07922077922077919,0.003968253968253954,0.09826254826254821,0.2928571428571429,0.11146179401993345,0.19285714285714284,0.3974025974025973,0.3015527950310559,0.48355481727574745,0.4001742160278745,0.5013677811550152,1.0,0.09285714285714286,0.530066445182724,0.17202380952380952,0.3524316109422493,0.18122923588039863,0.5564935064935064,0.27425249169435206,0.2970238095238096,0.2975083056478405,0.35952380952380947,0.24285714285714288,0.18174603174603166,0.20505226480836236,0.46558441558441555,0.23831168831168836,0.12142857142857139,0.04702380952380952,0.02619047619047621,0.15627177700348427,0.18066202090592326,0.07380952380952377,0.051831501831501814,0.18174603174603166,0.20505226480836236,0.20505226480836236,0.00993031358885016,0.2404761904761905,0.115079365079365,0.1246753246753246,-0.0798701298701299,0.0706349206349206,0.01103896103896107,0.09711246200607904,-0.051328903654485114,0.01843853820598007,0.01200607902735562,0.12142857142857139,0.19285714285714284,0.06540616246498598,0.19285714285714284,0.15627177700348427,0.19285714285714284,0.3207641196013289,0.351948051948052,0.3667701863354037,0.4375379939209727,0.35952380952380947,0.5086466165413533,0.5902930402930402,0.539010989010989,0.6019480519480519,0.15231660231660227,0.5013677811550152,0.3292207792207793,0.20349544072948333,0.26732522796352587,0.3207641196013289,0.23452380952380947,0.27063492063492056,0.4261904761904761,0.3386904761904761,0.3833333333333334,0.3678571428571429,0.1543956043956043,0.04169435215946837,0.3207641196013289,0.1543956043956043,0.09285714285714286,0.26428571428571423,0.13471760797342186,-0.0071428571428571175,0.09711246200607904,0.11390977443609024,0.12528957528957524,0.14740259740259737,-0.12109634551495022,0.07380952380952377,0.2678571428571429,0.14740259740259737,-0.009845559845559904,0.14523809523809522,0.039795918367346916,0.003968253968253954,0.07583586626139815,-0.021428571428571408
0.20317460317460312,0.3229813664596274,0.26428571428571435,0.237012987012987,0.2698412698412699,0.28185328185328185,0.3392857142857143,0.17940199335548168,0.2142857142857143,0.16883116883116883,0.1273291925465838,0.1328903654485049,0.03135888501742162,0.05471124620060791,0.0863787375415282,1.0,0.1328903654485049,0.2142857142857143,0.07598784194528879,0.2026578073089701,0.12337662337662336,0.1328903654485049,0.08928571428571425,0.0863787375415282,0.22539682539682537,0.03928571428571431,0.06984126984126982,0.006968641114982577,0.032467532467532534,0.10064935064935066,0.16666666666666669,0.2142857142857143,0.14285714285714285,-0.01742160278745647,0.10452961672473865,0.07142857142857145,0.09890109890109888,0.11428571428571421,0.20209059233449472,0.20209059233449472,0.0801393728222996,0.07142857142857145,0.15873015873015867,0.055194805194805185,0.009740259740259771,-0.04126984126984129,-0.05844155844155843,-0.009118541033434624,0.10963455149501661,0.01661129568106312,0.2249240121580548,0.33333333333333337,0.3733766233766235,0.24369747899159666,0.33193277310924374,0.1289198606271777,0.23809523809523814,0.17940199335548168,0.16883116883116883,0.14906832298136646,0.09726443768996962,0.047619047619047616,0.10902255639097747,0.1501831501831502,0.07326007326007328,0.07792207792207795,0.41698841698841704,0.07598784194528879,0.032467532467532534,0.2249240121580548,0.20364741641337392,0.17940199335548168,0.17261904761904762,0.20317460317460312,0.11428571428571421,0.17261904761904762,0.09523809523809523,0.11428571428571432,0.1501831501831502,0.15614617940199332,0.06312292358803984,0.07326007326007328,0.18928571428571428,0.14285714285714285,0.01661129568106312,0.16428571428571426,0.1185410334346505,0.003759398496240629,0.17374517374517373,0.032467532467532534,0.10963455149501661,0.16666666666666669,0.18928571428571428,0.14610389610389607,0.1467181467181467,0.07142857142857145,0.020408163265306145,0.06984126984126982,0.2249240121580548,0.023809523809523836
-0.0404761904761905,0.17111801242236024,0.1428571428571428,0.07922077922077919,0.04841269841269835,0.15231660231660227,0.2678571428571429,0.22774086378737535,0.24285714285714288,0.3974025974025973,0.3015527950310559,0.4370431893687706,0.4001742160278745,0.4375379939209727,0.530066445182724,0.1428571428571428,1.0,0.23452380952380947,0.4162613981762918,0.18122923588039863,0.511038961038961,0.2975083056478405,0.3386904761904761,0.3207641196013289,0.35952380952380947,0.31785714285714284,0.27063492063492056,0.2782229965156794,0.44285714285714284,0.23831168831168836,0.0976190476190476,0.06785714285714278,0.07380952380952377,0.25383275261324034,0.2294425087108013,0.14523809523809522,0.12875457875457874,0.18174603174603166,0.2294425087108013,0.2782229965156794,0.08310104529616719,0.26428571428571435,0.2039682539682539,0.19285714285714284,-0.0344155844155844,0.0706349206349206,0.03376623376623372,0.16094224924012157,-0.004817275747508343,0.06495016611295673,-0.009270516717325206,0.169047619047619,0.19285714285714284,0.08501400560224087,0.2222689075630252,0.15627177700348427,0.2404761904761905,0.4137873754152823,0.351948051948052,0.3232919254658385,0.3524316109422493,0.35952380952380947,0.5349624060150376,0.5902930402930402,0.5133699633699633,0.511038961038961,0.20637065637065632,0.48009118541033435,0.351948051948052,0.28860182370820675,0.28860182370820675,0.3440199335548173,0.3386904761904761,0.2928571428571428,0.40396825396825387,0.31785714285714284,0.40714285714285714,0.46785714285714286,0.18003663003662995,0.01843853820598007,0.3207641196013289,0.18003663003662995,0.11785714285714288,0.3214285714285714,0.18122923588039863,0.11785714285714288,0.16094224924012157,0.2454887218045113,0.20637065637065632,0.23831168831168836,-0.12109634551495022,0.0976190476190476,0.31785714285714284,0.17012987012987008,0.07123552123552124,0.21666666666666667,0.08061224489795915,0.09285714285714275,0.09711246200607904,0.07380952380952377
-0.053968253968254,0.2658385093167702,0.38214285714285723,0.11168831168831167,0.19047619047619047,0.27876447876447874,0.30714285714285716,0.3548172757475082,0.4821428571428572,0.0662337662337662,0.1136645962732919,0.12225913621262452,0.14494773519163756,0.2103343465045593,0.19202657807308965,0.25714285714285723,0.2617940199335548,1.0,0.3167173252279636,0.3315614617940199,0.24805194805194808,0.2850498338870432,0.32380952380952377,0.16877076411960124,0.2571428571428571,0.15714285714285714,0.19047619047619047,0.16933797909407666,0.20259740259740266,0.22532467532467537,0.15714285714285714,0.19880952380952377,-0.00952380952380949,0.3400696864111499,0.21811846689895464,0.10952380952380952,0.11868131868131859,0.012698412698412653,0.12055749128919857,0.14494773519163756,0.04738675958188149,0.03809523809523807,0.14603174603174596,0.04350649350649349,0.020779220779220786,-0.009523809523809545,0.08896103896103891,0.12522796352583587,0.052491694352159446,0.12225913621262452,0.040121580547112456,0.3952380952380953,0.13441558441558438,0.1865546218487395,0.392436974789916,0.21811846689895464,0.30000000000000004,0.4013289036544849,0.17987012987012985,0.20062111801242233,0.18905775075987852,0.1015873015873015,0.18345864661654132,0.19560439560439558,0.22124542124542124,0.22532467532467537,0.25173745173745166,0.23161094224924017,0.24805194805194808,0.5294832826747722,0.3167173252279636,0.3780730897009966,0.3654761904761905,0.1015873015873015,0.14603174603174596,0.1779761904761905,0.18095238095238098,0.18214285714285716,0.11868131868131859,0.12225913621262452,0.052491694352159446,0.09304029304029304,0.13214285714285712,0.14285714285714285,0.16877076411960124,0.18214285714285716,0.10395136778115505,0.1308270676691729,0.25173745173745166,0.0662337662337662,-0.13355481727574756,0.1333333333333333,0.18214285714285716,0.08896103896103891,0.14362934362934354,0.1333333333333333,0.024489795918367308,0.012698412698412653,0.23161094224924017,0.01428571428571429
-0.09126984126984128,0.07732919254658382,0.1392857142857143,0.0051948051948051965,0.019841269841269826,0.1777992277992278,0.18928571428571433,0.1294019933554817,0.2892857142857143,0.20974025974025984,0.1860248447204969,0.26893687707641195,0.371602787456446,0.45151975683890583,0.3852159468438538,0.08928571428571436,0.4549833887043189,0.31011904761904757,1.0,0.19916943521594682,0.3915584415584416,0.3619601328903654,0.33095238095238094,0.19916943521594682,0.2642857142857143,0.1392857142857143,0.24206349206349204,0.22526132404181182,0.3006493506493508,0.18701298701298702,0.06904761904761908,-0.0023809523809523725,-0.026190476190476153,0.34721254355400705,0.22526132404181182,0.1166666666666667,0.07454212454212455,0.06428571428571422,0.12770034843205574,0.15209059233449473,0.07891986062717771,0.06904761904761908,0.08650793650793648,0.09610389610389608,0.02792207792207796,0.10873015873015868,0.09610389610389608,0.1962006079027357,0.013122923588039848,0.10614617940199333,-0.08039513677811544,0.1642857142857143,0.09610389610389608,0.03683473389355746,0.22310924369747903,0.17648083623693384,0.1642857142857143,0.29219269102990036,0.20974025974025984,0.2729813664596274,0.2600303951367782,0.3531746031746031,0.3484962406015039,0.38223443223443226,0.4335164835164835,0.3688311688311688,0.15077220077220072,0.3664133738601824,0.3006493506493508,0.2813069908814591,0.2600303951367782,0.3154485049833888,0.31011904761904757,0.13095238095238093,0.19761904761904764,0.20595238095238094,0.23571428571428582,0.2642857142857144,0.12582417582417577,0.08289036544850492,0.10614617940199333,0.07454212454212455,0.03928571428571431,0.2642857142857143,0.08289036544850492,0.08928571428571436,0.11109422492401222,0.1906015037593985,0.15077220077220072,0.050649350649350666,-0.103156146179402,0.021428571428571463,0.18928571428571433,-0.017532467532467455,-0.09247104247104249,0.1642857142857143,0.09285714285714292,0.04206349206349208,0.13237082066869305,0.06904761904761908
-0.0182539682539683,0.23633540372670803,0.2678571428571429,0.19285714285714284,0.18174603174603166,0.3415057915057915,0.31785714285714284,0.15797342192691022,0.34285714285714286,0.1246753246753246,0.23633540372670803,0.11146179401993345,0.10749128919860623,0.11838905775075986,0.18122923588039863,0.21785714285714286,0.18122923588039863,0.2970238095238096,0.18221884498480245,1.0,0.26103896103896107,0.13471760797342186,0.17202380952380952,0.20448504983388693,0.22619047619047616,0.16785714285714282,0.18174603174603166,0.20505226480836236,0.23831168831168836,0.07922077922077919,0.169047619047619,0.13035714285714284,0.04999999999999999,0.18066202090592326,0.13188153310104522,0.33571428571428574,0.25695970695970693,0.115079365079365,0.13188153310104522,0.15627177700348427,0.10749128919860623,0.07380952380952377,0.09285714285714275,0.1019480519480519,-0.011688311688311692,0.026190476190476153,0.056493506493506485,0.16094224924012157,0.15797342192691022,0.18122923588039863,0.09711246200607904,0.26428571428571435,0.21558441558441555,0.18305322128851542,0.39873949579831935,0.2294425087108013,0.14523809523809522,0.25099667774086376,0.14740259740259737,0.21459627329192543,0.18221884498480245,0.026190476190476153,0.11390977443609024,0.1543956043956043,0.10311355311355308,0.26103896103896107,0.31447876447876444,0.11838905775075986,0.21558441558441555,0.30987841945288763,0.45881458966565347,0.11146179401993345,0.25535714285714284,0.15952380952380946,0.15952380952380946,0.19285714285714284,0.28809523809523807,0.16785714285714282,0.07747252747252742,0.06495016611295673,0.13471760797342186,0.2826007326007326,0.1428571428571428,0.20714285714285707,0.15797342192691022,0.16785714285714282,0.20349544072948333,0.19285714285714284,0.4766409266409266,0.14740259740259737,-0.051328903654485114,0.12142857142857139,0.19285714285714284,0.056493506493506485,0.04420849420849421,0.19285714285714284,0.08061224489795915,0.1373015873015872,0.30987841945288763,0.21666666666666667
-0.0031746031746031633,0.18571428571428572,0.13571428571428568,0.09480519480519478,0.08571428571428563,0.17220077220077212,0.2857142857142858,0.1508305647840531,0.23571428571428577,0.3675324675324675,0.3161490683229814,0.4531561461794019,0.36864111498257846,0.47294832826747724,0.5694352159468438,0.13571428571428568,0.5229235880398669,0.22738095238095235,0.36656534954407294,0.26710963455149495,1.0,0.29036544850498336,0.28988095238095246,0.3368770764119602,0.39682539682539675,0.2607142857142858,0.1968253968253968,0.19790940766550524,0.5038961038961038,0.18571428571428572,0.09047619047619049,0.08154761904761904,0.09047619047619049,0.22229965156794418,0.19790940766550524,0.09047619047619049,0.0703296703296703,0.15238095238095234,0.17351916376306614,0.27108013937282227,0.027177700348432088,0.2333333333333334,0.13015873015873008,0.11753246753246749,-0.10974025974025975,0.041269841269841234,0.003896103896103953,0.11124620060790275,-0.03521594684385382,0.034551495016611256,0.08996960486322192,0.16190476190476188,0.20844155844155843,0.09747899159663864,0.24453781512605044,0.17351916376306614,0.20952380952380956,0.3368770764119602,0.3675324675324675,0.42484472049689437,0.3878419452887538,0.35238095238095235,0.47518796992481205,0.5831501831501831,0.5062271062271062,0.5720779220779222,0.1992277992277992,0.515501519756839,0.3675324675324675,0.28145896656534963,0.34528875379939217,0.3368770764119602,0.28988095238095246,0.26349206349206344,0.4634920634920634,0.3732142857142857,0.42380952380952386,0.4107142857142858,0.17289377289377283,0.034551495016611256,0.3601328903654485,0.17289377289377283,0.06071428571428572,0.3142857142857143,0.1508305647840531,0.010714285714285732,0.11124620060790275,0.1330827067669173,0.1992277992277992,0.16298701298701296,-0.03521594684385382,0.09047619047619049,0.2857142857142858,0.14025974025974025,0.03706563706563709,0.1380952380952381,0.01224489795918371,0.019047619047619035,0.08996960486322192,0.01904761904761909
-0.06269841269841275,0.08416149068322976,0.09285714285714286,-0.0798701298701299,0.0706349206349206,0.12528957528957524,0.16785714285714282,0.08820598006644514,0.2678571428571429,0.14740259740259737,0.19285714285714284,0.27425249169435206,0.15627177700348427,0.22477203647416422,0.27425249169435206,0.1428571428571428,0.2975083056478405,0.25535714285714284,0.3311550151975684,0.13471760797342186,0.2837662337662338,1.0,0.2970238095238096,0.2975083056478405,0.24841269841269842,0.24285714285714288,0.2039682539682539,0.30261324041811843,0.2837662337662338,0.3292207792207793,0.14523809523809522,0.06785714285714278,-0.021428571428571408,0.4001742160278745,0.3757839721254356,0.14523809523809522,0.12875457875457874,0.09285714285714275,0.20505226480836236,0.2294425087108013,0.13188153310104522,0.07380952380952377,0.115079365079365,0.1246753246753246,-0.011688311688311692,0.1373015873015872,0.14740259740259737,0.18221884498480245,0.01843853820598007,0.13471760797342186,-0.09437689969604865,0.12142857142857139,0.03376623376623372,-0.03263305322128851,0.16344537815126048,0.10749128919860623,0.0976190476190476,0.22774086378737535,0.21558441558441555,0.25807453416149073,0.26732522796352587,0.115079365079365,0.2454887218045113,0.35952380952380947,0.25695970695970693,0.2837662337662338,0.12528957528957524,0.26732522796352587,0.2837662337662338,0.26732522796352587,0.22477203647416422,0.2975083056478405,0.23452380952380947,0.2039682539682539,0.24841269841269842,0.25535714285714284,0.3119047619047619,0.2678571428571429,0.07747252747252742,0.20448504983388693,0.15797342192691022,0.1543956043956043,0.09285714285714286,0.37857142857142856,0.15797342192691022,0.1428571428571428,0.16094224924012157,0.2718045112781955,0.09826254826254821,0.21558441558441555,-0.12109634551495022,0.04999999999999999,0.21785714285714286,0.056493506493506485,0.04420849420849421,0.12142857142857139,0.1010204081632653,0.003968253968253954,0.13966565349544074,0.04999999999999999
-0.053968253968254,0.15714285714285714,0.15714285714285714,-0.024675324675324628,0.012698412698412653,0.11660231660231657,0.25714285714285723,0.23853820598006636,0.28214285714285714,0.13441558441558438,0.22236024844720503,0.2850498338870432,0.31567944250871083,0.33799392097264436,0.3315614617940199,0.1071428571428571,0.3780730897009966,0.32380952380952377,0.33799392097264436,0.19202657807308965,0.3162337662337663,0.3315614617940199,1.0,0.2850498338870432,0.14603174603174596,0.30714285714285716,0.2571428571428571,0.21811846689895464,0.3389610389610389,0.40714285714285714,0.06190476190476191,0.052976190476190455,0.03809523809523807,0.3644599303135888,0.31567944250871083,0.15714285714285714,0.11868131868131859,0.03492063492063491,0.14494773519163756,0.16933797909407666,0.07177700348432053,0.15714285714285714,0.14603174603174596,0.08896103896103891,-0.0019480519480519765,0.14603174603174596,0.22532467532467537,0.2103343465045593,0.052491694352159446,0.16877076411960124,-0.023708206686930078,0.18095238095238098,0.13441558441558438,0.06890756302521006,0.21596638655462186,0.1937282229965156,0.18095238095238098,0.3315614617940199,0.15714285714285714,0.2658385093167702,0.3167173252279636,0.27936507936507937,0.3939849624060151,0.34945054945054943,0.40073260073260075,0.3162337662337663,0.1976833976833976,0.2954407294832827,0.24805194805194808,0.27416413373860193,0.25288753799392105,0.2850498338870432,0.28214285714285714,0.19047619047619047,0.2571428571428571,0.21964285714285714,0.2761904761904762,0.30714285714285716,0.09304029304029304,0.19202657807308965,0.16877076411960124,0.14432234432234425,0.007142857142857173,0.3142857142857143,0.21528239202657806,0.2321428571428572,0.12522796352583587,0.15714285714285714,0.22471042471042468,0.20259740259740266,-0.18006644518272424,0.01428571428571429,0.20714285714285718,0.04350649350649349,0.06254826254826251,0.15714285714285714,0.14693877551020412,0.1015873015873015,0.16778115501519764,0.10952380952380952
-0.1293650793650794,0.127639751552795,0.09285714285714286,0.01103896103896107,0.04841269841269835,0.15231660231660227,0.19285714285714284,0.22774086378737535,0.2678571428571429,0.23831168831168836,0.2798136645962733,0.3207641196013289,0.15627177700348427,0.20349544072948333,0.2975083056478405,0.09285714285714286,0.3207641196013289,0.15119047619047615,0.18221884498480245,0.20448504983388693,0.3292207792207793,0.2975083056478405,0.25535714285714284,1.0,0.27063492063492056,0.4928571428571429,0.1373015873015872,0.2782229965156794,0.3974025974025973,0.23831168831168836,0.02619047619047621,0.026190476190476153,-0.021428571428571408,0.25383275261324034,0.20505226480836236,0.169047619047619,0.2056776556776556,0.0706349206349206,0.13188153310104522,0.3270034843205575,-0.03885017421602793,0.14523809523809522,0.04841269841269835,0.01103896103896107,-0.05714285714285716,0.026190476190476153,-0.0344155844155844,-0.009270516717325206,-0.07458471760797347,-0.0280730897009967,-0.030547112462006087,0.12142857142857139,0.14740259740259737,0.06540616246498598,0.19285714285714284,0.08310104529616719,0.169047619047619,0.3207641196013289,0.19285714285714284,0.23633540372670803,0.28860182370820675,0.1373015873015872,0.37706766917293244,0.35952380952380947,0.2826007326007326,0.3292207792207793,0.17934362934362924,0.26732522796352587,0.3746753246753246,0.20349544072948333,0.28860182370820675,0.27425249169435206,0.25535714285714284,0.2039682539682539,0.4484126984126984,0.4428571428571427,0.47857142857142854,0.4178571428571429,0.07747252747252742,0.15797342192691022,0.46029900332225904,0.2056776556776556,0.09285714285714286,0.40714285714285714,0.2975083056478405,0.04285714285714287,0.22477203647416422,0.2454887218045113,0.20637065637065632,0.2837662337662338,-0.19086378737541532,0.02619047619047621,0.19285714285714284,0.1019480519480519,0.09826254826254821,0.07380952380952377,-0.0010204081632653184,0.026190476190476153,0.07583586626139815,0.07380952380952377
0.07857142857142846,0.17857142857142855,0.15357142857142853,0.15584415584415579,0.07857142857142846,0.32722007722007723,0.30357142857142855,0.16694352159468434,0.3535714285714286,0.42857142857142855,0.3090062111801242,0.42275747508305633,0.23954703832752605,0.29559270516717334,0.3762458471760796,0.2535714285714286,0.3762458471760796,0.24107142857142855,0.2530395136778116,0.23671096345514947,0.40584415584415584,0.2599667774086378,0.13690476190476186,0.2832225913621262,1.0,0.2535714285714286,0.10079365079365071,0.14198606271776998,0.314935064935065,0.20129870129870125,0.17857142857142855,0.24107142857142855,0.1547619047619047,0.14198606271776998,0.14198606271776998,0.05952380952380948,0.011904761904761862,0.25634920634920627,0.28832752613240414,0.3614982578397213,-0.07752613240418124,0.25000000000000006,0.12301587301587291,0.11038961038961032,-0.07142857142857145,-0.05476190476190479,-0.04870129870129869,0.018996960486322156,-0.04235880398671099,-0.0656146179401994,0.16793313069908816,0.22619047619047622,0.17857142857142855,0.07072829131652658,0.2668067226890756,0.16637630662020897,0.17857142857142855,0.329734219269103,0.49675324675324667,0.374223602484472,0.38069908814589665,0.21190476190476187,0.3101503759398497,0.3965201465201465,0.3195970695970695,0.383116883116883,0.219111969111969,0.3168693009118541,0.24675324675324678,0.2317629179331307,0.27431610942249246,0.3529900332225913,0.19940476190476192,0.32301587301587303,0.3452380952380952,0.42857142857142844,0.32142857142857145,0.27857142857142864,0.29395604395604397,0.23671096345514947,0.2832225913621262,0.06318681318681313,0.17857142857142855,0.22142857142857136,0.07392026578073085,0.05357142857142855,0.10410334346504557,0.12593984962406013,0.16505791505791495,0.042207792207792194,0.00415282392026578,0.32142857142857145,0.30357142857142855,0.2922077922077922,0.05694980694980695,0.17857142857142855,-0.056122448979591844,-0.03253968253968259,0.10410334346504557,-0.059523809523809534
-0.08571428571428574,0.1925465838509317,0.11428571428571432,0.055194805194805185,0.06984126984126982,0.1467181467181467,0.0892857142857143,0.2956810631229235,0.23928571428571432,0.237012987012987,0.3229813664596274,0.2956810631229235,0.17770034843205573,0.18237082066869303,0.2259136212624584,0.03928571428571431,0.2956810631229235,0.13095238095238093,0.1185410334346505,0.15614617940199332,0.237012987012987,0.2259136212624584,0.25595238095238093,0.4584717607973421,0.22539682539682537,1.0,0.22539682539682537,0.3240418118466899,0.35064935064935077,0.30519480519480524,5.551115123125783e-17,0.08928571428571425,-0.047619047619047616,0.20209059233449472,0.2752613240418118,0.19047619047619047,0.25274725274725274,0.09206349206349207,0.10452961672473865,0.2752613240418118,0.05574912891986067,0.2142857142857143,0.18095238095238092,0.07792207792207795,-0.012987012987012936,0.06984126984126982,0.07792207792207795,0.05471124620060791,-0.02990033222591365,0.01661129568106312,-0.03039513677811545,0.16666666666666669,0.07792207792207795,0.10644257703081234,0.15546218487394958,0.1289198606271777,0.19047619047619047,0.31893687707641194,0.16883116883116883,0.2142857142857143,0.26747720364741645,0.13650793650793647,0.34586466165413543,0.3296703296703297,0.25274725274725274,0.2597402597402598,0.1467181467181467,0.2249240121580548,0.28246753246753253,0.18237082066869303,0.2249240121580548,0.2259136212624584,0.25595238095238093,0.20317460317460312,0.38095238095238093,0.38095238095238093,0.4047619047619049,0.4392857142857144,0.07326007326007328,0.10963455149501661,0.41196013289036537,0.17582417582417575,0.13928571428571435,0.4,0.36544850498338877,0.13928571428571435,0.24620060790273568,0.2669172932330828,0.2277992277992278,0.35064935064935077,-0.1926910299003322,0.023809523809523836,0.16428571428571426,0.14610389610389607,0.17374517374517373,0.07142857142857145,0.08163265306122447,0.09206349206349207,0.05471124620060791,0.09523809523809523
-0.010317460317460336,0.09161490683229806,0.10357142857142859,-0.00324675324675322,-0.05476190476190479,0.13803088803088798,0.1285714285714285,0.00415282392026578,0.10357142857142859,0.042207792207792194,0.11335403726708071,0.12043189368770757,0.215156794425087,0.16793313069908816,0.19019933554817264,0.07857142857142857,0.2832225913621262,0.17857142857142855,0.2317629179331307,0.19019933554817264,0.20129870129870125,0.21345514950166106,0.24107142857142855,0.14368770764119593,0.10079365079365071,0.2535714285714286,1.0,0.3858885017421602,0.20129870129870125,0.24675324675324678,-0.0357142857142857,0.011904761904761862,-0.0357142857142857,0.33710801393728224,0.4834494773519163,0.3690476190476191,0.3965201465201465,0.056349206349206316,0.19076655052264807,0.16637630662020897,0.33710801393728224,0.13095238095238093,0.25634920634920627,0.22402597402597407,0.11038961038961032,0.32301587301587303,0.383116883116883,0.38069908814589665,0.2832225913621262,0.3064784053156146,-0.1299392097264438,0.13095238095238093,0.0649350649350649,0.03151260504201675,0.2079831932773109,0.14198606271776998,-0.0357142857142857,0.12043189368770757,0.0649350649350649,0.06987577639751547,0.10410334346504557,0.14523809523809517,0.2575187969924812,0.24267399267399264,0.21703296703296698,0.22402597402597407,0.219111969111969,0.16793313069908816,0.17857142857142855,0.14665653495440728,0.2317629179331307,0.16694352159468434,0.15773809523809523,0.14523809523809517,0.14523809523809517,0.11607142857142855,0.22619047619047622,0.2535714285714286,-0.013736263736263743,-0.04235880398671099,0.12043189368770757,0.42216117216117216,0.20357142857142857,0.36428571428571427,0.39950166112956803,0.32857142857142857,0.27431610942249246,0.36278195488721815,0.32722007722007723,0.2922077922077922,-0.22840531561461797,-0.011904761904761918,0.20357142857142857,0.0649350649350649,0.19208494208494203,0.2738095238095238,0.39285714285714285,0.3674603174603173,0.16793313069908816,0.2738095238095238
-0.04841269841269846,0.07670807453416145,0.13214285714285717,0.04805194805194801,0.018253968253968245,0.13957528957528953,0.10714285714285715,0.03272425249169436,0.15714285714285708,0.11623376623376619,0.20714285714285713,0.19551495016611292,0.12177700348432052,0.13267477203647415,0.19551495016611292,0.007142857142857173,0.26528239202657805,0.14464285714285713,0.19650455927051674,0.19551495016611292,0.18441558441558437,0.28853820598006635,0.1863095238095238,0.26528239202657805,0.1293650793650793,0.33214285714285713,0.3515873015873016,1.0,0.25259740259740265,0.25259740259740265,0.0404761904761905,-0.0011904761904761862,-0.05476190476190479,0.34128919860627177,0.34128919860627177,0.30238095238095236,0.4250915750915751,0.0849206349206349,0.19494773519163755,0.1461672473867595,0.21933797909407665,0.1595238095238095,0.19603174603174595,0.22987012987012984,0.09350649350649348,0.2626984126984127,0.20714285714285713,0.2390577507598785,0.1722591362126245,0.19551495016611292,-0.18647416413373863,0.06428571428571428,0.09350649350649348,0.06008403361344533,0.17773109243697477,0.1461672473867595,-0.030952380952380953,0.12574750830564774,0.11623376623376619,0.1419254658385093,0.17522796352583586,0.06269841269841264,0.2334586466165413,0.24560439560439556,0.16868131868131858,0.22987012987012984,0.1125482625482625,0.15395136778115504,0.29805194805194807,0.15395136778115504,0.2390577507598785,0.12574750830564774,0.1863095238095238,0.1515873015873015,0.2182539682539682,0.24880952380952376,0.3261904761904762,0.2821428571428572,0.11739926739926737,0.009468438538205948,0.19551495016611292,0.3481684981684981,0.2571428571428572,0.36428571428571427,0.3350498338870432,0.15714285714285708,0.3241641337386019,0.49661654135338346,0.22065637065637062,0.27532467532467536,-0.13006644518272426,-0.0071428571428571175,0.20714285714285713,0.09350649350649348,0.0584942084942085,0.27857142857142864,0.23775510204081635,0.24047619047619045,0.09012158054711245,0.27857142857142864
-0.0920634920634921,0.14223602484472048,0.08571428571428574,0.04935064935064937,0.041269841269841234,0.14517374517374515,0.18571428571428572,0.1508305647840531,0.2607142857142858,0.27662337662337666,0.2726708074534162,0.3833887043189368,0.31986062717770036,0.3878419452887538,0.47641196013289033,0.035714285714285754,0.4531561461794019,0.18571428571428572,0.28145896656534963,0.24385382059800664,0.5038961038961038,0.29036544850498336,0.3107142857142857,0.4066445182724252,0.30793650793650795,0.3857142857142858,0.1968253968253968,0.27108013937282227,1.0,0.23116883116883125,0.04285714285714287,0.039880952380952406,-0.028571428571428525,0.24668989547038322,0.22229965156794418,0.20952380952380956,0.17289377289377283,0.13015873015873008,0.19790940766550524,0.22229965156794418,0.027177700348432088,0.2333333333333334,0.10793650793650789,0.09480519480519478,-0.06428571428571428,0.08571428571428563,0.026623376623376604,0.08996960486322192,-0.05847176079734223,0.05780730897009961,-0.016413373860182323,0.11428571428571427,0.14025974025974025,0.05826330532212887,0.18571428571428572,0.05156794425087102,0.18571428571428572,0.3368770764119602,0.25389610389610395,0.3161490683229814,0.34528875379939217,0.2857142857142857,0.47518796992481205,0.5062271062271062,0.48058608058608054,0.5266233766233767,0.09111969111969109,0.47294832826747724,0.412987012987013,0.2176291793313071,0.28145896656534963,0.24385382059800664,0.22738095238095235,0.26349206349206344,0.4634920634920634,0.35238095238095235,0.5428571428571428,0.3857142857142858,0.09597069597069596,0.05780730897009961,0.3833887043189368,0.22417582417582416,0.13571428571428568,0.34285714285714286,0.26710963455149495,0.035714285714285754,0.19635258358662622,0.18571428571428572,0.1992277992277992,0.25389610389610395,-0.15149501661129566,0.04285714285714287,0.21071428571428574,0.14025974025974025,0.03706563706563709,0.1380952380952381,0.0326530612244898,0.019047619047619035,0.06869300911854104,0.04285714285714287
-0.025396825396825418,0.12049689440993788,0.21071428571428574,-0.06428571428571428,0.041269841269841234,0.17220077220077212,0.11071428571428577,0.1508305647840531,0.2607142857142858,0.20844155844155843,0.2509316770186336,0.3368770764119602,0.17351916376306614,0.17507598784194534,0.24385382059800664,0.11071428571428577,0.24385382059800664,0.2065476190476191,0.17507598784194534,0.08106312292358803,0.18571428571428572,0.3368770764119602,0.3732142857142857,0.24385382059800664,0.1968253968253968,0.33571428571428574,0.2412698412698413,0.27108013937282227,0.23116883116883125,1.0,0.06666666666666665,0.12321428571428572,0.04285714285714287,0.27108013937282227,0.3442508710801394,0.1380952380952381,0.14725274725274717,0.15238095238095234,0.24668989547038322,0.22229965156794418,0.14912891986062715,0.2333333333333334,0.21904761904761905,0.11753246753246749,0.07207792207792207,0.2412698412698413,0.29935064935064937,0.19635258358662622,0.10431893687707633,0.17408637873754151,-0.05896656534954403,0.16190476190476188,0.07207792207792207,0.01904761904761909,0.30336134453781516,0.1247386759581881,0.11428571428571427,0.24385382059800664,0.25389610389610395,0.2509316770186336,0.3240121580547113,0.10793650793650789,0.2646616541353384,0.30109890109890114,0.2754578754578755,0.23116883116883125,0.06409266409266412,0.19635258358662622,0.16298701298701296,0.13252279635258363,0.17507598784194534,0.12757475083056474,0.18571428571428572,0.15238095238095234,0.21904761904761905,0.2690476190476191,0.20952380952380956,0.23571428571428577,0.09597069597069596,0.24385382059800664,0.12757475083056474,0.09597069597069596,0.13571428571428568,0.19999999999999996,0.22059800664451823,0.18571428571428572,0.19635258358662622,0.18571428571428572,0.11814671814671812,0.23116883116883125,-0.15149501661129566,0.04285714285714287,0.23571428571428577,0.07207792207792207,0.06409266409266412,0.11428571428571427,0.15510204081632656,0.019047619047619035,0.08996960486322192,0.01904761904761909
0.011111111111111127,0.11304347826086952,0.175,0.10909090909090907,0.16666666666666663,0.15945945945945944,0.25000000000000006,0.0720930232558139,0.2,0.10909090909090907,0.06956521739130433,0.11860465116279062,0.04146341463414638,0.04042553191489362,0.11860465116279062,0.175,0.09534883720930232,0.1375,0.0617021276595745,0.1651162790697674,0.08636363636363636,0.14186046511627903,0.054166666666666696,0.025581395348837244,0.16666666666666663,5.551115123125783e-17,-0.033333333333333326,0.04146341463414638,0.040909090909090895,0.06363636363636366,1.0,0.15833333333333333,0.12857142857142856,0.1146341463414634,-0.007317073170731714,0.009523809523809545,-0.09487179487179487,0.3,0.3097560975609756,0.017073170731707332,0.017073170731707332,0.1523809523809524,0.07777777777777778,0.06363636363636366,-0.04999999999999999,-0.05555555555555558,-0.04999999999999999,0.04042553191489362,-0.020930232558139528,0.025581395348837244,0.12553191489361704,0.12857142857142856,0.13181818181818178,0.052941176470588214,0.1411764705882353,0.1146341463414634,0.1523809523809524,0.14186046511627903,0.2,0.2217391304347826,0.14680851063829792,-0.011111111111111127,0.068421052631579,0.16153846153846146,0.11025641025641025,0.10909090909090907,0.07837837837837841,0.10425531914893621,0.10909090909090907,0.12553191489361704,0.04042553191489362,0.1651162790697674,0.11666666666666664,0.14444444444444438,0.055555555555555525,0.054166666666666696,0.03333333333333338,5.551115123125783e-17,0.341025641025641,0.11860465116279062,-0.020930232558139528,0.0076923076923077205,0.14999999999999997,-0.07142857142857142,-0.11395348837209304,-0.04999999999999999,-0.04468085106382974,0.015789473684210575,-0.05675675675675679,-0.07272727272727272,0.0720930232558139,0.2,0.12500000000000006,0.24545454545454554,-0.0027027027027027306,0.10476190476190478,-0.09591836734693876,-0.0777777777777778,0.10425531914893621,-0.08571428571428572
0.12380952380952376,0.22236024844720503,0.2321428571428572,0.15714285714285714,0.1015873015873015,0.3328185328185328,0.18214285714285716,0.21528239202657806,0.25714285714285723,0.11168831168831167,0.13540372670807455,0.12225913621262452,0.04738675958188149,0.01884498480243163,0.052491694352159446,0.25714285714285723,0.07574750830564775,0.19880952380952377,-0.0024316109422492516,0.14551495016611293,0.08896103896103891,0.07574750830564775,0.052976190476190455,0.029235880398671032,0.2571428571428571,0.1071428571428571,0.012698412698412653,-0.0013937282229964931,0.04350649350649349,0.13441558441558438,0.18095238095238098,1.0,0.2047619047619048,-0.02578397212543554,0.09616724738675952,0.03809523809523807,0.06739926739926738,0.2571428571428571,0.1937282229965156,0.12055749128919857,0.022996515679442442,0.15714285714285714,0.21269841269841272,0.13441558441558438,0.08896103896103891,-0.031746031746031744,0.020779220779220786,0.040121580547112456,0.12225913621262452,0.052491694352159446,0.33799392097264436,0.22857142857142865,0.04350649350649349,0.14733893557422972,0.30420168067226894,0.14494773519163756,0.1333333333333333,0.16877076411960124,0.22532467532467537,0.17888198757763973,0.14650455927051675,0.012698412698412653,-0.0007518796992480592,0.11868131868131859,0.06739926739926738,0.08896103896103891,0.11660231660231657,0.08267477203647416,-0.024675324675324628,0.14650455927051675,0.16778115501519764,0.16877076411960124,0.052976190476190455,0.12380952380952376,0.0793650793650793,0.09464285714285714,0.03809523809523807,0.1071428571428571,0.2468864468864469,0.2850498338870432,-0.017275747508305628,-0.06080586080586081,0.20714285714285718,-0.1142857142857143,0.005980066445182675,0.1071428571428571,-0.0024316109422492516,0.0518796992481203,0.06254826254826251,-0.024675324675324628,0.029235880398671032,0.419047619047619,0.2321428571428572,0.3162337662337663,0.17065637065637063,0.10952380952380952,-0.09795918367346937,-0.0761904761904762,0.14650455927051675,-0.057142857142857106
0.14444444444444438,0.026086956521739146,0.07500000000000001,0.06363636363636366,-0.033333333333333326,0.07837837837837841,0.12500000000000006,0.025581395348837244,-0.04999999999999999,0.13181818181818178,0.13478260869565217,0.0720930232558139,-0.007317073170731714,0.019148936170212794,0.025581395348837244,0.14999999999999997,0.0720930232558139,-0.008333333333333304,-0.023404255319148914,0.048837209302325546,0.08636363636363636,-0.020930232558139528,0.033333333333333326,-0.020930232558139528,0.14444444444444438,-0.04999999999999999,-0.033333333333333326,-0.05609756097560978,-0.027272727272727226,0.040909090909090895,0.12857142857142856,0.1791666666666667,1.0,-0.05609756097560978,-0.0804878048780488,-0.014285714285714235,0.033333333333333326,0.23333333333333334,0.21219512195121953,0.18780487804878043,-0.007317073170731714,0.1523809523809524,0.09999999999999992,0.08636363636363636,0.018181818181818243,-0.10000000000000003,-0.027272727272727226,-0.023404255319148914,0.0023255813953488302,0.0023255813953488302,0.2106382978723405,0.03333333333333338,0.040909090909090895,-0.00588235294117645,0.11176470588235299,0.09024390243902436,0.05714285714285716,0.0023255813953488302,0.13181818181818178,0.13478260869565217,0.12553191489361704,-0.011111111111111127,-0.010526315789473661,0.0076923076923077205,-0.01794871794871794,0.06363636363636366,0.1324324324324324,-0.023404255319148914,-0.027272727272727226,0.04042553191489362,0.0617021276595745,0.025581395348837244,0.012500000000000011,0.07777777777777778,0.011111111111111127,0.07499999999999996,-0.014285714285714235,5.551115123125783e-17,0.21282051282051279,0.09534883720930232,0.0023255813953488302,0.0076923076923077205,0.12500000000000006,0.01428571428571429,-0.09069767441860468,-0.07500000000000001,0.019148936170212794,-0.06315789473684211,0.07837837837837841,-0.027272727272727226,0.11860465116279062,0.24761904761904768,0.2,0.08636363636363636,0.024324324324324353,0.05714285714285716,-0.136734693877551,-0.011111111111111127,0.0617021276595745,0.009523809523809545
-0.11507936507936511,0.05496894409937886,0.10714285714285715,-0.04285714285714287,-0.00396825396825401,0.1125482625482625,0.1821428571428571,0.055980066445182664,0.23214285714285715,0.0025974025974025983,0.09844720496894405,0.12574750830564774,0.09738675958188148,0.15395136778115504,0.14900332225913615,-0.01785714285714285,0.24202657807308964,0.2904761904761905,0.30288753799392104,0.1722591362126245,0.20714285714285713,0.3815614617940199,0.31130952380952387,0.24202657807308964,0.1293650793650793,0.20714285714285713,0.3071428571428571,0.34128919860627177,0.22987012987012984,0.25259740259740265,0.1119047619047619,-0.022023809523809557,-0.05476190476190479,1.0,0.34128919860627177,0.20714285714285713,0.2199633699633699,0.018253968253968245,0.19494773519163755,0.12177700348432052,0.19494773519163755,0.08809523809523806,0.10714285714285704,0.09350649350649348,0.02532467532467536,0.1515873015873015,0.22987012987012984,0.2603343465045593,0.10249169435215943,0.24202657807308964,-0.1439209726443769,0.1119047619047619,0.04805194805194801,0.020868347338935556,0.1483193277310924,0.17055749128919856,0.0404761904761905,0.14900332225913615,0.11623376623376619,0.18540372670807453,0.13267477203647415,0.06269841269841264,0.1545112781954887,0.16868131868131858,0.14304029304029303,0.20714285714285713,0.13957528957528953,0.19650455927051674,0.27532467532467536,0.21778115501519762,0.21778115501519762,0.19551495016611292,0.20714285714285713,0.10714285714285704,0.1293650793650793,0.14464285714285713,0.1833333333333333,0.1821428571428571,0.0661172161172161,0.10249169435215943,0.10249169435215943,0.19432234432234424,0.08214285714285713,0.2785714285714285,0.19551495016611292,0.13214285714285717,0.17522796352583586,0.31240601503759396,0.19362934362934353,0.11623376623376619,-0.15332225913621264,-0.0071428571428571175,0.13214285714285717,0.04805194805194801,-0.04961389961389967,0.13571428571428568,0.13571428571428573,0.1293650793650793,0.11139817629179333,0.20714285714285713
0.018253968253968245,0.09844720496894405,0.05714285714285716,-0.02012987012987011,-0.02619047619047621,0.08552123552123553,0.13214285714285717,0.055980066445182664,0.10714285714285715,0.0025974025974025983,0.12018633540372664,0.1722591362126245,0.1461672473867595,0.13267477203647415,0.1722591362126245,0.10714285714285715,0.21877076411960122,0.1863095238095238,0.19650455927051674,0.12574750830564774,0.18441558441558437,0.3583056478405316,0.26964285714285713,0.19551495016611292,0.1293650793650793,0.2821428571428572,0.4404761904761904,0.34128919860627177,0.20714285714285713,0.3207792207792208,-0.0071428571428571175,0.08214285714285707,-0.0785714285714286,0.34128919860627177,1.0,0.3261904761904762,0.32252747252747255,0.018253968253968245,0.12177700348432052,0.1461672473867595,0.26811846689895463,0.1833333333333333,0.3071428571428571,0.11623376623376619,0.04805194805194801,0.28492063492063485,0.3435064935064936,0.2603343465045593,0.24202657807308964,0.26528239202657805,-0.10136778115501521,0.1119047619047619,0.04805194805194801,0.020868347338935556,0.1189075630252101,0.07299651567944243,0.016666666666666663,0.14900332225913615,0.04805194805194801,0.1419254658385093,0.17522796352583586,0.0849206349206349,0.20714285714285713,0.24560439560439556,0.16868131868131858,0.18441558441558437,0.19362934362934353,0.15395136778115504,0.20714285714285713,0.15395136778115504,0.19650455927051674,0.19551495016611292,0.1863095238095238,0.17380952380952375,0.17380952380952375,0.1863095238095238,0.2547619047619048,0.3071428571428572,0.014835164835164838,0.055980066445182664,0.14900332225913615,0.2968864468864469,0.15714285714285708,0.42142857142857143,0.31179401993355477,0.33214285714285713,0.2390577507598785,0.33872180451127826,0.2476833976833976,0.27532467532467536,-0.19983388704318938,0.016666666666666663,0.20714285714285713,0.09350649350649348,0.19362934362934353,0.13571428571428568,0.27857142857142864,0.19603174603174595,0.09012158054711245,0.23095238095238096
-0.011111111111111127,0.15652173913043477,0.175,-0.004545454545454519,0.033333333333333326,0.24054054054054047,0.175,0.048837209302325546,0.175,-0.004545454545454519,0.13478260869565217,0.09534883720930232,0.1146341463414634,0.04042553191489362,0.0720930232558139,0.07500000000000001,0.14186046511627903,0.09583333333333333,0.10425531914893621,0.32790697674418606,0.08636363636363636,0.14186046511627903,0.1375,0.1651162790697674,0.055555555555555525,0.2,0.3444444444444445,0.3097560975609756,0.2,0.13181818181818178,0.009523809523809545,0.033333333333333326,-0.014285714285714235,0.21219512195121953,0.33414634146341465,1.0,0.4692307692307692,0.07777777777777778,0.1390243902439024,0.04146341463414638,0.3585365853658537,0.08095238095238094,0.16666666666666663,0.15454545454545454,0.06363636363636366,0.23333333333333334,0.26818181818181824,0.2957446808510639,0.32790697674418606,0.3511627906976745,-0.04468085106382974,0.1523809523809524,0.06363636363636366,0.11176470588235293,0.2882352941176471,0.16341463414634144,-0.014285714285714235,0.0720930232558139,-0.004545454545454519,0.06956521739130433,0.04042553191489362,-0.011111111111111127,0.068421052631579,0.11025641025641025,0.08461538461538459,0.13181818181818178,0.1324324324324324,0.04042553191489362,0.13181818181818178,0.10425531914893621,0.2319148936170214,0.025581395348837244,0.11666666666666664,0.12222222222222218,0.12222222222222218,0.11666666666666664,0.24761904761904768,0.175,0.0076923076923077205,-0.04418604651162794,0.09534883720930232,0.3923076923076923,0.12500000000000006,0.2714285714285714,0.30465116279069765,0.22500000000000003,0.3382978723404256,0.33157894736842114,0.40270270270270275,0.26818181818181824,-0.16046511627906976,0.009523809523809545,0.175,0.040909090909090895,0.05135135135135138,0.17619047619047618,0.2714285714285715,0.32222222222222224,0.25319148936170216,0.36666666666666675
0.07698412698412693,0.11273291925465834,0.17142857142857137,0.08506493506493507,0.054761904761904734,0.15386100386100382,0.09642857142857142,0.04700996677740865,0.07142857142857145,-0.02857142857142858,0.13447204968944093,0.04700996677740865,0.014111498257839694,-0.0019756838905775065,0.04700996677740865,0.09642857142857142,0.11677740863787373,0.09642857142857136,0.06185410334346503,0.23305647840531551,0.0623376623376623,0.11677740863787373,0.09642857142857136,0.1865448504983388,0.01031746031746028,0.24642857142857144,0.34365079365079365,0.40435540069686415,0.1532467532467532,0.13051948051948048,-0.08809523809523812,0.054761904761904734,0.030952380952380953,0.20923344947735184,0.30679442508710797,0.4357142857142857,1.0,0.054761904761904734,0.08728222996515672,0.06289198606271779,0.30679442508710797,0.1738095238095238,0.18809523809523804,0.17597402597402595,0.17597402597402595,0.25476190476190474,0.19870129870129866,0.23206686930091192,0.3725913621262459,0.32607973421926906,-0.08708206686930092,0.10238095238095235,0.03961038961038965,0.09397759103641457,0.22142857142857142,0.1604529616724738,-0.016666666666666663,0.04700996677740865,-0.005844155844155818,0.004037267080745366,0.019300911854103375,-0.0563492063492064,0.06353383458646622,0.0804029304029304,0.02912087912087913,0.10779220779220777,0.15386100386100382,0.019300911854103375,0.1532467532467532,0.12568389057750762,0.21079027355623103,0.023754152823920238,0.13809523809523805,0.054761904761904734,0.12142857142857133,0.13809523809523805,0.24523809523809526,0.22142857142857142,-0.022161172161172193,-0.022757475083056533,0.16328903654485044,0.38809523809523805,0.2964285714285715,0.3214285714285714,0.3958471760797342,0.14642857142857146,0.48738601823708205,0.405639097744361,0.3971042471042471,0.24415584415584413,-0.13903654485049835,0.007142857142857173,0.14642857142857146,0.0623376623376623,0.18088803088803085,0.1738095238095238,0.2724489795918368,0.29920634920634914,0.21079027355623103,0.411904761904762
0.18968253968253962,0.11335403726708071,0.15357142857142853,0.08766233766233761,0.07857142857142846,0.30019305019305015,0.15357142857142853,0.07392026578073085,0.1285714285714285,0.2694805194805195,0.20031055900621114,0.2599667774086378,0.11759581881533093,0.14665653495440728,0.19019933554817264,0.1285714285714285,0.19019933554817264,0.011904761904761862,0.061550151975683864,0.12043189368770757,0.15584415584415579,0.09717607973421916,0.03273809523809523,0.07392026578073085,0.25634920634920627,0.10357142857142859,0.056349206349206316,0.09320557491289194,0.13311688311688308,0.15584415584415579,0.32142857142857145,0.24107142857142855,0.25000000000000006,0.020034843205574915,0.020034843205574915,0.08333333333333331,0.06318681318681313,1.0,0.45905923344947724,0.14198606271776998,0.14198606271776998,0.3452380952380953,0.21190476190476187,0.24675324675324678,0.042207792207792194,0.056349206349206316,0.01948051948051943,0.12537993920972645,0.09717607973421916,0.07392026578073085,0.08282674772036475,0.1547619047619047,0.08766233766233761,0.07072829131652658,0.2668067226890756,0.19076655052264807,0.13095238095238093,0.16694352159468434,0.314935064935065,0.22204968944099374,0.21048632218844993,0.056349206349206316,0.1522556390977443,0.21703296703296698,0.19139194139194132,0.20129870129870125,0.08397683397683392,0.14665653495440728,0.08766233766233761,0.04027355623100304,0.10410334346504557,0.027408637873754083,0.05357142857142849,0.23412698412698413,0.12301587301587291,0.15773809523809523,0.13095238095238093,0.1285714285714285,0.29395604395604397,0.16694352159468434,0.05066445182724244,0.011904761904761862,0.27857142857142864,0.021428571428571408,-0.019102990033222633,-0.04642857142857143,0.08282674772036475,0.12593984962406013,0.11100386100386095,0.0649350649350649,0.14368770764119593,0.2738095238095238,0.3535714285714286,0.314935064935065,0.02992277992277992,0.25000000000000006,-0.0357142857142857,-0.03253968253968259,0.12537993920972645,-0.0357142857142857
0.1293650793650793,0.12018633540372664,0.15714285714285708,0.07077922077922078,0.04047619047619044,0.27471042471042467,0.2571428571428572,0.03272425249169436,0.15714285714285708,0.22987012987012984,0.1419254658385093,0.19551495016611292,0.12177700348432052,0.13267477203647415,0.19551495016611292,0.20714285714285713,0.21877076411960122,0.10297619047619044,0.11139817629179333,0.12574750830564774,0.16168831168831166,0.19551495016611292,0.12380952380952376,0.12574750830564774,0.2626984126984127,0.10714285714285715,0.17380952380952375,0.19494773519163755,0.18441558441558437,0.22987012987012984,0.30238095238095236,0.16547619047619044,0.20714285714285713,0.19494773519163755,0.12177700348432052,0.13571428571428568,0.09175824175824171,0.41825396825396816,1.0,0.26811846689895463,0.17055749128919856,0.2547619047619048,0.19603174603174595,0.22987012987012984,0.02532467532467536,0.0849206349206349,0.04805194805194801,0.11139817629179333,0.07923588039867102,0.10249169435215943,0.02629179331306991,0.1595238095238095,0.16168831168831166,0.07969187675070027,0.26596638655462185,0.12177700348432052,0.08809523809523806,0.12574750830564774,0.29805194805194807,0.18540372670807453,0.19650455927051674,0.04047619047619044,0.20714285714285713,0.2199633699633699,0.16868131868131858,0.20714285714285713,0.16660231660231656,0.15395136778115504,0.18441558441558437,0.09012158054711245,0.15395136778115504,0.12574750830564774,0.08214285714285707,0.3071428571428571,0.1293650793650793,0.1863095238095238,0.1833333333333333,0.13214285714285717,0.24560439560439556,0.12574750830564774,0.07923588039867102,0.16868131868131858,0.2571428571428572,0.13571428571428568,0.03272425249169436,0.05714285714285716,0.11139817629179333,0.12819548872180453,0.08552123552123553,0.09350649350649348,0.055980066445182664,0.2547619047619048,0.4321428571428572,0.27532467532467536,0.004440154440154387,0.2547619047619048,0.0744897959183673,0.0849206349206349,0.13267477203647415,0.0404761904761905
0.1293650793650793,0.12018633540372664,0.13214285714285717,0.11623376623376619,0.06269841269841264,0.16660231660231656,0.2571428571428572,0.1722591362126245,0.23214285714285715,0.29805194805194807,0.20714285714285713,0.19551495016611292,0.1461672473867595,0.13267477203647415,0.19551495016611292,0.20714285714285713,0.26528239202657805,0.12380952380952376,0.13267477203647415,0.14900332225913615,0.25259740259740265,0.21877076411960122,0.14464285714285713,0.31179401993355477,0.32936507936507936,0.2821428571428572,0.1515873015873015,0.1461672473867595,0.20714285714285713,0.20714285714285713,0.016666666666666663,0.10297619047619044,0.1833333333333333,0.12177700348432052,0.1461672473867595,0.0404761904761905,0.0661172161172161,0.1293650793650793,0.26811846689895463,1.0,0.048606271777003496,0.23095238095238096,0.19603174603174595,0.07077922077922078,-0.0655844155844156,-0.04841269841269846,0.0025974025974025983,0.005015197568389085,-0.08355481727574757,-0.06029900332225918,0.04756838905775074,0.1595238095238095,0.3207792207792208,0.09929971988795516,0.17773109243697477,0.07299651567944243,0.20714285714285713,0.26528239202657805,0.3207792207792208,0.18540372670807453,0.2603343465045593,0.1515873015873015,0.2334586466165413,0.24560439560439556,0.16868131868131858,0.22987012987012984,0.3828185328185328,0.19650455927051674,0.25259740259740265,0.19650455927051674,0.2390577507598785,0.24202657807308964,0.1863095238095238,0.3515873015873016,0.2626984126984127,0.31130952380952387,0.30238095238095236,0.3071428571428572,0.11739926739926737,0.12574750830564774,0.26528239202657805,0.24560439560439556,0.13214285714285717,0.2785714285714285,0.07923588039867102,0.13214285714285717,0.09012158054711245,0.10187969924812029,0.13957528957528953,0.25259740259740265,0.055980066445182664,0.1595238095238095,0.3821428571428572,0.09350649350649348,0.08552123552123553,0.1595238095238095,0.013265306122448972,0.1293650793650793,0.09012158054711245,0.016666666666666663
0.10714285714285704,0.07670807453416145,0.1821428571428571,0.02532467532467536,0.04047619047619044,0.19362934362934353,0.15714285714285708,-0.037043189368770824,0.08214285714285713,-0.0655844155844156,0.05496894409937886,0.009468438538205948,0.02421602787456445,-0.03753799392097262,0.009468438538205948,0.08214285714285713,0.07923588039867102,0.04047619047619044,0.06884498480243162,0.10249169435215943,0.02532467532467536,0.12574750830564774,0.061309523809523814,-0.037043189368770824,-0.07063492063492069,0.05714285714285716,0.3071428571428571,0.21933797909407665,0.02532467532467536,0.1389610389610389,0.016666666666666663,0.01964285714285713,-0.0071428571428571175,0.19494773519163755,0.26811846689895463,0.35000000000000003,0.32252747252747255,0.1293650793650793,0.17055749128919856,0.048606271777003496,1.0,0.1119047619047619,0.32936507936507936,0.29805194805194807,0.18441558441558437,0.3515873015873016,0.3889610389610389,0.3667173252279636,0.3815614617940199,0.4745847176079733,-0.08009118541033436,0.08809523809523806,0.02532467532467536,0.06008403361344533,0.2365546218487395,0.19494773519163755,-0.05476190476190479,-0.06029900332225918,-0.02012987012987011,0.01149068322981367,-0.03753799392097262,-0.04841269841269846,-0.02969924812030078,0.014835164835164838,-0.010805860805860823,0.02532467532467536,0.13957528957528953,-0.016261398176291797,0.02532467532467536,0.06884498480243162,0.04756838905775074,-0.06029900332225918,0.01964285714285713,0.0849206349206349,-0.07063492063492069,-0.04285714285714287,0.0404761904761905,0.007142857142857173,-0.036446886446886484,-0.10681063122923593,-0.037043189368770824,0.32252747252747255,0.15714285714285708,0.13571428571428568,0.14900332225913615,0.20714285714285713,0.19650455927051674,0.2597744360902256,0.16660231660231656,0.18441558441558437,-0.10681063122923593,-0.05476190476190479,0.15714285714285708,0.04805194805194801,0.0584942084942085,0.23095238095238096,0.33979591836734696,0.32936507936507936,0.2390577507598785,0.3261904761904762
0.16666666666666663,0.13478260869565217,0.10000000000000003,0.2,0.09999999999999992,0.1324324324324324,0.175,0.11860465116279062,0.050000000000000044,0.24545454545454554,0.2869565217391305,0.28139534883720924,0.16341463414634144,0.16808510638297874,0.23488372093023252,0.07500000000000001,0.25813953488372093,0.033333333333333326,0.0617021276595745,0.0720930232558139,0.22272727272727272,0.0720930232558139,0.1375,0.14186046511627903,0.23333333333333334,0.22500000000000003,0.12222222222222218,0.16341463414634144,0.22272727272727272,0.22272727272727272,0.1523809523809524,0.1375,0.1523809523809524,0.09024390243902436,0.18780487804878043,0.08095238095238094,0.18717948717948713,0.32222222222222224,0.2609756097560975,0.23658536585365847,0.1146341463414634,1.0,0.3,0.2,0.10909090909090907,0.12222222222222218,0.06363636363636366,0.08297872340425533,0.11860465116279062,0.11860465116279062,0.04042553191489362,0.10476190476190478,0.13181818181818178,0.11176470588235293,0.2,0.1146341463414634,0.2,0.2116279069767441,0.24545454545454554,0.2652173913043479,0.2319148936170214,0.07777777777777778,0.2263157894736842,0.28974358974358977,0.2641025641025641,0.24545454545454554,0.1324324324324324,0.2106382978723405,0.15454545454545454,0.04042553191489362,0.08297872340425533,0.14186046511627903,0.11666666666666664,0.18888888888888883,0.23333333333333334,0.22083333333333338,0.17619047619047618,0.22500000000000003,0.13589743589743591,0.11860465116279062,0.2116279069767441,0.13589743589743591,0.2,0.10000000000000003,0.14186046511627903,5.551115123125783e-17,0.12553191489361704,0.2,0.07837837837837841,0.15454545454545454,0.025581395348837244,0.12857142857142856,0.325,0.29090909090909095,0.1324324324324324,0.22380952380952385,0.06734693877551018,0.011111111111111127,0.019148936170212794,0.05714285714285716
0.14523809523809517,0.17857142857142855,0.2285714285714286,0.15584415584415579,0.16746031746031736,0.19208494208494203,0.20357142857142857,0.16694352159468434,0.10357142857142859,0.042207792207792194,0.17857142857142855,0.12043189368770757,0.09320557491289194,0.061550151975683864,0.12043189368770757,0.17857142857142855,0.21345514950166106,0.13690476190476186,0.08282674772036475,0.09717607973421916,0.13311688311688308,0.12043189368770757,0.13690476190476186,0.05066445182724244,0.12301587301587291,0.20357142857142857,0.25634920634920627,0.215156794425087,0.11038961038961032,0.22402597402597407,0.08333333333333331,0.19940476190476192,0.1071428571428571,0.11759581881533093,0.33710801393728224,0.17857142857142855,0.21703296703296698,0.21190476190476187,0.215156794425087,0.215156794425087,0.3614982578397213,0.32142857142857145,1.0,0.17857142857142855,0.17857142857142855,0.21190476190476187,0.2922077922077922,0.2317629179331307,0.21345514950166106,0.23671096345514947,-0.00227963525835867,0.17857142857142855,0.08766233766233761,0.16876750700280113,0.23739495798319327,0.16637630662020897,0.1547619047619047,0.16694352159468434,0.11038961038961032,0.17857142857142855,0.12537993920972645,0.011904761904761862,0.12593984962406013,0.19139194139194132,0.14010989010989,0.13311688311688308,0.19208494208494203,0.10410334346504557,0.15584415584415579,0.14665653495440728,0.12537993920972645,0.07392026578073085,0.17857142857142855,0.12301587301587291,0.07857142857142846,0.09523809523809518,0.1071428571428571,0.20357142857142857,0.03754578754578752,0.05066445182724244,0.12043189368770757,0.14010989010989,0.2535714285714286,0.19285714285714278,0.16694352159468434,0.27857142857142864,0.12537993920972645,0.23120300751879702,0.13803088803088798,0.20129870129870125,-0.1353820598006645,0.05952380952380948,0.27857142857142864,0.20129870129870125,0.2461389961389961,0.22619047619047622,0.18877551020408162,0.21190476190476187,0.10410334346504557,0.17857142857142855
0.08571428571428563,0.055279503105590044,0.06071428571428572,0.04935064935064937,-0.0031746031746031633,0.22625482625482618,0.08571428571428574,-0.08172757475083059,0.08571428571428574,0.09480519480519478,0.16397515527950313,0.10431893687707633,0.10034843205574911,0.11124620060790275,0.12757475083056474,0.06071428571428572,0.19734219269102982,0.039880952380952406,0.08996960486322192,0.10431893687707633,0.11753246753246749,0.12757475083056474,0.08154761904761904,0.011295681063122953,0.10793650793650789,0.08571428571428574,0.21904761904761905,0.24668989547038322,0.09480519480519478,0.11753246753246749,0.06666666666666665,0.12321428571428572,0.09047619047619049,0.10034843205574911,0.1247386759581881,0.16190476190476188,0.1985347985347985,0.2412698412698413,0.24668989547038322,0.07595818815331007,0.31986062717770036,0.20952380952380956,0.17460317460317454,1.0,0.14025974025974025,0.2412698412698413,0.18571428571428572,0.3027355623100305,0.26710963455149495,0.26710963455149495,-0.037689969604863205,0.04285714285714287,0.026623376623376604,-0.0005602240896358524,0.18571428571428572,0.17351916376306614,-0.1,0.011295681063122953,0.11753246753246749,0.055279503105590044,0.04741641337386021,0.08571428571428563,0.1330827067669173,0.14725274725274717,0.17289377289377283,0.14025974025974025,0.06409266409266412,0.08996960486322192,0.07207792207792207,0.06869300911854104,0.08996960486322192,0.011295681063122953,0.039880952380952406,0.10793650793650789,-0.0031746031746031633,0.039880952380952406,0.09047619047619049,0.11071428571428577,0.0703296703296703,-0.03521594684385382,0.011295681063122953,0.1985347985347985,0.23571428571428577,0.11428571428571427,0.17408637873754151,0.06071428571428572,0.13252279635258363,0.2383458646616542,0.14517374517374515,0.09480519480519478,0.011295681063122953,0.04285714285714287,0.21071428571428574,0.18571428571428572,0.03706563706563709,0.42380952380952386,0.21632653061224494,0.17460317460317454,0.17507598784194534,0.18571428571428572
-0.025396825396825418,-0.05341614906832298,0.11071428571428577,-0.04155844155844152,0.019047619047619035,0.17220077220077212,-0.06428571428571428,-0.10498338870431898,0.010714285714285732,-0.10974025974025975,0.011801242236024856,-0.05847176079734223,-0.07038327526132407,-0.10151975683890577,-0.08172757475083059,0.010714285714285732,-0.03521594684385382,0.019047619047619035,0.02613981762917933,-0.01196013289036546,-0.10974025974025975,-0.01196013289036546,-0.0017857142857142794,-0.05847176079734223,-0.06984126984126987,-0.014285714285714235,0.10793650793650789,0.10034843205574911,-0.06428571428571428,0.07207792207792207,-0.05238095238095236,0.08154761904761904,0.01904761904761909,0.027177700348432088,0.05156794425087102,0.06666666666666665,0.1985347985347985,0.041269841269841234,0.027177700348432088,-0.07038327526132407,0.19790940766550524,0.11428571428571427,0.17460317460317454,0.14025974025974025,1.0,0.21904761904761905,0.20844155844155843,0.11124620060790275,0.26710963455149495,0.26710963455149495,-0.08024316109422491,-0.004761904761904745,-0.15519480519480516,-0.0005602240896358524,0.126890756302521,0.05156794425087102,-0.1714285714285714,-0.05847176079734223,-0.06428571428571428,-0.0968944099378882,-0.12279635258358662,-0.13650793650793652,-0.0774436090225564,-0.08351648351648355,-0.03223443223443223,-0.10974025974025975,-0.07104247104247108,-0.05896656534954403,-0.10974025974025975,-0.05896656534954403,-0.037689969604863205,-0.05847176079734223,-0.10595238095238096,-0.15873015873015872,-0.0920634920634921,-0.1267857142857143,-0.0761904761904762,-0.03928571428571426,-0.08351648351648355,0.034551495016611256,-0.05847176079734223,0.019047619047619035,0.1607142857142857,-0.08571428571428572,0.10431893687707633,0.06071428571428572,0.08996960486322192,0.10676691729323312,0.010038610038610063,-0.01883116883116881,-0.03521594684385382,-0.05238095238095236,-0.014285714285714235,0.003896103896103953,-0.01698841698841702,0.01904761904761909,0.1755102040816327,0.10793650793650789,0.11124620060790275,0.20952380952380956
0.011904761904761862,0.004658385093167683,0.07857142857142857,-0.09415584415584419,-0.03253968253968259,0.02992277992277992,0.02857142857142858,-0.11212624584717615,-0.021428571428571408,-0.04870129870129869,0.026397515527950277,0.07392026578073085,0.09320557491289194,0.08282674772036475,0.07392026578073085,-0.04642857142857143,0.07392026578073085,-0.008928571428571452,0.10410334346504557,0.027408637873754083,0.042207792207792194,0.14368770764119593,0.13690476190476186,0.027408637873754083,-0.05476190476190479,0.07857142857142857,0.32301587301587303,0.28832752613240414,0.08766233766233761,0.24675324675324678,-0.059523809523809534,-0.029761904761904767,-0.10714285714285718,0.16637630662020897,0.3127177700348432,0.25000000000000006,0.29395604395604397,0.056349206349206316,0.09320557491289194,-0.05313588850174222,0.3858885017421602,0.13095238095238093,0.21190476190476187,0.24675324675324678,0.22402597402597407,1.0,0.42857142857142855,0.38069908814589665,0.23671096345514947,0.329734219269103,-0.17249240121580547,-0.011904761904761918,-0.04870129870129869,-0.027310924369747913,0.09033613445378152,0.04442508710801385,-0.17857142857142858,-0.04235880398671099,-0.025974025974025983,0.04813664596273287,0.04027355623100304,0.056349206349206316,0.09962406015037595,0.08882783882783879,0.14010989010989,0.0649350649350649,0.00289575289575289,0.04027355623100304,0.08766233766233761,-0.00227963525835867,0.04027355623100304,-0.04235880398671099,0.011904761904761862,0.011904761904761862,0.011904761904761862,0.011904761904761862,0.05952380952380948,0.02857142857142858,-0.11630036630036633,0.00415282392026578,-0.04235880398671099,0.2683150183150183,0.15357142857142853,0.22142857142857136,0.23671096345514947,0.20357142857142857,0.2317629179331307,0.20488721804511273,0.02992277992277992,0.11038961038961032,-0.11212624584717615,-0.08333333333333337,0.05357142857142855,0.01948051948051943,0.08397683397683392,0.25000000000000006,0.47448979591836743,0.25634920634920627,0.061550151975683864,0.25000000000000006
0.019047619047619035,-0.03167701863354033,0.11071428571428577,-0.15519480519480516,-0.047619047619047616,0.11814671814671812,0.08571428571428574,-0.05847176079734223,0.06071428571428572,-0.10974025974025975,0.03354037267080745,0.011295681063122953,0.1247386759581881,0.02613981762917933,0.011295681063122953,-0.06428571428571428,0.034551495016611256,0.08154761904761904,0.08996960486322192,0.05780730897009961,0.003896103896103953,0.1508305647840531,0.2065476190476191,-0.03521594684385382,-0.047619047619047616,0.08571428571428574,0.3746031746031745,0.22229965156794418,0.026623376623376604,0.29935064935064937,-0.05238095238095236,0.019047619047619035,-0.028571428571428525,0.24668989547038322,0.36864111498257846,0.28095238095238095,0.22417582417582416,0.019047619047619035,0.05156794425087102,0.0027874564459930418,0.4174216027874563,0.06666666666666665,0.2857142857142857,0.18571428571428572,0.20844155844155843,0.419047619047619,1.0,0.3240121580547113,0.26710963455149495,0.3601328903654485,-0.10151975683890577,0.04285714285714287,-0.08701298701298701,-0.02016806722689074,0.15630252100840336,0.1247386759581881,-0.1476190476190476,-0.05847176079734223,-0.01883116883116881,0.03354037267080745,0.04741641337386021,0.041269841269841234,0.0541353383458647,0.044688644688644696,0.09597069597069596,0.003896103896103953,0.03706563706563709,0.02613981762917933,0.003896103896103953,0.004863221884498503,0.04741641337386021,-0.03521594684385382,-0.022619047619047594,0.019047619047619035,-0.047619047619047616,-0.022619047619047594,-0.004761904761904745,-0.014285714285714235,-0.05787545787545789,0.05780730897009961,-0.05847176079734223,0.22417582417582416,0.11071428571428577,0.19999999999999996,0.22059800664451823,0.36071428571428577,0.13252279635258363,0.18571428571428572,0.11814671814671812,0.16298701298701296,-0.17475083056478405,-0.0761904761904762,0.08571428571428574,-0.01883116883116881,0.14517374517374515,0.18571428571428572,0.3795918367346939,0.2857142857142857,0.06869300911854104,0.2333333333333334
-0.0023809523809523725,0.033850931677018636,0.1392857142857143,-0.08571428571428569,-0.06904761904761902,0.23185328185328186,0.11428571428571427,-0.07990033222591364,0.1392857142857143,0.02792207792207796,0.05559006211180123,0.08289036544850492,0.15209059233449473,0.15364741641337393,0.10614617940199333,-0.010714285714285676,0.1759136212624584,0.12261904761904763,0.1962006079027357,0.1759136212624584,0.11883116883116884,0.19916943521594682,0.20595238095238094,-0.010132890365448455,0.019841269841269826,0.06428571428571433,0.3976190476190476,0.2740418118466899,0.09610389610389608,0.20974025974025984,0.045238095238095244,0.03928571428571426,-0.026190476190476153,0.29843205574912895,0.29843205574912895,0.33095238095238105,0.27967032967032973,0.13095238095238093,0.12770034843205574,0.00574912891986068,0.42038327526132396,0.09285714285714286,0.24206349206349204,0.3233766233766235,0.11883116883116884,0.3976190476190476,0.3461038961038961,1.0,0.3154485049833888,0.4084717607973421,-0.10167173252279632,0.045238095238095244,-0.04025974025974022,-0.04159663865546215,0.22310924369747903,0.20087108013937277,-0.12142857142857141,0.036378737541528205,0.050649350649350666,0.07732919254658382,0.025987841945288803,0.13095238095238093,0.1116541353383459,0.15146520146520143,0.20274725274725275,0.14155844155844155,0.06969111969111969,0.11109422492401222,0.09610389610389608,0.06854103343465051,0.15364741641337393,0.036378737541528205,0.08095238095238094,0.06428571428571422,-0.0023809523809523725,-0.023214285714285687,0.06904761904761908,0.08928571428571436,-0.05366300366300364,-0.03338870431893687,-0.056644518272425226,0.27967032967032973,0.1392857142857143,0.15000000000000002,0.22242524916943524,0.23928571428571438,0.1962006079027357,0.3221804511278196,0.25888030888030883,0.14155844155844155,-0.12641196013289038,-0.002380952380952317,0.11428571428571427,0.050649350649350666,0.04266409266409271,0.3785714285714286,0.35816326530612247,0.3087301587301588,0.21747720364741646,0.3071428571428572
0.18174603174603166,0.06242236024844716,0.19285714285714284,0.07922077922077919,0.0706349206349206,0.28745173745173735,0.06785714285714284,-0.09784053156146186,0.04285714285714287,-0.0798701298701299,0.04068322981366457,-0.0280730897009967,-0.014459930313588887,-0.09437689969604865,-0.051328903654485114,0.11785714285714288,-0.004817275747508343,0.04702380952380952,0.01200607902735562,0.15797342192691022,-0.0344155844155844,0.01843853820598007,0.04702380952380952,-0.07458471760797347,-0.0404761904761905,-0.03214285714285714,0.27063492063492056,0.18066202090592326,-0.05714285714285716,0.1019480519480519,-0.021428571428571408,0.10952380952380947,0.0023809523809523725,0.10749128919860623,0.25383275261324034,0.33571428571428574,0.4108058608058608,0.09285714285714275,0.08310104529616719,-0.08763066202090597,0.4001742160278745,0.12142857142857139,0.2039682539682539,0.26103896103896107,0.26103896103896107,0.22619047619047616,0.26103896103896107,0.28860182370820675,1.0,0.4370431893687706,-0.009270516717325206,0.07380952380952377,-0.011688311688311692,0.08501400560224087,0.2222689075630252,0.2294425087108013,-0.1166666666666667,-0.09784053156146186,-0.0344155844155844,-0.002795031055900621,-0.1156534954407295,-0.08492063492063498,-0.12293233082706767,-0.025091575091575113,-0.050732600732600774,-0.0344155844155844,0.04420849420849421,-0.0731003039513678,-0.05714285714285716,-0.030547112462006087,0.07583586626139815,-0.07458471760797347,-0.015476190476190477,-0.0404761904761905,-0.1071428571428572,-0.0779761904761905,-0.021428571428571408,-0.0071428571428571175,0.026190476190476153,-0.051328903654485114,-0.09784053156146186,0.23131868131868127,0.16785714285714282,0.0357142857142857,0.18122923588039863,0.16785714285714282,0.22477203647416422,0.2454887218045113,0.28745173745173735,0.1019480519480519,-0.07458471760797347,0.07380952380952377,0.09285714285714286,0.1019480519480519,0.09826254826254821,0.169047619047619,0.26428571428571435,0.24841269841269842,0.246048632218845,0.3833333333333334
0.003968253968253954,0.04068322981366457,0.21785714285714286,0.03376623376623372,0.026190476190476153,0.17934362934362924,0.1428571428571428,-0.07458471760797347,0.09285714285714286,-0.12532467532467534,0.06242236024844716,0.04169435215946837,0.034320557491289205,-0.009270516717325206,0.01843853820598007,0.01785714285714285,0.06495016611295673,0.10952380952380947,0.09711246200607904,0.18122923588039863,0.03376623376623372,0.13471760797342186,0.15119047619047615,-0.0280730897009967,-0.06269841269841275,0.01785714285714285,0.2928571428571428,0.20505226480836236,0.056493506493506485,0.17012987012987008,0.02619047619047621,0.04702380952380952,0.0023809523809523725,0.25383275261324034,0.2782229965156794,0.3595238095238096,0.35952380952380947,0.0706349206349206,0.10749128919860623,-0.06324041811846695,0.4977351916376306,0.12142857142857139,0.22619047619047616,0.26103896103896107,0.26103896103896107,0.31507936507936507,0.351948051948052,0.37370820668693006,0.4370431893687706,1.0,-0.09437689969604865,0.04999999999999999,-0.05714285714285716,0.02619047619047621,0.2222689075630252,0.2294425087108013,-0.14047619047619048,-0.051328903654485114,-0.0344155844155844,0.06242236024844716,-0.009270516717325206,-0.06269841269841275,-0.04398496240601507,0.026190476190476153,0.026190476190476153,0.056493506493506485,0.09826254826254821,0.03328267477203645,0.03376623376623372,0.05455927051671733,0.09711246200607904,-0.09784053156146186,0.005357142857142838,0.026190476190476153,-0.06269841269841275,-0.05714285714285716,0.02619047619047621,-0.03214285714285714,-0.050732600732600774,-0.0280730897009967,-0.051328903654485114,0.2826007326007326,0.11785714285714288,0.12142857142857139,0.18122923588039863,0.16785714285714282,0.20349544072948333,0.2454887218045113,0.2604247104247104,0.1246753246753246,-0.09784053156146186,-0.06904761904761908,0.06785714285714284,0.07922077922077919,-0.009845559845559904,0.21666666666666667,0.32551020408163267,0.27063492063492056,0.28860182370820675,0.47857142857142854
0.17539682539682538,0.2295031055900622,0.1392857142857143,0.20974025974025984,0.08650793650793648,0.20482625482625477,0.18928571428571433,0.10614617940199333,0.11428571428571427,0.09610389610389608,0.033850931677018636,0.036378737541528205,0.00574912891986068,-0.016565349544072905,0.013122923588039848,0.2642857142857144,-0.010132890365448455,0.03928571428571426,-0.08039513677811544,0.10614617940199333,0.09610389610389608,-0.103156146179402,-0.023214285714285687,-0.03338870431893687,0.17539682539682538,-0.03571428571428564,-0.13571428571428573,-0.21376306620209057,-0.017532467532467455,-0.06298701298701292,0.14047619047619048,0.33095238095238094,0.23571428571428582,-0.1649825783972125,-0.1162020905923345,-0.04999999999999993,-0.10494505494505496,0.08650793650793648,0.030139372822299615,0.05452961672473866,-0.09181184668989548,0.045238095238095244,-0.0023809523809523725,-0.04025974025974022,-0.08571428571428569,-0.18015873015873013,-0.10844155844155842,-0.10167173252279632,-0.010132890365448455,-0.103156146179402,1.0,0.23571428571428582,0.14155844155844155,0.1544817927170869,0.19369747899159667,0.07891986062717771,0.14047619047619048,0.05963455149501662,0.14155844155844155,0.12080745341614907,0.06854103343465051,-0.0023809523809523725,-0.04624060150375936,0.048901098901098894,-0.0023809523809523725,0.0051948051948051965,0.20482625482625477,0.025987841945288803,-0.08571428571428569,0.06854103343465051,0.11109422492401222,0.1759136212624584,-0.0023809523809523725,0.04206349206349208,0.06428571428571422,0.06011904761904763,-0.002380952380952317,-0.010714285714285676,0.10018315018315022,0.08289036544850492,-0.010132890365448455,-0.0793040293040293,-0.010714285714285676,-0.10714285714285712,-0.103156146179402,0.03928571428571431,-0.03784194528875373,-0.20413533834586464,0.06969111969111969,-0.10844155844155842,0.1294019933554817,0.33095238095238105,0.08928571428571436,0.09610389610389608,0.15077220077220072,-0.07380952380952377,-0.1724489795918367,-0.09126984126984128,0.08981762917933134,-0.0976190476190476
0.12222222222222218,0.5043478260869565,0.45,0.26818181818181824,0.3,0.3216216216216216,0.3000000000000001,0.3976744186046511,0.35000000000000003,0.13181818181818178,0.09130434782608693,0.14186046511627903,0.04146341463414638,0.08297872340425533,0.11860465116279062,0.35000000000000003,0.1651162790697674,0.34583333333333327,0.14680851063829792,0.25813953488372093,0.15454545454545454,0.11860465116279062,0.15833333333333333,0.11860465116279062,0.21111111111111108,0.175,0.12222222222222218,0.06585365853658531,0.10909090909090907,0.15454545454545454,0.12857142857142856,0.2,0.03333333333333338,0.1146341463414634,0.1146341463414634,0.1523809523809524,0.11025641025641025,0.14444444444444438,0.16341463414634144,0.16341463414634144,0.09024390243902436,0.10476190476190478,0.16666666666666663,0.040909090909090895,-0.004545454545454519,-0.011111111111111127,0.040909090909090895,0.04042553191489362,0.0720930232558139,0.048837209302325546,0.2106382978723405,1.0,0.26818181818181824,0.4058823529411764,0.46470588235294125,0.21219512195121953,0.4142857142857143,0.30465116279069765,0.17727272727272725,0.15652173913043477,0.16808510638297874,0.011111111111111127,0.09473684210526317,0.16153846153846146,0.13589743589743591,0.10909090909090907,0.3216216216216216,0.10425531914893621,0.13181818181818178,0.3170212765957448,0.3170212765957448,0.28139534883720924,0.2625,0.14444444444444438,0.16666666666666663,0.22083333333333338,0.17619047619047618,0.12500000000000006,0.13589743589743591,0.09534883720930232,0.0720930232558139,0.05897435897435899,0.14999999999999997,0.12857142857142856,0.14186046511627903,0.175,0.16808510638297874,0.015789473684210575,0.24054054054054047,0.10909090909090907,0.0023255813953488302,0.22380952380952385,0.2,0.08636363636363636,0.1864864864864864,0.05714285714285716,0.006122448979591855,0.033333333333333326,0.16808510638297874,0.009523809523809545
0.15238095238095234,0.3161490683229814,0.1607142857142857,0.3220779220779222,0.26349206349206344,0.11814671814671812,0.4107142857142858,0.24385382059800664,0.18571428571428572,0.23116883116883125,0.14223602484472048,0.17408637873754151,0.17351916376306614,0.11124620060790275,0.19734219269102982,0.4107142857142858,0.19734219269102982,0.12321428571428572,0.08996960486322192,0.22059800664451823,0.20844155844155843,0.034551495016611256,0.12321428571428572,0.1508305647840531,0.17460317460317454,0.08571428571428574,0.06349206349206349,0.10034843205574911,0.14025974025974025,0.07207792207792207,0.1380952380952381,0.039880952380952406,0.04285714285714287,0.05156794425087102,0.05156794425087102,0.06666666666666665,0.044688644688644696,0.08571428571428563,0.17351916376306614,0.3442508710801394,0.027177700348432088,0.1380952380952381,0.08571428571428563,0.026623376623376604,-0.15519480519480516,-0.047619047619047616,-0.08701298701298701,-0.037689969604863205,-0.01196013289036546,-0.05847176079734223,0.13252279635258363,0.28095238095238095,1.0,0.3327731092436975,0.18571428571428572,0.07595818815331007,0.35238095238095246,0.22059800664451823,0.20844155844155843,0.14223602484472048,0.19635258358662622,0.15238095238095234,0.2120300751879699,0.1985347985347985,0.12161172161172162,0.20844155844155843,0.41544401544401544,0.15379939209726445,0.16298701298701296,0.19635258358662622,0.19635258358662622,0.1508305647840531,0.2065476190476191,0.2857142857142857,0.1968253968253968,0.22738095238095235,0.16190476190476188,0.13571428571428568,0.1985347985347985,0.05780730897009961,0.12757475083056474,0.14725274725274717,0.08571428571428574,0.14285714285714285,-0.03521594684385382,0.08571428571428574,0.04741641337386021,0.001503759398496285,0.11814671814671812,0.11753246753246749,0.17408637873754151,0.06666666666666665,0.2607142857142858,0.09480519480519478,0.06409266409266412,0.11428571428571427,0.01224489795918371,0.10793650793650789,0.08996960486322192,0.04285714285714287
0.10238095238095235,0.46180124223602476,0.3607142857142858,0.43116883116883126,0.4579365079365079,0.20328185328185328,0.28571428571428575,0.40315614617940193,0.2107142857142858,0.0675324675324675,0.09223602484472049,0.031063122923588038,0.07473867595818812,0.03996960486322193,0.07757475083056475,0.3107142857142858,0.10083056478405311,0.19821428571428573,0.03996960486322193,0.21710963455149496,0.11298701298701297,-0.038704318936877036,0.07321428571428573,0.07757475083056475,0.0801587301587301,0.13571428571428573,0.03571428571428564,0.07473867595818812,0.0675324675324675,0.022077922077922085,0.06428571428571428,0.1565476190476191,-0.0071428571428571175,0.02595818815331008,0.02595818815331008,0.13571428571428573,0.12289377289377285,0.0801587301587301,0.09912891986062716,0.12351916376306615,0.07473867595818812,0.13571428571428573,0.1912698412698413,-0.0006493506493506218,-0.0006493506493506218,-0.030952380952380953,-0.023376623376623384,-0.045136778115501486,0.10083056478405311,0.031063122923588038,0.1676291793313071,0.4928571428571428,0.38571428571428573,1.0,0.34159663865546225,0.14790940766550525,0.42142857142857143,0.21710963455149496,0.0675324675324675,0.09223602484472049,0.10379939209726446,0.0134920634920635,0.08308270676691731,0.09725274725274718,0.07161172161172163,0.11298701298701297,0.23030888030888025,0.06124620060790276,0.09025974025974026,0.21018237082066876,0.23145896656534964,0.14734219269102983,0.17738095238095236,0.10238095238095235,0.10238095238095235,0.17738095238095236,0.08809523809523812,0.035714285714285754,0.09725274725274718,0.031063122923588038,0.031063122923588038,0.045970695970695974,0.13571428571428573,0.06428571428571428,0.05431893687707634,0.11071428571428571,0.08252279635258364,0.030451127819548895,0.1762548262548262,0.04480519480519479,0.07757475083056475,0.1119047619047619,0.16071428571428575,0.0675324675324675,0.14922779922779922,0.016666666666666663,0.06428571428571433,0.0801587301587301,0.10379939209726446,0.08809523809523812
0.04603174603174601,0.2571428571428571,0.5071428571428571,0.12077922077922079,0.22380952380952376,0.5409266409266409,0.2571428571428571,0.24551495016611294,0.40714285714285714,0.1889610389610389,0.2788819875776397,0.22225913621262453,0.12299651567944245,0.11884498480243164,0.15249169435215945,0.28214285714285714,0.17574750830564775,0.2779761904761905,0.16139817629179334,0.31528239202657804,0.1889610389610389,0.12923588039867104,0.15297619047619046,0.15249169435215945,0.2015873015873015,0.13214285714285715,0.15714285714285706,0.1473867595818815,0.1435064935064935,0.23441558441558438,0.1142857142857143,0.21547619047619046,0.09047619047619052,0.12299651567944245,0.09860627177700351,0.2333333333333333,0.19304029304029305,0.2015873015873015,0.22055749128919858,0.1473867595818815,0.19616724738675953,0.1619047619047619,0.1793650793650793,0.1435064935064935,0.09805194805194803,0.06825396825396826,0.12077922077922079,0.16139817629179334,0.17574750830564775,0.17574750830564775,0.14012158054711246,0.3761904761904762,0.1435064935064935,0.22773109243697484,1.0,0.3181184668989546,0.2333333333333333,0.31528239202657804,0.21168831168831168,0.1919254658385093,0.16139817629179334,0.04603174603174601,0.09924812030075195,0.19304029304029305,0.1673992673992674,0.1662337662337662,0.18957528957528955,0.14012158054711246,0.07532467532467538,0.22522796352583588,0.3741641337386019,0.15249169435215945,0.17380952380952377,0.09047619047619046,0.15714285714285706,0.19464285714285715,0.20952380952380953,0.13214285714285715,0.1673992673992674,0.08272425249169438,0.08272425249169438,0.11611721611721612,0.10714285714285718,0.07142857142857142,0.15249169435215945,0.10714285714285718,0.18267477203647417,0.09924812030075195,0.2706563706563706,0.07532467532467538,-0.05681063122923591,0.13809523809523808,0.1821428571428572,0.052597402597402615,0.08146718146718149,0.13809523809523808,0.06326530612244899,0.06825396825396826,0.20395136778115505,0.06666666666666668
0.10714285714285704,0.12018633540372664,0.3821428571428572,0.09350649350649348,0.17380952380952375,0.40984555984555987,0.23214285714285715,0.14900332225913615,0.2571428571428572,0.11623376623376619,0.272360248447205,0.19551495016611292,0.12177700348432052,0.15395136778115504,0.14900332225913615,0.13214285714285717,0.14900332225913615,0.1863095238095238,0.15395136778115504,0.21877076411960122,0.16168831168831166,0.10249169435215943,0.16547619047619044,0.07923588039867102,0.1515873015873015,0.13214285714285717,0.1293650793650793,0.1461672473867595,0.04805194805194801,0.11623376623376619,0.1119047619047619,0.12380952380952376,0.08809523809523806,0.17055749128919856,0.07299651567944243,0.1595238095238095,0.16868131868131858,0.17380952380952375,0.12177700348432052,0.07299651567944243,0.19494773519163755,0.1119047619047619,0.1515873015873015,0.16168831168831166,0.04805194805194801,0.04047619047619044,0.11623376623376619,0.17522796352583586,0.21877076411960122,0.21877076411960122,0.06884498480243162,0.20714285714285713,0.07077922077922078,0.11890756302521005,0.3836134453781513,1.0,0.13571428571428568,0.1722591362126245,0.16168831168831166,0.22888198757763972,0.09012158054711245,0.06269841269841264,0.022932330827067693,0.14304029304029303,0.16868131868131858,0.1389610389610389,0.08552123552123553,0.13267477203647415,0.04805194805194801,0.17522796352583586,0.21778115501519762,0.10249169435215943,0.14464285714285713,-0.00396825396825401,0.0849206349206349,0.10297619047619044,0.1119047619047619,0.10714285714285715,0.14304029304029303,0.14900332225913615,0.03272425249169436,0.014835164835164838,0.08214285714285713,0.16428571428571426,0.10249169435215943,-0.01785714285714285,0.09012158054711245,0.12819548872180453,0.22065637065637062,0.0025974025974025983,-0.06029900332225918,0.1119047619047619,0.08214285714285713,0.07077922077922078,0.004440154440154387,0.1119047619047619,0.013265306122448972,0.06269841269841264,0.2603343465045593,0.1119047619047619
0.07777777777777778,0.3739130434782609,0.3000000000000001,0.31363636363636366,0.3888888888888888,0.1324324324324324,0.25000000000000006,0.5139534883720931,0.2750000000000001,0.2,0.17826086956521742,0.1883720930232558,0.1146341463414634,0.16808510638297874,0.1883720930232558,0.25000000000000006,0.23488372093023252,0.2625,0.14680851063829792,0.14186046511627903,0.2,0.09534883720930232,0.15833333333333333,0.1651162790697674,0.16666666666666663,0.2,-0.033333333333333326,-0.03170731707317076,0.17727272727272725,0.10909090909090907,0.1523809523809524,0.11666666666666664,0.05714285714285716,0.04146341463414638,0.017073170731707332,-0.014285714285714235,-0.01794871794871794,0.12222222222222218,0.09024390243902436,0.21219512195121953,-0.05609756097560978,0.2,0.14444444444444438,-0.09545454545454546,-0.1636363636363636,-0.16666666666666666,-0.14090909090909087,-0.10851063829787233,-0.11395348837209304,-0.13720930232558137,0.12553191489361704,0.4142857142857143,0.3363636363636365,0.3470588235294118,0.2882352941176471,0.1390243902439024,1.0,0.3976744186046511,0.17727272727272725,0.2217391304347826,0.2319148936170214,0.09999999999999992,0.2263157894736842,0.23846153846153845,0.21282051282051279,0.17727272727272725,0.1864864864864864,0.18936170212765963,0.15454545454545454,0.2957446808510639,0.16808510638297874,0.23488372093023252,0.325,0.14444444444444438,0.23333333333333334,0.24166666666666664,0.17619047619047618,0.14999999999999997,0.13589743589743591,0.09534883720930232,0.14186046511627903,-0.0435897435897436,0.025000000000000022,0.04285714285714287,-0.020930232558139528,0.025000000000000022,0.04042553191489362,-0.06315789473684211,0.10540540540540538,0.08636363636363636,0.025581395348837244,0.1523809523809524,0.14999999999999997,0.08636363636363636,0.1864864864864864,-0.014285714285714235,-0.136734693877551,-0.0777777777777778,0.0617021276595745,-0.10952380952380952
-0.08492063492063498,0.25807453416149073,0.31785714285714284,0.14740259740259737,0.18174603174603166,0.2333976833976833,0.21785714285714286,0.4370431893687706,0.44285714285714284,0.3292207792207793,0.3015527950310559,0.3207641196013289,0.2294425087108013,0.28860182370820675,0.3207641196013289,0.19285714285714284,0.4137873754152823,0.35952380952380947,0.26732522796352587,0.25099667774086376,0.3292207792207793,0.22774086378737535,0.2970238095238096,0.3207641196013289,0.31507936507936507,0.34285714285714286,0.115079365079365,0.13188153310104522,0.3292207792207793,0.23831168831168836,0.14523809523809522,0.15119047619047615,0.0023809523809523725,0.15627177700348427,0.15627177700348427,0.07380952380952377,0.051831501831501814,0.15952380952380946,0.13188153310104522,0.2782229965156794,-0.06324041811846695,0.21666666666666667,0.15952380952380946,0.01103896103896107,-0.05714285714285716,-0.0404761904761905,-0.05714285714285716,0.03328267477203645,-0.09784053156146186,-0.051328903654485114,0.05455927051671733,0.3119047619047619,0.21558441558441555,0.18305322128851542,0.39873949579831935,0.18066202090592326,0.40714285714285714,1.0,0.2837662337662338,0.25807453416149073,0.3311550151975684,0.18174603174603166,0.35075187969924815,0.38516483516483513,0.35952380952380947,0.3292207792207793,0.20637065637065632,0.3311550151975684,0.26103896103896107,0.39498480243161094,0.3311550151975684,0.3440199335548173,0.38035714285714284,0.18174603174603166,0.3817460317460316,0.31785714285714284,0.3595238095238096,0.3928571428571429,0.18003663003662995,0.15797342192691022,0.25099667774086376,0.026190476190476153,0.04285714285714287,0.17857142857142855,0.13471760797342186,0.09285714285714286,0.11838905775075986,0.087593984962406,0.20637065637065632,0.17012987012987008,-0.12109634551495022,0.14523809523809522,0.21785714285714286,0.14740259740259737,0.12528957528957524,0.07380952380952377,-0.06224489795918367,-0.06269841269841275,0.07583586626139815,-0.06904761904761908
0.06349206349206349,0.16397515527950313,0.1607142857142857,0.04935064935064937,0.06349206349206349,0.3073359073359073,0.2857142857142858,0.1508305647840531,0.33571428571428574,0.4584415584415584,0.2291925465838509,0.4531561461794019,0.22229965156794418,0.26018237082066875,0.3601328903654485,0.18571428571428572,0.3601328903654485,0.1648809523809524,0.19635258358662622,0.1508305647840531,0.3675324675324675,0.22059800664451823,0.14404761904761904,0.19734219269102982,0.48571428571428554,0.18571428571428572,0.06349206349206349,0.1247386759581881,0.25389610389610395,0.25389610389610395,0.20952380952380956,0.2065476190476191,0.1380952380952381,0.1247386759581881,0.05156794425087102,-0.004761904761904745,-0.00659340659340657,0.30793650793650795,0.31986062717770036,0.3442508710801394,-0.021602787456446004,0.25714285714285723,0.10793650793650789,0.11753246753246749,-0.06428571428571428,-0.025396825396825418,-0.01883116883116881,0.04741641337386021,-0.03521594684385382,-0.03521594684385382,0.13252279635258363,0.18571428571428572,0.20844155844155843,0.05826330532212887,0.2739495798319328,0.17351916376306614,0.18571428571428572,0.29036544850498336,1.0,0.3161490683229814,0.4091185410334347,0.2412698412698413,0.31729323308270685,0.40366300366300367,0.30109890109890114,0.3448051948051949,0.1992277992277992,0.3240121580547113,0.20844155844155843,0.19635258358662622,0.2176291793313071,0.26710963455149495,0.1648809523809524,0.3746031746031745,0.35238095238095235,0.331547619047619,0.25714285714285723,0.2607142857142858,0.35238095238095235,0.19734219269102982,0.24385382059800664,0.044688644688644696,0.1607142857142857,0.11428571428571427,-0.01196013289036546,-0.014285714285714235,0.08996960486322192,0.0541353383458647,0.09111969111969109,0.07207792207792207,0.05780730897009961,0.28095238095238095,0.3857142857142858,0.29935064935064937,0.06409266409266412,0.16190476190476188,-0.04897959183673467,-0.0920634920634921,0.02613981762917933,-0.0761904761904762
0.026984126984126944,0.1279503105590062,0.19642857142857145,0.1032467532467532,0.13809523809523805,0.2119691119691119,0.29642857142857143,0.1365448504983388,0.22142857142857147,0.3305194805194806,0.3670807453416149,0.46212624584717604,0.256794425087108,0.3310030395136779,0.3923588039867109,0.17142857142857143,0.3458471760797342,0.1922619047619048,0.26717325227963534,0.22956810631229235,0.44415584415584414,0.27607973421926907,0.2547619047619048,0.25282392026578066,0.38253968253968246,0.2464285714285715,0.07142857142857134,0.15923344947735185,0.3305194805194806,0.26233766233766237,0.24285714285714294,0.17142857142857143,0.1476190476190476,0.2080139372822299,0.15923344947735185,0.0761904761904762,0.004761904761904745,0.226984126984127,0.2080139372822299,0.2080139372822299,0.012891986062717797,0.2904761904761905,0.1825396825396825,0.057792207792207784,-0.1012987012987013,0.0492063492063492,0.03506493506493508,0.07568389057750763,-0.0029900332225913373,0.06677740863787374,0.11823708206686934,0.17142857142857143,0.14870129870129867,0.08319327731092435,0.2596638655462185,0.256794425087108,0.24285714285714294,0.27607973421926907,0.3305194805194806,1.0,0.4161094224924013,0.20476190476190476,0.27669172932330827,0.4406593406593406,0.3637362637362637,0.3759740259740259,0.10386100386100383,0.35227963525835865,0.2850649350649351,0.2033434650455928,0.24589665653495446,0.22956810631229235,0.27559523809523817,0.20476190476190476,0.29365079365079366,0.29642857142857143,0.24285714285714294,0.19642857142857145,0.15860805860805854,0.20631229235880394,0.22956810631229235,0.08168498168498167,0.021428571428571463,0.24285714285714283,0.04352159468438532,-0.028571428571428525,0.05440729483282675,0.11879699248120301,0.0768339768339768,0.03506493506493508,-0.04950166112956811,0.2190476190476191,0.19642857142857145,0.23961038961038966,0.0227799227799228,0.17142857142857143,-0.042857142857142816,-0.06190476190476191,0.09696048632218845,0.0047619047619048005
-0.046825396825396826,0.1860248447204969,0.1392857142857143,0.09610389610389608,0.019841269841269826,0.09671814671814671,0.2642857142857144,0.22242524916943524,0.2892857142857143,0.3688311688311688,0.2729813664596274,0.47823920265780734,0.29843205574912895,0.34513677811550153,0.47823920265780734,0.11428571428571427,0.3852159468438538,0.18511904761904768,0.2600303951367782,0.19916943521594682,0.4142857142857143,0.29219269102990036,0.31011904761904757,0.3154485049833888,0.3976190476190476,0.31428571428571433,0.10873015873015868,0.20087108013937277,0.3688311688311688,0.3461038961038961,0.1642857142857143,0.143452380952381,0.14047619047619048,0.15209059233449473,0.20087108013937277,0.045238095238095244,0.02326007326007329,0.2198412698412699,0.22526132404181182,0.29843205574912895,-0.04303135888501741,0.25952380952380955,0.13095238095238093,0.050649350649350666,-0.13116883116883116,0.04206349206349208,0.050649350649350666,0.025987841945288803,-0.12641196013289038,-0.010132890365448455,0.06854103343465051,0.18809523809523815,0.20974025974025984,0.09565826330532218,0.22310924369747903,0.1033101045296167,0.25952380952380955,0.3619601328903654,0.437012987012987,0.42515527950310567,1.0,0.2642857142857143,0.42744360902255657,0.45915750915750914,0.38223443223443226,0.437012987012987,0.12374517374517374,0.3664133738601824,0.25519480519480525,0.23875379939209734,0.2813069908814591,0.29219269102990036,0.20595238095238094,0.33095238095238094,0.3976190476190476,0.4142857142857142,0.3071428571428572,0.2642857142857144,0.27967032967032973,0.22242524916943524,0.3154485049833888,0.12582417582417577,0.11428571428571427,0.2357142857142857,0.08289036544850492,-0.010714285714285676,0.11109422492401222,0.1116541353383459,0.06969111969111969,0.09610389610389608,-0.103156146179402,0.18809523809523815,0.31428571428571433,0.18701298701298702,0.015637065637065684,0.14047619047619048,-0.009183673469387699,-0.046825396825396826,0.004711246200607921,-0.04999999999999993
-0.07698412698412704,0.04813664596273287,-0.021428571428571408,0.01948051948051943,-0.07698412698412704,0.08397683397683392,0.1285714285714285,0.09717607973421916,0.15357142857142853,0.2922077922077922,0.15683229813664595,0.2832225913621262,0.5810104529616724,0.4445288753799392,0.3762458471760796,0.05357142857142855,0.3762458471760796,0.09523809523809518,0.338145896656535,0.027408637873754083,0.3603896103896103,0.12043189368770757,0.2619047619047619,0.14368770764119593,0.21190476190476187,0.15357142857142853,0.14523809523809517,0.0688153310104529,0.2922077922077922,0.11038961038961032,-0.011904761904761918,0.011904761904761862,-0.011904761904761918,0.0688153310104529,0.09320557491289194,-0.011904761904761918,-0.06501831501831506,0.056349206349206316,0.04442508710801385,0.16637630662020897,-0.05313588850174222,0.08333333333333331,0.011904761904761862,0.08766233766233761,-0.13961038961038963,0.056349206349206316,0.042207792207792194,0.12537993920972645,-0.08887043189368776,-0.0656146179401994,-0.00227963525835867,0.011904761904761918,0.15584415584415579,0.011904761904761918,0.060924369747899165,0.0688153310104529,0.1071428571428571,0.19019933554817264,0.24675324675324678,0.20031055900621114,0.2530395136778116,1.0,0.49436090225563906,0.42216117216117216,0.49908424908424903,0.3603896103896103,0.11100386100386095,0.38069908814589665,0.17857142857142855,0.10410334346504557,0.14665653495440728,0.21345514950166106,0.13690476190476186,0.21190476190476187,0.25634920634920627,0.17857142857142855,0.17857142857142855,0.2285714285714286,0.14010989010989,0.05066445182724244,0.14368770764119593,0.08882783882783879,-0.021428571428571408,0.16428571428571426,0.05066445182724244,0.1285714285714285,-0.023556231003039496,0.04699248120300753,0.00289575289575289,0.08766233766233761,-0.0656146179401994,0.011904761904761918,0.20357142857142857,0.0649350649350649,0.02992277992277992,0.20238095238095238,0.086734693877551,0.056349206349206316,-0.04483282674772038,-0.08333333333333337
-0.09365079365079365,0.1416149068322981,0.028571428571428636,0.06948051948051948,0.017460317460317454,0.052895752895752934,0.17857142857142855,0.19368770764119597,0.20357142857142857,0.2967532467532468,0.206832298136646,0.35647840531561464,0.4602787456445992,0.4519756838905776,0.4495016611295681,0.10357142857142859,0.4727574750830564,0.14523809523809522,0.28176291793313074,0.10066445182724248,0.41038961038961036,0.21694352159468439,0.31190476190476196,0.33322259136212623,0.2619047619047619,0.3285714285714287,0.2174603174603174,0.216376306620209,0.41038961038961036,0.2285714285714286,0.06190476190476196,-0.0005952380952380931,-0.00952380952380949,0.143205574912892,0.19198606271777002,0.06190476190476196,0.06190476190476191,0.1285714285714285,0.19198606271777002,0.216376306620209,-0.027526132404181197,0.20476190476190476,0.10634920634920636,0.11493506493506495,-0.06688311688311688,0.0841269841269841,0.046753246753246824,0.09027355623100308,-0.10863787375415279,-0.03887043189368772,-0.03738601823708204,0.08571428571428574,0.18311688311688312,0.06190476190476196,0.11092436974789921,0.021254355400696867,0.20476190476190476,0.3099667774086378,0.2740259740259741,0.2285714285714286,0.3455927051671734,0.41746031746031736,1.0,0.5490842490842491,0.5747252747252747,0.38766233766233776,0.13397683397683396,0.4306990881458967,0.2967532467532468,0.19665653495440732,0.19665653495440732,0.2634551495016611,0.2285714285714286,0.2619047619047619,0.3730158730158731,0.33273809523809533,0.34761904761904766,0.3785714285714286,0.11318681318681317,0.054152823920265825,0.2867109634551495,0.13882783882783883,0.07857142857142863,0.2714285714285714,0.17043189368770761,0.12857142857142861,0.09027355623100308,0.12330827067669176,0.07992277992277996,0.20584415584415583,-0.08538205980066446,0.014285714285714346,0.2535714285714286,0.16038961038961036,0.10694980694980699,0.20476190476190476,0.07551020408163267,0.03968253968253971,-0.01610942249240116,-0.033333333333333326
-0.03412698412698417,0.17795031055900618,0.12142857142857144,0.08506493506493507,0.07698412698412693,0.15386100386100382,0.22142857142857142,0.16328903654485044,0.22142857142857142,0.3805194805194806,0.2866459627329193,0.4888704318936876,0.40435540069686415,0.4448328267477204,0.5353820598006644,0.14642857142857146,0.5353820598006644,0.15892857142857142,0.31717325227963533,0.14003322259136203,0.5168831168831169,0.32607973421926906,0.2839285714285714,0.32607973421926906,0.34365079365079365,0.3214285714285715,0.21031746031746024,0.23362369337979094,0.4487012987012987,0.26688311688311694,0.14999999999999997,0.09642857142857136,0.007142857142857173,0.1604529616724738,0.23362369337979094,0.10238095238095235,0.0804029304029304,0.18809523809523804,0.20923344947735184,0.23362369337979094,0.014111498257839694,0.2690476190476191,0.16587301587301578,0.13051948051948048,-0.07402597402597405,0.07698412698412693,0.03961038961038965,0.12568389057750762,-0.022757475083056533,0.023754152823920238,0.0405775075987842,0.14999999999999997,0.17597402597402595,0.07436974789915962,0.22142857142857142,0.1360627177700348,0.22142857142857142,0.34933554817275747,0.3577922077922079,0.3736024844720497,0.38100303951367787,0.3658730158730159,0.5635338345864662,1.0,0.5932234432234432,0.4941558441558441,0.1268339768339768,0.5299392097264438,0.33506493506493507,0.18951367781155015,0.2533434650455928,0.32607973421926906,0.2839285714285714,0.25476190476190474,0.4547619047619047,0.3464285714285714,0.38809523809523816,0.4214285714285715,0.15732600732600732,0.07026578073089695,0.32607973421926906,0.13168498168498166,0.09642857142857142,0.26428571428571423,0.16328903654485044,0.07142857142857145,0.12568389057750762,0.168796992481203,0.09980694980694982,0.19870129870129866,-0.06926910299003328,0.10238095238095235,0.27142857142857146,0.1532467532467532,0.09980694980694982,0.1738095238095238,0.027551020408163263,0.01031746031746028,0.06185410334346503,-0.016666666666666663
-0.0563492063492064,0.11273291925465834,0.09642857142857142,0.03961038961038965,0.032539682539682535,0.15386100386100382,0.17142857142857137,0.16328903654485044,0.22142857142857142,0.31233766233766236,0.2649068322981366,0.3958471760797342,0.5019163763066201,0.5299392097264438,0.4888704318936876,0.07142857142857145,0.4656146179401992,0.17976190476190473,0.359726443768997,0.09352159468438531,0.4487012987012987,0.23305647840531551,0.32559523809523816,0.25631229235880393,0.276984126984127,0.24642857142857144,0.18809523809523804,0.1604529616724738,0.4259740259740259,0.24415584415584413,0.10238095238095235,0.054761904761904734,-0.016666666666666663,0.1360627177700348,0.1604529616724738,0.07857142857142857,0.02912087912087913,0.16587301587301578,0.1604529616724738,0.1604529616724738,-0.010278745644599352,0.24523809523809526,0.12142857142857133,0.1532467532467532,-0.02857142857142858,0.12142857142857133,0.08506493506493507,0.16823708206686933,-0.04601328903654489,0.023754152823920238,-0.0019756838905775065,0.1261904761904762,0.10779220779220777,0.05476190476190479,0.19201680672268906,0.1604529616724738,0.19761904761904758,0.32607973421926906,0.26688311688311694,0.3083850931677019,0.31717325227963533,0.43253968253968245,0.5898496240601504,0.5932234432234432,1.0,0.4259740259740259,0.04575289575289576,0.5086626139817629,0.28961038961038965,0.16823708206686933,0.18951367781155015,0.27956810631229234,0.2422619047619048,0.18809523809523804,0.3658730158730159,0.26309523809523805,0.31666666666666665,0.3464285714285714,0.106043956043956,0.09352159468438531,0.23305647840531551,0.0804029304029304,0.07142857142857145,0.20714285714285713,0.16328903654485044,0.04642857142857143,0.08313069908814591,0.11616541353383458,0.07277992277992279,0.13051948051948048,-0.06926910299003328,0.030952380952380953,0.22142857142857142,0.13051948051948048,0.04575289575289576,0.24523809523809526,0.04795918367346941,0.01031746031746028,0.0405775075987842,-0.06428571428571431
-0.06984126984126987,0.16397515527950313,0.11071428571428577,0.09480519480519478,0.041269841269841234,0.11814671814671812,0.2857142857142858,0.1508305647840531,0.21071428571428574,0.3675324675324675,0.3161490683229814,0.4531561461794019,0.3930313588850174,0.47294832826747724,0.6159468438538205,0.08571428571428574,0.5229235880398669,0.2065476190476191,0.34528875379939217,0.26710963455149495,0.5720779220779222,0.29036544850498336,0.28988095238095246,0.3368770764119602,0.3746031746031745,0.2857142857142858,0.21904761904761905,0.24668989547038322,0.5266233766233767,0.23116883116883125,0.11428571428571427,0.08154761904761904,0.06666666666666665,0.22229965156794418,0.19790940766550524,0.1380952380952381,0.12161172161172162,0.1968253968253968,0.22229965156794418,0.24668989547038322,0.027177700348432088,0.25714285714285723,0.13015873015873008,0.14025974025974025,-0.10974025974025975,0.06349206349206349,0.003896103896103953,0.13252279635258363,-0.03521594684385382,0.05780730897009961,0.004863221884498503,0.11428571428571427,0.20844155844155843,0.09747899159663864,0.21512605042016808,0.14912891986062715,0.18571428571428572,0.3368770764119602,0.3448051948051949,0.3596273291925466,0.4091185410334347,0.35238095238095235,0.448872180451128,0.5575091575091575,0.48058608058608054,1.0,0.17220077220077212,0.4942249240121581,0.3675324675324675,0.23890577507598787,0.3240121580547113,0.3136212624584718,0.24821428571428572,0.2857142857142857,0.44126984126984126,0.35238095238095235,0.42380952380952386,0.3857142857142858,0.17289377289377283,0.05780730897009961,0.3368770764119602,0.1985347985347985,0.13571428571428568,0.3142857142857143,0.17408637873754151,0.010714285714285732,0.15379939209726445,0.18571428571428572,0.17220077220077212,0.18571428571428572,-0.12823920265780733,0.04285714285714287,0.3107142857142857,0.16298701298701296,0.010038610038610063,0.16190476190476188,0.05306122448979589,0.019047619047619035,0.08996960486322192,0.04285714285714287
0.11349206349206348,0.2574534161490683,0.16071428571428575,0.21298701298701295,0.06904761904761902,0.1681467181467181,0.38571428571428573,0.1078073089700996,0.16071428571428575,0.16753246753246748,0.10527950310559003,0.1078073089700996,0.07717770034843208,0.07613981762917932,0.13106312292358802,0.38571428571428573,0.17757475083056473,0.19404761904761902,0.11869300911854103,0.2705980066445182,0.16753246753246748,0.1078073089700996,0.15238095238095234,0.15431893687707632,0.18015873015873007,0.13571428571428573,0.18015873015873007,0.10156794425087101,0.0766233766233766,0.05389610389610394,0.06904761904761908,0.0898809523809524,0.11666666666666664,0.12595818815331006,0.1747386759581881,0.11666666666666664,0.14597069597069595,0.06904761904761902,0.1503484320557491,0.3454703832752613,0.12595818815331006,0.11666666666666664,0.15793650793650788,0.05389610389610394,-0.05974025974025976,0.0023809523809523725,0.03116883116883118,0.05486322188449849,0.03803986710963453,0.08455149501661124,0.16124620060790273,0.2833333333333334,0.34935064935064936,0.16708683473389357,0.20630252100840335,0.07717770034843208,0.16428571428571426,0.17757475083056473,0.16753246753246748,0.08354037267080744,0.0974164133738602,0.09126984126984122,0.13045112781954887,0.12032967032967029,0.04340659340659342,0.14480519480519477,1.0,0.11869300911854103,0.19025974025974024,0.2676291793313071,0.2676291793313071,0.2473421926910298,0.2148809523809524,0.26904761904761904,0.15793650793650788,0.1732142857142857,0.1880952380952381,0.2357142857142857,0.04340659340659342,0.03803986710963453,0.2008305647840531,0.2998168498168498,0.16071428571428575,0.3071428571428571,0.13106312292358802,0.26071428571428573,0.16124620060790273,0.07781954887218051,0.3573359073359073,0.2357142857142857,0.03803986710963453,0.11666666666666664,0.26071428571428573,0.0766233766233766,0.19517374517374514,0.16428571428571426,0.10306122448979588,0.20238095238095233,0.20379939209726444,0.16428571428571426
-0.09126984126984128,0.12080745341614907,0.11428571428571427,0.050649350649350666,0.04206349206349208,0.15077220077220072,0.23928571428571438,0.1526578073089701,0.23928571428571438,0.3688311688311688,0.2295031055900622,0.4549833887043189,0.444773519163763,0.4940729483282676,0.5480066445182723,0.08928571428571436,0.5247508305647841,0.2267857142857143,0.3664133738601824,0.1294019933554817,0.5506493506493508,0.29219269102990036,0.2892857142857143,0.29219269102990036,0.33095238095238094,0.2642857142857144,0.17539682539682538,0.17648083623693384,0.5051948051948052,0.20974025974025984,0.1166666666666667,0.08095238095238094,-0.026190476190476153,0.22526132404181182,0.17648083623693384,0.045238095238095244,0.02326007326007329,0.15317460317460313,0.17648083623693384,0.22526132404181182,-0.018641114982578366,0.23571428571428582,0.10873015873015868,0.09610389610389608,-0.06298701298701292,0.04206349206349208,0.02792207792207796,0.11109422492401222,-0.07990033222591364,0.036378737541528205,0.025987841945288803,0.1166666666666667,0.1642857142857143,0.056442577030812346,0.19369747899159667,0.15209059233449473,0.21190476190476198,0.3619601328903654,0.3461038961038961,0.35993788819875777,0.3664133738601824,0.3976190476190476,0.5327067669172934,0.6386446886446886,0.613003663003663,0.5279220779220779,0.15077220077220072,1.0,0.3688311688311688,0.23875379939209734,0.2600303951367782,0.3387043189368771,0.26845238095238105,0.2198412698412699,0.46428571428571414,0.2892857142857143,0.3785714285714286,0.4142857142857143,0.12582417582417577,0.036378737541528205,0.3387043189368771,0.12582417582417577,0.06428571428571433,0.2357142857142857,0.1526578073089701,0.014285714285714346,0.06854103343465051,0.1116541353383459,0.06969111969111969,0.1642857142857143,-0.03338870431893687,0.06904761904761908,0.23928571428571438,0.14155844155844155,0.04266409266409271,0.1642857142857143,-0.009183673469387699,-0.0023809523809523725,0.025987841945288803,-0.026190476190476153
-0.0920634920634921,0.09875776397515523,0.11071428571428577,0.09480519480519478,0.06349206349206349,0.09111969111969109,0.23571428571428577,0.12757475083056474,0.21071428571428574,0.20844155844155843,0.20745341614906831,0.26710963455149495,0.19790940766550524,0.3027355623100305,0.3368770764119602,0.035714285714285754,0.3601328903654485,0.22738095238095235,0.28145896656534963,0.22059800664451823,0.3675324675324675,0.29036544850498336,0.22738095238095235,0.3833887043189368,0.2412698412698413,0.3107142857142857,0.17460317460317454,0.31986062717770036,0.412987012987013,0.16298701298701296,0.11428571428571427,-0.022619047619047594,-0.028571428571428525,0.2954703832752613,0.22229965156794418,0.1380952380952381,0.17289377289377283,0.08571428571428563,0.19790940766550524,0.27108013937282227,0.027177700348432088,0.16190476190476188,0.15238095238095234,0.07207792207792207,-0.10974025974025975,0.08571428571428563,0.003896103896103953,0.08996960486322192,-0.05847176079734223,0.034551495016611256,-0.08024316109422491,0.1380952380952381,0.16298701298701296,0.07787114845938375,0.0974789915966387,0.05156794425087102,0.16190476190476188,0.26710963455149495,0.20844155844155843,0.2726708074534162,0.23890577507598787,0.17460317460317454,0.34360902255639103,0.378021978021978,0.3267399267399267,0.3675324675324675,0.22625482625482618,0.34528875379939217,1.0,0.3027355623100305,0.26018237082066875,0.29036544850498336,0.41488095238095235,0.17460317460317454,0.35238095238095235,0.28988095238095246,0.42380952380952386,0.4107142857142858,0.044688644688644696,-0.03521594684385382,0.4066445182724252,0.2754578754578755,0.13571428571428568,0.4,0.22059800664451823,0.08571428571428574,0.2176291793313071,0.29097744360902256,0.1992277992277992,0.25389610389610395,-0.10498338870431898,0.04285714285714287,0.23571428571428577,0.14025974025974025,0.14517374517374515,0.16190476190476188,0.05306122448979589,0.041269841269841234,0.02613981762917933,0.09047619047619049
-0.06904761904761902,0.29472049689441,0.33928571428571436,0.14155844155844155,0.19761904761904764,0.20482625482625477,0.33928571428571436,0.3619601328903654,0.3892857142857144,0.11883116883116884,0.1642857142857143,0.1526578073089701,0.12770034843205574,0.21747720364741646,0.22242524916943524,0.2642857142857144,0.3154485049833888,0.5184523809523811,0.2813069908814591,0.3387043189368771,0.3006493506493508,0.29219269102990036,0.26845238095238105,0.22242524916943524,0.24206349206349204,0.21428571428571436,0.15317460317460313,0.17648083623693384,0.23246753246753254,0.14155844155844155,0.14047619047619048,0.143452380952381,0.045238095238095244,0.24965156794425086,0.17648083623693384,0.1166666666666667,0.15146520146520143,0.04206349206349208,0.1033101045296167,0.22526132404181182,0.07891986062717771,0.045238095238095244,0.15317460317460313,0.07337662337662337,-0.06298701298701292,-0.0023809523809523725,0.0051948051948051965,0.06854103343465051,-0.03338870431893687,0.05963455149501662,0.06854103343465051,0.3547619047619049,0.20974025974025984,0.19369747899159667,0.3113445378151261,0.20087108013937277,0.33095238095238105,0.4317275747508305,0.20974025974025984,0.2077639751552795,0.23875379939209734,0.10873015873015868,0.24323308270676697,0.2283882783882784,0.20274725274725275,0.25519480519480525,0.33996138996138997,0.23875379939209734,0.3233766233766235,1.0,0.34513677811550153,0.3619601328903654,0.4142857142857142,0.17539682539682538,0.2198412698412699,0.2267857142857143,0.2833333333333334,0.31428571428571433,0.10018315018315022,0.08289036544850492,0.1526578073089701,0.1771062271062271,0.11428571428571427,0.2642857142857143,0.1526578073089701,0.1392857142857143,0.1749240121580548,0.1642857142857143,0.23185328185328186,0.11883116883116884,-0.12641196013289038,0.14047619047619048,0.21428571428571436,0.09610389610389608,0.20482625482625477,0.1166666666666667,0.011224489795918391,0.019841269841269826,0.1962006079027357,0.021428571428571463
0.019841269841269826,0.29472049689441,0.3642857142857144,0.09610389610389608,0.13095238095238093,0.394015444015444,0.2642857142857144,0.24568106312292354,0.3892857142857144,0.20974025974025984,0.2729813664596274,0.22242524916943524,0.15209059233449473,0.21747720364741646,0.29219269102990036,0.23928571428571438,0.3154485049833888,0.31011904761904757,0.2600303951367782,0.5014950166112955,0.3688311688311688,0.24568106312292354,0.24761904761904768,0.3154485049833888,0.28650793650793654,0.2642857142857144,0.24206349206349204,0.2740418118466899,0.3006493506493508,0.18701298701298702,0.045238095238095244,0.1642857142857143,0.06904761904761908,0.24965156794425086,0.22526132404181182,0.25952380952380955,0.25402930402930407,0.10873015873015868,0.17648083623693384,0.2740418118466899,0.05452961672473866,0.09285714285714286,0.13095238095238093,0.09610389610389608,-0.04025974025974022,0.04206349206349208,0.050649350649350666,0.15364741641337393,0.08289036544850492,0.10614617940199333,0.11109422492401222,0.3547619047619049,0.20974025974025984,0.21330532212885162,0.5172268907563027,0.24965156794425086,0.18809523809523815,0.3619601328903654,0.23246753246753254,0.2512422360248448,0.2813069908814591,0.15317460317460313,0.24323308270676697,0.3053113553113553,0.2283882783882784,0.3461038961038961,0.33996138996138997,0.2600303951367782,0.27792207792207796,0.34513677811550153,1.0,0.24568106312292354,0.2892857142857143,0.19761904761904764,0.28650793650793654,0.31011904761904757,0.4261904761904762,0.31428571428571433,0.10018315018315022,0.1294019933554817,0.22242524916943524,0.3053113553113553,0.1642857142857143,0.29285714285714287,0.24568106312292354,0.23928571428571438,0.2813069908814591,0.2169172932330828,0.4210424710424711,0.20974025974025984,-0.12641196013289038,0.1642857142857143,0.2642857142857144,0.02792207792207796,0.15077220077220072,0.18809523809523815,0.07244897959183677,0.15317460317460313,0.1962006079027357,0.21190476190476198
-0.06269841269841275,0.21459627329192543,0.19285714285714284,0.1019480519480519,0.04841269841269835,0.09826254826254821,0.24285714285714288,0.25099667774086376,0.31785714285714284,0.2837662337662338,0.1493788819875776,0.2975083056478405,0.2294425087108013,0.28860182370820675,0.3207641196013289,0.19285714285714284,0.3440199335548173,0.3386904761904761,0.28860182370820675,0.11146179401993345,0.3292207792207793,0.2975083056478405,0.25535714285714284,0.27425249169435206,0.3373015873015873,0.24285714285714288,0.15952380952380946,0.13188153310104522,0.23831168831168836,0.1246753246753246,0.169047619047619,0.15119047619047615,0.02619047619047621,0.20505226480836236,0.20505226480836236,0.02619047619047621,0.026190476190476153,0.026190476190476153,0.13188153310104522,0.25383275261324034,-0.06324041811846695,0.14523809523809522,0.0706349206349206,0.01103896103896107,-0.05714285714285716,-0.0404761904761905,-0.0344155844155844,0.03328267477203645,-0.07458471760797347,-0.09784053156146186,0.16094224924012157,0.28809523809523807,0.14740259740259737,0.1242296918767507,0.19285714285714284,0.10749128919860623,0.2404761904761905,0.3440199335548173,0.26103896103896107,0.21459627329192543,0.26732522796352587,0.2039682539682539,0.2981203007518797,0.35952380952380947,0.30824175824175826,0.3064935064935065,0.28745173745173735,0.30987841945288763,0.2837662337662338,0.3311550151975684,0.22477203647416422,1.0,0.2761904761904762,0.18174603174603166,0.31507936507936507,0.25535714285714284,0.26428571428571435,0.31785714285714284,0.12875457875457874,0.06495016611295673,0.25099667774086376,0.10311355311355308,0.04285714285714287,0.26428571428571423,0.13471760797342186,0.09285714285714286,0.09711246200607904,0.087593984962406,0.12528957528957524,0.1246753246753246,-0.12109634551495022,0.19285714285714284,0.2678571428571429,0.14740259740259737,0.12528957528957524,0.04999999999999999,-0.0010204081632653184,-0.0404761904761905,0.05455927051671733,-0.09285714285714289
-0.031746031746031744,0.20062111801242233,0.25714285714285723,0.15714285714285714,0.23492063492063486,0.14362934362934354,0.25714285714285723,0.3315614617940199,0.28214285714285714,0.24805194805194808,0.2658385093167702,0.23853820598006636,0.21811846689895464,0.27416413373860193,0.2617940199335548,0.20714285714285718,0.3780730897009966,0.3654761904761905,0.3167173252279636,0.2850498338870432,0.3162337662337663,0.2617940199335548,0.28214285714285714,0.2850498338870432,0.21269841269841272,0.30714285714285716,0.1682539682539682,0.21811846689895464,0.24805194805194808,0.20259740259740266,0.1333333333333333,0.052976190476190455,0.01428571428571429,0.2425087108013937,0.21811846689895464,0.1333333333333333,0.16996336996336991,0.05714285714285705,0.09616724738675952,0.21811846689895464,0.022996515679442442,0.1333333333333333,0.19047619047619047,0.04350649350649349,-0.1155844155844156,0.012698412698412653,-0.024675324675324628,0.08267477203647416,-0.017275747508305628,0.005980066445182675,-0.0024316109422492516,0.30000000000000004,0.22532467532467537,0.16694677871148467,0.24537815126050422,0.16933797909407666,0.37142857142857144,0.42458471760797334,0.17987012987012985,0.2875776397515528,0.2103343465045593,0.14603174603174596,0.28872180451127827,0.34945054945054943,0.2981684981684981,0.2707792207792208,0.27876447876447874,0.27416413373860193,0.45259740259740266,0.4231003039513678,0.2954407294832827,0.3083056478405316,1.0,0.12380952380952376,0.27936507936507937,0.2613095238095239,0.3238095238095239,0.43214285714285716,0.04175824175824172,0.052491694352159446,0.2617940199335548,0.16996336996336991,0.03214285714285714,0.34285714285714286,0.16877076411960124,0.15714285714285714,0.2103343465045593,0.15714285714285714,0.27876447876447874,0.24805194805194808,-0.0637873754152824,0.06190476190476191,0.18214285714285716,0.08896103896103891,0.1976833976833976,0.15714285714285714,0.024489795918367308,0.05714285714285705,0.12522796352583587,0.08571428571428569
0.12301587301587291,0.15683229813664595,0.05357142857142855,0.0649350649350649,-0.03253968253968259,0.11100386100386095,0.32857142857142857,0.12043189368770757,0.17857142857142855,0.2694805194805195,0.1350931677018633,0.2599667774086378,0.23954703832752605,0.18920972644376904,0.2832225913621262,0.2285714285714286,0.3064784053156146,0.09523809523809518,0.12537993920972645,0.16694352159468434,0.2694805194805195,0.21345514950166106,0.17857142857142855,0.21345514950166106,0.32301587301587303,0.2285714285714286,0.14523809523809517,0.16637630662020897,0.2694805194805195,0.15584415584415579,0.1547619047619047,0.11607142857142855,0.08333333333333331,0.11759581881533093,0.19076655052264807,0.13095238095238093,0.06318681318681313,0.23412698412698413,0.33710801393728224,0.3858885017421602,0.09320557491289194,0.20238095238095238,0.12301587301587291,0.11038961038961032,-0.16233766233766234,0.011904761904761862,0.01948051948051943,0.061550151975683864,-0.04235880398671099,0.027408637873754083,0.04027355623100304,0.1547619047619047,0.2922077922077922,0.09033613445378147,0.11974789915966383,-0.004355400696864131,0.1547619047619047,0.19019933554817264,0.383116883116883,0.20031055900621114,0.3168693009118541,0.21190476190476187,0.3101503759398497,0.29395604395604397,0.21703296703296698,0.2922077922077922,0.32722007722007723,0.21048632218844993,0.17857142857142855,0.16793313069908816,0.18920972644376904,0.19019933554817264,0.11607142857142855,1.0,0.23412698412698413,0.30357142857142855,0.2976190476190476,0.2535714285714286,0.3195970695970695,0.09717607973421916,0.19019933554817264,0.21703296703296698,0.15357142857142853,0.2785714285714285,0.027408637873754083,0.15357142857142853,0.12537993920972645,0.1522556390977443,0.16505791505791495,0.20129870129870125,0.027408637873754083,0.17857142857142855,0.42857142857142855,0.2922077922077922,0.05694980694980695,0.25000000000000006,0.045918367346938715,0.10079365079365071,0.08282674772036475,0.0357142857142857
-0.09920634920634927,0.24378881987577644,0.10357142857142859,0.0649350649350649,0.07857142857142846,0.11100386100386095,0.20357142857142857,0.2599667774086378,0.2285714285714286,0.40584415584415584,0.28726708074534163,0.4925249169435216,0.28832752613240414,0.3168693009118541,0.44601328903654475,0.1285714285714285,0.42275747508305633,0.13690476190476186,0.18920972644376904,0.16694352159468434,0.4740259740259741,0.2599667774086378,0.24107142857142855,0.46926910299003316,0.3452380952380952,0.42857142857142855,0.14523809523809517,0.23954703832752605,0.4740259740259741,0.22402597402597407,0.05952380952380948,0.07440476190476186,0.011904761904761918,0.14198606271776998,0.19076655052264807,0.13095238095238093,0.14010989010989,0.12301587301587291,0.14198606271776998,0.28832752613240414,-0.07752613240418124,0.25000000000000006,0.07857142857142846,-0.00324675324675322,-0.09415584415584419,0.011904761904761862,-0.04870129870129869,-0.00227963525835867,-0.11212624584717615,-0.0656146179401994,0.061550151975683864,0.17857142857142855,0.20129870129870125,0.09033613445378147,0.2079831932773109,0.09320557491289194,0.25000000000000006,0.39950166112956803,0.3603896103896103,0.28726708074534163,0.38069908814589665,0.25634920634920627,0.4417293233082708,0.5247252747252746,0.42216117216117216,0.45129870129870125,0.19208494208494203,0.4445288753799392,0.3603896103896103,0.21048632218844993,0.27431610942249246,0.329734219269103,0.2619047619047619,0.23412698412698413,1.0,0.42857142857142844,0.4880952380952381,0.4785714285714286,0.16575091575091566,0.07392026578073085,0.5390365448504983,0.19139194139194132,0.05357142857142855,0.3357142857142857,0.23671096345514947,0.0035714285714285587,0.18920972644376904,0.1522556390977443,0.13803088803088798,0.314935064935065,-0.0656146179401994,0.08333333333333331,0.2535714285714286,0.17857142857142855,0.11100386100386095,0.0357142857142857,-0.015306122448979609,-0.010317460317460336,-0.04483282674772038,0.011904761904761918
-0.009523809523809545,0.24409937888198763,0.18214285714285716,0.15714285714285714,0.1015873015873015,0.22471042471042468,0.28214285714285714,0.2850498338870432,0.25714285714285723,0.3616883116883116,0.3093167701863354,0.44784053156146175,0.1937282229965156,0.2954407294832827,0.3780730897009966,0.20714285714285718,0.3548172757475082,0.1779761904761905,0.2103343465045593,0.21528239202657806,0.40714285714285714,0.2850498338870432,0.21964285714285714,0.49435215946843836,0.45714285714285696,0.4571428571428572,0.12380952380952376,0.2912891986062718,0.38441558441558443,0.2935064935064936,0.06190476190476191,0.09464285714285714,0.08571428571428569,0.16933797909407666,0.21811846689895464,0.1333333333333333,0.16996336996336991,0.1682539682539682,0.21811846689895464,0.3644599303135888,-0.050174216027874585,0.2523809523809524,0.1015873015873015,0.04350649350649349,-0.13831168831168833,0.012698412698412653,-0.024675324675324628,-0.023708206686930078,-0.08704318936877081,-0.0637873754152824,0.06139817629179334,0.2523809523809524,0.24805194805194808,0.16694677871148467,0.2747899159663866,0.12055749128919857,0.2761904761904762,0.3548172757475082,0.3616883116883116,0.3093167701863354,0.4231003039513678,0.19047619047619047,0.4203007518796994,0.4263736263736263,0.32380952380952377,0.38441558441558443,0.22471042471042468,0.2954407294832827,0.3162337662337663,0.23161094224924017,0.3167173252279636,0.2850498338870432,0.2613095238095239,0.32380952380952377,0.45714285714285696,1.0,0.44285714285714284,0.3571428571428572,0.2468864468864469,0.19202657807308965,0.4013289036544849,0.16996336996336991,0.13214285714285712,0.4285714285714286,0.21528239202657806,0.05714285714285716,0.23161094224924017,0.2097744360902256,0.22471042471042468,0.22532467532467537,-0.0637873754152824,0.15714285714285714,0.25714285714285723,0.17987012987012985,0.17065637065637063,0.10952380952380952,-0.01632653061224487,0.012698412698412653,0.040121580547112456,0.06190476190476191
-0.033333333333333326,0.15652173913043477,0.175,0.040909090909090895,0.055555555555555525,0.2135135135135135,0.14999999999999997,0.2116279069767441,0.2750000000000001,0.29090909090909095,0.3086956521739131,0.3511627906976745,0.18780487804878043,0.27446808510638304,0.3744186046511628,0.10000000000000003,0.3976744186046511,0.15833333333333333,0.2106382978723405,0.28139534883720924,0.4045454545454545,0.30465116279069765,0.24166666666666664,0.4674418604651162,0.3,0.4250000000000001,0.21111111111111108,0.33414634146341465,0.5181818181818181,0.2,0.03333333333333338,0.033333333333333326,-0.014285714285714235,0.18780487804878043,0.2609756097560975,0.24761904761904768,0.2641025641025641,0.12222222222222218,0.18780487804878043,0.3097560975609756,0.04146341463414638,0.17619047619047618,0.09999999999999992,0.08636363636363636,-0.07272727272727272,0.055555555555555525,-0.004545454545454519,0.0617021276595745,-0.020930232558139528,0.025581395348837244,-0.0021276595744680327,0.17619047619047618,0.15454545454545454,0.07254901960784316,0.25882352941176473,0.1146341463414634,0.17619047619047618,0.3511627906976745,0.24545454545454554,0.2217391304347826,0.27446808510638304,0.16666666666666663,0.3842105263157896,0.41794871794871796,0.341025641025641,0.4045454545454545,0.2135135135135135,0.3382978723404256,0.4045454545454545,0.25319148936170216,0.38085106382978723,0.25813953488372093,0.2833333333333334,0.27777777777777773,0.45555555555555555,0.3875,1.0,0.5,0.11025641025641025,0.048837209302325546,0.4209302325581395,0.31538461538461543,0.14999999999999997,0.4428571428571429,0.30465116279069765,0.12500000000000006,0.2957446808510639,0.2263157894736842,0.3216216216216216,0.3590909090909092,-0.13720930232558137,0.05714285714285716,0.25000000000000006,0.10909090909090907,0.1324324324324324,0.12857142857142856,0.04693877551020409,0.07777777777777778,0.08297872340425533,0.12857142857142856
-0.04126984126984129,0.14906832298136646,0.0892857142857143,0.009740259740259771,-0.019047619047619035,0.11969111969111967,0.11428571428571432,0.2026578073089701,0.13928571428571435,0.30519480519480524,0.2795031055900622,0.31893687707641194,0.25087108013937276,0.3100303951367782,0.34219269102990035,0.11428571428571432,0.4352159468438538,0.1517857142857143,0.2249240121580548,0.15614617940199332,0.3733766233766235,0.2491694352159468,0.25595238095238093,0.38870431893687707,0.24761904761904763,0.4392857142857144,0.22539682539682537,0.2752613240418118,0.35064935064935077,0.2142857142857143,5.551115123125783e-17,0.08928571428571425,5.551115123125783e-17,0.17770034843205573,0.29965156794425085,0.16666666666666669,0.22710622710622708,0.11428571428571421,0.1289198606271777,0.29965156794425085,0.006968641114982577,0.2142857142857143,0.18095238095238092,0.10064935064935066,-0.0357142857142857,0.025396825396825418,-0.012987012987012936,0.07598784194528879,-0.006644518272425237,-0.02990033222591365,-0.009118541033434624,0.11904761904761907,0.12337662337662336,0.02801120448179273,0.15546218487394958,0.10452961672473865,0.14285714285714285,0.36544850498338877,0.237012987012987,0.17080745341614906,0.2249240121580548,0.20317460317460312,0.3984962406015039,0.43223443223443225,0.35531135531135527,0.35064935064935077,0.25482625482625476,0.35258358662613987,0.3733766233766235,0.26747720364741645,0.26747720364741645,0.2956810631229235,0.36011904761904756,0.22539682539682537,0.42539682539682533,0.29761904761904767,0.47619047619047616,1.0,0.07326007326007328,-0.006644518272425237,0.38870431893687707,0.17582417582417575,0.0892857142857143,0.4,0.31893687707641194,0.13928571428571435,0.26747720364741645,0.24060150375939848,0.25482625482625476,0.35064935064935077,-0.12292358803986708,0.023809523809523836,0.26428571428571435,0.12337662337662336,0.1467181467181467,0.09523809523809523,0.020408163265306145,0.06984126984126982,0.033434650455927084,0.07142857142857145
0.07698412698412693,0.11273291925465834,0.14642857142857146,0.03961038961038965,0.054761904761904734,0.20791505791505782,0.14642857142857146,0.14003322259136203,0.1964285714285714,0.17597402597402595,0.06925465838509315,0.2098006644518272,0.1360627177700348,0.08313069908814591,0.14003322259136203,0.14642857142857146,0.16328903654485044,0.09642857142857136,0.10440729483282674,0.07026578073089695,0.1532467532467532,0.07026578073089695,0.0755952380952381,0.07026578073089695,0.25476190476190474,0.07142857142857145,-0.011904761904761918,0.11167247386759577,0.08506493506493507,0.08506493506493507,0.31666666666666665,0.2005952380952381,0.19761904761904758,0.06289198606271779,0.014111498257839694,0.007142857142857173,-0.022161172161172193,0.25476190476190474,0.23362369337979094,0.11167247386759577,-0.03466898954703837,0.1261904761904762,0.032539682539682535,0.0623376623376623,-0.07402597402597405,-0.10079365079365082,-0.051298701298701316,-0.044528875379939215,0.023754152823920238,-0.04601328903654489,0.08313069908814591,0.1261904761904762,0.17597402597402595,0.07436974789915962,0.19201680672268906,0.1360627177700348,0.1261904761904762,0.16328903654485044,0.31233766233766236,0.13447204968944093,0.23206686930091192,0.12142857142857133,0.11616541353383458,0.15732600732600732,0.106043956043956,0.1532467532467532,0.04575289575289576,0.10440729483282674,0.03961038961038965,0.08313069908814591,0.08313069908814591,0.11677740863787373,0.03392857142857142,0.276984126984127,0.14365079365079358,0.2005952380952381,0.10238095238095235,0.07142857142857145,1.0,0.16328903654485044,0.04700996677740865,-0.022161172161172193,0.17142857142857137,-0.021428571428571463,-0.09252491694352163,-0.10357142857142856,-0.044528875379939215,0.06353383458646622,0.018725868725868677,-0.02857142857142858,0.09352159468438531,0.19761904761904758,0.27142857142857146,0.24415584415584413,-0.06235521235521238,0.10238095238095235,-0.1357142857142857,-0.10079365079365082,0.019300911854103375,-0.08809523809523812
0.0706349206349206,0.08416149068322976,0.06785714285714284,-0.011688311688311692,0.0706349206349206,0.17934362934362924,0.09285714285714286,0.11146179401993345,0.21785714285714286,0.1019480519480519,0.1493788819875776,0.15797342192691022,0.034320557491289205,0.05455927051671733,0.04169435215946837,0.16785714285714282,0.01843853820598007,0.10952380952380947,0.07583586626139815,0.06495016611295673,0.03376623376623372,0.20448504983388693,0.17202380952380952,0.15797342192691022,0.22619047619047616,0.11785714285714288,-0.0404761904761905,0.00993031358885016,0.056493506493506485,0.23831168831168836,0.12142857142857139,0.25535714285714284,0.0976190476190476,0.10749128919860623,0.05871080139372814,-0.045238095238095244,-0.025091575091575113,0.15952380952380946,0.13188153310104522,0.13188153310104522,-0.11202090592334499,0.12142857142857139,0.04841269841269835,-0.0344155844155844,0.03376623376623372,0.003968253968253954,0.056493506493506485,-0.030547112462006087,-0.051328903654485114,-0.0280730897009967,0.07583586626139815,0.0976190476190476,0.056493506493506485,0.02619047619047621,0.10462184873949582,0.15627177700348427,0.0976190476190476,0.15797342192691022,0.19285714285714284,0.19285714285714284,0.20349544072948333,0.04841269841269835,0.06127819548872182,0.07747252747252742,0.10311355311355308,0.056493506493506485,0.04420849420849421,0.03328267477203645,-0.0344155844155844,0.07583586626139815,0.11838905775075986,0.06495016611295673,0.04702380952380952,0.09285714285714275,0.0706349206349206,0.17202380952380952,0.04999999999999999,-0.0071428571428571175,0.18003663003662995,1.0,-0.004817275747508343,-0.10201465201465204,0.11785714285714288,0.0357142857142857,-0.051328903654485114,0.09285714285714286,-0.009270516717325206,0.008646616541353402,-0.009845559845559904,-0.0344155844155844,0.01843853820598007,0.19285714285714284,0.11785714285714288,0.17012987012987008,0.07123552123552124,0.07380952380952377,-0.06224489795918367,-0.08492063492063498,0.09711246200607904,-0.06904761904761908
-0.06269841269841275,0.10590062111801235,-0.0071428571428571175,0.056493506493506485,0.04841269841269835,0.07123552123552124,0.19285714285714284,0.15797342192691022,0.1428571428571428,0.3064935064935065,0.2798136645962733,0.3905315614617939,0.18066202090592326,0.20349544072948333,0.3207641196013289,0.06785714285714284,0.3207641196013289,0.04702380952380952,0.09711246200607904,0.13471760797342186,0.351948051948052,0.15797342192691022,0.15119047619047615,0.46029900332225904,0.27063492063492056,0.44285714285714284,0.115079365079365,0.20505226480836236,0.3746753246753246,0.1246753246753246,-0.021428571428571408,-0.015476190476190477,0.0023809523809523725,0.10749128919860623,0.15627177700348427,0.0976190476190476,0.18003663003662995,0.04841269841269835,0.08310104529616719,0.2782229965156794,-0.03885017421602793,0.21666666666666667,0.115079365079365,0.01103896103896107,-0.05714285714285716,-0.0404761904761905,-0.05714285714285716,-0.051823708206686914,-0.09784053156146186,-0.051328903654485114,-0.009270516717325206,0.07380952380952377,0.1246753246753246,0.02619047619047621,0.10462184873949582,0.034320557491289205,0.14523809523809522,0.25099667774086376,0.23831168831168836,0.21459627329192543,0.28860182370820675,0.1373015873015872,0.32443609022556397,0.35952380952380947,0.25695970695970693,0.3292207792207793,0.2333976833976833,0.30987841945288763,0.3974025974025973,0.13966565349544074,0.20349544072948333,0.25099667774086376,0.23452380952380947,0.18174603174603166,0.515079365079365,0.35952380952380947,0.430952380952381,0.4178571428571429,0.051831501831501814,-0.004817275747508343,1.0,0.23131868131868127,0.06785714285714284,0.37857142857142856,0.2975083056478405,0.01785714285714285,0.22477203647416422,0.21917293233082702,0.17934362934362924,0.3292207792207793,-0.07458471760797347,-0.021428571428571408,0.19285714285714284,0.14740259740259737,0.15231660231660227,0.04999999999999999,-0.0010204081632653184,0.0706349206349206,-0.051823708206686914,0.0976190476190476
-0.011904761904761918,0.047515527950310554,0.07142857142857145,0.01688311688311689,-0.03412698412698417,0.1268339768339768,0.1964285714285714,-0.04601328903654489,0.07142857142857145,0.03961038961038965,0.06925465838509315,0.04700996677740865,0.11167247386759577,0.0405775075987842,0.14003322259136203,0.07142857142857145,0.16328903654485044,0.0755952380952381,0.06185410334346503,0.25631229235880393,0.1532467532467532,0.14003322259136203,0.11726190476190473,0.1865448504983388,0.054761904761904734,0.17142857142857137,0.3658730158730159,0.331184668989547,0.19870129870129866,0.08506493506493507,0.007142857142857173,-0.049404761904761924,0.007142857142857173,0.18484320557491285,0.2824041811846689,0.3642857142857143,0.38809523809523805,0.01031746031746028,0.1604529616724738,0.23362369337979094,0.30679442508710797,0.1261904761904762,0.12142857142857133,0.17597402597402595,0.01688311688311689,0.2325396825396825,0.19870129870129866,0.23206686930091192,0.2098006644518272,0.25631229235880393,-0.06580547112462007,0.05476190476190479,0.13051948051948048,0.035154061624649846,0.1331932773109244,0.014111498257839694,-0.0404761904761905,0.023754152823920238,0.03961038961038965,0.06925465838509315,0.10440729483282674,0.07698412698412693,0.14248120300751882,0.13168498168498166,0.0804029304029304,0.17597402597402595,0.31602316602316594,0.10440729483282674,0.24415584415584413,0.14696048632218844,0.2533434650455928,0.09352159468438531,0.13809523809523805,0.18809523809523804,0.16587301587301578,0.13809523809523805,0.2928571428571429,0.17142857142857137,-0.022161172161172193,-0.09252491694352163,0.2098006644518272,1.0,0.1964285714285714,0.35,0.25631229235880393,0.22142857142857142,0.29589665653495445,0.32669172932330826,0.31602316602316594,0.33506493506493507,-0.11578073089700996,0.007142857142857173,0.22142857142857142,0.03961038961038965,0.20791505791505782,0.2928571428571429,0.31326530612244907,0.4103174603174602,0.16823708206686933,0.3642857142857143
0.20317460317460312,0.17080745341614906,0.0892857142857143,0.14610389610389607,0.09206349206349207,0.17374517374517373,0.0892857142857143,-0.006644518272425237,0.11428571428571432,0.032467532467532534,-0.0031055900621117516,0.01661129568106312,-0.04181184668989549,-0.009118541033434624,0.0863787375415282,0.18928571428571428,0.10963455149501661,0.11011904761904762,0.033434650455927084,0.1328903654485049,0.055194805194805185,0.0863787375415282,0.005952380952380987,0.0863787375415282,0.15873015873015867,0.13928571428571435,0.18095238095238092,0.25087108013937276,0.12337662337662336,0.12337662337662336,0.14285714285714285,0.17261904761904762,0.11904761904761907,0.0801393728222996,0.1533101045296167,0.11904761904761907,0.30402930402930406,0.24761904761904763,0.25087108013937276,0.1289198606271777,0.1533101045296167,0.19047619047619047,0.22539682539682537,0.2142857142857143,0.14610389610389607,0.13650793650793647,0.10064935064935066,0.1185410334346505,0.15614617940199332,0.10963455149501661,-0.009118541033434624,0.14285714285714285,0.07792207792207795,0.10644257703081234,0.12605042016806728,0.0801393728222996,0.023809523809523836,0.039867109634551534,0.14610389610389607,0.018633540372670843,0.09726443768996962,-0.019047619047619035,0.08270676691729328,0.09890109890109888,0.07326007326007328,0.12337662337662336,0.17374517374517373,0.05471124620060791,0.12337662337662336,0.09726443768996962,0.13981762917933133,0.039867109634551534,0.0267857142857143,0.13650793650793647,0.047619047619047616,0.11011904761904762,0.14285714285714285,0.0892857142857143,0.17582417582417575,0.10963455149501661,0.06312292358803984,0.20146520146520142,1.0,0.08571428571428574,0.15614617940199332,0.13928571428571435,0.20364741641337392,0.24060150375939848,0.17374517374517373,0.055194805194805185,0.06312292358803984,0.23809523809523814,0.23928571428571432,0.19155844155844154,0.25482625482625476,0.23809523809523814,0.12244897959183676,0.15873015873015867,0.1610942249240122,0.09523809523809523
0.016666666666666663,0.05434782608695654,0.050000000000000044,-0.022727272727272735,-0.005555555555555591,0.07432432432432434,0.17500000000000004,0.07558139534883723,0.050000000000000044,0.11363636363636365,0.20652173913043476,0.21511627906976738,0.18902439024390238,0.21808510638297873,0.21511627906976738,0.125,0.2616279069767441,0.10416666666666669,0.1968085106382979,0.1686046511627906,0.25,0.3081395348837209,0.22916666666666669,0.3313953488372092,0.17222222222222217,0.3500000000000001,0.2833333333333333,0.3109756097560975,0.2727272727272727,0.15909090909090906,-0.059523809523809534,-0.08333333333333334,0.011904761904761918,0.23780487804878042,0.3597560975609756,0.22619047619047616,0.28846153846153844,0.016666666666666663,0.1158536585365853,0.23780487804878042,0.1158536585365853,0.08333333333333337,0.1499999999999999,0.09090909090909088,-0.06818181818181818,0.17222222222222217,0.15909090909090906,0.11170212765957449,0.02906976744186046,0.09883720930232553,-0.0797872340425532,0.10714285714285715,0.11363636363636365,0.04411764705882354,0.0735294117647059,0.14024390243902435,0.035714285714285754,0.1453488372093023,0.09090909090909088,0.18478260869565216,0.17553191489361702,0.12777777777777777,0.25,0.23717948717948711,0.1858974358974359,0.25,0.29054054054054046,0.17553191489361702,0.31818181818181823,0.1968085106382979,0.21808510638297873,0.21511627906976738,0.25,0.21666666666666662,0.26111111111111107,0.3125,0.36904761904761907,0.3500000000000001,-0.019230769230769273,0.02906976744186046,0.3081395348837209,0.3141025641025641,0.07500000000000001,1.0,0.2848837209302325,0.17500000000000004,0.2819148936170214,0.2763157894736842,0.29054054054054046,0.2727272727272727,-0.13372093023255816,-0.035714285714285726,0.17500000000000004,0.04545454545454547,0.1283783783783784,0.15476190476190477,0.1989795918367347,0.19444444444444436,0.09042553191489361,0.22619047619047616
-0.0182539682539683,0.127639751552795,0.1428571428571428,-0.011688311688311692,0.003968253968253954,0.12528957528957524,0.01785714285714285,0.06495016611295673,0.09285714285714286,0.056493506493506485,0.17111801242236024,0.13471760797342186,0.08310104529616719,0.11838905775075986,0.13471760797342186,0.01785714285714285,0.18122923588039863,0.15119047619047615,0.07583586626139815,0.15797342192691022,0.14740259740259737,0.15797342192691022,0.19285714285714284,0.2975083056478405,0.0706349206349206,0.3928571428571429,0.3817460317460316,0.3513937282229965,0.26103896103896107,0.21558441558441555,-0.1166666666666667,0.005357142857142838,-0.09285714285714289,0.20505226480836236,0.3270034843205575,0.3119047619047619,0.43644688644688645,-0.0182539682539683,0.034320557491289205,0.08310104529616719,0.15627177700348427,0.14523809523809522,0.15952380952380946,0.17012987012987008,0.1019480519480519,0.22619047619047616,0.21558441558441555,0.20349544072948333,0.18122923588039863,0.18122923588039863,-0.09437689969604865,0.14523809523809522,-0.0344155844155844,0.04579831932773104,0.19285714285714284,0.10749128919860623,-0.021428571428571408,0.13471760797342186,-0.011688311688311692,0.04068322981366457,0.07583586626139815,0.04841269841269835,0.19285714285714284,0.18003663003662995,0.18003663003662995,0.17012987012987008,0.15231660231660227,0.13966565349544074,0.21558441558441555,0.13966565349544074,0.22477203647416422,0.13471760797342186,0.15119047619047615,0.026190476190476153,0.22619047619047616,0.19285714285714284,0.3119047619047619,0.34285714285714286,-0.10201465201465204,-0.051328903654485114,0.2975083056478405,0.2826007326007326,0.16785714285714282,0.35,1.0,0.21785714285714286,0.39498480243161094,0.35075187969924815,0.31447876447876444,0.351948051948052,-0.2838870431893688,-0.045238095238095244,0.04285714285714287,0.03376623376623372,0.20637065637065632,0.19285714285714284,0.2438775510204082,0.2039682539682539,0.09711246200607904,0.19285714285714284
0.09206349206349207,0.14906832298136646,0.11428571428571432,0.032467532467532534,0.047619047619047616,0.0926640926640927,0.16428571428571426,0.0863787375415282,0.13928571428571435,-0.012987012987012936,-0.0031055900621117516,-0.05315614617940201,0.1289198606271777,0.012158054711246258,-0.006644518272425237,0.16428571428571426,0.10963455149501661,0.1517857142857143,0.07598784194528879,0.15614617940199332,0.009740259740259771,0.1328903654485049,0.193452380952381,0.039867109634551534,0.047619047619047616,0.13928571428571435,0.292063492063492,0.1533101045296167,0.032467532467532534,0.16883116883116883,-0.047619047619047616,0.08928571428571425,-0.07142857142857142,0.1289198606271777,0.3240418118466899,0.2142857142857143,0.1501831501831502,-0.04126984126984129,0.05574912891986067,0.1289198606271777,0.20209059233449472,5.551115123125783e-17,0.24761904761904763,0.055194805194805185,0.055194805194805185,0.18095238095238092,0.32792207792207795,0.20364741641337392,0.15614617940199332,0.15614617940199332,0.033434650455927084,0.16666666666666669,0.07792207792207795,0.08683473389355745,0.12605042016806728,-0.01742160278745647,0.023809523809523836,0.0863787375415282,-0.012987012987012936,-0.0248447204968944,-0.009118541033434624,0.11428571428571421,0.1353383458646617,0.07326007326007328,0.047619047619047616,0.009740259740259771,0.28185328185328185,0.012158054711246258,0.07792207792207795,0.1185410334346505,0.20364741641337392,0.0863787375415282,0.13095238095238093,0.13650793650793647,0.0031746031746031633,0.047619047619047616,0.11904761904761907,0.13928571428571435,-0.10622710622710621,0.0863787375415282,0.01661129568106312,0.22710622710622708,0.13928571428571435,0.2,0.2026578073089701,1.0,0.1610942249240122,0.1353383458646617,0.25482625482625476,0.28246753246753253,-0.12292358803986708,0.04761904761904767,0.11428571428571432,0.07792207792207795,0.362934362934363,0.14285714285714285,0.2857142857142858,0.33650793650793653,0.05471124620060791,0.2142857142857143
0.06428571428571422,0.1642857142857143,0.18928571428571433,0.050649350649350666,0.04206349206349208,0.1777992277992278,0.08928571428571436,0.05963455149501662,0.11428571428571427,0.09610389610389608,0.1642857142857143,0.1526578073089701,0.00574912891986068,0.06854103343465051,0.10614617940199333,0.1392857142857143,0.1759136212624584,0.10178571428571431,0.11109422492401222,0.22242524916943524,0.11883116883116884,0.1759136212624584,0.12261904761904763,0.24568106312292354,0.10873015873015868,0.2892857142857143,0.28650793650793654,0.371602787456446,0.20974025974025984,0.20974025974025984,-0.04999999999999993,-0.0023809523809523725,0.021428571428571463,0.20087108013937277,0.2740418118466899,0.3785714285714286,0.5873626373626373,0.08650793650793648,0.12770034843205574,0.1033101045296167,0.22526132404181182,0.14047619047619048,0.13095238095238093,0.14155844155844155,0.09610389610389608,0.24206349206349204,0.14155844155844155,0.1962006079027357,0.24568106312292354,0.22242524916943524,-0.03784194528875373,0.18809523809523815,0.050649350649350666,0.07605042016806723,0.2525210084033614,0.1033101045296167,0.045238095238095244,0.1294019933554817,0.09610389610389608,0.05559006211180123,0.11109422492401222,-0.02460317460317457,0.1116541353383459,0.15146520146520143,0.10018315018315022,0.1642857142857143,0.20482625482625477,0.06854103343465051,0.23246753246753254,0.1749240121580548,0.2813069908814591,0.10614617940199333,0.20595238095238094,0.13095238095238093,0.19761904761904764,0.2267857142857143,0.33095238095238105,0.31428571428571433,-0.05366300366300364,-0.010132890365448455,0.24568106312292354,0.3565934065934066,0.23928571428571438,0.3785714285714286,0.4317275747508305,0.18928571428571433,1.0,0.3484962406015039,0.4210424710424711,0.25519480519480525,-0.14966777408637874,-0.002380952380952317,0.1392857142857143,0.02792207792207796,0.20482625482625477,0.1642857142857143,0.21530612244897968,0.24206349206349204,0.15364741641337393,0.33095238095238105
-0.026984126984127,0.03291925465838513,0.028571428571428636,0.0012987012987013546,-0.026984126984127,0.161003861003861,0.07857142857142863,0.007641196013289053,0.07857142857142863,0.02402597402597406,0.1416149068322981,0.10066445182724248,0.0944250871080139,0.0689969604863222,0.10066445182724248,0.0035714285714286143,0.21694352159468439,0.10357142857142854,0.15410334346504562,0.17043189368770761,0.11493506493506495,0.2401993355481727,0.1244047619047619,0.21694352159468439,0.10634920634920636,0.2535714285714286,0.3063492063492063,0.4602787456445992,0.16038961038961036,0.16038961038961036,0.014285714285714346,0.04107142857142859,-0.057142857142857134,0.2895470383275261,0.31393728222996514,0.3000000000000001,0.3952380952380952,0.10634920634920636,0.11881533101045294,0.0944250871080139,0.24076655052264812,0.18095238095238098,0.1952380952380952,0.20584415584415583,0.09220779220779224,0.17301587301587296,0.16038961038961036,0.26048632218844997,0.21694352159468439,0.21694352159468439,-0.16504559270516717,0.014285714285714346,0.0012987012987013546,0.02268907563025213,0.11092436974789921,0.11881533101045294,-0.057142857142857134,0.07740863787375413,0.046753246753246824,0.09813664596273292,0.09027355623100308,0.03968253968253971,0.12330827067669176,0.1644688644688645,0.11318681318681317,0.16038961038961036,0.07992277992277996,0.09027355623100308,0.2512987012987013,0.1328267477203648,0.1753799392097265,0.07740863787375413,0.1244047619047619,0.1285714285714285,0.1285714285714285,0.1660714285714286,0.20476190476190476,0.2285714285714286,0.06190476190476191,0.007641196013289053,0.19368770764119597,0.31831501831501835,0.2285714285714286,0.3,0.3099667774086378,0.12857142857142861,0.28176291793313074,1.0,0.24208494208494208,0.2285714285714286,-0.15514950166112956,0.038095238095238126,0.20357142857142857,0.13766233766233765,0.10694980694980699,0.27619047619047626,0.17755102040816328,0.1952380952380952,0.1328267477203648,0.25238095238095243
0.06904761904761902,0.14875776397515522,0.2107142857142857,0.12207792207792206,0.046825396825396826,0.27625482625482617,0.16071428571428575,0.1078073089700996,0.2107142857142857,0.09935064935064936,0.19223602484472047,0.08455149501661124,0.028397212543553985,0.07613981762917932,0.1078073089700996,0.16071428571428575,0.17757475083056473,0.19404761904761902,0.11869300911854103,0.4101328903654485,0.16753246753246748,0.08455149501661124,0.1732142857142857,0.17757475083056473,0.13571428571428562,0.2107142857142857,0.26904761904761904,0.19912891986062714,0.16753246753246748,0.09935064935064936,-0.05000000000000002,0.04821428571428571,0.06904761904761908,0.1747386759581881,0.22351916376306613,0.3547619047619048,0.3767399267399267,0.09126984126984122,0.07717770034843208,0.12595818815331006,0.1503484320557491,0.06904761904761908,0.11349206349206348,0.12207792207792206,0.008441558441558472,0.02460317460317457,0.09935064935064936,0.20379939209726444,0.2473421926910298,0.2240863787375415,0.05486322188449849,0.21190476190476187,0.09935064935064936,0.12787114845938374,0.29453781512605043,0.19912891986062714,0.09285714285714286,0.17757475083056473,0.0766233766233766,0.061801242236024845,0.05486322188449849,0.0023809523809523725,0.07781954887218051,0.09468864468864469,0.06904761904761902,0.14480519480519477,0.3573359073359073,0.05486322188449849,0.16753246753246748,0.18252279635258362,0.3314589665653496,0.1078073089700996,0.2148809523809524,0.13571428571428562,0.11349206349206348,0.1732142857142857,0.2833333333333334,0.2357142857142857,0.017765567765567758,-0.008471760797342243,0.15431893687707632,0.2998168498168498,0.16071428571428575,0.3071428571428571,0.2705980066445182,0.2357142857142857,0.3314589665653496,0.2357142857142857,1.0,0.2584415584415584,-0.07823920265780734,0.06904761904761908,0.13571428571428573,0.03116883116883118,0.14111969111969108,0.1880952380952381,0.14387755102040817,0.24682539682539678,0.3314589665653496,0.33095238095238094
-0.0031746031746031633,0.14223602484472048,0.08571428571428574,-0.04155844155844152,0.041269841269841234,0.03706563706563709,0.08571428571428574,0.17408637873754151,0.08571428571428574,0.14025974025974025,0.18571428571428572,0.17408637873754151,0.14912891986062715,0.08996960486322192,0.1508305647840531,0.035714285714285754,0.24385382059800664,0.060714285714285665,0.04741641337386021,0.1508305647840531,0.16298701298701296,0.22059800664451823,0.18571428571428572,0.29036544850498336,0.041269841269841234,0.3857142857142858,0.2857142857142857,0.2954703832752613,0.25389610389610395,0.23116883116883125,-0.0761904761904762,-0.022619047619047594,-0.028571428571428525,0.1247386759581881,0.2954703832752613,0.28095238095238095,0.2754578754578755,0.06349206349206349,0.10034843205574911,0.27108013937282227,0.19790940766550524,0.16190476190476188,0.1968253968253968,0.09480519480519478,-0.01883116883116881,0.10793650793650789,0.16298701298701296,0.13252279635258363,0.10431893687707633,0.12757475083056474,-0.10151975683890577,0.11428571428571427,0.11753246753246749,0.03865546218487392,0.0974789915966387,0.0027874564459930418,0.09047619047619049,0.17408637873754151,0.07207792207792207,0.03354037267080745,0.08996960486322192,0.08571428571428563,0.2383458646616542,0.22417582417582416,0.14725274725274717,0.18571428571428572,0.28030888030888024,0.15379939209726445,0.25389610389610395,0.11124620060790275,0.19635258358662622,0.12757475083056474,0.22738095238095235,0.1968253968253968,0.30793650793650795,0.2065476190476191,0.3761904761904763,0.3857142857142858,-0.03223443223443223,-0.03521594684385382,0.3368770764119602,0.378021978021978,0.06071428571428572,0.34285714285714286,0.3601328903654485,0.3107142857142857,0.23890577507598787,0.2646616541353384,0.3073359073359073,1.0,-0.12823920265780733,-0.05238095238095236,0.23571428571428577,0.09480519480519478,0.25328185328185326,0.16190476190476188,0.1755102040816327,0.21904761904761905,0.04741641337386021,0.2333333333333334
0.27063492063492056,0.04068322981366457,-0.10714285714285715,0.17012987012987008,0.15952380952380946,-0.009845559845559904,-0.03214285714285714,-0.07458471760797347,-0.05714285714285716,0.056493506493506485,-0.08975155279503108,-0.051328903654485114,-0.06324041811846695,-0.0731003039513678,-0.12109634551495022,0.11785714285714288,-0.12109634551495022,-0.11964285714285719,-0.09437689969604865,-0.051328903654485114,-0.0344155844155844,-0.12109634551495022,-0.16130952380952382,-0.19086378737541532,0.003968253968253954,-0.20714285714285716,-0.21825396825396828,-0.13641114982578398,-0.14805194805194805,-0.14805194805194805,0.07380952380952377,0.026190476190476153,0.12142857142857139,-0.16080139372822302,-0.2095818815331011,-0.16428571428571428,-0.1532967032967033,0.1373015873015872,0.05871080139372814,0.05871080139372814,-0.11202090592334499,0.02619047619047621,-0.1293650793650794,0.01103896103896107,-0.0344155844155844,-0.1071428571428572,-0.17077922077922078,-0.1156534954407295,-0.07458471760797347,-0.09784053156146186,0.11838905775075986,0.0023809523809523725,0.17012987012987008,0.06540616246498598,-0.07184873949579834,-0.06324041811846695,0.02619047619047621,-0.12109634551495022,0.056493506493506485,-0.046273291925465865,-0.09437689969604865,-0.06269841269841275,-0.09661654135338346,-0.07637362637362644,-0.07637362637362644,-0.12532467532467534,0.04420849420849421,-0.030547112462006087,-0.10259740259740263,-0.1156534954407295,-0.1156534954407295,-0.12109634551495022,-0.05714285714285716,0.026190476190476153,-0.06269841269841275,-0.05714285714285716,-0.14047619047619048,-0.13214285714285715,0.10311355311355308,0.01843853820598007,-0.07458471760797347,-0.12765567765567767,0.06785714285714284,-0.1642857142857143,-0.2838870431893688,-0.13214285714285715,-0.13693009118541036,-0.17556390977443612,-0.09092664092664096,-0.12532467532467534,1.0,0.07380952380952377,0.04285714285714287,0.01103896103896107,-0.09092664092664096,0.0023809523809523725,-0.10306122448979593,-0.0404761904761905,-0.009270516717325206,-0.045238095238095244
0.23333333333333334,0.17826086956521742,0.14999999999999997,0.2,0.011111111111111127,0.2135135135135135,0.14999999999999997,0.0720930232558139,0.14999999999999997,0.17727272727272725,0.026086956521739146,0.09534883720930232,-0.007317073170731714,0.019148936170212794,0.0720930232558139,0.175,0.09534883720930232,0.11666666666666664,0.019148936170212794,0.11860465116279062,0.08636363636363636,0.048837209302325546,0.012500000000000011,0.025581395348837244,0.3,0.025000000000000022,-0.011111111111111127,-0.007317073170731714,0.040909090909090895,0.040909090909090895,0.2,0.36666666666666664,0.24761904761904768,-0.007317073170731714,0.017073170731707332,0.009523809523809545,0.0076923076923077205,0.2555555555555556,0.2609756097560975,0.16341463414634144,-0.05609756097560978,0.12857142857142856,0.055555555555555525,0.040909090909090895,-0.04999999999999999,-0.0777777777777778,-0.07272727272727272,-0.0021276595744680327,0.0720930232558139,-0.0674418604651163,0.2957446808510639,0.22380952380952385,0.06363636363636366,0.09215686274509804,0.17058823529411765,0.1146341463414634,0.1523809523809524,0.14186046511627903,0.26818181818181824,0.2,0.16808510638297874,0.011111111111111127,0.015789473684210575,0.11025641025641025,0.033333333333333326,0.040909090909090895,0.1324324324324324,0.0617021276595745,0.040909090909090895,0.12553191489361704,0.14680851063829792,0.1883720930232558,0.054166666666666696,0.16666666666666663,0.07777777777777778,0.1375,0.05714285714285716,0.025000000000000022,0.21282051282051279,0.1883720930232558,-0.020930232558139528,0.0076923076923077205,0.25000000000000006,-0.04285714285714287,-0.04418604651162794,0.050000000000000044,-0.0021276595744680327,0.04210526315789481,0.07837837837837841,-0.04999999999999999,0.0720930232558139,1.0,0.25000000000000006,0.26818181818181824,0.15945945945945944,0.12857142857142856,-0.1163265306122449,-0.033333333333333326,0.14680851063829792,-0.06190476190476191
0.11428571428571421,0.1925465838509317,0.0892857142857143,0.07792207792207795,-0.019047619047619035,0.17374517374517373,0.23928571428571432,0.1328903654485049,0.16428571428571426,0.237012987012987,0.14906832298136646,0.2259136212624584,0.25087108013937276,0.18237082066869303,0.2491694352159468,0.18928571428571428,0.2956810631229235,0.1517857142857143,0.1610942249240122,0.17940199335548168,0.2597402597402598,0.2026578073089701,0.17261904761904762,0.17940199335548168,0.2698412698412699,0.16428571428571426,0.18095238095238092,0.20209059233449472,0.19155844155844154,0.2142857142857143,0.11904761904761907,0.193452380952381,0.19047619047619047,0.1289198606271777,0.20209059233449472,0.16666666666666669,0.1501831501831502,0.3142857142857143,0.42160278745644597,0.372822299651568,0.1533101045296167,0.30952380952380953,0.24761904761904763,0.19155844155844154,-0.012987012987012936,0.047619047619047616,0.07792207792207795,0.09726443768996962,0.0863787375415282,0.06312292358803984,0.07598784194528879,0.19047619047619047,0.237012987012987,0.12605042016806722,0.2142857142857143,0.0801393728222996,0.14285714285714285,0.2026578073089701,0.35064935064935077,0.17080745341614906,0.26747720364741645,0.18095238095238092,0.2669172932330828,0.2783882783882784,0.22710622710622708,0.28246753246753253,0.28185328185328185,0.20364741641337392,0.2142857142857143,0.18237082066869303,0.2249240121580548,0.2491694352159468,0.1517857142857143,0.38095238095238093,0.22539682539682537,0.2142857142857143,0.23809523809523814,0.26428571428571435,0.2783882783882784,0.10963455149501661,0.17940199335548168,0.22710622710622708,0.23928571428571432,0.2,0.039867109634551534,0.11428571428571432,0.1185410334346505,0.2142857142857143,0.1467181467181467,0.2142857142857143,0.039867109634551534,0.23809523809523814,1.0,0.28246753246753253,0.0926640926640927,0.2857142857142858,0.06122448979591838,0.09206349206349207,0.09726443768996962,0.07142857142857145
0.08571428571428563,0.14223602484472048,0.06071428571428572,0.16298701298701296,0.041269841269841234,0.14517374517374515,0.21071428571428574,0.12757475083056474,0.13571428571428568,0.18571428571428572,0.14223602484472048,0.24385382059800664,0.1247386759581881,0.08996960486322192,0.1508305647840531,0.1607142857142857,0.17408637873754151,0.08154761904761904,-0.016413373860182323,0.05780730897009961,0.14025974025974025,0.05780730897009961,0.039880952380952406,0.10431893687707633,0.2857142857142857,0.1607142857142857,0.06349206349206349,0.10034843205574911,0.14025974025974025,0.07207792207792207,0.25714285714285723,0.28988095238095246,0.09047619047619049,0.05156794425087102,0.10034843205574911,0.04285714285714287,0.0703296703296703,0.30793650793650795,0.2954703832752613,0.10034843205574911,0.05156794425087102,0.3047619047619048,0.1968253968253968,0.18571428571428572,0.003896103896103953,0.019047619047619035,-0.01883116883116881,0.04741641337386021,0.10431893687707633,0.08106312292358803,0.08996960486322192,0.09047619047619049,0.09480519480519478,0.05826330532212887,0.06806722689075634,0.07595818815331007,0.09047619047619049,0.1508305647840531,0.29935064935064937,0.2291925465838509,0.17507598784194534,0.06349206349206349,0.18571428571428572,0.17289377289377283,0.14725274725274717,0.16298701298701296,0.09111969111969109,0.13252279635258363,0.14025974025974025,0.08996960486322192,0.02613981762917933,0.1508305647840531,0.08154761904761904,0.2857142857142857,0.17460317460317454,0.1648809523809524,0.11428571428571427,0.13571428571428568,0.2754578754578755,0.17408637873754151,0.1508305647840531,0.044688644688644696,0.21071428571428574,0.05714285714285716,0.034551495016611256,0.08571428571428574,0.02613981762917933,0.15939849624060148,0.03706563706563709,0.09480519480519478,0.011295681063122953,0.28095238095238095,0.3107142857142857,1.0,0.1992277992277992,0.20952380952380956,-0.028571428571428525,-0.025396825396825418,0.004863221884498503,-0.004761904761904745
0.11349206349206348,0.19223602484472047,0.11071428571428571,0.12207792207792206,0.11349206349206348,0.08706563706563708,0.13571428571428573,0.17757475083056473,0.010714285714285732,-0.01428571428571429,-0.04689440993788821,-0.008471760797342243,0.0040069686411149386,-0.030243161094224924,-0.008471760797342243,0.13571428571428573,0.06129568106312294,0.11071428571428565,-0.07279635258358663,0.03803986710963453,0.03116883116883118,0.03803986710963453,0.04821428571428571,0.08455149501661124,0.046825396825396826,0.16071428571428575,0.15793650793650788,0.05278745644599303,0.03116883116883118,0.05389610389610394,-0.0023809523809523725,0.13154761904761902,0.021428571428571463,-0.0447735191637631,0.1747386759581881,0.045238095238095244,0.1716117216117216,0.02460317460317457,0.0040069686411149386,0.07717770034843208,0.05278745644599303,0.11666666666666664,0.20238095238095233,0.03116883116883118,-0.01428571428571429,0.06904761904761902,0.12207792207792206,0.033586626139817666,0.08455149501661124,-0.008471760797342243,0.11869300911854103,0.16428571428571426,0.05389610389610394,0.10826330532212886,0.08865546218487397,0.0040069686411149386,0.16428571428571426,0.1078073089700996,0.05389610389610394,0.018322981366459656,0.012310030395136784,0.02460317460317457,0.10413533834586469,0.09468864468864469,0.04340659340659342,0.008441558441558472,0.19517374517374514,0.033586626139817666,0.12207792207792206,0.16124620060790273,0.11869300911854103,0.1078073089700996,0.15238095238095234,0.046825396825396826,0.09126984126984122,0.13154761904761902,0.11666666666666664,0.13571428571428573,-0.05915750915750917,0.06129568106312294,0.13106312292358802,0.19725274725274716,0.2357142857142857,0.13571428571428573,0.17757475083056473,0.3357142857142858,0.16124620060790273,0.10413533834586469,0.14111969111969108,0.21298701298701295,-0.07823920265780734,0.14047619047619048,0.08571428571428574,0.16753246753246748,1.0,0.09285714285714286,0.10306122448979588,0.13571428571428562,-0.008966565349544042,0.06904761904761908
0.12222222222222218,0.004347826086956552,0.050000000000000044,0.06363636363636366,-0.033333333333333326,0.2135135135135135,0.2,-0.020930232558139528,0.12500000000000006,0.13181818181818178,0.11304347826086952,0.11860465116279062,0.21219512195121953,0.16808510638297874,0.14186046511627903,0.07500000000000001,0.2116279069767441,0.11666666666666664,0.14680851063829792,0.1883720930232558,0.13181818181818178,0.11860465116279062,0.1375,0.0720930232558139,0.16666666666666663,0.07500000000000001,0.2555555555555556,0.28536585365853656,0.13181818181818178,0.10909090909090907,0.10476190476190478,0.09583333333333333,0.05714285714285716,0.1390243902439024,0.1390243902439024,0.17619047619047618,0.18717948717948713,0.23333333333333334,0.2609756097560975,0.16341463414634144,0.23658536585365847,0.22380952380952385,0.21111111111111108,0.4045454545454545,0.018181818181818243,0.23333333333333334,0.17727272727272725,0.3382978723404256,0.1651162790697674,0.2116279069767441,-0.06595744680851062,0.05714285714285716,0.10909090909090907,0.013725490196078438,0.17058823529411765,0.1146341463414634,-0.014285714285714235,0.0720930232558139,0.15454545454545454,0.15652173913043477,0.12553191489361704,0.18888888888888883,0.2263157894736842,0.18717948717948713,0.2641025641025641,0.15454545454545454,0.1864864864864864,0.14680851063829792,0.15454545454545454,0.10425531914893621,0.16808510638297874,0.048837209302325546,0.1375,0.23333333333333334,0.033333333333333326,0.09583333333333333,0.12857142857142856,0.10000000000000003,0.11025641025641025,0.0720930232558139,0.048837209302325546,0.31538461538461543,0.25000000000000006,0.18571428571428572,0.1883720930232558,0.14999999999999997,0.14680851063829792,0.30526315789473685,0.2135135135135135,0.15454545454545454,0.0023255813953488302,0.12857142857142856,0.3000000000000001,0.2,0.10540540540540538,1.0,0.21020408163265308,0.2555555555555556,0.16808510638297874,0.2
0.02777777777777779,0.04130434782608694,0.07500000000000007,-0.009090909090909094,0.04999999999999993,0.02837837837837842,0.07500000000000007,-0.09418604651162793,5.551115123125783e-17,-0.05454545454545451,0.019565217391304346,-0.024418604651162745,0.13780487804878044,0.03297872340425534,0.04534883720930233,0.025000000000000022,0.09186046511627904,0.024999999999999967,0.09680851063829793,0.09186046511627904,0.013636363636363669,0.1151162790697674,0.15000000000000002,-0.0011627906976744429,-0.061111111111111116,0.09999999999999998,0.4277777777777777,0.28414634146341466,0.036363636363636376,0.17272727272727273,-0.1119047619047619,-0.09999999999999998,-0.1595238095238095,0.16219512195121955,0.33292682926829276,0.31666666666666676,0.3423076923076923,-0.03888888888888886,0.08902439024390241,0.015853658536585324,0.4060975609756097,0.07857142857142857,0.2055555555555556,0.24090909090909096,0.19545454545454555,0.5166666666666666,0.42272727272727273,0.373404255319149,0.3011627906976745,0.3709302325581395,-0.17978723404255317,0.007142857142857173,0.013636363636363669,0.061764705882352944,0.0911764705882353,0.015853658536585324,-0.1595238095238095,-0.07093023255813952,-0.05454545454545451,-0.04565217391304344,-0.009574468085106369,0.09444444444444439,0.0973684210526316,0.0346153846153846,0.060256410256410264,0.05909090909090908,0.13648648648648642,-0.009574468085106369,0.05909090909090908,0.011702127659574513,0.07553191489361705,-0.0011627906976744429,0.024999999999999967,0.04999999999999993,-0.016666666666666663,-0.016666666666666663,0.05476190476190479,0.025000000000000022,-0.1705128205128205,-0.07093023255813952,-0.0011627906976744429,0.39358974358974363,0.15000000000000002,0.2785714285714286,0.2779069767441861,0.3500000000000001,0.22446808510638305,0.22894736842105268,0.19054054054054048,0.19545454545454555,-0.11744186046511629,-0.1357142857142857,0.07500000000000007,-0.031818181818181746,0.13648648648648642,0.24523809523809526,1.0,0.40555555555555556,0.11808510638297876,0.38809523809523816
0.14523809523809517,0.04813664596273287,0.07857142857142857,0.0649350649350649,-0.010317460317460336,0.11100386100386095,0.1285714285714285,-0.0656146179401994,0.0035714285714285587,-0.025974025974025983,0.004658385093167683,-0.08887043189368776,0.09320557491289194,-0.023556231003039496,0.00415282392026578,0.07857142857142857,0.09717607973421916,0.011904761904761862,0.04027355623100304,0.14368770764119593,0.01948051948051943,0.00415282392026578,0.09523809523809518,0.027408637873754083,-0.03253968253968259,0.10357142857142859,0.3674603174603173,0.2639372822299651,0.01948051948051943,0.01948051948051943,-0.08333333333333337,-0.07142857142857145,-0.011904761904761918,0.14198606271776998,0.215156794425087,0.3452380952380953,0.3452380952380952,-0.03253968253968259,0.09320557491289194,0.14198606271776998,0.3614982578397213,0.011904761904761918,0.21190476190476187,0.17857142857142855,0.11038961038961032,0.25634920634920627,0.2922077922077922,0.29559270516717334,0.2599667774086378,0.2832225913621262,-0.08738601823708209,0.0357142857142857,0.11038961038961032,0.07072829131652658,0.09033613445378152,0.0688153310104529,-0.08333333333333337,-0.0656146179401994,-0.09415584415584419,-0.060559006211180155,-0.04483282674772038,0.056349206349206316,0.04699248120300753,0.011904761904761862,0.011904761904761862,0.01948051948051943,0.2461389961389961,-0.00227963525835867,0.042207792207792194,0.018996960486322156,0.14665653495440728,-0.04235880398671099,0.05357142857142849,0.10079365079365071,-0.010317460317460336,0.011904761904761862,0.08333333333333331,0.07857142857142857,-0.11630036630036633,-0.08887043189368776,0.07392026578073085,0.47344322344322337,0.17857142857142855,0.24999999999999994,0.21345514950166106,0.3785714285714286,0.2317629179331307,0.23120300751879702,0.30019305019305015,0.22402597402597407,-0.04235880398671099,-0.0357142857142857,0.10357142857142859,-0.025974025974025983,0.16505791505791495,0.2738095238095238,0.3724489795918367,1.0,0.2530395136778116,0.46428571428571425
0.17539682539682538,0.14254658385093172,0.2642857142857144,0.14155844155844155,0.10873015873015868,0.33996138996138997,0.18928571428571433,0.036378737541528205,0.23928571428571438,0.0051948051948051965,0.09906832298136647,0.013122923588039848,0.00574912891986068,0.025987841945288803,0.08289036544850492,0.2642857142857144,0.10614617940199333,0.2267857142857143,0.13237082066869305,0.3387043189368771,0.09610389610389608,0.1526578073089701,0.1642857142857143,0.08289036544850492,0.10873015873015868,0.06428571428571433,0.17539682539682538,0.1033101045296167,0.07337662337662337,0.09610389610389608,0.1166666666666667,0.143452380952381,0.06904761904761908,0.12770034843205574,0.1033101045296167,0.2833333333333334,0.25402930402930407,0.13095238095238093,0.15209059233449473,0.1033101045296167,0.2740418118466899,0.021428571428571463,0.10873015873015868,0.18701298701298702,0.11883116883116884,0.06428571428571422,0.07337662337662337,0.21747720364741646,0.26893687707641195,0.3154485049833888,0.08981762917933134,0.18809523809523815,0.09610389610389608,0.09565826330532218,0.28193277310924375,0.29843205574912895,0.06904761904761908,0.08289036544850492,0.02792207792207796,0.09906832298136647,0.004711246200607921,-0.046825396825396826,-0.019924812030075123,0.07454212454212455,0.048901098901098894,0.09610389610389608,0.25888030888030883,0.025987841945288803,0.02792207792207796,0.1962006079027357,0.1962006079027357,0.05963455149501662,0.12261904761904763,0.08650793650793648,-0.046825396825396826,0.03928571428571426,0.09285714285714286,0.03928571428571431,0.02326007326007329,0.10614617940199333,-0.056644518272425226,0.20274725274725275,0.18928571428571433,0.12142857142857144,0.10614617940199333,0.06428571428571433,0.15364741641337393,0.1642857142857143,0.4210424710424711,0.050649350649350666,-0.010132890365448455,0.1642857142857143,0.11428571428571427,0.0051948051948051965,-0.011389961389961345,0.18809523809523815,0.113265306122449,0.2642857142857143,1.0,0.25952380952380955
0.055555555555555525,0.04782608695652174,0.12500000000000006,0.040909090909090895,0.011111111111111127,0.10540540540540538,0.12500000000000006,-0.04418604651162794,-0.024999999999999967,-0.09545454545454546,0.04782608695652174,-0.020930232558139528,-0.03170731707317076,-0.04468085106382974,-0.020930232558139528,0.025000000000000022,0.0720930232558139,0.012500000000000011,0.0617021276595745,0.2116279069767441,0.018181818181818243,0.048837209302325546,0.09583333333333333,0.0720930232558139,-0.05555555555555558,0.10000000000000003,0.2555555555555556,0.28536585365853656,0.040909090909090895,0.018181818181818243,-0.08571428571428572,-0.04999999999999999,0.009523809523809545,0.21219512195121953,0.23658536585365847,0.36666666666666675,0.4435897435897436,-0.033333333333333326,0.04146341463414638,0.017073170731707332,0.33414634146341465,0.05714285714285716,0.16666666666666663,0.17727272727272725,0.2,0.23333333333333334,0.22272727272727272,0.27446808510638304,0.3744186046511628,0.4674418604651162,-0.08723404255319148,0.009523809523809545,0.040909090909090895,0.07254901960784316,0.08235294117647063,0.1146341463414634,-0.10952380952380952,-0.0674418604651163,-0.07272727272727272,0.004347826086956552,-0.04468085106382974,-0.0777777777777778,-0.0368421052631579,-0.01794871794871794,-0.06923076923076926,0.040909090909090895,0.1864864864864864,-0.023404255319148914,0.08636363636363636,0.019148936170212794,0.18936170212765963,-0.09069767441860468,0.07499999999999996,0.033333333333333326,0.011111111111111127,0.054166666666666696,0.12857142857142856,0.07500000000000001,-0.09487179487179487,-0.0674418604651163,0.09534883720930232,0.3923076923076923,0.10000000000000003,0.2714285714285714,0.1883720930232558,0.22500000000000003,0.2957446808510639,0.27894736842105267,0.37567567567567567,0.22272727272727272,-0.04418604651162794,-0.06190476190476191,0.07500000000000001,-0.004545454545454519,0.07837837837837841,0.2,0.33265306122448984,0.4333333333333333,0.2319148936170214,1.0
