0,1,2,3,4,5,6,7,8,9,10,11,12,13,14,15,16,17,18,19,20,21,22,23,24,25,26,27,28,29,30,31,32,33,34,35,36,37,38,39,40,41,42,43,44,45,46,47,48,49,50,51,52,53,54,55,56,57,58,59,60,61,62,63,64,65,66,67,68,69,70,71,72,73,74,75,76,77,78,79,80,81,82,83,84,85,86,87,88,89,90,91,92,93,94,95,96,97,98,99
1.0,-0.009169805141640786,0.18384094754653124,-0.08637763168844137,-0.04142786965776979,0.20050761421319796,0.23499037283388757,0.10959852330410702,0.18384094754653124,-0.011356792566463103,-0.07561178877187666,-0.09610255527832745,-0.005374738727978501,0.06892866684477694,0.18488261421319802,0.2288095010056509,-0.05811307544197444,0.04476990929516517,0.051384807195654136,0.0798179590407842,0.07147535614868183,-0.08074238578680201,0.04476990929516517,-0.16389916544781902,-0.08520667150108777,-0.09949238578680206,0.11122189992748366,0.017174280879864612,0.09336475707034081,-0.025298837399705287,0.09444700815259194,0.09756643774260976,0.17193618564176938,0.11122189992748366,-0.013778100072516342,0.18437858195513346,0.17419182473951378,0.15952400765582098,0.27193618564176936,0.08145999516557889,0.20870433552467338,0.005592359975909789,0.04596215966774342,0.19304492764603376,0.10401638614302255,0.06257657973043934,0.0798179590407842,0.1710958495073156,0.27743069113627494,0.25606316976875354,0.2937279531962488,0.06257657973043934,0.1514880063700607,-0.12707859268335375,0.07147535614868183,0.16479332849891226,0.056439817603028464,-0.0661590524534687,-0.04087169613162961,-0.10901619531061157,-0.10277107431139218,0.1079150216206054,0.1198624529228754,0.16479332849891226,0.1290790427846265,0.11717428087986459,0.1391041054412681,0.10050761421319798,-0.015910296234563248,0.017967931673515403,-0.03282571912013543,-0.03386738578680204,-0.03282571912013543,0.08856731570573528,-0.11767420396862022,-0.11487700117141741,0.023088259374488274,-0.03386738578680204,0.11122189992748366,0.20870433552467338,-0.10277107431139218,0.07338897014540136,0.0967340293075376,0.0035379172435009987,0.12238261421319796,-0.08637763168844137,0.07147535614868183,0.028376466672214384,0.05534632389061733,0.08826271625401427,0.22358453729012107,0.0005076142131980044,0.05050761421319794,0.011983024049263546,-0.006388937510939996,0.20870433552467338,0.11034367978696846,0.07550761421319802,0.21836475707034075,0.21774899352354282
-0.009636066420029288,1.0,0.28527918781725886,0.2426562369975867,0.44334370394629113,0.2981824136237105,0.012865394713810596,0.32164282418089524,0.3519458544839255,0.024262238664716496,0.058413516175467806,0.024262238664716496,-0.040211008261172465,0.07124410009796067,0.12277918781725894,0.13810937649650423,0.012865394713810596,0.30823000748939006,-0.05156291744589897,0.2197619464379485,0.08850499426887176,0.04465418781725894,0.04593492552217693,0.1937537640884453,0.00670775924583028,0.06861252115059219,0.00670775924583028,0.11861252115059223,0.14956490210297319,0.08850499426887176,0.0186125211505922,-0.06472081218274112,-0.057577955039884,0.2745649021029732,0.09797760051567156,0.15302112330112982,0.10633181939620628,-0.1343929433302821,-0.08614938361131258,0.0027395052775763262,-0.019638844969626368,-0.07743267658952077,0.04891555145362253,-0.07591484203348742,0.0010686615014693923,-0.125065639768948,0.012865394713810596,-0.040211008261172465,0.03143303397110503,-0.018424515886444837,0.09205884883420806,0.49562401540346573,0.1754752662486314,0.11631367057587955,0.41108563943016213,0.23885061638868738,0.3632452895121741,0.36861252115059223,0.11631367057587955,-0.029006526468455418,0.062328368145127766,-0.07398007144200036,0.12076305878500082,-0.04686366932559827,0.02456490210297313,0.10194585448392551,0.10633181939620628,0.025279187817258908,0.22259262065307978,0.32019982273789377,0.16861252115059217,0.18527918781725888,0.10194585448392551,0.04348814304113946,0.04891555145362253,0.13143303397110506,0.2175372523333879,0.24777918781725888,0.04242204496011598,-0.00324540234667553,0.2426562369975867,0.05816054374946228,0.08150560291159853,0.18527918781725888,0.12277918781725894,0.20986935175168514,0.10463402652693632,0.0787218107680786,0.282053381365646,0.03221796332746296,0.11604841858648968,-0.03472081218274109,0.0186125211505922,0.02954148289922609,0.16803780850691408,0.02954148289922609,-0.019638844969626368,0.12277918781725894,-0.011149383611312569,0.0990722912655348
0.18695689581003178,0.27607663337154076,1.0,0.12166098027793959,0.14704437530702474,0.437366955952186,0.2643969893225976,0.3317951084448546,0.3787648054145516,0.08526198055579454,0.06856580043942717,0.10221113309816743,0.20523539364984578,0.34455427909876213,0.30480647208121836,0.2048654343453692,0.2126728513915631,0.3019888491303986,0.2392911212040253,0.3850866444950114,0.3244637301457344,0.0704314720812183,0.07248065240908713,0.153058590725286,-0.018854242204496052,0.09543147208121822,0.034717186366932495,0.012098138747884901,0.23114575779550395,0.1309153430489602,0.04391632056606676,0.06307853090474763,-0.03313995649021034,0.26686004350978965,0.028764805414551564,0.17930243982315375,0.046308665063674426,0.10526753765498875,0.16686004350978967,0.15574893239867854,0.12166098027793959,-0.033382087240815705,0.059067835717581896,0.053640427305098826,-0.023866773532816854,-0.0976719761946438,0.040259058288114824,-0.010450880859958211,0.25312377977352585,0.21394999059973685,0.17000774326765894,0.2988797479432872,0.2836667661988653,0.023017678977769962,0.3405927624037989,0.40971718636693244,0.2208552008947775,0.17876480541455153,0.0919831962191493,0.028764805414551564,0.12166098027793959,0.15839443504418121,0.3405927624037989,0.28471718636693255,0.30257432922407534,0.2954314720812182,0.3094665598005165,0.21543147208121827,0.143192666111069,0.26686004350978965,0.31209813874788495,0.0704314720812183,0.1287648054145516,0.143192666111069,0.013613290263036426,0.018508395158141344,0.21156050433928275,0.11730647208121825,0.034717186366932495,0.056087209786136294,-0.009486560705667002,0.08526198055579454,0.05392203811895413,0.04391632056606676,0.11730647208121825,-0.02588000332861784,0.08252824627476663,-0.05866688857451943,0.1631734075650892,0.06277841085672842,0.1569699336196798,0.055431472081218236,0.16209813874788492,-0.02588000332861784,0.023017678977769962,0.15444786552384127,0.006906881917283836,0.054806472081218305,0.23114575779550395,0.10922457552949416
-0.08930568699991395,0.2387424267234321,0.12368866328257194,1.0,0.2548714589814967,0.09358113640085147,0.13863119201820412,0.25096139055529926,0.12368866328257194,-0.03845822937279536,0.0037881657701340776,-0.0554073819151682,0.08251219269433663,0.1464956808264316,0.09660532994923865,0.21865721674169153,0.12138981270785926,0.2805192643754681,0.09386410187906319,0.2765622265009627,0.07745210414278697,0.04973032994923865,0.1657651660148124,0.1310332960509335,-0.04178752719361856,0.04035532994923857,0.04749818709209569,0.0736886632825719,0.10106961566352429,0.09358113640085147,0.0388401784340871,-0.059644670050761406,-0.03821609862219,0.13678390137781,-0.023930384336475707,0.07745210414278697,0.023688663282571965,0.05101106765415664,-0.009644670050761417,0.02368866328257191,-0.0801364733294499,-0.08930568699991395,0.03580987540378405,0.01871353890446248,-0.04648677531391926,-0.08550673901627864,-0.06826535970593381,-0.035134866129192754,-0.059644670050761406,-0.08742244782853917,0.0462875333390691,0.24207946788027307,0.18055140838061112,0.13863119201820412,0.2226133944653676,0.1546410442349529,0.30052482147466225,0.24035532994923853,0.03518291615613517,0.007815647409556037,0.0346176250312058,0.005170144764053419,0.07745210414278697,-0.023930384336475707,0.1546410442349529,0.057021996615905235,0.1640395404755544,0.15035532994923861,0.19781801651640268,0.3252759648698735,0.17368866328257188,0.1122303299492386,0.14035532994923855,0.06348965830744752,0.06914320873711738,-0.0019523623584536964,0.15809726543310954,0.2216053299492386,0.04749818709209569,0.01822418240825502,0.13297828076891072,-0.02150907683042247,-0.007757877597931229,0.09944623904014765,0.03410532994923865,0.1493717233918616,0.10971016865891603,0.01822418240825502,0.1419682331750451,0.016885942194136527,0.04420148379539246,0.09035532994923862,0.057021996615905235,0.05101106765415664,0.15587257132854893,0.06740451027710748,0.0018307397853041807,0.03410532994923865,0.011783901377809991,0.052424295466479975
-0.04353437150477507,0.44334370394629113,0.15194585448392556,0.25904967962053765,1.0,0.16915015555919438,-0.09058288114825835,0.2610367635748346,0.28527918781725886,-0.009636066420029288,-0.001287976361845633,-0.07743267658952077,-0.09903453767293718,-0.03401905779677622,0.02902918781725894,0.02490182932669288,-0.056100122527568685,0.17708246650578352,-0.15682607534063586,0.1335550498862244,0.0239888652366137,-0.0022208121827411165,-0.00324540234667553,0.15985545900369957,-0.04686366932559827,0.13527918781725884,0.04242204496011598,0.11861252115059223,0.13170775924583028,0.007859832978549197,0.06406706660513767,-0.03530904747685876,-0.029006526468455418,0.22099347353154458,0.09797760051567156,0.2336662845914524,0.10633181939620628,-0.1507863859532329,-0.1290065264684554,-0.10837160583353478,-0.019638844969626368,-0.09438182913189366,0.0852791878172589,-0.01621334949617398,0.08878795974708348,-0.10782426045860316,-0.03885874321722388,-0.020603165123917577,0.012202264740335755,-0.055461552923481816,-0.04353437150477507,0.35769298092070717,0.0186125211505922,0.18527918781725888,0.2981824136237105,0.13170775924583028,0.24460122171556392,0.4519458544839255,0.030106774024155458,-0.10837160583353478,-0.00324540234667553,-0.1295356269975559,0.040117897494678256,-0.13614938361131257,-0.06472081218274112,0.03527918781725886,-0.03401905779677622,-0.03472081218274109,0.20766724751875137,0.20908871162678272,0.10194585448392551,0.20090418781725888,0.06861252115059219,-0.06098946889915907,0.04891555145362253,0.11604841858648968,0.18527918781725888,0.232154187817259,0.04242204496011598,0.013148040276275308,0.22626279437463598,0.09205884883420806,0.13810937649650423,0.21558221812028916,0.15402918781725894,0.20986935175168514,0.13689209104306538,0.1442955812598819,0.3304404781398395,0.05262612659276905,0.054509957048028135,-0.0747208121827411,-0.04805414551607451,0.062328368145127766,0.18527918781725888,-0.019638844969626368,0.013148040276275308,0.10715418781725888,0.00670775924583028,0.0990722912655348
0.21070291663081814,0.2981824136237105,0.4519458544839255,0.09511525339102939,0.16915015555919438,1.0,0.2197619464379485,0.3064913090293801,0.4852791878172588,0.09205884883420806,0.04348814304113946,0.1259571539189538,0.15586742311137652,0.29931427553655715,0.232154187817259,0.19471315008140982,0.20252056712760375,0.25904967962053765,0.1414195386944519,0.3404516016103623,0.2336662845914524,0.04465418781725894,0.11150869601398022,0.09205884883420806,-0.11829224075416969,0.03527918781725886,0.00670775924583028,0.0186125211505922,0.292422044960116,0.10463402652693632,0.04891555145362253,0.03822036428784714,0.04242204496011598,0.3102791878172589,0.08210458464265569,0.20140822007532339,0.08878795974708348,0.02954148289922609,0.14242204496011596,0.09797760051567156,0.1442955812598819,-0.07743267658952077,0.012551915089986154,0.0733388893097962,-0.016475198147653414,-0.10782426045860316,0.030106774024155458,0.038220364287847086,0.3006638032018742,0.24083474337281446,0.1768046115460724,0.3059688429896727,0.1754752662486314,0.047348153334500265,0.378827574914033,0.4709934735315446,0.15985545900369957,0.2019458544839255,0.11631367057587955,-0.04487954234147129,0.062328368145127766,0.1667606692987404,0.282053381365646,0.16742204496011598,0.23885061638868738,0.18527918781725888,0.22913883694006593,0.18527918781725888,0.11811500871278124,0.20908871162678272,0.26861252115059214,0.06027918781725894,0.10194585448392551,0.13304038184710965,0.0034610059990770603,0.008356110894181978,0.2175372523333879,0.04465418781725894,0.02456490210297313,0.04593492552217693,0.02954148289922609,0.04121139120708939,0.02490182932669288,0.07921858175665286,0.09152918781725894,0.013148040276275308,0.07237596201080726,-0.019638844969626368,0.2336662845914524,0.05262612659276905,0.14681764935572045,0.00527918781725889,0.13527918781725884,-0.10160605808438045,0.047348153334500265,0.17708246650578352,-0.08521261546142961,0.13840418781725888,0.2745649021029732,0.16803780850691408
0.23100748515873692,0.012035369248403482,0.2555837563451776,0.131813264541899,-0.08473882429998361,0.20558375634517767,1.0,0.19043224119366248,0.13891708967851102,0.09541426481975396,-0.05561027350556863,0.11236341736212685,0.1761719916392953,0.2845311247662303,0.2524587563451778,0.38482903936404567,0.22282513565552253,0.24656736290255477,0.2845311247662303,0.25730789427621215,0.1733256918290486,-0.01316624365482233,0.1973870350337023,-0.023229802976856284,-0.11584481508339378,-0.09441624365482235,0.06272661348803477,-0.04441624365482233,0.13415518491660622,-0.004093663009661075,0.00861405937548071,0.01440728575694239,0.0055837563451776595,0.08058375634517767,-0.11981306905164774,0.012035369248403482,0.05646094932763385,0.24656736290255477,0.26272661348803483,0.21352026428168558,0.04984605142714488,-0.0062806504344833924,-0.021688970927549567,0.21304644291234176,-0.04880220856710299,-0.018554174689305092,-0.08751969193068437,-0.0002985965959987902,0.1863529871144084,0.16854671930814064,0.2140583326163641,0.13661823910379833,0.3134268936000796,-0.08751969193068437,0.1410676273129196,0.25915518491660616,0.18016002753161836,0.0055837563451776595,0.10213548048310872,0.038917089678510985,0.06623949405009572,0.24262079338221476,0.22171278860324217,0.29486947063089197,0.31272661348803477,0.17225042301184434,0.4248820019592129,0.3655837563451777,0.0488673384347299,0.21352026428168558,0.22225042301184428,-0.01316624365482233,0.15558375634517763,0.27274793544965525,0.05406860483002618,-0.1098008590394377,0.06042246602259704,-0.02879124365482233,0.009155184916606218,0.08263293667304655,-0.06490804693351082,0.0106685021078895,0.04520639785461167,-0.0822950315336102,0.11183375634517773,-0.08130148955646166,0.06042246602259704,-0.13048181742531412,0.028164401506467984,0.09333885838599398,0.10558375634517769,0.2655837563451777,0.2722504230118442,-0.08130148955646166,0.015928583931384577,0.29574769077140717,0.11541982191894817,0.0024587563451776706,0.20558375634517767,0.13661823910379833
0.12260173793340784,0.3423939741280497,0.36497461928934005,0.27153199633852043,0.2778778450957917,0.32626494186998534,0.21669875722037457,1.0,0.3983079526226734,0.105652585391035,-0.006667171755436019,0.12260173793340784,0.05713148203443813,0.2965535666577611,0.2274746192893401,0.26874820419500045,0.1477332399789953,0.36989265207622535,0.13865882981565592,0.35462979170313325,0.2617488128377272,-0.0069003807106599035,0.0748106848631106,0.08870343284866211,-0.049311094996374205,0.14830795262267338,0.0042603335750543425,0.03164128595600674,0.2185460478607686,0.06820042574095297,0.013459467774188605,-0.026201851298895185,-0.020739666424945624,0.2899746192893401,-0.0016920473773265887,0.1649746192893401,0.12111497016653311,0.0748106848631106,0.0935460478607687,0.0618000161147369,-0.007156528251643479,-0.1485847027445582,0.010429164743885555,0.05303432078187742,-0.05432362632469501,-0.12812882898652195,-0.059163311745142666,-0.040907733651836364,0.1265130808278016,0.07238202669674754,0.17344919556052651,0.3718711710134781,0.2532099134069872,-0.04192193243479786,0.32626494186998534,0.3078317621464829,0.4107373311537469,0.3149746192893401,0.1477332399789953,-0.049311094996374205,0.09120412748606144,0.09090054521526603,0.22949074832159821,0.1114031907179115,0.2364031907179115,0.1983079526226733,0.2263781280612699,0.24497461928934017,0.1873626789908326,0.3951333494480702,0.2649746192893401,0.14934961928934015,0.13164128595600677,0.12766118645351915,0.013459467774188605,0.0803592346739555,0.2778778450957917,0.1649746192893401,0.02211747643219719,0.05841724224015982,0.1403844553549139,0.0039576701367977085,0.13667273249688727,0.11952007383479468,0.1962246192893401,0.0748106848631106,0.1811036515474046,0.05841724224015982,0.2778778450957917,0.011913394799544175,0.12651308082780166,0.14497461928934013,0.1649746192893401,-0.05633685612049599,0.11325048135830562,0.1403844553549139,-0.007156528251643479,0.13372461928934015,0.0756889050036258,0.11325048135830562
0.18695689581003178,0.3405927624037989,0.3787648054145516,0.12166098027793959,0.27607663337154076,0.469625020468315,0.14370733415018377,0.3620981387478849,1.0,0.17000774326765894,0.053640427305098826,0.05136367547104875,0.04837264855180645,0.25683498085314804,0.25793147208121825,0.12939373623216172,0.10922457552949416,0.269201963884497,0.09894024401104284,0.31612112725363206,0.19543147208121825,0.00793147208121825,0.10526753765498875,0.03441452292867586,-0.0367113850616389,0.07876480541455155,0.07043147208121825,0.1287648054145516,0.32043147208121825,0.06639921401670212,0.028764805414551564,0.06307853090474763,0.03828861493836111,0.32043147208121825,0.15574893239867854,0.25994760111347637,0.18665954225665693,0.039693767163185456,0.16686004350978967,0.09225686890661505,0.17084130814679205,-0.0842295448679343,0.059067835717581896,0.09841654670808386,0.011220945765428758,-0.08043059688429899,0.0919831962191493,0.10719617796357117,0.31081608746583356,0.21394999059973685,0.17000774326765894,0.3506038858743217,0.1660197073753359,0.023017678977769962,0.3567217946618635,0.44543147208121825,0.2208552008947775,0.32876480541455155,0.1264659548398389,-0.08234630569655951,0.006906881917283836,0.12135739800714418,0.27607663337154076,0.1240029006526468,0.21328861493836104,0.21209813874788486,0.15157182295841126,0.1754314720812183,0.09841654670808386,0.21924099589074209,0.24543147208121818,0.1329314720812183,0.11209813874788488,0.06856580043942717,-0.031841255191509044,0.0031237797735259587,0.29220566562960537,0.1329314720812183,0.016860043509789646,0.023300324540234674,0.039693767163185456,0.05136367547104875,0.07278996264725601,0.13482541147515764,0.1798064720812183,0.056087209786136294,0.17930243982315375,0.07248065240908713,0.29220566562960537,0.021962084326116182,0.14158531823506443,0.015431472081218256,0.1287648054145516,-0.02588000332861784,0.05750043759845963,0.13805442290089037,-0.02588000332861784,0.1641814720812183,0.26686004350978965,0.17819009277087344
-0.011356792566463103,0.023088259374488274,0.08384094754653126,-0.03719730381958891,-0.009169805141640786,0.08760438840674634,0.09705933835112901,0.09444700815259194,0.16717428087986463,1.0,0.20797030078036205,0.3445754108233674,0.2103115357818255,0.1391041054412681,0.13800761421319802,0.002394406666028137,0.18326623490285315,0.09395023716401768,0.12156024579214536,0.06257657973043934,0.023088259374488274,0.01300761421319796,0.1923108929017226,0.14118558031489287,0.20050761421319796,-0.04949238578680204,-0.013778100072516342,0.017174280879864612,-0.013778100072516342,0.10373342066481084,-0.011613597908014195,-0.06419826813974322,-0.08520667150108774,0.057650471356055055,0.06558697929256302,0.023088259374488274,-0.12405378929557395,0.061163351918116005,0.18622189992748361,0.3036822173878011,0.011983024049263546,-0.13000086036307323,-0.09949238578680203,-0.07561178877187666,-0.0012467717517143373,-0.006388937510939996,0.010852441799404866,0.033840947546531275,0.1812768449824287,0.07087798458356837,0.07338897014540136,0.028093821109749673,0.014233104409276387,-0.023630316821284802,-0.009169805141640786,0.16479332849891226,0.005592359975909789,0.05050761421319794,0.33843864869595663,0.017967931673515403,0.09395023716401768,0.18198909569467947,0.2650237432454561,0.16479332849891226,0.1290790427846265,0.18384094754653124,0.12156024579214536,0.20050761421319796,0.07364194257140688,0.017967931673515403,0.16717428087986463,0.01300761421319796,0.18384094754653124,0.19304492764603376,0.0641439778495616,-0.0533385396329559,0.023088259374488274,0.10675761421319802,0.039793328498912206,-0.08637763168844137,-0.06998418906549053,0.03949066506065557,0.05899818025093384,0.0035379172435009987,0.059882614213198015,-0.05359074644253972,-0.05755690191583429,-0.05359074644253972,0.07147535614868183,0.0066300631927898035,0.023584537290121055,0.240507614213198,0.31717428087986466,-0.11916451693434302,-0.09259583406266408,-0.03719730381958891,-0.03719730381958891,0.07550761421319802,0.1290790427846265,0.010852441799404866
-0.0858642347070464,0.06312428360897326,0.07656514382402702,0.0041607722393275925,-0.0013918454232847988,0.04699525135090876,-0.06423945387712238,-0.006768189509306299,0.05989847715736035,0.23616966359803826,1.0,0.287017121225157,0.18931024186324275,0.1335826876836762,0.17552347715736039,-0.09481850397471506,0.14265709784701558,0.0041607722393275925,0.1335826876836762,-0.029756695256432708,0.014737186834779759,0.11302347715736039,0.08612798535408173,0.1683730534285468,0.3206127628716461,0.009898477157360364,0.052755620014503235,0.05989847715736035,-0.10795866569978246,0.2244146061896185,-0.006768189509306299,-0.031277993430874895,-0.11153009427121108,0.01704133430021748,0.08846990572878893,-0.04977894219747836,-0.14711906670228872,-0.01223267038362319,-0.025815808556925335,0.07259688985577306,0.02055421486227843,-0.05196592962230068,-0.012828795569912343,-0.11622092582771423,0.028319529788939368,0.056450201295291436,0.10817433922632591,0.05205533990245842,0.06374463100351418,-0.02528670802782479,-0.06891508216467357,0.0047260633642569605,0.05205533990245842,0.0736915806056363,-0.0175208776813493,0.034898477157360386,-0.035016777079927786,0.04323181049069369,0.26334675301942934,0.15196196922085242,0.1189148705999834,0.06730588456476783,0.15989847715736039,0.08846990572878893,0.10632704858593178,0.20989847715736032,-0.024312049158429105,0.09989847715736044,0.062883551784226,0.009104826363709573,0.12656514382402706,-0.011976522842639614,0.12656514382402706,0.018107432381240962,0.008383325642208894,0.05989847715736041,-0.04977894219747836,0.08177347715736039,0.034898477157360386,-0.045019555629524866,-0.028626113006574028,0.06667813817430956,-0.03821473038980944,-0.021919704660821437,0.0036484771573604413,0.03694765748522927,-0.16268216800392993,-0.045019555629524866,-0.0336499099394138,0.06806174246348284,-0.0016399843811011339,0.13989847715736042,0.09323181049069373,0.053341100108180106,-0.012515315946087902,-0.0941998834983773,0.0041607722393275925,0.09739847715736044,0.052755620014503235,-0.029756695256432708
-0.09610255527832745,0.023088259374488274,0.10050761421319793,-0.05359074644253972,-0.07368593417389879,0.1198624529228754,0.11430071766147387,0.10959852330410702,0.05050761421319794,0.3445754108233674,0.25274642018334725,1.0,0.24952722205633526,0.2092795440377594,0.15363261421319796,-0.05420936691887748,0.3556800280063014,0.04476990929516517,0.244367263336005,0.045335200420094535,0.05534632389061733,0.01300761421319796,0.11034367978696846,0.14118558031489287,0.14693618564176936,0.10050761421319793,-0.04949238578680204,0.017174280879864612,0.039793328498912206,0.10373342066481084,0.0035379172435009987,-0.09361003284562555,-0.17092095721537348,0.004079042784626508,-0.0931431794375957,-0.05755690191583429,-0.10650992964645115,0.028376466672214384,0.10050761421319798,0.14495205865764244,-0.08637763168844137,-0.062204250193581695,-0.17221965851407475,-0.030835669368891594,-0.14159764894469679,-0.023630316821284802,-0.09259583406266408,-0.02498258186523339,0.16204607575165947,0.07087798458356837,0.005592359975909789,-0.006388937510939996,0.05344879068378616,0.028093821109749673,0.006959227116423772,0.14693618564176936,0.02254151251828268,0.0005076142131979489,0.3556800280063014,0.20844412214970587,0.24149122077057505,0.18198909569467947,0.21663664647126246,0.18265047135605506,0.1290790427846265,0.18384094754653124,0.10401638614302255,0.22050761421319798,0.07364194257140688,0.06558697929256302,0.23384094754653117,-0.03386738578680204,0.11717428087986459,0.14826880824304872,0.09444700815259194,0.06973838344396721,0.039217291632552775,0.09113261421319796,-0.08520667150108777,-0.13555795955729383,-0.05359074644253972,-0.028305945108835995,-0.09194521597548125,-0.08737117366558991,0.02863261421319796,-0.08637763168844137,-0.10594399869002785,-0.08637763168844137,-0.009169805141640786,-0.05459442660312855,-0.08410777040218664,0.180507614213198,0.18384094754653124,-0.06998418906549053,-0.04087169613162961,-0.02080386119663813,-0.10277107431139218,0.02863261421319796,0.09336475707034081,-0.023630316821284802
-0.004645960595371257,-0.03307679711806122,0.17445008460236888,0.06898560372805196,-0.08146389389225478,0.1282135254625839,0.15490985471731145,0.04414705429933857,0.04111675126903552,0.18179471737073044,0.14410182589590115,0.21569302245547622,1.0,0.3551518389883338,0.1786167512690356,0.024135619193563884,0.39628916506213896,0.13455937421985525,0.3902395582865794,0.08594433747593211,0.17660062223677747,0.1473667512690356,0.10177248897395358,0.13094725974361182,-0.008883248730964466,-0.008883248730964466,0.026831036983321233,0.007783417935702142,0.026831036983321233,0.047568364172261346,0.11990463005691432,-0.08241266049567034,-0.058883248730964455,0.08040246555474978,-0.004914994762710512,-0.03307679711806122,-0.11853237153798202,0.18373970208870766,0.1268310369833212,0.1061961163484006,-0.07855537987850544,-0.02159511313774412,0.03202584217812643,0.09932570649291611,0.02181850565500043,-0.0347453176964817,-0.0347453176964817,0.03523439832785907,0.14496290511518933,0.05593156608385036,0.02925234448937447,0.05146157885524244,0.1724893002886434,0.06870295816558725,0.03143933191419679,0.16968817984046408,0.06315064957412025,-0.05888324873096448,0.08594433747593211,0.18556119571348,0.24931347258051095,0.40778341793570216,0.32176191255935804,0.419688179840464,0.294688179840464,0.22445008460236882,0.17971324249710569,0.24111675126903553,0.08440033335858776,0.1061961163484006,0.2077834179357022,-0.07138324873096444,0.12445008460236884,0.11425107962724446,0.013844023996308241,-0.07426786411557984,-0.000818732601932215,-0.024508248730964438,0.008973894126178383,-0.029375052009652958,-0.1441291503703087,0.04620149703174736,-0.013600229863039909,-0.04676203660975234,0.022366751269035534,-0.1277357077473579,-0.06533486163419028,-0.07855537987850544,-0.06533486163419028,-0.07520977934320938,-0.012729402577118326,0.12111675126903554,0.2077834179357022,0.0034118332362486625,-0.12095221424820585,0.13455937421985525,-0.029375052009652958,-0.024508248730964438,0.18754532269760693,0.01697882023455277
0.06659210186698789,0.06549860815457675,0.3273265651438241,0.13688940667387872,-0.03127558539381037,0.2751760275094155,0.2796254157185367,0.2561144439317028,0.2439932318104906,0.1343887120364794,0.113644973104023,0.2021853222059709,0.39693440828107895,1.0,0.3356598984771574,0.12575423809979897,0.43479782951164014,0.2188566197886328,0.44750200374031535,0.26238403640819186,0.355821188799738,0.10128489847715738,0.2516435050345345,0.06659210186698789,-0.03934010152284262,0.043993231810490696,0.08565989847715738,0.09399323181049068,0.19280275562001448,0.13001473718683482,0.028841716658975558,-0.09816363093460731,-0.01791153009427121,0.15708846990572878,-0.0036258158085569203,-0.015146553135745866,-0.026182206786000473,0.2188566197886328,0.1820884699057288,0.15510434292160186,-0.010651576932678708,-0.08595027101436803,-0.016612828795569856,0.113644973104023,-0.06126992608424611,-0.04796079117801502,-0.030719411867670188,0.043993231810490696,0.21065989847715738,0.1365858244030833,0.11743955949410656,0.1589357605461229,0.2596795063202947,0.038246105373709094,0.16227280170296388,0.3178027556200145,0.18523616966359807,0.06065989847715736,0.1589357605461229,0.09161227942953831,0.1696762919197804,0.32177100958826854,0.388079253315867,0.3892313270485859,0.5142313270485859,0.3606598984771574,0.3422388458455784,0.3706598984771574,0.0837942268353663,0.2185964064136653,0.377326565143824,0.07003489847715744,0.227326565143824,0.15842109250700814,0.01369020150746042,-0.027801639984381066,0.21065989847715738,0.07003489847715744,-0.05719724437998547,-0.05983190480153111,-0.05983190480153111,0.04964294932461499,0.031414615458289497,0.028841716658975558,0.16378489847715738,-0.09261879004743276,0.06549860815457675,-0.05983190480153111,0.0493695758965122,-0.02403397907386301,0.06450605232331125,0.1706598984771574,0.2439932318104906,-0.05983190480153111,-0.08244354979870466,0.20246317716568202,0.038528750936173806,0.07003489847715744,0.17494561276287168,0.1244530019254333
0.20055063236685877,0.126739806779106,0.32512690355329954,0.10135641175002086,0.02996561323071889,0.23964303258555764,0.27857517941536847,0.22058144900784493,0.2751269035532995,0.1497031747397402,0.16766421698613532,0.16665232728211304,0.22414651139643682,0.37688128951821187,1.0,0.1468250167608467,0.20960966217398913,0.18332362486477494,0.30670585092172054,0.19236828286364438,0.33641722613394476,0.06575190355329952,0.19971706748772577,-0.019788350683988654,0.03226976069615661,-0.024873096446700493,0.10369833212472807,0.09179357021996615,0.10369833212472807,0.126739806779106,0.0539147823411783,-0.030755449387876943,-0.010587382160986203,0.21084118926758522,0.10369833212472807,0.09448174226297695,0.026004096535755694,0.13414329699592253,0.17512690355329952,0.0878253162517122,0.13414329699592253,-0.019788350683988654,0.05694508537148135,0.15273884385180692,0.061091815834001306,0.0371958690705409,0.14064414493260985,0.12610729571016227,0.27128074970714566,0.19364542207181812,0.13275402219736726,0.17512690355329952,0.30257788394545637,0.0371958690705409,0.15899787129523502,0.2644126178390138,0.0819065645702487,0.05846023688663282,0.12340276562226504,0.024333252759648705,0.0521760838811684,0.19364542207181812,0.30415916161781564,0.3179840464104423,0.4251269035532995,0.3917935702199661,0.21898655267610656,0.2951269035532995,0.13781347071747857,0.2306824591088551,0.2584602368866328,0.05012690355329957,0.19179357021996613,0.09303735131449353,-0.06729733887094291,-0.047950019523623544,0.17512690355329952,0.08137690355329957,0.03226976069615661,0.002995756012315942,-0.04618457185653657,0.16665232728211304,0.10908916770424298,0.023611752038148026,0.19075190355329952,-0.04618457185653657,0.0783527100049124,-0.029791129233585734,0.0783527100049124,0.12410649539003421,0.18281921124560718,0.035126903553299504,0.20846023688663273,0.002995756012315942,0.05443724838088576,0.19971706748772577,0.13414329699592253,0.17512690355329952,0.228698332124728,0.1578855242429547
0.20554073819151686,0.11806124119862454,0.18096446700507612,0.18998086044769918,0.021287047650237423,0.1664483379728181,0.35165412217749,0.21581295185356097,0.11429780033840947,0.0021509076830422136,-0.07500568224865517,-0.04869654994407638,0.025082114063899708,0.11692937928577796,0.12158946700507617,1.0,0.07579205321197274,0.35391528667720734,0.16956095823314632,0.23096446700507617,0.11806124119862454,0.012214467005076168,0.12440708995589589,0.05299836531016089,-0.12617839013778098,-0.01903553299492383,-0.01903553299492383,-0.01903553299492383,0.10596446700507617,0.021287047650237423,0.03399477003537921,0.06919976112272325,0.1309644670050762,0.26667875271936187,-0.030940294899685722,0.08580317668249554,0.09938551963665515,0.14080053257884667,0.14525018129079043,0.17540891144952064,0.09162020470999421,-0.03174739740170349,-0.014490078449469257,0.10409879536328509,-0.07605307685457294,-0.027656222650096235,-0.0104148433397514,0.00547427092664482,0.05788754392815304,0.11985335589396506,0.2563881958186354,0.21372308769473136,0.31919976112272325,-0.11386311920182038,0.18257737023088266,0.21310732414793326,0.2224898907338897,0.030964467005076157,0.041309294591283074,-0.015067279026669878,0.05883331946409259,0.06429780033840948,0.08580317668249554,0.10596446700507617,0.15953589557650472,0.04763113367174282,0.2748241161278832,0.2509644670050762,0.16380028790059853,0.3182660543066635,0.16429780033840952,0.04346446700507617,0.08096446700507615,0.20857640730358357,0.09460083064143981,-0.022881686841077692,0.11806124119862454,-0.0034105329949238317,0.034535895576504716,0.12440708995589589,0.026046434218190917,0.019100060225415105,0.013983334929604518,0.0036917397323488754,0.02783946700507617,0.026046434218190917,0.13419027345668905,-0.023133893650661513,0.1664483379728181,0.0574950792499741,0.1309644670050762,0.17096446700507623,0.16429780033840952,-0.05592077889656316,0.09303343252231755,0.14080053257884667,0.042439876841141755,0.012214467005076168,0.08810732414793326,0.12751619114300722
-0.057128108061601984,0.012035369248403482,0.20558375634517767,0.11541982191894817,-0.05248075978385458,0.18945472408711317,0.22282513565552253,0.12982618058760192,0.10558375634517764,0.18016002753161836,0.12349420410637169,0.3496515529553471,0.45068179556086396,0.44242586160833564,0.18995875634517773,0.08294224691121543,1.0,0.18099359241075147,0.495057440555704,0.18834237703483286,0.2539708531193712,0.09620875634517767,0.2137804776566531,0.18016002753161836,-0.02655910079767948,0.07225042301184431,0.027012327773749067,0.022250423011844322,0.18772661348803477,0.012035369248403482,0.08437163513305646,-0.14735742012541056,-0.08013052936910803,0.15201232777374907,-0.05632100555958422,-0.03635172752579008,-0.08388992786534863,0.131813264541899,0.11986947063089193,0.07066312142454273,-0.06490804693351082,-0.10797556568872063,-0.09441624365482232,0.12349420410637169,-0.10143378751447144,-0.12200245055137404,-0.10476107124102921,-0.0002985965959987902,0.1863529871144084,0.11299116375258511,-0.023229802976856284,0.050411342552074245,0.15656414850204042,0.050411342552074245,0.07655149828066155,0.22344089920232046,0.07846511227738107,0.05558375634517765,0.24006651496586728,0.21352026428168558,0.24656736290255477,0.3352133859748073,0.3507450466677583,0.38415518491660616,0.34844089920232046,0.23891708967851089,0.19681182652061635,0.40558375634517774,0.16827032350935672,0.1817742325356539,0.3555837563451777,0.03370875634517767,0.17225042301184434,0.10856883097204328,0.09952315028457165,-0.0021085513471300055,0.1249385950548551,0.049333756345177726,-0.08013052936910806,-0.13048181742531412,-0.04851460431056001,0.0106685021078895,0.007470548798007848,-0.006537455776034484,0.06495875634517773,-0.08130148955646166,-0.004093663009661075,-0.06490804693351082,0.044293433764532486,-0.06992644773645498,-0.04826239750097619,0.1255837563451777,0.18891708967851095,-0.01572771906465842,-0.05303693330999473,0.131813264541899,-0.08130148955646166,-0.01316624365482233,0.16986947063089197,0.050411342552074245
0.0462875333390691,0.3032585557556902,0.3070219966159053,0.2805192643754681,0.1742262976911741,0.2548714589814967,0.25932084719061793,0.3418704814643901,0.27368866328257185,0.09713499096618777,0.0037881657701340776,0.0462875333390691,0.16094356524335623,0.23421497907204564,0.17473032994923865,0.40733646202471036,0.1903553299492386,1.0,0.2517588387211684,0.38001050236303174,0.2064843622073031,0.018480329949238594,0.1657651660148124,0.198829906220425,-0.059644670050761406,0.10702199661590522,-0.006073241479332858,0.04035532994923857,0.1546410442349529,0.09358113640085147,0.05399169358560224,-0.059644670050761406,0.018926758520667164,0.4403553299492386,0.02368866328257191,0.1742262976911741,0.05877638258081758,0.06740451027710748,0.10464104423495285,0.07130771090161953,0.0346176250312058,-0.12320399208465971,-0.01873557914167051,0.06348965830744752,-0.04648677531391926,-0.06826535970593381,-0.016541221774899362,-0.035134866129192754,0.1518937914877001,0.09776273735664603,0.14798244859330634,0.38001050236303174,0.31780631034139545,0.017941536845790307,0.2871295234976257,0.3510696156635243,0.38527058418652677,0.25702199661590514,0.1731139506388938,0.0871807267746354,0.18215860863776323,0.15331829291220156,0.2064843622073031,0.1546410442349529,0.26178390137781,0.17368866328257188,0.2166711194229229,0.27035532994923867,0.2276687627850595,0.4205140601079687,0.29035532994923857,0.09660532994923865,0.12368866328257194,0.10826577771043261,0.05399169358560224,0.04420148379539246,0.1903553299492386,0.1434803299492386,-0.006073241479332858,-0.04734958808354828,0.06740451027710748,-0.004559924288049577,0.048845895986974475,0.05399169358560224,0.06535532994923865,0.0346176250312058,0.1419682331750451,-0.030956145460597495,0.2387424267234321,0.016885942194136527,0.028816868410777075,0.15035532994923861,0.10702199661590522,-0.04734958808354828,0.06966567477682484,0.11658483814595993,-0.014562702837646657,0.03410532994923865,0.11892675852066714,0.12138981270785926
0.04964294932461499,-0.04740461765187487,0.227326565143824,0.08770907880502626,-0.144178811200262,0.13001473718683482,0.2796254157185367,0.11975080756806644,0.09399323181049068,0.11743955949410656,0.113644973104023,0.23608362729071664,0.43615009455558884,0.44750200374031535,0.2731598984771574,0.18235801168470456,0.4865219674426746,0.23525006241158364,1.0,0.22790127778750224,0.2590469952513509,0.08565989847715744,0.20246317716568202,0.06659210186698789,-0.03934010152284262,0.06065989847715736,0.03208846990572878,0.01065989847715737,0.15708846990572878,0.033240543638447695,0.10459929241655136,-0.09816363093460731,-0.01791153009427121,0.12137418419144308,-0.08299089517363628,-0.015146553135745866,-0.04372606643512328,0.23525006241158364,0.1820884699057288,0.10748529530255418,-0.010651576932678708,-0.06900111847199517,-0.034794646977388044,0.20319721190999318,-0.09635764538249172,-0.08244354979870466,-0.08244354979870466,0.0047775455359809205,0.1914291292463881,0.1365858244030833,0.06659210186698789,0.038246105373709094,0.24007166318303974,-0.013478032557325381,0.033240543638447695,0.21065989847715738,0.08354125440936078,-0.006006768189509348,0.1244530019254333,0.20272339054064942,0.23525006241158364,0.34028952810678703,0.323563124283609,0.4606598984771574,0.4785170413343002,0.2606598984771573,0.20188796865259606,0.41065989847715745,0.113644973104023,0.2185964064136653,0.31065989847715736,-0.008090101522842619,0.127326565143824,0.14349571937267974,-0.0014613136440547736,-0.027801639984381066,0.08162764041264126,-0.008090101522842619,-0.03934010152284262,-0.1090122326703836,-0.1090122326703836,-0.0012045083025036818,-0.02518915812661615,-0.09237040455314563,0.07003489847715744,-0.15819256053923605,0.017111511380383193,-0.09261879004743276,-0.015146553135745866,-0.04444214233916913,-0.01241702459976568,0.19065989847715742,0.16065989847715734,-0.010651576932678708,-0.04796079117801502,0.1532828492968295,-0.02704501955562949,-0.02371510152284262,0.21065989847715738,0.08997024330474362
0.07846511227738107,0.20558375634517767,0.3722504230118443,0.2629608055255055,0.1249385950548551,0.3184869821516293,0.25730789427621215,0.31164436240578375,0.30558375634517765,0.061515959735008174,-0.025759527236911883,0.04456680719263528,0.0977406190902757,0.26698726511710746,0.17433375634517773,0.2527535676659324,0.18834237703483286,0.3613214612632105,0.23189954581886196,1.0,0.3023579498935648,0.0024587563451776706,0.131813264541899,0.12931256990449969,-0.15155910079767948,0.20558375634517767,-0.008701957940536631,0.0055837563451776595,0.33058375634517767,0.012035369248403482,-0.051992001230579926,-0.0002985965959987902,-0.09441624365482232,0.29486947063089197,-0.08806703730561599,0.15719665957098417,0.07400480897675665,0.08263293667304655,0.16272661348803474,0.10240915317057447,0.09902637929599739,-0.09102641314634774,-0.039870789109367755,0.033941965300401555,-0.08388992786534863,-0.08751969193068437,-0.10476107124102921,-0.05912212600776351,0.12866067942210074,0.1315096822711036,0.11236341736212685,0.3090320322072466,0.254603364188315,0.10213548048310872,0.2862289176355002,0.27701232777374907,0.28185494278585554,0.18891708967851095,0.08489410117276391,0.023044073805495113,0.11541982191894817,0.15002820078962215,0.20558375634517767,0.16986947063089197,0.29486947063089197,0.20558375634517767,0.2494434054679847,0.20558375634517767,0.10856883097204328,0.3087583595197808,0.338917089678511,0.09620875634517767,0.1222504230118443,0.093643457837715,0.09952315028457165,0.04404529480671615,0.3668740789258229,0.14308375634517773,-0.06227338651196518,-0.04851460431056001,0.08263293667304655,0.02761765465026239,0.026338473326309786,0.038917089678510985,0.11183375634517773,0.0006657235582924192,0.1733256918290486,-0.04851460431056001,0.2700998853774358,0.09333885838599398,0.07481452557594692,0.06558375634517766,0.08891708967851097,-0.08130148955646166,0.015928583931384577,0.1646001497878007,-0.08130148955646166,0.01808375634517767,0.18772661348803477,0.1538596184141432
0.07510969629183517,0.08850499426887176,0.3352791878172589,0.0787218107680786,0.0239888652366137,0.2336662845914524,0.18527918781725888,0.24588524842331955,0.2019458544839255,0.024262238664716496,0.013637396772482768,0.05816054374946228,0.21469095252314124,0.38703357378217124,0.325904187817259,0.13810937649650423,0.27148608436898297,0.20986935175168514,0.2817704158874343,0.32321022230001756,1.0,0.07590418781725888,0.17708246650578352,0.05816054374946228,-0.10043509789702684,0.16861252115059217,-0.029006526468455418,-0.031387478849407846,0.292422044960116,0.07237596201080726,0.0034610059990770603,-0.03530904747685876,-0.1147208121827411,0.18527918781725888,-0.013133510595439546,-0.008269199279515305,0.0010686615014693923,0.09511525339102939,0.12813633067440172,0.0186125211505922,0.02954148289922609,-0.009636066420029288,0.06709736963544072,0.0882642624441245,-0.016475198147653414,-0.00437598459653421,0.012865394713810596,-0.020603165123917577,0.06989457243264346,0.07416807670614778,0.1259571539189538,0.18527918781725888,0.21469095252314124,0.06458953264484513,0.16915015555919438,0.16742204496011598,0.09205884883420806,0.0186125211505922,0.08183091195518993,-0.013133510595439546,0.127902138636931,0.22231622485429597,0.249795316849517,0.2745649021029732,0.3459934735315446,0.2519458544839254,0.26422655623831154,0.22527918781725892,0.13304038184710965,0.22496172749979854,0.28527918781725886,0.02902918781725894,0.15194585448392556,0.058413516175467806,-0.02684202430395327,-0.03779773525966418,0.2659243491075814,-0.017845812182741116,0.04242204496011598,0.02954148289922609,-0.019638844969626368,0.1259571539189538,0.08150560291159853,-0.011690509152438078,0.12277918781725894,-0.05242573021552799,0.05624692975274276,-0.1507863859532329,0.07237596201080726,0.05262612659276905,0.11604841858648968,-0.03472081218274109,0.15194585448392556,-0.019638844969626368,-0.021617363906879072,0.17708246650578352,0.02954148289922609,0.06027918781725894,0.07813633067440173,0.06458953264484513
-0.08758496085348014,0.04609464548878339,0.07512690355329948,0.0521760838811684,-0.0022924512854101686,0.04609464548878339,-0.014528268860493576,-0.0066912782648823055,0.008460236886632833,0.01410995440075713,0.10796272444882188,0.01410995440075713,0.18493082512192704,0.11372339478136967,0.06575190355329952,0.014749545062733516,0.10616138631192018,0.019389198635266724,0.09617953513224692,0.0027131104498512304,0.0783527100049124,1.0,0.18332362486477494,0.23444893745160456,0.03226976069615661,0.025126903553299496,-0.0034445250181290854,0.05846023688663282,0.014412617839013764,0.27190109710168664,0.11452084294723891,-0.030755449387876943,-0.010587382160986203,0.05012690355329952,0.18306341148980743,-0.1313247093499263,-0.09680292100810398,0.002995756012315942,-0.09630166787527195,0.07195230037869632,-0.07897145710243816,-0.036737503226361545,0.14785417628057224,-0.056216380028790036,0.14881111407961534,0.0371958690705409,0.14064414493260985,-0.030755449387876943,-0.1517961733697774,-0.15820642978003382,-0.019788350683988654,0.07167862769123057,-0.011147606250622055,0.019954489760196092,0.0783527100049124,-0.0034445250181290854,0.04800825948550291,-0.04153976311336721,0.07167862769123057,0.10369833212472807,0.06856952650411924,0.08253431096070696,0.15899787129523502,0.10369833212472807,0.05012690355329952,0.12512690355329947,0.026004096535755694,0.17512690355329952,0.15273884385180692,0.05607928450568045,0.1417935702199662,0.20637690355329952,0.2751269035532995,-0.011440260625804999,0.0690662974926935,0.04435767278406877,0.02996561323071889,0.08137690355329957,0.05012690355329952,-0.06257801447948735,0.0521760838811684,0.1497031747397402,0.10908916770424298,0.0539147823411783,-0.05924809644670048,0.13414329699592253,-0.05067954805960373,0.002995756012315942,-0.09906664483379723,-0.03915881073241473,0.0597422881686841,0.05512690355329952,0.09179357021996615,0.0521760838811684,0.1578855242429547,-0.029791129233585734,0.08496296912707002,0.09700190355329952,-0.12844452501812906,-0.20418344127428667
0.0462875333390691,0.04519403962665797,0.0736886632825719,0.1657651660148124,-0.003193057147535594,0.10971016865891603,0.20759670925958346,0.06914320873711738,0.10702199661590522,0.198829906220425,0.07841503144177592,0.11408414350856061,0.12172787896884646,0.26930269837029125,0.1903553299492386,0.14318551862848394,0.2248380885699282,0.1657651660148124,0.2166711194229229,0.13863119201820412,0.1742262976911741,0.17473032994923865,1.0,0.1310332960509335,0.0653553299492386,-0.059644670050761406,0.1546410442349529,0.15702199661590527,0.11892675852066714,0.2226133944653676,0.0388401784340871,-0.13317408181546728,-0.023930384336475707,0.08321247280638144,0.0871807267746354,-0.08383821843785816,-0.0815744946121649,0.13297828076891072,0.13321247280638143,0.18241882201273063,0.05101106765415664,-0.19100060225415122,0.03580987540378405,0.06348965830744752,0.09386410187906319,0.03518291615613517,0.12138981270785926,0.2393749377923759,0.07497071456462318,0.02368866328257191,0.1310332960509335,0.13863119201820412,0.12172787896884646,0.1041484333975145,0.06132307188472247,0.13678390137781,0.029338380796696206,0.007021996615905246,0.29380360581130754,0.007815647409556037,-0.04734958808354828,0.11628125587516452,0.2064843622073031,0.1724981870920957,0.2260696156635243,0.25702199661590514,0.19912725977380002,0.3303553299492386,0.12319115084476095,0.15067279026669889,0.3070219966159053,0.1903553299492386,0.4403553299492385,0.167967270247746,0.06914320873711738,-0.07887543928153062,0.09358113640085147,0.1903553299492386,0.0653553299492386,-0.030956145460597495,-0.04734958808354828,0.08018583842381488,0.12431759410018206,-0.006614367020458367,0.1122303299492386,0.1001913955230091,-0.051580153921729155,-0.06374303070649909,-0.01932208940560015,-0.0035222210711695623,0.059586099180007845,0.17035532994923863,0.2236886632825718,-0.014562702837646657,0.052424295466479975,0.01822418240825502,0.08379795290005831,0.15910532994923865,-0.023930384336475707,0.0007001575354455003
-0.16389916544781902,0.18437858195513346,0.15050761421319792,0.1267371224099193,0.15212051743900445,0.08760438840674634,-0.023630316821284802,0.07929549300107674,0.033840947546531275,0.14118558031489287,0.14826880824304872,0.14118558031489287,0.1514880063700607,0.06892866684477694,-0.01824238578680204,0.05899818025093384,0.18326623490285315,0.1923108929017226,0.06892866684477694,0.13154209697181862,0.05534632389061733,0.21613261421319796,0.1267371224099193,1.0,0.18265047135605506,0.16717428087986463,-0.06734952864394489,0.05050761421319794,0.057650471356055055,0.1359914851809399,0.033840947546531275,-0.03478650343386086,-0.08520667150108774,0.14693618564176936,0.04971396341954715,-0.04142786965776979,-0.1591415085938196,-0.05359074644253972,-0.09949238578680203,0.14495205865764244,-0.10277107431139218,-0.04525509765120883,-0.044946931241347465,-0.16516402757784682,-0.036334491049959894,-0.10983721337300892,-0.006388937510939996,-0.12302179755150794,-0.10718469347910975,-0.1513442376386539,-0.04525509765120883,0.0798179590407842,0.014233104409276387,0.11430071766147387,0.08760438840674634,0.14693618564176936,0.10728727523014714,0.11717428087986459,0.3039558900752669,0.19257110627669,0.2578846633935258,0.08939650310208686,0.1682495496970689,0.057650471356055055,0.021936185641769357,0.08384094754653126,-0.0012467717517143373,0.180507614213198,0.19304492764603376,0.14495205865764244,0.21717428087986457,0.16925761421319802,0.23384094754653117,0.13334343510872032,0.2914167051222889,0.20819992190550562,0.1682495496970689,0.18488261421319802,0.021936185641769357,-0.08637763168844137,0.15952400765582098,0.02254151251828268,-0.01647351786227369,0.0641439778495616,-0.01824238578680204,0.09395023716401768,-0.05755690191583429,-0.02080386119663813,0.07147535614868183,-0.03418626333782243,-0.09949238578680203,0.20050761421319796,0.1338409475465313,0.061163351918116005,0.09705933835112901,-0.11916451693434302,-0.05359074644253972,-0.00261738578680204,-0.10306381435823062,-0.16156135130404342
-0.08087412888238837,0.006058621254298291,-0.017597292724196356,-0.038362320046600645,-0.042328475519895215,-0.10684460455215328,-0.11185016628741468,-0.04183971696662056,-0.034263959390862964,0.19031231179557773,0.26797484657928633,0.13946485416845905,-0.009754155469294312,-0.038649924303143623,0.028236040609137036,-0.13332056316444788,-0.025643269735690533,-0.054755762669551455,-0.038649924303143623,-0.14633292490810434,-0.09071557229408878,0.028236040609137036,0.05999833569110424,0.17336315925320478,1.0,-0.0009306260575296932,-0.10569253081943442,0.03240270727580369,-0.1771211022480058,0.13509087931881447,-0.05699123211813567,0.0686772170797253,-0.08426395939086295,-0.08783538796229154,0.0014503263234227348,-0.07458654003602425,-0.07373764360138926,-0.0711492052925023,-0.11283538796229153,0.06494238981548622,-0.0875426479154531,-0.030026671255269755,-0.10244577757268114,-0.16486097431623611,-0.07373764360138926,-0.025643269735690533,0.00883948888499908,-0.08818552801831395,-0.13041780554470914,-0.13611581124271482,-0.013077518712896918,-0.0601260283563802,-0.06857768488105903,-0.0601260283563802,-0.1229736368102178,-0.034263959390862964,-0.08087412888238837,0.015736040609137025,0.21573604060913704,0.06494238981548622,-0.005575434800699053,-0.08056025568715924,0.03831668577042735,-0.05212110224800581,-0.05212110224800581,0.08240270727580368,-0.038649924303143623,-0.044263959390862945,-0.0006818698386241717,-0.014422689549593137,-0.017597292724196356,0.05948604060913709,0.09906937394247034,0.08887036896734596,0.04906937394247035,0.10035142522452162,-0.042328475519895215,0.10636104060913704,0.0014503263234227348,0.027211450445202623,0.04360489306815346,0.05471909145659465,-0.038980940522938407,0.04906937394247035,0.012611040609137036,0.09278522093700592,-0.058457507777959716,0.04360489306815346,-0.058457507777959716,0.06267481611934111,-0.06887934400624757,0.1557360406091371,0.04906937394247035,0.027211450445202623,0.00883948888499908,-0.1367229757843056,0.05999833569110424,0.043861040609137036,-0.12354967367657727,-0.14633292490810434
-0.10117869741030716,0.06639921401670212,0.09543147208121822,0.039693767163185456,0.1309153430489602,0.034141149500573065,-0.0976719761946438,0.13482541147515764,0.07876480541455155,-0.05033123978318854,0.008864307902113733,0.10221113309816743,-0.010450880859958211,0.046308665063674426,-0.02331852791878175,-0.0215496599942534,0.07474181690880449,0.10526753765498875,0.06385252471279723,0.2126728513915631,0.1631734075650892,0.02355647208121825,-0.05866688857451943,0.17000774326765894,-0.000997099347353203,1.0,-0.09028281363306748,0.06209813874788489,0.19543147208121825,0.034141149500573065,-0.016689740039993906,0.004255001492982968,-0.1759970993473532,0.1240029006526468,-0.12996535331560716,0.08252824627476663,0.08139638436192004,-0.09145377382042108,-0.07599709934735321,-0.018854242204496052,-0.12424065906632273,0.05136367547104875,-0.1591139824642363,-0.035911811500871305,-0.12912993142755366,-0.13215473481533346,-0.16663749343602313,-0.16731362595799742,-0.073799297149551,-0.08234630569655951,-0.0672803923255614,0.023017678977769962,0.028764805414551564,0.1264659548398389,0.08252824627476663,0.016860043509789646,0.10221113309816743,0.19543147208121825,0.07474181690880449,0.044637821287567436,0.23641507863859534,0.028764805414551564,0.034141149500573065,0.016860043509789646,-0.000997099347353203,0.04543147208121823,-0.07649835248018524,-0.004568527918781706,0.06856580043942717,0.10812988477963092,0.11209813874788488,0.1798064720812183,0.012098138747884901,-0.006061065232214613,0.14997692662667284,0.35696993361967977,0.19543147208121825,0.1641814720812183,-0.10813995649021033,-0.04227344595156862,0.2200216360156445,-0.05033123978318854,0.016186189062350365,0.059067835717581896,0.08605647208121825,0.023300324540234674,0.11478631079089568,0.07248065240908713,0.21156050433928275,-0.16171138506163887,-0.18149160484185867,-0.024568527918781724,-0.12123519458544843,0.023300324540234674,0.10922457552949416,-0.04227344595156862,-0.12424065906632273,-0.02331852791878175,-0.018854242204496052,-0.06318921757395415
0.10556654908371332,0.006058621254298291,0.03240270727580369,0.04360489306815346,0.03831668577042735,0.006058621254298291,0.06056362681603361,0.0036148284879248815,0.06573604060913701,-0.013077518712896918,0.04409424956436092,-0.04697582379764262,0.029461530805215463,0.08415709324071602,0.09073604060913709,-0.020113015994636496,0.026080868195343943,-0.005575434800699053,0.031525514293347545,-0.008401890425345726,-0.026199443261830713,-0.0030139593908629636,0.14196554880585838,-0.06392497634001551,-0.10569253081943442,-0.08426395939086298,1.0,0.33240270727580373,0.10859318346627989,0.07057475028655641,0.15512998000307643,0.039265452373842935,0.07287889775199413,0.05502175489485128,0.20779953267262907,0.24799410512526604,0.10170095288983882,0.17475243405176005,0.1728788977519941,-0.014422689549593137,0.2895065324124158,0.05471909145659465,0.18846331333640975,0.19334798090764443,0.2595956897319441,0.319184316471206,0.2674601785401715,0.48044192296207827,0.2541975790706755,0.2712915961646926,-0.013077518712896918,0.07780500612637842,0.04906937394247035,0.12952914405741295,0.03831668577042735,0.09073604060913704,-0.013077518712896918,0.04906937394247035,-0.008401890425345726,-0.03029570542260901,-0.054755762669551455,0.08610641097950744,0.05444571802849185,0.03716461203770843,0.09073604060913704,0.19906937394247032,-0.05619378395226646,0.05573604060913706,-0.045457989241609265,-0.03029570542260901,0.04906937394247035,-0.018638959390862964,0.09906937394247034,-0.0902341086445943,-0.08729426242116597,-0.16118703631393988,0.03831668577042735,0.028236040609137036,0.0014503263234227348,0.027211450445202623,-0.0711492052925023,0.08861739654134043,0.13083038023177862,0.04906937394247035,0.21573604060913704,0.05999833569110424,0.10283281480268541,0.15835899142880916,0.10283281480268541,0.10349114264995335,0.13112065599375244,-0.024263959390862955,-0.034263959390862964,0.07639177831405508,-0.0601260283563802,0.15835899142880916,0.19114587667471084,0.1532360406091371,0.18002175489485134,0.21573604060913704
0.01746537038630297,0.11478631079089568,0.012098138747884901,0.07248065240908713,0.11478631079089568,0.018012117242508563,-0.04594783826360932,0.028764805414551564,0.1287648054145516,0.01746537038630297,0.053640427305098826,0.01746537038630297,0.009156962277296676,0.09894024401104284,0.08605647208121825,-0.0215496599942534,0.023017678977769962,0.039693767163185456,0.011220945765428758,0.0057762996674251554,-0.030374979531684998,0.054806472081218305,0.15444786552384127,0.05136367547104875,0.034717186366932495,0.06209813874788489,0.35614575779550395,1.0,0.07043147208121825,0.17930243982315375,0.16512844177818792,0.07778441325768887,0.03828861493836111,0.10614575779550395,0.15574893239867854,0.14704437530702474,0.15157182295841126,0.056087209786136294,0.02400290065264682,0.028764805414551564,0.08887409503203797,0.01746537038630297,0.11361329026303646,0.08349117357375557,0.1340279633092884,0.16094871346052858,0.16094871346052858,0.30327460933612016,0.11850839515814132,0.10283887948862569,-0.016432934698442814,0.0919831962191493,0.028764805414551564,0.07474181690880449,0.11478631079089568,0.0882886149383611,0.01746537038630297,0.1287648054145516,0.0919831962191493,-0.050600273950527797,0.023300324540234674,-0.063827787178041,0.034141149500573065,-0.0367113850616389,0.0882886149383611,0.1454314720812182,-0.09404221212930805,0.035431472081218274,0.053640427305098826,0.06051083716058331,0.04543147208121823,0.21105647208121825,0.11209813874788488,-0.050837184635199706,0.04391632056606676,-0.012260835611089427,0.14704437530702474,0.24230647208121836,-0.018854242204496052,-0.02588000332861784,0.13805442290089037,0.11916028564054026,0.16712958528876543,0.13482541147515764,0.19543147208121825,0.20362819339269367,0.19543147208121825,0.28559540650744775,0.14704437530702474,0.04237024759142233,0.018508395158141344,0.055431472081218236,-0.03790186125211514,0.056087209786136294,0.16094871346052858,0.07248065240908713,0.18723475076974289,0.19543147208121825,0.07043147208121825,0.1264659548398389
0.08861739654134043,0.13509087931881447,0.21573604060913704,0.09278522093700592,0.11896184706074991,0.26412313738333054,0.12952914405741295,0.1854330103061067,0.2990693739424703,-0.013077518712896918,-0.0902341086445943,0.03776993891422176,0.029461530805215463,0.18942025113545286,0.09073604060913709,0.11196245570347668,0.18125328198844737,0.14196554880585838,0.1543325318372072,0.319184316471206,0.26412313738333054,0.012611040609137036,0.10917866355995676,0.05471909145659465,-0.1771211022480058,0.1824027072758037,0.10859318346627989,0.06573604060913701,1.0,-0.07458654003602425,0.03391785879095521,-0.004852194684980604,-0.05569253081943443,0.12645032632342273,0.03319635806945448,0.16734894383494353,0.18942025113545286,0.05999833569110424,0.15859318346627987,-0.014422689549593137,0.14196554880585838,0.0038716338294759733,0.006645131518227931,0.1485718615046594,0.01398165464422474,0.026080868195343943,-0.04288464904603537,0.06867721707972524,0.17727450214759854,0.21573604060913704,0.05471909145659465,0.12952914405741295,0.04906937394247035,0.11228776474706809,0.18347797609300798,0.21573604060913704,0.12251570162608622,0.165736040609137,0.11228776474706809,-0.062041737168640726,0.04360489306815346,0.10462492949802593,0.08670378254462091,0.07287889775199413,0.14430746918056558,0.08240270727580368,0.10170095288983882,0.09573604060913704,0.07394499583301761,0.1284344533075497,0.19906937394247032,0.10636104060913704,0.06573604060913701,0.05901962269868927,0.04906937394247035,-0.038110113237016824,0.29638120189945955,0.043861040609137036,-0.034263959390862964,0.010818007822251785,0.09278522093700592,0.07166824399896754,0.07422660664687292,-0.011536686663590257,0.13761104060913704,-0.021968877423649835,0.16734894383494353,-0.054755762669551455,0.24799410512526604,0.10349114264995335,0.08496680983990629,-0.044263959390862945,0.04906937394247035,0.010818007822251785,0.06056362681603361,0.20753931929766167,-0.021968877423649835,-0.018638959390862964,0.14430746918056558,0.1467705233677577
-0.02658521896240218,0.08850499426887176,0.13527918781725884,0.09511525339102939,0.007859832978549197,0.10463402652693632,-0.00437598459653421,0.06406706660513767,0.06861252115059219,0.1090080013765809,0.20766724751875137,0.1090080013765809,0.05782820742510203,0.1414195386944519,0.12277918781725894,0.02490182932669288,0.012865394713810596,0.09511525339102939,0.03615638079971506,0.012865394713810596,0.07237596201080726,0.263404187817259,0.22626279437463598,0.14290630646132663,0.14956490210297319,0.03527918781725886,0.07813633067440173,0.18527918781725888,-0.08257795503988397,1.0,-0.011690509152438078,0.008808599581964782,0.04242204496011598,0.060279187817258884,0.08210458464265569,-0.07278532831177337,-0.08665063674414461,0.02954148289922609,-0.04329224075416971,0.1614696640077351,-0.036032287592577206,-0.06048352404714791,-0.005629903091832034,-0.13561633457080083,0.03615638079971506,0.1335550498862244,0.20252056712760375,0.11665173683686675,-0.08395158141351036,-0.1110171084790374,-0.009636066420029288,0.1335550498862244,0.0970438936996118,0.08183091195518993,0.12076305878500082,0.11385061638868743,0.024262238664716496,0.03527918781725886,0.0990722912655348,-0.013133510595439546,-0.019638844969626368,0.037131039669110744,0.13689209104306538,0.02456490210297313,0.09599347353154458,0.16861252115059217,0.0010686615014693923,0.04527918781725887,0.04348814304113946,0.08210458464265569,0.11861252115059223,0.09152918781725894,0.18527918781725888,0.04348814304113946,-0.011690509152438078,-0.022413119875048793,-0.024398231537579862,0.24777918781725888,0.04242204496011598,-0.019638844969626368,-0.00324540234667553,0.05816054374946228,-0.01283401972991094,0.0034610059990770603,-0.049095812182741116,0.17708246650578352,-0.07278532831177337,0.013148040276275308,-0.040527263795644364,-0.008598363203149273,0.054509957048028135,0.12527918781725894,0.11861252115059223,-0.0688191728384788,0.11631367057587955,-0.11799950070733126,0.0787218107680786,0.21652918781725888,-0.11829224075416969,-0.125065639768948
0.105652585391035,0.01981332896675947,0.0483079526226734,0.04202379961720898,0.06820042574095297,0.05207139348288847,0.009802205496236671,0.013459467774188605,0.03164128595600674,-0.012991482405575183,-0.006667171755436019,0.0039576701367977085,0.15517069772071262,0.03339567192091908,0.055599619289340096,0.04233310985537786,0.09600910204796076,0.05841724224015982,0.12111497016653311,-0.059163311745142666,0.003684296708694912,0.1180996192893401,0.04202379961720898,0.03785597522154349,-0.06716823785351705,-0.01835871404399325,0.1828317621464829,0.1816412859560067,0.039974619289340096,-0.01244473554936959,1.0,0.10615108987757543,0.02211747643219719,0.09354604786076864,0.10941906373378457,0.11658752251514659,0.12111497016653311,0.0748106848631106,0.05068890500362577,-0.03343807912335833,0.09120412748606144,0.15650004301815362,0.355883710198431,0.24706417152814608,0.2614658473595155,0.11325048135830562,0.061526343427271146,0.11595501144620285,0.1649746192893401,0.10941906373378457,0.054805127763916384,0.009802205496236671,-0.040907733651836364,-0.024680553124452997,0.03594236122482397,-0.013596809282088507,0.03785597522154349,0.06497461928934006,-0.007439173814108191,-0.0016920473773265887,0.0748106848631106,0.05386350817822899,0.01981332896675947,0.057831762146482946,0.039974619289340096,0.03164128595600674,-0.0367797666755722,0.06497461928934012,0.12766118645351915,0.04592700024172103,-0.05169204737732663,0.10247461928934015,0.0483079526226734,-0.02159254488976442,-0.0016920473773265887,-0.04271768840296758,-0.09308989683969215,-0.0069003807106599035,0.3078317621464829,0.15677789797786473,0.009236914371307303,0.1395508904757808,0.2310123551383968,0.13467158898630976,-0.022525380710659904,0.09120412748606144,0.10045849025708203,0.10759757010901222,0.01981332896675947,0.032321558064850264,0.0803592346739555,-0.0750253807106599,-0.0850253807106599,0.22235166846966792,0.13049186066865043,0.2059582258467172,0.1403844553549139,0.10247461928934015,0.1471174764321972,0.07876772273761601
0.11244945366944847,-0.07098411658752252,0.07148900169204736,-0.06648914038445536,-0.03872605207139346,0.04191910921892911,0.016891300542622112,-0.026995846792801093,0.07148900169204736,-0.07399122429665322,-0.031744829153723786,-0.10788952938139892,-0.10988354732756045,-0.11710748953602276,-0.03267766497461927,0.0887845991763242,-0.17276387187117098,-0.06648914038445536,-0.11710748953602276,-0.00035007876772269464,-0.03872605207139346,-0.03267766497461927,-0.1484563534992094,-0.04009291921190744,0.08339376359680928,0.0048223350253807085,0.04767947788252358,0.08815566835871408,-0.005891950688905023,0.009661044702800103,0.10936778957083532,1.0,0.1119651921682378,0.011965192168237826,0.01990170010474579,0.09030620599312267,0.18113812449906502,0.08105184322210207,-0.04517766497461928,0.01990170010474579,0.21219938420570855,0.16329691129656715,0.14573142593447164,0.013031290249261307,0.04078724730608252,0.12033957640469106,0.034132679852966974,-0.011844331641285955,-0.018254588051542397,0.06222974243278817,0.04465284349995702,-0.03483283738841236,0.007763511495968933,-0.08655697531944684,0.05804814147699361,0.02982233502538073,-0.10788952938139892,0.02148900169204737,-0.1210397339401365,-0.07533639513334944,-0.017308812515602845,-0.14147396127091555,-0.08711314884558702,-0.07732052211747642,-0.11303480783176212,-0.11184433164128593,0.04078724730608252,-0.12517766497461924,-0.09144632169103722,-0.07533639513334944,-0.11184433164128593,-0.0014276649746192138,-0.16184433164128595,-0.0018940828850670388,0.07906475926780498,-0.006716126513080789,0.025790076960864605,-0.0014276649746192138,0.13696519216823783,0.4089206956811185,0.04826495797620045,0.09550030112707564,-0.024422947993487154,0.033610213813259515,-0.03267766497461927,0.06465840059915123,0.17095136728344523,0.04826495797620045,0.10643523825118723,0.18543457992333995,0.10097618117922691,-0.025177664974619263,-0.11184433164128593,0.04826495797620045,0.06861543847365664,0.08105184322210207,0.19580594158275783,0.029822335025380786,-0.005891950688905023,0.034132679852966974
0.20399208465972635,-0.06500736859341744,-0.03866328257191204,-0.043854539402513104,-0.03274930407728838,0.04789585721303419,0.006739016278662691,-0.021996615905245376,0.044670050761421276,-0.10109266110298548,-0.11652397908932499,-0.20278757635722278,-0.08082014531701004,-0.02199661590524532,-0.011579949238578635,0.17297193755387424,-0.09670925958340626,0.021719231089290192,-0.02199661590524532,-0.1139506388937511,-0.12952349762567544,-0.011579949238578635,-0.027461096779562266,-0.10109266110298548,-0.10532994923857869,-0.2053299492385787,0.0910986221899927,0.044670050761421276,-0.06961566352429299,0.04789585721303419,0.023457929549300094,0.11525828605553895,1.0,0.07324147933284986,0.12086052695189753,0.0962829539872278,0.13589812093686,0.1856536573187984,0.07324147933284991,0.08911449520586578,0.16926021469584757,-0.05024520347586686,0.08103368712505771,0.09243124479127207,0.08326654198949146,0.1274286714510765,0.1446700507614213,0.1936896586045586,0.06774697383834438,0.1446700507614213,0.05144971177837049,0.04122177489935236,0.09565044291828406,-0.1829161561351304,0.031766824954969686,0.05538433647570701,0.017551406693624705,-0.07199661590524542,-0.1829161561351304,-0.10136169527032474,-0.19139552300907048,-0.0034780973867268306,0.015637792696905184,-0.016044234952864445,0.03752719361856416,-0.0553299492385787,-0.02199661590524532,0.04467005076142133,-0.026971740283354806,-0.021996615905245376,-0.03866328257191204,-0.07407994923857869,-0.08866328257191208,-0.026971740283354806,-0.1280572219658514,-0.18609918000780945,-0.09726543310954644,-0.10532994923857869,0.03752719361856416,0.12007988682699511,-0.06024798202546394,0.06839886432074332,0.022028541327459072,-0.006845100753730182,-0.04282994923857869,0.005325788466339354,0.06402488947109874,0.03811267371224103,-0.0004912395611593179,0.03242515280223762,0.1369777430691136,0.024670050761421314,0.028003384094754613,-0.011067654156611484,-0.027743742342026978,-0.011067654156611484,0.12007988682699511,0.11342005076142136,0.03752719361856416,0.09294591283038683
0.10556654908371332,0.24799410512526604,0.24906937394247025,0.12557210618290754,0.19960700835107253,0.28025216964139515,0.07780500612637842,0.2460390709121673,0.2990693739424703,0.05471909145659465,0.014243503295704174,0.0038716338294759733,0.08828506021698018,0.1543325318372072,0.1844860406091371,0.28177377645819374,0.1467705233677577,0.40426063077307145,0.11924481253896163,0.2847015578505164,0.16734894383494353,0.043861040609137036,0.07639177831405508,0.13946485416845905,-0.08783538796229154,0.115736040609137,0.05502175489485128,0.09906937394247034,0.12645032632342273,0.05444571802849185,0.07937240424550068,0.009853687667960576,0.0585931834662799,1.0,0.09668842156151797,0.28025216964139515,0.06661323359159321,0.010818007822251785,0.07287889775199413,0.03319635806945448,0.12557210618290754,-0.06392497634001551,0.061190586063682495,0.04409424956436092,0.031525514293347545,-0.025643269735690533,0.11228776474706809,0.04906937394247035,0.21573604060913704,0.19721752209061855,0.07166824399896754,0.2674601785401715,0.3039713347267841,0.04332224750568875,0.19960700835107253,0.28716461203770843,0.22421061688032345,0.23240270727580364,0.11228776474706809,0.0808154056885021,0.12557210618290754,0.0675878924609889,0.15121991157687897,0.14430746918056558,0.18002175489485134,0.1824027072758037,0.10170095288983882,0.19573604060913707,0.19334798090764443,0.2712915961646926,0.19906937394247032,0.07511104060913709,0.08240270727580368,-0.015607242972952518,0.04906937394247035,0.08496680983990629,0.16734894383494353,0.07511104060913709,-0.034263959390862964,-0.054755762669551455,0.04360489306815346,0.13946485416845905,0.0930945311751748,0.10967543454853101,0.05948604060913709,0.04360489306815346,0.13509087931881447,0.09278522093700592,0.28025216964139515,0.02185848958872888,0.05419757907067552,-0.024263959390862955,0.03240270727580369,-0.038362320046600645,0.026080868195343943,0.07639177831405508,-0.038362320046600645,0.07511104060913709,0.21573604060913704,0.19849466129879223
-0.014712208552008998,0.09955788439495661,0.03020304568527915,-0.02471498710160608,0.09955788439495661,0.08342885213689205,-0.1301417819009277,-0.0016151361329026503,0.16353637901861245,0.07003355415985546,0.08318812031214479,-0.09945797126387337,-0.0060714641186424,-0.004007480630510318,0.10207804568527917,-0.03677808639019248,-0.061176264659548396,0.02446534076724638,-0.09172677887612432,-0.09565902328023806,-0.013345341411495015,0.18020304568527917,0.09003911125904968,0.05308440161748257,0.0016316171138505697,-0.1364636209813875,0.23377447425670767,0.16353637901861245,0.03734590282813627,0.08342885213689205,0.10444546992770343,0.01843833980292625,0.10877447425670778,0.10877447425670772,1.0,0.13181594891108567,0.03108023866773535,-0.00832154447865524,0.03734590282813627,-0.0023366368544033844,0.25397353748855794,-0.15030542889099202,0.3165666820489155,0.023486627774831403,0.3468697123519459,0.11123752844389984,0.4215823560301067,0.2880461829401811,0.10327996876220225,0.08761045309268661,-0.014712208552008998,0.1284789077542447,-0.025679307255897288,0.042272011202520554,0.06729981987882755,0.10877447425670772,-0.014712208552008998,0.11353637901861252,-0.026693506038858783,-0.12932076383853036,-0.09028875759340932,0.03205489753713103,0.09955788439495661,-0.03408266860043513,0.0016316171138505697,0.0968697123519458,-0.07418291922700149,0.00020304568527917954,0.0682627471778165,-0.08170171621948272,-0.019796954314720838,0.11770304568527923,0.0968697123519458,-0.12576710356845217,-0.03191816643593298,-0.16595080046856697,-0.013345341411495015,-0.022921954314720827,0.10877447425670772,-0.00832154447865524,0.04085878339019722,0.1886776219564656,0.24624078153433587,0.16505153053376398,0.10207804568527917,0.22118665224265627,0.05117078762076305,0.1228259965049513,0.05117078762076305,0.14959080078732,0.15712612260835612,-0.13979695431472083,0.0968697123519458,0.02446534076724638,0.042272011202520554,0.008071898144295597,0.1228259965049513,0.19582804568527917,0.05520304568527917,0.0077892525818308855
0.1937537640884453,0.15302112330112982,0.18527918781725888,0.0787218107680786,0.2336662845914524,0.20140822007532339,0.012865394713810596,0.15497615751422855,0.26861252115059214,0.024262238664716496,-0.04606409576483067,-0.06048352404714791,-0.040211008261172465,-0.016475198147653414,0.09152918781725894,0.10037352743990047,-0.03885874321722388,0.17708246650578352,-0.016475198147653414,0.16803780850691408,-0.008269199279515305,-0.1272208121827411,-0.08521261546142961,-0.04353437150477507,-0.08257795503988397,0.08527918781725885,0.2745649021029732,0.15194585448392556,0.18527918781725888,-0.07278532831177337,0.10952161205968314,0.08233801134667068,0.0852791878172589,0.3102791878172589,0.12972363226170336,1.0,0.3168581351856799,0.02954148289922609,0.14242204496011596,-0.029006526468455418,0.2918365648664392,-0.02658521896240218,0.030733733271804342,0.13304038184710965,0.1414195386944519,0.0990722912655348,0.15079642919656921,0.21469095252314124,0.3775868801249512,0.4075014100394812,0.05816054374946228,0.20252056712760375,0.07743605056235692,0.06458953264484513,0.2175372523333879,0.2745649021029732,0.14290630646132663,0.2519458544839254,-0.021617363906879072,-0.04487954234147129,0.013148040276275308,0.037131039669110744,0.07237596201080726,0.02456490210297313,0.00670775924583028,0.06861252115059219,0.018612521150592254,-0.014720812182741072,0.0882642624441245,0.11385061638868743,0.0186125211505922,0.02902918781725894,-0.06472081218274112,-0.06098946889915907,-0.05714505460698355,0.008356110894181978,0.12076305878500082,0.013404187817258884,-0.04686366932559827,-0.00324540234667553,0.0787218107680786,0.14290630646132663,0.10037352743990047,0.15497615751422855,0.18527918781725888,0.0787218107680786,0.249795316849517,0.16068902388283268,0.41108563943016213,0.11385061638868749,0.06989457243264346,-0.0747208121827411,-0.06472081218274112,-0.00324540234667553,0.030106774024155458,0.11150869601398022,-0.036032287592577206,0.07590418781725888,0.3459934735315446,0.3059688429896727
0.16828701712122512,0.09775667267070576,0.043993231810490696,0.022135308313222968,0.09775667267070576,0.08162764041264126,0.055487484684053956,0.10459929241655136,0.17732656514382406,-0.11984857609911381,-0.12516099704523068,-0.10289942355674092,-0.1324773564248034,-0.026182206786000473,0.02315989847715738,0.10688631357149703,-0.08244354979870466,0.05492219355912459,-0.04372606643512328,0.07272886399439876,0.0009824791223186358,-0.08621510152284259,-0.07622534742448195,-0.1537468811838596,-0.07505438723712834,0.07732656514382402,0.10351704133430023,0.14399323181049073,0.19280275562001448,-0.0796626821680039,0.10459929241655136,0.15183636906539272,0.1106598984771574,0.06780275562001448,0.028120215937474824,0.2913050597674799,1.0,0.022135308313222968,0.06780275562001448,-0.0036258158085569203,0.1532828492968295,0.08354125440936078,-0.034794646977388044,0.18827183877566478,0.02644937216136789,0.14169438123577804,0.0037633467530194253,0.06360107494774558,0.1721983600156189,0.1921413799586389,0.06659210186698789,0.14169438123577804,0.06360107494774558,-0.13416768772973917,0.13001473718683482,0.08565989847715738,0.08354125440936078,0.09399323181049068,-0.08244354979870466,-0.08299089517363628,-0.07622534742448195,-0.048599360782101864,-0.015146553135745866,-0.05719724437998547,-0.0036258158085569203,-0.05600676818950928,0.008905512512245084,-0.0493401015228426,0.024092734298052865,0.05986624768350657,-0.05600676818950928,0.10128489847715738,-0.05600676818950928,-0.05053413137358892,-0.0014613136440547736,-0.01241702459976568,0.09775667267070576,0.007534898477157381,-0.02148295866569977,0.1532828492968295,0.1041025214279771,0.11743955949410656,0.06915046451489326,0.07429626211352103,0.08565989847715744,0.12049596405092788,0.4203373178319961,0.18606973454273118,0.22678893073522188,0.11882316378327984,0.09527528309254196,-0.0493401015228426,-0.08934010152284264,0.1532828492968295,0.19341851916681257,0.2516435050345345,0.1696762919197804,0.07003489847715744,0.17494561276287168,0.1761771398564677
0.16493160113567928,-0.13222531521205172,0.10702199661590522,0.05101106765415664,-0.14835434747011625,0.02906500736859341,0.25932084719061793,0.06914320873711738,0.04035532994923857,0.06323668588144199,-0.011137207364194268,0.029338380796696206,0.21976709465512095,0.23421497907204564,0.12785532994923865,0.16205344315678577,0.13863119201820412,0.06740451027710748,0.2517588387211684,0.08690705408716964,0.09358113640085147,0.002855329949238594,0.13297828076891072,-0.0554073819151682,-0.07750181290790426,-0.09297800338409473,0.1903553299492386,0.057021996615905235,0.0653553299492386,0.02906500736859341,0.06914320873711738,0.07270827112570921,0.16178390137781,0.011783901377809991,-0.008057368463459835,0.02906500736859341,0.023688663282571965,1.0,0.3046410442349528,0.26178390137781,0.1493717233918616,0.012389228254323315,0.05399169358560224,0.167967270247746,0.006144803633449103,0.13863119201820412,0.017941536845790307,0.12172787896884646,0.17112456071846932,0.15331829291220156,0.11408414350856061,-0.016541221774899362,0.25898278092963073,-0.03378260108524417,-0.003193057147535594,0.11892675852066714,0.029338380796696206,-0.09297800338409473,0.03518291615613517,0.07130771090161953,0.0346176250312058,0.22739236698627568,0.1742262976911741,0.2260696156635243,0.2796410442349529,0.10702199661590522,0.19912725977380002,0.25035532994923865,-0.011137207364194268,0.05543469502860365,0.14035532994923855,-0.12214467005076138,0.007021996615905246,0.167967270247746,-0.0369173973234887,-0.15579851620460755,0.012935975110528908,-0.07526967005076138,0.0653553299492386,0.13297828076891072,-0.2112840143130565,-0.004559924288049577,-0.007757877597931229,-0.09752345792954928,0.06535532994923865,-0.1457102438212532,0.02906500736859341,-0.09652991595240074,-0.051580153921729155,0.03729410545944267,0.12112456071846939,0.23035532994923863,0.27368866328257185,-0.030956145460597495,-0.08550673901627864,0.1493717233918616,0.08379795290005831,0.03410532994923865,0.1724981870920957,0.13863119201820412
0.32263615245633653,-0.09726543310954644,0.19467005076142124,-0.011067654156611484,-0.14565252988373997,0.1607990830194858,0.3170838438648696,0.0992155053068759,0.19467005076142124,0.22094123720209918,-0.026971740283354806,0.119246321947862,0.17408181546730367,0.22361741918247396,0.19154505076142142,0.19183986208217602,0.1446700507614213,0.12007988682699511,0.22361741918247396,0.19639418869245578,0.1446700507614213,-0.10532994923857869,0.15286677207289673,-0.11804181364535835,-0.14104423495286442,-0.08866328257191208,0.2160986221899927,0.028003384094754613,0.1982414793328498,-0.04887833633535288,0.05376095985233037,-0.04650641982681397,0.07324147933284991,0.0910986221899927,0.04149544758681811,0.1607990830194858,0.08326654198949146,0.34958808354830656,1.0,0.2637176698090404,0.2840143130565033,0.017551406693624705,0.06285186894323952,0.1969088567315706,0.048178822691245904,0.16191143007176617,0.16191143007176617,0.27212103115357816,0.41390081999219047,0.3854107915021621,0.23789038974447213,0.023980395589007553,0.13486612919279384,-0.044985121652371785,-0.0004912395611593179,0.2875271936185641,0.0345005592359976,-0.10532994923857869,0.11018729214073164,-0.006123600032229504,0.03811267371224103,0.34837375446512503,0.24144424430980843,0.3410986221899927,0.2339557650471356,0.19467005076142124,0.22361741918247396,0.2646700507614213,-0.05682248655201155,0.02562243171380224,0.1280033840947546,-0.15220494923857866,0.044670050761421276,0.09243124479127207,-0.11290570681433629,-0.2322530261616556,0.04789585721303419,-0.08970494923857869,0.03752719361856416,0.021719231089290192,-0.27336273612382456,0.05144971177837049,0.040896465855760955,-0.14320873711736656,0.11342005076142136,-0.20778896563202132,0.031766824954969686,-0.09303486727136556,0.031766824954969686,0.11405780586346215,0.15236235845372897,0.08467005076142137,0.2446700507614213,-0.09303486727136556,-0.1829161561351304,0.1856536573187984,0.005325788466339354,0.019670050761421365,0.3946700507614213,0.19639418869245578
0.08698270670222835,0.0027836908465694865,0.16353637901861245,0.02446534076724638,-0.11011953495988211,0.09955788439495661,0.23192718361631365,0.05899092447315796,0.0968697123519458,0.3242708422954486,0.0682627471778165,0.15477931687171986,0.13118343784214193,0.17143111586071785,0.08645304568527923,0.2085049324777321,0.07675476982321022,0.0736456686360989,0.11879953691334932,0.11123752844389984,0.01891272310463399,0.07082804568527917,0.1883997669967546,0.15477931687171986,0.07306018854242202,-0.019796954314720838,-0.01622552574329228,0.03020304568527915,-0.01622552574329228,0.16407401342721467,-0.03191816643593298,0.01843833980292625,0.0802030456852792,0.03734590282813627,-0.0023366368544033844,-0.029474373669559573,-0.004007480630510318,0.27036698011150867,0.23734590282813633,1.0,-0.00832154447865524,-0.06555966617912762,-0.06525149976926625,-0.08099098416546713,-0.07418291922700149,0.0077892525818308855,0.0077892525818308855,-0.025679307255897288,0.06481843030066375,0.03205489753713103,0.1886776219564656,0.042272011202520554,0.1703991241166517,-0.09565902328023806,0.05117078762076305,0.18020304568527917,0.07003355415985546,-0.05313028764805422,0.18020304568527917,-0.0023366368544033844,-0.00832154447865524,0.14316600864824214,0.21246111020140818,0.18020304568527917,0.16234590282813627,0.11353637901861252,0.25915041410633183,0.18020304568527917,0.053337374043488095,0.09290145838369185,0.16353637901861245,0.02395304568527923,0.18020304568527917,0.29214334419274185,0.10444546992770343,-0.027489262007028503,-0.013345341411495015,0.10207804568527917,0.03734590282813627,0.04085878339019722,-0.0575018723475077,-0.014712208552008998,-0.01791016186189065,-0.06222119673896326,0.008328045685279173,-0.02471498710160608,-0.013345341411495015,-0.09028875759340932,0.0027836908465694865,-0.05449083186574122,0.06481843030066375,0.3202030456852792,0.3635363790186125,-0.0575018723475077,0.025030631892175748,-0.07389531497045851,0.04085878339019722,0.07082804568527917,0.12663161711385057,-0.009452126728513921
0.21577905876279785,-0.01932208940560015,0.12368866328257194,-0.0801364733294499,-0.01932208940560015,0.1419682331750451,0.052424295466479975,-0.006614367020458367,0.17368866328257188,0.012389228254323315,0.01871353890446248,-0.08930568699991395,-0.09395839554095747,-0.011399056015673703,0.12785532994923865,0.10544966957188018,-0.06826535970593381,0.0346176250312058,-0.011399056015673703,0.1041484333975145,0.02906500736859341,-0.07526967005076138,0.05101106765415664,-0.10625483954228682,-0.09535895576504713,-0.12631133671742809,0.3153553299492386,0.09035532994923856,0.1546410442349529,-0.03545112166366465,0.08429472388863257,0.1903553299492386,0.14749818709209567,0.13678390137781,0.24591088550479417,0.2871295234976257,0.1640395404755544,0.1493717233918616,0.24749818709209576,-0.008057368463459835,1.0,0.06323668588144199,0.19944623904014774,0.10826577771043261,0.2166711194229229,0.29380360581130754,0.3110449851216524,0.3570219966159052,0.3634322530261616,0.4496145892084979,0.0462875333390691,0.06966567477682484,0.10212003583159152,0.017941536845790307,0.04519403962665797,0.1724981870920957,-0.08930568699991395,-0.009644670050761417,-0.051023980395588975,-0.0715494319555233,-0.09652991595240074,0.02368866328257191,0.02906500736859341,0.0653553299492386,0.02964104423495284,0.0736886632825719,0.04123252293169477,0.03035532994923862,-0.14546556557314946,-0.08742244782853917,-0.009644670050761417,-0.09089467005076138,-0.009644670050761417,-0.05591332676717936,-0.08237194277803411,-0.18656774697383832,0.06132307188472247,-0.12214467005076138,0.08321247280638144,0.11658483814595993,-0.06374303070649909,0.198829906220425,0.06771382051527636,-0.0369173973234887,0.1122303299492386,0.05101106765415664,0.06132307188472247,0.0018307397853041807,0.09358113640085147,0.38423288096964675,0.24420148379539247,-0.1296446700507614,-0.009644670050761417,-0.014562702837646657,-0.06826535970593381,0.1001913955230091,0.08379795290005831,0.12785532994923865,0.2796410442349529,0.24207946788027307
0.005592359975909789,-0.07368593417389879,-0.03282571912013543,-0.08637763168844137,-0.08981496643196332,-0.07368593417389879,-0.006388937510939996,-0.13282571912013538,-0.08282571912013537,-0.13000086036307323,-0.045761042503219995,-0.062204250193581695,-0.02498258186523339,-0.08896606999732834,-0.01824238578680204,-0.03534144239057557,-0.10983721337300892,-0.11916451693434302,-0.07142221034820553,-0.09259583406266408,-0.009169805141640786,-0.03386738578680204,-0.18473828742614629,-0.04525509765120883,-0.03163524292965919,0.05050761421319794,0.057650471356055055,0.017174280879864612,0.004079042784626508,-0.05755690191583429,0.13990155360713735,0.1416840848014333,-0.04234952864394492,-0.06734952864394489,-0.14076222705664332,-0.025298837399705287,0.08647252649389975,0.011983024049263546,0.01479332849891224,-0.06139714769156393,0.061163351918116005,1.0,0.009598523304107043,0.11841806197439197,-0.036334491049959894,0.18326623490285315,-0.04087169613162961,-0.044590425002488276,-0.030261616556032822,0.033840947546531275,-0.028305945108835995,-0.12707859268335375,0.014233104409276387,-0.07535445475231928,-0.13820206320615688,-0.10306381435823062,-0.07915340273595459,-0.08282571912013537,-0.12707859268335375,0.04971396341954715,0.04476990929516517,-0.0772701635645798,-0.1543310954642214,0.004079042784626508,-0.06734952864394489,-0.0661590524534687,-0.07142221034820553,-0.11949238578680205,-0.12038790817486175,-0.10901619531061157,-0.14949238578680205,-0.15886738578680204,-0.13282571912013538,-0.07561178877187666,-0.05706814336255964,0.023584537290121055,-0.05755690191583429,-0.127617385786802,0.021936185641769357,0.11034367978696846,-0.05359074644253972,-0.04525509765120883,-0.11081314050378316,-0.08737117366558991,-0.04949238578680204,-0.15195140218024467,0.039217291632552775,-0.004410418573687291,-0.10594399869002785,0.027038226458095893,-0.007184693479109716,-0.05949238578680202,-0.13282571912013538,0.14313056503287008,0.028093821109749673,0.17591745027877176,0.1267371224099193,-0.09636738578680201,0.057650471356055055,0.06257657973043934
0.04284608104620147,0.04339282790240706,0.05414551607445006,0.032287592577182334,0.07565089241853612,0.011134763386278002,-0.020567127603710822,0.008690970619904592,0.05414551607445006,-0.09274713929278156,-0.010531100840972807,-0.16054374946227307,0.034537672937195174,-0.016029922522041107,0.04893718274111675,-0.015036873862656785,-0.08953264484509013,-0.016892735291670125,-0.03357378217116391,-0.037808506914055656,0.05952186016047156,0.1270621827411168,0.032287592577182334,-0.04189968166566291,-0.1006163886874547,-0.14585448392554995,0.18509789702683105,0.10414551607445005,0.0065264684554024455,-0.0049942688717865,0.29656975849869244,0.11787100627052854,0.06366932559825961,0.06009789702683099,0.2763677382966723,0.02726379564434256,-0.03357378217116391,0.04868103520013317,0.04938361131254532,-0.056965595036661015,0.17982857618373976,0.008947775961455684,1.0,0.10887188423365407,0.3874788494077835,0.1518466654997374,0.2380535620514616,0.1521847317607246,0.009273721202655238,-0.0014100394811054628,0.008947775961455684,0.10012252756870299,-0.02428585647456949,0.013915631016978791,0.05952186016047156,-0.0470449601160261,0.008947775961455684,0.020812182741116736,-0.1240154034657798,-0.15220369027475628,-0.08246650578347339,0.05414551607445006,-0.0049942688717865,-0.0470449601160261,-0.0470449601160261,0.020812182741116736,0.0015139371270816437,-0.039187817258883234,0.03424501856201223,-0.04109257916364514,-0.09585448392554993,0.002062182741116747,-0.045854483925549916,-0.10008333964694296,-0.06706660513767113,-0.20226474033580633,-0.053381365645980006,-0.07606281725888323,0.31009789702683105,0.16343513356078887,-0.0004992926687193422,0.16149014884281165,0.19251029594866392,0.06929703122596526,-0.013562817258883253,0.08146792044603479,-0.0049942688717865,-0.016892735291670125,-0.053381365645980006,0.08815912151662691,0.15158141351034754,-0.11918781725888325,0.0374788494077834,0.1470416909378381,0.031157010327323653,0.08146792044603479,0.16343513356078887,0.0958121827411168,0.024383611312545295,0.031157010327323653
0.21922051105566542,-0.08203700671360736,0.05989847715736035,0.02055421486227843,-0.0175208776813493,0.07925331586703782,0.24610537370908447,0.053837871096754364,0.10989847715736034,-0.0858642347070464,-0.11622092582771423,-0.035016777079927786,0.13048671245147803,0.1335826876836762,0.15989847715736039,0.13159659036490756,0.14265709784701558,0.06973454273113089,0.23884584557841304,0.03920882198494663,0.09538234812510232,-0.058851522842639614,0.06973454273113089,-0.1875591499612837,-0.19724437998549676,-0.040101522842639625,0.23132704858593178,0.09323181049069373,0.17775562001450318,-0.14655313574586543,0.2508075680664513,0.012839653627948644,0.08846990572878899,0.052755620014503235,0.024977842236725445,0.14376944489929588,0.22130198592929018,0.18448864109178664,0.18846990572878897,-0.08613326887438566,0.1189148705999834,0.13447474834380108,0.1326257498846331,1.0,0.16867040698192182,0.12541571853667072,0.0047260633642569605,0.2089180850004977,0.29451386177274497,0.23397255123143446,0.03277983308956378,0.03920882198494663,0.11087886931422314,-0.04699807456677757,-0.0175208776813493,0.034898477157360386,0.03277983308956378,0.009898477157360364,-0.06423945387712238,-0.006768189509306299,-0.01223267038362319,0.15989847715736039,0.07925331586703782,0.19561276287164608,0.15989847715736039,0.07656514382402702,0.06340724908718498,0.1798984771573604,0.062883551784226,0.08846990572878893,0.05989847715736035,-0.027601522842639614,-0.023434856175972962,-0.04159406015607248,-0.1279803107214275,-0.1401015228426396,0.014737186834779759,-0.07447652284263961,0.12418419144307469,0.053341100108180106,-0.1105933261213281,0.04972898563193667,0.16933243942151133,0.03868635594523917,0.12864847715736044,-0.07780644087542649,0.1760275094154249,0.03694765748522927,0.04699525135090876,0.027245415932870554,0.13682155408043734,-0.00010152284263958977,0.009898477157360364,0.2172755263376882,0.056450201295291436,0.46317716568195055,0.18448864109178664,0.08177347715736039,0.23132704858593178,0.22886399439873972
0.10049040695173367,0.0009824791223186358,-0.02267343485617601,-0.0434384621785803,0.08162764041264126,-0.015146553135745866,-0.04796079117801502,-0.046915859098600216,0.01065989847715737,-0.0012045083025036818,0.024092734298052865,-0.1367977286414867,0.02438538867323581,-0.06126992608424611,0.05440989847715744,-0.08179293171152183,-0.0996849291090495,-0.0434384621785803,-0.09635764538249172,-0.08244354979870466,-0.015146553135745866,0.13253489847715738,0.08770907880502626,-0.03510281338724941,-0.07505438723712834,-0.12267343485617596,0.2642313270485859,0.127326565143824,0.014231327048585929,0.033240543638447695,0.22581141362867252,0.03418931024186328,0.06780275562001448,0.03208846990572878,0.3138345016517605,0.13001473718683482,0.02644937216136789,0.00574186569027213,0.03923132704858595,-0.06711787930062038,0.20246317716568202,-0.03510281338724941,0.4015689893862483,0.14349571937267974,1.0,0.22790127778750224,0.3313495536495712,0.29889519259480446,0.09527528309254196,0.09954878736604628,-0.03510281338724941,0.07272886399439876,-0.07365382701303869,0.021004726063364287,0.0493695758965122,-0.05719724437998547,-0.018153660844876573,0.07732656514382402,-0.06520217048835986,-0.11473692691966803,-0.0434384621785803,0.08103026884752779,0.017111511380383193,-0.07505438723712834,-0.07505438723712834,0.09399323181049068,-0.07881378573336892,-0.06934010152284259,0.009167361163724519,-0.09886391104665215,-0.1060067681895093,0.05440989847715744,0.07732656514382402,-0.1550117433138874,-0.1075219197046608,-0.18164779383053492,-0.11192074668413293,-0.02371510152284262,0.3178027556200145,0.08770907880502626,-0.02704501955562949,0.2191344747483438,0.40877310602432726,0.10459929241655136,0.08565989847715744,0.1532828492968295,-0.015146553135745866,0.05492219355912459,0.0009824791223186358,0.18004765357919822,0.15681374463100356,-0.16934010152284262,-0.006006768189509348,0.1532828492968295,0.055487484684053956,0.07131563618207543,0.1696762919197804,0.14815989847715744,0.03208846990572878,0.0037633467530194253
0.061515959735008174,-0.11699688881611264,-0.09441624365482235,-0.08130148955646166,-0.10086785655804814,-0.10086785655804814,-0.018554174689305092,-0.1125980618366405,-0.07774957698815566,-0.0062806504344833924,0.0488673384347299,-0.023229802976856284,-0.039514282870508566,-0.04880220856710299,0.03370875634517767,-0.030265300258595862,-0.12200245055137404,-0.06490804693351082,-0.08388992786534863,-0.08751969193068437,-0.004093663009661075,0.03370875634517767,0.033452608804194095,-0.10797556568872063,-0.02655910079767948,-0.12774957698815567,0.33058375634517767,0.15558375634517763,0.027012327773749067,0.1249385950548551,0.09952315028457165,0.10264257987458947,0.10558375634517769,-0.02655910079767948,0.10240915317057447,0.09268053053872605,0.14418024757324782,0.131813264541899,0.13415518491660627,0.007171057932479241,0.27935424814845644,0.18016002753161836,0.1601292108906322,0.10856883097204328,0.23189954581886196,1.0,0.25730789427621215,0.23499552105106003,0.16712221788363918,0.15002820078962215,-0.10797556568872063,-0.0357955539996499,-0.019906439733253678,0.03316996324172938,-0.10086785655804814,-0.06227338651196518,-0.12492471823109352,-0.12774957698815567,-0.05303693330999473,-0.008701957940536631,-0.08130148955646166,0.020398571159992496,-0.06860979204191908,-0.02655910079767948,-0.06227338651196518,0.05558375634517765,-0.13652150681271707,-0.09441624365482232,-0.1302371391772104,-0.11981306905164774,-0.09441624365482235,-0.15379124365482233,-0.027749576988155722,-0.1600878854458671,-0.1429010921396708,-0.15595470519328386,-0.08473882429998361,-0.0756662436548223,0.027012327773749067,0.09902637929599739,-0.14687526004826496,0.14626172244687258,0.007470548798007848,-0.1429010921396708,0.0024587563451776706,0.0006657235582924192,0.012035369248403482,-0.04851460431056001,-0.05248075978385458,0.15456334818191236,0.12096837172979308,-0.05441624365482231,-0.027749576988155722,0.11541982191894817,-0.07027831262033957,0.08263293667304655,0.2629608055255055,0.09620875634517767,0.04486947063089192,0.10213548048310872
0.07846511227738107,0.012035369248403482,0.038917089678510985,-0.06490804693351082,-0.03635172752579008,0.028164401506467984,-0.08751969193068437,-0.051992001230579926,0.08891708967851097,0.0106685021078895,0.093643457837715,-0.09102641314634774,-0.039514282870508566,-0.03125834891798018,0.12745875634517767,-0.01139737573029398,-0.10476107124102921,-0.01572771906465842,-0.08388992786534863,-0.10476107124102921,0.012035369248403482,0.12745875634517767,0.11541982191894817,-0.0062806504344833924,0.009155184916606218,-0.16108291032148903,0.27701232777374907,0.15558375634517763,-0.04441624365482233,0.18945472408711317,0.05406860483002618,0.02911316810988357,0.11986947063089193,0.11629804205946337,0.3881234388848601,0.1410676273129196,0.0038293703802653734,0.017059166181243257,0.13415518491660627,0.007171057932479241,0.29574769077140717,-0.04017895551922912,0.2510383017997232,0.004091219031744808,0.3371627037135987,0.25730789427621215,1.0,0.4114661092863541,0.10942991019133147,0.16854671930814064,0.07846511227738107,0.08489410117276391,-0.0002985965959987902,-0.0013127953789602853,0.012035369248403482,0.08058375634517767,-0.10797556568872063,-0.06108291032148899,-0.018554174689305092,-0.08806703730561599,-0.13048181742531412,0.020398571159992496,0.044293433764532486,-0.008701957940536631,-0.008701957940536631,0.10558375634517764,-0.11897764716359424,0.025583756345177677,0.004091219031744808,-0.07219402143260009,-0.06108291032148899,0.01808375634517767,0.08891708967851097,-0.11531176604288204,-0.12774957698815567,-0.17133932057789925,-0.10086785655804814,-0.04441624365482233,0.13415518491660622,0.0006657235582924192,-0.09769493217941247,0.1632108749892454,0.12067809596781925,0.00861405937548071,0.0024587563451776706,0.11541982191894817,-0.06860979204191908,0.1482067071648498,-0.05248075978385458,0.13415518491660627,0.18250683326825462,-0.13441624365482233,0.038917089678510985,0.04984605142714488,-0.018554174689305092,-0.06490804693351082,0.09902637929599739,0.17433375634517773,0.06272661348803477,-0.05303693330999473
0.1478964122859847,-0.03307679711806122,-0.008883248730964466,-0.029375052009652958,-0.016947764859996717,0.03143933191419679,-0.00026255907579203486,-0.03161052145823717,0.09111675126903551,0.02925234448937447,0.03962421395560267,-0.02159511313774412,0.03523439832785907,0.03936236530412324,0.10049175126903559,0.005267694665262002,-0.00026255907579203486,-0.029375052009652958,0.00427464600587768,-0.05198669700682651,-0.016947764859996717,-0.024508248730964438,0.20013314471165855,-0.10634087584960855,-0.08031182015953592,-0.1422165820642978,0.43754532269760693,0.25778341793570214,0.06254532269760693,0.0959554609464549,0.08960159975388404,-0.008883248730964466,0.14111675126903556,0.04468817984046408,0.23318024333252757,0.17660062223677747,0.05690622495324604,0.10177248897395358,0.1982596084118926,-0.020788010635726356,0.29849380044936336,-0.03854426568011701,0.14111675126903556,0.15902719903022955,0.2674325407427198,0.20663399264834587,0.36180640644144935,1.0,0.27957828973057397,0.2781537883060726,0.01230319194700158,0.05146157885524244,0.03523439832785907,0.05146157885524244,-0.000818732601932215,0.11611675126903553,-0.07244257076486277,-0.02554991539763113,0.03422019954489758,-0.08428007412778987,-0.11134226512440709,0.0929686031208874,0.03143933191419679,0.026831036983321233,0.04468817984046408,0.1411167512690355,-0.013269213643245126,0.04111675126903558,-0.04992802485036746,-0.068407058254774,-0.02554991539763113,-0.04013324873096444,0.09111675126903551,-0.04992802485036746,-0.12251961236732811,-0.2127294025771183,-0.03307679711806122,-0.024508248730964438,0.08040246555474978,-0.029375052009652958,-0.1441291503703087,0.11399810720123893,0.15621109089167712,0.02899553914782338,0.10049175126903559,0.08537904635100274,0.047568364172261346,0.08537904635100274,0.03143933191419679,0.16968817984046414,0.17188598203826633,-0.09888324873096446,0.007783417935702142,0.05259216110510112,-0.01750393838613687,0.08537904635100274,0.08537904635100274,0.19424175126903553,0.16968817984046408,0.15490985471731145
0.24451518540824224,0.026363189782217078,0.2193739424703891,-0.050844636764583506,0.010234157524152576,0.2521696413951203,0.1670750918956765,0.09967697277341947,0.26937394247038904,0.15976942269637784,0.04947344495795131,0.142820270154005,0.14780531501940875,0.19218096001424884,0.22041560913705588,0.05679532611818794,0.1670750918956765,0.12948323208787554,0.17463710036512597,0.11535095396464207,0.05862125429834614,-0.12333439086294418,0.06390946159607225,-0.09446786543921537,-0.12110224800580133,-0.0639593908629442,0.23604060913705582,0.10270727580372246,0.16461203770848437,-0.07041100376616999,0.1299800030764498,-0.013959390862944177,0.0503263234227701,0.20032632342277013,0.08524695834340501,0.31668577042737833,0.15709324071600322,0.14587667471082633,0.3074691805656272,0.053500926597373266,0.3098111009403346,-0.02667125526972383,0.008767881864328586,0.22857792256989162,0.086917802119512,0.14983371258533174,0.0981095746542972,0.2850602169801931,1.0,0.5323369054333521,0.09197281252688633,0.0808681953439524,0.08898178560764403,0.029144057412917868,0.1231373833306042,0.3431834662799129,0.02417620235739476,0.06937394247038914,0.11535095396464207,0.10111997421642088,0.08030290421902303,0.1804850535815003,0.20378254462092676,0.23604060913705582,0.16461203770848437,0.18604060913705578,0.13954938106688042,0.15604060913705586,0.019622698689294615,0.037627910724357394,0.0860406091370558,-0.06083439086294415,0.019373942470389094,0.019622698689294615,-0.09729272419627752,-0.11011323701679032,0.0908793188144752,-0.06083439086294415,0.0038977519941986727,-0.03445119414163267,-0.14920529250228842,0.142820270154005,0.05679532611818794,0.00876788186432853,0.14229060913705588,-0.08363152201048515,0.1392664155886687,0.014729133727219734,0.15539544784673326,0.10338754791256599,0.15142522452167123,-0.023959390862944158,0.06937394247038914,-0.0016643088957310481,-0.07430421844915105,0.22784388782558046,-0.0016643088957310481,0.12666560913705582,0.4860406091370558,0.35673026430946964
0.23436290114428288,-0.01604715899787129,0.19255499153976313,-0.07739036365149368,-0.048305223514000295,0.20975929261503196,0.15692280763171712,0.05922165820642977,0.19255499153976313,0.06487137572055407,-0.020380331843321497,0.06487137572055407,0.05922165820642977,0.12939709680292105,0.1633883248730965,0.1221147399674361,0.1051986697006827,0.0865440625780145,0.12939709680292105,0.12244004901102751,0.06459800229245127,-0.13348667512690354,0.020970292086211206,-0.13851845478792052,-0.1312545322697607,-0.07411167512690356,0.26160261058738216,0.0925549915397631,0.20803118201595355,-0.09669232028819386,0.0895246885094601,0.049417736637802356,0.11160261058738213,0.19017403915881076,0.07509467407944564,0.3549205829376126,0.18202867575028947,0.13572439044686696,0.29731689630166785,0.027475626460398028,0.39801947241408014,0.030973070635808286,-0.0013844023996307797,0.1885748920372755,0.09430937750467544,0.13968142832137237,0.15692280763171712,0.2945157758534886,0.5528114017961734,1.0,0.09876968080529985,0.07071591107999303,0.07882950134368466,-0.015490985471731111,0.11298509906664483,0.29731689630166785,-0.019874386991310333,0.009221658206429728,0.018991773148958502,0.07509467407944564,0.05375717733211288,0.11477721376198535,0.11298509906664483,0.22588832487309646,0.1187454677302393,0.10922165820642976,0.12939709680292105,0.10588832487309646,-0.05023107811197816,-0.020143421158649588,0.05922165820642977,-0.10223667512690351,-0.024111675126903542,-0.005454958708993096,-0.10744500846023688,-0.12026552128074969,0.08072703455051583,-0.13348667512690354,-0.006254532269760693,-0.044603478405592034,-0.14296413414329698,0.13266798589004564,0.04664304185422857,-0.03168743270266114,0.14776332487309646,-0.11017724889739533,0.12911413132470934,-0.011816593159690414,0.1613721958408384,0.21568424324044344,0.15665755564232725,-0.07411167512690353,0.025888324873096447,-0.044603478405592034,-0.13618064064414492,0.2176916035616211,-0.028210035782641224,0.08526332487309651,0.44017403915881065,0.3810607386661999
0.2937279531962488,0.08760438840674634,0.16717428087986463,0.04476990929516517,-0.04142786965776979,0.1682495496970689,0.21774899352354282,0.15505306875865255,0.16717428087986463,0.07338897014540136,-0.06068641563754834,0.005592359975909789,0.033840947546531275,0.12156024579214536,0.12238261421319796,0.28541327459055654,-0.023630316821284802,0.14313056503287008,0.06892866684477694,0.11430071766147387,0.1198624529228754,-0.01824238578680204,0.1267371224099193,-0.04525509765120883,-0.013778100072516342,-0.0661590524534687,-0.013778100072516342,-0.01615905245346877,0.057650471356055055,-0.009169805141640786,0.04899246269804647,0.03874290833084504,0.04336475707034082,0.07550761421319796,-0.013778100072516342,0.05534632389061733,0.06892866684477694,0.11034367978696846,0.20050761421319796,0.17669809040367418,0.04476990929516517,-0.028305945108835995,0.009598523304107043,0.028865823168421845,-0.036334491049959894,-0.10983721337300892,0.0798179590407842,0.014233104409276387,0.10435376805935176,0.1079150216206054,1.0,0.13154209697181862,0.0730566338210411,-0.19604410992473306,0.1198624529228754,0.16479332849891226,0.09033812268777425,-0.03282571912013543,0.06257657973043934,-0.12488921118362745,-0.08637763168844137,-0.00319608949050576,0.18437858195513346,0.09336475707034081,0.1290790427846265,0.10050761421319793,0.244367263336005,0.120507614213198,0.13334343510872032,0.17669809040367418,0.08384094754653126,0.059882614213198015,0.10050761421319793,0.163194181377377,-0.10252268881710505,-0.0533385396329559,0.08760438840674634,-0.00261738578680204,0.09336475707034081,0.15952400765582098,-0.02080386119663813,-0.028305945108835995,0.002394406666028137,0.033840947546531275,0.07550761421319802,0.011983024049263546,0.023088259374488274,0.028376466672214384,0.07147535614868183,0.0066300631927898035,0.19281530652089024,0.10050761421319798,0.10050761421319793,-0.004410418573687291,0.028093821109749673,0.11034367978696846,0.011983024049263546,0.044257614213198015,0.09336475707034081,0.0798179590407842
0.061515959735008174,0.4636482724742099,0.28891708967851093,0.23017392027960393,0.3346160144096938,0.2862289176355002,0.13661823910379833,0.3267958775572989,0.338917089678511,0.02761765465026239,0.004091219031744808,-0.0062806504344833924,0.05852493281576587,0.16172410722237068,0.15870875634517767,0.2338856431376306,0.050411342552074245,0.3613214612632105,0.03891708967851104,0.3090320322072466,0.1733256918290486,0.06495875634517773,0.131813264541899,0.07846511227738107,-0.06227338651196518,0.022250423011844322,0.08058375634517767,0.08891708967851097,0.13415518491660622,0.1249385950548551,0.00861405937548071,-0.02971036130188115,0.03415518491660624,0.27701232777374907,0.11828216904359035,0.18945472408711317,0.14418024757324782,-0.01572771906465842,0.01986947063089195,0.038917089678510985,0.06623949405009572,-0.12492471823109352,0.10558375634517769,0.033941965300401555,0.07400480897675665,-0.0357955539996499,0.08489410117276391,0.05852493281576587,0.09019914096056225,0.07595412671554808,0.12931256990449969,1.0,0.254603364188315,0.06765272186241905,0.4152611757000164,0.25915518491660616,0.36660070549772006,0.30558375634517765,0.050411342552074245,-0.07219402143260009,-0.01572771906465842,0.038917089678510985,0.18945472408711317,0.04486947063089192,0.11629804205946337,0.15558375634517763,0.2143556861697391,0.1255837563451777,0.21304644291234176,0.3722504230118443,0.23891708967851089,0.17433375634517773,0.10558375634517764,0.019016592166073154,-0.021688970927549622,-0.01749316673174539,0.1733256918290486,0.20558375634517767,0.06272661348803477,0.0006657235582924192,0.1482067071648498,0.07846511227738107,0.12067809596781925,0.16012921089063226,0.09620875634517767,0.1973870350337023,0.1249385950548551,0.033452608804194095,0.2539708531193712,0.07293069512068784,0.15173760249902385,0.005583756345177715,0.08891708967851097,-0.01572771906465842,0.1538596184141432,0.1482067071648498,0.017059166181243257,0.18995875634517773,0.06272661348803477,0.13661823910379833
0.13094725974361182,0.1443425577206484,0.24111675126903553,0.15095281684280604,0.015310299656132287,0.1443425577206484,0.27559950988972515,0.19566220581449012,0.1411167512690355,0.01230319194700158,0.03962421395560267,0.04620149703174736,0.1724893002886434,0.23234482144447421,0.24111675126903553,0.30715448711809223,0.13766847540696658,0.2657069152034618,0.21480096179535135,0.22387537195869073,0.17660062223677747,-0.008883248730964466,0.10177248897395358,0.01230319194700158,-0.06245467730239304,0.024450084602368805,0.04468817984046408,0.024450084602368805,0.04468817984046408,0.07982642868839035,-0.03161052145823717,0.005822633621976714,0.0696881798404641,0.27683103698332123,-0.020788010635726356,0.06369739643032585,0.05690622495324604,0.21652658733460933,0.09825960841189263,0.13794214809443234,0.08537904635100274,0.01230319194700158,-0.022519612367328107,0.08440033335858776,-0.06590079259061357,-0.01750393838613687,-0.00026255907579203486,0.03523439832785907,0.08727059742288168,0.07445008460236885,0.06315064957412025,0.22387537195869073,1.0,0.06870295816558725,0.1282135254625839,0.13397389412617838,0.18179471737073044,0.04111675126903552,0.03422019954489758,0.1061961163484006,0.10177248897395358,0.11148712163940594,0.1443425577206484,0.18754532269760693,0.27683103698332123,0.15778341793570216,0.2674325407427198,0.3211167512690356,0.08440033335858776,0.2966723068245911,0.25778341793570214,0.006741751269035534,0.07445008460236885,0.21872869156754293,0.05929856945085371,0.002655212807497087,0.047568364172261346,0.10049175126903559,0.026831036983321233,0.08537904635100274,-0.029375052009652958,0.11399810720123893,-0.013600229863039909,0.013844023996308241,0.13174175126903553,-0.012981609386702148,0.047568364172261346,-0.029375052009652958,0.03143933191419679,0.04723920024862738,0.11034752049980479,0.12111675126903554,0.1411167512690355,-0.029375052009652958,0.06870295816558725,0.15095281684280604,0.06898560372805196,0.08486675126903559,0.11611675126903553,0.10318571678627692
-0.12492471823109352,0.10880956279679055,0.022250423011844322,0.131813264541899,0.1733256918290486,0.044293433764532486,-0.08751969193068437,-0.03684048607906476,0.022250423011844322,-0.023229802976856284,0.06379271156905825,0.02761765465026239,0.07813277595302082,0.03891708967851104,0.03370875634517767,-0.12460492290010533,0.050411342552074245,0.017059166181243257,-0.013714489268857433,0.10213548048310872,0.06042246602259704,0.01808375634517767,0.09902637929599739,0.11236341736212685,-0.06227338651196518,0.1222504230118443,0.13415518491660622,0.07225042301184431,0.11629804205946337,0.07655149828066155,-0.021688970927549622,-0.07382800836070466,-0.15155910079767948,0.04486947063089192,0.038917089678510985,0.06042246602259704,-0.13652150681271707,-0.0321211616876092,-0.03727338651196521,-0.08806703730561599,0.017059166181243257,-0.07407726060397488,0.014674665436086753,-0.040684900371240285,0.02137323002938818,0.03316996324172938,-0.0013127953789602853,0.05852493281576587,0.03250683326825454,-0.01663846587704454,-0.19272132840058503,0.06765272186241905,0.07813277595302082,1.0,0.07655149828066155,0.027012327773749067,-0.0062806504344833924,0.05558375634517765,0.050411342552074245,0.07066312142454273,0.08263293667304655,0.020398571159992496,-0.05248075978385458,0.009155184916606218,0.04486947063089192,0.08891708967851097,-0.06634606821622582,-0.014416243654822303,-0.010834154102583538,-0.008701957940536631,0.13891708967851102,0.049333756345177726,0.10558375634517764,-0.025759527236911883,0.08437163513305646,0.07481452557594692,0.10880956279679055,0.15870875634517767,-0.04441624365482233,-0.08130148955646166,0.09902637929599739,0.12931256990449969,-0.06800114931519965,0.038917089678510985,0.12745875634517767,0.09902637929599739,-0.020222695267725577,-0.04851460431056001,0.028164401506467984,0.07293069512068784,-0.01749316673174539,-0.09441624365482232,-0.027749576988155722,-0.01572771906465842,-0.018554174689305092,-0.0321211616876092,-0.0321211616876092,0.11183375634517773,-0.008701957940536631,0.08489410117276391
0.07510969629183517,0.41108563943016213,0.3519458544839255,0.22626279437463598,0.2981824136237105,0.378827574914033,0.15079642919656921,0.3064913090293801,0.36861252115059223,-0.009636066420029288,-0.01621334949617398,0.007313086122343604,0.038220364287847086,0.17650725799269756,0.15402918781725894,0.21358107460971182,0.08183091195518993,0.2918365648664392,0.03615638079971506,0.3059688429896727,0.16915015555919438,0.07590418781725888,0.062328368145127766,0.09205884883420806,-0.13614938361131257,0.08527918781725885,0.04242204496011598,0.11861252115059223,0.20313633067440168,0.12076305878500082,0.03376403630210739,0.052926246640788266,0.028136330674401744,0.22099347353154458,0.06623156876963981,0.2175372523333879,0.1414195386944519,-0.00324540234667553,-0.0004350978970268371,0.05035855289662394,0.04593492552217693,-0.1452292867590123,0.06709736963544072,-0.01621334949617398,0.053700240448837866,-0.10782426045860316,0.012865394713810596,-0.0009953219866626895,0.1468176493557204,0.12972363226170336,0.1259571539189538,0.44389987747243137,0.15586742311137652,0.08183091195518993,1.0,0.3459934735315446,0.29544867934268254,0.28527918781725886,0.047348153334500265,-0.06075255821448716,0.0787218107680786,-0.036943034404963326,0.2175372523333879,0.02456490210297313,0.09599347353154458,0.11861252115059223,0.21159497729094318,0.06527918781725889,0.22259262065307978,0.30432680686487795,0.2186125211505921,0.20090418781725888,0.08527918781725885,0.04348814304113946,0.04891555145362253,0.03912534166341275,0.2336662845914524,0.18527918781725888,0.07813633067440173,0.04593492552217693,0.20986935175168514,0.09205884883420806,0.10037352743990047,0.21558221812028916,0.04465418781725894,0.17708246650578352,0.16915015555919438,0.02954148289922609,0.314311445881775,0.011809800062156817,0.11604841858648968,-0.0747208121827411,0.03527918781725886,-0.019638844969626368,0.15079642919656921,0.11150869601398022,-0.05242573021552799,0.16965418781725894,0.11385061638868743,0.15079642919656921
0.15641400671083194,0.21573604060913704,0.38240270727580367,0.14196554880585838,0.11896184706074991,0.4254134599639758,0.25021879922982665,0.26119058606368245,0.415736040609137,0.15641400671083194,0.02916887643003252,0.13946485416845905,0.18632427590325468,0.31222726867931244,0.23136104060913704,0.22517000287328798,0.21573604060913704,0.32229341765831737,0.20696411078457572,0.2674601785401715,0.15121991157687897,-0.0030139593908629636,0.12557210618290754,0.13946485416845905,-0.034263959390862964,0.015736040609137025,0.09073604060913704,0.08240270727580368,0.21573604060913704,0.10283281480268541,-0.011536686663590257,0.024559570020901755,0.044307469180565606,0.28716461203770843,0.09668842156151797,0.24799410512526604,0.08415709324071602,0.10917866355995676,0.23002175489485127,0.1601804850535815,0.15835899142880916,-0.09782328142476127,-0.047900323027226605,0.02916887643003252,-0.05619378395226646,-0.0601260283563802,0.07780500612637842,0.12750074649148996,0.3695821944552908,0.3083286332017296,0.15641400671083194,0.25021879922982665,0.1471085896287449,0.026080868195343943,0.31251023415752416,1.0,0.17336315925320478,0.14906937394247038,0.19849466129879223,0.04906937394247035,0.14196554880585838,0.21573604060913704,0.32863926641558866,0.25145032632342273,0.28716461203770843,0.21573604060913704,0.24205183008282133,0.21573604060913704,0.08887036896734596,0.19192651679961326,0.24906937394247025,0.012611040609137036,0.115736040609137,0.11872111523600265,0.018766343639440075,-0.038110113237016824,0.23186507286720154,0.05948604060913709,-0.034263959390862964,-0.038362320046600645,-0.054755762669551455,-0.013077518712896918,-0.038980940522938407,0.03391785879095521,0.10636104060913704,-0.005575434800699053,0.15121991157687897,0.010818007822251785,0.21573604060913704,0.02185848958872888,0.0695821944552909,0.11573604060913706,0.165736040609137,-0.10393609053840394,0.00883948888499908,0.10917866355995676,-0.0711492052925023,0.043861040609137036,0.30502175489485134,0.1467705233677577
0.056439817603028464,0.3456689045357786,0.21717428087986457,0.29067154863942746,0.23276567872932696,0.15212051743900445,0.18326623490285315,0.3671742808798646,0.21717428087986457,0.005592359975909789,-0.030835669368891594,0.02254151251828268,0.0730566338210411,0.19173568438863664,0.07550761421319802,0.24767742553395267,0.0798179590407842,0.37263876175418165,0.08647252649389975,0.28671451076492205,0.08760438840674634,0.044257614213198015,0.028376466672214384,0.10728727523014714,-0.08520667150108777,0.10050761421319793,-0.013778100072516342,0.017174280879864612,0.1290790427846265,0.023088259374488274,0.033840947546531275,-0.09361003284562555,0.01479332849891224,0.23622189992748366,-0.013778100072516342,0.1359914851809399,0.08647252649389975,0.028376466672214384,0.02907904278462653,0.06558697929256302,-0.08637763168844137,-0.07915340273595459,0.009598523304107043,0.028865823168421845,-0.018790631400837143,-0.12707859268335375,-0.10983721337300892,-0.08380611127699811,0.027430691136274832,-0.02171460800902425,0.09033812268777425,0.37292140731664625,0.2103115357818255,-0.006388937510939996,0.28115277550352047,0.18265047135605506,1.0,0.31717428087986466,0.06257657973043934,-0.013778100072516342,0.11034367978696846,0.1264335401391239,0.15212051743900445,0.021936185641769357,0.14693618564176936,0.10050761421319793,0.244367263336005,0.120507614213198,0.163194181377377,0.3830472967528804,0.20050761421319796,0.10675761421319802,0.10050761421319793,0.10349268884006357,0.033840947546531275,0.054353768059351826,0.15212051743900445,0.18488261421319802,0.039793328498912206,-0.02080386119663813,0.14313056503287008,-0.028305945108835995,0.11560195383583954,0.10959852330410702,0.12238261421319796,0.07755679454106684,0.10373342066481084,0.011983024049263546,0.2650237432454561,-0.03418626333782243,0.03896915267473644,0.120507614213198,0.1338409475465313,-0.004410418573687291,0.045335200420094535,0.1267371224099193,-0.03719730381958891,0.07550761421319802,0.057650471356055055,0.09705933835112901
-0.0672803923255614,0.3567217946618635,0.17876480541455153,0.23641507863859534,0.437366955952186,0.19543147208121825,0.0057762996674251554,0.2863405629903092,0.32876480541455155,0.05136367547104875,0.03871505417077048,0.000516217843930078,-0.06927441027172293,0.06385252471279723,0.054806472081218305,0.03505411359065225,0.05750043759845963,0.25280852126154607,-0.006322913883694048,0.19543147208121825,0.018012117242508563,-0.03894352791878175,0.006906881917283836,0.11916028564054026,0.016860043509789646,0.19543147208121825,0.052574329224075345,0.1287648054145516,0.17757432922407534,0.034141149500573065,0.059067835717581896,0.018960883845924148,-0.061711385061638924,0.24900290065264674,0.10812988477963092,0.24381856885541175,0.09894024401104284,-0.09145377382042108,-0.09028281363306745,-0.050600273950527797,-0.009486560705667002,-0.0842295448679343,0.02270419935394552,0.008864307902113733,0.08139638436192004,-0.13215473481533346,-0.06318921757395415,-0.0300587239972131,0.08004685669660283,0.010246286896033074,-0.033382087240815705,0.31612112725363206,0.04837264855180645,0.05750043759845963,0.27607663337154076,0.15971718636693255,0.32255011614901485,1.0,0.05750043759845963,-0.018854242204496052,0.056087209786136294,-0.00827223162248547,0.09865727853283113,-0.09028281363306748,0.016860043509789646,0.09543147208121822,0.02876480541455162,0.015431472081218256,0.1581180392453973,0.21924099589074209,0.1287648054145516,0.19543147208121825,0.04543147208121823,-0.02098643836654296,0.07421935086909703,0.1569699336196798,0.14704437530702474,0.24230647208121836,0.034717186366932495,-0.04227344595156862,0.2200216360156445,0.000516217843930078,0.1482616607604636,0.2105829872327334,0.1641814720812183,0.15444786552384127,0.14704437530702474,0.13805442290089037,0.405108891436057,0.0015539210608100928,-0.0430300663803202,-0.04456852791878174,-0.02123519458544848,0.039693767163185456,0.14370733415018377,0.023300324540234674,-0.04227344595156862,0.1016814720812183,0.052574329224075345,0.10922457552949416
-0.04017895551922912,0.10880956279679055,0.08891708967851097,0.033452608804194095,0.028164401506467984,0.10880956279679055,0.10213548048310872,0.12982618058760192,0.1222504230118443,0.3327024004129743,0.22797181604667016,0.3496515529553471,0.0977406190902757,0.16172410722237068,0.11183375634517773,0.04520639785461167,0.24006651496586728,0.1646001497878007,0.12663638792412507,0.08489410117276391,0.07655149828066155,0.06495875634517773,0.27935424814845644,0.2988040953282285,0.22344089920232046,0.07225042301184431,-0.008701957940536631,0.08891708967851097,0.11629804205946337,0.09268053053872605,-0.006537455776034484,-0.10323977306658702,-0.15155910079767948,0.11629804205946337,-0.024574973813552503,-0.020222695267725577,-0.08388992786534863,0.033452608804194095,0.09129804205946335,0.16590121666263796,-0.04851460431056001,-0.12492471823109352,-0.1307798800184587,-0.05561027350556863,-0.06634606821622582,-0.05303693330999473,-0.018554174689305092,0.038917089678510985,0.12866067942210074,0.020398571159992496,0.061515959735008174,0.050411342552074245,0.038917089678510985,0.050411342552074245,0.044293433764532486,0.20558375634517767,0.061515959735008174,0.05558375634517765,1.0,0.16590121666263796,0.1973870350337023,0.07595412671554808,0.1733256918290486,0.08058375634517767,0.09844089920232052,0.20558375634517767,0.12663638792412507,0.2655837563451777,0.18319569664368507,0.13415518491660622,0.20558375634517767,0.12745875634517767,0.2722504230118442,0.22797181604667016,0.2207352714966928,0.09019914096056225,0.1410676273129196,0.17433375634517773,0.009155184916606218,-0.08130148955646166,0.04984605142714488,0.04456680719263528,0.026338473326309786,-0.006537455776034484,0.08058375634517773,0.06623949405009572,-0.03635172752579008,-0.01572771906465842,0.06042246602259704,0.032114368590075604,-0.01749316673174539,0.28558375634517774,0.18891708967851095,0.017059166181243257,0.06765272186241905,-0.01572771906465842,-0.04851460431056001,0.08058375634517773,0.027012327773749067,-0.0013127953789602853
-0.11640712380624624,-0.029474373669559573,0.03020304568527915,0.008071898144295597,-0.11011953495988211,-0.045603405927624074,0.042272011202520554,-0.04706968158744812,-0.08646362098138749,0.019186096532736785,0.14288961284945823,0.22257592704121126,0.22922265352841648,0.10125567726422657,0.02395304568527923,-0.01791016186189065,0.23192718361631365,0.09003911125904968,0.22406269480808622,0.025030631892175748,-0.013345341411495015,0.10207804568527917,0.008071898144295597,0.20562677449883843,0.07306018854242202,0.046869712351945814,-0.03408266860043513,-0.05313028764805422,-0.06979695431472083,-0.013345341411495015,-0.0016151361329026503,-0.06979695431472083,-0.09122552574329229,0.09091733139956487,-0.12932076383853036,-0.045603405927624074,-0.09172677887612432,0.0736456686360989,-0.005511240029006548,-0.0023366368544033844,-0.07389531497045851,0.05308440161748257,-0.17434240886017538,-0.006364118493825344,-0.12681449817436993,-0.009452126728513921,-0.09565902328023806,-0.1041106798049169,0.12251073799297146,0.08761045309268661,-0.13335627634861913,-0.07841764396989323,0.13118343784214193,0.07675476982321022,-0.061732438185688576,0.05520304568527917,-0.014712208552008998,-0.019796954314720838,0.18020304568527917,1.0,0.335940750603312,0.14316600864824214,0.09955788439495661,0.21591733139956487,0.07306018854242202,0.11353637901861252,0.013536379018612543,0.26020304568527924,0.053337374043488095,0.013536379018612488,0.11353637901861252,-0.05417195431472083,0.06353637901861248,0.023486627774831403,0.1953545608367943,0.20327996876220228,-0.013345341411495015,-0.06979695431472083,-0.08765409717186368,-0.1394690854622618,-0.07389531497045851,0.0022369439903638932,-0.16885355808830574,-0.09252422704199353,-0.0854219543147208,-0.17225597070816345,-0.045603405927624074,-0.10668220021636016,-0.09399050270181758,-0.07489899513104734,-0.18133541585318236,0.1602030456852792,-0.019796954314720838,0.02446534076724638,-0.04393488534920359,-0.00832154447865524,-0.09028875759340932,-0.1166719543147208,0.05520304568527917,-0.026693506038858783
-0.10625483954228682,0.06132307188472247,0.12368866328257194,0.0346176250312058,-0.003193057147535594,0.06132307188472247,0.06966567477682484,0.08429472388863257,0.007021996615905246,0.09713499096618777,0.10826577771043261,0.24967736384754363,0.2981984672041405,0.18158340012467727,0.04973032994923865,0.06771382051527636,0.25932084719061793,0.18215860863776323,0.2517588387211684,0.12138981270785926,0.12583920091698053,0.06535532994923865,-0.04734958808354828,0.26662651638991647,-0.006073241479332858,0.24035532994923853,-0.059644670050761406,0.02368866328257191,0.04749818709209569,-0.01932208940560015,0.06914320873711738,-0.015527022991937867,-0.16678752719361856,0.13678390137781,-0.08742244782853917,0.012935975110528908,-0.0815744946121649,0.0346176250312058,0.033212472806381454,-0.008057368463459835,-0.09652991595240074,0.0462875333390691,-0.0914628518689432,-0.011137207364194268,-0.04648677531391926,-0.08550673901627864,-0.13723087694731312,-0.1331740818154673,0.0942014837953924,0.060725700319609,-0.08930568699991395,-0.016541221774899362,0.12172787896884646,0.08690705408716964,0.07745210414278697,0.1546410442349529,0.11408414350856061,0.057021996615905235,0.20759670925958346,0.3252759648698735,1.0,0.2088738484677572,0.1419682331750451,0.2439267585206671,0.1546410442349529,0.14035532994923855,0.09386410187906319,0.1903553299492386,0.06348965830744752,0.11892675852066714,0.17368866328257188,0.03410532994923865,0.057021996615905235,0.10826577771043261,0.235809875403784,0.18266302225693087,0.12583920091698053,0.06535532994923865,-0.04178752719361856,-0.0801364733294499,0.05101106765415664,0.029338380796696206,-0.026625802126233056,-0.02176588217197356,0.03410532994923865,-0.09652991595240074,0.06132307188472247,-0.014562702837646657,0.06132307188472247,-0.06474671086708791,-0.14041390081999217,0.09035532994923862,0.007021996615905246,-0.014562702837646657,-0.03378260108524417,0.06740451027710748,-0.12931680119830238,-0.044019670050761406,0.10106961566352429,0.017941536845790307
0.09876968080529985,-0.06443425577206482,0.1425549915397631,0.0045768494632603685,-0.11282135254625839,0.1452431635827739,0.22588832487309646,0.07437317335794497,0.10922165820642976,0.16656629097479136,0.05424653382832034,0.16656629097479136,0.43177067781427286,0.3048356932941491,0.1633883248730965,0.06551096638253046,0.31209522142482055,0.13572439044686696,0.32237955294327186,0.13968142832137237,0.1936302603569674,0.06963832487309651,0.10293750520096534,0.08182052826292696,-0.07768310369833212,0.025888324873096447,0.08303118201595355,-0.05744500846023687,0.10088832487309646,0.03233993777632227,0.044070143054914634,-0.11234696924455059,-0.0026831036983321344,0.0651740391588107,0.027475626460398028,0.03233993777632227,-0.046041499688307036,0.20129816093867026,0.2687454677302393,0.12271372169849326,0.020970292086211206,-0.07072184461842895,0.05316105214582373,0.12887339949996207,0.07676551785555263,0.018991773148958502,0.018991773148958502,0.0984373444809396,0.18742678641155797,0.11477721376198535,-0.002925234448937497,0.036233152459303364,0.11804518761819449,0.018991773148958502,-0.03217619125593579,0.20803118201595355,0.11571883334767274,-0.007445008460236935,0.07071591107999303,0.12271372169849326,0.18490471831571947,1.0,0.3226625184214836,0.36874546773023925,0.27945975344452495,0.22588832487309646,0.14694095645204386,0.2858883248730965,-0.005454958708993096,0.0433486423334139,0.20922165820642974,-0.10223667512690351,0.10922165820642976,0.05424653382832034,-0.016535917551145973,-0.12026552128074969,0.04846897003438677,-0.07098667512690351,0.011602610587382156,-0.09378380627444452,-0.1593575767662478,-0.0368235395336832,0.04664304185422857,-0.061990463005691415,0.05401332487309646,-0.17575101938919863,-0.03217619125593579,-0.09378380627444452,-0.01604715899787129,-0.09043820573914846,0.002811401796173396,0.10588832487309646,0.2592216582064297,-0.11017724889739533,-0.22238753719586907,0.11933094782391618,-0.11017724889739533,-0.039736675126903515,0.20803118201595355,0.0017503938386136952
0.1259571539189538,0.12076305878500082,0.3519458544839255,0.0787218107680786,0.040117897494678256,0.282053381365646,0.23700332574829336,0.21558221812028916,0.28527918781725886,0.2784995268003097,0.14796575498143794,0.22765206917319097,0.3911615407584353,0.42212129308041685,0.294654187817259,0.10037352743990047,0.37493436023105203,0.20986935175168514,0.3519458544839256,0.2197619464379485,0.249795316849517,0.15402918781725894,0.20986935175168514,0.1768046115460724,0.04242204496011598,0.03527918781725886,0.060279187817258884,0.03527918781725886,0.09599347353154458,0.13689209104306538,0.0186125211505922,-0.0794266945356823,0.013850616388687453,0.16742204496011598,0.09797760051567156,0.07237596201080726,-0.016475198147653414,0.17708246650578352,0.21385061638868746,0.20908871162678272,0.02954148289922609,-0.1621784393013852,-0.005629903091832034,0.0733388893097962,0.018612521150592254,-0.07334150183791352,0.047348153334500265,0.038220364287847086,0.24297149550956648,0.12972363226170336,0.1937537640884453,0.20252056712760375,0.1754752662486314,-0.056100122527568685,0.2175372523333879,0.3638506163886874,0.15985545900369957,0.10194585448392551,0.18527918781725888,0.09797760051567156,0.1442955812598819,0.3704643730024441,1.0,0.3817077592458303,0.3102791878172589,0.38527918781725884,0.26422655623831154,0.3452791878172589,0.13304038184710965,0.17734267988075092,0.3519458544839255,0.09152918781725894,0.2019458544839255,0.1031896355784529,0.03376403630210739,-0.03779773525966418,0.16915015555919438,0.10715418781725888,0.02456490210297313,-0.05242573021552799,-0.05242573021552799,0.07510969629183517,0.10037352743990047,0.04891555145362253,0.12277918781725894,-0.036032287592577206,0.0239888652366137,-0.019638844969626368,0.12076305878500082,-0.029006526468455363,0.11604841858648968,0.12527918781725894,0.3019458544839256,-0.019638844969626368,-0.03885874321722388,0.127902138636931,-0.019638844969626368,0.07590418781725888,0.23885061638868738,-0.00437598459653421
0.15641400671083194,-0.042328475519895215,0.26573604060913697,-0.021968877423649835,-0.1229736368102178,0.15121991157687897,0.2847015578505164,0.09452391939701582,0.115736040609137,0.15641400671083194,0.07394499583301761,0.17336315925320478,0.46083407982482333,0.3824027072758038,0.27823604060913704,0.11196245570347668,0.37090845440224046,0.14196554880585838,0.452578145872295,0.16401190267810256,0.24799410512526604,0.09073604060913709,0.15835899142880916,0.05471909145659465,-0.05212110224800581,0.015736040609137025,0.03716461203770843,-0.034263959390862964,0.07287889775199413,0.022187653512362848,0.04906937394247035,-0.0636757240967453,-0.012835387962291556,0.14430746918056558,-0.03029570542260901,0.022187653512362848,-0.05619378395226646,0.20753931929766167,0.2728788977519942,0.1601804850535815,0.05999833569110424,0.0038716338294759733,-0.047900323027226605,0.1634972346389878,-0.07373764360138926,-0.025643269735690533,-0.008401890425345726,0.029461530805215463,0.2541975790706755,0.23425455912765564,0.08861739654134043,0.04332224750568875,0.20593211904050956,0.00883948888499908,0.022187653512362848,0.25145032632342273,0.020820786371848865,-0.08426395939086298,0.07780500612637842,0.19192651679961326,0.22393276192061246,0.38240270727580367,0.34476829867365316,1.0,0.39430746918056553,0.34906937394247034,0.22450797043369847,0.35573604060913705,0.04409424956436092,0.09668842156151797,0.2824027072758036,-0.049888959390862936,0.165736040609137,0.10379574210167436,-0.011536686663590257,-0.06887934400624757,0.03831668577042735,-0.06551395939086294,-0.05212110224800581,-0.054755762669551455,-0.1695098610302072,0.03776993891422176,0.017622833061967214,-0.07214274726965084,0.05948604060913709,-0.20229674627610886,-0.026199443261830713,-0.10393609053840394,-0.042328475519895215,-0.120998653268414,0.023428348301444746,0.09573604060913704,0.1824027072758037,-0.054755762669551455,-0.14633292490810434,0.17475243405176005,-0.021968877423649835,-0.049888959390862936,0.28716461203770843,0.06056362681603361
0.12251570162608622,0.022187653512362848,0.2824027072758036,0.14196554880585838,-0.058457507777959716,0.21573604060913704,0.3019429371608611,0.20058452545762184,0.19906937394247032,0.12251570162608622,0.08887036896734596,0.12251570162608622,0.32357917786403895,0.5052097248196634,0.37198604060913704,0.16856622928838239,0.33642569578155085,0.2403262045435633,0.47012200552141775,0.2847015578505164,0.31251023415752416,0.043861040609137036,0.20753931929766167,0.020820786371848865,-0.05212110224800581,-0.0009306260575296932,0.09073604060913704,0.08240270727580368,0.14430746918056558,0.08670378254462091,0.03391785879095521,-0.09308748880262765,0.030021754894851316,0.18002175489485134,0.0014503263234227348,0.006058621254298291,-0.003562205004898067,0.25671964716651413,0.18716461203770846,0.14430746918056558,0.027211450445202623,-0.06392497634001551,-0.047900323027226605,0.13364648837033105,-0.07373764360138926,-0.0601260283563802,-0.008401890425345726,0.04906937394247035,0.17727450214759854,0.12314344801654448,0.12251570162608622,0.11228776474706809,0.3039713347267841,0.04332224750568875,0.08670378254462091,0.28716461203770843,0.13946485416845905,0.015736040609137025,0.09504638543672328,0.06494238981548622,0.14196554880585838,0.2898101146832111,0.28025216964139515,0.39430746918056553,1.0,0.34906937394247034,0.2595956897319441,0.3957360406091371,0.10379574210167436,0.22367254854564494,0.33240270727580373,-0.0030139593908629636,0.1824027072758037,0.13364648837033105,-0.04183971696662056,-0.09964857477547834,0.13509087931881447,0.012611040609137036,-0.06997824510514869,-0.0875426479154531,-0.12032953316135475,0.020820786371848865,0.017622833061967214,-0.011536686663590257,0.13761104060913704,-0.12032953316135475,0.08670378254462091,-0.054755762669551455,0.006058621254298291,-0.03936600020718947,0.0695821944552909,0.1557360406091371,0.21573604060913704,-0.0875426479154531,-0.0601260283563802,0.17475243405176005,-0.005575434800699053,0.05948604060913709,0.21573604060913704,0.11228776474706809
0.11916028564054026,0.09865727853283113,0.2954314720812182,0.056087209786136294,0.034141149500573065,0.17930243982315375,0.17819009277087344,0.18027995692970306,0.21209813874788486,0.18695689581003178,0.18796878551405405,0.18695689581003178,0.2640589230616104,0.37964199839700785,0.36730647208121825,0.05392203811895413,0.24715561001225272,0.17084130814679205,0.2743788405022709,0.2126728513915631,0.24381856885541175,0.11730647208121825,0.25280852126154607,0.08526198055579454,0.0882886149383611,0.04543147208121823,0.21328861493836104,0.1454314720812182,0.0882886149383611,0.1631734075650892,0.028764805414551564,-0.09868617497760526,-0.04742567077592463,0.19543147208121825,0.09225686890661505,0.06639921401670212,-0.05895449283106241,0.10526753765498875,0.16686004350978967,0.10812988477963092,0.07248065240908713,-0.0672803923255614,0.02270419935394552,0.06856580043942717,0.09894024401104284,0.05750043759845963,0.10922457552949416,0.1660197073753359,0.2146622413119874,0.12135739800714418,0.10221113309816743,0.16094871346052858,0.18562755051259078,0.0919831962191493,0.11478631079089568,0.23114575779550395,0.10221113309816743,0.09543147208121822,0.2126728513915631,0.10812988477963092,0.13805442290089037,0.25098702763677383,0.3728508269199279,0.37400290065264674,0.37400290065264674,1.0,0.16911568260753407,0.23543147208121828,0.08349117357375557,0.13987591652566272,0.31209813874788495,0.1016814720812183,0.2787648054145515,0.053640427305098826,0.028764805414551564,-0.012260835611089427,0.1631734075650892,0.14855647208121825,-0.0367113850616389,-0.07506033119747024,-0.05866688857451943,0.153058590725286,0.18599750981706736,0.07421935086909703,0.19543147208121825,0.006906881917283836,0.018012117242508563,0.07248065240908713,0.08252824627476663,-0.018854242204495997,0.09543147208121827,0.035431472081218274,0.11209813874788488,-0.02588000332861784,-0.0976719761946438,0.12166098027793959,0.039693767163185456,0.14855647208121825,0.19543147208121825,0.07474181690880449
0.1343887120364794,0.09775667267070576,0.29399323181049064,0.1532828492968295,-0.03127558539381037,0.21065989847715738,0.4175564502012954,0.1955083833256422,0.14399323181049073,0.11743955949410656,-0.020683385104932173,0.10049040695173367,0.2008559769085299,0.3422388458455784,0.19503489847715744,0.29556555885451596,0.19341851916681257,0.20246317716568202,0.20188796865259606,0.245142657097847,0.24291796299328638,0.02315989847715738,0.18606973454273118,-0.0012045083025036818,-0.03934010152284262,-0.07267343485617594,-0.05719724437998547,-0.08934010152284264,0.10351704133430023,0.0009824791223186358,-0.03176434394708505,0.03418931024186328,-0.01791153009427121,0.10351704133430023,-0.06711787930062038,0.017111511380383193,0.008905512512245084,0.18606973454273118,0.1820884699057288,0.23446942228668122,0.038528750936173806,-0.06900111847199517,0.0015689893862482762,0.05394348056670961,-0.07881378573336892,-0.13416768772973917,-0.11692630841939433,-0.014830297601273967,0.15296759078484967,0.1365858244030833,0.23608362729071664,0.21065989847715738,0.29889519259480446,-0.06520217048835986,0.19453086621909288,0.24637418419144308,0.23608362729071664,0.027326565143824033,0.1244530019254333,0.012247200064458952,0.08770907880502626,0.15510434292160186,0.24291796299328638,0.22851704133430017,0.2642313270485859,0.16065989847715734,1.0,0.2506598984771574,0.06886885370103796,0.2185964064136653,0.227326565143824,0.03878489847715738,0.14399323181049073,0.29274945071596337,0.08944777726503617,-0.104724716907458,0.11388570492877026,0.007534898477157381,0.03208846990572878,0.05492219355912459,-0.010651576932678708,0.06659210186698789,0.05028253998659138,0.028841716658975558,0.10128489847715738,0.022135308313222968,0.033240543638447695,-0.2073728884080885,0.08162764041264126,0.11882316378327984,0.17219836001561895,0.21065989847715738,0.2606598984771573,-0.0434384621785803,0.021004726063364287,0.18606973454273118,0.022135308313222968,0.05440989847715744,0.13923132704858593,0.1761771398564677
0.08517594424847286,0.020386441788111997,0.1795262267343486,0.12324207372888413,-0.028000654986081508,0.14941869985262812,0.3151584106423946,0.18558683279495464,0.1461928934010152,0.16992170696033726,0.07455110235623913,0.18687085950271015,0.23638897183238777,0.3251402618220679,0.2305678934010153,0.23675893113686436,0.3496411692630842,0.22160272946658904,0.3602279811203135,0.1772273761596359,0.18167676436875718,0.13681789340101524,0.2707830573354415,0.15297255441796442,-0.03952139231327048,-0.0038071065989847552,0.04976432197244379,0.029526226734348515,0.08547860768672949,0.0365154740461765,0.049223196431318283,-0.0920424007166318,0.03190717911530094,0.1747643219724438,0.00016114736926919893,-0.011871622728017006,-0.043280790809511055,0.20520928684363826,0.18905003625815808,0.14301829022641205,0.024881417991179156,-0.10126473371762884,-0.035625288417166556,0.13425259489355257,-0.06082465045863386,-0.08139331349553647,0.022054962366532482,0.040310540459838784,0.15003904724716904,0.0980447452528671,0.10212509679084575,0.10826185891825663,0.3148203443814074,-0.012427796254157158,0.05264450630424106,0.19262146482958664,0.10212509679084575,0.012859560067681852,0.22895151409067044,0.20651035371847554,0.15602895897478575,0.26471141191953385,0.27845095791714425,0.31762146482958664,0.35333575054387234,0.1961928934010152,0.21987710392733106,1.0,0.1790287142965376,0.25412940133752315,0.36285956006768194,0.07431789340101524,0.24619289340101524,0.1790287142965376,0.10982925703737889,0.023115970324092183,0.13328966759456362,0.011817893401015245,-0.0038071065989847552,-0.07347923774652573,-0.07347923774652573,0.03432848662135418,-0.008524087731060198,-0.011382864174742352,0.027442893401015245,-0.139053008238329,0.0365154740461765,-0.08987268036947654,0.020386441788111997,-0.02931731068061741,0.023115970324092183,0.24619289340101524,0.22952622673434853,-0.07347923774652573,0.022054962366532482,0.09045518848298245,-0.024298909877673247,-0.019432106598984727,0.10333575054387234,0.004813583056187676
-0.018067624537554894,0.2405436384476829,0.15989847715736039,0.2172755263376882,0.2244146061896185,0.12764041264123133,0.056450201295291436,0.19020150746039066,0.10989847715736034,0.0836272907166824,0.062883551784226,0.0836272907166824,0.11087886931422314,0.09849496838543054,0.14427347715736044,0.2070682884781151,0.19438123577805,0.2500624115835899,0.1335826876836762,0.12541571853667072,0.14376944489929588,0.15989847715736039,0.13530831322293418,0.21922051105566542,-0.0008158085569253681,0.07656514382402702,-0.054387237128353916,0.05989847715736035,0.08846990572878893,0.04699525135090876,0.12959544685433005,-0.09010152284263961,-0.025815808556925335,0.23132704858593178,0.07259688985577306,0.09538234812510232,0.028319529788939368,-0.01223267038362319,-0.054387237128353916,0.05672387398275719,-0.1597736539901806,-0.13671169233416502,0.04171665897554222,0.062883551784226,0.010775670139816562,-0.1504463504288465,0.0047260633642569605,-0.06559171892107096,0.02528309254197575,-0.062323745064861824,0.1514239008861739,0.24610537370908447,0.11087886931422314,-0.012515315946087902,0.2405436384476829,0.10632704858593178,0.18532220597091964,0.176565143824027,0.21162261508839486,0.05672387398275719,0.06973454273113089,-0.006768189509306299,0.14376944489929588,0.052755620014503235,0.12418419144307469,0.09323181049069373,0.08095110873630779,0.23989847715736046,1.0,0.3741841914430746,0.25989847715736036,0.2380234771573605,0.10989847715736034,0.10765967118721115,0.11444393170281497,0.10605232331120656,0.07925331586703782,0.14427347715736044,0.08846990572878893,-0.01223267038362319,0.18448864109178664,0.1514239008861739,0.18820036394981332,0.2811105983694816,0.01927347715736044,0.18448864109178664,0.11151138038316688,0.10252142797703251,0.1760275094154249,-0.11561172692427227,0.09066770792659118,0.09989847715736044,0.026565143824027027,0.15170175584588502,0.26334675301942934,0.08612798535408173,0.02055421486227843,0.08177347715736039,-0.0008158085569253681,0.021967442674601767
0.019186096532736785,0.3253643360078598,0.28020304568527915,0.335940750603312,0.21246111020140818,0.21246111020140818,0.23192718361631365,0.3771727426549762,0.2302030456852791,0.019186096532736785,0.008561254640503058,0.07003355415985546,0.13118343784214193,0.24160655445720897,0.22707804568527928,0.37831625323244905,0.19744442499562403,0.43430140634101694,0.24160655445720897,0.3353754594783826,0.22859014245947268,0.05520304568527923,0.15561288175085297,0.15477931687171986,-0.01622552574329228,0.11353637901861252,-0.03408266860043513,0.06353637901861248,0.14448875997099347,0.08342885213689205,0.04383940932164282,-0.06979695431472083,-0.019796954314720838,0.3052030456852792,-0.08170171621948272,0.11568691665302111,0.06616795796598096,0.057252226013148055,0.023060188542422033,0.09290145838369185,-0.09028875759340932,-0.11640712380624624,-0.047069681587448065,0.08318812031214479,-0.10927063852524713,-0.1301417819009277,-0.07841764396989323,-0.084502836667662,0.045587661069894536,-0.023500658018424547,0.1886776219564656,0.40434097671976194,0.36647755548920075,-0.009452126728513921,0.3092353037497953,0.21591733139956487,0.409016605007313,0.2302030456852791,0.1457202870645895,0.013536379018612488,0.1228259965049513,0.05057341605564958,0.18020304568527917,0.10877447425670772,0.25163161711385057,0.14686971235194585,0.24160655445720897,0.3202030456852792,0.35184483673005523,1.0,0.3635363790186125,0.14895304568527923,0.16353637901861245,0.18766573225244326,0.04383940932164282,0.0802030456852792,0.22859014245947268,0.21145304568527917,0.03734590282813627,-0.00832154447865524,0.1392194391279022,0.03613524907510968,0.057561536251316936,0.11959698507921857,0.08645304568527923,0.0736456686360989,0.13181594891108567,0.02446534076724638,0.2447191747175373,-0.013674505335128984,0.049433814916048424,0.18020304568527917,0.13020304568527913,-0.00832154447865524,0.18020304568527917,0.1228259965049513,-0.00832154447865524,0.08645304568527923,0.01948875997099342,0.059513390512865416
-0.033382087240815705,0.1631734075650892,0.31209813874788495,0.17084130814679205,0.09865727853283113,0.25994760111347637,0.22991423070190786,0.24088601753576366,0.24543147208121818,0.17000774326765894,0.11334191984241226,0.23780435343715034,0.24445107992435555,0.3971858580461306,0.24230647208121836,0.18599750981706736,0.36784526518466654,0.28559540650744775,0.32701041944963927,0.3506038858743217,0.27607663337154076,0.1329314720812183,0.3019888491303986,0.2208552008947775,-0.018854242204496052,0.11209813874788488,0.052574329224075345,0.04543147208121823,0.21328861493836104,0.11478631079089568,-0.04699277034302418,-0.09868617497760526,-0.03313995649021034,0.21328861493836104,-0.018854242204496052,0.018012117242508563,-0.05895449283106241,0.13805442290089037,0.1097171863669325,0.15574893239867854,-0.009486560705667002,-0.15202615503742584,-0.10456852791878174,0.053640427305098826,-0.11158607177843086,-0.0976719761946438,-0.06318921757395415,-0.0300587239972131,0.09927762592737205,0.06580184245158865,0.08526198055579454,0.24715561001225272,0.30327460933612016,0.14370733415018377,0.21156050433928275,0.26686004350978965,0.20390604835240467,0.1287648054145516,0.2126728513915631,0.10812988477963092,0.17084130814679205,0.23246850911825534,0.3405927624037989,0.30257432922407534,0.35614575779550395,0.31209813874788495,0.2392911212040253,0.43543147208121835,0.23274490491703914,0.34622512287486906,1.0,0.1016814720812183,0.31209813874788495,0.17304341237972565,0.13482541147515764,0.03389301054275673,0.25994760111347637,0.22668147208121825,-0.0724256707759246,-0.07506033119747024,0.023300324540234674,0.01746537038630297,-0.0026817354659515735,0.07421935086909703,0.08605647208121825,-0.02588000332861784,0.018012117242508563,-0.07506033119747024,0.1631734075650892,-0.10048689526572052,0.018508395158141344,0.19543147208121825,0.17876480541455153,-0.09145377382042108,-0.028706458953264513,0.07248065240908713,-0.05866688857451943,0.039181472081218305,0.07043147208121825,0.040259058288114824
-0.036737503226361545,0.19125593581136402,0.07512690355329948,0.11774985437297164,0.20738496806942852,0.062223677746847894,-0.014528268860493576,0.14482387325026919,0.1417935702199662,0.01410995440075713,-0.011440260625804999,-0.036737503226361545,-0.08957897879964166,0.07863567548312411,0.05012690355329957,0.05248539411933728,0.0371958690705409,0.10135641175002086,-0.009083622762489973,0.10616138631192018,0.02996561323071889,0.20637690355329952,0.19971706748772577,0.18360147982448594,0.06798404641044237,0.19179357021996613,-0.021301667875271935,0.22512690355329945,0.12155547498187091,0.09448174226297695,0.09936932779572377,-0.0013436846819945836,-0.06773023930384336,0.08584118926758522,0.11957134799774399,0.02996561323071889,0.11372339478136967,-0.12815178497129062,-0.13915881073241476,0.024333252759648705,-0.09536489972538897,-0.17233072356534457,0.0023996308260267885,-0.026365633760133345,0.061091815834001306,-0.16970068265359703,0.019954489760196092,-0.05036329252513183,-0.07487309644670048,-0.12116939274299676,0.0649574120278758,0.19236828286364438,0.008460236886632833,0.05443724838088576,0.20738496806942852,0.014412617839013764,0.11580486965499442,0.20846023688663273,0.14064414493260985,-0.055031826605430656,0.03578264125821756,-0.12116939274299676,0.09448174226297695,-0.05701595358955763,-0.0034445250181290854,0.10846023688663287,0.0435479561848785,0.09512690355329956,0.2273657095234488,0.15131737974377574,0.10846023688663287,1.0,0.20846023688663273,0.09303735131449353,0.22058144900784493,0.24435767278406884,0.22351400032749302,0.3001269035532995,0.014412617839013764,-0.013397686610634896,0.3472580510942832,0.13275402219736726,0.2600325639306581,0.3569450853714813,0.12825190355329952,0.2980777232254307,0.15899787129523502,0.23250395273362734,0.15899787129523502,0.0016575157981974509,0.013588442014837998,0.015126903553299542,-0.058206429780033875,0.08496296912707002,0.3130579380360582,0.019389198635266724,0.06856952650411924,0.19075190355329952,-0.09273023930384333,-0.08349378610187289
-0.033382087240815705,0.09865727853283113,0.1287648054145516,0.13805442290089037,0.06639921401670212,0.09865727853283113,0.16094871346052858,0.1196738963236425,0.11209813874788488,0.18695689581003178,0.11334191984241226,0.11916028564054026,0.146411864238081,0.2392911212040253,0.1798064720812183,0.0916578871755579,0.17819009277087344,0.12166098027793959,0.1340279633092884,0.1264659548398389,0.14704437530702474,0.25793147208121825,0.4331363901140052,0.23780435343715034,0.10614575779550395,0.012098138747884901,0.10614575779550395,0.11209813874788488,0.07043147208121825,0.17930243982315375,0.04391632056606676,-0.1428038220364288,-0.07599709934735321,0.0882886149383611,0.09225686890661505,-0.062633044047814,-0.05895449283106241,0.006906881917283836,0.03828861493836111,0.17162194827169447,-0.009486560705667002,-0.13507700249505294,-0.050023073373327176,-0.02098643836654296,0.08139638436192004,-0.028706458953264513,0.0919831962191493,0.10719617796357117,0.02235454900429512,-0.02679075014100396,0.10221113309816743,0.10922457552949416,0.08758833482631628,0.10922457552949416,0.08252824627476663,0.1240029006526468,0.10221113309816743,0.04543147208121823,0.28163836863294234,0.06051083716058331,0.056087209786136294,0.12135739800714418,0.19543147208121825,0.17757432922407534,0.19543147208121825,0.2787648054145515,0.15157182295841126,0.29543147208121834,0.09841654670808386,0.15574893239867854,0.31209813874788495,0.19543147208121825,1.0,0.1282672929767406,0.10452238117212731,0.03389301054275673,0.14704437530702474,0.1641814720812183,-0.018854242204496052,-0.05866688857451943,0.023300324540234674,0.06831282801342164,0.12939373623216172,0.04391632056606676,0.1329314720812183,0.10526753765498875,-0.030374979531684998,0.023300324540234674,0.0018830849844440611,0.0015539210608100928,0.018508395158141344,0.21543147208121827,0.19543147208121825,0.006906881917283836,0.023017678977769962,0.039693767163185456,0.10526753765498875,0.1016814720812183,-0.0367113850616389,-0.06318921757395415
0.10057644325905529,0.04699525135090876,0.15989847715736039,0.06973454273113089,-0.06590797445554286,0.14376944489929588,0.3150708909504638,0.12959544685433005,0.07656514382402702,0.21922051105566542,0.018107432381240962,0.1683730534285468,0.15009455558873291,0.18621426663104468,0.09739847715736044,0.26367206206302074,0.12541571853667072,0.1189148705999834,0.16867040698192182,0.10817433922632591,0.06312428360897326,-0.011976522842639614,0.18448864109178664,0.1514239008861739,0.10632704858593178,-0.006768189509306299,-0.10795866569978246,-0.056768189509306344,0.07061276287164608,0.04699525135090876,-0.021919704660821437,-0.0018662287249925358,-0.025815808556925335,-0.018672951414068217,-0.13375231649343328,-0.06590797445554286,-0.05939976845667472,0.18448864109178664,0.08846990572878899,0.3106921279510112,-0.0614129982524757,-0.0858642347070464,-0.12191970466082142,-0.04159406015607248,-0.18220678600053436,-0.18492910904953616,-0.13320497111850166,-0.06559171892107096,0.02528309254197575,-0.006768189509306299,0.18532220597091964,0.021967442674601767,0.28734945754951724,-0.029756695256432708,0.04699525135090876,0.14204133430021748,0.11752559580142813,-0.023434856175972962,0.26334675301942934,0.024977842236725445,0.1189148705999834,0.06730588456476783,0.11151138038316688,0.12418419144307469,0.15989847715736039,0.05989847715736035,0.34410900347315,0.23989847715736046,0.10765967118721115,0.19958101683990004,0.1932318104906936,0.09739847715736044,0.14323181049069367,1.0,0.22050453776342105,0.04451386177274497,0.03086621909284426,0.08177347715736039,0.052755620014503235,0.1189148705999834,0.06973454273113089,0.01583068054719089,-0.057082654918111264,0.008383325642208894,0.12864847715736044,0.03694765748522927,-0.0175208776813493,-0.0614129982524757,0.014737186834779759,0.0476535791981767,0.05989847715736041,0.3198984771573604,0.20989847715736032,-0.045019555629524866,0.03920882198494663,0.053341100108180106,0.0041607722393275925,0.09739847715736044,0.034898477157360386,0.0047260633642569605
-0.13163555020218531,0.05207139348288847,0.014974619289340074,0.0748106848631106,0.05207139348288847,0.003684296708694912,0.061526343427271146,0.013459467774188605,-0.035025380710659915,0.07175428030628928,0.008258201378892327,0.105652585391035,0.0179157957599283,0.015851812271796273,-0.0694003807106599,0.11780480796858545,0.11325048135830562,0.05841724224015982,-0.0016920473773265332,0.11325048135830562,-0.02857376780743409,0.07122461928934015,0.0748106848631106,0.3259915684418825,0.057831762146482946,0.1649746192893401,-0.10288252356780275,0.0483079526226734,0.057831762146482946,-0.01244473554936959,-0.0016920473773265887,0.07673932517169307,-0.1207396664249456,0.057831762146482946,-0.03343807912335833,-0.06083183232356315,-0.0016920473773265332,-0.039943413497545155,-0.10645395213923137,0.10941906373378457,-0.08912374136639759,-0.06383894003269386,-0.08047992616520533,-0.1260701568300629,-0.1244990649211862,-0.16261158760721162,-0.14537020829686678,-0.1585547924753658,-0.12348691917219837,-0.13132167700695618,-0.11468639765981245,-0.024680553124452997,0.07673932517169302,0.09600910204796076,0.05207139348288847,0.02211747643219719,0.03785597522154349,0.08164128595600673,0.2511815158410642,0.20465715897187975,0.2551385537155696,-0.02021056589584508,0.03594236122482397,-0.013596809282088507,-0.049311094996374205,0.03164128595600674,0.10357111051741025,0.14497461928934013,0.11273581331919086,0.04592700024172103,0.14830795262267338,0.2274746192893401,0.11497461928934005,0.2172134252594894,1.0,0.2649746192893402,0.1488455870312756,0.2274746192893401,-0.031453952139231356,0.04202379961720898,0.32071232420737295,0.0209068226791706,0.004597260798774094,0.11952007383479468,0.024349619289340152,0.12399101273196311,0.05207139348288847,0.02563035699425814,0.10045849025708203,0.05272972133015641,-0.10425614994142912,0.18497461928934011,0.08164128595600673,0.02563035699425814,0.1649746192893401,-0.05633685612049599,-0.039943413497545155,-0.053775380710659904,-0.0850253807106599,-0.14537020829686678
-0.1265594080702056,0.13779269690519075,0.020050761421319785,-0.0020803861196637685,0.1216636646471263,0.008760438840674623,-0.12305268685454224,0.07914167051222887,0.003384094754653122,-0.05876279790071415,0.05811046291385713,0.07683042243826899,-0.09465512093162137,-0.03170362454359249,-0.04869923857868019,-0.028062446125850016,-0.0023630316821284802,0.04709994174918869,-0.03170362454359249,0.04936110624890605,-0.03962665793351894,0.04505076142131986,-0.08404759923441787,0.22937279531962484,0.1164793328498912,0.38671742808798637,-0.18709209572153734,-0.013282571912013541,-0.044234952864394494,-0.02349762567545438,-0.04207045069989235,-0.006419826813974294,-0.17280638143582305,0.09862218999274835,-0.17121907984852147,0.008760438840674623,-0.014159764894469684,-0.16601481234917198,-0.21566352429296592,-0.028361936991378622,-0.19880169759507363,0.02598296481115031,-0.23904014766958928,-0.13591938783241153,-0.20714222103482052,-0.17477682478557674,-0.19201820409592157,-0.2711257091669155,-0.1376415462709879,-0.144764053393495,-0.05876279790071415,-0.019604410992473287,0.003384094754653122,0.08384386486959572,0.04101850335680368,-0.044234952864394494,0.059881269895896094,0.1700507614213198,0.10108524417994047,0.20973330110385946,0.19464092535574606,-0.144764053393495,-0.03962665793351894,-0.07994923857868019,-0.11566352429296592,-0.013282571912013541,-0.11942292278920649,0.030050761421319794,0.10288658231684217,0.08274917411973248,0.03671742808798645,0.24817576142131992,0.03671742808798645,0.04318508977952873,0.26095985233041075,1.0,0.13779269690519075,0.13880076142131986,-0.11566352429296592,-0.06765415661146706,0.24382125322459858,-0.09266110298545985,-0.06579829518245373,0.1548992462698046,0.04505076142131986,0.03070649912623785,0.02488947109873918,0.04709994174918869,0.1539217291632553,-0.10545944266031285,-0.2068723155017571,0.030050761421319794,-0.1799492385786802,0.03070649912623785,0.13556800280063014,-0.10044104185736868,-0.11683448448031952,-0.06432423857868019,-0.13352066715010877,-0.0885699282338526
0.024262238664716496,0.2175372523333879,0.2186125211505921,0.16068902388283268,0.18527918781725888,0.2175372523333879,0.06458953264484513,0.2610367635748346,0.3019458544839256,0.024262238664716496,-0.04606409576483067,0.04121139120708939,-0.0009953219866626895,0.22913883694006593,0.16965418781725894,0.13810937649650423,0.1335550498862244,0.1934759091287343,0.08878795974708348,0.3921757395413969,0.2659243491075814,0.02902918781725894,0.09511525339102939,0.1768046115460724,-0.04686366932559827,0.2019458544839255,0.04242204496011598,0.15194585448392556,0.3281363306744017,-0.024398231537579862,-0.08744808491001382,0.023514481934905962,-0.08614938361131258,0.18527918781725888,-0.013133510595439546,0.12076305878500082,0.10633181939620628,0.013148040276275308,0.04242204496011598,-0.013133510595439546,0.062328368145127766,-0.06048352404714791,-0.06017535763728654,0.013637396772482768,-0.12173835604239022,-0.09058288114825835,-0.10782426045860316,-0.040211008261172465,0.10835611089418196,0.09268659522466632,0.09205884883420806,0.18527918781725888,0.05782820742510203,0.11631367057587955,0.2336662845914524,0.2567077592458303,0.15985545900369957,0.15194585448392556,0.15079642919656921,-0.013133510595439546,0.127902138636931,0.05564955818762929,0.16915015555919438,0.04242204496011598,0.14956490210297319,0.16861252115059217,0.12387567904532903,0.16527918781725892,0.0733388893097962,0.22496172749979854,0.26861252115059214,0.21652918781725888,0.15194585448392556,0.028562769906811114,0.13982464236271347,0.13143303397110506,1.0,0.15402918781725894,-0.13614938361131257,-0.05242573021552799,0.127902138636931,0.007313086122343604,-0.05056986878651465,0.09437009690816794,0.16965418781725894,-0.036032287592577206,0.249795316849517,-0.00324540234667553,0.282053381365646,0.03221796332746296,0.008356110894181978,0.0852791878172589,0.051945854483925524,-0.08521261546142961,0.030106774024155458,0.11150869601398022,-0.036032287592577206,-0.017845812182741116,0.04242204496011598,0.1335550498862244
-0.036737503226361545,0.255772064843622,0.12512690355329947,0.23250395273362734,0.23964303258555764,0.04609464548878339,-0.03176964817083844,0.15997538840178432,0.1417935702199662,0.11580486965499442,0.07811197818016513,0.09885571711262153,-0.030755449387876943,0.07863567548312411,0.08137690355329957,-0.004118379465568367,0.05443724838088576,0.15053673961887332,-0.009083622762489973,0.1578855242429547,-0.01842148354347467,0.08137690355329957,0.19971706748772577,0.20055063236685877,0.12155547498187091,0.17512690355329952,0.03226976069615661,0.2584602368866328,0.05012690355329952,0.255772064843622,-0.0066912782648823055,-0.0013436846819945836,-0.09630166787527195,0.08584118926758522,-0.02328579485939891,0.013836580972654333,0.008460236886632888,-0.07897145710243816,-0.08201595358955766,0.10369833212472807,-0.12815178497129062,-0.13843241848059878,-0.08850946008306412,-0.07114175316311844,-0.02662748241161278,-0.08349378610187289,-0.049011027481183245,-0.030755449387876943,-0.07487309644670048,-0.15820642978003382,-0.002839198141615762,0.226851041484334,0.12610729571016227,0.17512690355329952,0.19125593581136402,0.06798404641044237,0.20055063236685877,0.2584602368866328,0.19236828286364438,-0.07090484247844653,0.06856952650411924,-0.08413235570595973,0.11061077452104146,-0.07487309644670048,0.014412617839013764,0.1584602368866328,0.008460236886632888,0.015126903553299542,0.13781347071747857,0.21480944323583917,0.24179357021996606,0.3001269035532995,0.17512690355329952,0.07811197818016513,0.22058144900784493,0.13666536509176108,0.15899787129523502,1.0,0.014412617839013764,-0.013397686610634896,0.2488973953565783,0.04800825948550291,0.12795709223254487,0.19027841870481466,0.11262690355329957,0.2488973953565783,0.02996561323071889,0.15053673961887332,0.19125593581136402,0.0016575157981974509,-0.03256540413900816,0.09512690355329956,0.04179357021996616,0.002995756012315942,0.20960966217398913,-0.07897145710243816,0.0521760838811684,0.17512690355329952,-0.11058738216098621,-0.03176964817083844
0.10556654908371332,0.03831668577042735,0.03240270727580369,0.04360489306815346,0.03831668577042735,0.022187653512362848,0.00883948888499908,0.018766343639440075,0.015736040609137025,0.03776993891422176,0.02916887643003252,-0.08087412888238837,0.009853687667960576,-0.05619378395226646,0.028236040609137036,0.03649075759026915,-0.07736740766672501,-0.005575434800699053,-0.038649924303143623,-0.0601260283563802,0.03831668577042735,0.043861040609137036,0.05999833569110424,0.020820786371848865,0.0014503263234227348,-0.10093062605752964,0.0014503263234227348,-0.017597292724196356,-0.034263959390862964,0.03831668577042735,0.26119058606368245,0.11279486413854883,0.030021754894851316,-0.034263959390862964,0.09668842156151797,-0.042328475519895215,-0.021106064654020817,0.05999833569110424,0.030021754894851316,0.03319635806945448,0.07639177831405508,0.020820786371848865,0.315736040609137,0.10379574210167436,0.31222726867931244,0.026080868195343943,0.12952914405741295,0.08828506021698018,0.004197579070675528,-0.0064861816130851735,0.08861739654134043,0.06056362681603361,0.029461530805215463,-0.04288464904603537,0.07057475028655641,-0.034263959390862964,0.03776993891422176,0.03240270727580369,0.00883948888499908,-0.07791475304165663,-0.038362320046600645,0.012032336905433316,0.022187653512362848,-0.05212110224800581,-0.06997824510514869,-0.034263959390862964,0.031525514293347545,-0.004263959390862937,0.07394499583301761,0.03319635806945448,-0.06759729272419629,0.012611040609137036,-0.017597292724196356,0.04409424956436092,-0.026688201815105395,-0.09964857477547834,-0.1229736368102178,0.012611040609137036,1.0,0.22393276192061246,0.027211450445202623,0.15641400671083194,0.22517000287328798,0.09452391939701582,-0.049888959390862936,0.10917866355995676,-0.026199443261830713,-0.038362320046600645,-0.058457507777959716,0.10349114264995335,0.20804373291682932,-0.10426395939086297,0.015736040609137025,0.27311308978946486,0.1467705233677577,0.04360489306815346,0.07639177831405508,0.1532360406091371,-0.016406816533720114,-0.04288464904603537
0.21577905876279785,-0.003193057147535594,0.057021996615905235,0.01822418240825502,0.012935975110528908,0.04519403962665797,0.08690705408716964,0.05399169358560224,0.02368866328257191,-0.08930568699991395,-0.04098795363285096,-0.1401531446270326,-0.035134866129192754,-0.06403063496304207,0.002855329949238594,0.14318551862848394,-0.13723087694731312,-0.04734958808354828,-0.11666221391041051,-0.051023980395588975,0.02906500736859341,-0.059644670050761406,-0.030956145460597495,-0.08930568699991395,0.02964104423495284,-0.0429780033840948,0.02964104423495284,-0.026311336717428135,0.011783901377809991,-0.01932208940560015,0.14490078449469318,0.36682591818453275,0.10464104423495285,-0.059644670050761406,-0.008057368463459835,-0.003193057147535594,0.1640395404755544,0.13297828076891072,0.018926758520667164,0.03956167915558778,0.11658483814595993,0.11408414350856061,0.1812644208583295,0.04856428517311917,0.09386410187906319,0.1041484333975145,0.0007001575354455003,-0.035134866129192754,-0.04041390081999219,-0.050385410791502105,0.16493160113567928,0.0007001575354455003,0.10212003583159152,-0.08550673901627864,0.04519403962665797,-0.04178752719361856,-0.02150907683042247,-0.0429780033840948,-0.08550673901627864,-0.1350414954475868,-0.0801364733294499,-0.10594096634705769,-0.051580153921729155,-0.059644670050761406,-0.09535895576504713,-0.07631133671742807,0.05877638258081758,-0.08964467005076138,-0.011137207364194268,-0.008057368463459835,-0.07631133671742807,-0.012769670050761406,-0.059644670050761406,0.10826577771043261,0.0388401784340871,-0.06349082389691527,-0.051580153921729155,-0.012769670050761406,0.2439267585206671,1.0,0.05101106765415664,0.08018583842381488,0.01111004693037071,0.008537148131056771,0.018480329949238594,0.1001913955230091,0.09358113640085147,0.01822418240825502,-0.01932208940560015,0.1189267585206672,0.22881686841077714,0.03035532994923862,-0.026311336717428135,0.11658483814595993,0.12138981270785926,0.11658483814595993,0.26412582175251736,0.03410532994923865,-0.04178752719361856,0.052424295466479975
-0.10625483954228682,0.2387424267234321,-0.009644670050761417,0.13297828076891072,0.2226133944653676,0.02906500736859341,-0.06826535970593381,0.129749269343178,0.04035532994923857,-0.07235653445754106,-0.026062580498522614,-0.0554073819151682,-0.17238976808997708,-0.06403063496304207,-0.044019670050761406,0.029977971458672592,-0.051023980395588975,0.06740451027710748,-0.11666221391041051,0.08690705408716964,-0.01932208940560015,0.04973032994923865,-0.04734958808354828,0.16493160113567928,0.04749818709209569,0.2236886632825718,-0.07750181290790426,0.14035532994923855,0.10106961566352429,-0.003193057147535594,0.008537148131056771,0.04329650641982685,-0.05250181290790429,0.04749818709209569,0.03956167915558778,0.07745210414278697,0.111407961528186,-0.2112840143130565,-0.23821609862218998,-0.05567641608250745,-0.06374303070649909,-0.0554073819151682,-0.000553760959852323,-0.1006894461701644,-0.02894291566479651,-0.15447225625765795,-0.10274811832662345,-0.17238976808997708,-0.1750292854353768,-0.16149652190261327,-0.02150907683042247,0.15587257132854893,-0.035134866129192754,0.1041484333975145,0.2064843622073031,-0.059644670050761406,0.14798244859330634,0.2236886632825718,0.052424295466479975,-0.0715494319555233,0.05101106765415664,-0.18001504042113176,-0.051580153921729155,-0.1846446700507614,-0.13107324147933286,-0.059644670050761406,-0.011399056015673703,-0.08964467005076138,0.167967270247746,0.13479977439368307,0.02368866328257191,0.3309803299492387,0.02368866328257191,0.06348965830744752,0.29641593600984467,0.22881686841077714,0.12583920091698053,0.2372303299492387,0.02964104423495284,0.05101106765415664,1.0,0.14798244859330634,0.16205344315678577,0.28126442085832953,0.1122303299492386,0.34609303486727144,0.15809726543310954,0.18215860863776323,0.2226133944653676,0.1393349217859733,0.059586099180007845,-0.009644670050761361,-0.10964467005076142,0.11658483814595993,0.3110449851216524,0.0018307397853041807,0.05101106765415664,0.12785532994923865,-0.16678752719361856,0.0007001575354455003
0.07338897014540136,0.05534632389061733,0.08384094754653126,-0.02080386119663813,0.08760438840674634,0.039217291632552775,0.010852441799404866,0.0035379172435009987,0.05050761421319794,0.03949066506065557,0.058716569437078536,-0.028305945108835995,0.05344879068378616,0.051384807195654136,0.15363261421319796,0.021262331194330075,0.010852441799404866,-0.004410418573687291,-0.0012467717517143373,0.028093821109749673,0.1198624529228754,0.13800761421319802,0.07755679454106684,0.02254151251828268,0.057650471356055055,-0.04949238578680204,0.09336475707034081,0.11717428087986459,0.07550761421319796,0.05534632389061733,0.12475003845562221,0.08286055538966858,0.057650471356055055,0.14693618564176936,0.17669809040367418,0.1359914851809399,0.12156024579214536,-0.004410418573687291,0.04336475707034082,-0.013778100072516342,0.1923108929017226,-0.04525509765120883,0.17323488694047068,0.04379119630275019,0.22682340368688225,0.14878347628216348,0.1660248555925083,0.13188016323280582,0.16204607575165947,0.14495205865764244,-0.028305945108835995,0.0798179590407842,0.13188016323280582,0.13154209697181862,0.08760438840674634,-0.013778100072516342,-0.028305945108835995,0.0005076142131979489,0.045335200420094535,0.0020949158004995305,0.028376466672214384,-0.04023312652754274,0.07147535614868183,0.039793328498912206,0.021936185641769357,0.15050761421319792,0.06892866684477694,0.040507614213197984,0.13334343510872032,0.033840947546531275,0.017174280879864612,0.12238261421319796,0.0671742808798646,0.013940450034093443,0.018689432395016137,-0.08410777040218664,0.006959227116423772,0.044257614213198015,0.16479332849891226,0.07755679454106684,0.14313056503287008,1.0,0.28541327459055654,0.12475003845562221,0.13800761421319802,0.24149122077057505,0.1198624529228754,0.11034367978696846,0.07147535614868183,0.3535688387029938,0.2389691526747365,-0.11949238578680205,-0.01615905245346877,0.17591745027877176,0.13154209697181862,0.09395023716401768,0.22509777814762422,0.27863261421319807,0.11122189992748366,0.11430071766147387
0.08689667039490667,0.06967414442443098,0.04763113367174282,-0.006740451027710703,0.11806124119862454,0.021287047650237423,0.041309294591283074,0.10975234579295495,0.06429780033840948,0.05299836531016089,-0.030229562845670133,-0.08259485502882213,-0.014133572210610068,0.02921008104016387,0.09033946700507622,0.013983334929604518,0.006826535970593406,0.042439876841141755,-0.02342149790720449,0.024067915280938212,0.06967414442443098,0.09033946700507622,0.10801364733294505,-0.014798244859330623,-0.03689267585206668,0.014297800338409439,0.12382160986221902,0.1476311336717428,0.07025018129079041,-0.01097101686589158,0.18550992155053075,-0.01903553299492383,0.016678752719361867,0.08810732414793326,0.2071549431955524,0.08580317668249554,0.06429780033840954,-0.006740451027710703,0.030964467005076157,-0.015067279026669878,0.05883331946409259,-0.09954400757119503,0.1855099215505307,0.13394954163194178,0.38008727402262005,0.006826535970593406,0.11027481183266241,0.16233701602468403,0.05788754392815304,0.04577928181989099,0.0021509076830422136,0.11027481183266241,-0.014133572210610068,-0.062138981270785876,0.08580317668249554,-0.03689267585206668,0.10384582293727956,0.13096446700507614,0.024067915280938212,-0.14205140601079685,-0.023133893650661513,0.04577928181989099,0.08580317668249554,0.016678752719361867,0.016678752719361867,0.16429780033840952,0.04675394068928668,-0.009035532994923823,0.14887491476627018,0.04842478446539361,-0.002368866328257224,0.21533946700507622,0.11429780033840947,-0.04515493597999845,0.0036917397323488754,-0.053650917610308435,-0.043229081382020584,0.10596446700507622,0.21310732414793326,0.009652991595240079,0.14080053257884667,0.2563881958186354,1.0,0.2764190124596216,0.16846446700507622,0.2227677456936008,0.08580317668249554,0.1735874178247483,0.08580317668249554,0.09831140578058634,0.14634908238969158,-0.10903553299492383,0.014297800338409439,0.1571939752017975,0.14475757045335208,0.10801364733294505,0.1571939752017975,0.18408946700507617,0.016678752719361867,0.006826535970593406
0.0039576701367977085,0.1972326838054691,0.0483079526226734,0.10759757010901222,0.22949074832159821,0.08432945799901753,-0.0936460703658323,0.11952007383479468,0.14830795262267338,0.0039576701367977085,-0.02159254488976442,-0.09773724511743956,-0.06051557678909125,0.03339567192091908,0.024349619289340152,0.004597260798774094,-0.007439173814108191,0.05841724224015982,-0.1069552052720634,0.04428496411692634,-0.01244473554936959,0.055599619289340096,-0.007156528251643479,0.07175428030628928,0.057831762146482946,0.06497461928934006,0.057831762146482946,0.14830795262267338,-0.013596809282088507,0.003684296708694912,0.13467158898630976,0.03262167811286948,-0.006453952139231334,0.1292603335750544,0.172911127225848,0.1649746192893401,0.0860272508682875,-0.1055171839893484,-0.1350253807106599,-0.06518411086939008,-0.039943413497545155,-0.09773724511743956,0.0831564374711583,0.03810894764754902,0.12111497016653311,-0.16261158760721162,0.009802205496236671,0.03752363889718324,0.011128465443186242,-0.038729084414363624,0.03785597522154349,0.18221599859968496,0.0179157957599283,0.04428496411692634,0.22949074832159821,0.039974619289340096,0.12260173793340784,0.23164128595600664,-0.007439173814108191,-0.0969301426154218,-0.023549970874594317,-0.0757661214514006,0.05207139348288847,-0.0850253807106599,-0.013596809282088507,0.08164128595600673,0.03339567192091908,-0.015025380710659897,0.2769149177968028,0.1252920796068004,0.08164128595600673,0.3680996192893401,0.0483079526226734,0.008258201378892327,0.11952007383479468,0.15728231159703238,0.10045849025708203,0.1962246192893401,0.1114031907179115,0.009236914371307303,0.3043188815844221,0.1395508904757808,0.3442199023082081,1.0,0.055599619289340096,0.32071232420737295,0.1649746192893401,0.27153199633852043,0.22949074832159821,-0.02890293173106806,0.0803592346739555,-0.11502538071065987,-0.11835871404399323,0.12399101273196311,0.23394013653071943,0.0748106848631106,0.02563035699425814,0.14934961928934015,0.0042603335750543425,0.061526343427271146
0.13275402219736726,0.126739806779106,0.12512690355329947,0.03578264125821756,0.15899787129523502,0.09448174226297695,0.12340276562226504,0.19027841870481466,0.19179357021996613,0.0649574120278758,0.0034851125085234025,0.03105910694313002,0.02806808002388772,0.18389883337786095,0.19075190355329952,0.0336174695910354,0.07167862769123057,0.06856952650411924,0.07863567548312411,0.12340276562226504,0.126739806779106,-0.05924809644670048,0.11774985437297164,-0.019788350683988654,0.014412617839013764,0.09179357021996615,0.24655547498187091,0.20846023688663273,0.1572697606961566,-0.05067954805960373,-0.021842793416397444,-0.030755449387876943,-0.039158810732414784,0.06798404641044237,0.10369833212472807,0.19125593581136402,0.09617953513224692,0.06856952650411924,0.10369833212472812,0.008460236886632833,0.11774985437297164,-0.05368665576873444,-0.0157821873557914,0.12288809758315028,0.09617953513224692,0.0027131104498512304,0.0027131104498512304,0.12610729571016227,0.17512690355329952,0.17512690355329952,0.0819065645702487,0.10616138631192018,0.16532298198467205,0.14064414493260985,0.04609464548878339,0.12155547498187091,0.13275402219736726,0.17512690355329952,0.08892000700157543,-0.08677785835146237,0.03578264125821756,0.06401579244218841,0.126739806779106,0.06798404641044237,0.1572697606961566,0.20846023688663273,0.11372339478136967,0.035126903553299504,0.01841048564285175,0.0878253162517122,0.09179357021996615,0.12825190355329952,0.1417935702199662,0.12288809758315028,0.023611752038148026,0.04435767278406877,0.17512690355329952,0.11262690355329957,-0.05701595358955763,0.019389198635266724,0.11774985437297164,0.1497031747397402,0.20342879034575245,0.0539147823411783,1.0,0.11774985437297164,0.14286883903717046,0.16693018224182415,0.20738496806942852,0.1853309851859526,0.1212807497071457,0.035126903553299504,0.07512690355329948,0.019389198635266724,0.0027131104498512304,0.15053673961887332,0.16693018224182415,0.22200190355329963,0.13941261783901382,0.17512690355329952
-0.08930568699991395,0.2064843622073031,-0.026311336717428135,0.1493717233918616,0.2064843622073031,0.012935975110528908,-0.08550673901627864,0.06914320873711738,0.057021996615905235,-0.0554073819151682,0.033638912038790825,-0.08930568699991395,-0.1527819249527222,-0.0991183542612877,-0.044019670050761406,0.029977971458672592,-0.08550673901627864,0.0346176250312058,-0.16929379285777896,0.0007001575354455003,-0.051580153921729155,0.12785532994923865,0.1001913955230091,0.09713499096618777,0.10106961566352429,0.02368866328257191,0.0653553299492386,0.2070219966159052,-0.023930384336475707,0.1742262976911741,0.08429472388863257,0.05800238877276798,0.0046410442349528735,0.04749818709209569,0.21416485375876243,0.07745210414278697,0.12895182117730875,-0.1457102438212532,-0.18107324147933285,-0.023930384336475707,0.05101106765415664,-0.1571022971694055,0.09035532994923862,-0.0708386999015077,0.1640395404755544,0.0007001575354455003,0.12138981270785926,0.10212003583159152,-0.09810620851229987,-0.1244594848655762,0.012389228254323315,0.20759670925958346,-0.015527022991937867,0.1041484333975145,0.1742262976911741,-0.006073241479332858,0.08018583842381488,0.15702199661590527,0.06966567477682484,-0.16678752719361856,-0.09652991595240074,-0.1985335589396503,-0.03545112166366465,-0.22035895576504713,-0.13107324147933286,0.007021996615905246,0.023688663282571965,-0.1696446700507614,0.167967270247746,0.07130771090161953,-0.026311336717428135,0.2841053299492386,0.10702199661590522,0.033638912038790825,0.11459775419166285,0.028816868410777075,-0.03545112166366465,0.2372303299492387,0.11892675852066714,0.1001913955230091,0.34609303486727144,0.24967736384754363,0.2563930657982953,0.29641593600984467,0.1122303299492386,1.0,0.10971016865891603,0.24773237912956642,0.15809726543310954,0.20055941158189167,0.18266302225693087,-0.0496446700507614,-0.10964467005076142,0.18215860863776323,0.3110449851216524,-0.014562702837646657,0.1657651660148124,0.3309803299492387,-0.13107324147933286,0.017941536845790307
0.07510969629183517,0.10463402652693632,0.08527918781725885,0.11150869601398022,0.13689209104306538,0.07237596201080726,0.06458953264484513,0.1701276726657437,0.18527918781725888,-0.06048352404714791,-0.15054170770512917,-0.11133098167426653,-0.0794266945356823,0.07124410009796067,0.07590418781725888,0.15697730102480606,-0.00437598459653421,0.1442955812598819,0.018612521150592254,0.18527918781725888,0.05624692975274276,-0.049095812182741116,-0.05242573021552799,-0.06048352404714791,-0.06472081218274112,0.11861252115059223,0.11385061638868743,0.2019458544839255,0.18527918781725888,-0.07278532831177337,0.09437009690816794,0.15586742311137652,0.056707759245830325,0.14956490210297319,0.05035855289662394,0.249795316849517,0.45720901237866246,0.02954148289922609,0.028136330674401744,-0.013133510595439546,0.062328368145127766,0.04121139120708939,-0.005629903091832034,0.16289112811576628,-0.016475198147653414,0.012865394713810596,-0.07334150183791352,0.05782820742510203,0.1660484185864896,0.14824215078022185,0.024262238664716496,0.1335550498862244,0.05782820742510203,-0.021617363906879072,0.16915015555919438,0.16742204496011598,0.1090080013765809,0.15194585448392556,-0.03885874321722388,-0.04487954234147129,0.062328368145127766,-0.036943034404963326,0.0239888652366137,-0.029006526468455418,0.09599347353154458,0.0186125211505922,0.03615638079971506,0.04527918781725887,0.1031896355784529,0.12972363226170336,0.0186125211505922,0.15402918781725894,-0.031387478849407846,-0.01621334949617398,0.04891555145362253,0.023740726278797364,0.249795316849517,0.02902918781725894,-0.029006526468455418,0.09511525339102939,0.16068902388283268,0.1259571539189538,0.10037352743990047,0.15497615751422855,0.13840418781725888,0.11150869601398022,1.0,0.22626279437463598,0.2659243491075814,0.11385061638868749,0.0852791878172589,0.025279187817258908,-0.1313874788494078,0.11150869601398022,0.16803780850691408,0.2918365648664392,0.16068902388283268,0.09152918781725894,0.16742204496011598,0.2542447050586382
0.029338380796696206,0.07745210414278697,-0.059644670050761406,0.01822418240825502,0.1419682331750451,-0.01932208940560015,-0.13723087694731312,0.05399169358560224,0.0736886632825719,-0.0554073819151682,-0.04098795363285096,-0.08930568699991395,-0.09395839554095747,-0.06403063496304207,-0.028394670050761406,-0.026625802126233056,-0.06826535970593381,-0.030956145460597495,-0.0991183542612877,-0.051023980395588975,-0.14835434747011625,0.002855329949238594,-0.06374303070649909,-0.02150907683042247,0.04749818709209569,0.0736886632825719,0.1724981870920957,0.29035532994923857,-0.059644670050761406,0.012935975110528908,0.09944623904014765,0.04329650641982685,0.033212472806381454,0.10106961566352429,0.11892675852066714,0.15809726543310954,0.19912725977380002,-0.09652991595240074,-0.08107324147933287,-0.08742244782853917,0.0018307397853041807,-0.004559924288049577,-0.01873557914167051,0.033638912038790825,0.05877638258081758,-0.051023980395588975,0.15587257132854893,0.10212003583159152,0.017278406872315466,-0.013348373754465126,0.029338380796696206,0.03518291615613517,-0.035134866129192754,-0.051023980395588975,0.02906500736859341,0.011783901377809991,0.012389228254323315,0.14035532994923855,-0.016541221774899362,-0.10329546370155507,-0.014562702837646657,-0.10594096634705769,-0.01932208940560015,-0.11321609862218998,-0.059644670050761406,0.0736886632825719,-0.22192537180514738,-0.1096446700507614,0.09334040457610421,0.02368866328257191,-0.07631133671742807,0.2216053299492386,0.02368866328257191,-0.05591332676717936,0.02368866328257191,0.04420148379539246,-0.003193057147535594,0.1434803299492386,-0.04178752719361856,0.01822418240825502,0.18215860863776323,0.11408414350856061,0.19978929221338954,0.25096139055529926,0.15910532994923865,0.24773237912956642,0.2226133944653676,1.0,0.1419682331750451,-0.023930384336475652,0.028816868410777075,-0.08964467005076138,-0.1596446700507614,0.11658483814595993,0.13863119201820412,0.05101106765415664,0.13297828076891072,0.17473032994923865,0.0653553299492386,0.0007001575354455003
0.05816054374946228,0.282053381365646,0.16861252115059217,0.1442955812598819,0.3304404781398395,0.2336662845914524,0.030106774024155458,0.2610367635748346,0.3019458544839256,0.07510969629183517,-0.031138722630502325,-0.009636066420029288,-0.0794266945356823,0.053700240448837866,0.07590418781725888,0.19471315008140982,0.047348153334500265,0.2426562369975867,-0.016475198147653414,0.28872746367932783,0.07237596201080726,-0.09597081218274109,-0.019638844969626368,0.07510969629183517,-0.06472081218274112,0.2186125211505921,0.11385061638868743,0.15194585448392556,0.2745649021029732,-0.040527263795644364,0.0186125211505922,0.09704389369961186,-0.0004350978970268371,0.3102791878172589,0.05035855289662394,0.41108563943016213,0.24668269658918868,-0.05242573021552799,0.028136330674401744,0.0027395052775763262,0.09511525339102939,-0.11133098167426653,-0.06017535763728654,0.04348814304113946,0.0010686615014693923,-0.056100122527568685,-0.056100122527568685,0.038220364287847086,0.18527918781725888,0.18527918781725888,0.07510969629183517,0.27148608436898297,0.038220364287847086,0.030106774024155458,0.314311445881775,0.23885061638868738,0.2784995268003097,0.41861252115059217,0.06458953264484513,-0.09249858996051888,0.062328368145127766,-0.018424515886444837,0.12076305878500082,-0.04686366932559827,0.00670775924583028,0.08527918781725885,0.08878795974708348,0.025279187817258908,0.16289112811576628,0.24083474337281446,0.16861252115059217,0.15402918781725894,0.0019458544839255354,0.013637396772482768,0.09437009690816794,0.14681764935572045,0.282053381365646,0.18527918781725888,-0.06472081218274112,-0.019638844969626368,0.22626279437463598,0.07510969629183517,0.10037352743990047,0.21558221812028916,0.20090418781725888,0.16068902388283268,0.2659243491075814,0.1442955812598819,1.0,0.011809800062156817,0.03912534166341275,-0.03472081218274109,-0.031387478849407846,-0.036032287592577206,0.08183091195518993,0.09511525339102939,-0.0688191728384788,0.09152918781725894,0.18527918781725888,0.2542447050586382
0.07330293383807965,0.02546258392009168,0.05126903553299492,0.013564117500208056,0.04159161617815618,0.04159161617815618,0.07885524242954664,0.008844793108752497,0.017935702199661535,0.005506323668588137,0.049776498219562065,-0.04534113395853048,-0.07226037623171097,-0.020660789028408566,0.09501903553299498,0.053155827985825105,-0.05907579205321195,0.013564117500208056,-0.03820464867753137,0.07885524242954664,0.04159161617815618,-0.029980964467005045,-0.002829325122742754,-0.02839198141615762,0.054840464104423475,-0.1320642978003384,0.09055474981870917,0.0346023688663282,0.09055474981870917,-0.006795480596037323,0.023996308260267635,0.13362197670946555,0.022697606961566336,0.019126178390137777,0.11634840061235999,0.08997871295234974,0.1021462285154511,0.02995756012315884,0.0798404641044235,-0.042381758117798735,0.3086460847133228,0.022455476210960973,0.0785417628057222,0.019925751950905374,0.15477780746281952,0.13057938036058117,0.11333800105023631,0.16303374141534785,0.09742288168684107,0.1957134799774394,0.005506323668588137,0.061613863119201834,0.04538668259181847,0.061613863119201834,0.009333551662027179,0.019126178390137777,-0.02839198141615762,0.0012690355329949277,0.027131104498512165,-0.05825477399081461,-0.05200965299159521,-0.08206429780033841,-0.022924512854101825,-0.10587382160986222,-0.0344452501812908,-0.015397631133671735,0.1021462285154511,-0.028730964467005043,-0.08455185998939313,-0.010635726371766963,-0.08206429780033841,0.0012690355329949277,0.0012690355329949277,0.03485112508523372,0.03914782341178277,-0.07950019523623583,0.02546258392009168,0.0012690355329949277,0.09055474981870917,0.09553133061496213,0.11192477323791297,0.29364191688892705,0.09089167704242893,-0.02145823719427778,0.14189403553299493,0.16110510110676543,0.08997871295234974,-0.019222767745693564,0.009333551662027179,1.0,0.2435767278406872,-0.04873096446700506,0.0012690355329949277,0.02995756012315884,0.0960966217398915,0.11192477323791297,0.17749854372971627,0.15751903553299498,0.054840464104423475,0.14782075967092598
0.24632194786199768,0.1216636646471263,0.1700507614213198,0.04709994174918869,0.05714753561486818,0.1539217291632553,0.11832662349028533,0.12459621596677439,0.1533840947546531,0.02598296481115031,-0.0015910296234563082,-0.09266110298545985,-0.016223748382601766,0.0735595333511444,0.1856757614213198,0.16061679915716892,-0.054087169613162955,0.03070649912623785,-0.014159764894469684,0.08384386486959572,0.1216636646471263,0.06067576142131981,0.06349338437213953,-0.10961025552783274,-0.07994923857868019,-0.1966159052453469,0.1521936185641769,0.020050761421319785,0.09862218999274835,0.05714753561486818,0.07914167051222887,0.09652134965661396,0.12719361856417688,0.06290790427846266,0.16211425348481184,0.07327656787293269,0.10864725264938996,0.12906715486394282,0.14147933284989123,0.06687615824671661,0.2602146958475493,-0.007915340273595473,0.17914167051222896,0.13273732858549886,0.17882269124588124,0.13556800280063014,0.20453352004200942,0.2190703692644571,0.18928153065208897,0.1885692799398384,0.2124236427772519,0.1700507614213198,0.14063899671543745,-0.019604410992473287,0.1216636646471263,0.0807650471356055,0.0429321173535232,-0.04661590524534692,-0.019604410992473287,-0.18709209572153734,-0.14962136972622117,0.003384094754653122,0.1216636646471263,0.027193618564176902,0.0807650471356055,0.10338409475465316,0.1963665508950041,0.030050761421319794,0.08796120918251382,0.05100314237370074,0.020050761421319785,0.013800761421319863,0.020050761421319785,0.05811046291385713,-0.1026765113059529,-0.2068723155017571,0.008760438840674623,-0.03307423857868019,0.2414793328498912,0.24382125322459858,0.06349338437213953,0.26327110040437063,0.17948472368547075,0.07914167051222887,0.12317576142131981,0.19464092535574606,0.08940560013099724,0.03070649912623785,0.04101850335680368,0.3231119859111157,1.0,-0.06994923857868018,0.08671742808798644,0.12906715486394282,0.11832662349028533,0.19464092535574606,0.22742781060164763,0.24817576142131992,0.1343364757070341,0.22177489935235428
0.0004301815366084538,-0.028000654986081508,0.046192893401015234,0.07406174586003167,-0.06025871950221057,0.004257409530047496,0.22895151409067044,0.10982925703737889,0.012859560067681852,0.203820012045083,0.10440184862489582,0.15297255441796442,0.11874191300885839,0.14970166533083984,0.027442893401015245,0.16128723302365683,0.10826185891825663,0.12324207372888413,0.16724552497996265,0.05653772098722215,-0.028000654986081508,0.043067893401015245,0.13963551635183497,0.16992170696033726,0.1390500362581581,-0.020473773265651418,-0.021664249456127604,0.046192893401015234,-0.03952139231327048,0.10103160307843462,-0.056837409629287766,-0.018512988951925935,0.017621464829586653,-0.021664249456127604,-0.1109499637418419,-0.06025871950221057,-0.043280790809511055,0.18881584422068737,0.060478607686729524,0.25412940133752315,-0.10626612299242738,-0.050417276090510166,-0.10835256114443931,-7.576331540271042e-05,-0.14854394870424792,-0.0469105548748468,-0.11587607211622614,-0.09694436150094554,-0.023037875829754,-0.06862192141379955,0.08517594424847286,0.004813583056187676,0.11874191300885839,-0.08139331349553647,-0.06025871950221057,0.10333575054387234,0.10212509679084575,-0.03714043993231808,0.24619289340101524,0.12714527435339618,0.07406174586003167,0.0980447452528671,0.10103160307843462,0.08547860768672949,0.1390500362581581,0.029526226734348515,0.1847893846290854,0.24619289340101524,0.07455110235623913,0.14301829022641205,0.16285956006768187,0.011817893401015245,0.1795262267343486,0.23873020683385104,0.14013228734040922,0.023115970324092183,0.06877353856230556,0.07431789340101524,-0.09309282088469906,0.024881417991179156,-0.007905467254722437,-0.10126473371762884,-0.10286371037256967,-0.0871404399323181,0.027442893401015245,-0.040692352500624085,0.020386441788111997,-0.07347923774652573,-0.028000654986081508,-0.049725473945923526,-0.053807106598984744,1.0,0.24619289340101524,-0.07347923774652573,0.022054962366532482,0.04127486061412999,0.07406174586003167,-0.06630710659898473,-0.021664249456127604,0.022054962366532482
0.05136367547104875,0.018012117242508563,0.16209813874788492,0.056087209786136294,-0.0465040117897495,0.1309153430489602,0.28163836863294234,0.14997692662667284,0.1287648054145516,0.32255011614901485,0.08349117357375557,0.18695689581003178,0.24445107992435555,0.25683498085314804,0.19543147208121825,0.18599750981706736,0.19543147208121825,0.10526753765498875,0.16911568260753407,0.0919831962191493,0.14704437530702474,0.08605647208121825,0.2200216360156445,0.13610943818291316,0.052574329224075345,-0.12123519458544843,-0.0367113850616389,-0.03790186125211514,0.052574329224075345,0.11478631079089568,-0.07729580064605446,-0.09868617497760526,0.02400290065264682,0.034717186366932495,0.09225686890661505,-0.062633044047814,-0.09404221212930805,0.269201963884497,0.20971718636693248,0.34622512287486906,-0.009486560705667002,-0.13507700249505294,0.04088601753576371,0.008864307902113733,-0.006322913883694048,-0.028706458953264513,0.040259058288114824,0.009156962277296676,0.08004685669660283,0.028764805414551564,0.10221113309816743,0.0919831962191493,0.1660197073753359,-0.028706458953264513,0.034141149500573065,0.17757432922407534,0.13610943818291316,-0.02123519458544848,0.19543147208121825,-0.018854242204496052,0.006906881917283836,0.2880240646738108,0.29220566562960537,0.19543147208121825,0.23114575779550395,0.11209813874788488,0.2743788405022709,0.2754314720812183,0.023789681036442134,0.1240029006526468,0.17876480541455153,-0.05456852791878175,0.19543147208121825,0.18796878551405405,0.07421935086909703,-0.16610698945724328,0.05027018175863762,0.039181472081218305,0.016860043509789646,-0.02588000332861784,-0.10784721644337189,-0.016432934698442814,0.016186189062350365,-0.10759883094908476,0.0704314720812183,-0.10784721644337189,-0.12714917308007206,-0.15702754431222438,-0.030374979531684998,0.0015539210608100928,0.08004685669660283,0.29543147208121834,1.0,-0.15702754431222438,-0.04594783826360932,0.023300324540234674,0.039693767163185456,0.00793147208121825,0.0882886149383611,-0.04594783826360932
0.012389228254323315,0.02906500736859341,-0.026311336717428135,0.05101106765415664,0.06132307188472247,-0.09996725069592269,-0.08550673901627864,-0.05206891247500384,-0.026311336717428135,-0.12320399208465971,0.04856428517311917,-0.07235653445754106,0.004080820145317021,-0.06403063496304207,0.002855329949238594,-0.06436165118283685,-0.016541221774899362,-0.04734958808354828,-0.011399056015673703,-0.08550673901627864,-0.01932208940560015,0.04973032994923865,-0.014562702837646657,0.06323668588144199,0.02964104423495284,0.02368866328257191,0.08321247280638144,0.057021996615905235,0.011783901377809991,-0.06770918617979366,0.20550684510075373,0.04329650641982685,-0.009644670050761417,-0.04178752719361856,0.02368866328257191,-0.003193057147535594,0.1640395404755544,-0.030956145460597495,-0.08107324147933287,-0.05567641608250745,-0.014562702837646657,0.14798244859330634,0.1630826026765113,0.19781801651640268,0.1640395404755544,0.12138981270785926,0.052424295466479975,0.06290434955708174,-0.001952362358453752,-0.050385410791502105,-0.004559924288049577,-0.016541221774899362,-0.035134866129192754,-0.016541221774899362,-0.01932208940560015,-0.11321609862218998,-0.004559924288049577,0.04035532994923857,0.017941536845790307,0.02368866328257191,-0.014562702837646657,-0.1244594848655762,-0.01932208940560015,-0.059644670050761406,-0.09535895576504713,-0.026311336717428135,-0.04648677531391926,-0.08964467005076138,0.13811652397908936,-0.008057368463459835,-0.09297800338409473,0.0809803299492386,0.007021996615905246,-0.04098795363285096,0.02368866328257191,0.028816868410777075,-0.08383821843785816,0.002855329949238594,0.2974981870920957,0.11658483814595993,0.11658483814595993,0.18188075367805212,0.1809213676850877,0.11459775419166285,0.018480329949238594,0.18215860863776323,0.10971016865891603,0.11658483814595993,-0.03545112166366465,0.03729410545944267,0.12112456071846939,-0.08964467005076138,-0.1596446700507614,1.0,0.25932084719061793,0.1493717233918616,0.24773237912956642,0.0809803299492386,-0.023930384336475707,-0.016541221774899362
-0.0062806504344833924,0.15719665957098417,0.022250423011844322,0.1482067071648498,0.1733256918290486,0.044293433764532486,0.015928583931384577,0.09952315028457165,0.05558375634517765,-0.09102641314634774,-0.010834154102583538,-0.04017895551922912,-0.13755349855678312,-0.08388992786534863,0.049333756345177726,0.10181017143951732,-0.05303693330999473,0.06623949405009572,-0.04880220856710299,0.015928583931384577,-0.020222695267725577,0.14308375634517773,0.04984605142714488,0.09541426481975396,0.009155184916606218,0.10558375634517764,-0.06227338651196518,0.15558375634517763,0.06272661348803477,0.10880956279679055,0.11467466543608673,0.05852493281576593,-0.02298767222625092,0.027012327773749067,0.038917089678510985,0.028164401506467984,0.19681182652061635,-0.08130148955646166,-0.15155910079767948,0.023044073805495113,-0.06490804693351082,0.02761765465026239,0.03285648361790494,0.0488673384347299,0.05646094932763385,-0.07027831262033957,-0.018554174689305092,-0.019906439733253678,-0.0828777821163608,-0.1462680955066742,0.02761765465026239,0.1538596184141432,0.07813277595302082,-0.018554174689305092,0.1410676273129196,0.009155184916606218,0.04456680719263528,0.13891708967851102,0.06765272186241905,-0.040447989686568375,-0.0321211616876092,-0.23886068809926678,-0.03635172752579008,-0.15155910079767948,-0.06227338651196518,-0.09441624365482235,0.02137323002938818,0.025583756345177677,0.22797181604667016,0.16590121666263796,-0.027749576988155722,0.2837087563451778,0.022250423011844322,0.033941965300401555,0.14497769573911706,0.12096837172979308,0.028164401506467984,0.18995875634517773,0.15201232777374907,0.11541982191894817,0.29574769077140717,0.12931256990449969,0.15841394502442302,0.20558375634517767,0.0024587563451776706,0.29574769077140717,0.15719665957098417,0.131813264541899,0.07655149828066155,0.11374702165130013,0.10558375634517769,0.025583756345177677,-0.04441624365482233,0.24656736290255477,1.0,0.017059166181243257,0.18099359241075147,0.11183375634517773,-0.06227338651196518,-0.0357955539996499
0.21577905876279785,0.02906500736859341,0.15702199661590527,0.06740451027710748,-0.01932208940560015,0.1742262976911741,0.3110449851216524,0.129749269343178,0.14035532994923855,-0.03845822937279536,-0.08576407303583602,-0.02150907683042247,0.16094356524335623,0.2166711194229229,0.1903553299492386,0.16205344315678577,0.13863119201820412,0.11658483814595993,0.1640395404755544,0.1731139506388938,0.1742262976911741,-0.028394670050761406,0.01822418240825502,-0.12320399208465971,-0.1489303843364757,-0.0429780033840948,0.1724981870920957,0.0736886632825719,0.2260696156635243,-0.11609628295398722,0.1903553299492386,0.07270827112570921,-0.009644670050761417,0.08321247280638144,0.007815647409556037,0.10971016865891603,0.26930269837029125,0.1493717233918616,0.16178390137781,-0.0715494319555233,0.1001913955230091,0.18188075367805212,0.09035532994923862,0.42169861353132804,0.07632024222994038,0.08690705408716964,-0.06826535970593381,0.10212003583159152,0.2672784068723156,0.24591088550479417,0.11408414350856061,0.15587257132854893,0.18055140838061112,-0.03378260108524417,0.10971016865891603,0.11892675852066714,0.1310332960509335,0.02368866328257191,-0.016541221774899362,-0.008057368463459835,0.06740451027710748,0.13479977439368307,0.12583920091698053,0.1903553299492386,0.1903553299492386,0.12368866328257194,0.19912725977380002,0.11035532994923863,0.07841503144177592,0.11892675852066714,0.0736886632825719,0.018480329949238594,0.04035532994923857,0.04856428517311917,-0.05206891247500384,-0.09426005466614601,0.10971016865891603,-0.07526967005076138,0.04749818709209569,0.11658483814595993,0.0018307397853041807,0.09713499096618777,0.12431759410018206,0.06914320873711738,0.1434803299492386,-0.014562702837646657,0.2871295234976257,0.05101106765415664,0.09358113640085147,0.1393349217859733,0.18266302225693087,0.05035532994923858,0.02368866328257191,0.1493717233918616,0.017941536845790307,1.0,0.21494549388366485,0.1122303299492386,0.26178390137781,0.3110449851216524
0.11408414350856061,-0.01932208940560015,0.007021996615905246,0.0018307397853041807,0.012935975110528908,-0.08383821843785816,0.12138981270785926,-0.006614367020458367,-0.026311336717428135,-0.03845822937279536,0.0037881657701340776,-0.10625483954228682,-0.035134866129192754,0.04123252293169477,0.12785532994923865,0.048845895986974475,-0.08550673901627864,-0.014562702837646657,-0.02894291566479651,-0.08550673901627864,0.02906500736859341,0.0809803299492386,0.08379795290005831,-0.0554073819151682,0.0653553299492386,-0.12631133671742809,0.2082124728063814,0.1903553299492386,-0.023930384336475707,0.07745210414278697,0.129749269343178,0.17564944759629747,0.10464104423495285,-0.04178752719361856,0.11892675852066714,-0.03545112166366465,0.18158340012467727,0.08379795290005831,0.0046410442349528735,0.03956167915558778,0.08379795290005831,0.1310332960509335,0.1812644208583295,0.167967270247746,0.18158340012467727,0.2765622265009627,0.1041484333975145,0.10212003583159152,-0.001952362358453752,-0.031866892272983616,0.012389228254323315,0.017941536845790307,0.08251219269433663,-0.03378260108524417,-0.051580153921729155,-0.07750181290790426,-0.03845822937279536,-0.0429780033840948,-0.051023980395588975,-0.08742244782853917,-0.12931680119830238,-0.1244594848655762,-0.01932208940560015,-0.023930384336475707,-0.006073241479332858,0.04035532994923857,0.023688663282571965,-0.02964467005076138,0.01871353890446248,-0.008057368463459835,-0.059644670050761406,0.06535532994923865,0.10702199661590522,0.0037881657701340776,-0.0369173973234887,-0.1096446700507614,-0.03545112166366465,0.04973032994923865,0.08321247280638144,0.26412582175251736,0.05101106765415664,0.23272821130517068,0.1809213676850877,0.02368866328257191,0.15910532994923865,0.1657651660148124,0.15809726543310954,0.13297828076891072,-0.06770918617979366,0.2209675748471978,0.2134322530261617,0.09035532994923862,0.04035532994923857,0.24773237912956642,0.1903553299492386,0.21494549388366485,1.0,0.15910532994923865,-0.04178752719361856,0.08690705408716964
0.0819065645702487,0.126739806779106,0.05846023688663282,0.03578264125821756,0.11061077452104146,0.14286883903717046,0.0027131104498512304,0.1296723580987541,0.17512690355329952,0.0819065645702487,0.09303735131449353,0.03105910694313002,-0.030755449387876943,0.07863567548312411,0.17512690355329952,0.014749545062733516,-0.014528268860493576,0.03578264125821756,-0.02662748241161278,0.019954489760196092,0.062223677746847894,0.09700190355329952,0.16693018224182415,-0.002839198141615762,0.05012690355329952,-0.024873096446700493,0.17512690355329952,0.20846023688663273,-0.021301667875271935,0.22351400032749302,0.09936932779572377,0.028068080023887776,0.10369833212472812,0.08584118926758522,0.19893642736282335,0.0783527100049124,0.07863567548312411,0.03578264125821756,0.017984046410442378,0.07195230037869632,0.13414329699592253,-0.10453411339585303,0.11149053991693592,0.07811197818016513,0.1663549737287382,0.10616138631192018,0.19236828286364438,0.24375435453369165,0.15589613432253024,0.10105282947922545,0.04800825948550291,0.20960966217398913,0.10649945257290738,0.12340276562226504,0.17512690355329952,0.05012690355329952,0.0819065645702487,0.10846023688663287,0.08892000700157543,-0.11852389009749414,-0.04618457185653657,-0.04709531866892269,0.0783527100049124,-0.05701595358955763,0.06798404641044237,0.1584602368866328,0.061091815834001306,-0.024873096446700438,0.07811197818016513,0.0878253162517122,0.04179357021996616,0.19075190355329952,0.10846023688663287,0.09303735131449353,-0.052145823719427775,-0.06333463490823893,-0.01842148354347467,0.17512690355329952,0.17512690355329952,0.03578264125821756,0.13414329699592253,0.3022455476210961,0.22229671487405422,0.14482387325026919,0.22200190355329963,0.3472580510942832,0.09448174226297695,0.18332362486477494,0.09448174226297695,0.20573914845125874,0.24435767278406884,-0.08487309644670046,0.008460236886632833,0.08496296912707002,0.12340276562226504,0.11774985437297164,0.16693018224182415,1.0,0.06798404641044237,0.17512690355329952
0.20726146433795056,-0.010070411003766211,0.21573604060913704,0.010818007822251785,0.006058621254298291,0.24799410512526604,0.19849466129879223,0.06422088909398554,0.24906937394247025,0.12251570162608622,0.04409424956436092,0.08861739654134043,0.20593211904050956,0.17187639148633005,0.2001110406091371,0.0930945311751748,0.16401190267810256,0.10917866355995676,0.20696411078457572,0.18125328198844737,0.07057475028655641,-0.11238895939086294,-0.021968877423649835,-0.09782328142476127,-0.12354967367657727,-0.017597292724196356,0.18002175489485134,0.06573604060913701,0.14430746918056558,-0.10684460455215328,0.1248269497000461,-0.004852194684980604,0.030021754894851316,0.21573604060913704,0.04906937394247035,0.31251023415752416,0.17187639148633005,0.15835899142880916,0.315736040609137,0.11256143743453384,0.25671964716651413,0.05471909145659465,0.02482694970004612,0.19334798090764443,0.031525514293347545,0.04332224750568875,0.06056362681603361,0.18632427590325468,0.5234283483014446,0.45647678134987785,0.08861739654134043,0.06056362681603361,0.12750074649148996,-0.008401890425345726,0.10283281480268541,0.30502175489485134,0.05471909145659465,0.04906937394247035,0.026080868195343943,0.04906937394247035,0.09278522093700592,0.21573604060913704,0.21573604060913704,0.28716461203770843,0.21573604060913704,0.1824027072758037,0.13678867218808444,0.11573604060913706,-0.0006818698386241717,0.017323342196438607,0.06573604060913701,-0.08113895939086294,-0.034263959390862964,0.02916887643003252,-0.07214274726965084,-0.11503319016009372,0.03831668577042735,-0.09676395939086294,-0.016406816533720114,-0.038362320046600645,-0.1531164184072564,0.10556654908371332,0.017622833061967214,0.0036148284879248815,0.12198604060913709,-0.12032953316135475,0.15121991157687897,0.05999833569110424,0.16734894383494353,0.06267481611934111,0.11573604060913706,-0.024263959390862955,0.08240270727580368,-0.021968877423649835,-0.0601260283563802,0.2403262045435633,-0.038362320046600645,0.05948604060913709,1.0,0.33642569578155085
0.2140583326163641,0.09268053053872605,0.10558375634517764,0.04984605142714488,0.09268053053872605,0.15719665957098417,0.13661823910379833,0.09952315028457165,0.17225042301184434,0.0106685021078895,-0.025759527236911883,-0.023229802976856284,0.019309246541256098,0.12663638792412507,0.14308375634517773,0.13954602049612114,0.050411342552074245,0.11541982191894817,0.09154866862587946,0.1538596184141432,0.06042246602259704,-0.18504124365482233,0.0006657235582924192,-0.1588230233158393,-0.15155910079767948,-0.06108291032148899,0.22344089920232046,0.1222504230118443,0.15201232777374907,-0.11699688881611264,0.06922011998154132,0.02911316810988357,0.07701232777374911,0.20558375634517767,0.007171057932479241,0.2862289176355002,0.1792679668714935,0.131813264541899,0.16272661348803474,-0.008701957940536631,0.23017392027960393,0.061515959735008174,0.03285648361790494,0.19812106977801347,0.0038293703802653734,0.10213548048310872,-0.05303693330999473,0.1761719916392953,0.39789144865286996,0.4092874600488814,0.07846511227738107,0.13661823910379833,0.11734846222753059,0.08489410117276391,0.1410676273129196,0.15201232777374907,0.09541426481975396,0.10558375634517764,-0.0013127953789602853,-0.024574973813552503,0.017059166181243257,0.0018800526414739505,-0.004093663009661075,0.06272661348803477,0.11629804205946337,0.07225042301184431,0.1792679668714935,0.005583756345177715,0.019016592166073154,0.05479010555152686,0.038917089678510985,-0.0756662436548223,-0.06108291032148899,0.004091219031744808,-0.12774957698815567,-0.07903162827020693,0.1249385950548551,-0.02879124365482233,-0.04441624365482233,0.04984605142714488,0.0006657235582924192,0.11236341736212685,0.007470548798007848,0.05406860483002618,0.15870875634517767,0.017059166181243257,0.23784182086130667,0.0006657235582924192,0.23784182086130667,0.1749715114472185,0.19789144865286995,0.025583756345177677,-0.04441624365482233,-0.01572771906465842,-0.0357955539996499,0.29574769077140717,0.08263293667304655,0.15870875634517767,0.34844089920232046,1.0
