0,1,2,3,4,5,6,7,8,9,10,11,12,13,14,15,16,17,18,19,20,21,22,23,24,25,26,27,28,29,30,31,32,33,34,35,36,37,38,39,40,41,42,43,44,45,46,47,48,49,50,51,52,53,54,55,56,57,58,59,60,61,62,63,64,65,66,67,68,69,70,71,72,73,74,75,76,77,78,79,80,81,82,83,84,85,86,87,88,89,90,91,92,93,94,95,96,97,98,99
0.0,124.47465948454786,106.24668643375102,154.87848958924218,113.86068531467532,88.2588011766182,116.39198185333244,110.11982718934269,119.75232201124123,119.62067444439134,133.04743690821954,125.06662148106508,165.78089644496004,151.72130013690185,163.5229644943094,124.26346307228664,136.40852573110638,117.64930447253252,162.62205515531906,125.83482800082534,152.83523486429647,141.22249943003405,155.44897309481058,150.24962369525082,102.71413963078945,132.79058530765198,182.5537127455874,177.99259784933935,140.10990032350145,186.77100487744423,115.65991887323588,114.42762953065672,127.86120689266696,139.65465675444034,165.1175455320253,136.26098464562324,176.99000098077266,113.88867700307672,150.71119496330988,104.45307186758174,133.31174428510354,135.03404810875753,130.58708427274095,156.9507450142298,139.80295385231733,188.60254383147924,167.0267513062255,164.15218696418347,80.24708519740888,146.50020157940003,78.31578238949092,120.12755731435556,136.88972675898108,147.4839566902621,116.17486127687148,81.56440500660571,114.80604175792784,100.99582044537208,116.19516487136042,152.86137329989836,150.7643095586244,168.2989515943255,157.9750334481332,150.73359673003546,139.32234757528948,164.17360080034084,100.06693166966926,168.0829333183161,162.8336759723348,129.35441632454615,148.57052387836688,172.87828908173964,170.39750093890865,113.364872168283,146.08622398749324,136.71639951778195,150.99672277518596,181.95097543511824,109.2656957940645,99.86782229884167,180.3428275715438,148.18389492851884,166.4971737125996,191.1086843742696,176.82038821089677,181.7212139409633,169.51073733893082,181.9804221278216,132.94439131801607,156.65935411804253,111.30175987918535,85.4311295184896,107.1121578473138,113.81232362995556,171.45826276874402,156.2265755335502,176.91822612432094,162.10925034699906,96.79398886858463,151.98515337731823
124.47465948454786,0.0,124.9776612745063,108.80243929999368,107.54517282254623,132.46271463844366,110.73897670150396,124.05395211913574,116.97984417646958,124.7083471313598,143.94955483609954,157.6897362855902,167.8022003787263,147.98123553116093,163.17148275465945,82.98617696635021,146.5771012330166,125.17705763259556,148.9975972877503,130.72949339219304,136.6049742908905,144.0662925747929,156.9631862531647,161.11465262725142,132.269918635352,153.64590869131496,155.9310849623006,184.8341168368276,150.8977714257476,169.02111521100488,138.80062939828113,159.8079795199398,91.72362091688964,136.4589484465369,150.95512069649345,149.64346109493363,156.66494988368274,147.4518539424579,121.4716322252664,138.70397442364765,152.59923529160312,170.01048695521033,154.7798678181606,160.42638102697953,135.26749224490698,169.1979827543563,153.37481050831735,151.05798206512793,109.63312129269976,149.12178199768053,132.75187424733952,105.1674756206967,94.9598462198836,86.1712380428724,136.64090599214495,126.19266139013774,111.2020806085074,116.6193062734944,137.69736151807257,160.5325477937367,162.2336929954037,169.3821279602268,149.27204773788657,135.68393614730286,143.6589112774198,158.78816557799087,119.81567144641468,156.75314209029565,145.35597856580844,127.95649439729284,127.81392753287834,154.96300318130267,143.04804229963094,124.58542561506744,154.69969739034266,150.10778671031326,148.85397503767072,169.2255400747958,114.499879019696,158.24343271455675,155.54326087501974,137.03738128722358,130.05866962209694,160.31781201820846,161.0133924772224,145.24071928984884,152.6364492423245,156.32216206182056,126.5101128908153,135.31163425616114,103.7841746211615,128.3001650902005,138.59213526050132,140.07016383177452,179.51998408253513,166.95633936479504,165.8926807537847,135.86331199634768,121.095433472736,148.64808150631376
106.24668643375102,124.9776612745063,0.0,119.57079566698994,107.70479782451775,84.83352413231847,104.32606309335884,96.42114693490392,97.57453891072376,125.30696340983933,132.77854875748724,143.48353408967935,158.19445899482696,142.13837282341993,143.43183641821804,142.71454883312316,135.7738748593805,118.45074666634258,147.7963228562502,116.06868314302396,130.095301533963,145.58790339961462,144.7381717145742,143.66634335917223,131.15231602668584,131.32009777800886,130.81454618230885,165.30913761828984,113.62664857784966,156.51278725727894,148.60408836951908,157.20418514530002,143.4476172948715,143.28646319279108,152.60973539870366,131.28640836270142,154.29543948747053,148.49780572014373,133.22303105018773,128.4819396575774,143.95352564149383,144.70942380515152,147.27758631581128,151.9631855459167,142.32408179981468,155.9954203147215,144.1888061971892,133.5455564384838,104.37278378814692,140.992548236189,132.90310162378938,93.34828934492845,163.2683566016782,156.69259517142194,85.93933021148361,84.95742957851593,87.8531946105079,123.89906340366387,107.78055433110958,155.81564265816877,149.17884624434976,149.81575480144338,140.9866924012749,127.95179091747636,136.76122465856398,143.9246195294671,121.61382501377298,137.51546589178832,147.14969321229145,119.8339099888764,118.73789736442238,146.48644463292652,149.6192938678991,129.98411522587708,130.4431543356073,128.79935165278076,123.00964804627618,160.40113359123507,137.93824691540544,159.06808076303628,159.7183414635556,143.79218052335025,137.05861718664477,166.5023684361783,143.69742658358115,151.13999954680978,151.5739115174781,144.438201320586,131.14752998981984,139.05826815782433,142.36589505754284,105.5396349530588,119.4249515748442,131.2498635462863,152.19762261212128,149.6986718956531,157.34751538875324,145.62019802170852,113.16223797507158,141.51884438270383
154.87848958924218,108.80243929999368,119.57079566698994,0.0,88.92540255789407,123.34116324854406,117.82482310128697,104.62136222770596,106.9280334811778,154.60504043875227,152.3539933275245,155.36736247997956,144.15233712249457,140.3293021244352,145.8223205023476,141.43072642524433,155.80153385514515,124.7785531760108,134.6545962785541,137.24935831071895,130.0503878199978,155.57536154293712,148.72941899162095,172.15603079143585,157.54975165252014,160.14518532671863,146.9706858760084,174.57629132452496,144.70353259947643,158.81169488763814,158.62381793942683,156.55115627671094,144.12088315020446,155.86846300314778,152.1452518799432,160.7535068046612,167.01579784355656,145.84736601011198,133.35672966004165,148.7692347875976,170.2033995572429,168.69232819987351,169.9894383317917,149.71131353452574,153.62781736426072,168.5212434581956,151.43061952046992,163.46219161247674,129.63747743720947,164.8153825546762,155.61968913981315,101.60495740932362,148.09948337622393,93.29343258425916,126.66275968825045,118.59191068724932,105.0389343744267,126.80738149715869,162.88997057303823,160.69641970374886,157.26315186196663,153.37436813639204,144.2158660054463,132.4512126828539,129.81262134210425,149.77890971440985,133.97248879838395,125.8554962704274,152.56926344939063,131.94682097739377,115.73406439068418,152.83097128207748,148.2785756819125,144.96400635963963,149.75295446915123,146.95426667528702,136.86725833118533,163.47953492681057,145.85660100490568,167.60101676397196,164.47758449047353,165.49153368723842,147.38077154221514,146.58224977837318,143.95001213246567,152.6934518184608,163.10422577364625,162.8442949352935,151.07791102837106,154.10324002413353,151.1505629524874,143.37676331959358,152.776450292493,160.99436017681742,156.83381736006595,152.60372816980214,157.5296281868002,146.35249774747987,138.71540644483775,167.09691018942107
113.86068531467532,107.54517282254623,107.70479782451775,88.92540255789407,0.0,81.97066581249109,123.58444196585282,110.85889748859054,116.09241452295466,140.2515850624546,139.12558813768965,143.332836096769,154.10447303038944,152.75060527756307,156.3694826607408,126.89463021835746,157.9230109204403,122.6345475184052,155.1607103906819,130.79660993933436,137.29071549075124,157.76885537222955,153.73338906051256,159.4820990292564,137.61287928116292,146.66285667939763,164.395140801828,185.67654705702316,139.61818971908718,176.3409110166342,127.34533882714166,126.27745815509716,134.0545413741096,147.26800081945612,165.09395563564,124.32631379421584,161.18520666650704,133.3916719708759,128.7767589978905,131.45959495568894,157.90409352847487,149.28610918179606,163.88389983633107,134.0290029263052,147.44430955505462,171.7922180119628,156.58485119908684,160.46186201545086,95.89761182150802,151.08794205932213,127.5762670013578,109.19444091670796,141.6981441773739,115.4036321129522,84.1547390967101,105.42364301371204,110.52108705301788,131.32665953565612,136.10071819045987,155.38381493005988,146.05719700317516,153.4076611150296,148.3005589961669,140.28854963264592,124.22876192634745,158.2288335893283,127.26375637286154,140.73601835471368,165.92587724043,127.60937954245884,120.77387766052183,165.78820952551737,160.07438628377884,124.93271305687097,150.11095837663115,149.75079908372197,144.365026483637,173.68725964945492,123.55447070428698,137.4099132678199,177.96114274618512,156.499559567427,151.4560773867384,159.7023167713021,159.6558409490169,168.5137912037412,158.97189302370816,178.64023053372574,134.47499832712734,143.43285502308964,124.37626645618484,129.35534289418104,135.50021383130257,136.74463466655578,165.9383207925363,143.08367957708626,164.35284053107466,149.72858816282826,116.5018170357897,158.9264198627482
88.2588011766182,132.46271463844366,84.83352413231847,123.34116324854406,81.97066581249109,0.0,125.31858741380832,97.07599821658152,98.09126736537304,116.26776728172943,118.17686074085998,112.28983584719106,134.19449142669552,138.53494200204693,153.17889748914394,141.73564376536623,134.76175272959634,122.37373831057016,148.53385046502132,117.04525979723452,137.5306343688127,138.61553742978325,145.62147328109097,139.28064396896605,113.02162863256768,119.21213081832708,156.4605118228858,175.33776450986505,122.31211090941616,170.88344587198137,106.99729794124838,102.41547865271365,154.61768994437438,137.7093231378516,164.3885831106336,124.8533362774764,161.18793514934185,124.67372301903788,143.87133865580375,112.46209273636254,140.11984856236882,123.61406850011268,141.7925354246564,127.37774640972373,135.4873386524908,175.14863488048752,166.34302458874504,155.6067254044108,73.8555344497435,151.00958408624265,106.3885059825536,99.98235561548915,155.32743410287725,148.7058890516286,56.794512480073294,66.02051552629008,94.0579604175918,119.06796294421764,115.63704732369892,138.5774068293748,131.48328318127506,136.1799023485735,147.7579994962677,134.06241932452988,133.89185442379565,149.48446230883013,101.45831791860108,140.30024627869145,164.60924010380185,134.0537101297289,122.32091816501966,152.65835054510234,163.4940001352575,108.84764541397055,140.42576777440482,123.07461436783056,131.73182033503923,168.84369481998232,120.97278677262946,111.88303015830886,165.92082076347714,158.0929274985422,161.6264884969665,178.4680473101974,154.363701911852,179.75430358838173,154.99278632518406,168.70388885946898,137.42100592625906,134.07812200004352,144.90362186433805,117.17001711672523,117.44233604171544,127.93322019722072,166.25648439522368,137.55497758723874,176.3277784216337,162.9690239715723,87.68810259916249,157.59818836763588
116.39198185333244,110.73897670150396,104.32606309335884,117.82482310128697,123.58444196585282,125.31858741380832,0.0,84.8456254147836,87.84936255143268,117.41519522502232,155.26208449936087,149.3541299138297,149.20261375022224,127.94447923967996,130.2377272497207,108.16825944056528,121.58571748910204,92.07941646835616,132.00024201695845,102.96748187940663,117.39533093340889,119.09626399359227,131.83384383956837,146.65821554745236,156.87054206402712,148.95537654836676,137.19290090250223,156.34186266074093,119.17958397211598,149.42480545218973,159.54751565366274,172.46760521452595,127.56978243732384,109.49004937727916,121.12103782780186,134.90463355692884,149.12757068819934,140.78288211064103,103.97139737824804,113.76739232228049,115.9137017945662,170.1339103998502,129.68358271066887,162.99305615701763,129.7401303394198,143.77167898272603,131.53623426701483,134.15192824344632,105.47841925458556,112.62332013755376,135.36935162336334,88.95159913199436,144.99893683444913,151.13467683968662,121.12603491105386,107.60752277030385,89.05635822696121,104.8760287721976,114.4879005688301,152.13545246828738,147.60841687885284,145.8444525549238,124.9975388493276,122.2108186926248,118.3774551285758,133.14282486147223,104.8408289715081,143.27997360706786,118.5629299836724,91.15292338787852,112.99229112494464,129.45570735638665,128.92752115368313,116.31373346980762,107.20005574506028,143.44556682190785,125.01747450948638,149.88933142786124,136.36543881823638,172.05783920152777,147.97236429388286,125.90590864808384,124.5173134214394,143.04226706404978,142.93707784070887,136.12347865620268,152.9161491387799,149.0590608258896,117.13545951692288,138.8717352934979,113.2232568074988,107.41614960471826,103.87290757983746,134.13826716409085,134.9609634137895,158.8140420880191,142.58964004614313,124.40956704110786,104.93498915675876,129.24371811436538
110.11982718934269,124.05395211913574,96.42114693490392,104.62136222770596,110.85889748859054,97.07599821658152,84.8456254147836,0.0,82.73539398461392,139.81911721246627,161.6054063128413,142.50934055445325,152.22570679997074,131.54828882244476,144.21783517418334,110.14078116476163,130.95221703813746,84.3983222411494,143.00678078358027,100.75573548751257,123.7086779269913,130.41030030962415,132.50310631466326,161.9381385090148,146.6910809213136,157.00269437232623,160.12575251492945,169.44955105389573,121.3090919057328,163.45423577484868,140.7068176313595,154.6367295796295,149.7100503328164,124.31163686628012,149.72094116294903,136.48680399885978,165.40812955037967,140.16477766207947,148.89423460565297,133.6485667471822,143.470175882986,165.58621735916793,148.056165150695,155.67692040814984,155.7427003022666,178.64152496359077,161.73054310519166,156.9273039542266,90.2989863626241,149.78289105680057,121.61144863891217,65.8818503342708,137.74299445007293,142.13717742423813,97.24658308852143,81.26220149546185,59.25649335768187,85.43476453439982,142.68742467318623,165.43362894820035,150.9947638999207,155.95238646004952,136.561818499815,128.96703099527312,127.78837993203751,143.1314581860306,94.83911261946668,143.60060783328134,141.28793845039195,93.89236260872202,119.27153744477184,150.64174028907638,146.444206833505,111.63704331626542,127.03299876009464,137.3442441207638,129.2367657640467,159.9752322913944,133.8827261027824,154.35555011965084,165.76759504814973,153.32064597931426,139.88302492638007,150.05828926898863,152.706592676648,166.35332248010383,166.335429354254,171.32783489033756,136.5502292877855,158.7663616186312,131.90850865905563,127.78656388833453,131.03904921168015,145.20491899655028,146.58973866910986,153.84332145402055,171.11580223391894,152.87580501028134,96.16330962665772,152.92495941418366
119.75232201124123,116.97984417646958,97.57453891072376,106.9280334811778,116.09241452295466,98.09126736537304,87.84936255143268,82.73539398461392,0.0,117.63083860028684,146.08459265359443,124.06528103449013,139.4261427027921,101.63561604402992,125.9472308395062,135.62383783574973,118.8302118341032,89.54062694202025,125.15456001583316,94.7991625542124,100.31866501417784,115.99521234727462,132.35942615370823,149.79891064665924,140.11261633512942,131.9400982157876,132.76791185184314,164.73019800060968,98.80847770988458,157.24288783091242,152.19154532306348,153.4429532763639,137.59435578979483,122.05112465719158,132.4098004279315,134.38146393918683,151.0550605992311,123.25361371840224,132.70540593693636,126.08083183604796,121.22031308944382,155.3693102466596,126.73497391930886,158.54296623097665,131.8129058671119,157.56537171488117,144.07906478189864,148.485314055446,88.22364007188301,124.93043031047836,130.16560933472164,92.96556215953014,142.64290225810151,136.55789741037506,102.13178717375744,82.82032206101727,71.93146081038711,83.06210670352871,125.90770764720314,149.7087187186059,141.9397328872243,137.72555174547333,113.66799170824262,106.57180638484374,106.8164626558724,118.30195515346644,82.7323964604539,117.89538814005992,123.43626172883134,91.85271585032736,90.1443851919642,129.38833925100093,132.57433871023028,113.59273460531858,116.7591070810748,136.17884337019296,108.9450408886574,163.1517512945253,129.3722266589552,150.59782951568076,151.99044695834414,135.02731424193655,139.2205614250546,153.54851561502227,125.98343698997328,142.57012500046807,151.9263757427395,154.48345566506674,125.44593126312957,127.75466882998045,113.66548212846824,113.13791595950704,97.791668738104,142.50674441974647,150.37312236085404,158.8112335110511,153.9675904306212,140.16252772320752,92.6013743223589,133.0024609318084
119.62067444439134,124.7083471313598,125.30696340983933,154.60504043875227,140.2515850624546,116.26776728172943,117.41519522502232,139.81911721246627,117.63083860028684,0.0,84.49420595500243,80.34941267296362,146.3290057586049,146.06595726656818,146.93446971712882,138.71942414580337,115.50784933901345,133.93444015247002,143.1035045398849,108.47987137663858,144.644368766964,107.36412787741114,154.21894484459378,83.54433034560333,94.7887948171028,96.26515036896552,131.0194951124445,144.75518586397976,118.2979558522895,152.9076687540807,160.0133026746283,139.76326032134898,113.68424150201486,115.38585230018656,122.96636887858762,140.6553624402597,142.8396360824538,117.11301420985409,122.43425741640992,85.3273861611873,97.19428456909556,130.1921078317315,112.89684414085087,142.21606241370887,121.9859735879054,159.9554886027123,141.8223778789698,157.97983557471443,105.5680635506486,129.44092082563006,118.06113549063238,122.18712433906684,156.7250243603126,152.17056561458577,124.79609361974022,116.69057221116364,133.12974295195957,127.67993502792535,70.9712871763562,115.88621547667614,109.9741961346899,140.66840391073498,157.51228264283964,142.26052688192345,149.39605976512115,143.26167586627898,98.66449445046857,159.7412647567806,142.69830184758294,141.2877481591585,134.394274416405,129.64863628163312,153.58133707195393,106.69266695022468,117.65838779644145,107.1124603543986,121.37033555264456,163.42016475368956,137.9340282005025,127.2838558483445,136.24956629778382,117.65522103273452,168.8331833418065,182.39020813147903,142.86138337954557,153.030206909395,139.326704598805,142.29514827832352,129.77041368438603,105.55921190982173,123.46431834227708,90.73812204066896,79.17656958849497,130.7053420287502,173.72051582761594,146.55350696435306,161.13886563656908,151.81714817627233,117.31843432856962,145.8181441301904
133.04743690821954,143.94955483609954,132.77854875748724,152.3539933275245,139.12558813768965,118.17686074085998,155.26208449936087,161.6054063128413,146.08459265359443,84.49420595500243,0.0,77.00963860257025,138.73670801572194,166.98191999638573,172.19434661439524,169.7240080543366,125.62691244067436,169.32999908594545,143.71107479162097,157.88594010573746,168.7849782117912,149.44801641148928,174.98774735945236,107.45513014420408,90.51223217251771,88.06323719933923,144.5294390667409,157.448496775375,159.96783583395302,163.55750152681688,149.7961258353635,117.27555900072488,141.17885498605816,154.08466108082246,161.36433836431374,160.14567118143063,153.49918448308074,137.3111009883055,150.91291752081912,123.35889368662863,137.23983765640077,111.52314483270914,137.0850464972402,128.41143691824868,146.8856131512835,183.29707202171824,172.03353707786644,177.10455149526916,134.11450122743094,165.89423405350556,119.48308436245998,158.18277561180793,173.14167690877355,147.7772052434238,135.3593072196523,133.73127859985877,159.49295195954164,143.4518775674511,80.96942765262531,93.512512237502,98.57446533153455,146.38829769395477,178.99543192389748,165.09697806833742,176.1680791377144,169.7025589572866,133.69300030195186,170.85065154495408,182.9811360473981,175.98984274394076,162.8345134278287,162.2462181274679,182.46821689875867,142.29710483138683,136.54057106997504,86.50936642696803,151.78099109365982,176.8548748992929,148.83111427948458,113.73096731574596,151.17226710158053,152.66822015811127,187.963684493713,180.83990922984637,156.66292768108957,183.2043063875612,151.98966205255394,155.50935907849424,165.50902906898682,121.81363400342453,150.3823259160441,119.55879742232912,125.20213392998934,128.99487934165592,167.87371922419285,153.68037915978107,186.06985665886305,181.14610610701635,143.8415604218253,181.10267084209264
125.06662148106508,157.6897362855902,143.48353408967935,155.36736247997956,143.332836096769,112.28983584719106,149.3541299138297,142.50934055445325,124.06528103449013,80.34941267296362,77.00963860257025,0.0,129.25192084114548,155.5293601904902,167.81891270091884,164.78266597589976,113.92325297847148,147.10657699359143,129.30908090610788,138.89906728342535,158.02254424451496,129.03553715966078,170.61065947552123,101.29787209016362,99.7543037443818,88.33088936986994,146.74351777409032,145.28788169251098,140.1297361991097,166.72287885407928,148.6725319899428,112.26481940525424,146.29067616388903,136.50609748691858,150.96338813938206,146.9836285186953,145.2780542559001,130.4870003432882,154.34181443013773,104.30278999539546,112.80657599914784,112.2585314933625,125.6903133788063,123.50532039449551,140.1855144983043,181.92765207278623,173.32868413331855,181.67756762891835,122.30734890546024,152.6767276845138,106.4254806799532,142.9717403565051,166.47012665602062,162.0707047277786,126.48485518594048,113.557686422413,144.81584478732026,123.83651114147288,88.67522797746255,88.77024927966343,79.5315950282213,137.93343514004562,166.69361668994776,155.2745914490826,166.65993479598146,156.73665480527546,110.18175663282574,160.06137419235674,167.0427131439211,159.79688224085095,149.80476448003984,152.54042909248858,177.51488414646803,122.54602730733848,121.10433965213628,92.02490940229012,133.18390178332393,162.38771540231784,143.19418732290825,98.71645325642646,135.79396473638994,139.18560808055145,188.1791516863227,181.8281528596586,157.19611172659842,182.43514252374524,144.65960002705413,147.84626262676687,151.81143485417027,112.99738474328942,146.01874750179414,115.37177577500516,104.46191513049226,123.711748179547,162.88307262350148,140.18827842976168,184.71866339708183,182.54174031533972,129.54515884155632,163.76558263923948
165.78089644496004,167.8022003787263,158.19445899482696,144.15233712249457,154.10447303038944,134.19449142669552,149.20261375022224,152.22570679997074,139.4261427027921,146.3290057586049,138.73670801572194,129.25192084114548,0.0,113.2765653312625,127.7161673879022,159.12215069742527,128.3531700411627,135.64766092862854,110.39255986970386,136.5890067304703,115.68061423839868,141.33545391079286,136.04529493111056,150.36193993688852,157.70053646030004,148.6206018763099,132.21684408989546,132.83071110241778,126.6684646442385,129.8962980242035,136.27303571693838,127.33142906001508,151.11779238329308,133.1971139915791,137.11147248577026,146.67742479249205,137.4293377183992,140.75776304755595,143.42229906565683,141.09307754061075,125.60894914306492,132.73505770373768,145.28364570486008,141.89180487343197,124.0624857686842,151.84264343017077,154.88946679989218,142.34966754937642,143.54355418210014,145.09679343964936,152.0042780501922,144.3743761001436,163.40553058108156,159.0262710964343,136.81161397520634,142.30318183493557,141.5081934546912,157.637687218321,150.6378367422231,142.1020512437005,113.69688108476244,40.13285051211472,129.07116094330104,113.73205775366768,137.06614396857907,124.47726747337164,139.08189810139623,108.72361996157244,140.8418630773415,137.96678900307197,130.24009322264465,126.64030441846192,146.74377525666807,140.74373479451668,148.32457348080206,143.7160469366578,133.02746669027334,135.55886474975028,141.7011647935321,136.0241088887406,139.85386617529235,149.2751453885731,152.20790668496554,148.06144524398755,127.23711901872444,160.13574331882882,156.5415455470693,141.73506505500848,154.0472686932742,132.5308154484372,169.905066581556,163.1590678201504,152.28593732903497,154.0340034172575,166.38908333441574,125.71631423216417,154.06350369514024,166.49566423318336,138.29440912765892,147.1894285245872
151.72130013690185,147.98123553116093,142.13837282341993,140.3293021244352,152.75060527756307,138.53494200204693,127.94447923967996,131.54828882244476,101.63561604402992,146.06595726656818,166.98191999638573,155.5293601904902,113.2765653312625,0.0,60.36772252226116,152.6439745873547,126.02492194724952,111.66931733037214,112.8197277590131,111.27533840782796,67.56013953585476,108.24310411701734,81.54681644293547,151.80189843382624,158.08874619934878,152.31482915495312,114.1896741401042,143.26455011602175,98.52827805213236,102.87173622219495,155.89491669270907,162.32555877717203,148.85033565380635,120.47844343967677,106.64866035598226,147.67435784072683,142.05495839552617,126.81297670066112,141.72179347522896,147.07662297368117,129.7671349166859,157.96579975825256,117.55115666918805,174.15970557319295,113.7380267088823,121.08157423889722,103.31817864630864,113.54260500742856,141.2564795853443,125.14053197706704,154.61902653361466,135.9819943197581,154.50618861043915,156.05120701953027,129.07092004314796,141.84703659317,115.36180063889717,141.00437459972642,162.76036523097048,173.46401328578605,155.83895308378752,104.33214577215963,57.40665482917423,57.10817085098252,76.27913470400802,55.38465105229203,123.78869868212996,80.51456163925178,108.30744651715187,100.8004614826858,82.90098832710666,90.73018747483758,84.99669132853899,135.2926862857864,137.2800021032332,162.74940735669742,101.73510457389963,126.06170218940473,138.34576521045832,154.98762759273376,145.19703053618957,136.73915611116732,138.201428118728,144.8482804484844,93.38187332662278,108.98976036477224,152.4974890872312,125.6072837955248,138.714761906612,136.99976216381765,141.51767828818464,159.5000629676199,144.17907680390226,178.9602036931372,166.61817511859311,144.7672984935473,108.9778291317346,111.82406907578874,142.22448672775516,126.86109629573528
163.5229644943094,163.17148275465945,143.43183641821804,145.8223205023476,156.3694826607408,153.17889748914394,130.2377272497207,144.21783517418334,125.9472308395062,146.93446971712882,172.19434661439524,167.81891270091884,127.7161673879022,60.36772252226116,0.0,157.0479334000524,131.7858798210629,124.5245763466504,125.70110994577811,119.29572712464932,70.15495367316149,113.96381046568922,72.19227916667383,147.56545678616214,159.1403661407808,149.15185712475784,105.21417494535189,136.35829644737822,95.3408859404032,85.7178040473939,173.32515894513617,177.50884735477754,150.79206100998806,129.24358568550753,98.67229429522015,155.48871473149055,136.78149559815944,135.81429719850692,147.4544556232247,148.75453652892568,139.3642955997597,161.8239908933851,122.37627964763236,184.0573916156821,128.83298897963982,111.35887771040566,93.60326681152748,100.78863641169124,158.41564714525822,122.03087790742164,177.78261068121546,146.36341613148798,156.25615568264885,171.1580338111362,146.16952864748436,158.69911171141445,131.33803639122235,166.6235519044116,163.5864859969476,178.26645588212824,161.29032910162314,124.1535850188848,62.80890526360852,82.16128730871456,78.06068506890924,40.095371739090766,139.77374122360763,98.26499659910417,105.75053951973338,117.89817901785231,85.88498247899973,86.52115133373445,75.88413860094514,144.20380524220306,121.91315650344362,161.21869744316305,92.48211027685784,117.25990648332473,157.14042967463052,176.07467171829416,141.97048517177782,143.3917666640395,145.11534664916172,131.5606018399847,84.35275078420071,101.93129949470573,148.62839222349373,121.97418564551464,146.5562960644118,144.18334177984428,156.44616248934884,158.77023069938627,144.6349498443508,186.2184384379479,158.65006800765127,148.43953653302162,101.27383504401324,102.27994171428428,160.6956018384411,122.39616119320598
124.26346307228664,82.98617696635021,142.71454883312316,141.43072642524433,126.89463021835746,141.73564376536623,108.16825944056528,110.14078116476163,135.62383783574973,138.71942414580337,169.7240080543366,164.78266597589976,159.12215069742527,152.6439745873547,157.0479334000524,0.0,129.48061328009663,102.2839240396462,144.37836683545032,119.94292121924946,140.88865103436527,133.42198441114806,153.16708649985145,163.1315379087801,150.11668107918354,168.68202501182412,165.90107518535018,162.48840969644502,136.25006319661452,165.75898466729913,134.23446779978747,162.20868736198173,104.78116285507622,101.9579847961708,140.12740448855016,135.863116904929,149.52872570081203,150.55867998087632,128.67294911210536,140.04959512081848,142.1242250842179,174.50830444446007,144.99027068892093,169.0152523069052,144.06864843613684,169.2262405555287,158.05849255300086,151.58680497855866,105.21645087029177,137.2220678626894,126.93405468311836,100.5647828875708,78.48696896241977,121.5176293960844,142.8905272422341,134.90803504962213,121.62511390427991,118.41614217311364,153.01052768673668,160.2552162971009,161.69331548900126,164.15675203597914,152.12023885962134,141.94272634219652,145.74741183028712,157.51093002912285,114.83684074905094,157.2896605387582,130.0954467031113,113.2964685129676,140.28821013008198,153.78295872578838,139.5825349275169,111.11237964910823,147.42677426060362,158.21867759965508,151.42939066433635,149.67169020065558,107.60241913467968,158.04507884038856,143.8676661555394,134.84568288453886,130.10810925379025,162.22551085811685,174.1308059850439,151.18650438984534,156.8759727819521,163.706931962957,119.3753132890983,148.8946180628456,116.55657539827848,141.2372532121306,143.69747244599148,147.6222184429842,178.03479924056285,161.3166511042167,168.3836192709955,141.738127590624,121.59396245111007,137.01977945808108
136.40852573110638,146.5771012330166,135.7738748593805,155.80153385514515,157.9230109204403,134.76175272959634,121.58571748910204,130.95221703813746,118.8302118341032,115.50784933901345,125.62691244067436,113.92325297847148,128.3531700411627,126.02492194724952,131.7858798210629,129.48061328009663,0.0,99.66941615660204,69.3854521356721,105.18344139695742,118.04350698392857,85.32604578889072,144.24179178317456,129.00382661046868,143.5386614777526,113.3995227721146,133.55127735760522,137.92448832978783,110.8844363995165,149.07427099020538,171.93983262817375,160.82759071361028,136.57507734247525,72.8755597785666,120.98732273393198,134.1307235895598,113.61707987776867,150.15843911020315,144.1896056181983,132.2212963705977,110.3881445071773,146.5990287285975,113.58595755222728,160.0180638116224,132.3365473881713,162.05827629291852,151.54150906893872,151.71886328867012,121.7236181844143,129.02500813635666,139.18819403919292,124.27759749683814,126.6844467577859,172.82010087653669,138.58866206950168,130.90661323001277,124.1790197525554,139.46473660412408,126.64116049771114,108.68545782976445,120.17526136768772,139.67580687011707,124.8843895660592,119.5966958207464,141.66948145426505,128.5420765495305,100.4973135295068,135.97716358786602,99.19622168714596,110.4273528064616,119.4953496880728,125.31571178692602,128.45171905406983,108.93360492074862,93.75761145312508,104.32343894561072,110.02496324147388,133.71680647483402,137.29676750568836,152.30847649413573,97.30353109485485,110.68162742800178,148.89812158597246,158.83552609162115,137.86552217039346,144.10851357143636,127.2195614576525,131.29845598963462,126.53140342262682,111.30111587661588,134.1652429099557,134.5714316380119,108.15681152087232,154.87449443704497,152.82748010890288,157.36950211093568,160.9657442802918,143.38879693862083,120.0143976073226,131.60687968789074
117.64930447253252,125.17705763259556,118.45074666634258,124.7785531760108,122.6345475184052,122.37373831057016,92.07941646835616,84.3983222411494,89.54062694202025,133.93444015247002,169.32999908594545,147.10657699359143,135.64766092862854,111.66931733037214,124.5245763466504,102.2839240396462,99.66941615660204,0.0,103.1824886368504,82.97677180181725,98.9043605403848,115.31117417944886,121.90604165597895,166.70167403658718,160.55342880062585,157.47356772543807,143.11356728326908,152.95237138736675,98.5106813851716,156.52888843843493,149.68197692846297,162.71656837127824,131.44615034456874,84.15527779716143,126.41797486583724,109.5243830276642,141.65508289480317,140.35539869826297,128.64107090783693,141.05117160499714,122.45696371182648,167.95773115272115,133.19941344617243,169.54537930717834,122.34183716580664,161.44336531940195,145.7126890619588,138.63893154197947,85.43234898630972,113.09375757912004,131.03613952059624,85.9972614174814,119.98877536489805,152.74018851218818,115.21494902431256,111.87828441555529,80.2963156374602,109.03530352281729,143.92609201868004,154.4599100033629,150.9412736023702,140.86148154164198,109.01143707317384,105.58510417933373,109.17584816566811,122.54279205765653,84.30458820332902,119.57011655459726,98.00766923344554,38.816393838497135,97.88335814941225,130.96663893426555,116.47506405197753,93.54790683591835,116.4703414004659,143.66140883256986,114.40127187682496,141.1280914355265,109.21879452577032,157.38422778956624,137.1602309503438,131.97916650030692,120.79052113780337,142.87609933898415,143.27422904401914,139.46893639607717,148.69322855262402,152.43838790810588,102.25218726331894,136.01056947847016,118.51105445443666,126.37987630853316,107.61885873781812,152.2009888246775,151.85119843509844,151.48764482964788,148.8382850254285,136.73682715619552,89.94936772196272,111.85103315196451
162.62205515531906,148.9975972877503,147.7963228562502,134.6545962785541,155.1607103906819,148.53385046502132,132.00024201695845,143.00678078358027,125.15456001583316,143.1035045398849,143.71107479162097,129.30908090610788,110.39255986970386,112.8197277590131,125.70110994577811,144.37836683545032,69.3854521356721,103.1824886368504,0.0,121.35868526642756,101.2594216027785,106.2877015971812,143.47569801630777,146.40574934142336,169.48529608884903,132.87512885726903,117.3781016814392,119.21608121777771,117.6878187153377,140.9128389011118,170.87268091990464,171.37415853158578,148.18869552292296,92.51658254518075,129.63927052465797,133.03080092011248,114.86162167893904,164.7300200093963,133.60444134502086,146.2827211639923,121.87049253003173,152.03774064654206,137.78221883139574,157.91165380520926,131.059984055231,153.6925216897773,149.1494608785001,148.12033668668005,142.23488407556525,133.11330024480876,159.42761314759804,128.7229590176988,143.08327218969117,165.3144934336037,145.8594723921431,146.47192071915444,124.1566337618109,153.4184278239616,156.614047594047,122.01502567049776,131.47179347303228,120.27114847687204,114.79313990692606,105.2515468749791,137.49553510446606,115.88163856116653,121.73594485236552,115.08454907667586,96.3828025164718,104.22162462947028,112.68922178361784,123.73796884823076,126.51077153671832,119.79929040706898,116.67537303964598,126.25721138239744,102.39048152930204,119.38468955371306,140.20816844898073,165.8219222955348,91.37757545131738,116.60371300250262,137.63491074783616,137.53781852034425,127.04766388192368,135.05722204366708,125.96209402062384,116.44556523272146,130.0698741391344,115.44772659364376,153.15665493269273,162.37031631485036,131.8818783398699,163.8566682793945,150.34154053851782,152.82776761356428,151.75028944944214,144.0778266110671,139.96701250496233,131.7017398972137
125.83482800082534,130.72949339219304,116.06868314302396,137.24935831071895,130.79660993933436,117.04525979723452,102.96748187940663,100.75573548751257,94.7991625542124,108.47987137663858,157.88594010573746,138.89906728342535,136.5890067304703,111.27533840782796,119.29572712464932,119.94292121924946,105.18344139695742,82.97677180181725,121.35868526642756,0.0,97.39663766589577,97.20347639937876,119.77868449396206,126.48858742741685,151.2142417238504,139.3755922048972,113.60316613334588,152.38517745613325,69.09143072603267,150.45113549257044,161.83485915469976,161.40105058959423,134.40407787946384,98.61953727608436,97.02262087198524,94.88335002690836,120.4621880836028,118.43980755662136,118.0989556148008,118.80702141096306,109.3851393757741,159.22965850544617,113.30869547403113,169.58662383619404,106.14218405133349,145.93441328154606,126.53393387357336,125.91674718894868,93.10617966491068,97.67710308202166,136.5295891444973,101.79735480201064,134.131065414371,165.26124738854605,110.15519275153017,118.53169557040847,96.37940998280844,127.0717898572824,130.5668476544035,145.3042675755787,153.75921339722862,130.0253278673208,110.58695642974176,109.48909721200954,109.3106374968832,114.50021680873024,82.81943167389413,115.0658836759336,98.62049055417025,81.89414177856008,80.62381329482858,106.30427647270386,109.19458286977674,86.40680033267901,112.82248698508248,140.54122484445045,85.03620006971296,145.4657350799222,112.85574535403634,152.88453878131082,124.50269784126412,104.03244539942855,131.75497398406202,154.39071061220068,105.32717017317508,116.39650591201348,119.75655910981348,130.0040430503057,79.33050011672135,104.83738841989954,118.01774718417796,132.24117752609976,110.62096756838422,167.14944068716022,161.00076955610123,140.9624297129029,128.0232430236087,112.65097123390882,99.26565849744276,99.72232182285867
152.83523486429647,136.6049742908905,130.095301533963,130.0503878199978,137.29071549075124,137.5306343688127,117.39533093340889,123.7086779269913,100.31866501417784,144.644368766964,168.7849782117912,158.02254424451496,115.68061423839868,67.56013953585476,70.15495367316149,140.88865103436527,118.04350698392857,98.9043605403848,101.2594216027785,97.39663766589577,0.0,121.14608469580708,98.08992205731585,158.99137846930012,164.71446931440877,153.75466537241033,110.00920013740486,130.71144714587157,88.65127032656144,115.16866537228402,155.96587303329596,169.543219398214,149.44377214646363,125.45240612387748,115.16352921022654,143.60963138711102,138.09243267522243,129.57228619328447,140.0319892950361,144.64460177590172,135.89150686391622,166.57780076872274,137.1066303011297,171.0599981418394,120.59803022977002,124.22090180104178,118.72580431371952,111.52173805268023,136.98078526395065,113.37204503439884,162.31612728045548,119.78991273741974,143.74420790309242,155.3377634421939,132.76722044945382,139.51127983164395,98.24245810629682,135.7980593262581,152.53586395706327,164.1796350542487,148.9908707135605,111.53931788127971,57.62368591409824,64.24668024333947,82.18928868000499,69.35750346690955,117.37322391364278,79.69870438565317,88.63349739037946,84.43143614473163,59.69966715380484,97.4799167788246,86.85622881367176,127.51440351001472,107.7055343967853,154.66722503352634,74.41790896126219,112.22140621178748,135.9832926582909,169.4366263524767,137.9883707880877,137.79088732875647,124.54073850323287,130.97613562273574,98.56840567108024,112.75669052675757,145.99409894030313,120.88672760180582,126.88866640528632,130.50198380162743,146.9981525319052,152.38910077594358,131.06522428928767,168.42357265600077,153.65104230066453,140.56130514998148,123.49667005933397,118.87707812661908,130.78993766397582,111.68355279520324
