0,1,2,3,4,5,6,7,8,9,10,11,12,13,14,15,16,17,18,19,20,21,22,23,24,25,26,27,28,29,30,31,32,33,34,35,36,37,38,39,40,41,42,43,44,45,46,47,48,49,50,51,52,53,54,55,56,57,58,59,60,61,62,63,64,65,66,67,68,69,70,71,72,73,74,75,76,77,78,79,80,81,82,83,84,85,86,87,88,89,90,91,92,93,94,95,96,97,98,99
0.0,116.86088414162478,110.08423532812652,137.7187425337504,136.990050046719,109.20046701333035,133.6939777809397,132.82625507530778,122.60665953430812,132.21729909423047,131.19833625555825,130.36327601048745,127.66878751816274,137.38123466120643,132.8656729140036,123.9997781388198,165.60061794100892,137.77457419461695,150.4159247501608,120.53271499580195,144.89160768051903,155.63466774097844,134.05642115119335,154.7320578607946,112.77031798250046,143.30340125118082,144.95683143336814,148.25055322030963,133.90432901426806,149.646068558538,128.41113899919583,113.96547945668934,147.51348408663955,138.25910734616292,147.94551332687325,138.96020493231265,121.1205500534536,106.68795584835414,138.34705416871662,128.6035562464371,123.43574794076564,117.36811693808218,132.32163975980257,129.7912723755189,135.85361288093793,149.96067742182873,136.68393275543696,130.17042394920642,115.4949432489156,119.48261068809651,68.97202145186228,114.08639450865071,111.89655228432515,132.53804983102953,131.2796585464092,103.83718562290969,141.2073837023596,134.46539916880624,136.0641663301414,129.79602921057088,132.7676681091403,141.0388434174352,138.95422320458778,149.02307186355077,138.07181932315063,137.25320314291187,122.87464583834056,157.31715893134285,156.6837657678141,142.90011278340384,133.88892245990712,144.5808857572478,148.61549529960593,137.39489031529112,168.75333520657938,151.94783027411637,143.12102589405688,151.9951174990004,150.01109051845793,101.52637929415688,165.1059700142112,151.4553535741043,150.18487339013274,164.36790541889476,151.0553507642375,153.98921776153492,122.65580216939009,138.08641880966132,128.14204402643736,154.74423820735615,128.20726799748087,112.79966974796514,134.7033166991365,119.41359565462449,145.67885521483527,116.98424258481772,151.03979524843402,151.17283444868434,117.50631104768172,124.08422762390887
116.86088414162478,0.0,65.58798869499847,60.88185431042078,63.42807611941845,102.8480552196169,106.46160062559544,112.95104034013367,92.58330970386088,103.91017188457374,145.2407886937158,108.48609216135624,105.91026573946154,114.61812903962844,92.29693628669764,61.17521342983984,147.76501472109695,94.79791527770172,119.90021799284403,107.86466092270264,118.55165555204375,123.57735489339848,102.97450875896268,115.8295784530325,123.14466109070833,141.05008824432548,118.0078010878184,104.66097451674403,115.46383434874616,113.36220429013932,145.59906978891263,79.38939948046868,128.53159643729717,92.3381994256311,116.7099121474398,117.00147671369145,120.76958542784384,83.41912156103479,80.41193886864957,112.45094660647013,102.6246214503016,110.60689091808862,103.9558555520683,126.9851252965519,102.24164159632846,112.28334062390913,118.08941902393308,117.0014553678118,126.93092823658615,128.8100833038846,124.10400979090704,49.99855823395603,49.39006635417954,69.1069673427567,80.08877862782677,95.40912597517136,125.2759843740523,109.68426621385784,122.77605148203324,143.7853942843475,103.18717503138524,117.51498051706852,127.4823148239442,137.66323811563535,100.56036824282188,99.25777705615756,96.90146934217434,131.72051320976982,104.58222129372372,101.3282018782449,89.91080582032322,101.96682545043126,110.72635003928788,115.77182477371122,132.1533853234974,141.16080724703227,115.0232985115288,123.56139043787974,155.4814057836435,81.23450820997205,125.92029452769944,94.87896081066548,96.87584939004236,116.05557340854988,129.92518121591996,102.05044173747248,119.48188551160068,99.61138983621308,102.59375449104525,122.4069078137226,139.53932018727625,71.82267489900778,91.10883742373436,74.02534028175405,104.11055487367284,119.30259057549178,113.68671344071883,118.5551765279479,115.11009595378437,115.39063954287607
110.08423532812652,65.58798869499847,0.0,88.08756678682873,84.35746458599237,65.6509987737578,99.67817779946162,80.26067912251816,76.31800520016562,93.80513920534568,132.99252063625045,103.56158486810376,100.3059005617481,110.94737058628964,76.56350096579612,58.46370209714173,155.02026822065935,69.20055372487582,119.11360799766904,85.86257621184726,109.65059230582084,121.9019055676479,104.76893207336164,104.03490251143768,135.8082771309603,149.4282411104188,108.4708070341994,92.84249630043824,93.48296734513696,97.35522603980036,127.80800631106884,98.79534230198558,112.88496339406652,85.25995164870028,112.38816722455653,87.88361304625076,98.76620415233448,71.12181222483565,69.23884687144488,96.75957470636688,74.31606267573403,111.13811917884644,105.64933624084335,106.20203367100764,100.68658857557308,98.49638668502644,116.01937334941692,116.35935101792325,101.42249609724088,100.6199930948793,123.84287616117206,53.88181941069722,62.8208281074138,90.02614187253798,53.19555706045479,53.21116718197614,89.95848149596323,79.58609993164737,103.58688127246296,128.35335217143555,92.1501937899329,98.64596115688344,106.69363521834636,108.30369287079884,80.64359309910222,78.52728170956058,68.96142192418287,117.11539728659228,91.46806199870164,71.17319179015979,64.23040259845767,87.95733127821853,89.32458858707119,89.3542487737762,122.3862668414049,148.48835247779837,93.14551828235676,106.47671471436637,132.95116983232646,99.63666729819502,112.39099562897827,92.92274823546236,87.88234658621138,101.68635555631606,104.19331209095898,84.94460795388818,98.56121474909487,86.4781357396801,70.96277122781282,101.71119315815386,124.7668667336043,71.95477874937615,70.86122409564612,97.25941806760368,109.0410135421384,100.40066726316076,98.35747407565704,99.37415532520068,82.27385296578508,89.3581555458912
137.7187425337504,60.88185431042078,88.08756678682873,0.0,39.10990271417596,103.73971760097072,100.86255402894557,103.82881590929652,90.21886554267722,108.24880027577277,144.68784446688716,128.17782856516064,117.77436636641328,129.1291678682668,102.26891360886596,69.38471821360133,154.2361742724257,91.93506271048176,134.127395569785,106.579916093319,117.31234589272148,131.39340354878627,124.49399470567126,123.6187262567101,129.583890236244,156.46990916683,121.53272601540196,114.80385247140076,123.32003527837668,116.95628579738175,144.47812985889675,96.5478248320607,129.13765584188909,107.38611664966848,130.02041295873389,102.67002751998272,132.596100917513,100.35646363118448,92.25444195125354,121.66927537570764,110.08696396908712,130.67118214456497,127.32382117453164,125.23870599003716,115.84193254299696,113.56782001446118,135.0897897096491,135.52602009439516,128.5579809833787,134.26008947123222,149.08126172686963,78.10695677895791,73.62912327931014,58.32205751867792,82.03140929030778,108.02345819659638,118.55140210789791,104.22645035821056,127.09981152316551,143.62160491940256,108.70391512636748,117.8922172822534,134.39311108725155,142.19872290673106,106.74538718468771,115.94912244114208,104.22240789535554,134.99443977398715,113.25511311607625,106.55833023986388,106.31971301234748,110.04826544083154,117.39023528851,126.4219855927266,131.34745454105408,134.43240706959574,126.18656662426484,127.97981429447336,150.2271173508089,101.288738541535,130.09658033034393,113.24198315258629,102.80023864393942,119.9026843520614,122.39533797729506,105.1131931115872,132.41640681405937,113.36178509832962,108.05938822058846,119.02154248407044,149.7790194048032,88.56058969342703,112.00361841751312,92.71000049918722,118.42524497809566,127.0123748345652,104.84160857059416,116.05692531437585,121.9949625416554,118.90383230917809
136.990050046719,63.42807611941845,84.35746458599237,39.10990271417596,0.0,103.9686951368696,105.18940834188754,99.87389719342336,84.84415559527775,109.26888217855904,145.2761446700821,128.1319041882906,116.42624911576178,122.83291512618806,104.08065931307024,77.96208096503925,156.13119464770213,90.72186635739844,134.55766453635604,104.77864485316476,124.50650511053075,137.2961961371769,121.18620093379783,129.11379437982276,137.655449431139,155.36251927970886,124.84298978425004,123.65495087613584,122.570297099929,123.89653317366069,149.24414004637586,95.60836959240524,139.74179702705317,101.6345230737296,130.71754020624633,95.58620109642564,128.0344162612251,94.40157247544202,94.49688154083702,128.39297325160356,98.460999500632,124.39563826617862,126.94412066341096,129.8959193970667,121.02465486374436,116.33660996028628,123.19428382496574,133.48347347062605,122.71874477260484,121.49050484712204,138.93028895998387,74.17163737139933,66.83492128425793,55.43265875358063,77.7513746887262,106.30757531260362,112.29828394803717,96.464644505774,127.82311801623874,146.73070024334635,111.47300496514906,120.73614866838469,134.43896915779305,145.43176652780943,107.32851662534496,117.6126704782836,103.15079980848112,133.322117344452,116.87711428993872,102.28682873655652,103.51074900598044,112.40848723997422,124.25574993216604,125.1031269961624,137.74488946568795,143.24796620928907,128.1084153996411,137.22500812918364,158.47236753699215,99.9005413693177,138.6521846149302,106.79075400170132,107.50024601552168,124.6062789262196,129.16357416075638,112.36256158928464,125.02187139002736,120.13112343109738,101.19462661958262,119.31097240772384,135.90453693099715,85.588770022771,110.11501261376392,100.50135035064274,122.20973702656966,133.41326210228104,111.56115536903864,118.67547487702716,114.06282300153326,114.04133602420228
109.20046701333035,102.8480552196169,65.6509987737578,103.73971760097072,103.9686951368696,0.0,95.0102714080914,69.21793482154153,60.82083274528779,108.7095752604555,136.95535710430454,121.4270367592078,125.57372251406676,125.66182344308176,98.93492619704205,90.60169757266796,161.0645796008694,70.11559945605268,138.06976622800758,95.944338252835,109.51887048994402,135.93197346069567,119.96256499145515,118.6654747697903,137.53095682106726,156.38600097404995,131.43778497928798,114.8672685356182,102.24276155658902,116.85383139730224,128.7219820472854,120.10653730317074,128.86205517386185,118.82641342392648,137.7591132376636,67.42577232016504,114.34966018392048,105.1989529582902,109.74446431826615,96.26046017388484,99.22383612446566,132.8396929773922,134.9861267767488,126.41730237396396,124.1662449112142,128.42984573981153,141.99875361236968,127.99358500396671,75.23455991693847,99.51385490368756,121.42508011378732,95.871781632643,96.61748619078308,108.92929190834384,65.11465853474635,50.95682166712077,84.2261788044924,66.21182986047643,109.53726719957172,133.02680973376596,109.2430858660998,118.28749406087984,117.94882269251931,117.96204376330262,98.7544358091155,112.07155480546054,71.98248983835455,122.48370907178318,113.87658656425694,83.04777677900987,90.90238598785128,107.699899600154,109.19687281035148,95.47486434241584,125.8931625456502,143.8059377944964,104.3105794169564,122.56902551274626,139.26263100945602,115.75190725148802,124.02833191125347,124.14055457219418,114.81523881058273,122.7717440631244,120.16844014440484,105.07739009410297,109.32786433274671,110.94604099368512,72.5409903490258,113.32701794717826,133.25126095677422,94.51609461513036,101.26266168231126,113.09243232684604,122.25212181356628,122.9970850227438,123.21505519456998,118.08575067637533,67.69617475655372,89.92220969800294
133.6939777809397,106.46160062559544,99.67817779946162,100.86255402894557,105.18940834188754,95.0102714080914,0.0,88.51159101781903,108.72088982130924,105.92753676785004,157.88025240478555,111.65645395136718,120.20300199694228,96.069318078784,90.79609403010512,95.837787251999,115.35211841032311,82.64453993360752,113.0331662607198,112.7454397097107,64.99413624486169,110.89895237344447,101.60378044585642,85.73717417301475,134.33042916059225,139.1114035913905,121.07034534559094,107.8827795021677,113.17908971209356,113.74805307257488,149.29471049887076,113.01774332215248,110.52974358487796,115.48245206007503,128.44098275989188,116.21241837520031,143.8314180468746,110.77577851381348,102.52195459751036,60.47812648159178,116.89394949365447,126.39950008006164,136.01680113956883,137.26694860829542,119.7618341668398,121.44302062307388,132.3596544850888,116.56813545383147,136.85079786114545,143.94806655320778,149.1791577442053,102.03166832044896,110.21907666998996,105.231274554756,100.75559987522108,107.88074531439028,96.5268287127182,101.06772426735918,135.95243992365312,150.1274747449281,113.38451471732012,110.64185066787256,109.7006962073482,115.8335630486081,88.28385930930577,100.1278088702144,91.59641818535104,94.74141671055904,106.94670291173314,96.50255248380384,93.699183504253,114.27920614156716,104.22039261967087,100.80031775422287,107.66742628649718,148.37497044346688,107.7145950595848,128.35839265421512,152.14058115111578,111.83803834324888,112.1724486493776,131.41421469974685,120.62709076261106,126.09421499367126,131.11568679070922,110.67418488585452,137.70476604935843,121.13700301951592,110.33731856338083,116.570566928225,157.48740165315303,99.18812554154717,100.47316576395473,120.97109740566768,115.14906297578564,126.8015530236312,121.8075208851128,124.7577452915661,117.3667889426288,124.90762328362132
132.82625507530778,112.95104034013367,80.26067912251816,103.82881590929652,99.87389719342336,69.21793482154153,88.51159101781903,0.0,74.5624147110272,115.97690105172674,135.38232199212223,123.02930603262077,122.73548557689328,121.62203918206342,106.03177460592528,103.99387735939116,163.88240056068116,68.23573268485495,139.6879814371058,103.06842040284955,107.4064660742808,149.55258905794702,126.76331364774184,125.90076249524408,143.58684413153566,162.10960172909466,132.5485719779922,115.70193291889322,108.03604561690192,123.2076868900071,136.64119367743433,121.19087479631968,120.3011196447903,120.12956798096414,143.43419111552282,64.29544490623232,116.5432564400694,99.64173942625987,109.31466893535344,104.18210056224436,95.68931592851962,137.7697043299802,147.33694727063062,120.4232997940642,126.94485309445808,121.93318253930298,138.67830922217956,143.11533300557625,99.73999805766825,106.8593144021212,138.1370529477909,97.90469614995192,103.7599240238825,98.27195572306894,60.18160847696942,74.58787129229752,39.51286919765823,34.51433748339481,122.04482448718586,129.27581296496516,113.90037785515082,116.32722756193952,105.28082016777424,113.18805532246712,91.58344433164552,104.44852925980474,85.32156639076992,123.41321612954836,121.0707365473322,76.51096424635848,92.91921743339076,111.55337640875342,108.84500734098464,107.43412905746398,127.34168062299888,159.03480969470883,106.99341516582732,126.5368970560988,134.68989365113137,110.14006327966014,134.0495690193286,127.82237109388416,118.80180028017398,118.2222870055688,112.84530022320564,101.44696201443509,111.68941279847976,120.82687673145564,74.9376197807069,115.35067376602991,138.56335021081426,106.08461040692822,105.82827070960158,132.89037545482412,132.12995646528276,127.7189173914198,110.8556692947702,109.18701984295978,73.93566699975696,94.15453794102244
122.60665953430812,92.58330970386088,76.31800520016562,90.21886554267722,84.84415559527775,60.82083274528779,108.72088982130924,74.5624147110272,0.0,110.34216579445524,131.16512756841496,124.29318972834834,124.71827156877816,130.0728809765832,109.34185396068747,84.90177072957547,161.92622624533735,74.26250872473514,142.20694096821398,109.86070291805852,128.20328312021724,144.44597030544844,127.32889636795542,127.53976237462864,136.43191256206967,158.25189544308955,141.65619095974432,122.47192410092276,120.02607148095254,122.78662966819002,137.30183183274693,114.25971065151792,139.49136624316017,121.48480460084414,146.19238932901456,64.93635228658871,125.81454316916648,106.06574981655788,105.67784383721254,116.2407386975685,99.06434019848214,124.76647870639748,139.4853727040579,131.74388769051657,127.29059842839696,131.6034292670201,134.5601809098235,140.33327136335822,90.87798942556108,111.74631320993814,125.46994746166595,88.77004217624136,82.4634401700366,97.53273333224595,61.802749014019504,61.0018244493015,95.60540006178212,58.33439210213689,118.99402354308629,129.15641593150082,108.7126298485654,126.65808055798,132.23884320820105,138.04050324395138,111.35366277508152,119.1726731380491,94.7355316853895,134.84560617363698,127.33392732295086,90.57977787463344,103.14176443906472,116.395668661408,124.81914366581124,112.36273737357992,132.84812852098727,139.08899957486994,124.3245162981254,133.10325586134104,149.11493225288268,111.62594836071636,135.6039802019385,129.19691211504897,119.64357399744074,129.07543252298967,131.21832979722427,116.5380812770706,120.45506828826876,120.9141376214057,82.97678549752887,127.97664244266292,149.11847369833612,91.89154079614232,108.30834939720408,116.75974420802764,127.46848139165115,136.02173728662305,127.9957906781048,123.74750735371188,81.40792753952533,106.00176078027704
132.21729909423047,103.91017188457374,93.80513920534568,108.24880027577277,109.26888217855904,108.7095752604555,105.92753676785004,115.97690105172674,110.34216579445524,0.0,116.80426509896544,84.84642791391921,101.75197185498124,120.8709866239333,85.55719746744197,86.19600322299723,139.45284146821146,94.11915752865691,122.59642537752713,123.9666081951334,116.55811410601152,109.78183305104658,108.6340714195244,90.61286286933569,111.96979648423633,133.54239415042554,125.53543230591546,97.38881148444804,116.2102514713386,77.03165909577044,127.40272346558076,121.76238351106645,131.82291619375945,103.72520711179794,118.661990748329,101.60094862095023,120.54289305281948,104.89694003491913,97.48030848310682,92.132711129893,117.55019659414076,117.04697173028192,121.79086853506423,143.7927403559866,114.99093229486242,122.79363702760811,153.77985379535562,132.4258425949588,132.26738645549688,138.0423381175242,159.51300890647906,102.85907428250044,105.57702590030806,111.57650517611472,102.80608192619806,106.07862162728998,116.58498650105491,111.1469499922741,68.73134956454741,119.62820593628744,66.36052365536459,88.70849558745596,121.8377303878311,112.84118531264568,84.98666528200974,93.01913783888992,99.65036483098596,97.28554704357376,86.65427612202552,85.3072438570814,90.32035897839668,84.66987708621761,85.67699831726776,70.86548619596685,87.45323481623154,119.45813237189,108.7651065241783,92.13251781465992,133.21493190582038,123.22228345977533,92.4610937644461,99.2543595130744,94.83397147925066,97.25807737589471,116.15696001216924,86.05082598946828,119.00475047948048,98.41836403056,98.08581829952848,102.08629025756684,151.00549437177003,70.48892522928602,86.40768172581207,101.1192835031254,96.37678103026066,130.71155894303843,104.15037200501678,111.56517566659384,122.44222721324952,121.81440286664473
131.19833625555825,145.2407886937158,132.99252063625045,144.68784446688716,145.2761446700821,136.95535710430454,157.88025240478555,135.38232199212223,131.16512756841496,116.80426509896544,0.0,124.83407808871152,130.24792715401605,150.30322799716234,139.9793226581636,139.99038957246543,177.90054655726152,136.97828788790838,162.65754580671717,142.89479119369892,160.66707363894884,152.92345126184216,154.20829062205814,154.57277038899463,115.75655230788828,155.5665493136079,147.75600614399056,140.3148707967366,150.9755165642015,133.9883228080509,124.28749235986972,138.6516179130778,150.64284241373986,137.49792132954977,144.06722832589892,139.6491510284534,126.32491470518572,125.37004647040928,144.30941770963068,155.69362848990062,136.6744733984172,120.01682039985812,136.88158758436646,139.9197703069589,145.74594082290395,142.1528148045519,158.76701751096266,156.54135188315138,126.59799095926688,135.99253351002164,146.12862821776588,143.93833483175698,147.90632218143048,147.47856126474494,134.31595974764517,126.41895442779436,141.51585584056858,135.59746405971327,112.5890541649742,89.58418519747278,111.40474258252657,131.78199695187843,149.6672729526199,138.7264725560862,129.20425551304254,134.99610953660718,144.16180129085004,147.73740824734142,134.33547026767053,131.14377898761552,138.98882563923675,138.8646596225279,140.3725214516997,137.8861863537677,148.8756438381517,123.4855746535822,144.25466600522932,133.1189554075724,133.62076967405466,132.7852886256987,150.67607959750586,129.330757238031,130.0719968397613,134.2204132387336,144.6359225973676,140.7320952049805,128.40080908442627,134.5913259922127,140.0868194700169,142.2198311055442,148.27681127681507,129.38019144690344,143.5243016530149,130.2121862866477,145.72193293871672,131.63790832223748,134.8283317503737,135.37600554917788,130.27056908737688,143.6991804972792
130.36327601048745,108.48609216135624,103.56158486810376,128.17782856516064,128.1319041882906,121.4270367592078,111.65645395136718,123.02930603262077,124.29318972834834,84.84642791391921,124.83407808871152,0.0,83.36258193892758,99.23368298874888,85.99578836520774,104.2260658838719,113.7468632923319,109.8749811403292,101.7544107466242,130.6314514440462,114.7064700931018,89.76101200582406,89.26447988740614,77.51499915026741,126.93192427675596,95.90100682580383,123.4522260675358,98.65014966629715,114.51818722967349,109.59811073952925,166.63460090854443,117.02471289227935,145.07971584234025,102.83024163870245,104.0594485341313,129.5689181875457,122.09151705372024,103.83428963454602,110.62558154456885,99.75882519696398,124.49941584413388,88.29452495793491,97.19306966844871,144.91548175969442,103.7449037009488,133.11473619433505,136.36255648007966,105.90500758606804,143.97673189122042,142.15123633009756,154.4552898516988,108.1687750050997,117.1972871125162,127.06653227522202,123.18936919556498,124.43350434250942,130.69164687733306,121.50191358020216,116.11467424518575,134.127131671087,61.8360203757836,96.93702541859028,115.96280241908973,121.08290838106674,84.39887076632206,94.28149692702664,114.47196803934764,83.54201891043752,90.2534870445215,103.6657043532028,104.96891294163343,73.5007348217423,93.84144175067073,98.17918010162607,95.4480007969048,133.6542030084665,97.02865098226388,104.37134565037331,164.8669515821482,109.68031876488529,94.6485367207815,115.34903987969952,112.78646929528814,106.09537273655718,144.07479996824122,99.729249710561,108.86837662773736,101.65325511495232,115.1207126834458,119.73207771199202,164.8522243015132,82.43438647670862,102.51983935479495,99.21814066525896,80.2389337352274,133.3374383461581,134.32602859478718,131.48207651178933,128.32205836192975,129.18068188397086
127.66878751816274,105.91026573946154,100.3059005617481,117.77436636641328,116.42624911576178,125.57372251406676,120.20300199694228,122.73548557689328,124.71827156877816,101.75197185498124,130.24792715401605,83.36258193892758,0.0,70.17078481963753,74.55234045763976,101.62331989914516,131.51157817886408,108.33776223495208,104.56183609577585,106.52449342985705,111.43019872319252,117.41827324256822,83.40630660890884,112.12531874203763,131.5269434729796,130.37732679552752,90.5956591725604,109.36705914212106,102.98050446724298,102.24728729472832,158.09533314902706,96.09266071693766,137.5312366253383,88.99286284563328,97.81812742951264,124.77735841368948,95.50960644872622,84.21144139184722,107.37308702928476,118.41144833389448,106.89412789582492,94.73611274448822,95.21487740426689,110.54108454379096,95.25841274743948,109.71976052927354,116.72139201202025,104.68332716001868,137.40350363021258,115.8553487595194,140.91471090074265,89.71804822270593,106.40972225125036,122.76608770001954,119.2985480951184,117.8342985400085,121.30207803130224,120.04876926579212,125.38062332646057,135.59532812026714,82.37636013173415,54.99178600091341,85.1976485981553,96.97780897093436,77.60756426626298,85.21309502398083,104.3795494125222,97.57932478919108,103.62905373877706,105.17213310693654,97.27916651082576,75.07175784459037,93.92782356410235,101.79854287059052,123.33728470910478,155.3112190129122,106.12446771014214,106.85195874420435,163.4860848633018,101.96742010427552,117.97442795059992,113.21959822194424,118.86405499256225,119.00542252702924,125.14555356312518,104.77868156462208,98.37063003948482,109.8487491474284,113.65719518414276,110.83806015120317,138.92476308207836,87.0743089426413,102.15582074260492,116.74307240693771,110.15061969428292,106.1489111820911,116.77075975266553,117.03054804501072,129.07704520794326,117.37858023383916
137.38123466120643,114.61812903962844,110.94737058628964,129.1291678682668,122.83291512618806,125.66182344308176,96.069318078784,121.62203918206342,130.0728809765832,120.8709866239333,150.30322799716234,99.23368298874888,70.17078481963753,0.0,71.95260358196346,119.19012639439322,101.89621976232766,108.19968533026493,87.84760608852602,114.92174187698686,84.69202236767009,110.7471926285681,59.68365541222919,101.16658862919112,144.47771610183605,122.77487179207937,95.41781670920908,98.82655848897494,98.09059525601576,101.97440643608697,164.37197098213915,107.46903412846194,124.31061731972126,99.79415389375484,97.40830551788252,136.02723415664224,114.8735888755049,102.31804768615191,107.99645580993068,110.1072560341371,107.08994140830832,97.41893658065293,100.20338035832783,118.15151414754462,94.21713430651444,106.29628277706097,95.62846921269524,98.47106077022158,144.4640668042304,131.91673122407394,143.4034363974821,98.84419676615866,113.42486320425913,123.41910402768816,126.52826893514086,125.27069300722292,114.30164728010487,122.88484579204147,139.4672731492996,155.7970988429759,105.92432800124324,90.01560362584733,78.72629003872025,88.38953767587306,68.93529397043336,82.87235061077361,109.95848077186488,83.21418286877669,100.53733179183251,103.24132967717586,94.10080489943267,98.7804095417097,93.34160250761836,108.4055932567135,115.48683644571815,159.12090897304626,95.7006457478529,110.2537096692367,155.3107432976401,107.48003145434863,109.75041805282405,120.22448199479147,123.41053206835328,125.06393791013758,129.8580298160696,119.71901677703065,116.82744687096393,107.2173101415231,123.68018092102426,114.09988089640208,139.5293603394046,100.77781666436816,100.72301841665576,127.57536398223807,104.89690119679146,114.59085758594532,127.28055347343546,116.78599439030594,133.43652970731588,125.74282298421583
132.8656729140036,92.29693628669764,76.56350096579612,102.26891360886596,104.08065931307024,98.93492619704205,90.79609403010512,106.03177460592528,109.34185396068747,85.55719746744197,139.9793226581636,85.99578836520774,74.55234045763976,71.95260358196346,0.0,80.88817699665196,128.24070630118177,77.95895337089328,99.7984629442833,83.23478242313952,76.4553463693944,104.6671722628773,66.55411527242347,87.22223787633459,144.73825646474037,134.4669737879463,77.84828745696345,63.21787317627917,67.70732769253641,66.71494179799747,148.88939458851792,101.99946969866318,112.25943189764304,82.94634766445151,93.92122547064685,104.8597753262694,98.53063273773772,74.23776305116328,79.20414695076761,86.68147221170128,90.49088977183072,102.67282476208882,88.17286150809798,103.32689265637384,76.52141535563452,82.0768377419895,111.88991268390755,100.4821801168402,130.24472438363688,112.80770653907314,151.06309445430574,77.72831770196834,100.39314746225116,102.85441359800927,91.84030614998412,100.39652464189504,105.19200338551296,105.65107480600912,113.43483100694972,145.08779148683325,77.75986820814163,76.06029793609538,78.69461734478706,76.28467540958351,45.32803564338353,45.66001169778441,76.68338932362812,86.84846725637169,81.07657794905705,77.1109207982587,57.74468372837003,74.1473731504231,62.992553225827066,71.59421098169435,103.9658065539853,155.6307939545827,71.23978540686895,70.00373105107502,139.37885955584903,101.99328947319654,98.0354506701958,102.89409445678534,89.02535237478065,107.75372375365778,105.18625746728314,85.17730033555046,98.22894769521022,69.28501715998297,90.2639468181631,90.56345522769293,136.81584290923954,67.73045963509043,63.43941670373486,105.85424092307494,98.52422753138822,106.05655223394636,94.07805531372551,92.27845854665112,112.71426711310838,97.36411916173134
123.9997781388198,61.17521342983984,58.46370209714173,69.38471821360133,77.96208096503925,90.60169757266796,95.837787251999,103.99387735939116,84.90177072957547,86.19600322299723,139.99038957246543,104.2260658838719,101.62331989914516,119.19012639439322,80.88817699665196,0.0,149.42735529211024,80.31560666947755,124.9413533252557,106.40824612365196,106.61357224586231,120.92222998098384,106.5929277521961,103.8699811343176,126.06442563469544,145.50714072642108,107.23886131150032,98.9168066090976,113.15335296713452,93.73417765472954,135.9516715190973,90.3368428798132,108.04629579343576,89.86014693634462,114.70211517727073,108.7703475365399,119.10043905126015,78.3846214262736,64.35693181086447,97.53068663172338,97.13607469141093,111.07230833803884,108.35407728822172,122.77994799669094,99.3227948530863,103.68156934740624,127.9031143392925,118.23371470996057,121.04905328001168,127.89243128491309,136.7002714046048,58.12533112896092,55.75837389118928,83.22355383992891,69.19691180122086,81.1529466502305,117.7887065618212,100.62734177857442,113.19287375423694,133.65179301096092,84.33856049462273,94.35669921854188,118.95365910319228,119.0719384094317,89.2805061808441,82.20735317544796,92.89133980801788,125.14124535698048,96.16492961145212,91.26782507392564,78.28562417851882,91.59734246703788,94.25642899361036,105.26462100242308,123.13555713860362,139.2853430380784,107.588480022813,107.6327775762931,143.45911465792864,103.7336395891908,111.2491635394622,104.28849687137632,94.5668815233299,105.07511995423732,114.96513383656206,88.58134392830965,122.25645049454296,98.8872375536206,101.29429221531792,115.71283133136777,153.18288252437344,73.10039315414755,85.60061687119683,87.66443606567438,102.71771849562286,117.26322783849218,101.51508586411948,107.77209226409995,105.94809346388593,119.09925059420397
165.60061794100892,147.76501472109695,155.02026822065935,154.2361742724257,156.13119464770213,161.0645796008694,115.35211841032311,163.88240056068116,161.92622624533735,139.45284146821146,177.90054655726152,113.7468632923319,131.51157817886408,101.89621976232766,128.24070630118177,149.42735529211024,0.0,142.81309688198965,78.19190562093011,158.73109175024317,109.8011456104636,90.89193423507916,103.85783830419884,99.34206629438448,164.00494157619738,98.36869182314076,131.7351170735075,131.69291934334672,137.44306301671222,137.28547712067103,188.53791485281656,147.5846690327083,143.73106130481608,130.29025621425072,112.22545879929076,169.75358433112484,156.3755710500844,147.74141537258438,143.68243029767237,124.26779531755534,159.51868026549084,126.40065997083968,128.2870029686247,159.89201582080503,135.22584543273138,148.31466446295144,144.09505328339185,110.41162929779388,185.9809267897517,176.4723231924408,178.7625912621002,151.72112407324312,153.49716486571774,149.87268539754766,164.88528633514835,167.4805080332127,153.6812965692572,159.78794706397974,172.61621393153814,182.99683032382623,137.3577814845485,137.08222050619565,134.09348201733388,145.00495351237538,133.34803370648166,132.97515837131152,148.4834416772115,85.8911163490576,113.49842715975709,131.57239753112697,140.49891502720493,115.33811471877068,126.86388664221808,133.70739018228758,119.16374527144552,154.803083083329,123.95422636721776,135.85164310406634,181.4483607226236,143.75335047744903,108.84978460886086,137.90913292154391,144.070659561304,128.6972971016533,151.15475650489492,132.84563682520846,145.22131374634208,134.57793143209508,157.6272345654307,133.70609702739023,175.17767517060054,135.15091110305622,133.90152376060675,131.65314243044566,101.3657562012735,154.39756177865178,148.46999896724213,147.94921727679755,167.766486489253,161.27263190510467
137.77457419461695,94.79791527770172,69.20055372487582,91.93506271048176,90.72186635739844,70.11559945605268,82.64453993360752,68.23573268485495,74.26250872473514,94.11915752865691,136.97828788790838,109.8749811403292,108.33776223495208,108.19968533026493,77.95895337089328,80.31560666947755,142.81309688198965,0.0,111.07874035998267,79.66945464326427,83.71800207217942,119.91021060864566,112.308396434812,100.8358701903789,147.40416050662589,149.71838296613183,97.30294617861612,100.752440475406,100.17000771716562,99.6723929233258,127.56135869641724,112.46542505454327,112.0053326856773,80.44405684205852,105.51105206024292,71.70880085557963,108.60922618407658,94.47724945455266,85.06513422838952,86.51430665064949,83.30820319502672,117.580405276242,115.4532908864208,115.57972061912362,102.17492193891992,95.94400216943636,127.31581258056968,106.92316166750882,102.35809136141134,106.17916610904028,140.64733868125563,82.32506147122038,89.98884372005791,90.7337936037934,56.45084857209135,74.88890050183971,76.54252689690205,60.83742482004233,107.35042898813184,134.088323188417,101.115959406165,93.15972615412082,107.23609393773532,105.30996964651038,75.87498455484425,83.7306404667816,64.46100369289469,100.38203211056124,97.55753150600884,46.60743332273662,65.45444603027055,86.18284048239161,92.55902603138053,92.57812453952889,112.19226165967709,153.8813649890118,97.12923448818398,107.57224352897212,131.3667866380273,110.0255296140729,119.10455034648956,100.42698598190464,95.2877412165611,99.9383571440754,104.12979070447454,88.40706796149124,107.57230510975386,103.41843212254506,69.49737418215386,106.49394087395808,135.6967727088496,84.54828026221143,87.92059988763813,108.94306992275529,113.73581373660892,115.3441696840927,95.21192438737314,95.47558627638608,75.45085471832436,94.91736282151808
150.4159247501608,119.90021799284403,119.11360799766904,134.127395569785,134.55766453635604,138.06976622800758,113.0331662607198,139.6879814371058,142.20694096821398,122.59642537752713,162.65754580671717,101.7544107466242,104.56183609577585,87.84760608852602,99.7984629442833,124.9413533252557,78.19190562093011,111.07874035998267,0.0,131.94331838547328,96.88176697311638,68.61005355907471,94.49992816914492,96.69179013282218,148.41165166359863,104.57518849328606,98.38050404889034,111.36352602934768,112.0073551227394,119.55039489230802,165.3796286418426,129.1313534775004,127.86606219109558,88.38266318173018,69.43669742300811,151.00871437904493,129.2658192987626,121.3008241030692,111.42554400190214,114.7772191668302,128.6728165713568,103.7302951612782,88.99548487680508,136.56492452523375,105.64450389200977,120.3657028651813,121.20185993699492,80.64416499913074,159.9081592208254,151.38810364721147,156.7393458984307,112.34544736201642,125.60634380375274,131.80535601040202,136.9501860917,139.7292538040133,134.28604424848396,139.3126081609904,149.65089284859016,166.20643734054966,113.44872440155928,110.28838555672132,113.37702431702296,118.79133724649438,104.88454476162175,105.9912880758674,116.86467156986414,79.02896547424709,89.19768959619294,104.29596601702735,108.14031656043552,83.8138388782585,105.78763817307193,122.57471607054342,118.04899322687558,146.5117567497265,106.46363992317764,116.2165540157051,163.8051480643606,135.0946900291212,107.4584071713022,112.83282256637033,119.4574460557584,104.78836908977648,133.3697986251024,108.90771726774707,125.32609547608448,102.22052779501404,132.80676714739116,123.4180017500304,162.0762537437576,110.2061181383542,110.0678939141533,114.44849765863984,93.980149791277,133.30745736341936,128.3538554827253,128.1594343697782,147.68437467364265,141.80668415472246
120.53271499580195,107.86466092270264,85.86257621184726,106.579916093319,104.77864485316476,95.944338252835,112.7454397097107,103.06842040284955,109.86070291805852,123.9666081951334,142.89479119369892,130.6314514440462,106.52449342985705,114.92174187698686,83.23478242313952,106.40824612365196,158.73109175024317,79.66945464326427,131.94331838547328,0.0,96.72951823801873,140.8686472641166,112.99184613183392,135.85053054755315,160.07017325642266,154.18909836906323,73.02512624500181,111.07671284023016,80.62387387611739,114.5784447794012,130.131916689592,110.98527359450232,117.81058048521427,83.85895431151611,108.17678465833156,99.56800700525828,84.32007565181726,82.87132255250285,94.458890531685,115.96734043117344,55.98923299865199,123.63388490408988,103.07126937203448,82.88353538481621,92.17106584521926,71.70191676102912,101.4749957614182,101.23752875821228,108.89594969298624,67.16231391608063,129.63530786008073,94.86115159344806,108.5707949165692,98.12708602647508,90.34971909317107,100.64071567263552,103.5243693971002,100.49999763223344,125.03789369401632,143.81156391914007,125.09465797920554,108.2353140994091,101.20788653857106,107.2230831950763,96.35338457932758,89.23288951456635,70.8383108699287,128.95438187913587,122.55395710184936,94.09655384533524,72.47646819900818,118.98962414066656,109.67337802501768,111.1465451665134,151.0211258118436,178.6421137193687,95.98154151532944,112.01893944009836,127.9458943921052,103.18749696785753,149.20602960239168,109.42933034833536,101.35042500149086,125.97019595451486,88.56062263359021,113.96441875858682,88.36341007216191,105.97438474248696,70.41381446215303,99.31953743279044,102.58911418110084,103.1216805787098,93.3180294541207,131.6000084287416,144.57839429482055,90.66747844948571,87.38026091800424,80.15682687664776,88.22467190465959,60.77157879626226
144.89160768051903,118.55165555204375,109.65059230582084,117.31234589272148,124.50650511053075,109.51887048994402,64.99413624486169,107.4064660742808,128.20328312021724,116.55811410601152,160.66707363894884,114.7064700931018,111.43019872319252,84.69202236767009,76.4553463693944,106.61357224586231,109.8011456104636,83.71800207217942,96.88176697311638,96.72951823801873,0.0,105.8219562678645,95.11072343966865,91.02188308680932,148.6893649607917,129.49234971650213,89.6246057421676,94.54538152496076,80.77310356518197,112.41530624086596,158.46274691032755,117.31091599637536,106.39086253831414,107.8694073371052,108.9478262494867,126.87849856773956,122.44756417937496,110.68267784952442,102.27401583393788,88.38630674721047,110.45100400906144,119.63923760844924,114.1920178333204,109.86527995752208,90.76075978813977,107.01832216030172,121.91797023929036,99.38757541332258,144.39685016123963,132.2697045335107,161.90658324100025,107.31144720708708,123.69527737103488,123.53648437727466,116.84756456897377,121.47377736958626,102.39171814917616,112.55918575310238,146.63761759668614,154.36811969485896,111.08219674913424,102.38191220354904,86.33541214739557,96.10931674379547,78.8565502609778,87.35180419408707,95.5338058524896,86.13507214064336,106.0984962131609,97.75681829309818,85.42415317051237,102.32704504794062,95.8195304053264,104.099789200276,115.11894252059184,152.350946930397,81.79122893373768,109.95567728805716,155.54201672419595,118.8166770599312,113.141968175698,134.33162085018256,118.14997239316654,122.57038367463748,111.2771930783778,115.63222787269451,120.61888431678524,105.63609608327364,111.81122794388104,105.33542596951752,158.67896359948935,101.12385682104276,101.43104214027196,127.21430169691372,114.25592871749627,106.43256880958558,110.825358856767,109.14035546662448,118.67045359147336,114.3839539388104
