0,1,2,3,4,5,6,7,8,9,10,11,12,13,14,15,16,17,18,19,20,21,22,23,24,25,26,27,28,29,30,31,32,33,34,35,36,37,38,39,40,41,42,43,44,45,46,47,48,49,50,51,52,53,54,55,56,57,58,59,60,61,62,63,64,65,66,67,68,69,70,71,72,73,74,75,76,77,78,79,80,81,82,83,84,85,86,87,88,89,90,91,92,93,94,95,96,97,98,99
0.0,153.1368967985267,148.13742535140645,127.03406597646502,144.6775828716314,155.55872648598375,108.89365233253928,164.41544317683204,171.40607362021166,177.8315732547106,173.10984829104473,193.53681200113223,159.19924525235547,179.17066245611466,146.22700795319793,133.8141896821054,165.12089037486476,160.49812752358469,168.66046362653375,126.1890409891496,154.25679668833922,158.41455985445725,163.57599238359924,192.65212812236155,180.5247585916589,199.8371362271174,163.35853078523508,171.64878843433442,144.10955597686046,178.2730868967393,114.71256757769564,108.14680578230488,128.6347891752569,167.64164629242782,142.0777677896843,143.13029441842542,145.4348466000423,119.80604617847251,134.31777183330007,127.96602749607864,122.95418377449566,155.97563378251488,154.96149677776486,124.7160041614558,152.0788151391119,123.95681036638554,127.73223152198278,111.46767809905111,87.40203077485535,106.12443277276068,94.2100981417601,146.08805956626355,151.4831437026555,131.3457928267554,163.54351151381556,137.41692313917048,143.47776050806323,179.26682379408703,166.66401356597913,173.34509595358878,184.17524354347,150.8223364368721,182.77604748517285,150.41575359546937,165.4288486278554,141.191410171373,99.54225469561882,161.81919762667644,172.70978555967747,168.40911278730687,142.3922562787144,150.4259728976329,185.54007595063425,160.00146478178925,199.96950734370532,183.165475983876,157.0252339432527,203.7261100423005,133.3151336221896,120.92029168976364,183.0481631243124,149.1249075853583,168.8409644967686,157.09508765921794,187.60977671010363,137.00293755700818,143.74145001237454,146.25072408063534,138.19408848364125,177.17796467866685,118.08739097098707,119.4774210160216,135.77764920646212,135.09281482928645,161.0282900888941,119.28400620965672,117.70897719701384,117.56346567931124,79.04031762897684,100.79160497386223
153.1368967985267,0.0,94.32929762000056,83.12546111267089,89.89084313959391,119.79257600752167,120.27791364656444,84.33681652915223,137.31218759694968,165.43912894534324,144.55725716767623,160.42637302008046,148.83508202081796,165.6181642111628,164.74385051537146,98.39268967522268,145.42383217504957,128.43079820452903,150.0030667436328,157.7220297523536,155.23034032791657,161.57239596070227,147.39270473308,148.79182390761576,156.84343641955766,158.57375487468067,168.963643265107,159.4885323556248,160.1740443217643,154.12109630999066,143.96621746600405,142.71654896546835,163.90903654956423,155.797943989992,165.2946200333596,178.80302197779582,172.17645613822063,148.30351035875736,143.5561918864197,147.72629439576957,176.09576942166953,154.16841353446642,145.68333671974693,144.69307678683987,156.48986762808738,144.65291180767397,163.12783662954544,187.08388789192983,164.89864443687014,162.65493407338568,130.20842793301026,66.71488717241589,111.95238365227118,76.47451551463546,98.56666174413746,137.5224206991101,71.16351671876667,110.81679693199362,147.9568317596252,141.1918516676877,151.69686260478306,132.09452348325868,155.85951801355264,151.15131878601403,163.31789637273434,163.6814446414096,172.03462750933366,134.61612736224365,138.76205780264968,119.65331978367364,155.44467691496305,138.7466961382948,150.7956085685034,136.9116781303429,157.18858617228398,140.44987946188874,141.65204310135312,157.39877270179437,137.19552586440392,141.16125583133046,147.67149061132406,170.8426794906157,155.68637142366353,148.678574307953,159.66353075809923,153.14156721340862,172.28659132631833,141.38088569395768,167.37824300609282,170.27366660327257,152.68756754798812,137.81837307668738,137.04003701337882,147.9463667330557,147.03318390980712,142.11988509312323,141.73388106720415,181.7551267516233,169.02615343665911,176.3558180328517
148.13742535140645,94.32929762000056,0.0,125.67550799092912,115.09109668969656,71.69218637142953,121.03246768040182,94.06169364814151,88.63376846024138,165.1859548417131,154.0873866448232,157.43806956921898,137.42703658455275,158.4732653705902,145.54508860639402,132.3130467915489,150.50589774668893,135.2447802498749,164.9160298451309,135.00107370763928,144.98996358738455,166.35315001840797,138.68620712101682,148.66958993387522,159.1467234422892,164.11498175962555,178.83254356341766,169.28640634821903,144.26596510542035,165.25085846934752,146.26172028740012,143.16755815530323,160.50692863709176,160.77809443180604,176.7839198945265,167.40069735633318,168.90627690034188,146.19678074240238,157.19691794764265,158.87590447027287,184.737945044558,178.89892674914825,171.03598522987906,164.37740680142534,169.6265016439397,163.5802467329234,172.9245853715558,179.87258018888022,146.9106314759181,166.59235603124694,132.8389762433419,73.04078285074543,135.9124558653266,130.75270246597984,68.6509260271463,78.45825592007779,101.06372975739735,81.3217489405089,163.9498791891286,158.45363794381691,165.74122816373702,138.45445783110705,147.3363660836649,143.06491213665296,153.84396286222633,145.05012597258388,173.3321201921587,150.16984211203246,153.5019118081827,143.63307374919603,139.60905433567223,154.62482023159487,142.1276162548928,145.97650564267877,165.19881992303942,159.94806853550136,130.71932162557297,157.36474733932732,136.85721401670057,140.10462410682953,152.23808196364894,181.97482379141772,182.69641961639596,165.79536545898165,176.55794303752143,170.15693147967903,168.2544773889404,158.1722180602362,161.3233545553113,176.32399475978326,161.22849513839287,146.79154304611131,159.0139506888171,165.4135352847697,171.86409567386875,163.59041812036543,161.9178290654227,188.46342957145768,147.41692529414237,176.29391922137822
127.03406597646502,83.12546111267089,125.67550799092912,0.0,102.53879843369862,145.64582791493785,100.40630175793166,121.124830157634,151.14771859156815,164.37866644093515,153.04045279410764,171.84303924758956,143.7618120693361,169.86534976938745,160.94122864088047,101.4134153525352,154.51868602242,145.9837562325454,149.14544576300383,155.2407829825301,153.13203474935656,168.7738821603759,166.834532930869,178.3281002788616,169.7177570100721,180.78494188682853,172.90863389536867,156.28637391088537,155.6082301592543,156.16478414859617,140.89931678156734,146.022695010168,140.11723161221732,163.69536878336947,163.8013382203166,168.92146296408998,162.4672537563227,139.25115632552763,140.4667339963724,138.11970948380576,157.9350658071752,151.5051928759512,148.9422435414478,135.08982228072205,147.8809484856854,134.39270204821156,145.23857586009342,167.27094584549084,150.2687500196696,140.3201038341676,147.7796603025476,106.43876822093992,127.9340168994242,62.6157380969689,137.23031419041305,143.95861942320852,104.76809546230804,141.29831113533749,158.0929300078448,143.92596095255772,163.38082559194015,133.64781428479984,158.92204149972116,148.95786490288688,160.92596196458754,156.04027581796004,148.68228834063862,139.31687060115186,158.61746589280625,140.76198952235626,154.74029120893448,165.0400056260486,171.5101289428901,154.02804887633206,175.09516407798617,162.1939939442218,151.04974594536134,175.87175763644225,145.50885293667872,150.40646906458863,170.06092433544265,159.1282937663481,154.0071492762469,157.69416976267547,169.23648607700545,150.2033338387584,158.538740240538,142.14996259453247,152.59164321668317,181.41888585849665,144.87384052905009,135.8009140902132,132.21573154699627,149.34002927373473,170.16411441255093,127.30514591615643,128.58064474462776,164.17463594505745,145.5359268556697,143.80257903332975
144.6775828716314,89.89084313959391,115.09109668969656,102.53879843369862,0.0,108.45087899139752,125.9946928826491,113.4799403786054,125.83526893459654,154.92223850474744,138.80801096580404,156.5568242382429,135.09304161691762,173.7654914549923,167.03880192043272,123.0443486085696,169.4195862403381,147.24899663391517,162.46463307742602,143.8580891275855,155.47875105860516,178.52858905495242,162.30433587462787,161.5368973412404,179.1736878116081,168.98972702512066,164.2599382402401,152.94202636557563,149.31992731588423,150.89307363795348,164.0105933196086,155.52885767950357,160.1779996972992,170.3125787186794,164.9777001807292,159.49907117582785,150.0130830316805,160.65949350849476,151.77583652814678,163.41857968726026,169.10056204455145,153.1916922914727,147.9719172508852,144.82813848581517,162.8245184234408,149.66187483150665,155.86376342117848,176.68011211517984,138.82233709903727,152.60500082631108,144.52778304867067,111.48196577162408,140.33941066145883,97.70064048905166,96.18649300456764,134.39464377385377,116.94536140111718,117.69482691655554,137.0690596715068,132.9772663712213,142.70146882805372,124.08469470104916,150.53623869917567,156.19004981560605,161.71667943484184,155.73677143453028,166.60372609124005,156.55282607466273,164.6041349172603,151.4031676687638,154.5178607218228,159.58286234612038,179.12599651605075,145.40110821777012,170.34395386221095,156.44755601414718,140.49172413838227,171.6446148038604,168.04359243750935,144.25374235177227,173.1032015311971,167.1681888895256,167.4073727575775,169.77804566588014,157.15184579686843,155.9440314479362,151.94861059133274,136.56757240914928,153.66660079431955,173.45779739822862,151.114411946503,140.73510022509956,149.4326685978616,145.6106773479103,149.8214677662814,146.06690242305473,139.9270383807097,174.109056647562,149.06876629502136,160.63592313902365
155.55872648598375,119.79257600752167,71.69218637142953,145.64582791493785,108.45087899139752,0.0,138.65964470175422,123.90346273375076,65.66314342858256,142.51281795182177,132.47007968373651,143.07847121975473,144.06401472038385,159.4493922960802,154.70501851377492,155.81516461558667,172.52102484166505,144.39173201268306,171.43486736250958,119.90332130492791,164.27372493709584,170.6416942509625,159.21259108966294,143.59465250168722,151.2568629551474,152.81245905315612,175.1732754013987,159.89715468053726,136.6552736450349,162.4113417802568,167.1394704079391,161.8322569193943,163.41905760100292,163.45065423941912,174.7494443921275,145.72862880033622,161.0921731601428,160.4771153479707,161.66108306576547,162.1934021807549,176.68237314122425,179.6714629747113,171.098703660948,167.0867996537782,181.34697362307844,165.82770746079908,167.04449111386077,173.21541650573235,128.39626367641705,161.77833627115194,145.07499423067162,110.7564884143922,160.35373636634333,143.63670982358934,51.99547776469635,66.87646592002447,135.08022778512077,97.08171885621326,155.17497170590474,143.66192689992087,152.1831678728406,149.21825056806068,148.03133863643097,160.55158866909392,155.3512862498123,150.41816966870508,174.84871750517698,159.08253561131664,162.62879809251814,160.74935560954452,153.65357123466003,160.51260984587904,160.73748655006509,154.91395463811858,157.4677201164376,159.2505504032371,134.72859989270887,153.20390235278742,157.4793692973179,148.95605922410698,155.39352839197508,180.9323581430077,190.402042489916,170.66454642924586,174.67147572782096,173.10140656330543,161.41178922860723,153.7420401163393,150.4703725698144,171.50660353421344,167.15099249174727,152.36772286676046,166.53000599725038,163.57906820091875,168.97387826317296,170.0314471921115,167.1915175964744,186.71547949702656,136.8037807796524,169.74336914174847
108.89365233253928,120.27791364656444,121.03246768040182,100.40630175793166,125.9946928826491,138.65964470175422,0.0,133.49229662427484,137.8981171326579,184.4328566625082,171.44508122758612,183.6492393366051,157.43084930269907,190.68587302627373,165.50487685880233,94.81349525271148,165.9882270891903,128.42954693481295,175.59411729482167,114.61256992142198,156.6769903451811,144.66872686808173,152.39323035879357,170.3674979173659,176.0080408007125,188.98974566033053,166.80463416076788,166.9678150143401,163.0955062340218,174.37343352332726,149.18154513099216,139.36021312993842,146.9931491813984,140.47943674070268,146.1846657665964,148.80718847300852,162.15537048205348,138.12930580966136,149.1894743533037,131.7246867576096,142.497782624453,168.24152450765297,159.21088130419446,135.31977900427808,166.48976144328168,129.1713267371988,140.98160833703457,144.65075457299503,137.49115355311875,136.40007599877435,127.5312085163163,121.93038072065934,106.09463196795382,110.84498423831842,141.99058822464607,131.08545856097567,111.74142798512936,135.6696406561906,173.24358146234073,166.42994952733355,182.92573993190325,161.04054510745544,179.26546903958604,155.6720360019191,171.0638561677115,162.52031068141378,119.40155328376342,168.990640991243,158.30297834920592,136.37222254583372,147.81949035696118,154.7594404851867,173.96535781917143,153.41085919746735,184.7356672543766,176.66889601002822,157.04107780308698,190.28643150812417,147.30274346391627,136.396122440342,162.17614151956673,150.61752290557348,174.65469621242158,159.44354698760912,171.49947281337774,143.66741417020688,160.9760495377303,153.7936583294767,136.50821943523414,174.7302125342853,136.59897289963672,126.03664815214148,143.32069609349873,150.0497393361153,172.8934255769853,130.8238458868476,129.21749811081744,144.3325631134498,126.89612165595032,132.65319677806133
164.41544317683204,84.33681652915223,94.06169364814151,121.124830157634,113.4799403786054,123.90346273375076,133.49229662427484,0.0,108.96836226890348,181.74922584825288,161.66442629512784,164.30962449888167,162.30511155114263,168.46608864705445,163.0875261848057,99.79301026850231,131.095153758263,98.62400339999397,148.70201680477643,141.87031115218883,140.96320510204444,161.34941502340314,136.1286168215659,132.4300667960437,136.22172597447113,143.25453987340066,172.3730634772558,174.98361413121003,170.92759116445436,170.76666780202655,150.98570256676385,140.37934510961878,165.67187963639162,133.7110467881204,173.4797336044406,166.20863896258984,183.700218177612,157.67183117790847,171.36508138809273,176.48165202124406,184.39099386630943,160.40678220475164,170.9521937970605,166.6905658491794,162.05414785694725,170.87512987005124,179.91961270336577,189.63107763058105,172.30898494557573,176.60369392293558,148.35213151966764,83.10481160002436,119.30008022154708,127.6631001219829,100.66887601330276,144.1690657797987,71.07268423575084,62.10803363934093,182.19762159748169,170.05397782281128,167.9675176482058,156.24064647049272,165.1901025376692,158.00737331265742,162.30583428795106,167.81584679318942,182.82233268950296,151.23915658244596,117.52681367691888,101.0746231856472,144.99689468222152,157.9822781087391,128.78119245252228,170.85377881666784,158.2637526470856,146.84725047899428,150.1707961786988,149.97807813971858,143.8203833250462,152.58649608772922,122.00365430681146,166.76767796788144,167.143493525748,148.61589335879302,154.70100152813816,171.7297026884043,181.63980137542544,162.5119389727888,164.66711417750096,163.5492084076247,168.600851351519,164.1477192419328,177.28954278023633,167.56066903953686,168.6973797928984,165.89695882342443,173.1321730506343,189.6977865643892,173.13633313116307,184.97582479546256
171.40607362021166,137.31218759694968,88.63376846024138,151.14771859156815,125.83526893459654,65.66314342858256,137.8981171326579,108.96836226890348,0.0,150.55634302058078,141.15620499998758,140.63175619715577,149.29088902747924,164.92586830703118,162.0248788349462,148.84375796656929,168.75102855164795,134.18099963464886,170.00452590298613,111.76579598789476,153.3636260049823,177.20224724374148,159.54418538268934,130.41406568388513,150.17781636411905,146.30369748461294,174.8375193833918,165.50266410694127,143.30839729714825,163.49737806193238,171.89840846155022,165.40294487951806,165.88674831378037,158.59272385322916,180.16498952142047,137.8216883202966,170.63780086956444,166.11583210810778,164.22431473431558,170.33544834355342,183.42634941120488,178.56449015947516,174.70639327667283,171.8359570854277,174.4397546159472,174.22571364687587,174.4444720205459,183.2509860238125,149.64481698815538,174.1460855554011,159.10513010593957,124.94983629226768,154.86706595758926,156.8267884194021,75.5419914813944,84.0812388620408,143.66064810265158,71.66672727079569,173.20589140977052,167.40699926967417,159.23495314876072,161.71866398708147,141.1375316131078,169.1909025380785,157.92785269663602,161.4398724039014,179.7560091560396,162.39224023824252,153.67001743662934,148.51385711622936,143.83356119986232,174.2140914693873,151.0146652434448,161.95938110710608,151.06008753804105,159.72427513623006,138.7805325312749,147.2044965161199,156.1837727932582,149.13835734751805,139.34548802428822,179.87056994330624,191.4686598817432,177.99809279557837,156.2753800984346,180.72613548699357,167.78787409082196,170.27846111211682,144.31782709571326,160.7028836136984,168.24616407862942,161.45077343525963,175.02467426136508,173.1650796385472,178.9620296617972,175.09994192774008,177.75548207464732,187.42605777329803,154.34755281392506,176.30621253207124
177.8315732547106,165.43912894534324,165.1859548417131,164.37866644093515,154.92223850474744,142.51281795182177,184.4328566625082,181.74922584825288,150.55634302058078,0.0,92.31087917117584,72.0689005570245,104.75160610379784,98.27963857458056,111.78110296314944,187.0822335214592,157.2813631999303,191.48074037066704,130.5960067505473,192.87611626169263,152.0710545745642,179.1735281278831,175.90771546326417,134.1225124096467,125.0610144275639,113.54118374221116,148.17085698476723,100.2339018443952,118.26947092403168,123.67705094832732,184.8175776782932,185.64273162215355,177.8922382955992,185.5865394715564,176.75922819338035,162.90259570489073,140.75986044889947,175.59616028565569,172.7698251262285,165.04484298686708,178.39430200448675,143.61816860651282,167.81258250499943,172.40026679582945,173.98377134059393,172.3123203713334,171.15797996537952,170.0078020861643,160.20627074594512,170.26993211672317,175.18910852737616,173.92040113676006,178.05879633215162,151.1436620212138,149.04341715117596,151.61128734158189,181.9681349112836,169.8162402345546,68.74610177902676,90.66588635790288,81.71957504366338,127.2123342257145,100.44440965825162,138.63660659885426,119.7993947104481,118.15011561534804,179.21068085021142,148.55601728175034,184.8625925763257,194.9973516400481,171.13781285189594,168.3480076464786,163.28453615425755,117.66220477620142,112.56189357574158,115.05151186958662,129.479030519559,117.50060184904908,186.4170241254115,178.64357114541252,175.0215172398074,167.8328706717761,156.35113864953234,163.5551761964828,139.68422363589258,167.76303828486368,139.0360070338117,132.13377673439336,159.6403674759016,155.7827504344832,180.63113693200177,160.3901000102647,138.53359982367425,161.50521424085997,144.05974350757043,167.1568138378534,165.56742907554082,164.98358445480693,163.25906825689316,163.71837531312096
173.10984829104473,144.55725716767623,154.0873866448232,153.04045279410764,138.80801096580404,132.47007968373651,171.44508122758612,161.66442629512784,141.15620499998758,92.31087917117584,0.0,74.46112179209112,127.89873970807504,125.06996360843485,124.37747631159576,177.51090672289502,149.2072713757161,185.00588614842505,132.80572672103875,186.3429071280889,146.6657702404754,189.2158706179612,172.24645571895255,116.5233625830727,120.12994429028068,109.9139820983586,160.07930472502755,117.1619220840102,122.3948540312456,129.19059558340268,194.69800107027416,194.86503973075637,175.1455428349716,183.21238287221087,170.1381044090677,164.0201997658646,136.98991514159775,171.59475846321186,164.3225013958733,160.1742276941504,175.67572228770834,145.31309951368422,158.71520604334188,158.1276811979526,175.60049166071252,168.20482866230714,166.98846113424088,183.28822143382783,156.2203008176921,167.07977742152858,172.41851601441812,156.78446125674628,165.3147958302881,138.82163984900035,128.92654033431592,152.33732863297058,161.275795377703,150.40441956222483,87.28272365012111,62.93311598229808,87.3816828084037,130.68912522305592,110.09396975524264,130.30139544622597,118.15767552262918,126.62382601717675,179.4245326548065,128.75151546032248,165.04659405824322,176.08043572179648,149.3363752306447,157.8658033387007,146.79402700706072,130.33116088972412,98.37890740123976,96.03156321499831,123.22846790027322,121.91046147668796,186.48669676506375,185.3224647332981,153.5373266795412,167.70506149824698,155.06535503749316,154.19328204520127,135.51978566770566,158.80875331483713,138.93050411915667,129.64319672597065,163.05269554446227,148.01559316399698,177.17611320256253,157.16495446828668,137.56920897108552,154.81058055465388,135.97090485784955,152.32382156019747,151.45356040748803,167.8797062333245,164.63101906197204,166.1852768382288
193.53681200113223,160.42637302008046,157.43806956921898,171.84303924758956,156.5568242382429,143.07847121975473,183.6492393366051,164.30962449888167,140.63175619715577,72.0689005570245,74.46112179209112,0.0,93.84050256721858,86.9929966360225,113.57721601903498,187.2049223951317,128.85009601613626,182.41283361477653,116.3356526404618,199.6063189734592,134.7565948587812,190.56572093562252,167.2785799524086,91.24965623351548,106.12494000895988,84.58594609008591,165.95609931312495,115.6618204442128,122.60274565522572,120.92583999559268,196.1837525085068,196.3202483563172,193.75018459099493,178.5767440567683,187.6687465080488,175.99917441071105,153.45628103495636,192.75663622509384,188.2563802521452,184.16673168213703,196.74331217485636,150.2604743933056,179.70482925104085,183.4169115314584,185.32787692252143,192.71310378824592,194.0942310892017,197.6341390903896,180.6980058637979,193.05276246359824,184.06522955160708,161.5989326823244,168.82618570581616,153.32087837991253,129.40312203808998,157.6142007335001,170.81461262679568,145.97833967011462,86.24221386912953,81.95773121592828,61.63640344712378,118.2796232041963,73.63930609131526,123.52983118532498,95.79250948673864,116.87737833263976,195.5727621641268,133.1496324802804,158.7171204386863,179.00915936222822,150.31374553683105,168.02534582001311,131.50322953292547,122.6564162520526,71.44650376490058,89.34921963877568,113.40248915478456,88.18894454256716,187.0637860750894,188.1683090921356,142.1249444374282,170.11926020885917,164.9389900324364,156.68009820637852,130.4521094130128,178.28692360523394,150.88389693949074,139.31397742390962,170.84208870027945,140.76985331653128,196.88682981791013,179.346377720124,158.18599321599538,171.05446654160434,144.67024043486146,181.45830916098333,179.30369150725437,181.4449822820937,179.4189733416207,187.8210455135413
159.19924525235547,148.83508202081796,137.42703658455275,143.7618120693361,135.09304161691762,144.06401472038385,157.43084930269907,162.30511155114263,149.29088902747924,104.75160610379784,127.89873970807504,93.84050256721858,0.0,105.31113947152716,106.82934132686916,176.5024952948194,146.08660166039073,178.41096378215224,134.94478704961358,190.53874611648547,135.50827588860335,177.19200845311514,166.10034710735349,138.63670373404827,145.4908418883846,142.99819813412216,170.41112249330408,139.04746896763513,128.2269968192121,129.7520573244572,160.22523845816858,163.83421485864912,166.8686112143385,188.0667182448687,181.46323755610317,192.11025689696876,160.68380679297366,167.82219201632807,160.58012775662257,171.99712108261303,187.9043051377021,158.61915925235874,160.91446817823916,171.9724928874898,174.76640984534535,168.9883442763193,174.8034577267667,186.79934110070437,161.79290458547132,181.37335362410147,163.51953969356475,147.21895411805744,163.99193714783289,137.4666841568417,135.35836178411736,139.8136874486329,160.05482019689282,147.64318233639608,98.92931858006494,114.14622536202988,94.85902129628116,62.28153644675543,78.70174801560265,120.1240885454732,113.25729298769156,107.03806681043216,182.22939675020604,143.25695364377788,181.69033858717265,182.3999949649792,150.71001670481945,169.113826419776,161.1100868640879,118.0177169103065,136.03665977392333,132.79766306624433,128.73322279680048,131.92976747145494,165.9356407753343,159.6195738969763,175.93735198606328,173.90587380189623,175.9791299398792,178.05615906682692,160.55585815682673,174.75190800016176,160.44695745023932,149.37233596571272,182.5018843131369,165.1289205117164,176.995314209703,159.42587419152997,148.78941981598297,168.06314871195772,151.2640437765701,167.59164961683894,161.41650599693415,183.30157816822907,152.45275883475557,178.87450803759668
179.17066245611466,165.6181642111628,158.4732653705902,169.86534976938745,173.7654914549923,159.4493922960802,190.68587302627373,168.46608864705445,164.92586830703118,98.27963857458056,125.06996360843485,86.9929966360225,105.31113947152716,0.0,78.96699177881801,183.03551752155207,104.49177945756442,182.6254551999234,85.2547956730736,202.15964531199955,120.01191254685958,185.2654462030549,156.37673038564083,130.41922166862105,129.08936554376987,129.74416856789702,175.61705006177914,146.4186331572445,123.1080930376378,133.92719259137573,169.78903739711572,174.76930907448656,186.97352649139063,190.8795788941049,196.3063199524231,191.1713922326266,173.18659070907938,168.8814737453128,182.10127128519085,172.14094562860203,198.8857108856417,170.58612838263082,184.34610472147705,181.9935863341644,178.0131766890492,190.29270002350205,193.72688211463844,183.0588446556956,171.0454565244756,188.0589680297108,171.68829126167782,156.23377995979982,170.47444948471204,151.58318882348914,149.77572783834563,163.81027395534227,172.45803375723114,160.98861209526132,115.0861155878314,113.1275676587304,96.80093062908072,107.90293326409773,90.33986711421554,103.40795484751308,87.9786915606054,94.26911558144027,197.5557478039033,113.96807127214991,159.89213019218835,188.3535285248402,152.2875630776195,163.00263494483207,127.86579968213944,136.4527640336032,100.41367024717567,128.6894763800771,137.83702057070286,108.65538748880483,163.35309571388956,180.47634466736145,156.19744732419522,186.38981845386851,172.54532727566163,166.78710366842495,155.45447844089284,192.52897283157364,171.12485900109166,166.43189570164702,194.1565663149819,175.109626290174,193.39750186236665,166.9372809570878,156.99742381882166,173.85714937391725,163.392911238989,181.3289191438217,183.9206175264352,188.47348375098292,171.6426717789198,187.6766547790077
146.22700795319793,164.74385051537146,145.54508860639402,160.94122864088047,167.03880192043272,154.70501851377492,165.50487685880233,163.0875261848057,162.0248788349462,111.78110296314944,124.37747631159576,113.57721601903498,106.82934132686916,78.96699177881801,0.0,176.3578493520018,116.08780625276856,185.05565366658016,110.60535745393224,190.7422354994567,106.40344734297878,186.31570605139692,153.94509183773778,143.6763187113232,144.36788181524355,145.52649094180757,180.9663689473038,150.64159983501986,110.59662118786352,145.6187713207189,155.3353417706669,153.5612631440151,181.3992692968093,199.3784048322404,193.07489544272875,196.76905303212368,168.91018615529003,139.37835450556796,163.68100982109536,151.32702975917186,195.09908999494627,173.86976561602933,173.56311812408526,165.44219081607315,180.17950859076225,183.93882927359172,185.1423530721588,181.9923278347265,152.52465614697024,176.43577096622982,152.16397352306814,148.16667651131417,164.55558404088663,146.23113831284277,149.04913935705466,152.9910748134614,168.3169198359888,155.2362277245013,123.16070324385213,121.3929432570268,113.4624118369198,110.25959229386166,102.22598124933832,76.1111632084542,80.5604623335118,40.8224886061967,184.7396538441799,118.8781845206737,171.13019009161053,191.3184581681625,129.6603252466137,160.42133992535537,136.31587695437412,130.4548849846787,129.0201508463526,145.42182956941622,132.7739468629241,136.80235167233351,155.95733149664454,165.29935389510732,164.35567961143562,186.2116231637572,175.88551804591572,168.4784570328564,172.92889292163667,188.3459554286332,160.82314512919172,166.17937275629689,187.52981444226475,181.85738034468503,178.77078297923867,141.13570070046018,137.85984041834388,161.2948059172984,162.52426186197533,164.63453566695932,176.4725084168715,177.46996126945126,149.49524007071983,168.39377031130883
133.8141896821054,98.39268967522268,132.3130467915489,101.4134153525352,123.0443486085696,155.81516461558667,94.81349525271148,99.79301026850231,148.84375796656929,187.0822335214592,177.51090672289502,187.2049223951317,176.5024952948194,183.03551752155207,176.3578493520018,0.0,140.3555872278851,90.41495163416118,157.56265540633268,127.48255044891351,150.22856215714563,136.6942491970874,145.76828695161325,158.83451864725885,154.43297366417394,175.77093691264278,165.81313892498923,183.3710982753914,183.5374095006557,183.56757799890548,139.9818450831539,122.26331001549516,151.7970081871036,109.4439651696877,142.79074257301824,158.3777627480856,188.7095170668668,158.7813192769859,158.90371780466705,149.7385020290867,158.25724520421485,165.41784513389695,158.900169055158,163.1777409043396,155.3221402610394,150.74357162694682,160.74216970847488,163.77058281801385,158.51241498564286,156.96336218335412,122.5401986092226,100.30854377543464,81.61683713945558,101.75305885570248,148.2447294742924,161.08179408058135,80.99055496828203,137.19721231759354,179.7478170764813,175.08888461382375,180.37449623644756,164.6508563242513,188.61996223931504,168.55315532123544,179.47109159982853,177.0186664748308,146.25416488579498,156.30961566425665,118.76528644711372,98.21304885568422,150.703550711,150.8844217869339,152.4783729082219,172.45093605853782,175.07718905350202,161.07983502839602,168.76071495105762,183.44356911040128,122.74495049172876,133.16686470519912,139.0234854522858,148.81348659627304,154.85179788163566,133.08133400817457,172.56080521184316,150.0121354884795,183.896335367514,160.20319082095648,157.1388477540931,169.17726491725205,144.08919996765644,141.79638326431984,160.10704807988262,156.7184180032377,166.41909821373685,152.4996069035924,147.0068674817246,164.30391123342207,154.4653811622519,164.5030029409685
165.12089037486476,145.42383217504957,150.50589774668893,154.51868602242,169.4195862403381,172.52102484166505,165.9882270891903,131.095153758263,168.75102855164795,157.2813631999303,149.2072713757161,128.85009601613626,146.08660166039073,104.49177945756442,116.08780625276856,140.3555872278851,0.0,151.01551914177932,70.8803638046359,180.61869864209348,101.73031916402724,172.2798890375014,126.25095375207763,114.98602782902884,128.1180196459211,135.80950225040283,188.16404075917956,170.63180279417202,154.8040151332039,163.21478750793077,141.42039320962,149.4113985844386,181.4070809369568,154.41356466962878,184.3510513076096,187.0912669969529,190.52060338097505,171.66488461735082,195.0952305130725,184.542074005894,195.28570342914105,171.14090258669347,195.05372222877543,185.0542623185565,167.16616792909218,200.3838242218804,205.1324034567272,182.98088180850647,186.56514077416983,192.61216406722824,163.33754685269813,127.69050456521684,138.87220400984629,140.99004930651765,154.03882371050744,171.83339824637346,137.8181778373561,141.8729222157771,156.17576988896283,142.11951932234965,125.85892306396404,122.54895313486529,134.55268246591243,112.9196075073622,109.91484435426776,127.95245766415384,191.731293502406,93.01012446740545,98.68835777633196,143.51356871216723,133.9910797826047,166.77829137362545,98.73135924454115,172.4741359736587,105.01734620503235,136.7959673604631,146.05531537487417,130.08533202303346,135.8725654249701,174.96797292036422,108.98722813545704,171.14206860532738,162.21198979493184,141.98608305975142,157.941759805743,191.46982799659676,184.0990893398767,161.35055125393552,191.72376695364065,162.25061409303046,177.91762297404514,169.26581722558672,180.8268955420193,180.7921838802212,179.42147706310965,180.33772262138865,188.24556411511128,182.6116007882689,180.33401246083292,190.41345023029132
160.49812752358469,128.43079820452903,135.2447802498749,145.9837562325454,147.24899663391517,144.39173201268306,128.42954693481295,98.62400339999397,134.18099963464886,191.48074037066704,185.00588614842505,182.41283361477653,178.41096378215224,182.6254551999234,185.05565366658016,90.41495163416118,151.01551914177932,0.0,165.47155293960705,103.07036214093564,144.1273335618965,117.19928127478904,101.73494709622884,139.58798317396014,131.50016344491254,145.42578383537227,147.14605174770412,183.80984281177464,180.56663468269656,183.06098244108216,159.6002792526249,143.8181990334174,167.0922194401782,71.77606423771786,138.71463293967332,134.70282764533033,190.46281947801089,180.34340377446028,192.8500078351095,175.06832482056336,161.34135343316794,177.90882866416945,172.87702044231736,186.47741734328653,163.77940331206946,180.87524394183805,179.1367438837407,156.45644636037963,160.51042948326116,179.44958632753048,128.25833417138168,131.43117205994486,110.3223975362321,147.17944430183132,150.81272193844237,152.13993820547847,98.09415516100388,124.2563641494518,187.69407450743088,185.5204532547252,181.9275474816523,178.19150306386177,188.41790181692716,186.82374798041567,185.6160492614084,192.9053141549044,156.94688031675685,171.8067429872507,99.29615591949197,76.24880844642439,141.89300190467134,151.17098423357305,120.14254660705188,179.55982936535122,172.46551073667337,157.88127467970014,154.34725934255383,159.7651562206223,152.86877923760795,154.90567267061533,114.7160844657331,143.16664851029208,163.66446315155332,120.18859074167592,155.6464893872108,155.7375219696122,184.6526111284282,165.91144364526792,143.64871961314407,137.00070636394278,169.01747036787074,172.5639879968152,195.2633337585264,183.24946462994376,178.3813936531402,184.34006494760973,183.9736182233653,157.23929851970925,152.59668945811796,180.897428824994
168.66046362653375,150.0030667436328,164.9160298451309,149.14544576300383,162.46463307742602,171.43486736250958,175.59411729482167,148.70201680477643,170.00452590298613,130.5960067505473,132.80572672103875,116.3356526404618,134.94478704961358,85.2547956730736,110.60535745393224,157.56265540633268,70.8803638046359,165.47155293960705,0.0,187.19552491226688,99.93951100157264,179.85728310792567,139.98084097878484,128.29426345073836,134.70653797342857,131.38286377405603,177.00703667416823,159.91198292299498,138.8707003380742,150.35906417351174,160.3808520063502,163.77850371588153,182.81985596585568,172.6055466407511,186.2185528499213,183.35958931706085,175.991417244631,166.8082539008207,186.22226997968968,170.08505780742885,192.48751424908716,164.05671484003545,184.09103362403405,179.2627009198594,162.5744959789941,191.8140935941976,199.24924723840007,181.031957410544,174.7876591686915,186.9685591461505,171.14289189726162,146.69079312425228,155.87230731596603,139.07100186287258,161.16920578885208,178.4797963831778,156.55857236617825,153.21840863561738,138.03564344328294,132.89794997499052,117.26038680685956,122.97702002909648,123.3922689377744,109.49478563709732,94.67966497591348,120.63143079618084,189.3205076895784,79.34316188343897,124.2750594283756,157.32091827668353,145.58479751654252,170.17124837378103,108.47453735755484,163.4819027262365,104.7733031817732,130.05317171272904,141.2421644379085,126.09821090784828,157.6531587599545,172.9673337057597,135.44430809206915,176.885119592075,155.09612639879438,152.73599464467202,153.43150200844684,191.57568883221975,172.39006691961407,159.51234246770412,187.1931497300496,164.4145743391241,181.7807819540095,159.95918945409065,163.13854739820474,178.5809630797226,171.01721499097883,176.7022174151631,182.9593762230811,175.88540684221277,175.98430852901822,184.87422377589883
126.1890409891496,157.7220297523536,135.00107370763928,155.2407829825301,143.8580891275855,119.90332130492791,114.61256992142198,141.87031115218883,111.76579598789476,192.87611626169263,186.3429071280889,199.6063189734592,190.53874611648547,202.15964531199955,190.7422354994567,127.48255044891351,180.61869864209348,103.07036214093564,187.19552491226688,0.0,157.8436004361564,141.79896706821336,133.1382178016474,175.8709518607808,180.08020371833197,186.64050169679436,143.23004177595254,179.69923807702656,164.40561123638824,183.98515288666957,146.4308167257105,141.09522246518242,143.43300057407615,126.63487074552292,135.91600525466478,99.95853919443326,161.28546792437726,148.1749446606603,157.67115527848625,155.4994081756004,127.8777279542142,179.2190562303016,166.4486551157047,155.5154498778565,154.869988585157,152.62118461589637,145.93174449397412,119.10389045094703,113.34883234412229,142.20814251512428,123.22418186297304,155.06296803643806,148.3470923211691,164.81569945678473,144.39981769829154,120.45837521978784,149.17999084151197,137.28544743361175,194.96399232465276,196.50708974736165,200.4387286865786,191.04419727618975,200.8646510782303,186.00353978058791,195.68687449879712,190.2205730769456,123.65864631905012,181.4371261953408,149.843546175682,130.6518706461267,138.9606473914156,160.49201907032057,169.90753436300054,187.1656654252804,194.00260766844093,190.42000486372996,161.28764216564682,196.27304048817777,152.0259186864311,139.85605486140503,151.69650919370616,147.8243204969672,168.67453947754075,150.93122440884096,160.78078797826282,145.14923123315498,159.37302678852,171.54092600705468,100.79191582260654,151.6177261303503,136.17458321082609,155.55733183543754,177.7107820458769,165.56661796996104,178.7849637713414,162.00561347177972,157.04705837369755,133.11442478168414,110.12871261172376,139.03622563162327
154.25679668833922,155.23034032791657,144.98996358738455,153.13203474935656,155.47875105860516,164.27372493709584,156.6769903451811,140.96320510204444,153.3636260049823,152.0710545745642,146.6657702404754,134.7565948587812,135.50827588860335,120.01191254685958,106.40344734297878,150.22856215714563,101.73031916402724,144.1273335618965,99.93951100157264,157.8436004361564,0.0,185.72236250284664,112.8634631837299,134.84718308145847,146.5616577181489,134.7623337615448,179.450375317539,169.81502715520105,121.0798413621299,169.80201576958507,163.12475671954425,160.96524147594084,195.01949752605208,173.95967333972476,196.7962176067408,189.1138633194712,184.7499172967407,160.2314139893332,188.71670020505235,177.28709033311216,197.3378776351332,182.8126017677886,195.7022082426244,178.80077057421062,186.925963250452,197.25277557970037,205.56821478265212,181.6189280631152,168.16078302913547,193.26165792262225,155.82082975876511,141.19334787356576,149.0225770363516,146.16318641869756,150.19928086086537,155.23197762360957,143.034280108637,138.52069375854245,159.7092825112586,148.95430061017294,142.18161030181628,134.99265754614555,132.11744643665077,106.58674298198278,101.0648926022505,112.73796711453456,176.4896910821473,121.37316849113034,134.34401586923474,145.8920190456858,82.71702102402818,170.2072960477936,99.2532577635416,163.12995891183772,134.78023766275498,142.19704984088622,122.71572298636106,143.93710851133295,161.5088625071942,168.9965078593059,133.1577376915389,183.75465697847213,177.98739704953866,155.2417983336225,148.02556033439424,189.39952371487465,182.56319100285427,174.5302338679171,177.34378772399344,143.93218726282777,188.07787266143052,155.74000759213394,171.1570614644263,183.2415422146653,174.8071273815152,178.8658029541725,176.9545606804556,166.34888327813889,161.22571930634166,183.9817001750744
