0,1,2,3,4,5,6,7,8,9,10,11,12,13,14,15,16,17,18,19,20,21,22,23,24,25,26,27,28,29,30,31,32,33,34,35,36,37,38,39,40,41,42,43,44,45,46,47,48,49,50,51,52,53,54,55,56,57,58,59,60,61,62,63,64,65,66,67,68,69,70,71,72,73,74,75,76,77,78,79,80,81,82,83,84,85,86,87,88,89,90,91,92,93,94,95,96,97,98,99
0.0,191.98104995348967,185.6094321574286,200.6997470302211,222.9856587286622,214.80826293978384,187.014053089723,224.97645420701065,218.444341671574,215.4732701295767,199.0911623197452,212.1517323547182,227.9786042395405,244.5527489482442,251.7013675964012,160.3937622667063,226.92930108908425,243.72079595978653,248.15003231228167,236.4190556731071,260.5543868556059,185.9008525355616,232.41667082368247,201.82510308134937,192.52395188859956,186.1203100514012,164.81734857783582,198.3080695120147,250.1105318400053,250.28605694726963,200.94357324768083,182.43907510837232,226.320175993326,219.34295148253412,165.0916440564838,211.01338570949048,186.99648068186184,177.42596038223655,194.96099748662957,216.0278876758526,194.40113093130992,185.6861820474455,167.66669528516726,163.9562188796877,170.53961618631809,179.97727485433697,173.39836834361162,188.4268254521932,176.50426626145605,199.17581703900936,165.12149702383698,186.26961077417457,204.55129415111836,220.09183355040363,232.4828461493623,196.37402393284685,218.21254113538072,239.49427278159368,227.9393572357196,197.23887775578703,225.44186565651324,228.5510879132661,236.69868835349595,207.8901044940605,228.3685137606967,223.23811957533485,205.477520446501,202.31515385342777,222.83527166190024,244.59319375884843,258.4167546785511,214.4684451638828,236.50716267801053,229.15350797528956,240.9383822005333,204.49196972132896,252.82417995896736,244.7802873196586,232.25247094611552,200.14989720362053,221.29945784421292,200.32545971169736,170.91703262842225,169.74228024578127,181.07781255802428,183.0949974734676,197.97330683855603,186.51625708396813,221.0047526924387,208.2452034397085,217.5408728680409,213.32384311651725,196.04362643048984,201.93706558194705,198.9246027888775,162.23132110867786,168.99785240033384,181.1754542922967,184.06417924298967,195.8281118375678
191.98104995348967,0.0,146.3766015715727,121.01538285942902,132.0189214449143,167.14753789853657,203.78493679807116,156.21927453615723,184.1549191609712,226.97806122549613,234.193740272464,223.0927314132037,200.43335112628344,207.06143823351837,243.260167503172,161.62947841863706,202.84248654519496,205.02347835752343,210.0789627298354,242.553284105944,231.5267304373689,214.3984298524137,194.52493738589965,225.13629236568065,232.03496852467055,219.39468114155883,222.0190254324109,228.0955096562909,236.68495455636565,212.7169279249285,207.8247356991531,230.59625569995237,231.35996934153312,233.78690158570944,215.39054350551783,228.543151268407,196.6198108506306,246.70525722100436,237.71925099803835,228.0219376815296,225.2975453401781,220.74401335900893,211.4431548534421,222.61028683565,204.92554644165625,225.4953650614896,216.06397710929176,218.96001263162591,188.890229360188,219.4377671898007,215.67349925475915,140.31603178670048,177.02603868490107,139.3013834231905,154.00559070997383,181.3182082755901,160.8604847503027,180.73297875761253,208.7899847964448,214.68803265373072,208.56050735977735,212.603334768642,202.5593951491912,221.0502033085482,217.3155612430022,232.35484175445836,236.49784265119652,210.6200803629881,209.4936839516756,198.3479769396424,241.450095089883,207.0721415995447,232.26623471787053,224.33030408169503,227.5636914240705,215.0585709165528,226.3714931504993,235.58525542737976,207.66202592250352,240.2588422153866,239.11360940878112,217.6556194108776,214.24850449007025,222.39745849984823,229.7828414607044,225.15570082703067,204.17036807785897,236.80058830301448,232.6146369147696,225.96199020368448,231.2521774113544,219.4156279386678,215.9988344462907,233.85133270721929,224.1496882311544,216.89404398147389,227.7691634205441,238.67833003072596,193.1296526426044,213.61512942742735
185.6094321574286,146.3766015715727,0.0,143.7748432477257,130.47127234794618,112.96531176655624,199.68210910394828,158.61745164071726,164.2453067596203,220.5749721068101,220.1112275991433,214.5024543174132,225.49849657584957,247.9887201860843,261.8478117773225,192.35943080425977,214.2952797333699,209.0321781956636,230.6431760516804,217.53021977986907,249.06931847522105,210.481067109203,237.49976729961952,210.53110674869535,212.0644479339532,212.37254242032617,206.5529380363652,208.9884698211091,239.372890163305,236.8504535780328,178.45013090942692,204.72690056184115,194.28243764181295,201.53798378986312,200.272486769839,207.8208342693852,182.60885671723645,211.37697877746157,203.23891948667537,206.4266607340267,204.64136411154965,177.3977838924011,187.64687296301403,202.4885361652618,177.91324202443337,224.19404631269805,208.957936839216,221.38187306440176,189.6302444369793,192.15173960962653,199.7167982560672,144.7748106805425,189.18363673038849,140.22856908121406,109.44480885564924,160.24199982415587,145.71216339300005,149.8466183698436,190.2231181683561,206.97977552553272,220.2223518138292,215.52448018831888,208.7431088719109,206.10636436875228,218.6480528648717,238.0097750392854,201.0482162988506,208.3000618973481,217.99988029396883,200.4928333513432,251.29903184409548,210.14591041462452,243.7819640477913,210.7182818456141,229.80504822285184,213.78161292871243,216.98413381521036,240.55939887287445,206.09635371456423,196.6354240948895,198.66592295393983,172.10646256308883,189.3392084419721,207.70630749016004,206.5289708559841,199.92760922606516,189.28637297360996,201.33916240398432,200.2620553173076,179.84391801134706,191.86279135398024,219.1918898041853,203.64687507027236,204.87778546844143,212.93040165903776,203.3232864227897,213.4704597972223,222.8283558507393,191.65179522295583,184.91710293515416
200.6997470302211,121.01538285942902,143.7748432477257,0.0,116.93652485789389,165.20576759189566,190.38066626146923,147.67895528216468,188.11640766068192,216.1053326034832,228.44247722557003,230.314258329882,227.3022687206349,233.09170014120772,254.07292485496623,166.5688069632971,215.5910441408979,196.35458617772983,229.66442403259964,237.0086523264402,248.49400863205116,216.687251152501,229.01898022244345,230.7631527838418,221.09300536339785,232.2567522001307,209.0288267244757,221.4068073003653,241.15818988235728,224.4580817628681,176.6286097806259,195.66713780795928,193.97587430585173,219.19798057799048,218.08474409100347,220.0923843119804,198.52099343283305,221.68199521666617,234.69577341808207,233.5484124598401,211.54554074908648,205.21936914081616,211.643766014443,203.574764014144,201.66650848085072,216.01547361370507,211.87956601493647,226.54988232567095,219.28567696772265,216.27197738712024,219.1389184445074,164.98599016354785,156.46946488679836,94.56165857278909,149.63751571916922,200.3753062692768,152.9632312637664,172.39146474765778,200.267811477416,224.5357728269993,211.1576876159712,222.1027338038692,206.3452760740325,208.04675879180087,218.2271367869461,238.40553945717232,228.25825022102111,211.9135572399444,223.3733033139952,199.6838834490689,251.73042803764469,201.45299863653497,245.59673037049555,244.9639001509856,235.65952888762007,222.2414982828612,228.12025288658305,256.35129958572657,194.79348578957777,216.09367599783337,220.9069019239476,209.2255884204282,211.7172411780839,225.6991911663953,214.6469610700155,209.8017735351285,209.21515759118017,243.21115443050084,237.76731138409747,212.32760968599663,202.09923409066036,211.74292376505355,210.664415043298,219.08881012972788,215.945811424324,220.66639181428903,230.2931694687909,242.51927999810417,211.46816937232867,221.8174007134636
222.9856587286622,132.0189214449143,130.47127234794618,116.93652485789389,0.0,139.7423173395128,205.29013732096308,114.91098736893365,159.5815697813416,216.46210970843424,241.3485526989637,224.59991422612376,218.8102128572428,217.77245953072847,238.30237361782707,183.2793716330112,198.64475528997457,159.64444469445266,202.7885596868388,206.5418862078757,225.00127827339384,231.74362579290863,206.5067116850124,222.45284052211335,231.34338141097595,223.55822692689972,228.82522522551028,220.55734804819448,237.6734962644967,206.5464853377759,200.2271613721429,221.6662275021135,217.00372294377624,205.5049320830663,222.1796557502108,208.58413138376568,207.9982996142716,234.8611760748882,234.16618500537368,229.8215825505075,215.9661997682919,208.2250297328572,219.47873883175012,231.7190015624401,202.2795110272185,236.927912112749,222.7714143066061,220.9737213005721,207.1899079272941,215.09507511902865,217.82763038097903,163.4154266773184,174.0831592594434,101.43306899235236,104.7094400896482,182.35876692772177,131.99340806352257,150.74380278403194,188.60337611428469,213.0484504249847,206.81477804335776,210.0528487291661,200.0164746087464,215.1490964554069,219.07124779348547,240.28380762940125,223.121259479798,219.25647009593533,214.8334680091122,167.38962648782126,231.118973699219,201.76450949553464,223.24026016550624,227.234259421218,216.74042238307948,212.80461353496293,215.4801470055632,240.6416848129261,206.13177085814576,222.4767199677159,216.03927850008608,208.4281431918339,216.15264075198627,233.57021719989683,230.591285241574,226.82823399219063,221.42881212955976,229.0785689368205,219.1535527023756,212.1485963719311,218.007678172263,204.25485309971455,218.69339162551927,223.5330939185412,228.95839849118752,239.643235023328,239.50974678605243,234.14413898465037,213.89845289814215,215.316564853349
214.80826293978384,167.14753789853657,112.96531176655624,165.20576759189566,139.7423173395128,0.0,192.90619764527568,161.17011065876858,114.78107162445588,234.13328745497216,226.01986668949064,224.5707711240819,227.3092108714904,238.40160036979412,251.4194144065709,208.8698659183503,218.01150446985255,196.0025877205636,211.3844021454969,207.85997549054483,241.0475045980412,212.41860422193253,234.3998011381332,226.10697843835584,218.65136004282323,215.0188082876705,211.43225318440037,221.54454322290047,236.9940548345421,232.06490307377345,174.0707603598475,214.9869069645746,193.05277402977757,201.86729508283508,203.81806843637665,182.06348255894773,184.8379622095869,216.40860836228865,217.5833677763069,210.063569323966,189.07855557280809,198.9037484882686,196.1215518756688,206.62209607077756,189.07341516373856,223.99697781598712,216.6347163892044,204.0729586615691,165.45677765443526,177.28603876482956,214.8704751117077,173.5773596708829,206.86742951927465,164.2951763067332,95.11059848302357,140.55231128595258,145.9386536044123,116.2640059551406,195.49500472242065,212.43443502523323,224.4874031729009,231.20430266268997,217.9826753403525,210.49816249713427,216.1760007627672,235.91197124653883,185.45056470953065,215.6222875901868,234.65607410892136,191.52156305357212,246.43257144655945,234.2502913734052,246.6461453407444,218.79094016840995,241.59430175589017,226.50469545090112,212.7761150065557,247.58270646216408,191.35696975487,218.76916280361525,216.87134677739616,177.980756013399,183.96834016452075,212.28680625459577,212.7369245564405,205.5508330113544,176.3764024228815,194.7196477289189,183.8298314055256,184.1227098156444,192.60729953479057,216.63539647583,214.5010027326041,205.7650235071838,233.33407399966995,198.07004943158807,219.0672926119594,215.13369388375668,164.12362370365622,172.6085026511538
187.014053089723,203.78493679807116,199.68210910394828,190.38066626146923,205.29013732096308,192.90619764527568,0.0,195.2583766006861,206.0840628383196,204.0423395106069,201.0828234236345,219.0911188992825,247.13654891352547,234.62940480065976,226.91179380190795,139.56071409985967,220.55954496369597,195.85338727158512,216.67961755358004,206.63662692294812,231.41424338991413,212.1714634782989,209.7791035098495,187.94692819131564,186.34924368871444,218.3377206072012,203.695641419858,229.5062223888569,221.782384831611,223.75263032956389,183.0397321418373,201.826844944141,181.0686265538837,177.81972977651128,214.96633357846488,185.7328905126925,194.70142620163705,160.7892366551451,180.693761920952,167.64343631618146,157.07283010905485,170.12998584282553,169.56426235126202,184.42302347368243,178.03715767311527,188.2933718898265,207.61391485707023,180.353135785264,184.4173927997696,181.11219648949128,195.41215845306448,209.8271243121076,200.26642579378583,203.04381208452529,213.79129882067912,199.03672372672617,185.7134814084737,211.4235327750565,204.6169490968387,222.81824843907413,224.88866833551648,240.33027957241504,256.6659157850761,216.7556111419104,219.71810371551337,216.8828784603147,168.53309453365844,217.77689515160887,227.55682542783677,211.60181366369844,250.49552460584508,223.11979587113288,242.91905589990083,213.55215906130832,235.76708104947056,210.55467054626808,236.78184438308875,260.69547710361417,198.47754110673543,177.19037545243856,231.5435521804319,194.01571914746572,209.39630938721143,230.63750168720696,201.82327861132023,222.60808523549724,194.18296193607915,226.9050541418249,200.23299743722177,182.2470148844692,186.01181993353117,190.4401177254136,197.46405933732112,188.93728000039,208.70937340499853,191.1668946659736,199.04073555578333,198.0024515168535,186.75413070273052,177.81151774995442
224.97645420701065,156.21927453615723,158.61745164071726,147.67895528216468,114.91098736893365,161.17011065876858,195.2583766006861,0.0,136.3223292617097,196.66534762510005,240.8404515955857,225.11564117037452,221.43977486029905,218.7718429082652,228.18071844970228,166.31278168093849,215.1048939777491,128.43942426963537,213.51219396478336,192.0647543474697,208.64598771732165,232.3134843085517,199.230509510298,210.2298564405473,228.988675181258,220.2775617606904,221.12392639803969,232.9036168638586,219.3514121285276,203.4754354710676,197.33862190129724,230.5247637211756,216.7676718312917,182.0608178224797,215.3591868363689,181.17157678297443,218.32036387264515,235.5972227044454,232.46635910620668,218.12777999394456,208.97577125786844,209.51535092752192,211.80802336940943,235.86415477772897,210.50601394921296,229.7151908395952,218.28161762139536,218.22795449160952,219.9154799553365,217.26662124567437,220.30781021748743,176.55859769427587,162.97719584815104,144.13247365589126,128.96737840489902,180.6810706359858,101.01066546897336,130.98800838810547,209.4818212228524,229.26700724950467,219.7347901245477,222.5203506887452,205.6006526043676,230.96369046297715,231.6493730012515,249.719280349708,226.7718987582407,233.4651806501525,208.5075596891878,144.84982497564965,224.89795826952167,206.88760369491789,215.56128868865665,224.239999925015,220.19452884238,224.8752667679992,220.60722259011084,239.23014898038997,197.927145185326,219.98442836341167,219.43949021180828,219.59626328882356,218.16586315990003,233.4296788084968,222.14320431494352,232.6361046702912,227.69897773108076,228.48879950416725,202.6133368076572,219.4456477477945,217.55299358523217,217.25467941841487,228.6399101055988,235.9834647969872,238.0091406674623,239.78330176861056,232.56501525690007,232.9008611618889,217.3941568870375,223.31942983421197
218.444341671574,184.1549191609712,164.2453067596203,188.11640766068192,159.5815697813416,114.78107162445588,206.0840628383196,136.3223292617097,0.0,240.050642735494,246.1625041343358,238.8200987811801,221.927180274852,234.29756497457925,250.7253833848253,219.4870536152307,221.96794384462044,164.931474173116,210.5905828207132,179.973673523041,237.7852915932492,223.98906208191647,227.5422490333923,236.29261415813264,229.2848429931936,233.19552814343297,202.9692355686296,250.13548220585483,238.74531159243088,220.43374116905528,179.32034965156987,219.2041734502359,221.6237481861317,180.25669472501124,195.71232976295383,123.6041964107684,199.88364541158631,221.6885629777541,228.5888621273714,214.9125753533777,187.44360570812407,222.18259789688085,214.3038925260799,219.35985069200757,208.61862097407047,215.30927275573785,219.50607403075367,197.8762727283684,179.5936949647052,165.9781025033105,246.4441813376355,206.51458684251529,228.70495360721145,191.0425988528528,128.83346054579914,151.64622211035993,148.490993024988,83.49266172945828,216.135113727209,211.14808208529524,218.787904217872,217.4847317747475,222.74637332203787,210.74749467061628,223.36122813639756,250.74790721381245,191.80571590385944,212.76647889453815,241.7587183033223,172.0767599577999,243.78251770773213,249.7117819368028,253.72305166769465,235.3287710093985,254.97344905241567,243.27883250609443,233.16785011425597,259.3302088386916,190.13192080366468,223.16177932954017,233.0824161898312,193.1928932104184,186.7530293119553,226.55166968999575,228.35032124855465,236.4132779215371,199.1313959324761,218.7059011284233,145.8771466241105,180.70617918503305,206.5220246852963,231.7918164971097,242.0213912859178,226.59115357588496,240.3393920948897,213.83210174805825,218.48988657326444,216.279902553398,191.4722662618431,176.85666093336027
215.4732701295767,226.97806122549613,220.5749721068101,216.1053326034832,216.46210970843424,234.13328745497216,204.0423395106069,196.66534762510005,240.050642735494,0.0,155.3168867271139,123.44511082094328,171.08412442229195,197.49847514021,203.55022097832503,186.071724617144,187.25167684279177,191.1585330452623,187.4642882736581,222.9913743980751,214.24905042773725,206.07581728753303,178.49477235468618,176.22794152564393,156.42420595214932,152.14132771411914,226.78563180173927,179.06338139000593,204.56383269101093,179.6951682539485,224.642222742782,213.19140541009983,230.9464960303103,183.5804797786837,200.43100263153988,241.019264220494,224.44354612529756,193.0571223982609,157.7669731033445,190.0598395147213,237.89589983055157,175.93030710554547,177.8191152262334,213.7699147743257,204.52496243337487,235.37544223335715,221.39111726095683,242.8936394103952,237.0263326599793,259.4694913388726,215.36701236500448,224.8110820669225,195.11571263280592,225.7699324190449,227.66887460542569,239.48416072723265,209.13704179667516,239.25636249496597,141.21427888086347,188.2311410937009,179.10916231751048,191.6094680482013,182.68118008769903,229.48481478128508,219.6387908523608,231.27561495492583,245.9575804471395,227.94963577239747,194.62983031642187,226.47954917773149,240.14433959868597,134.3032337301825,174.33335226336655,170.26853579013516,164.59749297632703,152.6052447443722,186.7865012732027,167.63061371337878,237.59909848651117,217.7294914923256,190.61635226436016,246.56332522364036,207.7795774564725,195.72360564331453,207.4560203055786,233.98570563614717,232.99629669703424,207.09996785805615,268.9468492293634,253.29665813766923,232.15921144252053,195.2973696666284,169.9107995338698,196.6952124551363,175.59883196204112,224.9542993834954,236.95940564444265,245.27482221556343,243.59183190308767,264.1606561779439
199.0911623197452,234.193740272464,220.1112275991433,228.44247722557003,241.3485526989637,226.01986668949064,201.0828234236345,240.8404515955857,246.1625041343358,155.3168867271139,0.0,135.24995373236322,187.09146601254756,230.89099975730696,195.67947748457996,216.9613790197586,211.47475254764225,216.6788868959392,219.14651008187167,216.64544742822488,228.1752474330684,173.96813752964937,199.72692660596653,173.97908533920685,160.94542356735093,114.0299398672893,196.8658124498293,137.988591488282,190.9037597104592,217.93319131202605,212.4348015720956,194.47354300808547,218.9999362559257,189.99518604868436,148.264466628552,211.18182548574052,180.8182041543517,171.95809811710245,166.4635035776621,195.9643294132892,196.23023799083185,157.15945347107126,141.08241742021204,173.6619589993436,175.4384028811195,212.97847276274564,184.40283452841592,207.49422290666047,195.84027352388424,216.05385508802095,212.7478590302747,227.076246034927,227.81836153220468,235.39717599900416,231.53882629709125,211.6059258915029,230.6572156958099,241.63501625236563,164.44264088302464,158.90113243745034,180.44257680455428,201.9434689388891,220.55697044181812,217.6120683357259,213.45886495000667,206.80276876042075,207.93886000917695,213.96548452272737,211.20229349384016,230.8582015509305,231.8469450510017,167.60198325204777,178.60760097180793,190.8343765612562,175.0021203282122,155.4996026231279,168.63541721891465,181.2367792755217,231.7203178057634,199.82925696025276,203.2480262783416,211.3707697827148,176.98089746584057,164.25167325760043,179.1204725295321,190.5757986192811,177.1144159399285,158.1476702789693,232.64440174543176,224.8354202904549,213.28709376260585,216.86806717854523,168.52996714382732,153.9123193198441,155.17381361072995,162.4117258020143,197.83423562714995,198.92452991736187,201.95743173898396,216.9316031142955
212.1517323547182,223.0927314132037,214.5024543174132,230.314258329882,224.59991422612376,224.5707711240819,219.0911188992825,225.11564117037452,238.8200987811801,123.44511082094328,135.24995373236322,0.0,137.26603204586587,200.19113380127,198.80206292105856,215.29272252104164,167.17643037673216,213.18040845400455,196.8704075844545,219.0782578308016,212.43724364552767,172.62347947903174,183.75832840377217,142.6590797193608,170.0918151475492,122.73505932161852,202.9047661209267,140.55383942904956,196.89822821563484,198.9378133074335,232.26104828464733,209.86503206908085,230.4090587973373,181.16573966363416,174.81436814993907,228.5329119909939,191.12829408009148,187.27230271328773,166.66140048624146,207.2133959162178,218.2947529922327,184.15917231657625,169.93801003818564,204.79945813944545,196.8308984711084,225.80047307693707,191.75003053931908,226.33452708419355,212.6885788437567,242.85250530656012,233.36913983610327,223.8999570915212,218.8784803628653,246.54486778550077,223.08865561265128,231.9972792997511,232.96081179762243,247.91095754145783,154.0449414714571,166.17862647659894,135.10066386621918,163.3457666284295,174.1491870820442,208.64909537576943,197.86918928189155,211.94326357347668,241.8824299310808,197.50575083518487,185.26890528019877,236.3761957027588,240.4589202126681,132.5284737126957,178.2317635280363,184.2225269580976,144.53348449410464,139.64376431584083,171.70477312009027,143.94662910252532,235.36692693496832,222.20832463015975,183.64847166379383,226.62918060011896,208.74322568622676,175.42537193889197,199.63551772065267,214.32899142494705,218.24664392212503,187.94122298659684,259.61942735460104,241.0209912758699,236.2435531562806,213.1019428117501,171.31854878702097,194.1494848713221,166.62126676393942,211.9354024288303,212.3227639697336,216.648081039638,228.178123879277,242.4391491013401
227.9786042395405,200.43335112628344,225.49849657584957,227.3022687206349,218.8102128572428,227.3092108714904,247.13654891352547,221.43977486029905,221.927180274852,171.08412442229195,187.09146601254756,137.26603204586587,0.0,175.1316227491225,218.99484623265064,220.86363514690944,143.0013451682879,222.30503681966485,192.8035870875592,241.20784057305235,231.08037349743944,142.48988582154624,193.75880741679867,167.73701937703206,221.28945858401704,174.21377377452131,220.04794195309756,171.06526898415535,203.1098911463713,163.3032423039173,228.8248584855947,223.255062250673,235.79535473440004,196.92551343293823,200.51311449461636,229.94227533519413,190.7948894950053,228.3508549860052,164.71656364486626,205.5699578340772,213.0462106302935,215.9509552716688,204.81492162868275,233.8103606718182,232.85681885121056,236.19051175350347,194.1133055306303,217.38497358640208,200.93166118421505,223.1961188817267,239.3086971038632,224.82146043864844,230.9025291538956,233.93642698742852,221.63461498303695,221.06618314577972,229.3494203210284,230.0639987111758,182.7313260932927,176.10789209250805,143.1629123162047,118.36803023394758,131.973210365946,195.36521710527984,204.09994422579183,213.77611248745976,254.41859087126403,187.83561735378777,211.368172371582,248.40734768668543,249.0938464742001,138.0724830795789,208.37006227093752,199.2672682081176,191.12334677834053,189.61011977026183,178.8462429774562,126.10778389292258,222.7026197709642,249.5984299914476,190.48595634161464,215.59415644873437,221.12655628458336,187.24444429503615,221.76419236918773,198.1493309889641,200.46808079896792,189.3960470752617,258.0949829967953,244.61366232078157,243.7041066373738,236.9948699092973,168.06778745380342,246.4434846346389,188.88345789544363,222.7765374179905,215.4233004798224,231.06960517265185,213.6585713386565,229.28766466483825
244.5527489482442,207.06143823351837,247.9887201860843,233.09170014120772,217.77245953072847,238.40160036979412,234.62940480065976,218.7718429082652,234.29756497457925,197.49847514021,230.89099975730696,200.19113380127,175.1316227491225,0.0,187.11009555951463,227.28314668376984,142.7521922233898,210.1427318252846,94.11885179795856,237.04023965613624,180.55081843961372,215.78714887361735,166.9765518600268,206.38451415133864,250.290882600476,231.01121604590432,226.98493423126376,219.8511884469474,185.5043092338433,176.4780849873115,250.91112823861312,234.19754134613132,244.893945956925,201.69286808859985,246.63904680041796,238.10998207565927,231.1382160066505,252.23405195894568,216.7232467158733,227.2603186578069,233.5158611066908,242.8913110509297,258.03188871718004,255.3174300766824,262.4590321169607,232.2496914764028,206.28510958450772,216.9078546197732,218.6997162537952,247.45476009150016,230.2556344212228,226.04501281979503,228.29632855472613,236.42114794433212,235.9089472255743,247.89782964045676,234.20262292862225,246.1539604252239,224.88482897759255,218.51659585104304,198.79752875126823,186.72100255657443,163.74618319206778,201.7168434385229,193.5957933058361,212.746324455026,255.02968432617777,188.40831604121777,206.41824618165617,229.50277325186036,214.07095959031687,197.3454067110133,214.55487273856411,215.8530842482465,199.696742081674,220.7042724619461,207.33028833352665,179.89779634072943,215.2427747488576,266.65086355345977,218.0575060502373,237.89143370532412,262.7239694949743,241.54275190454385,235.30927378428112,222.860044815476,233.845667727638,226.56352691720545,250.22079115827145,251.43918617305323,248.0072925433783,232.460458607149,226.3478248969306,262.8219020941931,236.01496859294636,263.2195484564192,235.12487686308225,237.6627425747593,229.51671476587185,247.40558321438564
251.7013675964012,243.260167503172,261.8478117773225,254.07292485496623,238.30237361782707,251.4194144065709,226.91179380190795,228.18071844970228,250.7253833848253,203.55022097832503,195.67947748457996,198.80206292105856,218.99484623265064,187.11009555951463,0.0,234.7416216166926,221.0551503014175,194.946630375569,203.39229889365575,216.14802956851548,123.09183239568664,249.80872069843565,166.82277738503882,203.4243977303228,240.5316720262316,211.7285600616542,240.73022069481712,215.50654371700543,141.62514845874432,178.59982937314354,274.24747614721105,253.762418096813,237.30317265904412,211.24216279715543,240.2531416613596,236.0038185552578,238.4672074119954,246.92385028784315,223.71939788767276,237.5270808456939,247.83761662525885,229.21002687718664,236.906121963394,254.7283709903035,241.60352191684427,245.404143625688,243.92558859842896,230.9183348455488,242.0066512372298,250.8300368577438,228.5071397240722,230.28204759946712,215.5231663791073,250.80600228701425,259.00734070886693,253.6163194473214,234.7044109977848,248.90626342151612,235.2916578748921,239.8525754732289,234.04164862176972,232.40379369997697,224.91019489142863,256.7346076862523,200.250895847486,133.60707020868446,246.8824950303076,248.2385226622949,198.43259285200452,200.77766937448544,138.19363417454002,225.64249212924176,172.6991016070551,216.22729597016075,159.27607935984952,219.2631603893049,186.14972169187388,175.72256302252265,246.3592134575513,247.88211986447757,231.2195109269631,258.3746807057731,247.004602754487,252.9035978931161,244.8622221883363,251.49466447071012,235.4068880995059,232.2349086563114,239.06702390581117,252.07047119562628,252.19849806556704,232.6936191294235,243.5904522944776,244.05411524709444,226.46024895775665,246.6323038877645,231.42179875953576,222.25952949008328,263.8948551506311,249.02351280923585
160.3937622667063,161.62947841863706,192.35943080425977,166.5688069632971,183.2793716330112,208.8698659183503,139.56071409985967,166.31278168093849,219.4870536152307,186.071724617144,216.9613790197586,215.29272252104164,220.86363514690944,227.28314668376984,234.7416216166926,0.0,211.0290377750869,181.9516092135821,222.93731592686092,224.28120732670453,221.9391477971313,212.4033533967148,180.3735822084334,203.54720470890464,187.0900991854425,212.6564614671909,216.06709510695777,241.03124752932555,232.7129573791333,196.397598487786,201.63235881823385,205.26958387913936,202.23290840867224,193.2671637324994,204.0715089087564,216.3914235513336,219.0822247835916,191.2700277561364,194.34996887298416,188.0342158419504,208.1246710635497,181.33918599515616,164.55644447514504,196.00517838496265,166.2780784892184,203.0416892860285,215.09096335135524,217.15378143903217,231.72072576100263,231.56462617251108,181.1472769790958,185.4749291027969,160.36899419053364,183.4726085665089,206.41474059872365,220.05286259185203,184.8726324328208,217.17446979602897,191.1350116987971,216.6583843051876,209.4728472759424,222.49084554348428,230.36262942358468,216.9694843213024,214.5288878468513,218.6708262486942,225.29357882706992,224.2747273616743,199.78403128171837,211.3894216432523,244.3437834670684,183.7807847253408,222.91811021995116,217.68167376388809,225.9485659607376,208.11721060491448,243.34869688678265,238.5131612092377,232.62059314139003,209.53370502176512,232.64855081025752,221.0926240746244,189.3531571644771,200.55451270066504,202.9388650473526,233.7857751390999,227.95813072520772,236.6575054819792,249.29276140746677,232.1377237223396,210.5248485969674,183.7070894427208,197.8586092381138,214.70944842553985,207.75806486734223,196.1993404455741,211.1261038376536,237.99138829162868,223.3816598336737,232.54779331298232
226.92930108908425,202.84248654519496,214.2952797333699,215.5910441408979,198.64475528997457,218.01150446985255,220.55954496369597,215.1048939777491,221.96794384462044,187.25167684279177,211.47475254764225,167.17643037673216,143.0013451682879,142.7521922233898,221.0551503014175,211.0290377750869,0.0,213.75790770885536,116.16935667418088,215.908958849916,228.66144563757115,172.38358267808977,189.70759832944043,181.69466877021503,218.2244110641765,201.92111428795536,201.7108313953451,204.23393982330825,217.7707285347442,170.45754645005582,210.88014479075844,199.4857099991516,216.91965217649812,159.80083584311245,209.44042330845505,217.64294282636445,201.3840546919112,204.5488216781973,182.67335470107065,191.86121079668047,184.83824531875143,217.17213022873332,216.8560244412258,236.2636638755608,225.2517598601942,214.76299208177835,187.1727379710557,192.39557388393783,203.0798519805502,213.44468176809727,242.0533301748578,245.8509013688823,249.705024788618,238.33666187462717,214.8272170905225,240.56209747251148,237.02032167795343,233.65052007959187,202.47745417624415,209.860989487984,180.37249433647875,159.6042010426244,170.02720078616727,165.16257307310167,194.524388428872,219.22704812425965,237.9632848606716,154.79936987193105,217.66063778718055,249.17157791533103,258.74033520844984,193.98241132420296,215.35726511252005,229.6876808383616,221.61920950418775,216.92941538427817,228.2810244439582,181.9146743771923,210.3309768006025,239.32669263043664,185.85002214469884,206.6177723748783,220.6410204547253,206.58110983806552,215.9456420503909,201.76114132560195,219.5662007911166,212.7013521433197,240.9445329334565,222.47766596969743,208.22402922790627,244.04225629880585,198.53462129173903,254.6858892921313,219.807116744162,244.91601932296908,214.24277980378704,219.6140771780502,225.56255819971065,215.73558013987707
243.72079595978653,205.02347835752343,209.0321781956636,196.35458617772983,159.64444469445266,196.0025877205636,195.85338727158512,128.43942426963537,164.931474173116,191.1585330452623,216.6788868959392,213.18040845400455,222.30503681966485,210.1427318252846,194.946630375569,181.9516092135821,213.75790770885536,0.0,197.7860127565609,161.74256006446467,172.6466241557876,230.71659069064043,156.2119025344675,204.47933837260695,226.1942207264912,214.12920135835225,232.03179276673205,237.50439116850785,183.12417639118985,188.58507933063652,210.6848016686646,220.3358521332248,232.98543675632837,127.4209492580492,209.073899529103,173.17719577861735,216.718012835516,225.79959755326595,228.2419050602928,224.09409710586937,209.51375711135583,209.6273118009207,212.08873639293327,246.84663929607663,210.2018493532376,220.3279833953569,223.5202987659271,218.7689167917404,222.15165893490763,224.72846945090689,221.69180030515253,216.5530932756427,205.5867269173717,193.09402831826708,187.71468178444235,218.0589625843888,171.9113424841624,175.45245063471185,205.04842773924335,231.65902403406648,219.75520810447148,213.7811071746668,215.86369165338945,229.4976995920962,219.24167448475876,231.46876877002956,246.3195538068641,229.0042162821394,201.4114969946385,130.17331953986644,205.4208237764321,204.47412900152185,198.58020461870376,220.02142235992756,201.6158958583453,225.47846573989432,199.53689228599256,226.27051554026465,209.59049440780723,232.5402918269621,227.4127834084838,233.125321964453,228.24951435617373,243.49699370878977,233.84292092171611,249.41524514274013,225.3710697570865,234.20365663609752,206.5481229516213,238.88755748664244,247.97716614516256,209.4703194398396,231.867806914192,233.24281529337435,230.38948125684283,246.95490679377664,240.97190081007344,242.54426636644465,233.8468871949015,243.37875027795556
248.15003231228167,210.0789627298354,230.6431760516804,229.66442403259964,202.7885596868388,211.3844021454969,216.67961755358004,213.51219396478336,210.5905828207132,187.4642882736581,219.14651008187167,196.8704075844545,192.8035870875592,94.11885179795856,203.39229889365575,222.93731592686092,116.16935667418088,197.7860127565609,0.0,211.63772779215677,196.1518088843773,201.47703198843385,181.5233037666873,200.5681144824234,235.57617318138728,222.34820332403757,221.25443393540712,224.9350458891567,199.307104339168,176.40884628020368,225.32215778276404,217.98961535275,230.38445136783423,172.5046282711877,225.10220819203977,211.4734928863868,217.49211085583323,222.12911704363808,203.37582058741103,208.54834432424047,202.84654438258065,218.6253799003688,235.45254003532037,244.97678561310715,240.48795218776388,217.49616882262336,214.82701935082903,199.5621372469088,205.28156856220585,219.40724668186564,234.701102027666,242.0181639274616,252.07880565139124,241.49242144354184,211.23130182487316,237.6485455454057,225.665473338075,225.45855444805545,217.32114509414768,222.25533311218925,200.9559028199661,198.5997287706097,194.5421528656132,190.14296080013253,207.61410913026472,236.5846991895139,230.5121420160144,194.294013161242,231.24216705744277,226.27378481015117,241.2287765782584,214.8357624060608,215.97580486213744,211.164870247787,224.78005290365783,224.64814234588,217.5770422024276,204.014788197442,202.6846095380077,249.56443494890348,211.12982557099107,221.91206736538936,237.43053235355427,227.22323499455337,226.9450613821919,217.2640387900841,219.3881024182384,214.9561175017575,222.2513277900152,226.7833739713652,214.427278453215,228.77476714442005,219.0350635940946,250.637332762264,236.4721689312706,246.80090134408755,220.08096421359352,222.10445554025392,213.2873031071186,219.53548243907875
236.4190556731071,242.553284105944,217.53021977986907,237.0086523264402,206.5418862078757,207.85997549054483,206.63662692294812,192.0647543474697,179.973673523041,222.9913743980751,216.64544742822488,219.0782578308016,241.20784057305235,237.04023965613624,216.14802956851548,224.28120732670453,215.908958849916,161.74256006446467,211.63772779215677,0.0,177.6155929069005,223.00591295349605,206.4048481375105,203.81519145128468,217.50031170514092,224.4915891252656,215.07208248466756,235.56859012586068,179.9932834204322,206.1722996108436,215.6933884794695,200.1656208783189,208.62869601208388,149.12893431407673,201.32792166379085,144.78624858791957,218.6009502679956,185.13696730696552,227.1645725028286,192.56347942226745,189.4375194797371,222.42059348586807,219.48892409445787,241.89833807485,218.77663211119412,210.8172945018681,207.7593084356212,190.6094909907496,220.75451448104545,194.2433048128077,233.42338023602747,246.3458455228481,253.83694196942668,237.98769233329253,214.85563754523224,216.83022332475872,225.1955914245139,193.9513649748369,225.62180112045195,228.01049760259303,235.60995336972027,232.20307621212447,241.2899589429819,201.27801362775077,192.2269551861114,207.75533112584787,197.94094304547627,190.78267004729665,211.8965700784373,189.19038224218772,205.0651095141431,254.67517487126503,207.24817286048528,225.57127214018655,243.85477134105665,241.1366405044824,213.31084059047015,226.99949222265496,206.2309605714694,187.2252338835708,216.17256625814792,216.57128931201785,215.3601665840501,237.0956514735208,209.7740212337294,229.6169444922268,211.9035737469653,207.1339735924481,135.0884202930153,180.68145551295456,196.6442518936044,222.34640892809077,245.6210205064725,224.00159092136056,238.9040992685443,228.65056861531485,202.73159336853016,199.62057406346304,230.26112966302796,202.87371594207053
260.5543868556059,231.5267304373689,249.06931847522105,248.49400863205116,225.00127827339384,241.0475045980412,231.41424338991413,208.64598771732165,237.7852915932492,214.24905042773725,228.1752474330684,212.43724364552767,231.08037349743944,180.55081843961372,123.09183239568664,221.9391477971313,228.66144563757115,172.6466241557876,196.1518088843773,177.6155929069005,0.0,256.7366868815971,155.53136452872343,207.6659886590732,233.5228762182987,226.64945250650288,247.96558111929664,232.618024838462,130.6599272132223,188.3019688588517,268.62452527912376,245.32409133533235,228.31736254179128,193.32299664729692,238.38620898644,237.76545357930013,252.93067708050236,250.36580182530375,236.9806842608305,244.5821921931328,262.49729763195853,251.199203048303,247.760651275012,265.1669466089238,241.5326790016384,253.42106186517407,246.76110147187572,239.557846495846,254.91524119530573,258.46067217520385,229.21099891184613,225.2218221982388,226.90205639430224,245.2056155448816,237.33229385502767,259.4760874442867,233.62992435266764,234.85158374260777,244.90521756698328,256.6454586213397,248.80996917785063,239.32340769840067,217.43126725724875,252.3460406570936,185.73524775008903,147.80496432146265,256.613420943354,235.31076440189497,173.48366901683593,168.63906622104696,109.07955498279392,232.87740235818245,162.6345909204951,222.91712091880615,177.20125573065457,240.8770715543276,188.5266360009995,185.6844617382349,232.84400860449452,239.0531355998138,204.3288867390652,247.7755201274448,250.5736287152677,252.095922030643,233.68496980677543,259.6737702816081,247.3036053533418,231.3467495335035,227.81702372843355,242.78570656271648,244.40243990866244,218.57156292763025,258.1714107951256,249.9925091740871,243.2599888100119,257.599978825086,236.73294112570545,221.59312862338555,269.3821078910737,256.8338258790501
