0,1,2,3,4,5,6,7,8,9,10,11,12,13,14,15,16,17,18,19,20,21,22,23,24,25,26,27,28,29,30,31,32,33,34,35,36,37,38,39,40,41,42,43,44,45,46,47,48,49,50,51,52,53,54,55,56,57,58,59,60,61,62,63,64,65,66,67,68,69,70,71,72,73,74,75,76,77,78,79,80,81,82,83,84,85,86,87,88,89,90,91,92,93,94,95,96,97,98,99
0.0,187.33360823394727,172.10105262069186,192.438169342068,198.94713946022807,159.51203068323608,153.7726360860637,181.54483627184183,171.5924012185037,130.9487484352788,161.66411933357818,132.1318428688508,155.34182756142692,196.4959687867544,174.7524577717195,165.7759646705194,186.8262158222713,195.4672465547298,191.04259620543309,152.99172704928208,175.80414483015102,159.78126531785728,182.43310257031663,174.64187048324305,174.68552367407443,173.12379925879992,199.052202180278,184.80259858442963,152.78907969659844,165.36563881993158,170.6114905047957,158.09097702862098,174.83904709126614,191.38674018282944,181.42460292850944,160.8605095773692,189.99135328837943,175.35559198137815,195.4815679760256,166.7241713150077,190.42686137046175,165.77527699999234,179.54158980903975,200.3308217910905,174.48950105982755,200.8418295086737,205.5580887172606,196.39223819750111,164.06151088560307,192.7908409665943,116.35487972617466,188.17229351222147,191.66745628438383,189.8613250949037,173.20946908246867,160.53138507886598,192.41333988524465,198.95875462274068,140.91924365225515,150.37508543805086,140.08818555667472,162.36768554950464,179.12743929638967,205.00370589380788,191.7432598749301,188.8401695393905,155.72369844936463,201.9563162642105,199.0346019145499,189.19887648148813,152.90016908338998,158.6931984091405,188.9675751645489,191.8297416245552,171.39391109944674,156.19790490151422,161.782070558425,153.42086994165777,193.9174590811805,158.69141694549646,205.1466501300266,203.4945553120708,183.5243472200889,202.4794613215344,207.24082405141624,202.5988299035769,178.43475935777835,196.59895377188008,155.24526374720514,194.28538226691933,173.1707979034075,175.17859765461083,201.21439569789447,178.38745405821766,176.29239664786104,186.21564955083423,201.90757643206217,199.84908425249972,166.7136639001714,176.73435894330223
187.33360823394727,0.0,92.87879255750993,75.96341264872635,101.84320491119897,141.54311557561215,188.70581413852213,115.37725474911784,122.7876122506022,155.22146367923978,195.0212838343708,177.2782203793681,164.91176217900235,181.01748194762536,198.9997060210125,176.02416102818728,174.20212755469248,159.72783160180347,167.59105301649973,168.7359969641924,180.99551041581984,178.3633865090101,200.26189988517075,164.2300690757865,217.99703216097583,203.02157729873105,200.46684772601395,204.3015719672613,170.45160543978074,195.55167296913285,181.9924262751697,176.832717311213,189.5314531125111,174.2626890753528,172.8667639276861,171.14510624309602,194.731312100598,183.78019694849704,209.04655156125943,201.62413333815448,224.4788372865651,203.01131087752515,179.2833325009849,252.5936649783942,155.2825341268232,237.8415726337186,221.33427112817503,242.34291421248423,215.9124922353413,227.0043288857248,191.1836017864373,71.06642427267857,141.96461897263356,75.65871685851857,110.2779737167814,149.4221638469498,138.79316133435145,118.29980820063425,171.1730926194636,192.75857231344668,170.13811971649662,175.21197560877488,154.39167814243126,171.7469971686395,189.0652050766149,202.93389323294008,178.8082572303292,170.46631338825543,163.3435561358259,140.14392387633933,169.2350795978532,157.7160778239871,184.62233209308903,186.3895079741725,194.23384696223096,201.1501293226749,153.9898225733915,186.8868814211953,230.94771274331157,188.75894603688351,198.76125688333127,220.9200120504049,169.91470220394996,165.3464670789739,180.48716081391524,182.5370993991797,170.62942899245917,203.28478914999695,159.56140705777057,189.26975553187717,205.7022963985688,174.0896502475881,188.6889145880668,199.93514517305007,158.88776147769042,232.9025516728593,220.67061490832683,210.06224142567143,210.4023493690345,210.3550885671688
172.10105262069186,92.87879255750993,0.0,122.03559065880604,135.00622935863265,99.31277143412964,173.41514121701414,104.75285485075597,97.7983736361417,133.78532918287294,160.05258911450142,161.4513295580312,161.67619717172656,179.30933094371184,194.97936864133632,168.6105280229851,167.8357861033522,153.54973338593788,166.98054390343802,163.28629723132985,182.50111106615603,171.5818139490458,198.24962369606817,162.746288617333,209.56821188525296,189.0257919805952,195.72852615450023,179.91092757166678,152.71129129629674,190.8768009862276,182.98789284205645,180.7958414929128,198.5530166810906,175.72976909001932,172.62078956820915,149.71902996944473,179.72541400506842,181.94918608777945,197.57807950856875,181.6908000658654,213.87734494742267,195.55780243239883,180.1324894458383,226.0315932605937,155.50013553086896,226.18324648138127,225.88248975520355,238.6766334952028,196.54577354378185,206.82473572467,178.2783115174418,74.409672101225,164.79817263536322,123.74528588642704,88.91351478418969,118.21849930067609,124.913272638243,106.46149315603128,146.97962707707993,173.8385319487208,151.09190300123726,170.09191301678396,155.2988501452732,186.0979975447982,183.1049604844064,207.2462156974534,161.837185593114,164.66337866811654,172.52447857972305,134.06328928711406,171.66736874558316,151.03624204986028,189.41557026115615,177.04668697279547,180.04391708319338,185.5354747726988,135.19693054918747,182.1007264731593,211.74957716047388,191.3803780679883,199.0996647321027,214.89641394428213,165.73997085623537,156.04875361604496,175.14100474139008,190.82067067516755,156.49158992739842,180.80045279318412,150.61043584852632,183.95526114036585,206.71345527328077,182.60012233932488,181.97263935347496,194.16008931067725,155.37437146757287,205.0132424263554,212.78135066628292,215.9595870669021,198.917843921768,190.5671487602896
192.438169342068,75.96341264872635,122.03559065880604,0.0,88.81217495320816,147.20093742272013,199.6654262676316,133.53487985453796,123.57522274260025,175.53015576717792,204.59420573844105,200.13933543506192,186.8123790000481,196.67594989691355,205.6202712618052,196.2521462677421,199.87663531636628,168.294723542052,192.3543106707016,179.7820085802911,196.4567199330683,192.38305644431728,213.86136271521525,182.37281982739893,211.96383459991583,210.24620948729256,205.30866641165332,202.5218654791124,183.44627916498305,198.76012749725209,182.6713249780861,180.14085372248664,193.54879843507035,192.2966795434729,187.4852442794148,167.0541801429676,195.9247035851424,182.46725433877748,206.47201880002305,206.39843448968355,217.6724312992308,187.53291281992483,189.21454296277943,248.56797359043168,158.6305148900361,234.73445056793628,216.7569533928132,238.7232360794033,215.650188944031,225.9255196438473,199.03785637866508,98.40093089292674,164.84042625827453,73.36046437357498,120.4626664011907,154.55691118426375,150.50185464009417,123.60108161794496,189.92093412626969,211.3626160754628,197.01747915114572,202.1265052133703,181.0339210085376,195.7583212502574,213.8019436642134,217.2828525674011,191.97963742101663,197.9574180365325,183.7276192476217,155.54003389312584,182.87250353815895,178.716245603877,197.32346447881147,190.8395630857918,210.92103229156868,208.87573494614225,168.34489857180725,191.14392429968396,229.87891647092815,187.5690841426688,204.4008390763373,219.53735144558647,189.7640711452915,180.59811333617515,183.7089081341973,190.88587806125847,174.34023007533358,205.1895969297236,165.3185125056916,191.36957139031855,204.8308404876477,188.9065339038914,185.23090015509317,208.15321248383057,178.0508822315527,235.0395176609503,218.32255375898995,211.0171308409336,212.9463892033592,212.5508500232242
198.94713946022807,101.84320491119897,135.00622935863265,88.81217495320816,0.0,161.19470877795675,190.99882003110488,147.16125794711712,133.50829922286363,170.9654025552984,206.95303873965943,188.6866832099349,188.81612504768827,185.21018128421096,201.52084580645857,187.17127555031655,187.64781308012036,172.03317895930454,180.70021329964092,173.9531941746584,191.6340827764764,194.02987322057024,206.0992140797157,174.55501961268965,219.7240318593044,205.8102194963314,195.68576005445212,214.399054267882,182.8805546266937,206.3000429485142,184.85801245872847,191.77638954169333,192.2020241983222,179.40677945532315,179.89920004287046,176.2791748346209,202.80899474369693,195.3247249991512,207.5070993985336,197.4124367824893,208.64949692068265,197.31534044626449,184.98250108192832,254.82444547824852,163.639692972369,240.87285504034625,214.5891472353449,244.76320704770524,212.5321741579703,228.15834567286944,211.6118473670221,117.21249249914914,159.539953081279,84.80115446471862,119.3194033110152,162.92110665848645,169.2737402445988,131.0276983018805,184.3807519315021,202.7985084815396,183.61149942781495,202.3923962220796,178.02140849112158,187.23745675411837,210.07685425853373,210.24713571734443,183.49960388349731,187.83186060627355,182.6706423193246,169.48635002702872,179.10746562171198,190.2586780298444,200.93450301189708,194.8136306902962,188.89424638216343,203.50673329272556,170.6537616461921,187.9622180537126,245.3293272268269,206.63206196477967,207.7772355289724,217.64835790254585,204.00311478021217,194.4015515152717,186.0033275847577,197.19130822594676,188.3703428225803,219.1965811052084,175.58250002602333,205.33913665810437,208.8061925068848,189.46736303048897,192.5595273514608,221.2359247286548,177.93440877374007,244.3023477635668,231.4434303756168,217.19076443526777,219.55866382775048,221.94738336609785
159.51203068323608,141.54311557561215,99.31277143412964,147.20093742272013,161.19470877795675,0.0,186.74822456443025,149.5600816136967,86.93696791363737,127.79785519227416,158.9384937962218,158.4731267501558,150.74068974509703,193.52047754747468,201.8378958285353,189.13910677957952,176.61325288967456,182.619313473112,184.2933766932825,165.98259147093353,192.0145161015522,191.85690501669745,208.164415391722,178.00318711202345,186.50104624926536,186.6282880443639,207.13919983776336,176.27783133436418,157.91064462291138,185.9124421440569,170.14937556432056,177.37555101260284,192.58865433615813,196.23283177131907,186.45169103183517,142.38318700526517,169.43693456935193,170.00524399956817,182.47249781113555,185.58167151989443,201.99650993457288,177.84331735629652,193.05200622121535,198.7240071124494,159.5639805232082,207.11762199154853,221.62983252588333,228.88209143093528,170.16554598058542,183.5953355065899,161.657005318307,127.58812655270242,196.75052583651703,156.3844697996505,91.07387200455392,82.03830093695592,173.8911976445786,116.93805307160898,145.24232562677236,162.86718451635736,149.18524587065434,163.30218738163504,163.432458453783,204.99430352053665,203.19434835162417,210.51707394588175,182.31228278810016,184.4740465841752,198.57575385151452,174.95832042255472,187.65819241761807,177.07417440729552,208.3432410765018,189.94812475651685,185.5983452267052,187.5809575118101,149.073700839779,171.86318292976378,191.15489396743607,179.5248682089661,209.57738736740168,219.900780965651,180.03693478084642,184.31200180245247,189.1477561510513,208.23286581614624,158.6137841485043,188.75869900615865,147.40426373671704,186.8452925444157,187.5990645886924,182.86581889941252,166.06548265452875,184.42230519139952,175.2151668734327,189.3821457334024,207.67078341570863,214.6184103646589,169.4799456320364,168.91629027235308
153.7726360860637,188.70581413852213,173.41514121701414,199.6654262676316,190.99882003110488,186.74822456443025,0.0,142.3218102611143,183.7363611128606,153.4961764447308,178.28056018906975,140.95755367449294,184.647441645344,149.9810987367348,155.6921795792045,96.05094267354464,138.14007471572944,145.95888654167618,129.57304997410708,131.34382751654988,149.15049206549656,133.17304899603354,143.3914556459274,161.43140678687996,204.16695372546363,165.98993820428552,191.67506304940224,202.65879763300651,134.14180032998752,195.143841347272,182.078149308261,205.25211657106547,182.82660524202225,139.96435943994825,165.3865733448785,179.25732548836163,216.66845905857008,210.81673790964615,225.95735163893056,134.9179917274012,210.10144301507552,198.39001184025688,173.53370547037508,234.1573433899817,178.2733083842349,228.49831215447145,222.86315294047228,204.00352871982565,210.32966150510757,217.98960828774847,177.0467435659814,181.5136585391728,122.27294645473884,189.1207718065178,186.9886982941372,191.3793414977264,149.206726854703,179.71265950091853,161.54545930886547,178.26150646448878,150.42003188477247,190.905148843544,161.9121983663046,163.03419186463952,138.3109197737441,166.26286622638784,121.29016897760256,132.73805578566748,172.81962256909296,151.17828761311378,134.9947275806727,132.32316209368702,138.5982049275323,153.55425470371614,120.3353946895054,182.7724108288756,143.17799836171525,157.90872772175632,227.6090036806328,207.2326873432198,207.77200253982963,218.4469129207671,192.63618077995943,182.0426441241676,200.85640740817425,190.13042385705137,209.5674828169524,205.04856994738876,171.876377854105,203.00349081853903,194.73186016419828,204.43381031555597,212.796676683415,207.589872917251,164.9236526205113,225.53257099596857,233.35258001840012,198.79635881285253,216.4325858523617,212.0291081935582
181.54483627184183,115.37725474911784,104.75285485075597,133.53487985453796,147.16125794711712,149.5600816136967,142.3218102611143,0.0,131.79644039758887,160.72773456065335,182.6239145569853,172.70178751482007,172.04530341243245,169.70652640867328,172.65408841224536,135.6305413530291,161.75169419852028,109.19036969456084,146.8640806703763,155.5606508148639,159.32463654571487,166.6269094198372,175.05386608936809,161.88551876102633,216.5262052359048,185.25810220536775,193.6770052904121,191.96709191462503,153.35816175378227,192.61561246926337,202.3913869081488,194.43507255375405,200.0253430045774,152.92439672511966,182.42448848320163,176.8580305983184,208.1164500059189,200.5008285220829,214.64707885776252,181.2702975489676,215.51610819265716,207.62200577447567,188.73873064887363,225.02372013450275,162.26216675512524,233.971405814416,224.82958378169525,219.98483562395543,222.9634246440063,221.41401426663444,189.24382670543696,103.25114923883044,139.232472453944,137.65651971343587,126.94448295065068,167.52034209823444,56.7965896128073,106.89693269358835,168.04030047131943,187.52290574678895,174.56998866607475,185.5914607486893,152.3247479299677,175.41551484154274,155.4993288385432,194.1716967864911,153.3433338325143,135.95107607765135,153.46049239063143,90.02723546112377,152.49041070695074,149.13297040143303,152.68392531724368,163.04837095073404,158.8307018763899,190.1617904379605,130.02485395504016,172.64714389322944,245.095663889856,202.27784542397208,191.2028799127904,213.59520961489744,189.68332451815635,171.79611129107343,179.45466900831855,190.3687170734443,189.4466339468752,191.5481990470254,165.69835459619117,192.0414523533992,221.4824396700685,184.11002252560576,192.37777547954855,211.3798065867437,173.101957475261,220.9784079952952,228.91512861504515,212.89410441949747,224.18014519589303,213.60017304713745
171.5924012185037,122.7876122506022,97.7983736361417,123.57522274260025,133.50829922286363,86.93696791363737,183.7363611128606,131.79644039758887,0.0,138.19238422410402,166.1534211241377,170.00454007911506,156.3020912736552,185.32587680315345,183.44142689827063,186.36555284253015,174.99593453699953,155.04120037898528,177.85983707943677,141.57244799903847,178.9217024864432,185.0898039463342,197.27989197370007,155.63337764226705,204.78758702085327,184.7141695687876,197.1693590517474,172.98130104210267,140.23402693087877,178.70115838037665,190.1417123783085,191.78572331583732,205.92930452707395,174.07148341974892,181.0212916437809,115.54620764253706,155.6872451391814,174.96326408373943,192.77567937299855,189.58278531912973,190.10370856944175,177.21775427326563,190.6831712899861,202.79222360891012,145.97048089575816,214.07163337579797,220.5543345419716,229.6102867759877,181.44419755313015,176.39614999435526,190.6674681285638,111.85386008112532,192.71497008841172,124.09182420047576,78.12846548960215,90.09877616565028,153.7984179249072,63.22409604169674,153.1195677210029,172.7658004986067,160.08629149260395,169.34212657786935,161.79015491762814,203.47806009658663,195.31279985159608,206.3680921001365,166.94601802821433,180.26601168603577,169.37874384312676,144.67460369715764,174.969237804638,172.05996845284534,205.5196416034424,180.21231635764104,179.83340565589455,192.96875710699925,131.24628590631244,167.08231667819956,222.4560765354369,192.80691337726785,198.1952256602004,198.74526578356708,180.59516253258727,180.34174332120676,182.5616687872164,201.21409530380453,143.03157262907314,182.89154629137283,121.47710957653194,180.65460990871463,207.27588570088923,190.4686855909584,173.49649585649868,201.27730809090207,169.54687962677724,189.78744769563025,209.8842975424211,212.30466280860156,172.2200799152731,165.2479821087638
130.9487484352788,155.22146367923978,133.78532918287294,175.53015576717792,170.9654025552984,127.79785519227416,153.4961764447308,160.72773456065335,138.19238422410402,0.0,139.4052554130506,98.20578861470868,131.36368120373746,182.5076308959293,182.6545969279821,171.80130129403787,168.26624323472,197.85270433247916,184.39737529078397,155.813035115671,184.5690653056747,176.993684400126,206.12166855654937,135.86408321118256,181.2189680068693,159.70897328572818,208.14688814105492,203.39309272536724,142.99912083485023,202.48104007994823,139.60027927779288,153.66986461130193,160.82180555875811,181.94420305465712,178.67084990132457,156.9868163611177,180.2453612404304,155.73728675522824,164.36911977874146,126.58279088343612,187.243441442904,187.84385418108903,159.8325237021184,214.84721427065975,162.58235471011872,223.10851681423495,215.0156674159248,241.8942156930955,180.36056139125392,200.4999921104061,156.83288352852531,148.7985978318493,172.11174416867104,159.09067234928582,141.327426840667,131.74750682547926,179.9614730430502,152.00849981704255,95.07566645900268,123.8047178052585,98.93253013044898,144.23313238852936,154.35587410607866,184.19730566306856,190.82086125654692,203.62201721567183,136.72518638808725,184.2679704781967,171.5688616150503,185.2585048712244,163.74173806430463,164.6667460270915,203.83517549133109,170.4332752934326,164.8628917560146,155.01403121988574,138.03348089245043,174.59701773720153,214.8347046288623,164.36104859365622,183.21203808734896,204.72975414225985,163.8008300076915,189.45576030308564,196.4065638506539,187.29173999783407,165.39665054731947,197.89128566566905,143.86030046552958,160.88288336941747,154.060352582278,151.16949967002023,148.5561756737741,185.93896834371745,141.8727293177053,194.58616332908903,204.1333962216565,203.40854427961187,190.92059829788155,182.16065531859292
161.66411933357818,195.0212838343708,160.05258911450142,204.59420573844105,206.95303873965943,158.9384937962218,178.28056018906975,182.6239145569853,166.1534211241377,139.4052554130506,0.0,149.517419860338,172.6354993666129,216.6106189102188,211.7695576198645,192.97339390881484,185.93918655024777,191.65580591251268,195.94952123341292,171.31079572027062,189.2118951518285,182.5730737170415,220.74699431850203,165.6017429463124,175.24386971392616,151.60057749769297,222.08657318255624,191.50302980100895,152.15704972005966,212.98423042257716,196.9722129505536,180.22977068227675,223.5218976170391,196.39578088454869,197.29383354635087,153.15812925061948,167.79376482941242,184.0499736159736,190.62212314982625,160.71684088532032,190.30550981440703,204.6693584903882,205.66350887101532,179.33820938854387,183.61028365810523,219.3381281589213,237.11084253365735,252.59716769252137,178.98563074081142,180.207121398826,176.83201685610084,178.09686916229603,206.95991321852492,199.5190752394776,171.0628195382733,157.11870893334668,182.0128719808569,181.5508962755013,124.58674781455667,130.41314943231345,144.70870374364662,177.33422071355733,203.50044023470548,225.44207340092615,201.78788925477795,230.50763019769244,162.13081969316733,189.9186316971156,187.6797869813969,183.9398277021781,180.4746366266524,198.63234624340416,229.5547177686172,174.954598228605,176.3873792593697,157.7965878226447,166.28723622959615,209.09437023309687,213.48759083246688,181.7464095815015,214.5551194827457,203.6567317265984,178.67501871116826,193.3861407958553,199.16416653367415,224.53221068759228,157.26816553711265,203.54073157168844,159.8561759525236,191.93707577452665,198.07579490552197,194.10592417383808,187.54555116719555,208.4206800911947,169.97126789918315,176.55647506810078,214.30292592633143,238.9479216556533,185.3454717405693,163.396680098502
132.1318428688508,177.2782203793681,161.4513295580312,200.13933543506192,188.6866832099349,158.4731267501558,140.95755367449294,172.70178751482007,170.00454007911506,98.20578861470868,149.517419860338,0.0,118.57441340038008,150.05898327814123,168.60473973618187,151.18619093931133,133.21383044936255,202.98889832073385,156.52074257301445,158.66310488850849,167.53007921890082,141.7103677630356,183.8084348775677,145.40269604053685,198.45217302778684,137.9767825359044,200.66685200042912,204.8118689521159,153.35149513234722,188.8640331478481,148.99293998865,166.6266989518475,172.80025967637312,181.6295958252059,175.1391077526855,181.20506739972316,208.2408775480308,189.9416633509692,198.8012632360968,136.0147260437659,207.35222962020768,188.6626880279678,170.02601885155707,222.8591328485113,173.55137959377788,236.5182556820312,238.3731674363002,233.096658201725,189.4943205510772,212.24881318775093,152.7105635888378,177.2074976187476,159.4208381007362,177.77706531411133,167.35104323094026,159.50563920378892,185.0041388130616,181.57465403054488,132.0750283187109,120.59174705994934,79.3924801336594,129.46922083736192,130.06385679800113,156.62361071156178,162.724837978872,179.2261505537012,146.02386059523053,151.99320339342822,174.71046433153575,193.2274007009161,155.5181043932131,137.81485903885078,188.549483214906,178.34747874038368,141.82614561424478,146.00148896741678,148.7809990972786,165.98579542756204,219.7256118672773,164.90167048468993,210.2790884632522,228.81904836154467,180.3669741268432,205.2444831582912,204.0034717679353,199.471023198106,195.71467423842537,212.0964916903532,172.50226531987778,200.5726005284152,169.36803761605287,165.2413399263494,190.27957638594225,201.38008906887995,152.88433221008455,206.7627373864684,224.8315113937288,213.0076614605806,196.3086011803541,194.54546659238216
155.34182756142692,164.91176217900235,161.67619717172656,186.8123790000481,188.81612504768827,150.74068974509703,184.647441645344,172.04530341243245,156.3020912736552,131.36368120373746,172.6354993666129,118.57441340038008,0.0,151.3162245371932,165.1676195777167,195.758742693806,172.48461464248544,211.53923935101707,184.11175370639032,176.7553853982625,177.2354403847741,159.6519906176719,206.8032141915104,156.35425399016117,210.6323346361894,163.2030550706144,181.7239782718401,185.68806390490093,164.25919638601968,167.76016318377515,144.19605284281167,147.57338340000786,164.92767659197892,199.24953348990744,173.9517427587619,177.0178202144407,190.9446329129221,166.5123842275587,166.3904226995731,173.42293704566725,175.90666997168225,159.81847580154528,153.21789322007606,213.9587179562398,174.75060835226418,188.9856021037755,193.4905265198489,211.2310149263326,175.37603337736113,187.8462203995228,169.6650648949626,169.31594614663567,179.96837127040646,167.78584873603947,165.5094642611942,154.3226237816642,194.97509073011088,163.4612475105423,159.76543213828697,151.36428380591312,115.88684058763975,67.10850650807244,100.90860203864332,175.86751197010534,183.67488119983653,175.5091543000269,174.79527422122732,191.868609114224,183.94487977131865,194.87059334203263,177.52238460048324,143.38245286699225,205.57307876754544,197.43959071306088,189.8232595502301,179.2302414923676,154.2135653273986,165.10222456945576,215.73766427805197,149.23957055282798,193.6357796839725,211.3147934570424,192.38195354145452,199.10209184638003,193.92453842294395,182.64899701117216,181.57471666571143,195.44801087026605,171.1957208381886,185.5807409564398,161.3794390561443,173.34280713087296,163.86887190414177,189.51801819747368,154.46559267797,202.24886451202445,177.91424120446112,204.91583688588847,175.9504398251817,183.3951721622911
196.4959687867544,181.01748194762536,179.30933094371184,196.67594989691355,185.21018128421096,193.52047754747468,149.9810987367348,169.70652640867328,185.32587680315345,182.5076308959293,216.6106189102188,150.05898327814123,151.3162245371932,0.0,104.89570733491422,144.01321462629537,132.9956275558733,171.13201761058568,110.26459798992164,159.8845884015058,147.1990427529566,151.37618237689415,135.27176558113146,165.0414496038398,231.40160855710457,185.55157619137552,173.15927942814062,201.13165964622223,159.82690351178314,165.76499104220753,165.59866261641486,192.14017415306677,156.24159209301797,153.7606891078641,164.45704652475916,209.55186329349016,236.8755893157125,206.04692204214768,224.32969123387812,182.2698973753308,217.32960079661763,176.65159885889807,170.33163967250908,267.4211342619496,189.1354884755621,228.5507431866419,206.37093252362317,209.1125711886507,222.63224977300197,241.115456771278,203.41590587399796,186.96665124075656,130.78341093110268,173.35186846714336,196.68592845196616,193.9312180077204,184.3368144245241,168.47318716409364,192.0967467990357,196.7269181816203,159.22522097090393,177.01795944844395,115.84933322583754,115.3593713097532,125.88304209887224,115.4981035421838,182.42236107875272,137.8873260458994,168.1425050036666,172.14762575759954,138.56752697909957,142.7659977420725,132.05555436946565,189.38684831085877,162.97856944821683,198.8184285615956,152.57471961075785,156.9103825539159,239.0871975458157,198.71562733620368,215.54058680059444,230.5991584608065,222.16032428266237,196.6462890834985,183.87539824293577,174.02196464517624,226.20769625968887,199.39440769195411,190.30906188566132,221.3017196298978,193.01356245869616,177.69692605977264,200.42540486338004,192.34801900130785,204.76437818381143,252.22629309033528,224.12325268174695,187.25602349718008,233.83147967921855,236.38040565063412
174.7524577717195,198.9997060210125,194.97936864133632,205.6202712618052,201.52084580645857,201.8378958285353,155.6921795792045,172.65408841224536,183.44142689827063,182.6545969279821,211.7695576198645,168.60473973618187,165.1676195777167,104.89570733491422,0.0,160.7296090833891,178.52639521992506,166.65239355720826,144.14221942954333,157.4859372348228,120.57252512604173,167.64355787870596,127.35637779054096,175.65130292743413,212.74357766084825,187.1852881824734,166.5470197466449,169.08346979174874,143.0756821208487,132.99706135444603,199.60018942568317,192.54720270355276,172.01438874192922,166.25096430524042,172.24627544048866,204.1541497146241,225.1919391250916,203.43320127929937,220.36187481458947,191.5352139062033,208.47794174797215,172.0402979738995,187.11489564619436,244.8676578162473,194.3986090325696,201.65006060520383,176.51009738910074,182.46818178719295,221.94612907991532,227.21637560300647,202.5139635418408,206.40030828285435,165.4429350888285,188.73880029545376,202.42965396884824,197.71383493943117,187.72220024179737,170.24713470896705,181.11571883133703,186.322109223714,173.2910121722212,177.03036153132552,146.15945592296583,144.31800309182827,110.38998880658283,93.6837234289092,187.85722187859213,158.15663384439983,174.36048563105595,165.102849772798,116.099099059103,162.47719801099055,126.98605132618636,198.18094391848985,162.61983549078883,202.05543921393885,139.9238065468116,134.78968012569405,255.3526454117514,203.88037894903863,206.95594460914796,221.1719876430455,220.57728132965724,207.6023699052973,192.42626278006807,182.62414013125547,213.80443690073503,191.93555441153188,192.2641549204862,220.47799687915864,208.42060933493343,190.36761776319145,215.0187797348885,195.06913376705904,207.2374954771817,245.1426248330617,218.83862941300737,189.3022190344828,228.71267380774665,232.9542190381071
165.7759646705194,176.02416102818728,168.6105280229851,196.2521462677421,187.17127555031655,189.13910677957952,96.05094267354464,135.6305413530291,186.36555284253015,171.80130129403787,192.97339390881484,151.18619093931133,195.758742693806,144.01321462629537,160.7296090833891,0.0,128.54722014498677,135.8528783218679,105.44837016870436,160.60088980474873,147.59392900469294,146.14461682739247,133.46953468028545,175.08550701985013,216.42605143658972,184.1544713599046,207.85597800650305,207.1855395957019,158.8283189269264,196.58948399706,199.67067381578292,198.36711736970528,186.86951496676664,145.02067660471982,173.19154534491872,198.14714138811564,231.98863295943784,216.8613134503533,234.9222546335578,165.16648426779346,231.70365241393569,215.5193808420265,195.73408125412857,240.21416171829455,178.218598407328,242.1529848274923,231.39468284035345,211.30616985294452,219.02599322543267,232.01728446822625,178.94812647604206,173.8902207656682,123.40312328223696,186.0720754813024,184.18905562029096,194.94715267526288,147.38862785618136,180.99562075721715,173.11723572755923,188.1024390376137,155.8046630933223,195.3560593336776,165.24350957858337,139.02850993603442,121.11261267659876,161.39555043623255,158.32139104072797,120.66407116995892,178.4366426712504,150.12699570293478,144.8605032779729,138.8541906452394,127.16016255473662,169.91905110764384,140.4386197668301,196.29693679062743,164.17810558212565,169.71906864286154,229.59063183738647,204.5176393201707,227.9398851289967,233.1177824806292,196.00410028821116,196.5893663952448,212.25009228389615,202.84172441243803,222.17623094247216,207.6106873997192,189.90294174842865,219.06435974882984,200.9791911513653,202.6288488223948,222.77620508550092,218.56086518967777,200.90238148316467,229.48898799241192,237.5586546877487,209.1624324626984,227.4235518827232,225.3752995962718
186.8262158222713,174.20212755469248,167.8357861033522,199.87663531636628,187.64781308012036,176.61325288967456,138.14007471572944,161.75169419852028,174.99593453699953,168.26624323472,185.93918655024777,133.21383044936255,172.48461464248544,132.9956275558733,178.52639521992506,128.54722014498677,0.0,151.90541950606712,100.19277889824866,139.16794704112812,163.44123003168164,135.61310753602578,142.3230521336235,131.71240278936114,206.71074141944237,172.19150542889375,192.29876924418332,190.51091341811832,138.37743231709382,204.6756139909443,193.839554827896,207.36141910945136,205.83761903144145,117.8451256106442,148.58667838521916,178.20250933592763,210.8140215486485,217.0852562711814,234.9593056547191,172.0348988530813,208.50986981026028,208.15334350211887,195.9098606686717,248.2274879458551,175.98641495808158,255.4985439604532,233.70086377636807,215.3434525520865,197.3620952951573,213.22974216280844,180.63135949661972,170.48710055279207,151.48296107382123,180.92834320220533,183.60114909153597,186.06977412156093,174.84615630865108,167.0179286159994,159.5390895586388,172.92012830063126,148.03443635639118,175.43379491232028,133.96204299496617,132.0994300007695,157.51758745364145,176.53283741967033,144.75054127506007,108.86093652867848,143.8830038888337,164.7927423708089,158.2514206348822,131.205918329852,158.062153960416,178.71816969595375,123.7791756611986,190.09237167358737,158.00296732259994,180.8128322411102,246.1824474545212,209.7316702602893,199.2367562155193,206.87673049172628,187.4863321537374,176.3801384913794,193.13565000871196,183.51631602397288,200.82405936544376,202.3044804018998,168.24175604578082,204.90892259891075,210.76829923735983,181.09195835956757,202.6349288137336,217.8716824015532,187.94742501983345,222.89477400966467,247.02734663769183,204.7311385043891,210.44915705461165,199.73250005791152
195.4672465547298,159.72783160180347,153.54973338593788,168.294723542052,172.03317895930454,182.619313473112,145.95888654167618,109.19036969456084,155.04120037898528,197.85270433247916,191.65580591251268,202.98889832073385,211.53923935101707,171.13201761058568,166.65239355720826,135.8528783218679,151.90541950606712,0.0,121.77599769116644,131.93776658380978,140.0694664240978,159.69463956165092,140.2471994410607,157.77313326096453,224.72919614350425,196.208315039192,189.83000311889333,180.9821992920237,134.51390320350532,199.3471622285201,232.3087799381944,228.0277941323436,228.5283688975457,95.9337618455648,164.3984265928773,169.2123325613907,203.51963719161915,236.53534181694047,238.874339693538,195.18661752750177,206.70780334563983,213.6388838418506,202.619209406828,223.67049954523003,174.106675483863,235.9043533679809,219.27243947573652,205.4299473848956,222.3388436114076,215.66710721420503,204.3129387356063,145.5610165352452,163.16801752876847,164.8164861010038,167.5772743789829,187.8778352363697,107.55394500968576,138.64055414200672,182.96379695751412,196.36253558372889,198.46165788248908,216.66396476636564,181.1719980167348,178.25172816689826,157.75300834408966,194.52733045752427,153.41162888084273,114.24328497394248,126.21316677804892,58.98784360413968,139.28976014996684,157.27891842694825,141.82704243271132,171.17156328939973,138.2958844873399,206.2001081217278,145.2276401226046,178.67481849283388,257.25397699334565,228.5121241286327,189.73721362738016,191.45850407856295,202.20901908358863,168.49153918319956,187.27538016808165,192.5013700376906,188.39134798586423,193.2370604291046,155.92524457951885,196.2002069064017,250.0940830614723,213.2603890574543,219.89115437073087,229.55650447791987,191.13876210155317,218.2604449444126,239.920095719748,211.64853538685335,217.38359178279407,213.47093768151203
191.04259620543309,167.59105301649973,166.98054390343802,192.3543106707016,180.70021329964092,184.2933766932825,129.57304997410708,146.8640806703763,177.85983707943677,184.39737529078397,195.94952123341292,156.52074257301445,184.11175370639032,110.26459798992164,144.14221942954333,105.44837016870436,100.19277889824866,121.77599769116644,0.0,146.97773855413612,138.7114747888569,138.16414532979647,109.2567829485489,149.02094919860647,227.1046437998781,172.19120619885854,189.5460246870491,189.375773436118,154.0450089044149,185.29019214556283,207.28484500625228,216.06072487936825,189.18711667175492,113.58434046210364,153.8579193470316,198.5930065879917,222.1048006517447,222.04557733559844,236.1451972623803,169.9366952697655,213.26326901546463,202.31392739380937,193.17746447812587,248.95465496893672,172.2634562127081,249.8015057605576,217.16166294022955,213.37490445750387,232.53540648539632,230.67700734867083,197.24696424428151,168.90943512832786,131.31344267000134,174.70568327402262,176.77464223555302,193.25992448359688,157.86131541007683,162.41820286922876,181.90611115048077,187.0839572962404,164.72144351484354,195.36771325485185,140.9405429181744,113.4082576434908,120.77087596202192,155.02698688810844,154.08212293929586,89.31825116780031,148.85404976394543,137.01349288152915,142.71867440587633,145.263248554627,112.46776049554168,175.92552359191745,133.5750740197801,196.8429914008311,159.696551617699,170.0442544503981,256.28165946199243,216.74614495740755,208.57390811637163,213.5295862279136,192.500597064654,191.1876516087236,199.10987337828595,180.76214026978903,208.438586876843,209.52501482641415,181.09001728745145,217.4859230634017,211.0052395756594,184.46090091293067,207.55529318853888,211.3289664082381,194.205380757074,234.85385984532243,251.52834015110088,196.1455798325482,231.0139322959332,220.13516781387565
152.99172704928208,168.7359969641924,163.28629723132985,179.7820085802911,173.9531941746584,165.98259147093353,131.34382751654988,155.5606508148639,141.57244799903847,155.813035115671,171.31079572027062,158.66310488850849,176.7553853982625,159.8845884015058,157.4859372348228,160.60088980474873,139.16794704112812,131.93776658380978,146.97773855413612,0.0,130.3791018829918,169.63004739812214,155.6451527632459,143.19917133557723,202.921196564622,180.44682157958624,170.58952412864144,178.27471012592622,77.79903825179099,189.382511415794,189.8148285812308,200.4614262938665,201.4822585107766,121.84262799756011,162.14085168963322,112.26379196530596,167.95500426483653,193.561018956297,212.70128935663817,172.63014933849894,166.5061393736192,182.20496655095732,190.94640421184155,219.34177617726823,134.02223230782602,209.59352066930097,199.5432700048092,189.34957403350936,178.65554114213523,175.40596163526237,172.96012613686722,162.50099193867254,160.46065730140026,163.77404019047538,161.04289400999912,152.2391271488802,166.36370137026478,148.1154783974268,143.00976235487337,166.40573249138328,154.96407948929837,183.1330343199465,163.3618479000001,179.11570067200051,168.5285538187964,183.57045639663664,130.4231695885362,143.8768467215476,137.93481325079318,131.88122756400236,99.50716711140362,162.54673194515823,166.10702038425777,178.12064709944138,141.58029866670694,194.223221746795,115.3753049124841,159.4792336842905,240.20008791818103,196.31865801152745,180.76438390137457,172.7424364559334,173.50135781337875,171.89507352531027,180.9658692827091,178.9425602088037,158.61583136962474,192.6064666383908,100.70573605367352,166.60523414970808,203.890951875979,182.74880403487373,190.956726335378,202.4783299237035,179.17223019409732,204.45599028946413,211.2877141067824,183.88807915042543,181.0171345702989,171.6480274826672
175.80414483015102,180.99551041581984,182.50111106615603,196.4567199330683,191.6340827764764,192.0145161015522,149.15049206549656,159.32463654571487,178.9217024864432,184.5690653056747,189.2118951518285,167.53007921890082,177.2354403847741,147.1990427529566,120.57252512604173,147.59392900469294,163.44123003168164,140.0694664240978,138.7114747888569,130.3791018829918,0.0,180.99231238891127,123.131003340917,174.39729351684062,193.26100734116497,182.5898669502963,176.45164325446615,183.087602880427,137.36716339270458,157.79450962895675,210.7125288113552,181.5166096283144,208.1038146425911,154.41505716109418,191.67790310108543,198.6889227466861,227.138612172693,207.07297041210143,226.4647836385465,200.8489696387612,211.4715638358179,185.07427737604172,204.38353070380765,229.22279806115063,158.5179277399721,220.00937909192675,204.8273801107781,191.85967747189125,222.4310622922848,228.23098329336224,194.98934599482996,182.22907113422477,155.38521236911086,181.69407093249865,187.56363980478577,195.22250459545305,162.0065525495638,171.2464806902884,175.40283935569735,172.3809617975212,173.2199285949278,185.5169474782845,153.69141927050362,154.80914149498273,138.11095376420494,154.94869755634863,171.72467201740366,133.9114263958606,179.40533227715434,141.66290318090415,91.84724886676094,162.85330959052942,132.07023148934064,195.702707498308,154.45734713943227,185.82024414026452,143.9264415194417,147.27139636134206,255.1006585337579,189.97130516029256,213.78149432096376,224.8883244199514,210.9948691647681,214.8853524910148,199.90658319932865,204.84806059227893,218.61239463532053,205.5467493011119,184.60214976285224,217.12389461986768,229.82374469970856,190.88711435215413,226.4643169217227,215.6051279332395,210.33614407675407,242.4960051038221,230.88403884202543,206.13624053254392,223.9257960582055,232.95313286056637
