0,1,2,3,4,5,6,7,8,9,10,11,12,13,14,15,16,17,18,19,20,21,22,23,24,25,26,27,28,29,30,31,32,33,34,35,36,37,38,39,40,41,42,43,44,45,46,47,48,49,50,51,52,53,54,55,56,57,58,59,60,61,62,63,64,65,66,67,68,69,70,71,72,73,74,75,76,77,78,79,80,81,82,83,84,85,86,87,88,89,90,91,92,93,94,95,96,97,98,99
0.0,146.0466525697209,142.165101209594,141.72767138998375,157.91652534711218,132.76429598396982,127.2541757050589,142.20501176543866,144.71273148364855,141.36253499488635,155.0702603050186,163.41527144304337,168.639866556036,151.5379555153865,144.53265768886982,120.36472050961912,160.11717431265032,142.83084656775952,161.10402802655932,128.80144947853228,160.1354312172062,167.98493273435645,154.01074861862264,170.666911796419,158.20384914550655,178.40404844338207,155.897432527199,173.89698762506833,163.87457094692667,163.6345434373677,140.23197188341877,122.9351272940082,98.6661030374637,134.43654600384167,150.60173379886527,113.62476644253726,151.6961081842304,115.04330853854896,142.8200679283853,141.23749837544827,131.66638851108064,152.4533956996081,167.6501200848181,142.35588164951866,142.80664577891935,161.1879638965284,154.38701983577718,120.11854417858804,117.62317031835656,118.32913800436356,134.1517512153667,154.5675233692794,165.36651105260756,181.26174152236968,128.68940454826222,138.56275667071634,154.65541159045085,149.66311134676062,180.55703036359503,153.4397056795043,155.63320009179228,160.69394434147443,165.39678294643286,164.90514148142208,167.57923618374423,163.0156712699936,123.94347548431143,160.54320645690848,165.05140153437213,141.14636932109357,157.22061236669742,172.4190658421801,152.17658579810546,153.3430888632605,171.87255766307948,162.46412385658394,168.41698998337483,161.33215893775775,142.58703346600925,129.79958015777817,168.2401170867317,132.9435882061092,132.9533913336575,157.17523069011685,146.51024212872915,116.32495472525396,150.8075608937271,144.77352698586373,120.40450796895584,159.8158864662188,153.86959740051478,173.74476126238085,145.97759854748642,139.77824432233697,167.12272283648824,129.38983134960483,135.20724456924563,115.8777534142763,124.98997357433556,119.3095712507637
146.0466525697209,0.0,121.875210669409,112.21638662763525,108.44139839575968,150.95901615308105,115.00963008444816,96.68811659374028,135.9450362108184,135.79143904834658,148.85381110118226,155.52536085498025,152.70898604608664,163.2237702519677,162.31817548193766,94.83807502475584,150.56778646377552,141.54639218022345,148.1102621172941,157.19118269770905,155.59222329336967,155.87471098020998,167.53531943085227,160.5308017008165,152.39981282601033,168.38832710308293,181.22800567799928,167.9318799291974,166.055262924653,163.79078359959703,166.1803494888319,183.26100875685592,132.3679476081655,154.93295771305043,173.7556636418443,170.21429870788444,187.13914651013292,135.44619390293877,149.9899264497671,142.74252961548515,175.1729428061896,181.3113064608974,163.8183529995312,189.52105629555672,149.92495252773932,183.13228384548572,184.50386718878823,169.03637804132677,174.09527902280502,164.84602091434766,186.16586174342436,98.19533045755747,153.96714196314667,139.9679598605219,115.71811770402596,149.59012357652816,140.87753574742038,116.79132950830352,181.16075783913283,142.05958343081917,143.2320247254258,148.26431631392984,150.1536397733233,147.4290375311356,143.43646603287783,166.44464084775018,162.49112439028136,147.0225593369304,153.93200210929933,149.71064471460204,152.39007632504064,159.998590751812,153.65388206043582,158.331331504796,141.48806958171133,142.97031636677215,154.61208709998917,159.6478318958797,179.28667843204755,189.8018598511133,155.52518147595612,166.2896223367522,157.83029121624423,148.9328400379204,137.36490996302774,140.1652219662467,177.26146808439515,159.1150509812337,155.07432470098718,171.30857783516052,186.14921356064943,175.18800035948254,187.62420114721425,161.75052380880152,148.18992903963215,168.25383877969148,154.5108803015971,160.86349398212025,166.43629854685275,157.3098802941882
142.165101209594,121.875210669409,0.0,126.51046301400734,153.45084465703786,91.31340279935183,86.48812903503946,86.81273996289477,92.13181562628766,117.96458387526854,148.24556063689045,146.76166884600912,130.86848386454332,142.85233919518515,123.35336682186376,123.90086309214723,144.49272265924463,118.54955111986844,142.29494098798386,146.10656377928782,143.53849357973343,147.99901272330337,142.23401033156136,151.26055560540593,137.6110748851733,152.4480061039109,154.2333058060773,157.52336041923053,149.6385934768287,153.16187593338296,167.90094318156048,188.07749288470168,137.79033254028568,144.5959574878266,161.32831589981993,156.6793077725406,162.22481705384376,138.44749909493208,149.02108996003466,132.2519127982651,165.53986107716796,171.2787644878056,156.50463435317602,158.77012091811238,139.80271131220545,162.94979263342668,166.83198363530158,161.3758100329378,159.91622256488256,158.17031779290656,181.0734085637008,145.23603076450982,166.66324202096487,176.9791889914918,78.33351776012056,102.11372532578623,120.10940491200412,90.29819108441916,165.56493484648166,127.61691623786372,139.9052991926381,133.78921647463974,126.76945193681108,132.10536354720006,128.50801251508955,131.79128383608565,146.263803140758,128.7775714994853,130.5623526687707,109.97342592319328,130.59152501531378,138.47502707072684,113.6811916697298,137.70383134730363,130.9997321426491,143.64017342522783,137.87040863773893,136.43288772269796,173.1030170373487,192.66061937542577,137.1279601033233,150.34740972840416,140.85779702613146,122.28529344261094,113.34814458284616,139.96359117930092,156.15554916048308,145.85838261655277,146.64269198323348,145.6778870395193,172.7612793176104,174.97309214459528,153.20725301070453,160.1171201310257,125.45017121700782,158.9907414141787,154.2922803060402,154.49302002126348,163.07365775802572,159.74550522739167
141.72767138998375,112.21638662763525,126.51046301400734,0.0,107.23353184772752,154.01331384510047,99.73451121103945,98.47315046059578,120.98785828787756,126.3340809417517,150.7471784498585,143.360377260073,134.77349173660207,154.12114034275064,152.09610213763233,110.49905319213904,154.54362471993852,154.8114330232737,133.45214280654136,162.01756388122652,154.57077953753327,148.57327790060282,160.50843567954922,167.2936180585536,138.4882694585167,155.43852081801032,176.0628051790422,186.52633320676733,170.99331169068705,161.5980917754768,151.87896588195505,182.8206645912894,118.03350243348817,142.79108475233755,150.8101501055744,163.5176543878688,180.9228148747829,120.62301592036548,149.15593332449686,124.10597225742492,154.2856350928476,157.06484169097496,142.35031845932792,158.33394077873882,135.31376335003011,173.07225939634048,165.84059743329732,163.7616877945548,161.7814402121245,148.36741090011543,188.32659721908905,158.03915040767086,183.02341084582469,122.85564730334562,129.9275980788837,144.12388552936147,148.68311112451488,116.43682747615946,189.09809305068865,123.13536980896131,129.73542502254037,128.22737698708852,128.29153156887918,118.27820988628376,131.1514410793958,141.67867946346408,147.60699028418878,110.60718050092456,136.87412108365515,130.9644326459645,139.7756445922616,151.55173406566496,148.86330931087514,146.54277595514634,140.23282348138738,157.2674680760603,166.9363666456741,152.55613171152152,188.43244496520936,192.1991230476564,153.88328133621732,150.97973221384868,150.3184594316901,145.7513193142774,142.44340324884678,135.59735419402676,164.176424965657,175.97690604906026,164.91127633496524,161.96529856120463,197.37288349702823,189.9221669502737,179.3876744375205,166.5575022463046,139.42020624600275,147.17605885125994,156.74298218704428,155.15926839763878,165.28070749589114,152.795473856075
157.91652534711218,108.44139839575968,153.45084465703786,107.23353184772752,0.0,151.8898656764162,150.03496694978992,134.66819590260118,157.09253163069286,154.15956912412958,168.54527224704378,155.563665346618,162.8667791789864,172.18094168600066,177.12488467287426,137.64531419471416,159.78836388378727,141.8167985795385,158.25438714863787,159.9403594288778,168.8935979883755,167.3574572170311,174.07353996209315,164.1312654063128,157.65065251520326,163.68838301423526,173.63575609621716,188.93853275342175,171.16657820872933,181.77177477962596,142.7987335130665,176.23467828886888,151.0085120683405,140.75777747621862,162.51350269437916,145.23013727297192,161.91483855767177,156.4521816414756,163.7112957167399,159.9801624175796,147.38611270719207,161.3589933414584,146.178426172898,146.81886178899083,134.16843289633863,171.8900424939211,165.53902187754107,156.16221823776615,151.31919673132,148.66721900542566,165.4315068827574,137.3124402367834,150.6079353871156,93.019469643114,144.78308614163805,148.3028344898671,161.27998336688512,148.29573953089044,173.89265138513866,157.08853801885897,154.0928782084104,128.93170371057136,149.53806230161868,152.40760645980134,163.68121766812266,180.9337356463031,153.3611376883607,139.9741850634411,158.2969946145958,152.60536883725055,168.4350023720679,169.34434944850375,155.88205639625477,156.93491441533808,149.92192901310008,170.45140586140906,167.10968100069783,182.5857806155875,190.0160279601517,177.44117024368342,160.17499831950917,151.36231393616112,149.488895653534,159.27248619795753,154.3289144255442,142.85466931157845,155.6790393237252,178.01385914193264,151.32674363438804,164.14396601474436,176.92701787265196,171.7269625241418,172.48173840708853,145.78609749283842,153.01735197123355,144.94735388736026,152.7876763789125,165.50154321743878,147.68465620233263,143.0967162023275
132.76429598396982,150.95901615308105,91.31340279935183,154.01331384510047,151.8898656764162,0.0,122.27455313455036,124.38779937694274,97.81443990652464,149.1605831958336,169.73102058372615,163.79742560626698,147.76730248249126,144.6858354934313,128.71279827477704,148.89482913209633,159.86803268880124,116.56837731793756,154.01121249122525,117.44490414794136,148.50129669151434,161.35924840624472,149.04637071136733,163.4244941720359,153.55371388575273,159.81214467408392,152.38275973060155,163.6218662912492,138.32209064742307,165.02624649659077,160.53261824357378,174.06640827520226,157.75457563560462,137.36894792910385,162.87709889413767,121.38766660553289,137.83295034409446,144.18721960151197,155.9734685585513,154.9208725243382,145.88177820853815,171.59512554475634,161.8474507780225,143.86590510989126,146.78134241446202,155.09877022081048,161.55623568429192,137.9132472697353,121.17500398878823,139.2627110782691,152.15293665449315,155.1679263149193,169.50335322612526,172.8815135182558,92.72877372566128,80.2298047199627,129.36253674892146,113.92540837465953,158.47969413058058,137.76741178381218,150.16924108684083,134.9016210022079,133.33505217044112,154.76301792033755,149.32938847124782,148.6857647105244,128.93117426045546,136.853958458897,143.5627032909544,117.13983432849592,133.8671708092566,139.86191311221475,130.70159728831328,131.38811175356997,141.20896845579227,148.35026955430823,143.1277377961755,160.74290418729134,163.8325598364952,177.8873380175093,150.30984590593658,136.23364839018984,119.8858844489704,138.44907458818813,130.32554685543337,130.33205326300475,135.48706515585533,149.030138968018,115.88108972571614,150.6144458729189,153.87435694965157,168.9286990074525,134.9742967465849,145.68087553497622,142.06370751534416,144.79882746303124,144.47572770973665,135.85755292092827,137.5931391609207,136.53939690944554
127.2541757050589,115.00963008444816,86.48812903503946,99.73451121103945,150.03496694978992,122.27455313455036,0.0,63.24386802447337,90.99654142226127,97.604850327413,136.53136638847093,139.95026272364214,121.10932848597184,135.5439115819246,117.83786724972182,94.7362246207224,131.03243258575156,113.45735833734383,122.99403760891052,137.42204553902403,129.80496493046775,137.06338080039382,131.0834290271919,154.99907991288285,124.49236821294484,146.34891759192843,158.5023207678944,175.22582020362148,145.33095380768086,149.27694724719774,151.8637707873471,185.0131412780888,108.3331445859218,124.3484961643306,150.0313453941351,140.946640982696,165.22288176284005,105.32667109854228,129.87491191387727,116.495664444455,145.71704886344952,152.98793960836625,144.61877821540753,157.07508488201125,146.84487308157898,174.51563457849025,166.97770276728082,154.39435864669895,146.30167051384757,139.4674847913396,194.04187516290705,147.9830942001388,180.89210656475825,179.37626854427447,94.37371491599232,128.96552708424258,125.8167083315176,83.4880991357202,183.8269623524896,110.1162801540152,121.99353579427591,128.8904403549292,114.6091212758519,115.3816139732522,113.40555422783667,118.7209088667754,130.45972074935986,111.11587045104676,115.58808469850152,99.15607182239282,117.7834946251984,134.3924649527446,123.41275872531784,139.2783911465423,127.3413593638328,132.18202966748825,139.24666498704087,134.15337279028606,162.06305219211038,197.6045565130436,140.29353587156348,143.55676677046654,131.20489664528546,120.78074219902608,113.82777844710296,127.8684525053165,143.70471194589933,146.7104815220433,142.46484997287203,154.6813007517546,191.10986373399368,199.13275693938905,165.78013940025187,155.2719029557336,140.93368909942797,144.09280121327475,152.05554505466628,139.11770248133817,159.60275344580464,147.78716416111388
142.20501176543866,96.68811659374028,86.81273996289477,98.47315046059578,134.66819590260118,124.38779937694274,63.24386802447337,0.0,88.18213557353133,112.68520363142603,146.58798206002666,144.42205804367936,137.8890803196557,142.00898538310946,135.99614500874264,98.31169186015543,137.89731540645403,106.45768310034768,133.18051825609547,134.5277381890277,130.70834640594407,147.12915145831477,136.406070608952,144.93460929157948,121.35312921646968,143.87774424442006,153.77956985731646,162.53540726007793,143.433820811101,157.89248333221173,154.98748742748165,191.6508769619661,124.7563516576688,132.36844057130327,156.1772166099991,157.2828599519704,176.29463134154958,129.92309468741695,150.9518650889129,127.81110296282289,166.20932629773336,162.04249406842575,155.30479087413906,175.2069964440039,153.9873028567951,185.5389321371721,175.88362134321,160.78443347286756,164.09056500274374,162.51553108544158,188.8343664028713,128.26086279237293,169.51242659693935,155.91735833451978,96.25054742728268,119.28473384754794,113.7993900502468,72.60798992466353,175.51909822411903,124.24208915331998,136.0810444365839,139.9548876290302,127.51551312325768,129.92486701550095,118.82742265813368,134.3968516888421,141.1173245868967,115.54060136508264,115.99343049114458,104.43178285979468,118.16650924835784,132.24803011468418,127.06974608995112,137.4534681435489,121.90917771338114,137.34712217139304,139.51613470225186,136.28646610927598,166.48328948836502,195.98569016621136,127.31677463987526,157.1856421394313,135.16801235941188,124.93800248502356,112.3430760881664,138.7057737935329,163.00269349957927,143.31401496595328,146.51540195876782,144.1398877291845,189.2887934880952,191.70899906554268,175.94209089559502,163.3326778562448,124.1514892910814,158.84110048714098,160.82957287555132,151.3011030917135,159.0067723066301,165.30611581638934
144.71273148364855,135.9450362108184,92.13181562628766,120.98785828787756,157.09253163069286,97.81443990652464,90.99654142226127,88.18213557353133,0.0,119.40248458068164,140.80154323612285,127.87640493260356,106.95296642795913,130.1531235485249,109.85274773644112,137.60148835337148,138.39629595014566,117.29672612634624,126.12976346340004,114.5904887611474,123.19601130483514,131.73740775939922,127.2147272816191,149.07811818974494,123.6003412487796,137.11719261155866,139.1432878140584,166.65298513467354,138.4130690099417,147.85331714194757,154.12685201208825,189.59297797118103,148.228020096037,127.45230807740025,150.38465867021847,133.5817780901585,151.52251842828198,126.23879919201752,134.14825977248154,118.34060443940164,136.7602762914723,155.26202667142422,142.53983945584153,147.50782228403315,140.77036589730034,160.94809982481237,155.21327138113568,153.8012113694575,139.71641916606265,129.439123487558,174.249264290208,159.6708426198997,182.19807166507175,160.10064028001213,89.81090331781485,88.41454616805288,106.45655223250805,50.247338569702166,160.6564588068398,114.42123532623609,115.53855848099926,128.8082194595466,125.2194357885053,134.64020595914542,119.13958889380768,119.35873645453378,125.50203390973628,119.86641555904087,122.75614166766324,94.48730323787488,107.9286028665296,131.70766882185603,123.66079754097828,136.5779813215858,134.74548410222562,134.70016291347702,144.4343135528952,142.03029549113185,161.98376744778133,198.075297387252,152.0703270739531,146.8702078370177,138.27933143522216,147.10380578573324,131.50314497851164,144.49680445620174,142.50252822118188,158.1454697056436,139.7603758060537,161.37277836124713,184.8691305826614,188.2819719048517,142.87113160302192,169.40525529777256,136.68701359098108,149.91881061878945,160.99573501261773,156.21387671195788,153.58785979484415,150.188028463668
141.36253499488635,135.79143904834658,117.96458387526854,126.3340809417517,154.15956912412958,149.1605831958336,97.604850327413,112.68520363142603,119.40248458068164,0.0,79.49547082543248,91.25386053159538,117.42130661346522,147.32762928973764,105.0129291559874,103.833451975573,120.37567915099386,122.88404462687905,119.27861986466702,140.6727738779686,119.56043780250548,110.55009364929607,127.41816715950988,106.01508544351135,76.44040051951123,112.59893352873176,157.87964683151245,154.54105762897257,130.49777102838618,131.11311827441088,133.50129525444504,171.5229956266106,110.05064955071684,129.45532254039273,155.4064671056068,148.43625101793873,159.42655629014473,90.35971317958008,106.98280490359836,98.29903825349496,138.3153342178981,113.13023008451997,136.7106731984887,145.97811103743692,150.58459912417663,164.33088671969244,149.8185033184628,163.95262729984097,162.03247200361778,140.9569300491575,174.3796427372099,155.84817581837382,162.8180774232157,177.8449001082175,111.737109646792,160.39845450776937,156.56173084094468,118.39684546068858,130.51995117264968,73.5158062745407,86.65844267643205,139.89917315852892,137.43964707192265,115.461444601061,111.3094544298,106.71808399918284,140.91601419279976,121.31866122663855,111.26879503178716,120.29631114652788,102.51271050335232,128.27958063159224,132.63321073745394,147.5412992487136,121.69477185704258,100.72353917131096,129.9204276580674,114.9288576051112,148.74322788440514,177.49619072593345,130.45829246720984,148.2033999190548,160.51070646525002,143.71394222551712,129.78715892787784,149.55957133665868,136.91825376950493,145.32232492676272,145.05013257134618,146.88176489084435,176.82549130318785,163.678043982196,153.283295531578,154.16016654369835,136.13742656677823,154.07240934119056,166.95995446544185,151.57190147526106,160.126389092713,151.6028271165642
155.0702603050186,148.85381110118226,148.24556063689045,150.7471784498585,168.54527224704378,169.73102058372615,136.53136638847093,146.58798206002666,140.80154323612285,79.49547082543248,0.0,76.74648912149945,114.95363131926295,139.3843199473581,116.84345154416154,130.02614040021706,109.85570358215536,134.4603112282623,125.00384723326366,145.62803666230428,126.67080253092608,109.87815118831436,128.37703739835683,103.50396833458514,85.74722709895835,97.705228694131,150.2905307115069,142.37538377884067,130.79004459777207,119.50791788981634,142.27170779933743,156.27807990903827,131.95221106316615,131.6599518683768,144.74895553599583,158.16714640914307,153.15737321493714,111.86057386471606,116.78060827798498,120.8660532091396,136.15119419851564,106.31873527106588,137.22764870488305,151.16747088049698,153.1767745907895,151.73780691386418,136.65256806136267,158.89952978104205,158.76966084387902,137.2370953786241,170.92499174581002,153.74675786901594,149.64052958093862,174.88376459554374,136.3239667534723,173.2222565269382,160.0970495426239,138.347471878816,124.15040932927552,91.9813813006381,96.80809305475088,140.32336187378826,151.9543089657148,123.0250619001448,121.15841851747078,106.02196428570292,153.22386376696664,133.71350971746602,137.76834079255948,137.26066929474314,119.43587201038042,133.88113663966502,151.45109792331078,161.277762058819,133.89102015689815,112.71581441211237,138.27302451395784,113.43565069379892,138.47540288489105,161.03196428839942,143.9099821448728,159.00946120943692,176.24481231420037,169.7674623631835,156.09799140182702,161.5426523086987,144.7150935192427,147.64811107682007,156.13081071475966,160.5504314399323,166.62994883150458,145.91809948562093,148.25839784526212,162.70355971402176,153.05218706667324,160.9872776251179,177.5900559484558,149.9880744374459,157.75430557037004,154.20224920839684
163.41527144304337,155.52536085498025,146.76166884600912,143.360377260073,155.563665346618,163.79742560626698,139.95026272364214,144.42205804367936,127.87640493260356,91.25386053159538,76.74648912149945,0.0,108.35919102908773,139.4710162549489,123.65878358508328,143.26149328629444,128.0981890998537,143.84392724352986,117.25535220192512,161.31204289729178,137.23401152244574,109.90679464933493,135.50818062859668,97.55704531974168,85.9895114115686,81.11315837856348,158.57625042357716,157.88336125118207,136.84963027780623,126.79858264436628,147.76384594976267,169.92366914344723,151.83565232254975,142.7691338463584,149.13412435566173,159.37448784964886,159.0069302050308,132.78981920215068,130.1679029686018,113.0287615295323,144.90480582370185,127.50750201732195,134.68834958474966,148.95596678051885,159.66867158923247,163.018981319595,150.45977161016165,177.67454146998347,170.39226743916498,149.5821933501203,162.46471141477622,158.92525234240713,159.15989911388496,164.67775050074883,142.7776967952672,167.2741015528643,157.76680807618325,132.50697469399176,106.59230949944056,95.73459989248111,74.7485192339524,124.49423325348675,142.74382742575767,114.43146513282014,108.46495155464788,104.7996058049164,159.02050558138887,116.98742526358636,123.78168957481763,139.43736074655402,113.58023644911204,121.33807646731688,154.2071303156551,142.5404428673465,105.44128097238344,118.4932325574362,139.80552767360763,124.23241886267886,158.28596588251128,167.39995128725548,133.11047316117896,168.99314434993784,183.4728799614777,169.03891710035555,149.11694030560932,178.03661297456787,152.52176116063004,176.87829186157387,169.70157858247882,159.68529799514076,174.0077372817402,157.47378960160833,152.9189669144762,169.99522929693126,144.62523894944917,165.34019503251727,183.00482489266776,175.41797187839097,170.33550522513627,163.76298016410908
168.639866556036,152.70898604608664,130.86848386454332,134.77349173660207,162.8667791789864,147.76730248249126,121.10932848597184,137.8890803196557,106.95296642795913,117.42130661346522,114.95363131926295,108.35919102908773,0.0,110.64884511521493,107.7049669498522,160.65745761705574,113.02371792034084,137.53889848867186,113.0191791887632,147.65847914171826,135.28748655099656,96.0801045432032,129.34532374407854,136.04530352259007,113.8096215733668,99.49211986716156,150.44104467181296,153.3539628579316,153.915588233279,106.40525643534176,148.65716003708224,179.43744247499262,148.67515215559453,124.45252562347974,109.01737349959802,158.47343824254193,162.78986421692298,128.45640587141702,138.01590942733992,106.33790422728664,143.33376933269517,151.47361130075262,117.64868476973696,157.06955807222738,159.76211079233255,153.98524505364105,143.61880259526822,166.43272777188704,153.45622751590662,142.54829658301134,176.00790967367757,175.06197543363982,182.8613636384787,167.71252002308864,136.6111416070103,152.69948220634416,134.42060212549669,115.79875440035713,136.69918991614657,108.69509530309622,105.83299180687928,101.16789180680152,111.91043627336184,115.04277090026018,117.57669165348123,108.26976717865708,136.83456961556777,113.57714070981945,140.50637410553605,123.26025416857762,130.0988526771858,128.23023444925795,121.43574628426217,147.31273737563723,131.53313111515197,142.99098975022696,157.00157868089653,127.46512328941051,163.96529246127892,184.66592305390876,158.08718872974472,165.0775315856407,167.89420794260403,155.72059799741936,160.6421070579678,169.77142332401135,160.4075588787073,165.11162998709528,163.4941971807858,180.3678703692587,180.50273289946315,163.4594601444046,149.70107096271897,178.722094224426,154.320286959773,164.84666850438455,183.74759283375803,165.28480720697365,170.28444894105718,162.3527844130102
151.5379555153865,163.2237702519677,142.85233919518515,154.12114034275064,172.18094168600066,144.6858354934313,135.5439115819246,142.00898538310946,130.1531235485249,147.32762928973764,139.3843199473581,139.4710162549489,110.64884511521493,0.0,89.99069935112212,154.03076421390367,133.72341587935784,139.41054240348518,88.55901193350554,141.50124165139584,100.57575084948414,133.90814170638114,113.73009319659434,147.8884880661145,139.43833697642862,137.63431412703062,144.9073196275123,139.20450030644383,147.49574820499666,124.18698180481022,125.2452119683025,144.29382342685466,163.18020503038673,146.37274328039018,139.3569222830609,154.1985573593543,168.2137136220568,148.22723426046022,152.26439556342908,140.87422203311053,162.23372377496858,164.14514477931925,150.1545873387182,159.53260132516,153.49115421283716,169.15010709014845,149.06860071677988,155.51517080681293,150.4888329234514,159.9000482539182,150.79030273026643,148.34605823801763,157.273803033842,163.73622923795054,154.7737900511143,141.28014948770564,123.28542900361624,132.14888512254475,138.26670036384894,155.67270745531857,138.68694878406285,125.91152712067952,142.66798907990557,141.4005587805621,139.43481677949998,116.58997267440115,122.38718476655694,135.79740679121798,142.03015980931485,138.20493946336595,128.18391584515643,155.38666519074025,135.32841203590624,150.45621530090813,146.04026315071263,168.75746151315388,156.96902858452472,128.54803509107836,121.80325009728848,153.0030912591819,155.65958649076651,165.32962826678573,142.63805528821263,153.55895104271224,165.23269632501686,166.31505862126022,168.48383580623783,146.9010646430591,155.43201469110525,166.5910206680381,160.2177782048132,146.14075733640203,143.73037527043414,158.11375909871072,174.5444412886648,153.34597224486515,167.56713295243696,155.11905275120773,158.67086609023266,157.22527804225524
144.53265768886982,162.31817548193766,123.35336682186376,152.09610213763233,177.12488467287426,128.71279827477704,117.83786724972182,135.99614500874264,109.85274773644112,105.0129291559874,116.84345154416154,123.65878358508328,107.7049669498522,89.99069935112212,0.0,138.53064932440853,125.25857887292402,121.43805078690868,94.4133240164179,123.2973667950806,82.20945376909185,115.06841951963644,93.34907682833118,139.66511024575334,115.32563914942922,125.34447149032844,133.77529810539042,143.254974622605,106.3367580015794,107.88844280668393,128.3848605383465,151.2162699198808,144.41001962929522,127.28973305503465,145.69681390317774,140.7379681088286,143.9068577520577,113.33104060950782,125.076955953228,117.15908428049046,139.69798518516768,140.8658580434675,144.55092754277257,151.55742466305549,139.56419017739188,163.09250488986464,142.5419159759831,150.27361902040502,148.5545901088809,135.73346521252432,158.1412587425368,169.48771995782556,170.61596282808057,188.6751211322036,130.67884348866042,140.52781812899582,139.74384597689289,122.34910513266392,133.08414001641444,113.67937623483633,102.80971949760688,132.54302785754817,132.71061666787102,129.32041780300392,113.84076930435208,70.9312122453865,125.64867786434128,127.04344547667785,128.18409666252816,128.6429864834443,88.82807429242808,133.1620825298742,114.9362156011246,142.98916992220606,137.36705679803867,120.36097685407924,123.96826815800014,95.01557918991396,129.58499730372688,169.45404251190365,149.68873069993833,155.8383623867907,150.37703403542392,140.79900421016643,146.55867063043033,156.8976722308762,138.7292409500214,144.63387430403336,144.60186396798483,162.34368294071356,172.21299142584644,156.7354029064849,138.7708004939848,161.29059562747494,159.02941040062302,153.85918116190828,169.78543514116734,153.5982209440524,162.03839336105636,146.99637110923544
120.36472050961912,94.83807502475584,123.90086309214723,110.49905319213904,137.64531419471416,148.89482913209633,94.7362246207224,98.31169186015543,137.60148835337148,103.833451975573,130.02614040021706,143.26149328629444,160.65745761705574,154.03076421390367,138.53064932440853,0.0,138.77421059826682,127.38926610054276,135.31129348243778,159.9306722319275,134.178122998497,153.9547025982288,151.48640626410932,147.97499852817606,137.0427674000155,159.15087559320386,182.84203876821124,162.08967807849564,154.4380634444131,156.403718544503,163.84726686605637,173.21889221758497,88.0941901308156,140.35811158399235,167.20355545440606,167.97429922623223,183.38131292237165,109.22204804645295,146.26081990890594,142.40849160703613,173.50943983180483,162.37678852312888,170.24823628686005,176.30299463231415,161.27999961053598,181.16546918564117,185.4569443726267,172.21518070379008,173.34557802184543,162.97151830336566,179.32051868066492,123.8445161488694,160.50793304505882,174.86732730120292,122.49737921548036,161.10981357706115,151.42674566977152,130.32035155693518,184.1323069637901,115.8889392929408,129.73127822932264,148.63069383761007,138.6099823769237,127.34920051751337,127.76254911736908,130.33286620521002,157.16925255466776,127.48593743811752,129.04045440944572,137.09900156802968,130.78464430459132,154.09001731236526,143.4447084562115,130.90440398400216,123.19244234847868,132.691664452934,149.45322714769762,137.9899301746101,167.50108526049266,181.38888216802184,139.5674797847559,160.66528999555555,142.9290120047435,125.59916802343136,127.89372713996946,133.7289514356969,164.6588574385661,149.25338183803962,162.53665140922686,167.96721173425198,187.0303356348468,181.1190083289881,182.7726921210676,153.73959281972304,143.72884493680445,155.8140186837545,156.99402250266212,156.62363959879656,166.7995047565033,161.7330629718088
160.11717431265032,150.56778646377552,144.49272265924463,154.54362471993852,159.78836388378727,159.86803268880124,131.03243258575156,137.89731540645403,138.39629595014566,120.37567915099386,109.85570358215536,128.0981890998537,113.02371792034084,133.72341587935784,125.25857887292402,138.77421059826682,0.0,97.88425292452732,104.60336189892764,145.27823914986791,113.44107900600848,123.62272448491493,130.18418053107678,99.20251197795992,126.85612624097566,112.26727615947196,138.0755853494519,145.81365559681947,125.9724401681304,126.39937029723676,169.25780566478926,185.04336030139947,143.53580770328455,106.9972858929858,124.7177405100528,169.4215196767136,176.82272569353984,157.66052024133143,158.20271843226084,147.64547595242357,163.6167846857413,152.1370598890316,142.45610439323104,178.9733875225021,173.16998740145158,174.44462975902763,156.08870236398002,163.97328331967526,171.7900633735385,174.3380840236647,175.70233996085216,159.92934939562303,139.54595181330018,167.32730493625292,154.70357813154908,164.62352284079245,131.82184673454577,135.88488093357114,144.54787263999367,124.00019052972092,131.51257399742337,135.35115339395327,140.35011182913212,133.9467631168405,121.79545769096148,111.27351915014296,146.67436208975766,128.33075915235702,113.00891907093612,128.33663665214848,110.99187075522136,119.3313679624622,128.77780016739956,159.5824619786434,126.6991249274391,120.49155173625908,122.20014967643228,116.89530922203689,154.16190832011958,181.33067328327667,128.73244537366017,177.522543309483,173.32284091870463,138.63751889995353,145.18527035825025,172.43576204760714,173.93455971186745,155.3165376111802,167.06227839476998,175.78225816848078,178.15025800492663,166.88750236593208,166.18086841490043,186.16013805214013,151.02409047875122,188.3376829520632,196.78740630108047,168.68935958068022,177.06195673414965,191.2263552923524
142.83084656775952,141.54639218022345,118.54955111986844,154.8114330232737,141.8167985795385,116.56837731793756,113.45735833734383,106.45768310034768,117.29672612634624,122.88404462687905,134.4603112282623,143.84392724352986,137.53889848867186,139.41054240348518,121.43805078690868,127.38926610054276,97.88425292452732,0.0,119.11370988709004,97.73060642211222,107.46250144153538,145.12140646341606,129.61014009800755,131.07793533885447,122.93941874883224,128.6488224844099,125.32808459332614,152.8594827502336,113.79686289584964,154.13463293306543,161.5548917522267,182.40001873880985,132.7694267536925,85.93622626535856,139.5786550535853,139.42104430914,158.83032749420926,147.19842179693603,167.05502670533735,156.60508031124482,155.63797330179233,152.10386759616927,154.62414964099463,166.0656704722125,161.5180219075654,188.56114400130616,171.91092893539144,136.24580377481698,153.560466239108,163.1059464569344,171.21011323029757,150.3370927989816,159.98818897670043,172.96957377443707,126.64740089930947,131.92257433334146,133.62213651450855,112.49951154413348,155.474850651959,127.56878478612842,133.93760427867136,127.1014405855881,111.00753915499844,134.5298226680913,121.47278868081422,123.16565893973043,142.8449401340644,118.03500600806144,118.35556215798135,96.05694569990544,102.94900571374696,123.86926171980912,111.07714826021044,134.91310129285193,123.18801630060086,124.87991946060866,104.33441862075266,122.21568136194826,154.07968359857995,189.31962827239508,110.55312306342084,162.7156835523003,142.57296852844914,125.44411840139,115.2807881477562,154.41836980175032,152.80573081101005,138.27320082858213,130.77689798048618,149.86537468928643,183.59257922660493,180.7712893615505,166.13036658228515,172.5582928096381,142.4296836442485,176.0798899194467,182.56986539785063,151.21208846264318,149.70083347440942,178.72257392100607
161.10402802655932,148.1102621172941,142.29494098798386,133.45214280654136,158.25438714863787,154.01121249122525,122.99403760891052,133.18051825609547,126.12976346340004,119.27861986466702,125.00384723326366,117.25535220192512,113.0191791887632,88.55901193350554,94.4133240164179,135.31129348243778,104.60336189892764,119.11370988709004,0.0,145.39011794075935,71.01634609126297,133.76682105500615,127.34646790250603,132.79004677894406,123.52725994923044,127.69745603733882,159.5302045207596,161.25752127162372,124.48654197129932,136.2072756500147,161.69139085693257,181.61164931412893,151.57098815263862,126.65624447315848,146.47757357098249,166.23983557012696,174.36193387133693,144.99496223536266,159.65974207847222,141.88653692928833,170.4694256391034,168.02217625166114,150.67588157395073,174.86013389010208,163.01005643578424,188.41308578653064,174.61727957348367,168.76685839752574,171.2487103125854,169.88714752829384,175.0940997772068,156.29585567006828,152.21861737105962,164.7488062808962,155.95323152028192,151.07641479448267,145.1730414236122,132.15307083965484,146.46797883741124,130.25130816887253,116.72454186937674,111.98338267270164,136.05008147419045,119.94373693386862,108.63531277993803,98.7473050612061,145.09961738498487,101.86840216407752,103.831200167013,125.53206807287545,91.21098132609016,123.68088070424562,133.87297598924522,147.31553220642442,121.66849823950888,138.2388999021084,123.49462485718816,118.82333223522244,158.00307091467116,189.81031029056192,130.82267714507063,173.34768241424973,154.82978865543055,134.53656092430796,148.70199331119676,175.2160253413266,164.7900683908892,164.5084844076977,161.30926181029156,167.43458212827943,191.08270953282488,171.32292183493465,160.72658368233834,183.96655713994895,159.5489614421063,176.77762869058674,183.43990605697684,170.73857666746187,178.80123280629363,178.52089087115803
128.80144947853228,157.19118269770905,146.10656377928782,162.01756388122652,159.9403594288778,117.44490414794136,137.42204553902403,134.5277381890277,114.5904887611474,140.6727738779686,145.62803666230428,161.31204289729178,147.65847914171826,141.50124165139584,123.2973667950806,159.9306722319275,145.27823914986791,97.73060642211222,145.39011794075935,0.0,125.27474288862004,156.71752964088108,122.02815884713362,165.77141831107593,137.1284453659818,152.69816949266377,113.61987554882592,156.7899838216293,104.35781755824569,161.83366047031495,146.35300908327454,154.8107300480352,149.6838216901741,111.20115698168672,145.49170566527096,99.83640234145108,127.91794311137768,139.84675491054912,155.87951460418398,152.51957229802247,129.70327173527255,149.43865822503778,165.3183216888019,150.08394046995386,156.85009833900892,179.73940106010187,166.46106955189927,106.30444991293056,108.0280058823002,118.3439190890941,148.30310177748677,159.26654294226128,165.59444088842133,152.79622560290036,133.73597885565573,119.60241422348908,155.36372898568115,113.08753698155824,162.07086267610953,138.73533368768216,141.7965631892102,162.2934619147422,142.33922975666584,162.4558521815573,143.02454625693628,141.7234185360022,117.42558999297349,150.26558547015915,150.56121315094947,99.5028273932276,113.59585013505044,134.8236442735145,132.95556357095705,148.86086174999147,156.4345235756959,133.09888934806335,126.86116494425308,129.44870149064062,143.25059521771436,161.68583926416085,144.8000972931893,126.62196087892792,127.77639563441193,145.60968718741654,130.99735519013265,126.36515438228724,128.9970111193557,124.44258502410794,90.52380260872742,133.72339077840417,159.90498192208707,170.87959471437102,140.2737205655818,157.2898904973508,144.34631873848497,152.734081837706,158.4259464143609,111.6108163534431,108.97807138036404,125.31240889356044
160.1354312172062,155.59222329336967,143.53849357973343,154.57077953753327,168.8935979883755,148.50129669151434,129.80496493046775,130.70834640594407,123.19601130483514,119.56043780250548,126.67080253092608,137.23401152244574,135.28748655099656,100.57575084948414,82.20945376909185,134.178122998497,113.44107900600848,107.46250144153538,71.01634609126297,125.27474288862004,0.0,141.99998123487327,117.76688913874406,133.6818992493466,131.79453610739847,131.38848061281806,146.7419810810083,144.00040961947587,95.71596413064417,141.4888649482627,153.54098162929984,180.33556736450288,149.73077301317102,134.47995575223,163.7464836916654,155.9736846262988,158.8274568826222,138.90099661923054,147.25021494947805,155.1988359270124,162.60118400054853,160.38116449825569,158.14724591769186,176.72093841487052,148.49369368306486,192.10777488901877,172.16883398266776,162.2489260103027,172.7713407723212,165.77270400794046,168.80434858472114,150.54204066130828,154.3015621374699,178.93331567373616,153.25261432886,151.90503387047272,148.16455726707125,126.68083323508476,145.0361364807494,133.73293794700706,129.56497734674562,143.81257438669687,142.8227741085912,137.74025350245068,112.4193162997244,97.68490840493126,146.50336171958224,125.95116730949746,109.13612777895044,127.07391477584122,73.26492186986306,134.9922026813428,137.37804501922565,161.66941247694007,129.73267308261916,126.16768459263868,103.23836569818631,106.57572972513984,145.6195599498974,191.4268513380372,130.03423980638792,173.72919923988883,151.512545040109,142.3830533811408,146.0578302219522,172.09518919131682,152.1641961795878,148.99843847343575,152.8466377541036,162.40677004733556,188.210861550558,165.2176625098126,157.2389509718796,183.5391932952474,155.24248086357676,177.07282835430797,184.19605260378003,171.17178235923564,174.92648230932068,171.35827810238868
