0,1,2,3,4,5,6,7,8,9,10,11,12,13,14,15,16,17,18,19,20,21,22,23,24,25,26,27,28,29,30,31,32,33,34,35,36,37,38,39,40,41,42,43,44,45,46,47,48,49,50,51,52,53,54,55,56,57,58,59,60,61,62,63,64,65,66,67,68,69,70,71,72,73,74,75,76,77,78,79,80,81,82,83,84,85,86,87,88,89,90,91,92,93,94,95,96,97,98,99
0.0,175.98127445750336,182.06618380506865,227.8969061946607,245.28813092600132,166.55373288549634,185.83506485280228,205.8996639066183,194.6284248222831,211.57965815125976,218.6838106498204,230.44410673845616,206.60211907525297,207.34874952419705,213.6061022173037,167.14816364517227,259.684724490884,211.59183656432455,235.7187435435185,173.8471590155371,247.12307914308204,244.01399382118825,234.4213344450602,256.488995387221,214.0383660452482,260.74451256413954,185.43797610007465,217.81796182490916,243.16397572585825,225.70010096441095,176.69350630864648,125.16532827723032,162.92203146583972,230.1734613843308,214.5799752057321,171.56634510414176,234.15188958237363,150.2354097801741,171.78081858367943,212.8904096049993,203.72523015609733,207.0811117083456,195.65648442471888,206.7842215521117,238.7070051441264,176.61119814754466,205.76061655185856,190.0911664186632,153.94837602763374,187.76940463644863,113.20748921210776,170.54804016551816,171.96053448915336,218.8463811259416,187.71350243146796,189.7337573583661,207.72665868681312,197.03289906972964,227.70356122360357,232.86401928759912,194.76858478005656,206.3585161750496,196.49751645484744,212.5908442750832,249.61154494468664,215.3072011848444,234.35228961832752,226.99289000076124,247.0822302655926,225.44101779977308,240.60028173651455,220.23994470022492,230.07438595421524,246.3486279988892,231.5429441153431,249.59159009513007,234.64015003695545,216.4726183290213,144.85106140161943,170.92884517331697,241.69296940130872,211.76699545094408,223.86478069353083,218.26943749262145,213.8619948829271,193.5932436067778,244.5149052420504,208.68205002594,212.30561487655748,244.893583877157,203.27980032450503,223.9617807336217,241.2545093828019,164.3976072624495,238.2868171855823,221.26907593734185,175.54902268260423,183.1027977545693,187.56357672688347,204.1438111200102
175.98127445750336,0.0,169.67669160235113,161.52086753642692,184.69232064808887,187.5171784033419,168.27319709984909,171.98752901761188,181.40507400506,198.87635735282555,208.63909861334355,207.4528084299862,217.06752276228,177.15712220831057,170.55955532161883,108.42519002760471,223.1371864104268,182.9323414864176,206.314615115222,157.34814194240624,199.44987825758147,202.59217320089735,204.4309200909079,215.28036096180244,206.72206547490111,225.4983074558871,177.34222908362597,195.03890386136084,200.2269864367738,168.4933665739112,206.47935639502805,155.7141315071617,168.72065221492156,192.99691538176216,211.73219819688256,178.50945394063322,184.97113946406387,171.41610564045166,154.52592976391873,165.4578483928829,191.00298949443751,195.13705098638093,169.44696564949928,221.69904459159383,219.5417086532209,198.9506976314557,209.25559113127255,217.4509971254976,209.94514822213708,197.23839957523268,156.3231288942997,100.25280282467662,131.22509747459964,148.68189775864192,148.74657079480343,172.90446915343955,169.87236484134422,155.11419677775388,183.41125752531747,220.1552926248604,183.27116974264368,227.9823768661171,204.25850127966717,178.96573996092732,196.3105354477797,161.17005913026395,197.9345322380767,202.8028709909977,209.18336283113027,188.34288280307948,188.82537267680777,184.9110551714352,206.72078098027265,197.81062258612724,209.81643240631317,217.5444634841714,168.51569134520207,171.44969709535243,185.6586337900472,173.75467009999514,212.0658936632064,193.6053304679288,207.9904216597996,197.6720324769764,184.66922390319405,184.04363154997048,206.0587825179653,198.8572080246728,189.14840719779997,206.99764727545823,188.28017589736825,214.6070911728884,200.40942402408183,174.68925716293523,206.40582692568503,213.94966115833407,188.76762188193524,205.79863360193497,231.18196988704253,204.0784913691587
182.06618380506865,169.67669160235113,0.0,224.6797205926457,242.47869324956176,92.81214114578049,162.42941359785567,185.1195193106132,120.83194523747376,184.448452595368,214.53816813021237,184.1247736488076,218.4859278645393,192.3705099992933,197.8450186423341,151.73196470770165,232.10775712335084,211.8502381231778,214.58179784534315,175.93180481699562,216.19300168843995,222.452842047756,215.90749831008512,209.31163914930465,159.0660814070497,203.5552237326493,211.15175154799775,244.9982563996477,243.74047968564167,182.05623799497653,180.439299832725,178.92930828358993,188.72837700203755,208.28868430961987,240.0028675304595,206.08202477965244,241.38421491328165,177.737142042421,110.50944912241825,141.80919410750624,185.54686844818852,208.4814830032896,184.9221325905011,221.6587040855908,229.40678004040765,207.56661442089015,227.09923144454308,225.20684743654851,217.32365440434535,238.86999201773108,169.52991681697804,143.6076792931956,173.2662395643701,218.39763833740207,114.75226495555906,121.2574300060932,173.98412979905348,177.00552713370297,224.5720195223266,244.955487825463,217.12072840426168,199.48515250457115,188.7208595884653,180.63076969405813,185.16967465224064,174.67237981100266,212.61679466123135,222.9210072434917,218.8172057687171,196.41470642425836,215.36441490788405,184.2347876996447,211.1273494396384,210.91860271646627,211.3899994318408,216.0233762336459,216.8811405351454,175.45953362524585,204.2201750927873,194.49241640361024,222.61625443109307,233.026437160668,240.7099342968414,205.6801102526036,202.08624691865535,199.06328007042796,234.7085513270945,228.02549559281312,217.9874514425861,232.80168771922644,205.382757221576,203.47702255378712,204.6461353072508,196.0575114589018,241.3619968150928,229.8304920019355,206.34372027113244,214.22720449394103,241.12810295466875,243.6792839914372
227.8969061946607,161.52086753642692,224.6797205926457,0.0,134.9994472905644,230.42430182445707,159.78067501332265,102.55131796578662,178.1175611286684,200.6687205514668,223.35722158099972,230.0248357884801,223.16910703834057,205.6188766280688,205.13808409628908,182.5042591829317,209.8496932685664,206.0343901673224,227.0770287173348,200.43890959581177,194.3569810358439,206.3266175870736,205.73708064610733,202.6220131508529,207.9163550893264,209.9379325404516,211.94679641744133,217.39053358170105,205.3106983112548,197.5220810751046,235.991599030821,186.00138173567265,228.6351027528762,209.3220986090336,211.51325031571903,220.56822274923468,200.8037666813065,186.9396276649337,219.46370094653872,201.8615009538701,195.7822335689341,210.6542065378164,205.2208941236323,244.37943976171076,217.7550894639345,230.7127368611711,226.77051693502125,210.49359974025597,228.07506817741813,206.79621881242707,224.9672667110508,192.44876765885425,196.1099911642719,128.36396256656514,199.45967116803075,206.79735498387308,185.94373623019845,159.37913884519827,196.6843438530892,208.16532784916728,203.13900761222047,229.4843811297012,222.80279744328425,209.7623466005258,197.3725514317183,199.1577445923557,213.2082411628377,225.8601504069603,217.11010936281968,214.3821063543337,210.981145222103,218.3421970858922,219.3715980734208,201.8018736879689,204.9039690071932,204.26335503244044,195.76243082702388,219.2250339366267,210.95369097649493,212.5222844821076,222.9422338357051,210.24754901199827,207.71422573613887,203.4941481237657,194.50971248528495,217.58046603555755,211.0863759812743,217.3305342732731,219.0326547999698,227.67621433762395,223.67788341299416,222.6180434561236,214.4790195174677,219.9363667031759,209.2131525728243,234.98080564602276,221.6315644727397,231.3281004758235,227.30835599987165,207.5422724737263
245.28813092600132,184.69232064808887,242.47869324956176,134.9994472905644,0.0,235.00954085569333,218.59111925312084,155.91468361311996,216.844056249062,225.6062953509454,216.1180119133776,218.5533263291024,225.0840488545444,219.5333901405254,221.68878475280167,219.5825264042888,196.03643194376028,199.4923901169779,217.35889519709616,207.89456254116112,208.961823766044,178.2639879531851,229.1590256469525,197.77912957532183,235.76722246119024,205.6834186266821,218.38508521310095,229.3386490258547,201.94879492195787,212.32577370874995,252.12571701436687,219.2377673106302,250.4492100661771,199.33663144910096,221.60114122227708,217.55315668072848,189.2182723417601,235.57701244882367,235.5587029878004,208.1057074983277,210.20837153324985,212.0515175746428,200.24562528357856,249.9742570936857,216.30293280795823,256.0275927177851,225.79237736976185,243.297921662266,245.9345396814141,216.8443130873876,224.77979019736011,193.3100928432891,176.7476128466583,100.65254890501612,200.4140351668441,210.67343660927597,179.102937840256,163.5020859559519,185.44450156116392,220.4785175450152,203.86420381405125,236.82615544748128,233.6097475477587,226.95559090030991,217.78976468593208,224.06509624769524,204.7318020927794,236.93762131240985,214.080002937804,203.3839887411603,192.94480233945157,221.37076290836671,218.11890607856677,199.34885868605505,223.9290482035139,212.67280764744595,192.75088173343613,228.57551775631657,237.52237473267616,210.3312771584081,212.92955697932237,228.6390872767867,209.93535327015417,214.5802173319964,217.21799991224708,250.50975766130608,196.2735209550001,234.8241990068308,218.39442340276383,216.19702702558988,187.1649914311226,225.4813541348368,202.83586520160355,228.0958480640449,176.64046355626778,226.81892949740532,256.4492750063122,259.60259338839785,226.90547101254043,221.5351271327892
166.55373288549634,187.5171784033419,92.81214114578049,230.42430182445707,235.00954085569333,0.0,159.0285843468621,190.08322619961496,122.5869487473242,181.74716047898096,219.03960734399607,198.29348930779324,221.26689690028596,193.2412040000013,205.5261061031556,159.7422758382994,235.67038557986865,201.53794343059852,218.8668348906552,166.03349600642903,221.01654263116944,217.22683424358425,216.58058163963477,216.28702027483237,159.8674386824871,215.59623402626585,192.14687955856436,241.51886059861351,246.2499562232489,191.19924192826855,180.43770483321344,183.58687715192832,187.9167725047393,204.1203795058597,225.2798197183953,190.2597879359451,244.6788847859496,172.38130683101068,119.81596006898886,151.07144997362,176.25264099600298,205.96382862038672,182.19125715283712,217.62211033980824,235.8535511890052,197.403529386432,213.4304223605235,217.1034310176126,192.5815115340519,230.75706549664903,177.87940845247502,152.71317183110136,181.298350585122,228.8844286323909,108.54856426384497,106.304619444223,173.4049085965737,184.1414494045206,223.9597004244952,238.04928716242176,208.16390225438292,199.86166157480773,191.86488652537972,191.9084731933102,194.361902955566,198.87098399032865,218.37388131160003,229.0386411409844,231.35864066496416,198.30825204684575,208.6188899068284,199.62240590580868,217.76505009857965,218.192102019183,211.90096977435363,221.46747990174475,220.30124263151737,195.6565324026145,202.25158537809816,210.76618451308536,231.91018406401116,229.08687762104975,242.20394538148724,204.1567903778092,196.924251549054,186.9147217825024,236.3439081567809,229.1100726137236,210.67830292446897,230.1282016553386,222.13191739634985,210.2552528384616,210.45507506395904,191.4325544891076,232.89385117769964,249.46383557417775,211.30749430289683,205.847769668736,221.27619281360944,244.50211810680048
185.83506485280228,168.27319709984909,162.42941359785567,159.78067501332265,218.59111925312084,159.0285843468621,0.0,150.94528317416993,152.52415115240984,179.53761973878824,223.97857837707608,223.71025418230775,233.7737946798435,189.38037156919464,192.30180149126184,138.6492003706226,210.51422702617683,192.1585890702191,209.23776893618796,148.98336604293678,181.1494740608312,221.774535553684,187.50716627774565,189.9338642061749,178.70505952192332,213.43834400142455,194.44980643663504,211.053643688172,207.803870877568,189.35262404357343,217.0237785721681,193.48703600632956,204.3533895699431,202.5014305566305,200.06183488323123,220.7206439311622,220.49750040471037,165.81831979070105,168.19710136574838,154.60526605094503,177.01519828461124,238.8798955575957,209.2716665576301,231.70601661849025,231.29504922465551,213.3258341998885,213.80106225071023,172.80498491228585,208.89782463519597,222.54096955193077,202.87883859216893,188.10882034181984,202.319136955512,203.38405220861205,155.0930966339468,169.94614665565263,181.11914620352795,194.0942006581638,235.9136493334813,228.009212982551,228.19261369008697,223.80755640715927,211.4394690899812,193.131099196326,186.0549986971746,190.99931764227864,186.8204358981726,217.45002719493965,203.56916444212357,182.3670903865468,185.19523004476636,189.01444776224676,192.43177166696773,217.2511872383201,211.58973577329184,214.41245124951448,197.81005631109517,193.90851081032545,197.74115141475676,217.84476353618996,204.19674234001357,195.3740854607556,207.67367533412835,191.5640690653616,144.02619457884643,153.38602498151363,220.89103258707237,215.7915281356576,187.50472163150036,218.14369042433992,251.55463028038025,224.10867967303312,225.57321244663672,216.73581399864645,247.0179312494334,233.9145393203156,196.22927324332568,172.00005452050345,209.93502253138445,210.29303069123068
205.8996639066183,171.98752901761188,185.1195193106132,102.55131796578662,155.91468361311996,190.08322619961496,150.94528317416993,0.0,133.3617369736223,192.75296738463595,204.6350087256589,207.2576144144584,211.3931946608579,207.10132303028627,219.47881584720227,161.6041736497972,202.87001027492585,184.0435452597012,207.97166359178752,181.64455839820155,200.6397105775032,200.5111652211178,218.33069727075963,180.13691203176916,183.148214424269,192.6226941347739,215.95699905251175,240.0386487416603,222.383774617057,197.2118804737881,225.30054428892043,162.4853381159769,230.3908151407821,190.14953258733232,208.8863442076328,206.4620169275944,214.4115627757521,179.20510152273118,193.42264599508175,171.24013300455832,163.29150354641737,190.44317898018775,182.07534223961235,244.3384810863305,219.52917988871667,244.4630964064374,238.7655864124419,226.85326933971612,227.3370572704518,218.10888730731511,201.52502414436387,170.34599308511227,166.90978233406938,131.34109717978907,158.76398024191167,166.52936454650035,132.62570619099478,106.58653541783752,178.24871547980655,209.88266738759705,192.98271424823207,236.91234424997947,226.51104699865363,201.9580595432872,198.6599692463713,199.30599929608172,191.5010669894745,235.1025497043205,212.8376676342757,191.9503248151297,208.3489957607297,206.9698648438096,202.0516269611517,184.9928554511739,198.74611792683325,194.77103721735412,204.14738595611615,207.13500537827716,205.147313662812,193.7068017214931,205.29137116209412,218.469492119173,223.0153543101564,209.27520716129425,199.69167407841957,217.6870759699645,220.6103518295247,223.05782629649477,216.5495569097889,221.4879127926638,211.89265835634117,202.7591022761119,190.9554088042057,214.78839586790156,209.3309216947461,240.98682208194447,232.15099748785155,232.7331270587109,225.5365838064521,227.2463430231099
194.6284248222831,181.40507400506,120.83194523747376,178.1175611286684,216.844056249062,122.5869487473242,152.52415115240984,133.3617369736223,0.0,173.40183754808936,194.48646262643248,179.2761493389831,222.8928311020824,222.1331210211269,227.2352969433553,163.57131516835275,217.24209095990184,204.18111629448356,223.6879375235963,173.9414409025724,217.5880728544741,212.29432672575263,235.3713335708038,186.35829302217635,132.67173914266394,180.3217095741035,206.5875886291516,259.79958628824204,249.84654478816933,207.14896278833325,184.5845109541331,162.61015564800425,217.98131451992637,202.20760922604097,235.54576436727115,194.5631340948676,235.04065168135185,177.22423635490406,133.00244404084344,138.71465588881267,168.92320625849987,193.16888950991736,181.0436453027861,223.38853160838727,240.87752762820915,229.01138977771996,242.21050330012295,235.48725083884204,213.821963419011,234.6965741239051,177.8569793399348,165.4223244771947,163.7844589871131,188.40385983796412,140.5535786560145,113.77985226066028,146.79392863550908,148.83084106808764,195.47252952441997,226.95198834107063,217.44664773099197,227.2549544686907,233.47496110180708,211.8526559321194,196.8617959133176,207.8782489965848,192.73020614677236,261.5675231260061,232.74275923249132,204.310980646712,216.336466487784,219.65860861446595,221.77280546317812,185.2095556199539,215.2226067838932,203.54111186865,227.15000809516368,219.0034901613004,203.48864792743237,174.19245040114703,220.73451258157613,240.9097029696123,248.71992836028025,221.1954631301193,203.5882924283971,216.77970554913335,227.44191131036644,253.84901234001725,219.11901451018448,229.97529421183447,206.8946796240985,178.17322150454942,170.7914314837124,195.8484125391908,224.23913400234977,247.1569533389421,228.4874401323029,233.78912057863283,226.33010335892985,239.3641966090562
211.57965815125976,198.87635735282555,184.448452595368,200.6687205514668,225.6062953509454,181.74716047898096,179.53761973878824,192.75296738463595,173.40183754808936,0.0,145.92707995972057,181.0459770840616,199.52401620449285,210.63584113815944,222.58712202698803,153.7526790860885,176.68098578168195,193.7259730867108,218.262318476067,214.7385170717749,212.86023547379855,198.74938562187316,220.74780970956448,156.9516554800789,103.39911269697164,188.6108027628365,232.99984653400207,239.37135367271875,234.5419742824528,212.60721963241912,185.71005991430823,169.38644797368062,165.78899441528105,177.12551079407768,204.34097144308524,213.03864860238025,254.99325966878743,150.50654586306166,199.80194721446168,164.8132261485392,180.1399432529018,172.7968409237221,195.59412389314812,233.20873269248648,255.7829028454476,236.87081082437163,253.21527955365423,225.96963937936331,206.14618152020944,233.7564644077788,198.3246588590499,192.289081426507,202.40159361300064,234.59595043858064,178.65142977604046,176.89080356605146,171.70496129047794,193.86683955274847,195.8769265643308,170.5318338193768,208.9463744597244,223.54212038097552,233.0231267836417,229.443017145708,228.06344236131093,225.6728096796832,171.33239913898728,241.77502679542116,226.25434598130173,197.55119503150655,238.10386317624676,217.19534971760456,234.1077000237559,190.2678625754184,186.86625041359903,190.9590221293979,247.96037846035125,240.44089720798544,190.864593908252,170.3983894028859,214.1572971184289,212.37343680774677,236.0018033183239,209.75061776979496,218.73673202862275,199.19003819367407,250.50822397774908,240.5516673021348,207.4086999048736,242.68878470533764,229.604375234277,160.9464713476762,185.5895381713184,207.79006479138215,255.3909590728756,253.95479324317108,239.6871632200121,211.82332761972785,189.49336288605747,227.6642067005832
218.6838106498204,208.63909861334355,214.53816813021237,223.35722158099972,216.1180119133776,219.03960734399607,223.97857837707608,204.6350087256589,194.48646262643248,145.92707995972057,0.0,138.42543655154316,171.27809056678473,233.52314560101,250.4649756969201,205.0739407695036,158.73488193345844,189.31487136257527,194.7455522269028,240.104182988358,232.9048039837397,192.86626781454288,249.4006389921365,164.28164182152784,159.0943595603726,159.33405287796694,235.51361615262505,242.35705861453397,245.28047751416145,234.16655835507743,201.29063117308127,177.6549218272574,222.9070527009173,187.4796654574736,218.28025710107144,196.71229303717823,238.2038732316047,195.37883951201067,225.0610002248072,207.91710344435344,172.46861940796867,169.9523964163991,207.7474798080635,205.9238607212086,243.03393715767757,247.34639850776,259.33342100092125,239.0145005887956,201.64813018749496,211.96989634723204,197.96551294547032,202.84009293105535,186.0612682890085,205.41695728457967,199.21774095164955,186.4894749497838,179.01397904134785,183.0274256646531,148.06633368127447,136.5174585221344,192.8185048928962,246.635685495342,245.74277730152235,240.62337873434092,253.5150716680456,254.18279760965308,152.06019708367688,248.10144901192805,227.1510670037864,201.32163556856764,241.16304431879232,236.18030293973075,231.56745599689305,170.97918748268313,191.84155926435395,185.4830753175072,243.4514838290699,255.97436284377585,194.572042911552,149.34288631910124,210.5864597519937,220.1116162381609,231.76899866942705,238.40094040925084,245.1652055287355,243.2082560082656,226.35380060215243,248.38078641432725,218.90847711049977,229.35843433151257,199.08881032358755,138.3828123317109,166.50144592340536,207.4987114497661,238.90223081175208,238.57192791255767,242.12918737375628,226.5784457764663,169.47696353938028,210.22170772505933
230.44410673845616,207.4528084299862,184.1247736488076,230.0248357884801,218.5533263291024,198.29348930779324,223.71025418230775,207.2576144144584,179.2761493389831,181.0459770840616,138.42543655154316,0.0,194.67580640092712,221.63649935938943,238.62375727406751,186.83496482514687,162.0069962155197,203.9891349764744,180.246061871322,221.9649268393848,221.8509474131274,195.06015438088636,237.61288710988416,138.2954845962459,163.61253497768928,108.51024219998652,212.75194892988503,242.55764198909895,242.9551439061376,208.56115131853903,200.4369304823262,195.8325958451975,223.99539989142212,203.79696547591533,225.84870323346175,220.3800841239052,245.06208734359427,219.33910822792265,193.9794122744634,158.87874926206302,185.77558761252251,179.3387834111214,210.6167557976928,213.44355476393147,234.23916954123055,237.49715692319077,243.62958912076127,247.2016356090201,225.17955830172497,235.6273636048371,200.1394149291552,180.64499050496693,167.52675538900456,206.17468802911296,192.1611271626236,178.08006504930836,175.07928754195575,181.82522399652788,152.55188424608843,180.4392219245791,179.12722080443118,243.9405958591766,241.39616498223128,219.81078844017827,220.014406899025,225.963355105282,154.76110821461748,233.96534035074365,216.1610269500526,198.57425993604343,217.43645537307503,212.7214561925768,208.01234578536577,146.4999341839026,181.0737471867589,170.09044550654255,231.12746874651904,222.00472517223184,229.01828720297817,162.64213665830488,191.6851203072492,245.9173615000152,243.87850215605823,245.20111221392264,226.6827906057713,249.74907822795493,224.58847439383135,249.88963536377463,228.6944188954492,217.25649478232967,193.1215645752268,156.6023515389884,147.39590411165662,228.76646622318407,211.8522103976476,228.2027020419319,235.0104260089081,236.869443737814,212.37463822425968,235.1650103276678
206.60211907525297,217.06752276228,218.4859278645393,223.16910703834057,225.0840488545444,221.26689690028596,233.7737946798435,211.3931946608579,222.8928311020824,199.52401620449285,171.27809056678473,194.67580640092712,0.0,179.6112721533646,201.49254284325747,215.67581678027148,186.19849570046708,198.23357411611204,181.8336317467333,216.75883871255564,210.49267867262012,192.03546229744447,223.35587104912184,210.50650270944325,224.64166205667976,220.30794987588072,203.17301850155891,187.26245659059285,195.78469101126967,210.31055695832927,224.21872466141184,200.33343001669124,216.94168846731927,194.9103748150596,190.8211475328333,197.0933917472135,200.1273225884011,215.3531897270866,231.67445727883143,231.57985109908464,199.27901517943536,208.3596590373268,211.31532300671145,208.59569517702172,227.2188292361723,216.76502244434843,208.8130092825997,209.12609879048037,196.9085329943662,186.5837329695805,210.14991470053144,198.0290237961662,213.63062490038183,222.81347557053263,190.59169156944893,199.12327424756165,197.80565830442495,190.40064358253008,167.21596947289328,157.63753283231983,147.6359926575422,157.11315800294165,150.53250226383068,179.45138163214065,228.46839507700253,205.6258683806806,200.3900447414165,164.39976106445545,194.93593559171964,194.45428788863228,230.3963890619751,218.3637506069678,208.7446740792221,204.18549549896733,177.32031647897708,207.13918672834996,226.20936671127063,219.7521396439129,210.1312152126289,202.8652335136033,224.74642142519969,186.56304770019565,197.52913010838893,202.60952282844605,241.371354869982,219.29410005412748,204.5024811043467,208.9929530120105,208.32413139970117,224.94834761813652,218.35125962941012,222.93813992402332,216.06744184822247,204.99582182132335,213.05084406390608,217.361804135716,224.71725930931385,205.67676690179007,190.24371277128856,188.2534568672812
207.34874952419705,177.15712220831057,192.3705099992933,205.6188766280688,219.5333901405254,193.2412040000013,189.38037156919464,207.10132303028627,222.1331210211269,210.63584113815944,233.52314560101,221.63649935938943,179.6112721533646,0.0,98.45007665799704,168.19153521849526,191.9161609560904,168.63126825623198,128.89996959771048,162.39316965424246,129.67524845255477,168.11426879346612,114.11857070194924,206.18963432500183,238.07978287662115,233.68252657161423,165.26710298083523,151.55436664628184,143.89528147453,116.677440209357,249.46060347891915,219.5693394373457,192.3101134034092,165.07336373011128,175.19161108327762,219.57593232442883,201.6698256830105,220.7762854487214,202.17531636009696,199.0132408391709,209.03084005767167,232.83788271552564,192.25940352766008,238.9614801894924,220.60338572189727,192.40753188411503,170.576593057085,189.96034722902044,237.4583253175525,219.16348068906592,225.30011171915004,178.26796313251282,213.54434120127868,229.4127597551769,166.30392705764396,195.3032013134615,201.08759227224817,208.24494405423468,211.0870776166895,209.83833416573296,185.2150501965124,175.7755211686728,165.79741895294163,99.92236387661166,142.74988968739603,115.60098170472062,221.37996737921668,133.47812766563428,137.1384189403053,152.8978820762363,155.87250128809967,147.8132477601547,162.38352090080497,212.3126667693092,186.0804440843837,218.6899722604484,163.5806162288384,144.12383782537688,225.78954566030308,237.58564173166732,188.28318754588895,177.3226352548332,171.3096222881195,142.8409031536613,170.19105571026293,173.3725077225797,208.0247004976852,166.83929323280208,201.6592439732875,207.35894965366907,250.7226263046745,258.9717231820312,240.31151975847095,219.15657061182375,202.71010124386103,218.79402621154327,192.46823614314744,192.23442303669495,232.14865195063237,221.75203274509823
213.6061022173037,170.55955532161883,197.8450186423341,205.13808409628908,221.68878475280167,205.5261061031556,192.30180149126184,219.47881584720227,227.2352969433553,222.58712202698803,250.4649756969201,238.62375727406751,201.49254284325747,98.45007665799704,0.0,186.13560426792853,221.45987462757097,189.33973212829108,176.5346668780561,164.422295121939,121.09959629509665,182.6041414706141,116.4372969304658,220.09149045163204,250.16166747904492,245.35140019330572,168.07301087331965,145.1876280176374,136.76921661663653,115.5395739376494,275.61166962914297,237.89902313805308,200.81760226073865,188.28143633184,188.4700353056921,222.69541423664373,192.02268326145548,234.9311333695698,201.0151565178827,207.69275805020084,219.828668136448,261.5396812268292,205.89548382934785,244.4327015100264,223.25780440363613,186.2641285668588,171.52409558972596,189.0840820554653,246.5149440258458,220.05011873371188,231.6750959052002,186.65337961367783,221.0476259219586,231.81435342614705,182.7681953723961,203.68650639541724,211.9146512447454,220.1479407613651,228.47963217156095,229.6197987292936,205.4138386280413,173.60523307044622,165.63504917830087,110.33490805439452,131.2498806644056,73.61390393761116,223.4530432088124,144.10154428942266,148.62519457365838,162.63357063968527,131.13181582674235,149.79326466976215,147.09968482504647,219.31938320504588,201.9885716980876,232.53024468416328,140.59077772328533,122.97708331537764,247.4101661800698,254.2639325985753,199.0737848929304,170.59724960657752,171.8545661123965,140.12369619272968,172.32823522521716,166.0427392649134,204.64465762380428,160.14399187278536,190.9615959503628,209.41720372242887,256.9867532911294,277.4546653261387,239.2894838375956,226.07099235196569,210.19440549731465,216.62628009614545,184.8591359650859,181.1456556488528,232.3201047075152,212.7320684902363
167.14816364517227,108.42519002760471,151.73196470770165,182.5042591829317,219.5825264042888,159.7422758382994,138.6492003706226,161.6041736497972,163.57131516835275,153.7526790860885,205.0739407695036,186.83496482514687,215.67581678027148,168.19153521849526,186.13560426792853,0.0,190.40428747289883,148.1731150509015,185.36470988614465,137.89422547911096,192.17532872555785,193.2418563853309,192.79733835812056,172.70519443161078,166.15241683845215,202.17609901709733,184.02962688710664,202.0154015202177,199.5106690428293,171.59085549363604,181.04720559681,149.42005429690914,149.21180516857967,156.37208291059966,189.4285301251493,186.4226028585739,206.40675036461863,146.24201216116575,149.491765030737,130.3722146834919,182.27645330970503,194.97931591991411,158.51213349409812,214.79969081952345,217.78626709962856,208.8928698721703,214.8986545276644,213.2663512070083,207.5414212245416,218.13643169504564,159.38362501711842,114.68076339343844,136.93157086072603,193.5239310531651,126.14774961038434,162.39206743847535,141.70392157324935,163.91421797635866,190.29072339265227,209.28737143380653,177.4990499465967,228.62102602316315,212.11326796349144,187.08384394372672,197.9181616030496,175.2994402770374,172.32368590047338,203.2930925923456,190.16131758431047,152.92265896657835,192.7244372027332,156.7818180005704,187.4451988221595,183.47468750943423,185.3940472780614,185.57936863776015,180.52913748419448,172.3321535137313,176.04628533123412,169.42144560574243,186.63139068752147,186.85243542645404,201.8354958461751,183.6958002621712,165.64899527886956,163.79081476621303,218.40127471237457,195.9593480687588,179.01365106549576,198.52542427800915,206.69476421233068,195.36190777379488,189.89394182988067,176.3863310804879,207.86642975849972,209.92722344919505,180.92653609405076,189.2910479707488,209.93838483077676,216.9757066318295
259.684724490884,223.1371864104268,232.10775712335084,209.8496932685664,196.03643194376028,235.67038557986865,210.51422702617683,202.87001027492585,217.24209095990184,176.68098578168195,158.73488193345844,162.0069962155197,186.19849570046708,191.9161609560904,221.45987462757097,190.40428747289883,0.0,150.42940401226252,127.17679497812712,211.4787694607476,173.3569245899988,152.18129687341118,193.75347694221904,89.77559190310888,194.5186744809601,131.841814206204,230.40718644604465,196.60966165223533,175.53419987899358,201.7703223449555,238.9607294545388,226.4259540356566,230.4961001665356,140.96932957527204,193.16201359701503,238.2423337652268,217.17835580219403,236.47288440922105,254.0970446480862,179.39055301200884,208.3102264217669,205.03067938418505,203.98108316496027,237.1049307489605,224.18793090287565,266.0847026826186,238.4572748749121,257.6404385880314,256.7712395145137,261.2611825718635,238.58095482328736,201.6882185650001,184.09670940909416,208.0876496020009,190.88817792967257,191.41855075031387,153.518248458995,182.1868665382104,161.84421484597448,154.74230191436078,186.5847174532452,241.0481920115767,242.07780609809348,200.94888977556585,209.1833456952916,220.46807775973525,122.55332538789476,193.39771929546515,154.39807822062255,145.57511160845016,172.7954150061021,178.66738685944335,182.50078209257907,132.63033437685522,139.84294650072576,148.24341910503006,194.167839452352,207.7381378351194,241.12465826446112,198.826935607636,133.34720784429413,217.25444830468192,203.106733144551,200.96483842982497,202.19197374369895,238.66873004690365,207.6964723745685,221.29131500238967,208.63110326955405,189.0466784373466,224.17625324183305,185.81475183450067,157.96881857124245,243.9742342521644,193.84127078306048,221.8932728229269,249.66041548936695,244.5922654542703,202.0805037459158,248.98101899955364
211.59183656432455,182.9323414864176,211.8502381231778,206.0343901673224,199.4923901169779,201.53794343059852,192.1585890702191,184.0435452597012,204.18111629448356,193.7259730867108,189.31487136257527,203.9891349764744,198.23357411611204,168.63126825623198,189.33973212829108,148.1731150509015,150.42940401226252,0.0,146.2973214556962,138.261696973779,182.3194895857484,143.70836213466197,168.77550570408562,178.05124636590384,207.44900040259472,209.17477755971944,204.92772046398036,185.19171827215243,184.79873055973044,169.60574083785758,237.50913278991013,213.35266963763712,201.14443765593293,79.30603417803752,133.97889641016096,165.14164189972763,202.29383800794676,224.6531189826553,223.54587825713733,201.204572638125,192.559843995108,213.5809750141694,174.6297975840281,252.96918648987048,229.2935895652219,242.5479152150609,198.18392559791045,220.39364585112747,196.62874307764645,208.6729937086292,200.80994643826568,166.25236479629092,165.7310212003842,197.3494089959398,155.27110292319506,173.20860775869087,128.6072363656617,175.9203010052113,191.11761760158544,187.87692596394595,192.37559328305971,235.03757949691044,236.61086857878652,190.89714797714495,186.7458282789375,199.3725130489065,169.97075030256332,199.4676865935803,134.27077014610464,90.14296995644024,172.16384866092164,163.00763861752654,146.34090441203728,188.88954020158212,192.73108878964925,199.99350805058276,194.6028162483722,199.18085735529863,208.65251078126715,209.8663370497624,171.5364792215923,163.86792035051343,172.6371778294255,158.46995139798267,209.52280453091265,180.8576696934708,208.5251176558989,193.45617947711293,148.1989646727332,196.9195721977,210.92892718826653,208.63568993240204,198.56125535070876,203.08091350638205,207.47479957038692,235.95450563425987,223.8359304153161,195.59510611674477,168.70489897149866,210.81311475574608
235.7187435435185,206.314615115222,214.58179784534315,227.0770287173348,217.35889519709616,218.8668348906552,209.23776893618796,207.97166359178752,223.6879375235963,218.262318476067,194.7455522269028,180.246061871322,181.8336317467333,128.89996959771048,176.5346668780561,185.36470988614465,127.17679497812712,146.2973214556962,0.0,190.3910427923787,154.2008760562361,144.26063895642056,159.96374727867502,159.88704474677718,227.163624374763,178.8460983796322,209.8386439653028,181.3399532807475,161.57207340973778,179.0334075528861,242.50483316258507,235.16357296505512,222.32241457837145,136.69083903613802,177.12969797618598,218.10799454130665,207.1484782134576,242.47066937224943,231.69495719808404,193.92009376380943,210.2154320730785,217.81738563660412,191.55787041954108,233.729254789381,196.59985262001004,245.47632755967717,212.0294830293091,233.48170078312785,248.5876528741723,239.0063774250024,234.51806902380585,192.14048350727705,194.93110340047832,221.59447190286957,174.77150675892176,190.64795543714135,178.77147924836845,201.4647148039593,169.96927075018027,180.77188162682364,179.25621645175025,228.92740641960927,221.9502690532716,159.53119809893474,176.13392015131296,180.48724370829683,183.1082585361322,166.0144231483338,131.18152807596033,140.83014519069076,160.31337425206112,170.8699308412198,166.60495691756918,171.11395392659665,163.0491289718313,182.8609194450232,184.33047157265636,185.8815387600909,240.42948602417533,224.20928845187504,146.99161794361757,203.5010043386206,179.23039756666577,186.7819171154321,210.7352885356792,226.60136968055613,199.95633894955068,208.34221421861432,200.85714067656824,182.7731758057618,215.42098455028244,225.19284425190955,195.50279316574245,229.2159918324881,190.2483752001637,208.5642321160024,231.00225487771112,235.2990691987059,218.9802907318431,239.3434740146972
173.8471590155371,157.34814194240624,175.93180481699562,200.43890959581177,207.89456254116112,166.03349600642903,148.98336604293678,181.64455839820155,173.9414409025724,214.7385170717749,240.104182988358,221.9649268393848,216.75883871255564,162.39316965424246,164.422295121939,137.89422547911096,211.4787694607476,138.261696973779,190.3910427923787,0.0,167.45168529384017,199.9002324866796,176.462255530476,206.0957123553904,209.1371798956756,227.67942961809385,143.3961018931036,175.79856180783793,165.9411236059787,157.60216886270226,232.6949598919065,197.5883195889865,196.4352384983959,165.07645171119498,176.55696309284977,164.6679986928796,172.68396824172953,207.54987107163043,163.25900792118125,172.68124115203528,189.01520730241072,223.07421543318668,177.45272585738388,227.1930666103269,220.37888225826345,203.06592594918223,163.93698605306724,196.76073761990847,201.61074750966145,201.1106320952373,175.37662236422227,144.24620601083058,165.75424716137456,194.4704072525964,143.94734362794782,163.41520783056217,164.85403492990903,175.62783135507144,208.7861678795452,235.27209631887857,210.30311667806615,214.6211252508733,200.4860037478304,176.60162972835684,173.36212487144843,155.4247633928508,181.21550967009196,181.74821765327832,155.9299446815474,130.52535388494374,140.3230453484967,141.67195197626808,160.28312126686194,202.089802272651,214.63317702418,213.38337891595415,142.8083581570626,157.35272324477165,205.47676457664875,208.42150860295988,176.12547990620337,167.0734805951463,183.4123669532675,155.01253717327253,135.0757052064831,152.67352705017657,176.09937123486918,170.5478208153056,136.1986334458992,174.29453115895743,206.86414246774612,235.46466210684287,200.5342630974232,179.82630288889675,191.8119228165857,205.7842908838344,176.56717866082766,164.7395322437716,207.8838254456292,200.9776947587814
247.12307914308204,199.44987825758147,216.19300168843995,194.3569810358439,208.961823766044,221.01654263116944,181.1494740608312,200.6397105775032,217.5880728544741,212.86023547379855,232.9048039837397,221.8509474131274,210.49267867262012,129.67524845255477,121.09959629509665,192.17532872555785,173.3569245899988,182.3194895857484,154.2008760562361,167.45168529384017,0.0,180.4053652636288,128.65261350441384,166.29509686072552,225.6137670243581,203.8758647101312,192.87499440070627,170.4302791336574,113.12499436667004,154.26436571439496,265.11484338228155,250.8500121919812,233.5313086692192,186.0170316154385,200.23616015536115,245.7007879754006,201.6130399292161,244.6293929801651,224.71759135335367,198.4248760509578,229.9186458122164,259.94430200260683,212.28616419567496,246.38680421007552,221.69582755614348,226.6496304201707,198.6545408214385,220.74110070946583,264.6094372386255,246.97800261009291,252.89442483041805,209.245020371738,222.5953806486505,220.4291455765176,196.2057332187048,206.68716223526587,201.34456534124777,216.002695494226,214.14917442149488,216.3173925778201,209.3769300921823,207.07376057294545,205.02026238240825,148.42512579905875,131.05583265398673,131.31520212133188,193.49197785145105,155.09681283425454,128.94442305886434,153.43576591959143,96.82499906075653,163.7286727882086,155.1490976853309,186.8419328244008,183.63354812889537,194.233511350714,142.16339763648938,149.444142438367,252.764135590328,250.97095973400832,161.99363246109425,199.1313565242067,189.0569821609805,173.98615740413354,158.80796063514805,202.64856341813896,203.26866312752037,191.14340025738232,206.05405373568163,195.14275886846767,256.2270070226928,256.2457162321798,220.6299789321037,239.6647380591458,212.09124119748992,218.97872100651475,214.6113082632094,209.30407926829545,238.57462674937167,235.3014131761348
