0,1,2,3,4,5,6,7,8,9,10,11,12,13,14,15,16,17,18,19,20,21,22,23,24,25,26,27,28,29,30,31,32,33,34,35,36,37,38,39,40,41,42,43,44,45,46,47,48,49,50,51,52,53,54,55,56,57,58,59,60,61,62,63,64,65,66,67,68,69,70,71,72,73,74,75,76,77,78,79,80,81,82,83,84,85,86,87,88,89,90,91,92,93,94,95,96,97,98,99
0.0,198.1171516017803,174.15682949523406,221.84968716014225,225.37046511932212,192.61062294009795,189.57432594171456,184.4672180247083,195.10278879938852,193.15794438862133,183.5357008994703,192.9617961676969,187.34181490499583,192.25649902538265,217.05986932718875,139.100276113723,189.3040618817909,141.85119951661147,185.4487958157236,140.07709350378784,211.5654016455829,196.54578765094385,186.34404464404804,220.1040422822257,183.87135814053187,210.20406515521069,229.14858446503908,198.94717031450676,189.5609394803412,216.5873249833756,199.2293918393823,157.49944252627316,169.99191865990986,169.686720280867,208.69858549107727,164.02508769205627,189.4429341580486,164.0431213530901,203.38889607026573,207.6721994538457,177.72849021829302,198.33411218796368,209.53619427554892,193.16583731125024,206.5499196468417,214.42641845959685,204.2387719263889,155.30334284455927,134.4777488228737,179.15638943361125,113.55934707123625,184.49967311360405,185.10570600109972,215.71633888489723,195.7444312947751,174.33027926968964,178.32209421526437,196.34279351980268,194.88410966464136,196.21696107260397,199.20401151132776,185.2589822516298,193.98015315303547,187.8460963469518,200.1152159961744,200.94998286267656,180.75145382672795,192.6842054055632,193.90190514786485,176.51965738407702,187.39884668022484,215.15896532811075,204.7575726804308,209.47512284477665,213.4549001391846,215.3631398765244,208.3046909313732,211.53884044488817,191.9209410129592,158.8352476083508,221.20460621743007,205.98705308187277,237.6130382945249,237.10487036868005,203.3080868657167,221.4893086549046,203.1029675660137,193.5482062613531,166.749059630156,211.91810199478363,182.71519817579448,195.7896764038908,193.24889476580373,203.18187674323627,226.37845247704368,211.4920391813972,232.26506762415215,185.70087494961095,136.9002862614821,184.30179975311563
198.1171516017803,0.0,110.68423541416983,173.15457423639964,130.06231526786337,142.6592220511867,205.45845531343835,143.66276905060153,179.31394265431425,201.2899899745983,208.36458944643968,212.08017843645,232.06678465047773,248.21518862576409,259.7379827063337,167.9018059040892,227.43325630147228,216.421706973446,241.22292913585716,190.31263797418345,243.7186876228228,218.6325307377368,210.55701237350485,181.00755315372768,191.01599203153611,193.32935973820796,193.86251183864437,198.95174972572048,206.48967107330225,230.61009247658149,242.66898053386524,236.32371131297333,225.0123234691005,244.9903664249863,190.3320811254236,187.48584982628256,196.37774912338065,228.08971794875856,234.22801896304912,192.4322941527417,238.9677242100059,207.26950744237,226.16996793933544,215.0760575503824,237.9895718389544,227.7923215734769,246.80645450631087,231.34563329376152,206.09214037620112,238.08595492996503,206.9890595662968,109.78315633300866,201.82804619242756,157.01112150224316,138.24706884516166,172.2696210393151,144.63644685270984,160.70299973404497,194.7846723185799,220.6228405015462,193.75113176971496,219.7451561784104,229.99481511551463,237.86202149600007,234.34609561422025,248.60211517254692,201.3777102721687,233.06195122625613,240.4605264461852,194.09882217900503,201.86142079926492,193.35911030672528,204.58036313273877,211.43891269388664,200.37591339158692,187.7979443708353,181.7165298973287,193.54316474774112,234.2428812563994,237.3636499356903,179.90293356975184,245.958630040704,256.36468481869883,219.01407385080515,198.6485391801598,215.55346603364828,196.2685189877553,200.1135791660707,201.6691169014182,201.23593690683788,238.01110439996168,236.9611156700961,207.63250335127967,229.4408336810634,187.03918072615468,224.48132860012325,210.94533226547867,232.55743874799236,194.84906718158197,227.90451903827432
174.15682949523406,110.68423541416983,0.0,205.0397103420197,169.31191688887148,93.89336689959028,174.75509334612067,121.32253503099776,139.15575141998585,191.82568873017289,197.6873573772928,200.24546485713924,221.1784780217884,236.2827493514063,245.2109017325847,156.96891501334767,208.9728379899836,181.9191446881021,215.65032809292984,158.52838168815325,214.91318338473903,215.13340659432856,188.7670761994472,184.79961656300588,185.2309657018241,194.27961798959944,198.1349704758244,192.96880771955057,193.2152781317737,221.12622438568349,217.3630084363976,209.89985341537405,218.85716276451495,222.3045535799648,191.73037346632287,161.71245510504866,195.69715498041955,209.25565720532063,220.13055190670772,182.8489814743368,215.8830891650822,205.3505169496232,224.14329883003936,201.21227566725176,231.4777073118949,214.34505103226235,231.91325842708085,205.89021055520683,175.03595590838344,215.18280375719783,187.6205374773237,122.70624401638632,179.98185594607452,192.04306761172975,143.14026415265323,129.8526968695312,126.23199124244704,130.2940246938674,185.89395670831908,209.4628920900388,193.23960251298104,206.95296219346,213.2853190520804,231.3088821917875,221.98227388092775,235.7364056877989,193.30214385107396,213.74174028401683,221.19327094854765,176.32257336243424,174.55305300652762,193.71522937776,181.27942265759864,211.97225990124863,192.60323692949996,188.25010301175496,169.13638655388235,179.96510535626703,209.8419474198445,204.63585744977252,195.5431147515444,243.4548436513706,247.7978742586513,231.41029487319628,198.38664591846805,216.38953557608585,208.54552777364935,187.56615441073524,172.5957630053366,196.38586650075155,224.284770015058,225.48437786425512,200.22011765904156,216.28673438281615,199.47574818663173,213.3327861208476,205.12131504035997,228.73490895840132,177.69887484829226,217.9096414327104
221.84968716014225,173.15457423639964,205.0397103420197,0.0,127.64717709768436,194.77365642745636,208.59348862396908,176.75600264029742,215.83987774978704,204.42703996360729,201.51185937207407,211.3747604608708,244.0346778605444,227.91535684906728,239.9640916895446,191.83128308492712,244.17565778941207,233.08476961713507,243.79695556420077,221.01712545310724,229.5654229659804,243.72738443786372,194.9532632073747,190.0953561840228,201.86149905548297,200.10647367461613,214.46987719065208,218.68757328122996,201.34523137599064,208.11910071198295,261.4303785463036,233.42821063423804,258.4727351923824,270.480172291316,231.0288760932324,227.689377321834,247.5915753596614,251.9231472236005,255.5939206225591,198.6657522666115,275.3090724232415,230.35561805277368,263.62233379682885,253.09131775085007,256.31084019530283,253.33129398519472,266.83004957438027,251.0925132615952,237.80887450295785,266.99233400004425,215.8431142035056,151.0718880640872,194.0044310833278,86.04194573944237,178.19260645119482,213.9528638817484,168.87044402342028,205.4800693604014,191.9628617927688,218.18887944574908,192.50885440740117,244.46315894361797,229.76356745216597,238.3081043849156,230.8028309351276,233.2122869648944,213.734762075828,233.77669801878585,245.5156600543046,205.74381336624725,209.03472643673356,204.08382577132727,199.08690267531497,210.4046155538596,199.60128574100835,195.95216213835116,191.7555328823077,186.4494649037408,242.5702415069331,250.17433835086092,199.55958170166383,267.8127099561567,255.45727869585912,225.4146582458853,221.8248086597498,232.7755969396222,238.01537508675275,225.48495551630663,231.98839664433868,202.7558733110293,262.70456341429343,235.7446386688714,221.02530836154955,246.76471262271247,199.9838632978844,254.5501080691868,215.28526649324127,266.87180930172,226.03054950566505,252.93247941065044
225.37046511932212,130.06231526786337,169.31191688887148,127.64717709768436,0.0,166.504095539992,226.4945254991945,180.4959559532681,212.75030795686405,208.80787937660384,204.47497050548697,214.51757728219508,241.7302082329481,244.8162204395328,250.13253680936756,208.9322184684527,234.87563411706287,238.4488109812667,244.6636057315302,219.19245729027088,242.7983907657008,234.5766856203979,217.7872318998025,173.8630335831083,200.7734517149356,193.41834931399228,189.85756520866147,207.8655518624693,213.02551399370483,219.2246382928536,241.2016864546605,249.1046523001584,259.4471577746623,257.1145131613807,206.3226317999713,214.9990750667783,217.8423700998664,258.04339484825925,249.7933281106218,200.6784746772434,260.7712322804557,201.49867147535315,241.84976592371345,222.43858915762,248.69265999045,239.875687721836,249.2110273291172,237.20979515658783,224.95558377846731,244.83985847774423,226.52836238610723,151.27991534347228,210.6022834916039,127.51895917980524,165.1889633213422,218.1080049552937,184.217292821698,188.73830188044107,199.3182591725856,219.98622442037404,197.7924433626696,235.379798502617,241.23066425167465,243.2434622441284,241.6566402775804,243.18827661466048,215.9966890257012,236.33698223157336,248.89552942995192,220.61134546386037,216.5205783229172,205.6787767222089,209.97943373883933,223.60288622679383,202.66068025908845,183.58325326914087,198.78760122759317,200.071603193947,238.71329362582395,258.80885462515096,188.27126949742632,262.68738720493235,266.3188008667464,229.23675084314252,206.20344658995973,220.1123436316636,212.669747681819,205.73940838332288,211.95421313501032,206.1467405878352,265.6860024905765,241.20919446011496,223.6388523381893,234.0560398001004,184.54530468700744,236.60266952256532,208.20893591179453,252.8498353017623,217.62995607109477,245.42925251966088
192.61062294009795,142.6592220511867,93.89336689959028,194.77365642745636,166.504095539992,0.0,190.2701884239929,150.44739192283643,112.08017401863069,186.25349648175592,185.66344611849573,205.6772726996918,225.9363427682643,236.7952327244531,244.18217155298896,185.6016214945548,223.2995814838717,205.7101090971532,230.6007378552021,174.64407866624674,221.1180310248384,218.4969338129357,194.787331238565,193.66848300734927,184.8098169694604,187.3951579555703,197.2182285106313,189.1572410739848,186.6853739554768,204.8500997766701,220.2912766012744,235.56915297217824,237.32930564328396,232.79861614759875,204.40174359979227,162.5356533722598,189.26588042476877,234.0696358282648,231.41629398933185,193.6522351905287,231.23669507260863,203.3825347395396,233.67892179134915,192.68503989130963,241.40004714707285,229.54046123200385,231.09369593191823,208.1191590791668,161.41619878729833,220.0973710323771,202.63342959911057,146.55520600643757,186.6061771537764,189.7097386474204,124.06418575594748,98.00058582673978,152.66213965627975,116.21470143496262,176.77572173473698,205.2479749119089,183.72694606370865,210.57587650601283,221.9160936227915,239.6402711056708,229.6927094655677,234.92344406993016,206.13816777988924,225.86880669489275,221.49822493772228,184.72354649175048,180.68420544617732,200.0328660456729,186.4293568824881,219.86104779106364,197.8220472611863,172.18125802649337,169.77671821651973,176.15354085707804,221.4418379110097,214.85212066263983,197.59631043199167,249.13306505108807,254.6238850457453,234.42809383975623,195.28676223127425,220.7297844442556,215.8716079108343,178.806458410247,177.94886620393794,203.62589580185664,234.2442430046843,225.29451581667277,210.445648630472,201.93106646814985,197.4327271528942,225.66111232568016,212.4749020903436,235.53288677375,177.11756454882354,235.6784720920395
189.57432594171456,205.45845531343835,174.75509334612067,208.59348862396908,226.4945254991945,190.2701884239929,0.0,150.80918426124052,178.03570605026954,191.8892202926374,188.8062824431347,187.7051911671642,202.4789289908716,193.32568762252188,205.6746313452376,161.24319109915007,180.11973236309873,157.24398163198904,182.3531859150658,162.29933770614062,153.12834004993638,224.84530025256976,184.91486418488705,203.65504391106575,189.73034378415696,224.23892693641392,257.7980195082424,245.8698753312599,167.87519962035142,231.4606986419163,224.6540267583657,202.1374418128686,221.01110135888808,217.84996439034265,244.4751305244476,195.0968844472018,239.63987180382009,174.18169258256114,192.56718598751388,113.88177557629412,214.0617086653409,227.23912425562213,233.11422564030437,223.94675337257047,223.24486842059736,243.8726617047688,248.61212178167543,220.8554595513692,187.83955618016927,198.9652921190837,174.0727690724674,182.23848553485723,95.0637758476444,228.98027990270504,215.85551499789568,183.25415273939043,133.45241970943368,188.54083528163747,197.32111667508752,185.6155344129259,197.28119577645757,195.6095457955817,212.0328739963201,199.9198924544596,173.84189268816044,204.9842944692482,125.0282741961316,181.8763321721204,194.87727703210876,141.76969109127992,138.24513131784224,214.83750894535487,186.56882419773007,113.702330884393,188.1046649029223,217.5690500101988,196.14080402225383,209.6565142913224,231.16897969557212,209.79057208878083,241.2585526639114,243.05320149296813,245.02503751444303,252.3915280093832,237.3843235348708,254.7113074547696,225.66877386177575,248.85820416208517,190.3841088139455,193.1959250160063,204.30701169554837,169.2663176736086,178.76040633823686,229.53563167829,243.8087316220857,225.7671009223196,237.70572284826812,228.58463999373987,186.8986875189597,204.9419155853001
184.4672180247083,143.66276905060153,121.32253503099776,176.75600264029742,180.4959559532681,150.44739192283643,150.80918426124052,0.0,138.96628246222284,196.75849940884,201.46250982385152,201.69557760611437,235.0213486110814,236.490532613204,231.54125456569363,154.31920175334773,228.73080783673757,166.5844648654737,234.1347913473097,165.6842098182468,210.39158503749155,233.6188336076222,199.53939827589352,206.44895673397195,202.19639706760904,212.84194826685152,240.6800592663008,237.037888927467,192.2847851852584,231.82229784490423,219.52763220054453,208.296955209509,223.306307478084,245.92494751106904,228.45520443259295,188.16361043909967,241.13788569211908,201.40980224131204,235.38241117508724,189.23611495717245,227.3031914263196,226.8104866152208,239.27795046520876,233.05817733392703,236.9979177697533,238.2365226601299,261.1538476592451,236.63884991085,179.09040052530875,223.37749681356624,187.10600632351748,120.7198801310623,168.68185398957922,190.1082340346911,150.57649323311216,147.77767273025418,80.10645404409657,118.30889150846374,196.24710416973028,206.0945460651548,193.4430973801349,225.63378755704127,224.28151995927823,239.88966972146108,219.1357398338989,230.40104201978468,183.63468920974205,235.1357723985016,247.69061849771265,147.76616169317435,165.53646529087175,205.29907767851728,200.78543120177756,196.28299877741136,197.8186916172868,203.56227305124168,193.8061553900687,197.6387866444386,211.4904541725706,218.85831122438628,220.6867027159168,261.6218764173897,260.8319271161865,245.37974187571396,230.80569352644585,250.039772509689,231.56691091120504,242.861316037626,193.4366537136336,217.4108545146931,230.7963724113804,222.75424433224725,210.6768217359224,224.5303904629281,219.29565041329067,234.64883947274663,238.8328529750438,245.9926731493859,172.88253042920155,219.6760290070475
195.10278879938852,179.31394265431425,139.15575141998585,215.83987774978704,212.75030795686405,112.08017401863069,178.03570605026954,138.96628246222284,0.0,168.8946743397271,178.4232854333424,183.80620422911028,187.044430205119,199.59398541836796,202.4881353130785,184.5367232744106,197.62781589522427,191.75402857190213,203.50675369113048,172.199059247176,186.8843785455146,214.83541537953292,179.7915681885567,200.5546537979083,180.239353093979,181.96049167611355,210.89422844972228,197.14753542281727,166.47015448757935,189.20032749693485,229.91189563600375,214.18429394189636,225.5385581743741,228.0458685956636,218.50945244367827,151.52837775788464,208.1586094397482,206.84889427139427,212.0344594870793,205.7441575759168,232.94155940466288,203.6032929066616,233.38587894208496,213.6473484886472,243.30144913686613,236.1593575434617,238.4201761703468,225.89843054533253,173.60155414002713,219.1173426732988,211.10976911768307,164.65172249591217,182.77170295181887,227.87846678517724,138.3181280622214,90.38504825640184,150.72133496454842,83.31830663144311,175.27807355097406,193.7991265942401,172.0883268958201,179.14351206717637,175.5664741498343,205.2173125622026,193.70529599738563,195.7035641815298,215.8545433920483,199.7501765518396,212.4313237941849,174.1685888381948,171.3761251928815,213.43933394258204,180.14215878751403,220.4586465980452,190.32400845674456,178.30247108775444,182.60058606146504,167.35556241053496,225.8032890810664,216.02842474961935,218.4559097742807,248.86530974610776,243.927245734648,231.285189400802,205.19355026449557,237.89757446184564,224.0705450764111,197.74179418718643,183.0747655596383,221.2891269376044,230.55001433035864,227.0582759299873,214.106738758454,211.0451925305321,231.6016680259075,227.5788000558808,234.88568887133263,236.8762286827952,201.9155864775895,236.86838697972428
193.15794438862133,201.2899899745983,191.82568873017289,204.42703996360729,208.80787937660384,186.25349648175592,191.8892202926374,196.75849940884,168.8946743397271,0.0,95.18346355028936,98.90451992836935,152.31696288750322,164.14563673328269,131.3061177831709,201.35029629540577,169.64784842197952,220.77638745734308,179.24357101472503,201.44340248206407,169.407893101056,207.66798795300448,172.54756479985193,147.6352074299663,132.135008310672,154.27115417342029,207.53358424936297,186.0810113015304,161.93870286978665,146.71149952885932,223.99148324177665,198.0626396605105,219.65261810067145,221.51517243317548,197.6971875345094,192.17378051723463,200.38571180371736,193.9520046932344,180.35638713847385,173.8221270621932,234.1439372330384,195.2797786545084,214.7363723789472,205.2425538058262,220.4413952189186,221.0629085321665,231.579722319972,229.4055372676475,196.7018990971419,210.1352633636159,232.10108690413776,197.9843223022863,211.69183360352872,216.6196297456604,193.66996810371276,175.06487953399065,201.43287218820583,158.51812791226297,92.92669972170232,104.23446457164948,110.92760463922816,144.29097594685825,141.11670398144284,180.3942234534942,168.57361417493155,126.33390200112292,202.6390676304297,178.39072645657177,203.5811598376957,208.0450114857992,197.93401404677803,208.6742599960272,181.1097798066293,178.1529949000343,150.50227407085347,144.9988295097599,171.5293556769323,130.42198899848648,217.54400876166463,216.4558564117438,207.54639840942423,234.75865711418103,225.6305926386926,207.9598939943729,199.5299101842469,228.30446713035892,198.6888249027702,196.38780090231128,194.91406445749843,190.16789714895967,233.89563565090373,189.0568170103385,180.7661271335041,201.55809121689447,201.6282889504336,221.00176586034257,219.3997464670935,232.58581531585736,204.1803260669001,217.99142240202903
183.5357008994703,208.36458944643968,197.6873573772928,201.51185937207407,204.47497050548697,185.66344611849573,188.8062824431347,201.46250982385152,178.4232854333424,95.18346355028936,0.0,106.31035150884108,158.1125808398254,166.71879111566716,141.08830972143647,192.62364260386403,157.67165352972995,210.13363835709063,166.99549270729,201.68372090395428,162.74670358785596,200.73045021156557,172.0277094826862,136.0763824118656,121.32600293996292,155.3605809378859,211.06095508545832,189.9022815220202,156.289477120953,149.98683511949105,200.80593464808413,189.29561041083556,213.8418106942965,208.5237443429473,194.7764606887833,200.1192052401343,193.29243256166924,196.64016260789288,188.4894990831652,173.06078904828777,228.71357308508672,178.35257419014778,208.61391262365893,205.22117466456743,231.39245512807537,221.10887782505733,231.77274589920245,227.14409746910135,190.60359851255905,215.50564095186704,212.60053278729413,201.46623554328215,204.48226807847064,206.9473700158372,185.18681154380607,171.06730710111532,200.43154822722508,169.02115565863704,91.46041791012024,101.32062897292852,112.51734626961886,154.380993594535,152.22280208715404,183.32134696600087,175.35266917651057,131.80123716167714,206.5089757236006,179.39783942857008,210.5189858680666,211.73835266293003,193.4932052171767,216.95087486760508,192.2314076548724,191.4063435453782,149.28412326070088,163.8768810554351,171.19419621484948,135.48735337822555,216.4366239733293,227.0172733267605,211.26880195595947,253.16520116368596,241.69078390165944,219.5790667776829,215.9716536331657,248.2751180166484,201.16327130953405,206.26121978314723,200.0560933111588,208.13892121622612,241.6885802946519,196.36040832781404,205.333485946264,211.6402976232069,213.73420012773212,232.96486596096588,233.41727713680737,245.781206401627,192.96003209050536,231.1876310834412
192.9617961676969,212.08017843645,200.24546485713924,211.3747604608708,214.51757728219508,205.6772726996918,187.7051911671642,201.69557760611437,183.80620422911028,98.90451992836935,106.31035150884108,0.0,139.30449620304108,138.37601231300903,121.838951159414,192.8873319484912,134.9953489380875,211.35820631755143,144.55529340205575,203.91443006439465,132.0611911964461,215.82223545065236,172.0753164009841,125.19361624133046,124.80442641016252,143.07460327222606,212.4782526240885,196.33521679869204,156.33749131765893,143.21633073841122,236.1056755566314,201.49734781595757,231.15154830649277,220.462030285816,201.247307666646,203.8272194044717,214.87412165800683,216.05675942618967,202.61279010187684,167.05115150567045,250.20659139544208,199.63921031601237,230.6581638370004,230.10629697257264,235.5964973276592,240.1767003739523,249.4444202402323,242.26865209914305,215.49950961051047,225.4384799050223,231.40319068161293,206.80623812977836,198.64971840545715,218.56869571614567,194.70084348736304,183.44837395085565,196.8293388207097,173.07402624794034,110.04606242297638,96.25886704966372,84.7287022166499,131.78226661448286,128.1868971580475,151.85077261558948,137.7826829335444,106.11036497664811,210.68843289495604,145.8246635133645,196.50756222602712,204.7493319973335,172.27072287149934,220.80104263758955,164.53274740336155,178.85749948326975,108.68129988250192,149.49253542672426,161.50927520963631,115.3956231881814,229.79500720441968,231.4035554210202,204.36037411356511,251.65435286004208,240.4444207925453,210.6485373235254,211.31047449804697,248.27180998233248,219.0539252966441,202.7456842654102,216.9482785818301,211.69395263896175,242.67781619373045,213.77996730171284,203.33220039466545,230.49924754159133,229.57498103742992,243.05593100952575,235.1027170592111,252.01422874298837,226.05295024595176,240.9066577271875
187.34181490499583,232.06678465047773,221.1784780217884,244.0346778605444,241.7302082329481,225.9363427682643,202.4789289908716,235.0213486110814,187.044430205119,152.31696288750322,158.1125808398254,139.30449620304108,0.0,122.80615091971268,137.61835136286885,224.5744123071127,139.22509736963167,199.86129692245976,148.7510567922337,195.8622464403144,166.70978873399764,184.998511013438,179.6385306484148,190.6642384956158,174.2002158574323,174.9554096526733,216.9864892814487,178.859755639093,172.81452576389995,160.53800082148604,219.6075263280693,184.09759577332795,191.13138168576532,176.04019861255773,193.61536424284648,187.67692683184268,199.19841950370463,171.26889760353606,151.64232177827466,205.86144683278232,190.73735246336,183.57397317513448,195.8877591231019,194.4207357876305,197.8248753227354,209.60869339817947,196.62357647698556,191.54007559905,193.30958615715952,186.19820580174877,217.4150071722492,231.3258943746728,213.67438324872936,250.0616507923423,217.03810386933964,187.90478715596365,231.7114011521593,201.23984832445083,161.48404209937507,146.23129355249003,150.2192766568358,61.21573523614947,117.37057834199535,137.5786653110425,141.5029939203583,135.4375883865282,224.60866763116977,144.66337030203508,185.4521862543793,209.664610301744,208.01843863458373,229.50082284212607,192.8875553300585,188.90258803903905,189.19309127984445,196.0981470724118,208.9363787484014,174.33403139511023,219.81834611625152,197.43485915627423,227.02955400623517,212.2186694547863,227.3750428356764,207.4622126495567,212.38445693797783,232.835509843248,211.85224461526772,181.54046497532283,198.82057175854032,215.85415535507036,199.90239679425608,173.8192581190802,183.0682757393575,211.52768921425783,243.5197233304713,213.6255506721562,234.91644096394623,213.39562924099897,207.1215568641618,213.2305412669969
192.25649902538265,248.21518862576409,236.2827493514063,227.91535684906728,244.8162204395328,236.7952327244531,193.32568762252188,236.490532613204,199.59398541836796,164.14563673328269,166.71879111566716,138.37601231300903,122.80615091971268,0.0,124.88932993348268,218.14489523074417,134.0719366336026,209.56030656639365,116.0366755245955,205.16824945778168,118.5958390916625,219.76723264072427,150.24555265452042,188.1095717799864,172.0474508861309,200.12468897612015,237.72939384337977,205.49740379865597,173.3070103573074,167.4210275190173,236.7282022929347,196.19878843771372,215.3991997171434,200.86547273484325,230.7322488988113,209.62813674133272,227.77940170193943,194.4944130839093,184.7520100698572,189.54311382362573,216.39847974841155,223.7468038878991,232.33625359628724,225.77986951521927,219.3317684944359,235.3944662150529,230.09371720655255,218.48317328169145,216.0127900596752,214.40532334945365,214.48842079143145,244.361533593956,187.70428166778143,247.96776043559183,227.9854524567513,205.35169513542752,230.06664205615417,218.3434567017649,180.57047797494124,160.88934317051778,167.32071812172688,132.91147736528362,117.0260748662091,68.99912133014877,78.19289196942196,110.42030051613878,223.49639297350188,111.57852035894784,161.07276007865644,203.5197056214569,185.02753015383095,250.87503755095085,173.31848132375669,201.946233438597,168.10478258704154,213.4918401561444,195.35427536483965,173.47001914270678,233.8787545791981,207.61415587589235,234.97475550666783,221.0965764618528,214.00249486257283,220.74411892432917,234.88929269513903,248.65199076086896,226.7381717921905,216.74392621517387,217.32904039718423,229.5019657631739,214.8342815196484,194.791592203721,204.1397954414178,239.23451724527143,267.5597746066585,240.51948338700257,235.67916140962825,223.17430861039088,223.68753214006608,223.5450265036173
217.05986932718875,259.7379827063337,245.2109017325847,239.9640916895446,250.13253680936756,244.18217155298896,205.6746313452376,231.54125456569363,202.4881353130785,131.3061177831709,141.08830972143647,121.838951159414,137.61835136286885,124.88932993348268,0.0,227.54209209925327,148.27885923862,213.4159213149476,127.93697804860756,218.0189921762527,108.99877761903956,213.5355051676048,171.07774840490873,179.71942911809367,179.64485010112816,192.46751079421813,240.0073115825342,220.5851747372419,169.10128455999836,138.7328317993708,220.02256845706367,207.1064219213733,214.51204867062185,200.1394178679894,215.0775923425399,219.0905937233686,235.68259799667453,205.01192735590968,194.1831030528905,194.49638953590863,234.00023680207056,228.82509592658937,222.3123970802525,240.39288880090024,227.1358870865216,236.6455316767092,234.1743838507706,234.74805613846527,225.03187600091888,226.73447915825628,238.46333956962937,255.37629049430888,217.25967157015373,259.4080441120067,241.5867998108208,219.70092645457763,239.3037478943802,208.0144274235005,167.37617176674334,137.1562770795025,160.40320125122048,144.3668013776802,127.22699926630436,148.03289866483382,122.35910169961132,53.58086147998696,223.74298689271032,144.2123560009789,184.1697935540524,212.63936820334263,180.26148101525425,254.88331318433376,190.69555439130724,202.0229771909739,161.04054654956423,203.35038737156225,208.6988268325132,163.572240565882,224.68944206651767,224.7820400695596,241.9717949301375,230.54660756998143,211.3142946643249,223.6457579266551,235.9346519719024,254.58254778735028,227.0604294264304,233.0570451532332,224.66280023005845,227.344487762956,224.7191208869618,207.7268878341374,220.64893322279605,242.9968770456445,257.5749068618116,246.02511968745975,247.2777037650551,240.9906042150192,231.0606255232054,234.05559926041477
139.100276113723,167.9018059040892,156.96891501334767,191.83128308492712,208.9322184684527,185.6016214945548,161.24319109915007,154.31920175334773,184.5367232744106,201.35029629540577,192.62364260386403,192.8873319484912,224.5744123071127,218.14489523074417,227.54209209925327,0.0,167.07116078033673,128.77771971576257,173.22186470821515,149.96978708671813,190.46277506670685,192.27046321067888,168.28480814961887,185.5464295867036,168.18700402245247,198.19309538892236,236.0780990098773,222.9596225377835,197.06579172298257,216.31061855336804,234.76548460629027,194.1321794736796,187.5184036103198,197.6558330606065,202.1917167858834,189.88074013265316,219.81084233702467,201.39648168815884,222.8788020761536,156.08801200401876,222.2922034526129,217.95607893088865,214.32752850545236,231.48787213679933,247.97422812906515,244.70061248166184,239.01816340521657,197.55048163030975,175.55022595149373,228.961758149972,163.6886918182735,151.71129145627708,141.2327572093442,178.1885400975276,188.0104159431992,181.44999225320487,137.54064320351588,188.78874893352912,198.13218040971336,203.6796674803118,180.03841914772153,213.66292266537147,205.07227756229605,211.84538314059665,202.61713095809407,210.17964984147267,160.58854589070745,181.76773551353816,195.3618667238236,154.0580092407082,144.84614417243998,204.29145919345137,169.25610062607237,193.95912910823864,179.25995984685292,191.26406291466208,192.21783251536615,188.6578432016524,222.16875709897704,215.7624586582209,196.69731366288372,248.2289222389773,257.98347118047286,228.11006810703844,230.48006047060755,245.0122078051113,226.0995544606692,231.49810400943807,207.52834047311927,229.8795744134113,224.36124709285872,223.06533629764996,217.36997473386785,229.31479441812093,221.71241943484117,247.43218591813235,241.4527021084898,224.48522470816283,173.08224653585717,230.19929718800745
189.3040618817909,227.43325630147228,208.9728379899836,244.17565778941207,234.87563411706287,223.2995814838717,180.11973236309873,228.73080783673757,197.62781589522427,169.64784842197952,157.67165352972995,134.9953489380875,139.22509736963167,134.0719366336026,148.27885923862,167.07116078033673,0.0,178.28559127738058,71.21116720677077,182.6109101841698,117.43837841025338,186.6156903549397,157.6585762188326,136.17839156331726,141.19611483862522,181.9575549798218,216.98006269870177,199.3963247039642,174.78431762900408,178.67069884758996,234.78578265629105,194.3153631701764,202.2107229623577,173.15242504599598,170.43356914372296,211.22886023158597,210.41707231094964,214.38585985488407,186.31439237280603,163.1404519827238,223.86821247000063,206.0593055869654,199.49329118343195,234.19130992036844,224.84132269478303,231.90800658917271,219.92825945733983,197.80248247954572,213.7542890666828,221.4302181400499,219.8350632994097,232.4486273869893,175.24658830300243,244.320386593514,214.23463769987544,199.95614227031948,213.6509770191436,205.03587526266423,172.90689618959007,159.44994531749018,147.58733703888183,126.03889544214712,134.35154156129474,123.27172824940638,119.7558305932634,135.7043424248987,198.0971630371309,95.6666248068314,163.6774598701113,205.0556692305446,159.5471279892041,244.74787130797355,165.02644964854505,180.17088673836207,131.1034012300423,193.9367541273847,179.73784221526407,168.05029427968805,237.1591189495295,217.47681829862904,203.76847470614248,237.04017112178676,226.8307358412846,197.4599379174512,232.8649670875968,247.32429606736952,218.48108171754072,214.88640096672515,222.12075069916108,226.5148127199716,230.17386929823817,214.02275065582157,205.8324791641694,229.25037955002512,263.2268738721787,246.80871716518763,243.26091416106905,235.02256781928145,223.9369428700853,244.69118220787132
141.85119951661147,216.421706973446,181.9191446881021,233.08476961713507,238.4488109812667,205.7101090971532,157.24398163198904,166.5844648654737,191.75402857190213,220.77638745734308,210.13363835709063,211.35820631755143,199.86129692245976,209.56030656639365,213.4159213149476,128.77771971576257,178.28559127738058,0.0,171.1974313095483,89.86629903105208,191.60303966410717,177.11195877335143,172.39888070119528,233.02019456644004,209.68658758280645,216.8222404412861,238.61676408501532,220.87858134171324,194.56242902852156,224.9955625884033,218.72065704141116,192.91294767242795,178.03169079403477,153.23352275608073,199.1248399095735,168.66070813725372,221.6749325457212,167.52906330773686,183.926772875574,194.80539816054477,180.81758632557825,210.20757332582625,207.33003367569336,214.72217801599672,206.65765712571363,221.44419501717653,200.76783530882324,152.55883692449834,160.35949041084172,183.40662288128715,156.81589711774473,203.20213170228087,154.27519577850893,237.80810006239165,233.15220633081304,194.97759500767123,171.93727837550898,205.55694642221843,226.54691896075295,216.7991362923799,219.6666634736651,189.39498848562215,194.01974561838645,202.1138539983552,202.369075730514,209.81823221063013,169.7116641659317,183.76194915725503,171.4116478381,113.61666053290377,151.63514189144638,187.02758407383283,186.4197527127,181.78602272168405,220.65098087530208,234.0414315698068,230.8748288577277,226.9380435181193,226.55683816650085,189.9471961792121,239.0813774304833,218.95218080999547,238.8795448710978,236.20944429215345,231.36451840206064,244.5605355873642,231.34991607753105,228.00670361544772,168.16606006847098,218.76236846744075,187.57185324365065,188.6691260915836,187.2073570560608,222.94525812992464,249.1926082927681,232.24735856466967,251.17939563866537,198.7701217958949,157.47135501106828,203.36820389117025
185.4487958157236,241.22292913585716,215.65032809292984,243.79695556420077,244.6636057315302,230.6007378552021,182.3531859150658,234.1347913473097,203.50675369113048,179.24357101472503,166.99549270729,144.55529340205575,148.7510567922337,116.0366755245955,127.93697804860756,173.22186470821515,71.21116720677077,171.1974313095483,0.0,179.04620460677197,98.6976002136828,191.28870569916995,140.2019570645694,169.5391212635576,161.4321207449473,191.96367460865517,223.92619925009188,200.2647820507677,169.32802858706003,169.19880500392628,227.3735998146217,192.76980794395848,200.93800732991343,170.1468025542059,189.8539020568576,207.4557451160296,218.19662289904764,210.37991790309565,187.3393871311508,173.49204906483084,223.9708473309748,219.4345130254488,211.2532067630987,239.0508559838234,233.4294414089896,234.0530574204403,225.88808676383107,198.80974856135384,210.5806546465893,225.40962142792807,212.22778987621905,237.05845599806804,176.43741783414225,243.56381094064696,227.413805356441,204.5473442902833,221.55470139398295,217.3212358095901,188.05957588899932,165.46261059334682,167.31324985706823,142.43585743696494,131.6617437298128,107.5103024393148,93.16325972916826,115.85458985978856,204.63568893043052,78.92381556468388,145.43219674521436,197.16704468111203,153.2069043240778,245.02238517046464,166.42502323778487,199.0546584515405,152.26481120843377,208.17992903155903,190.91561436363355,175.7908621527933,233.64021228491632,209.68603627532556,217.46682721742783,236.2612095805389,223.5552978540393,213.322922138096,235.98976335685657,255.60420659144367,227.94254255592276,215.8550243416668,219.6336513702414,230.6521433055666,224.45301927237307,210.92801491574116,215.6214454785328,242.62865734807667,267.3694509778705,252.3546819711114,247.54571184544767,234.6915600697978,219.29185485755704,244.05040790685877
140.07709350378784,190.31263797418345,158.52838168815325,221.01712545310724,219.19245729027088,174.64407866624674,162.29933770614062,165.6842098182468,172.199059247176,201.44340248206407,201.68372090395428,203.91443006439465,195.8622464403144,205.16824945778168,218.0189921762527,149.96978708671813,182.6109101841698,89.86629903105208,179.04620460677197,0.0,188.22744939248963,195.4853028734583,159.92917510621572,211.2324665545445,200.36302333138977,205.5107788356991,200.13550237237257,190.94802724119089,165.9716840706551,221.84269638965264,229.1149103669923,196.70805399786752,187.24090212977893,167.21193699933036,181.1009346781248,132.4970488916184,191.8860901588677,178.2340232250325,190.2888852360847,199.9783833944373,182.2320511206825,206.7219283919543,215.70865274314707,186.9482893898212,214.6996857153369,216.32735589419732,202.39702317381327,132.1738467098329,154.79439526519502,171.5692906903293,161.5175681666916,192.92446741635095,167.1401208620777,226.4291882302193,212.05467387049876,164.93364194510056,168.9327444128147,185.64012550314067,205.04314962360152,209.7966420413171,205.0270220038177,187.2841879333722,193.44436424308185,198.4234387223605,200.06359350307963,213.8747794012372,170.33592322681355,189.04940183446143,173.5640592549824,125.24257971649924,132.45845714929712,197.44888481501144,158.9062247868093,192.4887405554396,213.55416460132324,205.42050522704807,190.8469324520695,209.25187836857128,223.95668548028883,179.97324554767567,209.0330250525023,218.063310746576,237.20544765718432,214.7490425011532,181.6051633051437,218.48590899956048,213.05290313297735,192.45202742839783,134.89113035796163,189.6552143923858,203.23648145716072,192.1641981303292,178.13989305691143,213.441102240291,234.5316801955675,204.6194598565008,221.441258167961,188.2678186202185,147.8425282089637,201.49726606321133
211.5654016455829,243.7186876228228,214.91318338473903,229.5654229659804,242.7983907657008,221.1180310248384,153.12834004993638,210.39158503749155,186.8843785455146,169.407893101056,162.74670358785596,132.0611911964461,166.70978873399764,118.5958390916625,108.99877761903956,190.46277506670685,117.43837841025338,191.60303966410717,98.6976002136828,188.22744939248963,0.0,231.17109893278217,137.42088590293025,171.25195790718175,167.41099356282794,198.15483134231525,238.0098591661894,223.6685019679708,160.39159598919383,171.76701127680184,247.99886520548156,206.2558115792762,226.8514207854829,217.2291768468698,226.79128512297325,217.1565055268304,248.51994737758147,213.3930822886981,208.92300165509903,147.24665378855383,248.99229267853377,240.4771973364617,241.81351922027008,241.8211152500388,240.75350566273391,253.59502596297253,258.61530490294484,235.2886234388659,226.4848289885324,236.9436174479818,226.8653028605892,236.24622469091548,159.2582005176376,249.20092220778264,230.8391394877221,199.27965282957115,200.1644687941829,197.1430084435566,183.2605000191784,160.2036012861741,167.07717897155084,157.49726538385767,146.6724832392165,121.94604385424702,91.38161728592505,114.08263695615004,194.018642282215,112.5825370436005,172.0250855525897,198.57612028224864,130.24733655491897,260.46067875606224,150.241687239072,182.98809772800135,141.01667321907885,205.63204974388472,177.84833582747555,164.53499493723075,242.2489355788504,224.46147800099877,232.81451556265077,259.86271595752874,233.46346129535013,235.89608495246983,239.07700390274408,274.8188464091956,247.83396023468083,238.77006120198007,235.44933079250512,235.90595035693707,240.5629672285476,220.8676981147552,223.67855469828703,245.974321480993,270.8131552370554,255.0491173085,244.92591759437303,259.48806958582736,231.36408955965177,250.22552680444795
