0,1,2,3,4,5,6,7,8,9,10,11,12,13,14,15,16,17,18,19,20,21,22,23,24,25,26,27,28,29,30,31,32,33,34,35,36,37,38,39,40,41,42,43,44,45,46,47,48,49,50,51,52,53,54,55,56,57,58,59,60,61,62,63,64,65,66,67,68,69,70,71,72,73,74,75,76,77,78,79,80,81,82,83,84,85,86,87,88,89,90,91,92,93,94,95,96,97,98,99
0.0,213.5884839907124,175.7120872050562,224.16171773109156,214.90538718540125,179.4153124099991,197.0156992792108,207.5741762926018,192.69800115606347,191.47965030817045,218.77996959423143,218.84849862906083,231.481621124943,207.3846192965869,215.79729488869472,209.03639378860208,217.545023069149,208.7070657145776,220.3260367329752,196.7467754930051,232.1415294782888,252.6864372975556,243.4121597593248,223.04323475649,190.78880977971613,225.15239451564148,258.6400495191214,258.43081188875493,224.48246837950705,249.1159250449671,221.39311190706343,169.95679336187928,206.5442553146745,227.39492037956916,259.7881979316056,192.274680221268,245.4126290653565,187.1930773990187,205.4488335514971,223.17763742814705,199.8444297212942,229.8164905432016,246.0584851026141,220.9001616450808,251.2479025318013,249.2176113254349,258.24085084160583,257.3564126165678,164.62208442968137,194.63239867188,113.08196103811052,169.08315510294636,193.92411642167104,216.44842382844035,190.21890149917027,165.836829190592,194.059293899605,197.52491136443183,194.4747835322717,227.15747505913976,227.93279052484525,240.0896149693417,251.06369440934844,223.30922741267904,219.6586926879604,223.05780713645424,183.06576536799165,239.6683454487812,229.98893452797432,210.74567323159056,214.69989365182008,259.6219746524257,250.99888390253545,207.6616645024928,219.87519784238629,215.92569437785767,218.64837958501477,260.07791028968484,226.67092335581924,189.43528692035164,243.3469129314416,217.32000936095025,269.92889221639564,258.3988206232329,261.5787053106749,258.3306570204833,249.35733277395207,254.74560137015413,173.94903335048758,214.34023768218697,176.3126851657822,198.1483856620441,196.0909956833061,227.28761377527627,244.02310472015785,216.25738082282064,246.5307910406885,260.7634839489767,160.07603232412134,186.68221289180715
213.5884839907124,0.0,136.65589982009524,128.01477329877125,117.66298143689824,178.2076706311465,160.8122200003877,131.04094219486035,195.9548826329006,228.6576083445809,245.0887922503916,246.6084145702458,233.7593251396673,197.496489658995,169.244860522478,142.4541108021087,216.3846765247598,130.418226297737,200.64391681790565,128.63090718008212,171.93074943261948,207.98062835967843,175.5836330263275,201.1806975186192,214.83442024584303,213.92565458945197,207.2750505054143,214.4092390855223,179.41521181581373,198.56584689897963,223.506542638851,212.0610959274541,192.15563901725412,151.53458383404677,202.06853390910496,162.9326581225439,213.16922009576604,230.76829854903045,244.7849841893984,229.3980480921277,202.28320053535012,230.1817269496036,239.5687792999772,227.5041908678898,195.6336548964072,217.1517033891876,201.7503204365444,217.05374025475052,210.7068137384527,197.2917935523068,193.97368394362357,115.42599259751472,146.70885986753825,123.22420320182104,175.35397682647329,200.2300139586502,142.66745869708026,180.2682742615609,203.358988036911,235.31165757003697,232.1100593490989,218.83741251560457,223.04509064284943,207.9681553025062,202.8429488590384,181.58780796057985,196.397008260888,209.802678982329,148.52934404920006,151.27115593852164,169.90813098356898,226.74921320459924,184.44318954679412,226.25736264148597,229.2461435773574,199.64766835961683,177.4149970816833,211.28644507926757,214.42453871876504,230.24172786680515,167.11024012210797,207.70364005682785,217.7552541331328,204.24832121451732,198.98309074066265,199.27529252219009,216.346305712198,229.9627344668213,153.1082815657481,209.8701327911435,203.27037555012757,226.43394295257175,248.8607685086084,233.6627861464652,234.86230779099336,239.2168383969976,208.63240923276797,213.37314548006665,209.8456415534866,203.87489727191067
175.7120872050562,136.65589982009524,0.0,189.93212836450687,131.27665448214898,95.46950940537477,125.56549768378204,120.43355139935662,129.62313970715576,212.0077743905185,239.0181966028358,221.25611466024463,215.84380423006772,192.787157136986,200.6527759971776,199.8858539882044,199.515798144304,179.4282611869855,185.535600042367,166.99251959595014,174.92442493603423,243.2132509121008,191.3384933252825,179.81943239065174,212.74430693966312,218.77292608480528,219.22568099771016,228.85313968185207,184.1897465102297,221.4905459093963,244.1799692677622,199.71801204724648,220.83553734068283,216.6430857522677,234.48267038817545,156.12666360263307,225.5420058735748,230.4692322338024,217.33187985702332,221.11505528757476,209.17181479855543,234.5560133160948,254.90529697373412,224.08019372625475,224.94393334352463,223.10093415289091,229.67516156379887,227.8157731677468,157.62268647378505,196.2095629071709,179.84985979209893,90.38396949358744,164.3935144895857,175.045555239676,100.25162868036142,133.5439715070503,140.43239710976957,119.35213939147016,202.5389358812184,233.5861491602852,222.92374996624284,212.7059964345028,224.63977724931695,208.46104515975287,191.91789004913213,204.67563876958627,174.60932972798662,205.2826627142921,209.5691779174735,194.62332286799148,177.84740702756983,246.15052203695632,204.21490709222127,196.63255696267908,194.45290216102453,210.1510702085164,182.53652480549044,216.01517296494225,230.1626784999957,221.4202482177929,217.3716051272757,227.2613832663841,245.0497104888821,223.7855752051399,219.7989745143472,224.85746234506783,228.49206212297548,234.18690831680163,135.98042724347752,214.17284286187916,207.6171420977273,220.69876970880935,224.5866801920004,230.08848261075127,242.5288607044856,229.72755743572955,217.03058525702488,232.76455862264152,164.5340415561762,204.2615898151125
224.16171773109156,128.01477329877125,189.93212836450687,0.0,137.04436142631965,225.64775630659489,192.76477693114845,139.01989373914415,220.5653005139116,237.59844610192093,241.47155121820293,254.58132184930548,243.3175806078147,211.31760861436211,203.29033467384903,119.1425116558608,229.04848312150835,122.5488444932776,216.1527715977685,164.3082245996596,202.1745284617255,215.72856890931465,191.7256355396254,232.44750247034267,220.2266221673802,227.3710403554353,206.9582960770846,225.3043529722564,221.79579743521907,210.12348739767248,229.0252240023051,206.71686744409712,184.47369302116985,143.4414524178291,196.82677604711756,189.33095722876865,219.999912785108,213.1198813823668,243.9320095766439,230.76024899714037,185.7567862123779,219.78979594675928,232.58942144867692,215.79905128973445,182.86032002804507,207.0762680504428,212.07319396704864,217.82747257149703,228.86279292259064,193.78915479143663,194.80522023997003,168.53398114530867,160.95875602929834,87.4234150617335,205.86076392115007,230.25808665568152,145.0110455521191,202.8369707479508,227.9167913319793,240.89059119428032,246.94860085462068,230.1582765898252,229.6542556504388,226.0846096736946,219.74571026074477,215.02779062480127,199.18712914163575,223.81043606928284,145.404691484654,141.74484427971868,199.1772790931676,234.5115601884448,194.24696978520305,234.5233599215609,247.80743933188975,209.43163697639065,210.36277969905652,219.5433239083652,207.72384360028664,218.6459322625703,165.13857071034454,182.9247557989556,197.68088253754624,198.7821900391829,192.7111359195952,196.33527038235115,217.3377637494033,228.45649385745895,185.4831257943934,214.70169978584164,197.82582575597405,239.75714881501568,251.81528565293905,236.5007310603281,231.90357837887024,215.00680734535223,195.09439818271687,200.34506242989085,219.21946201241107,192.71633323720363
214.90538718540125,117.66298143689824,131.27665448214898,137.04436142631965,0.0,162.69102827550572,165.23314919305776,132.21848849099177,187.75734343822492,225.40695895589133,234.9262375191632,236.36384359016571,219.01951387816808,198.53128434291276,196.14591614615148,176.34609635291253,209.6787036486976,151.41553837891152,192.1543581015244,174.7050738148945,178.7984006188014,223.0121449746555,189.24528255951375,214.0623571477361,227.2517487122384,221.38562435270103,215.9248343060786,223.97483834054333,201.55732047031805,207.92536685394867,252.06614035900384,213.69693017100485,207.3274878028263,168.82644423586464,212.3571934416173,182.81227841818816,222.8986694801178,231.51885829136853,236.14409682926976,228.79123857080333,209.9977609590105,236.2258217982213,242.33954759277103,218.2348291533432,198.28422454340827,205.816113796567,217.86797072312544,223.6815621375316,211.53078782974103,205.33619211482215,185.24938888842703,132.26808582778995,151.84437476279084,128.68481987878434,131.4376509643568,192.98732186516048,147.10712541244135,161.07349405269372,210.26743306643996,230.8703248698017,230.1264935599208,198.46380392852944,205.5209282300596,201.7514747515828,195.805895991832,196.0615071321483,200.83307537976395,195.62436330202556,172.51842657806472,169.00127435682177,180.78361152982544,225.88208100119525,193.84511992719112,223.3419095549044,224.90908067177185,217.35383286407608,195.45234587947013,222.7503554181888,217.5464974515034,217.06925090364376,186.05485508056844,202.95773905535475,204.90978715922867,198.65097095663504,195.87836949278977,201.4029415931253,219.68759624583515,235.3453215400008,171.06276660533717,223.70228997402268,193.93659223924044,229.26132206188464,238.82495069360823,229.51545783637076,229.3252008854421,222.51388986934057,200.7314653506492,212.67804626334976,207.0745681777912,208.0267147456557
179.4153124099991,178.2076706311465,95.46950940537477,225.64775630659489,162.69102827550572,0.0,139.4304029862895,151.94552692281655,88.1194625730021,186.2677653824597,223.03950187474555,197.67204726823613,199.3218459474317,176.51656170484347,189.17211572893677,221.329805759692,188.79594101532444,194.27518726996848,179.52808632837832,167.34457758459737,169.59012615351378,246.2035797343491,195.4436275508744,168.6373608418001,214.23346515262887,225.08357237416183,223.19980913370853,225.181452319383,180.47607016023525,220.97529426856784,233.649048097082,203.88887289305356,220.59166767360276,222.55323066978724,241.76224829932343,131.78104867574407,215.93968876653216,214.35249716964245,203.853914588747,213.11712514538385,202.17771490094265,235.56008272359816,239.8098116679413,227.99744076300684,226.656753662824,225.7562693348604,231.831718879272,229.26282869821893,140.4332158437149,181.29009932076883,193.14139537615156,122.87642831870154,178.40278782277022,206.32618454018584,76.91336926370069,89.21469123081258,165.5575271541204,103.50755861899523,205.09602825009648,221.3270877093044,212.59666411288413,204.50748226993025,227.2502734199176,194.07540892341348,176.77669196423906,197.1235973236244,177.0191612374926,200.8728583598935,217.558979689627,201.0904738665269,171.36857966689362,235.86559927135767,212.3267039309277,191.53474143703264,183.08669779224775,220.8546172370608,173.33814700359272,213.78241380687064,224.41291613172,218.59023073899672,220.87519095577065,215.42479877021864,249.41464683081745,231.9859869216564,226.37348451854405,234.6734615301946,220.27723600322972,229.2316368295976,125.1659664663314,200.8030259738498,196.7881063993346,218.21695137815925,207.0327550538105,233.016434975746,233.3795472849346,232.41437703150808,222.5905059242625,240.0870568265056,161.24525447423724,189.2510084885973
197.0156992792108,160.8122200003877,125.56549768378204,192.76477693114845,165.23314919305776,139.4304029862895,0.0,117.63000881305749,126.93030501297736,189.70163000309748,237.9275127586803,219.16561850780136,217.3440197220728,181.16921697437743,189.33229408844852,210.5065080355857,169.84853774860107,177.45231663038504,157.0274385461392,146.18982439726602,168.37332874432587,230.5377534734585,189.65487337208927,149.6901897473249,209.8563466954365,213.4653070459277,222.88586510519104,225.6092911822144,162.0688976664474,201.64890837902743,246.6266004404693,191.11127423608843,188.9089340308512,207.3122419478259,240.2369873929293,152.5846736810241,216.8677412232128,215.14077552622533,205.21442678392503,217.7971921218884,182.00532076849916,232.32543559150596,246.04289154386345,228.4356171861368,224.7219284779821,206.1076269661819,235.01267770641917,226.03665830498065,164.43194295265565,169.13207917856846,191.6487361724732,120.35446346425032,114.66325395765554,161.40441434918307,144.66800718091866,139.50430314218158,129.7013409940305,127.88473825346917,198.0741206028486,235.14743276916624,220.94036707643704,218.0347547523417,220.6123609264538,185.23303627051163,170.38911360509508,195.13751895240728,148.84362549788696,172.4041556878753,205.6823772049488,195.78549984226447,156.94570977408574,228.74891369590563,190.1687994572416,185.5278733956742,164.57743528448788,202.76760365331373,169.19987283831836,203.0634100992081,223.24518920217923,208.4202143414753,191.22819108048884,223.50619852045145,232.66923131784887,212.1452917705888,214.1893132654302,222.64282696438244,237.3098417157888,232.69072308045065,128.3163831294432,192.61330848943496,190.63946610333605,216.38308435448164,225.0088929238487,239.6787578918025,238.8770505283195,229.5987747280694,201.43658197402064,225.14010582308265,159.29763462768307,184.89263836111985
207.5741762926018,131.04094219486035,120.43355139935662,139.01989373914415,132.21848849099177,151.94552692281655,117.63000881305749,0.0,149.71112858030264,209.8412990154312,241.1768014588068,240.18257597408717,226.7128609346671,177.69066684023957,191.6913445472655,170.31311663293025,190.75977181188645,121.52556863751003,167.77532086249022,135.71402994960303,148.65758912107867,214.79075789721523,167.3783784452021,190.2514917523096,222.482868352138,227.86715814386616,199.56019908760243,221.50991528291087,182.84678400156776,207.5039575709316,232.93997130609372,198.6985434489708,204.4817296564422,182.6444012884477,206.16431451642453,151.33879717509546,224.77217184610177,220.90794438854223,231.27312366620345,227.9891355703184,179.12010233548511,236.4027603441627,236.2216939968078,220.23930070728824,197.1317960704256,206.3822258876652,205.77070454476168,208.1827280505468,187.6350746090695,184.08106615603475,198.02104835742807,114.18747378099086,150.13605165367318,128.4952438616855,142.51270321115032,166.50583735729754,67.32428753700398,117.83700040698368,219.0731882381395,240.697090868075,241.8627120905276,224.0821205008368,226.47698290506935,209.27944832055115,187.0430240350088,208.911535396426,174.267680048599,188.75704470986767,170.94835976523606,143.77984126063072,149.99295109197823,229.54638793727716,178.83469101016675,214.8517526582815,202.17497655003933,220.6081388769904,177.92012178532616,209.47795903457785,210.81997335097736,213.82034400801376,184.35425949143948,195.0226849680853,219.4065674917909,204.16192117742784,194.8318522878685,198.52671889241373,219.4120052734616,222.53030469318355,132.21994636235354,204.994305991892,200.75466832702492,229.8717811964053,247.15039674463247,241.9358707872686,236.37488924382467,226.65494811441525,191.5675640412412,199.9417984184666,170.77671025509972,198.2352870241244
192.69800115606347,195.9548826329006,129.62313970715576,220.5653005139116,187.75734343822492,88.1194625730021,126.93030501297736,149.71112858030264,0.0,183.7119762504001,233.04200859600732,207.71549507788157,216.5004493279293,167.94596030707277,182.6393885917299,226.3300712008411,180.94025129474664,189.8047815592097,172.87970632681203,160.41290519385376,164.0562148652512,244.33447885130985,210.29140812411117,171.19157078705342,226.81588805605375,234.4648647151592,207.8366203607978,209.4855932890492,169.69952429629365,220.15051964729489,235.22338064002827,196.89756479819744,205.08359221578516,218.0419619954336,233.83844105604453,103.01581746506064,201.19104035154885,200.5104611714899,196.66550492069337,201.4817406988565,178.26828067108073,245.35161776640345,233.0514607819941,215.3954693365448,222.69454913515432,198.28028768829256,227.1911660778925,216.05753393170545,134.84830897038577,147.46842980073583,200.1434920470233,143.56542417240522,161.25697313106656,199.6834263861561,118.90913114273378,86.26242976197773,158.5804522963137,78.11414368815377,208.2093272346885,229.4356860319024,214.8486379952824,215.73094848650996,219.16940214747672,181.81241683874623,156.59799984866734,189.74710097379344,157.63319933744333,189.99995191311697,212.36182980132415,193.70722330508613,158.69854039808786,228.4001453523385,221.45237885820475,180.8596022812956,160.45519453578538,224.80956801381765,171.57091282904915,207.97644446894049,225.2056597405396,212.07238580095395,219.05063071739264,195.4017721814422,240.22270448641925,215.92393720772247,211.23138544736577,222.77176643438517,208.5617532359261,210.34309233120163,117.5653267881576,187.3686251032351,183.5688959559007,221.41910027191585,210.58444480284825,232.2561630733113,223.15325989269104,216.77260778705696,200.05144979309767,223.42670576130809,150.9277632103641,167.06995547698386
191.47965030817045,228.6576083445809,212.0077743905185,237.59844610192093,225.40695895589133,186.2677653824597,189.70163000309748,209.8412990154312,183.7119762504001,0.0,138.81360838588475,136.61491169418477,183.7834744194452,173.38001319636717,187.50046686145737,255.50602684357835,192.3279177728975,231.9171974673447,204.67326671691396,199.35553470561516,211.8708836656543,236.4000067934637,234.82085983483717,161.37131296072192,164.18844780554508,183.5973577877353,238.737280386281,218.1470309166276,182.07680156031785,210.34078673179224,220.23746906278225,200.40323001065389,210.49693324759875,243.6992965189944,245.1263606688927,208.45102312360729,205.3417131361916,203.21004689215263,184.95967262355052,199.72276215445385,217.3237515962379,229.15152394648584,219.53130508653712,202.8520988347026,221.5888766481148,219.17286901175748,247.53679145569265,251.9596211244408,199.4165763557156,191.33445850216447,207.47303976631568,211.25598412570315,185.2190620382753,217.91571248763984,184.46727994760053,163.61951219320662,205.52011293512652,182.9362034556289,108.24965594353924,164.10514684551572,141.12090384014806,188.8188278602549,205.0811508745964,169.78352924787478,186.78108891195,189.30912250687624,185.70128113910272,197.57427172350648,236.6814779633386,230.69179734888723,189.58721024682333,208.9648343214296,227.6033429648583,158.75650155188006,145.07508467353523,179.2290686226736,180.60760625915867,214.58740981467315,214.6475309239638,203.7075455657951,218.29237480151488,240.3976420384793,241.59917009663104,232.4692530833956,237.60694055101732,237.54178161063737,216.95893516789303,228.12750389166976,189.87623071053355,182.2473965796668,185.19770849254496,192.27238043946528,190.68800055640455,208.91327368583163,196.62166796119467,208.44523118899173,219.48894556132532,254.94998308308072,199.27161843133905,187.1456178657629
218.77996959423143,245.0887922503916,239.0181966028358,241.47155121820293,234.9262375191632,223.03950187474555,237.9275127586803,241.1768014588068,233.04200859600732,138.81360838588475,0.0,100.80080314864244,155.50286369998227,203.1965521044291,200.15973825843923,247.3746027878973,211.3395829357276,240.6627077295375,236.4258853930301,233.99999176487896,246.59810075497887,207.13691776715768,242.83126161990208,191.03742798154963,181.0067488090856,172.75369315597965,247.33584300845752,221.0921777736004,204.43702913788587,225.91394392096424,222.59629126275365,227.20015362781027,240.39206811670977,245.37030535300624,233.51730185981995,249.5410356773205,219.3133605141205,219.75430843495383,206.06528867614605,207.8420623913761,227.80201398910657,215.66010735954112,212.28164642256007,213.25246583426068,231.97988807801636,243.71253905326543,249.80995459304728,252.88818689600689,227.3744281362804,229.87778055027644,215.33263625269512,236.46873255143956,225.68584878002457,239.40996840692804,223.3747317054053,210.01176691859516,235.1705906183193,231.07496523503443,166.11144267437535,129.06180681759832,131.4110530155094,173.03599548370647,179.2430892500779,200.74309676247728,218.93305166060344,192.5265567458885,211.72638912292123,225.9183208923244,234.97470541147476,249.0153299206798,224.23345789520303,192.95023381537305,242.5085969602708,202.58752189121063,181.41177706354284,183.9401403212668,198.6117846661126,219.94976622680284,227.2660623297396,229.3854410726027,219.24201188950917,237.99139158026483,240.91748330637432,227.2104232251755,247.14288970438665,236.64988690855537,220.60507814319607,228.58266710847164,228.5164328460486,195.7895454074724,210.608741825972,207.60779035704536,206.0147772306338,200.21319949197,199.5973498701636,216.48521895599512,240.75198050332716,253.8912256522076,219.80666398569568,220.25873095110245
218.84849862906083,246.6084145702458,221.25611466024463,254.58132184930548,236.36384359016571,197.67204726823613,219.16561850780136,240.18257597408717,207.71549507788157,136.61491169418477,100.80080314864244,0.0,135.62714617094753,176.95552786537775,197.8473821936877,254.4498668172426,170.9635716032088,250.11435017878748,205.42832166659417,234.27674904375812,229.8556584731672,217.87804674485216,233.65643014543403,147.91484349959674,177.90592460632635,166.5746089666216,244.72903738435983,222.2050577291916,195.76587968135212,219.3010291615469,220.2030925321669,216.27257030189415,241.18861321440292,253.05048003410155,241.2538024099148,235.42582453847533,215.2594595442889,216.3777836702585,199.2304699364665,214.50389735727933,231.8544655187943,212.5639463960099,210.99746481542596,227.129068364734,234.97097530643848,247.20874295611952,247.6881438795341,251.91198829000624,208.85541643916392,220.92999513760043,227.80462933895325,228.01360892381592,221.5205798686112,248.5979318603188,206.1145134238672,186.29191414725568,243.19089020364876,206.27956882567972,169.56532717863337,143.47134113759842,126.54419935249238,163.3816595346135,187.91519495939664,172.64683789595824,198.01396730300985,201.1242108256505,209.54945440288023,201.16944158922365,243.5795635820085,251.5465178128778,218.1996436870648,196.49674259462117,231.7026722042868,199.35497004491083,148.36360193875396,188.45768679256136,196.0061177597028,211.2644278232479,222.64476605048765,212.76344841305175,231.96817218745448,245.22921188761157,245.51852728222832,233.82652458005475,250.8681282383069,245.97731375734168,220.8689730060112,226.26325447059824,221.6120276533818,198.3082362406975,211.84234021805776,200.7201307462007,194.10795303333467,201.3993087626008,200.11352849467136,224.374694556845,244.4181113970824,256.81045568772043,215.98273672398363,208.16238653966343
231.481621124943,233.7593251396673,215.84380423006772,243.3175806078147,219.01951387816808,199.3218459474317,217.3440197220728,226.7128609346671,216.5004493279293,183.7834744194452,155.50286369998227,135.62714617094753,0.0,168.10129802598166,186.93353279486752,239.9432785918034,143.93948179738567,224.5821725562389,179.9732887814941,213.58678554500543,206.58538719298815,170.20571926657155,195.4092334552892,175.1200545381014,206.92997171266865,203.9104671450937,217.48030120494036,208.15877234739128,198.24507837687685,180.88392838772947,236.9080640206114,234.82083564043933,243.8302417545866,224.15186875274705,210.2870919064738,237.1407865894525,236.02433833436143,240.405802167123,208.40737150493527,220.9639094129884,238.93428652962945,222.5227083894934,204.83725662185088,243.82618951631764,219.92342713227697,233.85318915851624,209.4244701690452,223.8345648890944,218.9065750559433,250.91947806839585,234.53789813440065,222.3854282522433,234.74211853037488,241.07008342304496,187.71466539924785,202.5102496834764,228.30286564031732,208.9963101402589,209.82086008829123,193.3941806441714,183.45828180607276,88.29738917240337,142.04702241387884,161.58550994679675,186.52554385896596,178.79909711377684,233.15775904026032,177.2938313899349,221.4447842697601,230.09039874521864,197.192428862179,173.46217798245078,196.3545579766636,220.2753793012569,175.23592161245654,208.26571941813293,193.2023544701319,186.3092360806461,229.17502964633988,240.3894918978052,200.42547089287,239.69077140989384,236.19442644397043,220.42325400237613,231.2541885920124,220.24850511948648,228.0281518061728,207.0370094352322,212.3502814806733,218.2103544145363,233.4237454116733,241.0976666177432,221.6536670378869,232.89805786512244,225.1041428535575,233.60998775451327,227.25770413824117,228.90394272231424,227.9593622672839,242.35166006359077
207.3846192965869,197.496489658995,192.787157136986,211.31760861436211,198.53128434291276,176.51656170484347,181.16921697437743,177.69066684023957,167.94596030707277,173.38001319636717,203.1965521044291,176.95552786537775,168.10129802598166,0.0,113.56531449746556,231.04204745831063,98.38555084995927,183.73980118859828,102.05403194087673,155.75678282727614,134.46741576892634,212.14994308926265,161.43102953771256,161.43545902863448,213.0469456923244,214.95549815790508,197.35141241854055,190.1233090294688,149.04498382055303,169.91879213628636,237.99835035491077,210.60389601261085,226.05882559710776,191.2667931484821,225.8606637977812,179.65933838934643,214.92438102134565,224.60224875426204,240.26480496826156,244.2890585326292,216.67014161886843,240.68736115465785,232.47243831077532,224.60562043450605,196.88561736233603,187.35667631211751,199.7562033977416,201.93336705970265,199.3458129967328,190.10363726881363,222.18817906343543,179.9248381763542,184.35470545564263,197.36334438533177,171.92565308395936,160.7129202212533,178.48303430342918,150.66977186301318,201.81155691481777,202.2514678645196,199.85513373800103,171.08589902998474,166.83004144249287,112.89026465383934,125.29584871776558,138.14341510913675,219.89398754476804,140.19700798626457,186.0077136516288,186.92726558404385,127.93858438396096,212.20234710486176,160.2728309094357,227.08246665507895,135.54571919957664,211.63196189406136,143.6118228834796,169.2324812672373,227.35974618578572,228.6035963794853,180.82370896052123,219.10380400210704,231.34776756005368,214.88061111179687,204.37602916417367,199.50046180752176,217.87600714509017,204.34207839560852,159.26100708175056,217.1734917893573,214.18103485146548,242.99795252474323,242.73927662731148,242.15861710643404,234.23438375277576,225.6262623622533,187.18648012456373,199.71192269262264,199.66998185440227,190.35158296087008
215.79729488869472,169.244860522478,200.6527759971776,203.29033467384903,196.14591614615148,189.17211572893677,189.33229408844852,191.6913445472655,182.6393885917299,187.50046686145737,200.15973825843923,197.8473821936877,186.93353279486752,113.56531449746556,0.0,217.9103393942827,164.31018300375453,166.0980198101115,171.03580550222455,125.31162249094668,139.96570792261545,211.5141373759213,158.6858228885804,162.7514679171564,219.0025187449401,219.01580273777316,179.31093685946217,172.90688658381,121.747400552723,156.87547456421078,242.7696981507981,224.07098661072035,198.4783356657535,174.37929995385366,202.88318480465853,166.01904058843132,191.8492258136617,212.05349823996477,232.81125429293715,234.24738422458304,206.2029237478892,248.70232121104968,242.34683948286795,207.2779449284108,181.2049835310163,173.60451172816937,193.56091100668235,195.2785499428926,215.49754559847088,177.583342096888,216.51023606760023,175.38298157688251,167.11781811269313,180.7662812315424,177.9498830140932,177.24982088317182,192.2265956204429,173.41774529346637,191.5072136544539,202.0635081961279,195.16896785994848,174.73254935491588,154.4242227898484,127.61525521934036,122.77554880898522,61.26960110044149,212.54377065151263,165.84271013220734,161.67072507457016,166.91009279179778,114.05130910887344,200.9335407426723,157.3400126355742,217.0046913568942,165.49338940493638,203.8818764656688,108.18768250732546,152.86831625458484,229.46051824893905,233.64440502136767,147.5210196717009,189.5763103072964,212.156643553418,180.43531619671504,179.84447756195692,175.59111935788212,199.55592064538683,190.27961258707663,142.44607148679944,185.34917532544137,209.22001955984095,254.79544966120235,238.35068076706085,242.90623483935715,234.22849372510703,219.57323349436007,174.45989176810136,192.8983308035073,211.9747521560205,184.02650314163463
209.03639378860208,142.4541108021087,199.8858539882044,119.1425116558608,176.34609635291253,221.329805759692,210.5065080355857,170.31311663293025,226.3300712008411,255.50602684357835,247.3746027878973,254.4498668172426,239.9432785918034,231.04204745831063,217.9103393942827,0.0,238.796243173754,139.0342392676944,231.3948635899149,169.3809455998667,216.83717682031693,184.19606495393623,204.77131866744952,244.02553991872367,217.86190516242075,234.5182891525933,218.38702408059527,245.09816292448977,234.55171050531263,229.693273983666,209.8400865120312,193.20489946212172,176.5072159598128,136.10346234184738,177.88626681457032,190.31680456063765,233.57389597336268,215.9835671930021,243.4232109740864,226.78644228878304,188.146749280752,206.01972149842948,222.38211065164356,236.438956953658,216.3082246958533,233.19187639785463,200.25091602830025,224.53680850742452,224.93637850134337,203.75179860653404,173.94058905360686,188.47248093086316,181.19441231518996,146.57036494416985,224.09494696361247,238.51716907735516,178.33785714813064,223.2269247735885,240.33216517513628,248.1136368712436,253.84320315983803,242.2275288374448,252.25469925283545,240.24313710775684,235.9455192845104,231.48713568329785,201.7923854888478,242.4051637602581,151.07805205466383,157.46018778613785,216.15175170026225,241.1726443100329,216.24516955810105,243.82508733285897,270.2852707748775,210.40637058011976,231.110932382448,234.0648147171513,212.64531485257197,219.09393250059037,191.77059379277503,175.04247252536126,225.53656723779892,219.65243117060592,218.6727314112749,209.70930479086,235.3532619917427,233.79597278726015,195.99440279136604,221.5198928388629,199.36957243148123,221.84143145018945,245.185238335448,226.10409799689177,233.44333342848464,234.9832567850019,222.0879685979158,216.29343329605015,224.9249392854061,204.3979723353816
217.545023069149,216.3846765247598,199.515798144304,229.04848312150835,209.6787036486976,188.79594101532444,169.84853774860107,190.75977181188645,180.94025129474664,192.3279177728975,211.3395829357276,170.9635716032088,143.93948179738567,98.38555084995927,164.31018300375453,238.796243173754,0.0,196.26373439211645,80.50139784518377,180.57568636419205,150.85150530351217,202.57176747942097,174.1542658255062,152.56270308258874,214.41418276296667,202.58670773752036,214.79108667116373,208.47074224200497,169.5393989282327,183.15137917818365,253.37774301871528,216.63883548318017,237.82857665822883,195.07680271567983,234.7489926568407,204.2533284997536,236.05057827332016,231.85785517484447,238.900888161774,250.7174319275257,228.44929777249408,233.4721092659892,242.62790891229156,245.58118598729527,225.09167328593333,213.9184394185196,218.6751094354147,223.74858160179355,210.1329197320508,215.9328306699613,230.81946552384483,188.0073202909713,194.91576231383613,217.54425540265,183.43810870612847,179.13441339097562,188.02920447934048,171.39864720675055,223.52453597989137,206.48294388669368,197.5312830002893,164.4191548221129,174.67362052727037,126.45046743453864,134.39363185547052,173.71471469659744,225.00888897552517,109.29765103383926,188.07227044587069,195.12106954169053,140.7426963712673,214.57715632014865,174.8832099607676,231.59717083029383,122.68417808867108,211.32882337592005,172.37287260128195,187.3423525254809,243.60968420775492,223.56192242170687,180.6448608924694,233.50463054250747,243.0438048130457,217.31443987573965,220.1148794329443,226.1725428995417,236.2999888925055,219.1131494798728,183.95453735733943,221.94226690067904,223.44082545359151,237.33607614224465,237.8742846317262,248.1099324973113,243.65876299147965,241.8381386196564,215.11212914671296,228.52201379188776,215.710178606545,218.0218835589555
208.7070657145776,130.418226297737,179.4282611869855,122.5488444932776,151.41553837891152,194.27518726996848,177.45231663038504,121.52556863751003,189.8047815592097,231.9171974673447,240.6627077295375,250.11435017878748,224.5821725562389,183.73980118859828,166.0980198101115,139.0342392676944,196.26373439211645,0.0,170.46840207497718,99.93880953339476,135.378031745212,184.36347203034612,156.0513756067153,221.5243310876735,218.2450023706544,230.49694548858403,187.3703344132016,208.4393213772011,192.284403666417,195.2715332379157,236.11294238573967,207.772462317176,187.3998073099986,87.03323010662643,178.84546576417395,148.95996660390517,220.9177166317939,218.5768612114844,244.76639854638532,232.92895654806404,168.83883350115315,229.92518689191843,243.00359549982937,231.98780600102265,195.85848310211543,207.6218951814286,185.06447261191056,195.62635749997173,213.51605111645017,178.56605611406496,192.16225893466827,161.39103435643065,160.07598389465585,137.82268910836945,182.0213374042618,206.79279656450765,123.66712766260969,175.96952399347293,221.60770186224084,241.2971924242183,249.532733077629,217.59505783200223,216.5631422843616,200.27452307118236,172.5831781754955,190.09844151988,205.95591274732195,185.4107613548545,90.32732415108124,67.61277049913733,138.02722846236372,226.62409373952264,169.1906481906449,240.40768634373077,223.8315267935233,209.1055847188907,181.36229988468108,194.8125143752845,224.6720310872369,223.14453669320037,147.5668781215868,160.0486555525586,217.53557625851835,202.0009600979099,187.39203592312887,188.3486937633875,217.1669764449848,210.09357675363495,151.12592283395838,218.4136424957152,194.2695716571828,237.70260380555425,252.07684883884093,240.26881747171137,250.68875221296403,228.73086465875733,196.80519546701785,193.45851494202225,210.59885530315407,194.98495201811843
220.3260367329752,200.64391681790565,185.535600042367,216.1527715977685,192.1543581015244,179.52808632837832,157.0274385461392,167.77532086249022,172.87970632681203,204.67326671691396,236.4258853930301,205.42832166659417,179.9732887814941,102.05403194087673,171.03580550222455,231.3948635899149,80.50139784518377,170.46840207497718,0.0,164.81642271172052,119.92594537530115,206.66814679766733,158.19794718631647,177.21648871309822,222.02480203489023,217.99723160583304,211.5254638577873,207.50760454754655,169.36426982679166,184.84118976015796,244.20367569011023,208.301649424492,238.67496742766048,179.71773624689394,234.5048528718246,181.90913432994424,227.4715466493196,224.16967798800795,231.47863909551336,244.2905956377743,218.29177881227264,231.4515806094558,243.58490242494804,244.8167837080384,217.3658413755724,210.37323093373703,208.79336294249987,209.72359618633607,204.36837546134063,198.1446476911576,238.2657998036277,179.5476361807344,193.29242488916816,199.4074710823182,176.7837248582611,179.30999496710638,167.18746686584,155.55742164895992,223.20936641568093,221.6879596733987,220.3305201817495,192.87583724821005,191.5843827920373,137.447657030655,129.50728687532617,182.0061215757341,224.03696006690976,114.29907769440705,178.63910593691364,173.9606916159189,129.75165034727138,222.6447333360628,164.8615364475702,230.69595118144463,147.20245853721798,219.20811003464576,180.1308174947793,183.5584191111788,239.92826499890288,222.3383089734139,189.55086524828053,220.98502265361964,242.17268567586075,229.1130388695176,217.99734096982831,224.87145436382255,230.49025070007295,221.07935006795577,173.14097854699972,232.84507656828765,225.1528128934721,228.23306040622788,240.4976527140108,246.02956237216927,250.2610801421235,242.42581549329927,211.32435913245865,214.873731732495,209.75149830103655,208.49949529676627
196.7467754930051,128.63090718008212,166.99251959595014,164.3082245996596,174.7050738148945,167.34457758459737,146.18982439726602,135.71402994960303,160.41290519385376,199.35553470561516,233.99999176487896,234.27674904375812,213.58678554500543,155.75678282727614,125.31162249094668,169.3809455998667,180.57568636419205,99.93880953339476,164.81642271172052,0.0,126.6348342575327,204.27752541367505,167.684595344424,179.92951414500646,210.11466810868825,228.93062718069675,188.3844278696716,203.7140668800381,154.09900061045434,191.25918348282383,237.3559906333698,189.49319048509008,168.6462952827351,143.27638738237374,203.0082882627445,118.92873271187102,213.5106537105718,202.10356136745173,232.57274521899623,225.6903846132408,172.8628779969315,234.15341928498265,240.1830818527924,222.3172813814897,190.219995949044,196.1514470601473,195.4352063171212,204.3623551793487,193.80310140336368,162.4235223442443,184.3947359421013,142.87176940632045,133.20206885341818,148.40167571972762,164.6785823898152,176.07193038633008,138.36661306306047,153.03680455876693,191.75952497328277,234.1268199302368,224.38519873190583,209.7975234369386,209.09721553618857,177.70430073886132,152.42834957341137,155.77430675249622,180.47494442823037,176.2060959478901,124.59592995743958,118.82585580380268,98.6485760293414,223.0490510510388,165.19137222326555,214.44791726586743,192.0241832098937,206.990374313623,137.04169585262431,188.97168650367405,217.17421814780812,215.68559533714856,138.78292125748,182.51392716931912,227.50649669094432,199.8162631347971,191.51471104906653,191.32388939998413,219.4724438730804,213.1754648872512,98.73386138238364,188.4660925690332,183.92276804329035,237.33055262332425,243.52313096893744,241.59922636636972,246.33245461825769,223.59685103473876,186.63902626389432,202.95581534204916,192.7077726636044,181.5545642316476
232.1415294782888,171.93074943261948,174.92442493603423,202.1745284617255,178.7984006188014,169.59012615351378,168.37332874432587,148.65758912107867,164.0562148652512,211.8708836656543,246.59810075497887,229.8556584731672,206.58538719298815,134.46741576892634,139.96570792261545,216.83717682031693,150.85150530351217,135.378031745212,119.92594537530115,126.6348342575327,0.0,201.21379615171327,128.98067995862482,179.2858731791959,232.55350853969423,224.25549783235132,180.4663050726472,190.5623482253768,154.3921836358731,174.41604682970683,255.95611587551696,221.2487659236677,233.83690517706404,164.28213232489878,210.1474717095748,151.53891787098672,211.2337951319016,240.7199481762588,244.22883696188163,252.04191683689703,218.3457293467539,234.94672868594745,259.38336702153435,242.85013450011348,199.50653393042933,199.49983406322116,192.5784223753053,192.9307896534344,211.95174865792995,192.51615228707075,238.8695819294209,173.71137431104026,179.316891173099,186.02805807584812,167.52466169865727,180.5310750293769,149.9911952036581,153.26921519540429,216.93301444979764,236.05324887189815,219.9589548041409,201.3466987840756,188.8831098763905,158.4197192773189,125.50842235131609,158.8901124716164,231.984487620947,142.92464670134578,145.37974627170075,138.22409665645597,97.69441191253212,220.77447723547328,143.78914458728173,232.9696023283397,168.53928523422542,216.477474389172,160.77459773986192,161.8074429396621,244.90311186295185,239.2970038247916,161.6477567336566,203.55481576940275,236.7726634683245,210.4671990018565,196.06785625689213,199.87196346397812,216.85001803551293,206.0143498881777,156.9912020367698,230.72723652682947,229.92962745491224,244.04668044149275,254.6145180910272,246.39608137931677,256.76679061545406,247.0461416150744,199.4018981666431,191.84879588777903,212.2322751329772,215.6121031547441
