0,1,2,3,4,5,6,7,8,9,10,11,12,13,14,15,16,17,18,19,20,21,22,23,24,25,26,27,28,29,30,31,32,33,34,35,36,37,38,39,40,41,42,43,44,45,46,47,48,49,50,51,52,53,54,55,56,57,58,59,60,61,62,63,64,65,66,67,68,69,70,71,72,73,74,75,76,77,78,79,80,81,82,83,84,85,86,87,88,89,90,91,92,93,94,95,96,97,98,99
0.0,124.02359729979084,121.81941573953034,145.93421765179932,143.82108399560633,131.67426586149097,114.66415280841926,140.23239311406442,138.91369544484218,114.50177946703336,141.37472877958896,145.34298501128868,133.71218319659968,144.79773370955058,132.72038086903146,110.84454925722298,153.36043486136955,155.36032997267432,162.4782822887135,141.7836379899407,146.5062549207235,134.30911578521005,146.23487992289515,141.155697788691,127.71831083051732,147.68369765713567,150.583574732359,147.55263380766672,137.05670553108357,155.07840869393013,142.77367197166012,141.5357836655107,132.5905514973992,160.6048705808263,156.31876481496892,128.75459821694056,141.57361573254397,128.60019443601078,131.47627569208018,117.79987167911284,134.7878424475772,162.06498215057516,140.4923365361508,148.2208220503252,150.1642319664392,139.61341256454796,135.34349008127612,150.1192802183781,134.3530003684321,136.74266106966735,151.68998835642145,133.09252627827112,143.05196743430997,149.1143950930582,143.56918235624994,129.6919743669199,143.2755275579645,139.3635638278945,126.08994904767782,132.51611153644794,126.31906102865986,143.53693491149875,153.96890002396265,164.60486524614424,160.1681123411246,144.81570955189122,135.99597699756274,171.89218949200156,167.91001039241027,157.47520571913236,149.77981691626186,127.74235638664145,159.78077028000297,120.66593318726498,140.39060259592597,133.91352784050792,128.7770369945531,145.8470772796666,145.4268011758557,151.99698700873566,162.62899867579898,152.20841819718885,160.212996070965,160.80579229033262,146.8101426159676,144.8062793902584,142.82670152197883,144.50154698113175,137.4856575690698,143.76676136626054,145.717647505857,152.60157600591268,136.83696222587696,153.08809012285988,135.04566216479608,128.7826674568627,148.32636091654626,160.2028671662003,127.01889863679524,141.78489688422508
124.02359729979084,0.0,81.5376624768726,96.248183456888,90.46745305070138,105.37150033458138,96.17445239756448,65.83168991317655,92.71863596837584,124.10770330134424,138.65428376492926,147.02790163126411,101.05957845077006,105.18085164182052,99.1496721205336,98.417226923736,114.84657183453648,94.44511343860172,111.98571194913274,109.25634442779088,80.26676772803015,138.70021960187194,97.10338663394928,137.56619868882257,146.88913825580758,155.4978291169901,122.7831964012573,147.72176204922158,116.27898140323214,140.58871964468128,188.96779580168172,130.40350708856568,130.63528534274104,118.842005364813,141.8073149636498,147.06814503512692,127.23416467700048,113.21191466851366,136.56168202469513,127.95149560194584,139.88378784392128,162.47867508806024,169.39425722822773,159.66015902266713,170.04253361665138,134.23683463962894,150.44585955476816,119.80852398464198,125.02360867085297,135.39044075164736,167.6055713044163,77.6828955092773,130.7153136392685,105.4723268258668,109.018029601897,121.12098804921992,105.98357986311716,78.79593560614276,142.5273621860212,137.2145983133893,118.88417661781972,106.1091431645788,124.88346336284344,136.45703611925103,128.89729213432054,118.54432726490008,147.5070599437994,136.33302625462693,135.46680908639786,112.75227694371614,103.82920744617395,113.82608685640044,134.2284970826365,155.1775591679218,127.08822487386404,151.01724182642025,115.51497834270684,127.45489283367291,187.70240440401005,143.36832327229197,138.49968270068217,145.49500444127312,172.70246576749196,126.81131829946598,132.7738840549166,142.08332052450746,124.9371676167426,136.63691327652325,147.6043037422258,151.01117093221214,164.65399194392026,160.15020773598218,153.98281629168574,175.11395141058352,168.22275634396578,144.05051088056354,146.5639173617896,154.82230769650997,124.3656516823758,144.08529210202963
121.81941573953034,81.5376624768726,0.0,136.38891490828,103.29294886157908,55.8471690457862,106.25992117947033,92.03482670102768,60.45409048359826,124.74573677874972,119.19136676590082,126.62570284145316,114.31821617578336,119.8140861049984,120.51192834401073,116.94770078429212,139.2377478819999,122.9162989094292,117.7256412681934,130.33746174942513,107.74939015864902,161.9461852469304,139.03060317815053,138.65740969955107,130.15258205441432,148.11562580946725,142.5789080534842,155.9957925340566,129.80871848253943,157.31636741649743,182.29912893490084,137.15493461108525,149.48739455953074,155.60000210902012,152.45014433259257,133.55295676483848,129.18705316999058,126.678465896985,136.41855447037096,126.36619143676764,142.5556602569473,161.61680609598358,163.59611403721277,163.8840062264871,169.85300889726176,145.25011347211526,154.65982200207253,147.55886363740234,113.26064313922988,136.24394317956757,158.11964177702305,76.77305062038334,133.15436040070935,135.36180687269052,68.66886674691423,72.17773425382438,111.7414648375887,74.92431324146783,138.87202199983005,145.7344795234794,127.02998898149824,127.32342025739592,138.0817748805121,136.97635660174535,139.8846793023764,133.74313788897138,152.31623595012985,143.51793722951086,136.3608287603081,128.73969455075866,113.73352060499222,130.16714985194153,143.4686204893926,154.58605662528555,135.54713805166227,146.05511123319616,131.9586819875217,140.3708017921196,176.08628918743048,149.6785801310669,139.03628235546336,151.256779056225,163.71563338731244,132.3879945979305,148.3018203953597,155.43125231922372,138.37596770041466,142.3688567136545,156.20847394979828,151.20488938650527,155.9501634952544,153.88993090126496,145.03786871746252,171.24322195937305,165.18444993890546,152.5607715585642,155.9732157295197,160.747457952514,119.67144852739366,150.08907150449812
145.93421765179932,96.248183456888,136.38891490828,0.0,93.56271451653598,142.3163901403402,116.12019769430064,86.9215713514663,135.40078311883713,133.46754561198665,174.56926553575363,173.64266219134765,132.68773680202457,129.85463895092713,132.53776304381597,96.55094271646377,116.917558845011,112.53177628240456,120.8437940155162,120.56633118379918,108.56318041157708,147.7535987813785,123.82693940038934,155.90703604800063,153.83104415679094,178.74160731670244,156.63801371950308,160.3344343668468,133.00840701961795,147.4971530948817,179.2929456749344,125.05564942840292,121.00129695625802,112.42144457032651,168.54315088932708,188.8553315374051,148.58163929007998,98.22829214324,128.132784433261,130.77654243897342,146.0628970880547,166.7464631776003,178.27819291876722,180.3367833142926,193.33897992803296,157.27617519999146,161.09805960251214,141.43559142988292,178.4297154783867,160.18413633628114,169.32850350031842,135.45593685021225,144.3429980339847,91.0396038545611,144.16332839848866,162.89409191104238,125.4497040900778,133.22458220333857,159.56367313484958,159.87912343935474,147.15813737691502,137.65419510475058,137.7734576679345,147.29999980375945,132.5603155512921,146.0061672047615,160.07011984740222,155.7527716466571,140.12773193988318,124.19923805951431,131.3488947508349,149.43696875273605,151.21211904210787,153.0984467803434,158.73330104606393,172.44670809979635,149.30584111441397,146.1945138720872,188.20577682457468,151.3296806723961,153.6862337683175,158.36111583240273,164.88887138451804,150.1035427216054,165.9978661562552,167.9323596563941,150.60859210110965,165.2574485500043,165.4552608579086,147.1888659449432,167.83042565045756,148.911835008249,152.754659200532,183.891969702462,169.9569928390138,174.67952053172735,165.47600848426822,174.84276366797403,175.12399345778692,166.4705492379209
143.82108399560633,90.46745305070138,103.29294886157908,93.56271451653598,0.0,103.79147490762556,121.4128684062112,89.20472475218614,124.06176799747016,140.776626265418,160.6217257138732,158.97757107417047,140.6103567313084,142.92539851731777,142.59753880626516,126.92423576993836,145.79416898166983,100.93889472728095,123.15755725507832,109.5840629361031,106.85423582052964,145.99131668741086,126.55319583688149,142.7642287795221,148.32453404323363,144.3813160458971,145.89983807935147,160.06100958915192,126.33320859900468,142.36704042325334,181.19755201066937,146.94268572685408,150.88140944804934,128.66694230710152,158.1353802435861,179.90347895196192,138.76286220472178,128.27378148843073,146.92754570434795,145.8383763462182,152.99851565589276,143.84897219109172,168.91440071805644,157.15618451503,175.0748842474061,159.85165022228676,156.60630992806887,142.19983880904925,154.6062738280106,158.64511894414397,144.64517190498583,96.76038228412496,126.11969090667124,77.59307513648275,91.74955317325656,117.3491843202811,98.45411672880272,111.58196001735364,150.16110474354278,174.2012371328836,145.72586885349426,150.62971691443198,140.7064696097383,148.9589932101266,132.73219047726286,148.75614210165955,162.76639270522105,140.34222507254793,126.09953123057365,105.35621809741544,117.31691173428132,139.45195416767513,132.6361601637906,180.79298735257748,147.42701325658126,162.99759549891846,133.22196680769207,144.43532501793848,171.16266784775078,144.74332232846427,131.0628308365427,140.027441227664,142.57209296626053,128.6051115414613,141.50060073624866,150.5215452360639,130.06829010177285,144.8923632641616,154.50804091731194,156.42852842440496,141.28009958945472,148.92546743897336,166.83773273842507,166.53099896808249,154.46286831317195,150.91894724826466,162.0033885954938,160.1574755859858,139.91758798225896,153.3894086691563
131.67426586149097,105.37150033458138,55.8471690457862,142.3163901403402,103.79147490762556,0.0,114.64907044997128,110.7493208506856,62.63109156854364,119.64594654840916,124.08930480484511,127.30000335283022,129.67933860183012,132.910514872884,127.23809707528908,119.26969450352038,148.04942675642457,127.30758203065662,130.6653180056042,129.198853047147,120.21596618450006,153.48657921567838,144.47414664695086,135.7124618649996,124.90251005479836,137.4437986205018,141.61857287742333,135.74518549775132,123.58585452504306,153.3872807713654,176.51574120738374,137.2414444028417,146.147606640126,157.49115243322944,155.62189795324815,137.85155585608246,117.91067359494912,129.2704702053433,140.85280017119578,126.35017559423314,139.25425577409968,140.36664832169876,149.83950821933243,154.33980603346606,170.62467080223257,144.06961602877428,151.196380636537,149.91380214707624,118.91514985618056,133.3515016464213,145.35394788721447,84.21250746343489,124.03597588993787,131.44979816458564,53.71447605557479,63.63363083764862,113.8584664924578,84.39651585403436,131.04106396214763,157.69674559817608,134.4678589272523,143.8385308923347,136.527844792335,142.116578092935,147.66980057388432,138.58772920036472,146.29874217916705,154.3581275472005,140.41668126153888,135.7513345570698,122.14031831950332,140.87108910982317,144.62790609545772,150.00101553383,135.89690439547343,143.65682421510343,130.48744583105525,134.54309562974544,172.23642849924437,147.01925346989955,134.0816129039323,147.07859069267698,155.37062268712572,139.18149138680627,147.13645365304254,155.56509803812946,126.46310122312256,130.0197755040658,153.99294784827947,145.9270927537164,143.1492932399374,144.7939812926454,144.31578887006611,159.44442976691892,153.3884454196712,142.45062959061147,157.25353003451733,163.66723514501197,121.80167930665765,144.2912075658228
114.66415280841926,96.17445239756448,106.25992117947033,116.12019769430064,121.4128684062112,114.64907044997128,0.0,116.90387661217942,102.48885612380766,137.66772177667616,148.42663606735994,160.52162969101525,114.08337892639312,123.66589171850842,115.84264942489308,73.40495059139494,146.57221254640862,135.01295769007913,140.90740256270763,101.7438970235664,118.74536530162754,148.42618185616328,122.318014450236,155.63269073729262,152.79884845450837,169.68406765599286,137.93011974507235,146.70883327031282,115.80430487384407,155.65121938388603,152.61495365783162,150.16809081673222,125.621286358917,139.86635271679276,159.266518248654,125.90205391381036,124.4699868090226,99.99470425993955,105.56796260384284,93.27305099252924,101.5829971853409,160.33079991459618,145.4743136939251,157.05332192030568,159.05716064288043,132.68129764150007,130.0190266526295,126.01234231875446,130.06294373378438,89.48219072072251,146.26398444936515,97.36363751181244,109.13660119974084,109.16185513713356,117.73524356578416,122.63180664907456,127.07178419651224,104.5215574969661,150.10459966267328,152.3591126373863,143.69708568445895,113.02057231838648,145.67713200727113,160.74519118823227,152.4704623099009,128.89172750736253,98.07476723978904,160.6695837375804,160.74020871984024,149.049665973031,129.14161562049784,128.24951469581003,152.1679566778384,123.22028747221596,150.41313662472018,160.4112046792759,132.04843108405373,138.82172370039171,165.6544877050626,157.1397243456404,174.21931805998355,159.69568329849324,171.01465245399288,165.9766261247249,153.41684941171712,158.98678672278146,119.1038746271453,150.43533499918877,127.12017986907016,143.6248867684397,139.7457854742854,138.9994538460458,123.4989853451324,159.77708802106793,149.20916751390922,142.8073905406779,138.55751259621462,156.73032883437205,138.9052222033798,108.87395798368978
140.23239311406442,65.83168991317655,92.03482670102768,86.9215713514663,89.20472475218614,110.7493208506856,116.90387661217942,0.0,85.9658312436558,127.904847341558,149.82163645993754,149.7403519501299,107.62959550714017,117.62929765105032,128.60302680720022,112.40800211019936,111.87161570435646,71.11030064229962,100.79937092328052,130.0577495721061,83.22869148319472,143.03210017079184,113.77487717604777,149.89022654065334,156.67309884203618,163.8260928554505,146.7193353431977,167.9313524631392,146.34748229995708,155.17120288591212,184.5068747863712,129.90173908248082,137.15216789653115,105.21870334518792,139.2194712179492,173.2186952725828,156.72615821220364,103.63677159592602,139.89757585404476,140.7049060642183,159.77771815396358,160.66038455745866,174.84798052805914,165.17592218294425,177.20396138830029,168.0541025938972,171.69372678414692,145.68288146246402,154.95485302663877,169.14446226560074,165.27535271580064,96.87612416592576,139.40914700591304,101.56778958336858,114.0151913301001,130.58533016014934,80.67680286953305,84.09340363882454,157.81687742921378,147.85072797903553,135.62363890956266,117.93691733792964,129.39785816751473,139.48922212571654,122.43102545887012,140.64672753179082,173.35813389599272,121.7028883082266,119.5725170405592,91.90705890011692,100.3868318764795,121.51754222979918,134.48474079472464,177.53859729743928,145.03905368078824,167.5397950577878,141.57496306843095,148.2689929045702,174.7976304508589,144.28563637210345,136.88973930270976,143.01027862363378,152.7438844598786,119.70579178177904,150.6966064803333,153.87655432293695,154.10078964551244,161.41316118398748,170.59448251955243,175.158355938336,168.22351944250545,153.14181104825707,156.8270569144327,179.58432767450097,178.34993445955223,167.36119355147565,172.8280666802534,167.6921239957304,152.77488925508848,174.2464052142538
138.91369544484218,92.71863596837584,60.45409048359826,135.40078311883713,124.06176799747016,62.63109156854364,102.48885612380766,85.9658312436558,0.0,133.06517935543073,130.01619624633173,133.22150842543834,107.36628834326471,112.8266753367588,121.01824710963356,122.8097004154076,133.33225402976427,119.30035756296428,116.85853046811316,127.36207743500378,104.84783523583798,156.63236561343297,133.98772143706134,147.4585327213756,141.94789008949215,159.4082243783404,143.47884326794173,154.4769565022571,132.15035179306233,162.53024087687618,175.20024217927943,134.71988047446544,146.41526319882826,147.95002303611926,150.82996870201623,132.69569147077658,134.67326693109976,123.95499996160116,141.0815164447148,132.45709672518166,142.94969217938046,161.72092689725167,168.7836629840985,165.35543745153382,169.7272675908601,149.79373907325115,151.8943535572271,144.74301006916338,121.74055589657948,138.9322049849332,154.1197776811896,87.0777616894821,129.4345776900782,132.18392224932398,77.7056229071541,85.25670145377455,111.6468930328662,59.4321470928975,139.60557881002205,150.3896982460749,131.98660617662426,116.60705579357136,132.30538123424196,131.9614845273328,133.34046469695255,133.5832148709286,149.231831725943,134.65393214871796,135.47792876737412,125.49269017176664,108.3320742762527,131.13961514590596,139.071110805,151.48992682055095,141.82967864176027,159.40128753889616,128.96574774324745,146.55392572596358,173.76246398895125,142.243337333752,139.58221899026523,145.90469521411393,158.01904746032562,139.54815014295642,154.67176845079533,154.017809723845,136.9063318748037,147.17869785117398,156.74997508450738,156.402213975093,151.40872145808763,149.90499158022516,138.49868081007156,174.96396155510462,166.8327272889436,154.35561729548334,166.8225900156719,162.97649526782476,128.90193739490184,155.50016062442455
114.50177946703336,124.10770330134424,124.74573677874972,133.46754561198665,140.776626265418,119.64594654840916,137.66772177667616,127.904847341558,133.06517935543073,0.0,108.14872857277857,110.80348785643396,114.60667954570197,119.66828336705284,109.68458458077424,105.3548607091496,113.2114041249408,135.34684256310396,135.2124021619241,156.7100363714756,117.82292214327104,129.62607471208895,129.59952394248762,107.6465840428423,96.7523063680428,138.38403471498972,124.391790729606,125.2073372441792,131.1193187959628,136.82743497243098,161.9356471659529,132.1824977863096,118.21394554126454,143.4514914053529,141.97846043028528,154.74037771046147,131.09451914690158,126.40027629234012,128.23267432461296,120.84277068841114,150.31370984783328,147.10102340322732,130.6554978681525,152.4039088456745,151.98018230647756,140.2972562114693,158.454718348388,147.8035802518315,145.9576061089989,167.14236042532963,152.27196793931972,134.05231579048217,138.1056788711354,151.0263408535704,136.10893768991832,133.2310831449052,136.3145126957806,126.04721544455523,99.05944435798077,114.28689311693743,101.65810252965508,136.71954627224002,136.94407062548953,120.92282405462478,136.69058704945132,119.33024036055336,157.91034078678717,147.76943183039143,145.01920986535347,146.15951219984075,126.95531697299728,131.89263158832858,155.28720874686698,117.94580851612604,104.55177170730867,108.88803577005103,111.58470090992776,117.14286083532193,156.20434348457994,152.9589803972735,125.86065278164364,149.2496734383956,167.91797905710658,137.15420963665815,142.94751437860953,141.3365239506345,137.04943484021982,128.59076764437287,157.82074312323675,118.94537251509789,171.259439222429,157.09678675810585,145.57590920596243,145.6730236135861,133.1361711016824,143.22139192541582,148.9140337826047,157.50337102925562,143.94374051008094,163.05440586776038
141.37472877958896,138.65428376492926,119.19136676590082,174.56926553575363,160.6217257138732,124.08930480484511,148.42663606735994,149.82163645993754,130.01619624633173,108.14872857277857,0.0,75.68869791702221,117.88074985852472,121.40176051903931,120.45291566769978,152.38777266669186,141.83645260388175,153.01782525465666,146.54367332863035,157.46786440773317,139.56787627051006,153.24730553348843,145.6325035769485,115.3768416899739,126.05441961846586,119.78269808110522,134.97117173528972,146.54331426330674,149.77103771395778,139.00321050609148,152.31448936807865,144.70620967113138,163.85520039375524,165.47607045395128,137.22050930880994,133.9035664135708,141.5802081696787,168.8039834335707,151.07848766865845,139.63377876959674,160.02270666608018,138.3140966047456,139.71996312646144,153.32320117163408,134.3573131461495,148.01141053767674,155.06975443606683,156.42980434749785,119.22870681204591,145.07230260806932,146.4207969989863,140.0434475191089,134.9669370767266,168.6565912702775,128.6309260988649,113.900213615826,150.36438358690864,134.05311400331033,110.82703628191712,118.51925130957146,105.4053470323532,135.87806320880935,124.83766530359634,113.3735336383006,136.38936948927113,126.08996795653276,142.4273849881345,133.10150206033865,143.18274927439455,152.86416502804437,129.6926970879349,148.59792683179367,145.91645462835464,142.58503165419228,119.95228274816714,127.93336737672138,122.00635191244376,131.1799911993693,155.07778220075,141.48913834811634,133.03835655138442,141.37882834019976,171.7840509906083,145.01632421476003,134.63594580787282,141.84797351061465,130.8611541910394,134.1858686759181,140.61241717874503,141.19237408089808,154.18315066805656,152.06295575612637,145.93974091313595,146.37399173617553,144.02882291914256,135.45576246646962,139.5840013627825,135.10639526173335,112.95607251633191,140.0542867043161
145.34298501128868,147.02790163126411,126.62570284145316,173.64266219134765,158.97757107417047,127.30000335283022,160.52162969101525,149.7403519501299,133.22150842543834,110.80348785643396,75.68869791702221,0.0,124.54384347625049,123.04100310858888,125.35349358258856,161.55888324271996,139.71426969362338,147.5858015181372,149.14151766590936,158.93853832695436,140.11625145118705,145.04254257293135,147.44403675447683,102.96220346056283,133.31582632973092,90.67084378720116,133.53562801553994,132.78714751822318,145.62750387013776,132.99351088564993,168.24974839017307,144.71453807193706,166.28144371928667,163.58290322891648,133.40276692154646,127.58686916180878,138.94879781345355,172.8135866206818,166.81647219207008,148.32286855136778,152.78188435069404,141.7497889876368,148.98362777115062,154.5256070685913,148.81280152349856,138.58198110546314,146.3084468894889,147.36471456477756,119.2408168997671,150.49292011586948,151.5252264707861,147.91611847925725,153.1048600255939,172.40663431934274,130.2325599542511,126.20236422938125,156.94769753916526,135.21553180116695,120.67917466293056,114.74637923712103,104.5428162700846,141.85001469119726,127.89192820860976,122.67530645655324,138.4931366874382,127.55183258696368,162.14773668853505,140.55794588245152,150.9743268748431,155.2800713988488,133.3921154341884,149.7225292582446,150.41021030599376,148.57586919761957,114.3057880717834,111.05436222286768,132.02117646380125,119.99237515360386,166.54004015916627,152.05014126059882,124.6431487537377,142.11310833601007,171.55901508664692,148.7959426519082,141.16626505943404,141.38187502888917,136.82617756911685,123.10454660743032,148.27567895056762,141.76482796928053,162.05560467336034,161.047267777125,167.21387242646506,146.8667286503485,143.95934075412356,151.50848982593772,143.47174020820518,137.20337500767994,117.33889036410348,153.2477053123813
133.71218319659968,101.05957845077006,114.31821617578336,132.68773680202457,140.6103567313084,129.67933860183012,114.08337892639312,107.62959550714017,107.36628834326471,114.60667954570197,117.88074985852472,124.54384347625049,0.0,67.41103424894567,87.96239593801684,112.5853493411096,87.9749747492074,116.50855613708696,105.62336016460188,139.81915622237236,92.7653678898616,144.7051306362015,104.37862170284254,141.33136989232082,146.9382766239749,163.04053527049112,122.98938011133636,164.63599787761132,137.74051692767856,138.75609959529103,170.07661133759422,129.11322544733446,120.9886707161396,121.49227103608467,127.24445364445045,141.15357032716653,151.943721583701,121.3382551138742,131.4714782542791,139.29778922246683,143.57985014691013,152.18094098420272,145.89107735495156,163.65543528771778,144.00448413887676,136.53972619356438,152.87484375117108,128.20762623675202,129.09962574949512,140.29633850105796,175.36585632715995,122.8326907527163,148.74756537594783,150.21780402099762,132.6340213321004,127.58272163728697,143.25802240419554,109.3070928216536,144.64445646471611,116.58383581720238,108.52344305518756,57.05498612319741,106.87240553124036,119.40758086999848,112.79106500380348,103.55193177202388,153.95521444573865,113.5933191608275,149.5670145522267,143.45484843896745,119.8394661397493,125.0490772974894,144.58669529365812,150.69625827355128,131.15536572863454,158.3846161284159,130.31750252026944,131.46929383930586,160.93951999056384,153.90644013618015,162.1792079951968,160.26261156751457,169.26263522717224,143.24922437469394,152.72848460244165,151.50019424794402,146.42128094521635,141.14603664296047,144.76998676022882,164.82924037001044,176.89662527269542,166.26633502010588,150.4875536585619,159.2173829543932,163.36390043580968,159.43203163310477,146.09646954825234,154.07855661336768,137.37358647432586,148.25640866647294
144.79773370955058,105.18085164182052,119.8140861049984,129.85463895092713,142.92539851731777,132.910514872884,123.66589171850842,117.62929765105032,112.8266753367588,119.66828336705284,121.40176051903931,123.04100310858888,67.41103424894567,0.0,69.85395162204236,119.51619750971524,88.93545763222878,127.6525434871772,99.92775809424025,135.82436022892244,90.93782341803534,122.85688294484844,81.75805352477795,140.1175515184487,149.16176230516663,156.79112644358366,117.44892918608176,150.79356060373894,119.94274702006383,119.09067975070656,183.5190438373906,134.8605687580937,136.74990184910396,110.68151243776784,126.35593616083624,147.73309211461162,145.7593897403084,142.13686328163763,144.34136369055574,140.34650868158042,137.8584642141485,160.88370338782892,155.83543350042913,171.95230784964255,160.1968291362003,121.0805957659019,132.10588395419563,111.65595443519756,126.27204746672324,150.20449223161836,180.2356563924729,129.0169954382597,154.33534583306863,150.34175499707317,133.0364895436912,131.52944955120785,137.379166265324,111.90524298942977,134.7824812363098,123.0166325688416,110.79322561468216,81.74877578005606,93.59241038441851,85.50228472968755,95.16892362344116,85.94049115544738,160.06195069765593,116.67009508326738,138.17795850137026,144.5812757245114,109.99057427437894,115.55722742613597,122.06136766145788,147.1162303491841,136.9552508015378,150.66894191294756,105.98673453160978,117.9568704114388,171.98514679772097,162.65624067587916,141.66590522800186,141.82804302561337,176.8143997245425,139.7165235364539,139.86879243817128,123.51471677660604,139.92853633514835,131.98761836826085,146.77123610204512,149.83889702610787,180.8763070142085,181.3472667795484,157.99377185744012,167.05824737813836,160.5567857314849,155.8856866809473,134.22110132961393,143.99829460573835,129.91899911680514,155.79698253703998
132.72038086903146,99.1496721205336,120.51192834401073,132.53776304381597,142.59753880626516,127.23809707528908,115.84264942489308,128.60302680720022,121.01824710963356,109.68458458077424,120.45291566769978,125.35349358258856,87.96239593801684,69.85395162204236,0.0,113.4349692006264,115.06676827063497,134.56962699946553,134.20939974078652,124.83688354639504,103.1599368081618,117.417673042683,72.59278491435082,134.37640354751173,150.2773981047592,143.69744036868522,98.13704452846196,130.47456354206406,104.83058920729567,96.08529386761388,186.8135158444937,137.76333005928777,135.600032735758,124.7029610917168,118.60052127915358,130.85559140983835,111.15842228682578,142.31707056302469,141.53319559672536,123.47749568298195,132.76053510704347,160.52353110423223,150.73741836785018,167.73309332713274,150.4372246292263,94.36300889714964,111.34095985478169,93.2358880654591,111.35572319778407,128.63051022731744,171.10173283919983,119.32804688726836,132.61181212390125,148.84837176729997,136.87722983476468,131.59106479158294,138.42311037216052,110.5162372318637,118.84578751577368,131.3715152859594,111.0230605968132,100.3987883692472,90.30750114748814,90.7575403667566,99.67376049091172,35.082458961412,142.5206306938295,137.09335971124077,142.73902730832674,146.37541309797768,97.48389798862434,101.27230433693188,108.66047668698565,131.135035959295,131.60008987519078,149.59565187386417,73.54191514851117,78.3078418789703,172.75790777759067,159.87057178249978,136.44650546757202,134.22293684260018,177.70440897014316,143.92371617273943,114.31653832709654,101.9163528890321,108.49163293497924,108.9647566667303,132.56323397623987,134.34357819724283,170.6523827168686,175.04313783338276,153.35397785733574,159.7707725900679,147.1373752479472,139.3387522047349,102.95036421310414,116.74036622560835,122.05382483160604,139.7095826946054
110.84454925722298,98.417226923736,116.94770078429212,96.55094271646377,126.92423576993836,119.26969450352038,73.40495059139494,112.40800211019936,122.8097004154076,105.3548607091496,152.38777266669186,161.55888324271996,112.5853493411096,119.51619750971524,113.4349692006264,0.0,118.2842687124878,132.43816388230726,133.04644693003075,130.2812992979257,113.83579230134409,136.98578091687142,119.71474886039402,141.40195473738297,134.74016364726452,176.2528342643477,132.41793159965934,141.80949121282163,116.27116761200122,147.25722573162176,159.10407241146478,124.83663013531412,95.09157840180978,125.94632135960887,157.09168424197435,153.86550621579192,124.23534308242084,75.45843304939727,77.45063343080452,72.68668237329886,108.2936406672248,157.19360835003488,136.97128188840858,170.42923967208384,176.20304627626984,127.85233377089482,139.97944880027373,135.0044654307496,156.31992009027226,121.66528210557688,155.55007772974955,114.38260028939544,120.45023952724212,117.1711799569599,133.69951143068903,141.9216217162779,135.3777145087109,115.34989138596954,145.02316816028946,143.703441709166,127.7737441384443,116.98467594633895,149.08232704093223,152.2468486841619,147.48316506549253,128.69459445762558,124.04603532823572,164.70483319756505,161.1384498592846,152.81646411666378,137.75537618729987,134.92807192970577,163.35999276863774,101.65491955762072,140.2917286005341,149.27141746701864,131.5240605387256,129.58205467308184,174.25497826697398,151.41599909217624,165.75562289349932,174.71591371701217,177.4783421537906,166.144612126569,166.0685963091535,163.19286194616382,133.950560860641,149.38767212643825,151.52621230771408,125.20078443255692,158.8963894197899,142.68359886802963,121.68333103699328,160.92887740247778,149.24988016119977,161.59392151305553,143.13938446223537,173.96045911862666,163.54356543105382,134.84466492631685
153.36043486136955,114.84657183453648,139.2377478819999,116.917558845011,145.79416898166983,148.04942675642457,146.57221254640862,111.87161570435646,133.33225402976427,113.2114041249408,141.83645260388175,139.71426969362338,87.9749747492074,88.93545763222878,115.06676827063497,118.2842687124878,0.0,113.62133373041809,94.54950438419364,147.9722363280812,89.63863694993492,136.91617412207037,101.99968090152775,126.87504873146892,140.98335372646773,166.98237633439203,127.4749458322868,145.75742118044934,134.7590942093157,134.74468715011935,186.27347833208168,127.53763391848798,104.68522531633496,92.81966502758164,131.4960521615061,166.25179677382204,152.4063161260774,129.91378492389265,147.92548238775683,154.82728149458006,148.95019520890108,175.042709671585,165.8374297241549,168.5656998790708,163.47702259320357,142.907801432358,155.31524844334314,126.74091258820296,153.97435994153983,180.83109354460672,197.9392113695843,154.87194561360255,175.53857333340176,160.1188461898009,147.44900343243856,147.69592047221096,152.03448331405053,127.38632115464884,154.2361766085862,111.3714147606268,112.61310587963256,99.0137062812524,121.84478842011438,119.48889882545932,109.87145143710794,126.04588343902944,185.15664039894136,119.32442850006166,141.91679058843172,136.09391832780187,120.96051602372444,136.74373661193215,141.05556579258868,150.72671182275045,114.81980452186929,141.16163161607696,136.05982613435413,134.80510417130122,182.6767013768356,172.3503170487873,142.79077200512393,159.33196571637862,173.70905873503202,133.3558366640034,153.05591086670938,151.6322199507099,159.02955666555215,141.16282638915226,174.7817712178914,156.97720546190334,205.56887894888467,190.73367514461057,181.33468978209828,178.6206466482467,179.17952433478274,176.06458609697222,163.67825979979463,167.98249476396825,155.05138488210264,187.0507368514684
155.36032997267432,94.44511343860172,122.9162989094292,112.53177628240456,100.93889472728095,127.30758203065662,135.01295769007913,71.11030064229962,119.30035756296428,135.34684256310396,153.01782525465666,147.5858015181372,116.50855613708696,127.6525434871772,134.56962699946553,132.43816388230726,113.62133373041809,0.0,102.59124975278267,132.15373250083505,73.2806445043414,137.0803610334097,101.5612619996482,144.65749310666578,161.23484888322503,153.54194253793835,133.84410043590674,161.49378536494652,147.93138072739103,145.76103749204032,190.9137593063194,156.04556014074356,143.0620235261626,75.00310128603485,122.5695503340946,188.5264497335101,160.0383652383603,130.29598835236746,150.91539052553136,161.93967798000827,177.84127840067578,157.24695051690406,176.29390886416985,157.72893768457033,171.6463443478637,172.71713854852985,179.56003343340845,140.58966767734051,160.32179261942954,178.39174098665316,157.71220134315408,106.63578956935996,133.7160914603138,110.03112511711797,121.0362821334004,141.78635693948604,74.41523247520908,104.7057381855632,157.8800027137959,151.7200208472657,149.16699578774495,121.40651156358228,128.45369331857563,136.84160476900217,120.0063409039243,142.12923470744872,180.8972316990242,103.408069939404,89.84771805582913,61.13956007351735,95.75429307532582,113.18233820536685,114.6860304661986,188.2735284428311,135.33052820232223,158.9132088354844,144.59025264486326,147.80229300916352,167.11293332233916,159.0584886373595,120.36203500195202,137.77424294584424,145.31294481585405,107.80449165785856,140.59656682883428,145.6341114973111,152.36478692845293,153.95594467646907,172.42532366726522,187.28643408955148,160.61091227040055,160.91978365885356,165.2559951469719,166.94543142169474,171.23284935518365,164.2610452101157,176.1098656685801,160.69357022847413,155.19787612466754,179.08572367533714
162.4782822887135,111.98571194913274,117.7256412681934,120.8437940155162,123.15755725507832,130.6653180056042,140.90740256270763,100.79937092328052,116.85853046811316,135.2124021619241,146.54367332863035,149.14151766590936,105.62336016460188,99.92775809424025,134.20939974078652,133.04644693003075,94.54950438419364,102.59124975278267,0.0,145.07008402692472,88.33850337111127,156.04173909694038,131.47598061915363,154.57958950919746,150.0963471853705,163.40260753245383,128.80840077078852,160.95177882025902,135.340455174765,156.51278722548906,185.68081349805135,148.9624542331118,135.05368073545907,108.66077128073488,147.08041398185037,170.83897467591578,160.9901265736924,121.83683799735893,140.8587219098968,162.6437648761558,154.97999441646118,175.94640368454145,162.67415899659065,159.66583832453296,155.70471360922147,156.84584938862292,165.88516395960846,138.8658409855006,155.80221115289112,177.62013416966082,179.59910650752843,133.13553476103462,159.95789650246735,146.48919586476669,137.16565353604776,137.48801614441103,129.34197782878095,124.09486999380758,158.224685522457,124.87195396539184,132.20293906815448,103.43053991055038,129.9593939115572,114.83785918965292,119.258487622269,144.82162774160443,177.9149273536948,89.7667199973464,126.53555382465734,113.44214436898514,114.5070180058694,159.23635181619727,142.763627955448,175.830145380384,138.16279876211655,158.34199879772714,131.26364200917567,154.94003462915157,165.2411516086018,159.86517871907913,138.4373714757789,150.04967249512214,164.19100725757528,127.55712403888298,155.80148551532875,161.26494535608947,152.4705948183297,157.42908278721643,168.94278010410676,166.53114779910348,175.36018582196004,168.8833722798003,163.11851680640677,164.4679836982255,177.3554364588984,177.92843356128236,169.34494922435093,165.65386051116536,153.6211770052418,171.2928504459173
141.7836379899407,109.25634442779088,130.33746174942513,120.56633118379918,109.5840629361031,129.198853047147,101.7438970235664,130.0577495721061,127.36207743500378,156.7100363714756,157.46786440773317,158.93853832695436,139.81915622237236,135.82436022892244,124.83688354639504,130.2812992979257,147.9722363280812,132.15373250083505,145.07008402692472,0.0,120.03330883651418,140.80935018082266,118.54265420221324,150.95327085613496,154.92963268450723,141.42675683896817,126.0026241247284,133.56669794444355,101.77275329081164,141.03479086369197,175.98835071805382,172.0450847071673,146.95469224656594,136.57983903982435,151.32553942784074,133.04327358478645,116.50737209707292,143.4735406230299,153.7496693088351,147.60085730723148,126.66712107170034,152.09182598490878,155.17218460574364,150.7604465261614,158.39571874437985,132.99509375195674,117.26005006153946,98.71741830869124,127.2280006073214,109.33143534383464,164.15940146214805,123.06229082307672,131.3600927750927,112.86655052186975,125.09356911595704,127.12293374779507,133.35552500293005,120.474631801373,144.20054097274968,149.98370371869154,144.10531536165084,140.01566159596297,137.3878078601665,151.72253383944616,147.9780532322319,128.46778762904884,120.16798038881537,154.8273234541868,148.12744875701298,128.342222544935,119.27625669712766,125.84946864539874,125.54473348432263,159.16508603333762,144.8469837097669,151.36957277449716,129.5395656608529,122.93596426964368,174.72154590453428,164.09357432715922,153.63287047610763,134.29169300241432,165.46722861414588,153.65034496490023,124.1500352634342,132.99790854528544,100.0999000795812,121.96353911619047,113.00302008330132,144.62861349614926,158.6097079949878,168.01756118067004,168.68556944062934,163.27318870356288,154.37465236292329,123.78020826785688,134.40825517035586,126.66246859647526,118.2243466317657,112.68237093833964
146.5062549207235,80.26676772803015,107.74939015864902,108.56318041157708,106.85423582052964,120.21596618450006,118.74536530162754,83.22869148319472,104.84783523583798,117.82292214327104,139.56787627051006,140.11625145118705,92.7653678898616,90.93782341803534,103.1599368081618,113.83579230134409,89.63863694993492,73.2806445043414,88.33850337111127,120.03330883651418,0.0,138.81893899498905,79.47733803572021,123.54182275608818,144.6276435717857,157.04880086087488,107.12437836457826,143.97110941322,113.40732635977533,130.71656118844186,183.1109463893412,138.9154384060688,134.63428015463325,97.31745789561204,129.25147396692864,167.16475056184424,140.40214774442433,123.69418155843672,135.6096603416111,141.82869400981252,155.89818782719547,158.9610644834022,170.35977277862526,158.48925438084464,169.62661238209594,142.20782756289927,156.74515446197984,115.74757730679087,143.68794624882827,162.92346529060612,170.65353691908996,103.5065163983088,134.87794712000175,123.41997654337068,107.86545888731838,128.50540066453087,101.58964435293994,91.68376500043232,140.85713525749222,136.97221198173293,127.45692138810618,98.96013378348604,119.75461180469492,116.58456150446816,92.90347805533524,108.91182040390422,160.1731192803249,107.84500156518097,115.5172470893652,101.65493420921744,68.58388471152078,128.20707854648825,113.91802151651952,163.0510227838,117.56943071446332,146.72920254831436,106.79569247034934,122.87919663101508,169.1534206026895,162.44285291082642,124.6599843812123,142.0157569530814,168.36041633477026,116.14593849131782,132.12876342790094,137.55135946263655,129.82670342253508,137.490834212274,154.77517324777023,157.85625101509078,171.95038936093053,170.2413360827691,162.5139419017573,178.91743393829682,168.94435572121785,155.78622255489788,152.90813572084713,145.94315333055084,144.4929531947405,163.3053974864259
