0,1,2,3,4,5,6,7,8,9,10,11,12,13,14,15,16,17,18,19,20,21,22,23,24,25,26,27,28,29,30,31,32,33,34,35,36,37,38,39,40,41,42,43,44,45,46,47,48,49,50,51,52,53,54,55,56,57,58,59,60,61,62,63,64,65,66,67,68,69,70,71,72,73,74,75,76,77,78,79,80,81,82,83,84,85,86,87,88,89,90,91,92,93,94,95,96,97,98,99
0.0,121.85852699723992,106.24015315322076,163.9016185563363,137.52772370885523,126.04710016172676,165.65302049023785,166.2473608208797,156.56522420988722,158.560635633081,152.64878313939158,168.1587832194267,178.43887487810926,178.18760299221438,187.5127440564628,112.87274932557082,174.658596007354,162.32029477008908,159.912939615167,132.76117851478597,177.2177460645152,179.70282388077922,178.69463140592,164.11262978732302,113.0720421735696,181.21259354165943,180.60103647922503,129.1776030069173,175.6948453631785,186.5875259895764,145.14280034402327,101.09428880786363,110.781569739243,171.21514235161777,169.36119976605343,152.88331177202855,152.0678930788293,131.37750582701398,161.0835604059409,162.1105312947072,162.11140145464418,167.51859132341264,180.7475319922937,153.542080831965,180.2509999829342,171.445541808064,158.0196180185661,149.07261126562764,116.83458098420056,144.30547913062006,101.55122985239258,114.93817117861448,104.75169006272142,155.06773703722342,141.69667575374453,136.79301479721198,168.26550228414834,162.2316167399089,149.60624078287668,175.08401083515145,191.0553643944241,180.5274594127326,172.70275656847792,170.58148319292843,193.7800662866744,192.29535105790265,155.0934985003001,169.73996349329323,172.31718005218423,168.2779466097356,184.9214614226653,194.02464940391192,186.9615375442681,156.03320194048382,177.75313367993314,152.85554471025273,174.6118919608401,186.6021503010372,147.4704426326494,103.36502945740716,175.97536271636812,156.18555905610376,110.95373370993778,160.5840491740825,181.72935035299304,154.43327218170262,140.1271914418558,152.30589467938705,146.30576471661837,126.04492617249636,78.19219447569353,153.75863337067898,170.61979503760503,141.18279315847258,148.59948107766604,144.0246678109708,166.75717793831805,146.13456381843497,126.2362996022032,141.84087086027958
121.85852699723992,0.0,82.19192408904766,131.26488700809676,90.19035471852224,105.33928688595614,132.44250308453053,130.35732962338463,135.7743242156924,153.72110685157762,153.93287099027765,157.63841661738485,163.94743324899468,162.8384926186662,167.42677885106545,99.6714828549313,137.89229382162733,123.27575635436614,145.41614518545754,124.12408243091951,149.53532760550388,152.28526735968575,157.0677285454214,132.75579541592884,140.58171280393907,159.2329575525328,187.8112210115025,140.21976247534036,152.5543284854243,170.22573668437985,164.76869010329574,131.4416701173364,109.18578653078254,127.64116613002776,188.71861318893235,153.07460952884233,146.9078736852246,140.63515124423316,156.3556538622007,141.59234736047318,138.61096756825037,179.96546545379522,179.6336877110894,147.4514346926428,200.93458842436985,196.65808927060664,148.41276018903756,132.04054597475752,151.86979379989285,159.41418394687355,129.34397594620006,67.41403652166537,89.25618011148208,105.7250928565922,109.81744114975264,116.35395726363204,126.46463002994162,130.38003662621537,137.57966925038016,185.9951106903621,170.9717005577442,161.00985272634625,139.09618474896055,165.49603196465802,173.82252263303286,166.03997815807313,128.3951310367549,156.93285788133798,150.27680177503433,129.05289556774483,161.30895303288094,180.30622784164177,159.17615137951557,124.79577442965278,136.69119167772402,153.06591326034228,143.25086165796483,147.22801656701265,186.6852514047689,131.79501883630553,131.51165737767735,118.99472708762649,146.24372412393808,158.50760407793757,183.9582962836051,162.8158127789647,139.637663721025,157.301920083822,156.01814245551236,130.46640779364498,131.3206203734237,158.44473429157114,160.63974214473853,168.89973053535945,135.2438341130287,167.04945520897485,190.0702977744345,169.14338949375292,146.95404111149662,161.7053104114922
106.24015315322076,82.19192408904766,0.0,134.13270014431004,95.89023576748744,88.36977895328886,141.31700646527878,136.98148942287767,125.3976097479618,156.73792505921446,149.75717498028138,165.49809229921817,169.08766987426756,168.49194730663055,169.90152597547257,98.39482582981356,141.64533282224255,126.22838892820336,150.6408985587921,119.251771042939,146.10369686520477,152.14520093137264,159.76123286021962,141.53202739209473,140.6737039947089,161.45679657410915,194.40979415885272,140.72620947558863,147.82314515962588,173.20733346198196,153.51886878814645,137.57799602677795,102.8209151424217,123.25234570287424,181.4775886378271,155.58162549998409,152.30447996831185,152.69191377462872,156.8393032156858,151.80497942281733,148.05922865938902,157.42935091473214,179.1203460385238,162.16247681718932,183.30625192353156,193.79572133669157,154.91454790499492,129.57513426218026,150.6147013217775,159.43105058968433,126.79886559854324,91.61504724659132,98.43686209315932,120.43126357056354,104.02037818203428,86.7555695231919,130.97669964325786,127.30323557914858,142.24008629628108,174.10759352391852,178.3050724218587,173.1614378598203,151.87129521764598,165.12230936426647,172.58918100015092,169.2929537194493,140.57930047535757,163.2115654455804,136.4991284218857,125.7692674523177,154.90875253019988,182.41461752712885,157.6811304917747,145.93249489773908,146.75297905930756,149.26192186284004,136.56761246376155,156.2093324665913,172.28608125315833,139.10804821051084,129.57207804931014,119.02894860017372,131.68408677564403,147.78712834399713,172.51103324790796,148.76330410809817,126.61934939861072,161.62811855912258,152.29709959211038,136.04513172015183,124.8098854736063,168.75295690608402,168.32797415120982,155.03267071980005,142.35677717510472,171.18673946730584,181.9220135235713,159.7844212487193,139.79668343872584,166.13528747443837
163.9016185563363,131.26488700809676,134.13270014431004,0.0,97.04398291756084,151.930508319576,72.87774233258642,35.54814184682672,100.47242837927496,106.43113382584778,148.0414080050911,123.90371406072096,125.29458046027044,113.89307980033412,131.19768076699086,122.13889967661676,89.45663590175752,123.12468795803368,103.53123699971071,156.33922583160097,113.48248752572448,117.529362829395,111.37235426091988,104.70484738674882,137.99989274143172,127.9653599612652,195.71479461137216,182.42314305378653,126.7386468958561,121.56721527572022,159.76254282975137,131.06384292045624,108.46414883920546,93.57747006189445,164.66971905948463,173.20715204581302,163.40487029429408,101.63063823168248,105.70864400083514,84.33941711817775,68.21252344717742,132.44862799444527,134.00377352689614,157.58834883387152,162.43897886387236,193.8830204261174,130.78489644090456,158.24375097229856,180.76265199223783,152.23890517497648,198.90234726458075,160.69835485663427,144.96063506446683,58.63036573144306,152.2792016108691,148.2219773203417,72.51349169718884,80.13315724403274,144.8189332584007,142.90713456680766,129.21422820093773,149.08420652053366,125.52363241969684,119.8219510439092,114.63870784840232,134.58904143105485,136.74975020004388,107.83967872103833,145.6666381299426,139.15057095053913,134.32432156414697,167.974611630664,162.57151594177645,152.65726332773409,124.98494818609272,142.1477739191343,129.66610743891158,126.39928327427828,176.49455025118004,151.72758431090085,159.12442840640398,135.5516646718789,193.6938800667401,171.13080825329524,182.153175409696,180.35246751128284,157.04566466249372,144.12304486823712,169.4836653612935,163.71805572987492,185.2999528476492,134.11657182995373,131.98758714444375,155.07964448713471,158.34973823096055,168.09070210103104,197.56838767371187,212.43274216798568,188.4061609141254,168.87094581427888
137.52772370885523,90.19035471852224,95.89023576748744,97.04398291756084,0.0,110.07734305151416,120.53504502289228,99.99511016468246,103.44268164773575,128.8739083692934,143.69271223959186,145.3426393512587,146.34263856162698,151.35420784168565,156.07637188890214,115.45503628136731,130.88860013729283,123.36419489464627,146.7957044429691,132.20892043900324,133.02852004259836,151.72614669814084,145.52132820261346,132.15170565024087,142.92445843688083,159.748755676644,198.7597466100699,158.7872295785998,129.35952144022983,152.60401396633424,165.73121996607705,135.9927688646852,113.49973813587476,112.35607919188332,194.8338630435032,164.1846181300805,149.98219921251143,136.46982882650724,143.5246814977233,132.82088929547194,121.44116506194015,161.9635026985779,168.75527004796515,162.45762998351822,179.74537696447544,200.3464361806653,145.77476776593926,150.25927896096215,172.82238429409824,162.64421987676002,160.18188810018282,113.26885854400815,114.37111965938914,74.36186395138168,98.38211058598884,117.63724257469568,107.85376895135065,95.6446367469632,130.50525027835067,169.73991082809223,152.93756152891638,150.64725071263825,131.5525596299851,153.44432201030557,149.34734170322128,151.89309692274432,137.68221298579226,146.32768284165735,133.92309121753078,123.00342359563594,145.42501709666388,176.80337480610402,158.63201001837052,147.82853037467336,138.0029236199971,157.23330027998716,128.0560785348446,149.55504538539634,178.31833823305982,153.05081059421366,137.79602448048146,116.90208108980698,158.70011594631632,162.76342024062978,184.33367064071157,167.83695324836273,128.83984399581152,158.3642240208483,157.51956835398073,153.32058136368207,153.68575802414273,155.01355242583688,153.04835710069042,168.59841005806572,149.86029749023578,179.58620682129424,200.48330482609973,191.4184325426341,163.25864468092425,169.33659480606627
126.04710016172676,105.33928688595614,88.36977895328886,151.930508319576,110.07734305151416,0.0,145.5029318788394,145.20192764169508,100.79384833201752,144.22347067469127,128.02742951029762,152.88035226989194,144.502395503924,148.5106598310304,138.76112063311004,153.73784532721655,163.81275216704364,126.12765265802123,151.899699979842,92.12101433278148,131.68937729017222,182.2301206198225,148.0081814297995,159.40564333973902,142.56245257585488,163.3811095516549,173.1045816956532,153.87339488069452,121.76124471711798,159.04895547366112,151.05612485083725,147.59399954091452,146.36197338887035,148.22066727858862,188.16285095178984,125.09606799354052,146.7560219900696,159.29665154156473,163.32583170760893,156.46648959097604,163.2190729849973,166.0814283609099,190.8182686572684,161.74528066537275,183.21744995724367,180.73663498356967,155.22821168731883,147.19719576844864,128.78091389802518,140.78821021310006,134.8882982316676,118.33998446819471,128.33742810515497,144.61592284855104,47.54185234865159,44.90369265061035,127.30869357140382,116.01842169128268,140.97998272793518,166.5322650387111,165.170524254609,137.45827404440544,132.850017751914,145.67972036559232,147.37134386110296,137.7675764030929,132.22812419847807,158.3096763929602,153.6888978197441,131.46368118690026,126.2698810920332,165.53779740212534,139.35825869939146,141.87464144850975,165.19202424390244,169.44639969492343,113.3948978270504,153.94674936332467,163.99263662254174,142.0328777703945,149.17975974027627,133.94701833037547,158.12266194189544,172.9811774059517,172.58172085590004,171.2708121980857,115.71291769635005,157.59698867886038,113.54002187340066,153.64041915629778,137.28589127649218,161.52166497912114,158.5954843538367,166.4623968381642,157.6954908283358,159.77065472696563,178.48432003935426,160.72292197182588,124.55536462210536,150.15347538627657
165.65302049023785,132.44250308453053,141.31700646527878,72.87774233258642,120.53504502289228,145.5029318788394,0.0,58.92867909722908,90.84029318216363,109.19848057936562,141.38714700672952,105.71748666032444,100.47561224664808,86.6412280144226,106.23022781017308,118.50389313766868,74.44617681169996,107.1951761990496,91.90134328378986,134.75948683397988,91.39358785392636,118.71627314408904,87.75851891455083,95.739334492141,132.00318748036025,109.8911776814096,179.5386229531789,185.03992967959044,102.25567484626194,110.20875841947743,143.42123705358716,133.7654991896837,126.04368635934772,117.44204272678807,159.99880273249877,156.60913065192705,163.42447823599284,103.42286676658708,92.97249477592682,55.821364699075815,80.66537666004835,130.6178635927088,143.50526543308166,138.3249840626534,172.0367323027192,179.48036942976069,126.20522399345516,147.824978028859,171.52311800542685,134.0606424063718,184.44020394083984,161.135454516265,139.7423432145807,99.90611169020951,146.52023298174765,143.63405681342235,70.92106506643749,77.4922265246072,149.856911000752,135.84006677702038,127.82738781926498,127.30049006180424,103.23516953835218,94.58458445623208,92.47658008555732,109.44858927143991,99.32848250706144,97.17420884722308,142.75557981765525,132.45839801884264,109.8449491507759,149.8980897253903,142.48590111431122,126.14896478787446,125.27253019366692,141.29498222265215,109.88687066601702,115.04044850530391,160.3352770839145,141.60633541757576,152.26233414832387,132.1777507506482,194.7206569400425,169.1185491184732,171.17713233024878,183.4958887586964,169.7332521800286,142.8065800648179,153.5361207182773,152.75805151340154,178.61998874730295,119.90477814041918,127.51774797684116,147.1752933841387,153.96778981400615,146.5419502171694,185.2498850982419,197.76299353984007,181.31392719757665,149.4478247151076
166.2473608208797,130.35732962338463,136.98148942287767,35.54814184682672,99.99511016468246,145.20192764169508,58.92867909722908,0.0,84.32263293476151,105.89455186891908,141.5147961973157,118.07977066678676,111.9921087564413,106.12184860211768,117.97742065777976,131.60486752198304,92.12122516762804,114.19215599472088,101.90921009112265,146.22632738218155,104.01457371799808,118.6913948565938,100.96925308782754,109.6723014655748,142.1096149835225,123.88256852531424,187.4662954516909,187.4913391005648,118.04919342377872,112.586417136035,153.62432210264876,134.00427828301946,123.46993982628108,99.86974578877371,165.19093696508924,165.36913773807044,165.41101519396386,109.9054636223081,111.04550797458178,82.47042200093377,77.03363815277581,137.03842416428662,137.5003178383025,151.44547387657624,160.83677615730824,186.59240353703453,131.61166152295164,155.29687614731358,177.37835267579328,147.52698591575458,191.62436536330176,157.18284366522624,148.82048985796376,72.60018577803677,141.101224262546,140.10143650506984,48.47527745885499,62.5005417294848,147.4122794460499,140.54834557836452,123.81093652583502,135.5262576240809,113.73142673608868,111.21877191987264,103.28986383439111,121.6242831662141,126.13309119109176,104.78098165436744,146.26532146395226,127.7462362466466,119.32840808974126,150.10770387918734,154.94908898709448,145.99512344908024,123.41576330578135,147.0432306138636,119.85407550731829,127.0468236355676,164.96870125955985,152.0261282335303,159.59583685941652,136.78763025751442,194.46210194378327,173.47514418816553,175.39403693798113,184.1122868358688,163.27068618750147,146.6088390441855,159.68626584075858,169.91857705474249,186.3882663331001,129.7026078999799,135.2652111562607,157.02110704299324,160.7401030107787,164.06456306473876,191.1113823701994,206.1001508411897,183.5946118749681,164.71439199311178
156.56522420988722,135.7743242156924,125.3976097479618,100.47242837927496,103.44268164773575,100.79384833201752,90.84029318216363,84.32263293476151,0.0,110.16753664547768,110.93782610638743,125.28817850935036,90.35173611641603,91.95778141242442,92.92874609500755,165.56809432301387,125.98291660009193,111.80436500444344,101.91741823325847,114.84421584814362,98.12819955811082,154.2954833326081,111.12859212584684,141.18708873913295,131.25083423067278,139.35755816904833,169.30758530312224,184.4378967611653,91.86828887071226,127.58656724731242,137.27563169086784,137.4127163039901,153.30866219264288,132.46763962950308,171.8744028056803,133.9305593061767,155.6448748233271,122.20595114535,124.94263683392752,115.47675067397104,111.02370697868136,140.29173992720686,154.98025901917424,155.00391255513523,161.2312125973982,173.2379118568402,143.75536348757282,156.75439486592597,149.13751131515346,123.73574508886574,174.293736175498,157.1572404174166,156.61595424430732,115.40814064092916,89.4610974870742,94.21332990228008,78.76449193560592,45.95050866280128,141.3729901382892,147.67592558272185,137.29438074198978,113.78323894530986,108.05754724923752,88.80395723108879,94.72519596777502,99.2826353497008,121.15562306514184,106.0705618243232,160.67973727768677,136.8248816731574,94.01778510172974,151.20728211573805,144.04466228112906,157.25608202924954,158.63477591262284,158.76242432463414,91.01278658534318,143.7742719509865,143.27965674096845,140.32945942619645,166.13805201576355,141.91450501136157,194.5276092259689,191.55072174853612,170.1775844708351,193.11190666559497,133.86724107290777,156.64812246826048,123.03956299440225,170.96848868731524,168.5705047123376,128.9926715948617,140.57215977155013,156.2870222859085,176.87339711717192,157.6704572749391,180.8538326678343,188.18376346676664,163.26573061501256,142.85876041501643
158.560635633081,153.72110685157762,156.73792505921446,106.43113382584778,128.8739083692934,144.22347067469127,109.19848057936562,105.89455186891908,110.16753664547768,0.0,117.88900667402608,88.02888212118464,112.60107202133496,108.19746096436852,106.08775220011115,166.22311721389192,135.28069579676034,146.49607211870003,112.34253984733058,137.77682978465143,107.38832517527024,154.74352861150334,109.6136775436727,122.02511430880966,115.14735534834789,140.08416018009012,162.87405914172757,157.755408648296,99.63936254167471,116.30598375171706,147.21307728661742,124.52594384378315,144.9426439019001,142.10227477926665,181.53077536526555,139.53913508714038,127.988486192662,104.72102909822918,106.61163941743412,98.97120430530144,106.57123554986268,149.50696602265933,152.07958583619558,146.16865459683612,173.6588352821003,171.44283016401914,132.30954770596082,149.093948359556,157.8365848535398,121.7720073818093,177.9746947332852,166.15861636633554,175.83081143337222,124.43995903286998,138.8136164622183,146.9599827520866,119.9845197823336,117.77920548841522,111.9110498901724,120.80016480737312,112.7344319670694,124.9964658540007,119.75181275300334,110.6949587777114,125.46459151758812,114.349882992263,154.18575041175063,115.8170243665605,179.24381506109194,173.84386569142254,126.82116748053288,166.1008250131279,153.2390382679339,133.49741099882158,131.85569705736845,147.53910664205165,114.41050155762436,127.403882787935,157.09942827161188,135.0559096921263,169.172330339509,151.1211514307347,190.1122564950925,193.6948579111932,190.59449648568096,185.20456649752325,129.42246937437503,133.20106777297178,140.8267740684899,173.91966828985676,165.90497059173535,97.98005358552967,94.75038514743382,167.0969930251831,140.66662957643456,154.9218299274997,188.85779487204,197.17038764365168,169.22826394185583,136.91265559324845
152.64878313939158,153.93287099027765,149.75717498028138,148.0414080050911,143.69271223959186,128.02742951029762,141.38714700672952,141.5147961973157,110.93782610638743,117.88900667402608,0.0,112.164242279236,130.6690488247923,128.49663631155542,134.3849372772402,173.51301483211097,166.88314731588912,150.1999571619588,128.43818369587808,116.80159646335188,140.34539375353594,166.54035633469732,143.55316103823068,129.07724504874074,124.11537666164293,151.66066520301905,169.02394035246138,163.5431698463078,120.44219360744364,138.30587952001636,131.17447046891095,128.98892688393045,159.35420686397424,170.3071908724446,165.26378830532593,141.1296289925982,152.18447505431408,137.06358044787726,129.93582956020776,126.625550150637,136.16413478970262,133.6395236307518,162.32379062019317,129.21502339202488,172.83014654929866,170.14699581950612,143.40136623373184,171.24233867388136,139.2490367302794,122.58723939425406,163.5354455978375,165.10037105753156,161.7994468204607,151.48205998303823,127.655839899243,121.35529021150296,133.2531386656933,127.64170489019932,137.7728957866695,118.3306375723767,153.2887584482984,137.87374552342936,133.74258838006742,125.4886418373203,136.7620443444384,147.21560665926052,135.7643441330126,138.64379813510757,190.2927951392265,171.98761493819666,138.10140021631224,170.6001645453526,162.15799245428494,153.48038473367598,163.93495131640557,138.16527884977063,124.15012569253236,151.40007372475773,143.7705506154333,127.9015731428108,185.29396640420944,167.18359147401176,183.87634602555684,182.18400252432656,171.14075354967198,189.3050722669552,140.79386105065782,163.51612763002277,138.38113115417727,159.21201329467092,161.65647456295406,123.65442450730325,137.7836502095997,138.78550137232233,163.45617939446896,125.90649368475262,171.50249876055847,177.10858599613164,152.04886858029118,138.80454887639746
168.1587832194267,157.63841661738485,165.49809229921817,123.90371406072096,145.3426393512587,152.88035226989194,105.71748666032444,118.07977066678676,125.28817850935036,88.02888212118464,112.164242279236,0.0,118.38926316163511,107.50511925523048,104.64631202042165,164.95631556637892,113.5828037547708,130.60383480480823,119.6446126831898,128.05514172147343,111.46445176532588,137.31095876202858,116.91837066539505,94.00120981100812,133.98194691739758,118.27986351990688,157.83421077501856,170.504825870027,92.5041629997001,118.05897337245372,144.26322740072567,148.196745695863,156.3259764214659,147.35566063053932,166.40063047038225,134.41893102554218,131.41283765190963,122.74718657868922,110.25379058506893,91.99593839559822,117.3652960867789,138.7264489554653,134.54454454845478,127.28075676371314,172.28300370901837,164.5968555816574,137.86309140748756,157.16665476585428,148.23291976840974,118.51712157673089,173.12574760044157,163.27609335867163,165.3625408687382,138.82855927380152,150.3115684017847,152.98634978170813,120.23848455556546,127.55404827692448,107.76639520289244,101.57738295483917,104.19229570448294,119.831064385676,126.31548542167772,119.27470446926168,121.5280382520684,114.158014899309,133.85289715778504,128.33304132760566,174.75751685353836,156.54189113096328,119.20125058378856,159.21826358529978,147.15947742383594,118.94011630358315,111.72540595403824,131.71069409354246,117.40021017602042,122.13593197730674,152.3449938153617,146.04107112105072,165.59750530833122,153.6321740096301,180.6023114239055,174.7934864830346,178.2004238510164,183.1328715682667,151.60266306528814,151.52284274273703,131.51332302916316,150.7819990054213,175.89210921108378,111.28678103118452,100.43761439642768,146.94941275154235,121.93490310076268,137.43192192614652,178.8739238655843,191.17194105189915,164.0604716276225,122.03739520595109
178.43887487810926,163.94743324899468,169.08766987426756,125.29458046027044,146.34263856162698,144.502395503924,100.47561224664808,111.9921087564413,90.35173611641603,112.60107202133496,130.6690488247923,118.38926316163511,0.0,73.1091765276608,85.27818554036824,172.80892569321875,113.18082401339116,131.42480568780567,105.38250138008738,153.58952152100386,113.47700399375164,158.7279865213303,110.80157759207326,139.36107553622278,136.40892896360572,102.74215056800804,145.8801221134503,182.47330026098973,94.61445843499118,126.60875999034062,136.73529931025183,143.42489451105038,170.90017768337077,155.42639993681743,148.59433541734876,118.63323874097824,143.32893986430494,120.78448109614368,117.25194186646652,117.0828659960164,118.93044520194071,135.96385450511758,149.2584695068934,144.63704115445958,159.46007335456696,149.6097601050942,149.2057411959418,170.5116550925073,151.5403619771154,111.40654892170824,180.1812686031676,177.83331310464885,176.82227594398196,140.63118923627712,135.458546072594,141.74541731620184,108.06965022571032,102.67630118115574,159.32232004372975,140.37378895393485,106.95906229041312,71.7043558602517,99.58699605191627,77.7475295976225,83.5418403855848,89.87594886800845,118.6526008144399,97.17322357216575,167.6430601935042,154.6137834482476,99.04682153175185,127.29439152055645,146.33122327896243,148.36995963305594,152.40990759509322,156.0070993368397,105.95150135163708,138.53262586525642,142.62645369542545,145.49892812757818,170.81526251308486,151.22712341338467,204.68758811147137,190.43839285374983,156.54109262826654,187.8466536477404,142.99683275104246,147.60782867782896,120.2187999257284,165.7141166416033,179.38450898464578,112.97653342677938,126.31700792629609,156.7481088995012,167.41379205181863,136.24685446351484,160.04920734321007,184.7945951183869,156.54377372031317,117.23253073089404
178.18760299221438,162.8384926186662,168.49194730663055,113.89307980033412,151.35420784168565,148.5106598310304,86.6412280144226,106.12184860211768,91.95778141242442,108.19746096436852,128.49663631155542,107.50511925523048,73.1091765276608,0.0,60.847589298672894,164.6594904905328,99.91106611209617,110.08194227558442,68.99893439702741,137.3050635614986,85.64823411084276,151.3355575368049,77.87608092975172,123.01638667987292,138.6951396202979,107.17738981920132,142.3254702191403,180.65712512528376,96.11811621097036,95.9190726136657,145.54710349118577,144.37224410837405,161.73757604980858,140.45550487950618,154.97318613279123,122.62297484532164,144.937538432766,113.54497519319844,89.35940310462205,101.92350844140014,93.37310592496904,138.8820099093352,139.72895972918957,145.77646648084112,156.54859644471117,141.51362680069997,122.67472247436608,152.8252917591986,146.89215653359662,112.52502752765298,177.4936319653591,175.4508980115888,174.4530747987127,136.60287268593518,144.67990226602888,144.29034092793023,111.3955063722448,100.06064024821112,150.7334147959984,124.37873361371508,113.91406303838204,95.52976995635277,96.64947355819548,53.59500006436397,49.09410213919528,70.91516905144852,126.01134528923642,76.3153051021619,158.80469572692152,148.93068231467993,86.09410471810257,137.51092635778522,123.85512907600192,139.67978978686327,144.71849523415338,150.54700786075676,107.02094923185028,122.83560322153949,151.42079391590266,149.09564539369404,163.58511449602935,146.11405318810893,200.3828193420264,184.77516566430825,159.35246293077242,184.9123917167121,154.86579291585986,149.08416101018582,130.7019039493632,161.69183803417215,183.13157843218448,115.1347825946398,113.93383199444423,162.91761631056448,160.63864239109233,146.12449512696116,157.99984329757092,176.52111806793786,162.03453227863784,129.20195130752734
187.5127440564628,167.42677885106545,169.90152597547257,131.19768076699086,156.07637188890214,138.76112063311004,106.23022781017308,117.97742065777976,92.92874609500755,106.08775220011115,134.3849372772402,104.64631202042165,85.27818554036824,60.847589298672894,0.0,184.6947759898009,124.9276083325891,121.56897075071592,101.37638473224818,131.10180402566078,71.21571391339201,157.30541830316042,84.30777806469473,141.51297114509796,155.56524935616503,129.06919777079472,116.83961212201564,173.7521853325002,77.49910391678745,95.87798277090695,151.3796272171254,163.1513716107809,177.73429538072628,145.44781366333086,160.9943856113439,117.14388932298176,144.88722771643535,136.10529933496525,118.07608421433466,124.1400857420166,119.41949225214292,148.24959163950376,138.38979498766955,143.5944090579299,148.49633589627257,127.38158392911922,132.26176964190142,139.2926420313563,148.77817346654294,122.77079531072263,173.04186369253097,174.22543484540705,184.48901836487977,151.8216699379433,127.54455042558354,135.50855195336686,111.51649514114467,104.65056032127472,138.59539942802138,133.75244933314522,110.67426324823712,87.20284708415727,101.00043903844649,81.44048983560602,58.1952669634608,31.88759840518642,134.93048865420906,100.16572604235452,159.79429827386116,146.64934759890178,60.46841744890931,130.0504368774982,113.88852749458226,137.80718618714872,147.11624664061372,168.57732404890126,81.71891315637913,113.53748272527316,144.49313159844053,165.3708870498698,160.66293079335549,152.1608915718287,192.2772423764411,181.77293137975627,150.15251757112452,180.35814163721716,148.50027509734798,145.6951890238973,126.40430144241452,166.88806620272914,185.3256820138614,130.5111337931147,116.1334437865399,165.06597814553004,154.24223436911507,151.10367249775317,148.8958359436068,165.2371394898296,157.49545969851806,130.3957899540962
112.87274932557082,99.6714828549313,98.39482582981356,122.13889967661676,115.45503628136731,153.73784532721655,118.50389313766868,131.60486752198304,165.56809432301387,166.22311721389192,173.51301483211097,164.95631556637892,172.80892569321875,164.6594904905328,184.6947759898009,0.0,113.49061666627814,136.67687556828153,137.64963291314274,154.07976393042293,163.3647517699044,115.84455765689208,156.73054104680227,118.43270805914372,127.09986165414564,144.41969858760683,196.20483821395612,146.66195723327778,172.54751400134768,162.09297476107577,155.26739268107883,123.29707105449783,74.48946374893531,120.37445855276924,170.91046607079704,174.90200652181008,172.28000607641258,130.6375073592299,129.09612989701893,119.32980260758671,128.42611956036285,150.02649089073293,166.73703523649604,151.30962380908716,194.06974893024005,188.23971092704048,146.10095502966834,141.2057000375752,161.62293389260418,167.87554291582836,145.23589186556177,109.6000757477456,89.5135948456922,114.25119395721391,157.31033218292131,151.31693284914763,144.6733742525979,150.51383401092164,160.87193120847925,167.1634797553416,173.97443822899686,180.6342447504613,152.39874652866558,160.4760889169641,172.33089682264026,182.03442147623684,124.58755382369802,155.77322888864953,137.27565655312748,139.73564316297478,179.9666025069078,178.87563175579427,172.51110141767634,127.97213978100676,119.19193394174548,133.28836542886216,170.2475733619191,151.21546185178474,182.64723148587504,138.7013756912914,136.23070101317433,128.46318845659815,136.15972272754584,139.71354439392212,176.9979595396249,152.7738519646404,169.37202108266067,152.68170845396708,178.9368144053932,114.48028320457718,133.44338780119668,151.6663309804366,162.40049147430963,138.62978394943264,128.72078061626215,153.99152331735337,182.42887627763696,168.6932170030603,153.26854288368656,171.35192235729133
174.658596007354,137.89229382162733,141.64533282224255,89.45663590175752,130.88860013729283,163.81275216704364,74.44617681169996,92.12122516762804,125.98291660009193,135.28069579676034,166.88314731588912,113.5828037547708,113.18082401339116,99.91106611209617,124.9276083325891,113.49061666627814,0.0,103.3881803493798,95.9957889138231,159.77080237782266,107.99867065398686,93.47917309299037,97.0604191817792,93.71761688455138,158.34612751710142,99.66995162862072,168.88217579022972,172.33040507264394,113.3235379563115,112.45875783645808,160.74976918610048,156.63409569188804,124.58331391128888,95.95446611170335,151.32093378754405,158.33037903729735,147.34039765525768,125.40349015436144,100.91784007998116,90.3592413306956,89.40950133947072,132.66922508248868,122.7240989662303,135.42517102589034,161.2839162840755,163.74159894148488,120.80100758720825,150.65137062148884,176.95581581152544,149.13394565919907,179.90487315850044,151.6168768557229,139.94624777554017,103.83666515554664,159.9865446238314,162.1104150887307,104.08476151945383,108.42986119398452,145.407102826247,141.56924159620348,120.13334588734878,133.0601301163373,118.0608918948071,111.60243421412189,109.58808664370528,123.28734310797051,118.10123432088731,98.1088777562646,128.64222826287238,130.74471480445325,124.82327293233352,135.1905910086797,143.14210949874862,129.98595262935797,101.05658661154746,139.11196520310864,125.77950467926834,116.29741439895308,170.7075515426099,163.7472009801443,141.0559366271196,142.25282537898153,182.66761588943763,155.47449721863202,161.59364582736447,171.99857700619756,172.6750225098919,151.89408184563513,166.31085199185904,154.92578019137437,182.7471321816708,142.43804263298497,133.59021671081018,153.18416059908262,136.58006709422443,154.62240958787632,174.41530770144476,191.0040644003732,184.5027530950317,156.49909079681606
162.32029477008908,123.27575635436614,126.22838892820336,123.12468795803368,123.36419489464627,126.12765265802123,107.1951761990496,114.19215599472088,111.80436500444344,146.49607211870003,150.1999571619588,130.60383480480823,131.42480568780567,110.08194227558442,121.56897075071592,136.67687556828153,103.3881803493798,0.0,107.92200880344588,112.40234320108716,91.0717785614114,132.78940523853993,99.00211068479987,125.02466974391211,168.55890565002633,130.2716752446412,172.13352157829206,161.46540085144545,115.01470663714449,121.5980329354615,169.212912835446,169.3755776055596,148.16044777682347,99.1096985247934,175.97681924302967,131.06242805072318,141.3792739985699,157.2463833151579,129.239039773544,120.47473738598164,106.268426674709,156.4165515912063,150.1657940817302,150.3126427329259,168.85004128705253,169.88237726035197,111.64022161122614,133.99584985077848,164.14613776822102,142.08937313812757,165.13985682139872,122.527970263951,139.74753434474167,125.69612700284485,123.06931394801371,128.74999833207085,103.86335590937104,104.75633667471924,133.94089524625113,154.16216980267467,142.9596163844289,137.3090977295126,122.67251316119751,124.93209836397838,111.89421319478473,120.76680604832896,132.3704898245528,116.4210228370018,119.65948991913736,84.3922845056247,104.50755266439435,147.35434030727168,122.2025513697184,131.0925433363417,127.8837876860726,159.25968329203116,115.56841817373224,122.73670115140186,178.44512070141195,169.41856893978814,122.19147764024736,114.29004830631472,173.34606566497212,167.5970962093018,172.11776146872015,171.47187661786097,147.46286286401397,160.330897204821,139.84968773911592,149.78778205165798,176.15306708572058,165.1795935287106,152.40717602181547,171.1335482095788,155.52525128680043,164.096379871056,178.43608962572705,176.19705965054737,156.14430634853454,152.4513074575835
159.912939615167,145.41614518545754,150.6408985587921,103.53123699971071,146.7957044429691,151.899699979842,91.90134328378986,101.90921009112265,101.91741823325847,112.34253984733058,128.43818369587808,119.6446126831898,105.38250138008738,68.99893439702741,101.37638473224818,137.64963291314274,95.9957889138231,107.92200880344588,0.0,140.10307530986782,96.21784909265916,131.22815063211866,84.85308380794528,115.6197299610708,142.0675687468255,132.02254144709258,169.28580681507376,172.09841029257643,126.88383063462324,108.02107217145092,145.93141021116742,130.15119680371166,138.22853751380958,126.85304633702634,170.27784443807167,136.3391490189902,144.90996964161795,103.63015676542037,83.06005865052151,98.78449563434934,88.82126733104118,143.50948553560517,141.89890487397986,134.05585649427582,168.65786687051053,166.216015709889,111.34199034736667,151.25372923218384,156.95242487269587,108.0056337235394,172.6199255322845,154.98862883834985,138.69913228810424,116.9930207823073,149.04158515300344,148.82947394128962,100.41539266478262,94.51707751452577,154.11330976460374,142.05547692740208,139.4705972313958,125.84088886317944,104.30175669887028,77.34787563114617,95.06938722506756,108.3867843172225,125.7323188953414,71.27895726628918,150.13900799505154,145.9989665699067,112.2042913485122,153.58868813731743,143.52594800446087,145.47911068359406,137.65523250757388,148.39589905943126,127.266399664897,120.39005068883792,161.7437813609818,134.9497373760953,174.9646372883413,150.10556720342123,191.86335681039293,184.012611100518,181.65757570215249,189.6506270981792,153.65886707367792,161.56594536058478,146.18101605319683,161.9664238616214,170.25777415353974,117.39953454048415,124.4438054948042,156.72313260011703,153.43877766852512,150.93363316032668,178.4214955519285,186.05089094279023,178.29671014719366,138.0715632198753
132.76117851478597,124.12408243091951,119.251771042939,156.33922583160097,132.20892043900324,92.12101433278148,134.75948683397988,146.22632738218155,114.84421584814362,137.77682978465143,116.80159646335188,128.05514172147343,153.58952152100386,137.3050635614986,131.10180402566078,154.07976393042293,159.77080237782266,112.40234320108716,140.10307530986782,0.0,118.71535515206858,181.7156268863523,133.9951356875652,138.81347978897494,130.19210311235582,165.8029089324185,161.39345671491805,144.5086000937646,114.8267504471233,148.73423391555332,162.44786403681633,150.9181910561026,149.47265022805118,149.15429830847404,196.60073925353063,103.30629127958414,140.54287382740347,157.50974109026316,147.45618287455727,138.45944637405722,146.93573798451024,179.55452393083945,185.25762726373165,149.47330628320063,199.6451280144703,167.09588013927046,139.72112221030585,127.70946714874958,115.87304180564068,114.22418623858752,124.17534776847847,125.88034635836291,140.97939312375252,154.85629995283722,101.04625119653112,100.7646778794935,133.75647727219098,122.4783283538844,137.32232186491802,149.15212939068834,162.7733719133606,143.22898081154682,127.99201287279207,141.60181070181795,137.1599400243821,140.06455961519657,124.81332489510972,153.48550877953113,169.7904517496097,136.09027287554443,120.17855858448962,173.49231740472237,139.95771912615916,130.58665531979923,163.96449678209552,165.13425038150166,114.0258181690624,147.0429049808207,164.90902525089945,133.3470851138311,157.5006392689808,129.16006482532285,153.3890018962572,181.17212819197024,185.37908036398187,175.1559088417,130.14038708809886,163.43267822343716,99.72453196024026,142.2842386593735,141.57740911518556,155.22832168863286,147.50057188593777,175.98577915599745,162.5486875552533,150.12021102198773,170.44400422963582,148.3403729870963,121.54130890166178,123.0631209207883
177.2177460645152,149.53532760550388,146.10369686520477,113.48248752572448,133.02852004259836,131.68937729017222,91.39358785392636,104.01457371799808,98.12819955811082,107.38832517527024,140.34539375353594,111.46445176532588,113.47700399375164,85.64823411084276,71.21571391339201,163.3647517699044,107.99867065398686,91.0717785614114,96.21784909265916,118.71535515206858,0.0,143.8621896126055,62.89524322079952,126.36765931588874,159.53820584870488,139.2838642838094,147.46617765276568,165.21726179967175,82.92488886165555,86.81535370015023,159.75620856450962,159.3176704177062,156.86261270020944,114.54997093001532,172.03975932705393,136.35111545527622,143.35166819906794,140.78405498920256,127.1447445407232,117.53553656878265,101.43225805744208,155.68983411197007,137.81922919143014,149.21062442525482,157.80554007177432,159.72918414509212,118.36587739262714,122.81478111755148,171.54544860941678,138.44203536736998,172.78752640652394,157.48734640169764,163.32345495318208,131.47507657959943,128.83381723662765,133.0400316999353,103.79621545476374,86.48532048695162,132.8605654813486,136.04717779698058,126.76122164423045,123.73481435966778,102.7381269089589,105.7365843721987,75.56828410331298,73.5944562396829,131.35721025148462,102.01221042227635,133.04463434811686,124.84141975944974,53.80494868353696,141.80776830627838,105.94616607340215,141.0835844576525,129.8102619710474,165.53957246474147,74.89280564742123,97.81074963003684,162.772402679231,159.98039156782477,140.07618494970413,139.42348129899065,180.19746119691644,177.56252986400983,169.76789611789465,176.25890066176106,154.53748070411098,150.60298378908544,138.2246742843239,171.86015911188525,187.42360475380585,154.6253184123404,136.36382877566092,173.5552360586658,157.01084389405798,161.4495261086641,174.6486511763838,183.280139123112,171.1416738315109,148.44633271415918
