0,1,2,3,4,5,6,7,8,9,10,11,12,13,14,15,16,17,18,19,20,21,22,23,24,25,26,27,28,29,30,31,32,33,34,35,36,37,38,39,40,41,42,43,44,45,46,47,48,49,50,51,52,53,54,55,56,57,58,59,60,61,62,63,64,65,66,67,68,69,70,71,72,73,74,75,76,77,78,79,80,81,82,83,84,85,86,87,88,89,90,91,92,93,94,95,96,97,98,99
0.0,159.16189237220635,130.7986320190251,188.1835876212551,193.97105531337667,148.88747032952693,161.7155418434933,158.0817167240733,153.57495183384555,175.97566462152105,174.63419380076266,200.4156414457332,202.9596832875936,206.22252949669576,190.04041498759895,122.4705792347864,213.46293861767805,177.89826299649712,221.5376368695393,184.03117917970167,201.51456158670845,211.42455830118288,200.41747152500173,222.92731653897965,187.05491127410556,225.30307953851175,198.45960309746715,212.1982131999877,206.4084743720597,200.0311052035747,178.3516436485839,164.71213263076658,173.8089441291778,200.21927627728087,198.0120489606128,183.22126173606148,211.3916037924076,154.62921372636174,173.3610081535876,177.49187244481118,166.62819256129308,197.65343191991735,195.49742150799077,198.3247639240161,209.80326071795827,188.76101321145285,201.90425130193267,195.00815940537024,192.2462126681212,209.4546311853929,204.50908916638548,130.8011042082457,132.05040332898534,182.39522400907288,144.31384258496428,137.28179525729126,182.1513609918521,153.48918953020384,184.2376573855151,214.53053197760403,209.65149620590924,209.6246457068981,216.2583652079824,192.66344569617135,184.86731614949872,191.79102220657884,180.18785437917316,216.0782277235792,219.20150391411815,194.4037570984712,202.60139803379596,200.54931754156812,193.70694225448705,211.3104056958566,216.31365928921548,200.69499012245925,196.00092044263044,201.2514804579017,190.4646350054709,183.44243464385067,199.99820028822535,192.85698383001017,211.5551518986982,199.60992960184595,206.31735084391565,198.4254391953274,200.15720805932855,208.4673565826672,194.99168917225325,198.6836935597911,177.00789633217323,184.70005561176413,181.2212678565915,195.7065962395272,211.67959931937585,200.9600585305499,197.29415984919984,204.92860711061104,202.5092132338616,218.70166465763415
159.16189237220635,0.0,177.75517112132667,154.88660108659244,158.5916770495286,178.90007279784845,197.35326664258056,186.1121068262765,179.48542414249755,192.28015031481755,184.3426297995762,179.15058299105925,193.0269833424058,209.12996692488537,172.51779680354696,111.88200922054835,206.8630818805724,183.0989515045182,216.4435411071625,173.688654838548,192.7457445454342,218.1411868390672,183.51310622102275,213.59221133913468,199.5978214766982,225.10500352714777,178.23503888260274,188.4253255150421,195.0119090968256,181.29464977217123,211.48100951155425,194.82960722980488,188.5333776660231,208.6945877285899,199.0238136917908,180.82604563230728,201.294598051524,194.53710898259175,201.8146371315383,197.9932548924358,196.46765151630152,210.2002451762812,202.05683598087413,197.71930873166616,207.949821434008,165.1422567510057,186.3361270922917,182.5468595173781,215.92699467896225,230.1699916231161,222.6363715820136,90.97464018131762,143.00931496523538,152.28524410845102,169.95553320887018,192.66644658290528,222.2569208167108,170.8517906657669,211.2332689365533,231.40111915647427,191.2038846895809,214.2735212718769,213.1092115996679,194.6885076299292,190.931162132474,175.5186239966622,213.0165928020468,222.94394943301117,222.13093033701665,201.21794118965795,191.733377834159,212.3396437688546,179.18919036662282,228.65305955714047,220.17345599990887,213.3133900607206,184.70018564824267,184.7744623412569,210.6568562241604,207.43716600732637,185.4999597961883,211.384501387698,203.3982472596768,202.9613380714547,189.7316225745002,191.46531899887955,193.13795074927228,191.04409341336816,196.41309332841723,221.4408299448271,190.94386358351903,187.716362736716,185.24743945359785,198.4959656646761,224.2088167750024,193.05171741883655,178.23905366013932,177.1126229541796,221.18813478417167,227.879940703533
130.7986320190251,177.75517112132667,0.0,198.2923495794916,194.23973833229357,92.89790217267088,125.06510229829274,120.17144634107063,131.89939947888237,170.2638619088077,184.9575037988776,190.0026067899225,228.0921183084424,238.12986268178764,219.73777447122853,126.126973851565,232.042086034054,212.81949931797308,248.0874422185576,228.11921591098712,234.01597080922875,244.0720118861082,244.99325419886785,211.57734531806835,203.65392774912925,224.01948738721023,235.7015034744358,251.40351549467889,232.3653371685629,238.8301415072501,205.0305538085568,219.78995246298197,228.6794359269204,226.901016147672,237.16353549401148,186.7759769552268,215.48740315810443,163.77420622275287,139.61037612678038,146.85487325630004,179.58657604303374,208.69234574721727,214.2606606748901,227.71469450411087,229.20174822438148,231.7097210714932,248.1527038676832,237.4050604067889,175.6111854554199,200.78700553522785,223.69759670100703,152.45684278609912,159.53856443452668,201.1504870047503,78.46942554695093,78.03177407203692,133.180436498909,129.74079667390362,170.67345210243528,210.7367986273266,197.54876087473536,230.6951369655789,244.54927015957884,223.07954866920187,219.66047947164043,222.36571678545116,161.50003450380393,230.99279267556165,232.80891324446685,206.4155848130556,233.49294897108427,235.071212527986,233.02285249432288,179.93030404203003,209.6679729469041,178.31596109297482,228.0657936874009,231.5896105708396,209.47582361431725,212.11382976273435,216.8954452541881,204.65429124547984,222.81001887537028,231.50548318192247,232.9182163653516,238.65062264527657,208.82391726578635,243.8071173537424,194.9715141111512,170.06774923859342,206.7926742353963,166.12798828726685,150.49420775141277,198.37400430696164,216.8698818951878,231.1800227885996,231.2780875732894,244.8685177153693,177.02168475701754,202.82307515376465
188.1835876212551,154.88660108659244,198.2923495794916,0.0,167.20764516568136,181.3719849533321,186.18311546511677,171.1279949569718,175.2791733702714,209.74695495743885,189.7262223143003,183.3360444668342,168.00603353838324,170.5527531729798,144.88046136657215,168.44408349926675,185.7611983643698,158.9402810299839,184.8938788764952,158.27759847322244,171.0753639354997,189.63818056171044,154.51623829532804,196.69291608748216,209.56392073091263,192.9487337210321,163.21608134129906,164.33397408609576,157.59467453015378,166.6865266695548,184.96010704955512,152.91971023531556,166.42963442643477,189.77368871766112,182.36589369038572,192.42591286393304,184.02067473133636,178.12977993288774,201.9281313568754,197.9682850401038,192.85357120479108,177.98690459201185,181.7054320040357,186.98990138819272,176.11531720501443,164.9367309646658,170.79974270700143,172.02566120458718,218.80585983071808,218.85009619893924,216.9822716367532,152.86323464243782,129.1776057631982,69.00025338899,175.9264957334462,199.1466844448854,192.50576631549345,163.74284503954465,207.8337519490613,215.0463243713025,184.59210444423897,167.05287930209658,163.29316422502217,159.44262892217108,162.50533576308314,153.82751632499136,194.40920161896764,180.4779202147163,184.00521917310888,167.05770528061117,159.1086968157682,168.21246041272224,157.32261224394966,219.1558174192517,190.8189289486839,192.14683532830327,147.1188737342515,164.2950178691166,164.5305626649806,183.1875891485198,167.1537652981932,184.76228177365337,187.93358944025775,183.21040282766396,162.1982547042984,168.95307534709207,166.44106955741182,164.92245273273372,187.91354844066677,205.66195623965973,182.5327838894377,178.5349069086292,201.48440540034744,190.7560210203059,191.61506788501987,184.4593265398076,168.44611115260432,165.3192319937172,229.39136809431096,224.2885105142076
193.97105531337667,158.5916770495286,194.23973833229357,167.20764516568136,0.0,179.29271966928405,208.93557934102213,196.2601232157005,197.0193460087821,210.4152818547317,194.3251501890611,172.4056125909558,200.7226858086728,224.50323367482375,202.70380796861417,172.72840913463432,185.39174207503223,190.16780676497356,222.24687098318407,186.8587184519701,191.30927352881585,208.15282285458017,202.4205779021599,181.14107875626863,186.07977750939696,182.5583690771079,196.6420104509624,215.0422783900267,187.9801983367351,186.49529241513568,210.79119847269143,213.26565727661568,225.4844707069065,212.0224433520428,208.079579545357,194.07721031366864,194.7217990645757,181.85491869278476,210.60145522884395,217.4724218550376,206.39079382986023,158.10920686240013,199.00746214848425,198.67368368001905,204.29048462131917,200.95226584379992,214.7004671484387,201.59149090450885,211.1884922759233,229.23832611621003,205.3145301107175,184.13225759986284,198.08430950175952,178.00277386678846,176.84916643854575,207.07118485216432,223.03478771962065,195.00444074118133,219.4502269240041,194.40479123271533,172.784117352225,201.577380819578,218.2835614142313,208.7778449103012,211.2164715071391,193.88605122801653,223.2058772357069,214.65949042996635,218.46388455058693,207.60316260555777,202.1062823187468,203.69629448211435,199.60803953816983,228.53368930018016,184.3721244666284,191.42871092797608,185.59822984571804,185.4116297161318,212.3366719765233,230.38744660000955,200.91990345942145,226.45559193297643,213.82306766587104,210.21846229576312,195.76389973364007,206.54199241988297,173.88633908023928,209.68928309858808,194.9976820007308,229.39405516502228,229.1171936899688,198.02227552411043,224.49795008560108,173.99215706571363,201.2695144000081,206.96733955599012,199.6453563402584,209.6571808237295,218.6976233061568,226.5024029438005
148.88747032952693,178.90007279784845,92.89790217267088,181.3719849533321,179.29271966928405,0.0,116.32898131778455,104.04085373361414,96.91563954394243,147.74538583170295,176.40592350060143,173.0819363231305,209.6471453307661,235.84643867256943,219.6734850699899,144.19432590615125,215.09901388634503,193.41593473414,246.31457088308863,211.25996512278877,223.79571297976312,232.4730531862544,239.2969682045927,182.6301038195583,198.0659778092292,200.9535391957645,223.64369605891125,239.38995637273248,216.43897672668635,231.0658565242079,201.419609147553,213.156077428452,220.3161671291715,218.20562671862444,226.4904111711476,158.10652527605532,209.96498294012207,152.10362503886176,146.868798907018,135.35819639366832,172.19600286170262,183.53562717529147,211.5142379554052,217.76194585184504,228.42954652390736,227.95166341345097,239.2898322083064,233.23357791363836,154.57791467799234,191.08073999238223,216.9835426549981,168.66668301356444,160.21716375716898,178.3890822937006,81.97886700659171,77.95030026340888,134.22367960540157,111.7358128043998,156.64940245290677,181.8776467901673,166.49499043185045,213.8264705958932,230.58990368571483,226.56888024539887,222.76508804954315,222.34272177819383,148.87287038420362,222.844603615059,219.381353934154,190.3120529145238,226.62066535986267,224.0801821036568,229.9975928191141,160.21417701645106,175.97684078764743,156.30970421295217,217.09543558175005,228.99011718619843,203.9085906648699,214.86714030020715,210.9860761180248,205.45042062776764,226.22859200643225,225.18236326533645,220.1689578040112,230.28276669031328,199.2938317123564,235.2835704473376,168.830176092856,161.07609449219524,205.0587923767504,153.45562420413228,150.78410337910628,177.60895689306554,195.72808372709025,225.38541144738704,229.07671559868191,242.4843005698225,155.37046995427028,185.6329616373073
161.7155418434933,197.35326664258056,125.06510229829274,186.18311546511677,208.93557934102213,116.32898131778455,0.0,89.95784735993851,121.1102194199592,152.47275575769044,167.43156651352805,190.44875833723492,231.61762621653992,235.8232947588058,218.6970957235752,147.1391675535322,232.35220476448728,189.2061668883832,246.29507586645357,213.6787591194128,238.2649814705108,233.06583925512024,235.09063952569707,205.0860163332616,193.8236160431769,210.9895362942717,235.78124457829267,247.1755344590976,227.757245715352,233.71627682783597,208.4228151942501,212.41449545599423,209.5204976485087,223.8093276499052,236.16420146118543,168.22212269788338,228.40586419020423,145.0260073660499,148.26341997549122,116.87856016255036,176.95589046424976,206.884523517814,210.1828920596835,243.87915035990284,222.3943486180317,232.1551509025268,237.22363554397,239.7078143317225,154.77531514175377,193.1313474842898,213.75557222746195,167.0331030131504,155.58108556720092,185.85898524251007,132.48443068302691,100.55878237293696,104.537196593837,118.65325153571794,154.43405916116586,172.50826856069023,175.9734802778329,234.6346119295958,238.4928986749992,225.05172096941183,226.77483887436983,223.84493374490023,108.34486912448548,231.5708201908016,224.68751127478987,185.74413215920083,228.7594836105936,234.43578171244388,228.0489167715699,127.96097594250676,191.436957099283,169.13476359945548,217.480026085144,238.67453667616127,204.05421004346252,209.68097197177832,217.8029057672408,190.57086279451,229.1164853383275,240.96566588521145,235.12967165391535,235.1134783654076,212.93462691095567,249.41452189805293,190.1273528717128,151.9645344286686,203.2269114209935,157.3108616342755,132.0308565807781,190.19861817429967,213.55722558206716,248.8691292842455,237.6551742630343,239.16183812084645,152.3366236073951,186.8563850020696
158.0817167240733,186.1121068262765,120.17144634107063,171.1279949569718,196.2601232157005,104.04085373361414,89.95784735993851,0.0,97.86619999320276,142.97392693367055,172.83304052060942,171.8474596097984,223.08221200320932,230.08190126770927,209.66807636093588,129.44033450843466,233.6419378604429,190.7103000736964,248.04108586893005,213.98710932456825,225.14553933208484,228.80457833922816,228.74446657503265,198.8086400113189,192.9884519202876,205.83704527327407,226.7476423969944,242.0550721951808,220.3751835411356,225.7269399720852,223.25597674027972,216.07450155731067,223.538662531694,227.66142981865403,231.054666514514,172.80681552270258,218.7533774880244,142.40293998715606,129.04873228725177,108.01957530348814,169.0782850480152,207.5921600303799,213.7424729350772,234.11281234022837,226.43182497054863,220.90589234649644,235.01557796408264,231.13922771716628,151.1153851436723,201.02790951814947,232.16623061178672,149.9534241105048,145.35118456354417,166.40311249489676,102.9163797839466,99.721465848783,87.14128743699591,81.78122675846318,154.25392223616552,183.42212030858437,185.7939562024509,237.77623568315164,231.50785662847835,220.2180623345781,221.12634066389484,211.96935272608332,117.34033673656256,231.60674515505724,224.8254593371646,190.47259143786192,219.76056021053336,233.76698610534933,217.19070512228865,139.51838236431485,191.03100426472207,161.2963442324707,216.7737715803698,230.2879584505413,217.4584720618416,225.78174431779016,214.4619250592601,201.3047148208977,231.98004575499152,239.52823781679515,225.67604473584709,225.2330556442764,212.67130218085583,245.1894872460556,181.48890131583,154.77813588444775,211.9307719815772,126.65099969074868,113.76328364840032,199.16143389018555,214.00666901097884,240.73057110387168,228.49545796035855,233.58833311704015,144.4858192524884,183.88983197646843
153.57495183384555,179.48542414249755,131.89939947888237,175.2791733702714,197.0193460087821,96.91563954394243,121.1102194199592,97.86619999320276,0.0,128.1432649214019,172.59851762048635,150.30633544657394,187.75479215061188,210.74143243700368,197.36809484637865,137.01561797825542,194.2309617193877,155.00798826764915,219.3456872185544,185.8976665500329,203.3318930842027,206.89852303843523,220.13618571105604,161.18450578937066,205.768225065452,193.95908698763495,209.34190295798695,224.2054525037208,201.11930692219732,206.64812121748628,205.20825391852296,205.9527480031149,200.31713940803655,192.11464687486009,203.5913734698251,142.65010801722656,196.61294884890592,144.43202945964424,135.86402127301926,105.90365184742453,145.6846895104311,191.5843249702164,190.6504596516037,207.04459986291647,213.46631528383887,211.17041244816252,219.88084736651984,217.2731939859368,159.1051572212398,169.66278534254417,212.8498700205464,156.95948086706085,151.64264564479518,160.84964431614213,112.74605779231057,110.00725958118277,130.81520493175682,74.40706754486685,142.3214481085935,177.1201493433069,158.3167683024602,206.20812080408592,207.37711287652093,208.96183816791228,202.8413537199985,197.84802380869257,134.88458023758835,206.54152111036748,196.00231068184263,151.5055564746214,196.75548743134945,211.683465642136,209.4755469899341,147.81888189748346,168.83279754823027,154.06740420104325,196.14899930476167,211.61605445730729,208.15669925159008,210.5558075553094,185.09295540757893,179.90839320346345,215.8111576749504,212.27276129046768,208.58798470550903,208.29780760459263,191.3382336224328,223.9040221405513,148.39628438610697,128.0841798840924,198.22978935944724,151.39338353732774,140.9001135703545,177.68217644102634,189.8792571193566,214.95120142709132,219.51124091264245,229.75380973229733,161.7011450333888,164.64441877813525
175.97566462152105,192.28015031481755,170.2638619088077,209.74695495743885,210.4152818547317,147.74538583170295,152.47275575769044,142.97392693367055,128.1432649214019,0.0,148.2803291353447,161.91111057965315,213.5662999883736,219.2122878221216,207.7838220706301,166.93080530878194,212.976974187518,183.20048332376092,221.2441250472309,187.715859402294,213.66955457775865,210.2436096242135,218.86236027514576,177.8948298256803,149.79923568426398,199.5981489680229,211.8968890430585,218.56669798549632,213.20311418643388,209.76203006472656,196.21699045370428,203.1428096073455,193.60635139968383,203.97343857016887,211.12487250623929,171.95707720205115,214.18837591570573,146.7780141466945,149.19468362650784,113.92929258576017,166.37550449003442,198.12770535068864,196.74881210536552,202.2417540378446,239.7284524306209,205.55507273750212,219.92793138414123,210.37194331808183,155.24293287690443,192.57909612085604,194.52743246677807,165.51950499051546,171.55972160319038,195.78183780176977,162.05426716296358,131.78935672649487,158.56095811305275,151.77294200364636,108.51530686217204,168.39844109829895,186.83333529027223,223.13936229638023,218.01720532024729,210.21270335122276,212.78776045783923,212.3807749942453,155.9052899888611,215.47314544456088,215.29332352328345,172.61606202024387,211.93350011414535,217.4538670577499,217.7709188516428,157.23296248888028,191.12852076665183,147.3294524967563,208.1156300105418,217.15590188168983,216.8521810821132,210.8913459779077,201.510280230394,197.11062810915075,236.42027454621967,220.5719749710446,217.30114040400537,216.41505102332155,206.91409802447367,225.93660436480872,183.88191406792052,169.06526728703523,188.2577790596331,148.97957516860583,154.81651433827153,153.40126417974807,193.9130944552824,213.1465472134376,221.60712935604545,221.68461803106737,154.09327734769445,185.17690673812328
174.63419380076266,184.3426297995762,184.9575037988776,189.7262223143003,194.3251501890611,176.40592350060143,167.43156651352805,172.83304052060942,172.59851762048635,148.2803291353447,0.0,161.915011058765,201.53145587461216,194.54696505034025,174.66812502252566,171.12295692717692,207.17442303623395,182.9878505479796,203.6393190119822,187.6937805037249,185.32355387240452,194.36826815539968,184.85866770068725,209.56363428558612,171.82368056057945,194.8099656452285,197.84576460691403,200.23947198898384,195.4516938159742,183.235941425921,196.91552766018685,186.5447392080704,196.76613340459608,217.90624984149724,198.31902123631627,213.65072596996663,230.79599583410268,156.88588737352006,196.9994042848753,178.42223674630117,210.6306001997577,192.2808931231808,202.7281436757654,213.8894393484051,213.56842872829827,187.9147218991875,207.88692039284683,201.23159726840916,217.40351182797656,247.67524718777,182.57092808442783,159.36656775041067,171.636846521298,188.97520691937297,188.30304424958643,175.45157105532965,183.4986246176001,165.64637190506903,157.4409305633318,192.7909790109404,181.84991082737943,212.85037828428096,211.41547892171369,179.8953449027714,189.19377796312205,180.26358300179265,177.59014439104922,218.77383848115076,236.83070663343,197.2474942316502,185.72578950662452,204.93918908017565,186.1440007844236,195.64523318100535,197.34317417367447,176.02439857213864,177.56082082619025,186.5948789877721,195.1007863134437,187.59707422204744,199.3209953958936,217.1601125368498,223.81915828982795,214.4361829484331,206.185458168088,206.02150710229552,190.7768162191464,210.70914360916152,216.3058436689697,224.60091816275417,222.02412522800452,170.17145647860173,189.25614903767504,169.7663895135732,218.57279514804463,208.20578823766127,200.22732175787377,197.4688125542581,220.09349666683943,244.3771528217033
200.4156414457332,179.15058299105925,190.0026067899225,183.3360444668342,172.4056125909558,173.0819363231305,190.44875833723492,171.8474596097984,150.30633544657394,161.91111057965315,161.915011058765,0.0,155.38664004319796,177.24701913441933,159.77988297698786,161.11843224318267,142.11129160162676,139.1647053436991,183.1143141387392,154.6983908696307,152.75257872408787,160.84115508269804,179.0415180123042,122.30513254532032,194.1433094495095,136.814522868014,171.73481445739955,189.7381175361111,175.61916751154126,168.7978352465028,218.87205052979127,217.9143284671204,209.19406200385976,180.1693283581396,160.034232670047,177.99336136367464,209.28496845348425,189.7928280814553,186.83061428574268,170.03738298351269,180.65416381143723,168.29528767558384,165.47675980125916,185.29318555187663,204.142203025441,185.335842966757,189.00909933220748,190.8743222413662,216.379490192412,211.75403724675223,208.1811454721805,185.29745262409145,177.7403596425612,180.21208184369448,173.31684087045215,189.57796989678783,198.72342972806135,151.24183672285005,169.9669592526048,169.69820272384408,117.3214722984601,182.8074104224929,179.8129154662319,171.49169035390298,167.07149738382333,166.21296069649884,188.2832822689383,178.401306669526,180.4572444590652,153.2342995732334,154.93186972722813,172.76725647620668,167.1310962716106,204.439171362098,132.97652990641132,144.9538862268309,157.112654944938,161.49371470632465,227.03433664934545,221.3501096641441,145.6927226119434,186.75836630808948,211.3170387397217,172.44816096665565,174.63736207181304,179.63517266138717,194.3159828453802,195.49669502904757,170.81352920491818,188.146843670606,225.82870449677,182.18458350122376,196.44416768086936,161.53657753061805,175.67583697622385,194.18875350701725,199.63512873761624,198.94464729163056,219.7919448144065,204.95375095949603
202.9596832875936,193.0269833424058,228.0921183084424,168.00603353838324,200.7226858086728,209.6471453307661,231.61762621653992,223.08221200320932,187.75479215061188,213.5662999883736,201.53145587461216,155.38664004319796,0.0,107.06391151727698,113.64872699177111,198.32780456717356,97.18994585793916,144.7191774616446,128.03874418970048,140.91553396248872,119.68379829082672,121.73168674334558,135.17883021123572,154.43461299833314,217.7838076145547,160.48105049314793,113.4775426528386,112.996035697731,133.81073831722435,131.0981469755831,181.2717978150997,175.9522033558042,175.61728679195446,146.03424987076022,92.3183005131642,200.3140016763062,159.69589144214916,198.37556373605307,225.540165810385,222.44460010177573,189.43731054149168,166.3775368321801,136.81218450522795,124.78680406168684,168.24798409010464,141.18626081755252,132.2599461744458,150.65834674183884,245.85262269841243,209.2325628104213,202.90557995283297,196.8431007896204,184.05497430133352,162.3177163077754,213.4159361621326,230.037671016498,237.96675617493665,192.46781377147823,231.4980648932808,217.02258302613376,180.7542050690444,104.9737147599888,92.03386790936358,137.04992096810537,121.99175417239935,121.82869767145024,239.3570637803476,117.97001585190202,127.92825812016191,141.66999341728229,117.68018241991878,111.7485131369447,130.5635079663199,255.05828060097392,151.18876738949712,192.4350106745427,119.35523560826954,121.34525457432248,191.51066356730223,198.97106612295104,123.06049073903591,170.52624599153256,172.45412855665262,107.04005791404484,117.7094286607097,117.73694724094352,155.39609279364714,112.51991957812298,181.4711280405076,218.5540543475364,197.95123209262243,206.45244778837449,237.4094726222203,183.59062574540556,181.9156528314209,125.86174686336606,151.08067735722148,144.2399326502249,252.1225782650436,223.7843356298957
206.22252949669576,209.12996692488537,238.12986268178764,170.5527531729798,224.50323367482375,235.84643867256943,235.8232947588058,230.08190126770927,210.74143243700368,219.2122878221216,194.54696505034025,177.24701913441933,107.06391151727698,0.0,81.71178829515173,206.70849337845803,131.80760136318577,153.98203131458908,93.85508279547912,135.1607394159174,103.67555871762696,115.79810431311184,91.83134229602194,199.07419284968867,215.3711216303764,188.38731750389493,83.31673565658288,102.43955341487435,144.36647328304895,110.12954133359192,171.2575429947547,151.38735805250826,170.68418020624506,163.0866596043297,107.20015814836836,229.35011807533164,179.76604127915084,194.9259420183412,218.65071850196583,220.71231906608696,208.55661899761728,187.37079308213904,155.4352623218786,139.25526439858106,166.8077190122652,110.0938532970662,101.43608237328884,128.01882514717917,259.95241911175583,235.2977877658858,175.29264809923535,200.11714231485337,176.3050723024705,168.98985528000384,232.4914910499873,239.38214329211712,239.01622512210247,207.8565646390163,235.5022783386412,230.01253246860097,215.68261637873903,163.06871012876277,71.68997268989858,72.88143044727167,71.64567989517295,80.38103689014481,233.0072787716701,119.81760180888116,137.84063631283698,143.8025695896528,86.65653152784301,113.34860945344168,96.27008148067527,257.93098049973474,184.98346025379908,215.02062137382345,125.43433409749406,103.92628565675996,174.85043688459837,169.87040728655833,127.7379319293653,173.57538666390468,183.62714797334328,123.00515298280932,93.79681664785886,79.43568851684687,175.78828258340403,99.646229174937,208.3786199137157,236.68532157458665,190.4287922733095,209.31536264832727,234.16474313853865,197.37161971378248,199.8466792901629,133.91228580865874,117.8439667010888,109.88469283378735,262.9917038233916,242.8628853060297
190.04041498759895,172.51779680354696,219.73777447122853,144.88046136657215,202.70380796861417,219.6734850699899,218.6970957235752,209.66807636093588,197.36809484637865,207.7838220706301,174.66812502252566,159.77988297698786,113.64872699177111,81.71178829515173,0.0,173.4540009988304,137.46253854277808,150.71190930399302,119.87588103815708,121.39146703726496,81.16369254250748,125.62579076178356,82.21476430223613,191.9724361893041,206.5432859599304,181.7962767724722,84.14390967840743,94.87449278933369,117.55911703820992,100.8556211106787,172.9131414217186,144.5042069541762,164.75274935890832,174.61649065030363,119.2060086467807,211.8899386139657,169.2126440166555,186.01579365111004,215.58339265041437,211.6371266561904,204.2261252603992,181.4116224250761,150.64435402244334,137.86970580337322,166.52648075549786,95.8118753644093,107.66987406084196,123.87226906113804,252.0290402131389,236.5491113012538,194.33319145440063,168.4537533575555,149.537062391463,144.84914862561288,212.02416248843656,223.0729761583649,226.3249649439624,186.01416459130385,225.04254103600005,231.0633509158237,199.25061937217907,168.3063795605271,100.85941256407123,78.76368959705343,63.71628861753892,56.43848908773777,215.97820917049236,141.16525763745904,157.34278975281427,154.58766146194444,70.35375656145573,125.06407065363348,76.06682085590816,250.39142728861108,193.1875986926184,201.1418285979732,95.07433668110262,85.3542398315154,172.15850350067433,163.5294563658109,116.93507760139413,182.72223857728065,181.7679345876708,140.49901566416344,104.40353394368827,92.11167011046032,149.56952066958942,99.10365086722652,199.3525438017856,230.27727728286487,184.55111124940905,191.0701150692497,219.79375362777463,188.7891549216976,196.5425427120204,131.99233240357776,106.41395669108792,94.18258992840208,254.23735273409417,240.69282278658764
122.4705792347864,111.88200922054835,126.126973851565,168.44408349926675,172.72840913463432,144.19432590615125,147.1391675535322,129.44033450843466,137.01561797825542,166.93080530878194,171.12295692717692,161.11843224318267,198.32780456717356,206.70849337845803,173.4540009988304,0.0,194.12910718800816,164.81403510871678,215.9479608358226,172.5423697407196,188.0188558222808,205.6367112267644,193.05031587132905,200.2673451102368,205.2107339018404,217.45195302019408,188.44528612936492,211.60711690019428,199.2314557620364,189.2446206364152,215.36630768078948,197.17199177877825,194.21572244551265,202.19821845294612,197.93288260442023,166.4810148870585,206.5608408565039,153.4357393600801,157.63073598394925,153.2959096483514,160.66927876890065,195.1803988270894,197.4835611102709,202.47011625482835,216.98154107163003,171.3538263353177,199.43184787277028,188.17404925316555,197.20049158979575,212.219551967607,234.65577888261703,99.50146721256796,122.77433062000723,163.5057558752615,126.4183481055868,140.86623821268697,174.68766891982295,125.25748891705004,178.68593517253353,222.6802124433328,185.69482689798605,222.9830845614644,216.75200247690825,183.60958366102,185.4457140766437,177.61080968000158,166.09424818322813,210.84424697912127,211.977914197855,184.05922210808808,188.50396877599448,214.42042927107863,177.84374555749667,201.31833748963368,202.7443067642197,186.81556109153303,190.9253957649784,194.09326678335455,207.3509354129428,209.30586952086972,181.62074379406533,195.672316331733,216.2901544990012,213.53359667786663,192.7486126731596,195.3663016691005,198.8236022446848,210.80802516797723,181.755083425754,186.1525985130156,196.48545238793983,152.19811341294107,156.7712390748232,190.13580163416708,209.9200104904675,200.91830444757232,187.93754961402047,187.81689572957265,194.1649065109464,210.3289230544133
213.46293861767805,206.8630818805724,232.042086034054,185.7611983643698,185.39174207503223,215.09901388634503,232.35220476448728,233.6419378604429,194.2309617193877,212.976974187518,207.17442303623395,142.11129160162676,97.18994585793916,131.80760136318577,137.46253854277808,194.12910718800816,0.0,119.41054471408376,104.31581735138576,114.41927459054595,114.79247689238248,114.68771956089506,145.0007879437402,130.69405915467286,220.52390710841175,149.01031324294416,138.02834901023792,141.52480828429174,133.89783170663736,149.603036579484,185.2835644925023,195.94461662007123,190.2565010278882,119.00017382886313,108.41799666070528,195.6643810780779,168.835214589633,205.24536463679917,224.38344251109032,222.06088753836963,185.23632617665504,151.51809516832208,146.36629656419632,135.6580920260793,182.23950399312483,155.0484519324011,151.96524695107507,159.91912829688044,257.78009364576246,206.865739344517,204.0439773587077,218.3131789062845,204.1152202947741,185.18306449933152,222.1340036554513,235.43097919821827,250.8902211540553,207.72283055874092,219.69216722053784,201.82924883820635,172.0851640327584,124.92722415310898,123.9672117947288,152.99278182438815,138.08478164708976,145.67806200941806,235.56785029872103,111.1601441856879,114.39911252116596,130.60277806392446,125.5884254181343,121.5838832684613,138.52801946567865,252.65930061297567,135.15771708792724,184.8102903381979,126.3351384577812,141.12548360009413,198.8740007188437,204.70871178948383,115.05519572248603,170.56529083654164,190.3521330605567,115.93193264728764,138.51214352004962,133.179216452473,161.8508838505794,142.89651563480868,174.54965556694685,213.1560858267893,208.43798450919655,218.5990651518922,248.8719358396919,173.03026466364912,169.97780614763843,144.6014306911331,165.95298407135212,160.6821866678446,260.7594490236163,220.6989510687291
177.89826299649712,183.0989515045182,212.81949931797308,158.9402810299839,190.16780676497356,193.41593473414,189.2061668883832,190.7103000736964,155.00798826764915,183.20048332376092,182.9878505479796,139.1647053436991,144.7191774616446,153.98203131458908,150.71190930399302,164.81403510871678,119.41054471408376,0.0,143.1001636610094,82.17175786290468,141.44827098052133,147.00610866040995,150.41891194475605,155.61861352276932,217.9812806282601,187.7044763072116,162.8442591892619,164.71568591724784,150.52483473908347,161.35423883239812,180.69946920579952,186.05409077116428,176.22779756819733,110.51176466945265,128.1558972743586,141.6370932561736,180.9424534602008,171.90184060256576,197.39354819208768,174.35803748559823,127.5986392401193,173.3071323532932,156.19064136941245,180.10159628322458,177.75923370805546,159.66555674629802,149.0094742360073,158.35015508196926,220.59858108286423,175.5232178650906,198.8249842115021,178.2867389047202,168.60536309523752,156.98553719615722,193.45322790136805,205.7519581090318,217.62523158894064,164.2453813711705,193.8849135700353,199.98308794081493,170.62468249012863,177.47083648078038,158.69688596999046,164.46937358527776,158.405110353497,157.70948956230168,186.29194355004827,159.7825599881557,143.6732292904282,105.94742707783136,137.6290254104407,155.6114148506661,145.73197353716705,217.74423669524805,156.87156432447728,190.6617554373128,134.14217455371062,163.07983425333896,190.6991012028659,192.5160098639741,131.88369398825392,145.52942438079702,207.73643744105468,158.95795838807243,169.9811486145855,156.04547661407744,166.8042639369236,180.4940384979208,138.54419632281412,174.59744776315114,195.7808887739991,201.02101183012812,208.99599587213336,185.38970570167288,196.1494883398972,183.8100221472394,178.7398653977279,172.09887708631146,223.30853612174752,189.2471674112145
221.5376368695393,216.4435411071625,248.0874422185576,184.8938788764952,222.24687098318407,246.31457088308863,246.29507586645357,248.04108586893005,219.3456872185544,221.2441250472309,203.6393190119822,183.1143141387392,128.03874418970048,93.85508279547912,119.87588103815708,215.9479608358226,104.31581735138576,143.1001636610094,0.0,123.48713783320434,97.3830030904262,101.46021439075376,117.63788670968545,172.82104532378614,207.9363989628178,174.1983956173532,125.45414303578798,115.33699151884495,118.41887620353944,137.6820451753504,180.10126807433818,172.9931610331264,185.3888676074326,123.64108570935092,108.92273880822351,214.51920119610784,149.73125746346557,199.4263352914619,230.3837789221016,237.63276412852724,190.39961867389405,171.5923919705741,140.51617219534205,139.3665255380115,153.2136057805643,132.59697549034271,116.70746768955658,133.29088103630377,261.29497192852773,203.14965398094077,186.25269861206849,223.3147550936399,203.8449974942706,187.0123496449669,247.0113660944803,246.45387699950504,251.0590050980508,227.820527082438,230.13206550073195,212.1052753916955,212.5457339899594,150.16714477536465,112.98074729648238,132.1693455296531,118.06444433558464,132.85215745192647,241.13973335668857,111.40192169974031,109.92468525009062,135.8427008116493,102.65811216190237,121.45662838980316,121.0830461534878,257.60080280780284,188.07442081079304,203.6468418497073,123.66475744345324,138.4852242107968,183.90773809066383,180.4392722472632,119.40603956968988,157.00727646542612,168.54281150287397,119.85735153749629,126.9061811829936,107.58830707290386,151.05180760866102,114.4866962889248,193.76348550834624,220.79159061954368,204.84217174309123,218.6489683534529,248.9831713076977,186.3105532037468,176.64314378789692,132.0933598756074,135.9937540535005,128.7777552145581,264.9392494579406,220.1213831071696
184.03117917970167,173.688654838548,228.11921591098712,158.27759847322244,186.8587184519701,211.25996512278877,213.6787591194128,213.98710932456825,185.8976665500329,187.715859402294,187.6937805037249,154.6983908696307,140.91553396248872,135.1607394159174,121.39146703726496,172.5423697407196,114.41927459054595,82.17175786290468,123.48713783320434,0.0,116.67599278232782,138.1089650502439,119.72755050332567,176.31432470882692,200.05131892510576,194.361266313746,127.20445163252272,131.00479785939913,127.62788157350984,135.01634055935887,170.30973044954672,163.39032333236543,164.65246304236678,132.54061573792637,126.11633656762616,159.05682324366575,164.2827941891008,173.38373598064254,206.27646972816308,196.3849240991127,148.8639644755382,176.27958469895964,158.11834676630625,154.07470449971493,174.4730809798761,115.67908692032718,125.73752844522082,134.56513855496894,229.3128919215195,192.8992581692584,188.41231600903143,173.50762846361522,172.08908457686155,154.6583040558829,209.92842076100845,219.4296022330564,233.63094638097755,190.6323241587458,208.60485548296924,214.09957174338075,191.5585015294608,175.44873078389645,136.08205436799136,138.78384622043922,123.62906913424992,132.1386387921628,201.9248920797532,146.0769909091868,146.1999853415771,130.1849079496124,104.9710883347939,141.88493484269355,118.87370861069633,235.06609532760524,181.50998136512112,199.15168748870988,117.21869727322914,137.81327468404257,178.475565410969,176.6732315397345,124.15272688265875,163.95943690997547,202.48031689706107,151.92580842359297,133.19678136803236,126.93593171129812,149.73279951388145,148.38729070372835,161.6339359976991,195.31167991353504,180.4596643626075,197.52157724763805,219.10035636445343,172.78665810135368,197.60065071880769,157.8938996741437,136.05341044028117,129.53683477374068,234.2244354445657,204.94285389143744
201.51456158670845,192.7457445454342,234.01597080922875,171.0753639354997,191.30927352881585,223.79571297976312,238.2649814705108,225.14553933208484,203.3318930842027,213.66955457775865,185.32355387240452,152.75257872408787,119.68379829082672,103.67555871762696,81.16369254250748,188.0188558222808,114.79247689238248,141.44827098052133,97.3830030904262,116.67599278232782,0.0,117.33302336485404,91.84889476137047,178.11558040047066,202.00313138834355,170.3955124685404,109.46836581855906,119.6985568159986,109.44642992654474,111.24506584605192,180.6296415811612,161.223125828657,182.2244481347151,163.81530749696833,129.09879556491362,212.6298924739777,167.8146114371127,195.8501734190556,220.5592394928591,221.56588229987963,195.2238256045408,160.97379292071997,149.6175162598101,145.1144983957687,164.92111677740576,110.91125368426034,118.45205743943212,122.6358495843559,257.1546516155032,223.4707939412699,187.66042322012223,194.9366384939792,181.2995600603824,165.8162260954935,221.09665593298143,232.33533380438925,237.85904840530844,203.49697229906016,223.224271016338,214.73436937311283,191.5457347787529,167.96389820699974,116.92973183352598,115.17293230651131,77.50586727237257,93.45183702776797,218.8136857023913,146.0361976884175,147.77584727316406,150.79861418763193,58.43785545203731,125.7071983899933,86.0920582443994,257.2717556716333,183.80784952429667,196.4435479545913,93.78679911450712,96.40462717750069,181.3807895276693,171.72579615931022,123.03395766264173,187.38699094218987,185.62191484400805,137.1170953452264,109.38690116739356,101.6883208220406,146.39640619596258,117.643660333192,197.0961809655151,220.25943081981,208.61406694045783,202.5726111213522,245.2640950288288,179.837168751209,181.8194077074149,143.9620489571613,111.2993905423765,109.65083852605376,252.65700607286772,222.9592239360864
