0,1,2,3,4,5,6,7,8,9,10,11,12,13,14,15,16,17,18,19,20,21,22,23,24,25,26,27,28,29,30,31,32,33,34,35,36,37,38,39,40,41,42,43,44,45,46,47,48,49,50,51,52,53,54,55,56,57,58,59,60,61,62,63,64,65,66,67,68,69,70,71,72,73,74,75,76,77,78,79,80,81,82,83,84,85,86,87,88,89,90,91,92,93,94,95,96,97,98,99
0.0,188.43641350959228,178.77528826306616,175.04760975976592,210.09069358316856,215.4848916027923,180.89853969329528,211.60070804246283,231.26558265774275,181.2985288751668,193.4371662196624,206.01488602343076,221.47971470255425,221.19048976223004,184.3246620100046,175.5166186077118,247.62078246626783,229.48250587690296,252.9867834280585,149.53923647902917,209.5353926460648,249.02867515059168,205.2453367684029,208.8432356701429,205.0073438815614,200.93892733132736,199.9780951866384,206.9977146957704,175.2853946173587,198.5626154939582,194.1502236423707,208.8439620427457,200.46545485508648,249.0206730506453,234.07214748048116,238.3918743199754,204.64633106439985,201.4050504745455,225.5832227657466,185.17594852204684,201.814618403198,183.8169510658537,219.18771203799977,192.7223641711769,203.88259996885364,211.22093639340304,234.996823319566,190.3784695411572,171.97383458414237,198.12895992270316,129.9314198248644,178.38499800124498,195.7676490394161,178.5229914201866,206.9560345417312,187.40531360595284,191.17455291737943,236.78111311698663,173.58598955614326,163.4281854199993,179.03962344005168,222.53221571051216,206.01490337716385,222.4277840544136,216.6262255292309,190.7413347232301,166.22626440059946,263.75601537988337,256.3384623225803,221.03418715000976,199.6971071893112,232.63469451001163,235.87474638269788,175.27887743941085,219.95831734893767,179.47218896063987,168.24485842379784,199.0365882206803,177.44089009801178,198.295292255098,223.94769658948823,196.98630640196228,182.0966534960009,252.21438742877635,193.0570264644257,191.88748079271875,171.70733289851373,211.68619310510056,189.2850770861565,158.0508771921606,160.18860319308936,215.68855920794897,207.25990624442304,164.83847105663648,196.02742170673335,162.38790049526676,174.36374961834605,165.60943174038556,140.88000356351375,165.06043455929597
188.43641350959228,0.0,143.60844098988073,97.87941207487786,163.7255861688114,177.732565366558,182.15791945251635,127.11191484781352,188.3195347514972,212.06872218318037,190.2692950159916,190.48136058365407,188.24417912413676,233.48506792884737,200.83692362419916,137.75261461158644,213.21327217570388,169.684217543945,226.22138875163745,159.2547301153637,216.23500089485543,188.21039045800063,194.85236538184284,211.52752311775728,242.4749342766256,199.62150558106424,207.23192701077767,220.85720801545807,207.78812986091373,207.7902608712015,205.78116555202087,211.4453347077325,197.58967333984776,185.4729916762182,211.3518319312763,218.79624477087253,208.5188776535172,192.0118234000298,192.344014663624,203.95440547082237,183.05101459166085,216.4466093098359,172.1488765658268,199.4374577365437,207.83087152748857,193.74429796594808,203.84744106568013,177.83401600235618,181.5171216427063,190.79857879545236,177.7652723611303,121.35330978336242,154.60648004040291,158.1299957237586,198.2931243370981,176.50837829757523,144.89551927666415,200.80735859067963,214.52055197861176,204.56771759512608,197.9985550923508,189.3312388466151,226.11345548027776,229.95210554042532,227.17455613007783,199.71800815597703,193.96289141478607,233.63690102199476,226.76728183087909,165.3425979042899,205.59935452109096,207.08275908413756,237.6336295953968,207.94211963138167,234.7468494897128,241.08658252261583,206.01427737940384,229.7325244579281,205.71510114595287,216.0153231768768,250.5186471462085,218.60085409838533,214.522961023295,228.63764793752915,227.16956687409711,193.53711122109985,212.52034158241668,222.86970974236732,202.92111349115825,214.72316113128937,195.71006514871877,213.40709233360104,227.25089594972405,225.7114486834215,224.91606942359712,211.07859357256652,199.0110915553439,200.25413980117148,199.8708631909418,197.55071190307717
178.77528826306616,143.60844098988073,0.0,187.4714724305289,124.6660942371952,112.25432409460257,204.5078937206756,154.97425230001045,162.18628043264889,202.20004551005815,177.9458948120695,197.94613830795973,178.92617263829902,207.03074007607032,177.34897028998705,184.02694280475063,213.3265857001008,207.7100303127836,229.78541531339607,191.36015966528024,220.7917002191071,204.13683698922904,213.26085485137352,218.63111158688247,222.18553574756805,190.41344365187348,208.80667494614025,204.73514579087112,216.80996266932385,210.91634833794296,188.52259236829832,201.5457587527445,198.62511944027847,224.47964008816547,215.6940179517368,234.69627626907604,231.88229469141376,185.6914023007274,189.2788922350696,199.73856106945905,206.7589478508264,176.93862785488352,178.06535473689678,184.16330065909344,197.7530750536606,193.48915856961835,202.7137621916653,190.2324468933542,184.7124735145909,225.82047492559877,183.7565948077124,123.89837202583024,184.203191166407,176.99923886939212,124.45759342707068,108.7449000050716,151.94273371477615,166.25719230182358,198.21958398200067,174.68563833843453,186.45989637911617,181.3087728808973,167.94295864813066,194.3648206496648,202.96270120239384,177.7054812088545,215.01181120708011,234.56049281108488,248.5591717881465,214.99001641978376,219.7692415360877,217.68194876763687,218.4598229174828,199.01772450903212,230.41181826800343,215.91101171840728,200.9514297761881,211.1257746511,199.0655523920688,208.51618287151177,226.7566952223591,224.04784502712351,196.61673813037223,245.80729293764625,224.69031130235263,181.3003132004488,212.45025250305184,218.50685669086255,214.09196744699096,182.671472626248,195.1034725943412,188.93776843456757,203.5278725614006,192.43015440844636,201.8928866469414,197.2911472053512,191.7734708213381,204.83787482001748,166.0962991658236,218.0365907828012
175.04760975976592,97.87941207487786,187.4714724305289,0.0,197.4592305934965,211.5668609296792,174.54134349748037,105.41817769114266,200.0779205984539,221.6180835055828,226.87332574163335,228.00010443271125,238.06510688945963,240.17731105292063,203.0591368860836,154.71995495631404,232.76510493565544,170.98877319133226,234.5616026870977,151.4622469790669,201.60921365053437,214.96555886895916,183.439914329268,224.9711077798226,243.44972738741947,216.14383303312763,212.5368081180306,236.32565165337573,210.4815313298001,214.33592556490368,211.74643237376915,226.5081484430271,206.22872229059504,194.54163893982604,218.22593613725493,217.556990512662,213.151413624261,206.57283353685017,207.1803973897109,205.18507486013425,196.5900989569927,231.01579648911817,197.39269000693216,216.42470410037063,213.66405962962264,216.1720511047453,216.43369184336623,180.3734539544243,193.1877098272932,176.35932163317108,184.8885210282157,149.2475605876032,150.16154011279647,167.0448236718168,217.8503239734152,190.88767385103947,130.95787481776227,202.9277006815896,226.92115201024004,222.7167151768687,231.0896075585065,238.73175906006776,249.0323637075027,246.74766988263207,228.8816719010181,211.08593184455395,172.27666731958533,239.7599406301574,223.70285473246457,139.47368250667495,195.35705288028987,214.3564072228579,236.98023614703143,215.03620568693012,238.06137660806783,240.9819914443014,202.6871482410303,238.9598042628445,212.4548647992059,226.67784775213983,244.9330463934216,200.41395996982803,216.1777463727661,231.80558541602744,215.69209450831272,200.88599558101745,202.3163157334008,232.22179772501391,188.6275643410433,219.83166490920016,192.09527626026303,237.06004188581727,229.34282672634092,219.1562669512765,234.083915833742,216.7794213408893,210.47818581919617,188.1770703278636,197.0421640127925,183.2403732992377
210.09069358316856,163.7255861688114,124.6660942371952,197.4592305934965,0.0,121.7868376728705,223.429548592909,180.74470759059267,178.11533075136728,225.50186456756444,210.9951646650963,223.21935757931777,193.5552683053517,202.08888235060607,215.53106190451692,203.9218458192585,202.5542061957264,204.8742378459796,208.74114545829545,211.79280179073004,240.56524863175773,178.4561721772443,222.85871899751783,226.0185089364288,233.60657157753803,176.8652728140287,231.4616470050809,223.3370712249653,243.05284153614127,221.18187177923372,193.0052946432568,199.60226752933352,201.6506015033048,202.8462221217715,203.10285552024533,236.55542470765036,233.16757859969107,207.47339159288123,199.34925162380927,226.66371966301608,222.1294163585088,182.13497416412403,195.9671840955221,211.03402763673893,219.45741461915577,222.7062906519436,219.41075099547143,220.1242505302373,203.88271428248768,243.05495229692832,216.74969722078637,141.60709321298498,184.90772914657987,137.96805383884046,91.71302034770828,150.45838695334703,163.3119292473354,164.61356407611464,230.62479834126452,211.776760501795,213.39564223426885,195.6946783660537,196.5889515334757,198.2351216708626,229.89432948778472,212.3145808387169,236.18936510847072,214.670868208234,220.8050903634767,209.68945108097583,242.23525795111112,195.6845665234082,205.5267882967452,219.2744884767077,249.14263295193467,228.2464824794202,239.2199462841074,235.58442508621863,207.82549422569477,217.2879357802599,238.4257821603988,223.60688463618345,214.7403053476618,222.8909368240545,237.56328611308612,195.91177676776493,228.1930562331072,213.62691201937287,233.93822537107155,212.7534849737455,205.328867082848,199.40770270080185,219.4869626411009,205.95324250569405,220.35127407150105,211.31208187687437,207.2629220279217,209.3119934726704,191.9077073992642,235.78368803512
215.4848916027923,177.732565366558,112.25432409460257,211.5668609296792,121.7868376728705,0.0,194.35670721282716,177.07960211202993,114.66641033838026,216.05219192308465,175.24304443898683,215.3530220727674,184.69751129408556,205.2146693551415,171.30770937687805,198.0213871659372,217.5522686486228,207.4753188171872,225.24428100821615,187.84249315330348,223.8564703138064,200.2817256009716,211.8750682127543,232.2637784318293,223.62348751987813,185.77276338980695,202.379870305276,183.7835436115459,206.9023908495,199.7142059797594,189.71742818952825,178.83575122547222,218.818819070076,222.30263205311144,216.9778687567488,208.16442387993587,216.35700862748968,184.0904716451909,185.44964527135176,206.1404962294542,199.31592331705644,172.99378951590433,182.40016793090803,187.27679065248947,218.90438256861552,201.21519696315795,200.7243979212957,210.52054118443343,161.88997581366013,217.1626361368829,207.0753823671651,166.67678726068746,197.61638195340265,183.62311086017723,131.90405917425733,115.17632547188242,197.10916336278348,147.60505274002622,216.36155034380027,192.46028999276407,205.68881726870725,179.77615302590013,185.50812379174303,208.33626023944663,225.9218308358417,173.57068474237622,216.8056442233512,235.3819518402136,235.58791156397237,221.40079182006735,225.2848054020881,208.8154195039429,210.91524484389592,203.3642692219392,246.1216559643673,235.21661375727143,210.8852058596876,216.18285467086287,208.3397836937968,196.352427087868,220.7824772373503,224.8115441801051,217.07842788303077,233.34302827962847,213.97877278148408,187.26051075938483,220.9204269963109,205.61547561795817,211.5877298456765,192.23611232943605,209.5377732374004,184.96913762261832,212.7556247884412,207.93305339835587,196.15664425713385,191.6498071148915,193.9648596485314,212.2211892069153,173.62137187191075,223.47537740704595
180.89853969329528,182.15791945251635,204.5078937206756,174.54134349748037,223.429548592909,194.35670721282716,0.0,196.15073897730616,185.98401972245165,174.64582591648613,208.4172253177978,199.99467244739668,201.3080617635531,240.23472812894585,191.09955078840284,148.6579131108959,228.61191725009485,212.0715387554048,243.07548558624404,154.3573330903899,192.95440342260488,231.20481305094896,189.83829310243487,212.51178287935613,203.58885322478525,231.5119753773139,200.77542383215876,214.85946415262492,207.6479433136529,201.02150185924563,163.12755630871445,160.5795982326921,197.740912231064,236.943416861507,232.81767416141508,205.6294717646279,214.924898751966,179.50185310685808,181.7139011796915,153.08411146130894,201.06346862099696,196.25531080778356,202.93149699035325,186.42071285919025,208.60310750412395,198.4657512190148,223.73392399808247,191.70158971910507,179.26824025513775,171.44694761496902,195.21506135333664,199.78089494798317,147.9981852338134,193.75347770765973,231.4203858449949,196.31735147662232,219.58883986203696,211.8880340830218,177.47626583751003,193.445646592358,193.67291031338596,194.0989005514433,234.247879775451,240.0199311007725,220.22930613212105,189.2981877135481,131.1272531220011,260.63121099034254,241.29577436709013,219.403369833212,175.74856143382044,229.80077589980172,217.45337554784103,125.1461685149912,210.66776698334104,202.4012336894564,197.29545780831504,199.2676661126367,177.2044562280218,148.0162016817357,233.5354511813286,240.4857431887478,220.80067280519347,250.88601040622257,210.0704212831204,213.0879782299274,213.3278770413073,237.71051687798905,179.5384833231943,192.64984629657417,193.06338724219768,150.69913216294376,172.33970210190375,191.3511302204214,206.34466865376456,174.42981848798,183.78532291601573,215.6648665476405,191.49600933850903,177.51402548326186
211.60070804246283,127.11191484781352,154.97425230001045,105.41817769114266,180.74470759059267,177.07960211202993,196.15073897730616,0.0,158.17612185057322,233.10803327111532,221.6978108070612,231.5893522867608,219.10645358341213,226.39575044560596,198.53611562197443,182.36327644038528,226.07504736799723,151.95376711121892,228.165545676083,161.78603520933564,178.32360925777368,220.33598367539463,201.8440329199393,252.12453137886584,256.6882263579673,228.8081070700679,205.9293280011562,240.4919400997834,201.82364391923696,229.96300711158295,211.7678721357548,221.09086387064676,214.8644874467308,202.5131005205736,231.76820036512837,206.16567835867187,206.23888124169463,197.29685577774652,211.34589801763457,223.16972685985604,194.7736796492223,230.5516254583668,203.52529610265896,205.6096819042437,216.3704130242953,203.0450416633448,203.7901853080344,196.5573021908128,192.06407603603424,175.1626259316771,195.6354881102067,161.47723482163212,166.30636149047143,191.47868113122792,205.15841210115343,185.3516921270576,116.32717636816572,154.75552945078226,231.76354830893217,221.8356322410985,234.544295063623,218.7372255596508,228.4920184785434,235.1096150691692,213.5091127860518,211.2025688143013,203.83589702566948,221.83680639939763,221.65753852558527,133.73867075788803,189.17078248294257,235.55201719914504,229.1418612781391,229.80387622433147,245.5369129126537,252.04657301913687,208.1876690424596,244.47540813787228,219.83372058775052,222.20108952808755,257.3083776024381,210.3674552815802,220.7618075774457,244.2297337298146,220.8983099259572,224.28633401006329,205.23817001404444,243.76964048304677,190.26037298793824,219.40705786796983,200.7300628379062,228.4937449551396,233.41456203869336,224.1845465995281,242.0966773287376,214.86757129080692,215.5938264900786,204.30559602846176,203.0025249880623,190.74740423654947
231.26558265774275,188.3195347514972,162.18628043264889,200.0779205984539,178.11533075136728,114.66641033838026,185.98401972245165,158.17612185057322,0.0,219.17540407650105,199.999530684166,226.88718413161183,202.24533066272343,189.17542292705863,170.05367215187533,220.39010510219163,239.74708096547448,214.8743726089644,238.07918894355208,187.1130410835944,182.0311726467223,227.24122641101843,224.0149474487171,240.85171446158688,245.341735318942,201.09878257623976,198.90533789369317,201.6698224071793,208.03101167242284,208.0714762959792,213.19905599124888,193.9389084216564,232.65316276163583,233.8415416443364,226.9814269368755,184.94312104134548,201.80015228433348,192.9734209657524,193.41402086969345,219.46332821486345,201.1405074105901,197.53426266496237,190.9011761141568,191.24880673777076,228.64597397586945,195.4409871648155,210.09764742752773,223.89045013566067,162.87961171794564,191.94199611516308,230.6727588841618,205.36247481603985,195.1445445180536,201.1143080812896,194.9334891479517,145.7679026287863,208.99179288871733,100.4156631093042,222.3849004893334,202.19972132582689,225.73709323121795,196.563336889408,203.53269121452905,204.4128304125244,190.15310378084575,169.53075806963875,204.5750405686896,234.0677662740379,226.56778453966592,222.33622580644297,180.43613663309876,237.77481777159332,214.4947578288653,200.166521200282,229.7006322943036,237.1075436309876,203.12391245196025,204.8185942879549,223.235160338264,195.55561966193167,218.3175956183269,217.73757984701703,217.28303374040053,235.4021432675789,208.7938382739801,196.8778101186937,220.39220071287988,222.3999747352654,191.38936007489892,201.11629280950788,216.9545988975615,189.3067446349496,221.68936366888465,222.12104920827227,200.01633616189812,197.8987466780112,215.022230511258,229.8114890778577,177.84807137722484,207.71662349007184
181.2985288751668,212.06872218318037,202.20004551005815,221.6180835055828,225.50186456756444,216.05219192308465,174.64582591648613,233.10803327111532,219.17540407650105,0.0,153.91114119741152,137.689276792668,184.6943279363985,202.0277498311877,171.00320394939982,186.61980128383863,210.33179151553924,247.46974481344336,224.10769445080427,212.02201326098785,233.71735808872148,234.19808923391057,236.91927883801813,181.9547476157845,180.01025476511205,213.14092391870437,216.1872813154912,194.7867426905903,207.50127072713116,202.7804352883685,185.97942524034323,196.43559599516817,161.22861852889355,252.48625964217143,227.73274956746053,245.87136468750583,224.27358941799537,160.13765569054183,146.38256497502664,132.75587483731346,178.27446510729328,178.87698350303282,186.6085494986375,187.08550242342903,211.37280066786133,182.2550944251153,203.0323011117829,220.73108027426449,211.07566165217364,205.96144311268424,193.79173256698013,186.22938594767595,201.83208757897071,201.46798305595536,214.4855570200573,199.60938948600057,216.15387059010823,232.4277710853618,84.74489920326296,138.39498734977207,124.46978361918316,202.51553632535789,175.45474019788605,190.8473322306356,198.25866797703748,176.42411222510486,201.26499374883517,241.09572209205032,253.95998911552755,253.5401387380243,215.58716888612963,236.257793733359,246.95506239869957,131.37757892459945,212.13715098396483,170.62370760727833,216.7210727416234,203.59418415005595,193.18495946340124,183.2352512601429,228.8292452911601,255.6250175448317,219.1589909669516,260.03083443301784,241.2443419207429,212.8362144649472,222.60300808615935,245.24568142391288,240.885078988589,194.25373722114148,198.2442062690514,148.67265512979156,126.71843437626092,190.24850653872323,204.2242832743463,204.5324579071342,188.7122533396143,238.10336479541945,213.067553410522,211.87834590995683
193.4371662196624,190.2692950159916,177.9458948120695,226.87332574163335,210.9951646650963,175.24304443898683,208.4172253177978,221.6978108070612,199.999530684166,153.91114119741152,0.0,119.49499052017605,151.43299073484073,179.35851691040358,124.21856605940468,211.21564355824148,235.68724633491257,241.49576759455937,250.74001965855723,205.3858116079906,234.1559779428369,228.24616414283213,237.920908664832,208.0082848914235,179.23776701237674,189.855532272759,203.5720396040884,186.82772281764403,198.1059906037288,192.4431225151724,182.2822597113758,178.96305812428972,214.06304907717097,252.13486327224467,247.4818899737642,226.17487418702532,212.7176269239215,187.92049790259156,207.24629156501,208.5468775296788,197.48131978637636,165.20434618777017,182.98708188521465,162.9351382163172,224.3654160537857,194.41514464342583,224.06827727249023,226.36828129669493,174.17838061851572,206.1503564494957,187.62567793820045,184.56590530853865,227.04655148697853,182.4854258891483,206.09599699511395,176.85006076015833,241.21266472555627,242.68133042852295,153.65603110590604,111.953790501698,111.21728035954868,156.62813792562494,167.84122003657,191.01683732091823,199.6250108835266,139.62237729831247,228.40356157548064,257.74107162766074,264.1207532820173,248.80305517334463,214.33932963551055,225.5567538688878,258.28357487314383,188.97083589073705,220.70738329502691,183.13242763986165,210.56010199862772,192.9674019760765,185.40907078902367,193.4237262105122,239.81088436911136,252.7501630256249,217.08746954526876,256.9511942342483,237.9047442114055,200.74066127608265,218.5350574214213,229.42459045673831,224.29963626836772,178.5769386884431,227.01734722917925,192.4689417039483,221.1808201866785,190.19232063838385,186.94078122889997,178.05086848840958,196.0408382766649,234.26481856574688,195.19998716171955,201.51809128362876
206.01488602343076,190.48136058365407,197.94613830795973,228.00010443271125,223.21935757931777,215.3530220727674,199.99467244739668,231.5893522867608,226.88718413161183,137.689276792668,119.49499052017605,0.0,124.99822715164144,168.73683875286417,172.32008942411233,191.2868218187139,187.00433728945816,240.6888416589643,213.71935852321133,232.12698685505225,221.67020153457105,209.5995008545233,250.42849701557816,193.08550250051627,192.41899472746184,199.7124127919509,198.9743197312256,197.92095222082676,208.00635985797496,204.57559981882468,200.56797298953643,193.7421619348811,210.1102488826516,237.0846263953832,224.00657221130484,242.6952157244529,218.37384609467716,193.42782770148315,204.4422472013943,206.15670261693663,193.6236885167331,199.33547864331751,176.42447804171508,160.7646397991352,225.360866476286,175.08823894225273,199.09439389635412,224.49374163271008,186.29695631337813,201.2942512787848,194.1268806580199,192.80951920378385,214.8664279885552,196.94911927273213,221.4556131816392,210.16359524115327,235.7562974294938,249.37822473353808,145.63172829605622,136.56966180810844,85.73832761758416,142.29030045370035,164.40781755123623,177.88342943463994,186.8060721635204,178.1439865570121,238.55768893313228,230.4158079724425,257.6198016235219,257.65910182640675,221.26237852663888,237.9855185073637,260.0091149857858,189.9425902938987,201.34103548187431,184.96684626979985,235.82557077405568,206.4126331904415,213.4177367055412,203.61421339145585,251.68288208942107,264.2104930993324,234.2618782981688,266.6880346736264,250.89709919212217,228.2581318585156,228.38307241306455,252.71741095910176,234.2202776665188,201.53837980578152,227.47472748362676,189.3278355744557,214.7362054765304,208.7175937335165,219.0003084003372,203.05209068696155,195.4792491732896,237.96005388900568,216.6474572625383,208.93632024788445
221.47971470255425,188.24417912413676,178.92617263829902,238.06510688945963,193.5552683053517,184.69751129408556,201.3080617635531,219.10645358341213,202.24533066272343,184.6943279363985,151.43299073484073,124.99822715164144,0.0,189.7974982509916,192.6882197948816,200.0943014507885,190.10842962709853,231.2045272725836,213.55485633283595,232.853678591581,229.75930686404988,201.0230271343689,248.09512629614412,212.09896142313775,213.82614463318555,201.6900489291117,212.2859403426332,206.45107581604788,209.3922972830557,222.90256073287424,191.52316906124736,169.82745052673312,199.5489543191899,227.54857351042523,219.6342357693292,218.68966867468964,208.57522180078837,178.90920497253865,193.74815150455677,216.5214325389116,188.60189513602776,188.73781632521752,162.0363728665166,158.99509962838005,223.81711367309973,167.44466892249102,190.6661548239313,225.2055750679244,198.30527959750063,207.99802437199992,208.11466885277932,189.26587345971777,207.3266389103889,204.13183064755896,192.2056955524198,192.17086215653168,233.19560155009745,223.21933628371016,183.47474683809824,165.41868452148037,124.83492397401952,57.17735540957149,175.40642017740572,188.08974873164263,217.11055053024432,187.66281087393435,243.8573225920653,229.76663409523883,250.18690598819407,247.73872565212008,234.6443629264692,216.2796699563916,250.56572632607012,196.6942223041872,218.5553805171312,212.70127028874043,243.07808182345067,212.5678967383292,206.61393932980465,188.575934736116,244.2260576137666,261.6934355615846,226.9270025262873,247.1767200469444,247.30294898784456,217.4866320565361,232.4957036292542,228.0215454909723,234.11824309300815,199.6944652941882,219.75655250229156,173.11937379111671,212.41886576487303,211.91515947594527,201.77456872423585,187.4409002433893,182.9016922099471,238.4823165330866,219.15966949269105,224.34685377074865
221.19048976223004,233.48506792884737,207.03074007607032,240.17731105292063,202.08888235060607,205.2146693551415,240.23472812894585,226.39575044560596,189.17542292705863,202.0277498311877,179.35851691040358,168.73683875286417,189.7974982509916,0.0,176.2803974764537,262.5479856661032,223.71302038682128,248.1127644721488,209.12843632539088,245.8082631132177,197.9513607305669,228.6824549529052,259.5901227000594,259.57095665789404,224.65242821895535,218.61041968607688,205.0356125059916,224.6285303571522,216.0144641080547,226.2607873417206,224.58442268003444,205.456257729688,225.3036936680617,263.24773068449707,238.5467186577144,230.88593211617172,197.0723194417716,217.67759033524447,210.1053695076505,248.5395327256436,212.70463421983231,215.4348406811508,207.61539936548053,173.59066510724,231.84183499021088,184.72800206913956,199.27289812224728,226.7204672299993,190.61042818052368,204.1768244546404,228.41516798009008,232.7957462550091,241.89113439602477,199.0275774751221,213.63244311953417,215.37967335747044,239.846045279086,195.9288722777274,206.2587283191698,188.166183442743,177.17983410168998,200.87901373206373,157.03413850819064,125.27188259878918,152.13698149679806,185.86885975219556,254.36277665027103,202.41313961561363,254.13747235705893,259.9138647768326,227.4784097649552,256.0333556882212,234.5768358984156,242.2496759819287,247.90155491193136,218.9896635065179,244.061940405016,215.9149756081464,228.82310340857308,218.10171839928992,240.3672085280783,229.6695448952143,215.14948819586115,258.8754418653364,236.85705426664072,212.8297128358156,220.70046679136328,237.4327860576273,223.026978433632,193.60121873840683,221.95653391740427,195.86825424815171,223.84317717363052,216.7093194036776,227.55130571579184,192.1474961594444,195.80683885713228,215.8834405459677,205.38697244830325,204.84588310262563
184.3246620100046,200.83692362419916,177.34897028998705,203.0591368860836,215.53106190451692,171.30770937687805,191.09955078840284,198.53611562197443,170.05367215187533,171.00320394939982,124.21856605940468,172.32008942411233,192.6882197948816,176.2803974764537,0.0,220.95100497419892,269.2096833276588,255.86206155937447,285.5135272748321,174.50626097869448,203.98859192334191,262.56187337972244,233.14828692817923,236.2860312698592,204.70106570485683,216.85116429000715,179.8979483454488,191.283809951245,168.95398488950673,177.0709325115002,178.65314882933825,184.88639754869223,208.44249871537232,282.15368116060745,257.7332314153338,226.52613752262303,191.48266123547697,189.26079575181683,207.6927889399261,201.96039276963404,204.93121055764183,184.0079271738317,203.73931313554016,148.47504143094778,201.6059807303086,176.2158609360088,211.73788722991355,196.63067581134948,168.98323748357032,189.3798864267096,182.8441376377341,193.88353424878267,206.00164007085596,202.9117880648081,209.7374446041482,172.91338538068163,217.81891902611287,199.47250019420463,160.90909507790477,144.8817859109638,165.13317856424618,197.56017682838245,158.31202116711782,192.6590547860877,179.95639153301758,69.97445166552194,194.182531589039,264.0560672759691,270.76348963888483,243.754164202009,171.7516041355481,239.6784370767573,242.64324063849116,172.84006899470447,226.75622079493124,190.31186216345392,164.78291808276134,163.91103390622584,166.42172933174936,181.2418295501721,221.8332170522682,224.654659220688,169.7181372214776,271.0275249071717,202.21719968733328,181.88122983655649,187.05724706334377,221.8211967217418,185.58496649704517,147.62971063838845,197.35300568348032,191.52624159082183,207.7961642935105,180.7232204432322,191.50930716621704,148.5869001015526,163.0817508174079,185.55586799772004,163.0954198039202,166.45071544241807
175.5166186077118,137.75261461158644,184.02694280475063,154.71995495631404,203.9218458192585,198.0213871659372,148.6579131108959,182.36327644038528,220.39010510219163,186.61980128383863,211.21564355824148,191.2868218187139,200.0943014507885,262.5479856661032,220.95100497419892,0.0,187.1709614185012,187.08973856000569,208.99390169794952,177.45587043599687,237.48905462030672,192.8166786082081,184.4314187676497,167.32845402409353,208.4883170603712,210.4724854768725,207.66417977759835,212.00298892320995,215.47598658271573,208.50465304576647,197.47758111876735,190.97580349418763,182.14389980627843,186.5212763025856,206.80678048269328,233.20444107440156,229.9446552909909,182.163436607878,182.18376064928677,142.43709021261986,183.26459155294845,211.72160017529117,191.7544727581612,212.28724950917317,206.91202159745825,199.70183804373085,201.65590450295525,179.71832893354934,212.92184786579048,206.9418067402954,173.00995942567636,152.30296596996493,137.75033749821216,188.67124785975375,210.2656705826847,193.31862079953743,182.5304147725451,235.8513242636625,185.86370666911336,208.8056690630339,192.5556079969126,198.6004534207367,234.2598196292874,245.88815548204047,243.11940244841836,214.7297282652717,168.97745370083544,231.95198160394227,227.13408298875004,197.02211404627508,225.5262241106102,192.92739156689828,241.86552919695973,153.00425265964378,200.9564451522888,211.64404439733303,205.08357324015907,221.2617493132979,209.99117569949357,196.65434791957475,233.4711504496884,244.6705931603443,228.26978596631167,227.50655093016255,226.86958456238457,203.2344108278917,222.98612969955784,224.5287097724123,228.40650685873936,223.24578607112323,191.70329292832537,191.21862301231488,191.75704602148537,208.62382234069895,218.711126635824,217.3578535586261,198.93856458911125,223.03053931483595,224.20424953084293,214.5058111172393
247.62078246626783,213.21327217570388,213.3265857001008,232.76510493565544,202.5542061957264,217.5522686486228,228.61191725009485,226.07504736799723,239.74708096547448,210.33179151553924,235.68724633491257,187.00433728945816,190.10842962709853,223.71302038682128,269.2096833276588,187.1709614185012,0.0,171.31409487610887,80.0784284801749,256.3833712548113,226.39068933614908,158.51739653010742,210.355546578546,180.71722580431955,222.0787382035448,223.190555576506,232.11043871386468,220.20715037406129,248.15612420018567,236.2104373931913,233.6363603331758,230.39541587995348,218.8730584658341,143.7950315327234,156.1809826757327,232.8024315743477,241.88311400937127,225.3473950559704,218.58000793681165,226.8953739132637,213.72242558536465,226.67314337557656,200.5134715892506,239.1030337235689,219.76748178513927,210.94657064337687,193.9810246418442,225.3411394736352,252.85849291758836,244.29056130834115,247.29617999319368,210.15741946945,206.7800887574835,231.8924004053152,209.45384939535455,233.9568216738899,204.36863655932927,235.98778173210889,227.7146154809992,238.91646018069864,209.66213995528136,199.2456468095558,220.6101751797778,204.171489917286,226.39643445762613,263.59351226746827,259.9225179894556,144.2322226534393,186.57303973313367,211.5624658109018,255.66051521240644,195.1839231834765,204.13122922976817,240.983867466901,207.35233638888968,236.62072371720484,265.58381125566297,251.4169460878961,250.60585499245275,233.42915447495184,242.87546058840616,248.55355423362892,243.31516812388853,196.6162341211197,250.47471092389156,248.33169738040164,254.8600600197436,230.33416893583976,263.26160939080387,265.7959703163884,247.87566774526903,219.6747396089553,227.0126217675985,242.14909218913425,240.64106852607003,268.55523156186587,235.34643949870951,256.6084417193315,261.8566024272289,265.99906616808573
229.48250587690296,169.684217543945,207.7100303127836,170.98877319133226,204.8742378459796,207.4753188171872,212.0715387554048,151.95376711121892,214.8743726089644,247.46974481344336,241.49576759455937,240.6888416589643,231.2045272725836,248.1127644721488,255.86206155937447,187.08973856000569,171.31409487610887,0.0,157.42387836480898,170.81051813218664,185.46617543319496,199.8093210747429,162.02603447908967,232.5898273393242,242.54194405241228,240.57882472559496,232.97348660576657,239.4129231085204,219.3068446900812,249.46360286545223,229.37991924723752,227.01034116694228,250.02151921990315,130.35495910902316,190.28909583588563,177.09275458380287,227.43133653314305,236.5585685305769,240.0069234323562,233.51456678630743,228.7021882462838,237.87689285711065,232.37715932171523,239.81885670453497,221.1046906240142,249.92046953951672,233.8544518458151,210.10177708557603,207.70246872371976,217.56940150183027,233.0046361816789,205.0952902597157,197.813327685696,214.4071260306224,221.19497426911732,234.64681206530773,181.4347015294375,202.3792899872974,247.6178038445993,254.999164507959,254.9974757537708,229.29912396564373,254.93020535088837,237.86113082516755,231.812525742512,258.6105876586573,213.2546326539953,179.98093479706623,169.90132779735984,112.75935793241752,214.2523864345296,207.06054919669023,189.9638432291934,242.4383450364849,222.45060090743584,241.61923282132364,225.95959056489056,246.42446333553775,245.7679669822777,224.1566849000173,249.08318243103287,212.72346988669412,233.34787580178283,192.4822730793097,229.1495190078237,254.44497329702537,231.30243278108145,222.6213065413397,207.1368603737803,260.1898089832927,233.85920437777736,238.633153784943,246.34077724771203,243.35839652354437,253.47931472268695,235.70739081530127,250.9735443928288,223.9617758404057,223.6537245674496,228.05716525235715
252.9867834280585,226.22138875163745,229.78541531339607,234.5616026870977,208.74114545829545,225.24428100821615,243.07548558624404,228.165545676083,238.07918894355208,224.10769445080427,250.74001965855723,213.71935852321133,213.55485633283595,209.12843632539088,285.5135272748321,208.99390169794952,80.0784284801749,157.42387836480898,0.0,260.70528189235216,210.76357792736752,179.04679961076266,212.61136961142728,206.81838089471375,236.24159795576017,241.0344485312391,232.70537298724295,237.11063192556955,248.63354416879187,253.6924567023812,245.63030971900065,231.6036161890696,237.93435432838857,141.83481857183938,174.15754474859918,226.84157840098743,241.6326265884064,235.2825639051472,232.55192689968908,242.3003225437909,223.4671714867732,240.13791369716188,226.87196602920667,246.2583820669165,227.3705230620784,221.33768785991535,212.64144504735933,233.945284310818,250.23837915964708,234.8980604811007,261.8939709095013,223.1824516364648,220.10330371401992,232.29996556294964,221.717189292084,249.34011892182377,214.1604193531721,226.5396039822721,238.2370502056293,251.2904571521628,229.00608150552463,218.97527450499445,224.4071977007409,192.9758301633084,217.71826809690063,276.6005896151123,256.0870927302836,132.30289192606455,177.35876280609656,205.16017592548783,247.8860918106144,215.84002508764604,194.1989689889755,252.57684196163945,208.02005456538063,249.04686928248609,279.19165742583186,260.7311679704784,262.5269188004488,227.86808392899155,254.8127907737657,246.0153652659452,249.996516613243,199.1895942968925,258.3419847001413,257.4708016980892,258.66622264525466,244.15008543354435,264.9681992500542,274.77124016830624,245.5692737607796,223.6923807313515,239.0584045819992,254.71169720745505,254.6877020402996,272.8285237003249,247.4113293310259,261.2980656758364,267.5262971397014,262.8816725659842
149.53923647902917,159.2547301153637,191.36015966528024,151.4622469790669,211.79280179073004,187.84249315330348,154.3573330903899,161.78603520933564,187.1130410835944,212.02201326098785,205.3858116079906,232.12698685505225,232.853678591581,245.8082631132177,174.50626097869448,177.45587043599687,256.3833712548113,170.81051813218664,260.70528189235216,0.0,173.57057869989606,257.2427849871976,173.0832279485532,222.65266838623995,227.64356237212456,224.35746420001837,197.2912218748025,213.78144921526305,140.71216220959107,204.7180692899869,203.60540450452945,211.7303052358834,230.92304925422573,238.9021774068933,241.09564123903664,179.56767107540077,188.253936443744,213.01091026801936,219.81455911829275,178.7994301170933,207.8007954888909,205.41214953344883,231.06429008035892,195.4536871290984,222.9638769197157,219.8264004266064,238.7337856491718,205.5753785588648,139.6747554692645,181.59824553882424,149.1486524291933,194.185652893471,187.1969323207357,198.739959603726,225.3555871539108,189.25887698870343,192.6473866310232,200.1406677047859,201.8994294872589,213.9135232000885,225.7430845099454,232.14161426336352,231.3931096959793,245.8801138813457,232.08082556503808,187.06255485139636,136.58027197288428,266.18496931895965,238.0184534609808,174.7637661739074,152.51339643549383,238.3950328075195,222.94424313684704,161.6223186119037,214.43064800487093,219.22348670753647,130.99494738350705,189.01773410090604,204.01718339530885,192.3440289730007,221.0352389896177,187.30474025948465,198.3705377133814,247.86504392405212,171.7298863337131,208.5906735224955,171.13408583792966,212.55614683467468,140.71961489682093,171.2816229579213,182.2186750750709,212.26578565524105,205.46279851843585,204.2765600991092,201.20861741298177,164.9634129580436,193.9816164080896,162.23811615669132,141.6342384177915,160.2265975938204
209.5353926460648,216.23500089485543,220.7917002191071,201.60921365053437,240.56524863175773,223.8564703138064,192.95440342260488,178.32360925777368,182.0311726467223,233.71735808872148,234.1559779428369,221.67020153457105,229.75930686404988,197.9513607305669,203.98859192334191,237.48905462030672,226.39068933614908,185.46617543319496,210.76357792736752,173.57057869989606,0.0,283.834510088474,210.62340798506008,244.3829938069586,252.9366399042558,262.4165379096295,197.87592211526308,236.27004404688265,177.92864429729593,229.5833355061237,245.44930335610036,223.70352636722816,270.69947037118897,255.2087049628749,254.381971839024,193.33403576956863,190.4910847912076,228.3416979650165,243.449498934828,235.91471041246416,252.4039237656958,240.4173814287038,263.8998183100182,194.07701583111623,235.79047427541272,216.87706083373632,260.5482875027308,230.00529709234064,173.53744539536285,182.6774207333809,209.7860112255878,247.1690897551501,211.727991177006,229.28008054010587,252.20158713150687,221.44410539052723,217.93348680360955,181.4152695703458,235.2700623899748,224.1986580776368,234.8679264406396,226.97885554941945,220.46168592548705,206.984866453079,169.7908715368664,217.6605037470387,172.7266793808035,224.8570287142897,233.8485781523288,205.2706802892867,106.86991147305012,276.0460512785341,193.13662628070625,226.7719744678812,205.75506030519963,216.0880677618079,179.33089879420342,194.83621022455685,243.82843971793537,206.5228118646338,229.20585937840627,210.28715328730016,210.03766146370805,254.7321533080639,165.14869507992495,262.96663077723,197.8170315256077,233.9283670865711,163.72268150996996,207.67630298014592,217.42259480542816,218.6422704403828,237.26819801684,215.70755337080965,231.0516745224612,170.2719755728793,209.77807449729696,199.0039440152457,175.10341739473827,182.7901586093388
