0,1,2,3,4,5,6,7,8,9,10,11,12,13,14,15,16,17,18,19,20,21,22,23,24,25,26,27,28,29,30,31,32,33,34,35,36,37,38,39,40,41,42,43,44,45,46,47,48,49,50,51,52,53,54,55,56,57,58,59,60,61,62,63,64,65,66,67,68,69,70,71,72,73,74,75,76,77,78,79,80,81,82,83,84,85,86,87,88,89,90,91,92,93,94,95,96,97,98,99
0.0,155.89899967691758,149.35943389998073,145.31695432054215,161.23942292725306,154.83892992593337,154.58699857361012,156.49109531686662,167.81469836825144,155.5800891453735,156.74688863090068,157.727226316128,162.83772957228226,164.49856136977115,162.87506069560837,131.78879925963912,187.59550905368295,144.88244523828104,151.56167558413,136.73525881032634,148.1944719331666,172.58559104042547,176.6518005995467,186.5162992260046,130.31365781943234,163.8325922828423,162.5020372010962,171.9101963499537,162.38485130332936,172.5852040970142,136.82937292870065,113.12999012117396,103.91634907579852,146.68883324892545,141.19662736968434,160.03042166446784,160.94132616986127,121.1160663929724,138.32083674056557,163.49129496650642,151.57711035125632,142.04491397870794,144.7947331169278,138.3908883089387,152.1030926733929,156.20328458290695,163.45925131023938,150.26833505461093,151.90606607314652,149.07469873803225,108.07150851253866,146.02551712202455,138.52083097167707,148.17982059430074,159.1146698488582,142.3670468747552,138.2132989364352,155.88947219263653,150.9905700118571,163.1206528324293,162.53752761368156,154.9553571859824,181.9120922411463,162.38798096397704,164.41971320030632,165.66992497123718,141.42133775527768,163.85661387461667,147.80618438258236,143.02666111053688,149.391361096368,164.90104559294574,165.14732302185706,159.33448721529794,177.6640855466025,146.82966885088376,170.51159712914995,171.88407262750405,134.77831801298103,150.43102910696257,178.25427272413515,141.81920223788342,158.82271262776263,144.5912372091243,157.84910970375194,151.82388070582425,163.90746161488568,157.12811723200886,135.64902675260151,155.50631931629368,126.31548870282133,168.42649617163735,146.05996997883102,151.53234119848884,147.21563789804526,148.25073305039626,151.4282723552501,144.94103558169934,146.4189759883546,151.0446054428892
155.89899967691758,0.0,86.88926052896221,79.50873858767582,78.67587905583554,97.02139937413396,118.9393623406761,103.78390140860397,137.32491378202798,126.4589858567893,127.26594197079363,143.64643452528975,129.58325858333333,128.00171756296783,140.40006690636687,92.53105321761832,127.08485545683384,132.50625300339505,126.2386389773744,153.18623256415043,152.51935960206404,142.79466249596786,150.08364101887298,133.85371077909383,160.1037456054456,161.18694786213132,175.61680120074348,161.28848649522828,142.5780890276129,158.69645907806927,136.57315561410786,139.98875985382278,144.1034755450125,176.31438308313173,167.08806296838858,144.90445966122812,142.403327595753,128.93759422950217,143.58592634671956,156.39547076215024,140.1479489108006,140.9429973906948,134.76387484112178,128.29944835759096,129.92037330251338,156.3854728548537,146.13332736862435,166.97201284353537,122.14984812080046,138.3390345777632,163.77653170958476,85.09853682426636,130.56400122926507,96.3740273915714,84.08816392394365,129.22796043077574,114.04122429758075,134.4050654639883,168.20198456902625,153.32108462815648,164.8797306761382,151.0093426460196,161.48241409786098,143.7675539331252,155.47226431645328,144.14310947906137,137.5428709379217,148.74095596943252,157.49026678073162,150.90429917187703,148.0237872775362,158.24343436345572,158.6314343087436,152.1917734604219,148.6056713736098,173.05413791294518,174.15575114598462,155.6385968474995,157.68075927116547,139.87559937803078,177.00577534965754,152.6109165959356,137.5626303865635,143.75935019853307,151.9912969300417,142.58353883102927,143.52440184420777,162.28491483858522,150.2916148430422,146.14954147655797,166.2249738896607,149.8860819036197,157.04741313909318,117.34649721753895,154.55728573896107,136.05561105058285,147.77522649833105,146.1674689810082,125.53683028871411,139.84450665423205
149.35943389998073,86.88926052896221,0.0,115.03341165007502,81.40018189786913,77.37478954338873,130.56442367741238,93.48554643740088,110.66145703596204,139.3390628735698,123.01432802274624,141.1933993611968,149.80946452933003,142.69872436860905,145.24588661142232,126.22104713974328,138.72695538040244,112.05095831809696,119.45626935025992,134.34837592744788,135.20390375496697,161.0182215287271,157.49174649661552,142.33643273372496,152.86531905668645,159.82286232746145,178.4599413389921,176.07817223494715,144.93423655292162,168.1856020663744,141.1211234553232,141.09735971823974,146.93477188308157,164.54911983597685,171.92192922585764,120.95007545412687,152.75238506257497,124.53526617273008,150.03176989799923,159.19535742220285,150.655124674724,133.61232435545196,151.21635124898958,137.90125378182108,144.42329819619872,156.4562797375179,163.47316888632554,173.26636797463544,121.57044599186824,133.5358834233973,169.39632879372118,102.66446375374244,145.28147288238614,103.53613183248233,70.22587416198994,93.81418292578658,129.73785165269268,99.30488791492556,167.94762323306227,162.42346226961016,162.32132689371127,162.71824777838128,158.56642364961738,144.52168714038746,146.8460799857857,141.1765542118838,149.56868224154871,142.51952012890686,147.4250316684704,135.02275750409956,130.4406318076818,160.36108042811497,151.3331621179815,149.24304141579188,138.2852741998695,168.6422606268954,162.71267163769014,164.02880203730052,160.85997536051426,137.7979221044861,164.87026255848775,143.182719337257,150.71382530516243,154.39469592184014,151.96515742322254,164.10336945640415,138.82583996618467,167.9278242121862,144.15819670989674,151.87110491816975,165.39370272146832,149.17540743261833,160.13788719463562,121.48744783122636,167.7355935858318,134.85014680750288,143.11169727370327,151.53423671017566,121.77572342026993,131.76949672276305
145.31695432054215,79.50873858767582,115.03341165007502,0.0,93.77335255135355,124.1493007162816,100.718066650045,111.64003431818456,146.85390215463502,113.19368448578754,128.43719708098214,142.40869292069087,112.640554543685,134.45630385199252,148.965767792968,89.12606953092967,135.94993537492587,141.5277569009641,135.38825563749458,159.8878646030834,153.7194974562309,142.0004143315123,163.4640950452879,141.2329435562716,147.45984208402825,159.6561901320741,182.27049389129357,166.06174003870942,147.64955663700965,163.12949192474483,138.3522325219564,127.41717824187008,120.3538644108211,169.07218525491106,171.92289519349822,154.69829307238538,153.90723621741265,112.83545894590586,134.56221489195752,137.79006229376398,133.09356807862423,146.50917225614563,134.4759811953545,135.15347360865343,131.0184632843936,172.89878325356645,158.5124005693753,173.94514677972887,140.5619099517799,141.99428118260315,153.86592046688085,87.02527278015754,122.22905331668017,71.38915671343551,106.23300312222742,142.91511397644177,111.2696875078156,143.43219435375892,157.13283052127787,135.29903701138898,146.12060783295516,134.28450970139363,156.94168397612742,146.9992239932589,160.2852199713027,154.77245103577076,129.5910146868286,146.92871482065456,159.28628713806376,150.22970452236405,151.71959526801533,157.47989674362776,163.23564571819827,142.31413726850965,151.60701670138485,152.6722674848307,173.95571151599842,151.63173731796772,157.89167733321946,145.71136162733046,176.5976512848644,161.1937124083556,142.5515367101507,139.58177960629428,155.1291708261228,151.76551872223342,151.13709171618692,168.1479528666125,152.47380991386376,140.00454355386756,167.92028004981273,146.45671237575502,142.45396305288955,129.6476126007118,153.29131156406808,143.92694562595855,164.21796630454998,152.8171883752402,134.3405521737135,142.7590001674186
161.23942292725306,78.67587905583554,81.40018189786913,93.77335255135355,0.0,75.03922730915612,123.10191919847443,109.86434977954434,116.51225206856472,134.25780713003644,125.9989858479247,146.61761643072458,142.1754173115516,147.2071914926283,148.0196805892454,110.54075042244472,128.91998720771704,126.76568175389563,126.83152400983694,151.2934425240075,144.66397720773364,146.2441125308524,156.70329356252586,135.19115642476038,156.67731903445178,161.8165881838984,177.60808962939967,160.43125879508915,134.75274111208935,152.5154045713744,146.31187207522373,141.8661790810363,138.47545200614897,164.0803190290766,172.3893790454821,135.60666849118786,142.53088447477387,121.89186966060396,140.84650428312852,150.96580564961238,133.19891853099142,150.9231739999712,151.0536058354581,142.31136171614335,144.0738483951255,166.61747917422483,155.0151022485863,177.3326445638369,135.41468606885496,147.79464885623815,174.56112361013408,101.72946469782136,141.96886242189288,86.36524659664789,47.40077299062431,108.27803308076402,128.42236563076,117.41875811480374,167.18248776872633,160.80703931389652,161.34243613275592,165.96432241729264,165.02148205956124,165.2388570924862,165.61658003765882,153.93239866798018,150.25934430337855,161.3061651152298,153.65507694545818,151.56514447893926,146.5159761623463,161.4663667896428,150.666228550962,152.89908276420385,152.71832085531042,171.53941710272926,169.38542820061414,145.90078704007416,155.26131954637694,134.59354585211327,174.43314645040977,149.62897399173448,145.25204408388714,150.79950738686,150.42687421921346,156.24542287386785,141.84196830880202,160.68944412021304,149.51161143234427,153.05991724749353,167.9250215867571,155.1801258051612,159.08525761903178,133.32431398054806,171.41215877049257,149.71241140656733,146.4456014154272,153.2276632000444,133.54335537262318,149.61816151808955
154.83892992593337,97.02139937413396,77.37478954338873,124.1493007162816,75.03922730915612,0.0,109.938214554299,119.11530391298498,96.51753210377484,122.74499798975376,121.76328111749098,146.84326064235069,147.14008973190872,147.21248548884597,139.7566464207842,111.42272245740472,129.59680208100525,123.19808388976011,136.52229242402584,129.56136316889933,137.24523575695065,157.035873151684,157.68354524778275,128.27822723724864,154.86239211041655,153.01014431384743,159.84654035189064,152.248481781054,96.57467028270185,164.3086421561768,151.65622505393256,160.47766338214694,142.33268061173726,152.77760066938382,163.07828533930802,106.460787099372,118.8012329583959,136.06020730565012,140.9357389379856,133.5983822967801,128.55493491951438,154.09712324173597,163.91465017496083,159.37237849985578,153.24761350362098,172.36365534310508,163.51544233206954,172.49618452858022,119.54308589334856,130.2170907136865,174.62690717355156,119.47905356065048,143.77499784998545,115.50798486823372,65.63935042612846,85.01645301604214,137.96115503459842,106.88062452181283,148.41854259662898,162.67882608808625,157.11200084999703,165.1790602736287,142.7605764131813,157.07434894719594,149.432887107017,137.76598209397463,142.33925506764336,152.24219096034673,136.62846872732214,141.98607690700837,129.82777164599256,151.148240350472,147.15788806137346,145.7096051484334,125.20008009915028,155.06932627376557,135.6233829518805,144.59362794884674,156.31683139133966,143.43563393235405,140.26098601758113,140.421715404653,152.19955160395742,148.84287482661333,142.36676737261917,164.2345445381171,109.15813941143224,154.45618673430718,123.06385582011134,143.27727932388052,164.90933025691095,163.66967060912214,151.41483053976305,132.94410430329805,161.8010669285601,158.44442416446915,158.4626321216655,157.16396791438456,118.10086721794724,137.2304600909403
154.58699857361012,118.9393623406761,130.56442367741238,100.718066650045,123.10191919847443,109.938214554299,0.0,118.87561243902124,123.30463673431998,101.19022396441272,133.40857605843388,128.34947159295476,126.81249216504376,155.54837680267346,152.72207431833226,85.33646704937166,122.37063112592509,147.02900257697905,161.01206448594348,157.04237473458076,162.29007794253363,150.26834467626207,175.9342215199255,110.00222384975676,147.4671028066373,149.21516825201374,158.21796662611075,151.98025136532806,104.80791812712552,177.04401396481416,157.23006296054072,162.1031834116464,138.87800315297338,159.62726016289838,168.60206550800726,136.68848029035112,124.00171748165153,144.66041892814968,134.36062739917747,97.67277301657244,106.137571872793,156.2908846071219,154.68467326105542,168.77169563265156,150.03625332936576,185.6501123757257,176.20052002956683,180.27779003599824,146.09245413780417,142.20235607760793,165.1604413925968,132.22467489943563,129.9745888534908,124.98074455165742,122.47634135680327,126.50904469921396,131.87601431052894,139.45552347520027,143.4879087635043,145.6970551603588,139.7779910668063,137.9055525786285,125.86377273177786,158.7988766561055,160.6394014373891,147.60504088359767,116.61275355494844,145.4033795815721,136.04202652353774,148.95986579046905,149.9332088521965,149.69075572631888,158.94281451797605,126.59442529009846,101.36445830601774,133.2819460982161,125.83656301530476,148.3658081001339,164.69850792820532,165.05801218423375,119.02282284559196,155.04057682846212,155.4344362237987,147.31734126436436,149.0973041207962,171.17506603383492,127.52308594837469,161.78513634032632,132.03990478958542,120.57562494158246,182.48776392944347,162.59576677184532,141.307948935191,145.236244148819,148.88569734523827,177.32873439923932,178.68195651309122,168.77628454683366,130.78523290966092,141.3611178610568
156.49109531686662,103.78390140860397,93.48554643740088,111.64003431818456,109.86434977954434,119.11530391298498,118.87561243902124,0.0,101.09777005876408,160.51202269705206,147.0512274551008,152.81616325118262,126.040357564612,134.26085686453467,154.2900639923434,130.0242829332519,139.79897541760832,93.33391109728343,127.96692279421984,128.28472343705516,138.32711588813552,160.23677300799932,174.25447117726878,158.31977376206015,177.49505183942836,180.22571904556884,186.06469084762085,185.68665049679828,144.58613485222918,174.89447928803776,142.2614007054862,155.03869727330726,153.17620867169896,148.12096032446397,176.80588851782124,110.43988703159124,161.34984939760136,143.259484128961,148.56877392762075,153.12458154895987,135.49164430433405,165.0311947138937,152.74685222236917,156.15614840995744,146.18663026200863,161.6545768259775,159.60502332567137,167.46646770696674,115.33548373274506,121.38370764197192,162.7191997122045,90.76430250182813,118.32010409676737,105.59056315842652,103.5442515164279,99.02108923456856,81.2598457670338,76.18145560395442,183.76580583585692,149.6325547648022,170.30914163161708,138.98977285851242,157.50728087746558,123.50404390091394,137.34629453429503,145.43040256866556,109.51433394280228,119.9996355430216,129.26397441228085,89.85715956747039,119.6275061966074,169.09169810043653,164.0755053809932,129.7020694014708,135.8154191299079,186.134575817396,162.97469227020437,183.82897924347097,165.4324143787335,146.34669429061327,156.68057769364168,119.74172854572367,158.37959230439128,167.92357328797115,177.18308329937466,161.2349418590237,158.71228677268914,187.75149520970524,111.35014351787994,126.83347989701672,170.7859039794297,145.7435861898959,134.98375423513409,156.37512579240675,178.61710353612733,155.36354199391857,156.25309490605412,163.4374020720103,110.73208052048513,117.56560770458654
167.81469836825144,137.32491378202798,110.66145703596204,146.85390215463502,116.51225206856472,96.51753210377484,123.30463673431998,101.09777005876408,0.0,138.65456447540868,149.3359781907575,139.5779827008302,167.10537472758128,176.67198258373048,161.20738024626516,131.9996314910153,141.8953728802759,114.4693655710754,153.12847834702515,124.94774582333476,152.50999912530057,167.96737088738354,176.39724519336045,129.2887222667822,151.95602668596706,152.09248160117113,150.16183226476983,160.193712673057,115.19850907208428,167.78172801716488,165.0607027349584,167.66657460294806,153.89128409630723,119.10699955347376,161.96925633014806,81.91298156085226,136.2082833769647,157.87460652895817,160.8526939692328,126.90460642865344,126.58218775157052,161.90995173209893,177.66010983996483,187.7425279276945,173.06645846957932,176.8386504623898,174.14992671671428,179.8866591261369,120.16038799384243,137.29352263667852,167.1206656715494,152.11664748815713,167.00741906150694,147.29339226051275,110.28278271853524,79.15136658296875,134.32177790602913,64.93254984960666,155.0702744292738,154.674139628691,153.08663740444308,169.00254675268226,149.54662527601016,166.4011126357192,159.31045655640867,154.52707912445896,138.00370401910124,158.93302877921798,133.23946693975745,125.57341950503783,134.3126724444942,152.6542135691162,160.04939856113174,130.41183789986226,128.76520818925874,145.71205488253574,125.68533492244713,159.74644105274615,167.88199154548283,161.24978524562198,124.3737500636934,121.12741178068264,157.27389027212004,147.97849320144334,135.3745777231834,169.69437862915848,124.84828343826588,152.5470886094571,97.16977784169804,134.76028397522867,170.14634563689876,161.49939111266747,153.0229732700617,153.6462430115205,173.5533977129662,177.5468346749979,156.36595025902653,162.9962208220722,124.31160353466215,134.25647156432268
155.5800891453735,126.4589858567893,139.3390628735698,113.19368448578754,134.25780713003644,122.74499798975376,101.19022396441272,160.51202269705206,138.65456447540868,0.0,107.17520873429228,110.76240580236804,158.59276002708964,167.0363578075271,153.21100233196216,105.4210161778035,136.33539499420718,173.49190065526048,155.21276366617312,172.34533855484736,171.91028781443396,152.67133825067748,159.78593478703442,87.99675694349682,117.67709097817809,103.24197599732553,154.34123772959651,133.33000039901216,110.30693052769304,164.24466275358068,172.37634946090245,157.24598136499492,118.0373907376814,165.2406462230456,150.4246911318256,153.5170175197276,110.61264307063344,128.99632769343768,124.14839507958187,94.22816338658686,120.32293896984066,136.96078404164106,152.14111111442003,162.80610738429849,165.98307813879774,180.99934718070847,173.69218494763206,182.737777950201,156.73008510538008,151.12090228185326,170.34848691463327,144.3214535147431,161.09876626646346,136.4670176786624,143.00360538777602,145.34401867960497,167.5822737659871,170.45159328564816,116.24209111287948,131.69947732124217,138.5144920588998,172.71023190122617,155.3632474295688,185.233311266364,180.1700187209125,153.046960412023,158.88160742280473,179.6389576971988,171.80226659455272,191.11601983872163,175.3810371571583,148.8556136919287,168.74810838763838,143.06445309641032,132.56139030424853,120.63683341742907,131.52031578149428,121.06676335126542,162.4796732183817,168.02114408495834,138.53256760729988,178.0715275142637,158.92777398521537,136.61393087289545,129.25271703934777,167.47775694719803,117.7247074411335,134.00777124755797,163.33372178838968,151.9847091178729,174.9570503891644,170.0515249190019,158.49839214875,141.14646502583935,148.4519836151723,166.97515072773274,169.97497928783088,154.3578778522789,152.64054852217436,159.2772607473891
156.74688863090068,127.26594197079363,123.01432802274624,128.43719708098214,125.9989858479247,121.76328111749098,133.40857605843388,147.0512274551008,149.3359781907575,107.17520873429228,0.0,115.43246397968812,133.76990083798415,133.9586904566911,128.74877952003234,145.3499020848211,132.23887593742043,152.35336760756272,132.8269662498837,150.28760248643746,141.94323805085867,145.46161979963716,158.42920327691024,121.38808876846818,137.50464617580624,130.3597001402621,163.6504082644776,150.746951271416,138.16294044034524,157.8286204826234,158.90099828388992,148.64486913164555,143.68388967412875,167.01879648427553,170.39500545025066,143.7506343680427,123.24234656724224,131.81696545177743,137.56033452609825,144.05175818267733,135.78634334465164,129.6324490346025,152.33804869209405,143.6296704688053,156.63843796056955,166.99659420191637,159.15323726184926,169.1152297710824,147.74401329505943,127.886950523905,166.42356381398687,135.28384325777586,143.1413822755366,128.3106613818607,126.90450223158682,141.45494245788683,155.0136725118887,153.80146180855616,143.8740879986055,140.12339415273289,140.7500411732047,138.63224558082462,144.72485844298467,154.29307732638597,153.55394596249968,129.2183198751461,151.21952774719512,161.72783046704393,165.85692071038554,169.23737423057142,149.53960535745253,166.3122049958057,154.08490115663298,144.18714332041054,130.76653269898287,151.84994764367042,135.57358868229352,124.06733042658948,160.84150688761454,137.10146701904245,155.78385814805503,156.86026171760324,164.7389898297792,155.09072213273487,151.60655502010655,162.74923111831393,115.59878427586251,142.6779790179457,155.23316012323207,147.41872535364584,163.6103626002348,151.01390274622858,153.9470392375634,137.5672022204307,166.91283377899083,141.34315065069643,155.54778358708245,150.1206547325386,136.96980440080756,133.1690935907245
157.727226316128,143.64643452528975,141.1933993611968,142.40869292069087,146.61761643072458,146.84326064235069,128.34947159295476,152.81616325118262,139.5779827008302,110.76240580236804,115.43246397968812,0.0,164.6682574355262,170.46735451406755,149.2207864172457,134.69400835806098,145.25465110953138,151.8133800521423,148.22353892565425,157.65059092871417,165.66821424622046,151.3209605276365,163.2334181683962,111.4387001672216,136.00793149610016,95.56386532542264,148.6210878036398,147.50453873693232,147.6574593609724,156.1407173853012,176.1963293883409,156.3550756934007,141.85122322952213,156.42511238695155,143.80643607652723,148.20357176971635,153.5900948830973,158.48608201760686,150.36168302351558,129.678930305082,136.06257060257164,137.41346578292004,149.22515543219146,146.7007241294363,155.8301550946968,165.7368854625666,191.66459573305536,175.12194176756685,154.5709234824982,159.13491299990557,143.6438100667624,151.1336353525615,156.63006472538785,154.63983592556633,147.01804096494735,139.93724389288752,171.3730849078417,155.55213859201618,140.0458989055525,130.92620021213511,120.51426581434652,160.64696934283154,151.0530578042949,178.74604198339227,167.82063348735957,137.77934488830851,157.34725741012554,175.0540298627214,161.89358454042002,170.53923662210033,160.46619794148003,143.23220531498924,162.7847840128575,154.19784817867378,134.7720479675108,131.74265621532425,133.9334377883028,132.20086326691668,163.21140312654072,168.38358113145685,152.5097480176881,165.60755511335208,161.67066215317172,134.60677352811155,137.25783574022432,174.90575408450235,135.3020652832377,128.96924319585133,159.77451108569642,168.05757061080743,166.9146324365381,152.00413970347276,165.59722368347428,153.6842979643459,151.8747753569994,145.54928455408128,153.69883403147514,154.2859975069968,150.5410101363148,161.11969670118793
162.83772957228226,129.58325858333333,149.80946452933003,112.640554543685,142.1754173115516,147.14008973190872,126.81249216504376,126.040357564612,167.10537472758128,158.59276002708964,133.76990083798415,164.6682574355262,0.0,100.30941143028716,135.2282242988083,134.86776974906493,127.2425808729332,144.3614868308421,147.46627048005485,149.57622288096633,150.45149248467078,116.85236861381055,139.27055887614972,155.02711265371704,179.68200213317095,183.22718186739115,171.44008524919053,149.5894565983288,162.24698800392386,143.93373685007936,138.10199471053,149.91424395615678,157.75878614810966,172.179622549366,173.2736953993909,163.81601053202888,158.69903311652166,154.78866059750106,137.18043722065892,149.6690923684047,146.41291459670128,163.65395822972303,147.841840301238,143.81663804425563,137.20566936715545,147.90181417800318,113.15855472786797,127.88449797529464,140.98523185068177,134.09662354281588,150.35956264546286,110.50009190479872,97.3981066072563,118.53034597684992,138.99222705128128,158.6108070873446,130.49982315776788,156.0158121719188,146.98362259670188,143.2009197804201,159.4937658920515,74.37707194701153,123.9751151281268,109.743565665312,136.1109434239755,138.5402345679392,121.07758168044504,115.57060449231676,148.29386016057057,137.62898551723436,139.34396078014532,164.95799457642798,142.89643859922424,131.1973785293479,135.2630504594504,175.1587372435108,149.39708035370433,157.96160612656593,148.41782104047655,132.41434723163184,152.40354032262124,150.75700375519722,152.04015371939897,166.58422396081363,177.96885565476356,136.63523131582735,161.06400950726675,174.09931562800998,155.60912394680042,126.85971097188904,147.3261556491539,134.9402995446795,120.49405725680154,146.99477610546404,167.21893990450792,153.80732424694895,164.15801337262698,152.96389930233744,129.85026681572805,129.43903109165797
164.49856136977115,128.00171756296783,142.69872436860905,134.45630385199252,147.2071914926283,147.21248548884597,155.54837680267346,134.26085686453467,176.67198258373048,167.0363578075271,133.9586904566911,170.46735451406755,100.30941143028716,0.0,83.78178194323552,145.02121390682072,121.30564462624592,124.57351842304492,115.4692291790783,134.55407059559124,100.04074609170736,141.23938207452028,114.28041450580562,168.86313001646536,188.6279643286948,185.10399896689427,164.99686885745962,152.91110536292615,158.6146471759305,125.97179131005991,134.49840239206728,150.09027654094277,164.81994823796458,163.89122681236083,171.14807968791473,156.8638094542204,160.11773941503864,153.47923639140194,147.568887654355,187.20120125130427,164.10917902208547,163.2655599646679,162.6625308902662,141.7781363245065,152.48190198710202,140.0810982088801,116.69412221768869,118.69207519203492,141.794596802985,131.6246614909673,157.34328323515828,120.16141797552714,126.37756443820916,141.27430319696484,148.3313341751445,163.19880915442167,141.7465580464119,154.85607557395969,162.58253835281542,165.3514568372085,172.1223708175412,125.19683965008306,133.6073770936082,99.81432481928566,110.99821367787388,98.49395760378056,157.23722810250877,121.3753129740124,151.12076393150332,135.94427085209537,118.65111760795278,173.04336804095524,125.68925043123052,164.35390191426933,155.17537748797216,178.5224217129704,159.22896364494846,151.51031008001883,144.0663023531351,120.8113064961979,172.9308401335507,164.5392196610386,152.5577480901992,167.06871120870193,161.65479074361158,150.40718035912255,161.79357934976156,175.67509332088673,155.1524678453006,155.21747397922337,140.6660822917562,146.77588207046273,146.88490600761162,150.92331259814614,163.33263625573198,136.23426380540025,143.12743526726734,137.84514526877066,137.2203072509146,128.42953618967252
162.87506069560837,140.40006690636687,145.24588661142232,148.965767792968,148.0196805892454,139.7566464207842,152.72207431833226,154.2900639923434,161.20738024626516,153.21100233196216,128.74877952003234,149.2207864172457,135.2282242988083,83.78178194323552,0.0,155.80424546847863,138.0323856334984,135.42973918615883,130.08632531316377,117.47163527965547,95.14430999119011,155.04383578339662,121.932770915513,149.6625574266879,160.97540441656918,154.87819318872442,142.55523794078476,133.4380954710279,136.4056198680305,122.0585111805534,141.28035230242313,156.3233481041148,159.03032838770707,158.87375522202126,166.43827846611111,126.66015624757212,139.75295598312545,160.940658054663,161.2294824132021,181.61706209850297,156.98747602477016,145.9356629686356,169.03858775968152,133.6095434372068,156.29785947505115,140.80271560580687,144.99444285360306,135.43939419824002,138.5912237142007,123.3261761135739,150.3663161734708,131.23864666946167,134.83721580849183,148.76169462247574,143.4809814206058,146.60180210064993,162.98054331740295,157.7641588649626,143.7855593172956,153.35338037718736,139.87363285678862,129.89313332695582,140.77539255404818,129.6715374073259,108.94776928067762,45.99354185549289,161.323601529344,145.78896712466292,149.8497304372959,149.6103918389873,98.49095729252538,152.38313630754243,117.32403101077524,161.2069333420923,142.71313866183056,152.59154347544458,129.62537158844688,124.5510233793515,138.99308663775344,132.26457890474117,158.65501667975988,169.04962340933412,147.6151505117571,151.55273604632538,142.88954231799408,162.14826122512625,137.2631774850822,140.98563801224384,143.11599990159095,155.7805098913929,141.10442391328488,155.8510855953206,155.0557550246004,138.12242714644327,158.20127026345804,124.54254951385472,141.80181717479567,139.006665820908,126.50406823899458,129.9097730768794
131.78879925963912,92.53105321761832,126.22104713974328,89.12606953092967,110.54075042244472,111.42272245740472,85.33646704937166,130.0242829332519,131.9996314910153,105.4210161778035,145.3499020848211,134.69400835806098,134.86776974906493,145.02121390682072,155.80424546847863,0.0,125.092653790695,140.81672561131654,141.08078906977832,159.57754542064757,164.19561961366946,132.55065853432535,148.85033048830513,132.47009726135752,145.4066535964908,151.54905303818836,159.1535927946443,155.5918576700447,125.48110197330462,164.29629386711596,153.22690288939413,137.93913932718914,116.610933012681,156.33386277998716,149.4247405587977,154.0236198260367,138.8838130594201,125.49166181715933,122.35820803454745,122.0875716332106,120.29331483847628,149.232649817719,141.17365847564534,151.45938824131113,141.55959463261422,176.04115057492515,159.5268479979688,165.13271317926726,138.00420050180605,144.76999130802423,146.6921619833355,117.81764918485678,124.57732066466778,119.00669688631577,115.40535497369964,132.59385440468117,132.02999993671625,149.0762296687554,150.2185323531616,152.84658424554112,147.02484441905025,150.61573573580125,149.46151827512466,164.88886461925986,166.76134079661742,150.27708978389603,122.63854126759364,157.15903437209502,140.9689767088797,152.27756489181536,154.61263071017257,147.36159236645443,156.6519465958812,141.82756958917707,136.57325847156574,142.48848910207647,157.56690854867688,154.9422426217371,154.1975369720073,154.57979479203755,153.34026276713598,162.11390845274542,150.07434880584086,132.91166364146986,147.3511726773212,144.75849695605598,145.17270540835034,164.25597976463553,140.26945364979753,140.9959607143245,166.76693225940608,156.16657902976135,144.15026272906897,132.50579983843812,139.33708835592014,160.30999180541357,168.6623186143661,152.53621538010975,134.42900987326706,145.9721248227679
187.59550905368295,127.08485545683384,138.72695538040244,135.94993537492587,128.91998720771704,129.59680208100525,122.37063112592509,139.79897541760832,141.8953728802759,136.33539499420718,132.23887593742043,145.25465110953138,127.2425808729332,121.30564462624592,138.0323856334984,125.092653790695,0.0,138.76527691019493,130.7675430074495,150.6312646312374,137.70783330892598,132.4436264571038,130.77918481341356,97.85410779777808,176.52197947884542,166.05682838141212,177.32176599813988,161.1035883119942,131.38988792791665,153.17848247897564,159.3292877806623,158.38849045904894,169.29526685344098,149.28731430064047,178.54123144660628,148.58389021944242,159.11232865269616,160.34938771494194,163.88251222449648,148.70149009888746,155.18346341908222,161.2666543028917,170.40186327597553,183.989304343791,179.82211795220422,185.39123790081487,144.80517799716063,163.51924776789923,153.7646408007393,165.5152233333038,160.04209755689453,133.53581707658248,139.62427500757516,145.0326672554198,127.7361316604993,153.3752123177747,156.1917755534579,143.055890813727,161.85910948244214,151.43431547896222,155.14301873858702,157.45563698994687,135.9871681655155,162.98294570561615,164.2933895298898,137.6386900699139,146.9427759186623,148.8569458390372,164.33278047347437,160.29232624955034,144.26243029558364,164.27623519118265,145.80218791060634,156.46613899788554,128.92876862076082,165.0428678289872,146.40881222593822,145.23082409724287,153.9664577509329,141.4086286889884,146.4680171409828,182.82646367122905,164.32501551136232,164.16683950518842,162.789330392664,153.85413032622495,159.26121119771284,177.76617173295432,157.40446920110327,158.34430876606905,165.61446383382048,138.98628356046362,157.94247214476468,137.96693585950112,169.140243273168,175.92412228750288,178.3101946910068,165.3134270960175,155.51028410098198,166.41043431595705
144.88244523828104,132.50625300339505,112.05095831809696,141.5277569009641,126.76568175389563,123.19808388976011,147.02900257697905,93.33391109728343,114.4693655710754,173.49190065526048,152.35336760756272,151.8133800521423,144.3614868308421,124.57351842304492,135.42973918615883,140.81672561131654,138.76527691019493,0.0,91.8823037333195,72.49537917096842,82.13433334984981,171.44499910357985,164.46605359153057,168.52914832153928,175.0032635966015,181.30654967363935,172.564617951142,182.8497381695248,134.35507715774034,169.6065665011918,143.15161707933453,145.81182771108905,144.59104365482705,95.34490384236504,164.83950300115674,95.87103846461764,165.3159761450644,150.11331577242342,155.55881446260275,172.33694473251688,131.9955767526936,167.31322382025857,173.0065231825892,156.95211936128214,161.31479382284635,160.67232089643574,164.18069666291336,152.64675808754038,112.97207593688135,114.03642503955749,141.956671746153,121.8943608500834,135.11447173105034,136.2365110884562,117.80836693207404,105.82403483072756,121.9840110537725,94.8403904986369,170.60496033524788,170.21865748404434,162.36136735495097,147.63327559847914,159.7784892399465,138.51542813920713,126.82131029688227,132.51677798529315,130.4084515799837,131.24438750445043,123.18953454726936,80.75165263008199,83.00173684358762,165.98678675843072,153.42978968450643,140.15525842131703,147.1236407259661,178.24125986828108,140.5389810615466,170.68843778362415,159.75766657095727,140.951930623054,160.6990239935074,130.55705004499742,170.943796498504,164.23639109235256,163.7376051357836,170.5347472197857,153.19473024597806,173.9796520851736,90.8686144019897,141.5856278818518,152.781255187622,152.49559888836018,133.919938101199,167.84810620664703,179.59627082445894,146.4869852202204,153.39484677659345,155.27064352744475,113.48752448177405,111.38175478126172
151.56167558413,126.2386389773744,119.45626935025992,135.38825563749458,126.83152400983694,136.52229242402584,161.01206448594348,127.96692279421984,153.12847834702515,155.21276366617312,132.8269662498837,148.22353892565425,147.46627048005485,115.4692291790783,130.08632531316377,141.08078906977832,130.7675430074495,91.8823037333195,0.0,120.07353913460594,102.46507870552958,159.46807165538425,144.88662023704364,160.04678385155205,170.2490376796768,170.49917968908545,180.3220684103607,172.23202649748754,153.7689306192889,155.343076262519,162.3135119384495,149.8194545470597,131.46281496163482,122.184473765024,176.94806982229596,145.41193436246093,155.44673621519746,131.34257944245724,144.06768960685153,183.3680290580938,140.7696329243663,162.95958857343717,162.71530392407246,148.25037857840618,171.59039045943274,153.3971731933551,157.4301079249691,151.51199927119185,146.11187373108993,135.88739127695112,158.34841561078815,123.3849914891092,141.25506517152633,137.86123115467507,117.0501345750856,145.20018954178323,130.34970090166755,131.91400932422025,190.5565691492017,183.01704426944696,171.26821658269623,165.5343606347237,172.38301945005762,142.00679342671202,148.80146167900764,133.282179810012,160.41646121012025,150.94208672119927,157.21777023487414,136.60971812784587,121.37904101575704,176.37448012444506,133.11614438641078,172.39520938962855,175.27479035893222,190.91202476322712,167.3248178235474,134.17316327567244,170.41596734856336,145.4050862329837,185.01165180563652,157.65813149865977,179.077339212129,166.86689515730484,158.6635725893352,170.8197319278498,150.8920277840736,157.32220036175505,146.60523433456171,173.04114035477113,159.8477867389887,158.93326189191146,164.4196670405526,164.51350047113306,187.6393230878084,145.50388609396413,135.691261285877,135.99058539339745,135.3166976246901,127.39631649744274
136.73525881032634,153.18623256415043,134.34837592744788,159.8878646030834,151.2934425240075,129.56136316889933,157.04237473458076,128.28472343705516,124.94774582333476,172.34533855484736,150.28760248643746,157.65059092871417,149.57622288096633,134.55407059559124,117.47163527965547,159.57754542064757,150.6312646312374,72.49537917096842,120.07353913460594,0.0,71.8494255455241,182.0032797780812,165.70462554609193,167.2863662290658,157.10448561396316,172.30451996991562,148.25376298021553,163.9751967986633,119.74788463913868,168.17082803324905,147.46116546929034,147.19458360214114,157.483567133311,96.07070638454216,163.99854024982648,86.69588898449797,154.9060462355704,165.48411061396575,167.2415478602161,172.79395905464742,137.0593839507794,166.4160287288026,175.34472333502023,147.75253066424833,158.84888380581106,158.31647818550573,168.58894238976103,155.10555645773846,112.54585420134136,105.34995396207354,137.11112813516394,133.50595460979878,134.77174205306184,143.74038799584997,143.87260777077515,110.9027197090184,133.5666049367681,112.67169737169976,152.84620834771198,164.182035725318,158.59872135130954,139.66292614592385,152.70520347747816,141.77781841795266,110.62837391195752,118.77072092774736,136.36263962350017,138.7571825467919,127.34833181584386,97.2329959358518,58.70171033819837,163.2242781158768,153.894648834139,145.1274738390515,148.0237929959842,160.48423961031213,122.29863281122806,160.29563413978462,152.80242582273354,147.9906603209013,146.05173670279532,129.5080741897906,167.02650942287897,152.44677917540002,149.54202771907214,170.47775860019823,141.68892094451658,152.82958716512977,80.06373890302146,136.61963753759656,143.0826768486884,163.52584145285317,142.834508484906,166.62264017162855,165.64601087177175,146.05839455902108,152.89428500527308,156.9536652312272,113.30705261443032,119.65523399369684
148.1944719331666,152.51935960206404,135.20390375496697,153.7194974562309,144.66397720773364,137.24523575695065,162.29007794253363,138.32711588813552,152.50999912530057,171.91028781443396,141.94323805085867,165.66821424622046,150.45149248467078,100.04074609170736,95.14430999119011,164.19561961366946,137.70783330892598,82.13433334984981,102.46507870552958,71.8494255455241,0.0,166.68737116666767,148.6246578754858,167.89879400853084,164.49268355574722,172.26158166637632,157.07168294546852,157.3150960420234,132.9044765854523,153.94988332487253,140.20467917145916,148.19301656775133,152.97974015361706,106.0873071588279,167.64018312752904,122.22425630251055,161.8592150214667,156.03768589752252,164.27004162526185,185.01713037504152,147.81048773633626,162.4941406147244,174.73241765875414,142.3014206764585,164.5884117420092,152.0012427098849,159.62877766347867,143.77182046336728,137.26170565874875,127.33678933854556,143.64059533578595,133.19254050516156,145.60118136083747,150.3334922190431,135.42279256875963,142.0651122845726,148.26060565154262,129.1554868599407,159.95399010024354,165.37585606090278,162.65585263210767,145.13366304324222,157.34284976978944,134.9854715294919,110.84717130351932,105.8755615593216,162.73835070108635,142.08037978992462,140.1465767348973,119.89789935746808,70.09328155501441,167.4694864081046,135.7323774523061,162.92034007190034,160.92843152086456,158.0077086002705,140.22303635427463,145.6873287488413,142.086970272205,132.501115583317,164.904824306355,154.4564827573555,155.531362447643,152.93017925913793,146.39310279799264,178.93618108956343,154.0998430413158,151.05410428116303,115.35698310503358,159.7376485273212,135.96029107566028,156.19382738087873,146.60283906804014,154.5222902358256,162.86848262359035,128.87238923607853,148.5363673029901,147.87563608267672,131.16268682151525,131.5976380811822
