0,1,2,3,4,5,6,7,8,9,10,11,12,13,14,15,16,17,18,19,20,21,22,23,24,25,26,27,28,29,30,31,32,33,34,35,36,37,38,39,40,41,42,43,44,45,46,47,48,49,50,51,52,53,54,55,56,57,58,59,60,61,62,63,64,65,66,67,68,69,70,71,72,73,74,75,76,77,78,79,80,81,82,83,84,85,86,87,88,89,90,91,92,93,94,95,96,97,98,99
0.0,227.48934889474776,230.38061605315696,235.7970124119236,241.30850540251265,217.62024483194983,220.7438746743437,229.0938300709742,223.667513641571,222.8439632503175,233.64499135272055,252.52844766702125,235.4280733681218,241.24982830904435,240.339112800474,245.90513215813263,236.23899474969332,214.79051015077255,222.0669553989516,224.7109603710388,217.3836808919781,256.20066316903626,240.6992642573187,263.1346978525061,213.33438060345992,264.2727329389111,250.78008506742884,234.5391566023665,233.67525043393783,228.6130544296184,202.50639602535975,170.45583487940314,207.87062251592323,236.1994851185146,256.3619465819545,216.655582999306,202.4734856399108,187.65276495656747,236.1988687106553,239.40431725463884,218.1250564874175,259.74790473731906,227.37464513912997,237.2238996325725,223.13577270832096,218.40155461923356,229.9882332259774,209.22322423250495,200.1085350753829,210.82214733862293,189.22002513526596,223.97683774468723,244.41021419729827,232.2343466051016,217.1554471800445,215.96657045910476,225.3314545081521,236.7371643513108,221.5311880769451,233.5262025095451,217.8052532181478,231.9006013277966,236.13413988504203,248.98574292556123,241.82574569848933,246.96541708734503,219.9852473433646,259.9411793880565,240.82243334352705,214.0963499541092,230.96318566341108,251.8570637790318,257.43672191011007,255.2712047261613,245.1066932604036,263.1053394594376,211.87829222721396,230.9691480426377,198.15699602219277,175.62240154732507,256.83224651484653,230.46292955914623,236.1524184945515,244.83523045278628,248.12648167471008,231.1933043385308,207.3870048844001,240.9671023293277,218.0014643638059,237.0617352294256,209.09290982188185,168.55317992496197,243.0169706384687,234.8758615504292,246.7171094231379,225.39158765189197,218.79644822702585,206.16608159839527,197.87362017292088,206.40714572661687
227.48934889474776,0.0,112.61263864419588,151.21532584380583,100.9764003481336,148.66692980100163,172.01630293471675,150.86366091198093,157.8383681403963,204.6548745643192,211.8170860564223,193.60613452777403,172.32102791129697,195.34562357517808,181.35068069024047,124.22970593203924,242.1191262697212,177.75397403480514,201.84984784620784,160.5438520610972,206.04952594900703,238.67070124531435,231.1959337286509,231.6261785467184,211.4082273245617,225.4776549396575,238.5613596325537,225.4136641626204,228.23548671884305,189.33688861757483,216.6844525669832,217.8262196128132,189.33964334622084,233.6428711438286,251.7142802704533,173.31684814734712,186.9564298308652,193.4869979454376,172.81107589098983,170.4222607982596,175.09284219297336,209.12026083457687,173.82230398974974,203.7974916447621,200.33983130868265,179.68143461108735,184.5911592790297,224.35072049478984,178.76023295113865,174.99153893925111,183.90899215937984,94.6318971840142,128.39423825172148,116.61074474785455,116.74559562657332,152.03254115936048,138.76141345049317,132.0931643154112,194.86624838388005,207.89024404453048,192.9481888661913,171.40183191960188,202.01653778911836,170.4741134124073,187.1179249229964,184.1487057513416,179.99110017681758,233.6657652650385,227.7917611086486,160.61166068460216,198.78044911514127,236.87281975576263,234.2641440555093,220.40511182327012,226.6988964816279,225.90981067484023,210.15689274784583,236.303441691798,227.37376087861324,213.61512245172457,239.57969923398213,233.2503916927267,235.7611368037082,237.87595767694964,251.643391084492,222.2928048501805,205.56483736357532,247.8322715821552,190.72271394267415,230.7955199249004,196.4274977770511,206.88130659598147,170.57338708632295,173.64113583090688,194.11942060425991,183.5355102288861,173.39480010483777,219.68250907705828,174.30331549093108,184.7542331397165
230.38061605315696,112.61263864419588,0.0,157.3771961504341,123.8712054292407,120.66841588424438,167.1546181715275,134.11595596723026,130.94878231017577,207.11775986747608,220.0004181784548,196.24035954282328,166.13339878123566,177.77379764533592,172.741860444799,143.15535049404212,209.9645113659912,148.96309697056694,189.7386275839528,149.68730190137916,197.1321396367512,219.04843792240695,229.4681836854934,202.93732087048653,197.74667871400004,215.1088377143941,231.5717591851626,228.4975611347376,199.9310803965372,217.36293905159212,223.1210876071078,201.8928003652335,195.9742894856158,203.57553283907995,233.85358132637285,149.32544169152357,192.6273625820217,179.65710683252482,189.8402745830149,186.7957377587728,168.5064654888369,192.8450099572125,191.68358221284723,193.27125622310925,213.9371065812046,192.24732318511545,184.63912932421889,219.69697345354788,143.4122860982869,167.71312212224126,176.34184600928828,112.74381360079394,145.56605397048023,151.77052588359504,118.01650769197406,104.12474926045714,145.61929030447646,111.48028946786326,215.5921131912998,214.0102299330901,211.44535138651207,173.56705297363294,193.07563440466885,159.13526003012922,180.09670320082233,189.39065713999875,170.9710034039045,211.0434541700953,221.37093509897585,145.04304962797124,173.13365650259487,215.23592666131535,223.0835960973778,207.9487062222512,222.9164500118252,214.71848358467463,205.00019605809803,239.22025389415427,229.83889780010645,209.2108649886586,223.658647945638,220.30231898682257,225.6543283243409,213.71695718618008,242.82815724747164,218.68333400677056,207.22172011281071,245.7301607645373,178.4787756902897,219.5871515229934,208.6567325066486,207.4520070607965,194.8579154703078,171.74484332173586,190.60900848905072,182.72390944544856,188.417939058456,218.71989823460507,145.0439501548912,176.8241389235689
235.7970124119236,151.21532584380583,157.3771961504341,0.0,115.78906256427562,149.23106190715987,172.9183614464965,141.64736777303534,173.87032709605236,188.87846588911,206.90183575986765,165.39551415731864,167.68915468659333,163.0023632888844,159.17388400513028,133.0470064920637,192.8970557840761,171.6938363936162,192.80931741654229,170.53807628821323,188.07954828330952,203.0518098226576,181.96142371333883,181.5867801559084,193.8591764957155,198.94997379880027,212.8261640686468,218.9661818679831,200.0407345700244,187.6889353342017,203.3626413609325,201.12753339874627,185.99234250400295,202.8182255557128,218.9185565137744,197.11353707050137,206.3088656259266,201.20328531867565,188.01781797983904,175.26455246241994,202.8171460850596,208.2200979695042,198.4243581152818,229.95929753991533,227.20414576503063,215.6904384725379,205.90792829920787,222.7335492492604,167.3663622446403,210.55483450187265,186.83902144159137,130.50366317841687,149.57063461232508,97.9301929713866,132.65899073105572,138.09278560681756,147.69164365947148,161.47699618791026,189.6305926675805,191.86301598804164,171.14300607165063,164.67567589014794,188.10225145201093,156.87835630175834,181.77865830394344,160.8095256773382,190.11794453180784,195.59147903519448,209.7384461577813,175.41962283242304,165.2589325384222,198.48245694749076,184.65864192100355,208.0932662989482,194.0351915816067,174.55859598940015,188.57339164767885,205.39668025994055,220.3926481173389,198.33846027761751,204.85372134790956,233.64690183719875,224.994736988937,207.78750111523635,226.91046638827493,227.85160250571465,210.516831910418,237.12949424352487,196.80262021598668,219.2774092959468,184.74253224257404,197.1151544812942,200.5231187098214,176.78431509756146,175.4073502898235,207.822343989317,208.5257055641557,224.3956208873519,178.5897649505118,210.6715558552646
241.30850540251265,100.9764003481336,123.8712054292407,115.78906256427562,0.0,128.51936387056813,187.4886417643717,165.9749811004803,165.66761033815885,185.31313064312175,209.4415676993034,191.0647219535184,157.53165525975595,186.3502573940209,177.15895861402697,129.07128163737983,215.4299807486599,184.4066733915044,210.7182769798567,168.44221007855546,215.84549661338517,203.42896472171603,211.6557923583561,205.2618995184476,197.32101607640004,192.6453562576546,212.40488434085708,197.8161259471562,221.12777950718757,185.5383950734426,227.82342122853797,210.7566817552564,189.15703402274264,221.43462041072965,223.2245923637198,187.4223496672004,198.94075400196363,204.39545862316896,177.72124423200555,177.09519860415702,186.7873485544913,190.33944031334647,187.36262870807516,216.6154888919378,214.7391343075652,197.94425976278325,177.7764513386524,222.16894744604903,180.8388865997852,195.74343986494964,184.79956225364,123.146337883515,136.14544778539977,88.31268225988165,96.410878533012,137.44737823383105,162.41604173393898,153.07829120175998,186.01935328403235,193.3408986985238,191.94498877020132,162.07410710815833,188.0631971175073,175.9531447321528,179.6263346408208,171.31658739700345,186.4819107531527,208.6740062396995,211.3756906015861,177.7824882083539,185.02470865798068,205.2282314748796,205.1649636528741,211.2811832671437,203.48138575574492,191.4990474108371,193.74267083388787,214.1332676248295,233.47907577072124,204.46125393766107,212.56150797049696,230.1072572060915,225.43269807875208,214.6626879152053,227.6640263372463,219.16643584684115,213.2744413893211,226.02309887713085,194.6443626600524,209.76823283538064,180.1339354858252,212.4398423649324,167.7272998968559,166.7832690541694,178.88610366484443,192.47599999263144,184.6882411346745,218.75615099823503,182.57798334461933,204.8108679405925
217.62024483194983,148.66692980100163,120.66841588424438,149.23106190715987,128.51936387056813,0.0,173.4855519105592,141.81629328489612,128.49973817945042,188.08152983610395,234.01396223698995,197.646599314112,189.99409304634145,167.7321963898088,173.98654457006683,177.01716957536902,190.9131258172396,163.2890758656397,188.5903721861797,165.12277015480743,183.45247435058752,224.01928374354893,206.9662227079756,202.75825705800125,189.31645095788093,220.42937249232745,198.2316554417789,237.7837153221141,189.3613339151381,221.07581265904156,212.0077739845531,206.0592792900037,206.91169340671303,206.15508201657383,220.28373087256037,167.63260074919472,206.9797915172144,191.36363000832037,201.686302418577,184.5839867536256,197.57283336631008,223.2529430898902,219.28973277387013,234.72213795014503,224.07715466699935,219.6468841580288,206.09128767430812,221.2259045185873,140.44577343532956,193.7657292108685,196.55035627797625,132.11155482108956,172.67639024260274,148.98246070443977,70.34718681014411,96.28539707082604,170.4561111424785,132.24171832025678,187.63741702241043,218.8572687028349,180.87931663329337,178.55519207008044,173.23182861670074,163.82962290241116,162.31519541585294,175.00130816350512,178.83198013832276,203.6515050057753,224.0650212322396,173.73932072345724,167.32741808788285,204.0947099661344,200.7371874001045,184.35649621053207,193.95667525217743,192.0604633880356,169.30543495597686,199.29132963888816,218.61733541675463,205.9665212347776,201.7904939861088,237.682795357037,227.6277782004531,210.318458634479,212.24023131650665,205.57587814286416,194.7098989515777,233.6138847709637,179.5524073416323,215.34342704247103,200.28766951258524,185.91442698491767,191.7978553528651,183.31851635939503,209.26104318616848,217.55538441100617,202.47887019734404,211.57996662337172,147.35473850915244,188.0345005678899
220.7438746743437,172.01630293471675,167.1546181715275,172.9183614464965,187.4886417643717,173.4855519105592,0.0,92.79145309484808,113.39135348860889,171.27541984086156,197.1306199586407,159.40232293289492,198.01682521231945,151.2045393176359,150.28947902321335,135.0724481438988,202.37828334997968,145.69963855085902,166.8957724121376,163.85314902310995,134.82138008252292,236.033831656258,178.37207641016624,206.264048948222,188.66593242284472,228.737471453507,215.7878523479108,249.08566813948653,175.42512475623562,184.35804800941557,135.50138351433873,207.35523397573672,180.6788841614949,196.4974715528133,233.1602481412996,174.46567878128116,216.68083882932015,167.1071782939158,166.31130119480383,130.0353145643855,180.434034081375,229.64298260719468,184.1723868715049,222.01818454380395,187.14046199912832,199.3239819066176,201.5922012535933,193.5741208144962,184.4014328134423,198.4495514936416,183.25471011708373,140.19232245660635,128.34675723956184,171.7939712536615,181.74182886167145,168.73420067919542,94.40815394480632,131.05365411094567,152.14486726889936,187.6324536766572,165.90534909107947,182.6181416521879,176.52817690851026,160.56837968829095,160.32056707592494,160.98825050730986,123.60803574032995,214.33204524991157,219.07829117017064,154.52903237464696,169.7374128270056,220.00119213132237,211.7492755614985,172.49718352678275,190.9457916468103,204.14511438907243,172.7581673655528,213.2175244433718,170.21105901194727,205.64039086100573,227.4105783279239,236.98767368684395,208.94532471198875,213.7558211755455,241.9495930137793,215.6036746051392,213.61511643268605,261.10163975697685,203.95781636492455,230.69732371796957,208.7343115650421,167.56864103259565,173.87893572173263,172.6079069310307,194.5599789861815,212.84683358320615,200.9833676451265,211.3741285919449,190.21267165756865,198.0032652364553
229.0938300709742,150.86366091198093,134.11595596723026,141.64736777303534,165.9749811004803,141.81629328489612,92.79145309484808,0.0,107.10718834219976,173.5004380974765,196.4805047741954,161.8128042620981,186.13972951994003,157.63580641790537,150.1406099658655,125.6329983640629,198.2529373938542,115.058213037626,184.0708507299508,153.03246161445736,164.6842336068742,227.0999678302661,183.48611659420163,196.09474739461,178.16882117188953,223.92769440256453,219.58102250557425,247.44773832405184,186.99310889722693,197.87717892863031,153.16119997773296,209.49913708207092,187.769247952128,197.88994223569256,233.73875185041013,171.2124676636273,219.66290222639796,174.52323724069618,178.82071098600332,143.82120515427607,186.20278666200983,216.19348233920977,183.6306691701552,212.71391756332685,201.11032916468196,215.13921740810676,208.19546219515735,215.6485200501706,166.38199051552542,203.719360599824,179.02308568155428,108.62593438583144,122.49347065554063,152.91965069560666,148.07945156411037,138.7201629324125,77.87340516851789,98.10745344708609,178.61451298576907,182.024322863917,180.0193231217814,177.93427279942077,175.60467733476537,163.7684641098745,173.75080258847316,171.4012877821686,142.95211956175325,207.23877650291095,217.41979995998716,134.04988356037666,170.4919235969169,206.25317078025176,197.9053113964881,185.8968104312002,196.8516596537154,198.33395131324625,172.15416931972482,213.6412252438816,186.7934673315923,216.72674496954224,219.7370845472064,244.5481866751396,209.7543609999184,206.4919688905761,233.5971350390288,223.1563604983572,216.20508943893492,255.81941959981813,191.26741973930467,219.53252142496424,207.89879287229968,174.28185698439324,195.8547701271862,167.9543687855899,181.90010728436573,208.5430472219499,209.92164204053088,228.69757359420123,169.20405971601127,199.5321440845669
223.667513641571,157.8383681403963,130.94878231017577,173.87032709605236,165.66761033815885,128.49973817945042,113.39135348860889,107.10718834219976,0.0,173.54828536654372,223.26422782518216,180.8618772934228,189.75237368178767,152.60413628089162,156.66210835059175,150.44678390830376,198.464050586189,148.2865492129336,182.60056238289093,159.68636819031371,161.52392066910625,228.72408266171212,203.56089497368356,203.73085536681864,185.68710839653292,218.84545804156733,212.1599414270222,235.0173450255596,170.778414360606,199.874007944272,174.1127627289459,182.5559665810169,167.42228485268834,196.476804620974,228.7872566127392,154.41941545381306,202.8042224461618,157.91250665694673,156.46995157897854,129.88075410684542,161.15492837103176,222.01581817862152,190.3191993013896,221.84187911127088,184.15582541150684,199.84310334193012,188.68808315010384,208.3903431465775,154.9493950416871,179.36913263297328,176.10939598203902,125.46443445514156,144.97341178436793,161.4690132039099,139.28293036240632,110.74555358507683,121.00872110997815,90.9547356146754,185.8546833981445,202.60616279596096,185.8909736957923,182.46139051269128,182.2082276798023,154.82195837680777,168.0263870840107,167.49117421328503,117.62340420489376,202.49345293428175,231.33060520453645,157.07530483922025,180.5132654334142,220.0350024712025,214.89397724631192,170.55005902074964,191.58675127233232,203.34176268625208,178.7663572237617,226.67492316341296,201.71362011916557,197.01063215144404,220.9505473490736,228.34014216595912,208.12524092260105,222.56025295610905,235.33374899731297,203.4333270117336,203.99813234530492,241.2899996200157,189.862827294352,208.50432395002852,192.7874220111569,176.83983041140198,177.21386210821385,175.6741952277888,194.9991962851805,212.8388144753041,193.6565126737428,209.70270272225517,158.86012352493827,181.0583433248084
222.8439632503175,204.6548745643192,207.11775986747608,188.87846588911,185.31313064312175,188.08152983610395,171.27541984086156,173.5004380974765,173.54828536654372,0.0,175.5809301442465,140.60743046145086,204.36658173395423,148.4465164781387,138.7488894781004,197.8609625412791,181.93453717597805,209.1996603937045,186.39644118367715,210.87507098419053,170.18557598774208,202.6866134724792,161.2266774550386,176.14628843667109,176.4079870977907,176.81463893644752,192.0135927037597,201.4462237326204,192.64225535969075,186.89227249270076,160.94969412289348,205.432615024188,201.25243441189704,210.7467126803011,203.3730404449958,218.46250490947452,227.78128721876837,200.3690906330059,174.99581563219107,156.38189012229302,200.9404620937181,211.32817172705063,186.85914490935411,221.1248332787296,178.4019335477937,217.9946022612158,203.9022199014784,195.46854228367664,201.00693014399516,216.24367212257283,200.40448532681808,189.8994705132168,185.19068495440152,192.936765238358,193.77398376833588,194.5878041813844,181.4376479308832,188.13597790409,126.26401041872384,148.66877787621883,149.74077938096556,177.75489096804912,171.644351332605,171.21375546217246,162.01594732319586,140.40298888373292,176.12480057790378,190.54568540861527,215.4783243085298,227.7136461637124,199.5362732766066,197.64734746247336,171.41418156555557,176.20210317147746,148.48278074360422,156.76704124722085,162.6327963529775,161.0472952277709,162.9605985827462,197.89045207210728,194.9364249721678,219.0172065545246,193.8881314862097,193.31441079934064,193.47464627196743,196.75286108053632,214.13466082588832,210.1771996689836,218.04963833293715,185.45171697060525,187.71611057229063,201.3623940852784,166.02816670210285,169.25779209517464,145.5699031447167,207.55475191371997,193.78281398463884,197.3532688896923,206.207084703968,209.73476258211087
233.64499135272055,211.8170860564223,220.0004181784548,206.90183575986765,209.4415676993034,234.01396223698995,197.1306199586407,196.4805047741954,223.26422782518216,175.5809301442465,0.0,147.12369196862278,195.3708573953417,208.47229682609736,209.3940114190442,204.61212548449083,196.7398661831875,212.0119583608103,212.66019667242568,219.9752755542607,218.06834371564275,175.56926620115854,214.5660371226803,175.37802909885272,188.09896508449367,159.54203594734005,212.74461474444016,208.8223928852434,204.02569278368537,212.70283618081947,176.59156149173708,228.6587670863472,241.60658216406492,211.49719873599213,216.80978067173535,223.35708601342265,255.16669921046983,230.07552896528023,214.67734248787605,199.43804963190237,202.0205224289332,169.87110318121756,185.64307921181347,174.105434984751,191.4886217337096,226.3720444481422,226.06362988561816,233.25196581804417,221.1842032638892,224.11155876581097,230.66881206082252,219.0549232564803,213.41923819237235,219.53538814534016,230.9670738754798,218.51702980654795,200.8389475207985,210.9492907436704,191.054621661221,112.67680054137908,217.1786721170116,175.78500975279596,202.8214803144474,234.23091487651996,223.7538427562024,217.6976759349813,214.49105813880968,208.27051955629852,198.8171880399104,210.5803171021024,209.8447983676511,195.86499167166517,218.7088217549257,227.79401726289143,175.9052912625939,192.98709206908413,199.6829279452955,205.7213769660657,193.6792227800057,214.28175771269443,204.92343536193567,210.8083222001228,182.04791582693468,171.39996778603023,219.08190989991385,222.2617743887043,252.5010409679374,206.22621111754995,223.45422276890596,181.4144308572524,231.62186156768428,226.49261127597316,224.824616881566,169.7775992359164,157.3998593578628,172.19223470150325,222.9922700168648,231.97293047450148,222.2043100192331,223.78732583662423
252.52844766702125,193.60613452777403,196.24035954282328,165.39551415731864,191.0647219535184,197.646599314112,159.40232293289492,161.8128042620981,180.8618772934228,140.60743046145086,147.12369196862278,0.0,165.04791994384186,139.44401037648888,131.29499377680582,166.5255484532477,167.98214885529444,183.26232524654216,178.15699481244036,186.8139006503563,152.96838061952883,202.3609960479895,174.85145863299454,154.39603066147674,193.5949777915284,173.4350552184643,203.8807068445625,221.97006044457495,179.47200961691294,197.77706730110555,161.01434827591396,221.3312349631492,215.30933894572703,194.2167981892835,210.4542170388993,206.91601698134747,237.71639058228035,209.70618409182052,186.98238289812912,160.16353729609057,189.6554806559362,206.84708672655324,180.83412490854772,213.2986440610936,204.3485877525516,220.24664364238492,217.4357699278166,221.7052945462537,204.03731463665025,216.50002332083037,213.8813816420955,187.36003661658845,180.72754164578896,190.23347023357405,196.11931211553224,187.19798245228,176.47016855639194,173.56404925879514,152.26192314816797,126.49536875536538,142.2773740448605,128.90940001639785,157.05540035413892,158.76023564855643,160.83425063514352,148.38906490809217,175.0293757905282,180.84193718346165,203.4530002608956,195.53015265269815,167.5085064723782,185.4774054136532,187.74394899449496,194.3603160569248,144.78942057465645,165.05289117204475,166.9643224953246,180.6034077025421,180.34646892775515,216.8074161249225,185.7308246125378,227.67365285599635,204.25570514479975,178.85582156472097,208.67723874553872,212.59556587410424,232.27489870168367,223.71896948973009,202.28841877917583,191.1482737703026,211.24892187645557,212.88569440998748,206.81607931076053,169.06338212060592,159.54428755183878,207.4206590143797,213.67037429220224,209.07250019791405,208.52520439202448,210.1904558578712
235.4280733681218,172.32102791129697,166.13339878123566,167.68915468659333,157.53165525975595,189.99409304634145,198.01682521231945,186.13972951994003,189.75237368178767,204.36658173395423,195.3708573953417,165.04791994384186,0.0,180.19796893273545,181.53989145554493,170.52513463531488,167.48835411284057,194.51029344206063,193.07662921724432,212.70559964352483,210.36752287838223,164.5102835641232,228.9026524775387,174.09468547987802,208.77491983115425,169.37627410946624,210.9295593558747,205.7625704689334,216.97722643045464,190.92518945016656,229.17848529843317,206.90385128900112,198.7342859430832,203.62979448553904,210.6696676295813,213.9932694740455,227.938091203468,223.38240470406927,192.7187818894274,196.2328562918614,203.483992763586,167.10565134308737,175.06041073859478,194.53169375338683,242.4938328987659,201.5974392011467,201.70241822256872,236.4741371649836,197.25612779464527,211.63908514749025,209.46216989574975,169.80187090344526,186.55601486301956,174.3478119019561,177.28996458198392,185.92663715699155,193.73868769104396,175.56497644458722,208.8506925799956,188.51124184089008,191.30173598357945,107.02266924503112,186.4094504566981,179.6497378999867,189.93450778677013,201.9821570101329,219.54998388974636,185.99765269892305,204.1984624036781,195.19982124481345,185.7268252566686,197.36873130584587,215.47584990119609,221.13720154582225,184.7336342948676,187.51136867232503,208.97030655346808,215.4170478113549,242.51031145657544,224.24851404252803,197.99293274605543,229.9823427542688,227.194536074158,199.9028370050779,227.3278572885904,237.66426391445475,235.30795700490137,223.3341347466848,223.16792089888625,205.3524115721322,227.78395502996457,230.92682879256157,205.6767234814623,188.53569775223636,173.18331617710572,198.64428462627865,197.54127909090784,231.805329106985,196.73123909299863,218.4834734894364
241.24982830904435,195.34562357517808,177.77379764533592,163.0023632888844,186.3502573940209,167.7321963898088,151.2045393176359,157.63580641790537,152.60413628089162,148.4465164781387,208.47229682609736,139.44401037648888,180.19796893273545,0.0,99.44199017652346,167.52503148127897,133.5379264291725,175.97908576618073,142.7519096779347,189.53017992310583,131.1193822947601,192.9890564562189,129.14579632888632,149.11142123528668,189.7102457685512,194.07726254218085,174.1708024624953,219.1603632217349,152.29800889563103,186.04752905714287,174.71399463257126,208.08019586136987,216.1363622770897,171.85699471398098,182.43006252998916,202.6769198202078,232.47328898106792,204.0918555228369,192.3662808157225,155.92422475584118,202.51204598478728,219.51473581179337,211.77092170188425,239.3345308571294,220.30977972926397,232.96256206561685,218.1090566418722,207.71291214168605,195.89826578587585,228.43635083773137,205.5938650302584,173.03216784544196,164.81578465308797,181.19936850062044,170.4312324619723,158.54348901280326,166.13655785604374,151.79990339017098,162.8993855072293,197.8098603231197,172.8491222317578,175.8646872992477,133.9254767264892,117.59603874992268,128.24754215610272,103.44972670453568,168.75083838099823,156.99879646930407,177.1147531596572,184.3657967439192,134.57545363313386,166.04605074727635,139.83714077365926,168.06681265271664,143.95093729671868,146.19239792890852,140.7489561012219,155.18158963046096,188.63184427484816,208.7675308254937,170.31406220751632,230.3324504134605,209.37701838473043,171.71087636152538,184.6747268373691,205.741795137968,218.70371108778056,224.848374049458,213.70475077400192,194.0904210496127,204.3257176296552,197.65484431895237,183.4443151411182,183.4983831690053,168.70666875576163,233.72268515257628,221.602578498086,193.13195065492283,197.81673894188043,217.9171033143695
240.339112800474,181.35068069024047,172.741860444799,159.17388400513028,177.15895861402697,173.98654457006683,150.28947902321335,150.1406099658655,156.66210835059175,138.7488894781004,209.3940114190442,131.29499377680582,181.53989145554493,99.44199017652346,0.0,153.54245889294126,164.89147418808562,159.50483351500128,151.66703942338555,177.5050127139395,120.28696189091563,213.2231570671196,134.25083528796375,150.7452746821184,180.55975889234517,205.45179735941585,186.87904919991087,236.6105124346072,168.13866052354675,195.8331421170301,155.7436243792758,203.14886513823967,194.91300918339263,183.8668329245584,199.11881860309745,186.5190352714766,220.47040977717967,177.54872086292914,175.94831568488303,146.25804400139793,186.02740253501375,226.1419623886497,199.49688377884345,233.72201209738736,201.12129569704985,215.19316069907788,212.27852064889555,198.37847827258776,196.28237128995244,210.07005876626545,198.90005974622756,170.6506539599382,154.52413504532052,173.29749810139054,178.70881739083637,171.00492367310883,160.64293746297415,156.58839994233375,150.93633864219038,196.4826081324976,151.5607002273327,167.19509809085497,156.99371850605112,111.25893226224554,113.10660460201558,85.57488862872097,159.12651888938888,186.19402502361305,198.62551640369423,184.6158701905739,144.97956754497713,172.1455331484127,158.72627160960764,178.83723542393813,146.4678972681741,158.81689352489985,147.9448201189113,165.47581935298388,171.93871753684937,203.9308168679987,181.5683978622762,237.44391127753315,197.81303868249483,171.33432926598198,195.623124009661,205.0847305083733,214.60004436062871,242.49430810049915,192.5072623287257,202.33815534804444,181.84575378579595,191.2424196831041,168.8856886824035,163.31716665959004,163.86720873772072,223.70151510040364,205.5842115735868,191.75694421832804,194.08090083375885,203.4241328642792
245.90513215813263,124.22970593203924,143.15535049404212,133.0470064920637,129.07128163737983,177.01716957536902,135.0724481438988,125.6329983640629,150.44678390830376,197.8609625412791,204.61212548449083,166.5255484532477,170.52513463531488,167.52503148127897,153.54245889294126,0.0,214.211090696111,144.41223408960096,193.63150957079625,138.31151270024242,183.50685728207253,221.4342681106432,189.22061915257484,207.5507695980613,189.5407705199696,215.17792453506945,223.4991210281472,229.3454533665654,198.76023572769623,167.36426686515347,195.5934619841809,225.59859997648084,164.4721197282091,192.70081487338905,235.50306751538076,169.99213590257148,182.885065059052,180.44335735743155,146.67408042158547,128.66075449923545,154.95058045481852,204.96403409403092,168.39028626491876,212.46287107756672,200.18257534415508,183.6836277757874,168.0714507757308,194.11974674947737,188.0749172315776,178.90641782259112,162.36105547476646,115.95013898211234,99.789250883762,125.49443187511676,160.87339074138018,162.54427720681554,108.76603676628764,137.57655782405692,182.4029955666352,190.1880668692807,177.87774315755263,170.12586923530165,187.9808293611766,152.51555939612126,163.2102295917802,158.44798065212052,143.7065251635652,208.19617353053408,195.0516399042611,137.85212611318326,174.5691741155535,214.85436339064148,197.8492177406264,197.57647855489083,211.5595502875576,211.2421977905217,195.31906682630807,220.25304427268483,207.2208899381093,218.5119451789896,222.7047884763965,228.0294449472036,223.7268612981943,221.30435274660056,231.86237384608023,218.75300168460697,210.54569429414917,260.5381293028712,191.59092102305533,214.09099237295283,189.71959187548748,186.56921434148592,162.26800370277283,149.48706404946188,157.05846613432283,196.37006728823556,180.95611345167512,202.98524922152487,187.7118196100241,187.1893301738814
236.23899474969332,242.1191262697212,209.9645113659912,192.8970557840761,215.4299807486599,190.9131258172396,202.37828334997968,198.2529373938542,198.464050586189,181.93453717597805,196.7398661831875,167.98214885529444,167.48835411284057,133.5379264291725,164.89147418808562,214.211090696111,0.0,182.6827646979916,164.73626507922944,218.6052038134412,197.7993633928615,132.7755962731863,146.98446777365223,110.47119066253369,203.9839455304945,144.37343645267524,168.15499267153007,201.20726844321103,158.1857930363722,241.80308949173323,207.50379345360145,217.3408006822021,235.69443855026788,130.9996053041192,136.72976088710217,235.32771939576423,259.27676587458325,252.06735993015783,251.38211027384085,228.24305510563065,246.6413076947752,195.23008127493355,245.494963145669,231.95248620566065,245.5251236015109,281.0355708769308,265.4234109983203,238.467618150554,217.32534532204605,262.50851946241,249.12872668328515,219.76753271212607,222.9542552041948,228.03740374454387,203.59506337845883,193.1393248289368,225.39668899014765,194.47723665841173,191.18167973492703,199.39420672914665,193.52887852357568,168.13550218552092,155.45891192722303,189.71235085163775,179.5086648167627,174.2389713458424,231.01122453063005,136.36116927276268,170.67615845725544,213.88877712566105,178.90804116805992,121.5911742982832,141.20728385287708,189.31898163549303,126.86819306468072,137.45667243472798,155.5180270423516,148.87731784157847,219.11849742530416,214.8910485825902,126.5626272646488,231.4050145896605,204.8055285349498,147.08157757293182,161.74684334383215,207.1541779846358,252.4909692259328,202.1313263277817,230.09176892850093,173.60946373961968,250.8952828786009,226.843832248771,241.9552634664268,225.1940140216664,189.91972067236637,243.465848391141,271.2286217092344,233.17906827796327,231.13719116596377,250.7189139117465
214.79051015077255,177.75397403480514,148.96309697056694,171.6938363936162,184.4066733915044,163.2890758656397,145.69963855085902,115.058213037626,148.2865492129336,209.1996603937045,212.0119583608103,183.26232524654216,194.51029344206063,175.97908576618073,159.50483351500128,144.41223408960096,182.6827646979916,0.0,174.1317483178207,130.33191603395997,176.64732094879045,216.535739995857,180.50330534329976,192.73453871162585,187.78703690347984,234.31298072456468,218.19750332771568,232.76063479771247,171.60120984980438,226.2313731241897,187.89045900476043,200.1519180419852,181.2922140934733,150.347171010677,216.10047387588315,157.75601721596342,209.97648735383325,181.67155767151576,213.52083840366876,191.77358420411468,187.65797900525345,214.073349952348,219.91008758008212,209.857168400048,218.49303937092927,219.0098235075859,205.66739212267203,204.0001773509581,159.3926955573849,195.23796035858976,165.66772036554738,154.58689225926685,157.50736858000027,178.3937828992971,170.97141132846176,146.40280551478577,138.0711378299299,141.95913867898253,198.5410181981824,212.22573698192463,200.8847284308698,184.6415921207937,172.691654671761,171.0882096201043,180.4527885838352,175.92580869722622,152.79417794193452,197.9081690692581,182.89515954582052,93.9316652425012,162.74828287590148,177.12150165230742,176.849034080639,199.633020111382,207.33530826464985,211.0467907685837,164.42550303386483,200.60534631952143,195.1256061922728,198.83283337144917,201.13241880377532,230.41276640705095,208.555666962399,191.00998140627064,218.43770812432345,202.86794514895035,203.50459075019745,243.0807694016557,168.9622537895615,207.84792574378864,207.65277828848423,177.1778618331681,226.7089302078607,193.28406722148415,188.1998873802861,208.9833601014783,214.9029715104988,211.5782046153551,157.52312104165867,184.8214394160744
222.0669553989516,201.84984784620784,189.7386275839528,192.80931741654229,210.7182769798567,188.5903721861797,166.8957724121376,184.0708507299508,182.60056238289093,186.39644118367715,212.66019667242568,178.15699481244036,193.07662921724432,142.7519096779347,151.66703942338555,193.63150957079625,164.73626507922944,174.1317483178207,0.0,202.3134904562104,162.84961597344414,207.37292010533173,172.42726199904752,194.65340659331903,212.6172376226808,213.16670100525252,221.6107278845754,230.3318918768593,197.9777540838783,213.99103615742985,181.72736317756957,206.08927306482707,218.0060580566277,145.72898534549591,194.07675195300612,200.0609825506947,222.37757939260564,202.99732425140647,213.9920376002549,192.48746153075507,217.75669427812772,229.6782228830931,216.81995683752527,231.1152979725798,210.6410228072193,224.5720556771319,230.91082795030337,205.7763555041777,195.66934622880007,209.61877296394232,209.75437260545092,190.28689308612604,193.56400378459531,199.7700658020168,198.76530442797912,182.3364019291921,194.668269039044,175.85702235845105,182.8831852039289,214.72760330381877,194.4774026225682,192.8799880924905,187.65441864470895,148.71080968751943,162.8373302204654,169.38672963216442,203.5130412537796,169.60456140546188,185.2369975537042,195.70285933611703,179.308683841047,187.6957873363681,190.8479929193536,197.3525590699195,189.9600280384034,183.34477773579528,199.1484046465116,185.59448553798435,211.79822891818583,208.045536048974,203.6025561503536,229.3653903000224,209.06401229874564,196.59456661988855,221.33987447318992,206.1164887876715,228.1188927141801,236.65814353724647,214.6527546936729,226.27063105894868,219.8565887914947,221.51815952317867,209.57570922401865,196.3797982344434,206.4567791898689,218.6445725267812,221.195959373761,208.2769415509636,191.7787151437082,212.1892023903989
224.7109603710388,160.5438520610972,149.68730190137916,170.53807628821323,168.44221007855546,165.12277015480743,163.85314902310995,153.03246161445736,159.68636819031371,210.87507098419053,219.9752755542607,186.8139006503563,212.70559964352483,189.53017992310583,177.5050127139395,138.31151270024242,218.6052038134412,130.33191603395997,202.3134904562104,0.0,170.33234146011625,240.0430704537429,192.1494836841729,209.303472622977,201.48375703820108,240.24657456067345,215.94510091946063,219.7783335731257,144.3458697585478,228.9712778295988,194.33855898100316,213.17753599078748,178.81927281323073,182.72892308799413,225.42260176887245,96.02261361312152,154.04214589698702,162.38305933803184,184.566420611701,178.88979404165235,143.80625892238743,204.3284372452022,212.0056962336408,199.837608955708,186.17729345080147,188.4877921599371,172.49005238540855,191.0270397421753,139.32160928553063,145.53200244564857,161.75663636600308,152.16705172455133,148.51774541440216,169.5430539557878,168.84923425642154,146.0375077559763,152.25836660456747,161.16239439280542,197.92230005680463,221.1637026683971,208.80294973563585,202.7413799066965,190.24027829142324,168.7349275466103,170.5220233107753,175.23716771354225,133.1910773725059,208.5234366857951,200.5608211183451,133.03652554138387,146.70386223231893,218.92497580045784,204.53218410522132,207.1409891820038,207.20975948487825,221.56654056701285,165.62421673472258,231.41337807102147,175.1253111761493,195.5440401706419,211.5755363857542,187.3133268350606,194.796306733966,214.71673616844336,227.9981375841597,163.18774554652566,145.53741078135886,226.2281033997241,102.26410978477011,185.51170635977297,171.36928476987944,184.83267574626848,203.4237902814056,173.69750424315183,180.7724986026065,182.3753245172585,183.61038923691575,165.9959437400999,138.42376206049437,130.0091163556132
217.3836808919781,206.04952594900703,197.1321396367512,188.07954828330952,215.84549661338517,183.45247435058752,134.82138008252292,164.6842336068742,161.52392066910625,170.18557598774208,218.06834371564275,152.96838061952883,210.36752287838223,131.1193822947601,120.28696189091563,183.50685728207253,197.7993633928615,176.64732094879045,162.84961597344414,170.33234146011625,0.0,248.52783614278465,170.19666534731334,197.4893815405714,187.82594678073127,225.4752715320658,207.54564229003995,252.26586266680135,171.22890315225672,210.66386831689263,149.1046132856228,211.41032837552692,202.0075980805757,212.9152437455743,230.4390277763896,177.51162654111502,217.52119460465752,168.9626946888726,186.3124158672644,160.90403541605326,197.95019168584008,247.3187672859398,221.48397504582948,236.180416115871,216.8979842994088,212.9186316711436,209.1002538921228,211.53280306026133,186.4376863275201,201.985000147294,214.0175318355495,185.6501912968423,179.14500813136124,193.0164370110666,192.9518093429904,177.76808730034932,161.88587019498766,186.91834093184883,157.0395247506388,207.80702143609244,160.60378366083836,198.9117886025396,175.95290556477252,157.50614410432405,144.06789603308425,139.9578499149641,145.8335034302034,205.08108370503777,212.84191109742136,182.8036262257077,149.57502722659137,212.2299921713796,189.34203928928324,177.97659349542565,187.42512415031837,206.1150679886037,164.25612559897272,192.0352429215001,164.9144402300314,209.65144981126625,203.1817983638887,236.5429179985284,223.6101862663209,218.4480677870569,229.8540902103593,214.67486830837825,208.00657750990905,255.5845251582748,193.0152171598035,224.45729462824613,196.27844290954656,170.72206660461816,187.34102403577444,183.9611831467289,203.4665862098292,229.8735282868617,216.5860797725857,202.1788087691857,181.89967278986097,192.7085667651512
