0,1,2,3,4,5,6,7,8,9,10,11,12,13,14,15,16,17,18,19,20,21,22,23,24,25,26,27,28,29,30,31,32,33,34,35,36,37,38,39,40,41,42,43,44,45,46,47,48,49,50,51,52,53,54,55,56,57,58,59,60,61,62,63,64,65,66,67,68,69,70,71,72,73,74,75,76,77,78,79,80,81,82,83,84,85,86,87,88,89,90,91,92,93,94,95,96,97,98,99
0.0,125.30865747962132,109.3782437296592,124.54959465075744,119.93182361647622,157.36666402848064,144.51918935232663,188.78085418736765,186.09546273036744,184.51168441303903,205.04060341367165,215.95207881038928,164.52124042914608,203.7774400680367,202.75151340990053,108.40880505536737,194.77734326769996,224.8922319549725,201.5486893640367,223.1468620745104,227.72085107305185,180.1694069987508,178.71256224704547,211.3630205358372,198.7225804344294,217.26100524116208,159.3988174251448,164.60564235837492,201.113900066438,186.22468343281676,153.53317238443273,110.0410512595437,135.31461997917643,219.7618973217405,155.96358986924446,216.85144062391004,193.3419129227163,115.23705622557183,145.60493867760704,161.89638331330545,203.9990646362251,180.4498968691684,158.66981094835197,168.33689266682376,141.48296949474187,168.60175775286146,174.36625463046047,181.03756562367573,188.85321492795177,190.20987920471083,98.15003985823556,116.71244221761091,105.87101460588678,130.51594050825972,156.83963339475002,171.42618928884798,178.7684020071195,199.18987687355707,219.52507313494905,210.370721648384,237.91606534436343,196.4300603680084,206.91645557260543,196.64697358951145,220.04067020255584,202.40186911018347,192.1683358545042,204.90216675720703,214.0138496974286,219.28120470720228,231.00938459408547,173.40719747690943,184.11339220070735,208.50667063077748,216.99892386512585,221.5072731230937,196.7545514811366,179.38113956715165,178.50690098937233,130.56267681464593,218.69890743210487,199.75399265419617,163.34725830730815,153.75720745350384,174.30467118126467,171.3894677476431,183.08214630687087,175.9222681780766,221.5168031368337,197.9429568041639,173.94584966041492,175.7788959341197,188.22862677672555,200.75439246607664,200.994619227507,166.1714675525246,166.07078894349922,181.17891916118543,188.7401353006025,196.33495835613508
125.30865747962132,0.0,80.44357458164791,111.52793299022888,69.71816141317026,101.954566865577,118.54597738342436,138.10170617882648,145.8291728253358,197.25223142208324,200.6253792998026,209.05042543849203,176.9528805791992,203.1280676622304,207.56554725987536,93.57394381779568,190.3110337461396,226.1653199397057,201.0449673513708,216.8585512016307,241.958690168794,158.92312126641167,167.96127686275173,205.84698998164865,207.6854623940039,207.9023278309604,153.02492593028023,162.01968467546217,197.7875961438136,165.24805489975392,201.6941699961168,189.1777113388846,186.42967157725724,223.3534225109753,147.3922479304543,197.57538465649972,177.54554775920406,165.88423006734547,178.2802220301106,164.7980245934887,199.70006651546905,213.87818510323248,173.0295625261984,169.92381437633543,144.77964108907628,138.5239203480756,165.55449348951174,157.49880663582002,155.92642711725165,185.3756312055898,170.1131113971298,96.35841560460992,96.06425154226584,83.19193947211903,107.1458575868403,131.68463926823074,127.93005541852337,163.96652911002582,191.828989941094,199.3442694663118,201.6658416858496,174.94636082023715,189.87500856177567,193.3839235274413,231.473707956618,198.82126286995063,143.30415988753575,193.3920995258924,217.92554037438623,228.33753606240128,239.38247747496277,149.75188429192596,165.3986723724045,161.05326921904108,187.8962761576601,210.6637034970621,196.9886433116497,156.41502016378809,178.8601372421548,168.26260602256593,208.3403863091006,204.81999032912285,164.9764240601987,143.86695666590208,146.4591311308492,154.48968346573204,182.13057722224784,145.68130799224528,203.92672632477215,203.30896917132148,180.13523733377073,186.23191065629973,163.48632187037805,217.05205580553096,174.05721912440407,165.85978825002053,136.82329983847416,150.04345704716462,161.526436769886,194.55780207927344
109.3782437296592,80.44357458164791,0.0,129.81560479101094,71.34179296691757,99.27759347364515,116.62002438291816,129.63646140322504,135.35528801474663,190.22095313769927,202.5868697237278,214.8877913715387,175.5296058311289,200.2399500844798,203.82704783887635,117.92416165981923,187.7900197467733,221.29091566610808,201.0546388746332,221.77438298045288,238.1670376790552,177.42380554064033,174.300286545323,203.56573922454945,208.8159837121574,218.29457520755835,159.40024660137243,169.4070031857072,193.4802421717316,174.48374721198334,205.11240685941985,172.158823354003,194.7771517774713,220.5543381026029,167.95614214037866,200.05064409942025,189.06723011063764,154.2876903080659,157.69843400746663,149.8373838068709,197.67334217279156,204.71200436132656,185.5464108447935,185.9931499609848,164.25744516390083,157.3797392687125,170.26972026607447,168.71441994243963,170.28303857346913,188.03531920601284,167.26815306393485,86.83446306028293,111.97415796042924,98.0641220758088,88.45421792186991,105.32428789427198,130.79881305310192,146.22359380214823,205.91690157773428,207.01710945895772,223.4407854670929,184.65221831393657,195.4454185382324,191.06839438539856,224.8291756543228,199.2293151407065,153.9628437121817,196.26335949428423,214.48629091849875,222.5861448400749,237.17461023024492,166.86714354556483,174.67401627058598,172.90851731886545,198.12106146213148,221.96819459369027,192.9972306141195,167.23975559645106,199.75499901402705,179.23583828159474,213.81241316157505,205.63704774181195,181.99407483491888,161.262674485882,161.60499907395098,169.67916062737967,188.854470482865,165.2167662534428,205.6208584224552,199.8430374889909,207.8048084077388,182.0395091541231,162.264055787381,212.15336236083465,194.8641055152316,181.51253350920928,158.9788542707822,167.58760736988592,163.2362436145813,194.306761411608
124.54959465075744,111.52793299022888,129.81560479101094,0.0,99.21946110536504,156.17315570112464,137.53689304388791,154.56575816467088,173.68478647875617,214.61065886999492,221.84128348076737,228.67142991957968,180.98665235385863,215.2698430569133,220.92409456942568,133.37684521533225,213.00003733806648,234.012407117659,215.6319562787708,235.9197164289071,246.60682834188887,197.03988214013495,186.32233910618584,230.20085165905184,226.7271307549227,229.77880929733635,180.0578688800308,169.14224235058276,222.4545828866616,185.08254947835175,170.72982642404102,169.06593066104617,158.67238995914616,234.4917585374912,177.4114537779014,231.54254198663477,214.88240749666895,160.62053994237516,169.83184472392384,165.441825443751,218.63979625680585,210.37321762777012,173.55291611151765,179.66862474736558,153.30860276308664,163.89092037006088,186.1404856694664,181.91668139537376,200.3896982034143,211.74454051424632,133.87905862726683,109.60706254669,102.1735343546496,86.47840083384742,140.2043141283267,159.34894055269802,159.090063541994,183.02896731017012,217.4275061230042,226.008655912576,234.41367204580817,191.602804065136,210.64236244058628,206.6158315439891,238.50415014367832,216.70713956968052,186.2899509382956,211.75616048820672,232.77679995799843,241.72543253052595,250.77879742517345,185.06043961380504,189.7039633683383,197.75035674467347,221.70757623472116,234.37876843117365,213.2335543092285,183.4917669124655,177.07465979066916,162.86743218219246,234.85554717720905,234.14079811478305,161.61791283299388,182.19120952799784,180.07441240226171,181.6314269685684,216.7618896625449,183.99321456932307,236.20373948997224,214.0513742701164,169.7275280414005,182.59604357742975,181.5130409143408,208.3731456963361,195.6336699505168,174.93774985523015,164.46086548129307,181.07451828251249,189.41292967656813,220.12472003087944
119.93182361647622,69.71816141317026,71.34179296691757,99.21946110536504,0.0,107.10101577790708,114.54506100689032,122.23089430387776,131.76505345169147,194.921870108623,205.24550317270624,216.43907802588512,179.1427846871881,207.85317161420207,213.59088792001427,117.1253899152839,198.7957403739464,228.95697868743332,209.4065501016913,230.04055188639936,247.91212452012664,182.63271922438665,175.9777831019871,206.75662846843176,210.86922604439584,221.02774243315048,163.37925986710042,168.21197306497513,208.1129108452297,176.02869640683184,194.42750878944767,177.2834617823713,182.42211026366564,227.60190862581487,166.4315310347352,210.67533198671464,200.46879685179232,161.61879897646648,163.3538834460492,152.29245021129225,202.2733715190706,214.99561185903443,178.0800701178849,180.2396734687336,154.41452938283243,150.7783024978765,177.20967731630333,171.18579479256294,175.96644048954715,199.2377441271051,157.16818323774658,86.04072840585425,104.01763699540658,59.73126651629583,82.66918979653263,117.94538847995815,125.8626853993572,142.88276493488695,203.54077738474325,207.3326266361752,218.8857897509745,181.7138591713041,198.1828645459652,197.14489561723389,238.8639096145472,204.7833303807976,157.01241168290363,205.8999778332192,226.3079995023209,233.8561821676213,251.09553879144264,169.9928114781043,174.49306854908514,166.30902054064393,201.49598120629375,221.7591747932181,205.48148608027515,167.6439765620595,187.19397814921143,172.52030336886327,222.19980606416283,218.12225653959712,168.78308407998838,160.97992259626795,160.52389566545372,169.05583548666797,200.90729882888144,162.64758737099282,214.38275769933088,199.2002871909677,188.969907495762,192.5260769866241,158.56127793135033,218.6389838819975,185.4068171598341,173.68731036457166,148.85686556180153,162.80670179965253,175.70864146084858,209.3931052831002
157.36666402848064,101.954566865577,99.27759347364515,156.17315570112464,107.10101577790708,0.0,84.84946728471638,103.47426367488129,94.8548417173566,184.94629289311104,191.5576393212897,206.6178430413376,178.7794347455797,179.82051660461545,185.9375124241295,118.1610042798244,180.6475695514756,191.84243987468463,184.2627623241725,191.4802421639328,214.1250644272313,175.47505405005387,160.92345944582024,186.9760078303098,201.0676135342963,216.5090946097952,173.8598611647386,178.16497269746796,178.25455897112437,160.86970522596724,238.8823291686824,225.26988752395164,220.74355754850268,202.7929784422377,181.6945917172021,164.04588363539517,179.32601772978663,174.61405984407662,147.00316083008406,131.17407796450107,167.82358868886962,230.82702975392908,203.5505572222075,200.0528826538776,189.7946102992084,160.74264213168996,173.9400938325883,159.97090851931293,106.24631711437836,165.52008502264613,209.4319036175712,136.14227238255165,118.34356808633235,124.78437110085096,88.70726772778971,106.36077229919152,83.27115386131828,123.14762568765944,194.5974208446083,211.27366945102463,203.0285277909257,180.7618912384628,182.73301636149185,182.37160548427744,207.38146700096095,182.2488879855397,120.14946182202716,179.88216469189706,192.50980960410917,195.361456798719,211.48756960540328,174.14619719886002,165.16191409823267,142.511139560851,182.83936050128895,220.99869653888865,184.87786785394783,159.57375589315194,210.33921271996235,197.8646221728872,188.60988262443917,186.93290299147216,186.7531759671292,174.2241446377463,169.44124800235937,173.4174345259014,184.977740827284,163.5684479543598,176.88188494722817,182.22486628147223,205.9370772149088,194.5579923747017,156.97667399573396,238.76337303827464,193.31927380876937,192.03182282702528,159.89110147660557,162.33207833699788,143.38429940105152,175.09779244179015
144.51918935232663,118.54597738342436,116.62002438291816,137.53689304388791,114.54506100689032,84.84946728471638,0.0,84.45370870513561,91.63548426389026,170.2879324191463,179.85399213485545,190.5645803015367,187.36186990073725,196.7858895311605,194.80896193891817,116.35028767173137,192.16559319282905,191.7905793889907,191.28316385770145,210.9425151386449,220.10037084585676,193.80400478485228,174.5926234433299,186.23310955189837,197.1551484491311,207.66955040126552,190.29266854547063,185.6308936281704,198.7559947939302,173.67600175466566,202.36251997020548,208.3866034616093,193.4744594947213,205.17910535899543,188.30687410983768,166.71861065828136,201.9812477190152,160.21940960330733,123.82361063036964,108.0591671650047,155.08435041808266,212.74690841104385,179.09915743012618,191.2974432472286,176.6600268122645,165.8525508969841,189.4764233236475,175.5902830772659,123.71299409252144,172.9463557402173,179.79389060076056,120.02306614096864,95.94138481152169,110.9967181276494,105.18964037292898,98.9256591790284,80.72167435129742,120.47486753060312,191.55126636424632,212.16246902198048,209.02180796643884,205.9795299661573,206.39438275796184,195.39658902182745,215.8559107149293,193.43631330574743,116.3739915650376,201.57500839331897,213.50346291772976,208.78491668840564,221.5549770412736,189.9903982862557,180.02107945167444,148.54035105248528,199.29520085196907,214.5914926842521,211.09340047089117,177.20115769621577,196.48328734516863,187.4689363082889,216.336314680694,203.0023574650804,173.89770677312524,187.90942555151557,185.0875905590552,184.72119761287016,202.99116784106383,186.26411788436457,193.33094320149948,184.25955850438845,199.5915063517944,189.3943036669618,164.69601333639184,220.74949137944492,196.707263971595,186.6428192892576,168.0297818254635,175.82085062423033,136.9245035420072,180.8580901364072
188.78085418736765,138.10170617882648,129.63646140322504,154.56575816467088,122.23089430387776,103.47426367488129,84.45370870513561,0.0,58.96864595465422,193.21718594298244,202.04677159638777,213.30677806348697,205.4337586243653,200.32600695046784,205.69088663338687,157.0286966995723,196.4404710604556,179.1787731539284,197.7058885108748,201.7696753669645,225.44650065462665,213.51123409374463,195.31392389530404,187.2820303405,216.66820249487216,227.04885781989785,210.15183758271945,205.73330130435332,201.7608440288381,193.04647838818613,233.8351468106792,237.40600031499383,223.2029486643709,199.57689807559487,218.17619644564377,173.38916038032525,211.37685145690924,201.20041726269864,166.2580762491005,139.13446895245363,171.9226116181443,239.26070562570493,217.60840035102137,219.43410899001756,208.36039455054248,185.6732496150132,213.80123635095043,198.54788658333445,151.629452421115,184.0540905434023,210.7309058703601,133.28471173557244,137.9796891779431,122.85428235143,93.1888713854198,93.80706507817354,75.99872748236193,72.74287346585372,199.37301193428283,216.1300995476334,215.76758530835207,207.86794054169883,217.20791267505032,205.41850807398345,221.7124455157636,206.07509256340103,126.83280854533712,208.13318528906208,210.76448736643988,197.5739528228371,220.4761899234515,210.30984987536263,195.2407250866445,142.85090881550653,195.12794868290115,230.49811225649427,215.25470935511103,194.07225051634924,223.57112422773636,217.7032407477273,214.4977843621212,207.85145312785212,208.00373281588756,212.7431929170268,201.4849070350961,205.0943776256791,215.95516261498076,202.40943490292108,186.60767182603075,181.39140927854515,219.8725351128987,209.59045664006996,163.8505799955967,239.65158860103344,215.2413754171993,216.1480746025578,186.33788703907203,194.2248276815984,158.9793087020234,192.92924701330867
186.09546273036744,145.8291728253358,135.35528801474663,173.68478647875617,131.76505345169147,94.8548417173566,91.63548426389026,58.96864595465422,0.0,181.25870841176808,192.5439387773861,208.10552732026505,204.13974279905068,195.9605470463249,198.12240221285003,160.67984749020783,189.8815152548657,166.39166999922637,194.71114273826268,195.22949292537064,220.0675953217468,208.03404322630257,189.12103435926264,172.9266567621882,205.17000649075084,222.69258064743985,210.7529354247189,201.939769069423,193.99724865611583,185.75676729628557,235.68030034942933,243.47345898516076,229.1435272119052,187.52175395166307,216.7530819680295,140.70144734462374,197.60645723550272,206.39675187703264,160.6687844431969,132.21906908827617,151.81685241826983,237.07346917872087,217.70190764405265,216.7926689969472,208.0645203492566,185.2805977524534,208.6918611819776,190.08733824659265,134.74799147900637,159.32790067703576,216.71924213782935,147.11804302251323,143.20993268480885,139.98314808668556,106.31242280090297,95.96798103294584,64.96145205209581,54.29857205956528,185.5620062088053,209.79536906059784,206.32503995484143,202.79366455384024,203.67258119208535,193.61637385337824,212.8326209421809,198.7467992169281,115.56537824859348,195.7472640460523,198.73240783597112,184.25206019374903,213.624643474351,204.0137245727161,187.761078277488,135.1077823005674,180.31652095438383,223.64139125272715,204.85284981188775,188.0462983224496,221.98291741791564,222.2942374579937,195.3530782066109,186.9779542347246,203.20181107213887,211.7941904321552,195.7822480845874,194.01485045583425,198.88355599307005,195.94138487221727,172.16200724160262,155.74074166771982,217.0998559133356,217.74758007853708,170.1085058740992,245.63740512674585,215.15832887080435,216.36131212979532,183.6262813806584,188.3637334357832,142.85078812527578,170.4837802951329
184.51168441303903,197.25223142208324,190.22095313769927,214.61065886999492,194.921870108623,184.94629289311104,170.2879324191463,193.21718594298244,181.25870841176808,0.0,111.07027232347848,94.1754155322048,150.4392061867012,185.7455711621616,181.7112789390506,171.9095515442521,159.44708527286036,187.63753070785523,184.4888587041081,194.67303849374173,199.55617390203912,157.96743424918606,170.30456050809937,133.79009418744653,100.80473931342485,134.0044194129526,202.6647970450976,195.9915180064763,180.13740755935703,175.99025113399736,192.7471430054499,201.22958339694677,193.0380569664627,182.03554449234355,170.79014970320392,173.722772904053,184.00503373671617,152.58433640930636,149.06846220329692,128.1724691572445,147.60556546044248,142.12764373944142,136.22315972927322,164.6422535603282,177.50566673505472,191.55221657368276,187.72350193815663,184.5977924164252,173.92008648302502,163.33476820662227,198.01936793200392,201.15497887036585,178.70433282825357,201.26634612198603,197.8716898906016,168.47196026462058,177.7809102734141,183.860417881007,121.2663524661111,164.452952655813,149.5866006258237,195.6515345937284,204.03370568025423,188.50126073610485,198.2560475649414,177.127686735997,160.27586206770627,200.67205960625455,199.11315832006173,192.561300934838,195.63178197016305,184.1917195259757,177.7675109238063,141.9945321019581,170.5330571297685,132.97964697903558,192.93254970059988,180.8389647785137,176.56538119238945,185.8318829687307,196.72789133977088,186.77265757656917,174.30232162075663,182.89778224505747,204.67323292622103,185.84686980308624,174.46934395650965,193.7781002733992,187.30820669022376,173.81842629973477,191.56979611050477,159.53028825074384,166.38574478149422,167.7318535372105,180.04259552736593,163.17744644223168,187.29503887040795,182.8035027629739,160.29600636523116,158.40518035462836
205.04060341367165,200.6253792998026,202.5868697237278,221.84128348076737,205.24550317270624,191.5576393212897,179.85399213485545,202.04677159638777,192.5439387773861,111.07027232347848,0.0,83.69028014513518,158.14455331887945,195.64800698036092,194.92792192949,191.17408779404525,167.49431601576168,191.8847549504154,196.75192016340367,191.78578546556597,205.90688344415312,150.22500732893718,184.5664194927972,112.94331927808622,130.18019991892777,98.46128865282508,198.1606016383884,198.98321914253304,178.86325833216634,187.35005712453025,223.0727543341113,232.25915279205705,227.36161631124605,192.95678733479616,165.64841918319078,165.4918703611237,178.5782845784858,190.8571645650377,170.4755786277455,162.15307689042285,155.0981121015052,148.2794281917068,150.5279449417298,156.07639095649745,181.3083994727612,192.34090680690684,189.1278169263177,192.33211500414276,175.85202456247163,165.88735873747603,229.3303062251274,211.88758360210852,194.75216543618976,205.0497961299464,214.86559804787632,180.6282913185575,185.85312086963103,194.12276742196696,130.7379273910045,120.1257615364744,122.81586344574356,188.37947688252623,201.3113133731189,200.43345536604545,205.41004253726248,188.06871681579685,167.5763757582179,200.86758591831983,202.2914522573537,196.38554840484397,199.89854175564304,172.06456520248062,186.23366071444943,154.6189635041314,148.174375766708,118.41646350188172,189.5283265593428,184.8364958930656,206.8452710262805,213.26293164071177,191.0774230073209,189.14301418646136,185.48039915626072,173.29726782835994,197.3965862326933,189.94601857805716,167.4877057888363,188.35026138531535,182.0632151427797,176.62736128151974,228.4709761526468,189.91165243018705,190.09649857301264,174.87685758088398,170.24464324652658,150.21620171863103,189.79486492748407,185.90710533848,164.4834351263678,158.2968415215164
215.95207881038928,209.05042543849203,214.8877913715387,228.67142991957968,216.43907802588512,206.6178430413376,190.5645803015367,213.30677806348697,208.10552732026505,94.1754155322048,83.69028014513518,0.0,151.90461668513632,196.74498987238255,200.2155684263344,197.8208754643499,165.12469570071667,195.0427086830101,193.3743462281448,197.7548823516256,213.7385420110849,153.71225324940363,192.42334071190305,118.43969273458644,127.5992393073964,77.84190329775821,211.23054971609565,210.96182494078727,184.1716815769286,198.7345338460251,211.04586900553116,224.63152412873592,220.47261699888355,191.4154107182415,167.36646404933222,185.58508031688277,184.41872810242455,187.7515112739801,181.6624897619119,167.2459594997153,165.6161711117602,137.54955184822933,142.83598238509313,160.79680467403676,176.7484514088057,208.89687180536043,201.15179147966688,206.03572051657125,198.3689297120193,178.76351339922553,224.7040098005006,216.17012100558355,205.15612587718317,217.20665348563145,223.77155519243505,192.85922785292053,196.89007644761855,209.9308073377467,127.9933754554964,133.66661848938446,123.20460865388536,195.99263341266985,208.0383155277229,208.53294852082757,216.7695953317268,196.05306870501323,178.57788392158807,209.9383270399264,209.01471110233297,201.65654915395555,206.09103983456288,185.30099874304744,196.02330774473853,159.8326265328244,165.1858295021192,121.19047211237326,198.46146546391876,200.4113149096912,205.74071147148712,211.8576316957533,201.9170292185449,201.2339295515232,181.51000321959708,186.9092837366428,215.3576705691836,201.86728761497648,171.41256453005514,205.81546534498068,190.92051809708852,186.7232610870794,216.69837182037477,179.94237053939412,188.7618285925364,162.86667600666385,173.54507515839134,160.77063180410477,203.78251768227187,200.178771826669,169.4195780106053,169.8630667347686
164.52124042914608,176.9528805791992,175.5296058311289,180.98665235385863,179.1427846871881,178.7794347455797,187.36186990073725,205.4337586243653,204.13974279905068,150.4392061867012,158.14455331887945,151.90461668513632,0.0,160.66438162072288,164.57809027552216,164.90722028171135,127.21947344687604,188.84750672384564,150.05539818949478,167.5580871046635,196.79548954428785,122.77568540050508,165.4067716990309,157.22112140059443,183.5441736493629,179.6189749761973,145.57378123628075,128.86096472351977,129.17353142181804,183.23069571295576,197.92715808440136,199.5710312264812,205.68279044337245,172.5389829789733,130.16003070997465,192.10601095818845,141.13797284083412,169.3426722206573,179.8306115580692,169.2163927152286,187.1161845883261,184.6373859101339,146.71296583233087,152.2250929063744,148.99647839342566,165.43579575883865,155.01274373712835,176.3165496977977,195.7067210461272,153.48015956401304,195.7269579773374,179.759918443169,173.7116522641458,184.47112205321292,192.47469984572277,184.51002986318676,189.56333837820773,203.67619376504203,185.59982311283648,177.85203162237448,165.12455214480735,100.75302706962796,152.80461552540953,170.53160904424624,188.75300304425525,175.16130488989504,196.1257640954069,145.73402269448184,164.77218386199456,177.24225633445536,194.4322742332838,130.00704822497732,174.58223755547212,183.4351244027955,162.7004066488543,175.6553664307344,132.01511183304564,167.8165995885259,197.703705252656,189.2953622480552,169.61154560179276,173.0024051462628,156.91740780074102,133.0843811867864,160.52377476791878,150.6717034761375,122.12114921873936,136.86644719259664,175.3273560627722,168.60482571972693,201.05373818197864,177.8823692125277,201.15600891409372,201.1510286508946,177.0227350739084,147.73031865505726,163.7791281728476,174.70201141206184,165.05799247573208,154.91802938769774
203.7774400680367,203.1280676622304,200.2399500844798,215.2698430569133,207.85317161420207,179.82051660461545,196.7858895311605,200.32600695046784,195.9605470463249,185.7455711621616,195.64800698036092,196.74498987238255,160.66438162072288,0.0,63.99924834720545,182.25521628856777,133.43444807565973,161.56412340328734,107.61853861505458,108.11107748292758,96.57478219243596,141.7307475007657,107.29143592864244,170.93440611111134,189.9972387091676,207.2689577934372,176.04264129526007,156.127688574995,96.78119799275706,130.79161758527135,238.65412801934616,228.34515679840703,227.42977124033345,156.591934767854,184.64769092930203,178.85173196023663,112.67318133453637,200.27988376187164,210.80682503298752,179.2393268622588,190.21740966508756,219.62726894369447,206.19638866014705,221.6252095651622,217.9109675862385,171.05624767830946,134.35335605154026,144.20044390549634,172.52118342875983,167.97531787437708,227.37444270811125,214.0671307364499,196.41256753250516,215.54252747496415,208.8023162833316,193.71039426618336,186.80303870547084,201.362546533564,188.79902932118904,211.60013105319885,180.2555512892904,180.6712344867041,119.96111604139404,96.14967074696769,97.00339476237744,84.35964207112252,175.52399186517584,100.08953553530634,103.98714696839396,136.93666898591584,92.9440694367928,159.9083745978444,121.27078844035128,177.9631690729669,176.04703859679313,205.1541600590316,107.46925019059476,119.46738818057044,210.1525834954486,204.2444043028891,123.97120474915592,144.09552208954693,198.48232950811308,193.49261158118736,178.35641211636437,146.21537901671007,124.9013302213439,152.66032851697918,153.55637672721326,183.8766308970489,201.64642163394157,186.8025903447702,197.9865432495543,218.91709318897068,189.23877166141344,217.03594253056656,168.49010539501796,153.02333374163558,187.62536065703904,167.4118108376818
202.75151340990053,207.56554725987536,203.82704783887635,220.92409456942568,213.59088792001427,185.9375124241295,194.80896193891817,205.69088663338687,198.12240221285003,181.7112789390506,194.92792192949,200.2155684263344,164.57809027552216,63.99924834720545,0.0,174.4296085769691,155.54825215154182,170.131180852003,143.94430564642153,115.97913334166864,88.71383868902419,148.4162997482954,98.80124988803794,186.24960302723295,185.1322793379537,204.4706162606443,177.12535042587967,145.23312556717943,108.32709328147205,113.14864852617023,229.0793190916695,225.2550353012698,211.43657497406303,164.46012377711912,190.47437627374848,184.5889681310896,124.129243621167,196.28055338502065,212.58479306149863,180.6283778959284,196.3684643715075,221.53661026674845,203.11238606561585,217.7259185288661,222.2738889703386,162.89523985529456,129.8564846054729,131.9825205160474,167.6610547773761,176.9104719892477,218.1472061268956,220.7773931376452,193.96287677527536,218.91632142400667,214.5376454333853,201.79601079146704,188.5896614178401,203.12374755275025,188.07447020718607,212.9577638059598,176.86376817299947,174.59704831833284,116.2043392787006,71.55771264861828,68.083222282778,48.9662960819584,170.36537831199576,111.031215875874,107.42283487268614,138.08098660746154,78.63198198654388,151.00556331120714,104.31298892439064,172.1181930982676,184.7148648243283,197.2489826020335,109.19202167084865,110.62423983565728,196.4345064398388,192.3317253797619,130.34387398024995,147.36946272620258,191.12336645587948,185.7597996206337,170.7186842998788,132.3687147817292,134.1048906245449,147.25199967822127,166.35375030012716,183.58459577440385,190.4887676435949,187.3733408055483,202.4680805037986,215.3685662169929,182.1151785401089,213.84457933337444,162.59244759668874,140.5336466561352,195.3171794678367,176.3265712546443
108.40880505536737,93.57394381779568,117.92416165981923,133.37684521533225,117.1253899152839,118.1610042798244,116.35028767173137,157.0286966995723,160.67984749020783,171.9095515442521,191.17408779404525,197.8208754643499,164.90722028171135,182.25521628856777,174.4296085769691,0.0,183.133220506313,208.6632758791856,188.87913784332224,194.45458189252287,204.530855675932,154.23387843471374,149.73986489837154,198.9720721151244,179.4428103520821,200.17253062821612,151.92781068308983,158.77058358503834,184.86049975408872,146.91037253394427,184.6095878835502,172.90606172676365,142.37962407023772,208.06050119426183,151.45090689435617,197.0276395047901,172.09490360816545,130.03599412910052,155.1369474437674,141.89094495923376,183.4139415637096,191.07156714171416,160.3947733412817,164.93277941361544,153.1483373638758,142.59272457519458,153.44642737312654,149.56567336352472,143.73211332732643,181.80395870777556,150.39536913223534,141.94955812482894,76.22605085561852,126.4820668526364,150.83484166157206,159.476195970741,141.30177027306786,183.06251154608225,185.5970421045832,209.73902320546077,206.68928103197385,182.91215466861297,185.85160848645396,177.9445777938365,200.86771443429308,177.00177187147722,139.09250657351444,183.1487225540938,202.5940587448151,210.8635521149503,206.2126409719786,150.2889934292499,152.91943490066362,164.51378836894486,195.3947150748914,200.1313817914648,182.37473845223772,147.9155219138625,161.266153280943,127.68204487809952,199.35603585149343,191.15108649474067,159.38392230323475,146.01516510135136,153.17980186584958,148.5406306571661,179.9858828353186,147.4560901624883,201.1477007050165,202.22491942927533,142.5586319417764,169.23130326478514,164.848248412742,205.060405242624,173.68905314684616,165.14929517632822,143.79208105238092,150.47402418338433,169.8538132419734,188.25254425311817
194.77734326769996,190.3110337461396,187.7900197467733,213.00003733806648,198.7957403739464,180.6475695514756,192.16559319282905,196.4404710604556,189.8815152548657,159.44708527286036,167.49431601576168,165.12469570071667,127.21947344687604,133.43444807565973,155.54825215154182,183.133220506313,0.0,139.6474174679043,85.95654163540021,118.78739982781944,157.6743425095528,109.8261296732594,175.93325319796992,108.42156403856384,176.4548798330183,185.89742919744887,182.62469621993904,175.6256532116322,108.29849835092811,184.4473138669957,220.77577731428573,228.77739577489544,230.68614847914017,110.1335069183904,153.2942016870124,144.5165607753107,101.78333965291544,195.10962191374117,199.9073355350996,180.15674308546613,141.6651543416574,198.01114285257137,169.02206473828682,184.2595918871768,182.5603281595517,193.62294746895785,178.62331281121837,194.40185200528583,184.7653457244649,126.40262012095906,223.64811344623277,200.19914697963097,191.73827170140592,201.49123339483992,200.24609480924704,190.04230311385777,182.60805350052985,190.06443563913692,182.84708932383768,179.86145063774092,173.9976282412114,152.93376610411087,161.72493395739917,174.24947692932128,168.34088995455195,171.412168122605,186.3046855813533,126.44285452060728,135.952775492839,138.25752975245166,154.16633213997147,146.5642096497711,185.1581034276153,180.80520912847533,133.22043731434184,191.7166995949576,143.3516514396129,178.75285630430244,205.55476821825056,219.93510261817767,134.60045873701003,128.65974967246103,173.80382657674542,173.8700900702812,194.04080217083128,189.35463777698843,111.546240760521,164.98046019412757,123.83249795842691,151.1302401409086,213.49317376397929,190.5974172720073,200.04131990462608,205.66772405369187,176.68753626106937,177.51279319716755,193.9851559656628,195.4026251328395,183.80502368911996,112.31299235290275
224.8922319549725,226.1653199397057,221.29091566610808,234.012407117659,228.95697868743332,191.84243987468463,191.7905793889907,179.1787731539284,166.39166999922637,187.63753070785523,191.8847549504154,195.0427086830101,188.84750672384564,161.56412340328734,170.131180852003,208.6632758791856,139.6474174679043,0.0,125.58117164546768,119.86245335944068,160.24768603167797,199.3320196886833,204.9049790123233,134.61420512139375,214.4029233982224,223.2043138309492,242.70803080244656,220.29119546657932,142.52429273560097,220.5889585305636,240.88879898991377,257.640476146996,245.1489657718006,66.12728595758628,230.5659170298705,101.2031987833891,167.50133929878666,223.3978414736557,196.57617438563955,183.45364491296533,111.00699543138398,242.02824510196297,232.35484562260217,244.13187873937767,242.6708150545125,247.2543223961193,223.34245994804056,226.65979360879567,178.63809387604493,124.791904660487,241.25282560275008,221.62824210897463,213.1683246562822,223.54161201221345,205.8665049154149,196.46740309631068,173.45119692576853,157.9537403124955,207.29878682382187,207.4364924060443,204.90496225107503,200.43053976661795,196.31051151498335,188.4980900670629,170.58938821848244,191.8742618697035,178.49375151038305,158.87845153926847,129.825377393695,76.24639789714806,151.96822441538592,215.8995409975577,213.920022884076,175.3687742197127,156.91117679145162,234.87681415795072,166.99688657248623,214.8474195160236,236.67882095099367,241.7204960782973,142.55437033173305,115.92489007671492,231.12488312904972,244.56167384531852,248.3621849637468,224.11130571461945,173.21768038173116,228.161092233022,88.21838533375404,130.6909523135388,229.12382189153988,229.56761905179985,222.51014957649917,248.95753609117293,235.99773116260377,242.0484348533987,244.24618562339367,234.8434601052011,182.46947513154947,127.76905511227504
201.5486893640367,201.0449673513708,201.0546388746332,215.6319562787708,209.4065501016913,184.2627623241725,191.28316385770145,197.7058885108748,194.71114273826268,184.4888587041081,196.75192016340367,193.3743462281448,150.05539818949478,107.61853861505458,143.94430564642153,188.87913784332224,85.95654163540021,125.58117164546768,0.0,114.28636336115872,139.70580702998757,154.01532069178828,175.8127227729874,145.95539644352127,194.7793056918772,211.78589086676268,199.9716041369556,186.0799293910272,100.40756249047368,194.80179947747652,226.9779093403119,225.2142170581991,232.1262088411449,109.86404767581703,190.14856756054996,155.9826668907669,129.63981374706503,192.7293942378756,196.2615728781381,180.55766254181225,150.9411172282508,216.34839487457592,199.60227157318928,212.86550235742047,210.7062573835361,211.4304293718781,181.2204449675894,201.99747130533095,184.8948834191783,133.15803671245197,220.0046202774028,203.14202633141863,195.45087541958588,206.19821991428185,202.88434977497167,196.54108618164457,183.66101975908836,190.86416432771236,214.28784987457465,210.07632309454692,198.49560575127296,174.37781401335184,164.06277300907684,166.5199329285815,155.0333501254333,165.754139268909,193.9379029167937,114.42347766246552,119.23433018642712,117.79346772196024,141.80711798242174,174.3855682005027,187.8861644313708,198.54970089702303,165.20622796396805,214.1159516495153,124.21115407666528,182.5076045631955,213.04743130693203,213.58562509138324,135.7790979941941,128.68145790831068,204.64796089373155,201.8622527666933,213.1480405949096,195.60585948492465,122.57312784217312,186.00767920275587,127.3074844619934,163.10156647475452,217.721693367979,209.5294044265549,218.2961745684687,222.85873861225875,210.1058815301385,207.7291455827247,211.13863305795192,205.5413997007602,187.8467952548346,130.66152768146992
223.1468620745104,216.8585512016307,221.77438298045288,235.9197164289071,230.04055188639936,191.4802421639328,210.9425151386449,201.7696753669645,195.22949292537064,194.67303849374173,191.78578546556597,197.7548823516256,167.5580871046635,108.11107748292758,115.97913334166864,194.45458189252287,118.78739982781944,119.86245335944068,114.28636336115872,0.0,98.82354244448312,159.04738020001892,175.5142180033713,150.37840408812832,203.1647885858526,211.16699706716037,218.43310740968715,197.570472268702,88.64114943885566,191.3639630072143,247.6577405778808,248.58763243501505,236.96381070203404,112.03364018525966,203.65807141181944,148.943162493626,125.80534769334108,215.298148642498,219.91913145027416,197.72143888569389,157.89461316631775,233.91878117263343,222.49022196144256,225.4941383183721,235.8959308826757,223.3276245969652,194.54169255414877,204.8012985799054,174.22466755609145,144.77908000811013,244.50230902165816,236.211512677376,214.2341604426827,236.52641201879885,224.9699754559312,212.07347396383585,192.86481490976445,188.2359963838553,189.28575468328728,191.8132734260748,171.6526640509426,166.59815660247835,146.47282695125534,148.94979602157602,120.13078711104882,144.09941916357425,178.95310440882608,109.23734176239446,92.32104132409788,98.6360628583533,83.51875658116617,179.7879326361254,182.00752911415395,173.29427705441566,151.3592002255121,208.91712669639816,111.06015365755704,183.84161156161088,225.64074802218283,219.7701186202148,90.36727451820828,118.74874349430596,222.28384369632028,213.4767115067065,219.49728409676487,197.3549920176456,135.67395327722235,191.8642515678581,99.26797172011156,164.94481384472567,209.3610381637089,212.206070453886,208.5148633824831,235.82007360545964,206.91054565958385,223.35797912896572,221.90155344144148,210.63058292245248,195.25314045960667,147.80379855078252
227.72085107305185,241.958690168794,238.1670376790552,246.60682834188887,247.91212452012664,214.1250644272313,220.10037084585676,225.44650065462665,220.0675953217468,199.55617390203912,205.90688344415312,213.7385420110849,196.79548954428785,96.57478219243596,88.71383868902419,204.530855675932,157.6743425095528,160.24768603167797,139.70580702998757,98.82354244448312,0.0,176.05622606717534,155.393206148967,192.29321647559956,195.41967720852847,223.7868657527412,214.4797271228889,196.876278662942,120.16579308834524,168.34787912456875,244.33949474380003,243.5423044209108,222.97279055036515,153.8219179164047,219.9559484704856,186.6721384635225,148.78274944192896,216.80105561554373,226.25794071675412,209.56718353882823,196.7816205374888,236.07557873706577,230.24241300304016,243.16778241353208,254.5279296944143,210.481972765192,173.94477241762343,182.9682171197164,190.7541181617682,194.71135599455988,238.39252375933972,257.70806525797286,227.1210066471641,254.7058961439342,239.66953272750845,232.6681160281885,215.6843950946702,222.15820124572664,199.4409287635512,218.64884070513912,193.2617502073632,200.54563587481144,141.0665450781785,131.79295747857253,70.63421571347315,111.07776150020403,197.95739592321868,121.37228831763387,101.53425793514212,134.940822650047,46.17282868056161,191.4498337955564,165.16422737620314,201.1931868551885,189.582569970991,215.6238144163925,128.18664274024354,167.0225389777458,213.88189103176336,212.95687918054105,121.5422146220675,150.46634623747002,223.2814085003052,223.92827007985363,211.49528851318624,189.0905632062893,164.1705900218691,190.81477875350544,166.5179586739663,197.6084984358821,198.44747820780407,214.54578565296805,225.33000936128315,223.64963539488477,207.31382740802871,236.01166626906908,210.73974041378392,195.28267624868064,226.6128267315858,192.85589901765564
180.1694069987508,158.92312126641167,177.42380554064033,197.03988214013495,182.63271922438665,175.47505405005387,193.80400478485228,213.51123409374463,208.03404322630257,157.96743424918606,150.22500732893718,153.71225324940363,122.77568540050508,141.7307475007657,148.4162997482954,154.23387843471374,109.8261296732594,199.3320196886833,154.01532069178828,159.04738020001892,176.05622606717534,0.0,138.24231054756063,135.2572722774724,147.88740284597122,145.29552712562014,130.3103917325629,135.30116857167934,133.45214686211938,145.4262001683495,209.84658378772983,219.96286319152284,205.7524685701184,178.3871639928746,76.30752420533452,177.60340434720467,102.34649589270988,181.6687548626678,205.75773735026135,184.43936902339715,179.45726605764395,175.0545787692087,132.34849625042924,126.8870761781088,132.6018471804701,138.14753913873545,133.54547730787266,148.1338439814652,173.73257173105213,155.0532808688901,215.8568738651205,191.42054283724804,178.31287725862097,189.8562705283436,203.56116771307936,192.8961133787575,192.81881796665948,217.1342358513236,157.85902454389685,158.400281993973,144.87818666189443,141.29266855731584,140.3978758727721,159.57503115886624,173.82085704801636,147.96397308019257,180.03861738288617,144.887883732047,161.77258419335942,186.8707915515202,170.9825036604776,83.82614818409715,142.31561264987482,177.11145124807723,133.1986920743908,150.56839672739977,133.51770157229328,134.63981289000128,180.64406870790424,191.9244262219258,144.29270898573748,162.7995056511338,133.68697408342598,105.2329483551989,132.84479105600718,133.51282275819824,107.86094977582538,107.0295428980732,167.92385964624492,177.01713396035,192.71820564774063,181.66101941885813,194.0686967644524,190.4149145018079,125.63549578404675,118.4716614485663,136.59829605496012,142.2251052043155,176.83170397941376,147.4541158432501
178.71256224704547,167.96127686275173,174.300286545323,186.32233910618584,175.9777831019871,160.92345944582024,174.5926234433299,195.31392389530404,189.12103435926264,170.30456050809937,184.5664194927972,192.42334071190305,165.4067716990309,107.29143592864244,98.80124988803794,149.73986489837154,175.93325319796992,204.9049790123233,175.8127227729874,175.5142180033713,155.393206148967,138.24231054756063,0.0,194.8328406753189,174.99075530845178,188.6909931498476,147.83461137250194,124.96939088274628,154.38869219152502,59.058577570672,212.88035372849805,209.0578699945691,203.73082406546771,197.69276570186383,158.3099322640066,194.3244629330225,139.7999065926144,189.24825365451215,205.22917438181827,174.09014729467015,203.43996396024244,196.78180397656683,177.54114426599426,187.2499660939505,186.04597540328945,108.54656604623722,88.20823640469428,61.5879759066375,164.31940800466617,181.3399091049417,201.8703991528174,191.43671338322716,163.97450015291645,185.03141604605375,191.4790043859829,183.11080916046336,174.7672984937246,205.7725452086744,169.4227954259619,207.46454468511303,180.12144597879018,180.3086901183136,129.2774415578364,101.21058859703696,137.7223682615741,83.64519916115722,156.74379050977956,146.42446244070106,155.12618692234918,185.1840941609821,152.6292557313291,136.56661063290585,43.72752699111676,166.726032119011,189.32820618281343,181.00339819947268,141.93547288215433,49.71439506186782,182.42374930661327,180.99659617855545,165.4833803760855,176.75591897714128,161.50606723680835,161.92286833599118,135.56141857334455,92.62625038734087,149.49137917043944,118.63368918595162,197.54857290407244,196.79832740152875,181.34972212894408,174.34107237580437,181.1570487854371,198.6155773778734,163.3557843903118,186.4530507810269,99.78503964296932,68.6104134423386,183.9837435871382,183.1727662121729
211.3630205358372,205.84698998164865,203.56573922454945,230.20085165905184,206.75662846843176,186.9760078303098,186.23310955189837,187.2820303405,172.9266567621882,133.79009418744653,112.94331927808622,118.43969273458644,157.22112140059443,170.93440611111134,186.24960302723295,198.9720721151244,108.42156403856384,134.61420512139375,145.95539644352127,150.37840408812832,192.29321647559956,135.2572722774724,194.8328406753189,0.0,158.23272644229985,141.27855662676006,210.33627407006844,201.70424686448612,149.09365178643168,199.5433574287537,222.79510475923087,245.9389250345568,237.04813144998732,122.27901941508264,167.30366067587886,119.81388780309696,144.8405042576187,212.5027260645295,192.7887778303,166.30859418550182,113.74021443451367,184.1677544880419,169.57584087137502,178.06744243856963,190.69207449385584,209.95227381676528,201.6711798407274,209.7909789265126,182.69673199591807,122.96260673149878,234.7511029945175,210.93066020026177,208.6401601743558,209.76933068911023,207.42361923030427,179.90006054538313,177.1344438704731,175.32345390081167,141.02085108252277,135.7544092729998,140.1590619054159,177.48961039198684,192.96155548538047,188.90499473060584,195.05007376403904,191.6135645629636,166.04199768822843,164.53415012382112,158.487650101623,142.9254000467329,180.93235788579025,168.2445545185908,196.5870172384939,146.38001407900435,107.16406095230928,155.0187738780914,175.72081005254074,199.1237762262317,230.9178563498527,235.09376514068504,153.02738869486834,140.54094644961236,184.56536700247943,187.33632864226703,210.0027935175079,196.30704279097424,140.2534313409081,195.21807295946672,124.36474548183894,132.79252494866194,229.0360356953185,203.8532410271647,183.0167504449344,194.31604431969416,176.27183708410587,179.55171383016216,205.0554023210672,202.58234517629344,168.3223196291241,117.85301270386252
198.7225804344294,207.6854623940039,208.8159837121574,226.7271307549227,210.86922604439584,201.0676135342963,197.1551484491311,216.66820249487216,205.17000649075084,100.80473931342485,130.18019991892777,127.5992393073964,183.5441736493629,189.9972387091676,185.1322793379537,179.4428103520821,176.4548798330183,214.4029233982224,194.7793056918772,203.1647885858526,195.41967720852847,147.88740284597122,174.99075530845178,158.23272644229985,0.0,117.6372838446917,190.15326130360864,199.064835085342,200.6684855510936,181.96079213583116,204.61979884477563,210.53513598569992,186.2793503093388,206.36668860569307,158.547486296135,201.88817873619317,196.05834479531217,152.1855392669492,179.69029529703602,180.2029783961723,186.4642077187101,123.94998603645288,155.384132401001,147.7536234703283,186.8250776231996,185.25811418887108,182.86649874279036,181.6145736608962,188.0611601205701,202.0430985971696,208.2498318218768,231.780896643355,195.51828100624405,222.40460874952768,226.2316723578746,205.3533271092897,207.97464682101847,215.5563941245985,137.99162962184488,174.92262136026858,150.6424106831995,210.19830242033655,206.003816084087,198.84898357685648,201.7920337121328,187.43129614681132,192.43446712804644,212.0935738756976,210.59979259127545,216.49142848346307,193.55597106760544,182.80351338055132,181.7644111555918,180.16920187932547,184.89404050928013,102.1310733350195,200.0929001112898,183.81933922290608,171.83156527727414,173.97288073499624,201.05522606035095,203.65866451080245,188.2177456441455,174.15573119344654,189.74822752884432,188.4586956808332,194.85685231914067,183.28083453107973,216.4256808350224,205.6955273052406,181.7247207410377,171.9141797368046,190.78266948085863,170.77102897735122,175.9257763002987,146.5771104742206,184.74646447180965,181.6612493627159,202.84032763840247,198.46057453599627
217.26100524116208,207.9023278309604,218.29457520755835,229.77880929733635,221.02774243315048,216.5090946097952,207.66955040126552,227.04885781989785,222.69258064743985,134.0044194129526,98.46128865282508,77.84190329775821,179.6189749761973,207.2689577934372,204.4706162606443,200.17253062821612,185.89742919744887,223.2043138309492,211.78589086676268,211.16699706716037,223.7868657527412,145.29552712562014,188.6909931498476,141.27855662676006,117.6372838446917,0.0,200.238782213888,208.87745645389865,200.76934928343815,189.2333959638447,218.46495490546425,217.652454168914,215.4065400501016,218.3243972080095,155.3783052159987,196.4072834070613,187.51937201396032,188.3582804312955,196.07456138018725,189.08617538143164,192.5764485648939,121.08715556388545,139.43545525387836,133.8568454744109,171.8423907931779,196.32864859733803,196.92753448355217,196.11870005064884,201.02748321360409,194.67514312997915,225.49919654972695,226.299691106775,206.61381450165243,223.05899781760888,238.73633635872005,206.8866815432497,215.3513078621814,229.8045573228018,128.7002686742345,125.72467516819732,117.46550181858304,199.92320972057183,208.4674760950611,210.44907970233797,217.19834739257297,195.90571880441428,188.95871835221303,216.457364149268,218.96694680457048,221.89981746959376,213.64908321986135,171.87227476444107,187.114283853698,175.3081807318409,168.66777378624937,90.31678916651978,203.78087476829813,191.70963069863856,197.4160409053794,204.3857280963741,204.59788819371664,211.33386866286324,179.47966070056768,171.71174210549322,196.84410485944483,193.25701148733876,181.0647558855437,191.50552299653867,201.7095820947634,206.52709249915108,218.8042685796076,181.57674191970364,197.19088854073783,154.7122457813416,156.32009199581478,132.2544127376861,191.6220638453613,186.0928473231624,182.23445322701428,183.5911364746779
159.3988174251448,153.02492593028023,159.40024660137243,180.0578688800308,163.37925986710042,173.8598611647386,190.29266854547063,210.15183758271945,210.7529354247189,202.6647970450976,198.1606016383884,211.23054971609565,145.57378123628075,176.04264129526007,177.12535042587967,151.92781068308983,182.62469621993904,242.70803080244656,199.9716041369556,218.43310740968715,214.4797271228889,130.3103917325629,147.83461137250194,210.33627407006844,190.15326130360864,200.238782213888,0.0,76.52902986205564,178.44172282777112,156.9618534984925,198.7507430692112,186.36112259237183,192.51488882514988,226.7777707613516,105.28770364867066,221.45777015008144,149.84665744982095,185.06362298753004,201.2318494245905,202.9676306198151,225.2077828848601,201.90998792720893,159.22403539891317,133.22528771694607,119.89074291225188,81.26719459588398,90.44397507882536,122.43360091054684,188.0028251513564,196.627858221496,190.25102634852263,172.17760226477634,166.26066934553552,174.29580529428944,189.95368893839083,189.6044004152548,195.2042036562268,222.6587310426749,201.2168198668076,198.3536848463532,192.0616839214016,152.1451581370584,146.90259685363625,176.90380302599158,204.54561692484947,178.12919284290268,204.58392213934692,170.0243476093126,195.8954213478333,225.6438288784293,216.7829475738957,104.18732637803102,149.67682652258577,210.5496572531315,193.21028271486804,186.7731303356925,159.3014203078148,129.63717081426057,166.004806799998,190.51485983800592,190.9220107165092,192.77188647204207,143.23634500307128,83.10052479864433,52.38172069460455,93.16394541868904,146.76971622309995,65.27969300250622,223.6482252924621,205.14981527346004,195.97891828970447,207.00401914124723,208.20831515093613,218.3262042008024,163.2721550760838,131.82942831485758,87.78438818674195,118.93358307455122,195.7326490524808,195.5611512068932
164.60564235837492,162.01968467546217,169.4070031857072,169.14224235058276,168.21197306497513,178.16497269746796,185.6308936281704,205.73330130435332,201.939769069423,195.9915180064763,198.98321914253304,210.96182494078727,128.86096472351977,156.127688574995,145.23312556717943,158.77058358503834,175.6256532116322,220.29119546657932,186.0799293910272,197.570472268702,196.876278662942,135.30116857167934,124.96939088274628,201.70424686448612,199.064835085342,208.87745645389865,76.52902986205564,0.0,153.97067577800226,133.8524855100642,204.86639610455725,198.7091357869929,204.9915383663287,201.79952506972847,129.2369347576998,206.89154448651607,142.95417411489217,193.9261983457992,197.88941670208797,177.18024810652946,211.44923985817093,208.3548005913764,162.51510192159267,151.39610027774864,141.20390210652926,82.51031841140474,84.31421409838364,104.52891357066972,185.3283781921116,178.9495421136882,194.11592414617184,171.74818638314102,166.62503294194352,169.47055711803696,191.16710204660973,180.6040986003812,186.13641516555705,211.88129522313528,195.4229278637918,200.86034770042104,185.4417566796984,138.99823220774826,126.25866992409377,139.7745386211309,174.64198102225546,149.12288032556847,184.86626630310337,141.03792893748846,166.02773931796224,197.67195386272115,194.3502059096284,105.6521600963209,121.68762985584684,186.44747050751667,181.1711319058452,189.45619977127117,135.62137841069585,101.51282482739488,179.54382811104205,193.95291556531123,169.4241551092397,174.1864571479175,131.4286835994913,107.65804523678952,83.75271942940634,73.8001742378716,135.5443185317293,69.76655752876594,209.0797631667609,175.3972348895778,195.5064638801365,194.97926930599564,197.62054709717188,204.4708775655755,161.31246152783837,147.28805786400474,81.73634427289895,103.06184492262392,190.44186107305,182.9867147259773
201.113900066438,197.7875961438136,193.4802421717316,222.4545828866616,208.1129108452297,178.25455897112437,198.7559947939302,201.7608440288381,193.99724865611583,180.13740755935703,178.86325833216634,184.1716815769286,129.17353142181804,96.78119799275706,108.32709328147205,184.86049975408872,108.29849835092811,142.52429273560097,100.40756249047368,88.64114943885566,120.16579308834524,133.45214686211938,154.38869219152502,149.09365178643168,200.6684855510936,200.76934928343815,178.44172282777112,153.97067577800226,0.0,178.67872146848947,227.3670146056401,229.57793995884333,227.0560022393352,123.94806965391564,178.70958002103532,155.2010432284842,96.15340034517266,202.9719342404462,208.52740907335115,185.85577189566715,171.24293654950992,219.7048093035138,190.867148425096,205.73426797778535,199.1970242281103,193.29140342871733,160.50014900177666,177.2545061098157,177.29013169995417,130.0419406706393,224.3317260256001,201.17338394869915,195.77439109783688,210.54224968213293,197.916795983655,186.9250536758444,183.27238193567305,187.3913766131222,196.24282587521816,198.4349344305948,174.31119857317657,146.57957833380533,125.85141923751848,133.4202857378158,125.49347214556664,130.27671958670538,185.78940705746325,88.60322588977272,79.26337735230155,108.0483305101064,111.80806579827896,150.59783663998962,159.76069027438513,184.7659829099908,154.49136027984804,206.7382036536534,70.3273066526497,155.15725456918804,209.9262170511848,212.15280150369392,110.5785135372794,122.2116516242696,187.49230832561483,183.09328943226976,184.84218067365367,163.07623756995775,89.08830658573332,158.49817232152344,122.79124087232266,159.87460505257548,204.42675902966283,206.14707854096557,218.1613528309804,220.939419337969,194.3826733459308,205.1061350255852,190.03440856217657,181.148616932113,169.78729850725807,126.78079465515157
186.22468343281676,165.24805489975392,174.48374721198334,185.08254947835175,176.02869640683184,160.86970522596724,173.67600175466566,193.04647838818613,185.75676729628557,175.99025113399736,187.35005712453025,198.7345338460251,183.23069571295576,130.79161758527135,113.14864852617023,146.91037253394427,184.4473138669957,220.5889585305636,194.80179947747652,191.3639630072143,168.34787912456875,145.4262001683495,59.058577570672,199.5433574287537,181.96079213583116,189.2333959638447,156.9618534984925,133.8524855100642,178.67872146848947,0.0,220.2466035350781,217.3053669437931,208.0073102093561,210.92691114213952,162.39239463379045,193.97765508466887,143.15508620399058,196.34236533759812,203.5975433223208,168.03387029824705,200.13307537607943,202.76384224838404,176.24430117077398,195.60198263506777,191.96157698719804,103.99992164834738,100.18591696114716,63.707236438722646,162.5795913392493,192.89316603014535,211.41599857678912,194.33623575962008,158.82186147470804,182.77429051835367,193.56596239608592,184.7942692574824,173.44936971951216,203.53905670510025,161.52081159641432,206.54311204623448,180.0085549268107,181.3626881943981,131.30040732904837,105.13964038681644,142.37064312149488,92.31386060221564,143.08283472234962,150.4473055032766,170.43421534092369,202.3147455045964,161.97287199198635,138.9079380973208,54.799143772967135,150.61237775420506,185.90369049111277,187.19369397289648,168.63110232923242,54.35516696713767,184.69655138123744,189.28678594671743,167.08671064849943,178.54445416596147,165.48160175425892,170.8689422487385,138.31088404027264,97.09226126452108,165.85928311845993,122.7273184099741,205.28957490283216,193.1003657515917,182.66742905465856,179.43118517667608,167.68072200061914,200.3285888481001,147.9913194711193,193.5898042716509,97.64431965382616,68.79298658257424,188.4462025561257,193.21509182959176
153.53317238443273,201.6941699961168,205.11240685941985,170.72982642404102,194.42750878944767,238.8823291686824,202.36251997020548,233.8351468106792,235.68030034942933,192.7471430054499,223.0727543341113,211.04586900553116,197.92715808440136,238.65412801934616,229.0793190916695,184.6095878835502,220.77577731428573,240.88879898991377,226.9779093403119,247.6577405778808,244.33949474380003,209.84658378772983,212.88035372849805,222.79510475923087,204.61979884477563,218.46495490546425,198.7507430692112,204.86639610455725,227.3670146056401,220.2466035350781,0.0,125.29988687132038,114.65549709213776,232.43113965371344,188.32491100723607,248.8475862659123,229.18952686881445,153.52758005356034,192.03007579529807,212.83011608301763,231.59847751993783,166.6005725687942,136.30443288313347,167.8535282418919,142.57111578842955,205.91114627334403,219.4767654505679,219.36091405091608,250.4539557252704,221.65408108410804,110.2202173033764,179.162874625622,168.7314604605676,185.9260468891435,221.06757772337943,219.34730701267452,227.4410305140699,230.8536600733688,231.06176154158976,222.84177156121223,250.695693176068,225.7176565983226,234.51207126780116,223.230227877955,235.0335116466765,224.68160431185336,247.01885597573488,239.74550299657855,242.04673425501304,237.80122702393908,243.11394371936348,213.74479121309173,217.2089098270963,253.8633132920936,246.7190985317982,221.3893292240469,219.36847480212916,221.46989186564147,131.8546547672198,143.2059855570153,262.0278094330285,239.01282191626325,154.0833413035366,201.24512360315387,210.77459192490363,214.82056190609896,220.20581049253167,226.0509887086348,247.55323952165597,227.7462720365502,157.7821857981644,203.7243435302858,253.38809273203796,152.10434187148894,209.98039217238895,189.21871289438909,205.5422912140708,217.50718025760136,215.85863499350887,211.4372037099712
110.0410512595437,189.1777113388846,172.158823354003,169.06593066104617,177.2834617823713,225.26988752395164,208.3866034616093,237.40600031499383,243.47345898516076,201.22958339694677,232.25915279205705,224.63152412873592,199.5710312264812,228.34515679840703,225.2550353012698,172.90606172676365,228.77739577489544,257.640476146996,225.2142170581991,248.58763243501505,243.5423044209108,219.96286319152284,209.0578699945691,245.9389250345568,210.53513598569992,217.652454168914,186.36112259237183,198.7091357869929,229.57793995884333,217.3053669437931,125.29988687132038,0.0,136.61986019833242,249.39100802059903,186.7345476026748,264.758034107006,227.11963626579157,131.83961200965027,184.01545578777927,208.3976928513345,248.60578808368552,156.5994437897844,163.33903199549837,186.3164187572882,161.13732939175884,204.96195515471445,211.36656265356788,215.26708270674703,251.8816239003184,231.92703624447967,94.9824609579184,163.1656610343406,173.82416126998726,182.74998770960423,206.05755066563017,214.8960669984581,239.37390304944853,241.0790062372417,234.1991552980606,221.5578034110385,259.4548702495624,222.6041026862731,233.5753969012205,217.5193016705024,235.5693293649017,223.48205865458667,248.8161689729468,235.83914747052893,244.14195835217944,247.5197465363744,246.98361750043892,214.1383383484553,210.3795246922349,250.22627046438168,255.2172401983298,223.78015377257464,211.4487802368438,213.84716222888372,185.2794288692205,119.67143252082786,259.0687642250931,241.35561299120496,183.5707350589029,190.0815865251776,203.14768525051028,203.64999089294272,212.05250532095693,214.53186059231484,258.2748177823255,239.26331362679971,189.5397844518477,172.57667989203748,228.897770189717,174.56880455165646,218.74149653942544,191.6108542243468,201.67777074157328,208.88580435192625,216.90040063711015,229.63295736568392
135.31461997917643,186.42967157725724,194.7771517774713,158.67238995914616,182.42211026366564,220.74355754850268,193.4744594947213,223.2029486643709,229.1435272119052,193.0380569664627,227.36161631124605,220.47261699888355,205.68279044337245,227.42977124033345,211.43657497406303,142.37962407023772,230.68614847914017,245.1489657718006,232.1262088411449,236.96381070203404,222.97279055036515,205.7524685701184,203.73082406546771,237.04813144998732,186.2793503093388,215.4065400501016,192.51488882514988,204.9915383663287,227.0560022393352,208.0073102093561,114.65549709213776,136.61986019833242,0.0,242.7373004407929,189.76876854893845,252.3396441218323,226.5027768397228,128.6395987021542,190.5925502857948,201.88950231267927,234.54187505965905,179.2587727318861,156.86543306485422,169.619782417796,166.9785866158998,197.7062487728464,208.62350916774892,206.03330591159232,228.42757459715935,232.72557687063693,88.89715434334279,184.86968324117248,146.8889525516712,178.43588674922623,212.0202186587701,220.00744674518597,221.4066562458185,232.4069382179653,216.67077100841695,230.75471025584383,239.58334183855905,221.8411065590618,225.44206286509768,215.48722709936152,222.77749042903764,211.37943050312103,230.24202709089005,233.8456881953132,236.0077920612168,237.3749219443017,225.1684942529353,204.0456936038672,207.3898832224843,237.8513736135529,241.72260977276892,210.69685951137456,212.25589847782575,214.02820571600915,138.86345479532577,93.59880207089972,241.06106759508,235.5722404176076,177.77225763138077,192.3050988279084,200.4017290717224,202.7076101868009,218.6412630553611,210.9484755361994,253.4958893046766,235.73682870121144,107.0721893121398,194.18192800130976,222.6277603916031,190.63822359082795,205.7500076243832,179.6113984017653,200.25147461306904,208.16472163380635,217.37742764650088,228.78518195963176
219.7618973217405,223.3534225109753,220.5543381026029,234.4917585374912,227.60190862581487,202.7929784422377,205.17910535899543,199.57689807559487,187.52175395166307,182.03554449234355,192.95678733479616,191.4154107182415,172.5389829789733,156.591934767854,164.46012377711912,208.06050119426183,110.1335069183904,66.12728595758628,109.86404767581703,112.03364018525966,153.8219179164047,178.3871639928746,197.69276570186383,122.27901941508264,206.36668860569307,218.3243972080095,226.7777707613516,201.79952506972847,123.94806965391564,210.92691114213952,232.43113965371344,249.39100802059903,242.7373004407929,0.0,213.0692141411859,109.89925981005037,140.02416525267526,219.8234182212668,200.99876579942617,180.638029080421,108.01171561047784,232.9196834056061,212.2657876497726,230.0457221797937,229.36169420043504,233.92020708354687,208.7751426979692,217.1141109294597,190.80092450489036,118.46465612356562,236.28459580072524,222.9491824388558,214.196338672154,223.98680740834152,218.04183156505823,205.6342877906769,192.02632649782385,184.8626434228833,198.8940056224661,199.09890329774515,196.00054601686327,187.90979749393148,180.62920612553887,181.154204965202,164.34677632219885,185.87875518948204,189.30525852390537,134.82048136663755,114.63905708688328,81.3831619246561,145.7786365436658,195.2329281484377,206.45154821542727,180.31873092146844,146.2072996390599,226.60168174596564,153.7854332079352,205.32942766811212,223.4999945693928,237.77389126965164,129.71164096188397,98.5651192813394,212.7139218478545,224.6745440129976,234.89898444448653,212.35628909860912,149.46426822849477,209.7656326192854,95.40864325624,130.85967616045406,220.36938528059136,220.3020559406835,213.62003528299556,227.7315631831529,216.3799014735664,229.3036028031216,231.92242363949867,224.26752251592507,196.8209478233604,120.98955510275631
155.96358986924446,147.3922479304543,167.95614214037866,177.4114537779014,166.4315310347352,181.6945917172021,188.30687410983768,218.17619644564377,216.7530819680295,170.79014970320392,165.64841918319078,167.36646404933222,130.16003070997465,184.64769092930203,190.47437627374848,151.45090689435617,153.2942016870124,230.5659170298705,190.14856756054996,203.65807141181944,219.9559484704856,76.30752420533452,158.3099322640066,167.30366067587886,158.547486296135,155.3783052159987,105.28770364867066,129.2369347576998,178.70958002103532,162.39239463379045,188.32491100723607,186.7345476026748,189.76876854893845,213.0692141411859,0.0,206.57590180788043,138.28889026730195,174.56854249520583,200.2252998303913,190.5677516465068,200.87536295851595,163.3020907903754,116.81249500900012,103.64457393378784,100.21962628505882,126.41314447002448,134.4393051369127,150.3969567885427,192.06395298366357,182.02857036106303,187.9773528753151,174.6253711472894,170.0357240291662,174.36030750496883,198.41027099856584,196.2473208501188,202.40573048755343,227.58402207181692,170.32278329404443,160.37028751893996,167.95657160189012,144.034793612744,159.95281017839352,185.10584388629763,209.61300358274303,186.2255611769882,194.02094380328083,174.15328257434857,200.16302409310904,223.0747556111515,219.49894535550152,85.75977128988093,159.6302663763238,194.3921626410926,159.88434687776856,152.66366808199282,168.16147932013257,148.94850632622018,175.5530192568405,186.20914147422005,184.06268724801205,188.41391630384865,121.64716186527173,75.37255657224097,111.34508471768294,131.23123026204013,138.41486203233436,102.2115589086183,202.6449182819925,199.0230351242642,199.61067163339567,184.36891383755813,199.50428146302824,183.12364952997,131.4035215309674,91.57653999814744,126.28930646144232,141.73969159440583,188.41296859900012,179.68957668921084
216.85144062391004,197.57538465649972,200.05064409942025,231.54254198663477,210.67533198671464,164.04588363539517,166.71861065828136,173.38916038032525,140.70144734462374,173.722772904053,165.4918703611237,185.58508031688277,192.10601095818845,178.85173196023663,184.5889681310896,197.0276395047901,144.5165607753107,101.2031987833891,155.9826668907669,148.943162493626,186.6721384635225,177.60340434720467,194.3244629330225,119.81388780309696,201.88817873619317,196.4072834070613,221.45777015008144,206.89154448651607,155.2010432284842,193.97765508466887,248.8475862659123,264.758034107006,252.3396441218323,109.89925981005037,206.57590180788043,0.0,148.33275591899343,226.8594949528047,189.417951758432,170.06200760771742,87.90005541691892,232.3792400342708,204.87834947616412,215.23352733554609,217.9440604777973,214.9342824333812,204.1575423746002,196.47846620410388,139.28704618166057,89.12671080733864,245.85149080857715,207.66546141222236,192.37926625823897,212.3190611374433,198.6620277037116,176.0876227395061,145.647157998954,152.8981202990606,171.44202731564252,189.80086964300915,169.0216846095886,198.93922492179317,194.2862252758187,185.18347815361372,185.05569019158105,192.72525512144944,146.6321651647473,161.14013121957703,147.9428952224032,117.40329483951604,174.27417122983292,188.4619733954148,193.16230043479075,152.8085507115483,129.7644758464173,205.0980122056554,182.11083124774373,191.5415805726966,223.1444138994069,245.2554576467258,150.154150375568,110.94543689197562,203.38045001087545,213.67663303420065,212.2914435915132,194.83875453635267,151.25074699092687,202.04144785725032,81.75781099542317,123.41141044160427,225.38461315343068,229.18416911866296,195.61468441178965,234.5364037709477,203.36274063582908,216.39904379767728,211.1148147076548,197.70479271914013,150.7055918065508,99.37890191217376
193.3419129227163,177.54554775920406,189.06723011063764,214.88240749666895,200.46879685179232,179.32601772978663,201.9812477190152,211.37685145690924,197.60645723550272,184.00503373671617,178.5782845784858,184.41872810242455,141.13797284083412,112.67318133453637,124.129243621167,172.09490360816545,101.78333965291544,167.50133929878666,129.63981374706503,125.80534769334108,148.78274944192896,102.34649589270988,139.7999065926144,144.8405042576187,196.05834479531217,187.51937201396032,149.84665744982095,142.95417411489217,96.15340034517266,143.15508620399058,229.18952686881445,227.11963626579157,226.5027768397228,140.02416525267526,138.28889026730195,148.33275591899343,0.0,209.7093328644289,215.88825123496537,190.88542733326415,163.4628400241283,215.10567862413623,174.2084038238694,184.90464021168896,173.80361928087984,160.56047081269807,136.81162114410574,152.90134868982466,168.05393732319766,126.83458268380578,223.35624480491936,198.19016217432988,186.0286286303468,202.28556936738607,209.49574240358183,195.9258830085051,186.7086413001186,208.34630237390647,176.76198158962296,184.6075309736489,168.20082278028417,149.26935181469702,116.78569669322852,139.86821668082712,140.98195432955924,132.0360362240588,167.78029430573275,97.39333079926472,108.68027417874276,136.95086262559923,140.97443457901448,119.60476833108147,138.44544534064764,173.5649999122559,138.1457110550972,195.1524347779749,123.9167848543722,131.46110679146312,199.10420702047665,214.00434824145253,115.90151204432124,110.54855171737512,161.7726856475013,154.6904010199606,151.67746066194672,134.7461421473837,78.56929691264243,124.50365464885728,126.80735689747284,162.42796184508012,204.7778766697144,197.24375983393995,195.47181215256768,212.33382944257815,161.0104906613305,182.02870586639597,156.2846303741878,148.9926802358666,170.4136513896955,126.15402331422428
115.23705622557183,165.88423006734547,154.2876903080659,160.62053994237516,161.61879897646648,174.61405984407662,160.21940960330733,201.20041726269864,206.39675187703264,152.58433640930636,190.8571645650377,187.7515112739801,169.3426722206573,200.27988376187164,196.28055338502065,130.03599412910052,195.10962191374117,223.3978414736557,192.7293942378756,215.298148642498,216.80105561554373,181.6687548626678,189.24825365451215,212.5027260645295,152.1855392669492,188.3582804312955,185.06362298753004,193.9261983457992,202.9719342404462,196.34236533759812,153.52758005356034,131.83961200965027,128.6395987021542,219.8234182212668,174.56854249520583,226.8594949528047,209.7093328644289,0.0,120.5142310697292,155.5161725612898,200.07465830439,138.81017392040434,143.95459242630528,163.98440825251885,156.84694698012305,189.53488233130815,192.70584870917503,198.8360811793093,193.55547197625185,201.5453371848296,131.38033663750758,162.801215971714,136.13268756223312,167.34656750061646,185.6286251274992,184.51173166582495,191.2080039075017,212.5313427772441,199.70424610667203,213.44016377889744,222.89160619471156,204.8115801886948,216.79819278439885,200.7131709718294,214.03223091377225,198.77304189409637,203.20998865794888,208.38037314049205,220.23995677310944,222.13179222207097,219.0303854628279,187.8641621055856,197.2316093636005,206.6122744254963,223.45435681881548,192.4783715792222,193.3288196231926,199.69498749676603,152.9924240343874,98.350381798424,229.0293821790685,216.9169085259364,175.52386943071218,176.4069117974915,198.68307404397865,195.3496402732113,203.37679825937136,194.06795123991708,224.75317498908765,220.2190689841524,143.95631875212428,133.28284490826422,187.38964480497052,170.72525719991646,189.4466556516201,157.6679262710848,190.3307914624814,198.9174198933727,192.15526589286625,204.4225982616101
145.60493867760704,178.2802220301106,157.69843400746663,169.83184472392384,163.3538834460492,147.00316083008406,123.82361063036964,166.2580762491005,160.6687844431969,149.06846220329692,170.4755786277455,181.6624897619119,179.8306115580692,210.80682503298752,212.58479306149863,155.1369474437674,199.9073355350996,196.57617438563955,196.2615728781381,219.91913145027416,226.25794071675412,205.75773735026135,205.22917438181827,192.7887778303,179.69029529703602,196.07456138018725,201.2318494245905,197.88941670208797,208.52740907335115,203.5975433223208,192.03007579529807,184.01545578777927,190.5925502857948,200.99876579942617,200.2252998303913,189.417951758432,215.88825123496537,120.5142310697292,0.0,102.10849969527152,147.92750489953244,176.90499294410523,167.382299557934,183.6841026768349,178.16819728596982,197.59489127762455,204.2969503247469,206.11501616417328,172.8655728973008,171.50508066705896,177.67066701076035,160.997395840613,140.46545503772222,162.28459427132043,159.97144421940513,151.31365810323993,152.17425644778922,167.669338256995,197.7858508906777,201.73547540380483,217.4341137260256,218.2237602226083,222.2860602945844,209.1599895284469,218.89296466730167,213.294650775224,171.47375844867196,212.71947852702655,219.5032422797554,206.00660849370848,228.26383312205093,213.18618759064125,212.5527808593091,174.90676454979803,209.83972670410927,208.66500303357407,211.43308700890708,209.1324849742603,196.5463995944869,188.11628248731725,227.35209368023757,199.3063096434309,178.29678815606633,196.8944871209763,214.10970106042447,204.19569725243667,211.95969740234,210.29649139487657,203.58859343518776,186.01019417145005,208.4442297148159,173.2139899639552,182.6650722101521,191.84707286192048,205.44470651761617,178.60349548495276,197.9584074025072,208.44698415200983,158.90750185721544,181.4484257051835
161.89638331330545,164.7980245934887,149.8373838068709,165.441825443751,152.29245021129225,131.17407796450107,108.0591671650047,139.13446895245363,132.21906908827617,128.1724691572445,162.15307689042285,167.2459594997153,169.2163927152286,179.2393268622588,180.6283778959284,141.89094495923376,180.15674308546613,183.45364491296533,180.55766254181225,197.72143888569389,209.56718353882823,184.43936902339715,174.09014729467015,166.30859418550182,180.2029783961723,189.08617538143164,202.9676306198151,177.18024810652946,185.85577189566715,168.03387029824705,212.83011608301763,208.3976928513345,201.88950231267927,180.638029080421,190.5677516465068,170.06200760771742,190.88542733326415,155.5161725612898,102.10849969527152,0.0,134.69823998404382,191.0617222217426,166.2247311388116,195.80783388890492,195.31768698253197,178.90209072417218,184.31808921663043,177.66133911364346,145.4389067084782,153.38616784824654,188.2454456872196,156.74537872617998,127.91450790552682,146.3179823662922,146.22271930537033,119.99556192679673,122.04420515885096,149.63571344533506,164.81745415535457,195.1050109417718,189.75802155821208,194.04496053877224,194.33673566533295,176.1183126084139,198.92335595642132,183.9565764861348,117.06364030850912,182.8314846811525,193.30111016302567,188.87848621970056,206.3598888252754,182.23828630916356,176.4771844584327,114.31075134186844,181.83949161180925,203.5101427419072,194.28057863902012,173.99926513303382,203.24015058367092,193.1004503232393,194.3000444531609,176.25102478159383,170.08742200850685,192.6161984151592,201.40423532562903,177.55482633299025,189.835724098016,186.58638521550373,181.2071305768384,156.1902888549601,194.1390534424249,158.08580316447376,135.3398202646988,194.8778455136429,181.9921278769936,188.80093388664488,178.75390199740292,179.87820118886248,145.8402269116257,161.80918994775976
203.9990646362251,199.70006651546905,197.67334217279156,218.63979625680585,202.2733715190706,167.82358868886962,155.08435041808266,171.9226116181443,151.81685241826983,147.60556546044248,155.0981121015052,165.6161711117602,187.1161845883261,190.21740966508756,196.3684643715075,183.4139415637096,141.6651543416574,111.00699543138398,150.9411172282508,157.89461316631775,196.7816205374888,179.45726605764395,203.43996396024244,113.74021443451367,186.4642077187101,192.5764485648939,225.2077828848601,211.44923985817093,171.24293654950992,200.13307537607943,231.59847751993783,248.60578808368552,234.54187505965905,108.01171561047784,200.87536295851595,87.90005541691892,163.4628400241283,200.07465830439,147.92750489953244,134.69823998404382,0.0,215.7717681079937,185.4552182065911,203.09705477972517,211.81391678178795,214.20619088991464,206.5365915729544,209.90087082470748,153.07613839464426,100.53738071453144,233.517032137839,205.1528223841851,185.3951187022036,196.99885893596112,198.8340922216912,175.71481853340308,154.14099501645302,163.10234555468907,170.5381280243218,182.2149351876855,180.6356879490645,208.3253202588932,206.797179115808,197.42225844480603,197.2521814574134,204.22662916983,145.6300371219263,171.8867998509332,162.83175704127106,136.40463932803218,186.7892921264346,193.0534932666586,206.21390767903137,143.81606966885113,139.50937568037375,205.1600851125037,194.92854330984736,202.12760689225533,219.43655826251148,233.62603311936692,158.96310311833324,115.06322127771752,201.95774889491716,211.1710926379752,228.0400857581365,204.95185570688608,174.2229896424298,211.6793042040655,108.43850231531412,120.32300063280724,224.3088631116592,217.34640394003532,180.694125333295,220.93483222271072,199.99350124114304,205.03332150960028,215.7423985891248,213.84326020553124,161.68833990032402,109.32625146887396
180.4498968691684,213.87818510323248,204.71200436132656,210.37321762777012,214.99561185903443,230.82702975392908,212.74690841104385,239.26070562570493,237.07346917872087,142.12764373944142,148.2794281917068,137.54955184822933,184.6373859101339,219.62726894369447,221.53661026674845,191.07156714171416,198.01114285257137,242.02824510196297,216.34839487457592,233.91878117263343,236.07557873706577,175.0545787692087,196.78180397656683,184.1677544880419,123.94998603645288,121.08715556388545,201.90998792720893,208.3548005913764,219.7048093035138,202.76384224838404,166.6005725687942,156.5994437897844,179.2587727318861,232.9196834056061,163.3020907903754,232.3792400342708,215.10567862413623,138.81017392040434,176.90499294410523,191.0617222217426,215.7717681079937,0.0,141.80690498109618,150.66752971255704,166.58849340065512,208.4805684983589,200.48269805747424,207.77907576976295,231.93192415991624,214.68701036009944,179.3784780405026,211.82027673284267,203.06620342976368,221.4933296062589,236.06786202027493,206.39064106372973,235.96777181883897,237.82186113255824,167.29252231969838,171.8341261422547,196.54149673844228,218.256836682292,230.02166166520823,222.5857774107265,230.06780895374737,213.34103556560436,217.8550631692689,232.90042324740196,242.31873879182325,244.50495020820983,235.81955409965636,201.3294712491479,205.14277031131013,214.1923744517728,215.5177424577157,133.5916885211323,219.08505423961867,208.3635008538012,193.34142890187596,165.61276495618424,245.0562016326606,234.23019029315324,186.2325623426486,190.3481227374499,213.2151942127704,211.32181607376887,209.21321165696952,206.99912731656343,233.4432490051895,235.12896293127295,206.2939833837391,136.63318735365897,203.3666817476956,115.999743251298,191.49846979392868,157.9934027422408,206.06915662715247,204.0922237036011,185.0636668836657,211.68564209801352
158.66981094835197,173.0295625261984,185.5464108447935,173.55291611151765,178.0800701178849,203.5505572222075,179.09915743012618,217.60840035102137,217.70190764405265,136.22315972927322,150.5279449417298,142.83598238509313,146.71296583233087,206.19638866014705,203.11238606561585,160.3947733412817,169.02206473828682,232.35484562260217,199.60227157318928,222.49022196144256,230.24241300304016,132.34849625042924,177.54114426599426,169.57584087137502,155.384132401001,139.43545525387836,159.22403539891317,162.51510192159267,190.867148425096,176.24430117077398,136.30443288313347,163.33903199549837,156.86543306485422,212.2657876497726,116.81249500900012,204.87834947616412,174.2084038238694,143.95459242630528,167.382299557934,166.2247311388116,185.4552182065911,141.80690498109618,0.0,95.2164826411626,94.66377766213388,156.5827766496391,172.55197285104407,173.86866342474346,213.42082962199817,174.86502689109108,165.39132296049382,177.48683083292258,161.48609083240916,173.17630400421166,206.1116186241495,189.25325924642476,200.36542124632103,219.1154160994488,161.29534577454456,158.37729435533558,170.8022385954623,176.43437373760446,195.569313796288,196.3223765091408,219.3172540043209,194.3029254727868,201.93760129624576,197.9108504496753,213.79206109707485,219.59725815509705,226.82389105913268,147.00578814486096,177.40988688432952,194.19447311705613,175.04512593714793,151.01581124156945,191.8464616457308,173.0162737735012,132.69075361922228,156.89114148028773,215.87718955044735,199.4772708482401,96.58065383751376,139.34668237881306,165.2343737597468,162.58203490746934,167.45260043480675,168.72878656390088,214.18392742251305,183.88249745946467,168.83204374971584,173.25529268971226,204.15235584077,128.7554831148546,116.59378777415849,110.99591841680017,155.22240714050508,165.55783023017233,182.47076672964363,168.8495816630652
168.33689266682376,169.92381437633543,185.9931499609848,179.66862474736558,180.2396734687336,200.0528826538776,191.2974432472286,219.43410899001756,216.7926689969472,164.6422535603282,156.07639095649745,160.79680467403676,152.2250929063744,221.6252095651622,217.7259185288661,164.93277941361544,184.2595918871768,244.13187873937767,212.86550235742047,225.4941383183721,243.16778241353208,126.8870761781088,187.2499660939505,178.06744243856963,147.7536234703283,133.8568454744109,133.22528771694607,151.39610027774864,205.73426797778535,195.60198263506777,167.8535282418919,186.3164187572882,169.619782417796,230.0457221797937,103.64457393378784,215.23352733554609,184.90464021168896,163.98440825251885,183.6841026768349,195.80783388890492,203.09705477972517,150.66752971255704,95.2164826411626,0.0,84.90383337237549,141.57385732121094,169.41238905135873,177.8362149014647,211.44427821084489,187.95546631509927,181.91248153509397,189.9044247377551,171.225594925344,183.3359855723372,212.9152206563875,199.9518870370078,203.5887796371188,222.01796995912196,162.6382164142807,148.94655789199274,155.13762029179543,158.4520209668624,193.10594256476747,212.53721412478183,233.91786527380103,211.2493736015892,206.5734092466582,203.04765394765892,224.2952752230958,230.7996265135712,236.35296472621351,126.4624573658045,186.7586571283105,205.99216115568316,167.3574775195184,125.76779145729807,193.1373591404591,180.42611869090544,149.55584322157006,167.67324942848046,216.92324538483848,212.35015875302545,114.80824973778276,104.65832855697104,134.8727156485856,157.71318572765475,174.22325206031985,144.66829850191348,225.88377763549,196.25582213593864,185.2700757036693,191.6008089934794,209.05020964891312,164.6486416479554,136.95138687055726,46.13231053680617,143.15686923892753,165.14549604619097,199.78837072521063,187.50568963829105
141.48296949474187,144.77964108907628,164.25744516390083,153.30860276308664,154.41452938283243,189.7946102992084,176.6600268122645,208.36039455054248,208.0645203492566,177.50566673505472,181.3083994727612,176.7484514088057,148.99647839342566,217.9109675862385,222.2738889703386,153.1483373638758,182.5603281595517,242.6708150545125,210.7062573835361,235.8959308826757,254.5279296944143,132.6018471804701,186.04597540328945,190.69207449385584,186.8250776231996,171.8423907931779,119.89074291225188,141.20390210652926,199.1970242281103,191.96157698719804,142.57111578842955,161.13732939175884,166.9785866158998,229.36169420043504,100.21962628505882,217.9440604777973,173.80361928087984,156.84694698012305,178.16819728596982,195.31768698253197,211.81391678178795,166.58849340065512,94.66377766213388,84.90383337237549,0.0,139.80063129541875,164.36047832628248,173.12994126051922,213.13261115366936,184.46410597732552,158.44279666342413,148.74232805193915,153.9182370702206,156.0676701218094,190.04774586152945,185.1430270490198,196.95672973555497,211.05996523643216,189.83012646091765,178.84597601683458,189.0567787089614,166.2513472877922,194.72165457449,213.4429701714006,243.052789699919,214.9767458439251,213.45021067975216,204.87199880571305,226.40016434954327,234.27109657892169,251.23806432245385,134.54390748120244,185.33965245104517,217.84715818630715,189.06467668143387,172.84852723983872,193.44808418280587,176.02127286801857,149.50605975275352,171.23220785535457,229.206662835021,214.06513127952684,89.66262826639871,110.92200747356878,131.24337389832263,154.1325472229504,162.28875821320025,147.77515805089365,226.2226814529573,200.920318788396,188.79049100191835,193.05661047441936,218.6660284236981,173.93634570821212,146.43898468598,99.0943372045612,138.70923648257377,161.6887169253693,177.87068545750083,180.43178299722132
168.60175775286146,138.5239203480756,157.3797392687125,163.89092037006088,150.7783024978765,160.74264213168996,165.8525508969841,185.6732496150132,185.2805977524534,191.55221657368276,192.34090680690684,208.89687180536043,165.43579575883865,171.05624767830946,162.89523985529456,142.59272457519458,193.62294746895785,247.2543223961193,211.4304293718781,223.3276245969652,210.481972765192,138.14753913873545,108.54656604623722,209.95227381676528,185.25811418887108,196.32864859733803,81.26719459588398,82.51031841140474,193.29140342871733,103.99992164834738,205.91114627334403,204.96195515471445,197.7062487728464,233.92020708354687,126.41314447002448,214.9342824333812,160.56047081269807,189.53488233130815,197.59489127762455,178.90209072417218,214.20619088991464,208.4805684983589,156.5827766496391,141.57385732121094,139.80063129541875,0.0,80.2085048630016,73.76721274886935,177.8396149776209,203.63431756324903,196.7891605340091,172.72980859799486,147.08049493295945,154.11999236569574,178.43589501514532,170.46993291762982,170.207069216933,204.00530654194344,183.37329696174305,200.99344324694263,187.6310741880498,169.1518597913842,141.79276690114298,150.0655557437947,190.7881017233536,151.67330644061684,170.8991203940526,169.64813701575548,202.04681159915987,231.66561138276995,211.7726162831099,115.65483948405902,106.822464566253,182.84937246262388,187.1699864620715,180.12900600412468,175.92918364592617,84.54709374951683,172.2419655383435,183.7438892352041,196.2224385893563,200.7714115160208,130.89945009337495,112.14447358068809,65.21018612900116,68.14047138186496,168.40080822244357,73.74854384771334,234.00840846014236,193.2395413742737,183.48012130088128,194.1038231104634,178.92895101538306,203.96951784003485,142.10826445806492,144.03539929185985,28.5978450128508,67.17335309387869,198.9319418671719,202.25964176267829
174.36625463046047,165.55449348951174,170.26972026607447,186.1404856694664,177.20967731630333,173.9400938325883,189.4764233236475,213.80123635095043,208.6918611819776,187.72350193815663,189.1278169263177,201.15179147966688,155.01274373712835,134.35335605154026,129.8564846054729,153.44642737312654,178.62331281121837,223.34245994804056,181.2204449675894,194.54169255414877,173.94477241762343,133.54547730787266,88.20823640469428,201.6711798407274,182.86649874279036,196.92753448355217,90.44397507882536,84.31421409838364,160.50014900177666,100.18591696114716,219.4767654505679,211.36656265356788,208.62350916774892,208.7751426979692,134.4393051369127,204.1575423746002,136.81162114410574,192.70584870917503,204.2969503247469,184.31808921663043,206.5365915729544,200.48269805747424,172.55197285104407,169.41238905135873,164.36047832628248,80.2085048630016,0.0,66.78341344413356,175.4521096208182,181.9808026206865,208.0886719339213,188.6409182501673,167.80910669700887,183.448676333302,196.34091535194045,188.39086887363288,190.16635879373,225.21587368066213,181.99509457140272,198.65462164277216,183.2117553205633,169.2234484502354,125.71529228259914,127.16728348239232,154.136024508974,121.44021192942948,175.61432479243803,147.09009544866433,166.44309151652442,202.2534360513129,173.7272205871485,118.1646860729848,95.1453487341458,187.46918626808537,188.00558703756644,183.45700591576417,139.80189000887862,79.71167120261929,179.19839338764217,192.3417157480108,164.82626396734514,173.12688454839594,155.26128129398774,129.23414658208867,91.83699571037428,68.70406598728763,144.62177031161897,81.18812556367257,211.4905421403001,194.21578852840972,191.3867758367955,192.79530297214305,192.87192090953107,207.80487149565252,160.67712841397582,168.59233766931902,83.16373650884196,86.34530728869613,185.7775782057656,184.9932447180447
181.03756562367573,157.49880663582002,168.71441994243963,181.91668139537376,171.18579479256294,159.97090851931293,175.5902830772659,198.54788658333445,190.08733824659265,184.5977924164252,192.33211500414276,206.03572051657125,176.3165496977977,144.20044390549634,131.9825205160474,149.56567336352472,194.40185200528583,226.65979360879567,201.99747130533095,204.8012985799054,182.9682171197164,148.1338439814652,61.5879759066375,209.7909789265126,181.6145736608962,196.11870005064884,122.43360091054684,104.52891357066972,177.2545061098157,63.707236438722646,219.36091405091608,215.26708270674703,206.03330591159232,217.1141109294597,150.3969567885427,196.47846620410388,152.90134868982466,198.8360811793093,206.11501616417328,177.66133911364346,209.90087082470748,207.77907576976295,173.86866342474346,177.8362149014647,173.12994126051922,73.76721274886935,66.78341344413356,0.0,163.15405878304304,192.80658895912853,205.85463192466733,185.84755641834292,155.82831992080796,173.4904935118072,189.21542723583204,179.4544203730962,173.10489445194025,210.66100235676248,172.50322425915604,211.7646854524267,179.24636908096608,179.8603883727669,134.55511210685987,118.23469802179989,158.87725941868564,113.37841100982196,158.97445464806066,160.78161979405135,176.51579522962254,207.0697289401441,179.077492407935,132.01237305290937,65.52728419271334,174.08762313809433,192.85502550773072,180.95937762517613,159.68583007594583,55.092374871706944,180.65166238915327,189.4455188526682,179.3072430794744,188.3867564656507,148.8525568985384,147.9573775484635,104.67877933193893,74.38118756674744,162.562530576541,99.2607231116686,217.51631606842213,196.00589797419855,182.27989434079507,188.61273687471868,179.7273849414922,205.713845438269,152.78585375448824,177.95108728823288,68.87783470309833,49.738862313093136,184.8561528929514,195.2761728837483
188.85321492795177,155.92642711725165,170.28303857346913,200.3896982034143,175.96644048954715,106.24631711437836,123.71299409252144,151.629452421115,134.74799147900637,173.92008648302502,175.85202456247163,198.3689297120193,195.7067210461272,172.52118342875983,167.6610547773761,143.73211332732643,184.7653457244649,178.63809387604493,184.8948834191783,174.22466755609145,190.7541181617682,173.73257173105213,164.31940800466617,182.69673199591807,188.0611601205701,201.02748321360409,188.0028251513564,185.3283781921116,177.29013169995417,162.5795913392493,250.4539557252704,251.8816239003184,228.42757459715935,190.80092450489036,192.06395298366357,139.28704618166057,168.05393732319766,193.55547197625185,172.8655728973008,145.4389067084782,153.07613839464426,231.93192415991624,213.42082962199817,211.44427821084489,213.13261115366936,177.8396149776209,175.4521096208182,163.15405878304304,0.0,158.74559834068168,226.44839250214676,189.56471087000293,156.31274320158786,178.40160824731254,164.8840888820801,151.29931723327482,125.90878451602686,165.33308354648528,181.04834099624415,209.2330028073609,175.12265897410117,192.0224047900447,173.6622180566602,175.03485057863364,184.10104228440468,167.2838785286155,115.37655349070022,170.29651651245302,180.48093158249984,183.09367163663512,182.2664574320441,175.71593087547748,167.44699828059507,142.7913286434112,173.37560052803389,204.04072813833452,188.83782984115507,163.20770418667956,199.27466479081264,211.37886168612084,157.86332476998848,162.57513196151373,198.38078760959783,180.12762774201872,179.4787669222713,171.87918928739597,173.4343006219587,163.0001282038238,156.368483217142,178.51538880221253,203.27340038017377,201.92878120945736,171.80860922106672,249.41317009707825,202.80600153659023,201.4912822860555,175.3536833303511,167.08186945031588,142.62865343184515,157.58736271837307
190.20987920471083,185.3756312055898,188.03531920601284,211.74454051424632,199.2377441271051,165.52008502264613,172.9463557402173,184.0540905434023,159.32790067703576,163.33476820662227,165.88735873747603,178.76351339922553,153.48015956401304,167.97531787437708,176.9104719892477,181.80395870777556,126.40262012095906,124.791904660487,133.15803671245197,144.77908000811013,194.71135599455988,155.0532808688901,181.3399091049417,122.96260673149878,202.0430985971696,194.67514312997915,196.627858221496,178.9495421136882,130.0419406706393,192.89316603014535,221.65408108410804,231.92703624447967,232.72557687063693,118.46465612356562,182.02857036106303,89.12671080733864,126.83458268380578,201.5453371848296,171.50508066705896,153.38616784824654,100.53738071453144,214.68701036009944,174.86502689109108,187.95546631509927,184.46410597732552,203.63431756324903,181.9808026206865,192.80658895912853,158.74559834068168,0.0,220.4008488016925,183.50868786402,178.64427162021514,197.1484770282465,192.47475002039735,164.66367948281157,154.31416377455372,166.59445262034262,170.10860764974348,176.3382009687214,174.3010602532687,165.94146981633267,181.92884146015373,170.8040110035147,182.41374503268744,182.08492548471747,157.12289108419367,139.6167432328083,135.85646897900224,117.63150410155924,179.43800767676754,163.19152566602145,183.165285906298,151.0220386785184,122.35878951753084,199.75874560959952,149.73400612987814,183.04190492767407,212.7984524607533,217.2264541400048,145.89495065212236,102.32152524992176,179.03301015386785,189.3934075262011,200.2745065699216,172.79916449057913,122.1770950704612,184.23354551141892,89.12189767214223,112.0023412599716,210.85660434666528,205.1141354700054,190.855144189734,214.92805330272745,187.9072450402492,191.5988955500747,198.74877679348083,192.433878883255,133.01862493431943,57.23979000165813
98.15003985823556,170.1131113971298,167.26815306393485,133.87905862726683,157.16818323774658,209.4319036175712,179.79389060076056,210.7309058703601,216.71924213782935,198.01936793200392,229.3303062251274,224.7040098005006,195.7269579773374,227.37444270811125,218.1472061268956,150.39536913223534,223.64811344623277,241.25282560275008,220.0046202774028,244.50230902165816,238.39252375933972,215.8568738651205,201.8703991528174,234.7511029945175,208.2498318218768,225.49919654972695,190.25102634852263,194.11592414617184,224.3317260256001,211.41599857678912,110.2202173033764,94.9824609579184,88.89715434334279,236.28459580072524,187.9773528753151,245.85149080857715,223.35624480491936,131.38033663750758,177.67066701076035,188.2454456872196,233.517032137839,179.3784780405026,165.39132296049382,181.91248153509397,158.44279666342413,196.7891605340091,208.0886719339213,205.85463192466733,226.44839250214676,220.4008488016925,0.0,136.3394123090393,123.33425840445068,152.62076788838965,186.0081412528216,193.79808214827668,209.6703715086205,218.52752890742147,226.88588494336176,234.96711407388275,246.6090709569101,215.40231191056307,226.66390061189597,211.3764047499788,232.092207487134,217.80400932732977,225.5272493878088,229.81985076701727,232.59617345899653,231.7011203240233,241.06559863289533,204.2793594014069,202.2508731330296,233.8363014312932,245.3318801510847,231.0153181780133,209.19031742280737,209.59823055760427,164.14331826404143,115.8846905052856,246.6087118597233,229.81850259058723,172.24746599097028,188.918616847363,198.14555887334583,199.54827899585612,208.6033216743957,210.32207836300648,246.92448424554271,222.06687115429827,149.32176670839664,180.1710603117006,214.7981849362025,191.5228170804787,219.94479677901103,184.556524780896,194.79769181171983,202.69288787158945,199.2292964876977,215.52856745649663
116.71244221761091,96.35841560460992,86.83446306028293,109.60706254669,86.04072840585425,136.14227238255165,120.02306614096864,133.28471173557244,147.11804302251323,201.15497887036585,211.88758360210852,216.17012100558355,179.759918443169,214.0671307364499,220.7773931376452,141.94955812482894,200.19914697963097,221.62824210897463,203.14202633141863,236.211512677376,257.70806525797286,191.42054283724804,191.43671338322716,210.93066020026177,231.780896643355,226.299691106775,172.17760226477634,171.74818638314102,201.17338394869915,194.33623575962008,179.162874625622,163.1656610343406,184.86968324117248,222.9491824388558,174.6253711472894,207.66546141222236,198.19016217432988,162.801215971714,160.997395840613,156.74537872617998,205.1528223841851,211.82027673284267,177.48683083292258,189.9044247377551,148.74232805193915,172.72980859799486,188.6409182501673,185.84755641834292,189.56471087000293,183.50868786402,136.3394123090393,0.0,111.46544735927046,78.04933253056416,90.30148746366795,109.09172516659795,139.82027486309397,149.23560490870705,218.5405063070699,211.7014614461464,230.262015948134,192.4132502237407,211.98595490915045,200.4118972133568,240.7343018398337,213.71731951390893,167.19169051267903,210.6062497198244,227.7369801634617,224.51366155734013,252.66169806367475,176.13942356615027,188.83636831057265,178.53609013858477,210.1691188331373,232.9537964828461,203.58645346243136,187.3196418636709,194.55108134631467,176.04356928853906,234.7899795570454,217.61704161358145,174.2251633711466,168.57602917005522,174.40468496422335,177.55825512010887,188.74212749365944,180.6518545462376,208.90067143969645,195.12252329712555,204.0471327118535,186.34665813255177,174.80227258841688,210.88692681075307,206.160564800373,186.97787987684416,171.75499695734118,180.9353073602816,154.24025658851093,190.0393572145065
105.87101460588678,96.06425154226584,111.97415796042924,102.1735343546496,104.01763699540658,118.34356808633235,95.94138481152169,137.9796891779431,143.20993268480885,178.70433282825357,194.75216543618976,205.15612587718317,173.7116522641458,196.41256753250516,193.96287677527536,76.22605085561852,191.73827170140592,213.1683246562822,195.45087541958588,214.2341604426827,227.1210066471641,178.31287725862097,163.97450015291645,208.6401601743558,195.51828100624405,206.61381450165243,166.26066934553552,166.62503294194352,195.77439109783688,158.82186147470804,168.7314604605676,173.82416126998726,146.8889525516712,214.196338672154,170.0357240291662,192.37926625823897,186.0286286303468,136.13268756223312,140.46545503772222,127.91450790552682,185.3951187022036,203.06620342976368,161.48609083240916,171.225594925344,153.9182370702206,147.08049493295945,167.80910669700887,155.82831992080796,156.31274320158786,178.64427162021514,123.33425840445068,111.46544735927046,0.0,97.99006379783394,128.3131130665477,137.48763366073524,120.28175683692618,162.51597660465347,189.28652406034277,215.73267915493253,211.7756722411956,191.5620162519727,193.9250853593595,188.46217077397395,220.1603314029838,192.2453030694768,141.1115761823881,190.04226729005825,209.22106683581077,215.11296714439797,227.0781800048913,166.2876772410542,162.65585484118463,165.9755516123193,202.27052034346255,215.10315534820768,191.89545805827663,159.27749859343933,158.86752034493225,138.8282331576001,209.49581246453744,200.5427238806537,154.03575026457042,162.83424622188625,162.01863504569835,157.94561301820607,190.3116257379069,162.36596802548132,207.15049213595304,190.44820042284888,143.36152576405416,174.01864221019832,164.47243818998837,206.4161670034739,177.80031909458245,169.52936148636206,148.3818988933391,158.5695647301486,158.5497428473778,184.60961211545293
130.51594050825972,83.19193947211903,98.0641220758088,86.47840083384742,59.73126651629583,124.78437110085096,110.9967181276494,122.85428235143,139.98314808668556,201.26634612198603,205.0497961299464,217.20665348563145,184.47112205321292,215.54252747496415,218.91632142400667,126.4820668526364,201.49123339483992,223.54161201221345,206.19821991428185,236.52641201879885,254.7058961439342,189.8562705283436,185.03141604605375,209.76933068911023,222.40460874952768,223.05899781760888,174.29580529428944,169.47055711803696,210.54224968213293,182.77429051835367,185.9260468891435,182.74998770960423,178.43588674922623,223.98680740834152,174.36030750496883,212.3190611374433,202.28556936738607,167.34656750061646,162.28459427132043,146.3179823662922,196.99885893596112,221.4933296062589,173.17630400421166,183.3359855723372,156.0676701218094,154.11999236569574,183.448676333302,173.4904935118072,178.40160824731254,197.1484770282465,152.62076788838965,78.04933253056416,97.99006379783394,0.0,95.1287119769261,117.43392082662064,125.50304898079528,152.96169166699875,212.98919008958185,215.06078879806932,220.7942340488226,192.6457035719635,210.07165254220615,200.9901797390939,245.18838682825003,213.80045043539045,156.82806564331906,210.86987397612117,229.58351107893716,232.63339587995452,255.28162416171543,179.0612311859323,183.92150131438217,167.9822234532885,205.67724537302607,229.07999248155187,208.9145946658353,175.48457778117898,181.8918390968505,170.6398652471654,229.94036874625624,217.8919130606687,165.42862661629883,170.13602200902832,171.36824798119508,172.4714818242164,202.38990094716328,174.64587911547812,218.13830657023956,195.7588629904572,185.8241619781378,199.57805809557055,164.07857990834378,218.6859982104632,190.82894481600604,175.6409570064837,153.73675400912967,171.18730861843852,177.726280397938,208.38696371846575
156.83963339475002,107.1458575868403,88.45421792186991,140.2043141283267,82.66918979653263,88.70726772778971,105.18964037292898,93.1888713854198,106.31242280090297,197.8716898906016,214.86559804787632,223.77155519243505,192.47469984572277,208.8023162833316,214.5376454333853,150.83484166157206,200.24609480924704,205.8665049154149,202.88434977497167,224.9699754559312,239.66953272750845,203.56116771307936,191.4790043859829,207.42361923030427,226.2316723578746,238.73633635872005,189.95368893839083,191.16710204660973,197.916795983655,193.56596239608592,221.06757772337943,206.05755066563017,212.0202186587701,218.04183156505823,198.41027099856584,198.6620277037116,209.49574240358183,185.6286251274992,159.97144421940513,146.22271930537033,198.8340922216912,236.06786202027493,206.1116186241495,212.9152206563875,190.04774586152945,178.43589501514532,196.34091535194045,189.21542723583204,164.8840888820801,192.47475002039735,186.0081412528216,90.30148746366795,128.3131130665477,95.1287119769261,0.0,81.3701657048669,106.81156842727164,106.9908120328952,215.072117906444,222.69356953888249,227.0870078470411,199.5877824688722,206.74214416676156,204.6601069821736,231.81662411149372,210.48980710008613,149.96061379562195,207.2385343952952,220.2211275900748,216.19134467151707,239.94593153215163,200.2203815779392,195.1058335290479,160.50166020840328,209.36635294117497,241.6783315573275,201.78861413307607,189.70304930685637,218.24751765285035,203.3444215933496,223.27381921640844,220.6036411267237,192.75845290033843,194.33418580457027,188.73749972640852,195.574616139892,203.6803435106699,192.78363708092863,206.14137969592383,192.4730872998288,220.38732353095887,201.88951283811025,166.698108481924,229.3889849914773,212.53478042428372,207.83442680854736,180.08181973364066,187.3440173491913,159.3578452999905,200.18153968564417
171.42618928884798,131.68463926823074,105.32428789427198,159.34894055269802,117.94538847995815,106.36077229919152,98.9256591790284,93.80706507817354,95.96798103294584,168.47196026462058,180.6282913185575,192.85922785292053,184.51002986318676,193.71039426618336,201.79601079146704,159.476195970741,190.04230311385777,196.46740309631068,196.54108618164457,212.07347396383585,232.6681160281885,192.8961133787575,183.11080916046336,179.90006054538313,205.3533271092897,206.8866815432497,189.6044004152548,180.6040986003812,186.9250536758444,184.7942692574824,219.34730701267452,214.8960669984581,220.00744674518597,205.6342877906769,196.2473208501188,176.0876227395061,195.9258830085051,184.51173166582495,151.31365810323993,119.99556192679673,175.71481853340308,206.39064106372973,189.25325924642476,199.9518870370078,185.1430270490198,170.46993291762982,188.39086887363288,179.4544203730962,151.29931723327482,164.66367948281157,193.79808214827668,109.09172516659795,137.48763366073524,117.43392082662064,81.3701657048669,0.0,104.41289444649792,101.90968797295744,179.94869669146817,197.4945404477492,197.668261636517,189.168841580328,198.1384352745305,189.11813563675756,217.5007271928693,197.5498485542128,126.88662413529926,198.1118671536394,210.65343718856903,208.85688487940203,227.40978159310885,188.29026064909905,182.5803725192036,133.90951711968052,186.38466979543136,211.56743358745427,196.65510522115517,180.3851551424032,217.1502941161893,210.03246767147405,213.73208226480085,208.326161337943,182.3019718766757,191.74744234075732,180.7674550463545,181.4723640049187,189.77519711628665,182.4693064059412,185.9588062201015,172.91103981576816,224.26029372778007,178.25639808504144,149.91088832226336,208.65841781018315,200.31266180088983,197.62647968931975,169.01898399740702,176.17872937699735,121.3648082507531,170.69431242215916
178.7684020071195,127.93005541852337,130.79881305310192,159.090063541994,125.8626853993572,83.27115386131828,80.72167435129742,75.99872748236193,64.96145205209581,177.7809102734141,185.85312086963103,196.89007644761855,189.56333837820773,186.80303870547084,188.5896614178401,141.30177027306786,182.60805350052985,173.45119692576853,183.66101975908836,192.86481490976445,215.6843950946702,192.81881796665948,174.7672984937246,177.1344438704731,207.97464682101847,215.3513078621814,195.2042036562268,186.13641516555705,183.27238193567305,173.44936971951216,227.4410305140699,239.37390304944853,221.4066562458185,192.02632649782385,202.40573048755343,145.647157998954,186.7086413001186,191.2080039075017,152.17425644778922,122.04420515885096,154.14099501645302,235.96777181883897,200.36542124632103,203.5887796371188,196.95672973555497,170.207069216933,190.16635879373,173.10489445194025,125.90878451602686,154.31416377455372,209.6703715086205,139.82027486309397,120.28175683692618,125.50304898079528,106.81156842727164,104.41289444649792,0.0,89.87112092923428,186.0239213737713,201.14695222776936,194.63359908831632,190.91197345251845,194.46640475588293,184.37195081466768,210.8700513519228,189.7257919784261,109.30764074958029,180.676810408935,191.5761800729948,179.43759902065025,210.7026843820875,185.10060260453628,173.81738514999788,130.26866855553587,171.02053199666148,217.5586171995974,193.2325942004798,173.96993612482572,207.10390682549613,206.38614595682336,190.9489712843732,182.11025390856736,182.86395442874817,193.90833055298825,183.4397649439539,182.23637868167128,189.26789117227656,182.1948805280976,170.42615266451864,147.81023788338243,202.41733839075968,205.98928595205052,165.43659791381123,235.6688355377788,197.74082833681868,199.06697660083893,167.97516357108535,171.55938853791565,142.2967305867376,162.59681462533734
199.18987687355707,163.96652911002582,146.22359380214823,183.02896731017012,142.88276493488695,123.14762568765944,120.47486753060312,72.74287346585372,54.29857205956528,183.860417881007,194.12276742196696,209.9308073377467,203.67619376504203,201.362546533564,203.12374755275025,183.06251154608225,190.06443563913692,157.9537403124955,190.86416432771236,188.2359963838553,222.15820124572664,217.1342358513236,205.7725452086744,175.32345390081167,215.5563941245985,229.8045573228018,222.6587310426749,211.88129522313528,187.3913766131222,203.53905670510025,230.8536600733688,241.0790062372417,232.4069382179653,184.8626434228833,227.58402207181692,152.8981202990606,208.34630237390647,212.5313427772441,167.669338256995,149.63571344533506,163.10234555468907,237.82186113255824,219.1154160994488,222.01796995912196,211.05996523643216,204.00530654194344,225.21587368066213,210.66100235676248,165.33308354648528,166.59445262034262,218.52752890742147,149.23560490870705,162.51597660465347,152.96169166699875,106.9908120328952,101.90968797295744,89.87112092923428,0.0,194.5778864369446,211.1188478836433,212.0785759747432,201.97771213588825,210.48849078693985,197.26576003764984,215.1495197981428,205.4038129364674,144.70363863907238,198.973769694918,198.9052827812451,176.43821466438993,211.9145431046563,214.7999549258544,202.82102437009047,146.85659846204885,185.4908825778517,227.6908940480447,201.73686876360208,203.6717968776577,228.18106667499453,226.81032325015337,202.1766420074709,195.5406642514176,206.96524231586412,222.5578045186479,210.99196993802056,209.503383623327,203.73597456302224,213.718245241616,168.07197278492174,155.44641088297283,227.02350982310293,225.4635317849886,186.01378615219016,238.5516879495204,221.0466817412901,224.57139214078884,201.6857155223024,205.38567985128105,155.76405413385115,175.20480062486195
219.52507313494905,191.828989941094,205.91690157773428,217.4275061230042,203.54077738474325,194.5974208446083,191.55126636424632,199.37301193428283,185.5620062088053,121.2663524661111,130.7379273910045,127.9933754554964,185.59982311283648,188.79902932118904,188.07447020718607,185.5970421045832,182.84708932383768,207.29878682382187,214.28784987457465,189.28575468328728,199.4409287635512,157.85902454389685,169.4227954259619,141.02085108252277,137.99162962184488,128.7002686742345,201.2168198668076,195.4229278637918,196.24282587521816,161.52081159641432,231.06176154158976,234.1991552980606,216.67077100841695,198.8940056224661,170.32278329404443,171.44202731564252,176.76198158962296,199.70424610667203,197.7858508906777,164.81745415535457,170.5381280243218,167.29252231969838,161.29534577454456,162.6382164142807,189.83012646091765,183.37329696174305,181.99509457140272,172.50322425915604,181.04834099624415,170.10860764974348,226.88588494336176,218.5405063070699,189.28652406034277,212.98919008958185,215.072117906444,179.94869669146817,186.0239213737713,194.5778864369446,0.0,111.57969241938824,99.28104236954728,174.52211384871444,184.36547558349704,178.3715101000358,196.9049632283445,180.3608950013586,136.72958579411187,190.92800870790413,193.08294578911836,196.52708436475777,189.61015644830368,159.20666320129052,164.4679407102359,114.52131568629824,129.06487997045392,110.2932084254996,196.35646212314373,170.4403763441285,204.4512650019756,198.46685484076676,172.63588415249376,178.39838930529527,189.09162954872025,183.7498584724329,187.40384876520795,172.56722578540683,181.35995789874417,178.7681425654731,174.06085623774015,171.05301580401584,193.77777093651005,165.13039671446938,140.9525564241374,169.15664993112864,151.69936847376604,165.28758351874862,181.63728242172817,170.91016596165952,174.2000137802632,172.48353612305678
210.370721648384,199.3442694663118,207.01710945895772,226.008655912576,207.3326266361752,211.27366945102463,212.16246902198048,216.1300995476334,209.79536906059784,164.452952655813,120.1257615364744,133.66661848938446,177.85203162237448,211.60013105319885,212.9577638059598,209.73902320546077,179.86145063774092,207.4364924060443,210.07632309454692,191.8132734260748,218.64884070513912,158.400281993973,207.46454468511303,135.7544092729998,174.92262136026858,125.72467516819732,198.3536848463532,200.86034770042104,198.4349344305948,206.54311204623448,222.84177156121223,221.5578034110385,230.75471025584383,199.09890329774515,160.37028751893996,189.80086964300915,184.6075309736489,213.44016377889744,201.73547540380483,195.1050109417718,182.2149351876855,171.8341261422547,158.37729435533558,148.94655789199274,178.84597601683458,200.99344324694263,198.65462164277216,211.7646854524267,209.2330028073609,176.3382009687214,234.96711407388275,211.7014614461464,215.73267915493253,215.06078879806932,222.69356953888249,197.4945404477492,201.14695222776936,211.1188478836433,111.57969241938824,0.0,117.14436948461298,162.95050734309405,196.3427915714692,208.50628976474556,214.96335709016728,209.9639287557101,174.8649449149409,199.73160508158588,203.1047095213021,198.97023249549747,209.36912781751653,159.24562324409231,204.5366480352224,163.16965297074069,123.39886211198092,117.17654520895827,200.3655313848617,205.72735265938292,219.55863777998448,223.958653687816,180.31436443629823,184.3124922571292,191.86907109438755,166.84722764538557,193.4242554419093,196.7664139956226,176.36826330546393,191.8059441643801,175.51872458710554,175.22661865730953,230.3600363254433,201.5442210870829,180.21507280556935,169.9518713749472,157.3338651668057,148.83591568802964,199.92198901132343,201.6962979330948,189.0247935227423,177.47599011708562
237.91606534436343,201.6658416858496,223.4407854670929,234.41367204580817,218.8857897509745,203.0285277909257,209.02180796643884,215.76758530835207,206.32503995484143,149.5866006258237,122.81586344574356,123.20460865388536,165.12455214480735,180.2555512892904,176.86376817299947,206.68928103197385,173.9976282412114,204.90496225107503,198.49560575127296,171.6526640509426,193.2617502073632,144.87818666189443,180.12144597879018,140.1590619054159,150.6424106831995,117.46550181858304,192.0616839214016,185.4417566796984,174.31119857317657,180.0085549268107,250.695693176068,259.4548702495624,239.58334183855905,196.00054601686327,167.95657160189012,169.0216846095886,168.20082278028417,222.89160619471156,217.4341137260256,189.75802155821208,180.6356879490645,196.54149673844228,170.8022385954623,155.13762029179543,189.0567787089614,187.6310741880498,183.2117553205633,179.24636908096608,175.12265897410117,174.3010602532687,246.6090709569101,230.262015948134,211.7756722411956,220.7942340488226,227.0870078470411,197.668261636517,194.63359908831632,212.0785759747432,99.28104236954728,117.14436948461298,0.0,154.9156618012806,175.8026637510938,178.4034584694176,189.62879260332528,173.89466058017013,156.09780241645754,177.32478279846413,182.0631432142636,190.76233066749555,177.97270994843572,146.7309526947416,171.39181640079855,133.1888249991334,117.6955008312132,102.27540567936684,177.95576513974527,174.13204093497103,208.5842100178722,221.34511307239435,157.78508214365547,172.43101842398556,187.8610185484206,163.57813325287657,179.0251958285016,169.33502448918034,163.26533257454014,169.2418278066511,164.7092581309463,173.34680785459727,205.70791238245863,195.71600962210871,168.50757277818946,194.1831093793452,144.03045955065755,151.47065797610458,182.0914386316719,173.86552255423106,190.26080558619827,168.81728746120103
196.4300603680084,174.94636082023715,184.65221831393657,191.602804065136,181.7138591713041,180.7618912384628,205.9795299661573,207.86794054169883,202.79366455384024,195.6515345937284,188.37947688252623,195.99263341266985,100.75302706962796,180.6712344867041,174.59704831833284,182.91215466861297,152.93376610411087,200.43053976661795,174.37781401335184,166.59815660247835,200.54563587481144,141.29266855731584,180.3086901183136,177.48961039198684,210.19830242033655,199.92320972057183,152.1451581370584,138.99823220774826,146.57957833380533,181.3626881943981,225.7176565983226,222.6041026862731,221.8411065590618,187.90979749393148,144.034793612744,198.93922492179317,149.26935181469702,204.8115801886948,218.2237602226083,194.04496053877224,208.3253202588932,218.256836682292,176.43437373760446,158.4520209668624,166.2513472877922,169.1518597913842,169.2234484502354,179.8603883727669,192.0224047900447,165.94146981633267,215.40231191056307,192.4132502237407,191.5620162519727,192.6457035719635,199.5877824688722,189.168841580328,190.91197345251845,201.97771213588825,174.52211384871444,162.95050734309405,154.9156618012806,0.0,133.6485614624263,163.7386495348057,184.1259637737025,177.56993692360464,187.33330863666453,135.94480983549275,160.12887493934613,183.45929116043496,191.8494478306634,109.51069034954908,171.6547548350849,176.08151047518163,139.24764673245517,173.97626879187828,137.57335733712648,171.63927601951042,201.69305920201333,201.1348271713516,142.13044905301132,163.91673878883233,168.84525940244572,131.5722682613952,149.11840142015123,153.10271048506965,137.39742474575115,133.5056761682709,166.26672199663855,168.18513716749692,197.4643081822577,195.93147790911377,189.36278006676395,212.32021605037792,157.862799902892,146.16986832226416,167.79233711017315,171.7156910247493,187.7578288842144,166.3602526891737
206.91645557260543,189.87500856177567,195.4454185382324,210.64236244058628,198.1828645459652,182.73301636149185,206.39438275796184,217.20791267505032,203.67258119208535,204.03370568025423,201.3113133731189,208.0383155277229,152.80461552540953,119.96111604139404,116.2043392787006,185.85160848645396,161.72493395739917,196.31051151498335,164.06277300907684,146.47282695125534,141.0665450781785,140.3978758727721,129.2774415578364,192.96155548538047,206.003816084087,208.4674760950611,146.90259685363625,126.25866992409377,125.85141923751848,131.30040732904837,234.51207126780116,233.5753969012205,225.44206286509768,180.62920612553887,159.95281017839352,194.2862252758187,116.78569669322852,216.79819278439885,222.2860602945844,194.33673566533295,206.797179115808,230.02166166520823,195.569313796288,193.10594256476747,194.72165457449,141.79276690114298,125.71529228259914,134.55511210685987,173.6622180566602,181.92884146015373,226.66390061189597,211.98595490915045,193.9250853593595,210.07165254220615,206.74214416676156,198.1384352745305,194.46640475588293,210.48849078693985,184.36547558349704,196.3427915714692,175.8026637510938,133.6485614624263,0.0,110.17633843376626,117.26280546469091,119.27195452419892,174.20599747549403,92.94727463012646,120.13140015553144,165.62324640334978,134.08185615622585,119.4151231215323,124.07725731434816,181.0281292563224,160.65983751094376,201.847163429026,127.40933096989204,115.03810947935764,197.5026485387786,212.03569916378268,111.87237782720749,149.23197995057765,176.84428262759553,155.15130168114337,133.56709048226503,115.35924311002,127.1818996622566,112.82064881119165,170.90116989432505,173.01962182409326,201.99343434518252,210.3084415270709,204.25181043582552,216.9128392892069,161.79913755958395,185.7737666235758,141.41328571995496,128.38712273978751,193.18321424204908,180.16745552520845
196.64697358951145,193.3839235274413,191.06839438539856,206.6158315439891,197.14489561723389,182.37160548427744,195.39658902182745,205.41850807398345,193.61637385337824,188.50126073610485,200.43345536604545,208.53294852082757,170.53160904424624,96.14967074696769,71.55771264861828,177.9445777938365,174.24947692932128,188.4980900670629,166.5199329285815,148.94979602157602,131.79295747857253,159.57503115886624,101.21058859703696,188.90499473060584,198.84898357685648,210.44907970233797,176.90380302599158,139.7745386211309,133.4202857378158,105.13964038681644,223.230227877955,217.5193016705024,215.48722709936152,181.154204965202,185.10584388629763,185.18347815361372,139.86821668082712,200.7131709718294,209.1599895284469,176.1183126084139,197.42225844480603,222.5857774107265,196.3223765091408,212.53721412478183,213.4429701714006,150.0655557437947,127.16728348239232,118.23469802179989,175.03485057863364,170.8040110035147,211.3764047499788,200.4118972133568,188.46217077397395,200.9901797390939,204.6601069821736,189.11813563675756,184.37195081466768,197.26576003764984,178.3715101000358,208.50628976474556,178.4034584694176,163.7386495348057,110.17633843376626,0.0,88.93806880159964,60.407837325754784,165.51962252118506,114.979972228142,114.58877065336408,155.2525679479312,114.77746017945964,140.26089229815375,84.40565620213368,163.21462659853012,169.45334474260935,198.47248891739576,123.02263914515476,95.89504184688062,201.421455751741,191.65261961410008,137.59373360349002,150.87198361303285,177.06980618519532,182.5765678176219,161.12567864881927,109.38584116204729,142.2542762076731,143.31957246686335,172.21467024730617,166.97234560769448,190.0628593669319,181.84261528158532,192.12416493681724,202.6871930588333,170.02840463583317,207.8797945335015,146.72788473963868,119.89196346658572,192.1557527270729,175.29244473294625
220.04067020255584,231.473707956618,224.8291756543228,238.50415014367832,238.8639096145472,207.38146700096095,215.8559107149293,221.7124455157636,212.8326209421809,198.2560475649414,205.41004253726248,216.7695953317268,188.75300304425525,97.00339476237744,68.083222282778,200.86771443429308,168.34088995455195,170.58938821848244,155.0333501254333,120.13078711104882,70.63421571347315,173.82085704801636,137.7223682615741,195.05007376403904,201.7920337121328,217.19834739257297,204.54561692484947,174.64198102225546,125.49347214556664,142.37064312149488,235.0335116466765,235.5693293649017,222.77749042903764,164.34677632219885,209.61300358274303,185.05569019158105,140.98195432955924,214.03223091377225,218.89296466730167,198.92335595642132,197.2521814574134,230.06780895374737,219.3172540043209,233.91786527380103,243.052789699919,190.7881017233536,154.136024508974,158.87725941868564,184.10104228440468,182.41374503268744,232.092207487134,240.7343018398337,220.1603314029838,245.18838682825003,231.81662411149372,217.5007271928693,210.8700513519228,215.1495197981428,196.9049632283445,214.96335709016728,189.62879260332528,184.1259637737025,117.26280546469091,88.93806880159964,0.0,78.86332290998388,183.3877290493768,109.74071276412296,98.68964969151752,134.82396630400723,60.05573638976246,172.37103809970677,136.59130249830292,187.3443563749807,181.81518447888536,207.73757219716575,124.47763124536468,141.53620460035756,209.34716117864477,208.0144416875608,126.42378768012344,144.15820579880443,205.8583446208832,208.4647488165799,196.21443478102088,157.97921483186556,150.04984037529942,173.84466868109013,165.4151585343002,179.68903346782596,205.09087622782235,200.8469147329263,216.0561833695574,213.77729925118825,189.89226326240856,227.52931919377903,190.39375939128973,169.23940100376274,209.12631127667464,183.0366025106573
202.40186911018347,198.82126286995063,199.2293151407065,216.70713956968052,204.7833303807976,182.2488879855397,193.43631330574743,206.07509256340103,198.7467992169281,177.127686735997,188.06871681579685,196.05306870501323,175.16130488989504,84.35964207112252,48.9662960819584,177.00177187147722,171.412168122605,191.8742618697035,165.754139268909,144.09941916357425,111.07776150020403,147.96397308019257,83.64519916115722,191.6135645629636,187.43129614681132,195.90571880441428,178.12919284290268,149.12288032556847,130.27671958670538,92.31386060221564,224.68160431185336,223.48205865458667,211.37943050312103,185.87875518948204,186.2255611769882,192.72525512144944,132.0360362240588,198.77304189409637,213.294650775224,183.9565764861348,204.22662916983,213.34103556560436,194.3029254727868,211.2493736015892,214.9767458439251,151.67330644061684,121.44021192942948,113.37841100982196,167.2838785286155,182.08492548471747,217.80400932732977,213.71731951390893,192.2453030694768,213.80045043539045,210.48980710008613,197.5498485542128,189.7257919784261,205.4038129364674,180.3608950013586,209.9639287557101,173.89466058017013,177.56993692360464,119.27195452419892,60.407837325754784,78.86332290998388,0.0,169.05179535149202,125.45701170492924,122.38756289471807,161.25041008941372,98.8562088707514,147.7678857698189,78.51284849523199,171.86606045779496,187.77417779176187,191.00635842799736,126.83874865477016,91.6394824629092,191.2364675913656,190.8760246255066,142.60422504437318,162.55575698169162,177.94047204812614,185.07302270920152,165.71675149444224,120.44017638128648,143.51240601096964,144.65743287961993,179.91783992353035,188.55979880130047,188.25036856504835,180.5445338516677,197.35391721931455,203.13167293419133,167.95922660881757,208.6499443020712,148.86415435437928,119.61566699960002,194.79773501954992,182.0827983352528
192.1683358545042,143.30415988753575,153.9628437121817,186.2899509382956,157.01241168290363,120.14946182202716,116.3739915650376,126.83280854533712,115.56537824859348,160.27586206770627,167.5763757582179,178.57788392158807,196.1257640954069,175.52399186517584,170.36537831199576,139.09250657351444,186.3046855813533,178.49375151038305,193.9379029167937,178.95310440882608,197.95739592321868,180.03861738288617,156.74379050977956,166.04199768822843,192.43446712804644,188.95871835221303,204.58392213934692,184.86626630310337,185.78940705746325,143.08283472234962,247.01885597573488,248.8161689729468,230.24202709089005,189.30525852390537,194.02094380328083,146.6321651647473,167.78029430573275,203.20998865794888,171.47375844867196,117.06364030850912,145.6300371219263,217.8550631692689,201.93760129624576,206.5734092466582,213.45021067975216,170.8991203940526,175.61432479243803,158.97445464806066,115.37655349070022,157.12289108419367,225.5272493878088,167.19169051267903,141.1115761823881,156.82806564331906,149.96061379562195,126.88662413529926,109.30764074958029,144.70363863907238,136.72958579411187,174.8649449149409,156.09780241645754,187.33330863666453,174.20599747549403,165.51962252118506,183.3877290493768,169.05179535149202,0.0,176.02603483272418,181.310608442818,179.22921669923522,187.11353952820963,170.0371247729858,152.9916270510911,72.56419619685111,144.42867152426587,187.8731087441857,195.3868834827885,155.29562360136015,220.446163166206,211.5964031714924,157.8281216145026,160.74159580587207,197.72115316425072,194.49689333780776,186.0436797289808,164.7022071182513,181.2352026533556,174.76068637387957,153.971820877757,151.240316916751,207.65483519425783,174.76548491562542,115.96570702080606,219.27274230164883,180.85392508065615,203.80766408461244,167.76913131988732,157.78556225180563,133.21290951850816,167.09818432362397
204.90216675720703,193.3920995258924,196.26335949428423,211.75616048820672,205.8999778332192,179.88216469189706,201.57500839331897,208.13318528906208,195.7472640460523,200.67205960625455,200.86758591831983,209.9383270399264,145.73402269448184,100.08953553530634,111.031215875874,183.1487225540938,126.44285452060728,158.87845153926847,114.42347766246552,109.23734176239446,121.37228831763387,144.887883732047,146.42446244070106,164.53415012382112,212.0935738756976,216.457364149268,170.0243476093126,141.03792893748846,88.60322588977272,150.4473055032766,239.74550299657855,235.83914747052893,233.8456881953132,134.82048136663755,174.15328257434857,161.14013121957703,97.39333079926472,208.38037314049205,212.71947852702655,182.8314846811525,171.8867998509332,232.90042324740196,197.9108504496753,203.04765394765892,204.87199880571305,169.64813701575548,147.09009544866433,160.78161979405135,170.29651651245302,139.6167432328083,229.81985076701727,210.6062497198244,190.04226729005825,210.86987397612117,207.2385343952952,198.1118671536394,180.676810408935,198.973769694918,190.92800870790413,199.73160508158588,177.32478279846413,135.94480983549275,92.94727463012646,114.979972228142,109.74071276412296,125.45701170492924,176.02603483272418,0.0,66.2240521981013,114.39852543374823,112.24074696551064,129.17900936572235,139.8652818403671,178.45314462064815,135.0826784821339,206.64799902687605,95.54163232649135,132.34963721364352,205.9577335967869,210.02528502021696,84.31485167551261,98.74606571375932,181.1673907682312,175.4541803111223,167.1803629694164,139.7168483221417,108.2448173221283,138.83415003186417,132.3745640741719,144.27709716224845,201.93745475572976,200.591635217766,197.55410338707009,220.32910400642544,173.7906670597277,198.43867030651128,168.27302495366007,158.90410507508597,190.4331024808838,145.08293104847402
214.0138496974286,217.92554037438623,214.48629091849875,232.77679995799843,226.3079995023209,192.50980960410917,213.50346291772976,210.76448736643988,198.73240783597112,199.11315832006173,202.2914522573537,209.01471110233297,164.77218386199456,103.98714696839396,107.42283487268614,202.5940587448151,135.952775492839,129.825377393695,119.23433018642712,92.32104132409788,101.53425793514212,161.77258419335942,155.12618692234918,158.487650101623,210.59979259127545,218.96694680457048,195.8954213478333,166.02773931796224,79.26337735230155,170.43421534092369,242.04673425501304,244.14195835217944,236.0077920612168,114.63905708688328,200.16302409310904,147.9428952224032,108.68027417874276,220.23995677310944,219.5032422797554,193.30111016302567,162.83175704127106,242.31873879182325,213.79206109707485,224.2952752230958,226.40016434954327,202.04681159915987,166.44309151652442,176.51579522962254,180.48093158249984,135.85646897900224,232.59617345899653,227.7369801634617,209.22106683581077,229.58351107893716,220.2211275900748,210.65343718856903,191.5761800729948,198.9052827812451,193.08294578911836,203.1047095213021,182.0631432142636,160.12887493934613,120.13140015553144,114.58877065336408,98.68964969151752,122.38756289471807,181.310608442818,66.2240521981013,0.0,76.40661254728705,87.96463360787004,159.51358128514534,150.71371182886875,182.09345653326483,138.9491174883483,215.9709100388812,91.8674157856895,154.33955579530834,217.51249488216683,222.71926549821367,77.09157031136795,81.90741119713039,200.8781370801062,204.0311374026201,195.80418038642563,163.3016297052579,109.8922900432392,171.87228864272927,117.5102356281708,132.4231684190293,205.00666075854616,210.21277512508212,213.06852736911745,226.40703905914023,194.6495298509132,219.674091982026,197.89268157918676,184.7988089743039,194.9257904843322,137.92811601595685
219.28120470720228,228.33753606240128,222.5861448400749,241.72543253052595,233.8561821676213,195.361456798719,208.78491668840564,197.5739528228371,184.25206019374903,192.561300934838,196.38554840484397,201.65654915395555,177.24225633445536,136.93666898591584,138.08098660746154,210.8635521149503,138.25752975245166,76.24639789714806,117.79346772196024,98.6360628583533,134.940822650047,186.8707915515202,185.1840941609821,142.9254000467329,216.49142848346307,221.89981746959376,225.6438288784293,197.67195386272115,108.0483305101064,202.3147455045964,237.80122702393908,247.5197465363744,237.3749219443017,81.3831619246561,223.0747556111515,117.40329483951604,136.95086262559923,222.13179222207097,206.00660849370848,188.87848621970056,136.40463932803218,244.50495020820983,219.59725815509705,230.7996265135712,234.27109657892169,231.66561138276995,202.2534360513129,207.0697289401441,183.09367163663512,117.63150410155924,231.7011203240233,224.51366155734013,215.11296714439797,232.63339587995452,216.19134467151707,208.85688487940203,179.43759902065025,176.43821466438993,196.52708436475777,198.97023249549747,190.76233066749555,183.45929116043496,165.62324640334978,155.2525679479312,134.82396630400723,161.25041008941372,179.22921669923522,114.39852543374823,76.40661254728705,0.0,116.23225946279796,193.76767650019576,187.0936246569013,176.54408193365282,139.45774301396392,221.8317744789679,121.14884745977844,191.1248338860565,226.87542077774023,227.81165883465545,112.76908042165718,82.69244083268231,217.63339742114783,229.72022468542775,226.8801799171617,196.66543633640205,133.4990987093293,205.3880065978575,92.27497063521196,118.05874172635129,215.46687282510635,215.9336751390327,220.3950286086741,232.9027517752944,217.4238193404276,234.0785742906545,227.83329790771828,212.2960596970512,188.18375815802744,123.00928723751863
231.00938459408547,239.38247747496277,237.17461023024492,250.77879742517345,251.09553879144264,211.48756960540328,221.5549770412736,220.4761899234515,213.624643474351,195.63178197016305,199.89854175564304,206.09103983456288,194.4322742332838,92.9440694367928,78.63198198654388,206.2126409719786,154.16633213997147,151.96822441538592,141.80711798242174,83.51875658116617,46.17282868056161,170.9825036604776,152.6292557313291,180.93235788579025,193.55597106760544,213.64908321986135,216.7829475738957,194.3502059096284,111.80806579827896,161.97287199198635,243.11394371936348,246.98361750043892,225.1684942529353,145.7786365436658,219.49894535550152,174.27417122983292,140.97443457901448,219.0303854628279,228.26383312205093,206.3598888252754,186.7892921264346,235.81955409965636,226.82389105913268,236.35296472621351,251.23806432245385,211.7726162831099,173.7272205871485,179.077492407935,182.2664574320441,179.43800767676754,241.06559863289533,252.66169806367475,227.0781800048913,255.28162416171543,239.94593153215163,227.40978159310885,210.7026843820875,211.9145431046563,189.61015644830368,209.36912781751653,177.97270994843572,191.8494478306634,134.08185615622585,114.77746017945964,60.05573638976246,98.8562088707514,187.11353952820963,112.24074696551064,87.96463360787004,116.23225946279796,0.0,181.7610905198594,154.29533725626217,188.4632023969164,173.9083213083404,205.74022007613644,122.96266713722224,160.22973290721046,214.74535973203277,212.82398265364728,108.9382405649974,134.536067480674,219.7383221888104,221.82494001793083,212.2678518055237,181.226093707297,153.81365613346952,189.26223612652467,150.83189828244468,181.14092395666776,200.98010855197063,211.9507314884114,221.67830268591223,225.1944259584237,197.2740228290172,234.0011578179279,210.4749131039841,190.07419953708887,217.78529671167468,178.3961108689262
173.40719747690943,149.75188429192596,166.86714354556483,185.06043961380504,169.9928114781043,174.14619719886002,189.9903982862557,210.30984987536263,204.0137245727161,184.1917195259757,172.06456520248062,185.30099874304744,130.00704822497732,159.9083745978444,151.00556331120714,150.2889934292499,146.5642096497711,215.8995409975577,174.3855682005027,179.7879326361254,191.4498337955564,83.82614818409715,136.56661063290585,168.2445545185908,182.80351338055132,171.87227476444107,104.18732637803102,105.6521600963209,150.59783663998962,138.9079380973208,213.74479121309173,214.1383383484553,204.0456936038672,195.2329281484377,85.75977128988093,188.4619733954148,119.60476833108147,187.8641621055856,213.18618759064125,182.23828630916356,193.0534932666586,201.3294712491479,147.00578814486096,126.4624573658045,134.54390748120244,115.65483948405902,118.1646860729848,132.01237305290937,175.71593087547748,163.19152566602145,204.2793594014069,176.13942356615027,166.2876772410542,179.0612311859323,200.2203815779392,188.29026064909905,185.10060260453628,214.7999549258544,159.20666320129052,159.24562324409231,146.7309526947416,109.51069034954908,119.4151231215323,140.26089229815375,172.37103809970677,147.7678857698189,170.0371247729858,129.17900936572235,159.51358128514534,193.76767650019576,181.7610905198594,0.0,126.31229700232096,170.852000535755,128.57634681346417,152.48253876842662,135.1959339936799,117.65248851552582,178.6003950303804,187.14924299372333,145.0612714627823,157.77976424337544,137.1688141585493,71.84544981352245,94.86146518508237,95.17430987483353,121.65937365643536,78.60946063598792,177.0070540889502,171.46350560099503,187.54831165833195,188.05788339903276,183.910145038561,203.6684670311684,120.47167444601595,114.6113700842902,115.83569543284102,118.9077213928698,184.34036570535085,162.31076456050286
184.11339220070735,165.3986723724045,174.67401627058598,189.7039633683383,174.49306854908514,165.16191409823267,180.02107945167444,195.2407250866445,187.761078277488,177.7675109238063,186.23366071444943,196.02330774473853,174.58223755547212,121.27078844035128,104.31298892439064,152.91943490066362,185.1581034276153,213.920022884076,187.8861644313708,182.00752911415395,165.16422737620314,142.31561264987482,43.72752699111676,196.5870172384939,181.7644111555918,187.114283853698,149.67682652258577,121.68762985584684,159.76069027438513,54.799143772967135,217.2089098270963,210.3795246922349,207.3898832224843,206.45154821542727,159.6302663763238,193.16230043479075,138.44544534064764,197.2316093636005,212.5527808593091,176.4771844584327,206.21390767903137,205.14277031131013,177.40988688432952,186.7586571283105,185.33965245104517,106.822464566253,95.1453487341458,65.52728419271334,167.44699828059507,183.165285906298,202.2508731330296,188.83636831057265,162.65585484118463,183.92150131438217,195.1058335290479,182.5803725192036,173.81738514999788,202.82102437009047,164.4679407102359,204.5366480352224,171.39181640079855,171.6547548350849,124.07725731434816,84.40565620213368,136.59130249830292,78.51284849523199,152.9916270510911,139.8652818403671,150.71371182886875,187.0936246569013,154.29533725626217,126.31229700232096,0.0,159.6169528870909,182.87030674183987,176.97433259753063,143.00612415089836,40.92731565011593,182.85964124561275,185.7131672131963,158.39694861623184,172.98876976361805,155.0021317762119,159.5511561271604,128.90069193700228,81.44762114927357,146.71810392335522,115.2436072574387,198.87965410546656,184.87213161265868,181.9892269561189,177.83311400383727,179.4212619801028,198.4245124688573,148.19077046862827,184.73800829717905,97.19337344654348,58.53168738931368,185.2889280649868,183.5772332644333
208.50667063077748,161.05326921904108,172.90851731886545,197.75035674467347,166.30902054064393,142.511139560851,148.54035105248528,142.85090881550653,135.1077823005674,141.9945321019581,154.6189635041314,159.8326265328244,183.4351244027955,177.9631690729669,172.1181930982676,164.51378836894486,180.80520912847533,175.3687742197127,198.54970089702303,173.29427705441566,201.1931868551885,177.11145124807723,166.726032119011,146.38001407900435,180.16920187932547,175.3081807318409,210.5496572531315,186.44747050751667,184.7659829099908,150.61237775420506,253.8633132920936,250.22627046438168,237.8513736135529,180.31873092146844,194.3921626410926,152.8085507115483,173.5649999122559,206.6122744254963,174.90676454979803,114.31075134186844,143.81606966885113,214.1923744517728,194.19447311705613,205.99216115568316,217.84715818630715,182.84937246262388,187.46918626808537,174.08762313809433,142.7913286434112,151.0220386785184,233.8363014312932,178.53609013858477,165.9755516123193,167.9822234532885,160.50166020840328,133.90951711968052,130.26866855553587,146.85659846204885,114.52131568629824,163.16965297074069,133.1888249991334,176.08151047518163,181.0281292563224,163.21462659853012,187.3443563749807,171.86606045779496,72.56419619685111,178.45314462064815,182.09345653326483,176.54408193365282,188.4632023969164,170.852000535755,159.6169528870909,0.0,127.47028621475562,173.06945747241838,192.42754766890727,162.88288426477462,225.1934190704013,214.9979810412877,160.17312553167935,161.37030292112246,199.75139485651624,195.2793302007729,196.09298313677004,167.93631074341891,181.97231203807692,180.7708906204381,147.02580628694997,138.35409835652405,210.38222687821963,171.50748491843208,112.58248438616953,211.01146612562053,172.1143276499157,201.18265588228348,177.9735859479021,168.9743689632313,147.7503739841041,161.5320175898836
216.99892386512585,187.8962761576601,198.12106146213148,221.70757623472116,201.49598120629375,182.83936050128895,199.29520085196907,195.12794868290115,180.31652095438383,170.5330571297685,148.174375766708,165.1858295021192,162.7004066488543,176.04703859679313,184.7148648243283,195.3947150748914,133.22043731434184,156.91117679145162,165.20622796396805,151.3592002255121,189.582569970991,133.1986920743908,189.32820618281343,107.16406095230928,184.89404050928013,168.66777378624937,193.21028271486804,181.1711319058452,154.49136027984804,185.90369049111277,246.7190985317982,255.2172401983298,241.72260977276892,146.2072996390599,159.88434687776856,129.7644758464173,138.1457110550972,223.45435681881548,209.83972670410927,181.83949161180925,139.50937568037375,215.5177424577157,175.04512593714793,167.3574775195184,189.06467668143387,187.1699864620715,188.00558703756644,192.85502550773072,173.37560052803389,122.35878951753084,245.3318801510847,210.1691188331373,202.27052034346255,205.67724537302607,209.36635294117497,186.38466979543136,171.02053199666148,185.4908825778517,129.06487997045392,123.39886211198092,117.6955008312132,139.24764673245517,160.65983751094376,169.45334474260935,181.81518447888536,187.77417779176187,144.42867152426587,135.0826784821339,138.9491174883483,139.45774301396392,173.9083213083404,128.57634681346417,182.87030674183987,127.47028621475562,0.0,157.22893671542164,163.0546281222961,180.2654544820877,220.2037411831208,225.6838783268678,112.59427218225396,115.53018135149428,180.27415711960248,163.57377596254605,180.79805969104663,167.99026480646074,138.68314506008883,167.279467508803,120.51659340043727,109.9086282217829,213.15427175327812,203.1589888777301,164.24179435559785,204.34740627923023,156.31750458508878,165.37926514624962,186.25050191606888,184.77731886207232,180.1522366194064,125.76059035509198
221.5072731230937,210.6637034970621,221.96819459369027,234.37876843117365,221.7591747932181,220.99869653888865,214.5914926842521,230.49811225649427,223.64139125272715,132.97964697903558,118.41646350188172,121.19047211237326,175.6553664307344,205.1541600590316,197.2489826020335,200.1313817914648,191.7166995949576,234.87681415795072,214.1159516495153,208.91712669639816,215.6238144163925,150.56839672739977,181.00339819947268,155.0187738780914,102.1310733350195,90.31678916651978,186.7731303356925,189.45619977127117,206.7382036536534,187.19369397289648,221.3893292240469,223.78015377257464,210.69685951137456,226.60168174596564,152.66366808199282,205.0980122056554,195.1524347779749,192.4783715792222,208.66500303357407,203.5101427419072,205.1600851125037,133.5916885211323,151.01581124156945,125.76779145729807,172.84852723983872,180.12900600412468,183.45700591576417,180.95937762517613,204.04072813833452,199.75874560959952,231.0153181780133,232.9537964828461,215.10315534820768,229.07999248155187,241.6783315573275,211.56743358745427,217.5586171995974,227.6908940480447,110.2932084254996,117.17654520895827,102.27540567936684,173.97626879187828,201.847163429026,198.47248891739576,207.73757219716575,191.00635842799736,187.8731087441857,206.64799902687605,215.9709100388812,221.8317744789679,205.74022007613644,152.48253876842662,176.97433259753063,173.06945747241838,157.22893671542164,0.0,197.60433797079676,180.80182006727293,199.67610375564573,192.00746085429049,199.21598665982413,205.4198445542875,188.2689409558781,154.05954378614192,177.83870137324314,174.55935465810535,188.5519741691458,172.90911013497808,209.87176031821025,203.3593071489296,205.8179411917458,175.2647626521569,185.2244900823937,160.61082388405035,150.89507060149998,123.6116560976286,178.1708389371704,171.50424718043666,202.54210533539057,191.97982611118837
196.7545514811366,196.9886433116497,192.9972306141195,213.2335543092285,205.48148608027515,184.87786785394783,211.09340047089117,215.25470935511103,204.85284981188775,192.93254970059988,189.5283265593428,198.46146546391876,132.01511183304564,107.46925019059476,109.19202167084865,182.37473845223772,143.3516514396129,166.99688657248623,124.21115407666528,111.06015365755704,128.18664274024354,133.51770157229328,141.93547288215433,175.72081005254074,200.0929001112898,203.78087476829813,159.3014203078148,135.62137841069585,70.3273066526497,168.63110232923242,219.36847480212916,211.4487802368438,212.25589847782575,153.7854332079352,168.16147932013257,182.11083124774373,123.9167848543722,193.3288196231926,211.43308700890708,194.28057863902012,194.92854330984736,219.08505423961867,191.8464616457308,193.1373591404591,193.44808418280587,175.92918364592617,139.80189000887862,159.68583007594583,188.83782984115507,149.73400612987814,209.19031742280737,203.58645346243136,191.89545805827663,208.9145946658353,201.78861413307607,196.65510522115517,193.2325942004798,201.73686876360208,196.35646212314373,200.3655313848617,177.95576513974527,137.57335733712648,127.40933096989204,123.02263914515476,124.47763124536468,126.83874865477016,195.3868834827885,95.54163232649135,91.8674157856895,121.14884745977844,122.96266713722224,135.1959339936799,143.00612415089836,192.42754766890727,163.0546281222961,197.60433797079676,0.0,141.74235147868367,199.4807602015282,187.0126488523547,114.6423271788803,131.97521652113574,178.43060136906797,167.0014860223877,166.3908884346837,136.68569280245947,95.34237585841804,142.10716219730756,153.43317779258683,159.3392758135761,192.52751745279613,201.0801997310562,219.7609020985096,219.0158940268604,185.36058818689395,187.96309022693777,173.75498699812954,163.2958737037414,187.6598462971257,146.07658439235013
179.38113956715165,156.41502016378809,167.23975559645106,183.4917669124655,167.6439765620595,159.57375589315194,177.20115769621577,194.07225051634924,188.0462983224496,180.8389647785137,184.8364958930656,200.4113149096912,167.8165995885259,119.46738818057044,110.62423983565728,147.9155219138625,178.75285630430244,214.8474195160236,182.5076045631955,183.84161156161088,167.0225389777458,134.63981289000128,49.71439506186782,199.1237762262317,183.81933922290608,191.70963069863856,129.63717081426057,101.51282482739488,155.15725456918804,54.35516696713767,221.46989186564147,213.84716222888372,214.02820571600915,205.32942766811212,148.94850632622018,191.5415805726966,131.46110679146312,199.69498749676603,209.1324849742603,173.99926513303382,202.12760689225533,208.3635008538012,173.0162737735012,180.42611869090544,176.02127286801857,84.54709374951683,79.71167120261929,55.092374871706944,163.20770418667956,183.04190492767407,209.59823055760427,187.3196418636709,159.27749859343933,175.48457778117898,189.70304930685637,180.3851551424032,173.96993612482572,203.6717968776577,170.4403763441285,205.72735265938292,174.13204093497103,171.63927601951042,115.03810947935764,95.89504184688062,141.53620460035756,91.6394824629092,155.29562360136015,132.34963721364352,154.33955579530834,191.1248338860565,160.22973290721046,117.65248851552582,40.92731565011593,162.88288426477462,180.2654544820877,180.80182006727293,141.74235147868367,0.0,184.2929744730502,189.6180169440446,157.05815461449737,170.04877121140305,152.01032185024633,147.05863689323496,110.59286496346036,68.84114025996845,144.81774322689947,93.996123169346,200.64050230751096,187.036351181443,188.93595064519485,186.94494252553045,180.9066547698809,207.60055503224132,149.54631385548487,179.96758142604716,75.280036228317,51.22876790854248,188.07966996022455,184.0603893537887
178.50690098937233,178.8601372421548,199.75499901402705,177.07465979066916,187.19397814921143,210.33921271996235,196.48328734516863,223.57112422773636,221.98291741791564,176.56538119238945,206.8452710262805,205.74071147148712,197.703705252656,210.1525834954486,196.4345064398388,161.266153280943,205.55476821825056,236.67882095099367,213.04743130693203,225.64074802218283,213.88189103176336,180.64406870790424,182.42374930661327,230.9178563498527,171.83156527727414,197.4160409053794,166.004806799998,179.54382811104205,209.9262170511848,184.69655138123744,131.8546547672198,185.2794288692205,138.86345479532577,223.4999945693928,175.5530192568405,223.1444138994069,199.10420702047665,152.9924240343874,196.5463995944869,203.24015058367092,219.43655826251148,193.34142890187596,132.69075361922228,149.55584322157006,149.50605975275352,172.2419655383435,179.19839338764217,180.65166238915327,199.27466479081264,212.7984524607533,164.14331826404143,194.55108134631467,158.86752034493225,181.8918390968505,218.24751765285035,217.1502941161893,207.10390682549613,228.18106667499453,204.4512650019756,219.55863777998448,208.5842100178722,201.69305920201333,197.5026485387786,201.421455751741,209.34716117864477,191.2364675913656,220.446163166206,205.9577335967869,217.51249488216683,226.87542077774023,214.74535973203277,178.6003950303804,182.85964124561275,225.1934190704013,220.2037411831208,199.67610375564573,199.4807602015282,184.2929744730502,0.0,142.167859815836,222.2605616259868,213.9782563024661,138.73077214859518,164.77216909834294,168.7850513481548,178.54714770896732,205.2396623820549,174.73284808487404,232.1494754241637,219.8707171837623,126.80347724870222,208.267045571871,227.979432730454,174.7434232205886,167.01816870514557,161.2616360992152,174.00026343091892,180.8150658506312,218.7088446532289,205.73697288333176
130.56267681464593,168.26260602256593,179.23583828159474,162.86743218219246,172.52030336886327,197.8646221728872,187.4689363082889,217.7032407477273,222.2942374579937,185.8318829687307,213.26293164071177,211.8576316957533,189.2953622480552,204.2444043028891,192.3317253797619,127.68204487809952,219.93510261817767,241.7204960782973,213.58562509138324,219.7701186202148,212.95687918054105,191.9244262219258,180.99659617855545,235.09376514068504,173.97288073499624,204.3857280963741,190.51485983800592,193.95291556531123,212.15280150369392,189.28678594671743,143.2059855570153,119.67143252082786,93.59880207089972,237.77389126965164,186.20914147422005,245.2554576467258,214.00434824145253,98.350381798424,188.11628248731725,193.1004503232393,233.62603311936692,165.61276495618424,156.89114148028773,167.67324942848046,171.23220785535457,183.7438892352041,192.3417157480108,189.4455188526682,211.37886168612084,217.2264541400048,115.8846905052856,176.04356928853906,138.8282331576001,170.6398652471654,203.3444215933496,210.03246767147405,206.38614595682336,226.81032325015337,198.46685484076676,223.958653687816,221.34511307239435,201.1348271713516,212.03569916378268,191.65261961410008,208.0144416875608,190.8760246255066,211.5964031714924,210.02528502021696,222.71926549821367,227.81165883465545,212.82398265364728,187.14924299372333,185.7131672131963,214.9979810412877,225.6838783268678,192.00746085429049,187.0126488523547,189.6180169440446,142.167859815836,0.0,229.99594771388644,223.6777849052728,180.51083468536308,181.91727174775843,191.78253194128732,183.0065010750555,209.13244682622545,191.3168192617435,240.8564244428088,227.4627318175096,107.96374979626302,154.32879683967883,200.38752139859852,175.91229468640253,186.6631441412499,170.22074285745825,183.99835120868715,190.9552601019435,215.2964915376786,218.5789653509288
218.69890743210487,208.3403863091006,213.81241316157505,234.85554717720905,222.19980606416283,188.60988262443917,216.336314680694,214.4977843621212,195.3530782066109,196.72789133977088,191.0774230073209,201.9170292185449,169.61154560179276,123.97120474915592,130.34387398024995,199.35603585149343,134.60045873701003,142.55437033173305,135.7790979941941,90.36727451820828,121.5422146220675,144.29270898573748,165.4833803760855,153.02738869486834,201.05522606035095,204.59788819371664,190.9220107165092,169.4241551092397,110.5785135372794,167.08671064849943,262.0278094330285,259.0687642250931,241.06106759508,129.71164096188397,184.06268724801205,150.154150375568,115.90151204432124,229.0293821790685,227.35209368023757,194.3000444531609,158.96310311833324,245.0562016326606,215.87718955044735,216.92324538483848,229.206662835021,196.2224385893563,164.82626396734514,179.3072430794744,157.86332476998848,145.89495065212236,246.6087118597233,234.7899795570454,209.49581246453744,229.94036874625624,223.27381921640844,213.73208226480085,190.9489712843732,202.1766420074709,172.63588415249376,180.31436443629823,157.78508214365547,142.13044905301132,111.87237782720749,137.59373360349002,126.42378768012344,142.60422504437318,157.8281216145026,84.31485167551261,77.09157031136795,112.76908042165718,108.9382405649974,145.0612714627823,158.39694861623184,160.17312553167935,112.59427218225396,199.21598665982413,114.6423271788803,157.05815461449737,222.2605616259868,229.99594771388644,0.0,85.88533451736834,200.29278738670385,186.30056825498883,184.32655693725317,159.47146967667356,117.56872976710346,160.9100670881432,109.49916548160994,125.91784307099698,206.90188556323145,213.62839678892345,184.76576208029803,233.523838563036,176.88074440101053,202.84816810743752,191.57940016608373,180.56602903459068,199.28337465442527,146.54643957217223
199.75399265419617,204.81999032912285,205.63704774181195,234.14079811478305,218.12225653959712,186.93290299147216,203.0023574650804,207.85145312785212,186.9779542347246,186.77265757656917,189.14301418646136,201.2339295515232,173.0024051462628,144.09552208954693,147.36946272620258,191.15108649474067,128.65974967246103,115.92489007671492,128.68145790831068,118.74874349430596,150.46634623747002,162.7995056511338,176.75591897714128,140.54094644961236,203.65866451080245,211.33386866286324,192.77188647204207,174.1864571479175,122.2116516242696,178.54445416596147,239.01282191626325,241.35561299120496,235.5722404176076,98.5651192813394,188.41391630384865,110.94543689197562,110.54855171737512,216.9169085259364,199.3063096434309,176.25102478159383,115.06322127771752,234.23019029315324,199.4772708482401,212.35015875302545,214.06513127952684,200.7714115160208,173.12688454839594,188.3867564656507,162.57513196151373,102.32152524992176,229.81850259058723,217.61704161358145,200.5427238806537,217.8919130606687,220.6036411267237,208.326161337943,182.11025390856736,195.5406642514176,178.39838930529527,184.3124922571292,172.43101842398556,163.91673878883233,149.23197995057765,150.87198361303285,144.15820579880443,162.55575698169162,160.74159580587207,98.74606571375932,81.90741119713039,82.69244083268231,134.536067480674,157.77976424337544,172.98876976361805,161.37030292112246,115.53018135149428,205.4198445542875,131.97521652113574,170.04877121140305,213.9782563024661,223.6777849052728,85.88533451736834,0.0,196.0447905107507,190.7302434134625,196.9051477359317,166.39994804384088,120.0650051573962,175.2533184474076,91.40342449001884,107.13541227235125,212.1516600404792,210.439435065987,190.4781984068381,221.855736745353,190.93731774618627,208.23587362201775,198.2836646379129,190.73112584498477,190.25052558312044,108.90200686160988
163.34725830730815,164.9764240601987,181.99407483491888,161.61791283299388,168.78308407998838,186.7531759671292,173.89770677312524,208.00373281588756,203.20181107213887,174.30232162075663,185.48039915626072,181.51000321959708,156.91740780074102,198.48232950811308,191.12336645587948,159.38392230323475,173.80382657674542,231.12488312904972,204.64796089373155,222.28384369632028,223.2814085003052,133.68697408342598,161.50606723680835,184.56536700247943,188.2177456441455,179.47966070056768,143.23634500307128,131.4286835994913,187.49230832561483,165.48160175425892,154.0833413035366,183.5707350589029,177.77225763138077,212.7139218478545,121.64716186527173,203.38045001087545,161.7726856475013,175.52386943071218,178.29678815606633,170.08742200850685,201.95774889491716,186.2325623426486,96.58065383751376,114.80824973778276,89.66262826639871,130.89945009337495,155.26128129398774,148.8525568985384,198.38078760959783,179.03301015386785,172.24746599097028,174.2251633711466,154.03575026457042,165.42862661629883,192.75845290033843,182.3019718766757,182.86395442874817,206.96524231586412,189.09162954872025,191.86907109438755,187.8610185484206,168.84525940244572,176.84428262759553,177.06980618519532,205.8583446208832,177.94047204812614,197.72115316425072,181.1673907682312,200.8781370801062,217.63339742114783,219.7383221888104,137.1688141585493,155.0021317762119,199.75139485651624,180.27415711960248,188.2689409558781,178.43060136906797,152.01032185024633,138.73077214859518,180.51083468536308,200.29278738670385,196.0447905107507,0.0,133.439544927512,140.14172222729115,138.7938009920402,159.08137294447425,142.59589506829528,216.5432089749212,170.66166708139951,176.71325580614933,184.70552723922123,209.9325902314128,154.73373011113938,110.81762727798656,120.22564736238286,129.02129779497795,140.68420834483788,193.74744186878945,173.95823278896322
153.75720745350384,143.86695666590208,161.262674485882,182.19120952799784,160.97992259626795,174.2241446377463,187.90942555151557,212.7431929170268,211.7941904321552,182.89778224505747,173.29726782835994,186.9092837366428,133.0843811867864,193.49261158118736,185.7597996206337,146.01516510135136,173.8700900702812,244.56167384531852,201.8622527666933,213.4767115067065,223.92827007985363,105.2329483551989,161.92286833599118,187.33632864226703,174.15573119344654,171.71174210549322,83.10052479864433,107.65804523678952,183.09328943226976,170.8689422487385,201.24512360315387,190.0815865251776,192.3050988279084,224.6745440129976,75.37255657224097,213.67663303420065,154.6904010199606,176.4069117974915,196.8944871209763,192.6161984151592,211.1710926379752,190.3481227374499,139.34668237881306,104.65832855697104,110.92200747356878,112.14447358068809,129.23414658208867,147.9573775484635,180.12762774201872,189.3934075262011,188.918616847363,168.57602917005522,162.83424622188625,170.13602200902832,194.33418580457027,191.74744234075732,193.90833055298825,222.5578045186479,183.7498584724329,166.84722764538557,163.57813325287657,131.5722682613952,155.15130168114337,182.5765678176219,208.4647488165799,185.07302270920152,194.49689333780776,175.4541803111223,204.0311374026201,229.72022468542775,221.82494001793083,71.84544981352245,159.5511561271604,195.2793302007729,163.57377596254605,154.05954378614192,167.0014860223877,147.05863689323496,164.77216909834294,181.91727174775843,186.30056825498883,190.7302434134625,133.439544927512,0.0,87.00232311023558,111.73421224306657,146.03763437950622,89.25622088195115,211.45728307740967,197.2448241838191,195.05285377810088,195.56937370821043,196.8142364130493,207.32232283757045,141.4580114939928,88.2913011393961,113.63023781426112,134.67058498648214,189.3006072070816,187.4351266418326
174.30467118126467,146.4591311308492,161.60499907395098,180.07441240226171,160.52389566545372,169.44124800235937,185.0875905590552,201.4849070350961,195.7822480845874,204.67323292622103,197.3965862326933,215.3576705691836,160.52377476791878,178.35641211636437,170.7186842998788,153.17980186584958,194.04080217083128,248.3621849637468,213.1480405949096,219.49728409676487,211.49528851318624,132.84479105600718,135.56141857334455,210.0027935175079,189.74822752884432,196.84410485944483,52.38172069460455,83.75271942940634,184.84218067365367,138.31088404027264,210.77459192490363,203.14768525051028,200.4017290717224,234.89898444448653,111.34508471768294,212.2914435915132,151.67746066194672,198.68307404397865,214.10970106042447,201.40423532562903,228.0400857581365,213.2151942127704,165.2343737597468,134.8727156485856,131.24337389832263,65.21018612900116,91.83699571037428,104.67877933193893,179.4787669222713,200.2745065699216,198.14555887334583,174.40468496422335,162.01863504569835,171.36824798119508,188.73749972640852,180.7674550463545,183.4397649439539,210.99196993802056,187.40384876520795,193.4242554419093,179.0251958285016,149.11840142015123,133.56709048226503,161.12567864881927,196.21443478102088,165.71675149444224,186.0436797289808,167.1803629694164,195.80418038642563,226.8801799171617,212.2678518055237,94.86146518508237,128.90069193700228,196.09298313677004,180.79805969104663,177.83870137324314,166.3908884346837,110.59286496346036,168.7850513481548,191.78253194128732,184.32655693725317,196.9051477359317,140.14172222729115,87.00232311023558,0.0,74.20283011679028,152.41052790848755,53.205414765258375,223.22555130317983,199.01597314803809,192.41434408767,204.3621046628956,197.57412476478,218.25323901773567,146.4509726841923,133.16870032828874,68.07666972366034,94.15193910452348,193.11206372546135,199.89609371731768
171.3894677476431,154.48968346573204,169.67916062737967,181.6314269685684,169.05583548666797,173.4174345259014,184.72119761287016,205.0943776256791,194.01485045583425,185.84686980308624,189.94601857805716,201.86728761497648,150.6717034761375,146.21537901671007,132.3687147817292,148.5406306571661,189.35463777698843,224.11130571461945,195.60585948492465,197.3549920176456,189.0905632062893,133.51282275819824,92.62625038734087,196.30704279097424,188.4586956808332,193.25701148733876,93.16394541868904,73.8001742378716,163.07623756995775,97.09226126452108,214.82056190609896,203.64999089294272,202.7076101868009,212.35628909860912,131.23123026204013,194.83875453635267,134.7461421473837,195.3496402732113,204.19569725243667,177.55482633299025,204.95185570688608,211.32181607376887,162.58203490746934,157.71318572765475,154.1325472229504,68.14047138186496,68.70406598728763,74.38118756674744,171.87918928739597,172.79916449057913,199.54827899585612,177.55825512010887,157.94561301820607,172.4714818242164,195.574616139892,181.4723640049187,182.23637868167128,209.503383623327,172.56722578540683,196.7664139956226,169.33502448918034,153.10271048506965,115.35924311002,109.38584116204729,157.97921483186556,120.44017638128648,164.7022071182513,139.7168483221417,163.3016297052579,196.66543633640205,181.226093707297,95.17430987483353,81.44762114927357,167.93631074341891,167.99026480646074,174.55935465810535,136.68569280245947,68.84114025996845,178.54714770896732,183.0065010750555,159.47146967667356,166.39994804384088,138.7938009920402,111.73421224306657,74.20283011679028,0.0,135.56267799745615,74.36241522341997,202.7358383199097,173.37220345307216,182.3420683734456,190.2283392969549,184.7674859482006,202.13875702401668,145.20312889390937,153.30882421764613,62.72656630583554,60.23102370148223,184.6670162178669,174.52996647135157
183.08214630687087,182.13057722224784,188.854470482865,216.7618896625449,200.90729882888144,184.977740827284,202.99116784106383,215.95516261498076,198.88355599307005,174.46934395650965,167.4877057888363,171.41256453005514,122.12114921873936,124.9013302213439,134.1048906245449,179.9858828353186,111.546240760521,173.21768038173116,122.57312784217312,135.67395327722235,164.1705900218691,107.86094977582538,149.49137917043944,140.2534313409081,194.85685231914067,181.0647558855437,146.76971622309995,135.5443185317293,89.08830658573332,165.85928311845993,220.20581049253167,212.05250532095693,218.6412630553611,149.46426822849477,138.41486203233436,151.25074699092687,78.56929691264243,203.37679825937136,211.95969740234,189.835724098016,174.2229896424298,209.21321165696952,167.45260043480675,174.22325206031985,162.28875821320025,168.40080822244357,144.62177031161897,162.562530576541,173.4343006219587,122.1770950704612,208.6033216743957,188.74212749365944,190.3116257379069,202.38990094716328,203.6803435106699,189.77519711628665,189.26789117227656,203.73597456302224,181.35995789874417,176.36826330546393,163.26533257454014,137.39742474575115,127.1818996622566,142.2542762076731,150.04984037529942,143.51240601096964,181.2352026533556,108.2448173221283,109.8922900432392,133.4990987093293,153.81365613346952,121.65937365643536,146.71810392335522,181.97231203807692,138.68314506008883,188.5519741691458,95.34237585841804,144.81774322689947,205.2396623820549,209.13244682622545,117.56872976710346,120.0650051573962,159.08137294447425,146.03763437950622,152.41052790848755,135.56267799745615,0.0,133.5016671113605,131.8515655332107,149.04795429630707,208.7717542013065,200.64745312692725,209.4805886416968,213.60022352979487,175.89651216115135,169.4402488875507,163.37722541741982,156.27993110494097,155.64386188835476,107.3887624506746
175.9222681780766,145.68130799224528,165.2167662534428,183.99321456932307,162.64758737099282,163.5684479543598,186.26411788436457,202.40943490292108,195.94138487221727,193.7781002733992,188.35026138531535,205.81546534498068,136.86644719259664,152.66032851697918,147.25199967822127,147.4560901624883,164.98046019412757,228.161092233022,186.00767920275587,191.8642515678581,190.81477875350544,107.0295428980732,118.63368918595162,195.21807295946672,183.28083453107973,191.50552299653867,65.27969300250622,69.76655752876594,158.49817232152344,122.7273184099741,226.0509887086348,214.53186059231484,210.9484755361994,209.7656326192854,102.2115589086183,202.04144785725032,124.50365464885728,194.06795123991708,210.29649139487657,186.58638521550373,211.6793042040655,206.99912731656343,168.72878656390088,144.66829850191348,147.77515805089365,73.74854384771334,81.18812556367257,99.2607231116686,163.0001282038238,184.23354551141892,210.32207836300648,180.6518545462376,162.36596802548132,174.64587911547812,192.78363708092863,182.4693064059412,182.1948805280976,213.718245241616,178.7681425654731,191.8059441643801,169.2418278066511,133.5056761682709,112.82064881119165,143.31957246686335,173.84466868109013,144.65743287961993,174.76068637387957,138.83415003186417,171.87228864272927,205.3880065978575,189.26223612652467,78.60946063598792,115.2436072574387,180.7708906204381,167.279467508803,172.90911013497808,142.10716219730756,93.996123169346,174.73284808487404,191.3168192617435,160.9100670881432,175.2533184474076,142.59589506829528,89.25622088195115,53.205414765258375,74.36241522341997,133.5016671113605,0.0,202.31857465758944,187.77730968131365,191.2360528037911,192.48602989116063,189.05957722458595,218.72678925428227,138.75981044840216,136.621338435312,76.18100860097255,92.30770097263247,190.96038274656507,184.2898007352042
221.5168031368337,203.92672632477215,205.6208584224552,236.20373948997224,214.38275769933088,176.88188494722817,193.33094320149948,186.60767182603075,172.16200724160262,187.30820669022376,182.0632151427797,190.92051809708852,175.3273560627722,153.55637672721326,166.35375030012716,201.1477007050165,123.83249795842691,88.21838533375404,127.3074844619934,99.26797172011156,166.5179586739663,167.92385964624492,197.54857290407244,124.36474548183894,216.4256808350224,201.7095820947634,223.6482252924621,209.0797631667609,122.79124087232266,205.28957490283216,247.55323952165597,258.2748177823255,253.4958893046766,95.40864325624,202.6449182819925,81.75781099542317,126.80735689747284,224.75317498908765,203.58859343518776,181.2071305768384,108.43850231531412,233.4432490051895,214.18392742251305,225.88377763549,226.2226814529573,234.00840846014236,211.4905421403001,217.51631606842213,156.368483217142,89.12189767214223,246.92448424554271,208.90067143969645,207.15049213595304,218.13830657023956,206.14137969592383,185.9588062201015,170.42615266451864,168.07197278492174,174.06085623774015,175.51872458710554,164.7092581309463,166.26672199663855,170.90116989432505,172.21467024730617,165.4151585343002,179.91783992353035,153.971820877757,132.3745640741719,117.5102356281708,92.27497063521196,150.83189828244468,177.0070540889502,198.87965410546656,147.02580628694997,120.51659340043727,209.87176031821025,153.43317779258683,200.64050230751096,232.1494754241637,240.8564244428088,109.49916548160994,91.40342449001884,216.5432089749212,211.45728307740967,223.22555130317983,202.7358383199097,131.8515655332107,202.31857465758944,0.0,125.71315984390768,225.9795126483291,218.139617336002,193.778417829766,233.62972315666195,202.9550765721617,221.73622913564333,229.36513443665285,215.84842818224016,160.9426970456684,96.22874868974442
197.9429568041639,203.30896917132148,199.8430374889909,214.0513742701164,199.2002871909677,182.22486628147223,184.25955850438845,181.39140927854515,155.74074166771982,173.81842629973477,176.62736128151974,186.7232610870794,168.60482571972693,183.8766308970489,183.58459577440385,202.22491942927533,151.1302401409086,130.6909523135388,163.10156647475452,164.94481384472567,197.6084984358821,177.01713396035,196.79832740152875,132.79252494866194,205.6955273052406,206.52709249915108,205.14981527346004,175.3972348895778,159.87460505257548,193.1003657515917,227.7462720365502,239.26331362679971,235.73682870121144,130.85967616045406,199.0230351242642,123.41141044160427,162.42796184508012,220.2190689841524,186.01019417145005,156.1902888549601,120.32300063280724,235.12896293127295,183.88249745946467,196.25582213593864,200.920318788396,193.2395413742737,194.21578852840972,196.00589797419855,178.51538880221253,112.0023412599716,222.06687115429827,195.12252329712555,190.44820042284888,195.7588629904572,192.4730872998288,172.91103981576816,147.81023788338243,155.44641088297283,171.05301580401584,175.22661865730953,173.34680785459727,168.18513716749692,173.01962182409326,166.97234560769448,179.68903346782596,188.55979880130047,151.240316916751,144.27709716224845,132.4231684190293,118.05874172635129,181.14092395666776,171.46350560099503,184.87213161265868,138.35409835652405,109.9086282217829,203.3593071489296,159.3392758135761,187.036351181443,219.8707171837623,227.4627318175096,125.91784307099698,107.13541227235125,170.66166708139951,197.2448241838191,199.01597314803809,173.37220345307216,149.04795429630707,187.77730968131365,125.71315984390768,0.0,213.2771345538186,210.88663587914465,185.21375268544784,216.739433483952,175.0891140173868,191.6807654313912,189.51459856639664,190.85430078324976,176.96187423228363,119.74878703749148
173.94584966041492,180.13523733377073,207.8048084077388,169.7275280414005,188.969907495762,205.9370772149088,199.5915063517944,219.8725351128987,217.0998559133356,191.56979611050477,228.4709761526468,216.69837182037477,201.05373818197864,201.64642163394157,190.4887676435949,142.5586319417764,213.49317376397929,229.12382189153988,217.721693367979,209.3610381637089,198.44747820780407,192.71820564774063,181.34972212894408,229.0360356953185,181.7247207410377,218.8042685796076,195.97891828970447,195.5064638801365,204.42675902966283,182.66742905465856,157.7821857981644,189.5397844518477,107.0721893121398,220.36938528059136,199.61067163339567,225.38461315343068,204.7778766697144,143.95631875212428,208.4442297148159,194.1390534424249,224.3088631116592,206.2939833837391,168.83204374971584,185.2700757036693,188.79049100191835,183.48012130088128,191.3867758367955,182.27989434079507,203.27340038017377,210.85660434666528,149.32176670839664,204.0471327118535,143.36152576405416,185.8241619781378,220.38732353095887,224.26029372778007,202.41733839075968,227.02350982310293,193.77777093651005,230.3600363254433,205.70791238245863,197.4643081822577,201.99343434518252,190.0628593669319,205.09087622782235,188.25036856504835,207.65483519425783,201.93745475572976,205.00666075854616,215.46687282510635,200.98010855197063,187.54831165833195,181.9892269561189,210.38222687821963,213.15427175327812,205.8179411917458,192.52751745279613,188.93595064519485,126.80347724870222,107.96374979626302,206.90188556323145,212.1516600404792,176.71325580614933,195.05285377810088,192.41434408767,182.3420683734456,208.7717542013065,191.2360528037911,225.9795126483291,213.2771345538186,0.0,187.14157844841907,193.71491047070532,194.4364731775544,172.367839583715,191.3924022510332,184.8666162855841,189.24746107740077,227.68162467086336,211.85671190858855
175.7788959341197,186.23191065629973,182.0395091541231,182.59604357742975,192.5260769866241,194.5579923747017,189.3943036669618,209.59045664006996,217.74758007853708,159.53028825074384,189.91165243018705,179.94237053939412,177.8823692125277,186.8025903447702,187.3733408055483,169.23130326478514,190.5974172720073,229.56761905179985,209.5294044265549,212.206070453886,214.54578565296805,181.66101941885813,174.34107237580437,203.8532410271647,171.9141797368046,181.57674191970364,207.00401914124723,194.97926930599564,206.14707854096557,179.43118517667608,203.7243435302858,172.57667989203748,194.18192800130976,220.3020559406835,184.36891383755813,229.18416911866296,197.24375983393995,133.28284490826422,173.2139899639552,158.08580316447376,217.34640394003532,136.63318735365897,173.25529268971226,191.6008089934794,193.05661047441936,194.1038231104634,192.79530297214305,188.61273687471868,201.92878120945736,205.1141354700054,180.1710603117006,186.34665813255177,174.01864221019832,199.57805809557055,201.88951283811025,178.25639808504144,205.98928595205052,225.4635317849886,165.13039671446938,201.5442210870829,195.71600962210871,195.93147790911377,210.3084415270709,181.84261528158532,200.8469147329263,180.5445338516677,174.76548491562542,200.591635217766,210.21277512508212,215.9336751390327,211.9507314884114,188.05788339903276,177.83311400383727,171.50748491843208,203.1589888777301,175.2647626521569,201.0801997310562,186.94494252553045,208.267045571871,154.32879683967883,213.62839678892345,210.439435065987,184.70552723922123,195.56937370821043,204.3621046628956,190.2283392969549,200.64745312692725,192.48602989116063,218.139617336002,210.88663587914465,187.14157844841907,0.0,140.34395618355884,143.01164582873724,183.32205754314708,188.96925317606588,191.36553796385653,187.1058973863784,184.27984579951584,207.34383328599972
188.22862677672555,163.48632187037805,162.264055787381,181.5130409143408,158.56127793135033,156.97667399573396,164.69601333639184,163.8505799955967,170.1085058740992,166.38574478149422,190.09649857301264,188.7618285925364,201.15600891409372,197.9865432495543,202.4680805037986,164.848248412742,200.04131990462608,222.51014957649917,218.2961745684687,208.5148633824831,225.33000936128315,194.0686967644524,181.1570487854371,183.0167504449344,190.78266948085863,197.19088854073783,208.20831515093613,197.62054709717188,218.1613528309804,167.68072200061914,253.38809273203796,228.897770189717,222.6277603916031,213.62003528299556,199.50428146302824,195.61468441178965,195.47181215256768,187.38964480497052,182.6650722101521,135.3398202646988,180.694125333295,203.3666817476956,204.15235584077,209.05020964891312,218.6660284236981,178.92895101538306,192.87192090953107,179.7273849414922,171.80860922106672,190.855144189734,214.7981849362025,174.80227258841688,164.47243818998837,164.07857990834378,166.698108481924,149.91088832226336,165.43659791381123,186.01378615219016,140.9525564241374,180.21507280556935,168.50757277818946,189.36278006676395,204.25181043582552,192.12416493681724,216.0561833695574,197.35391721931455,115.96570702080606,197.55410338707009,213.06852736911745,220.3950286086741,221.67830268591223,183.910145038561,179.4212619801028,112.58248438616953,164.24179435559785,185.2244900823937,219.7609020985096,180.9066547698809,227.979432730454,200.38752139859852,184.76576208029803,190.4781984068381,209.9325902314128,196.8142364130493,197.57412476478,184.7674859482006,209.4805886416968,189.05957722458595,193.778417829766,185.21375268544784,193.71491047070532,140.34395618355884,0.0,208.0519198809677,171.80566601054744,202.90232570359225,178.5712071156036,180.44756036589305,188.12069579910832,204.55219523341543
200.75439246607664,217.05205580553096,212.15336236083465,208.3731456963361,218.6389838819975,238.76337303827464,220.74949137944492,239.65158860103344,245.63740512674585,167.7318535372105,174.87685758088398,162.86667600666385,201.1510286508946,218.91709318897068,215.3685662169929,205.060405242624,205.66772405369187,248.95753609117293,222.85873861225875,235.82007360545964,223.64963539488477,190.4149145018079,198.6155773778734,194.31604431969416,170.77102897735122,154.7122457813416,218.3262042008024,204.4708775655755,220.939419337969,200.3285888481001,152.10434187148894,174.56880455165646,190.63822359082795,227.7315631831529,183.12364952997,234.5364037709477,212.33382944257815,170.72525719991646,191.84707286192048,194.8778455136429,220.93483222271072,115.999743251298,128.7554831148546,164.6486416479554,173.93634570821212,203.96951784003485,207.80487149565252,205.713845438269,249.41317009707825,214.92805330272745,191.5228170804787,210.88692681075307,206.4161670034739,218.6859982104632,229.3889849914773,208.65841781018315,235.6688355377788,238.5516879495204,169.15664993112864,169.9518713749472,194.1831093793452,212.32021605037792,216.9128392892069,202.6871930588333,213.77729925118825,203.13167293419133,219.27274230164883,220.32910400642544,226.40703905914023,232.9027517752944,225.1944259584237,203.6684670311684,198.4245124688573,211.01146612562053,204.34740627923023,160.61082388405035,219.0158940268604,207.60055503224132,174.7434232205886,175.91229468640253,233.523838563036,221.855736745353,154.73373011113938,207.32232283757045,218.25323901773567,202.13875702401668,213.60022352979487,218.72678925428227,233.62972315666195,216.739433483952,194.4364731775544,143.01164582873724,208.0519198809677,0.0,154.8053506896361,177.2556724178086,203.7463254706478,200.099695834936,210.25493800090277,215.96683555098565
200.994619227507,174.05721912440407,194.8641055152316,195.6336699505168,185.4068171598341,193.31927380876937,196.707263971595,215.2413754171993,215.15832887080435,180.04259552736593,170.24464324652658,173.54507515839134,177.0227350739084,189.23877166141344,182.1151785401089,173.68905314684616,176.68753626106937,235.99773116260377,210.1058815301385,206.91054565958385,207.31382740802871,125.63549578404675,163.3557843903118,176.27183708410587,175.9257763002987,156.32009199581478,163.2721550760838,161.31246152783837,194.3826733459308,147.9913194711193,209.98039217238895,218.74149653942544,205.7500076243832,216.3799014735664,131.4035215309674,203.36274063582908,161.0104906613305,189.4466556516201,205.44470651761617,181.9921278769936,199.99350124114304,191.49846979392868,116.59378777415849,136.95138687055726,146.43898468598,142.10826445806492,160.67712841397582,152.78585375448824,202.80600153659023,187.9072450402492,219.94479677901103,206.160564800373,177.80031909458245,190.82894481600604,212.53478042428372,200.31266180088983,197.74082833681868,221.0466817412901,151.69936847376604,157.3338651668057,144.03045955065755,157.862799902892,161.79913755958395,170.02840463583317,189.89226326240856,167.95922660881757,180.85392508065615,173.7906670597277,194.6495298509132,217.4238193404276,197.2740228290172,120.47167444601595,148.19077046862827,172.1143276499157,156.31750458508878,150.89507060149998,185.36058818689395,149.54631385548487,167.01816870514557,186.6631441412499,176.88074440101053,190.93731774618627,110.81762727798656,141.4580114939928,146.4509726841923,145.20312889390937,175.89651216115135,138.75981044840216,202.9550765721617,175.0891140173868,172.367839583715,183.32205754314708,171.80566601054744,154.8053506896361,0.0,133.486898575523,139.11134713708037,141.15821135280234,214.47654369164607,188.3898825187657
166.1714675525246,165.85978825002053,181.51253350920928,174.93774985523015,173.68731036457166,192.03182282702528,186.6428192892576,216.1480746025578,216.36131212979532,163.17744644223168,150.21620171863103,160.77063180410477,147.73031865505726,217.03594253056656,213.84457933337444,165.14929517632822,177.51279319716755,242.0484348533987,207.7291455827247,223.35797912896572,236.01166626906908,118.4716614485663,186.4530507810269,179.55171383016216,146.5771104742206,132.2544127376861,131.82942831485758,147.28805786400474,205.1061350255852,193.5898042716509,189.21871289438909,191.6108542243468,179.6113984017653,229.3036028031216,91.57653999814744,216.39904379767728,182.02870586639597,157.6679262710848,178.60349548495276,188.80093388664488,205.03332150960028,157.9934027422408,110.99591841680017,46.13231053680617,99.0943372045612,144.03539929185985,168.59233766931902,177.95108728823288,201.4912822860555,191.5988955500747,184.556524780896,186.97787987684416,169.52936148636206,175.6409570064837,207.83442680854736,197.62647968931975,199.06697660083893,224.57139214078884,165.28758351874862,148.83591568802964,151.47065797610458,146.16986832226416,185.7737666235758,207.8797945335015,227.52931919377903,208.6499443020712,203.80766408461244,198.43867030651128,219.674091982026,234.0785742906545,234.0011578179279,114.6113700842902,184.73800829717905,201.18265588228348,165.37926514624962,123.6116560976286,187.96309022693777,179.96758142604716,161.2616360992152,170.22074285745825,202.84816810743752,208.23587362201775,120.22564736238286,88.2913011393961,133.16870032828874,153.30882421764613,169.4402488875507,136.621338435312,221.73622913564333,191.6807654313912,191.3924022510332,188.96925317606588,202.90232570359225,177.2556724178086,133.486898575523,0.0,144.41792881317588,165.50655427045098,200.3615449423827,187.6127269410836
166.07078894349922,136.82329983847416,158.9788542707822,164.46086548129307,148.85686556180153,159.89110147660557,168.0297818254635,186.33788703907203,183.6262813806584,187.29503887040795,189.79486492748407,203.78251768227187,163.7791281728476,168.49010539501796,162.59244759668874,143.79208105238092,193.9851559656628,244.24618562339367,211.13863305795192,221.90155344144148,210.73974041378392,136.59829605496012,99.78503964296932,205.0554023210672,184.74646447180965,191.6220638453613,87.78438818674195,81.73634427289895,190.03440856217657,97.64431965382616,205.5422912140708,201.67777074157328,200.25147461306904,231.92242363949867,126.28930646144232,211.1148147076548,156.2846303741878,190.3307914624814,197.9584074025072,178.75390199740292,215.7423985891248,206.06915662715247,155.22240714050508,143.15686923892753,138.70923648257377,28.5978450128508,83.16373650884196,68.87783470309833,175.3536833303511,198.74877679348083,194.79769181171983,171.75499695734118,148.3818988933391,153.73675400912967,180.08181973364066,169.01898399740702,167.97516357108535,201.6857155223024,181.63728242172817,199.92198901132343,182.0914386316719,167.79233711017315,141.41328571995496,146.72788473963868,190.39375939128973,148.86415435437928,167.76913131988732,168.27302495366007,197.89268157918676,227.83329790771828,210.4749131039841,115.83569543284102,97.19337344654348,177.9735859479021,186.25050191606888,178.1708389371704,173.75498699812954,75.280036228317,174.00026343091892,183.99835120868715,191.57940016608373,198.2836646379129,129.02129779497795,113.63023781426112,68.07666972366034,62.72656630583554,163.37722541741982,76.18100860097255,229.36513443665285,189.51459856639664,184.8666162855841,191.36553796385653,178.5712071156036,203.7463254706478,139.11134713708037,144.41792881317588,0.0,54.45756077678452,194.7267371779368,198.59396311350417
181.17891916118543,150.04345704716462,167.58760736988592,181.07451828251249,162.80670179965253,162.33207833699788,175.82085062423033,194.2248276815984,188.3637334357832,182.8035027629739,185.90710533848,200.178771826669,174.70201141206184,153.02333374163558,140.5336466561352,150.47402418338433,195.4026251328395,234.8434601052011,205.5413997007602,210.63058292245248,195.28267624868064,142.2251052043155,68.6104134423386,202.58234517629344,181.6612493627159,186.0928473231624,118.93358307455122,103.06184492262392,181.148616932113,68.79298658257424,217.50718025760136,208.88580435192625,208.16472163380635,224.26752251592507,141.73969159440583,197.70479271914013,148.9926802358666,198.9174198933727,208.44698415200983,179.87820118886248,213.84326020553124,204.0922237036011,165.55783023017233,165.14549604619097,161.6887169253693,67.17335309387869,86.34530728869613,49.738862313093136,167.08186945031588,192.433878883255,202.69288787158945,180.9353073602816,158.5695647301486,171.18730861843852,187.3440173491913,176.17872937699735,171.55938853791565,205.38567985128105,170.91016596165952,201.6962979330948,173.86552255423106,171.7156910247493,128.38712273978751,119.89196346658572,169.23940100376274,119.61566699960002,157.78556225180563,158.90410507508597,184.7988089743039,212.2960596970512,190.07419953708887,118.9077213928698,58.53168738931368,168.9743689632313,184.77731886207232,171.50424718043666,163.2958737037414,51.22876790854248,180.8150658506312,190.9552601019435,180.56602903459068,190.73112584498477,140.68420834483788,134.67058498648214,94.15193910452348,60.23102370148223,156.27993110494097,92.30770097263247,215.84842818224016,190.85430078324976,189.24746107740077,187.1058973863784,180.44756036589305,200.099695834936,141.15821135280234,165.50655427045098,54.45756077678452,0.0,185.7678966068989,191.51366761190943
188.7401353006025,161.526436769886,163.2362436145813,189.41292967656813,175.70864146084858,143.38429940105152,136.9245035420072,158.9793087020234,142.85078812527578,160.29600636523116,164.4834351263678,169.4195780106053,165.05799247573208,187.62536065703904,195.3171794678367,169.8538132419734,183.80502368911996,182.46947513154947,187.8467952548346,195.25314045960667,226.6128267315858,176.83170397941376,183.9837435871382,168.3223196291241,202.84032763840247,182.23445322701428,195.7326490524808,190.44186107305,169.78729850725807,188.4462025561257,215.85863499350887,216.90040063711015,217.37742764650088,196.8209478233604,188.41296859900012,150.7055918065508,170.4136513896955,192.15526589286625,158.90750185721544,145.8402269116257,161.68833990032402,185.0636668836657,182.47076672964363,199.78837072521063,177.87068545750083,198.9319418671719,185.7775782057656,184.8561528929514,142.62865343184515,133.01862493431943,199.2292964876977,154.24025658851093,158.5497428473778,177.726280397938,159.3578452999905,121.3648082507531,142.2967305867376,155.76405413385115,174.2000137802632,189.0247935227423,190.26080558619827,187.7578288842144,193.18321424204908,192.1557527270729,209.12631127667464,194.79773501954992,133.21290951850816,190.4331024808838,194.9257904843322,188.18375815802744,217.78529671167468,184.34036570535085,185.2889280649868,147.7503739841041,180.1522366194064,202.54210533539057,187.6598462971257,188.07966996022455,218.7088446532289,215.2964915376786,199.28337465442527,190.25052558312044,193.74744186878945,189.3006072070816,193.11206372546135,184.6670162178669,155.64386188835476,190.96038274656507,160.9426970456684,176.96187423228363,227.68162467086336,184.27984579951584,188.12069579910832,210.25493800090277,214.47654369164607,200.3615449423827,194.7267371779368,185.7678966068989,0.0,131.62320588150158
196.33495835613508,194.55780207927344,194.306761411608,220.12472003087944,209.3931052831002,175.09779244179015,180.8580901364072,192.92924701330867,170.4837802951329,158.40518035462836,158.2968415215164,169.8630667347686,154.91802938769774,167.4118108376818,176.3265712546443,188.25254425311817,112.31299235290275,127.76905511227504,130.66152768146992,147.80379855078252,192.85589901765564,147.4541158432501,183.1727662121729,117.85301270386252,198.46057453599627,183.5911364746779,195.5611512068932,182.9867147259773,126.78079465515157,193.21509182959176,211.4372037099712,229.63295736568392,228.78518195963176,120.98955510275631,179.68957668921084,99.37890191217376,126.15402331422428,204.4225982616101,181.4484257051835,161.80918994775976,109.32625146887396,211.68564209801352,168.8495816630652,187.50568963829105,180.43178299722132,202.25964176267829,184.9932447180447,195.2761728837483,157.58736271837307,57.23979000165813,215.52856745649663,190.0393572145065,184.60961211545293,208.38696371846575,200.18153968564417,170.69431242215916,162.59681462533734,175.20480062486195,172.48353612305678,177.47599011708562,168.81728746120103,166.3602526891737,180.16745552520845,175.29244473294625,183.0366025106573,182.0827983352528,167.09818432362397,145.08293104847402,137.92811601595685,123.00928723751863,178.3961108689262,162.31076456050286,183.5772332644333,161.5320175898836,125.76059035509198,191.97982611118837,146.07658439235013,184.0603893537887,205.73697288333176,218.5789653509288,146.54643957217223,108.90200686160988,173.95823278896322,187.4351266418326,199.89609371731768,174.52996647135157,107.3887624506746,184.2898007352042,96.22874868974442,119.74878703749148,211.85671190858855,207.34383328599972,204.55219523341543,215.96683555098565,188.3898825187657,187.6127269410836,198.59396311350417,191.51366761190943,131.62320588150158,0.0
