0,1,2,3,4,5,6,7,8,9,10,11,12,13,14,15,16,17,18,19,20,21,22,23,24,25,26,27,28,29,30,31,32,33,34,35,36,37,38,39,40,41,42,43,44,45,46,47,48,49,50,51,52,53,54,55,56,57,58,59,60,61,62,63,64,65,66,67,68,69,70,71,72,73,74,75,76,77,78,79,80,81,82,83,84,85,86,87,88,89,90,91,92,93,94,95,96,97,98,99
0.0,188.3636011639851,206.08676455844784,181.95246501621853,185.24353877772077,183.13743148067147,203.3517712216144,197.85917749173956,200.6169573565696,214.7045713312212,227.08087857270317,241.17124018230592,214.55459113243188,202.42377900259328,214.21690414885995,186.9703677990616,223.5707508846648,220.39809840709648,200.4511273479077,217.20025955240968,222.50424604894005,217.3278942298913,225.6770945620936,249.07007009018005,216.37461003162883,247.08010942093216,246.04663097528052,208.4810263663916,201.5902912302073,204.99514761513572,195.76761637254708,187.9836963154732,204.0428584655191,233.7278430476276,208.1250953763813,230.8260745255424,201.5219246952927,183.13338489922623,217.2219644585533,243.0193024063309,234.46507070066272,186.95647981810544,233.90232194640615,169.69385312437237,210.2989046875865,196.11419883752183,219.19917137041037,206.00531328600425,138.8600066106565,193.9205698153236,113.05173127101614,189.33289442004653,186.85741929266496,206.82951342303895,201.699509601668,187.7605287252492,184.8374929862508,209.391041044186,202.71983803756672,206.47944390208303,237.7492348961577,198.7444073696738,211.83373547203345,210.14279521845364,210.3216660343124,216.27688850003517,216.3506485949226,201.26761292017883,244.9610813935944,212.93556177626883,210.6302306444928,229.788015075436,219.37503621870923,239.79836169224265,213.9342151361625,235.41352423067528,205.1792151010983,235.37773750587377,215.9243324982416,193.64347433335416,263.200551943254,252.03272666841724,228.61202959074737,203.87601461010468,261.00555140718825,230.7442402197367,227.98796986547637,238.0277537758061,244.3647678150593,270.4352734490321,177.83550821093212,194.40150169443095,242.24090613702776,203.62797353769827,261.019906697272,182.82400606952265,227.5906405672628,246.4000671849126,153.45031945248022,204.83378745422533
188.3636011639851,0.0,125.95876141429196,139.49390533817098,108.52445483020388,172.03026657638128,206.4221549264197,174.16337701716216,190.30781852302167,220.42747454484996,207.2941042763053,216.11679338374225,224.45621754679783,224.12139609877613,220.9004409759828,175.112775300766,207.5274804986517,201.01929137579864,234.34189457180523,226.38355368693163,225.0638508490273,209.94137285374887,214.05057939265976,248.48023381640317,246.78806183017383,234.5947845705339,262.0474742432158,242.41952106533927,222.3432853584734,241.91916884008995,184.0764164688441,216.6189886873784,228.3010522011939,207.906620644327,221.45806686422435,215.0897482314015,197.85855472829888,211.0281987808816,225.77419079662712,237.16762486164896,228.4150161506726,209.957483226991,232.20220722200443,196.59216382008415,243.6151646417341,224.46962352331315,224.802679458544,219.3299434639607,200.04106425570592,196.60404076759272,193.1133853939164,124.50592010725016,183.8463440346621,149.18054520943429,147.3702795493653,192.359483939332,163.4578644572971,187.31414696668804,225.99660648819693,204.72148484349648,222.1997903453494,219.06596329079943,211.5783715833071,220.22875576935968,206.74584914642236,210.59694882678804,197.94783039070225,216.7717600943425,220.3861984046614,191.9504051154302,213.13439586978308,225.5788343543676,210.4214733445039,231.1727800703752,214.9823317037148,245.9855056396394,220.31285355476857,215.66366512041003,209.76950283755784,221.58667834259705,261.5216756035097,232.1343542937752,218.84908441586543,233.8310000032948,266.5689122677728,226.5257544296572,201.0699791165981,259.9264473185964,222.0797111015536,244.85182283004005,218.88649532881016,216.65414343419252,248.8790311426352,207.53484960820475,264.55182528432505,199.75417622090131,219.4238015808939,248.23116583912665,185.1741133463483,198.97194697391376
206.08676455844784,125.95876141429196,0.0,178.09165098124123,135.57517986960755,132.04223970222515,215.38246928041136,157.37640357830753,150.11041614126188,235.97315629060864,212.68264971704505,217.3301320747946,223.11306415145904,223.46504358086537,218.09732356234,167.5947521044716,191.1086131022193,160.42843876826697,230.46024183023317,215.64176287169545,218.8708491360248,199.8057688274793,177.88607950528518,226.5202031251768,230.54710561007997,222.08790164206505,252.5836575501549,245.29593119012387,210.04973497320336,236.09177903828933,216.78270200633995,237.01138698846364,228.80507440903224,199.78167882956785,231.28995922255268,212.44167705704652,209.77232346394723,242.4766697305972,258.7525763154076,242.66553286569064,250.72503625604648,224.22638337175252,232.60267719496227,238.59978319695267,248.460621779831,251.03743108164525,234.9815015267256,229.54145565933183,218.4772267368364,229.86772657085703,203.43398101984604,121.85079212353418,192.90708060755247,175.87500180584107,122.35915947531088,162.07038419840802,154.95431474930996,145.32623102272424,233.0526821531288,202.85936255091852,210.97635158004076,221.10391756888703,200.89139063403712,220.8272201058549,190.0873044608794,206.5977981080236,225.7503681557647,209.69140077050517,213.5058887528032,164.0092485620537,198.3502883545545,202.37249141740287,162.75495340136024,223.0625591700311,198.8396201772333,225.39221748918945,185.1876813944566,194.8975836205397,220.91208867415804,223.2290826920357,240.46853178624863,241.37574972016867,230.26568318598032,233.6777210380177,239.02303832433336,220.21635472089588,206.5273854533456,245.6143520623075,208.38168142103376,250.688650128728,244.98312526605912,245.50072736259364,262.0926530737163,236.7776389329466,250.21126379156908,228.62647912504772,237.60244213402703,249.47759621412803,190.57113638660584,242.1821314370436
181.95246501621853,139.49390533817098,178.09165098124123,0.0,133.84404766256606,205.07780344567573,219.82268528770115,162.02359283461925,206.1445566698069,230.12678248948032,231.1391612518624,241.40932021914503,232.53388408871365,238.17135252346552,238.96390378955536,141.89051436725308,223.0302908335986,205.61797127911765,244.11175458367768,219.72600750206297,235.8571243543948,225.31723945608252,207.5526964212777,250.4189371439185,251.04669280527665,244.06804832083083,231.4419452103249,234.7770349667408,228.67682706691707,204.6700866170753,198.7484466546049,226.56658947474315,206.4543785996914,224.271058845028,230.8513805788984,222.1948320511345,213.30296542273769,201.4194489241897,218.84632776871644,236.0668155531205,233.387723484064,212.89651786444733,237.0659961589003,185.94862464771404,237.33409189171945,209.73683631331,230.28783021115092,220.82961873523573,193.0309834974107,200.47060315000357,188.7339825267248,124.27628204179766,141.69769905277377,128.59443573079722,167.75771144108757,216.9904247562536,134.5224242242033,194.74233185815064,241.95563888732056,222.9823679884672,236.4955933208865,233.4654170308108,229.80034137630844,240.09252222858416,218.1396303245316,233.52782677363373,189.26368386648863,224.8223153500484,223.5821935768033,164.6004609734945,204.2006986353784,222.83922870664128,202.5471361484597,236.8941864504938,234.57303664237557,245.33093465717465,231.2877757770032,233.052073822181,222.5703593951535,213.04200315892183,254.7895551869637,230.00121151316324,221.7261319244739,205.91852296218536,230.19296959722163,212.66397940088345,224.8774017250976,245.73003357784384,202.42402889284904,239.5520844362619,224.32176366585688,217.9030603356072,239.23450633356447,210.39628240305265,265.2194860128368,194.22001156075504,205.50394831313736,223.60351106171743,174.10088350672714,190.5958847470068
185.24353877772077,108.52445483020388,135.57517986960755,133.84404766256606,0.0,169.94774148318254,217.77901778043503,182.98849413573964,180.5464364233356,221.3299546662052,215.2127695364614,216.94754466311144,221.68375670937607,221.611277661434,216.0004493362333,166.75965376822356,188.9339886691526,191.06183003194408,226.5122403175461,206.7007384119991,215.3982980673997,204.6785376140621,214.54331262529743,224.8150071901753,226.05105833572745,215.45323098228388,263.1659068564793,231.9021445378778,207.93562384422,226.95833721266783,197.49203546241975,232.45219305743572,222.62662680714124,213.35286323735983,233.11760501436748,216.29897766686696,185.17516371798104,238.0373598642622,257.1455437306622,256.23565492919784,251.44061247263056,230.0122365327947,246.69121677156056,198.02601684489008,259.41404212454603,242.85348911734232,238.69772946809783,220.4527607726002,189.35403650600352,213.08617452563885,188.02537513651063,134.62961839793783,191.8045454007191,108.61710402342692,131.8137497992684,199.4217109725473,178.17328528487076,185.80591674454064,224.63661942619007,202.83603819461263,222.4761429600109,217.74435611475064,206.3080922953195,219.95102639287717,198.9046148511117,207.6775385959511,219.4161748079727,201.77268652867164,220.0028651016432,180.0795130260619,199.81544306500808,226.7312890575734,200.02462459893465,249.30432462613976,204.5522895676823,222.49920482538076,206.37575263463555,219.3472073860356,214.98250369315505,218.36697403557616,248.9518885608723,243.19358910631095,233.52910910555784,226.70279521719445,245.6597485714164,219.9216829186376,198.515948132949,251.6708865129281,214.10660560580524,265.83891272670394,237.49871160735557,230.90678051909907,269.4013575914347,217.0543949312944,275.4511201869234,202.53350414045676,238.000750198522,252.00836828926248,170.17329630159009,208.12365411000212
183.13743148067147,172.03026657638128,132.04223970222515,205.07780344567573,169.94774148318254,0.0,223.49631289438204,190.0600663188441,126.09202729810109,209.31296693819905,204.4705207485136,198.37930104452343,194.26009252680865,190.65188019805487,193.42956865305624,216.98772207584736,174.469181071602,191.65924106495103,206.28000455025787,222.33897428172924,204.5962780176306,182.68168128341463,189.70720940719008,214.70989819152467,206.89879519759967,198.7065636708742,252.17263890251536,206.70129662802805,181.32400614030527,210.05420361146804,228.37556613285983,233.9010802805423,262.2460791589977,217.5256721674047,230.5428411538798,216.06696752230016,207.2266430835417,248.49009673322388,259.4681734467558,259.6491569777764,258.3553771036068,215.3852402714908,237.7018743795525,225.783682845156,245.0186096131953,255.0433253785121,238.36373265832583,234.835777164345,177.99643260053244,244.2893109828338,174.07310989349315,172.88766269732366,231.2168770124903,202.16288078002984,117.75657510091337,95.52761439869612,189.8505957465223,178.0966426536057,201.7989920746536,183.2233387415669,201.92877914316404,187.6579099978069,162.59217258866545,203.43431391264176,200.2965467750956,198.55933548697013,243.23241153127088,175.89698809617812,214.27813023092807,190.6646662990016,202.4196008097103,199.26920395073955,178.97148078773836,240.12066897024567,188.54633775545705,192.3189073028355,163.74788433867752,184.9092296044472,229.33322328505147,227.63679700814004,223.17553998390883,247.5742277819476,233.82872572979304,236.3632335404388,230.9167977997245,230.651744202128,201.14852703650416,212.33002054159917,220.8451922007285,258.09282932522774,245.35662703297152,231.37861442873285,252.56068250245715,222.65329395602885,234.09911239045303,214.92091378873985,244.66258418355747,249.81968091757815,158.56937300808062,250.54643093366784
203.3517712216144,206.4221549264197,215.38246928041136,219.82268528770115,217.77901778043503,223.49631289438204,0.0,195.44121825235703,206.52444814398257,176.25365257357362,177.21906971512394,171.1160383857674,155.60579114383856,135.59241935889736,145.7607952299796,196.7960388838881,197.86014027836515,243.772067198588,174.79444614522637,212.5340224067598,145.9938607281105,212.3795117476353,220.1178961540594,180.458577452057,181.32133258631853,195.4028515970117,252.03276616709925,203.00241583425787,187.3222151573242,191.34143415792477,199.3414516989572,179.41398033918148,234.2152721930833,258.95859068234006,240.41695549734945,242.1794799512432,210.9703098272982,187.741502930815,208.25488752598903,181.0350145073499,239.69083802742284,210.3531326085203,241.1370674500405,186.62980228746383,235.01405077617687,216.9898866688019,260.10450000436947,241.2883404796796,211.6595713030402,205.6313874444644,202.30005473776305,224.63565636681784,190.725658376156,226.63654656778888,220.5160741006524,196.2235009330594,213.2169772586766,184.02820147552492,157.5307088006595,165.14223340389324,161.16832771910737,161.15102620823023,182.5555651516491,136.67372712448088,152.8002976379458,140.03667154971146,153.18436582692837,202.30037402920536,241.78428679770093,238.5844158758322,157.2000781646197,219.75319832310777,215.203681335874,175.42264577707334,148.4920328894144,192.39824938165975,187.2187638522214,178.03157940875474,198.64704273347277,173.28121432676346,231.8149436510315,246.23817413346995,232.88899529369596,241.5654537057202,253.079820115967,262.88655576097324,226.5526406078459,236.55472417891,241.4936277723828,227.99196266133703,188.2518924509269,169.48711816882115,190.57541850146967,204.46498235384468,228.5407044745292,184.80389008547328,208.7182384814265,243.1024796895661,208.83960490909405,200.2612577078065
197.85917749173956,174.16337701716216,157.37640357830753,162.02359283461925,182.98849413573964,190.0600663188441,195.44121825235703,0.0,137.20662554410708,240.6860580333692,228.28114405770768,223.1258178183876,195.6649451424355,200.0204572922898,221.8147169383874,133.2903626119387,200.48970279647693,159.9849207512403,243.43464908604528,217.8507918672512,215.94819005959317,218.78613326556825,211.85978564869535,230.44220119938427,235.12594805167004,223.9092663940833,227.0675495421278,247.15445376666872,214.37614448456884,205.60820057111283,229.8530854939464,242.96788898288585,223.3949533753841,219.74751970738836,232.7836565145409,222.0344569886772,237.58797126037152,232.28069544075447,243.1357926579385,218.59508465031809,253.74894052025755,232.84690100332688,232.43731934040304,238.75608623800417,249.5008894335586,236.4943751686679,243.2370810590964,249.04652875909085,235.51513869457892,242.5580323506489,202.0950109259967,146.1509604587324,149.390429539903,195.22208245808665,153.8076562169599,182.99023575284352,73.66991822474877,103.9471981497824,230.07846949651812,208.82411324905945,211.07561647569213,194.8192486948278,179.28029644424802,212.9104714729498,208.6935343434241,213.54043742729272,208.3866898861528,231.67383499965177,232.01128303000525,130.73371672460513,188.7711452629997,179.55335516767212,171.37783251420288,212.3012514048252,218.8924582565396,219.99106708332144,202.3406675369224,197.5442739222618,246.55294393237503,238.20117514290536,234.44713375095452,247.24001093262356,244.45972704294024,206.51656259684907,231.15664648148825,221.8312704088358,240.4561616438804,253.0905421597428,219.29881298031788,250.18226296654188,235.9410924714266,237.17294685697252,244.0613540511409,252.9341249942517,230.03069493102717,234.60970283559124,239.47510028859503,248.0192958680105,207.93022984093483,238.94019880243297
200.6169573565696,190.30781852302167,150.11041614126188,206.1445566698069,180.5464364233356,126.09202729810109,206.52444814398257,137.20662554410708,0.0,207.4463582608016,201.9296025046331,184.38345089376776,182.2094660820088,175.01104967213257,177.79148431200298,194.72551403271297,167.83588712011846,186.73693537191272,207.4253713176801,202.70720815858465,184.4385478663151,196.810830207362,201.0094352678952,192.21149441998503,209.7877391392884,193.87051054024136,244.24822123062688,223.20991960889504,169.4570101928722,200.71376594421343,256.3401229549463,239.34574121885615,254.08801119569904,229.7404500149156,258.3915555709176,205.4830535252856,212.79468182798175,265.60583618584565,263.04335521452134,242.98460127896288,275.7373152582712,239.18245263414963,255.03978327005447,248.77967743867052,264.5725504195304,268.0542367522703,265.5380959920552,258.0592590810228,218.87006103397337,258.91630528448906,199.5870357281161,180.00201931825728,217.82139132098337,211.75034591814023,116.04502249865794,128.7769762752154,164.23106328838395,121.95000385821898,198.5181593689354,192.499160293154,189.99076281588367,176.0672827781237,137.20464022079142,192.4258391842358,191.7781947344262,181.59745356726097,235.8998332948933,191.64000670039155,219.2620950856915,185.26426773056005,182.74012571846345,182.7317893536604,169.27704152677111,225.28241908097505,183.21622184825696,171.08606154077938,157.77871459715828,165.94382775429457,245.2089583136839,238.5462960240124,221.53710181727067,260.48081685908187,254.1153968609368,242.82485160534011,204.92680231676087,239.6063375240292,206.7528727255336,224.76714075444096,208.1089273513804,263.21730951366214,264.3441469501764,247.3399659806762,250.8061667468599,256.9344458072338,233.1589847700899,244.29384801463596,256.08509388277685,250.9627450983512,189.44829790107872,259.28433150153
214.7045713312212,220.42747454484996,235.97315629060864,230.12678248948032,221.3299546662052,209.31296693819905,176.25365257357362,240.6860580333692,207.4463582608016,0.0,123.7409679876592,135.4612091900836,156.70422166454364,152.29858800707842,127.66227961829168,230.4366985099265,194.68941540214664,250.4293653302958,152.02910009602,207.69119217009808,134.0965225744999,220.7943194630532,205.2761040356142,151.831703156917,152.71377557094073,173.48832807429795,227.90754587969172,161.20952988966934,159.35031451584672,181.43834702562268,219.4782094527012,188.19395448843352,233.1003274468248,245.9866744466147,236.5679743765718,214.9470849544657,185.90365512388053,206.87185914349615,213.35182989231023,196.95435165577092,231.69936532954293,200.6419530052264,231.1282785133793,202.2837757919032,244.18086025717284,227.70775523981663,249.94418939134488,221.4543736690349,201.90983566576503,205.1714679314161,202.95592538988168,247.4711415372358,237.40203491573212,225.92939470552557,225.9964884504353,202.1816181217289,248.13068355236837,219.2903628986884,93.55203983121272,136.36798775347214,163.01059318849985,142.1840728597448,180.55958979991848,144.27119168861944,158.61113061067218,133.24090435120712,217.86873404931683,167.1823500285409,219.66036305226976,251.64605082816416,169.3655598681412,222.88149027415503,205.27337841104625,202.4350688884245,131.87170801062794,153.91864610384164,164.35922382123317,184.08996795799663,205.7362315922924,205.63416373228077,214.6915075782407,231.35539239897477,215.13597989450727,258.8438381209212,229.3056245056204,252.29151626081716,175.55666091676878,188.39371817534783,222.13843521733088,239.04655548670397,216.2610909020084,174.66157293690142,199.92782911358364,188.9024252314172,242.58601756806925,211.8523217405817,233.9128258930753,227.86052600241464,194.4707468450916,212.9783466859268
227.08087857270317,207.2941042763053,212.68264971704505,231.1391612518624,215.2127695364614,204.4705207485136,177.21906971512394,228.28114405770768,201.9296025046331,123.7409679876592,0.0,124.00304059545908,155.6729257760123,167.2898359155959,124.53422741945232,241.4402029631808,204.7316810482897,247.18468989476636,174.13738162470707,228.4846577441449,144.24604679102066,212.1724225407222,192.77445241842963,155.45019442236588,154.38295649611,147.37762696590752,216.325848003834,159.013406298079,175.25256034325963,184.15103504880463,207.7865435762561,179.67126816475002,247.39442947835872,234.8933605924788,227.74375353377823,223.66063123666183,189.80412317572348,206.68508528639853,210.52046782535388,213.0559117352188,220.95066320101108,193.8325745341827,210.8219546840609,206.897753679242,224.84754966803928,217.67756479184067,234.8742642845296,226.71816341357533,219.8566427239008,210.81294907907457,233.2857782892145,238.98341525840647,240.64175164395124,218.5672188614714,222.90934038807973,202.42613789802292,235.2737516766474,206.37621933078688,111.45634441773925,92.1623831645237,125.02552262008712,149.28349036931223,167.91134577755236,132.0463003846511,154.48916774432467,121.97536636075364,225.13437436714133,200.89742958017396,227.74215880279195,249.3574303304532,173.6406493223395,209.5945857109567,204.36600096237763,214.67924293121663,138.16936720286924,133.5024756799275,174.61881693163195,165.4748146653582,211.0776627281197,185.8805130837292,223.27910227693548,231.99356483355808,230.06491188957813,259.49874867159696,239.9368460476825,264.6791106170938,201.4399753492355,208.05127093612973,239.72033945286557,226.603721425464,228.6866046207485,207.3399538713024,214.881972760354,207.68985944426453,220.1559517156444,221.10383548314445,224.0818004959177,245.1751378509761,227.15095502989908,224.74436566048223
241.17124018230592,216.11679338374225,217.3301320747946,241.40932021914503,216.94754466311144,198.37930104452343,171.1160383857674,223.1258178183876,184.38345089376776,135.4612091900836,124.00304059545908,0.0,149.3661726345974,138.71447465624163,103.12048743723176,238.8160370455981,161.6877567417764,240.1154027481254,159.2127495028359,232.25383149799163,117.50144987882749,184.34538458278175,209.64763056859317,112.14717251564689,168.12187790556348,119.49685874915372,228.06644528115663,182.65481774687183,160.03035330614807,175.8040357077022,245.2500931776936,199.9361000653816,257.8492833549434,247.4128601282068,253.032769999888,239.1853765426908,212.62757948216017,233.83859949520547,230.26877357429484,186.01875610265745,247.0690990202428,229.45946053522704,234.90817359112373,233.1670038998202,250.12805681917257,244.9479271560064,267.6162991443804,254.37128082104903,242.34089670650465,245.1378750485016,237.55239502548025,248.62193656523775,250.46963770969276,213.85634833742364,211.6327984292243,193.1920493369047,246.52492340681388,203.0772189946049,117.99538561548636,129.62394579157586,117.19059348132134,142.1351625346902,130.31580253625702,132.24710157271966,153.60748573418692,113.98732747093716,240.5763983144114,192.65350309351044,226.2474200215821,252.6645585728601,176.96738498798896,180.47657894904108,191.98455171054036,195.28166685551307,114.30380464899017,113.61823880586076,159.59053641940173,115.81602314217749,225.9040293431172,207.2294958444602,185.97205150548027,242.40372125368907,234.68271642277293,272.25841163468573,213.45861041866615,269.6401174283353,204.3935031772261,205.34556937875303,241.59018937831203,229.5391623907664,250.98581032164327,221.39467895927675,221.1024253287651,232.957725428838,201.8043653649588,236.61905026514816,232.2266801776904,247.48674022732817,228.85591468659143,249.63157275936948
214.55459113243188,224.45621754679783,223.11306415145904,232.53388408871365,221.68375670937607,194.26009252680865,155.60579114383856,195.6649451424355,182.2094660820088,156.70422166454364,155.6729257760123,149.3661726345974,0.0,123.37216891824124,142.3650362641229,216.91058777727025,167.0950701010972,237.5807301602993,179.51937674912344,224.4694593804608,148.4125314723272,195.4541783108893,198.411975320992,168.70230701455716,152.61969441216488,168.0997916490897,239.6839231271865,182.07586315809,179.6141969525777,167.5880247463628,221.5169514382065,200.71826925729016,236.09211244847896,255.50703584667335,238.8532554009524,245.27220891530152,222.88921622275024,224.5534919949434,227.21803068128924,204.60545935506855,248.38339856769355,217.7020143040776,234.8284667296273,219.7831975985725,260.0361282400175,240.6980950001516,256.0267267039607,237.5075105324017,210.6928163165437,239.76352596309093,207.36191445007108,235.76340042925935,221.38433872239776,221.18681977299397,208.64455149822956,171.7577922415582,216.16707311059903,176.11808477084995,140.82032174968143,134.3831862638702,139.11568492997682,94.3489686166226,129.31110924472517,141.1547900531093,145.20552364688268,127.5072105290376,208.68038441722572,181.33997418732912,231.56103242737504,225.9534561893187,153.46248787721728,185.34477699337745,205.8587249909018,211.0800083684872,126.04158481702837,149.61945353262837,166.4639670385839,149.96913934436083,227.80570787367725,214.6965676970005,215.30172758464695,256.0358996060201,264.17568029896404,241.16172245810495,248.5837280430746,262.4287237559878,227.20004089127949,226.48423879695423,254.7029278869576,254.1982498828424,216.71221752264952,200.45464415345455,213.1757149280632,220.3281180257144,226.1231494402824,220.397014129244,251.46559065094704,259.2481210772927,207.37855482273267,249.35713441256652
202.42377900259328,224.12139609877613,223.46504358086537,238.17135252346552,221.611277661434,190.65188019805487,135.59241935889736,200.0204572922898,175.01104967213257,152.29858800707842,167.2898359155959,138.71447465624163,123.37216891824124,0.0,96.21711420580743,216.4915926568251,166.68108634719505,230.1642384835669,135.97809784183258,207.16197208814995,113.5967038684573,193.77152041852835,195.46482609000265,174.2127562798558,162.41170350051914,167.7077545699509,235.12789526875616,177.04608083784282,147.67474928058212,155.92658811816722,215.4145599106963,182.46577270243705,248.72500673846187,254.4009783955808,246.356682018554,233.09006583599415,194.38502766318,208.95961650821928,227.679932256078,204.00472678241056,258.2125577067148,220.2219797952643,240.7396335783872,198.12508569328128,240.1903623737864,231.16336223774005,269.58355446164654,242.94081454093256,204.28025741972945,230.328064628729,190.78984040122623,235.35815663515663,222.3374868051781,228.00273756702063,203.6078099618309,169.96352389764886,225.51495263458128,186.28149003402177,120.91068533495203,142.73588010781276,140.35378864873354,119.42473661281755,126.33888590125603,99.17763444116974,131.19075892744576,103.77216417526012,204.7907871757984,179.10053532361871,242.44700251492995,242.79627617138956,146.5233684295646,189.84762506923283,177.2262885824949,187.7112927849473,115.65673037225784,152.45905701760694,156.34816918621266,133.8121350644423,203.22623635874135,177.2173283473998,228.43979571033637,259.1657752369001,246.7217791829375,242.74795116479584,231.48591133314105,264.91938015815435,202.3706636368884,206.3962208193529,235.11973659922117,247.66506726958528,214.50806539977395,178.33416954226283,192.62851557497655,212.9224473436145,217.2513324113305,198.57027110607083,228.38839143548387,233.4656184277874,200.85556649853,227.4889897403122
214.21690414885995,220.9004409759828,218.09732356234,238.96390378955536,216.0004493362333,193.42956865305624,145.7607952299796,221.8147169383874,177.79148431200298,127.66227961829168,124.53422741945232,103.12048743723176,142.3650362641229,96.21711420580743,0.0,228.08707001165183,170.87559603653554,242.6916017352409,133.44144325181608,203.6385663524194,89.14009944947395,201.5313978557321,190.4284558923854,142.56812004472084,165.3198479002595,147.95042641211188,220.8581892563744,158.88794655855946,116.32662454529864,156.11942059314447,232.01389578447044,183.4447406062477,245.5853278488779,251.41709311953903,250.12336218944756,228.4343389195016,186.09175531129247,207.9130365535144,220.0356651954545,194.71315710360204,251.65553592713576,220.07535932268712,236.5792162996345,202.12106285829375,236.44286368393253,230.4434749601759,270.0144854569944,241.705342972876,208.86817972103037,229.5003378517089,200.52544681844284,239.1268688337257,237.5727300738083,219.83035185567792,206.97137034515407,178.6478501271781,243.27237235099477,192.6410324668848,112.2791202323866,129.7061780398342,124.6472193298724,120.69157296085018,133.75089500800226,111.78550009026732,145.36261486712073,74.82884131883546,221.68995110805477,186.45115863534613,231.15975259080244,250.8968819493085,144.78749063596024,191.02560553241025,181.9592612277476,189.9569414757989,106.98407053342804,132.04157000980064,138.25338398245492,128.46696122938212,211.11723468624547,184.97882008951672,213.6572155867036,253.2603983963999,241.3165721163332,253.71538382382465,220.55509711786036,269.8169628201724,196.2785292819558,201.29300040932372,236.31152468785132,244.87643570909785,233.23170373617955,185.82189757857415,199.02949283298432,225.7383977302653,225.35253362198577,214.5012081037446,230.2261608392132,240.70915796416216,207.1725742081323,236.12217979463043
186.9703677990616,175.112775300766,167.5947521044716,141.89051436725308,166.75965376822356,216.98772207584736,196.7960388838881,133.2903626119387,194.72551403271297,230.4366985099265,241.4402029631808,238.8160370455981,216.91058777727025,216.4915926568251,228.08707001165183,0.0,192.6000410318921,159.4844018327176,218.2096547884053,193.2131422813904,224.04740784478705,207.24018772161637,211.4407938734568,234.65520202416133,227.5812791831687,241.46052125025932,237.11152995448495,243.40726667974175,221.11421967106213,219.7793176435073,201.57262961759517,234.7571931349676,177.40288698083924,209.34668383021344,219.3715027782236,228.61486296441768,221.8448394532496,216.1232801644992,229.1438224562829,204.68302290783635,237.8744387328622,237.10067548646845,229.51889456125636,220.7313971894052,235.93332061427347,218.91064362074212,228.9223315997272,211.686572085835,215.3844914786667,214.84980675002467,182.94336920508263,136.7813555540314,110.47294460975712,173.66327474527276,185.502537609153,213.14265343397693,130.78737120579393,168.72557196967574,243.9374536766832,226.26702606641723,239.06440061152395,216.5943914205438,218.83039666101595,224.6074000651388,211.5617047778005,217.98270865790312,177.04937037151876,211.43181436445727,221.89669565104836,136.61613339172638,196.63945584991308,190.84205734166204,180.0284138001052,211.0697800386106,221.67363443191687,246.2815281619465,207.7780780435029,220.35599756975537,214.23073677973852,220.0829002969944,245.9309082414485,239.93541474442597,224.7628894270555,171.0732334908882,232.4504241500362,201.35950652361217,233.12847707014413,256.6049077255724,221.17527988898465,250.1253014598012,212.3350817107976,234.0647363828544,246.84557212328556,223.4090004998123,251.8232449429375,221.5336358752238,223.22266356036283,231.08321957357916,201.62131888998792,212.96079011530855
223.5707508846648,207.5274804986517,191.1086131022193,223.0302908335986,188.9339886691526,174.469181071602,197.86014027836515,200.48970279647693,167.83588712011846,194.68941540214664,204.7316810482897,161.6877567417764,167.0950701010972,166.68108634719505,170.87559603653554,192.6000410318921,0.0,179.61242174369113,161.93972917212994,208.50656854530493,162.87830164433788,157.91579198576002,193.93931597305675,154.75473323326065,163.7936549622479,175.39812465619676,244.0472944351711,224.6078709990929,189.3063361312932,213.2621695699302,223.55198336350568,231.01024963267477,212.96185662637416,206.2897484246197,228.6286838896172,245.8947678184975,221.50098246018,256.76428359623304,245.0602706455619,220.14732663659092,240.1931965250044,225.04147449186453,208.37804612411767,242.7478000856981,265.367280549644,253.1942132679922,247.84246658057836,244.72112849513056,237.30903244367985,249.3096261319168,217.92594631112516,213.3775435066541,228.2596190517766,204.5618588987653,173.66569304921097,179.3377862873018,222.91006322074224,183.7507639449568,189.3022594789328,187.93806487824224,171.6201599762751,158.7586343649328,156.93243480537484,179.13580855052678,174.5854252962314,160.05641504116713,236.4316602262236,168.16576522159497,204.46825987621787,205.80511783181905,188.7597582798784,167.49403205745492,179.5409585269269,227.4369047798152,149.26097153028098,159.4560355090153,174.26592830375398,156.39373069330293,226.38531677359012,236.19546937365797,179.37125518744273,243.51957689676348,242.18199557574485,231.14230678282055,224.6766955228484,229.3059146223072,229.6119286157562,235.6845280970421,245.197149299341,233.58591803938748,246.53328247368708,249.50205752354333,248.7532741353193,244.73116873018563,206.5817808486485,236.4561663741737,238.0516828328612,247.1174551662668,226.30245312434565,256.4993394391714
220.39809840709648,201.01929137579864,160.42843876826697,205.61797127911765,191.06183003194408,191.65924106495103,243.772067198588,159.9849207512403,186.73693537191272,250.4293653302958,247.18468989476636,240.1154027481254,237.5807301602993,230.1642384835669,242.6916017352409,159.4844018327176,179.61242174369113,0.0,231.94752838144936,181.92961650112784,230.18219397153277,160.26004429951234,180.06803808751744,235.38507230565364,217.8585649125286,223.00747255026525,216.1415639330534,257.7672922741737,225.5649653248772,246.81170774181007,204.10437540455135,252.71445086704117,190.72624436238505,118.3949559202332,158.07638512437245,213.868303998027,227.59425369676472,255.7274889140238,247.32643569011736,223.93907687110703,211.33796984057827,234.67296198430955,181.00513418103867,262.0947806003722,231.30953668669653,228.11249797924708,173.02971909258167,197.516304265196,255.40481032062115,235.80347572926587,211.48766094486533,178.77954039505732,195.93230536382003,202.63416490276265,186.79470715367611,204.0564374837498,158.1676828893057,182.8128386836413,247.3017121279072,234.9844488495292,244.88221346773423,234.3326564184078,223.58916272108,238.6501804436184,220.87349576125573,235.0054324005982,229.17779696063525,207.216170636224,181.92233212354108,110.17400320018078,235.6981164810938,171.3704383784084,166.23551636074484,225.5952301400804,237.75210019917384,243.34513404037196,210.6230192186117,219.93655619264115,226.44493313822196,246.45973487338296,211.4758191270128,211.00505018027772,215.7338797315736,164.16311667620556,225.39910312066812,154.41293979354933,226.26807669981645,242.73214805557407,234.37276226516155,238.99761004688168,227.81296493110432,254.7308293656845,262.31275022769256,246.7954000338921,226.68218745506775,262.4232401227551,234.2527321817496,229.87962506130663,236.93354613068965,251.27124831642703
200.4511273479077,234.34189457180523,230.46024183023317,244.11175458367768,226.5122403175461,206.28000455025787,174.79444614522637,243.43464908604528,207.4253713176801,152.02910009602,174.13738162470707,159.2127495028359,179.51937674912344,135.97809784183258,133.44144325181608,218.2096547884053,161.93972917212994,231.94752838144936,0.0,214.23554828813,116.80842865656702,193.79273929562856,208.6328488148852,186.73975695317648,171.0898522021021,183.98918555135324,242.79754045038237,181.9339575430687,166.86590380489574,184.79363653859247,216.7348621102136,180.9312796552149,230.87198133155337,239.10857670461337,234.27053822015665,231.73774615005576,186.93180715789424,206.64381415787372,219.1236822313276,212.97080092045192,236.03584984035876,205.71737213189425,229.82722509873832,192.44678430004575,234.9410816033605,228.8320576547773,253.45859123138555,230.24853658176977,191.3060591170502,214.5997421166572,202.34092308809045,249.62186170503037,240.6741427317548,230.27329385087043,228.58312964923908,200.2812223873139,250.96462049631188,235.00604509356512,145.3752849837474,158.56184726595927,168.444362538215,162.1255017433831,181.58774270317684,125.1197952110712,133.50595032833536,131.26042156159758,223.2636553652842,145.88310098201003,217.6080616095801,250.3956149067014,159.92575010547375,199.64071032593105,185.19331452729085,215.04423453530487,147.62483505204153,173.12164495535774,167.66647554206145,170.19310191327497,194.43004287161412,186.08188985613063,219.25807203152584,235.8186387331637,207.01646990002453,233.50870114139812,218.0219000164746,245.97818287394227,187.7665917699213,195.75863884517327,228.76342333652107,240.7234687195894,198.7074554634308,202.64806012507609,195.18375546214335,206.5119496806436,213.4485030819964,191.05524468180187,220.95334291551623,227.38009395229457,208.87246795672627,212.711755051128
217.20025955240968,226.38355368693163,215.64176287169545,219.72600750206297,206.7007384119991,222.33897428172924,212.5340224067598,217.8507918672512,202.70720815858465,207.69119217009808,228.4846577441449,232.25383149799163,224.4694593804608,207.16197208814995,203.6385663524194,193.2131422813904,208.50656854530493,181.92961650112784,214.23554828813,0.0,200.85940718918863,236.1547503436411,184.3619777825201,204.4624832023547,216.113058131851,224.1860979717945,175.64512368977856,186.45528256056505,161.97976503279665,194.8684510655184,229.58996005315936,227.3714513724144,192.28249628775683,196.019641489281,224.45015660291145,162.94768248019113,192.37069851895413,212.66364974933128,220.8007312050717,213.6186653112606,211.32076520034772,201.6261259061712,231.01412948225905,231.01979084672345,196.47338302943345,208.6707025452401,219.4317407536041,188.46534429470432,201.82863287331517,203.4192301096263,213.24233442038275,213.72991795428248,207.22313476379736,211.73227186929867,216.6293355249209,206.9135808843979,223.56715596423987,224.58865802210005,215.3130908535533,224.2173056602922,232.48697228210528,225.8718889404448,224.71656899885943,217.2787017463669,219.18872831773865,203.90045091464333,216.74552543335992,218.15912558223036,215.12453068636196,191.3659598205384,186.2518164468148,231.16078017661223,189.4831936242241,212.82734132363765,202.63002958308607,225.9673141139984,168.87462814628464,198.28895212163644,206.2396916584293,217.08991052869135,225.12758024125333,220.51024579563855,208.87250741140176,213.36433834195623,192.48256384503372,200.6491189697128,201.8304507656664,179.2452005906899,167.11768843711044,217.95405803148208,226.1020541725351,229.2442735840266,212.6846544867454,218.5648757232159,229.12226724352564,234.54200003382027,194.09164687938392,179.66696494215483,188.5537116459413,207.3346501928056
222.50424604894005,225.0638508490273,218.8708491360248,235.8571243543948,215.3982980673997,204.5962780176306,145.9938607281105,215.94819005959317,184.4385478663151,134.0965225744999,144.24604679102066,117.50144987882749,148.4125314723272,113.5967038684573,89.14009944947395,224.04740784478705,162.87830164433788,230.18219397153277,116.80842865656702,200.85940718918863,0.0,214.76404095341255,213.67498647509177,152.63684548018676,172.78162290681703,164.5298637475613,234.5217353715248,184.65282867818075,129.55359761173284,160.11876047065243,242.51722850846937,189.53640534625288,244.6824626576712,252.17064981968795,262.07627896231304,232.4963070481786,198.60720911639032,213.80170391146325,230.49937979902373,203.51306860440783,255.46543259886667,228.9639582313568,250.31174371887172,208.52433143671445,253.1391468840933,241.16576433456945,277.7595302165614,251.11386433989185,215.91862348014297,229.8022762115386,216.95503244231705,245.782447005056,237.68319870570812,216.6951606375382,208.1253439224448,196.0311734425873,241.28603110501345,198.03164647915557,127.04925535466472,142.4436073345379,125.65201313769003,136.66153176118962,150.17492325703554,121.0691640666212,132.24223734634222,95.00887029200211,223.87323767612924,175.03281037084878,227.47999232771383,242.49390974342944,114.15281091203296,195.9672714343821,174.2935929408049,198.62008965932137,115.18688234966396,136.94775084061934,144.1340102717781,130.91349402073394,214.43284052211297,191.234485155306,213.1252627656408,252.11542401091708,236.7945031890148,255.8579806141408,216.5765071866604,265.8858602132816,193.9865562716029,206.7045953744311,231.84022794733875,244.54016385535732,232.59470475351523,197.8784811306301,204.2566905085497,226.33543735978571,220.22089699100377,208.456342066838,222.4870792874192,240.44653150501875,206.49272851161373,219.9843560294323
