0,1,2,3,4,5,6,7,8,9,10,11,12,13,14,15,16,17,18,19,20,21,22,23,24,25,26,27,28,29,30,31,32,33,34,35,36,37,38,39,40,41,42,43,44,45,46,47,48,49,50,51,52,53,54,55,56,57,58,59,60,61,62,63,64,65,66,67,68,69,70,71,72,73,74,75,76,77,78,79,80,81,82,83,84,85,86,87,88,89,90,91,92,93,94,95,96,97,98,99
0.0,133.70136076534058,141.3313449690814,114.34767474859024,128.62452200860193,145.48154982253408,114.43975152874684,129.81655798450578,123.83663020738932,128.00450664390505,128.60952479628577,180.9479753671936,185.52161073816507,182.05561405107363,180.8277722189864,108.88099488478544,158.66158861868726,164.52439966551606,165.91385524533976,157.3691520649288,167.79562405809213,193.88145844132185,178.5985895775161,156.150575931082,136.02347853307873,162.3857066779375,169.0441991696125,196.0216769718425,151.119972384433,210.2401899866672,161.94342703466373,117.31474073382728,99.21312805394804,157.6115275776327,185.57224431886104,159.32443540342547,147.13207329781483,111.97537004305084,117.79877093046898,126.37393570901791,149.87793682248815,129.80750322187248,139.40234855203136,142.67696460946632,141.70511587359644,184.25860228801864,187.51753421507107,181.5919852325593,126.47274804718488,140.09554118832975,152.4480347387713,145.60788344910094,174.97286602039802,143.5891227477303,151.77013894301842,146.3719241079251,173.971263131755,135.0696644771623,185.6518562311222,116.43584166427708,131.62138850427814,175.80286912955492,161.0036443143404,168.25683423141462,175.52321906932184,183.35707741627584,149.1792089773127,178.21071631377055,175.83866704473206,171.1460117827475,173.8280627377826,186.3043360189352,186.35471282613335,145.0051847555596,141.3174967292631,135.9831345957204,162.16677510741226,194.69340856380333,151.349908051919,143.42581296890933,153.42731754230118,157.9926447983459,130.86641741812724,126.66637357125228,127.66195069759684,162.13944843562768,145.3658100331727,182.1963607551293,148.66835060060586,160.6316210338103,182.42543538349503,155.0480657045269,154.71955730533344,130.32195888449166,141.03382944186183,159.93976316749098,154.1976505778632,181.6350902514841,118.0274044171149,130.12079799824974
133.70136076534058,0.0,75.37884031154584,112.5109329074919,66.41383862298471,97.96326076885724,79.21356417070778,92.07315940100774,84.51250186151148,135.1440175067312,167.94399047963714,178.36793648751876,184.42373548527968,186.7123655882268,176.36935010125944,73.99520370487384,167.92908852433777,129.25919440488587,173.64212128165596,133.97020890565955,168.18055101629704,176.48479864292153,149.9799366767187,134.7175968219193,151.04540119294376,180.13637968680706,150.99213887451725,182.2897220850851,158.0901031773364,179.6148579980325,147.03177018306835,119.29345964174588,98.3226922090753,134.98705139814604,155.98496378706338,118.78121848303223,138.45433936583964,123.61116152205716,144.0693659355206,144.57900506214827,117.1937848598138,140.8539139268046,111.96039045219264,160.5746070543779,127.54131099355958,160.45973774543614,162.82178934345518,154.5706041391734,100.04089104058689,114.49252608347088,149.2500563128383,82.24323111828335,114.19325287869596,89.54666230395517,72.62454884574974,119.6573391308062,115.79210340726904,107.27848906735964,174.05221182992798,149.2529995430074,158.4678927688321,176.77810857537514,154.08040929055272,176.66256569607253,165.03610573074025,170.14422675750052,124.40251375571478,183.06327831133893,149.0904563857817,123.87761350575272,146.19205520444012,151.98648379545423,141.82647804296175,145.02205354878598,138.86481615098035,137.54116349484738,149.8802825956295,156.26535340705556,147.65336909971916,131.13599968741795,129.44436612219204,108.46782332187196,102.04709511018272,119.29171798841963,137.7143299966347,100.54402133860764,133.03087341020708,161.10766263402172,113.96414327487004,139.04707071470074,157.00106418588152,172.17855052731727,162.562642877279,126.27195561441803,134.78323992003783,165.5178343149479,138.55535491826151,150.42335895361327,110.24842790350856,124.4115926115588
141.3313449690814,75.37884031154584,0.0,150.80705584396026,107.27635168980856,56.74350770916461,112.36247039865825,117.54810402871948,73.97388831873482,148.44848758283064,154.94804685771015,153.3638356527351,162.12026900799768,165.52345246969816,162.56469881783767,112.47057486648411,143.1353523263991,125.21853316559734,152.52002747116092,130.4466633761053,156.9838874002275,158.55201366068954,157.86304711207086,126.48472158059556,150.72838117752295,158.19925859503502,143.93484475336302,156.65240618021656,154.3307679364423,160.0499744099839,142.1483298070889,128.76199198192,127.89951260013407,143.28034281588216,151.9903106077242,122.01832905508864,148.84988017843096,144.80407309500129,161.09913501901508,164.5554889120429,137.5103240964437,129.7488188551453,129.10790405967725,151.59592954370646,145.089714144436,158.0367183994871,162.0664259399147,162.1607267541067,95.41468039493436,136.15865290802537,133.57989963613286,79.72389277873145,115.99176759134856,126.74402710893284,79.51257535327373,71.42576991851911,119.77826964642765,119.79542906455202,161.1186800800358,149.83749878105166,143.13121081588733,157.94670920295846,148.24086331593594,168.85987448387644,144.8320020635038,151.5231833540758,130.0122861255794,170.8812547941251,139.09149813618058,128.00103106113306,126.8917726323964,141.36400543694987,137.84159425194062,151.6491005591539,127.60381649946706,130.65957454458686,137.70460777440488,148.50083405851825,157.45275853189906,135.21272667750063,121.46658096587808,127.14015101382972,142.0014502903255,143.47738601796777,158.5243491530398,126.34968494199272,150.15833027188785,153.45272959875066,125.02303579443624,145.133758712324,143.79143333679332,172.30099870092153,158.28723605371795,133.47660300309494,142.21437811034602,159.98888285750206,148.98150534373224,154.07072265648873,100.83676053737098,139.45834547828937
114.34767474859024,112.5109329074919,150.80705584396026,0.0,89.13262340631121,162.3865202081697,74.14282434586787,58.20271255753032,133.18625758695003,97.26949582460574,153.8365733874482,189.5345833290472,191.4342474709535,193.2247664474515,187.0136864774876,89.41514267809771,175.669562960475,172.4550806552648,177.1145475242772,183.4291138956504,176.5890572627357,186.6168373158853,175.75964056487535,158.44038952639767,132.77574600788665,171.30100547011324,189.0169497019204,196.89734402232008,164.84040928896292,207.85027147688328,172.32158709266406,132.28111886517425,87.53955739771303,154.29212570916786,184.09372632172628,169.6131232847279,165.30200209403176,96.86898848480308,125.85305913729734,116.72873022830515,150.83492654194936,162.394138169048,128.8255095238464,170.9422946748973,127.98530514190556,195.2624080291653,181.75154748902852,178.5398261430618,163.54722248291804,152.46569824575516,192.06043090995013,154.50494186420195,173.05543550470068,80.03389393420889,138.59428622621132,170.21855993250486,140.6474209655372,110.48717171625516,181.5628061994333,124.067084843744,137.45277892094902,168.8178621784493,149.6027436168832,164.4119731505223,193.0632893931889,185.16552383991,149.371630208022,177.3977523747501,164.33000444559738,166.45057833377345,182.64309368810257,174.3826815364493,184.7338285332537,142.9814421950339,138.34079306348957,129.20293561479622,178.0165747483992,182.75207938873257,148.23876661226865,156.9009361570824,142.68454699508925,148.15121001967992,95.39790532986945,106.28369278803324,104.24123104633752,144.1383371308989,147.30771353823854,187.19282099329388,156.1792491146504,148.9583456318402,195.3924873323592,161.46096890770576,168.80317835450455,117.92817016358369,128.2845864814489,182.46254007601613,144.69471113882742,193.21953291915685,162.68768275580302,142.6953360309368
128.62452200860193,66.41383862298471,107.27635168980856,89.13262340631121,0.0,114.83807795968316,90.4243605012318,88.05354685098774,104.8367162965208,124.69725401124153,156.55433652718006,173.69257354949715,194.38019416808032,197.77253880448853,188.79432527453127,101.17819763882196,182.79616489431413,161.24538676176974,186.4702760997312,169.4290108774456,182.9012873086361,181.75347755945697,176.71455589899983,141.96175179779698,139.89446231605842,170.73755077229185,169.9364367868702,173.720027665163,165.49730978187938,187.3903528846592,161.77172860806343,131.20736898473422,99.08500350926845,150.6454504455502,161.92536311828712,147.76525096956982,144.3360581846132,132.3490358867386,138.38124907389874,137.94355433752455,123.28996392775866,148.7596849657229,120.42398841366588,158.0274237544926,130.22006547708065,160.99557809227463,167.6445638013956,176.0309946937683,128.39341290127877,137.29784815887209,165.04795739891816,121.07179441597124,135.69463331897998,66.88609113023338,72.55924572707731,137.76012854137522,114.08210522025838,111.1369141664727,175.3730939438652,148.67620504211118,157.26853048628223,191.16079284826057,166.52247768093815,190.5188844309184,179.4796377688181,182.8879838976624,122.90349926380485,190.39700388156615,165.2153066961868,155.54006959667447,172.49030187038596,161.00363493923794,173.34979989704885,154.6838429797642,146.6604316463804,133.432991418928,161.92995392261167,167.44818171879024,141.69745222236764,127.80981827792098,140.81916299842015,130.1803846606993,114.16662860458068,126.8437366765398,138.262488345773,129.08888377038954,132.22335972485158,173.17554422879593,138.02029330336995,145.64662498108362,170.70103836911534,174.1351742097429,173.75258949567905,123.75892323755122,141.0849321251145,172.24342797885384,144.43888623976213,169.09538169913827,130.29215845812467,132.6093876846502
145.48154982253408,97.96326076885724,56.74350770916461,162.3865202081697,114.83807795968316,0.0,129.53634919801596,136.90562472223394,79.2087355869382,146.0886161910645,140.92257999376972,137.46492100322962,151.87504612066576,156.5508490429704,147.59620713654147,128.55764424734446,137.81179712995188,135.13533131654958,152.21234665552112,128.39990486498718,149.99063884486867,158.21570491134037,148.96096020289977,120.95810652252024,144.3412721124733,151.86156914003925,144.4816188629679,143.1802578466639,141.69673767488987,158.3699589111702,138.2585432946006,127.82364609061294,137.41954027451163,153.4098972763237,154.07710223696932,131.08639394385196,151.51782444780108,149.92433346029787,162.4044381183793,163.77916531909813,130.37895801721697,120.63782193710944,131.51363906832253,134.90029479925468,157.49296824034028,141.4898091950288,156.05403695663372,158.32224259790678,94.5444394550406,142.48638801270903,129.81736888341618,98.12890985423395,126.24632793071508,137.89225970635584,86.04756190317926,62.03052082286729,134.10118263500254,130.36772384586547,154.1150152752026,150.611960133203,146.01813768473687,154.60361888038614,149.43195724224736,167.73112185339974,136.02020331641637,139.2266307596605,131.60967990772548,173.1342754073923,146.7668313836057,140.4653579940983,119.27403958362063,145.51145259938994,136.62907250086135,150.6383033035893,132.1116197011679,129.4766231370313,125.41306243113355,137.04133963214755,148.67221153301887,123.55851403548338,129.29494719762786,137.3414844933456,151.92236678128785,155.2120480345203,171.2604542590234,131.7054468174887,153.81826124969956,140.09597977616056,130.66542535838323,144.50756709842767,140.45899429363288,162.6603995030372,162.0443987141665,127.6426600997414,137.7774381804491,145.2838798393344,146.21159339494102,144.77483652530805,94.14297518625372,138.38834464791154
114.43975152874684,79.21356417070778,112.36247039865825,74.14282434586787,90.4243605012318,129.53634919801596,0.0,65.61813425758639,106.34312324411786,101.18359773474756,156.63617700511514,186.6208263406256,183.6942342534984,188.9492628123521,177.91516787084169,62.85218127365224,167.3118620825449,147.079368849017,172.59148091240402,148.2162078203798,165.0218776819769,178.12156554109532,159.08277392522132,140.35800538181763,145.8441652111938,175.4637740330777,164.77817089716365,195.17337103131547,152.19223049535287,192.72883330467147,161.38878559833017,113.70880011072946,90.63243852565508,146.42058837211306,176.67040394021132,142.2447147195938,158.10144666077198,89.53777378905482,115.2724951981863,101.8148674363363,125.15948043585072,144.44965387516274,119.2749774943384,161.76436907113452,139.78791478740015,180.75338366442557,178.19795952341934,168.47511142278609,122.9271229552227,123.7605021383841,168.73967036253595,116.05408997381016,148.01282742162152,87.30506502140011,116.00581333153112,143.3905911947973,132.80218875441193,107.12888147723883,177.17818925761662,135.03820368853755,150.94144552088557,170.01126849452172,146.88815499099422,162.4795765162459,175.20519649637325,174.64033861589743,117.21779437983037,179.66000634507742,153.1923411579997,142.5743239162288,160.12738533531353,158.28467545518168,159.90593785231923,119.946591498124,134.03190429409204,137.0510511906714,161.74551898345243,167.37409254260717,155.4551171252989,135.80397641494054,130.47887793422555,128.8877255048163,107.53682423790929,104.5363514165074,122.44907376600476,124.90517769689664,143.47755483796152,175.87122423911202,130.14796850601178,123.36163803889914,172.6125853823303,154.81692885493797,148.38906420116786,108.76251191159176,103.93291990167316,167.55242731845112,135.16534725326716,166.81615420629495,124.97614435697167,118.2071420990362
129.81655798450578,92.07315940100774,117.54810402871948,58.20271255753032,88.05354685098774,136.90562472223394,65.61813425758639,0.0,106.81915722926752,111.4790984241625,157.3447820053618,180.02641479243076,176.2958204832077,179.87540846838118,177.00054126479972,88.56732149615992,164.885118861812,144.37823532916315,163.32565915948007,166.3233281207065,165.1183654281504,173.91031948980554,165.46553711929354,150.98148372740914,140.952769143487,170.40624703807407,175.88409374825454,188.04215882062397,159.39263149084996,191.6573743377112,163.77942341320517,144.33461687047614,97.59081054327788,134.5541369694003,171.36979986369914,150.31370371151297,162.69626274352882,118.06887268496048,143.4960326622235,129.90638035899823,149.50190087189483,160.17516634600744,131.99675922083057,173.77571465693143,125.94950820845762,188.5062904783665,176.9981643563847,173.2538504141434,156.52335746648154,154.40735304510537,183.93314382377883,127.69067138030412,151.56612681524163,80.96284394378317,118.59858264110622,145.1872847545302,112.45136303662544,93.8449881876372,172.8863893990528,134.9302041294904,136.15272293090416,158.49461006566816,141.98024582488154,154.75909762053703,171.24756984898767,173.95121941857724,143.0712003775787,165.02704730117688,140.8506268535009,138.67829367905,163.6484786342696,156.96765888662378,167.9116589614717,153.41519288695926,124.56430386625009,127.4250962625973,162.77795362724856,171.78337290954232,161.01910329953256,161.57862660301117,124.26779076952722,129.99290287540532,104.81000945238232,103.12271083965156,115.94913728912915,126.80087736462352,148.92879885435198,173.8167029082965,145.2487964909731,152.30130761954547,185.48028526655747,173.47488582912376,170.53774776272206,129.5343030554297,141.58021640045064,182.09254767248248,151.81026524873897,183.95324998848295,154.1245012175169,150.47335342641918
123.83663020738932,84.51250186151148,73.97388831873482,133.18625758695003,104.8367162965208,79.2087355869382,106.34312324411786,106.81915722926752,0.0,132.827048923624,151.12770033926486,156.58520709207662,160.57141088111288,164.01751121524404,154.1661897060102,107.1482917704601,148.5208071710004,129.37148803050323,157.1892656798978,124.34936234970378,149.10926302526906,165.18750826039863,147.05137356960682,131.86682925291063,142.25321156753054,160.45164841411318,138.15266415915238,163.60190708757773,132.77622931989177,172.73991954824288,147.70266643149438,133.2604728583317,117.03943280549947,138.3692631300492,147.29211024368334,120.86659493154092,144.3813599916122,137.20770400662946,145.91498975026622,151.9775236562995,142.67033013154798,132.55650729197004,130.9250882636105,147.1243595265757,134.48185107624153,164.26257537454188,160.40119679645227,157.74177992843778,104.22670871812224,141.99544322003698,157.7961083194759,97.53782268294285,126.58340581492251,124.673122178701,98.24524762582703,81.88709274948232,133.4086080154505,93.85331677078295,166.7641164190593,137.22379455675696,136.23572677527198,151.79369504814758,136.48718895549186,156.3579472008904,143.88064613110777,147.46732124159365,135.16312930391229,164.2231727176951,146.62893838803555,129.75987783678147,123.1476018955425,153.51684761382552,139.29030787798413,145.99564280155948,136.91735074873748,134.6287690437157,127.6279763325672,149.0701353140198,149.05183689128074,146.96897047404977,130.7812127325575,130.8054600054008,128.0759879656504,141.7642714778484,138.572323847091,125.94013434826968,140.06561246046255,153.54273191686752,124.6226958862672,151.72523091382774,161.7940953647547,161.27851292815555,160.90003797982644,131.61182513503158,143.37705907954518,159.5124028514278,139.43754961797103,160.11505278903235,108.7815987318597,135.84438959728757
128.00450664390505,135.1440175067312,148.44848758283064,97.26949582460574,124.69725401124153,146.0886161910645,101.18359773474756,111.4790984241625,132.827048923624,0.0,120.084780360816,171.86619850255113,156.60909799564985,182.45951702103244,175.07886004987995,122.9150806281507,170.61054105979116,188.88639522172264,178.6548717535976,179.0217601646932,180.2493838016176,177.7898104580099,185.4116328311208,155.29876167659688,109.33811787552344,155.49196331534077,193.23031411371375,173.93102384383835,154.5714435663934,187.4500768365233,160.94363462220392,126.28350598179588,126.12544419270944,179.4381543284786,199.75246551533996,186.6704380017644,175.36133381555487,115.99953493514788,117.80126439782876,114.74960274254836,165.4390834587021,134.98852192290104,152.6479163187159,142.7547671242391,164.6781896843156,193.01933905172385,192.97427542525836,186.65641704200235,160.4866073842105,164.64111847669008,191.94857018083167,170.76951045127612,184.8513030172428,117.27096346706664,148.6528065105136,159.0999390916194,162.5436054241459,132.57914566822498,145.6456366570626,104.5957013857114,146.0404398648999,155.4331726963518,134.51713379068156,162.68957562512242,179.09392463131246,169.89082442699407,151.14977253257786,175.29021574511418,181.35424586400632,183.83237791785348,174.76665378806752,166.68314103305892,185.32960853764763,136.31939616166085,146.65535179136384,124.1459688919519,172.9196506088957,171.32653398576383,130.00148509909292,143.25847124348303,168.12648695005572,178.64216979817004,141.54302085059308,138.57345227309375,142.94674804866364,163.50845739084053,160.39980426124757,170.44507448269883,169.33962452048016,161.08110171983054,187.70717417504108,146.35008607677202,169.64731171828151,110.66251533015928,123.15059504152218,150.1171391950051,157.99127082696108,186.42973447645096,152.19429999409013,149.89768189670863
128.60952479628577,167.94399047963714,154.94804685771015,153.8365733874482,156.55433652718006,140.92257999376972,156.63617700511514,157.3447820053618,151.12770033926486,120.084780360816,0.0,137.73100189983165,138.41323324206806,154.86786987098554,148.7051949098621,171.59888614357635,153.3216773620155,180.1494582946529,156.76536627635346,169.8057186322029,159.93501738143675,165.04872141293694,173.41035407183708,146.91557239003546,105.88402452666114,128.9209144355072,177.89650562121227,152.61586550663645,141.48336360240182,171.53427047041964,162.60315554937966,148.10433206372193,156.9744725214224,180.24229836504023,179.890953688948,172.19808217244284,163.32639843197205,167.78375032797726,158.4417718551726,155.48712774545345,170.75137182547422,123.11059027039852,167.2081503564477,134.18689700680525,168.24477498417542,173.99396148818855,187.08506448348228,171.1504973800946,150.93102627936128,171.23456755228875,158.70530633035358,172.19070801089626,181.0802624826001,166.09359130997353,158.4548677718384,149.78969562118365,167.9175821909002,162.3354527731255,135.0096811277459,99.44295572519876,120.9494531487121,152.21376617095882,155.3271289620443,165.9439271239596,148.95001760495046,151.90326055936328,161.50102773716125,167.9912513283136,179.68105573880956,187.21350495309355,157.19944927159997,171.0387591560916,178.94552084807532,162.64787827906298,150.10345929545238,122.77528003777512,147.4475454067836,166.16146989781606,147.7919764565453,157.57260995596417,168.2004052687111,182.18266372762452,176.75789364005902,164.98222543730918,165.5894458105344,182.22201346119203,153.30172793113496,160.95700636094162,168.1429458733063,172.23130137068637,172.35268354482565,156.4950463803486,174.3079699339059,138.90111032581132,149.87792536405294,144.8329619635885,169.63386633884795,176.74733625117022,140.61787974463937,160.58220340883793
180.9479753671936,178.36793648751876,153.3638356527351,189.5345833290472,173.69257354949715,137.46492100322962,186.6208263406256,180.02641479243076,156.58520709207662,171.86619850255113,137.73100189983165,0.0,108.2302799802267,105.91122626160411,112.10012057971788,186.4311053966168,119.17880952601064,153.00984240971388,135.8808727836357,152.99409335786635,121.76087808530224,127.62215609489996,149.38043011098574,97.06734752311206,166.02570384379706,104.76090945412604,146.39148810778903,121.26011006517749,139.84743582696422,128.7974761791546,168.01545392169606,171.0664723925832,192.89159036426892,170.52818331340382,139.6708820872965,165.03622892730368,168.34880647869446,189.5244903534683,169.46148853189118,173.88387222356113,165.98355363063496,144.5744928341706,179.59891699338542,148.72112817671797,185.11045688439344,148.98137521271462,160.1045531589986,157.98173279205798,168.3345755136338,178.9213305233527,124.02715053462023,153.2375615625209,144.28416644224447,177.42681784318393,156.9981200674792,138.00052403416367,156.97641449639184,168.37042258283196,96.65542157481332,163.33216850334242,156.01177964070712,123.9623541373481,148.8535083715818,157.67827903753175,117.4742324395649,109.58880009227656,154.3688075093643,135.83636607430543,140.34649303394508,166.8986908558842,117.59402676643649,132.40523824521063,140.74673648114003,155.4942818667962,137.6467587143263,139.21573889869802,128.31690730245728,131.81114994291903,171.76565696640546,141.83716821635488,148.05548826971915,178.8357372797447,191.99047620342893,186.8448540929458,191.88826970593132,180.41869061125675,167.91187431459878,149.97657050925815,175.3230970875927,166.6464539814956,124.69624541571964,140.7621659584709,156.41978945698114,156.7467016147891,162.1828031799401,152.72610976118926,179.6053297043328,160.15295181369606,163.09612018932066,170.14094843162485
185.52161073816507,184.42373548527968,162.12026900799768,191.4342474709535,194.38019416808032,151.87504612066576,183.6942342534984,176.2958204832077,160.57141088111288,156.60909799564985,138.41323324206806,108.2302799802267,0.0,80.72735636386741,91.35933754366604,189.3789896085536,111.3035538985596,156.4414766704212,113.80193913999764,154.11599142037238,128.3878885593176,118.86838126856291,142.5935792340674,129.4078374889633,162.34698484348652,143.81588106025325,154.481812047706,133.05149461589698,136.26943889040228,112.81325907415508,142.61303038935077,179.19763183981172,191.91541808688976,156.12057320463268,167.91125793568898,172.6964403424981,179.0944817700645,180.67591326525928,171.4649213521018,169.83973628236402,186.4914742748456,153.78351889918372,179.3772180282634,160.72926543754625,182.6423842286769,155.4171967749826,153.88310453654248,146.14498861069296,180.60637702899663,183.02027997480843,152.67010680407063,161.6503521507839,163.69224563876412,183.12271762690548,174.48065685562295,145.71138323171212,166.17837135245452,167.17302769645298,106.51460348765548,158.6662557258884,132.00572386813369,59.636712730159566,97.91320490020776,114.83702722310126,92.16167014644064,95.63752740427527,176.4207630912879,106.65585523538545,129.9991617841655,154.52944133342766,109.4283618407742,119.0975874262489,121.61947386217156,158.6775595825361,135.6486840628142,155.91540372399317,132.8091574000457,120.80627521860004,180.1151984420718,168.7431259430249,146.95024678244465,183.88154501245168,200.45509044649208,177.40645770526396,184.36969564542463,158.91709302696063,184.55921863193885,137.23857704596583,180.4974706130062,177.8292110678558,133.98828753199794,144.1633998089363,154.49618880183692,182.0306720339415,162.6025008368343,146.51736816409257,162.3898904271923,138.05530261953317,164.2266015741555,182.74954487873956
182.05561405107363,186.7123655882268,165.52345246969816,193.2247664474515,197.77253880448853,156.5508490429704,188.9492628123521,179.87540846838118,164.01751121524404,182.45951702103244,154.86786987098554,105.91122626160411,80.72735636386741,0.0,72.80463349676586,180.73131606759404,72.58272473595827,131.26834425051072,75.80363757352308,141.54642934176206,89.45458711226532,119.1919030273514,108.97827760469885,133.05320408187475,177.00571612720253,150.8429839266998,131.6183848477429,123.29792162222998,125.83145675455424,109.5131725427223,136.69817251202485,177.0296508181405,186.20956131718737,139.35109500496077,143.9524531114379,160.96289122596545,170.17962797102348,181.44024212370456,185.04963124548635,182.8204333385882,184.53148855962985,162.61903317924194,178.53428554947635,164.43613308505064,164.60664273937198,140.2295441601712,140.2645722631708,123.77908659669842,176.93329350543115,178.58859074807165,139.93848033185753,165.3515889763756,157.01192600932666,193.1420126771203,179.71235024909785,140.1257951619395,168.49444348816087,170.10051681729578,126.3970611210466,165.5549988732043,128.49734327681327,79.35403596642173,101.02607000676632,86.8621886235697,79.78114507049371,85.83456839061994,179.37886243711768,75.49969784262028,106.37775538429123,137.30531805603712,96.53758697598474,125.83473118291025,109.32169447413548,165.07825092263698,132.81679744773987,155.60619991368944,111.54929430070028,112.62886242185311,184.27433528508817,171.3322963974298,142.67516990480675,170.7709308360442,190.3231709452964,175.46605695704892,173.6942175885263,155.47776930399456,179.35606995195678,132.17696091726532,167.37966353329978,173.01004812916307,131.41041032335494,153.4641262319754,155.35111610260054,192.48476321727557,172.73774714865908,155.08655888321138,161.0156747502902,132.64048348991176,164.5848812268893,178.55937970833642
180.8277722189864,176.36935010125944,162.56469881783767,187.0136864774876,188.79432527453127,147.59620713654147,177.91516787084169,177.00054126479972,154.1661897060102,175.07886004987995,148.7051949098621,112.10012057971788,91.35933754366604,72.80463349676586,0.0,177.34694435406695,101.48312963156496,132.95702263388662,109.0932061867175,124.92501167795592,82.45402738215195,116.03296367496418,100.47334857434952,118.5284998922547,176.1509501023404,147.2059444772741,128.4326971864205,117.97629886103184,98.9244437486343,99.73786535648904,131.10844004537935,171.58251977429205,179.29897530477956,146.99252475732322,141.37261606570473,149.85616865367012,153.03690132450748,179.22065841485943,166.3134834344087,171.14471706345296,162.5750097549507,146.38584481900614,169.6619218773452,154.04576756448478,167.44062282597594,133.04379112048736,142.94227775583823,111.71266907424209,161.3899785471234,159.50139782174674,138.7382060926087,164.18811501537806,158.35358551360457,191.16487311385995,179.60441894822088,144.80579578343855,168.7262077919407,174.789196409927,129.68242096793065,164.28730735337098,142.05146246601237,107.13487010588344,113.21778034841272,103.44874461580368,72.30293310401521,40.263907437218336,161.92223470927004,103.25293109026988,115.4015842696538,132.71689214035987,73.29651476301174,115.79074150844562,104.97793020193144,162.91126879441936,134.86101648204445,163.1970941143826,90.72919209881825,93.42974453692526,171.6541688337383,169.56564248440412,137.68645381403485,161.60825296086148,188.81563899883537,167.48334414707324,173.0158355306866,145.76629316463504,160.0754556578648,123.52624970205756,153.32474898940404,162.24160396591213,126.10245481084348,146.95699350946393,155.21745876514663,172.53458956706731,159.81509769462306,140.39845277419784,151.6271657497897,117.56989743146347,146.70531461828605,163.00683119195844
108.88099488478544,73.99520370487384,112.47057486648411,89.41514267809771,101.17819763882196,128.55764424734446,62.85218127365224,88.56732149615992,107.1482917704601,122.9150806281507,171.59888614357635,186.4311053966168,189.3789896085536,180.73131606759404,177.34694435406695,0.0,153.24583790994453,126.54297071163371,156.74427415692242,134.22870538035073,146.445796409435,181.7419002818654,145.7640307604774,147.1118527003834,146.12933739407978,188.45539427543844,152.64267354204296,204.5967219980455,161.65381772064927,193.0812793371281,153.90507996784245,106.84294610513513,69.21070346975661,127.92191046976686,167.62724941051297,140.30502057865203,161.72401621788862,87.8900026005115,135.5203089524092,123.95860870888596,132.18247672205544,150.1681783614269,126.02330888820188,169.9428586653258,131.7617174805015,186.2566366614268,174.6037976530344,160.9428464371357,123.85252775256674,125.52617711477116,159.5382343537376,108.26720293043894,134.4289281382559,99.7896457804646,124.395568813943,139.9796177387738,141.7075940875401,111.16293682389949,186.1426780976313,129.3085365096434,147.6057602408933,168.24680299971283,151.9044001084826,157.29397724538072,170.93698090860454,177.1888683169568,128.55162408876555,171.8049551361584,146.07956300976954,130.55606601769932,149.04763241121225,164.96739638893013,147.04089431913025,128.85051318576103,129.90656554451547,132.53307276815832,165.4564413696835,177.34452995589896,150.7976522907,142.76121599358092,139.3466185203642,128.78667302113476,89.70006329106414,104.3743572108228,118.76827926515824,115.61086243820203,154.270185075381,181.71665748465307,136.56928953530235,142.02011955233417,171.91649930230253,156.0639326459279,148.57068381388905,129.42962956888385,128.4963784431012,176.72339732591394,144.5881368258537,168.34302244069448,131.84400607898766,126.7390836952422
158.66158861868726,167.92908852433777,143.1353523263991,175.669562960475,182.79616489431413,137.81179712995188,167.3118620825449,164.885118861812,148.5208071710004,170.61054105979116,153.3216773620155,119.17880952601064,111.3035538985596,72.58272473595827,101.48312963156496,153.24583790994453,0.0,111.09937186832522,61.33710556592664,125.37539162256644,79.79427370127345,137.4426485898524,111.4398462580918,123.65385142813072,171.5814717630572,157.80753706914834,133.4255621685323,147.48234531515067,118.29190192796388,144.25345349553925,135.9756730960345,168.9782843263868,161.4905339032634,120.71754368609828,137.33985725859415,148.57811462626768,164.1631879663957,164.06849099695432,175.63099886430427,170.59630710140465,160.6406360551661,154.9818439600379,168.52450428907355,160.08202567231524,169.6983566758105,163.22899382934904,159.81513030069937,128.8175900042009,155.40343638388913,156.71802133515337,139.3269276854142,152.6530545021962,153.81588277493495,180.82698608220085,165.74005659737497,126.7869789526987,166.83425015107258,161.0012753823442,152.59472210640794,148.90874833495866,124.42149895646686,95.0220406938809,113.52085390736596,104.5457317801004,105.1881963940389,100.81707702676698,170.27563130820042,86.1130694111922,96.5939415569366,132.4704630724234,92.18167802713964,133.08023806417611,119.57120650782474,159.04228742994698,106.721092179538,142.1807645173444,108.4670738794395,121.5601885036282,185.3519869992537,172.04232986370062,118.58760708610744,160.92427197270447,173.83276723040245,153.60521911365302,166.6437089529938,157.94052908005162,170.77403917051055,135.7710671390498,156.38412211878642,158.11235154556925,141.825576016031,165.1367412199278,150.25557480605917,169.47142788135628,154.46843289546308,162.52344392282538,161.90974574616408,151.56871353509112,146.2641079668972,160.57024292649788
164.52439966551606,129.25919440488587,125.21853316559734,172.4550806552648,161.24538676176974,135.13533131654958,147.079368849017,144.37823532916315,129.37148803050323,188.88639522172264,180.1494582946529,153.00984240971388,156.4414766704212,131.26834425051072,132.95702263388662,126.54297071163371,111.09937186832522,0.0,103.07701438196408,83.69901873813728,90.92702577416752,149.05980933707716,95.4155521929191,135.7745123869616,188.43278253585729,177.49227956719838,116.60497187208428,163.18131805239997,125.05340003135076,152.06757147117168,146.78376702806418,165.22666682879827,140.40599653484827,58.532638272032,111.83477534897172,97.61740499137692,127.20043797004814,168.4322943618176,175.61744209553268,179.18024343897093,126.74160484467104,167.03979260234212,153.42393561566416,183.0121580753108,151.70886922294582,171.20682242129976,147.27127259408087,123.61811779086293,126.84045737592244,126.80873493321673,143.85160847550728,121.1662528268975,112.21506076459796,162.16726420707352,138.82620200077122,137.54526191168566,133.83048203269206,152.19173187085465,173.4477354881982,162.40979952938432,144.49404694666023,144.59499171799132,160.9023247609837,145.2178155309328,138.62886692950394,138.52315941949036,154.28020751915923,127.58764248277728,89.3687024911959,57.20501131781511,101.6982087241914,141.32442265090873,109.78932323537288,168.2656972047215,135.9957908346056,160.7559266972214,114.38216964037278,132.7770387189845,190.71432242924635,167.93754834744576,117.23605220006296,110.550523383303,143.94008553371435,133.8231442250782,158.02005875930797,116.81148425292533,138.82237385594885,146.67990915568942,120.35910968877104,154.27821526860305,150.85027877403607,174.8509693355794,158.24910954084797,164.94205620890398,173.68354751679146,182.09539221317425,164.70586663524108,148.2289932832968,130.0562845073743,156.87315370506093
165.91385524533976,173.64212128165596,152.52002747116092,177.1145475242772,186.4702760997312,152.21234665552112,172.59148091240402,163.32565915948007,157.1892656798978,178.6548717535976,156.76536627635346,135.8808727836357,113.80193913999764,75.80363757352308,109.0932061867175,156.74427415692242,61.33710556592664,103.07701438196408,0.0,132.19944494895233,78.07795683401116,130.82640689499036,110.55500299815186,146.20699836175328,172.10101889098718,160.77984865061316,134.36756976186217,147.88738505057128,132.24069522198647,142.28645576550022,132.7856961381692,169.90788607158566,159.49715727356997,102.71726834062912,135.17603496277195,141.48926839737825,156.7794953962418,166.72531528841122,182.88813464220675,180.07714061477424,167.66446287618564,162.4061054228968,164.2474086613581,168.3591136783143,147.8044712164727,162.97146823991844,140.86016610133896,125.26805000022183,169.79876488774818,161.17463782855134,149.56138039583726,160.2033391421249,159.1232877950651,180.62819830860636,169.77362317554008,136.4648692093005,167.75950795765584,163.2967139705649,157.29620059588498,157.84795195402205,127.78921027534923,95.65542728861465,114.92732415528005,96.00984522225728,108.0456607157724,112.4753684248262,183.3530651162219,73.08134549838107,96.69778528564936,124.13173911777976,102.58157140680356,141.12386696859818,120.89435950469962,166.35195729329408,122.09796718635064,153.9013072710427,117.85751298779395,128.00144095562462,180.32810167654955,176.42592903751398,130.45198074145452,155.20703378359292,169.27553680053646,160.480868003831,156.0155490755196,151.63021901613143,162.77774789689175,127.5319196331457,157.91074934127602,168.74467046207957,146.5047694308936,169.0556497107872,155.35861863270128,180.6462605599997,167.84206719630768,166.3137972111038,154.37187299100935,149.47773177200636,163.7782192838612,168.6504678197996
157.3691520649288,133.97020890565955,130.4466633761053,183.4291138956504,169.4290108774456,128.39990486498718,148.2162078203798,166.3233281207065,124.34936234970378,179.0217601646932,169.8057186322029,152.99409335786635,154.11599142037238,141.54642934176206,124.92501167795592,134.22870538035073,125.37539162256644,83.69901873813728,132.19944494895233,0.0,99.58837828451271,156.06158563343314,87.60613592277318,129.93160288177876,194.76518845158708,178.2771644695473,89.16107319925362,150.84375526124393,109.0691015461416,139.36966819556014,146.20770416099566,149.99775784903105,148.18672654410926,110.95066032641128,121.63387438638998,91.11823473321344,117.8811404365147,159.30692886770566,153.0713391252677,150.47358901708247,106.6858175412062,150.430008367232,152.65264276438756,156.35019545275324,168.9768251087659,134.2803094718552,150.58599065315954,112.08198916921336,90.26148037843834,102.10894616344652,127.20693649013228,121.61541075324362,117.26657793231702,174.3386140721515,146.00784453439562,125.45742336328996,154.7676435402215,164.5954951590896,168.40966938359543,165.6857743599869,151.0460421619774,155.28799901512974,159.57586636248823,139.46074302023044,127.29647548574653,125.4784351928305,125.87982054921171,143.82869008927787,115.49968650828995,80.2341253217969,84.79222744157889,141.24299866796866,90.0684131589608,139.83222596225536,152.30522462717303,167.3859789812144,91.7058466123224,121.64279307800057,176.91991202569562,146.50839695033932,124.28145965993636,106.95752872388314,154.19035708273137,139.34899797153406,163.0359346483001,105.76115881927764,131.74388557516963,134.52282320773327,93.09770235537212,119.35716895346732,139.6051914191355,154.99809454291386,143.35409831425017,162.92620366900502,147.02201081719755,150.0022544011257,142.67714542081404,109.27941913846104,98.21645466858472,121.09403325571697
167.79562405809213,168.18055101629704,156.9838874002275,176.5890572627357,182.9012873086361,149.99063884486867,165.0218776819769,165.1183654281504,149.10926302526906,180.2493838016176,159.93501738143675,121.76087808530224,128.3878885593176,89.45458711226532,82.45402738215195,146.445796409435,79.79427370127345,90.92702577416752,78.07795683401116,99.58837828451271,0.0,132.81133036492056,80.128237883929,118.52442360322875,182.8735173364693,158.58764345498378,112.51050011014924,144.09544229952576,95.119236056297,131.40579842513048,140.74103864632406,170.8669933089339,153.96039994979714,107.64639575952836,125.98717515017428,132.98458346453026,154.20621061744205,168.57876590899505,168.9017818243127,166.2952928159367,150.60160367915262,155.35764238610113,169.45796893182597,171.60951149008793,164.84535667616993,157.3047511853677,155.6684524777694,114.76568191425662,153.76922672380115,152.8632582006843,139.87674600616458,156.06735216211806,154.4103334124831,183.3505335249528,175.91260877704707,136.71813100091617,170.00987807277662,172.60986156744394,160.53269602454932,159.9217214654139,136.81158067307354,125.14858064316005,136.99068459407664,118.04137823489911,109.1841301844866,91.46060228382088,161.44160610869125,104.6018850173902,97.68407617364896,108.45022234317346,76.03895985641255,132.39752164872115,109.29568483902344,155.7243948097138,124.1090176521119,158.11205589968603,87.05107340201673,113.3865203458373,187.8163001446653,174.52733483429296,112.72676531016496,145.4551618015323,164.95440936171713,148.0753429207972,159.012181570209,143.32723367181367,159.17620431332122,136.56422889937176,147.6652973618642,150.7610010800839,145.5177621187241,157.5352394197037,151.15225186174948,174.47802026369033,158.80003222974906,169.33349587037213,155.46338624532814,140.23516233716086,149.44469271035217,155.98231094008884
