0,1,2,3,4,5,6,7,8,9,10,11,12,13,14,15,16,17,18,19,20,21,22,23,24,25,26,27,28,29,30,31,32,33,34,35,36,37,38,39,40,41,42,43,44,45,46,47,48,49,50,51,52,53,54,55,56,57,58,59,60,61,62,63,64,65,66,67,68,69,70,71,72,73,74,75,76,77,78,79,80,81,82,83,84,85,86,87,88,89,90,91,92,93,94,95,96,97,98,99
0.0,129.73854551950924,127.12945343474684,124.0049547264924,127.38971238984348,103.958737804037,101.5085160088968,123.03616956203427,120.69851020364996,138.59833162600262,144.33559202115208,147.68830192157844,139.01245438920006,151.2113947823837,147.79264102851386,111.67115941566038,137.83020450116652,126.04601388049804,147.9465997284125,102.18693046014596,130.95936839496636,148.70830613007604,140.9300249562071,156.47635396807232,135.81432363504055,161.54531507606623,134.0662770061096,131.19724583968983,121.74726345187752,141.806573629487,148.8934824137075,130.94297061555756,136.220460772839,138.63222113154802,149.4829080027255,129.16675500409195,111.62424063139532,132.2659614977752,136.7987390267296,132.0883599595678,127.133457140248,151.52428865199693,148.62470725473145,114.8111761557952,118.537279938464,125.542567875187,136.30376068697015,131.83341682986676,96.88168903479198,110.6605660212918,117.66931077073458,132.69884216833165,118.7744166570362,136.59440248338052,122.68149722020782,108.65215390061718,125.76401494785723,133.73790879413056,149.95097505177984,148.70736533150273,151.33942935257664,142.11001272598008,150.92227312890174,157.6743500849993,150.29899007047072,150.31500034381676,107.7303629530937,146.23525954828432,144.1536211793918,127.31019630162668,128.19133620526046,149.89438331371113,141.34588253248202,153.79298549554068,147.6555334751513,141.94097510734318,128.31582881283566,161.11820018578976,145.12957073507135,129.72196697959896,149.32958010442815,131.43520441634115,137.79431183824795,137.55604580191772,161.27182599581795,136.73284332136467,115.8718580704085,146.90926151747496,116.49144167479837,124.76870294731587,132.05258383761748,146.30597261190948,145.12441832501415,118.15033766381448,151.20469728925423,113.20367965106016,122.30176018051604,126.02802055341988,107.14854272687832,113.920989621892
129.73854551950924,0.0,82.32654113115056,96.31525145423429,62.31546514336228,96.17953823151612,97.39516888438368,83.6369007054468,73.7097013212531,137.58497836695568,133.79894734244624,122.19380018117717,101.26935651799806,132.9992907640593,149.97188607535952,66.96631050386685,105.56737985421348,96.25259232799677,134.49787400324033,90.79654310783312,137.12164040029447,135.58841030424475,113.04978844763558,123.16872681884166,134.11816329738778,123.09385960019785,118.65700261439348,125.21001002504865,117.40947774146784,109.60238300370284,141.81300527607613,145.89523116930866,135.71505573439913,113.54336188067946,124.45312388987092,138.7610665204627,113.96896807996092,118.43820111904034,123.60069043623692,112.341172054402,108.0489919207375,129.264158891767,123.07620719770505,134.75718297794066,114.13398711215034,134.57396458574604,118.08416468147249,136.65180490543597,136.39053490170522,137.21494119637964,119.8667040595899,59.850614619911696,77.91267625633864,91.94616216328232,82.2521089630103,102.30974284086868,79.50464771760102,68.88457200688102,132.6094292817999,120.27239197466088,133.61209858589132,95.07652131196645,122.73689639636186,120.3999499762021,130.31489011549647,155.07507950749692,115.28257954003456,114.00424234806827,132.97864377927388,94.0072089000552,122.4204412227228,139.38073501992346,119.61041380790832,138.2603530395452,117.49823347382411,134.20853429550036,126.83459203622762,138.55756462337425,135.75353042211503,155.59074420331189,123.06034552284362,100.73559153933964,126.76198423821472,120.86810332194996,154.7717006495148,122.71141490087754,137.20360816321616,144.787707994467,132.08711689767927,113.23367335822118,138.21098047725735,146.48382279956363,131.8891012475941,132.41151894887318,127.06069401859892,147.9953795174539,140.37734228935562,126.0728405725142,152.71421390108986,142.7840546202736
127.12945343474684,82.32654113115056,0.0,123.26062503210946,101.10754609767582,93.50958245417802,112.39587973720184,93.2135791145014,86.45094554392237,130.3404453826903,138.6748418369154,121.58568856842656,110.86222472721602,118.01713753811786,122.91066986515406,93.66190213816556,110.05800216636077,97.99004350067524,132.27393594962862,95.4517926405303,122.8761172105042,119.3269174429734,97.43526228665084,118.3820856383862,116.31306451724944,116.75074640929596,118.4383706276241,132.45874874864683,100.79235612885228,106.0675223409007,130.83235627487971,159.9634277956617,147.37305500330456,110.32198464955589,125.49772297399862,140.07274792758807,122.51918399922276,125.60496354553172,120.59907311006576,125.1878355729222,131.2772469380676,125.16036327906087,124.19911493579824,154.14978864437765,129.38732207257908,143.03574776635384,130.06498780589192,149.23261068356663,143.4142730649896,143.67562198931176,117.29536247748923,78.85732611933192,102.3359482265818,130.00594390277797,76.85976771864537,84.09735970432877,85.45423552090843,80.41152023337959,133.3825536230837,130.17400767991404,139.60361391277968,102.3351248870402,108.41222606357324,108.65522196267968,118.25380996987188,131.3410905979269,123.61057536144132,102.22512111560908,111.60201053731234,87.4003857925996,93.20182454779172,130.42957053844663,92.75579695593112,125.80910176827722,108.53202429575752,130.00198154239834,113.45519011173486,114.185960899552,138.9713598619242,164.00082973014383,109.44939877081836,123.3929783888618,130.5458154634045,114.01599010715088,141.76309475555743,124.41297331522452,138.69786907458018,134.98852175729706,135.80815342935347,119.33046491222537,154.70457564286374,134.11629941959592,127.30162713469971,132.32425655000975,118.8201469056243,165.5203282798467,142.47925376738596,137.16439568859363,154.3137331314402,150.80847970003128
124.0049547264924,96.31525145423429,123.26062503210946,0.0,62.133011438632266,108.13111875101112,79.54551337185839,64.73597222504068,79.66288987862166,135.55352138882702,129.74725526565874,136.1747229774792,124.9117810109326,119.90757895367204,136.34234811330109,103.20566398116377,107.92534942400007,119.23710829773424,113.10209401979483,124.8819403556394,116.30459748166938,153.64874812113078,128.14870858711947,144.55262018823234,140.4494790912468,160.6715335634044,157.21984494747971,142.6919726741395,134.04398049354864,138.06823145764807,149.7461795245228,139.43027604525133,134.59916513216788,125.88022487755612,153.06748978251767,154.14748004695983,133.8829725843255,127.1201384208976,128.02880556765228,116.40151671229572,117.71213931515676,161.48455465072328,134.4235071049877,121.33461287361018,127.13071335176262,141.55621337389803,139.3654695586548,134.62758968367922,126.5257490736662,123.43588799221408,161.11551899694632,131.45718809125933,128.93328727806937,56.42321285711269,122.65296222010966,121.31498438574542,92.5333847241172,82.11198846990172,155.8864333236271,146.15165403944795,172.3915638613433,129.4734592696275,151.71539276166482,128.7238272497091,138.84577457370278,132.82389365694078,117.32627771971242,131.34142178553867,159.3565608124861,125.18275189136445,136.75569507747656,189.99022213126068,146.08814619798142,172.94418357310576,152.21655803168713,170.94026507386425,139.7389188925057,158.2912629428454,105.11181166925508,152.82142502399995,167.2746847021114,131.55280911397128,157.29365680772696,152.6695399026059,172.50557091032297,166.78118406845496,147.17341778817996,147.43250194215423,134.9006793794859,144.66800404618107,144.9710541067804,160.9778496484724,146.20629720359085,143.5252977114033,161.3190564897405,122.95221648837187,161.35128789387113,150.79571291390593,149.1685770448994,124.54373726291814
127.38971238984348,62.31546514336228,101.10754609767582,62.133011438632266,0.0,94.8888725536608,84.54614585654251,70.4912192969147,65.01216920272611,139.35770800423543,122.98442937088524,125.18988329760684,108.15726977531968,115.69558290827888,138.3390331184355,82.77517361702152,91.8599703601658,106.56692309962446,118.237375702792,105.741915460936,122.2972209666604,135.11145329946402,112.57756169240386,123.76551396961716,132.7670474299711,140.9912572597001,131.06083375775364,132.75409840586482,121.31052641103084,116.57730850946618,152.1897685430593,145.46312807337753,143.89839056306025,107.82254970324443,123.7414770601161,144.3818973187512,117.89246602905187,130.9149217368981,131.3686527047011,118.79339019056496,100.63440246006914,139.65307972683493,118.18037702499517,125.85116269305216,111.98507915449532,133.27598294544407,121.97738785899408,123.67391191270347,131.57924621691774,130.71438347131385,144.5900250675522,98.86698257132564,100.23681980814354,60.28050374945349,93.80102842755164,113.03471683203104,79.34719536454514,69.7817480204182,139.941451848593,126.18163767714236,153.36916144629228,111.75498703580912,141.6547693269692,116.35948876168284,122.3509659890834,139.2829126629453,115.32485678301111,121.31506393870856,144.9594593213186,109.119561536723,130.374910175845,165.74057858636755,128.40807998227191,162.52855930426358,132.50362440225936,153.4302007348574,130.65513278938715,150.60980446368853,124.19179818876783,154.76574398638974,143.32895230589375,110.86675700259602,140.88602890313325,129.08571984342893,160.94657660921837,138.16088187307355,138.62602803067583,143.07101330032856,132.25785781891886,126.6693137044621,142.82375067659854,156.54532672832772,144.54959992343953,140.2185199625551,139.85421022060137,134.0983857700917,150.0840978942339,135.36699847857724,151.64175715789847,136.25838833082116
103.958737804037,96.17953823151612,93.50958245417802,108.13111875101112,94.8888725536608,0.0,90.85326779140472,105.97556629970624,81.90823296142158,139.25254985208147,152.3123344582133,147.77413820942738,128.44638063500443,120.9664745576863,127.60344883026016,101.57710915907168,124.02843296948296,128.2395688303256,142.93572896601006,102.09165840065714,121.2964337336894,132.55516862088515,116.61258824709694,142.49922620099883,147.981897973526,148.39548846646005,110.84505202422228,140.01927993608723,106.66380260677752,102.52151097906052,145.47017417023204,133.29618316967242,133.21276619190346,132.3489124446101,131.17804557272348,137.0756374615906,119.65668191520632,115.11243028988542,115.7419848674325,114.17514271847816,121.53655481358943,142.36991586200986,133.22760596759355,131.33073495091725,106.86390408034838,124.91608249660597,118.48055306051144,120.18998407247877,111.19278141426636,116.33433722574696,142.87076527190203,113.18785497165844,128.78154870187,117.17982813029214,69.30851471396412,83.9311050605504,113.75351179232672,94.58922621260643,148.0268677476615,148.1158497629259,155.84821387266703,119.75694121434724,133.8138340449488,141.19411914537432,133.93105784003,124.29069983379851,108.88615476044694,136.125427026203,155.5837802832185,126.7394224216723,125.99584235882956,157.69222737125335,126.7161385500722,143.8404867620801,145.2173022573901,158.65172635056604,122.24620397766051,134.83445814722273,142.0743810397176,142.46438489922144,154.05958539182393,137.61082899316344,126.91197799472796,131.83179345413703,148.26830806336235,133.95755670015126,128.19798269808786,148.76462677332376,118.4698317035998,133.23238940442894,141.8164824922445,132.04112068564328,128.65598495718052,148.10270324478387,142.4932066309276,136.05128077554417,135.10414040648672,123.38456380121904,127.78629378203031,132.1273318667653
101.5085160088968,97.39516888438368,112.39587973720184,79.54551337185839,84.54614585654251,90.85326779140472,0.0,62.59885700663501,78.51100418979627,139.92220911649616,144.98465754461972,153.73754815991413,129.1878987898208,131.39454502645887,152.20164707461402,91.25254125511356,116.98612833329642,110.13707358696054,126.41371580600055,108.4201672550568,128.97781804779976,145.93191121149084,124.6892109766688,158.3215168670273,153.50056519980075,160.72137376656528,141.5792824186464,148.51402683132818,130.62266826112693,137.07394823589095,152.38980873074462,135.45693188704453,126.3313765798533,122.83970723506184,145.20495321504998,128.86427986962184,118.64846932040332,114.29194025788306,111.35583503944072,96.68914630679214,98.76718689525852,152.26271318315008,139.4466848323183,113.30077981723484,109.7143093271042,117.36507803668894,120.07007273610422,112.03974178970874,90.47779941235343,93.52626274805397,143.64028028319996,120.94332586167474,120.30077309868862,94.42844562575613,119.16265057655744,99.34058217275002,88.87394934577604,89.34504203148552,149.10743378984904,152.2121700879803,163.70660825273126,129.8213182887065,144.3005556453836,138.06723693212012,140.14969946143975,150.43418588150757,84.70530341346836,135.90901384382408,154.18077417234122,118.25776121906252,128.05631384365734,161.28262573798665,133.17504262797434,148.75706573805672,153.54691584142853,165.03272762196428,141.09140511844603,158.632816907915,134.7675493373886,139.8850656096266,162.57262381630989,128.08439191673182,146.28980299798266,148.25215682131687,171.98496432424542,144.95113466856154,128.37766808038054,153.94717187867067,109.34326240308512,132.17760744204895,124.20057608467172,138.3903694521678,134.0172944251053,149.85227806771064,160.74571673549912,109.19965812694238,131.54229702545155,123.94296574675704,113.133036448276,104.51344165806938
123.03616956203427,83.6369007054468,93.2135791145014,64.73597222504068,70.4912192969147,105.97556629970624,62.59885700663501,0.0,65.46055826086246,126.24855441397656,137.62714999916437,129.7837601210533,109.66081211246532,119.00102975150162,142.24998851419065,85.82379685113465,100.43796962297534,89.08364015263336,116.42457609920584,110.15371168640932,117.13261951400398,146.52395146756163,114.6306165139404,134.68422717007684,130.87418376131035,145.35787092534872,143.751963288096,146.13221676124044,121.5861918769167,135.5089030332881,146.9617367417929,159.53555327326836,141.09804399207246,110.95063616521324,146.61963173053772,145.32043380024282,126.51452952665876,128.01916434175956,116.09468855284238,116.51857114752852,111.00358476474948,151.1152163536135,130.10158354762382,130.7102425590925,128.49487785090582,141.1227860383524,134.35562009467807,139.7782673426526,127.02820112063176,130.67385173678773,141.0479174752993,110.57675390343226,113.90419465946766,86.47494963361638,108.39679475768402,106.13686947604468,57.19222557186315,64.78014809055482,142.27519148798808,137.14646133289267,159.8929922472076,110.41686611063074,130.26997988123858,117.0180160002548,128.920056552092,138.2157507696209,97.31881488175183,112.49227773021396,136.18104970972277,94.42031057085366,109.82085240749842,159.69080559065193,118.40636009253646,145.6641543759103,134.53761766087476,151.11570259184575,131.01552808743432,147.330423440662,121.22898492002844,164.9312370334257,143.8170981554198,117.79163145562184,149.23534383929174,134.82340479150662,158.9577612106561,145.7064649803214,140.08749006785746,138.4725906302666,126.94512710417824,123.78691786721794,152.7345537273037,147.3789345528183,133.46336645188416,134.32097041390233,149.3529841203278,130.7896616184805,148.50048843632553,141.60568954423715,144.44767461505538,129.47619506443704
120.69851020364996,73.7097013212531,86.45094554392237,79.66288987862166,65.01216920272611,81.90823296142158,78.51100418979627,65.46055826086246,0.0,128.57992205964158,132.53051326040264,126.03427469042042,93.35584242216788,102.57495109661116,124.66322469384156,87.25626827015778,90.41328355394876,110.66421637789566,119.23728665080289,109.51175625931282,117.40972613947775,133.53031859650775,103.67006069656208,131.4722609400669,123.09382070389177,140.76431827520014,103.68532308612836,133.84052233677602,111.763196058712,94.14148695761298,148.2443898170067,143.57086206410742,128.56169636145552,114.08778488837632,121.55896384322432,137.6771498689045,105.72979332054292,112.01154206904631,123.21078462503574,112.227897344394,104.08378132919488,146.78810753282633,121.7619382383363,126.03026336514873,101.8094624974732,121.89164645272288,118.29313214409846,120.25773307532396,112.2739924090809,118.52231769915252,137.0757189156893,97.67578491014592,116.53953585384322,92.80640570556936,68.9547855793817,97.07904781084268,90.853241945215,55.62479081924194,137.7041864308254,122.71094118167969,149.82043647012034,94.83920243425152,120.446912170262,112.5559075845576,117.15014143913376,127.6846305709225,114.15589371239844,110.4506435522066,138.83123716786767,109.68716017102956,122.52762471285192,159.3670803818842,117.71112794725693,152.2342451416824,131.41170886180336,149.5090802887006,125.4379345502397,129.7642784475122,119.79698948741694,152.9609154783619,143.44667022711317,108.05665176624755,121.99044296097316,115.9014231089033,152.41272193438056,131.68446441621535,127.52713067666784,136.67445344014584,112.79722699743638,123.49802100476664,140.1747418029705,144.07677697628944,136.59181700558543,141.42618702031302,136.737105164209,130.97485403247265,136.33285795404367,127.25473916438266,137.23041764283732,119.95214617430948
138.59833162600262,137.58497836695568,130.3404453826903,135.55352138882702,139.35770800423543,139.25254985208147,139.92220911649616,126.24855441397656,128.57992205964158,0.0,114.29802855959323,118.8216576543219,118.6212506386674,111.10864891664976,97.88235429537724,135.2086705706664,140.68819196907248,146.61468771805832,139.38191397944593,137.5217025121014,111.83843260125605,162.55902198262947,141.71440136794178,104.98245966692772,116.80485673788388,146.8326774647745,133.4007958000596,116.23441035791473,107.36540346200324,135.80735229762564,161.2738702311326,152.84401854255722,155.60645147481478,152.98565297592623,166.6658739244703,171.8385607541909,113.6147284854163,128.5576117293008,100.81354800729456,152.3461029920999,169.5543952929354,163.50304202167626,156.23066443604029,135.23335195418173,154.93142002498348,146.38391820102524,169.30681030248283,165.07142366914397,137.50747710343785,154.64070701249503,136.5144487023906,133.85336827472963,129.86639059165464,146.23124817297423,122.9985952091125,132.38464149958057,132.9822940479961,120.72834755745212,80.54022122481774,121.09611723700738,141.84470936710315,122.86636188691328,128.4662664243058,119.32275778816908,125.61730513992649,102.6700904300458,143.1499604385578,118.84039145878636,131.81142470681053,140.489936750813,98.69801114302324,148.0521799057607,117.76033886706252,114.66481683197304,108.65733830340524,122.99692031640038,89.60556841655485,105.23286006477846,142.7205551526783,154.07676168874897,132.40065678203882,145.08848490419595,137.09182199474338,143.23956227188157,100.28764168366692,154.00849729717538,105.84775418868676,113.75276594999929,138.7545824908779,140.02073513245892,159.01034059663897,116.21018539538208,58.54271989525379,131.67970550198473,137.14014917887897,127.03758218096807,140.1937401154449,145.57312382009468,137.5527741701287,142.10143676479657
144.33559202115208,133.79894734244624,138.6748418369154,129.74725526565874,122.98442937088524,152.3123344582133,144.98465754461972,137.62714999916437,132.53051326040264,114.29802855959323,0.0,107.33093337031396,127.05660794552035,123.98338437018434,118.80207064289336,143.78006567166304,124.78683448547378,146.6210366311381,120.58846560290664,154.55685398924925,132.6766556211495,149.7637133456604,140.37141416406078,122.45896632257605,95.61183732517048,134.86789555106952,148.2766579014614,121.81980830000948,137.89993734384848,133.36499327249578,158.74422404357608,149.06462863150506,156.4786910262456,145.46939106681546,155.98069995747045,162.17847157349237,132.38713908308046,141.63353710550493,131.94035539251132,147.68897866479455,157.51810659669047,148.2371349786991,142.8978187663455,147.71160864386565,155.6191386668146,146.14837687209888,159.34739982355404,163.9273261472332,145.68981332798637,151.91150358045985,137.18598503561836,138.0317871988819,129.92866616448586,128.7897002714139,142.21141955863484,142.98903464582102,137.00637087011145,122.71168013095983,95.29655845153692,107.51387041319649,152.1520937203768,140.75021195923608,156.54441859109667,125.82212580366767,139.50017826347545,119.4395274706839,152.61485264450675,131.64377643110248,151.9363364850566,150.24991093483453,139.13797241419024,164.66372326442394,137.6017536726114,152.3277356331271,115.4791060414246,123.7532905736117,133.38054671289203,135.85628332755488,138.1317283499675,144.58401655234098,150.79871981895997,149.2960456959955,161.0889870417738,153.04022945408252,148.4419632688903,168.4324155546019,138.10441452484133,129.81136322969763,155.64948444801445,148.03913960953565,156.0856157106631,141.33134465172148,134.68250625166667,138.2556282575118,142.50928815048798,144.37311246272384,148.69516012941733,156.95067908329844,148.01391247468436,149.31820950003106
147.68830192157844,122.19380018117717,121.58568856842656,136.1747229774792,125.18988329760684,147.77413820942738,153.73754815991413,129.7837601210533,126.03427469042042,118.8216576543219,107.33093337031396,0.0,95.82622444124628,127.0089125223994,126.36464246321404,129.5814932403311,114.40923974159053,130.70156634752985,134.81926153012884,142.28008072269833,122.50800708124464,164.7212400116241,136.85756716972838,93.51438792441796,91.61643744178131,102.24735210019666,148.59616760847797,131.7729812162816,131.36054864280868,132.52318835196968,166.39036906426622,163.04147396219415,158.69505475546796,145.67099076981867,165.6745863892751,167.80118386954655,145.50091628109118,141.1853294415326,135.40812619388933,159.26671301184402,168.18889579144465,149.13702718295866,146.7974842871087,168.76096650204448,176.234576138945,177.33649200616986,176.1817342972909,186.07109945752768,164.35511230066976,181.10933693816668,130.24488677108468,124.36362150219524,116.28451135590085,137.26702173629883,123.2206044265476,135.44636764175647,127.5079606110352,119.96879878799368,116.9464398160112,89.53745859311397,119.8643229362726,104.14082581254338,133.83870826085138,105.56927247690558,131.7690330210731,125.5009246913208,177.02783152060164,105.4120866392922,124.3251337376704,128.02293803700178,114.6905421701114,160.56609378373017,125.41716189404283,149.5395649634662,90.03633007447283,112.2635649728646,120.5662717294895,115.23682933514962,145.7876755427127,170.15618903725615,115.82676704110791,136.98128479217576,153.76914271734265,148.1609349079744,138.05461139415087,160.01376445063462,153.3907648527902,134.5632041104182,166.8565317737929,141.34164227056485,169.85709339899637,154.48784149604973,137.4901577192257,137.09119973927454,130.95877925222055,166.8318384660306,165.26269028682103,168.1177358590748,174.5472465082411,168.7339887799348
139.01245438920006,101.26935651799806,110.86222472721602,124.9117810109326,108.15726977531968,128.44638063500443,129.1878987898208,109.66081211246532,93.35584242216788,118.6212506386674,127.05660794552035,95.82622444124628,0.0,99.18667459126743,128.2100139284732,100.96858731711328,101.6208726058644,118.08719476897872,129.121103429861,121.00392242342346,119.58616842368365,137.12087373183343,110.5734788283802,112.65375886878438,111.42012071204718,122.93732765736408,128.2860634234454,120.16393173467972,114.2185012752715,107.57978898249957,153.49315843866458,161.06139056708395,140.3364593753254,124.27004399435036,134.47504202106373,151.27276852113198,118.84511672125348,125.50295011691225,127.6955740423279,139.15848123970864,141.7095401125244,148.12638095617368,132.68211005363608,157.95466440422206,144.4233565679385,154.59807870958892,147.71752861382691,155.93234630937943,150.30521200862137,160.39831963456982,123.79851164092116,101.36619861867864,106.49382597756968,123.90840588713556,98.89285622162126,122.7181588417,115.16876285014152,94.25776361706332,142.94268439267802,100.6802358152121,123.50783826825293,56.88675882388647,102.85738521854644,85.4892558673116,106.41572721021912,129.4206500292952,148.25550353780335,84.17050119662699,114.7946204949478,115.98866540660502,116.08953116394584,147.9502953316529,114.14920729936529,148.05872045428924,112.50471453212106,129.00082218395067,115.0234112608065,112.3348253884613,122.99296328143868,174.93335919812142,129.44931283390298,118.5629365017423,121.7608376993705,123.82815153721624,147.51393044968393,132.0011900822869,131.5980303299959,122.01948817768184,140.63502718263422,135.70513577796308,154.17387406076585,151.5605733121437,132.86824906502042,133.07844356005333,125.72109366997788,152.76356543893408,148.78182879496762,145.11874143521925,158.54390446183908,149.45352555966247
151.2113947823837,132.9992907640593,118.01713753811786,119.90757895367204,115.69558290827888,120.9664745576863,131.39454502645887,119.00102975150162,102.57495109661116,111.10864891664976,123.98338437018434,127.0089125223994,99.18667459126743,0.0,75.60257858357588,130.10182199136017,91.17035763635008,125.80453285188013,90.56218753216788,142.14459497580523,93.40310988294362,133.8529214736165,98.03719798028226,137.0780423986376,132.845498822053,154.22870911409393,128.51854454185067,135.9662043557242,108.71467601263022,104.94528232559637,146.38150094416875,161.51923932607957,135.7169331900427,128.66058650232472,135.4555262997771,173.2858823623357,133.45689329897175,127.41352804824513,122.57004946742164,153.1412762582049,146.0382571178054,166.86209845349487,136.97158017109447,144.21279929006087,138.34635926520795,149.51611364790054,152.99993965067057,138.03012843571815,143.67380802238696,151.55832555013362,147.08349809990213,137.7379994253996,132.47440242014798,128.05625443591742,108.41070454357722,127.7372493057034,119.7746202893919,101.03445757791148,137.02617274350715,143.11606754439265,167.97751635333506,112.29141154805566,122.44055305726744,73.07624131298024,83.02095040403798,76.11213802820342,142.83200674940747,90.12503295466746,127.70625527723092,122.77017902474005,105.55626693860968,165.31816903059527,111.86252808587474,145.42056646701886,141.2546959204139,161.29560556859616,107.74397915261092,113.40566082763073,120.59759146289755,167.8625077390776,154.609641717938,148.8749964057826,145.89232332514723,147.09788447257648,139.42079164200166,157.2554325024677,139.1571998456162,139.6425440805743,150.21328845154426,168.04943112852504,157.97958361337626,140.74977235329737,117.9169901192304,159.01336180417803,162.02097226971784,137.96890938873076,161.374368198488,141.50379819010385,151.4612986752294,148.78305590290523
147.79264102851386,149.97188607535952,122.91066986515406,136.34234811330109,138.3390331184355,127.60344883026016,152.20164707461402,142.24998851419065,124.66322469384156,97.88235429537724,118.80207064289336,126.36464246321404,128.2100139284732,75.60257858357588,0.0,144.08318337427443,116.81564633314596,140.32574426076607,115.45317587845877,135.5699301265497,88.31812979548042,127.9682313015251,98.32783628117228,116.656011247191,110.75130565500598,134.79819212096825,120.79927856393007,110.8556252145736,86.19981805618461,105.52402832200973,137.4551739263745,157.28561921112228,144.55236699127732,128.9967680785747,133.08362617165216,162.3775969368288,131.5178446496861,136.5596376399561,129.97732947330712,172.5677096682507,164.11264474171404,150.33134181977834,130.65795053619422,144.4014000087016,142.24590134324615,158.11315996156594,154.51673119272965,150.43753027395564,152.2405730431148,163.7247069212334,143.26074699285567,147.84093774229052,143.59057745114026,145.2211665704429,113.90543488373824,135.81801276841963,135.8750180057713,126.59155670575753,115.17246773032608,139.8047437733699,164.8514492765969,131.65628368461145,117.69074002466566,92.53140003331288,93.18251728097152,48.52274374045961,154.54409742552667,102.1421637832853,127.39848268583692,131.23916814015473,89.56705398969092,158.67184446545207,102.74077465433088,142.96845370810183,115.63128930558196,143.88764625264417,83.96216184162094,90.69446496158407,130.3480146355808,161.8083738007987,132.1375825144197,158.80147513133892,155.40529291754697,136.15420936224447,112.67014729058212,156.50428856346255,135.9060508052332,137.76040429635745,153.22448223218697,168.557675143483,170.82200279360725,139.93467444266636,110.95240352386188,159.08901186307378,150.87614090413445,149.51448832482174,164.6224467429393,149.51063754601256,158.5630354357169,164.46414751695292
111.67115941566038,66.96631050386685,93.66190213816556,103.20566398116377,82.77517361702152,101.57710915907168,91.25254125511356,85.82379685113465,87.25626827015778,135.2086705706664,143.78006567166304,129.5814932403311,100.96858731711328,130.10182199136017,144.08318337427443,0.0,104.7236934012817,78.26517817589665,133.03484726790705,79.82643616041452,130.39522504068603,122.06052306882287,100.9461036840508,125.93286927455652,128.77676445840748,121.65443826066992,119.85851577656612,130.07170718240295,112.78872701395856,112.58748282205738,128.24834923265905,138.0112983816244,111.4714274876532,94.7636099789611,111.34585879467112,127.65561110611996,110.21717097416273,103.87724280447512,121.61080756021084,101.36458654107264,102.58292978811863,118.38752084651014,112.60344406074152,148.32366388850903,106.94243402019411,145.01576913969225,121.45408494177796,133.68121367906903,134.91048129117132,137.80026894762102,104.27862130548873,68.34691986764761,66.02849918965921,111.1759271559236,95.27266890054304,109.56355948268248,71.52998282880031,90.40630451243187,141.81462629802886,126.91699175603289,133.6798157933415,110.54615019289572,121.19385247531557,115.8782688225241,122.3369665824853,152.19207684268238,122.24671517584947,100.73898937847832,107.17244296303925,72.64056201483032,109.16478793486708,132.0998061013987,105.74681040352492,142.33012288661854,120.34970550676064,128.2401871957956,118.5715615576305,132.64921888988647,133.43957460300305,159.6681506341809,116.06247284747208,105.41513863186404,131.7582686919729,119.5624846605518,149.7990841009959,116.33991384128402,138.6672945823284,147.4671898281718,135.18307461531475,125.07286206431274,137.52361716981966,147.37310852949196,139.46857498407405,137.4524670495334,130.15880889051073,159.96146966383452,147.09554820781472,133.07436091603316,153.02512056317096,154.6787663766975
137.83020450116652,105.56737985421348,110.05800216636077,107.92534942400007,91.8599703601658,124.02843296948296,116.98612833329642,100.43796962297534,90.41328355394876,140.68819196907248,124.78683448547378,114.40923974159053,101.6208726058644,91.17035763635008,116.81564633314596,104.7236934012817,0.0,84.25500696772636,58.91526984689958,131.7831757765902,108.3050688921164,121.443770116322,80.8821685466254,138.7090081156336,122.96165714135958,134.2788899049146,126.53755381811352,151.28995394425746,132.91051789277776,104.07621549314018,135.28993071391835,151.740907812184,136.4371085116856,90.47234144537646,117.75406769245066,148.605061001506,134.77595301526145,139.69424887427363,136.85978271269985,143.76726998241736,116.97918091318816,140.80164978796637,109.54225363790124,146.63959674119684,124.90870916144708,147.84289470086864,130.05272002137542,134.55509482033892,150.99644507290006,146.84630205470867,129.2401961595624,108.65890072241427,120.65067182080932,108.34601113477116,117.4699030786633,137.6734748521481,85.91782866217156,85.89359319767131,140.5453026291989,139.74469362800914,165.59404503972962,120.70080182128808,136.36711023563635,81.59507340098511,103.5741586206432,110.13347675450127,144.21159338251857,76.7194403399272,117.25596895384356,89.88200144570442,118.21634023531082,166.65401071292374,112.61202489792078,170.30779113237614,138.1519529444016,163.5844304219715,140.52410627525384,142.08483676654066,119.82912044683336,164.42011941597465,136.47702840559896,119.99976503482358,143.9904243561364,125.87937905219542,151.37330858723342,143.36745616907473,154.29754200222405,152.8367173332394,157.7667811550105,151.6399709397385,153.9361357900978,153.2437182944279,149.21133437961583,156.90722630351033,156.72417094308486,157.85663204977925,164.15505732933025,148.73407006503214,166.0537856048407,155.0758759051425
126.04601388049804,96.25259232799677,97.99004350067524,119.23710829773424,106.56692309962446,128.2395688303256,110.13707358696054,89.08364015263336,110.66421637789566,146.61468771805832,146.6210366311381,130.70156634752985,118.08719476897872,125.80453285188013,140.32574426076607,78.26517817589665,84.25500696772636,0.0,97.07654905906784,104.86374637267524,126.57355076818806,110.23654657864004,84.90439874804488,152.06907275514752,134.64538219489862,122.11642874266995,133.01859079295005,157.3523074867137,134.73324856879913,120.00932612906412,118.48511994259532,155.01108235831126,124.45914603155528,75.16174596367223,113.19186870204582,124.26683687392094,138.8534018821305,131.906031198988,124.30623712028358,128.15778992029016,107.78063720606772,125.63535793911228,116.7275597206966,154.36456361099408,120.70657429263376,154.79977817359497,118.5675567175838,140.20600874239267,149.02644696462437,146.24918143597063,108.5981850623841,85.80550612395285,92.00367159759516,121.75868493638023,128.22248651577593,126.28618484349596,55.43428443752649,104.45924512419992,150.50421557302275,143.91897583588678,161.15429939853897,128.59772588745489,126.36053719672373,109.0052742744376,119.04716533387852,134.48445322631082,137.1045492132932,91.52581498481628,98.42061948039868,36.480565769031145,95.55841132768576,145.71561422102533,88.2885249273149,155.4969414483387,132.78711691566136,150.5180467462364,139.39580086579804,138.0725225515703,134.83113255347567,172.1590858532146,118.91579020240064,103.84571489364797,151.91292438286388,121.46965104443323,155.21887882644177,132.99382871091103,157.52546375905757,159.9782729679772,152.06297841339008,135.47043437386816,153.7282759000684,152.08982345994005,145.18227954284174,145.24410742567332,154.62367982870293,168.2808513293134,156.1260951668351,141.44225657257107,162.50776731919254,163.8372593174932
147.9465997284125,134.49787400324033,132.27393594962862,113.10209401979483,118.237375702792,142.93572896601006,126.41371580600055,116.42457609920584,119.23728665080289,139.38191397944593,120.58846560290664,134.81926153012884,129.121103429861,90.56218753216788,115.45317587845877,133.03484726790705,58.91526984689958,97.07654905906784,0.0,147.33260233394253,104.36532727536202,126.38488595833428,105.40914868333488,158.5483630982451,140.2947312108759,153.94697118732222,149.36673381557324,160.14959150207818,142.8868003410969,128.0475361689921,143.209196290149,163.92038602749295,141.24958699726176,104.18913494021218,137.03656829994893,155.7492917959574,145.456864400972,149.50159980952003,137.79036613695104,157.43001619130428,133.28479580850052,159.24525868564749,132.4697730469432,146.39769168618386,134.32853355478164,151.16291220067404,140.77892312441162,133.54137656592715,151.43869060043383,147.25209261229284,146.65235340708588,136.66430171316046,139.0379865222267,121.77423988867072,142.8273646239537,149.7370962253204,104.0726213614118,109.21295580988112,147.07780838224554,157.8590911659212,192.1190776673681,144.46673208208267,151.52699777457818,91.7506857028338,115.51855154660277,98.5292135119453,150.1369840604005,89.59291787546604,131.8323460076485,106.76272731982482,120.74783061932573,180.95576066199231,124.07849869903052,176.766684967798,151.09460896619606,179.51198455413947,147.2650748087098,149.78172705618323,125.79855309232693,164.33755836487916,157.5251342243863,143.6448187512083,168.08212504683058,150.53445666063385,159.31691688976713,166.92010376382933,154.6520746361337,158.24690445014576,165.9726817370567,169.1331878004974,158.14194946702727,158.3943239302697,145.24691763099773,166.66681449253775,180.88102897541887,148.3125697346731,168.2051698507653,153.12481504143832,162.06268650449954,153.43132011861783
102.18693046014596,90.79654310783312,95.4517926405303,124.8819403556394,105.741915460936,102.09165840065714,108.4201672550568,110.15371168640932,109.51175625931282,137.5217025121014,154.55685398924925,142.28008072269833,121.00392242342346,142.14459497580523,135.5699301265497,79.82643616041452,131.7831757765902,104.86374637267524,147.33260233394253,0.0,125.64415629802602,128.6725512170257,107.40036729703172,122.93540799677508,135.7278531406161,119.471337880212,103.29524603076996,115.2366913136822,76.43520160839263,113.0069894243264,129.64311632315474,149.6437948417887,135.65999500733903,114.4871357950088,116.19423789555466,127.42988929829022,102.60517297163176,126.5140016784361,130.82594808699622,121.75608968608564,114.74541976990233,115.74163612529532,121.65607309174536,133.60696739134852,108.76656651999448,130.37911250171848,117.32017564474393,134.50159706362038,134.51938280763372,135.74675842629938,110.383462420317,84.79168289979015,84.39789981308081,127.2581804691859,91.81557731806431,103.50048598662316,98.81333535762562,114.0606382954632,132.45904114438548,135.3265276345923,135.21465955209044,111.59105917210006,114.97140471440002,131.1609279778585,118.73063730689486,143.01808602172417,105.91644597582344,121.35301621867691,123.05532583891016,98.08485404950557,96.24082836398544,119.46935034950232,100.22016186382952,112.85444492234429,109.90206750632542,121.85648998878447,85.69259872955892,119.99221118866204,152.9614291095333,151.21606034616417,102.3256118376148,114.71834479261648,129.384024711528,114.77401526420913,133.30302311266215,106.19392361441552,125.14755155608944,132.4927146287385,125.30678497704017,101.29015437784854,143.9266748026647,149.94615091236346,125.68484676194136,125.2119815860919,116.5446334723198,152.8936127381747,131.9096156756078,119.58166293816284,147.11920969305504,146.6349151164055
130.95936839496636,137.12164040029447,122.8761172105042,116.30459748166938,122.2972209666604,121.2964337336894,128.97781804779976,117.13261951400398,117.40972613947775,111.83843260125605,132.6766556211495,122.50800708124464,119.58616842368365,93.40310988294362,88.31812979548042,130.39522504068603,108.3050688921164,126.57355076818806,104.36532727536202,125.64415629802602,0.0,153.49622276541209,115.8035725584115,135.05781489889523,133.7703582069912,156.57112702837316,141.25220108359844,136.77074200132137,110.20820273450856,124.51120299399147,152.1708572658652,151.98822639911816,153.39929387019535,145.3663715516255,156.22466002810995,165.99185853822385,136.41848073813188,125.36080959358924,130.25047341974798,169.28751219350767,153.67728660661578,172.76293969047484,151.38671680556791,139.06756637139216,145.26904682014634,154.6971808131035,159.1463459490751,145.57079362133334,145.1924289315311,156.64687951054887,148.0692063916759,144.82796291776964,137.9149391156528,129.782529275182,117.6785986890369,126.35061874528054,119.22183793188113,116.73707943697232,149.38708924872293,147.47642699525434,164.16533708828803,123.80673700225066,130.24866500815355,109.31133907589675,98.24962905406596,81.96601187692467,143.73387671546877,98.0264512794774,128.7955647656297,120.33078371013292,86.30917807352827,161.99783572681213,123.56184277398852,157.87128373940487,131.7614388714485,157.8415299547687,103.40094005856425,119.95147768173436,138.80687322118226,161.7094694750595,148.90946200347594,153.28269812424034,151.86791512953727,151.3646967387255,137.04892424192488,157.01845725078698,145.0694181935297,146.50246728066787,151.33663748175272,165.7162852132685,167.87256674336763,146.29007593999822,123.70264737122072,160.72421165096074,163.61544785768817,138.97626564581486,164.70688926568846,145.370400015982,157.3132315675458,151.37059727213887
