0,1,2,3,4,5,6,7,8,9,10,11,12,13,14,15,16,17,18,19,20,21,22,23,24,25,26,27,28,29,30,31,32,33,34,35,36,37,38,39,40,41,42,43,44,45,46,47,48,49,50,51,52,53,54,55,56,57,58,59,60,61,62,63,64,65,66,67,68,69,70,71,72,73,74,75,76,77,78,79,80,81,82,83,84,85,86,87,88,89,90,91,92,93,94,95,96,97,98,99
0.0,197.3194227429758,193.7019585404982,180.43079426336956,213.2926397193773,187.475358619466,158.53748628871202,200.27693027405545,213.13264163588727,189.6093835334813,215.6621784006313,208.69994573635,242.2009356488853,231.05060961155712,211.15062222951423,158.1269156018653,220.44812049220255,210.8440853949316,230.82745018287704,185.48908543813516,217.02844779064077,233.5460877811575,216.36469648251784,219.01263494366927,183.2208435666842,232.41780071497743,228.24803234638472,237.91291495313823,179.213659862,233.58886374938768,177.50582900365004,144.6442292370488,188.9918321842264,221.154782008079,225.9429638126124,181.40643420915936,207.84250070780644,190.47836915122355,219.25349580457237,191.72377562468571,208.01497875243925,193.32292454730705,214.6975716736228,206.0911311993898,181.2571510537686,212.15638498802664,204.7362843982765,200.59319125470017,134.1900403357899,173.33717538060475,134.7031432057381,186.1676968668617,184.3882536531165,196.2109661748032,217.2124979446673,185.31482882971807,209.6195775423581,216.5634347450195,212.04113402407725,202.65270715943385,235.5123829617321,244.75216992364275,239.82955127259936,218.02046422657628,219.31174662391368,215.89833976245217,177.61896501226602,220.56031791217805,230.6757821563469,218.79239848880687,193.24075452449563,218.4524228146208,224.2313978418412,224.9529635287052,225.36464243407192,237.8970888160697,203.1904405461377,228.6574346962676,202.93984418261937,164.04005398891698,245.6778389330084,212.65917529478145,215.0897862153772,235.01096564013716,233.2552366208258,209.41458952649504,202.4242054688428,234.66905433214333,168.8807893474513,228.3922653843413,195.9332805696681,199.8143868667269,214.8272542394286,202.52273802578247,223.1817404122561,214.2472929665936,205.8498274459145,199.8312375701981,147.13702337479845,183.22791843949176
197.3194227429758,0.0,111.62979385196834,96.31739701491315,110.46644668532838,159.33979418276044,164.50996170391517,74.16703232036153,191.4100731306368,216.12325416434825,210.2509375803808,194.4042952658037,246.3598891860678,253.3670680599564,238.4302762355796,193.6811694060472,252.15633815894017,218.65364081235987,253.1867415212215,199.4879380603529,237.01815631788045,241.7400668305957,225.64907925228516,216.9395384091632,207.69875821436275,206.20318623837048,181.9237991511905,207.8040305756507,190.6812982407249,244.0535778900439,220.63549635153493,183.5699251561827,229.5360891209401,246.7101344722649,226.2565265817716,154.96368595463446,170.0181569081102,229.582284781664,223.1673628061981,213.9267449872862,222.3443752921112,216.9473783436624,211.5769460593001,203.9541444944853,197.47073281270968,220.6929595791892,225.21708247589407,209.9518863122288,188.3493427686356,199.4749248088553,199.37818796519437,99.04956345218184,156.73081278301044,82.53769471144624,126.38867984116844,203.2443443099271,117.28470702479784,132.8494667509368,213.9041473854576,236.6267630989765,216.90907829005337,248.95932619234716,238.2502331614608,248.69715070876487,226.9004988012798,234.7138802003846,218.79007578452936,255.0561269425669,233.5404114375758,214.2383380214203,209.84008234907475,218.11830275041572,246.6546952004328,225.2632342616893,217.79900094603684,201.55419161916265,175.2456847463393,218.54881892929296,218.45928351551748,180.49028996064715,219.4527186690462,228.6713040647562,187.0100966451423,201.9463093928291,185.26161641399125,194.90329892011488,178.41733279859687,197.6886872792774,195.54284043888856,202.9987337347597,205.5821544901517,193.9097384904721,210.2860540533311,205.1801872824039,182.0564083935685,210.3305763955857,195.7422870931076,200.78834890564863,194.76856706662343,196.30866962427916
193.7019585404982,111.62979385196834,0.0,142.11953377714545,119.0841717249182,117.42402458815968,165.097029779558,130.04539454725597,150.9196648285074,214.62059900883335,191.72019749068176,182.74746396706468,246.8609362354486,243.9631280984896,231.14054243468863,207.16537496089543,241.36088262927277,225.4243803879042,243.6050385399404,189.3448477710869,230.30515111093928,250.61033033027843,224.48513017740385,201.21319973038203,218.8911801459193,199.27091427242075,179.24974333668757,185.24270658781435,159.9053725228311,228.0091027492428,240.9148963500688,195.8412036124984,261.9741988357283,249.49059040127983,234.7357087546232,141.1684119292187,175.56128650053023,242.60121067968169,229.3326133378389,212.1298844114384,222.78046195614223,239.8719617953229,233.96224551371452,219.14935541984187,221.4003912282759,228.32179970096692,234.9071942471904,225.4498994891804,157.03185031057973,201.35517863803165,193.6364279570787,104.57626687090332,175.0896599079495,132.2722895778345,93.55759473503994,153.92881179514166,161.6123351956736,114.51586342556332,188.6005978731938,208.6565498470768,196.67338043775376,238.976423132275,224.79431870124228,232.44252510728552,213.39440046619308,223.2772540452848,193.80667688345935,243.83045558304457,228.1947365160327,222.29353864583493,190.0643497314008,212.3707522759886,238.29478147947373,191.28187925677577,189.98415583217675,182.1541528220647,152.06029626011843,206.00559223115812,236.25490045411723,194.3917058607805,207.60201853086568,232.97711046601987,216.27135274067103,216.8778906492506,180.4246241446569,199.08405614840552,178.28905783609068,193.8755342248425,178.27667810094113,186.82364001270903,219.09195452625605,209.56196165474236,196.20169586447471,226.6726447182591,185.81171057378305,198.87989774441817,201.9949191696592,206.87758556957385,163.3890826119403,189.47885199170176
180.43079426336956,96.31739701491315,142.11953377714545,0.0,121.8510725192875,164.00766051849973,135.664447879382,87.86688464977757,211.85077610084767,212.30021795892907,213.3946290974237,203.12350040085772,245.8639010495304,251.62287009919044,239.89900356667948,172.75106829052768,245.8305228462037,219.8810486129184,248.84319754375065,190.2110773999133,233.2219948954888,238.1982047492081,220.23994950269667,215.72240747730103,193.27121648308295,216.17144906564104,183.6271876781758,209.4056970070274,177.60919319530794,235.41579939084733,208.76331523217095,176.74826360426871,211.48603253617208,241.38481234256125,228.25656836498013,168.52419046833728,176.4388837734903,222.85123879337368,242.1167051171971,214.05256214747084,221.0835078170129,203.86099130450756,209.29848681241717,208.0898724065657,186.72976864502928,214.0622799443945,222.82794853629807,205.4230349631016,174.12410659637055,183.31880779703155,185.70015386409307,134.1039208490514,154.37528410534298,78.44142769884245,146.570233247357,203.6805291622798,142.4090305221129,155.10847991315725,206.37982744434984,233.66832148382505,218.99307251467937,252.8378987581949,245.33775880088604,249.0548934160392,236.82757677606443,239.2222197738655,193.35903102832987,255.78902347058704,233.70379224476997,221.8193526980472,210.7472422609493,186.85152560173788,240.34315752700547,218.1064533393264,221.82569237206943,198.802671241119,169.66626431478298,212.4316379335859,210.1265314933657,164.0699504830347,222.8764541288113,232.81218198470447,194.233648207214,209.56536843665424,189.3709094823401,179.33265320539513,185.5072263005221,197.64438776259885,177.3239553216967,206.3485940920729,193.4283371620134,206.05815860322795,219.1192354553656,195.45305886083872,163.4852547431891,211.35098224622917,197.1446035988949,204.0034766776732,175.67272513457047,180.6520275819874
213.2926397193773,110.46644668532838,119.0841717249182,121.8510725192875,0.0,138.51369774139596,183.88595057041823,121.80710940790745,187.4747230226069,210.24544167320352,209.79596441847184,190.42108288973867,261.47390847309657,257.81954878290446,248.01895284355908,222.28574710098843,262.37339325874194,244.62616819119927,260.9293168435921,201.1342026240714,250.67348449085517,245.51346866343195,230.7985410638319,191.52569155195167,207.32826660819376,186.44542850515688,152.0871194740244,160.21548014457505,174.95940734267208,236.85639739418968,217.86005012279088,202.22293012113616,241.09938642771908,258.5311987162213,220.38396812845383,145.40391611601876,163.46891337374075,266.7706832508985,257.85881250297507,221.81536409414448,225.8463445113761,223.73956972078,219.04475303760267,202.5898711738772,199.73555388907965,223.6757459622264,232.5949939714237,213.27311814774671,188.29499056753397,203.7686819494719,199.51103189821487,139.9065281837628,176.73327729353213,103.81775499146048,84.9424797137319,197.8200874921008,178.52689810674804,122.3719708423978,165.25430038374887,221.3081684932896,203.65935859996864,259.1977097783829,239.6329999407348,253.26787484153647,237.36036034854607,242.0274626164216,214.96398027431889,260.31820977545937,233.50360087757005,245.0566483637585,211.4779780772192,208.8891689242884,243.56347823702885,187.33497714249768,208.33064832049467,166.121842300953,161.80846934916076,201.0305018223629,209.53867370309905,184.87565666803945,189.49740727839747,219.3507412647128,182.31114687794675,196.65937072849076,152.9965218363336,191.97764441935612,166.93402292388262,159.5985859633463,187.0057038636409,177.16807456818572,198.23010648007852,222.0720573106011,221.707627400066,197.303477633278,149.62359095863508,189.04756382476577,187.1539141050484,196.5419890781427,190.5821284108661,192.15755746303668
187.475358619466,159.33979418276044,117.42402458815968,164.00766051849973,138.51369774139596,0.0,165.02450830088162,161.25203164671922,125.63486969989532,194.648474253332,164.17289549903813,160.681584424506,216.98870169120693,226.4435040533275,206.09119377524465,207.12926641297943,223.14061436635828,214.13553993751435,231.41735043024116,180.775016377088,204.3346974309688,243.35091335399352,208.18828800503255,173.37273052438536,189.8413038340449,196.5953978666536,199.833742408384,183.8229639316056,144.23452526224196,207.5597970262085,237.76733809369463,186.80138747806456,259.740977271216,236.319855235264,227.36972082391856,155.40155222780896,191.0579850744679,241.80706903314493,242.5337266954564,219.409620145735,230.9588360824826,246.49657857125067,235.86971925197597,228.7169716619825,234.12520811911,237.06291365665084,242.995586035491,233.87767219411384,154.366099241847,205.1731555009949,194.74916280287627,157.50644410899577,187.052688690276,174.24568156046064,108.95156962858866,121.03509589647416,195.10193775247316,115.1252370495712,164.67071556608693,174.02915872022356,177.84556612631093,213.2392002144117,202.76781204704616,213.5093671279254,191.01163014380427,204.81507848711084,190.01553320745205,221.76933072634347,209.26221319299373,217.06762326542932,168.96099180781516,205.6673740395567,217.39373105569533,190.3252071394125,179.97646041867014,176.6769161176582,136.6950092311106,189.908816759536,233.2237375677783,192.8061600431319,221.29844828737805,244.15835276068185,223.7644247886905,226.6402488175568,205.66490231778712,205.81075020810303,180.96513128167055,191.68167918134577,172.7124768811297,206.8521754369149,219.9401635781782,219.43079641551063,212.9802693142289,223.4511052916324,186.1287664238629,212.05384740953247,207.80177598509212,222.66914067465544,155.0032000742741,191.5837066382005
158.53748628871202,164.50996170391517,165.097029779558,135.664447879382,183.88595057041823,165.02450830088162,0.0,153.58027707782074,194.95945467686585,209.883168338048,209.3089554486768,197.3863884808267,241.72598634653824,234.0497315112521,220.25042310080232,148.82173155895185,216.49698739713773,211.6777740274848,225.94141598294576,183.47180108471235,210.05552680279732,218.0857154120852,191.288287000732,171.48400835392562,188.34445106622456,213.588727089254,201.98632097616263,211.36960772255304,164.1600561439219,219.05145754566055,209.4238008436917,183.01873137266216,222.7928545222083,233.41069392449543,227.58161404411052,179.90405717139322,204.5762545538549,202.40105290799687,225.26660371529937,170.7500105013881,194.6763215465442,201.8479743304039,201.6448121291162,199.69538156843845,193.4270333877444,197.5077897054916,208.1823961572107,201.33446824917627,148.11262079629716,174.20078643813423,179.80330106412163,174.39449020970693,152.90727238002682,165.7908381540598,177.80627123848697,178.0904255606173,170.75019861580938,187.50768534339247,218.3650516787961,230.32278857386572,220.78582829966405,250.33126593891035,236.855780027575,214.873896439749,208.5383783606921,227.83538506079464,126.20673639733371,220.76438541008864,217.81321097289708,217.61781949331163,189.66635608271577,175.32892078119562,206.74014255880417,206.0731452398977,187.17562535122931,203.9165100047456,175.21155021587083,203.8374434343978,218.6703861742304,179.83106288145424,226.4331577614087,230.62197992550995,215.1306674470109,223.84307641783653,215.66852699651463,176.91179829032637,201.12981366444853,205.975946267496,168.7314565091952,214.6736617705734,197.02522318403769,217.1552463225489,206.8084013072803,200.74216636164857,182.61869622426565,206.6900417424951,186.4665480407242,200.32144687167573,153.58785928116578,185.7517982758607
200.27693027405545,74.16703232036153,130.04539454725597,87.86688464977757,121.80710940790745,161.25203164671922,153.58027707782074,0.0,191.567627581385,210.6783559219913,210.6268861049977,198.9330070984053,242.16326834608537,251.2848898309657,240.3820534331693,188.0313600335698,255.58138775908463,211.82909917469,257.7879215123286,197.65872878659133,236.5959605521036,242.05173270484943,227.4170843104162,213.60979009188333,186.92356398155425,202.2495091017122,184.7068234031161,212.3111204328419,182.85358497937773,244.51899509682292,219.18610107649977,179.16423473829812,233.58261867486223,239.41563932432027,228.99107812019236,169.38388969237752,186.6646600886935,230.5338844563481,226.7308270967296,208.9508229576916,232.51427425419615,213.5561074755664,216.4267930466052,217.2985669034838,201.3602036466513,227.61916876872377,235.3656198323797,219.0450976570878,191.4022253706628,211.2947908153316,195.3165277220691,124.2274487684219,168.43398279251437,99.58677562464476,134.67030908775564,200.22966480948253,98.47747303012312,122.7719280708727,208.7523386214745,238.08221093479463,213.73214546014765,244.96856155341683,233.1060990706285,252.36992489560964,230.28454929192196,236.78413031919683,208.09292155873828,254.61201861370748,224.7789000813416,207.4371371715004,208.41170308943987,193.21919627461276,242.90224716309297,215.41819391575507,211.9298566513142,187.9157865203229,168.14039304855257,215.5446933584849,213.95621150523172,167.0605487083225,208.37445903913724,237.09668615861773,195.99904758674683,205.43256372652883,187.95080472650255,188.36736796475245,186.92773649627495,198.92927670480867,198.11176545472568,211.37506797933264,211.4432757894168,199.11138087523167,215.5921171171173,203.334592255887,181.226058956807,211.83382867146395,208.45811981903225,210.29659321359355,196.15575203516545,204.83708364961132
213.13264163588727,191.4100731306368,150.9196648285074,211.85077610084767,187.4747230226069,125.63486969989532,194.95945467686585,191.567627581385,0.0,187.5100030969078,152.97515780972955,172.79026892866898,194.02956910390336,182.02601578738737,166.56229205085572,225.79809173474456,202.4996860810577,203.7340906212236,196.99514003011396,178.25441110741286,170.41690832109765,234.86449917484,199.00263795719215,177.14642076219252,211.89506887493428,214.33813363072125,219.64206232004727,199.5228180876284,149.43610640408372,172.5669640853641,219.44279432453547,206.94897341664227,256.46905960901574,231.09776420649845,240.3857284448148,179.91356840195613,212.77481461873268,218.3496196399004,212.02467638627525,214.57451405620608,225.1957796743781,232.24048259706285,239.56769078880475,230.69713569916132,253.35382183682896,223.12387781097,242.6430718551342,244.0375701371596,167.4050114002089,202.5347051113524,193.90909936664184,172.41113252969342,184.7071117325932,219.2757309803937,154.32987438807476,107.27640555063324,182.10413956657447,127.21420677181862,151.55399049523848,163.80232481133163,162.87171412855236,186.33615251415216,171.1410724869729,165.72884869806262,149.0650264328439,155.42547052447784,181.70765046990135,193.0399161897693,200.6637787535772,202.33488897298653,139.7138228362405,210.93136292059816,194.1930421719976,177.8678144264097,156.66626840017005,191.33170898636007,131.6417559272815,174.15255577708973,218.41096805387457,198.85387397289716,215.01769711987413,243.8036309053876,236.32972353308952,232.9560677172036,222.10395176600213,207.84666133200943,203.752617723937,209.03579375775672,189.0272756281108,202.1808800423644,207.28272697514717,192.2664347229022,177.68466962995564,221.70438018727464,211.60971752509093,201.4394377648304,207.0559571465259,223.3919456958111,173.96917411718348,196.8376663735799
189.6093835334813,216.12325416434825,214.62059900883335,212.30021795892907,210.24544167320352,194.648474253332,209.883168338048,210.6783559219913,187.5100030969078,0.0,132.8753997367316,160.47298410924023,170.38112446692577,175.0327486664451,169.12763761968534,186.50924083866016,183.3301610205233,198.02745294904395,187.19668410887408,192.7914748253636,158.26649605083864,214.1631973459272,196.07889217580896,188.32635563657152,156.3981582031244,225.278564285047,246.8417699349114,230.69138929728143,193.3295941775524,196.12199734902103,167.2132043127085,180.6166594832169,193.14235171549885,199.7939498818237,227.20281531592576,235.82879333171653,250.439578576946,194.551534169436,185.8809034808395,168.11539350463815,230.6051797377302,208.84490174766876,201.44354306029936,231.1972316256403,227.27359155794372,228.8147382767107,233.60226064193952,241.9347406410959,203.42651152674023,223.68613158148173,191.34438117983584,209.32056028221376,200.62403914543376,225.0192402077376,215.43603392181117,187.1616907967707,208.56324576016976,222.7227653317864,137.01238031673122,146.7458213852405,178.44863476697873,180.70605839423203,182.7534495156164,172.93303275136836,168.01731798755998,166.60765725081615,183.76711724849437,187.1412016927568,194.4960118443783,198.33759504968805,150.99853348816416,205.96813859851483,191.4560337982104,181.21648201096397,211.8946652901384,214.52603301505496,178.40902665427075,196.6845951010922,185.54802713209196,203.41584680054112,229.5887057797449,235.85005280122172,240.2239191950268,231.3280965909963,250.44789555464996,204.2103835955362,234.90109792150315,235.64591694367547,203.8982692767366,243.14224503065387,209.13908286697017,196.9454317524064,197.62229882296307,213.56193774519875,211.56374435619185,224.7889425548084,221.98359130949825,234.0625315501493,199.50686546414948,216.84972810770927
215.6621784006313,210.2509375803808,191.72019749068176,213.3946290974237,209.79596441847184,164.17289549903813,209.3089554486768,210.6268861049977,152.97515780972955,132.8753997367316,0.0,117.8399151772484,147.53949211449896,157.70599710720788,149.3032016602882,206.81227883300733,167.59211025883712,184.32360635143704,174.8603138673437,187.99090029643423,138.27442708088063,218.27768559349323,187.59732700176863,163.06542566815332,179.689972138854,219.5608155697725,243.3750647398832,223.4462217110904,189.3766727389028,169.2795567696118,200.40286787920635,199.8155351969145,222.92245129046697,195.50107091764227,221.49545663302504,229.9593508975501,247.59571867722616,206.7493241561195,200.375259903151,226.3845006145641,228.6432224013561,228.35546318159103,211.75223401947315,231.3195486406028,235.15518174128488,225.66888448162865,231.41432741193927,241.71045559349457,197.50094173484368,215.92323992654863,210.6452052779803,201.3293065173513,182.71257816865057,224.9433223893976,202.2067204681541,164.07854892012358,199.68450952710384,205.244458323194,148.9033460184541,116.61251692101423,141.18911914768506,152.16517023190306,163.20555653429082,155.7569740875747,143.10227757725784,147.59918650838966,206.8028260564381,175.26077098783622,186.2960466238625,186.7830081245533,147.64731416526217,211.97907120486013,188.1510959266758,211.33528823474865,182.71968655427608,211.13698792888863,174.57730758962515,183.1290977724308,209.40118185146804,216.49920809197525,226.29368888969935,241.3328641738138,249.53153114478795,225.8685427755272,252.7320436531669,225.7463217314523,238.18293559260349,233.43443227039228,218.23482579705416,253.69810141897585,221.62227140231323,213.93692957503683,216.8263581469856,226.42101705384837,221.04041389616745,226.6366055518644,226.76351735483613,239.87504958780735,201.9785183651652,218.70455808121864
208.69994573635,194.4042952658037,182.74746396706468,203.12350040085772,190.42108288973867,160.681584424506,197.3863884808267,198.9330070984053,172.79026892866898,160.47298410924023,117.8399151772484,0.0,134.9316195194171,173.0746989449152,168.75994200707902,191.40228805224305,137.46279175161146,178.81368874936445,171.21623266845071,184.5888933477784,157.01534829692275,193.57263034569195,167.98069855093985,139.14952419132396,193.10052593945656,184.13875912799296,222.2477108532699,199.26402322107856,190.3936042509525,154.22381381774636,209.42666897890768,183.310544827974,216.3202350566247,185.998725131296,199.87840339167585,222.78799790800755,230.7040582042584,208.88362042291595,209.7220473610356,229.88218221509987,235.37829748684413,248.19876124364947,204.7914086068268,243.51429843692887,230.7352306734203,228.2396760330831,222.1220240740528,228.11788121356983,203.90517962868623,225.7054751416489,207.2085220885101,186.63426524472797,186.6055683673729,203.97044033618337,174.77071636112748,195.6412466830093,201.33378635838324,197.24500001438224,168.60252981098296,131.28519403619123,97.06577892969158,139.11531538606062,152.46568564183238,171.25765385784308,140.6921057577029,166.7853223870669,215.5338581373264,168.49354854922913,166.44027773955898,180.38073291466583,159.4568399971317,197.2315155723973,180.3249947437473,211.0230547988685,140.24178214536596,188.04058556728572,171.45736553040783,159.90353116582588,220.38120137726676,211.4896630352972,199.8368276289881,234.7440744399,244.5052559511509,207.29463182979396,236.1006638755848,219.1251758373504,224.5066603360606,210.3890269261961,217.5142650752639,248.6249425462205,224.1191651458643,218.9056853623084,236.1658230782804,239.8394212125674,218.7560974411748,233.13579234998315,230.57706337133143,228.43422844777697,203.98328765817055,217.8645254587593
242.2009356488853,246.3598891860678,246.8609362354486,245.8639010495304,261.47390847309657,216.98870169120693,241.72598634653824,242.16326834608537,194.02956910390336,170.38112446692577,147.53949211449896,134.9316195194171,0.0,112.65993095566438,137.44635197243025,203.4122646472938,95.44524802803404,148.40618585773015,121.5330069671114,197.1076271735625,120.3142175873664,176.73356236577658,161.03115763936557,184.33806448204388,204.46441545271057,220.902484859171,260.84533151834773,236.1690500879019,232.64476077973444,142.22716500413458,205.89559157405856,207.5580979228204,212.947737100276,149.38788329874063,200.0975878749493,256.19887383012235,265.1121636619794,175.2275917782443,175.12604201048734,235.58659419412132,230.71454696445787,240.7985906101436,214.7325127684732,250.4887033193241,251.8401809658905,234.08928297504383,220.1291203518116,238.4069915389152,240.90514147896988,228.00962575284493,228.5416376642391,233.9565564685655,211.2490470945947,258.153737998736,247.73547810943933,209.22975472129767,213.09839962719124,246.3650213907004,209.92538462661065,137.18050540589485,138.5303266688071,53.13206698173616,122.27025297191751,118.3307725166472,117.00389415127955,133.3662719310347,222.62483914663088,115.09451490874751,149.37682712539703,144.06438166317537,161.89342100439927,226.4278551652828,151.11718791425056,239.54133954774505,172.92655193006476,231.8087756122741,223.19211582528504,181.4142008347856,209.33803037113472,232.34394145608331,218.5167817900197,232.967707904356,264.80307136746546,216.449254575812,266.6980980108572,239.77839692608347,254.98066430291584,260.3833210922143,234.36322638153464,272.77465429219905,227.2943057623013,203.67344310045257,217.637680342687,247.4870195708676,258.7567608509037,245.9084417149113,257.29167401055423,243.01149143170213,233.63701340310547,232.1020812244165
231.05060961155712,253.3670680599564,243.9631280984896,251.62287009919044,257.81954878290446,226.4435040533275,234.0497315112521,251.2848898309657,182.02601578738737,175.0327486664451,157.70599710720788,173.0746989449152,112.65993095566438,0.0,89.09301598746691,207.64326548069613,115.83317848629152,146.74918276442608,79.15957742938159,171.99076909235563,88.74857633108735,180.34283430115983,131.08415074714344,213.9905062587948,220.64218805070212,253.9837789364019,244.46609030373293,232.9739493192112,204.6177977726857,123.07820268002118,197.4672941802833,225.19600454129613,205.36637070901503,155.14880539613728,197.13424000155132,246.5104235724372,246.83124234547824,177.60538612054,181.1896797913251,224.2041500156251,226.5430483408971,238.7250176224657,237.0711383357186,235.8627243166162,245.47103653685105,209.36812083592028,205.39134169070547,217.89528073364116,217.8838036110056,200.639587582984,221.4323590640503,232.6365810977456,201.78234597705355,260.28665387582055,252.4105961777317,201.6075966363111,216.98975762377424,246.9468824533465,197.03964818104689,151.56424188807608,172.86595900364645,115.20253292390518,113.52436292056667,75.78274910236894,87.6764913877652,78.9282803333152,209.68094864165155,94.62879608518564,141.92350406942683,145.1923776323325,129.64225256976792,229.22796864498025,124.4969803106977,230.59967737280616,177.5685778249479,247.7548453695532,198.0516228911774,170.33291439055262,211.7803564885924,225.90141301113616,231.12366776337976,216.3177128717854,255.3803273306197,220.62247456075812,252.2487983856173,223.399085764732,235.48162732061968,246.17969527171317,217.34418518299043,253.97065220221424,220.3544566986777,211.6005668493345,203.12754347291235,243.74815271950985,263.2823137709039,229.19301921788977,235.06269950151665,221.69842151850628,219.29557266586383,202.04924797954703
211.15062222951423,238.4302762355796,231.14054243468863,239.89900356667948,248.01895284355908,206.09119377524465,220.25042310080232,240.3820534331693,166.56229205085572,169.12763761968534,149.3032016602882,168.75994200707902,137.44635197243025,89.09301598746691,0.0,198.43108123280945,146.81099419400005,150.0709916317769,116.64521081791644,163.86206965445166,69.92623427191018,183.35360909509612,134.5313205304286,209.3664238045584,220.2537069035924,256.26619992727933,247.21104855160544,231.18534327586408,187.15041363251655,118.76789020583404,190.36098931353445,205.45844117143977,202.3108273497514,162.428848294565,211.21995509716868,240.8718755662182,242.0888215879941,187.98663559410903,193.00045441691503,233.5276619667813,228.48091827974253,224.8469943528654,237.66623253043988,227.22690533544363,250.55009359426157,209.3705134142666,210.82864162958143,218.6460721313169,207.1872875044788,196.28311858655744,209.92176276101335,226.3982540778821,189.30460349376204,253.2959748724469,244.5397438131608,192.1650500118241,205.0885244026117,233.74856847653788,184.67755818968712,143.70695555667822,170.12860258293614,127.606053773136,129.39430841782226,94.68360113488114,98.04411041028582,50.19621982148182,194.69181382207404,123.73899946507026,155.1300644514249,154.55971323326057,109.48949314739528,220.09077960050868,125.74385152679164,227.30696141681804,176.2223478502612,244.4227047193944,183.7307073234591,152.93153781233866,213.1218809350057,209.77235782154892,235.20149550765308,220.5611442675126,258.38772999236875,228.08355414182617,248.63805219061936,215.4759934129275,229.714284042938,240.8611122051921,207.18509463963235,258.51725010743223,218.1961588072406,199.89362209705945,204.4205163002833,235.60485913988447,251.40081912130503,222.0806667785465,227.80144779004945,224.0778940605162,209.42559677056315,192.6755223135911
158.1269156018653,193.6811694060472,207.16537496089543,172.75106829052768,222.28574710098843,207.12926641297943,148.82173155895185,188.0313600335698,225.79809173474456,186.50924083866016,206.81227883300733,191.40228805224305,203.4122646472938,207.64326548069613,198.43108123280945,0.0,176.43603533860943,163.9615544078529,191.9787670108524,174.07207838045156,186.03007999977095,157.14602349238118,158.04100677637848,186.8125461505596,190.09986971117965,233.93282147630373,234.1941633741919,243.5036321003296,206.82783356132472,204.6675496417454,164.52228640553483,177.64891633511598,135.8149004158009,171.38403069333827,182.72446976233837,220.0057806104624,226.9952339802627,164.56760537118015,182.5132213395844,187.87162374976265,188.76934514135044,176.69425677658825,164.64865359909095,220.99292599696292,189.43622499905524,198.56011987185573,168.5507363701948,172.8098872985321,193.94658019693583,185.86468335509227,170.6821981959127,187.58345053424196,122.18539995473536,190.18882841499908,219.99472388988093,227.47241142639868,172.57903496267488,235.34435981193693,231.9689958092216,215.5307698571384,216.8917782252065,210.13349612868268,221.8643885354599,199.9052406344656,189.47720813935567,204.1698575951694,163.00921516525446,194.8907109567361,174.4450004481621,174.4281302606355,188.06145518177183,196.5237723788664,165.61440257353996,229.28181536560265,209.8528893947199,239.34778488981144,213.3487557768888,222.2104078701141,192.85763729850865,183.18673673013984,214.04065710775933,190.5686619693112,214.71820198263492,191.9707469144761,239.47701679473,191.6826758687269,219.1916562193124,241.2543636321601,203.5123889008441,245.9108791608562,181.06570556884495,185.5204761534316,212.6420323349767,205.467613639166,213.52798117104143,233.76980974862897,204.93313208719692,187.18470420583344,193.5119147917604,202.68887454193663
220.44812049220255,252.15633815894017,241.36088262927277,245.8305228462037,262.37339325874194,223.14061436635828,216.49698739713773,255.58138775908463,202.4996860810577,183.3301610205233,167.59211025883712,137.46279175161146,95.44524802803404,115.83317848629152,146.81099419400005,176.43603533860943,0.0,136.9819907606123,91.61900511545616,190.855955240213,123.06202284893764,147.3060945767802,140.26245173023634,179.39880984811649,213.06078287537028,221.3718903169656,259.14617483446386,238.92013360576084,231.4625123857616,141.7804702916593,208.54094647598885,218.4944950024648,198.79230512255688,136.13224329404798,181.57813021793223,252.0831528699099,259.0736835724761,187.8697135020921,193.3758248387373,238.05800954952943,223.70539277708133,238.96590592275143,214.2668220136796,246.7535593298131,249.52020934481988,219.3990400192413,199.59671149530368,216.87500189697107,230.1794336621041,216.6468620329057,220.7847498896244,229.75934294762675,194.81850349107657,251.23490022175469,249.59641536182923,220.4347203905006,226.9238782174004,256.21925535286584,218.92590671786587,160.57373974808283,154.70543471090315,112.50659145354096,160.479030390494,112.86505127414092,114.08677093339205,151.32868160590405,211.6353544634956,97.98066115998589,151.42537947883483,153.06680033722094,165.41359628929922,215.26862353506783,136.8557416542144,244.4991512109688,157.92766772951475,233.01354530867627,227.25558713191973,188.52682281224563,229.1262071741712,232.2797825344712,221.66692451868263,226.06574380931565,266.48985437857993,212.28099643831376,269.0889548286523,231.77788302756613,256.745803858288,263.83979941363265,230.7190653978331,272.86446242260524,224.02200619475025,220.62662193964152,224.30571043332947,252.51166437341524,255.77738266094457,250.1789648247167,251.42593910086455,228.9840216633397,229.55017255819624,228.99550388914645
210.8440853949316,218.65364081235987,225.4243803879042,219.8810486129184,244.62616819119927,214.13553993751435,211.6777740274848,211.82909917469,203.7340906212236,198.02745294904395,184.32360635143704,178.81368874936445,148.40618585773015,146.74918276442608,150.0709916317769,163.9615544078529,136.9819907606123,0.0,134.55788456053898,127.18751592076504,128.5657374391615,135.19826949174794,113.5410912504594,224.1438088018077,225.1900330344427,252.0227345841805,232.2628211130041,238.61813080764028,199.08077609419948,174.81348337526526,193.9326350099153,199.01288654825396,170.42240367893098,80.01457092946401,157.86133568385844,221.82498760314908,223.7037810611818,183.2942475521225,183.28057234064207,234.1144280885327,207.60702253098157,229.9173701255586,222.15240346401703,232.6087014138392,213.7935984180896,210.26973221414192,178.11547707393964,177.85908288418517,217.7192724620524,201.96068831326517,202.95370744068225,215.0642703730575,167.56061345908836,224.4416236000944,237.97293614442577,217.2803229685029,193.3874002904405,234.2813185384576,227.20463499545167,190.69107607050387,183.37420459915413,143.0063439049269,175.6925988021439,147.31671650320163,129.88020824842573,157.0143109476267,206.51568615335424,152.51956473589405,110.59901032359012,69.34964851240011,152.94190966542118,209.2006371950623,122.60319602547868,249.2268942286589,205.59661955198104,249.4640525756173,205.65466758010427,205.52594140304717,207.18035282006235,207.3135584478137,197.3276915594432,175.13236936053022,222.57228836770213,170.38134854807132,236.78674110217872,185.0634792554196,214.49842355908183,241.03593750079037,195.53737341945143,252.5167360465233,197.09693144085128,208.4643654412613,216.1613943198612,234.52124238085213,252.20299221950896,230.11949695161724,234.49369442207717,186.92004797053664,215.93326349042667,203.43152704634
230.82745018287704,253.1867415212215,243.6050385399404,248.84319754375065,260.9293168435921,231.41735043024116,225.94141598294576,257.7879215123286,196.99514003011396,187.19668410887408,174.8603138673437,171.21623266845071,121.5330069671114,79.15957742938159,116.64521081791644,191.9787670108524,91.61900511545616,134.55788456053898,0.0,184.05899566875175,101.13573335929786,154.9052238826822,121.87260945003769,215.0260490285467,228.9712489811265,253.57657015378103,255.95802415538463,236.7218250060228,221.5762774905789,126.48993901567566,203.96783914998105,227.9035794600152,201.79089423849248,134.40900221470764,190.04218126639995,245.8424214059794,246.72909385275855,180.5713433977375,177.1079375397196,231.93688300013636,219.84407950199807,239.26795974808493,225.31738036789343,241.81144180105449,248.4483927858705,210.06346537339584,194.32099094741312,213.16384745206,227.338820234771,199.607151695075,225.28034684222104,233.90797304731512,198.09445344244068,256.2092763684664,258.85194497042863,222.00307237708697,226.63398677417587,252.9086317277135,209.50280678286737,169.69757016189942,181.1361156366916,128.1312470301886,156.4597246749735,84.25079545949941,100.1623033175143,120.25286235922512,212.4401147464501,77.84466144718911,139.14825952787655,153.3352945831507,153.18528070370448,237.5406911210301,127.88939439010068,243.6606190810348,183.9316804917381,254.9506241104188,220.56154070325795,191.1752764607793,223.91771493133515,235.76629431890404,233.720265706688,213.8805871403416,258.7230896981169,219.43212115737447,260.8959104542994,226.168416295675,243.5646018241959,254.5280696552667,224.30863801886676,261.8012846686283,219.5916580719048,215.66954219430428,209.63794917661377,246.73106790874732,262.2589309091832,240.31715238213872,241.210465041248,223.20931194771788,229.4479029874123,213.1130034743668
185.48908543813516,199.4879380603529,189.3448477710869,190.2110773999133,201.1342026240714,180.775016377088,183.47180108471235,197.65872878659133,178.25441110741286,192.7914748253636,187.99090029643423,184.5888933477784,197.1076271735625,171.99076909235563,163.86206965445166,174.07207838045156,190.855955240213,127.18751592076504,184.05899566875175,0.0,158.5951850055313,185.63715271069023,126.3117825230905,214.6118746779724,227.1978814592506,261.76456580529543,190.50652461406847,197.06044490324223,130.4690992301677,182.8317832540017,191.0865860520395,182.62358514432367,199.0464375519924,163.87742607277534,171.71205054850327,162.401565301565,185.57559677471963,199.6955387592749,215.96309270880283,220.7277168390879,192.0732538424902,228.5961583514389,240.16539932356056,203.59073352812413,185.50559157571467,197.8219761373212,175.55468673678467,156.8246827683109,154.97905177951515,164.51966259336314,173.32205378685364,195.32160553091583,156.3737153583009,185.03414409802565,193.01822144595167,175.5519480127403,200.0765668960762,210.25815700197083,192.35431942998167,193.61925980286756,180.83754290536604,180.0757302686784,191.04503328571127,185.0093552936263,155.13919558676298,169.216372889662,175.89531544240936,179.94191373860616,144.92666948523834,139.69681686663358,127.63201046620084,188.481713237312,153.65255320752678,215.69796720297015,197.4992027061125,243.67470389943185,154.8447892825543,190.00065148993028,201.5163517513642,177.1916745843812,187.1030124036553,161.9858308434921,197.36068093144672,176.43307566257866,192.85669951075752,157.5559286415994,164.536220412744,199.08517371766328,123.76371700145424,210.116468828507,176.00873116717105,196.83986101459337,195.19620202870445,219.743906446869,220.62731705030043,191.18453394047032,204.0820220942004,150.020816812176,158.96538770216569,156.41618733349674
217.02844779064077,237.01815631788045,230.30515111093928,233.2219948954888,250.67348449085517,204.3346974309688,210.05552680279732,236.5959605521036,170.41690832109765,158.26649605083864,138.27442708088063,157.01534829692275,120.3142175873664,88.74857633108735,69.92623427191018,186.03007999977095,123.06202284893764,128.5657374391615,101.13573335929786,158.5951850055313,0.0,182.21895549941013,129.11555864486184,199.53647820417197,207.7109605143148,253.7264568621252,255.9668447891872,243.37421331585355,193.289749340253,125.94847771746647,189.772355357451,205.08099225402972,208.29062031914745,153.45564047551727,211.82158651845452,247.26417202654412,252.0874456702677,186.4245170613632,187.08532468001744,232.72603766299443,233.9541767725069,235.5937733271481,234.6413769182708,241.0897530421444,252.59304162400804,221.1997420982884,215.79156666563887,223.1184167454566,219.4316614432309,212.09052219129032,211.8581492670442,226.1517319027556,187.06196675975744,249.32657922858988,242.5938583799744,197.4342307153412,199.4737491718369,234.91441303843715,190.1552766115977,135.8938393554693,163.6963961342998,116.9576439759241,136.1907762487779,98.85767926019705,75.31514840563464,87.01043279583774,190.5553174135197,109.49373367455658,137.65534899931035,134.29448086535623,102.99316890463147,216.8948729930065,117.42260897646008,224.64107294428595,168.56877603255853,246.17401527778784,186.25446150557917,163.68234114075352,213.1969346035568,215.0613758170306,234.77277262280168,225.28160727383957,262.3585972892621,225.1198658494758,262.25034848855125,217.4177881182507,240.7940176746119,250.9704520483965,212.35861532297844,265.6228614178566,219.2184879312373,207.68016638842403,207.83770306724367,247.65727731672865,252.58330875762212,236.08077750684132,242.64328156701168,231.1675197949947,215.9328931239285,208.2597269759348
