0,1,2,3,4,5,6,7,8,9,10,11,12,13,14,15,16,17,18,19,20,21,22,23,24,25,26,27,28,29,30,31,32,33,34,35,36,37,38,39,40,41,42,43,44,45,46,47,48,49,50,51,52,53,54,55,56,57,58,59,60,61,62,63,64,65,66,67,68,69,70,71,72,73,74,75,76,77,78,79,80,81,82,83,84,85,86,87,88,89,90,91,92,93,94,95,96,97,98,99
0.0,111.46442829653007,123.28580084640473,126.30844907910203,129.6500580391198,129.89636579655212,98.90436593942768,115.34230886266312,121.17563182110158,113.03436057349634,135.22462016939562,153.7011028607148,144.597111687079,175.03817488816426,158.61144841600293,141.88415874785602,183.40607401712435,184.97666251703788,186.73169946791583,101.08644472857507,150.00896830033136,185.820716799661,176.4000121449405,126.32480131721704,135.49926832812017,183.96597814933185,147.85724791201383,156.74544743908436,120.0883420334391,179.36962020056,143.00408356540729,115.68937104424847,167.36144858180467,181.4788895950984,181.84577155186363,97.29201005251268,116.5517998376634,109.87080951059173,168.0107228926882,97.93704467085476,107.93447533118028,132.78634319047944,161.8753266536146,149.89503311206772,177.59610267868885,122.23485378870106,148.93330199537837,136.9685886302177,100.60481096006436,108.04819502584758,124.02345361002868,116.1586075147463,161.1244986498407,148.42446329313725,134.02294330401608,107.93517508255452,122.26475096577272,116.99375463329228,159.21510010345355,136.36048297739893,140.93940231241538,155.29129014333876,167.73699894325853,187.8220899306247,179.3088053613357,172.94127069440196,118.87082361297456,181.66709574012455,197.6036441337052,182.35432949357084,127.25287078870016,176.1629898973032,190.0296206127889,126.31086232350454,134.12141901265045,147.6690220094848,145.24689417487045,164.88035080519705,146.42848309674605,136.33856330831654,190.91337099070432,162.78725280035712,181.67894331356436,175.72413975684915,157.8331557263338,162.1871183392455,124.85904516166094,166.66209810589143,97.83977661362412,130.5047949634337,162.92646146976995,118.45357217038708,169.4156024605732,125.13191525137124,138.41160262856243,131.8309295125631,113.66780614035837,142.84346028847875,102.4521769712313,96.50558635104612
111.46442829653007,0.0,85.51801425580648,114.3824564754836,98.00172237909204,107.1302950523461,86.3684664223735,102.44097636949915,94.74688535891109,129.3970726916209,155.43688294177696,168.29972440646276,162.24122537156774,166.6629263673475,170.6222475576037,99.67213221925095,196.24385805834152,184.51997333623035,183.612720854294,111.4887077754528,147.51910830759357,200.2308934496939,175.22143780221597,152.99442421091527,149.16664135267513,190.31125032028888,146.7942946351045,169.91342101934765,137.01989532978058,183.48095226983804,125.40783618000556,111.20811035337152,153.74388197977083,173.7823809873417,185.10926131997363,92.3781579164708,96.50413983041231,104.168247570891,159.77446163306513,105.84584248742216,83.45928789465674,127.93506359833184,158.32650208410138,131.43536620985182,152.45813642500758,115.28401181663936,121.3712602723984,118.94625510069874,94.4899398423084,87.03931833695103,153.9032908274711,74.78757883196461,128.44177712998663,105.2601844779895,90.02703122501381,107.52759051034651,101.48570575692378,97.55021724771863,146.16686969444174,153.5054751021455,164.49825624943458,161.13581707922512,155.77872093871505,179.8685526427201,178.69096452918586,168.60671194243253,125.46693953575144,185.0661291120196,197.4987388603528,176.6100004371405,129.25094238817988,188.40401511247808,190.28211352697255,142.3980844216772,157.72076980796908,169.4487078462504,165.7240915402009,183.9467447446849,136.66593306722987,132.19657577451534,191.30732397065628,126.70573317004704,161.35552681333843,184.80692971230297,162.25619505342462,167.00619185482554,113.75696211976758,168.7468453078391,125.71923221025774,125.92330853505908,133.9783112890364,129.72414725945868,147.19633268246065,135.6761269084604,151.28147390141638,111.7570611677412,107.2827428596519,135.79857376786666,117.62192253710067,106.96825308727684
123.28580084640473,85.51801425580648,0.0,113.07490684387707,106.7331216184994,64.71278997608462,95.96836279157648,92.45972805411694,77.25453547762845,135.26218182193952,170.40112863655796,169.97219838011185,165.4112206414864,153.0520461249689,176.74684435075852,107.4875814617552,176.67607504863884,177.7678041438619,162.22623445549442,99.41952297610976,146.34887554650788,196.1336565542217,171.17931716947044,153.25243659444556,162.76783067193008,189.68823867283325,137.37087946683232,160.08242746718855,130.4524302145499,186.0996563342177,127.53223161849914,135.61395755958526,153.20262130352802,168.8846432881604,166.4820139966127,91.85356808341297,99.31803225014296,102.79721887469124,160.3693686848914,108.23256462505512,101.84705062161338,144.68752288296918,163.62754391961275,130.1249945762567,144.37526609151888,112.406864834285,118.8995553547044,126.19002941896606,97.1592607811342,104.4537641142782,164.36919974839589,72.35689298612404,122.15987341003222,111.76510957743793,79.3801157990371,75.53857733177132,110.31553608112034,93.50621772090192,164.4820633643222,169.3576247857002,178.06050877811282,184.5697255389649,152.6981804358184,171.86931897748417,170.9882788582558,183.2860533954494,110.70187657821702,176.70426080099656,182.2932466315328,167.0560381663617,105.39477398852276,191.2963055301236,179.92343739802322,138.00787438031227,162.27103628392183,179.31652519834643,143.3221211196702,171.78637991508356,131.43065711632784,148.9126736809277,175.54613203408832,133.51003342751562,157.34209560588684,179.7163809425931,152.12837935385937,162.4319467576123,114.89644604299303,165.42088348818186,125.65774597837094,116.21452198669216,134.5206448968517,134.95663573139095,160.0296976677623,158.74459394907518,168.57878753801458,116.85100388690311,106.49422173785813,136.27990367230848,123.4671479059262,111.29128680339412
126.30844907910203,114.3824564754836,113.07490684387707,0.0,68.16234742241792,113.95755355347204,100.9770573283619,66.311069599911,104.62305860923723,119.633160118748,129.69022485530624,169.38437183002483,139.32346113985926,155.10548688170073,161.8762161349923,121.21983162629556,163.71425974141948,164.92559975736026,164.1568964862196,122.09083714745458,128.25710370067486,172.38602557994014,143.63695363719728,141.5206115568838,138.8798365434684,163.9022997098047,116.8064707072383,146.0905859507522,133.01880842058927,155.43818267775606,148.2761107015413,147.50325826016064,147.66301819602563,152.4713158321228,133.38064987283124,115.79567318825032,132.32732198698108,124.61487303532569,151.79849417417833,125.20901294727857,122.68654744630292,128.41850228950022,159.65888658283407,154.15067997487026,167.5241514767106,128.69376999671186,119.5705338058786,141.111510154653,130.78471650171667,131.6721814338161,169.63532141722715,120.68450603503209,138.61793479492866,99.01352020839124,119.59777273371978,115.5275871901962,116.31383081043133,109.18247747711436,173.05426418530922,141.77640321643702,157.34460126882544,164.50752855099364,170.36483687739567,176.2268604173455,177.721857104543,180.66033734799967,119.78874411218004,160.77307462422743,175.71318057880984,162.1021138073906,124.4861470678797,181.9666266712643,174.153819241552,131.3254307925922,149.86102346309934,154.624381178041,155.92718632417342,141.8149794570598,156.6338224917123,155.53184526028463,168.51816245812444,136.7957434956371,167.8179675907216,156.57003041232207,118.315427830211,135.69066148239682,131.43936245474742,155.40127885258363,139.99906784142303,128.45436400512585,158.8544652568736,153.06997247753873,158.52865206519655,137.4894325264097,152.39232148642503,147.01384642620044,121.62937941096185,119.33348486548066,136.68366802480512,120.0888242071022
129.6500580391198,98.00172237909204,106.7331216184994,68.16234742241792,0.0,104.58653884368984,99.3756086922377,80.96567683784353,94.55724125834112,123.5153320334214,143.6608721584809,164.25982269493295,144.2051183595148,160.0465226646507,157.47836661879097,126.19062657560193,180.73579380387676,170.31723357882296,172.0389858615427,127.52653603026852,132.42208532309604,190.0099121690006,152.29114035685677,149.33393647724094,152.74367863259877,176.71339741713115,118.20509362480357,145.41807084303525,138.66248483619356,157.56129802741006,149.9080490196728,146.79878290457282,150.32898099955912,163.4483569492404,151.95106954980315,109.61220335946577,124.86257564141876,119.07952928405804,152.18999199900514,124.55622851094036,112.03692462483032,144.09861595057595,169.9976702171836,151.1366503396485,158.54504722602647,115.95816458122198,109.20434222935248,123.4511749904808,120.32783035642665,124.93612277257768,158.49174029531295,93.2163049341582,98.3490583386082,60.60075891365696,85.02541129140383,110.82725026593884,92.37380151558772,96.73264143303172,157.31395614409698,159.99052766573698,163.69744114439385,171.96848302104462,175.31780418613042,183.2534091315846,173.25699835998418,175.06904598726902,108.27441278801776,174.6327763736012,178.33753790614333,162.9648542733819,118.58193118946156,186.17850356807185,179.7697777952975,120.67071514904862,160.7047312898254,177.52838847476326,161.14567492453062,149.1930089323539,148.24885462046493,149.64994466500764,175.42339524735897,134.75942587977704,162.31536835603993,176.1876650873005,141.33942521769217,155.53678311293612,136.20737148828127,166.73112499149735,129.27282261786027,114.37617775949268,137.0993314176293,146.80072494709498,138.44903536841716,147.5318518857191,173.18362267453065,140.26249805756996,121.48879526469722,133.526708613959,129.52477162106007,113.1147687842368
129.89636579655212,107.1302950523461,64.71278997608462,113.95755355347204,104.58653884368984,0.0,117.88896713181346,104.46508226521236,87.2406542576442,142.11558901529492,171.90388101974094,176.57137286377326,159.3866447486565,156.40612857112774,176.28602441208267,117.65755969304996,167.6780668462283,169.20794147903132,157.77131662134133,115.60966785809822,154.05847310509705,186.09834959154975,163.64514173693752,153.88101663481655,159.8834397636507,180.54048002066492,144.2333769378218,151.91627020871948,136.877995032719,183.59506696526145,149.6489226224615,147.49666506843408,150.00264119827537,163.59736178005215,161.14405860407663,97.13663853627104,117.16718448664224,116.9272638717518,160.27196592167996,123.01535269013304,118.66506076517555,150.5776619497655,167.3271201369239,145.18350309133598,146.23000783862702,134.02019800581164,135.94325146080448,132.62170695901258,105.27210921367168,119.83773939959492,167.27540652998806,90.0733234328318,114.95633653152606,109.04203157562348,83.84740354778023,71.72744497371062,117.46013621069218,107.92358640413464,175.00342648308447,169.94709094842165,176.08502045945352,177.61386739511516,165.53126668586685,176.71515994435777,170.6892428672055,187.59665152662384,116.58883145731969,167.6612721219447,168.02655237483978,155.51533659223583,116.26125446729384,179.5847518169561,173.268866227688,146.19598171106375,164.35108571171298,174.2631234082158,148.476818363853,166.72894348487807,143.46562765433086,158.03534336807786,166.0934963363925,140.0865400580547,156.20345094721432,165.52658765501633,134.8518689239713,157.28223278208043,123.23959696189372,163.9064396409539,126.63235107441972,129.0228189733642,138.03182296328222,144.72303763330058,147.4457233581092,162.14213022975815,171.46754595336836,133.7032750774258,123.14849968653635,136.2488257899488,125.65464444904104,123.63667203184684
98.90436593942768,86.3684664223735,95.96836279157648,100.9770573283619,99.3756086922377,117.88896713181346,0.0,71.9703160493581,77.10090577929395,96.05489534821344,135.30320469899124,145.4984414967659,141.2135345334617,150.34204412550028,140.0439706181264,127.20549178408712,193.8797095089716,189.9527874025207,187.953837257392,80.42791865879852,114.38475087177022,197.00848516263807,168.6012825767561,137.09762483467264,130.63775594201127,180.62946604565877,126.58390642213108,151.69569894929987,115.82920075361768,175.6766371738018,133.5741533787902,125.55557454152586,175.5458934396168,186.10320759867727,180.10320193514673,93.3394594881308,108.57988977685076,80.90012471645885,168.19981028858524,90.36727234957152,75.21385658138341,135.66919823184577,159.46681733069448,132.5486959607959,162.63736145896263,91.51048880106951,123.50206470961668,119.11030300398195,93.26261448092458,98.2487504124488,149.5821094978861,93.61853600935054,145.4887245362878,114.22512538840152,108.35627376547546,98.38163567954,84.96221600324677,71.92394568511315,149.6171897030824,141.82476181872966,155.7931580516155,164.46838398662004,151.67296893371056,180.23771103980005,174.56054738714317,168.87787407532454,96.81830123909498,199.49495622435103,209.6359389290431,189.25648821880333,87.71588989497498,193.7250361747161,191.4717770772885,112.278524691933,158.1108821851085,170.30319232359335,140.61690715748455,158.16077676673632,141.21455340575642,138.3106612267983,201.55074511355176,155.5516916165077,179.7661940984159,188.5076658079775,155.47550722742665,170.6901112633767,124.43534033768296,163.94868149620555,115.81627075311886,122.3068748292089,156.1320117826668,117.2424251593436,161.25110501200157,139.9433497966736,151.5337554211314,110.36098712993764,94.83351917070206,141.16090893198617,101.83887158102564,90.23925843873232
115.34230886266312,102.44097636949915,92.45972805411694,66.311069599911,80.96567683784353,104.46508226521236,71.9703160493581,0.0,65.92198158185334,121.056118522576,150.77840846491412,170.1399770520571,147.5950276274329,148.5161444108426,161.1132561622515,108.07166431439973,176.2096108956812,172.45093258892416,170.6558789163177,96.96723785479368,127.52593217965256,189.30932633756265,151.27178646962375,150.46052533198173,141.2317640904351,182.0936606192932,114.37315785058672,158.81736461806585,124.30595173670966,167.79992476558226,144.59064038033935,143.96949573022067,151.9699746929692,160.8827456582493,151.7262505156159,92.15277010849812,112.8450830349078,111.35686887477078,155.02581338604028,99.54765283477818,101.08684703399533,146.5700871394065,165.23343047784462,145.76510215267098,151.68641321581265,112.18800351640898,116.33541376767192,133.70630520872945,114.7490251552598,111.50951486979096,162.9332430913876,95.61007036380128,129.426385824014,105.67830441839344,100.6730096835679,99.77453620773844,80.6129433473841,68.49087820307562,164.810005650633,157.175245230027,158.8392136423121,178.936320869773,161.02961022409212,174.7020061395392,170.84669435321152,181.1762626593278,91.42403435364898,177.4142761483796,186.3530845470708,164.19877832794987,101.68215093910668,192.1468400051856,177.86038555826096,115.7400225974223,157.40640247627346,169.43798938880792,145.08431886663192,156.0342018785077,148.36977974969787,149.84039397689494,176.56694098233953,138.60414062000802,162.42820553403914,170.4212451855361,126.3257048577914,146.94128838075233,133.74816293208093,172.1986290141797,124.09629543620736,113.53033498340366,149.2243786384131,134.41407515097103,153.80626079859317,153.83295587679595,160.95101574573653,131.2672952678833,108.97892162411289,124.94270973650958,127.1459710581374,109.85476299663073
121.17563182110158,94.74688535891109,77.25453547762845,104.62305860923723,94.55724125834112,87.2406542576442,77.10090577929395,65.92198158185334,0.0,121.75265828684812,156.4701917016091,154.2765481782997,147.38858815916967,145.2145105088151,147.9157635515794,125.02915325716664,189.13766243750388,186.2183783526379,175.76472719057435,74.33802003228294,128.55350665060362,203.6742034023777,165.57093994627667,145.51777654256804,150.8241172285919,189.30817201021188,115.16637627795046,150.75420323460872,112.9409210429224,176.63125804551154,130.57945330606628,132.554495543023,166.61038678098737,183.01140995502917,171.72173646863124,75.95069490322416,103.79275579013496,100.499071019268,165.56585677754072,105.49573467603014,91.10484671491116,144.08947388166848,171.9370529306619,133.11594694205442,138.0516018267677,92.953189370428,113.44186794095764,115.844805958048,89.14649720469781,102.12299419705477,154.6915666168063,73.48840856783117,111.70645360389496,96.98232852621288,96.77339920208088,78.01541148950514,76.6644337031504,43.41155171183385,143.08485360324306,159.71075081091368,175.513078463088,172.88787910266905,151.63740544738263,180.04411419121706,164.9432146382851,169.0069765430849,92.46283176747828,191.78242479105376,194.36740049034648,177.84430170726193,77.86097258229286,196.15037366838988,185.85413713286437,119.64613566030025,163.53913024225324,182.5736785995488,141.40466897664885,160.8776997554583,136.14299055044694,130.72531900636827,192.59996624167476,145.43544152143892,163.85785128242657,187.61384660352508,152.2533678710832,169.8691352173846,122.78408010808562,172.43321640687208,111.04799754401664,114.95247817405756,123.06598336391224,107.0963084119918,140.52607303178803,148.1648480720636,169.6466409771421,110.41004553178912,100.69687600572628,143.3376365187902,116.6885102754155,97.8019911582808
113.03436057349634,129.3970726916209,135.26218182193952,119.633160118748,123.5153320334214,142.11558901529492,96.05489534821344,121.056118522576,121.75265828684812,0.0,98.84951471923696,137.86610339604223,121.55300618522844,167.13507222432676,153.0545560803542,164.5684626977128,192.53261932976295,200.5220607230372,202.149924026252,115.12695697838387,116.35447452945589,185.75748308865724,177.52085328308235,120.94023514041828,110.22296673510704,176.6564505866092,121.6489676642545,134.08530335857986,125.50114017227996,180.5042155997497,144.86706103070557,125.00471437605044,180.8096561843001,192.93345579144568,183.19150650406192,133.57845789922794,134.43727979820238,92.39238305786996,171.6123904075264,125.26211533382624,111.7973427501129,130.57997628334962,158.083972164849,142.27594733371666,163.95069681504287,112.3002343061616,124.56143631588198,130.84344866505745,115.64134771049612,121.4483492454863,137.68403555555523,133.69517378306358,169.08745059878026,136.56871998847978,148.46073656398613,119.79831527468792,136.61977788932165,120.15589154390476,144.7802268843939,126.47143382932492,149.24588435451182,161.8716044661821,168.44452742500184,174.49061736943605,173.46945228583485,180.5800374291544,144.42250090775372,192.3498369331608,208.9571031318012,200.74178440705765,114.41501166087986,188.5128858413216,190.73399858756252,128.11650159389737,141.3030195388306,146.6458701205081,146.99680043357978,155.6688540267666,146.28580880804338,145.37690048005604,198.75421795309308,172.89706187540236,183.2888942433192,181.92823349243605,162.0815238281396,166.41541148184334,128.91709706286542,152.45549549651946,132.36516804930463,150.10576002051795,168.49417523831926,127.17037374983724,167.5508426763932,119.5984645701832,148.87544209877427,127.8827311513218,105.40935851883884,135.2437371365392,109.3452703169852,106.72647603478772
135.22462016939562,155.43688294177696,170.40112863655796,129.69022485530624,143.6608721584809,171.90388101974094,135.30320469899124,150.77840846491412,156.4701917016091,98.84951471923696,0.0,128.72671692477903,135.79024526465196,160.89236244269804,142.06717104785406,178.38602605036243,188.01707679698563,184.39800326231432,185.1950739394881,150.8372342904478,121.94075373356355,166.20400626059956,172.14535859949473,106.5642024709897,117.2784197418506,149.35256969981094,121.65001625277714,151.55357025428705,141.5065034053466,164.94765226958174,153.40924662604195,134.62367792543574,182.32469427997663,185.0501772007256,173.13038911924536,161.31002450984244,165.521953086189,131.61084640773126,153.22098923545795,153.58362475721077,145.682748032865,103.86273400464673,167.01970228571847,149.18218322447586,166.40885383534675,133.44750044236844,149.505784424552,157.89697543384392,155.4726953443349,150.27208873147407,150.80081654580053,169.9565368362271,187.4279179103354,153.55778163472183,176.42124741900062,159.19438144353953,163.83120833745835,149.89833357615723,149.3601682998725,92.00110397399148,139.86072880798636,142.09484951195037,169.5309247972126,165.75299155360045,174.20586394986518,155.4905891011,177.60661376073423,170.21360835491024,191.35764305671017,194.43236996560864,146.06377383135725,173.13704241073023,180.10118577540027,154.25185434913396,128.69353430754882,134.51870117289488,162.27192327213126,159.7437696437333,163.12903895440115,139.89189647334723,182.77590035609137,185.52414582436657,183.8450361666497,175.19639732783477,165.23314849824845,169.4726910671508,145.73029112272536,144.87297441472157,156.67969539109464,158.4428796025003,172.59089404492613,151.08895712016144,166.3836722565063,91.64290562885918,131.93131232114666,131.5128054127635,133.5886643236093,153.68420527641604,144.32541791199571,135.53186316803053
153.7011028607148,168.29972440646276,169.97219838011185,169.38437183002483,164.25982269493295,176.57137286377326,145.4984414967659,170.1399770520571,154.2765481782997,137.86610339604223,128.72671692477903,0.0,127.73672261359668,154.73392450823076,103.52194993629836,195.73563254081316,188.4987226750689,189.68967361217983,187.1831344929892,144.59159267372712,132.4581089043308,179.03018233771184,184.53420742954103,125.42194188376796,151.83103295290192,139.7202029941302,148.15172070056707,147.24230929372516,128.715809136484,153.34680939988442,157.9625441933608,155.09487887323996,201.79392849427308,201.98671520637885,188.5084827748139,168.7035827289243,161.36203345614354,156.7306904979758,176.34823607684197,159.86522460840413,156.20812584113793,155.00379575481253,174.26185886086722,152.25279556414807,171.67656456832424,138.9138352908193,174.3232434569054,162.26775797220455,153.68299607491997,159.41114710679744,115.81473952341224,162.41622071939608,160.78426656121206,153.83933706224065,165.52730022325036,157.26810674792517,151.33066320069906,152.50901044541234,120.07443377773264,140.58117561057617,153.58551176185685,144.36646548597773,143.07520784460934,159.5429960540801,149.54177138375752,131.88548909441275,148.4936165544534,184.25300375739,196.55051667500123,200.2679528079304,127.33847301329432,176.70923551552153,170.97381865079888,132.47133955997333,129.4494094263582,156.51032259347284,133.17289522836745,146.92071420736255,154.68784292426074,125.37646562643022,189.91054400902092,198.70235085736704,186.55178412106375,204.4525243299191,195.79582658907665,205.834255979392,154.9686784044872,164.5200756349453,152.87269820806543,158.54096815645642,150.73588763995627,123.57679392522286,141.75111027702997,148.16815332010592,166.38526822661944,144.5568937433462,159.16609306176557,188.6652342198497,147.44539338479532,145.54832105381786
144.597111687079,162.24122537156774,165.4112206414864,139.32346113985926,144.2051183595148,159.3866447486565,141.2135345334617,147.5950276274329,147.38858815916967,121.55300618522844,135.79024526465196,127.73672261359668,0.0,140.998702583428,121.1799208755931,175.6505083191577,159.28527283198193,178.23852942851266,169.2619088863279,158.37350287398607,137.0220120422171,160.0084573391574,155.3645221585257,148.059009184829,155.63756887454207,145.43472824452098,140.98867357427628,127.51304332429604,147.11081787123692,146.9639358658847,163.79537476413407,169.36079514410417,158.71761655714823,168.04872634544137,165.7733784210321,153.14711366187746,162.49418907248287,140.90343912571643,159.06485692551536,160.10987098840303,145.2630005689391,155.18587238275126,145.76407944326348,154.99793555670965,157.07388183897552,144.16656987147118,164.9963994212357,137.89931445374447,149.44719424827315,147.28692380861844,147.79131499133695,161.0132780856158,167.5962582654173,140.8348243666379,167.44952105818288,160.4215484853476,147.34000472626803,139.8724933272378,147.34447389045744,147.3873055770885,142.35312097371832,121.43546968785338,165.6128665804985,167.0661702903943,157.7387411361937,159.74518386539,161.47265131622677,167.48803298270343,176.2679200943881,171.27786899902185,142.12457568823498,169.3086725165374,174.5354940117603,154.24145450256856,151.65154327956736,153.8994621481397,151.0611114800201,137.43370412269655,144.04849746594448,158.60081112875673,186.33837553496252,162.5365964253001,169.19307538961232,174.44279219977403,160.04000983486873,169.95469683258546,158.29747561256812,136.85380035357204,137.3165240194043,169.67381571690822,166.5379978470656,145.43074838079195,131.93791064518115,152.8122284089597,165.48628453077964,148.83225718180222,155.5906513840307,170.36005344201607,141.6467293163076,138.9810423553664
175.03817488816426,166.6629263673475,153.0520461249689,155.10548688170073,160.0465226646507,156.40612857112774,150.34204412550028,148.5161444108426,145.2145105088151,167.13507222432676,160.89236244269804,154.73392450823076,140.998702583428,0.0,127.99398696551464,162.07174977291012,137.54190971280002,157.58940739680455,110.53044086533777,152.81755553460397,127.1731306961843,157.8738314947588,148.89652765600627,157.72416254182878,188.8194386116594,169.37647703050538,153.18411624175926,160.12636656866113,151.88417140017566,148.45997686108512,161.84178895950015,182.1467107333568,168.04074477898217,157.26720976431824,169.1880174077969,153.08226815520527,160.85770412766618,163.68372087147011,154.6835982101246,161.77653002725037,156.01874280790653,169.87235704302532,153.34674290094824,148.2978880260289,134.44185070798125,158.96659917306607,162.54739322123987,153.6884772810346,158.8363233130076,151.43396432423071,152.88650703253205,145.8973780484493,144.20922956313325,149.43174007326922,159.66865985555918,165.42353818876867,144.1048896090004,146.21793977161332,147.18202077203958,167.96361676278735,167.91775695802093,154.04805635814034,119.56333549845836,99.84590529892084,122.60830254249883,126.15771864377638,154.2033434822277,134.2313025049405,146.85226154714138,156.2416625217561,133.70146438131667,164.03899387814613,133.94951774304803,163.37360165053613,162.45413678097873,180.4951298869165,131.0370241254118,157.1038129495385,163.95802488193203,152.85270901069643,158.28831605303904,163.7388968997576,153.91800597203712,165.505999018868,164.12992766375115,171.13231763942628,162.75043432805404,157.2635744407919,165.2163292291326,164.4098777124805,140.60821065064772,155.6365236724925,154.38183801623242,173.49977301363106,162.52278937435483,152.2167282612284,170.68986905377497,176.92351446308896,159.3271961577738,152.6406850148211
158.61144841600293,170.6222475576037,176.74684435075852,161.8762161349923,157.47836661879097,176.28602441208267,140.0439706181264,161.1132561622515,147.9157635515794,153.0545560803542,142.06717104785406,103.52194993629836,121.1799208755931,127.99398696551464,0.0,180.91500946781343,168.75547560548472,168.72653252886255,164.3303562916503,136.43689608258885,112.84144998454568,165.76397896553544,148.11508490478144,144.23898745306028,170.68943874667983,151.27416683856467,146.32634500920892,145.2590542405594,135.95980416015593,130.4986122539796,170.53452454860462,183.20695861907265,188.2440306325128,184.22168032048097,174.92991954389308,157.4891987467346,163.38570104734148,154.33351550296578,168.7352080365397,160.12152324936062,145.8208759171037,158.45047432745355,156.2166216761103,162.99516486917628,164.05071126671393,141.44760570747735,172.23420410235485,151.45351063894378,154.80983956091592,151.81111400660208,144.23633815188686,161.59489817218287,164.33860158087518,147.51205584398377,162.73415371906836,161.94890025015576,142.38542489860475,144.36080970713928,123.87287117592452,135.26308594253874,149.48678411493145,128.79588027079936,143.00251778177102,153.83539689259706,138.6999869846365,104.96112598110165,150.3931157155218,170.43473524481,187.25254561234985,178.21736233063007,122.6053636184109,155.6393745061181,153.4914384534409,137.95176623904825,140.13774168016428,157.08161002710682,144.66494415372796,124.06045077242564,165.45606016233745,140.0712189362748,187.4938104548665,185.621041117256,179.62986829885665,180.73918030142943,176.76913173861865,187.16382111745935,166.17727433378386,147.8229666629889,148.53989274877534,170.81798093162513,148.7554464456593,133.9524728012803,139.27430319254097,164.2622902546587,150.5352142685652,146.2273197398407,161.3495315860684,186.2701187354344,143.84496364889844,144.1506551517105
141.88415874785602,99.67213221925095,107.4875814617552,121.21983162629556,126.19062657560193,117.65755969304996,127.20549178408712,108.07166431439973,125.02915325716664,164.5684626977128,178.38602605036243,195.73563254081316,175.6505083191577,162.07174977291012,180.91500946781343,0.0,146.43216794570313,140.13212954958544,139.29486976215617,140.78055982658202,158.4104322237661,166.33914946356325,149.57171361956557,167.8705543884369,151.9352565053137,176.70660439124657,163.8878081073275,191.28519946183184,164.18002927374903,168.0232621798949,148.33776633785442,143.0846888274217,106.64104589620656,128.49223211446417,149.70850794296257,111.84189137197312,138.06272225983884,145.33053976712685,148.05621880084354,130.5005585651154,132.04170395151635,152.4544051883936,166.95362340336982,167.22530966490126,155.15386266275652,166.05836466012846,143.8287761425139,152.5306825723369,136.0281581260664,131.2242434692508,176.20493133682442,114.42026135054545,131.94514777001254,135.82684036788072,111.86031727364347,139.37480963331095,122.74189605671924,127.632908949793,182.6257625457442,172.80298419283702,157.6963465325277,171.81947897033456,171.77117373689862,166.70376161046585,170.81852402348497,172.72102764870004,136.85978203014673,158.30653789683555,154.53755294908478,124.59477773988256,144.9644099134276,158.18388758595205,164.43851025310497,157.80243797080809,163.00592960491548,156.43472152624287,172.96592690503414,179.58173132350504,161.60467566175214,172.41202744841672,156.88083381616002,112.3835331503846,158.05476018900993,144.3715217658184,133.24592618613872,125.3531783807523,149.1191979465911,168.7553009656817,140.19253212457437,138.38491196958165,164.83212020571796,175.4292679617302,165.75108472647486,159.78205220933336,160.11882604659934,156.1452252752178,143.0391453359452,123.57678678504064,148.49624170949596,143.92701399476434
183.40607401712435,196.24385805834152,176.67607504863884,163.71425974141948,180.73579380387676,167.6780668462283,193.8797095089716,176.2096108956812,189.13766243750388,192.53261932976295,188.01707679698563,188.4987226750689,159.28527283198193,137.54190971280002,168.75547560548472,146.43216794570313,0.0,79.9894116920926,79.26941635913926,186.1070529216065,161.59260927978033,78.43077819310597,92.9661244772082,167.91228067405694,175.591673987754,127.44962287338392,181.68456057111777,163.2943495628416,176.99530729270333,113.621713654743,190.3257136496788,185.98337699455783,118.09406323507912,80.05826054290412,89.66408121675695,184.93412654651627,190.50984574228448,192.36291490671368,144.72665817280543,175.99311360431224,200.10129735939256,187.11987023253027,147.24890945041847,197.84266295435293,168.1341292075458,202.02583013324025,184.61408127956693,184.5765501164164,197.40588211536635,196.7830049095877,187.34372405008023,189.08769764835847,176.18560178980812,186.52426824040737,180.36518055032477,185.1399343236921,190.2294673510389,193.03792177537616,201.27087002222817,178.01773085328907,144.37731252462052,155.53086552462685,161.24148067535668,123.14569052845036,137.03900989117653,158.43287821963764,178.85054712484447,107.22362726633052,76.60443995105233,78.69690240294149,179.10691054442793,113.19796958850505,92.27974090826164,166.3204915117518,156.03332452904095,138.11982591752533,145.85334271132044,126.53500089911456,190.0062143358842,206.17911351842045,92.22708998551322,155.8564328798955,158.06823418215322,98.49972463085146,114.4063930656782,108.29829117043856,182.61174999694487,140.36558993000824,170.9002788300418,175.1552283647851,193.2754130873023,200.43163044248985,181.56012843681415,189.37361286592431,155.78204932758564,200.0615076981453,195.35343394817068,160.74449974434026,194.8688291363519,196.62112366297043
184.97666251703788,184.51997333623035,177.7678041438619,164.92559975736026,170.31723357882296,169.20794147903132,189.9527874025207,172.45093258892416,186.2183783526379,200.5220607230372,184.39800326231432,189.68967361217983,178.23852942851266,157.58940739680455,168.72653252886255,140.13212954958544,79.9894116920926,0.0,90.78045154829512,187.18753061433165,175.44118516822826,80.03513938030682,96.08164665217312,184.1299126004733,183.95958981943184,124.91605460207606,188.59993840389683,175.85335223737428,183.34852283944224,96.4301460696504,172.62160844439322,171.03852608686168,109.26353763416664,55.46671575489517,83.87087556092528,175.87063363584204,181.0163469869213,196.37947622267865,126.32103639302407,172.13099917321182,196.45274772431677,187.79631739121749,149.65340815110105,199.11002772942317,170.64789039011816,202.6061426078336,182.70187634763005,188.3687091016157,198.5624976021318,190.0426707145586,180.5589984574856,183.00885905665348,166.4069510262729,175.07046878977138,162.2003167836736,191.33253702492,173.11298786581727,186.31096138109757,189.9922310599303,182.98220991142173,143.63717751882407,161.07438788520395,169.09645064712055,136.00982330919405,137.70839459810963,152.59330987898335,168.2717832678798,126.68906709345666,75.18765978229222,57.75596523323832,187.00656226556296,110.74069005242228,95.60727529861497,162.1965492351548,166.77103009041815,149.4000442405291,168.52386960962798,132.46650680067478,189.5916511876437,186.97340238382805,86.95742777714594,154.66605422795706,164.59381838839093,111.7365190020332,132.4282257445037,111.30605948720908,179.3945435861881,154.47223520623734,168.0174798956674,167.3686831351651,182.59255901313497,197.15892917870468,166.60747662163067,181.3808071183585,157.10522023452353,200.9846744075859,201.2789161625896,171.50753154808277,191.2663032917034,195.67040590018237
186.73169946791583,183.612720854294,162.22623445549442,164.1568964862196,172.0389858615427,157.77131662134133,187.953837257392,170.6558789163177,175.76472719057435,202.149924026252,185.1950739394881,187.1831344929892,169.2619088863279,110.53044086533777,164.3303562916503,139.29486976215617,79.26941635913926,90.78045154829512,0.0,180.14172380257105,168.36239426669607,105.61829971094387,106.12823904753812,172.04269419790282,193.4452139203988,146.0773133789773,177.98946495817023,164.2935880059315,171.0639044700779,121.80865691215668,177.6106576656374,183.124535917334,117.60017633184142,92.91686236117368,111.22757641445035,171.43878660300436,178.1784819867919,187.4123420622672,129.99418220069407,166.54454518151508,189.7081112542689,185.5248120523445,141.4591489073836,180.9049031779071,149.5976399137361,189.7728194416614,172.296996838761,171.3097502123655,186.70195102741567,180.29184101297625,181.6922489498507,172.75364626066303,158.9854079533555,168.93303566820526,162.60533179019987,181.50079794221807,174.55107521887146,179.2233468107375,186.95891563199424,181.318245678362,158.98987066587992,163.9911192326028,138.4602369180605,107.79021354787184,131.89361938450628,149.11991275717628,164.83826331246598,98.76610161094544,82.563641743476,99.9688520769054,179.30413731435897,122.31893063081516,89.54270251927093,163.60657945319107,164.70907297229084,161.49971792466357,149.07628539369517,138.89853948577223,181.42324954846572,190.33476266625595,98.091586662103,141.29049041662395,144.66174167352565,116.26560201186712,131.4872687165261,125.3008977096432,173.05159974752024,145.85666132041518,174.89294432221345,151.19163969923844,175.4980405703447,191.96624721763203,163.94306109489543,188.3796398878613,161.20742581392886,184.57999822504644,188.4565668284369,164.36982726045645,186.28798957020356,180.45116732803035
101.08644472857507,111.4887077754528,99.41952297610976,122.09083714745458,127.52653603026852,115.60966785809822,80.42791865879852,96.96723785479368,74.33802003228294,115.12695697838387,150.8372342904478,144.59159267372712,158.37350287398607,152.81755553460397,136.43689608258885,140.78055982658202,186.1070529216065,187.18753061433165,180.14172380257105,0.0,120.59078468059012,196.92911199199236,167.5928691213771,120.32367988277636,136.30633276359413,181.3819442820747,120.79450306497397,148.16966438076912,77.11954919720702,181.7507813555594,128.57709011750651,123.34552003408842,184.85831307055395,184.84426752674864,174.16321339446552,77.64728885854535,94.60884700687934,110.53528343586632,171.5835616252628,85.41129909094599,95.08738755818072,132.97104156660174,157.4385265521547,141.75483641740703,158.0563520820159,108.46557099586862,129.56091450581818,131.31678520982507,87.54428003495246,95.83474446006429,132.21911950113702,93.13219745722816,142.0461286425438,133.32735750873383,115.95646742349332,82.42076804703827,97.06244703250404,72.85929174882259,130.9396756204962,143.87903167509313,160.62735142297095,156.34743137863694,146.1289510353223,175.23980828281486,155.93701794027527,150.02957683454244,91.64719565416402,181.2107357953832,201.35322300932427,184.71742115262845,76.42671967685112,179.14446274199008,177.4229009275822,108.73097872005032,134.23702764114623,159.9522908433152,117.52827970693536,157.65941006462006,143.42755706216596,127.54920556405976,182.56565066035355,157.51221843517362,176.89248004787396,175.82668766110626,148.79307298946637,172.21165680740478,112.29044331649422,160.7953076774245,90.98530433011376,111.4997507626821,141.83265931039955,96.13734750297552,156.25273389473543,138.93096845370764,143.16582082202473,117.04697812465258,106.19726440460744,141.2671141382442,102.21250153900849,82.52842552382279
150.00896830033136,147.51910830759357,146.34887554650788,128.25710370067486,132.42208532309604,154.05847310509705,114.38475087177022,127.52593217965256,128.55350665060362,116.35447452945589,121.94075373356355,132.4581089043308,137.0220120422171,127.1731306961843,112.84144998454568,158.4104322237661,161.59260927978033,175.44118516822826,168.36239426669607,120.59078468059012,0.0,176.7836663125732,147.76975129636924,123.50358133592316,136.7890634908164,168.81705625997762,123.6703235271727,145.4732478245676,137.72241720041455,161.77704662464552,161.53991334669553,154.36763216067845,171.30101112056502,176.80415904111436,157.91019312974248,151.98884101147655,159.24316473422675,127.03280384117387,172.82876054767743,149.1426782218731,137.4296825206407,138.1892050866147,167.8743346181533,152.0854714683427,159.39270303435725,130.90089584689918,142.36517040786993,137.60161327306284,156.01366418474635,150.11685959006508,158.61250085695576,146.48438697228374,148.99848134527645,134.2342250982434,159.4267031461943,141.89750425680808,142.08004775077416,133.53343480219928,143.3578949309361,125.46363996754889,149.3555401926563,148.51997601856175,144.0464437560453,154.60288190247502,159.03073397902585,148.5712633312604,150.1179494376936,170.60744231094816,186.2946493434192,169.21830880270892,97.5167421104561,184.43532383869427,169.139865536241,135.0157015743605,127.01927926383586,143.52643487921063,134.12609258962698,137.5458998847455,157.55923915458146,156.4673517030565,177.29984880355363,172.24271156076878,169.97260581185458,169.82437571628887,145.48177099728133,159.3706953547652,166.5630545417091,158.07983183507469,153.9455588474114,159.21343272674392,165.43294297593627,150.62507909317617,163.9823282011069,142.04376911452874,163.47409436830253,142.5903270875046,132.2900636308525,149.64835540725497,154.82227154952318,146.2910258640913
