0,1,2,3,4,5,6,7,8,9,10,11,12,13,14,15,16,17,18,19,20,21,22,23,24,25,26,27,28,29,30,31,32,33,34,35,36,37,38,39,40,41,42,43,44,45,46,47,48,49,50,51,52,53,54,55,56,57,58,59,60,61,62,63,64,65,66,67,68,69,70,71,72,73,74,75,76,77,78,79,80,81,82,83,84,85,86,87,88,89,90,91,92,93,94,95,96,97,98,99
0.0,153.56253679485957,144.00440022851663,162.9498379989464,149.86849176440415,148.228396562389,122.6178010231921,140.21078033999413,151.94918422966373,145.76062364572056,100.71792978801412,147.7065371247856,153.25451415301683,166.9556175161702,152.5330703540202,113.10448399165438,181.70145066293523,145.53273041449668,173.8417129011814,135.89558774734382,124.35990458930284,156.76336324073753,149.0998230215344,161.6855981741979,158.8622862590078,140.8336069715389,147.67262311480232,164.90642498030758,168.45487120571727,145.73924645535268,154.98390300318022,130.36292994825646,117.33380636827636,155.53800945537796,158.59452385226126,123.17456853394754,175.29729510992237,129.28197738842235,142.1193720829316,129.48100839784993,139.2968198782654,178.0085109249601,144.24780652770812,168.1098960914793,147.46855518383495,168.17255053175126,146.40249260688293,136.56430258767546,132.27060459577032,170.51046897875477,89.77265608070033,127.44009320869486,138.373335505797,156.27631004025454,160.7919986284508,107.00587136822683,159.20728914959665,158.3321660424922,146.5342673422605,131.76536519048764,166.1175757850234,173.28043791833733,170.95562160150632,167.361927409314,163.33598904817876,149.4978482672795,159.95801281024595,174.20251165879395,171.94529095741774,167.67867248530925,140.15477286004574,159.69016308298154,165.8208489408475,155.98492739417543,175.00027115141444,152.8816683097656,165.2072969245783,149.91199626543607,141.50466233616356,143.61782786326037,175.59947139814395,145.7311053887165,146.07942088333766,171.51081923274558,161.6012562939334,168.14980769368782,176.3933722282332,169.80369715942012,160.5692239536331,141.4577035021663,148.35748718805974,145.1782852328691,150.1660887866115,174.32796311577482,162.9749588776845,164.03562688732814,182.47985725464932,167.60304397764577,134.7762490757503,162.92465753848208
153.56253679485957,0.0,75.6903604106501,97.56630839700816,101.305220590018,150.29871616491778,151.313784696883,121.96480064122387,146.1878328521322,119.07160689521103,164.8994808543547,143.5666705301548,148.91815034917244,144.8475780567654,141.18869512939665,147.08162282836713,141.7422967004049,116.7191944883845,141.03388381076218,130.7809611894922,148.12500278653988,172.53532605614873,169.8890690313992,138.7162547772,151.71826958585092,179.63694456102883,155.3788412082646,186.49560306645765,138.65103225772313,181.6896969017512,142.31891984927,155.59258721797434,165.1225869845572,123.74644877091202,135.69760274315803,116.35777824355333,142.5970347355126,165.4776585134254,167.56995518938635,165.02494553860478,156.81540323437088,139.64490250355027,171.56406561877125,150.16379720419286,149.5502318783602,171.889167691021,176.08390913158854,147.03453676615726,172.9650141293743,121.352696459308,160.13050374315603,106.13271663604525,141.5019074759212,111.4776834688024,89.7435213517372,143.39326409913775,126.83150014944526,95.73656796244948,130.81348268768733,120.30040726622218,148.7592226496775,131.6104375641039,145.56967730678747,124.8976534208546,113.98672698177069,133.35608985698846,172.29789195305196,134.26226555812,120.9891552422768,128.01536948885845,137.754617141742,148.30519903823895,110.64609440496572,146.33316710518062,135.21115687207984,136.15203275350248,147.74918967589014,176.84816873812025,142.74817660206185,160.12079508691886,113.99352564873097,146.08180300456473,145.4059510031049,123.73491600903225,139.42946991455173,132.12798294545533,137.7376057323752,181.78004329098255,116.52337353514405,153.59651140354472,180.7555362400865,169.5479057491569,159.46747920019675,135.82123351125318,162.34789659924553,156.9049167693979,168.7887098041668,137.31574332734425,154.90404847154278,122.9705583945771
144.00440022851663,75.6903604106501,0.0,129.4200356598869,122.04757308427628,123.20167305458222,149.01405006990598,116.30419946780744,135.1427090318183,145.99808775052594,150.68654690255295,166.31397799107083,173.8969586619421,167.64631648456782,156.46429383786017,157.72463616721038,167.5598235321135,136.8974418979849,168.01148241531143,127.75255394065644,153.0965017453983,174.15309291915258,172.35742063876785,165.61184292151384,159.2601952414919,155.32810632969768,153.44247249088733,188.7690453321277,155.9019047952553,173.8084109312471,147.2641940488699,143.61613794910326,162.5618691327934,143.8459272268482,146.30821332850843,111.0688478292144,157.1725136980653,155.10791022980723,177.36494400097646,171.86579817186595,162.46073326802482,142.7808239166248,174.11704114502157,154.04434203960136,140.218721431051,183.62039464958417,168.30399150065415,133.91484269355976,157.17569811719258,121.82880317886836,150.46449973541658,117.00699569352916,156.90878842549716,142.3324462032839,73.19608081897209,123.39588240564755,120.99993010105008,98.1324198724914,159.54657689450312,137.25780965195608,170.2913205894492,146.24054042529477,158.17683654964068,154.89437076643554,140.24010643325386,146.88302797258984,164.6889454014525,168.64707877333285,140.72873946139583,122.559301673947,127.20480323187635,149.38348098925024,119.6882879875952,161.2786092801233,151.37491039792306,147.82963653680764,162.06885733918443,173.23517692287635,141.77325358145453,161.01393776581483,141.08792355152949,134.58182814206816,151.66874968177467,136.61968979129747,133.69093485711753,128.95721218915918,150.1357927988535,181.64229603692476,133.58812843403356,155.73466063896888,177.09809970605463,173.12374958006575,163.78759347657106,135.76945892241037,156.05547870690395,159.34810578454136,169.199116781584,123.95717126724384,139.12444643858157,117.17908670430538
162.9498379989464,97.56630839700816,129.4200356598869,0.0,95.77058403062652,171.00237105005056,161.74377912186958,121.2649757462304,156.1875665031273,133.49930040437357,172.4679741321237,149.40546044752784,148.89411112885625,122.55707323637394,168.6546576438716,135.81110180615426,136.0858559174083,117.44044104984584,132.35229871673374,152.34084211412136,157.79242077953967,178.12176507847042,172.71467187311407,118.2427317106624,148.96395801933895,188.58962839246232,168.73280538003377,179.60530768121083,161.0223186632148,190.15623675105724,165.8192660339658,161.5467324499656,177.1282648995783,99.66674390167614,148.76478287681812,116.03123989506486,160.42712863883824,178.3351987265581,156.99927846232032,175.1884886464937,134.61033754533196,148.37687060384073,189.13221799997075,157.78597965245945,172.83107764166186,159.6933988948025,168.53457897604062,138.6332320554467,175.12612795051007,138.44718535269894,167.78811725303254,118.49246520449692,106.7238505635744,72.55791321682389,135.28710093487643,156.95811418595173,106.94147523142884,133.42574367626446,138.2137088789147,133.02271020046288,169.18305588378695,155.65990968710452,177.7210696541767,131.4981273096996,131.0117252661412,166.54544030310691,171.87142984310532,143.4053290501236,109.09328279002136,145.25345999257786,168.10070930537995,146.8589572926508,139.0163628561006,168.00850389172655,140.1764604425485,139.06788559698066,168.69358841863752,188.43559753106055,148.3078300183188,146.1829940234727,112.08224743368166,151.86339302045485,162.30238849339665,127.03418191880948,141.92583707459926,152.46432774022787,155.13440267172228,177.92388038844706,139.9731087080773,159.06384750274702,169.8812505472323,168.59877339247413,153.98046642372384,153.40957571045732,179.22239289235927,160.93948143608907,159.69770693202307,145.87520402557686,157.1870885420433,130.2894927890832
149.86849176440415,101.305220590018,122.04757308427628,95.77058403062652,0.0,152.66374667295227,156.36638634530937,135.57697709687022,143.83193038710536,150.85253719751717,164.53117624814203,153.88761857261963,142.8917092986034,138.10007053233966,156.61780867561788,149.8207171645467,137.519020695839,129.50773193829653,144.2624220712458,144.10518547035022,148.5491749114939,177.066095773019,169.358927700631,131.964995792727,140.88692120587652,177.17017898457908,162.30725225530486,169.61175331257712,153.87925732030445,180.95233767370783,150.38749925444677,150.66365409935608,152.0321015030363,137.0611876950982,147.21130135988466,133.95024293904356,149.0695740938886,150.7879122764748,140.87265942493684,152.963003338992,146.53023668537196,155.06783855025975,182.165376397564,155.61386482282876,173.65267850754492,156.03670484483297,152.63490160812466,145.89363935913028,166.61814106066458,134.18364640822034,166.31857022804388,112.55955288519104,114.74722209085854,92.60425682709196,116.25149285734902,160.8427152226642,128.3607511886002,111.59739142526315,136.53889217042578,149.55338816552984,145.84727079040923,149.68843026017407,161.76406038178175,137.6465395001585,141.79915322745623,155.01275227381765,156.1935936630083,140.39033878885294,125.89303571049078,137.8254446598096,154.2561470416041,163.92737531035482,134.81577507901125,148.95131347676656,137.6278149971805,157.8534103071363,159.1488978094739,165.35010800684395,139.74525497022108,130.79847492451302,134.02488008236972,162.5351405265073,167.9549517516898,150.28907667586031,157.22581798837294,158.33817536524063,143.52312039070748,152.7385241374746,133.76261034479955,155.5311780535389,138.10322695007986,140.523845096494,131.504900595153,153.60923610340504,163.43189186460347,162.45781811905533,151.4027774604773,146.4567339000069,159.45139099267567,138.5416105563529
148.228396562389,150.29871616491778,123.20167305458222,171.00237105005056,152.66374667295227,0.0,129.74495917874538,140.60980221415903,121.70071707023412,181.27946104570316,149.39968513671482,185.3219854761799,195.1485634535905,193.08773552002992,163.30691321003894,146.1320525739251,188.662571724344,163.69417136377274,176.51886061671038,124.67804267249208,154.0721585949445,166.67072363840057,160.9740683746071,194.6785529422575,191.3647359864097,156.58260304750752,133.75801185217838,160.33585670845088,165.40371837131758,156.13678290441612,163.92864347739237,167.66893143954172,158.48940819687456,185.64517738998163,159.1088665991287,133.78574071215635,160.3577497909202,163.72029571784515,184.2428815791253,169.10249738354327,172.8931867278468,157.79976202602228,157.23672600283547,149.50253458239476,121.96455854542717,166.64159155120956,149.81634923059218,120.63111029096883,97.29775445026,138.0437659637068,157.38004216421996,152.0184678020135,164.51659537559243,182.4721873680928,113.14607884848144,95.62133697800796,145.4842661014651,144.83782819157489,186.4422467862878,155.8264517395528,177.7281679407019,179.28944457588562,171.05594660857744,186.73167520666695,170.02494509152038,166.5687065171649,134.89919897457918,183.45171389484227,180.7322466822758,156.19690885424353,138.7964159609126,176.76139787862218,168.42189922668706,168.01178528066444,189.7106941986012,178.44099537061726,173.0249775198879,169.4847738082584,157.0298346911665,179.13840168973826,186.45535067040305,160.79888752397738,153.86303692601774,167.0873304584426,136.8454565586713,132.49416836552882,162.54360382439762,148.60164305322195,170.48408114128438,172.5032970400976,169.86035659509997,194.32336627896447,183.79254525464708,157.41788497638163,155.8365091946474,142.06666928910653,145.0334609948207,117.97885490486254,99.4084971012586,133.9675757293673
122.6178010231921,151.313784696883,149.01405006990598,161.74377912186958,156.36638634530937,129.74495917874538,0.0,141.3013221075438,147.02427421858366,152.1548804986679,134.6478793849481,139.64678591568395,150.24489267309315,153.92557385101773,143.80780331621034,96.61850178361044,161.50226221180728,139.9809497570888,151.32876733379152,119.49231346593504,141.40749772704595,142.9630389441279,111.0218884800795,161.03925720620418,173.02375778720847,157.93018434227693,140.84248177683918,157.256010805953,152.38839476095643,115.51025956457023,153.89706422665822,143.4225567607442,87.21636547581447,162.69213125531573,170.4280456273996,120.4777912783394,168.4368157087594,103.97653616205376,137.73261979575565,115.98361774304112,141.38240985482742,174.01050108862722,126.87487767975024,170.78067032353684,160.71264366115798,133.44820260792093,149.9555388122532,127.53142166141338,96.4648998558188,159.16561345896633,110.91319115883137,133.51220709397566,119.6707161408718,164.86394127137245,154.23288300883652,111.6288975200913,165.26049045972638,160.5033519216724,139.72522074202516,141.7430544462645,143.03659468155558,174.9902385136395,145.99426582895052,158.1107027069603,153.57999952341817,143.02551680203408,129.13751426523493,150.7358888751551,164.44319298846122,175.75639898455393,143.81980181352537,156.17374198791424,171.94005629104365,134.08707005368143,152.96100706593634,159.47686371332787,151.43734291420228,138.47495730017508,152.4802940679222,127.07465717322007,166.14920329783928,158.55017933544812,130.34213668913492,168.78172511086944,162.76553334279316,160.11781159047916,169.02745648949082,166.17959196001266,164.65268546695643,157.9694056216746,114.38313656741111,133.25101261728645,134.4928117529621,160.78545250089277,125.9361275893054,159.21695988662515,152.33167154841163,156.15853540760446,98.74477086264449,169.44771374211777
140.21078033999413,121.96480064122387,116.30419946780744,121.2649757462304,135.57697709687022,140.60980221415903,141.3013221075438,0.0,74.72194454324566,138.8533083301523,144.92782474532746,151.0154436774218,167.51394330451302,152.65673500328631,139.5871613951531,129.2969567836814,176.5838202886772,92.26044446011348,159.6849489892632,96.96922764188088,154.0945910217871,127.5300650719151,139.66244852198827,150.9930207020193,163.99611183602502,133.01970617531333,122.8687934412069,168.3814649326397,148.21395809101955,144.21978969986458,162.5034193243015,173.91481304994653,167.4067905639598,130.69247598397376,95.32823195791728,86.61559640262257,148.28636605498838,173.84844315270817,176.2231795801661,150.19169288589478,126.18138488198731,142.2502815630994,145.80813994421814,180.82069216727533,119.26215386120448,173.73798155458786,144.325113845727,112.47692995528472,169.65178155870146,115.1367494811024,145.57226054484792,140.0438584287009,127.4041989901595,142.39589190186518,115.6106404525913,126.63700828338683,93.75457992296988,98.50346316858494,160.85391331688882,138.32479180810148,183.80022390606248,176.51152603829934,173.54095064021166,157.5885917281833,148.80735224305937,137.26917623561766,162.60275174967634,167.71428854688224,149.25984694765296,139.3366766687737,111.65343666183706,132.10849610480264,147.1645910844475,163.16004412574853,163.46931269663645,139.25001708993415,148.84409384543338,157.06481810324033,169.1255814213343,180.2079882495574,149.82627436753052,152.6440218845038,143.998091812624,111.35686392778264,96.36459292525755,117.26435786731636,142.5207561943224,182.57905262334052,116.9967896765336,137.31859183733818,186.0447980514898,185.9044146952427,178.25388678947886,152.92173581768043,161.2471245288272,177.38807716666986,173.38998660845573,124.43572411529784,163.41225718705127,117.62544703912604
151.94918422966373,146.1878328521322,135.1427090318183,156.1875665031273,143.83193038710536,121.70071707023412,147.02427421858366,74.72194454324566,0.0,154.10449576412617,152.02506390877184,152.85392910088433,163.3391708673255,164.8593490145691,130.70612240854467,145.17231786243656,178.55527134325314,121.43759184799418,165.64737177450058,107.88456186735728,156.33338501812273,133.09422229439787,133.2688072723875,158.68351151983856,172.37739597444306,130.03837265313558,100.2846463002139,147.41394728928125,134.31888904681628,132.31750227829212,163.57909543942662,183.9900659477132,174.22717355371054,159.1443941706875,86.54440657232331,116.39391341222483,136.4318049816845,178.9765543805488,181.1916682841482,147.5979692693953,127.26804223223368,148.44150310765042,138.39679688473467,170.8402442402865,100.15943500698366,168.13622822647574,127.73184511082228,112.7114407940194,152.1707328630189,130.7132656136046,163.38349832055826,151.62804853314384,135.424025015863,160.23667121733783,123.42030480997995,129.72757791834565,118.89050265602076,98.92820060172711,164.92138204450757,155.0422721921974,180.4139357558105,179.68512799887012,157.86319866636626,169.14169660183404,166.83619554936217,127.24937469986564,148.54549649706777,171.26907377242551,166.79132947876985,146.83817533312117,117.97058699438264,155.4779243811328,156.72896152262305,161.10292191091617,172.8302514163609,159.65771577228992,139.44707441431973,142.33791922341624,164.9777542392008,179.48846040467998,167.8065653966794,149.04897730570406,135.1470615949347,125.5517367238802,89.77807083407941,116.80626459375532,137.91777386650637,161.7077562508361,139.4365315290603,126.24484042741472,183.299745455612,187.98601493204865,183.84542538423784,150.8114457391802,160.56138549158806,171.54012795969447,158.91431253347756,123.1944117638532,163.1526263248427,135.80288624272106
145.76062364572056,119.07160689521103,145.99808775052594,133.49930040437357,150.85253719751717,181.27946104570316,152.1548804986679,138.8533083301523,154.10449576412617,0.0,135.7038600852022,84.25821004740357,115.5871790580986,91.88029732785624,109.50136867714504,146.9681336266215,120.62896140203704,106.25390424405036,81.09305539092735,156.00585654978457,134.19735669764907,152.60401409412248,151.033656395042,110.57126471280128,122.7168158551622,141.3865843572785,132.4430267625115,144.11897135263314,109.30384068324216,152.87211931273274,155.1531747745337,164.96235993694566,160.6903320966555,104.74033119178982,120.8867652470298,140.6040018538778,118.51065489916311,165.5394595828201,141.08841638270297,132.11673101641048,130.27530141946386,121.27357972934314,157.2918341287819,117.3358683824971,144.48036156001962,150.16525960547625,174.42312176044751,163.44346357980328,164.929270061482,117.69195006042828,131.57740936887436,133.9699688238784,153.44375874134454,129.6985981274284,144.36238590451546,162.03782074631914,160.1359156536779,143.1566896698125,83.97660762061685,79.08436825418124,122.7012808786807,122.23578917636397,117.01904829613622,108.21220334630038,92.18799766369212,122.610117763832,165.30592607018394,93.4385243613053,104.75545769999822,155.8666642419193,153.17554381720225,145.83180758229082,139.75225185150208,117.7415884287118,106.57216802952792,107.57884718589366,104.57753726962788,141.83133666513874,157.58304389102847,160.9897908783829,117.2009538979096,160.18492249928292,133.63557828916294,135.7527694319855,154.0053985032681,165.98459611517285,122.065448072829,158.53009861089174,125.14538008533556,129.87354715559485,175.30831451858955,153.6098940889592,140.5179645279258,133.78312459720362,147.9949311637166,131.38633639108258,169.3590512793001,150.4207963654631,160.87431103640887,143.33716953208238
100.71792978801412,164.8994808543547,150.68654690255295,172.4679741321237,164.53117624814203,149.39968513671482,134.6478793849481,144.92782474532746,152.02506390877184,135.7038600852022,0.0,139.8459146068434,173.98661065908595,158.23249853102578,148.30896029697422,143.4904749479819,182.80545892777096,141.42860016001268,159.5716684349615,134.81607383140192,99.89946717625104,162.6052383042087,154.32665352508812,172.23963404789916,158.796565072323,127.76787651568664,137.95343760228002,160.35279468946132,156.09893404158686,154.38541203383187,153.2885937577351,157.09917645919796,148.1373007736412,151.01844407665112,144.97674060314688,133.6397469911335,168.4162253187951,156.50381690919923,147.7564625090504,127.60572395497674,142.78571150104136,165.60236578196515,155.37425678002174,152.47549888667504,139.85101871716114,162.9012274101289,142.47634226438282,139.1409759942059,128.6892099945809,151.62271047211996,127.60016263595956,137.44836055410877,153.5962807735463,170.20872575374557,170.0574227070489,116.37641043828852,164.86664204846562,171.92138302713687,147.3195506943232,114.5382294825312,173.6095153337465,189.98983860696623,175.8764237966569,181.7067276830776,158.24158338652234,146.8882265523719,162.15193094687737,175.68907172262556,169.56619221334876,177.63004999624707,140.3963994921501,167.617004956324,177.87415434943244,143.83582334187514,174.9112642610283,155.78144619346904,152.6575722238972,155.21790121234056,148.34238786930382,166.79843600232795,182.32418600660816,165.14998129207498,159.0766811077101,180.52150733009643,159.83014959421712,167.99426571055176,171.31018986485304,175.76002505703704,153.90336800479815,145.22523051228836,169.10904306204765,162.96853530900387,162.38998628387782,175.73174999708746,171.19074357608775,154.87710873124604,177.40419795125064,168.9480297924141,135.96517949295804,165.43437910331303
147.7065371247856,143.5666705301548,166.31397799107083,149.40546044752784,153.88761857261963,185.3219854761799,139.64678591568395,151.0154436774218,152.85392910088433,84.25821004740357,139.8459146068434,0.0,82.08189658489397,104.07063945155062,118.99423611898648,144.3278814378342,100.94706230353523,121.4673409762016,98.1831466038168,159.0580282939478,139.5353693524163,133.24186818512828,113.819923197213,94.76301064507436,126.73784659637629,134.79719871381275,115.76882000285102,135.4231275330264,131.0519674742308,120.7883354361255,165.73056521375935,157.5571974412494,128.86591536363204,113.69397199780995,121.56767837849878,160.5358283088412,134.7336483926279,136.25482187237128,130.5272737469938,124.4717900535448,106.98957876354804,138.9130785690683,129.29438873953447,135.39214756685843,154.9880180100921,117.81130821806164,151.855731425186,154.7670064955229,161.13730486023394,145.63830872671173,127.8123802153356,133.85923211297506,140.44711538048324,137.2314611606414,163.84470951577663,164.6698780848746,167.64433867885316,150.8977971666264,96.88594645278432,109.3435168582534,99.3794024445207,123.1902527564542,108.87647384304584,113.74624412537004,119.32088297549228,126.2581544001738,172.78949610107009,98.84619048044836,120.25475107442306,163.53181485726648,163.48657994449565,135.7077381682762,151.3056038790968,132.9685885424827,104.41934363052492,132.31329548030934,115.65801434690404,119.15208758415086,172.18642514332984,150.77168644075448,131.95611714006756,162.91450356519226,132.5659141479117,141.82433321889766,160.54303693894394,181.95576296596252,143.3448635226259,150.7500042969523,147.0600191687591,119.06378069473844,146.37249399236703,135.1543299287597,131.3339371849239,149.315340341391,146.3405139925355,139.77243453789703,148.18768499078698,161.51127880682242,164.4833881099906,168.36417388866903
153.25451415301683,148.91815034917244,173.8969586619421,148.89411112885625,142.8917092986034,195.1485634535905,150.24489267309315,167.51394330451302,163.3391708673255,115.5871790580986,173.98661065908595,82.08189658489397,0.0,87.59755299379412,131.38730465514342,150.87615657582694,82.76796989585002,133.53537552195831,97.7618066183733,176.05413439954606,166.1657043832338,133.36998550781703,116.76515503868148,62.98034283005805,120.97755633972416,156.47043064449878,139.24947052548475,133.91032212063965,143.94824063824365,132.82676024845915,168.4238309608947,155.85829038948646,128.22324584381283,95.78155094179866,146.3031309808154,172.23050965462522,135.5362833309789,132.39322083209572,129.5380148777168,134.8025898705251,113.12168290905716,146.79486219939187,139.98755746171753,147.46231886305833,180.6903561184528,116.03643471560996,151.75429477226393,155.14997588885333,167.75734590937287,164.49018487487024,131.4601876161105,141.94357902604582,133.6337183016019,120.2868153151161,175.41515861025437,181.59211379640053,161.84498638059966,155.79941002315107,97.50574857974284,140.72532385093953,96.44243465444264,92.12995540464092,114.5719993426173,88.22946181510372,127.93333909365468,133.26163624237003,175.74535866973255,96.41027066053758,105.76089056729556,139.43224994310353,179.39029373620903,129.5591249801091,130.98471423578636,140.11278598448413,87.3832820086649,135.32402586232564,133.64169116271538,129.36901225617032,164.53352971590095,125.04752590448273,119.43024658130088,161.06814195141425,152.0306358360811,143.26929683302546,173.5122741022959,184.4325223743844,142.71278521459934,141.95307713019247,155.24772560976416,132.51778485346983,128.70633789284508,114.88901573155744,112.3004152673272,158.8263155875653,134.88173321653625,147.80957761601937,152.79284989326692,178.0290161533992,168.24357787045835,174.2890359335881
166.9556175161702,144.8475780567654,167.64631648456782,122.55707323637394,138.10007053233966,193.08773552002992,153.92557385101773,152.65673500328631,164.8593490145691,91.88029732785624,158.23249853102578,104.07063945155062,87.59755299379412,0.0,129.2600352884475,151.29397542335894,85.68674044092603,99.9087954317474,57.99907223756816,178.30785021165246,151.46470189362404,141.94178422918333,128.39412079254953,78.33033617434825,112.5552431238198,163.4963596615389,151.8651297287584,143.31771038568849,142.3827007786919,143.360923762891,157.17950745484225,164.4555861544951,148.72461499581578,61.82323903225525,147.6986905723387,158.63664354962484,137.47451864961542,146.17726523252128,129.80673696720913,138.18610761899072,115.41197494061328,138.71569485940114,163.97134793371805,134.75512158244163,183.72472827299424,116.03182719317104,159.87848555587306,144.1811663833932,168.18496721421184,150.79026106406124,145.53549932647687,140.1918907498566,129.0916287537715,102.06343109196212,175.76939219092588,183.11065687121845,147.2354515972523,166.30534181878147,102.41252312825326,123.21207224341654,119.18274662152696,116.66132542290428,123.73166092301814,86.42714912993598,105.956512252876,143.20042740949015,176.41523059367,88.95194878383835,87.04567833041276,155.66497068025149,188.77853058628784,133.23122917716182,137.7481926815493,139.5287687609925,89.89607433722279,126.94851196153456,129.3229239363203,140.5357166222566,158.98189660457774,133.82669758894332,110.15786098390166,181.19038854172123,165.41968263093534,144.16071876364157,171.29524901078787,180.657803567058,146.0024938608343,149.798070848907,148.54009428917186,149.9519185975937,146.29454375774026,132.76192182307585,121.6541122830114,160.21246391392953,145.39665363146838,140.5961882326057,148.14006446853566,172.96828561919602,173.60021604431267,158.04303662333788
152.5330703540202,141.18869512939665,156.46429383786017,168.6546576438716,156.61780867561788,163.30691321003894,143.80780331621034,139.5871613951531,130.70612240854467,109.50136867714504,148.30896029697422,118.99423611898648,131.38730465514342,129.2600352884475,0.0,156.58131566781515,144.70271028746498,112.9393969163732,126.64743053538626,116.55762715338396,132.25504275195047,133.5167683247127,127.43919834025564,139.16580551826627,150.52877657338155,137.45475201589085,125.1529534149468,147.72419024693113,80.44779790918966,114.86434857875015,167.93003959909845,176.4488840295478,149.6735164266142,141.0316526531982,138.3365688970921,130.13989965329574,86.66041496626629,147.43423169627846,142.23247445587313,111.9725966543331,141.9277830957077,150.000185252034,126.19767296619196,149.43547727479478,143.42965483793745,154.02074832206813,170.6898994464495,175.55239307095405,163.3990983752035,112.93136349109102,136.1577833425801,139.09560427426334,157.12762671975509,149.9919975344835,139.61915301701524,165.28030381563042,179.78999822574156,133.22737982151426,126.9739061660177,129.02774360793157,134.83569198077504,143.96991476479485,116.92058063895844,143.11418498925525,132.737965185846,65.93740437407877,157.09106636386673,126.5280264985644,153.24287485666082,166.88871719579635,126.99132646857146,152.3044268530234,151.05097602213857,131.1363907530619,140.68614874292862,135.84189333824736,79.35308858054017,118.56154444894428,170.37564204457613,169.28238285412914,153.886863221959,173.68046181884935,138.0121951459478,144.9652396817373,135.49677667194177,151.504755136445,94.956526514265,151.5222581046883,107.7857046446973,127.8083030221988,171.6946012154719,146.31781767910292,143.2717583657486,149.6028888288378,130.79705646956648,149.4760115831111,155.03368879102922,157.9128051121344,161.7282072213655,155.11913708628308
113.10448399165438,147.08162282836713,157.72463616721038,135.81110180615426,149.8207171645467,146.1320525739251,96.61850178361044,129.2969567836814,145.17231786243656,146.9681336266215,143.4904749479819,144.3278814378342,150.87615657582694,151.29397542335894,156.58131566781515,0.0,162.92930276964597,120.00594622893362,149.48461452664586,114.40631339453212,141.4940767496987,152.97935467629748,132.263507261325,148.95288022370892,168.82195190333243,171.53651500913082,145.71193447719713,170.150966174869,178.78395268005198,130.0017728383452,159.38794035453677,133.35359098154615,106.8691534246684,145.245086431958,155.7534157826903,125.16335712257988,183.05842385335225,118.29717842654752,139.8806448476137,124.0564799749268,123.0488039302514,177.6268535165106,135.9132804040568,180.3328845824056,162.37797325338033,139.65049944905488,162.97149635321168,146.8796551246397,136.81119091717775,166.63456846187873,123.27611926756592,126.99716295552903,98.70129316847694,147.18669112221497,157.27125039247824,122.51456535809504,156.40122047021464,155.32461914468217,134.24026541346984,140.435062784123,150.5990819568906,169.92634770771005,159.28802144481392,147.6168316103873,145.57319549367563,150.4764825176379,133.22337772938445,149.53218482642495,146.72828802467268,162.06168216140426,134.6456526101572,148.51801633335094,165.5087646124074,131.25221946680654,155.85803295850832,159.38457088430505,179.30632250236232,147.75257249290405,158.67060329736603,127.0004135152168,140.75708940338296,134.74983851674858,141.6305574107227,144.7359005709468,155.83300472337015,158.1615983757123,180.536538241672,174.1589989110473,156.08420858761713,145.38439281042432,128.47819300126588,144.8105598590106,148.1930520209569,181.0957155332841,150.56846423516424,172.061724414712,147.0788036895084,144.52462857708264,140.11128943892078,165.170670015263
181.70145066293523,141.7422967004049,167.5598235321135,136.0858559174083,137.519020695839,188.662571724344,161.50226221180728,176.5838202886772,178.55527134325314,120.62896140203704,182.80545892777096,100.94706230353523,82.76796989585002,85.68674044092603,144.70271028746498,162.92930276964597,0.0,140.89764825292067,93.18674878819414,188.0962403521554,171.95080226012885,163.78743034417394,143.78397944865708,84.08542288742693,100.90873680288362,180.18207999258524,164.80364801940436,146.83436232945903,153.94985530983075,152.00048912944533,171.71766669513897,144.46484949038506,143.79787826119588,110.18034618616834,169.3219434825715,174.34974559072066,140.60160358147436,133.80536454650183,118.72590124255754,153.57501172123705,143.49834927922473,155.6085004832613,170.36366339053131,130.50346425678782,192.60804380419145,109.28759898829136,163.63382866828573,155.31689968459222,168.1401919227527,153.42648125523067,158.99512249232555,131.253947541981,137.38847979510473,116.8365673126398,161.5240168858533,195.73986956134985,159.30741395902905,153.63424354603774,111.72506246764804,153.1868816064033,83.13058976521168,90.44610749505256,131.89476516990976,94.94211690119018,132.8549644340279,149.07128199907282,169.9835849726777,85.0261730472049,109.37991536359094,156.01148130560597,193.50311907102807,154.70142887709625,145.98240801918715,154.8540333881595,84.5403706332068,151.69648054379277,139.0032541862214,146.21082583765255,167.53678057995836,120.97392810897271,119.75170183312706,187.17577682235304,175.14354378222936,152.68873605740683,189.07885154171956,188.57201994093137,150.44386278264028,135.19866734138668,155.95071325999422,174.21332109344726,127.2434157348182,116.8954354411104,115.60922371556563,168.42746887244203,149.10163566933005,128.2432768284753,142.15176857319096,172.47391769542332,171.17493356063886,164.86788055680236
145.53273041449668,116.7191944883845,136.8974418979849,117.44044104984584,129.50773193829653,163.69417136377274,139.9809497570888,92.26044446011348,121.43759184799418,106.25390424405036,141.42860016001268,121.4673409762016,133.53537552195831,99.9087954317474,112.9393969163732,120.00594622893362,140.89764825292067,0.0,118.37122770067126,112.15012867206494,132.8672933459082,149.11146340777245,122.19610159455436,111.5404686704032,155.3697478392861,156.64103317234648,138.3105202777671,167.41972881672783,142.8315647500218,136.67620656786815,164.8118894339649,159.80800509193955,147.39351983050574,85.69784017015873,130.01866169320783,105.60185911765493,139.9060550721742,142.6692876407223,148.2739440276373,137.40457531473237,109.51931303679928,154.01394258703417,151.04276567090344,167.60365120011213,156.98349448354438,151.29966221680547,160.2218107078605,136.32811740943595,163.05228853831488,128.39208950159127,140.28882206534678,128.13122118418096,124.58251392057832,119.40424329459027,138.0851762973732,149.1491264648318,127.10062810358389,126.47033777040984,130.5335421864502,112.1796357982068,143.88561076392102,147.8287103030852,147.08779782587064,129.3778361422027,115.06723139505633,117.79807481504886,175.06001040247838,124.96531232098329,127.8652282126056,142.38276897388718,130.14768384170588,140.87536971169797,145.72551817991652,149.2452179815564,125.95121539528232,146.17805292482572,141.1391492736981,145.37602958433962,168.6688505595218,163.0583095518107,120.79282561471216,157.21937628070913,158.5373263183826,137.26774369843488,138.39007851788853,158.3629283604796,141.4235942771828,172.54577858672744,125.53462409411712,131.640772631611,167.69897434528755,160.12260604014187,150.92883855133763,168.0303462799322,157.9792950372546,168.1558729077609,172.46224044717695,146.61702561988045,166.8448087444662,148.04328633878546
173.8417129011814,141.03388381076218,168.01148241531143,132.35229871673374,144.2624220712458,176.51886061671038,151.32876733379152,159.6849489892632,165.64737177450058,81.09305539092735,159.5716684349615,98.1831466038168,97.7618066183733,57.99907223756816,126.64743053538626,149.48461452664586,93.18674878819414,118.37122770067126,0.0,176.4425398498232,150.64667584851952,141.05610528612138,133.82945196328757,104.50707464055196,119.16885288282022,157.04370869012675,139.9980019048739,132.00117474575552,128.03044963544193,142.83507617646143,155.48862027688358,169.24928626010538,154.81125197905908,83.53321047756785,137.91635566060097,164.37246895925728,120.24523745248142,156.4691018060098,139.54011345942607,144.21699474088953,124.87074833499354,117.86056968694987,155.5897476229606,114.57252776358628,165.681068962274,115.2143256087576,166.44178464505632,154.7903508608824,156.99370430705278,136.3703756281854,156.475988531179,141.4707554459474,142.76224740615163,119.01338662526052,167.0030335129451,175.1373788072026,156.7125832566608,165.22199169450718,100.3755188780392,116.38379038059732,111.66537512043357,111.34871198120562,104.80997141877806,96.52097297763748,102.59203784991108,147.43424658813638,161.94861837028918,81.88634949733877,87.37346240858903,156.07765685124932,187.6577379473987,138.58998061392575,142.65058447570783,129.327466452953,94.8534506786535,121.10921319289622,114.91699552162254,137.3194297655278,160.1201732913418,149.42798115621238,113.41375480509708,171.43883325100217,153.8334513998675,140.7711734524794,160.56063043930416,171.87244528130304,130.87984248094335,133.2671772375566,146.44381111729666,144.173907070626,153.20855994474758,148.86352289131702,135.86363818291736,141.3988142290429,139.28665143549884,127.81614453465788,136.10448198141256,154.1457146177891,159.56243144395893,152.63213720681776
135.89558774734382,130.7809611894922,127.75255394065644,152.34084211412136,144.10518547035022,124.67804267249208,119.49231346593504,96.96922764188088,107.88456186735728,156.00585654978457,134.81607383140192,159.0580282939478,176.05413439954606,178.30785021165246,116.55762715338396,114.40631339453212,188.0962403521554,112.15012867206494,176.4425398498232,0.0,115.77727176219148,139.06284663386924,134.38400259608244,173.67351840279454,180.78051120272605,137.84161935703457,137.7476448378668,176.6499310164661,141.11381173438153,131.87665964269758,155.85947225624344,155.66436544387042,144.10473180670834,163.7180454714112,132.981010966871,91.9454815280685,147.35244707552988,144.71676387892649,167.66799913864577,135.34962538879537,140.97563616334529,160.8074310711105,136.9210973932368,189.50393126873035,122.41849034015311,185.2986718061762,150.8952333996592,148.51357388238162,148.82764015147004,130.5213930732956,140.05977194647687,138.76541102312706,138.62088477196656,165.62303319093206,128.83123343554456,123.65280870762292,139.77018751013878,125.55220789158284,167.85205106338034,151.8674145220989,176.53281331515964,188.46040335956025,171.89125916978946,179.66958620963158,160.90624434143805,109.41182413361592,144.69910137251918,175.9650149920662,178.91481145168893,153.66630492134357,67.69344281108019,160.84514840904458,160.91614667911568,150.6009988425455,184.28817315621447,168.87315504826944,150.5256941569688,151.42753913018737,162.3276887580514,173.59423120534706,169.76816779295433,141.6677154632307,141.39457854640904,146.70447399386995,118.86064998530162,127.35499430252784,143.49640879937016,178.7705415170894,119.19982471512309,137.27883000432757,165.45563352510842,172.029465930114,171.58804172831134,163.0689663588683,161.81397253780165,187.5281098284056,182.47215948802213,144.76231639836058,143.29293075309758,151.82314014500062
124.35990458930284,148.12500278653988,153.0965017453983,157.79242077953967,148.5491749114939,154.0721585949445,141.40749772704595,154.0945910217871,156.33338501812273,134.19735669764907,99.89946717625104,139.5353693524163,166.1657043832338,151.46470189362404,132.25504275195047,141.4940767496987,171.95080226012885,132.8672933459082,150.64667584851952,115.77727176219148,0.0,160.98606685895143,150.39384416676432,175.67569803178935,156.00394468553216,138.5598934965725,150.95362123468038,175.51878812444716,139.91001404679056,154.84968655392288,136.152014291415,131.5568110497353,140.33211983943204,148.40195157708,147.42964710532848,135.30014939998551,149.09832019526402,145.0492717832658,145.46779875160576,128.26706019868817,147.0287635279281,161.78219208520963,157.13775601386328,153.98425669047813,150.63320035196372,167.62093081854744,134.7632504493941,161.62059878379995,141.98045580648898,153.54316366696594,133.0452340911474,147.31570598409635,160.9334898667341,160.26917579284043,167.60646863704966,144.4573824850906,178.1694951677779,173.1887849613835,156.78239620454028,129.00738802360155,159.91667914508193,186.8079967457633,160.222033166189,182.8950422049501,156.34389739198213,143.1076822213994,172.61541880577832,174.35563672690418,170.58912222714127,171.78557232784885,125.09243948330256,177.34695106187525,171.94774627290164,132.95608286727014,177.4362393301842,157.22788204755778,144.83657651346311,160.11848662943686,142.12850020967676,150.94708404018638,176.0170108989238,162.39159316757048,160.7531207091584,178.9012790109332,160.2383567551323,171.403854622714,156.9479762218238,178.50803752305598,149.93702934472682,143.67968578944544,161.60685616975746,161.03433834344395,161.041022876008,162.1416671309134,177.29199344890583,160.91468777026373,184.7583114696217,170.87143965462104,142.32780650585855,178.92155056748197
