0,1,2,3,4,5,6,7,8,9,10,11,12,13,14,15,16,17,18,19,20,21,22,23,24,25,26,27,28,29,30,31,32,33,34,35,36,37,38,39,40,41,42,43,44,45,46,47,48,49,50,51,52,53,54,55,56,57,58,59,60,61,62,63,64,65,66,67,68,69,70,71,72,73,74,75,76,77,78,79,80,81,82,83,84,85,86,87,88,89,90,91,92,93,94,95,96,97,98,99
0.0,201.9292023049869,196.4568688674102,199.726522609968,226.6829094414498,225.08766770871185,199.6245789212388,227.7226224211049,224.3977223370618,188.1394209453481,209.4896166290623,216.05439858166355,203.5668000573798,207.4422330254417,214.29168946211925,189.54331726509403,222.40338913667603,212.78708439417247,210.49645089913923,227.27764833587705,227.2479282232749,228.3083259160873,226.7578554395756,234.68085069085464,194.93668165332303,226.1549475987838,214.40398492457325,214.8825442622887,212.24522654294168,215.3693527692935,199.82135537302997,157.42661727782445,191.26232450050847,211.85961275296444,204.4752640840527,216.7392208157467,217.1158937065843,157.04384654580645,195.93161800964032,206.2100012207172,193.6603956290778,213.43004469615897,200.65008400687745,190.9995094092224,195.1103247746236,196.2602237744836,193.59871949157744,200.54585209911292,185.49517353397533,182.7804542168525,190.75276627281428,209.6473582060644,209.123373662681,211.97782885716657,216.61844680866056,204.91476611408336,213.65693037453,236.29607080247808,212.17962158925428,245.47970201182895,225.99091462632185,212.4480514346514,228.56022848500572,229.72597868386703,223.06454162857864,221.099250375436,203.111412298843,240.9468076063583,232.14441546813964,214.8607200362456,231.96751189255605,226.94311572654004,232.13046445289035,214.37577016647143,237.30506760933463,223.5898511329976,230.19916850085957,225.10247715411185,184.37288353890824,192.241836587816,247.55601843982635,208.43205525633863,204.02507777575636,227.46824362173624,236.08556678695655,241.24380820669077,219.34377176327692,223.3053696890028,209.3939800684479,223.90397222840025,211.3777355597246,178.54898734126846,213.42802084323404,200.0402428045392,226.78744952265373,201.18070959993628,214.4263639946874,202.72473438552296,179.33096899327174,175.9747369425283
201.9292023049869,0.0,128.8023512827438,123.93456715652006,148.9936588090286,151.94426180778606,130.33198862575549,110.32358822928894,151.6579048313867,167.44014087636828,195.21239339336205,173.86116178891518,205.4232001844355,170.1281056628531,184.78106869911252,121.28570026605392,205.64745374093772,150.74744748913355,197.089962597648,173.8985827812944,166.06340032630655,191.2940957863381,195.99429096928097,182.35527119938783,198.10696588423963,193.79224371002223,215.96271037658187,231.17620571185077,190.77259966156527,198.81909653252632,183.9804200282151,209.37763180452535,201.65326197802136,168.27014772609155,210.69040643381828,174.8130911255661,222.1437980359932,219.3863722404651,199.33921678972084,171.7787028308729,217.89511874430855,211.48389265356516,194.43289868080444,209.3013036871715,208.4118109169966,215.7029445459545,218.85526235739303,231.5489388571036,209.1272142948756,228.52271640008703,191.26099942836453,109.97984447135008,124.06645837797586,117.57800323722722,141.68898021352496,164.22832621159574,127.38422011571151,127.6216141582767,177.14914778748982,213.25408144421525,181.3549691182044,215.0711766854646,166.70204323987272,196.13249064168136,175.0239834164167,172.88362343943726,172.6886279086923,185.00024131837148,178.01262997609504,137.07380788269825,145.71239453613498,160.6478163255632,162.47514567044263,163.9657637410885,184.74806695347544,161.86460900067448,208.71050065693,171.68165841133944,199.95338046135777,202.9543949565658,196.316871531867,199.56835043096123,186.06218415089745,186.3084187166505,180.92859965273084,202.21786208203864,197.7294879900544,201.04946767814948,176.908130482393,177.8700220654673,188.39706392878907,189.65422363401564,192.03852278597404,209.62101100661084,169.48882308684037,198.13839528642396,191.03488162214296,209.78257878923347,197.9627103621397,209.1279953060367
196.4568688674102,128.8023512827438,0.0,180.487731731557,203.0831292122924,158.70299761406972,152.33525488112403,138.39858279850185,166.6213519604752,199.53743214981247,226.53048748780665,189.35484166799608,216.26349211016145,183.49034236840345,194.13677345446743,156.6864159839829,201.17668976941255,167.67647637813667,181.96989568043563,178.77939432989123,175.30597594000596,219.0294566459401,205.22408507165565,197.9207422483728,186.0504674764975,233.58590168061264,220.49696436291725,262.2796321441127,171.6616483671384,228.86138493557905,184.90193873385863,207.29016293899247,200.9207502024821,203.3493998124123,223.41593789229972,178.9246009064183,226.25409533595868,214.31979392560484,189.73242308631563,172.96099966607665,233.19964472577217,222.85538845387345,215.38360453764352,232.58954858668585,224.99033032048987,227.15792791025711,233.3236451240812,244.50512084053557,225.1442391988508,229.65594155887752,193.8582189694413,128.8127348754241,158.03332258544305,153.80254783562708,155.60879476167742,146.9119044761252,136.26861159327223,144.74842732094754,209.013387502906,237.56358942077716,194.03040502208512,219.4337082336247,184.38416303184172,210.1452819934451,201.81113915992788,192.0343252988528,194.3932963347607,215.63143003548333,207.31033973507607,166.87565274074265,169.12411103245714,187.8999355479476,192.3908194458241,180.8301218483399,207.9320893485209,202.8057526957496,196.98167944611288,187.89118839729528,206.4813600806804,198.97053762831325,213.9890436424406,215.8297659290514,224.00449472540868,217.57197167786344,203.58743472037344,222.4231134413343,208.78227955261693,239.7184367120074,173.06992833049395,202.88440898399156,194.22160600287972,183.05289757241235,186.4110762110528,237.9663890498955,214.0224263860412,219.73128548801373,207.775825312083,221.02252493027424,202.88780959397792,212.21519714062768
199.726522609968,123.93456715652006,180.487731731557,0.0,152.0583031182519,196.20082324197864,158.14684740837572,159.6532201209597,180.03046986979933,193.4299235841073,207.42125061619765,199.7043922854761,217.13549916887263,197.78073520458716,212.1865882515857,140.71437574626225,209.30582977387968,177.00922614117223,222.2427571110783,195.76134113020763,192.7575248816911,196.79121275259632,211.69998596660008,202.8494741062269,209.25240997345583,202.27554978670605,237.9041651692467,230.91581562933743,218.19203247156304,204.7522782990212,198.28540814597483,205.17285139213885,213.44004766312491,194.6801367593228,227.63137068000535,200.17305895145608,229.39254391387885,205.12283118111247,214.5067961976278,199.82348693978383,212.5178725985216,226.7952405753508,206.69538723567345,210.6423180684576,214.88327146988365,221.83700441433564,224.237640833198,229.94575997964648,205.33839019276863,221.2612762330156,211.45891515607684,158.34037974944806,154.44410621507464,151.19300888335897,183.3918430297641,200.97256453657343,161.38092227468428,173.23751556442318,205.0595353799848,206.27970675796016,207.49451970463696,224.35335905946636,194.76809771953512,224.01175416452932,198.80567095074528,200.7144152847656,191.9535172810157,199.1715925774932,201.5932180275268,162.82678797980813,184.1249705669817,179.47387828613032,176.3500847355486,202.95765242558105,206.3956564905364,199.5935156126274,216.16010752085955,197.448501901742,210.8614158774157,205.32473775746905,224.74429654984863,215.4425827510579,203.72261240249637,206.5048582358148,200.79091236896988,224.27204553181656,222.3746125751069,212.03636744537465,198.8840603575761,212.2801463709487,218.071059487357,200.96434104283117,217.63338401278983,228.67881975195056,185.9278213066981,207.84371123196584,207.00131927373985,216.3265142842759,207.1675373285105,211.30222765555263
226.6829094414498,148.9936588090286,203.0831292122924,152.0583031182519,0.0,161.16753611358124,161.36220383703994,147.11210902708262,142.5305603823245,182.3943105796112,204.66871682044837,182.285093572086,188.38162750307444,177.9415470292904,190.589231369594,160.27905073195302,187.96296811367225,156.59517104261715,210.94720156804,185.7670353812976,187.2345153172489,168.67649828396398,183.5854937741396,202.3203435340828,231.18286076056896,167.0646003561177,210.824179840186,201.91630593415036,203.7546815175716,197.57308686370624,207.91821608630164,215.7298526408925,199.70778811300136,156.02304542991442,206.9228162123785,165.3197028608106,200.4875875950937,210.3631025407028,211.38206790230092,194.44733391812372,192.9312391952319,209.8627928795529,202.29076715192636,206.2600704848142,215.24761111827985,213.49285132160216,206.9670748101342,202.47927888943275,196.7193530720385,210.5926055460526,204.03079306049943,177.3143814406622,169.58017469456564,132.54713643055845,159.45891633915647,189.01458396833783,159.15926775283287,151.92544807321616,193.9259509498027,210.90670285073932,198.2510761706065,200.7706839148997,189.56732749984147,188.89002763233816,176.91291064541542,186.6747950054678,184.31305558044028,167.6332703894593,158.93812932176678,141.381347610065,180.5388402625695,143.49118524894615,151.33637464838364,201.61433910137544,184.66868317534977,166.1537066717588,194.7825584124543,179.84592761222217,218.55829513634532,220.26665290918325,193.9192807128484,211.5397690764324,198.8007710497501,182.54345310116983,175.62545500469878,184.77817566222205,186.06659651134152,189.08102289339016,171.82752991715276,194.6594913869225,217.44989440886712,221.7298348860532,206.00433411966108,212.22807609493628,168.9211029657419,192.5505167246484,204.12643117449625,206.4842447799107,196.46328953763032,199.9267939130739
225.08766770871185,151.94426180778606,158.70299761406972,196.20082324197864,161.16753611358124,0.0,148.9649187735796,124.2265008644431,114.93146648460817,172.81641439403174,207.775507240874,169.08811465226466,189.346983194249,176.07427568458684,176.10676012588968,156.16379115859365,163.3878387613383,144.331704484742,198.8276065810759,179.1149660421421,169.71955993785505,178.89778298377726,164.498919728318,185.94072476718432,219.4283101405772,174.28587326922388,196.5944100359253,216.94678852301425,187.90647494865624,204.76380979196705,192.9955798977846,222.64305457482,200.8932697283373,179.6346676055337,200.97399958841856,175.0097428911476,230.8616687568305,216.57732479783695,195.37635988062087,166.73405119860192,212.70412656696436,184.8780276536368,196.34145276731329,192.86580018650935,219.72159689496283,200.42059301045316,229.3029160902564,227.47538835734164,196.6318702354956,225.1695088457028,199.96938028009305,154.37307015831408,166.92439344843686,153.04415486330663,89.29611338280914,113.49219927950762,142.5517528684313,99.45837392534162,176.50668529815206,204.9700850015536,185.61662267488896,200.08492471650243,171.36626584062603,184.9196945400725,181.72473607866,181.1548625136893,178.5651818497484,196.65348441902933,200.7350214517276,169.10412729326143,164.1748167528713,167.5079772426427,168.3478430818205,185.4524235418548,177.92619386878005,150.28048426245857,196.05088563080403,171.73670135912494,220.42381405804085,219.20050453481497,218.4091244443941,230.95330533059155,227.45468794797955,223.9831442983116,187.6180933294945,210.5063195980441,221.57019852839284,206.005408863348,178.13409907129204,206.50333519658136,205.4739916118966,208.79034863766427,170.6845492020746,206.0206135463169,181.44704512305609,193.5011973792278,192.54819697904952,219.3766815037538,196.0034298147576,213.1948754628079
199.6245789212388,130.33198862575549,152.33525488112403,158.14684740837572,161.36220383703994,148.9649187735796,0.0,112.73561220733627,152.53299739412086,165.53252535855506,192.15598651864585,184.66943432239785,198.24347352927617,173.1003500359723,179.70671225881193,121.70363949097194,191.8987741727653,142.4717681056843,210.93195682802516,153.01282044997038,170.19748852620893,176.87530374162753,163.76424972863765,188.94417106413903,193.93050783208295,190.3624068779502,209.28546150746484,238.40547614381225,185.16944282578183,214.25931448009607,193.0424064065549,200.71870576369383,180.79557468220344,185.7618625191276,206.16657615152096,158.0953887745014,239.2893159020589,206.2849609117737,188.98232934536384,121.93457583961624,204.71926499147963,195.9449457309783,202.7803155521268,216.55523726700835,214.29594405034845,218.95123467365923,225.63948244741837,231.95076142302557,196.28789637948785,219.356577936262,188.1781366396372,134.56593882317856,113.98770088945476,123.8121984380568,150.771572339538,148.8910719297397,77.43827251384951,143.01645045387968,186.88271838100985,209.1805695225748,192.1895281063022,214.88649768137844,188.5960465058595,187.455677733761,172.8428604884934,183.29810912752245,122.636541625283,202.9244235231377,206.35597670513968,150.5480172589191,152.53109588353368,139.45567961982056,156.7278757637473,117.58069846311852,192.1830586313515,178.6137109564201,210.52710736907696,177.7386197362916,197.77178361977664,197.148061227316,210.57104477759376,219.37069399285508,216.90783284500893,213.83587413917277,197.67857675814523,216.22709358532603,214.84557025854784,224.26185516203003,142.3577690334635,185.39838777467247,191.54804220149768,192.93675308327505,170.00136486436227,214.36084873354932,190.8544344227795,211.31365275694648,198.194634365238,208.6800521014872,184.5898307133973,189.79634872914997
227.7226224211049,110.32358822928894,138.39858279850185,159.6532201209597,147.11210902708262,124.2265008644431,112.73561220733627,0.0,118.1665655707436,177.62110417567163,204.84917892022904,164.92213573971645,185.4439977211232,157.89873465513602,178.62804574250646,137.2042467665267,178.9827558655834,141.6540963261048,204.3063543382777,166.10135990672885,170.5025473078397,199.74531628826907,186.42227451078656,180.61261365183185,197.55629685936697,202.3805707602006,211.3814976520402,236.5352482271154,168.64667156122067,208.74421671782483,180.32571041098865,210.5811166112673,195.59538421948432,188.7644322208357,216.23603560076853,162.09016846475242,229.28872416689376,219.3781307512768,207.1757763022076,162.9069914490993,220.8645033685641,218.6512006784421,216.54101323291133,215.41230639968455,226.959091986683,220.21220744215867,232.94692052700972,236.91568365675116,215.7072149745582,220.91115638895783,189.7275815625987,114.8107834315887,129.0132485913046,109.6062435841923,104.22773491042024,135.4829388061185,91.12234723216206,85.84109258730808,184.3213644707451,215.27979507064856,174.37244708856548,189.0780771769201,130.8208362142932,184.63239830491412,166.6692526729886,169.51608385288765,174.71890056554656,194.75729996073687,195.67237542350256,145.00360053224873,150.91402581413644,144.34043849179116,161.64600302165303,166.5838767754878,179.64304205096624,166.4853041006453,182.92761214564365,170.1525095507031,203.8740384955135,211.40586282235583,198.52440529442384,224.06478061132623,219.1895219735523,207.39334501509225,184.91686224987532,213.8026292362509,200.9699322445099,217.00310847038253,159.61782756901982,187.2106905037065,200.79452912109656,186.82683092674392,184.75244898300463,222.97817277195696,197.74765496316127,202.00375509668328,197.37614206609712,227.8767651322643,203.3567531036014,205.9023243064833
224.3977223370618,151.6579048313867,166.6213519604752,180.03046986979933,142.5305603823245,114.93146648460817,152.53299739412086,118.1665655707436,0.0,175.51350929930837,206.75421515562232,157.37708151425633,170.55304025954308,175.23896042324245,184.1078479992255,174.01845867853552,145.12436037668417,144.27531834795457,200.01553586022987,177.46608407131305,184.11088057602475,185.1313096282884,165.31296254186108,177.40202962490451,217.0358219238149,190.73977553147333,202.40448846416132,211.5165464260184,175.31492475601382,199.85463956533837,192.21367376163485,221.0942577213287,213.00695881973425,179.81966082138564,202.6800234809702,163.17345684912948,225.9133826795629,230.2829886346281,213.15560615086844,178.18785771612636,219.0019899464365,213.51696489727152,215.51295334424492,203.0466860260508,232.7159794575473,216.69860379732089,233.71395944287525,216.12840886672367,190.87003538570207,220.74066287892904,217.98916226889617,169.1391083120824,174.9375011157163,155.44532874548014,119.18480531527592,137.18497876819487,149.51193453606973,81.9045873127231,177.03473230648896,203.94461271758644,175.16262795016854,178.0517239075055,153.90050346127168,172.4621140305683,187.28143332773053,190.9828060276629,180.37058313773812,181.4061169286019,189.75825373776067,161.2386851606829,171.92547720209365,161.35208915604989,158.83364887304106,193.2218552562115,160.40901446451704,151.4186523950115,182.1669355082894,173.96568626828025,220.4988518851211,235.24772043083823,211.0156429594885,226.97789441155263,231.9467754807918,207.57015496145047,178.75554454075717,205.92829512612,203.10295430934093,205.8859833659328,174.68461791293333,194.22471208724,219.00073451452695,216.07312212679705,196.63782800736905,223.4408040764623,192.9070765252364,189.01225349099064,208.54215044228167,222.59151448357872,185.14266320232392,206.3060753458517
188.1394209453481,167.44014087636828,199.53743214981247,193.4299235841073,182.3943105796112,172.81641439403174,165.53252535855506,177.62110417567163,175.51350929930837,0.0,146.89079859288512,127.9509750672638,173.11460405873362,124.29902444707616,140.1467598560513,172.94307383298496,181.47126783649676,204.36669164365208,169.62797260648674,205.1450840019273,176.055441686118,183.1158698744748,178.53901574816706,185.26022434128535,180.09598280638124,177.38925531253767,194.52529702139657,209.99293339232852,195.5748921599778,183.27804862317504,184.85430123961345,193.5666924600644,217.8458603083563,202.18085624482225,199.01806954634716,212.24148894205427,244.57271182198184,194.5811344770825,186.54328689266373,172.75731327865822,218.8273853272177,196.15089787102957,187.62500015137957,204.001965240547,189.96314791801436,202.6413559550772,207.0378788351244,221.1926699058617,215.90030431800423,221.72597094982865,200.46459579094983,170.08838457305467,171.12656974699178,158.83643610490606,164.61356854366082,199.66157355116096,174.74369445420916,170.82526668342928,110.04944669008556,185.2623658972038,146.66963015675697,182.2596463985223,183.32074490239623,147.50358006971595,161.2030501261558,145.12764195253743,185.8397998848157,188.8271979885663,196.52321013440496,194.8319929114839,172.0590674799237,176.92261780235887,170.57682977869894,158.80005266909149,176.1824624670212,139.38096428342502,221.14739314825133,163.89278936755187,191.7760349956797,198.01309873603967,202.5740080767949,203.679772519727,196.5814084452852,203.0656249496285,199.22702164053132,204.73046133313,235.87111103276104,194.3179313068345,199.78846026907317,214.8093314172384,195.5275235688728,181.25252405434816,180.0305690156833,176.7218938915297,176.03119259513574,207.0107523749304,187.79178335517284,203.35935962590708,204.7533415770922,216.22221318252764
209.4896166290623,195.21239339336205,226.53048748780665,207.42125061619765,204.66871682044837,207.775507240874,192.15598651864585,204.84917892022904,206.75421515562232,146.89079859288512,0.0,149.60379691496357,200.8831157662711,185.9487620425461,155.08662645936874,189.57512336372264,220.83064034916708,213.0594012669088,194.8940512725343,221.1574318045692,201.43698118404404,195.246660711342,185.99243300761472,199.87499437370823,231.44215856220987,173.75191262756735,203.21263354097607,212.30628220457052,229.34283945891903,167.68390107728274,206.01371451181757,218.81700120444063,221.0038194103479,209.74110973501536,212.37742625414705,231.506262857898,266.1172212736502,195.91430526691545,205.50206184142343,183.45642835258025,183.6143442113251,200.225628852066,181.29579533096148,169.38202796879608,194.2385060025113,187.1773800165415,199.7698399737568,206.2726264270445,198.02262203928532,223.5397428842939,223.81343754078443,215.87577160028752,199.3465471557448,185.4191536483467,212.2288061003877,220.84040347953663,199.84509155878413,211.21093334685827,141.3663392046763,142.87463283170723,150.49802899966522,204.07368581219933,205.5779063920598,178.8471096831887,193.0423977003614,169.7708444703291,166.13423867940406,218.8722402418761,219.5519257699324,211.41585519076688,195.270180025983,204.3321694578756,188.03630249946087,195.623334486464,190.7436868734364,160.2926692590412,247.333805816849,199.45852963001855,203.24434992251489,209.17689555303485,226.89184617485148,209.679768801364,194.0467778503048,224.49774424205805,222.2490583078029,208.1403475281761,254.37495919124007,191.8380063970485,226.99687260562183,208.6637678315123,203.72405823043837,201.7675831744285,209.44867265949256,169.8430619306645,168.59970219839704,199.52050651705605,195.4824530232559,198.7865801471285,196.4403945264591,222.15447173282192
216.05439858166355,173.86116178891518,189.35484166799608,199.7043922854761,182.285093572086,169.08811465226466,184.66943432239785,164.92213573971645,157.37708151425633,127.9509750672638,149.60379691496357,0.0,138.13945850298057,144.78416831443258,148.20155150127442,200.36652346266868,181.018146858478,211.32602226268,193.9686321545484,233.59722678922023,193.68646105390224,187.96072684140225,203.7373990872328,162.97020162902902,211.76454160237387,183.55939111536185,218.4507693288574,208.110886653362,195.9006090880576,181.80706787353236,191.88304587880543,211.4651843031424,226.33973363226957,229.62196309764323,215.4447395877178,221.65349502905735,247.67431268631205,209.24366079193803,200.1045480820926,181.6070138141934,232.4691168438161,209.58049786669147,188.25749744921103,195.8260947449685,220.7461942586144,203.8576015497349,224.9795790279984,240.98861225176935,213.9996685054786,235.74017254500268,220.90778477087585,191.01641512088835,195.99207759216503,165.6064238946824,169.9634022002595,193.04258747923,187.36965304455487,158.125646832443,129.72563880547142,161.9944149518435,103.85602234064834,154.6743402650222,142.88500907398432,173.52510204350153,164.70871169401278,156.08692621486216,193.8503271406858,199.26371990997671,211.9221666641378,205.66919689731515,189.6491283074755,172.3719837110105,178.81676087414428,175.70514905599657,130.46684099903,129.1579262033627,203.84956208764203,166.85303949769138,201.1847690809408,210.64413180093385,208.71681048976583,232.96389216360785,224.24863065313275,207.11218997074025,202.2198600090261,213.6907996924228,222.84887213163373,200.6831988666128,223.25263025375403,212.1667794563962,223.79280237081173,202.61580969203544,205.90660434373285,189.5734642478103,180.9698054561551,195.00698520206817,198.91837530633268,229.908881297346,209.93471376626735,227.4361600494653
203.5668000573798,205.4232001844355,216.26349211016145,217.13549916887263,188.38162750307444,189.346983194249,198.24347352927617,185.4439977211232,170.55304025954308,173.11460405873362,200.8831157662711,138.13945850298057,0.0,148.28668585368547,190.92132579109983,214.3438692908023,157.57394696181046,203.2471427820528,202.98661124568372,233.8497136413689,202.62119749976063,171.6369171817242,195.80243450391225,172.2230394530814,219.43600088937865,193.00117952032565,214.40837764321947,196.33657798568072,191.23212729460488,202.8430452181354,192.6380282234101,217.7048389537617,221.58783171787968,203.98386418987957,186.0471212779222,202.04399586741965,216.06343345952877,211.7361133665197,210.38306153188245,201.72326433686544,223.3396063853704,209.62356932184585,203.9273208897992,198.84374853980677,217.8334249187289,213.5592769052918,213.56268875336707,218.5815158757805,212.9690537878236,211.73351999167252,225.2526371826892,214.82652337161687,218.5462510310751,184.3711032164024,185.26060577722643,194.97833136047825,205.99755960750872,180.2248990818861,185.42916000850903,188.6556481055636,154.52067673772063,99.46424560083292,160.56802763800422,191.1467212646491,181.3590506723756,191.69326424314343,214.76215624381604,180.6857995148904,207.53573237117104,206.4841629945233,212.7674670300309,178.27299509343146,180.94466607589544,199.8959518973055,148.445259521266,178.88823913933754,185.5233898311088,184.18607908701895,216.6359907143569,220.72272288159692,210.1738835624257,228.97428337097037,225.48088330064385,201.0806503486884,203.25024468305335,219.1534134719512,193.13483462383977,207.14517870497545,214.4417185990828,226.3629802157279,232.87761821805168,221.02354192380116,222.14509303772104,211.0973783096655,217.0246874839306,189.7909357731213,210.23514481167464,235.4844978782206,200.7738733241596,210.88400559602047
207.4422330254417,170.1281056628531,183.49034236840345,197.78073520458716,177.9415470292904,176.07427568458684,173.1003500359723,157.89873465513602,175.23896042324245,124.29902444707616,185.9487620425461,144.78416831443258,148.28668585368547,0.0,153.9333409974227,191.7910940919541,170.407107410143,199.1498682629688,185.26885232202105,213.14416532100975,161.4874664697547,181.47570197260583,192.4414594111277,166.22685181272954,185.67702301812423,186.9231519178561,201.0410071897029,216.3805974662169,182.50699453437605,185.93230103717497,163.83362293929468,196.8910173510104,208.1002432155152,203.56165449560476,185.70175464620183,210.492475643684,239.34836901944345,201.5712924795651,182.19240645541012,182.79256152283492,233.31488848351427,201.7167036390208,165.31464871756077,221.1227790486043,213.22170981241723,222.96482120631464,216.3246235921558,237.7606646583088,224.80307253454907,228.17105688335548,212.23173323987072,173.24321336431714,176.57894269607678,160.47842864477755,159.876438366311,188.33431921290116,175.58641189730807,167.88435551039697,158.89908396590383,190.5149324244183,164.4448205415205,164.54991660075743,139.2557388165651,137.37914944089115,144.3669698150818,157.50785194862357,207.4308110383447,173.1653749521746,191.21067923267952,183.0862368261724,180.52704823834048,167.67926318797345,160.00242723064437,160.04065005323625,165.68166061733135,160.1620297995371,191.98431899100584,158.02584104880674,206.41413341937823,197.2664451896863,199.5289346246795,233.86546587298236,215.2768942895546,190.8042012476953,194.24360974266287,218.37545185960332,214.3788633646515,217.88626487319775,206.03605642842984,219.57538820023012,225.5249143607144,180.3790634933901,194.15291866914177,209.09584922061924,195.1152320326054,214.4381152730284,212.4755661892775,238.65038184560197,217.64201081792416,225.4557507232033
214.29168946211925,184.78106869911252,194.13677345446743,212.1865882515857,190.589231369594,176.10676012588968,179.70671225881193,178.62804574250646,184.1078479992255,140.1467598560513,155.08662645936874,148.20155150127442,190.92132579109983,153.9333409974227,0.0,172.98898241326924,184.7210013357396,185.172288434165,178.32890354341652,195.1444400197641,144.0493056340281,182.1809820062126,160.81095278235136,176.5508336872585,215.13358940104783,177.4099736198233,197.8808582587463,236.82395375673644,180.02260258529384,171.7448752709739,204.22206167994375,216.4704623279037,220.9128490310489,208.99193393712343,204.4570547256308,218.69606714850497,259.57613611607513,208.15965434303712,198.3602093432868,185.0715161568991,212.4149110248316,192.32727298251737,171.7672853787953,220.89896616072863,221.2718423677017,197.46604056956213,206.20272508182592,213.1070504840405,221.5819041962513,244.6023720120896,210.07885727280456,181.40286042427408,174.10042586006296,175.9103893178206,162.31534736018003,188.06826062376228,183.9788749484501,174.88776506097204,125.5073669373036,147.81930089131566,148.67363319695824,203.68564996467364,162.26509722935276,140.06140965437464,137.72373634189142,113.52540500640308,171.3144430118661,204.59130109876764,200.3983158641465,191.2155113146245,157.99434618967098,180.33486303233963,161.61044637850063,175.28438853009374,166.32767238837744,148.38696675567184,219.8190798906716,165.02653961773126,206.66259744169628,194.7380410525801,211.2798945579469,222.45226919387207,222.2205394459928,216.75592461337695,208.53039877129893,198.1842617261637,238.77477790414068,228.83976827084183,204.11978112360023,208.1875575958909,182.67127220542807,194.539206501404,180.4078898928542,188.2854460179238,172.61858153399265,225.5406213180957,192.80755545788705,220.14406578516025,209.1519129703006,232.39281337376224
189.54331726509403,121.28570026605392,156.6864159839829,140.71437574626225,160.27905073195302,156.16379115859365,121.70363949097194,137.2042467665267,174.01845867853552,172.94307383298496,189.57512336372264,200.36652346266868,214.3438692908023,191.7910940919541,172.98898241326924,0.0,187.6758421405148,119.5370474358132,195.8795426056504,137.82974417028143,165.9504563340326,171.98803212951168,148.55123667595416,190.8755217070824,192.64278399022072,176.23200796114926,183.13248022703524,221.2351079323217,193.51893405462584,193.27254461595885,193.01000896002225,185.15901735748943,170.58392553445722,158.93458809776982,187.666312996776,165.20742652713727,230.49951819621683,196.2638742292532,189.24973925958483,150.230766430716,188.44921647728623,179.25196224841258,181.87599905124665,196.8022727614268,203.00777481091015,204.8814669011752,215.33244458438395,209.88563844314143,195.01197264963676,210.4912885633115,163.5466803975647,136.5149010898375,107.52387243622312,133.72725879342025,141.56655098049373,160.45177417549928,119.93580193418003,152.08940740018872,174.79015076962486,210.26375619430263,201.75249031907555,222.12594829644112,193.99589072574156,189.36446420935604,177.38911497023005,178.0359505793973,139.12875997201056,197.1153668094852,190.42922473698064,150.4276488669662,137.56419774627892,165.7130110206642,153.30855424520627,167.09206693301718,185.9752184796116,168.53149499380203,210.6151117111364,168.22071749554937,179.86003941041923,171.3653518075974,211.1749285757201,196.55759174932373,197.4298727332786,204.03987952252527,176.6131417405141,198.18233445021596,214.36141167916648,214.21199988929044,158.44459224030476,183.976341931226,186.0930831754827,184.89538589365893,181.99185564493592,191.33597808652652,164.76508138711284,206.07070280686355,175.1523458610002,195.7830016522619,183.80318287180108,186.54691381964955
222.40338913667603,205.64745374093772,201.17668976941255,209.30582977387968,187.96296811367225,163.3878387613383,191.8987741727653,178.9827558655834,145.12436037668417,181.47126783649676,220.83064034916708,181.018146858478,157.57394696181046,170.407107410143,184.7210013357396,187.6758421405148,0.0,149.5744089063951,184.2779486299044,189.98558610704285,181.6376047724368,143.91500214719014,144.8458066282842,169.72834563947544,214.90793638482776,191.93315680707693,167.9913386960239,194.34955138801428,170.9430309900733,213.60142479648047,201.375559512319,224.9206481257517,220.75161681314583,156.59018609728815,157.3280064627389,204.12262774592728,210.6149744824344,240.59435371803613,221.12754741664224,201.2884623980578,225.9769605169286,215.74555456347744,202.4588096666288,212.46701780986928,235.73817751600265,211.4895488457991,209.27127991418175,203.75166514869125,221.589252073524,236.00438874245776,222.29528589156325,194.99484081275847,198.870662519138,201.5874401014684,164.3152817524736,189.0084738908153,188.3079913812124,156.2481065212345,178.2735583044493,207.88753802339176,197.22324491106596,174.40919002769357,165.23717372978533,177.3568611785497,187.80926914662928,203.83614357383289,211.36108478261184,142.76027044630194,176.95165365642825,168.48601319507495,181.9723850004794,174.91294583136423,162.362160301257,207.99801780903925,159.81835746632493,181.8191671602308,156.4835648679308,164.78079720126834,220.02617666058887,222.81394872787604,209.66531548778087,231.568083572897,238.67717871764705,200.2562043546792,174.96011730726838,185.7636854183143,206.17304493334584,219.10651855522516,199.48247115517472,228.01808532503384,223.3613337377093,239.05556655180243,199.00282827316727,210.294024367773,214.1166031978045,216.60230877047496,203.35390954949884,219.2420959127324,212.69710590193952,235.07673644274627
212.78708439417247,150.74744748913355,167.67647637813667,177.00922614117223,156.59517104261715,144.331704484742,142.4717681056843,141.6540963261048,144.27531834795457,204.36669164365208,213.0594012669088,211.32602226268,203.2471427820528,199.1498682629688,185.172288434165,119.5370474358132,149.5744089063951,0.0,190.1073386242344,130.71422317447386,155.58758992387652,149.55608904204246,123.33173878859968,173.59052546084283,214.0373418976149,170.60001142615914,175.35113255507423,205.689269198952,172.01878132030953,209.55991069816423,210.17632190944,226.57942275843408,195.0591492409721,117.61028271242544,169.84384018262153,138.24937502754017,212.59855826684583,240.08887962985767,215.9836993499545,176.94787886340646,198.34171521316225,190.2983705640397,207.24482965740563,220.9502401504338,224.0499467535293,217.65374866951856,217.4663184311784,205.89819838746524,190.1316765758204,223.9072612967226,185.74594230955347,156.64076329256642,134.86082351245255,161.08586253003278,144.06841219757578,140.75113491147422,136.79923719208173,131.93245856475644,194.201090727623,216.85141872625965,221.09889350603584,221.23068831223136,185.5934368495961,198.229968894992,192.179839493903,210.75173612757203,146.90420518460218,165.6842758449739,163.40402524869864,117.79652447052598,131.4112424263358,149.2653459102711,140.04499488252617,187.8292226589364,177.42235924875047,168.64680508541272,183.1631739331044,160.83707905670212,206.92393394892184,207.7152520222405,186.90720859630105,201.42299123103277,203.07804857154127,183.81999555285864,155.14014656213558,175.03593593782062,198.3168598907131,199.6156982632972,143.11543178006767,181.61010352496024,185.05666640957045,217.68739819038512,186.80465781583743,208.87794262152696,171.50581705625365,210.5702355019153,192.97070993293735,200.9372923390192,168.90250335927527,199.20257673736887
210.49645089913923,197.089962597648,181.96989568043563,222.2427571110783,210.94720156804,198.8276065810759,210.93195682802516,204.3063543382777,200.01553586022987,169.62797260648674,194.8940512725343,193.9686321545484,202.98661124568372,185.26885232202105,178.32890354341652,195.8795426056504,184.2779486299044,190.1073386242344,0.0,185.56812214335577,164.64037682762842,212.88118190180452,188.95369387571037,205.4836154784525,209.01810558482043,210.32159444359849,193.81066196725888,231.7971514929423,186.3900960372083,225.01238705407096,201.9133833143836,202.67155901783084,219.0504220327831,191.91425459140737,225.1309527556942,196.18379899745457,217.70374988475407,203.61686197097137,207.68315928089885,194.74765401791976,205.20904361345816,217.9931733051279,222.1992078137733,213.4986737874019,210.2748021590378,206.60507487523185,213.08884704472587,193.11891923995108,195.21840253501236,200.31966130697325,220.4882087867592,197.28469075855645,214.16440122828055,205.23473361679504,199.34091305736064,202.71137752496665,200.03240748268215,198.2090311552883,184.6023083265381,209.57857907655952,180.32553922426916,198.56450459966797,198.0050777083508,182.74714434475504,197.62239778102932,196.06351165492703,196.5505947381416,206.51347581683171,201.4809941567036,206.61944484829516,190.73673845607,206.65041462643592,198.42220160024664,203.56926270997167,199.46936212924487,200.2801224964093,216.3540779306781,194.00486599507832,202.35681920469847,203.06609193014577,208.1744887009376,194.46628018184003,203.10674837207048,223.58893222104143,200.9389240956536,193.0763706350858,213.4296796113188,215.11435631196684,190.18696003198465,189.36690461289464,202.4729649306475,211.75780993654547,196.9071704016971,219.6394196578977,194.66581944406548,201.2256399010001,191.6967849440166,184.298437499916,183.8097227465248,193.3380626429993
227.27764833587705,173.8985827812944,178.77939432989123,195.76134113020763,185.7670353812976,179.1149660421421,153.01282044997038,166.10135990672885,177.46608407131305,205.1450840019273,221.1574318045692,233.59722678922023,233.8497136413689,213.14416532100975,195.1444400197641,137.82974417028143,189.98558610704285,130.71422317447386,185.56812214335577,0.0,148.03553156365604,194.4877981519096,136.3350365373654,185.3533429210293,211.1303620202089,199.70775392930864,157.98989132611973,233.2460760135593,161.90539246377847,230.31594875509657,214.9766259474587,220.11031307601772,177.8079497325912,179.70501969535508,196.843883540315,135.92001802107674,211.00028195159248,227.2710394238416,212.44874828969455,163.01727059811955,185.9753033566009,199.7418525588108,224.92633971971568,216.7300186582774,222.775139826026,209.26314649627687,222.55906388218332,184.77586281774347,205.68408420799085,192.1195865071292,187.36549088859547,173.0207153031826,154.97991018968577,184.1137572086092,181.81659941146103,154.0555967880112,150.6212055325458,162.55991601492684,194.6847216337385,230.03397877400067,222.3939968885011,228.2047185361445,200.26095480301032,205.7202305356084,191.4751833506553,204.12137351544652,146.30425107349913,182.6034013255735,186.026755035052,163.86000307592212,127.1316085559647,187.02353707563188,184.41942970098535,180.77185387482805,192.18039574522777,192.9818534764072,177.20219269580195,170.97599748910943,201.96953506082173,199.12434707668547,173.97005944930493,187.67181102158764,208.75646667015585,206.13868505793084,154.7583874093308,162.4465430590356,184.90867054747724,207.49053803150508,108.64971540230098,149.5239453813855,160.90983452537904,203.89445457035035,174.3824767414382,212.21325736193305,191.8570261467741,206.7449633657449,178.06024558548484,185.318501943377,173.59729749603662,180.1502579088597
227.2479282232749,166.06340032630655,175.30597594000596,192.7575248816911,187.2345153172489,169.71955993785505,170.19748852620893,170.5025473078397,184.11088057602475,176.055441686118,201.43698118404404,193.68646105390224,202.62119749976063,161.4874664697547,144.0493056340281,165.9504563340326,181.6376047724368,155.58758992387652,164.64037682762842,148.03553156365604,0.0,186.95152226260225,165.63676798166517,163.41264229452878,192.62899547267688,188.8917791351651,197.1890913891313,237.09932694934105,170.14815924494653,200.74313677776075,199.34930351935523,225.53438883351413,206.203094069432,193.78838111294505,208.8907069111356,180.82549244776797,241.343823435881,227.42352538891103,202.62752498620307,181.41433051004896,230.37896143843588,209.3920594856107,194.71973049818897,232.7133918484094,235.4168149743184,221.42892038847748,220.69860007120616,219.0560765241412,220.8309358092487,231.5625935749516,223.79636653720576,164.8575964921257,164.71790100786157,164.62656056853675,170.72999653594525,170.8704871235476,172.12594728731034,161.15837763776935,170.03041850214584,180.5473425522892,182.07003602007444,211.00997701789075,176.3963283297664,164.66918016187356,148.756690403734,163.91523286195334,168.49860554449452,182.57793038719484,189.74795785100585,175.94680255700865,136.2739486203988,186.0146013419322,164.85525924252607,167.8588310073941,167.24084623949415,175.98322431289265,204.2202243162978,153.15760675600356,214.98721004892693,215.02949516304693,198.26721540446445,224.91877308130944,226.90272315786453,205.06256553481177,182.28049363504124,198.68015038096803,230.06326092998623,221.8820425049455,178.4405801357042,197.93229907093257,197.90241969594015,192.2208342132348,189.9449073841937,221.47946837455132,185.4561473053154,214.8167374753984,196.36253779599016,228.6936538269774,196.60093125532185,221.60756774227596
