0,1,2,3,4,5,6,7,8,9,10,11,12,13,14,15,16,17,18,19,20,21,22,23,24,25,26,27,28,29,30,31,32,33,34,35,36,37,38,39,40,41,42,43,44,45,46,47,48,49,50,51,52,53,54,55,56,57,58,59,60,61,62,63,64,65,66,67,68,69,70,71,72,73,74,75,76,77,78,79,80,81,82,83,84,85,86,87,88,89,90,91,92,93,94,95,96,97,98,99
0.0,203.02769880436412,174.64558820470828,222.5369789237153,216.1950737803884,183.20349183542635,189.49495153034545,186.245026650466,181.23404436655423,221.1665065720504,212.6979358301201,224.17153114804444,225.73322307600563,227.00518987788016,205.2998661029516,202.52331446655768,228.18624985319644,175.0168270525063,228.5737912413545,133.9581230540573,186.9251814898107,226.56498151781432,201.7725329655405,228.5395234613029,193.6296459118529,235.26528789561556,188.63258788424525,213.9804306283916,163.4892923685124,235.24144838767472,213.6193946353072,200.6010966204297,200.8036245708636,230.64343153553108,224.7275579896845,175.04847162767612,216.1629874749073,203.63379460511996,213.4205708382945,216.42468361735325,201.6904224621284,219.42288307427847,229.32822011645956,205.52995873561036,217.56584189895625,217.24410069222225,231.09101413400265,172.42358438806977,140.23312662362565,194.39142181184255,134.74425924235533,169.17113513029602,213.78003610972667,221.84995077981284,210.6116188302172,166.48782345030315,189.0576076121889,192.2390920493445,208.76882609108543,213.19772675792785,225.48050146011573,222.75466906405688,212.35965099847925,202.4570385156052,226.06906553547336,207.55802061871967,166.10816813165718,230.0702591309236,239.15477129270755,183.57932530192016,181.6956799227565,231.20877483514084,223.3013033809136,193.55511767847904,242.88260819237712,230.48404995060463,208.3097500885055,235.78710514907323,245.73804364637547,196.51191811137252,241.78655893016048,220.75754601817744,220.4876932925203,234.80050190296757,190.83730706226456,207.2763223215237,215.59230186049604,222.9207114230531,140.78552564588767,189.23205799879375,187.30800021743835,204.50283856156395,196.30077899285436,229.6894322713544,226.1362350841331,226.9816366045651,234.73545704842917,166.2175880813076,129.05669048316588,182.8339027866329
203.02769880436412,0.0,191.79499049020137,123.6758691550524,118.86244233222205,222.57488715888505,187.02972603544612,130.7308474911532,225.89332116880783,205.446569766195,200.8380689166176,203.59242161588088,165.34183122734677,225.5940243344421,244.98294863061648,147.91437098396133,211.50892468268663,178.06445712628525,246.39965704302048,206.8943534567678,250.86267986688333,174.79338437807024,224.2606364228629,228.98082538844864,229.63275136481465,229.8551017073689,203.4096879627849,202.8862192517288,241.45763248394687,177.64164043156583,206.66082351671403,204.28380760377007,180.87232674532825,186.9638293263476,180.09798278303398,204.76761893522576,206.924767246764,200.75222949581496,190.7515708602136,184.38978318636455,206.8291836515852,207.48930767529,176.83063350978233,227.19416061812157,199.0524224947676,203.197299549478,178.23246054354723,206.0023528001462,213.9463732044939,205.7826128457748,188.6221763997405,123.29116866492694,180.87308441749167,122.40773548075931,205.6175887483499,225.8947756333505,144.85651840964533,228.4058677861821,195.63950338259963,183.56688657766307,190.65744870542125,175.74095818526686,210.3829403657041,232.27664715436387,238.3675490257583,244.7423247778839,196.03322584911396,251.4222965759061,233.8026837052809,201.10419690685484,261.8803853021253,202.4588082316677,250.65786971680976,196.77770069806976,266.6371627367952,223.20168704960616,240.38361730375848,200.2598811610993,217.46646499087532,218.70617187747064,249.0812221481495,225.6560906646677,193.3608592242347,200.15883569012192,222.8710110146855,197.8303714534181,207.07595527518717,199.5376565423649,204.72950887050692,223.05438340922635,225.84418687134792,194.3137553812537,199.20136545476697,210.2082600785119,206.4558351873077,231.42389503496295,215.32896858245488,233.13342529572768,204.3692293722453,222.97666993060108
174.64558820470828,191.79499049020137,0.0,246.31669748034787,203.69987162415035,92.8215812277864,173.45772032099842,151.71942311312802,103.78427632285096,224.4889032609404,214.5126903643005,226.9025905443764,218.12055636409931,223.03220509121263,199.2434888887762,240.50515419566185,218.7550630757919,187.97664235783031,204.8246266318722,134.56081900501863,171.29550758274593,235.6535067236501,206.9027124561408,217.81687027553156,210.96033407717675,220.26298156009705,199.47299552989583,208.4890289956345,153.644784279781,233.7530792359753,236.94077444345544,236.0340778437705,255.5519903185213,240.2374880775704,234.01938340695705,192.8914367319652,235.51861797482047,239.56917829931533,237.7871859456533,228.50386934612789,255.2507253369177,265.7585395054217,254.8496301261212,250.57654329585347,253.1246959001724,248.4518435751437,255.93041534064568,224.48854868305176,154.32929188258146,231.7380662823204,194.4697023562624,139.63757427198277,215.6577717091293,229.13091077219207,110.10632119060332,114.23717099901278,165.9544005360391,109.28891944988568,212.22840674695777,215.52464242124165,220.25506190775477,224.6299976155709,220.4359744934788,230.6411566729564,218.10442742425155,200.95939615774896,201.1624655071966,214.94076728962915,228.1619179845193,182.60845186342613,170.5292715150228,229.2560901372881,210.34223361151825,202.9892233032116,232.2834507095833,214.19397047516367,186.66069827804137,218.1052535185484,249.5607351237582,243.7084119450711,239.94101869325573,254.24963956740007,246.59938690917355,224.8687815597048,194.9340787460826,217.6692601115208,234.55365299689663,238.799933501138,153.08142359653252,236.10868990873,247.9584992024905,219.6179884336309,223.49571759461213,251.17289190342075,247.44883702966965,250.0330132552968,257.35750093607726,205.52278050490665,181.8151490464864,224.09738203248352
222.5369789237153,123.6758691550524,246.31669748034787,0.0,110.3553635147646,269.1505142780838,229.0664332123989,180.11697781429362,272.2836302275557,205.67324429649295,198.88767854056977,193.2063653428501,173.7071065777533,219.13562837898,240.26976411969804,142.92843860374916,200.11322646877957,208.9542371084542,237.77718789034023,249.77552926783207,268.0628575189529,162.79702011771525,250.3971411516075,232.7540574885672,250.2132357553022,224.34669835535357,240.71429739124287,217.3002600598619,256.49628445140974,187.48890381901992,202.92952321376816,195.50955151886237,183.2673462444293,175.9501993381962,176.6010777774385,225.79534455187235,203.22910818810436,192.87575351870328,198.41113663222131,198.7007020451539,186.93523278603976,208.26389427210117,155.09296254348854,231.39744520771995,213.0293258798947,198.2981937996613,175.1721002068138,232.6513780979704,244.76932411664276,209.05258692027488,192.40437730228885,196.7252112279128,203.0697846870025,70.43071013400112,246.76114918333985,266.7429420055946,185.8716813156012,269.84533786850443,200.91258363373004,210.40395346651047,193.27173126552995,175.49314161002025,200.72812213369548,217.99693758229947,235.0159177508802,247.56234866964232,224.59074638168835,240.5729322310245,217.15961636465707,221.9949937527681,270.48983509278594,185.8965938526428,251.77598066195807,226.1833745390649,249.7918598218319,233.4722787375665,244.7039678843998,210.2324918981854,206.9034001840546,185.060090744806,231.2698977072205,218.8585106135338,194.623197325744,209.6910182579035,251.5402462548028,213.36927927321847,203.108213401947,197.7096163847129,235.50803253294455,231.00951413337128,205.2914030422127,202.4421652053896,213.81255586412507,199.69753067649745,201.35382377377528,232.67918374807752,208.52428314804823,251.13217564296696,225.7856127652283,223.68171820244945
216.1950737803884,118.86244233222205,203.69987162415035,110.3553635147646,0.0,226.046331902259,210.0251794682948,150.72634003508622,236.0335823221452,225.7679923413024,210.13750833036693,221.4473345090764,197.18491776820588,226.99522107739256,248.27638970072576,166.50319969273528,210.0470035066052,203.93025946225976,229.20258229588532,237.64880173111533,253.57464654978745,176.67740568693893,252.15842435538497,223.18838214837555,253.1886819529456,217.81324237552968,234.49087800201104,209.6297102352241,235.96710709126825,213.27405072387083,204.96290664142,218.1672014430298,206.7874368188239,193.7056769226582,190.2243693545633,220.99375276486688,201.5330173105908,212.1379467938757,214.4212368021189,208.35922949040744,218.6043978908028,234.43676978522157,185.164259649222,232.43695464274643,225.6168337831789,213.02895670770968,207.93248375555905,242.573613181498,236.06316901721905,218.71034541786747,180.01299914221647,156.80427783512067,199.02741275941915,96.12373162169916,193.5471376084706,240.4888637850276,155.48114505996767,237.36824105965263,213.65096148754213,221.1205240028796,219.1620506128369,200.4982479484495,211.41456565894816,229.34222534366128,234.51618006542344,248.6770970450908,212.4645053216199,237.24568883834928,218.8324153410545,206.6145281281151,259.04680133174185,184.7567237217677,247.19782363311316,226.21987805680808,244.55139100192207,222.120363685672,228.9246619162487,208.9229629649092,216.9182948262849,196.5184083066212,235.61262719269763,231.76488563294936,191.7713354604947,197.34592249730636,237.8850291265207,207.1049524487926,205.1910568239217,203.29900999227075,220.02860013782248,233.7224231437916,217.96977923753508,206.8245341034748,223.33530442483885,209.54253699837568,212.31492449018685,225.6899629723833,218.43072699948107,255.18977770759045,226.7897195202151,224.4366128974605
183.20349183542635,222.57488715888505,92.8215812277864,269.1505142780838,226.046331902259,0.0,186.86735556481077,183.59359350897404,86.4064012062407,215.03029005685443,208.41029547041904,223.4199039445152,223.52880867042325,230.0035911649108,184.6678663961098,254.6647575253492,226.4685741657945,197.2989288321206,215.3802430921505,127.24853987047145,158.80795210620823,247.11515382148468,192.21393279074616,209.91094639264645,193.06996374226912,204.9287916545956,187.41621316473987,192.4493321997717,142.2410573480132,219.6107840334357,253.26003289480568,239.1490113643088,257.8129165350947,247.2775042737167,252.92362001061232,194.73278381699092,235.8956723211965,241.34392493139677,247.0448221854811,233.53313659602213,260.9456731202969,253.89452975217355,261.9601776498565,233.501728695168,257.7474601825842,244.81039561194467,267.8415181369479,219.59145912652983,143.4604159569667,227.84091931842804,211.4985379393745,185.1782640427884,236.95090286772583,256.85946503131106,85.39339246091413,79.14044681878894,189.343576740862,97.10731937896816,213.71180481018763,213.8078195728827,222.1512451054586,233.9763713756186,217.35296235944784,226.21522824278844,217.9154093622172,180.48925017779533,199.0649689222345,213.54775318477868,229.60883537912227,176.25467263520886,147.41118745258046,231.21343274968893,191.54306943412467,200.2754693538474,215.06442306227257,184.72297486988077,156.51198635985233,198.28501322420271,249.6766517270929,256.81148498132706,233.82769321284155,251.7063299001313,245.62874412446877,225.4957518075784,170.22159191141662,214.12746653099583,237.36232333125156,228.38059574565384,150.1744518245084,231.6500319428171,259.0353835640141,239.37913848708064,230.42300110966625,254.84789631648212,256.4239784363315,240.72107542675465,254.38142223139965,183.99443803727388,170.4940111080379,214.38467571674985
189.49495153034545,187.02972603544612,173.45772032099842,229.0664332123989,210.0251794682948,186.86735556481077,0.0,179.6773445985173,178.57794287530223,207.7387898700323,187.314018268806,207.0920511148432,216.4002986183866,241.8141114551328,223.6658176640866,196.3277287939469,219.672452525545,206.26383237183305,238.1235223165272,152.2256130444644,209.35737604006675,210.40175572686425,194.66229360969575,154.84085787268498,212.16469614107984,211.42195279447685,168.91348004134545,215.32481493437083,195.70648204069087,228.94634659969125,235.13961976597005,243.3018984904521,217.5109443170743,223.73211396729627,206.1570825377188,207.09113789905865,234.43994050431803,211.45600508900768,175.3939467032429,133.90139611696884,205.6412788016628,221.7838955040064,214.83110236011984,230.0615252869209,195.7400735907445,210.95538046273407,224.64448824415,190.3372767653278,206.0729608901348,213.16002215009075,194.98816768467685,178.1003500453781,128.6887230156509,231.8311303255334,209.25507864776773,189.56715935921864,185.64551925407355,196.49143518617464,224.12381111840224,210.94175853441251,223.26185383098763,215.7439009716748,238.78700095140653,240.1223905446448,237.85867548618705,216.953779716192,112.43176832439636,240.86377438246845,229.3760333646377,210.8567460129308,211.81182981059987,204.7340583130633,229.51339597140503,143.11211778938957,210.73113480898976,232.8243619800927,197.5350476976527,221.3627481033353,250.46780800873196,216.4821054941424,189.66955629301543,225.51476399349747,197.7742944626052,183.9448666917218,177.91602829236672,156.03634668582822,222.1057196327439,228.4175883683324,176.5589168674312,168.3773646606889,213.11606579243465,184.1425128974764,176.48881711582342,242.55234628705284,198.43335146850592,238.55714988777584,205.5073596778044,188.81311259517133,195.33461732833717,217.05713477919107
186.245026650466,130.7308474911532,151.71942311312802,180.11697781429362,150.72634003508622,183.59359350897404,179.6773445985173,0.0,169.2993623527885,223.8878408696673,194.9460814998089,207.83744460528223,199.62606562225744,207.16829711551216,233.83340562420696,187.31569528474373,196.2574724257097,159.07026065911063,204.58326398485477,168.50458321772788,208.787252268654,188.25114552760243,206.55713415828887,217.7895873759041,218.527852587252,219.91174867237365,190.67500619930345,208.51947813017625,205.4011763581648,209.352759191018,231.5169620662519,212.9775301149275,216.30768963964528,195.89554743314855,188.8688380413627,187.60555344601943,218.70381904624287,223.20078273633283,221.4430982761616,221.7085315077481,229.06186472080208,239.6427203304684,214.20853310927507,246.68260030325365,220.95079916292823,228.8609345392299,207.32859716352465,200.91579552297983,198.8630512906385,226.30351175433293,177.04771757727252,115.46833662546616,207.97347430821085,169.09845000148007,169.24891857385472,190.58434163865417,102.39093435568138,170.03466937125833,222.10358069541124,219.89120952513724,217.84698181854816,200.84579305204147,219.00628858638504,230.47208185625087,236.3969255374988,226.9474204626584,208.72639590495805,216.9103157420754,211.309714929948,162.14123501908898,220.72204921932865,183.0970654077179,236.3036392090409,231.138032247424,255.41884738841125,231.2435549203429,222.5151491777856,225.80615290620875,243.2738381677593,228.91143192154595,243.7078492222332,245.82578648382776,211.92518011111835,185.1646408538444,202.5437894366794,211.03386771071797,217.42021151526603,209.6846633137777,180.37481272501827,241.7683560895645,248.71495305812613,223.32217810889915,231.5682462832242,244.25669160806612,246.04960763941844,248.9064035104184,250.782742965139,215.57558366299952,210.11802241589425,226.1973123401182
181.23404436655423,225.89332116880783,103.78427632285096,272.2836302275557,236.0335823221452,86.4064012062407,178.57794287530223,169.2993623527885,0.0,216.34279251151932,200.3665002930063,225.2255578522422,225.46684300877385,200.9685095434896,188.7571902297447,251.54343473051551,222.71574140466123,195.72436756074637,186.5040364271109,133.49704409590964,149.51432078556104,242.96545881070017,187.64877656900487,212.28715179575136,210.78025428691384,218.80574991872675,171.80037840430464,186.8602067293218,130.0924278431297,219.56828404463465,253.3442429429055,239.16798445454847,249.3719985941036,239.73016695964984,237.8837586723645,172.35646489148564,220.62575162087592,233.99195252781607,235.98082989470333,229.22553830369435,246.87113673990189,252.00034383545943,257.4996058173806,220.56046390670804,234.85134616079785,231.60964856519348,249.3433383697649,194.7042910318596,144.84655175334598,207.05881255261005,206.45181444672025,182.35237134450475,219.83512001368103,261.5253102412739,114.62558580825588,91.82936948576462,188.56821644187323,57.21698362419299,219.3019576557092,229.6003920280733,230.0005810962377,234.1310304524643,205.78414260225267,213.63263640583827,195.67015580026705,171.1850702952454,203.6755573660253,196.2635316745127,224.74141164688692,187.98561319438988,142.31779186605868,228.1085163403217,188.10430055350568,215.25922208810204,215.35141553677508,212.17266922269036,167.46201116194544,204.9872891861364,245.15200252265728,248.5696048214693,248.35594149886717,251.35244963918356,240.6352505964552,226.3387309153612,188.2340365562929,223.2688007617057,226.8000718870381,238.94810826732103,150.4820458398616,220.23080300828144,252.7885611985388,228.09876818730515,216.4106937277047,252.85390804911472,250.3526407509085,236.8632945514632,245.95386931457227,200.1458526498385,182.8555750400532,196.4853469260233
221.1665065720504,205.446569766195,224.4889032609404,205.67324429649295,225.7679923413024,215.03029005685443,207.7387898700323,223.8878408696673,216.34279251151932,0.0,157.17597906077245,112.63109566420002,144.48539273792514,181.44211926413035,198.0865232221176,186.78547192520443,183.4237591736529,236.70338474711383,216.87349550570104,223.75965114493263,207.2729041757393,167.71886107266823,195.76757888193072,191.80801600782857,176.58430655513993,207.4311099383177,201.39124701027723,201.40487640505444,221.26593141895927,149.9654048274436,188.28101994727683,169.59208355749644,185.7284584938896,222.61238087336977,182.11638574852665,239.3893609396416,216.32215435489172,151.520022112805,136.67926497924526,147.02097443562715,192.18194783453603,164.9319636165682,156.090106756404,173.49368709010898,192.81170297993464,147.92686344465733,203.25280672620784,199.0870399134326,207.3734585702832,181.04792577764584,226.97022076273345,205.7687449311748,214.0201260675933,204.6172748546661,226.14504533846468,196.46072176535876,219.595239887949,216.98777408045385,106.8889219708703,173.27132321132908,137.26846437601725,147.76527570303756,169.8438198760096,185.41180653775652,186.40596125860412,184.48790616890795,214.7924612949559,214.3315644806418,235.91459695578985,241.9236669964365,206.84457858679397,196.0730941193434,207.064240117761,174.86480146830593,194.5690836600544,180.9977419066629,211.94045669243567,188.6063676831257,230.2809754676702,207.01360853579763,239.07108378929104,226.03928880728068,208.22131994804008,211.9878475630294,227.74684756428172,220.71859587122097,227.9407947429885,231.7038343322685,232.8783385040006,186.37074194166576,217.0143288902716,151.01527451810236,130.4143184355585,191.34482587252268,139.54877057189253,194.3087908438772,168.0972785187542,239.45800540984143,202.13776165982924,198.6028982424324
212.6979358301201,200.8380689166176,214.5126903643005,198.88767854056977,210.13750833036693,208.41029547041904,187.314018268806,194.9460814998089,200.3665002930063,157.17597906077245,0.0,112.25759188353312,165.83786209759825,195.11379938537084,206.35504844833628,183.2955985594049,201.71267359178017,220.28153655163112,224.91413562578012,205.7290760454917,210.4307124736084,172.3454696901052,212.04871601866955,185.76984518274995,196.13205896656115,192.89008307264768,206.2157201856384,190.28566539728612,210.53453421620367,190.9127578636433,207.3549392584917,201.08788495696808,188.2091999486294,207.33741822419563,183.3062766524516,203.38561545815023,200.26401602347997,187.4350492235233,181.04552408920645,166.17859171698424,178.91921286557107,181.08956674930909,157.7822049443247,196.96583092371475,186.82510382322076,158.83411108670492,199.11590337390044,199.12953512879236,197.8748403318133,173.67333336012183,219.70411017787023,200.08024190184585,208.71987984142845,205.01331499708903,217.9083675716072,206.1796317011792,210.7764190882109,203.10199429474977,186.58154601162943,168.58131653779236,173.76718540486354,159.26430785969015,206.2099780171637,213.18449658950635,199.12989777122192,189.4114756309773,199.7849031047354,206.1968101459236,229.27790792299447,229.70188916663895,211.9038688984522,197.81597949460087,214.3662887035977,192.63022231008452,196.1038794926507,214.27378400018512,205.78127303113328,214.41351126261108,245.9258720743621,217.5545101113232,229.9504587678328,212.2061071684552,209.83186832056157,200.0115069770145,233.68794688200944,224.55456161604343,220.04616551684944,238.56375378220133,216.82751582069665,185.3944072287447,232.54926509417896,201.80304849072317,198.308647323745,201.64812090097573,177.97033854626125,212.59203776806092,193.74455868480987,241.9498716154816,195.7599750430057,198.094984751456
224.17153114804444,203.59242161588088,226.9025905443764,193.2063653428501,221.4473345090764,223.4199039445152,207.0920511148432,207.83744460528223,225.2255578522422,112.63109566420002,112.25759188353312,0.0,115.589641376878,156.76925138774988,212.48676532670956,187.5241254572398,151.05162818098444,228.4151930504036,195.05949974862423,222.84603046518853,212.1077826090421,142.7260063146307,193.50979476376835,191.1270078918767,171.74588133440926,186.66981827905735,205.18262569535997,188.3698072886573,229.5099088212224,157.39627449133053,176.1653618824962,185.12384146230485,191.23523853323536,193.7811581869519,166.15607889415435,232.86679622612672,211.6445639215295,178.18176015873638,164.2978946124815,178.78791138376096,188.10669833871373,168.77225028019012,142.62020309850277,186.05382145320905,191.7869654509307,149.8347410235085,190.60238870445824,200.0202087470091,214.3667496369969,186.8485271583208,228.15728996221335,206.5180047599791,215.7696306908161,194.97120260099643,228.1518489054053,213.19404319285744,208.30445873777603,222.51196730601563,135.63841068310438,161.84836922552702,112.60479857340124,110.91011500765184,185.82385663634625,204.6087216901556,192.4322855554316,198.6361991082393,218.5791878564936,202.8408172572087,217.0423085255582,234.6307836601162,224.97737467919404,181.3209942077572,211.27855510942015,197.67523838248684,189.5423175126037,178.05830477419966,224.08852545066335,188.22709161150925,223.33589891976223,219.06574341224223,229.8786763433951,226.75555377408116,198.8317632520474,200.6025128609391,230.6815236261464,228.53775573621812,233.7608862691245,210.7672956725222,236.42184544778183,208.7952106799733,224.5578271810244,190.2474349162202,187.9679083889744,191.5267375594197,167.19022650853026,195.51271313334405,182.8818337942716,238.1998766994504,206.1036879705872,214.1728557386376
225.73322307600563,165.34183122734677,218.12055636409931,173.7071065777533,197.18491776820588,223.52880867042325,216.4002986183866,199.62606562225744,225.46684300877385,144.48539273792514,165.83786209759825,115.589641376878,0.0,182.04107641264565,211.5722518870692,190.64743996162872,183.4295725573877,211.93796937790992,212.8674253830054,220.61808894465537,221.1549763549753,150.54073081770093,203.7467486259564,206.37023331191887,200.23166397520765,198.3369931395028,188.8794394847196,172.908576052,222.22864724976236,124.7206435323015,168.28515983494242,200.9703109605537,176.86833213362152,189.31462187484536,164.52656019416395,217.8958249128109,189.5771044944549,200.20622219565945,178.2242608498722,193.40189093145065,187.0715457623877,183.4741665478179,143.43599092433382,205.279234373654,182.70593680764733,159.17619021872235,174.36423585271416,184.42475224914065,230.95373487228875,191.31696252577945,223.41527756510163,190.66878647639493,211.7058076476089,162.28051230944072,221.7486090770209,209.89041072550836,187.47354185896495,221.81441554278177,129.75743337761435,181.9273594975857,112.04374952487748,53.38753162484855,168.17908077314186,204.75558437013325,208.79559357306255,205.2321445670406,220.2357600253839,220.26940143517265,210.15729807515172,207.90498773836845,226.48699086573,178.6228672152432,214.56980128948047,201.30878414569264,226.13747930267675,192.27740202506783,227.80724013349487,168.41731699805155,207.93309490207795,222.62413827522096,229.42044496600025,209.84680218846032,194.16146383849292,195.35014723121924,212.5577533826385,197.6284858485982,204.851476030032,182.99663369007808,219.98666893604533,229.8037480671412,206.4225603428552,185.73218776751477,182.5001559159049,193.40773810467493,170.10850988002082,205.91530408060055,183.7503233677628,228.3004703255655,233.67863525546565,219.08068164285572
227.00518987788016,225.5940243344421,223.03220509121263,219.13562837898,226.99522107739256,230.0035911649108,241.8141114551328,207.16829711551216,200.9685095434896,181.44211926413035,195.11379938537084,156.76925138774988,182.04107641264565,0.0,180.04094091408126,221.826405905839,123.42377636352876,212.5675559545507,105.21099771215776,234.27906276038487,181.70955812716716,171.31366963321722,187.4660625806821,241.42492813807544,213.4734909463692,226.67224213184565,222.0362759171857,199.72773466684336,205.07503327422927,187.83331810328488,187.6159492659876,188.6623154184463,210.48831744098996,163.36740755434204,178.72169553903834,226.78997586989345,206.53489085249112,201.84953560885796,210.62898118117255,238.6462476740977,214.0612726040841,219.14316364386036,184.5821379740553,185.14840037852576,214.96029677541847,181.8204499050429,185.0164296980783,208.2817410440906,219.22394634349573,189.59245827697717,207.95825065431163,216.5829382520433,226.10680555295164,207.1232089112811,228.4489071239065,208.00162221036544,197.89247696766947,195.05153043946692,169.84916024867823,224.6193047022009,183.16376631544117,170.56510751159655,138.71798885823029,128.5793025028422,134.15284353028153,167.74818226114792,255.7009587468482,129.1739969064173,158.02215549878434,214.0740294232825,194.72519534891256,164.75942741558532,155.77526570800558,256.90272501566227,196.06071569386492,187.01782832210836,221.6701537185068,203.54668454701897,212.3237077641557,219.355495462748,239.5558424118605,217.9408443136174,221.73165710460756,203.1012710344977,235.1671353006589,233.3222494781832,224.10789596438173,209.35466969778756,233.95591729731848,239.42753169915855,226.0724894306472,214.15510075212663,217.1246531751282,175.16398738877166,202.00980154171123,198.71624683905472,198.9730017293802,241.80724245948116,239.8000819198675,209.43981526568157
205.2998661029516,244.98294863061648,199.2434888887762,240.26976411969804,248.27638970072576,184.6678663961098,223.6658176640866,233.83340562420696,188.7571902297447,198.0865232221176,206.35504844833628,212.48676532670956,211.5722518870692,180.04094091408126,0.0,230.36305676527672,213.90131847869557,227.5960461792112,203.33690303052464,204.0636384036486,134.4651504079826,227.4566308065077,175.73352220769704,197.9433780264076,214.0202423515288,199.7417431945805,219.3095204107308,201.4994210155579,153.58734919893288,224.51778067565377,245.8018486186056,213.345156998036,236.33390532357092,235.569089258348,246.26766977980108,237.51065412147065,238.4393259219672,209.9875229437401,227.7469493898279,218.1789936816246,233.7382323347778,232.48278327418456,248.87437634204312,218.69528315556005,236.09629945723887,237.27898172201904,247.25036861983563,222.9050469945869,198.35506245791316,213.3812747267913,220.49791293751437,231.27708284027491,232.40273757890373,238.54147879346476,208.65023509586572,174.70148005924227,225.93247311893947,192.51707184532887,198.65786956443043,224.99697588696543,217.7178382425968,216.4522110361934,185.4730945791688,172.41820327557008,158.51265498968806,77.30966653753623,219.20185658859037,186.2076375670437,211.06293444425955,213.373587733226,110.26933859286288,214.9623717945522,140.14135605539116,209.656761690521,189.16610494349896,199.0431297016952,143.65283251531542,213.96620017905644,245.9475387761824,216.9964838077544,232.76807929034908,239.1709994816445,252.7021347115981,236.0217330195384,217.21653819899456,224.04159250015613,244.31127448635027,238.0973921904582,215.78789073848307,215.8315227767267,223.3460003778546,213.4732872422983,211.524879954212,233.85024552412392,234.05092290603653,230.1669714965716,237.2404616728409,220.3207844106978,211.78057944757924,213.4348301255916
202.52331446655768,147.91437098396133,240.50515419566185,142.92843860374916,166.50319969273528,254.6647575253492,196.3277287939469,187.31569528474373,251.54343473051551,186.78547192520443,183.2955985594049,187.5241254572398,190.64743996162872,221.826405905839,230.36305676527672,0.0,194.44473104561817,171.77230668263886,236.52070736968423,227.131492063665,248.0160563788453,131.55690063722218,209.16870313695733,190.6666464053468,230.6134317257597,213.7367128698172,199.67520072639547,220.3088002125101,249.06496675295423,182.43794850102853,209.07705745289604,185.733440396747,128.54603184857365,142.6738070088373,148.43473705458038,210.9352803346489,205.5532327922034,169.59805174656748,166.74013550661977,162.65352720673462,180.92248037148704,204.1370197422989,158.26184034141153,218.71004278313143,188.0832652768023,192.15269405859272,154.23086385987267,200.59368967030676,224.74420602719653,191.95357922667523,208.35639287447444,199.6866842017893,176.0332961119806,160.59050775187595,243.46811914283117,250.48937073479152,197.55153066797376,253.6346892980488,202.99061100544571,193.19845893666377,192.82180320637892,195.43855571369443,229.0549617505341,228.3825281177097,221.9037074661424,219.00064293858563,203.31700480628487,238.8331655877304,208.9499679504301,212.54165463802997,250.02187325167216,188.262039556742,252.68062822384488,202.8427445102663,234.35472158099773,243.0002544318235,243.0468731798813,231.50414888933628,229.6251078004933,201.46768404532477,213.5810363258724,207.20894236318892,181.2552534302934,194.31013618950607,229.75702933559023,190.20920548592923,210.5259529122712,202.2107603375719,228.6684923195306,209.0372518185616,205.59683045292917,184.36662401956897,185.81264216483703,219.7188178595705,199.48007556247052,228.4323361477684,210.8750424392732,230.32655406930823,213.83166001070563,216.7891308517445
228.18624985319644,211.50892468268663,218.7550630757919,200.11322646877957,210.0470035066052,226.4685741657945,219.672452525545,196.2574724257097,222.71574140466123,183.4237591736529,201.71267359178017,151.05162818098444,183.4295725573877,123.42377636352876,213.90131847869557,194.44473104561817,0.0,197.61031123647115,129.41178248090702,230.77752618685383,195.4893838826092,155.47031478890818,198.73060375246345,212.9095358575145,215.13875354933936,207.60941994193792,230.1206500052325,207.0728765906582,227.2967046799565,199.3054363829528,185.99300619374844,203.2714552704089,213.89310164249383,167.3082823951092,179.14050394517886,242.7173607581873,222.72481823058732,197.9171863364556,196.0325405404388,227.54088975858343,215.69522316833516,228.6108800125058,182.41092218142109,194.32036779178932,230.51004492264497,191.6005636230791,201.1427379939476,225.5615714664316,207.2544583659072,202.5846406265686,213.4176124128992,216.02649652091105,211.12815458535948,191.5254354281938,228.26029255588463,214.7157616155336,182.53464919090905,219.7730988219595,188.66604478209297,221.05709831361204,162.5985316411378,177.3128696697987,184.3640411990111,191.8605225825989,189.03075349618717,210.2184110224225,250.93599126969517,166.1244950448443,160.261208426761,197.9522774363385,223.3363367440888,168.90256689994283,210.10335618721496,248.79403155911712,193.4728603152356,198.0424067927095,235.40292215640508,216.4477579760878,209.65475622088695,216.6492335649878,216.9545415432993,223.7152392661568,216.08479185009992,197.48104471565105,233.5970666000472,223.9601701490663,230.93547387570453,213.08305416889056,243.9303295306059,243.7378610546338,216.37323436605743,196.74730454706,210.9358658473061,202.38268898288143,206.93618231236871,198.9646167981353,203.4509698801804,240.85875427899236,223.21889469158248,223.38993565418733
175.0168270525063,178.06445712628525,187.97664235783031,208.9542371084542,203.93025946225976,197.2989288321206,206.26383237183305,159.07026065911063,195.72436756074637,236.70338474711383,220.28153655163112,228.4151930504036,211.93796937790992,212.5675559545507,227.5960461792112,171.77230668263886,197.61031123647115,0.0,205.25985486213736,152.13232085159467,192.65653489444117,175.82217393809975,173.0363657246291,229.33310439081623,208.1426305160814,213.8008734659961,166.56698171112694,210.9572934793261,221.529040937365,209.10060013960364,223.66251712963637,217.3758718723356,195.01813513389823,130.80332338019372,168.02723248937147,148.09919535182945,205.56105240039165,218.14032005376097,215.9431752684229,224.45938503191496,200.24414043023984,237.82723668765703,209.3554127152825,245.1100691455796,198.5945620230899,222.4691607178877,188.40257274268183,190.37144602348604,184.3127155879527,204.78411776562223,199.2431864557769,183.59287156141383,227.16402883050935,203.8034311622294,215.2047524526932,192.52899070928348,154.4749598549483,201.9705673860344,226.1099174297232,232.84479348196555,237.12198092603148,221.24688393229235,222.46417656239373,233.62551419876763,247.41398207846777,235.9295880747188,215.68058719078428,220.4945387570832,194.3125931400253,123.91626009844444,214.4161101144992,190.89800526005249,232.5044730252569,227.62510196254425,261.8438722002165,242.01710766493343,247.49849969318788,239.5524553504468,237.78365029179577,223.19039900732724,221.04187419316912,203.6513271118156,204.6356296501301,190.8354956539207,180.08517274012513,176.7934183383158,201.91971413182029,202.62241626143907,158.1847222150656,224.98199561009105,218.8221494389147,224.202792904548,223.2184693113724,243.6999700801681,246.48348748767077,255.02546305182068,249.86379364369316,194.19692141477384,187.47833674497627,209.75307578842688
228.5737912413545,246.39965704302048,204.8246266318722,237.77718789034023,229.20258229588532,215.3802430921505,238.1235223165272,204.58326398485477,186.5040364271109,216.87349550570104,224.91413562578012,195.05949974862423,212.8674253830054,105.21099771215776,203.33690303052464,236.52070736968423,129.41178248090702,205.25985486213736,0.0,241.1099767915674,173.2894621202455,194.81550669483408,196.26376055969865,244.142315756705,227.59016413900545,218.01275637248733,234.03015420987447,201.2627492220856,200.51231959906167,219.07221531117247,199.4675454811681,214.38080748844635,236.9988276648139,172.9925591426453,196.0948656382256,235.5998619904341,220.08516230987445,220.5856331527584,232.949108352414,257.8388901548317,238.8973605668552,251.3996518733381,216.0405197176682,211.97175445394743,247.58566080396903,205.93492150004136,211.19490163063207,229.56373608550248,219.15514449094107,213.4084748475249,213.28240917005908,221.81559147903013,227.1327542709854,217.6233683761566,219.7152299214605,207.27208451012137,188.88203819580323,180.33301098104528,195.72477422529005,239.746785606524,204.9306430468323,199.45721232116767,168.1206818866601,153.79574220569845,144.30536658091322,192.37105239775445,267.209253392562,95.11106235352514,132.69681310815685,194.1547026338556,192.168257940053,177.52676002327738,165.02792536970802,267.8080731861734,176.8315046476203,191.9577667409069,214.18492092461852,215.56012594700053,207.31815534976408,226.5046352637906,229.87585030381533,234.36904915682248,242.8457407991241,204.80541828480435,236.15219034593085,243.87367854793763,222.64289786180996,206.41168454170568,241.66423060043732,256.63463272705457,238.48013322365725,230.85854138883383,238.68921752788984,196.55600452883013,230.2210469648051,220.59119409378923,226.5963664892237,255.133404343242,248.42841135594296,223.8861809570554
133.9581230540573,206.8943534567678,134.56081900501863,249.77552926783207,237.64880173111533,127.24853987047145,152.2256130444644,168.50458321772788,133.49704409590964,223.75965114493263,205.7290760454917,222.84603046518853,220.61808894465537,234.27906276038487,204.0636384036486,227.131492063665,230.77752618685383,152.13232085159467,241.1099767915674,0.0,152.90954126516294,235.8077364193702,169.18658748239767,199.36217005235244,180.4659138981355,215.479221878315,142.95261256983713,204.00748772743864,147.83573567405168,225.25596542438436,251.5622274566959,234.94542629687092,224.23178791711317,227.23205530865096,216.5587409482992,150.01728316063063,222.47176808475564,222.97140532277135,215.05425786727537,203.12390892328517,213.40883919391248,223.2137053245508,238.80236749725643,235.07242431874704,198.09336704864785,229.7288054960566,226.70344635861332,164.14867696333937,138.3525312917835,208.62990754533,185.32099846291885,166.38593986862088,214.71223989769297,253.3362829083029,164.77905848110544,118.71763832469784,180.5990202110099,146.28314256815975,227.5512054394014,211.1560237605959,235.54659866379305,228.62933103970332,230.80701047230505,233.9022729416188,246.00896325148864,203.47644036128452,150.55395997245992,236.5155384010003,235.31136516738627,156.40617413895018,167.0431530561064,221.2615383647525,215.37937020829105,177.16368632437923,233.0524979365015,231.16861109625228,189.12991707939625,223.26207844782203,253.7942947379973,238.0789655517568,219.3609239169137,223.1623522608175,219.18188283718777,209.53058372536128,142.4764096927248,181.3474049994334,213.3999687518239,219.11464981855292,91.36809951036687,191.58606473602447,224.96550934488775,215.82236147935413,203.6216154301913,254.96495929309907,241.0822452854489,249.80801596788183,240.8455792004637,141.04709106797384,142.18200426807573,200.2550743497067
186.9251814898107,250.86267986688333,171.29550758274593,268.0628575189529,253.57464654978745,158.80795210620823,209.35737604006675,208.787252268654,149.51432078556104,207.2729041757393,210.4307124736084,212.1077826090421,221.1549763549753,181.70955812716716,134.4651504079826,248.0160563788453,195.4893838826092,192.65653489444117,173.2894621202455,152.90954126516294,0.0,240.1413287137115,133.85695147061404,209.11984717574336,190.24547019188472,196.98624445190265,185.18565248574737,204.8144093680555,148.21811315330822,233.64524772647167,252.42963759733635,232.9526478132998,247.7169017359971,236.5268455260249,237.17382573289348,221.08548704266377,240.59076962224373,223.75734553946663,236.6953162798752,240.1744631042003,241.03552389236123,243.6014333659886,260.31613535672363,226.6252735415009,233.7676697810737,241.3610028248561,244.70883541403208,201.71516169802328,179.78488329964205,221.78916800409056,205.986854716535,222.14849742261447,231.70028589264297,267.10557894050487,198.8732260166045,155.38772513199012,192.93738036855507,153.59089801095473,209.4179241245828,230.3292701284952,227.1129837835928,226.6527427878244,202.37145780285184,191.46593895839575,176.60516621187358,146.77249207185935,208.9352714295423,171.30249319929908,190.04030282696505,160.51351391205105,95.5666567426002,209.75259371830035,135.39525805739842,228.74139205576407,192.3283434043013,207.03966112640188,168.4359299279718,222.3488131508077,245.887301939604,245.8050833689857,223.88466791832343,240.56897591256572,248.5134376372808,226.73127061418185,174.95583879774034,222.88680375314124,237.54272359554045,228.8708292550968,182.2961235033229,224.67875025757692,234.12694608682267,230.4416913060043,226.5715715253444,248.67179358456517,248.66033399443663,240.57414730266504,250.24294910207675,197.1167382985666,197.6304154708093,213.1157565677792
