0,1,2,3,4,5,6,7,8,9,10,11,12,13,14,15,16,17,18,19,20,21,22,23,24,25,26,27,28,29,30,31,32,33,34,35,36,37,38,39,40,41,42,43,44,45,46,47,48,49,50,51,52,53,54,55,56,57,58,59,60,61,62,63,64,65,66,67,68,69,70,71,72,73,74,75,76,77,78,79,80,81,82,83,84,85,86,87,88,89,90,91,92,93,94,95,96,97,98,99
0.0,187.98884358973544,198.42000862972344,192.86020638362996,192.92854998202415,179.95090294585555,168.67602647156411,197.03271741574488,189.79500521490905,219.33766451877216,236.6420882478014,205.3837048723172,194.05061853407983,230.73925708069655,211.4867578900769,152.0483164932046,184.63066364894277,178.6517535864154,223.77493958289992,166.6251359488957,148.51392084280985,184.79754479402817,209.75430809914477,219.26641041542223,238.84758901234636,186.38335745350824,188.60811298451475,215.18342586441705,174.66573718086494,219.43375816257984,181.62710367952928,161.64260924986672,166.35895389974465,200.0134356508792,215.43488516159408,171.0299544837143,204.9766667550331,200.603703996612,217.1926256535579,167.6655636332447,214.5175508097706,173.67448275569922,212.88262913041584,206.89874833940337,225.55058963935784,222.79976657490275,222.3514921725174,216.25931658561925,171.15450326478506,194.08294608376565,118.55517723890848,169.9780071068708,162.28996475435753,183.02038663252927,204.65202003022625,191.65334114108444,187.3087073536226,216.864254652214,227.55618097852732,230.4664961303748,221.35992752046965,200.43626212887347,195.87724372109355,227.78306364427837,208.1467793292344,216.8827692521916,175.97085308961775,194.94470930023783,194.78369273167567,186.8143526103824,152.8797598075924,160.2593432614408,188.36663023161375,199.60816237415315,191.9491677017561,215.31973287034836,188.0992753257146,213.2377815895921,174.34790085825983,151.21668284847465,221.1633096506108,217.64837261994265,215.03804916793376,175.12961737718524,197.48658492652044,184.97139371280565,205.09429987967937,213.12167740411851,166.40316885605944,197.88982406966397,187.7716643925388,200.8515215853622,204.58189068900467,201.71243603043143,207.10549870391029,196.7798327355037,189.62410583377596,233.6124263132158,159.4576606284247,182.45318159960584
187.98884358973544,0.0,112.79786507839262,129.90976928455473,101.92125893764216,136.56748285188692,149.62450550444777,107.24401072437676,161.30735651818694,228.5819590829868,231.0955569085666,211.77996214835625,210.42387050982316,242.2076531187543,235.3804895536654,175.223454343787,212.38297614711408,146.7285202971103,208.10003568030908,198.9470521477397,190.5920912069813,219.76442485421308,225.7452301903824,259.9286289392451,238.59724603085243,203.8947494191238,222.7561111778529,215.6320231077345,211.0281608527236,205.7917570739491,229.68372273570964,232.43299272277423,250.52619284535703,240.88593998906944,236.6100070401056,196.0444407750603,242.3331795996913,254.58568414712855,266.16775412413995,231.88939845678368,245.2361643187989,216.8367214391435,241.183259910218,232.12081208344017,196.9476852555099,252.835260642729,246.28854231282853,244.1546363650236,190.9919816692532,237.19709759072376,203.10793520713756,83.72289421510231,138.23838982752153,96.09510469481276,115.29915729013388,142.38152470490328,118.10258160930114,156.99508116050384,220.73947057226184,233.89568157026577,219.734834149611,216.35840410363463,188.51804150623036,253.74083667555095,237.11385316816975,241.34444339340573,189.94152342497117,221.15657950951535,213.5378729255061,163.74761954407916,205.10738698454244,200.69002001122664,205.4888007352845,240.8768172924781,227.7701846237553,224.3930240638144,215.85703487948783,207.08557734931605,217.5701771519036,232.3804679830816,230.4281013853812,232.34186764820447,199.75447884245224,211.28837241890216,213.4083330335157,213.2129272105529,230.65695594566915,218.9053381888325,188.7320704562657,225.00009256766697,239.80089306228223,243.2334757085036,245.43694709015108,244.99605028061927,233.03292272584332,225.22837542696988,221.060184598341,240.6579827400361,149.41727730065026,223.26819946302467
198.42000862972344,112.79786507839262,0.0,182.15188238288889,145.29110679448496,94.86167201155833,163.9271524073927,110.22954575214855,131.17964137828383,239.3880223760405,220.69493194108168,205.740839893593,217.7264599433056,251.13426956132693,246.260311168712,188.5435646094056,230.46828025377283,147.48255396590716,230.847365032221,220.58664700883608,204.50863444583925,216.99089580839723,232.9228551102817,252.28754572334665,216.0498419734317,226.76891682405227,211.90307166947773,226.13759670436227,226.2809661886656,205.22762602410484,232.98775648718032,237.0478968929241,258.87456376943675,259.2200849849576,237.90930189730065,200.462487131689,266.14963446056646,245.13773357528052,259.5480825772865,227.2085040767689,260.42722542764204,235.3068261158029,235.7164738074109,243.25624353499745,201.46796160817,247.80984604843752,247.33700818657093,258.9295103777575,207.754053771504,249.12681857913864,214.3608773365825,96.55501713833227,161.1147572055363,138.317125398847,95.34883794919968,88.35779942652076,108.7262732585705,122.42145604552348,236.45017634477955,227.36944348939323,214.08226675659137,232.51850785143776,184.8746173768351,248.7476579720817,248.40437255516,245.48575213535423,185.82366302020452,223.75821080284723,215.10531589477387,161.80311343129887,215.8154165102149,194.00361391692803,205.10969217808412,214.53936261474428,225.92926296148195,210.5613346522107,226.4707691076516,219.1977957355037,217.29966676907333,238.35207539821948,235.40808596472655,243.80119870900776,196.5736589600633,208.25888832764716,221.6490251207823,219.1500773282141,248.8339941312022,239.40586423681404,195.6596619027,221.8847250267785,236.8795950424652,227.31387662500836,246.14307478510665,251.87342671398383,239.6301935137439,242.37771164001384,222.62381910957717,251.791372646309,173.90860627131505,236.77104864540703
192.86020638362996,129.90976928455473,182.15188238288889,0.0,144.40927122805238,195.24485997676413,156.84975025253695,180.29972422858464,229.1942624591936,213.7447544335835,232.88660298216257,215.6258312837677,207.08056069022103,237.8406975835081,231.1980538476212,181.8349602966412,201.35808607252525,184.3602089928609,187.1545400260302,201.9215588125503,179.64993507212006,194.5680587554152,205.75718638338049,249.1319944593514,242.5414553264577,206.10820478548305,221.015795290884,209.6016218430662,209.26954597914667,188.34955562997072,206.18632772165765,221.00084029637523,246.10467410274,212.9114928873589,209.08576029113397,218.98548305612505,234.5437143281212,240.5022327728861,256.1653467675194,217.972239575918,219.51363116835373,205.4157205227629,212.1900556504207,214.32925681605863,196.9043647645072,229.07941470478187,234.2389310059692,230.56183082067224,184.3483862467209,224.08672143377052,199.7504051765532,146.88428089750602,133.24124443303242,89.61599736345158,197.6759937795499,208.9392475164209,176.34254343005222,233.3150197037966,221.4748163607925,233.09025813017996,217.0201853012321,205.39943923323892,194.8539914067524,220.1208434595758,212.430670888894,226.0035526334404,200.17316798102985,197.8778706809936,207.56741743169152,188.65276279780824,191.71787236984164,201.47809910938025,197.37164161714213,231.50109057215684,228.6192365912044,234.94208519921105,228.44282626936652,198.37263238499816,210.75173432426,228.59995886832,245.61882598195697,228.7381644417702,197.40771647942069,207.04949643891985,220.99406367054772,200.31033402167836,225.9687113778452,216.00545012630116,210.81586733626796,238.7739953455034,247.4597450913293,238.3466116205149,243.24816512829372,228.80808757285556,226.74969698941985,217.7420674810869,223.2087599493587,229.9594294491308,181.61412597418,216.5755758874049
192.92854998202415,101.92125893764216,145.29110679448496,144.40927122805238,0.0,148.5961227758687,168.46164682957178,129.8783125246727,165.77676520460807,218.82300376392925,239.63258761049792,220.29336628425185,211.0159280753295,244.0844611426546,235.69395377356733,180.53372135651335,226.67747757991924,153.39920286596632,223.75284710192585,193.85597928724985,195.59641552655663,214.25118096047407,231.293511629279,260.180494351612,246.69559605387383,225.24311939348175,217.8240147966072,197.9013541165456,223.4679733731488,203.41241407339948,232.5394926991931,246.43223028592809,247.19400289991927,220.59413281428084,226.4469862547116,179.9316675042433,226.36806838869356,242.8052645856651,250.49208455766723,237.01927130644376,227.634582430252,236.1293471788843,228.1263006794288,205.0359005987678,191.64578265271624,232.24861734190864,237.5928242848808,220.6557817058734,181.81756918810484,215.89600618898987,205.3172147847525,125.02213222128566,150.46380801984907,114.31879243013556,134.3695304657318,163.60267661875002,145.73748552779773,175.17931487912512,213.95987759179616,224.5538004178769,222.79450991870252,221.2738821306251,203.44330422078977,247.3658086349078,243.25251626809512,245.1209427438976,200.07124743250867,224.42737854792256,224.40500811092653,177.2643483489963,217.56561907409076,212.38234463647268,216.5942602599812,240.2765715897372,240.48338225127708,239.42598576803687,237.66263377713116,208.61147922574455,221.85658307293983,243.18202693542344,236.84448038042785,230.25182189600605,202.2346309414177,221.6716158857512,227.42377444453857,216.5939941036721,211.4269118950052,220.50054209037447,185.97267950418984,237.1963199933158,253.79965818071824,234.69596268815235,248.6461211721071,267.26906242463326,256.55296831722563,219.3128113573692,229.4942603003184,231.86817308341665,155.1957547223333,208.71713919040647
179.95090294585555,136.56748285188692,94.86167201155833,195.24485997676413,148.5961227758687,0.0,170.1449431686658,141.4873758772531,97.71018625851396,235.22567135795205,217.86515800668516,216.9265120691493,212.2685126098208,235.34803650457127,226.86588210521947,182.0935225156702,224.68161428798857,154.07501676091948,229.0691285234056,196.61098742595044,183.4254429621536,221.1095303535,234.6188793190088,251.64935720590375,230.5187179159683,224.86254811429149,203.0951168679667,231.8982417955907,208.184532417158,221.9426642578221,238.4967346356949,239.9421820120757,248.99525676097997,242.05819812237047,245.96184334877276,166.45129994652035,240.0849864724416,242.77004493089328,243.6408508668972,215.8635806603573,245.0950218027977,237.438124525143,247.6186287935322,234.88511757070785,218.36040302862904,236.4557589411612,239.3296650711383,251.42042564591827,183.06920169420383,225.35353147752343,195.0055866948052,119.30785825514428,167.9162125060596,163.12602937154497,91.759438743261,75.37345516189923,135.2819085534496,124.5916644365584,245.908096358414,237.3295840833509,228.47293357816665,234.7823245707353,183.66377325533347,257.4299697121242,241.10792675249684,235.52932703776213,168.69429984533403,225.78771857498683,203.3723995930606,159.59278358224506,196.59842155317835,188.65198805571924,207.85171155454543,216.6111433322796,224.96273195716924,217.79697804567635,212.8974077520388,226.1000265930141,212.8813313887773,228.3175278367452,225.8357637999366,223.7010677594556,205.87353868727763,200.45925372966457,211.23271884536945,212.0636250385485,219.8290941232534,226.6896076872396,165.53974537014471,211.18589095251457,229.61342857173676,229.4639194746107,238.16518548863405,246.03384268628224,247.37599371123557,233.0772327779481,214.3563983553439,235.98111103351937,145.6109812153515,206.8568853081645
168.67602647156411,149.62450550444777,163.9271524073927,156.84975025253695,168.46164682957178,170.1449431686658,0.0,141.6786431173009,185.3000837736468,223.6497376716416,234.12171918498817,211.5560820819533,223.58748525458645,245.6123432597699,237.70905253639927,105.46882718529226,179.83712743059937,112.25903422392643,189.76975235761705,192.6673901997148,138.34627828217145,158.34900491534523,194.115832773582,244.0815166372608,245.6827489883563,206.00664056992477,214.93170443811877,227.7179309684118,197.51622088978283,205.29521546590155,217.9323201714633,223.58267995839404,227.35991665532805,216.5042046811857,201.8139991932427,192.1556148787421,259.6868119246634,249.8818735797304,254.859844762633,170.98998167945246,227.13981523768297,213.09866678892377,223.94607101066143,235.9639622339747,188.47935557906385,245.82137836592247,242.51672011978587,241.8777405706253,207.48372834721235,248.85376230554192,197.26269079400203,128.1176582764217,93.8892008225496,140.48817970860483,175.03110122102035,165.89570340102264,116.30785481193452,197.3493264324244,233.39763556910032,248.1924248310188,238.4035159161089,235.643238401596,196.16881633160037,240.6363490904484,224.2204341583145,244.09031004116332,119.3543858955873,171.94206507195693,181.04564088156215,118.4705973828064,165.22459712455571,145.56990711106516,179.65976205992126,195.4545004448313,212.7329785585449,230.68750283480605,212.26945567427416,201.1517611342936,197.27044716736677,231.02950318337585,221.20128732884265,234.16631112241032,172.47605276591463,179.9886115881506,217.28570347896292,188.04154684739868,247.9646829807128,237.60868478869588,190.02202837742607,204.96163762217293,251.87579239639192,236.13514539582548,234.1619428582152,245.93829136229775,246.86538056133716,228.12520820871435,222.12156496233604,248.0455750619621,162.10578038056693,229.9239774765672
197.03271741574488,107.24401072437676,110.22954575214855,180.29972422858464,129.8783125246727,141.4873758772531,141.6786431173009,0.0,128.88009360806933,236.06739387994213,233.7324669300255,211.25282095411663,220.6817770148765,251.67847155947103,249.4400317180648,169.41174978025612,222.28941901499545,118.21342296695398,204.27805619540163,216.06790653777404,197.4921468782668,205.72595304026444,233.2629385999071,265.3373668402974,244.24471537059443,217.1296679037614,234.03388993267023,235.64135830815425,215.5798775834305,214.12870864736112,221.9093376482799,247.9736476741963,242.19941499938423,242.3499323010969,227.9380580049638,191.9536024372241,254.16075892047976,241.30670765416343,248.38213517078736,223.04136335991288,254.8196238185832,220.29299070240148,226.10819957552272,217.96005684597253,172.72683701601085,244.936029804241,242.22608793186413,257.3281874165301,201.34742449394207,248.26826990054923,216.8756312324219,112.83699191627622,156.59876603490147,133.48463491311406,105.0941205627212,127.33030183193438,73.87938611027838,116.95117504719892,233.9689671444281,237.6076965671641,224.00994694692156,225.2311892538853,193.72948084542463,247.1471000048068,242.8997206332736,255.08943201936643,180.5837216605321,210.29514185665383,221.1087387380965,145.66611204059916,212.74606058746645,192.696975991204,213.92914544747535,221.1299797452733,239.86472113218943,236.3820886975688,227.80798959864097,226.6628468225165,203.38824201633335,249.9370810182344,246.50388873589537,245.97998740916572,172.37138858432957,214.40564527649047,242.981029307222,226.52715332067655,243.98643228804244,257.00488443055326,198.0667892394653,231.00545156156196,245.18503778158507,238.46814799075275,236.8798147219628,246.9843309439212,242.08931851398108,211.9808900302005,227.29104213546051,253.70996954345824,164.58830630751962,231.40114150226023
189.79500521490905,161.30735651818694,131.17964137828383,229.1942624591936,165.77676520460807,97.71018625851396,185.3000837736468,128.88009360806933,0.0,246.91906041440905,241.62354251386137,218.7743271613295,209.7588355778111,230.15301450377515,232.56078287396863,184.82716902262263,228.42295969632187,147.81418155295313,215.78734338399664,203.10143671303237,182.52601579252797,223.69882817798748,244.25961428701729,250.3855908985749,254.8108622951926,217.4393959386284,206.02019094929025,237.5379462807232,207.4390803217192,233.32419788172487,241.9800990180732,246.8595523884435,241.4003542202449,237.0817059711844,246.40515926094355,149.5273656613005,224.9277414386144,232.2579450168615,220.46030276653124,218.3121274365785,247.9318270016576,225.1832841059401,234.9172446330124,223.811727879744,206.80835067217131,241.8660205742009,240.75777650321956,267.0779364884257,205.31985495482064,223.5944298262611,217.3460454566034,166.83852518106772,196.50009663407133,194.58577320020203,99.0182601491758,98.96857384943311,140.44942322480432,77.753603204937,258.1052935766639,244.5562051066512,235.5295539197985,236.92565004680324,177.24644437932108,253.98249946973928,240.60525516571116,236.914036759702,180.1339749267804,215.4433902506337,210.63282366841707,160.00189589637313,202.715517219056,186.9264308290568,203.3366944652204,211.84094862899676,227.2929491080773,224.5692882890922,200.4848976322308,228.80992440631528,217.78046560820027,237.51955879598927,227.02248062702316,234.54252985977504,201.74052038819423,209.6498889758994,206.41481325242444,223.22604045308248,212.4457249572884,240.73190547267228,166.26574464787538,210.18842096948197,235.1754488191289,224.65197404920508,217.72645826186312,248.4560773456543,242.54875577785373,218.85045620628412,213.84470188350616,244.67115749584315,164.57144845457648,208.15655309181207
219.33766451877216,228.5819590829868,239.3880223760405,213.7447544335835,218.82300376392925,235.22567135795205,223.6497376716416,236.06739387994213,246.91906041440905,0.0,141.0241452653876,135.533554379999,178.7137871821098,183.386432802958,201.3805342117581,236.20042746360812,217.60772518253543,251.32267108915303,211.05568552909364,239.79010854310988,244.1394158667424,230.2524038322954,226.0965100348404,184.4622860906588,148.46159369514214,192.6623353359533,193.8911599081202,168.23309428960576,218.03292208086577,182.6595377454501,197.650460372122,169.88857647120827,209.25617476992232,241.05333997702016,213.33062132295635,242.547895068866,215.9424504414216,168.45555170964917,200.45687096118,207.036818847832,209.35000721666864,202.49168721821175,205.4299285436805,204.4772886566393,226.58545687482817,199.2151850593488,202.04865041859247,198.5146597459036,212.88580513625436,206.00053394028023,188.66406761578304,224.14949161030648,224.78805493646428,222.62245717184976,245.3266165104257,249.38959819310548,245.5762206088221,249.82655346984288,98.40058796352936,145.3453099472747,136.44294947249912,168.45940749430173,218.16547241644483,194.49613293256465,194.86173054109952,193.31801972557616,241.56745203501976,216.13517526595103,255.57143935124657,262.1165780974051,237.2198230260725,249.31752463861395,240.07448905119296,187.95888625557103,197.62326003833772,194.54924925830449,225.8886256892285,205.3582290571069,202.86615677259857,175.98815227252993,240.84692181108184,234.93478118675827,221.74104278972044,244.90120975054225,226.23232745738036,243.336635811804,228.53909344190217,189.8044011217536,249.7539834855137,247.71520423581237,198.33880265959823,187.5484440745836,204.10452323474877,205.16958618047292,207.82406565934477,217.1589575889742,220.17925870960175,209.9466074823309,236.17819108834823,226.98030466439204
236.6420882478014,231.0955569085666,220.69493194108168,232.88660298216257,239.63258761049792,217.86515800668516,234.12171918498817,233.7324669300255,241.62354251386137,141.0241452653876,0.0,161.16052898199462,220.22081899587863,202.25850031024072,215.32930891460964,243.09047766498048,232.68332472661015,253.4647516961278,216.5093610789032,246.72901430851232,249.3857557651485,246.65093552333272,237.6350301032653,203.85702638156224,120.10639133094732,209.6766430834214,224.8724140473128,202.07756359406375,225.06573203209405,205.3935024137333,207.36709289284647,184.7368061683073,214.02068107308315,237.1055212724304,230.56394959933365,244.6949335306019,227.55047325547423,189.61211720034248,218.0804775000292,220.7035548928272,213.69274869633296,211.3811505791199,214.13542020088528,226.4016911544038,234.5075295644913,204.7263871413741,215.41370556597548,200.84302532923292,220.0293761310688,214.2315961059597,222.4466750884031,228.3448769407782,239.58675145263936,234.4105964602053,232.0780330718856,226.44380393475345,232.8508426655237,235.64160473332868,145.90836979018957,119.18439332843867,138.3802953430656,209.91404990116547,229.69509695044889,216.4867203017415,209.4147524747603,208.03024967045943,247.62464666602327,244.2458656984905,257.7075572021689,258.4114387348581,247.5817030460148,260.4532842779728,260.426904492673,202.7892318862989,216.03689599440816,168.0158295330416,250.85367651377484,226.90583197566107,215.26167823869287,194.398226903714,243.1273963003493,239.5815862234651,232.51382029731764,247.02549734919796,243.0313878796357,251.71010854097915,243.04596450457825,206.41073988730187,254.11516582350023,247.5730940266874,200.66418017351492,187.75017487092936,223.94758273573,203.64986153148777,206.4862305103735,232.8706674517175,227.6614279987353,222.0728873450909,238.74389697756104,235.74295112582155
205.3837048723172,211.77996214835625,205.740839893593,215.6258312837677,220.29336628425185,216.9265120691493,211.5560820819533,211.25282095411663,218.7743271613295,135.533554379999,161.16052898199462,0.0,154.25987064241312,190.83732682907905,204.38985432347675,211.41922084388395,158.88950674314498,233.6534143489736,190.9082352225142,237.5548916250699,217.96605786176025,190.5335440492053,218.60688043538957,166.49667172213077,156.79576235638118,139.32236703852897,198.19393426220324,180.97633590453103,207.5996393447898,176.08642902796782,204.3295480685181,169.4449778446657,203.12393809710468,250.72099893490923,210.10673148030943,246.17131415865012,231.29082900591837,175.65221949945965,218.5476742974461,200.63922758435865,224.62083330241305,176.2876351828562,195.39265316639157,224.8012758442103,235.06715163882205,211.77635881589455,218.8309718662672,229.0071708322946,221.9548909799371,229.0288089657365,197.69240830890476,204.18374649754827,206.5347676296957,212.2984443830358,225.48015886120007,218.48648721387156,214.33158003628927,224.0750095401826,142.64073740338978,141.93260471408215,105.02397546703811,156.94949418609315,189.4284565085501,198.734409839415,182.20533068335865,194.61508193949032,239.7926766490453,200.2936832367276,255.8220628917404,253.8735324307216,220.8478515083897,215.93082541446813,233.7992387402497,181.01505756898,160.49849257691884,130.7416830707341,217.6220018637935,204.67020180275048,221.6562918046726,192.69020434680976,250.9202911830128,257.85813854725825,235.75147162844945,235.0472843231444,235.58666398002637,242.5582550872839,241.8622505720278,218.30139094295524,254.09861300253192,254.44129288092745,215.0927919925637,174.48459427973006,224.79171587011348,210.73697528332568,212.73087476763624,231.3041727884886,231.2955040482648,239.92999566792597,239.54118247748949,250.04937264402972
194.05061853407983,210.42387050982316,217.7264599433056,207.08056069022103,211.0159280753295,212.2685126098208,223.58748525458645,220.6817770148765,209.7588355778111,178.7137871821098,220.22081899587863,154.25987064241312,0.0,145.4119284921847,151.96667188104664,216.3642216811428,174.22372111310554,221.3904419323821,175.24737896653255,220.70493306663235,185.00529958553287,193.8739010712707,211.3089402797994,215.84854332871177,230.00760902838988,162.11409968942982,196.30532992284668,181.87867350249667,198.76202580824557,176.5141016140472,203.5496753823507,180.56407642692577,206.7849586316544,235.07172047793696,214.1792290022869,229.0745112335099,197.3084357554619,177.23170485371037,195.75140016875625,216.53319402092995,231.2199106322916,167.41702110218708,181.6165164148066,188.8022230471584,227.24157010151745,192.36599665760215,201.32773792449973,219.7595025833197,201.1589082184289,217.37570508596983,216.2948346272237,212.9472436304613,219.7184850626088,210.06782929559492,216.6005833699175,219.53617964724023,220.8818379239316,220.49715767874807,217.9061856742229,212.55594396669517,189.20254950231347,99.65874643931758,130.3991131551681,176.88793553910773,162.87144178929265,163.21107713870106,233.7645091796529,167.36186684965998,226.3375115561433,228.92595367673064,192.5912781592577,193.66002738554403,204.49573817637463,213.97144068201908,209.44956487242447,199.7989259508187,208.6126326620702,216.8884449812782,222.9096726753843,197.51445626215477,248.8205435405442,238.53286274312495,226.7064375019032,211.74822560420483,220.7557784298732,211.874075517912,216.6357735830643,207.9402737774581,231.2629215786058,239.8670437093693,206.4174244215472,200.5968505669308,203.67352068786343,196.08761573915527,200.87369764615832,205.12172971921672,191.97775307416063,221.6599472783417,221.6379313447366,226.83562808604012
230.73925708069655,242.2076531187543,251.13426956132693,237.8406975835081,244.0844611426546,235.34803650457127,245.6123432597699,251.67847155947103,230.15301450377515,183.386432802958,202.25850031024072,190.83732682907905,145.4119284921847,0.0,108.54476901931623,238.5266042935934,198.41734340562505,252.4842786487303,150.9283651584197,227.86321344496605,212.7429887033633,219.7752083995665,188.94823258377363,215.3407510372188,224.6529706090871,206.5489524273792,204.59480144564805,195.7465899818933,201.40750987366656,203.3053405260121,228.62775471452815,212.66599773484617,220.0731300880421,219.3818798077056,201.9988390937148,235.47687293190023,200.3827121210252,193.85081581996369,184.4226353073676,236.0909272505557,212.4132158778282,207.54166194734225,215.26894528638948,211.40987964346027,242.17162574735917,202.5077322687081,199.3420023340192,198.19490478701448,218.27304269482616,213.0828561708979,237.61891794920933,252.55305463970436,253.25221173129097,239.28747837138343,235.02809352374896,249.46132879540065,250.3450396279225,235.98852579758284,210.3024933768077,215.11132294577004,200.18773709161465,137.7251917519765,139.4379074348505,115.41165015737651,119.2427776525552,104.46430113538383,249.96084925385824,187.0301652351561,228.57040921985907,251.85910729643263,205.67417280430809,221.12339018589665,210.29935686101103,233.33452073178543,231.75520830799476,226.29926447734687,213.8497550349642,203.7443346134314,244.20739181021747,226.826900105952,246.2858243892942,234.6276694097644,236.66619181484128,226.29999322809195,224.053537059635,226.43671051898008,217.7511387866517,215.02996201501705,244.3065917504373,246.09757758533456,224.37139571157863,218.98621031028955,192.44563313551987,218.44719572254635,213.13870349966896,215.92680375114844,219.4208524448398,212.70042384157887,241.1481544038029,227.3966416786193
211.4867578900769,235.3804895536654,246.260311168712,231.1980538476212,235.69395377356733,226.86588210521947,237.70905253639927,249.4400317180648,232.56078287396863,201.3805342117581,215.32930891460964,204.38985432347675,151.96667188104664,108.54476901931623,0.0,219.56787902722817,186.9528773699467,242.47290255328133,178.95700776033482,202.80236437834188,192.71727637145,210.8390806106252,176.54382633062667,214.1784501282516,249.24494844662067,202.88126497594703,197.1687627211088,206.07856609512905,184.0741560690843,199.4580607128865,225.37200521390852,195.99984372959943,213.92621732287023,231.85809250543315,212.114846357046,236.09173580979268,207.61640280130024,202.18128133468,184.61243570304924,234.50500475739116,217.2426120130136,213.88752696183573,225.7104733771349,211.4878842185626,250.79230418041985,207.49381126559427,206.24543289135667,199.2980065770035,207.20577359704657,212.24890749639155,221.2473864205813,241.13434061387693,240.69283585864983,233.5948284702527,226.03700952714308,247.47114744689628,247.65450890822177,242.05472707301695,232.19289928013944,232.180637734194,222.3804989557962,149.37455832853124,157.38762185946717,138.7159077598796,116.52261595793702,84.77076480315587,240.35264711838064,192.25412819339908,207.86518854804743,233.54717966242316,171.54308889470272,208.838392587033,196.1988419031053,232.98186417046844,219.27151175065467,234.10006610768923,189.02462623412805,201.11046458565028,240.78248982804635,212.5474454574941,223.6546360415531,213.4459283497092,238.6014828256041,198.15351135018372,200.99030412659997,195.6578584175928,213.74432643411345,195.94934847923884,223.74367719424276,219.33240929379477,207.9743321169845,219.7895141051087,185.5149265660108,196.76534299652403,205.9690642440122,198.69877681346992,197.00068219809407,190.8930619028113,225.37338105394,206.0747538938274
152.0483164932046,175.223454343787,188.5435646094056,181.8349602966412,180.53372135651335,182.0935225156702,105.46882718529226,169.41174978025612,184.82716902262263,236.20042746360812,243.09047766498048,211.41922084388395,216.3642216811428,238.5266042935934,219.56787902722817,0.0,175.6361869518607,127.60367502007618,193.20459509051545,171.00578381621585,129.30756828390554,134.658004803942,192.068677431301,216.5018109000854,266.84759368744915,204.94928081104507,211.10983809528065,233.4284280503452,208.92982429281443,203.86976580956556,195.44585995427747,200.84545022655547,182.4747618738484,191.1549415765989,180.64445391833488,172.53009388715466,243.57145357429775,220.31111022405472,210.6714031523533,157.24340395607874,208.49711925642805,191.40001889984447,192.1366200309559,227.36364246096952,200.4586112332452,220.8472421958536,205.07957743305917,233.08559696246044,215.08973409066715,228.9622440593481,184.4606385635098,147.9937661618101,122.95813539997968,166.5949183906996,189.224640494126,185.25784567954543,141.12823190068184,207.18323413844095,254.6923295679141,267.27369990024823,248.7136141884291,221.18561188365976,200.72324439357956,218.83875500635696,218.25259302701943,235.6378559747447,127.27435674398272,162.24290922988015,166.0861055661556,131.91445215153306,150.33705081018638,126.2915091794702,179.29366166007082,202.46230418027812,200.1569582478053,232.9714278039083,210.3644308582884,209.92915473125976,175.3421733111992,206.1680287390701,208.97454596911905,211.41411713493,175.29352831136995,146.69784959457598,203.9461370207744,157.83589822532838,232.48832898431152,236.0560693020783,168.41572392421836,188.91010149346897,212.2533744850463,222.82564659082797,205.46604709590645,228.4055260123903,214.24488817206048,206.58265365904748,184.93900865483272,231.6433761571907,172.45884675729258,209.8052063064665
184.63066364894277,212.38297614711408,230.46828025377283,201.35808607252525,226.67747757991924,224.68161428798857,179.83712743059937,222.28941901499545,228.42295969632187,217.60772518253543,232.68332472661015,158.88950674314498,174.22372111310554,198.41734340562505,186.9528773699467,175.6361869518607,0.0,195.75869292996816,159.8878716502076,187.8418082343232,155.02139506410117,121.99975372560624,145.91640325096614,184.5482575507447,228.94501324885275,146.14768048984075,211.97289315749737,202.54766080706264,167.12188708472974,212.75407989044,213.95082907253905,212.0130005207066,197.6882661277835,180.66491737254523,167.6528446197857,218.379928318169,214.00803598147053,247.9979925937976,247.9587099060313,193.02577424753133,215.827774808248,179.45100246070592,234.63728471300936,236.8119982946613,238.0148343791131,242.5302781823051,226.05289899694043,208.29817006303443,228.04947776484184,235.74290534368205,213.5429326195484,209.42065363492296,192.09243382053484,211.34294211659352,231.3821083978375,230.04994328261208,209.01568330940552,239.6894174956705,222.565386518649,239.24973586206065,208.30354578970716,202.1978938071708,191.8827764088532,212.9108092433122,183.18601305325933,193.5815407556817,173.86878799563362,146.69371916126408,164.32857500686464,196.3521918053013,154.20755769411664,150.67232560295523,168.57749542148224,202.7709044441042,136.73047797844572,180.0330352196682,172.3556328366416,183.8001860987013,220.4527451202435,220.40447136096455,199.14063759909135,216.46160066248808,222.88824644397087,176.71127382081036,207.111622836648,171.8201658239267,206.64047538875235,216.33113987493084,210.0830566055409,198.90596558537305,232.32598368702568,229.2077809985305,225.29328703911085,216.58337633857872,218.6619037721784,230.75818540538688,213.47395255491165,229.7324354790672,217.41248457825063,231.17619076088755
178.6517535864154,146.7285202971103,147.48255396590716,184.3602089928609,153.39920286596632,154.07501676091948,112.25903422392643,118.21342296695398,147.81418155295313,251.32267108915303,253.4647516961278,233.6534143489736,221.3904419323821,252.4842786487303,242.47290255328133,127.60367502007618,195.75869292996816,0.0,194.7517744888687,176.7376447604828,133.59532128597755,174.93422409702265,198.19211299966952,267.1271102036057,265.91650555493305,224.7153970893435,227.5595646607221,240.3471506053044,207.468097974562,214.91244495369284,233.46353560572152,247.65322713937803,233.09409322058823,201.8363081407381,227.7297828860032,150.21527809730495,241.6939338001528,254.9136367525392,255.11378955522372,200.0722548187947,239.61080107649303,227.71431683557023,232.8168502519049,220.8599204259689,179.98996954941816,246.50805654770784,246.11636399739385,240.533355101592,196.13637152526616,242.2788312203806,216.890444315619,133.83029058131524,132.04312389534428,157.0636017765213,148.60836655868215,135.69474670216994,86.6677637872993,157.33526018885453,262.62368542743326,262.9335263266971,260.65330481978054,243.13396250085063,185.8725750472948,259.87573153052244,241.85058465828763,254.20756846743092,117.82973686573216,183.2429995163754,170.9272396887744,65.1182142993744,175.87761512765246,138.26673312920022,180.58307913327795,221.61172361030208,231.0676850040817,247.24797293560624,222.7578797353468,215.009744384563,197.70138511409584,243.52809331811363,218.68699492089544,226.7355514906181,169.3885096679248,174.7226235647109,222.63231217494703,184.6557027643429,229.83132999061985,247.20328527478765,158.9932763510874,203.6512631386407,254.24929207799997,240.7529251178607,238.96281492224813,263.2889788991913,254.5534392662866,213.19700856927545,216.5125117217541,244.57928645471867,139.28433621908502,224.92439600407897
223.77493958289992,208.10003568030908,230.847365032221,187.1545400260302,223.75284710192585,229.0691285234056,189.76975235761705,204.27805619540163,215.78734338399664,211.05568552909364,216.5093610789032,190.9082352225142,175.24737896653255,150.9283651584197,178.95700776033482,193.20459509051545,159.8878716502076,194.7517744888687,0.0,214.701280278819,171.86161005995504,177.13649777995107,181.1124351543672,234.72751758034047,244.19515941173816,191.8292838699085,218.44338298564332,213.6951648223469,201.30126775683,199.43338407528069,209.42218108322825,236.63504046832688,218.31668473375495,201.95356027254812,184.95258937552185,226.9399137783905,224.76121654177973,212.22127379055567,217.75815414905728,214.81332346490956,221.5941518679076,186.3562221927345,201.8003941279308,211.07703991374808,193.4558285558902,210.26588202763924,210.46401230554744,213.61838621745068,218.1136123412417,231.43691440829053,242.3901712505028,218.07286602204013,211.0171836904945,194.6118389815789,216.2141550297386,230.8232768043522,197.7254543196252,217.2399132813196,225.29733251308116,238.33522679510867,205.78284517552623,171.25782363384286,164.1410608933325,165.31113460860587,137.11407232090443,172.30304213207154,206.14709822807507,125.1046227631289,205.6334274375215,197.1477853214788,182.11238899546603,199.7000716976258,195.4080805057029,219.24017432039503,216.4393902565122,233.19877802284705,216.97292032209836,210.10901072165012,222.4667937122214,254.88893804092737,249.08607352935056,238.01044895895228,193.1794574695388,216.73537631526176,230.2799968773364,210.4945632312429,226.7850085502743,235.1289092561516,235.9116693492053,244.22921633947823,248.37781717127356,243.66661822932969,210.23921802282297,220.98823365873372,226.3588990188627,204.5937472992774,213.58965705377352,227.7009263071416,233.31912953166292,232.40397914982725
166.6251359488957,198.9470521477397,220.58664700883608,201.9215588125503,193.85597928724985,196.61098742595044,192.6673901997148,216.06790653777404,203.10143671303237,239.79010854310988,246.72901430851232,237.5548916250699,220.70493306663235,227.86321344496605,202.80236437834188,171.00578381621585,187.8418082343232,176.7376447604828,214.701280278819,0.0,163.05439291985698,182.49228381327504,153.38312947922873,203.98135885052903,250.5187245065489,218.5088311405228,166.4190622305117,207.04069538141175,139.51796544219013,196.1446693326315,210.3462670173236,214.0688348448289,175.80628766274657,136.36584398929097,180.31905460787124,135.9184850110091,177.34992779225269,211.15895189543124,198.32172817961052,192.26117335550973,141.5714261065334,207.07375102181675,220.5749851218728,197.64173225978132,212.8613647055882,190.35807740414987,174.2762743740393,149.3675854191161,162.09239656826568,144.091307520393,187.3858490746117,184.14811397389772,191.7418535946016,208.50953544423533,209.9568737629724,203.7038032470888,209.56146918638908,233.4868683609456,254.64539102283013,258.54315279555766,257.010881017081,227.840077005353,234.5640809686976,233.08897549495973,213.925579368628,215.97907776254755,181.0474405936512,210.10776788880293,192.4521813180573,188.69953022080165,156.48154129529695,196.76001924804712,189.6194418389498,249.9942383766644,231.20814580404868,246.92756391982465,189.1789336859009,210.03277519660045,194.0854403604922,199.1860781537445,205.8712774519049,168.05725805442725,198.68021237289423,194.9604107433628,178.69114981846124,167.06840696414167,168.39381472073,204.40778571648173,126.01470969476723,178.75461037372736,201.98268553040413,227.9564121266393,193.3992024445577,203.52933908405757,216.8656298042021,185.81603057164645,163.69038545657514,165.32465800081752,142.81237605927134,123.45087668919768
148.51392084280985,190.5920912069813,204.50863444583925,179.64993507212006,195.59641552655663,183.4254429621536,138.34627828217145,197.4921468782668,182.52601579252797,244.1394158667424,249.3857557651485,217.96605786176025,185.00529958553287,212.7429887033633,192.71727637145,129.30756828390554,155.02139506410117,133.59532128597755,171.86161005995504,163.05439291985698,0.0,162.17339139187476,172.67282144846263,231.37264072117304,276.8531033821081,199.3058166620607,204.460697542184,233.38499844150223,178.4399796005875,209.0759007845242,221.26348885924435,213.40559552233017,218.1817450927657,196.64976979378707,209.1290263790312,168.5463085419003,221.3533413773697,236.08645947827196,227.26143840407596,175.4566741027382,227.3248738279819,209.2253065810135,225.15136167887675,216.7603496234476,223.8719346986824,232.5064672067421,235.8588052320783,237.7713486684348,207.83040032719836,222.314335803222,201.6372855588478,176.97055540995763,156.99291225159226,176.98257759314953,192.8457349900064,181.5687856572303,174.51521495843198,208.701521670398,262.57957306647745,270.396926911543,259.9682513636619,214.6356897503652,171.2959201013848,219.5943573247061,182.6106891409776,197.093717281242,137.186043763912,149.98885128539797,145.5096978021843,124.45121758533725,94.27490399072065,117.252217208767,151.35686780916694,209.67826368173604,189.2707004622316,230.7513894825356,179.56206092057246,187.2579618677058,208.8083608880353,221.0316293425982,210.07843636688315,211.74645080007872,198.53590257659909,150.83715792838746,195.63291587100792,157.57017261774797,212.2983997190936,228.7176522669502,160.7337698177421,191.50891624380856,231.19625622998217,235.5140941477464,213.1217213024497,234.06616729514843,232.00121682417108,205.3283986096876,174.6815142285468,228.1492705227708,173.1213749159425,198.84763862781028
