0,1,2,3,4,5,6,7,8,9,10,11,12,13,14,15,16,17,18,19,20,21,22,23,24,25,26,27,28,29,30,31,32,33,34,35,36,37,38,39,40,41,42,43,44,45,46,47,48,49,50,51,52,53,54,55,56,57,58,59,60,61,62,63,64,65,66,67,68,69,70,71,72,73,74,75,76,77,78,79,80,81,82,83,84,85,86,87,88,89,90,91,92,93,94,95,96,97,98,99
0.0,167.79304177025367,179.40707032309086,208.3105905329931,189.80357886724028,164.92196725383187,193.53161977417236,205.49720059488905,212.90167904345628,232.8549248489524,226.2984285578225,226.80574839594613,231.9841624856589,252.35708361309483,255.46578557051757,155.91945098232026,226.2056657518781,200.39322851588065,238.92522694920692,168.02802083526194,237.63962970494893,233.19378214668308,207.08690096056023,217.8768273187081,209.14301973186787,216.8828915775794,215.87742005176204,208.36374017833396,188.88139419706835,221.33956966580112,218.92081363488197,191.62411788488484,212.39277662852732,198.4095493802944,223.48791436493127,198.7213386800682,173.82329788482485,192.13497600213145,265.5508058954862,227.6616029457141,211.24287063066475,188.12709951937643,206.40992275317336,222.6935582270611,178.84766450448814,227.7269034102592,237.1784040678348,211.11723161246115,181.77728906316744,188.7166817371824,141.9317639035562,171.2709336788963,196.7968504340516,195.17509372492407,174.21603445947252,182.25576282817275,192.90990317306424,206.25602899304164,246.471048620181,245.9993893083785,246.18563332105788,238.32322329353397,230.90651056934908,251.0977730255361,212.083028051034,262.01648793326933,212.03090556115885,236.88487406351,227.70840136829327,194.2948406035472,219.40056916038355,185.84740992307312,179.8778356843161,236.01017273872696,223.00413695133523,228.17385510676445,229.70508452992897,225.80482361223235,208.9886904041965,193.086031804418,209.5680464733611,245.59566052513696,212.22764313567467,174.29245382110855,208.8988322633975,217.92026180825283,183.33254645731083,208.354933916358,176.97423753578423,225.88798125355527,218.31081246703533,218.86064821509183,245.1975572658461,224.46378798941748,207.73205438131765,221.48652568192915,217.88281984671448,206.1941884355749,168.91080686919082,194.16694933148835
167.79304177025367,0.0,136.2450277132748,135.50524832621812,156.96577571537688,137.59435824943694,160.74883129701203,140.28093102170834,175.429561559722,200.330705717003,175.08521835231994,178.67430629085027,194.7101514488259,224.0795571933245,226.0684433876159,160.77488091173174,206.2065084843817,181.80154028067096,222.4709315903753,172.51114668293434,201.4097654927473,197.58165628825543,172.501348184214,182.5469243071575,200.86450421455612,170.75482727350655,190.30969402067316,196.209226979254,173.92390832626558,193.1234148351144,233.77746250519283,238.88354582384727,253.73497161200945,192.05387422338652,215.8668830738825,197.543261438202,174.46312558074786,194.075814390012,228.0741589939483,169.8697800834438,224.62378835634945,170.4222583914447,200.12622244032508,222.26849648914904,203.64320120338647,222.9684818881296,250.96444710754687,253.39188474815103,209.88723263144976,200.02108076564213,161.34703924107862,98.08432336440792,177.1187897021013,106.73880930761786,134.34255492539097,166.06470233434305,153.79616324789146,161.22130698298162,211.2781010232195,216.2905073185188,192.3356083668889,193.9424924195888,180.86759127264992,227.97414097909453,187.1657122273604,239.0768544532796,210.7677402221732,208.32959870269897,212.3528265269777,185.8268619119376,181.04651013312463,155.05471484639787,185.88681947025617,219.60567279451843,193.44353950826215,182.5665591666105,192.36878642685772,195.31798429161708,241.62177864204972,246.3232561298429,190.9742274140334,269.47907546185246,225.14253398944587,166.44660349617487,200.88762463051063,252.07268591267305,178.50676630200758,208.6760102544576,184.66369728194124,219.0342967371738,231.58682407982525,196.78274755331995,243.27112046677024,253.8774974798341,202.90924816116632,219.27939051562475,230.22624553276904,216.45515136952216,179.72388805647176,197.18591668238295
179.40707032309086,136.2450277132748,0.0,202.2771559313676,169.1076073871231,101.2550275779439,175.99339268252064,129.1908753631471,117.83964135424614,173.3778798686782,169.80384927295157,169.5690878140083,165.2479826953244,185.04801616593176,194.77977638840832,193.29574238833536,182.25417348368245,182.4665120582764,201.0863389260165,168.79417279622925,187.9090212503822,199.52775627573956,176.03789010915028,168.90038624558522,198.73808885179616,174.58821824501473,201.6693360306764,183.6579327128849,143.27603811141472,215.5630985596057,207.75884461478304,246.0575588408126,243.9035080682042,176.0077432697591,204.729027419214,173.2582646530174,151.60806493489883,212.1784947386001,221.5997275074654,170.82538257926356,204.09668988238,188.8917359993125,208.0324345652112,204.98652047179823,223.8085893075608,214.94985615118517,224.54406317807343,217.7733668728509,191.792613811745,170.5962925758136,185.828433427138,121.362240146192,209.7621146857041,174.37170716752755,94.06007224559228,108.3617955492736,161.24149106814872,127.59678732039842,189.4069999400466,204.91930941705164,180.3721850267075,171.26130162421703,171.4891271663708,193.3908636977945,164.64221674998527,218.4997946547856,199.29320107526536,186.4680194566745,193.5069711779514,186.30761857989324,181.00209630396037,174.9338206009949,175.48081650958602,198.82534326044797,181.5167443073123,176.3888856281925,168.0249167366374,206.0599071281426,232.4610696732251,242.6862331741717,184.37230813325905,241.7769681811504,233.6737044400352,172.16859795131714,211.0119737131192,221.1139217984905,160.6363888062831,187.7659953084627,163.8352915216538,204.04454179199044,243.93153617130852,203.5412170068743,242.31905418137603,234.09242513932304,208.328922982521,208.9168393907032,226.3310949373654,210.6339746437133,172.17386920717843,181.2935724067664
208.3105905329931,135.50524832621812,202.2771559313676,0.0,171.64119272416792,208.40302631446465,170.53935120945704,172.41970443452453,213.4288873051442,224.95408161651807,197.71750896345384,217.4300607904892,210.79976769112707,213.27322439629893,212.4973535932477,166.52900654815105,210.0735681171933,185.50385842565203,191.70038104464084,208.63125579418588,188.25010049693992,224.8071446052797,186.0710443421433,208.52971402871708,212.0903802904603,198.41780278869717,204.9945362201304,209.0315595567997,199.19303969080795,205.71447979111076,235.17043300595552,249.8849444651864,250.79502579755973,215.62727274177976,233.62679982926556,223.39436693523265,213.33198530762692,205.52088368899743,221.71651234024057,187.4648744139305,250.93407589715736,217.68154755462032,246.00245656483517,233.92141724973865,210.77789194481156,233.88362003961305,260.82572692727115,257.7762969801129,250.2443638597138,242.9454968141659,199.8070252476292,154.10233900265058,154.50785913014172,101.66722006343844,195.4572119593707,229.18007658990012,161.8083780223891,199.51136847801737,232.11320349906185,206.5544232628748,206.73769558776783,218.2537754259271,191.1864711309543,231.4393199061406,203.4784946629989,219.9340171523856,215.31111448873884,204.1534303262383,215.88681128536672,209.4944829196152,178.95750957730877,203.84181086374176,197.6848888101295,229.25112353888767,197.7051147187806,213.17178518860143,190.8229269823057,201.41674712567016,226.04872559237032,254.748822925855,203.2316391963622,267.3154064046057,238.53267127377416,218.4320135497301,206.45960243676024,271.6412745879569,212.08691827838203,229.74281861506844,221.1579428136273,229.26524837237,236.57246728118145,221.49301510486632,238.87711846803944,259.68921081121835,240.9238258206313,231.0089808304384,245.11227606392976,231.25551335079592,228.81822953093567,241.20530104403903
189.80357886724028,156.96577571537688,169.1076073871231,171.64119272416792,0.0,163.97876310396086,180.04600107216953,162.32341956460394,160.09681966849467,202.17127016371853,195.2859410652673,197.2484946847125,199.97844655145423,209.6622165639648,225.2693549419485,163.37913986760938,191.713357680494,181.55645914910903,219.23033934197792,180.29001935073887,190.42497192417244,224.2671060875536,182.2513605169544,187.72337266010777,219.97484614645035,213.8686524538153,203.22542325465605,185.91737160258856,198.5608858606388,221.5246087271552,217.5295626757425,237.70200800799716,213.9129057280662,192.99137602248675,217.78633307058223,193.86538345255184,175.74355978639989,191.21522433503844,212.17383016582477,190.566926044014,218.77824205431008,208.5922383679088,216.60156012759,211.4825400325769,209.28507872006048,201.63543518887232,222.32496802924555,226.43119008598808,202.23149828335767,191.27475410822743,185.4641190888791,157.10796374451337,173.73283829238102,143.15957682982997,147.45370489492194,189.08114760918727,170.85340105336087,166.44840345262762,201.83785202765293,174.00263081362783,181.95992629606255,185.37872963291235,200.42917763924888,229.9968396376126,199.27149164986164,232.25818451762945,211.80814684545584,202.7338678319645,205.0561009073612,189.28434350398356,180.784060545407,186.98516512011008,196.9692603699872,218.1370177439041,184.0336724353808,191.02662356424915,195.21217209365795,227.3937303994649,226.32640686544332,244.27329647404716,195.2639119656582,238.49378206054416,214.12622880870055,185.83018955196007,204.5494015877492,230.14223052137615,177.3125134489024,202.82863796790588,189.77176939799625,227.5372370343215,199.557664921101,202.7127229784114,228.84919557838276,240.84527957757768,222.7575645828428,210.39518481357595,223.6681522256052,203.04598184636924,184.49575551886784,202.49022370451456
164.92196725383187,137.59435824943694,101.2550275779439,208.40302631446465,163.97876310396086,0.0,180.5890552268902,148.63946367964462,117.84740691858283,178.69049449852858,189.31589192796696,175.82446170780162,169.86633109705258,192.03518336536345,203.8122781965758,185.77046579080235,193.484783506224,191.1414465889452,218.43144998372685,161.38421894801388,201.53149604966865,188.96662614926817,178.34842372432118,179.82847954923642,206.83833179135135,167.4191734981419,188.6105468991893,159.2319787213345,165.00166200615956,214.0932393728023,198.58768769343936,235.1305152242184,220.4247660063696,176.0082235189663,186.0171856173992,160.46009029269976,139.23030278309162,203.3523899629714,224.31294296458384,170.34935487505285,192.17428486432797,169.67122847640653,192.5934064219237,187.5678849995477,206.7967974569977,206.1463512958676,203.7847629624117,209.440970504656,173.36674807215826,159.6752263143447,183.69209263012849,147.7655345197213,210.6907851666266,188.20553442439095,101.04962402016524,93.91545208529196,176.34186212735386,135.35760014171888,179.7608978071002,201.42126693372177,175.56739239047369,172.2756771820389,170.2901842680116,201.6618362686884,175.2165052643027,223.30938116533375,193.81763427649216,204.82835729089717,194.49849119918275,184.96800953809992,194.1397748656109,166.51542847824254,172.1245319431174,181.33856037110843,173.87409825877785,167.89531816104432,177.2312971585906,202.3054804217064,236.583497679362,232.15484694479585,177.427884235017,222.78390298701103,207.5257994724532,150.00715179168566,198.55826717335063,198.2245775834864,148.25464077756124,172.03311556811224,146.8620258694379,194.7035363149272,217.45509926152448,183.95549444024545,221.92361414273245,223.26236570307964,201.7294329921088,192.932449449346,214.84514488106777,191.63970695095043,145.48108811232686,168.7831542129256
193.53161977417236,160.74883129701203,175.99339268252064,170.53935120945704,180.04600107216953,180.5890552268902,0.0,142.33025798254155,193.4274323882593,201.2360471074029,199.32962972052076,194.13147271859424,195.9676949992322,214.00863650603523,207.0326899158407,146.06604782591268,163.8821868950343,139.9350364085582,190.93625468685144,149.2788326192938,195.39398372972371,213.3402288800532,156.89864620049363,153.24478279068524,193.35652515047053,182.29693852562528,208.84059268403269,204.43715786328085,160.30542389907555,236.8077657729774,233.6122123850502,224.3043031214513,242.38620678157224,183.54322021896851,219.91571121835975,180.7569579834748,166.08053884663298,185.77818797935856,233.6706176076516,132.35568150608873,203.7068224800764,201.93711082423755,244.2931354138036,200.21494507434304,204.02189304776837,226.12558392652187,245.49635780923023,230.58708681596303,186.595221887595,180.7520775492972,150.88678379781453,148.8492743783887,129.69148103550577,165.274933172236,197.3918495453268,191.35568833863132,118.71262808688256,173.75504428899922,219.0277221303966,185.46221964676425,183.653067507374,203.92755444218145,188.15767570218557,218.41264450013523,177.1286410618989,239.4542947921309,167.20906830967482,194.20901833388257,186.34914110622765,167.84847914160025,152.59725379321242,174.14173072837653,155.42055674718694,211.7413858419713,147.88624225234457,178.9966962934417,173.07529556916109,218.8562071116378,237.8092583384206,229.95251289051131,163.87343662229307,246.9820594729076,233.31256154218775,173.23204468503602,202.61087152181105,236.45895430574316,173.56843021185554,207.96770405499305,162.5118756007206,213.52665740175476,229.65735589879836,201.84356400159183,240.26583415507025,246.07612185820352,231.0710097169899,215.12940928779057,235.53803752775377,192.99182886489317,165.45436416508252,185.04803233850063
205.49720059488905,140.28093102170834,129.1908753631471,172.41970443452453,162.32341956460394,148.63946367964462,142.33025798254155,0.0,142.15054720451369,181.37315191556985,176.5373317215641,173.2158966351323,161.88345402615735,183.01070548971768,182.97576547411603,165.05509359852994,162.13080703455358,136.64821921577885,186.2330242284016,169.18788147103243,170.84969178567846,191.29184967942956,153.3823139579119,168.0424417098209,214.7685594880038,172.94989817769664,222.0774573902903,190.9620706787141,146.695336795355,227.37375398171156,208.93775629015147,261.6579107414272,263.00098919600754,193.23904014108103,213.95143628398336,204.7195788303281,187.41705240406748,215.7791324302232,214.39492930725515,150.11167052682822,240.65051266006716,206.68610430945907,238.96957729947704,198.5658069797977,237.83958429703557,233.86810025178312,236.6065473830599,244.9572399308498,201.85678305915397,213.862072230327,176.82308775849424,113.93893125679402,166.35851516801853,152.16001890935206,153.8283194277825,137.1423534562525,105.97324233505046,90.78505915486292,190.41509852318904,182.09081451793787,169.49679694191832,180.27236318677976,154.40047788941615,196.6662567418811,179.14377367879243,209.16592616908736,187.28075356339752,165.08629111356362,182.27991577913545,146.3784857076575,157.28987503094388,153.25077252561283,166.17451007573203,205.76414620407155,151.95201792646708,169.4162002883388,153.8850577534816,201.4298122066229,239.0657291858514,258.9156945124839,170.7354632458925,259.10885395146573,255.22846738472325,181.80969060305983,220.5881416804939,241.02641304084668,194.243139387902,206.87913491773577,179.49105907428685,226.65932704464004,250.5831164666999,218.30903457698025,234.5274195854469,248.48876357692225,234.8616844981556,209.5375647166292,255.0681854016564,213.05108181782973,163.12170313564275,207.49582777392112
212.90167904345628,175.429561559722,117.83964135424614,213.4288873051442,160.09681966849467,117.84740691858283,193.4274323882593,142.15054720451369,0.0,148.08278345226154,180.69810427248905,148.57358295925553,135.74004224699507,154.05446593104412,170.09215501055272,190.5718164508112,149.65454526346423,163.6766005669566,182.2310149056276,161.32898383260363,152.1439919731759,186.7173200930776,187.0974520817674,162.79641875288274,189.714473860474,171.19365191842678,206.28047636049664,166.3475354736418,151.50336650314006,224.26488749142817,177.85548212344122,240.75171427055656,204.98584685204327,143.11792817549986,184.3795570593645,156.17596678183028,142.1962928990052,207.6121053044036,191.80994290406036,172.60929738445242,185.25581715693016,186.8718662615102,200.8619514226095,156.3042051497389,230.1353400296088,187.7609491426211,186.53489309846245,206.23983078957505,184.28258582178515,151.24395972239185,221.1103343547613,174.82095277185266,214.9449018682259,201.46893132693504,124.4062055378043,108.3156053972761,181.14518873258865,98.0581820364854,158.29623827452457,164.18226851752007,134.75292872926687,137.28345893289145,164.94972174057392,160.24192061897628,153.936297270639,188.4899398250657,188.8685317455372,164.9575896788357,149.9792867520092,172.67841658744558,160.78653362539305,166.53317461198066,187.6037306636927,172.8863825170534,156.83663548505922,159.1972050332783,146.2061770559751,212.1501542576937,220.24276863220783,245.37541413052645,160.40822078192969,189.636638359281,211.22584875775456,157.6556158022504,197.44559452814767,191.32119880816924,151.8452102392725,162.47891197602831,155.37057258883095,190.31720851918988,216.62920360248285,193.5608007804428,215.642538411274,200.29987199250945,205.87931020306823,174.3230495438708,217.4944465428083,190.8747202227079,172.26001858036528,160.2067884809353
232.8549248489524,200.330705717003,173.3778798686782,224.95408161651807,202.17127016371853,178.69049449852858,201.2360471074029,181.37315191556985,148.08278345226154,0.0,106.67305883525516,125.54703886063908,152.53575824310158,171.88189784081413,162.555598221205,212.10162952795503,163.09598507357885,213.03478952476985,198.8459740331016,201.8694450248949,168.42286656089777,192.0146262636873,199.92076345010844,135.88389698915802,156.19921388325542,172.75020377687082,206.14967927958912,181.8079785421604,162.71043623657334,213.9846341749553,191.35699631932567,208.54920564722536,215.80965039599204,167.80611798997774,167.40979388501853,190.67896529679217,181.91456663098492,191.1745511973764,182.4259552387704,157.94284504606645,189.62239540261825,188.4195561552089,205.83754307710893,187.9817221624413,232.89253614774077,201.0482313235961,192.7356248277331,208.45080247196373,187.8481259169092,188.8657106784717,208.0106846400518,198.66237680274693,227.7605679914635,225.9149402479516,187.51198545681444,178.0964400465689,216.309923074336,175.46833336766338,118.4427915617548,155.86088437465764,126.56993161759247,131.87868775487493,174.17531884864735,177.7033514865735,160.956596387405,190.3999462930161,197.47375410334988,171.3551001521525,167.66828526832575,215.66316031201671,187.2734298604348,157.3681403202896,207.68231850530415,205.47452090300865,144.5678945982882,125.3068477030765,166.09114444540103,207.75956286988455,201.66864184461463,232.64054598526437,163.13963388516692,193.1745894766667,172.06360677370543,160.71992275376022,199.5472164991564,201.42749556641525,155.67706072983887,190.2199023468128,190.4963286737904,187.5553236752158,210.2430271703988,187.42942051330192,210.20889656010493,171.8916328033233,192.264368627618,194.8398961527209,214.3295218430374,200.6044442559008,199.19678340926592,183.8029277933363
226.2984285578225,175.08521835231994,169.80384927295157,197.71750896345384,195.2859410652673,189.31589192796696,199.32962972052076,176.5373317215641,180.69810427248905,106.67305883525516,0.0,117.46414252909211,168.31609174382447,190.6492759295816,196.50693513078755,205.0745128304676,177.14730138534065,206.54943675315477,203.89645647235463,217.9600482696164,193.8460874818666,207.79171283827355,205.14270577722212,155.47758760038954,153.5449751225264,186.5451263813687,225.13811864309616,209.59951523705035,183.2249078072612,222.00646154393093,188.1488556334054,213.3992380258568,236.47728379754145,187.48706450259252,202.0328578697787,222.17863266070083,202.7860149793129,196.84795087816772,198.58045310207223,183.25177312033787,219.15661821434827,196.88601363451545,214.56128811057744,195.290712373737,253.0050397059437,215.26027843411808,216.18714793999084,238.2312833658414,209.57612506822176,209.031438784459,201.0987546950328,179.21303258915356,218.14280545387743,200.24394512770849,190.7100148870267,190.72575320421976,200.5971443407064,189.5606971282828,175.25498306606912,191.9186277808108,172.21738163726326,159.52867368358196,181.31719633615967,197.51689695720208,186.0848837337644,209.69648758086123,200.71197415759903,175.0256260590176,183.7112821983,216.9978987627237,207.4486805667471,164.5585113508934,225.16083552980336,225.3883972075772,184.8731278355721,168.65560258398096,185.6273104987809,219.666000699558,203.65239888993415,227.4260567817861,185.45279744885704,225.2151675434193,204.76500473078283,185.2028761972321,219.3799096849878,225.409381360287,183.59847704886172,217.09277555443748,214.43968766390867,209.3692869158085,211.64526646609852,197.6972987987864,222.7302459222149,193.64070037131933,198.70203402125017,203.31030970482857,227.53905167305905,219.18876592713087,210.8176067018661,204.36135182616624
226.80574839594613,178.67430629085027,169.5690878140083,217.4300607904892,197.2484946847125,175.82446170780162,194.13147271859424,173.2158966351323,148.57358295925553,125.54703886063908,117.46414252909211,0.0,140.18558062485425,186.4296451818041,190.49708459897704,204.11275367537544,129.9931032042477,182.0037678138993,197.21713790585196,193.83015879571545,181.96945996646105,178.00567112190396,209.6472702228729,109.9593782188534,138.30563685878252,126.31281775337312,223.2212917793912,201.0341582228109,176.80742427984634,229.93331641360257,198.278480051838,197.2139655972138,231.6932579087041,155.85639377186024,190.04872164742736,186.2658001895529,181.8363734903415,202.00048186315271,200.68797193731743,184.0093273762747,219.85689499850668,185.24448912695132,201.57130836789048,172.6738015489006,247.9533263651164,240.5766182943125,216.34794460481655,241.25596278806717,197.3585740366644,206.4518345820825,209.3141000661456,187.06152014957888,226.16626316090435,211.14084689353564,184.2965286859694,169.5954603704501,212.71527294154248,166.61395481830328,163.24809244519554,180.27752710965547,142.51855092167168,145.8926624032771,172.39433954881463,171.22735827899746,162.80345267594964,211.57372473062716,215.3535171836377,160.35339096324142,153.83994570172024,200.8098933501805,189.1259398472344,163.948193143273,220.13911627274285,230.6256301921304,153.2459145867834,130.22370422220297,158.76947615854783,234.17419284662375,218.15949286348956,208.89938119324984,149.4362147232197,214.21871574717915,208.8029461052325,155.80568056832843,206.44457894433395,225.34370119907052,164.61982146714698,206.11135439000043,189.16679012026583,204.1053354974141,224.49230181588703,191.04186484272407,231.4686215045818,183.0560738401736,222.56010827783643,190.11869346025617,254.2179649978221,226.52541563475188,193.7555496121529,205.3799455612657
231.9841624856589,194.7101514488259,165.2479826953244,210.79976769112707,199.97844655145423,169.86633109705258,195.9676949992322,161.88345402615735,135.74004224699507,152.53575824310158,168.31609174382447,140.18558062485425,0.0,117.42953609916415,138.49076935011772,198.312584872786,119.8851108679323,186.3389153545897,163.0458161589739,194.616827032993,149.4178164352995,154.1056163766113,202.93440821511984,145.02443172298797,196.42502768498855,146.14221225176357,212.7454559760877,168.08491800041693,159.7293976643371,226.76325152238792,172.7053305514229,212.5377404799324,219.9210473756417,165.383103417847,174.45824092794138,193.86945789691737,179.9119994762579,219.46462986060615,176.37910293505888,176.7429095099341,212.9665198441346,197.1392421430663,201.06989410981356,153.78997828691527,248.5900687879164,209.2018804665932,194.832741350832,226.8856942894093,212.4011731202715,205.18348566232908,222.70806198980097,196.08366807369129,215.5701070750096,214.63125822385572,184.77754878763852,164.63411512400262,206.02867608069303,156.704957293485,144.229396958415,178.28002204720838,123.19244751471746,101.2416922711774,125.3389032835132,120.69109414429892,146.2176634587462,156.39989715006644,214.6739975217204,146.21693468189775,158.812226070934,201.9910295724967,180.7001480557309,180.8308703495582,214.29031904484725,198.2615218865942,157.91319236859067,166.4765390115707,140.13045097809038,218.353496988107,200.78814869557567,213.9368628580615,172.922562659677,205.43837232786035,217.94388323367608,177.45168893639618,206.53021441590835,213.3806104724204,180.08456819767628,169.4108029679346,205.0506785359989,204.3832886904133,215.92971821968223,180.33433753774085,195.3613144599948,194.865686221072,213.0878692369084,171.5184524096454,232.83404502950816,214.8412299820593,213.2720333796497,205.0336776733236
252.35708361309483,224.0795571933245,185.04801616593176,213.27322439629893,209.6622165639648,192.03518336536345,214.00863650603523,183.01070548971768,154.05446593104412,171.88189784081413,190.6492759295816,186.4296451818041,117.42953609916415,0.0,106.6423254389069,213.55386689996567,161.76615294576993,199.9349574788438,161.4761219922906,219.09855456343436,140.10336013434755,196.65177387247823,185.53268921029925,192.6067127652469,231.27029772134105,205.365773198816,217.6503859716935,186.4474861686262,173.51753398070016,225.76512721391924,173.49706671906074,239.2752997312096,212.2708881412566,186.50430962472743,181.46085732134705,211.5900525265948,200.4976320531468,224.88812912781225,153.20926208827444,183.5736140601249,205.53064186641237,222.66482246271727,219.6537011313918,166.9502788964623,251.1333404254989,193.2762110365484,166.9184382593915,202.34533762840204,222.20429167250043,208.81716226985816,247.9815995110175,221.30871732808188,218.52702993722255,225.19901859670637,191.4529671140813,178.73330130445112,211.0385875631956,167.49466901164635,150.18467166374643,166.61061387429828,144.47357296722234,112.94372955093876,138.66268331756038,82.75095263860612,164.7260718380623,112.61994813471703,188.16971770535517,136.05047247746973,155.4227380321233,191.42447583770775,188.1511049358089,189.66247284833304,201.96585669174144,171.9891316396929,173.884608308981,179.61680533382244,138.40260369628544,199.46587360855816,188.4248593231773,226.4563967522189,178.36452124670097,168.68590329393328,210.6006707619649,209.10325921315183,220.84789244113625,189.50928353500905,192.6004349766424,169.15498054063457,198.69806158148907,190.3130867922223,205.08159833370937,172.69489964566327,170.06361753421933,200.3300596747198,208.03529974622532,174.49205613108194,211.3030431981088,197.917468309735,207.61057239373355,199.1936270002772
255.46578557051757,226.0684433876159,194.77977638840832,212.4973535932477,225.2693549419485,203.8122781965758,207.0326899158407,182.97576547411603,170.09215501055272,162.555598221205,196.50693513078755,190.49708459897704,138.49076935011772,106.6423254389069,0.0,216.44511793796545,167.33638791774453,209.4994078817696,146.75481003439592,208.6253665508781,129.4692229578906,174.37979623156787,163.96051989534385,177.40611574711113,223.8404598118396,183.58341507398865,214.23683896881232,194.5094140417545,158.96000465823502,209.9167417099282,205.59480791640112,243.840139476195,214.9753973671733,192.7988400553129,176.29576036086263,218.0170693396608,195.76135489530765,228.80188384392977,170.62476033361182,179.52726898626645,220.1566171836801,218.16842216355275,218.35571017959484,194.8024362218189,238.9738578002393,210.79194011555612,200.27335187879703,211.5911866041421,231.7739865384711,227.90919100495125,240.569287527968,212.642876212788,212.74765508228543,226.05614825868355,202.35627279482455,198.5288237993635,208.49148323938604,184.12343268148908,151.55804555201968,160.719359045828,147.9438683346702,152.70251778615915,140.83168609605772,119.5459393635115,158.62029414162487,106.41832994767844,200.9285893958538,155.71307456662498,175.44502878553243,206.28393479118043,182.0755784299384,188.0662912267672,181.6904422702336,197.83728502168128,165.83287344153817,172.58946557382015,142.74010582010533,179.20721897525772,208.6776795889496,241.9869364109834,178.06258716785032,192.70360490972547,207.7989288684228,194.1412770747165,220.16774645193055,209.5460271380417,196.2589671525842,180.9285774823402,211.6883482400289,193.64564429860485,223.45745496876367,191.56915088177013,187.65679013531863,214.7931113355588,209.18202397443676,202.40932059767164,213.6352622211817,208.00720173474508,227.34206155754453,220.66525181293156
155.91945098232026,160.77488091173174,193.29574238833536,166.52900654815105,163.37913986760938,185.77046579080235,146.06604782591268,165.05509359852994,190.5718164508112,212.10162952795503,205.0745128304676,204.11275367537544,198.312584872786,213.55386689996567,216.44511793796545,0.0,165.18783047530047,131.6478914153066,181.19026955758747,152.51727980442416,183.2111808870576,209.31124418990905,183.7468928015452,188.8016026844298,191.4754094369637,202.74604092948988,229.32117877915925,195.23272875854357,178.51992873549378,227.71204524948047,208.99532831470785,222.8764584074573,197.4603844902494,154.26039639129246,201.52044226665976,203.4586342637348,183.49244699864005,208.52229798974,227.48544658640688,197.56279338439649,215.7580471760716,208.68313210357564,221.2975518241908,203.74070462878552,211.3960478827808,220.924796002287,212.8136544777477,217.1439946196325,191.19061211629588,200.1797418231967,162.64456195438436,164.59485209626274,120.21093873985944,167.02639746490155,184.24521393656292,196.91933633131336,152.5548812891805,185.66191191391783,233.563610600014,205.62043446842023,207.63556308722696,203.88987711763136,205.40551466113527,214.3802643790797,185.17080488011533,229.8011539423289,198.464612830771,189.55157679900583,188.0596511780198,156.09817187604347,164.8278705066688,161.7542171886858,168.95746692872865,227.4871677085046,188.10399102023308,206.537590993276,187.5365178335008,227.316256200758,220.2296934640387,221.06270205234063,179.40089800203197,232.7280233427192,223.85175666614677,168.10053003527588,215.14749745405084,212.81475119623215,173.95116639872606,205.23058730823897,183.16429985727092,237.74575898205427,217.64040953201936,222.49458942231732,244.1273317435304,216.67557386781684,224.23071458642264,220.4387493977945,245.19057070249863,210.66949122382945,172.18012758327797,198.11556847970505
226.2056657518781,206.2065084843817,182.25417348368245,210.0735681171933,191.713357680494,193.484783506224,163.8821868950343,162.13080703455358,149.65454526346423,163.09598507357885,177.14730138534065,129.9931032042477,119.8851108679323,161.76615294576993,167.33638791774453,165.18783047530047,0.0,145.43650942362711,132.68271032318358,171.30428328707524,138.09447150775435,181.4299122794332,192.55105225679185,117.68767821077375,173.7418357369031,141.43670572987168,240.3744129805352,179.62123877673406,147.04744158280727,256.44110158383626,189.16131807264625,214.9183345096012,225.96910581210943,146.25308070877077,186.5367632066008,191.82074070552807,171.77732598952167,224.67404227189505,209.11467138493856,187.4624871017726,224.80764018177013,202.0456885133625,228.5149702393053,152.30848596095245,248.06616461542836,238.169750916088,206.2410929197228,217.05450911731705,188.41753589034693,203.9187489251441,208.1879058904068,201.5605233077817,184.0305371417083,215.7269439081168,197.2703311218963,173.21797503821395,185.33990815422908,160.964106419033,183.47624336956693,173.55574403068675,143.23459960712967,149.78873431652391,170.785316204655,158.8812161427672,145.67237798052884,185.10731051031115,202.59349820502663,128.95430433094694,135.73570825009097,164.3981188074945,150.56679033044537,182.30249304912536,196.24398775913372,226.1390730596688,135.79795356685148,165.66262514132782,134.1696441326797,247.05070896037464,212.83966278581823,218.2492573874044,142.21622584666642,212.7680014016581,229.47902974022853,160.48138582685402,219.04563633507863,212.8720465727364,155.8381870390961,198.8935462395232,186.5788228678277,222.05396883911925,230.3337751411997,218.54772995623267,225.46497269612115,195.83935557513047,241.9795024435885,184.89265986422475,254.0211822548938,208.601510407866,185.04804185877896,195.0386041732845
200.39322851588065,181.80154028067096,182.4665120582764,185.50385842565203,181.55645914910903,191.1414465889452,139.9350364085582,136.64821921577885,163.6766005669566,213.03478952476985,206.54943675315477,182.0037678138993,186.3389153545897,199.9349574788438,209.4994078817696,131.6478914153066,145.43650942362711,0.0,156.1625336011172,132.57548992169887,164.8571852090329,217.53592516632884,184.55059474178853,174.26112883961991,199.4826649057788,184.758940188812,260.3114627870851,208.5449730439485,174.8507030500286,249.6918093180232,208.34613683196025,241.9023105157077,237.7732616630825,143.87737266972448,229.7310993109241,184.38568534189272,197.116334338566,225.87948264164103,230.91195205669464,191.62964420013503,227.5573935246468,224.19351976221148,240.1046853168179,195.31915451485696,236.80660346720703,258.1457166959563,245.00747961730968,242.05092553390872,187.27254255000764,207.47506087519872,176.70731083032553,164.32593581966307,150.33888100938142,184.05277570413568,188.61885528029936,178.14396276667404,138.23322957723207,148.81735579919592,227.87693870505376,188.01707033638792,189.0397197047227,193.8389630232964,196.9741468302965,200.7006972918801,162.41096164188957,222.73355163796413,200.1641470877808,156.4523339971707,154.47625018471706,116.34935232811064,129.31534407996512,175.10170840909765,168.03005913113907,227.25760634645044,167.51348031607895,195.9844818164316,170.24631165162725,244.32034550555656,240.837444057188,243.80224032501476,169.97587027049636,242.2163130819065,259.508578689102,187.4852308338295,239.3775697889583,231.2430481416948,194.50716428624696,228.64935649750907,177.97186199184353,254.01061431206384,249.97024017537757,234.47113871535512,252.7679945700852,244.4841186713696,255.6978617263246,219.39932911917515,268.6286943603059,225.5499087797463,159.19704646304984,202.21916319323293
238.92522694920692,222.4709315903753,201.0863389260165,191.70038104464084,219.23033934197792,218.43144998372685,190.93625468685144,186.2330242284016,182.2310149056276,198.8459740331016,203.89645647235463,197.21713790585196,163.0458161589739,161.4761219922906,146.75481003439592,181.19026955758747,132.68271032318358,156.1625336011172,0.0,178.19249096344848,129.91443363524994,206.5941935662972,193.7264555083132,192.6749483617029,205.4838587139292,195.20714250259743,244.01759192569867,211.0566248900859,157.44591166245397,235.86858858837195,211.34451641854665,239.27087256847585,223.71072945181237,167.9718801224759,221.20758845482828,206.3066154857848,195.8570646249443,220.5556571761818,199.61812459783312,203.71980111483515,230.3783803259257,237.03332180797733,242.74948914476343,195.60331892148804,250.82376413487503,241.17287724193295,230.75682790212076,229.06499067025717,214.4875057850512,221.651719561768,232.24583199979296,209.6319829329966,189.62152026820692,215.7241684479092,210.53738105413905,198.01965007117244,186.45688015868492,182.08822163731872,214.5729709103208,190.8271883085389,178.62694195063733,179.77828696553172,172.05490549897752,146.02894936573142,143.09402751420907,159.915064897688,208.57989120172832,124.56007505792223,150.81641462150594,177.96052101383162,145.22542845002476,212.57515262292952,189.1467135443456,212.1555486517089,184.8730896223227,216.34549476878928,158.44267753056988,227.4929284181164,223.14824392448807,227.32345773564708,186.3710355439233,224.6067519489732,246.8665035263984,214.3538947400625,237.6515626229346,227.06269849875696,192.42234983721036,208.83013797668792,202.34979831928376,241.083567845036,236.81437318027653,216.6768535460527,216.88432634857912,225.20332504139384,247.03606833607316,213.51507612225424,259.13703984703614,220.55960706059764,199.77528658467656,213.31552073611763
168.02802083526194,172.51114668293434,168.79417279622925,208.63125579418588,180.29001935073887,161.38421894801388,149.2788326192938,169.18788147103243,161.32898383260363,201.8694450248949,217.9600482696164,193.83015879571545,194.616827032993,219.09855456343436,208.6253665508781,152.51727980442416,171.30428328707524,132.57548992169887,178.19249096344848,0.0,169.87489494277034,227.7513970921757,172.82478896908106,163.72732726277604,197.6589536077604,182.21754238590188,216.67681737613023,181.12565807909792,142.61601026038562,241.97863228805943,225.37520862226745,221.07771254738685,214.49352753902477,152.15147684242731,205.80276331856825,156.35953163841305,158.01764671814203,195.09370266768295,242.85857203012563,183.39703770389303,198.90079166465844,206.8840461339526,231.69758069585657,199.54035213534,190.1016300945575,235.61965890583969,240.14658818721296,206.03389540171327,157.468179253764,158.71799161232934,142.6949205937967,165.7611420952578,181.2026587200589,207.20070289521624,175.60469113343916,164.01868468797883,163.2088473286299,171.1950913750004,228.31103510333244,202.81105897827933,190.99779445058903,198.34209640909268,203.6578062819409,211.14885131609896,151.47288660560352,224.23776309590707,205.61396403304516,187.38077894991372,160.3101106960685,156.70363631695747,122.48800139235787,198.3064362076638,152.08592641733247,226.6418872996724,167.50388853051277,194.0663558891285,166.8080680656072,244.8139308622007,228.7390996824857,224.6548344505545,158.70901823785718,230.97860926354463,216.4412088509228,162.56887113424688,189.2812457541975,216.7137501083569,148.540114953726,207.55233031417663,132.73088390686868,226.6491680789287,233.88722383773597,216.1080669734397,254.5283809444307,235.33364092094615,239.13278963958052,215.80539872262972,254.5371846575926,192.1110974225588,142.95027858714369,168.74038032978063
237.63962970494893,201.4097654927473,187.9090212503822,188.25010049693992,190.42497192417244,201.53149604966865,195.39398372972371,170.84969178567846,152.1439919731759,168.42286656089777,193.8460874818666,181.96945996646105,149.4178164352995,140.10336013434755,129.4692229578906,183.2111808870576,138.09447150775435,164.8571852090329,129.91443363524994,169.87489494277034,0.0,195.57949482393573,195.09036395995636,155.95055397110923,195.6133026776752,174.1325465538557,229.6155304225168,199.27075707252328,144.93461293069504,229.8987007328221,211.7628388262538,236.054388413472,209.79835495863705,160.98846632916317,203.23297511699087,200.6439613636309,187.79773981780275,229.3118505043004,187.7186613116359,186.2561369262704,222.4326265738704,216.4176260845988,225.194866006053,195.11429807313252,240.8639979537928,223.2161031831407,215.1721454927373,225.61905384637632,220.4400390129329,205.14821183447967,221.0377689142456,202.55255596620617,188.1131224615645,208.85361254017025,191.7476464306897,189.1380536555968,199.98184133053945,174.46654651834143,177.4213748214539,170.52875418044715,156.77206067331156,151.90637821357967,159.82155880241288,146.88188927724423,123.95484860622145,141.49842477827764,208.92225154397403,137.13890246364485,153.59963013133734,186.01814034653984,127.53106766093148,184.96207978041417,189.72483788359216,207.88795855636965,152.72473972688576,189.36133081046728,143.80276472021177,222.57772966532048,216.7268632960129,250.67368401291895,150.73590265296843,214.56317869825943,220.44125674651195,188.8661601986405,212.52635429782924,222.04829080354293,172.97775880406,203.25036600076936,204.36144704793176,219.2915340264804,221.21718078638585,214.24436579141823,212.61480315405063,219.11860728899904,225.14013611904156,203.9303508918889,240.10681271246227,206.20619107929605,212.8220161284191,203.74862729779645
