0,1,2,3,4,5,6,7,8,9,10,11,12,13,14,15,16,17,18,19,20,21,22,23,24,25,26,27,28,29,30,31,32,33,34,35,36,37,38,39,40,41,42,43,44,45,46,47,48,49,50,51,52,53,54,55,56,57,58,59,60,61,62,63,64,65,66,67,68,69,70,71,72,73,74,75,76,77,78,79,80,81,82,83,84,85,86,87,88,89,90,91,92,93,94,95,96,97,98,99
0.0,131.96577660137854,121.21392955870894,129.98837519777294,158.98882347524903,131.54077371069693,149.9495969481148,138.490196482281,149.3507991482386,156.26595939720465,157.38918129183935,180.55311326148055,152.89034343539868,176.9995652411102,190.70773384845447,126.97423544838816,169.79182194564856,144.06354838958947,164.2865221283255,163.05070309487203,182.56874074879408,169.51298903588898,154.98144427105967,175.33879660965005,140.20215238160554,175.0851580098718,176.80342043075154,185.7874901396152,171.0844406986457,182.24903199795168,151.133090375235,132.0408771051789,133.2736308766434,154.26307438890808,161.09868958895697,168.71891883321666,174.15111985138543,135.49469840901023,151.26528284249707,147.48426721943343,159.8821534663105,151.95559507875254,145.45162417377236,163.895585226775,149.58776496809202,172.18763215029136,166.4880942292104,170.33439349244333,153.29946975885278,162.8751412713279,110.52211762403245,125.16957061439447,126.72350640979704,157.7467388022166,163.17095352584732,116.4514231695457,127.03088177834992,148.58178783356328,181.7614275609049,178.22636358433203,181.2997342828736,152.1347304007927,151.48523415452314,184.4970684490229,187.94360782044572,178.3077179143973,124.326831981554,196.4548357258343,164.77774823002653,147.34063012311643,188.00959854391684,144.4468659455324,158.55655659092767,153.6417644482422,184.91096611348564,164.24933163262205,169.37780637264353,179.9090347891973,134.7368396238192,142.6647407288279,184.11180742170453,140.02261217432735,140.26012194384506,159.42374911677652,193.3362573697549,155.47949885390386,169.44765953790412,188.8529776660006,146.6632162540598,182.1789254419912,143.84384982915117,138.99910200464362,172.94359098644065,156.95866582892853,150.70630915740344,155.063103313792,169.9074952262666,161.57168229088825,146.49798363672556,154.97397789335173
131.96577660137854,0.0,111.81202891053402,117.78490855921967,131.70356017562358,130.633451508778,148.6713435775157,148.28758166698535,149.73332507560934,131.83053159493468,166.532102583696,157.6471392407821,132.94766063858867,156.33483581582033,160.96372108115628,136.65709061199703,154.83944034204296,164.40337642387288,150.29251967968867,163.33539198432285,169.37752602726357,167.0971203082063,145.2945370899925,167.66365210500098,131.8008117001193,166.39732652777505,162.26188989423358,145.7683179704838,124.73709997650244,147.64675057816189,127.4787230002858,141.19654301697722,151.2638971762765,159.37443916446423,160.69259538584754,155.44211466363677,148.69215166497176,139.40006438819802,143.80584303980103,137.28646240461754,152.89729995442872,135.28221797464585,150.30955700805438,138.22662429656714,159.75579889108383,149.25314778271513,144.18383210375015,148.09733015611425,145.2959883167514,141.91771686733446,138.16056174993983,88.83826397683009,138.9093539867416,142.22837266892137,142.77855661112554,143.54978698030004,139.0687804890833,141.51858936591574,137.1374102295586,166.32767427639936,153.74758581781762,145.97516896426615,138.67044071686126,143.61876704635006,166.085838591992,160.3121695591551,139.6374515358696,153.08410301786645,165.28631427394038,159.8204046965843,157.18592037348645,148.48907447772072,153.08916228414708,130.8566866824655,170.96072816550787,155.0478541248031,144.52523708373445,141.09521228534956,143.69480312337987,138.62344825427638,157.847698378178,155.17303366762707,147.8823808059854,165.92628915227436,188.1558877464813,153.85228551873058,148.7670161713104,161.25797741229542,151.31178856538298,172.2977813641061,152.70718562597045,134.69165184998795,135.10660198614676,145.9060617373553,155.57995798093816,149.79222744258425,162.51349545673094,165.30827284970775,165.8009590074758,143.57612829461635
121.21392955870894,111.81202891053402,0.0,131.42411426705422,145.2362183941293,103.01626128393256,125.53151682506224,116.20219893642712,121.78490613120944,154.88138623712425,160.18166478234195,156.43988755606276,145.24427000654953,162.2008748575983,164.08204256965536,141.15151121743654,159.0136090222445,138.4199275834952,148.55628331521393,150.1238150605319,162.4824944237108,156.29089094476984,139.8966773724136,159.0638097526329,148.46322129125616,148.30548179770182,163.2343325202546,165.82954469347567,162.57924813129924,157.0358678833893,163.85306853335032,167.35002004603612,168.24472551621858,152.70251517305928,158.87124698127576,145.1049478244595,173.05902587371705,174.121727242333,162.63730839920197,149.76533920884594,170.26480308339956,142.70780747279295,152.37884159724314,161.625006255237,152.990162529654,175.44924505437262,163.99349891753602,166.78441581501272,145.47574756008672,162.78903262959656,145.42293593769907,96.35097614586898,125.28878036624349,154.161735125233,131.18898793128585,98.69328994213532,108.22126007379477,117.57382062502784,160.38065135043058,162.7180366655967,147.65773675276913,140.72687462887916,129.8774482635569,143.76919022058686,167.87202569928166,154.1337914602238,141.18564467743315,158.04161136903173,130.27007583551455,116.8150126108872,158.5589928543382,117.4887749328117,130.78382609402027,154.07589091754647,161.78645930493633,149.5564038168054,149.66393688244295,145.13610668130747,160.9590161453213,162.3570666479277,151.08531710514882,162.1699748214226,155.33310885945514,158.37781860233454,173.5097562662543,155.57979756278002,171.18395492837365,177.4021638015351,128.72816878748546,151.45074648150927,175.4623404353502,159.85665292239946,170.27823977875804,148.3602354294904,128.42916962658398,170.4066940409282,181.8780185235161,170.9299619525357,142.91272423585335,156.64340902706527
129.98837519777294,117.78490855921967,131.42411426705422,0.0,97.80981884981428,134.9574984641272,147.29707418918565,142.8106387666087,143.5914544965998,123.1751895679843,148.13946580646774,154.01328748211773,132.8929665510761,135.28769030068284,155.14419653586515,139.6505424982432,147.73582382529435,167.7950083216014,152.53719832252625,152.63431048033948,149.1008804765863,170.90239600497307,155.9792824913958,170.01590577718605,151.09573003769938,151.22136881985892,163.4734860221168,154.02373737949785,138.6161271084299,143.6063416277113,131.06812572878005,127.14385700632624,134.63711639725005,151.08343722569722,141.7949839004408,163.80700741035076,133.57294460523826,154.4322056398173,127.85932018237452,127.33502354118713,128.64097636170305,127.50042993077714,146.16879255920588,140.49955163169273,123.93630968826324,153.8154937740107,141.43195184055568,144.83570839674638,137.26740942308845,135.25107154588198,128.1708093469345,131.63000478351407,117.47749857679273,107.19437080892529,124.7661927958118,137.62975902598637,137.60628230268546,145.9809103526493,145.55146437105265,160.67170830401906,142.9133150001847,126.65850053844046,141.15381480724014,152.79545556335154,165.72708537475313,161.1297048001718,121.63012760502905,153.28444550816158,164.06779962275118,159.69194539962953,165.51621712419256,153.6375821938371,153.92841182295007,137.3721376171503,167.8896992337602,150.98787103612446,151.70506867055298,158.58523140378395,130.98526100319674,127.81989438307752,167.01120627848917,142.36737331697344,150.32519427728556,147.0189260005787,162.07131622535246,140.82299074844605,144.97274296415128,162.71620982838107,148.79398708980892,157.97011679105944,160.54953120313144,140.18862392269313,149.6792621963673,142.92944929327288,135.41067110793284,152.59604095812318,148.53627110272527,145.92822308561838,150.13321193520136,129.47490169652755
158.98882347524903,131.70356017562358,145.2362183941293,97.80981884981428,0.0,150.27184388084652,158.68401181414004,150.04611303075183,134.23926196538463,131.36362401458342,148.5171535451488,142.42764687215117,118.8841716886986,130.3782441746475,137.47491139567904,145.82879908998314,140.11840545417886,152.7199115362479,147.78828541849373,152.65669970174883,141.40109369475758,148.40193955655758,152.37932105946743,164.88954960419036,151.20677756354888,134.70608114689003,149.5416658415545,136.71387956516918,143.4292388901884,119.772459006123,141.62055957496847,147.05241613614876,154.23875917098823,134.91050690868423,118.26413925020336,142.8627805898345,131.4101434183533,166.97252077937526,143.58456454767816,137.96198089045623,139.63758592286263,133.53532956855528,139.65077309779474,143.9199439645115,135.89742924888915,143.62917712249987,123.07532548178833,145.6134082577533,146.98712905655196,140.32142381819813,135.7499822421966,134.77992534864964,132.58848780552228,80.97232417781008,101.53475115773392,147.48540605312223,143.54256578771253,134.00317165850927,115.05124086657584,150.58783229455466,126.06246873801216,116.30458682821568,137.0275488610236,132.57320817200272,143.7524972993124,152.58940968021616,149.2560453492697,130.53773531096482,150.96574803297068,155.27395098347972,146.0568343186755,152.906806928777,154.16133474349903,146.19220596439985,156.81738176394504,137.73828084253935,150.4154373534742,144.1420820021313,154.89133546292396,134.72614475106445,158.09565972931838,139.70650833243178,153.49469605299544,150.10942380438405,148.41587016044065,147.2449420545048,148.1169636337146,147.46146496121443,151.5098637544059,140.2524373411441,152.5064494462838,156.31798279230674,139.78194502095556,153.78757118182494,134.02697659031827,154.32176220512153,148.88764625514318,155.38287746084774,158.28096971265364,143.18639714053944
131.54077371069693,130.633451508778,103.01626128393256,134.9574984641272,150.27184388084652,0.0,121.98275909695856,112.59172960877488,95.86705473971156,148.76759289066405,162.03971480216535,173.6881511674337,151.72096816628948,166.39087579533202,167.90626744890767,119.19549060939828,165.60569295344993,133.41721787720508,158.46134698619267,158.357437688277,183.92109903096832,162.29584837570889,157.58020305206702,167.2283118663188,133.56466089081658,163.7086199260319,167.05136279653908,163.79903993019263,155.36122545995124,163.98773257276423,151.512497431217,141.14939921893796,143.6956731254656,142.61230215923135,152.51390981898976,129.75079927355213,155.8946490988505,148.9983728190093,141.61620201922338,128.73290784791425,151.5682324769328,133.39722811793146,147.6042772047024,148.77540489501163,151.4239733183218,162.26444980324493,158.87387140761672,165.97674441902552,129.1174162077121,152.47511403078045,134.11769010158852,116.69281723078726,123.03349679787712,164.6382252021512,113.87261059092906,76.90596376344115,101.76799452251048,102.8012300144658,150.08096153775756,165.99808748786995,148.57824542245845,148.3913343379187,119.39604631241043,167.15078441298004,179.13456149007231,152.37212301711864,134.52443783552485,173.83782641903457,126.15242454674822,131.0971626191046,183.56193265924685,129.2559814102031,145.37918818225734,142.2833884186761,158.8208347139499,128.40291559249945,142.15967621690186,158.8516709801214,138.06306959718518,147.35253616206057,138.01188179024123,144.45442924655825,126.03815558864343,115.9095618713004,157.83423186994582,124.80901796822086,158.58383572888215,169.49763038231848,126.28540955893467,144.8955791848697,168.53161188568458,140.0965377724496,165.6310755760652,130.18390552394447,121.41073540320107,151.35203865360546,164.05238931562684,149.51130953363491,138.2084590905706,155.80790235241355
149.9495969481148,148.6713435775157,125.53151682506224,147.29707418918565,158.68401181414004,121.98275909695856,0.0,103.59880615740892,105.81008217624417,123.81944490175644,130.53388634110345,143.620375453569,168.49647215966706,146.83262724665246,153.03286428697618,131.1504897034926,134.28370417564875,111.22335969911518,133.44843310487855,102.33335645614068,126.3025157615665,139.55310474291673,141.13742238688076,104.62411679009506,143.67884183174874,137.96904393357,163.1883314033636,165.33667923725864,123.51896114242004,154.63272262520547,177.34519094475314,158.86123784138852,169.33671127439453,149.7385407778104,165.29191907156397,135.56297163381387,169.46635187167146,160.1841729314661,171.462820880712,139.28659856122613,169.44491662920387,166.68961134177383,168.9853225213971,169.156160050097,184.4391322143668,180.68534967333568,181.5172231952236,176.9362687762126,147.7414778222271,169.42190178331893,130.4183525292683,130.7371287529798,126.5707976024712,146.5917161121045,127.641191132833,113.05872951590764,109.0381787623584,116.55561893404254,127.28008291434698,137.5280645740367,144.27447145827398,168.74999665221077,152.27798390146847,163.57891996059593,149.50072363115163,146.11688758187697,115.36888641594976,147.25854687820163,116.3976313188984,106.7267523125608,127.38534590373602,111.52649593396798,129.05670241044794,127.4904463253824,105.5796903550816,125.25121973576964,101.22786595736515,130.06009620071345,180.04108774975066,165.17368635323703,112.39975906210758,169.95015206247956,157.44780229514635,150.3561698862353,152.7811249658619,157.26419469344114,167.32075596558147,170.15888515600966,133.43592866224117,94.3187859690025,167.75818063372935,171.15253269205868,189.7830460950092,160.42254860037116,151.27340388267947,168.6868865270748,175.3974578678359,172.09056384512274,157.19367350845664,179.0405953416895
138.490196482281,148.28758166698535,116.20219893642712,142.8106387666087,150.04611303075183,112.59172960877488,103.59880615740892,0.0,76.5695065105647,142.21672254642516,134.8018762614331,153.42348972745322,134.42570673995448,152.8643804197733,145.43620895594435,151.97097204518332,161.54004869629085,117.01101420797026,147.25470828825468,122.17853075466888,132.90429117881615,153.1869478986526,141.24193913900467,151.12083158770128,144.0927550707749,132.98458670808878,173.5903042472821,179.02754706143713,132.72129226173763,153.49037152720734,189.31945720566628,189.7227517343329,187.6353826256259,151.74438879959808,158.86573272190282,158.33211940777608,186.5107456403071,179.65777747475315,171.93248607320857,141.5931471157557,189.38736310441791,173.07400888699658,172.6859448293958,188.12268372914727,147.0093803509126,193.7702268120951,189.03509590927047,198.57167377569945,173.49286511712185,184.00300616179,121.61526288227788,111.72259131151507,109.2639459891266,137.1779312836804,129.80307732781296,95.11015081605754,57.57300790035697,56.43463959279943,146.3172100352893,148.85124023657085,135.41479203078265,131.50060033646304,121.72274371766524,176.97834973122357,147.05199298445973,136.16092353335293,125.94616561742356,160.52217145185762,97.05036054823066,103.7169682333755,136.69423310655188,104.37862165711915,121.9825034647712,140.39045245091788,157.06261411545685,110.56984448689283,107.36336392802372,148.94077088502115,167.25611625700964,172.9534559295144,142.14155517856614,149.5654896681237,143.0116848316079,131.37994892246456,144.2091066087433,143.9547711926769,173.82649194735376,188.53100880837405,129.6665320719602,114.65248875614223,174.22386434965216,164.76157376156516,163.1838600190092,169.65161165901998,142.93169224707628,186.7596341739356,176.43915699346013,184.15839463022135,174.5642550931168,174.73752671197798
149.3507991482386,149.73332507560934,121.78490613120944,143.5914544965998,134.23926196538463,95.86705473971156,105.81008217624417,76.5695065105647,0.0,139.71869723237774,141.5668174376932,142.57803214735463,119.29122747469876,146.9360703546085,133.35969945244364,156.31722227309632,141.4864332153298,116.13985834993709,141.33192254084503,110.25066708952102,142.92086839006373,142.65731577675965,133.45377872763402,137.0363415866303,155.15430097114307,127.39249335181032,148.47372388495688,157.08600499766217,130.05003099988514,133.72472546542775,178.01106887911016,180.15775101945505,182.52473220423863,142.0708718498824,139.19864911683698,130.72400229509788,167.88628783797182,179.13271104948558,171.16848784611153,144.55611479438895,177.8726893163443,166.0157914444583,169.6932237659532,172.33821262327118,142.65892481890785,184.87767386413464,171.3037787879377,182.2984254291788,152.0002052693864,169.8214536101407,122.0328567713448,120.6760537638306,118.46421606774972,141.59129117792614,121.29106723310642,85.48055213887383,83.13070772817719,49.65555725555396,122.76468169557369,148.31105046245523,111.15998049940129,118.67192451455368,105.34555870398486,162.7695591858617,156.94442609014646,131.41745411322535,134.15365465025957,147.66954091671968,104.75048978454512,111.57124804111707,144.5749503377526,99.291013693502,118.99656691219884,148.09720091736406,147.57888688208902,118.4988015161899,99.43390735127628,129.78526324201482,164.83284158145034,164.75965398352355,132.99193246328838,150.14957775389558,140.84367489343953,127.9833391743953,132.70562162730957,138.40389440022892,166.36728088687363,173.55494866922544,119.1765898220877,112.62482603197668,173.4908008676102,155.92440278314842,162.68367795059973,166.35472126091634,138.0843262499659,174.35334042858295,174.9948476382429,174.49910307756676,160.8982662501946,174.44638959968142
156.26595939720465,131.83053159493468,154.88138623712425,123.1751895679843,131.36362401458342,148.76759289066405,123.81944490175644,142.21672254642516,139.71869723237774,0.0,103.1116013460537,104.6129267403378,139.3091525249366,115.54763755919814,119.08803235667668,141.54602721292767,114.07320133749464,141.67003762957924,122.50142014815776,129.04488646611358,122.22291435918004,135.2057136437101,139.78026599668794,105.67805256660048,108.2368728254038,116.21563356770508,122.91663890334584,135.16467359023068,110.05721758724772,120.8857312725534,149.10473418686445,145.93329871792986,149.80611593929956,140.75031476250183,136.21072154236677,157.22316771742945,135.11834975886552,150.52255095813538,154.52345938557963,114.70376720291918,155.3948214379782,134.4221108446846,143.93553770268392,151.58244577949353,157.4689127482198,163.65855606189868,145.25442353058818,142.65270466013789,149.92630682757485,157.0557301163165,141.56917906604366,136.59244727566892,151.28143625686164,131.7004755244268,105.81025251357856,157.9044964612654,146.28397440093983,149.50301811809578,81.65130434563227,97.99888341420704,106.3853651777352,150.54676583821504,130.76997747243905,132.68396704997377,148.97735881979452,128.1824567497789,150.59746356822671,126.10948553165964,152.81094258817174,153.6994309097067,140.28259701962847,133.38793448350134,132.26195961683172,108.23597001471416,121.42967526981693,102.47060944130766,116.87619025021166,121.40068980255494,164.97356458645163,151.8444605555973,136.16591896196215,174.87454588466267,167.77534099763136,147.85744554144804,147.51764021705176,148.14494746768162,147.8213088323506,141.37452676151352,166.81682308124238,128.17581685387145,167.23166550227083,151.08956160754508,157.34872016008146,137.529933138746,142.82498711914454,160.6001449672051,166.51027226363362,152.959558209419,162.97194247839974,170.2175402588244
157.38918129183935,166.532102583696,160.18166478234195,148.13946580646774,148.5171535451488,162.03971480216535,130.53388634110345,134.8018762614331,141.5668174376932,103.1116013460537,0.0,112.1283426109147,156.20407965543234,127.15132012767424,124.47306232733708,154.0285937891404,150.75161674259624,146.66101872409263,149.38581391573672,136.69809184212014,134.78179360075347,132.9493501825344,156.04862281694113,124.18681473057708,145.94660625504986,124.74729455923932,152.9289871320845,149.59232907666254,131.07354884846478,143.9905714106955,174.80962922305253,166.9210078948636,151.50705280960543,145.4978304104769,144.9095487860695,160.61210513243523,142.2176325630125,144.72298633359446,137.65641010988784,106.34867392518456,148.03488852123337,152.6624789520431,148.9716248109986,154.18489681545003,154.63381518380345,156.9800389600068,149.4313397774744,163.89125824130895,146.84710138667185,150.063039961058,137.83468498497933,158.54402708820214,154.46078137717524,142.59498121573782,116.05533655737894,148.76430352653568,147.4052347250816,140.9035278482134,125.16187844525057,105.04205578749225,127.78676784956184,158.0446225019118,149.23419359456398,144.1807341759415,142.1086703792214,123.58167087959792,132.5187377917561,134.75266714742733,141.2287508994546,153.84166505068362,148.15466701375473,137.81943934590535,142.88471020173407,90.52105400648318,132.16622003546473,143.6992895142335,124.20627318066408,142.25965912838478,178.40435350236277,157.74282595286775,139.9166836295376,157.26771515870092,162.12253233647283,141.510353240195,149.78625781955697,132.59603725846736,143.06784001028058,141.94081520792952,156.47285788592364,113.83488228813049,142.59156659991623,158.36351374990412,157.1059694057799,160.05676483598205,153.35411964535385,152.72048363532997,150.75551877885502,138.35185288876426,143.88478106349737,154.36037477635796
180.55311326148055,157.6471392407821,156.43988755606276,154.01328748211773,142.42764687215117,173.6881511674337,143.620375453569,153.42348972745322,142.57803214735463,104.6129267403378,112.1283426109147,0.0,135.12793888709848,100.07705889706492,88.0992742683232,172.6291592775898,75.75136306416339,138.5192822630055,91.23873137792046,140.72679408056624,121.16117050574135,105.99460206283705,110.51273360294115,83.47271765725901,150.7883671483093,88.4131635813988,121.82246503909884,128.53493250986182,124.87046753817268,102.9942760178778,178.29752502298876,175.27715077514375,172.17213210782324,138.06241423743154,139.6643130533941,165.24976375194086,158.87577787140026,169.41855027259413,178.37436769053906,144.61717600905098,172.218177608051,167.01317496692363,157.94069543400235,166.34316995973955,173.95511934200363,170.6616560771928,151.41698154938052,162.81750225926882,162.40468299906755,165.579988471611,157.06039105684175,154.187227513339,165.02445296330822,151.89654537915388,120.06363246664142,168.2761284168489,155.50212110337225,152.8213172524296,106.08117021927674,100.05134945910488,84.32171497119195,149.98981911499624,134.47020496861796,110.70021558648124,127.98993053979132,108.8174165416872,166.30210910924927,96.05979972107974,148.8836850871911,149.03336637045692,132.392326026484,124.02212325894034,101.87911188668691,125.85922804690028,105.254150006183,131.96931950930428,125.7080261206374,94.71748195156576,191.3044568815182,163.0842810356711,130.1342695789866,185.3323010188228,182.4821186652108,173.0378206704229,147.1098078033133,173.13308559831663,166.43877142120652,144.38017750778295,179.96384224997962,122.9715771956781,168.00023405398088,162.1040464006139,167.85420769623727,176.99789684633834,153.23954116544544,171.39590468603848,179.4989413377731,172.33186741419223,166.40252675233702,180.0056294579514
152.89034343539868,132.94766063858867,145.24427000654953,132.8929665510761,118.8841716886986,151.72096816628948,168.49647215966706,134.42570673995448,119.29122747469876,139.3091525249366,156.20407965543234,135.12793888709848,0.0,131.43489609068098,116.53882647986892,165.33949577002693,140.61278103534698,151.5766263262746,141.75562089479456,148.77170478876192,141.78028087455857,144.37906690697994,124.98062239571308,153.91003909563898,157.67470842759263,137.05573843194043,142.24420479718722,136.3093947480039,124.34241661928148,105.9354208861979,168.2656095106605,168.19156829435872,177.85871911660854,149.8077281079194,129.91880398699632,164.19818523246204,157.84810037678784,167.84140151614608,154.61569828225026,147.28074931182155,156.7338672206424,155.03007146430576,152.14694028603338,159.12051453210097,138.15292886006466,158.5946555187943,137.30108398356657,152.65296163901047,155.0512537504918,152.5956765935399,151.946311712162,130.29467198880215,157.84386881215704,120.56858231599664,134.98813354731024,149.67948955906903,135.81080152998308,124.43148690489063,124.51573032699008,153.8917733560582,99.68107114431194,58.7034013648351,98.64666100125038,138.84668164262564,152.52372890470554,126.61188049583708,162.00180586759112,146.86304197109592,150.36930592863743,157.08881368898437,136.3113921500885,119.63338256204568,133.61583584717897,154.88806511403868,168.84629446152286,146.23603830396632,141.8188012435431,124.49677395427956,172.2535829200848,160.20679666224322,164.5110343465883,150.74693411483392,151.79810754892492,154.81212099451167,153.9399732130839,151.94394935252282,160.26568698161958,151.67132568041637,159.27261558593304,151.49371252381098,173.95743318872383,162.170892568878,139.45441370294708,165.32368295242983,145.50634153856737,171.21619179126307,160.842912787295,168.61816402582986,164.76207927752876,157.91254662054192
176.9995652411102,156.33483581582033,162.2008748575983,135.28769030068284,130.3782441746475,166.39087579533202,146.83262724665246,152.8643804197733,146.9360703546085,115.54763755919814,127.15132012767424,100.07705889706492,131.43489609068098,0.0,87.43115025780233,163.69814797285764,106.6768268571508,151.5644406308014,95.13699546196108,141.75516076144572,94.5129366424949,135.39628096804313,113.96594609085288,122.49702321666076,152.21168189942122,130.7135908082932,142.60647622423934,139.55163555741703,117.65454077650202,112.27403794270175,160.8163906713756,149.5702722530966,151.86144675335316,143.25000159989332,144.10488739149508,174.44316910525265,139.79132020714297,156.23361880955557,154.33475008224275,134.619122676111,146.7379503636334,138.46607905443767,147.8820549509942,157.84408750653026,159.77775563686336,160.01499154625907,142.17977171230373,151.1730193537408,165.16833492667342,153.37131807979807,154.92634164671895,161.31485333646071,158.7940885686128,126.6429697252466,130.41318767054727,161.3227618945794,155.28892260786404,144.1025127111733,129.2388301194482,113.05413470212407,117.0523235602348,138.4152683512295,140.0061421127259,120.36901911209716,121.52919809296714,110.21125424006333,154.61138933154322,100.86744991840442,142.6824399806407,148.80943671274338,125.09474126324233,138.94655318269105,119.50550380129305,144.79165670580466,130.2975429579241,148.9007653751239,132.66149547811713,120.71881733307868,174.6808486775743,153.43340128433198,158.44315945098873,158.36076694266097,157.73982619673296,159.4505324174806,153.16851582721134,153.8062039361236,145.11771982236564,147.90149229315955,166.96451345057963,137.30184994094364,165.74213958532437,172.0907245560861,168.94635534724807,155.3894182020052,134.91898957535398,163.37429594848282,159.8329217618078,160.12036666772968,163.89086022142806,158.51567167387216
190.70773384845447,160.96372108115628,164.08204256965536,155.14419653586515,137.47491139567904,167.90626744890767,153.03286428697618,145.43620895594435,133.35969945244364,119.08803235667668,124.47306232733708,88.0992742683232,116.53882647986892,87.43115025780233,0.0,186.130016343313,123.70092896342314,142.28880046359933,107.19160399922892,151.36710814849454,105.5673329436218,124.4903397769222,116.20672627207873,115.32767605692491,144.03471922060442,126.26226071084884,131.58205483866348,126.24270259553552,113.09709135810438,96.7701531668298,179.20793019269686,175.47361803394105,170.96685730901834,147.7156692277505,134.40248572053008,171.7151484674735,154.98196998633685,163.02255546871274,147.8722820642716,133.51376573702706,152.93646361763572,152.64735649540873,148.40892721806046,148.7049792972311,168.71575883269452,150.4122526692179,138.71167041710285,158.66292542048427,175.16777384630436,157.7124242922282,167.39534602032177,150.3728588177417,172.36359768833387,134.31034319042692,116.75955067082108,168.7840465616336,157.69990509829657,139.2907426092067,106.48104405338364,97.6961779536616,95.55875989043535,134.55694010736323,107.4656567445534,104.24867335595118,98.8384897852924,62.259929894870936,157.97342526082474,111.04964989183574,143.47121686456205,153.6779667833255,113.00120306388212,121.7082058793432,101.55055333969278,137.05219648422224,141.7168833237573,122.1791656857488,124.71869832881409,108.08424426683324,192.81516598789784,176.26024765323237,149.46051775379135,168.92410378772928,158.87614278845942,162.38462561523878,152.36893751947397,153.3232082222009,156.19295371910744,145.52015681878083,175.99385286432397,134.29436258447126,163.97943258312304,163.75917801715417,154.5829959132771,163.01420815877037,146.64361647236615,158.62668104648245,150.15865350909897,169.21514867794895,173.9505012695618,171.40051865012177
126.97423544838816,136.65709061199703,141.15151121743654,139.6505424982432,145.82879908998314,119.19549060939828,131.1504897034926,151.97097204518332,156.31722227309632,141.54602721292767,154.0285937891404,172.6291592775898,165.33949577002693,163.69814797285764,186.130016343313,0.0,153.20639779245892,114.9081860102908,151.5406293448707,162.76099473655142,180.5103543043498,132.28133734323237,141.92049806708064,159.76515167720095,143.8563385235616,162.4750308196496,170.2824879977909,158.02961227130976,160.9116272460708,163.65011171785227,135.08679778992598,118.90130380962538,128.3345165785184,99.90999802397155,135.1589249050922,126.97660659163826,155.51161957548197,135.640941316824,145.26839603149512,133.92877504445912,141.10538852981358,132.35190873792675,120.76757477491432,156.74655476241114,143.055234002053,151.94414225869258,135.21577343297764,144.21105802872927,137.894245928205,150.47423708638604,139.6202516678528,139.61967597327396,129.74509196790606,160.5271878595064,141.25625817847293,130.52109162471902,136.62128696346164,158.79516678642398,166.6969510023831,167.5971552940809,170.8088354662454,166.24718604176084,165.64006877535678,178.89999975476815,193.9656948010285,174.6880248786279,137.1604388139371,182.65833029686016,148.1324545544199,140.01698770837606,182.2896314515467,129.36852144350556,153.98841707146966,133.98842816608698,150.01791313844586,164.36134263324547,172.02909866334403,155.2962625426863,134.10099913273982,150.57094556603073,144.6762737669003,151.1562698005859,127.18376393150706,132.16578491721998,188.20180346916013,144.73723249914977,166.17312043370396,177.3796305044905,154.0533183241584,161.23363445847477,161.76735256205,138.87313908988784,172.3378397702441,142.7615715787656,140.0260042379966,162.57861068110313,169.1667627478178,149.5693359958329,142.5352212401263,157.45313836521012
169.79182194564856,154.83944034204296,159.0136090222445,147.73582382529435,140.11840545417886,165.60569295344993,134.28370417564875,161.54004869629085,141.4864332153298,114.07320133749464,150.75161674259624,75.75136306416339,140.61278103534698,106.6768268571508,123.70092896342314,153.20639779245892,0.0,135.33820210194963,66.55465883061356,133.90144318154086,120.75566317238793,114.70007298005169,101.6101631910563,75.4210855932975,163.43102779906502,106.5067274436022,125.04589426861205,139.07387779302263,133.73070254217183,117.12580810298422,166.27098225201627,157.2798293732101,164.4726362662889,125.94188837848186,141.30394900938222,161.79510667277788,166.0722183247997,178.41349205792793,196.8847297952124,172.68540561988385,180.1807669463869,166.54500819261295,157.89332848860812,178.684527859873,173.35169809451594,177.07937031163883,155.95154495682263,159.16024944840956,166.43332830783925,180.52926155766983,158.40729695426626,151.21619239496067,159.75801808117285,153.36041431175184,134.06527413707806,161.84981778288298,152.12650898922567,154.027880178717,121.93235793841782,130.72765774935738,105.89987466124276,151.11317899863428,139.21828205015328,122.07878629636852,145.82936562698166,134.97001047098038,175.67353937136926,106.7795895117703,158.22536584616952,147.80975450003103,139.43061969966436,134.4245409991634,106.36468986519311,150.09246316572649,101.68367746516958,135.9812751613956,127.64042136074944,100.77243087643252,175.41322648926666,159.26631013583616,132.0032957808697,184.10129977980736,173.27117426691603,174.81242279517545,139.60696253755071,179.78602917145483,174.82884098397932,157.338240997343,181.0436307838316,137.70145588876366,178.56075744561406,166.49770254764672,185.14924776038004,175.98873225729855,148.92195342290526,185.63014414975092,192.9746688475855,181.9466223183776,166.67075045444312,190.36268258286623
144.06354838958947,164.40337642387288,138.4199275834952,167.7950083216014,152.7199115362479,133.41721787720508,111.22335969911518,117.01101420797026,116.13985834993709,141.67003762957924,146.66101872409263,138.5192822630055,151.5766263262746,151.5644406308014,142.28880046359933,114.9081860102908,135.33820210194963,0.0,117.4189764663144,113.21791971300726,138.1643696010098,113.01026531780306,108.13420956956242,125.86532131486469,153.99344403225538,133.84057999456,156.35154640482406,164.93141420981232,154.45169070016718,142.293558131832,177.4985144954743,175.09149487036245,182.6248845671841,100.04683248211224,142.21984684757345,122.69050044548902,179.11767295764105,181.1838111249,193.81920266260445,164.45581672022558,186.48267784948555,166.74070890510498,165.28720817140007,195.84864340081995,161.78585706333334,195.13896945359716,167.85710704790995,179.9000776551461,164.67498761717115,182.49344098703995,143.37039681317043,144.61440066396247,132.09417060251164,158.8727096168504,140.59576458641928,118.15140480870072,105.35826119059246,121.29453302495884,138.15645335121766,145.48579242581346,133.321621112941,154.86306320449356,152.67336074172798,162.43742078965738,147.71405912377105,144.7487842994039,142.13287140614182,151.7823183651535,101.0637980264401,75.87046978335877,131.2672608790882,103.73379322781317,112.0917743275856,151.9331905357206,131.6364172189293,141.01790846044946,137.5460883622039,112.33599274979042,168.01308337046913,167.7768808887737,124.50488287094674,153.39881711600296,159.00720054251545,155.07646303163534,169.79632763090206,165.24321974588264,183.72939993548056,179.7380746859822,132.13926651609958,133.0407759273027,172.5704634915045,166.048781887735,181.6806095819545,168.11357361051586,145.9871824936139,192.6698141659105,192.46017970802316,174.37534739842312,148.2456194302331,182.27280131355184
164.2865221283255,150.29251967968867,148.55628331521393,152.53719832252625,147.78828541849373,158.46134698619267,133.44843310487855,147.25470828825468,141.33192254084503,122.50142014815776,149.38581391573672,91.23873137792046,141.75562089479456,95.13699546196108,107.19160399922892,151.5406293448707,66.55465883061356,117.4189764663144,0.0,144.6007091616798,108.72495024444476,130.51584676333363,86.56638572583495,91.03999757884226,150.06243380503247,115.5396477003199,142.56070598744424,157.80511129106563,132.5067795536827,121.82741642257228,174.9910495521106,163.34924436219848,167.86426334834948,131.0478954153033,161.0695698072666,175.90690169900358,178.0568788529219,175.11261555289553,192.75325757742985,170.44670730268413,188.89050517902888,161.1173462072291,167.3508246833187,190.62848070679328,180.4434318518775,189.2372620760694,167.9613362264625,174.21295039346944,179.04399083591312,184.93966475207137,147.45310349466948,137.38301986514648,151.82569338703786,152.7576212854054,139.35953834929566,148.83981482334207,137.2284993036545,145.7626861085185,131.9226740056783,125.47431690209902,111.0280991092254,151.36044759273835,138.54517132857927,124.07313160755729,126.90677877227408,122.28826612243128,161.27773081854917,114.18196224916912,136.7734385199712,124.77894997078982,131.9466716749072,115.14471413111475,82.15477547668901,147.09103298612484,116.04859384082252,133.30068044766483,132.4098677825763,101.0768012422815,178.991175938683,163.648571826627,141.11810396888052,175.02247715077618,166.28958158221917,177.2304944417235,164.62433244009782,178.25998635681356,174.72330549939707,171.03065387971003,183.8007468562334,132.91072813982106,171.3178349226722,172.64534146081508,179.151502096715,174.6543195109406,139.21366619288276,189.63036977232875,190.8033519421329,186.38504338042247,175.45539313828976,190.4346415119159
163.05070309487203,163.33539198432285,150.1238150605319,152.63431048033948,152.65669970174883,158.357437688277,102.33335645614068,122.17853075466888,110.25066708952102,129.04488646611358,136.69809184212014,140.72679408056624,148.77170478876192,141.75516076144572,151.36710814849454,162.76099473655142,133.90144318154086,113.21791971300726,144.6007091616798,0.0,106.68932360221493,142.0158129736979,131.78797079547857,117.56010464665516,166.36173582650963,118.41574585126516,144.5121863287875,156.69271640619286,123.9021143739744,138.26694600742013,172.3371121680217,173.8083022408909,185.669102561496,151.39795966036257,151.7030936817147,123.66927400159776,162.05556828812496,185.38188823113387,181.27181586533715,158.18820004172449,179.79827741744458,172.0502119108753,181.225921801915,185.0506257623996,156.00547473488842,189.00356615336543,174.2331449892219,165.99736830608285,157.07410223309205,173.65135691015013,137.42282032895588,153.49263518083723,136.81433488381452,139.35652183910742,152.18505259373418,140.62744058908544,130.95881759132766,128.31000422816223,131.73015394491327,146.01141192321234,137.5281547550058,146.45916256961817,159.8544325795059,165.76243606553595,142.3150719187749,158.5209499541461,138.81794081599676,135.2417072159551,115.49442456862386,126.16332971553172,116.26452784054558,132.47783622438493,134.72224391360575,152.85530655183533,131.03650534595104,140.92903932080486,109.47686076749775,123.06745956964798,175.4396876993925,160.1335472831887,135.5379038544987,164.67229438810728,176.76007286245903,161.4218420581026,132.79573069360094,160.25526229900225,164.80955559508877,166.0192744379168,130.76226972564714,119.8609749875405,170.75170920637572,171.92795036173746,173.07540643073918,169.80780589404804,161.19604008008872,184.8619107470884,181.56850608866543,165.5871462680426,148.95703840516353,175.83045305927436
182.56874074879408,169.37752602726357,162.4824944237108,149.1008804765863,141.40109369475758,183.92109903096832,126.3025157615665,132.90429117881615,142.92086839006373,122.22291435918004,134.78179360075347,121.16117050574135,141.78028087455857,94.5129366424949,105.5673329436218,180.5103543043498,120.75566317238793,138.1643696010098,108.72495024444476,106.68932360221493,0.0,143.54187752839954,116.48868175772871,111.95973406991628,157.75995986219556,129.58481897997865,158.5286258095254,157.45540147236696,124.89971340813474,117.06623750284352,180.83351240409743,172.06096333395033,174.49655845282766,154.27790339080045,164.37264409157257,181.3354487737532,163.34302206505032,182.67986413785167,181.43614659342165,157.6733742855079,179.36266026071172,156.86112884524013,179.44671034103754,185.50989686965573,173.62989414500427,186.49605314736755,178.4732705493605,177.3988647633181,184.7670223110707,183.9241055582172,159.29719361028535,156.02082644400932,156.41734484342268,124.0001902857602,143.1313573832427,162.50335528785007,147.75969166177586,138.22635238712655,124.04150497791782,117.13333489310456,125.50258576471158,149.08150404001248,152.74445865478714,130.20168810088043,98.50285506577252,127.83930955960813,153.58890009553934,109.84661338322395,117.582060749281,122.39761387500884,73.99180099053663,142.05039271323125,123.74836561380413,150.57637521307095,124.46341725110716,126.70675968612296,117.3422042825086,117.41799640481072,189.42253023761364,168.71555127238884,146.73660559490474,163.02813236378535,183.0697744024552,168.66584561374668,146.12797372514012,165.68486943018996,158.20643181728587,163.78919150747424,170.61311734839524,126.8552530905148,177.49827607157667,193.7593982559308,170.4332875904703,164.872338335437,151.11067556670196,190.5907008718488,174.39802813778698,180.9548663497262,175.12401438993572,174.88529565282772
