0,1,2,3,4,5,6,7,8,9,10,11,12,13,14,15,16,17,18,19,20,21,22,23,24,25,26,27,28,29,30,31,32,33,34,35,36,37,38,39,40,41,42,43,44,45,46,47,48,49,50,51,52,53,54,55,56,57,58,59,60,61,62,63,64,65,66,67,68,69,70,71,72,73,74,75,76,77,78,79,80,81,82,83,84,85,86,87,88,89,90,91,92,93,94,95,96,97,98,99
0.0,211.16240544425864,213.07706993015887,210.46016494510863,206.88038008740452,217.25183986728112,235.5830273674902,232.34054601260996,217.56881508088784,211.56599567436183,213.9560505263953,234.4046680202542,241.93190643488597,247.0738505910356,236.08555958955705,211.8015517620884,252.544630160592,223.4027543617048,246.0920092529149,244.7629157283229,226.05352400902424,246.97353747437572,269.11527526765246,272.7834775161672,233.23625355074265,244.39503654996625,265.95109720835444,260.3433213532435,254.09493011337565,265.3422810464352,214.9828153346558,184.239870271444,175.00970595265852,228.42247905967,250.1519964407364,218.5251800255916,232.39946917553635,159.17915029488424,194.70097754786337,261.8847045414885,195.51140632029237,219.3699076070785,199.2766618268776,178.84312669676768,210.1470762855924,213.96196390314668,225.0957453853356,203.4461941334457,209.620357162904,178.6710895881615,194.41211502077985,220.3941153207103,228.59600659462905,215.6096377734884,219.77235581658095,213.36804928521465,236.2653613255592,224.12951761018235,237.24798187151987,199.78364285396037,217.27293557225212,230.16958043424705,245.0758223693928,230.9329409898092,224.07645400620123,241.12424034581807,228.20347043690447,252.83666830442,252.3723238256673,217.53771036087244,228.5222672803504,268.6272033945599,259.7152596893817,251.257674623227,257.9179573295115,236.3455008557948,259.43310800405703,247.9417544328232,201.77028342870767,207.32055711368497,266.6929962112199,215.05244295072143,222.71010902216491,267.06713702846736,255.89364985284013,220.08708361649963,232.58351509187483,243.3474625718729,202.26704645849952,224.67728728445135,223.2273383120865,237.07809593033977,268.3081115548282,211.90065782746788,217.8960057097138,174.20089516901507,186.2548159677692,198.00052103043623,192.76691102150969,180.59527381786165
211.16240544425864,0.0,160.12105224745017,136.76490796070732,150.83877268232578,156.8077547400662,158.6842442594278,190.73308437837863,167.9071652664436,212.7673305628363,229.3526831770913,213.42741398553937,202.73773337138164,206.80172924740464,212.00311914262667,115.00010259292554,202.6911230873124,151.4372243243753,178.3041539531821,201.56580774327367,224.16603669352864,195.76468601321875,190.16239138782032,220.12136534544751,225.4720202300831,248.5553231276379,182.06962819475743,191.51850335477965,214.71803816690692,213.1307217259935,218.1110475500419,182.63759294006,198.2827292391105,174.48150423667104,194.76376839864403,201.633567193554,170.5559514573979,212.06815296927627,195.57785842830475,205.27085064234555,187.4916494837579,242.9090824661504,190.666028771124,189.0401914096709,210.7282536473454,203.30000214221752,157.65896352589226,182.45389034660784,195.391700762739,173.70735524872947,194.15017263719665,97.38880340715372,117.71018357762202,117.83839642667115,108.04617600325844,204.54573810699893,144.41753150924478,170.89159002753308,210.38303167972563,221.62591866924248,236.3476506950636,222.96270181528132,194.74249073732125,215.8156689199626,196.96894264965084,226.3477518264791,185.70005517981463,196.7195536123617,171.9502695702384,133.42296953606936,169.4033419367623,204.59212794320172,192.8937532147915,231.7982074693668,217.636189161529,252.053981492393,187.644927566053,203.7501958460666,208.50363361124656,148.26481797596963,216.22519416776163,155.74187003835084,168.38769275439003,202.36885186031623,162.07985186509768,149.0832946566374,169.25243857607308,195.66598039872576,173.8312358481328,177.30508581703026,160.00918704615125,207.28946670247524,244.4904994060111,202.34548214081465,207.352125405516,187.25616900743188,155.0874353222879,155.47737944163592,199.3871334250641,159.22627954756095
213.07706993015887,160.12105224745017,0.0,188.13216967160952,184.5642459289778,125.16681484844786,126.96038821280018,151.16783156963967,140.7018744615504,184.8508996818719,197.1856488424768,184.73884930465184,207.1912168779085,191.20283638062256,191.15134790171768,152.71817336924508,191.6358266098408,138.87870559873005,189.64884258245485,161.75401808514138,176.9550290500204,206.3978056849112,174.34093803703843,188.37947100794605,258.86969257421003,224.59098680690389,191.54026149455404,175.08509041582187,183.25100360467383,205.88142810923975,200.8623353022553,202.5102327571458,232.73968302504483,203.0916664601204,200.50696057779535,171.83593153486171,171.58937305032026,208.53895390217173,209.1178433990237,172.5981323361342,210.59025604755493,239.5545258502599,211.7326498148052,191.33773080695985,191.41998355446836,206.91061407653865,205.4104843538036,207.7817571706315,176.95651818876752,193.2082917004496,217.92842268961311,118.9714692928252,159.9219640961631,195.816390637894,125.27038656489576,142.09277606523142,127.6344265771341,147.98613534494916,210.38689374770303,227.6044584897037,232.50971727578323,228.7114918887685,189.16863333158312,205.7089821227339,172.47541447614233,203.96672810866968,177.15935904432658,194.23013188059892,177.86551837422593,149.55532400602488,151.52846912717246,187.77236633129468,146.49544572286177,207.49275837879932,191.20341696561343,261.05950781420563,162.30257806653208,175.29594385611264,195.1564800515628,166.25900214351955,188.62234957714597,201.04874988429555,177.3076993132285,173.13873739434757,184.37409650066564,194.6394509678829,176.231213677786,196.3309405431292,175.1528659290907,197.57844769423323,204.6604001311552,215.6099388603404,225.38374577663865,211.76242231826,207.33633850155917,183.94426725744444,184.23258740937052,188.105643320322,189.5170366276863,189.61017828989364
210.46016494510863,136.76490796070732,188.13216967160952,0.0,128.9242863120902,202.52251485827887,175.76085469288637,166.82184674156062,196.16813873006737,210.9405378062794,230.55315075236197,232.0494231291382,220.04914277807265,223.64412855160776,232.7423334432495,145.72215283141668,219.72131078231783,192.3954494445656,190.6128710703997,216.8425936678393,243.45811158857637,216.6555774253212,210.66822612671703,229.18063376799364,201.0532391350014,236.24057442075872,204.5455827596328,201.37059770757952,229.62426265026272,221.28177342886235,229.6940322140824,175.42903885259548,182.46206368343215,193.23329204368304,209.1992323065377,234.41558950830392,194.51607462822605,186.2805517223673,179.10415544228033,218.05064158487505,216.7335746267229,223.0186752567556,209.3852472645985,220.03773586118584,199.22358234262717,225.44378977661808,195.8028621471045,220.5197377380843,236.56608683552452,212.6890814237864,233.13840565404945,154.7593183953396,163.27946732267736,107.55153813605534,173.55452155244942,230.30551379662936,176.95851428878575,187.88001178588723,215.82319583282683,226.2567893705533,236.8388816329826,231.0600434784813,208.97409277047768,219.38372994816643,209.8221064412708,241.09712778813827,205.87881141400152,196.6962623911108,188.3861088347974,193.72782918993332,207.16291580416268,227.3025532555104,210.8178004030039,241.99686674624596,213.1269323909963,226.3842243570085,216.7076766702212,201.10036154704997,200.76386246036583,180.24247097653983,217.69091966526716,193.41383765922967,208.58199879597876,222.1984704533116,180.1286988130487,184.4635131840201,198.08338467629864,210.10283643536064,218.80706148573492,198.47573925206663,194.57282711551613,218.56621398592767,234.94696357577263,197.44993526904256,216.6114443415525,222.47668270628157,189.781394630896,207.47327347515144,242.8162004258433,204.5455830787689
206.88038008740452,150.83877268232578,184.5642459289778,128.9242863120902,0.0,179.76258916339384,194.63634921767064,193.37062510358595,185.52579152444173,224.42356716317164,232.24388325644924,229.61831513878488,228.05523460315987,215.0650624393144,228.4150952584625,178.7992073998651,222.60237859100687,192.4178290860725,208.26644540302848,201.61090077830917,232.10785987488424,213.36175490415525,209.42800956825337,227.0796902013493,213.297771225075,230.4105427428371,205.27991168262588,203.74026867470712,218.5831391146996,216.44953805530716,216.57767616557757,202.4043446648448,217.19742213708247,196.78368744863883,206.0766740755859,210.46379814684047,188.05595833138577,215.8051972956221,200.87344534966644,225.21721892230107,226.16511811823588,213.22308429841848,218.73545195748093,207.5788440502859,194.59640120975047,229.2077636369276,204.9133972096931,221.2086734734401,214.509203978814,202.83256446543132,204.2151408707508,165.57467485317835,158.6903191297693,125.84831297923672,150.96108725462705,208.2507091569097,176.20548114860904,183.150818703472,204.4867607774069,229.2632289905226,231.8027137217503,225.6641094794388,206.14469225532235,230.18616799786605,216.00538707484495,240.4997555916609,200.24176783465623,208.4806291809552,193.06956294953693,176.61652823315544,197.2551787189925,207.8428930788734,210.270039964465,228.02445072662456,217.68783958700917,220.5275990703207,205.45371845263705,218.27789517404057,215.3279152174432,175.65021140822375,210.57348045441,186.2653810985026,184.3138447120832,208.20734037098364,183.8915763975295,178.3967732156305,184.68991548469592,211.32348675380103,189.19119530663232,200.4784328813621,175.90883977221657,192.80466753498328,228.2339095388635,199.80901568546756,201.14413994645363,202.28067884515448,196.57271515581263,202.42343268711164,215.8340576441313,187.0763458159744
217.25183986728112,156.8077547400662,125.16681484844786,202.52251485827887,179.76258916339384,0.0,141.11702472912427,174.12302929412763,113.62923392717408,171.6969240277881,198.37075977959583,173.64978176617683,210.5610035482298,183.95728164380893,192.86126816589163,161.74065442486204,175.57560816152622,136.45853261583267,191.21586604492427,147.94416869567823,179.20534606341803,198.86164626443963,193.58989680133772,180.48045575016312,242.77973817501865,246.061816810796,187.33691933114056,145.02500045976728,142.03754104744334,199.5450778436374,194.38828129224865,193.67718214018788,232.2600173833288,171.69943551087576,190.96633853071276,128.09408951212998,137.45843493384268,214.39983129017384,199.3075834480746,169.80526432673742,218.92546335276583,226.94810561456225,222.78542185114813,175.46622061741755,211.3424730776073,217.0771440382932,210.5876725149844,224.48432584373631,148.95050748103188,179.05972479728172,203.93735800212727,137.04086876973395,172.0796146795319,192.02556735893117,91.32216262198271,132.43014626247066,143.4357212205478,145.8453416559821,183.9486208895769,224.45526934398737,223.3927352841842,225.9070684579557,185.58858481839863,193.5938717917055,149.57581340551127,199.89113588915336,179.88119388007507,184.8277560824401,145.15951537321814,139.57957189982002,139.1185929964202,166.04562352237195,170.42656922395696,204.735810398798,173.3713880135317,230.53451088763364,135.68279733630527,167.18854773729447,192.59000399521165,169.10984531317052,170.71123005561776,163.5158692642616,175.6465259222923,162.2324439515524,181.49951355615687,176.85058474647116,137.84519742737206,150.1949296070083,133.64051460732878,175.04802017460372,186.77692167261552,185.14914239581856,225.87293353928163,187.2323534929572,207.71080466654848,166.8322124365351,180.7588640572034,174.19683840729732,170.0662277924746,165.24326617889915
235.5830273674902,158.6842442594278,126.96038821280018,175.76085469288637,194.63634921767064,141.11702472912427,0.0,124.31802710749292,135.10632322170176,178.69104955119957,196.1364215456808,173.3323176665888,206.15710029066952,168.88469658909406,167.29993485903833,128.81748422352,160.19997910511165,96.48941650786728,164.01473328033182,136.5748656103305,160.73968112250446,195.45429633686533,161.78276671970477,149.56592824230955,230.47258564376497,218.76692135625203,178.6248163049674,149.62060508011388,135.84453741272878,197.65423290759907,194.17183926474723,189.1770389075685,220.05202338695824,189.51444106114604,197.60202133464827,168.92458581461912,157.20297370681726,210.85513095531664,196.38527012862755,127.154829949134,203.0674981437817,234.9769448831735,226.5957140870572,200.30901558462696,215.09883736264484,214.6150353798392,196.69803090529115,229.32002838603387,201.0407081527225,204.812861898533,225.71775576483645,126.1408337492818,147.48168223948957,190.98465670021704,135.71398344713324,177.24509514983444,111.36245638489684,133.98154376679872,194.0635737820533,233.1904007977899,234.53952551824915,228.79981247597289,168.55720357434092,179.73639256364282,158.07816383211338,183.66225122963348,139.3629057220777,160.6627186629759,151.04343464098667,149.49165888583406,122.13190814752652,185.58091956985876,132.7838668504666,174.13349111717702,168.31925538518135,231.1556410633918,132.0830700851151,146.07020114096554,192.7937038470134,163.94571076018957,154.5400490888178,203.0165801223482,206.6475091063185,172.5701491471769,181.81382367342357,194.47282947194967,173.6940887419397,188.858729188861,183.38564840126844,159.09289989758338,181.93180116584472,199.88718386107865,194.51269369805044,197.164003279692,215.8743120335497,200.51547608366508,194.925401668127,209.47242230260696,217.6354209356243,191.9130483912844
232.34054601260996,190.73308437837863,151.16783156963967,166.82184674156062,193.37062510358595,174.12302929412763,124.31802710749292,0.0,134.1026308718883,205.2973083085188,207.3608551060566,183.38418607092237,198.05794529360776,196.10349249186487,181.14304961006803,168.2084541538742,190.84920655528248,142.65489352332492,186.48393775048527,164.7264530680867,182.75102848489183,218.11695584652523,187.63939282549177,175.78854454568085,224.8338912007632,222.79006761084491,191.3064466884516,192.6686098214686,182.1688281765833,192.06432961821835,219.78802480820943,200.4154442758894,233.63580129076504,214.78850829070225,201.77172770241856,204.44358387503303,201.0866361569629,216.80593819898823,210.11823672764484,172.49240865358362,227.316501669924,233.86922028490983,213.85696726698276,225.53277097999197,199.5087782966236,236.79024916678517,228.267671074821,246.4007629781638,237.2216283888854,245.37693145903373,231.4906545101564,150.3036510819015,177.69475357631154,188.3045319659296,165.2627522395237,216.43095851728185,126.14132200324416,89.65867858340901,196.4540215042504,237.22497765507435,218.64945090628504,205.0945052336383,168.59958459044702,187.3289785271651,171.0767130269519,188.62575864273757,179.19353701955652,190.356585009269,174.35997490912723,191.56405255020684,160.36450685111322,197.89605704291665,142.80435602813418,211.4385058868792,183.9805165053112,230.55627283841216,178.51659452238482,157.0337398877621,203.95358140193468,173.85510341496737,177.22109802106633,229.9638358733877,223.8889000508691,188.9007404631838,187.3045109187348,212.6852816684687,210.38643407697947,225.6638804825206,223.69969444677008,201.7325509881356,211.5189710120628,194.5315227588739,200.15597635232768,201.269663385137,203.73057151269896,217.74512065003165,237.3805603335894,237.17759264162504,242.6924357156641,238.3002074428165
217.56881508088784,167.9071652664436,140.7018744615504,196.16813873006737,185.52579152444173,113.62923392717408,135.10632322170176,134.1026308718883,0.0,179.37148842848455,186.16635889498775,153.66405237623792,175.8342256400697,149.18439933860205,144.54982527358277,166.24238151383622,153.7703726930573,132.3698582192202,168.24931389309756,148.4818337900985,145.47983060815977,196.23158062702552,189.65951023111293,167.93914252358925,235.11094490655177,237.45921167143405,190.31126706732675,175.2501351912186,135.739276541231,192.74102120563583,190.65854621766363,180.8577120972542,233.2969460097804,183.2747043616199,194.5639267183986,143.7209447890708,174.02385826276736,232.281751193674,211.65107829249249,161.2675333688131,207.7985146784953,214.78902968705643,214.9897459729352,193.2412321710572,209.09731159270385,230.524377548216,219.23159137750835,231.51967539426897,184.7209157671349,204.03659317727772,208.40612760463512,136.63876413991514,152.5649713392317,188.7816409696364,132.15181710949676,169.15069083082653,150.66375922873507,89.47909447112536,177.5457611314192,221.40331160710883,213.8613960914766,186.77964626286848,156.6040055239452,166.9893789133676,135.2481325734194,159.1122226120315,184.15237099996452,175.00214924071878,150.909949318399,167.55813971505742,125.6623232272154,178.3646182874201,153.51986015172258,195.49926268213312,178.86936131500698,226.15759464693687,140.6277250204726,167.2440745041809,181.2046618317279,148.98383204173575,171.04792140043276,189.0092352261285,203.41221397301268,181.79720435056976,193.08170293472205,193.55729760027023,173.49146684186815,192.84703079273368,177.10053135276533,192.48865826556877,188.93755296234224,167.72675704485206,201.77711214117056,178.68631900474773,207.217164718202,187.2150785623889,220.78652509949333,205.57102996385112,195.98048817421267,196.5509755198437
211.56599567436183,212.7673305628363,184.8508996818719,210.9405378062794,224.42356716317164,171.6969240277881,178.69104955119957,205.2973083085188,179.37148842848455,0.0,172.86311601945044,128.80637080682027,204.34569462364027,195.7648375255793,202.71925392347572,169.31346287186648,184.2859394841903,191.8811697010298,192.618668936164,195.024747284289,198.2703346679685,209.6071978885296,215.76318980209223,176.47629388103027,198.64117545914823,228.28161299068728,216.86567010684263,169.66457708865107,165.93307683271627,201.5665497961109,217.71874615995023,204.8442561371194,198.80374891830112,190.59450156638675,219.36888338545208,177.46557126575016,160.65804694434672,171.99227223522814,169.25165457248343,153.06881643459488,213.3126589675814,228.5755465463349,222.5573899030732,215.5411547910656,233.13979892886957,216.78749559893697,223.2767279469772,235.32274986050464,201.67100471110592,208.6778022149544,247.57195271872516,204.7090225087761,214.3205560944975,230.568402505202,191.8916179334132,183.9425413786161,198.0181047408631,196.44184016817263,155.0083417524814,191.89479891793368,213.113329259666,222.9778072142273,180.2889258041031,182.67966369679664,168.71689925759586,188.19816404144305,208.2673225716496,193.89087178858972,161.6070035563073,194.09268479719697,194.8798460551048,188.45172669994523,185.9356433645903,176.78457078784191,155.20739094271076,180.78272586269424,155.4269559176972,161.1057031973722,210.37045443567635,210.3187085578511,174.90756621979406,198.65047055966815,226.72234096171763,177.84429536736658,205.1066171327792,209.78962994134608,156.7851332597121,173.17425368327844,200.41523759022655,207.53690081502748,233.12501876508145,200.00656641349505,217.6965953142406,185.90455678337187,225.9165595793895,216.8118808256953,211.4672273982273,229.31667327746837,212.9276778393896,211.76788842900584
213.9560505263953,229.3526831770913,197.1856488424768,230.55315075236197,232.24388325644924,198.37075977959583,196.1364215456808,207.3608551060566,186.16635889498775,172.86311601945044,0.0,149.82353587130726,195.5590424363782,183.37822844176893,191.7921334598251,206.7854210452521,189.06204398918905,184.853004893653,190.88903870973053,200.03521430158008,176.74112819490455,201.07399092633213,202.40541158411764,203.15196759023604,236.51863431493624,197.2642904784045,218.75794436650773,182.18503484071124,183.71767674246428,203.401760233122,184.46591642136667,197.8084749553004,220.8989383184246,199.982024210444,209.85685790414823,168.88085374282758,193.36780483390507,200.5435405818456,218.62036026035895,195.59500321018615,190.25909631989197,203.97812741355108,197.82949553902264,191.3976111371178,211.64479666255488,201.33908053661705,201.22367079698728,216.9063189753421,188.04912117066115,189.9145132010661,208.94826674365837,201.91949021529177,219.9722964601203,240.30010732837707,216.58424368693176,175.0467576211484,226.49350865027773,201.6825693029777,167.87373562393478,168.51713756953103,191.11665521373772,198.4188939871808,200.09257921493125,179.57573606260206,183.9552899998862,188.4362863876165,214.20635047064724,199.72113012700925,201.61462079713056,200.06411701479743,198.52223693754877,216.05824142788015,186.5608101002989,193.763861979902,194.66322413262463,224.47042803755647,191.56372274545487,197.52529741395324,199.8643927400072,200.4039630337676,212.74873385339947,214.79683005862,214.47815245050325,224.278072177971,223.7538241010932,217.84504491580051,204.7702645213648,178.99696961650804,183.43939316110385,214.48054723417332,211.22531541749908,184.9148564129605,224.31375283142057,204.51237697029396,205.5292786995296,187.767036460547,207.6059099846555,215.97149067951727,194.734059099922,195.4043227834424
234.4046680202542,213.42741398553937,184.73884930465184,232.0494231291382,229.61831513878488,173.64978176617683,173.3323176665888,183.38418607092237,153.66405237623792,128.80637080682027,149.82353587130726,0.0,141.7723118238275,165.808736543573,172.79681985855746,184.5944340038021,132.9227246922818,161.78999268032882,160.65239283092032,170.99964346968153,164.46763271353595,167.44460779912157,184.19774862485508,132.20223175330818,229.06400166694095,192.61600782351636,195.53543239256544,160.2742413330983,145.13044501908053,169.36492690557955,201.14379405837943,211.03507798313424,218.32640323058328,191.32002752350635,200.78255887394627,165.1978511020236,166.27288138346694,218.83637011929005,206.18404910097587,145.04959736143147,197.98773063396865,231.3910688320877,213.17544190503972,213.9015073247587,239.5959373706953,208.31065015900248,213.08950338832156,222.1293662864292,194.82558896793043,205.8597389429005,224.77375508904385,183.7189977420036,198.6800802784353,226.3791622092694,195.67586262652048,191.97133680039784,196.105553853128,169.16111881443015,152.03624855502682,187.58134299664783,178.35864071788853,179.77890708332114,151.20989754729283,171.8330393509395,158.89859859874102,166.9249044648597,195.80323978582547,167.11102802274215,163.41815522556143,200.44985000656592,165.91954255735772,171.08170483304372,157.1761532513517,170.58211709215325,140.19423038779183,215.56279541351003,153.39054435804297,151.336153938756,210.38919048479528,196.663785249408,169.83157610714431,212.25328169840088,223.26370063060853,185.9605855507467,208.8252574036689,223.3776616016895,177.20404147556908,183.1376659896589,202.4985472224296,205.35177072986264,220.86252523524237,183.64095309125676,200.84975293775028,187.40609982607515,210.8348290275747,212.6120245474155,224.01382457435037,232.4541926676844,202.3801197793919,209.75007157522887
241.93190643488597,202.73773337138164,207.1912168779085,220.04914277807265,228.05523460315987,210.5610035482298,206.15710029066952,198.05794529360776,175.8342256400697,204.34569462364027,195.5590424363782,141.7723118238275,0.0,165.50117174037374,155.20597598043764,203.77179138068988,124.27597477625976,184.598405916208,158.3542569158622,205.36719924730485,191.0506333637174,177.7883315780975,184.87018295669407,184.7402144124333,239.3240957902023,212.48468972161783,201.68871244135863,209.71648714276472,193.9616995297405,187.49706457334185,215.905163243958,219.16033728170345,224.43895194362872,188.85733400361755,185.4209610413663,193.49978602614112,206.4555717320988,246.72483442639145,238.32004720794384,192.2722488172737,183.40758817447292,228.8773472397105,197.9476308186356,235.06872998407007,229.8588776915118,219.0443722744689,189.19643482607745,194.0247714681031,199.0492876466494,202.5111883405284,207.94393198731848,189.58769581012183,186.36584865233252,218.26116586036,210.43352437202785,211.8127367180075,208.14228834871585,186.42974272936664,180.15351465499396,196.3193041625882,167.59134962594806,101.79854703549483,158.4924691705191,149.85984509072946,183.0480983232208,149.59440048849166,195.1862430536349,153.79844888144902,192.3024402059351,208.35300213501267,183.045358443895,192.5477827750549,170.4241171465571,191.7500643067112,194.6631637628617,239.08543054671844,195.94023665347345,200.15549813745105,219.06934028535224,192.77989114473317,221.5554787401296,206.30821837064275,220.6658810600304,219.152746788838,213.50699221862376,208.06430001090413,211.9565921688899,226.98389312580537,219.33610502059537,222.86285702716825,199.35613654617293,189.35015781912716,191.888484234294,216.7481043089836,219.40150771420457,227.518962158082,221.5309554192452,208.82226179796032,201.6448039880269,213.89109820737931
247.0738505910356,206.80172924740464,191.20283638062256,223.64412855160776,215.0650624393144,183.95728164380893,168.88469658909406,196.10349249186487,149.18439933860205,195.7648375255793,183.37822844176893,165.808736543573,165.50117174037374,0.0,82.3044051440709,200.7221371444795,123.24347119383653,157.97031563671703,123.1706709831435,170.88009510616877,159.7290264596689,181.88267267381548,150.2492783937143,165.8494390815829,233.0350593362224,234.4783075884558,190.3040755676426,180.3207197785217,138.7227511871356,166.20220216463028,179.48991863246243,176.80256056249812,221.05461484326523,184.69943338384516,196.0283187338168,166.7752397290978,189.74416653039836,220.19116365755437,212.43663865551105,153.52108216323097,174.7444154700491,195.6155624060836,218.5202473051952,194.678552549852,217.35717089764177,224.38663629060255,206.12893856544025,195.23723856637469,176.93908280783063,180.97691088484288,210.3521043522529,189.65688182466627,170.71614703836724,221.1961996791221,189.49354291125056,189.7836636482644,168.08690947075266,171.2251038214619,179.8828153793708,226.89439279078616,226.77766543687028,206.0450690412361,157.0658928057888,129.0663069934182,128.08486471225785,102.8555287544149,155.31569777424576,157.78030894649802,165.1158974687242,180.88452086364103,156.18412683726834,198.26303059721224,146.57269232269743,187.5859061965584,205.98942903674904,236.916050155764,146.33172429222853,163.0709403678402,175.49508684967802,156.1274148928062,202.77743698282384,178.01922539333435,207.42692746455367,214.3199302745079,224.97489250902103,197.2113540679493,185.13394951905525,189.71367311364529,180.95849132857572,178.5501594157999,173.23633818251804,158.22855563932993,190.45408772225375,189.86688399735243,224.6888637429052,195.9890016537866,211.60829939879545,181.2111448515739,181.5413801452367,175.25631903412562
236.08555958955705,212.00311914262667,191.15134790171768,232.7423334432495,228.4150952584625,192.86126816589163,167.29993485903833,181.14304961006803,144.54982527358277,202.71925392347572,191.7921334598251,172.79681985855746,155.20597598043764,82.3044051440709,0.0,202.92147030185748,124.04448312567264,161.61768958014062,142.2322952836981,177.89480881453346,144.56113573949432,190.8090261473324,174.83750134467294,174.34132712733623,236.0244493657738,245.5479874186053,206.0752134479905,210.0099627298408,158.47992240586882,180.13236472237958,181.72095551486865,177.99822961343432,231.67788018394447,185.35032829929656,206.28593430963127,176.42822987803982,210.6325466100334,225.31393986674075,227.874043568348,170.7938178232132,190.4539139999187,202.06172257353325,211.37871050207028,198.23825415237076,209.94126105248768,230.8824619539733,217.4641677005152,198.63352062671652,183.91599891896115,196.21079664597377,207.5688369928888,190.4116621762892,176.47698946737057,233.9936458329092,199.20894872859384,199.8396464709295,172.46848349549987,165.42535410418867,185.53279178534208,231.60171147040955,215.9861684576348,182.54876234037152,163.09376223821343,118.08412248706531,117.78139386472252,69.91835394316315,172.4925405993071,170.09884581132894,169.0376194545714,184.86330259222856,150.71690075979978,191.64325118312783,146.04392150942894,199.31139385694684,207.7306261224965,229.45199904971292,164.12306191100788,174.0118988490833,172.89773509135534,158.96385406159482,201.21250119878863,184.85739479386203,200.49460282277545,218.25629731366013,226.59427051226183,190.8453928985375,205.63980893195327,217.22752749780489,197.33287214595595,188.2554194776569,186.0859207297712,162.00390734170225,183.7869924213597,188.08218940409807,219.49575028556973,192.07315137712067,217.82018875359523,185.5769088271148,190.1959387219511,191.151049890814
211.8015517620884,115.00010259292554,152.71817336924508,145.72215283141668,178.7992073998651,161.74065442486204,128.81748422352,168.2084541538742,166.24238151383622,169.31346287186648,206.7854210452521,184.5944340038021,203.77179138068988,200.7221371444795,202.92147030185748,0.0,194.7329596880683,136.76043655892963,160.41970604765012,193.14575168421905,216.17708156500333,180.22702862928367,182.6239414770575,194.4714122106715,230.5158520369802,231.9823674115597,188.7999933286661,180.49652230368451,186.86867089974837,208.8439028697205,216.9446416872155,189.7398846017165,170.61536891021493,165.59118564999085,188.6942278173805,201.3832724162604,160.92277350131184,198.1701107223768,161.4916240414227,159.76463996217475,203.9415239955029,254.95414843414943,212.4764370637688,212.9541395384544,219.77808514786415,219.62028509676415,190.30809533048864,210.92376154166564,209.5509025556524,192.9360578683382,214.31857597256985,124.41853542098605,143.73366131697207,158.60891196362775,139.63849017688827,196.08198052876125,145.08537663105605,173.3615429960441,205.03527200578893,217.25660274141973,234.77654750970143,226.33776523022493,173.05338133406318,186.56329892261192,181.91813664980583,207.67995778774315,172.26338145533214,177.78614552347923,152.30517308369548,145.7664085376295,175.36846167243073,195.022948466025,175.03327109291934,202.6245715087396,194.30736718704983,241.65020903220423,170.66653250449218,167.9661767799131,201.05150379528004,166.29287664202155,196.81416535116244,176.0855430524153,196.85519943448224,185.6404302888837,173.7290596079331,171.48926673941142,170.17763271877536,195.62828292425263,187.5838818725489,167.52726295566396,183.92778711732893,225.02947046486568,226.1418131738285,208.50923654165356,224.01814653821816,207.0355321062363,165.06446969409498,188.59235384394916,210.4729751739225,184.2963267363461
252.544630160592,202.6911230873124,191.6358266098408,219.72131078231783,222.60237859100687,175.57560816152622,160.19997910511165,190.84920655528248,153.7703726930573,184.2859394841903,189.06204398918905,132.9227246922818,124.27597477625976,123.24347119383653,124.04448312567264,194.7329596880683,0.0,156.47269998567563,113.75732094374308,160.73617452808838,154.94077847669024,189.51067342495853,165.67376490499046,149.1035785350355,242.1002926233289,233.01767265777693,200.4817880937377,173.18244470103775,143.8634259626147,169.17421814996447,187.8572254155788,182.83361184246596,222.81187870845645,181.85515579845423,212.26952808609084,171.45397516436947,184.7810066025272,230.0985903667569,212.56674548519536,148.31854667460462,195.576343516023,208.94258241968905,223.44506287738,205.35390120047924,227.9500121560864,231.48896765159168,214.1320144255537,214.1162560563157,183.9354857430572,196.25979002818207,217.3169662681368,176.7150383443703,181.3734658341837,222.1634075113189,184.1572580691586,181.38333642013131,178.7468327387361,173.8014349120052,170.08904184771237,227.1508202394957,201.27145059664736,169.03965013524237,166.43238416324533,145.96155882709164,141.01963227068555,144.22384262153886,168.89171959718604,125.68831837884386,157.54981626236204,184.443727307342,142.62123385674084,183.5253234782904,147.94899161089023,186.29507369723763,175.60906449939398,239.28279273278807,158.4797430738191,166.6962640137196,187.63627081484543,171.16807897530924,191.8609478261135,193.6618574367897,214.43828250875328,203.92008289480808,215.09968628799896,198.5032599877052,183.41013819850195,194.9403379643257,190.79557256172373,183.1703694448736,189.7534895680091,184.4012627425148,181.978004957115,200.21561292451045,233.4653124300208,204.40188183471437,217.86957980563528,201.70416134354875,202.7477154282176,192.5855281320737
223.4027543617048,151.4372243243753,138.87870559873005,192.3954494445656,192.4178290860725,136.45853261583267,96.48941650786728,142.65489352332492,132.3698582192202,191.8811697010298,184.853004893653,161.78999268032882,184.598405916208,157.97031563671703,161.61768958014062,136.76043655892963,156.47269998567563,0.0,148.32567010307994,129.759657509921,161.73153561645825,174.86810866410883,140.3066710415508,160.38351711633948,249.54286011547765,228.21131586111863,160.01995413638582,151.327374081899,140.7585779601706,174.33716566582302,184.2800518983828,201.2758875344692,219.61154287618984,149.0962569517427,169.62999046863166,142.16504066070846,157.24910665778077,234.51543211270243,210.7618485124108,150.97347890840814,192.43135804335063,238.93798085638667,215.89647794768445,201.02093350951972,215.37485460548888,221.42267809277783,189.4350595710106,208.2252883401344,182.15079493246785,195.21736820820948,208.2948557016917,119.9186892624417,145.65497526612648,199.05412337752855,127.82669108035805,162.80823388492857,121.0359509953126,137.57599900607727,186.44962189501967,221.3852428542116,212.7133140517193,201.47585406138867,156.1603879205257,172.45377544406588,151.78038090703268,180.2518410642521,139.29126119895142,149.6247847560212,126.98443000480304,103.0197632725356,110.87768906977408,164.61814957110388,128.31729422538115,171.24725665883076,166.74149287939898,243.85622534436536,134.12198120463256,148.0972855647233,196.1225184656849,153.57328191113527,164.86127015696238,178.75569192089287,187.704746965941,169.51544069676817,173.58781041556267,171.48258393202337,174.189366826264,173.7213746376638,147.29549037752415,151.58830318419535,167.76116679475595,189.33286031109637,203.4741911031927,204.63649678127496,219.79067196680967,198.3216993646724,184.88600627386285,184.9186051228216,195.01591062940287,187.49483932606228
246.0920092529149,178.3041539531821,189.64884258245485,190.6128710703997,208.26644540302848,191.21586604492427,164.01473328033182,186.48393775048527,168.24931389309756,192.618668936164,190.88903870973053,160.65239283092032,158.3542569158622,123.1706709831435,142.2322952836981,160.41970604765012,113.75732094374308,148.32567010307994,0.0,185.1679057433336,169.4152415265157,181.89875096553249,144.60345251075233,174.9820434392557,235.43178215705285,243.84588701355855,196.54977827790535,172.48692197413635,155.2586120913834,158.45743417366322,182.2476406066416,178.08153595103968,201.9267223276721,168.13196445989317,210.10073980439785,197.75188406425707,195.28132910684695,224.44091751898253,196.69024432937744,162.25038534451753,198.2771165943041,199.81483177857584,208.97826116559511,196.6777101652223,206.095735150926,237.55367470899824,211.90256617493532,206.9698624234634,201.9810633938856,202.3254041920345,229.70940947766056,167.03964820593396,163.9067782092751,198.4859360671105,170.98238361186333,188.69841997061783,165.15136760086767,176.7255904096013,188.0682984892671,226.57983006086656,222.74857263528708,194.22502510425116,184.4599348705638,159.0690151291657,144.57575545552072,158.4061255358538,167.53717954318805,131.68275762331768,151.21740993954194,169.31952575966187,155.46546198535145,194.96242746296576,147.78576982193587,203.30490992256637,192.0877645637466,248.199879816738,167.4083038594141,145.61216215903727,182.6395112334654,185.96849539118253,213.5744047537144,186.8536439153372,204.0241467441853,216.1733808671293,206.9864256643444,193.69277455498144,191.66545123586303,193.8885511737057,197.37240822002693,177.3714251245028,189.74937770063767,209.62818354536327,207.7215614918144,211.0524349033504,241.487631425572,199.1735810390748,212.3791578547493,195.056073249039,211.9253502682176,189.775496518329
244.7629157283229,201.56580774327367,161.75401808514138,216.8425936678393,201.61090077830917,147.94416869567823,136.5748656103305,164.7264530680867,148.4818337900985,195.024747284289,200.03521430158008,170.99964346968153,205.36719924730485,170.88009510616877,177.89480881453346,193.14575168421905,160.73617452808838,129.759657509921,185.1679057433336,0.0,130.9798266989933,198.04288470146656,175.53458808278424,162.59858856484232,238.69731032260944,207.50508633070217,175.44971906374872,160.04924770979085,138.10304776334888,185.23117640391465,204.76466953279152,212.83736807777987,241.75245592815577,196.64578219576023,187.79347173740555,143.91031987286703,180.17501694844543,232.3348881062656,220.1755115891075,146.8254112375514,208.29079529601228,231.22937935456696,220.02159813316416,211.33642612317897,185.6337915588673,222.7644563725897,211.40094150809128,220.17507871940495,181.6652789154925,204.31164635975605,223.1267635631,163.1519985273652,168.35846375926275,205.1326645764856,167.06334462513377,161.0598556344158,156.15473279613107,151.62667138239485,187.6654506803312,210.1485702468489,214.3034592566908,213.4932751731192,185.0586590341367,181.99341105419305,160.66587797319193,187.16050329205365,155.5768225542857,170.82570321934423,157.21042958527372,172.9527026639215,111.50405277061662,172.19950144383444,151.61202227967328,161.35337130463984,166.51605960912764,224.1545621767897,158.5049819625448,169.08217037382929,208.97764755529337,166.2482308411506,157.7825553143101,204.7298307905982,188.99658699940252,166.8254465468912,194.1406849886223,202.222346284041,184.6570068394352,181.6753249702741,170.74607301624536,190.71471307672667,196.1077162961392,179.21792228032558,183.38577887450853,208.74931638885357,215.72065999791076,212.7738136927533,217.80152622005707,208.8358011139183,200.7014993512432,200.1050166252897
226.05352400902424,224.16603669352864,176.9550290500204,243.45811158857637,232.10785987488424,179.20534606341803,160.73968112250446,182.75102848489183,145.47983060815977,198.2703346679685,176.74112819490455,164.46763271353595,191.0506333637174,159.7290264596689,144.56113573949432,216.17708156500333,154.94077847669024,161.73153561645825,169.4152415265157,130.9798266989933,0.0,217.4411690150013,212.5927954988191,181.99413439058677,241.094560695519,231.335801410818,221.45087460434,194.61084224319967,156.2713064468659,202.8748669261037,157.823837349082,182.57497877000935,234.5888376121144,216.3317390381132,230.5646111201467,166.88335372766946,217.28896708228217,200.34387196865563,226.40211052398448,172.18912571100742,216.12394129018048,207.59906826619215,215.9281196932696,179.49453070601277,182.51696578979585,205.65319742741747,238.15616858705656,229.30025882599415,188.07821265280575,200.02201371570035,221.5876557214505,188.95191782847567,196.31371461664347,235.68852399626843,200.06177394812767,170.6982307991133,187.1111547109358,157.75342516702983,193.11746800704748,209.9061300660145,205.56934943389444,198.48337703552176,186.88984516986204,158.9071196775348,134.95239305412437,160.530421795248,173.70700853071432,169.30565872620994,187.3173543921424,201.6010653958143,111.5578650640647,201.3224642635233,160.41954245716764,197.79424889918,192.27122408278572,227.6956590863381,179.23868400471454,183.97528235610315,176.37481452241087,183.43581156961807,199.1723101939818,216.28353898191176,199.8225779034817,212.0382170377724,236.65836056167095,224.0253558110669,218.1374620589172,211.1156995767433,188.2151396243436,203.49264526589383,220.52645192805747,183.9730380785042,203.54015494841508,203.4009222276293,224.75628101314808,189.281687158128,216.5648858047487,223.83996127670008,200.2014918371277,192.62823310918748
