0,1,2,3,4,5,6,7,8,9,10,11,12,13,14,15,16,17,18,19,20,21,22,23,24,25,26,27,28,29,30,31,32,33,34,35,36,37,38,39,40,41,42,43,44,45,46,47,48,49,50,51,52,53,54,55,56,57,58,59,60,61,62,63,64,65,66,67,68,69,70,71,72,73,74,75,76,77,78,79,80,81,82,83,84,85,86,87,88,89,90,91,92,93,94,95,96,97,98,99
0.0,195.959078570372,180.23721295365965,135.23554926380555,170.6233210451623,177.3816133323723,197.31910959593029,193.94562025985493,180.18367969082817,170.6956615629174,225.29297572889809,241.41680223304604,248.7394407594703,225.27953411087805,220.83140376087752,175.35336161113656,228.6200163821001,182.41740048434752,227.90998430877212,219.83450291541112,156.43229615120967,220.40050540822293,227.42757254603225,251.6213921599363,214.10703777086215,247.0033929932341,231.8620162479247,231.7515748471815,218.78838031182823,236.403791637828,258.09434849593504,197.7798182346614,137.90454412623967,176.74799897761034,244.12890318104752,223.4710058744003,216.4013790584865,143.38509013154058,205.86522251792135,223.86980450336532,210.02631392262992,229.75713015244384,217.1966465810293,231.12197265520035,205.42743442147068,237.4761758046745,239.0484935533537,242.3149547531636,196.20772798407933,203.46797217819176,243.4228815397597,211.23452856714897,235.94683516097317,198.0818035473952,193.79267185023843,185.36073769027823,207.1347449626432,180.9189784223345,228.44447139832852,189.4316446018892,199.79065777735173,229.84587423765177,193.8042963907754,170.24779576219754,186.99424412184123,201.35348749477623,207.6275791671277,234.42561767345163,233.337949416602,197.69155523766105,189.0423528700885,238.5936750550211,159.9224052170323,195.4270174611376,194.6823245601928,176.96745819748924,197.1618853446227,204.19266646748397,239.9081116877232,250.21274607767504,210.510652451928,215.51589197312623,248.28183917696828,206.3374316496464,203.2694971048061,145.71755256077068,209.8580167700856,219.18183006484924,205.96320644618984,210.69144883579216,243.52000526290416,214.45386727847148,201.50450600693,235.81875510824236,235.2608441947196,232.01259421816496,216.9102137532117,208.432360546686,205.66278051036875,192.55821370982065
195.959078570372,0.0,115.63886535695008,145.0868654889349,91.77179513560849,145.89711364016938,152.33568798149858,105.18096809802756,139.6037500643317,163.93850566812137,205.80086334984867,197.2947053466895,201.4476606963678,200.67532267288252,215.0918158827317,128.95237797655358,200.73179351991445,159.46528768728643,199.2627310586525,180.5945322279429,206.30678885027535,184.78019132283265,208.1474951828208,186.33020838510683,198.6391187161804,201.33736945307595,210.769237383124,216.49372346824984,206.87376308962212,226.87589001888088,237.57875627522196,228.1482998562184,193.4871845354702,180.8688389896093,191.92770551402828,191.7940517626977,209.18586062292255,220.6289490162873,198.81166349004724,195.5951708934265,203.3028449837927,230.04049953416623,207.38895840963528,226.4024623202885,222.7812294402992,225.18626873793312,217.16004263872293,225.22273074196755,170.03242522633627,177.42807834303807,219.31912273024028,84.61398668203287,153.10424506950957,101.79358772091057,108.1169225764072,153.92499378042066,118.00181801553607,117.18887399201718,197.4720636547744,206.62959953527545,192.1159361020185,220.84735792953404,202.43671836183063,199.5016728456856,189.9863932534083,214.69412481915003,175.90650896062817,211.10011186729665,175.66466792289185,158.04299901780917,207.372037892707,194.60917500052207,202.75659070734977,180.57055338904223,214.13848827106585,216.29666363921731,196.3354767756151,213.25428490642105,232.2509724275573,225.0605799881832,228.1667193046917,203.61781920969375,233.15546151199123,207.78244811364817,214.7913532594682,182.45447195871407,205.6967950389728,226.98058653261413,162.14558869254273,195.3609195009752,229.13304035781337,216.2453317378736,208.21118876208533,201.0690737666352,212.38568801822015,231.97459609117476,219.9624227973517,225.11248914484148,168.95090521600747,189.5657925618509
180.23721295365965,115.63886535695008,0.0,154.73469655824425,85.47065982406131,98.83614298901075,160.99072058095163,117.68179856048415,103.63098139584868,165.50225121527728,208.15081650627505,205.90343172470165,219.22694520117128,213.78877332337115,220.5760655730761,171.97569725402303,226.32412573048367,174.06617229648833,222.2852288385569,161.57226208259556,197.40249030523927,216.65890224373027,218.79745786517464,199.6424516157204,203.48539503651577,204.3622251817044,198.03939148243245,200.1839825026956,193.30588514239156,227.03424350169516,237.8185823798978,232.1683544280866,199.99334939793167,200.7449501569098,195.10084483843744,183.4703570985249,191.8374519690632,216.25832846134784,210.45245934450108,208.5335869138025,205.51031300163052,224.34226587506492,205.68787220914768,212.99937784663217,221.57980859074425,216.00709078894104,218.21445135739648,227.6353126099466,148.63595719559478,163.05640308510084,225.421172274375,118.67994198658424,158.69908397674422,119.75781415394408,90.7860371915423,116.70892759376136,134.59849884756508,91.78639009712184,185.3859126154817,207.19181026444832,204.10595585031476,234.42660833656424,208.74277926070735,205.38377045687605,194.056523006788,219.6428418060725,169.89669630466082,225.30126003266972,183.8089189651564,157.23377914185286,190.6100262399102,216.55396205253368,190.6776714585451,182.86433514830668,236.29652307555443,220.04591300022625,177.42569438492137,205.90891895071093,224.95883587619852,222.452023265954,219.37326034657508,188.7121870714082,214.01402134916648,207.8405491054328,195.3873966933469,186.4660736578313,196.1029004417753,209.81685045771425,147.21305725356257,182.4022872480052,218.64060342121925,197.98454155944427,199.2024756278209,192.88794933952263,199.84268489200744,217.63683929095092,208.96048292617468,217.31532325045924,153.5586819632888,172.80588402864802
135.23554926380555,145.0868654889349,154.73469655824425,0.0,116.91508302155776,175.2233450691432,164.98965479194294,135.28469307375627,142.76372278610933,171.72347959265394,221.1266890900376,223.0413495847212,227.4252576419028,220.901654176658,232.6417746697127,171.56181946772034,230.7334923640916,151.89399059405918,217.73942827677345,192.57188358660667,164.75277477700465,217.22477379402292,230.83642794539264,226.5698842484921,207.95109397293675,222.6757745220546,195.918143804024,230.0975386077791,224.03367123075788,236.4875107500211,267.52460203583496,190.62047684711396,138.7930469521635,148.147299057146,190.8443671128508,176.6662578205756,196.7309048801233,171.36668868717285,194.03489070629948,210.79690960907976,174.16411555901763,238.77100594855824,206.09993964697907,240.73956141881388,164.33376065763056,226.75809081239635,210.701507502034,238.40974832340075,181.5890308205258,163.6208396285112,252.9680004304008,169.1472645709697,198.84490227152563,127.74092391286987,167.12454789415852,176.3329266968666,162.19540524797637,138.1672812420701,208.04110891928343,207.4397209981691,195.82171581165505,230.7783892214546,214.64960463691295,190.70495709102696,191.01741293314015,228.5035647501916,190.15460512337427,225.2266449508821,206.50748424695652,162.5633790763945,182.63063132125728,225.61811225484269,177.62730035466836,182.5525135677915,205.86829069508505,187.1830522239884,199.81882850086956,215.99972805298077,263.75243689786146,249.86350195471476,210.89602083693836,191.26742661487577,224.69035998197256,182.12939987415297,193.15279484253884,138.08279058854143,195.8556461746915,221.6666317638746,165.10116151690949,181.5630777740921,228.8335963928842,221.40389793220103,186.15968402004637,239.3651644145485,222.58958418428017,240.83629044060476,215.37275059011003,238.7832215501581,196.68118733907676,168.6992137438657
170.6233210451623,91.77179513560849,85.47065982406131,116.91508302155776,0.0,119.23568789128052,164.63518431709156,109.58540142405394,111.99882427296644,157.7146930261211,205.7012235221112,202.86060851767644,210.75989172251764,217.6361513558057,220.81237561284064,165.66355047672448,228.68704499762515,159.05717353415343,213.0887998300296,155.64877663454592,183.050727877103,212.5780789500537,226.92307943815635,200.99892150084509,204.77885565557276,207.0630697101117,191.794287831118,205.42424352581477,195.43528789427316,236.85042509083257,257.2005410608057,227.51620064894888,183.797427579736,176.69185858286068,190.98494847057475,171.4317708930636,179.9022632588118,211.34728273382404,210.84427981423968,217.53621691725877,196.40220173615197,238.90779240782516,203.28488334860648,218.7315963298105,198.8681053107713,223.6009509028308,211.9687527825867,228.3524865697845,157.9555271935819,157.0461551432045,224.48712247428912,118.34690017420556,152.42647317997083,93.5736315535996,98.48849542667097,128.2958924752474,124.69313850565632,96.1445125303573,178.61104337161188,197.9940322252488,185.50218948946275,229.55222336628609,200.67659952790603,191.54530934264727,177.21497789133355,215.55203075886143,171.19200007598948,216.7992034469956,175.871008748522,142.90171582449963,171.64387478693365,208.26101604617304,187.42072583837836,173.08243777187008,220.39522464026288,201.91842162774543,171.25787456741483,210.63560178190124,244.92113518124705,234.86782696450013,209.993115513193,179.58725266343745,213.0491164349677,187.78593823368004,190.35019640783275,165.86200416951652,179.14536216045065,210.6687328897042,136.67695808537417,174.44519195735154,221.48914947354663,213.283260232953,196.0965731110632,213.08294900955667,213.65258665145612,221.4406511088623,216.5050131340153,222.0674937923009,161.5459678443151,161.67793553184237
177.3816133323723,145.89711364016938,98.83614298901075,175.2233450691432,119.23568789128052,0.0,153.19361568663567,148.23555616938413,103.21479609339744,160.81900456776486,199.81204364490955,201.06360969874677,212.73218324472103,217.7914954436561,225.07699623598603,179.41935524452504,231.9091231248141,196.5625834127892,227.80736763621164,169.4122692453101,198.8852029042717,228.2572993644433,226.7359777718548,198.41291156129492,208.17613220514917,213.91733004543767,214.34419903400067,213.3691525504032,204.027923804146,243.00260701960164,234.63625081668536,229.04194658916657,207.0469504552095,212.23600283504976,207.6771598773805,197.1556836357228,209.89642392669657,213.10492502686543,196.42371761923948,190.1682027035326,205.439541368319,231.08144840300093,213.18397213256415,219.3985364321409,228.55505863365332,230.90253218177415,222.2722232928618,231.00316309886975,117.55537926134237,170.2930548633722,207.3665236719479,146.72589471035656,165.8271206392284,141.99418219074226,99.61838838743658,85.29189387151968,142.59712265635088,116.39907282601683,166.27129292652845,194.7027353638495,196.4205083358118,222.41497693746243,205.85040733857252,204.9620665232724,196.78813231023577,218.48930389306437,159.44524469046218,223.085752376463,196.99961002654896,176.62670091203432,199.83869432160665,223.83612798795295,209.08311652047385,174.1948328646571,229.396480017542,220.5363489579371,184.41593022352237,233.41373061630645,217.87866937293256,213.0203862742504,227.5560084597006,196.31839448855183,212.31132323499995,212.55663854728715,211.71298479443945,205.75789573156223,203.13552111065985,226.33341771781477,151.88876557411538,188.6160676860924,202.95144889328444,188.5848663313868,192.8149124561301,196.53582189536485,206.5981245363734,217.60109446480388,226.25285355654705,245.09661104279888,131.54539387773775,177.82739824595677
197.31910959593029,152.33568798149858,160.99072058095163,164.98965479194294,164.63518431709156,153.19361568663567,0.0,145.1998550147952,138.16899218785062,177.3030606826361,225.22825681140895,216.08909563866928,194.5798868790296,219.04611034892565,231.3534620552196,143.38979056898668,216.76446168112383,180.6694821716623,214.52652210566677,171.05569416704662,203.50014305953067,203.0335886837308,220.9532779641185,190.42677901045755,223.46356374379843,217.6812395885646,201.12362249079965,238.1473869451304,216.5781238510896,239.5703310943244,211.90656254731965,198.7345669880431,191.61094769216845,180.63745006624205,176.35091896616012,191.68236071538763,227.59386668653264,197.24039959058132,149.1480269006641,126.52651623819544,151.76454569910186,218.9656044648353,209.65548700362172,196.30434296994525,219.51249725660853,212.51568957409825,187.8992498740398,225.51907428276297,152.1249310827936,144.46275724242437,242.169857361126,162.7431677139896,180.22242013276687,159.1837058663994,170.26151177711682,165.1715411871835,166.98445363733907,149.56537632422456,226.30144733234087,228.5698753560443,221.9572672392628,228.18033153251133,221.14089426423828,207.6371853017436,210.1053684165966,230.9507688133386,138.5081935386929,238.25891357352447,202.45492417854595,201.17154488171508,212.5635270193296,210.16500830130772,205.2231655160813,157.37793298951476,227.463710813834,248.18942026186065,203.6119050489077,226.07460902032483,217.70954958345857,228.1019924503351,223.7678148785044,217.67210801100848,242.6246772415496,229.92933093925325,228.1042425065953,208.95641632346272,226.77436086420445,244.16512973998988,165.0255548874394,184.3089415030642,205.8753541812649,200.8879739534192,172.20812922948974,217.02737285357043,210.9409420675657,236.31252760362716,219.95440254193247,249.61064088260477,158.051631942769,180.43760414927047
193.94562025985493,105.18096809802756,117.68179856048415,135.28469307375627,109.58540142405394,148.23555616938413,145.1998550147952,0.0,119.93711202452997,172.67009712486424,222.00790877434235,217.89456237776596,225.6811588326667,226.58830351366413,243.64717229811703,158.42534413177248,227.0041412323227,145.5460168130773,222.52539341533665,185.92230757806925,208.34936757112223,207.3071911362279,232.98427649675293,208.07333134561503,199.6476596834754,224.10732641587543,211.66761055767157,234.9277546941028,222.1108637736262,245.80087251238285,233.35916922468712,220.09684115609429,191.5424017027832,177.47641410500836,192.8669004851369,155.5278536538278,210.1482142571473,227.411209915106,201.5406617404529,197.63327625179096,190.5766873827064,243.38995174059252,216.46212294822493,223.23705236199825,205.44853701654705,237.64131919519608,229.987838582552,235.3563826385565,157.2988236365791,173.21562128898057,237.10511901087887,132.8701607382343,186.33712611882936,129.09480256031287,134.0883791258023,172.03364924876243,118.9574266994446,96.99159240375164,225.87482043043607,236.38461584667215,225.9142904948353,249.46359966405527,241.38878493134405,218.0665783211318,209.31200542015696,232.27899584497743,187.55988557934572,245.58293815951976,201.12291636650244,168.2940374744792,211.63625201778785,235.54899125791192,214.27249877840188,206.38368149466487,247.5870428323792,229.60152103974175,206.35207384158372,230.9115535676159,237.25623865005184,247.29636767037007,239.1451183527538,202.8395571051996,228.18163822776123,213.16790278307377,222.76147708354836,189.0805561989972,213.4244673026572,228.3697701598258,150.17734693573604,211.634311671148,242.38004089664045,231.88712607633613,214.73764778329652,225.41531423816096,212.7602815594209,228.7942013545779,219.76673072593155,223.08958558917544,157.26211341001357,184.07397893846436
180.18367969082817,139.6037500643317,103.63098139584868,142.76372278610933,111.99882427296644,103.21479609339744,138.16899218785062,119.93711202452997,0.0,180.20292592983247,229.0311897392742,227.66631258846235,222.511781476169,241.35458952208305,251.83305530039297,179.08625446507074,247.19537490869797,179.7702628922551,241.61643166890104,155.73329472965355,209.99178266009332,239.549794589323,243.82659181606303,217.49192303722864,214.40378384265065,236.28595204871783,197.79497133300657,224.45716731947488,213.35250324468464,254.8298730749737,245.95912287159177,209.85448452840416,200.32236963290185,191.74177002597548,203.8269847680493,156.16983880049509,195.2703979153126,210.21877192476583,195.06350803872252,188.09386084186303,187.84253795067508,246.6467482212484,210.53973656263065,228.0430613591377,198.96104895050303,232.24839971071208,224.50715191806165,240.49805359540335,132.89659207053987,148.4051968179988,229.34294052797063,149.84527483259004,178.20954740254368,145.4089897042651,107.55752232997268,120.78630035912126,140.45333412788648,67.4887788878602,197.7000928427252,211.3897055726045,220.35157015230104,232.2758970484473,224.5766215214488,222.9324092449476,212.01726142051135,248.783148240353,160.28793836042826,241.87137179556652,185.17986370760516,169.35713136262552,200.5846450273165,227.9623362323435,215.51172541016928,175.35789608286416,248.9083544338846,223.12901540112225,193.8602679371116,234.4834179771798,247.00554198905,229.41080579514548,234.46431219545377,188.80445255503813,215.68822299881876,206.96508310395325,198.8425630031633,193.3468666494629,190.7215847205932,220.13846310907863,128.55978128538266,174.04713842421512,209.4970399670082,205.43811666350848,187.8671813754731,214.3980638561195,208.6323661246917,227.95863066597937,221.2319151989096,245.5245244500493,138.71692696129708,156.33248685447066
170.6956615629174,163.93850566812137,165.50225121527728,171.72347959265394,157.7146930261211,160.81900456776486,177.3030606826361,172.67009712486424,180.20292592983247,0.0,157.11357852710887,139.38243185734004,159.877464843699,158.47772314054328,175.16212552549322,158.60055406139645,153.59622913053477,150.23484309815575,173.72367683297017,205.77147262204537,130.63664448576003,164.55366941560786,187.2530147336997,146.69887128922866,159.2678705144412,172.3971602955657,213.20085505503727,217.5591633249064,182.34676123953156,210.6069974837013,230.1368865262845,196.40701500046785,167.71822650186778,140.84170282794776,183.72499075272,225.83318382612043,205.69903295178835,172.34590137984816,187.22420408352517,181.31157625717805,191.6394796499296,215.14267823712927,208.4419520211776,221.53461431147687,224.72264056148143,218.74981652907104,194.2815654687184,216.4704913358449,198.6035105894861,208.82106787443564,235.9049124548023,181.67751386883103,200.8674798950028,173.23169702883723,177.5488702828929,171.76672796791252,197.9594213491966,169.81603709988417,158.2891148639331,157.34423765342137,153.89174937997,208.5524625119532,156.7225130729118,149.13459268574994,149.433919949695,169.4205967610547,215.0260224601344,205.65995731578803,229.00866842543627,197.80416656199617,169.99850228837158,228.39437044427012,164.18685416762622,178.35343733469486,180.64537413539168,202.9662211064205,156.84179637257833,202.72066528605257,224.7026106762029,223.9616224777304,222.28202611870532,218.28866642057145,242.8632839846351,217.7518688791328,227.83338986575853,190.7249695680602,211.5841340726822,236.8334105216652,217.23936293318607,224.3079341844639,232.41838452546853,193.87832638447497,189.11620991352612,205.94707435991612,236.74290422174275,235.2391283711024,236.4670736439872,243.99973116425576,208.8712631552943,215.66718837812488
225.29297572889809,205.80086334984867,208.15081650627505,221.1266890900376,205.7012235221112,199.81204364490955,225.22825681140895,222.00790877434235,229.0311897392742,157.11357852710887,0.0,107.47011548230284,156.80274292132816,160.32408976329964,159.70665467818174,229.1735382129136,164.43542852056942,200.05259479879103,181.30131087586943,200.6146171464569,179.033820425917,164.46198072757932,191.87176082634605,144.84997287373582,135.3108473449342,129.18449097077013,204.7569193122453,199.3586640258193,181.7830375981273,198.1964367479441,186.7840964285727,236.38843202144844,234.46850871600697,194.3118046505619,171.8374689747028,244.82160199932764,206.4738583430096,235.8028994661469,225.45115288667276,216.17043794518517,229.4609481241589,194.85431463256583,215.20735852224192,207.5324663427068,253.40705426467335,216.04583306220468,185.8081122499612,184.6414376391897,219.4032265413571,234.7118305519916,179.86404120301117,199.49601222999763,197.68582082686456,196.17581652368116,217.28302628422728,201.209591564364,223.49285363930545,223.4482258429604,148.46346150176475,172.95717616417997,177.12578675849585,204.96416834858417,184.92125746145095,187.8019199485206,185.6509194056024,167.38771139556547,241.7998233092194,199.32410479612315,233.760349506752,215.3859305288271,184.71052269525575,218.8998377377516,202.14274048669483,230.4331140895552,217.56834541054008,217.39392770788447,174.4964984927966,218.09376145095163,198.55403533541264,179.4073096488757,244.6513971166502,243.53969865164987,224.763585030628,240.90279461427963,242.8840025746636,245.17924622168857,210.5578384097211,233.3742329411641,243.73972368107155,244.77841527304824,190.35758107882168,198.4722551758776,226.5715175807277,193.26712903859664,235.35286091872183,208.79708887285324,244.5793396348149,259.34298253958303,233.024439070371,235.9770772906088
241.41680223304604,197.2947053466895,205.90343172470165,223.0413495847212,202.86060851767644,201.06360969874677,216.08909563866928,217.89456237776596,227.66631258846235,139.38243185734004,107.47011548230284,0.0,116.33739847216631,122.66920596598636,135.9956364602599,212.8394873078318,122.63609739229342,178.39839988917572,129.95619600179506,207.87386199431364,185.66478371319505,132.99437799353052,160.30715474526784,87.51993938734319,186.940416114248,100.14324876553744,193.21539210033927,171.227977725251,159.9978138550229,177.51923616496956,192.23081530885904,232.15152548457365,235.7327709497612,176.2869685138841,140.9368526320659,243.18728573878107,193.2337272387225,236.34540820976235,230.2475695554641,216.7389515861331,232.4789803120434,207.0849261201301,216.981867729351,200.0348261912432,252.86262837000527,203.922640476127,176.3762068142138,171.1975069479596,220.18416233385773,241.58585338815544,174.25005346854783,191.4353497313042,165.40373951436382,180.7708933742688,216.94324327558564,196.2517597247042,208.43664007891385,224.8633395228152,145.6104725331939,190.72948008488817,159.8087499851581,186.27068738022524,173.55847496319794,180.9254162597224,167.0481243353129,166.53716135682896,237.59807816085817,156.25859225018846,211.0109175023639,195.20951713707476,167.17480628565554,193.3472611395644,193.8735239699621,223.1407810138016,199.4632074842562,227.90643852338624,150.3318187117796,186.83535713944167,193.5480882300542,175.8303237893403,247.08235950097696,239.12713109237,221.74550644254663,238.1329545203798,236.2989176492458,238.46251965152103,201.8659102755593,214.46389202909504,246.62974301496,248.20160063594287,197.2656584120957,206.5782981541913,234.05761099961435,204.6146946018564,225.1562019646101,202.93959015229552,230.36060007351955,244.3642377259136,227.0515716451896,244.95152254673212
248.7394407594703,201.4476606963678,219.22694520117128,227.4252576419028,210.75989172251764,212.73218324472103,194.5798868790296,225.6811588326667,222.511781476169,159.877464843699,156.80274292132816,116.33739847216631,0.0,138.23931885075444,153.21741062822775,201.17070168787112,121.11299723577886,184.54858149886152,138.5967257619395,211.75701507396667,179.930476021206,146.8900750311335,161.91757483338228,133.59669244786377,219.74720991632225,144.63987406901882,177.20221692521443,182.67502227304783,176.2730697870528,183.0507938378934,186.22241233841171,220.92339520947104,217.4602621046143,174.79246540000617,159.9519975460712,242.0724402941813,208.7177295607455,208.4047263367425,199.15778394632375,183.86377318317,207.5506001624932,199.6030288549064,209.8474533100054,188.6686886796681,257.490979553601,178.68129043452024,144.7149532164205,167.72993823549805,226.8822625515333,233.0403469705434,194.69070922334504,201.60046517424476,182.0861739851936,206.2256418279769,222.64201163542413,205.12788864623707,228.7799994090879,226.75559697829087,184.2148065946872,207.6518251623908,176.91153628358984,135.38317945938493,146.51561748861928,178.9229105889214,176.82294991196378,178.8648005664018,236.40719427973448,159.95872406013146,224.3092899593128,204.14782978972664,182.29007972270185,202.10147166672232,209.44791289759144,226.3377978162868,213.50435218749783,251.1422793097359,173.94512790339246,196.0307016925464,192.3431055282153,193.44606409470944,251.88781322349973,246.95046313832205,240.42708190040383,252.3166793438538,237.91153590059795,238.32849450662468,217.0790752552197,226.38993088653896,243.97094290255652,256.8008435861641,213.5400900970644,211.46575729907147,228.4379037648989,206.59900588332928,239.8323947601012,200.45526763181223,230.39883101485435,253.67202874127844,232.23540686180715,244.15019545748697
225.27953411087805,200.67532267288252,213.78877332337115,220.901654176658,217.6361513558057,217.7914954436561,219.04611034892565,226.58830351366413,241.35458952208305,158.47772314054328,160.32408976329964,122.66920596598636,138.23931885075444,0.0,105.9951431272717,195.62412832637352,87.29560148834187,166.04324391382568,75.4119028768337,216.9867176909785,165.4046527362715,102.2372405503232,105.444532572193,129.0705510653067,206.6095691038467,122.964791359898,191.3752717450525,178.53902600516273,161.91314223621512,144.22372553310356,188.4388809682052,221.5187279145241,210.83268914678,165.81888119272753,162.40997592537917,267.57165841154495,223.67046016483943,203.6783058687853,212.7648273026823,212.57750834568373,239.31848220943152,181.4680710901549,220.506966823816,197.15955342020624,270.4723548039947,187.48470809894027,166.00741703819182,152.64761108769443,240.85320042404348,255.94247779308176,192.07815742059665,203.14788225126665,191.27574563769048,200.2103070918441,226.63753314039337,214.3600671678447,221.73394833906536,235.79651210068727,184.0221113321968,211.2249985573681,185.51298859125592,190.50610354398225,168.1247270873796,149.69972010759653,145.7289300928812,129.22461495844635,251.4006040319728,150.53891106952312,215.4909248116736,193.73680285875383,163.39833067723157,196.77819688508467,148.6531586687371,227.60459572192207,180.2954940286336,234.40630004728865,166.03545975151354,159.1737083939638,188.5663239948687,194.2392848258788,245.96381619660596,251.64500537096532,245.52346037420187,250.01624154450712,233.7523467868368,226.75037185873097,232.21580259784145,218.8327444852492,258.4294388128183,262.57835793359254,226.3279434518883,204.55170705244976,232.47541942116104,207.77631318737556,236.94238448825385,218.0026951678552,229.3154121577533,227.96247380592504,251.06033314721356,261.39304422729026
220.83140376087752,215.0918158827317,220.5760655730761,232.6417746697127,220.81237561284064,225.07699623598603,231.3534620552196,243.64717229811703,251.83305530039297,175.16212552549322,159.70665467818174,135.9956364602599,153.21741062822775,105.9951431272717,0.0,205.86249657675455,141.7848953436819,181.50590740675483,137.29951733797418,192.532390575956,130.77039976349008,125.9581090782388,95.51405081853936,138.158480217558,217.8899255279116,135.30758296711696,179.19810236429714,139.70131215307404,121.35629923357276,107.91312279085282,188.4195666257412,240.23951510905945,219.5479378332622,175.53577577403377,167.73173743910286,261.7935010610011,202.02102154524252,213.7595840771711,219.5326606089764,227.43525097910648,237.68287922211985,169.0415091217193,208.47569364037096,170.40492648975743,263.08378270087235,162.1456562272815,156.68786785615353,129.1332556463076,241.35937896916607,240.5230002864633,185.97741832433863,208.23373036245928,194.86549836042303,209.535685064327,230.394614508394,218.2393174714243,234.0605355574139,247.89768938735227,172.10099599818383,194.18807832014244,181.3715963670905,195.4719989854038,160.0091187490499,150.42035308124372,143.01256658050778,89.72849327543159,242.08275836390763,166.9207783139748,218.6610991590069,199.9588366016949,141.67732461440048,188.4685957169584,138.54899788659034,222.9242267783992,183.31456241931835,220.7268192069756,134.45919077513383,133.10623963564495,175.8370697971839,171.5606863558236,219.6289830577325,232.73072611876057,223.4339224028573,234.18849966087603,209.8087977629649,210.12547633746053,211.5682699755848,188.94324709414687,254.427316465316,246.9875965889258,217.77991330740176,200.27842341898565,221.2797689808885,179.180860049703,224.6145697507011,187.9868341151874,208.85546705585136,191.9516169663425,245.50956252499392,250.67945959472465
175.35336161113656,128.95237797655358,171.97569725402303,171.56181946772034,165.66355047672448,179.41935524452504,143.38979056898668,158.42534413177248,179.08625446507074,158.60055406139645,229.1735382129136,212.8394873078318,201.17070168787112,195.62412832637352,205.86249657675455,0.0,173.88381475586613,130.50908459160956,185.549707750828,212.09838102084376,164.712767145722,156.16815007993273,192.2780110038065,194.78326546010976,215.3257187669906,213.61779137525275,231.7632509779183,246.05816857405688,221.6980172286096,226.73764264031863,224.96089686673392,208.52289592648737,136.96712516115855,138.24335614520194,199.58021208955768,227.13428161124267,239.1321731891899,180.07258171284178,180.0881456293643,165.2436236549235,184.52045399296344,230.0505791056196,211.3625843253996,215.79330702729328,241.89967234063644,229.82500244335583,215.56489596513248,226.2939999818917,207.70373275695468,209.3567087937221,247.45839941193165,155.24140841620869,172.69207552263305,170.3565954186707,183.20016733886135,192.58662748925724,172.321437770096,166.3906695752948,226.5047246951713,196.7261279594185,192.80126225905408,220.52375567062103,188.26343143677903,163.2934040630921,175.86173732670505,194.0048407715384,185.2426769738701,214.94934093313617,206.6165177802634,192.47051980647188,201.1491184524228,201.15941472348064,180.10201869836095,186.56406232912917,179.99499788351534,224.06523106658975,204.9799178397809,209.18552963716087,227.84607843717976,250.95085293028143,210.1362869366792,232.0652525042016,266.760025211986,225.23806731708035,240.72372753512585,173.4965580404251,240.0863052960009,252.1564707134998,199.0999254040192,220.39347860053684,255.0423774932404,217.92476262973284,208.71390437771865,215.38044108497465,232.60057981288708,252.76159670703723,234.199940562335,225.51258299531744,207.51357891735813,222.4621183586799
228.6200163821001,200.73179351991445,226.32412573048367,230.7334923640916,228.68704499762515,231.9091231248141,216.76446168112383,227.0041412323227,247.19537490869797,153.59622913053477,164.43542852056942,122.63609739229342,121.11299723577886,87.29560148834187,141.7848953436819,173.88381475586613,0.0,162.17364689865212,76.91606837880772,243.8782510045033,180.6349964350117,94.99608538378486,131.90459685603483,135.50325175709332,209.6982993373053,145.48967631445305,208.22544035980115,200.98628715611372,193.957570306053,170.05254065260084,182.8333640308421,203.54369722133157,206.8185605269772,159.02546473203685,173.12054609161484,269.441200426209,235.26103327830944,189.3806195317083,214.69704514608813,200.30193746266647,230.72372407444175,201.68130766903903,226.8097919339584,202.1794202154618,273.6308500236772,209.23564943355595,171.57427469322647,176.82449087663787,256.5825389953468,263.1803010187524,209.647433985708,213.7695322535161,197.04817100533413,219.70656240481637,245.27694816079452,232.57551376517864,236.480087142098,235.10551505136752,204.3268566908741,212.82023420747063,194.2211605497328,186.85323930746236,164.13092463586372,154.06235795335186,159.04625134864472,158.834351963258,258.73044999947734,147.21564491917414,231.61144545166889,215.22112826699012,187.0922364353966,209.95043652847755,178.35306150443623,243.21482744068507,170.46455431762288,251.2105946659164,185.7199232821796,185.71066586401116,201.3974658615631,223.7510572028852,243.38233971561408,262.2710640375951,273.22182946190367,263.94076872685326,254.7695752867436,245.71402148182335,238.64352562245296,248.2441741246512,268.44867918720195,271.69608762139114,238.93880607305533,223.7564030759666,251.0944863226696,232.4361541356654,265.62844246407235,232.98491709090123,244.72960132204247,253.96027970847712,265.86399036310803,267.2116350473545
182.41740048434752,159.46528768728643,174.06617229648833,151.89399059405918,159.05717353415343,196.5625834127892,180.6694821716623,145.5460168130773,179.7702628922551,150.23484309815575,200.05259479879103,178.39839988917572,184.54858149886152,166.04324391382568,181.50590740675483,130.50908459160956,162.17364689865212,0.0,145.4272835702347,179.59677558936943,135.0018422662788,143.68298197702313,171.57749401440648,172.0957713534395,190.43574237086256,184.99036573280733,197.31894024746907,206.28380040125887,186.59077915114884,204.5437808448824,222.36135174577132,229.64944601131023,158.81814257318828,96.93851778904396,173.77921246501757,209.86795682695868,219.31696815232527,202.46156084035317,218.68991449378825,214.57071704627077,196.8500940931177,236.8153294948569,211.3594437678273,200.85543223826835,226.35589560712012,221.18350647612468,206.84430249684533,211.59393686131267,221.0148519446184,215.37969550610543,242.90584788561492,177.31461654397054,182.1836973273625,162.9400744243896,203.8909786112524,206.74438757923343,182.98186639800724,171.3190070662163,215.659373759403,213.8192465312856,198.53492730313917,227.15123150474184,191.5814200822728,151.03264586938428,141.5260923050433,180.66755683329552,226.56114357884127,192.425810123977,203.2904997418144,137.11351407159395,148.49099548262882,213.15886703520584,158.25470542053085,213.45033525411893,201.04888209295896,211.82490123903608,165.39390138693778,177.38482166103356,225.6617248121491,254.50378139454804,230.7449355383472,227.88767833589964,256.2749139733984,223.467777498026,209.3851550191057,172.1119370893832,227.65317066499432,219.51179706225076,201.2784936577543,236.9624093495776,240.5966213071329,244.85179223156985,226.56496819142467,229.88516129615323,249.11420425654188,229.987197853702,232.30912167405648,224.0229501247885,231.66640903247875,232.58665469323975
227.90998430877212,199.2627310586525,222.2852288385569,217.73942827677345,213.0887998300296,227.80736763621164,214.52652210566677,222.52539341533665,241.61643166890104,173.72367683297017,181.30131087586943,129.95619600179506,138.5967257619395,75.4119028768337,137.29951733797418,185.549707750828,76.91606837880772,145.4272835702347,0.0,222.09091523300228,177.02558942912586,107.15631517202335,117.73316945836724,131.48087571706165,217.4282131226631,136.7704539068327,184.02330838411203,183.1627287570892,175.2945391542777,158.10399688925366,192.0625418557973,223.1796597145818,194.89722493714888,149.99572848028484,154.62425389176536,255.36604207977155,214.3468259732554,203.5334818900655,218.16275215280723,217.26700519542288,224.6957697936991,206.3862487926368,218.7492088813056,194.03074390760608,259.1842624477061,198.8584191893043,170.16500468087008,169.30099513321403,250.16013740651627,250.9126882215352,213.37683319434691,211.4305735174184,190.6208343635384,201.50171134729533,238.078691148451,227.11439411892428,226.5674244503862,232.7837927346443,211.2977166838823,231.64673885975492,199.785357836596,199.72651432475357,173.9830188949936,148.6705199927032,133.56639948531802,157.89220771897618,252.9675861546095,142.81314994398537,212.13501614510392,191.06662776928084,165.42315322200488,196.89002705119256,161.9220923803024,237.48792078224045,176.87371525008243,237.76463510083687,165.71201023301117,162.8689374823282,192.713504736108,217.77095044631253,247.29210498915572,251.0863735164205,253.8107496552204,251.82434646432463,230.9295658667805,232.59702958903196,223.08920263887404,226.6344487958177,254.79484625668908,260.0780220873182,232.8357960124323,236.3835673018068,245.53384058929925,228.334334432079,256.0452745408979,215.64154109668144,229.12462413760707,239.74278812784564,261.98127761967646,254.2301198746488
219.83450291541112,180.5945322279429,161.57226208259556,192.57188358660667,155.64877663454592,169.4122692453101,171.05569416704662,185.92230757806925,155.73329472965355,205.77147262204537,200.6146171464569,207.87386199431364,211.75701507396667,216.9867176909785,192.532390575956,212.09838102084376,243.8782510045033,179.59677558936943,222.09091523300228,0.0,180.9115546149568,217.340167011178,199.68955963270204,194.9069023577835,218.5235322997124,194.725563048766,144.49827502969356,158.4077500404731,133.35384260809298,197.4539613732353,235.88990025196745,239.9989933979876,228.56917937786545,187.03572882182232,173.6915785327767,190.81049615846229,158.20175998470694,238.1500627385459,207.39110574433164,218.4279129777454,194.71037205220196,202.258149516238,198.92472839139683,193.0747599662504,206.43086663873123,178.03112128604477,163.25060645691875,177.79085077898094,159.1920013006983,145.83564846693594,195.841032826515,152.1139517087392,148.95777717571423,147.21300237772044,178.67694833665703,148.05828406000876,158.7733949081102,162.17481359244653,179.38299930274272,207.46570009277264,202.41400542521012,215.87280170686464,207.32402722193265,208.2342902098476,176.64293463880426,207.7165074108838,154.90741808352058,211.28438705997496,155.01938911905796,147.93661621051425,148.5128210266074,181.49968463077917,191.12304816463356,175.06286468927533,232.1829009526009,214.72597323859563,144.66464629616928,178.8787728043006,208.661409025571,182.5960531464563,214.0695079896373,173.9340649952957,190.2906503541107,196.3695625051968,159.68109487309107,190.49097850536089,173.1788703886839,170.08466866385143,145.3358109123571,159.93413357340057,170.74995154719753,189.53059993289773,176.81033666259304,181.63080830042583,186.40868416848144,186.0327454902283,180.35892530855872,202.73123239428887,154.63074035003882,168.74810942639397
156.43229615120967,206.30678885027535,197.40249030523927,164.75277477700465,183.050727877103,198.8852029042717,203.50014305953067,208.34936757112223,209.99178266009332,130.63664448576003,179.033820425917,185.66478371319505,179.930476021206,165.4046527362715,130.77039976349008,164.712767145722,180.6349964350117,135.0018422662788,177.02558942912586,180.9115546149568,0.0,166.96577907877315,162.94915736045982,189.78897760023065,193.53841618965524,185.0131648440455,184.3914685424704,183.78554242010227,150.63133143417724,168.007076005992,233.0886446034594,203.7625705543933,150.14727683866647,115.0989465688134,185.2705516168229,222.23261196807076,183.36132149392705,158.2728484847732,194.29871837028327,208.72088681289105,184.21268675577403,205.8976379395854,191.06274949420884,203.1795077767262,211.3719987072752,191.63340044672012,178.80053740632675,186.60601103242212,218.8630730135062,205.17532129767025,244.25400270917945,213.42906742025903,218.08732987641883,194.9721246268624,211.87126773770197,202.41230921631345,227.13094071185355,204.19079882334552,191.25995103478857,172.67649738031514,157.2692565346731,201.8037028498612,151.8979707627876,142.40676834555097,139.0855840063958,143.69784814769667,226.50693669816087,200.52171491849865,217.5548589209443,188.55331348256092,129.35455553131817,212.84155490100068,131.97507960459166,196.34096636441663,173.9140191711112,186.22768445381587,141.76514976322852,153.6359301323443,216.72217454769583,230.13660411155644,179.29869307129792,202.22865280123744,232.15419638841684,196.4635835819901,184.98454551370023,149.3461214662131,195.10086272048036,196.9840554751776,214.0160883078568,214.99414745830265,229.60150968355003,206.3553361913411,182.99321628768277,206.7076870513996,231.47394213239204,216.0125332906697,201.7954023571608,199.86888518388628,230.3948027751494,213.87131437825835
