0,1,2,3,4,5,6,7,8,9,10,11,12,13,14,15,16,17,18,19,20,21,22,23,24,25,26,27,28,29,30,31,32,33,34,35,36,37,38,39,40,41,42,43,44,45,46,47,48,49,50,51,52,53,54,55,56,57,58,59,60,61,62,63,64,65,66,67,68,69,70,71,72,73,74,75,76,77,78,79,80,81,82,83,84,85,86,87,88,89,90,91,92,93,94,95,96,97,98,99
0.0,128.51001588371076,115.05431237824403,114.12186963065926,148.9792389906981,126.36684072709473,107.67289345910169,131.56918981497898,120.34523637017894,130.55047767011814,161.68944301399318,190.11469141815007,164.01047888348089,146.6075064294822,142.6801001395949,120.83473684197308,164.99518062424067,128.12114252453867,144.7396791860265,131.61862055859189,152.0479087568978,145.09152979648525,127.08625106553647,179.9340340510949,149.30635184603187,181.74994991436813,155.17145110702052,158.53798071632184,148.9854316320361,151.81587855809863,160.7297627442733,154.00704920838183,113.20631872875995,139.03129674767175,139.36293288659942,114.28175338878891,140.48499523951094,121.94079216059434,154.65251127116412,161.0536824256361,137.93352645415274,166.68544219326753,140.0585586039616,144.73285176272296,143.11893282910086,138.47008556644064,147.92537833239334,135.44902196792572,121.20536670310332,131.0812908005522,95.33942304269304,117.9193252058314,123.8060541302162,131.32631997780524,120.8413130534495,106.36894154954216,137.27513353310968,146.85801902289813,156.4443767944292,183.803074765022,183.15371794488848,164.9686346588594,179.18690225310473,161.12880482900027,154.26538757761827,150.6468393024758,134.45651042514316,168.20379363196474,155.40462332391988,143.30392170308448,151.3799714225839,134.16692633087962,152.76117326928482,187.59393976061668,175.80128705316443,172.3534639089156,152.15272804609884,160.73763849907618,158.25861080542194,170.69635251611524,183.3261397423223,152.79685803037248,133.11534363777807,125.28777298713231,147.3686337387527,129.66803270085836,140.9006737508162,145.27919540314426,140.73697271975658,178.35075899951667,140.3086843298672,170.4054002125201,176.50280793741092,168.63160843904635,175.5986787054344,129.8273089514468,145.2629490130272,124.68366874669634,123.43425798341003,137.2924516592015
128.51001588371076,0.0,77.32178108271515,105.7094973735068,120.97218366061092,90.81439405103428,107.65933026974622,117.8985073797022,108.76419602289752,126.5492459271803,141.7956662044196,145.40821668159896,133.7006723004563,104.26824678416617,90.57981775359733,78.98413339486802,140.62908513204707,104.05268760199908,132.46601817778384,92.88944490488495,101.3044716090468,134.5059147600981,101.55207775420344,152.70404563314102,161.86750473392397,160.7864198580034,129.994282232,143.3427619652726,137.88798505577176,106.51829238691435,164.80223773076276,121.84119666387286,121.12360099917618,132.18753110030377,142.70409102459934,92.1411082904976,113.65722532278872,108.77593913127396,118.71474028649293,124.01356197635232,121.28761376279088,148.631338758874,120.7974809167038,141.17082497915248,144.6252239505542,117.78295974317156,120.66506318771998,134.21397743997454,134.0866431234582,118.19913709380472,115.99141471350968,79.1707386434878,79.79730610495498,121.00913557485865,83.96534109265858,93.34496785139308,128.83933000862734,99.5794915018904,122.47715267916924,166.68705334603573,156.57221467455804,140.19902776645347,125.99413859102673,133.68099636016512,114.0080065974617,98.3981821391861,98.56664221037737,129.78633609415655,125.03619143605884,97.537075545316,96.0625385383338,140.68816657813682,133.51556097010712,149.91878287623274,151.12633419874686,164.76234515158308,139.5322771076044,127.18078671647196,161.3390086787086,125.4551028950951,155.260980451946,105.00922343848396,132.08695039570702,140.26543443035365,127.50417014243504,87.26691003766047,134.7986783766093,148.9420453491704,105.74886406408264,130.73963396934278,105.58579439839714,127.53039856685194,140.984591611656,147.51303964303932,146.64129919559736,138.48460368021233,106.04573367257252,123.37953650782464,133.3936097022559,120.2561742340174
115.05431237824403,77.32178108271515,0.0,109.48922596049968,135.9037803193517,90.07215884181927,109.3389678976929,106.36373746971222,76.62782570126144,120.34039263593012,132.7605819167208,141.24141542555083,126.83531422511405,84.81038133918533,84.08093272265572,97.10642234820456,124.05438308709708,87.62466919424196,118.07898273414004,109.062967096196,91.1186674289821,108.175249309538,93.19937745643126,157.62577909472736,157.06315323055713,165.93749859430363,142.77311810588444,141.85274608935077,134.51028586912426,106.33719409447532,172.47210420926564,131.44667825476645,120.56591641905264,112.9979574810803,128.94789199836958,92.43429072777458,117.63379474575984,111.7902150045769,123.28313438907524,134.42033993173084,129.49797107380562,148.15635525370698,138.8679469421436,154.27430224146931,153.86066235818234,126.59063625833082,126.42123940257736,129.57521852648813,136.38963074526157,127.69281503564562,112.29180103613484,59.33367829277784,89.20386710809552,123.14901492931958,81.98322241587985,82.42224656319978,123.37917073651916,101.734942585403,104.54286597796263,156.61283185471748,148.17713030058945,150.80338878585616,125.5200530810457,130.34910709306672,99.45184308480104,92.66216060236118,111.24177033798053,134.9141242859135,112.78046320093586,92.73082887513392,107.09444976714713,112.69984497285326,130.0084906632419,150.1279998076313,145.53071455430015,155.4928029215061,132.13772579105725,121.11783645602252,158.52134760761408,124.40615158511808,154.46545759217807,102.11935157298848,126.8261244034766,131.96269444871,144.17197870429314,92.12409416377346,125.53048129364322,140.35359192403462,109.77564802050644,147.27362292119324,94.46910063399191,115.52805693939324,127.26235190949603,142.06451925574703,144.89051903887923,145.1752111389797,117.35118786912288,114.2028754766422,129.86314204057146,124.69659196056026
114.12186963065926,105.7094973735068,109.48922596049968,0.0,102.44368690352763,110.8293187992179,93.25289393225088,80.19863240140992,111.99474594592792,95.83534161923497,122.99724822668234,139.51568868194818,126.28312671912728,120.9795607617796,114.15315667629709,100.95201249103668,122.95832366770512,112.76345751102778,122.34325956355228,138.9926811809107,130.86254770550724,136.37999785965047,126.9487384324474,142.52381584475108,143.21126683520885,148.92183579668347,176.53880840452285,140.0703396608071,142.88195849606615,115.50102638848708,175.99173769515704,120.62061706223918,98.64730174754295,135.17206804143896,152.58541371307442,130.30815673724493,147.5165435471153,95.76893589781238,126.93850189677217,140.48327519888056,150.69749055000705,134.53289801916563,122.32904911725711,153.99688140426142,167.13017759331365,157.127049684425,151.93645977307972,159.26529632397592,146.33288992411812,150.77551503532456,119.14267656087952,94.30576828964706,69.05605068718445,53.40454909773102,83.24830693089355,99.58842572886464,67.44629548702632,86.97598381762563,131.7693978611842,152.59840350392398,140.2182607327473,149.9952134252784,155.1471337354563,150.71663780560917,122.13050896107086,126.50104863683812,98.54705928967864,131.50709979710155,122.46218636011577,115.83943636596578,124.15289019866889,127.93242180194294,145.93578322114612,150.07785734736635,133.92942235265974,144.31516418653706,131.71730980400494,125.14310131818569,180.48667206066855,122.17692769433889,154.64660239191673,143.78954613256886,134.36168428618703,121.24700218033708,142.85720977217218,132.1085810504666,151.45844631621873,156.20516088994958,132.19918888912733,159.01049645640506,120.659070367427,151.30429948123137,154.8360283465812,175.20049602744504,130.22377804361804,151.6497892795474,146.5912769562384,147.58912778656207,141.2492542216454,144.07727380864262
148.9792389906981,120.97218366061092,135.9037803193517,102.44368690352763,0.0,110.32098868175518,107.71975304660135,115.2478730404238,134.10958670517698,114.03750222569614,126.04738003648184,128.11545918402874,130.38740360156964,129.1096032320573,114.37932042676982,115.46809167876526,139.91596922854166,129.20995305098683,133.105418143027,126.08453059782777,131.21921134175926,145.04547775978278,130.02518719356533,134.7267420365048,151.27788753334443,136.09851668744858,147.85749831845396,135.02595698227606,124.1837562363661,117.60044107772696,168.9812968137903,133.81707303771776,125.25955035658798,143.19200501026648,140.03213873610477,124.80352887912596,143.20908946558313,117.67096891148611,136.3991822728226,129.54028999645055,147.46229248958792,143.11761917836813,128.0869936559605,130.90260001478015,149.27059229464086,143.1235735697372,146.0907886934006,153.71425837560082,132.17292279997247,136.6300348750706,138.91377151244666,130.77685551199704,100.20843029850916,104.7753446377017,96.19113239893024,116.67026713088796,106.77480334924398,110.34743556516064,130.47359843983,149.0074935155916,142.6430819990924,135.52665861775847,121.37033233451731,138.9205921595482,122.82643565770508,120.01800266521482,95.83685855491149,128.68514741152748,139.02580651984027,121.97925205992374,117.56978945863509,146.90769148342414,137.1840805962791,143.51706953942218,132.74925372718215,150.74329632235057,124.97960231344982,125.04163326406868,170.13700922142266,131.62347741850385,150.08595065629103,145.79699890338122,143.23995321696515,130.51443763469462,124.2412453236879,131.86941145415517,151.01500663017612,151.50518245254025,129.17624720093028,137.70819551930015,131.51686421447704,160.11210958472708,157.01786426515253,164.63148592760115,127.50226414696934,135.4318696009524,136.0518795055499,146.51266926105268,128.15865596461248,132.73137536098992
126.36684072709473,90.81439405103428,90.07215884181927,110.8293187992179,110.32098868175518,0.0,91.59545824399136,119.28630600147504,99.46594622521728,115.64156559752035,147.83046218611665,142.25820316178596,124.32272313302768,108.70105178810928,102.53787260682984,96.95015423378754,132.7381572277099,101.95393264365111,129.8991708621806,89.47365781579651,122.06330470854618,118.27915693685163,100.28501655959924,141.31752631024295,142.0953515258241,156.25572212201325,130.130111327294,125.73085756584612,110.39423872865748,105.96714580282008,177.19271106015012,146.78223154421562,132.67902550180855,111.04716039483442,117.75314304795968,97.720474757085,122.87432947036363,123.08036538676474,143.00757422769476,137.4648647204003,139.9743557085817,155.38936846486502,135.95227257768758,134.35882508951477,143.7766738684633,138.41244666685492,134.78714404253725,128.44758212230687,120.603245483868,131.53460897573785,116.85476611330496,102.07886953582184,93.8846138187034,126.29548541370856,68.70208043518744,65.48960571475807,111.93921317437676,110.72355601233257,107.53844711184952,165.29673564065735,143.72097673980582,145.79224583413213,127.9890290547221,147.1894204248705,116.9474226880606,110.57303425279774,97.90440548567202,131.00004722858617,112.38859533973306,87.8717816280728,97.1985448637944,114.81757103680832,117.45133240940775,148.6951968420973,131.0065161538077,147.75663819271023,106.41783232869308,108.586949620409,149.82737609520177,151.1455764723243,136.8400703268702,110.48512845991168,115.28295218401436,112.69828546554209,110.3898474209264,91.1464878324024,128.14078684329172,131.06120227311857,99.82251171905156,128.60133436528488,124.42992362310147,148.10103639320954,151.56049043561126,146.66330642456063,142.5023843803515,135.70404671862127,123.17647791837942,115.12143806451924,112.76033318933868,132.21786493721947
107.67289345910169,107.65933026974622,109.3389678976929,93.25289393225088,107.71975304660135,91.59545824399136,0.0,88.35716674353333,97.69931941889855,103.07253776985505,149.01877227317314,156.02002316404725,133.25406584497887,118.1778622132963,109.68935182166156,84.87161146291476,121.98606817436097,91.29538280329564,129.3191785846973,106.07698459370248,120.1566771474982,123.60274290621194,99.47869383331252,138.43662398462016,147.99083420263963,154.5321297668753,135.17239323470136,120.70555250557474,109.5954958297607,111.66320537018107,165.25007751374662,133.04331619427558,107.57315119397678,114.39693098208984,115.20753362878136,111.78635251462632,124.00768295501,97.12499810439148,133.54741190569337,125.20755283155547,139.05275146406723,148.42308339761843,134.52018190366246,139.56386554234933,139.33634837665016,148.29485724575625,143.50780930514856,138.299401627765,134.0460571382375,145.82561357668914,129.55225019134133,100.99832821265012,105.46433352604402,118.74598823081294,88.05088495176939,80.52500606431481,107.7815728434723,99.2182087550106,137.46473692977423,166.5847955795586,148.93483978111658,156.62867080198305,150.46953095172725,158.9571152593075,126.68014144794935,127.8058502495402,94.96335149624132,140.72523979962418,114.36309553006689,83.90274835576426,99.46517405979984,105.43070929557456,107.48653492003452,151.33472514938518,132.1094797577939,143.92599451833348,108.20343712455846,112.52292661581164,150.09647083834548,142.2245943916193,138.34313506454623,122.49551990574486,113.6975118552328,94.10749981448012,114.58115737274382,109.52575283438432,131.8873384668739,130.1332799606257,108.05635555260372,123.89968021853576,137.40183550329385,149.11080662673348,160.84160107821432,156.86169844678716,134.4599258004609,139.6239504393006,135.32019046383795,125.11956158181805,127.33422098109509,142.2829201414877
131.56918981497898,117.8985073797022,106.36373746971222,80.19863240140992,115.2478730404238,119.28630600147504,88.35716674353333,0.0,95.3019453365566,90.85879984207048,117.5807427998778,117.8465476927578,134.14771916973783,124.37327443273554,122.6840623515138,98.72772534562216,111.43953189445384,102.33166343034898,121.35965102763224,147.02089668704062,127.2753314908844,138.92853465493323,138.13781726568033,127.88576857367812,135.54585275148895,126.51377100785936,177.6978285883036,146.5256114929848,133.03118177789838,121.59898522186276,179.22772082391967,105.7788642961858,115.4822148961485,135.55147179968432,138.58026009177743,140.8490443924691,158.1403771950031,112.45853934271749,140.98483110052217,142.50320068429184,165.31256632079558,145.20725479609274,132.24582268901898,169.22722468452724,175.26955981486125,174.94168311893452,172.05710024848366,174.99293664713718,160.1635582767302,166.78902698605495,137.5716457941921,98.701473134089,97.10041720067628,88.26135833561739,103.30986594446496,115.35036177372812,72.90174719015786,54.03945518463375,135.2055871750521,144.8634881514234,125.77812356846404,155.25142040962157,149.50289578552184,163.99746499077307,120.8343942423664,137.47766041529593,110.49948536848144,133.41837237885014,108.22774913574474,103.84348784458678,120.65294924231368,109.91693814608088,132.61994169668571,131.1502347796584,111.9119859867886,125.29682335908686,124.52028771596002,116.18091700551037,184.9134809109055,103.75942233047536,129.70814105963333,135.99247084261833,129.88385487856337,109.0854784305186,140.47298277719554,130.84400436954098,163.1553194722272,169.67324083830303,136.66237622680572,149.26872072049397,128.54978957662345,141.6077327752855,151.88596264948245,168.3837945738823,121.2578137245906,172.61696147928103,154.46926106578314,162.00106073070572,157.00203882942202,162.19364321308728
120.34523637017894,108.76419602289752,76.62782570126144,111.99474594592792,134.10958670517698,99.46594622521728,97.69931941889855,95.3019453365566,0.0,107.03346503498868,129.02200809683933,143.53812116425877,128.77427930234182,89.37382168651231,91.18473460043823,104.61611149055884,106.98097630341218,83.78506387573199,110.89313638939927,117.52909373459572,103.32556891860754,105.61149100049435,102.66167543408028,143.20281087980385,150.3325485662968,158.23483905846632,147.75857877029637,118.88247438392926,119.32810288603916,106.5634238494649,177.39265986896618,128.70510131383617,121.69806134851687,103.01307808877677,106.01955190242016,104.16727490518556,121.96076049834797,130.55684390320408,138.15021872579084,137.72092241230052,147.110942060359,158.9731507721151,146.15230514819785,173.5475508951991,171.99975534964753,151.1809989600431,140.69783004629468,144.85519572856313,145.48686475026508,145.32681364084806,113.44001414068384,85.9882554165974,92.10054776794478,118.71750010531365,90.8051864290727,92.29664797438286,114.11082862296148,92.65606808738512,107.05815088645222,168.09240319977937,151.51696755660885,158.58300408352773,129.2895296666891,142.8103865459833,105.4325066193858,108.20887895732535,112.78889132993996,127.05449937529414,93.29840144596318,101.88128781816944,105.73611194987905,95.70449185994065,114.97370214283814,141.96775536643383,130.18265212875065,141.6380585638003,121.65139393036353,108.20635947633004,171.32423526985173,118.99750832254318,137.22444181073683,121.57681676538984,135.2691916733782,119.94955071984748,144.45997646693155,96.94421395367796,142.40154430214164,149.50248877363796,118.25305497747934,141.52331950385374,98.76810229836428,119.99666048672238,126.71628709696613,155.01212608844435,140.6611024296694,166.21028576725922,133.3836913204123,129.3593709614198,142.06038198448755,140.81912050947545
130.55047767011814,126.5492459271803,120.34039263593012,95.83534161923497,114.03750222569614,115.64156559752035,103.07253776985505,90.85879984207048,107.03346503498868,0.0,125.9232911486462,119.01190392731502,126.8197881141016,124.56841038881244,107.06696062736526,99.42052894785311,105.34919447492408,118.3880806693976,120.51265553382922,149.85314676906185,130.99194447163924,144.78747387652177,134.2402225325436,113.84572181540044,113.58629868907586,129.27236519603807,165.1973558502215,131.00992742888002,125.39431138123255,104.73216025056657,174.79972727073118,126.14586118075752,104.61050424820974,135.2305698742722,141.77632995466132,145.99301600858422,161.86114836742684,123.02096819515953,124.70148966548253,131.67960808845953,172.19240489774256,157.40395341824416,148.7614366773303,160.569979439787,176.52045401395463,166.4805393145175,170.44236985367002,172.45134168125284,168.6364371389734,174.0207923344616,141.35819449487437,98.89841551946569,108.23569411845573,108.35044956502864,99.13518861282115,116.52214244184016,112.63717578183868,88.8860618819246,100.69092689719172,150.82278983812353,114.81329627753598,150.26428902515835,135.9451545992233,147.94789476427874,115.61465989086813,119.33881207312746,123.759302373745,116.52144949107203,117.6907160780518,119.97234471039312,126.45158706735572,128.4628959681081,130.39507512425064,102.87620147724334,102.440734416522,116.1114570961302,117.04293912683822,97.1311036747918,176.24149796225936,131.78693325941236,122.36189989209475,154.64187655376793,163.2797010933758,135.54145572006604,137.86018304639754,143.29317855035686,159.2767259669986,160.30286473820735,144.9755595030119,135.31166458045195,136.59376073928064,141.3682014315911,126.10390982127169,191.5035991768817,131.8442064988344,163.82415852491312,154.0258539656382,166.04579749793734,157.26906002864223,167.49111298685108
161.68944301399318,141.7956662044196,132.7605819167208,122.99724822668234,126.04738003648184,147.83046218611665,149.01877227317314,117.5807427998778,129.02200809683933,125.9232911486462,0.0,113.56953800537045,110.22282581613754,110.69705705533278,119.18402546049988,152.97814210480954,130.8161066094801,151.3472047798881,139.0253851746979,163.1989533999395,138.41381851557702,161.5563821512403,157.79092405748383,162.00190601941716,154.38652006778625,131.1158348155093,170.75958021377147,153.2054127778811,157.74841518229772,135.54429495522402,178.67414521920165,137.06243841918084,146.44260633164697,164.23382334107532,169.2814089727705,142.0721772006227,153.53503377856848,121.42408814203714,135.36177345239622,136.75973755444534,137.04621553861762,140.60348705545107,132.15715563034965,162.32110328902016,175.73012013547714,140.55873059773282,142.90837994721875,175.69444695989785,150.28596885751668,135.1145129966821,149.03412336632627,121.91995607574604,107.99995817607956,107.67943142665582,125.72184340748024,143.06656435900112,116.15228691341692,120.29965949407696,136.08211655665073,115.9976455818471,138.30059543179152,121.45109033393344,135.11509781229546,134.88257399615858,110.28537522980156,125.10843715895558,128.47632099643624,123.67401797507335,138.2298903292338,149.43304304345278,153.5438633903076,151.2433722181007,169.39774141007678,155.19108318850814,144.09384705439138,151.48330852036992,159.44798224065966,144.52175109843233,202.4022677362268,123.44388962113328,165.51130774309848,147.26485891908743,163.33772985573356,161.60587340670065,169.81316218253488,149.12733375314662,150.2564197555331,155.4536825264874,158.0768486629617,176.13878292057598,112.38612023616857,152.27336325546213,139.88101718326408,158.85232675009496,143.51338398840895,150.7772187418697,131.02898532104498,161.150003744051,147.52313065067068,128.95832456955978
190.11469141815007,145.40821668159896,141.24141542555083,139.51568868194818,128.11545918402874,142.25820316178596,156.02002316404725,117.8465476927578,143.53812116425877,119.01190392731502,113.56953800537045,0.0,99.3504028887181,128.81998180997493,129.3553838033999,142.95180426945706,103.83173428121532,142.54637268438802,137.2528963807223,165.52828969784866,137.82181711810364,149.24735495490953,164.31465239615602,105.18829142418872,126.7138629226427,78.87702533485961,166.33881960214012,146.88642422180072,147.1802111250293,120.29059192714354,176.48984348909167,125.17631856315874,161.88288806590032,153.08556863889365,155.0539522937853,172.41508242058472,183.6510042775208,148.12265628600505,138.6481661279844,132.89570605726732,184.2041973489725,133.02525910626792,134.34959664102067,168.5564938048496,178.64754798082927,182.0137263867864,177.0241115326068,195.6013775690597,179.11635223523302,180.90998126054384,174.9114293117507,135.84686626862782,128.5180532677154,134.53776095287208,136.6940778253974,154.60974387885074,120.8781718600452,99.09369366880983,117.26959369500852,121.49536110826308,95.8923517200596,110.91904551535715,118.9261736862417,152.71855251133502,122.98622122527703,134.6299035570981,149.06762692055395,113.778064040521,120.73491981571672,131.68443641128243,132.27766451892677,154.42388301110788,138.61622727769102,111.4157211647053,97.71377977162668,111.12652249184376,140.40261185036542,112.10368854087103,197.0214518595484,109.7837108477618,115.70513898563124,155.61949011052923,162.0383172609072,158.6492238788651,138.3472240520744,166.8908418263893,174.84671192645834,177.09689995577872,153.56385907007612,130.24130081908692,149.0482527633014,136.12265679892943,137.0183182270136,162.74642900047326,109.6294990842108,178.49817970668437,168.05805969907058,190.2594796854992,172.31375581709256,172.6558376954385
164.01047888348089,133.7006723004563,126.83531422511405,126.28312671912728,130.38740360156964,124.32272313302768,133.25406584497887,134.14771916973783,128.77427930234182,126.8197881141016,110.22282581613754,99.3504028887181,0.0,101.42525324069672,106.67062321658912,137.57105090216874,110.1802661021014,138.031898833652,124.6191208416692,134.8083345436025,125.0654143560126,129.48270692976172,129.64056405391307,132.7018332469414,149.90410794978996,139.0273961577684,153.11612352383383,134.22777528121443,137.596920862464,95.1369499565879,169.89825168254202,138.7654881288504,141.89501231305096,134.632030635171,146.46334276779336,141.3029582208202,143.25368699239846,125.24335970122338,135.31894951124866,127.49979247113356,144.63544228183298,125.3829519967782,127.24158398862572,163.6935430838755,159.12978596769372,150.31195227300788,131.4175222053218,156.44410765397066,154.6731800203041,144.85470856471028,157.2790161943268,135.0907949899642,121.06238035002136,124.59940090432588,126.62916011544053,123.85397822168991,119.18523738841267,119.9708475364557,128.2835219336718,151.31069857283373,121.35562736861834,77.70762240162225,106.97653444032916,140.72796269668095,111.35749358328675,113.09530892348636,130.85610428290477,98.233759696244,109.72096718718896,129.36099409846196,127.21733169875966,130.63431999799172,126.12702383939492,148.25375473173557,119.75718184664534,131.99234338496436,130.24326858141922,105.61433796170196,180.6599880902405,128.86582633793563,135.90711383277474,126.64369698458437,140.89411947791092,143.2066827203964,137.6611112543889,133.1760436236224,142.72820020993294,150.71423408342736,125.68848241971016,129.9399796254421,121.86835089442532,141.25951587807714,144.16864531791887,149.17152341136978,127.92535536187488,157.12318300513502,141.60782265604817,152.3402626218123,150.7890291235801,141.42407378556578
146.6075064294822,104.26824678416617,84.81038133918533,120.9795607617796,129.1096032320573,108.70105178810928,118.1778622132963,124.37327443273554,89.37382168651231,124.56841038881244,110.69705705533278,128.81998180997493,101.42525324069672,0.0,47.493740949881925,112.84685749948468,109.95565853655816,107.33660663892988,103.40269129462244,112.92056833404077,76.23314641225421,116.93444083711574,93.62872270582832,152.5030118160121,161.43401481739917,165.86257525774136,134.39739336576628,128.26264412801052,131.78200778408242,76.55567491621916,169.20596698861843,127.49920948055048,129.41425076573563,110.22514417807682,133.81465617433275,110.4716283394373,116.48873107184237,115.86220086945951,110.6372647165465,107.81826721132173,123.30066562706963,153.04975736608094,139.24874130879778,162.51872602035377,163.11623475113083,118.67730491117965,102.33768758697346,134.9387790743624,141.28140090500168,129.16010087941407,123.01816176182058,86.44070038961573,93.00586641719786,123.18942552735962,93.7070459356904,96.41694195027884,123.72056656907736,112.75825584835846,98.5624324215805,149.78237853826948,145.4522057028115,123.6436296499814,106.16193145372328,110.78102606667426,78.77016095721419,64.1513026865059,118.51884308795955,117.4289110605298,105.00362778663472,108.61406137051873,105.26262610701612,120.31297866569332,117.86064718222332,145.50916522347768,145.127456257336,158.08201207607232,133.01209641270052,103.55134479188072,163.97393056835227,111.47255259696652,152.29294486817767,102.71446103200562,143.65726804923207,139.64068392645152,144.14044416096132,90.35431883998888,134.12238459288633,135.0458969694921,123.59085411508283,135.7538321770349,82.97457319465579,110.25500067853068,112.98516804579174,143.44620589294266,144.23942574972074,151.50845832796003,108.77022865113358,119.37937258924516,134.59799983823967,128.4414778595382
142.6801001395949,90.57981775359733,84.08093272265572,114.15315667629709,114.37932042676982,102.53787260682984,109.68935182166156,122.6840623515138,91.18473460043823,107.06696062736526,119.18402546049988,129.3553838033999,106.67062321658912,47.493740949881925,0.0,97.91497756993158,110.63757598054426,107.39683850042454,104.92991485750412,110.35922390027382,66.62361442024643,119.94218969164754,84.59449850251065,148.13928133854697,157.85514439476285,164.5236542577387,124.0217464941266,126.55761535529638,131.34579688652815,56.42016836047722,165.79702614407068,130.25343779661915,114.37441463219876,113.30650377806036,133.74399796896637,109.6871554195002,119.82992581282242,101.97061780459234,94.19524570019772,96.64241072380744,127.521353762044,146.93687482367545,128.4353530142215,158.0040773405433,159.22705829186867,112.65231834623548,106.83251954789029,140.93709071952932,147.18550245600488,133.7364236057776,127.88658312759006,81.62026766804232,86.28642041223917,121.59166586494884,81.22368583508697,87.6976771567861,126.70741798775424,106.71949992606092,92.92969392346416,153.3076749910633,143.50626104017894,129.48111896073593,98.78932708689176,98.896146729432,64.56955714669037,42.62278048440647,110.39509048257273,112.32213192920476,112.7695719066286,110.54148677010832,101.76111622079289,131.8874096605892,116.99943631079029,135.61455731428913,142.2491221826415,157.17340553311584,134.04625343483178,93.86221765425176,169.12553630052005,117.43031881880808,147.43510931356434,113.50319291416712,151.9210603555544,143.15639810191493,139.8706434551017,94.84653126818026,137.60938662298918,138.21292438570404,128.03958610084885,128.23946321034285,88.16391466445162,108.78235809469132,106.66971861030686,149.83933222842649,142.30990059290224,148.24520165239414,106.56563986925484,132.0689675877785,138.76965046842247,131.47163005709683
120.83473684197308,78.98413339486802,97.10642234820456,100.95201249103668,115.46809167876526,96.95015423378754,84.87161146291476,98.72772534562216,104.61611149055884,99.42052894785311,152.97814210480954,142.95180426945706,137.57105090216874,112.84685749948468,97.91497756993158,0.0,115.80789556001385,72.91502172728181,113.78047528839808,110.32064867579864,96.37115963962611,124.08950438539392,99.32643748714592,117.59674995481564,133.61066823422277,147.6470397154663,131.1319564237281,122.79834855600764,112.80544340142627,92.35278955528844,156.03322236319417,100.98670063359098,96.73742953372056,105.57173826568727,117.67187038690818,122.69599406930148,133.45092188740506,109.45519080107674,113.42914985124592,120.21065883036631,153.28608351168174,143.47121662632418,136.98232240875683,152.90857312716508,150.08131529853418,151.58989938058247,143.4832459113633,145.4429311090581,155.60944171416986,162.8000590137451,124.64240926448691,84.91457711566976,95.49302378086809,125.00151636618264,87.65014789741895,96.1662887038987,116.54692193790264,88.4740252235187,120.56989093804168,158.96400653130388,139.7574932429583,154.83530917987443,135.80485903165254,140.1116201688199,115.9356559373128,100.99885255300056,109.97977104978304,125.59248208886922,101.01922298219068,78.51295242520683,83.1992318007807,114.29618421479124,95.93812523058251,122.88976933273594,119.34448106910214,135.24124843249294,108.48521657091328,95.37543848100228,151.2319219118158,128.66475631087525,120.3219455702159,117.89677925627352,137.79855596405605,119.1615795442155,114.43900785056276,103.39058386099624,142.68769455139486,143.20078604246942,118.78013738396822,110.97281601622788,128.51900770087397,135.91940974058053,136.4104164737941,160.49692956674562,125.16068860341493,159.84515704113403,139.538328318975,138.77638594917246,148.3998457754338,159.65970254830003
164.99518062424067,140.62908513204707,124.05438308709708,122.95832366770512,139.91596922854166,132.7381572277099,121.98606817436097,111.43953189445384,106.98097630341218,105.34919447492408,130.8161066094801,103.83173428121532,110.1802661021014,109.95565853655816,110.63757598054426,115.80789556001385,0.0,105.3879178274208,80.44551104085437,160.37829006748626,104.99851445395656,110.35817511367496,121.07466553032872,88.0426371657924,130.6046651688374,127.97693051391929,153.6190143299961,114.48826851239292,132.46395512260375,101.65623081946023,166.73908508643552,135.66508191710835,123.26475002213635,91.88222848319953,119.89100991111502,157.6121823369921,159.78789048667588,130.65874385853908,121.76887034874986,118.1837329231588,159.14325086961395,140.23207780155954,141.40033537787747,179.70937023508392,181.38016425852723,166.31488260030122,153.8697737382131,158.32150501176864,173.7901077189034,172.89858133469443,150.73158843867282,117.3073318932798,126.880000971851,130.7907848599412,119.2456887180196,130.25614124681005,118.73037841524754,112.44277177298092,104.38257564082662,133.41593779973073,114.16452169625448,150.36958352705648,135.0069589014979,137.1533649558875,94.72689245002049,115.42410029347192,144.2372575592239,107.3946618360782,86.92566202155567,116.39224866556656,129.34978517975208,122.63761275443764,111.18733919504874,118.9167590232548,97.36285958283143,104.66817372571518,119.65930141231472,87.83381523864543,168.7093290536473,122.50432225801556,116.71812717682072,139.3204107602965,151.05881557522562,137.50868107353983,143.80543276029638,146.0138915988505,158.18465691492037,141.62114501263238,149.20592714830389,145.0660453842974,133.63373994547072,125.80741824196774,128.30662655958815,160.1877061019321,115.26703480563135,173.84151621619156,157.2539862302999,156.67914978641724,167.65868376677116,170.98691891639854
128.12114252453867,104.05268760199908,87.62466919424196,112.76345751102778,129.20995305098683,101.95393264365111,91.29538280329564,102.33166343034898,83.78506387573199,118.3880806693976,151.3472047798881,142.54637268438802,138.031898833652,107.33660663892988,107.39683850042454,72.91502172728181,105.3879178274208,0.0,112.63707438786406,119.87699412385328,94.31694678678768,99.73644968134307,90.29054046302954,117.84712060028976,146.01479156200656,148.08709503166529,144.80397651494815,122.30481610842293,121.02899046592658,108.83828812156808,163.0362319477423,116.9715879302342,111.61926797691036,85.75532350742378,107.23101870237868,121.76830965884884,131.5510161126732,128.32364573525405,130.36160879268834,133.54635133623157,155.0710978118011,139.4076326006829,142.11966560682134,165.8479389621291,158.1144153131758,162.05164210630028,147.74665594790292,146.29255879169847,160.06814290924552,161.03400642086044,132.3900063283394,84.25471247038217,112.2673930074919,126.74473134482938,93.8294521507696,100.83074955883764,116.1105548714694,96.03033823995438,126.03727093721731,155.46665521451425,142.2663047243778,163.1954991293609,143.33617161622666,153.23329282006398,116.30701430108044,115.84098765458602,127.7112087967202,135.71592304860172,82.47294520223741,55.14419822182117,82.89701442338928,95.83384989160594,90.87681507152394,133.18379239509002,122.02181443466824,135.35609955751215,107.95769732945678,106.06914413688258,145.87894551812852,129.3460918884789,117.9149124798122,117.0330889332674,138.40460148993787,116.83470777617777,138.29738877038673,108.61153138154704,145.60575714717257,142.41808551669237,120.35242279296106,127.72778677164078,130.9839604552982,133.12096627249835,143.92667049707404,149.3457946477274,123.17240229543324,171.9199670732246,148.53389769329726,136.5818079312426,151.59876745666142,158.94491147702843
144.7396791860265,132.46601817778384,118.07898273414004,122.34325956355228,133.105418143027,129.8991708621806,129.3191785846973,121.35965102763224,110.89313638939927,120.51265553382922,139.0253851746979,137.2528963807223,124.6191208416692,103.40269129462244,104.92991485750412,113.78047528839808,80.44551104085437,112.63707438786406,0.0,148.186941949937,104.1797995704982,115.78392488255096,112.06007319944251,125.34442182185671,139.3021972765259,153.66030695260443,141.50587108678133,113.28266435350922,125.5225682762605,102.1467520533915,157.3192268893837,135.79617660127354,116.16948962783678,95.79425508358534,128.5972676604587,137.64540072304646,145.09157511450124,121.47022646907703,122.65593072422506,128.0890302793547,140.46504230297523,150.69797353028946,146.62175850898393,168.57653621500947,165.48999948646633,143.22679305080692,136.07947888206138,139.440230689214,156.5033982248473,151.58215423953897,140.05537375778763,116.25058082508676,122.49769551517583,128.1098974279029,111.27264195925002,122.06305128129166,123.4671899235058,123.01793855406308,111.37873044275028,131.18668820156506,131.6610552638304,150.00909813641982,120.5032884109992,113.75360992986212,86.96745917425645,102.86590143672942,139.43969886278973,105.26828549937746,98.37647607833618,129.75048527770406,132.2291628699404,116.73465501729514,120.75208969825395,137.9953036421059,129.82617980081872,130.41731701978924,118.89475842587984,97.59571518096202,148.2157726434657,133.422758360233,142.8478779678925,136.21161500835666,144.11394072211664,131.66374779131803,141.40131259389358,134.46905070515083,142.50722557567602,129.60448527055473,143.67227461970384,152.52903012226443,125.02733080291048,132.28724076967413,134.1716883188604,163.14283893537754,138.6635316424365,157.95655783683992,145.37275570694845,134.6174805083486,149.19312943541223,151.09754881177892
131.61862055859189,92.88944490488495,109.062967096196,138.9926811809107,126.08453059782777,89.47365781579651,106.07698459370248,147.02089668704062,117.52909373459572,149.85314676906185,163.1989533999395,165.52828969784866,134.8083345436025,112.92056833404077,110.35922390027382,110.32064867579864,160.37829006748626,119.87699412385328,148.186941949937,0.0,115.75777708430624,123.37140300799236,86.13409625810371,158.72422037317847,170.60901042541587,172.91887641135622,105.42905651636356,129.76965128439585,98.5190490433659,122.16500908911974,149.88172593796122,141.34149190111276,142.92546551023813,127.48195490884046,125.63444974774563,73.29441168863232,82.03048359239057,120.46873330196152,139.34065360733473,127.24468040088352,107.29452649933997,141.76581739369306,131.6205724863439,124.54384222676556,116.58353126896266,110.19910416099349,94.6104470886241,94.908503562785,97.42140027114534,94.6776095650507,120.7883018869198,124.70315976546094,122.76825825222568,151.58050884038573,113.65017695436435,79.11926746405493,148.9570698948059,135.15046286528982,144.3371561883689,174.65398701367664,169.8677470913545,138.4213832963855,131.58742631117434,145.78729690132394,138.39472841142657,116.8220987515519,95.16659066275312,156.6977869760575,138.96802481784204,105.56243680866534,88.2571305440944,133.77361546209576,117.7292729625362,166.16823168426126,167.38886826626432,171.72908094768923,114.7996597158392,132.5317301965511,133.94780539796494,143.9978471256772,161.0797978272583,97.83911931556752,114.18616099857806,123.8512757449293,111.95763733663276,77.37926542611648,104.40217351713514,123.29444405910942,67.19897782760059,117.50769600188352,125.43777824251195,131.9878581910038,158.15194985901763,126.69705803268243,143.61481453501227,122.12954986855856,102.1590737130022,79.29057896138296,91.94409428119558,97.6028144760723
152.0479087568978,101.3044716090468,91.1186674289821,130.86254770550724,131.21921134175926,122.06330470854618,120.1566771474982,127.2753314908844,103.32556891860754,130.99194447163924,138.41381851557702,137.82181711810364,125.0654143560126,76.23314641225421,66.62361442024643,96.37115963962611,104.99851445395656,94.31694678678768,104.1797995704982,115.75777708430624,0.0,98.51189698478264,77.23952358835604,129.56145788282248,160.52142907723768,158.3387884940783,125.63545431373402,124.27290624777496,134.57550738456692,80.78531761665565,156.10317271813494,118.80761958059814,118.65431022683042,88.42383212097212,119.30952800361302,121.66540325661236,125.14448011302572,118.45428744210378,100.2170804019874,108.39353100288258,135.4803007430141,137.74324834867605,130.6326236567612,171.31276368793584,160.4210040088449,127.26665023982656,118.42712162148904,132.5933473432611,152.87450519715924,146.72378060611965,126.53038113214704,92.791614654573,106.74477285388744,139.8484903619381,104.94675918092938,107.31797723015458,142.1417456452427,114.57078148936114,107.86572190429035,144.8188005710869,149.73262233056712,149.88679336024032,118.6566431547252,111.86463290346715,87.31098364394735,69.48433556783094,125.25688994008183,134.00869231279248,105.71344655638114,106.57295108536844,95.8786685267869,124.46194966671624,106.29219878548602,132.1582210032073,134.47074709610294,147.7614820013681,126.91743236520634,94.40726943821544,147.9969066278,114.9502630605896,135.02413057760822,116.94730048499456,153.84682671873156,144.22852456505103,143.16533748982823,105.65282169009524,147.29369425648153,131.14328112940666,130.98889130913008,131.6193463021251,107.48927413114303,102.49045350873038,116.71396101076328,134.43907380811254,126.62864648261215,168.2409799036738,126.00706435021642,126.98732056146194,149.5697396540504,149.53050225093403
