0,1,2,3,4,5,6,7,8,9,10,11,12,13,14,15,16,17,18,19,20,21,22,23,24,25,26,27,28,29,30,31,32,33,34,35,36,37,38,39,40,41,42,43,44,45,46,47,48,49,50,51,52,53,54,55,56,57,58,59,60,61,62,63,64,65,66,67,68,69,70,71,72,73,74,75,76,77,78,79,80,81,82,83,84,85,86,87,88,89,90,91,92,93,94,95,96,97,98,99
0.0,185.92073775787688,196.1846288862615,212.1264001237888,203.72215015960853,218.67078137897448,185.9228637785201,202.28577787077757,192.7812731373587,212.41374062736355,226.8103469110472,241.45231052777663,250.9561730070461,239.4523451183818,214.50296748811752,199.28589625860155,257.14044810186977,188.95140116524752,194.5102667351817,205.755932983705,247.15408782248497,246.03330742333452,231.9905221843109,259.2297071702367,211.08101820272705,249.73015475307116,213.45112026968144,237.34439301139133,231.165381432537,240.5335440618691,190.7970430755265,196.47701412856503,198.531808930981,218.01042683892592,223.09958969102627,177.93467531638197,212.00138282504275,186.43204373289277,220.45606670104723,232.93795435402103,202.89782980282516,204.6004329815664,220.1555366957148,201.1857834471595,197.8146790109585,203.80883854588004,203.56221127991876,194.216742894224,171.63736532685346,180.6255783294263,158.59584708723807,216.12918921704704,213.54315967640588,223.0101716471402,226.4084390138338,212.8246296045338,209.8902187538767,229.6625635196991,239.38321575679976,236.5138341073364,238.94080189585787,247.1274149946132,232.97782391205877,235.64439963382463,224.23999575184348,208.43369364593616,196.3143400921571,219.21860905038557,224.3352389078821,209.1146195683505,230.99984490170328,259.03317310612573,228.66742310816412,227.59014127188755,240.2876771618465,249.9362787680388,219.80827161907615,224.93504068321417,181.47025838198272,203.7980197371249,239.7983763194695,201.44045490181992,219.39556221640868,247.4896394841233,211.33281068423747,217.60508371882943,217.97829023897708,229.2294793411561,194.72194723745815,238.66384628641097,191.5897680191049,193.42977189738295,209.9504893108287,208.81601259327152,227.6082812629255,209.4644330493101,205.20797716293052,201.12538183043307,181.3135588541932,187.33409472204784
185.92073775787688,0.0,116.3577236937765,117.98575503645972,105.11214002965129,123.10979515169473,130.6621361059643,85.76526452388535,133.8888169390213,216.10107215485573,217.44072543727648,191.47970147631,218.41908667330625,198.90877666273377,215.37658497037137,161.04935860828897,208.4487254320272,114.3973277109674,187.8931307570248,189.47605324806813,190.6089337466238,199.77030467232785,169.61209432477088,202.74085814817528,213.7678091183932,193.32966686834533,215.59795559699137,227.9436872913325,206.83169442532773,192.77856450717596,230.05918838707413,239.9574639057724,238.84125717306907,179.47001089586212,204.2226681156738,209.5009164304883,231.0082935722232,243.92427402736516,255.8698895593553,245.7659816591217,253.1499783988218,230.01255279109276,225.7832417177609,245.3736148792676,211.47530455444596,253.69448186508248,234.03297522098865,221.26785139858663,227.65422104012617,236.80889072521325,177.1427278855961,120.20032019026284,141.34875188851248,131.65997895859223,172.8900347166211,144.16256477555987,107.52188509271345,138.791004204271,191.476632728496,197.5425561642121,197.07846241940413,222.5210298138877,206.58776704089016,212.68307301664407,199.2196974389351,215.54723940070332,222.9590038519853,202.8960613607634,190.7404159940006,140.20761297831984,170.20051402621027,175.13461079537595,158.21619544948044,225.0270682153659,187.02114104350957,186.7568663464873,187.2110076321105,191.28024807476,225.18620203745903,216.87095812320663,200.2735315471552,219.8971354725247,210.80378547942155,198.57059072811157,180.47199356904903,197.6541741752964,204.9076672540152,227.24391106577224,206.94303202599795,209.2879928432017,226.5207296750984,252.01380650334048,236.38008624725512,216.04060260643348,227.45174400064863,243.2022968905532,224.75254588109283,200.0115692268106,206.4371245866975,243.38056610825964
196.1846288862615,116.3577236937765,0.0,150.85710184097343,150.1606300334454,107.6760782053293,131.92459273407124,115.02158086831724,125.20643169098246,210.10834654331072,210.8983866794544,204.35876681006627,239.9021183425318,214.6348589387652,228.06692826453056,183.81223784257705,222.5398475869484,126.98898544374754,208.01621128058017,164.81138141683488,187.4965077826796,221.9315890742447,187.1719660178684,191.91433243211264,217.061080964194,207.9206358083635,213.18202654002152,239.46415497576567,199.10856235089807,231.80122356133452,226.3154241062584,244.24101222700492,233.15961010408216,195.92369387556363,228.94454453260977,209.16259009695688,220.5598084751728,245.9591597096342,250.8294907797532,254.65788769954352,247.54794387149627,229.96487038441725,246.75644536883323,236.9502377658929,215.8150980891848,243.31669553194703,240.8042211387496,211.6474059707404,226.80463541239288,230.6559434502415,202.8071527359996,151.59635477290357,165.9219086687533,161.43207555656565,190.5830761390283,133.68316741015275,137.2068170093454,140.31530957326837,190.42576692434767,205.25998115553048,212.06561062081352,229.29002491197295,217.9757629226822,224.1382608603276,206.7658021428796,226.39410729728635,218.6867182532149,219.15629263211517,199.7780737957605,162.02945765467555,163.2769641595179,180.35720498815544,180.90473075662183,225.05399968977508,171.41943940966382,198.70423090110552,172.65641756420558,197.86219491066777,231.05022109948783,224.3499071745804,180.50812640865195,221.93621872274184,220.3076564301831,198.1816023596513,163.43425105101397,213.85573588931817,193.28436295968035,223.36220023041085,200.2703914236028,187.20145612419972,231.86075060371363,253.24776604159013,234.7001579705218,226.55190162014796,239.1779718951991,233.84225733231065,219.5464598471937,196.64355030782747,202.30384351317696,238.7781552055957
212.1264001237888,117.98575503645972,150.85710184097343,0.0,145.05983271398895,159.009142616411,163.47803350363165,134.5399954770591,188.04550897287476,229.93117345718147,226.3011496474025,208.80817891531035,211.31511657298432,215.5304104555374,236.29683943891655,180.5764726386564,199.0865203778312,155.33925270407963,207.8704987094773,225.57794071501613,223.9993570216252,193.1184343073032,186.75720955845716,204.0145770685157,222.9426790691868,202.7810805218034,218.4377962509213,220.35136034333004,219.19881409251332,205.18995454284664,241.34379380974607,260.9119043333644,255.89748921502303,184.03389691404533,183.1310286084908,240.1679916583817,237.41139596835737,258.7759803409956,261.5873682319062,257.5581856359479,262.92870044633537,243.9871895520236,233.44989344458588,245.6005680808028,209.2266034100863,258.532049691376,243.84310649860865,233.45018534562456,248.4637222116124,253.3213790686244,217.708335056616,178.1951240855886,175.32301719845793,118.50642304221392,205.14717057250263,182.51387774959215,143.08462612002387,180.2289913222957,209.8870576965926,211.6996772197851,228.8003861303999,218.92869437998348,226.6006644882266,236.52039625630917,224.17209007875203,248.99280185962465,243.0957470982332,205.8587221732114,212.3776108184553,176.09315854305476,208.65204413097973,180.8917270581817,176.02808852940188,256.092904236966,200.2041334595596,206.49935379507252,211.6751787380265,215.372036879464,233.47992396587065,241.02100355568743,206.1581352056793,236.0565947937096,222.61661421486772,198.40995057630312,196.2681186485661,218.9933948913901,226.114066302231,241.96492646464,240.3976206186448,233.5681532398622,249.94644349063657,266.66979101917525,261.7795783088652,245.8825040821872,240.7025099857209,242.58267915138453,243.4428914968485,232.84886856282063,224.30023461802253,260.99996790007856
203.72215015960853,105.11214002965129,150.1606300334454,145.05983271398895,0.0,137.41741038522758,147.0562132308308,111.99830183065832,150.75697409385393,216.8008606014215,215.14065857076608,198.4683974423213,198.59809784486143,214.56097541996823,199.46322228278748,149.53134907257495,195.0115825161443,143.931292080044,215.65206860344372,203.5435491093584,203.8676297582569,181.70975687039223,168.4092162798252,204.1351810516078,198.58562912513912,179.27931359689222,218.063847084936,207.75316968778407,192.2838737358632,186.7538024251357,223.0768159775908,249.18767584031716,240.72353304474208,188.44948574252425,179.87419550696674,212.32249583648547,234.71684957170635,248.36261742446828,265.1510837645218,240.65394890551443,252.2497768293937,215.05245569268288,212.42120205940736,236.86840725997047,208.5463685119689,251.64281895726916,231.05028119479084,214.46666143967516,209.0804196526501,235.88342334393445,178.34047812777766,121.39376402599764,166.90457245297165,103.25470012635267,113.90900899334557,149.44737048186033,125.20989506155884,121.37837150542224,187.65843641842912,203.8738538770749,206.95821861691456,219.79936465362067,216.0340394094668,227.29723575048635,196.6176150433535,208.92925859287809,230.96072901688507,211.09849070364257,207.1147262209085,156.7750965320263,184.5447733409364,183.4224957180735,169.84400897857012,232.48018459077215,190.7121578212285,195.3574898354421,199.29920375691407,202.0934842727852,233.5179973312477,241.1386350741425,216.04280941633323,243.3664019613337,226.60026802579023,213.2346535534629,207.1972258012772,218.6156701947241,224.4959267340463,232.8938951578236,220.5571642917589,228.0284510465094,258.7709726304949,250.19491068073935,252.35727269560945,223.3724313579696,238.4786627083149,246.5019276437757,238.13715754333052,218.43325799649944,201.30533321970444,248.90521477140655
218.67078137897448,123.10979515169473,107.6760782053293,159.009142616411,137.41741038522758,0.0,137.2147508720156,120.81422519776837,102.12735791783064,193.98886603997056,205.6431741377941,187.04817674622643,220.0345350397218,212.67912280617676,225.36106180912864,164.5441562800828,198.40403456818467,122.33856656229302,212.2798203456564,157.82824371427515,179.7131323137975,206.4539310158498,172.47019801023276,165.89730457569442,208.0735576503307,186.87570420692785,183.9354726787024,212.7935627488934,159.208908898593,222.8117549318632,221.3105356346856,241.2448646325842,224.10876313582096,191.27555282072657,225.8436077208811,177.00712559560753,208.04578873609208,249.08877510059895,253.21816183108177,233.90997371469535,248.8964644562281,221.7002262631853,251.41333228909767,230.69741696170252,210.90120461350355,245.73219271997675,252.2679870140815,211.127248266731,201.77097625711687,225.3690290996202,189.5833287987634,153.00158770267836,150.04458159690617,154.76426945381843,161.2952341385056,106.7633279435309,148.24649670356823,124.10262163274382,170.68829773277002,186.94932522599265,200.45422145660203,229.69900223800084,205.06636783201617,218.5007226959772,212.69919349772368,223.32367947805244,205.41280485385948,218.10803767834,195.05067630930893,145.22654768733656,159.15895058496392,163.0042642325068,174.3325615464884,207.1510810429621,162.54748406312711,182.64436359471952,145.1126518056186,179.29099766633294,210.57150679860223,220.0603526324186,166.63393943202027,213.1263091838686,200.8270014671252,187.6582698120911,144.75926143246136,197.0773767319432,170.71352110430382,209.2441381504296,171.60189834543473,166.10853497545287,228.39330423511475,254.38914753412084,223.1441934920539,216.4820697171067,219.28325660953692,220.96024249832703,203.96609159719983,172.85291977657948,166.96022867872296,223.15995084468585
185.9228637785201,130.6621361059643,131.92459273407124,163.47803350363165,147.0562132308308,137.2147508720156,0.0,121.5716781109811,123.52224024096662,206.26075281302545,210.09024115800517,204.9281032292341,227.91021955654983,216.2804047289954,217.2923232017208,160.16960747114257,208.3169703798916,129.3705409500023,224.52615482280143,160.05500293552444,184.1852170080168,192.2667990028128,174.9692499780408,194.46821929171588,208.31630466363475,202.59371811097435,177.86703097239717,223.93702496442023,187.5647156954149,222.1148411204809,222.95203112745685,238.0826471269291,215.30625891699185,191.5178654029807,201.76556550587745,184.707099982183,213.5148900371356,229.89163711421276,234.7888913285853,207.5826680819616,221.5904817846805,219.1012796733968,230.2259749231372,225.16677874622337,206.14579925594356,226.191689635044,223.60088815225447,182.27394908366648,200.4711401543725,202.1123707063309,173.9208055092201,156.05999263231973,147.857643820476,172.51757716871097,179.02937830080202,135.78938132378013,140.07347915561198,154.8592198086613,193.0276350169885,187.75022173307545,190.09046592059943,223.12107608058483,210.27667802068203,228.33181014185396,204.19451235704892,211.36237406242896,177.08275399047625,210.4269336537137,182.83800168210337,141.39197763533156,160.37570915207658,165.79119186664917,153.58007585036418,197.52014104759,179.7857748438676,194.87283421335184,173.58168169723,163.1303692600024,217.76349810346835,219.8693748137245,188.4593890363358,206.475798262654,211.6446207097375,181.79425719243483,157.1074380994434,197.8449434039801,199.31979995418908,227.2694485573052,176.2542155836343,184.40515924404136,215.85042174770516,231.7105092165684,216.99411917215,213.18040981629355,223.7568565599885,224.9176299766396,198.9436622877573,175.22139161141558,178.1970372363623,209.630975267902
202.28577787077757,85.76526452388535,115.02158086831724,134.5399954770591,111.99830183065832,120.81422519776837,121.5716781109811,0.0,111.44733023494976,218.76823630997887,218.48088233839871,199.5332034382625,192.2832257752906,216.18393442422604,227.73487585588776,172.02188761724327,199.81480447507667,99.5844907202436,203.3284854643792,200.7100197281958,195.32429737766049,202.00289944197985,197.90405305201983,188.93932827345125,207.99869961711568,191.5915073186069,210.59269629611748,222.78656945807063,203.69427197330867,208.3679001919263,244.3903405219888,243.71049619779453,250.7516170905864,186.8849009889612,209.7428786008277,205.63316081971004,231.98390890602843,249.54692638436927,265.8408341193782,246.14458880416407,265.6058074456368,241.99760194472373,243.56597645245563,247.93081639813877,228.2050237224445,257.9156900717065,250.3106031229862,230.8552735403095,221.84747367985352,244.730498035926,185.76287200662745,125.63579166023877,161.25533085376912,143.01529861505142,160.60782116874955,134.03149851151636,90.03044821700567,106.81047926835294,182.83250294282377,200.5896721527675,204.6310092807348,209.84581005358476,210.43105645062568,226.35907019387216,208.81136900804472,215.8001819324615,230.5064907444168,206.08791466861885,194.16187301793295,122.70630607169215,166.93895942639853,170.08975459129022,158.0685456218548,227.69864472057992,183.49314270111748,194.1410591926285,189.7107063538033,187.45735591974625,240.67446628475443,223.6660870857042,202.66980035647083,237.7918750779013,229.67219005110184,208.24859981137595,179.76930155889397,216.01250048042027,216.11948617176395,227.81811423381157,199.93855145476627,208.59408138812836,244.2561418497625,252.02826332732025,247.09709641746124,237.4695505591652,241.3698299199266,249.0342392845982,234.74196363964847,216.5987393561537,204.5588326652505,246.63246287545965
192.7812731373587,133.8888169390213,125.20643169098246,188.04550897287476,150.75697409385393,102.12735791783064,123.52224024096662,111.44733023494976,0.0,186.84527600582837,203.78478186236163,197.2835303252025,216.2181080196861,212.5623898077972,228.4003185886221,172.223409826374,209.531191252828,110.16128618889924,217.8616434393852,157.8945109918552,181.6254953061464,211.0627294470948,181.58614997529003,175.60045451067435,196.3095121914991,198.7362023043808,174.7646430877229,226.50309652643531,183.0274665157189,224.64078022366164,217.5937718644205,220.15398378499512,210.9379103767194,191.12952890692927,228.6177867244646,154.9089382930145,204.7784871819349,223.28638637403225,239.05640139825204,214.16658048970191,230.1954397794546,218.458951235276,242.95674242054216,219.36138930823716,219.9357432786593,235.96833745014,235.499488143724,196.76597026317108,191.58042730993355,206.96839621939785,174.60886541452757,153.78001635970935,154.8227716802459,174.71065543690472,163.58567718255333,100.39740533519786,132.03232399300242,119.96873948215398,192.42744260941208,187.42899052415265,185.04332207287823,226.1115947276142,204.51701540426996,224.4021226633536,208.6248726880139,211.85515739048964,185.1222631638528,212.3201547139798,194.61462501514387,128.0492980513868,162.94997165372592,177.50574276803476,165.06745449434965,193.96961484408632,171.3764250659883,191.57373994241257,166.81415105095766,177.766821669489,216.4035830546151,211.92572446887212,182.1554147388004,204.49959209993168,209.70994793337465,199.64031457413887,155.10603105111977,198.93511133575885,185.8242046589966,227.92492145999415,142.5158711656054,174.7311490651351,218.5557335446504,231.91764326876583,208.6506208084112,211.85978372736628,224.7124774402468,218.40224086982775,200.37564869486067,172.92224116802495,170.25014275662198,206.44268119757623
212.41374062736355,216.10107215485573,210.10834654331072,229.93117345718147,216.8008606014215,193.98886603997056,206.26075281302545,218.76823630997887,186.84527600582837,0.0,153.44767772543187,136.73395610178716,179.18775827808508,194.4351625085322,204.29205386526,175.93748112443063,190.25058421123927,204.2101392092592,184.46091965504715,207.94455638898205,209.67117645603773,199.0980020285085,191.64823172698792,174.4038909105359,192.06914505017065,180.2619219030696,206.04796395492477,198.78340387654052,197.80084214122863,213.50722710698955,197.43316031598857,211.99546171143163,180.98218990735884,195.18244808213484,208.5103366295477,213.98339770774635,218.0577514722185,203.92085650657657,208.2889037949319,196.1296825332388,213.7954049497893,182.0575291892768,210.9384206631956,213.82191887750184,189.4135000885855,230.3349311986409,208.1446963482281,209.095209209641,221.5564385983269,226.98267161177705,198.25008673883616,210.82072291199364,195.95381788824133,232.6440522601464,214.1271221605408,199.33595345577191,225.4031952424455,227.39089791007316,162.3074999878097,166.9903368433628,168.5786731065644,199.87405589540128,174.79024094109693,199.87211628513057,221.0779843174384,195.4713565505194,216.5930226273209,205.1331067821412,219.55703504698687,224.18006455266004,223.50111917384345,200.5758510566744,209.18173430098383,156.67488752025196,186.84554533532943,187.52520172484583,202.2584786861888,177.70291313535938,182.42535145892464,217.17748360713549,206.09463022143848,195.20943738937365,154.5061338161037,191.3293707440428,210.64487795877253,193.48374797130305,193.2528087036844,191.16397001547276,209.4691639539959,204.12811575311724,212.14341680643744,229.69656777834368,209.252152097531,192.18386837203605,187.61135047778825,196.94593754845727,220.83910262586372,205.17403677593643,209.9908151908172,223.6057887358727
226.8103469110472,217.44072543727648,210.8983866794544,226.3011496474025,215.14065857076608,205.6431741377941,210.09024115800517,218.48088233839871,203.78478186236163,153.44767772543187,0.0,118.11330429362658,204.72728962445933,212.0962361944244,236.5637751544462,214.4929712319373,182.32411803642088,210.47374427236588,199.09389640112104,217.17398821108657,223.61713692090055,197.6917951020199,217.9096238500325,185.71161129936496,217.3850596040727,150.1773642058547,215.17116058741047,205.6294403991029,202.9909757269757,234.44367356005748,224.30948189958505,241.79222895144397,221.79380216917437,212.3562675746589,215.67985948794055,212.0802918165449,239.8487497734549,242.86961967443156,237.91934242417756,205.62376367073975,233.4381342584947,199.53537654882905,225.0824485391221,224.0660050512992,198.05340391786697,242.57378742307327,233.8003435135475,231.295740497047,206.75671742846663,230.0753761366068,208.17635668161367,218.63898448825933,214.1586688589572,218.10564622339075,215.6824531779679,185.76226215013617,214.229578869058,225.6379421638388,193.58779697590973,151.42703706721352,176.0616403300439,197.8596151819395,189.04349925826028,210.64425523204125,215.5130615761489,230.07389469436072,230.98556444118327,191.08607164306497,235.1798954820225,222.03009981239012,212.92713809545256,211.66468706313083,211.91436341129585,202.01298409138144,165.74401772585253,202.8841637248292,213.04701645087252,222.3077154253185,197.37695352184625,226.9686566314064,229.7866665201585,217.61399477283507,198.5281383137073,219.78512660364424,210.99576461923647,224.4324349902865,215.45025150318077,225.8554618147276,209.5006140288808,221.75179021948304,232.3957784715805,260.3361456868885,240.10858982025437,221.3099406116516,223.35403012157272,211.8796821997741,241.97029751947883,221.80230715369527,168.69771112668343,230.68872123822476
241.45231052777663,191.47970147631,204.35876681006627,208.80817891531035,198.4683974423213,187.04817674622643,204.9281032292341,199.5332034382625,197.2835303252025,136.73395610178716,118.11330429362658,0.0,185.4490858882588,177.14390239374788,228.33673491940323,197.07474602859585,150.46257240540805,200.606296577166,191.74570306008928,222.09685342978912,216.799134283092,178.91684233400866,189.2143273884032,158.2149490775668,212.30525560424863,132.58200747617553,206.0374467991815,223.22186625954248,198.29362787400052,215.8758307921883,234.409687926108,246.59143327549836,224.68311102633936,207.28872919241437,199.7180159049716,236.82977729094847,242.3862248896645,247.26822805214564,243.29382982071476,225.6299594581119,239.38200520005637,195.72838142177088,222.56325731652575,234.95474974096487,200.39978316846955,254.71393189051437,236.2264830938969,237.1678178480586,234.75104587788388,250.26390884856085,213.1853635503938,210.8198016469351,191.12072719600468,200.30728727228623,202.50361718046577,187.61837754387005,205.4100265396167,214.6867082626268,166.07513232727914,140.77224644397592,162.69881348578053,183.40313658639684,172.89558720201472,191.6627046952698,208.74355878904916,226.6248893398512,234.02093170242165,183.7511576108685,220.60565414077297,217.8273684343435,201.72819083336807,187.409156589452,185.423849992812,179.658696135835,149.1469442665521,167.8219008607456,194.84454994620685,199.2838714514778,212.31756272866028,225.7150211790573,200.02246979073817,211.21564213045724,184.34495703402268,197.4027242923189,198.271703998058,201.52138195530424,214.05585712657484,225.67940780557285,224.0764150605436,207.8655665191747,240.01743519339945,276.7593236125472,235.3358898956752,223.029385275754,206.9452713569297,216.23499721077823,232.3259222894061,214.16404701089573,203.01747642843603,245.27827523150617
250.9561730070461,218.41908667330625,239.9021183425318,211.31511657298432,198.59809784486143,220.0345350397218,227.91021955654983,192.2832257752906,216.2181080196861,179.18775827808508,204.72728962445933,185.4490858882588,0.0,192.70668579720837,211.6748198588972,203.93096913060967,161.0036739416417,206.18863004015867,166.41293058010913,248.17808143720697,229.0343556290514,171.03227397426605,214.8969728522427,172.17941780921865,233.2147563350996,193.26522970541748,225.27211824296532,180.7913254951654,235.22971306431916,166.0348538018374,227.90095646760145,225.45680048363417,225.2471609481639,189.54751729896608,176.39045314910587,248.24292170544976,230.67319890694588,225.5363520035268,227.5945142331268,204.7434427412572,250.44162334688383,220.0866455523544,195.70663474532205,244.412638840065,214.7319845318338,232.97663353875737,231.14855080034755,251.9859855451444,242.7229788817372,249.8501754194911,213.1422231421269,198.44438504846383,221.73003037512936,196.6266212099,200.74984898624007,230.28462424449208,191.4462774302669,191.39853791717064,181.78844435071647,202.82818886937335,195.56385912120493,148.14161785643154,174.60305648689535,205.01699533820212,223.2533290560561,198.9171012621516,254.3512559079484,174.18706110326949,218.90764356094903,204.24212631541616,232.75981208426663,193.86075675587665,203.9824536233512,204.33531955773657,185.25765454395847,219.7078840186321,229.5504044433636,197.0224750183196,229.5112764304561,216.4152328698251,233.1872907908683,243.47568925853795,209.84985168077023,222.2637126912786,246.4625365568701,234.19266608599492,229.88251317265343,210.68876899323104,247.24423379562663,239.44001609426823,238.85517939319467,250.74891091108952,244.29710829635047,220.34708748477988,220.1091660697496,239.47054548603205,239.8009527357456,256.2856705256728,249.53240730591585,246.86361518638995
239.4523451183818,198.90877666273377,214.6348589387652,215.5304104555374,214.56097541996823,212.67912280617676,216.2804047289954,216.18393442422604,212.5623898077972,194.4351625085322,212.0962361944244,177.14390239374788,192.70668579720837,0.0,155.3447537166379,193.42126059155228,205.81740848404328,209.52009759686533,180.20948300189903,202.7814749767049,147.10218391435944,187.39177988445695,157.36636605620964,198.302688370922,230.9471311690894,200.96572764778148,225.12110728398017,230.55537019218136,212.45194495231988,174.26208531499222,237.9134006904005,211.53084558487305,202.47862685517896,195.0919633379908,183.89955239542323,230.71663108976668,217.9729310683049,210.00445296274148,195.20432468126305,197.06199765838952,211.60880846114657,202.9118432557888,189.75573816053284,250.73926023626612,212.4245449775776,223.44457477046592,178.9930721605403,213.0878552787237,246.73466505885025,225.9244968487667,203.80984875144384,195.0625428329969,173.23368202340254,204.84970545163603,217.76688579391836,197.6765871155618,202.9662813239061,205.35975075658567,163.94383058781642,181.66414103145897,168.91036205278172,171.25321604897664,139.4214774482528,117.16826379992084,140.17821095852725,151.1140950588151,204.4477641874991,197.24518816068985,188.55571423085772,203.10969016232497,165.71049752496833,176.86485992767518,179.50017093268093,169.3346437901346,189.0376293527088,185.50845610986207,208.97235535938196,178.4429571580954,232.7430417719291,195.90445288716336,208.62087826499507,185.37553682607896,191.65194938054253,179.80281216114045,214.75704704292625,175.49053554962632,205.7609369004097,205.31623419947985,212.6119957065956,204.91397618156665,191.33747365580388,220.74799875278677,181.29454307922748,202.56879618638945,185.97386623159667,228.45987749657,209.3626472851805,205.2273745109269,244.33448013331147,226.43818517287167
214.50296748811752,215.37658497037137,228.06692826453056,236.29683943891655,199.46322228278748,225.36106180912864,217.2923232017208,227.73487585588776,228.4003185886221,204.29205386526,236.5637751544462,228.33673491940323,211.6748198588972,155.3447537166379,0.0,183.79948381729457,248.09953466478527,217.6335057747766,220.14913865878344,197.2141289871999,149.29276494012794,194.24727907929775,170.48843082147155,235.11839373609283,195.0046046382705,213.5214477589642,230.7274494577709,200.05547539741477,200.5190915938932,155.0339335956153,217.0763268194737,202.7180310331778,191.6415259742648,194.8600595696373,180.89624015318668,226.26295574236516,213.9688346488388,196.38936960011227,186.43087753295856,186.9110224828143,203.0013410138842,170.61789061169156,179.10447661338273,212.59935051256969,209.91412635422148,201.23859934795425,159.4681972374555,197.56272920306597,233.74055432329044,207.0013141340718,194.50477487712791,207.15884844382745,197.45686961976875,223.2123741556319,217.4457840127884,207.04591567226,220.37366099125927,221.2381429085401,191.73012080760932,214.9614006296645,205.78955121601973,203.15917257678336,187.86509396135352,165.8236558218909,161.28410486583357,90.7416389329488,202.28223168315344,241.8801654071087,181.92235468127643,203.51863301311232,174.0756191459229,198.88854104229415,197.0110013029593,181.75736112804677,233.2915639234757,185.631252319528,209.2935510818287,171.70908466124473,231.88548096379287,225.19570158663944,222.6262661292612,198.6632691082132,212.56832296816063,189.9587516154096,224.371695670262,180.6688130479824,204.3464169166812,191.96303514861813,214.36800471116976,221.456875973933,204.1450608277132,198.97190633905768,179.90209259561567,194.2303134550229,168.55341571247538,219.0748460278344,208.19486446070368,208.1434175578658,238.09496371816232,216.4724283264755
199.28589625860155,161.04935860828897,183.81223784257705,180.5764726386564,149.53134907257495,164.5441562800828,160.16960747114257,172.02188761724327,172.223409826374,175.93748112443063,214.4929712319373,197.07474602859585,203.93096913060967,193.42126059155228,183.79948381729457,0.0,170.26743528457138,144.23931291549246,213.8217858965605,180.61319706866095,181.27684566690144,140.91505661531056,142.16469717091792,158.43058578497605,178.49180549278535,180.3455075175308,202.39466360492287,187.9877519853628,185.45596261643448,196.55204727036948,189.28642410255011,217.49163905907685,179.055198171403,134.78789104315217,134.5928697332237,213.7368090375682,198.3168138265978,215.2012300054476,232.9209994778654,220.10657248781428,216.4916817682748,187.8967213558127,195.5001561748303,231.32259936786187,193.72675860396748,238.71798018052897,185.689274587874,200.40955605969305,225.32030706011696,230.69817955632823,194.3750308391349,174.79754168431748,111.90265140808016,176.898560750339,184.15234605380203,175.31309227473196,185.58201570996903,195.27177205069563,179.8549834254312,195.51861071719168,187.37251740208745,215.13724393311023,188.35814647915936,201.0989179095828,192.84180015660533,190.9678894625129,210.24418680274567,197.70899809580635,149.15112649125086,170.27340777641297,169.37212214998755,147.81898192388456,179.60033168063322,190.00426825364303,179.56924972757966,189.2089037873648,187.22939079277765,172.0523124723126,192.1535658835743,217.1636903026436,159.74594144415127,187.440759654854,170.6518415510259,132.30970983888386,184.99595557949527,155.8471306468145,186.33015353791575,202.46173745730036,208.90023634526307,198.6219421738924,206.0589932487657,227.78778636097056,225.09238758080687,183.14228795534103,194.69176654137837,237.2514432545312,223.77923911609776,200.2416589636475,206.59366177622724,238.9869781184915
257.14044810186977,208.4487254320272,222.5398475869484,199.0865203778312,195.0115825161443,198.40403456818467,208.3169703798916,199.81480447507667,209.531191252828,190.25058421123927,182.32411803642088,150.46257240540805,161.0036739416417,205.81740848404328,248.09953466478527,170.26743528457138,0.0,191.57304975810345,198.48427650048512,229.9164645227146,217.5916378408167,138.6821617131958,180.9920478660018,121.35573852204486,212.96782456153676,163.2946531670912,227.95144254582905,195.11755421055213,203.42629050775415,202.49515086647347,227.3493336608837,250.86780604180035,230.20262299117337,169.63921831131887,184.76516370809597,245.1609198382712,231.83285386252788,258.9907407741953,261.5114112430283,230.8929374674128,251.5603470400362,240.2778155589417,236.72273895380107,266.1648283766191,205.83107704281764,274.04006264138064,239.6586267992375,253.72299505513053,249.2243599582956,270.0551034195664,209.30814410856743,198.9904652083277,183.92701988120183,184.7056650494985,184.8111115659463,215.7892037932047,188.0441319919211,200.6765594477326,191.5078789285664,192.66993848911432,193.9802919786536,195.3093010100869,185.02602279527585,199.6065842962548,210.29605198952495,246.6106993169981,254.46063954230996,130.06121325459037,187.6171021031509,196.0583671482742,211.2076144257735,169.64980803451363,177.34834704868757,211.3172713838376,141.55676430006304,197.41481777162164,200.96175556551776,190.3147194780238,216.16740386392863,226.33106077539057,183.13458784336444,228.6789106339303,205.2138791568375,190.32264451427488,221.7828358295293,220.28953567994927,220.31908022855924,212.6079211481371,249.071706681624,208.1116587288044,256.7529160508126,289.7692848458961,255.2670689619396,230.7418315259984,240.42044520343725,246.48561344704345,254.85503424313447,233.2114444090306,235.9737873244773,274.38081882100005
188.95140116524752,114.3973277109674,126.98898544374754,155.33925270407963,143.931292080044,122.33856656229302,129.3705409500023,99.5844907202436,110.16128618889924,204.2101392092592,210.47374427236588,200.606296577166,206.18863004015867,209.52009759686533,217.6335057747766,144.23931291549246,191.57304975810345,0.0,201.7541781685192,166.22276217025893,174.63234540148113,195.39296217169505,177.69673382188802,166.06474612987034,194.82572290174932,183.83864870404227,200.3116257010368,214.3767592671992,188.26306505946232,219.16786032221532,219.44971430712516,231.22634798189725,218.2695603129471,150.92749821980388,202.88587833544307,183.7504379329504,206.84057267052032,235.0489832380972,253.2435895172187,240.6804236442414,242.95331725235476,225.61117947403963,239.00733571960453,240.60567789755265,218.766501378088,247.7736971407936,241.01476957299843,213.31672662968435,224.83368094975103,227.26124180604387,181.0526694728906,141.0267275587141,134.70876391676552,167.2871333933561,178.99843240672672,129.5739045537339,119.02151983448164,137.69334047447197,191.16105603090907,209.89278107639743,209.1134465114594,214.4574863338352,203.71893991285637,220.44935369887727,209.6153653761486,209.75843802169408,204.54187786447412,199.4288598320832,157.34537655730162,100.61594208421306,154.70807248213538,154.99744736685886,155.95778979064772,215.69848484226924,175.74509573511915,192.5943132343367,164.2752772540344,175.23105693122812,219.01136946969729,209.4059202982384,170.5449813803865,199.32217594117785,199.88252212230944,181.2798016964095,146.59853564349487,185.5777280062644,179.96063144356083,207.68849129560653,171.96145898243412,177.24762129475562,213.84242789930212,249.1163008935004,220.7130553609376,214.26862769050317,225.84261123444048,242.1473891035984,215.492001137229,189.1543422118188,198.208851904536,231.59400945993
194.5102667351817,187.8931307570248,208.01621128058017,207.8704987094773,215.65206860344372,212.2798203456564,224.52615482280143,203.3284854643792,217.8616434393852,184.46091965504715,199.09389640112104,191.74570306008928,166.41293058010913,180.20948300189903,220.14913865878344,213.8217858965605,198.48427650048512,201.7541781685192,0.0,226.3505061856741,206.4063415729697,198.0121787543184,208.1603969638512,204.2436469959856,227.31668235690276,211.8541595601712,246.6523506777453,205.5483560654491,237.0491621036692,180.6216222518161,221.7251585889885,218.92565699282275,228.25684842600617,171.01624501206075,206.92759571963867,231.387049231678,235.69106865637383,235.2965379098029,232.07743820260697,217.71105941829256,250.35483394830987,232.1760263454872,209.4690170694519,258.1949283265635,214.4221357008473,242.89244922240124,211.59729872958687,252.2891693682506,246.79355568903128,247.6192845610664,191.85950893761785,189.85843303610605,216.33089558226808,208.0043024940439,219.58092371010832,224.05044272846663,195.68507681875025,202.130739425018,201.3050675218596,215.06426236174823,211.38289342874825,187.2710302784408,178.89218773882754,189.21912323252107,217.78388308127984,206.13006308508344,257.19079216619764,175.76334357459302,223.0970192127108,212.5656370086953,221.4733990622641,224.28535998864305,224.40783997585885,226.3290301159616,206.24830572163592,227.807911679734,230.7142787212838,217.03625520331272,220.85594954115845,191.716389506426,229.84717033721304,229.1485684764345,203.467388830592,230.2151201665694,245.1067479859716,230.6395540924176,219.09219535109276,211.64408916527051,239.19226891957317,237.70944328498985,226.7187731147196,248.33430255305356,237.1684156036793,225.51116436342244,222.3287023937213,249.50550816279093,241.2312659548968,242.063692161659,241.10707105210963,249.7068751487455
205.755932983705,189.47605324806813,164.81138141683488,225.57794071501613,203.5435491093584,157.82824371427515,160.05500293552444,200.7100197281958,157.8945109918552,207.94455638898205,217.17398821108657,222.09685342978912,248.17808143720697,202.7814749767049,197.2141289871999,180.61319706866095,229.9164645227146,166.22276217025893,226.3505061856741,0.0,162.3922387858808,219.5160555034217,173.98054025437688,181.67482672420024,220.21364381524296,226.138497655391,181.73726122009137,201.2555619150208,146.74888559342543,248.4056002643471,202.3078513054913,209.8933679740172,188.6674568335418,193.1858061425525,229.14052060326676,144.59773411420656,169.9301888602657,213.27042720268844,224.65533946506636,223.19674923220384,195.7853131006506,215.7823578939013,250.78419186384716,199.8623066454976,203.53633563812437,218.78663499170585,219.6871731918036,172.6581960545746,199.9778456421657,178.0014908377878,199.7380519022708,212.16712492573205,160.9188910679225,212.45955020490013,210.63748812790868,146.07131745684126,208.32803413696584,199.29249406761411,206.1486359251488,210.32431825945596,210.9397664470093,236.8659473441776,195.63329265403095,210.04383029495096,190.45299390004493,195.2010537537168,154.63136568900777,219.3388571326801,181.1245980649113,173.99109838876836,138.3487308476792,180.52537641817375,185.6613306250569,181.1172832516708,183.2062029799427,196.3323138933516,127.40836683430234,157.20555748877138,199.8842215653811,201.88956132431028,147.91326932586313,163.17725222958262,189.9543682551006,164.46018042452556,131.18986219545977,174.59521712496877,141.3973009815562,171.26798342562006,122.43523793704644,146.6137471744346,177.15537094021963,218.48089994525992,195.9422169028116,177.1512613336049,211.6869384312275,183.7855415644798,164.5264868563732,130.68019298341335,178.1518358972574,176.97365073144266
247.15408782248497,190.6089337466238,187.4965077826796,223.9993570216252,203.8676297582569,179.7131323137975,184.1852170080168,195.32429737766049,181.6254953061464,209.67117645603773,223.61713692090055,216.799134283092,229.0343556290514,147.10218391435944,149.29276494012794,181.27684566690144,217.5916378408167,174.63234540148113,206.4063415729697,162.3922387858808,0.0,192.28917759275816,150.2645309433267,187.38080942177496,186.9673046159094,206.62522059307676,220.52695942134477,217.59274464252584,181.57306373750924,178.30143290390316,237.9798174590717,214.9658609776744,198.7169088586368,179.37876038912296,209.3739855992197,211.6078486180212,194.17929564011013,219.20002577477536,196.5902346236753,197.4426309377188,213.4543154572309,207.77112447696493,219.0396513670895,257.6342792139327,234.34948316790567,226.01417140397572,184.65265996495,208.7656655811901,256.89196453394663,231.6673327659076,224.8978914536633,179.01854229516084,159.21423726730296,204.44612643086447,208.039710526146,183.32777654555025,189.80235100124293,178.98007411501231,178.84472383695584,212.16370049649487,187.39877539404748,198.42621943468828,173.1350109083651,157.0011154263966,153.7271891722317,155.62231595278377,200.6073852671244,216.36206083765447,154.65908792935176,166.93815299832886,121.78587805516558,166.0227938182535,159.97619651547274,178.53186481364315,189.780839541314,170.38416402100663,169.84694776693803,153.22288705107445,241.7893568690855,200.42979603380297,177.20723457297925,175.41096441860444,198.8878894396501,163.5765895671837,190.98745202899048,162.5898353757803,170.26174407347577,184.415448215962,190.63916937216945,171.24069581220436,199.3814266669472,219.463584415552,181.5509593440028,206.8683530447771,182.67136931527105,244.0348255627792,203.16561283148144,182.37195979479253,246.8908500264813,228.1395622689044
