0,1,2,3,4,5,6,7,8,9,10,11,12,13,14,15,16,17,18,19,20,21,22,23,24,25,26,27,28,29,30,31,32,33,34,35,36,37,38,39,40,41,42,43,44,45,46,47,48,49,50,51,52,53,54,55,56,57,58,59,60,61,62,63,64,65,66,67,68,69,70,71,72,73,74,75,76,77,78,79,80,81,82,83,84,85,86,87,88,89,90,91,92,93,94,95,96,97,98,99
0.0,220.32781604195517,157.19354715435787,236.93172255025925,234.86743070028007,179.45451475925492,218.04035359877244,214.7585101568834,195.3565680486228,230.26306741980704,210.3525126250181,227.96340500852247,215.1713653587228,224.18229665137412,220.1609432201317,209.8756450156498,221.36872854685333,221.10382952657145,223.1510363676504,205.27622620583475,233.8663100835301,233.34953191824516,219.61078278804632,214.3984587082243,205.9992618857683,208.2081646796129,213.28765584051405,252.37078035195805,201.7057573888916,247.28211413968432,206.8810378443483,158.5141255758062,176.15029281628426,236.4440756741209,249.1653566378543,182.48471664247285,236.43417544621,190.13666661183032,213.98189954013696,207.5156443707949,217.39073467698677,220.67716220537557,241.7515794847354,210.9587225047337,235.38340685643428,239.6482204570319,232.84257599206697,225.03524014311228,156.38547349084553,222.72794406184988,164.2658140453778,190.3244747433377,226.8214994881025,231.0417178542222,190.57060289814848,174.44029350351946,183.3804481910269,205.55344627722891,224.27830760655348,235.43769379896236,237.14414510127745,205.16510899237144,222.79678467794835,227.7615857750007,253.04312323678144,222.7936541331877,184.7590983833722,228.2990752478975,229.9195848114924,225.8192639717007,213.23037172174517,236.0481711617261,225.7214914310501,226.6001000372627,211.28601902101,202.20667810895705,204.1755761909993,259.03749886366705,216.77258336907772,161.51918295199522,230.15555725075123,233.24055489414508,245.31286575320388,236.8750203148284,229.9070275696789,256.312122030316,227.54354065791603,253.00399659509765,202.66564713829857,225.0777317024062,223.4906731513668,190.80482506329676,234.2359803573579,229.3141194104325,239.30836024227688,228.7377391807644,238.1001983083725,220.0873737187815,137.68005028180897,213.91595755964624
220.32781604195517,0.0,181.92700094395167,123.58571958807867,123.7532438866408,223.67647533023725,195.4737713177045,108.75083897959716,233.52365283999256,217.7308535524724,214.57788586816952,215.4889351470016,203.67678688274933,230.48820961615417,249.7825060733609,134.21969638869186,197.9709481979193,170.26681600244754,215.7034320638708,256.3782490522037,238.99778451726928,204.06914714941,198.17657957131595,232.7822921317164,226.7365469198241,200.75456062917303,234.8276846632548,227.4362640653339,256.0915116087369,230.67658922931685,205.17608679372515,206.3493117697272,215.0356408163061,198.9635245113632,214.2588116350588,233.43236403678097,233.9217846952684,243.63057076180328,229.38899857761413,241.42676980629415,234.2295826895814,212.054869207443,224.0555101948173,227.91081297489887,235.3194421485242,232.1845897032583,222.389005215631,216.45473518796516,243.83069472425365,241.81670975289344,206.9661353882688,116.3655278986828,150.46550734820198,97.4282969285673,185.48002029729304,231.4339277870072,144.92542936279045,187.1281520249055,216.85891942550583,230.22042849836257,218.550020100815,199.7346097499218,229.6069057249084,227.87676021523907,214.83732602510304,256.83987648105017,228.1047964912233,203.85188121360505,187.94930588139985,170.56724470573954,249.602020589905,188.5813293585152,222.87354135035335,234.28867222485164,220.688613400592,221.16737230320533,236.6412379169528,227.03733133914196,218.64090870672104,223.46260692942064,201.44740250988468,213.3937188474778,234.57995202248756,200.52457341965476,231.6183465854256,223.54373815867427,222.00187749706,230.2337943924793,216.4767744787188,228.73420842503424,209.98715287530104,235.2986364100995,227.7795205415705,250.68951466989031,236.3735306121702,237.27737851006907,220.8417093557331,228.94055470623604,241.50736269539905,227.9935010053084
157.19354715435787,181.92700094395167,0.0,229.4801859205892,182.85269437029848,106.71134182232088,240.54101171098455,164.78201899846567,135.3318553663076,240.7934399217434,195.62731488156288,217.8775569136629,223.14360899272685,226.1172085604332,233.7307468419088,201.8081940624428,199.6137540894644,228.35795416215151,200.4542191603117,219.34496277122028,203.0352630367285,232.86770377685176,240.72482133198463,238.9155165991552,194.1129384529713,214.4498707136142,226.1861211341062,257.8940228839399,233.61465714876877,237.6035427322177,181.00039386843704,190.83208831734024,195.74021695366565,232.18132598581403,248.06437449230336,174.15610403008134,245.00110184408203,215.4943912839786,213.75586427862987,233.24327923740665,207.46376697109923,227.9667070336355,221.2677458085362,221.5241949718408,229.44706343124727,223.16111319730183,219.5362864011106,183.81149261948457,146.04356795081696,218.25951513106756,193.26589886270685,177.87141897269234,250.62064998008893,220.72167256816468,106.96643340266942,121.39188114327617,223.70191313702145,143.283225346993,226.6835426741629,206.6947272733659,220.5639861727605,220.1868714731667,244.5953403892326,213.05631440869044,210.97173456836111,223.41775716436223,235.2266393349955,210.793652141868,242.8905013683257,236.09421124373603,207.5021593994317,252.95222483281336,233.71208949279776,246.7700696205301,236.7779834596311,204.0161710285014,234.59096083706916,267.21241788964034,209.04872083645324,200.682766835147,237.5041017559999,226.6790046965283,239.5686323168241,249.7210037283764,244.7231270618472,261.15086942864014,246.80357239033484,251.19019716019352,230.90653582817868,236.42199414782743,224.7145991079202,209.62859953602836,246.2228034712124,226.7127442198873,249.0705805205196,235.79107008040725,230.1762470437987,231.8808462059288,160.35310344172106,226.83387099059803
236.93172255025925,123.58571958807867,229.4801859205892,0.0,145.33427220060304,244.3621187303313,180.19539824347987,165.12698264595844,263.04274565871486,226.9583572309544,211.8381386939408,209.02751229593284,199.84848406707837,238.7222186893908,255.5175637374614,134.94995595926093,217.9312595239792,184.35415513873767,239.82658673228568,258.79395700697086,255.2970600578268,176.11485955781086,172.84701069237073,210.3346246566519,220.8898921168119,197.3691415976976,244.1086160111805,229.6393657154973,272.3571182179828,183.57916150922,191.88426952095935,200.3854314478004,206.1499206765764,192.7222560136396,194.39064841880813,265.9350621175949,216.73386113185245,218.9753506334408,204.58277267425723,219.72384765910496,228.90548407531253,186.57972045394752,181.89787296409716,238.4521354597196,221.84051786913085,208.3456095829551,185.21355242819848,215.16044312100848,260.66101057413584,225.9515737630515,202.78311806275025,184.19195295867337,145.61822177610924,73.02378091226687,219.1445276806415,251.82652545632016,164.75942938415085,233.21584642040216,226.30657096085991,217.36130047002356,208.31363404043395,197.18001983481344,220.92683909835944,237.26196960637623,209.9415210437822,254.07497077066031,223.08417199925876,218.73853021241075,194.1743847972553,173.38392042825598,262.4804024714109,172.88609443004157,225.5112456664067,236.8734947013377,241.5130466366612,223.09149043669225,256.4226523489367,214.8563056321927,191.4141509473108,203.02312834057943,206.71280308842097,191.19201347216247,204.82485735003388,176.13990539552742,242.83902483926585,173.5885920749892,214.37587138251456,232.96215563611128,233.11595927440897,215.79873141981383,187.4375353403687,229.61752095081653,211.8212665183164,216.21886215181468,199.5772866858721,230.47816826968895,194.65767468462488,222.62016098031955,262.6439171280647,212.06187274129184
234.86743070028007,123.7532438866408,182.85269437029848,145.33427220060304,0.0,194.94724043440056,182.06288745633304,128.0264285682929,212.60337893454,226.9617085360045,214.77130523025747,221.2505453106708,198.4218670864339,212.9768028560977,243.737614432043,169.36579239911805,210.18693428074897,215.3693341700971,201.09149883391692,250.37554297263216,226.67447909244987,216.20300107799105,211.3914914562032,245.6553173740309,228.4440948334743,211.6359588979289,263.249017900714,232.34121781295391,270.256785493687,221.6093580154113,189.18837473414072,192.40036154252653,215.9044587649132,204.8276663452177,225.30919381959995,246.14214273349103,233.4950249280699,215.70506164536167,223.70415527280184,219.36521839925396,222.80589101816832,230.94724609659843,212.29231568912888,218.36179679509075,232.93835076371937,214.35094012336535,213.90960281890705,205.7083464745583,250.55543802096287,216.36684299724544,224.30034522210929,180.6320801433017,174.39200686896015,126.9721077741342,157.7625140158149,228.6964913007285,193.68850912087493,173.01343291374553,241.09216914265895,227.20198243259452,210.45690471978384,196.0758691197407,233.1597891963043,236.33612522746665,201.3187600672398,254.8179975895679,221.8415998392297,220.53890021404413,229.3403189215684,208.47064003298868,259.60843389829233,218.8205871571076,238.17048508711585,219.75983894904675,257.20802399990384,234.51948833853288,260.074026747843,236.69408081269376,198.1520435384538,199.66432491724828,230.63203901309265,211.60191769857423,230.4716726019648,222.67252899739373,263.70197971434123,213.2895244770665,231.3388080698248,237.45118943385688,260.26136910830803,227.730806751935,182.9196040365986,217.9841406191873,226.8441584787324,228.92258078419,220.3790323798273,217.30262457668005,200.4968522658592,245.1593415114285,253.9997481755272,213.43698010611044
179.45451475925492,223.67647533023725,106.71134182232088,244.3621187303313,194.94724043440056,0.0,230.11504702263267,197.46541006366695,88.50396710450852,226.31295667808308,199.5145696728084,208.1840058388247,229.8285846251584,218.988973827079,223.27273306992615,215.1253465305951,195.5602455345438,244.5341891115036,185.62131360193752,199.388285775847,174.77320539305228,229.7982085545768,233.73355706967476,241.07492001450413,202.20599013902807,213.10859006220608,207.0275425146936,241.43275153709297,219.0091404746013,226.3500745600605,180.01238928700946,188.04338080788452,218.65916562117616,234.17887561549128,247.2336453784633,162.9792066914685,229.2024331568633,188.02227588571864,190.29622399934135,202.2486306526523,196.3411890003898,215.935464114714,215.7417752947616,208.27817321407983,206.58480273169067,203.620932783417,203.57117372160897,173.0472258199249,128.92102543726872,198.40423746504345,214.03776747619776,217.72006938818697,259.4330433045314,241.26206285378836,98.52918056632294,92.79384220012726,257.3646836169362,133.75927778009668,219.9786933964573,204.46502147637057,219.1891443408916,229.7061803942904,228.2359601657288,181.07009856384823,187.8314455572568,211.2599934699564,243.3640655065514,202.1072341821136,258.7111198469956,256.3009402917819,196.13539295397263,271.8143858159193,216.9656570700804,231.51351620166423,237.2431127473824,206.4803511810693,228.19442613820252,253.8578880365818,210.58186335258287,201.180797569302,243.43113326694663,249.55872310801607,234.70487260109772,251.1985186347568,219.67302343047209,259.67763606492497,241.7228950805828,231.9521444835369,238.00057830730483,240.21119415595348,223.3195334368092,200.54044630302047,218.6177934834847,224.29239823871967,237.0119467717653,219.7888295643596,213.7581532476496,229.94820106813992,172.9633943004138,232.9046972156774
218.04035359877244,195.4737713177045,240.54101171098455,180.19539824347987,182.06288745633304,230.11504702263267,0.0,185.46053850866636,228.1866413989847,216.75144949547555,248.1442969615593,225.6359873420811,161.82035529269075,185.5219151916662,229.8585626629805,184.98614827554584,242.6882227765376,240.56892464403649,210.0898381748597,240.27050067547952,230.8806851848587,241.2347290506922,186.21799135021743,229.378923234065,243.23853920203788,249.2196310321896,239.6741192430692,242.1954020889237,250.45408872822887,210.28194345964596,223.3900596104604,199.58012541429048,241.62398737999064,246.33485322743832,231.3545350117389,248.50993628874883,215.51363881463297,179.5435830408596,203.79073497449463,161.37434693259323,203.21686785553484,218.53193459848288,221.72067929096283,227.9772430071158,202.5678464454065,207.02535563898,198.3782519390756,201.02513098515544,242.77862076208453,200.90502618538895,214.9971018313142,205.52060155615172,118.72763964014555,164.37606304803955,229.1682344982653,243.39452388969292,166.03443274998574,215.83007669866956,225.25600235638916,243.77166098571664,226.1063123535424,160.72669615018253,211.49655446715016,231.63465599925212,217.97152937658888,241.32099161781687,120.08922560556292,234.5556768522989,254.5206295111597,233.58579891039236,245.65531488189905,227.0420689128631,226.6974595522876,153.4123850733597,235.40022723142064,272.7178185932699,254.53175313291592,229.7562842559444,234.86451774301764,187.08224819073385,251.10449332644845,230.24957307666372,215.51323351149009,201.9444579204144,237.64398508405577,193.43772465652165,212.30209569825524,250.0575231124475,234.9633457413555,198.6630900173975,202.14960060093247,184.1702908701605,151.09065085708033,218.65754417580723,215.48462021850256,229.5760096089936,191.13880266781004,244.3236099630301,248.1907012650885,179.5481251172335
214.7585101568834,108.75083897959716,164.78201899846567,165.12698264595844,128.0264285682929,197.46541006366695,185.46053850866636,0.0,198.6143120179687,228.0467511726617,221.1235484365416,218.55798046862992,216.81442628085009,212.395354900368,243.82794994836405,175.67059840856683,209.8054216391069,178.6182374274648,206.3041197124853,255.24048010664788,228.07118869277429,221.22235977452112,189.8458638044989,243.8033935138126,220.02904985348223,210.8507206304787,242.3302794867616,223.0838883900733,263.68650820350365,221.08679448888623,209.1499951145532,206.8916183188963,230.3297755548354,205.72081278454203,227.00738659592344,226.7795406028888,242.31823823648216,240.81164799154712,243.49554131547453,239.57918101466308,252.9478779612131,220.4237573525052,236.39833562402112,239.36413286151196,242.7692592324536,242.32118629501224,239.58456116265523,224.61234058518664,233.3364070990972,247.55946995107763,217.07552224671932,129.80084318514125,170.3531478273214,144.36297088452324,155.1197214333676,215.9732254505507,142.3282350521363,148.01665994361426,210.0166096113385,217.11390973803907,223.04255752585533,210.29007356060404,233.28503014465304,242.55958052209928,212.36136300951688,256.2958426881644,224.472101990726,209.9714649876492,211.5775554194563,185.94348003724852,251.3198177714369,211.43837100884525,208.3263677957899,220.44392996801528,224.76109193656507,233.7305723554609,249.0122895264984,218.9593957797152,228.4110753436131,223.39448568727,231.97767401222305,240.94404127779933,247.39405497713912,224.85038262453875,237.18983448729625,237.0426884529434,231.48205848554608,227.51208130045623,224.91589296547423,244.0020234955202,223.52822444684097,234.6518546681686,221.5862734410476,262.387997613826,252.5187244334993,246.9654985897812,240.86587103469824,227.4496686291538,243.02719114042517,237.21877347613005
195.3565680486228,233.52365283999256,135.3318553663076,263.04274565871486,212.60337893454,88.50396710450852,228.1866413989847,198.6143120179687,0.0,215.4049752691182,196.71456354193072,212.9473758974049,228.9287529898046,207.7115718012463,216.90654927276623,233.23340401211647,212.30971995878485,256.84276603727744,178.35250492951155,208.51901103846396,166.81374615825032,246.8780979087381,239.02710593389517,239.6467058160447,208.31084895439835,227.54965062627616,206.85014639769184,232.32075899712805,221.92701000155327,224.3477273343984,172.0749730530378,199.45068940352,222.50380395685897,244.10207332924347,240.8423629460955,150.2408484723989,231.0518494369433,192.1628427203013,193.7266072417784,205.0353885630614,199.0402429601166,217.27115851040327,213.19927429874343,200.5121160258508,210.7208308491308,198.21081056094687,199.79887275931236,184.34439958437616,149.52366889624045,194.97832833027883,221.2439321322175,214.67084372279064,263.2957998738948,254.19781946359933,105.35801537279876,89.06053118436708,261.0551654554093,99.30861164667614,212.7763567814406,205.9761920206102,217.1040134554696,232.81831369772132,226.33292705189163,175.4505281076165,173.72005963480635,212.26997722454217,237.7537302732476,209.27232909885345,265.79263856817306,264.1963557668198,199.4601930318956,277.4147868600854,222.49464794496208,219.5930854707874,230.41936712899445,217.38182995419533,234.07335266568495,247.7134008242085,202.23543498529168,211.28580972945545,254.7630557625519,244.70601960020053,226.7730063022774,249.94755203928048,225.90626304251535,254.23235096627357,242.2853200774944,234.9365091699169,235.86681004522467,235.13852960301995,222.7767684167291,205.2303591872804,219.3250467915109,214.149753244608,234.24595770260893,208.14452495748267,209.03281143862927,240.0880261722031,179.57357027566,227.05421530267304
230.26306741980704,217.7308535524724,240.7934399217434,226.9583572309544,226.9617085360045,226.31295667808308,216.75144949547555,228.0467511726617,215.4049752691182,0.0,196.6749502983765,168.85936779910674,214.5448994206842,216.08126209029228,226.31087752721004,209.5608182735136,226.8193378727052,235.14348895015152,237.21043915875575,216.3064108274253,232.1070194800621,236.2093747825472,232.37776076256404,214.35264347770504,201.3393467186364,231.2452413013936,235.54801742386485,211.80945690266208,209.07928235246192,227.3389345208002,241.3034427370657,225.3233202799995,237.9390702529506,239.28022496570523,251.87808402805464,228.2774760438515,237.43724276563472,214.10554076711333,222.7968952121447,200.6505980892353,223.31233223730092,224.41599370755145,249.1497439402598,239.11136448447664,247.7617651246711,224.01107564823923,242.6517391301987,242.3380474703681,235.73809849985383,237.17103579811527,216.8848026634801,219.0218685203606,214.5315622028768,212.10006113529505,236.5289370333939,212.80475047614848,205.0680742923273,221.29267935495324,104.07920710827108,204.70497971828016,208.70451021944868,212.46484871563604,228.8953025196369,220.581992546686,208.38991567419404,242.284417147663,212.79473264276373,239.8431739406093,217.00310364811477,232.28517366271055,219.16911201995424,229.6182590634138,247.34715034684928,159.67599748238962,190.41903049316696,232.0785865120944,209.6522347769273,200.0334169065368,231.10074645470232,216.23569188918128,216.2589574104203,240.241589956677,250.44849400019623,226.39313957340755,235.05627125965125,228.80172829193333,231.77351492632891,211.6808902249384,227.19290731127995,206.13123658398945,203.48476488282176,199.41132560284905,178.10488152733166,224.13254842578627,231.80106368666085,234.22414883161105,200.62926248596835,245.4350500570636,241.897081592582,218.6944437391348
210.3525126250181,214.57788586816952,195.62731488156288,211.8381386939408,214.77130523025747,199.5145696728084,248.1442969615593,221.1235484365416,196.71456354193072,196.6749502983765,0.0,168.7459375385268,225.27292351288872,245.31767238745687,204.20220127059903,224.2165335554612,202.27188613515503,206.6336829678768,245.36358697475637,213.6363248463942,225.9328237312745,188.12205215148492,222.99124458759763,210.605420766602,151.28938218723363,169.4752238904872,223.70525892317397,220.4211934977875,223.1152222915589,194.77813109318683,171.85386002219218,215.71467620524044,216.7970103953232,206.8811020706173,219.33942572795496,196.48942571706027,214.0490736605889,225.1781755615391,223.49986962340387,225.0902479200344,199.4893382646805,194.52311068672117,207.3260437235953,219.85393622232937,228.988462815159,224.49949703308653,226.0441186955956,218.6929196589823,202.07355045223116,201.212080841806,221.10800643209592,239.1938205325992,243.4151740727028,218.52546571505445,199.00458114565845,191.78289743991215,231.34808171638707,205.85140384445964,182.1062071795165,163.38218573137777,178.62206786589937,223.0383291754341,232.9083817178738,208.73435729798152,214.83900819777745,203.09774678321645,227.5098632243031,229.79011944246264,201.41824733399864,203.1327452303123,213.9237611584706,212.91089224972328,245.70849783597805,239.29386283142765,204.5440657938322,151.1065639454681,210.60359575621132,206.96593136299455,179.8359333991828,219.2716353625167,199.28737039329127,213.6374354440362,223.47855421100567,221.68939236954355,229.70738434230856,223.95936037294564,211.72942402565775,222.21791089711968,218.9571581993379,206.47444007877263,201.38265516099955,199.6745793099552,232.62147445041413,190.40599481467348,212.4966282246008,236.09316511526856,213.4206933651116,217.90538447090492,207.8291262566464,201.21735912747164
227.96340500852247,215.4889351470016,217.8775569136629,209.02751229593284,221.2505453106708,208.1840058388247,225.6359873420811,218.55798046862992,212.9473758974049,168.85936779910674,168.7459375385268,0.0,195.160050382691,220.92101990476365,224.50668763708384,210.92863914622325,211.6905713561921,242.09245408722245,231.34171170686784,212.66385598658664,212.2159118808883,226.69386901446688,246.2330908212767,197.97765786576744,172.7242859049754,185.8795753638958,232.92652304064725,223.2881822695057,223.04083239247805,201.63702111601592,197.90468548012723,193.16646876007243,229.24219130578703,245.32419805356903,254.41253326777,224.17112643325152,236.2791490236449,176.62737308967684,198.96457552685536,181.7975548130579,192.57478055311455,173.132698081593,217.76671464752545,233.2376848462739,220.9720385755228,202.8133843047143,225.36345914435347,223.21949621858943,201.31884294662777,192.8168274122957,203.3240135006104,229.6229935230648,232.3929044020188,218.15375397648305,226.3483320865834,213.6223631393084,234.1144693593505,209.16215263599744,157.39180494156835,165.4324237953229,148.64671902290058,200.38369774346276,226.3626650894693,214.0683860028656,187.60509961575215,220.1911234559666,213.6926105800428,229.32506524102925,231.19814962333533,236.54627586014877,201.51618738488645,246.3840868687336,244.1189726220217,219.2667097191573,184.02580440071205,183.4256948428394,214.1808662873279,203.98258195109184,209.25884609226583,182.79135065939292,228.4419535611516,223.7229614707936,231.381926270139,255.4457368221442,238.0494721996925,235.3509552352042,233.65242315769493,229.450975806706,226.1500915356792,188.2273214054,187.2713468909023,193.0310647978644,188.33285529906888,214.04528392069764,216.69082492135405,214.4792577451002,188.0743208713751,231.33422684144296,229.697654273004,187.80487348077747
215.1713653587228,203.67678688274933,223.14360899272685,199.84848406707837,198.4218670864339,229.8285846251584,161.82035529269075,216.81442628085009,228.9287529898046,214.5448994206842,225.27292351288872,195.160050382691,0.0,170.57579437944543,204.1649694924428,222.56319360745908,241.75736642592227,273.408777320086,199.99441843744967,257.2707500378249,212.9923452774455,241.0314365467007,231.66041537107583,229.9383011651585,227.09399164000592,236.71261825056385,259.1499406715769,239.8455725200952,227.7983852780964,217.89142367627488,198.2668732606938,181.75990668182007,217.64846320450533,275.2514149155592,258.90014138636127,240.55430425065612,228.29986815339797,166.7167488856454,166.22976248278778,167.50867591116753,187.42645483954857,214.6157571116277,208.9074120745719,224.61772640236663,213.03990628256415,192.7079672910361,203.5298212963721,221.8905330055979,204.71916594056347,186.54951244792272,220.95830929533523,220.6228545326306,197.5685788948524,197.58788598698723,226.675352961208,214.6394977779756,214.00683922254672,215.99470284531745,211.34910380463876,214.9088895695419,139.98067991354435,45.998235771616365,162.86925184259084,210.29824555585037,205.92055685315304,202.5852918554765,167.8005305226142,234.6328579626529,271.8043703621861,265.90899686233496,218.2488424816729,244.1994176007713,249.14076835802683,179.34205606436942,247.20861271078752,239.24658088590584,241.245414235729,214.97720920463124,201.10833842799204,160.0651698821554,255.5185245122028,218.5332132951606,223.7546275151288,230.1985255886794,259.3980690535001,230.66292064140825,229.1463630145541,248.70592621486557,258.9962449557243,204.74991402935905,180.4261014780184,165.9240775370567,172.19944472963158,205.89383777848016,205.61689261495343,207.17269678570608,192.6479455381967,264.0365003880621,215.98401721135772,164.06077425860258
224.18229665137412,230.48820961615417,226.1172085604332,238.7222186893908,212.9768028560977,218.988973827079,185.5219151916662,212.395354900368,207.7115718012463,216.08126209029228,245.31767238745687,220.92101990476365,170.57579437944543,0.0,220.03020474995,248.6144067458288,225.17126476067733,252.79848872488705,166.46538747686057,236.42022195308067,200.7605090887948,264.6504992720077,209.9047974963498,239.4619568886542,226.63681872013493,247.0155750530224,235.3661039797973,227.186501395201,230.12604689219592,211.38228163771544,217.4319710347151,198.68115045770676,233.0147562783152,257.11605191440043,246.21609714478151,227.7917988144331,242.68372124078243,188.3519291587167,210.74686320133767,195.0469811656565,216.8671659705841,213.6529562162644,231.4959392071804,223.67448908191705,225.5622193330815,214.8467242239368,212.8838928421028,222.6045979339356,211.9309414673394,199.1386372460657,229.2352796081768,231.3432941634557,215.18921255266315,226.3350800433078,229.1660253872097,222.32488746901493,232.66138930851216,216.62356784520932,213.26487490104037,231.77116993368907,212.687889009585,182.33292599119545,183.43770248994667,200.0503741693593,198.7656948206627,231.73584407930588,182.40877457921613,230.57605782400896,250.9964830040528,250.87872982631907,233.852389604916,247.59250362801475,218.19292614092856,185.04551881444152,229.4085867841402,251.1583399885152,238.0640494117725,212.40492173904147,222.8563621547704,184.5512484905238,259.4449605928762,240.25571594066145,228.83392952725683,229.40742982655848,236.96645088916603,231.81169612816893,234.18447201773705,230.7788099713603,239.55154071891184,221.40432224978176,211.64199739735557,186.76679746533867,194.7951587543299,205.3348901669155,215.81275718885823,206.64467809943227,203.3649787470067,243.52550588814697,219.9592311513809,185.1781426997581
220.1609432201317,249.7825060733609,233.7307468419088,255.5175637374614,243.737614432043,223.27273306992615,229.8585626629805,243.82794994836405,216.90654927276623,226.31087752721004,204.20220127059903,224.50668763708384,204.1649694924428,220.03020474995,0.0,255.29753771824736,242.59621123452484,253.0802195488237,235.1496388737487,180.4986465265914,190.96850181647696,221.7426596098828,193.24267625327477,215.62992670148836,219.3127507005229,201.2982271652702,186.3164406520048,201.9764501676377,155.57468849761892,196.7924517749108,226.55032466221516,221.45897719889385,243.7774938603345,244.7797311953664,219.90552022975885,189.3091757219629,199.01592623894837,221.09748918377733,218.53115584512184,229.1793524656726,218.2956988595464,199.3578068290463,213.60861397580027,178.02982786875506,199.98166035609432,211.08146063844333,210.5430381096888,214.91432558560768,192.28078600429757,199.22835521514656,231.28797849623564,245.13081252486663,242.4407322850801,262.95116254817606,233.4848765356947,213.814635360014,243.4041474380697,234.047492771137,225.57613122100128,232.2685436088778,211.83197517157657,211.16275344911844,193.33392610007516,208.62648395942213,236.93632424347427,111.11222824151898,220.65105665437557,241.92702102217245,237.99790118274748,253.94323427968607,145.05588874453144,243.2903518584881,205.2216735250269,210.05037373051343,225.86577634770651,202.06673184450463,181.8915157747708,182.25603557237497,211.8237743924452,216.53793529063185,224.596594054402,237.0445723104793,233.5832854472338,220.00076702030063,189.34273591547745,224.11970985311345,196.4798868310917,196.27679487794887,221.60230700107363,235.08681311131323,241.77491512834365,218.5737679466098,225.1342980061656,203.8713681715456,208.64668159668736,203.03951730177772,209.6074037707428,205.0617453698763,201.621042541063,204.11625663145915
209.8756450156498,134.21969638869186,201.8081940624428,134.94995595926093,169.36579239911805,215.1253465305951,184.98614827554584,175.67059840856683,233.23340401211647,209.5608182735136,224.2165335554612,210.92863914622325,222.56319360745908,248.6144067458288,255.29753771824736,0.0,183.72643230196852,165.98583308839102,214.7481158657542,231.12433701391825,229.59646891211605,185.3127575240612,199.8191991908022,209.69048877265203,223.22588316466528,202.1221104741988,226.20054393279293,232.51501386522264,245.7790366218681,236.6914631891862,203.57970751210445,182.17234368032416,178.53681900666018,175.8528371545043,188.95762236823725,223.3403844737175,221.5869721349274,215.73248299884955,204.850092169225,210.909003389515,208.03601697630117,216.74309657575637,204.37572273481032,246.6967944762293,228.77797015261768,227.6395936200689,193.47270531399084,209.6857922146138,235.65116392227335,236.76858474542743,186.4210190928144,165.48135699102443,139.69578345117176,141.15200696849757,207.92958479830963,219.6804198811559,176.9707831588289,206.0953866137209,227.01072860501785,231.94601306836196,219.6512034280153,211.61577283514904,244.83488422956435,207.5347574202848,202.5229177453812,248.7477656065574,227.017640238542,180.5532701688024,180.5914059688252,157.59943178631573,232.91751328102464,171.59837044058344,214.6842243507188,225.09595667536044,225.9512591048652,220.5998013440971,229.23153664479383,246.4981996969469,206.1663098742799,203.67323321711424,199.1629973873672,185.4112233173369,205.76835554925904,182.1972591747927,219.45930749149508,191.1796569440648,209.99917681849607,232.42334507001164,209.78190960756217,208.33860909928643,179.43661319198233,223.601190298603,206.0583463814402,240.6296838886223,238.6265075880943,258.68848463640103,227.5381121252124,219.92482748819043,246.76594713534385,237.55495610021384
221.36872854685333,197.9709481979193,199.6137540894644,217.9312595239792,210.18693428074897,195.5602455345438,242.6882227765376,209.8054216391069,212.30971995878485,226.8193378727052,202.27188613515503,211.6905713561921,241.75736642592227,225.17126476067733,242.59621123452484,183.72643230196852,0.0,171.95233098944544,150.76947619337318,207.43288497048732,200.6839792454312,182.3584282277633,217.6934331461801,206.7675374276206,213.9435839289994,186.75494202371925,205.1402941540081,234.69113740953577,233.7625824538303,225.77690356796785,218.3277089127864,207.0983993342503,191.6975067644339,171.49828756667563,195.5380871827112,202.68992103422823,238.8146442804301,228.2308524937361,225.91539286911,248.48962947679044,215.72129840681333,224.67492788743192,211.88122720135783,227.4604134888272,208.8440040363963,238.20299895225529,219.11574461497003,198.87067777784912,216.74121885202385,226.88252036309677,230.1438300588408,211.82922379739773,215.47271699711013,214.72646723088397,200.50788504411327,208.26089426937327,223.88491144444887,196.88706725598348,231.8942172837801,226.523970398404,229.40642384729117,233.23236490402547,219.82987896813904,184.18833018305796,202.23590097033045,236.61934225316617,240.377262291016,110.65570377120709,161.68766119325417,177.56436074131994,218.1201150369428,188.52489274284477,209.87862260405572,246.7542092429377,196.29648437998776,192.0650667835852,215.5165690129025,236.57527645649336,217.38742380511556,214.7596542832734,183.22028411427516,191.99208420332,205.81640388284453,212.1317783912479,206.00356667492892,215.9715054941174,232.96337092048503,229.12325452930105,198.89969197874592,219.5483377683921,223.30476157710305,236.36877975763,252.89863654683649,229.69948392326305,243.5079306427671,243.0351564023494,239.52365447757296,199.6673269421776,227.62140703962928,235.70380407626743
221.10382952657145,170.26681600244754,228.35795416215151,184.35415513873767,215.3693341700971,244.5341891115036,240.56892464403649,178.6182374274648,256.84276603727744,235.14348895015152,206.6336829678768,242.09245408722245,273.408777320086,252.79848872488705,253.0802195488237,165.98583308839102,171.95233098944544,0.0,232.38182502379803,209.41877608494707,237.6100654337589,150.71312674370955,161.6326682936176,199.2386980670484,224.77450801421804,179.37809387293083,206.2330665368981,218.1157665542194,235.54292431701123,222.92827842808623,236.25300371251865,234.4931936014696,200.9577790587307,99.89116015613304,148.1821865140434,217.10294777620052,213.35988125377503,264.43479878912666,247.99415457733855,257.6799717520903,243.95273886905449,223.52966639339508,223.1835582794856,245.3026952768538,248.44594711505133,266.06733183834723,229.8087059721276,227.2706706195649,256.63041633659066,261.4400162423884,213.3636653918453,182.07207304464845,174.44751984496494,185.71671826779888,228.98272489829117,254.86559475005765,151.19246024646048,227.63310566961084,219.7536501566784,224.9289644068499,259.5300200518942,257.44929275511066,263.23880445325955,238.983923535817,238.64140439336325,262.1359826272479,238.64103881727584,180.72826080951887,101.76410708614232,61.89388520385262,234.14202915009295,133.08340888434273,181.7503776027945,255.2891792963942,197.04414571606964,205.32995268343265,209.708110607401,218.44442954802795,240.48522061354345,250.9427555357395,156.50067730470994,180.594453386328,210.73200114377323,194.9451096231901,200.8237009786149,192.57088060028772,199.2691274934769,214.3964967101649,141.40339899965448,216.4671486461869,229.41528106526027,266.22979106429483,248.85013278974563,257.8608608656236,247.7320823649938,260.21421097030213,262.2950613154848,172.79978035344408,237.4632802945619,258.53207868541773
223.1510363676504,215.7034320638708,200.4542191603117,239.82658673228568,201.09149883391692,185.62131360193752,210.0898381748597,206.3041197124853,178.35250492951155,237.21043915875575,245.36358697475637,231.34171170686784,199.99441843744967,166.46538747686057,235.1496388737487,214.7481158657542,150.76947619337318,232.38182502379803,0.0,238.5294099118593,149.33759429496203,242.7901691716496,222.23898505893504,236.73448546691452,250.7296804595798,241.1469562290182,229.62513644559093,244.20127771681024,240.2257494144544,240.38839010903044,201.79423096151424,199.40405798601665,222.8168569764388,230.78976945631055,238.82491919732863,208.7666215140968,249.6046055573456,201.53650622053243,205.80095418832911,224.13787069075624,207.3209461782002,222.62216834134347,210.8169970657717,214.4635341107459,212.0388621973848,214.72706997868835,210.92044835452043,207.4254195683509,208.47108229965264,200.81465132126567,230.65335944468976,221.89697919800392,227.2970913174384,233.68737775696064,182.7860286160549,187.6167264647748,235.99072393889935,167.65840685685652,242.1895026768187,223.0541101356993,206.6599620287872,199.2235174545374,197.65413502184956,163.50964446280554,170.3221699292447,229.36576132950404,211.1435402306115,134.16147363672405,238.7072996165201,237.82380130557576,219.16727799515857,240.50278311090625,195.5574196014291,217.55381094684995,225.90691603236036,243.42129693033348,239.93317451702995,246.89367847280343,204.2696994927101,207.71844379820936,246.26637355378443,219.32104463874757,211.2268857524572,237.4400973219377,233.5921735574854,227.5992214651929,244.6282122783741,240.5785283623977,235.9876387493373,222.88613297203125,209.4146044638188,210.30351244639843,223.63851492643735,203.57756145845144,223.19414612227663,203.8624674107499,209.09673026350796,225.3140378165471,214.5852536011614,202.63727862720373
205.27622620583475,256.3782490522037,219.34496277122028,258.79395700697086,250.37554297263216,199.388285775847,240.27050067547952,255.24048010664788,208.51901103846396,216.3064108274253,213.6363248463942,212.66385598658664,257.2707500378249,236.42022195308067,180.4986465265914,231.12433701391825,207.43288497048732,209.41877608494707,238.5294099118593,0.0,196.0533291685201,210.30070901281957,185.72551737825827,200.7497240259248,218.09439034721885,202.79879216096265,146.66105117944932,224.82358886352893,153.4846569471445,227.41276280576656,243.881266540021,231.35883444671052,225.62867866226676,216.19183250574048,201.1054394964642,134.78505413854683,197.223660139184,221.3113601482885,241.12303683595775,220.99651359328848,194.50578249484403,208.4959855746806,222.0770090949528,197.82460043960015,185.71482295984876,222.04246402065436,225.67379017151592,188.81739825410125,178.75051371845538,186.9781119686116,231.4723781799885,243.53100748048269,248.12603851870264,264.31790390738297,226.79399617398536,202.3320401632088,247.07278463617,229.11535210689223,220.55380688249588,258.3485861471877,238.92740734289092,251.68103735645388,224.9224015153507,208.8046789304218,228.8336370998071,193.48282754851687,215.05887628257096,221.16345934850017,205.9408488556459,212.3421839602443,136.85328846647846,226.93407201375004,181.89813715577048,223.5012530542012,189.63281350537284,219.54274785305088,175.7578358791505,227.33124515510272,225.56877999689536,227.48601118937583,197.83553540712435,212.69972909115324,196.70981803782863,208.69627999744156,160.2687713762284,215.47946271172657,192.8200175833429,207.7317959703452,149.08649435637983,203.03890621828532,237.3628390573712,234.84237825983672,230.08014414169688,214.38919368437692,228.18931180541688,212.315793041609,221.49611621469185,159.95961734330686,166.29965223093853,192.7826857587839
233.8663100835301,238.99778451726928,203.0352630367285,255.2970600578268,226.67447909244987,174.77320539305228,230.8806851848587,228.07118869277429,166.81374615825032,232.1070194800621,225.9328237312745,212.2159118808883,212.9923452774455,200.7605090887948,190.96850181647696,229.59646891211605,200.6839792454312,237.6100654337589,149.33759429496203,196.0533291685201,0.0,243.6565014090399,221.2080990125321,226.2036631183012,238.50878313695077,202.2205598094854,186.675161728668,226.22823309280287,199.13807716856616,219.4156473619384,212.85990132585505,225.69153998534824,231.4903638220107,236.68832128664943,231.67376588392187,177.70310927460258,234.19021734002223,215.83549322328497,215.4154570186065,230.4820910282397,208.2345232340252,210.80050011794765,210.76404797397151,201.5965187371244,200.5104279028108,215.1234527662469,219.2178579972286,207.60862350424185,182.20477158857997,204.32412596809175,232.71026939722748,243.45404077939511,248.75980190755791,257.9926843813,192.75027057900812,172.18300540280188,254.10870298070205,168.82291449604804,227.37283774769872,211.2038630478444,201.53041122434,212.53414834165923,216.3992630451804,171.6006930548245,162.39533948048845,181.97496229938545,219.62249974197465,188.63923160695705,244.1835366194887,238.65005575284704,130.25356342905982,254.48342876707812,169.54953191675355,213.048227627669,221.30810314737988,221.29594208457692,211.5001431269572,220.87907650612863,221.64109137473872,225.65759552918468,248.16008337683095,222.15067478609836,220.1085840252081,235.654277668198,197.63102212785472,233.2203750706437,238.10998585673596,211.21040224915976,215.9279975913098,229.0271072526117,216.16696095840464,232.09839567060897,226.3486638517416,210.1989132918958,226.13050752601103,195.82663230278365,215.0454932238802,209.38683839714943,184.82655875703975,211.7619966225037
