0,1,2,3,4,5,6,7,8,9,10,11,12,13,14,15,16,17,18,19,20,21,22,23,24,25,26,27,28,29,30,31,32,33,34,35,36,37,38,39,40,41,42,43,44,45,46,47,48,49,50,51,52,53,54,55,56,57,58,59,60,61,62,63,64,65,66,67,68,69,70,71,72,73,74,75,76,77,78,79,80,81,82,83,84,85,86,87,88,89,90,91,92,93,94,95,96,97,98,99
0.0,221.063105531934,215.23786898227317,229.5797806162901,224.5628858766833,186.07698612924804,184.59774492957163,216.99260410501003,234.60689625326145,275.16513724849915,242.87203685417228,261.2960354964485,248.5932724721386,204.4484822108085,215.23133788235864,194.83342102476908,255.3780361235081,182.5823450804264,213.71066680067895,146.08786362817813,174.77378490527798,226.60816333667867,198.6106039244775,276.6886703479121,257.09695658126947,251.7989007160254,212.7075678108012,229.73758443694211,237.309957291244,225.22277656273505,214.70436851622304,217.31361227054356,258.9632719184025,221.4248606453268,217.16004238427973,165.29046483463918,240.1989426060321,238.69386799142603,262.32722851565364,282.97953343530696,207.4167063364984,238.93125476650792,251.8954172349405,178.8762744750259,167.9753221523838,219.09601879692747,215.25508516112973,137.62212303028036,121.2107413105184,151.00208682468673,129.90677425833763,213.12094071670623,214.488648396324,210.34495143452096,214.2993689323904,180.26543735496455,211.1278122670323,230.6216663210662,248.37429352789525,195.2921594018109,232.93414562965555,231.26739613003792,229.3243349352871,218.412444605774,204.61667545507373,207.31513734466125,186.25167007251903,232.61400240290615,283.4823859336841,215.1479059844388,182.4222843290156,252.49208794185944,210.1680977931884,280.56679504531974,245.1912633538436,276.0927684853846,255.47317845810315,263.27960184613994,210.0248267520496,224.54098262152263,290.8203992506441,274.2758426888029,265.46381844323867,291.2326110920022,263.2620426630651,272.7536691263771,247.60425303947025,276.3589309907884,223.3473873443688,285.08025843054014,256.4090107906337,239.680124908866,251.7521915305588,255.9949920685048,273.37792282383464,191.05576544974747,242.68563073701108,190.4779540756316,117.82605747540632,173.80718202381956
221.063105531934,0.0,120.9467160054068,114.12950345847943,136.93811315260768,192.6003124581245,200.06786799638928,102.61945212120722,164.34968035747784,200.9547590357004,244.91906709229065,230.67102471902007,206.44317047018905,206.7013911401856,233.0192292281553,159.03800161120108,223.9735878715724,177.10357495178536,185.29254684901932,241.9476840910328,239.156606136332,182.2277284263701,212.52028465660777,241.36322330675347,222.66132381630536,211.8482134343076,226.20612712697724,228.37949893962832,242.8832563442595,214.8641341387436,231.8495691314892,228.7857817920672,218.6606945077142,199.2006372269266,225.5008672743548,217.90755466657245,238.77838775831785,195.50486751965835,199.2152965073016,202.99959933557568,235.4421450711733,209.68090320541225,216.95520708172265,222.60562293081165,232.19625292403748,217.5753106316544,225.4842387235142,236.39855148924715,227.59954239107867,240.02147566109025,210.33150968566423,66.14713615715584,150.59868190623837,168.15135118557504,146.42836919363327,188.3178828538956,97.67903100118156,145.42427440477292,227.3078382763919,230.6761892076001,211.07899023712477,202.1728721243534,160.05687400134644,203.67832654907585,225.99559049649588,221.43946353392457,230.53063672073432,202.9977247650733,222.0521451653232,165.12350120302028,235.72160333342885,174.32065016982506,221.18917223200407,202.2430653836868,225.73990735009855,197.73930305096764,223.6666920228172,216.41643750119283,230.4526125023729,238.5470869794404,219.54332697067383,251.6260455232581,218.1469066884222,207.9735873176233,222.941592473942,211.3117587614799,248.4187073876499,241.00937089092395,244.2513981675379,238.3468458531437,236.9687792128429,234.98176120859483,189.4551140251205,235.9550919898927,211.51529520524875,233.97298932906307,230.5587442052195,250.3300372080473,217.449786994719,252.65461900394055
215.23786898227317,120.9467160054068,0.0,173.56181106127303,145.71241536069556,152.0401960001764,209.6028191215948,142.55895403477308,121.13876691980036,218.0625718860605,243.3472460390328,217.61934225639865,207.10452494662852,205.3086948222896,216.15312158673564,201.8619028221356,232.86111169635464,208.88654717389488,222.37206622475128,236.24999827368168,224.02578726705823,221.59419225448144,232.90679442322215,236.8630979394618,222.6868163348462,214.9019412220507,232.28589194388775,229.0628959722601,233.65647256600624,211.46954607448205,235.6901866617976,218.56418416666008,236.2334607792887,238.01411926555912,250.48803668995168,209.7405484530239,231.9654534442156,181.059469316833,194.8866893842889,213.6881343337485,222.74419615224525,201.82088878918591,240.9330112511556,221.09252789807,235.541016298906,213.57186905187723,238.91809461123933,241.7096060631582,208.69810638814775,223.89519823983255,220.38356859475323,122.01233528772528,192.4901277784154,184.23806032016947,123.90552819109853,129.66072310191765,155.12085606994827,124.53700450019734,217.22077356621884,217.93760310942903,208.31694695545,210.38283794722892,182.1541251514537,214.9390315829719,227.25899618171167,211.63980589316824,214.73673642804116,226.57088756808184,238.8474461161254,203.5919800761385,215.14545104598,214.64144559825056,224.56720877479705,214.6766023113906,227.45762259775807,213.4498668988233,206.32855976669,220.4882124596972,233.7838189333524,202.4554174217659,224.5545563531785,242.19017676524425,235.5709281505106,226.014851229212,230.6493422789566,229.90610338307852,231.0174198485024,240.92305532598027,220.74580119957972,220.6428527595185,218.42619833687843,204.6219711849314,195.06527323694337,232.2278462060163,223.04743713374648,230.61018843298223,221.8910566691663,242.03366863708965,208.2239971823292,231.909287054064
229.5797806162901,114.12950345847943,173.56181106127303,0.0,132.56451462621692,218.7806342051024,207.860977229764,113.20152541783736,192.95201887548532,210.4976222065058,227.52886672896415,221.1778368861058,189.9055786422769,213.9038263469932,234.15373870471691,159.48125268665996,208.28370274997096,173.32366877053738,177.28416051554478,239.08258395797128,237.7675448315368,189.747426938524,220.71678810831477,242.3213862129931,226.23955512351765,224.8644170757048,248.12827241443225,238.92879063603775,241.2197861619181,227.29465563459536,228.29926543893788,233.73459835867072,230.692567672546,196.7448413881709,227.67278055844497,233.74534180852768,239.870072681194,232.69188359105743,219.64734736159116,227.7712782201049,250.8416598871552,220.02945415235425,227.5472830484108,238.8839125046839,235.05529796689837,243.8249474016825,238.7487781710631,236.4151180918414,235.6230734620584,242.62975834799872,213.7021766457854,128.53816570779065,157.60727369010155,135.96547027117154,175.3709476098903,221.86658798889172,106.7787373310891,188.1348062295742,216.5123861165223,228.4331637835237,201.1916381392913,186.54717592214243,187.76663589158025,193.85691752864824,233.18122244435085,232.41936647168768,235.83138133153608,196.86552581170764,206.5270371406681,155.70043087664493,245.98440975234703,165.2291201192175,211.7152965474694,215.53966113805456,214.82356131269728,206.7614359681852,227.6837406845076,220.14132616199817,225.38752705987557,246.8981668841516,218.7483530788238,224.7570069431807,210.93980233046707,200.05890379578904,224.10326253866785,203.83169068653123,242.3140795077508,233.03399568437823,237.5879606428273,239.13615389800265,240.37863906772768,240.8981005212921,210.24330831056545,230.8576141973427,211.74137216046137,242.4926464374805,246.90657361452352,237.18694895502443,227.92774144153097,245.87234893914248
224.5628858766833,136.93811315260768,145.71241536069556,132.56451462621692,0.0,166.91024763829083,230.35176541088552,160.34399602235675,165.12595210554886,203.8008464566574,232.4635004424589,223.3436530593256,188.9685303161809,218.95395845032425,239.39715819017007,212.5365688108423,223.8560827543673,219.812700519718,212.3033628916444,231.1537225348212,252.0815852505916,205.8932161833948,229.34741959122584,229.78704177820035,215.20017032776383,230.2989921951145,212.911219975609,195.6647892300469,212.6106453593177,211.6762796114877,215.98782609676115,219.20895190802395,233.36707555976005,233.02575028667675,222.00290323016327,219.94288819450952,212.6251989699833,193.60509504065783,219.0020665449016,215.8605977404766,227.87194051711052,180.68237858554227,212.99727962989084,200.8597617376332,224.83624731861204,194.30120219133528,210.30621526076828,214.2276800824605,211.1414617300636,222.4041535518503,226.5178701092097,152.48429564677014,217.5296326357593,162.2259084430343,119.22570921159108,187.97528935329157,170.19467151852336,162.2889960246042,208.6342647438112,227.7257398201093,202.22600232514893,202.33509884597248,186.7888511124633,235.2603505855997,259.5718018176333,234.6250540075746,235.9738925817792,241.2306140999836,236.78402641635063,218.9756000963825,255.59410269794157,209.11924326356376,241.36600244891787,224.1635494330081,233.4435751246837,217.3323167161205,219.9490746705595,198.516186955667,211.5476040337456,214.09379069533168,215.66118866478104,234.3814667519376,235.4936368602424,223.9601052656668,223.84850636901243,214.35595337323812,215.31217611778092,212.91691571503597,236.88063352197264,221.35512122036656,226.15120705602,210.3569144901266,192.5520369460884,210.7601142240501,199.23447280409405,209.5866393294119,203.43945613326025,228.434821878202,215.80231196131723,230.45357577523964
186.07698612924804,192.6003124581245,152.0401960001764,218.7806342051024,166.91024763829083,0.0,237.10871738189417,202.9177079618665,139.06306121234627,250.3364826887914,225.3360748423665,240.16330096458785,220.80419850636932,214.54038946301685,226.53298746468585,244.60457958263373,259.5587329950896,237.23620601237764,249.63158586229287,186.7589225020677,226.7748031965184,251.1514377333453,240.09098931659028,266.0588948531418,243.01637144957493,241.1387121955012,207.0550938312757,209.61053893043103,193.88675100271635,216.62463978513853,195.9983942695232,208.68904640685636,267.58234774323444,262.82085212264053,252.51728392769348,166.31606985081345,214.82996370545968,189.35647284866704,233.85225349987337,234.61974714205604,216.3511410071511,215.2352826842221,261.9574192423394,191.90010798078845,217.1957559905275,202.91741413422253,218.3945815039853,202.3776936554229,145.7781335209616,185.5554783201345,195.93128938515207,177.3222578024587,236.11786023009756,212.1447624231127,129.09134786282056,86.637157835753,207.25993006326183,156.79126739866692,217.6981829649284,213.54528210780583,220.2928622345596,220.8171013993456,224.12755921937963,243.2095904340744,241.71521186227017,224.9273460419529,188.3517203530986,273.3010414652932,279.2574168403144,243.98971003812628,218.00350724457135,248.40825953707213,246.43920552750356,238.22117187505503,263.27005745285027,254.78020626117245,205.58100694906943,233.6290587183552,198.28046665872415,182.9600502252356,258.45522819024575,240.74018118698012,263.50526769360084,266.5543046450395,227.38790202735032,243.99575899752256,206.2089265175685,243.14115299173235,172.81705765548577,214.4330932737672,216.3117587932544,187.5622040028967,206.71532651510452,207.81595388050312,242.5087510050156,187.4982551277535,212.1642667327883,201.92851429558664,156.43606716250395,169.9260502416784
184.59774492957163,200.06786799638928,209.6028191215948,207.860977229764,230.35176541088552,237.10871738189417,0.0,199.1837687474918,214.51823044948847,204.3406367558789,215.23318975835545,205.85408962191968,203.2522298160176,189.3573853805776,164.18141318155546,152.40626833703203,174.88616240351024,154.6128615830678,164.72677936088962,201.61302606551,156.70629090778033,198.13324352663807,194.7760113605217,237.0803333069019,242.6474450967475,247.6933672981542,236.2280685309277,252.21838090302444,223.5212299083913,245.59072807114012,224.9403004104385,226.00524582076565,207.911966021204,183.8552871022629,202.27105151216355,181.4073740321417,229.7863964353911,220.43925603418867,221.97480666646808,242.5279536579241,190.99195328868657,256.3581456908827,233.106257818857,222.3432644365585,205.6616547109966,231.09000450634124,217.48207215038383,193.73916182131137,196.177550179577,190.01446776782532,212.60821128249648,207.49197778921,152.59903886635723,214.80165198590976,235.2138122751967,211.22092972190305,193.89027090249184,210.01362602583623,217.98876208795144,177.3973816273016,186.83174185109945,198.0049409899318,181.13148313148196,152.57784628081447,165.36473956817292,149.97487861970168,200.1154622234509,154.9389900467834,228.93114773369967,175.53995993977472,177.250859728083,210.148348039802,169.34564669801003,217.1885660556948,196.4543288311895,238.0749575254044,212.33073203002527,246.0348786221,223.02460853603856,255.3811697536397,245.71240514806013,239.2037351744508,222.24864525057805,227.1678656245696,247.9069349061395,232.99519598348977,232.62063573408065,247.8453177564168,220.7061091811829,258.7472803645321,252.90066101122332,272.65149392277897,221.10454934050804,240.1451406458152,247.7842210522236,237.8898144830439,245.4743679704652,236.13918404599536,195.1837153647585,220.7776730694236
216.99260410501003,102.61945212120722,142.55895403477308,113.20152541783736,160.34399602235675,202.9177079618665,199.1837687474918,0.0,176.06451399082823,227.63449548179725,242.31352053402267,230.58293166715623,213.08356672013733,229.1748661460832,245.8721383334864,127.00762976794172,205.3752116663258,124.4213045743767,181.3591450172795,230.4262259488435,237.27443673036584,166.13933661588078,216.3166872887472,222.90412820066413,242.3640655596354,222.75308304696551,254.34965901728089,250.43385205282465,233.11275247052072,233.47347033265189,235.8191134992769,235.57606121958003,226.47563391461017,163.6540797764143,226.47443042363125,210.8284413975069,243.5331081783659,227.61071625996496,228.5441518305049,221.47743206991424,229.0184458827841,217.80618548888103,222.1752449472895,248.8890130703392,251.603233426452,241.27573833038872,235.5907056088834,239.706495641946,226.3986082716839,239.2501528009346,190.1465072455441,99.33648115875478,141.68362681609503,158.61814385050667,170.91063412214646,199.28304260337592,70.60380681395358,175.92700413320546,241.5003663238096,235.7559463977247,212.56070754204296,203.3873483233831,175.7190454777548,215.1282278483844,234.91644945574492,231.7773161008074,227.4047335195557,196.29975429175343,207.9212110939148,122.71808893359253,236.02391164745663,155.04598647456464,212.8508424799177,216.54276660667804,210.56722819710245,210.31921021130876,233.03871522177587,230.05253543437655,240.7261125903592,249.5830789389204,217.5728071255519,250.8348950194816,238.53196479877107,210.5248756541946,244.1441099273933,218.4540252113025,256.35821575139835,250.72330945841983,248.58210695286243,236.8790306429886,241.01878389985515,249.6504311994209,226.37556240722216,242.1001891096538,211.0461218292553,255.64461108553613,259.843179958837,254.58769482100516,213.64761622159915,261.8173548863944
234.60689625326145,164.34968035747784,121.13876691980036,192.95201887548532,165.12595210554886,139.06306121234627,214.51823044948847,176.06451399082823,0.0,207.62844176938268,217.7024104905664,192.70537009991853,198.7991277322944,202.78454891296468,205.44917577980289,232.38182447839597,230.15025639435584,243.706174029252,242.38940295886775,227.82944472290373,222.34532209140465,252.380750905727,251.07513134609803,238.4640787046617,225.951540503992,220.24725514084088,242.1108322781283,235.0129243856801,204.0061364308528,228.38086928699244,220.04256670728347,209.24487279602735,232.0190794495948,257.98615112056086,260.2711546347109,195.15282509714584,213.5630217926572,167.67524750319842,205.02251882306035,196.74240492992325,226.62257199156156,219.15538430292537,249.04253564697893,213.93512160761284,237.0658628202536,222.8184359460681,237.6350765850118,244.10749226299052,206.5922556581268,217.66542501240812,242.51828079733764,161.61177268905658,203.6050501296167,200.87966818215975,127.9578666538239,130.5163015749846,194.07558348610496,78.34224050523872,186.05943806456528,203.81955335578272,186.10567592515596,202.7643223354853,193.99392557290355,218.0108762457848,229.35905043408565,210.8729987927174,209.77614918646452,241.0169350486964,246.42001854664332,236.2964402595162,215.51339508962175,227.8665124613695,235.55860445532124,181.6648193486953,223.6707513202492,218.01359495979352,184.5961296565856,225.59130020588944,212.59178258242656,194.41512454582931,224.4238582237908,222.7154373496958,231.48739123477384,230.9203118089628,226.8691440683183,238.36270631740703,209.23612830660957,233.6433950864381,192.7617944525388,201.2697658702539,201.3017621736795,195.8814657155513,170.38692634730495,206.2182545572638,230.47838402732367,214.18815507298336,223.1128081097468,239.72887160195955,225.65710483295976,216.76093106870252
275.16513724849915,200.9547590357004,218.0625718860605,210.4976222065058,203.8008464566574,250.3364826887914,204.3406367558789,227.63449548179725,207.62844176938268,0.0,175.20783397472565,139.28436203165228,180.61555252466204,208.27867724512117,188.1557236577992,229.0397377249756,187.99809003803483,240.1217399477684,214.8161308726732,258.52693596720326,235.48529608480564,214.3906962080517,242.3254293044402,186.74733558359247,179.27846829268856,213.6318859325266,223.0198800467768,200.91801666333856,202.9488549528889,230.0919661640855,209.864114299768,215.82416152575112,201.72816225814148,229.7611009632907,208.87567646826332,248.5933989627442,196.07129396209376,191.2215940954515,179.65848290230323,177.341323461654,219.3563976616552,201.07392975770236,191.49958012559864,202.09269146257185,213.0688144789344,205.38874551439116,208.930012594568,242.2067559142344,256.83858191804114,242.9475333240413,294.1860273053251,228.33635829693705,230.998285550456,235.72957011362223,223.90035098380207,246.40003427077784,226.1135456689736,195.06140349046737,154.53195856765416,189.1797875141179,188.6931767631224,218.77119203452503,199.1938941630497,200.96152528092125,218.75036659436807,197.3099934641016,252.75568875022705,212.71636827046663,203.6777897658073,226.3371564585328,250.22511906253885,215.64223220403863,237.83822387340211,160.76058599821226,203.2634277581005,194.53921994043543,180.16788228543163,208.01054973485464,217.89180275191316,220.3088480317024,198.80631599446616,197.24775262919383,184.63093861634508,180.7241415016402,218.13439190054712,218.66878669885935,189.88757914555976,180.21396586346884,232.84325267397548,210.1870589401705,211.9946968111981,226.55884925843995,176.88662004782927,196.60788837451392,202.69559442956088,200.9988467813872,200.71570645173563,228.6423201956688,259.4391383131524,233.3346260715009
242.87203685417228,244.91906709229065,243.3472460390328,227.52886672896415,232.4635004424589,225.3360748423665,215.23318975835545,242.31352053402267,217.7024104905664,175.20783397472565,0.0,150.70569355722088,175.97750607137124,205.6672899345016,190.304837549441,246.4737958984343,215.43294135253103,246.52000439850173,216.28128578698065,222.7273870331109,215.21804662062004,248.45801798071548,252.29278473896505,228.20387986165915,229.54161338137152,222.73441642635285,232.78066725699796,219.1864911261831,199.88168098573271,241.19907286129185,224.88972826779064,237.3031959269162,230.15441241188188,240.48700405389508,234.6316625534316,224.37850017860487,194.3963502904375,197.10454794712203,203.48394684103204,194.95002786572877,218.03205728171255,232.9902189157145,239.1197924546817,194.03664032832995,205.12296602693144,209.31664012236547,219.67876391279964,221.83143125049452,214.66299840663572,203.4117076611701,266.0358285996871,252.5914338528638,237.96324606268445,239.83859804785263,235.61638882331397,224.06772819490712,251.87837198724648,219.18356305902643,212.15166879999035,191.14172563835692,199.76683440609244,200.63930864782495,230.56472824910577,184.4025894058208,192.88645337505756,196.72084246088173,214.59353058374063,226.5906406191753,240.7903054781661,245.34873990143507,224.44498408159149,243.9015153869833,245.0375251499277,204.3545048065485,240.99263324026464,244.4011188332665,196.3116308885444,222.00431491223324,210.60719733663228,211.56236366046937,243.28608646016784,181.4546409216818,185.56085961950868,217.1347815071925,221.947641543404,204.1863812091843,184.3793910102226,191.99373422337965,183.57484955422456,193.6067316922648,201.38307932839135,211.8531258862991,188.43398090791212,208.10178970903485,239.3300250829116,176.34714081597923,185.1850476725768,190.864916162797,213.9324158959116,180.60036288468785
261.2960354964485,230.67102471902007,217.61934225639865,221.1778368861058,223.3436530593256,240.16330096458785,205.85408962191968,230.58293166715623,192.70537009991853,139.28436203165228,150.70569355722088,0.0,179.9152770923846,203.27019130460928,179.15708828150457,237.87257883332265,175.4279637132211,241.89021837853704,220.7766533641133,257.51887459958186,208.62526033899573,242.88050105721857,253.9973087765597,183.6966689897135,191.44763931498397,189.93736992044035,247.347237414659,225.32628911207777,222.73225353759372,234.6177408208252,199.36247297312977,232.86046099875563,223.15629264511492,240.3576848189424,235.8076430502617,246.52770544581023,216.0562560799212,207.0214921154704,200.41113714327716,209.2743181911451,234.76967661730612,212.10075362747855,208.26676807039289,212.64471775138145,227.53873060102725,232.5307226569128,244.60162180134705,251.43370549488895,257.66364265367645,242.41940618950684,276.34348810642985,239.6094601615744,225.04850162946497,243.93469920392823,228.8253942201013,229.33979337238085,241.01171587282155,200.18437400590977,166.15516171890644,163.4724884316127,157.31501873255456,207.5097608063361,209.25119328022663,200.65447724679888,202.77160951095203,196.6450807806289,226.99713990125247,203.24124439380572,206.1687250239499,233.3982908269548,221.984924914331,215.06221162485448,221.788308500466,164.94943031504272,172.90851920016993,177.31903880769525,186.9530167514652,195.46898403785983,204.3719961528169,209.5777665342856,181.53045347261892,197.1862091709816,191.7216915903909,197.8868866352688,218.33096175065415,223.4828992561969,205.7167219272013,202.8351931532084,225.040586699644,194.9514368201004,201.7578796275722,210.37483371797512,197.5653076384321,196.02697753138528,202.3874404526556,210.28538331668503,211.86393950154604,238.94580207111176,259.2767883443845,223.225798711937
248.5932724721386,206.44317047018905,207.10452494662852,189.9055786422769,188.9685303161809,220.80419850636932,203.2522298160176,213.08356672013733,198.7991277322944,180.61555252466204,175.97750607137124,179.9152770923846,0.0,169.63968968856005,179.85262712601246,222.06287563632304,191.6359893871708,219.72412749102008,181.62065004243328,244.75025659010623,213.40781287554333,220.488320955576,235.83889739679148,239.55794088314195,212.54228763228429,237.93968731321044,229.18126973063715,208.8233031508779,221.29095182734267,209.2986263776156,221.00658632958263,221.45723555875685,192.25337706789185,222.64564080472917,216.39133628122508,225.091392656388,200.4982619300644,182.7392603466878,186.751554833244,191.44820530673363,218.85337468867183,208.46445304914607,239.4353636022593,212.56003493149024,204.25222319872293,203.070539737757,216.5134221874779,227.51085755938055,233.8049784995461,215.9208611002593,265.6100448887098,226.3856620235512,227.26256851824476,212.86065815472617,199.13980504172295,225.2362232890012,224.28455951195875,211.2634624638382,219.15889605143545,202.96616777791047,178.89847938574485,104.88953503641638,187.3923895815344,171.16524767414586,205.10900505521164,180.2281114590124,243.39096224064235,206.0907741866652,224.5715837241758,221.30821915119284,246.33096667956664,236.90653505680376,234.42993793207364,203.80708796185465,240.1417386988241,229.1212977384275,215.5490646341244,210.28176804905544,219.5634424176968,227.89362340364545,238.8084577901824,176.17299605796455,173.8762571098726,202.6502839976013,230.41644523142625,210.4276391706785,189.08292675718408,173.96293075584038,203.01309486357752,217.41097658009323,237.07199146390235,245.40871644819697,178.6830492373134,222.19322323639585,241.1926889297275,212.3570768596179,209.6814531159636,220.11727812514596,241.13043290620536,214.37218574240967
204.4484822108085,206.7013911401856,205.3086948222896,213.9038263469932,218.95395845032425,214.54038946301685,189.3573853805776,229.1748661460832,202.78454891296468,208.27867724512117,205.6672899345016,203.27019130460928,169.63968968856005,0.0,147.51172555556607,193.49605382481465,192.86785612826728,217.39088944643896,138.10279193060342,232.2918179272744,143.3067629344722,215.45345317315812,172.8124535101938,244.9742915169082,194.83064946635875,200.65011112034176,198.10691422476376,208.944604267868,232.8446228067483,173.09542827258494,210.23075736801135,211.5467857473984,180.21944983355857,228.0239967015613,215.4326296821978,211.86124856575984,218.32571329008147,189.86884708018783,158.03666292268747,201.08640053436164,215.5416540372788,224.3050547964139,224.3991003377567,223.97002933249607,206.92639964848047,215.79222582525767,211.40561985624456,226.485560033573,225.9906014614043,213.77476298534,248.405060597135,211.00362916613568,218.43254093494477,237.3568567799256,200.78959430276444,211.1741400500748,227.1347045609383,210.97104536026288,209.5293280393712,187.87052526808856,167.41199197555582,179.98840311664637,173.8491602675029,149.7345665882561,162.90362418968266,169.03296804978166,217.437847290292,154.08474722057034,202.7828297278472,212.5111908978352,193.6375407334765,228.01264172475248,187.2092365251654,191.9061662312535,200.06797947003668,197.23834474189792,210.4212302258441,173.89487477474017,218.57097823519177,233.52418723620377,219.8061761424588,195.1791935065681,169.03391684607794,195.08733385002543,205.3463771311632,207.3728701883618,205.3312901948349,199.03166260933853,205.35924217570104,225.6654038417968,225.13741075346056,237.3739676622096,194.7154044716794,213.6990833701323,247.87288990969583,222.88700704867225,220.4527198395583,210.83031181078167,224.92463700511263,206.12397133425912
215.23133788235864,233.0192292281553,216.15312158673564,234.15373870471691,239.39715819017007,226.53298746468585,164.18141318155546,245.8721383334864,205.44917577980289,188.1557236577992,190.304837549441,179.15708828150457,179.85262712601246,147.51172555556607,0.0,224.51039307894263,204.28076193108643,236.7565331227199,212.7126080619616,235.8522221194192,154.4788173657819,249.75975600853047,197.1383334308292,250.7255369131567,195.4270422748503,210.139718803464,215.06423738373783,221.20104850953552,204.93252210703616,201.8195605330378,215.8979682641417,221.17925090688755,210.6157417938893,250.242151240156,232.8099297895702,217.3025558942745,215.44777431692808,185.3363278529227,177.22749970337924,235.26324168190283,221.1214760931635,241.4157754801438,238.05437002819207,216.2823243914241,196.30539680932716,214.1816515986156,219.2978809164317,222.8800223230594,212.92110361994185,205.0030393926734,253.1924328402652,245.21277638757425,211.50310980591948,223.7531476964072,232.394806345784,198.39847437585584,241.1026029462108,191.9634100357664,183.1692772823804,157.4567071800165,151.95297768328413,184.4279051394657,211.16745902947048,149.98130849180237,138.40274276359892,95.17388873133903,209.50828091310584,190.86828108149197,238.41205189654409,235.80816686335788,170.94908977393703,263.69210723815013,188.93869470293336,202.59346778425405,206.0617459344176,220.8035487937356,188.24185203100515,211.8823346091652,221.58877399853708,217.0342038260968,238.65573817180663,207.02810359707632,189.5343083840944,216.427826362808,222.31066950182569,238.64747260553375,197.1765480279096,215.9752957433936,206.6394318183557,232.7678431535734,218.42320736823305,228.655955912863,188.95661888917817,221.56913066309585,266.00482442630994,208.5016236530069,198.56716134084965,206.21744990877403,218.8521130072875,194.67137510882043
194.83342102476908,159.03800161120108,201.8619028221356,159.48125268665996,212.5365688108423,244.60457958263373,152.40626833703203,127.00762976794172,232.38182447839597,229.0397377249756,246.4737958984343,237.87257883332265,222.06287563632304,193.49605382481465,224.51039307894263,0.0,164.00307865288514,78.97284435257502,136.0275001492929,220.97880667733395,182.5845349299805,120.86329310637224,171.55263097032253,206.9631785443533,223.94556820266467,220.69062376015583,235.00963771035464,243.3681057499363,253.13323782943735,216.72117811264815,227.95721975512765,208.97390116244367,184.58955136292224,122.87495316278446,173.6457562512717,212.48366762062253,259.2315420704848,239.686140879943,219.8597559374899,237.4572077455056,202.43669979018264,243.5048285907201,190.0302585090685,258.56833385294,240.93200941103825,246.23588826860816,224.1574346908081,220.5661778397904,229.32268487682893,235.1327548699797,186.61756016835216,151.74031075949574,146.85859767366344,203.2509830644772,215.7725209642564,238.2123785294012,121.65455577014806,233.05889707411228,237.14159654156677,219.63770673951385,197.13052249538416,210.9937129296825,168.7929900097506,191.53997571560612,211.82864051088,219.57338834607967,229.38484870560285,160.18162693201663,199.61238409293608,90.99981774078314,221.18748652874137,142.32664811753446,176.62340024889036,219.5800608455255,176.093559685836,203.0365100893646,242.95659690388092,217.9010249083326,238.76862453508792,269.0734197718158,225.24130501862624,265.78740867582485,236.47982497046416,208.12645454216084,249.9172509774889,230.7830716871636,271.0775695753843,259.23766331345166,268.6913316817614,264.3989815044416,261.22587150046536,275.7090130749412,254.14506850146972,246.7754540438463,219.89841927144687,271.99863505944177,280.7152049043319,265.98168093156505,210.0760836973668,265.6613296706081
255.3780361235081,223.9735878715724,232.86111169635464,208.28370274997096,223.8560827543673,259.5587329950896,174.88616240351024,205.3752116663258,230.15025639435584,187.99809003803483,215.43294135253103,175.4279637132211,191.6359893871708,192.86785612826728,204.28076193108643,164.00307865288514,0.0,178.29928703351095,147.55829555056465,225.3193096914842,190.4269074842692,173.7517901501136,180.80308910350283,143.34957822969528,198.7257944801097,194.55795989290465,223.92057441354493,209.31568535174668,239.12091449099057,227.2362238178882,230.2021513866696,226.805470141798,172.20360042073514,161.42239916151084,160.17130912387572,228.57389261159165,230.28820754464323,240.79274078462,209.91296595126755,236.81435815320629,201.2340339541092,227.4666506245445,180.78401287805772,247.98404466383053,225.71652136592465,247.67059978967157,214.86550227604332,227.95421455263744,254.55315436452364,245.1812776043325,254.6060633732455,228.5404104065319,203.6924263863748,239.8475400754183,240.47323276978997,253.8917779150387,213.9959868317431,244.03657202220316,225.38788218950756,216.38456574228368,187.2649179013982,215.11511277099825,168.12166175293157,198.39412850142637,226.0724073221948,213.9461739314497,240.14869301130472,139.15175497612228,148.67522151645807,169.59368308148908,232.91527862903544,185.18797975276615,172.79477456759133,202.377602185682,140.30798278232564,169.27729084754316,206.75861119922567,182.24120971503083,225.3901725438464,258.33100568505927,167.952120864296,207.55903731487015,178.5504288139718,152.99883581434804,208.90639766692527,203.3533203111515,236.71284326545225,199.9849032808354,246.7972935157086,215.3800649260941,243.29840218554224,266.51151248529493,239.60930930898243,224.6492247463152,193.96898319322324,254.51233640734856,256.83115168610044,246.95694251893147,245.6419171206818,257.95602139091966
182.5823450804264,177.10357495178536,208.88654717389488,173.32366877053738,219.812700519718,237.23620601237764,154.6128615830678,124.4213045743767,243.706174029252,240.1217399477684,246.52000439850173,241.89021837853704,219.72412749102008,217.39088944643896,236.7565331227199,78.97284435257502,178.29928703351095,0.0,142.2296103087274,197.70609743499887,194.8264960952597,131.94099483770117,176.58696518259683,215.2950595981668,241.1416378888597,229.2033889132793,246.76831998177715,240.7339083517072,247.92526400872856,216.44614388298325,226.0123645536387,227.1220820492212,196.21508032343596,103.81246392198258,160.67302575529504,200.042772922541,252.62345021829083,243.51349078927456,237.5002595658446,244.5767641533917,170.29894633352433,236.85410534334432,198.60196504952216,241.24173775851767,222.2126527836621,238.30817949285756,208.8348778500041,196.65535375157344,211.77825961629657,226.4943095829767,177.79818254547644,166.5204099799991,157.55754738299262,203.4880880229567,225.19469649202108,230.24506198069224,125.10813028906122,244.08384461879447,260.3636784561668,221.20756721637468,216.0946902758026,212.28406382742492,178.99128688912853,200.0147064442689,214.01491065261396,217.12739032855364,228.8686474450246,175.64259193461675,210.4753767576429,87.84344955383898,221.42408455579584,160.5802634038369,187.95958938228333,244.33196143295933,201.43571555232955,223.23232709871547,249.48321262534057,233.2904199607121,229.14893871646336,271.52471055850583,240.0067765308376,264.47981453597185,240.4127821071856,224.1711848690397,261.6963588648291,228.56515031268367,267.0479754186009,258.70105235573203,257.1593116477371,264.0037714555786,272.6190198381056,272.12141279143,260.8819201194638,247.99964771075537,228.97054932679205,259.5302162478847,275.8591435553859,254.94526928014037,193.53944193550416,257.222523559161
213.71066680067895,185.29254684901932,222.37206622475128,177.28416051554478,212.3033628916444,249.63158586229287,164.72677936088962,181.3591450172795,242.38940295886775,214.8161308726732,216.28128578698065,220.7766533641133,181.62065004243328,138.10279193060342,212.7126080619616,136.0275001492929,147.55829555056465,142.2296103087274,0.0,224.65285930460345,179.6816897621485,150.41668823851288,169.70010763117517,209.7520879374115,207.0949242664,212.05117652378857,226.7565279191532,225.0526450974902,253.9459718759696,204.668803906658,226.1828202657205,239.3518474452859,172.16789693649062,142.52141684137132,168.4908514047691,220.26341273577737,239.7595966396784,228.3294749161218,199.36567336831615,219.91594775118008,194.22371106012676,224.94645477392663,193.1273421829011,230.77141785544023,205.74418775516625,239.6978436614121,210.89201560342931,212.4634934472042,242.1148448324845,230.3497198192776,232.9483515983287,190.75968357642495,187.9344341544905,229.8126766299622,224.28427722744792,252.3525895994576,182.04066098294064,248.25005372168985,261.5125803404587,214.5181153439899,204.8112808417603,184.85111755716207,172.47510597459458,163.66148070566004,203.3661854578472,214.58553480166307,240.40492440042135,137.5797304725213,187.67501123978727,153.71883988503689,239.30684452680904,188.26417949761287,197.7438096896335,206.5491500458149,202.99467148951987,188.18379662030813,233.3813771193466,202.33797338467016,221.5620649938329,273.88049297885266,230.2842251733578,222.6451522761392,186.4985235825351,201.78665328506457,232.4671817923471,206.2896192377976,247.78765624492323,210.82509839663183,244.6358258263803,244.1608064335197,265.95496461833136,278.9542479568712,234.25741301098932,240.5392888788141,232.94340472364945,244.2187762313592,255.7439773322497,250.63897005594285,231.67570528718915,254.5529349290125
146.08786362817813,241.9476840910328,236.24999827368168,239.08258395797128,231.1537225348212,186.7589225020677,201.61302606551,230.4262259488435,227.82944472290373,258.52693596720326,222.7273870331109,257.51887459958186,244.75025659010623,232.2918179272744,235.8522221194192,220.97880667733395,225.3193096914842,197.70609743499887,224.65285930460345,0.0,194.0203781466012,231.28224448476945,191.80703545036712,237.0662107493227,256.43764763537416,243.0753520871596,204.08616049623976,215.145587268452,177.9963905789956,239.85482679293827,227.02098205549265,239.12371574297677,246.79441795127184,210.03650365579895,204.08409553822725,141.08983983387313,213.36247521863183,246.8540792878938,264.7017073493554,253.1660893529972,149.30856326997937,233.10118986009448,252.4433501086724,193.69963902752,186.70201819852943,219.30406688930455,202.1333803944217,120.34405491441017,125.78488160601464,142.35287955687627,176.02578790319373,237.24013008717344,241.4082603022481,222.68173612442197,229.07286206800632,184.34337379602624,224.2977855799582,225.7863744837496,253.08742097856188,212.5024489265637,247.64097734360035,230.2403535787115,235.2244576740437,226.8011319591752,220.45492598232772,214.02732441310292,145.78805548893467,230.9861750512576,249.8098620458545,216.43271626596373,171.4535666856532,242.23831255304776,210.40806949477752,260.8842598224675,236.875820804426,266.75425711500554,210.77316255299644,246.6113861006897,207.29406887743303,225.09139140562883,256.89822871705763,243.0480540974325,254.0321538181112,259.29541176311926,234.047314318759,234.50511117032045,225.73650779387972,250.4825907097532,173.70596838084003,221.41438695152036,232.64833477924932,239.47300992270488,244.01526529461057,243.29621986235648,255.50523287898733,183.5574367212638,222.5722159187821,152.00519557330028,127.05213050079796,152.53373896275406
174.77378490527798,239.156606136332,224.02578726705823,237.7675448315368,252.0815852505916,226.7748031965184,156.70629090778033,237.27443673036584,222.34532209140465,235.48529608480564,215.21804662062004,208.62526033899573,213.40781287554333,143.3067629344722,154.4788173657819,182.5845349299805,190.4269074842692,194.8264960952597,179.6816897621485,194.0203781466012,0.0,226.07890995832855,172.79583300345118,237.974354000232,216.6756338205096,222.9436051595111,221.0151869750424,242.4779019357801,225.03671167907495,204.78448524800663,243.56168519245952,220.7254433515657,198.05527999089972,219.80099611440576,213.42040775340024,217.7390041095997,253.48889290931308,231.36538060922976,215.94447476725463,258.9443321265016,209.80545136347845,249.13898166281496,231.9204113027984,237.0982307796784,211.047658752455,235.7382375186145,242.67162835831607,207.39461523552515,215.91749874016844,213.57807940948908,212.62381165657428,231.36879773356395,218.41090218866896,243.25136738710103,231.69143513250776,206.61092597448385,235.10893675392407,226.91094496459925,228.33831686416127,168.42134770326803,180.89937320926705,206.90239406317195,204.72815837735936,153.82346052749915,148.49699017744624,160.8709452495983,184.68148027396208,155.58680085676764,225.42537633568307,202.6886586179945,129.4273989100996,232.31286972872664,148.3310118559961,224.97321428106463,173.38226098519272,222.91811880395665,212.59152902480145,202.3658134857824,239.77207827450985,243.3390560365258,227.18838279092216,233.19483131741327,212.74053190579156,236.49418588212745,224.3978387260504,233.61354999876897,247.5688613458969,250.05552767174223,221.9553810355501,234.92326357167772,230.7471012809795,259.01617755771485,241.87137734239,251.8096237402729,254.2376502158208,238.89874283748048,241.95764445298036,214.50981829772647,203.24124250555576,219.44853893305924
