0,1,2,3,4,5,6,7,8,9,10,11,12,13,14,15,16,17,18,19,20,21,22,23,24,25,26,27,28,29,30,31,32,33,34,35,36,37,38,39,40,41,42,43,44,45,46,47,48,49,50,51,52,53,54,55,56,57,58,59,60,61,62,63,64,65,66,67,68,69,70,71,72,73,74,75,76,77,78,79,80,81,82,83,84,85,86,87,88,89,90,91,92,93,94,95,96,97,98,99
0.0,181.83781156065007,199.9643577097785,180.7084417565091,195.62955332767052,221.79700290072867,201.0854763672401,195.23665757017736,220.1282545928876,228.91176254785043,182.01897122662612,226.01530096574515,228.26733901913013,255.70621734946548,232.7380910850273,159.3343643916141,241.69356895844132,226.7714325444527,247.05382107511056,237.15583834569605,240.5331732980013,226.61642387976732,236.6896204952835,230.3783005174264,176.2226950132279,223.7674622552956,202.8761730318119,216.47624150102712,229.07903497875705,260.7191115440634,208.3540634312237,140.3506180052484,159.70429211329568,212.09107138935704,222.73835825918184,189.08530780154663,172.98841001737406,166.89173979750848,201.5214572221697,203.96546478244863,192.53847022923955,175.65709957801593,219.7561570523901,204.8233792171453,203.8617525482181,204.43818176050567,218.31810390554327,211.0098923649034,173.2073423036078,189.04565631192577,148.97928468161706,199.97571437707165,190.27072837523517,199.5123209176305,216.87131333280524,233.15967319754776,207.65859266046576,230.9077870538669,214.9585159109857,208.07298266716725,238.86509704615585,226.79670075318504,238.2826384569601,212.3007070150572,244.12098340827973,243.84066244397525,215.47626133295157,270.2895649571448,249.6623358970185,215.5951128695573,252.06054141250945,233.1315969765184,222.8626972090248,212.42777665174583,238.37358239528172,206.41008746536357,241.166412094512,254.93977169047,221.3547654398974,156.51217204112825,244.1975840064508,210.09019680791,216.98447457791875,213.89593756466485,204.1180805253221,209.41389939894648,187.5833826087682,214.97918881483625,221.4308655631325,218.2867355135916,155.50449313938338,189.96431955381135,210.99897532376764,167.09169479072096,234.5362178417905,213.27129424284055,202.5647049804263,204.7087386285436,202.19337898293028,200.31655123225084
181.83781156065007,0.0,97.79479042544048,160.0863235746541,132.22536822512194,161.21656393803272,186.7001247484715,99.48919918854072,137.9095105092518,219.7801572781558,203.4812684142846,201.50897497107576,179.39743233086833,239.7025717328649,248.47592762287388,131.97116509955282,197.36929699177176,189.5335150431294,241.0197129882318,236.93844782433663,252.68415540290675,148.597530254393,203.37124863132203,204.50951526858967,187.61763295553504,196.5341037942077,215.97288817361152,210.7496217268243,234.8273651267332,228.9792313221224,177.90725587790422,168.35104328446005,166.42617677088947,193.1424648450856,208.2609947531167,203.9807031490226,215.70334876846212,171.2896131196651,189.31063113420487,155.86796810579702,208.83323383676571,196.87323173728697,182.19082333647384,203.6675136079678,200.3384899118244,214.1717174110088,189.9011504262365,219.49906043366275,217.007057774556,213.92457076524937,161.02064461734736,106.0081378250558,169.41870597852392,179.21678532980445,115.114340151903,161.6562271725982,133.70711259763868,134.61348341964106,227.15299602694628,215.90030987398728,193.814004490322,197.40162368134216,169.23522207812624,232.54645168445705,247.01998111735497,244.6895864836713,220.43649535504213,242.57850849403587,233.11420889085784,194.18812283119436,251.7303869051424,160.5341257556662,209.23169185883452,182.3531171499673,218.57861897982903,205.20324194763367,248.30149444598237,177.58385347499956,184.80770043899253,186.79609655145583,232.95477906959215,227.22668711395,206.53005003652984,204.6946262992514,229.95563389404185,199.6272524621144,225.33212814347957,213.0848088237305,215.5367055992266,231.7377671926633,206.49701263658488,209.8636703560641,219.70577027727316,198.00415776909344,203.4425574569155,210.29369014243295,229.47848618118948,222.5581971579797,206.123796614051,231.08830174215944
199.9643577097785,97.79479042544048,0.0,186.5880575170803,157.61616085473747,140.29651068089015,206.38111009822148,125.05006300973132,132.96168920124467,211.64182074707904,210.48848538808076,194.48220054256103,184.4190705404936,221.1276895180795,236.5138681907231,175.0501851145587,199.10886099038456,184.99256309798236,221.23655119812463,220.13306595005943,223.67378205230304,170.36993756264712,198.24201327733323,205.92121366716847,198.8569542002316,208.0697450669828,223.66110055124693,220.865772041916,212.75186915826976,223.5690230776631,188.45203322369844,204.48511328542745,196.8917966500508,200.4891680693161,225.4199463494315,208.57065913806068,224.7104101542667,188.88932216599443,206.17861375147052,177.80066924367577,229.26641036103547,225.6826836769245,201.822860491072,206.33084894382736,220.6297867679339,232.58381194978568,213.81370933567445,237.80763961663536,219.25428340008563,217.6739075461904,174.3603195514601,130.57907414676072,200.76386383121576,203.76913420225333,123.09120753389804,139.93252300178185,154.72996626015458,133.44539372897714,216.4064832934953,209.6818538372337,189.56732043556556,193.70219459925175,170.3480725905697,228.45942338928208,227.34373964043067,238.64073606594675,222.6706597107093,220.03815912597247,222.6614475041856,187.6168513595939,224.95507417097275,180.8773678590968,216.1001500096616,197.13212390797003,213.0653842145584,212.7574109273588,226.11659071983456,182.7467923938966,194.159008789786,217.0870151109132,250.19339102965097,244.7496520552424,236.366345105476,241.7841448008971,241.3484222310966,232.69805204312425,223.35370799537128,225.0399216213828,202.40869743953,237.6359712734925,232.19400308538147,218.8400438082162,222.69928075663165,226.29402751853823,204.4451399511948,214.55919024695217,241.07225398739115,241.98341697836847,200.26190863277256,229.0961297910952
180.7084417565091,160.0863235746541,186.5880575170803,0.0,104.07706792560744,178.76637486497555,180.00103630430306,162.37826077238924,186.6773743295712,238.0567882486897,222.08266997504973,219.7164075737264,217.478535834908,197.6735170252865,200.43203420716105,157.4177377374168,214.6397016553019,200.9823039673222,238.05397518378047,205.5905600805666,224.93683469749183,196.31834548366575,209.8852749317355,242.53653065216668,193.04992698764232,209.15162761031468,190.5242285591196,192.2274237932264,240.29139868179945,208.10006396449108,235.82789766199693,195.7864817625901,160.79191424038262,210.9074256539425,214.64953225747004,201.47604494924457,204.1961330315752,216.6314865119413,229.24327350112904,206.86289943290103,196.60562857170547,201.1972140431532,219.7294324968628,205.47867259244805,203.2171699479078,189.97463689063795,194.72444993710667,203.5661604565594,200.83127342619844,209.2540497853215,190.7710690475511,179.6316834143257,178.81658089095575,112.05180857444164,163.10806782607966,177.8602927122742,160.4303067580188,184.97998066336152,217.08779333881404,216.9680324512862,198.68328915064308,211.40347610480217,178.6170948854368,222.71193017925583,216.13112498730385,203.13175469707937,205.04905829102228,235.4997704317873,228.63565268348836,206.11482099452428,225.9923678221325,192.51678758499892,207.97662707149345,228.15466277186107,220.2101479003039,207.19119944179403,235.68170909645048,199.09241924772743,250.0233401584181,199.62717163923665,226.29763173479947,211.9163623745452,216.08023820837064,201.04449624809743,206.7381361925325,194.95706225663065,206.8306376292929,200.13085569614725,227.3868463326209,222.2266668399712,202.75344227026545,227.98527726061224,234.8545989833472,196.65734291333075,237.63784118552007,215.85792533892405,196.9597430287713,196.36484106957016,196.65070398331352,217.63219688539164
195.62955332767052,132.22536822512194,157.61616085473747,104.07706792560744,0.0,144.87000589838672,179.28433935989568,144.14578389706116,140.50498379319998,227.94441419350792,221.10619163179476,211.63933816754567,202.40819018664095,196.1411733734548,221.7265978577616,160.10680966482528,214.72488903264716,185.54232413328225,220.088716266546,200.7874996998816,211.8426008367624,187.089662058825,219.77823885963932,222.4730318372815,211.9148949287063,215.3641914010982,191.59557535405924,199.37854270908088,224.44486326305977,200.5528290871545,228.1855639440373,196.6230079103504,159.717866999511,210.24723959611825,212.04941496100784,194.29230466709424,203.43067363106303,198.55346119456544,209.5655730810999,193.06052914390213,195.33446737359023,219.556243042644,202.5531952872387,203.57458818479387,210.05973180846152,199.3384678686479,200.07884342852373,216.84334484783355,201.0980673862843,201.11358310103856,179.06823676208234,148.91212935724724,164.86384362443118,108.51380244878112,108.70630849015387,149.56812330267434,148.46256648633744,130.3054644382463,205.3601812300882,207.13462192809743,181.4284328166559,196.8036844177008,175.07332402508817,233.3890550503533,214.52353386841892,226.78301559771432,184.2494512671482,217.98233534829492,219.28525727163213,185.31189694475975,214.28141328377825,187.7896601280676,221.50454129570525,211.86617020636405,207.1930109353322,213.10149600467463,224.6565272446751,194.8480109580649,236.6666650992851,197.4667065793614,219.53116186843863,207.41252504821225,221.4428651498104,223.17674846589145,205.0030413367704,202.1208819280086,204.560232484632,202.81664047740665,210.2443301903335,207.31035840041088,200.163650811606,220.5235848022332,217.55836177140284,209.61916407887367,222.76916288094023,215.5730339681737,201.66572818465423,208.37550778406592,192.8706533715936,206.04484725322664
221.79700290072867,161.21656393803272,140.29651068089015,178.76637486497555,144.87000589838672,0.0,190.2706960773662,171.54562726343357,97.5019229421058,205.87557498649628,209.8436444007349,179.60199003827623,177.8370446809904,164.795412071599,207.5903492211308,202.92859155297265,216.62087550338865,199.942336500248,203.75637951856825,184.71743595528596,204.66634857945988,207.4728538578273,196.84537374237323,219.15622202782964,208.921927619933,212.29228157324437,193.5140571115965,184.39014095270036,191.5527157156421,173.34274180595816,225.1762305512385,200.463180275659,202.1934840862797,229.3344926737373,229.11751723498844,164.5373932071946,207.06018987621417,188.86854076551788,204.2618712488495,179.8886773851329,211.15692069601403,238.14944039268656,229.52711381589103,194.40845911157936,207.6911899173577,217.1878454500961,223.75589401745023,222.78218986403456,160.4799466306784,172.2679948639466,196.16099472756957,162.61895904546355,207.4673973216952,184.5056752651626,112.43228175480616,81.87163140461129,190.47163810152955,134.75606134818833,213.98396846045395,175.63045673986375,173.68341705975402,184.90969550964013,192.6573631259781,219.45931936796572,221.05772602192684,221.59435430277568,203.9604003284922,217.95114769389392,245.7390629400655,191.72004687301248,211.9423265817548,221.82217136584643,209.27457110135188,200.8984427842924,224.6772303584472,216.1624194490779,227.0860200341916,183.87158063978148,235.2979528423172,206.6247402963384,264.90391791284384,237.97470717289804,235.04264069173723,260.3959150973156,224.17330549456824,246.2877020962401,212.1952012860408,215.14164477818352,190.65397156862628,222.70570247591212,226.03489515069063,214.4158087162423,205.08718268806405,238.33208429586816,226.85344013423455,203.33171046634743,218.68863387878585,234.8155071996743,155.07087232778088,194.03295974436907
201.0854763672401,186.7001247484715,206.38111009822148,180.00103630430306,179.28433935989568,190.2706960773662,0.0,151.37499958912196,187.30573264530477,255.7487230255104,237.7710236655907,226.745187631462,223.936358989554,213.88864606631896,229.2165489896626,155.64475774047833,201.0275274064834,122.29415324699004,219.94718394011483,179.19140138614463,227.18302033913267,220.7349166193105,185.66779430861823,224.16760028801212,243.60668397188655,220.9024651548192,232.2609607800582,216.06524232718755,210.3750090627001,234.07761194768648,217.7763480937712,236.0300838393084,197.1211891636944,155.14574655735117,219.42734067435237,175.75798727684247,213.23032742061207,240.19178788724392,244.60488814636236,227.36737505179167,204.65375138180752,230.76466682975772,239.93217920681144,234.69032693243705,218.20048950370276,236.54653440758187,205.1077623028675,186.06327419124108,192.8431639298753,210.83479823909215,168.01091828773156,196.5574899363136,163.62231232847083,196.6968730374649,191.2049845878366,184.9772272195727,159.62096623499104,205.0375766714401,244.01920097613063,241.6428178973612,243.7937010225479,229.2733586401337,196.84250377694656,194.49642303254592,226.39630398569935,226.9443464195561,182.26612332100652,232.4340058359038,179.14906439678913,171.52564300380817,222.1196890346197,229.76919018748023,179.18209505519533,211.96637666184196,213.31941382674728,247.9906996637661,208.3574836368654,212.71006029992043,229.65328676882945,226.8735317578383,221.35475241991315,228.28485454736676,227.36922274173315,225.0364162188211,231.5987808595906,236.52925347461104,213.91703867853224,218.6932586894598,186.55341660964197,236.87628204620927,228.16912331125013,251.805990084756,252.6641729710925,228.64256048773547,259.9409765539965,236.8027370260193,248.606090643646,233.40403571085452,172.82010980222358,222.903217848441
195.23665757017736,99.48919918854072,125.05006300973132,162.37826077238924,144.14578389706116,171.54562726343357,151.37499958912196,0.0,118.03291367254504,245.36555468099493,230.7941627114443,217.3601160399195,203.7195843488005,235.2194557876869,253.06598321247736,138.027121632691,202.8299212379185,149.40266048972794,238.90424367895585,222.01446450135148,248.40784475545968,169.66833180356122,197.0265236224019,208.4800999654272,212.85126610655735,211.44908814781792,225.81451225276996,232.89754206285676,228.82769431569525,239.84397271506143,181.92547069547948,201.35790004639895,167.8994792683091,159.75786177961172,208.3948802163166,198.01052680895063,216.58524534607517,199.65508237649536,207.4673215849419,178.44846744711035,199.9290910793887,216.9537988935096,195.64296491659763,213.10122607104583,199.407319162566,232.37375255413477,186.3834625093158,208.4597355123832,224.73740860105983,217.7888788884313,174.79812042672688,119.06651131534991,164.8287477770476,188.6625649198712,133.13049596887177,168.54715821643413,96.11070005408877,126.45146376478344,245.7534118964353,232.94271525534015,216.62009456733492,212.15112434952368,147.14914327509376,221.0067060427644,236.4364263682346,241.2963705122555,211.78921717261235,244.80148548990832,198.64692278371143,158.8858926599533,244.28664417752177,175.100050992867,192.1220385602928,195.64859530921933,214.5175263795928,225.6042989492302,222.4692943254948,187.11056337289057,188.4895432909776,217.1605859337328,225.2405536177178,222.7883396079704,207.80822826759984,209.8323039572918,237.8007184458236,213.87038559426557,218.63106689529224,225.95200026768617,196.2261004744368,232.80833867342892,215.7384391963201,220.3627464560977,234.75005928588408,211.4163428063836,221.0835434721936,210.9563568399348,244.3152457400341,229.7141466108273,207.229788591403,231.8705114348832
220.1282545928876,137.9095105092518,132.96168920124467,186.6773743295712,140.50498379319998,97.5019229421058,187.30573264530477,118.03291367254504,0.0,215.7880792168976,214.92495710884504,192.1401944265524,166.64896473329355,199.26468773879017,227.4223674515216,183.4414531215077,214.296269022034,188.1733475322972,219.27939339389152,204.40758491576736,228.22173966291732,197.67939363120297,207.0230873902697,204.5309445022654,213.2987728715589,217.46144139972995,205.99259748022016,197.1164818770523,203.9073331863656,193.8928233679269,198.9248878345686,194.4410070588475,179.81908314050253,208.5505716538999,211.6472627101311,166.9565574291246,208.0055669074977,182.5969562138241,184.5127383662413,166.8954500966239,186.79127962453336,225.080259719409,203.62914325878847,191.71040090414505,197.0869052076916,217.2375013220936,205.54313377052443,221.17982105381213,190.52457683947165,182.64800128399816,185.0392068714436,134.99793226734465,190.7889053537784,183.8931893305519,102.09179626779935,105.30522242709104,150.66951183324372,79.3325915634434,216.58688309058516,182.24815374281764,168.8811165598889,179.9523840451083,170.36518267333267,220.0158279060562,220.23540302947032,233.1289473853685,193.0693116259777,223.1750680422587,230.4880544815029,181.40962082520508,230.72961181804345,199.87812771644465,214.81341266034013,181.04211896706212,217.49287488628775,216.95158412574665,224.8070026429348,187.45042248678092,202.2812491176362,198.6923198365793,242.28158136171152,217.92987268169023,222.01146054826893,243.7139895381156,227.8552880507234,230.81457883646004,211.03584177811717,210.49428469640645,187.82970330111493,207.80364326734195,214.56910378562813,201.6566063537353,206.62099029524583,222.27512402844044,212.89570817129157,198.30421227284813,224.77108170395843,235.51896249488223,188.0701504479792,194.76704127438472
228.91176254785043,219.7801572781558,211.64182074707904,238.0567882486897,227.94441419350792,205.87557498649628,255.7487230255104,245.36555468099493,215.7880792168976,0.0,151.8258845259555,137.4940423460689,173.23056873774277,195.5151497713087,193.2093762418164,238.3730094958277,196.7215956076385,242.42665427565,199.4696199507392,238.40632993563912,204.1642199139659,221.6962203463177,233.97956833587668,181.80047327577847,194.00786811245672,202.5689686229287,216.69719204218964,216.37570458588328,194.47597284447804,203.41012022081128,224.08226418127597,212.4281085807351,237.827695191779,230.98191885466335,237.35352752331096,242.5423035909048,200.34305705791175,208.48674968466716,203.17121278450597,201.99019889898668,246.0566577783219,235.5896834978348,220.7854745885668,219.54203109404727,238.3539839069592,229.30934694754745,241.9285714321789,245.5091307251521,217.2412190169614,209.2775405294425,218.010076755989,213.92271087066385,244.3078883825084,216.9619051162291,214.7816826149684,204.22775439142129,254.37490179850764,216.4128143984885,128.76038084655758,157.3616597075474,147.49889342193092,163.2363614772799,228.8414763042436,213.97599893814,214.4824672391473,213.1164881237025,236.83088954272068,197.204101273643,244.03118356327693,240.8759458257836,223.24367068143292,222.6171874612607,237.62040051907604,191.83394735002756,200.4867246816624,205.55735227220904,205.03779668417224,229.9354788150061,214.30215633693143,206.46471908893227,217.65648559903764,217.0155235385016,215.9049769150859,229.1811414134268,233.20619870304563,218.73004929496432,204.6542584518148,205.402989284158,231.4325403542584,206.19060350699053,219.32428980235107,197.36662530398303,154.18549076076582,232.39740480308583,195.19451251431985,214.22417145403747,220.30429790637336,223.1054840117324,228.02494278675303,216.69437400053317
182.01897122662612,203.4812684142846,210.48848538808076,222.08266997504973,221.10619163179476,209.8436444007349,237.7710236655907,230.7941627114443,214.92495710884504,151.8258845259555,0.0,136.6189948440632,171.91033900072296,209.19004811437907,213.5391948065779,219.2004960598831,196.92613454425845,240.20021991091303,216.61794348480208,246.6785999487454,220.78438405191216,218.35838172802067,221.45571776398668,211.3597886100198,136.28089497908132,162.5895111760812,237.3684775537596,220.2759366793547,198.9122600245774,228.29131585666372,205.36084005266176,185.7695617343516,231.5968341956492,231.08821604380893,248.1040780189089,247.1323643677747,207.31351229970969,202.2431070122622,215.0417421448853,199.42828577448404,253.3496119728877,183.9637688398516,225.1194914926658,215.634180012895,227.64422933109472,234.4848953719247,252.2391485704512,237.674362071755,229.50027272034004,239.1330032719223,184.0233556019732,201.13332571342949,209.96518713625224,205.57732203818125,210.1194025011986,211.2236077777896,237.75094350302737,220.1214975686578,148.19951753865752,138.33808730023694,174.46057822869955,171.23511755265224,221.6184868393234,209.65629140424247,220.83347064844185,231.8718806231252,230.36097708596876,212.2494324433333,226.7439674099615,227.81873088021015,232.20372652681735,215.2950967294788,222.30057556462583,188.31175303431425,195.36430281230503,138.26464032751971,220.8142768648416,208.72206959905907,210.96630084912383,178.57747212113213,215.41223233756835,232.8114664170323,221.40422231872572,227.25991436815517,241.73372664961985,239.12988656156736,224.11226860320696,215.91345061786404,240.35717881456844,219.1370787986129,197.7490685532798,185.0061899277798,188.6800468104987,191.20689800644132,187.45596419841416,221.66640655184463,231.5220477018313,240.13568005322483,235.55097448013,237.6068295238296
226.01530096574515,201.50897497107576,194.48220054256103,219.7164075737264,211.63933816754567,179.60199003827623,226.745187631462,217.3601160399195,192.1401944265524,137.4940423460689,136.6189948440632,0.0,163.79187604101048,165.5555854572469,213.24558358411377,229.9784413204824,139.15640610905308,212.5761035348596,161.80627737938357,211.9530458920657,183.6671695427064,212.0458380053037,224.54830890839912,195.97391175428928,186.4265347671935,162.63761510044796,245.79653707918655,221.7961152875288,163.50245905100655,216.01443548664437,220.0480729816168,209.06693384584617,229.0560850087528,208.24622527128943,256.21268009204755,227.7009103164409,214.7218020790345,211.78178033453605,222.27817168458688,213.10926761315957,247.34547868890763,224.86641001888117,238.03472818560311,224.16577656222256,244.46537799575844,257.3828344297553,259.11056735348666,255.86412527086293,209.2740598536898,220.64012294634807,190.37974919078923,198.79469867602572,206.47949224829352,203.5223633530533,203.01169643046023,184.43049466394808,232.17135150795409,202.4089693857538,148.72827825774675,136.1516590355802,122.6276766118006,148.245015653962,223.20326133542383,216.921943628504,213.4924374703972,240.11338615895795,220.63337498518547,163.53070962135948,197.850323411801,201.0349747897856,207.42386277884248,218.91021083579116,233.50094468580005,173.50735677833842,140.09249353284596,152.79129624803193,200.8873205211237,207.3444665752187,227.9180660846464,203.5529237320844,216.4514254354346,242.23346586786647,237.32710534053516,244.70345690596508,260.54886392831173,251.92257977375428,233.66200281942383,220.50311754701767,217.39236257984192,218.61170930841743,219.23369833674437,210.1871765643704,178.0541873097039,231.8722519822942,175.66743172243963,227.5196589640207,251.76370027791265,258.5206662231079,212.1393106162423,220.3200834218634
228.26733901913013,179.39743233086833,184.4190705404936,217.478535834908,202.40819018664095,177.8370446809904,223.936358989554,203.7195843488005,166.64896473329355,173.23056873774277,171.91033900072296,163.79187604101048,0.0,186.5993481379777,206.775326172214,200.67899737755303,184.9127244502309,228.60047800829443,202.77245941381017,233.26430996751424,225.17097242103915,156.743220711104,216.3498953024956,162.4631740381215,202.86674865872797,158.96274404490816,214.2244685841557,191.87118132963187,205.1764950361315,184.1775632319575,202.2620633295415,181.6789183378079,204.0670539191156,206.5273979045878,198.87893449962397,210.3091247276534,193.4347542374453,171.8194039516106,164.8792097266151,159.92396946833725,214.241967899812,206.23959060771492,179.43396232738502,218.2574694288793,210.8003939727114,204.88320710563903,201.2987353544075,222.81227370050047,219.03184038593568,200.11617355472055,199.6342903946325,175.17590473665683,220.00269911464903,199.55992135709067,164.30915563885628,184.83974598345003,207.9872113044744,180.2417214173656,181.1223602592468,149.24723988998232,135.97133482944375,98.6807044811016,179.4354855674047,216.6845234240019,212.6165461189313,225.168674626236,231.8143827822452,194.8614131595596,232.1855609146265,233.30432842870795,237.18948342805663,171.93450994070002,227.1201109330061,170.9404914050365,201.90722313580275,192.5011542660036,216.82061904623205,167.82260006600998,185.6364923270028,184.270003542156,219.500524917461,234.8447374778684,218.28045358847493,212.2108251496463,228.1147847097348,215.008908173916,216.79096093525635,184.8277510160015,226.4837005342527,208.7608940753674,213.08328219039365,204.6472884005291,198.0027555050136,223.86082759043467,172.06214950117882,211.2040676715231,213.51124975167136,225.2889975149573,222.20442820738052,206.929160810714
255.70621734946548,239.7025717328649,221.1276895180795,197.6735170252865,196.1411733734548,164.795412071599,213.88864606631896,235.2194557876869,199.26468773879017,195.5151497713087,209.19004811437907,165.5555854572469,186.5993481379777,0.0,135.2737785616509,240.62299680103007,178.19691239445888,210.17362472181432,128.2825124122149,172.94234255009744,142.59233760387792,209.0883395410022,174.22989260137638,224.6993453207292,210.96407837225527,198.82795508545308,208.3759559279908,193.88174616388585,166.4885573113417,153.93384940924062,260.0373603857681,242.5339624604623,223.28989689969004,228.11838861447904,236.80190709021565,220.3855567806048,211.19818987635563,240.5239210346372,244.9458000321468,234.1917910348639,240.75460081045412,246.3118721976121,250.98568426935125,220.690756374337,228.16844136114676,224.9211877596172,233.4564111627843,217.9096432668172,207.477917782526,216.41606187055655,226.78026765436692,230.34800656575248,222.70313000224664,194.86509549839212,198.19901212382555,171.0247882374989,235.1822207871101,213.468993747532,181.687157778962,169.49624951263164,185.9710526303793,191.3023123324879,194.596132404948,165.68785231860136,157.85960121817843,154.895849182287,215.25729263324573,150.12709313403292,193.84657854754232,206.13892189630693,160.179934432087,226.27754265357785,181.67890503796525,219.75051057122351,186.7300865061115,197.0402524028583,172.53562581828717,174.44841156076396,258.67584352960023,237.673393675442,231.01812352320724,241.7735691116196,242.23960724982143,250.55662250978304,217.48907577561133,245.82190582429027,218.410016814208,202.64523843445028,222.66577407102272,220.8942744760821,245.7014793751767,228.65529492709325,215.68943769823244,252.99483728254825,228.07934109948684,223.3102022964131,224.721936363463,231.16738651366265,198.11167678596456,220.22150229128127
232.7380910850273,248.47592762287388,236.5138681907231,200.43203420716105,221.7265978577616,207.5903492211308,229.2165489896626,253.06598321247736,227.4223674515216,193.2093762418164,213.5391948065779,213.24558358411377,206.775326172214,135.2737785616509,0.0,237.3346828239895,218.31948600305708,244.96710208875936,187.6325880857139,198.00899385133337,159.0150587908192,210.50932668557763,160.0918786187567,234.58428451303632,206.6747983524477,213.9838024335043,181.0135186944585,162.94302397192268,181.80923829588423,139.85824799718864,258.66430048797656,230.2407311125941,221.5608699008162,244.8429489978896,203.8312176275708,210.44890779647903,192.4560722463301,224.92092135047528,226.06304308938437,234.95275485663137,226.6019834853388,236.78872992803463,234.718208583035,214.00901995496,221.9854862435808,179.93310409961984,203.69338775299303,184.2562675318008,201.14002489182877,202.84828087927227,245.38879611929733,238.76332575777812,248.3232670339152,214.21509031598748,228.0417944297834,218.94339374629573,243.539769679474,242.2681118376529,186.54062954312707,199.76159779101891,214.59837973369653,214.74358324469847,199.62163155858076,159.1702256709781,155.57570016819642,92.77135642564453,230.6226712346644,192.3806703979368,226.08584614260135,240.68669610594023,172.28295235596718,219.36324521808527,181.11222416194448,231.48020596441796,221.1049789854828,218.8946234312,186.4765024240139,168.81287597400336,252.53788128360773,230.1178097640898,229.41579051514708,234.03870613158864,224.77836657095696,217.0758102121021,180.56164472364392,215.0141474155098,196.77560816911853,175.7660285134223,240.9431935923214,224.9964453127667,236.4728855107832,215.4935455899699,213.26286689525625,244.65923330545016,231.59822393526557,209.9630883261867,185.29361345876757,183.94106783082177,214.20620729724163,212.3007841677097
159.3343643916141,131.97116509955282,175.0501851145587,157.4177377374168,160.10680966482528,202.92859155297265,155.64475774047833,138.027121632691,183.4414531215077,238.3730094958277,219.2004960598831,229.9784413204824,200.67899737755303,240.62299680103007,237.3346828239895,0.0,216.88453624557408,193.44055865790105,263.5056067416631,243.1622554537548,273.2397789104358,162.65163408442743,191.3643438302981,219.63124153113893,209.97660014405696,211.91690553748424,201.85241752229825,219.76095675109923,250.44856822267604,240.8597378873725,201.3425267185927,181.27944401045283,143.58607605824443,179.11892052681134,202.0833804440113,203.93233790533367,169.3907121941558,193.51530299801857,190.6006635385837,170.93581939935916,193.38612971705,202.6711991513266,190.31040696456157,215.1490592519881,206.20293773150752,205.892579214716,157.28453056482294,182.96703001603856,209.47007030801944,199.0744368132339,169.1980561521774,165.7912723900056,164.8050832001924,188.16950611769792,179.92059448050168,203.5894633362891,145.55626324546273,192.68325533894117,240.89891601848544,234.7252972684547,209.2636766814504,212.87982410115143,165.0183981638761,198.3953154205456,244.0135856184024,220.52830742885084,228.7015738756424,258.59601263510297,220.5022130776094,211.1878427489912,267.55959999449215,182.58588209359928,180.01332412790322,202.1658842532713,238.7522801663989,231.45257370195716,237.40375896901415,208.69273487372956,208.379729395487,198.27535583355137,220.8762231362329,213.31238236715905,208.7542069155584,181.49992424384695,215.60933624887855,181.9173500068732,181.3652333990881,218.783051003834,232.29541348374283,235.4964542692815,205.1572201133314,217.02516318706665,229.71337862435317,205.34868558414664,223.01360879001024,220.1548779631499,217.99762387938432,202.232967611343,198.69002753968812,223.2446939828131
241.69356895844132,197.36929699177176,199.10886099038456,214.6397016553019,214.72488903264716,216.62087550338865,201.0275274064834,202.8299212379185,214.296269022034,196.7215956076385,196.92613454425845,139.15640610905308,184.9127244502309,178.19691239445888,218.31948600305708,216.88453624557408,0.0,178.10540656026126,134.9210204698254,205.1298753846361,178.72179754528028,187.5767442549851,210.1715730618832,168.27485861723295,209.26034747953557,179.6336661949884,263.5970014537305,248.434520751696,158.25959511125745,233.7100427584132,227.6492530268673,240.40561198997975,226.98717956512647,166.9905111241457,236.9012302627945,247.63258370482112,232.8486601330423,240.88034296079104,244.94158116775264,229.37879765295787,249.1323864489947,235.58395036092205,224.14643550006215,262.31325133492646,255.0133494442079,271.10131156845523,233.4059737764909,231.5382532759363,249.09448845849852,250.0476716138753,198.3278837056708,209.6802707877229,205.4815279683478,215.3717693127918,208.3123026465208,217.19971192984505,204.6726852524131,213.24115495716563,210.5136354796341,205.82114169580808,186.3111558240839,188.3960642635903,203.06684801983917,217.09033945623375,215.8280077938476,234.50817979106563,228.8546809720417,150.41315217231084,150.18822255979984,185.8458448960289,193.4723700586478,198.9684216506733,219.99703906636915,186.37967530172364,127.31617717137568,198.71232389408556,180.27652867603683,204.6723685560628,239.15520418280863,241.38884920945267,197.59262174438865,251.758936209068,259.9901795237552,237.60705910276647,263.5010275112395,238.01463401344984,246.9271020453429,233.0383661144931,217.2464943779117,239.97587075567128,246.3772305679961,248.523327241378,226.62456576719296,258.1382644993318,197.8716923634148,268.68153173754183,280.53349856969544,264.5540696443676,237.6277035918805,251.18811759640192
226.7714325444527,189.5335150431294,184.99256309798236,200.9823039673222,185.54232413328225,199.942336500248,122.29415324699004,149.40266048972794,188.1733475322972,242.42665427565,240.20021991091303,212.5761035348596,228.60047800829443,210.17362472181432,244.96710208875936,193.44055865790105,178.10540656026126,0.0,191.44796191632508,138.35960399894094,192.97070762419435,223.75283999132176,216.62065440583865,203.8218628652064,240.07948551984083,235.1437654805253,249.2135658753151,254.1431926736761,193.02790992912225,260.8297104973072,218.82276173357093,246.84871524389789,212.2454225134249,99.95190324977506,240.962174868146,183.91585049835743,231.9870229343308,244.37428068355047,251.841406625456,233.6478386912578,221.0522253425667,255.542336535878,235.80739009502184,238.39502824226963,220.289055297974,260.6156915335592,232.5817259753254,223.08029835762483,214.4467463408776,216.34327280672105,179.50476888895514,182.9305304165607,175.00500015290675,205.6960347650215,178.77198821725622,181.29087173223155,158.12894832872493,177.76844878348552,224.20028124407705,225.414879740926,215.29225654630451,215.97856654361928,199.5140383196915,216.79614523350116,192.5695967830343,241.47384848729268,178.78356178809457,203.49212566619588,154.7193926184746,106.25670567368624,178.21267220503685,227.6221532714736,212.83682029036416,198.90076639982817,181.44464472712684,237.9912139783792,177.35282487693627,230.06659387757787,218.4652388364442,240.7687234255576,210.5449398206825,212.4759441905804,227.04836398915424,235.57822125824455,261.3094918953126,253.7847594477166,233.6291843012434,256.0738218686901,130.3356105344645,228.10342326838924,244.54942628525717,246.5245141703971,241.7321376300993,246.4085832019909,247.63311500796456,246.75223405754636,276.03710614571605,258.75593421700165,172.11201276324869,226.22446013701548
247.05382107511056,241.0197129882318,221.23655119812463,238.05397518378047,220.088716266546,203.75637951856825,219.94718394011483,238.90424367895585,219.27939339389152,199.4696199507392,216.61794348480208,161.80627737938357,202.77245941381017,128.2825124122149,187.6325880857139,263.5056067416631,134.9210204698254,191.44796191632508,0.0,163.86489489268396,123.18106850835473,238.0645043444076,222.1564931298365,194.6898715288581,235.82151578335183,235.08197631417363,242.98008529909933,235.08370234334083,141.61875868507593,213.2667536081991,255.20989876731537,256.82139515408767,248.7725820091256,202.0638844490686,256.39956454863704,227.91847514608625,222.70557600637417,250.78673265302328,254.4732523687412,244.22356754299852,241.8604018761881,266.5582146263485,252.40064368976496,244.95654576655676,238.73428766578212,253.99375592594865,256.96940638535386,240.2579324245321,226.0317322880113,217.6253322309347,221.51488898548467,229.9168674693371,219.53460951603404,206.75038350097927,215.56312621022664,203.4358820857866,240.73449136625413,220.7924863402296,177.74083050460683,189.62213703417697,188.2088406639415,195.99983386299303,227.99226569804367,204.82996998393855,165.2484854444043,207.2596337662602,203.99735877664392,113.30300356098888,148.22074946168078,176.90725299461883,141.83121950359777,236.8993256772801,228.6664253630612,186.7924628087901,151.8129332210502,223.600118946726,157.7392757520998,222.25719244641687,265.3497705048725,248.76232809363748,208.38859823966243,240.21918331636704,260.0699410557698,264.67643050575674,243.39345642501007,263.1181664531438,240.4440881977997,233.653820444804,189.6429648282923,215.3152855624097,241.41076067815456,240.2961891051193,208.68967532675072,278.7885473382138,218.0654375740827,246.6480354445468,252.36668106455696,252.750265488334,219.6545961218401,219.8576573937276
237.15583834569605,236.93844782433663,220.13306595005943,205.5905600805666,200.7874996998816,184.71743595528596,179.19140138614463,222.01446450135148,204.40758491576736,238.40632993563912,246.6785999487454,211.9530458920657,233.26430996751424,172.94234255009744,198.00899385133337,243.1622554537548,205.1298753846361,138.35960399894094,163.86489489268396,0.0,129.23229610280296,251.07075016497777,215.73516860211703,225.32995755210968,243.9210953895661,249.063978354353,230.1026840607607,232.4862914501009,155.44640758898436,229.7870600551086,245.12975620581312,246.8601447926861,229.84192646752345,176.72711284932086,251.8788287061536,158.78939237689983,227.61797874914689,240.6945990220172,257.38606820746384,252.01754906558415,224.07124307349,270.740042298958,260.14508215092235,224.989434856924,209.49553584496843,249.6339399051476,253.29007730234892,227.9782807912304,186.82820435105847,188.30499306248151,220.6107258015595,229.64245529977308,211.14191404927516,205.94607493678663,206.3986609162121,178.63883971359263,223.86906889364772,201.52497790010065,215.1200300538522,212.80393011988045,215.36123172056256,226.6395427214262,224.26871697491987,217.5506041477213,171.1669020344642,215.65088415605817,178.57540286896773,194.10099722200704,185.85428006797653,145.1880121766525,128.4992671379812,251.8029603104856,229.54648123003483,217.84219879096645,201.8806666905474,252.29894347445523,160.1745243398724,237.1570452990626,249.74701882236508,239.5654554511854,223.68096041495028,218.3033707232457,236.02759332883568,263.86745103557723,235.79815687137267,273.56491969276743,223.76404058327105,249.15579650144548,134.48928987763833,216.7121587968496,230.3607965289581,238.4573392503798,222.15056483680377,270.35650144862086,259.7970498899458,235.45340277857105,254.03807508672705,250.5899801490695,171.27397349545896,197.1242310497929
240.5331732980013,252.68415540290675,223.67378205230304,224.93683469749183,211.8426008367624,204.66634857945988,227.18302033913267,248.40784475545968,228.22173966291732,204.1642199139659,220.78438405191216,183.6671695427064,225.17097242103915,142.59233760387792,159.0150587908192,273.2397789104358,178.72179754528028,192.97070762419435,123.18106850835473,129.23229610280296,0.0,244.63281731814743,210.48129488971995,223.9888369930117,218.9214364152527,238.31311996468725,240.2828339133407,230.5487847957188,123.70876328490714,216.13553546829309,269.6696989097664,256.1720845040897,249.00873286454703,223.05464714676592,261.4775414731079,232.66026654337537,238.03371123326696,253.61971976995568,257.0817209181142,259.8151258512066,264.14594855265204,272.15500771436,271.0964803857795,246.56533817610364,246.8180466278708,254.04779883044284,274.16388781614165,258.9209370273034,227.6267243512933,232.50198712952613,233.17829604082024,229.6436919612436,218.97400176881652,202.52932844320517,224.95006863323223,198.4854302873489,241.60257031546163,221.8093809393193,190.00438435412912,196.36806263292448,205.8278864448933,212.76564717588093,227.4273684145264,209.51804661821984,121.26314924741637,184.79780207532383,193.2059512308467,151.0590276409448,163.69692626014393,163.5170453193805,66.96623590293146,245.1533833708587,231.3046151248204,220.1252232707689,167.69377704886128,215.6470826315915,136.31258714715167,226.0199327598197,267.02995699684385,246.67539162782725,204.13887428393355,232.254333359938,246.24993557432865,253.69835623232504,228.972446304041,261.89397632772807,236.6421876515871,238.1350129465901,178.89912708687513,223.64693240783845,233.9232719996225,238.17885720167385,209.33970053334644,271.4790153151534,227.2657902873223,246.6815302091569,244.279761272166,255.0631239212393,210.51934788772988,226.07001317723623
