0,1,2,3,4,5,6,7,8,9,10,11,12,13,14,15,16,17,18,19,20,21,22,23,24,25,26,27,28,29,30,31,32,33,34,35,36,37,38,39,40,41,42,43,44,45,46,47,48,49,50,51,52,53,54,55,56,57,58,59,60,61,62,63,64,65,66,67,68,69,70,71,72,73,74,75,76,77,78,79,80,81,82,83,84,85,86,87,88,89,90,91,92,93,94,95,96,97,98,99
0.0,180.4741824122016,175.61547603578904,145.87670601111947,173.78787771372458,186.64297785738995,164.48641461133116,177.33784811346055,172.4160459949038,166.57261876804986,199.97459675730732,212.7634248403366,210.51332878928744,240.7700936044129,229.64075217288465,138.90013253035175,231.27005814377128,195.47824475181383,241.26282368290356,168.96191393716765,239.17891639700755,212.50065232408903,200.09993979563512,232.08825032164668,206.0889015053268,221.448298723399,196.4024275865264,196.20337952733297,215.09393980025288,220.27156394513844,206.13401542831343,229.38643994478448,181.93660119274568,218.1236842267804,218.08209330073092,180.46609933915963,205.71295240521036,171.98237137452492,189.99349388073568,189.4711322580631,205.2557291366563,193.98282342599248,203.53778886046803,178.34134487051193,178.77036461269023,199.4852453888668,220.86165189230536,216.2349749937693,187.6385211213189,187.58248368719697,133.38594687437785,170.6028673609906,173.04814876911718,161.41000737625563,199.00136398006737,188.4795908661202,196.86726801358557,186.9280953652992,188.95028147012545,194.88869474467103,207.8229857875625,207.9464241748344,236.69777742150225,231.94296450604415,240.94730641527883,240.37770541215872,185.16436385816428,245.31488679833805,243.53104610955776,210.49391124721055,211.1579340435973,214.0295603281806,195.98538376136787,201.815974421088,247.8839389625,222.7815280090527,231.09792955605275,226.52428696202665,213.3039510487953,216.4150168610264,245.44117321590997,223.9859019624663,191.94243574510887,211.0459121661837,201.0486721636251,202.3917310698568,204.5599995052281,199.7741433634625,186.0420947269768,224.38774676921872,164.85881200901437,192.22627540321125,186.06629715157985,216.6786689910311,186.85309740580064,174.22534953444188,191.1522652254828,201.9996178970808,184.76778099340845,189.6942036089452
180.4741824122016,0.0,111.07861961758633,141.63359086389707,120.7825732208717,137.38585484554935,152.4330548481127,118.14115360084666,147.66690646241813,189.9727839301221,187.2100605627097,199.9567108981664,218.69910048069875,200.59784182635232,181.2791852081845,144.73183589833292,214.0876292107268,178.7954085312295,196.4607004793254,142.04182290536798,191.58273969273964,233.16556257390937,173.94610212622624,213.20069483103327,235.3409780090142,227.24804921751456,196.3886998613645,186.8436981805723,175.73390696518476,195.57704082206604,216.93650073663704,232.36299114175335,211.5226569965137,206.10285330718597,225.7697493358144,159.73608045202758,180.77872862065004,165.66044522310096,198.46882076883736,168.62742654950213,201.75953100224845,199.2697166462068,217.7261638176249,177.7883165261843,178.1755601109141,181.92193836345788,202.38459307367103,209.57959068174216,156.7320997202756,166.60465522749513,182.7227735343095,87.77577966480962,125.83407691911668,127.46021372089125,134.57647290157604,142.89309621596917,131.29429793504733,123.58259252237006,195.7139312113538,200.1092906243701,187.20857658227555,221.88375476241296,221.4886698202912,225.94162894758853,203.3725369227841,204.92729668966575,146.63847050764304,215.8896541512552,204.5040221075541,182.32020236841225,164.52655037764526,204.51343474598897,197.4824692221601,151.63329586971514,210.860215473388,222.0208672343107,180.44237194661716,214.1471169826048,207.04688262677888,213.20266491771645,221.98867349450225,204.2623281052662,210.52797550673083,213.3089682899847,197.08227851382455,188.13149833656425,185.07093209012277,182.90976034428493,139.13133964409133,170.12360002360526,170.1159251870352,174.76932369229962,169.86429724261967,226.88174800583343,183.7409493573807,164.84247939303748,164.2780648051201,188.90993549448703,168.0869582468789,156.57443162349404
175.61547603578904,111.07861961758633,0.0,169.36486042728737,128.69034460147984,102.16502854057693,189.03389637179177,126.03881635969464,108.13998668705403,173.28284313396733,196.91537573473067,190.9772630506019,225.67772424365188,214.44676065201668,197.913019050779,161.5457942405293,200.73689647936587,183.32807670749528,202.001482254092,160.01965671766308,209.5754811632044,231.42795810001036,174.19037185488563,179.31019267984405,205.0114143177126,204.8958358700541,201.19814270131732,195.25418074005935,186.2234525016952,208.79743575689028,203.34284179535652,220.1498520243891,213.05478674257463,220.42897335471636,221.46580464832672,153.18587616131197,199.22751218968935,189.82909880671448,206.755096697136,188.47431364987597,219.00056581424468,194.5648336555572,211.58544653071812,184.76533384640496,195.2038519026163,206.300731097406,223.839336695374,223.37411740239236,176.60607820912838,190.66934695706112,191.4600853379374,96.66227357745996,152.88665793334195,159.81373821492355,114.0675953648225,113.07206515712046,149.58268138697878,115.01134855287364,175.31613656720907,201.3562675968309,171.51290976128325,226.35501290779737,220.50572271249175,230.7297679239904,225.78867544421365,203.22570566463557,182.1426800181975,211.23758326041747,203.4747833253868,175.0245785793556,172.32160236952768,203.40606312233288,196.64447193449436,154.93338535507831,195.58298944839495,182.28269312703972,169.0098658178569,204.011753950638,199.63673165957792,212.93571514342463,198.87507781075524,229.84256767235848,213.9893450319233,211.83531764018932,195.1506802689556,203.84691893537385,195.10926028229323,187.8769579669733,160.2238728516586,181.10555926354917,193.53172917643923,174.27022201662714,163.57926815427547,205.45552441557936,186.3238209631668,193.4069919339381,195.75439946029385,215.65919869339035,184.5808399036458,195.91035944317488
145.87670601111947,141.63359086389707,169.36486042728737,0.0,144.5851718894978,159.46034241567884,165.25689682731712,172.8584912019587,157.21319187373598,147.04939614300733,203.5414068500915,207.70512053935283,213.5512821729744,206.60820917330307,204.6135261830586,132.45245722442917,233.5485204778952,181.3316158716212,223.38507885793507,151.4491488495446,216.28684084350448,198.7705224575341,178.9423890291716,235.275300968735,205.18137338220296,226.69847852159856,186.19695279699752,181.56552810254408,217.90017004717453,196.25041881688315,189.70998293205264,215.2368607334268,160.1058255167975,202.8550707830642,227.4569930397863,174.54516373774112,201.3018107074272,178.2352674018036,181.2052578055344,173.800586181166,205.8304555862211,201.6448125970095,200.80828236604708,181.53890220074152,173.63392097118472,199.06065684301737,216.48603092271225,208.68260139875883,193.02543604865724,187.36313924290985,164.70434233856798,154.61191011983223,155.57866991252848,102.02538953571296,171.79288778903077,165.91893028158444,189.7531163431775,165.48178684356154,160.8639685560163,192.4979157681208,189.30354631059757,210.00418520973517,220.9366541270697,202.481703722092,222.71765233806997,218.7928427921717,193.2513665829415,229.27862293057063,237.57487288647656,194.2455766614052,200.32047530476757,206.53749184196755,200.81924702920216,194.6491155252992,244.65625775356332,220.6273487372568,226.6862777995708,212.8036178417988,186.6885079168067,207.3122907217552,247.85976475012268,211.90323451029928,202.4714120056605,224.45942802089567,212.3787641403005,212.32701685494703,196.2493118561761,189.39307465074387,172.0246486699507,219.58778022113057,155.24003667846216,215.2563443573801,167.32898868113645,218.1208077975525,177.83729423461085,162.6556411720295,184.5350776596769,212.13511943810084,205.96427935508024,193.42494897892465
173.78787771372458,120.7825732208717,128.69034460147984,144.5851718894978,0.0,126.90071503484752,197.917477850227,159.8804775365856,104.98201939608016,168.41212178335817,195.07778164179973,219.77194546926927,214.68036960948484,214.39202557402547,197.0301707621664,151.26445996511794,221.5586931705983,203.81391915506265,211.47009729238607,150.70022306742817,210.73312728695896,233.9401967404336,184.2923850126352,234.56656926952925,205.1252622427234,247.1217613121401,197.0596129451348,193.20754221698655,194.3121318535609,193.2191354284352,192.78090032493628,197.5673990054279,162.6533155785864,210.0495302094136,239.84354477928645,173.10416466281953,195.91663898734092,177.66155918456997,188.47988564634443,173.04961954595797,204.454130730292,205.7792500255516,208.2032465566968,189.2038128388256,177.46370203526655,183.0497627559344,197.66870204238057,199.49440440759395,194.43970018847392,187.1601253317964,179.1013350494469,113.17905127253314,159.94142710142603,101.21267174459312,91.21352099978832,122.8335118409662,172.37193151537667,97.3007267373292,171.34883025038852,202.9595602836632,192.46328552772104,205.02396155627625,224.4297273715165,220.5789542860121,225.4006451726973,211.09302003534145,195.03750223969416,226.58036290542697,230.94370989981363,193.77117608120733,176.12187818515125,237.5967261006925,213.45289699208257,199.26911349960443,228.66703373389163,225.29116203806765,203.44501351154656,214.41296176285283,190.54621092059236,192.7003944981873,237.2749017301421,208.35957528549437,211.5677830387241,241.96783146687676,211.29497298738292,216.55011651748543,200.7130959540028,201.29862323720076,170.68829202580966,204.4162274656839,162.73293885775948,195.3512524969302,181.6151993661932,221.71453525239184,203.24999193782875,183.7849488285014,186.128989887502,196.3261464944112,185.8368188756229,192.43195922381665
186.64297785738995,137.38585484554935,102.16502854057693,159.46034241567884,126.90071503484752,0.0,178.41133092880244,154.92915665870868,99.9871737099291,159.76029346303034,188.5645155849224,191.5342004233106,219.71442532368124,193.66678853193636,192.09812271495105,148.61226848287373,188.4127912253731,166.52644235342672,173.7466847036841,121.27790025234935,184.68088705232435,211.65696955275607,160.46349957869867,208.52655279466987,205.620018862829,208.41431976694804,196.6193244824998,201.9553120260918,178.10219289311777,192.26005560763403,193.13227580230577,210.23114941188143,195.32373169057712,189.53132389916507,222.58888141252416,140.3478433995376,187.27370276512687,189.09440606196853,193.6089416329025,173.71560276183703,204.3739804415829,197.57657195369376,200.8127112789392,194.1214151801648,196.92929413595965,205.1956058965114,215.12741442963977,201.74562269435148,165.43849163270124,174.17814850228146,192.45641245307587,131.87814732774888,141.33824904522223,138.32034550372498,97.0359858893333,97.98294066136904,173.31377454342294,122.73771582047264,154.3932083866789,193.42987303185657,169.73813954811243,213.8338235395056,230.5699919751774,229.2578314893543,223.6644883939684,205.9201302882348,182.39169176593956,199.1065053762487,206.81367508077184,172.2600419040511,155.66769168883647,206.7366895211107,204.3386058760544,174.80063713034218,198.27472981205648,192.64002488462103,172.2317009516978,201.1605095446444,192.47306125753408,200.0984633016589,218.7293573549221,218.9129498226538,204.48102850049975,221.244279944472,198.21337176340853,207.268440788336,188.9915243253211,188.08997207398363,150.6470796152849,187.5785722401659,192.3952352549977,188.0220344888085,169.19277135420265,218.26887467445437,189.97899210057565,203.1231032215025,198.8984377889149,208.96548913122007,174.65473404231454,186.2130076228862
164.48641461133116,152.4330548481127,189.03389637179177,165.25689682731712,197.917477850227,178.41133092880244,0.0,154.3214950375782,201.58994481650893,197.28748317634637,219.3952735324637,218.8906306385936,234.1800726646155,206.07840312840185,210.21516168669865,129.51089310466836,241.5168064811885,196.96514227647256,220.91422743229555,170.24823860665603,206.68235143790432,191.838974950076,193.02032402070452,230.8101104247124,213.0449477002266,234.7793489977049,190.40058896936264,180.8926937845677,197.28063785057,215.8435489656416,188.37908944410745,233.21941510557448,182.5213554508889,196.87732498559683,181.7722389064652,197.25907565265177,170.92791804587227,130.97449975118175,153.05660629441354,114.40845177499747,159.3664025684049,168.97469293706368,169.10830433075728,166.223739906845,156.6508892711034,152.86443472543596,170.68278779321926,198.20317703720352,161.74528477805893,153.4481752450895,161.00608439090712,156.3423813959996,144.93865223732507,181.5065889220593,201.0996575663929,188.12663933108277,164.47856060602334,183.13799074807685,201.76836247170613,214.1952475238375,237.30384117108707,249.2327637127844,232.4525823767611,234.64460669228896,221.18855406559632,222.834471328644,118.15167378037124,242.6137736658388,223.1290228677182,210.30979849079048,205.37316304459088,192.43475270492507,210.0814616022028,160.3922710607467,237.66818648803863,240.3660736069106,222.24374551593425,227.03058314758212,196.4560331629545,213.2102945924692,242.24372804660112,197.12191537384035,196.219060819325,200.47429738027108,208.0962879611632,168.7719476366805,186.2207806705072,178.2720789387514,171.47409775757808,176.9179082021488,146.03419305190815,150.49003209278624,169.6773553300485,191.83459439139105,158.08081073213748,153.64889975203502,151.36892228512153,181.2141577785948,181.96094303224825,152.61100075958691
177.33784811346055,118.14115360084666,126.03881635969464,172.8584912019587,159.8804775365856,154.92915665870868,154.3214950375782,0.0,141.42666646694843,192.46795033990983,202.39386230231227,200.73802158775013,214.289483185002,206.29572844192933,194.11546040209527,160.64027712862585,204.93599041767368,139.50609698474122,201.6120078873338,176.69367282212087,200.64175991042876,226.33626682907797,189.87179399200036,176.36521604681434,235.40058983972776,231.64634350510408,218.62338826109035,219.9891822297842,194.44774685051345,218.9269135864681,246.74393672964965,243.47934265426213,233.22195262808407,227.33391694892657,215.84283549121523,162.21879427437628,211.46093338003743,205.12067935928067,215.40036426926065,193.24672568599797,227.18247479993963,232.22134412858964,230.5241579097629,222.09118066702865,223.35323349196307,217.7612312210676,220.932766282917,238.8011049167208,186.0895751771093,210.35637353114151,175.22785961828154,98.66231697207094,139.1881007745809,174.2027048563403,164.04026620331965,161.22045600319757,67.15134101120722,122.54940428437376,212.230759685804,213.98773282269383,212.31142701769116,227.51595798102613,191.2793360720035,230.9760402209859,224.09925299526364,211.75456570819452,140.77805292886111,224.4382824084733,201.3209130320127,149.4475231228114,162.65762737781705,181.21953681417227,186.08524582112403,134.62339827471118,201.36196310943848,212.13619140509357,188.66742088099613,219.23028155661487,241.6679317603933,234.5885756549234,192.6921646650138,237.75922377291505,228.482866574414,183.2723765704661,213.0136318447648,193.4487107560585,209.93972441506224,215.1415450498567,162.59469654620906,184.40200288522036,206.6779735495872,182.37109389946804,177.17207171314075,236.94397366928808,193.00339283884432,211.5461285673135,199.94280743551903,227.49907279055043,186.27819912727185,199.8559895041239
172.4160459949038,147.66690646241813,108.13998668705403,157.21319187373598,104.98201939608016,99.9871737099291,201.58994481650893,141.42666646694843,0.0,160.85095829079006,184.0326881932948,191.64767869313152,210.98636953288045,212.5145419998401,193.4151803222265,161.78083652285574,194.9103928306025,158.31192907271395,205.1963598908976,139.77499884042282,206.2855279435205,225.41986901649847,172.6257970815701,193.86805810868796,207.20576881898893,221.43125579633735,205.95165833345845,217.71222428024532,190.03458517916292,196.38405404080697,199.27936714378103,200.5672121351129,187.56546567504523,195.6565264097493,228.3545629975073,147.23235751407267,206.47132913681585,199.06347533989333,203.2303392593417,185.18834100061483,218.83028560233103,212.06332011556856,213.90314178664124,209.53956423640147,201.2745503843238,208.39849910642897,224.79186447499524,211.19408455732307,196.482819832244,200.58779524502228,181.08141820572467,121.90772873897431,150.47632178858464,127.9729307770715,100.8604811176546,107.33270747961726,156.37030844517503,98.11399287310824,168.89314698540107,194.4776741213164,168.25290141051238,202.89025694633384,211.15088699268733,221.72496578660332,222.5770923567541,204.89152460084009,190.37387213930637,213.65779238818516,211.64457655788496,159.97183340057052,150.87508182509,212.54371648212717,196.41122407513623,168.68928686547133,204.99004574743577,192.22397947559008,182.79380753432253,205.78655979972189,195.96521505683705,192.0720821144625,207.96572210047592,226.94511543190333,211.20919784418285,218.195793883351,210.2492266188904,215.11487014555613,203.709987413832,206.48332752663583,157.7960431114447,207.42915686178097,187.2671121192625,196.05015177925756,176.61149819903824,226.73771291633065,195.3480372613035,210.7843872849889,204.587361109118,221.84071940898315,184.6329154181431,200.22478291368964
166.57261876804986,189.9727839301221,173.28284313396733,147.04939614300733,168.41212178335817,159.76029346303034,197.28748317634637,192.46795033990983,160.85095829079006,0.0,156.54230005056985,151.3186928404644,192.1216008741705,187.8949241753368,203.920907253846,159.71058024728205,195.8701313916545,193.12230205447565,209.66408819365645,179.4635692044031,208.38628492295325,178.64404431548726,183.73973313265844,198.0404338466684,157.8873119974073,192.5638278039814,198.3630299511671,214.87598896881937,214.25009374193468,178.95809084966191,182.52178621630395,206.17557576841867,182.58650145016503,202.82814604013896,220.98310137311,194.1806188776225,211.41213482154768,197.50409444906137,198.3449768566588,190.6796110956869,231.6527125778065,213.0641892924574,198.61035385891967,220.97485336719035,202.68719527069817,221.0326917281243,244.6896779757358,233.03109579718608,229.8130363125827,218.9517727065621,192.2854868467776,174.2622416308609,180.22340494962907,160.26720730892748,171.7894253681212,176.94228673165622,207.98635411059504,184.4475588426455,103.50742017315426,176.4606435356513,162.58589329205057,188.25513607064192,199.79095607140857,192.1034085753876,223.32923189035336,201.75896278926268,210.3596072268275,216.60367532703356,223.22296561890028,192.19822080366225,187.8449747796252,193.5657975885707,187.4331417033532,183.2086078913486,207.6126725178081,189.5190145212316,210.3422719817379,190.59181223228396,195.27495868104887,208.12242881021385,232.12173196011616,241.65504268883683,200.51179751983076,217.06294639910809,210.29415712231565,231.50056189897876,197.3579461350099,217.0943812406792,198.7287846387158,226.6830602177249,189.70982988625505,190.73655769046425,161.71093766030987,222.50242381464676,183.6436633444918,217.0375606496655,211.75457825126824,242.3715014129949,221.65636629963672,213.37950445431525
199.97459675730732,187.2100605627097,196.91537573473067,203.5414068500915,195.07778164179973,188.5645155849224,219.3952735324637,202.39386230231227,184.0326881932948,156.54230005056985,0.0,130.31797284898292,136.44294783514465,161.62274993102034,180.07502492871794,202.98427886965516,166.16542729949072,191.8995877119687,205.92205696880404,189.41033219392708,187.14994791202375,197.69095348275425,189.14438075049836,204.69531537973683,201.034450208894,210.976108327412,226.90946918383491,226.4807032268681,205.7855588674045,146.18762700052048,218.1955055769508,213.8795792684689,235.5446231662542,217.2751439621277,236.9535889999408,189.26146039934173,232.4289811624336,234.70546538056996,242.8405141851085,244.82758953859792,241.27659698864613,245.22536780732884,258.7600874830981,244.0554585764476,247.8775202044856,242.15518422594187,245.88509948462217,229.22008019999373,208.469202583309,212.791923208908,192.3721867240887,191.7686929832915,196.88912212232776,200.463452534138,190.00762938784607,211.4722478604069,202.63785626197412,197.43073638827585,168.96149028869223,153.5915543762134,135.3614455995687,138.2007250340153,203.1916715997619,210.64402140628656,215.21433679631957,174.61588040647132,205.65742818670836,196.49876287739096,223.19340287017152,180.6776774492625,183.0133185665717,179.62542863167806,190.26460769343043,191.05770848446096,178.74088099699006,205.06369125766645,206.08393860950656,170.10610972746647,222.04974774241916,214.98988404705997,225.687483605497,234.27125086638267,232.08683800322547,210.3908813394046,230.57214334293025,218.7775604363263,216.3043108629801,220.16254852861024,188.61519483990097,232.23907004869736,233.37184287609017,223.02103252133412,222.6412914962051,247.55048813308397,226.4966353243832,239.4837429215293,221.88007755704356,222.65952360261184,204.76359018335603,204.59927058209104
212.7634248403366,199.9567108981664,190.9772630506019,207.70512053935283,219.77194546926927,191.5342004233106,218.8906306385936,200.73802158775013,191.64767869313152,151.3186928404644,130.31797284898292,0.0,177.76550113568976,193.42110782803135,205.66336147503245,212.72182156580533,177.6970950292024,198.2240565714763,208.929776610153,213.9032364670568,198.37482927638587,203.68271147284844,219.93613222506653,165.0812303602027,185.6839933823944,177.35468800124434,247.1633744917452,238.4171904437125,212.47398737025247,195.6015524987461,204.77227370383676,199.33845102423948,229.64587805058505,228.96940871690649,245.84152364306237,202.60652300001243,221.87798556373764,233.95306517969243,239.9335475260237,237.1035873331551,243.43409190516644,233.7770235491343,228.3533906725873,237.49174706072125,237.6952785985233,258.8530926132563,255.85661008784703,259.75324938553945,226.0166029129629,233.49146022464447,217.34283206517333,192.7114996751751,196.03554874014333,219.15682865397196,203.3402911227624,201.69340519691048,209.15898644736023,209.21653595641112,162.2209453215479,168.28569678118902,129.98462450088277,185.6016521322132,219.78193162744637,215.42932502685164,228.38574956532372,217.4383857835092,207.3209605660708,206.14016629143424,218.38130355076964,192.9383951570598,197.8527806391757,189.8415399973244,214.65010678226557,182.3697502647222,184.00824695533203,169.30097462491645,198.14732402458503,194.73225828601937,206.08885936778944,203.5246702575882,215.1821699138473,241.40129231032915,235.1522927352241,220.0501110050604,239.2482211448335,236.0906665099169,210.1456646539379,232.9602260635572,205.2962544072973,220.82483253744763,226.9220983987385,206.9057288052842,212.0227828151701,237.35448628168743,208.9532447458368,241.0743515801265,239.1746598833845,252.8948844675085,226.369377815743,226.32916582743812
210.51332878928744,218.69910048069875,225.67772424365188,213.5512821729744,214.68036960948484,219.71442532368124,234.1800726646155,214.289483185002,210.98636953288045,192.1216008741705,136.44294783514465,177.76550113568976,0.0,171.7878355959533,193.30318198562549,218.3592594277688,139.41247370643936,192.626408101686,195.96876157842132,197.58499292475213,206.55685671405905,178.23856541246943,184.6507905847725,199.61814217172048,215.92904188733385,231.217483054277,209.3396287634204,227.8421813230061,198.643429062968,172.98117583725835,231.23876432031108,204.2827902829626,235.78130500275887,185.7257488728064,206.8763146377559,177.16988224179306,214.8699337175495,242.6761875505237,247.98538539597024,250.11554238590475,234.1297463252644,244.7930074730107,260.4721346120418,245.87412587866967,246.0050902066752,235.37207278862664,244.5302957075797,207.4937504772648,215.5545848995742,221.9093456476088,205.3138666560406,219.2104006853792,227.8395409898302,228.3682215225577,216.9978746930316,228.16411541619252,222.72382462356632,220.5597400135109,206.7340429962378,176.1691206592754,176.09134340750282,85.11076437737154,155.5009285679576,186.23983171682625,213.3418864825437,197.84212434716449,223.45365919671087,190.6339121982061,211.96621522357827,187.50765241020613,202.39954829260225,172.780909290936,194.3307408505464,216.10433952194023,206.63534348242345,239.74746485172903,197.4411596178065,184.78602962422636,238.50764721961508,215.3863404114649,203.3713937426852,222.35141949148468,203.62224349841597,190.1269492090448,202.94783226363768,213.7413875043169,203.4795457635473,216.77384305489176,189.27649332238275,235.4575583050964,238.6981756725985,226.79406757199416,239.62726694365824,241.03189148888765,249.083883406036,235.1973513321329,207.75350909387672,210.59080403462863,205.1294734305944,221.89202767736083
240.7700936044129,200.59784182635232,214.44676065201668,206.60820917330307,214.39202557402547,193.66678853193636,206.07840312840185,206.29572844192933,212.5145419998401,187.8949241753368,161.62274993102034,193.42110782803135,171.7878355959533,0.0,133.21302314238454,212.43269141535384,157.4547439263102,186.78915388962935,120.7977458960311,178.36873110187145,131.30106747602622,196.9012341843019,149.14361745657442,197.13064436910463,251.20432487194583,242.52566389956377,205.88261317607368,230.63737047125863,176.62426040158203,138.39684045388782,246.44786271851257,234.87210601408745,250.28090194629863,187.20984446464348,212.0737822049049,185.8589861615826,192.8988902549709,236.07872499979348,240.5827541070068,234.0083237510959,239.38348764153085,268.7290092535489,262.0789959761173,245.3547451177754,246.87008328639763,231.0190536370706,243.0226039488312,218.0937525331265,210.30831456637333,212.6359261705096,205.23409969839528,198.7743196943606,198.43669915844785,197.92271962335985,197.0901788055146,227.46255961972932,196.49866622456057,201.4252028904835,216.72628905982583,207.53765960395188,193.3759276592184,183.2533313995833,156.84286172949743,158.51677938513606,168.31365912397175,134.05493808783586,188.92831301923144,162.3138752888052,182.0132949897054,169.4081771970652,161.14177921973135,182.2355792603796,154.55108185706746,181.41932471231783,175.28857377530517,234.56965109431056,165.84606661026038,161.88015201841728,246.15111863644125,238.401222893014,200.98667764913904,226.7415976337849,224.205209462974,204.64774293499767,202.12658410942493,202.2803967995469,192.8519310096426,224.6773973737903,168.0514730696293,199.53711436482257,245.6481487461158,219.18927778646992,198.17120806364693,265.4990208115952,253.23752150051925,235.2009921880613,206.5310367045701,225.0615969145302,209.82558463288157,204.84669212404376
229.64075217288465,181.2791852081845,197.913019050779,204.6135261830586,197.0301707621664,192.09812271495105,210.21516168669865,194.11546040209527,193.4151803222265,203.920907253846,180.07502492871794,205.66336147503245,193.30318198562549,133.21302314238454,0.0,215.4834295233907,200.5474789401322,193.38037561428632,161.7221670688068,173.88969672985644,132.26934245324117,221.5249683952785,178.20422738873197,225.3972582779485,246.1669088468477,244.84862698350315,207.49321137839075,215.83567188050105,168.1045532775347,133.84015690709316,238.7865141003233,226.7019918769328,249.5869957164311,212.5928443406836,232.11607406602684,169.74277351359888,188.76184515137663,213.11219245405096,233.0850065114508,217.01329356464464,234.46705722130375,245.45659356882425,249.20058456569643,219.0992388659195,227.7433328463694,217.98163520507515,226.7052048940984,217.03792516060173,180.59689500263835,190.0110473231004,221.836215410476,193.81225470949877,208.4207029876404,196.68224596937705,181.9961612362502,200.3519737819562,175.25632141879214,179.0296335432967,210.65514516262056,214.73777054817964,190.0059204715296,195.2921646189526,204.59161622899745,202.7947039868984,150.1903241847101,92.30336140839056,187.8960166138904,181.8614240157387,211.85217807981445,185.4166495819724,162.86939652181002,211.36379374859888,194.7421111841916,196.4944343000211,200.2644902489113,232.4944658780713,176.2542685348789,178.9566806678554,231.05342830070103,211.6150126803232,229.1709976086727,222.43425150111725,233.46074134956703,227.4062833676633,212.39180804178,197.2851296148811,200.93187642798077,212.58713159350089,168.62599926447444,202.29958669594427,223.91716956886611,199.9748569564753,202.53327444110136,246.2567536009978,234.97193407327995,216.2372429104456,198.3839478724244,214.4721273290748,196.03319732825503,186.35089093250176
138.90013253035175,144.73183589833292,161.5457942405293,132.45245722442917,151.26445996511794,148.61226848287373,129.51089310466836,160.64027712862585,161.78083652285574,159.71058024728205,202.98427886965516,212.72182156580533,218.3592594277688,212.43269141535384,215.4834295233907,0.0,212.9394695142928,164.94756894096986,207.39824241822728,155.93410220200312,214.16482726973663,197.3446893752222,175.61381796699973,224.24596121617375,200.6696476396109,230.06535880972075,178.85811842092397,184.872655507841,204.55225461130607,207.1697499737126,166.58802110476762,224.1408912325961,156.72205628332617,176.7325530764237,197.42462266222012,187.3470271286308,200.1400193389524,172.80981035307155,187.00474591068576,150.4784894132926,200.04574440262525,180.18868476157851,189.18951919645576,183.4815907558831,154.64254540665593,183.1067263115136,205.11418131971797,199.89855079204412,195.8357916262081,185.8736727944692,150.65918381076523,145.35592868716057,102.49798944831736,129.32456318516384,179.27499207601255,158.44605100592474,180.4751164766029,161.36795996677435,172.4859668149263,204.68165048641495,207.80998790534727,206.18725696051743,230.0242463129182,217.17653513869996,238.43362630575467,226.46372056016676,161.60951933789573,227.80579308282296,213.3676414996256,185.68643386985224,191.25207884022356,190.94540981901537,192.69217709865163,181.94170750720895,228.3882600906776,219.94234703385507,215.81958732304545,206.137673586898,184.5325461502141,209.4466089286385,234.5573895774588,209.85051034643527,188.48962767692453,201.3761597403987,191.2489940184624,200.2538904959528,209.25138214470763,182.8784654010313,183.1395824297823,207.63145085931703,148.8789933724859,189.9125855335845,172.59078321904764,209.8316103262293,173.8617046392601,169.81443951086746,173.58537874781757,196.89933952199544,204.09273115552003,192.88962717593768
231.27005814377128,214.0876292107268,200.73689647936587,233.5485204778952,221.5586931705983,188.4127912253731,241.5168064811885,204.93599041767368,194.9103928306025,195.8701313916545,166.16542729949072,177.6970950292024,139.41247370643936,157.4547439263102,200.5474789401322,212.9394695142928,0.0,167.81650697544063,140.36704545957764,189.1505069430369,176.16306364553748,187.665259900812,174.93367774236987,143.1870168035419,242.2642557690216,206.52590198655992,208.60564623506545,235.8599856243142,170.27464904217226,199.36405051876724,228.44583365898407,225.7114689226672,255.377782855144,172.37933725394294,203.6693807146825,173.5371559324486,224.47281826026472,272.1465468075452,266.753340229529,268.37018166206434,253.88844255216668,268.914619384811,266.4423480766158,268.26992556944344,258.84506904771365,262.60981622044784,264.53886583313795,224.3589561849317,229.8547291499898,240.2013815556667,221.71653810029164,199.43088460997188,192.05219966314732,221.9556946799277,202.50017227257072,207.3122188958912,214.9744561366055,205.23507693797472,217.77176618965467,211.98270144964124,190.23920956910663,148.25823107355376,153.36660518889676,176.6384551949606,200.6597775333334,200.1279437314763,218.64892629054933,120.65681090587756,136.83022366568838,148.28726661058076,160.2238102776883,154.54796289880625,150.27628904956788,191.4559423190153,131.5193269429298,190.41443790461727,148.34060483912594,163.39866036744803,228.5214245679171,232.9251175893466,137.76841641927308,245.65234536082332,208.11501651883827,172.19253967375855,176.556022780356,221.2599563490195,208.31341669068024,221.3357650276531,179.50684980330448,204.03917921155283,262.10218602045234,238.70075426525133,219.46347992175328,262.48934108749273,236.54933955177185,262.2225664909407,231.23198922978148,235.82396503403356,219.91791056395112,236.5161854956937
195.47824475181383,178.7954085312295,183.32807670749528,181.3316158716212,203.81391915506265,166.52644235342672,196.96514227647256,139.50609698474122,158.31192907271395,193.12230205447565,191.8995877119687,198.2240565714763,192.626408101686,186.78915388962935,193.38037561428632,164.94756894096986,167.81650697544063,0.0,156.01690267566056,161.85661575905988,178.361275245924,188.56503600468807,151.87404765364403,183.5102071733429,246.976740649581,216.69940494514745,221.1699588503032,222.44136356683515,185.3843385503111,215.3791566982593,237.34577255455417,245.8014936993405,235.08823894696835,166.43550818062374,210.9402388509713,152.19010849325042,211.71247490206625,251.6652410519289,245.3294535440785,226.13716243880128,243.97558845883017,251.36532020091036,244.03641692693907,246.6036958536341,228.8561178853016,252.2977368125228,246.4126455358791,228.6633692244753,203.0132782740891,227.20166480891697,199.5666086580111,172.66913156791915,147.43181005836743,183.00227142482885,190.64829755577773,184.83325752895155,152.5692456030281,183.8142202756464,216.13122685428672,225.2171030661368,198.3331109387109,197.12734908222808,196.1501115411244,211.61243256590015,213.12349042506608,201.044371645267,173.8930623030152,185.6527841247111,170.8168313678583,98.76211475171915,148.8701065181763,160.31422870642632,158.21032947223455,171.00903047463035,184.74596641002944,218.48800932759477,178.94303000835237,185.52896874310903,240.41839194863127,231.9119450620313,191.4127539085092,233.5155861911636,229.4146041891346,168.38082553713082,213.92882076132577,209.9217830993489,216.85204441722507,216.4972633401928,162.68835790027964,220.29879414689816,238.56508769553116,230.056109960802,207.37256160418963,269.33920225271004,221.3056838436313,236.5238729767363,231.89207088335203,236.5465742177825,201.3203219476052,215.198837219352
241.26282368290356,196.4607004793254,202.001482254092,223.38507885793507,211.47009729238607,173.7466847036841,220.91422743229555,201.6120078873338,205.1963598908976,209.66408819365645,205.92205696880404,208.929776610153,195.96876157842132,120.7977458960311,161.7221670688068,207.39824241822728,140.36704545957764,156.01690267566056,0.0,164.3654525490545,133.76950446236123,195.32141124965028,153.1032902882825,183.7540674101317,255.79213867048216,226.40235443453145,206.3018989349668,223.9819145931972,150.2925816076991,183.28319021856623,227.57183874453244,240.7701767237045,256.48195208228424,150.9055618793807,198.47635176197335,180.2448103397753,179.3272287299709,254.2899910779838,250.7747126312489,242.63745478382967,235.20162439406312,258.12708840370715,244.76473283032675,244.0125559201694,226.4485801946313,242.8745880795529,233.2830598356912,208.83679539731415,206.4655318449243,211.4837756722016,229.75604727283093,193.23512982176757,183.8572508231944,200.9403927061833,191.48036437189543,202.50734762053253,194.54429866414543,191.23133105013028,223.00535912799336,224.3778837512891,210.7483766050464,204.054618018034,193.5000756876825,183.3755845433309,170.6206196492703,164.9387402889685,187.32987870656035,137.76620226350676,132.4678345446158,150.2825296313058,142.86357839011856,189.1078029582075,167.70999817743495,191.37778892098916,163.44832208515663,221.837565787944,139.81019133825032,182.5819490627524,223.23328697157345,233.3970906529603,168.61149234929547,219.1315019871141,213.86201339210615,206.47624931374685,180.4792984288568,211.32098157878625,195.8444321040207,213.9898259531173,165.4532806680276,179.3577013277444,249.8099971619416,218.62772808942972,195.9867898287691,256.05503758230327,233.12147897659685,237.33743344228816,224.8281807528198,222.4937912935316,206.67999248376785,207.57948594999232
168.96191393716765,142.04182290536798,160.01965671766308,151.4491488495446,150.70022306742817,121.27790025234935,170.24823860665603,176.69367282212087,139.77499884042282,179.4635692044031,189.41033219392708,213.9032364670568,197.58499292475213,178.36873110187145,173.88969672985644,155.93410220200312,189.1505069430369,161.85661575905988,164.3654525490545,0.0,167.53101234657578,205.4666763149988,136.45483238604157,222.75115522036268,234.9997576651111,236.67965052742235,161.32428743805968,184.8791377811109,154.56820912809937,177.7190766822707,207.75356963090852,224.35320259486025,194.38474285556055,157.27707790684445,203.51836476203792,105.1117351644701,153.519097301175,178.57783201953765,196.23187808136805,178.32066220546625,185.53367872458003,217.72058123124756,218.57134817271944,186.65575036158168,181.5572407577648,185.36071080250645,199.82163003602076,163.0747461395398,131.732147742041,139.0019099174739,187.08033624629604,158.7153070331297,153.36077275711233,132.5409935242972,139.42668491258172,153.14636162260746,193.0652651379458,150.2146691124595,191.30949529218685,204.0848851550348,179.90640962723108,189.97987646868583,230.04875463109028,217.5669436538787,205.9736785123288,201.5692462840557,161.46800210198293,193.1345756179961,207.2214279720555,165.35510286483995,147.81206666792173,201.0686769783308,181.727581180047,176.04764840136687,205.6160893191746,224.8237048312327,156.08653332114,187.74938174007872,211.52550727673497,203.08259699321496,231.83351487832252,189.03398322127896,170.78908593885663,208.6240903442928,156.8953583069183,177.0027558020288,163.62850708862211,163.422775374949,96.1161971612294,179.05118032518106,184.4458931956956,189.8887020406866,169.52347797635235,234.58296275292255,205.69649232338665,179.83493344744295,161.98804803321678,160.62579180713024,147.80890612881535,144.83656020614205
239.17891639700755,191.58273969273964,209.5754811632044,216.28684084350448,210.73312728695896,184.68088705232435,206.68235143790432,200.64175991042876,206.2855279435205,208.38628492295325,187.14994791202375,198.37482927638587,206.55685671405905,131.30106747602622,132.26934245324117,214.16482726973663,176.16306364553748,178.361275245924,133.76950446236123,167.53101234657578,0.0,222.25092420292847,156.83666307521224,198.8812476031244,244.2156271048068,240.00907304917456,213.3466833376637,224.9692658115396,144.26265175017966,167.42731038708604,228.66795942698792,222.8637375738012,262.9191228680872,198.39407022682516,232.08123696376316,194.84462223878973,205.58578732148408,229.7393799056162,254.27749972389591,232.19524905520345,240.4601271102012,254.4786244161265,265.4592854677462,231.5548444322768,238.21210673173152,225.70645894090097,231.7264713427148,221.99595869519112,195.98906582759247,200.82350797273935,219.5356543413312,198.01138038313516,189.26378595625036,204.64237389125756,196.8407369694043,203.13024331516573,189.1741154711292,203.65554755664863,216.7652220320749,225.51466431744572,212.4394844446693,204.1935441124152,205.867551386526,199.0684351906634,145.33764827715237,134.23728814429285,177.64766146530349,167.79843107709277,173.91696122223905,165.70034442679344,123.35682464622911,198.6157532741452,167.9523126243048,183.8415707856628,161.23523859930728,226.1644180067879,159.56762954959018,172.00112475670142,232.8194626846497,219.88064081230584,210.4869056743198,236.14174513847135,247.83786284598108,217.14267122194624,213.9790710967243,211.05002364285545,216.24290920354224,230.10699832648228,175.2556351390581,196.8620174283143,248.85858716204967,207.3813492798865,222.15516471865624,259.9393664913802,251.134047521297,225.9515147225064,216.03383030801652,220.85129738245263,194.46584825080228,190.09281825280223
