0,1,2,3,4,5,6,7,8,9,10,11,12,13,14,15,16,17,18,19,20,21,22,23,24,25,26,27,28,29,30,31,32,33,34,35,36,37,38,39,40,41,42,43,44,45,46,47,48,49,50,51,52,53,54,55,56,57,58,59,60,61,62,63,64,65,66,67,68,69,70,71,72,73,74,75,76,77,78,79,80,81,82,83,84,85,86,87,88,89,90,91,92,93,94,95,96,97,98,99
0.0,120.71256731273223,109.15066162382864,123.89085852948016,133.54140287889422,107.0483213705703,107.39196421740152,124.9360026353688,121.6073144345982,129.7598439501757,131.0310637688631,143.4318216865369,155.12199804240777,135.06296276469834,154.7333881416011,110.4599120369815,159.0945331010081,125.1439902923272,138.63045550429248,110.80743299855143,143.77385620910803,152.01900504741587,142.58424316559694,141.20742890063934,144.29373966108864,149.5772892448352,153.73982075305605,158.24276670115415,146.4612056826204,157.12569929631945,156.556513321271,134.76680654696844,117.87396910716046,144.19138700964396,156.34318261625236,122.58614148094618,129.9177535146504,97.65191151827452,120.9248197130938,117.29880742499368,102.89149910609764,117.08240811279757,153.58792028503788,119.97430038881386,140.6840260767608,140.9532334739772,141.9328551702299,141.35425439695194,98.97046224136318,101.67466892895634,125.10217417042873,127.9872706509666,139.03921603579815,139.1129280602343,117.47664148404844,105.74670034729758,142.69540503886157,131.83433990570637,154.14487499287313,149.01010835747135,166.20499237945296,168.32008421756592,178.81369488720668,166.0297673958789,172.48257930040305,164.1512073380566,139.56323890177856,168.19396816960398,160.5726870530691,149.696354596614,165.9995079718234,165.41894407604698,156.02286991675857,150.10231710001383,175.47553100503978,158.89052413026363,154.53635837281345,152.91083742468925,156.53537883257576,148.78376340563582,174.74847063360582,158.01029853395826,150.68104962017068,163.99600437185518,162.74794026281526,158.62651352174805,115.58968508386164,139.53834527245175,116.2193343409118,149.75927904718912,140.37413636555965,120.55274433076796,146.52505720117136,139.04971516452193,173.34791396278277,121.54207812804778,154.129600378736,162.6646049739024,100.85928721074347,99.64612269108964
120.71256731273223,0.0,82.50855270012596,61.87290030144332,76.80820785401664,102.58014673042364,82.76616653228794,99.56590991959165,112.66441582867462,122.60095628147664,129.99655373806684,143.02503086232113,167.976804362416,154.68682340322297,154.87153543901337,72.2305677585573,172.23069406578853,126.73486219038112,139.21188670719812,143.20587944262076,145.78113510437527,158.40350592548464,164.45155821071415,148.94177334176706,129.02282178132322,149.3508967540957,172.01280191142348,165.33406081109192,139.01794465754762,175.9750588838104,137.39143364501774,160.5355504032604,112.00637856872012,152.16740135311835,138.2715737011792,139.24451681783282,132.3849995262426,128.3236225855775,112.4148362774008,93.6391164010185,130.25930199825555,118.7519927185501,154.91554630336483,112.41343704522131,157.02676650877967,142.07951553756862,153.74122305368422,134.57976392451968,129.48672370639002,138.9068896572761,139.88430957534064,80.11143097971322,94.03104703326171,67.89478561856919,105.6780815170926,104.52487846550878,117.00483083946818,125.54020209744124,138.10128271601684,139.50545338028553,154.36899798347798,167.18594509334724,159.8039817230531,155.91092514578196,145.4169192578484,159.51139981276225,135.54431731821958,160.76712825736635,146.1504105897748,130.85519539279167,164.83347755727894,163.33971691970345,176.52115588709603,136.18651494124967,163.7480382225477,154.2587121530383,137.0669933677565,160.33672625465758,148.91851142200738,169.83157873248086,153.7990668586689,142.31509863855757,137.21493800802568,135.9585701890334,147.2621405676282,144.67052537924212,127.08738763110016,152.9692431000069,132.85495528682884,144.30766349746585,133.0108164685762,139.06639041263884,126.51855304403124,125.37554159280926,155.5677024873894,111.566184268993,166.31934555330363,157.7605816735374,131.36773739442845,136.41451858319942
109.15066162382864,82.50855270012596,0.0,97.92988132719348,94.8345843690708,68.13738149359692,96.5312849576662,85.13786470947659,94.84825189430885,122.4322994771041,127.03724070820988,154.68980083471683,156.63623448796494,148.29625998995732,158.9752019948702,103.31896576854516,176.07498189749953,125.92488052738616,144.0557753388146,146.2630861801453,151.4162013178082,160.64829098600586,160.17158367077604,150.88833866569306,135.10669258802372,156.73194248823353,159.28574068157627,152.42782324017145,141.24236541248462,154.15562306518763,143.25365966714918,158.90399035377197,119.53451233847728,162.58053843415863,153.30597634800318,136.07350910057943,129.0160905724254,118.13995610701129,117.30613955778384,108.82022555191472,131.77486498347596,124.237733999983,143.00719917483926,113.09546836151826,150.1238496701254,137.09548203111007,147.49777397754644,140.45361944765938,116.08094853010856,130.1095229205256,134.41233035882615,69.01438395485799,113.08119436847406,96.76212894835976,68.65479407474005,73.04509329706983,94.0777228631686,101.9699281911957,131.3328610589448,132.30667297064696,160.5685837408982,147.63154519940997,142.6178237240135,157.14542738630706,154.8706962896171,159.92402206525668,135.98071466623537,164.50118624239212,151.55320210920635,127.44367400763824,166.4175061965102,156.52126172851547,163.65081694007858,130.95181620375453,168.00921866396482,152.74960451126842,145.8537452396775,140.30920599000808,148.87530435166371,159.1823073726885,154.7324284076758,151.90103628928972,123.3154624669484,141.48172853281974,141.04183506234045,141.6746598231613,117.98900528980526,123.72509386490552,127.67025685642778,139.00443797928287,127.3608063830922,127.20082104998428,114.26435451321794,117.21137692445724,141.79470194942363,98.30546050560432,136.40171845609598,152.90090533804704,116.42776413326382,124.91543768102709
123.89085852948016,61.87290030144332,97.92988132719348,0.0,53.541654236325535,103.65428315713646,96.00971259350511,111.9089893303012,115.16083707190782,120.81773256686576,130.10170157953456,138.63857991751627,176.94985334585158,164.69752997352606,162.78910964144228,71.81588715718209,170.67194960211572,127.89137866346108,146.45510371164852,144.80146543199882,156.02705261938843,159.00087445931695,171.3592740640423,155.95804642296437,131.20785995948913,141.3617896114568,185.4128570177561,153.68253283360147,147.41229383203893,180.29992866755663,140.80264533691906,159.46132333178372,112.75646900373977,144.5206835635482,143.98231130544332,136.9115445317364,134.59237300020288,140.1543417234197,121.37572765354126,98.6523142709057,134.03283522653493,130.25873587211424,167.51204394018498,121.9005687432866,170.0456325171985,154.59053883757022,163.46371857752013,148.93249159804782,129.66323393940473,142.4192871780985,138.30483164998088,91.87215597987732,84.03960816109547,58.56132198600558,108.71933032582888,108.7807306953395,115.43040319707258,126.89996969639984,134.03074961204612,127.49227857725732,142.59214805344655,167.4895549433893,159.59815689768834,152.86938822136452,147.60606593900548,164.29398738058043,130.60104641192237,151.52371750931675,140.0379698572132,121.72214280521828,168.30918143676962,162.82548605844883,176.11783286030737,134.76498681599918,152.21893465206767,140.6688992133598,146.01911267344948,163.42750054906853,162.58770470238818,172.53211533832052,160.45482845712024,143.5866569517509,143.60665314674077,128.57276948639782,151.39102756364096,144.42336118437316,129.241933394206,149.93488207390575,133.37348465597353,144.91251392056864,135.2794686809313,141.25339679961343,128.9982931950321,128.19986555346188,160.46124613287344,119.62936395149868,171.2634144544325,163.37487421495698,126.9133680608302,139.8363756807175
133.54140287889422,76.80820785401664,94.8345843690708,53.541654236325535,0.0,90.95528886192872,106.57107156309488,105.55653839063226,94.52188818798064,135.2500334371505,140.81688731602904,159.60754665633442,182.0255732778429,171.88639040582197,172.34944513505138,87.16539429798136,184.5751091826557,127.4903162038076,158.27283970075965,142.0306178768123,166.6387496631441,164.61662679054285,180.51801298001493,165.2379429533148,143.50828167323704,154.8731684939541,188.3540931050809,159.58893552309485,151.71146484376897,177.60441371933632,146.158916093051,163.060771674838,123.9546727725388,156.6316910417474,155.91722853969492,142.1050508111092,139.91269081325544,143.98796158384434,129.0726206047985,111.05716179962069,142.00237096534948,142.55679968276792,171.07047873588738,125.98837793622276,170.83036574150162,156.18494062848129,170.73660095587394,157.22101151167288,132.26688821813025,147.70347357780915,127.26933148318136,89.41300574078451,81.18932218736717,66.87979947962035,93.22276726949984,94.65828853959698,104.85928881153096,108.83167182005778,126.6007775815599,125.02142128286032,145.90686434794986,154.85566668893466,144.33333105095613,144.7629880579302,146.17556139079815,163.02717034365202,121.46429021028302,148.2645841251706,135.27730864645665,107.57026735568672,159.6987088226202,154.3036130327245,168.36221955041606,120.35201931715908,153.80789472713792,142.23090374631855,141.9596389144822,157.69826667756925,157.15929171625632,165.02747998599295,154.5497572637738,137.9685705380474,133.1258179578578,132.3164204418099,140.77355995063144,133.38968568365237,132.42143687487695,150.96815549164373,131.51691305048345,132.9758686955891,124.9597369765612,130.04662882681305,115.61993977767176,123.1203601568186,148.41723337453243,115.23856128447494,153.78740325014638,153.5125297800586,122.234614288074,144.22765238305692
107.0483213705703,102.58014673042364,68.13738149359692,103.65428315713646,90.95528886192872,0.0,111.68829738337509,88.36613116712147,60.06264340296474,134.78920799668376,138.98031616418112,164.98433857388346,167.7176962098468,163.8508864716258,182.8579940599444,107.19001689148013,184.0103208260636,113.4584570118604,157.8654638013694,126.90455506274664,173.89459374290044,159.37156107415086,169.17911772860026,164.04240456834737,151.93572261927503,164.32959809041955,167.06783626780305,163.08284644629163,156.39450964952294,156.47216691200853,142.20443652292977,143.09099959660608,131.8216008274793,155.15913020994674,163.50206565091202,113.8607170668266,132.19786722781845,122.99944321574972,126.63824181246936,125.95442490867605,120.13250799431192,130.2051513720025,155.23231303661618,114.62827272350022,146.88481339635365,141.61735748631088,157.70606285093558,148.0318312395097,89.2719924699291,111.97411698717424,115.08456011485416,89.114567027568,116.18119505429436,115.87666347147147,46.417504932294,48.23351714625686,100.9530017682234,88.15769491278101,136.4391562869971,145.24585957120578,176.1501124151925,154.41083111302413,147.77919700444212,172.5971075063395,172.5166777015366,181.24735313982512,141.19821248135165,178.32667466688372,151.63565587585748,120.42148360560836,173.5377325353397,168.0170850490399,171.886484239631,133.70783924573456,185.10573968719729,166.15600054584974,152.63716379919674,161.22554606226882,145.8986066768431,146.7436621690032,171.4106874658433,149.71821788848365,128.2692268781159,158.56629673139656,157.78961704282722,150.04768188266667,120.13069235197884,137.84419385829963,106.00886485849249,135.1530403846512,127.4649623755339,114.08501674566811,114.42611245592792,128.26153520265063,150.38840594033067,105.90436153499856,135.32465622591425,151.61565649793093,90.65269792596804,113.03145355300389
107.39196421740152,82.76616653228794,96.5312849576662,96.00971259350511,106.57107156309488,111.68829738337509,0.0,94.15561498599956,122.22773187595628,105.46067563439657,116.4563612593575,116.1770136857232,151.2956993363704,125.31891459392676,140.98144370732837,93.9853242517343,145.33071137028253,110.92823326154668,123.7657112593383,136.7724792970397,121.8942678646634,149.15593880933628,140.88555806387834,117.34513784299956,136.1669805314156,126.05366747256105,167.54394288848445,163.67672822194945,140.73025603404128,165.85334320977975,161.3672681095244,155.075367454687,111.11758307949108,145.44372579463732,134.50792254204637,144.91587424744364,150.06908748426116,106.78762088283408,105.40975349966524,78.34605351538053,121.62678740119438,121.41406852259044,138.36828098528298,130.3202068918568,166.24590600939467,151.75666963065305,152.38009955286708,139.7060454631227,126.8274142951322,132.99254629003482,145.26448045426946,112.05010412854136,124.56663741459175,110.14067307727908,117.72054322004225,119.12697241792588,134.060177628274,138.5786282332594,156.91458513056747,158.17625684156155,167.16567039186006,181.02221502604132,175.30603047457714,155.30363794003125,161.63024850382098,159.29883807767322,136.0459066951257,177.99728320273374,167.72873925475164,146.09445881466831,165.94991333192067,174.41250333224662,177.22076454850878,145.26635466522038,167.4521426325158,163.7867180670603,141.31070877406495,157.69303495544762,173.8734209216644,180.8991239520017,167.49169537444777,157.08303641885647,150.0596170928008,153.47383814948486,164.45396672299287,155.1901939054617,139.9259099215824,161.0712024992977,133.57363609938352,154.30223787624777,148.85074187697302,151.5598936233183,143.52109740401778,141.70409891643502,158.52538618961165,119.72727343042804,173.73995604204725,172.48565220264794,129.89006866065998,132.73454145140244
124.9360026353688,99.56590991959165,85.13786470947659,111.9089893303012,105.55653839063226,88.36613116712147,94.15561498599956,0.0,78.69651791942272,117.58713170614526,122.64716674078764,137.63270506085988,141.3079748491097,134.17777686369095,139.30927075053114,126.03560320312596,167.60709377483005,117.21561436023542,143.93277476184016,157.17626475661854,135.92731671208458,160.78706515930918,160.70315991163832,151.3310099029676,137.33127460861232,139.53672292787442,156.02794091437323,153.29390548549168,138.99066908946818,152.34008209865283,156.9452150565389,149.80671520112674,133.61184910546294,165.12713813566177,154.5405714270032,148.83766262043346,141.5516191080514,126.32419827107132,133.7008452400321,126.00245958117272,134.42722878691242,125.6205535969064,136.50423687543585,122.014831264214,152.74602172883124,139.9277412020243,153.91277720749983,142.81722347054563,135.13540841917296,138.8740841735438,139.34077458340255,94.79005858260729,133.2327163253583,114.25897150200188,83.22789493670672,94.0962321106688,91.1093240523946,78.8803153791849,139.99477870154183,143.20895886992574,163.02902124170356,153.98701900984702,142.40669136311467,151.9260285265152,161.9417220257401,149.84841692495277,151.21249417286722,184.78254177728425,168.7272042224959,138.69418952630124,166.8987757625146,176.71962062046111,171.1792522413644,152.8451997471496,172.33275022219905,165.8196064444331,149.95266804096042,152.18544458998463,155.18706859743992,159.32267963460828,167.1752179424279,157.10492649966145,128.90659897437592,154.31151386275127,165.9929579601461,152.91608025770208,137.82249717921312,147.76248950485729,137.96559492160296,143.0828254925819,138.28893214786854,148.05336152721787,137.80104970286555,125.28530517358548,144.526728645964,120.72019314687488,147.54050104279077,165.3197053286175,134.04812021293037,138.1979095223145
121.6073144345982,112.66441582867462,94.84825189430885,115.16083707190782,94.52188818798064,60.06264340296474,122.22773187595628,78.69651791942272,0.0,143.40558545635747,143.70440105687962,167.99679445006558,163.3154283227721,158.78388436215494,174.12595366271134,121.26884115969166,182.0303850709173,115.93056462688251,159.8006288387819,130.83953225694242,166.1028253277147,160.98121973594778,172.71618941431336,167.67478164019371,154.99792542949473,165.96322159657225,172.8014669056338,168.71455894028298,155.33983958812092,163.16490182342488,146.8941423795419,145.23733436642004,140.354674475684,163.89074664461822,166.99643905434738,131.74866530230582,144.10299990758864,134.29394819685098,140.33382567836628,140.09420873636032,132.4417924052558,137.78915224680176,157.21462117484322,124.3158469127998,152.8160282111654,139.37099673109745,165.6226726675039,140.73840654521703,110.84759355337508,129.42763365527605,119.98250898589043,98.83823155915776,123.94446521013604,120.13480342243052,66.36187070345565,70.81666000381215,96.81339424545732,64.05971042839974,144.3237352602278,143.7389728967705,170.66485810199237,142.43597168648336,143.40098533415534,165.36889909114555,173.348063779246,174.27339811885645,143.53795650040345,182.9646095383148,162.85991727484688,125.49086167952244,168.6496177522285,168.26295774547094,174.49047468705265,144.6922797910919,179.92103513537933,167.2749060292063,154.8307302956072,166.20839513452,149.19873759692453,148.22221074939992,166.0108051696395,151.24638983394112,130.83944045302462,159.51649069219997,160.94347815597473,148.3175893041358,142.85665255824054,150.32035769593193,121.10215945685349,136.79073890621942,128.83809133381754,122.21274560199998,127.77894500994591,134.17100406432132,147.87848902960653,116.86105450813078,136.59814052783793,155.07716636436874,103.17594791998172,126.42716427058043
129.7598439501757,122.60095628147664,122.4322994771041,120.81773256686576,135.2500334371505,134.78920799668376,105.46067563439657,117.58713170614526,143.40558545635747,0.0,84.7888175694533,100.18556454308296,129.28359168778064,112.91845457887248,129.82266964583607,131.71287627042187,139.31302312747044,137.48544480754646,114.6496234827736,163.59780799412147,115.89389938155033,144.4742757952758,136.3809155852325,118.6500399376552,101.92444940465616,118.44787302555396,142.49186320587512,138.81150808370094,135.54095081706083,155.08815403494944,150.2390840597553,154.83561494535925,133.9800121862312,153.41472786105533,147.9773008739096,142.35441001686524,144.60095037909184,116.16149245329883,132.80820286259092,109.43130530680934,146.02914849730553,129.52167449088972,128.8636587076836,129.0720518163323,142.96325550755793,144.67729444482205,151.87119622627756,151.83173141729213,141.94245303489043,148.0766050041803,156.9945274542663,138.5381038058189,163.17811966296085,139.9341132755515,135.89924582582947,139.4686883544391,151.2200722013752,149.22019414153797,125.4897438707536,124.73644097680216,136.6983974379781,166.4671710792117,164.6037271655855,167.995991556594,160.40962946858554,153.51952745544116,175.0422690611684,178.90990597887935,169.3683540080233,175.8185769878749,168.86501624967997,183.8901141020929,171.91263494220635,159.99137460635535,163.14344848410778,140.7595403309869,152.165105454776,156.32541431618134,149.80238398327947,180.9899188126139,166.23975477967508,173.91052789947526,144.14589842672257,156.08838219250197,163.63092787126195,168.72824149740129,145.542525109943,142.3831431091648,153.00191861073895,158.97130214691774,163.07373486094954,156.09825179718456,147.22723143991718,139.89187352516677,154.56354587579324,141.3081904523413,172.43255705654906,180.66211193558416,155.20863091786265,152.64316676005
131.0310637688631,129.99655373806684,127.03724070820988,130.10170157953456,140.81688731602904,138.98031616418112,116.4563612593575,122.64716674078764,143.70440105687962,84.7888175694533,0.0,92.73810873934454,123.23338326432078,116.42053619235664,138.8933968188004,134.15748626983125,125.55071236547865,145.29136227225126,123.84208113133192,154.57040981523073,117.39481504786858,146.22524613683424,141.57893533443414,120.71567408907296,116.1210804529749,107.93670572054566,142.372388122231,132.2675006048083,131.77018307308003,152.68399826344964,150.5844137490655,160.5301996036436,128.04820719101633,151.41054560488402,145.76633215444954,138.7392028155612,128.5183869213252,113.35825881146144,128.72532896284255,128.97158587736456,124.2875793977402,115.65974278004173,126.35694272861994,116.69129505249728,138.96227143138185,131.18613632234008,139.79478993350256,136.6293392713219,147.20975372535307,135.8685465896213,163.77732345083083,143.74730660531225,160.7111137531585,147.91305307491675,146.04881889192342,144.47221968970564,151.71237340477353,157.43468009582182,136.63648694565086,125.06804454145193,150.44984996119183,169.54488072457315,159.10102363841474,154.51135192048065,166.85103162187784,162.39323019222505,170.94039446640045,176.13156084861578,170.94864689099973,173.19881243288947,171.62072533903273,174.6712415290943,172.44471383089325,169.75580119569034,166.30974635405926,150.4170309850617,147.813897050537,158.22331051979023,147.43066027919133,173.1621766167246,167.5531384333608,168.2302146965451,155.191772387196,161.63206900075352,168.6883348497855,175.05577288823045,130.02420709935382,146.43675593410433,146.7419519294603,146.31856885827568,156.08326345078774,148.23881035180227,161.47904787689336,146.6273752762379,155.1414502217605,131.07632250960984,166.43008779253068,174.61398359866394,157.1442167220771,142.57922614657213
143.4318216865369,143.02503086232113,154.68980083471683,138.63857991751627,159.60754665633442,164.98433857388346,116.1770136857232,137.63270506085988,167.99679445006558,100.18556454308296,92.73810873934454,0.0,125.85454793276092,113.22074503181751,126.41673518240924,145.0163864006869,97.71717168967206,125.71530301095756,98.85558439489007,166.82017247104318,112.6512351287011,131.59847492653745,123.1431744692894,90.78778388135645,120.48468652856349,81.35477130431482,143.37416949138154,133.86447076298035,137.065579199436,160.3486912336325,162.67527291233048,158.54243344040685,149.77681123351397,141.7822506058551,137.92912719622973,159.95877222442203,165.35517384095948,132.75101351811287,150.76737847146055,128.99651520317337,145.8523453172527,121.57153397790148,136.8003402664139,145.9250416538221,147.6754063472302,161.99083708940577,148.94858512160744,144.4558134176812,159.8569774549881,154.32205832816237,168.36940831573526,166.46362398665818,169.8619610233702,159.49903359099426,171.78560228844267,167.95817142629977,164.79686750386293,173.35754398554218,148.9929831903602,160.1292422083917,149.46024763634472,176.35242897780833,161.05375487317187,156.78458083944818,155.8406726239144,147.4648146371543,167.17035663544132,166.03580087218663,166.45926876465631,169.25457020503185,159.7163979871262,166.5533996460377,157.39585975844818,176.36608299834688,140.4955214559149,149.9597725796232,142.73279239217004,152.2924534597049,159.53131658371458,177.16865462716757,165.76751824379048,172.91514664725898,169.3356739486809,152.17264012119034,162.4608835305453,174.74830503852252,146.87552031726818,148.0438082149294,164.3758984122246,172.7451593032252,177.33148452464832,181.3876992591753,181.28050201799223,159.47500341277612,175.0088201104984,154.52368097651748,191.66699153484507,180.94751615228225,163.36717613662654,158.18433604274531
155.12199804240777,167.976804362416,156.63623448796494,176.94985334585158,182.0255732778429,167.7176962098468,151.2956993363704,141.3079748491097,163.3154283227721,129.28359168778064,123.23338326432078,125.85454793276092,0.0,77.6607337969908,135.51837161684682,170.93312290160105,106.84929189476016,156.42537316746325,108.04048309276658,184.121739961751,129.33468783985506,111.40655911834752,112.17071692089176,130.950038160455,133.86382538462328,126.96412773919856,102.97200690070062,129.46920369099192,153.08036396566428,109.00764016001618,172.453413051699,142.6340730373508,142.63586234365843,145.208239468542,140.86859856646805,166.74677698850678,147.79910719640782,121.03326595440517,149.53082531027312,164.68845530026,135.033363148948,138.89533850159654,95.85997993351056,142.8016183639167,114.99468900480916,127.09857603305208,118.60900159966708,130.68790976594863,162.39709249623826,147.0008772870658,175.48766203303325,180.64805937573183,202.8068701485829,185.14965463089376,162.6547142412798,170.21780348651572,169.9291012944543,157.21949490480844,172.07523959672295,167.05494712847508,164.32680460231893,125.34990023635028,140.43426415725924,165.7483938866235,188.1536583975427,156.55976046669642,198.1975436478433,192.1068062019719,184.59875885854308,193.4538595802141,188.22355215698104,175.49794069679746,157.857147255074,196.4551339236731,184.62499607872792,178.37293528946807,170.89561326687186,136.45650921610098,168.27775684465308,175.03077276821864,171.62783638472746,170.35671546091118,164.11148675310818,169.06246329259608,167.4247558918933,169.95968218192712,153.44628785359822,128.31146518815993,172.38510581273997,173.54132338113203,182.50685680019103,193.3701617327122,181.3362779903329,159.54084859896193,153.16425028877023,149.84500312113514,151.1797824206007,168.12888049168197,173.94011276364128,152.04522061809223
135.06296276469834,154.68682340322297,148.29625998995732,164.69752997352606,171.88639040582197,163.8508864716258,125.31891459392676,134.17777686369095,158.78388436215494,112.91845457887248,116.42053619235664,113.22074503181751,77.6607337969908,0.0,112.184743661444,166.8400785877945,100.9705341670121,148.48953204051713,89.29808591049574,173.17180000336575,98.61359231232294,130.1471905581589,98.23045217643542,118.4451172178204,129.98687543136106,130.6930335323077,117.35396595264264,146.74089948283475,138.9197603116316,126.64698058884784,181.31778483702675,154.91950796191867,151.83586827628008,153.05257443517755,148.80251780877998,160.51615969056064,147.96507852329557,111.3215432979795,146.18513993553273,144.50465686805668,128.87841172163337,131.31899770402669,104.33126709922358,150.62704847958986,131.8349622134828,127.64343512847502,126.68185311970043,139.39038885716184,160.06177583208617,141.67156838915662,184.90609443384864,174.64495837139452,195.0498657935022,170.4361919897877,166.01978994999536,167.31141977272236,167.3565678133353,158.2084773105468,178.49331031341458,173.5820601884935,169.22628949011346,157.48708841139194,160.80552758980298,161.96929540881172,172.74442540364583,148.65600815826093,191.59506853837485,191.04819967930604,197.96448142652525,194.34374156218905,173.82964802343966,186.14255316855548,145.70337266150017,192.3607380072269,181.21266718643784,176.67273841165118,162.01592775534013,144.76368391653756,180.67904416971896,187.0438594121479,177.03053971522746,184.3753076699836,169.43057796151095,176.3972989457433,171.71878539255155,180.82863245243144,149.75303012206768,150.48775074112308,164.89663820408305,173.39425507090235,188.71067845149744,188.08917225116969,185.1806934585728,165.49394939039928,163.77294983452086,158.19548796419414,151.7440690543113,179.52152048644888,170.63401000946322,149.28310544354258
154.7333881416011,154.87153543901337,158.9752019948702,162.78910964144228,172.34944513505138,182.8579940599444,140.98144370732837,139.30927075053114,174.12595366271134,129.82266964583607,138.8933968188004,126.41673518240924,135.51837161684682,112.184743661444,0.0,179.24193514625605,129.50645037295382,147.3683381073821,117.32441586599656,171.1772935786172,88.41622040950175,160.96052590887518,133.76727103408334,123.22371502591824,130.2267057605061,142.0333630330087,120.88731224896527,139.48279105966708,93.3703340765353,148.87562561502142,177.61997574591857,180.63726116663648,162.36129403003088,170.27182350427034,151.7164943273093,179.22740941134987,160.61129078042978,151.16551926682965,167.1535543855764,150.13232471921663,167.56639492830848,134.5259384795105,152.82834103103312,149.27162341341744,164.29099087720385,154.9432438702951,162.6830026891867,158.9526531921603,176.2210559174489,175.65761574953592,178.1114374481926,158.96563697514208,179.54857158877462,161.79629512028262,175.82814091717984,175.42890099560665,158.3822549702248,165.40654709782046,147.21431241377127,152.9691606441063,149.7777654434935,152.5770139275446,146.7024932983085,136.10409943692258,135.03160714330934,90.52947545873158,162.1173100817643,161.59701249567857,177.40014175834585,181.0071579529469,126.5175157955845,158.38478253834796,134.30146152760562,165.47193681583542,147.13952494796803,154.17051237620717,120.07508820864255,124.87142023725434,173.8732344956879,183.61615612812292,145.03994295284105,175.77734955299093,167.47923414245432,157.10019930496114,138.09167029287767,163.8508280452382,155.34268170635897,156.7072794684533,179.50559880058972,163.4919842736395,167.13407531616335,175.11353378273577,167.83408572248828,149.10640004433844,151.7175854429389,154.39649457281837,158.84552196171225,170.36776322355013,178.05632615084713,177.63745031096397
110.4599120369815,72.2305677585573,103.31896576854516,71.81588715718209,87.16539429798136,107.19001689148013,93.9853242517343,126.03560320312596,121.26884115969166,131.71287627042187,134.15748626983125,145.0163864006869,170.93312290160105,166.8400785877945,179.24193514625605,0.0,159.67373507881888,110.8101415492346,141.84119174190437,122.93559643862493,159.01594479131114,132.15131913515748,150.58477593801473,150.9495083932258,139.4244236143942,150.72492824437103,184.6698784691477,166.56141241136078,155.8541239175933,186.2087672656604,132.58027133340704,138.11071766087787,83.65459078400106,113.28512956738057,114.16790593409756,117.21200542864236,122.7313594577177,126.96407392758844,85.04877139252224,84.65170615238335,114.28209657248492,120.0986021827688,151.93828528653933,129.40092324286087,157.89021452367805,156.5017634113347,141.40699187145398,121.4665633384834,119.2420627341172,124.62239032869348,130.1060811593096,108.7877742031065,88.17361094367605,96.5174375296614,111.62876894942248,108.38147105019164,135.83795431838624,138.44035641049197,147.8718605971251,153.16443631569308,162.3782898980607,177.99747019482953,174.64755629621868,166.79209682998123,156.22925601887778,179.36156398807995,127.79180538282458,151.45163881968867,123.96452349077649,114.24679467839512,176.93577834078246,155.47315423548503,184.6639303765014,130.7990051865362,167.69964762095975,159.33548450291207,154.53558566505367,175.3318390964043,147.78133316565976,164.5038232998067,157.00845402338797,124.36459939047292,140.37930411913626,122.69107218260216,159.52138456070904,134.85537273029772,118.61247879645336,152.36396070790886,111.6141200557886,142.69181403817348,127.95845820286796,138.21553033698493,132.43933552212025,131.0023038216252,175.27177505065893,122.21505352500702,178.76958807024545,163.59001829448488,119.63339457568074,127.66184165491268
159.0945331010081,172.23069406578853,176.07498189749953,170.67194960211572,184.5751091826557,184.0103208260636,145.33071137028253,167.60709377483005,182.0303850709173,139.31302312747044,125.55071236547865,97.71717168967206,106.84929189476016,100.9705341670121,129.50645037295382,159.67373507881888,0.0,123.60713219404671,84.09875327889216,161.9621910398364,107.7326820032993,117.76772182363624,83.59489095301333,91.40178776754544,141.46103555994864,117.7290493665916,129.72151733993198,150.61289273687825,132.69698166894383,164.49368839674713,174.2237778436787,151.52886375376676,153.6345716865586,121.4942315864562,123.13181057568124,157.74797666281643,165.71183701961314,140.8070980954992,153.97831785989027,141.1377040806708,147.52779907548722,131.02016762058653,127.08188156789332,170.539953374454,148.17301455548426,161.8509217154593,129.89628789789126,136.7654053728963,172.9573407534744,162.61536065939003,177.69215994342812,192.79767991997036,187.8560214860042,182.195402807529,183.59731457662747,184.99465818617705,186.5461275776026,186.24743106091103,181.1507510716807,179.47894850186992,171.48545317046904,173.61719016567812,168.679031412735,164.12678923048142,165.39699401744082,158.49481034386608,167.89907973355258,153.33719651411664,170.620824561713,181.7165436406424,162.65191251367304,161.9794276872683,139.89726415083598,184.5299696187,150.1570480602784,168.83583648522207,144.49742093899596,158.20571515438377,168.9218505001258,177.9199728120916,162.04907520640108,176.489433107098,192.07575827914684,156.35201030064104,168.76074218659676,172.50362499198968,158.7456556993252,156.20127873170748,162.1926938142915,172.03819896080225,189.69272131309052,194.9034445205073,195.2751356780887,174.4779852808285,175.80371384427565,171.62102147180752,177.68599910804738,174.0199447970224,176.32686125495195,168.24774896450157
125.1439902923272,126.73486219038112,125.92488052738616,127.89137866346108,127.4903162038076,113.4584570118604,110.92823326154668,117.21561436023542,115.93056462688251,137.48544480754646,145.29136227225126,125.71530301095756,156.42537316746325,148.48953204051713,147.3683381073821,110.8101415492346,123.60713219404671,0.0,127.77672874280802,115.88056621749332,135.61102702730057,127.9312455226644,115.81228602456711,125.60049083217348,148.16209991452894,132.9861468350102,162.0154643565653,153.55323343126244,133.50084666635672,175.81812873321638,162.6655685604596,144.22414957032726,135.07728970578182,109.09351365214884,115.24064553701932,109.07768713779404,151.36060750496236,146.43833329560147,125.43086365699968,104.40010659466184,131.7450858254474,117.432388598645,156.9318302404638,151.98984110131175,162.48759684182193,185.3602582149904,154.7531188139272,134.4261688805032,118.03122921949344,133.18002950386003,128.60735521838797,137.47423780891745,127.99233890342644,145.52657470547098,115.38454042877798,113.91399694061283,138.73672629059513,135.34721890966694,156.40886014188146,163.16203207225908,163.1230760754992,171.69405254971366,164.58011067544425,170.8588857733861,155.64423413859402,166.56195152257783,119.05293351364637,147.73906507736496,136.11511343705502,109.26545934848924,156.15090506594447,150.2188372291807,143.92390691751643,138.95889174735126,166.24519729849737,162.71498374586014,127.64999395288952,158.27385440499893,160.2543245906365,158.56806347825713,160.22585816595816,142.7469931433616,153.83644459921803,136.16919813387335,148.03473410784963,143.92741465629777,128.10143425306623,149.06983914221564,98.56971438451804,156.40270531271565,148.2665088612755,154.37229041346245,149.23295531516754,146.6200537505246,175.64793559613048,145.24742072318128,181.61269924057316,161.1533634947959,115.61143179483916,138.6356192661516
138.63045550429248,139.21188670719812,144.0557753388146,146.45510371164852,158.27283970075965,157.8654638013694,123.7657112593383,143.93277476184016,159.8006288387819,114.6496234827736,123.84208113133192,98.85558439489007,108.04048309276658,89.29808591049574,117.32441586599656,141.84119174190437,84.09875327889216,127.77672874280802,0.0,156.01252437158064,97.88505197890105,130.35577717370387,108.30824464459944,97.1696084195826,123.60371015444636,134.90571965960245,126.35516591504911,142.02140190266795,130.68979314516807,162.682595524394,167.95610776741654,159.2780421755375,138.03515145617905,134.82077878758545,130.11618589985324,157.52746738311882,154.6015467503597,119.0359282183923,140.53844509336807,127.15774678402413,134.77943293262774,129.00854129276385,130.88845302219858,150.54384971086705,145.95076939024938,151.02424899029197,139.6907147978188,131.04169931428837,149.71758557622553,148.28022640111664,181.58952899998607,167.86862582293224,171.69481117364373,160.36333991912355,161.7121716450612,164.24823314447403,168.03989958648074,167.23978404001423,172.15466103093618,168.3782128989831,170.39279744238416,165.39263644755107,162.5790288118926,161.03342978824483,159.7120105797895,148.5578126763505,160.94181156585256,158.74495277828203,176.04914840309158,182.67387172887084,155.36082050970532,164.2543648688136,149.42311557376104,170.2136117827265,149.03679329522294,166.77235176955293,142.7488014037258,151.920701888393,174.4307153186208,193.5790727360214,160.01715328589114,174.07440101835226,173.78425755986342,155.81602160369744,152.81302123861548,169.83065113998262,149.76945128552808,144.7891833131561,159.18970603260948,164.91385893663448,177.7527682437257,181.7636595262738,170.04534712414818,165.75181743634758,162.0916850131914,151.5604988511084,170.80981617341791,173.6836119732857,160.4233800034457,157.1548362907012
110.80743299855143,143.20587944262076,146.2630861801453,144.80146543199882,142.0306178768123,126.90455506274664,136.7724792970397,157.17626475661854,130.83953225694242,163.59780799412147,154.57040981523073,166.82017247104318,184.121739961751,173.17180000336575,171.1772935786172,122.93559643862493,161.9621910398364,115.88056621749332,156.01252437158064,0.0,153.3671744057214,153.05791791914322,144.05661625654395,150.59841523900877,177.49381665499976,173.736105174408,166.5866708931474,172.63309230218826,139.67825506245657,184.1107408410321,153.76452856138394,157.12998791309366,132.0714763215692,121.67810855490627,135.1360934084092,83.16971633355334,128.66179458309313,136.63703517601263,115.8755185465707,121.2392119507306,111.6054813298056,133.2940822073264,176.4576285800464,135.36234455814383,157.1492896121321,156.71087451752197,151.74964324985456,137.25080649401332,93.1941502188237,96.7773870410117,118.06164464987816,144.23408995368294,128.9409315832709,158.0863205449615,141.25834145995583,127.66408652320484,161.16292404550086,156.9406303347651,150.33813878026547,166.42894808300676,175.10130238116392,173.83294427587674,180.96386008252105,170.32580924081415,165.87122552124117,173.77643796722856,123.44142456707227,155.31720513918623,128.8322777439185,129.97849960922372,151.86738449817247,155.58094162957747,163.09261308377484,122.2073130219855,176.4616623072668,175.28274447207946,145.16097328269075,169.3538994432896,149.10661744731834,138.6614012043495,165.76675820832233,130.4460836552206,159.28139206239035,160.8658721554982,159.42795355303724,144.23292007048104,113.517709534453,161.4039773225567,75.40686827818672,130.2104992158669,122.32603276285415,115.87331705227056,129.95815300505393,148.17852710485158,177.79038842286278,129.55355012969932,154.8729709928325,137.9704676825551,89.27304441872626,95.71966008569552
143.77385620910803,145.78113510437527,151.4162013178082,156.02705261938843,166.6387496631441,173.89459374290044,121.8942678646634,135.92731671208458,166.1028253277147,115.89389938155033,117.39481504786858,112.6512351287011,129.33468783985506,98.61359231232294,88.41622040950175,159.01594479131114,107.7326820032993,135.61102702730057,97.88505197890105,153.3671744057214,0.0,141.8391423532341,112.65679140555288,104.43286029997395,127.99898472987194,123.97068956969731,136.72432403839707,148.75387186136044,109.07378744893968,166.88970724257248,180.63996249908865,171.1822223104111,152.3887593019084,148.674632777159,137.72467879322943,158.60115401983808,149.34796803775188,132.02360144378616,147.31823830085355,131.79030676842052,149.1858530107256,128.11779022286544,140.75997801134238,148.35861541346145,155.81684922834188,153.98849498994392,142.33722441411942,143.2135326694681,166.60834730621764,162.65269805439092,185.6732433660376,171.72319888024953,183.32276212743244,165.3402227272769,174.83643210773977,175.29453968529998,170.89837354824016,174.00552098453483,168.80534433276776,164.48384821366278,166.21178853622192,175.4025116582191,176.0107064022386,169.31543725356516,158.74016375097472,141.11530132735604,172.25077941229637,175.06772305145077,185.9759489900297,195.04563939043132,131.03704807341248,180.70124149321447,158.5327525367897,174.36415486255137,156.42396017537092,165.9312307649802,139.8594584265693,157.28633778355783,175.235329315315,190.19551271858663,159.3940396182401,184.76212479263583,176.04715669978555,168.98913460201405,161.85302346250432,182.92046551568245,148.18644654255922,171.72763085539378,164.17865864697055,168.7416791464855,180.26712245116823,178.49718509423278,180.6589744608256,166.9346828708491,170.16907987695114,155.4843045106597,176.16822298860853,180.2761864693376,172.9532137940662,167.95111909842095
