0,1,2,3,4,5,6,7,8,9,10,11,12,13,14,15,16,17,18,19,20,21,22,23,24,25,26,27,28,29,30,31,32,33,34,35,36,37,38,39,40,41,42,43,44,45,46,47,48,49,50,51,52,53,54,55,56,57,58,59,60,61,62,63,64,65,66,67,68,69,70,71,72,73,74,75,76,77,78,79,80,81,82,83,84,85,86,87,88,89,90,91,92,93,94,95,96,97,98,99
0.0,171.12920347046622,150.14941231897058,187.8849990608424,198.2051000956632,172.72869189128863,159.74769068946745,186.64440640282507,179.9754299641431,177.73534692855532,192.4498762503737,220.39327404967315,212.340712953304,219.62847341091208,213.60480519819225,137.58848968424016,225.33231387835292,212.74154162814764,215.10347449499244,210.6362087882689,211.85663012048573,232.2732351403555,219.6575077831202,224.09506840457385,158.0950970861552,217.6508581071,240.28223737318237,234.86557460945284,221.54535345677735,222.02377439272863,142.74644038134227,138.00090004744254,104.9200291443932,215.53528750985544,238.81980087972016,211.5689605853212,220.29466755213232,143.61361075628048,187.0694297321511,183.9461411606811,193.0860995536088,167.32554111404602,206.058138970094,223.2866294381038,228.62952112318357,236.8458148399716,225.30137962845552,226.6818699674012,168.67555253806586,201.3453286216391,112.00529627247664,158.73561945610845,161.55436712928162,197.0877538798947,175.67390094808127,169.98847157383523,187.27153415572857,185.90075664288355,178.93021880143556,226.94842458918748,223.75652792312013,231.9569780782572,224.8841665738648,229.8537189792721,223.7921241280644,213.80729461032652,176.89258790946235,233.47656706340425,238.2881231188477,219.4759753992853,207.14993621578608,243.94994080906616,224.02954071174895,202.15407434280772,226.76040697468156,209.7406254375071,223.88878243333372,227.68936983353143,157.3165381787514,130.23183134854082,236.9860902476773,206.33212947996327,233.8896393429448,248.10349714621356,240.6111263098669,237.46016006260388,214.58573298641605,235.18860032380763,207.10150099712405,196.2924267018675,138.49414003407597,169.23949005808578,193.9621953979131,163.9086745876043,208.52748179336749,228.5293551483132,233.71302870192795,231.28061223338108,191.7300386398739,194.93100026457887
171.12920347046622,0.0,103.5889427141582,126.1726864048658,113.3904657447903,109.982943659734,117.07223174528218,127.6141443021095,122.1617874935451,164.4546477208314,163.27891686680516,171.19750637083757,207.33580252441368,223.01011118966647,206.02597697778,103.28189429017294,229.62638798938855,189.91567147029585,213.03711441084857,167.4295379631102,212.1121944468185,227.3404678030696,221.65011620986,183.89769570860847,189.0642664080779,205.50166902290871,219.79867147862157,220.95801762721624,210.2509882945012,200.64915628209675,190.8624071774834,169.54198061002296,162.90278304865905,197.34896867046007,221.92808571925067,158.8695370716014,193.6498621342328,144.61485310995045,130.4832605527379,130.33903867302638,146.45728753954205,168.57185206696735,186.0954046659365,225.48748878640745,229.5103688390987,225.04962348891752,208.10506912650692,224.59692682727348,126.05176572032096,164.34731415304122,156.44348325048003,108.59662388420594,146.85140427036927,112.95852374536707,100.52940665513526,108.30603150975628,128.76854181470202,116.64128875463766,165.27953490595775,182.0828347429259,171.32479803394654,216.4246190510092,220.14568042069249,222.4125739913521,221.15795099766177,200.7695323531925,161.2043587686058,225.20116097435871,218.8980647816417,187.24056617869357,205.0064409867728,232.01581916956312,206.5275129387176,137.8065339929983,206.61010020107904,188.8475770689406,200.11433346403047,217.473563315086,189.0627438360994,190.6644192634668,223.89412252035828,154.20725080141733,229.26113739502347,234.02324115962364,220.06940659448756,212.71255879619457,197.43643467061096,220.257232940364,171.75058046671649,158.19119737069263,198.74539406454505,159.7548650311985,154.66942306215986,183.86435215484212,206.3415650258004,221.36909323286665,221.6084389491852,221.96666549760877,122.24056057006624,177.29325506237618
150.14941231897058,103.5889427141582,0.0,172.5969800644258,155.12636863978918,112.9572231924505,121.83950826392436,123.74084897464076,139.4847410324797,172.84572522014918,178.71532901823244,195.2577500312415,226.9505414981541,237.4502137630865,231.1028552828514,135.3560672837746,244.0689430264991,208.71155926874215,224.36247426106783,207.7183174641248,230.91590846444169,257.82938068532445,239.4371326587518,217.9322433197491,164.5929790508822,217.3178567468854,250.33662990544616,252.3657343783169,232.96240921864165,232.2585958506793,195.01769230996095,200.71807260699785,178.82806454207727,220.61795419259852,253.7761622295282,169.6326094444524,217.97631203529969,140.05697328527822,144.20951905869254,160.87458131432533,168.68194900771846,180.8509688707268,207.27751369124448,241.9733813647516,238.34098131169964,243.1125191820024,235.2534774626479,241.5891016825471,119.70638727379408,177.33123633313176,158.60472892414987,94.4707764292632,166.66339518075011,163.64472917514996,112.61603933368188,100.44444612597655,140.31043676424127,139.8786614610826,161.21292405652537,200.5137769187815,187.97512204554076,234.54491591447936,242.59911091251973,241.66233007917103,235.83793442674343,228.682351274742,156.81528275979298,245.49844998196727,241.7016168318816,209.63583623517744,223.31331365599544,254.696269301722,238.05790335791784,170.60633809737286,223.12221895764984,198.68996808855792,227.0630873872958,249.2794979399949,201.8806933610453,191.1838777418465,249.14587856837107,186.5343653043259,241.0049820352479,255.4641989027108,250.7797952023356,245.38465629218948,211.5879354118402,254.92754872932855,187.07129218072575,182.2080191607481,191.08931115748535,149.86260492870483,153.99455562736387,193.45145509684488,214.8269350227331,243.37448755798667,242.24880903879756,239.4398387470528,140.67507750791913,183.1096545149864
187.8849990608424,126.1726864048658,172.5969800644258,0.0,111.60013273053472,142.7257664883041,152.6086060968878,141.815531236884,129.71194024701407,179.50509827841518,161.94279326889168,173.74170017941822,183.72890674759668,189.0214514222193,176.84782793778618,154.6778710967015,205.86758212948348,179.27977927492188,184.36347975485276,149.3695416314169,183.4182316447172,205.7704067059366,196.3325912837366,180.56891566726264,223.0017127441964,209.48214352220927,204.08475858711543,200.2839883962958,179.0480834398892,179.87185281319108,182.4731352433317,162.82972441778122,158.64549866900475,194.58183761383245,205.22593029820547,174.5662423168127,191.06594482112516,177.60582835028828,168.53825157928674,150.07342712364982,149.32487735808843,196.6962511171817,192.14388041746747,211.74665172677012,218.1028478428174,209.83405766915396,187.86601688308585,206.35345544421293,153.6787736147041,162.12821385382813,182.0177605975784,166.60602067140695,155.1508760997828,67.89215800026255,133.04656714359191,142.0046490798701,135.35108404652763,106.65849231235453,193.71209545286115,186.41397916678056,182.59716177507045,200.72073472520384,198.5857288642295,195.5590353933847,199.64192195059871,175.85058285481637,172.3005165313068,202.56121239459972,209.5190624665777,176.83757803899925,184.40118485805027,209.90266315270503,194.90015305566607,170.31125710730225,200.22841782226803,208.54432299456204,179.79319708662337,196.93057160954044,182.88251713811437,183.43511845466867,219.8736555681014,165.57553612354056,222.77943787682415,224.09466274685408,209.29990096000105,204.9481874968715,187.9923460021316,201.19245129813183,159.22445940381942,169.5330684695685,194.7639170783892,208.11240782361688,194.80754475779128,188.88600290044167,199.4865393078128,209.66401481020915,208.8196649261191,207.7432119889834,143.91674697989595,178.45675459896682
198.2051000956632,113.3904657447903,155.12636863978918,111.60013273053472,0.0,116.45765064955356,157.95477589357364,160.6596921300232,134.65373549130825,188.855174227909,171.2058099495731,173.57252802334793,193.2107761738,212.70609077283825,194.39339587773247,148.71479395227,224.7150860958762,194.3575951533528,209.15895332352625,140.63500008704938,202.3043137627516,220.8835477721222,206.0527912176132,182.19834213892184,218.52763404262333,215.7549786892417,198.31202435721403,200.4175980872646,188.35008986253365,183.70273491152108,193.4801070050344,179.94724635907622,181.91266492584617,201.8016233367439,211.5096783005435,155.80396332381463,183.19318563673528,183.8032485890365,173.58909791846952,144.24027018949496,159.2620243972978,197.1617993504559,186.8312905168208,223.7696841346687,217.70379678211344,203.40315189120324,192.54551068209992,206.5221105080429,135.6915868556081,163.28530941270276,185.0139874743688,159.69751255848138,162.95343006197567,77.77906982957333,102.90666360571478,143.83888999450917,159.2420995485206,125.96234410334634,187.65540771222328,195.1742027471879,185.5977648768993,202.4955035470876,201.92625512032495,214.5121541933147,214.96720247066344,192.19184447467305,166.99338677227405,219.34918913951333,210.72525643801788,182.20483649308625,194.42290341991023,221.2084020505186,195.24588511272916,159.42752940570733,202.17959108848643,205.91747363285327,173.83747573201512,194.7361127621374,188.65926666468613,191.9225576774574,219.7465636566966,162.96727592275272,221.8098850266625,224.0862223988161,197.45161811277217,197.53568958989464,185.04491635158683,197.70846975294864,156.9687876118893,155.32216905750187,187.9137703013629,196.91727184568413,171.43299597478966,207.66987787455147,215.94320802348687,218.12682885563763,203.62384223650832,204.92764351451075,125.0361906249564,179.1105640886272
172.72869189128863,109.982943659734,112.9572231924505,142.7257664883041,116.45765064955356,0.0,116.07888262837022,128.43882830269268,63.6661857299604,147.35551857314917,138.30300159044094,155.56634627009606,191.5148504860164,219.2339027139393,195.2359853938098,141.42664830673033,218.31405644336377,182.25036778852223,201.4682667780344,159.212761052088,210.9638809645469,225.99595329089695,217.5148394733885,176.5783323890909,178.35155661999744,196.26481717974949,218.64789817977328,218.07998511475145,197.6867482194965,196.27126222148937,175.0058740343811,177.3362807480433,163.78248763050033,187.67265780698867,223.58262502713035,126.1374448293604,182.09026149578037,148.80886569732832,119.63863631300774,119.81065180854608,132.94815792710477,171.72173333154086,175.36393982586145,212.24131402603268,210.12580908628,220.7860742861029,207.629823196368,222.2265000417844,82.47253413903695,129.4062095467651,153.83752486718066,127.77525880577883,147.31421379999847,123.40334893610802,49.9973481218075,69.05115486503199,126.05817600992609,75.6335540274969,141.95828148788178,172.12076297142977,167.5191853120145,204.91541570616045,206.9097729276081,220.719563155594,219.28938068398455,189.3885555412374,136.26260028487008,226.12401662561604,214.1953707264324,175.72174419284158,197.51727788374612,225.3341564814703,202.6107647160491,136.37091803447325,184.76734742303356,180.0525711092542,186.8219016115956,209.01569262792907,171.81173787243063,184.20092295811068,220.22389223946925,155.1108787350498,208.56266331004724,224.68751537243145,216.1125884789961,212.6903550985764,175.0996697184098,216.12571288697276,141.94357125885765,134.99929160565296,175.78511143486224,171.06040942872588,142.0469462366678,175.5328061059604,188.39224472828508,212.65773218989773,217.414847838986,216.8761891860763,91.36213113947213,147.4825282296772
159.74769068946745,117.07223174528218,121.83950826392436,152.6086060968878,157.95477589357364,116.07888262837022,0.0,108.13567724396708,121.54904153726434,145.69390654308256,154.9419352780593,175.1432685654887,215.32555757693103,229.75312273164607,210.68102138767796,112.36769473210828,218.50647220110463,180.24014631962663,202.4183136625786,182.0291853723053,210.28483281009727,235.5913126890374,231.27102041127768,181.1032870103465,166.83047093412495,193.01263205689625,238.40269648809775,240.055854612572,210.53688291875895,218.16535629364864,175.7212876119258,174.0493460385408,151.2541241586474,192.8757374491795,239.8787865370929,151.7059687652012,187.1674243043132,132.72755852830954,125.36426415872752,111.27745530851097,135.13323047434108,171.9983737157713,179.20557386107032,231.33952674296697,224.90832813380868,238.2997927698548,222.8251893009513,235.6856304927124,118.9438778159802,143.8878707291683,160.4608225185871,129.21930663097714,135.53559509612293,153.9061069544702,117.88679745635515,106.9944753447866,111.6013290071769,116.38901341303306,145.97714649226776,179.36202859986665,172.00756349706285,223.13894999498365,228.63772563764843,225.10646303125043,224.21141619866304,204.23960466879976,135.37785790132992,215.09120800461045,213.78548330222455,181.8114614649032,204.52812917734732,237.7077460059124,219.41189613760295,142.53259353495253,183.85057539375836,182.9338633050191,207.7222379155452,231.70670379411507,180.5792665442304,179.35722433573153,219.01408118865595,174.17139943145455,229.4918678553193,242.5643038833861,238.08555794506,229.90490609402644,181.26056200233893,238.47789306696205,166.4256935610312,154.14140722399625,185.1495549410928,159.30003333300533,140.15880789659397,180.8260194791922,188.47710893261865,235.351920658781,232.37244983663803,236.571982570494,142.26154406509193,159.83042398069335
186.64440640282507,127.6141443021095,123.74084897464076,141.815531236884,160.6596921300232,128.43882830269268,108.13567724396708,0.0,124.86053634173028,174.500013303635,172.84500221155218,183.08661099406729,217.805042395573,214.546340684769,203.26828250016115,147.77827966313154,223.80816037347,167.0865410833863,193.6072915656389,198.33977975499283,202.7406145685839,239.90849832390225,228.43994873471445,206.8936889373257,193.9982311985136,213.51507294892093,248.25791286455384,246.62912140898635,224.7036433706461,216.31236951835257,200.5219394924184,206.91669278867505,184.31862491612512,201.1945475927973,252.16366959605443,165.56348808978976,207.2071116621226,167.1882736263628,164.14433719521045,170.00766709485754,170.55930252989742,208.1577064967957,206.2390597594864,246.7525917035686,238.9428281926612,247.1831282471728,230.76884624498777,240.48004175490613,147.45535532344647,174.9941548532481,174.26598292704625,105.55541511802562,152.3061384849301,146.93823445304355,116.86441618064508,113.0360114313489,72.45768475316352,110.08517133150632,170.01701997353297,179.5247297938971,171.81686717211068,230.4064517650013,231.41690362258592,223.0721201815144,222.17073535208428,204.93535796307924,163.66540181425884,218.3147561281072,221.6890790565422,173.51107240584412,210.40203384594452,243.14774597778452,226.74397116678935,168.19853208192788,196.53087574108704,196.7844734340138,213.7357000969237,240.07684224161923,209.62464087171335,201.7876251170581,237.86422483422663,193.37596085525303,241.36220055031825,248.94144221047756,248.6423418774088,242.19197977058968,206.50695945899287,248.0622529381986,184.4996563250938,186.62106752626036,214.29909865632544,181.2071461831447,166.17780585584308,205.86054267799256,206.8389984204289,250.13865969631564,244.1057064744565,243.93072594210992,158.379235864894,185.77876433411691
179.9754299641431,122.1617874935451,139.4847410324797,129.71194024701407,134.65373549130825,63.6661857299604,121.54904153726434,124.86053634173028,0.0,139.59796169311377,129.44719547209792,145.5711515246594,178.17201643632882,196.27002702433825,177.25092703753091,153.898420688682,192.6938549652046,162.05993522881948,178.7485718125535,139.78628162751767,188.9976896800331,214.8533064710117,204.52954207901928,161.3667613202614,192.80240059807204,199.92557726490716,214.0384350618348,208.4565066371822,181.50231031646405,184.9764472502656,180.8317118336907,181.08871637529856,169.8774116831096,172.25055419370906,217.1150859659421,119.82885454459552,171.0272775420035,162.14596587373126,129.38904800426673,118.56718678451608,123.01743132008392,175.33423418788783,182.63490683282515,214.17247982195525,214.09170402166887,216.17887892051684,196.93819110379343,215.36263913168705,105.55098162803247,117.099903566985,157.71027407328802,142.1200582172537,148.46369809300998,118.73617265557004,78.27104910664264,84.83540702149409,123.7514553298993,53.54278838363323,150.1503454231991,164.56725327232976,159.4865994958505,195.94112140159493,194.48142384953985,202.57873217501265,200.7392737284443,173.0809441927318,136.4030244758717,210.16065533630615,196.96320610736328,161.36720542755378,178.05744997822393,215.6935453755009,192.54696278466224,133.6077179747928,175.95528466718986,178.59974047173242,172.1749508720671,198.2099968228476,173.09042108265703,194.4774348304105,205.21294845055124,145.31328065640645,209.78001741089588,223.20715310311212,212.35943642724385,207.2227710488457,164.64588856976954,208.4321717790908,125.20841320011309,127.90383257577992,182.0444021018864,188.9404861209324,150.80867927341154,173.44463878887717,183.03051489721216,208.58578065602447,210.87131071293103,211.2269792498248,98.58468306848448,135.49850560293572
177.73534692855532,164.4546477208314,172.84572522014918,179.50509827841518,188.855174227909,147.35551857314917,145.69390654308256,174.500013303635,139.59796169311377,0.0,104.89701112404688,125.96005485468808,192.6247480818134,218.9709862955732,206.8565818492943,164.33946272698262,182.57343274690368,180.3956647624132,188.09909820159947,180.30440579650823,203.583347869889,208.67125177883128,231.5715380649337,137.276491459253,130.85766287701315,139.9716863367167,236.93831053411557,223.66147442795452,194.11452950454589,219.63998316224507,164.9666899547214,171.69922486676944,158.24620621730662,179.64013018518284,219.5133257522932,146.69713490447663,165.870850342229,129.65942462522764,117.3562459721764,106.30391702564548,137.73694627964392,119.47318094554414,139.5086499321877,193.2022573520937,202.950948190639,244.0389852491114,224.57412756812815,241.15887267789375,147.27116703739418,136.38507485224585,163.3774931541446,182.2922749537403,167.06303411386614,177.99347120144515,154.7583161207823,151.2193377812448,161.72087254366986,150.5487749081775,94.00832604359312,153.59322026278315,155.96615903172125,220.44900239920116,227.48271731613815,231.59435205448125,226.04319839905168,208.05300441772093,143.1838196520713,218.4227975045933,208.44446866426284,186.46226233604816,204.3914514818073,222.29436504959912,235.36294013411725,127.18365020964694,153.43271031713454,133.50779925369562,201.17579370384985,226.89551420170363,151.6672259256017,177.20624531296892,191.40730536501155,163.988788475499,206.72345506605456,225.9558395792025,237.110663690718,237.10292195321205,174.62326372653598,224.60401886769455,156.3155832013068,142.51321863381995,184.47860851323475,163.1766446822228,131.51315973051794,131.21033356174405,151.27120709893092,194.46248811607225,240.52482951272023,244.77065059588887,141.21379882189802,149.9647226286317
192.4498762503737,163.27891686680516,178.71532901823244,161.94279326889168,171.2058099495731,138.30300159044094,154.9419352780593,172.84500221155218,129.44719547209792,104.89701112404688,0.0,93.20126517476632,155.69601012984597,197.77227013318964,180.47467403390303,170.9900457624824,167.23452077363658,169.89461322245205,175.27552582406844,159.17728453334513,189.93826740210432,187.5773359745517,225.04907609383545,131.21559923518817,163.06604528175933,135.9329844686851,225.20949067773196,207.51572019137987,166.97202204609292,209.9825483648112,184.8520659578757,171.7049063480684,188.0721982987324,170.65537563947038,202.21926137225145,142.55821688513424,155.51142590430797,163.67868151095547,136.76137736800388,122.35074065348168,131.02089639294925,158.48939729085794,146.92626916489806,195.2143637113172,200.9465766942617,235.83638818988936,212.0085227320729,228.702173260198,148.13862467211902,123.62263162266628,188.4031353056703,189.72522544830065,182.9051000807332,147.1901972338806,145.26920353326875,151.96161967984435,163.3012978506028,139.20519369909087,131.05990543223342,125.1225481858975,136.6249204701092,176.95947799125025,203.553295639608,206.76998660178936,196.23353194979435,178.55190791534534,176.03851050392194,198.77133345604372,194.42570137355224,186.9517150677047,191.83795021966097,203.37996486077463,223.01824685646156,144.29711337458878,145.56729669868878,142.58730456556236,175.37463453529733,212.4086581719195,171.95281964455967,184.12268880720163,181.06438707787737,167.49711809799982,198.92836677228885,210.23162720339,227.1736568063649,220.11909488631213,156.89204528666204,210.2942414204732,135.86611736849343,154.28595558458846,204.39318638144488,181.96506532334007,162.3021268808373,168.84585093170944,155.2527821322077,190.12385545045728,230.6658716873694,235.70179896983507,136.18807160913104,133.66412598105026
220.39327404967315,171.19750637083757,195.2577500312415,173.74170017941822,173.57252802334793,155.56634627009606,175.1432685654887,183.08661099406729,145.5711515246594,125.96005485468808,93.20126517476632,0.0,155.1844829507225,200.61523671662303,187.43000257438229,191.4012510133032,157.77147659918197,170.501582093695,175.67883051467612,160.38774755422236,194.70955738144505,173.52010441734353,223.05204768187176,109.1597303371082,177.72672702291248,133.24563754912802,216.6428177427289,210.20304576932347,170.38289403502006,207.592903681452,216.0922486095373,206.1255146465615,206.55746737474084,172.11814670577394,195.5850440237951,130.70972991479624,155.87313915095055,177.9316681471824,144.18810706851554,136.080121624355,135.43203810624811,176.8094174852243,148.48409540631525,203.39921740893368,200.0381169637425,232.44607079168603,209.5357125775517,232.473706956934,165.32176959600434,132.6022571207357,199.3264972422403,191.5333354232431,191.07977963064195,154.67390626055536,156.26814291669734,166.58667438951102,174.24589441113886,151.66263091334633,140.15739290449795,125.23280002778117,138.8272341482649,174.92631118928222,201.97771860334583,203.3054416379448,204.2111703870077,185.5829354472897,182.18655048596952,198.06510250527745,192.3493693850244,175.61086393915463,194.149366062462,207.08988691372147,227.8611495410755,153.92857570121214,137.29482871538872,150.78668617566603,183.73381687863983,210.3576144691821,205.6219846661516,215.81655277949235,177.79358005683673,172.6335961288927,211.8772387047549,214.9697032671313,219.61986822929916,226.03353707568937,170.8289216357435,211.02342084546612,141.564420305814,163.81101723235014,224.9664355760285,192.80149296840835,160.211106389105,181.61433976403995,175.24420536613349,198.45278442930697,234.65430092812133,238.0092133006003,151.23066554407805,157.11083892698412
212.340712953304,207.33580252441368,226.9505414981541,183.72890674759668,193.2107761738,191.5148504860164,215.32555757693103,217.805042395573,178.17201643632882,192.6247480818134,155.69601012984597,155.1844829507225,0.0,115.91930754255851,109.85338527298433,213.7083593676596,100.14628256375391,160.8079568034202,136.73242891105184,133.80200373370485,140.76637527612294,106.58401358959163,139.45068926209763,137.51027477716156,238.8938116814213,186.2728128120538,132.16501977720077,123.41129442053264,96.82757715915578,122.803931079363,206.4899730677897,194.644101472771,213.57599910928792,125.48104699735686,117.4467415179451,171.17748970343388,128.22728548258655,239.1447029040795,216.1360834559172,195.5671984378414,162.95522765151296,219.93482395727392,189.155358544997,172.73876270927184,163.51665540949494,156.3323320101643,123.46494795536024,151.34672731658446,213.7928330342077,161.62998355008835,211.00812027067744,224.34319470902315,198.7317736341591,181.56598788281715,184.7902561234988,215.01048956728192,214.06125465352176,180.2862978668309,215.28250638513103,192.56424547523292,185.2708762041476,93.071831526186,113.20468977725449,127.1913876431308,138.95543288862808,111.68459806304156,211.67654697807407,151.0741342888319,157.71158162004207,180.52814595421307,139.96481662431057,148.60583240566825,150.40513048646156,210.55670100735676,175.09715962221333,210.1586269403249,119.60255540167483,126.72670338473574,207.9846898007472,206.13462648389915,160.80967289373314,184.1907103307653,164.71419570442683,155.37309797169488,141.38767689807534,150.22324043045523,133.30601184751973,124.93268495738482,149.90959995021916,190.57451842439315,210.63271273747412,255.9036139945078,233.84057292180307,213.20406866938717,194.39499132963104,157.39981912692662,159.72603418441165,163.21920519110802,195.1962574312638,159.99705888684602
219.62847341091208,223.01011118966647,237.4502137630865,189.0214514222193,212.70609077283825,219.2339027139393,229.75312273164607,214.546340684769,196.27002702433825,218.9709862955732,197.77227013318964,200.61523671662303,115.91930754255851,0.0,63.10459284242316,230.0696077564945,105.4341736980408,162.98396859286788,96.203262922693,142.27651481833902,84.45636806850598,127.5301308246965,87.21709607788995,174.1643850009094,259.12205768405573,221.44855610284935,130.52990874999216,117.18708322325496,102.60570978523326,99.5821270783797,200.33874068155572,217.3234498937717,218.87252029311824,145.81781587984588,136.59857274975383,207.70603115289472,152.9046161986704,253.9914877402885,248.99274970478683,224.23529985212815,200.5554805139448,245.7793656574381,219.0665210911059,189.02324691864067,184.7859475969181,144.08662374916412,111.89679896949164,124.9245068015183,233.16208841657544,196.564573943977,214.89213931248372,231.84151439217197,213.75093204261844,193.95862314781408,212.4007549791704,227.7521069435365,221.7968951664089,195.68281101584904,241.5228420098093,222.2841280647696,213.42676000054956,148.44712826003507,96.96188046313536,88.71409600028983,87.90574676253826,81.63591661005009,224.65736710466652,112.07815618924576,140.4720486566453,177.7978264685314,99.19033475491224,135.63358332903525,109.09350717670966,235.9039051987585,191.78861101237857,229.749598570205,103.3093737377988,95.596818391585,200.7520626744848,209.4203857948055,167.39899199944915,212.0833616260804,179.28603725561675,164.7818052599805,138.21031108101386,142.66317346080757,151.99733972328485,123.29894775721873,175.52540621201996,212.9169156583071,213.30216778552963,273.8197608857302,258.690520592197,224.0956860380658,211.6405032169216,176.24303735689062,144.56238145148902,137.15698687564273,222.9610129030711,204.70014509531143
213.60480519819225,206.02597697778,231.1028552828514,176.84782793778618,194.39339587773247,195.2359853938098,210.68102138767796,203.26828250016115,177.25092703753091,206.8565818492943,180.47467403390303,187.43000257438229,109.85338527298433,63.10459284242316,0.0,218.06724945231676,125.14256067058044,146.11096405873215,110.79997603964448,122.45337795554023,77.7569943813757,143.60213973397828,101.8500607033002,161.1716840676494,250.10590393006885,213.1053165830067,139.87884272322188,131.62418468424272,90.17854513826012,99.8864360624275,191.9592494058115,209.76031878207743,209.38928338466383,136.86481908470682,148.2707905944934,185.3941653911052,150.85540688263922,242.88589791641425,232.35513700949724,206.03368380095927,179.3221639169845,238.4412508088983,208.89014640485493,189.71350965277588,180.31248986864532,156.85173537275074,122.45779233109556,138.010406322467,214.43951458022377,177.05080188509484,206.1478505466402,223.8419364302165,202.35360288949647,174.35640394933296,189.70352151830423,209.9683314135276,205.48789921431097,173.19176257976142,222.2121787256725,205.70754766046588,190.49719746944936,130.51694060279831,101.20440132177288,89.9798853031415,84.77999781424873,32.987297689184324,215.2610381893485,125.83325969147896,135.19512494780182,158.7337585827254,80.04002071843323,149.28313879315144,108.16129781698484,220.19404513381855,172.2978100769455,217.2990079051704,84.86589102911634,102.73376665610697,191.90005730250311,210.10896019232763,165.0224610723309,197.8686075186091,172.32461454004158,168.76938555467433,143.85510536284033,145.79078167079717,145.33916500886346,135.53397776514066,154.60808148717584,198.46061829201236,219.20882275141844,263.95623889491327,247.37925570003856,220.4058735991974,197.00442301762405,174.41088122963075,156.04579440943274,148.76349591445168,203.0115446111965,187.173413491281
137.58848968424016,103.28189429017294,135.3560672837746,154.6778710967015,148.71479395227,141.42664830673033,112.36769473210828,147.77827966313154,153.898420688682,164.33946272698262,170.9900457624824,191.4012510133032,213.7083593676596,230.0696077564945,218.06724945231676,0.0,225.39400810699797,184.7620716296193,206.445045152466,187.9080615513038,213.77071939930357,232.0003230578876,230.9948762708277,181.4049845609468,179.6110986792467,215.3650632580228,236.3738983171271,236.6023247857683,215.12992319963416,217.87149765900523,177.62506619559645,129.73926750609922,133.07036573657427,198.4897522856969,235.4736056780162,187.49041856511624,212.99767617772912,140.1565236257387,148.19600446307714,142.512002691467,173.2871831561415,169.76399854779743,198.7639718888185,242.6283354880765,243.1666813587264,246.74875519491903,225.2103187797472,236.4720399832421,149.46609392919876,189.6848111975668,148.37755445138566,144.22372865323803,152.4706418763902,153.13269686864584,134.8433651496413,141.72426454865564,134.79737445196236,151.7865562017218,167.79550380386826,203.61956041653048,189.72282852708253,232.85307252903036,243.69780866941943,233.22960762016064,229.94838386273884,213.15205901482156,170.9497413327449,223.46472641114232,223.1951006350298,187.42067414578327,210.8583029804939,253.5114144438066,223.46614682810215,156.74043501119252,205.2540749827523,195.36913066099297,216.08166638416716,234.2423843656964,181.0702447541149,156.8632945113725,228.5609885837069,181.5970543531143,245.0089441344961,252.97671167739787,237.4297971157601,236.05036675123543,208.88243783279228,237.3837245538403,197.72471219934928,183.64916580573097,176.86838322557642,143.76452308638744,168.4721966740707,183.85158475667453,214.77189049823824,246.2900688143835,243.12962960070865,242.7149029858969,162.5659666476668,192.4072487174781
225.33231387835292,229.62638798938855,244.0689430264991,205.86758212948348,224.7150860958762,218.31405644336377,218.50647220110463,223.80816037347,192.6938549652046,182.57343274690368,167.23452077363658,157.77147659918197,100.14628256375391,105.4341736980408,125.14256067058044,225.39400810699797,0.0,148.3152591547823,93.92485841609854,144.5552168346155,121.61106614713856,101.53392138690852,143.99399241638497,124.42386001150224,233.32399237493576,178.86836169590168,154.0550830258101,145.18621557303834,117.10133658303984,140.6404196868096,211.82517098628392,214.9838189622745,222.0345481662515,108.45022992154418,130.6906414085777,182.64579235347497,135.37954260155146,232.5801483769023,223.7386564729191,197.44044300464623,171.69558170329995,218.34048513434124,187.31013328139585,181.780878746382,175.26572503462364,176.03194187465252,143.42928988785522,169.61085059654684,229.727713497372,169.0878089652665,215.5942617436357,236.3085105390881,204.2568343555953,208.1840574638207,212.48572274993347,228.6205494794587,216.35818274770108,200.9133091371167,214.7101539325363,194.806112808728,199.6860110942626,152.64922176490552,139.60482768974558,141.45574954268446,141.48528900479573,138.28186113759682,216.5728807609512,132.29934854927862,138.38184229991867,166.7026532255233,140.24714831538932,147.15941008090823,166.52969920635633,216.8054225688551,164.12918855771173,202.22696123387385,140.89579365921264,146.04001721385455,198.742006398755,214.6506647797192,141.81638501001865,194.01715198079805,175.154844116245,159.67969345766517,163.47712002172622,177.10724343473925,140.5621823794072,149.55344484446007,161.8565155739039,198.0803718423948,215.35148552803304,250.6270536663748,232.4404648324897,201.22923557251943,193.2853229098987,168.5441183575349,180.4443756801221,183.4332952362585,216.35668232965335,175.7721585341896
212.74154162814764,189.91567147029585,208.71155926874215,179.27977927492188,194.3575951533528,182.25036778852223,180.24014631962663,167.0865410833863,162.05993522881948,180.3956647624132,169.89461322245205,170.501582093695,160.8079568034202,162.98396859286788,146.11096405873215,184.7620716296193,148.3152591547823,0.0,130.6408761029042,128.84708378652118,117.03108646269092,185.63619594553103,182.7587501572681,141.20134108387413,222.56901721177616,218.4955286272402,215.7847881776675,210.7306709728286,145.60659598370836,180.83235292390597,205.48893443228505,207.55223426495388,205.5927366462704,86.09862846216771,203.7612738736532,140.638494044428,170.40938089663564,228.91493549060385,205.2055242825044,175.9916768586835,137.46728850605453,228.74526503101572,215.16738721188287,236.7990041239849,229.52381622586216,227.45442081831095,191.5468612219957,214.3117354576467,193.08386294771967,150.81740043678272,191.13447381042755,199.5845586943065,176.04744253243194,177.15121870553648,179.84262032499643,183.58943107633297,155.96930877187506,159.16034382465006,190.35123769895583,184.70430165233444,167.08173663117498,185.21197954065389,185.18430660095493,180.7821549194344,165.12793886356238,155.48631299389098,189.65053589448988,174.82900511683843,134.62446626825158,80.62157475777755,138.2061776844999,204.1521280848198,198.66736695755543,185.50622423567043,167.41464100740467,205.73166588683915,155.80392574288493,196.43773710663615,206.6262825166367,206.65967762751603,167.15540203475447,165.3604704867529,217.32005368956013,216.8156351178253,220.57548064600545,215.7667500934888,159.09777682445588,212.8476469347888,133.4160495117615,175.03375719853273,216.5524787036018,236.54683807638744,211.0611466743095,217.1110624802402,202.72256059827984,225.6879681016563,231.43513134357264,229.3002350150772,190.15590664272315,164.00051463334148
215.10347449499244,213.03711441084857,224.36247426106783,184.36347975485276,209.15895332352625,201.4682667780344,202.4183136625786,193.6072915656389,178.7485718125535,188.09909820159947,175.27552582406844,175.67883051467612,136.73242891105184,96.203262922693,110.79997603964448,206.445045152466,93.92485841609854,130.6408761029042,0.0,134.4626636491801,87.67561789891789,148.43902019100625,142.1994609008762,148.34162611851772,229.0218316784944,208.67414079138652,172.66779973250578,163.65797048635667,123.83670944733556,141.56432972729004,200.60512824630396,209.6838283595957,214.3868127690289,127.93000162303352,164.40794288786742,183.75511399046297,153.2249696195761,228.92066025898112,216.3952059505964,195.32686194026644,175.2415166271062,231.2307433848033,209.0618570498617,211.04604461280573,198.87078146920345,188.4236677987596,151.54684671503364,175.62241957008,218.63564916714267,170.967490451985,195.7486417235392,208.14693433379364,183.428040679338,189.7574915159534,191.56347326971,205.35755503325325,184.93847866709496,172.03058338385816,203.0919818861632,198.2696056389094,199.6671856632828,175.14675654201773,144.98033662327077,130.78313041543976,125.34424335208786,124.97021814614055,209.62928762433785,117.71678203368108,130.8976042085627,150.72558386439607,114.56303639924388,164.46890576953734,156.82655746199518,211.950183852904,160.8821043509948,207.7728846054679,128.9295029418151,148.70642385408513,202.54363319871476,202.5952778336255,158.57628541964783,193.26470140386044,187.98941850961472,183.83749589810049,178.23771473307366,182.4190444754988,149.87585042130962,164.50240767182356,157.66711320327423,197.81079348094812,209.3720866486967,244.37865331503392,226.30807659344077,216.68470299592892,205.59403017322592,198.47460464449875,188.42814919714615,187.384339318709,210.48488568540057,184.8549011028116
210.6362087882689,167.4295379631102,207.7183174641248,149.3695416314169,140.63500008704938,159.212761052088,182.0291853723053,198.33977975499283,139.78628162751767,180.30440579650823,159.17728453334513,160.38774755422236,133.80200373370485,142.27651481833902,122.45337795554023,187.9080615513038,144.5552168346155,128.84708378652118,134.4626636491801,0.0,120.9357549924732,175.59268852065605,153.39978172664,130.19934944595872,231.25622510443876,214.8357792085388,168.30227569572733,162.60838981251936,97.29229810282884,138.08934974200105,198.2382401450309,199.09883651673005,202.0085015526101,134.7005246235226,171.96783858666896,125.55943207308808,142.8352641506487,222.6533185727193,198.10098506134847,138.40725596002437,126.6074175196639,210.30448690352864,193.74866652031943,203.79363540926917,197.705409978798,185.42419661386847,148.65797664673727,174.6472306545969,170.7260578743668,124.2392975293072,194.60053835547143,203.46694596150203,178.67952778677528,125.39019746575434,161.41054286819804,173.0173858187007,190.5622612265178,139.30840799303445,192.76910279027143,184.4794544053381,163.91166975039533,147.16368252602206,139.2096833904779,142.50632587988494,136.96466799575984,121.71203502124806,177.91415227852622,161.18652518472993,143.00868075874178,142.05119859017907,102.43407919559142,174.64105077324132,149.48428676252507,160.97287364853184,166.03304959613644,200.78499804161464,102.14924439741114,144.59073750545318,188.9821961894712,205.87526220515724,147.23650264482882,147.5807273261408,190.54390052502117,193.98976376896724,167.60796624883542,165.0758024207197,139.3747709475744,162.41722700785925,98.62482386783644,143.16770167485993,206.36944706920804,244.84276054277103,199.76664733107543,204.91353021918223,194.2343797381665,185.64073622864123,184.63204392238384,177.48750216097477,144.01443211616595,147.9730569469464
211.85663012048573,212.1121944468185,230.91590846444169,183.4182316447172,202.3043137627516,210.9638809645469,210.28483281009727,202.7406145685839,188.9976896800331,203.583347869889,189.93826740210432,194.70955738144505,140.76637527612294,84.45636806850598,77.7569943813757,213.77071939930357,121.61106614713856,117.03108646269092,87.67561789891789,120.9357549924732,0.0,159.00098940345663,122.09323291808272,161.57148374545503,243.19313452529303,223.8080573874263,173.4102461821152,166.05181210159114,109.60473210404471,132.1937525356377,200.35804112202965,204.8207301221308,212.06543825589264,127.82574880502688,173.48798360608623,187.99127251294752,161.94324679906458,241.2277876965045,237.16263399622585,207.28497225136704,184.02374161516272,239.81505825654045,222.74244515661783,213.97772510984487,209.0292928897555,184.09794743024585,149.23871262278146,164.94292628814196,222.68117185492224,187.0905152870825,201.1031985035057,225.13138910227767,202.31999180238165,183.22621641316064,203.2072741568748,213.8886339785841,204.5072809489073,180.37966825508937,220.8554097657534,212.52223291748885,203.9212286448316,162.57384310746752,135.56527591482438,123.43625761831716,98.25395594340034,97.67065663225016,209.5001374142201,128.0135457377561,133.80569462538594,139.3327357475788,66.5347326965733,171.14201066389575,140.6534256510737,224.0749044222752,172.39324892665033,220.8979999660743,106.38677835968662,135.20570620070777,202.22576931254284,197.7844055969256,162.49039976860914,196.84230868829567,197.5602648270508,195.5591987892667,176.98279009752474,177.54582525843907,150.48999060401692,168.31862709006327,159.13337954447763,199.38181774500464,212.73046041430985,260.2699935116965,244.44859650794805,222.0147850290563,214.1986717460191,205.2607235847001,185.9118646856389,177.9385599105986,214.04817683343924,196.6536107019025
