0,1,2,3,4,5,6,7,8,9,10,11,12,13,14,15,16,17,18,19,20,21,22,23,24,25,26,27,28,29,30,31,32,33,34,35,36,37,38,39,40,41,42,43,44,45,46,47,48,49,50,51,52,53,54,55,56,57,58,59,60,61,62,63,64,65,66,67,68,69,70,71,72,73,74,75,76,77,78,79,80,81,82,83,84,85,86,87,88,89,90,91,92,93,94,95,96,97,98,99
0.0,209.39499324161983,198.59104847348223,189.8003363772204,171.96702409283313,194.72202048257665,178.86171115289983,185.47884757770515,206.2408812860083,195.68983369775967,204.5713638293052,225.39216802710024,225.80788405006604,223.22257899678905,218.0736049010202,182.33627720928524,221.30025809873104,180.96915014868208,236.74396799756556,172.33276947087916,208.17940892962696,237.6089770490942,192.36218373203195,250.8969859343333,199.6286552727996,243.04463551224245,219.7240735339656,235.06767658228665,215.61588336432092,251.2483600581409,183.89482168217089,204.04296701554625,195.0733832813897,221.00333775511885,227.63986968722207,206.054725007103,215.5310650819212,217.23350047167543,248.74715038167875,224.36151166933075,224.86505965227343,209.93732611261865,242.9524013775549,183.40845132492208,200.62306014588432,243.14038819620677,228.35635710986423,182.88934332514827,175.97262309839093,196.0266373894303,142.986863459321,196.984497881668,192.10220916399285,200.2512255177513,192.94937409945533,173.67139377171827,185.2643483576216,223.3419274665609,200.91076834771997,226.4976492883864,237.50859054355044,207.53674928101128,212.5956142803102,218.88370514522245,222.97023936821543,212.87732025050053,185.22374834266745,217.19507497950892,240.67704996740915,213.37665264085803,187.2634351734779,245.3379566297508,211.91140132571505,214.07142438305863,238.66700927808225,226.26524330883208,225.30163379508437,232.29345803223583,204.28560153710535,194.17683032392117,241.4137713408796,256.9046514700384,221.26363526159503,248.1828516392893,206.3069537948603,232.24985998863605,232.51669255320175,232.65607584774472,209.24770504298533,220.7991578278378,212.8545593055427,188.9038411776623,213.4580602021029,199.946110197326,217.99145357814444,185.0966257606746,212.6656346395132,202.56060999015105,169.01427963999447,206.0266428051777
209.39499324161983,0.0,121.63051049387025,81.60313143373112,109.53723529293312,141.12976834420334,172.01997242392196,126.8855499981372,127.8450514786989,182.8800691667697,175.91360051121606,176.35421599744808,196.6569285728133,195.95891093519708,196.51495830435005,151.4934873590947,213.112729015822,220.246283314558,221.35224840307123,223.52387195388988,231.2721490514604,225.43896230137523,227.04617859565892,210.84096567274955,209.26325754566997,214.0945564682503,190.3774599001713,213.60117939506907,214.23340906186584,203.47376632795624,199.36902769267675,146.0379085359969,168.09382001928583,226.55386348048825,215.42315366891924,172.1813382224231,201.7426502073876,186.7281469730551,195.03488929664653,182.75936152137808,211.8645919902925,189.1884181899709,204.9454427081976,214.31979700446388,202.6456802080948,215.8062755666078,206.0962537115224,225.4550131351901,209.4615160319844,193.3067501105807,177.79881708006164,84.47667687992617,133.37562293551343,114.78961598347875,127.94746416002252,156.8283710834496,139.09659978231798,134.88367792834964,205.7470455138967,220.19420351018653,213.00922022026725,197.8862454310969,186.96770392255053,192.12582822693676,201.0012739158569,191.10282610149204,210.45172322788488,223.54087230323205,214.39205187121,194.45395900599328,231.698852515947,226.70362076541525,234.55874865726736,178.50109571291352,220.787965398787,233.24408286537,222.7436298568906,223.18048183434928,194.70387019005156,145.5432477240513,213.18794796829357,211.0151419314745,190.73703936429465,213.77566537632893,218.4095207871427,201.7321168291263,200.655344562122,220.63972376434543,204.49575157550964,208.9747829703429,193.7337653417899,190.34832322502572,182.1233921287756,202.5615127352059,221.28264711403023,209.71946886224217,190.2700150286325,228.8289082220161,213.3465530368889,194.151484592792
198.59104847348223,121.63051049387025,0.0,134.9948008717745,142.5862893212512,130.48411210909234,202.7101732052104,142.69089973346013,147.211251309518,192.7786458384566,183.6043997728636,168.60058360760092,192.5272109860424,209.08738391258956,239.13083590073927,177.41443511926673,205.92284326829952,239.0876449810044,239.1700567929392,241.5619434867507,250.72687316026588,237.75580678071765,242.861769103288,194.19273060043852,209.57863956462396,193.31620945345955,212.0588389036731,204.54180543880676,227.5758904287017,200.04980646590403,203.8573320553812,148.88258062038585,188.2828162030602,245.0355611396257,247.0349511122361,201.0461712092313,218.3465183332366,185.2126523101093,197.1440249537315,202.26519407982312,232.38272515386905,189.62863737826876,206.2942205502627,230.8593545093896,236.53137344339643,217.1202658251464,220.35480765339935,246.3261971912186,212.8957338940044,221.88878083679668,195.21456210964487,131.9180202851491,182.460419587919,158.59703363202476,128.36946483536732,147.61627900146212,159.24750068891632,161.46225250572598,204.42869448610733,214.41954617102067,178.4750957204509,181.3578246022728,197.45536055905023,207.93640225362665,227.3887689304854,227.7504649655133,227.9834830147547,222.2816916655094,228.98929877798125,215.2665673771777,238.3966190750949,228.82274017882293,238.52114067788304,199.26891149439467,195.6132821923096,202.05154846097577,217.76505294055804,211.0478892080576,190.82165198480547,160.60797509913692,204.6419250386632,225.8751958556159,213.96656604952415,221.7555449272615,230.2446208556312,223.66090961225888,220.06844276178225,225.9370150745657,229.32264491093176,225.24636405783747,210.1178517172233,185.43201760488316,193.9009489895517,192.09486813083285,211.01390600722496,224.06647023933007,216.2672066680871,242.84743285093344,224.51145846592948,222.6019258500221
189.8003363772204,81.60313143373112,134.9948008717745,0.0,91.20927910107028,145.56823749463018,176.30517114540802,130.1097578291819,135.81202859135132,178.2542761157145,181.4498644200916,186.90197944543476,201.6441509207121,194.83435862838883,202.91975602355328,159.6587827739946,216.5941421256969,213.6899232885364,219.61573918245816,220.2256113040829,225.0088909995341,234.1827058643504,229.6768544182396,228.2837998462894,206.45230014621887,229.0917038961648,204.6048248561644,235.0354821144189,225.31151516950197,219.14362999721035,194.36726485096332,165.40354522519425,173.567029434426,233.672795676792,226.1840575713005,194.0089727678465,217.4826758708845,193.79008917997083,213.27637427286896,202.0988610097939,226.1249748472493,194.78084426466057,217.9868195739403,200.788555577609,201.29192884949083,216.39834102100767,220.0567317831793,218.9435349731964,205.67954111440807,193.4748727979541,169.98112703921475,105.46133272200422,135.55016850889257,77.59210753611285,129.98604168454094,149.7965802201167,127.79019091453502,140.17852210148126,203.15804005955616,231.4441150342357,226.90437483167537,200.9138308875506,182.63051157423692,189.8031582679738,215.7307178477108,197.95960328391703,195.08624097471795,218.4028560910504,215.39032855240475,190.56151917246444,225.98082242649537,232.81939432890383,234.30881335007723,182.93855939783973,222.66051378953915,240.64558995446663,233.9862983127598,235.38124581901275,194.17794639057468,160.39854177905045,224.6202059508888,215.8209719879181,196.37888485796196,219.46898248288795,222.5953389541013,211.4858152402865,211.07879997906176,230.36846917338093,205.4068177286718,207.83490133911263,191.7843723133101,188.61074245559269,180.9840331689917,213.91390436974388,222.2465090076551,190.96453368472248,181.9113841717565,216.25444703612928,208.53440750017867,181.9798978421465
171.96702409283313,109.53723529293312,142.5862893212512,91.20927910107028,0.0,120.35412333041394,172.3418119095041,150.4290556473062,127.09336801134666,188.570674058194,173.319935693937,179.21416143329287,185.13408994223212,202.13927776933525,203.0803191406461,166.10939053375813,204.90270261520283,217.86466302507432,215.59103884109916,225.22339641815907,233.13815962484688,226.6018054386982,227.91340593368088,226.8336968830382,205.48787723604855,223.45838289381228,217.789484335361,218.77913839611327,235.1895611061177,212.29349572968715,166.73454900635653,159.32191946506347,167.32647986099556,221.43858968580383,226.175977783459,182.75046235713097,198.0013535179476,167.13945086558036,202.15998221513564,197.66792015997777,214.01438293559323,173.71679584315788,204.4337363212071,188.1684453278761,191.7178990267265,195.2015705873623,199.93292893972568,222.3235359707527,192.0880635961554,180.02230688668442,184.2189527815136,122.23822673895492,156.16000947070498,99.9277691840784,96.94905772133065,145.07554663241643,148.7867939038191,146.4836622288601,215.27049660066308,223.1801505279545,221.29206276422477,178.50818322714858,183.44986005234975,181.4144624352309,208.1519170033388,199.12085367956035,193.2369766893057,203.44177676714483,219.6716359755003,196.1932446044809,232.45234514680016,232.3596309104775,227.97047578256817,182.2591174983059,228.13388003044588,236.3656144477017,234.45781127482496,226.60009803969703,193.6272741234607,163.33876839952023,232.6273479774816,218.76228490603364,205.1616249574312,224.9492365826661,236.75897379604208,198.5539046903872,201.23189283068476,224.18965403173985,200.60617279149704,211.5252507082415,172.3917809303633,178.10773846278326,176.2187500514503,206.0490804791186,210.0456615081269,198.89589702899252,177.28712152655112,226.61078763132397,204.464432681408,176.79693738355485
194.72202048257665,141.12976834420334,130.48411210909234,145.56823749463018,120.35412333041394,0.0,181.63881789667565,155.97012429207723,92.97085858649386,192.0579150328261,163.04120765282357,168.03056628092298,192.42042940891665,192.5094268711116,197.3056856572885,196.7002428525825,217.92993800022825,226.8907399220693,219.9479877040626,223.50939742587812,219.77083167994527,232.6637388382381,235.6993762576726,212.7276449143444,211.6466841828285,205.0118683980711,212.5359444736157,192.5943996497785,210.54354140666052,209.27994908713137,184.21510637411,154.69716518288118,192.18863915947543,231.46366630132303,237.87629517916156,174.11714828381815,191.22144347024164,183.37665515462004,198.2305835381233,198.5889583382995,219.57419169885895,180.64526999827584,212.79231480235893,206.54571917361412,207.3032262735574,206.3675636866012,207.72299560180392,236.98713573393204,182.57940833801624,195.22781540214092,195.6238173441876,145.22729288068206,185.74951550936777,132.4322944760353,68.80763768810189,92.9695672788906,180.52034119884476,120.48266682120088,209.0735645219821,202.5701344963753,190.32970524196168,180.0889743662346,194.0637444708417,192.1486999080973,211.62287839667005,193.87197301402247,212.42158789727355,220.3259788379402,220.7034616896064,218.851842003331,216.55587362831764,241.2865080939028,234.4437500162506,194.22217844620212,210.67401117096531,209.9805776808921,206.9233818945609,196.62641016368548,200.51481682427507,173.25827257919315,219.8390975405851,221.4933607478813,219.9936149483126,227.77099193207525,232.9804288110737,222.8211846973165,197.3478442128947,210.6446941024078,196.01204724862208,218.9263690860275,199.74670701915383,187.49752111762564,195.6682519067121,198.5724468662153,202.21421405328533,216.01551918070615,207.5854343487688,229.8333134796761,197.25462958839205,199.54439447099296
178.86171115289983,172.01997242392196,202.7101732052104,176.30517114540802,172.3418119095041,181.63881789667565,0.0,177.34932654615477,180.39395195394312,183.66840454400185,175.1644690330475,193.6729596361476,228.3164287144776,198.31750602293323,176.1480730424231,160.36919936616366,225.40038417108173,176.791023856244,193.14827672618333,144.49434114408947,177.65106256676012,220.49859883533335,194.43301168814355,227.3940018078824,221.3047192656184,236.97310406015944,197.2223998301579,226.96196225388127,198.060918384264,234.6590317901837,203.456943561579,209.9899024352638,202.00223226134003,208.27799079790316,193.60406806158412,185.90959030568,213.2961094492049,185.3841779757318,210.57154450480863,171.32064181807465,180.94462083611765,223.00243638588452,227.07289696107696,184.8679121440366,194.28205841499195,221.4424373452745,212.44957297301963,176.54714573910528,168.1681374484631,147.5775875266326,169.24554094231627,167.39326935134218,139.98101600006106,172.89544162122533,181.66088469345888,170.10756827684355,178.15333737569424,201.65697557956335,196.5745437772877,228.48428323556675,233.3435930178369,223.280758031367,215.86914408464995,181.87207554063767,184.2246874440779,175.45554492253137,167.79983564323254,187.46119512038885,207.42397204058585,199.3055929324968,178.1550952437373,221.6749235718861,207.6010761943372,170.68958927890947,221.879419851532,235.53403350628088,215.4462801303416,218.17528277152533,226.404006886202,192.91831717367933,221.01978203125384,234.4519457530216,212.72574015876603,238.64483401524035,208.51293580297127,220.48490262881285,217.85438730189483,219.49245631517636,186.1691165144257,189.30166893651543,194.7654059334674,191.64312101790165,182.51856269608737,198.4567859630081,217.73440941119455,187.13141461305497,200.78584251464375,203.96995445276443,178.67637658553068,148.87294306095708
185.47884757770515,126.8855499981372,142.69089973346013,130.1097578291819,150.4290556473062,155.97012429207723,177.34932654615477,0.0,130.79207195338424,162.0987339271879,179.1150310950399,172.7214121210155,217.5062730266848,194.55314053324025,199.48981029386712,168.44034979024744,215.0486096930411,188.85653169127335,215.53651999788812,196.24332293632995,202.5208819955123,232.7203687970512,211.916829771065,208.2125872042189,195.7826762081141,220.4883849706473,215.2624885041241,222.3238021238635,188.7783473925171,230.6939628630118,217.19623502321585,188.91977211754727,200.5352845968357,228.79512839018943,231.0060393403025,199.08820224579412,210.9309143986386,215.33539509665312,233.54046756242408,231.38794360601423,248.2187206258954,216.0083944395971,235.1607178276596,198.0666318059223,224.74955334303343,250.3377645990575,251.24508198343548,234.71918851647743,199.16312694095475,213.5067662909884,190.1645483186649,125.62452105436763,131.77944841366337,156.095218504141,155.3840546670788,148.04068955601025,88.59581069145233,123.59514349079105,189.6620240187949,197.64011063680684,190.8366076206669,211.25851631264305,161.74482147009718,189.17193428178564,190.0472100043624,193.17689136695796,209.10233010135107,205.19199010806267,206.7388192980173,170.8470641978049,185.58210198858765,214.2447448656377,223.0438442504584,199.99028551595785,184.64255348325167,209.23826033354223,194.3913145435456,223.9559587709504,197.93205064452607,181.44809090246488,197.79563333292447,219.82690694831416,190.7525824523524,204.7349782801697,203.88489416763548,234.18028187840395,204.4071461026793,221.4483215427196,204.6730895911773,221.04408396872043,216.96462258484823,212.34460922463643,211.18411334129712,203.83989989630712,231.6428808032456,193.7457366841456,223.621226158009,209.214025127043,205.0281340368674,205.37708363107723
206.2408812860083,127.8450514786989,147.211251309518,135.81202859135132,127.09336801134666,92.97085858649386,180.39395195394312,130.79207195338424,0.0,176.80612522814704,167.72067743503237,170.12507864196962,192.5926243191261,173.6765041929836,164.8142984528638,197.3589204261528,227.624578269448,216.4348032316419,206.7001336481363,225.1895674724402,208.08552331732716,229.09905300936867,231.60375067582817,232.06483940479865,222.31646765928608,227.3437425874779,221.9892308793736,214.46965769088115,211.49341545773717,205.69870997605943,196.69182931464005,189.488463255154,195.97502788441807,223.5343775098237,231.57924175529809,147.47459026996037,180.6663633778932,184.1701531677276,195.922711616996,199.37819062386453,213.141164019315,207.2242347625748,214.4427121327805,194.24089726882076,195.1099136252974,212.333412721448,208.5377925879172,247.85565902555567,181.0521944731857,178.1996919067997,210.98728879792264,146.18886315525998,177.93015961807134,127.23470506983816,93.82783213346606,96.75270221620087,164.9763829361658,69.73902987542864,203.7073663912127,195.88031938923515,201.1707604600808,187.51709798164023,171.66403344798522,173.4481025443667,185.9120092316021,153.59282894732974,218.4236743863181,213.83940761551676,212.34158764211455,202.3897859011232,214.5851840673424,243.8432760745709,241.56691745688255,205.21913728795204,223.23683648073276,232.62473572315508,219.1433547325464,219.16549758631783,206.06789022589965,192.71278224191605,238.74615551495495,211.0053368127033,210.3004566781764,225.3443356413057,245.33413055275184,240.80801100396815,189.20633441929624,226.3948478158473,179.84504728705605,232.3575146692145,200.02160270130503,199.18006118980932,200.16533483170676,214.1262058420411,234.78583077333724,209.2945264126065,224.29749834268392,239.45933033365267,185.99472460022048,182.3401121420465
195.68983369775967,182.8800691667697,192.7786458384566,178.2542761157145,188.570674058194,192.0579150328261,183.66840454400185,162.0987339271879,176.80612522814704,0.0,166.7057581919672,171.70325025954412,196.57182461006423,183.5586251097781,185.9994268679076,195.52045479628936,207.9729493045392,185.0243680035662,216.39663069989655,217.25541777454032,190.81446492615916,204.44964983075525,187.5147565820112,207.4989014605278,192.93926391022973,210.82007822412004,235.94110587054772,229.8802553247297,210.67407576319016,208.51915610173185,211.17212272594816,214.58531941241364,195.4159899673753,217.669253529456,220.878236182183,224.5384782275283,237.8795730904013,210.3704765211986,217.62773995606835,216.57400728231545,224.79300460052465,198.2345714150944,216.4103422238473,219.5176228817631,220.45265097421236,230.356977318614,233.34586266510595,233.2892952219997,221.01145748144228,214.0473480577216,199.7772430035625,178.77255676408802,172.4399323149254,179.52861243043725,189.5786264669505,177.67401821653522,174.032433536915,178.44461532700694,125.4416139124585,173.77060257530525,203.61386330356245,207.26800371468576,169.96968404868431,169.6816581838226,186.95367483257127,173.14272444266777,208.8854996803458,187.0198059134872,197.1175474906435,199.83332104449983,202.93577270245885,209.3450138057057,193.28627072113449,206.24326618764263,194.43298862754364,208.53843707023637,208.26928756612728,195.14877272023105,211.34244069998752,216.47472540714543,220.12341391117263,216.09193702034645,202.1768334924566,203.4699975370576,233.87275065342476,225.5772593833153,234.200174783538,217.65187116016105,228.9233084832968,240.9124009607833,195.03803557681147,212.04478951552412,209.7247818764128,209.15938300382027,226.2543426580279,212.7782518351016,209.951069329908,209.05101456022172,225.15619074833543,210.40022559462568
204.5713638293052,175.91360051121606,183.6043997728636,181.4498644200916,173.319935693937,163.04120765282357,175.1644690330475,179.1150310950399,167.72067743503237,166.7057581919672,0.0,132.0590648790094,218.00290918153317,180.11844188264504,175.19018006316847,210.0023656959613,213.09230901565024,215.69823359684293,196.3637037940537,205.06328628709235,193.58053229628632,238.1297688389316,232.5760649911694,214.177396670194,216.01414134738224,232.81553154303413,229.23714657006985,219.9873898084589,197.8738224003364,234.46493183682975,180.06019429300414,210.9985584984139,211.1229417853014,229.5623822293236,236.06601127732264,182.7348674326068,193.14493157055733,195.37895267632177,218.61475340015,206.008951242337,217.32001178841884,175.5514703628623,239.11351882743463,198.62016940833416,201.5155302136666,223.1852288927188,227.61782733288635,229.14140649642388,212.08376625745925,184.0242631915376,207.71882216732627,163.98705533895918,179.06850408192057,176.04789180645662,153.91153886107577,181.2026562318914,178.68584927248975,176.01673827273197,188.39550271890528,167.50690948591745,190.2623936022486,193.59920457616087,205.55258044926336,199.72462309292945,198.61486871338656,175.84765817159914,211.238685065839,205.3941535673956,202.4051444404272,212.56824697245128,204.12685517153108,240.66521875348155,243.1911360419022,211.357623767312,199.3934067175284,210.33810115917368,207.82759887656945,219.50133895666545,192.56878471828657,197.5356965552732,227.54070444116732,219.14000726086329,216.5064950695036,219.90859271246745,243.0799000528501,239.11321228493844,190.41215580028435,205.94075741642752,197.57658413406728,218.37706837710252,191.6196441779528,225.2420481098036,214.7556807638726,176.51531147132283,223.31203322892063,189.54990999844185,213.78237014982244,237.95243633733304,216.9570527712025,187.2970094117636
225.39216802710024,176.35421599744808,168.60058360760092,186.90197944543476,179.21416143329287,168.03056628092298,193.6729596361476,172.7214121210155,170.12507864196962,171.70325025954412,132.0590648790094,0.0,192.73018382483772,172.0952513132064,204.84259521831683,198.1092068251592,164.40853965904142,234.59058850904376,184.31156309898637,225.65548565226464,207.40941990760373,233.76882693285012,234.7445032150838,150.48361162576475,186.6483316728012,177.52037050335127,205.4303555088856,180.62870397270632,168.31649770754822,215.385405900233,202.9584532718157,191.5815913571567,216.9802863240976,243.5481500495073,242.58065127504392,199.6636017302879,189.876928805234,209.29926238452327,231.94215757509227,237.73778879764805,251.3883486761598,180.14127739944826,230.307559359696,201.77891771686552,222.6293706511745,228.3790007124789,247.1888024821345,252.39284350422727,225.86800117057905,219.78975668724684,222.7759667498396,175.75924062149107,180.24763640789567,189.3586488081221,161.66339574615432,189.76781489728603,183.82089424928225,179.85444926484598,182.5715716048817,140.7468265699453,120.03920110682608,189.64144792748183,167.14813688856322,176.53910335570922,177.17277017884405,197.48639132232896,247.3162562808845,175.90721137386686,195.4416752070042,220.33413153263035,209.17981666423304,218.9530653244572,212.24737678980532,247.0910715537728,143.4142903723947,184.60233311524888,161.7600122743334,162.46821273841852,196.188882381542,198.07617011300067,196.901532786056,238.08267938501973,234.4002367650567,216.79313579277743,225.3647754766733,255.3952063121733,173.06849360478503,177.5568612490988,221.3429157878561,249.2102533710558,228.1200941890397,235.3199498880556,244.6052804428224,182.82917835065888,219.7732741292359,207.39936673095843,225.29739686268545,244.98455807336043,233.751930899825,215.86128318018376
225.80788405006604,196.6569285728133,192.5272109860424,201.6441509207121,185.13408994223212,192.42042940891665,228.3164287144776,217.5062730266848,192.5926243191261,196.57182461006423,218.00290918153317,192.73018382483772,0.0,196.46014661842173,215.6449444000001,212.44291798223867,191.3192328286949,235.13538370486563,228.56988147957105,268.7866097587778,262.10355699648926,185.591137832942,203.20812166280487,213.86755553086425,237.5964294078372,190.335140409371,225.8449372353164,180.35711939753617,262.4115128085561,125.57055701359022,205.87295473701687,162.94259896170777,176.30102979808578,208.9892379534081,220.7612971033145,225.3696201926342,215.9635309241312,158.35603768274893,155.54833959632367,198.44053000327503,210.95164399491267,156.54347846321133,135.42944922747682,239.837488476486,222.9789003799192,161.07845766825346,176.18624319024755,243.6168070475209,216.84409507801143,221.40053091391377,223.5792774708583,193.639035597677,230.42846086070367,197.6336407591651,187.7132292774727,201.29149243479495,234.3556800477922,202.87590544187697,209.43292644224465,200.94515550844136,203.2073728830448,105.80380853770234,166.13766102965843,174.12398832510038,213.20506152739915,200.21274214862768,233.1697217697701,197.63797126546305,212.7358084514216,220.9968801308619,266.73798637924455,187.3438143473968,204.90123887116837,227.535933075249,232.21649758320132,226.94106300470088,243.9457251549361,168.89696501221482,204.0327036040833,199.95241116552745,237.79575459464928,210.05221540119857,210.9668039005823,200.05795983313192,251.3895659776466,193.31585094400637,218.71565458105863,210.41155875335485,239.98107359048043,250.9460287963884,172.44166138149302,174.24210398883378,190.42187476977904,200.21104894649835,181.0182007445184,240.42221407436352,180.1945463330567,236.27006315291104,221.20707088056295,231.2901304051528
223.22257899678905,195.95891093519708,209.08738391258956,194.83435862838883,202.13927776933525,192.5094268711116,198.31750602293323,194.55314053324025,173.6765041929836,183.5586251097781,180.11844188264504,172.0952513132064,196.46014661842173,0.0,147.16030584420508,228.3034269316497,214.4478421804745,225.65209172222765,152.08445875655798,225.64679708453767,182.1469597277627,226.96389388931567,203.017751914171,231.89639007181967,243.1901298943074,240.5212846409475,233.88572403133307,223.5880410151049,211.8277512020341,205.72182406131884,218.4412826219775,227.391385626263,221.35242315089613,239.424985356738,235.00559026883576,184.41552444990123,198.2388467167654,199.0576667935685,203.0467277813557,213.754323356998,213.15231351959685,188.49675917932163,231.8923643696968,187.6457095569154,198.97552929537557,191.69392085146148,203.14867814886355,232.01620284036065,189.7253493799111,170.46106048134698,227.60883039598727,202.93446320109783,199.47458414121104,180.09631660601593,196.2304919984648,182.79110741687947,206.9630196759586,182.40176208085285,185.3014963622344,181.664523751123,206.12725702338537,198.33474809278695,185.8047751158544,167.48818925497682,154.4295216506876,151.63990968185408,214.70280769333849,184.7003157909176,213.656917602441,216.92423243944395,209.9896317338516,232.3064327706228,219.68086549951897,231.52832089053183,223.4416496397784,238.90354356508797,215.19735919041145,205.36377353240908,213.5769147000774,228.115160788168,246.000607667723,218.8849613394497,232.0337550639456,236.3408876186529,244.5230183300106,248.84345994949416,190.08936906409423,203.3471997706456,204.40286953471616,250.8848035962561,212.56248736274887,234.07594969548,225.13313842205852,210.2965745442155,222.70474236609877,194.5036000494443,195.9539763994323,230.5588996811456,194.7127377638216,176.58211672753112
218.0736049010202,196.51495830435005,239.13083590073927,202.91975602355328,203.0803191406461,197.3056856572885,176.1480730424231,199.48981029386712,164.8142984528638,185.9994268679076,175.19018006316847,204.84259521831683,215.6449444000001,147.16030584420508,0.0,195.73610310083728,237.24324079395493,185.2265066104954,166.75656816129083,181.57308274636128,131.538250456678,213.2955098125231,185.7013815634401,243.66049827777385,245.5991072151633,258.441688707158,219.3042164084638,225.96417366983,176.91728851891952,230.04345104163625,216.7558721709792,232.1765198335111,220.34864400712357,209.14391501308552,188.22312889564105,162.57779016670236,194.8046162485268,214.39810356665885,222.19051056628783,210.3954015854033,201.33365406429027,223.40881173410503,240.04276567033156,195.5169187490188,186.59322921787083,223.24284842523628,214.3040180822123,203.637157295532,179.4424046140826,164.09170127013357,208.67013061280628,205.78986464362868,179.8838067961247,191.41078958046563,198.26578347685063,171.30979895527813,216.2083858526017,179.8263523491108,209.6154592252408,212.9954097450914,238.66234344973685,202.30566703881405,203.17505361553745,176.76970333799704,143.8370885624829,76.5956312013681,204.3675572915187,189.5913347194802,192.9495329597719,209.67443227806427,165.86185609672833,232.8154173260781,213.5851736153688,208.3956162721875,222.33093380638235,253.9723721276992,195.69502199082768,226.45292363667264,220.5682028506942,213.64361780183444,232.15912659501936,217.8522641456451,201.0697065342572,219.00196581546948,222.09018299364664,226.79752045114145,191.8334640607625,213.67992772700032,168.96541442659213,217.445634940579,216.9387787432561,235.5921686961565,223.41129697924583,226.9245718250845,255.05463376757064,206.95122834000836,219.5994436128451,209.3511157029885,169.24041755400322,171.28103541569044
182.33627720928524,151.4934873590947,177.41443511926673,159.6587827739946,166.10939053375813,196.7002428525825,160.36919936616366,168.44034979024744,197.3589204261528,195.52045479628936,210.0023656959613,198.1092068251592,212.44291798223867,228.3034269316497,195.73610310083728,0.0,196.58910237602413,165.36536598972486,217.4936747931514,181.5875067305634,203.85900024743395,192.1809062774548,189.864029767486,201.17251764250076,202.4561619010672,205.49440550976303,182.7466200642156,210.74567033316785,204.6536806727032,227.76329522359725,216.8195479821931,145.7440939668342,164.621492372389,174.97090527649988,172.00416419755948,201.46354058148884,222.36449837661547,213.47942131063743,227.32675758645527,208.4403359843331,208.82143183393816,220.8386979562212,212.9203603866777,233.5104905278245,212.7780034029015,246.0975273300191,225.44696960679096,189.26012589474252,201.45206736533467,218.03212842557437,145.09865474031403,157.59824859352585,134.5344900884951,174.42915227476846,188.6455705868548,184.3424476502433,170.3775003671191,215.87975567335647,219.61174358521552,243.2146076969092,227.6399153603276,214.5847136649478,208.45525293811156,200.88617984614456,209.2475540092545,206.26924146553796,194.3039577376944,203.4751206045899,195.72024101281468,175.83255418435706,188.91203060500305,206.54122540155348,194.13367044959173,200.14588743781417,206.02663181201945,230.52523688125888,208.4379994799429,218.0294852457836,207.2308954300368,141.14611911695587,196.12257429939643,230.7233387553801,209.5336475403265,209.2526023802241,190.82519109490505,210.18876878906465,228.98131235782108,222.8415516333069,194.09193160311412,204.18818179852,214.772470278424,209.02957247652225,202.6212906277773,214.42260260906147,229.78862681530245,230.55821329500048,219.51807018045676,188.51368286838985,191.6028009766133,223.08688371304123
221.30025809873104,213.112729015822,205.92284326829952,216.5941421256969,204.90270261520283,217.92993800022825,225.40038417108173,215.0486096930411,227.624578269448,207.9729493045392,213.09230901565024,164.40853965904142,191.3192328286949,214.4478421804745,237.24324079395493,196.58910237602413,0.0,220.85717559933616,190.78384259382432,244.93250771324915,226.09757449170317,189.33293198690149,196.8844258981959,155.65560289901543,190.79337894059205,169.41785502480184,211.33830273611807,188.06921409892607,198.30977445542092,219.4573388027308,213.6596560536351,202.9251233107751,216.50622291884608,214.12511255724425,204.57076831040507,219.46377121182584,212.7023791084303,236.11868983859844,247.7522272729308,258.9378514227639,260.9084741672993,191.14639225385665,198.03975854695705,217.07193516678493,229.2519718272836,206.56362796439453,237.12280595031416,235.940587333262,238.47609477778803,240.4774158633575,235.0148661370213,221.85634347016048,210.3109943513588,229.9685795778144,223.35289618732344,228.44732118711912,228.0579954905213,237.8952544033044,217.60795078727887,193.0638968405003,184.96891011026625,207.00991379251,181.7284150038469,187.40408042311583,200.61221242467127,226.2397674254192,263.4640785868739,171.63151706764535,195.6006339647703,218.82623446497155,218.7950456923832,190.55263732017107,157.04064030214616,259.60700082492286,163.61359646526083,180.3422507464805,181.40040828282773,175.09677679376802,209.4417143515205,215.49323370301784,207.7776942086352,257.5458056239203,247.4538159162541,200.92712788289936,213.02857982985452,239.879826261095,215.64333246115345,198.3846344099855,250.654022828155,264.6283801543482,242.57918518212773,235.0505378619713,260.750446014844,202.2600456015531,210.1043633911393,215.437655239835,215.79352523932025,227.91497815835328,248.7495082597626,248.2916424527421
180.96915014868208,220.246283314558,239.0876449810044,213.6899232885364,217.86466302507432,226.8907399220693,176.791023856244,188.85653169127335,216.4348032316419,185.0243680035662,215.69823359684293,234.59058850904376,235.13538370486563,225.65209172222765,185.2265066104954,165.36536598972486,220.85717559933616,0.0,178.14011467175152,132.12052524484494,157.6400678950885,168.35429802995745,130.54241878064477,240.4246654693341,231.5179916361579,250.17779137119356,243.19268805583735,223.10233320011736,199.16547979951724,250.6790933858182,211.31227789302625,224.3531579730837,199.388375326728,139.8212628581707,168.09980379300046,205.74544616387487,235.97747851186267,233.9627397050249,240.04980186046296,235.42134489616552,193.06343514245984,231.2313505143591,225.47411045469136,223.0937068791668,208.9033224290812,245.1360159187528,229.3845892792672,156.35873744153116,179.96354604406423,183.20918280321476,173.0305733189975,214.2984921381754,179.62999660553578,216.67633654635756,225.47012627908495,209.1316117167521,189.579623066146,229.12742078673875,217.11376002089548,239.4788054146217,259.208460088656,232.88833168491396,223.3193450335795,205.0736495476077,196.033401708894,195.27532902617983,146.33573460230957,178.27805353227708,174.11775157515194,124.98194471188008,139.23245197724634,206.7123489477156,145.95915321552968,188.99849677471624,238.4963814117599,250.76506093689704,213.5605002819538,238.4939232144488,209.377208413618,214.79938909089304,216.29965929657212,204.65840798163276,196.77478754701733,199.4583226322276,217.2819935296129,206.6435572463141,235.51839842498663,229.91046188650057,163.9895497296838,197.4679026822112,203.46165660613505,228.9620783023203,211.9413022721781,214.0927515583752,245.7345033028253,215.54805320558825,230.7651317159816,139.1749256520668,160.82826847137176,181.4754217725755
236.74396799756556,221.35224840307123,239.1700567929392,219.61573918245816,215.59103884109916,219.9479877040626,193.14827672618333,215.53651999788812,206.7001336481363,216.39663069989655,196.3637037940537,184.31156309898637,228.56988147957105,152.08445875655798,166.75656816129083,217.4936747931514,190.78384259382432,178.14011467175152,0.0,200.57793639177493,153.24022118300405,214.9214003180637,181.27762033243997,217.2474104819143,223.51949876554545,249.4426744812019,221.83781493367687,216.34607254632533,174.92476840409876,241.52435155293472,214.35856116811144,244.3229774633173,234.63157581443903,198.1025873745492,209.56600453714103,189.06254046313452,189.97918087423992,226.77832479926224,234.0144977620767,233.4982723151564,214.21572765619584,209.7639850131776,248.5242979628728,179.37408999448854,187.37652301778303,211.9909105537696,219.0613709689224,212.663328360982,208.45789013940345,173.46008819581743,230.85350922576657,220.15450918181185,188.1161870680206,208.4458543772108,214.7286413207713,215.195799033364,205.6577445232561,215.2728596395475,232.31547076530688,225.1913590638056,227.02886356680773,242.08407389892764,213.8646069272341,184.5048781018013,134.42345862624455,186.9565030345892,206.04574999004703,138.53194627446652,162.92928626170854,162.98548476920143,190.1380667536529,221.4681007608572,173.03082802400547,234.8440230232053,209.17429092036912,247.19657110683124,187.69746538800845,216.65300900128784,208.8414908314808,231.9420020268699,222.31989168719363,205.23955342245927,228.30781693208505,226.31082676576025,236.8957187731925,230.70400652717328,176.31577755108503,195.80898489489124,186.7165271187724,236.2920931120747,223.75754510676336,254.29437784215,243.10074412795663,231.48025815163308,246.0410399545516,198.67627338456012,209.51437721632132,214.32180628324107,212.5571148659546,168.2936783599385
172.33276947087916,223.52387195388988,241.5619434867507,220.2256113040829,225.22339641815907,223.50939742587812,144.49434114408947,196.24332293632995,225.1895674724402,217.25541777454032,205.06328628709235,225.65548565226464,268.7866097587778,225.64679708453767,181.57308274636128,181.5875067305634,244.93250771324915,132.12052524484494,200.57793639177493,0.0,123.25028503733976,224.78336877769183,164.23690578969197,231.32294635101044,225.0847899919834,253.5370124019183,190.91987142316663,221.86867322106409,145.5044892619158,273.86368100582297,227.2534792363233,242.1888279153835,242.3827231557565,200.2479794634555,182.65972974709817,184.69161120487257,218.51623823798724,251.33089764325533,255.3096962195962,224.33386932630677,203.3530302504081,251.3472643450514,266.9805699900805,191.06678473900476,207.59442618321123,262.7613705170529,246.6456349893054,132.73594618865212,163.97055873218804,186.3910938615546,154.80202758040156,222.4319247801173,185.52084901873783,225.45354797014164,225.4374658896344,200.2738729076375,203.42003536571843,241.4915044727414,221.6256038148208,241.68774148005687,251.95678541759204,248.9283772704839,245.4671891911403,224.14165214438265,195.2323788057367,196.39104326959728,158.7686419322548,204.29923977066895,214.20669465644835,189.01168437974732,105.3693957750934,232.66764342698423,189.8957336220625,185.12661560796064,229.30262758604903,239.6009466736797,180.56015190946044,235.06835179796852,230.71202027811225,204.6416739266621,206.54997905747427,240.91245572776896,207.78285192345805,237.52948625260905,172.04898284775302,217.45500224388988,210.8829759134328,196.3291460494089,142.9774610745175,169.5589365043231,239.26197082418105,238.5279759646141,208.8907225772663,209.73192343274388,237.71246838927905,174.02879765476766,226.35248127527476,151.80119088187445,146.8174972662901,180.6859295657284
208.17940892962696,231.2721490514604,250.72687316026588,225.0088909995341,233.13815962484688,219.77083167994527,177.65106256676012,202.5208819955123,208.08552331732716,190.81446492615916,193.58053229628632,207.40941990760373,262.10355699648926,182.1469597277627,131.538250456678,203.85900024743395,226.09757449170317,157.6400678950885,153.24022118300405,123.25028503733976,0.0,221.3900215148232,151.00588415924648,226.72587528803984,218.5884331841068,246.3746117691365,211.31686602859148,229.95438601624463,116.6787744892914,269.17741656565465,228.56618122525128,267.75886915920944,250.5101850292955,213.58389953133215,183.6191707337574,192.83400511125785,205.4711357321762,260.3404293567906,262.74318559036226,245.31096378569669,225.0228617640416,239.9633482659609,265.5280273928678,188.08263943982752,205.90045123054404,252.88581100574072,248.1156747277082,182.6266055627898,192.799976772405,194.3124364035477,193.3314233501921,231.60622140912383,183.80603206281023,223.92585482032703,228.94047452589768,204.25119018509625,211.1443850963235,222.0467977381523,205.0871122390253,213.88346275747037,239.10053678711137,247.57375349466167,216.59485844007375,196.73351364531555,151.93595789091415,152.47131301433097,199.76431453678745,162.78572827552807,177.26917791988333,190.952028571632,91.29754148542112,216.9453982456635,178.44255069560046,212.68703727881405,198.9022825867169,226.3274203787043,157.25592110079077,211.9751386070763,216.80168115873192,224.23312944835305,201.9463246079903,222.3578832652217,201.59331455299736,222.26911905353376,186.7719888731505,232.61928239453036,189.00356839392785,192.10152923647257,162.52488020013686,208.1584887975264,244.10391373861265,259.2953805248718,242.84787072145835,221.5791473410277,240.54643082105724,182.26583740819035,222.8270686610896,178.36597730326324,178.80893528068572,187.92897982546685
