0,1,2,3,4,5,6,7,8,9,10,11,12,13,14,15,16,17,18,19,20,21,22,23,24,25,26,27,28,29,30,31,32,33,34,35,36,37,38,39,40,41,42,43,44,45,46,47,48,49,50,51,52,53,54,55,56,57,58,59,60,61,62,63,64,65,66,67,68,69,70,71,72,73,74,75,76,77,78,79,80,81,82,83,84,85,86,87,88,89,90,91,92,93,94,95,96,97,98,99
0.0,156.21347913025244,138.81826800274445,161.5943244303956,168.4877671915117,145.56635850838876,135.827433110416,143.1174422644939,174.6827736747702,167.28595098485775,216.2951512143616,207.0255912080657,229.7156760414601,219.8456754429974,212.81116229266385,137.85403630847608,251.4378524507152,191.2608635340989,252.2093359607316,231.57413653106084,238.3546615413328,234.26060951255343,202.6650573803984,203.19435068090064,219.5505022781379,238.15187735818523,202.43278052550104,209.90690593059776,234.718547291978,198.43602172843092,196.3301894802572,134.78931463203435,151.476077933022,219.76466340317427,228.4775263441808,163.83565801414613,223.23358472916863,133.59274310930988,161.74497436647442,167.31389888030012,189.03805828279823,251.3137918293618,230.36436955260928,255.3552966344144,231.95176396203465,194.89785140407065,208.15209978184936,197.249079193232,148.54053728107033,182.4365484779988,110.2352262987468,132.34136073142142,148.87801380632075,171.83012786743865,158.98208744425102,147.41614752230402,139.55486381191338,179.17622333381075,187.9987501940396,244.62618817866297,238.9044688113416,231.11228883177023,222.36972634382283,209.89430112514836,228.11184633697124,203.8174396745189,140.18775760425143,233.59756232185848,223.28572842779369,200.4639773350788,227.2083639379927,232.27187205902325,200.7862335596048,147.79117568536375,223.54653408552772,245.87704233579683,226.3323191885442,200.58109827283505,174.37922750778404,130.4918929629331,220.06398156812415,221.01395915472145,243.58629170065512,223.2204851294568,198.82839078658577,203.6202872705325,212.70624398274617,206.46887915368336,172.2734264238773,203.8120551310897,123.6424396663632,186.0193159013273,143.7757855155258,197.20335651536152,248.32395219272885,235.0926316111369,193.54940116027743,198.5084775459017,143.0785159069589,169.64645268481416
156.21347913025244,0.0,144.0285902591035,80.53742712338726,77.77257277018914,142.4928035780348,157.88077292382195,115.14537040370706,131.28905596443818,202.09160619525656,231.9175961696632,242.632828200149,201.08739831998972,186.380558699914,173.30133887212088,83.7172024287319,224.12773655247491,200.21585515098812,227.6525929122439,207.7887469626935,195.50635046186216,216.38288974764637,181.6556091600227,228.89508702991407,242.485796965126,244.02126052494725,186.8133248401905,180.9176637837532,215.8725698962818,170.59024635108318,171.57755357648884,143.79154413265883,122.91974184277493,220.8105536296217,206.84107742423345,189.97932186369948,187.95241838856876,186.0983012434121,172.5894572684117,204.40305225097867,216.5290718279212,241.06433050766515,216.26019934719565,208.9409481079423,205.15046561890813,176.83829727204747,194.79287473799,184.8315475309329,200.90166214873892,207.53410248116856,164.4989319366366,99.49539715804428,114.98267080669991,79.78485199147192,112.02629208335838,168.98057393628807,147.11546674290616,116.2984419991386,206.18329948719588,223.52746012614452,223.09213758892415,179.7589184878786,174.37343152577398,162.99671044186726,184.05737761190807,167.17549513418757,173.64695516312227,174.0447390627563,193.46242180478316,181.6753276467468,184.17893288327727,186.4689869912401,169.21120938835435,196.3824471927832,207.18242104162687,228.10761801455985,177.61424312201183,169.28179708874762,164.1336711717003,127.726473158311,194.98783161519256,203.44090252762712,203.8953646230368,183.3617011277597,180.67852317045745,176.72352587685043,186.71911232191087,190.8029083766768,180.857744708763,224.19640931082768,168.55378641381145,232.41518351173565,194.64815425719172,222.48605599439557,217.9202436755185,197.00188591321125,169.50524499636657,174.66558984263494,206.17495570425015,198.19689551272927
138.81826800274445,144.0285902591035,0.0,162.15854136510356,125.15243793611458,93.95416632115342,160.0486289244365,108.50201808367456,132.6398263502014,193.6845844806229,206.7196822791969,226.56193209855752,219.1124334082071,209.04967010764815,202.68097481657415,157.18739118530874,239.27928392877067,184.97553608689725,243.97611452843148,227.06853876254468,224.32809169322297,237.37478713351496,198.2010199562181,221.5294158145873,232.89558084284943,241.21032934342497,204.05564269778827,209.6530662403978,232.61743723376617,192.9436683923201,205.4127312997424,178.957525922353,174.38564119275756,233.3969458799519,227.58257778756337,148.1008037136479,208.04305843251177,188.24412396359597,194.10426606182136,206.1838770633147,209.03530032852217,251.250459310707,233.0866311260512,226.68027085844477,236.5109722215496,196.6463471202437,210.5734330064897,200.6435550379684,150.06632154357254,181.40836807924603,148.94790389876812,99.83784919904504,141.56305131601715,149.74333068890354,96.94591996334302,110.97986570135387,113.15050911260168,122.25573151547972,182.460509549049,203.63807299999888,218.98186445952325,194.47840027865445,200.70963945587144,184.27727102247243,209.16978306017583,189.28673866553123,160.28654888991355,198.34161386872643,211.3669570621365,194.20764555459695,215.95671082966533,217.6764434626807,193.40950679765388,171.09131482673942,208.21642028832125,222.84469782644672,218.818772221019,191.60410535606127,206.01835545171647,161.355694309498,199.41723370108423,218.91404921854223,240.79634345672653,220.09317450470277,201.0135766324536,200.05891789843668,201.19057445367807,205.76832761466176,175.44511306494883,209.3586897687541,164.05793974414047,205.72861799982363,162.20448458825047,228.6762862408748,244.09223990738317,221.0354033785327,192.7098305027049,193.9166590419592,149.33631020738267,176.32463204231735
161.5943244303956,80.53742712338726,162.15854136510356,0.0,96.7386940393297,165.43589536074694,150.75527928068945,120.41224947142138,161.57781102520778,204.85142508355176,238.36371716041765,240.08845841112355,210.8335711431984,180.93996934061727,169.01925330450453,82.02018177199746,223.5893295325128,205.18002348539392,230.3567369472821,218.82274731214065,205.23580295012715,211.95207525239925,167.46293363662653,224.4410857583855,249.19855661982723,244.5134192869067,175.65768495127506,171.50955168289124,220.63957321122464,153.54915200486366,166.60768427308415,156.24494697810457,106.78335319488662,217.613249170257,200.7254257000188,203.782192548938,204.74671408552123,188.4546668651965,172.9735309114045,196.9912926674968,209.37145462068509,237.39896428383503,217.07754221561996,215.9598033183238,203.29193826535783,160.16041987280744,183.27403133067787,167.7438443216838,205.95823284468577,204.28958317089732,156.66255101458063,119.61002584430798,118.07060391096124,56.77415882748532,142.14041996259851,177.1628364227396,140.7487939207609,143.89072039534358,206.74006399958355,236.01752973652623,237.9130585828413,198.00553020296485,171.2067082472452,153.0649088617125,189.9404804314883,158.13834763460017,173.24305731674403,186.60054822198512,194.25644121833665,183.6270571491168,190.08439180220336,182.72296277209017,157.09035313809582,200.75012661590205,212.55125839266876,233.5353066984217,197.6436579272236,157.26861604660562,159.38966061660443,135.8911832791495,205.05579175431217,214.0574301053772,204.24881796908693,180.5962784753491,168.5845801283883,166.47858577102676,207.01112437051185,180.59337802916795,194.4449215393405,222.35770747038373,170.71838014488134,245.38803621548735,202.21551934725156,223.7520926790704,224.4243610124401,204.43258113236496,155.32798136325317,160.2236577792002,213.3170884994775,192.71031767226404
168.4877671915117,77.77257277018914,125.15243793611458,96.7386940393297,0.0,116.3520870307734,182.03221982885032,122.62981200805191,131.15037373548148,212.04132740652085,241.5556700422545,254.79829615377585,205.6171733766675,170.87875015030605,162.7768290927724,118.46498390407332,224.2096435937597,203.40368594127355,223.9855182591041,213.16440184069765,192.26128172188848,215.92493616373503,165.50991882370352,239.4528587536618,256.9676445043657,247.9583825799874,174.62925520542214,169.59421317399978,215.17845735306176,155.36726549654247,190.1373866545708,164.15549652358152,131.12542987778218,221.01249318382708,199.12949709875767,190.32730119322576,189.49190836704247,206.32248235936163,192.5518178300239,228.91544773853772,225.9794301838156,250.7649175373126,222.87654260458768,196.93907720004407,219.479740151896,164.9983909187278,182.73296016380348,171.47346290102615,198.3854775054277,208.60803843007017,164.3895810795496,95.41896434820882,123.9773579292142,85.43630895419057,89.08436563953659,152.7435584579832,136.3032574496927,98.25519077020375,196.7026984312069,217.63465259629845,231.1165218761363,162.95256407295133,150.06015396744374,140.11144873613736,166.77182155302404,149.19245674983017,185.1879576921293,156.92641576282108,177.0216890539459,184.4182103695079,171.8972639446763,166.76278404937494,153.42024103185292,207.4037009207048,203.0883135329549,229.00998282314185,175.87963690158432,155.28350314055916,177.36429766657082,136.8448144577505,181.0052131061101,199.2574981230261,209.382549857022,171.30635705301626,166.41182588652111,164.03756357804767,196.54545457741017,178.69363262599762,188.70000661986967,229.7862267580225,172.1396111873754,237.4208698121648,204.85423830892304,231.50369451075224,223.00075445424403,196.41630639809551,160.5299229494727,162.8135752896461,207.04082337226004,198.21488407801175
145.56635850838876,142.4928035780348,93.95416632115342,165.43589536074694,116.3520870307734,0.0,165.7978836097093,121.51610521120251,79.91367851953387,172.21224207805173,207.8228274677616,228.6214656857544,215.39570471387407,196.6805515953781,192.9938562260574,156.8762849454646,234.34019137813755,194.27068450401453,233.82802973532463,225.70905269865665,213.00850607071092,231.49335745580817,193.1249514655563,216.955793555151,241.69666919849573,239.2397952753813,199.2606425407361,205.33133195861103,224.5113980206999,187.74531335499023,205.82734285215167,171.16851106314368,173.93279776678344,224.46148373284404,222.5531813820699,128.73226948329025,200.6030313927108,190.319838826246,183.5024550224309,202.7523531034298,206.44678197811567,256.4776182629363,234.68103347427893,216.74251988492216,250.80740515531105,195.73884801671412,201.16750054448448,199.11342763209825,137.87900435714096,180.65491918636928,157.1519757577807,113.01684270987796,144.62174990750583,148.01735441418327,62.75420866418514,78.45224759954687,123.55643071593866,81.17663427670914,178.26097081132357,210.3503692210649,228.7674593976841,200.7978645430933,202.1956568512724,180.69443916681837,201.57704015380284,183.05106123997984,158.13417330651248,200.6296056957495,212.64155945487303,193.17872027987423,203.66790922389,224.89543993998592,192.43150927942327,166.9770338663646,210.76054217487464,230.8173243963929,210.12327471260087,186.64419131400317,211.22949661812223,158.2903678999586,199.55034851532477,211.31332527441612,252.14120518426063,226.36709485731976,203.58345990645367,201.133446184385,203.79786459046065,209.3335465825375,166.8192270866034,214.57701341647615,154.86959223198565,205.34907500675,153.7992991681572,226.68015328158964,248.2373021580555,220.62971299873251,190.265544001054,194.171044981562,143.00746523453094,180.79411130274588
135.827433110416,157.88077292382195,160.0486289244365,150.75527928068945,182.03221982885032,165.7978836097093,0.0,107.02099724790116,159.64320177523126,162.9939914241138,190.60248585667256,189.63810658632156,231.0128783215904,227.815636748989,227.54995997285556,103.008805330489,219.7420846881089,170.47773996904544,233.9924245172386,217.5173148428427,237.76795958384443,230.7674700690032,225.8552284398114,177.46400277712763,219.6111396841353,224.09047649729465,232.1628585556701,233.38316539393716,236.2681990743712,217.52706092736068,177.12508597958265,165.97368596386536,168.36765142845468,211.66135561137392,230.09008923756463,157.92867156891683,201.5627499856658,140.1618977322099,118.56525008431264,117.68203247726905,158.76362192191652,227.61019652005007,212.74432490965364,232.23521302088807,205.44642723702455,222.77372629825328,232.0058740549604,227.21016697879827,139.95706407360464,140.4951380959878,152.81714064474718,142.82297698819696,129.3817365602327,157.57452806813092,162.6028943155256,151.40579217052746,129.22936240381634,169.47735424377782,207.3770837568042,222.83164706505823,226.2344732193742,247.5569454972099,238.2892330635102,216.11040389206977,241.34456879934595,219.5386205205598,116.96860843242224,242.400969485031,234.857891915048,191.84687088970776,243.03186110752017,249.3097913544536,221.1626421686544,135.4671142064265,207.7383450048378,239.89422364598613,243.04978323115364,219.1392170176174,187.81970939289903,168.87980435693152,226.75674434418505,213.75610521824683,224.64626575386083,241.26607286547733,231.7237013314605,230.82061041852876,202.63377090514783,235.66153138180488,166.2349255236001,175.4015688795305,148.94349326504195,217.39856359999268,143.78923369411325,207.46900090768423,237.9008103688357,225.5816470906641,217.49577528042693,225.35065443421104,154.92275760719997,146.82898995441622
143.1174422644939,115.14537040370706,108.50201808367456,120.41224947142138,122.62981200805191,121.51610521120251,107.02099724790116,0.0,106.422620634886,181.85312591556976,202.31103341033932,217.16677826146605,220.5050900092297,205.16438656943308,206.91830533819763,105.56587207649912,224.7569134434308,142.44756316615832,227.30314456156884,196.95244008928324,209.82979105836745,230.60339785457847,204.24793978915568,194.2070900953368,228.98811311786716,238.8701201359548,215.36454977245637,216.12791348951023,218.8506989712764,199.25035666206983,182.1703195905385,158.15326283233028,156.65291294976413,200.9333021935492,227.3231328366925,146.94529300931958,203.8710559255204,170.3398044634348,153.21711963096948,179.58196951816092,192.64285871611477,241.20312784985057,235.91527032992585,236.116424239894,231.41422003671997,210.35207641505517,219.41104086406705,213.5107537152113,148.0042119051178,168.53332418634483,154.39125553393615,102.2204282732682,120.40131179461702,118.7708082217694,108.42208263496268,121.10276811943852,90.63277356589354,109.9108824834388,189.5948165024882,198.96128141504943,222.93157426869783,218.5871773271672,211.49684360977,194.59871892054468,220.6513530861324,199.72561836119095,134.9900601766557,210.78058910731863,209.44925534500595,160.73142702137332,210.79673190030184,227.1603677171613,201.6574118640461,154.94700100698145,195.31682497208035,220.11800886265732,215.5580865842112,199.135547631159,186.12323110842385,152.685265367205,202.62878320694864,196.7489382147645,228.00672058672143,226.3794977113701,215.22077164842824,215.51348532837653,191.09564822543084,221.03156603754903,144.85053274973103,192.15161670563057,153.43970974877735,212.6419108839501,161.42211240088517,221.38027318303236,242.54152863050552,231.2753430352089,202.65886029642576,207.80589280185723,161.0207893458122,167.96995576340484
174.6827736747702,131.28905596443818,132.6398263502014,161.57781102520778,131.15037373548148,79.91367851953387,159.64320177523126,106.422620634886,0.0,173.35912239716362,202.05818462246916,233.71380771189612,219.17462951240407,199.8513005201021,198.9910836608006,153.29487122557072,230.02530231097492,181.30338489235027,227.23833157950745,210.7838837114042,206.43648993295176,237.9301333849358,198.02401328141343,208.77279830173725,243.27675270482973,243.49162768786147,207.58666823315437,212.96354900069787,219.4142981660825,192.80108750120323,194.67201167928923,170.31647860409367,169.0212162549272,207.74763395317467,230.8829801909741,132.4855138494038,197.0579112453492,198.5072215553056,174.6339949113269,201.651130200509,202.29895771066697,248.67020264691456,244.08914828528825,220.53071935309328,250.85468052273396,198.41061470725384,204.7459800640993,205.29867687001956,146.084458757906,185.15849357725855,186.26196510615333,132.21592977452195,153.02640862128555,142.43150325489768,88.02308559349613,106.1111869854623,134.01653626668352,69.43146619167516,193.02094635371245,198.94215398064608,231.5362724402383,204.266346751497,201.8103477671473,181.24908903044755,205.83521836932343,190.34721147130247,159.71325721869113,204.51719748257656,209.4504815897655,182.49960102079157,201.92400434840044,224.1246477528352,195.6630506128958,177.75615426187903,213.9125102223188,228.82112527739795,208.7636716772836,192.3023691859024,214.39415668866488,162.65344347958154,204.61550532886017,204.7140877672336,244.85362742114685,224.23652399435656,208.6444430673113,204.20571481209757,205.4785640643906,219.9918367167916,150.22584860080133,213.68304775319805,170.01425599795706,218.40310073231697,174.22590162050062,239.47785083483876,247.15032861617112,225.3515470424444,192.0326687608001,197.8076912706304,166.93696560086894,192.382098199161
167.28595098485775,202.09160619525656,193.6845844806229,204.85142508355176,212.04132740652085,172.21224207805173,162.9939914241138,181.85312591556976,173.35912239716362,0.0,133.96147094018738,134.1795477372881,198.5916489427456,234.9125253549913,238.9608270740252,182.44320412871065,214.45174965331572,174.14539534116852,231.42865191571175,215.99858770071356,236.7233271165826,228.23501788161315,244.11389081664785,144.50867496459475,172.80793138318398,181.0905140616291,243.78805536764423,246.3221863446787,234.1625215092883,240.5435057906224,198.5548821474316,170.55014470905172,204.097736117996,205.6655609541026,237.5722183510653,160.75518806976817,210.3468989759382,138.2655921580565,139.9656255956134,140.9539672564487,153.43020192789743,201.10050269295385,196.5937114980523,225.1716845685132,234.3546844777651,240.53725410546951,247.95870487069183,246.0427856768319,149.04201643812365,171.83367838584928,198.4467418462117,194.00617316932707,204.17315725571456,207.02291507631853,187.57496578750016,178.01005734118817,201.1147993266677,186.52592917663424,190.59486648802277,208.4039472342254,215.6978196400542,239.00540688536043,251.19810359007977,237.2083439674189,248.0546512021809,236.42613141776317,196.1246347583371,246.86956228710244,249.42432331759187,221.8131212966317,246.2478339968441,261.5289747844,245.27954110353215,190.99950291255345,235.38227028143345,215.29486442058777,243.74299124513212,237.63574163291705,220.08484343140395,188.39041098033263,251.72639390532052,239.038692489832,245.789129305124,256.40864016964485,244.1965475033473,249.27819398089008,214.944488398368,243.36942746402963,177.90521730187663,215.41523344510773,191.3384609806085,201.99999260218172,176.72534742420402,206.07471038719643,234.8072289077472,230.4043381016316,238.9298592082161,245.2831622490676,165.57334111959835,176.2260893818688
216.2951512143616,231.9175961696632,206.7196822791969,238.36371716041765,241.5556700422545,207.8228274677616,190.60248585667256,202.31103341033932,202.05818462246916,133.96147094018738,0.0,113.79741124015344,176.61797925490475,226.20880595449503,238.8754292372646,222.75317722461432,188.5728919283524,169.13144071483683,202.9263733005646,214.0601991485566,229.06057139944085,209.9384126305668,250.89391546616324,133.0033784692082,155.48847018098073,156.09818346449177,251.0206247011376,256.7714715735724,221.92819064916657,257.4006325895365,231.2080952430909,215.70234807977656,249.7247073526619,200.3977162841726,230.17472640795415,172.20988675571317,217.06764245511465,174.83350095798926,183.562686425622,185.20791650803932,179.67921766718666,180.96752197549185,195.801712858075,220.19754721832228,238.5319697273204,258.04696086695435,248.72329008822368,259.220525607942,166.01558342287757,196.31347697374247,241.5567843166613,222.77443052649403,235.70653800032903,237.82736401154395,216.52451981007687,198.241096726765,221.8065917395244,217.655074961968,198.1000381742132,165.39884373079752,189.8065336105623,231.40298523663407,254.10365268036665,244.6759712508038,251.40282932369115,247.3889155149371,223.845145375498,250.70613669196985,261.754333238342,224.57560004697436,249.2583094623136,261.33913250313765,260.0791282203482,219.2905740985022,224.68211697816585,183.4512490245042,236.6939763390218,252.6240258434725,248.9314293953068,226.94713386249967,260.0554137642041,251.04896962962025,233.44089655365104,252.6505003867899,260.73585747431935,267.07548270895506,207.3798122401336,253.36399865557803,190.13242642595404,226.05161500048175,232.4584880997261,202.2846520758356,213.91124929662308,210.83301089377383,223.0234896058058,229.68450165139024,259.8218456670622,262.64915020917226,188.1407819624309,204.73901120982032
207.0255912080657,242.632828200149,226.56193209855752,240.08845841112355,254.79829615377585,228.6214656857544,189.63810658632156,217.16677826146605,233.71380771189612,134.1795477372881,113.79741124015344,0.0,147.40468748504674,235.1783862394298,245.0387887393592,223.00288987478552,170.8218207429965,186.52403617161733,187.59722092811248,212.72115896041905,231.06022818863545,180.8538864603159,250.47137387247363,108.54222674382984,139.75884927480564,104.04391025326328,241.8165544077173,244.9846187587412,211.90418270253585,260.41088172031897,210.63998261800523,206.2441598733326,251.6709624840964,200.31596483294996,210.09975271976555,194.79191674737788,210.1747247441304,172.057157693183,184.01174577417964,177.4187451095092,178.34752964105286,146.41694982933512,145.94872048708498,189.3319545548663,205.63556652134733,253.71273548193005,251.84506566192636,254.77080007905755,188.33494729589503,198.5808766829764,240.68984818309323,240.22676645347872,247.26410966377216,247.847451938376,240.8938557724924,221.3110435250922,237.6978739952749,245.0279879007649,208.55222321157527,194.6078091141119,180.9021916402577,231.67834085928587,263.7531013274539,258.67647806837454,258.7192806765647,254.12119385513293,228.24340492318183,254.52911411608352,260.4129939020418,236.16041021270013,251.642305213104,259.7483220862288,262.2238238951843,222.9145748383146,213.67105136562088,184.1190604731289,232.0833480833337,254.5096604382951,224.9798004670356,228.53591901235896,256.4833113251022,247.74040918755216,223.91284057288917,246.0266203505351,255.55943326352715,268.6476712446646,197.03825062561435,242.73179872649612,205.0719101540492,226.83505450170128,234.58515869317955,205.92203112749996,214.5947371417049,176.19039140951497,189.7281792829205,199.86853362454792,256.9627919096503,263.12038846020533,203.97923505224287,202.61041722138788
229.7156760414601,201.08739831998972,219.1124334082071,210.8335711431984,205.6171733766675,215.39570471387407,231.0128783215904,220.5050900092297,219.17462951240407,198.5916489427456,176.61797925490475,147.40468748504674,0.0,157.0036990518064,174.9145528931631,216.36258347995525,119.1065541142751,200.40242004296448,135.67785462293847,185.90938188609337,161.51299340853956,115.62266112360632,198.27089341904377,171.68503585915306,175.87461218627124,127.37629196216676,190.1293176577336,189.37772641022636,173.6341675449165,210.56230119114613,222.28112421516624,203.42396450598605,222.7255730893554,200.5990226703978,153.21094558217283,218.56237180563485,165.951832847184,204.0978523860965,215.0870010366665,223.0266014783433,214.67855679643569,153.43689281066293,141.71399803207635,136.53844525347154,197.30630756300968,214.22113877790812,201.4476622065177,215.7082176231684,222.9469177026172,227.41894413894968,259.5082216723349,225.7258308345399,246.46437900023324,214.8541160271984,216.46890628506264,236.3860760650403,246.97408794884691,223.9255093233354,228.2288194341187,195.53070302949132,191.1204804602112,147.83230930680804,187.1770436898844,198.7629408230047,196.662671978938,193.4801446327144,263.2677309602031,186.5978791776892,206.29726448585177,216.05524779794396,180.18570142965595,174.8121767211132,212.0752888590711,272.7641158311589,214.8166286313837,182.41723520953235,170.9298367054884,199.062186103825,229.05745053755487,212.6421034920624,217.1534334848175,235.68120564657536,181.31810493629249,165.71764428720897,207.02094387104185,219.09368910373468,172.4353372609711,186.73461535426645,221.320739168771,261.4570004510906,260.85710170278134,232.95096528984055,262.6115317575872,202.7273851743077,167.8160120411165,144.3237689090215,219.1666157438102,221.7875039679081,239.91006676872536,231.7706175330632
219.8456754429974,186.380558699914,209.04967010764815,180.93996934061727,170.87875015030605,196.6805515953781,227.815636748989,205.16438656943308,199.8513005201021,234.9125253549913,226.20880595449503,235.1783862394298,157.0036990518064,0.0,62.8214217740049,191.1815487138201,152.89590893527102,215.16991815646173,147.12145541242126,178.7764972438399,94.11852578367552,127.15271951433216,77.17573058783631,230.82551695256723,238.4018814587518,210.3461401400845,94.2245731517388,87.7004703958383,156.8817118995894,99.84143404717469,244.5764302627784,214.88075276346228,183.15368905242343,189.27586768523844,119.34822889587564,237.6834020982059,189.73168937650345,230.31166782534495,226.06515387276156,229.70974923478295,230.048944974125,226.81695722699675,218.42216464820933,166.48803757461974,171.56509090506438,111.5192772108228,90.85331520908235,104.14270971055387,234.50957521267043,241.9209330485739,232.96937394205423,208.6942230813355,215.06728163531653,186.62953484617324,197.51431216048672,219.693245524215,218.61604317656645,196.881122940954,255.8814726383843,251.016693978279,254.1411464657189,192.23857539763563,96.43655680409614,98.9117751993355,103.48513736911494,86.15816947170828,252.43647803508443,150.78396870356676,148.52554666024915,185.54844100062783,95.7977682457502,132.75897151562668,100.7448989666413,267.560024648348,239.92581708103123,239.26416370090715,156.88669849732418,90.11812069641064,220.6109922228917,211.5002784604299,188.63536742232597,222.85494393993483,165.5937418340514,129.27293189308864,112.83799025272572,113.93527703749784,192.28594015941763,102.88093510434304,231.3946735014148,258.7755035937398,244.87714490117187,263.70046352188945,270.61022486435024,248.46346956434772,227.69155873623757,155.8892577910172,119.03070572172736,113.76268404146536,250.1056516985274,243.30093699866805
212.81116229266385,173.30133887212088,202.68097481657415,169.01925330450453,162.7768290927724,192.9938562260574,227.54995997285556,206.91830533819763,198.9910836608006,238.9608270740252,238.8754292372646,245.0387887393592,174.9145528931631,62.8214217740049,0.0,184.7931037412792,183.3145225953141,231.6099295786508,178.30363505383912,195.87780875660093,110.40737830580528,154.55199082415652,63.86825259610991,242.3303504310417,243.46305300675675,229.20196416001724,86.71178482766189,79.84908655896179,168.74978044700197,76.30079343101178,237.95142905338497,207.31397646973548,173.7041427503085,206.56586373259893,131.76067280246545,226.10345207215772,189.84465283830704,223.86390449245891,228.71168234775485,229.1675750776965,231.0952361282884,237.72698114178883,213.74557862145556,179.73972637532987,184.72281324288176,98.49503229324878,87.3197915573029,89.02632322630271,231.55710671634444,236.2981394263136,216.9009635274493,200.5245746515494,199.2455648327494,174.1445995465968,193.4237055313565,214.88485405122387,210.02728369888308,192.49938216605685,241.32051715686345,243.346183427362,247.7079022483425,182.3213296733391,73.76767956223756,75.12750746869828,73.09443087685648,50.01616111958471,239.18174872538657,147.15064850168898,142.96376480918906,186.5066193645476,84.68279645660745,116.18077429031992,73.75220277264783,257.91135365875385,231.96604961075295,231.9096116175986,152.70172261148923,64.30671346682965,209.2367409032107,195.86900481392624,177.6068375749349,211.99014145484367,178.4001393918651,118.49176422293118,95.46163800191816,88.29597388930611,191.44818166040784,97.41252803306044,225.82184295275465,252.4076867423348,231.66399364006944,252.8150830719112,260.3683271684549,237.332945506555,216.24405088000609,161.55347662154415,103.64362248295166,91.10101948931182,242.1608255145917,231.3489256664343
137.85403630847608,83.7172024287319,157.18739118530874,82.02018177199746,118.46498390407332,156.8762849454646,103.008805330489,105.56587207649912,153.29487122557072,182.44320412871065,222.75317722461432,223.00288987478552,216.36258347995525,191.1815487138201,184.7931037412792,0.0,226.22633418658916,199.5075227664587,235.5444555684749,214.20368410167413,206.28550433398968,216.04595272315373,183.1813387128012,217.4866043562076,232.27708522099653,233.79831033738185,190.57633552194272,186.81443086154465,229.27991342633348,169.65911470843443,164.89982256591864,125.86094450792008,118.61750693291889,218.8682860834919,204.45516431226736,188.463344010846,195.68036632254584,147.2533447595861,136.465131651621,166.0856023734046,193.55536131053924,229.86794328789105,204.87832144166583,216.48669541403564,191.63586568043007,178.4939833612023,195.2635100879262,183.8790218230964,185.46569280684423,191.13565118874763,146.44037864535665,110.1287503366627,107.90086523629088,104.1204536081168,141.684352192922,174.6614465941352,138.42191747144682,147.5722056880787,207.80656433797145,228.9420897478901,224.47707973007496,212.0259735627249,191.82928393662436,173.6141430003601,200.70777887793324,175.67070479569458,157.3586067126748,204.699742331923,205.2170055139647,189.0475220176665,204.35125595728223,202.421709871852,174.1082336067949,178.18796990143647,210.82985521851305,229.5361655353292,205.59379990219756,172.62521378061052,159.65736228573542,126.2955665789116,214.47996144317491,215.1290769761811,201.07089116567312,195.77455396089616,185.9465807662653,182.15759246042452,200.22015388719893,193.61210407675867,189.1698798086684,215.42531305806185,151.89087218510514,228.63922360383876,173.62611317373126,208.80880975828643,222.0444366323556,198.96874507443755,170.58019476990617,177.9380898315974,195.9066957097289,184.7335410515763
251.4378524507152,224.12773655247491,239.27928392877067,223.5893295325128,224.2096435937597,234.34019137813755,219.7420846881089,224.7569134434308,230.02530231097492,214.45174965331572,188.5728919283524,170.8218207429965,119.1065541142751,152.89590893527102,183.3145225953141,226.22633418658916,0.0,171.55840074734482,64.95324181984941,153.41985476398312,136.01655283208925,100.71972348469176,196.46763005059185,156.63172749062653,183.4638546286928,146.42270438115878,198.2523807618347,187.54834874915755,142.21166213898056,213.52982432546344,229.8572368045215,219.62035480142669,221.77335105167083,145.09401096996626,153.35699021760382,237.8966229513551,165.58068946966802,213.9168968770737,200.87634418431367,203.95903811623293,192.983885991276,161.4185146381722,171.73577159697962,162.344853992089,167.14625959917038,215.0802882186989,199.2782107551984,212.37930734314352,219.67085217077212,218.8518536953104,260.8096607000925,236.641538963162,243.3022195583225,225.56051148474685,224.9817162284321,234.18773709034,242.4676958246865,235.72923435502773,248.51014277780607,215.75882544593668,224.319660186958,208.07278974274936,205.8098768403674,213.8696759505592,200.94551219629517,210.23066652700783,261.30832508781674,190.1741552832696,194.38392103805356,198.44598836100636,184.5956810465348,187.81399829414687,212.54111199687748,264.03925401308703,215.4594176190932,202.3003895504117,183.1506049609324,205.7409695286561,224.8887012747692,238.87491102445208,213.07686297113213,224.6261814629962,154.51110954718786,180.3748934804904,212.8854335112397,221.67175709128784,176.9271396126155,195.4651801811047,229.19244083710728,250.0795908913383,263.8177173062104,238.7643280116173,266.01664273085737,218.2690779526739,199.3115356978112,161.65543821916054,219.7212303364801,223.91713435219853,258.9505138954245,234.54436332612528
191.2608635340989,200.21585515098812,184.97553608689725,205.18002348539392,203.40368594127355,194.27068450401453,170.47773996904544,142.44756316615832,181.30338489235027,174.14539534116852,169.13144071483683,186.52403617161733,200.40242004296448,215.16991815646173,231.6099295786508,199.5075227664587,171.55840074734482,0.0,173.66114671481577,137.38544010850887,180.62209997011269,202.40114169932883,235.77129996176257,130.78349671905497,198.19872492948537,204.1546464108934,242.95554517006465,245.66899383145196,179.5128999909594,239.70225395335467,210.3594466952146,208.40114706990792,218.90609359465464,128.16918322732508,218.92127609632772,155.95921135396566,187.11705709802692,183.92730788732828,176.567744418198,179.79361257904318,143.7211739023277,214.0508021225125,223.08016147809312,242.0724257644077,229.51164149022247,246.35190676405836,240.72881031582955,242.14870825140676,170.54818618084153,153.6436423871968,209.2483768882669,183.34828138311505,197.4726300765149,200.7571667228964,185.51280013053687,183.16145726585503,168.30466069097665,175.07720904416152,197.63935289609356,191.31747191860552,222.11737293121405,225.0877361527764,239.59753792677748,236.322948113744,238.6948953416852,234.70416377343676,181.8425553654497,216.0348465831555,201.26312907982248,131.20938737932642,210.9449360875332,241.70715527712736,240.788069534358,198.93662769203692,191.6955752193423,210.81522341327377,210.1598259470224,239.6982843403304,222.3279909128402,210.7848351544195,198.21422524366025,186.0286361403153,225.18299751373013,239.98258130527307,246.6451905445984,248.69970019134337,176.84852295137424,243.1450746500317,127.04886189401223,203.41996086741025,211.0169978805776,209.38783490407485,200.06445804187032,225.83894473567028,241.6442888851514,241.7837550584117,247.90300797184744,246.98089911845776,185.73034544330736,162.2245866563655
252.2093359607316,227.6525929122439,243.97611452843148,230.3567369472821,223.9855182591041,233.82802973532463,233.9924245172386,227.30314456156884,227.23833157950745,231.42865191571175,202.9263733005646,187.59722092811248,135.67785462293847,147.12145541242126,178.30363505383912,235.5444555684749,64.95324181984941,173.66114671481577,0.0,132.72579511791358,119.70694862974828,120.65432220003592,193.43474881025017,167.90127370772757,195.1011650653204,162.15601853264684,202.2037406263327,191.40290819077512,127.78259169682454,209.2296656723161,236.70301233117172,234.4900026371645,228.5667888920853,129.9078902018311,162.9979934384153,241.28714818772855,162.54860916243825,233.5181270712137,220.94889029765744,227.2357984371353,197.29196991090348,174.91160663774752,181.09583971947552,169.35867729687476,175.54977315148082,215.4136545488712,199.37354391162572,210.61045617965115,235.33510369118756,228.2355100866785,265.32798793399894,235.4296599957656,241.45064479694813,226.3508288509084,226.04597624434592,232.1706625357126,242.4405336344088,228.04090499647103,250.79993375053667,227.61924694199175,239.7889799769484,213.3073193232877,196.20699065444643,203.27157771895605,188.66916807818532,201.141051392274,262.9422732204358,173.11490229992836,172.0144664659373,187.35343701294363,162.0129526625007,192.1239375137476,207.39218676487596,270.83420216539173,210.3643529562864,215.6053655054781,166.97864904225614,202.2523363199624,230.6903895771283,248.90612595655944,193.91223942574143,211.14185982514897,172.62779378573208,183.10842867683087,214.4058375841709,220.16970064684472,183.2251698025028,198.31733220533368,223.85698895968807,252.4607844963233,266.2305898188032,245.8426606431114,273.56833925911053,231.00081920537792,215.03094301212772,182.18099255727583,219.7587259045336,220.76237063441027,256.7407714616062,241.20844738380697
231.57413653106084,207.7887469626935,227.06853876254468,218.82274731214065,213.16440184069765,225.70905269865665,217.5173148428427,196.95244008928324,210.7838837114042,215.99858770071356,214.0601991485566,212.72115896041905,185.90938188609337,178.7764972438399,195.87780875660093,214.20368410167413,153.41985476398312,137.38544010850887,132.72579511791358,0.0,132.46514651078314,182.62447660644,209.44207798253768,171.70783973960567,206.45965981057697,195.43277427566332,220.89936377220204,217.10237475471388,106.98333508555524,219.16014905079223,217.83249932005185,219.5761819460269,219.84205864794487,115.0083284060835,190.94226364151055,211.7399728157204,143.27724703686147,218.20431986565055,199.3072880236702,207.71355332976253,182.5127744912125,197.79677767134297,207.38580130308333,213.5234123890835,196.6750842419076,230.43753115405303,218.68366391156707,225.9812265687856,207.92765542799827,183.7654071544949,237.4331293928724,213.1609800954525,224.1567361678854,216.69513919458632,215.59792244905992,219.789306679324,211.1137474484492,205.5813415525037,208.9156793589328,206.27404738999377,217.87054407585327,194.73353430014572,208.10484075681984,214.9486898593448,197.89739106374927,212.5802052957477,217.73313027229165,181.00917340209003,155.40503309618958,126.55472082054165,157.82153481932338,204.02263456457848,218.8296999629942,229.74804136680385,181.40674263807853,206.4948579371828,141.01405610948504,215.54907301921125,214.91990174495123,234.47147064039197,146.21694687093742,148.10492505742732,192.96344445211776,208.2457816088385,228.25911304805905,225.8585697831567,157.81502792159046,219.6183954734873,160.7740566393939,199.53177434548627,241.387136534818,230.45359133646093,244.669085980872,213.1595826563655,214.3017946139018,218.62841329315356,232.243698252441,228.30730142363944,222.15130318357333,193.47679394458328
238.3546615413328,195.50635046186216,224.32809169322297,205.23580295012715,192.26128172188848,213.00850607071092,237.76795958384443,209.82979105836745,206.43648993295176,236.7233271165826,229.06057139944085,231.06022818863545,161.51299340853956,94.11852578367552,110.40737830580528,206.28550433398968,136.01655283208925,180.62209997011269,119.70694862974828,132.46514651078314,0.0,142.3794461667999,129.52359082383856,214.04527904224332,226.17084056253785,206.66554788863988,152.92093991194938,142.7345736619382,124.37472115373863,144.97667585028714,237.99108233832052,214.45546323566415,202.9389858118073,151.99157684354768,145.11867695584704,236.76076257297103,164.9025507479472,228.70658438328337,219.66211138816865,234.25303201816152,218.18865417263527,211.1241009497567,211.4994894572634,181.40083890846975,181.57257778557093,162.8809654806411,146.00292949299978,154.44027030808502,236.24572515786843,229.8614842868757,240.9792112639868,213.71705880037675,226.86742699790028,203.8660506750491,204.98050072847445,223.48938616924067,224.754966031265,196.72121201367312,239.19597730781425,226.13189117712125,232.15571786834053,179.81940258620148,123.30078331111312,133.80382029483428,111.02078738383946,127.70974427197604,253.71626682967,134.55436047048818,119.83555369020728,157.56892841295334,69.50552649227639,147.10094933371423,136.00239910440249,266.68128729791647,214.13140578337303,221.9846640590008,140.4647228464226,140.03498860343694,217.18868163111847,222.27147807733328,167.64163499363931,195.13359841253745,169.0995387662225,151.92485212414635,158.4863020794681,151.31626308956862,171.66869110328116,151.37954054123378,211.56891219522825,246.96317103088683,249.73328872798183,252.44416089656303,271.87274295980103,236.6799182910281,216.38280094434816,177.7123300909325,164.73595101109112,153.66853013247442,251.52537067627384,236.3591073565924
