0,1,2,3,4,5,6,7,8,9,10,11,12,13,14,15,16,17,18,19,20,21,22,23,24,25,26,27,28,29,30,31,32,33,34,35,36,37,38,39,40,41,42,43,44,45,46,47,48,49,50,51,52,53,54,55,56,57,58,59,60,61,62,63,64,65,66,67,68,69,70,71,72,73,74,75,76,77,78,79,80,81,82,83,84,85,86,87,88,89,90,91,92,93,94,95,96,97,98,99
1.0,0.11872816338170143,0.3216325899887845,0.1822154743131532,0.1668519065826625,0.1595869322446498,0.32108456728176377,0.12051344827723133,0.21627867503725928,0.2037165712923205,0.15423255021573568,0.19033959590188917,0.16728451976798817,0.22003359597120425,0.19126682813156445,0.16948840586857056,0.27397488928845154,0.22403478515900407,0.2078656430355901,0.3386996757388349,0.1967441191412162,0.18961288786622493,0.17581814430812892,0.2832529525911606,0.17991299094279672,0.2343139536746836,0.14805312786269978,0.23384981976856598,0.18484218924363116,0.1347536779351892,0.3435834087713145,0.3171152243975524,0.31922259945827386,0.2066419743428659,0.24146391788686397,0.256209182422936,0.1623971660532009,0.2905678586965768,0.1557196817865399,0.3182937951299322,0.40496208253674915,0.23597124507052897,0.19339880810822746,0.29933637592049567,0.35867797972531534,0.2380757295324654,0.2323885048758063,0.33943761962910385,0.44067033358813334,0.34836601100331904,0.5002744809637119,0.11888603240881743,0.20476242824510407,0.16329995037776557,0.1627776091812501,0.1700547553318787,0.1960104396041341,0.15509870998861144,0.175886248435266,0.2614975668652449,0.23181338713437655,0.19484773490176358,0.23435071625271464,0.2034134369254282,0.20924283725038087,0.21156167029539247,0.4380167693180948,0.20475950460939132,0.14157382968376703,0.2976231568052471,0.19176728720656197,0.17997702638127142,0.14756104667362563,0.224166999688359,0.19224775438952119,0.24582732454521003,0.22015761827015265,0.25777856511017705,0.4532555092720782,0.34424918453121733,0.17753305366106673,0.18954785712159974,0.21167130840385112,0.20246113578472752,0.17689770146600076,0.15454493606460043,0.24344655795801512,0.23209861158005385,0.32995840338186805,0.21636055630084924,0.2771542218420766,0.22565892648783042,0.1828350396373286,0.2636490081739289,0.1903811450969201,0.2148864869885304,0.18927315282374882,0.31693489036731876,0.45315775969144445,0.405875619332534
0.11872816338170143,1.0,0.5731113700597029,0.4957800762505802,0.4965654296959978,0.5079847508294268,0.211499081704218,0.5178815871853581,0.5088977284858598,0.23991113118864923,0.18720314499868076,0.2086247317132722,0.26725259948559277,0.22798884770516492,0.25718160325003503,0.24735556326855115,0.17989797242714306,0.37986742650030886,0.2342905009679072,0.3246280338582931,0.2181977724874313,0.19145124423061602,0.16708169968911207,0.16241396056899376,0.28352137566217467,0.18455068412916312,0.22846465343811492,0.18088150463657854,0.17247031855731593,0.20992694651672103,0.1651748048576892,0.19669165763043253,0.12224220488439164,0.1490894142439705,0.11662368142348187,0.19125327698145458,0.13331264218867786,0.18337849257526367,0.24897984272741006,0.1907153921311268,0.13915429724553713,0.35858885067217705,0.15814802697710992,0.17833741569785044,0.22100260485641857,0.1572592448501589,0.0869550080377047,0.24372821196766112,0.32321981819569784,0.2143808944532208,0.17737566211186853,0.7064134231892543,0.15092394500782005,0.5103431781476712,0.5627590422409354,0.5531759442638835,0.2843004974558194,0.4409555463358303,0.22944338433735773,0.15894261079937078,0.21815321446996908,0.1847750476439397,0.17605893335216138,0.18574872529040462,0.18551785866443068,0.2671696542419587,0.20646230912895944,0.2249237503406226,0.2986216106584647,0.14483676487433553,0.19258016843707554,0.26081478454931584,0.18414611913982515,0.11092122327111867,0.26530565091213026,0.3024107757103662,0.19983362504121943,0.1888681271398045,0.16733230880701888,0.15620892390125113,0.22025980985102944,0.19646408479611907,0.23013471406618297,0.2400502695233531,0.2367984818996302,0.18267608720425288,0.14822832092153296,0.20686048613586508,0.16854690835127567,0.14604363170067114,0.13776229847027488,0.29680390755377317,0.13488974279275065,0.25834511873843885,0.19549639292201146,0.1530213495048752,0.1462754308145949,0.20597023633148,0.29834732160197,0.1661944774364129
0.3216325899887845,0.5731113700597029,0.9999999999999999,0.2578300682684399,0.3157455438254006,0.5868205467869196,0.36908908397923873,0.46573576253629617,0.6866832986038166,0.16870961908413648,0.1413328242354718,0.11033490071205695,0.1872715967163097,0.15095123506183197,0.21004976135317524,0.14444261922095344,0.19634002984937723,0.31516093850837723,0.22032632823114745,0.27533905722478286,0.18458938122907934,0.22654213830475467,0.14760481892935537,0.2277532790550742,0.20771910990427564,0.20595871933178728,0.19122927173720658,0.18845088886894754,0.35307181371677676,0.19254945005523327,0.19323765412933758,0.20295453672564767,0.2718749362266108,0.2498114704758405,0.2902053619491198,0.23706036625253696,0.09489454121909603,0.3268476580866414,0.24227689973924135,0.31844915760954157,0.34082041411290026,0.21505823173831973,0.15649887591207465,0.19488451943394053,0.2752057995429792,0.3308199945078007,0.1746060240196354,0.3049218402049212,0.3173719804136084,0.284214532532514,0.29154697133557267,0.5306191490612034,0.1604722812046945,0.3258498782739461,0.6017185060005192,0.7008327174189267,0.4127427596175997,0.4985629326499427,0.17668745218637433,0.1406956060996418,0.1508492055156947,0.20340899191711084,0.23565786962833218,0.16098495596989082,0.16809371416629304,0.1941239527052694,0.3920023066703618,0.22688437611209986,0.2068680189035625,0.2783503713756037,0.22556670066003445,0.15275134463252635,0.17480419608158035,0.1756716614691505,0.17784367578790744,0.24655780163614555,0.2284552193414303,0.2126879984676352,0.32707678375792254,0.18921161478653853,0.13535285102217376,0.23719097587550497,0.19166149825279027,0.2037860279181261,0.19807850183842682,0.14479049779046874,0.09078139655275909,0.1837843021855457,0.17227852979634217,0.20249690400068007,0.17529953273518223,0.20379293854621952,0.16840427814803946,0.12056232421176531,0.1547016289488336,0.1131285957423816,0.22878069570871265,0.21735469606631713,0.38988199592508543,0.22973210261287064
0.1822154743131532,0.4957800762505802,0.2578300682684399,1.0,0.44637481628160036,0.2694299022408229,0.12581509819048187,0.37934503160089844,0.25842599178313386,0.33346437740803614,0.270692930980865,0.3184489439573618,0.19096401244754585,0.30135084054178607,0.2358536630889253,0.30202436532681226,0.2672597558512348,0.38015771151109434,0.2665814408569305,0.32792813583957636,0.2699883832028821,0.13905139342103065,0.2703602973362718,0.22062840828172223,0.3513758094013817,0.2165397985511803,0.17788634968625497,0.28836905155510656,0.17590793604953034,0.2878845024778769,0.26239883885129345,0.21839708950487347,0.12207128849002187,0.20334613850005287,0.1524912921310783,0.2827397902713022,0.2772732695009733,0.13922196069800713,0.30169520411679007,0.18933792922619794,0.16102758954203764,0.36411527889826134,0.16547982912708728,0.22387300230101012,0.1677916518911565,0.18202624667252634,0.17599458051123126,0.2325445678986025,0.2716443976390797,0.19471604222395794,0.11062114534905197,0.4477331340400293,0.23042706197351964,0.562474667414984,0.2565639095121352,0.3110493441203275,0.23916181850197066,0.2526204991313563,0.25036254505429906,0.24931495913405538,0.3115308897132492,0.19330326204614945,0.11805234599555234,0.21259046520123578,0.21254856973223624,0.3435078999397215,0.14887846095015264,0.2530021618345872,0.27620173497553785,0.2233237540448291,0.26099541254176656,0.23980048675281837,0.22400533331951356,0.1242286066884006,0.2723810756286024,0.41250123968573027,0.3123534267728344,0.20192904909648743,0.1865084652658407,0.17255377575762965,0.31579379196395135,0.2533577051760297,0.2892498721231277,0.35720770046481676,0.16537587554775407,0.2444322085792725,0.2765193501456118,0.24655011231350785,0.27462656117799755,0.17943281037876718,0.23247086811937667,0.2973044512297039,0.11004224822363247,0.3982734014903018,0.19503285257328415,0.2187590196505744,0.1271207988903188,0.2076331422614118,0.2468590002591676,0.19085418718994066
0.1668519065826625,0.4965654296959978,0.3157455438254006,0.44637481628160036,1.0,0.5499907922685603,0.13194225977433244,0.36559735089271805,0.39373510979574283,0.3028213760782707,0.17199106751019821,0.2569999794408141,0.17546827336255688,0.29615154700598945,0.22869563502703968,0.29632470803654093,0.24603932667097567,0.31222228754625064,0.24346064927496036,0.20264212878449647,0.30184258730811014,0.23215181511188215,0.22500510473002375,0.25325851107561304,0.2757704597542138,0.22739670962822184,0.2863685613133848,0.25291350320579675,0.16088118240193275,0.31750220847634664,0.19198395206879615,0.2095529382924114,0.15324958930001137,0.13361232678071755,0.149641581280585,0.28200846549935826,0.27886831138387247,0.150121672607629,0.22467469590044203,0.14293929922657458,0.12052213347616508,0.2994483167718495,0.1846502441528242,0.1749980041087757,0.1792161130926501,0.24402625780750714,0.15675722532061723,0.18550281367687727,0.25442119477472463,0.23928369827955578,0.17657811563484518,0.3688397650103827,0.24732545228186262,0.3951245946206178,0.5824793107935764,0.3900930264349266,0.2075093321059795,0.34147163438969197,0.2216042938033618,0.2047436896447652,0.2749334083851839,0.17797129941632367,0.1635796452608795,0.31307298701882114,0.2640059431680352,0.2505730581617569,0.18796481188276712,0.25415627852075506,0.22202683841416768,0.17635221199852802,0.2413141258002114,0.19271239989124506,0.291873968938486,0.12151265943567299,0.4176502091629222,0.3535316329141755,0.23590237587562476,0.1818960957290367,0.15470773124071002,0.15736787303774505,0.26164583124821794,0.2216004242228847,0.22052575102002828,0.23010908376473757,0.21881501888920687,0.14577890731084606,0.2592749631894305,0.18645945408226317,0.21858282684596794,0.12271828775607824,0.20624695802289303,0.23173794857634178,0.12956397933335398,0.31032120285958903,0.12206141043333119,0.14799929784936866,0.1693489538112201,0.2063885800584913,0.2602158952719953,0.20109157761494717
0.1595869322446498,0.5079847508294268,0.5868205467869196,0.2694299022408229,0.5499907922685603,0.9999999999999997,0.1575616686683507,0.35134522667612317,0.6431333391503199,0.10578065431154025,0.12354911473367296,0.08829081193865786,0.1104096048024079,0.15375020893595648,0.14964473966935224,0.1587199120804869,0.16516390228185937,0.2520449487324593,0.22865573449094945,0.18958812200514646,0.176638010352865,0.2757818204816372,0.14334224608956586,0.2160711287672452,0.14676551278919509,0.19086126253851723,0.2570744275785485,0.23171762746168642,0.346472789121844,0.17818378667161278,0.12994996200538178,0.17048700884705387,0.15161429325373507,0.13672339822319288,0.1689555657872023,0.3137571706954498,0.14717081458486933,0.18929408061021274,0.19281516827132195,0.14570616818635876,0.1521958154061821,0.19928991660124282,0.16638431258979616,0.1766466980777173,0.18310967899206534,0.24582365482493887,0.08934441339292995,0.15578538424935,0.24144353389688022,0.24698536823239345,0.18327847790999066,0.38657789070962756,0.14873056095665166,0.31548675843939333,0.8183737462335912,0.7572960621029745,0.24123131665428513,0.4729450322860081,0.11887506572799075,0.12351312633359843,0.13705638133153883,0.08035389688086324,0.14482175278653334,0.23981743719532717,0.20178857410383505,0.16472879798115975,0.2743321874341164,0.19510083353295304,0.12167254263679292,0.2210442090796424,0.21819092457473271,0.08705473339055782,0.16805371258885543,0.11647530588582836,0.20324966594810312,0.2212570694156085,0.20206917785122439,0.19317505264869606,0.25514732827831127,0.13046638556455892,0.09525317642803373,0.256583862617487,0.20262328305479826,0.11651729172822325,0.2374944259670115,0.1695584448422846,0.1623570795918721,0.22230505319810856,0.2327892261090365,0.23085874305964027,0.1969122235955422,0.13636844490966454,0.2057107736343246,0.16906630697128594,0.11236699464535524,0.19480678659008988,0.31010157766150037,0.24954679358538986,0.3796991558587182,0.2362700208719783
0.32108456728176377,0.211499081704218,0.36908908397923873,0.12581509819048187,0.13194225977433244,0.1575616686683507,0.9999999999999999,0.22833860493036995,0.20011072150287124,0.13290806528717602,0.1645369931645917,0.21393309317525375,0.18306716561129477,0.3120229058929146,0.316087399985444,0.37859850665463446,0.21071811043496994,0.24072833358284357,0.2414172980055651,0.353397116022593,0.2695259119419892,0.25657259409229605,0.2144545528133347,0.20616905796171495,0.22912682286166927,0.16133224542059518,0.20864695847681403,0.18279831328956397,0.28577665743718883,0.18624286446271499,0.19571369578230272,0.29607004126791625,0.30114703629990863,0.22830609018734527,0.2579145103705546,0.1712665896007489,0.1983271555772785,0.4134231775438218,0.269945555767231,0.49103422852193446,0.4386252299444478,0.20466985364106885,0.16521899896865816,0.22600171126472207,0.2823929118735611,0.3144126898257104,0.22586882190574326,0.402122192294168,0.3211564266300612,0.29690807696444793,0.3865885408951529,0.2648604525484402,0.24259487162580787,0.11691773095450639,0.1463396150388552,0.25195274832215925,0.4257519590054993,0.15463200681364245,0.13818287055378153,0.11486598026615354,0.15183310267681718,0.23443363036234835,0.29255738439530854,0.20920859755194512,0.212869517984819,0.3171874049995202,0.33961860461055815,0.17734047391490812,0.21293593338266703,0.2694907958537836,0.16907877646137023,0.2452985084247031,0.17813223479342824,0.2076739797843825,0.16892404550123977,0.22153214646509042,0.19536124172317618,0.25548797238970467,0.28249023045905336,0.3217059166146226,0.24309003779381894,0.13904313978040247,0.12828514833005622,0.23228158596993342,0.20938875608692306,0.1679687380586566,0.20411476991888036,0.17980472116829177,0.1640642924483194,0.12477969609864902,0.16254355642718463,0.1757352004390238,0.1635443436861045,0.0941678976560243,0.16551641850639848,0.13635693693408105,0.1423226121682889,0.16029486950401986,0.2866757707960584,0.21598428310776016
0.12051344827723133,0.5178815871853581,0.46573576253629617,0.37934503160089844,0.36559735089271805,0.35134522667612317,0.22833860493036995,1.0,0.5185157302450077,0.1983386242217038,0.17260638299771444,0.19679594553408594,0.2093825743679165,0.25149955430076515,0.21408652718687354,0.2855647876719618,0.23674815161416377,0.29988349697013256,0.25575025974008303,0.19689180982149193,0.27614092066806784,0.2160993549797314,0.24542858107215537,0.21170136709913673,0.2576319863479278,0.22157820569396616,0.18262525573623214,0.15216748298484137,0.24651038948694015,0.2186150933101117,0.15766092040657317,0.2142198989795059,0.1236465816887826,0.23861175470251367,0.196362539253072,0.14893308631668017,0.15948654677796748,0.18539927057513458,0.26927577578774087,0.1901866561740407,0.183238950333846,0.2648867913985493,0.16048595646680117,0.13913643017791985,0.1283878665974442,0.21464726150146213,0.2000231424902863,0.19420193958495233,0.17740684427796274,0.20487233981596487,0.18136685101735214,0.6666094147845502,0.3173307891087966,0.5165459067472513,0.42697891370676117,0.48995363333030445,0.6602856352996838,0.6051694086851128,0.21882775129170073,0.20755515068442829,0.19714893901307984,0.20473887633401133,0.36868360586221216,0.26401260699554396,0.29621899095533555,0.2525435736530007,0.19130785067987197,0.2352301146760398,0.1298960843812108,0.17945864129082348,0.37525536708771084,0.20201046239192283,0.2250371358450791,0.16850821609822172,0.24512505882136668,0.2879459307614384,0.19874045858121886,0.2841585830872882,0.11394359170939991,0.1791632812546694,0.1507076526102165,0.24339033910747104,0.17423678712259796,0.201721179544604,0.21463359834811158,0.13522588597259483,0.16106423330114367,0.12306174753827827,0.148636108174609,0.1324287952028777,0.196750728277617,0.2744962828668758,0.18523390406580695,0.25250114570908444,0.18302794051586774,0.1339492106737978,0.13455199431619708,0.13900712744526933,0.14536412816898148,0.17996613682207113
0.21627867503725928,0.5088977284858598,0.6866832986038166,0.25842599178313386,0.39373510979574283,0.6431333391503199,0.20011072150287124,0.5185157302450077,1.0,0.11763017733943493,0.13829913616975623,0.10700905706184463,0.15298236234404283,0.09611310004608523,0.11584521826113876,0.14048366972317677,0.17838566991754282,0.2674821682563596,0.1736574254734714,0.1416497323542201,0.09463331697597761,0.2131447319775467,0.10045050802725448,0.22767025045559053,0.14992002515722805,0.23446066717382108,0.19073847934725824,0.2100252928371015,0.2788146126451548,0.1797839205763496,0.21435560711735765,0.1964134443256599,0.2513863161966983,0.22792983727614818,0.22463294857044427,0.2896408266935568,0.14804832643333643,0.2478990314523802,0.19833861347969373,0.23122225842861288,0.2509040073446263,0.17481195220459472,0.20028944980354524,0.25021067816554327,0.21914098027480794,0.3121509247336325,0.17134939599506813,0.18667912396956335,0.20269960262884756,0.25572533819738813,0.17608328735093356,0.44672184018858424,0.1489514156492594,0.37084095601253186,0.7968380933744585,0.6730166429442782,0.3255138541060612,0.7401283310289662,0.17401065965015733,0.1705676065320494,0.14330269313032765,0.12923221996198536,0.24405799731616476,0.15403745517849898,0.13944454402861242,0.11043328779849614,0.26909187103673743,0.17105272874613306,0.13882204267657514,0.21390871517978088,0.15596521064708324,0.1261353140707301,0.1320559505304578,0.15181088227648512,0.2059288782247544,0.1965823667817067,0.22749483782334257,0.20849997989898214,0.2751670152187664,0.14731610083136554,0.0947204589520521,0.28398458269783416,0.2090996303613802,0.1445019103649588,0.2042929278739558,0.19162699036348815,0.14053566693912115,0.21369498831574177,0.2105705673903121,0.2400718129989687,0.2236548487388871,0.146561548871721,0.16130746614392777,0.14449310255858017,0.1887112992665468,0.2027963637816039,0.27613822431045615,0.17888694458671148,0.24440329510457776,0.22822307290826807
0.2037165712923205,0.23991113118864923,0.16870961908413648,0.33346437740803614,0.3028213760782707,0.10578065431154025,0.13290806528717602,0.1983386242217038,0.11763017733943493,1.0,0.5513482741981343,0.45394296655862915,0.14473429631936682,0.2253305212618696,0.20204535566487677,0.2533411753285168,0.18120265782942904,0.2616892900293823,0.20439377487505378,0.22919817955608643,0.2018672813675987,0.21108314077886994,0.2573739485648447,0.20682860883731746,0.5436037298421706,0.20912694401795892,0.25036235263114376,0.4736382589295489,0.258400810133056,0.3377453992523033,0.2899926372260614,0.2576867200959463,0.1581312255602523,0.16813022489047857,0.23982856099010647,0.3016319767984579,0.38807139255183026,0.2341687801810773,0.20398478314237842,0.24492980775307607,0.23680462589716858,0.3990325067080117,0.24375227596835064,0.37984996862338266,0.21141580847492242,0.2675741671772524,0.2596840178855509,0.18609841874116576,0.2398357853685013,0.3016883801842323,0.1170520086585766,0.32227323086730464,0.2446773630227555,0.3000804419582582,0.10394348711101242,0.1086872132234197,0.1714923909131657,0.11678389308004875,0.6720968403067001,0.4583519078754972,0.48754866805690994,0.1836150378083651,0.24154225487602748,0.2637193080493691,0.1662675938411172,0.2907138098135683,0.19209683963559768,0.19734244001080012,0.25113577685838157,0.2046777038651359,0.18452076217499502,0.2736682109734069,0.21302223108100413,0.2643062613034602,0.26478710107093734,0.4799651881140964,0.4285152802075457,0.19619887643865258,0.16674481288455895,0.23984010502772612,0.362491975131706,0.2578542552378032,0.26270279633261867,0.3384233956942437,0.19713263148501128,0.234749536774857,0.46040517933104963,0.385674671068423,0.29840788330475243,0.28833336406941135,0.2937680062857325,0.45674491101341835,0.23779442747761909,0.4143934721452441,0.28073490611578816,0.4016931105534393,0.2757877244371568,0.22766800720833122,0.2333552258668214,0.28748402765809833
0.15423255021573568,0.18720314499868076,0.1413328242354718,0.270692930980865,0.17199106751019821,0.12354911473367296,0.1645369931645917,0.17260638299771444,0.13829913616975623,0.5513482741981343,0.9999999999999999,0.4564113245112091,0.2075828315050164,0.22137951816155257,0.22454243011138186,0.28773231031490487,0.11143426229317982,0.26587702339351715,0.15809123052820762,0.20353122927040318,0.19234267631518448,0.1968798338759111,0.16277027818251458,0.19387701423347195,0.32510011316231774,0.1764138839696364,0.18093173949675356,0.32364930154487115,0.2300688199038892,0.1870640236599102,0.17804457244855842,0.19734234523154165,0.18828889102018145,0.2077486251605929,0.2441142091338454,0.24205489158178659,0.32887400856586374,0.1717509094577036,0.14916592355195266,0.12844754042188125,0.13585453556949484,0.20675155501600323,0.1141458171554912,0.2868677946660785,0.19980488774261004,0.16955703339520223,0.15516455754726047,0.14917220893656566,0.13596718725892715,0.17318775926166874,0.16455003965425527,0.24822433894391352,0.21275065136712368,0.30520000626107846,0.10881877454080541,0.12101713280377192,0.17807495668910747,0.1347014238566666,0.5027815393069881,0.5361555145798701,0.3843676890583518,0.2314944869726333,0.16879331951762155,0.2492612361774126,0.16114809722986126,0.24433879762344862,0.1592298670247869,0.166945410031638,0.16273938281611422,0.19657312249157588,0.1758656814498335,0.1241034958745904,0.20835774556965775,0.21179938952228042,0.14794442420880563,0.22461590868020512,0.22343050324513297,0.1545433281421668,0.16654343961229354,0.22893492765919166,0.17866288019311466,0.16827184196815118,0.19642321071243812,0.16638848540578954,0.18251143852054275,0.22703373621974898,0.37298320055986445,0.29292037698725276,0.21743678234139974,0.25861627417868716,0.2388735421297529,0.30470367302773593,0.31468678602277367,0.28445456488050597,0.24593061001239494,0.36349877728204794,0.2783007626434978,0.12713106037730323,0.15725994045711494,0.17567001735579116
0.19033959590188917,0.2086247317132722,0.11033490071205695,0.3184489439573618,0.2569999794408141,0.08829081193865786,0.21393309317525375,0.19679594553408594,0.10700905706184463,0.45394296655862915,0.4564113245112091,1.0,0.1701106843055196,0.26673557044824664,0.2706731080507511,0.3284694188335805,0.2969805345854185,0.29879532333655084,0.21691844165903246,0.2598153688938871,0.23608515062662172,0.1991320228067994,0.22559741153637083,0.21164854157141064,0.5044554368110933,0.4121139172983922,0.25005727521204335,0.33720287032384944,0.22042502249013585,0.3334991816657356,0.1616810642420031,0.20525897199687443,0.19418654486249895,0.19942416289428572,0.20255400787901734,0.28233760339103703,0.3181516424694596,0.17368276408863925,0.17996827120818476,0.28783384221474195,0.22970000286822112,0.2629904218945616,0.28583059734685123,0.23450541694608287,0.20231997452561892,0.25742522449189026,0.34628374271213547,0.3451849072010728,0.2685844043424158,0.2697507502581338,0.185871018254411,0.2467624430385799,0.21544130011850002,0.3102192986736572,0.10774576829795487,0.11243696522533105,0.19963871923134074,0.108129493372931,0.2631441882261632,0.21869180113870912,0.5750075529485592,0.2518390465585762,0.2483366628066994,0.20795271150656203,0.1795855853312017,0.327943968801705,0.12040022314772048,0.16551047209437061,0.26284365835138557,0.1944309303261086,0.20386088987203346,0.3043347566075879,0.24608311719882514,0.23283068048930816,0.467975081843534,0.49803445933599505,0.3733634271874848,0.29259502481990113,0.08902433070338363,0.15929372566194838,0.3423054154319156,0.18077286914618854,0.19769841871373856,0.2969548096950204,0.21202661180489218,0.2067100680430018,0.3736180656182873,0.29177371631482246,0.24947842217299146,0.2048080530010706,0.14694528236821824,0.21278118110818248,0.2341094524479687,0.1659018586250932,0.23424253230389624,0.29702111820923405,0.19474411472739853,0.2102910112472911,0.20653978147565222,0.22877917327369662
0.16728451976798817,0.26725259948559277,0.1872715967163097,0.19096401244754585,0.17546827336255688,0.1104096048024079,0.18306716561129477,0.2093825743679165,0.15298236234404283,0.14473429631936682,0.2075828315050164,0.1701106843055196,0.9999999999999997,0.513759044420468,0.5715003005827007,0.31857134895634037,0.2305658367724932,0.18528227937041447,0.2699790112341475,0.16883917961718087,0.3011106375960428,0.16604690135487865,0.11139635037055476,0.17895528674769284,0.12001592493060721,0.12492275852183023,0.20519309665146857,0.2029515709538159,0.17054323091843301,0.14147329712114823,0.1891494906597738,0.24478499496234526,0.12746536622967108,0.13658389479208718,0.12898302341724308,0.17767472226063952,0.20599420830533333,0.21939132468859004,0.24615022205033185,0.15778128083550544,0.17647402939380263,0.20380736335675848,0.1844036857229784,0.17444101570860593,0.23183622137197063,0.14233466717847854,0.12258896382161852,0.19126228805887904,0.18750231297000053,0.1759090302578734,0.20793510441003915,0.24077090769781734,0.22160099569667102,0.21730355965423834,0.12354076031319654,0.16942631444581455,0.16109392595898556,0.24989203026806472,0.14435580214609547,0.22184501894429343,0.1983357949338758,0.7537783238551553,0.3175264193877139,0.3357468210400815,0.3683754170309833,0.3523807148509377,0.2215272839157597,0.3079218421341028,0.21605475988404257,0.24827017544786742,0.1627458357233717,0.3096514387898898,0.12350235920445109,0.14873881894786187,0.13214993125066152,0.17355394586909342,0.1959110356185023,0.10829058566262813,0.2239434265665934,0.2000919855542453,0.1931741272053181,0.13719288591338732,0.1616211853683436,0.20242647459063134,0.1706059477737232,0.22969204729274875,0.17494300925703576,0.20420036217386112,0.2203133947553382,0.13373391550242159,0.10997057804914094,0.24952308215050212,0.21004203295319523,0.12484735387247714,0.2536030863217962,0.14566217205190302,0.11813519201410205,0.16934770982621328,0.20283457034646246,0.16930376570276529
0.22003359597120425,0.22798884770516492,0.15095123506183197,0.30135084054178607,0.29615154700598945,0.15375020893595648,0.3120229058929146,0.25149955430076515,0.09611310004608523,0.2253305212618696,0.22137951816155257,0.26673557044824664,0.513759044420468,1.0,0.6434056311791464,0.46615915096120686,0.3183832467593021,0.19676755731442758,0.47812169995885284,0.1990534540836479,0.556509619352631,0.14255324292446994,0.3285892742036634,0.17480915679905248,0.2606399751512741,0.08854593394059025,0.20973167315975857,0.24273416089256317,0.18302067825296395,0.1804006614445179,0.2224643488993224,0.17813443128779685,0.14665961601130464,0.1342663416310014,0.1466687506499781,0.2267061562022048,0.3205153132789445,0.24845112204892827,0.38582608232824683,0.20711729839182635,0.18134334253443973,0.31627527816807055,0.21309606119330537,0.20818923532333083,0.24502322460962161,0.19423697229770068,0.1864627857237599,0.21019723388167633,0.21730559684811893,0.20361395038164065,0.19924316371017364,0.30900016060222557,0.37753270042434545,0.22773114296743333,0.13391493640728291,0.16751549497853258,0.20397764581995503,0.1062289390163609,0.21929757108938347,0.21625367062815556,0.27398420791818645,0.4816696816623472,0.36839201950225375,0.5570702716239248,0.5277218099223397,0.6509861202516619,0.1918566059008672,0.3454798039734015,0.16333546138092914,0.25025895364939077,0.3362623738338722,0.26198612289864703,0.22737156798684935,0.1763482312111081,0.17292699466510414,0.2756131815609001,0.2215770398583804,0.1476510086399439,0.1645873236835742,0.18040470004963166,0.23964747486285262,0.1686541778332417,0.2353825537843493,0.33336996673306674,0.1546272132006716,0.22476586521943454,0.3037142030067864,0.21835994462057,0.25729190479277964,0.15250943197044675,0.16065846596592734,0.31901199721968143,0.2128621604783121,0.2421447558078895,0.258002421651639,0.19877586074782466,0.12929636083418708,0.17642496937409838,0.2089911038395974,0.206889536016241
0.19126682813156445,0.25718160325003503,0.21004976135317524,0.2358536630889253,0.22869563502703968,0.14964473966935224,0.316087399985444,0.21408652718687354,0.11584521826113876,0.20204535566487677,0.22454243011138186,0.2706731080507511,0.5715003005827007,0.6434056311791464,1.0,0.4612278480047163,0.2627352517844698,0.22976998597820245,0.31816304800991757,0.21740136201203428,0.46486362548048665,0.17334151351268237,0.22777951376761055,0.1869118288415425,0.1842299123316853,0.15072052657977855,0.16829099860039942,0.1490641764116126,0.24161611675972278,0.11689885810900197,0.16918619937440849,0.15501598054861768,0.13952274760189368,0.12755668377331875,0.16100445755793602,0.19813960833862318,0.2949381935373666,0.24358987796607953,0.2533296988286751,0.2500311270169291,0.22865372840014564,0.1979397089232136,0.1548593606866729,0.1466508344474047,0.15691855118821388,0.18060014499661825,0.16300708238597353,0.2468397222019744,0.22033419336958399,0.20893571502804265,0.18738074241180708,0.3112856526560766,0.3154889946792058,0.24634106590688176,0.12691910409389412,0.2255032942100305,0.23863698100228953,0.15403062731512282,0.1956925671702971,0.2480474649530745,0.23886250349436783,0.5584977525001104,0.3286189847655556,0.39494737544970215,0.506947344113382,0.7883066125348108,0.22838923819964513,0.28694189843275264,0.18136531741027184,0.17187871952125508,0.3202714142083114,0.3301422405431636,0.23409888899479014,0.13245632005970015,0.1792812528126334,0.20676480947620976,0.17084781343912853,0.14019458251109085,0.16619168961526753,0.19152006347992556,0.1768218476833588,0.15914183638855095,0.20124872666889893,0.271323690048388,0.1075067170539328,0.22423788370333342,0.22141537038020043,0.15958881293177163,0.19842562551558898,0.1464678996736074,0.1452631024976705,0.30074626195892623,0.216692063232567,0.15623042551263527,0.30794569359117835,0.1456665601083303,0.12448748782927346,0.14413750243628384,0.21611893813588343,0.17476708203662716
0.16948840586857056,0.24735556326855115,0.14444261922095344,0.30202436532681226,0.29632470803654093,0.1587199120804869,0.37859850665463446,0.2855647876719618,0.14048366972317677,0.2533411753285168,0.28773231031490487,0.3284694188335805,0.31857134895634037,0.46615915096120686,0.4612278480047163,1.0,0.29213994465164883,0.24806924113990975,0.3155100425717929,0.24160083262682305,0.3887611299942428,0.2316492809309274,0.2461016711630981,0.2504532235840672,0.28892044477069406,0.14496282946307606,0.28564557167456606,0.4082844906424018,0.1594287355963357,0.30233107032972306,0.1571830962885984,0.1626630577357336,0.12586361226212564,0.126751425865426,0.1142844211214247,0.4000089099959041,0.5309437648021667,0.15023560316553483,0.19948455109447885,0.2628190341755031,0.1674092622068814,0.26314595475222247,0.15347454792516413,0.27502418541633217,0.22058126552862142,0.1724978755982329,0.19836311139705975,0.24941807501538926,0.213891104062906,0.2632522806206523,0.186801743724719,0.3490113393480576,0.5813343641182226,0.25860720044079843,0.17306609955129368,0.1460396452294475,0.31870724708740217,0.1782210559483035,0.2487715632897408,0.21827519604907086,0.3375075105455189,0.3604353300793296,0.24235709327333183,0.282641777867032,0.35207595718291684,0.48925384188241233,0.13789458712375094,0.3024958047422514,0.3151646189368718,0.21684240744829353,0.2618859351998538,0.29653458721850096,0.2139518207601206,0.21718772143321505,0.2769668458558441,0.3056471619731773,0.23876508265414376,0.2216868708360456,0.11508540394618795,0.17364668005639794,0.2939158564368832,0.32485760654889356,0.30639676173635055,0.39543152513965657,0.2506115589857299,0.3549658500519981,0.4896838748014725,0.38446924419076933,0.3314703641739014,0.2683135108999083,0.22732481212201766,0.2669672141230065,0.21824830532384776,0.22817313888434745,0.3379386768696909,0.3885649510313913,0.24587378488932335,0.2237313584423751,0.1745357404021841,0.29670111909266067
0.27397488928845154,0.17989797242714306,0.19634002984937723,0.2672597558512348,0.24603932667097567,0.16516390228185937,0.21071811043496994,0.23674815161416377,0.17838566991754282,0.18120265782942904,0.11143426229317982,0.2969805345854185,0.2305658367724932,0.3183832467593021,0.2627352517844698,0.29213994465164883,1.0,0.17188837087490605,0.4217976821377613,0.284386609303997,0.3214360982001602,0.3468444429155402,0.2149155560084389,0.4979280024877247,0.2524156404858411,0.22145561331056324,0.19306435800691496,0.2132486102588679,0.11597534294912115,0.20986728389461962,0.2575971991112327,0.15698790862137582,0.16336580581471186,0.14286549308749835,0.15566893247599983,0.32262921859679206,0.2728938436717026,0.182456090282288,0.18398163672970155,0.24943476645866836,0.32919549531378256,0.2785672865018936,0.1933940018471556,0.3311091492172523,0.3681800959186716,0.26140155836481993,0.3546459504192172,0.3643310146725786,0.371700437840369,0.35437415715741905,0.22837656733908152,0.21358704314881108,0.21857474132311883,0.23191175107547088,0.1272303491649168,0.19113378342104073,0.19993674053058855,0.19035655660613807,0.20892439890166287,0.18832302133175993,0.22629455401691062,0.2783135145646413,0.21803522677575052,0.18198464265040393,0.27322255638408566,0.27861895201016273,0.21122707969180993,0.46477079796027787,0.310713953380928,0.33279896227379774,0.23857624885689435,0.2671269635019596,0.31864793791386886,0.19329988052815017,0.44365071125087724,0.24999615104582504,0.28599734186156234,0.1727331278850749,0.2248884268887937,0.14808611624278048,0.3302732086655358,0.30384109531986536,0.3399613294877769,0.3082740831562245,0.23933544488732342,0.3702616790950453,0.2710839139323538,0.26420500937859204,0.34451333498547393,0.21432756748685233,0.2529444816810434,0.23463413307646647,0.11890538736856382,0.22590101031826051,0.17886822919250153,0.2035863993715906,0.15067006077069453,0.3965861733095349,0.3253221812093875,0.3279642742127621
0.22403478515900407,0.37986742650030886,0.31516093850837723,0.38015771151109434,0.31222228754625064,0.2520449487324593,0.24072833358284357,0.29988349697013256,0.2674821682563596,0.2616892900293823,0.26587702339351715,0.29879532333655084,0.18528227937041447,0.19676755731442758,0.22976998597820245,0.24806924113990975,0.17188837087490605,1.0,0.1465007613854695,0.40577081216960004,0.1824561717107111,0.20960692126200023,0.26702218975200437,0.16435652724119548,0.29256166370708214,0.17062297874832288,0.3055277619463986,0.22333431206003937,0.23604809702110938,0.3043070174094653,0.14526666791016246,0.2191481600828276,0.19160321102007372,0.39852542056301765,0.2338427421407335,0.2694501063341561,0.1871993538613257,0.2200502118828196,0.23992875790885257,0.22389185213977383,0.20638087030754135,0.25329408408774723,0.11425346416213282,0.17391639329734812,0.21146230728317078,0.22218652974156303,0.18388003507292577,0.3370110914617767,0.3024388804698309,0.21482339151697757,0.18593397907181797,0.2891365184747213,0.16205622938742412,0.28358332985392964,0.23304522582040615,0.33248018700458637,0.34221265111183785,0.1621505226071155,0.23101418108179708,0.25980286006819886,0.27422229871527976,0.15498748931927395,0.15506215368716403,0.15676577231791297,0.14667734496505003,0.25209068632578796,0.1965567030052466,0.21217763728788497,0.3239752022195502,0.5192384239327535,0.19821388943228496,0.291847245514193,0.23518695530876216,0.1278150256029857,0.32077439223424337,0.2573518543882528,0.16684812036863003,0.14399978389114282,0.15730207783396158,0.15875743199964995,0.2266769114389274,0.12470775012248916,0.1788892336472094,0.2215253282201733,0.16325396611164178,0.17200496647411892,0.17955556579805593,0.16491327068267206,0.23599552673806515,0.09724768693368295,0.1188882987469973,0.24879424903483183,0.15290127265108283,0.18869038927200876,0.22970444570945714,0.18151785005474896,0.15028799948677327,0.22952477257374876,0.3485897390277174,0.1872459957864535
0.2078656430355901,0.2342905009679072,0.22032632823114745,0.2665814408569305,0.24346064927496036,0.22865573449094945,0.2414172980055651,0.25575025974008303,0.1736574254734714,0.20439377487505378,0.15809123052820762,0.21691844165903246,0.2699790112341475,0.47812169995885284,0.31816304800991757,0.3155100425717929,0.4217976821377613,0.1465007613854695,0.9999999999999999,0.16358156027405418,0.5063354192679432,0.20837960027447008,0.3442959923444749,0.21004781197780226,0.23143386301754493,0.15581514440114685,0.11660978510465948,0.25934414047756976,0.2042215653602458,0.23300947485210027,0.17697816762021304,0.17919669994493984,0.12109896095156131,0.12226599809325883,0.17337921587228566,0.21506491784253332,0.22787515311592896,0.18944209264080936,0.30537285421450294,0.223161358390992,0.14363948539126203,0.2580756476973165,0.24271270099593967,0.1968402235851211,0.18265231954155883,0.18720817238774645,0.17950221494915805,0.12988629173924374,0.1932488761328113,0.16834144397728298,0.16083559713707252,0.3496975568846799,0.25402848982205645,0.30098747969965556,0.1846518800290219,0.21963210957607465,0.22303763195743911,0.22040909121053118,0.15573191568215744,0.12518596226227677,0.178703398698872,0.2927231098082331,0.244890297916546,0.27506830458482545,0.3539428143688505,0.3399859483120121,0.23181010930064225,0.5048580767957785,0.12463759821828577,0.2806197079640983,0.3201079269329788,0.19893022894515205,0.3129401736419691,0.13017705728999546,0.19723522882913982,0.22154683651455265,0.25124149017333414,0.13318663680608453,0.17972383116832003,0.12801565342608087,0.21968463501796862,0.18989798628782242,0.2576931158706933,0.25531087774807093,0.23309519920633484,0.3031023494609959,0.24297710566497255,0.2671285665774821,0.23687655016042167,0.1554848214758523,0.1512064172393131,0.26438387635348326,0.21312033738249908,0.22678602101175852,0.1518992999467602,0.1829711682133427,0.15835992101976937,0.2760651161967999,0.24097301681303368,0.24979121248272623
0.3386996757388349,0.3246280338582931,0.27533905722478286,0.32792813583957636,0.20264212878449647,0.18958812200514646,0.353397116022593,0.19689180982149193,0.1416497323542201,0.22919817955608643,0.20353122927040318,0.2598153688938871,0.16883917961718087,0.1990534540836479,0.21740136201203428,0.24160083262682305,0.284386609303997,0.40577081216960004,0.16358156027405418,1.0,0.21841212559611298,0.23794187141786466,0.24854414511883163,0.31286423708647493,0.33546726440877755,0.2381703637711768,0.311889384960015,0.1924335073447888,0.1841051021008056,0.23940672653870837,0.16688222477576026,0.15830059254437792,0.21311364885956371,0.2066894472749205,0.21274725802651578,0.34670561025197244,0.20956783210421912,0.21165605046942482,0.22739426606313262,0.31388379779059383,0.4323365468905667,0.2866846480449939,0.11604861607515676,0.24088074204123333,0.48256954243298933,0.2383443269075799,0.25135857354170044,0.5988106242566947,0.5755003915645441,0.45578585857712267,0.29904678951458286,0.2682049055613611,0.2659684389095511,0.2949838426528889,0.1560810152148533,0.24207680955031105,0.2705189863861767,0.13205708570456945,0.22512323355260366,0.21806562354324244,0.2941940530613892,0.1603662162294656,0.21547024892755373,0.1436246140474483,0.14621990296596338,0.28006113512061903,0.36636753320963306,0.18146059990939706,0.30049917207473753,0.30458835583135174,0.18848185510131935,0.1942610049483116,0.22441597284431594,0.1292898354385421,0.3059055756659254,0.3545426853005583,0.13983277086371484,0.1166287674979845,0.22044143799321028,0.23625665658850017,0.19136101892020962,0.25624170899544424,0.2817315674872798,0.2752140708358101,0.21704366383392162,0.29059043130304385,0.2197069403864713,0.25193519491027466,0.34340787671312284,0.16551071817477642,0.2557909700263317,0.25913842183927205,0.15714121602418044,0.25234259285994914,0.21567082524665285,0.16181087198556018,0.1906895029089461,0.49712341865487863,0.44014808943904776,0.3975277100163261
