0,1,2,3,4,5,6,7,8,9,10,11,12,13,14,15,16,17,18,19,20,21,22,23,24,25,26,27,28,29,30,31,32,33,34,35,36,37,38,39,40,41,42,43,44,45,46,47,48,49,50,51,52,53,54,55,56,57,58,59,60,61,62,63,64,65,66,67,68,69,70,71,72,73,74,75,76,77,78,79,80,81,82,83,84,85,86,87,88,89,90,91,92,93,94,95,96,97,98,99
0.9999999999999998,0.10358574976844058,0.1917925253542991,0.16016318753001257,0.13225659344361193,0.2090560771562077,0.15560783115671395,0.10904471951166102,0.14064131265422927,0.3475108072117682,0.213242111641199,0.23236625857278673,0.19382451202643017,0.12697406494246666,0.12141662081589254,0.22439527837613907,0.164731032178418,0.18263743318133013,0.13635934103069652,0.1478946004703869,0.16422490052566852,0.11578188767285234,0.13272362249230313,0.19181733629436512,0.20919330693867566,0.1479370746189737,0.2953700432219592,0.16905970136642795,0.2300078187390359,0.09207452427326654,0.14782194079041275,0.21017890615714035,0.2680595664692489,0.18202854069167274,0.07599892280970183,0.17434663549855361,0.26512078171958947,0.3019268838873853,0.20811553605612823,0.14169651104924375,0.13859189919180598,0.2074605565784157,0.1722357740876048,0.11143701713133046,0.08757334198197392,0.15728874109433025,0.07706464097908831,0.1805901236677539,0.21361289710041398,0.231770059072895,0.2573493946165761,0.17184115064024974,0.12830508350597025,0.11105795162167738,0.22747681862125946,0.1584627474985233,0.17233729324374958,0.1201638330720563,0.17146207408762013,0.35467196523980593,0.14927181329153455,0.2575817889600711,0.2205089480571756,0.15028653918587237,0.174010383891274,0.16341118282431116,0.1785768871363439,0.17097755058716319,0.18583269025413668,0.14866305213702874,0.13982376598991558,0.28566934857805176,0.14964786616256026,0.253792128996839,0.16583032829779143,0.19913863965871162,0.2578756524923214,0.24479342588828995,0.1587578195392059,0.15341738214838183,0.2810794338207809,0.21456197885351977,0.1475009537007582,0.14672956219637912,0.3009717917037932,0.2814509650546897,0.24603743756526322,0.24746868655245566,0.20996347584484276,0.24897514731456166,0.13932154648008815,0.24590070305166728,0.18965842092752075,0.2003356127928812,0.1998074596889546,0.09537460613292764,0.2458433355078013,0.2551337055365004,0.22803384219626846,0.24676321569169646
0.10358574976844058,0.9999999999999998,0.5668124394439075,0.37759361860706925,0.6564749572267926,0.27830094372271996,0.35518542847268914,0.3576332658266009,0.4414668705491368,0.1545325437747746,0.1936308906357892,0.3540048393603777,0.2369626817324728,0.13660390961685626,0.23603693015876148,0.402460636427886,0.2552498649842908,0.27387196612658526,0.22582530345773938,0.14399743964894474,0.1041659289444146,0.19300531812571975,0.2587097655826927,0.35754917377287465,0.18191409150748022,0.2727890038619273,0.16169487577378777,0.23142996302994925,0.16799884740328033,0.19500078943840568,0.24126990775613574,0.2556506987733209,0.18912862069360575,0.18870674621834915,0.13712182264580342,0.15273295731632122,0.12958463687220734,0.20300576838775045,0.17165308439578186,0.23800392044370206,0.15328908848165407,0.2150860591617242,0.16951150248865096,0.18735508234486095,0.17989305589489687,0.11951537906979924,0.3479166728644621,0.45578701294760154,0.14032071824525227,0.15255921691229718,0.32724261564832313,0.5601298311476385,0.5515651175936911,0.5765873828601693,0.4909409206445401,0.23806942509036183,0.4506662451857644,0.4447708910495869,0.3673993449267843,0.1605004085796224,0.20396248295466682,0.2607313427032338,0.2634540555500022,0.21060737323720408,0.22633477544390634,0.21923182689456286,0.24293296935947323,0.27377698445488985,0.2631423525735292,0.28949176467223153,0.15410582672909848,0.17303448064062313,0.2429543393471882,0.15581249059057872,0.2894932124461773,0.3728794952241206,0.16117911797395557,0.33451986945005313,0.16208476026416999,0.342270418344534,0.2870241124999079,0.12521893126603484,0.15896610874119071,0.21301443541717446,0.15805908879043815,0.2838337879940184,0.13802420014661618,0.23916697204056872,0.14113961293223007,0.11681974345506668,0.27978034716179967,0.26960523409360604,0.19179329478804466,0.19691970824154936,0.22618104726034374,0.205820660361332,0.16134915920023446,0.15741714470050105,0.1621490163018552,0.14554200054875324
0.1917925253542991,0.5668124394439075,0.9999999999999998,0.20904784070960344,0.4265744237279779,0.3985370454578598,0.38535581175009603,0.38896763906606413,0.5121709835417299,0.1668454790541288,0.18647944058344032,0.21616161155295446,0.17656414548209828,0.12107280121049557,0.20679651067033566,0.37013978233784867,0.22363867499631096,0.4182220173809087,0.1292924142924206,0.12643462903010227,0.15208054179497946,0.16093446273817474,0.20378831365575403,0.18174864861477408,0.2212800054150247,0.1319363727856438,0.1497799166021057,0.1779260419576541,0.1650162797882584,0.20172074704828474,0.17940644878796663,0.12378014527719383,0.2526085411772912,0.24896377271802214,0.13856271502236817,0.3414056956494296,0.2248695595424271,0.18950222463066183,0.14953664659359928,0.20121150153347375,0.15599564352606288,0.1785836072981229,0.22262116867105408,0.18617422771398423,0.26713330041321937,0.12001366895480078,0.3088915300567115,0.22717536885023085,0.16020111794167394,0.15622083322539426,0.4485710706685887,0.6336313797810383,0.5414427957858473,0.3682831951525006,0.41284383796411545,0.47542140176510955,0.5017426887386279,0.5498895801123637,0.2696772207088824,0.11153502067162416,0.1729207317853633,0.19664003629700427,0.15922639350521986,0.16604870598296784,0.18141193015915377,0.1769020095888341,0.333616556694891,0.21073911687865668,0.26194801963824726,0.4888835637480881,0.2138025423110062,0.250339934315724,0.20713302684765156,0.21459610797629167,0.23858271624141145,0.22420130617777856,0.16549295363149463,0.20351285501882657,0.18339844777665382,0.33633885503300986,0.2580643819709427,0.2552871804511734,0.16415388921603932,0.21959457325584883,0.1786346965747944,0.2314601420914375,0.2068063767083058,0.31068420434313015,0.23682514270785068,0.15252671453430983,0.3828856874304083,0.382053674237594,0.30452186528658426,0.241796052136575,0.2061348266298565,0.1812804304841497,0.15367810906532642,0.18437830818789872,0.15083611738262545,0.15227615087441426
0.16016318753001257,0.37759361860706925,0.20904784070960344,0.9999999999999998,0.49554843561825673,0.26029372019017977,0.28815068882211775,0.22178554652784455,0.2466127208955644,0.1909521450133586,0.25215953999998936,0.1295732772362023,0.13679855729433452,0.1726293344086746,0.17021794524044306,0.3152654295407982,0.1703162873852821,0.20982643719980412,0.24804154767696712,0.09264898258843914,0.2339831629659232,0.212813753344811,0.22000251309373714,0.13990148091260868,0.15356781021849503,0.15846889392238653,0.2072971544739041,0.1361753157866105,0.19856742700119603,0.19986343404161577,0.2024369398383176,0.15143665285301988,0.2292908768277836,0.2695617359675101,0.21011271177143948,0.19023406393128264,0.1356886975627284,0.140358839613334,0.16843261049568362,0.30807511584102065,0.1995777470081798,0.1435566444744005,0.19409425566001273,0.3067935228813179,0.21497020658915397,0.13122852586829226,0.16672565761825753,0.18115532385073266,0.1142347883729771,0.12497838373175056,0.12454334279021856,0.258388349747656,0.20180321909509588,0.579595583247627,0.27171393444171793,0.1450093611436617,0.17807162321659376,0.20330425186320233,0.1363364681683681,0.1309874174582223,0.08352362803704969,0.12112448633099336,0.17886449248298728,0.19136983959765136,0.25711486461850075,0.14958560703647225,0.1627473290920951,0.25607830396457143,0.206335534822503,0.1749043831013516,0.1525131096419865,0.17300102117551425,0.1796168856607785,0.14597240808436174,0.1861854776765529,0.20949880915908328,0.2070307003990602,0.20348266651847843,0.21267745061880441,0.08915577995571149,0.14146114190138312,0.09667448608802505,0.11949423537853018,0.14445264455155832,0.27246425442424205,0.21606442357109323,0.1444886477880284,0.1374019861127611,0.10508140689321195,0.13085448083626317,0.26750490446797187,0.17629221453920918,0.21709288167483096,0.14101457322503028,0.1297464507710463,0.16037646737213157,0.1357469230741621,0.10755504422826931,0.12806439267755487,0.12899192285413777
0.13225659344361193,0.6564749572267926,0.4265744237279779,0.49554843561825673,1.0,0.2919581115153522,0.29701356465301965,0.3319687301189741,0.46970360365065694,0.08778278087584152,0.15582045317382182,0.4620243263715344,0.26968910206642666,0.1260921711133705,0.21134901905384934,0.33135824942205355,0.28462586498651254,0.1766360294785866,0.18874579644982623,0.20566119553201803,0.16519159506966977,0.23833069240481178,0.2503181780504418,0.40678088190793577,0.12452987977484378,0.36332769625589,0.1319893117826911,0.18211652912617823,0.21622006711611005,0.15560914386825458,0.1675565368000086,0.19401336557606502,0.24936749249687928,0.19893487512828545,0.1342047390099544,0.1713714572767078,0.11845835634462813,0.2093604221270689,0.17743828976259204,0.22187468614290912,0.22787375119127048,0.24684990540603463,0.12819041647582752,0.2625314144764305,0.23566462874267285,0.14381782309410598,0.2655332526942041,0.44181061822988443,0.13278875303133264,0.16672511863040804,0.2517293433221839,0.4304209486375276,0.41330271244185,0.7090809826624392,0.6333597726647215,0.23190162741992054,0.34176219124987967,0.3920335076181425,0.41761506918913555,0.1752440638197944,0.2889637344580404,0.2538863936417567,0.22401834271379448,0.15041460701624507,0.26422857461618876,0.1641365496503493,0.22702644342654865,0.2827996737442983,0.25930243152398685,0.20177074365171185,0.2050738238192531,0.1499058311200096,0.2955388303432521,0.20232854403500294,0.28852821922446065,0.3490690116716709,0.26421383543292537,0.3091431470571773,0.14893120722872993,0.27889118764103926,0.3035910636240702,0.11393146341295265,0.23425143186259387,0.19588520864720818,0.2256634886612067,0.26770385358484716,0.13908584757099884,0.23348557627481892,0.18791312810177263,0.22442597682571253,0.26659615699286143,0.26214262156381535,0.23298110930707022,0.21279629428841743,0.23092173904297486,0.26673894584739055,0.2582064264646331,0.2572596482118884,0.15738566168025542,0.14962975453728233
0.2090560771562077,0.27830094372271996,0.3985370454578598,0.26029372019017977,0.2919581115153522,1.0,0.3468222839663706,0.2977672614845843,0.3425342772326935,0.17405753910238808,0.20474736617658515,0.20198951582637184,0.22479180120669748,0.14934466009475575,0.1160286440022757,0.34370990317064226,0.2051903281616341,0.32720916675313616,0.277946043308885,0.1298464857963991,0.15639571474231104,0.13821938984079696,0.1549655076270534,0.10668178334819077,0.24590326264595866,0.17898562058591744,0.14652653421617465,0.19725594657172676,0.19472056151169428,0.09490270996980224,0.1915483255122405,0.15292594675859114,0.2888900195966013,0.39746104590514403,0.09440428739461625,0.31563670199151694,0.12171364841939458,0.11770356805617238,0.17991968657164242,0.2343370830141685,0.15808723029506533,0.21136043823687461,0.18494637957401525,0.2215468286899269,0.16626706748894948,0.11856878823570664,0.14146104057465933,0.1029502791093997,0.21898972054749846,0.09863392040860028,0.1376040086616001,0.22594057000609025,0.1494272014028065,0.2710965724658215,0.5220182306252137,0.5609172884740578,0.27948840598815944,0.2602800731604491,0.24396575977474852,0.10757826165347699,0.15900780267200484,0.16310216736572006,0.1066763139336626,0.15461525919671465,0.24753539046779094,0.09936603039008489,0.27095842400496367,0.265419271296896,0.1955281573947892,0.3273727685042822,0.19637924378402485,0.1271878650327801,0.14233741910697542,0.18063424042233842,0.2160979772042041,0.1424653282035456,0.10941838476560323,0.17581605176000184,0.11236661548851273,0.2264791355647369,0.1660284449332431,0.18735502295409498,0.18760909350843474,0.16692089598489546,0.25477130833340983,0.15916147707883158,0.11979861988016095,0.27250729773259974,0.1473394898791233,0.15554663209687924,0.16987217055940323,0.1475338650420056,0.23085676913176587,0.12878094675182875,0.10875050427911748,0.1658253644826796,0.15602303574549314,0.16043821456574192,0.1706015197447461,0.10708533001519756
0.15560783115671395,0.35518542847268914,0.38535581175009603,0.28815068882211775,0.29701356465301965,0.3468222839663706,0.9999999999999998,0.6082158155657615,0.4564248831562969,0.19292694295814314,0.2363149636207194,0.3273124502270586,0.2432075238784605,0.2067476891426078,0.17533603611963341,0.7139840923370484,0.26087964899824306,0.4547640658617038,0.22121275907874507,0.20109546682746518,0.23574391502504888,0.17919658279430078,0.2350395303425153,0.334695262682521,0.2935066349167388,0.23216771140030723,0.2241086154145224,0.20495180579260128,0.22754180060953214,0.18648495395272927,0.08860953831509889,0.13570205068917823,0.16371789489484112,0.476435216860712,0.1088221940309069,0.2668529468546886,0.13139420122614853,0.20164287537006323,0.2179150550886067,0.18590817456356878,0.14659022292832113,0.16799471513474692,0.14690642708016435,0.3252368872129703,0.23096402523964127,0.22083042432711397,0.18392920085999215,0.18947957819940628,0.26056841643459155,0.20562173250486027,0.13653085900510706,0.3538466389513156,0.44755599986702843,0.21601478186953538,0.3524946166403916,0.2111370226378751,0.6208949381324254,0.48646875609590456,0.3197235693505586,0.1282411507117065,0.2526128164816926,0.2435057374794476,0.2461060612437909,0.18918340024096575,0.31331405499390175,0.17816927935435978,0.36945079578856616,0.3829488311941086,0.483158183410625,0.5579298826544563,0.2928265337116961,0.28247986466249125,0.2656909117302988,0.22842575338184387,0.5633378280119464,0.3829384859939771,0.2354874085973372,0.2955463845641195,0.14952799586359444,0.15974031725871984,0.2975611997702909,0.16865879587398583,0.07585069618523714,0.32344899260835824,0.19957086278684133,0.2049249860220181,0.1868816734719355,0.22377838594381552,0.14536724613929994,0.1687821661527911,0.16945364750719996,0.26965766308810807,0.2446006057085791,0.18379010824940278,0.17176269136430591,0.18293811428595103,0.14166093495703164,0.15407680034262586,0.28186837062058123,0.20034987443458802
0.10904471951166102,0.3576332658266009,0.38896763906606413,0.22178554652784455,0.3319687301189741,0.2977672614845843,0.6082158155657615,1.0,0.6420808417017654,0.14697357522159565,0.15246817556857317,0.2780222956068038,0.1568807462589369,0.23460524226983226,0.1944361596884837,0.4988085676486451,0.26102084311966245,0.3567764262256794,0.1661875019953098,0.17933675288320283,0.17632871569944314,0.1385365506019501,0.2091314787289632,0.324841103894914,0.24268720315663359,0.2558695640045872,0.21123722231913777,0.25661958020424386,0.1706371520714035,0.19244299272414256,0.13352658196724868,0.16168935271000048,0.12302929872541599,0.42441899049661513,0.11470195002293239,0.12909025778436772,0.10470402114849536,0.3271513708961554,0.2601224639150058,0.1898369805012487,0.2128780933193918,0.20169114046187414,0.24869727872562564,0.5018093662668092,0.46318092092264673,0.36919346558318844,0.41510220258996805,0.2541906078900645,0.22562889334983238,0.31886390274739584,0.11147786523578776,0.32950584672805916,0.3840837841338016,0.2747291836887848,0.3468524360283016,0.22141108986593566,0.7407825753210098,0.7056086323307782,0.25237950572138657,0.12876160630284736,0.17150709422926133,0.12893599235183084,0.16675865176926497,0.21614827082521723,0.22668804241530754,0.189186300639918,0.3424859077610223,0.2127404094343701,0.47412136191483534,0.46148509637581064,0.2451473683806329,0.2193502019210917,0.25091935109792723,0.19382781492026716,0.5085451973399391,0.24732849556957717,0.21583663700869601,0.17059629120433698,0.2038062113322744,0.2213399296692843,0.3105734869317485,0.088604313493116,0.14223434555866218,0.31759984248229306,0.1630770085968082,0.12301287164257893,0.15779363699723517,0.26198511360428345,0.13864618854312868,0.206790769495195,0.15525792873393254,0.1382718897364873,0.20174509743657992,0.1729370247996527,0.1756817602601317,0.4371963849781346,0.1494057549014597,0.16491710019716513,0.2657132213444593,0.260994533946872
0.14064131265422927,0.4414668705491368,0.5121709835417299,0.2466127208955644,0.46970360365065694,0.3425342772326935,0.4564248831562969,0.6420808417017654,0.9999999999999998,0.13150850366509348,0.1301708006885489,0.30724914087562777,0.1370281916181313,0.11275520957449135,0.20522384029969565,0.2738893450708893,0.1579909332116998,0.40531560017624946,0.10773404500193441,0.1525008979798207,0.1342439682822557,0.13537158274422614,0.19713313832581528,0.3096169738121808,0.1601244640743084,0.2974965362196358,0.15913364877299052,0.22208696297223773,0.21015512289623886,0.1743371296907508,0.10679050832118911,0.1671996460858316,0.18900510019061476,0.2977754411171949,0.1250168852422751,0.2216951050350698,0.1381774276077533,0.24432124223039864,0.1745248319294832,0.2209323752408714,0.23019794887917489,0.20235014636084478,0.29256050919723936,0.34152188548324847,0.3915426805792497,0.29441138996653105,0.4135125985381088,0.3288109497285595,0.17328953515347323,0.26185707291250726,0.14371955299292416,0.40707356611906204,0.31258992514261574,0.33407878515519007,0.6105032607585356,0.4897401569930394,0.7385111560659249,0.8585849124479474,0.32989494745212794,0.07717186331821216,0.1854263912560776,0.12134677080568543,0.17063590206447368,0.1203778946690389,0.16977562111144973,0.20708521163329607,0.41535142439164197,0.19393902069523516,0.3257816813291241,0.49501377450860623,0.21475512363726293,0.176943103173723,0.2024253613952046,0.334417071361909,0.3465358003027828,0.30790745914423023,0.2730331861404829,0.22274312746310798,0.2594829144168346,0.3127581067344935,0.25533948589407984,0.17368207362872273,0.16486909891847015,0.20066116466427947,0.17351704589357742,0.16777478403022592,0.14436366092284525,0.2844848419408214,0.18453191911968428,0.1474165381840483,0.24101533378838308,0.1774553017785355,0.3162600818839766,0.24727325806343792,0.21973660763688369,0.2857260738909007,0.19779434844288266,0.13169734551289972,0.21821301320734746,0.214090982335895
0.3475108072117682,0.1545325437747746,0.1668454790541288,0.1909521450133586,0.08778278087584152,0.17405753910238808,0.19292694295814314,0.14697357522159565,0.13150850366509348,0.9999999999999998,0.3923603428976976,0.26300720626352386,0.10939666257543607,0.2741887693858573,0.3301399931047629,0.23166883908115266,0.24016662991074428,0.13772722628752374,0.2734215587303541,0.16134470780029408,0.13815552770016512,0.11841303848645077,0.10959710443946018,0.20819391324796288,0.25142316870547066,0.12173082591820765,0.26057284450500506,0.20942423328695461,0.2565706018373127,0.18398803623358473,0.16923122198478455,0.2659828897402615,0.3213797562496772,0.17396466213400785,0.13304079512295094,0.15422123610756416,0.33776426875040144,0.20645634280383557,0.3110701969131365,0.29210103301437595,0.16386048925475247,0.23108903746241782,0.18404561764229685,0.18631850778982226,0.18225569144822457,0.166263383381652,0.1564433187020791,0.12639122703360905,0.23749503294696708,0.2776797686667438,0.35809349733087154,0.16932868399255685,0.2107300579326169,0.11875738196453771,0.11829016137284176,0.13903189035970734,0.11493344350425143,0.1783860461185683,0.19928186838214115,0.45098950144143657,0.20109856150545902,0.14903741579483276,0.15309855387936194,0.24549803399406514,0.21428477488578734,0.2898204704574807,0.21932820910717707,0.16549639324710214,0.12292175079632311,0.1450271992740159,0.16458887716958487,0.3728897727463489,0.12054365760661377,0.31031255902672067,0.28853506931327366,0.3722022931790978,0.2664912248413002,0.1713779437261391,0.13583788604034774,0.1023391092221681,0.25914349170334955,0.19498207031596984,0.1409837971273644,0.19909394812592845,0.31326928168368345,0.1814454487440302,0.37974885013835674,0.2365406627523622,0.1970794430073749,0.22322009664414708,0.1935025792584707,0.2230408864921571,0.225399556465245,0.2832731866298237,0.13863489833271023,0.16858894499859833,0.16725500664903284,0.1925988047594685,0.2347595783468008,0.2619891299732206
0.213242111641199,0.1936308906357892,0.18647944058344032,0.25215953999998936,0.15582045317382182,0.20474736617658515,0.2363149636207194,0.15246817556857317,0.1301708006885489,0.3923603428976976,0.9999999999999998,0.22032338608031743,0.18349396086870629,0.1193341304903153,0.19014988933522822,0.24638733654761666,0.21604858864588927,0.1530839966389944,0.3326718768096278,0.1108506885862079,0.09723883751081792,0.20936731061598152,0.22268631239824993,0.1238235321307957,0.2302809537217846,0.2347805889722681,0.19673280830064857,0.21852545524004588,0.19612071540507067,0.22140355609471188,0.054273967808727556,0.06470720060246299,0.2608901319291202,0.3024381838977155,0.2668546560512535,0.1576198880278569,0.2377559871894489,0.19907806091857772,0.2244622696951159,0.395756715693641,0.19791903557692644,0.16759877989190317,0.13629543359425017,0.15589062677547275,0.1738077487457581,0.15004828585058105,0.16422831358147388,0.08365373884461566,0.14636408336722742,0.1822509975975108,0.322894781266837,0.17857159234500186,0.14372665786816105,0.25415540867269637,0.12716280207280975,0.18065196338818768,0.11633611485325693,0.15186393144139246,0.18407905967150315,0.27928621015814964,0.244341215130441,0.19044985690014443,0.19316116638775188,0.14738348958480543,0.06406782353073631,0.1371533854488823,0.1499888821526377,0.26129041513948775,0.21595250115489695,0.12153821802110026,0.11469618780539625,0.25043793687140437,0.07389803063730016,0.1481631694498776,0.22484054403961506,0.23742998498952606,0.11394263509708995,0.12112890932179868,0.18040415804370674,0.1538287516751302,0.16791010649435759,0.09934791657109582,0.10170520046091264,0.24632138642022777,0.17067687136674162,0.140481816584719,0.23786038321744746,0.13772019693175788,0.15761047800807826,0.1497798878277286,0.15481482212752515,0.2036448227576238,0.1704899466230509,0.20784025655414312,0.140552101411146,0.11948827700543085,0.1716809456854432,0.12864828540897802,0.14317538876686742,0.16658136587614666
0.23236625857278673,0.3540048393603777,0.21616161155295446,0.1295732772362023,0.4620243263715344,0.20198951582637184,0.3273124502270586,0.2780222956068038,0.30724914087562777,0.26300720626352386,0.22032338608031743,0.9999999999999998,0.29938214371460276,0.16644282368325564,0.28639183469008556,0.3419287995612611,0.32646767187010656,0.17569521971595062,0.1731125535993394,0.2787215297091551,0.14342067176678028,0.19367331097678087,0.17487630075632582,0.5355915227535447,0.11579243708916384,0.3751708062700171,0.18600743404122555,0.18106737171286158,0.19379976456313008,0.14023508739957127,0.13456773880446338,0.20641994408983166,0.15383953306402814,0.18993294852042786,0.08561815264041168,0.15543170504217949,0.09287304761769859,0.25565290492385534,0.23473266549416383,0.1935128350257808,0.24353512095238022,0.3131666921071206,0.11890539206502343,0.21536857733248063,0.1951956078710585,0.22143698117895144,0.281096853380889,0.38944303418867443,0.23938751210094653,0.23733234573350392,0.18133797073146923,0.23852350292236332,0.3299071061462056,0.3185988572754583,0.3912646298080995,0.17173800109644333,0.3175767893194184,0.3085261942533561,0.4576467610313199,0.35777402182698564,0.5095039221689338,0.2652164011590757,0.24675002912065486,0.11973044040637444,0.24303290998517976,0.1840570002594078,0.2765254269889645,0.27885899813607407,0.3293921163586733,0.16195790593014575,0.19053821894126172,0.26839343134488325,0.23568680099938222,0.2802026242084338,0.4903191129257276,0.4263885507572434,0.24753789771245283,0.2907558648938543,0.13539667309177497,0.2410881657281463,0.30967972016931544,0.10039572194109755,0.16182273882438034,0.3016847688959016,0.16913972268537375,0.298725349610069,0.13416928600605324,0.22710483214038094,0.20241017663662297,0.3143906631754303,0.17132087540981578,0.2113439827796476,0.18460797968820533,0.22224065266380397,0.2706632911349125,0.20795302781296146,0.3380785887338375,0.3401293257603493,0.2598873471097304,0.22663554741024175
0.19382451202643017,0.2369626817324728,0.17656414548209828,0.13679855729433452,0.26968910206642666,0.22479180120669748,0.2432075238784605,0.1568807462589369,0.1370281916181313,0.10939666257543607,0.18349396086870629,0.29938214371460276,1.0,0.26551998957932516,0.1588002628419995,0.2504042316665863,0.36887852386024494,0.24997652095596376,0.22142975571256335,0.22220276685094514,0.12729653732814494,0.4504764798406651,0.21218558444387822,0.31708977083641904,0.12838480196360724,0.3382713508816351,0.24339477534405304,0.4646811374299617,0.33428304142910137,0.29847878324072885,0.1199898575901993,0.27799723115903424,0.2553704124099958,0.16800115052963208,0.2626631749394602,0.26545970860025686,0.19569760380688428,0.20485607078493018,0.17230644345702195,0.15456206030522113,0.22621676774767932,0.20219258636806714,0.21532794698845653,0.17158844899695158,0.15248334281143394,0.21283074004472427,0.2219666117067731,0.22166907371427985,0.16853504638466232,0.1738144029662173,0.1456913287570222,0.21284424783606037,0.23720882541942073,0.20695052270322767,0.2658531271690659,0.23840996268637119,0.18463664719993425,0.14456588418146385,0.19336759623220548,0.31418639569729645,0.2401358404220244,0.7213468533103654,0.5602762686295469,0.2167960968588817,0.14221926409079413,0.19429366819404942,0.12321370251649738,0.34904197535780435,0.2218582697778518,0.21155283292692373,0.22386129881199673,0.275168499704978,0.23836983473989914,0.18076280177540505,0.27534770895528693,0.24795978349608452,0.21090917730403627,0.2794649321483789,0.22658788437048383,0.14465146149671884,0.24544986390964352,0.1964529782464902,0.15915108114751128,0.20576494980234913,0.3037747198909983,0.26010548060492716,0.2035375451777634,0.3676596993706286,0.2396537390183913,0.2037714125586175,0.13899456687844816,0.27370941826986817,0.16319770046049184,0.26025137496041506,0.23932398854925324,0.1419353166885023,0.24208673843535605,0.2666609450851544,0.18755161184197897,0.18150759488108287
0.12697406494246666,0.13660390961685626,0.12107280121049557,0.1726293344086746,0.1260921711133705,0.14934466009475575,0.2067476891426078,0.23460524226983226,0.11275520957449135,0.2741887693858573,0.1193341304903153,0.16644282368325564,0.26551998957932516,1.0,0.4206379291180331,0.2616923093310238,0.25503990980590596,0.1480647903053944,0.5027561917318246,0.19836210748910477,0.14332008822918121,0.2550799991850021,0.1811673916231188,0.1583133968124815,0.21006788136533,0.1997677933259664,0.2299355171308666,0.2935063001591617,0.24552111756750586,0.27943110790204817,0.2776727119239553,0.27202896887566685,0.14801697168509126,0.19195264983206303,0.2579694201848373,0.13328854062886294,0.20161011312935015,0.14713894225448707,0.2949821816719968,0.15411745152427198,0.15683267882203494,0.22868920839730122,0.2059866196840857,0.29635597368934274,0.20276532926907873,0.168066945997635,0.13953513615668922,0.09692507359815287,0.16104151131818853,0.11647467242294655,0.2205155456421407,0.21225977828012077,0.30790667123746984,0.12467313002157547,0.13872243351469227,0.14102833985094868,0.17761379746326117,0.1776117731699338,0.1367529729675126,0.1726363515724935,0.21604582986240686,0.28983973890090775,0.3685014270570432,0.6489919264590601,0.5351343956092196,0.37084263953638774,0.15447247793789134,0.33077752460676685,0.24038371824989602,0.20346512889754165,0.18195711216959318,0.15813145468254353,0.1538134405487106,0.1779625752825853,0.23409043809569186,0.13261004092668321,0.19401113352559274,0.28331469624325023,0.2559107687020543,0.11873013574640175,0.16530031721170008,0.1743709484963411,0.23597919755920518,0.21968392014863142,0.2512075943017813,0.1681366595716064,0.24098605992699326,0.26275839355050656,0.16598805318682597,0.2433206819539768,0.19771543012757842,0.20226125774089454,0.1682728816865966,0.21848420844291733,0.22468371477231303,0.15042936073125132,0.23389803355778277,0.15323341782732197,0.18911992790223275,0.12552492512198354
0.12141662081589254,0.23603693015876148,0.20679651067033566,0.17021794524044306,0.21134901905384934,0.1160286440022757,0.17533603611963341,0.1944361596884837,0.20522384029969565,0.3301399931047629,0.19014988933522822,0.28639183469008556,0.1588002628419995,0.4206379291180331,1.0,0.18807135120616522,0.1769902526562404,0.19771467539622853,0.37827366436404136,0.20602940416630958,0.20509722875503503,0.12059363672443776,0.33450771888740427,0.1906231909233641,0.18460107181924557,0.16852159901336342,0.1625458543828308,0.27139136465954017,0.31035588004772396,0.3402148214081925,0.14126696136384012,0.32178146644138234,0.17203729516213262,0.19667857098862462,0.24746792247289578,0.14815177042650748,0.24961707984690085,0.23840863652792452,0.16383836366268045,0.42852482667850156,0.3115763151635618,0.251754246263699,0.16886049672514566,0.24104612213364518,0.24764342145099086,0.2620834160308328,0.3866987479382169,0.40808424674948535,0.2412737809689699,0.2532534876090781,0.2417509965631853,0.17917911806975081,0.23445563882399767,0.21768535207115355,0.20987603494950813,0.15544091639309635,0.2515954015731987,0.30871586025077496,0.17395654078585543,0.23410718587059354,0.18178195571279943,0.18232445699273164,0.17290280354893708,0.44616793711946,0.2774558027758845,0.7291564627465813,0.21468166917343068,0.08970982508173587,0.1407188502063698,0.26243996378330736,0.33807248844256793,0.17712123882752973,0.3127980791678053,0.2176355410064057,0.1634700270177609,0.21411559920665943,0.2702899593613694,0.4143113530310423,0.23521732747571145,0.2762573755132033,0.21295685250295074,0.23215766325587422,0.23068332277891487,0.20828811295376953,0.19192194702493554,0.23714482789615932,0.34421471193950215,0.21897232472850725,0.2115492287380164,0.19217187751270637,0.15970394906662666,0.18871689579759415,0.21762382393526444,0.3780903663306414,0.21784020225083112,0.2749089033751042,0.2217961743636529,0.23647758269280716,0.22770236362321475,0.18956630472491182
0.22439527837613907,0.402460636427886,0.37013978233784867,0.3152654295407982,0.33135824942205355,0.34370990317064226,0.7139840923370484,0.4988085676486451,0.2738893450708893,0.23166883908115266,0.24638733654761666,0.3419287995612611,0.2504042316665863,0.2616923093310238,0.18807135120616522,0.9999999999999998,0.36461547773430053,0.36459040000427834,0.3029972651288073,0.1891235208361945,0.16262864519883263,0.21422738038282133,0.15631067561389028,0.26174922259571093,0.3031266451353367,0.15164139688342337,0.2673914205396164,0.17855616738155078,0.2788791205834077,0.19797247717613814,0.13870960277170344,0.18369245519343025,0.31236762636019166,0.4781740816250464,0.09801244179095844,0.2068163493518653,0.17296580718731508,0.22441436993720312,0.35119244970559116,0.22817117705994333,0.1645332226310181,0.1635831436400022,0.19881504288046786,0.3132230916364242,0.1962569065383635,0.20959212486440223,0.16836907820892588,0.12535429012670096,0.21209415209823435,0.19175610476612806,0.1687768892317306,0.38357412650757383,0.5004771782193026,0.2164184466895084,0.2727942933736448,0.21489488749149105,0.4994892706534659,0.30315994063043855,0.25596968956964067,0.22465874033951774,0.261944224639484,0.24300604297088343,0.260758963172608,0.15360589957081508,0.29903034772565085,0.15173758722175787,0.3006709828665776,0.3960449718048619,0.4256921713871324,0.40166341840407793,0.1977975542728997,0.23644695208319652,0.1506899498131733,0.18300180454535675,0.45813600404074756,0.2953400589418687,0.1690303356916947,0.2611960139909845,0.13722866484426482,0.12708980590831487,0.20888913667244627,0.11366852477569428,0.13206616108316718,0.32031234783305645,0.1817295283953613,0.22063007517739916,0.2270576033434879,0.23522938679016336,0.18035660090202668,0.2003861251587453,0.17824693173437284,0.32128990196259255,0.20701785049742302,0.13571540075427127,0.1777426017537597,0.16964411465672638,0.2310160461077747,0.20353131246317732,0.2810906400756197,0.18571573146237563
0.164731032178418,0.2552498649842908,0.22363867499631096,0.1703162873852821,0.28462586498651254,0.2051903281616341,0.26087964899824306,0.26102084311966245,0.1579909332116998,0.24016662991074428,0.21604858864588927,0.32646767187010656,0.36887852386024494,0.25503990980590596,0.1769902526562404,0.36461547773430053,1.0,0.18547258385824208,0.3262566072244775,0.3321149375911547,0.19733936788090103,0.22742240587276413,0.18354174202353377,0.26672163730699505,0.17178164947770705,0.20314944725027584,0.37938495513388926,0.21799752921717838,0.22291587776227414,0.2198430051051506,0.1790634179931339,0.24064710769091813,0.16739361993706992,0.19422199836461257,0.2095403031804466,0.20402966665205335,0.21554083670052673,0.35295024546772086,0.35788778426957624,0.19921862269646093,0.3498414529423139,0.2801359842904085,0.2528786809927859,0.21857702514847038,0.2050547442174019,0.38390450973507584,0.2455427264743094,0.2034623411506321,0.2868430159872666,0.3345575022640552,0.23326040475664941,0.2144164937410544,0.26531075699006873,0.1699323395367048,0.18619637283680243,0.30846487456785365,0.18991180495120175,0.17976859676354312,0.1711830699327254,0.2275426115654154,0.3889273070365377,0.3356695055979317,0.26438163293684674,0.17374713829377753,0.2629309495308114,0.13754916934199027,0.27491108867418235,0.35255003162564125,0.3914181833277829,0.1754099783182577,0.11836126452723726,0.3675626722097898,0.18320327284524593,0.23943209174513289,0.47846742308087514,0.3010679411514641,0.22251921026614896,0.2105877692390093,0.16173854463478968,0.13934292073778434,0.3318400536506219,0.16137544095165174,0.1654523161341308,0.27213363749369296,0.15374687439222076,0.1921288558806257,0.29304688117266875,0.21661694220500075,0.35418156935995115,0.3924699821787188,0.14315710457350872,0.21374438038005242,0.19465189789092455,0.24844083008821155,0.19368494767703082,0.2576954413563063,0.38213751009293756,0.33665441339295143,0.3010789318819469,0.3610678080984613
0.18263743318133013,0.27387196612658526,0.4182220173809087,0.20982643719980412,0.1766360294785866,0.32720916675313616,0.4547640658617038,0.3567764262256794,0.40531560017624946,0.13772722628752374,0.1530839966389944,0.17569521971595062,0.24997652095596376,0.1480647903053944,0.19771467539622853,0.36459040000427834,0.18547258385824208,0.9999999999999998,0.19054553696163612,0.1899992536427219,0.23929747253756284,0.18772671228439813,0.17534917832333036,0.20970850810517697,0.30031322748143435,0.19719186535746236,0.23107412241349654,0.23151150579917992,0.2839896592297568,0.28329464965313245,0.17938375085967168,0.21789802867669217,0.24379347474529078,0.5779004151638488,0.13746610806940163,0.5240210427397499,0.2759932329033869,0.22856678427222013,0.18748131943551175,0.22673328337018742,0.21885330560050473,0.17891662070282785,0.183448821148306,0.1301446782730665,0.20008431911627275,0.16552790716326687,0.18831361141565822,0.12193001055770986,0.1848297610887397,0.1821311454466242,0.1824048498400384,0.439182067758109,0.3960814164146533,0.18297354786869452,0.3033818719773584,0.3625690161402421,0.588751425330743,0.42686605451399423,0.22716054883632733,0.11877762801264663,0.173634596941793,0.2621909048748466,0.3325080568044411,0.1853709718670521,0.1890102296314752,0.24836228436221391,0.25122109161140505,0.2849597576906621,0.3770332074410723,0.7985848730368016,0.3108272859704952,0.1594800545108314,0.18270368212364438,0.1694475402327934,0.277416494032315,0.22441034093488665,0.18197420808884698,0.24777325563435929,0.2301304523237445,0.26642033960025063,0.2015895676003246,0.30605127239089286,0.0920647920980964,0.2355893705996931,0.22867872941941889,0.20694287439286646,0.23069664531597425,0.2046158611278986,0.2184335814371415,0.10791472190242782,0.23477107085494867,0.20850215389459742,0.3054711588680224,0.31172626570493844,0.22473786612701618,0.10132278532114368,0.12090876781227136,0.09648182634131126,0.1881265474574616,0.15204660146629678
0.13635934103069652,0.22582530345773938,0.1292924142924206,0.24804154767696712,0.18874579644982623,0.277946043308885,0.22121275907874507,0.1661875019953098,0.10773404500193441,0.2734215587303541,0.3326718768096278,0.1731125535993394,0.22142975571256335,0.5027561917318246,0.37827366436404136,0.3029972651288073,0.3262566072244775,0.19054553696163612,0.9999999999999998,0.11648150197950133,0.1958640047450499,0.2264027924098768,0.28700659739766854,0.11923149873389614,0.36497804156775104,0.1672191496919793,0.22336388176639665,0.16896024984854835,0.2736885763387557,0.20782255113209827,0.1768149819793788,0.2556251766073805,0.27591165316177,0.31434410155965614,0.30680971930406087,0.20388374377351276,0.21987073129711515,0.16089645989826473,0.2763287927593621,0.31646345841224965,0.26615861126410395,0.19259590218905853,0.167416664870262,0.1634624101335942,0.20556579354095703,0.16558489807627205,0.16230737168882226,0.15135412754745015,0.13972763247935763,0.1464119618749956,0.2265467686658167,0.16380177619904757,0.20784546039957374,0.25002078758544793,0.14415607881546724,0.13159908939355325,0.10782039131463828,0.15544495062212435,0.16493716141988302,0.19440448416771608,0.12234173226695565,0.20945423200389057,0.1670002079960489,0.4218574427309314,0.3406052226913092,0.21794651753474412,0.10913970176123246,0.4138883754341788,0.25219573752479874,0.21638503520185393,0.232606419109612,0.17912332757160543,0.17698457125001377,0.1731023024683433,0.2301023788460734,0.11460506740112625,0.18691051368871195,0.18263915773233189,0.20392370788680494,0.2047994667733287,0.12592772658499396,0.20913564143839827,0.18627955954760236,0.14161435411258316,0.3063230987621832,0.11815663210686322,0.23152339771501232,0.17521482999726715,0.11569132301782242,0.11733557927455483,0.180519959974207,0.2650851418744062,0.1613093298663174,0.25107123554897953,0.18913322060180132,0.1343744418581686,0.11495934942661659,0.10684323162577979,0.09385548661602963,0.0963217009412323
0.1478946004703869,0.14399743964894474,0.12643462903010227,0.09264898258843914,0.20566119553201803,0.1298464857963991,0.20109546682746518,0.17933675288320283,0.1525008979798207,0.16134470780029408,0.1108506885862079,0.2787215297091551,0.22220276685094514,0.19836210748910477,0.20602940416630958,0.1891235208361945,0.3321149375911547,0.1899992536427219,0.11648150197950133,0.9999999999999998,0.3272767822046317,0.285191754277885,0.21788152152191398,0.2537603529632049,0.09009390569185279,0.2890242800526282,0.31330884434433537,0.10776004102448251,0.2621566626350459,0.20371509518296177,0.27132279034476053,0.2610125794867806,0.1611816842950728,0.10735879178034617,0.15786492632812998,0.4145138584464712,0.3607651474499421,0.31462392397868394,0.2448976609435402,0.14519325379453155,0.387592148450751,0.22483997770842767,0.2490126435587135,0.1784901620281573,0.20623236112289786,0.372757708902937,0.1982759545966599,0.3845042798105071,0.452945262663879,0.48787524162588336,0.191441769906144,0.18549421169819957,0.16464532810009908,0.1238320936017365,0.1346069336407224,0.29013797208341224,0.16157992507962993,0.1999048651558469,0.2402343753390032,0.2109833746421099,0.30901534934942476,0.3132496397545831,0.265592535494947,0.17424976220441515,0.17747326823265502,0.18365728245237703,0.48924618276564225,0.24965849313095678,0.1925335060204459,0.22848375847919808,0.4682600100268235,0.30786172266981005,0.28781870242963126,0.30406508186646464,0.2798531193724314,0.2732458133061326,0.2579830847839716,0.17663341764116997,0.14815715520746162,0.23645924160763152,0.36772180047429537,0.25417375812859744,0.10718871731710052,0.25328789960890846,0.21115042862838573,0.16849911297944756,0.40046438627806535,0.09592348360867739,0.6421958687790662,0.39118782913886585,0.07367985990753934,0.134823277877992,0.21619933835910352,0.2207541941788514,0.387338636849126,0.29283255668644115,0.4124215545735383,0.5157867418452118,0.4951135184042516,0.5507753892122805
