0,1,2,3,4,5,6,7,8,9,10,11,12,13,14,15,16,17,18,19,20,21,22,23,24,25,26,27,28,29,30,31,32,33,34,35,36,37,38,39,40,41,42,43,44,45,46,47,48,49,50,51,52,53,54,55,56,57,58,59,60,61,62,63,64,65,66,67,68,69,70,71,72,73,74,75,76,77,78,79,80,81,82,83,84,85,86,87,88,89,90,91,92,93,94,95,96,97,98,99
0.9999999999999998,0.19973500062076494,0.2428783566975224,0.15942551039202488,0.2741375793733246,0.19325694518999018,0.2240668604358699,0.1857737461248026,0.19717586904802592,0.10381965455543296,0.13332007293038578,0.15143106577204848,0.18172620904819786,0.2739735126609212,0.17815890704374535,0.23096932899845188,0.2566160220340048,0.22571532915003814,0.21767765717899115,0.1719483944252428,0.22086631463162118,0.2232699203853285,0.19538811517707255,0.17497750863602154,0.12558331189084296,0.17517533255220882,0.23301913386619968,0.11169455832654479,0.23003203790275212,0.19573928707999022,0.21326709157942164,0.3663810903644723,0.32410799791089273,0.20585572201185384,0.2241342720814131,0.13200821171994703,0.11479053117629077,0.2089163721724556,0.19232599793246327,0.14229652676561944,0.2699573326491944,0.09677598913818082,0.21475996825655136,0.22777989282153824,0.2083582514241572,0.1860732251520617,0.24982491760211284,0.2854703187055172,0.28358156123322253,0.22555345475638214,0.2727346177501884,0.16041217158521315,0.13145314962374888,0.1267344834713861,0.1856432113120462,0.25804010612812184,0.15633565941797192,0.15487525260065868,0.22876133734450954,0.20337639140228053,0.13686419796231566,0.12140947524650723,0.1189399089813068,0.17092432091772264,0.17425951105575782,0.17023913972743904,0.12175439878402007,0.25470479183232586,0.11744778805210498,0.1666378769589785,0.20603674526272378,0.1693882560309599,0.20276861626945514,0.2872605756500907,0.21142655469249158,0.16206114819810674,0.1384399802028355,0.17835628977045634,0.20978348783605394,0.1469511384946048,0.17741550904237763,0.15682946450962387,0.1889349978480278,0.13859525897562144,0.20716831097255237,0.14371231525546407,0.11623453071961601,0.23511731827848603,0.14483719459966798,0.24428342924651647,0.2447548037732116,0.1926735316474636,0.33255979675422465,0.28350486678821896,0.24502963415923082,0.16628265411232918,0.16632102950000624,0.14305880940358645,0.25226794625668275,0.15785789491578664
0.19973500062076494,1.0,0.5331052791279975,0.1872657721738502,0.5103046473686976,0.5605818113277924,0.2805729505661387,0.2853717303931193,0.3746564215289541,0.4058605179361427,0.1720181602308356,0.38591506424507604,0.16094640236394467,0.330207469533737,0.5188431152729589,0.5035423296887171,0.16783388563268298,0.4599815076799137,0.3442105849726015,0.5330942298083267,0.5021204354296285,0.29848258666270117,0.22414743998167802,0.1882683107208544,0.23758816738792798,0.3043597965462152,0.31424686130339385,0.3313795295354258,0.5381407791071724,0.2981356912237785,0.16530373243963337,0.24179419105624658,0.33814991621327717,0.4034596896645446,0.2334411031064453,0.42605488988944995,0.36695988360701115,0.2597384740599455,0.3972493525740972,0.37327912538882857,0.29886293197072633,0.30242931848010257,0.3629389853658413,0.2061436664235546,0.21919735224876152,0.2887628406597381,0.28520020851516364,0.34790335429696784,0.20961879966512567,0.2948277363815476,0.25079866863569616,0.7113359741769579,0.4992489149035506,0.16498559244253316,0.5809023531810072,0.42500031419588535,0.17537079832620786,0.2863525232377204,0.42752355148832627,0.24723168522799258,0.32992610742229833,0.15424649620186084,0.22910766751411688,0.1780523888860577,0.27831335811178376,0.308607854973248,0.19850199534578084,0.1834156152155438,0.31790761017225894,0.319923720223005,0.32773976671229954,0.27628842181659485,0.18400880544349116,0.3837196261451919,0.19481340430958444,0.41833677855526813,0.41948382962776803,0.32564682544410695,0.20120037793435547,0.1954809212405458,0.2767906828681969,0.31943811929511645,0.30298456948430946,0.3104808125331766,0.3205858413298827,0.3600527990890833,0.3643464864749705,0.29683312053129673,0.3522760774789669,0.3714502954406124,0.14988241223172538,0.3334441063899537,0.4018517584753779,0.3844723213492579,0.399310755436763,0.286720567889938,0.34884735159439045,0.3410091548684643,0.21552138746253416,0.2426412908155387
0.2428783566975224,0.5331052791279975,0.9999999999999998,0.1726659772886973,0.36624942827461715,0.579355990952633,0.34120466356924395,0.348925273422107,0.5417096459801494,0.3649857491951953,0.18043787520380997,0.279281143101375,0.1861602089924775,0.42869950543514596,0.3115220753090146,0.36683908381915636,0.17057486141681316,0.2650867869560176,0.21422716759574156,0.2565880781847161,0.3031263576723564,0.18379830537839237,0.16009503424037747,0.13849404531901677,0.2973843858649802,0.1752056956773555,0.1950673255080884,0.20609145952133878,0.29041380735611644,0.16097736563899273,0.14842959959645743,0.25095744536013204,0.2540056630644653,0.1550114753221286,0.15591103774644816,0.2023571035702879,0.15689017307511915,0.2745298579226081,0.3082686898216036,0.4484227128078969,0.30741135331963804,0.17408186398409362,0.19088350182763134,0.23361058294070863,0.1631810017576511,0.18451480801121736,0.197079890247973,0.29146811670450057,0.18337779149617917,0.2272982458809124,0.22147111804351283,0.3741080982187928,0.3014232151987638,0.17579538602622752,0.5204946382345876,0.585682327670343,0.2168679634696984,0.35471139906620797,0.30590025048444497,0.29400162728900653,0.2547524590652534,0.22426053664909443,0.22519176030566376,0.21181126567155148,0.1939007220183597,0.261618915261133,0.20817603522337655,0.20705701425536807,0.1514763079086242,0.20289870959481565,0.22136140384379185,0.14592031336656772,0.14134395253648815,0.4024936818788794,0.26462505032503003,0.30821851240474407,0.18896478226368058,0.22090507818522653,0.14900052674309924,0.17363677913496453,0.15556279357615044,0.19734700349656645,0.22428959465716483,0.18429658949651287,0.20016714312575867,0.19925675548040167,0.15550755899248073,0.19874561132517535,0.2071895085109037,0.31554775822352554,0.1475943805729062,0.270452463257383,0.4158620616665691,0.4010048704824723,0.2972734134696917,0.1702913168412625,0.2122062748617418,0.14272046771646116,0.20626583898120104,0.18709757928549006
0.15942551039202488,0.1872657721738502,0.1726659772886973,0.9999999999999998,0.33868555928967203,0.18763484585205997,0.2925970689140444,0.6399243319047088,0.2767993264813412,0.24390221022835748,0.37856385968321,0.23841004425697576,0.2737481621779586,0.1727935986296749,0.2096780084179766,0.27051163715914184,0.1672294877366899,0.21560452431168467,0.18049123943320908,0.16583917625717023,0.13576630042898083,0.19072862113189992,0.18815008757213353,0.18024674646852026,0.22355331750712404,0.1966488167996933,0.19975524612494283,0.16822120646155145,0.1902540088947141,0.16234895612899783,0.11701380591610105,0.16663627901560762,0.19519419718103362,0.15024194101800514,0.1535038238601225,0.18483945703989008,0.20175952418596355,0.2507361488759419,0.18837828538791024,0.12545199101534998,0.1520503876795789,0.1833612891934076,0.15067007140584732,0.18538581341839513,0.25852306316074514,0.2324036299618887,0.19168650123742723,0.1222077440752978,0.23729454807460515,0.21108434400390766,0.2749714897946492,0.2860564475114966,0.18523703280721648,0.6005140425821173,0.1962618039257772,0.20756065405496857,0.3604184554946097,0.5224718801834639,0.1931506539796629,0.2491895185513718,0.21432989673104105,0.27048255720894804,0.2563158322923047,0.23927738673611987,0.27475687238793783,0.2711783841398542,0.10284517266408333,0.3259892047372307,0.14548402327233279,0.19357536024168975,0.28139501195116934,0.11442203743175972,0.19226616615717357,0.14149873503437174,0.19037536553685913,0.1645957022943139,0.1668242645508088,0.16856436032384836,0.14485587848197595,0.18887028608031095,0.15300792890754117,0.12578689244541852,0.11254127798883785,0.11525183729365934,0.13561506086310987,0.12372452180647449,0.17500783352124724,0.17512713116134818,0.18169295448351136,0.10807343834786474,0.19041714644840618,0.2654887917031258,0.10579704224149124,0.0954514675158228,0.11438093601586972,0.1998161142474264,0.14392981513606384,0.1450202292732615,0.18339478591755987,0.1602069357320394
0.2741375793733246,0.5103046473686976,0.36624942827461715,0.33868555928967203,0.9999999999999998,0.376931900260552,0.31186478168401904,0.3397765755600957,0.37121923897383763,0.239129117719509,0.18091479167648464,0.2798580797098386,0.25019907534018715,0.41723186240557175,0.34547014239532897,0.29839794335801023,0.27209496871722105,0.343713803145201,0.3954001326997414,0.28697456168739705,0.2956084114536488,0.2700763751206229,0.35183023959935106,0.26731005974596117,0.14074322877932025,0.2684943087459843,0.16319713793515653,0.1831656203060447,0.36850983919527974,0.3433831827343187,0.15192173145120214,0.3420368629788816,0.16501814979999363,0.2655263160043333,0.19083305909986892,0.24852232842598765,0.20720360703886145,0.18908264157927812,0.2729891033646203,0.297263677464839,0.1906010549761941,0.28089333610381756,0.39560240912308764,0.1133053929358095,0.1465124057815061,0.22449606716412612,0.220814933521015,0.3081946967826379,0.13910933526218155,0.12840233608405255,0.1862913470271771,0.5470283828847461,0.48146215626011074,0.4308640052530196,0.5026323504365082,0.40294744767421437,0.2286375613491202,0.3541174057378922,0.34718748608290684,0.2913342788808067,0.311153159078929,0.2510127673932806,0.25875171139759645,0.24008664524833348,0.3313075326343727,0.3154483413265525,0.3307403626650667,0.27711139324387085,0.2716198592665739,0.3026513436478178,0.34544797744666195,0.24185604442497372,0.2228826678106105,0.38623502587933767,0.22249767136531715,0.23813591928062974,0.3107099313671326,0.3026656745908579,0.15048794862155013,0.14592541510261053,0.22975402458846725,0.29356889804706254,0.2534634549790588,0.29938723516138604,0.27950762098035686,0.3021403247555636,0.21697786592676382,0.20010570617037174,0.2236512911997576,0.3500710111059784,0.24476749563041325,0.2904642042147977,0.3548025266362765,0.32065341897092714,0.347281599266293,0.1298492814943771,0.23196192046445452,0.27656093009080723,0.15435313391475158,0.12870852867875923
0.19325694518999018,0.5605818113277924,0.579355990952633,0.18763484585205997,0.376931900260552,0.9999999999999998,0.39813981604433946,0.3117200589807678,0.5181622504484288,0.40711120467870665,0.18288330485950718,0.4039265495449383,0.20956858017128205,0.4090603350914885,0.4834332746304141,0.4381024388602234,0.17552097723656054,0.33002751938328195,0.23769713262608466,0.4350547481843588,0.4548813384966787,0.21988072375006842,0.19944810515398126,0.15736085585993803,0.28088671626194583,0.24107916355530268,0.30183148732786624,0.2655199699182773,0.4056590848457662,0.22019257133344927,0.29225668798182286,0.219906586260022,0.33680609456907773,0.2143077641489168,0.22998633933494933,0.3869146573362921,0.30434499197298703,0.21174169027467454,0.33614437782023593,0.42456642692438895,0.27826731793078263,0.22752075620762324,0.19545755413158966,0.2295321624222355,0.18864202698771296,0.216493801010293,0.2118775812089838,0.307365775997079,0.3092915538595931,0.2752431952184385,0.30433389012486894,0.505911381356809,0.4260967077267732,0.24962224918306358,0.8177452299160879,0.690578630302089,0.2213422929535608,0.3149862762679947,0.3571048932381833,0.4284119686682061,0.33460442859058026,0.1883486080616065,0.29722508549246723,0.17906688987182454,0.23219438424913655,0.29153917273348723,0.2800742189292198,0.18237945218025087,0.1743202661656873,0.225524896066024,0.32421470848098505,0.10450524726625504,0.1919884161384049,0.38545155205481235,0.2129287664477377,0.3384541544671167,0.27863913116872513,0.2977947875056097,0.2735321131069492,0.12457072419148492,0.1398546064840634,0.26572765118782277,0.2307775227937871,0.17062535246398444,0.18626002825051324,0.20755329231354197,0.2912378640973772,0.26353974118402246,0.3271787956627135,0.3087888461503507,0.17983413522762215,0.2145055539810747,0.4374295560162961,0.4435747570492073,0.27340899443367345,0.28599118643651844,0.23344581036036216,0.22020345454246978,0.3180174342969232,0.2572287435875025
0.2240668604358699,0.2805729505661387,0.34120466356924395,0.2925970689140444,0.31186478168401904,0.39813981604433946,1.0,0.40702808207101693,0.34446636704180966,0.3127376467621128,0.23455574522606165,0.18098705627799708,0.3096573643155071,0.28493025196762534,0.30520436616885216,0.4722421267954078,0.2071229810919131,0.33343191427186125,0.27300177561149,0.3444532949664479,0.3037202293192485,0.23771435556163129,0.3059298787192663,0.17886566509982293,0.271305822519373,0.1950879997361022,0.2636959565919018,0.21845494610714658,0.3417378229980787,0.21350672942358043,0.3424980492697017,0.1389892720369691,0.30685857807545536,0.19092447947886526,0.22642037016287853,0.20977435993887625,0.17563358762643594,0.3374778472991842,0.32477210686617575,0.5497873125553124,0.29571026298712544,0.13926424478132737,0.1941459223188348,0.31795657399702193,0.2824956201364667,0.18251459030979789,0.1918850977990376,0.24376306533190015,0.4277197772446841,0.3865698393865269,0.36343597571748565,0.234063489124671,0.3697470187020896,0.3673035549214407,0.30622729474603183,0.41433478939195423,0.3929359356071275,0.22923849927705875,0.11254266945971142,0.29682498698517906,0.1625422873622303,0.27663726069728223,0.281243050681534,0.16916547057990783,0.22647773876433952,0.25057811916655287,0.37911349794874094,0.18846563923228024,0.1233195769687962,0.25489187133149105,0.3222238855352888,0.1356382037196332,0.20581900175375872,0.11154172573461395,0.17144557140597305,0.1572669984026701,0.1840103693325645,0.11864688095129135,0.24823738249509697,0.14879960713918708,0.14648545893766363,0.1294055869865263,0.15145766094543714,0.18420262638730348,0.13712391190284876,0.1379063290084708,0.2017185359326792,0.24256610789130273,0.28917699131992086,0.14979165387841867,0.23606632071872108,0.16457956453118439,0.1962568345648789,0.17490240625573542,0.119535826047898,0.24600503341807997,0.16746347311986062,0.14474757708529384,0.47229940684020794,0.36231762432317904
0.1857737461248026,0.2853717303931193,0.348925273422107,0.6399243319047088,0.3397765755600957,0.3117200589807678,0.40702808207101693,1.0,0.4992040191061218,0.18186674824486762,0.24276128900027563,0.225166529951671,0.26585199603538234,0.15556371697985993,0.16140613298251105,0.3892775770553446,0.216627102240512,0.4094842203032853,0.2660004846390812,0.2212440035454187,0.16742968770337027,0.1492090719846958,0.17983487447956625,0.1379991065688372,0.19377096522490617,0.1731760880475039,0.1959959507130028,0.10411260374199405,0.18322820822398578,0.1187316247760234,0.17098480383156256,0.23991036019037504,0.14719557830569782,0.1699590226938491,0.1289602434589895,0.15454864712278513,0.2117830355762288,0.20388890515942262,0.1546743650429766,0.19439291909746254,0.18380666760377393,0.15165727232680673,0.1234715282198609,0.21237159723906732,0.2404553720216972,0.21619765639300867,0.18611898743876018,0.1374642145519723,0.28533616537556505,0.2227814984336733,0.2921222547726067,0.3625507616609158,0.24916856025338183,0.5295230678232746,0.25723831077112863,0.41274203518756397,0.641184666424466,0.7876127641097929,0.12992227173630894,0.2853636452693941,0.16713756835370203,0.25081876772013484,0.22904717464628466,0.19694469296272177,0.20830561433618508,0.20575625798569602,0.178398739247115,0.2927880293013153,0.13949690236377754,0.28338063068507036,0.2569717633007043,0.18152732648882536,0.22755789875960122,0.16218969685406942,0.1702060519359817,0.13967430333387554,0.13303057046627673,0.1347872719826755,0.15447767539364377,0.1731851709701332,0.1242858944991662,0.15133807905185467,0.13822042587003344,0.14936015604169606,0.17691756845700957,0.13879741973172996,0.1832047239385096,0.18527603528370884,0.1971604351923875,0.14859188146575691,0.1472054808733577,0.18183870244871714,0.14636487558036654,0.13244913150401877,0.16877693920590175,0.18547634224813525,0.17827511772800586,0.1136304843450796,0.24907077926448803,0.18676272522552526
0.19717586904802592,0.3746564215289541,0.5417096459801494,0.2767993264813412,0.37121923897383763,0.5181622504484288,0.34446636704180966,0.4992040191061218,1.0,0.29508845244631005,0.1355754140693974,0.24241169258373724,0.1883171079891093,0.25835287278080493,0.22368082670398604,0.2514226373002641,0.1610077870328498,0.25693091502082704,0.22897438885512425,0.24200196538141233,0.2080977863249092,0.11569562713024012,0.14299483196713847,0.1544545280182928,0.27576016320623775,0.17169020881489955,0.08528446906959926,0.1671751539952937,0.25518528392134626,0.13276214953695184,0.1534876764376597,0.31921969491215346,0.16598138620659636,0.1753549028257743,0.1131604277221043,0.26901726265169745,0.1951165965970904,0.12467249292018535,0.15792904665195162,0.342124729982183,0.16999597418043846,0.2055496642921303,0.1125552899758748,0.09133701780157472,0.10631532070905828,0.07911796862636118,0.09989770152466625,0.23227322909866524,0.11835693345256414,0.12411990574449988,0.24503987302243,0.3907704971008474,0.2915980427184068,0.28492547294318776,0.5045368556742672,0.6555307307389812,0.2879982260119232,0.6060838947473155,0.2179042640238125,0.3352591585927981,0.35081213107637327,0.23406333027544074,0.30814977986565584,0.18604581453152141,0.2211087855102342,0.22225763471702903,0.19072526698822884,0.23076431674245632,0.18859198712299252,0.217165057485265,0.2703825320279307,0.20191496829366612,0.1772147556670686,0.3978845549225062,0.2750386914078317,0.3316208855689414,0.22733144201720798,0.29834704820148233,0.12734719095484656,0.13645876162151635,0.15496576043196772,0.23031453300117763,0.16388987007600783,0.23307546232495924,0.20758598415534243,0.2204230742681451,0.19354692294073392,0.142173484882769,0.2781865922283363,0.3373771237135875,0.09546466131396013,0.16812071208270896,0.27016126206633595,0.29470577105415485,0.287798589531069,0.12074174065919811,0.16385858733972264,0.17073983676764112,0.11747636102184522,0.14050098847066614
0.10381965455543296,0.4058605179361427,0.3649857491951953,0.24390221022835748,0.239129117719509,0.40711120467870665,0.3127376467621128,0.18186674824486762,0.29508845244631005,1.0,0.5139318001994678,0.5959702361397919,0.21100029600739578,0.3454807892098404,0.5795038248368992,0.3454905549954555,0.16068456323057728,0.24634404356860667,0.295842675705723,0.3521823325776915,0.5596189850899989,0.2909258414232475,0.22796577520254413,0.37124967951289306,0.6052948377553791,0.2349108246449433,0.3853161520001911,0.4062108144093948,0.45137741746409776,0.3595610282072033,0.30993603081293625,0.10687514002446546,0.43879620974675887,0.28658823304801034,0.3258582285639861,0.30854350115423257,0.31744870034164147,0.30139694908302456,0.37649908299238327,0.30398957789282616,0.1883026296473769,0.3152258207175416,0.21954534916852075,0.13927888980954747,0.2688182635348357,0.22582225162559308,0.2464509664068745,0.22794943734786946,0.1843811698525154,0.22899100376564427,0.11587091783465943,0.29375605489436585,0.31514903321066284,0.24794365452634345,0.43002586166124174,0.3051705210607405,0.19079554726099557,0.17552099970331486,0.5088477178949289,0.4783048923940959,0.5118328657003829,0.14365036079960608,0.33019658672243457,0.27952227258609885,0.2604128469473338,0.40598420058243406,0.19652082155720396,0.30400305274517925,0.2773662552965622,0.18328257866759465,0.3751818415783108,0.23463790952979333,0.2337510857673436,0.2678891134866133,0.4339510421654966,0.5207651508582015,0.41254394484606743,0.4159246126826699,0.27690361737123553,0.17183298849189388,0.2278230772825593,0.22134069191236158,0.24467235562307085,0.2565785786872262,0.26591490734280526,0.22183035570951526,0.3573675885465075,0.2326460535867111,0.27912876168117595,0.1806896479388892,0.13956741044235296,0.17748511098661718,0.21390052242580493,0.2613285786316742,0.2668195999287107,0.2032692132985988,0.2419204770029908,0.2511563447557883,0.1616090867915123,0.18806000038046028
0.13332007293038578,0.1720181602308356,0.18043787520380997,0.37856385968321,0.18091479167648464,0.18288330485950718,0.23455574522606165,0.24276128900027563,0.1355754140693974,0.5139318001994678,1.0,0.48385258895561684,0.25748279237171273,0.3890278518491084,0.46059552213645255,0.2763972667427781,0.19398575571674634,0.18249043058250725,0.30696072567451427,0.21201388677757071,0.2578521774516411,0.19089433989588633,0.29549287839880506,0.2896620628318958,0.5380128303535651,0.17333147090587103,0.23163433560475363,0.32526566949908386,0.30551279535595216,0.2657537228945372,0.22757777072933985,0.13256267993133575,0.22450832417909738,0.15763062791644855,0.12907984055710578,0.18999844428471996,0.18175106472263183,0.2321451479656021,0.22060218369560622,0.26059692349169294,0.1628458688723835,0.18045005254823374,0.1575376988467965,0.1974134268751253,0.2512255212494809,0.18803218110356945,0.15132232343146468,0.12549622476878872,0.23195785366163324,0.23552878239377206,0.22564829309057385,0.2434822188293648,0.2977829933174839,0.28338109784532794,0.19590150250978208,0.23197325717139572,0.2643799256452323,0.22967960000386123,0.36606648901925604,0.4380529313282537,0.4214354067615667,0.2690001013282918,0.3149237160494388,0.39011800623822845,0.40287517587604743,0.5652815828076974,0.2164706927617045,0.4295837963369486,0.24991070709835736,0.2335227937471657,0.42253661874034903,0.18082265931102287,0.3327942746981057,0.2303507700083824,0.35960561760917104,0.3064760555098561,0.3215071323996585,0.35471413400695084,0.22638404596391876,0.15018049079934487,0.16877585581280152,0.13356881232853848,0.08473418369385226,0.115170050372199,0.1370031009115518,0.13913883549941738,0.19102640858723968,0.18671803877629356,0.21816460323330683,0.08385850212789275,0.2912999997976972,0.1990523615359845,0.14638144847560877,0.12333962226258295,0.12693849718545197,0.18544032144907102,0.11649725043381833,0.15264197680710756,0.22106738713234333,0.21886990785374405
0.15143106577204848,0.38591506424507604,0.279281143101375,0.23841004425697576,0.2798580797098386,0.4039265495449383,0.18098705627799708,0.225166529951671,0.24241169258373724,0.5959702361397919,0.48385258895561684,0.9999999999999998,0.24795040597425885,0.49124810035263816,0.6069052938999574,0.25722592542097644,0.28516989259557435,0.22332588766185546,0.4359088758230513,0.2850266492468471,0.48923287792757414,0.30064205968068936,0.22411821906712573,0.3971044291391581,0.30148551313323496,0.3250728820118594,0.33250197865830267,0.3216456117136887,0.3436751590549748,0.3123843779758602,0.24208769210743025,0.13156319775875433,0.29848943664482125,0.2511756546019136,0.22342728136865034,0.30613775857382086,0.3309081012170193,0.16887971254787282,0.2506644566467111,0.2868969987491368,0.30216745772810377,0.2954106907514811,0.3140672796005285,0.24695795884973132,0.1604256463827359,0.276656460719942,0.24502450484586735,0.2187788645144071,0.19647689520491468,0.31472096205719385,0.11401288346193396,0.4270869389721838,0.4017511455400601,0.23502847817931288,0.4003056230602265,0.31218869862351734,0.2672737945895731,0.22261109859889283,0.5425354547300105,0.4288025307618322,0.5684796210590357,0.2571421290577701,0.4543415145243558,0.4145097664772453,0.47555314815574207,0.5229333162927104,0.25745196579009016,0.433039149249786,0.3764154141688555,0.25717379151091413,0.3853879893962513,0.2928004274421543,0.3417823469561453,0.37538666725383196,0.39575446167966155,0.5637418725563841,0.3411320129330458,0.4858088990138519,0.18268911914580746,0.2768541575318586,0.23701339098946755,0.257604025386272,0.20452867641399855,0.20972042567471152,0.1961244286867781,0.22169769352295107,0.31370347835906803,0.20703001885213335,0.21932808233875462,0.21913784893409238,0.2632654909322046,0.3088154682768166,0.35271798012016087,0.25502633450683376,0.34690985940020796,0.2766317118651071,0.2851481007513081,0.23586115186186252,0.17473845472635313,0.2676329940108968
0.18172620904819786,0.16094640236394467,0.1861602089924775,0.2737481621779586,0.25019907534018715,0.20956858017128205,0.3096573643155071,0.26585199603538234,0.1883171079891093,0.21100029600739578,0.25748279237171273,0.24795040597425885,1.0,0.30437977314427733,0.35654649486156353,0.3066029859233063,0.42450942755459353,0.25210294738337125,0.3267955780294896,0.22306827744265315,0.2127825895811476,0.36814947732036646,0.4228856684030052,0.35221556687395816,0.11889324023871654,0.3334297260127768,0.24112454725072585,0.3341344843622027,0.25705894535487145,0.464747151626503,0.12054476394680592,0.1445247357508472,0.1508052425385128,0.27652695960289314,0.26542882322121114,0.177735346533471,0.18170127326920338,0.21674052097734378,0.331245097561684,0.2504151003031994,0.28268323948074553,0.24395851085422743,0.28698886179852723,0.3395631052625154,0.2718812505802704,0.32427445578324204,0.3051420097615049,0.2533410011206285,0.24684203534483562,0.2755841265276171,0.1978185040866377,0.16849099243491997,0.2864799366276657,0.22968181570136328,0.24768397934100309,0.1967003927756909,0.2254507475713044,0.236459583345014,0.1657719377884563,0.14224651308293293,0.19992628022749664,0.6825916787292107,0.31416476333082155,0.40705979923095353,0.27665450713252193,0.370574200462984,0.222928094130379,0.45849143955990396,0.246697426959877,0.2502448966441052,0.33663906559697654,0.17882169944184434,0.29360597314117015,0.15965887538947643,0.1870433334499898,0.17658810561813704,0.17374591088660007,0.23477202880617393,0.16953100596613413,0.2577142366900679,0.19334398549705503,0.15302713142250307,0.20482701159338512,0.1821651202536276,0.17801329407971314,0.14719085137016522,0.1660808535059252,0.23553721839447148,0.18318137888696429,0.2547799489012378,0.16793539904622612,0.25558151148982955,0.2151867511254413,0.16715503588962957,0.260831460287083,0.2312827437855504,0.22940781117682857,0.22592126860353817,0.23553396977495908,0.25155375664490304
0.2739735126609212,0.330207469533737,0.42869950543514596,0.1727935986296749,0.41723186240557175,0.4090603350914885,0.28493025196762534,0.15556371697985993,0.25835287278080493,0.3454807892098404,0.3890278518491084,0.49124810035263816,0.30437977314427733,0.9999999999999998,0.6120915762025546,0.2447482829928986,0.31953291821799346,0.20529381531423185,0.4402873508224689,0.21440411789012978,0.5159813606138548,0.2874092495759346,0.39494406593752884,0.2723419213971611,0.17853322296413907,0.3032163214535539,0.3059855404961742,0.2818068575651023,0.37483959199885,0.3358869984608281,0.17948654173535375,0.21843002093420733,0.25068085546154467,0.17268248680612686,0.2000365400357212,0.1940792805064041,0.17134582075460292,0.2111867382048345,0.21807952323555738,0.3007246418196582,0.22615070246783026,0.16688878748921404,0.22179527635992694,0.21143832001283652,0.17122535410314862,0.19923805016560595,0.20564003701535877,0.3106215836731648,0.16511428176445783,0.19592714050548304,0.10242634349562747,0.30276476841148264,0.35345764926975565,0.20501716927631636,0.4339780782631145,0.35023565150338964,0.15610534563756617,0.17532739354053994,0.3365311047095139,0.3019499469818796,0.3330106014823768,0.24827774042162248,0.32526861801288337,0.5022121755286352,0.49669835964580433,0.57998669473004,0.30124237619925864,0.3823806033120661,0.2821059987046982,0.21254428555280694,0.43333684819748397,0.17109067982386245,0.36522802909657937,0.34744931297750375,0.24490915446096473,0.3183552111810045,0.33661679738431194,0.4263691656840771,0.1364677112435714,0.24461182075444304,0.21053473400062334,0.23526702138923225,0.20515126960328878,0.20876063264747718,0.22405333279558112,0.20993987120865454,0.17248263813632006,0.23675958210235282,0.18662472452806853,0.27520115700435666,0.19530064903083885,0.20772939389729891,0.3608053542672721,0.3911418741752051,0.25345669695524936,0.19586511971524675,0.21674065113217036,0.23680931930910828,0.1645299852642731,0.20273173247250173
0.17815890704374535,0.5188431152729589,0.3115220753090146,0.2096780084179766,0.34547014239532897,0.4834332746304141,0.30520436616885216,0.16140613298251105,0.22368082670398604,0.5795038248368992,0.46059552213645255,0.6069052938999574,0.35654649486156353,0.6120915762025546,0.9999999999999998,0.4271666949343367,0.24899113346526386,0.342048929967738,0.452699750608948,0.48800376138022233,0.704864189350112,0.37618256939442535,0.38288892114640505,0.3438617763867742,0.3520586924088411,0.4042228824652526,0.5379889315199402,0.4788626410308959,0.6778360284246328,0.5267251988484956,0.20573243729000457,0.1015231814125699,0.5312551076104064,0.3943816875575315,0.3262141251484798,0.40842350910366426,0.3489260690192869,0.3107747810925196,0.44645207780227597,0.34503396099719835,0.2543528710741079,0.35729888096327683,0.34990771846449903,0.2887197370081308,0.33083103943521563,0.37139316151821855,0.38141808062408566,0.338500740786004,0.2148123688333584,0.2536597374836249,0.18691944493019946,0.46943574186313736,0.5197913403727372,0.20946688214950127,0.48882140607218716,0.36012453254681914,0.20161843014513817,0.14087194407678327,0.48218413603834087,0.3275497462979635,0.5263553118367501,0.2846924241029576,0.43215090148828594,0.4318476823354849,0.5437375752799665,0.732379666438743,0.2817140551191901,0.4414927482913072,0.4423609045284394,0.33159963970632805,0.6305540727264837,0.22955624765046087,0.38219442210646626,0.3250934351424112,0.3164160465537809,0.4338589546170308,0.5510296044722538,0.5151528346535064,0.21880134628776282,0.18993499625236063,0.3233527544319499,0.2837404571928498,0.30181490763289803,0.2887386323603932,0.33016999031577704,0.3090971658302735,0.36364478523202465,0.33050007772364265,0.371061415260063,0.30923723407454307,0.16663323729757237,0.318143379021837,0.36618914429448934,0.35822324678444406,0.3455264878818358,0.3724728146587043,0.37350286757649215,0.42103597563977135,0.19811433704521011,0.2231193929200639
0.23096932899845188,0.5035423296887171,0.36683908381915636,0.27051163715914184,0.29839794335801023,0.4381024388602234,0.4722421267954078,0.3892775770553446,0.2514226373002641,0.3454905549954555,0.2763972667427781,0.25722592542097644,0.3066029859233063,0.2447482829928986,0.4271666949343367,0.9999999999999998,0.33568331081033626,0.7352370210021717,0.471046363184934,0.6049006545671833,0.4149349252128479,0.4317863238928112,0.3414064390212039,0.4148771111440925,0.264349081091903,0.23063951750559253,0.24456674851992785,0.24639152516623503,0.5395794562833277,0.26837623437970554,0.2014612121885185,0.1420240568525375,0.28791257352356087,0.48020462189870383,0.2594266963700645,0.338416084518592,0.3064661290904107,0.31941771073983477,0.420092844494495,0.3902811273608302,0.22475714559651802,0.24950610146343616,0.3003420691719478,0.318216284420637,0.18294630001357648,0.25644625340963656,0.285238225594598,0.16583638830873249,0.292335316571763,0.2708875925879467,0.41232054135375373,0.48621744702644687,0.4216725037918278,0.2036167825464431,0.33606562135373946,0.416919503860143,0.37352534960959405,0.2603079785445898,0.20404606806227443,0.26749334196484137,0.3496994077351351,0.2827627521655874,0.34478948254699227,0.2646358175811303,0.40744167895368555,0.378119058435759,0.2674622211989391,0.41384174569788024,0.35701382485065847,0.5341852312887156,0.5547410571821532,0.2874170498852667,0.24768650341280565,0.17135249441202322,0.2959854895474051,0.1966056612435158,0.40455338899821286,0.2090618123632876,0.19624339071732483,0.24077893120759863,0.2078832483485383,0.20696756350815454,0.16802066216773037,0.19177636468439851,0.16799257566393966,0.26728389666348557,0.30173756803094876,0.20055468305457957,0.36335779191222506,0.1913956442190335,0.14929783176218633,0.2944857896293425,0.24882970007920133,0.21153803099308735,0.1510878121416902,0.27511377762345207,0.19557435716789862,0.25026777409766476,0.31128194422401945,0.2744727015936525
0.2566160220340048,0.16783388563268298,0.17057486141681316,0.1672294877366899,0.27209496871722105,0.17552097723656054,0.2071229810919131,0.216627102240512,0.1610077870328498,0.16068456323057728,0.19398575571674634,0.28516989259557435,0.42450942755459353,0.31953291821799346,0.24899113346526386,0.33568331081033626,1.0,0.47560122029821783,0.7317323612129076,0.1986109236153109,0.361008921240759,0.5823377679072551,0.6106467514925509,0.5720943341649162,0.12287137173508972,0.4458346526055537,0.21944033411029762,0.16336865136278095,0.28230606253406326,0.3635467778894589,0.20638829087467828,0.19711104472867594,0.18126865358266214,0.39557456034368865,0.4614433163361878,0.14430002425967736,0.21150300700035857,0.18534677874088537,0.16563744941828673,0.15008055122225394,0.16159800785856632,0.28939253704950274,0.30362665762498864,0.2547878228039939,0.15945269015411764,0.17672872358733693,0.23936960486546466,0.1649846384063584,0.26767877770724197,0.25619248340924494,0.14040612943353556,0.23349382183461018,0.20165567965519418,0.1706696059577014,0.20966038061796527,0.22003621916024513,0.28647478190517833,0.19612571097127968,0.08516239958701265,0.1345675799443503,0.25967546199380764,0.3835674465789355,0.25070349075145676,0.30555256796129704,0.29639559230094936,0.29798796071018696,0.1995566666542843,0.530765142505908,0.4632565315186802,0.3913080405944274,0.3850170923375129,0.39222630093475686,0.3889234008368894,0.150690214448666,0.41421399939332265,0.17266032857969962,0.2964002084163184,0.26409484414116585,0.1281738734037945,0.23204338187803927,0.24922880582457477,0.09396579247606372,0.13458350066201008,0.24405206641548208,0.20048186520576466,0.17318823340101352,0.1629271089627436,0.1272938412463771,0.14112695002565656,0.13519292134293703,0.12688541727662972,0.12791129111460575,0.12620849572742912,0.1536903757404424,0.14646389327432582,0.17487503635934315,0.17243074349514562,0.17418818126440602,0.27825540308079266,0.28257335413854023
0.22571532915003814,0.4599815076799137,0.2650867869560176,0.21560452431168467,0.343713803145201,0.33002751938328195,0.33343191427186125,0.4094842203032853,0.25693091502082704,0.24634404356860667,0.18249043058250725,0.22332588766185546,0.25210294738337125,0.20529381531423185,0.342048929967738,0.7352370210021717,0.47560122029821783,1.0,0.650868516256018,0.6714270447477927,0.44342568055068143,0.5064119037773968,0.44126713804213513,0.4753448761467264,0.12756706278184693,0.354350767672431,0.22934672551712376,0.20408384957474013,0.5495791209763401,0.3333957576937341,0.15610014668598887,0.2354253003565467,0.2721410604651104,0.7195382302863172,0.3509825715069568,0.33911815596210576,0.28639187007588096,0.19415825035714623,0.31641584379555526,0.2773280436554375,0.14013444676935663,0.30473512568675654,0.3855629784081548,0.23596466352073023,0.11830861890607983,0.19812835569557855,0.3160198430340777,0.2043855177034164,0.24158740477834342,0.18751440950254217,0.38179268484851253,0.4794322851619395,0.4215193259224306,0.19084128306013032,0.29599208673945643,0.35115023401373374,0.446309565002709,0.31358664561936633,0.1963647770732325,0.1869393581168997,0.34863499004491233,0.28326208532024066,0.2923315814871408,0.23172179621282332,0.33198612766857105,0.299985440876412,0.2594530749168311,0.3956789911710116,0.5718576531229292,0.7536426274363766,0.5573936632293621,0.47072268519934085,0.28546764977263805,0.14416401357923783,0.326143613993333,0.16900936019622934,0.47597459312406354,0.2618020758681625,0.17451378361461842,0.22058268334493727,0.32638040337999713,0.2372904487296349,0.18969829224676765,0.3224437504490139,0.24193242012986488,0.362461784466943,0.276030625451248,0.12459952193541358,0.39613956296900626,0.17503181119304084,0.21893738789813377,0.23816237191929945,0.16261189439545215,0.19688965934492283,0.16013699900946896,0.19925732222429163,0.1749507623704149,0.33237119627948863,0.2951813325887847,0.22680839280091103
0.21767765717899115,0.3442105849726015,0.21422716759574156,0.18049123943320908,0.3954001326997414,0.23769713262608466,0.27300177561149,0.2660004846390812,0.22897438885512425,0.295842675705723,0.30696072567451427,0.4359088758230513,0.3267955780294896,0.4402873508224689,0.452699750608948,0.471046363184934,0.7317323612129076,0.650868516256018,0.9999999999999998,0.34620089447459224,0.4843727952800559,0.5651884582393596,0.5964203323356401,0.5363749475892441,0.16223813616928656,0.5094875291743922,0.2164483312328726,0.2101130064455677,0.4530773498329615,0.4333157818569712,0.2143231190156415,0.20443017078258766,0.21500609044353466,0.5347614324585586,0.360647115360233,0.21961925024939677,0.24881641547519287,0.137623679312794,0.22568273779052161,0.2777221512074633,0.14152345274872527,0.3312309360553829,0.39639355777329655,0.172963946863213,0.13616403599033874,0.1793285419884361,0.24453176537444607,0.15168630605028444,0.20919876679447555,0.19350675494029715,0.20515507434816851,0.4326400084962475,0.42123417224210147,0.22891262377725363,0.2682494647847116,0.3300634522813793,0.34683700711705945,0.2375863683877871,0.22164830860492726,0.2657634476638712,0.43489298252461467,0.3934189525341073,0.40075808313364036,0.4467185958244321,0.49650571178261216,0.4998593720525312,0.26353596838740995,0.5844689391589944,0.6515212830704886,0.5536450871963909,0.5659179576216273,0.550331147132832,0.5381880814602705,0.20085273065551068,0.4504689947839942,0.2248455125491312,0.46859863060069135,0.4244404506561728,0.0980564063101032,0.1853848031734057,0.38182562197246844,0.22009210521991085,0.17155058598177014,0.39719883351523066,0.29433655842698286,0.32588432713441223,0.21268229444403264,0.12063418702651647,0.20290580646580927,0.20578520781905538,0.2532915059615607,0.2428084249111214,0.19310350446531693,0.1726346670166862,0.18364157884346183,0.14463768456224438,0.17696450901656713,0.29676733677803707,0.2731416640400137,0.2080614957224809
0.1719483944252428,0.5330942298083267,0.2565880781847161,0.16583917625717023,0.28697456168739705,0.4350547481843588,0.3444532949664479,0.2212440035454187,0.24200196538141233,0.3521823325776915,0.21201388677757071,0.2850266492468471,0.22306827744265315,0.21440411789012978,0.48800376138022233,0.6049006545671833,0.1986109236153109,0.6714270447477927,0.34620089447459224,1.0,0.42189691868140633,0.3529252695951044,0.28045864728332104,0.3450071990099858,0.23438206783045862,0.24190201201900555,0.39840447750983715,0.2471349857346599,0.6879913768535082,0.33111258620852524,0.22713895534296688,0.2336123078045081,0.38628403559086855,0.6372494073729252,0.26615977037852284,0.6833445160124109,0.4858209827455576,0.3144606531456589,0.467031539535331,0.36560750289862676,0.27413056002357256,0.37959350399879077,0.4108392897889984,0.27408263614902,0.2846401639195873,0.3332142287121882,0.4207060007115861,0.3483175467018715,0.2715078929039112,0.30412852457319633,0.44078069056622826,0.5211649187571683,0.4866687625494832,0.14589829310516583,0.42080272283773085,0.37923018777465417,0.27881475794263,0.21221713010633858,0.2903206262138218,0.1580715421161459,0.37532498207668374,0.20029115778778195,0.2759003762383821,0.1559097868922934,0.3310980182729373,0.3027237370482486,0.31455556560385545,0.2668981132469568,0.4480004831262472,0.6320757081182673,0.5741323097034676,0.32922380960724257,0.18130055922910154,0.20690854137272421,0.26051924144587446,0.266680895906364,0.5555462333476617,0.18663524605643916,0.3205608373327113,0.25856453940546736,0.25182466388973224,0.3322211507399628,0.3284146913637001,0.26823085561317567,0.201668842030196,0.3992147768409622,0.5230978409755206,0.253200944790077,0.7492892319541317,0.25798594099098376,0.14330357032789917,0.33031712456092177,0.21341234650641827,0.21060726876945313,0.2805295847778809,0.3839732796445285,0.3570907806951194,0.4990201310176243,0.2916194211593971,0.287625091516897
