0,1,2,3,4,5,6,7,8,9,10,11,12,13,14,15,16,17,18,19,20,21,22,23,24,25,26,27,28,29,30,31,32,33,34,35,36,37,38,39,40,41,42,43,44,45,46,47,48,49,50,51,52,53,54,55,56,57,58,59,60,61,62,63,64,65,66,67,68,69,70,71,72,73,74,75,76,77,78,79,80,81,82,83,84,85,86,87,88,89,90,91,92,93,94,95,96,97,98,99
0.9999999999999998,0.18090830556159307,0.21019033910548057,0.19128140934748625,0.23110422788462184,0.3051683184503442,0.30501413046439196,0.16992018545038995,0.18087677369594304,0.2372687720265094,0.38959323206960556,0.1955874519087349,0.11955896840500256,0.21761611948699688,0.13350699066849062,0.4794050210854055,0.10208782508708386,0.13335839568014152,0.21553903357886173,0.31793276906755286,0.1291423575548728,0.1744972963592057,0.13235104082149912,0.23350243079042887,0.41823652925327315,0.10738039156311653,0.21749227973975205,0.18640110297453874,0.2358266550270859,0.21004375450973456,0.4781417495980755,0.3480343235632655,0.2139911682711493,0.14898139890273826,0.2076479669840017,0.24117342684681134,0.13676649267738103,0.44232368506933534,0.2513450557808902,0.16626476078062666,0.16733020589234399,0.3010979316579946,0.1822492925765876,0.43202803626883846,0.16697483561325407,0.1593421957006578,0.24611999420884734,0.1458112380668395,0.27200959332880503,0.16190766806677,0.2610895735530097,0.2436646836362253,0.2258828410053733,0.21092949798626595,0.29232281337899196,0.34008136089550445,0.3082093617974595,0.19673575580640656,0.204723079274093,0.277587727511061,0.2344309535479051,0.30332546617400685,0.20177539341711564,0.22901451393862537,0.19754741463911174,0.15163570115175803,0.1556260472256079,0.3357153413724434,0.3543054751538862,0.13189514376360478,0.0640669750996516,0.22678408257538457,0.1872571390565947,0.29057080137662966,0.14834024835919818,0.3567937521184021,0.17983978508309378,0.17745839485453793,0.30893067551916864,0.2212889550233728,0.21810530258111735,0.26653946900976794,0.22448420031372507,0.31127180645295155,0.27316686202008206,0.2335576406039592,0.1740003234196024,0.2492561483677881,0.15754081084481564,0.23727669574956078,0.23743688617550873,0.28839928079132054,0.2436291970601265,0.3595497438851381,0.19527123924080536,0.31412293120243534,0.2139082557849335,0.2746502870560017,0.1398939427239697,0.15606228097075844
0.18090830556159307,0.9999999999999998,0.48260924873009337,0.49325607545845007,0.4453815618086072,0.3033010368478568,0.38774467835894744,0.3966164323270094,0.19215915983712364,0.21722215300929515,0.1505529170110481,0.28177953248296084,0.22460340945863452,0.2194208827024577,0.17470106532682173,0.35141083101628806,0.2763695953787431,0.42224955676124437,0.3096078773248883,0.4572813832433116,0.3224593115851634,0.0976449374966259,0.21123670877250778,0.3272463393375637,0.126621206717198,0.2957352945847111,0.19569641562323886,0.16920543218110903,0.17164779613154435,0.16808994757761428,0.09687380559029679,0.22184114279248524,0.23976310237754678,0.20840700836121606,0.23788742984826639,0.1652452127795449,0.13940948132269917,0.22438279426644167,0.3442711482059242,0.10887566574775172,0.16142932671186763,0.1683248462575796,0.3420428126795691,0.1813211332826985,0.30536266731417394,0.09455671021394912,0.13434106667236984,0.15859948635822743,0.10210954922869632,0.14022245524852028,0.3006981820777749,0.6278747504808498,0.2977049304965851,0.5515525765241499,0.42187315361448235,0.32163904221446005,0.5157861312599515,0.29456436973101946,0.08891643106114966,0.30295264837018926,0.3320885860722956,0.437960552202031,0.1816237919017726,0.12269035763749264,0.14886967533648301,0.18377171660844993,0.3899579822356569,0.11893399748958383,0.18778063237979756,0.3412876614090622,0.3289791264102698,0.1430458929321168,0.20596904678275893,0.10659833928889759,0.18680600479209214,0.21637344248469403,0.345905153672764,0.18382453481701416,0.13323077737455094,0.38134744469863957,0.31900683006515185,0.11396152519655416,0.33334418402352,0.23919259392048536,0.2461027584472301,0.14039758188483406,0.16093968407324102,0.21167532737415873,0.27772938542218495,0.18136711969524696,0.14217198568866646,0.24918053909858406,0.09701367088545222,0.10956718320246125,0.1546157867563661,0.16829388687858632,0.07396892796029687,0.180088510788515,0.1903725324106798,0.1972042815551588
0.21019033910548057,0.48260924873009337,1.0,0.3592010615520757,0.4123160405073997,0.46460037127292186,0.26152102267309835,0.37308157448736345,0.2640012274216945,0.1756455382004477,0.14682500041070556,0.3241361266431626,0.22305338627492352,0.17859029896681822,0.2127489335699967,0.24647742865708525,0.15478565008406925,0.24317783540184956,0.14786380341443214,0.3661060854381257,0.2516087365614249,0.15995054722541865,0.15471799635256092,0.2506191262542684,0.09265323011919462,0.1623089812246122,0.16595571131314538,0.17232236597807338,0.11595474960834935,0.13596985474501389,0.19274591360707297,0.2450574611889739,0.12451955126702373,0.11304467452805336,0.13960216795164293,0.17394371976188328,0.0851529016065832,0.18040878095257928,0.19063201013180478,0.18075153825585355,0.15768004297138768,0.1434190995898378,0.30562255641736574,0.1972963234571591,0.20459170947190272,0.09371627383978308,0.15202298473608145,0.09753077703564796,0.1442959370740484,0.21098903035633745,0.26281427467539015,0.3969124143602809,0.24114145218511837,0.4020760498208639,0.46207508880197,0.47101592392532055,0.3420433323605164,0.33565609531842144,0.16608991461830236,0.2590432685802944,0.2889712689709849,0.40939574504974435,0.20230717553263172,0.09980865306325554,0.17939148735286667,0.20700745034161952,0.2792725157043231,0.14341623352998878,0.1038031325580621,0.2522871913443389,0.23915218219646428,0.15363539921652197,0.12494652882900079,0.2038063588971285,0.09621809853519805,0.15380319414084279,0.293342083296617,0.23156106345156813,0.18536816005135845,0.2876104645587723,0.291805582317069,0.11178263740447347,0.2507714647553637,0.20016240634384178,0.2597849049197728,0.08624709888238383,0.08920822336371494,0.1947798878557383,0.2754452362772455,0.1796538986251745,0.2037650274065762,0.21850828491793672,0.19747905603345767,0.22189896061545963,0.20874247425159453,0.2442689870969872,0.10814049210596147,0.08898888297730993,0.1655317397071506,0.24008992790118824
0.19128140934748625,0.49325607545845007,0.3592010615520757,1.0,0.33647257394690516,0.2763679753069374,0.5704098202395214,0.6280553772352928,0.2884391463275251,0.3087343382852965,0.10509516878880677,0.1322337188113232,0.21993452057273175,0.30471061457800563,0.24432419968791974,0.4204273854657344,0.21928626922777664,0.33360262973724625,0.29123522198469354,0.24455692982227667,0.32336154556672025,0.0923400744126844,0.21302857558223992,0.23334774975783062,0.20394507501608067,0.24786068232609276,0.2006135062654947,0.250434670503043,0.19055195750717693,0.13123830856708252,0.13119005360602784,0.21550487007736574,0.2245823426507296,0.20958728823431277,0.22571962047142577,0.14922510867775302,0.24982491589334777,0.2347944611652341,0.18123966996598703,0.18667489789515923,0.2083395072306524,0.19913097629922769,0.23630252906917834,0.13063785617845278,0.2768481911336457,0.08910336600591062,0.16366772614819217,0.14378871935961468,0.11723220786324287,0.12629765897901774,0.231390906151132,0.40729310286479037,0.25585617876803335,0.5147609760157404,0.33479771177039014,0.20439657788769183,0.39331058764825516,0.392091357030051,0.12156989299413525,0.23628388683251694,0.2506122220673993,0.2921686291707003,0.28307692813899465,0.14506610067483594,0.09525875794071598,0.2238459283283425,0.2873816594972116,0.2055266776430699,0.13690801347249817,0.35608066612319933,0.1940365426126287,0.2411723646410582,0.09900691810084261,0.13852558983065102,0.17934649073268474,0.2552655239695195,0.320035174428018,0.2316544615211909,0.0821537666609899,0.19689647795917076,0.19537808614711827,0.22294665346811987,0.22601147817775383,0.16800463858020528,0.206236040795989,0.2014786684516002,0.17052980654344307,0.22585356801829404,0.22585505440431694,0.21942331827242423,0.2845522058954211,0.15243553338503843,0.3097952929446781,0.1914578723715964,0.255023105955432,0.18577782911742025,0.13923117494585813,0.15265567466516738,0.12524359776964092,0.11199604327744359
0.23110422788462184,0.4453815618086072,0.4123160405073997,0.33647257394690516,0.9999999999999998,0.5527725634922198,0.2855341626362937,0.25277269033255134,0.2888366692532562,0.18871208006930354,0.1895650846871713,0.13622657591462412,0.13172181926897916,0.19241915449858948,0.1431674474445895,0.34916857825692715,0.23374527085187782,0.3302808145114215,0.14178045173452086,0.3776560828241122,0.26647473400387534,0.10589771786629959,0.1614148747453292,0.24857220310618475,0.1598567516003629,0.11949253666502087,0.19665458232280597,0.2019011398474776,0.13712158641309788,0.20810964194525605,0.2644694974389672,0.25484611883922903,0.1352845127757184,0.09137396886905057,0.20557907587135638,0.2049186229386647,0.1922741827219259,0.19797113751883566,0.2082156610060602,0.15292681056901605,0.18093585914848198,0.1856718707047096,0.28865470044727215,0.20579071203827945,0.19227249831308224,0.22888092776899344,0.21253220195768735,0.19951250783308533,0.2121085546549345,0.23998251788922106,0.409729543312296,0.38235328187621176,0.38300349569224224,0.5544377810320642,0.6035506685599797,0.41470758745818187,0.34987333286673206,0.3082960309908096,0.15224672581111023,0.22471943238787587,0.15952558491823784,0.31612374819251765,0.15597291502475996,0.23079111823619558,0.2062070239114354,0.15921161116929014,0.3469028697827905,0.11831708072351635,0.09738990954794817,0.2852634591007013,0.1958392347459904,0.11155812229270344,0.10766304915815889,0.19997472723842877,0.20244743169314836,0.11446485993905803,0.2118872167624193,0.25654156305418385,0.2803608802387639,0.38412193574971426,0.28424118933553466,0.11442538669207838,0.26909057243261914,0.2514424597387995,0.1767990383324072,0.10947561903156185,0.14128602839549187,0.2609095041465876,0.2170021717658155,0.13846735965584467,0.2554929558965745,0.28602872439802457,0.2606723297669435,0.3259614919625193,0.16454504847586135,0.1675590284178696,0.1786138410162852,0.1361938546855143,0.21115781457866364,0.24140596873165565
0.3051683184503442,0.3033010368478568,0.46460037127292186,0.2763679753069374,0.5527725634922198,0.9999999999999998,0.31302784574426057,0.33973343846758497,0.4576841946227515,0.16172284931991313,0.22929067622093782,0.18212840367422742,0.15103770820728618,0.22278832811883614,0.2644578888443904,0.38322639306709333,0.16728034266922298,0.3365419157903667,0.1182910363651774,0.34599546608237586,0.23509908704077948,0.18356450218005285,0.11587447398973823,0.24032543986809113,0.18560476724621336,0.12022425015724861,0.159949130645606,0.2777388652240202,0.09434130894863074,0.13866881097910422,0.2651070826622259,0.3225890289041225,0.1455945197981515,0.11320732620623858,0.11403854922107791,0.23318124413868654,0.14180661884743587,0.14075345378053078,0.158279683887923,0.10367787245460716,0.2330487130554495,0.1836386086059764,0.17299767191452123,0.18094993282475214,0.1577964308733811,0.15374634648103475,0.15564185668411112,0.13168996287349277,0.23213081858626397,0.18592627711559567,0.26368149186402967,0.2803829507385378,0.22325729013455348,0.4028580502562929,0.7775227551416005,0.5904499525187261,0.3915519909977445,0.499046180283042,0.1902814909864759,0.2242975201928354,0.19646579128829134,0.2226914830343477,0.15345076866132434,0.14223998074819755,0.11171479534947285,0.30962776255097785,0.19270329436118847,0.16939173146147973,0.1558169427045074,0.34392471548575987,0.2186307546409431,0.11245480123647303,0.13398011830960732,0.12147154654455267,0.12404086779566871,0.23288796254356223,0.22730602691347443,0.2628457428452377,0.2039192278292498,0.28555800510314533,0.2321192394451072,0.06917257101847248,0.22032839259648546,0.23040603577051158,0.2136350386211449,0.08069317844021553,0.12736936290518105,0.22588008012656247,0.22113123410197022,0.16524384810741344,0.1493300603075332,0.16743538385947854,0.260298672446714,0.2873546192485979,0.08401803599222751,0.16356289607079172,0.12803291031464387,0.09203984198503856,0.22866117064892816,0.16318482886832153
0.30501413046439196,0.38774467835894744,0.26152102267309835,0.5704098202395214,0.2855341626362937,0.31302784574426057,1.0,0.4707889366355668,0.29657742181951385,0.38792999435757286,0.18844686439916786,0.0930677956706728,0.2131382059895367,0.290071458011766,0.3839090928387613,0.6883439982572059,0.37010960300484314,0.4087943535674692,0.3154591422116831,0.3005733046380762,0.24638870593353074,0.08074467142191678,0.1963363037761127,0.3402154318400623,0.25965710304865075,0.18298665546948606,0.2652460780356024,0.27492033181598574,0.2500855886565808,0.15205286783835453,0.27803290624873467,0.27465149949629375,0.3042675089064927,0.3302306383591833,0.1958068104303425,0.13738768319979874,0.23460637677891258,0.34115387768323346,0.2530867462806164,0.16748346458499339,0.20949336612325847,0.1944304458333384,0.20540625033307042,0.21796365109478297,0.3468646068271165,0.16161589494256037,0.17642935645522845,0.1760684207354607,0.09516186785646513,0.1686275702549524,0.2688073088313449,0.3664197737092461,0.26971814143303907,0.36119767566883887,0.38036599486004513,0.21347949347843598,0.3926932467453644,0.31233561770247986,0.15088763063783567,0.19645090744517285,0.1751971406997667,0.25517519637360586,0.21103616332901598,0.18360280880997973,0.13899670809368134,0.31088114575531134,0.23568500426475827,0.2295292518516892,0.2594490463024861,0.39894394328849764,0.18443705005755992,0.2547809173236082,0.13999612955768603,0.20262252796974234,0.36549928801517134,0.2683866236170094,0.2942570013049359,0.33161244716600097,0.18443206602318124,0.2428573304933492,0.23889937547521667,0.26691128726512964,0.19087978837405337,0.23938770232316775,0.22227330928731087,0.20819291090133832,0.1558304571018556,0.22614710910225458,0.15798440873970077,0.15240069930003844,0.27179616317087096,0.1750511819309636,0.25462852263994756,0.30859652152425343,0.26855984274268757,0.1891577699928594,0.15785336035727204,0.18403496518057236,0.18106409708235288,0.1628108343180943
0.16992018545038995,0.3966164323270094,0.37308157448736345,0.6280553772352928,0.25277269033255134,0.33973343846758497,0.4707889366355668,1.0,0.4553653295025397,0.26008673152677086,0.11389584184859092,0.14706710882612894,0.29250673192007665,0.44723175457731024,0.2576157314956451,0.32636123628245484,0.1944949527810859,0.4675052560089439,0.17026152658096055,0.15257467113149442,0.374126090079352,0.1444793306872424,0.2652270715814164,0.11335935547005412,0.21531445634350363,0.18936881264234218,0.1794302001470258,0.22911332903980255,0.23536512430877707,0.16210062334537606,0.14852618534823195,0.23588467702177132,0.19618247227777486,0.3423957897477728,0.24091126938101176,0.32143569226296437,0.22276294116832762,0.2344763130536176,0.15574321762591023,0.22957436125096053,0.3815955534956724,0.22891296537982816,0.26944292689444943,0.14014563483995476,0.19971763873533158,0.22392683285767312,0.18209445540181488,0.2517492474748856,0.14651285758387653,0.10578867905519128,0.22795290562137474,0.4109797835337259,0.19333322589393356,0.4735371862911475,0.41397748881575414,0.25073737082927094,0.5323739575461963,0.75430515829717,0.17538162690327896,0.18416498113100704,0.2504369955263004,0.17975934093776197,0.31856824960291913,0.25541308740835306,0.18174156744741304,0.23759905663630945,0.23367105628227428,0.18527885492903926,0.12207225270170088,0.42008728920688676,0.21128463533844855,0.15064718966513846,0.08752640447049333,0.13076427407294802,0.12607368415335296,0.21609187144009262,0.22966565756175564,0.14468362944908858,0.12806273832634743,0.20978230146871882,0.10230376032338137,0.17280898469039685,0.20501626226085012,0.15528403017316594,0.09375737221977198,0.1804577866794208,0.13193012774421436,0.10798830501058682,0.21684595723229014,0.2081565681354424,0.2578323175855885,0.20064957704684716,0.26107030560943595,0.1834453405743147,0.12929801666326907,0.18477119546980064,0.21724627242172442,0.1929433115437832,0.108835916610246,0.10035532952083752
0.18087677369594304,0.19215915983712364,0.2640012274216945,0.2884391463275251,0.2888366692532562,0.4576841946227515,0.29657742181951385,0.4553653295025397,1.0,0.2048166121156204,0.21416385016361017,0.17619596774772633,0.3734414121688333,0.2416513034598169,0.22276708460402153,0.2694136278854587,0.21350463322383223,0.28553801129113104,0.09516940926141765,0.16719464656330044,0.21779369753150274,0.16860065029363636,0.30252000543562274,0.1627643337952127,0.10680900422003864,0.13486196766156708,0.22090384076119837,0.21092540326682696,0.15136249465378665,0.2228761313190536,0.14570413658530856,0.3873847606367874,0.20850827559173465,0.1781573994561616,0.13937575335098276,0.34131172892622735,0.21323789371334284,0.1130345232846582,0.124620591829317,0.23356985833017957,0.3089208312407117,0.2196786325469707,0.1373658089035884,0.12189380970365761,0.17369316020281902,0.20185720706051177,0.07643598258377679,0.24063658203089908,0.1393389503580047,0.16757186389891762,0.1820554554757906,0.22214683013326833,0.2095942995092275,0.31122526350611757,0.39458373773171246,0.3214631065304842,0.24530337604649313,0.6201828054116668,0.21641010393171872,0.13158461732587942,0.14937013045723313,0.1258077825623116,0.23909257736326717,0.20272959752302666,0.13434488144523254,0.23285833387942162,0.15008956518064565,0.16123195289299386,0.12255164057698131,0.34167479260904526,0.12368207408471249,0.14154973045933975,0.1415381159784618,0.10813166952120958,0.1518235522354529,0.12851043392158143,0.11582688808949657,0.12070871802113742,0.16515569000860167,0.13237208644847065,0.12879329705641185,0.15841169146274975,0.18101344329841934,0.13220465852188398,0.12493464213787894,0.0684712231891011,0.0703120747580386,0.14563984695549403,0.2382246895035735,0.18021110045807665,0.12754644788057065,0.11391461357716347,0.26601166107613167,0.21172641740289352,0.08159631977689835,0.10248092191423101,0.12064664483999908,0.11313561220472586,0.11915927324571987,0.12102841701036558
0.2372687720265094,0.21722215300929515,0.1756455382004477,0.3087343382852965,0.18871208006930354,0.16172284931991313,0.38792999435757286,0.26008673152677086,0.2048166121156204,1.0,0.1641171014902624,0.13963841962414725,0.19128688818232895,0.31467580959753083,0.2839486626265056,0.3081213664116308,0.24027489865635346,0.25228943045857666,0.1944909451691346,0.1982206463241777,0.30434212366277935,0.20676613246530368,0.38534675570899357,0.3167824837203444,0.29593265168499483,0.12217604879429184,0.22933248713453847,0.20788961374051101,0.2573282979663092,0.37111355695064924,0.29832483830910417,0.2757054969847644,0.32112459338859567,0.2802188879353136,0.33454303266163987,0.21999285592956092,0.2483227873570931,0.35943317890371174,0.18402637619497303,0.19380575811774467,0.1830390221558124,0.17977554156349843,0.3007129560488234,0.18093028217253349,0.3617565960458702,0.347108607505916,0.35756888375310186,0.3531492728357748,0.2073762678152491,0.19652158921415344,0.3552894888092607,0.24916030237240244,0.2525539103957728,0.18299369462906825,0.21053635354818379,0.20078863619589982,0.22397569358734679,0.21523688378957073,0.26342929051864844,0.1368551415190502,0.17560520069034846,0.18916168735653827,0.30576602053544677,0.40224975293219983,0.4291609861048007,0.2423664965525188,0.19159712059971062,0.19742326510947214,0.3075667390514305,0.2228633383222601,0.30093218525972754,0.1960506548977818,0.3471508174227694,0.18459800398944878,0.2667016977432315,0.24842302532277463,0.19629521424593932,0.17187828795024548,0.3176961427881912,0.351412291051272,0.1788376977279943,0.2633445547998486,0.3169210128248242,0.2527306445146077,0.21836654066888964,0.3696521301719696,0.28103846143207023,0.14689034011438415,0.17105907787643854,0.1217602049290313,0.35693757117362435,0.26047147172305274,0.22154319571070025,0.268231142341549,0.19830660807093878,0.15662890187866788,0.3100314572321744,0.4056401606559932,0.23954703515411235,0.2116395235031453
0.38959323206960556,0.1505529170110481,0.14682500041070556,0.10509516878880677,0.1895650846871713,0.22929067622093782,0.18844686439916786,0.11389584184859092,0.21416385016361017,0.1641171014902624,0.9999999999999998,0.4383208366942316,0.16289446047546818,0.11075303130867775,0.12649012842979823,0.26891571763905797,0.22722114325675483,0.21571795113619358,0.1429243242160569,0.21636535951029073,0.11566081828240889,0.14756821548582824,0.13308236959716194,0.26339318815635526,0.23621010115224422,0.2504891654860957,0.1862195553302034,0.09344328186561947,0.12482954960788398,0.2490116204836924,0.2430643641720646,0.24657988637624736,0.14908457461391064,0.13391275909546818,0.1899066706337455,0.24718709572023106,0.18778986117481775,0.2084864670289316,0.281777937626172,0.17987135054530218,0.20041944114594035,0.3123295607204557,0.19550209265356874,0.33171764263580844,0.1721244682700675,0.19500496982816296,0.2133215650463851,0.1537639927570328,0.26335031311844614,0.20836729583701516,0.1986910228614889,0.1677720750274457,0.22852036981274734,0.09339508550496745,0.12291108204165511,0.19669218156907725,0.20291540606723946,0.16615704056644903,0.2267054086930393,0.46571971923416505,0.3305715979213215,0.252649414475091,0.11227339700566387,0.19190346598401006,0.15437216099860826,0.09721183024221483,0.1438227745461441,0.11587289821510544,0.16759867742213028,0.15316129145944474,0.11265537290028146,0.20410788801804752,0.14930147308960082,0.25795160992564914,0.16589135918592002,0.3531828915274074,0.1449270792018276,0.18891714025286707,0.25382315689402146,0.15623961899617014,0.2430560805631813,0.16679306422351875,0.35346583558798,0.21400713414932504,0.38426738716881625,0.1898584107587371,0.12500830853667058,0.2278271209692531,0.12610440434156137,0.16422238749913068,0.15177133911587745,0.1605545807389216,0.21580113678291304,0.30223753180823854,0.1280288973129444,0.1826811947317698,0.2162794735197101,0.21476192213780468,0.13348689357930238,0.12946612672752633
0.1955874519087349,0.28177953248296084,0.3241361266431626,0.1322337188113232,0.13622657591462412,0.18212840367422742,0.0930677956706728,0.14706710882612894,0.17619596774772633,0.13963841962414725,0.4383208366942316,0.9999999999999998,0.20615479015585098,0.12505467430598158,0.11439270273072871,0.09203782737668029,0.12090684709354771,0.11575950435586892,0.13998133245461367,0.30054550434188426,0.17046653367789058,0.2517227625596206,0.1643279853197387,0.24996587859679467,0.2896896205227259,0.4038451711220085,0.18655168327390417,0.18371898595682115,0.1858769023791571,0.19225445526829665,0.13473039567073225,0.16897449496905304,0.20525555169382034,0.1508944789973096,0.13410495390881108,0.14297696986984562,0.12003103514024888,0.14759809638151736,0.26160655832939317,0.4054486366368277,0.28405206977630953,0.2114637657951639,0.17815791883601534,0.13746982780973763,0.22506058118978473,0.14087272750098612,0.17930174181673017,0.22468639958134481,0.13621141829191777,0.17817942701456652,0.15353057171522755,0.20683279116878583,0.14615594804170284,0.2358066457892544,0.2042503872134492,0.19936467357172408,0.2650558839488201,0.18164936731282133,0.23439695870947538,0.3685059093714383,0.6193967125195654,0.47209632036447835,0.19386266415635356,0.16220919744622536,0.13795511119541776,0.09077895991414171,0.18084535752955863,0.18880670756739446,0.14598256177052693,0.15567812465915645,0.2274645051971143,0.1343615297676225,0.24937790714017105,0.1919482041626257,0.1725779587159133,0.25413938731403896,0.28754851496605016,0.08788339688812082,0.15908892838887778,0.16823989280175383,0.2086745034442,0.13403165427851582,0.332431961772638,0.12360272218736203,0.34264010408307277,0.11471642299124565,0.13742041330718358,0.12828654007365883,0.3162274142417479,0.4383872099629494,0.13079988216366004,0.1393705038440487,0.1628457449536038,0.1995365172902161,0.11589079048310594,0.10991761249996582,0.17310172577836236,0.15270530528612775,0.14704627489713934,0.10484075268326903
0.11955896840500256,0.22460340945863452,0.22305338627492352,0.21993452057273175,0.13172181926897916,0.15103770820728618,0.2131382059895367,0.29250673192007665,0.3734414121688333,0.19128688818232895,0.16289446047546818,0.20615479015585098,1.0,0.20931074279557918,0.3665268165219636,0.176702701807871,0.3129012583977979,0.2521906657326578,0.1446649939200744,0.31777469931229957,0.27275632894719193,0.2675156158176383,0.29609491795549114,0.2942550457879403,0.16971959650855448,0.2529820611954399,0.2813908183572027,0.12384657726741108,0.30780144252805636,0.23703101969531737,0.07663114954705878,0.2749344972738373,0.20504022731062058,0.4356175096060827,0.18786871470922809,0.26422800943689445,0.18501543006205115,0.12370199434280943,0.25001829762293565,0.2814578299896242,0.22044909470772225,0.2010899512495534,0.16399380102853395,0.21654891098173257,0.14792071337890744,0.1846399563257972,0.14556084284414955,0.22102725586703714,0.15554078354724665,0.16264134433664004,0.13450832840105217,0.16031251032129157,0.1423508145638358,0.1786875282491266,0.16383749950493243,0.15538545764153402,0.1524441458836079,0.2905761098570026,0.16071500360201033,0.20108967360876323,0.2318490125942666,0.1463654897238809,0.36181812139510217,0.19161202187434737,0.25932140885440375,0.35332430736522236,0.20663371383334733,0.15949639633901336,0.1652881909757546,0.2501480898003847,0.26158120124870843,0.19442479553750078,0.2631055308695321,0.1683541291858276,0.12128964109815346,0.14626566855110273,0.23071141430574935,0.13942679023330876,0.10858856058500808,0.14463019459153148,0.29622853199376276,0.23706716168148181,0.18132845076809065,0.2331487624947172,0.212607261876383,0.17756794230767847,0.1114982915739967,0.1703844390166733,0.2845518289940659,0.1571432110886572,0.12589503997715126,0.2274665686436298,0.1326931197371369,0.12959265837900036,0.16718252149243074,0.17986622438366925,0.1236985789794986,0.1758892493017067,0.2524918703813908,0.13024351340212104
0.21761611948699688,0.2194208827024577,0.17859029896681822,0.30471061457800563,0.19241915449858948,0.22278832811883614,0.290071458011766,0.44723175457731024,0.2416513034598169,0.31467580959753083,0.11075303130867775,0.12505467430598158,0.20931074279557918,0.9999999999999998,0.34033362292503616,0.20532761833565025,0.16069492422024736,0.31737407233563336,0.3362513287931827,0.15700830829663406,0.477965208052821,0.22795660149510916,0.31214161032341314,0.13530102017894438,0.2813521317645971,0.2044001028743887,0.1419052717272445,0.2362991825078867,0.3351774022827863,0.17986353139876787,0.32278796133729715,0.13033850104694786,0.17376874497699524,0.34948051989904705,0.28157804218147087,0.28501110219950876,0.38420364596501605,0.2688256701275311,0.1688462322664581,0.2086977665367987,0.26879898031133964,0.3087969319222722,0.23753725668468212,0.25854393413551435,0.16186059829524285,0.40803451490590037,0.37588660072475716,0.4012262557748905,0.24528348251720317,0.18675930502037572,0.266937289897346,0.19580388477440921,0.22132023836958087,0.21151776608699147,0.23860106948760482,0.2650737989519971,0.27180521552680653,0.33253056265953984,0.2066716268127537,0.19522666801666883,0.19900267008540784,0.12506570092030211,0.32278084133954965,0.47732890838516595,0.45074268247647375,0.350571574893944,0.235866345331608,0.3750741667293554,0.17526333987017695,0.3042313628468404,0.3158519297382543,0.23956060126555412,0.2583177434193256,0.19628660155050115,0.15293961760172511,0.1896724765570422,0.20737575966658384,0.18097721036005363,0.2848956538424686,0.303409156610214,0.09089318795738315,0.1554665772546332,0.17233879020384618,0.21363480474953722,0.12262702500789618,0.27837617906797196,0.30550122364397464,0.11327560649700844,0.17355271933536193,0.16793212235233163,0.3541921485749995,0.3382866937591021,0.21503008068987575,0.25948357954948603,0.17878342208002032,0.25062865271328855,0.38527855577993025,0.34084014637397686,0.18451253478704469,0.13761473130460916
0.13350699066849062,0.17470106532682173,0.2127489335699967,0.24432419968791974,0.1431674474445895,0.2644578888443904,0.3839090928387613,0.2576157314956451,0.22276708460402153,0.2839486626265056,0.12649012842979823,0.11439270273072871,0.3665268165219636,0.34033362292503616,0.9999999999999998,0.3272195191304578,0.2998246951469208,0.45280183788943756,0.25900450533781894,0.3693568478013189,0.4286269927083526,0.24154789648436242,0.2888611248300064,0.20172219979809658,0.18744755579900335,0.16956534751481733,0.292479369637273,0.3256624784731612,0.32436555948425827,0.2755593255421451,0.131646696090634,0.1966786302426428,0.1779028763826518,0.4153501408103601,0.18174336134514804,0.14331250927980632,0.27460273920074457,0.21788506229276614,0.16059225222681303,0.14811910404220718,0.20528277165011724,0.15335092880571874,0.13732004488661662,0.20580560691058233,0.21350211461314686,0.24449400135268975,0.136362105306968,0.22699266119749145,0.1413721216136314,0.19199699674466905,0.17459694934487688,0.18054985734500953,0.174670543617872,0.25421521912544365,0.3106931046075582,0.19914582034433168,0.22652429135024083,0.29208848151241573,0.19488799502672316,0.18078228441258407,0.1733553705151947,0.13822031836900978,0.34601586220902464,0.2804461732474401,0.31458571711297684,0.8383804419266195,0.27089007177680446,0.1704627788549151,0.25618747230108574,0.4231926380321357,0.46015243417794977,0.2699854981428225,0.437200821105286,0.17126576653756775,0.23684184514439094,0.21113590793162013,0.3788263529656033,0.348298213868641,0.12027312019372724,0.202850109705308,0.30899371031829637,0.16797641618215464,0.2063031628176552,0.22236227008394716,0.25440956240059687,0.19769438045020343,0.27180761487787,0.26788372465845245,0.20148745516279723,0.09252696905859285,0.16922304270960356,0.1818160741448157,0.2020409439619715,0.13875526373654287,0.12719845771398697,0.16095667844905429,0.17716132156677306,0.1287955069508254,0.3420072266836293,0.19999851753696501
0.4794050210854055,0.35141083101628806,0.24647742865708525,0.4204273854657344,0.34916857825692715,0.38322639306709333,0.6883439982572059,0.32636123628245484,0.2694136278854587,0.3081213664116308,0.26891571763905797,0.09203782737668029,0.176702701807871,0.20532761833565025,0.3272195191304578,0.9999999999999998,0.4333164771900325,0.42321024050934347,0.24704847289732246,0.35832116032974837,0.1966639575789137,0.10893034976982924,0.1805642733400631,0.38977158588996996,0.31698844381200014,0.1294715841469272,0.2507401009405412,0.23640752880406835,0.17847338047183178,0.22548219039506318,0.35101157286377266,0.4578653109955623,0.2683595534262681,0.2688111462993491,0.22649166015220124,0.12861213087975218,0.15447349504819216,0.32865099122514,0.16528193191293072,0.12542078957783953,0.20054594272833615,0.19857677591828266,0.23582910395208667,0.24795147554184005,0.3013979340726561,0.15242836071722304,0.18786031461680983,0.13421586419903844,0.1275300887461934,0.21675027360683127,0.31352387960368433,0.4363966512407536,0.3054304754947504,0.41159181105342524,0.47899378466096665,0.2690232966074712,0.4328329194354804,0.2825012355387224,0.14862223789925794,0.2258249202172797,0.2262111306521053,0.2518923324737225,0.1602992428640768,0.196171994997919,0.15708877556760836,0.3080881491127255,0.21492548945150072,0.23211646606832526,0.21985372995975358,0.3311096653615327,0.16444603126460478,0.17895969356399602,0.11934628060332327,0.16243446311233656,0.34524140277709603,0.33608688384538876,0.2163767207870157,0.2688947387697409,0.24729380686335092,0.34847682840677485,0.23948808689773754,0.30630407019235817,0.1986148958133387,0.3157871991199691,0.2431011782939293,0.18157135263701615,0.16528450834652247,0.21237545562982144,0.13230270208085615,0.25670692431909037,0.2522382417344724,0.2670191388588325,0.23176655188646444,0.3289732972695141,0.21156248907229816,0.1739007889456582,0.17753817676490885,0.2113230309157555,0.18272309105212245,0.22337819241331036
0.10208782508708386,0.2763695953787431,0.15478565008406925,0.21928626922777664,0.23374527085187782,0.16728034266922298,0.37010960300484314,0.1944949527810859,0.21350463322383223,0.24027489865635346,0.22722114325675483,0.12090684709354771,0.3129012583977979,0.16069492422024736,0.2998246951469208,0.4333164771900325,0.9999999999999998,0.4433996997900194,0.36816908376685437,0.18298365128877755,0.13371212450096018,0.12899140098883544,0.1619647911997309,0.40255929948007263,0.2385189160391288,0.24214659936491534,0.17208852034173802,0.24417219756422492,0.13719031353376496,0.3360566462457506,0.11288899297827583,0.2515289748527311,0.1909577177608591,0.3060127406326645,0.1492256542280711,0.15147788561314485,0.17776946178532987,0.13206414585904555,0.2680501652797905,0.08224689158285231,0.2271174022057834,0.09923515419210055,0.16795201116913178,0.15680498385827013,0.22095597359314853,0.22469741709031105,0.18086098268680528,0.1988133243056322,0.21633424459566247,0.30315180502116285,0.2124981712075869,0.34713622183060244,0.2705428417650913,0.2532659955002949,0.26340844961153526,0.0878348004473834,0.16882762490135148,0.17970989308101673,0.13663067921262997,0.20907900619332925,0.17920875844507494,0.13341979086869943,0.2570358222441824,0.1706494749229188,0.17017094920026207,0.28105602360512866,0.2403071757584771,0.23654082330357154,0.25390782141416257,0.280868761825989,0.16128735938407612,0.26732628590795954,0.16123559933652715,0.1608596882079314,0.5542264320683624,0.16181570623865388,0.2250077775764061,0.3736782183665322,0.18458371521471748,0.26890612448081125,0.37627205581933915,0.26074938226359873,0.20719858143257833,0.19408526083627764,0.1590600744235521,0.11528133355464489,0.18422800748772594,0.19599222076764938,0.10796070296065433,0.2274590199322223,0.15587350508587908,0.09750203438648405,0.17006233540423057,0.13097961282598553,0.1848627949080258,0.22474853884766588,0.18990723708144086,0.15696947562911676,0.23067934899573725,0.2867370528889867
0.13335839568014152,0.42224955676124437,0.24317783540184956,0.33360262973724625,0.3302808145114215,0.3365419157903667,0.4087943535674692,0.4675052560089439,0.28553801129113104,0.25228943045857666,0.21571795113619358,0.11575950435586892,0.2521906657326578,0.31737407233563336,0.45280183788943756,0.42321024050934347,0.4433996997900194,1.0,0.3702188596995697,0.4074368761684612,0.502739004383868,0.20015381798417542,0.4344338565626077,0.13613125300856113,0.13741581460027408,0.14461379530911866,0.26280477537011027,0.32937022380802,0.25124506696609095,0.23100941755473167,0.10231899466181277,0.2958887494639083,0.26171192666403514,0.39973986464078737,0.269284489523741,0.2361536592245045,0.1784101959736518,0.17411246862208382,0.29044287903197463,0.09263217691056154,0.3207080545550638,0.11098437206016479,0.17073797020523723,0.1710345481253581,0.323085460384387,0.2725195082607178,0.18202189164305285,0.33233617127652276,0.1369281371526261,0.163536735878964,0.33462106723230456,0.3664431381626407,0.33996089038252586,0.4544004101317698,0.4070923736521352,0.21785880939494223,0.44784254657894146,0.4336869102004506,0.1838256129937554,0.23527344157696747,0.16605496568478267,0.1312852535230047,0.25802210248781376,0.22145313868836544,0.2526516612804401,0.4093511972615242,0.33768711029834475,0.2051482391186736,0.3031632708055719,0.7605752904939576,0.45955241086698745,0.26758018850825777,0.36504829067730804,0.07056703792185354,0.2566089848961536,0.19859035846626732,0.29228430661637433,0.2415790167681734,0.17771949789826444,0.39035829566553987,0.32974903149616197,0.13931234014559965,0.27985949155585127,0.22756399354585077,0.18126274968988135,0.15481252663781858,0.2179042951692378,0.18623754727544262,0.27005300126990234,0.1290690978653665,0.19238947103143172,0.22036412999172458,0.18149814037013765,0.10222324445561679,0.108480961043364,0.15014494202236925,0.19459208280038112,0.2287663041623929,0.2896559349284407,0.2332291588842008
0.21553903357886173,0.3096078773248883,0.14786380341443214,0.29123522198469354,0.14178045173452086,0.1182910363651774,0.3154591422116831,0.17026152658096055,0.09516940926141765,0.1944909451691346,0.1429243242160569,0.13998133245461367,0.1446649939200744,0.3362513287931827,0.25900450533781894,0.24704847289732246,0.36816908376685437,0.3702188596995697,0.9999999999999998,0.23632400416865748,0.37631588661053406,0.16011039183716008,0.2294075950844611,0.10605638575641838,0.25005287887241734,0.13105609493956816,0.19886665657941346,0.3963147392837111,0.2554293650020114,0.08037968923667789,0.12659777886708662,0.1276056391954153,0.23844940288099384,0.27914695340747625,0.1767392690151649,0.1062104772166716,0.20628360983083682,0.27033585462681475,0.33629204959118386,0.13585012791075696,0.15498593344609277,0.15469604224069392,0.130877663035512,0.2307210879404567,0.26661274239608806,0.17602048099350973,0.13691988870295332,0.21250964412354512,0.10964096413538121,0.15940054076274715,0.196679961239799,0.20757412588545418,0.26706772306055704,0.22367997419224692,0.1465927878960062,0.18103537517952936,0.16279699442237103,0.11690295602017829,0.21397188939326436,0.27487494043697974,0.18009899612829017,0.11091811955968839,0.17676177179246658,0.16967953171563907,0.24346452668873386,0.238672308853085,0.276469691949714,0.5382673805761964,0.5168404057558007,0.4017447913172127,0.36907745219035065,0.46335844888615785,0.37786335156641265,0.09789096833781202,0.32058716343985105,0.2573170854967634,0.3123536452239313,0.3573086485725166,0.11150888737443705,0.2731827509555273,0.31189586462334673,0.19027624054015777,0.16240657048207707,0.14686728111493785,0.19329467493707705,0.23004127013159392,0.27095949278476633,0.3917076020081999,0.195490483306159,0.15916843436627084,0.2080461817367401,0.18863297740727333,0.22504371172258844,0.11806736031283917,0.17858664879930713,0.21459443395343136,0.18313523067466703,0.2672260361180815,0.20246238656848864,0.14723188908742077
0.31793276906755286,0.4572813832433116,0.3661060854381257,0.24455692982227667,0.3776560828241122,0.34599546608237586,0.3005733046380762,0.15257467113149442,0.16719464656330044,0.1982206463241777,0.21636535951029073,0.30054550434188426,0.31777469931229957,0.15700830829663406,0.3693568478013189,0.35832116032974837,0.18298365128877755,0.4074368761684612,0.23632400416865748,0.9999999999999998,0.3453641408243862,0.19600690057626813,0.2589728706706239,0.3164558976599585,0.17955875938664814,0.10718651526324217,0.24937332932173165,0.2023208046432642,0.3744984398088955,0.14445963044663593,0.22135509403256648,0.27774787892513025,0.18430058848038863,0.2872052447711555,0.24130537094464208,0.18150124859573183,0.12863842793978036,0.21029151529398668,0.2676782999569164,0.14628362487909602,0.14091139237691291,0.10324576874145304,0.22100112113494966,0.20712145745592397,0.2551064146730902,0.13459844774831914,0.22949110461566757,0.17469846857939902,0.19462075470393392,0.17813066534674055,0.29416921318020245,0.2934143332241955,0.26847484159587387,0.4014815462642469,0.34127692894886885,0.35948903363551726,0.3460979106542492,0.19227248010346787,0.17506914695173506,0.34511839231472174,0.2776901200472902,0.3230585065011301,0.14335596866226374,0.10721295186665075,0.25793247209890163,0.3513580233548478,0.28024198667165146,0.21888278984597995,0.21125049296888307,0.43732809784168986,0.4525470637443792,0.23020429148873722,0.3238460508428276,0.18997281147359782,0.1013102354694559,0.23323479428161223,0.45324300661856776,0.19368414610075196,0.1974003495666368,0.34762747472753447,0.43258162077796825,0.1666859451733346,0.2530990027132886,0.28554642384762685,0.41703642880061553,0.19792130554866438,0.18662122813572027,0.2742126738567347,0.4705852031872583,0.18361720334489112,0.21078174772680047,0.21861777430643892,0.16335060869800644,0.14950787115654884,0.14661160395951273,0.18660528714145025,0.13962117985976719,0.2512830914511383,0.3331935794977437,0.18476965393645692
