0,1,2,3,4,5,6,7,8,9,10,11,12,13,14,15,16,17,18,19,20,21,22,23,24,25,26,27,28,29,30,31,32,33,34,35,36,37,38,39,40,41,42,43,44,45,46,47,48,49,50,51,52,53,54,55,56,57,58,59,60,61,62,63,64,65,66,67,68,69,70,71,72,73,74,75,76,77,78,79,80,81,82,83,84,85,86,87,88,89,90,91,92,93,94,95,96,97,98,99
0.9999999999999998,0.24902167281178114,0.21642479071314405,0.17876754364215902,0.2936098399304885,0.18018495791778644,0.1444291302974613,0.3065372315509054,0.2548442738086477,0.11482597065568384,0.3106741667883593,0.25511767646615513,0.230195017795679,0.1272452444341881,0.1648338474838934,0.28030475168435465,0.16693925860698575,0.3823345713389333,0.10342239933948559,0.2827061093278041,0.1790351909113036,0.157986370705843,0.27303607452485257,0.2377985570269379,0.20647459084290837,0.1926386860548219,0.20686362639478498,0.13774513306276379,0.1943463186615214,0.12070114654029745,0.1639926707239703,0.26590421344106324,0.29027348497803795,0.3180776346684592,0.28785618359230286,0.3854428938088867,0.19228597948523435,0.12118043725329218,0.18408556483437633,0.08200082584162245,0.08693558943199184,0.23159011927696074,0.08285759924128319,0.20303039816737847,0.24928805083500574,0.18302702048440722,0.09042807020217039,0.32308333489740826,0.2516241138257964,0.1390521886075723,0.3113992641638348,0.14953860221833398,0.19329449880357216,0.32644330401873484,0.25522284546468266,0.2302969607409315,0.24053382479555274,0.3290246832640366,0.18769970437195316,0.124620343062546,0.23277965535364972,0.1948211100990634,0.15056644386677287,0.2865896226282183,0.13048205768656518,0.17693061288773226,0.23152568555978847,0.09859640679060973,0.09945837840575185,0.31285003262127914,0.1641405542949719,0.2716592726819777,0.3844171615594411,0.11729919127125352,0.12589522770982964,0.1852168367351339,0.13688290707501985,0.3004197119246274,0.3919677164028411,0.4134832540671417,0.2810662760829704,0.11594738774596977,0.12263819058507214,0.1681787616541428,0.21120440997317885,0.1460694105172157,0.2795437724732779,0.15785207562373343,0.1665336545981725,0.10094002331561304,0.14649707254487374,0.1972182855602691,0.1904937029044047,0.1989400263791492,0.3687247110289496,0.2576624063619356,0.1351800675895458,0.23049073554787525,0.20725289889620843,0.14356776447005068
0.24902167281178114,0.9999999999999998,0.5506758436197144,0.24395505007102633,0.34379914724063965,0.3118613346792015,0.32574130793683087,0.4956895030211644,0.493963570436189,0.2517413630358128,0.3209923773951048,0.20123700173895515,0.18832562279400641,0.15883848283580018,0.2572921964990107,0.44206264119666255,0.1734780761625256,0.42415758244145435,0.17793498281513564,0.28517994913602085,0.18981514021653856,0.16342744477869708,0.19119066021595685,0.1519341357075302,0.26073490978938274,0.15543217329606598,0.22470641744518327,0.08515513970925652,0.17354247029388667,0.14623605241288024,0.14561390548931386,0.22860731390610667,0.16809931646859633,0.24797983271148294,0.2535257690108429,0.276676390931347,0.17094670680541763,0.17150709267515776,0.29619886340278456,0.2072108420305371,0.17027191914334663,0.1513659068568213,0.11114357765356722,0.17166367836519997,0.13800458517980263,0.22226241691869683,0.16609462843744663,0.09701373647538823,0.1981003172626396,0.19151497141742416,0.28825262400641,0.2756908139965404,0.22722556166555075,0.36458858297475305,0.3928473360695406,0.3141557993480326,0.31417179902573783,0.383971570260279,0.1787835733462911,0.19749322802418867,0.11311528624704659,0.2967614513186166,0.24900476947508995,0.18905211992398988,0.20784966746597677,0.18240716937625628,0.25034975173295204,0.17016925224408522,0.12243562903310437,0.46506736877781574,0.1776333255486446,0.2687769818491802,0.2089433144220143,0.17049029287702844,0.13398162934881908,0.13522942271127514,0.16357408687440098,0.17793125485537936,0.20400013210905088,0.25149529179581814,0.10347358610902116,0.14887608586087425,0.22603921308865044,0.18683665915486392,0.19360417781916983,0.23278605919706813,0.11627284307749959,0.23425386875989057,0.29060403267137275,0.16815737799667524,0.11931428891329057,0.21132786455230648,0.30889704887487596,0.15612483481271155,0.18787665117340985,0.24136222758660283,0.23235292820463213,0.21320011843784728,0.29104367434745954,0.21224997022358202
0.21642479071314405,0.5506758436197144,1.0,0.11086614225074305,0.47933591295091116,0.6661758174092018,0.20576278594051978,0.5260049532424114,0.6832701913964763,0.21676031347897431,0.2441972229949825,0.12913203304277301,0.14908933498180652,0.13997579525669057,0.13713813787698403,0.28442538798484013,0.15578345706075936,0.3381109250774482,0.1322778890658464,0.15123136383247207,0.15907148000938642,0.15678397332637567,0.14857832845308228,0.30404174627447245,0.12267585359498095,0.21569512236533683,0.21201876290031757,0.0888298593708338,0.1708900662118974,0.18717861496199006,0.11295231872488894,0.22227409752571775,0.16125988973039992,0.1822443125335487,0.1926569363946269,0.16607642485395085,0.15780730217767208,0.21878606222240335,0.3208619226443236,0.15413654211190905,0.2804012995289796,0.2255986115148998,0.18265830596129454,0.17796307492279512,0.1357704807400229,0.13651079560696588,0.24067439037081056,0.18852849056799503,0.2025269259930305,0.1738980465398456,0.1354568523032435,0.48511976465201123,0.3311918081500467,0.2646915483464698,0.6208175540868873,0.6437804585867414,0.32261463420066433,0.5147863614958145,0.15632608391623176,0.301960959765359,0.13635182033434215,0.1900118666688494,0.1900340914014067,0.24035350266089406,0.17391193717710474,0.14662990767921563,0.15860340295786635,0.19255696930279884,0.13374305560358268,0.38199163276395004,0.15957406411605776,0.19443732032716166,0.1732407054698617,0.20522280508266208,0.20027163255416697,0.17129789058155998,0.13324102450817205,0.13333304680467076,0.1645398079671846,0.11441159584586358,0.17723421181034218,0.2411352697986811,0.3445590101785684,0.22397078177811391,0.16387407365727646,0.21437867465422294,0.11351713983168839,0.28497229946960334,0.14149154613913822,0.13245211053451086,0.22280433513271009,0.21008020051775833,0.24812146511643526,0.14953100305857933,0.212443387823316,0.26762183281780616,0.17361816203313798,0.11191816051194513,0.26048755467703244,0.17053364125668308
0.17876754364215902,0.24395505007102633,0.11086614225074305,1.0,0.24566894948762835,0.13792163406686808,0.39929985431707293,0.2592194724112668,0.18267755610252123,0.3727972775953974,0.14426472305038007,0.29539504646773684,0.2598814662955077,0.29620457941600203,0.23457664395030825,0.2622733556889143,0.28798497365685266,0.28674886144234185,0.35925824075851936,0.31926064257190867,0.11559519833209543,0.19342871830351968,0.21400046830198535,0.2361894317183162,0.34147149292726786,0.270672813835007,0.31274476194870304,0.18851450463660227,0.23210348676686093,0.25540336236900285,0.44234116353927744,0.25126602820933086,0.1891985661000268,0.19502836059803114,0.2910588012897646,0.2830332590513319,0.26283959337358337,0.2729283646051821,0.12028444480447659,0.4421017311912581,0.21207085356628347,0.14207870788786237,0.1943727569132319,0.3781309288055835,0.43523398125892804,0.3543842275508963,0.2692966028554177,0.2822635018061114,0.23909316630492367,0.3245782884694355,0.4474696227818392,0.1753626728149411,0.2862681725753143,0.7058390385230463,0.17739872252911165,0.14127858748623168,0.2580623430242308,0.20433520320892862,0.1588778376974177,0.1794776843042031,0.2891789829829243,0.32037119981128126,0.24943532875729535,0.09869782818618542,0.3199738861315915,0.261719425593608,0.32316662919120215,0.10179751102922366,0.07306340209385123,0.1840168949449851,0.31077753584157214,0.22378636209418648,0.25022958440181836,0.30188966643380427,0.2940888871319338,0.27041498382258267,0.3401957379155016,0.22347677794708457,0.2873812751102441,0.2360492075418964,0.289917951850444,0.18220951909338357,0.12210871550074749,0.22321415984536586,0.25161844945566547,0.44560785901152056,0.2274036696077746,0.15413762106778167,0.27343356380469314,0.350254038608641,0.10879395772389071,0.3577954277539285,0.1726276840195147,0.30464656344533764,0.2424590342553403,0.18783798405549476,0.3212301290601647,0.3081019304167814,0.22721782977270488,0.2453557800462842
0.2936098399304885,0.34379914724063965,0.47933591295091116,0.24566894948762835,1.0,0.7203443259567305,0.2524090917062933,0.641110378990851,0.7920733615334208,0.22683531638883667,0.2799399595450893,0.285665033769196,0.16073824157682357,0.23203155316634913,0.243729028226327,0.26362347746606213,0.15563686026777862,0.2793844765215424,0.14280666677666345,0.12562257743930105,0.16810144695172782,0.25020377323295384,0.27679554984378946,0.3322980492276299,0.16087807490516715,0.2304347429039314,0.11924078206781884,0.13580493900418247,0.13154484783573842,0.2261881107341948,0.17069789430118615,0.16234331934180182,0.17057502389383228,0.2228784782265758,0.2311525405372742,0.23645710662767921,0.23084202992818392,0.17706060005508029,0.133956644520733,0.12864032664252956,0.2129875162696126,0.16775815329608826,0.13380905357186404,0.29922605749875797,0.3225273666635336,0.09842517013672256,0.3024050151893695,0.4541790739495554,0.18245409471462845,0.19146904875036458,0.22066189927435112,0.4565314939862669,0.398914394254535,0.5828549574760562,0.7314495864247873,0.723867492241022,0.47305717358669397,0.8349844787021227,0.12162717075505625,0.2895117556345376,0.2870357254427978,0.12355523825000907,0.1948606362361852,0.20228970588995931,0.25484385288869144,0.24561708690530482,0.19410956557598097,0.25952435028820053,0.13261915473575073,0.2706865422520185,0.1327834006628873,0.17702774701834734,0.34112205518829747,0.14820472377983104,0.27071251888581715,0.21368773250691497,0.15191285277726527,0.1729501812927376,0.2930407492549236,0.26383633126852557,0.31017092726977386,0.15899351517680202,0.2112115210292941,0.11644090809764357,0.27644115380680945,0.18438492995479996,0.2643282601725093,0.26286044330991504,0.12526140165093927,0.19524238459547524,0.13853104913473224,0.16856241607295083,0.19201453709768748,0.1881626649935962,0.28902443999833033,0.190903336665592,0.11435083245014067,0.20105070818198933,0.18517663201955104,0.19792698243393195
0.18018495791778644,0.3118613346792015,0.6661758174092018,0.13792163406686808,0.7203443259567305,1.0,0.15542553399902614,0.5416845323308176,0.7593665328271659,0.2277025401474505,0.28374224488770655,0.22885997150189916,0.13567940945852688,0.17009298290737226,0.18145489375701968,0.21118649155302502,0.11814593159870918,0.29960332466894796,0.1305968952711598,0.08904349853481511,0.16523135204989334,0.2414470304859972,0.2131601550635092,0.2747677827232527,0.16022695558858266,0.24830583420963284,0.21955812708229966,0.14848254616597048,0.1901940057870325,0.276685605098065,0.14607601196998565,0.17724684381304076,0.17395456187660643,0.21804845787992272,0.16958649428519615,0.1450688584842047,0.22469083881899404,0.29614716769020744,0.176080823303637,0.198932907942214,0.2689932923533673,0.14991847340035971,0.18885687031482512,0.25547890649543076,0.25875184759176395,0.15379704266386593,0.33915807522928343,0.3303101934822223,0.18093387550036186,0.17973341148884114,0.11938632673314993,0.6103071274971763,0.38332623361831464,0.35218335843345466,0.8241345508058149,0.8830008726145263,0.3915221482919609,0.6939233675523302,0.13356327276467495,0.36081024659570704,0.27052407586605837,0.11026417318720205,0.1520325317468152,0.1931872464326659,0.20405187130952573,0.18052478827848634,0.16391652696306447,0.264859695499186,0.19046021105354313,0.2710967586189808,0.0860897416603267,0.17506199788655818,0.25035281903307044,0.20916055713863216,0.22976391407587465,0.21795731157659226,0.15490163232869714,0.11614265904089718,0.2776220861545234,0.1741376809226094,0.2585321988462639,0.16247384824663655,0.2863623568352898,0.14339949545664032,0.21352152297890073,0.20079821952753996,0.20974065002094597,0.27804351515236925,0.09384453181047142,0.17348022585558462,0.1521911205297043,0.17539453187994616,0.19756734841120688,0.20468967213347558,0.30170594945407303,0.17366343101675585,0.19503288560015455,0.13671513643569488,0.21996677910012685,0.13883740522628918
0.1444291302974613,0.32574130793683087,0.20576278594051978,0.39929985431707293,0.2524090917062933,0.15542553399902614,1.0,0.26544128918047427,0.29517987823548414,0.23667996512422496,0.2610506989585683,0.14639502248113748,0.1635316424881307,0.38590220347952564,0.3510845732515691,0.40217203005166535,0.1285064239476411,0.1569083292195276,0.18293302404285508,0.3790216191045564,0.38072742499398526,0.05241815636779881,0.1501766230533229,0.28714126592531053,0.2943243483093121,0.18692350221983972,0.1900015719425141,0.11168924866697504,0.42048818448844727,0.36599556568939956,0.1959016751095043,0.17929625720845765,0.16933522374581245,0.14407077178052233,0.2027973794169655,0.22618931698821992,0.2377548997852699,0.18950648670527576,0.1312061319263846,0.40360336243328204,0.13042081594288416,0.11467525259545394,0.1613459107668965,0.20509497433863205,0.15199161035253497,0.13689851052201915,0.3635874616248115,0.24790381579872334,0.14536749083695508,0.22845791414213704,0.38768817086760726,0.23466899599313112,0.3324427647462522,0.38144463664096495,0.23708729879204363,0.20941559760841413,0.4547601926477926,0.32362040400466907,0.20508770490184028,0.23816276243811763,0.11425046042637588,0.24853924260395052,0.18436603918370562,0.2652496065980594,0.19189864984683055,0.251713888431689,0.476238143894145,0.18637427954067198,0.2233390817837961,0.21210450884475293,0.5557319082105041,0.28261336314500046,0.2170216448567254,0.4333779710156642,0.3259159130576256,0.17183400514638894,0.5535117911020117,0.2569723470460322,0.14278150549918484,0.21364136285525565,0.22420646476476216,0.17774756733221359,0.23676584726370672,0.22967384879807565,0.15634088278399472,0.16858640120910925,0.20941361234537184,0.21232707915951393,0.3005593849547612,0.21840937421083362,0.250529459638054,0.32468820706623536,0.19468944445061676,0.11775480147275968,0.21691741212714255,0.1742898399233226,0.17806445366288073,0.13852903424565766,0.19209430554954443,0.202406522089564
0.3065372315509054,0.4956895030211644,0.5260049532424114,0.2592194724112668,0.641110378990851,0.5416845323308176,0.26544128918047427,1.0,0.7158502655255895,0.18905601848495623,0.18547804926430536,0.24187298363620957,0.08651319266734302,0.23954747197793186,0.1868309850262185,0.3195431398436117,0.1019698043797983,0.41739978427853963,0.18628950818469045,0.21633922618520185,0.12292104955193743,0.1431113490451612,0.17120720402671374,0.23876990279264484,0.17525617373000524,0.14141902160619277,0.1688204213201946,0.14596605464090937,0.13503317698377498,0.24297869478571846,0.15986303574689492,0.15885029954941604,0.1960158228548798,0.2541237349988297,0.18866356408789692,0.21665820403236533,0.21062123278209693,0.16843170867897642,0.1646266630323566,0.14612463000439382,0.1110165942846421,0.1439229376431892,0.1468246517173572,0.294705784437667,0.3360530267024936,0.11738686148506419,0.22838464365807662,0.3733536786729892,0.19347065876780165,0.11291992603387661,0.14596254537881534,0.4785690037353082,0.45735058188422034,0.5477200003331272,0.48849264891688615,0.5913382522769383,0.5673365531576572,0.6777115880233553,0.21661595123279745,0.35876402399895735,0.18067883376315705,0.1634060953858472,0.15433989524010727,0.34377543405086236,0.18602994895626257,0.1774231588928411,0.2777934340812643,0.20701970076921347,0.1054872807670596,0.4727338721894174,0.15025663481973867,0.16731318514224636,0.2468054531835027,0.09105224364251228,0.13204609451823823,0.13146068082797965,0.1111036807628244,0.1325196019568743,0.37738230012193574,0.2207757798927369,0.15026359366618214,0.1305896423143221,0.26742427133435404,0.11421201742382392,0.16188686056588678,0.13832654138315037,0.21903947162477913,0.30949271785480426,0.1277882446462174,0.13178318527076271,0.1288527311193406,0.2224310625862697,0.23209535673098294,0.17036852500717042,0.16667051840590014,0.23943554160079225,0.12120653603472092,0.1605274227101063,0.22949353483318266,0.11238895731603936
0.2548442738086477,0.493963570436189,0.6832701913964763,0.18267755610252123,0.7920733615334208,0.7593665328271659,0.29517987823548414,0.7158502655255895,1.0,0.2201955904817056,0.22752424893798923,0.1724579569546874,0.11875070889551607,0.28568612353932094,0.26612016919605147,0.24100272463537648,0.12208981204117886,0.35439192906693767,0.1829032537577654,0.18563198696137306,0.1627715972131349,0.20713727880535726,0.24847659910349462,0.3450206350243347,0.21992675401155035,0.2568196084311354,0.17643435958551945,0.1546797600440232,0.12946049211011754,0.30898518661734414,0.14967162684092164,0.1650312784116427,0.17232752758812675,0.24242447693592098,0.19210977009092056,0.2109243077531303,0.24191195273924848,0.18683912899028332,0.2444676530246125,0.1543843131860786,0.2567021472506361,0.18534039229494442,0.15891629318223913,0.24035955399328332,0.22274070513710656,0.11700395817900164,0.3862115344717554,0.35350490882331786,0.18507631219805928,0.1758104299082891,0.1929655425404583,0.5205961009419036,0.3968397921284488,0.46109940588269094,0.756041306298365,0.8307105020357822,0.5353050008244767,0.8122574107578204,0.14548553171534592,0.2864305605082753,0.22877961901845703,0.1357422331069938,0.18010228825419872,0.27233066011439955,0.23840592912169875,0.2178197961546059,0.22498082680318918,0.29891701997486814,0.12307563413041137,0.37011461608542773,0.1846054074448434,0.18708622400314867,0.3114461286956337,0.22195916827583093,0.28152981848229414,0.23520918650032607,0.1681994851348075,0.16825343882896096,0.26202971189427876,0.1934456732883193,0.26774703722087995,0.21476526806987298,0.3104486398399111,0.13109990537032332,0.23876010043265003,0.2183346510797303,0.21424632582078373,0.2886734447160225,0.16411657234371735,0.1689413034218907,0.14785552492868423,0.16392724684655458,0.18605050747108898,0.16016522183950577,0.27189657468633915,0.20283691004522955,0.13645530459882985,0.1682015800517136,0.26913966015087243,0.17727800923815695
0.11482597065568384,0.2517413630358128,0.21676031347897431,0.3727972775953974,0.22683531638883667,0.2277025401474505,0.23667996512422496,0.18905601848495623,0.2201955904817056,1.0,0.13830371599476754,0.24692764437237333,0.4502099496428457,0.2362456317099684,0.25158834383002954,0.32053107970633526,0.2475656471166926,0.22106681365760772,0.2519367782549844,0.20745268415774498,0.12017463160142206,0.16217446192778984,0.17879043754602075,0.22559422641137938,0.3498175452926788,0.17907396994594674,0.18595009643664698,0.16421032918591655,0.3067472395089438,0.20075852880440537,0.12568337949761277,0.21463759776808047,0.21081418507936972,0.2366158879224854,0.2243544975275132,0.19382833459891852,0.20302020587542144,0.30030097501566916,0.14798233700150015,0.35391347188197514,0.19137523541503412,0.10019133466697588,0.20999879159242507,0.14303560669970145,0.12148426207110274,0.0936371589071034,0.2525421997080855,0.16439563899049495,0.15138683493927843,0.17372996933249524,0.2982961074226588,0.1809790235787091,0.20275000509835717,0.28039255569445865,0.3408077169303718,0.19552808707348357,0.13247148100707154,0.20716214189239332,0.3004333010617077,0.1566263485160403,0.3220022975925427,0.4093966019426482,0.33688963001078065,0.11205902044507655,0.2723085547799523,0.27923671711293613,0.11005771387141552,0.14456800930695007,0.17524732510141658,0.11790548905812735,0.2772043984778904,0.2158670431604216,0.14497436640646066,0.30431192312144817,0.4224314562634194,0.35552587721585244,0.3359977879713334,0.3304833746631004,0.12053951930244443,0.17060366204465452,0.3968648788465041,0.18517849834165462,0.21693020491371984,0.25488656224415557,0.4715570602349009,0.25985171156075215,0.1730552508373095,0.19004063341463215,0.1497956995313467,0.2699439069925568,0.16575757524553605,0.188868466381195,0.15859877979656847,0.2235827834886429,0.23344089772106041,0.22182552043771195,0.14219291925813116,0.14401759682752097,0.18766779938791717,0.12812538384240668
0.3106741667883593,0.3209923773951048,0.2441972229949825,0.14426472305038007,0.2799399595450893,0.28374224488770655,0.2610506989585683,0.18547804926430536,0.22752424893798923,0.13830371599476754,1.0,0.35461027668313316,0.14878566882032118,0.11034447857703114,0.2746567279650645,0.43734728944644874,0.15828193317980363,0.3365337451477563,0.1331092561186405,0.27253779850996895,0.3382434377647847,0.33588669918892666,0.26339367139958825,0.17916739033056706,0.24638363150874742,0.22973788678886786,0.14956361609516441,0.18616499573315223,0.336586962800528,0.09091873961795875,0.1318981816132115,0.17563284078907157,0.17058552188813275,0.287164320641052,0.2854511248134974,0.2919380415516858,0.1666329875503594,0.28066759326275137,0.1962919942849299,0.16972448457158926,0.10777921452603711,0.21543157101742774,0.17097629995111283,0.16889206710595486,0.27443784752421263,0.14784368468214654,0.13536953981493496,0.18430881035659455,0.11612249012965178,0.11941373264686891,0.30638575464486534,0.17273674599225466,0.2453234779815198,0.25244862238507254,0.3088348683271654,0.2687014775773065,0.21114555833387672,0.28816643159942923,0.18241927853442705,0.3473628682279713,0.20675680822523496,0.16647347852263167,0.13878673189770538,0.20730225646051367,0.2402309034304042,0.23665961006432795,0.287504419815986,0.2710313156810802,0.19144016637109718,0.24298972719289924,0.20855728297866713,0.29556284839008673,0.3210606871232913,0.17748372568997975,0.18614155655642153,0.15451876336596845,0.27496880244517763,0.2190821784892445,0.3277548049150216,0.3622044411719249,0.16121589244352685,0.11865101704460962,0.1177546175285695,0.1654151702428559,0.16278732343162564,0.1523354894885057,0.19744794896456166,0.12782722613103525,0.20027361026661017,0.14786099380246384,0.17130843885354385,0.18977493765857856,0.35953152790250154,0.21214772626417627,0.385284453819698,0.18527311549064443,0.1848783709481637,0.18135063554590425,0.13581608289962618,0.11143524735621575
0.25511767646615513,0.20123700173895515,0.12913203304277301,0.29539504646773684,0.285665033769196,0.22885997150189916,0.14639502248113748,0.24187298363620957,0.1724579569546874,0.24692764437237333,0.35461027668313316,0.9999999999999998,0.28156588716491815,0.23492830223147085,0.2196866351827532,0.30673827801445774,0.28268534284028995,0.22994018394785412,0.2909709157364211,0.29348746268424936,0.19589712341179588,0.24119047087258969,0.29976889819316344,0.2921663750977087,0.23642630734923717,0.3156727089443367,0.2820319507328607,0.12147618040397809,0.18170339639248173,0.19033441212713129,0.27603521224640803,0.21853430682186256,0.24291425888586543,0.27708666934132187,0.2276375209851478,0.29520647320518256,0.1779280030652136,0.37713885335086217,0.2494791649531659,0.12821291660132675,0.1801398267831907,0.10254409613532375,0.15418246009172584,0.2194455946174465,0.29783567975472125,0.25334032094929193,0.19701728364866847,0.31084723653481827,0.19351862610796575,0.15174676582585353,0.343113019790686,0.15456816468287593,0.254789434517275,0.37186570965598365,0.2581600412760696,0.19618632266859534,0.15042973682303173,0.24354696768143777,0.34933428324616667,0.3470118038935859,0.5606874617849578,0.14427509921701112,0.21320101496525426,0.21405463768244684,0.3441659433398271,0.21968698130310865,0.2878764318365017,0.2890315609157452,0.2685067148910907,0.21380133750855207,0.20164014988690698,0.18784400505071383,0.2744497842390899,0.20107957808828822,0.19894542842297497,0.17765152186543656,0.14846759404007603,0.20103220891392504,0.2924594724317654,0.39734849262144173,0.30079351346256855,0.17165664829156846,0.13611668969696986,0.16168672594629377,0.2708774708749505,0.19964583997002128,0.20280951945848402,0.12104879753248807,0.2703015864222425,0.2068940546351251,0.2362116123291431,0.21348492664437624,0.3045180917574235,0.2324479957499367,0.3215296106114915,0.12822232786620885,0.2758698290706469,0.30821491829054254,0.19445867556142651,0.19748596103433097
0.230195017795679,0.18832562279400641,0.14908933498180652,0.2598814662955077,0.16073824157682357,0.13567940945852688,0.1635316424881307,0.08651319266734302,0.11875070889551607,0.4502099496428457,0.14878566882032118,0.28156588716491815,0.9999999999999998,0.330185594013478,0.17928184493115296,0.18324351191097812,0.21060177108295008,0.27182444002382605,0.2510416642367197,0.1487332754833791,0.10967413145386333,0.22070146664660978,0.17159086358152587,0.2628680534169001,0.25185879147218804,0.25253653918771957,0.2497098888867892,0.1738183755714537,0.2296311492844495,0.17060648188629807,0.15143762193287091,0.18822346631064693,0.21497980103032588,0.30999588190262983,0.3333403624786877,0.22081409229882687,0.14457092281593503,0.1669255428363325,0.20097959446351182,0.24691152361778132,0.15203886219294924,0.12890738566402138,0.15297881897551513,0.16333005659040264,0.14921363430183507,0.12433836772941251,0.26850968129525754,0.22766710767845108,0.17299205096938988,0.10301794903482239,0.2901886317227765,0.14966364508988528,0.17136833083982725,0.2560089297771835,0.1970056688947488,0.1053989805620034,0.10551645283987705,0.09435120046836551,0.33823132422925134,0.15919585007740644,0.3003270716267067,0.5673322935688232,0.4657529207691018,0.21380149475641286,0.30575779710219103,0.29377378388572606,0.1484792509304046,0.14768231686375927,0.24754503862986407,0.16971326553986063,0.19063820286662247,0.25705645450122133,0.12251700416981527,0.31614846234844135,0.3173467430627526,0.3297385938871926,0.2238642462440976,0.23505785148596875,0.19401809624363026,0.15530047516925238,0.3158170857897262,0.16685614341795102,0.19613676254693557,0.2979869621778102,0.49724749106342464,0.16295170926715624,0.17983989557730304,0.19576232201556898,0.18603439426726917,0.2051402389933414,0.2913363041811727,0.16073013827098812,0.11064666402797836,0.23769174982569435,0.18446456151154814,0.29223551211032023,0.12844263303408024,0.19080809795151224,0.19521477069614815,0.17300154625859546
0.1272452444341881,0.15883848283580018,0.13997579525669057,0.29620457941600203,0.23203155316634913,0.17009298290737226,0.38590220347952564,0.23954747197793186,0.28568612353932094,0.2362456317099684,0.11034447857703114,0.23492830223147085,0.330185594013478,0.9999999999999998,0.2583651332311794,0.1328730874105387,0.36167457114938695,0.21102597565476153,0.6378885120986353,0.32787342202757797,0.11873597246558752,0.23746180587662544,0.22367799909257777,0.20324670044385737,0.23886223428013886,0.2012887525662999,0.15744564476412803,0.15024584929470244,0.1504857002317045,0.431436103463436,0.20676345750884537,0.14066277029991528,0.11301752464357448,0.3185168899814722,0.36498899763913617,0.17828727780944173,0.12654270045036406,0.13005931546478453,0.1714722296898451,0.26404890278722715,0.20743818730666544,0.1482470262699096,0.2135036341015586,0.15788061143989274,0.2253331842162587,0.2266526282503126,0.37087352237983645,0.3235591967717333,0.1954231975869984,0.19285653746753392,0.18955387464414689,0.23321826622903646,0.2843921234861886,0.27438807226978296,0.2156956158979165,0.20837414648064936,0.33972065672427854,0.25836865279135984,0.1683050697909881,0.26959662613932944,0.20973682981560132,0.3141851772904005,0.2634240462314212,0.5312328034405511,0.5050237653221552,0.35215141405310973,0.3261335524127045,0.32118178666037,0.1809689502767376,0.16103806282832359,0.29686614657573696,0.2418542007470895,0.16100221816123983,0.2841213384562875,0.21433117949299682,0.20451506089626326,0.24483513970232382,0.13091195639866599,0.2123941583462799,0.11537784254818997,0.1993405281973472,0.15100588868061127,0.27439965616896134,0.31525048422039703,0.2521424796165763,0.19008347620431099,0.13077498453259773,0.17042188734806377,0.21034923143857842,0.23080670313499466,0.26571270074804265,0.16755395228968795,0.10770681741728007,0.09800339110954755,0.15492557115906752,0.15976116192736955,0.15108557490826507,0.17526559481026233,0.19769772443605793,0.12418555883102853
0.1648338474838934,0.2572921964990107,0.13713813787698403,0.23457664395030825,0.243729028226327,0.18145489375701968,0.3510845732515691,0.1868309850262185,0.26612016919605147,0.25158834383002954,0.2746567279650645,0.2196866351827532,0.17928184493115296,0.2583651332311794,0.9999999999999998,0.2813009935357864,0.32830251225504753,0.2019645749208864,0.2826564644004888,0.2346613315338392,0.44113944600156585,0.15980897489894852,0.2801098742626618,0.26724105744213156,0.3148972712949497,0.18282974411052028,0.1559779310797677,0.19438158873627065,0.29603044113579147,0.2461460960978792,0.2489735277357418,0.1306808136557883,0.28763660129918933,0.2354541400029314,0.2008198433071609,0.16503507673150417,0.2000087994231616,0.21169696188891415,0.17341021960309322,0.15907862296077757,0.15779215665026589,0.17217256741649958,0.08973292951846122,0.18677103133245695,0.2396330034185824,0.13850446207515277,0.24134308642213473,0.21513115003313038,0.15706085943260123,0.19055747329903283,0.2774667421322937,0.1573760874516349,0.16073701282022643,0.21150638414151846,0.22799771060250304,0.19965241376392895,0.19139023461643648,0.22939275287091684,0.15651343043606145,0.16153828382755409,0.2139281283052688,0.2557983934980387,0.29007230039020704,0.19349384289749375,0.3753126272945432,0.6457163179167433,0.2029664771519587,0.2607888528211234,0.13743789075595825,0.13208153223642247,0.34182388246870204,0.11939262243664442,0.30158015356510226,0.23099742899007827,0.4581118965472355,0.14675844389356452,0.3290161544664619,0.33504476149810214,0.24143775424735703,0.19109122229455366,0.2397624220577606,0.19113424597057393,0.18920059175024936,0.17155669113312466,0.2650198056451267,0.2907063290411074,0.1678572195300065,0.12895914292448674,0.2007113617227283,0.25693615354081806,0.16195963983962783,0.16041654990214751,0.22729312759908263,0.2758105919736309,0.14748979249152075,0.1687780197656055,0.1570402178842842,0.16747683925527054,0.20025613643131346,0.2035430867807672
0.28030475168435465,0.44206264119666255,0.28442538798484013,0.2622733556889143,0.26362347746606213,0.21118649155302502,0.40217203005166535,0.3195431398436117,0.24100272463537648,0.32053107970633526,0.43734728944644874,0.30673827801445774,0.18324351191097812,0.1328730874105387,0.2813009935357864,0.9999999999999998,0.14450732632483174,0.30962321283132604,0.10660520286885168,0.3422239152692605,0.35203919968281894,0.2861898214514922,0.3036343031772005,0.29656389536070704,0.25846196338324395,0.19824132558085525,0.19945174522549286,0.0772840868500283,0.3422266053035662,0.10507639653351125,0.13999107307811567,0.15595839594190405,0.334969641358602,0.26249817347669574,0.18540948969241539,0.24092688921604136,0.21087997806305445,0.44192595228724296,0.17773877138410873,0.1849202072292163,0.13203958636830798,0.11228515791783386,0.23216011704622166,0.17991462739903494,0.19784600639475922,0.1946939823992786,0.14719341110991102,0.20099812723031302,0.12771624724866384,0.131049577708546,0.4529564185300411,0.2466217305753532,0.2865586152254442,0.2823878418247717,0.25230857910873894,0.2000233436160712,0.2372430232901075,0.2474269773155634,0.10160553436610126,0.22764879595402976,0.11501808099306304,0.21354664673482313,0.20205548656720904,0.2554592476512312,0.1583093478256584,0.20333359692602615,0.23839420030035655,0.19067312258088914,0.18824490999279597,0.24540946711940503,0.33674540989874807,0.3151349710180421,0.3264348124792027,0.1573209259188711,0.24510866946869672,0.10977726251605235,0.3606202587276877,0.22861141673674334,0.20128532491423312,0.32762168380934686,0.24409081558648665,0.15543806811811517,0.1582221592442289,0.1665403201064394,0.2325427995990269,0.15157252072350608,0.17244750384509214,0.21627916133660421,0.16963038095846578,0.1391580101319873,0.17402712038377854,0.26003754879250907,0.30021726097837365,0.21353275555893725,0.358564375964302,0.21867318914850004,0.194788294867676,0.18280247414912487,0.13792546089132707,0.11289798990362145
0.16693925860698575,0.1734780761625256,0.15578345706075936,0.28798497365685266,0.15563686026777862,0.11814593159870918,0.1285064239476411,0.1019698043797983,0.12208981204117886,0.2475656471166926,0.15828193317980363,0.28268534284028995,0.21060177108295008,0.36167457114938695,0.32830251225504753,0.14450732632483174,1.0,0.2101884762055993,0.597422750413917,0.2096551525145322,0.26900572399199274,0.39222008012639675,0.3994072159893986,0.25750207752014115,0.2977381442765028,0.19725314376891462,0.1102806508771063,0.12327406859618077,0.132973367738796,0.28052790901726776,0.27738023435891024,0.1691473539959759,0.17926444906300512,0.3852378868307498,0.3898134170199613,0.1968568924995376,0.19596067593426764,0.17843559702025982,0.20779895957241243,0.20522060550512455,0.23539216206708172,0.2916788921010421,0.10385917031959363,0.1038342899347554,0.26234841766048506,0.18581242267325815,0.24139479124705676,0.24396602454669994,0.3966334131541383,0.3138810924362098,0.1799323199409751,0.14103870623718898,0.1965360387407994,0.2054779459092514,0.11636492917101503,0.09701240359854428,0.11700829849534022,0.1066404538272531,0.16599894440817214,0.09796781956974937,0.20558808305596676,0.1634756247159097,0.19552105256244032,0.12289940930072642,0.34293450996862673,0.21534220401433998,0.17693993637311936,0.2534171659342968,0.17364938010988953,0.16058236656211095,0.20088941089110365,0.1098943965052502,0.20078235490990737,0.28076414289568563,0.23702725054175344,0.15138966906556262,0.1397650031812046,0.24439097959093634,0.16094845586442094,0.18050486739233695,0.20206348023538556,0.27680969053849847,0.18962315779851135,0.24830567517417984,0.19180198734260076,0.3499465300901709,0.15140854540114956,0.15541484804986458,0.2571509898436219,0.568034841936512,0.3119972364297751,0.24945014754792355,0.34625839026384625,0.14317784994062074,0.1049439479006612,0.2664769748511169,0.17719033161084366,0.23649329160810342,0.3371321914255612,0.307925559118846
0.3823345713389333,0.42415758244145435,0.3381109250774482,0.28674886144234185,0.2793844765215424,0.29960332466894796,0.1569083292195276,0.41739978427853963,0.35439192906693767,0.22106681365760772,0.3365337451477563,0.22994018394785412,0.27182444002382605,0.21102597565476153,0.2019645749208864,0.30962321283132604,0.2101884762055993,1.0,0.17666455355332464,0.34066417833560536,0.2328981062492754,0.22398713447357657,0.32637639136646535,0.128909239599188,0.2682036589613692,0.18360460572235182,0.19070705802462717,0.1663318446703382,0.1312633364990775,0.09170333620899065,0.1596306426986525,0.22730429175043593,0.11632433589310581,0.523526700108213,0.4454009071584663,0.5018029728049509,0.1790662579057468,0.15472866812524952,0.27698145987828493,0.1651051685461058,0.14966873269812755,0.16847970083515362,0.18826502925689428,0.2597323065720509,0.35470941420227164,0.19606913430389764,0.18936252527702777,0.2612517839037556,0.21349134919243642,0.16413073562231112,0.23044489029037185,0.32297585625762465,0.2583120532756618,0.34129598212387935,0.35769581698468034,0.30181220839869227,0.35425428526003344,0.3299682358543811,0.18670336215856084,0.24423720347667693,0.18477010284683568,0.24141692799362754,0.18710957649080112,0.26614031177203895,0.22969700322267197,0.20952069886035185,0.3124621457504848,0.17138114991778475,0.11522694336111103,0.6930717268813369,0.13846981703372793,0.2843985181257684,0.450395059001534,0.15166591398428256,0.15201493119891799,0.16864464101552096,0.1555036538001134,0.1748407306332905,0.34081380965325075,0.26399267631153406,0.16162356283405122,0.16747019232055693,0.18475751317812583,0.18505820907970638,0.20859370524130424,0.21219401447309905,0.22529339375626645,0.1670859986534696,0.27022881324649606,0.1555323243754503,0.14658817999351284,0.07788167456796787,0.33496756734496697,0.1623295269575517,0.2673920395134224,0.21779841247186302,0.1438597397407708,0.29288058421317953,0.29703636828469226,0.16285711682014817
0.10342239933948559,0.17793498281513564,0.1322778890658464,0.35925824075851936,0.14280666677666345,0.1305968952711598,0.18293302404285508,0.18628950818469045,0.1829032537577654,0.2519367782549844,0.1331092561186405,0.2909709157364211,0.2510416642367197,0.6378885120986353,0.2826564644004888,0.10660520286885168,0.597422750413917,0.17666455355332464,0.9999999999999998,0.3106070101843821,0.11044262994380724,0.22348078510903915,0.2752054182695341,0.1347395662245756,0.229716651538493,0.1976308740864992,0.16634094377423822,0.12211824568909495,0.11747527881554413,0.3263887666731239,0.3068632435963409,0.14494049744684684,0.1951090069330429,0.373290317182469,0.3436279956754588,0.14889677378704397,0.16142459679369758,0.18657844921499578,0.13430877761743687,0.2506171047969735,0.2409933897678056,0.2824647372363028,0.08769518031536877,0.1570042753839046,0.222035262024237,0.24404382102433766,0.2571182604264759,0.21900298632154258,0.2953567800450578,0.27664368449340593,0.16060677950863925,0.18331072229072187,0.24825814989327538,0.252497596167202,0.1022828620333136,0.16408133403066266,0.19175293063007326,0.12701389184114414,0.19717473422957252,0.20692175226019224,0.17287584625052435,0.2681002524046173,0.27733955844129654,0.24738326536646105,0.48232139214241365,0.3083413729117406,0.3060883318912198,0.23906115817346965,0.1652626352433312,0.13793324573429358,0.21760971212928892,0.14809718764713597,0.11036072216364537,0.2991869083952951,0.1580519564774695,0.12058885989646474,0.18244269551038783,0.18820997370492729,0.18173810750372704,0.12643673776008435,0.1518486231358762,0.22663568588190783,0.21295946087303702,0.29172837940039564,0.23053542206616498,0.3928931604803596,0.11100229317186491,0.16784397788283242,0.2116703102321569,0.4028902085926385,0.281654674815105,0.17840695166159798,0.22174656901341155,0.14168932941862353,0.12414914644768839,0.14659869895791303,0.2082568821828964,0.18734982954355744,0.20959123236856683,0.17221723666405658
0.2827061093278041,0.28517994913602085,0.15123136383247207,0.31926064257190867,0.12562257743930105,0.08904349853481511,0.3790216191045564,0.21633922618520185,0.18563198696137306,0.20745268415774498,0.27253779850996895,0.29348746268424936,0.1487332754833791,0.32787342202757797,0.2346613315338392,0.3422239152692605,0.2096551525145322,0.34066417833560536,0.3106070101843821,1.0,0.17852329638584916,0.10876914031702135,0.10934611719612966,0.1754561738104704,0.2591237850939424,0.23832832583051694,0.2820425267468744,0.17477076116698145,0.4043264560302983,0.20830566011471635,0.23912683794921344,0.23883992899459297,0.22497530533148247,0.10345144333604243,0.10878049381217446,0.4498200252548172,0.3370029027979244,0.2537695043346531,0.16732992468363225,0.28272276098345067,0.24962478753499204,0.06030701225917364,0.15444439405053365,0.17338119946167413,0.20511233366507164,0.2992909251022712,0.20092871244665658,0.18634715881755115,0.29304145827002515,0.4020526829354869,0.2774879533835841,0.18397087684936647,0.25251673622528137,0.2660378705925665,0.14154171101498306,0.12791560428458004,0.2809305219521627,0.18056115526003344,0.2143869323779971,0.28111139512097205,0.2526357221662268,0.22853962522013102,0.12641902632029478,0.21944301274760025,0.1756206493647638,0.1448440122495845,0.6356522763898209,0.2058164226325298,0.1791376504796286,0.43116470425478975,0.46305456411584767,0.31618404669877154,0.36579825519081083,0.3485880415624422,0.1937252311950257,0.17182763933696468,0.4010596606794061,0.10679148511134257,0.23397192756217125,0.19510265540419328,0.22758636529101384,0.17370996541196426,0.10501377802965853,0.1869952301827671,0.2192000452024481,0.26298784547221743,0.33681303092883585,0.09414650345778822,0.5798886945684285,0.30410709375769485,0.15893377724154142,0.25523856060881833,0.21471055645559464,0.16708999591307516,0.24751759364693632,0.1475508123688663,0.32406164562449796,0.4337057599270619,0.41482083700838984,0.3314031746116781
