0,1,2,3,4,5,6,7,8,9,10,11,12,13,14,15,16,17,18,19,20,21,22,23,24,25,26,27,28,29,30,31,32,33,34,35,36,37,38,39,40,41,42,43,44,45,46,47,48,49,50,51,52,53,54,55,56,57,58,59,60,61,62,63,64,65,66,67,68,69,70,71,72,73,74,75,76,77,78,79,80,81,82,83,84,85,86,87,88,89,90,91,92,93,94,95,96,97,98,99
1.0,0.25614617273406537,0.2632837505814216,0.24089832910672015,0.23699216013152022,0.2904094161331703,0.3224468359847195,0.3297335372421326,0.2015130612371518,0.1688390409425134,0.2224314382376243,0.15931606254366282,0.12642326271574883,0.23380284197081302,0.25598133042286575,0.17011036238553745,0.13491109969217485,0.1863792747733857,0.1440486018189533,0.11801130751294665,0.24982578575385933,0.21014312151943546,0.21855139309395383,0.27977115498009175,0.15137307112520046,0.3361430330654721,0.14128701746515762,0.20613721443341518,0.2635470327900521,0.27194540741419265,0.25186718547303477,0.2095665640077355,0.3579307068158695,0.16235099277474133,0.12681737007497493,0.19814690446101532,0.12863224968498216,0.1732066295913398,0.21544205177304157,0.3182655905722398,0.20538326335791124,0.3200322340289888,0.1636603098297728,0.2417288051829278,0.20016679803690074,0.20531319329936137,0.15974060805345913,0.14343406247377988,0.29755801377131674,0.17574426104632723,0.3111010438473603,0.2789270672273627,0.23594643077049707,0.2642876790562497,0.28110934446623215,0.27675145557636555,0.25819602696144,0.2516088908514826,0.1953829572761311,0.24163492928148722,0.15413318190862133,0.1067053521693466,0.17395004689909713,0.16500884719054695,0.1844419159183888,0.27465896325815203,0.269811580849436,0.08609717677483683,0.24880785136777467,0.12910074253489426,0.2718461267756178,0.16795813108690738,0.23186165405381087,0.24378518077355388,0.10417571478085935,0.1699838023468896,0.1397341585588103,0.31420931861062823,0.19168970102964827,0.13144363694148498,0.19015395124024048,0.26691491884676516,0.20661301271323076,0.1419998970127801,0.29992831259127617,0.1456131998109569,0.17029216219589224,0.14517177963920574,0.18231217238250633,0.23653743696656995,0.24634362576915306,0.2990841164166364,0.3357171217830441,0.17906982407462088,0.14065149183906311,0.27547218485908487,0.20733511601093624,0.17113767312052952,0.31181573003003066,0.17930205745674374
0.25614617273406537,0.9999999999999998,0.5854245044013517,0.4350982910588342,0.5962015098984459,0.3319409471871122,0.34116195236704056,0.4569519914172297,0.3767016251047741,0.16860923294003674,0.2804098001068936,0.29447757483036013,0.30750415038399986,0.4434873072142771,0.4004537011722549,0.19316685705769074,0.3037909981507313,0.3229724527551061,0.2840069101845013,0.12626298285277332,0.36685355890236243,0.13208001989809087,0.42255822997276415,0.3225612014874434,0.2629379822709738,0.16118757081009352,0.2874515789051788,0.3100905602451759,0.11831473624704748,0.43059140514352917,0.23447898805569511,0.11047847966085103,0.30797564772325275,0.2852832922513983,0.22199437260799204,0.22215054240171503,0.30104385358953323,0.22227408735813922,0.1589073141578614,0.22268844239428295,0.20427630609677586,0.1925137137778032,0.19301734023922346,0.13834926085138924,0.1334218203419974,0.2965625135526216,0.2105075572671532,0.44128851320475065,0.2572331291815928,0.19859938978971947,0.3127532115215919,0.5348432214741723,0.1621245602057029,0.5346553173147583,0.5246834077063264,0.35551689653076574,0.35373237952767467,0.41215546204553355,0.13924693871498553,0.3758316654591922,0.2626650696873816,0.3050081223756428,0.321001938334906,0.4416766525330451,0.3628767203248001,0.4689543959057214,0.2829246109836253,0.24038441497103863,0.32205029854374545,0.2263080530996619,0.3926447979047009,0.13581525956217494,0.4391205102240042,0.26705791213255975,0.19886305154390888,0.21574442735630872,0.17779006068653336,0.3743894535757021,0.28269810966387154,0.12060847355922785,0.19718987952744294,0.18043257313743571,0.22714780010105595,0.16540151215153842,0.2766150662181643,0.2753515935744737,0.2657006051322141,0.26966718955541585,0.17576389891218874,0.12816490914116863,0.22381364354076463,0.2429128606004966,0.2815826745181377,0.36980370730585105,0.2717010492992042,0.10823665874425513,0.32278049829569205,0.4471431122810912,0.3455832689179505,0.19470653328952658
0.2632837505814216,0.5854245044013517,1.0,0.3560872813151586,0.5234854001657927,0.35782005960070234,0.4763744347717657,0.5995611593889197,0.6535504789546112,0.2013623055075295,0.3655682596663247,0.41424696342377354,0.2275266947048427,0.427091970224684,0.401736290752552,0.19979002472440877,0.3382609374035769,0.43068785325205133,0.27404844936622463,0.19300347350293834,0.36013142831707423,0.14127489425980155,0.32587234098773454,0.42379295486582536,0.2242336316858651,0.26456445236758597,0.30471809661082716,0.2573186975716289,0.18376470952297488,0.3972985650294171,0.25783719015662904,0.13580359287176036,0.42408187653092355,0.23224714183178716,0.2648395709332416,0.25663387868537246,0.1990615669461959,0.14694126285498627,0.10277613642867775,0.2830253149312294,0.19566969186805847,0.14290792167265978,0.16358076806089034,0.10285696537934029,0.16766205930700565,0.2993877458174564,0.12376343947003944,0.33010853324547157,0.3465240118549727,0.17104533596190818,0.2712347658012503,0.7759168590081452,0.2370550212519584,0.3906169547691482,0.507337958321844,0.5794736828179028,0.4940226389093728,0.5949451563689986,0.2276343535922434,0.46107316707743884,0.3606019650557063,0.2020205303189282,0.30097748787133854,0.29882438712629866,0.3645661446442598,0.4451741011993524,0.3738196920737626,0.21912637877487906,0.3443639448852131,0.2895889330445778,0.47100025542929763,0.11994718669251012,0.4350145566955206,0.381783681171081,0.22153096859446292,0.3253667370629474,0.2552501205164724,0.42085987643558087,0.23993437724202168,0.1286029977825669,0.10206840842666262,0.13113971815292083,0.2171100528139449,0.27336245983730195,0.29802990432965565,0.2155791009402604,0.2605462219440699,0.1852546428895992,0.2286380734010262,0.1367760748284135,0.15983327301223377,0.32994236982866854,0.327345800711907,0.2458683872532857,0.23458612271416288,0.12678379495005176,0.3885719763677011,0.40036810872725537,0.36130147118290395,0.18318997706764434
0.24089832910672015,0.4350982910588342,0.3560872813151586,0.9999999999999998,0.3873345661352767,0.19605123088928778,0.41069200268749606,0.6214722384323542,0.32557094984493506,0.21779809016530707,0.26212512757946843,0.3869413136436293,0.3410168951044923,0.5377628699118743,0.5917813265019974,0.1205218353391255,0.32044740160841273,0.2961583529568599,0.2769149941034637,0.22270118882458373,0.5055728761168399,0.24222963804453082,0.4881788031866403,0.2952244136741905,0.21818104766964033,0.1575768824084847,0.2409333384835043,0.31700932592702663,0.17908704546552093,0.4739624803268598,0.3544047401042715,0.13004352978751008,0.3500259716147128,0.3475569025732568,0.2727939288298541,0.2520666179563306,0.17445368660233268,0.4025292167440266,0.1291796634660182,0.29777582761931626,0.22515538940826327,0.1682882125019214,0.14659629628970128,0.22849661147912384,0.2619174359981247,0.2793812193948627,0.2792149310063705,0.3750509100432924,0.30077677608863607,0.2757772983754465,0.3697310910211866,0.4007158752880553,0.11061805857640523,0.748070964440996,0.275977938903217,0.27792953094747275,0.46648311028353245,0.41209132710184154,0.12458697508160117,0.38663387927436843,0.3574490423793142,0.25126120392698986,0.2929202394566229,0.3892480303431745,0.42319457020436274,0.4604421010230229,0.3027989167056914,0.13239408230483057,0.31108724046467334,0.1781766190323777,0.4486555528704266,0.23859060327548193,0.45789216964154406,0.28131962188564663,0.15648678757913811,0.153825245047501,0.17135111128691394,0.4049907870392373,0.23691054831792313,0.22272072454962138,0.2314177562918129,0.14745362135329082,0.2206650801768295,0.30415147342997306,0.38591092091715984,0.30561725727353584,0.28096257614152015,0.26362198764094386,0.2954727071142438,0.1663245238495644,0.24282773839778438,0.21682067649729625,0.26104400295947694,0.49163392812927653,0.3010227895676649,0.12472217304374895,0.43350137233517505,0.38885830542065153,0.4150141928377655,0.2857040242954638
0.23699216013152022,0.5962015098984459,0.5234854001657927,0.3873345661352767,0.9999999999999998,0.41155797295588187,0.3229339504608239,0.5038013182187295,0.33372833362678944,0.14417817536698313,0.19224632506303443,0.214197233712111,0.2367182933539702,0.3256158997161782,0.28685764077233317,0.20406958496969288,0.17314844441768504,0.242632777317669,0.16153380397158798,0.16459658952089457,0.2532709416838974,0.21827751776281304,0.22354583748012852,0.15797848684515028,0.2527060800746468,0.12246609204685346,0.15085163440481855,0.17776682128725105,0.0808039138989505,0.3433673166221115,0.16905873451042194,0.1722817008012021,0.3387327501137822,0.15115343915610513,0.18491044718912497,0.26771995688545674,0.23070623664897916,0.22523240896329316,0.16499962431457796,0.21040098234765253,0.12234386992551433,0.1911699368841793,0.1649649727684938,0.1128282497952841,0.1279116935362963,0.1592091686227185,0.16297476890632498,0.3171993208493065,0.23990655776705852,0.1939160594263092,0.306679411587756,0.4411558326728385,0.13232249962524587,0.5762294435963767,0.5885973104960698,0.38452818402268824,0.4317263325700456,0.48177423308997575,0.1380912404154295,0.2391955265062783,0.21940316579364078,0.23883937935208463,0.2200902679894376,0.2664604406952549,0.24114579085606186,0.2971118850114226,0.26919085369418777,0.1765109213619338,0.18727570793780035,0.2481542446505404,0.2538162214280161,0.1417740525579758,0.2360582167352958,0.1681114965315963,0.1736863436303212,0.2444866882137278,0.0948919706597,0.22093926750979714,0.17236828289454792,0.08315850182051984,0.18035787450610904,0.1582341695173712,0.16507364815234804,0.15360244124224395,0.27662522180194676,0.20640526895350667,0.21402841299155492,0.2077325237044723,0.1643436500021375,0.06854836558050334,0.14252864701687085,0.23630153661867176,0.1277464594036807,0.3133872122209225,0.1354412241138313,0.11782759982409916,0.2769796662512596,0.30986929176148925,0.25458419319479286,0.19114098427823234
0.2904094161331703,0.3319409471871122,0.35782005960070234,0.19605123088928778,0.41155797295588187,1.0,0.18782413674844997,0.330563516128626,0.4006310762084265,0.1678394761856638,0.32167271642477846,0.21036034058343853,0.15844751009841196,0.2858756969998192,0.20811342061101704,0.12659448476770718,0.14654437813053084,0.28934442088273915,0.14450466240355941,0.21038486386086547,0.24611036082116705,0.14426233971093316,0.16810584697482645,0.17504002832909846,0.14210294177919364,0.11539505225049299,0.19297104948910296,0.1987748179583437,0.14721024223698828,0.18477242886669984,0.17557795309040147,0.21780530445174492,0.2627293415525768,0.22672121538319687,0.1508772627349162,0.31106982084886253,0.1335730757603144,0.16428090003174212,0.15570229055131268,0.17064862069363185,0.2398226192362785,0.2508298397378764,0.1664492119834287,0.11181354400239091,0.14632438427934702,0.2177431269453638,0.125511704925862,0.11565097436613765,0.4026069990692787,0.21645794984764213,0.17186004168221938,0.3618511570512682,0.2054476330254488,0.2472838741176028,0.8031776010044591,0.6285556369609699,0.41467042846762214,0.5461443063306435,0.21252012567417233,0.19789031199719573,0.17437938150423982,0.17303553911314865,0.20008451190278595,0.14119157956823425,0.18742094165711085,0.23952250403361314,0.28797668946678123,0.21638366562006506,0.23407990934287737,0.24744542279233384,0.22126862022533741,0.12924339804161886,0.2734759775477006,0.25221265704055956,0.1601132553275547,0.2001444706231523,0.14045318100809634,0.27975193617154603,0.20994856965965583,0.15926371053412997,0.1289936962594735,0.11823205987790514,0.2010193394506786,0.14247717116852499,0.12946872709945476,0.1950677952933392,0.1371940409794715,0.13917371205168516,0.23184595180723644,0.18253573535103607,0.1777852782531909,0.316473330833755,0.27105042968404763,0.18555094768094602,0.13147362820303649,0.13252854924436963,0.15223902223292704,0.16116956378109265,0.2676305943751094,0.18258813775722457
0.3224468359847195,0.34116195236704056,0.4763744347717657,0.41069200268749606,0.3229339504608239,0.18782413674844997,1.0,0.5097664911428162,0.457705783266408,0.1834306345109348,0.3081595895122767,0.3287913953135738,0.22007943662938628,0.3559408501391632,0.3900308346148198,0.17113987506018227,0.3202890046409947,0.33710617219675154,0.298358103173086,0.30028543352480525,0.30252308761121705,0.16298856698729364,0.28173785729204126,0.3126308829148919,0.1909284279122014,0.37770516971373397,0.26696392136711516,0.27322854705102273,0.21932782855018934,0.34651629623327956,0.2810240448677498,0.11188523683594281,0.4472217914613432,0.18851264655558855,0.15175683621239366,0.2798268115467955,0.1302511776346843,0.3109847940131726,0.1670584394921845,0.5568029859767978,0.1753673347296171,0.15860814237445708,0.1940213915070723,0.1904748621695427,0.2995134640647147,0.33370910582027946,0.09798577843935923,0.3170627709766654,0.4356259716927351,0.21547071402945878,0.3388255420467934,0.5039236791400302,0.29283586581516946,0.3550055052154563,0.2310915033790848,0.3500151878987763,0.4250925471512089,0.3821181468510378,0.2027112450068211,0.4165156692524219,0.2755002229547531,0.19360307401906574,0.22090197162208972,0.3052855257500271,0.3584984963970544,0.36584488244869917,0.6274666598715147,0.11052043750997773,0.32531257252168566,0.25432499793501734,0.43583212573238617,0.13625203122101054,0.31199443985780995,0.46941370713001906,0.06430170442789092,0.2860451176367634,0.18504238294473868,0.3469563376919855,0.22081984629336424,0.17187481203478683,0.15997024150968514,0.21546007410614593,0.13232711885229137,0.2010868712140611,0.23445832144713968,0.26804548377089676,0.28584067546020975,0.23239280229449022,0.37975924575903375,0.291379908341191,0.3002419792569376,0.4486423268379613,0.39828830454855035,0.28237795042550967,0.24277607924501915,0.2520497104392839,0.4619553421641578,0.4527974777236212,0.5251779469739964,0.26933511229151913
0.3297335372421326,0.4569519914172297,0.5995611593889197,0.6214722384323542,0.5038013182187295,0.330563516128626,0.5097664911428162,1.0,0.537159237084187,0.21805401578648087,0.4185380323415585,0.47595032690706074,0.22047637030031167,0.4639906332474016,0.5379983162468578,0.11367776779057742,0.313504999540019,0.40350585032898395,0.21357391817063254,0.2070943561148174,0.4711641846334178,0.12533844376350173,0.40226245989293763,0.373425160253179,0.3049076813078131,0.23209862871531328,0.23826566694318027,0.2839800756745853,0.1253626866689657,0.4499383013625748,0.35575651054359625,0.219164983330735,0.508265141690405,0.1974528258563766,0.2626109164036188,0.21558980504094055,0.1809147323577207,0.24941934193338655,0.1258585223900705,0.31381694044860975,0.180871102546528,0.17875828076103725,0.18233292824595385,0.120183757688875,0.27269507176170504,0.28904418827173384,0.158769672185261,0.4252244077281994,0.32369159821025645,0.17346872643463687,0.30195034777290125,0.6964998433835083,0.21249220305945996,0.5913989515358937,0.4420176714247115,0.44429622183565365,0.7487131963966104,0.7025151343707315,0.22772361499104804,0.43830817139539613,0.45120470332423007,0.1863628883116279,0.3372528403749991,0.3267686294122679,0.4193725620713593,0.43507178766638993,0.3801227931582474,0.13302910881158073,0.2993957550709876,0.25570350576182727,0.4538110699034342,0.16777125048883137,0.4130606953956386,0.34096380830240414,0.1986117795315361,0.3083551582103929,0.14288293839351077,0.506099480136795,0.2964128964189118,0.192689577459405,0.14305888584352164,0.17370930015749284,0.23397684127161375,0.30330046726302196,0.3949782958321753,0.3071628644152971,0.2794795496122402,0.23168198517549443,0.22954399355372201,0.16750713045658303,0.20227970306724713,0.29640099061774805,0.3401344497685315,0.37649967199173207,0.246447788263105,0.1622158579913417,0.41289500537377877,0.4019382714582606,0.4061064553796844,0.20477755735851977
0.2015130612371518,0.3767016251047741,0.6535504789546112,0.32557094984493506,0.33372833362678944,0.4006310762084265,0.457705783266408,0.537159237084187,0.9999999999999998,0.21831396649105247,0.41522113235184865,0.3594713151850519,0.2893800934511838,0.4707076979518634,0.39670883598924384,0.132899006118391,0.3200289210643558,0.5158553635570304,0.35053827988813135,0.20096642811214932,0.3606796425027263,0.1769046511756722,0.24123259653566556,0.2589261698015363,0.2628678256554715,0.23515000051002197,0.31203123520631654,0.2679293593231518,0.20252907611103838,0.324854448599683,0.2829909903347092,0.19884765366790105,0.4374938273881282,0.2160694064488537,0.21015425580405397,0.3010144290305013,0.17430239634084174,0.20471739002474884,0.12975941054031379,0.28201181343304804,0.22442235207451489,0.12424748877665787,0.18511299691651248,0.10389079745122863,0.20228904512735527,0.29067139045995927,0.19834263916919143,0.29817141286455107,0.44297898283015125,0.1496330942273232,0.20441479174667646,0.6192809496845061,0.19735229237150495,0.30869120086383994,0.4938455126343952,0.6950518761074888,0.5484114837129599,0.7527194124223827,0.1627155369260456,0.40552386447985495,0.3306449910716142,0.31129647580480246,0.3205952934500462,0.3036395980697533,0.42724423883605295,0.38999274059199024,0.4060091002077601,0.2633531667355938,0.36412951890757944,0.3757114597117065,0.4737027270479905,0.14334262288834887,0.34598315980398703,0.4230909048063865,0.1741564897447173,0.28165491467322007,0.21786846015667571,0.32624883088877177,0.27742254864399296,0.269531144424777,0.08298816781809229,0.12374486666535134,0.22417168075900362,0.29106743109748606,0.2356650770963244,0.3283869548196195,0.2201541354379858,0.22160209554352284,0.305211395124494,0.20364485982300198,0.18222952368300763,0.3240422978236628,0.3745798687835878,0.24710926257882587,0.21062388487632627,0.20395171708767668,0.3295258392629701,0.33143472484837827,0.4167418252341231,0.16350509415019487
0.1688390409425134,0.16860923294003674,0.2013623055075295,0.21779809016530707,0.14417817536698313,0.1678394761856638,0.1834306345109348,0.21805401578648087,0.21831396649105247,1.0,0.5362375551687674,0.502555749539464,0.19739051336608943,0.25062224105946707,0.17153544755850214,0.3388583531292216,0.20688023194451255,0.2896662805917977,0.23606814816084512,0.2079092287747048,0.19088522511652836,0.11726016933286736,0.1115892475857475,0.32836917457479536,0.3899214268982962,0.19035638985600672,0.19235349979001157,0.19950930105958187,0.21983070331090981,0.12319086519652618,0.19891460272192227,0.22462138607371301,0.1560987697460258,0.24770392877123854,0.2549082474927309,0.34781144398187086,0.100365277794207,0.15238169454725922,0.12592526283730965,0.1409681335288177,0.18435147159904525,0.23509590779679723,0.25907030155523886,0.10734954664424252,0.3671684130954673,0.14278275710909988,0.09559334363323127,0.13007102849287513,0.16690918713079758,0.2174739808909224,0.17771609778121036,0.297828769033604,0.30058877830920716,0.1493792153923914,0.20791749066202278,0.16611274043458002,0.38060913066183255,0.30567781024393587,0.6335819942949921,0.30038604998607527,0.4691803947464308,0.20698795499054082,0.36622447494669724,0.18241242300659027,0.20334452753117033,0.19304772518499538,0.19692664476769128,0.19396705496283023,0.2590178817438708,0.4075978366995604,0.26140085033199567,0.21918706439860405,0.1381724111405479,0.4825942088577409,0.6018788987692738,0.4943418392497246,0.16405583005917498,0.1879982019384433,0.19308662586056977,0.20270526296130914,0.3625914395629525,0.3698081009488572,0.27446956810138085,0.3439641304737147,0.2130979002020926,0.2525928530961021,0.12094108230860019,0.11242739214595218,0.160742720866477,0.32816506292255193,0.17695137910585632,0.1980320565221919,0.2699449584834076,0.14145664576503922,0.2790401048475925,0.11601832681829266,0.09842275412162461,0.133692763501455,0.2259721698559095,0.16270206252859618
0.2224314382376243,0.2804098001068936,0.3655682596663247,0.26212512757946843,0.19224632506303443,0.32167271642477846,0.3081595895122767,0.4185380323415585,0.41522113235184865,0.5362375551687674,0.9999999999999998,0.5966293618737771,0.24509381534118901,0.30359707494303084,0.2986267480905484,0.2186198899089578,0.24460824147867624,0.37206454936461436,0.1650356781317025,0.3022432340487933,0.30199505561009793,0.17052304242424415,0.17370024135811823,0.388428896962135,0.24784537427453662,0.34090140428083815,0.20824089856106884,0.24721054543477308,0.1529115200598573,0.17828532103757658,0.27443145310656175,0.19100744812361212,0.33605539479887636,0.1964624413379189,0.24237923128860128,0.3687320123376863,0.15531695039213111,0.059666331186314515,0.10655814679214123,0.29098410810760383,0.22198691850979102,0.19096389458877394,0.2621351763229172,0.1404345564087282,0.32410618092871624,0.220036645398418,0.10119871767757327,0.21601265124513824,0.30624097028841546,0.27047344281065155,0.2545705602356896,0.5093962488229241,0.358812931605494,0.22230004305386591,0.34127446244166176,0.3926206587981117,0.532557092259212,0.5428597965638927,0.5095836644449714,0.5682705321691182,0.5656816535600031,0.25616568086303504,0.36434403218615086,0.21843398675107892,0.29846824212107914,0.3367961677168349,0.38601925651128643,0.25987160091380734,0.34606840100083675,0.3893485156442569,0.43374302145305194,0.18881107336719605,0.254357411637966,0.5703816182528664,0.42940075307467485,0.48633979367948665,0.18014476871644292,0.35804883538762816,0.22746837292209532,0.16717093764874846,0.1717738158347176,0.21802485601272786,0.19559212140305252,0.2768073853826611,0.27221583640923214,0.25083625974423096,0.19401009296561578,0.18616460667273593,0.33156367333131725,0.2858813341036505,0.2408104098429455,0.34069809830264397,0.3533010575336926,0.1845284798640779,0.2525674050710732,0.13889146447697062,0.20589703673694246,0.26449911213340516,0.29313231768144177,0.23914490343026523
0.15931606254366282,0.29447757483036013,0.41424696342377354,0.3869413136436293,0.214197233712111,0.21036034058343853,0.3287913953135738,0.47595032690706074,0.3594713151850519,0.502555749539464,0.5966293618737771,0.9999999999999998,0.23809733108984904,0.49900284779937487,0.5010835050393607,0.1918812842490498,0.5354390143598816,0.39411074975324356,0.35087529940848416,0.20026010132469513,0.43968707694736014,0.1444240344694547,0.26137308404224785,0.5923504106546896,0.2076343135593487,0.2779175591580432,0.318822287596961,0.28746564660701235,0.14123221686903165,0.24490440137370456,0.46349986331873644,0.2819741419995619,0.3337213379469475,0.304623522148634,0.3281435707832469,0.2575497227747635,0.1876563239178513,0.19039832643707832,0.12176020011742884,0.3102510488315364,0.16693003069141166,0.16857273545484955,0.2816993921927595,0.15058133683902766,0.4394125187021573,0.3364091286861386,0.1362331562712507,0.25648643310760844,0.23868610222299885,0.18388694688603857,0.1894781898896294,0.4715083433375073,0.22309996905015217,0.28952440216261943,0.2815272281226983,0.2672167921042181,0.43954653464404925,0.4204147751621339,0.3794766514369599,0.6151637036341658,0.8072706109223916,0.18066351989988547,0.4363948209660997,0.3893780201233742,0.5016480167741267,0.49053512090297663,0.28716870219895113,0.3066830245975751,0.4285875699060346,0.31101875790611666,0.5047063457486831,0.26205992973798914,0.3813263734220552,0.48944950888812944,0.5347340166453378,0.4012653787329085,0.19633465245847204,0.43668997717751984,0.33948390417849195,0.26669300229944276,0.2128067703669244,0.1460699985474586,0.28730370545005296,0.39734830138892285,0.3114157684126258,0.28873725301993797,0.2871027014986795,0.2523436587891963,0.20251391274187086,0.19101437144384995,0.24183988327114664,0.24871783426677185,0.34223111211661505,0.2818516377071758,0.37365382196344693,0.16516783255940093,0.32688845837520586,0.37735631888386917,0.3207874641798329,0.15480241067032227
0.12642326271574883,0.30750415038399986,0.2275266947048427,0.3410168951044923,0.2367182933539702,0.15844751009841196,0.22007943662938628,0.22047637030031167,0.2893800934511838,0.19739051336608943,0.24509381534118901,0.23809733108984904,1.0,0.40989944458892635,0.36393354480561957,0.18393435880253073,0.2709603070377686,0.3204585980121783,0.25323008340433806,0.2453347837456488,0.23762713279411965,0.280247600812913,0.24365884362416868,0.13764229041858617,0.1891559931133807,0.08473879112812972,0.2553032955541522,0.30430592901990355,0.15619399723274593,0.328107289725857,0.3191673149393756,0.14458361411267362,0.2691885232466513,0.42335703193729146,0.42708918399108703,0.3290877298252704,0.36800774939520525,0.2308935349335028,0.16638980686303084,0.15751285654675595,0.3573223635591206,0.07679093732123718,0.1520776609390343,0.2662549713250079,0.20415903261266688,0.31955405920295593,0.3067453918450879,0.37359368218800365,0.2341979441573923,0.21970561044685677,0.2477873912142801,0.23768719681648015,0.09790778924696758,0.29716240668523186,0.22723729895705405,0.2093870830415364,0.26380903170923553,0.2895421730599847,0.08691972935316884,0.2466852835566867,0.24249709352580828,0.8060044075696173,0.37173699148888883,0.29408051985326655,0.2662918674610872,0.27162860470505795,0.2100940015012525,0.23219536299084023,0.21379268982247465,0.2745795679880378,0.1706206247077499,0.32710125862561246,0.2666645157299094,0.17037748187633356,0.16590203052150998,0.11203600797523879,0.16884253684251982,0.22243687805918164,0.34726103357853433,0.2661709998691679,0.1630500496449006,0.17943501595356853,0.2567743954990223,0.343507177639789,0.1133502908026262,0.3875631396117559,0.33814937044242827,0.3047275577553423,0.2558434190081544,0.15330656101508774,0.1510750294026997,0.13277433290473703,0.19835361228534498,0.2275671999234462,0.28172776084558654,0.20311999937557862,0.28147305436414594,0.3920334860829022,0.2720855553227543,0.20755487865427932
0.23380284197081302,0.4434873072142771,0.427091970224684,0.5377628699118743,0.3256158997161782,0.2858756969998192,0.3559408501391632,0.4639906332474016,0.4707076979518634,0.25062224105946707,0.30359707494303084,0.49900284779937487,0.40989944458892635,0.9999999999999998,0.7532303760939244,0.13130505815317683,0.4772401211207487,0.42604417703362857,0.5843878498649003,0.1485957259319156,0.6881852908397474,0.11648028441449895,0.3777337081015697,0.34875555631626676,0.18496412418271285,0.09091499641807663,0.21978601030323952,0.21154497803450953,0.14548643652551613,0.3617657553544996,0.34349407746668253,0.2034517394797347,0.3490253955853098,0.46188288078389633,0.2978778957732358,0.20928807918493775,0.17555062299687055,0.4213211306134415,0.18239289825313004,0.2608461262797094,0.188876767362459,0.16731835951794896,0.14496958642993432,0.1380007328794798,0.20051801472582248,0.28989863098312874,0.13902684800616905,0.2757916545130711,0.27697640227167386,0.2144998257080333,0.2404792611640344,0.4347741179224021,0.11631406826606185,0.43703515676512983,0.37661403605330956,0.3955714368535012,0.39001799585880703,0.4572248617900139,0.20088346875585128,0.4862941522998568,0.5013905004901411,0.30051869477440923,0.3935437608234712,0.6169786356944987,0.6708463006902013,0.6852290054662248,0.22847684890068923,0.2530807253803091,0.4133405617461065,0.20090906957116442,0.5117382233165437,0.15954141767542032,0.5286740623701487,0.2927904284498556,0.2572575042581702,0.17809941430555223,0.1424773833308439,0.39350395497465285,0.29332651467389287,0.23356340182806198,0.1734594547008416,0.13549955532771998,0.24623027385638518,0.26050801916449257,0.24861136807192322,0.1896291259143451,0.2657206495540525,0.18859077801896365,0.2037400563097521,0.11265303269954556,0.23205176640106473,0.2640668003725086,0.3391853448343791,0.4146264702965828,0.3369525607204096,0.09299816159202372,0.39893882626141003,0.3583655698040532,0.38279677191291256,0.23985605703065616
0.25598133042286575,0.4004537011722549,0.401736290752552,0.5917813265019974,0.28685764077233317,0.20811342061101704,0.3900308346148198,0.5379983162468578,0.39670883598924384,0.17153544755850214,0.2986267480905484,0.5010835050393607,0.36393354480561957,0.7532303760939244,1.0,0.11270225580961594,0.43287409597430015,0.31908714851722664,0.42792539711211475,0.12732817858264406,0.6349952081071423,0.12056449577274662,0.40708160248683334,0.34192022234744623,0.16608732783509017,0.18542690648689097,0.184810292169318,0.25137194102223925,0.15847559593671104,0.45990756099710833,0.4636056649798198,0.20504793724031875,0.3826417188166879,0.33791036411540726,0.3204106139461024,0.21591264063526616,0.17664298241211002,0.36856764634520833,0.1516887361475673,0.29249283323275643,0.18017834388984155,0.12280954263073962,0.16287862107389742,0.14042626733048708,0.2371527875837837,0.3177338353201724,0.17974439132661982,0.3020497000952032,0.2807495235869748,0.20958522365761129,0.2606048951447144,0.3979460293538296,0.11817378131174501,0.45487265405880273,0.2876979036252931,0.3039747031663963,0.379996822284122,0.4151166021419914,0.15233993342249,0.45726360330426186,0.4912193730313853,0.30238533980499516,0.4016594547046841,0.5465280585018195,0.6135678109230527,0.8443697554695125,0.2539865877348944,0.22594423056187163,0.34099480304263075,0.14470759098358257,0.5252213079276813,0.16432194230105607,0.5511368901423732,0.28440392419815586,0.17800893123468367,0.1726548492912359,0.13757466295580703,0.4722576281225156,0.290033413957863,0.23627137849495833,0.15314372322329892,0.16793569774329078,0.24979355330364536,0.2751060415576142,0.23648125553412613,0.19167677192924473,0.26693383152353545,0.18060211745188684,0.20984759183335958,0.10140772202701952,0.28595817513266997,0.3025222830894491,0.3716074784063014,0.4078417418498192,0.27394160283047037,0.12501657113442935,0.41134815287729354,0.37501809447018214,0.36905802093517004,0.23325724330178582
0.17011036238553745,0.19316685705769074,0.19979002472440877,0.1205218353391255,0.20406958496969288,0.12659448476770718,0.17113987506018227,0.11367776779057742,0.132899006118391,0.3388583531292216,0.2186198899089578,0.1918812842490498,0.18393435880253073,0.13130505815317683,0.11270225580961594,1.0,0.24533601230719862,0.23200121163690715,0.2508022931031799,0.18210093030692948,0.13041454197722868,0.16175852387620393,0.14860913449052626,0.19591487409346,0.2750502840933363,0.2262101051400388,0.24729106392802114,0.2220819669538474,0.22625491833691586,0.22410546102708884,0.09385276082755467,0.13966711074346924,0.20010509694965803,0.2121009796832251,0.14658082240656511,0.20753608454394562,0.13952679798460513,0.08932370906663521,0.24983740016159187,0.22369275711452033,0.2508244910488176,0.1562921684332357,0.28164988605974106,0.12497822333434912,0.17701008940890775,0.20377562625133708,0.15910447361607508,0.12663632882554393,0.12524682265576265,0.15144256033892708,0.3266690955746679,0.2038948899434874,0.24256598431192997,0.16855826421412742,0.17090463246188287,0.07794356380750767,0.19323591982948338,0.12852387339119703,0.25250499363893225,0.15449020474104724,0.16039281973986552,0.15658065874861837,0.19452772192077875,0.10209044576702198,0.13258097491860246,0.12949288081146412,0.17935689303978097,0.19246949079237322,0.26920291488480697,0.28447547964356584,0.15312817895695818,0.11531612388168083,0.12229916351556858,0.2649216509266262,0.24349915917476903,0.18781382752789194,0.21880431292803654,0.15785984848346002,0.1691507310475249,0.20982220446287791,0.14235140258512308,0.2240776019005971,0.2594518332799878,0.2414913049700543,0.11921592265395617,0.20947413849547292,0.07210442203746377,0.15741004972312622,0.11240939200300051,0.23812793513074812,0.17930270439964371,0.16033562846779412,0.21162939718357085,0.10050359406697529,0.31996863307950524,0.09803313568935917,0.19417802701264464,0.14804064607086556,0.17874476242661855,0.13036744851635276
0.13491109969217485,0.3037909981507313,0.3382609374035769,0.32044740160841273,0.17314844441768504,0.14654437813053084,0.3202890046409947,0.313504999540019,0.3200289210643558,0.20688023194451255,0.24460824147867624,0.5354390143598816,0.2709603070377686,0.4772401211207487,0.43287409597430015,0.24533601230719862,1.0,0.3971095076478639,0.5708255363840126,0.16460758625583588,0.42249662300798874,0.19223567463513255,0.2724793842914788,0.5687932737579205,0.14647878370922066,0.2218570901217593,0.4027653107499483,0.36840862479169845,0.33198214907399587,0.25212694955800763,0.39323586805776556,0.214934322116059,0.27389530695460534,0.4124900862998842,0.3017190206999228,0.15228503007230554,0.2617270182468314,0.32252842731520265,0.13147806555297986,0.2206457322735237,0.1961853587764832,0.15759102606468056,0.24627119206303438,0.2452832866219804,0.3093790717104417,0.430344334187892,0.15432242151487857,0.30318203436582,0.19752890590997887,0.20243094055407806,0.10906472006138476,0.26123743850975156,0.10774395231445708,0.29494127278606525,0.18856586706025708,0.19259899912619274,0.1798946387303323,0.22595594746453818,0.12771983583552232,0.4408952669487333,0.48004241814510806,0.20839020188723284,0.34968460975585325,0.4639841683860743,0.4467292449755035,0.45563889750575776,0.2228901166478032,0.4960850408805415,0.5234100914797004,0.20265687376027527,0.3892917002653107,0.24407099049226932,0.40569530331239734,0.305986697554329,0.3256859357699335,0.19339461947984893,0.41842566812811693,0.3828297448348222,0.3403331393771378,0.29407143708137956,0.18289579504366485,0.19112101301721707,0.3990258367006592,0.37256902535919806,0.27906807254544436,0.23193445939961388,0.28101982401651293,0.33013725216303114,0.21428909763478135,0.14630256967211455,0.20175217487902466,0.13047795598954975,0.22196644572481006,0.2385985640111958,0.4438812707777926,0.25610678831182976,0.3737946265847137,0.3663199982495088,0.23439664942851346,0.24005387622000895
0.1863792747733857,0.3229724527551061,0.43068785325205133,0.2961583529568599,0.242632777317669,0.28934442088273915,0.33710617219675154,0.40350585032898395,0.5158553635570304,0.2896662805917977,0.37206454936461436,0.39411074975324356,0.3204585980121783,0.42604417703362857,0.31908714851722664,0.23200121163690715,0.3971095076478639,1.0,0.3727564454041268,0.25154839307136584,0.43758274694306226,0.13855339755598411,0.3543813711596401,0.3411983463300266,0.22386390007669885,0.16205740268256946,0.36939655905287944,0.2979231061558226,0.2299456644164216,0.2503747897131921,0.29927519073505393,0.24014656596259354,0.2785616729374246,0.5441936728558578,0.32616156429462806,0.3413070257495556,0.27509563100871004,0.19259038715740118,0.1461561820514323,0.281206091778783,0.32313728241297024,0.14170683287777963,0.23801606353249077,0.08456557890948285,0.26617841506261364,0.3213938173859233,0.13546551931533765,0.32184957439022427,0.2759843123783179,0.12740638738962276,0.2661971006071053,0.48005481241912396,0.24446797400056428,0.2573492618791464,0.38330436243569593,0.3934487331667589,0.4149606405292725,0.4127106108476293,0.2198589100375392,0.3977893257140295,0.3187213749689183,0.28343193054250154,0.20644532264615092,0.2584077546479857,0.4097166429905589,0.3345739902000869,0.3240947534697536,0.2932614192569177,0.5492620643445275,0.618896007565952,0.4667726404394377,0.17150738783944347,0.43034697300629815,0.46161299052421056,0.26955698433062764,0.3272773745429547,0.2722807892140794,0.3789736932078374,0.3920449200636328,0.3140754541558312,0.16310426848864443,0.16282528536170882,0.2293139995432408,0.3595506019555838,0.23190272145614393,0.3186629591979945,0.2602268473805164,0.28241596595993496,0.22968723785485898,0.22046402425097483,0.17468587796965027,0.2789517612552519,0.33020480246056966,0.21965655402227482,0.2508942761999847,0.12450937985081663,0.31229920022811375,0.36483342870543,0.3799033823255672,0.14940121662817765
0.1440486018189533,0.2840069101845013,0.27404844936622463,0.2769149941034637,0.16153380397158798,0.14450466240355941,0.298358103173086,0.21357391817063254,0.35053827988813135,0.23606814816084512,0.1650356781317025,0.35087529940848416,0.25323008340433806,0.5843878498649003,0.42792539711211475,0.2508022931031799,0.5708255363840126,0.3727564454041268,1.0,0.09631861664474564,0.4884000296991615,0.21952214771339051,0.2573732689468884,0.27707596842997606,0.14906634640833466,0.14237815546726507,0.31799212007264854,0.2865046056751789,0.37105133453073513,0.1906830386374139,0.34430869771071343,0.2554884260355913,0.23313918134469594,0.4395679683307662,0.1983069088581083,0.17695694194323547,0.20791922533434148,0.3406071264564174,0.17688455128343153,0.19479029514981575,0.22384750380796514,0.16419353536405812,0.17298990137167697,0.1743904992588996,0.294025377897906,0.286686651414548,0.1778869528990089,0.27321401517753174,0.16369168074824747,0.12142747638100765,0.07965742054490595,0.21813168396220925,0.10109529557047553,0.19683885431929882,0.18001368313025573,0.2056910088718086,0.15313135030765715,0.1984755730877269,0.18694009021608127,0.3575502764493661,0.3115684921865592,0.20809568868036687,0.3196748218500382,0.5908393939349307,0.5750721870639341,0.42911803410286986,0.12173984744259661,0.5641256779257682,0.4825524362246267,0.29196345156933895,0.5235230724986008,0.2394890574256504,0.3701674991368268,0.2921833916816461,0.22258360541599131,0.15937869357651058,0.31434257953357264,0.2211815772241728,0.3290847511135908,0.31442315932466447,0.13217367738997296,0.2164131179697419,0.39320199411469886,0.31629941783069526,0.2427328669804486,0.2999424735768261,0.21866436765866937,0.21984229541665962,0.11642519449056637,0.2003083676053168,0.10504920447335414,0.10750513015317512,0.26544931894505813,0.205875410104393,0.3255226467108225,0.13593704839062937,0.3302580146482437,0.28156264114769985,0.25683777026690086,0.15121746959441393
0.11801130751294665,0.12626298285277332,0.19300347350293834,0.22270118882458373,0.16459658952089457,0.21038486386086547,0.30028543352480525,0.2070943561148174,0.20096642811214932,0.2079092287747048,0.3022432340487933,0.20026010132469513,0.2453347837456488,0.1485957259319156,0.12732817858264406,0.18210093030692948,0.16460758625583588,0.25154839307136584,0.09631861664474564,0.9999999999999998,0.14222007590853336,0.19544819274251587,0.13144011683286533,0.15692467494830628,0.13822598065994698,0.23854244849108375,0.1544192637426989,0.13899575139241938,0.1402318580630208,0.18885933032890834,0.22650986781597077,0.17870175637442137,0.19816084878036297,0.19069082849488778,0.1342819220117989,0.4986312044928497,0.16618705746051982,0.18487374655255823,0.14265611927971522,0.38355731573218743,0.35994137505891743,0.18756274320843266,0.2099216155136524,0.29129326987136595,0.26697883159458935,0.2154343700509677,0.19640397584917718,0.13018841862903976,0.45044060141029935,0.4433729334853249,0.22099509112820018,0.19009614214796594,0.23467493019860766,0.2143647163521843,0.19364467431566848,0.23880360609630755,0.3065566734826362,0.23717954954922757,0.20197014275808095,0.12631935716662446,0.18886064702946842,0.20615035367978532,0.16964597025029265,0.12737946227643224,0.11645573496509266,0.11749869858170414,0.5394757127415131,0.14415258359954497,0.1442797752306073,0.3871824306432767,0.20541824955023966,0.17173646803125642,0.1392747787290876,0.23276417999829155,0.16440132225538986,0.2094668934125961,0.1365924093579268,0.08564864478152143,0.15079786687668728,0.19240051250733042,0.18711255364992938,0.2920534000105237,0.1210675306099151,0.17118199099645173,0.17941425499621855,0.2566681295292834,0.2236311597123834,0.2209185351792177,0.5840923800367732,0.3674824184427361,0.1815269304336523,0.27617525054049286,0.16348849135221394,0.1504674425143962,0.19428947187730441,0.27226157683468216,0.34629003707672534,0.43518850366863404,0.39349826727829584,0.45897152332584873
