0,1,2,3,4,5,6,7,8,9,10,11,12,13,14,15,16,17,18,19,20,21,22,23,24,25,26,27,28,29,30,31,32,33,34,35,36,37,38,39,40,41,42,43,44,45,46,47,48,49,50,51,52,53,54,55,56,57,58,59,60,61,62,63,64,65,66,67,68,69,70,71,72,73,74,75,76,77,78,79,80,81,82,83,84,85,86,87,88,89,90,91,92,93,94,95,96,97,98,99
0.9999999999999998,0.39787107375919645,0.3075105104161396,0.3250574484076828,0.2310230851236827,0.2457844799185043,0.33082604059258064,0.35305589566030293,0.235760601241068,0.18925920242368724,0.2598024214487972,0.1831557199932949,0.2815405102061292,0.24764569612633336,0.3223092519944213,0.4853070099085434,0.2031908729037103,0.1977122470052488,0.26381023860620456,0.28232984078889933,0.2606386884337705,0.19038878504146234,0.2643103944437255,0.28826407574317076,0.25678802446485055,0.21628386296059077,0.12983474507806547,0.22736282318009454,0.307511716409123,0.17291637145549962,0.4886346852454985,0.3437932777157282,0.4034630020132106,0.19124455385554728,0.1946459582178996,0.24018690378253071,0.21943389710787498,0.16792037475112614,0.1635144356651249,0.18425580245362047,0.1776939189057394,0.2197104806489264,0.1857257298133277,0.13978201653822625,0.19909647239378914,0.08689916979545015,0.13113930065597235,0.24382615597307403,0.3611495001792536,0.12183069066254815,0.4928516833512984,0.4247680545270829,0.3507502352608775,0.2504005170988284,0.20470821715972948,0.26920862402398665,0.16655941166756677,0.19657947005252763,0.17745768965779327,0.19337700913476494,0.30478349733423493,0.2637211117187154,0.24358702991180822,0.20878555204488952,0.2585446906684611,0.2923829868055116,0.22828752496220636,0.24542817882522952,0.18404153848677052,0.1274130764028552,0.23707865930495675,0.2811024774603219,0.19450134403241828,0.2515999299051233,0.2890412085794411,0.2723587953837067,0.30676371524367657,0.2476511013072349,0.3419404259769596,0.41446870609859743,0.27009457082276955,0.2144210015545926,0.2721748752783652,0.14154745301388882,0.1837462734995186,0.16251608223731118,0.16961864349849629,0.20840504439790297,0.2313764390776742,0.2167284506489318,0.39328007411557336,0.16384924443338028,0.19273262082792675,0.24717375558394006,0.21354308400331443,0.1919516717814749,0.17840476017624346,0.30248655474117186,0.3001791382900495,0.15099393143353815
0.39787107375919645,1.0,0.4524168268706464,0.4885556963228386,0.6603136003389515,0.42418208793023543,0.26755902624600375,0.3630853539970995,0.3571567949135776,0.22661184675526277,0.41344589380983937,0.22437482414654067,0.25277174059281055,0.17503330282482665,0.27304274244572113,0.34025950566576546,0.24085200996940642,0.1875031413499181,0.2375886118418814,0.25934923742188754,0.19235325528541333,0.1959560243148621,0.17713197076234002,0.2776052535075191,0.2641615615666538,0.2484014805837663,0.19313636336372575,0.2884748259337607,0.3204139708354811,0.12597552410219187,0.28900477442106914,0.3430364110087374,0.30765133503004866,0.17553047935867255,0.12318968111583256,0.33856845960284326,0.2892600248720393,0.21544453406630806,0.2941723989295365,0.2647931073075758,0.22167013040097588,0.16675632197624501,0.16276520571910622,0.14093831902360265,0.16616924430099325,0.13979169295750127,0.15043029442812364,0.1553375870094031,0.30798599155976386,0.15787975621503683,0.3159383030634209,0.6833740781840802,0.3274304302054726,0.4897850174465657,0.5160356244013763,0.25297088802589157,0.31550216931163255,0.3191929687480761,0.2750378195519749,0.1545253915359595,0.2115073618782346,0.3211760202582606,0.30564684719245666,0.23019680147607,0.33686368760832835,0.310268097497888,0.10776271169963061,0.2697729226478233,0.2431570531433194,0.16266310576694296,0.2471508922372055,0.28069629231183213,0.1692839689579667,0.22429618352347472,0.3712126055254775,0.3281295755055647,0.3249586477143207,0.24318691374872822,0.2090384238018809,0.3782107963878855,0.2545657429182795,0.14803737186587104,0.15363705030555644,0.20730152015289519,0.28512111520649097,0.20485006266952938,0.15105335252514504,0.20008479372884472,0.201769641558089,0.2758739592400755,0.35285088355091104,0.21354828350412813,0.2915447382566385,0.228595667731834,0.1770419479702001,0.17837307861484905,0.17652788527534793,0.2069036698850633,0.2472728722991691,0.12145953680106637
0.3075105104161396,0.4524168268706464,0.9999999999999998,0.2583319328380996,0.40144324496173617,0.5139315944038353,0.4476123937955412,0.3855246908931138,0.5009582405550543,0.1953911553510681,0.17115756365025298,0.1555163446511186,0.21067752709288567,0.17173391770614926,0.1644978496960768,0.19578426946445188,0.1646538003495352,0.2025602017401946,0.1269467463583706,0.25568386097865353,0.20008343964889366,0.13632885750524576,0.1870183899392381,0.1814480873453953,0.29985387215624376,0.2405113836312177,0.2669664379439388,0.3047214043474924,0.26138470039137457,0.08360170395544173,0.30115539739053365,0.1522081271650931,0.14831168060318453,0.17020184783713596,0.24595444757884188,0.31057478401456806,0.18783439750741154,0.1152392934643215,0.19039688865072524,0.14353084890756335,0.1773829579760736,0.2358111664881285,0.19933831008693226,0.2513841151183792,0.3199685938431227,0.19805344949779335,0.23672809810658466,0.26230114891747064,0.2705245442607662,0.16285466499465848,0.2383608100138081,0.5417411965668649,0.30531234560915704,0.23463937369999163,0.5063027792917076,0.46823271958895113,0.37741922614058415,0.5283913941359154,0.16961771947511203,0.16966852466508736,0.27429409561806667,0.20167773078839207,0.2419783666337625,0.153454028879782,0.13178202448833407,0.17015756898824808,0.24642190283379634,0.1494443753012053,0.10959980521301432,0.17458209884867057,0.1584053879362591,0.18259282733358934,0.2535359265199506,0.1995746015119303,0.3490247711241166,0.3544492315227138,0.2398503488801796,0.27225921478281184,0.28865251038580225,0.2490030099844565,0.18561034562501766,0.19791259691389546,0.30844947003523754,0.18110799407255324,0.23088055776794011,0.1291851023548708,0.18355752395279973,0.2542168492911564,0.20123641488898195,0.21358603759962277,0.22991661077273845,0.2066355893897753,0.20117696900097082,0.3481998727844238,0.2392444683027908,0.2671496746476999,0.14874403828174074,0.16723868663589325,0.30648395902522674,0.2216082926730124
0.3250574484076828,0.4885556963228386,0.2583319328380996,0.9999999999999998,0.5445457222237652,0.18656631755929598,0.2596112486649909,0.5603181455350912,0.22772076308796826,0.24486898643764926,0.3220322972943447,0.2681135903787945,0.23457902904738978,0.1628318953137842,0.152915179820957,0.19491094292984668,0.2024521264693505,0.1811061367008465,0.16007896374299502,0.27509237582601614,0.134023023719015,0.26619234797143204,0.10830029488348554,0.2126811994818132,0.15796908703008475,0.1378785199788966,0.18310313839814701,0.2388254139419759,0.1577850840823685,0.16167488463256152,0.3125508933395187,0.37384075702196995,0.17723517213825254,0.1985271392494925,0.1848415587428415,0.15514085167204106,0.14740405582828583,0.17763684278579261,0.2367091951982458,0.24066628567002712,0.18559259750533935,0.18857135653084636,0.1489261195317846,0.12563969435196481,0.18109928461268118,0.21157283107501756,0.14070799433115766,0.1761459863712978,0.1974136006759569,0.20496436278871785,0.26205303252768675,0.3389922593297519,0.24378737629123615,0.494097795657515,0.26141452019878936,0.17149418854461912,0.3243978345068597,0.23029295352043563,0.26015885256253035,0.24530225895062274,0.2408438083498495,0.2397629612298594,0.13785274234289294,0.16649526019189273,0.30586128728067785,0.19191050999397602,0.18149946984612458,0.22452632495886815,0.22476758952225712,0.14494516952408693,0.22414685177135318,0.18627415223651458,0.18095831239779658,0.28186961889308104,0.15277168064650148,0.1873014193586878,0.1917414278051448,0.18592167204416368,0.19865701502964153,0.40552105217426976,0.2054120269592416,0.23314761964430553,0.14919679408745207,0.16276585266569513,0.21471136530722287,0.13751693177088442,0.12525634338977626,0.18244326836458602,0.16343365630956644,0.22104878095885705,0.3535405836898081,0.18058231422609292,0.2610972319649576,0.15047655170862756,0.13215078748798725,0.13057184488075896,0.1685395232068819,0.2004328351237402,0.17055600612565555,0.1548766553722327
0.2310230851236827,0.6603136003389515,0.40144324496173617,0.5445457222237652,1.0,0.47729393804049125,0.1530838384016323,0.3968896500931499,0.2672547900747473,0.35974017590425245,0.3211669313235051,0.2568265770666691,0.17092906142737319,0.15919486185003,0.1883367084430156,0.20055112786682125,0.19777506298517322,0.25125659469189154,0.23903224432896286,0.2125718133555493,0.17305659684447544,0.24882275956774416,0.16121481307222774,0.25119390848117157,0.3170350393147478,0.1795276359139255,0.25623684233619415,0.3172887784924651,0.1993856819337935,0.183737997461852,0.22662565540562588,0.2308878025875851,0.18916987083589706,0.2785770821069019,0.23035548420530028,0.23166906805863313,0.2753095526262518,0.25202453288176396,0.38059153435501325,0.3926513371146505,0.2361426155870791,0.19119133206628558,0.14742812570063804,0.12729143065112591,0.17983794009435636,0.1317366887422465,0.16004918008068442,0.14792199377458096,0.2307922010107633,0.17737429610686328,0.22829662061833345,0.4892243105927298,0.25147384196354206,0.5577907167629517,0.6596065650841247,0.2927622577251499,0.443728254059732,0.4197330562507447,0.35566245497423765,0.21984296025990205,0.23248504984495413,0.2150610476697069,0.1995257878337837,0.2674035624498609,0.32534848326134314,0.21668523251782768,0.09756192146028972,0.26834603383678163,0.2668883958481257,0.1956448601429102,0.1736748372579547,0.1908118838265757,0.19573144900483383,0.3201977235298976,0.27706980121081665,0.33549799470003255,0.23177658057431902,0.18508856579458946,0.21464708922427855,0.28520710851763964,0.27666169970300886,0.18832702735401757,0.22946035699602574,0.19737607835189572,0.21087265694513713,0.21643683569410294,0.21107536008794103,0.20767611645105938,0.15256296876728984,0.21738102940276963,0.31910806338670983,0.3352101705252487,0.32951764386270366,0.30712141039984137,0.1771481505452097,0.16671209073944157,0.11003303070615368,0.16790658797467517,0.16892530111611015,0.1212067555065788
0.2457844799185043,0.42418208793023543,0.5139315944038353,0.18656631755929598,0.47729393804049125,0.9999999999999998,0.20894229085601268,0.24395364789528015,0.3792127477732963,0.26686530217233245,0.26922334361527217,0.14880667986286145,0.21874902578138927,0.21179703224537869,0.23949058784063254,0.15191740968952103,0.16711322185376384,0.15591404031026257,0.19156738079866337,0.18962708646168902,0.22112873414819453,0.1351191318503765,0.15943259683540312,0.2436558287285562,0.26071983072446553,0.13713883771398516,0.21642537904514322,0.23988954480621472,0.33266572366588165,0.106950172209628,0.3090565598403229,0.16557218336278415,0.13264503881704748,0.20549829317090412,0.19261004158527512,0.3773974429275452,0.3015911215705137,0.17948904893643372,0.2136897756618683,0.22303629432520594,0.13775393756963814,0.16711607837033135,0.14815389117883485,0.24830417815839256,0.1839698201365939,0.11467161886280576,0.12368335785120611,0.20637134980608773,0.40445125809901106,0.14590885804801987,0.2556785016952713,0.40697427540746367,0.20892810536430978,0.22498178511252873,0.8154347248863967,0.5557996577594193,0.27638050067929626,0.45162201383426304,0.2739327864571869,0.1309491668893877,0.25035314254377794,0.2787426876597623,0.34079273190088316,0.23055861795463134,0.21277427664341564,0.2312279410252226,0.16222458492238043,0.22055736033937856,0.20944604601320677,0.27247518579122226,0.1849859132657422,0.21169459756736064,0.23297435078795628,0.22968330975191936,0.3509696644071926,0.26532536484124436,0.31330532872652966,0.17029336636815984,0.25849394685763444,0.26603781316381614,0.23475871335192255,0.190709610831259,0.20653486838240187,0.23187854812052885,0.34660459667632204,0.17907264722180108,0.285121475412365,0.2611591942953825,0.2477086832382463,0.13725925684446727,0.21198871471240413,0.28809342314716735,0.2867803903765776,0.44571673214020424,0.21432947832758353,0.26031591727373016,0.11431624674602116,0.1325324204744034,0.30670017041398817,0.15595878290702633
0.33082604059258064,0.26755902624600375,0.4476123937955412,0.2596112486649909,0.1530838384016323,0.20894229085601268,0.9999999999999998,0.3280305280162973,0.36697469259187054,0.21899878023764757,0.19065136030705832,0.2073468914939785,0.28468022341932514,0.2858864497070266,0.20377397761872562,0.43226263112337776,0.2028507407954371,0.2900199398255289,0.18827613004048613,0.31228050693282783,0.2701289300670707,0.17100881026544848,0.23349612354457705,0.18498166746146072,0.26640653690848004,0.22481825683469894,0.15333041475524178,0.19487414741131487,0.3103055931535234,0.2307087089030997,0.3081545123831652,0.2979497721728454,0.27544062019820686,0.1741316435946753,0.17072068546381544,0.32218301417592876,0.2061347412045109,0.16100513679551343,0.19292979123104337,0.23486847951599885,0.11665823690258421,0.2570447824215862,0.20901654498831562,0.12344919103496498,0.17519555054695354,0.13406921535881358,0.147644414047603,0.24617970805764125,0.17112735994124875,0.21112256465302326,0.27647069108020794,0.47232545253420555,0.3845007607425495,0.1909960937896661,0.22292930656131033,0.33752862217129764,0.3652921178760165,0.2892523928880023,0.13930058511018648,0.19648102314941998,0.22051410610699826,0.1761130093981719,0.18819350544004357,0.18609180511680612,0.11422600319195422,0.17896061469437816,0.3343350078568281,0.20869255654101096,0.19782859650340873,0.23204547388215685,0.28644309543032354,0.3216110282401025,0.31145466425177715,0.22694107520128318,0.21943180633203774,0.24550360665625184,0.35021153799488774,0.3174861981110719,0.2560170947686429,0.27945401819183274,0.2111461017955155,0.24398117980189715,0.23702854432209827,0.30527994134110376,0.20799498777891573,0.20641243303575937,0.20614439502614804,0.27819026595809293,0.34128094685184696,0.2262777252694013,0.19040181014386093,0.17035683603238413,0.21330325095397484,0.19257075927197218,0.19455525993835038,0.18463274637651364,0.22864685851029012,0.3842209611775433,0.2631501276283315,0.22744462688295408
0.35305589566030293,0.3630853539970995,0.3855246908931138,0.5603181455350912,0.3968896500931499,0.24395364789528015,0.3280305280162973,1.0,0.3369459884959671,0.20549780980757973,0.19232874925626786,0.20005590291016348,0.18699534809008087,0.1843624396967953,0.2000479202613815,0.12064101037868495,0.2689545615146074,0.22125978226019197,0.16411355145030507,0.2921493381707776,0.17410971962714458,0.25389512945054865,0.1420078019381218,0.2425957475482305,0.20684014948521096,0.18477116265847635,0.1818577755868359,0.24886627201117958,0.1826201293999853,0.13239593420828763,0.20305225959293516,0.2550963876730193,0.16708930776268022,0.20687561084463468,0.18479103144049497,0.22142257616666988,0.1735411311002622,0.15028924264236762,0.2587358038004469,0.27706733880860074,0.1703861095550519,0.19998782711574037,0.13755380108568194,0.17130509697230661,0.17275305482641953,0.18651211827256944,0.15869512508431674,0.17926582541850317,0.2138812625645256,0.17803335487156277,0.3334923110746767,0.26198685085809204,0.16123542315956182,0.279220343257768,0.31256799392195755,0.263007245315648,0.5538060708751947,0.4834339139796481,0.16546273824635022,0.13498603427502467,0.2289013802012517,0.20310280740353703,0.18433763964531372,0.22109383311059544,0.28294928345037246,0.19440589863358587,0.2553610729763946,0.2173458471560637,0.23633073566105628,0.15181981841740394,0.2613840837857919,0.26008243398940767,0.2942952160209795,0.2640407485277925,0.16121921274631063,0.2146798582009685,0.19294222918439277,0.18300989889982205,0.13880323691170335,0.24494750158712641,0.13829427921749712,0.17540265647235054,0.20691712976945392,0.14766544426305242,0.17939034306675997,0.1652674794597117,0.13886118967734631,0.1941844039325053,0.21851929076858337,0.184772456488616,0.3413578311991388,0.18623800100902452,0.24626672218606313,0.20657442611298482,0.16250244804906236,0.17539276185278127,0.18185597059001263,0.11103090666308338,0.20161335101244263,0.21398710674648366
0.235760601241068,0.3571567949135776,0.5009582405550543,0.22772076308796826,0.2672547900747473,0.3792127477732963,0.36697469259187054,0.3369459884959671,1.0,0.2788124489765489,0.1758606078632974,0.2196746472014534,0.21002442993221984,0.28982245435263415,0.22299476028160634,0.1897888353774432,0.20034073914087325,0.16844649278619697,0.156939688461236,0.27550469330374977,0.2284179300266477,0.12501935409741083,0.1707211207851757,0.3766259908966539,0.21267943450682877,0.23186925140804426,0.23017067459913024,0.3560934324532387,0.342516830356211,0.16775254574911885,0.22157374455383555,0.22449925554204572,0.17057240247557448,0.20378435487015029,0.24274210450209444,0.4347559260840413,0.20476834633217583,0.17732796939030862,0.24218646694417847,0.24526664418941774,0.18735225602568883,0.2191945884071485,0.22100345455809467,0.2290460979770478,0.19100799484744896,0.10255749998674724,0.20324919596064275,0.2166062152932705,0.3284092742263407,0.20985852507738373,0.17740493973967209,0.3619458605117572,0.21459278359141812,0.243551438627142,0.38309727078796274,0.4364416706972356,0.3009922827524065,0.6589033833286342,0.19708265848632808,0.2756902078860017,0.34158522552863757,0.22348297671745984,0.32757911466765816,0.16391820631415194,0.1381587884845855,0.23618372769831172,0.27607566693140445,0.11551778910988984,0.17468029815326652,0.16774227986830134,0.19938995925346958,0.2527615898437279,0.264717714735295,0.2652934492828617,0.32002921814427204,0.3035054898859081,0.2893572382789439,0.3747748827284521,0.23890149284939458,0.2506152133078846,0.16594720311422392,0.20935594735198235,0.24547675094280874,0.24572214440615195,0.2615522490268375,0.20860024544194422,0.22512095219421596,0.33370182418248845,0.2827600601552474,0.13932827916281437,0.22237552839611746,0.18108919380973534,0.2862561960626386,0.24736351885840968,0.18109796169617687,0.2947110885946793,0.11172868779905615,0.1804867953588506,0.28675146669799606,0.1789065128390438
0.18925920242368724,0.22661184675526277,0.1953911553510681,0.24486898643764926,0.35974017590425245,0.26686530217233245,0.21899878023764757,0.20549780980757973,0.2788124489765489,0.9999999999999998,0.3289077093658917,0.6180762016521534,0.33552585667523926,0.30907059170109236,0.26673079285569684,0.21260525352101708,0.3292860938457006,0.22541391390332097,0.36697232148822095,0.18153101421181858,0.23878860374137398,0.2369866151945791,0.2131806339168364,0.3823157837092754,0.4867027656350367,0.3498370036606344,0.23847117942147328,0.26004856635497203,0.26085063685964216,0.2555194628761037,0.22829401077032538,0.19794219578924624,0.16331686692122113,0.26788996124815606,0.20998246557173308,0.2167898629807955,0.23198961179735267,0.33652879739037633,0.32765088683234517,0.4206718993592351,0.3423151668444541,0.308578891844784,0.2338203807794106,0.15291183139900402,0.15405161074850848,0.15422964952566798,0.25079128278153373,0.1803574884043806,0.20628669768098107,0.2139428188792378,0.12833416364623906,0.20660735563630597,0.23344051476088234,0.44779357644550327,0.27101285938516645,0.23753011422503847,0.19878245469923284,0.2052928874176141,0.600864992133511,0.40912120148303927,0.44935300825861535,0.3380852590626609,0.34238423466131185,0.3362723283295127,0.25533235580803315,0.2694710197678473,0.1686869321995685,0.2937894349955746,0.2674977307513539,0.16165210802430274,0.18589134108666214,0.21743532314118477,0.18661884996460085,0.34720350976767955,0.3234521321651889,0.48531696748363895,0.22446281305717974,0.27226517792198446,0.2241166281213039,0.18866623330347204,0.24616125110166787,0.26405691531735487,0.17711737132412664,0.27906557010898997,0.2580763113398905,0.22764925446957485,0.23831802579462583,0.26550508024259434,0.1308160849069615,0.29875699166936387,0.15807950353673567,0.3198073269414166,0.3723135134150096,0.2707444929413242,0.2258665597976548,0.17481383158719332,0.2646272646177918,0.24346887742074338,0.13907316259375438,0.11513882484605431
0.2598024214487972,0.41344589380983937,0.17115756365025298,0.3220322972943447,0.3211669313235051,0.26922334361527217,0.19065136030705832,0.19232874925626786,0.1758606078632974,0.3289077093658917,0.9999999999999998,0.3810446384693983,0.4213809682303824,0.25331313995405214,0.3012326286511429,0.24393887863844713,0.2608206413474606,0.16675295717716326,0.3501413675746944,0.22418826804371841,0.21794685145464773,0.1819722286304497,0.19307060945927734,0.21261847263186562,0.18648338690732835,0.27104224257551385,0.17377739926455155,0.2633016747902493,0.25141420953516763,0.1815549793431078,0.2742171074919433,0.2949973700343549,0.25328697420695595,0.16249027211081926,0.12420676892704363,0.29000810041655634,0.3315011436830285,0.18469371564057055,0.2194110798182805,0.2693206412747513,0.2509156548052797,0.1662168037805189,0.11254200035906076,0.18910457748499485,0.13821976243155537,0.17662426170380918,0.12355773915194712,0.13807839269297806,0.22228501461928923,0.30105362763025095,0.20368205957104546,0.3479274869849648,0.2923965883290432,0.32219317622905613,0.2696918058756161,0.22451819478522683,0.17749893617477927,0.14881036388010183,0.4393610058761839,0.27458998257885603,0.3016083539078422,0.4715645041388843,0.3435101761518004,0.286503293016323,0.3928454853322539,0.3559285783132628,0.13811341963329613,0.368351138033421,0.32083028805223374,0.2490711008124553,0.2536843245004054,0.2233179049722517,0.1386348932213098,0.20511445104239753,0.17920687025758608,0.2475142655194492,0.25396552383838666,0.2240277840911653,0.21083419547657103,0.2955513002025721,0.2106620473945921,0.22204682134353537,0.1395258589351358,0.20705670412859611,0.18110515838225758,0.18411241817450588,0.2599315235971323,0.23006102342050086,0.2726082910381497,0.36398884415733446,0.2846632283846724,0.12639301863018798,0.2933304819807906,0.1426575549928649,0.166355316077979,0.22362323879637985,0.22257326277228134,0.16784703980957197,0.15209486024382135,0.2507053742797915
0.1831557199932949,0.22437482414654067,0.1555163446511186,0.2681135903787945,0.2568265770666691,0.14880667986286145,0.2073468914939785,0.20005590291016348,0.2196746472014534,0.6180762016521534,0.3810446384693983,1.0,0.35594624645397377,0.26618764532842804,0.24672420854764918,0.19183038459760907,0.3054646663048509,0.14088140246732533,0.2623829702160873,0.12925754938682277,0.13924937605634563,0.1975386758933587,0.21510142113036357,0.2792968476059605,0.3798121688985783,0.4964700538659456,0.24448249097987157,0.1970566100130566,0.15470408344703587,0.27208179532772925,0.10328489166273991,0.24089124459436773,0.20267849935022764,0.1781845372983328,0.15423055242236008,0.20092689153053356,0.20633448287060016,0.30621717584826785,0.267768405371187,0.3378370732774793,0.3195172755039458,0.21193064642882234,0.13678237931597365,0.21425121393007077,0.1960915782684166,0.17017394379843254,0.15683092902984758,0.2805964443372059,0.2561098865643563,0.24138383338312236,0.26277898430957525,0.31292350273045283,0.37041589705415673,0.4657829176343027,0.12353227419433652,0.19446092290779135,0.2690701670300697,0.19984880719850695,0.5798063924628857,0.4438511887065126,0.5101848476467657,0.2630824056903445,0.25147653889322164,0.29247575165003326,0.24565529618351153,0.2745319633301387,0.2283295990483265,0.25072771717549186,0.21235663321868914,0.16695426223266652,0.1307557107386398,0.10372071893041446,0.12838507239137106,0.2350618475086806,0.24871418646833807,0.37506679889562006,0.1186488354190065,0.20941831530936036,0.1806250768943708,0.21779957792139207,0.20324720626761716,0.13989866159199904,0.21722686948822803,0.2028545510083556,0.19092047582329635,0.24366527772658278,0.16578391012271107,0.12721464583239608,0.07435230563245546,0.3149352083045395,0.22966042581650387,0.2987580334277116,0.35512302003943635,0.20611715576622258,0.2521965086153385,0.167992802818416,0.18637855563614092,0.21664725496989232,0.19319270356587845,0.20058952261089558
0.2815405102061292,0.25277174059281055,0.21067752709288567,0.23457902904738978,0.17092906142737319,0.21874902578138927,0.28468022341932514,0.18699534809008087,0.21002442993221984,0.33552585667523926,0.4213809682303824,0.35594624645397377,1.0,0.4595993391754843,0.4506994438956289,0.23832236044247898,0.41599347255125524,0.2594433660449613,0.3771922151090206,0.2871053361731582,0.3915053224069629,0.17037545371598334,0.15277109719078988,0.23276336788885985,0.23411175654036542,0.28115938268685425,0.12334612362761593,0.1727743106673852,0.3055729156290561,0.17111769394300758,0.3002104440544876,0.2395889919417437,0.21772500831201758,0.20078099004525285,0.12381084025676341,0.32804209007149904,0.25933370896611363,0.1762214766844749,0.20347350364799074,0.20951996277283433,0.12253424806957851,0.19067401975976664,0.19184515243999764,0.12965037334141866,0.1616132011980344,0.1171981931157763,0.15586756770831997,0.18562023469640443,0.26658779449161124,0.1613042982682883,0.20525748430658064,0.28269328175270986,0.2727683874197925,0.24546878781942189,0.14148664666694574,0.19227266758360015,0.17847988885185886,0.1300688058881015,0.2976474492771019,0.20412516238135067,0.2952295524033592,0.7005871555589415,0.5153973442520586,0.3422797552600503,0.3025963773933586,0.3846074279500937,0.23139310557239362,0.2833639647522526,0.24830943364681662,0.24521913451666336,0.3153160623980136,0.3057384517936784,0.19384956816701224,0.1721386195231206,0.2683626260893798,0.35962956855514916,0.37615995629705634,0.2923118142444791,0.2270391033050331,0.2810142808773538,0.2486955225810619,0.2718634832756012,0.13515276827663916,0.254317160560657,0.2427316233129564,0.1865026103274297,0.1694074243722081,0.28715470656879305,0.3230010315228376,0.22199806742771308,0.24868293592276614,0.2143001261220206,0.2312452984457169,0.2048709553417879,0.24233110406893787,0.15089717443824766,0.272035053955654,0.21430738298285842,0.23668668504464105,0.16196580157960236
0.24764569612633336,0.17503330282482665,0.17173391770614926,0.1628318953137842,0.15919486185003,0.21179703224537869,0.2858864497070266,0.1843624396967953,0.28982245435263415,0.30907059170109236,0.25331313995405214,0.26618764532842804,0.4595993391754843,1.0,0.49768651627589505,0.216684799366797,0.4052238916344406,0.2562613776524098,0.43629568537558283,0.3337055951596317,0.45319635564316346,0.23290844188381601,0.3901998160719846,0.29471221633865635,0.20604559011080048,0.21819248362793064,0.23644670603561746,0.26912973655911787,0.43135352295281276,0.2824385780872622,0.2962520467717995,0.21435510603361227,0.20328438097613,0.26046382062175677,0.221522760652058,0.3153899426345469,0.2167740017547249,0.17835467992115028,0.18357976228928818,0.2546855548983007,0.1783218066435353,0.24881127071085732,0.2057172529443261,0.18267449074726885,0.24453993180837313,0.1463727900675377,0.1718850558378225,0.1534883960230211,0.331668803958205,0.11513693399025983,0.2188319999837583,0.20024392362673027,0.2245767872083516,0.22418348659115322,0.13970467585573526,0.19323144502759668,0.1246867447731007,0.1840200590036914,0.2417143477997733,0.2246777512874021,0.28355865102346345,0.43773304548920894,0.46154901334631926,0.527579677179046,0.28919552813681987,0.49070754436497566,0.16075640987758683,0.35308782302642666,0.3290022957495324,0.21284218128932014,0.42217799756716984,0.37595923922800156,0.41169612718104176,0.25327476083416406,0.26142016084945535,0.28348839352207617,0.35210259104532077,0.3952389643288989,0.2966765685817115,0.28174114386073285,0.15645248654477795,0.24122426267959302,0.23840924392126922,0.2430159599800107,0.26332398363535603,0.15513438059752999,0.13177009987956317,0.29821477792533096,0.3015857857322454,0.1389083387831428,0.1872262236219649,0.1277096636869416,0.2723752302818568,0.24995177894001264,0.22674038375364022,0.2052156824781737,0.18394915017962943,0.24289471959669712,0.28204991749812913,0.12400334629734686
0.3223092519944213,0.27304274244572113,0.1644978496960768,0.152915179820957,0.1883367084430156,0.23949058784063254,0.20377397761872562,0.2000479202613815,0.22299476028160634,0.26673079285569684,0.3012326286511429,0.24672420854764918,0.4506994438956289,0.49768651627589505,1.0,0.28016102046807767,0.3808048960353802,0.28945258723913964,0.40674137938087934,0.35056779189668646,0.6210119291055617,0.22743854179652834,0.35591818028217465,0.2684406961847553,0.2358389443010544,0.2651731137170986,0.2240431841345855,0.2748903314600963,0.4963510415728291,0.2241388989715751,0.31632648153360005,0.26525495021407064,0.28231018313874134,0.28479595811980485,0.1933720576898044,0.30269767017745725,0.24920706182161853,0.20593855109926407,0.20933919902604636,0.215684590844654,0.19910523757616078,0.17024544712615733,0.21695767156453732,0.1828530161834144,0.18527910840811448,0.16476692876448007,0.17757123088898988,0.1284834603979251,0.2954897910607118,0.1888812655720541,0.27544764417905754,0.22414795324480574,0.23504376375766967,0.2613840304137267,0.17318862881081984,0.1588372465232578,0.13310512663836305,0.18738251583915072,0.2412127192871792,0.16024402193786724,0.24734827125821177,0.4454989588850068,0.5151435072538549,0.49205154188836264,0.44366433496258434,0.829621047713403,0.13840246857123065,0.32654977872074853,0.40882259421465966,0.2870171219682754,0.5239206216204587,0.39907355384147797,0.44845984083220447,0.16643659871496305,0.37715909341020815,0.40533027854499637,0.48544542711392047,0.4672406953288219,0.27716471967805073,0.21650477669816837,0.2794958017002681,0.21071441466193408,0.2012511169982969,0.3000249448297845,0.30174968465787627,0.2978104752349962,0.1770388083247243,0.33634522933878874,0.3923451184200649,0.22301186060315403,0.22090860261581438,0.125152885956328,0.27502989950716045,0.2884318985734991,0.2409333072222036,0.1771071881711042,0.23488700422073303,0.28219916848191695,0.22258590361237282,0.16873826419681406
0.4853070099085434,0.34025950566576546,0.19578426946445188,0.19491094292984668,0.20055112786682125,0.15191740968952103,0.43226263112337776,0.12064101037868495,0.1897888353774432,0.21260525352101708,0.24393887863844713,0.19183038459760907,0.23832236044247898,0.216684799366797,0.28016102046807767,1.0,0.26284619931410574,0.21559308190584936,0.2623428352617393,0.273917871269169,0.23142915844059686,0.15871334203877577,0.24210024679346878,0.2765051119864799,0.1975169361078624,0.2973141988676118,0.08058907812050554,0.1751258851504885,0.31818186955340355,0.24019331548434705,0.3725369489622568,0.35838792100555317,0.5695687289273054,0.22964238863936634,0.18317623143163536,0.27446946359797786,0.27073820141742255,0.18364309076067556,0.2094143960676417,0.28031259488770605,0.14768631223209713,0.16380532371163756,0.2852737468534452,0.1373409604987878,0.13606797442122398,0.09043233281579445,0.11215240235982951,0.21328995892725294,0.18165217241807288,0.1935940524329297,0.30090742752809363,0.3802965592174999,0.4422377197968124,0.2962753118413786,0.15814556988881384,0.1967618275652799,0.12531865558590974,0.1527465750141783,0.16284417935463416,0.2795846657245748,0.22121513981427235,0.2358176677879863,0.2329276515015652,0.1727147962377959,0.1944434620115511,0.22897592569909753,0.25464377433387136,0.2619372450628572,0.20353104027864766,0.16169299674396298,0.19765045544824822,0.2197993747505728,0.1481827039603953,0.2420941792066173,0.2382811095377579,0.2554116862392769,0.2869490726328096,0.225098311539,0.2630140958398849,0.40864254251559695,0.2760641599972422,0.1995707539956187,0.12969084767679856,0.31432019468688005,0.1570952895556166,0.3547059764828577,0.23120054904539655,0.22379142625140616,0.2779198111594059,0.2418093308600585,0.21651809471362593,0.21077889844339395,0.2395906455198202,0.09966434408196671,0.1612301397727458,0.11713594870370442,0.2755427875836701,0.41902161719285885,0.2172739488163856,0.13726944690050805
0.2031908729037103,0.24085200996940642,0.1646538003495352,0.2024521264693505,0.19777506298517322,0.16711322185376384,0.2028507407954371,0.2689545615146074,0.20034073914087325,0.3292860938457006,0.2608206413474606,0.3054646663048509,0.41599347255125524,0.4052238916344406,0.3808048960353802,0.26284619931410574,1.0,0.31041577348595034,0.6000367302425593,0.3857766700034639,0.35487951061935535,0.33893382559735996,0.3359725192180919,0.37791859941994155,0.23889661205861432,0.22099533106506905,0.18706844325409036,0.1717947466885501,0.32859666123554976,0.210755103354642,0.22693056206162515,0.2665846889265162,0.24266696605117152,0.3353159752682527,0.19809510864280677,0.27398920956311634,0.17858327956202438,0.2844649554669377,0.32120722852629413,0.38986623763357625,0.22744878887134756,0.2583758457213459,0.25619945072316586,0.18994679977636236,0.1340996004442055,0.1590268177623798,0.10146822424723265,0.11487472729988049,0.24097422501221383,0.19351546425514493,0.22926846632846543,0.2310489552052607,0.24712603693316376,0.2601418312800105,0.14355829945201704,0.17218730429702675,0.26449670634212796,0.22620553628488504,0.32811759781143673,0.21135623415765475,0.2941544876178371,0.452438971050823,0.36266234657229085,0.45772188051532847,0.35464369830082915,0.3635632507373562,0.1913731412309595,0.5079589638191553,0.34679173936895885,0.24465243018174418,0.38563572830570514,0.3785813033689684,0.29914101036793783,0.3038115871243251,0.35227343955551826,0.26884302152634926,0.27313176479757356,0.2637272775681566,0.17814720845168844,0.23231795126191854,0.27692098750441857,0.27454171970444924,0.14770811743530662,0.2542848570151238,0.23181395889680712,0.17567976402942054,0.21885282788405078,0.2266765436816042,0.3434052331205729,0.2210791865226574,0.26728435248758,0.2008366716819132,0.34878533262395295,0.31418473048773693,0.2621423991174659,0.22268272780143367,0.20374641896045362,0.2368738530996046,0.16765973687761776,0.11820979998321762
0.1977122470052488,0.1875031413499181,0.2025602017401946,0.1811061367008465,0.25125659469189154,0.15591404031026257,0.2900199398255289,0.22125978226019197,0.16844649278619697,0.22541391390332097,0.16675295717716326,0.14088140246732533,0.2594433660449613,0.2562613776524098,0.28945258723913964,0.21559308190584936,0.31041577348595034,1.0,0.4004040350727906,0.561166876382933,0.43897069383342374,0.24749038073347096,0.2561289252876942,0.26847713109543725,0.1691954369135722,0.14705133534386944,0.14527284527055406,0.1884243591210418,0.2917389427251434,0.1885283877279945,0.13989699697268942,0.18685681396639586,0.19799929603861255,0.5101602669468999,0.34279758515288217,0.33113797650702503,0.2959003273784257,0.27574356814490325,0.1710152944720537,0.22597834687660423,0.17044782732145208,0.23235751987161635,0.2511981038159532,0.1130323510000455,0.15741259277964398,0.1153591907620982,0.22826420754904822,0.19011854872044812,0.16321424543045396,0.12837072083014212,0.2024054422984048,0.1994396210344816,0.1816946720259273,0.15165229845339165,0.19774676758955334,0.10574890772131011,0.15610091325434722,0.15877930823734687,0.16460716711762158,0.18308688036137608,0.20567157404828798,0.2709817828234396,0.1842784748373999,0.3378524944855068,0.31563256627425884,0.3045197141587519,0.1048582220663691,0.35469698753469653,0.48761450557578834,0.5503985248255003,0.41444317340636516,0.45341486536230313,0.33236162827736115,0.2212992524991178,0.29635113736752816,0.2198187165727179,0.42398407996701715,0.2326817563478583,0.14908956010393154,0.1752945864792239,0.33462623487134485,0.37017347526801025,0.16482859754572018,0.34623404023999,0.1341684802287496,0.20187530881741728,0.28631868043173253,0.22274145984568833,0.4398474502733816,0.2027828405888557,0.27822093990871427,0.18102062833467697,0.1683115490621604,0.21696148135783966,0.24986115257434227,0.19508227878888687,0.19165013607677578,0.25006831259156764,0.15495324065172075,0.10731559178584037
0.26381023860620456,0.2375886118418814,0.1269467463583706,0.16007896374299502,0.23903224432896286,0.19156738079866337,0.18827613004048613,0.16411355145030507,0.156939688461236,0.36697232148822095,0.3501413675746944,0.2623829702160873,0.3771922151090206,0.43629568537558283,0.40674137938087934,0.2623428352617393,0.6000367302425593,0.4004040350727906,1.0,0.3353097876814529,0.491780790223901,0.20674203923398868,0.3529755349575392,0.33562948178142854,0.2300039419632903,0.22494814622942633,0.24023256014548108,0.19370101900181366,0.33599990834141835,0.23734691516057882,0.2889883744587578,0.18539783228109719,0.2232491237146685,0.3361742595359811,0.20722336008103437,0.2532135159081469,0.2233715776084949,0.2384395435020588,0.25699515299591863,0.37116753968368893,0.2599813283286848,0.2726494480156063,0.23072624383126772,0.21411781473889438,0.1772225877294662,0.21076187507542,0.13819949816734267,0.1512011089653092,0.28739342822235253,0.25042291891861335,0.25021588502993164,0.18187357104795682,0.27271392359128765,0.2106569458024504,0.17197586902598622,0.14911535764727335,0.15148135538810095,0.1497872106944416,0.2562339809291413,0.25121148878766364,0.31956994704204256,0.45316162584506425,0.4589154530029203,0.7093356733646163,0.5058208332732904,0.3926012117805918,0.23410127449855833,0.6480278523463141,0.44476349203008186,0.3906423281644503,0.47686822537465656,0.4100302173346456,0.2877992248119255,0.27470040980840027,0.3027007007857423,0.31754421435534297,0.3301385440848756,0.3075992762127378,0.2682109408091826,0.21614076133537774,0.3571476597028763,0.3665752631757,0.208218265282469,0.24750364895428026,0.19746271480324887,0.21043030462798887,0.2741151413137424,0.2609747992858936,0.39058990164209073,0.30529033515997106,0.3305050971661768,0.15586183625342714,0.38935943111152627,0.3277376260573262,0.24173641275070057,0.2433461799903952,0.23162433972826005,0.2282431843221804,0.15028203093699422,0.18420128296845953
0.28232984078889933,0.25934923742188754,0.25568386097865353,0.27509237582601614,0.2125718133555493,0.18962708646168902,0.31228050693282783,0.2921493381707776,0.27550469330374977,0.18153101421181858,0.22418826804371841,0.12925754938682277,0.2871053361731582,0.3337055951596317,0.35056779189668646,0.273917871269169,0.3857766700034639,0.561166876382933,0.3353097876814529,0.9999999999999998,0.44263226935786304,0.2979979939308028,0.32364720973183814,0.41765137746547,0.10660933799038752,0.16134420113220682,0.24645756274116945,0.34272063083824844,0.5012468438989299,0.1752990041575348,0.22557842971359449,0.3194431177522893,0.13299205850462112,0.4199671217606993,0.3018127092194549,0.5145292924180872,0.28604665823236186,0.14662595410654264,0.2058673275117352,0.2476605603659517,0.1801830207883751,0.30716369259765564,0.20075758021858847,0.18168441514857292,0.24290848893278166,0.16488227681097303,0.14680508577086185,0.19610506334212607,0.27942154223255045,0.176407982502086,0.3354021609034065,0.30753814340147995,0.2777014560988149,0.2039823489046011,0.18820531597170873,0.14477900719310288,0.19872825818106635,0.20800330322026095,0.1390882525981365,0.18044919875302562,0.26052981882077414,0.34078277349649455,0.2326657686532639,0.266229361731495,0.3594530779498592,0.4051398545455262,0.1697950822290449,0.29346055279703426,0.533411329457337,0.3676057848788423,0.6300706298697242,0.5194520209580094,0.3509288750198362,0.28324167699925035,0.3280380620903591,0.19301456208842413,0.5365377131813335,0.289764004865547,0.21429750725876914,0.33536491821496434,0.3105498185343942,0.3651802803833287,0.23138875206882423,0.33598107530482174,0.19969376640864162,0.12540389954821604,0.23121633156676724,0.31970676071197757,0.6231705869654945,0.2288401551597002,0.2723368522592438,0.05024537270165524,0.1907548820791809,0.2835231124450457,0.18871363640024777,0.26189028031627587,0.12648529683579376,0.3435614569939404,0.26748395615935094,0.12877295798026467
