0,1,2,3,4,5,6,7,8,9,10,11,12,13,14,15,16,17,18,19,20,21,22,23,24,25,26,27,28,29,30,31,32,33,34,35,36,37,38,39,40,41,42,43,44,45,46,47,48,49,50,51,52,53,54,55,56,57,58,59,60,61,62,63,64,65,66,67,68,69,70,71,72,73,74,75,76,77,78,79,80,81,82,83,84,85,86,87,88,89,90,91,92,93,94,95,96,97,98,99
0.9999999999999999,0.4432412046659262,0.21752520435599476,0.23626904183823563,0.2875562042571435,0.14101810461067188,0.1645436669843631,0.12441388947705562,0.12970084406134583,0.26901655430797033,0.1948733089140452,0.15926020177493277,0.22983106569822634,0.17326930800001236,0.2744618315986389,0.4007657613071882,0.29592976784638575,0.15996487627355724,0.31128724559361315,0.17339301013062847,0.13640457860446825,0.2983878833182571,0.20719489799255306,0.2684702916292521,0.30399545792549815,0.19040397338851897,0.2005020920787236,0.192408482831196,0.16296870363350202,0.37697792844851163,0.18890900233210503,0.31370794675702585,0.4349330939925874,0.35322431658953063,0.26864168354490053,0.09224124574026141,0.1272046748657319,0.27961029610960025,0.3598752775899641,0.19421508407830498,0.1635113393059853,0.13690062794736094,0.10535431157570425,0.181893433877537,0.19272259969648922,0.15543757125812452,0.24100835673593046,0.2512162986683348,0.1437590809961986,0.10753446894443161,0.2602051752169685,0.2002004468672456,0.24944958595268404,0.25958351764804255,0.15365474778095312,0.15790057772241123,0.1549912159338933,0.14378202074660934,0.16337627412003372,0.14334721184795263,0.17844451371605988,0.23590945997637788,0.15723682699999833,0.1524529384547983,0.17597410199568952,0.187752682036645,0.1365610414609781,0.15813759784755135,0.16079412326777656,0.10084506701559161,0.16770039326981764,0.23496063396130357,0.1597442514126817,0.1506852830771109,0.18145691096317695,0.14792768673929982,0.16547983636561756,0.21436510255391247,0.16291506633636899,0.19969934146280066,0.18516841142320012,0.14457276344650863,0.20360240566577772,0.23443257453129895,0.31506497648867976,0.25094490194837166,0.18478745450699713,0.26185667740193813,0.10916379932922361,0.1545103760932301,0.22682253438272793,0.23630996115943137,0.1554323462848047,0.17536948964113802,0.1526065975566677,0.17479563858633923,0.15163520481830398,0.17023832788175272,0.1635700102393564,0.10586197352049123
0.4432412046659262,0.9999999999999997,0.20891320295097424,0.4766346297646594,0.48956830469068896,0.21581132464855482,0.23429665173187972,0.2213606048506438,0.24373747222718503,0.16495412458393527,0.31685251703868905,0.19182227437215008,0.18371367384208095,0.15657162531927601,0.21436366118002215,0.5197089214592145,0.21393436860668713,0.10272819694059793,0.26708468104039995,0.22271236922328996,0.1354157722565793,0.2539470244854925,0.1484655083228501,0.18176791192476582,0.2552767416595412,0.190000325311806,0.2296195888721496,0.29752214794434895,0.2029097779894445,0.27297171080971716,0.24337306506120754,0.25505565181201156,0.3686186785899001,0.2526386392375814,0.2408096333283623,0.22996556912680774,0.11639617259366548,0.2233468991403362,0.3124076623690526,0.17042268783619774,0.17922802276635535,0.16814626874575306,0.14343509795865628,0.12402624361251875,0.14774614496244984,0.22467730262841892,0.17732593779944655,0.2971599091938301,0.13176574930090607,0.11911718959063165,0.28073221107388735,0.31891850561725027,0.36550929718841035,0.5160607899353674,0.24175835304176566,0.1776392553469424,0.2152515159261063,0.19510745320226544,0.19155905077778967,0.17729507603971092,0.19341510364332884,0.15520048886687404,0.13562390331087373,0.16559367084588344,0.16104985936256583,0.1712899495423595,0.16138238910811734,0.18331791911543804,0.1726207226169886,0.15798400951428687,0.18812538877231738,0.24981838153700717,0.14816713582879432,0.1500565883527935,0.14495299677794593,0.16683719670447306,0.2087758380197936,0.1803685531624582,0.18248655398056038,0.18816483536813874,0.13186101326744817,0.2246591175001064,0.16984667845095658,0.2723982848640646,0.3481937856162146,0.2714669528326331,0.11525149513402733,0.2617905190352693,0.15428185630369765,0.13957164750783305,0.17870838047221352,0.1736894690409996,0.18583963228442213,0.13683067648811104,0.2004319651061889,0.13468179460629168,0.220875076158249,0.23190373377865328,0.13713346820742509,0.11786217933924817
0.21752520435599476,0.20891320295097424,1.0,0.15310107780459664,0.16827891597864914,0.504582450149554,0.31103139041798444,0.3257880991142844,0.2327164928188913,0.28815382700865194,0.1591895335623475,0.25691314024433504,0.1291766785089663,0.20405054984223236,0.19539234322102825,0.2870978779236215,0.14243515646181118,0.190586039493865,0.26538445073578665,0.2450472983242856,0.16326434873308582,0.1803667084507242,0.15864369573869974,0.18907493276048562,0.1777159254158133,0.2627894178990753,0.16338244279309394,0.18311319827764383,0.12694362377084345,0.14228721685111342,0.19076903933806583,0.2150354810190075,0.13990138025909551,0.22002347330649763,0.1679335401974303,0.2421868725559112,0.16025115662030107,0.24485108498729238,0.2578230859255695,0.307944266806921,0.20137850720966097,0.184728744173662,0.16417310333115537,0.14633525824957613,0.10535488483649756,0.16915066819565097,0.13849075177916348,0.14130518485913232,0.5492944071025616,0.23924194292647485,0.19763636822721253,0.3858827491520513,0.18721700574310518,0.14468593997507787,0.47905201840523703,0.5042745268250072,0.27668236950972414,0.27414276390651365,0.15461370198986887,0.10650689320052605,0.15224905417902984,0.06594374520115405,0.20624149488552518,0.2477117487193083,0.07274057883707909,0.1835377810255167,0.2869474491853075,0.13694472352474166,0.11538401517536757,0.1768250596387999,0.12429181285899887,0.16290292706346624,0.1640573119210712,0.22295593923634155,0.12364154117096265,0.1628218361046984,0.0876328244581208,0.11701849214601764,0.17747095304086014,0.14655317672702273,0.13121462523054211,0.12875388817026034,0.14617639324183615,0.19351168783050532,0.13290660164605608,0.14967417057943652,0.1339591066747146,0.23204258493875218,0.27332600554696684,0.235583862082163,0.23995657334268164,0.2042842526720829,0.27856861051194365,0.24661816259259062,0.16212349256350414,0.19594260361995286,0.22828114710989403,0.2504691603302802,0.5225115029683165,0.2814015794284263
0.23626904183823563,0.4766346297646594,0.15310107780459664,0.9999999999999999,0.8009334836244826,0.1470185413411586,0.20114570612488747,0.1612093464055902,0.1790458422136137,0.22122588019442194,0.20089790799110355,0.27185614359997057,0.20589717230278437,0.20970233309111488,0.21404623495302605,0.3118776087516445,0.3270913423138119,0.18680788357376607,0.18490575604767442,0.1300206782718567,0.19783617258358405,0.2887900025127325,0.2740713308994646,0.2404386884497325,0.27890751641446154,0.25375135528890314,0.3310207788709836,0.29150051909112773,0.13811783657542145,0.21857640894521085,0.18960641427156555,0.12633132055056212,0.3378898488519795,0.24517768774847892,0.2701264986631334,0.13573254249577077,0.12421822743447963,0.40470448644400103,0.32365601702223273,0.15980416564252142,0.15418625166934208,0.14960028925144517,0.3051008555825326,0.3109562951108314,0.19218600826535487,0.3351053378679342,0.23229961733861296,0.41228438302011133,0.1852785118807082,0.08949493156674254,0.17510806358931366,0.2146194202110204,0.45249623760656915,0.6766924529870897,0.1772498176138086,0.18968962263595382,0.14577613796680958,0.17441846074702863,0.2224169898157649,0.15610409671095132,0.18798693394002255,0.1658684065327152,0.2141481612442329,0.1363993145255883,0.1414474770368399,0.20290286596973253,0.10393783061646517,0.12687066969590885,0.13318492999326492,0.1406847103074853,0.15117001837944832,0.22987917121115609,0.22511480245883278,0.16535199670952788,0.10849282080050354,0.22295262923972195,0.17311420898679053,0.23286077637909944,0.14867978412145058,0.24274289077588942,0.10803830711801174,0.16404021396003393,0.21056169118955725,0.24710241074596515,0.3513731055250214,0.22381741989571727,0.10608200349535897,0.25764601044282975,0.15863086095766518,0.1080188306814473,0.16271462507668294,0.11321827960156021,0.34251756092745206,0.2153530577486168,0.1638154932842258,0.35756525676423306,0.22618288607046214,0.26904087286823997,0.1581283924394292,0.10472419069952726
0.2875562042571435,0.48956830469068896,0.16827891597864914,0.8009334836244826,1.0,0.16080086068437158,0.22873459379225827,0.15492487841502675,0.19272031017051922,0.20547803788440436,0.23402994491950402,0.2650312617273347,0.19462713410188182,0.23922794061243963,0.2625509484975212,0.2795074443875263,0.30941989966536904,0.14491578959649695,0.21438419309672496,0.13511618056744212,0.18733624606263813,0.30064146607390096,0.2730448256378073,0.21476136353314032,0.3370054100105064,0.20169639230612507,0.3162514152621683,0.22022407668638805,0.15586596845356993,0.22301917129375273,0.16701101186869302,0.19018852442443507,0.34016983661193706,0.2338631629259593,0.24223809667957322,0.1241972281104577,0.10979257972604907,0.4060756882462978,0.37101276646837034,0.11920135085456836,0.12772135990620115,0.14330103907041802,0.21878693493734694,0.28323389710308655,0.20093084515578075,0.3335674115069772,0.24925226954742352,0.3852760219614379,0.147577246576226,0.09537505058292303,0.20256095558916876,0.2507172345614526,0.5862207438836042,0.6103126808918189,0.1498548623641303,0.18670940640230094,0.14834309542595384,0.13654827032344238,0.16496616262933295,0.1460995113211938,0.1440451404915526,0.1511638540528427,0.1697781560941004,0.132700565696866,0.1619312703425658,0.1975366142574718,0.10272384857510582,0.1107605270458736,0.12548029248762643,0.10909399976138229,0.14101583327274386,0.18739227379852333,0.16434232150627667,0.14251266450770253,0.0673543140288997,0.19130979615998142,0.1834194777126411,0.22332676770122772,0.15917487706064457,0.23874012661178817,0.08053170540966692,0.13728367340074563,0.1437573283839088,0.25048574793067785,0.3151779621913098,0.17508147150969205,0.11541712253568118,0.22941772706569089,0.13234581779682156,0.10264257696395078,0.13614406159924608,0.14548528803435215,0.2529969892489174,0.1983047368756433,0.13743613750317937,0.30946567822175924,0.2152140239979266,0.19885062376934226,0.15670152605770457,0.11450657977375457
0.14101810461067188,0.21581132464855482,0.504582450149554,0.1470185413411586,0.16080086068437158,1.0,0.386639798159292,0.6721938755645218,0.41110676379684163,0.1636781841935478,0.1910712136021932,0.1555487441415607,0.24151981800739886,0.14817246911482582,0.14626857706201443,0.1853375799328304,0.15080607704138388,0.236500804636412,0.3038393802170923,0.23861938677685568,0.16617994268151443,0.21323741983555802,0.0899367789415895,0.20514105142458128,0.1551064513349824,0.18246515692639342,0.16960806985824742,0.17894239271056045,0.16070850730980799,0.10056269549089805,0.36345428052902023,0.2149993707795325,0.1410145731516241,0.1878045361727892,0.15034781970896682,0.5369444275175229,0.210595226398396,0.1320022101566474,0.14605873720033052,0.18283981014400538,0.19760383984738378,0.31049889174377643,0.16411533978270032,0.18551816300202098,0.19968301540091749,0.1303466037467433,0.13072404865383314,0.15269523601299537,0.6184004526363559,0.41070215690596695,0.18819168954434218,0.5706894470119379,0.2507016211611457,0.24839351213620142,0.7007445571704364,0.7439654186232978,0.5374503783135212,0.4554878195577552,0.28141969646187076,0.2632258229829683,0.2285647837116807,0.1312295218148635,0.2567077628132133,0.3419940162156246,0.12430684368154774,0.15393360233159237,0.537225620587368,0.253080562469636,0.2564251916038818,0.40602091769645127,0.2334927225270598,0.1586935273306375,0.16772895690280015,0.3657363436208245,0.313550931231714,0.1749747574294336,0.12633017516326342,0.13467236148948136,0.3400971211434105,0.0976989601716941,0.273521275325411,0.33403794699956685,0.15659704348744793,0.16926380315838102,0.1830017167960602,0.1826452573313132,0.18265835461376534,0.22006690973352075,0.510457884905895,0.5131106095604404,0.3561686828561399,0.20234031212465908,0.3902938375441844,0.2723585576297341,0.18297075567859367,0.16825549125394487,0.2178903823412834,0.3046077520473879,0.6273512986161228,0.4863016834626152
0.1645436669843631,0.23429665173187972,0.31103139041798444,0.20114570612488747,0.22873459379225827,0.386639798159292,1.0,0.5741166254199865,0.5626410375261955,0.23874508485299956,0.3470904460766825,0.2108851470073849,0.1355771816284663,0.21417310028433914,0.14600424122828076,0.3024653347358875,0.23476117378563127,0.41610722776328496,0.23789167645028006,0.3148249469357411,0.2783901090267858,0.19125504448508415,0.18935926386326193,0.2591696649791348,0.1520223665043776,0.22786760660048958,0.19438826539022552,0.18017056191860778,0.23793437684599505,0.11685535417467281,0.2630410293952079,0.1692849673814129,0.2969960972944905,0.32093018821589125,0.2335448648353416,0.39432371157380675,0.1666037067163151,0.16821951474272026,0.27518701036559373,0.44316033035161695,0.4726606292977536,0.2612572855698623,0.19576569003157168,0.16902039456671963,0.14043813606596095,0.16883949151617753,0.13472804254293527,0.1593748344406735,0.2421660159246022,0.3365912847159884,0.2650810210275998,0.25631506151226835,0.223232912139759,0.23644149673409687,0.2843120930783371,0.3153417448847503,0.4155772251562779,0.3741852553971384,0.2812298400542987,0.25522994269116056,0.3012394970064943,0.173213829990789,0.2204584529572732,0.19856583727711918,0.16780487932135124,0.19437864108025468,0.3296324833075944,0.284426109831706,0.2882424039942092,0.4316012717642046,0.2661059314798534,0.2239421983243311,0.21340360310340542,0.17600713424597964,0.26951906744220533,0.2136466006535867,0.18155319067545797,0.15276550581964185,0.1828855089664751,0.18476515248191028,0.292244250259231,0.3959575839863247,0.172929682261008,0.25927654519912546,0.20051973805275802,0.22567766450817525,0.18069172093094707,0.19917778452133558,0.3336772141820574,0.26823675864956803,0.2510139122090944,0.23180397759769053,0.219274614885957,0.148662823371065,0.2371950258844826,0.17131744106778915,0.1672617780220191,0.15383322371371855,0.24070872979384386,0.3716102122083222
0.12441388947705562,0.2213606048506438,0.3257880991142844,0.1612093464055902,0.15492487841502675,0.6721938755645218,0.5741166254199865,0.9999999999999997,0.7185098324815672,0.20109220812274892,0.287165605496639,0.1588682574824507,0.19706418552480223,0.15435208507638645,0.15479788748325454,0.18935437251363663,0.16744692223487656,0.3240546428595745,0.22223158573019233,0.2525454028807649,0.25110237819244496,0.1850699803076474,0.1256872083190588,0.21745515355378828,0.11776174584852825,0.1640148446144503,0.15791634613298977,0.18876034787943227,0.17207880635684852,0.082701376753823,0.3296824487157625,0.21475582533122975,0.14354392954288184,0.1761262222720121,0.1723492325909654,0.6950525528283198,0.3019817167843184,0.12377901312474866,0.14271178633197365,0.27443770936738254,0.34960220608256604,0.3146356120874602,0.14327900829425733,0.18296853868812424,0.1564246123332651,0.0963790206899208,0.1965835974038097,0.1482823152223262,0.39604863886443875,0.4436687619360606,0.2305489917300623,0.4547098359762905,0.1992528366841239,0.2600432504340308,0.5737762677653198,0.5511306701050883,0.7360188239227058,0.660304114693117,0.2744107666183424,0.2937645326998431,0.2402986721422843,0.19175870185782265,0.3150839766582434,0.2705071554563036,0.14540058709106846,0.14228773157276284,0.6002061450951317,0.3886152060763126,0.31181474529188946,0.48246317404936073,0.2471110988148057,0.21616167602235514,0.20874077550523162,0.28475459477425213,0.3793698972015941,0.20659423605269323,0.1590106379479325,0.12695846118235513,0.23272505106833358,0.14644183550969284,0.2990473114498811,0.43817583605839283,0.15225991115211684,0.1880560833628594,0.17721146303694507,0.25944942913472807,0.2850432035532914,0.22061795916823837,0.5918078512484641,0.5092378667736851,0.27743672054899826,0.16902192427071916,0.25119587858071957,0.15383086465734566,0.18308150318494903,0.1467146686440579,0.1417430030600526,0.2624232873675551,0.4242567582456948,0.5505072121102562
0.12970084406134583,0.24373747222718503,0.2327164928188913,0.1790458422136137,0.19272031017051922,0.41110676379684163,0.5626410375261955,0.7185098324815672,1.0,0.2255098176532316,0.40803389198853535,0.23247834272219436,0.19997303787285897,0.23477163661065117,0.1634070493363791,0.17219925158995975,0.24459121014544574,0.40317143262061256,0.2531268889871923,0.25359521059546697,0.31666441129981127,0.20624989099052254,0.12051147728937138,0.30564933889309914,0.14075699298386443,0.1686476895484172,0.1918174043140745,0.21323499159765838,0.25305223243285346,0.0875905559144198,0.37691791706642985,0.2392226547331395,0.16936312566248093,0.24690427859411085,0.1877148732313403,0.6165140254766065,0.33215173866391257,0.13570260307311005,0.1595496246392669,0.29094122533065614,0.461172273327263,0.36486391802581986,0.173697253949101,0.15460431809221103,0.12746939576558053,0.15515193474615427,0.22141909497031326,0.1472104796146137,0.24216505671632316,0.3886464575420669,0.27032573136454274,0.37316736937480527,0.17965314091954984,0.23889459684826025,0.41580413325197685,0.44538069890748777,0.7382950176753595,0.5871276433475877,0.3904715835910789,0.40466002873346596,0.3268358798362583,0.2817068936309772,0.3014708405255542,0.21963663093775235,0.1836741744036562,0.15126032916079754,0.5170740419072767,0.4301052761156706,0.39601144956203077,0.4966409867178405,0.2738528165034456,0.20748769248956095,0.23059192930660388,0.2257189361240151,0.4180920530624767,0.1780309296154818,0.2161347568017248,0.1128173291479417,0.2560314699078252,0.20126474590388926,0.41777491366574493,0.4954430810774763,0.15564977900150542,0.24252161556848123,0.1986896455497995,0.26968234948559666,0.32719381705096623,0.19097540682889874,0.46727043150420705,0.4256355263578259,0.2716836493506226,0.20987861024585397,0.18466065442311158,0.18238827109849157,0.25235328403943336,0.1486191673504716,0.180106318607109,0.17929970646964524,0.2658049676799482,0.4944639175915257
0.26901655430797033,0.16495412458393527,0.28815382700865194,0.22122588019442194,0.20547803788440436,0.1636781841935478,0.23874508485299956,0.20109220812274892,0.2255098176532316,1.0,0.42608393274345324,0.5901076131738382,0.26793952821962647,0.3289050416608491,0.3143104272463533,0.24082911942890634,0.1964226569600501,0.2233750393582239,0.14827973903347452,0.295492665000596,0.26305398786953377,0.3405616000172217,0.26482754849600243,0.2987828208135795,0.3892447496336938,0.47805831184375075,0.31806298519167653,0.1725696882581677,0.1436638084947224,0.26834572422928715,0.24561981755799503,0.2839139422623502,0.1952111452292022,0.1943241096354884,0.2874028646019415,0.18517685413873164,0.12964981275213747,0.4340416744454538,0.4522725792324217,0.4531721771888568,0.2772741857098355,0.3598779202003934,0.3103377449201356,0.2731533993734237,0.2660457089713887,0.2952327647813531,0.20960797704376646,0.16128408576516093,0.2339579006497924,0.19070449877222997,0.19461499431399795,0.1599358728972719,0.14094655892863447,0.152642949707754,0.17027406709384466,0.19749392506431715,0.19494610653787622,0.17540995836906606,0.20276446349811408,0.17642417355879098,0.22336765510161655,0.1476275610333392,0.15221503153141788,0.23578711368333619,0.19866031434024364,0.31679779123614593,0.16825305272349245,0.09519300749627685,0.13759220017965584,0.11553978396904498,0.2389496968598654,0.11807781645464256,0.21106506861694485,0.12010648581225068,0.10308256263879013,0.2497004329022476,0.07195977954528075,0.23010963008536423,0.22120265906390496,0.24691405288850102,0.1443448102409277,0.14461095418548647,0.22231258614472815,0.14286169377024036,0.22302360353383965,0.16585659001491024,0.1142972249446335,0.16216163408072568,0.14313429324450833,0.10311080752748192,0.2251367911902941,0.18781591943850237,0.15867451668777446,0.181412022436591,0.17682262714291416,0.35247596175765666,0.21280289568164576,0.14937251288269585,0.20710301219555255,0.14857323537563155
0.1948733089140452,0.31685251703868905,0.1591895335623475,0.20089790799110355,0.23402994491950402,0.1910712136021932,0.3470904460766825,0.287165605496639,0.40803389198853535,0.42608393274345324,0.9999999999999999,0.389187582978208,0.1962765506679529,0.2649601437704079,0.19677513820579293,0.17228864760139417,0.12469354813390437,0.1619523560512608,0.18980786654230633,0.21147072992826932,0.2927652162267805,0.14950855264801866,0.21727132179868225,0.2109201503836834,0.40093647918361947,0.22113778285173896,0.17659427950362044,0.19932949394771807,0.21043640448674805,0.1905929812575956,0.4043071849789818,0.21902088692897054,0.2825830586182535,0.1606485779248638,0.126533296801325,0.32962714306043783,0.1554061778927111,0.2122895485902349,0.27994104898017175,0.3867661608371754,0.25598269568224646,0.40201628629549646,0.1676412876552879,0.14407221316104385,0.11718421342542742,0.17270948128602628,0.1530434223467507,0.13470479647408531,0.1605868441782063,0.1864580444420566,0.2035010628138111,0.17366389247017675,0.20232360180328104,0.2718575397039994,0.1758087693840149,0.19843457243194332,0.3579428945523808,0.242974421317629,0.22995093628999533,0.36027320207081037,0.3201925818419782,0.15137310722396305,0.1667528586551357,0.23559724675219823,0.18963210844896014,0.22535614241590562,0.25319942290600406,0.16745262265095637,0.19436387970833316,0.20215083095498254,0.19960022133029168,0.142107208442804,0.17728716190042296,0.07967971503271384,0.2364910356211478,0.20584604617232644,0.14020838661159202,0.15686390383711746,0.29450202904454015,0.13486336671215116,0.227824034905706,0.28701334259024797,0.1213737856266754,0.18118776156212393,0.20632367772861618,0.16869492203201586,0.13999032294620764,0.11698483526140098,0.15205262137043296,0.16286186715521275,0.2018474092194228,0.155665105096023,0.12437038316686319,0.17603992903757706,0.23482498106347674,0.14684579358925942,0.2185509331419223,0.12635240510792958,0.17124566703057006,0.2037931051890564
0.15926020177493277,0.19182227437215008,0.25691314024433504,0.27185614359997057,0.2650312617273347,0.1555487441415607,0.2108851470073849,0.1588682574824507,0.23247834272219436,0.5901076131738382,0.389187582978208,0.9999999999999999,0.25574135908209006,0.36624403633009883,0.32465497744922756,0.19002889418377428,0.1970607400805128,0.3066512792949154,0.15150416443377895,0.3115327528900132,0.2732615939139431,0.30049799101267133,0.268159326139618,0.2530266068192615,0.37986044613690884,0.509136015121066,0.23118928768929636,0.19916222382938842,0.17369953092316043,0.1854114361470033,0.21856670883523313,0.2667526690019421,0.15902225733919287,0.14246185111825413,0.19331689946872832,0.2131028829044131,0.17252784147807732,0.5216726000283212,0.3320089193700598,0.24397808080398486,0.2281366942140078,0.39130570262385483,0.33207924065780525,0.20470055094124437,0.18635485148661157,0.2197024963437455,0.17693342404862814,0.1112341203171467,0.28627843192303903,0.22658814263587135,0.1311222417357106,0.1751315161908285,0.14024863709990362,0.16598720651888813,0.15904372757056834,0.16519371946672337,0.18708426954682175,0.14202000598683812,0.15295738851489227,0.1870557916413291,0.20719091336941978,0.10923614093603286,0.18551873743892158,0.2683028937690903,0.21157322424471908,0.2652496029653381,0.13427972566925575,0.13168441131500655,0.2561734424306758,0.2029804930716642,0.22243942374297326,0.13307238074769745,0.19301414600786918,0.12777319884234495,0.1594755806239988,0.19611950076273346,0.13280121888292493,0.2514784998872173,0.2171621119753493,0.21828271357124243,0.2077176726778726,0.22439284329322437,0.16681788604855619,0.12403858115469099,0.14284250262207732,0.14469253066489657,0.1344594490936429,0.14774400849153174,0.17046937605802528,0.14606080236370297,0.21187037573833456,0.16142661553850426,0.1941517324328892,0.17466893757185165,0.21680779445446327,0.2872318499596739,0.1700511867430143,0.10141370753922578,0.28076502112247737,0.18745283533418675
0.22983106569822634,0.18371367384208095,0.1291766785089663,0.20589717230278437,0.19462713410188182,0.24151981800739886,0.1355771816284663,0.19706418552480223,0.19997303787285897,0.26793952821962647,0.1962765506679529,0.25574135908209006,0.9999999999999999,0.2761508782988503,0.27651065864913776,0.3091074594564157,0.6480039572601419,0.2615023177718759,0.346681214771389,0.27171690868982273,0.2160497976190933,0.3890661503303263,0.20836323456323375,0.422504981007039,0.16287683625983193,0.3387273171306437,0.29111175682669016,0.28633294764062134,0.2946015756019523,0.2669964531526166,0.2890316482069007,0.24113081605446499,0.2286413400830975,0.39497750213779187,0.3424552959427678,0.322341640500293,0.26330976403055983,0.19669527563455516,0.2868701885151701,0.1724132940290472,0.20720446148686839,0.320562385697037,0.28194045923526945,0.3292530212980867,0.3629465846439943,0.26985983712091177,0.31820179599013343,0.3067387215141949,0.2472559035500825,0.3336749127597018,0.18450579042591062,0.20624137673841983,0.23497231011703035,0.2558876349547824,0.1940248497986393,0.189601221290812,0.20077454831813968,0.20252766838081038,0.2359122501884399,0.26112145823009414,0.2828151542854928,0.5485441860306706,0.3627580456884858,0.3761982438799394,0.2615132627337688,0.25728937851939393,0.22280237180928006,0.3983434425361601,0.3170939284372479,0.24880174727756832,0.33196384732204687,0.21595604327650592,0.2918065176685163,0.2239974913325245,0.32893565789910395,0.17675687634765785,0.300517483490307,0.2632392251272304,0.34376790588157613,0.22658795730971132,0.3853285084955978,0.26249190392887295,0.2952277618738473,0.2830214141472279,0.3050191369075988,0.3517785150230913,0.35379926638507586,0.3044060712376801,0.2593860504205597,0.26346608605948263,0.18527330187353844,0.21292528501562016,0.22173746807522343,0.3951406260292788,0.2679464463280692,0.30922680354500814,0.26633411528642414,0.2805111562829413,0.15231466329463939,0.32946528486105864
0.17326930800001236,0.15657162531927601,0.20405054984223236,0.20970233309111488,0.23922794061243963,0.14817246911482582,0.21417310028433914,0.15435208507638645,0.23477163661065117,0.3289050416608491,0.2649601437704079,0.36624403633009883,0.2761508782988503,1.0,0.586935357458438,0.1948483495221377,0.28615227209263344,0.3186378553204798,0.3232557286472244,0.41924746383456096,0.5116555377766719,0.22320697908044987,0.4008735025323422,0.23107575885521878,0.16516181577808275,0.2507270724377263,0.22175966207384712,0.22334012486959914,0.44950977441158757,0.34019739767278456,0.27042681110631145,0.17307309063779847,0.1657184786137617,0.1949518864305621,0.23239913452478253,0.24530603603028872,0.22211760346638423,0.2728899107547853,0.2080615678391713,0.20346345904910598,0.2711474850353981,0.255658111726162,0.22373189868511356,0.21531723808029912,0.19816170094990632,0.20274129110898254,0.1635082672634077,0.15422689934257375,0.22502170168305968,0.2674752764293542,0.13518221730691193,0.20261634129817443,0.19553341129867474,0.1290140714262021,0.1469485007181634,0.15621085471937624,0.17301489643944928,0.21338393454785248,0.1620228359156153,0.25913772745248304,0.1898107640571075,0.1963008560883174,0.34368019613282025,0.4761681497491094,0.5206052632122965,0.5928424664357612,0.1390159944496031,0.21238621162355859,0.3604497136060097,0.27722250921863323,0.45789022696252063,0.20850092996823105,0.30863105339565644,0.10281237591643817,0.12737737097783605,0.1556351632438877,0.37072596161431653,0.36789902278699166,0.22631291216477908,0.1417531060626737,0.2374010314011654,0.22093304544240894,0.19438738508150902,0.2968435306124675,0.2635796511086383,0.19949638897057453,0.19480074514022688,0.2522106347152525,0.2071249669692014,0.14608117353663533,0.1805774585722697,0.15300019984710037,0.1632213533130963,0.20784684334576312,0.19206983622481247,0.20353704890286484,0.20901099265468492,0.15037655633628993,0.1952215578756528,0.230989091575018
0.2744618315986389,0.21436366118002215,0.19539234322102825,0.21404623495302605,0.2625509484975212,0.14626857706201443,0.14600424122828076,0.15479788748325454,0.1634070493363791,0.3143104272463533,0.19677513820579293,0.32465497744922756,0.27651065864913776,0.586935357458438,1.0,0.24747857798757647,0.19466891625930324,0.18827419284056468,0.2534645384118446,0.34538445206388885,0.4122743628408721,0.294497281058643,0.38951777864939496,0.21607396767096332,0.1220275716795872,0.3032349021945376,0.3024879108904128,0.35767552188248003,0.3886329701523031,0.5304205969772623,0.19584761547916446,0.17186252685687925,0.1826572206986237,0.2074699653205543,0.27272046787496046,0.15618646514081166,0.14411831777194348,0.20856678105297083,0.1770611191540775,0.1210235065928017,0.22846846715774466,0.2639240907684222,0.2360165200650436,0.31122232951384576,0.30965001836332223,0.31637942033783295,0.2811283354239082,0.2252811604973707,0.17121924342377334,0.17123449273905703,0.08801652454557077,0.18815041908555552,0.18613747284248278,0.16566728682288465,0.16771790569285433,0.16428252365853432,0.1477604816881123,0.12728727910259108,0.11840928898307503,0.24142955020133247,0.21127729457232428,0.24063036279180597,0.10595438503036203,0.3095133863120364,0.4115252949610242,0.630140351687664,0.16027012357547554,0.1835897573154604,0.1840403698521312,0.16855374195264056,0.38915244679596883,0.2228642849712725,0.22809581578150126,0.15884026735936316,0.12547527166990485,0.2268795050075175,0.2948845991674261,0.43691159554900644,0.19844245989513568,0.16175499937375876,0.14165299007899992,0.22390726279038375,0.251998725795291,0.2368675481922552,0.2833390297152668,0.2724214040890493,0.143253036560611,0.31845333004472903,0.1460977417679779,0.12153539879992963,0.1029462103487918,0.15368512612883048,0.15139932670565412,0.19087666251226412,0.17090294623349586,0.27928070711290576,0.2612597685668037,0.20293928243466058,0.19512900998242505,0.13376851816405083
0.4007657613071882,0.5197089214592145,0.2870978779236215,0.3118776087516445,0.2795074443875263,0.1853375799328304,0.3024653347358875,0.18935437251363663,0.17219925158995975,0.24082911942890634,0.17228864760139417,0.19002889418377428,0.3091074594564157,0.1948483495221377,0.24747857798757647,1.0,0.32578685563078225,0.188553897818106,0.19438135825305708,0.3136515634795406,0.15605066842194668,0.22133677379989908,0.15408755180566389,0.34188047334079946,0.17178309766949998,0.1708756306550984,0.12452115962900769,0.22822021077776936,0.23399102397588278,0.23608177213314266,0.1895879847533345,0.22578551209843375,0.2803972412839789,0.30778663471423795,0.16372830685871595,0.20218808730519094,0.1287371571066489,0.26924529570174693,0.5357354756201977,0.23357279588579968,0.23300945142066498,0.15601022723043204,0.13491914860907225,0.18348977861276944,0.1491501752458418,0.14916505761657564,0.153159415570683,0.2378847549362571,0.1800656922954536,0.16483763631225454,0.12321549888147959,0.16318798767476766,0.15950358737933182,0.2886409367444111,0.17184723731369572,0.13929551966561876,0.13212377179895285,0.17037797364520238,0.16445871004976031,0.12355288175127288,0.17841173794306436,0.22057243249177663,0.16970660857155284,0.1687732055527902,0.18471145281688967,0.15894950669234253,0.15405822353898413,0.17568004364706952,0.11646418714634352,0.16095343430900158,0.22345910019682338,0.14508139230607286,0.14755216876154026,0.19391042192147037,0.150728288892279,0.18290813138228493,0.22770485676243282,0.13976651999580303,0.20354769274972673,0.16688427303807835,0.14450838769251442,0.18102694658527774,0.14816427447001396,0.21777029602257758,0.17425088132429686,0.20535517215472815,0.15755203948442192,0.23760655944398643,0.17080094086756223,0.1233005852301277,0.17602540001586434,0.18185197891061025,0.21003570294103593,0.1846430167110608,0.14249991865967512,0.1490291186411151,0.1867367291730624,0.2128931241928684,0.14496585054034886,0.1336530462043123
0.29592976784638575,0.21393436860668713,0.14243515646181118,0.3270913423138119,0.30941989966536904,0.15080607704138388,0.23476117378563127,0.16744692223487656,0.24459121014544574,0.1964226569600501,0.12469354813390437,0.1970607400805128,0.6480039572601419,0.28615227209263344,0.19466891625930324,0.32578685563078225,1.0,0.37622402094084023,0.5724729910088608,0.18570696391703923,0.22661085837143816,0.28202008922609223,0.2286414565132003,0.6328951940615577,0.17442644707885258,0.26121408351072684,0.2660580773383316,0.33571328275739654,0.35315096275968955,0.19482386973614602,0.23708021889765576,0.1837545843188246,0.24011267266272604,0.5984795225590448,0.3104390782305853,0.23883367915096002,0.27552474877040367,0.22631030944113195,0.3371165657630202,0.15593427010033659,0.3242230257269354,0.24275667163165887,0.2860015784224046,0.251638662760733,0.2425553806581332,0.2429697223159758,0.24974381762956202,0.28354413704878945,0.20209210178999057,0.2970696055087132,0.17282749579229206,0.17118172869834467,0.2531451039358913,0.2728361139089642,0.14009925877217794,0.1622877680994276,0.17374483393155934,0.2256581892329011,0.2548939775105087,0.16812556841484522,0.2371763469145264,0.49198421717201596,0.39043166113421085,0.2347262577375051,0.23488250923573176,0.1937960663802637,0.1665117621630599,0.4355982232790961,0.36684497980284325,0.3264197215670231,0.2610032801235354,0.2953259313737104,0.2402840799933556,0.20077313754680695,0.2796572411975694,0.19661824671993833,0.3079727908379108,0.2684229481185318,0.27422399616995685,0.30600610272898654,0.3605645940511614,0.27074155291362684,0.2842954152255648,0.39677614299279357,0.46856049162835073,0.34744091802827193,0.3790816578832063,0.4318956096803786,0.25680083713622187,0.20775744870105148,0.19029225119786222,0.22910161597531098,0.20847033103463622,0.3427105912446492,0.34974691481770775,0.26957933368389936,0.24118267178657896,0.22443140531577563,0.14631027853636974,0.33158057939912555
0.15996487627355724,0.10272819694059793,0.190586039493865,0.18680788357376607,0.14491578959649695,0.236500804636412,0.41610722776328496,0.3240546428595745,0.40317143262061256,0.2233750393582239,0.1619523560512608,0.3066512792949154,0.2615023177718759,0.3186378553204798,0.18827419284056468,0.188553897818106,0.37622402094084023,1.0,0.33794324838294715,0.49965431464489446,0.40395988002274763,0.1864208060469015,0.29101643564942803,0.370013531215288,0.2242815703854632,0.23384917239838007,0.2270304100419792,0.17632150089070409,0.34290859212785735,0.16411439607331627,0.2257708833777499,0.22442937011856276,0.149049446354154,0.5619271141562062,0.23255505090790796,0.47051092206189293,0.41992023357061214,0.24238271301265343,0.1577659905259984,0.24687015445005678,0.6063268125444725,0.187844174752065,0.2594491755254308,0.1386156439741361,0.09781378541567866,0.17244030863736215,0.1649656351799174,0.15221696057412631,0.2619407088451106,0.5428520305970103,0.1844384146549502,0.34813048951254105,0.12918044854106725,0.13214458653317507,0.3070265547881493,0.2905304542340402,0.32458889209722536,0.4045620281393231,0.2829594867452626,0.19647787690145266,0.24075691058708099,0.32194949964548486,0.44615180282605726,0.37509449607331385,0.29342155309152973,0.31854117956829986,0.24365984251078843,0.42660742552631153,0.61582255135743,0.6991885060375027,0.428099015713407,0.23246556484312408,0.3487205756212986,0.25464654503079415,0.30566582571152323,0.2165868000086502,0.22286153259695127,0.2838547232817539,0.2119764168848576,0.28270608311184137,0.4183159014535454,0.5552397512163347,0.13470180617720462,0.1790198221169285,0.20998536781368546,0.32092788186240995,0.3665057799351953,0.20811698582176233,0.5418319814523139,0.36201973826465134,0.35609541882791285,0.3058335350676106,0.28067748008871984,0.264980906105327,0.20931426969240477,0.15791381783338065,0.19630354190979193,0.19950003409303071,0.23675692517356975,0.522782509109095
0.31128724559361315,0.26708468104039995,0.26538445073578665,0.18490575604767442,0.21438419309672496,0.3038393802170923,0.23789167645028006,0.22223158573019233,0.2531268889871923,0.14827973903347452,0.18980786654230633,0.15150416443377895,0.346681214771389,0.3232557286472244,0.2534645384118446,0.19438135825305708,0.5724729910088608,0.33794324838294715,1.0,0.23999677239618827,0.3435442607750605,0.3449230369861733,0.17019442240163474,0.42242382687003677,0.1786817936352536,0.2674619677594742,0.3011377871683467,0.4746814586844251,0.5747442302327448,0.20481130372141684,0.21911905479280042,0.25502144404938104,0.18593424531291602,0.6535704602009514,0.4038082310136836,0.21315167634851606,0.22733900198712054,0.16165180545917474,0.17590048520090756,0.17275133449008426,0.28590952673756914,0.14789134342316967,0.23752260370138129,0.1622684870080059,0.15436691424592722,0.24470893147709571,0.23799078204042115,0.21956450326285193,0.26265425579085383,0.2855525278004638,0.23905269327560322,0.32621438174131023,0.3217882947776629,0.2699643953990171,0.2900397336821234,0.34114817928090874,0.24887418488417487,0.24734394080287514,0.22123386738440515,0.17259618468083665,0.19015507217227956,0.3354223872650101,0.20826066620249098,0.22924526435102394,0.3791861359417077,0.2286838214152258,0.24402631593857724,0.324012118326194,0.3527459398808121,0.248517459199752,0.31027293909437836,0.4223989309671356,0.1508793676282736,0.15085618748880625,0.1405677501000534,0.21556127182951054,0.4585213618332281,0.2995160217551202,0.2341773308204552,0.23770242370193184,0.2774780595491654,0.3106558449421905,0.21737040763883664,0.3504060144269529,0.4116721668367251,0.4272826070788093,0.30912603225084495,0.5392426726573549,0.22589025085562586,0.22029738384032577,0.24828934059913008,0.35244604202383756,0.2068172536643628,0.20239998231228223,0.29235169659398197,0.1407912449678187,0.2969129093454964,0.2943327005564742,0.30485864907602805,0.2964000317916971
0.17339301013062847,0.22271236922328996,0.2450472983242856,0.1300206782718567,0.13511618056744212,0.23861938677685568,0.3148249469357411,0.2525454028807649,0.25359521059546697,0.295492665000596,0.21147072992826932,0.3115327528900132,0.27171690868982273,0.41924746383456096,0.34538445206388885,0.3136515634795406,0.18570696391703923,0.49965431464489446,0.23999677239618827,0.9999999999999999,0.5023708102715652,0.3239720429575623,0.25213639461322523,0.1953291423059717,0.11295312220207361,0.3181732036743189,0.23667340846816567,0.24396302193514255,0.3507617143784131,0.2641105540097749,0.21836268511425977,0.18939768251774577,0.23212624036143636,0.26559464468663607,0.2927392227053704,0.40219049801573425,0.2414743724544086,0.14898270963962798,0.23427328571227615,0.20654470512011203,0.27723475230892647,0.17411678783884077,0.2918863185580035,0.2883800841246165,0.24371382079781612,0.19652996272307505,0.188536463996967,0.16149197567027115,0.23813810013194192,0.5156064231176275,0.1940346762481097,0.2749057906050831,0.14489338207298946,0.15670098120054873,0.22057233660546038,0.14986559556495668,0.18337642204402005,0.23038146668130277,0.11147640879709819,0.13968862530882617,0.13780880114707914,0.2137656139377717,0.26474458734997447,0.41755200104986273,0.33568829263128597,0.36185208456838036,0.15559950171727027,0.25200083466394335,0.39086577601820843,0.38732669508702666,0.6503041824620727,0.2117588137607045,0.25519298579980054,0.12633585318209978,0.13681836094475586,0.20651885013102877,0.25487720090821164,0.2235471763934612,0.2703946261842089,0.16470669745871422,0.2343284767700254,0.40087420655302486,0.26652418406461054,0.18757166213420834,0.14657601735577466,0.2631848661304694,0.21068516403779106,0.17477310632188067,0.29964683896388605,0.24967008343335015,0.20230156958479165,0.19192350136107383,0.17748278291147407,0.12001595725554243,0.14268259505997882,0.24624690642662653,0.18190968665476145,0.18649148380593772,0.27761359494766796,0.3517706762021917
