0,1,2,3,4,5,6,7,8,9,10,11,12,13,14,15,16,17,18,19,20,21,22,23,24,25,26,27,28,29,30,31,32,33,34,35,36,37,38,39,40,41,42,43,44,45,46,47,48,49,50,51,52,53,54,55,56,57,58,59,60,61,62,63,64,65,66,67,68,69,70,71,72,73,74,75,76,77,78,79,80,81,82,83,84,85,86,87,88,89,90,91,92,93,94,95,96,97,98,99
1.0,0.1708918643848492,0.26343404961061045,0.22345778882265263,0.27410161195629557,0.21286253670593525,0.1952705534491719,0.19036300295050979,0.4076129053529688,0.19259779099281948,0.46274318501756895,0.2922865505728383,0.3235432695438736,0.24358909756941471,0.22297349699220392,0.2385763976923484,0.3165153064294611,0.3068023671424076,0.17218441315671107,0.29734006253015344,0.2472468033184141,0.21579755025097896,0.24881033145072134,0.22707472446360744,0.2686248210529603,0.2645294703218324,0.1546908774136178,0.27035207484445495,0.1083249454625614,0.20773271087908546,0.14994064708568589,0.2567388166347927,0.18529483864997948,0.2168556384594451,0.13401157509412562,0.18023918613438616,0.24913051182904022,0.22695678842868056,0.21407004264709267,0.30780257510272224,0.24134640356522252,0.1838369072527567,0.16279771157473097,0.24670778437973512,0.08994110603831405,0.18222067133223413,0.18457397731240494,0.14895216041581272,0.11989373134117992,0.15599790714096728,0.5723518542524402,0.3069075929677934,0.3250887423829378,0.2773863128215342,0.15917507963410793,0.16650000223077624,0.2199580035599061,0.2337031569839307,0.2135122561248596,0.2699118415948746,0.2720617901571395,0.33035913592260724,0.21084679961078764,0.20210421777773044,0.1907628988939469,0.2831156896786369,0.16742302242386817,0.31034017690998833,0.19772872020277898,0.28459007751906495,0.16653126841418875,0.17334483669781853,0.27986722685459964,0.19662665586656466,0.28967323026471054,0.20449192814654316,0.24924422113187505,0.2867140583338234,0.18287499790117553,0.30387519468224505,0.2965278756389682,0.25525643166384215,0.05358522951950597,0.2987292046296127,0.21612437716088037,0.2936871132321302,0.07540700822686995,0.33741822621340434,0.17155195469886156,0.1840505422383087,0.14686055667324815,0.2552885260953948,0.4367026019909919,0.2868037424805307,0.21615780521860445,0.19991643394107522,0.14945993508771188,0.18201531507020938,0.0952309781376378,0.08455923136772614
0.1708918643848492,1.0,0.2746948561001306,0.42434331297961997,0.40445483191176257,0.21379746162658975,0.4284506747077899,0.5137739508659078,0.42376314516843566,0.3184837102706679,0.16626189589253004,0.1826304694137945,0.19740930157554856,0.18289625663428907,0.27021282933816326,0.5841095114591945,0.22846191361039703,0.32428977914313617,0.22647509093472618,0.1951013560276687,0.3991668494320444,0.24676094829204903,0.23829973282114475,0.1978225665178305,0.1318680310916049,0.09526414301016461,0.3628432487150117,0.15711347985256652,0.22855936841925872,0.25786593993369794,0.24471629079843105,0.18110560526354277,0.21987879432048305,0.2657124900598434,0.28727555434008173,0.17174770864812167,0.13547867200470917,0.20630448165946208,0.29794334310709014,0.29904679831458053,0.23513022806506814,0.26124654238978917,0.2581425872865215,0.21708517560195825,0.34368294448589365,0.2678110107532529,0.24415109660557846,0.19444062825086494,0.2222711347087727,0.23345622039098313,0.14056117197518267,0.5690953863789793,0.24168710097277682,0.644877171082468,0.31939947536856617,0.2211103712189857,0.4671432442610336,0.44634496935139684,0.21818167141352182,0.17368762016958994,0.32123690835978985,0.17801406827201052,0.2325651516943578,0.38451553924572457,0.22162811849989122,0.14326872977770896,0.41012520246577155,0.2213197168833584,0.3020079504312431,0.36797520795471933,0.21183755557456654,0.3776574978931407,0.1560818747565561,0.46193852528514434,0.25678752395551646,0.19469169599555433,0.10152495386249001,0.11151659134202653,0.2119878949362669,0.17047553216853506,0.11053021077027977,0.24045739045933429,0.26212932970211394,0.2849428483028416,0.2970609932103525,0.28356282723153675,0.1766604170004563,0.12092859190560465,0.23005314644057112,0.22468975630973725,0.3174202318376619,0.19847609911660505,0.1568241558533242,0.24021975859483977,0.2743035203377852,0.2205809768160271,0.32519384377270844,0.2521911561657395,0.24276109509733043,0.21596980518027528
0.26343404961061045,0.2746948561001306,1.0,0.317033303312569,0.32936164462927514,0.3972373480414801,0.24517323149549744,0.370434959773286,0.2309313786940209,0.3129370072580001,0.22461399440602342,0.22845736510971626,0.25123398052311124,0.2316870828857248,0.234387659337278,0.16310312997908055,0.3482387363777997,0.29444313123054644,0.27322366345491433,0.19616270701140817,0.16913017854854806,0.16116878130074885,0.16839322803423515,0.2421582016671119,0.44991800398979304,0.2472815227309277,0.1712460968405948,0.18085917018220368,0.15182826452003179,0.34178519891725734,0.16608868511754032,0.3420412742916332,0.2597608421171438,0.17536855662603135,0.20228988644434812,0.19801553427935387,0.3307897357263093,0.17807373910996105,0.30390621960124825,0.1984755218094061,0.26718322120249627,0.352465244989293,0.19789864539456825,0.16937925179602586,0.2892610331684303,0.2006511864662294,0.15990732584262257,0.17618469328530065,0.24860317284374917,0.2205547115507139,0.2231770206411553,0.2541147308680818,0.23140311188188326,0.21558597361910897,0.3930872304027945,0.2221754697023033,0.2917762432083835,0.30262404803116777,0.3773872295596497,0.25837655266412235,0.20155174955743155,0.2122711710588755,0.44762822231259125,0.3343684528595955,0.39934313037282354,0.3387722227076511,0.22940146402039885,0.20761005582331812,0.2144996686886631,0.16375806399189333,0.16415549923577663,0.2269685735606668,0.41307229042091215,0.36444118100071055,0.33295037834897356,0.14262758465441253,0.3103396504942614,0.4556069320987356,0.3895437536074937,0.3829407321722116,0.20702561672487954,0.16641253494763605,0.2543453295404745,0.15616962495628567,0.19880735656474363,0.207349873456978,0.13851995979203113,0.28340299561138055,0.17805175114024072,0.2586489026703383,0.25421141686695087,0.38855541851019154,0.30589184329470054,0.36505880137264096,0.31924747345388815,0.3016451740234712,0.183500369799772,0.19275016831970268,0.19904033422346512,0.23643109802509243
0.22345778882265263,0.42434331297961997,0.317033303312569,0.9999999999999998,0.49247552573344433,0.2710335695577741,0.46793623174739224,0.41800081216743074,0.2777229831605237,0.2773979998187314,0.12725440909482263,0.15197444252105602,0.1681960012617688,0.1428547159061104,0.22236675367615374,0.4292470003103228,0.3062062551556915,0.361349305245376,0.28637083824464993,0.27803062422336305,0.1767023656735892,0.3251316938123256,0.22654572376601154,0.16132764982526215,0.35102983458824977,0.1861568269725754,0.1902134586379771,0.12858235883273778,0.17894645256239583,0.2340773982257902,0.33177038159716044,0.3798152618003715,0.3692999368956353,0.281911955400061,0.22759017179983287,0.192921025435651,0.2592591110077438,0.22089107434585253,0.38962531382972565,0.25434126906031534,0.1696789432897531,0.316974543681317,0.2591672486923101,0.14064784690654017,0.2660324911605331,0.1653589957866602,0.21239820687448463,0.24965275187601632,0.18094042444723946,0.17758379024952511,0.2010785864437341,0.45092078602450425,0.26300011003968354,0.4180898097559036,0.2242265670109455,0.22342858120543482,0.4013873615642227,0.327386922621982,0.24989336775260101,0.11992705953699175,0.26583034525155314,0.14855817925742537,0.44126407685683483,0.36708958850327567,0.3074024459968916,0.3270407933473398,0.3182262968003367,0.2450909520375715,0.28683292540961225,0.22852742922408456,0.171599204629808,0.3007338098867137,0.2476200592229524,0.3572420310795608,0.3468998269235433,0.22209572583936363,0.30348779564472195,0.2874867332555363,0.2616735170549464,0.27502512228556025,0.12146378418760845,0.2394956005308629,0.22443113694151004,0.1554358534653643,0.21867223023726953,0.28889827227887194,0.21690230210566763,0.14500906938499744,0.23324515662832235,0.2699856943876681,0.21706544365055572,0.32329451928023356,0.31177108506888945,0.248461325288596,0.31889807246409124,0.17122232117188976,0.27833839824117673,0.34805010312822243,0.17544495440091026,0.290442173819296
0.27410161195629557,0.40445483191176257,0.32936164462927514,0.49247552573344433,0.9999999999999998,0.24062030604589615,0.29334901653773987,0.37186617270735506,0.23170249788411146,0.17920142966319635,0.16436795618613603,0.14672545008680518,0.22265061012682047,0.2668139926005673,0.27221860356020666,0.38483743405879295,0.29916815858735124,0.31423397644211365,0.2863550767534122,0.2740499740951392,0.28195547938686294,0.3188438439827348,0.288645765326605,0.25292986096276426,0.1665775727199932,0.1451911056118309,0.2180668182353014,0.16641957164169696,0.26850107524977807,0.27085080914940457,0.17006664123063173,0.16237292491889044,0.2165974526085341,0.3440266700402834,0.21769491440551522,0.19894278051289235,0.1382811119553008,0.1693413717955276,0.2787670607344401,0.1678298998726317,0.1654902265470923,0.2567148219342465,0.2649568052892219,0.10310979907982995,0.20715550708325856,0.19205509349681024,0.19530873169909196,0.21099793825333243,0.13906490057900478,0.14562497997903828,0.27626511535394627,0.31567333996678865,0.22389711864767048,0.26334814477735496,0.30325388780400403,0.2231211913499359,0.34705360758148385,0.3132492546795919,0.16527358949292112,0.1229143413203332,0.2642943953173209,0.16640497777211344,0.34001171873834185,0.382631107969564,0.21370872529168528,0.16498152378624623,0.2487748663127612,0.2840974235289051,0.20332757370456897,0.17918951996715488,0.16577021121216792,0.31894582573161445,0.15138369516718486,0.2872049794419281,0.30285786328877157,0.13920125110941978,0.13197762460324447,0.25556912964947753,0.11563969951416768,0.19340122547054098,0.13709374197806412,0.17532225977876106,0.12618498229898026,0.1700518308971472,0.1917611918700715,0.22515999318919422,0.10318297592944109,0.1583498243994449,0.18703508828083373,0.17097694069012925,0.16711856655903007,0.2244394201854216,0.22816738262784186,0.22634139177236623,0.3027390367798832,0.20948890558263158,0.21771638478604077,0.18326974741918492,0.17668855086349616,0.1271003388001827
0.21286253670593525,0.21379746162658975,0.3972373480414801,0.2710335695577741,0.24062030604589615,1.0,0.26126783060468,0.34987523022370576,0.3831937163248854,0.23737767258081396,0.1065336318234022,0.1959518012466298,0.34357869845778466,0.17720343888104445,0.2424866390532426,0.2452259035378989,0.2735026453933558,0.2581728754338125,0.16282891885423795,0.3673649261812273,0.2275639341502894,0.22503043948920728,0.2537447636085248,0.2642911604010194,0.24092607790083365,0.1410300465456747,0.24036116562265594,0.22378058187976746,0.31662534772079237,0.41644258783414395,0.1224661541414627,0.2209118300610046,0.3034644404435496,0.20497525111111561,0.28122102870683624,0.3751618136276101,0.36642263890092347,0.22289114680277716,0.26780376441748593,0.18739311078440019,0.29861077836228717,0.2710133788231969,0.2151577530922942,0.14790747394105674,0.3172902699631672,0.322313102849373,0.14029485472269185,0.26050611322902095,0.4503799074429912,0.2864650750229805,0.24558858937466616,0.2269109467803626,0.14341462384699533,0.22558529639131975,0.6440184390897137,0.5949515026400511,0.30897029247175944,0.3158194865400088,0.2206008571061411,0.12644933846730044,0.2859984580648496,0.3118931444289792,0.27840931683589515,0.22478168991108716,0.2529067238383265,0.2227457362519351,0.21544223841716093,0.21935281687150426,0.15376413790824517,0.18702479501346786,0.26049121838593176,0.23846692089694724,0.2033364332728471,0.37601580312614125,0.318181969785389,0.25506520307589586,0.29227497704208044,0.2522229271442702,0.2448609670434081,0.26092058252989564,0.15700991638861855,0.27230006075533475,0.25752864387611424,0.1569214742524015,0.2544677592897664,0.2656491872799721,0.20753461275251173,0.15035914944856815,0.3823141660440925,0.20272693418056428,0.2908167947928675,0.26378246823364826,0.27313352806590374,0.232314927673239,0.2335154408751473,0.13982738451346857,0.2787639823407311,0.28776277967740804,0.3416211720881648,0.2733178585053616
0.1952705534491719,0.4284506747077899,0.24517323149549744,0.46793623174739224,0.29334901653773987,0.26126783060468,1.0,0.6488700279153279,0.2999363500688398,0.2738728119651592,0.18918204212668271,0.30064018196723463,0.19572626357144138,0.10062362399248023,0.22297513453681445,0.5071860390992984,0.4515489001773394,0.38853544274044816,0.2813371509079139,0.26203498769450323,0.30358485538291263,0.2423159348066709,0.2649915709539161,0.2384403167511591,0.26052567699932977,0.2231586048777866,0.162456459913007,0.13387004825135113,0.2347674427252469,0.34815853287049175,0.22291288689361746,0.2704081726015502,0.31423902325122977,0.28982819796236375,0.2109959714687829,0.28397095207624123,0.2506461873310913,0.2173784091001224,0.44906627726882875,0.2134355733686893,0.24009453181561458,0.3317039324088715,0.23514948675530326,0.3551250624340275,0.30625242882182246,0.21402449250729735,0.21112807395367186,0.3516785749266756,0.22745609967216496,0.258193447484502,0.15940828771958113,0.4658192087044358,0.3016425579340629,0.4491008347504101,0.2342099258682128,0.2070614828107042,0.5564273424279685,0.5027724915641028,0.27398163495934447,0.28139308930179907,0.3478747728025706,0.21299596797850584,0.33578018230981604,0.5550593315996539,0.42776367868827964,0.31760101095047366,0.3406833246650501,0.2456211991250082,0.32251068355839163,0.3492018605283481,0.2600199735751334,0.24996394652036236,0.23302007938184627,0.5582287584423837,0.35915698745521735,0.2779377902323431,0.3764042641834012,0.2976816190762903,0.29518376415695563,0.19438040058339387,0.2022849728646165,0.22236590182930918,0.25510465141314975,0.17832372497461732,0.18880644427621307,0.25407602739908186,0.25329629037181334,0.19355084539537074,0.2699958387158771,0.39508480635190557,0.22659457927891358,0.23423982548666478,0.23034168246810025,0.38303546497506824,0.31741079442174236,0.23779137514640508,0.21387262359113623,0.3283801501250373,0.18177241129307306,0.33885364804723733
0.19036300295050979,0.5137739508659078,0.370434959773286,0.41800081216743074,0.37186617270735506,0.34987523022370576,0.6488700279153279,1.0,0.3254564566658862,0.2512424827582667,0.17263193178077968,0.24080972217287913,0.2475415703662503,0.13197384138010798,0.2559299871346035,0.4445352880270658,0.4264364884831406,0.40816211190826845,0.24568203520995674,0.28641948310804355,0.3469147781230231,0.23618623148621687,0.23046692085268156,0.34766476700337134,0.1745294685233616,0.2110209735427923,0.23306158305903393,0.18024360560194233,0.18875329761489795,0.4218916915942363,0.14313861929440216,0.19423180010954366,0.2816195552409208,0.25065990163641705,0.16754933364641578,0.2695370178461236,0.19350752988581763,0.16622219976023572,0.44556922722597836,0.17963081898873498,0.172332523715314,0.2596485048134309,0.1767435367611846,0.20683432664282375,0.2780257292532278,0.22530499864909923,0.14299219515465283,0.30316340969906475,0.15565029889245033,0.16098993516891963,0.17081837541265374,0.42752597849843793,0.22386091624872742,0.4470276853429868,0.33354234969916524,0.2468001555777785,0.7448252198890206,0.6162506016936875,0.22197918860630908,0.218854249620977,0.3429333694585468,0.21698108862924256,0.34082702333647696,0.42046284546698964,0.31807534497756523,0.20034339947758173,0.25501645689163793,0.239149894224534,0.2725809206411656,0.30301544610317616,0.2416824335548545,0.23656077799181027,0.2427621719654944,0.6632498328651657,0.32944652940102553,0.24203802381847617,0.3274352200001068,0.2891811879829829,0.2277347402172688,0.20150588829089708,0.21405013924408084,0.20370563557134763,0.23554575029580307,0.14809249421762077,0.2175741195247271,0.23569131086469122,0.15646602587688213,0.15449587149403005,0.21773646258938215,0.32108232975286793,0.21301982301681566,0.23446555909714872,0.19482509678483456,0.3263785076165835,0.2737230365847295,0.21117542928125926,0.2633731436325145,0.30079323419661425,0.1340474652151082,0.22202024023238562
0.4076129053529688,0.42376314516843566,0.2309313786940209,0.2777229831605237,0.23170249788411146,0.3831937163248854,0.2999363500688398,0.3254564566658862,1.0,0.34886541769441737,0.21365484820199285,0.237567637153788,0.2017132813065058,0.20717663676075473,0.24493655746039045,0.4151261715606162,0.20536098085838592,0.43110925016807994,0.13190034505626827,0.314680447656807,0.23375602419625066,0.1547803714352135,0.24608182540521284,0.1627389557206726,0.2546584949934156,0.2181719265198554,0.24974373962921767,0.17160706685552132,0.19896348961981394,0.1609076334012106,0.296970648203853,0.3197304437228409,0.26025840542481155,0.17507479600842935,0.20919587495774836,0.323420613992823,0.289375644414372,0.36643954564832026,0.24815092199024733,0.4653943881185397,0.29615594059019645,0.23435902187214985,0.17291537255588485,0.25661464987088406,0.2125326052589723,0.23332888228335447,0.21952244013591055,0.22646481147879716,0.2759054018042137,0.317116978811463,0.4337897874955705,0.47299014492840225,0.3286946827895838,0.4738750878515254,0.31864702031465053,0.3406665165570108,0.3093957449327625,0.4791982259126303,0.38377322821597093,0.19922394052651224,0.3789541325739261,0.17459990584370122,0.14309614547895594,0.18570983124145612,0.17280004387341596,0.23162326112622333,0.3889124070465115,0.20744634410138788,0.25786509767206156,0.37763837885934304,0.18927034889187025,0.23447763391932794,0.13597753193343312,0.3095505088983569,0.3195332049141755,0.23888488606879946,0.15160715118824283,0.19214308320915333,0.2571965550288203,0.30448719455338763,0.23101888081928645,0.27709415460283154,0.12727159304385818,0.21425923351546564,0.2294854393831125,0.23055093316681555,0.15778776992967924,0.2954278246659345,0.32642384548342945,0.25557511762445384,0.23978794621202104,0.27007634059572916,0.4148466438513569,0.16625581165137837,0.27051291886078754,0.17551905072081986,0.2116943897196336,0.2082348497610335,0.19504771912132038,0.22293660672108284
0.19259779099281948,0.3184837102706679,0.3129370072580001,0.2773979998187314,0.17920142966319635,0.23737767258081396,0.2738728119651592,0.2512424827582667,0.34886541769441737,0.9999999999999998,0.4617796883102995,0.4696943482653649,0.13856299838349687,0.17890518929751742,0.2408984350607138,0.39588887013976815,0.18467913082754525,0.300120673276418,0.1479123798047579,0.20337692166712706,0.14362539743538233,0.31137538731334113,0.21454916023637327,0.13150799843288452,0.3520170864165033,0.23057038329323395,0.17238362743084423,0.12188398890913077,0.24176563236482337,0.16046976516977018,0.4691945992725879,0.16713952725265196,0.3078368217662152,0.13579124681349042,0.19443522229967056,0.23179089181741006,0.3340202996295943,0.2734721100433124,0.24500267245587423,0.21129501563722422,0.22234408740858141,0.4094946992868178,0.2510871249530171,0.2854588598305414,0.29946174249464863,0.11468141632997596,0.19955607705136721,0.13977525418246242,0.2477493975802353,0.2969995554921179,0.10232795252158694,0.34078412493691645,0.21882440772896894,0.21983781728511223,0.2271593885796627,0.2493783609777962,0.2574579590732595,0.39964174804540703,0.6826743860397687,0.36450605577529305,0.31352838776722963,0.13226062754224124,0.19202894755576302,0.21408277174237864,0.2288658828339799,0.2548129991697438,0.3093863290922578,0.12047465974934204,0.134066115347959,0.14313727406444302,0.1791402848567632,0.1967214038220865,0.2944861969356007,0.28311747383095237,0.34274881993242545,0.21352688174473655,0.18170397137134364,0.25150629987406886,0.49695326907051246,0.18997578460589834,0.158996458493972,0.24119361328019895,0.2414087410275218,0.11840106983244511,0.17511831341058798,0.20748917697666494,0.2684286787817262,0.17492881573778152,0.2261561051635766,0.27685246588601814,0.277890159305775,0.221960913805811,0.16056306589666447,0.4335406377966776,0.33448024394859127,0.31397449751799855,0.15680575481956896,0.18048271765826046,0.24552405413579015,0.3662896204828382
0.46274318501756895,0.16626189589253004,0.22461399440602342,0.12725440909482263,0.16436795618613603,0.1065336318234022,0.18918204212668271,0.17263193178077968,0.21365484820199285,0.4617796883102995,0.9999999999999998,0.6723527674986619,0.25094466878518984,0.24588767470066303,0.2642038176904904,0.1832102012882625,0.29240973921900476,0.2357355586105296,0.1761714127398526,0.22728669615483227,0.19177170412407663,0.21304177166324278,0.28292560147968143,0.18631602910571765,0.13492962176784667,0.4308463266124098,0.22942844989614797,0.16951215177731033,0.0721713973873977,0.18183805246870677,0.21812633171109871,0.10375384879201976,0.13217333130497955,0.20220062373662837,0.1731407474389925,0.15978586071393075,0.22685838928700022,0.2027361289081002,0.15836919776807643,0.17731517527000748,0.33877357132232316,0.14119742201157004,0.17161340086897992,0.2721531510766564,0.16483819577406209,0.12598433634760514,0.32636080553563523,0.19622549532906727,0.20334591358661347,0.27067315644445866,0.2903958972416712,0.23266763883061323,0.3453387696310011,0.17525735112699514,0.10200107038417355,0.1079566159599738,0.2098467904993508,0.21573646539412036,0.36309559995334373,0.5818604229514774,0.19141353986706053,0.2849787878586913,0.18669453586279153,0.2575748171266946,0.23702231858104778,0.28239144101831326,0.29434975640883326,0.2533458124329681,0.16358753895712105,0.19593522087436796,0.11494676471213479,0.1760928454556941,0.25882144444942745,0.17255478840559496,0.23304534611172142,0.2900076502412993,0.2172124351556927,0.31380386971763996,0.3710391014074997,0.1889576373250414,0.3092964503785596,0.33230188914142955,0.20289437160331886,0.2803360600767597,0.3168644111899385,0.24624363649557493,0.16234171944056885,0.31440838534370863,0.09724513996459073,0.31811502976079503,0.2414784531873656,0.13137345811184714,0.24114007171905671,0.34796968447586923,0.26638417707091544,0.28341049392430917,0.16093754854445805,0.26343570355900653,0.19651729982799765,0.1783846335551859
0.2922865505728383,0.1826304694137945,0.22845736510971626,0.15197444252105602,0.14672545008680518,0.1959518012466298,0.30064018196723463,0.24080972217287913,0.237567637153788,0.4696943482653649,0.6723527674986619,1.0,0.1591441302450446,0.14194966110839968,0.2969824799891165,0.28082524558477534,0.3052139968704767,0.2804931623089873,0.13707338427725213,0.16917771910877769,0.10444958153536885,0.1390526924911712,0.1618401634826737,0.27021989091722115,0.1849943838210194,0.513886337071901,0.13023666303971015,0.1700770144723183,0.10312126852025806,0.19264987977068707,0.23398209536385695,0.14212458092924415,0.16371804894964823,0.19708283824260062,0.1071857814211146,0.31561616017211674,0.20510930454842827,0.12888545325211437,0.21299393212496007,0.1540265076386179,0.273127225738927,0.22373402298086806,0.12834423627976055,0.32239320005902616,0.16805012631317928,0.08606272797072549,0.25701758171713096,0.1886213001932649,0.170878937412645,0.26127921365021106,0.2288493079731023,0.21980309863310074,0.3530421802770407,0.20832688400517863,0.17268790477631804,0.15726279149462088,0.3305573177575913,0.3047211743603858,0.47922456706754324,0.5896663559078683,0.3213273062153006,0.24679101724405067,0.21427590128076843,0.3268588478172191,0.24242461615298294,0.2654762261124769,0.34106974344954855,0.24854880544888788,0.2368892261878922,0.2465240036865901,0.1322509938720494,0.21998488143483544,0.13754222850424383,0.33129005441157244,0.45169188753043293,0.3894683434846724,0.30682138859624714,0.25055389666007355,0.3329891199766836,0.16922250070634434,0.4049578006515645,0.31211721361170686,0.21855520353696872,0.22898550002626492,0.20943537081849783,0.2642192196117819,0.2182514938362784,0.23323240643212406,0.19260674951771603,0.3606546432605693,0.22137271047244728,0.1565342260347357,0.2977652198679794,0.43666499195895603,0.36123632449905313,0.3688197223615511,0.11541472159682778,0.24461698474651308,0.170453811784257,0.21781830808226618
0.3235432695438736,0.19740930157554856,0.25123398052311124,0.1681960012617688,0.22265061012682047,0.34357869845778466,0.19572626357144138,0.2475415703662503,0.2017132813065058,0.13856299838349687,0.25094466878518984,0.1591441302450446,1.0,0.37165620341433375,0.24817146878295354,0.1870996519341515,0.43205315263962457,0.1463435660983993,0.3386240070345208,0.20861488896355582,0.2782541765407706,0.3599584248341515,0.17486676511512242,0.35395562365952,0.29820302228281914,0.16407231110412693,0.28094801670774916,0.42132582896633664,0.10019808315115154,0.42209016357539464,0.08153299048673493,0.13053415893728662,0.12735147546315578,0.18179086496561725,0.3104529229748583,0.16671012033560936,0.12408761701108428,0.3056342273649683,0.2975972276856951,0.14868119373006244,0.34676564453174125,0.2251865321748945,0.34197765531745605,0.15832400765268895,0.3230210287544259,0.40940254718376035,0.16053027452752172,0.19131557231592083,0.16249626921032254,0.14965080641720815,0.2823806117413122,0.13615462965615543,0.16552879080158575,0.17689720394684627,0.29050598123793364,0.1727618608537217,0.19101409091482122,0.23741998397617964,0.12035476082537595,0.16622525947655487,0.3328198660826865,0.7110877308231609,0.3763948844347631,0.29971545696374446,0.33453528826966755,0.3163188530052321,0.1437999324458411,0.3344422099456136,0.22400661594725524,0.2375611855608964,0.19106715072466557,0.28097448136801323,0.29932220215258565,0.28498968980201606,0.20493858055971675,0.193518622427525,0.21954083696623522,0.3835041512706303,0.15385341288156373,0.2148272012441436,0.2590909134654565,0.2649214610883037,0.18633696774142558,0.3099096425822843,0.24888152885585216,0.31596933022647333,0.07906670541302803,0.33136935137114215,0.1543078389624849,0.13849844281804322,0.19851228870854964,0.23763186314608065,0.20538845664120323,0.26322284790691913,0.15801280252119365,0.19499971307027245,0.23404820001971327,0.19225504437710017,0.12235939336708672,0.10084102515032894
0.24358909756941471,0.18289625663428907,0.2316870828857248,0.1428547159061104,0.2668139926005673,0.17720343888104445,0.10062362399248023,0.13197384138010798,0.20717663676075473,0.17890518929751742,0.24588767470066303,0.14194966110839968,0.37165620341433375,1.0,0.1516941648551097,0.13668094551017257,0.1844220156008597,0.1755726426277412,0.5628657576503093,0.20130158775623455,0.285861568622124,0.3338336423487084,0.2046960429986566,0.15666992716211625,0.20498022259803503,0.24399239796939381,0.3214058082540808,0.42377316908917106,0.19317204275728733,0.1176063742326104,0.14643192330356858,0.1247896925292092,0.10072717775376847,0.17166492079545378,0.277489505876069,0.15763945116919348,0.1108882168476664,0.2510135643879084,0.16362500207739938,0.18183637091699298,0.18916176359332132,0.21155422890110182,0.2991916944480213,0.1478261222861322,0.262686840802558,0.40723992135658516,0.4259863935850345,0.25901369136643315,0.23735026477012655,0.1431175087377119,0.24047515758669247,0.1110292797777242,0.14698277550316483,0.21069583377061674,0.15561916575490395,0.21678765539404998,0.12210562009580753,0.12171845685379451,0.18293003491680337,0.2551141576938948,0.13197374993708458,0.15346465956692198,0.3244523363437474,0.2765235090769468,0.2787013397611746,0.18940989328355895,0.18716866095229598,0.2789299362763429,0.2198828965387192,0.28028857044173094,0.2327793805361227,0.1734440577596757,0.24868353219458111,0.14441448236514998,0.14054897406242417,0.09250466315797871,0.0925402962843882,0.25979244574515853,0.10478564751578325,0.1699230537654282,0.22047231017479835,0.14241158723467143,0.15985450644268426,0.19611536736866078,0.21434387756506687,0.1573543504781707,0.2030001323693286,0.3834030281318241,0.2625745659124667,0.15032390855690822,0.19271640413915592,0.17801399508410998,0.18638365215709868,0.18686040408574406,0.1258430741459469,0.25093722895284487,0.22167023585137816,0.10116041267801733,0.26776833239205605,0.18665750918490964
0.22297349699220392,0.27021282933816326,0.234387659337278,0.22236675367615374,0.27221860356020666,0.2424866390532426,0.22297513453681445,0.2559299871346035,0.24493655746039045,0.2408984350607138,0.2642038176904904,0.2969824799891165,0.24817146878295354,0.1516941648551097,0.9999999999999998,0.24543254647770774,0.2909519270845496,0.28393491750511113,0.13022222576644538,0.15936198904623466,0.31654183885456166,0.1994950339666707,0.32200169092089603,0.36294860463655126,0.2102721223488282,0.19905698147138595,0.22707312689206027,0.12768733526570036,0.22814144409447967,0.29871348247543666,0.2612190560739026,0.20999240537644584,0.11550330847219303,0.2413297952819881,0.1605950020300876,0.24761578336545387,0.2175229994253671,0.15085444017096833,0.21668796843371851,0.22074581223806308,0.18190738884587845,0.262962397089757,0.22346189043474274,0.1670419720367549,0.20041372407602254,0.18472339179168573,0.13837962290204453,0.19031979713042638,0.2171505513187468,0.11962389561105952,0.20072089199610246,0.24570204307465657,0.3334420479011865,0.17589891698911123,0.3063226482822153,0.22876518152779216,0.26505838551739064,0.40984189659787135,0.2628894842566177,0.2159387509988676,0.37337007514089243,0.3077750537196447,0.2727745525165301,0.32291838116336524,0.2580006857526387,0.27530689704179917,0.16919843671224385,0.31694798535271623,0.2205420769140373,0.14957033160858935,0.29222426014462743,0.16616602303535233,0.17552085309436716,0.30275053008447733,0.3538984769275081,0.22948556081437507,0.23468752742010748,0.18808486774085809,0.19505820630487133,0.17345798823571026,0.22648569343764857,0.128275472728482,0.24714617801992608,0.2580579013175156,0.3318682608146802,0.24113250264189728,0.16566984650932973,0.18324024039371653,0.16709574868381533,0.23685448466488962,0.20478405101519914,0.19874568511304347,0.19344079374560266,0.3543624323012919,0.3114084141208897,0.18369728667748142,0.2919652559695703,0.2832125361757781,0.10817160070548658,0.14182014587125805
0.2385763976923484,0.5841095114591945,0.16310312997908055,0.4292470003103228,0.38483743405879295,0.2452259035378989,0.5071860390992984,0.4445352880270658,0.4151261715606162,0.39588887013976815,0.1832102012882625,0.28082524558477534,0.1870996519341515,0.13668094551017257,0.24543254647770774,0.9999999999999998,0.22682051935873362,0.5084789294104186,0.14465167317092809,0.23336087408499737,0.3604606862643161,0.33312228699700813,0.2713995409571438,0.2291561323181438,0.13576362458615177,0.17685026612665927,0.24228035885331986,0.08423851103749659,0.24152598296607927,0.16253516724496675,0.2777742239594207,0.198832228109203,0.3255469789442165,0.2592263020390355,0.3000177018293215,0.19547632608736712,0.22828510704206018,0.1717907961247383,0.3371169582729048,0.3623875648726324,0.10859310110126738,0.3398162484673659,0.29492167635814054,0.18755078237153647,0.3030580243020148,0.16801117188193204,0.25626174447590017,0.21209950676909128,0.2087870021549835,0.20836059001514443,0.20434541594349864,0.5504137481609125,0.33458049990848143,0.5158637239195278,0.2792082784140621,0.20566233505737636,0.40598555288234817,0.48484431220953755,0.35150688094641114,0.1499981313152992,0.43201499441423397,0.17764619902479542,0.2636961739596215,0.35903737777835276,0.19492646880972672,0.19718644308202882,0.3336876919265023,0.2284758214766342,0.3096740109218372,0.3895299284502144,0.24900003457580494,0.3688640824464721,0.12045518586912671,0.37509945881698914,0.3879720276841303,0.19812329888764083,0.13666016924123858,0.09907045284817355,0.2609295880584186,0.17388550514171813,0.19482897760123502,0.23950409234384099,0.16307814309120439,0.2202584848155371,0.2236909216424049,0.27756152867760936,0.23132431003957102,0.10561525729291499,0.24226889768657411,0.19149718888694733,0.2615631775841065,0.1882954475145239,0.22871132699175917,0.2866977729341238,0.2830274182697994,0.13737128333180904,0.23243820014673153,0.1835294536972782,0.23125825199341726,0.21378425102125836
0.3165153064294611,0.22846191361039703,0.3482387363777997,0.3062062551556915,0.29916815858735124,0.2735026453933558,0.4515489001773394,0.4264364884831406,0.20536098085838592,0.18467913082754525,0.29240973921900476,0.3052139968704767,0.43205315263962457,0.1844220156008597,0.2909519270845496,0.22682051935873362,1.0,0.34317809304711555,0.4034483332038245,0.2924825640748798,0.3983047321548406,0.3847578448370992,0.37464323774021513,0.45254550919628705,0.41212523875746343,0.3474863952102669,0.21973951775148504,0.24308853523335847,0.20489182650279048,0.4291253935662049,0.24117813038461844,0.32865565223448484,0.2505975316938551,0.47361448792207067,0.3902672045746009,0.33508845499053336,0.24045348651400764,0.26030156327407294,0.371312366677811,0.20599851767212343,0.37747587951483835,0.22604313516186686,0.3280123855646332,0.31991998015822154,0.28902896232729763,0.1637785578020559,0.2117221100264811,0.2496370088346897,0.25013949510401345,0.30877414327910274,0.2903796827983326,0.2557050920509526,0.21143327757571057,0.22670132528412568,0.18694196217724884,0.14392318153377348,0.40219971966331497,0.2729451839793502,0.19174539038753682,0.3296541712755308,0.2127994498887317,0.43523465964453084,0.4881875019371659,0.5070568466587452,0.4859389545978731,0.4569719509118986,0.2962389009368788,0.5351203335342406,0.5194548662653012,0.352387452123675,0.2709672422822812,0.4458227540823602,0.3732400041621887,0.4223329048494463,0.46953366161973353,0.33608596077099934,0.5344654597344108,0.5088267388226032,0.27287250762357895,0.33471468226273415,0.37797798876401595,0.25178548391296607,0.28628228245088144,0.319655290162408,0.20331445497471826,0.23084670850283093,0.1784180604822429,0.24780446647994003,0.2272055526382934,0.4672542008941895,0.2778286384605816,0.35698830346188193,0.3007490411887771,0.30054843711889623,0.2994717944935925,0.32131924830396347,0.23424138017656043,0.35890401284139245,0.150233641895273,0.28377288293074465
0.3068023671424076,0.32428977914313617,0.29444313123054644,0.361349305245376,0.31423397644211365,0.2581728754338125,0.38853544274044816,0.40816211190826845,0.43110925016807994,0.300120673276418,0.2357355586105296,0.2804931623089873,0.1463435660983993,0.1755726426277412,0.28393491750511113,0.5084789294104186,0.34317809304711555,0.9999999999999998,0.2554878570485383,0.2797669330598823,0.43397515777098206,0.3429440931598145,0.34743753037607145,0.22927160375062985,0.25629233954254743,0.2697312846909404,0.21639236657137778,0.1168652581631179,0.21783929854192807,0.2327069612999511,0.30858484310348255,0.2517284880410731,0.31012475289117475,0.4533568910831643,0.27022557890870824,0.32589928222073467,0.2552325793604035,0.09484304569649059,0.2313168149347034,0.2643617722601863,0.17177198710020752,0.33884220198434983,0.1604809536823291,0.21153725237158974,0.18248604221412598,0.14805422101991564,0.32274274263765695,0.3045293540556784,0.22653726889913736,0.20901640156878,0.24619533491376464,0.4697730560564273,0.41800573568030436,0.3634151516621578,0.3008114467320347,0.22290556936751477,0.4325148400155869,0.5256276523568431,0.3741520892076026,0.2006762720079284,0.3814262125585046,0.17544907942360286,0.28168229393992295,0.3052814622474519,0.2939414649879811,0.30044348299912005,0.25979914783324465,0.3902911867668122,0.32521571173654507,0.4775020637994779,0.2909414967712188,0.3180614251105571,0.2856920743963885,0.29386591864690986,0.5233132327295409,0.2447526408686086,0.261879052325115,0.2755382442568761,0.26684815324208,0.26876104635488013,0.2524911270458487,0.23813049245976348,0.12893284960804155,0.18973545832225203,0.2808997626439568,0.2632067591773438,0.20526733195653685,0.2458509372139995,0.30578896980437764,0.23364510272319283,0.236280649676089,0.2683092298918648,0.34481203293081814,0.3465177630996589,0.28797823484988233,0.16879577280068223,0.21518021483478625,0.23389618905956755,0.17313268282366676,0.204749041294673
0.17218441315671107,0.22647509093472618,0.27322366345491433,0.28637083824464993,0.2863550767534122,0.16282891885423795,0.2813371509079139,0.24568203520995674,0.13190034505626827,0.1479123798047579,0.1761714127398526,0.13707338427725213,0.3386240070345208,0.5628657576503093,0.13022222576644538,0.14465167317092809,0.4034483332038245,0.2554878570485383,1.0,0.16257783892483624,0.3863647060184288,0.2859249936877697,0.2123334441707185,0.1945673586877739,0.36167703140942054,0.24374111643142685,0.3386493164341197,0.3968728671857199,0.11391198173716097,0.20815863146564417,0.1626654236811876,0.24412284953148833,0.17476120785436824,0.3132742196476844,0.34574850073072605,0.151855538085735,0.0971618297660527,0.18744172743372453,0.34794344516626946,0.22335061542639897,0.2059406699242537,0.14713385266680415,0.29464417541753285,0.14047864131704665,0.30041483703944105,0.3327529175006942,0.3825973634452363,0.22816733418820684,0.14356329933982448,0.13164872156915103,0.17580765842944532,0.17196061089875644,0.20841286211183271,0.22643517858747492,0.1672764931416519,0.11978067626943137,0.23031390193733936,0.10295809015423014,0.2008356581374681,0.19643871546381708,0.1448713024204386,0.19254775975109661,0.442283289632106,0.41903444672151846,0.4592992113898833,0.3164273284346434,0.19714665353171099,0.3446826466352382,0.2212671407062239,0.17308075819248211,0.21550100419153081,0.23996210802256485,0.40162318655460355,0.30071525443944336,0.22656801834895038,0.08619685448183474,0.1851636847942273,0.45076199645043413,0.1485651057188485,0.298624721707023,0.16081527529387588,0.16848501272277774,0.2464300707053333,0.1704414293865225,0.268538199790805,0.18470071435337307,0.08294546172591999,0.36592556266568366,0.14527895459869564,0.22463747794293218,0.12169618603637505,0.32899895172180776,0.18343990288540055,0.1785503665443584,0.20141120931794176,0.29169529821673534,0.2714060613834561,0.1981769643769384,0.17792800539958023,0.15243153099285262
0.29734006253015344,0.1951013560276687,0.19616270701140817,0.27803062422336305,0.2740499740951392,0.3673649261812273,0.26203498769450323,0.28641948310804355,0.314680447656807,0.20337692166712706,0.22728669615483227,0.16917771910877769,0.20861488896355582,0.20130158775623455,0.15936198904623466,0.23336087408499737,0.2924825640748798,0.2797669330598823,0.16257783892483624,1.0,0.23514805860284207,0.24261482378369642,0.2988669729864751,0.2789767095040616,0.15988408241435298,0.22384696381303895,0.2504556681144314,0.2947259208687464,0.4963063694572079,0.31027878997571706,0.13951582215236188,0.23033890153025555,0.2812546127543478,0.30160040805038135,0.297526487019656,0.3683500248937974,0.548880290278762,0.28365492500028133,0.27866203107704196,0.16391175371094133,0.31850110093377804,0.2124972590548955,0.1951697903130764,0.1828570359263332,0.2427784625197535,0.23375331158172397,0.23785726512081076,0.3507479151976579,0.35984469669979524,0.34180987264041396,0.2887236222034219,0.2292975221096158,0.210983665583994,0.2859308712968956,0.26601145765477363,0.27733038977080465,0.2168172815495196,0.29016827643130544,0.15776147547170155,0.12864184432684886,0.1743988881423917,0.18673084650572622,0.1941153256551925,0.22444127277702208,0.20503887292555278,0.17832909925165358,0.30390669286665695,0.26052681615598405,0.21676253212221583,0.2949129870246709,0.4130174064758083,0.2248255841952681,0.26549750251408755,0.2990574530185551,0.2526376707663786,0.16624750934458934,0.29729137215190743,0.28645920514989853,0.23498022109326172,0.2577165212538461,0.20712876131267643,0.32762491255581483,0.20590721125515446,0.2261845880330743,0.3355395009583782,0.3167632260988233,0.30005607284071173,0.2933440569178379,0.5400308063608553,0.2863035792571316,0.14538396649764168,0.22274673989478425,0.259308553355561,0.2465298262039107,0.15202532278944028,0.15609929843114068,0.1973601363149891,0.3539551731434435,0.26312501959088425,0.28653169908167986
