0,1,2,3,4,5,6,7,8,9,10,11,12,13,14,15,16,17,18,19,20,21,22,23,24,25,26,27,28,29,30,31,32,33,34,35,36,37,38,39,40,41,42,43,44,45,46,47,48,49,50,51,52,53,54,55,56,57,58,59,60,61,62,63,64,65,66,67,68,69,70,71,72,73,74,75,76,77,78,79,80,81,82,83,84,85,86,87,88,89,90,91,92,93,94,95,96,97,98,99
1.0,0.11545043818309428,0.3173672172438979,0.16165727209508068,0.36861582949089816,0.19436325495278337,0.18447389742288128,0.16846564810868053,0.2825469441818697,0.12828736859933895,0.26739945948212057,0.16018130309441914,0.18706696299444467,0.20317192028402353,0.09913829218063143,0.1966218817596543,0.20598887711431504,0.2197808317064317,0.19742730368887576,0.33628944516972525,0.20134330945653262,0.23580068778094918,0.250833086201423,0.34961340906380706,0.17161474075667557,0.3707772922289347,0.22536586753387386,0.26389691274625204,0.17396525614314837,0.17234452105725884,0.13494325088504244,0.4070253887164481,0.20967607072663194,0.20686793400088377,0.2612970972480628,0.223860778141296,0.26513398841123215,0.27968027213509455,0.24866332828010076,0.16755053207017379,0.27021864060091727,0.2474268213869967,0.20111624252855098,0.30639416269521874,0.17334833649031106,0.22300515468771456,0.22615015051266202,0.18140620882298653,0.36850697979944347,0.3709751890727747,0.5604593572108603,0.12749159341121852,0.17623855283316123,0.12112739425291912,0.29636586137504356,0.15584102250821735,0.12180507263707356,0.39431514468243034,0.2430661234536608,0.4010589195512831,0.46232346614127895,0.22083630723731967,0.33852249984016164,0.31041009085840215,0.2630211196081496,0.15273413054792473,0.2106556326315281,0.20448965905043173,0.2934674559357361,0.23382477126318385,0.14043386479345624,0.36344273150398376,0.2778414571712963,0.3050223494576961,0.39218686815560544,0.35458501899053896,0.21526064395302844,0.24284569182185597,0.14987996056403435,0.28097756980709515,0.3027549147291222,0.37669667756745745,0.36461114546615536,0.2798744045161331,0.2565840950178708,0.33589882852442193,0.3609647647095194,0.12495239080846063,0.3139944599005005,0.1095964910963732,0.27054688253491277,0.2574964388566457,0.22082814375275917,0.2653271443221737,0.23670824143688612,0.26776684325113004,0.13288788698666107,0.21764053154260832,0.341669290879375,0.416362730051348
0.11545043818309428,1.0,0.5086231164886699,0.330568306026399,0.28612765450404465,0.3431016321030575,0.3455685449110657,0.6141427124560404,0.19612414316476007,0.11658047582708037,0.2922531520611496,0.15404922413108418,0.27757105296624396,0.1490722973188747,0.19662170259891945,0.5672042296074192,0.28476400482522896,0.3792478858885533,0.1049447158769438,0.2986942091410581,0.17059122570931742,0.1924013516065506,0.20547903813521654,0.2701377315298244,0.16271180818141112,0.11552020401770917,0.12070068109981058,0.15705350612700505,0.1865422828482401,0.12241184325838377,0.17387823026079458,0.11827343182699249,0.18392207128572757,0.362770056431011,0.2945314429202559,0.31248722241080107,0.19350341894868672,0.1890258230482994,0.2868370625753985,0.15992987098746142,0.24190716738511484,0.25637611389560094,0.15309544652840365,0.4573565468421552,0.10088005025941173,0.2900132209209625,0.11880098631590738,0.1693041153457372,0.15587139973571185,0.22196618636642892,0.16287326042620695,0.7488882503894758,0.32189967630014354,0.3348543285059208,0.4732962088038531,0.30175908135023455,0.370762057296181,0.34309847703297547,0.18459118993479132,0.13125513822017806,0.17069662384746043,0.13158292543680752,0.24021224690308887,0.15058080595573303,0.17290697187026802,0.21736259413094028,0.3399262651201553,0.1922454200597848,0.3796454049438303,0.4315190906606268,0.2434584239205114,0.26023583795267075,0.2970586164529234,0.17652519257976607,0.2602953435713491,0.16246359318037398,0.26183261149105364,0.20385753622067615,0.16352609745806723,0.14125737691166396,0.2841352729662372,0.19333509149965578,0.15538269748450584,0.24488193247438683,0.1649699691695009,0.2309582695469611,0.23206147660132792,0.1558627724143663,0.221794417185924,0.2258972654502395,0.09891194586555707,0.18140424763477492,0.09536157803010312,0.14746191861825061,0.1513236424567103,0.3620316188846411,0.2667366085351854,0.3083409562661565,0.1463554853511685,0.19655933792987412
0.3173672172438979,0.5086231164886699,0.9999999999999998,0.17324381295255342,0.4034600689690308,0.5849550763488653,0.3391392919991408,0.5299618886504922,0.4672494306416306,0.14449225097414645,0.1466842908871493,0.1312894711715405,0.16176073011608427,0.1501948690083494,0.26488725494923365,0.23974305327788015,0.10937482504092488,0.260876643316423,0.24475466714611882,0.36036487023429087,0.2605383463765544,0.21089704553778924,0.15163208641459366,0.18631335756391787,0.16031226461814266,0.13124945226064988,0.17158205563888163,0.11394425743745439,0.12518470368059822,0.14588250186272814,0.15438789050605586,0.20321109124327907,0.2514980955291099,0.18358259304891644,0.3054859912746962,0.32008872695076557,0.316142567022166,0.27300359163406585,0.3384426085049117,0.1994108112919158,0.2787611780207396,0.20562552499411035,0.22675801583092633,0.3188472938616165,0.20276703019735334,0.34643151975639386,0.18437605070703333,0.1596809289524799,0.16947688681945397,0.37534214375413977,0.27328852467684517,0.6138057351421939,0.14305175234394688,0.2142550228883811,0.6686633198855376,0.6823575853577029,0.27728164868684,0.6804206744263305,0.18108137973440702,0.15983880881678816,0.18782825947567586,0.19110999257606828,0.19238435587371944,0.17562073162344338,0.23188015619888244,0.3455356695544753,0.33253301023810766,0.165175385958228,0.1709194550824906,0.18499369444394612,0.13869386585229765,0.28076243935826023,0.25193802708374285,0.2417229573472096,0.18825975496287561,0.18584290467494446,0.18104275492803512,0.14645861939332716,0.159099184685001,0.246835505210077,0.17058973865689428,0.2424421910803932,0.20350513208140117,0.3024585157527291,0.13291893576811542,0.2670298875938399,0.36748110515538046,0.11928110833296952,0.34902623097028435,0.2747084943877553,0.24422107173226865,0.3689720491384771,0.22106607922911709,0.1455332691879037,0.16310450562604142,0.3262185380218587,0.2281348740830485,0.29005337764614103,0.19228740879966844,0.27332633761116104
0.16165727209508068,0.330568306026399,0.17324381295255342,1.0,0.31158746463288656,0.15359157533408385,0.43225453507112627,0.36615460613347395,0.17498617027332025,0.18246938332367754,0.21325096945373734,0.11576554890434743,0.24800909092274845,0.3644447932956998,0.26579670102663405,0.2559820684252181,0.3902516288805569,0.26111348025584574,0.22929060790933933,0.10254027139085457,0.17387878403621604,0.24189391580702743,0.3292776151150017,0.2860736996617778,0.20045998939672893,0.2217882487249548,0.1798576123374181,0.20197595678192404,0.29048766871840725,0.21015107696633073,0.16952836204125382,0.08123357144426505,0.15381374042626283,0.37042273977482204,0.3585756962210512,0.19976515008067067,0.15060728682745206,0.16784809863487504,0.23192421794659493,0.23360081220828263,0.2645949561845167,0.21170564486653182,0.13554282368936194,0.28651435303188333,0.2032531406361585,0.18835275197284496,0.19172761780725892,0.28164781824058177,0.2456024535331027,0.22131692350594034,0.09889246736877895,0.3029793357006263,0.3173192990529705,0.6905415904210359,0.14986765788611897,0.18643714983084575,0.35825829786831176,0.21926661887014784,0.19024703054477757,0.11163968941234069,0.23424395947044171,0.22456569213581368,0.3882714600963851,0.2673891957641513,0.28498350881797946,0.2569053675545359,0.2718793901308698,0.23124736696967452,0.33154953836809,0.27083961955363656,0.19428633906823128,0.33414636910048756,0.4158625869512204,0.29138784590566186,0.23995580712023112,0.20000657134384256,0.3981028056530036,0.35398717857067563,0.2258281733534562,0.13678850991363556,0.3962992083504649,0.14176423899590773,0.22691463924375835,0.2700523814081739,0.3344320662257967,0.17266308875136083,0.19407433082047298,0.17884477620349715,0.10556049448260287,0.20243930885777706,0.22953318722940688,0.15466341173775378,0.20031021597060475,0.18641797516827027,0.201243606637534,0.2512255442736945,0.21583112151839196,0.28370100640258095,0.1974697317969105,0.23154326791225646
0.36861582949089816,0.28612765450404465,0.4034600689690308,0.31158746463288656,0.9999999999999998,0.25400118358089546,0.33553205721688073,0.3762991158001508,0.43816407453619377,0.2791455980119381,0.18159327569573433,0.2025149153694484,0.24985951881636007,0.2155484924905327,0.23267350264063552,0.2599279070345146,0.2654655112761381,0.31227388079633706,0.10738169403908836,0.2555305595609577,0.2401888146455947,0.31556220442326527,0.4578857979669697,0.22995861082129604,0.18669883286261207,0.2386837090616129,0.28139668153138614,0.1603553918346261,0.2755433646275571,0.20242707353532258,0.16212545946335738,0.3051599896119974,0.2598363716418872,0.3792286962644023,0.3629111741524473,0.29527340842000993,0.33719391209129246,0.26913075854259527,0.199448987528567,0.28875984836951385,0.21894129185220024,0.3076427059956593,0.14983004379732445,0.34530503068154395,0.1504773504221897,0.2572322515342266,0.21372037948166556,0.2678524488983594,0.14334518214422334,0.2594469547920267,0.24342273294590144,0.3181169672219314,0.14003773301336214,0.2750951238730498,0.45120063791938203,0.22746919318313286,0.3361883982444247,0.5353729362349298,0.2404892235654018,0.22220702226100034,0.2211258951091741,0.2315684326969043,0.3033643131246328,0.20589026592958298,0.27436050292551356,0.21701894443845185,0.2588057742918405,0.17242931615441554,0.3123842726949223,0.3160909450860951,0.24952638455595488,0.25328591536582706,0.3801654277638102,0.22868089723315604,0.19687811199831307,0.23812108912499877,0.3054415516152522,0.23836588495080951,0.27501739358830707,0.2226967863645543,0.22404768270462438,0.2685742010971032,0.2629936524238835,0.4116758158355477,0.22516072170978246,0.33909272727285217,0.3177310913012684,0.21844386857047296,0.3018486148943521,0.19526371900640582,0.25292703089268964,0.3748026909414284,0.23616807602311526,0.18432586038162807,0.14989784862249442,0.33514712237402466,0.2929483639606636,0.28968843675333744,0.11273663111072027,0.19293916847492915
0.19436325495278337,0.3431016321030575,0.5849550763488653,0.15359157533408385,0.25400118358089546,1.0,0.1814201061026251,0.2978793711959163,0.2649295697989968,0.18692583477004643,0.1514898819257466,0.11484796268362464,0.12436603261147333,0.1753767792220052,0.2825652028874655,0.18050339126604803,0.07745460093403364,0.15501859705093132,0.23691976298494982,0.37269052862147206,0.2267133424064856,0.14037087993274155,0.13452656583307918,0.19740986283607015,0.16345682540709344,0.10651724026027393,0.17343660454330087,0.1850236603533482,0.1390346554832847,0.19865488634151582,0.15464894483288527,0.13670259991609193,0.13869897702341935,0.10386550163236982,0.19804930735721635,0.29272469937785267,0.1405286623573038,0.17601528526975307,0.23494040418584325,0.12559783221183302,0.14947415179781715,0.15077749693243298,0.18416390094497592,0.14367964708335326,0.1891218354731562,0.2260043899575466,0.2268430414097519,0.13585691042981887,0.2515650729903724,0.19882409663654915,0.17445630012116425,0.36872850868411056,0.20043590750520965,0.25064780556612654,0.7349601444059995,0.7951828595022806,0.11816991024094953,0.36887301199921774,0.18065394328021298,0.18056303845512217,0.2610381611525768,0.1008083698390428,0.07231698339883887,0.12169442044015338,0.18904159912834523,0.2879096327225522,0.283014407789413,0.12944422214068613,0.1062883328413111,0.10606722693735965,0.1711728359754979,0.2665830209776293,0.1582673076371141,0.2465223881546868,0.2280622855300934,0.1385558145470351,0.1628419266087694,0.1325954755854706,0.12557581614345242,0.14282152678384008,0.15045405092952985,0.245776103632883,0.1298012761167031,0.18771167821236234,0.1333389226116546,0.2374700166701221,0.18268334767731528,0.1407520292254421,0.29030678676707666,0.15853533134135944,0.1272382771359183,0.2368988854139893,0.11541423967047987,0.0859923583612338,0.14397347305867225,0.1569370123534512,0.24017039424264797,0.23501434039228053,0.19413314261477313,0.10873457822415535
0.18447389742288128,0.3455685449110657,0.3391392919991408,0.43225453507112627,0.33553205721688073,0.1814201061026251,1.0,0.5684166141494537,0.3706388010322766,0.1734711701261096,0.18613990462992985,0.18521182635113823,0.24493807043839588,0.34293147614284786,0.2409769407018526,0.29427553452866534,0.3292313472851117,0.51692178584453,0.23220474639424626,0.27783114394689845,0.2972982990014413,0.4434320628402422,0.38039080474697845,0.20858805921962165,0.2635481406092098,0.2040275548479521,0.3407836567329805,0.24850835014485156,0.4055904461342517,0.3078606190582818,0.17250527958551898,0.1470788040188364,0.23759236237284093,0.44164465451183577,0.42775295109101324,0.3255525794708217,0.11806122839176046,0.16879428659814635,0.2274876893346722,0.20887259364419686,0.25893338049594133,0.1394001278334052,0.2085544773505716,0.2670723798846903,0.2615347335377904,0.15841179716055828,0.15954459924697917,0.40971975917657694,0.14161375082686808,0.15501276178784884,0.19430930507298091,0.3931548587831438,0.23894191700620013,0.3477111905596982,0.21879223991213023,0.2302157511511601,0.5191843339610829,0.419342857300028,0.12378020812836696,0.21868319194647845,0.1592085557920335,0.17517919321914366,0.35182965500784064,0.32669841611183653,0.26901760585021756,0.24296321025716258,0.4309509857210807,0.2533183109109871,0.41606865607898036,0.46836944939390435,0.2242958205320901,0.3290460680938358,0.4426024343973516,0.2969292160379179,0.1583156569031891,0.16836597653677057,0.4326258303035969,0.3726021080441299,0.3612786788740786,0.12684253510578877,0.35556391976810187,0.21064006869142496,0.24284219837870438,0.4108271022275956,0.43449854554529066,0.32454034809120647,0.171619679567695,0.32674376074915185,0.19986072709706362,0.20812519685549577,0.11397774206294652,0.19094583981211813,0.19494291112275527,0.32527472213704933,0.21990136020171716,0.2609071236239724,0.30026416803045436,0.28446245249858065,0.16720474062734222,0.15920706926056694
0.16846564810868053,0.6141427124560404,0.5299618886504922,0.36615460613347395,0.3762991158001508,0.2978793711959163,0.5684166141494537,0.9999999999999998,0.2863088905826998,0.12374955538792148,0.21768405090719956,0.1150203122431328,0.18733601121207977,0.20752578110963193,0.19058580613886006,0.3677918775246905,0.2534186780822259,0.5653538728440701,0.17281133802015355,0.33854515691343284,0.3079698089967005,0.2838021990449233,0.34753583348990197,0.25539725472057745,0.22986766185408802,0.12807640923229566,0.16578440194341068,0.2144512234433832,0.26720324566631976,0.2236412256497165,0.12820465021287344,0.08294361508006196,0.25226756771600894,0.40352426234397326,0.3219001301374248,0.35603843281745484,0.16713973161761272,0.12217482918580422,0.30388962995715235,0.17593783455431553,0.23659577769457835,0.18500412602128144,0.16608074725310956,0.42285029391521856,0.16022877013404274,0.24218966115765753,0.13245648916859395,0.18795476979452952,0.14072360379340268,0.2623592530704841,0.18494809406150448,0.6743793297971991,0.23292431168102792,0.3906309997576509,0.3707546193938585,0.32453887733767633,0.6272030327271726,0.512297151055499,0.14744395626567156,0.16100821858399844,0.20311871070077914,0.10619695086700803,0.25095002813264067,0.21012033593883214,0.20520329519529326,0.21225438963321686,0.3496900016956239,0.14261635939010817,0.29225279242515745,0.4193758712276827,0.2393807929428002,0.32273818969692514,0.4284985002045354,0.22776020900920915,0.1861852891229065,0.15685301086025202,0.3319901019517614,0.2648025909087688,0.2301808597179795,0.12144449559207682,0.27200715005155385,0.19477446093113068,0.25091588249543323,0.2930815048692198,0.20923945275582734,0.2081965590092066,0.20079288278830598,0.16589290476684443,0.19912700416618118,0.19939838074178423,0.10925048620032562,0.17234222126258963,0.14662703982591518,0.2241874671683456,0.18150532704258796,0.33909215291066447,0.17949283146024467,0.2287497909426238,0.10692253951013625,0.19153178541732963
0.2825469441818697,0.19612414316476007,0.4672494306416306,0.17498617027332025,0.43816407453619377,0.2649295697989968,0.3706388010322766,0.2863088905826998,1.0,0.23247461448443513,0.1196763251478612,0.3167666528626919,0.2767134047003013,0.160234457280562,0.2670054808508948,0.21228844963582338,0.2613060175054061,0.32064527739009063,0.11083247362203803,0.23771938380005858,0.2084440752333054,0.2468203427967669,0.3576309120508682,0.2186747299864407,0.18399547775259895,0.3353725932084791,0.18730200385450235,0.1648834484141187,0.1720268864299393,0.17023670919638578,0.2509547729628338,0.25297608593403625,0.2291021426870231,0.328202297865315,0.33239650454744096,0.23923663403615475,0.24833932203835105,0.24666684352827872,0.14734202998758852,0.2582165435274996,0.1068432947031143,0.18014781142551758,0.2049913672593787,0.30112567021386005,0.14133677833626573,0.1343529667651274,0.1493786589066339,0.25032253572575963,0.2068455301578772,0.19756040231265753,0.23394870015787475,0.27324998824994734,0.3208459302373463,0.1913395229719433,0.3305065642990606,0.3453293856409024,0.40562841544865424,0.7730664568294497,0.30219725642105905,0.18425115724222196,0.20775485791853338,0.2666548976778126,0.2808036960749043,0.17489138025865633,0.1470884986759199,0.21935541193633454,0.24735829945957277,0.11382192539801121,0.1405088835682845,0.20427864413254743,0.1431025448687153,0.3561042014596826,0.3359435094340312,0.40326836583925657,0.23542248485984946,0.2981025311572083,0.21108015885020007,0.24458439588682213,0.3879966966191618,0.22028682048871262,0.27177159811285656,0.14500265445304877,0.21594944890262766,0.4701716442330233,0.3472498925325491,0.38316733221642196,0.2972489177044248,0.2775217039378827,0.2579832632833998,0.26269646058594825,0.24262307286901588,0.34115256134715444,0.3287302591893349,0.24182807209049806,0.23775823812121574,0.41295502109422205,0.31363790424596577,0.25633834227999164,0.21125176095190784,0.23660235389878256
0.12828736859933895,0.11658047582708037,0.14449225097414645,0.18246938332367754,0.2791455980119381,0.18692583477004643,0.1734711701261096,0.12374955538792148,0.23247461448443513,1.0,0.1903916239687711,0.43774806305507213,0.33698928263547057,0.12198492978636992,0.16812107164198875,0.13156144194989283,0.17465391507464584,0.1230075828982725,0.12309769517295499,0.09984981362680741,0.09232613882985646,0.09736904604871476,0.14338672838640923,0.19326504735854072,0.2252161056323684,0.17088715069514165,0.155472646162749,0.20025612392103365,0.10833929006416121,0.08604598112566199,0.19143238838566537,0.1878399161900538,0.0813349135858687,0.21537170601523886,0.1669401159962606,0.17520258616061107,0.2445486525072543,0.22061458725660676,0.10790244377689936,0.48300297098655587,0.17811771630447196,0.2542487649496311,0.16171284880118858,0.16823244392617895,0.23356936382510002,0.1743695755910286,0.21945408800053567,0.19316282836904372,0.12165674219852672,0.10994989738340234,0.15738162795389893,0.1356742535380934,0.1651713463706309,0.1684794670375871,0.12739292748421271,0.16327159137174663,0.19491765155718685,0.10039528381437259,0.643313013186627,0.1852312515336366,0.25694537771439047,0.3167443523526578,0.08474797891302518,0.14382172299078821,0.22284576263444825,0.17097480826552833,0.14110749276012838,0.2252933765102568,0.13688603305277236,0.13887912090501991,0.20346226245450916,0.21693367698889343,0.10046242541449533,0.2728520135690842,0.3059513940476865,0.168310276175514,0.11153517662512306,0.09094318583051507,0.3329171857213731,0.216367512221503,0.08098436031785,0.19839616293931778,0.21291666958144284,0.20151162378412532,0.10315990485155287,0.16326376053542457,0.12585563644776965,0.1289884887604571,0.20199979616186442,0.2970848883245143,0.32745051434047684,0.33193040934221457,0.4649052811671053,0.3564196715970375,0.3081589575796925,0.2044099696963335,0.13766753877923577,0.11006303787550832,0.1799497791446454,0.11154816787336869
0.26739945948212057,0.2922531520611496,0.1466842908871493,0.21325096945373734,0.18159327569573433,0.1514898819257466,0.18613990462992985,0.21768405090719956,0.1196763251478612,0.1903916239687711,1.0,0.18814833447923437,0.1455679752334903,0.18317650689358989,0.14906255846146063,0.31574815273913304,0.2589293654053,0.31490826826818386,0.23056055177663984,0.29788257343300895,0.2118531178482885,0.19067764059639888,0.2698230660626451,0.20114387636823586,0.20558497734190498,0.21899476551427932,0.16546670541318953,0.14841045624696073,0.15623314801998756,0.24138825536252995,0.2523141408914473,0.17956549436881908,0.189703970754442,0.36326326082210664,0.15597598289759398,0.21999701147098027,0.18237271437623448,0.10770875631505322,0.15242261335600626,0.1277095844235171,0.2574010899016567,0.2114339981988003,0.19181319916671752,0.40093756219861615,0.2686276648859285,0.18332146090473914,0.10706520350944955,0.1859876140189739,0.2812343589232521,0.21073160281583156,0.1855873402738773,0.1963129191299331,0.20649736108427783,0.1846615959539257,0.14667023900793452,0.11214896162298893,0.19569745121795384,0.14875221714088355,0.2876630361226479,0.3308371513061638,0.373291952309146,0.16352199065290182,0.2231251487425805,0.20607210043376167,0.13180197028686694,0.14272227904580648,0.20770108324322592,0.17363348034060655,0.3330445633212121,0.38917036650171,0.24834407381786894,0.2784814797047536,0.33380942656857193,0.24397469464053412,0.30600960019469653,0.24247135433082898,0.2116218762793718,0.217074671457079,0.23751375784323678,0.18608596731133434,0.22347950312250348,0.1431154554272849,0.23207893108973104,0.23788046259043513,0.21855030607990888,0.1907907799675574,0.16536758840152035,0.1731817033243913,0.212234871245257,0.10597735455383529,0.1462916983168556,0.10834866560825789,0.12251440560968113,0.33308984043881046,0.37886178278714655,0.3148515141836674,0.1629283988410157,0.21302256049270626,0.17470565756415854,0.21293943478458888
0.16018130309441914,0.15404922413108418,0.1312894711715405,0.11576554890434743,0.2025149153694484,0.11484796268362464,0.18521182635113823,0.1150203122431328,0.3167666528626919,0.43774806305507213,0.18814833447923437,0.9999999999999998,0.34414948849990123,0.21952865392855625,0.20228087853235505,0.24104973962797438,0.2346498360779575,0.10670827077488025,0.08281489469674269,0.07126758881707057,0.167461173434974,0.17296902525565,0.2258388066015288,0.4618164547179569,0.19148307692425537,0.27416671911605583,0.20443215738488296,0.26597352262044116,0.14075182921895654,0.1525888059991834,0.238685540598294,0.24691477711800547,0.21902697781509176,0.21520198448548683,0.23028354872928,0.20708686822639918,0.28358015564975503,0.1479595925182223,0.25267558436190013,0.3559413657659405,0.219943867917919,0.2725899093830144,0.2380610783546363,0.20068836344091517,0.17987329554396791,0.16589924473702677,0.22514938935848397,0.22366222188956777,0.20184597045302924,0.18568474336367338,0.16733625060387988,0.1724649592308699,0.23229156843087406,0.18572271595397793,0.12266026678342166,0.14938996216177364,0.23474817507882484,0.17210093695774745,0.45909334066380225,0.22710788583404057,0.29280878867246013,0.315880995343391,0.16993792623446896,0.2264197875157207,0.3449699013538618,0.23925840401426088,0.19583107030457828,0.33517486347088093,0.21610495424432252,0.16395416080390773,0.19850682093511562,0.33475337404328437,0.178065059161929,0.23283942710864616,0.48400571032788825,0.2063542865785864,0.20775000117942588,0.1974481990761372,0.29066232083359356,0.26833854550675057,0.16633292379039474,0.11719146833373745,0.11258212038131662,0.24013124146517517,0.14358113256907515,0.15058650581537963,0.20873258443888487,0.16329679164608904,0.16614789201993446,0.27872895574073453,0.20714284291930116,0.3015437331354756,0.31336688596760365,0.19300669394817727,0.2277204881869545,0.270630285536981,0.19067948341944901,0.2099882323059273,0.2585806641367618,0.22042204616119926
0.18706696299444467,0.27757105296624396,0.16176073011608427,0.24800909092274845,0.24985951881636007,0.12436603261147333,0.24493807043839588,0.18733601121207977,0.2767134047003013,0.33698928263547057,0.1455679752334903,0.34414948849990123,1.0,0.22047918989802967,0.24209291055267887,0.2839995027701694,0.34912620827878793,0.15171034111621845,0.1830871041421112,0.1159686964244189,0.132746967473356,0.18835041799782545,0.19080376737120947,0.20670479861452284,0.17174170207495792,0.23502084200052453,0.2559887322077459,0.2427301356764844,0.22189801386880256,0.15343728035333679,0.20920096421452392,0.2862189037607253,0.22500842456220818,0.23381411481289305,0.265481519868987,0.15120705641799068,0.29066795656563116,0.26612785026022323,0.23549138837278644,0.3777871353725404,0.20237560746496874,0.20328481638193846,0.195152754009123,0.18033505268744834,0.16169478472662527,0.1990130073559523,0.16481998578814197,0.17840350448411474,0.19188927390200727,0.233259991182982,0.2019551186551461,0.26638322880327103,0.19375387751285414,0.22220666271976888,0.140731550779489,0.15044659203603905,0.24802109049042587,0.19617111849118346,0.38973677465535567,0.2014305277989157,0.2921996976640606,0.6776073111530037,0.28574213311245816,0.2543878217945485,0.21991084498689892,0.26081260781817733,0.18673044355204022,0.4329511937507083,0.32944857049752296,0.17945995187305266,0.17152356926428902,0.3137269362902667,0.18244350627647524,0.27491132931362444,0.3243139234863529,0.21439803179293573,0.2117945658243759,0.22250375482187598,0.1965263215721415,0.27310151081217926,0.22953082893704005,0.13943345122690698,0.19489488324513005,0.18788021636865704,0.20349433153185326,0.1420354761371221,0.2290726882736712,0.12927819645848077,0.11672547953822472,0.26057073242428597,0.2688707252198505,0.22127962313087746,0.3214819278255143,0.14566322895358078,0.16006537881512517,0.2443262507264215,0.16850097114808088,0.18093674799438728,0.19275956397723737,0.17501269497311983
0.20317192028402353,0.1490722973188747,0.1501948690083494,0.3644447932956998,0.2155484924905327,0.1753767792220052,0.34293147614284786,0.20752578110963193,0.160234457280562,0.12198492978636992,0.18317650689358989,0.21952865392855625,0.22047918989802967,0.9999999999999998,0.5699982703334388,0.1536588984356594,0.4009045848549177,0.3510583112877874,0.4539735514542571,0.1713554832747742,0.5190053733359927,0.5175323979445305,0.5363362179651014,0.23222076758921992,0.23871381165312164,0.27829164998488687,0.2993814199462966,0.1642550493818254,0.4972644085335501,0.5486884139731097,0.15293622604946427,0.20125566636241773,0.15447381112715403,0.4629179429900948,0.28294294062549935,0.2809647359351802,0.19591634884563286,0.21547358072505085,0.23634593976880247,0.26332443341774153,0.3838904559414264,0.1559253463441819,0.5177585156151333,0.24395020646524287,0.2936160190407122,0.2663829041319963,0.38919682490591745,0.3726865224871834,0.24754802097692588,0.267010529939679,0.20222810368093397,0.1685967467974168,0.13490127598572502,0.3016289507827655,0.18632707798521703,0.17448636309501464,0.23346925604659308,0.1750047590142035,0.17019541843988986,0.29736976308433666,0.21058836946558906,0.20038327642105888,0.3874131334198794,0.6842324741560839,0.6971479333912165,0.5892749623413462,0.23535842501669008,0.6297349293116489,0.4461718594159416,0.31262757704963223,0.4040213970253936,0.24362039082122022,0.5481741610471387,0.3146297545877661,0.16281547466319374,0.14788309406479422,0.47155995234400155,0.43588575708252264,0.12663880121079446,0.22018522757488435,0.3988921825362069,0.2728511683165012,0.2538012671070168,0.17395266672705498,0.3814522563837228,0.27809172651477654,0.22022329649738448,0.2903151322557524,0.20535118846502287,0.25468466835104286,0.1906281696086987,0.16726135240654422,0.299432229242683,0.11607120310084279,0.24917567024577092,0.23608546240003625,0.3090236051375899,0.33896953703447197,0.2468993944731819,0.2306447526780546
0.09913829218063143,0.19662170259891945,0.26488725494923365,0.26579670102663405,0.23267350264063552,0.2825652028874655,0.2409769407018526,0.19058580613886006,0.2670054808508948,0.16812107164198875,0.14906255846146063,0.20228087853235505,0.24209291055267887,0.5699982703334388,1.0,0.15788634624727738,0.363693159157561,0.22168606479370007,0.3632145689645869,0.15957258126112234,0.584856961401503,0.33401108048757505,0.4689993782967452,0.16175800377037772,0.21973450231550723,0.25147966369328056,0.2144680164944037,0.1941511107222521,0.4296336580090077,0.3896317705893186,0.2812147368398729,0.1725374922415232,0.13860586277618167,0.3115276471373864,0.22604126226579557,0.24321959479555083,0.24359451932740953,0.2490868831786236,0.2628747596676476,0.2566222402037395,0.34210526700047356,0.15109478486211406,0.33325601475193584,0.1791679400530667,0.1483192441445821,0.3110485971650475,0.35027552645692756,0.32440682522519937,0.20317925831260542,0.2494988684939192,0.1579720121043135,0.23839433560754225,0.2188450753379124,0.26842573500928796,0.24739920223357753,0.28832081417259586,0.20861916713073228,0.21616550205997187,0.18087205178657698,0.11521112061432198,0.1602963563965133,0.21543449347721683,0.23220901823271012,0.24748596813304719,0.38365648812886083,0.7793280505653785,0.1797556281848769,0.34417836692246806,0.2115810602683692,0.1813205986305373,0.47031374575548274,0.18887358576978774,0.3671843252815315,0.2739751724222137,0.1211069607267386,0.15641444655967224,0.3450570425977855,0.3162963833980069,0.16038227239760397,0.19097994522265213,0.24825458330496883,0.1606157362576105,0.19435194772214565,0.17073373434879136,0.2556597007621905,0.2104296014708076,0.24099403004896272,0.2527909743521768,0.18039580189856738,0.2723238202013039,0.19958319131097263,0.22005999165024626,0.28266417163227947,0.11236555082213252,0.20261440597250233,0.23354792043232017,0.34876828212614946,0.270877071754106,0.1742535978915837,0.18066302398790224
0.1966218817596543,0.5672042296074192,0.23974305327788015,0.2559820684252181,0.2599279070345146,0.18050339126604803,0.29427553452866534,0.3677918775246905,0.21228844963582338,0.13156144194989283,0.31574815273913304,0.24104973962797438,0.2839995027701694,0.1536588984356594,0.15788634624727738,0.9999999999999998,0.2990484744099684,0.34742606203875775,0.14944843958889645,0.368874781354857,0.19253419996548005,0.2001490370955933,0.21092431395422787,0.2636423723505406,0.18060724810406464,0.31081172466177365,0.16752438776113007,0.15701442206402538,0.19118120051355217,0.15678450739548297,0.1409692830374736,0.31080804836401255,0.23529940057040596,0.33943299991523834,0.23466128350770177,0.3734464171401297,0.15369509330116282,0.15982509517226887,0.24391142193559137,0.2319606663857179,0.28849825476213586,0.2594753255398901,0.10993905498502785,0.3899722794313249,0.1262258214378441,0.2401245528469251,0.12768928838020827,0.12706105924112918,0.2796527829105959,0.1935173957147945,0.21010345556947196,0.3823108172599183,0.40181119327633724,0.2572032454130471,0.23490103995870873,0.18617804198274848,0.27117616832239966,0.23984439461177823,0.23661351627144736,0.1910434933361459,0.19910480113348455,0.2203446237265516,0.21472086018996056,0.21510815429304544,0.18562463531328463,0.20921632991570482,0.32917871003608146,0.20975774575305894,0.43864906219330635,0.534525066444909,0.24534004057811792,0.26450719683506496,0.2356952137729105,0.18345109216697864,0.26248696962652673,0.3787162761066919,0.16442484481782885,0.20792882861458448,0.17077366028379426,0.14341225550098974,0.16007211879612881,0.1837973045413263,0.17739701437264593,0.21073523525635235,0.11179530618098779,0.11786186253622362,0.13822787553928248,0.1231211671268425,0.20984602282252515,0.23077654795724975,0.19307552686141216,0.1445773537195775,0.08833903723756274,0.3097121206936751,0.2797669202692813,0.26990646880236036,0.17771829551183382,0.1502064910572697,0.2518076821831179,0.1906386856021471
0.20598887711431504,0.28476400482522896,0.10937482504092488,0.3902516288805569,0.2654655112761381,0.07745460093403364,0.3292313472851117,0.2534186780822259,0.2613060175054061,0.17465391507464584,0.2589293654053,0.2346498360779575,0.34912620827878793,0.4009045848549177,0.363693159157561,0.2990484744099684,1.0,0.5036239128485227,0.29309227413671757,0.1883506071314527,0.24825718140532238,0.3237056742272846,0.5148920630827516,0.2817947338982542,0.2705750742769186,0.2584774007284622,0.21440128324380808,0.27847714465773454,0.3925666027666345,0.2179490438566004,0.2927210096804406,0.15857667030733358,0.16751320194086372,0.6445009779536216,0.369106472886675,0.13062385148040165,0.20688369834040152,0.18134764067272416,0.2755668621329109,0.20865545129175925,0.2879006688420943,0.2674921057518856,0.24385055257914137,0.48648271780508157,0.1933746015027737,0.2312420267331814,0.23135506455829968,0.3505143293075845,0.16376392844092838,0.21379443005617843,0.1403920584227436,0.24649197388901728,0.15003860240795575,0.3393707481304544,0.12661899486122133,0.07756768327103876,0.4207513780934902,0.23371110216173635,0.2059201255170867,0.19317285049049399,0.2714887480749296,0.23086062418141115,0.5430321583509544,0.2635289300672474,0.2703660220910386,0.2636418627007479,0.16854550934339654,0.4121175837408317,0.5331996190963554,0.47871927015918975,0.35341439979719347,0.25792172398542806,0.5007476039575622,0.2026189608335708,0.2850300676370629,0.2025832664245,0.44161960782318155,0.4268575090580617,0.41206101550221114,0.238273934897235,0.44435163463730554,0.21482263757066644,0.17845938070092696,0.34567505764626516,0.37012726190710005,0.22143007435363188,0.19469279216464763,0.29486177870953445,0.12028117883820943,0.24793720759872803,0.19587816097407476,0.16557901476248396,0.16054714190600575,0.23658280326904763,0.25342567201953975,0.5603438128268481,0.20943688849585745,0.2617372598360508,0.17369033935168396,0.21228362045724233
0.2197808317064317,0.3792478858885533,0.260876643316423,0.26111348025584574,0.31227388079633706,0.15501859705093132,0.51692178584453,0.5653538728440701,0.32064527739009063,0.1230075828982725,0.31490826826818386,0.10670827077488025,0.15171034111621845,0.3510583112877874,0.22168606479370007,0.34742606203875775,0.5036239128485227,1.0,0.237914035873331,0.44696119348703767,0.3339446625400735,0.486999439837869,0.5311886133861232,0.2055831163201305,0.2980532228392504,0.20347162475289748,0.2616641759591951,0.19425739171786402,0.3523546675916861,0.3769482170097114,0.12442559893631855,0.13984662837509315,0.22116221892695964,0.7320686287023587,0.3510065211550503,0.2963112272161901,0.194325293177175,0.1475669108488415,0.24325413939269833,0.1791761531204705,0.22979700394242053,0.1259005700306076,0.20893401811669376,0.48905213124813074,0.17965313258729806,0.25313639319285985,0.1858838624265523,0.35834868886790083,0.1653421151187556,0.2230605344001227,0.26464890862200047,0.42370112304407587,0.14216937965126283,0.29320069445143493,0.2698075550986589,0.1340102377710014,0.631829018282785,0.38617633462339257,0.16104997441603025,0.3390864701649856,0.19291862704433071,0.09093973461602047,0.35041557434316084,0.3489977075448112,0.2664865303573784,0.20442620697281833,0.24956384873690432,0.26902383320828116,0.5227131874924436,0.7714125338843864,0.33483999853386287,0.2554926001389586,0.5785274517862021,0.21491071214916652,0.19020488276018963,0.1627391241527595,0.35008738355341723,0.4097006491940157,0.3295282425578821,0.12320711076926465,0.30222925645969245,0.19621030251128327,0.3035820663889243,0.3345163617225546,0.3606401175600421,0.27464637403538905,0.19934083534139657,0.2806113411656524,0.19336289598083886,0.19292884157283163,0.14366720052443605,0.1323294397233701,0.11662234556662586,0.3335063883769194,0.2544215453394011,0.4355990224685652,0.24399973753584916,0.2834847496508399,0.1284437443261791,0.1939567717328164
0.19742730368887576,0.1049447158769438,0.24475466714611882,0.22929060790933933,0.10738169403908836,0.23691976298494982,0.23220474639424626,0.17281133802015355,0.11083247362203803,0.12309769517295499,0.23056055177663984,0.08281489469674269,0.1830871041421112,0.4539735514542571,0.3632145689645869,0.14944843958889645,0.29309227413671757,0.237914035873331,0.9999999999999998,0.20156391632049636,0.5425564816882364,0.21293816235403762,0.20196085062210958,0.10365648342792054,0.07967012212167773,0.08102315511662916,0.19665376336783189,0.1226424746286767,0.23845253543733622,0.2742060865015828,0.2669390620794213,0.2924346210845277,0.2738006964330703,0.23118914707868074,0.11128621732877836,0.2835760179849526,0.14880340706037937,0.2827047963341639,0.2652792221560605,0.22412989337026876,0.3307432520988351,0.09966082650488278,0.24404616343027113,0.07849197196259572,0.3486779454340072,0.19014251214587702,0.2417804407101827,0.1917479481978084,0.140507210932349,0.31477032161504137,0.30669805654160975,0.14694393564908645,0.12816684955693378,0.2263413962888953,0.20973452156747208,0.2774742934080811,0.13498251090313526,0.18922311284900434,0.10682131400424168,0.21859530162002605,0.25416871208927844,0.19094952395767534,0.13909051142815124,0.43990538900784243,0.39174649836155545,0.4060007789835318,0.14204349393284624,0.5131768404013326,0.24006253685964507,0.21605005856962362,0.36423343524445434,0.12804448049115857,0.1749247301841765,0.22358708036291863,0.15545605340418311,0.23891176794155383,0.14422384755906878,0.1338454728445589,0.10352698990870822,0.34098258537752363,0.14415458714334164,0.17033277504366984,0.1942997959170173,0.09306074079299016,0.16022042449179819,0.15110648559493378,0.14994626071215358,0.15336426377372514,0.13587615672005882,0.1667266526821557,0.28887911509982545,0.14550400433189387,0.21811926342187943,0.2146111428588063,0.26641191093010513,0.12321951444678746,0.2104624618853942,0.15904396614368863,0.11018731100046315,0.16914844904019802
0.33628944516972525,0.2986942091410581,0.36036487023429087,0.10254027139085457,0.2555305595609577,0.37269052862147206,0.27783114394689845,0.33854515691343284,0.23771938380005858,0.09984981362680741,0.29788257343300895,0.07126758881707057,0.1159686964244189,0.1713554832747742,0.15957258126112234,0.368874781354857,0.1883506071314527,0.44696119348703767,0.20156391632049636,0.9999999999999998,0.3132239706781171,0.22752681004368075,0.2758087453724844,0.14988634044484186,0.11027249304926082,0.18551152169638582,0.151133329238784,0.09199711367952311,0.301841686642109,0.1786856444362786,0.10849827879012433,0.22393942474968284,0.1251730106508997,0.3442180369682885,0.22917831603480496,0.510735299895608,0.14260159428542787,0.1427291041669763,0.21412145659501702,0.12386611083558915,0.22001646396267593,0.23550479043039207,0.08363877373667059,0.37677041658950683,0.0946363062708761,0.22794889112453268,0.20031660063255294,0.18661054285902734,0.2747819901066083,0.1674385323189797,0.25443561975669765,0.31225505436624057,0.1492574219708584,0.1877258579681725,0.41901456476855725,0.3291818385035207,0.17474743836669976,0.28339516595756165,0.16144754833377234,0.2277777667147148,0.17339895424599044,0.18238717827234363,0.17845961224634524,0.27687805397948,0.2330215216026113,0.2267828146875277,0.4177812098026168,0.20543430285364603,0.2722412559125683,0.424590864880084,0.37114358529653957,0.16919229681696524,0.3611772510597532,0.17972118583777955,0.1280273613805388,0.16764400803962284,0.2011721041643308,0.19946312669571217,0.1896570865175354,0.15225904626966358,0.15853617742752707,0.3443813991419371,0.19640744998126933,0.21045559289073631,0.16353208795171734,0.35431965943445326,0.18143428247875057,0.1348655341693633,0.53637848897053,0.14757132272131326,0.15757109908758918,0.1869815411735008,0.13071494534081618,0.26983045088113156,0.17729110091111575,0.2809919566033861,0.19328818273562381,0.2682531676785237,0.36963123588387103,0.21119463821361054
