0,1,2,3,4,5,6,7,8,9,10,11,12,13,14,15,16,17,18,19,20,21,22,23,24,25,26,27,28,29,30,31,32,33,34,35,36,37,38,39,40,41,42,43,44,45,46,47,48,49,50,51,52,53,54,55,56,57,58,59,60,61,62,63,64,65,66,67,68,69,70,71,72,73,74,75,76,77,78,79,80,81,82,83,84,85,86,87,88,89,90,91,92,93,94,95,96,97,98,99
0.9999999999999999,0.15968045963451885,0.14839979629300995,0.11367411064394763,0.1480998522898151,0.19608150893817927,0.1067430536913286,0.13544452999473738,0.21810686871960858,0.3853675191460119,0.12267809011278431,0.1658803703960069,0.14534504663640477,0.14636930040981547,0.11806156544417211,0.17440077904753018,0.24188548990077707,0.15684713995346392,0.22631510904996122,0.24932783960612678,0.14628199604444272,0.18779598212127777,0.2059505871400521,0.2731752080114462,0.18522133427831047,0.22243206825367748,0.17723200921288124,0.2705629434189394,0.16700180470290688,0.17313616973886733,0.30803417607973854,0.1512948358532933,0.2008985929041591,0.12154844700790401,0.11675589066020345,0.2741545268882285,0.15508073052139418,0.250171855865858,0.07349526941002751,0.11815484928217551,0.16176324550621426,0.17771573942728291,0.1632036893536652,0.22635112660457193,0.2288011773671386,0.23581989942188425,0.26076905194955297,0.1212576783841674,0.30355764762806153,0.18806071303474764,0.18165178032316978,0.19617220291584583,0.15239102362120305,0.13798992812106683,0.20758857649704343,0.2148890256592016,0.15557293996202892,0.14187905297150272,0.250427673535748,0.09388468182119215,0.18413677190273436,0.20080498519094322,0.22800242625218126,0.2683306368371581,0.2521078009799441,0.203548359896256,0.24274299802373284,0.2560081478458052,0.09510849686557671,0.2002847451198749,0.1316464977525176,0.2269670365915942,0.16968890247066787,0.11375269685621318,0.1286814924429795,0.18101191219312932,0.20287016702090607,0.19057964172107184,0.25479477858065624,0.08421393546437353,0.20313051044039016,0.1479655653282065,0.24696684146827994,0.2071689115707543,0.1278822284943231,0.09918307544075153,0.15062382230605278,0.22337669229476076,0.31296325279098436,0.18219230822046414,0.13212664833235685,0.14963056449250797,0.13241470981493927,0.15649392707766957,0.18127553744497818,0.24130387538248949,0.18283867284240968,0.17851781164725408,0.2882973585466443,0.2242913769067421
0.15968045963451885,1.0,0.47158190872659134,0.541525508767108,0.5966764430071443,0.3100411620123546,0.30522865596210225,0.4735767080737201,0.2255734065391444,0.2636203235670289,0.14467842848840792,0.1196777059989582,0.2676845376290301,0.23025620839862884,0.12801938239726637,0.40528600323232516,0.20830643427292436,0.22102685782659362,0.3031348706193346,0.19213075465392987,0.17307143692354793,0.10903714106202839,0.23703717447008052,0.20737505280562446,0.13881230900851466,0.14139081086666275,0.2358315494419149,0.15480303729393963,0.15290501349456898,0.2685811185463371,0.1426512245887506,0.13876334235362897,0.15104147172356022,0.23200150220913374,0.11764867345245528,0.17131061193821176,0.160889943197915,0.21846094359960533,0.09111889405829182,0.19253733517470095,0.20677678462289897,0.2361865095206975,0.15987807682920296,0.14063585468807183,0.16645615643137013,0.2277638061709329,0.13194200382428684,0.1647321117907104,0.15343289340833496,0.08216355897092961,0.1959452085705358,0.694938274071753,0.5385017607603083,0.3993447466732402,0.32997803276149135,0.24131544680961123,0.43051797389236207,0.38000702077731174,0.14603863267753725,0.12735234555899322,0.20344667287355228,0.1958823813090092,0.1757987171927947,0.2574026454604794,0.1927491279873738,0.15294170210032743,0.1654267413508925,0.2180217778834207,0.28700691173761367,0.2974628024948066,0.2116037247593497,0.1908993724431694,0.1930203504527762,0.16460517135062985,0.14295411806944414,0.16583139332103264,0.11945713518998277,0.12450066098520042,0.1510493657650166,0.265678491433454,0.182481346098386,0.09271027568197364,0.1592012281273116,0.1076770323511056,0.1879746062749641,0.09368713084600018,0.14224900450875924,0.15007368203038754,0.09378354213126928,0.17333589507798283,0.2995343908618603,0.1734317699934635,0.1601916427684779,0.20266398768956742,0.2218127094581068,0.180820693064591,0.18102127179605498,0.09456604271088534,0.17543268126256079,0.09398992654610858
0.14839979629300995,0.47158190872659134,1.0,0.32205350028720614,0.4247360998403546,0.48197428055019326,0.1726194247621845,0.460113134445487,0.2969241967823677,0.18690795681607317,0.11160178094139907,0.10136567840787264,0.3007057994769444,0.28707732778913875,0.1600424767539113,0.11712023575858417,0.3550288694792697,0.228956762985898,0.3141592104669825,0.19604322839962096,0.250270938893454,0.18982838103260388,0.20052237268089118,0.18705645009459607,0.21461297080137365,0.10723668891832301,0.21260823746946308,0.13616332141722595,0.11626275242651735,0.11259409355722758,0.261166086297457,0.12387563175932806,0.12107581842664125,0.20094844683025254,0.1565574173150665,0.22425264545579227,0.12056248645537895,0.17257883290378725,0.18800537503638903,0.22627544832058116,0.1174275001865332,0.20763994110886866,0.15968387683945526,0.12668085045380445,0.10194209883885405,0.19793906151312923,0.11065399907168708,0.26745856228452564,0.2140364019838549,0.11239604889329285,0.17945914509121141,0.6034418286096053,0.2893065197939197,0.26145800353070914,0.6188369626473812,0.46665828009579874,0.3839350544637593,0.4419655829904749,0.21826011123742392,0.1813503663423708,0.18328735864335627,0.27737881761966104,0.3254063974310304,0.2974530974305241,0.29717643398471905,0.1387268272275337,0.20369585975635537,0.37086994583626587,0.21154668065544296,0.3587073825673311,0.24894026635637637,0.2721779884037512,0.236057857293209,0.13516282478661,0.12641881831431956,0.13023345140572337,0.15374753645128994,0.20792111993863172,0.15814366994295886,0.2058248437307428,0.1918305230541947,0.16359259018316774,0.11561561862050335,0.1442483529376694,0.19719302022415736,0.2346453763168702,0.1558506263331786,0.10985456605651313,0.1156532229569287,0.18991864015175863,0.1991197026658528,0.16890906154912375,0.1822478748542515,0.301052231283198,0.2197965832264982,0.20145902118907696,0.24397176055493625,0.2316310400965816,0.24513375309994911,0.12710168876756317
0.11367411064394763,0.541525508767108,0.32205350028720614,1.0,0.48667710981506473,0.2721091612422098,0.32581228684908137,0.40868519995927427,0.23404075941079272,0.16434627873350183,0.14229644132439992,0.10657636345269807,0.33853476539835864,0.2964915993117351,0.1483306648085961,0.428239872620472,0.26646517927527513,0.2811036866787855,0.2625144989511063,0.16610967334045038,0.1713155966638207,0.1353133779599473,0.24152698810771078,0.1966791843228185,0.22092747312190875,0.13948533233409963,0.17105480182134605,0.18221484278979705,0.16174638884255116,0.18905652945747228,0.18332042549491365,0.12244246874874526,0.1824302586500031,0.2504903668337005,0.1467872940211084,0.15724997405886942,0.14088023691887247,0.21200780580358608,0.1621726580781788,0.16027104459796737,0.197115180296578,0.2541093006637168,0.08157590439863659,0.14179565657325188,0.10432524175297979,0.11868478775078128,0.13332450901589046,0.14910203829204874,0.17752834410117505,0.1347958896962184,0.24636586962914467,0.41590011887100137,0.3954458557512795,0.467989698193379,0.32870167468835115,0.281872529346222,0.414269269739798,0.35939557281480544,0.22247799603917742,0.11050893516599611,0.1340905572348517,0.25412041499567845,0.2971420853412762,0.1484431419622753,0.14245887392438367,0.15682341304970632,0.21175624719445485,0.26005861859235524,0.25039160978327457,0.27254656823870643,0.2605443086992745,0.17221947209818117,0.15801079957168573,0.12430377093541246,0.09489328909731577,0.1247143453765563,0.13870302264024728,0.22103050525890833,0.12659337976937407,0.27479979757950035,0.17853089613323667,0.18617410197979883,0.12364032805239143,0.1882566593867141,0.1428542729714655,0.0901464454335445,0.111563961439956,0.14374715518072784,0.11155050008094741,0.19515139182454788,0.28687613220682795,0.19670452290868823,0.12633518938476676,0.16462235316871096,0.19360637813805148,0.11753020711551466,0.10254372280666454,0.1264192966973618,0.18387466398564722,0.11717216099325665
0.1480998522898151,0.5966764430071443,0.4247360998403546,0.48667710981506473,0.9999999999999998,0.3185235657309543,0.17357786864959424,0.3504419141925552,0.23827440579401482,0.20369393381321704,0.15196660881021676,0.10936882027742502,0.35134873111536946,0.27428332736486766,0.20905641598685093,0.27674743272061836,0.2124594441899138,0.2465007783590066,0.24985336574392183,0.13740263119077348,0.17321411334106737,0.17487713301849567,0.23700998454895975,0.24948598717883608,0.1046333825076573,0.16268213205988974,0.22055287582910815,0.22677378528948022,0.15545796618647711,0.17995461133984023,0.19863927113739496,0.12856014786825484,0.1392271553959439,0.19201315480003095,0.2180313001046071,0.06287120919253229,0.08709488267121726,0.24024938041667465,0.10079696163169159,0.13054875930563603,0.1429186987074307,0.13359900153139542,0.1600276566236019,0.12482973300334833,0.13664145155567403,0.149352337795885,0.13188909972040866,0.1001212603865084,0.16148256167198732,0.16975196340469476,0.14290004531582876,0.4167501550034781,0.38628852731096214,0.6491302476242475,0.4158019355462595,0.24068565929470553,0.29156073845598446,0.3613545818137872,0.14250252113961673,0.14921009362321866,0.31241461758880906,0.3035055060645626,0.2524163884371963,0.1880265118505495,0.18453071473523358,0.18506499262278187,0.11150784378907805,0.26109761278209065,0.3030922423600678,0.33109178971020153,0.18982415646264877,0.22199922171212166,0.21645039679992464,0.15305519695761613,0.15556508009670295,0.1577946574359408,0.15288003034347966,0.20331445017380914,0.23806178132090824,0.26137713832254367,0.15686155380114938,0.0863851972311133,0.1191461055572764,0.05856356742806546,0.13263366066449492,0.14486748317315273,0.1455679471861178,0.13576137778030353,0.11651318657461032,0.11986468155686204,0.21323878693950887,0.1260612110787891,0.13302363954059263,0.10195133248562359,0.19649736796980688,0.14843365482701962,0.12016813811879432,0.1758270200661838,0.16098299116060932,0.18643948504569988
0.19608150893817927,0.3100411620123546,0.48197428055019326,0.2721091612422098,0.3185235657309543,0.9999999999999999,0.19766665991711022,0.3501668295947368,0.6019322158008659,0.19300165326570398,0.10979658921474054,0.10920392703803694,0.360043669384769,0.426787653562164,0.09751353515544439,0.1738795025749186,0.4288176475356163,0.22062048760471237,0.3191268346868651,0.3632308454495728,0.24475476647572275,0.17501131015912302,0.13192077969709776,0.27418022432325667,0.24088048534783818,0.17490512244255185,0.17136632677815772,0.20597000751944708,0.21866479642266928,0.13942346509677167,0.3111542591603195,0.191811756216467,0.15077958028265442,0.1819565183183213,0.1273029084576708,0.33690009469680504,0.1062535610943443,0.08345739340285793,0.07584719341025019,0.12345605290117101,0.16693460024724993,0.15685231543581032,0.16550947949456388,0.15783776524397897,0.23731815014742325,0.17804276322028784,0.15775891245110468,0.1956584912394659,0.4735278646404367,0.3062330257294341,0.2305456533903204,0.41923010043439624,0.24282167808296667,0.23311354231709172,0.766076918562588,0.7415093243903154,0.36929312882227827,0.5222855547450638,0.2956865386062711,0.13100313340183384,0.13268450964263623,0.4018020336241419,0.43825206016262563,0.3558873054575064,0.33345304125638797,0.11833548698484396,0.3855303292368032,0.43463789887218973,0.2116449023907402,0.36933908723249653,0.2879747607039267,0.3236910733730363,0.2955128310021573,0.2115808467296955,0.11849758079969083,0.2516226408476113,0.20135705981383778,0.18883426400898948,0.1692678873177915,0.24366285687945918,0.271907893767953,0.22773243318973155,0.22984575544731742,0.11517041790011916,0.144517209627895,0.1965950213683555,0.23332875226690988,0.13120795911807656,0.3172544083521273,0.30659859968104236,0.19586375090290614,0.20394306689132943,0.11629351645559478,0.1342026073531274,0.14990805886116468,0.19221237198967478,0.1544488174268341,0.2978728998208905,0.5519004977669287,0.29177357329316733
0.1067430536913286,0.30522865596210225,0.1726194247621845,0.32581228684908137,0.17357786864959424,0.19766665991711022,0.9999999999999998,0.4063316508854085,0.3555814766986326,0.09833151388729718,0.28812003820742815,0.18363576593839598,0.16593548804282163,0.1992945912832244,0.12141177208063444,0.48118572436503604,0.17440507236901776,0.3129215539090613,0.1850070619890711,0.10995122464359998,0.20387811812947476,0.17283174543592944,0.1608965208142181,0.16745444734251252,0.20958014801528996,0.1564356597661042,0.14495311453360854,0.20019574770175794,0.16590244391632752,0.31033165762355897,0.14863344112750795,0.2541426953337457,0.2047746357014265,0.19904725509618937,0.14977072697309135,0.14544176475503956,0.1805876434478555,0.1413920745396385,0.3194330726596188,0.3308950983576506,0.19893268368778366,0.17378400563543459,0.14250592029977158,0.23278637057053583,0.16305812521991744,0.15919783714021632,0.14524272615753525,0.13865860628721782,0.17447938155058745,0.2097589391424049,0.3051856349799812,0.22224862827148367,0.37235070870374626,0.18774162201477312,0.17693928855207536,0.24447007709013047,0.3849438422959848,0.37170877310584205,0.1390611568273343,0.31199722729057794,0.13496617098484853,0.1538536869109162,0.17258924124181244,0.14858851309149826,0.147873522407327,0.1166708081170007,0.289666528459673,0.13191520816024413,0.23842345955721944,0.23374564770461176,0.16426026039403502,0.14045750714496058,0.26887571306085695,0.19050452831963832,0.3125554509096687,0.23862017206065214,0.1188019037294798,0.20774470949390877,0.20160559734990635,0.30674952751751083,0.2505091170436534,0.19162592225736946,0.21556917098892012,0.25409625306832195,0.1539595544093942,0.18322735859558031,0.19581664496149587,0.19455389825623812,0.11833074466470744,0.14662213698871948,0.30555682788168026,0.4255031704502607,0.26238107767033114,0.19709089336676,0.1843130745466183,0.1897076659541853,0.17738449343016857,0.20853249316762384,0.18702555451310193,0.17501324193782494
0.13544452999473738,0.4735767080737201,0.460113134445487,0.40868519995927427,0.3504419141925552,0.3501668295947368,0.4063316508854085,1.0,0.42298644483306813,0.08810173636320787,0.12561185318434218,0.09801253011415213,0.26795968961678956,0.2932448975268827,0.1286925642365973,0.23292004193047736,0.18552530090186978,0.44122142244031415,0.33631032499717606,0.15418020017968473,0.123911392975745,0.17363155438212974,0.12607785582596134,0.23254943407286593,0.25039258244110196,0.09320952361992797,0.15708499682246674,0.19448417793696152,0.14726819257035284,0.15576481464162545,0.22167757276902475,0.2266908319507072,0.17204745906504332,0.15740358318187428,0.1689765598934622,0.17953370801402965,0.10765084826505124,0.10405087951350439,0.16249976764223803,0.14466469544642077,0.1401499271764789,0.12658089798878389,0.16670676100786247,0.13570427526767678,0.14146186145562495,0.15544120243616882,0.1350873043378544,0.17674561237496356,0.18686911193125633,0.18899700658355054,0.28274810616023377,0.48532888155724013,0.38007818139519156,0.24151988258095894,0.4471768433257698,0.3883280689129804,0.8303244419328885,0.6381717598284395,0.2364375745627629,0.1679326202565729,0.1474128074901875,0.22236528113468232,0.3163854178742884,0.17908964366353727,0.17889641700442002,0.12596164429995052,0.33329092252242215,0.2838623501467999,0.2691056643181297,0.5506498205983301,0.18875493945359184,0.18776816669141924,0.2349008346198739,0.13009375027229844,0.14704193034716503,0.1822417945290855,0.15041694794408178,0.2380830325733124,0.18016868381692985,0.28256948191779263,0.34088376825592953,0.22672149717882356,0.17432019098889764,0.13938608920148055,0.10559552518013318,0.14030452755439218,0.14823479684387275,0.12214689453238156,0.18643819971469608,0.17210487813930683,0.22007311225180934,0.23205737153973813,0.19264225948662345,0.17908729561379416,0.18623141010760513,0.1426808446980335,0.1536741909870235,0.2459923735803702,0.27177538393074346,0.2541004397527312
0.21810686871960858,0.2255734065391444,0.2969241967823677,0.23404075941079272,0.23827440579401482,0.6019322158008659,0.3555814766986326,0.42298644483306813,1.0,0.16906274918725767,0.18018636839868452,0.12739382105648434,0.2911734409875923,0.3301869685443143,0.12228716129651038,0.21301051781134184,0.3357679165679929,0.27078524108224516,0.22261987077639578,0.28745866139316323,0.21592598854577794,0.2434863648790771,0.10786570496966823,0.2525823788083845,0.2827602155737937,0.19475528882504503,0.1310314806471081,0.19866151079298686,0.20942888759658704,0.15403012224855142,0.211662704284928,0.2414116585542046,0.17295046043247325,0.15312818853362223,0.20742537812489278,0.3951971527176215,0.08870035011690844,0.10163667622290097,0.1588604662758092,0.1663483646659673,0.22805513742738334,0.15034347607774168,0.20522793735852096,0.23961238306286436,0.1919899161758744,0.1671860414955935,0.22523254978135185,0.13538995729935158,0.4593274206346634,0.4041866598886013,0.286880498471357,0.289690450624636,0.19971340926170839,0.1930878549225359,0.4607737498410369,0.6633915919563086,0.4478036831498179,0.734994777150492,0.19378183363870038,0.2150493845514496,0.1169495993886981,0.3425992468683242,0.3681402617836914,0.3430909728613148,0.3149791465958278,0.16038879755983654,0.40797946522178913,0.3081821275995287,0.18616530105755233,0.3265617883004248,0.22526252767318233,0.33025010959359086,0.22224992934470086,0.20976027951984122,0.2351397948742691,0.37916294884870727,0.14847011525283177,0.1694044437655073,0.1198493408743464,0.29193150059927575,0.3663991790479452,0.1866034132941205,0.24520399530936257,0.3005900070069063,0.07108029395938772,0.11849975591743703,0.20991984266243258,0.18393694241250813,0.40200035167239273,0.24022480200519097,0.17119182319052878,0.2690458504563517,0.13769781781186907,0.15573488938888772,0.11654417749390665,0.21515348539198303,0.1234378425846622,0.2178078289163836,0.5064641293982208,0.37791100032354347
0.3853675191460119,0.2636203235670289,0.18690795681607317,0.16434627873350183,0.20369393381321704,0.19300165326570398,0.09833151388729718,0.08810173636320787,0.16906274918725767,1.0,0.19940286623434628,0.23634321276617293,0.14510725804497887,0.14465645028693216,0.15432740075580825,0.1533055844273707,0.19580004029293568,0.15437450583193507,0.2565916407546141,0.28043103151953297,0.1780661145115263,0.21144520960071003,0.27489459932640287,0.26814364202241037,0.29322193439319516,0.22380949843075054,0.24300809519517172,0.2506606672787729,0.1562005827755326,0.11938792062308419,0.2670089361830389,0.16462358866173743,0.2359071929550659,0.18197022455229653,0.17301117390955031,0.2835612920118464,0.12972940751332926,0.495058634290073,0.3307091637067786,0.40271850762491057,0.1721515417001853,0.20050787319176339,0.09133255185929169,0.22362057340135771,0.18533954168661473,0.23248087418661884,0.2666138289867921,0.10509328381499185,0.21552610184559365,0.20806587545294947,0.2056851047187977,0.35751444756460304,0.30405769866461974,0.16242847488693427,0.15697045665270645,0.175227673736236,0.1662391730264988,0.1253929993114892,0.3695564867699797,0.13083901916813614,0.2309871517332578,0.16538045524684944,0.1498413781990163,0.35877418391058286,0.2693545657682759,0.22827003626022632,0.2020839709117374,0.2311405959140385,0.13079507827646,0.179754156543551,0.21555417432847357,0.17127936926108298,0.21157769399019288,0.20068314123023034,0.1271037773700626,0.25841474669117126,0.2129164699465997,0.20336015779519256,0.24565442826332262,0.18622541711221594,0.19422648611845855,0.1848256788055562,0.23431844670986676,0.2228411111559362,0.1487405289313654,0.14895647620244337,0.20094121446248842,0.21429964686931127,0.29428585059070833,0.20617145534106618,0.23319458466413617,0.16062649660866543,0.1772895465634576,0.13690414069405235,0.15246230054939958,0.18613029961110591,0.20415427713713047,0.1326301323104955,0.1954970402304149,0.2542763161344831
0.12267809011278431,0.14467842848840792,0.11160178094139907,0.14229644132439992,0.15196660881021676,0.10979658921474054,0.28812003820742815,0.12561185318434218,0.18018636839868452,0.19940286623434628,0.9999999999999998,0.48931875293885213,0.15062785726343908,0.1711423418743755,0.15584156982587333,0.3751679623898382,0.15174038763515207,0.20078778139348197,0.21411467209311752,0.19199073746150933,0.17834541140139787,0.1723096929083011,0.2395664000955005,0.33004530722177206,0.3070355834714818,0.27916908384808486,0.2056088186180227,0.22242288894569898,0.21849105344624295,0.18778247704081952,0.20787131695698152,0.22777804604388485,0.16217828652998173,0.1872146656629405,0.18405564660345894,0.17550527240011624,0.22684390714779498,0.1739234453583377,0.1948009622556832,0.20864656293721934,0.1621284137366157,0.29147179652668487,0.16164448559354302,0.32428888227193836,0.11910290994552059,0.1974838607891064,0.14003695790415083,0.17288112853946844,0.14380455254081997,0.12771316992998805,0.2509574450459884,0.13229083351337895,0.2591986349385645,0.22442454967561432,0.1537058368652692,0.13756438408862304,0.1460412423520857,0.15679545935487807,0.3845898935173978,0.5465681556832676,0.3255938069221713,0.14278423212958055,0.15173644907050637,0.12723169317971064,0.13275028566285563,0.1689261493407367,0.12800156906085386,0.14988763911013675,0.185486862266394,0.18147958676758527,0.158824892652357,0.08494005958913788,0.2837807198882068,0.22227289471062897,0.4759458987812187,0.3338464865069571,0.32295158628730086,0.20252642702951595,0.3139106584291817,0.28515618795358577,0.25353336407238963,0.26786696254429637,0.1450297592226966,0.22011647682935592,0.18691188212359963,0.27025967772681964,0.24414889089272834,0.28944636389501255,0.18430575797724177,0.23211817072635996,0.25259713570029735,0.22587725189834268,0.2766880438027877,0.3476600330175954,0.19767711388942225,0.2962399873941531,0.1792436093655893,0.1965851434570633,0.12617866945844777,0.17223240404044324
0.1658803703960069,0.1196777059989582,0.10136567840787264,0.10657636345269807,0.10936882027742502,0.10920392703803694,0.18363576593839598,0.09801253011415213,0.12739382105648434,0.23634321276617293,0.48931875293885213,1.0,0.1653042297192563,0.2023600081026254,0.32193188262817213,0.2125746547264214,0.19166671884424213,0.16958835742783293,0.25390762313382864,0.24419583782359686,0.17832939197547668,0.2394065717951586,0.21701076310621967,0.27962566462132754,0.2423999410803648,0.3970724421629891,0.17486277276999024,0.12912823582855942,0.13241339856367598,0.1692192049030834,0.22948573966319952,0.21279467677120634,0.2372951911521762,0.14839952647701313,0.20058603731775695,0.2620853958565004,0.16357613370032434,0.28578982325039476,0.1916725611129048,0.20400271190528604,0.14754818955858942,0.28319894052935674,0.16719155138199668,0.1876538979665017,0.15073486446450207,0.1898607463558028,0.17408196936762424,0.18111380821330722,0.11940205636265595,0.17955760347147043,0.18737507523596872,0.1608184002180325,0.1612260115143941,0.11266869946511769,0.11872761110996984,0.16092912611583718,0.1366531357190786,0.1422519934674693,0.3445831939242252,0.27134547564539535,0.3526503670627607,0.2143641907891164,0.18508666431938575,0.17170210871745917,0.15687535954834894,0.22186585163016576,0.16476072152288618,0.2902705449014746,0.09369199976909409,0.12402496233455615,0.1290350449936444,0.23899777107324377,0.175767512415612,0.08528352899435367,0.32938324166991617,0.2878747114373806,0.23052793758997758,0.21200373100425332,0.17733694974889944,0.16730333309387027,0.17288897313130594,0.1853010902272441,0.19965773188990876,0.1480261075606486,0.16513834372166245,0.18635884398788377,0.18453336549665503,0.23571858931314807,0.20435776005684264,0.20620017894664858,0.20940232657290833,0.20681832888486099,0.16325041448895755,0.15696856671234302,0.1155587243143677,0.2591526807198948,0.23843868745581215,0.17933895028358754,0.1240697590552368,0.1999010942412315
0.14534504663640477,0.2676845376290301,0.3007057994769444,0.33853476539835864,0.35134873111536946,0.360043669384769,0.16593548804282163,0.26795968961678956,0.2911734409875923,0.14510725804497887,0.15062785726343908,0.1653042297192563,1.0,0.5678624930990385,0.23136660199526068,0.13290059698058615,0.3301452297038471,0.4408580722761398,0.41331151669841576,0.26115334562316744,0.14893196241004072,0.18543922048263392,0.2441293052044679,0.3151927864202916,0.2511878844561229,0.19192540528380156,0.26423308098150816,0.23170411073871838,0.1884964059415501,0.14592731145463966,0.291446887824965,0.13160254724240822,0.14909504213314834,0.3237733099918039,0.17061866368148013,0.2699727350681679,0.24033360082963687,0.20549398458832574,0.14642127445972994,0.1464929626222846,0.3086755070008115,0.23959572727985193,0.19843331057046526,0.18129379453800978,0.12501651826606305,0.20059452051293586,0.20586502013827104,0.21516150945209603,0.2622423069309131,0.24891952226239647,0.18254559796956682,0.27332221223209846,0.20794185257182168,0.27679836266136704,0.403139518746833,0.392250988537618,0.29607051053943767,0.367494237840812,0.2560963704754396,0.19144769832118785,0.3834051175241093,0.8354271298300997,0.5496490827740032,0.32222337844765214,0.2022672384687661,0.2455258101370255,0.2889955044750651,0.5088981952952338,0.31813460183414216,0.4204004230839698,0.23851889736768553,0.2562412782040303,0.39070146399639827,0.20319316637370288,0.1456159726293793,0.1846850312221709,0.2662886117653558,0.18801641755375623,0.23508675239016558,0.15084857801559487,0.3209645855522805,0.24386278863377103,0.16612877112898616,0.11970772662919435,0.30011360426276884,0.18837418533386005,0.25706145256551644,0.21353759559951932,0.2920504139353739,0.36597404794757765,0.18460573109872305,0.155868896091435,0.08875848097611125,0.1709321567787085,0.21037217794535298,0.19412323309656637,0.16672038753041193,0.24516382648241197,0.3013247228344276,0.28587234056095534
0.14636930040981547,0.23025620839862884,0.28707732778913875,0.2964915993117351,0.27428332736486766,0.426787653562164,0.1992945912832244,0.2932448975268827,0.3301869685443143,0.14465645028693216,0.1711423418743755,0.2023600081026254,0.5678624930990385,1.0,0.25964986271603163,0.184099876211879,0.3646444849702094,0.3330517683664253,0.5690703147405531,0.2397148070007341,0.265330778790004,0.1421325203250997,0.21502602719588612,0.21413504691069934,0.2942593121670241,0.13730930957055476,0.1866143253761982,0.17682182502650395,0.17851714113980796,0.1576304430448915,0.2056543624493966,0.13176644752134886,0.0863060949799208,0.2597204976697855,0.18181108655450615,0.3228002310173189,0.11351628885495768,0.12839112836619682,0.16265182214853835,0.15795531262123144,0.18794578828645833,0.13403465836906653,0.179406061393596,0.12701871847216534,0.11054707379347326,0.17287360564914447,0.10580406423775443,0.17298245220252612,0.2467388029869494,0.18926951813387716,0.17633806552098788,0.27559424732467347,0.17198395262792823,0.16648609493655198,0.44103009308662533,0.41374222890030193,0.2862083242059706,0.36618964069550525,0.21700479180365437,0.17951540268365498,0.20950755103732352,0.4889367927042486,0.5302951449295246,0.3026502093345583,0.24193507162282568,0.2127499619704536,0.2665044425856968,0.48704062326518355,0.2636726542752391,0.2939962666933835,0.19468311094272714,0.32542806091406284,0.4307940803523002,0.14299218725920051,0.17969610938836045,0.21858070404222327,0.1735479316937575,0.17507809164438667,0.16217165741160766,0.1608996215676581,0.28725916544739444,0.19297030433435294,0.17620749694435406,0.07991851246748453,0.17095999283465685,0.14105514505285446,0.14632433865676145,0.10392877939984786,0.18328949536382627,0.27935188974773617,0.14234332604225694,0.18681308975288158,0.1091658493983969,0.15283106838865684,0.16887539252001738,0.15523502627633112,0.12272916473719953,0.2798208772933407,0.29031246614791395,0.1974926065971571
0.11806156544417211,0.12801938239726637,0.1600424767539113,0.1483306648085961,0.20905641598685093,0.09751353515544439,0.12141177208063444,0.1286925642365973,0.12228716129651038,0.15432740075580825,0.15584156982587333,0.32193188262817213,0.23136660199526068,0.25964986271603163,1.0,0.1355714953853907,0.1918522382155743,0.19102799578639124,0.13108630136930735,0.22603879111374597,0.356133241035232,0.20080830646051867,0.2308585480923435,0.14323646755373726,0.15224543149942146,0.16728144269750528,0.3197975760643955,0.21352644656720768,0.12376860340154248,0.1860730680607779,0.10123253932205657,0.12504971878720875,0.21932170915382024,0.1461826744693245,0.27028230566151606,0.17099633585012297,0.13950250460219918,0.13181511515939237,0.12627033678434224,0.13270429482718013,0.2229991523587997,0.11671772892202315,0.145466338885264,0.21881374614229007,0.10839958437978289,0.279077610941301,0.20394002908589942,0.22209788788196555,0.15944719844077743,0.11423732805039187,0.2033719003434319,0.14574516680341254,0.13745398420207727,0.17386255916831195,0.12384910002914493,0.17109669021782864,0.15440443566585424,0.15383936997854916,0.13111738362748662,0.1762821684332206,0.23624995300900367,0.20733725382244358,0.24954234365788006,0.10953326874779352,0.1021189510771807,0.66161516194717,0.12928866657377497,0.1603569145898376,0.15197744337654556,0.12333827619610628,0.23215827097287195,0.10559287902931777,0.1537216440037932,0.11489060292799792,0.18643009121712664,0.17005088900896043,0.20758421957143178,0.2564524654516606,0.1199001137001406,0.15439987320185222,0.15492488901547555,0.16026371564727113,0.13053898606825085,0.16992175367242657,0.22650882986279422,0.1590288035765896,0.1733625598333657,0.16962648637174194,0.14267615488825564,0.23925113901033043,0.12129698125448403,0.11965444377023632,0.11978818838911022,0.11456222496546607,0.25361412390278754,0.14161349633868575,0.17391939762604658,0.19155584363827904,0.14800310100389347,0.12947315215185792
0.17440077904753018,0.40528600323232516,0.11712023575858417,0.428239872620472,0.27674743272061836,0.1738795025749186,0.48118572436503604,0.23292004193047736,0.21301051781134184,0.1533055844273707,0.3751679623898382,0.2125746547264214,0.13290059698058615,0.184099876211879,0.1355714953853907,0.9999999999999998,0.2012005936069383,0.27325660630567017,0.24669291736485774,0.1640553553411177,0.18187989924483558,0.21463028110404572,0.32219181762474436,0.2119458764198822,0.18307929698719644,0.2067230998286962,0.16476397747693516,0.13180204305766816,0.19552165794722443,0.28862484731261656,0.14355751579820306,0.17197584362066867,0.21453772061341675,0.31353601294505545,0.16237269571219806,0.1274334620607828,0.17548216790500648,0.17641268817932942,0.23041461907239016,0.2658468352078921,0.11816684522443696,0.23781489024923275,0.08959744296577052,0.20284988000804782,0.15896828553788261,0.165958649332392,0.10754701041359499,0.15748739826544786,0.1590073775640383,0.10139760307200889,0.25810956383185624,0.23722660954665,0.40273128565619243,0.33641147750782235,0.1659967596041415,0.1892194886871241,0.2657177608387659,0.23748441669773437,0.22452373392453595,0.2377044677182431,0.1652597391762858,0.11555958358448798,0.15596170413266586,0.1509981657644859,0.16542466301204906,0.11819563665557743,0.18376004775449878,0.18543954445631755,0.30854207329742783,0.2255872447252489,0.18087112766925434,0.19521171084843159,0.28204910807802847,0.11189923433860069,0.29978829797195694,0.19393631638273248,0.22044102229211215,0.22130083299033548,0.187693896783285,0.3339016764042694,0.16599384915775206,0.21990433030112658,0.1527878508488859,0.23253264933396217,0.21403323205119057,0.2912955865260089,0.16268364998671267,0.14977751439846992,0.10593281126927735,0.1792199748610378,0.269461760048775,0.3050250540487722,0.16907235324903822,0.20561207288305786,0.1593486080757172,0.2106664301409648,0.15149700804931918,0.16339299977487365,0.15104928316021252,0.09206192510651252
0.24188548990077707,0.20830643427292436,0.3550288694792697,0.26646517927527513,0.2124594441899138,0.4288176475356163,0.17440507236901776,0.18552530090186978,0.3357679165679929,0.19580004029293568,0.15174038763515207,0.19166671884424213,0.3301452297038471,0.3646444849702094,0.1918522382155743,0.2012005936069383,1.0,0.241401318432787,0.30922517572128705,0.32416871714642476,0.373830879255469,0.3575059666602067,0.2749162712802224,0.20517219786175833,0.17476137344049308,0.19819106074460238,0.1250757417430005,0.13935381169653413,0.14191294921480152,0.1215261914195423,0.27165479274310084,0.17703183600074676,0.23063458865178207,0.4141908739795058,0.18678153633560202,0.37575725831069556,0.14855982347376398,0.18553827852423835,0.0914453175171579,0.14574866842007783,0.18019855738069995,0.19314255350332749,0.16635205687628363,0.11813057672161777,0.21024124292601082,0.14666272025785457,0.13015890192607266,0.1460939116921444,0.3315604912026396,0.23599885332084736,0.22288607161392476,0.2356928716757605,0.15585212025743228,0.2237650084479879,0.39121897117442744,0.38987518548968936,0.20343909270088958,0.2983329436320876,0.2756268993258764,0.21135642521297748,0.24274198075472148,0.34824683452523875,0.35583555408829837,0.2976076413043796,0.35081141185089193,0.19498497555743663,0.3389255572306772,0.4722341240452499,0.22716821244896446,0.2465347627399113,0.2831426118403148,0.33014444434284235,0.22227257573690376,0.20831383088058017,0.16715495473673578,0.249391304390265,0.18716176799546608,0.19471548469342542,0.17296201564863173,0.25162660786662105,0.16685672390181866,0.2499457427196927,0.1659236055354384,0.15147950249450481,0.17450460620519223,0.18169968434218522,0.22365724828837538,0.0879021936301965,0.28114110469692694,0.35062601751140426,0.2754712481855316,0.2310936255255879,0.21407969205825605,0.1793592559513339,0.22217544380504833,0.21143422196653183,0.1539636039965727,0.2407129181706489,0.33855476169169285,0.2464497827877295
0.15684713995346392,0.22102685782659362,0.228956762985898,0.2811036866787855,0.2465007783590066,0.22062048760471237,0.3129215539090613,0.44122142244031415,0.27078524108224516,0.15437450583193507,0.20078778139348197,0.16958835742783293,0.4408580722761398,0.3330517683664253,0.19102799578639124,0.27325660630567017,0.241401318432787,1.0,0.3999547054965525,0.1819896713667664,0.16795397468337545,0.1748327915373878,0.2240262220630166,0.2916580541954734,0.22122169377805648,0.11805529150262814,0.1716737532915632,0.2215838840159658,0.18581386824848434,0.1255859269794622,0.19661155625992974,0.19525681430543915,0.2237145168894777,0.4456701413401908,0.13433373944692636,0.1974901972307191,0.2120476185070179,0.13800107489946284,0.211276384539797,0.1906188494543676,0.2487964472061199,0.15637419723755286,0.10742326223552186,0.19699704240402907,0.12537072224319937,0.19240949551812048,0.22416447992173694,0.15005306770863103,0.20834747022371417,0.16969344664979355,0.23110466916148015,0.2685210120286446,0.2804506657247237,0.18184980462496364,0.3405265320276219,0.3197858241721685,0.46365396321283675,0.33775832327073496,0.22145972247588785,0.19358739603208647,0.21378148796718602,0.3519311643709101,0.3341483662214176,0.22010621367277056,0.1620974014197965,0.23017403943061526,0.26672741132480576,0.38638187483961767,0.3601991481417359,0.6151605610871637,0.22972685907056362,0.20110555511757605,0.4047745019160255,0.12592424702164612,0.1683817171273407,0.20897703162265754,0.2542420147106954,0.2104736275050356,0.2038392857120119,0.16172187098358176,0.2858117085161866,0.2564523399188498,0.19916523528980473,0.22308465854451007,0.1786691594769301,0.17778844960467322,0.17009282508422502,0.2578232106388815,0.21480442099912578,0.2645900158932675,0.16495130592774013,0.22696704575027185,0.18457381781889343,0.1822346863556972,0.2516762824845874,0.12779129727468963,0.1335216962582226,0.17925102801222273,0.25392134751937595,0.22181350925923776
0.22631510904996122,0.3031348706193346,0.3141592104669825,0.2625144989511063,0.24985336574392183,0.3191268346868651,0.1850070619890711,0.33631032499717606,0.22261987077639578,0.2565916407546141,0.21411467209311752,0.25390762313382864,0.41331151669841576,0.5690703147405531,0.13108630136930735,0.24669291736485774,0.30922517572128705,0.3999547054965525,1.0,0.22255117555038031,0.18369168947540335,0.14401758340003823,0.18890616656910522,0.24128109069677883,0.19954175860023377,0.14951246355812017,0.15701469297753146,0.18254567824184925,0.1961604329934255,0.12817629565615762,0.257079425268465,0.146663719465524,0.15384710429988424,0.28691096445193326,0.1441860726106722,0.2545182513211952,0.14668783428861148,0.16100488953701325,0.16624256160785064,0.2636753691681408,0.14425628468511037,0.16300837735207557,0.13690126453977053,0.12125606946050153,0.11561649988941239,0.23995410733976819,0.14712949052634586,0.19139017428465202,0.17471631082615813,0.17982176667950045,0.21736891001159972,0.37263062219607873,0.32473985601162997,0.17839234920366506,0.41029626806337194,0.2910216199281549,0.35342121436206,0.3047213388198576,0.2344125149082758,0.20812230352153194,0.16880965297810846,0.38128906527746753,0.3531438095973363,0.3731315895032139,0.31853563268278723,0.1422653154591774,0.23150401417407515,0.6130331033492481,0.22746472977774007,0.3977776277058279,0.19294553253835575,0.230564136254319,0.4665271994313097,0.20712330257328868,0.15473121774610948,0.2074198781986074,0.16182379375013856,0.18722540673519045,0.23343948133223413,0.18210629914770654,0.34532319367100617,0.1903188199704703,0.171493382571873,0.10015546599354869,0.1924833748187014,0.10819593505209814,0.11184430645361423,0.1475236423077123,0.17407862741595492,0.2076315604562964,0.22917710327414137,0.2518484149524079,0.1943494417845935,0.18574056241638018,0.15230784623736524,0.2142695956717312,0.2039855810170515,0.20474989343207237,0.2034415357927989,0.1819244427281627
0.24932783960612678,0.19213075465392987,0.19604322839962096,0.16610967334045038,0.13740263119077348,0.3632308454495728,0.10995122464359998,0.15418020017968473,0.28745866139316323,0.28043103151953297,0.19199073746150933,0.24419583782359686,0.26115334562316744,0.2397148070007341,0.22603879111374597,0.1640553553411177,0.32416871714642476,0.1819896713667664,0.22255117555038031,1.0,0.2377541042426204,0.2264571414260187,0.16120977800127678,0.2850865441877069,0.17948168239920553,0.276189432387216,0.24887040788286863,0.28378006894668956,0.2940118572344205,0.1424905775587383,0.30312469201581377,0.14230440923060447,0.14143754645621176,0.19336167340459448,0.20658051773759806,0.5276451220716631,0.23480797805583473,0.17588595959625955,0.121381567169201,0.15184008313405958,0.27348109632038275,0.1536038768313588,0.21881206306503917,0.14866367911705877,0.2762415037543115,0.20953054736620297,0.25124003505081344,0.13377606026843641,0.3892496118877887,0.32719126265843806,0.12359132260382319,0.22053563450969868,0.19025228041153794,0.11856114834082723,0.31711616488222993,0.3129176306410323,0.15471395239176805,0.18903391003692122,0.20198652240290765,0.1665602996426331,0.15029205805251084,0.3012714161319495,0.29144927972982554,0.3111232926172983,0.270412362297486,0.2242626599013181,0.22540851220372848,0.3590294772818127,0.1583194259893793,0.25665864005554434,0.2586959487360455,0.24605146190955254,0.2632206772617295,0.20870702202868097,0.14672587658638878,0.24859497732972918,0.29792125242683765,0.17744561032701947,0.19300281472772798,0.16145866316221616,0.2728487512255366,0.29090352311344114,0.21484655502543312,0.12280314795184277,0.20946949907565474,0.18929036059640206,0.34340333720936794,0.2615489021279714,0.45588150433681923,0.4246708568994395,0.16447657683450967,0.14338911496153545,0.19278933216548563,0.11657607251507084,0.23230406461770428,0.15321608024763791,0.15584788511403191,0.19832772221795844,0.40165647538220245,0.3037679901857908
