0,1,2,3,4,5,6,7,8,9,10,11,12,13,14,15,16,17,18,19,20,21,22,23,24,25,26,27,28,29,30,31,32,33,34,35,36,37,38,39,40,41,42,43,44,45,46,47,48,49,50,51,52,53,54,55,56,57,58,59,60,61,62,63,64,65,66,67,68,69,70,71,72,73,74,75,76,77,78,79,80,81,82,83,84,85,86,87,88,89,90,91,92,93,94,95,96,97,98,99
1.0,0.2156824451835727,0.30583501696727855,0.17229163739126183,0.23601401846487283,0.29353396181388636,0.3872940451158593,0.28485099753442267,0.3236821371870349,0.25957622454351204,0.23180158146322002,0.3173820882085716,0.1533523830596919,0.2653965758826086,0.2756789446434569,0.4937042883148176,0.21417213497717852,0.22848990222680085,0.2088881190325956,0.19572204149304198,0.28408633638665143,0.21650114919213115,0.14966554327889786,0.1791840514536163,0.22455774261216646,0.13421433097147537,0.25125278815070085,0.19619901482457844,0.28166077974989084,0.1657387470954079,0.22607463551083928,0.2579168924191728,0.1361206991994749,0.1765049461393217,0.1416622918347673,0.2807291624431048,0.20129032172401873,0.2385847667408617,0.26022286451051424,0.23869481613598653,0.24287771118493084,0.2603397194407846,0.15643982010425003,0.22418773639475623,0.17769451484431165,0.18821685269505978,0.18852968065764367,0.1740083281298537,0.3250678418638582,0.3187842105192129,0.2653382485256062,0.2207836818328253,0.1516408419517809,0.11834338805920847,0.23879020595905023,0.33832210380148775,0.23852637470140728,0.21085299266061483,0.1883740598255826,0.22666257736161644,0.15650558364346612,0.16791695411132115,0.13533461592717966,0.22660232282675785,0.20461813854298475,0.3094510931133922,0.2833049880933644,0.25774347047887863,0.2709157580203574,0.1781790188763394,0.3134201035281477,0.2750429339898369,0.23862076049605982,0.1670173415257526,0.18676796167359663,0.22072445148760314,0.3515111296988589,0.19238282062355064,0.29988729957136057,0.1115986781957999,0.2780739742271244,0.24159530245718341,0.1296873348574788,0.18954236421601262,0.22583212977322756,0.22938928152911275,0.15285567122345353,0.2193797119900002,0.2640535818426434,0.25391054901939336,0.25990354954685047,0.16678290947801164,0.2640600625179352,0.20128536446179784,0.18456774316313504,0.3141556022844556,0.16497137899721015,0.14981661298699298,0.2721823424028796,0.32930156656091386
0.2156824451835727,1.0,0.729757580061945,0.4355126964288741,0.7591277534257014,0.4191548592167106,0.5796792753151241,0.5736474103392025,0.4752005804265985,0.2073965283985134,0.27220304548312724,0.23972415350940723,0.22153358008329982,0.26728617796096565,0.24534631263486414,0.21739696700331235,0.3185461287302889,0.24386646622156233,0.29393616944154327,0.40236592860888215,0.21684982386508345,0.26909245638293533,0.22304080586049832,0.18588780892956402,0.2405012669483994,0.3265811214584191,0.14247594764402513,0.1675802746157284,0.09865211290056043,0.14160814020309298,0.12622852420730932,0.1474763198177505,0.12507752484579157,0.22441422717255108,0.17431702799051507,0.5352486511936129,0.1966785449857948,0.1666331827195295,0.24860090696867587,0.167992967444556,0.27418920815291126,0.2463799211046235,0.1715254144355618,0.22787559812149696,0.11140240972046254,0.12626225584959172,0.17743526714037783,0.16337808441572677,0.2611020082664915,0.22693681141231548,0.1705666876968075,0.8128311184535327,0.2744449403379096,0.29651554595884166,0.46389508775376487,0.21410657236507097,0.3813712830477947,0.4932109730775634,0.22911582596931834,0.19399222163730045,0.294288148568609,0.18213297696220376,0.25202009956952737,0.3652760879194257,0.26932248200823977,0.3883332603562002,0.21076160990702714,0.36740680149964505,0.21464331647175577,0.2714594608636836,0.11958695921645512,0.23715867946659128,0.2302748803465994,0.14870134792474413,0.2645597065587987,0.16820239120076208,0.10270436816532211,0.09834585843689408,0.1184898188890709,0.24164878475185686,0.2503014716549821,0.13465968751821203,0.18987032470737106,0.1431208364334987,0.18850966831649107,0.162090402058872,0.1728312463366859,0.11586840382094116,0.33505094976830624,0.1701152386016807,0.20231247835575064,0.2934856850123841,0.22306616781312755,0.2979159754585357,0.2996997218251931,0.14925578463383432,0.1532324116393341,0.11054965200346484,0.13437828261303408,0.19314164529204883
0.30583501696727855,0.729757580061945,1.0,0.29700809828016767,0.6736486574744757,0.6097242584585877,0.4932142390074833,0.6043550715376971,0.7534259280451844,0.23158279205446075,0.3191456755062438,0.24873932332416265,0.2543734560408162,0.282716075839474,0.19980312202399209,0.17353726057988225,0.3090937622173008,0.16325906179462202,0.25791192656151457,0.43137616377539534,0.17254656622848102,0.4160681900953838,0.25240544214127786,0.1421974563777863,0.20534650130159082,0.2280692045722747,0.15071306946000262,0.24031905385842864,0.18473108439771563,0.12851791041504568,0.16959949421558504,0.1495491579885876,0.10308093142692362,0.1124129792997135,0.2010397841219633,0.5834969807870691,0.19453256765770996,0.15874067536252984,0.2600943963316839,0.1703818629934225,0.257725639951174,0.24539206509693332,0.17927308305620662,0.2586082944946006,0.13726831586633156,0.12115545002898911,0.161283391470111,0.23003814885953242,0.3624415907377254,0.28306248392259364,0.19239057030982648,0.6371988884291719,0.20941678075094494,0.1481818868221463,0.5702275103421577,0.4551558962612093,0.2773584929120315,0.6047830785955137,0.17881831178784613,0.16576987279463473,0.3011423653508951,0.2816112477970909,0.194471260949031,0.39719692200671497,0.207647733754441,0.324467091013827,0.27181517751482914,0.32462121050648873,0.19379562692901103,0.14787656667903834,0.18207998827155836,0.34099962385112864,0.3215511605764773,0.16884139718482588,0.22112194033202034,0.16394207357069135,0.18028197123162124,0.08994184789929695,0.14725611851622383,0.17405604087353604,0.24970567843904487,0.1605949173776981,0.21114840438294602,0.12803577377504205,0.18979110692375348,0.23209556940948384,0.19065194073270797,0.13029099575485184,0.3309890788478854,0.25281681972869324,0.2049177221895148,0.2649208549175063,0.2128809407253892,0.24246505100783688,0.30534393224851647,0.19997007181855764,0.16904586972923272,0.11108380469642146,0.2200031254573542,0.25355760643745223
0.17229163739126183,0.4355126964288741,0.29700809828016767,1.0,0.4372053938490352,0.18916323863490273,0.2965866118681158,0.5459332483701167,0.25663514655100456,0.21481568262706235,0.26912950948763864,0.2252267418164197,0.20261073758524137,0.17255013916215212,0.1510847336784517,0.2808791329407786,0.14876097286511575,0.34203530690769024,0.1272842648373612,0.18020576958863652,0.14416378213262465,0.18691583432114206,0.19362347031711008,0.14740990194443862,0.21730818240357994,0.2275486555205107,0.1865891825326477,0.1050053640452346,0.1334650848743048,0.19958071524341392,0.20230677963169516,0.144969982953826,0.12210875470043872,0.3280437885401082,0.17858954284274242,0.2823223935832267,0.11505147044560984,0.22236513840959146,0.2817102916440405,0.18541491955305683,0.21310572355808716,0.3071704535386889,0.2393908764274804,0.11460918155194522,0.16273758966703236,0.21415103225137502,0.1357149109611325,0.18946398490165187,0.2540535340132628,0.22903597504933457,0.23936474419177367,0.3915960674411907,0.32467019907735245,0.5808720616440591,0.1834339298114179,0.17914773766981934,0.4100358629075247,0.4069228390039697,0.3061234793337946,0.26229025076248347,0.31466208120360256,0.3227148870219726,0.2794069799150368,0.3458775695251698,0.25454051965680785,0.26056889578760173,0.1710157169673974,0.2527910189469587,0.21511001057862691,0.32312099645692083,0.15124636874116007,0.1408183381449285,0.1742314644056866,0.2091127103703016,0.1934106514519335,0.1326475942936361,0.149380122591947,0.1469121621702027,0.108947629795232,0.1645602273031345,0.2675857487408737,0.17673467950558824,0.24956663365407175,0.2506210281996906,0.21782819267580555,0.184748098323415,0.08869576103370498,0.14638824994793315,0.20474675064538317,0.1970008176236238,0.24933718048484677,0.20491284583284322,0.29120012766851455,0.29690003131981046,0.21402492658804761,0.09234671483303356,0.2339406055619792,0.19019838036146824,0.17728987832923604,0.20139317257787348
0.23601401846487283,0.7591277534257014,0.6736486574744757,0.4372053938490352,1.0,0.6065461025708133,0.3359227407545085,0.521673387996817,0.6300784836925326,0.2901561167198842,0.211363484605554,0.21037957293376985,0.24024791027048012,0.23469559226174722,0.18109440334782012,0.15792374076598187,0.3626416267220742,0.17279076771805946,0.3354822760946601,0.3678000083686137,0.19318831072272558,0.42365300021078434,0.24159791334351943,0.10503974475406846,0.25101652777892275,0.28642850583531565,0.13015457976983807,0.15661329475695188,0.1255372906943526,0.12922707885636076,0.19495118046961646,0.17579017687669812,0.1238885796727312,0.17242660060723805,0.18858279522993363,0.4596838512360719,0.20893667056479404,0.13818867513198088,0.22305547936918174,0.14036579019442746,0.27532327673924706,0.3250932994625523,0.27202921325341783,0.2491900272299729,0.12539313642374006,0.14912659618985574,0.1812032154032712,0.2617087218022861,0.20179962364187,0.15449753165146674,0.2718781916811049,0.5547611304019509,0.17723415861465502,0.31793368373058856,0.6498885497543647,0.3221844857518009,0.28142871494842253,0.49324720558572277,0.19908699273615119,0.24998448349623947,0.2970279605329798,0.24976903365788003,0.24108468039334913,0.4237876533696861,0.2453836676125784,0.3231403711839306,0.23946934401980322,0.4046219658571031,0.31766073174849413,0.1774034939037726,0.16139733050200772,0.38279955974332636,0.3191215294076299,0.13422997060537567,0.23738464420821626,0.18051137315642646,0.14397037965188741,0.12242869773222521,0.14254385489652022,0.16405618929868784,0.31420118225404325,0.13920332448682254,0.18430185229869167,0.16577852503480175,0.18298467186265766,0.1543737078988383,0.18093519674582145,0.1439388119777946,0.2793384375560319,0.20164428317972394,0.1649826519590858,0.33053518937518944,0.1738096022692368,0.3497224623605053,0.42302464896494785,0.18167707269964947,0.19115956727362032,0.1337105645495892,0.14733671282779995,0.18032614141296063
0.29353396181388636,0.4191548592167106,0.6097242584585877,0.18916323863490273,0.6065461025708133,1.0,0.2367355016463065,0.31584179684961905,0.5945036764748087,0.2992322454304251,0.19720018322333027,0.203151835512247,0.16389979025204185,0.15567011798062969,0.12670435233063596,0.18471985362536858,0.32325303450124143,0.1331873687068079,0.2899643523487029,0.47066771769070326,0.1824464801635036,0.3799033421998947,0.16880546555763412,0.16162060777891185,0.14936299268714892,0.11564013311319307,0.1648222236249899,0.24329269499068554,0.20379453928577737,0.1394071319061825,0.1745374459783239,0.2265033080763698,0.15747892430730054,0.08773338632464811,0.11893196255840752,0.3774931111540735,0.2975143270320034,0.117714370897079,0.20259781340005129,0.15713495747581763,0.25569008202715915,0.2471448676404748,0.21790380040902957,0.2664629787671188,0.0917930254915626,0.18819862747586413,0.24863172920871046,0.2167887261468441,0.29167276523121227,0.17114969400089464,0.2706129954646445,0.40418526667225746,0.15669203891384348,0.14460539729153815,0.8929309226520902,0.6011799576028043,0.24353192689937536,0.46868401104129476,0.15787890475901475,0.2470016151737899,0.23767695823188056,0.19787543811982675,0.12854035112041387,0.23367675805478216,0.10005518443203608,0.16978713741680665,0.2155256239003841,0.20628786111843056,0.3213610975569934,0.09607129767498318,0.21665434294084912,0.4437799063463542,0.29184388677611034,0.1434165021399687,0.23437812867156882,0.15443922615664848,0.23775633566896515,0.16565970558144139,0.16309270325153613,0.18364264157674987,0.31072391378317454,0.1381528782651368,0.19111761593983545,0.18018792048375384,0.15456107223452428,0.13198074415643626,0.27448660149255705,0.17109361685589194,0.28469954535431924,0.1857901278505797,0.15073172254986655,0.19202406725278148,0.13800181953045745,0.24372827982079748,0.36443829537453276,0.22348851552352564,0.2187806046969231,0.1409248760110619,0.2516336776277907,0.23238469399747647
0.3872940451158593,0.5796792753151241,0.4932142390074833,0.2965866118681158,0.3359227407545085,0.2367355016463065,0.9999999999999998,0.3995586456764663,0.3224250154672783,0.17318699423797884,0.25073769861895057,0.1493028541621534,0.21746055227178612,0.2756016273143433,0.21656637158383465,0.3335860195119475,0.29849156481581013,0.24316961953330635,0.2682073997238762,0.3035195027426145,0.20074783905632312,0.09765735593803428,0.1680080913607563,0.2551466382919214,0.20745540399312248,0.25936767884047246,0.2008072325070157,0.1277554044714197,0.18939623490808458,0.11868925644484508,0.11253916120081836,0.14001496436642002,0.21843041732019697,0.2432972120862792,0.1265347038624629,0.47835910126847,0.18400920332693171,0.20713603525362356,0.22806588740638306,0.2266849151959767,0.3564404662919233,0.1702645190466453,0.11660608214422877,0.20285595486403954,0.11120834086157146,0.15513025366277777,0.15238258912660085,0.19672226067293438,0.29952339514413384,0.3921272654885204,0.19952647622403305,0.5294821890139696,0.25440168947253017,0.14968937577042513,0.2592743894334089,0.20728013973803136,0.32277625562127116,0.3167344147101676,0.19052511628042101,0.11980006851728918,0.1699652355047095,0.1748647644876598,0.14473282733416862,0.23836889974486614,0.2546227545052589,0.3069078753788882,0.18610784799449925,0.2859855635500586,0.15698828570070983,0.2478041975174682,0.17223752012735674,0.10286206260228475,0.0961486169713589,0.1784102734439038,0.3279876299821296,0.1358202193643699,0.20498348181108766,0.16188654639620992,0.13260251018637656,0.22327318523304848,0.25057668470639377,0.20546131682333096,0.11134691925806692,0.1455215008803684,0.1961166903739161,0.1919914878963305,0.16780678828824092,0.11465854569417486,0.34278421106330653,0.2019202344239681,0.19155214877292812,0.17291183540360583,0.1679341700944429,0.14724370106338067,0.13223312351461977,0.18923166429005964,0.14377704698532995,0.12233691837083055,0.17475176007809057,0.2996146195772657
0.28485099753442267,0.5736474103392025,0.6043550715376971,0.5459332483701167,0.521673387996817,0.31584179684961905,0.3995586456764663,0.9999999999999998,0.42046511641298623,0.17846478956833753,0.3245952084417237,0.24909609786558878,0.20222219722240345,0.31220025211530555,0.20237211879427955,0.3533028747963436,0.21363347815708758,0.39108006501663817,0.2490903809877937,0.1823534644712127,0.18644093176723728,0.2511157273915599,0.1721631009344237,0.1345307534695057,0.24570641086117076,0.17028890790721615,0.21172715305985568,0.15063864172430463,0.16690483398035172,0.24253089674141032,0.13558147630401754,0.1445433413954725,0.15602814261276648,0.2945709763278043,0.1567219511618115,0.36091334324948154,0.16669388494675355,0.27411682635189494,0.39207708850737955,0.2595722562536322,0.24924508599296347,0.25310378464658434,0.17874555377695997,0.17284339489397577,0.0918878305631477,0.21107596742814758,0.16108921953830702,0.1979796381498431,0.2506098911006347,0.1758535342631873,0.17952989805025515,0.5236967706040982,0.22385780192460641,0.2821872998816136,0.32210594473952653,0.2358984745850251,0.4853270961534343,0.656916159841885,0.23194042555950872,0.24424246961625698,0.21966431875693423,0.21994141534432698,0.16408373108824886,0.33029318117877504,0.21179209873347787,0.3318016130653163,0.30096800096351833,0.29084387217383845,0.1900637788838563,0.43897917067613057,0.1927592913957272,0.24308881207896077,0.17797634422567354,0.2030120037212694,0.18600832346117524,0.1257982989390998,0.2490303994857783,0.1571123641435625,0.1740217521907715,0.20342771410645186,0.23546577999556184,0.2349069694859277,0.20427989386455056,0.19659763072581107,0.19545895500201727,0.24361416509991082,0.17105484320982384,0.13393374940669528,0.21483745497083645,0.2928420834342914,0.28270852022930604,0.29497434794480126,0.3373621979958962,0.22347116280473703,0.19120518728485192,0.15612498352425616,0.2929089162491289,0.23721584102175852,0.16019236991801825,0.22785421672320855
0.3236821371870349,0.4752005804265985,0.7534259280451844,0.25663514655100456,0.6300784836925326,0.5945036764748087,0.3224250154672783,0.42046511641298623,1.0,0.37594674617623397,0.25983251027703125,0.30258007892441946,0.2322577526985474,0.14624694606293046,0.1226958291980161,0.17367817781276504,0.278288751881667,0.15078272631671202,0.21925764689126076,0.5205928511836762,0.1377408282007936,0.47340909574512907,0.2893812724324959,0.1133189305395656,0.1838521187857972,0.17249140064797194,0.13896963315003305,0.2396900781280631,0.21043261131656468,0.1288479003827137,0.2708580297738698,0.2630281968688624,0.13029388278697704,0.12650396376520096,0.19991532079566038,0.5141553960512026,0.2015059642825196,0.18071739196292697,0.20273966301967097,0.17442262282358628,0.224365946096005,0.2805867020000551,0.313937312132217,0.251440413575165,0.16729150900399758,0.1426624316136218,0.1433318776090905,0.25655229780344274,0.35978170009613636,0.186727985558942,0.29222253503867773,0.44017945918724144,0.21085711257237028,0.17090439655258974,0.5569497891837686,0.6874528497026636,0.2686851954577216,0.569255799033332,0.2352123577469626,0.1989886619878045,0.30632379583920905,0.2636288554454375,0.21902484409327952,0.32661616465219157,0.15246823431467893,0.17668656845978303,0.24375590435867453,0.2682279720441996,0.27806802045237333,0.1016459134760337,0.21115455583140338,0.427653377722885,0.33556274527777874,0.18390631991717518,0.25073501236722223,0.15668933748542202,0.18231689020095415,0.1465888135042795,0.18020265850832964,0.15095958915669014,0.29059323862382797,0.12735560382667907,0.23415356993115788,0.18128092407977248,0.22742097661225846,0.2532021339870951,0.18971353142438263,0.1568842430167075,0.3549287673864097,0.2114067872377355,0.15611985096468978,0.19460907278122533,0.18961799374847355,0.23647348889870468,0.36650642244343185,0.22379917298093707,0.14375490314989064,0.111779276148497,0.2615066307264669,0.17337964528363553
0.25957622454351204,0.2073965283985134,0.23158279205446075,0.21481568262706235,0.2901561167198842,0.2992322454304251,0.17318699423797884,0.17846478956833753,0.37594674617623397,0.9999999999999998,0.20967895419760357,0.24078695526650007,0.28205805876220025,0.1263906716845639,0.12569226107935189,0.2865259526398148,0.17823638667312064,0.3002401626629933,0.18672173555305516,0.32410927808392453,0.1506803879634488,0.2384485797744749,0.17359789216784643,0.21118016916415674,0.37218518620361085,0.1685009254128912,0.2148077206249631,0.23935726014345324,0.19257974018533136,0.23033216476396567,0.23337369503445574,0.34094380047093203,0.11482402281324428,0.27478299438008885,0.24111274647842057,0.17470007545866484,0.1842322041868455,0.12621804076079973,0.2526376578872727,0.32799186441677636,0.20469000950268812,0.22584188680940512,0.25028483831701137,0.2102547449497939,0.2896713322998734,0.22644456238276012,0.20619791641173635,0.20080845312055595,0.21050760504858432,0.19524924612047828,0.33438162593711557,0.17080734300753186,0.20532376691608328,0.17730057773560373,0.3102455115061223,0.4401028890190338,0.32728336704945105,0.16136198905783833,0.5350252035419145,0.25051864951425373,0.17715942805335932,0.2266095551867682,0.26040436210199225,0.22103525769951604,0.15059885963676323,0.12642402889328613,0.18209998724847307,0.23248655415534872,0.36314655156239073,0.2839032025966504,0.17367116025674184,0.29567433396831505,0.23553463345967396,0.3580271681292461,0.28012781227901534,0.40433616859149324,0.16427245285623926,0.26656245618001406,0.16377005685500315,0.1514233509737679,0.2660034029524112,0.20228831743808315,0.10837516762289857,0.37806991438642445,0.13257920049806468,0.19722571107301834,0.11405559542743915,0.2190668851700311,0.21551633726262198,0.20681067018157984,0.1720994891824573,0.18696160721100696,0.26775888283321536,0.2750353960688334,0.2771299240972439,0.20771078142882,0.21742624092719182,0.25987767160934677,0.2403058655910628,0.1983015179289719
0.23180158146322002,0.27220304548312724,0.3191456755062438,0.26912950948763864,0.211363484605554,0.19720018322333027,0.25073769861895057,0.3245952084417237,0.25983251027703125,0.20967895419760357,1.0,0.6630713330184176,0.09745205476337476,0.20714920698299483,0.1637304551617387,0.18330093120302623,0.212323388249081,0.19843169218802276,0.2592213153667738,0.2582230270984533,0.16133841118598907,0.16402797974959088,0.16312640509800308,0.1691836422906428,0.3474068829035291,0.18918292618833235,0.2438882982819586,0.22988005043327467,0.2560016241191472,0.2412126175193531,0.21555427717395453,0.19634256659611726,0.21160336261509935,0.16316306510793888,0.11146189607066563,0.3442913669095353,0.13210348603387817,0.3874527788982424,0.33160162221808426,0.3492297149953519,0.17744542207217956,0.22385000921146567,0.15322827713654205,0.16154673193833394,0.25141055414355495,0.11575815335419042,0.13567890984571881,0.1986456801862046,0.2357957953641635,0.228368464618037,0.1716974797816012,0.3333857659653232,0.30812290366440326,0.28476013805094186,0.14326350050683978,0.24181927812976436,0.2756285123995028,0.33768831029973695,0.2956086458026206,0.13913368478553023,0.2147360691035576,0.15533194253203733,0.14088587596005986,0.21210555522513397,0.12595716220854575,0.19854959723311164,0.23207562640705376,0.29757018540912017,0.13076665030096232,0.21539997701483482,0.2600498645256619,0.13996141493851377,0.12229227305765418,0.2544919285461131,0.3073817858446521,0.22202891766051647,0.23592597320513578,0.17475611112451034,0.11753665117365017,0.2718205419670762,0.15122056537547354,0.17700504543451578,0.2492969181372326,0.15346659052536327,0.200356246430224,0.2016079887774281,0.13726782809402813,0.1941249208078394,0.3125290877427069,0.2419390266804691,0.37818040349777604,0.3090059103174537,0.3117908293795257,0.18646547379816067,0.20995923609596118,0.19370255823548085,0.1981252343599974,0.2808320330571822,0.252778599776657,0.24534797800468475
0.3173820882085716,0.23972415350940723,0.24873932332416265,0.2252267418164197,0.21037957293376985,0.203151835512247,0.1493028541621534,0.24909609786558878,0.30258007892441946,0.24078695526650007,0.6630713330184176,0.9999999999999998,0.09457412346481005,0.2483179540956654,0.19737744973014054,0.25008087665334755,0.22750100492130468,0.14537768853708194,0.24716375487868458,0.2679899466778631,0.23086325903250174,0.18870195569299472,0.1557905137377304,0.14154327982632758,0.33054926431268705,0.2093186044032496,0.21397842320197052,0.2507416742915914,0.23456409954777863,0.1527178367588961,0.2841289205358944,0.2603724110053569,0.16600943918096825,0.12243123160447368,0.12324739841465979,0.23551847684930294,0.17845443622908044,0.30953724724134907,0.3254282599543292,0.3710578591311065,0.22695666313451315,0.1987693953170381,0.10308104454326136,0.17723134745761698,0.21283878347794033,0.13968085928460194,0.1359972594828095,0.1748442069985695,0.2510887441934113,0.18486697694521517,0.17237747143399307,0.3048227794036193,0.32616528648400006,0.30452945124787,0.15555900443517306,0.32569060779494075,0.19950037732128834,0.3278874355893261,0.371423462042402,0.1965517527630129,0.31114553148731783,0.13251664999622026,0.1954616169552991,0.19563354227109764,0.13685394024894248,0.19694042659858876,0.3888628112427768,0.22596989011625496,0.11988024090370931,0.10142773802937285,0.28395509882381964,0.20367717846837238,0.1398991316888528,0.2748160251088799,0.2438096953148355,0.21442028743306701,0.27969222387640685,0.17606215643296286,0.22567632642638957,0.24422247692050236,0.10657855007583363,0.15210441007374675,0.23277032909925488,0.22382163297377927,0.25309173034877125,0.23614795011349088,0.18821087411885454,0.23013466674247832,0.22343648539128877,0.24773865713370055,0.5028587340250179,0.3732391345572757,0.44159961101464157,0.1882855178224945,0.18077727241499905,0.21928406467609418,0.13160705028920516,0.12413037106224695,0.2532759975122922,0.21475324946865593
0.1533523830596919,0.22153358008329982,0.2543734560408162,0.20261073758524137,0.24024791027048012,0.16389979025204185,0.21746055227178612,0.20222219722240345,0.2322577526985474,0.28205805876220025,0.09745205476337476,0.09457412346481005,1.0,0.2170743373963059,0.3183490186620209,0.13871575033586775,0.2700459171845877,0.12229193232028925,0.20086195092373213,0.15986359495682465,0.22364656071917594,0.28763721795746267,0.34936274936506706,0.20841764419295777,0.28134268911652244,0.31878167888119563,0.31429411426357556,0.3732521451423325,0.28833020109597923,0.17096294535052212,0.2530827899891575,0.1738075420283749,0.16662299852045256,0.11362054192510751,0.3041848530770077,0.2816522419692935,0.24365869292706532,0.152001545646412,0.26129435251379524,0.17933379074298314,0.20558525672603198,0.2044515300789484,0.2096520463026419,0.2697440808357337,0.3816331916391566,0.1235013654703961,0.2765489109776054,0.17420883015259536,0.17389871658005682,0.2429179346045702,0.166718295061759,0.18311235901086723,0.11881049028442131,0.13483354079669818,0.1914667602257521,0.1427136199114527,0.1803742121894525,0.14763190958986944,0.12907965450134204,0.16502379581247345,0.3207523438694787,0.7391065203015996,0.4536201696588915,0.33884985445705934,0.2919847428884348,0.26630559206903176,0.14307037920539195,0.44188780373563763,0.14426963978045595,0.19168486758447933,0.20784609968298917,0.2387802131612996,0.24718479001220828,0.1775648465348325,0.24993339805030124,0.28730086585990006,0.1975923223812201,0.25308472128443665,0.17378476224557923,0.12647729996114507,0.16586324759458984,0.2862514413868696,0.215965870781825,0.12702839895835588,0.2623725866707668,0.2800352716838056,0.17498400859615232,0.24372835711644802,0.20252754520971408,0.19356874492942494,0.08239477972662927,0.19361880655788888,0.14279423126670052,0.19442341773893906,0.21767009934820553,0.20542849439386884,0.24359903054440726,0.1740507242866095,0.2211493786274298,0.1868179371297992
0.2653965758826086,0.26728617796096565,0.282716075839474,0.17255013916215212,0.23469559226174722,0.15567011798062969,0.2756016273143433,0.31220025211530555,0.14624694606293046,0.1263906716845639,0.20714920698299483,0.2483179540956654,0.2170743373963059,0.9999999999999998,0.5268402301306965,0.2846684217068747,0.5039421908302919,0.19137358267830915,0.47031983205602973,0.1984157164343943,0.44701918755830305,0.26858303184196547,0.3051801051832422,0.1346770133495707,0.1772493506855511,0.2793261663159005,0.24379145507349373,0.18843553745587216,0.2364487027508708,0.1610458147653192,0.2073959438718117,0.12800981764596883,0.15246697520593397,0.14813112549813304,0.206893914426227,0.329067546121218,0.21063654849687025,0.1314610854596456,0.2725286695080609,0.29003929709534115,0.21558542520108567,0.170524184023236,0.15066751693426586,0.20892274542334957,0.19252895810225595,0.12485215129987139,0.1812638246058892,0.18006178134538714,0.24840535633002794,0.2940898008301705,0.14563152803546014,0.23642776300885046,0.12076279217602631,0.15350684059060382,0.15436120615520485,0.2241548837786454,0.16988108779023983,0.22254766276118268,0.32275538233846496,0.15123457017347428,0.11703553668142742,0.13359950309541369,0.21823109334591786,0.48775368102319283,0.3625497651600577,0.5582024101325167,0.30943015657597717,0.44913945760318874,0.16554362414078225,0.18178023792278297,0.3683685663761487,0.3228581160206026,0.37852391574223243,0.25605400296006675,0.18159049168455754,0.2024055668598094,0.36072900996365365,0.1722210397284052,0.17582273047027866,0.21165534697815536,0.14383443239427304,0.23076908530755075,0.16123230115126863,0.17856873410447544,0.1634809039299417,0.294287865513605,0.2636253926163777,0.31330548253500756,0.3133167158160413,0.26238322514956147,0.3603618574827079,0.3555735621445972,0.3008058106894567,0.16084186069966902,0.21622991560293547,0.21797749018765025,0.1672280224944769,0.20933378660076293,0.2919561167704375,0.3317840633798531
0.2756789446434569,0.24534631263486414,0.19980312202399209,0.1510847336784517,0.18109440334782012,0.12670435233063596,0.21656637158383465,0.20237211879427955,0.1226958291980161,0.12569226107935189,0.1637304551617387,0.19737744973014054,0.3183490186620209,0.5268402301306965,0.9999999999999998,0.22431655698854033,0.3585345989770402,0.20686108561007752,0.26986300259976304,0.1407426900310319,0.7114458339733268,0.31755092809910174,0.4666207927616653,0.25461922637588524,0.20162739726538156,0.23230779899048418,0.2735116813442847,0.27760816866183746,0.3492654044299133,0.3526216630539969,0.17845208204930152,0.12324882081087946,0.14834076674993069,0.1252250174694444,0.35612409985943644,0.34992726628700704,0.2877576075616037,0.12826256971097172,0.25226665153489775,0.18418783939221062,0.11968681812303197,0.18929620810753803,0.1283991755168049,0.23041783541941255,0.19542537701658277,0.16732518118611628,0.26248506902267366,0.08977949293796243,0.3807843492266487,0.32330728237146233,0.14529726356212908,0.2251203987984235,0.16227317146337011,0.1086708001175018,0.15129867583439932,0.13451472369538808,0.22601577176220924,0.144239102890836,0.16810362849238414,0.2226513458979249,0.24750073242317322,0.17677263316153072,0.20611609599966546,0.3970544052256313,0.5993981326198473,0.7911883413109985,0.13669967920667653,0.29482188410331606,0.15215120675783153,0.15933943277128715,0.4751073223100967,0.23310210897108283,0.31751676185621985,0.12360224940768452,0.2400074111658418,0.16797910426279666,0.3912343781561146,0.30768299201020877,0.13284403878811124,0.09302028839898195,0.16760247096172573,0.1772043051629982,0.33528571104689253,0.21688703467808937,0.31847316565869854,0.3284371247483698,0.332270550751738,0.34312459202454304,0.2744762865494716,0.16805408500053434,0.18879638669854185,0.17568668622374595,0.18972179711619416,0.13141833813681958,0.17299204723407413,0.20261514976411402,0.15114411057785707,0.15617731767398282,0.374356372809883,0.24369308963128614
0.4937042883148176,0.21739696700331235,0.17353726057988225,0.2808791329407786,0.15792374076598187,0.18471985362536858,0.3335860195119475,0.3533028747963436,0.17367817781276504,0.2865259526398148,0.18330093120302623,0.25008087665334755,0.13871575033586775,0.2846684217068747,0.22431655698854033,0.9999999999999998,0.22439213642689065,0.38800365306053897,0.22104674619883383,0.12014462870458338,0.21296620736164357,0.162501809240446,0.18440612362799358,0.17568101397065963,0.18524071413825693,0.21221438669625864,0.19341370344559608,0.1079390244651178,0.13943074675466052,0.17371250331141413,0.18421063643899005,0.3480687251345665,0.15214261348124103,0.3972544764783795,0.20815533470572406,0.242413741913847,0.1774259405087474,0.2749409034278859,0.3133155660123689,0.28565207076929106,0.2127195811834462,0.1852441756259611,0.26379679231638614,0.08990131961888485,0.1052619808047729,0.16364122661863362,0.13254982290935657,0.12039801599860127,0.21573209234432403,0.24605116928060855,0.20188985045459265,0.2576943958197169,0.22317719436547867,0.17675074538570096,0.1681723258959753,0.33318525423191425,0.3367364865508491,0.22254426902324598,0.403005579148743,0.1793713909049527,0.09985889689398783,0.2068540918424168,0.1106429761278722,0.15032916744806413,0.1966577132210661,0.3017967718938667,0.23648424025268333,0.22378446769386617,0.30030740744858625,0.35642847126205446,0.2630773927228091,0.18843327557985762,0.1665396618825998,0.25392931795609386,0.14336184223841655,0.12395191333383893,0.25774360300013205,0.17161898865626302,0.16708557160469448,0.1935986159051931,0.27982982296022574,0.20412015338659,0.12295749307071938,0.40622188817809524,0.17437452802891476,0.20355599047798534,0.14812104886428445,0.16553626753449635,0.23021970895470767,0.24113244202467943,0.34757269281976755,0.21972963207819307,0.33995091361395896,0.15364368539422,0.23328108125784353,0.1263197063336285,0.1665752403100674,0.19888623352825974,0.14975330532045605,0.2627517652183369
0.21417213497717852,0.3185461287302889,0.3090937622173008,0.14876097286511575,0.3626416267220742,0.32325303450124143,0.29849156481581013,0.21363347815708758,0.278288751881667,0.17823638667312064,0.212323388249081,0.22750100492130468,0.2700459171845877,0.5039421908302919,0.3585345989770402,0.22439213642689065,1.0,0.14620054338942828,0.7218979049531901,0.2330641576539689,0.3269623848411285,0.47816218369490393,0.41846061815208735,0.11545341891841125,0.22032992982023838,0.4062757353627309,0.18598606628575495,0.23816627138702773,0.22131661092599672,0.21799683494381702,0.2310358199438253,0.18053440178155447,0.12911887937299943,0.13612365151759798,0.3030338496450401,0.3921717104062305,0.2478108540932461,0.15430191397458118,0.18653233432881494,0.17916765182127073,0.27045980451299073,0.1965701088539522,0.22484344108161347,0.23525973327141092,0.2020705570271051,0.19735503701196278,0.19328026070073923,0.16347876347347734,0.2619844954450917,0.1808761202630078,0.27413253416034794,0.2960550681030691,0.14561056155999802,0.1890100206867696,0.3388118938677527,0.28254541186837184,0.19305646301848237,0.24690975579809005,0.23247198068064787,0.27039832784373136,0.17376972227684426,0.11909758734675736,0.23792910425748712,0.3769956168943188,0.25756634911168586,0.38924257075295743,0.1849963827600659,0.4969928501516544,0.2519767652268894,0.141790204751603,0.22207672748358054,0.43496363301851765,0.3611123812481767,0.10564298185231492,0.43445722606187287,0.13473177441911874,0.25938602218557655,0.17361481191730194,0.17491441506144956,0.25435414272510143,0.20127895234499688,0.21080196151571573,0.13205810210064803,0.1413485586346534,0.16924403661370827,0.12407705416584107,0.19685233254921042,0.22592614046385695,0.40416408289711686,0.15445061783408123,0.2593996149896904,0.2890729735230027,0.18581887904857605,0.2008013702453728,0.25829998312117924,0.21979346051847334,0.24040619903215324,0.20169316442966562,0.2799843313842558,0.17265796666629024
0.22848990222680085,0.24386646622156233,0.16325906179462202,0.34203530690769024,0.17279076771805946,0.1331873687068079,0.24316961953330635,0.39108006501663817,0.15078272631671202,0.3002401626629933,0.19843169218802276,0.14537768853708194,0.12229193232028925,0.19137358267830915,0.20686108561007752,0.38800365306053897,0.14620054338942828,1.0,0.19497489655853062,0.2161128524238479,0.2033768181466908,0.18235270445160257,0.13118479813043496,0.18251604320502313,0.23907027483564328,0.10167284095870054,0.28013025874038505,0.16613589061460893,0.10976719378956273,0.2747240955398647,0.11741063060264173,0.31095991647781307,0.14820753501154801,0.7496689756037518,0.3076147049511681,0.22113742935596553,0.1576449685504185,0.22785277906855894,0.31086323364102975,0.2481471465707798,0.1461226707722225,0.22292853989414052,0.16931737654380496,0.08644092879629342,0.13294720289403983,0.2557742985676335,0.2021155185278095,0.18567862783220745,0.22038377047928273,0.24055223477513707,0.28886454375728726,0.26571980967934833,0.3081455925521322,0.21312696995123379,0.11298260873091359,0.22013211412047745,0.6505924990374704,0.2013198080530387,0.2377526578036602,0.2341386160608925,0.2200729341001885,0.15308176600439405,0.21104655858604313,0.16971595675569845,0.19784020142875447,0.22122808751910278,0.15629797409619256,0.11967215484143298,0.4948331502625139,0.720912909662521,0.1923262645761166,0.26841465879590554,0.16129085446067337,0.23816941167818648,0.20931973399803333,0.1761926083148653,0.17216318564551988,0.24189163071006708,0.10020241491696838,0.30945533750556187,0.3098087386295946,0.14665147676742768,0.15375867379927943,0.3831577288002401,0.11590322596594826,0.2233517511201127,0.157821006227921,0.23101950116395478,0.18475407748882927,0.1706258363163994,0.2004754645981965,0.17424180278641854,0.23988541240865674,0.22075326410020016,0.2441795639066486,0.1526092185696989,0.21903819776915123,0.29495316381324715,0.16346129758783223,0.1828434093743332
0.2088881190325956,0.29393616944154327,0.25791192656151457,0.1272842648373612,0.3354822760946601,0.2899643523487029,0.2682073997238762,0.2490903809877937,0.21925764689126076,0.18672173555305516,0.2592213153667738,0.24716375487868458,0.20086195092373213,0.47031983205602973,0.26986300259976304,0.22104674619883383,0.7218979049531901,0.19497489655853062,1.0,0.25608181691731735,0.30917430351895914,0.30269251225717736,0.23751345056649079,0.10424001715063917,0.2941693841992177,0.3180084862068844,0.17753493968039907,0.1649194644753209,0.186839220073462,0.20529419964756318,0.17502006872800943,0.1664007481890189,0.2008981049678152,0.17465856408991567,0.25239267159058354,0.2852617711623847,0.22861448164913364,0.21475943479250614,0.24022289985338555,0.21137496263573832,0.3063762913035452,0.1348994233455464,0.14366978302109906,0.20882382971045602,0.14293606887631036,0.22319272807256432,0.26889769782877415,0.22947743304447096,0.1553776994274976,0.186187360024987,0.26709849071096475,0.31474495420007476,0.23228458802231755,0.20477707793531863,0.3083181017973742,0.24056807853256368,0.25339189732822304,0.26193685094089886,0.23958499359562024,0.2529159716400939,0.12346899970219646,0.08920186817810383,0.13497518210897202,0.3725958580859991,0.24971907569336388,0.3669298078328324,0.23708657741575337,0.5570791971085225,0.26934600961078575,0.2201631927303446,0.28720038207739323,0.3247714371176894,0.23006857927951024,0.11661191834550141,0.396635841628846,0.10903488085367552,0.24007938627271194,0.14332486906691316,0.1838403599596675,0.2815340945587559,0.16902301040154022,0.21790303214572676,0.080834999041972,0.14328359766422552,0.1579955072867475,0.12723286658153937,0.20424376218456508,0.15446966690868522,0.28261342989503,0.16723509016048146,0.2959173302734038,0.25886105157019007,0.1970414875549945,0.16062343466962706,0.172668962905601,0.20865091627705146,0.3302624898953856,0.26405403903611924,0.15524819711336404,0.18106837892761285
0.19572204149304198,0.40236592860888215,0.43137616377539534,0.18020576958863652,0.3678000083686137,0.47066771769070326,0.3035195027426145,0.1823534644712127,0.5205928511836762,0.32410927808392453,0.2582230270984533,0.2679899466778631,0.15986359495682465,0.1984157164343943,0.1407426900310319,0.12014462870458338,0.2330641576539689,0.2161128524238479,0.25608181691731735,1.0,0.15207478161940774,0.28932474885577764,0.21273299408900395,0.1903169337379688,0.10138612994992706,0.16667028237525203,0.2665714171248006,0.3031903937387894,0.3451310047652129,0.09453193500291056,0.24407624238762166,0.27556489705041115,0.14112292428908618,0.10414590343909623,0.1472649712853735,0.46869044863981496,0.2889369248606934,0.12421532552674115,0.15756612989709023,0.21647131665127708,0.27831145339407215,0.2611013576510797,0.2051142629408026,0.2753232839433721,0.16227707840478406,0.171011671901695,0.1875647506858538,0.15055543886964262,0.3941885470620696,0.25913512405803135,0.22025502966099808,0.3944281832082624,0.33449964463032666,0.20735519112524445,0.4290769449075842,0.5410157244056047,0.32160815160029776,0.2857915530095756,0.22768478985346224,0.25242039869407473,0.25009682388200705,0.1354187342367101,0.2611141503191137,0.233300041939385,0.12054645972860517,0.13514800242078728,0.2839301682408494,0.1820442259308958,0.2651897977315504,0.12030498704433781,0.30533753799891433,0.29575821211531544,0.2988246534049213,0.2363903369598025,0.2776192141648676,0.13340404097976044,0.2638430228669578,0.12094244847771231,0.1685951965571087,0.1821786961277818,0.2188413848456893,0.1733068764210666,0.16676648679262118,0.2067610443879492,0.17050852291543694,0.1711246700561832,0.24688928581015135,0.22522200697268038,0.4272325538337375,0.19397650336596425,0.26147638361168,0.15227094765089225,0.1956276836500356,0.3075701436129159,0.3374639269784838,0.2446856737810298,0.16532384589951354,0.19406755527707317,0.29066752555116443,0.20254143587940973
