0,1,2,3,4,5,6,7,8,9,10,11,12,13,14,15,16,17,18,19,20,21,22,23,24,25,26,27,28,29,30,31,32,33,34,35,36,37,38,39,40,41,42,43,44,45,46,47,48,49,50,51,52,53,54,55,56,57,58,59,60,61,62,63,64,65,66,67,68,69,70,71,72,73,74,75,76,77,78,79,80,81,82,83,84,85,86,87,88,89,90,91,92,93,94,95,96,97,98,99
1.0,0.2527499660467165,0.317490065734113,0.23239896261864657,0.22773899260642802,0.4333551893262657,0.2290598985691682,0.2931333937908802,0.3049722731540046,0.25919080679931294,0.20031541015033488,0.23354914560155596,0.20957830130456984,0.1486852769233167,0.20462089063251945,0.3400958807749908,0.16516970182660057,0.2682393974332174,0.09914455490701106,0.1865431446583333,0.212910873058724,0.1605256415232481,0.14425437386618087,0.2349466026759933,0.22096882517632527,0.26829008972006513,0.21492150995774353,0.3668433039950018,0.2266713021614305,0.26715158910583314,0.18833026407162054,0.4982783088740168,0.3882482991803937,0.23622086688067798,0.2348525922412522,0.2673997083242354,0.27557497321749513,0.18182591062219752,0.25583630687102676,0.23915162363781642,0.21585479509398303,0.2833551728869741,0.24846058028552612,0.15459884860626605,0.13977191201538755,0.21070761509613767,0.14320154433728696,0.13738940052534407,0.16753611987653227,0.20472558997276732,0.49651400294355036,0.37025170325581824,0.29396415499583145,0.24790061057120993,0.3508496091210459,0.3677886641704276,0.4253840763511758,0.21687770836530582,0.34826882684851346,0.23678063264509636,0.24745265730453697,0.22461655257398982,0.15113317394229367,0.18515244905214567,0.153181657469915,0.1573679922732965,0.27435702463971795,0.13291468247751612,0.30029727107667203,0.2785585561364064,0.17606255789716294,0.2650539194761226,0.2537165335326252,0.33913042483634437,0.19843304485980276,0.23774108339308533,0.20575358136172686,0.2304584267073616,0.12419387859685266,0.42239632980819164,0.20232764550567384,0.24321319737811964,0.12872499048712044,0.18166619049103205,0.15872492521593282,0.165065668204705,0.18472975766225203,0.25264501053045074,0.1887678745739646,0.20343115129032835,0.30222889368036504,0.40561122965895813,0.29937741247796457,0.21936555225578835,0.13822194856066267,0.27384773234518556,0.24019617373776495,0.12752029806789303,0.16612943874750824,0.23254836377112253
0.2527499660467165,1.0,0.3930759609532998,0.41768891786556295,0.6557487654324011,0.4207350325293681,0.5975133816934245,0.42559662251736063,0.32711402904555464,0.22948081116769797,0.1132669765276174,0.0813103429712489,0.2843655117273071,0.3717875466677515,0.3506003104766351,0.6994638706116667,0.162426890474212,0.4122457044143426,0.262838249057773,0.34003847820722083,0.21032569444452684,0.1970873449196069,0.24937244669080996,0.1707425678367792,0.13511526638197663,0.13445821299367292,0.35904111929244126,0.3333501229664157,0.4033400163354441,0.23636774481021236,0.16099455996651893,0.30847483437066237,0.3988943762182588,0.2106862362505966,0.20878618158137083,0.3866985853136603,0.19165511965474563,0.3261577098602885,0.3218254578272651,0.3606711301152966,0.1513184348991495,0.22070141251204292,0.23235177118601477,0.15740664304665983,0.2590504373763638,0.24932256336207756,0.2808074337197382,0.19297353535203618,0.2827352593372341,0.17351276361665016,0.1619571991838794,0.6049018338174469,0.4405623548873232,0.49687760198787284,0.41917064783092167,0.3389069336345729,0.4857696972630814,0.5201080372814926,0.084155886701335,0.2629765413328109,0.19522793352506052,0.2580915185685042,0.5064934981707937,0.48789083181252146,0.3527858648588294,0.23582377120652692,0.3002800393199062,0.30555112344080443,0.25891802589339363,0.41902077021934314,0.22963322109592108,0.1904355435697877,0.3747430272320252,0.19174745332848986,0.1551684851922562,0.17867652706899062,0.37621471469615814,0.33044191441077364,0.15395212392713006,0.2339736778230893,0.32379907491437027,0.274387876354885,0.3176079570245596,0.29625695480287667,0.42963975686237066,0.2137681257773426,0.2792068010773244,0.3211945087090531,0.2618933139082546,0.18385821886880696,0.2572533201576823,0.17184572953582988,0.29824788792211465,0.32355184331188735,0.23792187001415993,0.16689456973580719,0.19740337793611593,0.208518679174487,0.1959623386168444,0.19797907150724972
0.317490065734113,0.3930759609532998,0.9999999999999998,0.2669970999427858,0.2952158853911415,0.30137497061389407,0.247069362988401,0.2766803196871017,0.277694440814437,0.18700931370452045,0.17824844150016592,0.17045242548979989,0.17343934920815052,0.23314004714677894,0.16647202691579682,0.231003314645355,0.11415737497920829,0.20152163541240717,0.15114321353708016,0.17443114982819044,0.18029860312850782,0.12291353950350027,0.15434409465407561,0.1796913793244083,0.11053174879482393,0.20488641962688103,0.19520789920500836,0.26487035413840687,0.2582474296751887,0.1641946020006311,0.1493688183136422,0.26399233851708287,0.1965870432367569,0.18234545568754085,0.21072266509131263,0.25627196017140885,0.1862672202419286,0.22794635220003182,0.23273038723652847,0.22810782584532407,0.17454110635392678,0.134478499513858,0.16334690618183487,0.2778261303421893,0.1434514822013131,0.19646702880035638,0.16900091757841793,0.183370457890122,0.250270600886311,0.18819705932233563,0.26652516312546765,0.39518584359877273,0.1966414357201107,0.29695244523730313,0.29939562531985836,0.2970215515227818,0.29838640722358273,0.2597847249133467,0.16395820511415898,0.18111655707965582,0.13038277015842395,0.13133775605686304,0.19087752776173667,0.19079649410845756,0.20160525059842158,0.14367205282970374,0.18501347347230504,0.15591718080531308,0.1609471186230265,0.21831616834805329,0.11538312173818961,0.16385724538421761,0.2231417098816273,0.18332222465505313,0.16620963222393204,0.16764936283673781,0.23022680577663873,0.2541365502615682,0.11854625989150414,0.2321154844816419,0.22188289539923475,0.14338504492501367,0.190836627398435,0.2658435967879998,0.2403533900319878,0.15660658233680735,0.21412268550437094,0.2612668534991054,0.21466149751423497,0.16778931729697774,0.1858204204574131,0.3248495481822996,0.1929135077822581,0.2039632476712645,0.17591998247362056,0.2528633220060869,0.2226588824175109,0.13439171152139961,0.24531110672872294,0.32474136321035324
0.23239896261864657,0.41768891786556295,0.2669970999427858,1.0,0.5327501169591811,0.48852136951460007,0.5721082664052495,0.7839037994744154,0.491028555703644,0.38519252119192265,0.11410008718816589,0.12460511157327593,0.17878646798965503,0.19157700430334318,0.19297200842517717,0.4536286979792339,0.10770080673049731,0.25705521408444076,0.14367783468877732,0.23690342916719478,0.1928459236572971,0.10182779612252829,0.14900128551610856,0.14583299202934444,0.29202149272915856,0.1724192637711447,0.26002687159864074,0.281088150540532,0.2921847896209593,0.17654424421219278,0.18004835709847555,0.2620131552047693,0.2770343455764491,0.21062714628176427,0.12948975333326235,0.25870483607326483,0.21291324302761847,0.20193895491067015,0.3011675505211726,0.42750410981809783,0.25808084287925603,0.2556194663471084,0.1791860734794714,0.1450649056932135,0.2581362060016279,0.24022457351723667,0.20432964885683225,0.11225534506841253,0.2968296214709686,0.22516092017609857,0.10831704113354679,0.2816524690875656,0.1934680697963359,0.6140716635060312,0.293703646269843,0.4559636569411451,0.4954873761143584,0.4635171909926801,0.13073102040757467,0.17032880131940292,0.1979830154656935,0.1812926268422743,0.24798133403521572,0.2300129101453157,0.22960331023973135,0.17728872351488975,0.318911111637897,0.20042564156907142,0.13056819147887533,0.20020551680387172,0.12868221444584543,0.14112993151493144,0.1918820336187579,0.29484883394375333,0.17047261994267388,0.19180959342401172,0.32505239382557827,0.21587957247402825,0.20133804674822534,0.16216478557898395,0.21343558432093426,0.1996125401337745,0.2636648190246664,0.26967732619444296,0.3607967299768374,0.3038919926956589,0.28229293526261734,0.35623157375803904,0.19056975489825978,0.1738747169562654,0.17115046388451907,0.1895944507720501,0.22259938170753152,0.23753721794172408,0.2784417445570726,0.18659274290953765,0.31050496428524815,0.24214042512483877,0.22610863180498456,0.23062177214547225
0.22773899260642802,0.6557487654324011,0.2952158853911415,0.5327501169591811,1.0,0.5532292531140782,0.5943851926521321,0.5198048688251651,0.4410197988845507,0.19247984669546933,0.10440082889782061,0.12932487797227288,0.22002114906071327,0.498934623858,0.33497009357680024,0.6052229921206,0.30199200804524684,0.39794427895414486,0.2398496718191167,0.42126601288679283,0.1753737116412193,0.12414913321030105,0.26516072974555605,0.21195845880849368,0.16166982125688362,0.13525649134630674,0.2705439490852535,0.3602237129067024,0.36100950638472173,0.2822709810686882,0.2567223054254038,0.4248656173962282,0.43835385572730057,0.2715427713468028,0.20745251858699024,0.3884235234298046,0.21866994270377577,0.29307181995552345,0.4179650411931449,0.35339025909537813,0.26356008792522356,0.2234799939717982,0.2242512527480573,0.24789458126102396,0.24459020563263628,0.19512428029237708,0.28077454773150096,0.12490887764957644,0.4243990613401117,0.22987387438329585,0.17646128523084748,0.5555479112055957,0.6408642715678076,0.7330983030764996,0.39772140883536733,0.4963278109203958,0.5599734688692888,0.5025990714624967,0.1656271189753885,0.22491017972526445,0.1087534342878224,0.20192897613207653,0.42197716034014093,0.4041539396770413,0.41174652537245116,0.2902742918263065,0.5000707549015573,0.32283050410492964,0.3813123383681525,0.3435199952666464,0.2985085938300114,0.171037328476158,0.4026198881240017,0.3034128638542067,0.20104637003292988,0.13312626422255724,0.39150323316855373,0.2372287881361779,0.18495560186121912,0.3962821976636794,0.24326869030088696,0.41588757443566593,0.3488410800305742,0.26036813831646954,0.37797332031354464,0.1613403359650098,0.34032454509632876,0.27929802694094874,0.406039046090989,0.250050978028808,0.22078917535236897,0.24529490867622694,0.42373859246223633,0.3163778998515086,0.2609948165966448,0.23999687731662897,0.20870588003925192,0.1775495299337927,0.37044093400352845,0.2535898252458542
0.4333551893262657,0.4207350325293681,0.30137497061389407,0.48852136951460007,0.5532292531140782,1.0,0.4358251380819684,0.5946864862821696,0.5668350129561448,0.3855138623553043,0.1756617564680472,0.18927047572567104,0.24091913254528674,0.344440443765339,0.3187726354622711,0.4643614449786581,0.159432659442309,0.3438325393472773,0.11697835284436671,0.40937584780285197,0.16205584543882218,0.10229244288373701,0.2855112857658326,0.2101603403360907,0.34102817286759324,0.2396920739079683,0.24290555050138934,0.4439821827758383,0.35685714591886714,0.3442976257564457,0.3302747381498699,0.42428276627082795,0.317584401083142,0.19063341895186495,0.17167707034073593,0.39510479177512975,0.2553825827010081,0.3069219340424346,0.35841008705442523,0.4722929104249891,0.22612162440423583,0.3371345190362558,0.30295816800153863,0.15637953552672018,0.30607090021303224,0.18740271615177673,0.16543301844990987,0.17492535609832366,0.46036258216198245,0.16541153493238578,0.2362096841812541,0.4606981974475243,0.36261479439268357,0.516812401911901,0.5541063403981975,0.8583049710928465,0.6967301005508747,0.4457005659253261,0.3132425226713045,0.3132229335890037,0.23614319606295486,0.27404830097752814,0.31488006164555093,0.3343921456173621,0.30930839017223766,0.37896381986185124,0.6419942223007902,0.16871393931269835,0.2851276175804516,0.3071498967644845,0.24469550711140028,0.16830497731511088,0.3969139471037087,0.6955888793953882,0.2577050864216222,0.23014927473220093,0.4177156952330694,0.3338499615033849,0.27538147971495347,0.4072963929445286,0.24821757503678363,0.2261448663928758,0.33375584556171367,0.23478959133482188,0.29396544136301334,0.19281303388997328,0.29102206240662354,0.40596298375654777,0.2794833240111307,0.21239525675510912,0.12203323539719363,0.4181588535250462,0.5916991023607614,0.3626882516154975,0.2699698187036827,0.30408394110859455,0.2722000024137865,0.14853390005813283,0.27673455641287975,0.2422597084046624
0.2290598985691682,0.5975133816934245,0.247069362988401,0.5721082664052495,0.5943851926521321,0.4358251380819684,0.9999999999999998,0.5439145921296162,0.49765223097174194,0.356397999407145,0.10945650844578318,0.11913234801909955,0.17597624415725666,0.3531581192970823,0.27744357242383466,0.7869722152514832,0.2823580473353435,0.46860607165460955,0.32122136046495997,0.43805385833114924,0.3082810595837199,0.10788803263155879,0.28509739721609395,0.21971474950994502,0.10811328386392947,0.13086127979888584,0.25715924492865333,0.28891995509677093,0.3778961143255255,0.18819041908999273,0.19418071617608387,0.29370819546672333,0.4595619974006682,0.32649302339528785,0.08514989865329849,0.43875182872448987,0.25978109519770687,0.35038273285327887,0.4889094023932181,0.6649635155614361,0.38040850085840655,0.21062088203697127,0.2924537806373287,0.12040665579825514,0.29741869647264707,0.2489764483592428,0.22487710434094865,0.1701523180394657,0.33987569707946613,0.3068216156565077,0.09228498096894845,0.3280355556005835,0.4030421934349445,0.5719200143129713,0.4485652481640069,0.3583856185540649,0.5078878136299223,0.5177703240863356,0.12131782353746748,0.1297059180723128,0.14025844925199193,0.18706178107772087,0.3910749141768202,0.4667128125861051,0.37376587158602503,0.15203026754077845,0.40925276876520145,0.39032063223180025,0.305490403880715,0.47793500976930786,0.26604278171109386,0.09078210710757012,0.25347170233176186,0.25681124743833444,0.14250840380450353,0.150803404113752,0.31903892867457206,0.23141476960153431,0.19254322340118923,0.19131160123489666,0.26592951334538084,0.3424358556765658,0.28506629529915417,0.23402414873816152,0.39344789583200457,0.25273790338337176,0.3453885037410393,0.23374241072155766,0.3065453194618332,0.24689870680314197,0.14353283593291213,0.13407320607544848,0.329871914317098,0.3101755647357063,0.26533195707701257,0.15463968179735377,0.17851719898816906,0.2012040416311858,0.2609864284741469,0.24536170592590933
0.2931333937908802,0.42559662251736063,0.2766803196871017,0.7839037994744154,0.5198048688251651,0.5946864862821696,0.5439145921296162,0.9999999999999998,0.6816877703953741,0.4645703858305479,0.19341158905531533,0.19696319709317267,0.25165669426476533,0.25757517932941437,0.25870147801695653,0.46180158712522423,0.1348303004240644,0.32377901628845646,0.15842116397590822,0.2843673451949159,0.20488280626989328,0.10594534146961955,0.22991793963912352,0.16238611008360992,0.2770637945690434,0.18303152734318556,0.22786903005159706,0.3188265438038022,0.3149641683601833,0.2636501504221985,0.20464933162522148,0.30175587384347213,0.26397638749678953,0.210331620271912,0.12945748040713556,0.3808607339478904,0.21480236907004663,0.2531565978033672,0.44619253324536207,0.5122815043371369,0.3025827494055076,0.3567954401243358,0.23031424626253225,0.16506931514100226,0.2828433111017794,0.15619544039888625,0.16257416079763443,0.14913823291039874,0.303222380434058,0.2048775772081543,0.15671732961704238,0.3221039019555827,0.20448353935326413,0.525140922038688,0.4126078044952875,0.5563416337941103,0.6621714012643546,0.5877100940611841,0.20728492926814002,0.23760400585553829,0.27438996965646684,0.2981049951518633,0.2749789663737637,0.2839928382045802,0.2581414239260875,0.2786430768581536,0.5249341659367672,0.21720773891708134,0.1929418782999398,0.2623932336807038,0.1559709409320669,0.19172606716577822,0.2536815770375216,0.45065932126307473,0.20173760923011091,0.18905826679519766,0.31837103755169854,0.3054228212898237,0.2090020065387614,0.1917243601608229,0.21086070483735767,0.24465246855755376,0.3055553853771338,0.24267793608761112,0.27630623224996764,0.24185758081488284,0.2800854737401515,0.31195132813314475,0.2007772086830177,0.20359399339586515,0.13716104232243953,0.22587663469328398,0.35714930275048506,0.28089081920381953,0.23882995792934011,0.25898662371835846,0.23766483929919513,0.19311269840217438,0.2545949284122956,0.21669922646633671
0.3049722731540046,0.32711402904555464,0.277694440814437,0.491028555703644,0.4410197988845507,0.5668350129561448,0.49765223097174194,0.6816877703953741,0.9999999999999998,0.5586176837290246,0.25202420196623126,0.27215273921811295,0.1637232415260944,0.22050655746211956,0.2055393771199803,0.4376676309121547,0.22377338149013365,0.37040280044152296,0.13234002817326745,0.2606816877254535,0.1138439385009548,0.11793415141497124,0.18824216061417737,0.2382821219413486,0.23712668583992505,0.17874267863408078,0.15367308962344406,0.25002308739537177,0.29026367919966983,0.31333982858302284,0.24416595974931965,0.34631475130346046,0.21945856037733558,0.27215748944126605,0.18228841275096877,0.5409365142503978,0.2981519504860202,0.3263276153928374,0.5564495436022973,0.503551337172865,0.3744044455085706,0.37780229302744456,0.3423817799129227,0.1699353137585228,0.2479021375454102,0.16779538011980508,0.14568270407613892,0.12268949707649897,0.3790634321493654,0.2923083695010067,0.1966184666110745,0.3636073547819506,0.27119609408342826,0.49467232126720273,0.58781190622835,0.5441142872272834,0.6812238684290883,0.7038691740782377,0.35533947919075365,0.19906606323635578,0.22643123743080762,0.195284606333436,0.24446057112264669,0.21151664193774355,0.19676227550973635,0.27936370984839765,0.6480367568829195,0.19550812557666059,0.30913089679317796,0.3352459953697891,0.15114638903591077,0.13196969016478938,0.23146695832999248,0.48417704097139425,0.25422981004199685,0.2512983482057223,0.2569221497274818,0.22231029057906562,0.18112564998362646,0.2673023300173392,0.16025956577930345,0.31903574735633805,0.3712827571814949,0.33929716450358827,0.2394726897447096,0.19705513474851544,0.41899054515495776,0.18768490697865078,0.3707103516115487,0.3549134930811976,0.10787249906589062,0.33848912188314895,0.45070331542939257,0.4031943426256852,0.29884856568386187,0.2415417198452473,0.18805660337784355,0.1636265188281658,0.2731234921365338,0.2966881842974163
0.25919080679931294,0.22948081116769797,0.18700931370452045,0.38519252119192265,0.19247984669546933,0.3855138623553043,0.356397999407145,0.4645703858305479,0.5586176837290246,0.9999999999999998,0.3811461393784237,0.36192889278874313,0.22403142741510573,0.10760546830738492,0.18271576803727474,0.3513365478885279,0.1608719830122961,0.2374221891491426,0.18600774061886852,0.16249127302334498,0.20046509084586747,0.2049162301872819,0.13585153529989102,0.21714811697333644,0.3662349629275605,0.24392791621007495,0.17752813612188287,0.24314717728246274,0.237092883283221,0.16438192920396788,0.21831935481230036,0.292957605084258,0.19898309319009416,0.18440341664725718,0.168767462258867,0.24660988893235325,0.26595189021893295,0.19674106912160513,0.31266754738578856,0.4984523377325347,0.218536689551177,0.5834866891761855,0.27699923815785854,0.27453568281755947,0.20381477577115442,0.19881990100243,0.1446233005589333,0.216437303672705,0.2824353002993789,0.21916846573018786,0.1743036638497245,0.18852216445301873,0.1175947358092444,0.30501578597259005,0.45749196878105686,0.3899133591002226,0.41182335995565167,0.46095998315483544,0.5285451529121541,0.26315299852718604,0.37188698844730816,0.27154300936262293,0.21574559642964453,0.2270151563814736,0.14094712280815372,0.1801427888607696,0.3416735263910558,0.17388020636682888,0.1660869033866035,0.22175036871021622,0.12234161542733984,0.1284061036562076,0.12296660583343878,0.37053957559660966,0.2202671908665449,0.37782274400588534,0.24558371518908567,0.24404755994220148,0.1332089733261512,0.20813892531628517,0.14262440642005297,0.1269949210436383,0.22587766575214419,0.3126346001218001,0.20341586411182866,0.19805661742905717,0.26450341370116465,0.2257100258995652,0.24431938961087185,0.19672137469792536,0.12634274907210769,0.2139913071224389,0.2658379641108461,0.3466457041217741,0.35835571594041105,0.1718997011622597,0.19238736150934882,0.1307780694788891,0.283867089612822,0.2140656107252238
0.20031541015033488,0.1132669765276174,0.17824844150016592,0.11410008718816589,0.10440082889782061,0.1756617564680472,0.10945650844578318,0.19341158905531533,0.25202420196623126,0.3811461393784237,1.0,0.6261761968818409,0.36435842344965397,0.15655545944502866,0.25783297348330414,0.0945708233362582,0.255532142823348,0.13130348062918362,0.18197984650799856,0.14919447754778958,0.2967400861512426,0.2667345438471387,0.2073419925332201,0.43803990934212106,0.3442387740335082,0.5009196795741223,0.15330902096603166,0.17692162445953166,0.21064097172247373,0.14232120100666443,0.14099982205426337,0.18252255459572442,0.17519554325181982,0.15343824411969129,0.20307173389034172,0.11454227634125501,0.2564916920975064,0.1629754113036163,0.2316021399540252,0.24271821847863573,0.18459511842825288,0.3525700361919266,0.1593543497788085,0.22570325914406958,0.07264502839139714,0.17276071045731967,0.17825230945141088,0.315530569213611,0.14781116233967076,0.11290792719349946,0.2932651341247431,0.20867142243972892,0.23046636279885335,0.2226489369823738,0.17310299474681912,0.21807616644216893,0.24506862305072272,0.2673393470094488,0.42548380332407715,0.35562101410136626,0.36739245343487603,0.317571817442394,0.15226220973419302,0.13029483812881404,0.14699925098323247,0.3439055898036143,0.19665545746738067,0.15271523317129213,0.25864643208240407,0.14849264904758672,0.2888389978377837,0.27789038263667115,0.1575967592563604,0.24338175998287154,0.4569620933087669,0.303191097075901,0.22047099143410778,0.2790952763897492,0.08600488978386642,0.21559341224394057,0.27068225427854764,0.18578621772071893,0.13488691211137835,0.21143707932178185,0.1186272213999978,0.3262010427405089,0.13423844286608624,0.2128184544606684,0.272999966912693,0.21894892409337963,0.29053539466732187,0.18517095387631338,0.18724660591307934,0.11083199943472716,0.2511647582894346,0.23328213711323512,0.18625509744188848,0.17014701777999733,0.26258344158112834,0.12464726626528802
0.23354914560155596,0.0813103429712489,0.17045242548979989,0.12460511157327593,0.12932487797227288,0.18927047572567104,0.11913234801909955,0.19696319709317267,0.27215273921811295,0.36192889278874313,0.6261761968818409,0.9999999999999998,0.3151833318961273,0.18329066385366613,0.22446031219448656,0.10127822625997786,0.36968598731763197,0.19218512938019652,0.2099330092076458,0.134295857479999,0.26193721464649655,0.2780399447572204,0.15576269308560253,0.6010613469487323,0.35051772548811505,0.5018660287771874,0.09889921817223389,0.1636888735207075,0.2563621160029135,0.17750450891513933,0.1701545611958023,0.17891053608655072,0.1630032311459888,0.2026662402542281,0.28801239598593276,0.16763286221866458,0.3401437176172023,0.16074362564148878,0.253522235404301,0.2744089157842712,0.22857894058905318,0.2730627612255821,0.21715572965215527,0.23282700904055537,0.0994976295319824,0.1031730656978352,0.14162454906607655,0.19340857300361003,0.2000966841151392,0.1674094611604078,0.2026102628730451,0.25227396278053893,0.20765269899241084,0.263932584372625,0.26554670890365917,0.22571952485387584,0.2891748993561963,0.31090372714765074,0.4889979113761206,0.3506228859516251,0.49929181500401015,0.2883426195906218,0.16097932817648886,0.11938615123546126,0.12407770014966725,0.28000915645561403,0.19202475815550007,0.2694248397711116,0.37748082767200847,0.2948769287879527,0.28923087246949875,0.37034507333159394,0.15386447652487492,0.25616875585310783,0.5093552515066246,0.27006567139794196,0.27355442184726847,0.24845741140047123,0.10294275722087314,0.1953637643908916,0.2408792620221601,0.2245403620192431,0.16363492787691436,0.23244210306369192,0.11951974674145095,0.17104613097898758,0.15882708528525216,0.1531897982102034,0.3278242942466779,0.1981163449120901,0.1380869045600197,0.25739180099996856,0.19352875083471532,0.13060327373900865,0.25290689653923876,0.25956901729626897,0.14558360956907174,0.15173970512220614,0.3523015766944123,0.13741171774340763
0.20957830130456984,0.2843655117273071,0.17343934920815052,0.17878646798965503,0.22002114906071327,0.24091913254528674,0.17597624415725666,0.25165669426476533,0.1637232415260944,0.22403142741510573,0.36435842344965397,0.3151833318961273,1.0,0.22343009049374357,0.3311573328071746,0.17338771597745872,0.2762276840527997,0.1740784173617153,0.32189829289468375,0.1406527290847438,0.2671597994147257,0.4436755272121083,0.24605025005291076,0.3437433889673578,0.1887244508278134,0.26946446108292266,0.33302885955487616,0.48466901221819536,0.48177992384779333,0.12412589193275014,0.14952550774350082,0.14030864563762202,0.22674614876657395,0.1749063895784486,0.20743548502326445,0.15915334456233873,0.4356995400130394,0.10894277753106635,0.20749737559744819,0.18205230373586048,0.20259979900197192,0.30078616879142817,0.2337746213721135,0.28791206050520857,0.16813427056352603,0.2948009586000016,0.18225206851929732,0.23225652335999308,0.14724466033621883,0.2428110846765269,0.14795666317522121,0.14753857707675083,0.17501024309660065,0.15073763422966974,0.15335029892236277,0.16603516034179508,0.1735346977272726,0.2052984130874388,0.2643687341516587,0.2994597157444655,0.4940544379184762,0.8100658589919999,0.49749030573631653,0.28326382551161616,0.26492008272735945,0.2538137685731621,0.1663851336856604,0.2908231987591473,0.20206664064410337,0.14982490661061018,0.23407308282215894,0.3340545540319266,0.17767289308458248,0.25417403437726893,0.3974175090810921,0.2382388906198173,0.5420724398843899,0.34670691677639476,0.15833709336026225,0.10477863578755901,0.3304565282321533,0.13988905506117677,0.23297161785545414,0.29665506286928334,0.2348213716501099,0.2701199810062164,0.2130301501891769,0.3089743714737212,0.2728746845164973,0.2486818831969598,0.1838973489685177,0.22082961064123122,0.1616293202024083,0.11279563925503672,0.10415278158687886,0.39969550330528075,0.19824309057565773,0.13697384155234815,0.2531076068016573,0.2680341926885191
0.1486852769233167,0.3717875466677515,0.23314004714677894,0.19157700430334318,0.498934623858,0.344440443765339,0.3531581192970823,0.25757517932941437,0.22050655746211956,0.10760546830738492,0.15655545944502866,0.18329066385366613,0.22343009049374357,1.0,0.5653478848211239,0.28770789999520846,0.31079998555988464,0.3946606951792256,0.5222697584584757,0.5066988022375142,0.3197540250063133,0.14403782138631904,0.39367088381360316,0.2757351754561441,0.18197702711843602,0.18628754005057077,0.2947396699257136,0.3173346735253887,0.4441194000340367,0.38634569759565646,0.23364772299463205,0.2667540523331222,0.2806846975100753,0.30879238104739715,0.2093927450761856,0.2969101362950669,0.2572495568832187,0.2867901014787522,0.19288162983572615,0.23924777763300525,0.16342000072483967,0.1696919944019597,0.1717867508163393,0.3448848680905422,0.29815641708102236,0.23425288400341346,0.24738772833455475,0.24626846579679487,0.2877770544843419,0.20454542537359913,0.19395373779702726,0.41062883917042325,0.5312353888755811,0.39694234951977636,0.33779639383969084,0.3713205011000127,0.3147000816172658,0.35349134747512445,0.1785268054933584,0.18713824043244384,0.15151790605815482,0.2517471453564967,0.47596245866929177,0.657643094917802,0.5832803370088202,0.4556001012721304,0.3602442015304457,0.4715173706196103,0.45484508560596804,0.4549051766560066,0.5402867126556345,0.24641724719508218,0.5661130206286532,0.2493367879390924,0.17390415080435614,0.15329366962867122,0.4493728844399154,0.27237831434559356,0.25551529694359376,0.2829544762195745,0.32175526557670425,0.3846631502667843,0.26182397772730975,0.24233917291640417,0.384696600743581,0.23192174313877295,0.3024758853170452,0.306182482393273,0.37841941897808123,0.2588171988113951,0.2173121445542793,0.2266140829023475,0.333219708610943,0.2481223130404851,0.19342574601704718,0.30017608232545584,0.1956656306630322,0.2457295070507353,0.3548271748241346,0.2750411025134316
0.20462089063251945,0.3506003104766351,0.16647202691579682,0.19297200842517717,0.33497009357680024,0.3187726354622711,0.27744357242383466,0.25870147801695653,0.2055393771199803,0.18271576803727474,0.25783297348330414,0.22446031219448656,0.3311573328071746,0.5653478848211239,0.9999999999999998,0.29643854332189545,0.25341481917149883,0.3926544100229861,0.35736033061966316,0.43053940675819147,0.49591354240069346,0.3040426588498912,0.5435592327345494,0.2393928730235152,0.27469081718639676,0.3791162999725273,0.3407405675026929,0.3432145111499287,0.5332253591002877,0.384481343443169,0.20331128651899322,0.2509823731608999,0.3550303593852491,0.3181219388813512,0.24890843612385588,0.3423476155520828,0.2633570869196854,0.21672980810721176,0.2090595650475519,0.20863838594056927,0.17985853118545225,0.30051013614234157,0.28097218546217395,0.3576880013960253,0.22161755263726554,0.23525675713962116,0.20364983652137064,0.3523728450493786,0.14111136317549283,0.18039218862791845,0.15565116751677432,0.26044798898892657,0.3100872882129806,0.20170950972099128,0.25988000134597167,0.22545382670385786,0.2455562678564499,0.2915864833488644,0.20254049561828352,0.301360546084845,0.3257547447537168,0.3864728240852852,0.48097612057537,0.636675652587681,0.6732473746944767,0.7148103874480123,0.23633225591714568,0.3220069006119149,0.3309353548177858,0.32606494394632984,0.5061048088588579,0.32931196673226737,0.5091717557024134,0.17344248568369725,0.2535812499159745,0.2599654405400746,0.4527638659633082,0.4452438998463377,0.22236096388844462,0.22022351109727265,0.3467155831360878,0.24390869704288465,0.23061964185490835,0.28561784720907246,0.334936185085038,0.2551092973218185,0.24809745998431498,0.26151925961061745,0.20187206770280527,0.15745423480883425,0.22206069672386378,0.19603344674370138,0.25487030536110644,0.2578472816965178,0.0831574385892787,0.23512576408077127,0.17755759799501283,0.18921249460313125,0.19916226043589214,0.17032842136781123
0.3400958807749908,0.6994638706116667,0.231003314645355,0.4536286979792339,0.6052229921206,0.4643614449786581,0.7869722152514832,0.46180158712522423,0.4376676309121547,0.3513365478885279,0.0945708233362582,0.10127822625997786,0.17338771597745872,0.28770789999520846,0.29643854332189545,1.0,0.27629267374443056,0.48869591195083145,0.22610292552665012,0.3649034635404267,0.2437992589379564,0.14898089905619144,0.30577147081870476,0.14405582595886038,0.1408899007349032,0.1286589394148253,0.31243133273139834,0.271225130199347,0.27643115644027527,0.24419259973051177,0.2343104432706905,0.4169246388648664,0.6195361887041133,0.3158036655569576,0.19479582729592435,0.45839830939286563,0.16920519899221773,0.46359690230096784,0.4945850088838001,0.4651760764207469,0.27255405356307333,0.30802276335958645,0.3104326088022773,0.11833127456208059,0.25601903222878336,0.19980415293165446,0.32157592466177065,0.18300224186163958,0.3206725124223887,0.1918314630187879,0.14053113145661508,0.43347594003868484,0.4943857259458178,0.47830973880640504,0.4610469745330488,0.341953236057642,0.5064622858803343,0.4055220319869463,0.19741454778388115,0.2203563895976752,0.1797131533595706,0.2210841779693811,0.36257339833571867,0.48046070765385224,0.33091506573386736,0.16414011449536695,0.4177937771899416,0.2749108929829716,0.3309233560911385,0.47944923664236616,0.2509414597569204,0.12157444941862515,0.33840064410053405,0.2717301123714661,0.12212123657415971,0.19740746114215604,0.21818444408572174,0.22018828211997285,0.14405862595649088,0.34288730641344844,0.24400757875816037,0.3566872835918302,0.24191329587603758,0.23392016526762927,0.37140978115136297,0.21130381904705636,0.27916826441067466,0.2299947931652513,0.2638507898490338,0.17218457652934058,0.20621315714457863,0.18913052275352127,0.3777702818447973,0.38691177119072395,0.26607623518065965,0.12984872182118606,0.1610207544069079,0.18504872702938405,0.19255724043950248,0.13629732490940538
0.16516970182660057,0.162426890474212,0.11415737497920829,0.10770080673049731,0.30199200804524684,0.159432659442309,0.2823580473353435,0.1348303004240644,0.22377338149013365,0.1608719830122961,0.255532142823348,0.36968598731763197,0.2762276840527997,0.31079998555988464,0.25341481917149883,0.27629267374443056,0.9999999999999998,0.3443612688345541,0.49923427988531965,0.283594454912303,0.28539925087339413,0.37296126333240226,0.42895569525714117,0.4114390201945831,0.27650595177947973,0.23174974052969027,0.25005430354425917,0.0828532602795285,0.29364893084672383,0.21265393765728097,0.16677962459686554,0.20887218964087714,0.35731421770972854,0.5014896080505937,0.29313620811247354,0.2539176719942333,0.31155178663082495,0.26919663403928246,0.2194144071530523,0.17759839135843855,0.2635459022614836,0.19399872196969203,0.1255562423312094,0.1346815207939545,0.1262988243760275,0.10831729817549629,0.3516688386357065,0.1301072109461702,0.1558188174232874,0.31205071027489467,0.2233179540454621,0.24553026668608696,0.4040680480181705,0.21635358349671363,0.2775434057999839,0.18056680406249578,0.16651128636957388,0.23253947722075707,0.2058054856040484,0.2337008762847902,0.33220172578764795,0.2767632054323399,0.34111903053764087,0.3740165321907417,0.24331013334135243,0.15620330548435082,0.264999126390173,0.4258865946205826,0.5418865258209947,0.324738823986239,0.4127422185513159,0.26812678608195156,0.25323934269400955,0.17811943113223666,0.42561890121310386,0.22874264084157372,0.28518694820204205,0.0954595346671999,0.12513583676859916,0.24293194331699683,0.30876031615718463,0.4574795851009277,0.10598964522637783,0.25349400676863953,0.21163931566426272,0.24110736668690816,0.3269054482826575,0.1749489590974433,0.4681943056545642,0.2901157846673042,0.22733296106167344,0.16335355816778044,0.24174666324420657,0.1520085943324474,0.17185768062192802,0.1551973772900273,0.10453308821923572,0.15567923762297714,0.3004593573129628,0.22161669658836392
0.2682393974332174,0.4122457044143426,0.20152163541240717,0.25705521408444076,0.39794427895414486,0.3438325393472773,0.46860607165460955,0.32377901628845646,0.37040280044152296,0.2374221891491426,0.13130348062918362,0.19218512938019652,0.1740784173617153,0.3946606951792256,0.3926544100229861,0.48869591195083145,0.3443612688345541,1.0,0.275507163380726,0.591934356544394,0.48793966682906287,0.23132812571010591,0.4860340130643752,0.3265610387251069,0.2129003273918134,0.252087846436475,0.32464435800264696,0.22804638393190732,0.3642004139075585,0.3827602455628099,0.27374505595597587,0.2621084106599388,0.43842188014935496,0.6168825164746189,0.20813355261047906,0.5771686432929959,0.2279282824050729,0.4688912830825625,0.2897489178315739,0.3822881010730767,0.3346546523068256,0.16246241033526132,0.2738587888986826,0.12751848380037148,0.3693219823424204,0.29731186287376893,0.33785917814609945,0.20943566834629226,0.33168770301545436,0.2877644486719133,0.1642212471950047,0.47354947266538766,0.40203293705473286,0.2808601593875577,0.5441535590981839,0.2824334854452972,0.4565550094967576,0.43523907089925484,0.23027175391937035,0.23641574243018326,0.14497608200327405,0.17006299951204676,0.38103434851199575,0.5099032668921972,0.36071512829486846,0.24390485308674398,0.43067622298164626,0.32334568603823705,0.541796253312088,0.7037448141153286,0.483436595979005,0.2668701551532162,0.5388944470933796,0.28046694232008174,0.23545523096436793,0.17146844322890564,0.28766257114189125,0.2963225955855972,0.2662198844582637,0.2525838590765928,0.32213592613753217,0.48188409988691777,0.3038697622073862,0.26031728219796846,0.42049282000380733,0.33329130039259247,0.35255040610341387,0.24647755087646367,0.4440336255730848,0.21777987121933925,0.28076476601126515,0.24759057354881017,0.41777156596272946,0.38583290888920446,0.2633042702033882,0.20616272143016742,0.19709764775118044,0.2110357997086144,0.24280477560794228,0.1834784514609485
0.09914455490701106,0.262838249057773,0.15114321353708016,0.14367783468877732,0.2398496718191167,0.11697835284436671,0.32122136046495997,0.15842116397590822,0.13234002817326745,0.18600774061886852,0.18197984650799856,0.2099330092076458,0.32189829289468375,0.5222697584584757,0.35736033061966316,0.22610292552665012,0.49923427988531965,0.275507163380726,1.0,0.2800523822928042,0.3450364421800884,0.21296295503365548,0.32915770219985974,0.2575906857956089,0.15487937865109572,0.12914262563087808,0.3241582913874701,0.17917321946858072,0.4172321794806443,0.16444838127846795,0.13751751610039975,0.13946561980561123,0.23112629420471645,0.28624749113996006,0.13659536399482722,0.11071687831658669,0.21367542516471957,0.14258599840399666,0.07054569934783315,0.1926411734732435,0.17501096731933674,0.23437185491296386,0.09522924350587385,0.2571313116901003,0.1780538448889744,0.19056277168339145,0.20429429357944784,0.16188964784999563,0.1271556724039211,0.24584972997958843,0.13928104916659562,0.1851212317119945,0.3466792786979273,0.2302839682754766,0.16256281769030126,0.13499133718641904,0.15303902609659778,0.22400003451130265,0.17149127320659663,0.21530880024735152,0.2697645293117432,0.33529355725021054,0.46338936890513366,0.49549860712057214,0.4286141721058661,0.2030084687481356,0.15635678584504714,0.5795288979204183,0.2949076481139207,0.29830258418647104,0.3621653118397934,0.16536662134577226,0.2340299579104418,0.1366929037571764,0.23054130630035707,0.2214373813986056,0.40931801342206015,0.16764325428993712,0.10400430221415742,0.13250836352734915,0.24408960687484355,0.23853476389853498,0.11109502832004384,0.26857943218214764,0.25612382791150196,0.25532368020263513,0.17497368989795048,0.14352462207505828,0.2749810659791956,0.2759866722959332,0.1942826906306569,0.13158629099004476,0.12193017554117189,0.12247928056169483,0.15549258390268025,0.2726592597969616,0.14458969767740337,0.18335090171152352,0.26673496633734983,0.25132178066979427
0.1865431446583333,0.34003847820722083,0.17443114982819044,0.23690342916719478,0.42126601288679283,0.40937584780285197,0.43805385833114924,0.2843673451949159,0.2606816877254535,0.16249127302334498,0.14919447754778958,0.134295857479999,0.1406527290847438,0.5066988022375142,0.43053940675819147,0.3649034635404267,0.283594454912303,0.591934356544394,0.2800523822928042,0.9999999999999998,0.5503206267027938,0.14336773993272264,0.5238674767113541,0.3240634645574038,0.2550207056129886,0.35540336055282146,0.3633740955054572,0.2642768468475882,0.4553262041021157,0.4115847876832092,0.36306756716256255,0.2553467188836207,0.33093054936647825,0.5451302558934061,0.15196278903059152,0.5909787813036522,0.27391329419997873,0.3914862754369759,0.21837661634569364,0.35944928417480854,0.37154243866508785,0.1534706818588575,0.2324042993347728,0.14293162091937217,0.40656565215067886,0.3679121540494562,0.40984462079243134,0.2882173741474472,0.44477848375244533,0.34515943585357217,0.17198419757120825,0.3380891055331326,0.43501531674077837,0.33837738545946766,0.42880121165038115,0.3289503181972229,0.34442124836182725,0.3571811799812808,0.20909487382418063,0.2842479868014781,0.15977234517646305,0.14597371784561225,0.39296144359688223,0.5351342368535418,0.43872838591264024,0.408409380174599,0.47111962936735846,0.35727142533231443,0.5166615228274517,0.5009432949054159,0.6629495329363895,0.1752115824219229,0.5948287494656035,0.34287005799252906,0.28279173036368976,0.24158341125112395,0.38521825574959495,0.35063293901444015,0.39720881281976705,0.2745978048067288,0.42066490473851853,0.4889365521141762,0.3286643400197233,0.258146834216928,0.5385624830922663,0.3855550264889093,0.48278094062139065,0.38789530142692796,0.5406232361897692,0.3522563839150808,0.2823386850556071,0.2049021976043423,0.5326782461712684,0.35795126664652915,0.26248581742209903,0.1498091397493323,0.27886618685949727,0.44891122454335824,0.27833145698325823,0.30166187113733983
