0,1,2,3,4,5,6,7,8,9,10,11,12,13,14,15,16,17,18,19,20,21,22,23,24,25,26,27,28,29,30,31,32,33,34,35,36,37,38,39,40,41,42,43,44,45,46,47,48,49,50,51,52,53,54,55,56,57,58,59,60,61,62,63,64,65,66,67,68,69,70,71,72,73,74,75,76,77,78,79,80,81,82,83,84,85,86,87,88,89,90,91,92,93,94,95,96,97,98,99
1.0,0.49638835413232596,0.5968764651991669,0.5035019381197471,0.4476745479596127,0.47396478903870304,0.3829373106154758,0.33385949789534,0.37201230661673584,0.15754708053116112,0.15019347441973627,0.15844534362875573,0.17430754526438755,0.2632838750387428,0.38102940952353026,0.6303609859620285,0.15972833624333416,0.13954027687881423,0.1827202821828418,0.15803812604980905,0.2951438937702175,0.18876230629301088,0.2199100828216368,0.1600064024392004,0.3804139121960964,0.18107184534476273,0.2706856304168984,0.26942916539143535,0.19330593244246638,0.2927730377555519,0.25160067818341886,0.5685882384679201,0.6584632690514423,0.18440707456413205,0.18842629293716637,0.22186226319678215,0.17602445781084472,0.5095669913750989,0.414316654333912,0.27614813140860955,0.1551723196301453,0.22696740789333364,0.203702108352879,0.18312687083025878,0.20907138777961662,0.33846759002287835,0.2285104992342272,0.34135806266291907,0.36179428016472853,0.18279237940504917,0.6841673457958735,0.40767822883548527,0.6121208649046855,0.46522298907191617,0.3818415213862894,0.4047384075299281,0.2946690096237199,0.2685690326030343,0.18760766087818725,0.19978716131250693,0.24725852546150215,0.26494317563586656,0.20884257269624534,0.25188403496453365,0.3408032697764714,0.39214305627520796,0.2685780830245211,0.2504179954645675,0.2677944388188402,0.13707554758527166,0.19718101372365904,0.1667560978662313,0.2519055284009468,0.19803828232913845,0.11814335003059939,0.17472362229219904,0.31273854018393304,0.30033362359912885,0.512110542282644,0.4370092041718879,0.2200452079879479,0.22276432281211964,0.22452863571964252,0.127691889097969,0.25906100584345443,0.30256667087018346,0.17958462219382323,0.20965992652177257,0.14889438474755673,0.18376783469423905,0.4428776107018496,0.3672892867082811,0.269651945874781,0.2466036423389377,0.19326743785852926,0.15345139867246918,0.33893259519599667,0.3944548635401148,0.2962824644281474,0.1521978578085677
0.49638835413232596,1.0,0.7600999859687582,0.9016692444966655,0.8433919923872625,0.6239836494645781,0.5507356929552383,0.5163180291878828,0.5347483405942004,0.17633694924135582,0.16661452544889335,0.141942059975512,0.17744940930228592,0.1805864536518783,0.3387727599120777,0.7362071456607311,0.11968759623508334,0.1504215705903906,0.18186603184438335,0.24533733782815148,0.20593369086483315,0.11982466873693878,0.20789794257066999,0.1909335243559598,0.33215988519760115,0.18735906254690385,0.2034207375957256,0.22324190084277606,0.24907178709241254,0.21146471564979838,0.26994894057361646,0.5085475058584863,0.5525091892916847,0.2152260380472098,0.11332108634313237,0.35268376602822876,0.1961758578507598,0.46959842782424926,0.36556676677568595,0.3173978943096313,0.16243571608762672,0.24727965822681452,0.18036313349458985,0.19257319552608324,0.24003833566174626,0.33418287749858555,0.13894530862572813,0.23165600485798607,0.423820324908909,0.17469138635130185,0.5453437604032186,0.8134018849097285,0.7102102380437388,0.8725855326057315,0.6903182620279253,0.5036825883315641,0.4738578537264327,0.4510644744688483,0.18545694826632741,0.20008472451352755,0.3410265273505923,0.31358699308460464,0.11575660958287201,0.2810750158987644,0.3406953776831869,0.3620981975479669,0.2548456776071484,0.18754402048771543,0.17795752672542078,0.10819841301617363,0.27150478485502066,0.14352972395367272,0.2324472529707255,0.17175904883047827,0.17411249703221301,0.22531092743176015,0.34539811093275175,0.2788823843698751,0.3605908162777999,0.5885050854898499,0.23850611440799974,0.23267136369410546,0.20591406571036436,0.10724777757078478,0.2606568995049588,0.2528610143550401,0.1992228201153447,0.2035713576549682,0.22182660357561343,0.1239405678078298,0.3565508804903513,0.38210244253043746,0.23984283522305738,0.2262749338874343,0.19679616197439337,0.16118807026713655,0.3755766813794692,0.3801942440238857,0.2951643947396328,0.23331240617061844
0.5968764651991669,0.7600999859687582,0.9999999999999997,0.7093331221823438,0.6589081407673448,0.7622603726692762,0.5073316028485254,0.5764318240100126,0.5259629475091598,0.16804728072289676,0.17321049895521512,0.14423038258490034,0.14332261755528616,0.18720849735176107,0.40626871828723454,0.7047949307563631,0.13299557639791298,0.1613461812900314,0.16542543784359665,0.23910812399020465,0.20630213329976407,0.14058361141514913,0.18004729371386385,0.11570277558381635,0.37235121865962023,0.18010187642194936,0.2512319854691747,0.2546006995327551,0.2173991132559779,0.2135911709896882,0.20777924756106875,0.44349051645902526,0.5749620521402778,0.19873181653603186,0.12688622103572292,0.3890550156425441,0.17501885543329276,0.4662908942399565,0.4308903770378612,0.3380232779845836,0.15251794516665987,0.23257097866727286,0.19479207736748225,0.19571654440183983,0.24735705200863248,0.33867868475186325,0.17254635885446426,0.2912948769345669,0.5488020727846427,0.19092932920109112,0.5525109925173247,0.7902784829059901,0.6510759640542899,0.662429261475846,0.7689206281788933,0.6580336839177124,0.4589374410802644,0.4660634836773723,0.15391411144544218,0.1947214257425087,0.2480111810144277,0.2481258949945094,0.14248881758135964,0.23960645232964897,0.38063824514282557,0.38653081553489005,0.26868544783720105,0.17178533087315068,0.15910294511130807,0.13665336520671048,0.3318048540160002,0.18892638813460297,0.21798715881867836,0.16508608295148697,0.12645480539449933,0.2016904422583567,0.311097297517469,0.25560065838876417,0.3271681703020304,0.4547058451038165,0.1965165236819108,0.17402195940434206,0.20755237426694007,0.11494504965866251,0.27171810189033907,0.2580601788037493,0.2063772359621721,0.2384596710584841,0.2208655723143706,0.11794039841181139,0.3184833477720068,0.39671648265062776,0.28647180616148016,0.197821172024838,0.17610828595654474,0.17329648134706183,0.3400025121525037,0.3916450414722848,0.35394101820706003,0.21593004539013022
0.5035019381197471,0.9016692444966655,0.7093331221823438,0.9999999999999997,0.8082484033626737,0.6081937191889483,0.5718714356498716,0.5130313040728276,0.48991638089380174,0.201218831270645,0.16881187930147135,0.13275737977221982,0.16890518599721158,0.24879018792522675,0.3626966025112823,0.7479727796637772,0.15332874187759218,0.13959240899432573,0.18787916135931895,0.2421336104835533,0.2567593454491849,0.15243415743393812,0.2547868448981401,0.20344113749137055,0.33747967302665055,0.18908649357507099,0.23051098537313436,0.2557023434258355,0.2564214153537986,0.26903868589082874,0.3167954575118885,0.48184361681798893,0.5853053874031301,0.19762393298887632,0.14574404309187883,0.3610308172291342,0.18117136374471385,0.48907066834869334,0.39165652671136614,0.35624016103432576,0.16817534422368152,0.2574232737209479,0.2034289989895749,0.23637010656173946,0.2787652088499075,0.3337661343228101,0.17723294280873125,0.29062974944349196,0.4765480669043429,0.18340138358419977,0.6031203745193296,0.796438126602713,0.7683821069906334,0.8811415445837218,0.6650170631133412,0.5220622708321816,0.4801487714580417,0.41181616815773525,0.19412084959082565,0.1894922309032346,0.2861132249355613,0.2690858627259536,0.14774481947542148,0.3091324978780268,0.3707625915477657,0.4053375096105809,0.28493940481005786,0.21472457130252615,0.20337151022401934,0.1404208689128089,0.33779620241756986,0.15434331998375853,0.25628658994299414,0.1963741382425685,0.17424551183448878,0.18147325102068493,0.3470358351851063,0.2973982828940472,0.377584908113875,0.5781441382384908,0.2709818475208508,0.24352525313022674,0.20448670762480403,0.12947097807779603,0.24076796426587713,0.27063047667152984,0.16648237666553686,0.21579100761875036,0.23258891282063204,0.14883128131361123,0.42128866345354654,0.4415452499656509,0.2938574164486381,0.21693568501287397,0.2081546345006926,0.1754156852788334,0.3432106747114803,0.37890744076977134,0.33772222790933853,0.2185696045169925
0.4476745479596127,0.8433919923872625,0.6589081407673448,0.8082484033626737,1.0,0.594025098378296,0.45671065338126526,0.4090718348492634,0.4580088472908652,0.15777135147891275,0.11995264527260227,0.11252752592078875,0.1443069564624571,0.16933960721104063,0.32584366798369246,0.6422730183063353,0.1372306695690384,0.13301521428689428,0.18419074369697022,0.21838159267769494,0.23350350191501618,0.1279240152300461,0.2505396505246384,0.21007756539030858,0.2790747512819053,0.13736127252455432,0.19472723245292753,0.19648121905228294,0.25099333104690613,0.2669732630835777,0.30221959025773537,0.4026191170799464,0.5159079353624104,0.1967394227466443,0.08222948373785771,0.32331099401269575,0.18341771628597428,0.3815168109775058,0.28243020517623657,0.2533687919532279,0.17873661641528735,0.2076487039601938,0.14766186955340743,0.2206327511809331,0.20173603736360526,0.2912023684799329,0.1515491065785614,0.22361064492753782,0.36590797131371616,0.12193131809897059,0.4891048550373915,0.7402585502300265,0.6000096958747891,0.892400165618016,0.7127382852010201,0.437884895939665,0.35715149257950274,0.35791937848077227,0.14405234928946783,0.1358722778419209,0.24061998359876152,0.25933491855565527,0.11805527453223212,0.29189019855264037,0.35342636171762337,0.3568600239764877,0.2167975885809234,0.18169253239616323,0.1835590607586301,0.11873924245776667,0.3444427906805818,0.15094992562149406,0.2637500824836372,0.15914954398289236,0.11860263683355042,0.15706471581059642,0.31263837860802046,0.27898013264020927,0.31497049191619547,0.524314273160182,0.20166754855926375,0.2726323563165524,0.14333721443983083,0.13113250417356245,0.21909770719937235,0.2154949420945681,0.177592366118562,0.19341077039728943,0.18567074549610812,0.16986547217203896,0.36863762455497023,0.3807657846389405,0.1948272289998836,0.19959387402143175,0.1857024215268558,0.1522783146219422,0.297150869539606,0.3463379031557504,0.25023174789732255,0.2081477637633538
0.47396478903870304,0.6239836494645781,0.7622603726692762,0.6081937191889483,0.594025098378296,0.9999999999999997,0.5600345684597712,0.6646967022099339,0.7508500720156959,0.28722527051057,0.22413333227330676,0.2035591445667465,0.17831682992298412,0.17950104181543852,0.44619684001354004,0.5871609287013989,0.11618611857653478,0.15441084660216997,0.13098669315003725,0.20064340070955133,0.1929385128294704,0.12853197680366202,0.16607596463797664,0.10901084246055849,0.4510175181309107,0.17172109159233961,0.23840916714953425,0.29471414831340587,0.19766933968719413,0.22472136638385845,0.26410349432904257,0.4139412592826527,0.47562643809318134,0.18630032781282727,0.14093192765113455,0.4627837925952033,0.24855434591875972,0.42919070828214495,0.4371698992964583,0.4146579316901117,0.16405730955605566,0.2796096780195145,0.2133796667731013,0.2536975970308422,0.26475906644147,0.32237369327849263,0.1656190045844151,0.26942935643437327,0.6506520701906546,0.2636718750524558,0.5069147281266394,0.6611383587650012,0.5508685932498859,0.5802449904033362,0.8697967510481913,0.8572818317064033,0.4670718643629755,0.6006467938080186,0.17836539197864393,0.23580565593262254,0.2770019358337509,0.26423553143790834,0.14404334479710731,0.2575153455104898,0.338827313917752,0.453477151981697,0.2936340408933216,0.13624222370170555,0.15342049685024828,0.14641169362352766,0.3372486632949051,0.1414863893632895,0.21181010273215295,0.1568097136796933,0.10996646964267148,0.1692506094490488,0.28663839178538364,0.2946321058110485,0.3371950766776902,0.4087152204959126,0.2179859531702799,0.1979841264112164,0.19184112621167748,0.11296939845605442,0.2687671710004755,0.256671013962663,0.27051401996337443,0.2606177004004855,0.30031955961258705,0.13593628233762448,0.32561341907085634,0.42268982743506406,0.31011619090478976,0.20770082426708192,0.18209393189407333,0.1954907396639301,0.3412175104490928,0.34316005463588595,0.441338582583448,0.27638344358947353
0.3829373106154758,0.5507356929552383,0.5073316028485254,0.5718714356498716,0.45671065338126526,0.5600345684597712,0.9999999999999999,0.7051273757259813,0.5589888189857743,0.5026429134122704,0.3424667569507443,0.24138218997803926,0.21114206836154154,0.2799734215784234,0.3817815875891001,0.6319892817695678,0.16125903857469207,0.28788579524240343,0.16688993444734027,0.2192979934009188,0.21193054055044955,0.1711659909999878,0.19920519661954134,0.1861717549530833,0.5013593848015477,0.23232851113201822,0.29620017138261384,0.3109253547805276,0.22453578214653974,0.25084762267038846,0.40402169368698454,0.4306613906506658,0.4164761718811282,0.15001709157450574,0.23317626865698984,0.3737243332909366,0.22164278534963766,0.5191413913788883,0.5456958761018051,0.6929134475474678,0.29018264509373265,0.4779162336845918,0.3269320534610909,0.37119770506043825,0.3312097340099927,0.4439373353408797,0.25650032812388807,0.3634122740548462,0.5286082655815869,0.38663993406018937,0.46822780269882414,0.5650637496455861,0.6268636258240973,0.5025701143657223,0.523304939549904,0.6056141868794197,0.6294888873360587,0.5425449422415266,0.36237391808586905,0.30364757911872564,0.33726930949685285,0.26204197319395073,0.16578051513965936,0.17994524932210804,0.18486330407115661,0.29532206403641303,0.6083600852378656,0.20668654086012053,0.20961751779224067,0.18086157858979793,0.14573538397278313,0.20437278972122505,0.2054191346740517,0.36812554582777784,0.14820444728487642,0.26241447154951475,0.3138329842065895,0.3003533651610165,0.4078465224717812,0.44919976946777446,0.37225258099082514,0.20845087245640706,0.32389052456898837,0.1941311120311017,0.3292933181912456,0.3521546530497524,0.2006280745710662,0.34102261725393324,0.2843313258211927,0.21675664097002667,0.47663154215467896,0.545712222546433,0.5316573689043362,0.3456045299296602,0.3426381143147161,0.33001483866603415,0.4662678929166216,0.36337980040809265,0.4323651603593435,0.34995337502272794
0.33385949789534,0.5163180291878828,0.5764318240100126,0.5130313040728276,0.4090718348492634,0.6646967022099339,0.7051273757259813,1.0,0.6189907414751314,0.4647455274221654,0.3816038374513652,0.25256108653572656,0.15209668090931938,0.20812798454728068,0.40046267386301776,0.5537262270629753,0.14952641402667852,0.36773372106497915,0.1621587731092026,0.2370484770370347,0.2240254477258648,0.1679236281850816,0.19527381712010602,0.14508914205747422,0.4280922731659866,0.19865127307251718,0.22711518012335702,0.26419111947172574,0.21411721780525703,0.2055637049342411,0.327208260770977,0.37430084749066017,0.34699493819356136,0.18925705737633933,0.18730386915941594,0.4913601292138552,0.24309561717700043,0.3795500421508136,0.415004956467385,0.5132997603523151,0.2503892758910715,0.41721770351022136,0.22778339807945616,0.3683659200212308,0.28827085207281367,0.3426617683042917,0.2015891107563693,0.2980646980848817,0.6531113914259951,0.3847330252009059,0.4534359399643125,0.5969822018280648,0.5561394486055711,0.4559637330783975,0.6268439093184177,0.7349462976984458,0.8080687791718683,0.8061977659518039,0.36961478231209,0.36851445812138267,0.294740759848642,0.18647682896542878,0.1824120314990373,0.17670628226433943,0.2422342327498774,0.2814796310766934,0.4938289737646065,0.19812190227050014,0.1922387779167312,0.2621504687186029,0.2068860916067958,0.19502415006401277,0.2196903536778813,0.24319220350275014,0.14195006094048096,0.2310750518639502,0.2711839695400875,0.32799254115795146,0.2882755258468557,0.39735428444731796,0.2873818003716478,0.21322116678981595,0.2560937135664217,0.1519622500226106,0.3305462674275453,0.27221080210623005,0.21914413690158127,0.28475909990559495,0.3989336227678335,0.21841241057433308,0.34151641860608317,0.424232972561618,0.42366088031151905,0.35266907010533677,0.3023089586956809,0.29930274772660587,0.3327460271890771,0.2746282684652441,0.5790461478134034,0.4037568781707676
0.37201230661673584,0.5347483405942004,0.5259629475091598,0.48991638089380174,0.4580088472908652,0.7508500720156959,0.5589888189857743,0.6189907414751314,1.0,0.40385429313759874,0.2787649421399538,0.22739056521359963,0.24643595382034433,0.15466209968244451,0.33532158914163107,0.4761789180768892,0.11647097143153547,0.2408576168976066,0.12724008770916956,0.2700457491365269,0.15790995927974633,0.1434762226299811,0.18534792235209058,0.1657602300731719,0.4836751611388502,0.17855759224385132,0.22444468201395756,0.2737298394950846,0.1433641468159535,0.2001877689432572,0.3026670563519556,0.39492065061048687,0.38267789175293193,0.14429575997882366,0.16617305009591626,0.5302154545911799,0.2061953190448552,0.37757906550564485,0.45607358223554967,0.46884201474654064,0.23127856403514319,0.3298382767502857,0.2711846134301079,0.271218943578901,0.35251884106671477,0.3097576415882205,0.16043844230846957,0.26072570025053543,0.5532521225319641,0.40585663381249687,0.3954002500737826,0.48904709264948976,0.47154181487916874,0.4867122424028104,0.635205102220225,0.7273562523696917,0.4467477308349304,0.7235718910884321,0.3076151688512187,0.3302382312505108,0.38123858484722783,0.2957972884393655,0.1373410625038246,0.255497109040364,0.23931863470232298,0.3146187905223421,0.4098776561916763,0.16737409177178503,0.13888046568144638,0.14430475337287726,0.22515045227817918,0.12212528360365203,0.19848943042572148,0.23800455428303408,0.1706113040754162,0.2606550271096007,0.190731785795401,0.28126549017022673,0.3468315779647654,0.39352866374172335,0.26201390973597805,0.134322270601853,0.25707219113290053,0.0920725204126135,0.2602367511336546,0.2850707815203067,0.1984320069327122,0.275993979825456,0.35933040630685115,0.21453548659036115,0.32613330948556024,0.34554570846561433,0.3566398710740796,0.26405231745442026,0.2724222649131501,0.2653604436125207,0.3617501066295135,0.3412502079299404,0.4519946412471602,0.415255465896144
0.15754708053116112,0.17633694924135582,0.16804728072289676,0.201218831270645,0.15777135147891275,0.28722527051057,0.5026429134122704,0.4647455274221654,0.40385429313759874,1.0,0.5962963636870084,0.5479234834059179,0.3625466533679444,0.31577671709003036,0.40727651916715035,0.2677480416114195,0.27807225320299234,0.45455001948220336,0.20913153032312323,0.23522770337349577,0.22853321566579599,0.3001482573293765,0.21074505043575353,0.2362538965354236,0.5246810139796271,0.32423722226196605,0.27016978548132575,0.3858774552314563,0.32450033471246975,0.21914542975517334,0.45602516870642623,0.26013425286240094,0.20937684521411312,0.16980525628466672,0.40229992310811297,0.29165314711551,0.22675083810495983,0.2753780395985999,0.3113741456627242,0.5637245335201218,0.3663439733871647,0.6055038432293302,0.4360857013906555,0.5847783168657059,0.3897566952609656,0.36356578820974955,0.28237872190422136,0.3243315625421496,0.36116946016532653,0.4690576105994672,0.23998491555926296,0.22896889909346385,0.256861884554348,0.17020445110987606,0.2238842900763379,0.4024242470286284,0.44617732630461,0.4547462284940487,0.7238985118423501,0.46897164425492527,0.3724679316411179,0.3073355775836549,0.1826893046541229,0.17260386530747066,0.17073390182113898,0.26904331985797114,0.5809484937966559,0.16479053328244558,0.23877777184193036,0.31310635277256404,0.188765767846944,0.3606354590056554,0.2389058495792077,0.5001667323240376,0.1924345605926126,0.39714547510243803,0.21956887839403025,0.35071641817266686,0.3280585393869854,0.23758746828625144,0.3228020572693179,0.23457081259376725,0.4668059460410319,0.3022273572413398,0.2894759175851746,0.38584118629203734,0.16715397237535698,0.4334455764156421,0.3142309230661125,0.3529123853247072,0.3355306468779966,0.4289872405916638,0.536922793542523,0.4889197911112958,0.49778683140900143,0.5980047043065025,0.3743817535544973,0.26218576046291353,0.48181169745941993,0.49278801347426215
0.15019347441973627,0.16661452544889335,0.17321049895521512,0.16881187930147135,0.11995264527260227,0.22413333227330676,0.3424667569507443,0.3816038374513652,0.2787649421399538,0.5962963636870084,0.9999999999999999,0.674915602375968,0.36569026116710296,0.26439403927049254,0.4131770433907543,0.19419768144351324,0.44548323697044084,0.37812804677222434,0.30291387258790514,0.24707829898990258,0.20525963117693968,0.29109107594604805,0.23325796569083257,0.5074682619498609,0.4116793264429806,0.39270322433598887,0.17054917023018556,0.2950163656331896,0.3667233754346047,0.1984996497980187,0.23185727479945506,0.21065698117360743,0.14202133528405056,0.2375283293429478,0.2748768935250842,0.38029325592100427,0.3062769818970721,0.20577048158731764,0.21637791399628903,0.41566210121715197,0.4590788612113871,0.43461868267341963,0.3423875270389026,0.39169129942011877,0.3526741243664089,0.22231100214442606,0.27271619127026,0.306461772977296,0.3524435830164066,0.5557668433049056,0.2137139799598282,0.19388676368974228,0.18982859129651797,0.1441168844482267,0.20380818554991897,0.3053604658975987,0.34517948665894294,0.3327413309437493,0.4466583379792193,0.5173659914606685,0.3393888426222736,0.24965908512464663,0.2991624741268021,0.16918094005325945,0.15795028051871418,0.20610655399377173,0.4078826749423197,0.1765646565190127,0.13446457602882408,0.23868761625535154,0.17072308153341315,0.2811570382844599,0.18143809578870157,0.263245412029886,0.27361358577271006,0.3424552090381606,0.23029831225155295,0.22298304842540534,0.20562703246811645,0.1502946086309844,0.2315731917291728,0.31187167663591364,0.2748755355261808,0.2100127705804117,0.16196160251096356,0.24123381626806417,0.18965309679493825,0.2927275422673046,0.3926233591728189,0.33107385165301845,0.24897804577880286,0.2503456714944743,0.38348772782367613,0.32671776812804176,0.41106880335510504,0.38941342513931887,0.18417194306506104,0.18909685890670824,0.485643975042272,0.4793439075838458
0.15844534362875573,0.141942059975512,0.14423038258490034,0.13275737977221982,0.11252752592078875,0.2035591445667465,0.24138218997803926,0.25256108653572656,0.22739056521359963,0.5479234834059179,0.674915602375968,1.0,0.4638134037675548,0.3207517937130856,0.2878365563219087,0.1266050898500324,0.4583897441425398,0.3418494824947955,0.35110158773894257,0.162265361316614,0.151173975302616,0.38319883535045546,0.2569097056754838,0.47826972786081823,0.47686209421841397,0.5691201308489657,0.2424016953835719,0.3729952907544366,0.37496052937480345,0.2592147685512852,0.23276988141834257,0.180895202136277,0.12652927765236027,0.25840193848928855,0.395857725037233,0.21915113457352242,0.3218601299990032,0.1637860568876891,0.19221818086212392,0.276729142861514,0.33096310151909364,0.2975859926050516,0.38244329781362196,0.3871443219254253,0.339216999773838,0.19335040027204994,0.2880942769850229,0.2615928341712244,0.27936705172977816,0.3637288782905231,0.2011577006098085,0.15861089263745362,0.11012007737437073,0.10855746256318634,0.15452627592250429,0.25114797416136364,0.24547416985601755,0.213826560336983,0.4694060706087405,0.5388360870665199,0.45651590868685593,0.30593347327538395,0.2505513260803826,0.1313200301701548,0.14830879903121733,0.18068481592358476,0.29667321240474126,0.19819171053307008,0.15632377793278782,0.23573931013604163,0.18460261469476605,0.4028103486039127,0.25198566310068066,0.3259756995578563,0.40181287424123413,0.4268057078402967,0.25937231076731804,0.3256400515563839,0.2159778045115048,0.13031361272397063,0.1883581282984986,0.21354514238708458,0.38066207298909455,0.3914773468163908,0.21242566264560225,0.26612559447727213,0.30029456279208433,0.44116948935554234,0.2353583032388905,0.21993268105287214,0.23974741105039396,0.23926150587945968,0.33609876267887656,0.2683290009527018,0.4405106069276201,0.44241148266823865,0.2045267877126711,0.21148756416080572,0.3518162228408741,0.28801651275636436
0.17430754526438755,0.17744940930228592,0.14332261755528616,0.16890518599721158,0.1443069564624571,0.17831682992298412,0.21114206836154154,0.15209668090931938,0.24643595382034433,0.3625466533679444,0.36569026116710296,0.4638134037675548,1.0,0.3920112081354901,0.3185042972602331,0.15905795684907517,0.38559625277395165,0.26283515834681037,0.19189635777257938,0.22866196788208307,0.17629501347495907,0.4482839093517203,0.28277963567125464,0.3101526314790106,0.3747283200508587,0.4040057430447007,0.3472840251740193,0.5223679069307853,0.4334783280382014,0.2174809503000233,0.20367078405991393,0.1797202054361139,0.218563071195395,0.2500380495238914,0.4992442007235505,0.17755821265145152,0.2119455420520216,0.20485622318001284,0.22621745311568653,0.2280211057680578,0.22398485175883232,0.2665523188622671,0.44257037440595015,0.28450658535924966,0.42169168614766617,0.31008572214699676,0.32628304768886474,0.2985918886044535,0.16251819565791759,0.34129787431770076,0.1410784119789499,0.18265135910708674,0.16752696003579806,0.16934804823818728,0.14559005956880963,0.20119742142813832,0.19543370394190418,0.1778370875035778,0.3906477044174661,0.35347144447489776,0.46907869113008893,0.6338262610514529,0.1566502030090727,0.2143439117802168,0.13240868149151105,0.27766654221902537,0.2450188080608667,0.20973668222155872,0.17854272604668467,0.17425588730547742,0.15461751118609274,0.3306596810000816,0.19821697539443645,0.34437203676147676,0.2924183613176121,0.2939345409205121,0.25857174177808423,0.26052951132792673,0.20246044116228745,0.11090563780036514,0.15462889372947053,0.14506219520075064,0.43024615770405605,0.22263180578292308,0.24174773885197443,0.3326839523258095,0.2101386992609417,0.42273597198802304,0.1886193721073058,0.18121670330086018,0.1880438235596829,0.19804820984932925,0.31552361169117626,0.17441411426290535,0.3245068203064148,0.4310047672454101,0.31864136694744005,0.2633329433805607,0.18946943025927024,0.30275986272992705
0.2632838750387428,0.1805864536518783,0.18720849735176107,0.24879018792522675,0.16933960721104063,0.17950104181543852,0.2799734215784234,0.20812798454728068,0.15466209968244451,0.31577671709003036,0.26439403927049254,0.3207517937130856,0.3920112081354901,0.9999999999999999,0.3418572676026234,0.28014056756726075,0.29420451212375626,0.250558718511226,0.37457118956929675,0.19573323884762203,0.28644562122968015,0.48338192940551683,0.48417751081889365,0.197523062630233,0.33151628088602003,0.33660697437747733,0.40849994915076043,0.39639790255495183,0.3816300885876218,0.43944758965644487,0.20434106462759025,0.17747396209362737,0.2675980349868132,0.2945816278044344,0.40047367248953625,0.17436658399224256,0.18991378673803716,0.20318456813131525,0.2638603255565766,0.24850775443232842,0.22484940838394216,0.19129158617065922,0.3492050851729732,0.27389982785085665,0.2811770376534261,0.294557301824107,0.45996927403565346,0.3007303611324207,0.23158046306425903,0.22901388253489474,0.24717345898056098,0.22574231691007055,0.2976708691038358,0.20491048037517767,0.16603143583537158,0.23081583036896638,0.21715636787572795,0.17760398963398333,0.2346699058607337,0.2776120706385219,0.18611003060093176,0.22667991553393926,0.17984719966446797,0.22082114672491493,0.2013174513141605,0.3372155276748516,0.2357856085745112,0.2330845584985982,0.2341269150854909,0.2260793522256691,0.23434396815796574,0.25853055477193077,0.35358061140454144,0.33309690605196995,0.19146584474187045,0.1906323549716757,0.3379864024844801,0.3439267999021967,0.19334507877565926,0.18715508514349077,0.16146931313191296,0.1950148186601758,0.3507077213180561,0.23096759771823258,0.20006469922511552,0.30429151425003353,0.2675681717013401,0.4115599830137948,0.2515830353929543,0.18979367047944437,0.27593364827029593,0.3145594838284607,0.35056548487578154,0.18779523174612436,0.20284525224469696,0.27456362749013713,0.23018006287373724,0.24077814977826922,0.28091852183315047,0.21849987778475924
0.38102940952353026,0.3387727599120777,0.40626871828723454,0.3626966025112823,0.32584366798369246,0.44619684001354004,0.3817815875891001,0.40046267386301776,0.33532158914163107,0.40727651916715035,0.4131770433907543,0.2878365563219087,0.3185042972602331,0.3418572676026234,0.9999999999999999,0.43197210391025204,0.19283087897700768,0.2589740150753088,0.15900722485145594,0.23900491247255384,0.44683923448204227,0.16419552066772136,0.3511298885447595,0.22035556125752134,0.4509485527149224,0.2669365388085435,0.21266320861853127,0.33520523401374436,0.3361303174154429,0.40537515368119115,0.2763518315419143,0.34694791791726715,0.33843890879612487,0.1068814262812231,0.16767208912617756,0.3582112264794503,0.24664351840318374,0.3311689349659114,0.28277535668579956,0.3312438860294176,0.1936335562085727,0.313447225065034,0.22492925913805972,0.3386058265741842,0.26692082963603514,0.36321769414994315,0.26770025710164314,0.4112984806495308,0.4391801571773196,0.34265451804155583,0.4105564012471348,0.4339696840404009,0.3867845208986049,0.3373413451643143,0.3903751997235826,0.4967595560907804,0.3778998361276637,0.337497194075724,0.3542078671924939,0.2603915905170544,0.298980806087474,0.3428568254840551,0.10644697897353533,0.1767286800046251,0.3214131221310926,0.6178634802572611,0.40079906683218847,0.12166862554328031,0.14375455739549717,0.21401630224527352,0.3748276105128815,0.19496154750836475,0.4207329146850516,0.2762135841566326,0.1563266537610164,0.2253468358044814,0.35862239486280617,0.43308215819703266,0.24746632818791828,0.26338672046282213,0.2174204139466505,0.19235901435777567,0.18656498864181711,0.13481486451871702,0.18116890417411913,0.2776976516006924,0.197426274043491,0.2995913800224018,0.321044333656964,0.2138635642630653,0.321477086860787,0.37651180628200037,0.4157335172586283,0.2817547446387826,0.2564380283315447,0.2968575014588972,0.31103235992864187,0.33713201854741875,0.47206096138141507,0.34021672291474514
0.6303609859620285,0.7362071456607311,0.7047949307563631,0.7479727796637772,0.6422730183063353,0.5871609287013989,0.6319892817695678,0.5537262270629753,0.4761789180768892,0.2677480416114195,0.19419768144351324,0.1266050898500324,0.15905795684907517,0.28014056756726075,0.43197210391025204,0.9999999999999999,0.1226888066481644,0.21523038079216836,0.20142886384972022,0.2402479212495543,0.25074359071204017,0.14553947498384723,0.20359681626818166,0.15480427832722363,0.3832827180109249,0.16895137965101878,0.2681748236869736,0.2535287972383911,0.24407879114827857,0.26615048834534305,0.3518955972622817,0.5724294694777455,0.7838404686116641,0.18961805951722963,0.1212138958597728,0.3250280469951376,0.19943923860749888,0.5733799772562683,0.4253341846190579,0.40464341561779,0.17437320563320635,0.3466183938232261,0.20387624586861755,0.2694273102430448,0.2179502702886942,0.46819279609623793,0.19705499254871314,0.37758271661642157,0.4857262223782066,0.26186355252269666,0.739821594816106,0.7298945992483287,0.7906369191061978,0.7076499913474252,0.5421482783086369,0.544951521154138,0.5002822449285849,0.4397031052020353,0.23824380921373897,0.2272439162804843,0.3055377870313822,0.2935294736180213,0.1588916033444532,0.27555959551999293,0.3082370690018021,0.39278664105566796,0.37420032938133935,0.2130153026449802,0.20021936849847172,0.16419734352429072,0.27146174800757183,0.16279677392074238,0.249959826932192,0.2490374002700256,0.150837249989043,0.24326925200943486,0.3625186182854903,0.30441048412751337,0.4265967327559244,0.6140058438136602,0.303558199766243,0.22748192581034068,0.24684989928231815,0.11733803505752892,0.29141936540565644,0.3566586817147659,0.18497101263859253,0.25284082192392837,0.22689002305105588,0.16185485817482737,0.5483826107077154,0.5109900117157194,0.3479621940834379,0.31030163534375743,0.24285995123919724,0.21735299898039592,0.46029547114815883,0.40217343110355847,0.3832617292867769,0.2662345126695421
0.15972833624333416,0.11968759623508334,0.13299557639791298,0.15332874187759218,0.1372306695690384,0.11618611857653478,0.16125903857469207,0.14952641402667852,0.11647097143153547,0.27807225320299234,0.44548323697044084,0.4583897441425398,0.38559625277395165,0.29420451212375626,0.19283087897700768,0.1226888066481644,1.0,0.38616034126894183,0.62410480797134,0.25419851300418733,0.14372002833464803,0.4477721338987919,0.23692897597786192,0.5442228314487029,0.2183157822039224,0.3417209833386366,0.16345398235465688,0.23511521224933207,0.4172825708750269,0.18650980826736202,0.2044654553849392,0.12230696007364562,0.12353151495583767,0.6732731185059765,0.3978063413982246,0.15382616847772626,0.18892094327897266,0.17118369749818146,0.14079938469623263,0.18600529674867594,0.3612550447640965,0.1908093393867698,0.294097890846889,0.23525727664503004,0.2382565660917991,0.19283482685299486,0.29187563365937264,0.15600057037200044,0.15759786296686534,0.2850138015195035,0.18713285732950688,0.1704177154826896,0.15141241483136797,0.14101660142470554,0.13045277340533099,0.137143984490819,0.2008918483375384,0.14345523071640331,0.2517223084313263,0.28685418584966826,0.25663359270294905,0.23980318134051945,0.2918660262143335,0.23009754308354896,0.21303161239021617,0.1754512134252615,0.23007147605983577,0.24981531674445065,0.22430565813488237,0.22238929528570356,0.20004487765414083,0.3479257672913036,0.16264744856631988,0.2665915939327739,0.3806900197396786,0.29153334110961526,0.274349743590797,0.15299608154475028,0.15765734459661956,0.15418807178673938,0.21766097107735663,0.23652564667713302,0.2472014100563936,0.23299217229507785,0.11208508138589161,0.17926355147433376,0.1444400189635731,0.2420641790912625,0.18439762328596598,0.2066059370699479,0.15637199872875066,0.18690962198405559,0.22279772511994558,0.15490565778820076,0.27591993531424275,0.24425920008742963,0.17980952564246458,0.17322455163259876,0.18788397725108166,0.2326304584661997
0.13954027687881423,0.1504215705903906,0.1613461812900314,0.13959240899432573,0.13301521428689428,0.15441084660216997,0.28788579524240343,0.36773372106497915,0.2408576168976066,0.45455001948220336,0.37812804677222434,0.3418494824947955,0.26283515834681037,0.250558718511226,0.2589740150753088,0.21523038079216836,0.38616034126894183,1.0,0.4594486035408836,0.47958339099065145,0.2183173178625675,0.24120052215607848,0.1868909616956897,0.2776874525251729,0.27956994258818413,0.28400748887787347,0.2243711047379177,0.31362392969591846,0.2628707741499422,0.19962148206315927,0.24884272015235845,0.16792000732445242,0.1676722655012868,0.39858556167139947,0.3522973519259301,0.3453507697323893,0.15262663042243232,0.1332848537097071,0.19008718142933095,0.2605297082610969,0.4302439168244463,0.3155672413915053,0.27436486591578985,0.29903635326946937,0.24368661729233604,0.2558257511788813,0.23903872516922298,0.22621430654139413,0.22695641572473566,0.4635159930891843,0.1839848603085979,0.18605605324712488,0.21719758525959823,0.1316254833523989,0.13950346186300608,0.21687864149537095,0.44725609813503275,0.39196785650837546,0.4287729281847625,0.40908949350810775,0.2723575495866412,0.20284575086224932,0.19183778238878105,0.19359252984160377,0.14826188600754178,0.15096123085772326,0.4008022229335603,0.1945592724499021,0.35413499277929217,0.6536743086417961,0.16859597674106258,0.34383008839902734,0.23730299176058686,0.29812039568502346,0.2539706971884346,0.35065928391053314,0.20389029614080875,0.29271439194466686,0.14121991125704056,0.1633675229068592,0.2175432781965108,0.35348738107434136,0.4072504316947334,0.2982505848939387,0.3770241012273279,0.2880878221916097,0.14639101599710266,0.38218579622286347,0.4161356814584908,0.3219429569394528,0.2303111772367675,0.22909828843048913,0.3401253065844197,0.2940422756092669,0.42352292901410954,0.3912585750328855,0.255996147332543,0.2471427577436115,0.34172033309583866,0.4599737318319239
0.1827202821828418,0.18186603184438335,0.16542543784359665,0.18787916135931895,0.18419074369697022,0.13098669315003725,0.16688993444734027,0.1621587731092026,0.12724008770916956,0.20913153032312323,0.30291387258790514,0.35110158773894257,0.19189635777257938,0.37457118956929675,0.15900722485145594,0.20142886384972022,0.62410480797134,0.4594486035408836,1.0,0.2383947418806314,0.167695402455555,0.3310610844809909,0.25253844175422896,0.332905418341494,0.1429600454116779,0.24927485329127386,0.16712428962013895,0.2335293126272426,0.35200627298259507,0.25292235227019483,0.1638700984836561,0.17042935628308198,0.20352356694664006,0.6182228509087773,0.26420697496036555,0.13502703503931143,0.1874000039921203,0.18537016728078,0.13158687350692616,0.16247571847192271,0.25506369553823904,0.17070375061867302,0.181751351063643,0.19681731376421496,0.15902167574919635,0.1818908576031638,0.2355345655912495,0.17680453659416656,0.17582146315719743,0.21657147146903544,0.22214856499689029,0.1796831454796312,0.22617159710203874,0.1895462001096572,0.14594182646497741,0.14792962702077186,0.20367691362377938,0.18429616404143057,0.1859502616819255,0.2602027337651743,0.16215562391275462,0.15056463447041893,0.29142678333752714,0.1993624846411212,0.21339011632048685,0.21302614066359793,0.21914628309550097,0.3067516230996607,0.2807359122834218,0.2819163650293463,0.24902780945025899,0.30999169107596825,0.22885430136394128,0.21849706057401977,0.29243371094981285,0.2029619214983739,0.3160927538209127,0.19828333088931913,0.15448026390038114,0.15572015977450393,0.21399073824585474,0.19066474060965052,0.22700155639828926,0.22759692109445587,0.1441498023976865,0.19570964842526087,0.20304165766968282,0.2682584612534304,0.19412081913676446,0.19401254328783035,0.1978903335712771,0.19159708811458742,0.18220066769527055,0.13618050061135542,0.19536744632769423,0.15629741277659734,0.1934697879420024,0.21367315262301617,0.18500351326506714,0.17016702118827765
0.15803812604980905,0.24533733782815148,0.23910812399020465,0.2421336104835533,0.21838159267769494,0.20064340070955133,0.2192979934009188,0.2370484770370347,0.2700457491365269,0.23522770337349577,0.24707829898990258,0.162265361316614,0.22866196788208307,0.19573323884762203,0.23900491247255384,0.2402479212495543,0.25419851300418733,0.47958339099065145,0.2383947418806314,1.0,0.2067913046614016,0.16966705230802842,0.2539947545186929,0.2343393162778395,0.17518462640606455,0.13116734653671247,0.16086065122296744,0.21077097830036348,0.24873008816420078,0.19320041291427092,0.17097345444269785,0.16951631601188022,0.185468033432571,0.22158687193200033,0.18464279351947227,0.4853577394726567,0.17374503632036847,0.16685196944145542,0.2001952936216913,0.2337627111751457,0.28885192379823266,0.16504257907696765,0.12741831655583222,0.17905337186800296,0.1466599996167709,0.23518581087438203,0.1538616382638035,0.20140030253932595,0.28430592572311847,0.43176045533511775,0.17212506288071563,0.28017061336958216,0.24322816090326235,0.2801945807531606,0.2247843805246966,0.24442614141000063,0.27044803852352994,0.34826774042350356,0.25155142939958536,0.3124047710840541,0.2243772080751375,0.22424213233665963,0.12997516795815178,0.2656524746200261,0.10403830945959908,0.16153011714470375,0.2843956289092802,0.17427593894917845,0.2823990119468231,0.4747717756989307,0.2614631251783938,0.29683393313108,0.16827063072194337,0.16535104421992625,0.33066955903356166,0.2700405588970436,0.21119052364162233,0.15349219730759583,0.16881958967054675,0.2278368408366558,0.16614488833278243,0.3455831292139414,0.22215530149176937,0.1977234258911623,0.3182439880428951,0.18284111515074217,0.17375669849589717,0.16599211191116553,0.6350824077097483,0.3073894912191816,0.1372196258908277,0.21181795499556647,0.23072662932732144,0.17281001235252538,0.2513093619563742,0.21117336689068267,0.23207790419792793,0.2493137035591324,0.35091293290318987,0.46875755647412604
