0,1,2,3,4,5,6,7,8,9,10,11,12,13,14,15,16,17,18,19,20,21,22,23,24,25,26,27,28,29,30,31,32,33,34,35,36,37,38,39,40,41,42,43,44,45,46,47,48,49,50,51,52,53,54,55,56,57,58,59,60,61,62,63,64,65,66,67,68,69,70,71,72,73,74,75,76,77,78,79,80,81,82,83,84,85,86,87,88,89,90,91,92,93,94,95,96,97,98,99
1.0,0.35938010177049984,0.2606923257358378,0.3407443916043966,0.3077189700628143,0.22018709676073553,0.2307856324523948,0.29257915436625537,0.14558576102473977,0.304019225088615,0.22442441979680633,0.1703874577785212,0.28118723923464406,0.13984078134519567,0.18200108635203274,0.4142338089931309,0.15296121847422067,0.10348865986265211,0.176492278524215,0.17678571918611363,0.14779344998142915,0.2480627781213639,0.1697262319359055,0.18773077808617525,0.34798686446667537,0.1817066402704844,0.2369767980427301,0.17693661789441034,0.2669631497581502,0.20500518826709352,0.369056274983651,0.25966437758004934,0.4074605266638091,0.17434415690207875,0.31763351858264144,0.207294589922012,0.2684081791180725,0.22849378519076238,0.24931993474170988,0.4261294124458584,0.20973474430317193,0.23641358634348614,0.3176223020556552,0.2912035386283048,0.15579600553950781,0.20238430556386786,0.2743483197771939,0.17319887970732534,0.22842800633891047,0.1076849798842599,0.5317202889996836,0.3246744461200429,0.2683967195234871,0.17952560453015123,0.3037537760565279,0.1537709770996977,0.3406457309876037,0.3041675342172601,0.333969098026609,0.3912814992202041,0.27198975469336145,0.2155900649055258,0.23308481155581615,0.1291034656693206,0.16852895971204745,0.1382053217465381,0.29207988069678387,0.127663724962139,0.172977507249082,0.17094821369001664,0.1320233976300077,0.20269037342509966,0.16514229470237438,0.24498290787886393,0.1623414044444751,0.3059504743183329,0.14890224663965315,0.25433312336565406,0.43816102501189286,0.2464326396516612,0.2121151381021048,0.21698146677787897,0.2503610587365901,0.2857623240319548,0.16648005295349688,0.08709763243774273,0.24892001141240067,0.1833036948898887,0.14171493594818022,0.173100070421756,0.22561372433109794,0.16686764497012146,0.20317836871444572,0.26785546807365374,0.31503718810833115,0.29198446357502944,0.19386812844175746,0.11475709432884013,0.2692914459298667,0.15134607599034322
0.35938010177049984,0.9999999999999997,0.5581896897295318,0.673057902453383,0.641876005008748,0.46817254454493595,0.41918225108245843,0.676636009293437,0.26199574683574267,0.36123792493243656,0.2815505604399052,0.18000524205699298,0.2880593178574363,0.1663853534388138,0.1900321419986699,0.6730028539743914,0.20820338134709324,0.22196425007383921,0.18116364411642352,0.3388818397877466,0.20035830498056847,0.22408163671224535,0.23366139255961954,0.21090891386745997,0.31035424881768925,0.17812071306234112,0.1596692934324538,0.19142808147611462,0.25490298267116335,0.20771261321071197,0.28561327398176023,0.25944143989998514,0.43764633782919055,0.16035456594858385,0.24483128811740293,0.40914150105607855,0.19333656878849953,0.23252479861706996,0.23215768970045336,0.3361473027668549,0.21995513540400105,0.2588939147027588,0.2163135146629704,0.20126507514999234,0.14331460018808528,0.17045106408555294,0.1383012646353238,0.1948782166360599,0.28269575410820386,0.16204398870998962,0.36742537394473856,0.7252479931821321,0.43967275130853645,0.4772037698384025,0.5113593224566362,0.3060490127614951,0.640437500216313,0.6578450416427464,0.2830185846898433,0.422302094628955,0.18000199925718122,0.247747549591086,0.2611246166804173,0.16825482087717827,0.17881135801626225,0.24852482158579048,0.3006413789164712,0.10499530610514576,0.13261736218690326,0.28155301030516333,0.24453546024570813,0.1911316424520184,0.2288846413447133,0.3292333147280096,0.15518395093742282,0.19144526965454492,0.2551293805684771,0.21892329745304406,0.2872344271076023,0.22467852396054597,0.1886092230610344,0.20744363673476887,0.2434779645138569,0.3825336469625719,0.1666766661413248,0.1903045429156237,0.2837593106353679,0.15616108114362692,0.29842569705919825,0.2095593450167906,0.18494548794965168,0.24240728125738056,0.27438974460744925,0.29285909526699166,0.2325357930524499,0.21597287184257005,0.1852645539674481,0.14509721210139553,0.25609941653033597,0.15010924612522364
0.2606923257358378,0.5581896897295318,1.0,0.3155878495286425,0.37976877261808895,0.7649034986714968,0.3187486108294294,0.6726938978159516,0.5264899007017234,0.27630070873413204,0.20761797484118097,0.21539120082580118,0.18426149610349327,0.20073381075114655,0.15322362526906347,0.31989498617004425,0.1754910212274876,0.24957065353914015,0.18622644422227222,0.38798180184818226,0.17514357166151023,0.24434590064882278,0.1774370107063028,0.16569453589386374,0.277421104189997,0.3231115943940872,0.1451320733277713,0.16935126000355466,0.30265964191409556,0.22277571271502492,0.16319597987741946,0.2962953149702221,0.29454770946597975,0.2780718492299546,0.1767984967301934,0.4342512553831822,0.20533491330883213,0.15650011900503014,0.18316082891628607,0.23577221453264088,0.21525038441897423,0.23018511097027375,0.24246603033444056,0.17184209845648263,0.1469190739643468,0.1961412023943912,0.11165531140641967,0.1476641522515554,0.30149390811553517,0.1351222714894028,0.26872072596462854,0.6176902100615846,0.19248730987531346,0.25177087460794784,0.614072622891624,0.6329500646727654,0.4387373296646861,0.6034898788704275,0.20627710537084787,0.30371258458228406,0.14735419073448744,0.2008592272409597,0.20855571921000038,0.13660218036048843,0.18429788935582891,0.1918224887100198,0.17215332447850443,0.1870737809311818,0.1925960833356845,0.18692968682359504,0.1815377258122341,0.16498186074327376,0.21763604170544124,0.23088125343372146,0.12791552481545712,0.19064417806744235,0.3581401244874663,0.23361693849491633,0.13600301720439825,0.2688009748489695,0.27319092618773805,0.3691389825103746,0.206839491971108,0.2647803182945571,0.17920548664377722,0.20098817190668788,0.23879788845908156,0.21724680649473416,0.34724970015828743,0.21759953137265012,0.15337590188351613,0.2678289390437432,0.24033134107191187,0.27532141293691353,0.23424836613894418,0.2143870194643653,0.23204076843145252,0.13843054100898378,0.26909488140836596,0.13641904703540958
0.3407443916043966,0.673057902453383,0.3155878495286425,1.0,0.5885283488957573,0.2748914909221331,0.4201457664027558,0.4501542540976031,0.13872830175646284,0.3330956744119525,0.341298741224972,0.21336032848864,0.44495001091201514,0.20889684567017924,0.1823381486316536,0.6048344122880936,0.23424404721825098,0.24653663935309705,0.2844152832930735,0.25134713720421764,0.2619853386564167,0.26493238197604163,0.22792445680599055,0.25046340902106395,0.21235841281270196,0.13925715837333524,0.2445517974447213,0.14702118004507367,0.297315665385381,0.17831577325307957,0.34912980091427576,0.23247054996615998,0.39744873442404455,0.15487588011402895,0.3953748582493774,0.3257894152060068,0.19868955391021,0.32592737549834155,0.37097828886785456,0.3946365718728098,0.3418819987878343,0.18927916457345556,0.31740819714845236,0.20186699410381767,0.1879302870871299,0.21331175614524991,0.28391010650052967,0.28725861073371245,0.3302701220690675,0.20820989072119797,0.2889931321722602,0.5250408336878527,0.5088573595346032,0.6485165927229016,0.2588053818016953,0.1749225859111555,0.55789272408288,0.40982445243292326,0.21555995694246835,0.44412045244646686,0.18554870996304407,0.3686892194738274,0.257040133620709,0.2642141831312952,0.28436500762654804,0.26823213692865727,0.3457119089000232,0.16867154686657138,0.22931220696157392,0.34285053992663206,0.33146181319831725,0.27039636668361416,0.23175060433877737,0.4298704735467407,0.2098404747646933,0.12853952544370484,0.25170761497637806,0.19902647587406508,0.3400117911020339,0.1939623839182579,0.22202982257499618,0.25070632254980435,0.2690691007260799,0.4388445079179698,0.21295142038669193,0.26471552099523327,0.24866737091618876,0.18858615474030863,0.23527188162722723,0.18495436200038695,0.15923473491416198,0.20398838045115397,0.2998022481695041,0.20648917823957957,0.27379710338729113,0.15202280439755828,0.24366628075915156,0.24293865475914905,0.27001209986269376,0.23136363267766122
0.3077189700628143,0.641876005008748,0.37976877261808895,0.5885283488957573,1.0,0.29571219071858135,0.23353633188814715,0.4856176860135582,0.2152032261259436,0.2792297870801642,0.24404657269226313,0.16444571276977787,0.25177229521850975,0.2316120239083808,0.2740148752998244,0.40366221683960224,0.14742554555788254,0.19502930567538532,0.2856520392955162,0.2622012854164475,0.22634379197878768,0.1869756409705953,0.11961250538229486,0.33206730205568014,0.20917714152233313,0.17430547417609826,0.21500243562178656,0.15886055496785098,0.252334800179641,0.15216383372002185,0.28119941651367114,0.1515126582275215,0.30274996076246763,0.12307021933265562,0.31716002520519937,0.3267048947715135,0.16229837853100793,0.24199846914923182,0.25841679957170455,0.24537299371824012,0.17327040910240057,0.16769110874550827,0.24461606350276913,0.19530778021129186,0.19567007714556386,0.13137206821859437,0.12689643941970596,0.2609258526294532,0.24385609950220816,0.2620169520455287,0.22873368329663568,0.42028472362624103,0.27809635967194274,0.6000484796152034,0.42278134919691235,0.18071870879152724,0.5296160311009026,0.5902076737570237,0.19472273561343345,0.3023059082220934,0.16871604486441957,0.20997966414459934,0.18986993035937913,0.20585149881885895,0.2954623255770202,0.27129330993306494,0.1899370768354907,0.13837019069353562,0.14718529724431118,0.1971392860540247,0.2923383579162331,0.15377069382122505,0.13831281360743122,0.21131995792132027,0.14098998304974322,0.17164128173975368,0.16459941454514498,0.14147563177118483,0.2594239257268713,0.18694360851655717,0.18955531878508425,0.17326456115868707,0.34512843797721665,0.3680174869947597,0.17659752321635647,0.17011139094488015,0.19035417853877212,0.141140801602118,0.18215569387189448,0.2212450215024773,0.1014907083834649,0.2177445846793609,0.27970273838647197,0.16143686568735327,0.19025635601557742,0.1976807170694742,0.14715595867052947,0.1951600110654698,0.20134211785492706,0.2445931372812541
0.22018709676073553,0.46817254454493595,0.7649034986714968,0.2748914909221331,0.29571219071858135,1.0,0.28760467399018713,0.5158569530768128,0.5932303665480922,0.19226950223925987,0.24999585928906437,0.28688930616597896,0.19661552843976593,0.2087709728507291,0.15444418696065884,0.2674973275476519,0.1621750817455391,0.22694970060331593,0.20171508096849408,0.34342595666163717,0.19010974017270388,0.2907847260134377,0.230470980922107,0.11535006679323669,0.23335147575911722,0.3701798803262737,0.12075034580554368,0.20246530393932471,0.27218523020008306,0.2682875552988246,0.14742725716299954,0.2637265282717146,0.3130961116987923,0.26842704494993735,0.13563350675188832,0.4610204676940834,0.18281910163584814,0.15427062779886117,0.2135076109530232,0.19163816479886325,0.2172860382345943,0.2283254813080957,0.22645478476666692,0.1641094407222279,0.10091085082901258,0.22123388433924485,0.12438032893356617,0.15045400039894055,0.3363208246597826,0.15189979471256781,0.2312584341080451,0.45598840692593917,0.20454062983815502,0.23603518221341285,0.7315239971895651,0.7363842128693999,0.3247767892539345,0.5335155076931803,0.17370632574650846,0.3120808856177818,0.1511990992074894,0.20768085622161542,0.22280526714010712,0.13908290408651497,0.12969931638797294,0.19774991676348322,0.182290025910125,0.194624563578275,0.19168495318179704,0.11997193505615021,0.12842473331107368,0.2110354708932779,0.17757300254167002,0.24548991462168826,0.15875938973379475,0.2502322268777977,0.2857822697485249,0.26114306351227445,0.14565259898415528,0.2458479283652385,0.18882794271571193,0.28266289797512933,0.1333430753982967,0.238362520621353,0.17152032971416437,0.20033926072507519,0.20259908754129477,0.22084044511689288,0.34181262878831553,0.17055646231529809,0.20145341020578317,0.29276364863513504,0.22893851049145708,0.3400291723478894,0.24485965936369575,0.21269216040703035,0.2656968355857221,0.16416041761579617,0.22718504652110727,0.15879944593475834
0.2307856324523948,0.41918225108245843,0.3187486108294294,0.4201457664027558,0.23353633188814715,0.28760467399018713,1.0,0.4386213066669115,0.18847879815522986,0.41010865378659456,0.3330076947049593,0.21171258717686692,0.2840969838987915,0.288315814402391,0.2358536723029023,0.538977369890442,0.26590043589882173,0.2185535237699349,0.25558304987459746,0.4328570274405721,0.37347937141194376,0.3046651660503152,0.37881901917603344,0.16942162194801436,0.24424626035848188,0.1899607093906448,0.2193067653375383,0.23155140046237763,0.2530123748800718,0.3027414007627982,0.16319627048849658,0.39502254188934904,0.26542170023130823,0.12817579955946073,0.22037033959989302,0.27654811981752025,0.18015848116193026,0.28631958578103645,0.26040036881165185,0.4981389178379211,0.19768905510834403,0.30213812094591197,0.21376344613428513,0.21305815043759807,0.22566935477758732,0.2700174740890541,0.1849535454356208,0.11368710665327462,0.2528284423784528,0.23041476837287495,0.36833853270832473,0.5015581178947481,0.6256633769432041,0.24539314595271797,0.20085998482654277,0.2567953131998588,0.3822272285318276,0.3093037302608998,0.25982914842490273,0.2416171790264481,0.22674586378116435,0.23790871461637264,0.3191564261050048,0.26121578211940877,0.25036917201576137,0.32834862488754735,0.5561276645251917,0.17451139741721577,0.11715887205415594,0.2486832463969856,0.3510915081685086,0.22226788891504198,0.3970294571630988,0.7060028303405028,0.2334761809107139,0.25267976041145396,0.3000563159809166,0.31411150426264817,0.15800103532970294,0.2914448615549047,0.17321240288848955,0.19035205060154736,0.16621564760460888,0.26277080644024875,0.22675843914426724,0.2604784444961622,0.23423431705936903,0.30518383986781933,0.35732764090264957,0.18408190792299187,0.28294939884466475,0.309305109790333,0.27003901893360605,0.35112548700250384,0.29625562493737284,0.23842493722621455,0.2847077693221544,0.17180438891456806,0.38433933121818065,0.22090381772835418
0.29257915436625537,0.676636009293437,0.6726938978159516,0.4501542540976031,0.4856176860135582,0.5158569530768128,0.4386213066669115,1.0,0.4415097619755371,0.3448181551264502,0.2535252822422463,0.21972209322400554,0.24633975431154134,0.22204910857947863,0.15722694812250582,0.5589492956122564,0.2571862211427389,0.2559960899161766,0.26311096220491825,0.4240124502203463,0.1916855193343952,0.22872594047624303,0.228792572654211,0.20570751432160406,0.36099767592681675,0.22844548848201462,0.18311695693948515,0.1866500087020568,0.23007730284518446,0.2545437028118644,0.20657132634076972,0.21552508174487411,0.32840113536934157,0.15367709643899885,0.249833866648902,0.46271559015006747,0.25386159472487513,0.1993855018288415,0.2471973962192288,0.3187441351706724,0.2229707847541903,0.28095978630578444,0.24530955657499398,0.19680760311529824,0.1809471836962283,0.2351900509984444,0.16747235353692716,0.2129367827056682,0.2206348305411317,0.1822864019803021,0.3773371095640807,0.7029606414744756,0.3655349434020802,0.3284761572766382,0.503663387172689,0.380448958684131,0.7987741949332943,0.6997927044007304,0.28997939138552675,0.32808653495887485,0.2522130827336623,0.19868207959081427,0.23860631935409063,0.16781929544426327,0.16945832768081362,0.17837435704387666,0.2529782996164269,0.15427809699019238,0.13187047651366585,0.3492238184761991,0.25167186576959943,0.18212725369184907,0.2531239691581401,0.2634749246698239,0.18857456306335685,0.2560179729743228,0.25860287633247336,0.265871480058376,0.21992573950423022,0.19323129511902198,0.1725773517137813,0.2578031319743141,0.2417867050006174,0.3437731424861905,0.19438473431368858,0.21888136811148506,0.2523414446471598,0.25521445852483204,0.32812534380347086,0.23372723047680377,0.2295536910070085,0.2806545674370095,0.2653405189994431,0.31308067945154816,0.27223273010349297,0.22191929605466768,0.2321751459534518,0.19991784911817928,0.22812991456868456,0.15131556950513675
0.14558576102473977,0.26199574683574267,0.5264899007017234,0.13872830175646284,0.2152032261259436,0.5932303665480922,0.18847879815522986,0.4415097619755371,0.9999999999999999,0.17709779083630214,0.1938622100865603,0.3425365583349654,0.21347509701948478,0.3109751507115258,0.14380923093773235,0.1452785750942391,0.2004306636455662,0.28208163814528153,0.19173230652528125,0.46563011874184196,0.16338613599649135,0.27268229547315764,0.17664869665273664,0.13205469145048038,0.2518239109837355,0.31605466816457023,0.10665698474895702,0.16070989852571582,0.16754194457164964,0.19678367851354073,0.16279151698688554,0.16558223143612544,0.16934294547377043,0.2805296564726147,0.1531888872251325,0.4927906536265644,0.14709194224052985,0.15945385330192985,0.1792798879403962,0.11508016356084794,0.19076109563657237,0.21842373982423013,0.18380756058732856,0.18418516332210888,0.1288150232129376,0.17439123163012474,0.14373514249504366,0.14345107781245972,0.20309400680479603,0.19278529026914948,0.17823000611329406,0.25435923198859756,0.11937381234133529,0.09282773077306315,0.549306711847821,0.5996666624361976,0.2344108687707616,0.5072040658850043,0.21953106239200892,0.1565950392869202,0.1878055149920852,0.16594106487808577,0.16462725532682845,0.18025502624611583,0.10960995609329713,0.14770687896526266,0.15175980113833706,0.3144231601278188,0.20709063357257373,0.17900141665401492,0.1634612233718783,0.21745222819033863,0.13064276327161253,0.12085711397032296,0.19212735360958266,0.21373934978513365,0.23738700256338802,0.16099688089280892,0.14817195759223067,0.191082728002537,0.1554401055279776,0.21275877350763628,0.17477933608219037,0.1350001664197543,0.13249472280610575,0.1291916995281306,0.1204352474581408,0.1407595321063193,0.35194734974487724,0.2033435285647331,0.2530806614634033,0.29212657013943777,0.19643864993952312,0.27990989819464085,0.19278697059638283,0.2312805808796837,0.1818748716066935,0.15951149420947708,0.11423561986210455,0.17677303144608175
0.304019225088615,0.36123792493243656,0.27630070873413204,0.3330956744119525,0.2792297870801642,0.19226950223925987,0.41010865378659456,0.3448181551264502,0.17709779083630214,1.0,0.49043996893451086,0.31539528648093157,0.36159367997384395,0.17866037947755373,0.18809426846480826,0.38933659932227416,0.22200005755455102,0.2013662743883203,0.15190018379555062,0.231866387560784,0.14837760440343303,0.2967501205864063,0.2522623285606129,0.32673239729198605,0.500257591773747,0.18399682344740448,0.14806358207764664,0.2527170591722762,0.26129838199338007,0.23971971583478344,0.14282241041265079,0.3512107557277913,0.3047203574955256,0.1998401277725993,0.22221485914172326,0.32097591056668606,0.17224815270883537,0.4010143629091928,0.466069660023669,0.4375583081736823,0.2745621184360088,0.3876183852929719,0.26460862958958364,0.1853911456488564,0.20206162405148195,0.17901282611882377,0.17342140867316286,0.13652517412338325,0.25396614745298196,0.19632287791638509,0.3141024923362248,0.39119998851466137,0.2752926253039952,0.2673726750653264,0.24795035163160953,0.15165798283418727,0.2805031630485049,0.35677519977797106,0.6221599809697341,0.4711841011337086,0.41469786527569447,0.34802957912728266,0.34248138585550997,0.2640920771212774,0.1695182629221512,0.2798894846729635,0.2964566602124091,0.2311813789396936,0.08764211797224196,0.25590317487678604,0.18347190719712153,0.28805493185518766,0.2916829174627309,0.42141801712610544,0.2900119357602927,0.276926962412028,0.26455704522468854,0.24186553348259396,0.19347636021844125,0.2774810297906945,0.2033989971291264,0.23401688889245528,0.17799413954893428,0.3254344058523154,0.1283112213489207,0.19968988864503753,0.23545691196825366,0.18474449503895043,0.25848237835189486,0.22328306273951326,0.29918888608507793,0.4106190545298228,0.515586513017058,0.3604210239692417,0.2897194674699157,0.1480652424485459,0.16339523383474158,0.1645693208486086,0.3737067119103873,0.20057016299980454
0.22442441979680633,0.2815505604399052,0.20761797484118097,0.341298741224972,0.24404657269226313,0.24999585928906437,0.3330076947049593,0.2535252822422463,0.1938622100865603,0.49043996893451086,0.9999999999999997,0.48271476701484756,0.37487762783035805,0.3429936900233688,0.23904741390987308,0.3709651748721101,0.306299244972038,0.28789294795996717,0.24940429363979852,0.17900525369288872,0.2772510427473353,0.3074666513812035,0.22550377630235033,0.32154023106926727,0.20724278326092274,0.2229620561282322,0.13518975391120516,0.2940296248007411,0.2329136666712989,0.19664155323803578,0.17745710788239116,0.20878286687965147,0.29070181025151526,0.2835400276311982,0.1733462275624726,0.24618051393881477,0.19026177838978386,0.2718922914451789,0.2763989334408831,0.31382552224414045,0.3307274783070659,0.29572838506690236,0.2786620195086655,0.1916158087744769,0.11491554826246925,0.31829990852302736,0.20578756667774506,0.09992407802127987,0.3645188974334554,0.2906543300542253,0.2633404585279421,0.30791610954096615,0.39572924037124446,0.29292034825754537,0.2016226405075426,0.17981378516747934,0.21895816563059675,0.21091450682990512,0.38408146824237,0.45112511609939204,0.3498232065601378,0.3730453701167171,0.4582547489083796,0.35108913630359145,0.2053408512742819,0.3768930913141527,0.37349513835157794,0.2954018887264568,0.19887251240283316,0.31597784521049166,0.1950881248592865,0.3848152417072546,0.293087624732677,0.41350274820880956,0.3640262490058797,0.1682169123536054,0.14624111641327248,0.21045576732166435,0.2351784423377367,0.220503560986481,0.2377013229290076,0.15410663842325037,0.14441240936051428,0.27109735391953105,0.19542862020584406,0.1457799084441292,0.24689853572918416,0.18230883834215195,0.2523613424854311,0.22667838979373375,0.3301920248903387,0.3674462353696374,0.3421536581265252,0.20999781823541602,0.4267554721732767,0.2028115786621234,0.34253696775511605,0.18109056630220177,0.3491530975442954,0.35729181385887393
0.1703874577785212,0.18000524205699298,0.21539120082580118,0.21336032848864,0.16444571276977787,0.28688930616597896,0.21171258717686692,0.21972209322400554,0.3425365583349654,0.31539528648093157,0.48271476701484756,1.0,0.42038308448602985,0.339452336654166,0.2511753945794897,0.21894707829666038,0.5366661631988412,0.48692274887799347,0.32755329995037114,0.24224349604245,0.29976545821174405,0.22713144798093715,0.21196028639997458,0.31253338056537533,0.19101361821288887,0.3670429013243299,0.11344155684941468,0.21965594127078578,0.12530056201316989,0.16377133259610133,0.16520992794176131,0.1584675903700007,0.19082742169337133,0.4215293700782599,0.18283350492010184,0.19623523300587056,0.12687539852889881,0.2747715387408342,0.27192116554590856,0.20853072896589314,0.3399240142221135,0.21994668284597377,0.2108603103284341,0.2448360464726445,0.11281538384056392,0.1463272263202931,0.22518708074702773,0.096847749224162,0.221274619283694,0.35435174476664527,0.21255233508806845,0.14542606323149243,0.23862156255513203,0.18269234774943505,0.19993028173720803,0.22357970685357725,0.15754193416613194,0.18441010956416354,0.30999307381912033,0.31944464915132653,0.48881352264534,0.34324507268512117,0.3533433770399965,0.3877617468953823,0.20793851836194957,0.2838220026995695,0.21434994810823899,0.5381151530581267,0.3015871256826742,0.34834598738476946,0.2615088535817649,0.34973248597949513,0.19640369159947416,0.21735964312792802,0.3644586871371973,0.2494129457849164,0.15043735574153602,0.18540378497682178,0.19429274304023106,0.17985360595270677,0.17400159199145282,0.27627070568629475,0.14077496720334984,0.1498628513812192,0.08406707199898135,0.1812112460994179,0.17463757141694408,0.10358364410895908,0.20607001779278392,0.2495335320953148,0.3090432622110783,0.3566034212450482,0.2578784678109915,0.17932650023551294,0.20683407688011926,0.26303552436968564,0.17152538626227304,0.1799467562448179,0.2118387596702328,0.3805348293913937
0.28118723923464406,0.2880593178574363,0.18426149610349327,0.44495001091201514,0.25177229521850975,0.19661552843976593,0.2840969838987915,0.24633975431154134,0.21347509701948478,0.36159367997384395,0.37487762783035805,0.42038308448602985,1.0,0.25882885018181195,0.20096940646062655,0.41928066347054804,0.4531082965059417,0.34132050355218574,0.25700022831809105,0.2502754493736262,0.3342682240288426,0.2844843764831162,0.199272397049313,0.3708801073996061,0.2000915448125657,0.17069301705952053,0.15966627606957812,0.1847060077522941,0.22186343031617803,0.19770506577999458,0.25862523304629215,0.16819614421237983,0.4104348606772735,0.30060807419285374,0.36711746917064336,0.2195080681737841,0.18605486338863284,0.45758545911794934,0.5361924924818072,0.34729903070055285,0.28751486713447105,0.2239597595984712,0.3533536497028015,0.253173139462761,0.20728298485819022,0.20807451980444383,0.2421383782525637,0.238069392300552,0.2802105464639885,0.3236813020470633,0.2914868698339881,0.3057988768806839,0.38079927421724574,0.29537295458383017,0.13012776152547278,0.18456753003697435,0.2678177234399594,0.18720782436010183,0.3014917253880236,0.43944634016007245,0.3950676795331631,0.7772420755172947,0.480043694607691,0.34229245523938223,0.24122066040880574,0.26527661177818473,0.29573953836129796,0.3122802299448573,0.27146402365903316,0.4566354058925082,0.2778176136980724,0.4412327703944807,0.18493840202832654,0.3001271881937452,0.2663328465939657,0.1624023689593246,0.2438591250676045,0.2236032612559563,0.32303081241863224,0.14832591853342383,0.19854265065486437,0.14870771279970904,0.20048655245838226,0.3127008675921721,0.11254620401556209,0.19661738593664957,0.28315073249499784,0.14985411318877317,0.22620366233611772,0.14080258841898394,0.3108439580855347,0.32741328198263453,0.4227168937515946,0.1635490471652209,0.26227096241386344,0.25385499096523484,0.20881478267607137,0.17856462890395933,0.22900680451090263,0.36021268654771377
0.13984078134519567,0.1663853534388138,0.20073381075114655,0.20889684567017924,0.2316120239083808,0.2087709728507291,0.288315814402391,0.22204910857947863,0.3109751507115258,0.17866037947755373,0.3429936900233688,0.339452336654166,0.25882885018181195,0.9999999999999999,0.5617251547159104,0.21690333895710814,0.24689051523574215,0.3140936292490315,0.6737993835527527,0.20099195335687173,0.5067086022665953,0.17317529687288755,0.2766698751470791,0.16234433324778383,0.1552048542644046,0.18187250142297104,0.29078031633548557,0.23586365064279366,0.14005400774889948,0.2834416022478616,0.19960699763574655,0.183150921761868,0.16236489618599723,0.1678634935356319,0.17821603707585773,0.19254566766364806,0.1934429427588441,0.22866192823163117,0.19701242321656778,0.14165311899498315,0.1449394813403706,0.2513738320115342,0.15090548283706876,0.20302635594179697,0.19180694921939717,0.29185082866088663,0.24045251102121462,0.20429608350707126,0.16033211984353418,0.2761961126892401,0.2432113752019183,0.1832147979383641,0.2720581185465263,0.16660474441578835,0.22185896569463565,0.17408849186274433,0.2521827700476264,0.2546743843122269,0.1990780222133037,0.14553236854187182,0.18953710842934368,0.25171263365003704,0.3737108773458172,0.5441796970117505,0.41910973982842903,0.5307069794013444,0.3398640076891186,0.31501325467159136,0.19038484847015297,0.19689348736674409,0.3728052622963154,0.21755739123134968,0.299277325953265,0.24794944864632334,0.22528934447979812,0.15552431458527058,0.15132091170716463,0.26758466493355665,0.13402327896124602,0.2686695071035258,0.1413365155760128,0.16615554746579625,0.23441354564837713,0.12822982750279568,0.259139625352445,0.12345647986772468,0.18225863360108144,0.289186706012972,0.17566316578583166,0.32591104970119245,0.21412651420795176,0.23291886250058316,0.22048330353976475,0.11111072945927553,0.24249784798611934,0.22593389774629727,0.36263878356756946,0.3066253083974756,0.31348918677990767,0.34787731044854103
0.18200108635203274,0.1900321419986699,0.15322362526906347,0.1823381486316536,0.2740148752998244,0.15444418696065884,0.2358536723029023,0.15722694812250582,0.14380923093773235,0.18809426846480826,0.23904741390987308,0.2511753945794897,0.20096940646062655,0.5617251547159104,0.9999999999999999,0.2544483106417883,0.24553775256494553,0.2536830555707363,0.38303464620913585,0.2046124689735371,0.5549382268324287,0.15045002997604326,0.3452917786726226,0.1393536403311641,0.21369235122176616,0.22502016108496278,0.2633003108271167,0.35607517213789847,0.18776156423486146,0.2779150408532962,0.20501359072387704,0.24436592447905067,0.19597047492628078,0.09341282894411823,0.23001332285502002,0.11142154987408814,0.164535803154285,0.14375606314996317,0.11700053793986481,0.20252528076253498,0.15495896014265415,0.2694411806790645,0.18882266045000126,0.23882054429014482,0.24045978307840138,0.27994193033793907,0.3087332703157618,0.22401032082982567,0.2220400551915488,0.26252071230217083,0.25631030617530254,0.17331383978703324,0.21628561648632727,0.23530748420904468,0.14130025615000733,0.16964647025948273,0.2308863263374883,0.2064639375247447,0.21069050812745593,0.1507789511943219,0.13975697134633952,0.21939159708594125,0.42124043138072415,0.5592760227777923,0.5376145583331907,0.76052787615371,0.31758825419896375,0.2803652335280031,0.11535263856288233,0.22662887607321658,0.4715166562698101,0.1531700173600022,0.36985378367554583,0.17416228457817703,0.23449006834892835,0.2032330233371463,0.2298797357675476,0.28594429379241143,0.14852470846299098,0.31570422073240073,0.1703576346073388,0.21596525279782852,0.25498822320225883,0.2311625629677242,0.3062756625706675,0.22596345313279506,0.1923030432659055,0.30647993079181246,0.19954061926496236,0.4140961137110261,0.2087173471927009,0.2016420757209942,0.12297414497199761,0.18668880873794347,0.17489550209539803,0.21050277986859586,0.3578101267016801,0.3392198463375741,0.34048186095046973,0.3769666741403776
0.4142338089931309,0.6730028539743914,0.31989498617004425,0.6048344122880936,0.40366221683960224,0.2674973275476519,0.538977369890442,0.5589492956122564,0.1452785750942391,0.38933659932227416,0.3709651748721101,0.21894707829666038,0.41928066347054804,0.21690333895710814,0.2544483106417883,1.0,0.3991278010871428,0.26399288035723606,0.25662315401517616,0.31664323356846086,0.32858200188918013,0.25010381944284565,0.4283444099547136,0.22647620953022557,0.2558745668303324,0.1662622899112966,0.2015510108969867,0.23735190731596717,0.21422234287423503,0.3333111582840757,0.275785191773889,0.27595735129314725,0.5068758781989132,0.2186384262925047,0.3225194964208351,0.2661106341457009,0.2903686404348025,0.2922592248657785,0.285456235684509,0.445893849581158,0.21923545236076383,0.29317268737321117,0.2741575311745785,0.24401106022908953,0.17308092376235176,0.253784973921142,0.2891631499512936,0.21093017325167027,0.2724492545627994,0.17039769728241155,0.5018334980901855,0.6248419687543664,0.6503293364428713,0.4261866002398041,0.2511577950910452,0.20270630969753958,0.6143602295398374,0.4079824949094807,0.34191593595542374,0.445351661097692,0.27675683083993347,0.3285157200017558,0.3460574940677315,0.26662465843657895,0.2343917630143505,0.33635005063542456,0.4425223762763158,0.19878340902066138,0.2404390991736565,0.4673030963808846,0.2664720373040883,0.3196663170265942,0.39693037002590137,0.43162475868175065,0.2869086879706948,0.21828006704960398,0.24191679303596367,0.33787335075155717,0.2953354616630919,0.23579558342725612,0.21067902732174346,0.1927890872704329,0.21483225398987402,0.40212902763149944,0.2202240837913708,0.22611888597607738,0.31585956851231456,0.27906976000870926,0.2341874021202448,0.24695847690804487,0.3162218002659587,0.25748143511598387,0.2868507857772676,0.29558393325307253,0.3709859632672173,0.24614294194852993,0.26155040453425127,0.2267961440650217,0.30189052417807777,0.1846025073537262
0.15296121847422067,0.20820338134709324,0.1754910212274876,0.23424404721825098,0.14742554555788254,0.1621750817455391,0.26590043589882173,0.2571862211427389,0.2004306636455662,0.22200005755455102,0.306299244972038,0.5366661631988412,0.4531082965059417,0.24689051523574215,0.24553775256494553,0.3991278010871428,0.9999999999999999,0.6056792739017942,0.35750070118937527,0.24399162586974918,0.3662660426826377,0.26386858422949944,0.34227455435804743,0.2505046254181304,0.18740643439451657,0.20035692332872404,0.19155052828128225,0.2847396665359488,0.2209375954079376,0.18607273972906285,0.16199308283865294,0.19989958259643753,0.24367184024659852,0.4201274081795855,0.23776608594857584,0.18901003332896452,0.25594424388595965,0.3248128919090783,0.264506857995622,0.23746084079189692,0.1982562337691388,0.17511968284276402,0.19067793256362106,0.239766475564642,0.11598222176586127,0.1675468013561667,0.23163077398674545,0.1529665765707481,0.1741264659121926,0.23518482845698876,0.31850953214425515,0.22830396003148704,0.3500465068388385,0.27236309103374823,0.1119455209755692,0.1565979822321381,0.24952589681495374,0.1586610004366451,0.2275525898801759,0.24576218809696238,0.3513385547429985,0.2982926599355811,0.3095197088790293,0.41809107333061746,0.32757164366394903,0.263474938807115,0.3131949316599011,0.678609744288569,0.3533412896698612,0.6032088131670883,0.3222755722461439,0.4362674004762509,0.4063779195773447,0.20388904756283016,0.317281563287772,0.22967385205878169,0.21901432679352031,0.20417994756057312,0.23264413345529594,0.22923651989552823,0.19881555803132261,0.13555608528796104,0.14925006762747925,0.1628634260753709,0.15699753767398744,0.20666606273279867,0.27944645490916975,0.1499758927405934,0.19514847462889212,0.2249558798414998,0.27433760232633136,0.3478534732428523,0.20039141927376722,0.19084976000413192,0.1710413388822801,0.2629302209309872,0.16111991978576168,0.15794836159033285,0.220567851998217,0.2634605485914852
0.10348865986265211,0.22196425007383921,0.24957065353914015,0.24653663935309705,0.19502930567538532,0.22694970060331593,0.2185535237699349,0.2559960899161766,0.28208163814528153,0.2013662743883203,0.28789294795996717,0.48692274887799347,0.34132050355218574,0.3140936292490315,0.2536830555707363,0.26399288035723606,0.6056792739017942,1.0,0.4180094506988562,0.26773764308006415,0.5005289386706573,0.27305280998282,0.2733033623639499,0.1781582897532375,0.17365705962142253,0.22113963183203722,0.17149806457168867,0.22771181554199627,0.17811781745838107,0.16510303292278367,0.18237589443434435,0.22527417938057387,0.21678755344443373,0.608494744107728,0.23650180311708996,0.19280890402904088,0.15885204252521137,0.2552353762040323,0.24733934642515532,0.1945783204870971,0.25110931425988564,0.21572576066986823,0.2443134844819118,0.2763601145172951,0.15069223858000716,0.21443263620352412,0.21903842226931988,0.1194237268410979,0.20617704124675393,0.3250942703315485,0.18148261469586907,0.20759740007844624,0.2670218514252783,0.21139483575587814,0.2598546718141301,0.20734528629830404,0.2417192706208042,0.26324995641757887,0.1281710931763469,0.20819636861900334,0.18532236079125405,0.24686423852523576,0.30397078466768795,0.391053891496357,0.37051423346532275,0.2808459202523869,0.24140607163332356,0.6010924489438885,0.5325686750806288,0.6240460515768382,0.48321014451993993,0.37716604101112383,0.28373192115316936,0.18195670269156622,0.3867683502851855,0.1315614831870774,0.18066555232803477,0.1858822407195391,0.13262404588793225,0.2359310458335469,0.18048374535462317,0.20469245905438224,0.15995942855879444,0.18081108387257688,0.18170826547641744,0.12863834504264193,0.17279120565315992,0.16670579661644958,0.23010479358973218,0.2774616287835218,0.24378944339893416,0.28416469768148717,0.196164441613483,0.14343005879780832,0.14230949124653242,0.23067904053136623,0.21472325256659863,0.15970393530630023,0.2508358605435694,0.35169674031239867
0.176492278524215,0.18116364411642352,0.18622644422227222,0.2844152832930735,0.2856520392955162,0.20171508096849408,0.25558304987459746,0.26311096220491825,0.19173230652528125,0.15190018379555062,0.24940429363979852,0.32755329995037114,0.25700022831809105,0.6737993835527527,0.38303464620913585,0.25662315401517616,0.35750070118937527,0.4180094506988562,1.0,0.15426070969438843,0.5634128492445224,0.14805513737948262,0.27727473721444285,0.1930512448078999,0.14857537170914883,0.19680472559244655,0.3212660868302553,0.23355627949423852,0.15756738448507643,0.25789075711891163,0.2554285125154735,0.20827169216604538,0.18881625280123668,0.2062433547939981,0.2546788742462736,0.17871942301750862,0.2590906595240434,0.24178533126087093,0.23688157819267663,0.18523600026508352,0.13130585343037185,0.1518337024101921,0.16192543004370563,0.24514279746862794,0.216266012443855,0.21554427241872073,0.239811211962271,0.28862902236562227,0.16770483405507658,0.2699244705496336,0.23242410476744124,0.17370625209955762,0.33353190101830327,0.2601029361233561,0.1877319033854043,0.14173167191860414,0.34322817605984796,0.2453914821332452,0.1382787387854391,0.1851605579505766,0.18819262715413904,0.2461904365079402,0.25985917438641587,0.45733952641473935,0.5150301417128776,0.33065884070976376,0.2839290993649367,0.38824753569718057,0.24443567632730379,0.23307375640176692,0.4022728253778821,0.1827276920110997,0.24125341305963185,0.198093400904201,0.2562160569273942,0.1505596809354022,0.18383049364680906,0.288487452083211,0.2504839914113161,0.27960259605892474,0.18082776404390613,0.16649348918686813,0.2989777352114369,0.18657997972888057,0.2718784215929183,0.154181811525742,0.2128801575031854,0.3164913271673219,0.1578651300425179,0.22756141174413066,0.1935579649289366,0.18827923211826533,0.20986591741793054,0.07383732777943496,0.1642466233514897,0.19561255897350294,0.27539366837875134,0.25024197590860703,0.2203071869716357,0.3108017938872128
0.17678571918611363,0.3388818397877466,0.38798180184818226,0.25134713720421764,0.2622012854164475,0.34342595666163717,0.4328570274405721,0.4240124502203463,0.46563011874184196,0.231866387560784,0.17900525369288872,0.24224349604245,0.2502754493736262,0.20099195335687173,0.2046124689735371,0.31664323356846086,0.24399162586974918,0.26773764308006415,0.15426070969438843,0.9999999999999997,0.3905181194901067,0.3859480645277262,0.22528509974117633,0.1870043760346374,0.27128516601789104,0.39326573443340257,0.19253236820489458,0.21563133809068308,0.18200845173337624,0.29232290900813124,0.19432869599280264,0.25918381034164784,0.20330899181520842,0.2178298273890345,0.22128307229873176,0.49674793828086394,0.13820668515238377,0.24712586449365656,0.27646595489997816,0.20160736036635085,0.15239850380200218,0.42390285631741853,0.2815695382468492,0.25116243439413904,0.21156241460426695,0.20683956256377065,0.14738799559030727,0.13754213462862902,0.24376213081545117,0.17490903287727366,0.2776340112346951,0.38993611339386314,0.22407070751061103,0.19114811242717306,0.2685361583352684,0.4470605139819196,0.3550576472564667,0.3398937243157155,0.25326388646813414,0.14255744322933434,0.27425200392439864,0.17415509925469613,0.17713276113957835,0.1516667025363123,0.26415706203335343,0.18776012499985265,0.25650384441181423,0.21438608591252287,0.16347430202012428,0.2652325398829756,0.42712926186320016,0.2670868998601714,0.20418136983331997,0.19384303784632784,0.20443517198710892,0.3625222292715255,0.33263004724724643,0.22395681950810464,0.14082465493247345,0.24603254665454574,0.11537003386682705,0.1343535091733016,0.23236881956047648,0.2008865280450259,0.21105903656488564,0.18258478615691984,0.18088471695819536,0.24937949561076414,0.553990001902574,0.20966817883175795,0.3038283170628664,0.30561853995366595,0.23581236181571033,0.4484748324542626,0.224698111190479,0.2634277256158094,0.20088196616976733,0.15165193158569565,0.2100587291538883,0.15663377694309277
