0,1,2,3,4,5,6,7,8,9,10,11,12,13,14,15,16,17,18,19,20,21,22,23,24,25,26,27,28,29,30,31,32,33,34,35,36,37,38,39,40,41,42,43,44,45,46,47,48,49,50,51,52,53,54,55,56,57,58,59,60,61,62,63,64,65,66,67,68,69,70,71,72,73,74,75,76,77,78,79,80,81,82,83,84,85,86,87,88,89,90,91,92,93,94,95,96,97,98,99
1.0,0.3070292285056822,0.1966758996325031,0.13086869415690897,0.1297854289251611,0.2703340747276105,0.2116107285881121,0.2151211324861386,0.2036753952395815,0.15976362904628807,0.1298472442749476,0.21805823631381596,0.15269064336172408,0.13803878341112943,0.14067941889067453,0.17899322403179982,0.17791219683417278,0.16277442396545672,0.1298789986247997,0.20815899525390483,0.12930674534622305,0.1657585235753878,0.12824951848881938,0.17939466538694038,0.2493082358713665,0.18947064077147016,0.0722175673422672,0.17986094662531535,0.13524192025033888,0.09468537879365582,0.20310360154512297,0.16401164947579755,0.15887504228872865,0.1644048454978012,0.15232080991207242,0.13324415482332813,0.07520456417985225,0.10765486884622905,0.11242394281836675,0.10235659212768455,0.14027266811475692,0.1176955530877999,0.1430052536372684,0.1730002277986002,0.12148038190736142,0.1063306824536742,0.14492601628973473,0.17338828625975153,0.2300676321450354,0.10903058007544725,0.22447072208316424,0.26376831487145525,0.1679871226275958,0.11481602827683143,0.2672634052586336,0.18992966482645388,0.21385998613336335,0.18229895950093578,0.15583648419078255,0.1589942355891513,0.10636266034224685,0.135081256277316,0.17135087689982076,0.21496774359925877,0.1349961286496204,0.1724461370796074,0.128588002475163,0.20226596643141456,0.13192269812572394,0.18188102502694822,0.11104414369558786,0.1790517268531714,0.18959741033087274,0.08259781247073877,0.1459490089201543,0.2023261658531059,0.11339270624435574,0.10682000521374163,0.12648631590835968,0.09800573891158725,0.10816536627655962,0.14147643477239435,0.18465079547539476,0.2171210260108261,0.16507860407240882,0.12253976396762045,0.10912182566876974,0.21098847163355572,0.14328052235476155,0.11110079977130881,0.10205024335739014,0.13222858599692236,0.09580480323795111,0.21963271140847865,0.13261665256878688,0.15514748228003358,0.09678858332761178,0.1792130271449938,0.20272276448172255,0.11133527494772345
0.3070292285056822,1.0,0.5320148843744505,0.33349727496860404,0.50795482489414,0.33999309030766867,0.5445879540732701,0.5652037854935898,0.5569767846473705,0.2123460446644495,0.09724170493975709,0.19442422615337682,0.2275411385113117,0.2806784784226761,0.11952911659891369,0.3964177159793004,0.16133620348323408,0.1835827002339962,0.20690734410979272,0.13382309996196878,0.21898426050548292,0.17713861981650403,0.17245109180786963,0.19206450250430968,0.2118851864468438,0.1925594128432695,0.1805651595902598,0.13813696707550335,0.3164513782859252,0.20147369813488294,0.21321437459314124,0.2046583327248689,0.15057202258230024,0.16104676617809258,0.1946545072662858,0.17390540021336542,0.15455829038619806,0.19527527954540588,0.14828304082435612,0.15447228939321567,0.16677210353649474,0.11555333162017732,0.20976187329741286,0.09477154344573796,0.15678369261893146,0.14313341413059577,0.09887573244426086,0.2609551905900535,0.16415066820098695,0.19218774305806335,0.2155790795247951,0.47441863426059416,0.21205905864331243,0.24818507115818872,0.3964002088763482,0.2656686346876626,0.37972219041814603,0.3578812923805661,0.13815714474825797,0.24933867556726716,0.14563074497951528,0.13509774578559097,0.14856052346274262,0.19141371774983362,0.10650521443349673,0.12501559745401508,0.21779832671212845,0.1747711951478689,0.14222251831890362,0.12905767581474353,0.16185016146757158,0.09048630555938024,0.18640077773888114,0.1445149113618441,0.13356651350402277,0.102684425084562,0.16852686874492045,0.14641681494825776,0.12597441590864195,0.19660364508066555,0.10978428564807251,0.13611212838289627,0.12758499752479888,0.10672193034507983,0.19135359472168967,0.11361028325542516,0.15081854789822396,0.10108847672622345,0.20006506469484125,0.13963933375687662,0.1206646340899417,0.1994101031246703,0.1396273510498343,0.11537900696501545,0.17206255545855506,0.12293137697368896,0.12987347431146273,0.23599646079330092,0.1460140138140544,0.1604031754867044
0.1966758996325031,0.5320148843744505,1.0,0.25813083700099215,0.3558746237639917,0.4301072915461466,0.4964257092239495,0.45309501608404606,0.6617043322781136,0.16607944165218574,0.1852184921987753,0.21546233828419206,0.2763595706810531,0.3177987919204756,0.18095296559335303,0.27949509160248875,0.17097900034383795,0.16741002687006262,0.23576005956614557,0.2526864331489291,0.27838597053488295,0.17138077517515804,0.3382434540763757,0.19335182974144322,0.21493488530778365,0.27378440545576793,0.19319340812214014,0.15489298574780955,0.2961231010239709,0.2642466096720554,0.2624545936599971,0.19075988754082682,0.12796080163932858,0.1754825535460909,0.14549030111659034,0.28331143313641916,0.12028262529223577,0.1396820746129436,0.14689688728491704,0.08976794934766011,0.1195762023400305,0.2567720675128016,0.16507181135340346,0.18106279635476363,0.18922058269826095,0.09899404176844707,0.09173627581907057,0.23974861043092036,0.2317237740561836,0.1794573353762064,0.15320544273431744,0.4526811178219989,0.18324842168353123,0.19819664870751594,0.4096106059865536,0.33011797759083716,0.29416261289108553,0.29356061435366365,0.19002652357859784,0.18492993838465605,0.229622263548662,0.17907305171107954,0.14645337006087875,0.10948032049406273,0.13261311032165468,0.17381658078248444,0.20875947572050357,0.158157100515838,0.19580970457382785,0.24089185443757216,0.1966158187599278,0.13876340411139054,0.2004669338150264,0.22624505804632056,0.1734101111714985,0.14181628107861288,0.2868847483623863,0.16436848045281136,0.15664004402784823,0.20075122173857396,0.17950887133791213,0.17961971790126274,0.1108545432703405,0.13557002244069677,0.1830147521226704,0.15385656007061843,0.12761974626036726,0.13622156292739723,0.33456393439216725,0.1731360769615786,0.14867500765789263,0.14428790831745184,0.14241107775081463,0.13938142081992144,0.19101375251411262,0.15411794288323583,0.12911469433193853,0.292513758878063,0.2536067863475039,0.153134717190027
0.13086869415690897,0.33349727496860404,0.25813083700099215,1.0,0.584522789786975,0.16423053873070173,0.3029028532258987,0.43366290521203044,0.24074607826258632,0.1901880187660193,0.17887897239605538,0.20569975775978808,0.25071915925679716,0.2830152123716009,0.18979028196163863,0.37354861772031006,0.20141303994278867,0.19944235556951606,0.22576003021567875,0.19494779028308684,0.2946221342761808,0.16898662436370745,0.19844788064622035,0.1800878596697992,0.16123478420738635,0.18851743893723696,0.262968737773105,0.12482359047383132,0.25175728595675145,0.2749093066204949,0.21250074948529038,0.2306852410758199,0.23162624444454283,0.1776007446334708,0.2895961260012877,0.17838040099006955,0.12083682718244375,0.28446192011736215,0.18867885599632686,0.2260782761756826,0.22164674755134428,0.1690066407447213,0.2404796527496074,0.1339032193757805,0.2593025180315466,0.22997024460445056,0.22232805845793108,0.2834771088034214,0.2066365765684665,0.21220528392463708,0.23809694470862727,0.2114316728027837,0.17968074079858973,0.6170015826460348,0.17806165431226317,0.14968409629989401,0.2219151444280366,0.27327480126617487,0.20767427401744795,0.1612137971698156,0.23454389624173813,0.1707423388000572,0.15904213650318663,0.13021319455646702,0.2610810270328107,0.21966038509522423,0.17507979604877766,0.11033968203599942,0.17058629553544777,0.16365802066217094,0.13240988256273764,0.08251358789348401,0.20740264869311778,0.1912538555751054,0.14183223995848782,0.1761694900728218,0.2240342302011843,0.1702131945951027,0.21412891753228522,0.22188582169417426,0.15316220495587024,0.1773126482574339,0.21952735476591995,0.23239766848738197,0.2696574576716714,0.21120183534947373,0.13798949567201732,0.15491868521945035,0.19331438501530582,0.17655673405687353,0.15992763865297394,0.23071074412945242,0.16944072427917375,0.10992227432851517,0.1477210333624388,0.17846993003776995,0.1281597990379003,0.3126714328590131,0.17804084579605942,0.17477504077881825
0.1297854289251611,0.50795482489414,0.3558746237639917,0.584522789786975,1.0,0.2771427597768755,0.3533668385276461,0.593421083539213,0.40780480021803184,0.13748030472016148,0.18867164131774433,0.1436798118580621,0.19727769214821228,0.22567179805776907,0.13026054733565157,0.3307619264539856,0.14480821550183645,0.1923734186754883,0.1456618119367949,0.12633700911648094,0.22739222753815566,0.13141422623680504,0.16073867092162578,0.13445884565628236,0.19708952580029848,0.14012052817412288,0.18775655654158932,0.12506890023363623,0.20081847393877753,0.19318599734721878,0.13901466135189527,0.15808908978023564,0.11868180200258169,0.1232250144510108,0.15991937863440092,0.16324401271277234,0.16564760358362676,0.16866701887177565,0.11701868719331826,0.10803552284262387,0.14816565388900044,0.1301852323918742,0.11789051451485928,0.079556112875971,0.1795242497303668,0.1400987859819187,0.10809017875380528,0.21401716568247936,0.12995077056446272,0.15918616249756676,0.20931489155870078,0.37411857122563774,0.24566550546948798,0.5326256791915737,0.3375755594451244,0.2648914094299176,0.3691835389215922,0.3979791252962807,0.17499602352228444,0.21421145654275703,0.14542036526309549,0.2226148735661226,0.2343008371119962,0.1624784531347812,0.21003367194890965,0.18570209990997721,0.17207678651561287,0.1614447386189706,0.19512548488857298,0.14641499374455055,0.19202302746976674,0.13784015992373558,0.16954031103730408,0.17952517085641892,0.1487359833213591,0.09130530805174535,0.18479550106569945,0.15713825602028234,0.13543908420557907,0.273183102184938,0.1498836684612109,0.0874403552896056,0.14141203206428613,0.1747206002864607,0.1934104109089292,0.16954154857176237,0.1368568826765096,0.1149243147770124,0.15399702133753557,0.1303082243498209,0.12298527491717201,0.2536163496954142,0.1472500701745884,0.07789716995274175,0.14572189158416332,0.11001605657734877,0.12111376916370896,0.2197212754539288,0.15538339833676582,0.12152953498754701
0.2703340747276105,0.33999309030766867,0.4301072915461466,0.16423053873070173,0.2771427597768755,1.0,0.2273370794005928,0.2981454133898954,0.5771935529112722,0.17933281416774072,0.1369937532123976,0.12729913169841567,0.16887022710892602,0.18475686126330787,0.17061144204522555,0.2290745367487543,0.20265242955413826,0.14203964217172366,0.18076431158151182,0.10869046714451686,0.17950558642819978,0.26079926370386813,0.1793128502190653,0.26592246268032305,0.2118208316803077,0.19423421591511353,0.11195403972287438,0.23517160332078182,0.25956453196913387,0.20197296341275822,0.14051778759851002,0.13953892995690245,0.23699284595095632,0.1818226879710622,0.22572271978480007,0.22961760027256314,0.22107398502998493,0.20236036563413357,0.20018471459361534,0.2737216046237831,0.2557066089357341,0.1857377652913174,0.264088905806973,0.11063283618609318,0.12119138866960205,0.1744176384013121,0.256621693534284,0.12693346085211238,0.14979611548532842,0.10017963076942153,0.22764296672330916,0.5715026640487049,0.21381363562952102,0.1766213473164711,0.8437602462483677,0.7415253700745477,0.4488983891703151,0.5281272533264496,0.19411763472938032,0.1608044298582598,0.11927010719674318,0.1242690671369813,0.26128493438056655,0.1895425523202505,0.18147915063780082,0.13621911447160187,0.21430335886789748,0.190076767098458,0.11171330707866706,0.13008821934234646,0.1907268021744892,0.1562119549824804,0.12811017312865383,0.1138136078839287,0.1737555586666288,0.20437215759167346,0.22375103370934335,0.19511096418537208,0.1430856061609232,0.20150038657134492,0.14516019807369815,0.2913774878116018,0.1979861408549427,0.28088701001368405,0.19470798740776213,0.22903186948373802,0.2461462463567899,0.2859982432187965,0.1565614133234265,0.14510813996121114,0.2177277123630325,0.13994130492605472,0.16834728634686869,0.3056116481354711,0.12620918145946305,0.17165941341801647,0.20292850612799612,0.1571479855148431,0.16224610209241758,0.13632811413183404
0.2116107285881121,0.5445879540732701,0.4964257092239495,0.3029028532258987,0.3533668385276461,0.2273370794005928,1.0,0.6680979251889487,0.5137092436374456,0.27764181672238497,0.22859920457932487,0.3347256878600517,0.43037129400972146,0.4852350911226747,0.2108480773690665,0.4059943213817911,0.3804978075226174,0.36750552290142335,0.41493626522885285,0.24426741329497714,0.5460721395531472,0.2624870907372071,0.3380313546842765,0.3543363705894786,0.24797562731804362,0.4436672971086834,0.20692684145261883,0.15457345033400893,0.27156615103189885,0.20529235628295725,0.2995930482856162,0.22892338191787448,0.17134332792086743,0.28578964974112636,0.17353511323685236,0.21148020717521926,0.12094301629977251,0.1816036934383859,0.16784508220263644,0.12077008343434142,0.19938101818048742,0.19060239017338848,0.175874369895581,0.15655095818369585,0.21319061867142206,0.1284485804983229,0.12244177034420287,0.23920019752829078,0.20378747035108802,0.2837081814253911,0.19990502580887545,0.24592843185859367,0.12376780629837338,0.22329611323079268,0.25056611523412364,0.19333686996024768,0.23324449120797347,0.3040111004299807,0.17582535643722477,0.2894039669203813,0.18999438467873853,0.19440034570016976,0.09718364136663828,0.13727926020588166,0.139863030408456,0.15329764183849282,0.18772721882489704,0.1873496417990799,0.15028724945640345,0.19999786207705214,0.15691302508931315,0.09927220217435481,0.16566108268242347,0.22371260602996476,0.13119650730281224,0.14265089271279321,0.16859043577904506,0.16160700986861182,0.21177335118644744,0.2877738552356908,0.11264614910411672,0.29444319912529654,0.1598656580346263,0.10267637274381054,0.1623995732535408,0.14809049697936555,0.1687694984220805,0.13760633107516526,0.2655169130843815,0.17867037484281909,0.24973476397522731,0.26585210417422755,0.19382118875492044,0.12653111731840766,0.09632079676404984,0.16634387802431921,0.10324597043969543,0.2794704326208089,0.19556572753142756,0.20314630008393214
0.2151211324861386,0.5652037854935898,0.45309501608404606,0.43366290521203044,0.593421083539213,0.2981454133898954,0.6680979251889487,1.0,0.6061320379413856,0.17370736516204566,0.14876950953218562,0.16898242118990345,0.32592064318769165,0.26933802032837967,0.12880240533703605,0.29342787459560077,0.2430586067569554,0.2748693533518042,0.21861411206083364,0.16349340747549013,0.36436797074894056,0.14094502361658923,0.18637877372344683,0.14707306298509704,0.17401898855667944,0.1923139301779207,0.14699409816209413,0.10704486403768729,0.20645959790577587,0.1461686348875059,0.15648826743408323,0.14384146780230422,0.11715868003907626,0.15647269269810232,0.11319919792967759,0.18578741261771106,0.15405040783941995,0.14941135300976371,0.10149919817614962,0.0958938790632071,0.0990625714143949,0.10154196661588075,0.07858550624190644,0.09335560558181596,0.16083482662648685,0.13003167622828352,0.06987405808925687,0.18297524878912638,0.17100472809335582,0.16299443172718936,0.22520700211410447,0.407113686592288,0.23597529239839782,0.3555488570829838,0.3647199469175731,0.29838004531756657,0.4102220563686919,0.5155932904577981,0.19205758949848278,0.2461505150692188,0.14505824431842534,0.2143883978933583,0.21050016951488687,0.18910066932206326,0.1713622551488842,0.19192404470807142,0.26694381924589616,0.23043384411236012,0.18381565733831587,0.2249094791080048,0.20810221559370062,0.11255624493891594,0.18304225931994475,0.22525462339486066,0.17713851658788637,0.11668311168536724,0.16452888768345483,0.10489359633025658,0.16640124558124883,0.30678383597476494,0.13716162683712102,0.235714957678099,0.1701981135273024,0.16356692594947642,0.20720997804537605,0.18340195977068305,0.1672948770033518,0.15316700991161267,0.2238518960292007,0.20238232800205674,0.23802152846256006,0.30187331987088234,0.22228356742740407,0.11201659276678246,0.12851723744940238,0.16123244011694424,0.1450828533216797,0.32032171386166153,0.1734074873689555,0.11463559554836887
0.2036753952395815,0.5569767846473705,0.6617043322781136,0.24074607826258632,0.40780480021803184,0.5771935529112722,0.5137092436374456,0.6061320379413856,1.0,0.12059278396935305,0.1751635457527737,0.1552708237153314,0.1793829062555296,0.24326928579334622,0.1847044370215798,0.14897750523519407,0.14047503738400977,0.12633795254778202,0.17905313337106923,0.17220576262776735,0.22071280155813416,0.0743930622622731,0.22861826782617253,0.13296082181805752,0.1871810279057007,0.2286464303136985,0.1257305756856289,0.0942841799354815,0.24683182600196574,0.16943903041751127,0.15285180017875988,0.09339117431449447,0.14295710714442833,0.0987729182986714,0.08318971651177104,0.359516359969915,0.21798812572510665,0.1135012924209502,0.07328327293233161,0.11949532173915106,0.1153572497809468,0.12129571853114976,0.09662075556037303,0.1100937391820873,0.14868998880259363,0.16041954107172962,0.1292340161588847,0.196544269913798,0.1741674151483048,0.20705876421441582,0.15556877434864075,0.6137024166420806,0.2505153982827451,0.25513125134193654,0.6647711339948997,0.5313533949091724,0.5148118264784836,0.625378363447554,0.13781058955516234,0.2207440863779438,0.20244697559799668,0.18925676339280442,0.2585467827884981,0.10788707567003074,0.13108748078003235,0.1635357807415764,0.25831969004467437,0.16073375875258847,0.14445541575796408,0.24030246056652832,0.2776910220274235,0.10178407036334033,0.14680290134697768,0.19886071586222015,0.2360099017254224,0.1736732449051421,0.19610877398289783,0.10523924304047459,0.13582652828358757,0.23913346143382447,0.20599374550133184,0.324320940154589,0.1505320003204399,0.15224443570619683,0.14653080701919122,0.21088111265002943,0.18666009198702438,0.16484025858721157,0.32464004058731655,0.15679145598146615,0.2683500721897555,0.14106346495090338,0.16800498947209858,0.10401187321487196,0.12147363387969778,0.1382213346208943,0.19119339956744555,0.3025000012185191,0.19356670886930485,0.18229567375662842
0.15976362904628807,0.2123460446644495,0.16607944165218574,0.1901880187660193,0.13748030472016148,0.17933281416774072,0.27764181672238497,0.17370736516204566,0.12059278396935305,1.0,0.19855892034941156,0.35532757966776596,0.3525077938415971,0.2559798029634082,0.24384671765748564,0.37350374724456287,0.33352780072521254,0.23033640447048812,0.24089231267296507,0.19660983876791147,0.28985205869400343,0.3657309436857431,0.23033000205839974,0.4832592802006219,0.5730875417014721,0.22103730447933143,0.2854747300609549,0.23405963218325884,0.2607700111825367,0.26428091774857476,0.29336489349025896,0.549051413836951,0.34932482736846904,0.2696413544592286,0.320930771838045,0.09976264097893751,0.2303375699866525,0.41593179390188484,0.3727175069702502,0.3234284915122755,0.3729699933188763,0.3184610021120217,0.4053201576002915,0.1768005691852019,0.3330954946450522,0.26926934135754493,0.26611777003952847,0.2997055054459808,0.19174475028337834,0.1552218803634643,0.1415039989176222,0.13576945053925887,0.1459459048380759,0.1618520603052122,0.1731404309177531,0.20641677936989622,0.15709541953858816,0.19915602778705038,0.23884918496951155,0.17885278138521818,0.17420561280858482,0.24382938605105334,0.2375439774583453,0.14950965922339748,0.14339412006489197,0.10775903174493427,0.16135786336207064,0.21295903247235165,0.15484130270349963,0.15026923558832161,0.06186791983034146,0.14590935401514218,0.25208612402285674,0.1580994872820124,0.0982994314678025,0.16301879516766277,0.22784693063485748,0.31599029478950386,0.24443779965083845,0.1489085689365083,0.10758665562702682,0.2821727952035812,0.2139336318396508,0.1966512930538476,0.2561033957042676,0.23420521620125673,0.2731969349161362,0.2633981824076065,0.13255163823741398,0.2318311826224219,0.1793083944864025,0.27808069753330794,0.27046344395397226,0.19360620823013458,0.2495399880961221,0.22382688575843035,0.2640991978346002,0.2157388060305851,0.16227672073674274,0.17774602935520373
0.1298472442749476,0.09724170493975709,0.1852184921987753,0.17887897239605538,0.18867164131774433,0.1369937532123976,0.22859920457932487,0.14876950953218562,0.1751635457527737,0.19855892034941156,0.9999999999999999,0.47110018454462116,0.4415735306919179,0.34726833929095796,0.4419816663850291,0.17565448665268762,0.3446813182095936,0.29366608600981803,0.3739296474383658,0.2902697883571397,0.35297850390397506,0.28572195981124965,0.33189104193121743,0.3812964899891678,0.22797423296519065,0.38794409488774845,0.22425170841494288,0.2207447538317635,0.22923827807920255,0.22774976379176248,0.21837914523418758,0.1922425841652013,0.15213497068962312,0.23269796698560802,0.2033404268918964,0.2271344548670949,0.1840285527770087,0.19631382723211208,0.25589549303322034,0.13557048890010084,0.21664658574506745,0.3683588863175325,0.1871633293883737,0.3200033563301937,0.2454990218936367,0.15209423602567523,0.15651890673017713,0.12183579150646794,0.2072426170277803,0.22964728117432068,0.25202409170336604,0.14023341179574056,0.13609931028404287,0.12311905884320785,0.14285569932465061,0.12824021949964484,0.16926119333407305,0.18099031729741089,0.27686052552816787,0.14502699695081847,0.2698014787044171,0.21398457828934087,0.18125507258909618,0.20975441312970114,0.2813420356828039,0.26196962069894225,0.12078192045592849,0.14435740410627826,0.2049356068828388,0.21833630403185694,0.1896806638719585,0.23876505049566527,0.140293868370364,0.25758247221713026,0.17468993778251207,0.24319165365396025,0.29453274716497596,0.18985740195160156,0.2298378816603315,0.14837241542827223,0.23071948979714088,0.16111112886062695,0.22226628919302835,0.25074199792332885,0.19659280699739015,0.2532765621835086,0.1633821225662622,0.1769885267829712,0.2563559223344799,0.21824251906678452,0.16832507490278392,0.18199904658718813,0.15552250336775744,0.2621624658004022,0.23257067697262368,0.23519085465865322,0.18126909384287826,0.14174164649039764,0.24586921813010443,0.2567973216107499
0.21805823631381596,0.19442422615337682,0.21546233828419206,0.20569975775978808,0.1436798118580621,0.12729913169841567,0.3347256878600517,0.16898242118990345,0.1552708237153314,0.35532757966776596,0.47110018454462116,0.9999999999999999,0.4322306355947601,0.45522461902917244,0.33886113631326636,0.2078351200783344,0.3382331961279252,0.22884411997306794,0.3359634887438491,0.19284221625500428,0.35868536619772773,0.24126300929341815,0.23000701154011166,0.5133563981267468,0.3043045210611852,0.5246899191609147,0.2643112004253097,0.2557964577090383,0.21503047239479084,0.2205784074078937,0.29593262028480694,0.25323164627968586,0.16446831000632758,0.14623274250875848,0.24123991683353654,0.23488404360105206,0.22869936207904726,0.21232768466487736,0.25677902834849864,0.2669844008781561,0.3576250224204465,0.34692817238838614,0.2852265785717774,0.20077514494294746,0.25219781067894687,0.22650591766074568,0.18718805910799188,0.1928445209299735,0.23419224481409157,0.2782793163790683,0.10364660204455133,0.10912030687796544,0.11015779311416966,0.19906352578436154,0.11055754588975722,0.11194605551279611,0.11235270870638184,0.1333847061818712,0.20812375883071638,0.14018687850886988,0.11058855164323383,0.2043371418575168,0.17847153495158916,0.10240022713661756,0.207905732824762,0.22795976121527767,0.16007030325968385,0.1732121068012528,0.1918865375531291,0.21910666867523812,0.15900909430123406,0.14300411392584278,0.18531687539141048,0.17690313231972857,0.1635960717758692,0.1460575713172658,0.22861460254204985,0.19972105523052214,0.2247704179053064,0.12297542163208432,0.16627248228029487,0.22830148026653105,0.20438680963969927,0.2543631501960964,0.19170854926856343,0.26061172895970314,0.22433020294146847,0.20962572303364446,0.16750220424232035,0.23015464440777297,0.169659161833083,0.21618535039810655,0.178502890607938,0.12777717547427708,0.1436002750905667,0.25357934897777,0.20258666948912665,0.22068064872597984,0.18577685798069676,0.32909199610486983
0.15269064336172408,0.2275411385113117,0.2763595706810531,0.25071915925679716,0.19727769214821228,0.16887022710892602,0.43037129400972146,0.32592064318769165,0.1793829062555296,0.3525077938415971,0.4415735306919179,0.4322306355947601,0.9999999999999999,0.5705837569303142,0.37162553186332736,0.32655540257390914,0.641747188647573,0.4066698726824957,0.5368137605301,0.319615698629536,0.6497493084575695,0.553456434336578,0.31279631729677865,0.5782259493951128,0.21345205022909722,0.3847417154062367,0.2186934033128092,0.25040119843361297,0.33575488382238616,0.26212655523375,0.29074168605884443,0.3160140727592999,0.24320022558968393,0.33877432909884014,0.2854193850047731,0.15713159457822828,0.17605937317932566,0.3642023070003812,0.43534037650198426,0.31990258036636265,0.3919748037431139,0.3971775895648178,0.3589082395196546,0.30039941689906985,0.26708921196477015,0.16803253704909585,0.25016742292589245,0.18853281275877265,0.1933231570504271,0.192176726930659,0.3578667092021226,0.13936691166064683,0.1923581907112341,0.13807114340976268,0.1514749609518647,0.18023622742528492,0.16606961957888317,0.23209813999747186,0.3539256565433439,0.132218306324521,0.3064103556963319,0.1168861191945788,0.1282551991783226,0.24545261987044376,0.30136273197441255,0.21107609888787773,0.22735672912414967,0.19056255716665543,0.19539272094205293,0.20620882724088355,0.1275445959757378,0.24284784665471135,0.21509687075953612,0.22739375952931754,0.13858910239412092,0.2640811455323213,0.30511311263139795,0.21268419316421264,0.23234673331615807,0.1521466811645363,0.16397547599652865,0.21543482688722737,0.23559713207335514,0.23980655643166082,0.23417600345128056,0.23161854436787357,0.23957969494633896,0.2289708365193187,0.2772926205536547,0.2690312429275434,0.1894086118538916,0.2572999502336714,0.1880649310566289,0.2646500648179595,0.16066974345646562,0.21937544927873645,0.14994349311453117,0.21248405250614244,0.21114218416893343,0.19008931412011615
0.13803878341112943,0.2806784784226761,0.3177987919204756,0.2830152123716009,0.22567179805776907,0.18475686126330787,0.4852350911226747,0.26933802032837967,0.24326928579334622,0.2559798029634082,0.34726833929095796,0.45522461902917244,0.5705837569303142,0.9999999999999999,0.4406167115645489,0.3320278304963074,0.45732993207832795,0.352755818208663,0.6631623048569184,0.19778970892825665,0.7040948582211904,0.3290436242203035,0.3837616665291846,0.4600524416398225,0.15347687266353055,0.3778763035388713,0.23052092455419723,0.28433570522375934,0.2888909719217537,0.34157995597841845,0.33090096090830595,0.22030258355215557,0.2140632059912676,0.3209213614841046,0.2565281969226173,0.19075612017539426,0.16279556483241553,0.268621240593924,0.2814602812825917,0.2933224598095527,0.2971536141187947,0.24632272919196257,0.2869773412438621,0.15894294373978163,0.2108303899991641,0.12336260713344191,0.22339490615382804,0.224238956008528,0.09539650954543269,0.18031671220928747,0.26786620867212874,0.11749684145140445,0.11603819204492417,0.23956874834713215,0.16234336965426677,0.14896264811975352,0.1176922517844336,0.15870101991006896,0.1901823282070663,0.20681304996866395,0.17889607269252286,0.2174074649093613,0.11733879036081646,0.11887499195178892,0.2576164415059382,0.27262162443634363,0.13853976571120905,0.12291980959991843,0.15545037213744964,0.1756218950525514,0.15310405187450066,0.12565320264096475,0.14951317288700763,0.1568428732229212,0.14109095221187337,0.1331680862709352,0.2041027315418676,0.24883111944047165,0.1999588775195738,0.2220121956342755,0.1409012600328074,0.2212523471645132,0.19994525823617637,0.16495513679519674,0.16654130423040098,0.18093545836580113,0.17026028087015438,0.16600283881191746,0.21908288306241436,0.13917651316271107,0.19322581845946762,0.19174846386002528,0.13951260413492864,0.18641222347560654,0.14688101949132243,0.13380501220852173,0.12725570915626305,0.1965956813806947,0.1548948276697766,0.15579730305788153
0.14067941889067453,0.11952911659891369,0.18095296559335303,0.18979028196163863,0.13026054733565157,0.17061144204522555,0.2108480773690665,0.12880240533703605,0.1847044370215798,0.24384671765748564,0.4419816663850291,0.33886113631326636,0.37162553186332736,0.4406167115645489,1.0,0.21568997708058663,0.24470739310055517,0.16685385153095286,0.2266222318152338,0.21301285431817304,0.3603345990488389,0.2617115573617743,0.4830769239275057,0.33519014056930924,0.26335096336638936,0.24927209513756046,0.21408542452098173,0.20480913497943976,0.28671291811200006,0.402680843017822,0.18928990654448055,0.20382528177951334,0.2608276352611656,0.13389428508846044,0.2193621640651907,0.2234920392302732,0.1623482320607444,0.18410010396509568,0.22992520782829118,0.15958279013536858,0.18951768198545066,0.3144753049402716,0.2541460282140875,0.24068126921904168,0.1773946444593834,0.16316597560560264,0.19014265280137826,0.15732545295379832,0.20549352104349874,0.13862964159637128,0.18928288612707103,0.09224810953442099,0.12821156982205492,0.16399776179696365,0.1681247762761509,0.19663263197582706,0.09618077210985167,0.17131085409107025,0.16589261609100647,0.08964578025843663,0.17264032435181986,0.14420315800931435,0.1753945625388764,0.22465661600462547,0.3370847166108314,0.5535023865538626,0.09278716410502669,0.09936111215594895,0.12839704527729842,0.19042091868494582,0.27261968974127504,0.16899071730940715,0.197977243781822,0.12267895965305844,0.13456453635856122,0.21097513845086655,0.2329216096600792,0.3171287476441937,0.15929556376187481,0.12030975589333084,0.1477690740704357,0.17354939898511132,0.20024244188065246,0.19798489416984968,0.16869682680788894,0.17357624115642142,0.14011259502629272,0.13204248143653957,0.2195049653151468,0.13347394674866886,0.20494261778913284,0.13322543364422687,0.10287193066412999,0.2212170296764886,0.20103008932031463,0.17906640435215457,0.13420002871048722,0.1576360248897225,0.21676017222071903,0.13095034989007479
0.17899322403179982,0.3964177159793004,0.27949509160248875,0.37354861772031006,0.3307619264539856,0.2290745367487543,0.4059943213817911,0.29342787459560077,0.14897750523519407,0.37350374724456287,0.17565448665268762,0.2078351200783344,0.32655540257390914,0.3320278304963074,0.21568997708058663,1.0,0.42996029921831125,0.4109909433939478,0.34681822755757324,0.2736290341113747,0.36947024112709137,0.40749864382320405,0.33863187235231457,0.3595471596486836,0.2162098623389532,0.274773232398894,0.31172155691879594,0.3099204481598459,0.36869137839891225,0.32860803016647877,0.3347749826806891,0.31610275069108484,0.49130419523745067,0.4561817614655244,0.48705362213660625,0.09728340586525186,0.12727792964264006,0.3423770922954992,0.3212963814530061,0.23487776159116486,0.3243958007259591,0.2729817126303523,0.4140173308710582,0.20060448510579684,0.3093278508884161,0.23791026337175075,0.32126701387353135,0.44580589618187233,0.13738812937950062,0.1862362314363587,0.1742551732253309,0.14669892765580878,0.12589402895060223,0.16578298614173345,0.2123606462051602,0.1951088246592614,0.11566480067933645,0.145986964515949,0.2469179818435528,0.1364622138726827,0.22948594927332253,0.18386913023947643,0.1357549892134808,0.18699312794475156,0.2209276088773845,0.1892008240673325,0.1459846470785167,0.13320531095182547,0.17689531148023255,0.1077381493302003,0.1342304707142702,0.1879263420729542,0.20430023064124708,0.22595837169488497,0.12313523141193007,0.18226035902169713,0.3085597477251811,0.334672802696769,0.2342515107350609,0.18365183152804188,0.15540829832201133,0.16179783214862103,0.2491275895711824,0.27887248833790357,0.40506300950549384,0.23773589176298288,0.1842434072343784,0.24120792384890685,0.19884406782202438,0.26014028860038263,0.15369909473897592,0.2613982111177161,0.2215254618618586,0.23656823738471316,0.2593926840649963,0.18678622298887054,0.17032810362765838,0.250325560970556,0.1462803290952663,0.1705067848359826
0.17791219683417278,0.16133620348323408,0.17097900034383795,0.20141303994278867,0.14480821550183645,0.20265242955413826,0.3804978075226174,0.2430586067569554,0.14047503738400977,0.33352780072521254,0.3446813182095936,0.3382331961279252,0.641747188647573,0.45732993207832795,0.24470739310055517,0.42996029921831125,0.9999999999999999,0.5164817404613636,0.5927512190532489,0.305744526203175,0.6092421059273436,0.6259451327153337,0.3061159280489782,0.6332356983025929,0.21495224157795093,0.38100398480930564,0.2915559570357327,0.38724384425461217,0.3499197580138531,0.22183352572888262,0.26221931431450257,0.2615200625969281,0.25529992914275834,0.5019922867892395,0.3190010412228003,0.16735446054645833,0.17860776122201688,0.2805503766309187,0.40070987146393244,0.28726177571628,0.3201611976014597,0.33036636940908026,0.3123895966617805,0.26205600877578566,0.3106507438130277,0.18174539656540656,0.2609438098760735,0.22957123492256806,0.15548341705635352,0.17484410413664797,0.29142197958110794,0.12948804970176983,0.12430190131597117,0.11737456658103199,0.1810502390032476,0.1781328189280805,0.16161951488358522,0.23849362572929894,0.35292909808887235,0.15173131809832444,0.2730937258550395,0.10830276659511123,0.11713712672824042,0.18768242922909018,0.2833540593432965,0.17638078375418084,0.1714428445437705,0.12216521071813449,0.20696985119232694,0.15814786593437014,0.12194513029760129,0.20871690833922082,0.13841372792730045,0.2767934177080188,0.09932861008943504,0.3060288457647775,0.29177866170228156,0.25348724872230477,0.3119030024425837,0.19965380447399228,0.15293123958959773,0.23061662275755979,0.29446273831556435,0.2840505849272887,0.28707635325532305,0.2606615000542243,0.2698132089104026,0.25785378408343007,0.2731256726312087,0.30291900823355716,0.2509017253773829,0.30864901488337676,0.28256993360048654,0.3619092723032571,0.19047028773880606,0.24395076919129988,0.16676094521540996,0.20773885951602253,0.202404405899358,0.18604448163328377
0.16277442396545672,0.1835827002339962,0.16741002687006262,0.19944235556951606,0.1923734186754883,0.14203964217172366,0.36750552290142335,0.2748693533518042,0.12633795254778202,0.23033640447048812,0.29366608600981803,0.22884411997306794,0.4066698726824957,0.352755818208663,0.16685385153095286,0.4109909433939478,0.5164817404613636,1.0,0.5780727331225614,0.4265252125533717,0.40426975374576063,0.4653264000154881,0.3486535645878597,0.3791095191731254,0.1323190600173059,0.2987421813604708,0.2401479101461031,0.27578780720641205,0.24237215329830314,0.17232610520842104,0.27494965552807676,0.23626279570066927,0.21879459368741078,0.638030425993197,0.33519391831287965,0.15804870064820908,0.12691113381825553,0.2564183647505401,0.34726517581179844,0.2893326909026377,0.4043061775723131,0.2459426484234935,0.24328914446457303,0.272250828616107,0.28110603743800006,0.1406679476526198,0.2652797514006289,0.28375378024625186,0.14610134855030507,0.19257105531988167,0.2261712803657088,0.07587865635224236,0.10257517280670783,0.18953874238730423,0.13229675270658287,0.1615536433365018,0.13680543732090247,0.15961381157613685,0.288076074286727,0.24205673796464744,0.3061025890324147,0.17661611122198623,0.16940993348719166,0.14040067551904614,0.30231028368837454,0.13072817477142842,0.14623439278350467,0.11737375929691377,0.2130821550356479,0.20863532470589538,0.12321624641929702,0.1777486294231635,0.1479513120046974,0.3208316069964057,0.13577930033382124,0.20155399542985616,0.2669431773814037,0.19824458128814754,0.24326696650215204,0.19061612334092576,0.15028982361722273,0.17373156434422554,0.2458084763144461,0.20370027168567112,0.24219445094610748,0.2257229857691627,0.209456465445146,0.1983130001000976,0.3375690813987801,0.2815851562320466,0.17954764786513447,0.2955432424806929,0.2677526933757298,0.3482084395375637,0.1960305867368018,0.22158528599527919,0.13993778563746756,0.1848843765817897,0.24660870357216705,0.1936602280718533
0.1298789986247997,0.20690734410979272,0.23576005956614557,0.22576003021567875,0.1456618119367949,0.18076431158151182,0.41493626522885285,0.21861411206083364,0.17905313337106923,0.24089231267296507,0.3739296474383658,0.3359634887438491,0.5368137605301,0.6631623048569184,0.2266222318152338,0.34681822755757324,0.5927512190532489,0.5780727331225614,1.0,0.2780345346456939,0.6200749296427884,0.4645840682276316,0.3114426843220863,0.442117925186072,0.13270825308694267,0.33929714174905234,0.2648005140484871,0.32503535202692907,0.37351101768118267,0.1639545429559421,0.2955810771868544,0.24599481272820597,0.23308669599042908,0.5988030801084496,0.31379791730996015,0.16874520605568116,0.15602266280729615,0.3243487357673217,0.37078723108463635,0.33854105303692783,0.4005142252437838,0.26158267025038207,0.3181975533786119,0.24653108340962934,0.2966038013725789,0.14688774881372949,0.2991073425069126,0.2461061988965218,0.1250614029548182,0.19481834349060806,0.3019761653335708,0.1114262154279171,0.10325286642863814,0.1706671079819495,0.1589224554612845,0.14431038963891127,0.14754025419154543,0.18399999324894656,0.2868715134022303,0.19709832334726346,0.26355123341823006,0.1879646088437393,0.12370431784149163,0.14803207330669285,0.22284978556345905,0.10505642335501784,0.17905565698313572,0.10258125858000328,0.16978627683341024,0.12163802218606343,0.08250446758634945,0.14664436050893684,0.1182768990022621,0.29395323357610026,0.1313324704880342,0.20257362456745304,0.27713631697110963,0.16961667312138734,0.25237715631496727,0.1994168140503721,0.1520668909686715,0.23407928405410688,0.24759910983577868,0.1962906667554965,0.2247653056942245,0.27108896234249585,0.22980562332133855,0.22735242624139795,0.27742217039258266,0.2635194680799114,0.19644380715222168,0.26350031668269885,0.22350218027487473,0.31778237312447455,0.2149877570892673,0.19403062622499168,0.13753267560709231,0.17149684333990284,0.19795646321515925,0.1985205978034793
0.20815899525390483,0.13382309996196878,0.2526864331489291,0.19494779028308684,0.12633700911648094,0.10869046714451686,0.24426741329497714,0.16349340747549013,0.17220576262776735,0.19660983876791147,0.2902697883571397,0.19284221625500428,0.319615698629536,0.19778970892825665,0.21301285431817304,0.2736290341113747,0.305744526203175,0.4265252125533717,0.2780345346456939,1.0,0.23041615315982927,0.26593724852745887,0.4254995543185262,0.3113493683992681,0.13826716080280083,0.2646063436291444,0.3260981917064586,0.25768311509488573,0.25078502651914747,0.24351333567524935,0.28026314919133627,0.30019564603867643,0.10772408262015377,0.24059181236148358,0.2333098877448481,0.29752346971251,0.10647857578579,0.22448940945540485,0.27383093672707387,0.1401303550102882,0.20491784016187078,0.34757078724874313,0.17707749413255797,0.39953555544297065,0.28069639096887333,0.14695883634874807,0.2015974683320659,0.27542768878091994,0.33640094610284277,0.2639423079326736,0.1529777696059529,0.10136674003084317,0.13814487700457187,0.1616718416584558,0.11177257848819393,0.11975610894232588,0.11887931438763708,0.11497422231814174,0.28774149797533405,0.12288376390918182,0.3128597981951132,0.11968101675392687,0.13278118833055869,0.1634850065651549,0.2823917820552703,0.2530032767628343,0.24346204555385084,0.14310338184097515,0.3566926268539785,0.41008875234777287,0.31254208844076986,0.19800993766225425,0.3899028715772298,0.285158571155986,0.1557028861524622,0.22155629702644136,0.4387190635925791,0.24097990003661668,0.2588215323843277,0.1543803464753111,0.17964101320185824,0.15367242932704772,0.17361903404899043,0.21142983104200194,0.31249173040549255,0.22626731521890936,0.16909232280140868,0.16835286720642897,0.5779172650979816,0.3292727029593756,0.18891143153621975,0.17756919875055724,0.22094740161138804,0.3532032331641602,0.1767590182869097,0.2854369872504918,0.1362084297331131,0.33128243346452874,0.38082170067955456,0.27058344630208864
