0,1,2,3,4,5,6,7,8,9,10,11,12,13,14,15,16,17,18,19,20,21,22,23,24,25,26,27,28,29,30,31,32,33,34,35,36,37,38,39,40,41,42,43,44,45,46,47,48,49,50,51,52,53,54,55,56,57,58,59,60,61,62,63,64,65,66,67,68,69,70,71,72,73,74,75,76,77,78,79,80,81,82,83,84,85,86,87,88,89,90,91,92,93,94,95,96,97,98,99
1.0,0.2015279627690642,0.45408111847974475,0.15558007538052696,0.3228217177379765,0.4014968425628887,0.23506010165357252,0.4253015192163446,0.34438082777636375,0.22169646421160272,0.14481913200166105,0.2748155291081646,0.23481732654245838,0.18609900726011358,0.21779255490323027,0.24574110530196513,0.29431941498388114,0.2750133904323183,0.1394164701751653,0.28702569042002346,0.15868336379542522,0.23233746098967017,0.19639981302113782,0.16069159276801215,0.18809689123331055,0.125537761465835,0.17856896754614687,0.21021531686807815,0.19342114535430077,0.1764702635017498,0.11542023285594416,0.30110147981903007,0.28412878444003126,0.15259247292457204,0.19280302465766982,0.24804351505534747,0.16222264074640624,0.24077445217167512,0.21444371091810022,0.17649810800519472,0.2238881393464055,0.2064071714150519,0.17457882557640791,0.20336378863801927,0.12378673139094239,0.17375611925289433,0.2172831433865493,0.19677058214663135,0.38562315790313695,0.3178980498926768,0.35767672734967443,0.35260026420496,0.18014036796327315,0.14202480990483493,0.3999029267941397,0.4004462776526001,0.3719175082862781,0.39132739927087296,0.22105032278657014,0.12089771446089802,0.2003621833951655,0.2885409829392272,0.20101529725117612,0.15794542774068557,0.19221539294849033,0.32079851560965716,0.23728067282359797,0.16377095898505215,0.1057392785842365,0.1911194367336538,0.28147111570411615,0.23028319240054038,0.1775158258872032,0.1810882038955891,0.16851877694351253,0.14135961376364206,0.20007596229750185,0.1573510447601233,0.1614565172398713,0.2323056014586701,0.24211695051459026,0.1994231176213251,0.21295287093524323,0.21200651690882974,0.20308530319341112,0.25243280994235734,0.17736552435161929,0.18351669943111762,0.3409238296328293,0.25754827992547674,0.1877253762031599,0.2162904858158673,0.21260819661623528,0.2073934444043169,0.22072685448754378,0.21217966966230173,0.22540959988194495,0.1968105539027684,0.38958717103567353,0.3334634060968563
0.2015279627690642,1.0,0.25460432165748875,0.7658226453062066,0.5119686153819335,0.24487273683775412,0.3591234650868521,0.3282975333136718,0.2519360936335977,0.14858532504298447,0.16275279033681894,0.2516307339009049,0.25843760259190973,0.22907049213673486,0.2775434433857804,0.3544065736600024,0.19433154672700476,0.14467852216524035,0.22651458113640097,0.19941794917539218,0.22454762808367107,0.16613776262330396,0.18151049490805884,0.14223173733220487,0.15256249912585082,0.20539486987468272,0.15745843215100178,0.17409197759705786,0.23144257998021178,0.19799922109025697,0.31999762561096634,0.19567048485918628,0.23729585810302897,0.09506343686665873,0.18368918570098264,0.2182839549864416,0.20956028994077527,0.21291031744188213,0.17312846497860565,0.21556381538291539,0.1541671743905216,0.12460903787163113,0.1603673441026771,0.13708575272631612,0.2202491719391779,0.15892897926939012,0.14713795868160492,0.25942544771241177,0.29984685941047157,0.3162504983886858,0.36164093020595667,0.6808819202353592,0.3140815793312564,0.461646706025204,0.4470212440967666,0.20372795353698678,0.3662571783668367,0.2597923910742366,0.13186628586588903,0.2611049231883367,0.3124256485487554,0.19668617290138907,0.21133647362996816,0.12355772052283256,0.12202855475545688,0.2839217587815366,0.19639283402802377,0.17557552928429082,0.1343330407258976,0.204194763678961,0.1674903131712983,0.18999414908742424,0.23270678756169583,0.2122867499599348,0.2586474791769068,0.19796692379433142,0.19303937282025413,0.17987586281313256,0.2010179506398282,0.16340837390198182,0.21919337087197313,0.16106686283633828,0.19934842449993262,0.2118156326679136,0.15960016566141066,0.20283427523460926,0.17279396819767093,0.2195180060384426,0.4020464697902002,0.12188556568564163,0.16258434414775255,0.1407621823646486,0.19801974410049955,0.13063121885485768,0.09404221665287482,0.13467324692679455,0.18549902519714367,0.19091641065382878,0.34009507480007123,0.22807272031713746
0.45408111847974475,0.25460432165748875,1.0,0.20382675119904545,0.49715220959659406,0.7606877307307625,0.2714055836415513,0.5967426554741828,0.61361067572498,0.193438112495822,0.21886181846348052,0.19652145191838133,0.20594942225651408,0.14818474316953942,0.19047075884815873,0.2023091509851893,0.23394554766666256,0.19475685693251943,0.12078928511445815,0.42690291774342876,0.22030495534742156,0.1944852839605639,0.15308635830127174,0.12160561265554269,0.13225872505496114,0.15073909186002707,0.20543391203637384,0.15788100866828325,0.14666081516572788,0.15173441303487809,0.23497023470901915,0.21708033780388303,0.19741276124127208,0.13465573962614605,0.16757536431494532,0.22806290686700556,0.13713519537243535,0.2071340299960768,0.25354751379057705,0.2200160346545923,0.2583133355992084,0.16781788816799145,0.14848734481766532,0.22188492795403994,0.16356093901268098,0.17518185097386318,0.2267849685133303,0.19821368576539025,0.3879295017438691,0.16802895467522513,0.21855054869470472,0.4240405657140775,0.13555197702411034,0.2091723770700323,0.5964451154800477,0.7027405319511881,0.34700460640094527,0.7017886958195858,0.0732915136556555,0.14168187055559886,0.13420760888970443,0.2688401163746858,0.17598712042661252,0.18714044133584462,0.11834761259240924,0.2823114808757247,0.2461859420013414,0.15325908178447453,0.1466310313491349,0.21495286725974666,0.22517681154106192,0.21491077244030993,0.23991979906720012,0.21797909961153716,0.174257842828595,0.14100907428816342,0.23868309628939163,0.21941335877525855,0.1876864624202057,0.21633155534157958,0.1847229066938632,0.2494400741681842,0.19396213726651265,0.21084677895451157,0.15122816647618462,0.2191284426698813,0.1143180404929452,0.17065606851377704,0.3359589181997002,0.2233966888681889,0.21889700828524983,0.16824472749942906,0.23068175707994143,0.2753572855494656,0.20051140841164034,0.213148281637448,0.152503316024549,0.26290836052259214,0.45157626444618826,0.19188308664767548
0.15558007538052696,0.7658226453062066,0.20382675119904545,1.0,0.4080556668958002,0.2471825979115,0.3590480208519371,0.2125712938198949,0.2946835853824162,0.1507079565964834,0.19339998755999782,0.2513597294197611,0.22682942897713967,0.34481927330467604,0.3274693085400136,0.4280475391667327,0.16747623999948452,0.18651275948335871,0.3108251180903537,0.18923441583390532,0.33229447753792,0.16361477482138284,0.274972517541341,0.15094069391843407,0.17875105257761448,0.25662460548217403,0.1791486657234241,0.1477797648517786,0.3084339824737594,0.17195740196285508,0.3542584307423825,0.18669289875828773,0.21600836611719448,0.1411310100256284,0.1818854011820819,0.23626889315965383,0.21718806712956532,0.22817599811396533,0.2227067746666503,0.2696629153162161,0.15868259548789798,0.10146452561936763,0.16607800303079515,0.14095016945119457,0.26760779923516564,0.18533806024275085,0.18527616986102988,0.320251305367663,0.2768069849219253,0.29834519790411174,0.3877480935065929,0.5458363702622627,0.37935631255123736,0.6199666974234351,0.32602764046506116,0.21688037284570302,0.3076660351362221,0.2369002290436026,0.20335187699554982,0.30702144270750226,0.36307976792281627,0.1996046658120643,0.23510441169638396,0.20413235565389834,0.18328806050726876,0.2879926490920922,0.20936735232137463,0.21213526805540353,0.1785845603545304,0.22293627237757652,0.21020588121996284,0.22709038131857118,0.17931461830744144,0.27912612721581104,0.3008521153672954,0.25433167030329423,0.23475320762148047,0.16672560129270206,0.2117369502680582,0.2256536881661017,0.2387567515624992,0.1723874307373654,0.2189787876209104,0.2340838529169488,0.17440791394160782,0.2406517443312996,0.1783993249038827,0.2145381526969362,0.365218972229373,0.11255566270907799,0.19923529609784837,0.19279001662116163,0.24979929529480097,0.15000978317146374,0.11925160217107018,0.15847283868836912,0.206202446502671,0.1815590251427511,0.25258769728744584,0.23512866889552433
0.3228217177379765,0.5119686153819335,0.49715220959659406,0.4080556668958002,1.0,0.4653688278935953,0.28947541104989283,0.4463822480048196,0.4138969323014737,0.1893266337882638,0.1740743252597254,0.24629914819653373,0.26823882555320117,0.22677671982351064,0.21163987257413502,0.26945477331916456,0.31103033776367356,0.15285417191911144,0.1770705506325731,0.30936480841811836,0.17079196609372346,0.22538388070428994,0.1969775074447,0.2370357967320124,0.14112897383720166,0.12948380627366213,0.17504127200543423,0.1878234660001148,0.19097492885219983,0.15418888504184775,0.19567717391011974,0.24584044517281836,0.2010119725011262,0.16048703536906914,0.17770675505071967,0.2301198856019174,0.16345521645819958,0.1726337847995849,0.21212634493844282,0.1899507993794506,0.24441658349182216,0.18704149164146727,0.1775367549843575,0.17354619263626528,0.21325848659106753,0.14220717965734797,0.21468384370403476,0.2227942147057889,0.4269807039903295,0.2464474013362036,0.35567739293252587,0.629775466400898,0.2007296243460094,0.3149256512315739,0.7468932066432522,0.3970322800329255,0.420992773968607,0.4930237220489924,0.12194992932705562,0.1991067284061282,0.22450757718831174,0.2930181581503256,0.22181871638722492,0.12078681119247536,0.10838368790515254,0.3096386969324157,0.21644160187580966,0.1609846971049996,0.14119478377298886,0.2564384833762717,0.1994376840073644,0.20205088992181708,0.2784674103587887,0.1553418990385476,0.17640286137119038,0.12809611325677991,0.17435535998857216,0.20832194020334088,0.1673821890818197,0.1844886093307964,0.2225302924306608,0.1742426511836002,0.18317956848321829,0.20626795014943158,0.15908233245318557,0.19672245941625482,0.13429849977684122,0.27436921982984425,0.3642122307810276,0.1966351714085159,0.1645996451463216,0.11272124598252675,0.1567424399169185,0.17613153470780651,0.18659782406747152,0.21496131709584232,0.2005335788909833,0.27583704072956516,0.4566263761988744,0.19104227243805486
0.4014968425628887,0.24487273683775412,0.7606877307307625,0.2471825979115,0.4653688278935953,1.0,0.22802914779994843,0.4386015849706764,0.805167261500387,0.16523592866943193,0.16952527562695338,0.20804780709363752,0.24006392681896885,0.16296238262951993,0.19413133307972694,0.15404101505504897,0.17207654076027323,0.21640929218628052,0.12222853276147452,0.36268075301452507,0.2094242825663036,0.20137546221343589,0.21189015639259132,0.15413911078651624,0.10538832269862673,0.11569221633224475,0.22454483403122713,0.15405637833945407,0.19253711230033535,0.11221289909921968,0.2054251650052144,0.2163345733636374,0.13150400468862392,0.15460073651974424,0.18680916383910984,0.32562186892828426,0.23460756676372502,0.1498383751902001,0.17956536446461654,0.20568887158765004,0.20366962830872334,0.19093009559410373,0.16419292521715975,0.2131862324559874,0.2412245241327659,0.15936168799909417,0.19987048813695873,0.22239661539781874,0.569555947084371,0.17648969493804187,0.17051660336724372,0.30567967287818076,0.1507203625347623,0.2340237380356637,0.5084759017821172,0.8563489343126552,0.24034652370997533,0.6930296661825186,0.08997888616885724,0.11722635226990491,0.10253327687647557,0.2632930006830839,0.19029038129502227,0.2996398535854506,0.2037359156125386,0.2950398685064435,0.24009633288927978,0.23579817373658088,0.16437123892319025,0.16739843495708479,0.23648183445690127,0.2130770673329463,0.1944738632720425,0.24265072444756172,0.18348126559381356,0.11949280887090971,0.19012130698959864,0.24168185051545904,0.1694608722318509,0.2261499397127722,0.18596431638024918,0.22648449685330171,0.17347917487264236,0.19757646308295393,0.15034989850432132,0.19110086207754404,0.14975273819132812,0.11540360389541382,0.3074466466506852,0.16415508329256562,0.1472949828771204,0.16424788982877409,0.16283317941238784,0.2827825296766828,0.20124144001474448,0.25181125904420787,0.16728529633363454,0.27479754814046703,0.5898515075555302,0.18505640790572017
0.23506010165357252,0.3591234650868521,0.2714055836415513,0.3590480208519371,0.28947541104989283,0.22802914779994843,1.0,0.5164429390191467,0.21508260798876408,0.2973539985400301,0.20217785582042003,0.2707255399344322,0.2550624132717627,0.32874804047034417,0.3846301867435944,0.36613154954038873,0.20454800055867628,0.2889249278989356,0.29712943085385746,0.2591567290530192,0.18157619582998114,0.193441457214218,0.19620743119504516,0.1657307545598837,0.2047575878725384,0.21859736489674345,0.20231095789962075,0.23796244670707611,0.27745637338646817,0.3543835646588084,0.21920411007858992,0.12463632804690547,0.23494445564881783,0.16699885564367561,0.12420080323179566,0.19465071342204673,0.21603251496928644,0.22086888652399664,0.16868755890113124,0.2696800491779812,0.18513533691584297,0.25947723319950167,0.2378729969463505,0.12839584838420964,0.21167241400533554,0.16231463154304834,0.17509163310091924,0.2597608740199208,0.14283807569617024,0.248355718209786,0.3796483027071006,0.4338950547108915,0.4622971333748367,0.31763772718358235,0.3603521093213047,0.19475793296623706,0.4091649312422143,0.26125822792366993,0.23250620410855802,0.20738860621559504,0.2769228087190012,0.20768122674041586,0.2788026191455502,0.15404970711348023,0.12508459263947644,0.2813936782122928,0.35400186766748765,0.1989136892805871,0.30283864130974025,0.28253559363251046,0.25769464622004196,0.23451276538782456,0.17430288758710344,0.3267831954030804,0.18992423368817282,0.20130537469908144,0.22424765373955163,0.16493265779868896,0.14783223392560085,0.127101382915442,0.2392903891822014,0.19774437795081826,0.19638631380576835,0.1625822388549601,0.17784107563099788,0.16801308808213064,0.1473972916029307,0.19421980966788258,0.35701361595368825,0.15758142836099848,0.17620042817734644,0.24265937373180635,0.16349477572504084,0.1739996435496865,0.12931404616543257,0.11482747866591726,0.19881531808275413,0.13346218997594986,0.18750835587765696,0.26809093009590507
0.4253015192163446,0.3282975333136718,0.5967426554741828,0.2125712938198949,0.4463822480048196,0.4386015849706764,0.5164429390191467,1.0,0.40231800964532666,0.214583003979989,0.20692505136212339,0.2684256972960334,0.1730440247783337,0.22784665485373506,0.20687454946362469,0.2800791144898132,0.21451051976032734,0.40183269748163164,0.24052764085170153,0.30514723741371713,0.2090650136109183,0.19358533105035133,0.1707626840375725,0.18789969092961084,0.16427504202900534,0.12518975553708522,0.1127441936215741,0.2554899098578247,0.18004005835854156,0.27351112655822285,0.2360343994423881,0.17295149688678932,0.237066548387353,0.13562421463355281,0.14586155329553577,0.180299922103149,0.13620884914986467,0.17987953394398495,0.18270961968305838,0.20746070470725073,0.27509463524604044,0.25280621522605967,0.21812182199278723,0.12731444273802867,0.15291124773155626,0.1083989179625253,0.2195332257162178,0.12798390118712974,0.262142710294863,0.20248370025198412,0.3080934419864172,0.5060586825157634,0.23607349725944038,0.24053285319735732,0.577066702405614,0.4116324625341489,0.6478964604494065,0.5989399743259115,0.16823703959859965,0.14328987050777173,0.21749591025378476,0.2146744737843575,0.17576699954026917,0.13224852151948016,0.18326727836096304,0.1971043584898548,0.20801114273774754,0.2250672889945357,0.1668566163942469,0.2990558994367656,0.27142794695494543,0.19460168539508665,0.24502648897052615,0.14133967899884867,0.16312237289603018,0.11615177856865415,0.16109036027035992,0.14250525156672514,0.16717723416430147,0.12980093904040468,0.18900062060708694,0.21792910313020467,0.21349582503283973,0.18391033980900623,0.1701369290870949,0.1835917235996735,0.16152878934087364,0.19140275193258544,0.38986702619336483,0.28622270746979434,0.20683163291229803,0.1863240541661262,0.15249885776986205,0.29259501753893336,0.1901481340308881,0.11935621317458174,0.16636056895159781,0.17539439862931616,0.385622315890111,0.21318468596185883
0.34438082777636375,0.2519360936335977,0.61361067572498,0.2946835853824162,0.4138969323014737,0.805167261500387,0.21508260798876408,0.40231800964532666,0.9999999999999999,0.15429149365818318,0.19987702128229365,0.17223691442614408,0.30636028318755665,0.2510030017197344,0.2741241193326011,0.16392356297074756,0.171514619018086,0.2533669336011871,0.18735147432438296,0.27933507232182575,0.32677881474964293,0.1888148603200916,0.28641077100825796,0.21601017790496446,0.11782564259536478,0.19330751059936357,0.24862740548015183,0.15666550786193123,0.27140162783512384,0.16378750052246788,0.23636054728515749,0.20979713247960943,0.15304167506232288,0.18302736262026123,0.14906991086632124,0.42752210400014923,0.2408212523947513,0.1574046844158565,0.18119693444099563,0.2117217835437781,0.19537786785569197,0.1704880332698817,0.16639669610724384,0.16485521470663986,0.25761572647467323,0.14150829862484363,0.22055371987264266,0.25913828657607574,0.5965450640683992,0.23243325831710276,0.1544717392336865,0.2588949622586162,0.1804132241907765,0.28678742941516266,0.41781843228041365,0.8014532542416707,0.18511951772983404,0.7543096959602399,0.12442490662363344,0.11033657253163381,0.11509323497992345,0.32008431248299585,0.20470033546552402,0.34272497306855376,0.25611654417858637,0.33144185031395135,0.21329439280410464,0.19213772613082075,0.23850722128060944,0.14053855449408548,0.27547669967681016,0.2719797706164867,0.16372347244303864,0.2716225195196467,0.1941123235274433,0.20226781579450812,0.18106435550562594,0.2916719037124969,0.16174201479444197,0.25113247803695715,0.28882771145569774,0.2655471945260116,0.18393515875020366,0.23992657142918783,0.2120494951322732,0.2905844747029027,0.13317490760151468,0.1553943172217904,0.21275334809924246,0.17458306952496502,0.17567784803339673,0.17155232006716697,0.1939557040387662,0.271050520880023,0.19963940992004278,0.1911733228780278,0.16367055965593139,0.2521583573843444,0.5739279561786242,0.13902280747897047
0.22169646421160272,0.14858532504298447,0.193438112495822,0.1507079565964834,0.1893266337882638,0.16523592866943193,0.2973539985400301,0.214583003979989,0.15429149365818318,1.0,0.290621632123707,0.2728997619200814,0.16342180391548117,0.16880137826389427,0.21967605089982764,0.13287210277875275,0.2452881613118608,0.21117845411297548,0.18416102368989754,0.33553182630126477,0.1767835395947014,0.26311167000456576,0.17844255756207864,0.18605307969748938,0.32848304848095927,0.2775188587323387,0.18301061682153932,0.2701780497401412,0.23741386969931022,0.2759229040005855,0.19577166015553235,0.16290395307507669,0.2150991563240549,0.23062049046800281,0.149559189862308,0.12495187049031406,0.1862302480339724,0.429587979483994,0.3213022544153627,0.3018880358320265,0.18819354255823983,0.21460669308820235,0.1661026139136271,0.23644446678249117,0.2373057758705631,0.28403925895020543,0.24315039845162245,0.16927195089430924,0.15530445228350884,0.267482217027237,0.3488912635902813,0.1873397434347448,0.19515108607893303,0.13186508663174168,0.20936154395821,0.1510387624695791,0.17896308201312514,0.13965123643673188,0.4368165367268542,0.19642484301580324,0.22024640475830573,0.1491835843991513,0.13958776429492775,0.11787851354917396,0.1718132039931514,0.17465084141543977,0.2819977855544316,0.19193179802614066,0.1729278913682772,0.18080917555151096,0.2060623800702645,0.13773328907953344,0.15262895289846523,0.4517939901769081,0.20535378807303625,0.31987191689840094,0.2609927438518129,0.2470630517199221,0.2526196561730713,0.1388415037326338,0.2217534792317832,0.12150905913740806,0.19189057017820232,0.12800362476449376,0.18093224626941154,0.173632041323636,0.12603940428356716,0.2186331933500355,0.1811306938496716,0.19854556206479845,0.29942479183941306,0.40987721557352286,0.3893692633974321,0.28004407540311954,0.23351057343052609,0.22133397921752773,0.26884640105299545,0.1500955900335934,0.10903729988751978,0.3417324222699014
0.14481913200166105,0.16275279033681894,0.21886181846348052,0.19339998755999782,0.1740743252597254,0.16952527562695338,0.20217785582042003,0.20692505136212339,0.19987702128229365,0.290621632123707,1.0,0.39717449496545704,0.18697538343336453,0.22081182973963276,0.30331671175158403,0.14435055921765264,0.14058224623446464,0.19777259250663795,0.18173347329418046,0.23132242338102738,0.16691134037729027,0.1397174583251402,0.12786728363743904,0.11247723515106144,0.3410844774409415,0.34799891357641277,0.13582317343478892,0.1202588281914268,0.12429039035671006,0.11707369562158082,0.20697211146568845,0.13510928372320197,0.23912611996703315,0.24288175938220669,0.17326154609224023,0.20056110243874414,0.15675891393855823,0.2156444369957732,0.23812197941602367,0.23440060680214714,0.22708606016038219,0.12811585588072866,0.1372203190126172,0.22073481025324956,0.26802822745872124,0.19167137380363541,0.24315896042336704,0.18204077724808154,0.1598769533085595,0.25546967414018945,0.2288866742699275,0.17864760178012098,0.2671334569260831,0.16867189498919458,0.18666675596333357,0.19487933784207423,0.23942729422732692,0.18157397556512841,0.2715609025128994,0.368414052782867,0.2667225970038201,0.1648618473117782,0.18254233289136368,0.13761370010384935,0.17186241474372774,0.1639616425949274,0.30319664038777516,0.14644235507503434,0.1748274974482998,0.22021435529190847,0.14370183976743747,0.23175367615474773,0.1530631688056449,0.29861243516582475,0.10928843980735273,0.3385376610367105,0.36876021901433786,0.10148862381577013,0.17815163374940343,0.15085325344290873,0.15430820631704903,0.21576115629588094,0.28942019775752353,0.2409311424872171,0.20417348766631613,0.2552692747532451,0.16014335626725174,0.11896796911381761,0.25633059427648097,0.22417244869524233,0.33191445076845283,0.2545436976441903,0.3520668278454407,0.2538891157985947,0.2249415837678713,0.14892385673695582,0.20721327293792655,0.2046876802366749,0.12787038695330438,0.32517955822705
0.2748155291081646,0.2516307339009049,0.19652145191838133,0.2513597294197611,0.24629914819653373,0.20804780709363752,0.2707255399344322,0.2684256972960334,0.17223691442614408,0.2728997619200814,0.39717449496545704,1.0,0.235612396901227,0.2573238997411748,0.35153126921238054,0.2480461778006602,0.16536722454269367,0.19574589147655716,0.18145101936050825,0.1660784332629989,0.15344682034384718,0.14533721364357827,0.310050764978135,0.342588083093984,0.37226292773432434,0.491667768781711,0.1318121905485792,0.20062992305530764,0.20607420381716493,0.16300092402033242,0.1855947117003827,0.15918499927180474,0.18399202097783404,0.20931835696072892,0.12053679298031525,0.2208054853076653,0.15455028188423436,0.2142192619582964,0.16114312001673267,0.1967792705699531,0.12134940411950812,0.2871660313908065,0.15156260718236175,0.22253154055824623,0.19505337043625623,0.1493536607058703,0.11954913461324024,0.1746888500903051,0.2947740038639392,0.27372042508778305,0.287666946930044,0.2752322063432928,0.3167517916132269,0.1573596669292538,0.31023499303347485,0.18305638862908608,0.38211437694089573,0.21754239213078944,0.3312441134266081,0.4591388307002303,0.5181469654681531,0.20536099812114905,0.2609513787026373,0.30209046471381557,0.26608760020228156,0.2556084765666191,0.17667705736534414,0.21742877497125046,0.1239429805762923,0.22461150640516805,0.22255785009649048,0.20559845432405155,0.1852197018613981,0.1839350559765755,0.2522208001651592,0.4280510225848559,0.3921438176452324,0.17806236202629186,0.1786397031114175,0.13597471534203318,0.18415976898538605,0.15497907510716713,0.1837855512169271,0.18528743599791028,0.1794850520709062,0.18219437918187753,0.15712169053739297,0.13246067712105447,0.2695541617252893,0.16523498703337258,0.2191813091523702,0.25961410012261465,0.1995218258517282,0.16712432721943535,0.19448837608714842,0.17865490834415504,0.211985058339914,0.17229509737297588,0.2878828692780566,0.27077873180002604
0.23481732654245838,0.25843760259190973,0.20594942225651408,0.22682942897713967,0.26823882555320117,0.24006392681896885,0.2550624132717627,0.1730440247783337,0.30636028318755665,0.16342180391548117,0.18697538343336453,0.235612396901227,0.9999999999999999,0.2964753830943452,0.4027262503799772,0.26841538775667556,0.18199159116402586,0.17701048615258771,0.18221175492592592,0.14216607231123676,0.11709946221491548,0.2191623861884481,0.2674344750087365,0.1430534966812848,0.21013967937778133,0.32261003377195235,0.3623034739914701,0.25901252152158083,0.3849511040013084,0.39578197673560517,0.27682016556006217,0.15309292805576444,0.2095680197366354,0.13563367783230343,0.21716162947172996,0.3213040319987948,0.3718601563531858,0.1201115029006929,0.1888419300278006,0.16123620466877955,0.20216118749333886,0.16983197390812171,0.26577122858214786,0.2512994097570071,0.31739297305932107,0.15988889337686538,0.23047292543179004,0.4113692147382355,0.2942917738376335,0.2000783409423852,0.1760503685991789,0.27483190364017956,0.26852606200086476,0.20103809351782928,0.2531923359675842,0.2652577632802892,0.22801583768322417,0.24863296356186482,0.3137726276217776,0.18694129215052985,0.2564964587956109,0.7882713165691447,0.6085779214165652,0.13886556995777866,0.11540987982639768,0.3221401116433348,0.14677464184733796,0.15577325233992112,0.26384055887568175,0.14591726063365035,0.1548300961512399,0.17165846148577038,0.16534668256845955,0.1986848853491344,0.24803109717001331,0.31212269172201446,0.20687615670787513,0.3450295792283016,0.1944250819853541,0.2793568008418506,0.20910958022619222,0.23181217829090184,0.18323788217714265,0.1679754521433817,0.17033225395461865,0.15866984976566287,0.27701110535831963,0.23099278411896745,0.15274933273249514,0.2086332166459514,0.16951932686958046,0.20820569232196057,0.15095304372275586,0.21481981105439257,0.1279269310579686,0.2883584844070187,0.13197301781492835,0.2741632260557308,0.2587758693802272,0.08932545958291627
0.18609900726011358,0.22907049213673486,0.14818474316953942,0.34481927330467604,0.22677671982351064,0.16296238262951993,0.32874804047034417,0.22784665485373506,0.2510030017197344,0.16880137826389427,0.22081182973963276,0.2573238997411748,0.2964753830943452,1.0,0.49475672940986754,0.32092724934345496,0.27931435962696366,0.2553410136732454,0.572133118015439,0.14141338877938336,0.34441224316561647,0.18477883339887605,0.49832755812923374,0.09835090287185017,0.13170923038018725,0.27117697264996643,0.3034667797281283,0.1901298178683875,0.30944742979182954,0.2588781575837956,0.3030948236912693,0.14802081968698486,0.24319202101800408,0.16306291071292325,0.22868479880710305,0.2952492946452431,0.2992524060666298,0.18408998847667646,0.1654813834806405,0.16015712730084047,0.2103904231053929,0.2191531774673494,0.22742791500142703,0.19797700249828265,0.3197603251338392,0.17643269045631157,0.25438268003771514,0.27509820781022787,0.27470952670448445,0.25679429730660364,0.2829983872990817,0.2481147147641811,0.2770029327230922,0.3247106342628367,0.18693050712672182,0.1836955067367031,0.23487454822006307,0.22143044709299226,0.3213234231460556,0.18638013862340116,0.3814021474343124,0.28298726781012673,0.23209049939698367,0.29529374599150854,0.27458420256724686,0.3451735162898153,0.2348571924634848,0.23303692039634022,0.24742759980926926,0.18530457123635571,0.14988044539951786,0.18077176733332578,0.15811683834207604,0.2605308127645042,0.20136425976689887,0.19741055238387017,0.14590289905081424,0.16331674128964116,0.16785652356838704,0.28575869323335457,0.2108933495526505,0.18463844650007782,0.25071617609619073,0.21863222314723807,0.24895896621686642,0.2208622508556034,0.18826136593227483,0.2263328702919869,0.21796585661929427,0.14938130519188492,0.27030710669431807,0.1571075540168475,0.19545713978370538,0.18239313231455476,0.1661775242366891,0.19157850173623397,0.1588995486549125,0.21804978297190186,0.218085986167487,0.1507046951141879
0.21779255490323027,0.2775434433857804,0.19047075884815873,0.3274693085400136,0.21163987257413502,0.19413133307972694,0.3846301867435944,0.20687454946362469,0.2741241193326011,0.21967605089982764,0.30331671175158403,0.35153126921238054,0.4027262503799772,0.49475672940986754,0.9999999999999999,0.37075764115560317,0.19687466459218642,0.23172280633594103,0.23446171607579994,0.1809202287002517,0.3367187114183779,0.09635965245265302,0.28612495385441056,0.16075047107236412,0.2685028184464976,0.409493311495748,0.2930779797570866,0.2821030097370195,0.403853857713378,0.3378100814861979,0.2809823835415295,0.16992668854580426,0.18082717012457664,0.15481903888824142,0.12336815641956107,0.23373243731592908,0.20190413356993994,0.15997837448190683,0.1449159316032266,0.16881228869690973,0.20611254138608592,0.23494652070491814,0.15988271766481596,0.17162996804352487,0.21375594446528223,0.12261982119306732,0.2082200887053279,0.2645643186633195,0.2731493317488048,0.22867678365193278,0.2583213385097655,0.26391997134721007,0.4278693487447551,0.3113283034460263,0.2234491051811387,0.23696753768794057,0.3289382946256707,0.24398043891014928,0.27564163295722843,0.2684917515526569,0.44205922195608915,0.38020988806083744,0.32938294160504666,0.15818184246723252,0.20295994930167818,0.727571130130134,0.27479579322794206,0.14615813786100293,0.2500266928483839,0.21349926558106005,0.2698495206858112,0.19216044410219266,0.1752963564421257,0.24798797547099943,0.2061325261146505,0.39246093012462424,0.4766344868259435,0.27719363193366414,0.198456230090737,0.22877502449895112,0.19256847708348693,0.16881973225909278,0.18752379115654086,0.16391630976461688,0.16250415607111623,0.21723886771930837,0.1353785347868243,0.1443414476211745,0.20358289462266194,0.15642438290430824,0.27914312670868907,0.21099271659017116,0.1697869805313106,0.16551066506798268,0.13753965101436466,0.23423993468307056,0.1293505544265388,0.14036819432161884,0.2496996307145128,0.18511674688465035
0.24574110530196513,0.3544065736600024,0.2023091509851893,0.4280475391667327,0.26945477331916456,0.15404101505504897,0.36613154954038873,0.2800791144898132,0.16392356297074756,0.13287210277875275,0.14435055921765264,0.2480461778006602,0.26841538775667556,0.32092724934345496,0.37075764115560317,1.0,0.20716750677128837,0.27922016913387443,0.2322552512842071,0.18782697796113432,0.22353519989973666,0.14899691599009443,0.24636324142034843,0.15221019282603793,0.1527727918804348,0.16991258039619683,0.2803617074266648,0.21389052125207056,0.36963526251429635,0.20838276666870179,0.3155880011009547,0.23166981031990885,0.21079887723307103,0.23269657367206473,0.15151581728147417,0.23051930089087033,0.22958955101151138,0.1480750333398932,0.20119031082533526,0.22501660722929118,0.20904288692480855,0.14577848036215788,0.18677418292647713,0.28948331663359517,0.2108800065510458,0.18396142338213545,0.16578894503243188,0.3222233373646496,0.20189413805036566,0.24432082803930316,0.20098078127917524,0.3246543054087976,0.3383095482617533,0.26086000187550196,0.21390864956094457,0.15123882479352735,0.47649695883592424,0.20452838233112103,0.22385420678209367,0.21358218473128038,0.3451974533390841,0.269527249877032,0.2773990536476008,0.13301327100068408,0.16869233648975626,0.3457809668036205,0.11665719488309395,0.17132445438805882,0.2269730070034144,0.34650506181699514,0.2616913565277706,0.28306226053617917,0.26646075841096645,0.12859572992549975,0.17468904081633346,0.20981513759296494,0.1965101159512832,0.17182109831064302,0.21701038517332058,0.2679747619533622,0.18939289771826304,0.17801604494096585,0.2188520692044528,0.2174697154487513,0.1296127874260021,0.1737150966565199,0.20238383746362051,0.23256599606045017,0.2388943665991915,0.22232992270869464,0.14875652410020712,0.18163086359951805,0.1437357004383051,0.180239173134029,0.1718298612228862,0.27983741067738604,0.20385764756048957,0.22319877695030693,0.19472156151481304,0.22867030497037455
0.29431941498388114,0.19433154672700476,0.23394554766666256,0.16747623999948452,0.31103033776367356,0.17207654076027323,0.20454800055867628,0.21451051976032734,0.171514619018086,0.2452881613118608,0.14058224623446464,0.16536722454269367,0.18199159116402586,0.27931435962696366,0.19687466459218642,0.20716750677128837,1.0,0.23986097522784383,0.3685176076856361,0.25032582314063023,0.2102375946594314,0.41136473831206866,0.24503409560913916,0.289025871756321,0.10671291598747575,0.14182774145625834,0.13812377247379362,0.12131364100282686,0.1776532966388613,0.18243702983235818,0.1238502302533649,0.1913093301946983,0.17684901028218303,0.34906683392890725,0.2895344641525747,0.20708495464696047,0.20407701229034544,0.22381073205424273,0.22133895514495872,0.1747076223752974,0.2073233754660489,0.218607742604381,0.24449119332682998,0.13442502916714705,0.13313881885486745,0.16976974500322523,0.23486803260406106,0.13816932606035834,0.2249908162988694,0.17733367050559287,0.2567515529267606,0.22864693310220774,0.13967476424986025,0.16822479641359891,0.225279602589968,0.19043787584547908,0.25277468265001013,0.209491262053486,0.243232550797201,0.16576661087541086,0.20314618258246842,0.1956765298614815,0.09770009996370087,0.13077680204062803,0.21241561428665384,0.2919697333298608,0.19819418021672658,0.30531201679530406,0.32057637659812727,0.23664697853244532,0.2114067796062568,0.2172060314469713,0.23375864286626652,0.17894686933332132,0.2243071501574379,0.169296423631474,0.1478511112991644,0.18824267323038843,0.15069289935745755,0.16625625604582253,0.43579268978623475,0.18726186502978376,0.14904511156746175,0.18102614711653708,0.2079916123289918,0.19332518157652598,0.18862216486723113,0.18218926061379437,0.2227727003052167,0.13542101939834125,0.16690007845399302,0.22418690430413535,0.16544991349213523,0.1628578539965783,0.20798591037297265,0.12228899193752368,0.10832928626615429,0.18643206324029632,0.2470049568346016,0.1748404707595563
0.2750133904323183,0.14467852216524035,0.19475685693251943,0.18651275948335871,0.15285417191911144,0.21640929218628052,0.2889249278989356,0.40183269748163164,0.2533669336011871,0.21117845411297548,0.19777259250663795,0.19574589147655716,0.17701048615258771,0.2553410136732454,0.23172280633594103,0.27922016913387443,0.23986097522784383,0.9999999999999999,0.3915905669542785,0.21911249669654634,0.2666037849392179,0.21444349152330894,0.27786267149987354,0.18512370497332817,0.2166907554124236,0.15996877394403763,0.15727607595176285,0.3257743315153779,0.2728712233778238,0.20064097443198445,0.30156119163626566,0.23787006890957307,0.1387211904740834,0.34557498866485764,0.18485094735281427,0.2682879657430012,0.2529389581818457,0.1379217215608496,0.13979863602093573,0.19301446205922923,0.1265365399464452,0.13356876518882796,0.1900155839616842,0.1732166399727552,0.20720625274139046,0.2149281858800736,0.16578075226066208,0.20419684199571897,0.22452461886838423,0.1373941185926591,0.16809476366063358,0.16267720426848237,0.17180405049587438,0.2631290302529898,0.16753012827790806,0.21535943253148124,0.2741772682419526,0.20983798807152446,0.18543520038358877,0.17753840800894463,0.18128820651809857,0.1445847902514052,0.18832505671512048,0.1605714317614134,0.21605884270596903,0.16654665270306548,0.2409766517484725,0.31319302162053675,0.3812271450570854,0.4652250452108609,0.1793265083132479,0.204136943078561,0.2219580086272434,0.19605388849512592,0.22798697188427341,0.18268793542161765,0.2538574166141274,0.13973240999982062,0.15841239127311668,0.21477103855887758,0.17011049567409964,0.14504584877964039,0.1749215269518681,0.17924710894426282,0.17910118166717875,0.2077949029483729,0.19198940491781274,0.22015817137065644,0.2594956951038028,0.12929896923723302,0.121705384986991,0.21410160798740013,0.14336588894962424,0.17394153050518044,0.13884704318990107,0.18290823548568397,0.20677940532312822,0.17693208825659812,0.2452484916910019,0.20078331616226236
0.1394164701751653,0.22651458113640097,0.12078928511445815,0.3108251180903537,0.1770705506325731,0.12222853276147452,0.29712943085385746,0.24052764085170153,0.18735147432438296,0.18416102368989754,0.18173347329418046,0.18145101936050825,0.18221175492592592,0.572133118015439,0.23446171607579994,0.2322552512842071,0.3685176076856361,0.3915905669542785,1.0,0.2047578804055576,0.4340738581214679,0.16962995570149228,0.3787350904764585,0.17949176869169622,0.14559988669188645,0.15869501081546084,0.19668536201578354,0.23505977839733977,0.2755630155009539,0.15521983555762792,0.3194613624491041,0.14068301346832887,0.23214142353898318,0.1657551489639227,0.20856263978917508,0.19814866275631804,0.24128611401224745,0.23318160413234656,0.19195952304478575,0.20106502746466354,0.17155839753306742,0.1662938853259332,0.22916924277987472,0.17948965802637024,0.2709015042671112,0.18648979035532118,0.20103911566161603,0.18635569289268744,0.1617027343021982,0.17953317082214468,0.23448564986686996,0.1622527846983511,0.15329176551843657,0.3490157103853265,0.12022060909403018,0.1318147846236027,0.19810877788857187,0.1693668086209711,0.19227341496400358,0.21246527397873172,0.27290587273430367,0.14315588241205449,0.25600080589438556,0.3095445168017616,0.42669171270894835,0.234847756726441,0.1517872411137498,0.486652945097001,0.3176810130199274,0.19717244134730533,0.21193418149903548,0.1709288727099957,0.13266404837398357,0.2437982323777419,0.31308109144439605,0.1571865534760112,0.13329508170731008,0.149404186585089,0.1658617817674234,0.20101930186712066,0.21346126909480986,0.14385534985181078,0.24872601326183919,0.21555814915263966,0.21905822612860773,0.1795770651493982,0.20038263576649792,0.35071981827237986,0.17986811999805652,0.16452283666961026,0.17971699033122593,0.19642672104400902,0.24788402770215964,0.27553984995765607,0.1704577856808953,0.1753136986688625,0.23344554438706214,0.21164741060777018,0.14433533042738117,0.14232508295436663
0.28702569042002346,0.19941794917539218,0.42690291774342876,0.18923441583390532,0.30936480841811836,0.36268075301452507,0.2591567290530192,0.30514723741371713,0.27933507232182575,0.33553182630126477,0.23132242338102738,0.1660784332629989,0.14216607231123676,0.14141338877938336,0.1809202287002517,0.18782697796113432,0.25032582314063023,0.21911249669654634,0.2047578804055576,1.0,0.21568108828043617,0.23146934707585753,0.1636274531659306,0.22735581345138034,0.1489054171720002,0.20454881960384458,0.25077837884337284,0.23384506015997938,0.19184497073747273,0.2242486418694515,0.3238107903428917,0.2223500007701177,0.2628468132461345,0.2578766724695826,0.19796935014374184,0.21773150484723675,0.15379686359739744,0.31088700323391083,0.32351555007483,0.3124774686896518,0.28709816996858484,0.2338848524768191,0.29143278051124905,0.2197987566717633,0.23651754364893235,0.2965973528124082,0.3658591348867303,0.1876322916847294,0.2829326075926355,0.2370077563810476,0.23904639688921148,0.2627783699989378,0.14756271445651087,0.1495636323476168,0.3378035060858437,0.3412842617197903,0.19193742886319576,0.30193362720153977,0.12890509866229735,0.1694598423058286,0.14667158796204027,0.2144982100582805,0.17723851450493985,0.1729833046426941,0.18234033767430444,0.20105503516134632,0.18406372584470476,0.21580655130804172,0.17556728594446763,0.18023824971684765,0.32444961020804775,0.19693322514292194,0.14833259884412428,0.25850649628191774,0.2816399295071516,0.22281740367666136,0.29551753940039527,0.13747000534246104,0.2828865292982816,0.16723247286395787,0.18939907463690722,0.1454232127555538,0.297816498546631,0.2352474032074888,0.2603115628888334,0.2691118251768541,0.1158137336403685,0.1582664834702825,0.3882623915085339,0.16496517939314848,0.18795683306833033,0.18090882844359613,0.2733582535293722,0.33661467296535713,0.2597832795989761,0.16726663373233933,0.23766733291138536,0.21711194944534074,0.2872694956719895,0.22437820473800407
