0,1,2,3,4,5,6,7,8,9,10,11,12,13,14,15,16,17,18,19,20,21,22,23,24,25,26,27,28,29,30,31,32,33,34,35,36,37,38,39,40,41,42,43,44,45,46,47,48,49,50,51,52,53,54,55,56,57,58,59,60,61,62,63,64,65,66,67,68,69,70,71,72,73,74,75,76,77,78,79,80,81,82,83,84,85,86,87,88,89,90,91,92,93,94,95,96,97,98,99
1.0,0.15720528657702793,0.16119586941083208,0.21626997168367265,0.17082558409156015,0.15322900054289285,0.2701409884172795,0.15384660254562296,0.21355343995652848,0.19194085551984924,0.16176429220293806,0.22846117246654069,0.2427855928957391,0.3259261313698792,0.26488586844233714,0.3883235778278282,0.2719939325782131,0.19287422844533453,0.21304886429783715,0.3310271913716216,0.2900437166480093,0.19148676493218464,0.19894542276583416,0.2049568629714595,0.23964544614478933,0.21484007727980003,0.20321337416030502,0.23205811810438767,0.23294353665508868,0.2692061165133591,0.18133910715016474,0.20977567162574304,0.13633577259416774,0.21894931979658858,0.2268922862161526,0.2390324510632916,0.1251307540775325,0.2566734045944108,0.15713504782438104,0.16686798545879986,0.22575098186551895,0.23903157022088684,0.1974263527082102,0.14327779946802774,0.15269853621328397,0.1417675552074202,0.11257280287071829,0.17564556573485704,0.4098797314767836,0.19919664752470928,0.5641202151169602,0.2757777562006007,0.3151711593277532,0.1782096901464072,0.1341855475520876,0.30364842443499124,0.18388723746491298,0.1652349521518052,0.13541052414662705,0.12337364662524636,0.1917704964033911,0.19686379646774507,0.2935562079996847,0.3123463355929063,0.3427683245281105,0.21871068310813435,0.21157420836263674,0.30544466723931957,0.16729343116822837,0.2027232008678858,0.23409556810888474,0.15567567018315373,0.2682090129997732,0.2793475673684739,0.1689744759482992,0.16765074097847282,0.22176621508029018,0.22296681319302425,0.17797136144271306,0.29286094380298555,0.1930561934771668,0.3157319805813212,0.19416315303049025,0.1749736440342419,0.20048575476772867,0.2744033162985778,0.09299134057307837,0.12966925020596057,0.3595528673806389,0.19289132260824068,0.1693845982234322,0.11323368157319756,0.30207077996190396,0.19775821535188526,0.1915658248285032,0.16290097918585425,0.17592862021425015,0.2145639942463313,0.27910181705496623,0.20794758809414943
0.15720528657702793,1.0,0.3114667525106538,0.6312366843419872,0.4662275902721944,0.3844737832366825,0.2354396318797086,0.38412176842837653,0.28526670321274045,0.22763177359664977,0.31067029631675985,0.3139736800821633,0.2152252553190871,0.25975438562331715,0.2931422677174694,0.3528368031640056,0.19367378082493145,0.2518571063310519,0.23392028088483197,0.22577357571164697,0.18320476899560426,0.21365299011414934,0.3092282715600659,0.22310996065140112,0.11790613505721305,0.29603146512107875,0.18897461533095952,0.14820032130321992,0.18473404440110067,0.14650422512486208,0.24005160622940952,0.12960165647758085,0.17034026798012156,0.18796321895359985,0.19658470020975638,0.24645813685478718,0.19857077594564157,0.16294131115307053,0.21059762656752995,0.07287637947420439,0.18163753053064252,0.20502590729896705,0.16835304855503952,0.1593922110634485,0.1906832082284606,0.20523215211431,0.18487890806561144,0.20943046724247963,0.27207137743878146,0.17274490368891887,0.20068345402423202,0.5071047768744333,0.32545984302860503,0.20667005677157754,0.3249139798063906,0.3576001849017261,0.3489398236280954,0.37893226416996,0.14303081632144787,0.09686997473262632,0.12472344232116664,0.200042747845091,0.22178969903419202,0.22643170442657928,0.1831969682323664,0.23714527567061416,0.1765615329267553,0.3485247017231991,0.2894891668795464,0.3058423287028176,0.23821612206435938,0.2173337517347486,0.18693269763197842,0.14625437519078394,0.15523483904040095,0.30169379924222695,0.19661318648264003,0.14222856576160062,0.2706608422464619,0.12588164954306685,0.24097537228941937,0.1334517763575348,0.204151742635812,0.1723167239152019,0.20742026368867517,0.20107638568867,0.18145808932125967,0.1609627505872988,0.20606700138736123,0.15206512065341599,0.18750368085361427,0.15107792965907163,0.18986762845933686,0.17297411489294556,0.1804119464399029,0.19083040027454168,0.1530333749147937,0.1858522878881473,0.2377982202093091,0.13030659076588058
0.16119586941083208,0.3114667525106538,1.0,0.2058502815327462,0.5138609652736723,0.5274739539314048,0.28893014218684676,0.246507760977035,0.3216304756309904,0.28897768097244064,0.2672894550745541,0.22658840560456095,0.21503965037770187,0.1698840922520028,0.21565406950474716,0.2620216436724262,0.20041672250552645,0.19732657518166558,0.18433756262820952,0.15943243771568746,0.2220397975593145,0.20318981458267105,0.13917160955018537,0.20213979439290275,0.11632097381745922,0.28008426579721435,0.1649350115758126,0.24871646484920146,0.1404730493605547,0.3124420035491387,0.286891906970417,0.1848039863457945,0.11819747769879235,0.15994001782604889,0.16031774360961365,0.15845031245339924,0.16083957633479792,0.1823198468763136,0.16324649303241962,0.297420835355953,0.11369744904009112,0.26081964505380845,0.2584336708762418,0.29722918536806625,0.19539277575578062,0.18051159552315318,0.15293818992326422,0.16749320660592648,0.27642445896033957,0.11868989136500584,0.20607603880479908,0.2966545786242704,0.29840587435787524,0.189092583382722,0.48542718350319936,0.44323757412755127,0.24510206494197312,0.34220385067771636,0.21824728666421717,0.1618312650760452,0.2539959728085247,0.20389631824658216,0.26548014611120396,0.21135398689976076,0.2227182974159974,0.18587528517446486,0.12802894338228876,0.22537271553730906,0.17666015450339853,0.22228016601103787,0.20339006635295173,0.19092192812474962,0.22638388359015577,0.17784618253018394,0.12768190452590233,0.22288107985229882,0.16175065342825232,0.28411976392231275,0.2528921136136378,0.19122748785969834,0.19049596726199436,0.09070749915282232,0.16290898598088593,0.18172141945374867,0.2014652820542747,0.16430157207906565,0.1666098844395547,0.14633833768742813,0.19307714277674587,0.17539528330442397,0.14988305453555584,0.16132306608313893,0.1498474905407349,0.24197889811006387,0.26508964276269276,0.26323249506706914,0.1321265529756905,0.19181230077596378,0.3411465631656878,0.10774632227478315
0.21626997168367265,0.6312366843419872,0.2058502815327462,1.0,0.2891452010245395,0.2524884141930545,0.26962070074457456,0.4139632304385512,0.24028827720888446,0.20332438658280047,0.24396508335325254,0.3175143034402758,0.24630290762448886,0.32160841395827466,0.3429292981932505,0.3874152563629732,0.18817031756794478,0.28391963099656625,0.2340971861705423,0.262892682922126,0.2292092264555042,0.297973574455765,0.36992928314876783,0.17710595811973928,0.13331602666570766,0.22518636084305022,0.20883505986018783,0.142696146864574,0.20183949231146894,0.19640166996854738,0.224785528214722,0.15786849301111755,0.15758997426353852,0.23746886239353399,0.2774479639419694,0.23045768956947277,0.20811797104704016,0.16648028104570567,0.25430166063510634,0.15838083230361355,0.23467295994839765,0.16295805735494834,0.13436483667496754,0.10001106871868734,0.12862589234181315,0.11718443770705324,0.23775068497460278,0.22424231870076305,0.33995804927799544,0.15936600418915414,0.24831546253694803,0.4831207621926427,0.3743919108248272,0.380107546856531,0.20485195602257292,0.38813754426171165,0.39699711902410284,0.3441904370956639,0.15865462683762135,0.13572786877021867,0.1321651873416992,0.24117106959224863,0.2861762151891115,0.3119423049724786,0.21519989402311127,0.30485077992034537,0.16920835466877765,0.35997016530411086,0.340715344797145,0.2841482419523679,0.24482681721721072,0.19063341859795688,0.20840949812962886,0.23911583925320504,0.15994683131934045,0.25008805372142806,0.21919944036427175,0.17728326872246536,0.18194419498247805,0.18496414555409543,0.20048009824801924,0.15289290723367185,0.1372762870597329,0.1792064000211258,0.17564622812253614,0.293796948730578,0.18655008610597779,0.1764221986392317,0.20799380102302256,0.19447255574342256,0.20082657535485487,0.2144125521830801,0.20848750989859327,0.2221158036176427,0.24168954988774888,0.17727253234477078,0.16615678083924512,0.19633011919044996,0.23864018530629866,0.21231760584693496
0.17082558409156015,0.4662275902721944,0.5138609652736723,0.2891452010245395,0.9999999999999999,0.5731404423187018,0.2875831672006356,0.2100890843010272,0.29804275428980054,0.23000753986549627,0.25524568936793457,0.22069042133945085,0.27207012456435953,0.12010892865875981,0.1820918104961552,0.20009984679397552,0.15506088441198324,0.20687919613378378,0.2626835878862186,0.20392135745598927,0.1403269423171895,0.14273239151006037,0.1723537391637826,0.2288199647505946,0.17048942312927184,0.2956076316481608,0.262133857788605,0.38511468752637756,0.194543041303539,0.2103779568382124,0.21324674059737692,0.2577229194927103,0.1539080546824936,0.18308478784533375,0.1663425815644121,0.20560053971509537,0.2075429667773279,0.22103518000518663,0.15101747974957735,0.24331381000313443,0.1663935100764829,0.30187135813627125,0.23517323685502942,0.18669727328857896,0.2412226688101685,0.19940716146155527,0.1657891709523358,0.19364950069525363,0.26726115234318204,0.21626017163656536,0.20167936073374876,0.24212704655548442,0.15893105067444954,0.17033367907978986,0.6447669369507508,0.34427193426153835,0.18966355058976114,0.2631870207679217,0.1821471276549109,0.14031788998893943,0.28700640744980155,0.19617757997976581,0.19512020187759077,0.19986481082145885,0.1649861946545753,0.1757853394279955,0.14925717195497273,0.19203429142117534,0.17740854503984646,0.1960830572633563,0.18376674581959726,0.17393709922319178,0.18903719273928274,0.15703698288927767,0.19576714385482297,0.26555931971937974,0.24980864158738758,0.24534229117267714,0.2963054376675014,0.17730861444510881,0.21590144688260454,0.14333713847712323,0.21911898627382306,0.24434882455903523,0.2359011752785517,0.1664195450329872,0.18075657221132438,0.23120478751189613,0.2001816332757961,0.17085422307858789,0.19547671366003422,0.18634990861530454,0.21062148454993468,0.195248652024772,0.2411491801460878,0.2462925950429956,0.17172587975825845,0.26872282957673177,0.2243291194430757,0.16830853734812665
0.15322900054289285,0.3844737832366825,0.5274739539314048,0.2524884141930545,0.5731404423187018,0.9999999999999997,0.3168661846077838,0.24945693652877046,0.48039437040735256,0.23707186383571507,0.28692452349295716,0.34558034047405056,0.37252515169033773,0.14575474926614973,0.2749986826313965,0.2272673223731584,0.2151413900790438,0.16702043798693184,0.1836855875826048,0.1844675959632794,0.23261317227105344,0.16268257340569256,0.21083548565608104,0.3012836892369256,0.13328163839271187,0.3679415731676595,0.18821940723275238,0.2383225117042506,0.2034938755096144,0.31787774878235864,0.19079730369595688,0.17661031761588028,0.21299729574042073,0.20311153378534222,0.15112316584798538,0.17878663505462147,0.1263381258923593,0.1156393779743426,0.1490862494061855,0.21360529402094589,0.1751745812054004,0.22471324033903703,0.24298318924912066,0.19561876441623138,0.16936833680917082,0.1650071559626971,0.15787127092487566,0.1886019305357569,0.3633377819682249,0.1266660940002243,0.1724271932653987,0.2202475446364051,0.18519093152276533,0.18636507555775228,0.7227302198284268,0.6069365740227215,0.17808796256472448,0.35628257521415285,0.1897185620153502,0.1444928992643075,0.29994943035327926,0.30529663097350274,0.3357909787393435,0.28719467398319226,0.2724576567720559,0.21857087053757088,0.1445850123822315,0.2975793533759551,0.18613045397111427,0.16851319346838822,0.36120686746103287,0.22558020191822936,0.1551440902716006,0.15938211338151173,0.18243611870314624,0.25172339920581244,0.2591863906559947,0.36014558726635554,0.2975521786429173,0.13965261601918838,0.2321204575789244,0.16901544033231874,0.13629168055455265,0.1991337372882594,0.21097732818637524,0.17144541711711547,0.16925077518191903,0.1198596403080839,0.2061101091991376,0.14857445447326953,0.1574484783243684,0.17964317693090098,0.14953641592560954,0.13785248081715606,0.19237009489423204,0.21424834182515998,0.14264750145589683,0.20293050546782448,0.3403316442137518,0.17554891962300367
0.2701409884172795,0.2354396318797086,0.28893014218684676,0.26962070074457456,0.2875831672006356,0.3168661846077838,1.0,0.2946565929223912,0.18917938481186447,0.15048835952037212,0.2124055030227596,0.3506558606345701,0.3277013626913671,0.11613508597717562,0.1819347042056892,0.2951399287306346,0.3228720997554237,0.287039077704163,0.25888412722083254,0.24446096803907102,0.19529899089734712,0.18991543168720476,0.2031750560274722,0.39423134123175607,0.12435870176406574,0.2983341155112381,0.2460729515952534,0.36522154857405786,0.3063895634149415,0.33817146430807427,0.23321839716950557,0.20070033848164892,0.21627514871826523,0.26955237259042575,0.14925060564602866,0.2361294244760301,0.11505863507336081,0.11254372439600617,0.1077894785352846,0.16426730962474478,0.1900362319055311,0.15816389427514896,0.1501580495053859,0.17945130052504446,0.19705468144523358,0.19838935379601247,0.15306147641950602,0.2721363845702479,0.22259273219529813,0.15363129664197206,0.3143211936065153,0.21449104634354968,0.2995150382418576,0.24696861578209314,0.23255744266122427,0.27897527721557064,0.2631718199677033,0.2141830388914061,0.13075023818107093,0.10444267300510815,0.2523010724682787,0.2227704903719535,0.28633973280882324,0.269295303423095,0.29047883579325556,0.14551734867866592,0.15370624006797215,0.32135507099274796,0.253842751161766,0.29813299023954315,0.23656004920773285,0.20981822710426928,0.25928912768921286,0.15769016244687553,0.2653929675269876,0.14788754170095517,0.2649195499353791,0.3640428727208822,0.14270505514143314,0.15268401873599027,0.382697841795375,0.17531872612066413,0.1713512672972972,0.18698276163190447,0.24566996321216789,0.2304859546014905,0.08068413602950733,0.1716870803765946,0.24618484031101795,0.14257532064918077,0.1815126028716617,0.15764781717692164,0.1363961225135242,0.16734746025856456,0.20699551324658427,0.1665552697784621,0.19406848900178036,0.21166002806477874,0.23800255417549374,0.2246548149311459
0.15384660254562296,0.38412176842837653,0.246507760977035,0.4139632304385512,0.2100890843010272,0.24945693652877046,0.2946565929223912,1.0,0.4868340874872458,0.15766682554567876,0.21189309858034983,0.19124947073251705,0.13436148746557217,0.129162043981799,0.13949054848664116,0.3139763920496962,0.1741064750929445,0.4441940075578648,0.257721870162552,0.24729800033768506,0.17142752838350073,0.3326705926227941,0.2933841877837905,0.21954741850311407,0.10252047529737053,0.19140936884291856,0.14114819222681615,0.13281674215648048,0.21066911351736348,0.11172241654470329,0.18818794771454925,0.1298640142715346,0.18116084067418076,0.2150266639459963,0.20177083188105005,0.22257541493561675,0.24692069235612807,0.1932072337845053,0.3110964949477627,0.15696371350866697,0.3215880746228009,0.19106083428573103,0.17644228598733902,0.16332765981381314,0.1494250276983111,0.15582569900982537,0.33922870610761824,0.1886303603805227,0.20014128127599687,0.26818627170124765,0.2468576861173277,0.4329091030402416,0.3237807388242145,0.35799074260643465,0.20014048730015044,0.30759008559838324,0.6862035732763672,0.5885909710335038,0.19258326962339187,0.11148042932401926,0.11986969724187263,0.1322922460173247,0.13233085988819657,0.1856548713448744,0.16584777347721957,0.16736494729809226,0.18178699043325733,0.25201098947768724,0.307826586306457,0.4298826433311036,0.17670636022395564,0.35381298759145346,0.35588665713357687,0.14774044388928873,0.09416552906885006,0.20130241013149708,0.2234726585212651,0.15125388745196944,0.19781368328686624,0.1879230412984706,0.1797925985588468,0.1442441653564107,0.15374792520528563,0.17494492961804248,0.20254009175848992,0.2506852963678943,0.2102926011116935,0.22827825087605944,0.2281349913979738,0.2367435453370798,0.13356690294119578,0.16606690053520212,0.13859869489519291,0.19139186618896215,0.2592931727745087,0.25694506926085325,0.2689814884988799,0.1813331455834749,0.22409050177074558,0.16824499182315186
0.21355343995652848,0.28526670321274045,0.3216304756309904,0.24028827720888446,0.29804275428980054,0.48039437040735256,0.18917938481186447,0.4868340874872458,1.0,0.18433838875433886,0.25074164175646585,0.1721974784002098,0.14546901372228482,0.13509871698649814,0.13384456568879835,0.21945039907268313,0.190293656046816,0.19204876832439813,0.17791489795814075,0.20281622314970008,0.18560530920483972,0.22006253421005723,0.2560453280524002,0.24116852319019244,0.10701765922458799,0.2052838826372818,0.18097875074101327,0.13883401987614957,0.14873596402648284,0.10979713506616841,0.14906859553587992,0.15761286177418704,0.18367626464087905,0.16707398399880044,0.1848221128032627,0.17856623384719253,0.20913396650360253,0.13867768474156075,0.2557874518781406,0.14926739571121048,0.16541462372173682,0.19064269637519277,0.19804751359903439,0.20724551040336694,0.261525722748088,0.19947457949582706,0.2529429408512766,0.21545863043563646,0.30005869372642235,0.16368518416279632,0.2520025262974777,0.35111455720576856,0.20769034302795716,0.24521128130240505,0.41943561300582777,0.4853092616215218,0.3075297098977357,0.6534359581197124,0.1905367023150075,0.13171078464695612,0.2206799477730716,0.18075563023250868,0.18690234904700506,0.17141924870108913,0.22693553570581032,0.1893877102309699,0.1189100637607077,0.2473090092965702,0.2145659557508376,0.2873041021840703,0.17431261421024377,0.31128747134702633,0.20924162963254297,0.11299486089721836,0.08930302631192605,0.24511541084259267,0.18987321443525831,0.14117074362628032,0.22800131616309355,0.14241280985414898,0.24813480099055224,0.1661423604460795,0.17691145139334885,0.18032661507653241,0.24617460181491568,0.17356335509323004,0.20822152952128942,0.157896206889561,0.20113714290877108,0.14007922068357298,0.14883473303780004,0.14814453556697266,0.12447076217168389,0.15725196611950917,0.2503462025432183,0.19742782401114226,0.1965264295995014,0.1934277517248753,0.31300788740904123,0.1935986548006291
0.19194085551984924,0.22763177359664977,0.28897768097244064,0.20332438658280047,0.23000753986549627,0.23707186383571507,0.15048835952037212,0.15766682554567876,0.18433838875433886,1.0,0.6571901847552972,0.41198252687848624,0.25047167284584654,0.19424020958602814,0.30785505475318437,0.18609965147500865,0.162383566646724,0.22019071810254814,0.20371033608372965,0.1088059436047319,0.2924439152306556,0.0973517731502376,0.13293319219336697,0.1601073195832881,0.5020315261135868,0.3724004068916659,0.17787190956744817,0.21464189396231448,0.24217630581169922,0.24071104566306953,0.246799648020576,0.20304457683438248,0.20628256071956394,0.2915280308095528,0.16802560524906318,0.3157095370626221,0.1563990343988367,0.20855698708152848,0.2000093854104543,0.24545000792939817,0.240089237100967,0.36054372987913397,0.2052317312249748,0.16148636840919506,0.20262039615716734,0.12240123197720554,0.20435295141997925,0.12916441363815553,0.2039253760917634,0.12784692098253894,0.2683002601387878,0.1733826136858562,0.18984086526151184,0.2592431722496364,0.23890413627183837,0.19635748237770762,0.19373102761813218,0.20031925544427942,0.1875401723865279,0.29257338769570035,0.17288693311078002,0.17206919235757276,0.21303600899521188,0.1812621578984461,0.14753765913707512,0.29908607578788354,0.17838511455675501,0.14485843449357105,0.2888829475240117,0.25130939247933654,0.3101204957683568,0.16628468011355857,0.17132369439919057,0.18560845825527983,0.3063146083103264,0.30957692526002806,0.1729220901946565,0.29167631525612253,0.18306450203627364,0.22996238426353938,0.15898313319292623,0.2621169869025873,0.20789487084615524,0.24141919044018859,0.17616029945901426,0.2643512949742557,0.1376417892721278,0.18566996686943027,0.1608406819349264,0.18629190524118663,0.22308434398823732,0.1940382964129137,0.273095849705033,0.3053826578775045,0.245295322408442,0.1955289855567599,0.2359285490585656,0.16867170931066183,0.21315731649329092,0.17128233220042666
0.16176429220293806,0.31067029631675985,0.2672894550745541,0.24396508335325254,0.25524568936793457,0.28692452349295716,0.2124055030227596,0.21189309858034983,0.25074164175646585,0.6571901847552972,0.9999999999999997,0.5438425181181497,0.23895802612249448,0.18387360782572407,0.3332912786549902,0.18253516557433516,0.19850421780522182,0.19842077395180413,0.19333792506923317,0.13208984944480837,0.29248781334273394,0.12724311362952473,0.21249070282525603,0.24541996377046005,0.42473278833266553,0.4981799828157586,0.21015604459957227,0.23668202011303185,0.22907015378710358,0.2300272972782636,0.22613286724224554,0.17980873064308894,0.20371815288008577,0.23762922414888257,0.16291715294547748,0.3546746441005365,0.22856118032811767,0.18272374509147674,0.21386847600670392,0.17282564345601645,0.25277027948551645,0.44146519293833236,0.18973656108975637,0.25660123499219695,0.24010790955153039,0.1593547675561071,0.25764417940333983,0.19722757808086355,0.19574113056737488,0.1775977947217853,0.22616878754768868,0.17258244112073823,0.17961664823586695,0.26631913377082617,0.3010674223247697,0.20896429392331622,0.21435674184771597,0.29221551125045997,0.19683250694805404,0.12747750640681166,0.16629892722038256,0.19371125658932306,0.16723502143461974,0.1688434903008253,0.14383837393719093,0.3371961399005853,0.14082628289857613,0.2400972674685184,0.2796796715695844,0.31124070083932653,0.3222296904460019,0.17915869154372055,0.21049800569952348,0.15647812904205513,0.22714099242098362,0.2214802916707048,0.16758171783233033,0.30717578181079835,0.14713380101994888,0.18595365804738115,0.22772045552764036,0.2845185621198921,0.25907240977226853,0.21830734303584548,0.20325935655913926,0.23522015755583753,0.19285660538917834,0.2527815915190029,0.2339916677872605,0.17850608677854096,0.18289158411295317,0.2254988375586954,0.2600155899102199,0.24457547102114266,0.27188521624029865,0.3152135057178956,0.26047647730822754,0.1997928042785432,0.20545287177012156,0.13950132593341785
0.22846117246654069,0.3139736800821633,0.22658840560456095,0.3175143034402758,0.22069042133945085,0.34558034047405056,0.3506558606345701,0.19124947073251705,0.1721974784002098,0.41198252687848624,0.5438425181181497,0.9999999999999997,0.4727504906592666,0.22075519781582836,0.4422164336957527,0.23956706814781956,0.2488010582391903,0.16592418344763554,0.13376327227280718,0.16258436414814464,0.37370684239186175,0.10746353145153215,0.29060111902744873,0.38360077617949473,0.24743620378019776,0.5897625322104977,0.204154819644745,0.2676427442844636,0.3723321623905822,0.38089785552472627,0.23845933885035475,0.19831723838190116,0.17773330623614222,0.1665509569713507,0.13958437230556167,0.2949007147769388,0.13089311537579887,0.16973139156086156,0.12696333477810007,0.13175090742894152,0.23473115637486042,0.21055205427983864,0.16127830109701055,0.16767616182535355,0.17865953019101927,0.1574172132214738,0.14784451333918378,0.21471149528323508,0.2679960012971572,0.15756466310500053,0.25947794190682705,0.13619627157873176,0.1637204286735663,0.2579357219743208,0.22171812438048608,0.2918612601450688,0.14933650362685802,0.18297616598323888,0.12310021306158901,0.15781302102757164,0.2703652612197557,0.3422708566060091,0.3978524348270834,0.28807581298534174,0.25661076348243905,0.3252902232877312,0.09955011619768243,0.34632605180499504,0.20201924489034326,0.25629495729351087,0.4091431377261211,0.1904067174305808,0.1953726344571518,0.0788031229073968,0.28497468094931677,0.20651658973005907,0.2700220471412915,0.45607354929700183,0.21142738725579047,0.23203349315971458,0.2342429063824062,0.2584690579651274,0.20256797673855498,0.13894984711714278,0.21610721818850248,0.2139608294969176,0.1275066353724905,0.1679277481145642,0.2867913328857333,0.1301857214130433,0.10607877040555926,0.2018162761895818,0.13520239291071676,0.22454834472789142,0.1753815606705565,0.16484560109451862,0.1821323521116939,0.21886465003072472,0.2939995500599474,0.1455054957924606
0.2427855928957391,0.2152252553190871,0.21503965037770187,0.24630290762448886,0.27207012456435953,0.37252515169033773,0.3277013626913671,0.13436148746557217,0.14546901372228482,0.25047167284584654,0.23895802612249448,0.4727504906592666,1.0,0.2885016847975843,0.5135098141148057,0.23442213363267472,0.21777164866361848,0.19230099495293193,0.22855510802359028,0.14099871574642672,0.29974687998110894,0.1295049207524272,0.2351671833159077,0.25879213508812815,0.16958059650315122,0.34047789921083166,0.15438435181267346,0.268915126203841,0.30748740899381494,0.36638733597399864,0.18091652500503166,0.1921053587911718,0.2015405394944151,0.2323590379611115,0.17692671192818468,0.27264232711942704,0.11957157757349199,0.1521085613014452,0.12890329876162152,0.1867810395048924,0.25588274438047903,0.15477549871353613,0.2278251770109195,0.1247548959746129,0.1855770595203971,0.1057757286845104,0.11424409334739144,0.1694343525559564,0.2879708869738549,0.14170978434023698,0.269884498159537,0.16373824577576385,0.17103289592183699,0.12766657765622882,0.2838930374642873,0.30436285610046404,0.14934893503098584,0.12514618220191362,0.1294940934716551,0.20406769155325288,0.41652329838110597,0.5589611354399961,0.47318434408231297,0.4258718917490031,0.3465004174355109,0.3823987141715005,0.12243324237953404,0.2533790208463399,0.2342868111675109,0.21192476357656545,0.32588528455955795,0.18012370271137945,0.21406447895274539,0.11522381818778751,0.31613225301613185,0.19994567265066454,0.2641442947544767,0.45429506943847814,0.1616123962552885,0.16132418333443682,0.10039547808400555,0.28901944418210557,0.13602912488494012,0.17422159436532883,0.19373681420305808,0.17762412132871133,0.10985888717173592,0.14274625804560254,0.2661162824432735,0.16215960812556346,0.11410305152949701,0.1568759054939671,0.10145314021201796,0.13892034707739195,0.16892118634512698,0.14066315725296902,0.11609860664030303,0.22989592927999347,0.2221047832570926,0.13253230896809748
0.3259261313698792,0.25975438562331715,0.1698840922520028,0.32160841395827466,0.12010892865875981,0.14575474926614973,0.11613508597717562,0.129162043981799,0.13509871698649814,0.19424020958602814,0.18387360782572407,0.22075519781582836,0.2885016847975843,1.0,0.4912634224673455,0.2979367168064439,0.23769445779852508,0.239591808951908,0.2170833800139311,0.24953610265562978,0.36038685913382557,0.1740770177612241,0.43128790334301215,0.1329272131903797,0.16543020568192937,0.1594002224993534,0.14207557251320446,0.1922034139109681,0.2729987016312669,0.4225395723017655,0.23602171759797902,0.20051529828390394,0.11488963963398463,0.1564223898860532,0.18347789533926295,0.1685295829605923,0.2973951950937985,0.20063305080334476,0.27804644505456527,0.25597727349645893,0.17947006566239843,0.2799170271811821,0.19672678219252518,0.15882336507547912,0.16887192127913342,0.12209621427577586,0.15635087985432194,0.1766424387010553,0.2725756861490032,0.11609653079330289,0.3357768923244479,0.26796161620843323,0.16527017311503844,0.17717321791886106,0.11066335128138484,0.380117045136776,0.17333608109709478,0.1440754148077243,0.21896070997596356,0.22407682105956345,0.22890937067211145,0.35183283303630825,0.564402108736835,0.5242388897470671,0.41873661764193626,0.5067891120422422,0.17353229487440888,0.3171499157871145,0.26932325069920326,0.16846478854065816,0.3134878531630252,0.20229036339578588,0.2949943432451001,0.39984073152958194,0.15559580389672428,0.16697503108143372,0.1897386957052305,0.2462056087904606,0.12385682651350381,0.20676145701734824,0.15313093880692924,0.20090880102601674,0.16957922882876114,0.1615137818209631,0.23427496067628253,0.2452361713708402,0.18596710977714304,0.2398429982174151,0.1889953651252103,0.14878370899034307,0.19496622123826157,0.1758575757939075,0.3152015712114211,0.2478492554709191,0.19906203874274828,0.17353291895883052,0.14439727199128263,0.2546442467617604,0.17144406641145463,0.12211675793685617
0.26488586844233714,0.2931422677174694,0.21565406950474716,0.3429292981932505,0.1820918104961552,0.2749986826313965,0.1819347042056892,0.13949054848664116,0.13384456568879835,0.30785505475318437,0.3332912786549902,0.4422164336957527,0.5135098141148057,0.4912634224673455,0.9999999999999997,0.2399758346902712,0.13712226451713339,0.11733546892970477,0.11051607016363445,0.12767003630082593,0.44744388214657166,0.09966409875775467,0.3274639012833861,0.23083303646704664,0.1640519546779886,0.25913613815331266,0.12576309645554354,0.20572122969821677,0.3419056077158218,0.31444769429734765,0.2324687988374235,0.23209226715662779,0.15316721984088974,0.19562555157067385,0.12203464408448013,0.24390676901437827,0.1863539717025978,0.17165919735090476,0.15828799591380524,0.19727136568394602,0.2634281718999396,0.17846088654793843,0.19998833312577757,0.12915458437312916,0.12588114940271128,0.09552432982411503,0.1253636616949747,0.19684040280381573,0.21193448237885698,0.12114579815963505,0.21630740615068067,0.2012448069773053,0.1929398883135296,0.2822980657582745,0.15980071422770406,0.2640788374129725,0.1704874769043025,0.1742810986114044,0.157194740724737,0.24447488484727095,0.23889687653025302,0.380742118517584,0.4948522198112367,0.41231031642038035,0.40696990066633865,0.736124909568571,0.15648183771716367,0.22356452009824007,0.19036877753287665,0.18947816053763555,0.40363687624762357,0.1740187451601939,0.18451072265584334,0.16846330728389314,0.21279051677069039,0.1639291787649557,0.22795460005109483,0.4290844131174713,0.10118243300652498,0.19344387675464486,0.14037979878727885,0.2809999170445358,0.13867672678824142,0.12668879108341,0.2241521651131572,0.16454562085941807,0.11749110595714087,0.1762071613740785,0.23424508391828752,0.17349553660307104,0.11221271658745527,0.17695146373893678,0.11922648017011026,0.12606820038734873,0.12725714387349035,0.1553177248925314,0.14686747539828063,0.16898650825969402,0.20651487239443062,0.12806219415257117
0.3883235778278282,0.3528368031640056,0.2620216436724262,0.3874152563629732,0.20009984679397552,0.2272673223731584,0.2951399287306346,0.3139763920496962,0.21945039907268313,0.18609965147500865,0.18253516557433516,0.23956706814781956,0.23442213363267472,0.2979367168064439,0.2399758346902712,1.0,0.4269565514552397,0.461105313125781,0.44152617458204213,0.460805504328907,0.3219347854953405,0.3404110426533224,0.28335373444361256,0.28697263348355195,0.14022817790659545,0.25283231819891294,0.10648939686657809,0.19620685885030198,0.16670141630419624,0.171772006855366,0.2907102324988269,0.17807233156179628,0.14066691864870795,0.24081411675755998,0.30320396865474425,0.19207541870842915,0.12232681630448454,0.1608279154158016,0.14157467155147757,0.18366100919262954,0.1526428369371833,0.14582265199451244,0.24345528857210222,0.17325677018975777,0.17392573310808046,0.11852106095298501,0.17888251780223743,0.23090715553310878,0.3062774277064695,0.12361863192025256,0.47485392049891184,0.4312612389726077,0.6018796559778997,0.24885335132515865,0.19525154296165428,0.3141855990020193,0.3208830593075912,0.2875835194627612,0.20560425164928955,0.22544316849549928,0.23135035158530812,0.28564928058102557,0.268370549418643,0.2600794516100672,0.2931732093340162,0.20962542176511487,0.1631145049110129,0.5010231819230422,0.529874515397874,0.3471254596918256,0.22418217683673333,0.43502332897341484,0.2640658868986309,0.272808694505814,0.17408591764536596,0.27841967286957225,0.1732463315416421,0.17095311542909739,0.2131630301932095,0.2126126127791136,0.3304740774924832,0.12663201305961402,0.20540152223010075,0.22259228159573094,0.17036135679709885,0.28843365970909696,0.13963596416962903,0.1398607377322545,0.2884557647382376,0.24277239620191357,0.2381653472528902,0.17544063083793915,0.3473479004272275,0.2054206042231288,0.19339081059703342,0.14173103026496417,0.15612285415509627,0.13826173219598414,0.23950710404664785,0.15861044688124043
0.2719939325782131,0.19367378082493145,0.20041672250552645,0.18817031756794478,0.15506088441198324,0.2151413900790438,0.3228720997554237,0.1741064750929445,0.190293656046816,0.162383566646724,0.19850421780522182,0.2488010582391903,0.21777164866361848,0.23769445779852508,0.13712226451713339,0.4269565514552397,0.9999999999999999,0.3588203336485533,0.46810559980198396,0.3661634632254343,0.2406982036706445,0.4260987815957266,0.23682622640102935,0.47530168952386176,0.267980665331333,0.2992524581100378,0.22855935817283576,0.22792301249989294,0.2124817348828701,0.3035700213342075,0.18037733560885794,0.3015114333451403,0.08413522373615087,0.28551888919289675,0.3556245937262015,0.21128297580114933,0.18534370782039924,0.12359273832465047,0.18478485597377137,0.1956152030692404,0.1696944864394357,0.31604715842594766,0.28646624140466265,0.29336248084783056,0.2790559521270712,0.17611111806384286,0.19426271062463235,0.18257402987169324,0.22334839702311554,0.16690896499396315,0.2173046736650842,0.1649547973664588,0.1927650890661338,0.11852127923857754,0.16560086571193683,0.2542150519105281,0.16650743859441808,0.1652295557550305,0.22468461586886998,0.21866860202676683,0.18399293388547047,0.2136388314746808,0.25493154201950147,0.20642184451292322,0.2501509500871429,0.1583374333923575,0.1155635594110208,0.4215784384965547,0.3980976656456726,0.2269519708401166,0.23414713371699428,0.43330599581254836,0.307161152680741,0.30501840444876227,0.17782173909770804,0.22390682876551565,0.1603889242538117,0.23788376722856605,0.2252178291062095,0.17298270798857407,0.5229721381717641,0.13832383155602804,0.20752384253812786,0.3783768827311704,0.23200336814461267,0.23381304214149312,0.20066851924077717,0.16881017025007508,0.2046876942123006,0.1948091625161939,0.24052614737441338,0.2660333517269934,0.3054089213012575,0.25549859049314533,0.1570595973931335,0.22157251856328813,0.15176820782080502,0.15435549675521762,0.15401907210679652,0.21996718763385384
0.19287422844533453,0.2518571063310519,0.19732657518166558,0.28391963099656625,0.20687919613378378,0.16702043798693184,0.287039077704163,0.4441940075578648,0.19204876832439813,0.22019071810254814,0.19842077395180413,0.16592418344763554,0.19230099495293193,0.239591808951908,0.11733546892970477,0.461105313125781,0.3588203336485533,0.9999999999999999,0.641994467404891,0.5390940341117393,0.20277703166323238,0.4432776125419142,0.3928076917821107,0.17658520730057173,0.24055145908708048,0.14819158848644298,0.13306676561672132,0.16265234046245866,0.22981338989628614,0.14015863092556424,0.25229667752984386,0.176239698153447,0.21547550949663297,0.4789728541984863,0.36634797371760525,0.24996608512810184,0.150614861252713,0.1537457994194936,0.26603883643406134,0.1542746701682865,0.19087446556690174,0.2715844584580322,0.1733564635568634,0.16441057473117834,0.1594619881699727,0.147818691911636,0.23611372055347185,0.22941220346408847,0.19064917047027571,0.13823188687292123,0.29716985139651136,0.3260563603861824,0.31037809716993153,0.19952253692967084,0.1849843573987857,0.22921061205629542,0.3859736352072958,0.35262745933022516,0.15487747407037025,0.22409314181997303,0.24525086574655017,0.1701424286649441,0.13842170334036774,0.20068870535644723,0.1895054039561901,0.16378971386977192,0.1231362975238183,0.32607301379623577,0.6248686613183425,0.588425712568367,0.20037159215227335,0.47905707429987,0.3532925547879684,0.28418204866442914,0.2526597225475999,0.3541374570490997,0.30759285386555474,0.20294034407329842,0.18265668862318438,0.21422882276484337,0.22438095551896986,0.1269552157299283,0.18372593574263196,0.3387272316261479,0.13424686763260915,0.5028991533941248,0.22658982346242315,0.15494275949801073,0.29291238748290177,0.23499753287442846,0.2394066151394317,0.26099860483808146,0.27264480973040994,0.29764573400284305,0.18661310245257084,0.23106771950786903,0.2325538608610837,0.22591500598873882,0.20647863699763744,0.13445456098205844
0.21304886429783715,0.23392028088483197,0.18433756262820952,0.2340971861705423,0.2626835878862186,0.1836855875826048,0.25888412722083254,0.257721870162552,0.17791489795814075,0.20371033608372965,0.19333792506923317,0.13376327227280718,0.22855510802359028,0.2170833800139311,0.11051607016363445,0.44152617458204213,0.46810559980198396,0.641994467404891,1.0,0.41678738001954363,0.19598738981388897,0.4339315991902083,0.31669120716781957,0.19200147230153874,0.2778355601161997,0.15442990723234437,0.11953341190272311,0.20100819941177378,0.1879723194885708,0.10624914094375544,0.23631833878666977,0.16877438995947155,0.19635142066353578,0.4274454272427255,0.40067198473433585,0.2645148387261163,0.21064480235940278,0.12406424580956697,0.215933473901929,0.13512341241390005,0.20306130545537054,0.3725156487615557,0.24937472031316127,0.1986130079883086,0.20022224231625632,0.1660162795163586,0.26135074871653124,0.21130527877077082,0.2049856361465935,0.16163751467672147,0.3002826143147953,0.2663870406017437,0.3035818672459996,0.15757656249162286,0.21742027422949634,0.19124943829371308,0.23118348603091163,0.26048365498806264,0.14643308654187281,0.24257742553576978,0.23631539460910578,0.2041586915839969,0.11482719796734907,0.19931429150406876,0.1636713561011744,0.15648399049096318,0.08625169554341086,0.341483007575048,0.5167088787216021,0.4142585519336792,0.19355754437135061,0.3997868381015666,0.3007476170994376,0.3091122639849836,0.30909523260367616,0.33832241630734716,0.2702981569019736,0.16141729989817627,0.21459143401284236,0.19785047000503173,0.2380182953533704,0.13246629219601241,0.21964431176128182,0.30743619849881304,0.07605261337628955,0.400849511116462,0.27342443276753653,0.22919908966945232,0.26038923864085495,0.21353631706808543,0.33969067809020936,0.2111377618897209,0.31483720428966505,0.32597904495936775,0.17395971737047616,0.20343349296776497,0.21341437039899072,0.24912639902306133,0.20201919950927757,0.17753432506470562
0.3310271913716216,0.22577357571164697,0.15943243771568746,0.262892682922126,0.20392135745598927,0.1844675959632794,0.24446096803907102,0.24729800033768506,0.20281622314970008,0.1088059436047319,0.13208984944480837,0.16258436414814464,0.14099871574642672,0.24953610265562978,0.12767003630082593,0.460805504328907,0.3661634632254343,0.5390940341117393,0.41678738001954363,1.0,0.28499761641306687,0.24050797409608834,0.29363570899432423,0.2561050242179179,0.25433879964470807,0.16520403456884675,0.18472256169243206,0.17629906730006673,0.24054002917456885,0.1463647258254907,0.1745420713241998,0.16402954240648643,0.1572021163757642,0.2785260195328567,0.21249584422439952,0.2913094297954736,0.11538663302080736,0.1349369984034178,0.17826896850267165,0.1283153017318539,0.13953787011545452,0.22403372335983437,0.13743613932641302,0.1668084676312426,0.1366249619449622,0.16322459501089465,0.1631717853370282,0.21280233221954223,0.3099797769247483,0.1442736496604252,0.3297331716071866,0.32411652279706327,0.2952145136389774,0.21062434320667606,0.17733042798925588,0.3065366358587742,0.21898284779174934,0.26661945619525207,0.2106597404717045,0.220290299092051,0.22806156724345494,0.19263584326845082,0.16503211731947595,0.21128192564935994,0.29222255638387434,0.1606761414349515,0.2317747540243515,0.3860337282453971,0.41806705280146494,0.35522373419532244,0.3203894529479095,0.36031684600000774,0.2541835783195584,0.32550073015641473,0.2400884570353856,0.3096189846833971,0.28997797480507914,0.21347928937250152,0.1181645540555374,0.14168973153475112,0.3784193052109836,0.14720587559325912,0.22647353920249688,0.21149633020274103,0.20392122464759432,0.3089318020592714,0.16600091545788312,0.11952470965316886,0.4817473046874422,0.24555048974165863,0.24525576456732473,0.1803861835199984,0.33238266893134694,0.1832602404534967,0.14504586775367584,0.1725110165801277,0.18303299469473724,0.17853894432935843,0.22828235950306247,0.13774532843355755
