0,1,2,3,4,5,6,7,8,9,10,11,12,13,14,15,16,17,18,19,20,21,22,23,24,25,26,27,28,29,30,31,32,33,34,35,36,37,38,39,40,41,42,43,44,45,46,47,48,49,50,51,52,53,54,55,56,57,58,59,60,61,62,63,64,65,66,67,68,69,70,71,72,73,74,75,76,77,78,79,80,81,82,83,84,85,86,87,88,89,90,91,92,93,94,95,96,97,98,99
1.0,0.2154726084399177,0.3057361849759651,0.18268027172015058,0.1404699565057614,0.13999328009627182,0.18735187729467354,0.3680811159611206,0.21521709125317048,0.24019606303590738,0.14061871635087111,0.17586635354795355,0.2865550986557632,0.12052121822020176,0.18137149494808802,0.20569995466494925,0.38667727706333743,0.25782169808227545,0.30028908832311285,0.25333883965129084,0.2228286332292298,0.28628401547742066,0.16395058601809753,0.2693451527103605,0.20745427248953802,0.2068418360181502,0.2896102242877986,0.1760282694189911,0.17383216742659766,0.28302200571305175,0.1208287127154059,0.2111988043396775,0.16090807118054926,0.2568778012565114,0.20677588306816594,0.24371930681003093,0.22055084243930917,0.3041785088987349,0.2841773703431904,0.21212844000048953,0.13508099697503367,0.16298081918207435,0.15487070959253782,0.17205090108441712,0.1603544752979097,0.360126073842875,0.22097814688068707,0.10325103603617213,0.1599474597698341,0.2007167824752667,0.3509035507857611,0.4466236852571701,0.18826946832258132,0.10437861922848368,0.3804830534677911,0.23358484626111878,0.21910547502219932,0.36905305127276605,0.32742771515609476,0.2534723077639903,0.22297973819513084,0.252052787820208,0.1520818865500588,0.15840941611201081,0.1352596268042797,0.20791147647807318,0.11757645120149378,0.19187009047855463,0.25073949129008377,0.25751103664051683,0.2018537698733343,0.3544502960099535,0.13174103941658732,0.14622011279665925,0.22483338455018057,0.1845873298486983,0.1610651054230514,0.14180028435420347,0.19820589105577568,0.24989596932853642,0.14917948124203614,0.1456981005871249,0.1686460565659396,0.28483298185157274,0.15843596495740064,0.19222875070662152,0.23881791789461757,0.12575412676914352,0.31637553996015016,0.18466658607852868,0.2144949416009672,0.16934935175828364,0.21498965701448325,0.19953741104901113,0.22435145644009832,0.18022134635930492,0.2899940749165787,0.22981632611338293,0.1136514377554631,0.16756930733314498
0.2154726084399177,1.0,0.25395643098493026,0.43434514846973193,0.6321760194943921,0.3355682528328396,0.4401233236665254,0.5650522373377536,0.4191312769524022,0.16959038860838516,0.2169294635626549,0.1460586915584777,0.23778526757996765,0.17253817101794316,0.16722104034728152,0.4197439858896804,0.22640623944203664,0.23914381566811313,0.20842498680471946,0.2006613970352583,0.19440906654286036,0.23109300697071478,0.23294548103956159,0.15594308635946386,0.23249616868613052,0.19989071140188816,0.2734905646884191,0.13489269928943398,0.1957174025698681,0.2679432167362028,0.16042473583279934,0.3739838265055048,0.17645548605797587,0.2671351133626343,0.28769819604556746,0.24524845661001285,0.25071108718733265,0.1603006420455348,0.3010726880891207,0.21761478684933466,0.25361001786551696,0.24737585343147878,0.2035854054173117,0.3060917560136314,0.302564882208136,0.23420050153148317,0.3395409267740293,0.3803625006246802,0.1809366329249149,0.36442270925595066,0.3108379176210109,0.5479002232335461,0.2900360434825339,0.5743422231905346,0.42051896244337894,0.2432164446792195,0.48470745673867666,0.5711668644333575,0.1549580666716787,0.16698491459304016,0.08225303048905482,0.21687038324754457,0.20349440725143203,0.16083452174903817,0.17520060878379562,0.2297549326053436,0.17426510592991426,0.22921967028451895,0.2929463182175103,0.23152618524268645,0.20700223345814683,0.2366058193694648,0.3439961984035824,0.19132372877361867,0.20985281553012383,0.23169894253633,0.32046749249915,0.21619990264008843,0.20754645410409012,0.310888948052882,0.16595724680219556,0.22305613206400712,0.21554726040016947,0.2076135479608164,0.12249006119197643,0.10949525917887205,0.26046291331569826,0.1909471394935515,0.2432252277472278,0.10229615371197935,0.12697832677675702,0.18371763206193836,0.21893297063729059,0.12548382494638416,0.1931177237441207,0.32000018644068445,0.157324943364557,0.25915317849408964,0.18720889707513566,0.3413608920090645
0.3057361849759651,0.25395643098493026,0.9999999999999998,0.15387450041550013,0.1481528612926796,0.43105864005627503,0.2667226607648408,0.37556827916541735,0.37268319315301784,0.20288313963455276,0.27987041008673175,0.1420042171012973,0.16793435327617703,0.3306567427258488,0.26984592333806995,0.19601389450597928,0.1472150421902945,0.12593753675104846,0.12872377274653668,0.16370113278684467,0.25726076405887605,0.07255518593490777,0.18336379473476666,0.13500374114544744,0.2735218560848327,0.11738162948285732,0.24443093096553584,0.08913583797054593,0.3902963133033616,0.14695619176778327,0.2332749664193593,0.22047713773006483,0.18715626684423595,0.1563503571571019,0.1059557934544152,0.2662660402667035,0.19680154655480264,0.2718046836681514,0.22736327024969047,0.2007315849175215,0.3410073249930947,0.26563445360976523,0.13687185278582406,0.19456871630580588,0.25713311842057274,0.28198758565719173,0.20016912667988743,0.1202607611690135,0.2165708674917849,0.2421541386267289,0.2247854500764623,0.5665855818021993,0.19835442983552992,0.12625074367935105,0.31324993368541076,0.39297987965013775,0.21983851394822537,0.408772283096918,0.16207405113491646,0.410325814437947,0.20731095868599844,0.13934105218893345,0.228658079614248,0.273306264700875,0.3191302191212427,0.2748987169638968,0.2549420257026966,0.2415783423371007,0.11805396088365251,0.1479079310383236,0.2320145915503758,0.14391262709731867,0.1928419694112365,0.1789554779449465,0.2167313024903924,0.19168265028293155,0.383366421062987,0.31912136472351443,0.21157196889792357,0.21726147241696428,0.1136483213024348,0.3124436960366202,0.2273746614719867,0.1063112957265438,0.13182211727453644,0.11991526112424254,0.19067907761892858,0.11504687699231485,0.23234341189421415,0.20857458153178615,0.16242171937030594,0.20597379070507787,0.23717798500663279,0.21951485875501572,0.30852519845539983,0.1562405876930003,0.141351959520583,0.13105346632419654,0.19416126776611198,0.2024824502642687
0.18268027172015058,0.43434514846973193,0.15387450041550013,1.0,0.484216783767458,0.0724748120157011,0.35681938409990704,0.4535145745428459,0.12808996880171575,0.19580669122261182,0.21223179155389005,0.13291380588963728,0.43855195813713443,0.46476769326989786,0.2710811953874705,0.3482709497094152,0.2536775326037113,0.3206374632159394,0.38845409684697085,0.13845578780176812,0.20951313810162886,0.2535156952557697,0.2985046116731905,0.11636495670591078,0.11141086742651764,0.21233475899128113,0.36225089479155526,0.2449915125141907,0.2133315547201207,0.35444877567605726,0.1673060678182653,0.18291325959152852,0.33207182279146674,0.26586179138547583,0.4255297271513853,0.12180197443188313,0.2630098626423669,0.10677388675493663,0.15021560384235064,0.09780659609338847,0.12099022331727134,0.13598772457699362,0.17419955183442964,0.1344477781789572,0.22593120612629886,0.16797161614951028,0.36343992094224076,0.2839582835783342,0.2796373905622135,0.26235931587883876,0.25652322037102515,0.21474598120975197,0.2528443664183866,0.7474353597170712,0.1623055959476581,0.2413996147661647,0.3377963354506314,0.23747634321988156,0.22601672890662972,0.15204831013103048,0.14019277863597457,0.4568023224921295,0.3248511520421752,0.39367760686410297,0.358589268763146,0.3439137707965102,0.2196704006260864,0.43393404425455195,0.3559230393384458,0.2973757014254403,0.28307348568376056,0.44612521561365603,0.47999493061480386,0.21484868843923144,0.13183788524448536,0.12153190053301209,0.11280663954965976,0.39398251664146133,0.283451234351288,0.31215728231292217,0.3262318239970876,0.19740396128288634,0.14005199982045088,0.350143559782608,0.23261883277556306,0.1827448081973591,0.27001905254997766,0.24746766175375667,0.19891459774770137,0.19945908139140217,0.25194202260314025,0.18429087367686897,0.26099589241936133,0.13087791197206808,0.2643861807420256,0.16804620937910075,0.17561004660019205,0.2549127177128523,0.23686523350341382,0.20624913205203954
0.1404699565057614,0.6321760194943921,0.1481528612926796,0.484216783767458,1.0,0.3328844530769637,0.3396542856436515,0.3388470724397423,0.4660692750090034,0.22636848936443993,0.2710498290633876,0.1069690758033459,0.3420874766482912,0.3674367933370031,0.24157761947535997,0.33280365909024767,0.29220128344394997,0.3359077399075047,0.3489425133144757,0.2922483054383682,0.23133356248892697,0.26680474623895933,0.4101660851850371,0.21170102873598431,0.3353924313073945,0.23778985645390283,0.29607508737206706,0.16597288795162182,0.23907147281341348,0.2728918770046222,0.1308294299866585,0.35330418444523776,0.22095321274051388,0.2664698125883607,0.30055349745039406,0.3310819314879681,0.42310482642958736,0.10980669608697105,0.2585026659757265,0.14302856945549577,0.34191973683600135,0.38461642891037134,0.2427724866869194,0.21728206577165046,0.34360938277804576,0.21047426792075952,0.3836856379300174,0.4442924126243556,0.1625739304938527,0.27482095352114516,0.264410588222894,0.2761595338853881,0.24490530659305573,0.7946222646756415,0.42520163045435566,0.22094243083302645,0.35078197057317456,0.4952226041446955,0.15379367070297237,0.18400595562426778,0.11252795937513434,0.32337306078454353,0.361243225749813,0.33609942751602273,0.3849001527699143,0.34954775241166697,0.20705015678731642,0.3759030328459607,0.2895297656573773,0.33754892780099177,0.24858823866378582,0.2910903748969383,0.5476856123035713,0.2088794182659041,0.20744354598470385,0.18257904138104522,0.23240127850722628,0.41962339853656316,0.1439028637150026,0.3661131559108275,0.20904432038492932,0.13219820153246373,0.19438052992347346,0.22611235772633315,0.18535595791711323,0.14255232034609563,0.39223409307777074,0.21750601773929243,0.23646632200386705,0.1879666259239725,0.12577036724286927,0.2330826298608948,0.18009960935652472,0.166843221501509,0.23166705851467492,0.2745344742208231,0.18033623792647724,0.26581360842959706,0.20891332193541615,0.322001555336908
0.13999328009627182,0.3355682528328396,0.43105864005627503,0.0724748120157011,0.3328844530769637,1.0,0.19084982478996732,0.1648764267309991,0.5981814007272993,0.16067373353069703,0.19586367105065824,0.280332124004407,0.1413729924243204,0.191103531612156,0.299357866110605,0.1853797526537119,0.13161185940384182,0.17542932154087126,0.15416072763157873,0.20760095685216243,0.23928307177197025,0.1314493408715423,0.2918675173801598,0.19064489510940935,0.35784457980886536,0.19423762725572657,0.279185251718846,0.20630141825778742,0.45746484748292093,0.1644051901404342,0.24037171710461147,0.2750032469812241,0.19087717844877566,0.16132765160204243,0.15780547416312093,0.45886880674949093,0.3577467026338004,0.11491294502146505,0.19649490598480582,0.2539860309919173,0.30521784080775216,0.30629969320425837,0.20224137890544974,0.2720216210971833,0.2433357273272184,0.26720553015030796,0.24983881771805164,0.26332650267407115,0.35117675548303384,0.24978229633079574,0.19532374750043838,0.3726916801008963,0.12712609350234158,0.1571497239043675,0.6809729567184147,0.6356591755566546,0.22278706024536732,0.4953116696988892,0.1852081386021732,0.2180858757876033,0.22120765990149846,0.14082702630199717,0.2142574225587647,0.21183076715408525,0.24269744321323827,0.27203054803339616,0.3624085776521249,0.19309998766962377,0.12272064114416564,0.14887538358542232,0.23459963291693114,0.14077045637413615,0.2501967498380875,0.23454753852583382,0.3401629004172496,0.28938367695815237,0.34349915845918333,0.3389379966309102,0.20031388436951117,0.19072549405868958,0.11575164028385064,0.28479931983028867,0.22923969932650948,0.10795373872460906,0.18508752605929593,0.165964386010723,0.3627457122621656,0.1759556812064954,0.3652437164451538,0.3036689331550953,0.16779374657760987,0.22627962848744498,0.1523773708689601,0.3231674427729827,0.18878616779694618,0.2974263987100967,0.20098698076424443,0.19208053303571276,0.2614741228893026,0.27546380473219917
0.18735187729467354,0.4401233236665254,0.2667226607648408,0.35681938409990704,0.3396542856436515,0.19084982478996732,0.9999999999999998,0.5859969609300716,0.2984458592386609,0.27279079579118404,0.288209030647915,0.2320966249032227,0.1851745185858524,0.20259629611000857,0.16037396314208185,0.5337667867826192,0.14867510538083653,0.206972174829465,0.14751755805392738,0.24977249520077516,0.18324118050195456,0.13250948836481422,0.15150662526350206,0.2674183891113254,0.20959416131383946,0.29359891018622364,0.17437887231993865,0.13003459402602244,0.19795696540164878,0.17605638037417426,0.21525750056675072,0.3099201878403438,0.24738072647233558,0.16744525423986578,0.17349060986688913,0.23281087279099674,0.2726001395810456,0.20723131311279291,0.307556295021305,0.28773520058608537,0.352094684803551,0.3277400037850146,0.22953673470295805,0.3111480084271621,0.30204881263278727,0.269473837163793,0.26232447952147914,0.2620513724495657,0.16730437622945318,0.2643667449052486,0.30511622979344766,0.28226823021785163,0.1454374160214357,0.324839289101261,0.20311657803002806,0.23400746318360152,0.3861543985750262,0.30187615889647135,0.07438259496603732,0.1415760997780561,0.1486435739195604,0.20924667541219988,0.2321378213519853,0.21760495632464186,0.21200104914704895,0.21659827304347884,0.17206427908798871,0.18214188291159497,0.23441665307005768,0.1716848279202747,0.19754419206860796,0.14562741667211992,0.244359529238397,0.16992059690469288,0.13463009764787662,0.3041026337637287,0.25188385105667505,0.14431596299040328,0.30172250849277565,0.4162404318044637,0.17731577749146887,0.22343811267735086,0.4150069582457066,0.18665681373809168,0.21094675441717065,0.20535834649767884,0.33400326232015803,0.25381787722227567,0.2452158769175227,0.10925214720950359,0.3827926710420999,0.32373609587669583,0.2129818008495952,0.23230011637461687,0.21788476950567837,0.2576925361703333,0.19561412535107636,0.19449461050966577,0.1862028684335133,0.21921152957017195
0.3680811159611206,0.5650522373377536,0.37556827916541735,0.4535145745428459,0.3388470724397423,0.1648764267309991,0.5859969609300716,1.0,0.29458821796782486,0.18823710962323925,0.16710614685910635,0.09511824880729126,0.17260853848329272,0.14387980782407708,0.13677218814378303,0.3669358804159286,0.16676233812968227,0.2092367281472143,0.19079964596672971,0.1699060243238666,0.13616176144594655,0.15233983210571697,0.1981666843591785,0.1047025490194076,0.19210301000078747,0.1552787190505783,0.24663709093181962,0.18797724597057858,0.12489169325087215,0.33683692326960835,0.2049274162793985,0.26489445007939116,0.2839148505252262,0.22211300280555515,0.22238772700618162,0.17487356565775983,0.17417718244539235,0.2633660660261055,0.27022405499671964,0.1834338018378041,0.1643822572220496,0.20928369265034016,0.13060269993684312,0.19270479138518914,0.1890786986033931,0.22249145749703697,0.266747819384678,0.29502573728990733,0.23125549170866477,0.2732526506846772,0.2517222625986164,0.47797133116080104,0.21347373208071063,0.38390471388248315,0.3022747044927667,0.16767252272791755,0.5566599070502893,0.5089949386586714,0.19595037424682615,0.13472331908985813,0.1020639599686328,0.21151739032879574,0.10731533755749906,0.13171854875969555,0.12161069485657383,0.16536161720137993,0.15955270834867855,0.15844633683127812,0.28352024989236946,0.2143060670232722,0.15730908943299035,0.20647511859872095,0.23845766562782073,0.19789156448604894,0.08726454779210466,0.2088809912286659,0.24671547520104253,0.12065977217419552,0.24108204277705353,0.2944367050694236,0.3258049109520085,0.23529576268016855,0.16887975928847612,0.2411569295474516,0.27254320068739635,0.11330488224056692,0.2059727540498696,0.2098514465299883,0.2585979534898002,0.1432958343690028,0.2564987866019953,0.2817299382145406,0.3066619074824519,0.192656812213306,0.29477017636973035,0.18924437104943764,0.21260864064415952,0.1979312722643248,0.2872860843048237,0.19040187200653155
0.21521709125317048,0.4191312769524022,0.37268319315301784,0.12808996880171575,0.4660692750090034,0.5981814007272993,0.2984458592386609,0.29458821796782486,0.9999999999999998,0.27635953564137883,0.30275091348327854,0.223797940230426,0.1520944283677275,0.15207408371541067,0.1085004010341319,0.11896170525546311,0.1785673380710903,0.19743246030306166,0.17270889628700903,0.21029823833156316,0.1509197817318112,0.1983841018295475,0.20365965658352378,0.17001311809563868,0.4020592914164473,0.19456832020878767,0.2498824807672454,0.18973324852744375,0.2756082084122371,0.17479260289527573,0.15119077229527156,0.29787006351922174,0.1819551345694051,0.23658839128415313,0.21183079420155335,0.53743043058586,0.4082092400935316,0.16401518562202486,0.3140076331312096,0.33183748074241737,0.3264809744318196,0.3987034703034938,0.20421838398500516,0.2726926666560408,0.22392224109734674,0.21578949911919415,0.24807751788043575,0.3311181363308032,0.2509910698893268,0.2507849054269362,0.18285884409807376,0.3730138947808674,0.13671571553868017,0.27394990480044173,0.5795609153799097,0.3302921736828312,0.20204387040561717,0.688280630861023,0.16174632099384603,0.16264894187621257,0.1276060081745911,0.12832682798876813,0.19999690947322782,0.21107089569388213,0.2626268310652628,0.14629852925443373,0.361407111687569,0.18977952401929013,0.2501424962131891,0.1651096275438519,0.1574187771647201,0.15742854939796475,0.2966361073546182,0.34295665589991975,0.19167171368162372,0.22447084901330852,0.29008834064916167,0.20303506696053472,0.1501393810472306,0.21044367210357418,0.11950704767902279,0.23396557629688872,0.25153573717521244,0.16327757314400002,0.2064562942113489,0.13096440029671244,0.39696329333633257,0.1938683619794401,0.3245231429109474,0.20895045132531143,0.15037293430858434,0.275547686793147,0.19715145287943622,0.3176135766385543,0.20983718992077915,0.19522537858294206,0.16074465948797542,0.2202378541482478,0.2737193213191153,0.22950753068788052
0.24019606303590738,0.16959038860838516,0.20288313963455276,0.19580669122261182,0.22636848936443993,0.16067373353069703,0.27279079579118404,0.18823710962323925,0.27635953564137883,1.0,0.6020209206931264,0.4792226910911135,0.09478862148075273,0.11705184846767899,0.15964731194285023,0.15309197782190423,0.21256869098706518,0.22958702560286856,0.18569437490489377,0.23214071717994741,0.17408588340760464,0.28955676991738066,0.12208518141056973,0.47235604392616043,0.23397814096451494,0.3901708146393392,0.12701786307274718,0.40367262068511983,0.21993079564705617,0.32448388714292725,0.2079234684437268,0.09905398920919851,0.284089024565566,0.2363903335201257,0.28147503920972156,0.17754810676417498,0.17679079376988593,0.15594831841929746,0.2993600792296087,0.4284518313084942,0.3434181641935025,0.3541129771156324,0.3546839223714936,0.2283809765883887,0.3208047115100358,0.18246399587985718,0.09417512105263191,0.128819552183735,0.24950675041369597,0.16157782540711643,0.17566140252278273,0.16407569865341431,0.21712554962290254,0.24241270324747907,0.12773985807154928,0.07956601230569589,0.1290090577677774,0.1390242605532785,0.4821850340684423,0.3671155263356593,0.34013152803433333,0.11090702484220577,0.13954209603859985,0.12502955995889792,0.17833540173308973,0.08327256534806762,0.17786852717941148,0.20016480168953676,0.2305194669119861,0.17579768700527348,0.17835854792945727,0.23065488220261143,0.15161376240671698,0.3230954300179374,0.2383927462166341,0.30648919942783104,0.23945212006254524,0.07737339203641116,0.22547028341223793,0.11675202101328597,0.2523969934192715,0.18016523401814846,0.44960959875157575,0.3131942147658775,0.2204528461179308,0.44599946681045655,0.1506234670448036,0.1833363719964618,0.13406455657228047,0.20854664537917283,0.2522034700004142,0.2493858638666103,0.12298852406489659,0.30526482052718446,0.2124770055035368,0.20870340654820496,0.32631876788255876,0.23781122693902546,0.2976566098779643,0.1679174230536466
0.14061871635087111,0.2169294635626549,0.27987041008673175,0.21223179155389005,0.2710498290633876,0.19586367105065824,0.288209030647915,0.16710614685910635,0.30275091348327854,0.6020209206931264,0.9999999999999998,0.4739991539801178,0.1955163575929728,0.24415967711849243,0.16150571678593573,0.15721959394303578,0.23501127649998357,0.2329723215624645,0.1866145461238009,0.14812255099841576,0.15913154501811966,0.2856415964314077,0.1210675966634568,0.36990698120094595,0.26610670564703,0.6278074728350688,0.11216959009944714,0.24860504940891343,0.17431496701761157,0.18246643178342428,0.18300154720265488,0.10359596234596301,0.09817324946722716,0.3024493385250445,0.27136881060928864,0.3092130951004952,0.3249341831692215,0.08801110286616477,0.22319452175301732,0.3048983055486366,0.3356288621645889,0.4189342404820428,0.39320695166283487,0.15558221249557358,0.3207698561646562,0.23207949430542144,0.13641680120853655,0.11501284875466362,0.19359666567826694,0.08668038680222863,0.19009846224288018,0.22656971731178105,0.17510802707633624,0.25767640861564134,0.20656551006596252,0.2025248073866486,0.11816248364232752,0.23546568295663908,0.31974246601927414,0.4611475561953396,0.21747806000573094,0.24109050108648095,0.33992112529893326,0.3486586023824365,0.4260925290511207,0.1780664428181283,0.15479190775667453,0.3257962839141236,0.28084386223131247,0.20541868160704058,0.21260165967131173,0.19651559273359387,0.21125177847919047,0.26615436242049895,0.1312877635871827,0.27677919042869487,0.25314709968720783,0.12666409560089018,0.2505622044243279,0.1390286230635681,0.15040523616817925,0.13584482647142135,0.4348597586182036,0.2603641484017577,0.22673158559318407,0.3265506672243355,0.3192113822569712,0.157012628003943,0.2458389303163564,0.17446047886629093,0.13586151682628733,0.17906416888066085,0.08852717714053941,0.26124788544962924,0.1930704292691423,0.15608185622233484,0.2046957757257422,0.2512390818291734,0.24610121405535906,0.11176095054462658
0.17586635354795355,0.1460586915584777,0.1420042171012973,0.13291380588963728,0.1069690758033459,0.280332124004407,0.2320966249032227,0.09511824880729126,0.223797940230426,0.4792226910911135,0.4739991539801178,1.0,0.19043924758457142,0.16265467515723275,0.37309639372787573,0.13728142754765635,0.27702707660142667,0.2031694275278809,0.21495793760196558,0.20596091450326592,0.29139764720980244,0.3751068483044629,0.22391330751361582,0.6446557571566617,0.25897956827783797,0.5941793903621071,0.30225813553531633,0.4811382952393088,0.3210596492180236,0.32618567596946446,0.18988779367642628,0.1806814884331475,0.1980848653620873,0.24160086438918046,0.3758582203488919,0.21210722906140106,0.19736584051851983,0.13997413938139613,0.34709146980520633,0.5177208453529027,0.1969078105980712,0.3306428166358157,0.4022273170459246,0.3154339869652563,0.2316652056238655,0.20106169812136043,0.1365295371473339,0.08469927115810517,0.2993171675733487,0.20466480632135242,0.12400945857120428,0.12135905390825528,0.23746469914567664,0.10897184478259903,0.1709472676490028,0.20723713781157943,0.11544707923215326,0.1348468643078815,0.45114628122853456,0.34058527254789184,0.43887595573495797,0.11615748504129669,0.12942546923870185,0.12026610796603442,0.12738996918159157,0.22950616010253577,0.24926236071476277,0.10398085132104902,0.218885694917241,0.10107590069663748,0.273213821323903,0.1622600421831665,0.12381077653159972,0.400773158438196,0.4101909305909606,0.536507113551949,0.20216144545241302,0.19934613134589202,0.2078626907164492,0.11432337328374564,0.2163622487112973,0.20066793029675628,0.3036708709304092,0.16829874385764326,0.21974753361859814,0.39440661569983965,0.18574782564938105,0.33010599678785973,0.2186394217352989,0.24702517949495797,0.2030951109013259,0.13782772267564644,0.13433164858417446,0.35101489762896065,0.20196609542334482,0.2538505124651358,0.22345994696488664,0.1737569029984279,0.2037423571848337,0.1919589843898179
0.2865550986557632,0.23778526757996765,0.16793435327617703,0.43855195813713443,0.3420874766482912,0.1413729924243204,0.1851745185858524,0.17260853848329272,0.1520944283677275,0.09478862148075273,0.1955163575929728,0.19043924758457142,0.9999999999999998,0.7426832244224845,0.43718888515326554,0.26988078825445844,0.584100023221722,0.44754113924092565,0.6298837556148995,0.1787045885388205,0.45433602012565694,0.38890952906143134,0.3831865314276016,0.20998581774692132,0.24413470645885912,0.2355507860292477,0.3914180314905123,0.2194850004884917,0.29000238591979643,0.35406892980347404,0.13947705447487485,0.2808356980907589,0.1612119687851685,0.32048015584427697,0.26835349046670387,0.26397834453346225,0.3904504287001317,0.23525925158719607,0.1419235928857727,0.1282612687767442,0.19217624091310082,0.20878972702806337,0.23747325151996154,0.29945474797723676,0.23571046123551534,0.3275405557179261,0.6057128056995795,0.2953868898596776,0.17134646320872216,0.25299798755405284,0.24775357092889674,0.13253533889650457,0.22781192910418188,0.4063065583795595,0.27728125549216115,0.26727528720948796,0.2435866987068192,0.1522018873354518,0.21759201307142548,0.25153247252762717,0.2924141619878402,0.8496947975182221,0.719078631788808,0.7339653673273734,0.5766569496404956,0.6054075208044057,0.20750101099547988,0.5874135857822196,0.2756911867618907,0.4999264318416467,0.44647922518504907,0.5788212391502072,0.4679343781815828,0.22417278522607947,0.22875085312241245,0.17797398142600027,0.11839165699780953,0.46103117201792604,0.2962154491816411,0.21107696345812446,0.3062298462159151,0.13884377532225228,0.2535537272582369,0.2550169948809457,0.20453670697119758,0.18381572747691455,0.4150065222779421,0.23007414698388753,0.2471600147497093,0.1885705611230974,0.13342226630762102,0.1835412181436683,0.17311415898676946,0.0827962263499548,0.13515543160860943,0.33948820629856025,0.16656751478572357,0.3416822929771396,0.20094987765788866,0.2461265359242234
0.12052121822020176,0.17253817101794316,0.3306567427258488,0.46476769326989786,0.3674367933370031,0.191103531612156,0.20259629611000857,0.14387980782407708,0.15207408371541067,0.11705184846767899,0.24415967711849243,0.16265467515723275,0.7426832244224845,1.0,0.5795291646690681,0.27053016886463593,0.39318313318431,0.35154454518309386,0.521617010608635,0.1924915558919494,0.4914664789959299,0.2656964971779886,0.530307857410413,0.18658946397379755,0.2764285190734793,0.2020746786882382,0.3815200166924732,0.20004988753139627,0.4300286506466996,0.2545369127734054,0.13084525946895828,0.288056675928194,0.16021205813015627,0.25887168937509636,0.2416301526593666,0.21187145872309282,0.3435769441189047,0.20790240355740738,0.11871348610810355,0.10323774429829446,0.2617285048248866,0.26505125391658146,0.2069173275986327,0.23847403413459928,0.2616299372350161,0.24024097324300697,0.4934431476879744,0.2978132292013586,0.1908751632464979,0.17745500216675994,0.21563025035767902,0.18515343474316223,0.20304859436806869,0.46054168796273287,0.196070455021592,0.32088058206371034,0.18579801256249848,0.14774358941819365,0.1309573791629629,0.2543681436207868,0.26661888934722927,0.6695063147315489,0.7121506309577617,0.823518551378787,0.6995638485640574,0.6988457569514754,0.2965993885767487,0.6058681484159543,0.24989406675356574,0.40268537523638526,0.45280509420792003,0.45788816934062765,0.6308873349176026,0.18879383660471832,0.21735394642526015,0.14408292234782685,0.14448155829123457,0.6314514005412932,0.196926100295076,0.21320991597804084,0.2754145107912223,0.1759942137359034,0.27236345437941556,0.23799469616087954,0.1989673865128301,0.1848421819222218,0.35040548249949816,0.22656170562258643,0.1645561876932761,0.20923946374632282,0.11736351642648524,0.20634110082367066,0.14083949194550324,0.13312125799757757,0.2140388780680088,0.2755166867354305,0.13926740102750643,0.32973504733092235,0.19937077127469593,0.19100249840160335
0.18137149494808802,0.16722104034728152,0.26984592333806995,0.2710811953874705,0.24157761947535997,0.299357866110605,0.16037396314208185,0.13677218814378303,0.1085004010341319,0.15964731194285023,0.16150571678593573,0.37309639372787573,0.43718888515326554,0.5795291646690681,0.9999999999999998,0.3832767701777504,0.29865098714012145,0.2539244852486737,0.3606854502194739,0.25386799313928,0.603628738858908,0.20134216868912844,0.6033177656840596,0.22612087078607987,0.27594675194618196,0.16912845800189974,0.3300625290280663,0.27844705978102585,0.6335547206725488,0.3508954986594036,0.13500512998462122,0.290151223585277,0.22293645022424777,0.15424010858512638,0.14280142732826484,0.2065784609744325,0.27279651471751887,0.16194500854033966,0.20000025406677485,0.23317032987257796,0.267889361656638,0.31429521225224266,0.11291823452941431,0.23311170901625036,0.1812061123679462,0.24538374163433957,0.2733835950274927,0.17725151237342915,0.2990424815803018,0.17124600173589768,0.22206098894453627,0.18935639696011508,0.22549644115936088,0.2705995386132419,0.27486148920482417,0.36632966339346795,0.17693752803018287,0.17628048920053357,0.233250849326083,0.18740814949219897,0.4578028991599558,0.42599918662609926,0.5088253593593233,0.5191930526792538,0.500546512846328,0.8757556128369975,0.2821210722896415,0.4325640600624479,0.16805224784359704,0.3683349892633407,0.5663515061654302,0.34934336235478025,0.5041827166612538,0.23364960234536283,0.3688063976143892,0.2787646385970226,0.20384732654785373,0.6546217412516283,0.08003537646175468,0.21747424912173552,0.31794618922744206,0.20551574173206533,0.1883132770495793,0.1960767341743991,0.2605404615219186,0.23904552687206948,0.2832944792687576,0.1593958105533726,0.22558712805404152,0.34266768222004906,0.12926820376261472,0.15452448396444834,0.1419452438014699,0.210360082872035,0.19179381875271292,0.32853424305246465,0.22029319153645133,0.18190778277886005,0.2595390771688114,0.21083406990113945
0.20569995466494925,0.4197439858896804,0.19601389450597928,0.3482709497094152,0.33280365909024767,0.1853797526537119,0.5337667867826192,0.3669358804159286,0.11896170525546311,0.15309197782190423,0.15721959394303578,0.13728142754765635,0.26988078825445844,0.27053016886463593,0.3832767701777504,0.9999999999999998,0.14262610660165354,0.1895725883389212,0.17222934966597994,0.2736615804347674,0.29878311470329266,0.09043237117626805,0.33804181248213616,0.19688188653164074,0.16127093999703343,0.21707938017681416,0.23115731765355907,0.07791100258134098,0.3257543664228785,0.22775192822916168,0.13683397067403694,0.3001020242634565,0.27080168686907763,0.13850601161039117,0.09206972758630061,0.16600881197870654,0.22125945421072735,0.2260504840821883,0.22758766496684954,0.20149344448180984,0.35731911003048167,0.32085752300024084,0.1479123984169462,0.19804921091226177,0.2776159130276793,0.34492429083792997,0.3403380080449769,0.25154144234295017,0.16778165608165896,0.24748488117899592,0.27275932582425944,0.27135499308423483,0.25386409697556517,0.28410239563439366,0.2543958267759315,0.33211128641743365,0.3177555590577319,0.2102798340202382,0.15818470753530037,0.1375142365726349,0.18760302602254553,0.29694452337764765,0.33995251769502094,0.250396207272405,0.28025072942865165,0.40587418957457644,0.11880180281452273,0.295773316278661,0.16950636978932054,0.27896327329688403,0.2756650730592127,0.18728543521532887,0.3052530799913604,0.17079050604469087,0.17399386127037697,0.26729376579902914,0.19512330981324472,0.32874675142654036,0.19718785455486432,0.32116323773628674,0.3873348437842092,0.23804125234959514,0.3855007060311572,0.15912763535507732,0.29142765397200376,0.14240398423517464,0.2547054703343178,0.1354110459651473,0.24792193872530566,0.27798341299875395,0.21517402387743598,0.22043938325305348,0.18552042083278325,0.1901823557205627,0.2530174908952687,0.2887227203204559,0.2525050532557762,0.14759993527268264,0.20473188817160376,0.24298915597162038
0.38667727706333743,0.22640623944203664,0.1472150421902945,0.2536775326037113,0.29220128344394997,0.13161185940384182,0.14867510538083653,0.16676233812968227,0.1785673380710903,0.21256869098706518,0.23501127649998357,0.27702707660142667,0.584100023221722,0.39318313318431,0.29865098714012145,0.14262610660165354,0.9999999999999998,0.6059169744617816,0.793066751965229,0.2757162089313026,0.47561755815709605,0.806774308974762,0.3767829510487038,0.3122503140718429,0.18212577052200396,0.20832776814750437,0.27116275094222453,0.3483495546822937,0.2991064508777782,0.37166325320200483,0.1562438371751579,0.34767812197640935,0.14940681849413973,0.5770117849066411,0.4566113548518711,0.24022285312429853,0.20726751681332872,0.2089430970368778,0.19689090469082893,0.16730975569951653,0.1970490750734894,0.1397147196420921,0.43544727326375876,0.3335636402060777,0.24728937252779615,0.21701106333042447,0.3072411199497427,0.20245481788009922,0.1149323963717111,0.11794085992898211,0.39669764704051,0.20793921534325843,0.2806073957703761,0.28163210446737813,0.302470669605156,0.1519578839983185,0.21762420532666538,0.2551854757271485,0.25441584408606305,0.31405920467339365,0.285174021086157,0.39553477876151805,0.375247330711279,0.4266260835769882,0.2776115667036327,0.3532100835637179,0.15077343943545166,0.43409076137244096,0.49179715535880253,0.49843194810876607,0.3226642509352798,0.5854277249375482,0.3480769896197934,0.17221283552352626,0.3363641447095128,0.19388511118763863,0.20106175305270552,0.3259515684811301,0.19306528049812355,0.32384569689801107,0.28486518088760554,0.11621575737077637,0.25731137424535877,0.4362231452941866,0.10705484958955697,0.24888265180272395,0.23907548786672483,0.253477342546807,0.2574818863186173,0.13472522085882235,0.18126974567999987,0.12466926272502982,0.12782204640617037,0.13057038518751507,0.17684789584742536,0.32390500920803844,0.230016994319095,0.33670362477693233,0.17774438215726274,0.1386508276345394
0.25782169808227545,0.23914381566811313,0.12593753675104846,0.3206374632159394,0.3359077399075047,0.17542932154087126,0.206972174829465,0.2092367281472143,0.19743246030306166,0.22958702560286856,0.2329723215624645,0.2031694275278809,0.44754113924092565,0.35154454518309386,0.2539244852486737,0.1895725883389212,0.6059169744617816,0.9999999999999998,0.7344870780648306,0.2683706275821227,0.35087711441523994,0.6453167904131878,0.3695726404707378,0.21719453327868668,0.22649834031219893,0.18778340505676372,0.27365820144088926,0.2814576069701366,0.18726333577042018,0.34437876937632383,0.24441502482377242,0.20257534364762167,0.15984579079657318,0.6262065801540282,0.4936711522728442,0.2194730297389847,0.23479654760906726,0.14331771354887882,0.16840693227921527,0.1399928356833401,0.11368401346184598,0.17038974879990487,0.3790412517397976,0.17871372994117224,0.19772020901883225,0.19414809006228173,0.30985181685439717,0.23722576000881046,0.22590357804396557,0.12334743525207077,0.3112704514676158,0.15582335264005148,0.2938445117925142,0.32919922011057784,0.26158543462489836,0.14546723915843432,0.36644213315468777,0.2196284680984676,0.24580156423548838,0.18712642338977825,0.2857693749937329,0.39373944168946656,0.35678934264829987,0.39894996534536314,0.30363745674742737,0.30360529104057327,0.23161048368428952,0.42757845683384726,0.5195177016493486,0.7298256547261256,0.31161121485980703,0.6046184836593791,0.42395515469750045,0.1997274387838139,0.2074391866072449,0.13263470499490757,0.19483410527527248,0.29254235507422055,0.33804789511773803,0.30859536435506596,0.23982612279031704,0.15780824344398095,0.23274553285341362,0.556549320152349,0.1452528738215705,0.3058541900426037,0.24964394694626668,0.21257388982710532,0.264845008819247,0.22201311069109506,0.2643474909024991,0.19274583289112263,0.1994102566221324,0.16768704244247817,0.21011375678564453,0.20902573177163059,0.2605257673290919,0.3454553061081508,0.22542017735774766,0.09924678806012438
0.30028908832311285,0.20842498680471946,0.12872377274653668,0.38845409684697085,0.3489425133144757,0.15416072763157873,0.14751755805392738,0.19079964596672971,0.17270889628700903,0.18569437490489377,0.1866145461238009,0.21495793760196558,0.6298837556148995,0.521617010608635,0.3606854502194739,0.17222934966597994,0.793066751965229,0.7344870780648306,1.0,0.31688321471843023,0.5164983990384724,0.6843130052098751,0.5212107969589995,0.2163868639920028,0.18895934251295612,0.17780782035242504,0.39850211932305013,0.36154092971978313,0.3605329705427336,0.4480437442140186,0.20643187431776425,0.27730077483106574,0.1918143277720338,0.5956960712329454,0.5301405333456769,0.21635441071501588,0.21658618714333067,0.17263264232015071,0.1541141229299765,0.1428433375850087,0.15204875342257237,0.1442204658420474,0.38511052988058003,0.29637459233361496,0.23270048714929917,0.19025341889984848,0.3810211163265208,0.2744566394516142,0.1971659045648578,0.15815029160394092,0.3283275682066318,0.13426669467535807,0.24569515521483667,0.37155221546060946,0.2791654106002169,0.16014611620705532,0.25786568643085345,0.22220493377895162,0.2923870812478699,0.20659278911607806,0.34029731523140355,0.5126751112468575,0.4626869928913643,0.532182115124718,0.37487809303320174,0.4175925222851918,0.25910419328686035,0.5851124586244668,0.5187986231779147,0.652902930846981,0.4057702359669657,0.7297012755325083,0.5404882264091215,0.22996110291745023,0.2990889215243129,0.13255785150433752,0.16203806512796282,0.4330924679865072,0.294002869320684,0.33119473148989365,0.29228354826509634,0.14731646293189796,0.18820963349736178,0.5544479782374806,0.15405245624153924,0.28528244386699564,0.27810204681627837,0.29243749959415877,0.283423691645891,0.2158167733784408,0.24940716198765045,0.2152550923363749,0.19599355623088274,0.16017163015478103,0.19510516917178655,0.30797129644203425,0.2238661554589602,0.3573890645094368,0.2746056992910875,0.14251255040814714
0.25333883965129084,0.2006613970352583,0.16370113278684467,0.13845578780176812,0.2922483054383682,0.20760095685216243,0.24977249520077516,0.1699060243238666,0.21029823833156316,0.23214071717994741,0.14812255099841576,0.20596091450326592,0.1787045885388205,0.1924915558919494,0.25386799313928,0.2736615804347674,0.2757162089313026,0.2683706275821227,0.31688321471843023,0.9999999999999998,0.5364552545399386,0.22946809490310713,0.33257752882399094,0.3034956999270373,0.13287454971195176,0.1394895274884011,0.3215819105461048,0.22028824046062584,0.5065358150699713,0.15935705409276393,0.1523390696351803,0.17309286530920817,0.1503592077154788,0.2992522909775084,0.23568657087686917,0.22173824572864292,0.20023224172228668,0.28767368189536824,0.27906750725341806,0.29244883137304933,0.269337289017315,0.15251546841959743,0.2604234925097077,0.3609714653917599,0.3096632818977583,0.17306838015810166,0.18723807553257008,0.18029032209949356,0.17875727443145864,0.22281060956862891,0.14403954696541732,0.10864092264422415,0.23920877548873637,0.22008416334309783,0.15560989337881334,0.17250854593861611,0.17467424536632942,0.1487655967463891,0.24548803697378338,0.18188848948201067,0.38606784781070025,0.21298738862174685,0.2613509309090185,0.23944564785161063,0.1930532636046299,0.2588973808880746,0.3000717670386896,0.309558275172668,0.4370918289545173,0.35834962897740585,0.5410559424667793,0.3198259367943694,0.3032748263595739,0.2900086471479182,0.513654892092807,0.2005491784486528,0.4423652214367506,0.25925335253362214,0.09352361157465343,0.20580784957181095,0.33090507034646655,0.15721963667667582,0.24922309997158593,0.2742177014257519,0.25872398684443754,0.1463409426877939,0.2320547296523421,0.2702817154269244,0.26595050644088336,0.31454521010321945,0.15660353077354613,0.2861699462438621,0.19387984691950433,0.1417918706980376,0.1950100079631648,0.32917673993886953,0.27620360384084225,0.16434642152436113,0.23045979968256822,0.2565228591768511
