0,1,2,3,4,5,6,7,8,9,10,11,12,13,14,15,16,17,18,19,20,21,22,23,24,25,26,27,28,29,30,31,32,33,34,35,36,37,38,39,40,41,42,43,44,45,46,47,48,49,50,51,52,53,54,55,56,57,58,59,60,61,62,63,64,65,66,67,68,69,70,71,72,73,74,75,76,77,78,79,80,81,82,83,84,85,86,87,88,89,90,91,92,93,94,95,96,97,98,99
0.9999999999999998,0.18726661394177596,0.2626696020475856,0.24088417097881687,0.2602130333579627,0.19285493219654165,0.2313482339565604,0.3386645045704886,0.2814006422088674,0.22494869608514742,0.13363690009783055,0.17653631082870297,0.2399246587619559,0.1666021618603435,0.10735641424102166,0.2506026838479473,0.26437845488791,0.27629180618193455,0.23482104619656205,0.12538743973746722,0.16336241752770453,0.23507349034193595,0.19877160647962083,0.264501321361389,0.12962740734228034,0.13430450743930228,0.18001719734876317,0.1643412301554137,0.16475061753761916,0.18326319243095662,0.2104126456718137,0.40321572384935994,0.2610608615296181,0.4015063222225982,0.2538274735788319,0.1342892265291561,0.35648017321578734,0.15358416161145821,0.22324411925665036,0.1272896031998155,0.3359491169790579,0.17647654597073417,0.16840545305780866,0.2103410106934359,0.20632659387304586,0.22187213709680254,0.3219202842036373,0.14297120586498407,0.17568889303057045,0.2973632960173858,0.2632538615390256,0.23151312987680037,0.17618547324051365,0.24119931128016503,0.24919069019034235,0.2900140260178134,0.278522102666072,0.32693410583835325,0.10544378952834928,0.3072292873234288,0.2263601135008543,0.14137598381762692,0.11181957602772839,0.21678591841981054,0.14967865506960326,0.1064008678464266,0.12580219623859373,0.3217467108517866,0.2306438106059327,0.15141674195432653,0.21650258173724424,0.21866292572474458,0.12871954453106726,0.13939947080181572,0.3088209009227079,0.20602065407396056,0.22617378775773916,0.17506353521225884,0.2189069796258069,0.3344561229841155,0.36914789017456956,0.25944092609435265,0.18675186375311814,0.3392983085241631,0.27856218822826095,0.1760072318112024,0.2812853655367532,0.22839156765952506,0.20720893358179385,0.3399008119074424,0.3497006353380131,0.20547124460851734,0.19991007703135624,0.23480111905182482,0.4283751474970316,0.21580051275298576,0.2341790730089438,0.14265436050058034,0.1925722350217526,0.2439419309337093
0.18726661394177596,0.9999999999999998,0.6165402616051456,0.7126364942133718,0.7380563048867188,0.6764069052932259,0.5430226225451109,0.756441708028544,0.701403388156832,0.4293176247394172,0.19821022671640082,0.36126334147131905,0.27023318352116393,0.5325889313394956,0.47015135346936593,0.6164808492400655,0.24999073361289018,0.6925829771472893,0.2197493635998067,0.5958917678700293,0.4384088638934601,0.21981622433061684,0.6609515548565963,0.3870843923967576,0.09659575318264906,0.12291336155901283,0.32891300345121194,0.4282679271482317,0.6342350461144979,0.5879434014948456,0.22615645362049694,0.1615614744835513,0.4083746500118781,0.49749534148164404,0.2810883184217954,0.5099646653117668,0.337624579395385,0.20513951495330116,0.6137324234103363,0.45502124750425527,0.47189622323477526,0.0915350735255382,0.35640473389503363,0.1935957703612647,0.29382775439295794,0.4434729369951331,0.3930198812437274,0.4027296155670747,0.4808412205350446,0.4645689458926196,0.46666221196890995,0.8393749010770382,0.724054187085626,0.8241096996502139,0.6839808349743548,0.6565309207014958,0.5893371460200758,0.5860828918645405,0.3333513823098991,0.29397440866187136,0.08550291309577356,0.41167772420957277,0.26738759693290587,0.4099401433101318,0.5308731395500441,0.45571523440500794,0.4751892614420037,0.22755486428834035,0.4117952989474943,0.529868206369115,0.3785464082063249,0.15465033472183698,0.39353532940050656,0.33018553375221876,0.21629181206009251,0.23568651321400225,0.2304594853478973,0.35793392906969124,0.32531910909843476,0.2326226434232362,0.21300468504246262,0.25687750916696667,0.25407460956842987,0.19826891931694132,0.19674970059344732,0.4273818366788993,0.23020241672891917,0.1978480954638311,0.47118465916492913,0.20323013281597152,0.24476354735252462,0.2746160756837114,0.437373032595332,0.17811443895706514,0.3030474988241247,0.19759975518886497,0.23970044703757656,0.28769450967297744,0.3665166664764505,0.2819132602070069
0.2626696020475856,0.6165402616051456,0.9999999999999998,0.3808316883494037,0.5980532547181834,0.7677177413677012,0.46360389381149325,0.48175061851648604,0.5744540694385929,0.45579240635684015,0.1453841893413151,0.25943897652864667,0.22590380792116196,0.386735621673731,0.5338243155094595,0.28588642876064424,0.17106406949196198,0.39353186552454733,0.22990283365061975,0.5390870557644507,0.40247797109002437,0.1256514393535151,0.5266359935005894,0.3434829628364668,0.16748879339065711,0.14647826567250247,0.25593425368980877,0.26946857593506107,0.47906838457896644,0.5597444017972704,0.21187839838797368,0.2699602354416461,0.24517370674014444,0.34260978053226737,0.1857742438256267,0.5593822114001231,0.24736619237545732,0.20011765217866279,0.4403756728741028,0.36042682907064877,0.330237942792986,0.10710483199998332,0.23782757352679443,0.20112144177941277,0.3378051630020268,0.34793369107477895,0.329686209183076,0.3654166809056507,0.44793553524906216,0.43866325261560424,0.5268840367711198,0.6305110716140307,0.584068256412874,0.5724528914040486,0.6704853301487652,0.6665033101664186,0.40733819802075666,0.44608408828421947,0.22556656333080646,0.2611460452066663,0.2042759170793293,0.3914248563647248,0.23857827635522913,0.2908450960866149,0.37302542275613504,0.4866270164522761,0.37205412954188355,0.22948543475523012,0.17883082968276576,0.334478968648526,0.3205798927164553,0.15202819191780684,0.3006341721654348,0.21780098144941673,0.34869250129048796,0.2113017512525013,0.20677796646603536,0.3943657993850807,0.29400575299334086,0.35586007290410687,0.24938842374924328,0.21054777115469736,0.3151472991490325,0.22428674240943083,0.2863620081044977,0.41803868515681947,0.19789516034364069,0.28102418342729335,0.3264714199534198,0.14462470269911273,0.1901257102202528,0.20273496533463858,0.5539464568953915,0.1551182485556129,0.19560177094293218,0.260768427144733,0.2653611850203301,0.37115032951747157,0.24305302327286096,0.2518687743589052
0.24088417097881687,0.7126364942133718,0.3808316883494037,1.0,0.6218593848785,0.4224478813768504,0.669915226633402,0.791179079572849,0.6271954567299248,0.3119028068234157,0.20888222498654602,0.22064143587911092,0.2698949198717919,0.39929664571848417,0.26231411146876293,0.45262772099915427,0.280529978286635,0.5958300708643034,0.3102510375181117,0.28960586355414775,0.18146190827157818,0.24410824758251634,0.40383298396412304,0.2641225529004481,0.10106188148822257,0.14559646531643222,0.24994984893600788,0.3128869300586923,0.45702942362350796,0.3029876203239915,0.16331132809383392,0.14976896432749084,0.3369603352325072,0.591261762914147,0.29471208749925304,0.2844372081967705,0.34346115791557186,0.18276659686248886,0.4114935042974454,0.4018242198697993,0.4565930623635205,0.09968564531884155,0.2536309383938937,0.15703325321549536,0.2851356655585058,0.25581062157275586,0.30140426870626214,0.2729308106293868,0.21737914114591464,0.4277014309166167,0.276598443585241,0.5914876138446703,0.3568636558468068,0.6285375569216806,0.5447959288664747,0.46683705971057443,0.6271872072729958,0.6256149704363484,0.21487890889129083,0.3084005216262587,0.11033673563889516,0.27247756876174056,0.2479393608805037,0.4011132463389575,0.3976556461939453,0.3304741413692282,0.35346196003211505,0.3331432890201016,0.39933337922789286,0.34502040738624035,0.31903409233036784,0.19051333578563734,0.3247109165273328,0.33350579509430417,0.10885640423321992,0.2690775078870753,0.25278284213203406,0.2654321462857737,0.19447892872391787,0.16035740498383577,0.17104758157138195,0.15572422782940382,0.1873509369121417,0.2688406827123248,0.1838400322622551,0.31150025538071596,0.23873003643085117,0.1647819320661572,0.39017622436724353,0.1748697752093219,0.35357267441836737,0.19084356460978266,0.24863188059560543,0.12915384740710087,0.30686970333835867,0.15174508850913834,0.22144384176954512,0.19173372927908364,0.2136802590333663,0.26817656857893934
0.2602130333579627,0.7380563048867188,0.5980532547181834,0.6218593848785,0.9999999999999998,0.7209559608986414,0.608561005206581,0.7561897730239531,0.7242306091459311,0.47305869876267764,0.15994051591231773,0.3199268993445814,0.29395737932769994,0.45286686242979596,0.40438177681364135,0.3892049039156074,0.2679651763473758,0.5819393576240235,0.18260444708393261,0.4852436778239282,0.35809573664617816,0.25349404688098953,0.5932401823430661,0.43479483707074273,0.1297844168671938,0.11334633588670202,0.3320881257455698,0.28698535236678224,0.49996194379174674,0.518847342142248,0.21810309165018366,0.17179350976544672,0.28932151129475714,0.4023703712997386,0.36163705569313875,0.44996310991267063,0.258297618287179,0.21290579241841467,0.4384444594234609,0.37924112163337836,0.4584556779869675,0.053903570131557124,0.2620065773248994,0.1844134781156135,0.3252395572651335,0.41611911238888244,0.5018525175916175,0.3610697969643629,0.44373206072505633,0.44948869082466547,0.43482588063835587,0.7353061830159656,0.608598425610134,0.7967202000113065,0.766016399417173,0.7446086844772752,0.6391986666611117,0.5452092271754725,0.2627803008159892,0.2512640421117511,0.049480457249907295,0.33140591663482355,0.29914508284021524,0.44900465526456124,0.5144896680305335,0.41139753901567067,0.3852334929102469,0.2809654254708818,0.36744133919399335,0.43205212948103616,0.30629760675677636,0.17914702046973943,0.38197456345425856,0.35435778046345445,0.16051690411483513,0.21014650163064497,0.1535524204580371,0.3425083929013828,0.37503232105131845,0.2556783581464444,0.252988287560732,0.22979714487030117,0.3618536679769976,0.20600199495521826,0.195853794718026,0.45544801369148363,0.12436685805915158,0.18434988708946837,0.4781479897078551,0.24969600535353134,0.22055895457037317,0.2341361405317046,0.4667370661220289,0.17921457195514326,0.41866007407113354,0.23913299924320125,0.24064654965952503,0.23997940288649022,0.3457058919535194,0.3023667384625342
0.19285493219654165,0.6764069052932259,0.7677177413677012,0.4224478813768504,0.7209559608986414,0.9999999999999998,0.4445634847535776,0.5397171432352226,0.6189484618421562,0.46558786878723485,0.1172546114044727,0.31313084618699694,0.26978733861826915,0.4322454485629189,0.4812439030304959,0.3614608667029662,0.21557576128983752,0.4389155817185784,0.15691090492362159,0.5755289120423144,0.4253524460182372,0.19789278124412077,0.5447475311524176,0.33081114826014507,0.118734074383349,0.14093096865144455,0.31336061688284716,0.2265605453645939,0.47450727751761146,0.5070523635986869,0.17756883786328115,0.2134491304703826,0.2715689077391317,0.24247352977317937,0.23310468918669056,0.594511375422178,0.26010070500056726,0.1552685035019862,0.4660940554956327,0.429148794609009,0.35702117519499854,0.12482112220801518,0.23959053010248926,0.18623869527403925,0.27588399789560614,0.3481722326440504,0.362792371203992,0.2897218750430406,0.6231116601786637,0.38470637822996556,0.5653633634463634,0.6367065644724528,0.7023588698142754,0.6636308937964499,0.747265261094061,0.7599620256644665,0.45197520109239675,0.4030042974772781,0.35055366595635157,0.2507169602422092,0.1129510427283315,0.4577898293607316,0.35756297362449146,0.3943176738816059,0.4644672225483844,0.4978407068928407,0.41298846171918585,0.21784100563023412,0.22768497606347296,0.4314424215848245,0.32476906667938377,0.16859654229214352,0.3625258379297029,0.34202591106467584,0.3285424442118292,0.1944376177207161,0.12527424296482415,0.3349469866551952,0.30357855320219446,0.24667466785690928,0.24141239715157298,0.25939458908597696,0.26247873364386903,0.18282162075445038,0.24705401804598626,0.4936069299223166,0.1867487364890102,0.21277049714812823,0.4098633107423945,0.2121108606567049,0.2027854178608542,0.20907865570381345,0.4769204498247249,0.18342977168806074,0.2218061379974211,0.24521404662095073,0.19982106800314392,0.3268821467341491,0.3233435830224288,0.23109731776994913
0.2313482339565604,0.5430226225451109,0.46360389381149325,0.669915226633402,0.608561005206581,0.4445634847535776,0.9999999999999998,0.7206753743487064,0.6574403939367973,0.4092929390361321,0.24294549032365756,0.2911612546592467,0.4247650196848546,0.3191621747559405,0.3092333974111603,0.3271260052675573,0.3736518680303766,0.4425664986017075,0.39029900292856506,0.27200985253118243,0.2192315946529907,0.31963290638944364,0.3789543422178731,0.39934854992595675,0.19788351996717768,0.144441997419963,0.25827329379451097,0.2612422329714471,0.43841024746790325,0.3894060774436262,0.155236882291247,0.2576869253992134,0.2995408157221661,0.47646157017407703,0.35053729758685687,0.3260952554603534,0.19753743603502694,0.35804898682854236,0.41521941403976986,0.5851698787943672,0.4648390822074108,0.16451383430365685,0.3113529854593606,0.2473766134915954,0.35765507897997845,0.30760690501464216,0.310107309728582,0.26929657258402456,0.2812252620070878,0.4068488270372233,0.2976057032657552,0.44354570674582894,0.35301089320040996,0.5027138536570284,0.5688527101232298,0.5254092341947039,0.6167248369323242,0.6726096390217581,0.265067018458867,0.24892647517694128,0.13732064875620612,0.2959768458950774,0.40106614448367334,0.32251971034512916,0.4042690925370561,0.3486247753780882,0.4794161374785237,0.42785304632489074,0.2911809416885057,0.29330750627012914,0.2669618362498808,0.32418637611290624,0.2653948189857931,0.4248290775046233,0.11976521826488641,0.2689910122510914,0.30278938476681866,0.42530674486531833,0.19535043991666312,0.17984129140354627,0.24091534274538137,0.20946478757757403,0.23343833506714892,0.3375473959641837,0.23400686933146161,0.347329134774142,0.12080334540382916,0.23578502174725535,0.4508068740834582,0.2745948475876798,0.2805152552615163,0.12645643580978988,0.3346206795383504,0.13828837450571588,0.30189916293363783,0.15683064678645528,0.2879894423205554,0.19039550811151335,0.2788275501960425,0.25496815399242007
0.3386645045704886,0.756441708028544,0.48175061851648604,0.791179079572849,0.7561897730239531,0.5397171432352226,0.7206753743487064,1.0,0.790415227973686,0.4035995769069465,0.15317891885314008,0.33117068547499273,0.29886364039878704,0.4399891048254238,0.3752467089996301,0.42627091813406026,0.3399991577182618,0.7450210712254943,0.32490644104964767,0.3860076207305485,0.2836125725465051,0.2965631354830458,0.5969013927389865,0.48311829903594794,0.09951079781975228,0.10899813395696917,0.325254089012723,0.38772901168785157,0.616498700693042,0.44276896447491954,0.19086264670027012,0.1610828206471517,0.3133429443720289,0.6701737785982926,0.40203020704962306,0.43097599358854655,0.3902161003733681,0.2286589078950733,0.4912069024191944,0.4810475400065564,0.6139452786405335,0.0777461507726078,0.3522771173614173,0.1958993230082139,0.35863963768915447,0.4341228641537169,0.39390838881868595,0.3310923485753109,0.3400631148211915,0.5824349460015301,0.3272114697750977,0.6932528490192319,0.49472879275293313,0.7434088526053061,0.6868946076559289,0.6480249747139897,0.7329366639480389,0.7860208715591426,0.3416966689739512,0.26913750658964886,0.14606218816760175,0.3146891664589181,0.2688396819266834,0.360879439426733,0.5099033381052852,0.3730672869067703,0.4700089544757936,0.3602843100597108,0.465368715736875,0.507465570452398,0.3049109018936092,0.22978668311134548,0.29798534177813996,0.3701673945946633,0.15911345071869556,0.20917628616528663,0.3321307025929751,0.310129666444719,0.21770504865071721,0.1926052187967195,0.21711130289651215,0.2008276484521987,0.2680727886793653,0.29065388752223564,0.1585033851361247,0.35640262758869323,0.24246222544391996,0.19015651094712938,0.5683817051991815,0.25928158700420706,0.3104862983315897,0.1765405708025054,0.3547603840957346,0.1199883661550964,0.43518137097691995,0.1188653077365947,0.2459949310290317,0.2055342320004471,0.4028530369074507,0.41224909557868583
0.2814006422088674,0.701403388156832,0.5744540694385929,0.6271954567299248,0.7242306091459311,0.6189484618421562,0.6574403939367973,0.790415227973686,1.0,0.3882009209985571,0.16173846354570368,0.3279754871080993,0.33204179998294236,0.48934320535821185,0.41795514741658496,0.3421965913105271,0.2566831867206179,0.6412833204129229,0.2997774206861912,0.38900685890280595,0.3199483006188071,0.25617275875662426,0.5348332681570598,0.45501456408670493,0.11137677117295662,0.14327850599660766,0.31915010955629125,0.36611690172707156,0.5439662782435148,0.4511281704557841,0.16892578123495577,0.13371310082200802,0.23203816132465555,0.5155368404095783,0.29417166823150154,0.5131270694050722,0.3401441842406795,0.2824914192912712,0.4418141603616968,0.503393981859826,0.6168520618319676,0.09654669277708317,0.3210470074120946,0.14394755860684036,0.32843910690089606,0.42501486504803765,0.4076440279875418,0.31963562857040384,0.3787857653143497,0.678393721342082,0.32608527144859145,0.5911703672502857,0.4897148915867116,0.5801091736994773,0.7295183337071052,0.7304764378222852,0.7584305377254401,0.8077378011101362,0.30398778275528476,0.22344093766383344,0.14869569396943635,0.3721709916038216,0.3556088339252329,0.33498639988837714,0.44040631230407484,0.3780596951934615,0.5551172740278139,0.3185088277607876,0.34438882564710005,0.46264832461582844,0.2688894099766638,0.2601173676735637,0.29838913195455297,0.34074996449279665,0.1459294807599556,0.2492909814929708,0.29744855776398366,0.32404076958714234,0.24000457488726376,0.19598105988640202,0.21412996638174994,0.18025636044705942,0.24759278209889407,0.22658094701442671,0.15768861178129237,0.3897903896277186,0.2223464454243824,0.14252782801583605,0.5711003460049596,0.2678495187120197,0.29935203589714354,0.21443539636841766,0.40929214170982564,0.14656898753264969,0.3458746153093199,0.13028133267001457,0.21641759751493736,0.24260176294823868,0.419575210198748,0.4551927758009992
0.22494869608514742,0.4293176247394172,0.45579240635684015,0.3119028068234157,0.47305869876267764,0.46558786878723485,0.4092929390361321,0.4035995769069465,0.3882009209985571,1.0,0.2629349036873301,0.5848118207730785,0.27487912836518646,0.2658841968657344,0.5078950107078027,0.4892082082196916,0.2450161147904591,0.33311123112999214,0.24062638395527175,0.5886162517668366,0.3317218299236153,0.2088754355381855,0.4446426718689938,0.34250245946292973,0.4092478874540524,0.17298566840403123,0.24367180204132824,0.18045887054115045,0.5135830448887951,0.5005626554686001,0.4315038117721366,0.37793093516227116,0.3317068060305075,0.23458464222446,0.22381063461973877,0.4086858886381238,0.2450682113023109,0.2359052003367734,0.48021740038846183,0.36641303410651344,0.26024032543863057,0.2837550268569832,0.3254932997672595,0.2743522660450751,0.21593017182306895,0.32364214584222617,0.2343217280104461,0.3486951863104924,0.3335429411048802,0.2720026038430901,0.30857731745452127,0.42704239275156075,0.46681611408800716,0.4223042064494553,0.3717748754858171,0.35527624655410733,0.3326682330246861,0.3121471981802373,0.44886410832964174,0.20256155981229718,0.16057907587669928,0.27802328689854816,0.2284159144362654,0.33310400278154056,0.5995568949699388,0.4493445484906059,0.37314294487144184,0.3522884075821326,0.2583666837671977,0.35742796471564486,0.4584410882590348,0.20444090422732986,0.3224584245271505,0.46262414418967585,0.2058125091397381,0.3636507686758764,0.25091292963812073,0.5176813143251643,0.3107197338052709,0.22834462597255328,0.1977172208351534,0.4001913522212754,0.2267409459908307,0.15176221356497777,0.37762268207307664,0.36466518311526985,0.22496835392216394,0.2827620946571646,0.2859377562229381,0.27647475357327495,0.15075025334826705,0.23893176800764446,0.3288804075861441,0.4223905158028727,0.22954026013101161,0.19655125904509266,0.4104954252399824,0.18830998163841023,0.3007406680418651,0.19091180857489706
0.13363690009783055,0.19821022671640082,0.1453841893413151,0.20888222498654602,0.15994051591231773,0.1172546114044727,0.24294549032365756,0.15317891885314008,0.16173846354570368,0.2629349036873301,0.9999999999999998,0.355726122318648,0.25686357602340704,0.20589621221345258,0.1230239107705658,0.13914583412269044,0.20277640974559097,0.1276790978587094,0.19940739577426048,0.08734704112775328,0.1381911036727017,0.1990614986999777,0.14472966068203938,0.12445272143504543,0.42663769385224426,0.5225095029308628,0.09673085760746918,0.15378746642562063,0.14005114515417663,0.15462782591216884,0.3539800807076511,0.26425537572846,0.22387345577228038,0.16513154969668026,0.17587110622775082,0.10636990448441083,0.2040966608458834,0.17036126413895022,0.14586022723865888,0.12667227581264284,0.16081174245817076,0.5128623668006936,0.2798254807312559,0.27552145967610947,0.07047210721688399,0.12025959819133579,0.17579934645509773,0.1662105456195197,0.1396480294702074,0.1531572092852083,0.18237218896629317,0.19661368443477775,0.17711179987810471,0.19123466834904945,0.15139948345559684,0.13183106520430932,0.20920816971569767,0.16061495986854574,0.3626451546560859,0.42527482689670826,0.1953869966479755,0.1782236027620493,0.16554421602531,0.17473178348576926,0.16522642388290798,0.10803444985980912,0.2088471451307884,0.2436512132476562,0.10715625197172199,0.08872837152986926,0.13589958396244023,0.20139582581335116,0.06675032104355111,0.16701135717450707,0.16718858899352979,0.6290267742640486,0.2473193108205024,0.2119728136289547,0.20513395910255464,0.21366656276281917,0.15686411769775557,0.24669448135999328,0.1268488700905469,0.2711605863642976,0.17813475983585147,0.11885530343724102,0.20157066668239584,0.22005422796918567,0.10815203961069071,0.14214185012072397,0.2370837475375604,0.3714158909070563,0.09378072366425044,0.45246743829026276,0.1223159186134462,0.36451035472196547,0.2842210035151537,0.13677846875401872,0.16611910806728572,0.12755873835135093
0.17653631082870297,0.36126334147131905,0.25943897652864667,0.22064143587911092,0.3199268993445814,0.31313084618699694,0.2911612546592467,0.33117068547499273,0.3279754871080993,0.5848118207730785,0.355726122318648,1.0,0.24325783784835567,0.2982934872377312,0.4609803463784829,0.34285362538260084,0.22992639209174331,0.29756292912545645,0.23821398404848246,0.43105177452971705,0.2998729546108858,0.15634792971510875,0.398123155739302,0.48362042041230535,0.37488436130127073,0.31019813355473663,0.24426890837953774,0.21716099031529115,0.490856255892503,0.3950446517018985,0.2718581784825058,0.20791168793815956,0.2246059084991708,0.18372336609166695,0.14391046700165025,0.38730458642659227,0.23512383307088486,0.16050659561657682,0.4288104633274294,0.39456602806449653,0.2834514370269773,0.3362627836558224,0.38717457544894684,0.1571600895179071,0.1693929076963079,0.4039808016217439,0.18417484155205388,0.24781323608866895,0.4037831941254529,0.3116941626525445,0.3092350473603673,0.31910939077565065,0.38180893243365577,0.2987938872188048,0.22413361200865406,0.25144113889826936,0.2581939011251582,0.2711244848099763,0.5373671872645035,0.16238734924397089,0.1884420714996916,0.22131914865107627,0.17651060626735962,0.23222680956878003,0.48502071890310106,0.3313260211317534,0.47895754426648085,0.30135636099037827,0.222368116185713,0.3349876203714897,0.2903576295246037,0.19464212246344695,0.2700503305870502,0.3717190476277747,0.19147560884282208,0.39005469357354716,0.26495792071284263,0.3311705790893482,0.2996548717479673,0.3381940989957476,0.19223841703807437,0.3858720367991776,0.2171504619061142,0.10860720880081846,0.22360907894413007,0.29805978398730637,0.20433866726115912,0.14715953601850476,0.2982528311455696,0.2636492791464764,0.24531816793618194,0.34728899488445036,0.33969413257772346,0.5002172547478259,0.17536720320998792,0.09641907451029444,0.26901510278281493,0.24136342886847886,0.38921161162449436,0.2303721492078534
0.2399246587619559,0.27023318352116393,0.22590380792116196,0.2698949198717919,0.29395737932769994,0.26978733861826915,0.4247650196848546,0.29886364039878704,0.33204179998294236,0.27487912836518646,0.25686357602340704,0.24325783784835567,1.0,0.36476278514583144,0.20281368791914126,0.23555548432371243,0.5305216642938864,0.23212266839551132,0.42097394788408393,0.20595133258687875,0.22303391719549237,0.5672248587150941,0.24274598113034512,0.3167827658343571,0.2701623784769733,0.2526025862532937,0.2008154021474165,0.21469745984370425,0.2633379480822115,0.2900002664600053,0.25791289316982763,0.25951239583286295,0.2728369233461184,0.26989405170272507,0.3855869909528824,0.2641118731722695,0.1802996495671623,0.41820819292547884,0.2227098676699626,0.3327511983471457,0.3572407906946913,0.1966271172204298,0.1911084344950003,0.4477194412231485,0.20621426689036376,0.24220242574848128,0.28721751134540996,0.24389735729168052,0.2117546736222093,0.2973659492162811,0.21529810978053365,0.24975526469987733,0.24138372964708893,0.24490382986791673,0.32673233782732447,0.26732201164168395,0.36352513520854457,0.3220773817717197,0.21394483255898933,0.22566355741511218,0.31718294585414897,0.5909470877445032,0.5894802474213852,0.3520068208235154,0.3296341424725545,0.22722514276234249,0.28300458466327394,0.661830103496904,0.2686547386011284,0.22759961130431516,0.20259736096076741,0.5762444110570478,0.18095986311496093,0.2711129696178291,0.3958879807598355,0.25527803616174244,0.49335424818738793,0.3831993988430866,0.2913764739279917,0.23135587954712233,0.26214965621807806,0.2459449495994766,0.16310402677306052,0.3914948905657597,0.20849963928507853,0.28838523129182375,0.25203631245485947,0.3138297357911579,0.39710055273895173,0.3927540181111112,0.19726399886345647,0.2804481137885549,0.29439947827789364,0.230006295370413,0.21570096753637133,0.30204979922319564,0.2191858238121699,0.13651154922325265,0.20370437027151922,0.27060459885184707
0.1666021618603435,0.5325889313394956,0.386735621673731,0.39929664571848417,0.45286686242979596,0.4322454485629189,0.3191621747559405,0.4399891048254238,0.48934320535821185,0.2658841968657344,0.20589621221345258,0.2982934872377312,0.36476278514583144,0.9999999999999998,0.5601997153394482,0.32188369547683937,0.30029818725550217,0.5610346884383363,0.3404440189727409,0.40701355215980206,0.5898932121874186,0.40631342675889004,0.6000829023313119,0.3184130877500079,0.15143146735782953,0.1826333874945442,0.45934909564601395,0.33044005177372177,0.501485881935042,0.46122912086807033,0.20026896994780377,0.18399398950390028,0.17560243115672552,0.3695729424719258,0.39503105719904746,0.4727691481105849,0.2737102627899494,0.17365066182407685,0.33380378721760723,0.3551089026822182,0.5480314388723357,0.15808562139954702,0.2021794275470333,0.18331796688597282,0.19745722400917612,0.3975912521285794,0.5309297267545118,0.3667688286681001,0.34268959098930446,0.4738373424841458,0.4140412435580351,0.49977948884366463,0.4496991218062476,0.3977616553005989,0.4631117538974034,0.37802508218362746,0.4349471374053334,0.3574072570586577,0.25714022653834995,0.1861841286490843,0.16756183669101463,0.37591223172241917,0.3369158484983823,0.3902546493452352,0.4882482964346534,0.4655607931942638,0.39467822818751086,0.34697609708507393,0.45401130451881994,0.4987980752556837,0.369712084374658,0.3638600807993191,0.35789908638690393,0.30274486388816985,0.12327815929549296,0.2155790423254295,0.3136598364870677,0.34372461930040693,0.28952465349365464,0.24138033474818257,0.29968047740203,0.25993009637641523,0.2580778565364146,0.28256100694962805,0.18290466211505885,0.445721473745708,0.2479320152911876,0.12693443795776635,0.44167624236166275,0.32028964778521846,0.23510339066536845,0.22464207534498545,0.4900224551449575,0.13542326334592564,0.23588768273047955,0.2570234288281058,0.17374838850977792,0.28820511907564506,0.32885908360865224,0.4344042950756253
0.10735641424102166,0.47015135346936593,0.5338243155094595,0.26231411146876293,0.40438177681364135,0.4812439030304959,0.3092333974111603,0.3752467089996301,0.41795514741658496,0.5078950107078027,0.1230239107705658,0.4609803463784829,0.20281368791914126,0.5601997153394482,0.9999999999999998,0.32846484000958254,0.16291277519478572,0.48091802083578084,0.27054733784521484,0.6810830526475662,0.7383657129420288,0.18748030798788512,0.7489169375344464,0.4349206141873958,0.22626386870928983,0.1078350762257586,0.4386962375116988,0.3297383175526276,0.6590248047328472,0.7289737356038946,0.22607832735545838,0.2745997737552006,0.15712345650520365,0.3037270518932294,0.26137037105303446,0.6417170905548297,0.24860878435559608,0.16570105752508923,0.48541571312255244,0.4433505333349127,0.32467808944948284,0.17092055574870557,0.29719415562565693,0.1710442371418509,0.2679104516098567,0.4596688494077516,0.3204648437467732,0.6243028437132279,0.47819528364078245,0.48642999775517837,0.49092172605073703,0.46084455068411234,0.5093124683004794,0.39091324766055324,0.39233699633804847,0.3610678386273138,0.36491926989521023,0.3139802677648265,0.37640675204447593,0.14968530165257707,0.17858217746004945,0.2925424733239936,0.26884152637098113,0.36331464249400836,0.7086764223340325,0.8224811087693097,0.5161826720896704,0.19847393752583867,0.3108360080544865,0.5718713014770929,0.5659018072436148,0.20444833669716825,0.5182719105854974,0.3206999009331152,0.20776215399334427,0.19147230048789002,0.24594713341351435,0.5482407750619208,0.25772963303454743,0.2969286237546764,0.15765237281250014,0.36653215845233345,0.3333112273770635,0.10812103297113992,0.32183850075497467,0.46969144866328194,0.2281582225708152,0.18678858878723206,0.4456279374591937,0.1917935657010851,0.20835113822187876,0.15562733001024398,0.4884923402923856,0.1921431251302893,0.19258212003132394,0.10402000637905444,0.3179235776042956,0.4445140374743784,0.48001553860284446,0.44398014004610503
0.2506026838479473,0.6164808492400655,0.28588642876064424,0.45262772099915427,0.3892049039156074,0.3614608667029662,0.3271260052675573,0.42627091813406026,0.3421965913105271,0.4892082082196916,0.13914583412269044,0.34285362538260084,0.23555548432371243,0.32188369547683937,0.32846484000958254,1.0,0.2231766800593292,0.46517240213118366,0.18268573654126383,0.46227883830561517,0.34459835682228124,0.2393297591677073,0.34227678688270297,0.28628509722769546,0.17490337561190994,0.11690479184738295,0.18314992070807945,0.2840151602820913,0.4041264156732426,0.3974262953273309,0.34652962589570396,0.24474013387260868,0.592028309959439,0.3164292283902707,0.2065206870670425,0.32416038678251247,0.2685868265601578,0.22675880308655827,0.5834795524562758,0.37911350341882616,0.24334990023710013,0.1889436597026073,0.2751856005648418,0.22935071579389024,0.15727724475636456,0.31331646989733974,0.27407104316274145,0.28210304133416125,0.35014482062031305,0.2162021513832096,0.2526277133949501,0.4366869092681548,0.47569531902245454,0.4704766306556972,0.32255715162892734,0.319244993166055,0.3206625945564529,0.3050511274467126,0.3005431838746294,0.24268828252052796,0.15429525805930158,0.23319361087004786,0.19161095317027488,0.37334575760386496,0.5296679724982392,0.3269462388010138,0.39242234998642084,0.19984263850553127,0.4189912069206841,0.4535574911541091,0.49959047679433904,0.19743901106665862,0.34411100316217513,0.40372062575930884,0.17681386924105544,0.14954567579995381,0.18100328892244802,0.3529418760353868,0.2790529482528011,0.19259708528677946,0.18304627538503462,0.31476365787844013,0.14619473368983515,0.08331905427548442,0.2457101948356681,0.1981632938644805,0.24038543499606974,0.24930731596451214,0.30717464871107714,0.24094356689791555,0.19110678932915992,0.21583425754762486,0.3004043524567539,0.2736078391304004,0.2747394622359295,0.16963477381755224,0.2336702277495963,0.13180115444761398,0.3065101071826736,0.20265958114759594
0.26437845488791,0.24999073361289018,0.17106406949196198,0.280529978286635,0.2679651763473758,0.21557576128983752,0.3736518680303766,0.3399991577182618,0.2566831867206179,0.2450161147904591,0.20277640974559097,0.22992639209174331,0.5305216642938864,0.30029818725550217,0.16291277519478572,0.2231766800593292,0.9999999999999998,0.3379071663054649,0.434670627432854,0.20202297634218042,0.2386659255467342,0.6019203315489805,0.23639059781575872,0.36118334602267604,0.3003114411221821,0.14444598743047432,0.3453620952457376,0.19878662172873643,0.28284866162974676,0.19082974792834695,0.18101315378858363,0.36532669375477067,0.21549040511204332,0.4436489494889295,0.4643826875842065,0.2271550137908217,0.2009493570772246,0.20422728578247276,0.18360561630290623,0.2534810085530685,0.4504620110765901,0.26314927368638835,0.1731398304058929,0.32971097844733366,0.21042130963780126,0.1713471508073184,0.22850796216420552,0.20799938528808248,0.2765887460988898,0.29925838096605933,0.15980476020121198,0.24882425981238543,0.27667041219345406,0.25209697479024634,0.24338442948811612,0.183382575762671,0.3656134103842671,0.29196805196981196,0.18610958334326985,0.2806929693584921,0.2930057080958091,0.30845899609371563,0.2692721392418493,0.21813498607083703,0.2928602695635693,0.18194074287543804,0.2394258687320021,0.5627537960751994,0.40834612559333205,0.2370957383978569,0.21693968328902055,0.40364851679261865,0.13339191296540195,0.17644358348536224,0.3841862313688916,0.21866092618134447,0.4307947721239331,0.2718966200483053,0.1857934729046919,0.2326770389359393,0.34311453883499693,0.24203316634784658,0.21563114370253078,0.4707245197931678,0.22620699438275851,0.1754001576232682,0.26772788708131257,0.23820371331151946,0.3842648679135036,0.45958389082112266,0.21025839227030985,0.2274472169153057,0.15435718797908943,0.19452042122151939,0.23513735290336385,0.16907256851598088,0.19676272017216215,0.15017340562508924,0.18017382761270995,0.39673927708369877
0.27629180618193455,0.6925829771472893,0.39353186552454733,0.5958300708643034,0.5819393576240235,0.4389155817185784,0.4425664986017075,0.7450210712254943,0.6412833204129229,0.33311123112999214,0.1276790978587094,0.29756292912545645,0.23212266839551132,0.5610346884383363,0.48091802083578084,0.46517240213118366,0.3379071663054649,1.0,0.2777973393756669,0.5906839427842424,0.4643695272240578,0.3682852817235266,0.714961571335666,0.4329134432524548,0.07093156995878419,0.09874192520664783,0.44029520718111537,0.3780705565253376,0.5729017355302415,0.49607532309745817,0.18362560322403382,0.10437684627861432,0.2614541462522276,0.7317759868826678,0.44580862406804034,0.5642155890498093,0.3808539771658897,0.21384969155460834,0.44043357493528684,0.3740617598915565,0.5894054275927606,0.08457477295094246,0.2803549698396375,0.17021180148706516,0.26232409136035006,0.36303716368686856,0.38612853957174537,0.37102664479022157,0.41172573296264225,0.5197062540125913,0.2809765437535248,0.6573453620497023,0.5281203394236156,0.6322379132186773,0.5245670114617121,0.4310534317958681,0.689445740766347,0.5823021107219979,0.2950574745228527,0.22554639537731042,0.17666334108456166,0.3044154624043888,0.240937879674086,0.34126547550462805,0.5686006702214277,0.4172708686345329,0.42764539305658106,0.308264381129526,0.7559006456612788,0.7784142978313884,0.4442853565026914,0.2685174061701048,0.38848896001770644,0.31740057763203144,0.12223453220185222,0.20524409297676435,0.35752010509500637,0.2912261154298948,0.21239561175657978,0.2086643867729854,0.2344004635555932,0.2528146685031379,0.23613730607760974,0.26067940748395513,0.1289792038943481,0.38217972157231844,0.2861039920489343,0.17436738121323528,0.7312428018786519,0.29907130852728525,0.29941701674478066,0.16998286292980158,0.2833792972534843,0.08094090139422613,0.41119473905217996,0.13491490872881362,0.2001651768287999,0.24598515254193312,0.4481355627924643,0.45860374570114915
0.23482104619656205,0.2197493635998067,0.22990283365061975,0.3102510375181117,0.18260444708393261,0.15691090492362159,0.39029900292856506,0.32490644104964767,0.2997774206861912,0.24062638395527175,0.19940739577426048,0.23821398404848246,0.42097394788408393,0.3404440189727409,0.27054733784521484,0.18268573654126383,0.434670627432854,0.2777973393756669,0.9999999999999998,0.17685876965640274,0.21046893831962127,0.3393878664964617,0.21446746992046256,0.2179019672069884,0.24150019770076694,0.1010123255725131,0.23726222000006988,0.21062000616429855,0.354829953717008,0.22185071232634113,0.15345114633121693,0.32303373408194336,0.2071900576567044,0.492355095402085,0.2450263680539328,0.21133648920792547,0.24654346872848557,0.2898473280757772,0.30651722235024226,0.30507419643919725,0.3158029707151788,0.16835239231351704,0.14433009570330968,0.24464635830824533,0.2337128493220749,0.2113346523640842,0.16318163957298365,0.2689820298475449,0.13815213386340153,0.367158503748393,0.19419488801053444,0.20246648351182572,0.13399179103475667,0.1609414226198019,0.23373782024832485,0.18924191269773283,0.3407509775674255,0.4661289360358167,0.143984534449933,0.14789447279868184,0.2578374246417668,0.1876968665353055,0.2848924344249787,0.2511677949988632,0.36100840869114964,0.24458696499979235,0.23424247536148407,0.47696532081741577,0.26244959561610764,0.2847729006398979,0.20587681167603836,0.3370478829602073,0.14763511469626533,0.14724645368548622,0.20291834558759575,0.20670772641398993,0.4178900063261144,0.2977864629328258,0.17679220832387052,0.27408333109100724,0.17631108184560937,0.18145926910232768,0.23398831942166354,0.32969022926053515,0.14656773908113363,0.22973739261197051,0.32213807353600427,0.28961869791399103,0.23392283775235878,0.2536141074685419,0.23952587169723114,0.20210623748961107,0.22592411627711917,0.1977272370257464,0.17366961710562862,0.10406914234313783,0.1680440281617703,0.2375460466623801,0.15833230974246754,0.32322024626180845
0.12538743973746722,0.5958917678700293,0.5390870557644507,0.28960586355414775,0.4852436778239282,0.5755289120423144,0.27200985253118243,0.3860076207305485,0.38900685890280595,0.5886162517668366,0.08734704112775328,0.43105177452971705,0.20595133258687875,0.40701355215980206,0.6810830526475662,0.46227883830561517,0.20202297634218042,0.5906839427842424,0.17685876965640274,0.9999999999999998,0.5709976182501495,0.21899712623220308,0.6450932295565294,0.34597029921003314,0.1639572426037147,0.07850896873982033,0.41760516658782554,0.27604657252713594,0.5609232506989784,0.6563449842169364,0.25901259422775896,0.22718990236313655,0.22366388514367547,0.2894128842639813,0.24759199868265913,0.6799946058651238,0.17586246713423276,0.16684543090247386,0.5373726103908865,0.37580572490668657,0.3217694462321148,0.11091086830900253,0.22716217297901917,0.1475857425120769,0.2301152213003189,0.3973725435515958,0.26286045222071114,0.5280747716152472,0.5626203028992735,0.32755670945036813,0.4220933740810484,0.5969088594672427,0.7073573391425564,0.5387746022373351,0.4158325720220856,0.3944040168605787,0.33927679900326185,0.2701997632082391,0.3032088699982725,0.14384514314906766,0.137836321703135,0.3728430579039361,0.23724527211554086,0.3202449060677975,0.6239456132931829,0.5765886975650192,0.37806135591607204,0.28082958758296583,0.4707440359812407,0.649182290314488,0.4926872604341428,0.16165221517089845,0.5382966795885085,0.3850052723492967,0.22800285366140585,0.1417353062822819,0.1799728811812423,0.4283975937293539,0.3701896070517169,0.2646349311216712,0.19977453342066612,0.3685599730377562,0.2847893572854404,0.05782050998479285,0.24725471625535725,0.4924493714886379,0.1870342353394297,0.1836822524408835,0.5121892824219887,0.23078364863922968,0.10431069805538015,0.1888125192504,0.42742277768862347,0.21462437603850237,0.20099842358624623,0.14083750980027446,0.22063110061857458,0.3574607094891271,0.43921420060871524,0.3004140293040967
