0,1,2,3,4,5,6,7,8,9,10,11,12,13,14,15,16,17,18,19,20,21,22,23,24,25,26,27,28,29,30,31,32,33,34,35,36,37,38,39,40,41,42,43,44,45,46,47,48,49,50,51,52,53,54,55,56,57,58,59,60,61,62,63,64,65,66,67,68,69,70,71,72,73,74,75,76,77,78,79,80,81,82,83,84,85,86,87,88,89,90,91,92,93,94,95,96,97,98,99
0.9999999999999998,0.19074041904719116,0.23114059182637828,0.22324528032642543,0.10213299580628303,0.16375592955627966,0.30509217458571825,0.272952746743664,0.18290777643323367,0.22871329514291855,0.22419457346328203,0.3324770567928442,0.2518859697957676,0.29493072001122167,0.23364514317864998,0.19097116583077356,0.12761069919510729,0.2704113108802236,0.17561784413741346,0.14299339389934973,0.130348358936225,0.15842665691150148,0.15841490245802903,0.26586867883408133,0.17060810185582012,0.2068428605435627,0.256583625646728,0.2705634464771288,0.30341621636906413,0.222818251602641,0.1643590008027545,0.16459956499797032,0.23972089662095397,0.1519722540563943,0.22259975349706174,0.23286375000628456,0.34467297876901476,0.1262847356268171,0.24896767835460093,0.37209578726160975,0.182643269803247,0.3860251198943002,0.2103460587036261,0.30377999257803123,0.3914413728033115,0.272579803014065,0.25687957697274777,0.28692826531239873,0.3013847637219831,0.259482457413174,0.35330850405985714,0.302234941979147,0.2896433057530937,0.18932385189338943,0.18473813578068432,0.13739129214315046,0.28758440030737853,0.3125838518565034,0.28277185158000484,0.2874351625927482,0.30691989643289647,0.2735420875325077,0.24572083989218507,0.27915089819279915,0.15862165838989375,0.21882746635292386,0.1669919122912221,0.23281944815895037,0.17766316018708217,0.24653354647395917,0.165976284388994,0.2350977594543427,0.16705088652611005,0.1587130233998682,0.33946652724582355,0.32742984764741173,0.2655995247112686,0.2060497184785021,0.2029983279166057,0.25698282764094144,0.2053239676672921,0.22714732493960987,0.23899407489858332,0.26678513231808304,0.1961500711503351,0.30033645661006314,0.26875861499730314,0.3893739950358389,0.24165118019219822,0.2865047681231335,0.24727616291174476,0.20731371266434073,0.20910340537275957,0.26704023353334094,0.21907261707554138,0.215567085827906,0.27314122433896915,0.2910715905422463,0.18116331496951388,0.14078157779636027
0.19074041904719116,0.9999999999999998,0.5660343332855134,0.39813321416961256,0.6328665592085153,0.45862675041979656,0.4043419168421462,0.3989599821506286,0.5012725705916509,0.473046646168669,0.19767619472999112,0.32580603788293794,0.2462205997746883,0.21486674043442053,0.30210563431707155,0.5557113093253698,0.2576907020061411,0.5184754313412462,0.2938347049412229,0.5023237284499229,0.39743133330535324,0.217675607618999,0.172541714258337,0.3306109397952287,0.2599415073641232,0.35987053007305825,0.33137034476564076,0.2638231866327332,0.36215894766660656,0.22310756157806588,0.09225697096884303,0.18309774934992687,0.2518225362694242,0.35327065373679917,0.27386441077748663,0.266420875206325,0.2580319930439978,0.14369361006302964,0.09814985946117245,0.1644096216657721,0.15495470940188433,0.16288909026973075,0.2169710004644799,0.19683108183352005,0.25614951331447533,0.19990197312141111,0.17427973296138297,0.21208122244924157,0.21589752199129497,0.24587672611108724,0.15919678301043244,0.6787112364749868,0.6821817028306261,0.46238410307076044,0.6260294467343119,0.4464148787475386,0.5457432332689247,0.47962334500288034,0.28094420666041275,0.24369153379286745,0.2771119014576795,0.2334023767721779,0.2888428166511063,0.23314282962109564,0.2663189093440798,0.20947600472526284,0.2991347555024789,0.28060180100952264,0.30450885775021547,0.5453254684320563,0.32828926204417763,0.4275966964889306,0.17596215213014813,0.26182068605497777,0.369392472370707,0.25455111077999226,0.34138166675196957,0.18903068262211334,0.11506243959745636,0.1468725707662791,0.2285156672451666,0.08236191091025219,0.2578833900200972,0.19601488863173128,0.22595313640072762,0.15173441742266247,0.18262355634181643,0.2225884985734787,0.4142716462097092,0.1706197591109727,0.14295221800011373,0.1315525343299903,0.09430099950719811,0.1681556468958372,0.24512694168364937,0.17725413644528515,0.16190963382347984,0.10593985253100342,0.3684668360862816,0.15191104938793015
0.23114059182637828,0.5660343332855134,0.9999999999999998,0.27814898834481894,0.5413796923566107,0.5743751234471723,0.46660926660968616,0.50825525537808,0.5218983390890413,0.5280961220030158,0.2582220737317461,0.42200938799545124,0.219472041455832,0.21056062633749625,0.19050626714914223,0.3878009500084811,0.25729697143806646,0.4059856289477437,0.28377319216073094,0.3698685076520698,0.25709799710186293,0.14958590108526643,0.1305214326515341,0.3607086570989944,0.2954420870618902,0.3777119923842102,0.17971445897969876,0.15387519038509298,0.31993607009759695,0.12091983800146765,0.10659080351525196,0.13193964837158506,0.17468311395815905,0.29847859043332353,0.27172149003090945,0.3324731563676523,0.2519179429163157,0.18397438837200014,0.21199239174790027,0.22534315340336164,0.20157571585237333,0.2597741971764859,0.14590763029106177,0.19727827475188997,0.1960217514354011,0.15847470517834328,0.22865176923880604,0.2260679753096041,0.18325013962697978,0.20125858463675764,0.23628841223902727,0.5994432582878656,0.4964794449248539,0.313957235075902,0.7118471127074962,0.5116434470521639,0.5067344328193305,0.5431525331340029,0.3246477070625951,0.2702308372840301,0.3710179158880049,0.26772653742809915,0.2656232245815474,0.2169258083873738,0.20329776531224128,0.1765006448918732,0.34050928775617745,0.2827540047634618,0.24600737371263173,0.404706056508528,0.20405607895207276,0.3632461511076016,0.12145369051399453,0.259017151756195,0.42799178012354744,0.3481902104571051,0.3283542094398422,0.1285020292775556,0.10794015723602936,0.2249372407725819,0.23722448494789758,0.11769025540950974,0.21679451387871013,0.2441634891065671,0.10449701708565894,0.18963516935220107,0.21072036352705475,0.27444373474614464,0.4621619477603265,0.1972749578847531,0.1753855864884212,0.13293181547213895,0.13494228998727079,0.1704171990295206,0.1961760222914007,0.14135837894354908,0.13733617414683155,0.19427328532441215,0.2871116210105686,0.09484914110063693
0.22324528032642543,0.39813321416961256,0.27814898834481894,1.0,0.48309965195731663,0.18269014567069988,0.24224886347584051,0.2616180500633507,0.21960124829798536,0.23627393995481594,0.20249680862847827,0.12109786804684892,0.22894854172374973,0.28214690969024897,0.3234636814084803,0.3463027044588448,0.2771597431191042,0.3042778356714729,0.3334731523831348,0.33838062840842575,0.3342683075857626,0.3146460627786389,0.22286595948345939,0.1450121546302887,0.16503882170922438,0.1394888597735465,0.26502799671358024,0.2621006227693718,0.27059244939096144,0.18212566504545993,0.22315614901210454,0.17967526268625178,0.22304552437604652,0.3390705630150221,0.17792088632796993,0.1603952170173753,0.2498547626630566,0.18654351082107573,0.09666047254917419,0.24117160831887377,0.1901650241845515,0.12525724452950363,0.25781343597024553,0.3228545746825676,0.2897859374511556,0.28489469698848313,0.19004943271699182,0.18514496225491742,0.25523407524959985,0.33067971557161224,0.08904254603960293,0.2491275520186128,0.25558940099852623,0.5996040620828954,0.20290545659144396,0.2221488830769256,0.26838327585102767,0.24914443168901348,0.1487875486520813,0.10827737637618012,0.1341500236352094,0.15193890674731533,0.23409927423607022,0.33747127970209084,0.28305752569631953,0.3076516901559138,0.24172537145616557,0.25582809113525884,0.19884518331898476,0.2737719449976368,0.27617611259853975,0.18197610998406366,0.218864813543597,0.1448056123853584,0.15390248961094544,0.11853666008342673,0.2330196356140054,0.1304092283882147,0.24066980475636962,0.11561774899137878,0.1004917953538439,0.0918756748191942,0.19257994801806794,0.2651863970510078,0.30422865649846637,0.20025924740518827,0.1504468112622181,0.1873178529887189,0.19672530351471085,0.09597473878614356,0.18543262018198217,0.08789596273625105,0.1211805029698262,0.08796223416480425,0.21510606592739112,0.3598432355435712,0.2669944932728133,0.18325034227422016,0.2686540548539218,0.18599561819312088
0.10213299580628303,0.6328665592085153,0.5413796923566107,0.48309965195731663,1.0,0.4862876758691069,0.27215406782603263,0.33509427134939945,0.43405369446482234,0.43348407095031943,0.13482784023414424,0.254620099709424,0.18769076502559245,0.15028094844898987,0.26247442038260727,0.45055488431447954,0.21533361383312888,0.2528684807517477,0.15260131653890893,0.37185009941920655,0.29170321759000756,0.24157353435944218,0.14921101949350857,0.21592564822569124,0.3300079097828819,0.362629439152686,0.1930141512477842,0.18249870588353187,0.21589567547724353,0.13379610158850094,0.10830944247731757,0.22332301789377323,0.16455866556691764,0.21068105901778375,0.16152292467568558,0.31146836781026743,0.2714159535897669,0.16959553194975646,0.15775569484507554,0.19516763482649593,0.19499541796311592,0.2017981413759725,0.23352977073714387,0.22850877792185026,0.23753484397697747,0.1292067288509397,0.12099615993880371,0.2141672068601352,0.23062567592204505,0.23848939759001483,0.07671883704072407,0.38348357008834727,0.5366702645078346,0.614784853114961,0.5837385228818032,0.44969359878308957,0.3117255642394916,0.3558644384898083,0.25669505341432297,0.20705870250147937,0.2352104835271949,0.13947032623467012,0.17307980096265416,0.1552076042070736,0.14213513842203784,0.1873824367957514,0.343478239782008,0.12457969703394685,0.15674331922679613,0.2655112093470178,0.2207611222550515,0.27470569404362993,0.10221629244550931,0.3655577275452865,0.1952675887897729,0.28161741668223994,0.1894897570632004,0.12259991706091466,0.13149520984568844,0.16410819723725473,0.16143158353422637,0.09832681140892865,0.2150586353357258,0.1636518439112014,0.1614386398142056,0.09763256258072907,0.19198004697035456,0.14007853709945872,0.2839912377318595,0.274701283052754,0.1425509286442508,0.148116369173697,0.16916522734844086,0.21111087870061163,0.30531969577001195,0.23890038923823514,0.15281582793546133,0.06760157207664072,0.28772166902136226,0.2184213254831835
0.16375592955627966,0.45862675041979656,0.5743751234471723,0.18269014567069988,0.4862876758691069,1.0,0.3391089452878193,0.44471937876839385,0.6308128136168599,0.3597855691711207,0.29466352575466104,0.42990813107567205,0.2470326550831395,0.21499747716799167,0.17564299114824808,0.3101373174083204,0.26207006464910193,0.2746024711774364,0.2704483780906306,0.32397886700014444,0.29494186880805884,0.12928860049736243,0.1297194739675672,0.28615866552048136,0.26140662881165777,0.34469904598603723,0.10884605397426206,0.12206877340862489,0.3036177899836672,0.1309797793370892,0.15473403553649812,0.26424840361443913,0.18615358223467793,0.19333008180507533,0.1348260094148921,0.3911982601251652,0.23625411960106776,0.14012323413390315,0.12448657155339836,0.16613311649940965,0.18839361490066153,0.260106063694544,0.21196164685417565,0.17634725295061918,0.15563158421541218,0.14559597850026681,0.14184551050940508,0.25273049489991606,0.41902536444611943,0.24614039548895356,0.10527367655381266,0.4574255801106584,0.4359429921850419,0.2855396958001875,0.6272919844160416,0.8029882822003245,0.41193422753040226,0.4457870154927992,0.34080404444310775,0.2800480046196467,0.25299886708979175,0.256654160098452,0.2861096270707668,0.2515871624183441,0.3161379024220911,0.16982964222106334,0.30678139685874367,0.28313005657623724,0.23754503739442714,0.33401620243448865,0.25955594908164153,0.2679069832292409,0.16759317812057392,0.3124798341222813,0.23533081228883346,0.2514761799411274,0.31614119612889535,0.1491767974930078,0.1383495192121164,0.12234611658485146,0.2049788779382856,0.1138665696481332,0.258238931260001,0.16213945568361554,0.1425022204281005,0.17629422062768907,0.20841138220069855,0.15044755263181414,0.39334870960162605,0.21270728279212936,0.17230817241262542,0.19466110746708007,0.18253569897296443,0.22268694680962278,0.22227125196216013,0.1383292448999886,0.15876681919090313,0.14072210374670896,0.4381692069883271,0.2146575981331845
0.30509217458571825,0.4043419168421462,0.46660926660968616,0.24224886347584051,0.27215406782603263,0.3391089452878193,0.9999999999999998,0.6935536780524275,0.5660290462806592,0.33104313209441133,0.33194458283856487,0.4418978990675959,0.22534505461993282,0.20854020443592203,0.17694392287959768,0.4565882578434737,0.3306220845099913,0.6556948865319483,0.3495942657780438,0.4441911289352741,0.2647643624409593,0.2199932625115111,0.19977098860068732,0.3711683356166832,0.20022702548949145,0.3029089275499117,0.15351300809810503,0.2629564377438083,0.25727856899434104,0.1819793241346721,0.17050477469237843,0.0910645519735669,0.27744829486927897,0.34530178675647627,0.2538012453215529,0.27072195186647896,0.2654439669700376,0.1754273236169358,0.21835502750106428,0.32547519677238795,0.28991674913949045,0.3041764175405166,0.19504997439717464,0.2690059109847791,0.3218968144841187,0.26920197707820964,0.23363216103800089,0.20489735446422308,0.2682605445044449,0.21925403916871308,0.24463421548865494,0.5343231257851769,0.4576726408320381,0.2046382290656229,0.4470348259370577,0.3958157890238405,0.6518330420386703,0.694609756066423,0.19608921854247371,0.317117686918987,0.39549179829947007,0.2778919075436719,0.23529689752051017,0.21739029710980284,0.24420844311206105,0.14315072789459668,0.4328751367210823,0.4106473786465702,0.2730172228022945,0.5845974118084406,0.24354274064225048,0.40579222537919407,0.17320649710558694,0.182961983333399,0.5404953818378946,0.37227776030894744,0.3012039441948762,0.23328806137584732,0.2005742026151299,0.14205425223656729,0.3000390935960172,0.1446664454009006,0.22582629578465468,0.3220404823399762,0.1982177137628636,0.34150100472212996,0.1691556030847709,0.41303123151652227,0.42517504226177155,0.1702072606075772,0.1203040926502325,0.17205238555086963,0.13021903785781178,0.08617729268934674,0.2634069526026946,0.21989426436127182,0.30328140079050336,0.2799769499370453,0.40226533948399085,0.15987179289999304
0.272952746743664,0.3989599821506286,0.50825525537808,0.2616180500633507,0.33509427134939945,0.44471937876839385,0.6935536780524275,0.9999999999999998,0.7497965519913176,0.3579189857470587,0.37240780811920016,0.4905612600090442,0.18308508550853164,0.19154321520021844,0.11331871212609064,0.38471921455352964,0.2129110328674374,0.4783499001785245,0.26891174036189663,0.272371318955542,0.17121875918934348,0.12622504055854594,0.19849243834593666,0.23655979667070534,0.25718837386938637,0.31675237000801126,0.1862920949656017,0.2376653026267632,0.22246871896758189,0.21395087032182059,0.25563918147050574,0.1281737868455758,0.22192972203854083,0.23988412393117997,0.21845771959945245,0.37002252725247037,0.2373573361917244,0.14718328180920354,0.16637451141463996,0.22067675392492875,0.21053540732720866,0.2915887567159783,0.13795705308064055,0.19636939843693751,0.2311011855660422,0.2676559482597558,0.27464118873721444,0.4049289326455978,0.23023538032806412,0.14949292213058551,0.2145774522084003,0.5453085213644052,0.43180084228234644,0.2770502654932513,0.4962416609548512,0.4402288763785825,0.7523245085451006,0.8051568731660819,0.2961308966877432,0.43132021462696357,0.4216047912208932,0.22029616927989054,0.21231081125759677,0.20617972601259368,0.21028078890638785,0.12850747601785095,0.5030116006792952,0.3000362514427739,0.22405274880794648,0.4720334357326919,0.16051497219664784,0.29258240965703475,0.1740075694094761,0.256116618199475,0.41617658329760837,0.4312294038895643,0.28372416582476867,0.1751666262283546,0.21303165479462904,0.17723447545015703,0.3041329615652917,0.1012907070881372,0.2085305773569095,0.20585435876890879,0.11331262141868598,0.2685009473942024,0.21964555526357177,0.2833060542007512,0.43051842908518645,0.29493131139161965,0.16851169273119054,0.23679146949400773,0.19083666322965095,0.14562429238321262,0.2006777433608046,0.14863798567127307,0.2428401551979088,0.30765183601182367,0.2797793884483379,0.11266064369312313
0.18290777643323367,0.5012725705916509,0.5218983390890413,0.21960124829798536,0.43405369446482234,0.6308128136168599,0.5660290462806592,0.7497965519913176,1.0,0.5055873855312367,0.41763741622356837,0.554445214340739,0.17022086137037507,0.1582925495102842,0.1426486253679791,0.42996464075561003,0.2051127831147311,0.41461414537867697,0.26999114059312485,0.4095381873462587,0.28374985229647753,0.14202053401255713,0.11741087680178713,0.26993768225059334,0.33213173898334847,0.3037714877881701,0.13075862209992162,0.14840110544353488,0.3001676786206302,0.13191003190313086,0.18134697446074424,0.1832972469296106,0.2577624504740699,0.21914751807881414,0.18156045919639952,0.4791254850754501,0.25314910227309834,0.15042763546354676,0.1576297240599711,0.20027041059903228,0.23763054067937,0.27766676862546136,0.16649222411497866,0.14830053455330472,0.1778321480039046,0.15815338717287653,0.17940585300408252,0.30441361979030807,0.32594000757583236,0.2181232441568645,0.2082680933952863,0.5776004293595143,0.5360969923207952,0.29859659840240893,0.6543093149440125,0.6772640493960288,0.6926910639159503,0.8213268271224192,0.3920467936881484,0.49481933474715106,0.40804938320666073,0.22690440627812716,0.24092866107694283,0.18318019563269733,0.23718480720373666,0.13318989765377665,0.5659284002347745,0.2577596615058715,0.20732028297989713,0.4650626229556938,0.2665029934265739,0.30548017557190954,0.13818813655105636,0.38026515361431884,0.37341850585487707,0.3804219637373405,0.34100130759220754,0.10829763835208153,0.13525180024358466,0.15806819821980875,0.2879925436024541,0.13122932686794375,0.23557154454921062,0.17956002437742555,0.12478143542480985,0.20330060621864457,0.24332013368548028,0.1987043567948598,0.46385164277027374,0.2807560989274482,0.20210625788598427,0.297331260018847,0.20105962410423397,0.17683749156443807,0.2436801380447757,0.10909465742791828,0.16919219684730377,0.16419548992291572,0.4206840938789842,0.20012968946700038
0.22871329514291855,0.473046646168669,0.5280961220030158,0.23627393995481594,0.43348407095031943,0.3597855691711207,0.33104313209441133,0.3579189857470587,0.5055873855312367,1.0,0.3185148584317879,0.5372540787141321,0.34788405848251897,0.2703222352358654,0.27122252328331187,0.4601946553516154,0.34564846137806965,0.4004153801258503,0.33781043715580295,0.40107781207189264,0.44686573215203107,0.14807925034668923,0.16630429775833244,0.430693805561784,0.4424756476021506,0.3355297731799208,0.1410107499072889,0.1517791097311963,0.3010936263409964,0.08498585745554439,0.11105883345565273,0.11563376305974798,0.14807055927289897,0.24129018446739542,0.1874939276144016,0.3069516858140405,0.2517289745286465,0.1195277459958491,0.15272642442805073,0.19779654029755145,0.18387615203495372,0.24233264631154242,0.12388245356864361,0.19312338933630716,0.1765115890646881,0.1604503659946763,0.17967482777131843,0.2568814130940995,0.15510279652873538,0.21319986435173865,0.30396535057622476,0.49246540972002606,0.5815602249093768,0.2803869594714906,0.5333811008424187,0.3674976900117633,0.41317127282551597,0.4509627017401922,0.4338892406830044,0.3922221711472405,0.524812568445046,0.3948943826371624,0.32053223685194787,0.2537354449709225,0.2811030895689549,0.23116737854201164,0.4202268039371171,0.3385287941747626,0.3215271489126231,0.3992943928885298,0.3682253360817496,0.4114347309340017,0.23830619214774623,0.3794567269602843,0.5406937739211174,0.4249666050176289,0.32377975382692603,0.15071637604630278,0.10395350734089695,0.21263892792002753,0.27920375497541317,0.11125193724717913,0.25894321549453114,0.2098361530935096,0.13006430850196968,0.14585557878225838,0.2251532263260788,0.2160438504397741,0.29766352827877524,0.24282744030593306,0.28676076968130554,0.18224839792650296,0.15180457346016543,0.1545413129320338,0.2798940089504402,0.18686943132556125,0.11170277865396039,0.17779446040490726,0.2867589194388226,0.13754261527087805
0.22419457346328203,0.19767619472999112,0.2582220737317461,0.20249680862847827,0.13482784023414424,0.29466352575466104,0.33194458283856487,0.37240780811920016,0.41763741622356837,0.3185148584317879,1.0,0.5243021813337355,0.3033223181949618,0.21454811271214652,0.14765527473255716,0.22841841047210754,0.3082039628628915,0.3062078507478893,0.38434854380196987,0.26896449718633053,0.1827355417264843,0.27422796935387084,0.17544640879765636,0.327813872118627,0.25431773449665696,0.41943890110298243,0.2562463751286221,0.2878831296853327,0.26435291818963735,0.20449198985136782,0.31264919042726835,0.14651668133606105,0.2096694026141574,0.3153176615645688,0.23896548297226572,0.3416833502944728,0.2599303746300695,0.16064664502247947,0.17487401546421413,0.19862018422194924,0.29857565211919934,0.1971078483832683,0.22732330521339295,0.35091886255908017,0.31427078618810333,0.21669614933684972,0.16959613514734115,0.19366503661491022,0.3256285005159888,0.30508021230054233,0.30736007757216277,0.27185854538121107,0.2742990154653486,0.11706226919829778,0.2825084773368767,0.37530110222140034,0.35600798766015335,0.38360480524157514,0.2699839157682573,0.5648925806699612,0.4334884917260995,0.37224016136311816,0.2608483385691904,0.19629054615174704,0.26129999527080483,0.1618206347071853,0.31366421697542335,0.4306879816765351,0.3191850195434552,0.338504265756453,0.24401777311639394,0.3039336037620674,0.20722403911413276,0.2937181890523169,0.40551994253208423,0.3949242947763822,0.35688201160226696,0.139623569896093,0.3515482154029077,0.14987517181867993,0.2603833351632337,0.15918259591145134,0.2365939704042195,0.22897956490110444,0.1781457852741886,0.18741467395540706,0.26736618300378573,0.2729356852170821,0.38406910099850944,0.2694065133749717,0.201905545051918,0.27350517801575425,0.2557946760998508,0.15736689956085181,0.2527330261444247,0.26489378516808887,0.17495633059573285,0.2577345107816278,0.33319479681002995,0.19710344610671307
0.3324770567928442,0.32580603788293794,0.42200938799545124,0.12109786804684892,0.254620099709424,0.42990813107567205,0.4418978990675959,0.4905612600090442,0.554445214340739,0.5372540787141321,0.5243021813337355,0.9999999999999998,0.38441133941193434,0.27515421056190303,0.20702650986628884,0.2566962070064444,0.33392485007646056,0.4279766491897612,0.3458063195045765,0.42451504997050543,0.2801337797185902,0.20284293227688566,0.11029618880477307,0.5977610342469403,0.32247886990424657,0.43966765422996207,0.21006891909445616,0.2035649722910184,0.4051011102772039,0.1250424531955855,0.21726200827421818,0.18348179043393306,0.26478250528827174,0.2521990622385088,0.22584861741855455,0.39607659520232397,0.31429641233709865,0.15371764708564736,0.19235055281455957,0.25804282136039897,0.28953643055142825,0.379594824665092,0.2699862011927391,0.2967495649218436,0.2818158909128953,0.26890736556197375,0.22055299981291662,0.3329212118188089,0.20936374963603838,0.3083430124867919,0.37843590183896736,0.4382917788409344,0.44211711731668896,0.1419208151185466,0.5182760951123837,0.3905326288288237,0.4253693557680144,0.535646860578931,0.43227490959440684,0.6445525077374165,0.7485450883638309,0.5179483382107778,0.340340476006033,0.2585151138229395,0.3022453854355922,0.22551525861764224,0.35031744602302306,0.4178285658613013,0.3178272783282623,0.4550628212104939,0.3418930312689701,0.3778053524691858,0.21162043205744321,0.3598335628558392,0.6157077572233218,0.5392076812106471,0.4407062053314661,0.17462603320479692,0.19824155403823726,0.27569415776248035,0.31618173428650675,0.173404361929011,0.19278002267749186,0.3163522112217189,0.14806522201800265,0.24383234685609434,0.28364289495386724,0.23558881964669698,0.5540405284476324,0.29757856705245067,0.23158491880032495,0.31913835590348505,0.24193297536679825,0.250139397711003,0.28787307517566296,0.24690351967972182,0.19232393477187992,0.262176228122783,0.2463905573590718,0.20614939878900398
0.2518859697957676,0.2462205997746883,0.219472041455832,0.22894854172374973,0.18769076502559245,0.2470326550831395,0.22534505461993282,0.18308508550853164,0.17022086137037507,0.34788405848251897,0.3033223181949618,0.38441133941193434,0.9999999999999998,0.6063087039807238,0.48773426135198444,0.22756882026412148,0.5946779917544154,0.32309548329983495,0.5495295164777755,0.3317882345417595,0.4201310300872548,0.21507640667019115,0.20914037754199674,0.5486874871627817,0.18308142832182311,0.33000423451318744,0.28917028427720254,0.4390821163174029,0.3797861386681906,0.33428291061578974,0.20028622616378527,0.19355428684628923,0.15898780589705105,0.32444561317189324,0.27260226474357147,0.20552384703596063,0.3329429968518032,0.14108748529679693,0.2621196088833136,0.1720022597215311,0.15175555993039633,0.2736052561068282,0.15317979395091577,0.35797417178338314,0.2927515690724614,0.2579895303085812,0.23137561653127867,0.20030196098861952,0.3327338104241819,0.37752076142459834,0.22631687196632916,0.27644697832026804,0.33320423032846835,0.2269564729172512,0.2362976202511392,0.2384836195355008,0.20404718216315856,0.1785105949350739,0.20778110721074908,0.2095001696119121,0.3992247455105812,0.7294569817410376,0.6041985682711203,0.5364406904185866,0.4531488777582514,0.44490295580958455,0.15767292793439744,0.5500404400796303,0.3525817046851304,0.32126672281897073,0.3934140439922288,0.35443645532127793,0.19505187287598735,0.21694158309593237,0.44198157258498655,0.2308865521583672,0.46526401350339697,0.24876223617291318,0.18104548928359407,0.28251610686101586,0.18028649731062063,0.22369777900049476,0.20446864684923993,0.27261112777895646,0.18085821576365893,0.18453789365510687,0.1504180645756386,0.24703022856429074,0.188679741306075,0.20863723490478392,0.26303481548561586,0.1472125132331089,0.2480870251560223,0.23285943461740016,0.25948155172739495,0.24447947126395508,0.2591674367943476,0.259892070150594,0.2728786853802767,0.17370498420616703
0.29493072001122167,0.21486674043442053,0.21056062633749625,0.28214690969024897,0.15028094844898987,0.21499747716799167,0.20854020443592203,0.19154321520021844,0.1582925495102842,0.2703222352358654,0.21454811271214652,0.27515421056190303,0.6063087039807238,1.0,0.767156931994721,0.14838899594393323,0.38779322488742246,0.27722363114587173,0.4755283223743267,0.29569974219810635,0.5209238645288974,0.23213183930306272,0.25182125160219493,0.4118077753773138,0.19931535081243443,0.23755048823018493,0.2637014405942273,0.4778236949306781,0.5068745714689924,0.4195799442849728,0.3657936923940275,0.2765398971132947,0.18662725503692182,0.23014840048693422,0.25509486476297955,0.14844346002249809,0.290901194413598,0.20214501106352611,0.2161120205793383,0.22249480202040228,0.1651832408320211,0.3357804425529368,0.18368691488365052,0.33715805906665897,0.2835478775628822,0.4055228795523375,0.39459483993448335,0.3331644372675767,0.23574218532475458,0.3373644639137293,0.25927975926844987,0.2713543721516404,0.3012288309969525,0.18006291633836466,0.2091476180696734,0.1830749467646156,0.1609774045898673,0.20306366019486555,0.2502117167642876,0.15292187672686627,0.22966416042783935,0.49030738949263397,0.6828968156284576,0.8281844521709691,0.5898179493452852,0.8234186111290068,0.13301341386221008,0.42604707762929717,0.37355060262325285,0.30291088672345157,0.5572502266636218,0.28687996907918745,0.3755015471374445,0.19348427020524786,0.3344825693539391,0.1989047398407321,0.5128712569798907,0.37811897419662777,0.28325278276074506,0.28622939153502724,0.23924335092300908,0.22012534268484085,0.19377968979452814,0.33163459973282156,0.24740199265044208,0.30503230702151357,0.19830346451380432,0.35061552697914045,0.19946458545410858,0.2203506134632965,0.17478926616929075,0.1565265042604162,0.21329643446628563,0.2179679108599855,0.16735113485197062,0.2747515498083877,0.3576886933308106,0.46557804144909415,0.18567387598598045,0.1848007604787142
0.23364514317864998,0.30210563431707155,0.19050626714914223,0.3234636814084803,0.26247442038260727,0.17564299114824808,0.17694392287959768,0.11331871212609064,0.1426486253679791,0.27122252328331187,0.14765527473255716,0.20702650986628884,0.48773426135198444,0.767156931994721,1.0,0.23004782651926636,0.29653264134498764,0.27352022393996844,0.33263751472923764,0.3601025479917588,0.5972201855190769,0.242719978798919,0.2349628993728824,0.32764764459788454,0.16236995211109403,0.19365737218286186,0.25764738450926183,0.5462486349896978,0.5433618534944128,0.5262929613417388,0.4259352427545385,0.3440958720569703,0.23837364398366306,0.2539894413055705,0.25304930377092333,0.15389124726156098,0.2862043962401038,0.1958644884186065,0.15956375027681238,0.20511740765225384,0.13112379402754265,0.26387043429325574,0.1957450871566438,0.43336999575190915,0.3107734890681266,0.4455562275350202,0.32844938380789324,0.2438312576911703,0.2251882363809646,0.31592221073682947,0.27555839531609244,0.2781347910823691,0.31604167372152,0.27464549275757805,0.20354707234586325,0.194150367956589,0.13594181173466768,0.14659616182115898,0.2521278445664115,0.14616563395735394,0.17356393027960915,0.33216598257277385,0.5989669889830295,0.7340745903641311,0.5219238243769574,0.869325138910185,0.15584916983617855,0.2946025421591468,0.3479023717683795,0.29446559278652157,0.5930032258547343,0.31290735093624467,0.42674731143688654,0.21705929068727492,0.2727635778894095,0.17634697940056288,0.4451693196799188,0.46976448837199125,0.3700395250988687,0.24321894382775197,0.23529269787613089,0.16893332598991767,0.20011260761754993,0.29117281435825837,0.3264639590852239,0.30753066364606235,0.1503021548975172,0.4235920713176988,0.1443415112125878,0.1903416121554493,0.1810685900320815,0.21400911256499644,0.14686646100105974,0.21931810549278158,0.18959466885061027,0.39430654162159356,0.4612740630223159,0.4379404233957898,0.1919606639312972,0.23038993447393727
0.19097116583077356,0.5557113093253698,0.3878009500084811,0.3463027044588448,0.45055488431447954,0.3101373174083204,0.4565882578434737,0.38471921455352964,0.42996464075561003,0.4601946553516154,0.22841841047210754,0.2566962070064444,0.22756882026412148,0.14838899594393323,0.23004782651926636,1.0,0.4229779074438053,0.4751220425827565,0.36401288571212087,0.5405157000869973,0.3975521453426574,0.4129172073725537,0.2688864918427413,0.2755321745007831,0.41489283940903526,0.2825438799714063,0.1605084598182397,0.1948267933845044,0.21439723494829172,0.20127919255836846,0.17525923919741523,0.21383110768285507,0.20906453713855766,0.4697076507988815,0.31702558611715287,0.23799164267034734,0.19536223678069836,0.19841112148514534,0.19000121206891032,0.21902233018027195,0.23455814586183255,0.20418323971676167,0.3213947692343767,0.2053793556501916,0.16117233385124255,0.2073395265578299,0.1507067230294273,0.1982458392035902,0.24477150200413364,0.1848619581835587,0.1546295969290209,0.4810889110254236,0.5131700400515439,0.4403132696098644,0.4736269396131559,0.44510662557022823,0.4366061505166403,0.39489443791187223,0.26666528125614836,0.3003936083033534,0.31142776739015476,0.2590782271767115,0.196885329337038,0.13917904108195647,0.23328546461105748,0.15392957746568592,0.551169310900186,0.26282000152732654,0.25147860413758993,0.46417139427421844,0.3316933490808974,0.3879613926062768,0.20036835251531737,0.3007623183166198,0.338166463000275,0.2614672787780763,0.2649435142283225,0.17214744463406753,0.16359056866102292,0.10416817536314547,0.15805739696704937,0.06277846109102543,0.22350831170057914,0.17215122300338873,0.11028718527871509,0.1318782457368993,0.12182194644552524,0.19239218084927034,0.21837710479429842,0.18824116618403913,0.17599909319264437,0.22071104296146227,0.19165279031877264,0.10334676144916492,0.3139958263836566,0.21400571151471,0.17340674886821453,0.13696783274269814,0.4352873565487761,0.19898187443883064
0.12761069919510729,0.2576907020061411,0.25729697143806646,0.2771597431191042,0.21533361383312888,0.26207006464910193,0.3306220845099913,0.2129110328674374,0.2051127831147311,0.34564846137806965,0.3082039628628915,0.33392485007646056,0.5946779917544154,0.38779322488742246,0.29653264134498764,0.4229779074438053,1.0,0.5013934054166096,0.7370677698023027,0.43195647145311183,0.46148957141263025,0.410264372228079,0.3872030511074004,0.5885587819250838,0.23064334944856388,0.32712460885835415,0.18561290465356153,0.3081127032195716,0.263892473465683,0.24790858782987454,0.18236547333683764,0.214049459539063,0.19120869238776453,0.52977564885172,0.28848402949842655,0.21649689127413355,0.24245412091465474,0.14021477405949961,0.17042150324417327,0.21673337663700834,0.20723001039245018,0.15557591722269634,0.24781714209708294,0.2835452868433763,0.1720417786980163,0.2583387254148756,0.19223718285071023,0.20120390860836043,0.2650702027616391,0.28074463816409656,0.18980956057031248,0.28905714902078705,0.30954203426263616,0.19603162207039374,0.23036158501448714,0.30226787844701025,0.284623788688547,0.16483415351017106,0.12398651381561515,0.20683619054094451,0.3845190009455836,0.5177580462778336,0.4282696720515818,0.3806000847594322,0.507399825404832,0.3055382637113857,0.33841717576286745,0.6994213622154062,0.52894940949641,0.5516964075879753,0.47774013271797355,0.481841414515105,0.24917247413326032,0.21932527372357521,0.5714255357686037,0.2911272295143729,0.3640380991347323,0.24211384500887873,0.20749448108189741,0.15556710639893634,0.24607086846612264,0.15233398367900663,0.20823534400155533,0.325635886245557,0.16039418434954034,0.16577517573809042,0.10554149474647265,0.1782574532309284,0.18374652074983405,0.13327115580376755,0.15685175174394703,0.1703432844841334,0.2743837098611394,0.1106257534366884,0.2541948083655714,0.26850430441999185,0.21645163925864552,0.21793456229511488,0.3409380786460878,0.16280591030369837
0.2704113108802236,0.5184754313412462,0.4059856289477437,0.3042778356714729,0.2528684807517477,0.2746024711774364,0.6556948865319483,0.4783499001785245,0.41461414537867697,0.4004153801258503,0.3062078507478893,0.4279766491897612,0.32309548329983495,0.27722363114587173,0.27352022393996844,0.4751220425827565,0.5013934054166096,0.9999999999999998,0.607306292996454,0.5953578091051441,0.39787815151183326,0.362962682954467,0.2685302828309285,0.5346371539614246,0.20311574696378998,0.3094718842093347,0.2106001690828195,0.265998607150214,0.38293361390119285,0.20692069586080145,0.15716585524941062,0.15389794584814898,0.3261624692748765,0.6008600839351947,0.3620405731829244,0.25163881888911827,0.31896779730201474,0.16977493631047602,0.13869109433811763,0.22977375854077411,0.17027255459735216,0.2148326318428896,0.19700563436337565,0.22733984997952492,0.22483018872689023,0.3288958759239456,0.2756501910604103,0.25294370814539785,0.1911836901106456,0.28561634117096035,0.26303463490004914,0.676193447685511,0.5192385050846919,0.19257442661596708,0.4602126115857225,0.295296258607944,0.6542069287764443,0.5016886522792781,0.19438429190100728,0.26568657539483775,0.3669716450203269,0.3724851995636491,0.32927078656725645,0.25038772101842294,0.3450510478344238,0.20704758243582122,0.3307942184329269,0.577893513490177,0.47677240980535956,0.8615639660154876,0.3686647892556722,0.5354039571719506,0.25432715489559965,0.19324038187447257,0.6456290365366859,0.342085871076251,0.47502964903461237,0.27739449930004406,0.2190839641224885,0.2229571679785899,0.33350037241689495,0.1658325562009354,0.25097871039964403,0.3614824244944607,0.22589978844155156,0.2556977619664792,0.23112942113361246,0.3412505074177883,0.4158756083704306,0.18149457204044675,0.14147390583165204,0.199529798961437,0.221351618142507,0.10880377148949993,0.18783981896308793,0.24392322351202442,0.33845478869011264,0.25871456959494155,0.3049625855305749,0.17667134718247726
0.17561784413741346,0.2938347049412229,0.28377319216073094,0.3334731523831348,0.15260131653890893,0.2704483780906306,0.3495942657780438,0.26891174036189663,0.26999114059312485,0.33781043715580295,0.38434854380196987,0.3458063195045765,0.5495295164777755,0.4755283223743267,0.33263751472923764,0.36401288571212087,0.7370677698023027,0.607306292996454,1.0,0.4253174576654184,0.45393727048287047,0.45602601108078367,0.3504729986548842,0.49875422304140915,0.28018534052550176,0.2980661537861558,0.23410314381024466,0.30782257377345634,0.3957911402489172,0.1912882683210466,0.19011615917534186,0.28190206940454654,0.18495523762972665,0.6660023065772607,0.3912856369233712,0.24351171003356603,0.3010943499564665,0.12877295754205859,0.1611811205950847,0.1499050050942924,0.14777878983171777,0.14838303901187733,0.12300857886171403,0.23319852885968714,0.179079790112729,0.26804587300687976,0.23714936991502458,0.2556709492443617,0.2843629708293835,0.29535502119481,0.20221830772907876,0.37100952807867166,0.2842505687712264,0.16360146806355402,0.27844661421698796,0.3138120599284679,0.35681174466721494,0.26474516139526943,0.17738594638339633,0.232509641140305,0.33786783525004915,0.5467318274935004,0.4510804702741395,0.4566982743805169,0.527675040760674,0.30007134363490645,0.2824820635886576,0.7847696510099484,0.5871193706976604,0.5839216638606568,0.4015772787741969,0.4898566277620946,0.23937672103032254,0.21601231616584352,0.5378171794449809,0.26975970620516837,0.51402663247443,0.24689402068160454,0.20638033831694153,0.24144989515620902,0.28165969136428404,0.2253979707420222,0.2177400656063784,0.37177590164348884,0.20449475976122752,0.23424739484647272,0.2094402715186327,0.26043556438042287,0.30562654159584135,0.21374370534787163,0.15467670428643474,0.2276682241766057,0.3274368130625425,0.1060852099612726,0.19479837273436235,0.22350071837070484,0.2459148346234666,0.284298768491325,0.30305217031120246,0.1666443008261982
0.14299339389934973,0.5023237284499229,0.3698685076520698,0.33838062840842575,0.37185009941920655,0.32397886700014444,0.4441911289352741,0.272371318955542,0.4095381873462587,0.40107781207189264,0.26896449718633053,0.42451504997050543,0.3317882345417595,0.29569974219810635,0.3601025479917588,0.5405157000869973,0.43195647145311183,0.5953578091051441,0.4253174576654184,1.0,0.522813586355,0.27842980528481986,0.24677677181396193,0.5016105651691078,0.24843945127157996,0.2715520026540021,0.2385235215386234,0.2610917904318819,0.40670372990294396,0.20058512366217285,0.15922395094962802,0.14217182870266945,0.28485697796489495,0.3785467813996174,0.2595207048437545,0.3135374578976686,0.3001803056119453,0.15208729837568105,0.12774394977928016,0.24276703752055617,0.28570092575944894,0.22808627114589505,0.37056048481559484,0.29495928514632364,0.2134766001282734,0.27789927235671796,0.20518055594380097,0.18298385102620193,0.2674566328738903,0.38502852384295244,0.18768120855981188,0.4933896941229717,0.46692204591528125,0.2763711414350414,0.5615638831908248,0.3674585571661702,0.43573189145561236,0.38955695251484,0.29202895677235063,0.3134474349996667,0.3529527551452421,0.3314671248660301,0.29717489324410795,0.2544915050317699,0.2888544601364048,0.3395510819937772,0.33308500553674353,0.3747174036701451,0.25669030471281673,0.5481879337337435,0.5289862366885252,0.3424235191894539,0.1839883763635172,0.2592609839648679,0.42828033515133296,0.22974884128596973,0.4406088784620452,0.1260612818118679,0.12709934042421783,0.16025090976745332,0.1880231139570948,0.13664732763140996,0.21635501481136102,0.27925390576911047,0.2705384885461509,0.1635605424257159,0.1887384712586161,0.2101514848787569,0.4601915858836903,0.14901392493082743,0.15725695787880428,0.15267512313512765,0.11269869417298563,0.15187490764475084,0.27844774607531025,0.2515524230809444,0.26400266167561476,0.1428119462997868,0.4598123629122654,0.29298889426050706
