0,1,2,3,4,5,6,7,8,9,10,11,12,13,14,15,16,17,18,19,20,21,22,23,24,25,26,27,28,29,30,31,32,33,34,35,36,37,38,39,40,41,42,43,44,45,46,47,48,49,50,51,52,53,54,55,56,57,58,59,60,61,62,63,64,65,66,67,68,69,70,71,72,73,74,75,76,77,78,79,80,81,82,83,84,85,86,87,88,89,90,91,92,93,94,95,96,97,98,99
0.9999999999999998,0.14890287816999484,0.30195821361478337,0.16732482251043068,0.19951852128093092,0.3498282416651015,0.2435061103957863,0.22654036208920875,0.322122486900839,0.25724246220893315,0.21442886022554453,0.292011731674757,0.38825722417976727,0.23235956995896587,0.18231762430371062,0.14328418706907725,0.2807272948125539,0.1500262427281568,0.2238003031787001,0.13909747769107766,0.15493622310769328,0.135467153397096,0.17451771633085963,0.21699858495124402,0.21350312504690108,0.3459385845440683,0.20604925348883155,0.1612483586169587,0.24884964132370813,0.16220153953061628,0.11122512035742758,0.21736046195252545,0.22695184496646587,0.15329806265300178,0.18032598043126252,0.19035160213292512,0.14794574121895973,0.12466091250346821,0.12533473576849852,0.10491605046826392,0.1494025393914147,0.18666759937730681,0.24841190953964473,0.13234730755715296,0.129624778498176,0.08608154775105473,0.15521110225248644,0.2451699861423684,0.3274181319861837,0.18416597677623933,0.5176620797035656,0.19502963625457237,0.1676345693747257,0.15975200489383684,0.20932527954036104,0.44529129225307934,0.16817615017148851,0.23089545132751876,0.22672763475931015,0.17207861083303316,0.21413442456308798,0.20501282590880798,0.2427286721928231,0.20273053420708465,0.2037607493924785,0.24159979018427702,0.15217876677640077,0.21353163036969122,0.19534436657077403,0.15354594692650753,0.13413128390850074,0.15538043173733682,0.20234743166885732,0.09540353842281366,0.2514669722912241,0.24081535022945402,0.2675672308406826,0.2607167346445746,0.13726168422335677,0.3411705753162574,0.24761387386079814,0.21459130947169203,0.2257336475174825,0.2140294273890705,0.23007224574936375,0.33647987867359586,0.12989913599285263,0.21556671581247,0.19404102885795235,0.12607330551256316,0.17247054576086912,0.13048180360135608,0.1765711681895964,0.19420492409948853,0.16014735660531013,0.1693002209183575,0.14617186812700422,0.24030433207384735,0.29813827573667145,0.1909327192106173
0.14890287816999484,1.0,0.42807622583649024,0.761218888521137,0.5318781512427937,0.3320096887789461,0.36749715525694804,0.6897704198461718,0.3433701041504002,0.3196326150031712,0.349041040466643,0.26507125949859167,0.1929732845301448,0.27327851982178486,0.1548843713911072,0.8519948116133489,0.22490402547233726,0.5837599573001836,0.2734305172131213,0.24296477366385158,0.40901644658127784,0.3709942512192362,0.34238626109193215,0.3542523012573617,0.22880110513144925,0.24077095681358548,0.16673470023023695,0.2887527894122879,0.19061383357498404,0.14079790115357563,0.35260843349463633,0.37574545865812353,0.3359758261426332,0.3425921203302383,0.28993706695678934,0.2063969899433441,0.17720644345023404,0.17163306180740756,0.10477606620135622,0.18867039922247197,0.17475554752773492,0.2476812371932997,0.09769899398077983,0.2121200283708803,0.14679710960866543,0.1324298133953533,0.163646576578999,0.18077782659334926,0.17999920770398833,0.24802036095062563,0.161299967381496,0.8119578290092124,0.7353506707469857,0.7889354070462262,0.5035292026123276,0.2625870416785838,0.8094564054203707,0.3746054000756919,0.23015766862105325,0.18611039533494902,0.20217387157508113,0.20672602768742865,0.11990459624031252,0.10842253525670408,0.2887113424236712,0.12443550632509452,0.37462749950852114,0.38628885291881765,0.42385761862587085,0.37448565569722636,0.33768784496115,0.39676782493625506,0.206759110432451,0.19483288337396956,0.39888814975809866,0.3765177442107617,0.19142841080488582,0.2936169342938537,0.373567960680719,0.3125568425411375,0.31142398445806574,0.32578040599007047,0.2500101868839781,0.2957612281496227,0.1655231424286313,0.16861931515760809,0.3058197422815813,0.22025455520964546,0.30930921346808277,0.1433733068869068,0.2525490793742004,0.15070067641421372,0.18539029887341213,0.2996141277830262,0.26996731774885274,0.28690598207871637,0.10910296490975113,0.10047029167277781,0.20572458593199078,0.2395822407885651
0.30195821361478337,0.42807622583649024,0.9999999999999998,0.3587843184051148,0.23471581471895842,0.3791535736346675,0.2413349259105289,0.41869114218982667,0.5630507309316594,0.23039951307312256,0.29938830485087636,0.28403151841450014,0.33908943490113136,0.26196226610631274,0.18760642988032863,0.4111633214744693,0.3641919762884306,0.3277408171764522,0.29997104448131817,0.1561195090679407,0.2633388490037343,0.2317344395180216,0.30917927245265175,0.2759165909919083,0.3176492924185285,0.46830745394831297,0.24042076471339602,0.2096525970957648,0.29505641141651656,0.17782609764258483,0.21470273888842628,0.28132012253532607,0.21589466703730514,0.3051786497710753,0.27712739216315163,0.17770045131036988,0.19221021322675147,0.31446341418254287,0.21107236209415833,0.11775261496323594,0.24297253693533052,0.2541904655247219,0.2551795737102388,0.18265692856962887,0.18490712373427268,0.15976167376385256,0.1526690409954891,0.24492079410280962,0.15299947896286778,0.31672638134117226,0.13931317974973834,0.5442122838858813,0.446196120274575,0.3445001414920407,0.5519975134477255,0.568826074233327,0.38942944811197894,0.4835056111232741,0.2920902685225225,0.25017958036506804,0.200470710254259,0.29983314606495304,0.24919107085979952,0.1570337876332774,0.30331063216841325,0.20293548290169267,0.2742093400891179,0.3306590138885963,0.33886036474950426,0.26483501088757294,0.2913782203987677,0.38112354599731885,0.28914978855546347,0.175729170527052,0.3659086266801792,0.43402928185239625,0.38002523747648403,0.37921080516794625,0.24076395182890498,0.1963041131988007,0.3971550040765061,0.2582920633144609,0.19654039718312047,0.4389776256014426,0.26386490344021885,0.3413160338525013,0.24365608184819582,0.24121942110184053,0.24918118319382895,0.2139963355364503,0.20862844952314918,0.2683745429064574,0.2174771125557464,0.2117650076675715,0.27743293881698783,0.2125724022546797,0.13474780368018024,0.13762142203826686,0.15354561907497238,0.3449913126749551
0.16732482251043068,0.761218888521137,0.3587843184051148,0.9999999999999998,0.5421362597254249,0.3495709747713345,0.3503376319435641,0.5411944652015841,0.27506824752499204,0.27172142659010007,0.2940258880395968,0.25317070469264874,0.20621572183682313,0.26600962502424563,0.14787801011197488,0.6475828496512506,0.2924952726979983,0.5648454956446446,0.3481928837461245,0.21142606616097848,0.34143711909476643,0.3897060876297014,0.33964293804233403,0.3197060734254813,0.3015088756669788,0.21221187435517871,0.15226069825671454,0.3947588502751509,0.18067924016637643,0.1734928488494635,0.2693821399911608,0.3588453504047506,0.3242295283789604,0.4584968062890406,0.31815718924544334,0.18180851854701494,0.17684805336310114,0.18639858441207025,0.12363528937434946,0.11819143916792586,0.2156863292733157,0.1950391879171243,0.16609325009075124,0.22005752186567848,0.10827981020705682,0.18683274561698174,0.1671398489852635,0.1687480813919193,0.20131416588135148,0.24634127028044805,0.1633648147239794,0.630278040968828,0.5756942860810753,0.7765478067465419,0.4115361114838389,0.23949745757875412,0.5868741162641506,0.33232073091916847,0.23568266773738986,0.21330476191942183,0.20511420157788401,0.20615656944121347,0.15916849359861363,0.13556625986224355,0.22937774609261657,0.12467689944341272,0.3431888874275519,0.3557320899390414,0.40792497385112725,0.36485887988476357,0.3200390796197192,0.4278458499296145,0.21463940750160607,0.22846547274888573,0.3817917077044618,0.3657592372874141,0.21355236016098297,0.3050964783095822,0.34351962733053254,0.2563461942181187,0.35562298655941427,0.2968784299679858,0.21530558454894294,0.40239642090156935,0.22320925801775932,0.21447879432684666,0.2667634022383873,0.29869545318019297,0.2771685984657186,0.1995274650721473,0.1968081923641324,0.17209158475259148,0.16590108370750184,0.3318350861154098,0.24370880635568282,0.24800273181814297,0.11308062929241289,0.1298693258609741,0.2145808811243214,0.23564248254823633
0.19951852128093092,0.5318781512427937,0.23471581471895842,0.5421362597254249,1.0,0.37550001174566894,0.24303864426203303,0.42833247144154246,0.25157967152023414,0.24409226529863226,0.18881421356951053,0.16733353760880984,0.1837003232584143,0.22814754877659002,0.14179005077743853,0.39347811479549766,0.14577692496198963,0.24654311352844763,0.16079747964704616,0.20929912116440075,0.25382386769524484,0.30229208883811826,0.22258866736903288,0.2974679674078782,0.16318189943301092,0.12730101840332622,0.15988651925428526,0.2784784534433774,0.14994109649384782,0.14632906113951,0.2684320092334014,0.23927263206448401,0.20381102671294707,0.1744578259161255,0.22253052425045863,0.20757399358873496,0.20053203806924735,0.28252422972798863,0.23456506266549904,0.24207148213925103,0.2756934833101004,0.1631476201875428,0.15529433586732064,0.21197332055443396,0.1793612170445652,0.2332142725450949,0.23695736881160526,0.22283179154526828,0.15592063912393225,0.2613085752957127,0.1942523911025908,0.4221954989808579,0.33252062765305124,0.6195746509922503,0.37331666146635084,0.2092105252784018,0.380477473417948,0.2815652302452389,0.18752775549186468,0.15670118334929037,0.1839675025231488,0.20222722606756036,0.14912122236794356,0.12772359320829108,0.2077230122084822,0.1366937617992598,0.15285881436445387,0.13543229362909637,0.2609260718353891,0.23825512839429322,0.21406092901898674,0.252597933440274,0.15823647283822095,0.14744969558744325,0.2961367449885901,0.22287522113941863,0.15073139311565434,0.21413670301088494,0.2684420417025955,0.2031933691731769,0.20007087748352073,0.25037579156983086,0.26991626019115283,0.21411389502358735,0.14167530813402798,0.1151066827152532,0.1679340670372131,0.19426824886559624,0.3077093468685852,0.21746759942139038,0.24710410806032884,0.22153070030882435,0.23772607463968237,0.2787643609309519,0.12270200754255657,0.22892859092429652,0.18317519384290745,0.16381954517099517,0.18708893601140644,0.24848618266081038
0.3498282416651015,0.3320096887789461,0.3791535736346675,0.3495709747713345,0.37550001174566894,1.0,0.28920749792428074,0.427805374763308,0.5938490665886766,0.31126697634550626,0.16920152122077392,0.19866529591331888,0.25996197575899854,0.34550919595470936,0.21583481863999687,0.25962373281050494,0.20601058678483167,0.32688188455985095,0.2155827022392425,0.2550107518102334,0.194706805765711,0.24835213553913826,0.22485441097872105,0.2438321163519432,0.27535247416560055,0.17093611890901014,0.23199789856372627,0.32042559183765273,0.2078921933627879,0.07975735372107695,0.1975632100785184,0.25741229218377637,0.3550357988968917,0.29353019818849063,0.25612078187182574,0.1667556619997627,0.20757066124214923,0.21937867845461412,0.21542027895401156,0.14027224302192487,0.32360833180522364,0.11547931019225247,0.19396532760538315,0.23290516477157144,0.25737179786069886,0.23113021878393333,0.14355683251461238,0.20189304221457982,0.4329723000730609,0.2326998475998077,0.3469384109503586,0.4312581371118062,0.2629248296984976,0.2959560637137352,0.5795509607034842,0.5968797554159762,0.3185688295414087,0.49998234795792257,0.22137291902817038,0.10934348414495272,0.10924331825373915,0.1564727632323764,0.17269793370937575,0.1853115481900416,0.13360949648706283,0.20239220146339168,0.17941343104164253,0.14640514868010462,0.27295139607788044,0.1903283576532805,0.1439562897950979,0.24274151848402312,0.14923367981501248,0.163427330333277,0.2199885508061689,0.2320751494472879,0.21681189233785889,0.30761655812397176,0.2374607213320126,0.4054529441684736,0.33117147863291113,0.3590436307305112,0.38203937085094325,0.2737711431390893,0.15729146318765025,0.20044619865773963,0.1697250611495439,0.2944413671823126,0.2370253047334795,0.2434727482662673,0.18032250232621144,0.1172635542675613,0.15228487270496824,0.21366088440261122,0.13098545784069793,0.3087764077892073,0.2813168520637473,0.14402893255570215,0.31308115449320195,0.2933293285146751
0.2435061103957863,0.36749715525694804,0.2413349259105289,0.3503376319435641,0.24303864426203303,0.28920749792428074,1.0,0.5273785766486196,0.30168794020182044,0.3013382702823153,0.2716788470911859,0.2441995031656091,0.28090743025435566,0.2547629153659606,0.3304433455952494,0.40023236371693954,0.30551632350756425,0.3982567214949027,0.26106480866542175,0.14160236200100598,0.3944356423060827,0.24588682765810668,0.3820375662889296,0.2261439693386393,0.16346410685252033,0.24898593516556355,0.1373749024466837,0.27724864563161056,0.2770533093171232,0.24613884227582716,0.19663407298937421,0.27503997530257007,0.21960418377216082,0.31453165349611506,0.21280331032347097,0.21644613061979565,0.17750180144664285,0.2123691856483238,0.2160547920265138,0.4042883270231089,0.23485639350382076,0.17809126576431372,0.2408306695903432,0.1584496813750228,0.21997383708486679,0.15584693153999352,0.24364286355995649,0.17044924063165812,0.2580001048919545,0.1611008529718374,0.17855477814920567,0.3909119366867542,0.4798513775240789,0.25125933581075427,0.16953945520487557,0.26559965072077873,0.47643524881281807,0.38678087409368866,0.2546460703607935,0.20844058901442103,0.19104889193488767,0.1404203571656658,0.23422604933585348,0.24711361897710482,0.519531615745305,0.2587728468088739,0.42739118241819235,0.2960438850339209,0.38926445688796135,0.3352506427604516,0.44869049196255756,0.31653367896758644,0.2650393283046935,0.22494973015065234,0.281442275835719,0.23235603250300146,0.2817621767579895,0.4303046236636463,0.2769556798418838,0.2610893828730165,0.305004561178517,0.27402393418093296,0.3316017371235123,0.33081023308839774,0.26397338526359854,0.30743791662849984,0.19155146819763574,0.3076059882528425,0.18715741652437862,0.1796553673517961,0.22582927950164733,0.15845967496826646,0.2404030872749828,0.325380741871538,0.22731458115573291,0.1738902660189951,0.15970434690474317,0.14535047341445506,0.26212466260127826,0.19325586488951982
0.22654036208920875,0.6897704198461718,0.41869114218982667,0.5411944652015841,0.42833247144154246,0.427805374763308,0.5273785766486196,0.9999999999999998,0.5531538769884147,0.3363037702383281,0.29926791403209574,0.3246492244601791,0.28269438259265717,0.26070649911692256,0.19664014304072172,0.6288715345198579,0.23529935836037785,0.503995212296299,0.2495151336414543,0.14349523161572655,0.5004860178658801,0.31062478086619305,0.3351989197924115,0.3169841252308507,0.19343870968680424,0.29638175907546377,0.1368790631758495,0.2648524144097359,0.19168852051086616,0.12677222247443887,0.26416992978190934,0.3317755650959817,0.20554749787079624,0.3018962689696959,0.2370356340461251,0.23455925035885508,0.22229612102937096,0.3335697783804648,0.30099335092412904,0.2362265610201949,0.3745815032171892,0.19216591777607653,0.21375221082714024,0.2226401466528702,0.24476750198408195,0.2130703782554778,0.25499414022289435,0.28714894255215445,0.2636207101336765,0.30755486205852883,0.1776759581960013,0.7748712161586536,0.6064404852043409,0.4906515838900433,0.46666545446974017,0.3926756116552258,0.8219034001904159,0.6545924417650537,0.3019315223120677,0.18273950836067074,0.21738145350227728,0.22261834583260814,0.1634451613408343,0.1530601713449244,0.3409969135493994,0.16108945921440782,0.3159908912798006,0.2513766998992706,0.39571533857338287,0.23518857167654478,0.30820430623282663,0.3878017656146131,0.24343278801777662,0.142403076496746,0.5287245243619965,0.4349516113227943,0.1353683962209038,0.3737524694128396,0.34236425738600934,0.2894914966746332,0.28965480968620533,0.5690906926256726,0.3907651519941541,0.30955363365306154,0.12418577810682084,0.22714879812300282,0.3340003851462549,0.2520681616496038,0.3805144355581462,0.32439968037333605,0.348677093075863,0.2225247126477799,0.3083779618328582,0.2914566798859514,0.174481268083812,0.28986421538922236,0.20502973403104918,0.22195821809413877,0.2563563982582942,0.35349719069425367
0.322122486900839,0.3433701041504002,0.5630507309316594,0.27506824752499204,0.25157967152023414,0.5938490665886766,0.30168794020182044,0.5531538769884147,1.0,0.2563723997417212,0.2216561156703341,0.3375417997829261,0.3563791100682304,0.3784919120790413,0.3138830532708346,0.2991389371988439,0.23307304940247991,0.2564804449073188,0.2481282743224885,0.13445289550112924,0.33505977663172704,0.17393962647614444,0.2317481736776173,0.29544308705206135,0.2627582092352288,0.3782934402712457,0.152875807423996,0.18783596722827017,0.2714459907878501,0.12421612465387637,0.19482277836353276,0.32045121767207235,0.1913083918167013,0.2745742785724924,0.18327764861851856,0.1679689787684836,0.2010866657844904,0.2940085727520413,0.26933128054091815,0.15652054789437445,0.3005374369732198,0.2092472475487598,0.30316979968960817,0.19935232187510243,0.22832638153387375,0.15436892764608035,0.13259094430093893,0.1896279482158448,0.33537177888874437,0.30068890795389747,0.199186728058832,0.4962858433937483,0.34718336595701643,0.2786677186075763,0.5919351396794919,0.6979736819351876,0.4278672038459326,0.801200711074358,0.28300038957847323,0.20826005869257302,0.2223449052454748,0.33486650490062025,0.35652461772945404,0.2895051328356409,0.20161336222622797,0.3445579819212803,0.21859745731872263,0.21790426808582913,0.23194205931755782,0.1860875122072511,0.2021482499346335,0.2296208130352272,0.23528717518993936,0.14527041876558666,0.37123000574202675,0.36236680548735073,0.23551352424583052,0.34339214930084005,0.2077898724160916,0.30004536172655805,0.28937195737023924,0.43466633228813767,0.3529070652864089,0.32135763615912394,0.2103519093307077,0.35501407849101585,0.21281502571492084,0.2360195269679003,0.21206172334430873,0.2538984779845905,0.3004728794291496,0.31855809637707605,0.2918361554767639,0.15813679268886316,0.1654484813690466,0.21000211827248372,0.14310228962496846,0.18666557985004872,0.29526137756165427,0.3327254875556479
0.25724246220893315,0.3196326150031712,0.23039951307312256,0.27172142659010007,0.24409226529863226,0.31126697634550626,0.3013382702823153,0.3363037702383281,0.2563723997417212,1.0,0.3981693421377478,0.6477437378399403,0.2102188234111417,0.14931848216382976,0.12383748960458986,0.2983664947604439,0.24004739391362476,0.23629184939824832,0.13164192537707164,0.24725210086812785,0.21702633382138184,0.17784084959415378,0.15105885787816514,0.3468988220213664,0.3774276706888659,0.30179931631571727,0.24342855936485597,0.11129981931154703,0.13909236672011221,0.09606311087582901,0.23185368416247368,0.3128357525542226,0.2315013598929756,0.2198819873598689,0.1808959619088359,0.10902849640160032,0.20064160132386047,0.1375544360864931,0.13064470396173467,0.1789094036879374,0.2608955367433704,0.1845113408590232,0.14327399490446355,0.3100587339260157,0.2703465860559001,0.25783816021495887,0.3949519144102673,0.3199548361581884,0.15508254994645038,0.22234430630323898,0.16867516499010404,0.3466048078055889,0.30260993959875004,0.3337054132144253,0.18490816490225148,0.1698433555751935,0.3008159423590946,0.26565718133092825,0.5840988185770483,0.3682384433941839,0.43293183872764807,0.15181396615027282,0.09883937837814076,0.13993071664221646,0.1709890009143282,0.14291000031273868,0.23306639183899694,0.23010359554851478,0.15914598858395093,0.14658688153516322,0.15395992393274327,0.12501580447207072,0.13871535704248822,0.2026436508942828,0.4137514342902866,0.4827265448257776,0.20650263190432663,0.17115518732490073,0.24756064011064705,0.2366187552204645,0.23271764241385315,0.19803705727181917,0.19622694614285577,0.2045152222575592,0.13466714007795652,0.21086631550148757,0.196388523797208,0.11088339426952026,0.1514032598511453,0.1399087773291633,0.2261849678720077,0.08776845997009992,0.12773529195017422,0.31535630094616457,0.14871903265259148,0.25959690782271494,0.25422099423499633,0.13030714869817442,0.16543605083755597,0.20840989606692661
0.21442886022554453,0.349041040466643,0.29938830485087636,0.2940258880395968,0.18881421356951053,0.16920152122077392,0.2716788470911859,0.29926791403209574,0.2216561156703341,0.3981693421377478,1.0,0.47129779233411107,0.15245170765454896,0.18432192105573197,0.19064857910165303,0.33785724393520067,0.17394114828385707,0.27240947851492714,0.2066330500547059,0.1872450145229936,0.26149533770317146,0.16488952991641928,0.20299097767895874,0.19569475915291867,0.15328721405300028,0.4485205915500365,0.17610915684467382,0.12171304377319905,0.16675059767215844,0.12359719929295689,0.23943016128513342,0.2541119105325795,0.2799876844735768,0.2741538324354981,0.23763024743510386,0.16792296539961069,0.12424085300640443,0.12095471952644278,0.13479359072765001,0.23391426178688915,0.09415155893803565,0.3420083914296515,0.26544337937383033,0.2427064902817574,0.13470269613099262,0.13986565993608674,0.2588510846078978,0.17840593480523848,0.14967941852870428,0.10168182862146959,0.09938900699542494,0.3386195691674987,0.3701843859991791,0.3342437191279911,0.21146893459053506,0.18198714517051937,0.3506512740869406,0.2120500887380768,0.5196051898358629,0.6675839306754732,0.4579488071202579,0.2909761616080266,0.23308383505290087,0.2583615357870057,0.24742850392834345,0.19000770244747464,0.30564276549018654,0.30171963600922314,0.256847233552224,0.3242215010463427,0.3061041094384962,0.15927236913648077,0.2066953882218875,0.23328521375124167,0.24788152354084886,0.3660840941242355,0.21532563579380995,0.13181159794151054,0.30296464204691775,0.16333798383330345,0.18617689154768813,0.14071567568223703,0.10518979548928874,0.2014050601118501,0.21779910253656978,0.2821603785394055,0.17631410205912224,0.15078757817845195,0.16217653460304424,0.13604581419595854,0.1916507884583887,0.1089392357442303,0.15379583229446073,0.27833001920716355,0.2575443348035242,0.2804229902139918,0.13401769847566147,0.17655053877679225,0.16665250068615733,0.09220451006058941
0.292011731674757,0.26507125949859167,0.28403151841450014,0.25317070469264874,0.16733353760880984,0.19866529591331888,0.2441995031656091,0.3246492244601791,0.3375417997829261,0.6477437378399403,0.47129779233411107,0.9999999999999998,0.29697196619091537,0.11570587893141572,0.13034372267779815,0.2502459523493814,0.1989662216084263,0.20379980656701996,0.2224034207536948,0.2871405870617854,0.23150235253245452,0.13196694001927564,0.13486221663610146,0.3435668454014802,0.2786444702997694,0.5261103572101926,0.13984271259378347,0.18065744024029554,0.13518815688861444,0.14252701453546013,0.2508722022018979,0.2562008420845234,0.11790296925229134,0.25337885964547474,0.1538617682858551,0.10742362524420568,0.1552107561728544,0.1313261358622637,0.12581469251245073,0.19548501939210433,0.20647115160163138,0.23806659366928112,0.2173752386948317,0.27818208638075426,0.11344141810460592,0.14973264178680537,0.3482118165249652,0.23612220124625885,0.17894323279402155,0.1867126210682547,0.15360488477085235,0.28112971076344245,0.24083427070666957,0.24390706270613086,0.17342547488879007,0.231802798303471,0.2717849654624398,0.3177393430765259,0.505417519885649,0.4940670406878503,0.6983266935926822,0.3567949549575902,0.19083126590520885,0.20773363496063224,0.14663894349587747,0.20740615384649083,0.21633123009325222,0.21424028139796475,0.1483730877059337,0.24923128362503943,0.20463701413733382,0.1735148519938303,0.13075845390260873,0.19049254097982488,0.5144929014456323,0.4900761480645072,0.1471923033682045,0.22986702735054074,0.25156405250471,0.16394921516811906,0.16464381017665997,0.20888569518314587,0.18935403853818927,0.19525168956356953,0.14590722616261742,0.33728116959468957,0.1941212212977332,0.2377319014028146,0.12604120366699345,0.14447967396008365,0.2741824104311202,0.15627590547643502,0.1467927250429787,0.1418938187436719,0.15819761135688734,0.23269973616751585,0.12061462200087752,0.11270986060452626,0.19061009687896105,0.16553695216512485
0.38825722417976727,0.1929732845301448,0.33908943490113136,0.20621572183682313,0.1837003232584143,0.25996197575899854,0.28090743025435566,0.28269438259265717,0.3563791100682304,0.2102188234111417,0.15245170765454896,0.29697196619091537,0.9999999999999998,0.2928031266612937,0.3926206649751532,0.20446338673944597,0.42883981679817507,0.21778647280260083,0.2303770444727115,0.1500547593294474,0.13128742387431067,0.3094328157562391,0.255466196040324,0.2691277208813604,0.2686090043044437,0.28442419827706683,0.1826332216760728,0.21031769378176796,0.3194975351654604,0.3511191230644715,0.14693981998126338,0.23447903154236005,0.13841293728927695,0.1672461475945265,0.16583182486016634,0.16587526016941334,0.19945484959719784,0.2279629402636827,0.20672596920704528,0.12643768688235024,0.1942637245236588,0.20589950482986116,0.27487011845941,0.2526820172537582,0.16863328712492157,0.19147014331845258,0.16889425385228798,0.20014394887286463,0.25710893305780363,0.19527913641510125,0.31263718153785675,0.2994944057960973,0.21779510199046082,0.1589143678791318,0.26411339257039157,0.401488192239516,0.21674753608342587,0.32091395297631503,0.1472607926382052,0.1420581686561021,0.24283098946278253,0.5863201998003572,0.49493745326199307,0.35852109119964704,0.2358203046686702,0.41420965615652927,0.22411865656951047,0.32162626555951074,0.21738796125308718,0.15424209648327425,0.13401404517419502,0.20814151692992972,0.26999250566246724,0.17313445229747731,0.3333869948805636,0.27995918489811705,0.29914501397120163,0.36790885753688873,0.09480290340561102,0.3221553144866329,0.2761682642040687,0.31200005350970106,0.24265598490981663,0.16904410992598023,0.22290657608955705,0.3392392695372528,0.15209115002771767,0.3002970848709333,0.19421647094164637,0.24995799902213595,0.1623732318904508,0.22953601242182564,0.19976883376295346,0.18748700834980517,0.14234461248964173,0.150101329035113,0.14836486241767577,0.15627741324969363,0.28310520142272866,0.2284676543660312
0.23235956995896587,0.27327851982178486,0.26196226610631274,0.26600962502424563,0.22814754877659002,0.34550919595470936,0.2547629153659606,0.26070649911692256,0.3784919120790413,0.14931848216382976,0.18432192105573197,0.11570587893141572,0.2928031266612937,1.0,0.6757746708511888,0.30130550849011145,0.17260166922170972,0.2490126767409467,0.3286855086712761,0.17876382823621967,0.2752738715710903,0.15791251294720582,0.29725416960274054,0.2890907368395536,0.13961237755406533,0.12039405729231717,0.1364444329299238,0.30760428654656075,0.24836789968335657,0.1915257308244729,0.17213464336420026,0.4047619192415415,0.22951078900674546,0.2669593857711417,0.2018130251573831,0.24146966712772525,0.2688422970762838,0.38585202214329956,0.2598051515778166,0.2492658674398134,0.30668165206342346,0.12618003637295336,0.3381203514324354,0.3066809828583777,0.22110957482420462,0.1557247084245909,0.1789279693942761,0.2708252435087055,0.423321965861255,0.4125487955105651,0.2611437573624513,0.2597777341865353,0.2552489420958029,0.22352935944091515,0.3385481694329268,0.4307022950119992,0.2578004988582591,0.38157011504293864,0.20975681396090845,0.10221000293935763,0.09901301230759357,0.20771680403456017,0.48684985889927745,0.42886755344003374,0.21884478482710862,0.6799663915743178,0.15993584782693673,0.23423309849632823,0.3948615408117507,0.34491382696670075,0.25472955864144486,0.35443191188204826,0.32284497755351355,0.1885975701873487,0.23711749853723502,0.25040235366974656,0.20240037328833863,0.27117270210951827,0.20179340205159543,0.3438784587508787,0.32024068784721754,0.18919826682407956,0.2368923822746623,0.36383466387083385,0.32071924093592774,0.3306681431508643,0.35310957897458395,0.23298061767622757,0.30885862368532635,0.24982523958181352,0.19306728768728407,0.17797348746792957,0.3560474249493387,0.14835563036813199,0.21849657226412955,0.349567365884555,0.1753112473515879,0.17740696609610396,0.43282641417425954,0.40853725756491
0.18231762430371062,0.1548843713911072,0.18760642988032863,0.14787801011197488,0.14179005077743853,0.21583481863999687,0.3304433455952494,0.19664014304072172,0.3138830532708346,0.12383748960458986,0.19064857910165303,0.13034372267779815,0.3926206649751532,0.6757746708511888,1.0,0.19285397500932777,0.17739377700986111,0.18571346848061734,0.23495942075848986,0.1959939708375329,0.32236597204055545,0.17830891746919067,0.28064586957885873,0.19539697208543905,0.1738347140128409,0.10972810086520678,0.1602896986383489,0.2209646685745541,0.3380093949256815,0.3196097962554698,0.12127678309913653,0.2640091769752706,0.161357588182365,0.15615139732858546,0.15748015572093965,0.1893837151742173,0.19010292742738277,0.2754878794860879,0.24575211828538798,0.24807619335410466,0.26204811903456077,0.16731951267037412,0.25429203020187596,0.2740231747673318,0.277585410499263,0.21174607800351045,0.23709656112257615,0.296154446916953,0.4083699615966438,0.25962205707084646,0.21118755112909865,0.16869477135297617,0.16875528076638055,0.13079592754811598,0.26842698401030773,0.3382671766744277,0.19107888219284644,0.3363676690041157,0.1719683475523451,0.14583012809391993,0.13254919101443205,0.2569099309606333,0.5664068594612448,0.5179899060349537,0.2943040652295414,0.8450886510149093,0.1906493642441111,0.27425483157851954,0.22072524939712604,0.20764582288781708,0.26191981664441183,0.18661316298095326,0.3512014330158882,0.18060361623518795,0.20301319864392742,0.2455544592781983,0.18110661123768698,0.33516453982587163,0.09843214723251217,0.2222323068712633,0.191272168218051,0.1783496967667873,0.18966606216630663,0.21023999430157844,0.20009708220825065,0.20171263809774914,0.22225182773767665,0.24764030780321955,0.21979725310512135,0.24903415899376563,0.2062349727048036,0.1807250052140384,0.315260214959001,0.20134042964775378,0.223242394175085,0.20342480652236042,0.20049272763158718,0.1576474026940095,0.4610005081283631,0.2328217454925886
0.14328418706907725,0.8519948116133489,0.4111633214744693,0.6475828496512506,0.39347811479549766,0.25962373281050494,0.40023236371693954,0.6288715345198579,0.2991389371988439,0.2983664947604439,0.33785724393520067,0.2502459523493814,0.20446338673944597,0.30130550849011145,0.19285397500932777,1.0,0.32578228113938684,0.6269733197336573,0.3215768540172401,0.242450440332702,0.3941868177210911,0.445824644599939,0.37166855604188176,0.4029451030679873,0.23469531288319104,0.26396249228724566,0.16189962407920414,0.28705449990125875,0.19792584549177414,0.13512680742007474,0.3058194383804583,0.39444902508953883,0.35084466699597017,0.3899947178158565,0.3062910046904507,0.25284998439048,0.1962283229911041,0.184077765674084,0.12838438222650553,0.1976435543707863,0.20856057413676632,0.25807064054444273,0.1283457482622404,0.25885520235908266,0.214976268953191,0.11453889502547976,0.17516921618985468,0.19881502385455138,0.20961083049267257,0.3100672491027016,0.15973952179609466,0.7163736637923523,0.6990208706659051,0.6489576012893967,0.39726446891616196,0.2707192853109375,0.7557546880039968,0.35691547622709224,0.1945537920404294,0.18073722375088572,0.20132732808074957,0.21937810895878898,0.13878189066072225,0.13233697535441086,0.35717174370658966,0.15575709759682038,0.4260134520822071,0.3834369615223995,0.46142920619409633,0.39068982945265673,0.3505338155333426,0.38378284014141995,0.2091833347871955,0.20212084966843988,0.4507538633091901,0.39736638016998893,0.16922893485369603,0.28499842540665976,0.33382366611369246,0.34623778327485755,0.3735132496962757,0.33577764590447523,0.24215539097835326,0.3751003524737767,0.186714236738031,0.18414776478576275,0.32471872786562134,0.24520842330456563,0.32249768420660163,0.15023542172863363,0.267633537697953,0.15478573243203006,0.2005924377085933,0.26543035995171016,0.2741758486095159,0.32770192340912924,0.12030344262391249,0.10861549482680807,0.20568385239687634,0.298533692907197
0.2807272948125539,0.22490402547233726,0.3641919762884306,0.2924952726979983,0.14577692496198963,0.20601058678483167,0.30551632350756425,0.23529935836037785,0.23307304940247991,0.24004739391362476,0.17394114828385707,0.1989662216084263,0.42883981679817507,0.17260166922170972,0.17739377700986111,0.32578228113938684,0.9999999999999998,0.3511740005139213,0.5302786018052217,0.1774488140509619,0.17528241476902506,0.40810875717914125,0.4025005152190052,0.30219277716146886,0.30655335932663313,0.28364918021004387,0.15567291292031377,0.2107119119536479,0.3368971149446589,0.31084292618469767,0.10574441854101344,0.22953644028342315,0.3283625048449921,0.4083254000893917,0.3878621543707449,0.21494518401553672,0.19170307845503207,0.21864389478686266,0.24938931294204736,0.06805564977828665,0.28554134413689986,0.20943773752685935,0.2732274493228376,0.14032764517885657,0.18676521547108718,0.206850694551478,0.24116522676021393,0.18626268441166138,0.12339467480685053,0.3036738326531106,0.22521714094682968,0.2339411172381171,0.214966181136771,0.17983452306040842,0.14940394909818033,0.23786948230538046,0.15898151299599114,0.22263318780903818,0.20199451964115067,0.1325848217135834,0.13807604946752414,0.1661695470861567,0.17867304574172974,0.18455656272859422,0.3112441284109705,0.13334138983887495,0.29164572386931686,0.3559721396689096,0.3789248538900441,0.22413103498899276,0.21229197591538018,0.35717900167710137,0.3835513130465333,0.17821204211969344,0.41635884511198434,0.3771403063371872,0.3276019176665299,0.39294727418953873,0.13939827997096677,0.26020369010295963,0.4945502452481393,0.16997069452944508,0.21493151133938931,0.48644851335186345,0.2859178223291794,0.31137773697659393,0.1392228101572909,0.24231087653205308,0.17869418784283228,0.1815956100259165,0.1706972270915664,0.228937891059197,0.18798393404788716,0.30094586700573933,0.12211381792367752,0.12554358638784402,0.17682611738073323,0.2038106850935969,0.09456056367910624,0.29475132318678154
0.1500262427281568,0.5837599573001836,0.3277408171764522,0.5648454956446446,0.24654311352844763,0.32688188455985095,0.3982567214949027,0.503995212296299,0.2564804449073188,0.23629184939824832,0.27240947851492714,0.20379980656701996,0.21778647280260083,0.2490126767409467,0.18571346848061734,0.6269733197336573,0.3511740005139213,0.9999999999999998,0.5158032438931162,0.22253098508202784,0.4344285968483784,0.4663563105852607,0.5265131937093136,0.2226499258631434,0.2538635836287529,0.17634284407009276,0.11832495798887975,0.41114619437431293,0.20825032644851937,0.1205378477217834,0.14455935866537983,0.28116852479921445,0.36881271231206336,0.6654109420777589,0.46723406041371646,0.18851950913862378,0.22308818640267372,0.22617096724226718,0.1548200926852154,0.0869540156743624,0.23896718325284066,0.23394821535030605,0.19566993876341793,0.21782328095881126,0.1525625843278723,0.14917464038932826,0.2382051906477164,0.18125120349049678,0.212578301579788,0.24703861461261514,0.16570686392972767,0.5761388894004318,0.5690264085339152,0.4118405741309536,0.39429279238556963,0.2516066220299788,0.6209760517554078,0.30832147729772896,0.22474015848189083,0.21440968572714467,0.16178092988716977,0.12760792696370077,0.15120526223179492,0.1800780763883216,0.2750704333991926,0.15597641673745918,0.4236569915292507,0.31244947253629196,0.5474536821215481,0.5722794541909644,0.4356758788480434,0.4660780908427007,0.29471619942849536,0.15090542739214707,0.25718445576204246,0.29166069813781736,0.2634375143065084,0.374464307250762,0.24136742432847655,0.2525314047595001,0.36748112777034275,0.3012485138733526,0.20249010417324184,0.35665220295616035,0.257737982129551,0.2425741190749637,0.3030858532605175,0.3541999652145622,0.23141407280820137,0.207385061450445,0.254115504275663,0.1777863094522111,0.18404930313089862,0.2550769461953755,0.2195785998536111,0.33622404565283354,0.11151647350264665,0.1423850584949799,0.19804459034152908,0.27029442189990616
0.2238003031787001,0.2734305172131213,0.29997104448131817,0.3481928837461245,0.16079747964704616,0.2155827022392425,0.26106480866542175,0.2495151336414543,0.2481282743224885,0.13164192537707164,0.2066330500547059,0.2224034207536948,0.2303770444727115,0.3286855086712761,0.23495942075848986,0.3215768540172401,0.5302786018052217,0.5158032438931162,0.9999999999999998,0.10762842274123102,0.3109857663407761,0.3043533401179346,0.5153466572966958,0.13713720304539964,0.17968428310332446,0.174634561224038,0.12334338304075236,0.35101855776283586,0.21213572792483246,0.16747984057717516,0.14065337701916167,0.30967950767589186,0.3312210547546963,0.6164909929699323,0.36199499994177814,0.22345976075124444,0.22846888654320174,0.2744108751258181,0.2101915917458817,0.07858484609480082,0.3085263240890042,0.13911351570511457,0.3914351406998197,0.2018410616106715,0.1512642107730471,0.19637455827653702,0.2638071780035497,0.12658465906386562,0.22905485834914904,0.31912891630988294,0.16727200681121912,0.23896885652836422,0.29032947505661405,0.1925170618138919,0.24623381367531913,0.2367640961391292,0.2696211600623256,0.2766646509746429,0.28574913192142276,0.29113998433593324,0.2469714710857187,0.20653926385605256,0.2049301196276937,0.18253776598483315,0.30735001626308484,0.2560568112684503,0.20955720756638704,0.3514890040233894,0.5977853928062952,0.4818186567622942,0.3432003996771147,0.4571172930765435,0.38095841785291173,0.18437759800281325,0.23679876366913005,0.19962354011459685,0.22522676559804777,0.3342603820885208,0.17962985482925134,0.27987275823369573,0.364269932802592,0.2235943276305192,0.1468689798615873,0.4224291016620454,0.37391815657007155,0.43188817831297466,0.2685087570044909,0.3324521650592295,0.2348728278227274,0.29284665491509254,0.22876905515474183,0.2250040683306984,0.19998713708272925,0.1939689472246965,0.12534025096601098,0.30954143897212916,0.18701416152211647,0.2613631221047538,0.19321693935266643,0.31591147047015966
0.13909747769107766,0.24296477366385158,0.1561195090679407,0.21142606616097848,0.20929912116440075,0.2550107518102334,0.14160236200100598,0.14349523161572655,0.13445289550112924,0.24725210086812785,0.1872450145229936,0.2871405870617854,0.1500547593294474,0.17876382823621967,0.1959939708375329,0.242450440332702,0.1774488140509619,0.22253098508202784,0.10762842274123102,1.0,0.2927265267754724,0.21385592935325523,0.2217549382652632,0.2566176764018815,0.21314909317162994,0.21880506927586732,0.1968064559332385,0.21184716422565175,0.16179877341261062,0.2213459648607608,0.4287974575656362,0.07458371209320663,0.18623027005337353,0.12230109221841746,0.16026090224440576,0.3983832933421933,0.25031468517500294,0.17853191259014334,0.14891904023156027,0.18527443024444368,0.30460952660056606,0.2214053861114219,0.1273903973518044,0.20317041776364544,0.14591335769355276,0.2547561954335176,0.2968339035563475,0.29819471866075675,0.29287969268500696,0.377665448081783,0.24255030104411818,0.14797467342470827,0.13040847752058254,0.21902804092644057,0.1890247862713636,0.1754310939442938,0.16806484949610714,0.13854958775950657,0.13404143782112662,0.2803421237066204,0.3472437543398722,0.1904455614819006,0.12367552034757126,0.07779473930448112,0.10461920936718064,0.12161432066370076,0.21619766000781476,0.12539391859305082,0.14624235515147996,0.2634635189257486,0.27319821706264497,0.19332725397239794,0.17563905077829614,0.2555729675840439,0.34565136281477743,0.33062407854485304,0.1603466457636605,0.2125241500176726,0.3102261764343459,0.19537401440142188,0.14541157873206403,0.20712908654162962,0.2222654526825361,0.19236077321627829,0.18535092199716668,0.151061764576883,0.23251990055430255,0.19281830219486545,0.4198320775927482,0.2322547010236774,0.3403398548559812,0.21184235068502308,0.19404772355274502,0.09989670812510876,0.1998020921190324,0.17925883691597086,0.2526895385189134,0.25018326185495815,0.3039444280280596,0.3266905445855385
