0,1,2,3,4,5,6,7,8,9,10,11,12,13,14,15,16,17,18,19,20,21,22,23,24,25,26,27,28,29,30,31,32,33,34,35,36,37,38,39,40,41,42,43,44,45,46,47,48,49,50,51,52,53,54,55,56,57,58,59,60,61,62,63,64,65,66,67,68,69,70,71,72,73,74,75,76,77,78,79,80,81,82,83,84,85,86,87,88,89,90,91,92,93,94,95,96,97,98,99
1.0,0.1349884616378744,0.13475485443801685,0.2605758972703811,0.18158159056384465,0.21055736125405747,0.20333140696491622,0.1374524066970712,0.2246883781146092,0.18253509992577333,0.13805939364130174,0.30908175722296943,0.08301141953964503,0.18976690060500462,0.29420492862433,0.26882295369085357,0.15156992454181772,0.13903825815993787,0.17554078650515945,0.14219425288291931,0.14610542340572608,0.1163488408618235,0.12700980492384228,0.24064594444297016,0.19786691897594214,0.3141569566688479,0.224932206507784,0.24852499467782307,0.15815429777926449,0.2255746077816555,0.4049788090361392,0.3899898531318102,0.19364012995565405,0.2710354708768511,0.1828019783269931,0.13999237845216486,0.1124773856240513,0.36388824015307675,0.1475290015855631,0.1182438501392488,0.1227770534824829,0.28626775061541715,0.15863641360268377,0.2095524977102584,0.2868404565164446,0.2234843364813204,0.20889765121094828,0.19718893930881956,0.21851619034819114,0.1331485062754487,0.40103794249191466,0.14864920852578092,0.17243195388446,0.20667577313711405,0.20259202675973442,0.16698286289218875,0.16357775500965177,0.1408495831373933,0.13987193753831326,0.17020539423685857,0.18112446053093428,0.09097978764548188,0.18898225909722072,0.248092835241034,0.34959462420612847,0.2916890923734279,0.21367493081888517,0.21708241334545014,0.21369774979666598,0.2021130936522267,0.1960790825108831,0.15921219642234044,0.19021649170591604,0.23634561648813612,0.23494790961544976,0.26643561816857386,0.21546515528364954,0.2146152290771385,0.32060190411316397,0.3018767746695263,0.17780531228344332,0.107736920885882,0.12769982458329357,0.2500311234235957,0.3236838740452266,0.10781694140224013,0.07623261437338365,0.17432177151826006,0.14137423260651708,0.17141611208331956,0.1754588165453207,0.272860361884379,0.22463583500552126,0.2567707501688165,0.26898533012846504,0.16717711616118766,0.22781467200881503,0.22322605350774294,0.2797442977082832,0.13359110801336216
0.1349884616378744,1.0,0.332183456611987,0.22551406092994064,0.32867560374736626,0.2599526806141859,0.18388956811150392,0.14264638908137647,0.2419795414218725,0.27622720621630775,0.21977806034936298,0.2312221037341659,0.1900391164857974,0.2774082260598793,0.19145762540568667,0.31082246331970736,0.1511983536946427,0.2573598136383459,0.17494473359956,0.2883456777710054,0.30088423229346484,0.31006452237151694,0.2557283978998184,0.2304598880031471,0.32082860075753145,0.21947433276482023,0.3085101806855032,0.12513107848208563,0.31678094839584464,0.2565987811898152,0.21519452335210965,0.1377559965770419,0.20438863247987477,0.24430571720576466,0.210582058138615,0.26853994565897976,0.14075370340458193,0.27136855500256735,0.23097664834903853,0.29326190796918683,0.1895516129634271,0.2393809188454548,0.1656280784377897,0.234866215948058,0.1309125464893958,0.31197937262007347,0.3491508112024943,0.2217700297199343,0.20537710178165045,0.12687930501661185,0.2017146002196627,0.5295946521690804,0.23621758325041167,0.33582159364736547,0.3097574504091055,0.19329222956726155,0.15228099201515638,0.3951524556432472,0.18610417480801167,0.12708635633508947,0.2443297555389186,0.20669742064768687,0.24066978997690214,0.19923520634183572,0.1991093512095362,0.16416074040778222,0.1883860466414257,0.20944168520793896,0.3016715423553376,0.24818105398648807,0.2570800449092097,0.22764680229375875,0.19438799371259669,0.2927631086439707,0.27828949199416375,0.32426501295804805,0.2550569688098373,0.24093389642513946,0.2991385368183672,0.1917184912686355,0.1973373217676841,0.20037404391603625,0.19976264459505855,0.15925176746674308,0.13214684113022007,0.23338331562291006,0.1381764651371949,0.1993945915989958,0.2335137305095165,0.2222766376945623,0.22408141421965203,0.2378197287162417,0.2641370042412238,0.18245098798252718,0.15556829209881431,0.31545883787846063,0.204448472637401,0.1519867556066167,0.35193056617881907,0.13718779014585047
0.13475485443801685,0.332183456611987,0.9999999999999998,0.181535020299902,0.20064329876026615,0.5572991037924441,0.21361426108235318,0.2745034980019147,0.30116601390071684,0.15879611733282128,0.23946912943845977,0.09075853396004277,0.22897921222739845,0.2882562964216117,0.21783935143772368,0.13831152235917266,0.23990061149454844,0.18492947513280872,0.2574421673413945,0.17724515620833584,0.3012703118521532,0.16344209149947425,0.30768124890139964,0.15988851466250564,0.1723100796175302,0.15941884848265492,0.22405501349779294,0.22126354195668163,0.24339758886431995,0.16947699243661266,0.07696247197353484,0.10692406580930974,0.14272609082016063,0.16982288497024536,0.14094633453667268,0.19865826486473637,0.14405274748681432,0.06921422063674515,0.15668484627951226,0.1981260238406523,0.15445668099240162,0.1038805577829005,0.16145864837227414,0.25739713390689006,0.17663847876721167,0.19503507597621506,0.2293006908985882,0.15378258031830502,0.3994040138054946,0.1271299254815236,0.13484906830534832,0.3978029433584929,0.08916566801144026,0.191512933762779,0.5582301765473038,0.5199918420668957,0.11702693312492489,0.3527089489725629,0.15982557023031496,0.22427025923028887,0.1771328738552392,0.23002669478426688,0.20749821477014438,0.08874877279650063,0.07823570271795519,0.14966551889353513,0.2135678893834164,0.1841698984749466,0.14212468072020018,0.2668705395671759,0.288930245847194,0.12133019243469967,0.21987853913230893,0.19600175873696676,0.24645985500206397,0.1823794469809978,0.26198336433989794,0.3034089983450594,0.12915758246236514,0.10084122795558509,0.23023253406232438,0.19531099764321957,0.206483468690479,0.17342254788008205,0.1622143587099806,0.2513221014530736,0.21264970765681931,0.36912610865541595,0.30834486368577263,0.15312394433919166,0.18846607545592123,0.11059331667921803,0.1554685601599032,0.11901935960875136,0.1880608083881832,0.376947333229704,0.18335920953143692,0.1450978377999129,0.30779187581264644,0.1402242444484769
0.2605758972703811,0.22551406092994064,0.181535020299902,0.9999999999999998,0.29529334939608315,0.1846946411598681,0.1657997708427554,0.2840903591128707,0.2547439060875518,0.1463893893529355,0.2719755933089512,0.16508121817114968,0.2242046406132973,0.40158856280945404,0.33463158777779917,0.20467902050446407,0.2332480208476283,0.11646839353577729,0.18376885413055655,0.17552153754831568,0.14884898723202722,0.12131855526394686,0.18758535524948006,0.18210764609084243,0.1340844685502639,0.16044384654474386,0.17500860144727579,0.24866591849970876,0.1656494790818397,0.15110868017014525,0.15039798927560022,0.26018740571487553,0.25650567061546004,0.18040603626534932,0.11788177853426254,0.1687268687676856,0.1851953303516519,0.15470629253442944,0.20825708790019112,0.2283732629063407,0.07860095828031223,0.20412717760596671,0.20601802135286718,0.19089406051570526,0.2117203266439351,0.24887136915021374,0.2553539217587119,0.16073848995020826,0.2237320022769437,0.17782203421069592,0.3121613477597608,0.18699158887552125,0.2809852813386301,0.5322484073226388,0.1936579250718434,0.15482709676870932,0.1908073345632727,0.15324922434353308,0.3247691767256546,0.2419286470331595,0.159635607073793,0.21605322231962734,0.21933765698113594,0.15271718135372223,0.17924374329719583,0.3808858218728327,0.20517097647626598,0.1821616524358835,0.10839756506131458,0.13687989350785537,0.2528309013560676,0.1717356342080651,0.14763837130777568,0.23649904593709653,0.13743546047128175,0.1197032566632522,0.26094663500882503,0.17053315263292074,0.1447883154017116,0.19265311208647745,0.19928197885151178,0.27394091716904506,0.1829343837997727,0.0980512490371445,0.2541326853156441,0.13220811246763794,0.18911589903535994,0.2223611347883997,0.2241145875404412,0.16517831503668956,0.21785972337547244,0.14612401716330123,0.349746709855065,0.10488483380657833,0.13269633164883163,0.15922621403962292,0.17387349597731822,0.22048622667242432,0.1682542683043354,0.1289787185421975
0.18158159056384465,0.32867560374736626,0.20064329876026615,0.29529334939608315,0.9999999999999998,0.2115628892107907,0.159049329004063,0.151780790144407,0.21822237823248747,0.27689615551987157,0.10502489733020887,0.08190979619645702,0.09159964194565008,0.12341525227737299,0.11979771746997825,0.2596779744841424,0.18142882422201964,0.19347484140159482,0.16468106392438417,0.2157751357221972,0.18324093820341478,0.18360882551214183,0.20249777261228746,0.08539935030380677,0.25831649738936807,0.13729360183586056,0.18855917496810728,0.11451106743647574,0.16470812865119772,0.28145735537447014,0.09098168429271875,0.11394775967880816,0.16857325308007534,0.18335503426686905,0.19212772329308306,0.24132239741760575,0.17096349568607558,0.13662429654974578,0.1456640477744939,0.27692553965779043,0.15385884587032322,0.1308702577860282,0.19513222895930005,0.22390298884099608,0.11869465134723356,0.17464498004553144,0.180076186253079,0.14634418124871104,0.16491289327829783,0.1631547605058189,0.16158584025948222,0.33084715894547906,0.3915239931474395,0.5243261882946813,0.18948445154352553,0.1903296374416699,0.2142950764022097,0.3629868569421231,0.21211058068112637,0.19637529076240132,0.1027721565311524,0.15575901916826188,0.19083711260239386,0.1191673495442264,0.1240553852308731,0.15416672632896608,0.2785880015653501,0.16878278838129218,0.2035030665723242,0.18554835447466742,0.17918165463736574,0.1068272372803422,0.21282086619855414,0.22395726346042613,0.11609241069334238,0.2683597643242266,0.21810897523087192,0.23152483012591274,0.12187502340570291,0.12983611218541644,0.105365796149409,0.10656334030387057,0.14128804627750394,0.14144743858829767,0.18927555874972396,0.23291580052358166,0.16808559116600008,0.1634033325662584,0.1750289941386132,0.15827014891707084,0.10599658414890128,0.10628522057518837,0.28054230932404384,0.11994688612151126,0.12037054439256813,0.1623664535880276,0.1231615138171699,0.1940158581283111,0.14614554824410242,0.1453210066935855
0.21055736125405747,0.2599526806141859,0.5572991037924441,0.1846946411598681,0.2115628892107907,0.9999999999999998,0.21456673898588477,0.21567187288866993,0.4560945126212998,0.2585904332806331,0.263665053382689,0.17917354625565754,0.22085841161927522,0.22843338891693465,0.2597150418727228,0.14960877070917436,0.24755775441961392,0.1736644458174442,0.2655110969160789,0.25817928121326345,0.2092740680911577,0.19701278145533005,0.247598466797042,0.19379749207394031,0.31054843676428007,0.2665709515420458,0.3454017596603227,0.366817552121326,0.2530765873053437,0.30125217333907717,0.21141167839629602,0.1919105739714427,0.2202313954349221,0.2356807066237295,0.16645288691994348,0.2891541914476235,0.17293352484315236,0.16734467264617173,0.24977678658869296,0.2727311025685286,0.18055647735494862,0.1844131216980509,0.2286629765934891,0.3319103785098211,0.08694632258138174,0.11612339468645111,0.17811813417569408,0.1621507784623732,0.37002943545621747,0.1427680493241892,0.18138281038155074,0.34271319211394785,0.14385563104430787,0.1837365898805601,0.7313110092059801,0.5540132180672822,0.20926837816932312,0.4148676398916844,0.2389384209410958,0.2693807992164726,0.18871694985040569,0.16796093835822587,0.22434714414050236,0.2123325270207041,0.21516290191673013,0.24881434524850465,0.16422720045770112,0.27880944784652145,0.22536888067154914,0.2516079324021411,0.2770857578735638,0.2007144688324249,0.2871866695112384,0.18313099238903516,0.24192930043436287,0.16111127374577366,0.28290572529269736,0.46613306784589725,0.24619848039155703,0.17301960504279096,0.2009495627439249,0.12820065527173674,0.1825988887425191,0.29339212862010094,0.2326092902672609,0.2801848390026307,0.18333367867487355,0.358685742007307,0.3869477155092279,0.1297964902524102,0.19393546063802314,0.19110173094446026,0.16888631978880117,0.15686261351042183,0.22207958685435078,0.3233151738703468,0.19935671914650047,0.2091114243670167,0.2521931713371521,0.12667367040242009
0.20333140696491622,0.18388956811150392,0.21361426108235318,0.1657997708427554,0.159049329004063,0.21456673898588477,0.9999999999999998,0.1527796476417862,0.2100507960444028,0.16078458103104165,0.1371719638611992,0.1204229748727737,0.2007712099363143,0.13372594435021085,0.15196143933333617,0.4774834126421401,0.1512548500241014,0.21875156003567486,0.1739678739987787,0.1518839081176014,0.10307000613092102,0.21027140713042458,0.1519573464713183,0.09492201049045469,0.17608334105924656,0.15432946910039533,0.13551777018581904,0.16525163660440634,0.16330854308157117,0.13481969992379925,0.1756049780770703,0.22872924021668053,0.19116924417614248,0.2878066300965605,0.3375248865572356,0.27511897339181635,0.15341576176067248,0.11275200496782752,0.20910445259112645,0.40724279141871866,0.1224858442594336,0.2515831423938575,0.18069723173066798,0.16532333761970364,0.2794129633017661,0.16611951972634897,0.21688599929812438,0.24100617556998413,0.2227630628074839,0.17151220522934363,0.20050872580004375,0.17202192954941117,0.20972447418983353,0.173866547713052,0.22469463127992848,0.1604302782346351,0.15853298321152615,0.33222931284909296,0.21509351550086422,0.23148458075266365,0.1870346330829824,0.14853019512924814,0.2249946208125344,0.21685357769068034,0.2087308600358458,0.22318796647173164,0.29035979098267106,0.18517595824569943,0.13071079970029795,0.11617726003239578,0.16774924464741087,0.18686026378185264,0.11054923854016643,0.424158068275329,0.14801111061912767,0.27656718915380646,0.10587094871543301,0.19480761579920328,0.1938167858729659,0.15740781703363044,0.09268918746435123,0.1142493099512503,0.26807982696313026,0.23042618309367205,0.18369128095438186,0.16883059253065347,0.17105979951012054,0.11720300956307085,0.1768992279057981,0.20435536346198865,0.24731186940293778,0.15282098565192584,0.16043911295307825,0.22887495188780274,0.35626307956865766,0.1611458009112508,0.1546157055848707,0.14613486995723224,0.23889464451640555,0.16883450253252688
0.1374524066970712,0.14264638908137647,0.2745034980019147,0.2840903591128707,0.151780790144407,0.21567187288866993,0.1527796476417862,1.0,0.26311198367566935,0.27813493098555175,0.1626218495084367,0.21884786923255095,0.23464401863917228,0.2794821758587352,0.25199660406443186,0.1410341643985421,0.2626068379961141,0.24333120253383303,0.2553813644063465,0.26292800139652467,0.22284403196001742,0.20534707897114676,0.17254883123511025,0.1793378199695106,0.23068427642287836,0.20650081709288123,0.1293732005117415,0.19409805568687305,0.30446402718100773,0.1788883654335813,0.1699500156731341,0.17185438894710117,0.18182434279667942,0.20219659770559142,0.14314736495669467,0.1929164409490733,0.2139783326181712,0.20733802853752345,0.27903673854343186,0.13296820282380936,0.18276994470608401,0.14654750031792163,0.21379220325802173,0.16909652941246797,0.1804750553521598,0.16015704863821945,0.16413601751527576,0.11927223745770767,0.25029201094498044,0.18502455447885877,0.18798527901250328,0.20944877255903846,0.23019020353073089,0.10448143352233291,0.19901601968080007,0.19804499314304305,0.35510662801806087,0.2061263003241132,0.1440266363716092,0.13830381462810093,0.3176032731059723,0.14059502347654285,0.1366251049752094,0.20038621807490534,0.15038566461765038,0.3128892697497102,0.16619898902263752,0.15499914167178494,0.13000005834369993,0.11999337087523368,0.31121383567123095,0.1520261055439482,0.17990563925012956,0.29334574512617767,0.2490044550401527,0.1950666915667484,0.399084374174264,0.22881261384608495,0.17362044083162945,0.21704576582134327,0.28196160760564115,0.30480904480133436,0.10951181125903525,0.19639308825713434,0.20456115455254503,0.22342559323395372,0.28468008608431006,0.27051827042170484,0.21901740945505657,0.32501370859142104,0.16501115945721115,0.13867207766073023,0.18349258372618385,0.3158436147132689,0.3407835853695656,0.21166688228499875,0.21134386292658908,0.224765059911863,0.1582512710919035,0.16488844086863091
0.2246883781146092,0.2419795414218725,0.30116601390071684,0.2547439060875518,0.21822237823248747,0.4560945126212998,0.2100507960444028,0.26311198367566935,0.9999999999999998,0.19741949699957428,0.34665305678105857,0.25029213995504296,0.2911739810602641,0.25459767462877253,0.29596830808510455,0.1957589813622086,0.32772351780742426,0.1640423658710609,0.22086131250874722,0.14456892876480587,0.14754932333535475,0.15623365042435136,0.13133299047615565,0.16770733217660416,0.22376179163806492,0.22269339793876608,0.28706105539960025,0.22387796480903446,0.20818066369848193,0.24199385381548438,0.17140571178948374,0.16818520808806803,0.1879394834230425,0.38104217603869744,0.09986325814283563,0.24148405085229271,0.20596366278527867,0.15828372087863524,0.23441079902253703,0.3369815673548979,0.11612091099160454,0.1843764329408781,0.21559437003542448,0.24569602635146776,0.12840063053758724,0.1879492342903151,0.20764981617233566,0.12463353956832389,0.19807000699141125,0.2155545399938959,0.20853998956108724,0.3082100893560229,0.30095749349087964,0.27247327905570995,0.4315817094279148,0.5705522554935434,0.2282464157648503,0.5438367107873492,0.17346703422779872,0.23721507807818776,0.1546221419093932,0.2297836018187749,0.18942865915376025,0.26261516130629686,0.1961864370842834,0.23960012021170948,0.12819526818650107,0.1486121133409705,0.1987653734841082,0.1525418274071005,0.18395441837533916,0.14944650437635248,0.1337227329376259,0.1220899258219397,0.18439990786466665,0.2385265995216338,0.21070924367643099,0.22387247430771273,0.2547534117047066,0.11948365603675734,0.16624121822744645,0.17281505283931314,0.17400104020247226,0.14952337550685227,0.23621229630363563,0.13335902889929757,0.2034306987597322,0.2442077998687689,0.26358017246678184,0.14984244627168686,0.14300953835412875,0.1537756645291299,0.18054484069673402,0.20541048603480816,0.154343472812862,0.2284401671930721,0.16449196921937514,0.17110260409783773,0.13563281926357817,0.16547888455876536
0.18253509992577333,0.27622720621630775,0.15879611733282128,0.1463893893529355,0.27689615551987157,0.2585904332806331,0.16078458103104165,0.27813493098555175,0.19741949699957428,0.9999999999999998,0.17755653086346973,0.2836555834642943,0.1771731935961172,0.15622424160524706,0.22504274068509536,0.1926159423804086,0.19318249310866087,0.1699134916468894,0.23343543160318347,0.3761710096165219,0.28351765447140354,0.24459704383162373,0.1819634621847319,0.29921916187011854,0.7112296502134263,0.2308655307288838,0.33389009441248446,0.25500021811478146,0.45890327241688134,0.2813622238434996,0.17377125020827044,0.1979851182657112,0.22478314923061227,0.19809175403667686,0.24776254693562233,0.4229269880913192,0.27003826659828783,0.3366952224558725,0.2722244992497842,0.33284629087802364,0.21648923073269757,0.1592172867858056,0.3095263605684696,0.35509903087384415,0.1208773799756011,0.2138187844085056,0.1603961449902145,0.2802515142617534,0.24994420478201507,0.26833908686670416,0.18370764713100118,0.27641677962047023,0.28283852671493626,0.17725694447556672,0.32307625881806634,0.19966041044068275,0.20788460985329005,0.3232357465224971,0.20922883767329392,0.21636766490204604,0.31439206182313817,0.10946960004789874,0.16766689501595738,0.2570408490412061,0.20219182866498875,0.244229640368505,0.2342811359185901,0.18837354171990303,0.2294825189648789,0.20020666813397672,0.43150027258245527,0.28576269675507027,0.15768102285195226,0.4031605372008461,0.36963656003568807,0.43535349002083845,0.46470910200654736,0.36288767290147583,0.20761810105846645,0.15967446077383796,0.31012945317070906,0.2101886819235066,0.17646812950492208,0.21882596947469396,0.1985269069026699,0.19391879646758528,0.3242966347414178,0.25746094060530295,0.34551539256643343,0.3411138613811552,0.2801965201322061,0.24573038273200767,0.30207643463564043,0.22010960207142943,0.23002134035757582,0.3626550877692381,0.1472383047573496,0.3059441077197309,0.3013547816663933,0.28623420428896584
0.13805939364130174,0.21977806034936298,0.23946912943845977,0.2719755933089512,0.10502489733020887,0.263665053382689,0.1371719638611992,0.1626218495084367,0.34665305678105857,0.17755653086346973,0.9999999999999998,0.38089515581085953,0.3955322835896656,0.3100329770242738,0.22897159810425396,0.10911225066296742,0.3643617214326703,0.20076542307723855,0.31365476052254176,0.17201425070662477,0.25517605859672066,0.17711144168855286,0.1786133391027972,0.21720808741179226,0.1608648318473633,0.206047449623087,0.33505705316614587,0.21687931341976835,0.2603237756907547,0.07862215071161843,0.2532906226281806,0.12713858548048307,0.18626082238678168,0.1905283062147319,0.16556463760861828,0.2788429451092297,0.27687110116782104,0.14714369431232455,0.12197066965041434,0.21645443844382062,0.16096239436575985,0.2113481743331952,0.26134295074683495,0.21707756849283566,0.13583495079440575,0.1451207325722349,0.304928362725904,0.1437877065476079,0.28455778414643174,0.21863275545592098,0.09417484336650808,0.24332254128747077,0.25864668792649126,0.2480151082850249,0.2935471550825888,0.30716077304062517,0.1491895546529594,0.33050344255569947,0.17153953235571018,0.3678294589723061,0.1600770746969078,0.3755268774849573,0.26569073973375856,0.12923638624446354,0.12920252578068547,0.1837596082344274,0.20729096068108854,0.11693889330789137,0.1841458872777971,0.18578864596319458,0.21553055394828605,0.19241660229414645,0.0805238366111565,0.16916252585862468,0.19711664263575274,0.20088636185756434,0.2409585573401919,0.22003878113359518,0.21003553296623723,0.13297597088625965,0.1777103911425021,0.18480385853845205,0.1580670986590026,0.15477907316414027,0.1756821311412562,0.14904220030077253,0.2415204587679309,0.26630011441239687,0.24117342308073597,0.1550346447111797,0.25022817829391,0.15555432277257564,0.17927401604988238,0.2478143700988587,0.14080940518261365,0.3872205032602292,0.12834717049340297,0.16942387750733645,0.2180648346620372,0.2399976796968084
0.30908175722296943,0.2312221037341659,0.09075853396004277,0.16508121817114968,0.08190979619645702,0.17917354625565754,0.1204229748727737,0.21884786923255095,0.25029213995504296,0.2836555834642943,0.38089515581085953,1.0,0.318546130434801,0.18610520711680273,0.1568361776236903,0.23388881703569706,0.21662905571326047,0.1047895791274536,0.1768900766362287,0.2887695968834609,0.2107557376100552,0.216689404320542,0.1180971584007548,0.3749070679296604,0.29289738069235344,0.4246095055133863,0.22549434512025585,0.2586278101974084,0.36454006339494205,0.19078742542456045,0.2793805010219746,0.2656759362305175,0.24728429301147914,0.17804442324733477,0.22658668329846807,0.2760172655988551,0.22338727869933558,0.5618021672378712,0.3522021369285296,0.14156050716251023,0.1753500331503024,0.21328852888956037,0.2151221514064547,0.20910105516086958,0.19291791804525918,0.2433107979112574,0.23181925872145,0.27768931328315777,0.2843267910675327,0.16049890526094046,0.1648395467170191,0.22011622434167766,0.22146358791376156,0.15857544250549854,0.1410810928197314,0.22047379658023303,0.18633564494719684,0.18823429640934275,0.22167004512269262,0.1529438166428348,0.36045208323837635,0.14802593921409246,0.16663989383612188,0.4105476637487529,0.41117097766066674,0.1408155714598258,0.3216620562618322,0.18409920844196573,0.2269988573719139,0.11932027031471465,0.16189430174148284,0.2367406357219767,0.15552554674982866,0.3422369351950787,0.3639478196845934,0.3320953195631622,0.2694686515751598,0.25572015252414304,0.2425335599950034,0.2484707019469459,0.288971979605022,0.37437611883161265,0.2247286620522727,0.26235743335260575,0.15310503865699698,0.15847769695701464,0.24328998480281927,0.17339748494287088,0.20653064301855753,0.40472960684959136,0.24452257750225126,0.41188656152697645,0.26319915698980795,0.3071342427495514,0.31858760853766693,0.22115705424365795,0.16578097750958198,0.18920207874162898,0.2553239204906534,0.22210801270385294
0.08301141953964503,0.1900391164857974,0.22897921222739845,0.2242046406132973,0.09159964194565008,0.22085841161927522,0.2007712099363143,0.23464401863917228,0.2911739810602641,0.1771731935961172,0.3955322835896656,0.318546130434801,0.9999999999999998,0.2850109155757794,0.2573464809838913,0.1412901956978906,0.48970163757616725,0.24253771682104577,0.34979920747374804,0.2569443045769926,0.2869712911532207,0.267015018837391,0.12301519395795434,0.3101748863688853,0.212497920798877,0.1883806168174416,0.26794667247300313,0.22109413788884216,0.30975961013845715,0.1617814352267249,0.15584363996811096,0.141458363261726,0.20011124282833168,0.2575750844104022,0.22550279179228003,0.3042320410724124,0.3444468984165113,0.18545499350849823,0.1518348742718847,0.24930130422708954,0.2548392172062409,0.24057353279688531,0.37622197801750884,0.20577644226918335,0.13737831200047135,0.22501261925401458,0.2174625470307264,0.2361401224511535,0.28163756930601985,0.28466812389076546,0.19420000802277715,0.2547978177668995,0.2842335427099745,0.29250987742152507,0.23648690163970507,0.27386047062675706,0.2228978751120203,0.2969628461592256,0.1926689749712914,0.30183314283290863,0.3564615656906299,0.5383294537164638,0.29768780648084703,0.22356140326046794,0.1751184417832471,0.23090162623465194,0.1504326528423061,0.20191204833231888,0.18202202119678212,0.18938845712727298,0.17846230102593716,0.29735955121910884,0.16578372064915803,0.21592245731072032,0.2777921135586242,0.19832306231238073,0.22848920970945297,0.25699960307114605,0.10987298528772292,0.1645486796404184,0.2764312263359751,0.20446493891780707,0.30257501361023315,0.2680561000288077,0.1580100328006045,0.207787568729484,0.386149390142666,0.27092580851731446,0.3221132173680743,0.27283597382582,0.2728275969574517,0.21582260832228806,0.25924884867767983,0.25008545637827206,0.2978399910818755,0.2810747729236256,0.11044356660322549,0.19867388120101664,0.17701804636841412,0.3158337602056845
0.18976690060500462,0.2774082260598793,0.2882562964216117,0.40158856280945404,0.12341525227737299,0.22843338891693465,0.13372594435021085,0.2794821758587352,0.25459767462877253,0.15622424160524706,0.3100329770242738,0.18610520711680273,0.2850109155757794,1.0,0.4477187165345927,0.15312716767088783,0.41062769311278596,0.1908164916674956,0.533054725451623,0.20325201542377275,0.4569610283933598,0.2293768077632356,0.41453054341281353,0.22171783448534096,0.1531915820934436,0.07506175541059422,0.2236331910843228,0.21517329873518687,0.12531354553499774,0.17223516634954422,0.2091015919156278,0.27457239147234164,0.12722715101616966,0.2181037758949958,0.18401145121139686,0.12749464796171042,0.21526740561328983,0.21620828314157733,0.15459244737279518,0.15413833186127993,0.18909378968404555,0.2452472469986773,0.2147502701920686,0.13069707490717328,0.22225207905703248,0.2564371275515357,0.3265044851478744,0.1712561014709808,0.2635210220072097,0.17237929310465047,0.38016918312973236,0.24682605406887856,0.32201218468243503,0.3083918541205023,0.21192263869819333,0.23677540904290378,0.15847885501895922,0.18764054549865916,0.23918403086856543,0.3403815298676042,0.18788281273329996,0.41197038431355065,0.2144934662260928,0.24073274659305177,0.1980544484027178,0.4636403451669833,0.19939180972049148,0.27657453067265114,0.24019258462407322,0.22885711418780388,0.3443899564605281,0.290408255342256,0.2815297788730968,0.12668893418786079,0.20994124413574167,0.11103804932826983,0.1365385982906775,0.28283646297860154,0.18042632713973333,0.2469057057360518,0.31416940091846923,0.3402368560067075,0.21957246824420218,0.1407774444582001,0.19176684858621407,0.16886800410003228,0.1592922841582389,0.2542111087262655,0.18980730229651394,0.10816936392876834,0.35638584203090046,0.2398264451335613,0.37299548699192564,0.18011003743231313,0.12451356727380573,0.19262678842962674,0.22227615992627747,0.13312341568139605,0.16650821215504866,0.2145368554592047
0.29420492862433,0.19145762540568667,0.21783935143772368,0.33463158777779917,0.11979771746997825,0.2597150418727228,0.15196143933333617,0.25199660406443186,0.29596830808510455,0.22504274068509536,0.22897159810425396,0.1568361776236903,0.2573464809838913,0.4477187165345927,1.0,0.2651778018629946,0.23964302445202515,0.1365811982485404,0.2638622724291624,0.34384296779016954,0.32897294475175687,0.20936144691033723,0.27480582089046923,0.3117432996072633,0.24789506956517116,0.1396338222167191,0.26643665822960333,0.5221372160727452,0.25276947903447794,0.3299075635173595,0.26262602608493546,0.3467612470402261,0.22449778352685262,0.251320230419087,0.24743586081938748,0.31003550744147496,0.33617178855763913,0.2278375270350832,0.1583890773050687,0.2791956508143391,0.16965584411150297,0.21796632436086352,0.25862224276671564,0.2565905436158291,0.2185693691700411,0.36723802157733954,0.33142291131766655,0.21753055230752066,0.294382288932494,0.24348519289463383,0.3280469282030352,0.1929912385678707,0.1788377290962759,0.2044419794597132,0.279457369344059,0.24746159077175886,0.1715541836547344,0.26107180691558507,0.1341989966349009,0.3515424531620794,0.2751233822276654,0.28572634415387754,0.3324340052814676,0.40676044110614223,0.2774103906483884,0.7025714727809574,0.15411130070768136,0.16527430740780888,0.20932354725772828,0.19780023339926736,0.3988837291575661,0.20547893475347326,0.27066291978814927,0.15837213511838666,0.31827294353282576,0.13306996972271712,0.28839836445845307,0.4645140598115908,0.25005216661511503,0.285026739561524,0.33600847537725775,0.3835320675719017,0.17848932994771197,0.17662384628408084,0.19454080891037437,0.21995915046878214,0.29173071658043215,0.3612002749401811,0.34753850594930646,0.23235588444481328,0.30159121863283284,0.20702780569492396,0.20101090456779475,0.2770193493595797,0.22006192782488238,0.2617840572041464,0.3432840877233749,0.20605701971048596,0.2820711474256566,0.2983529303618744
0.26882295369085357,0.31082246331970736,0.13831152235917266,0.20467902050446407,0.2596779744841424,0.14960877070917436,0.4774834126421401,0.1410341643985421,0.1957589813622086,0.1926159423804086,0.10911225066296742,0.23388881703569706,0.1412901956978906,0.15312716767088783,0.2651778018629946,1.0,0.15355480749522438,0.16585350994009476,0.152183890809689,0.2695531433885885,0.20609728535914418,0.14531004670347156,0.1658656063521376,0.19215811495417784,0.22672150336970695,0.25349788213780006,0.10373397806994145,0.22551391222856054,0.27456735547180217,0.1755949742837586,0.2553120779914324,0.25747909739175895,0.1695876000219447,0.23859422262940944,0.18141113970283113,0.25006167352632086,0.248029414720996,0.31363612121975826,0.22579282232273862,0.2707586105016282,0.10723204043396527,0.14593493039010735,0.1256805058329408,0.1258810425432,0.2007442305611931,0.24359723940197928,0.2657797195442871,0.1942136420365698,0.17240874074905618,0.1284360206158487,0.18263333758877273,0.17794904229598155,0.20008648722173092,0.23974786779844942,0.12900648093010986,0.12590106176137394,0.21248206659158375,0.3336930956949785,0.15008060920993707,0.18082008521211765,0.26798627193548924,0.1602600916487512,0.2737770431760609,0.2346483123187878,0.26122276437239567,0.2566800418019952,0.24942225550507707,0.12775489438356655,0.26957805009767727,0.18572349766596455,0.21024545385838622,0.20381882768988085,0.17826752041209887,0.3425199655760288,0.24399509406710493,0.28635157011768586,0.1474310496081469,0.20737349726657117,0.3018842841581903,0.2808273357757842,0.18123079341573464,0.162539037125478,0.17099498739883728,0.1506940566704394,0.20714684071612494,0.08965738854510104,0.21551695165489257,0.16322348925435892,0.1411435595516574,0.2292400605790142,0.3901218963328113,0.24635244641232193,0.09276105969130727,0.10792636386387341,0.25123920822361295,0.16852914921847867,0.26439271909824724,0.19490846382850432,0.3084152778375025,0.21563168047000078
0.15156992454181772,0.1511983536946427,0.23990061149454844,0.2332480208476283,0.18142882422201964,0.24755775441961392,0.1512548500241014,0.2626068379961141,0.32772351780742426,0.19318249310866087,0.3643617214326703,0.21662905571326047,0.48970163757616725,0.41062769311278596,0.23964302445202515,0.15355480749522438,1.0,0.4428347344358484,0.714922109515486,0.23904727943825943,0.40747463232622844,0.35000128733635805,0.28082423094346237,0.1644272340705979,0.23563495751625688,0.17534126834016178,0.24679056642122857,0.1630691770186875,0.2837922242246266,0.14589629699131534,0.0770922821000502,0.11966583093166311,0.18181402596112664,0.400475718255381,0.288419802460536,0.17779102921572001,0.2834029047332884,0.1572363922409469,0.13329333517708783,0.30093496510021933,0.20950768081006074,0.21907518254266986,0.23181942755091006,0.19256218395515706,0.15014250522942119,0.14152641167911517,0.16252494593910838,0.1584515592983546,0.34126565543928833,0.24504794754258472,0.21615578288483545,0.10518687977510224,0.3463096738627766,0.30773585933617803,0.2500344141482626,0.22402480892914026,0.21880424083617434,0.24482964409139577,0.13870499221071544,0.3730657476422544,0.32243764083877313,0.39072249417696453,0.2292372704827714,0.23026101869296164,0.20521634482122414,0.2752025438383742,0.19666434252482856,0.3240464674987343,0.3191498659842671,0.3487925773393522,0.2558553190436648,0.30880367954816745,0.28419572182030006,0.1649962742609382,0.30443814206767983,0.23521459741516354,0.18043705649129615,0.226527781014001,0.1440995404886193,0.12205542414455668,0.3542522915988741,0.22249997294047663,0.16402610671990178,0.188559993866408,0.15514881846210524,0.18707597669084106,0.30623139351420137,0.24118968369085167,0.2505792869681038,0.262096223264455,0.24241843496937435,0.1830825753499091,0.25653819252616566,0.20827625633606464,0.2638861639964225,0.2406990188931479,0.14937056207612562,0.11880324785707581,0.1986913089945499,0.3148563553813652
0.13903825815993787,0.2573598136383459,0.18492947513280872,0.11646839353577729,0.19347484140159482,0.1736644458174442,0.21875156003567486,0.24333120253383303,0.1640423658710609,0.1699134916468894,0.20076542307723855,0.1047895791274536,0.24253771682104577,0.1908164916674956,0.1365811982485404,0.16585350994009476,0.4428347344358484,1.0,0.40107697715367974,0.22005334669193008,0.22801225060952626,0.39247077057924834,0.24179826969916063,0.11761321311053519,0.15964512950339804,0.15382392885135887,0.22773252263885288,0.1139393610974768,0.21543414718375117,0.1216857205492099,0.10622704396865096,0.1385178201202456,0.12761330515514668,0.5569088072117349,0.25336560399689567,0.1396565547172247,0.16255458973164386,0.1363045847482176,0.11618848875914489,0.2858988498255483,0.19071125727091426,0.1660900277703574,0.2181537239278325,0.1900488313467458,0.2920580063333304,0.14428641737433193,0.22812672755230679,0.2119086850654548,0.15322263740027509,0.2622521892990265,0.2116621802637314,0.18881828340736184,0.29844778908943354,0.22157158659031703,0.2285542965988465,0.197371135900241,0.3111034295430715,0.28461438222854074,0.1900595841903889,0.2117052043598734,0.2602778684542849,0.18036307558610254,0.138499987728564,0.15033494281348622,0.20128381153216574,0.2018422999602017,0.18870435245058148,0.22599128107245278,0.4692703682397065,0.44289099066350346,0.154628245903236,0.30673859521220265,0.294323965213747,0.19885611921441573,0.1967031362003872,0.2796426518815822,0.25125394027508663,0.17745610178094962,0.21200740461632725,0.13516605733229503,0.15398942290238982,0.11823084414391505,0.1987940735260123,0.20038757188389753,0.17108691545744623,0.23353914103676163,0.2240054486616778,0.13610841369992008,0.16928454334135845,0.20515821603738357,0.2277620726651341,0.1602931006924959,0.1573808841625146,0.3472132250714482,0.23919123465174952,0.27061067146077233,0.12433265278751253,0.26657185338588285,0.1740611224684169,0.20101388518645005
0.17554078650515945,0.17494473359956,0.2574421673413945,0.18376885413055655,0.16468106392438417,0.2655110969160789,0.1739678739987787,0.2553813644063465,0.22086131250874722,0.23343543160318347,0.31365476052254176,0.1768900766362287,0.34979920747374804,0.533054725451623,0.2638622724291624,0.152183890809689,0.714922109515486,0.40107697715367974,0.9999999999999998,0.2249532754205267,0.49071775268582013,0.33096455725100066,0.38230126932675684,0.20889700767747266,0.23344776286287441,0.1300247206046784,0.1824014849671601,0.1971548361095346,0.26180494891065464,0.10662763966504532,0.12027089974812043,0.15482371263207698,0.17391875723832434,0.3250535698464669,0.3016679242484153,0.19798201338935645,0.2932982136819901,0.17998527275671358,0.11186627247937489,0.2348956272814977,0.23223445311666277,0.2350291242542547,0.22395709156790547,0.21309806370229623,0.20209476485401143,0.12275003488125089,0.1806970499181012,0.2391172088117217,0.321942193508954,0.24919334247678926,0.22911542360876272,0.1365917063659553,0.3465744105805607,0.24041420762380783,0.2559744549883732,0.24320388878562296,0.2391449758744747,0.19533289540172,0.11281361047596694,0.40273638194121075,0.269491861274713,0.35106409605686517,0.19409050856930174,0.17428483221866747,0.17234666565641574,0.3224342906034476,0.23414662468079606,0.33986727799989547,0.35988080062508254,0.405708219639256,0.34326455815125084,0.39408806563519616,0.2778937974391733,0.16938417620091023,0.3358057960376055,0.24816272750555146,0.17468142222173255,0.2613091166825599,0.16378482378262046,0.11456778267957085,0.42756452291965924,0.25403408134276556,0.15635861014366242,0.1926640447825434,0.2268323969432115,0.24036684919554072,0.2996592455898264,0.29714352572591934,0.29811464879243404,0.19967386959622163,0.29321384979001436,0.1723399309431313,0.2560516194325247,0.24854748207691982,0.25916207935324675,0.23589615678743048,0.18965135893441273,0.13785204420569164,0.22680214415866023,0.3190400982774457
0.14219425288291931,0.2883456777710054,0.17724515620833584,0.17552153754831568,0.2157751357221972,0.25817928121326345,0.1518839081176014,0.26292800139652467,0.14456892876480587,0.3761710096165219,0.17201425070662477,0.2887695968834609,0.2569443045769926,0.20325201542377275,0.34384296779016954,0.2695531433885885,0.23904727943825943,0.22005334669193008,0.2249532754205267,1.0,0.32386100258157047,0.21467253055761282,0.15053435896140638,0.4281788884035531,0.47394670077510603,0.18543936261817462,0.20726633818405263,0.368571539765297,0.47775154845806156,0.3606938809165311,0.22003821325423287,0.17566671759193675,0.12345814057108731,0.18011135747809504,0.2554084090893067,0.5659852709843958,0.4449442413136123,0.35706025693449855,0.2877424075663299,0.2696034513960598,0.15454958588134188,0.1842405847590618,0.2952230669606571,0.1495478440906175,0.12466573112260954,0.23433160645751316,0.28338477558093733,0.1980813098772195,0.4332539614570079,0.2492568959217985,0.16973011560936177,0.27663512019423586,0.22130403342770807,0.1420926795735566,0.2801997384075199,0.1375076521396527,0.2670541457252153,0.24505961324176986,0.19026289157035378,0.19703596739250517,0.43777957382654076,0.17706372460532727,0.21434180374102066,0.29403810754307785,0.1725611598477676,0.27946384349759634,0.3189707717131973,0.11613083523426572,0.2427857967464186,0.24082931805084268,0.5473340266473793,0.28219913034098276,0.1936756710206129,0.38897277460610324,0.5583490143810352,0.3021311584578774,0.357034005273172,0.37802666964318776,0.22989726228670504,0.1870835824941514,0.4728545670721879,0.46092904150865827,0.17257522219768398,0.2106914061939308,0.18719346953650934,0.17885145179352405,0.4086536572220496,0.32805063049160704,0.5252467447398612,0.4003294886599507,0.31417463469622287,0.2944489468098144,0.17451362472310017,0.21399742037812663,0.2763127484708355,0.25397354151366724,0.2608399605846358,0.22540930884580357,0.4240012223168276,0.34860505429807387
