0,1,2,3,4,5,6,7,8,9,10,11,12,13,14,15,16,17,18,19,20,21,22,23,24,25,26,27,28,29,30,31,32,33,34,35,36,37,38,39,40,41,42,43,44,45,46,47,48,49,50,51,52,53,54,55,56,57,58,59,60,61,62,63,64,65,66,67,68,69,70,71,72,73,74,75,76,77,78,79,80,81,82,83,84,85,86,87,88,89,90,91,92,93,94,95,96,97,98,99
0.9999999999999998,0.2414248747942228,0.34529028645546034,0.19897198580351208,0.24162379548267568,0.2874923986208593,0.33377734129849546,0.18608430348313784,0.25452411602452035,0.3160073381816003,0.4419832762145608,0.48299976287085833,0.3090206934007647,0.285002563272988,0.23689484064835678,0.17953573851013,0.317047164607928,0.1687798829653709,0.29354099415638163,0.26514447599179586,0.310320081392073,0.2836562067237288,0.2554940613739909,0.2998097829716795,0.17899467255843937,0.2477550797037623,0.24751601266631043,0.4684831607425537,0.14377743267822035,0.28258693012576075,0.3583674081745648,0.3451010910228673,0.19177268862378394,0.11533278912295129,0.2852826406090462,0.24468472205330447,0.14309987681417768,0.3707125351352032,0.3912630171481569,0.1700050467587059,0.2580863133134169,0.13722871228368191,0.21131824413596453,0.15982235027731326,0.17258466912948928,0.189196381866357,0.1573049051202956,0.23577715759902887,0.3460269079281594,0.19841595154174327,0.3261389686405285,0.1787370488951827,0.20956609270095616,0.19696881352009749,0.19190765843736363,0.3164933067801432,0.21054744907008696,0.23917304522533606,0.3149624636504156,0.38857576750197165,0.370488488286348,0.46911128689746195,0.27957224161766847,0.29768740651545395,0.2502666779083115,0.24482638858560835,0.1682633858855752,0.39355696439500876,0.18419627977944011,0.23837921742228488,0.19084322379942606,0.35477974575816357,0.23916197141351198,0.24769659284181575,0.4553764003544255,0.3418304247378229,0.280951506056253,0.2870199398429753,0.25782080378720135,0.25909782598360476,0.4414474288062355,0.37765907020531836,0.2685445328838416,0.23749866774754158,0.22521754496509155,0.30930554788115855,0.21595167708733248,0.19305617681081208,0.25214210860426006,0.46581800982681887,0.1994776780344527,0.228966244680815,0.24382378963019757,0.2368420130073521,0.22411576197930305,0.11721009805530452,0.19370634698402533,0.24830109243444554,0.3590246902955248,0.16789611457960263
0.2414248747942228,1.0,0.3680784138996783,0.3715168998952692,0.24233316259245774,0.319541742151268,0.25995145134751674,0.22222022204765865,0.1976976896603294,0.217288970158066,0.29681690612118433,0.31737416633054927,0.10837936220167509,0.09209567722148704,0.17100062493556167,0.518724845886384,0.2281294472335282,0.3246092400778077,0.2114111829796654,0.24448029020372164,0.23602395655727942,0.1294153872415449,0.28229242095444296,0.2212922765570561,0.24841450273668336,0.17880008316117396,0.09363893352718472,0.33856678613121666,0.24992169182275564,0.24706509132236926,0.34434669034361787,0.3337012532960186,0.24188712515997413,0.24170450827725587,0.14971166495462895,0.31645549668273965,0.18235552408985597,0.2670681566509448,0.2654429044649915,0.14208671537360745,0.1685956582270434,0.14438700234541027,0.10235720779798577,0.2421692111172901,0.16927864460206798,0.3372248240054436,0.31708491119794924,0.29859266233317117,0.31893398963468883,0.19947558333526888,0.3004826828851818,0.3946291508491233,0.26535009504774804,0.26419907823422295,0.20256684349135423,0.277795139523321,0.33383667348027957,0.2662520595392136,0.28203661428936055,0.21181869396543557,0.27490957505032027,0.19885526047750562,0.13142154905425668,0.23284409375421017,0.1832160156173005,0.2475219134917755,0.1791461216242583,0.2930051882860587,0.2539027797621667,0.28132502295499295,0.09405977548532121,0.3030912255039254,0.18519683834784065,0.1354425528045393,0.28028675567057953,0.26108319623719245,0.3219180375578682,0.20966179227341775,0.35302533914975626,0.39101395439970327,0.24349589545960798,0.15811353811956186,0.27666542013403594,0.2627415686494682,0.20054736641084786,0.14009332004952715,0.17687826840211474,0.2388471663202169,0.26267422796204504,0.13398544124420458,0.3364844972588087,0.26533546238505146,0.19163458924314972,0.2786806828727601,0.07944092920573324,0.2665624234734685,0.2666847484619566,0.22575279812343726,0.22604517373631305,0.2645193067245019
0.34529028645546034,0.3680784138996783,1.0,0.2568990371417492,0.23710314926290182,0.42037463922651774,0.2500174571593178,0.1380291210450174,0.14196750533945188,0.21584999314189182,0.22464764963317385,0.3405136300409099,0.15140746514872572,0.1576936717910927,0.21342366826652306,0.26649730815490547,0.2270283810027138,0.25380636960620095,0.22147929254689203,0.18432345411969353,0.1946782846419478,0.1354901255214126,0.19535126940039302,0.27196969272125715,0.14153747643136094,0.13060619279381047,0.14723477535167168,0.29583845305924084,0.2244198751282357,0.20513961445276083,0.3562921514554452,0.167317922875294,0.18174698134007758,0.2017768389686273,0.19552022110296394,0.2821185765670069,0.13260161153885097,0.30497374326132987,0.27733390543852526,0.20180402663980349,0.1489808665236415,0.1579925293184244,0.14543387028909643,0.2319296223056796,0.2317541895024651,0.29572193287372406,0.2067564306621686,0.17985327459007214,0.28567689308510347,0.25470066071290515,0.3253427371780807,0.24358903682852942,0.12587458863246478,0.1987810115202572,0.1990412126069614,0.37840540273272233,0.16616942527032436,0.19019577320193304,0.2031093586374822,0.15831874982498262,0.23464108467912537,0.2517987994649192,0.20686932842572003,0.24613463029498966,0.17724149264873432,0.17117369318997236,0.17609733333534308,0.30777096523661696,0.21585199581568576,0.2060663495838367,0.24081755533904145,0.33316425619267676,0.2545597494016037,0.10735224397990142,0.2606942611768019,0.2785398211629758,0.22611332150072372,0.2509090659094831,0.2819371632367115,0.23288860424157543,0.2702497844574305,0.45565918634449726,0.26891244462942043,0.1972697415182291,0.17571835575923345,0.384520637843332,0.32627507779592996,0.1957767985346892,0.3054228598860519,0.1764776776143556,0.2507545364476174,0.17746936005161773,0.15483760257331328,0.23939359342910663,0.1101926256635889,0.17620584448784432,0.19851285047503414,0.3315587843198347,0.17237589192615588,0.1930326675554677
0.19897198580351208,0.3715168998952692,0.2568990371417492,1.0,0.40279466733457525,0.23972634370680299,0.31540992490746894,0.7121458473595879,0.6059251812065852,0.19932898334475885,0.24390532682579882,0.11745714435006602,0.20513715507754282,0.28584400955800404,0.15720486082521165,0.2774026507778516,0.1825623797348831,0.2896396790261537,0.25088507624459727,0.22487477448847207,0.33937278295962353,0.16146275318308737,0.20901518693015994,0.19765610041626724,0.2006529141902222,0.21188070840012194,0.2674814479172871,0.19404031941682337,0.24400195248781362,0.2943260718649373,0.5007368362383341,0.2656092513495752,0.2763789057417838,0.27530888701048417,0.2727525321657538,0.1983833429960843,0.18090245014150616,0.28060005334073534,0.2338665829232506,0.2151619809480044,0.2083240091529054,0.12087563070552543,0.23276992320106155,0.20515997461727076,0.1811024046400248,0.3203087155181632,0.33974011128586584,0.3619636224246795,0.15937928139538854,0.16582685653573567,0.20304094185129345,0.2244800022087323,0.21777616801345465,0.6849288835370557,0.1634864567119065,0.22731897327540893,0.4405334923586199,0.5861348225244242,0.1880451506885615,0.26278942399619337,0.23294788100203626,0.1663061189016165,0.13808478220196108,0.20863618307420062,0.22141178649405197,0.21444207068826374,0.3494032049874431,0.24188459097742218,0.18806800873795726,0.2201752269745694,0.19300469591652483,0.23498469487801799,0.22762347660362042,0.1465013725124722,0.2148844186569946,0.27641865420886447,0.24052075176496532,0.23315232744672018,0.3789880770375259,0.2706560193304487,0.17879231226934855,0.19459350089716887,0.16167386564955244,0.17241267692539333,0.17751628751373333,0.15505905072251458,0.11415563545327628,0.2320015121559802,0.1763572403042128,0.16414385071105764,0.30883223202315274,0.29846301477216125,0.21973855645856083,0.3495258322375733,0.09986440691147025,0.23207636390219866,0.2518474867862549,0.31814220660546355,0.2209080772532145,0.2896821054904475
0.24162379548267568,0.24233316259245774,0.23710314926290182,0.40279466733457525,0.9999999999999998,0.22964705013744835,0.25538488325069275,0.4585695210832061,0.4277548513519475,0.225727719336733,0.15785450416208655,0.16102839986945558,0.1850787605263648,0.2642352408451493,0.21095993635293278,0.3844464066040029,0.12346366128620101,0.31359088024788473,0.15576657710779981,0.12315480783266243,0.3258430929182916,0.16081664284206293,0.1524028855986787,0.11987595620354402,0.23960721026744697,0.2507890937305725,0.32906554570405777,0.2134440308108662,0.22661641723183257,0.22538625124637957,0.2871562941962009,0.1813157797890707,0.30758833094942983,0.19167362714023103,0.23755202058918184,0.28104450878848236,0.18958886670575106,0.20328706923673132,0.27693015827648754,0.3970484000749577,0.21471951380661616,0.18267150387973918,0.2737645070889145,0.17057793164691695,0.24205508573777423,0.12079112633965369,0.22180062128332334,0.10406414657739128,0.2123964146795162,0.21980165210805513,0.18457445311880882,0.2908717224259754,0.3400051482717688,0.39898507894281543,0.21835668002873898,0.11631663236185094,0.46650007043421304,0.6024003703008961,0.17932801339380489,0.2422277011898828,0.09802377507866619,0.18557191331968775,0.14512950420473816,0.32173353514784625,0.2953328631411766,0.1960018759623955,0.2828322982639868,0.182810491948202,0.18462927750718272,0.3575975787707243,0.3200997005473228,0.16706499450341503,0.17112382377285518,0.23012770303669752,0.11273467620923167,0.2297671327403175,0.14282456473354693,0.24530105549105263,0.18604717301108745,0.19250333218483096,0.1434617155834057,0.33695424075023817,0.1567400705766999,0.15023337595947356,0.19819528616862347,0.26379449100929764,0.19499006737545066,0.26701856388768486,0.17773388489164482,0.1860908957113604,0.26541613357364524,0.16933607896923783,0.27793165517946533,0.21289448724913262,0.1651232615664148,0.19949494437270376,0.2042099752810669,0.1624281248006173,0.16364845187110058,0.1562335990817744
0.2874923986208593,0.319541742151268,0.42037463922651774,0.23972634370680299,0.22964705013744835,0.9999999999999998,0.1344305295546808,0.12463507246784203,0.1514059077229422,0.21159236752306937,0.17869081321780833,0.18715180172555104,0.14080654758660105,0.18464784730347927,0.24046415674387753,0.2576381678693671,0.15756492746884812,0.35943512595434274,0.20691673440097472,0.24316843854548623,0.19480924287511361,0.22360355895576822,0.29527514378709707,0.23323233474223226,0.2738621520884579,0.2004581639477147,0.2230428174437203,0.21408045581531748,0.3207996161376631,0.10882431728876091,0.3155915163527566,0.258651264723959,0.2643584094090875,0.31121372386592877,0.17200284873120417,0.2218185286342864,0.14285009979011243,0.26562271901341256,0.19392422751652258,0.20805949662353823,0.27044629167779455,0.15679111998149187,0.14719475018404615,0.18338445961720698,0.2000728606282693,0.31566184928331686,0.16970311869080013,0.20398186833992193,0.23174288375697868,0.15886257642418727,0.3641205002047976,0.29684484585776877,0.18190625032531968,0.17620789371444165,0.3033218876596706,0.31733213986851516,0.167078466141383,0.15092618199600316,0.2461184812957479,0.2110943628266351,0.14477168748725366,0.127882394028511,0.17233334218191623,0.190500573857031,0.14905500146071346,0.1923678422735792,0.11702675713389768,0.1580487455556242,0.28167568481180083,0.3486217154521374,0.12227344105354924,0.16992414816434886,0.24259494563582193,0.15753649715391316,0.14163203248981762,0.26141376554848345,0.19549321416362717,0.16637523670443877,0.26208547136417937,0.2744374343022369,0.15613197854652636,0.1896768757859834,0.25189753605369863,0.15182270277686896,0.20162378711424886,0.2663484773507253,0.17573442925214666,0.1899188097884127,0.34329913130603545,0.14422005582756584,0.2786777762119637,0.29049766351191464,0.2372822860393683,0.3144327014824005,0.23398402060924756,0.17107807073446116,0.2679767296174499,0.24943633802636114,0.18425013556231915,0.25131664924990077
0.33377734129849546,0.25995145134751674,0.2500174571593178,0.31540992490746894,0.25538488325069275,0.1344305295546808,0.9999999999999998,0.43348399810426386,0.4149593739414607,0.271565747104297,0.2859730891310074,0.373690839730284,0.21300701927538931,0.2722656360207223,0.26344356105646727,0.3212187508405818,0.2637592305225738,0.29813077379882963,0.22551198085966576,0.19586628855828941,0.33326412132416955,0.23881348233630328,0.24493412156540462,0.35259287647590276,0.12643844294710554,0.22425784729994158,0.21105490126151036,0.294193371518958,0.19720084194135007,0.2741664635659193,0.30274911607858634,0.26021524201604374,0.27292253104524444,0.18857669191673346,0.313346734395001,0.20880051691169974,0.2508088175311163,0.21994583097873363,0.2814179900430689,0.2025273190790585,0.2016671891651996,0.14779114292628842,0.24978543044051976,0.25164471570279,0.17307617347389234,0.19594846041286498,0.23080984924654574,0.23108249485978594,0.3500563090229616,0.3393125993301925,0.21809627180807076,0.36588877968521205,0.2892014020474521,0.4040601636719128,0.2285429286828388,0.2699285368355925,0.3917752814562989,0.34157949548518823,0.2353912100366318,0.19561254931103933,0.2765826817640028,0.3217191649852452,0.15000517417163656,0.28146799359933505,0.20609875664355545,0.22191892661113863,0.4322102898410738,0.261295819791291,0.27414367070582246,0.23190094511896117,0.1849733766339082,0.37718521099611196,0.19702921066551934,0.1769350609831635,0.35256474709872526,0.24552676077974628,0.21402474944472472,0.27744990770902017,0.21289718122932524,0.23738162486245512,0.3432894974193954,0.3174084059034871,0.20761951993173486,0.19736968923318454,0.173243048111121,0.27729950324588687,0.24969277577173488,0.23671057118803132,0.21721027277195903,0.2873597562100432,0.17776600820802907,0.1320755902014367,0.19633789597577883,0.1650125086803005,0.16877523041731937,0.25660887510245334,0.17562185540158748,0.23978306719336626,0.3393192641437652,0.19776582396378817
0.18608430348313784,0.22222022204765865,0.1380291210450174,0.7121458473595879,0.4585695210832061,0.12463507246784203,0.43348399810426386,1.0,0.753330404222679,0.17120585943448616,0.2301456396236826,0.14453261053952066,0.30562887755465734,0.3920926110522965,0.18111169193906723,0.21298349138432598,0.18032485349921845,0.2894625431766564,0.21874274414698558,0.13193023017143132,0.3329809127002227,0.2651716706183215,0.15304502692857314,0.18628390884912,0.23664910461838773,0.19928487648987256,0.3463606703733966,0.17611680409494018,0.20981987781703582,0.2798803139320483,0.42663290252595143,0.24056538713566253,0.2433269005560113,0.29465024584055777,0.33872197505330665,0.2040261585831076,0.20478085827058107,0.20471906923085692,0.1908392076280864,0.1945562486080708,0.2920487307384897,0.11468914712410871,0.357519042234229,0.17474908100407058,0.2451152231492726,0.20284437021245416,0.31433989563378817,0.3107588244201888,0.119701723032951,0.15860730454137337,0.20454051569694717,0.26766010206835555,0.2567542264361182,0.7600630651945232,0.10285497133862107,0.1045762283072801,0.5936599435221427,0.6810839319243251,0.11119088540659502,0.2912930007333583,0.16507890738693942,0.14219721487900955,0.12737043981841892,0.17379434504327518,0.21598654044961096,0.18546681240004964,0.3409760042819489,0.13861738017327035,0.2020559777666422,0.18792431494165085,0.17044783726002796,0.15244320196136357,0.24537236593459313,0.16249291139601044,0.2131963885234637,0.22931745595865247,0.1536000874163986,0.3126574043867809,0.3081215034313105,0.21200196489915904,0.18846826808815964,0.14194600608134453,0.13498126249370673,0.16900279176265845,0.15632123656717611,0.1304738497783542,0.10625849558082119,0.21024401245681112,0.1671261598253519,0.2652174741106147,0.2827195528643406,0.23921104081873037,0.18044261950094997,0.2575882212313286,0.12170957800402471,0.23121558947940535,0.16030651459334538,0.2580667850456547,0.2542158802304064,0.22554383138024103
0.25452411602452035,0.1976976896603294,0.14196750533945188,0.6059251812065852,0.4277548513519475,0.1514059077229422,0.4149593739414607,0.753330404222679,1.0,0.272561254738502,0.30806105115143945,0.2070156292100019,0.29356550124192426,0.33066726060811324,0.1338974396721604,0.24617155758337989,0.23680353237204782,0.2167776172094984,0.20987653654311025,0.15963191763306905,0.27191095357414763,0.34074418667015133,0.11644633541353214,0.3233462514071055,0.2021789346191533,0.1539196758713508,0.2746349238270376,0.20203358046114545,0.2047584861594027,0.20299358189159583,0.3219344942034563,0.25636706518953445,0.23525870240215319,0.32543199528910755,0.4670583470301396,0.20721476919361265,0.17655258654187483,0.25791426844704896,0.1584637399292081,0.28376392674791684,0.2797617464993084,0.1830348109083792,0.314073259061112,0.15808470542366515,0.20623218922928868,0.17044893581019663,0.2765909827640468,0.1904724774222872,0.18598534545220372,0.18933702609038827,0.16781500868102794,0.31910158717568426,0.2288688143832011,0.6205558911342418,0.167547241847501,0.106578296955613,0.49472736336338957,0.6747821996489685,0.16499676905116634,0.2533074999874539,0.1823034269874395,0.1366525943467521,0.1578493769873991,0.19693291320735792,0.24980580963721463,0.1877188169634188,0.3719587883382057,0.1916036256698993,0.19933528975871728,0.18322259423160073,0.23803138732235782,0.14056747524404045,0.178918227417029,0.1491629995599502,0.2643173224055661,0.2468434486023131,0.1877693079998824,0.3677571295291544,0.2670513507665389,0.2102549022087013,0.2917589124698106,0.14346787940655947,0.11843149930607727,0.13927434496650384,0.14104707185083917,0.11159542064014959,0.16443569403436734,0.2340289824347986,0.21525932662032726,0.29686750738378503,0.2560249581213378,0.2995876941120595,0.21466743541638972,0.272248229172948,0.1227054792147272,0.15001958427241668,0.17933809056246297,0.17866063409675262,0.29616853029218715,0.23005852670080573
0.3160073381816003,0.217288970158066,0.21584999314189182,0.19932898334475885,0.225727719336733,0.21159236752306937,0.271565747104297,0.17120585943448616,0.272561254738502,0.9999999999999998,0.20373273317999074,0.29512058610375014,0.27899968601753783,0.2373606845943869,0.17362492787285813,0.16298590730181603,0.3088597055681268,0.19696282866147274,0.34328060089496215,0.4718448585061635,0.22973294104267886,0.3142911401567918,0.26934062451878527,0.47946232212985884,0.23585032119256194,0.30864618488241113,0.2607035214158484,0.32851308154492787,0.2649800917548757,0.335524920996345,0.2748036905751638,0.3685145416312617,0.18849328418039046,0.28197631905608384,0.43500740625096307,0.2215950014696096,0.283288948765388,0.21380477976148635,0.2495273349325915,0.2392705858867577,0.20408415414230707,0.243527982725919,0.2680883803693918,0.1846277913164841,0.17859311149891913,0.290846918386661,0.15815189833608836,0.33789519182673583,0.15665938201876994,0.15831672870824265,0.22910884708957585,0.23303718102557047,0.17578615394731678,0.2212005113518907,0.20181762764751665,0.23212966716514657,0.179349048158559,0.22930597697575278,0.7379972275303281,0.3385530208532792,0.31993717633531016,0.20007489075361345,0.09061542275364837,0.18494761270574725,0.2467703889127888,0.16422662684310696,0.1332514599127329,0.16001823706834642,0.17813413358376853,0.24069385977341712,0.1485688587034793,0.31190306262626266,0.16512209348819096,0.3344133000406966,0.426355034872394,0.31072196855473544,0.16607234435219023,0.22593057215174367,0.22599730332459933,0.33791242598231697,0.3120346323720761,0.1722516055291948,0.22949378427269154,0.321657007272391,0.2649922556722526,0.20229617043296766,0.1867949218165731,0.2654399987241481,0.22959872969246975,0.37210679853831,0.17198141617423943,0.22058352098278156,0.16936016295198802,0.2094542584982204,0.3140766467994841,0.1286034296304309,0.30250575935558766,0.1796194706478179,0.21163492191884728,0.17072707202353496
0.4419832762145608,0.29681690612118433,0.22464764963317385,0.24390532682579882,0.15785450416208655,0.17869081321780833,0.2859730891310074,0.2301456396236826,0.30806105115143945,0.20373273317999074,1.0,0.45778033699491666,0.27744804474398127,0.2673348989229055,0.18287395765382713,0.2134438116906207,0.2610459536193759,0.10796353451805343,0.1609335629501449,0.15029326476677965,0.2081071591125765,0.20084364493253196,0.22640161341017237,0.20955434551181704,0.16401133790325545,0.2108071470076932,0.18431285861250163,0.33386182966312045,0.12643734864659747,0.30228462963295877,0.2364962671395959,0.275027922582208,0.19305169069202588,0.14131978471063011,0.19164301911618464,0.3387211969075935,0.18654345042235954,0.3151686303843933,0.21461400644648873,0.1619731741868479,0.1577538098712111,0.11320641639323344,0.11080596375351942,0.20503652224557567,0.15903678526749623,0.22087708342038245,0.156055115459024,0.16252563336509956,0.28566510480309604,0.2135853222219929,0.21567566402796715,0.16670658684137984,0.14877326185296236,0.2440583766523237,0.19595436663110263,0.24718723285656885,0.15653110843207782,0.18209307129890234,0.18310431785036374,0.2964518096700518,0.33578974122116,0.2798473955499403,0.25629522408629163,0.24579785402640533,0.24772800692704625,0.27096818552690904,0.23862581002919236,0.36223682949822894,0.1522443799940874,0.17574979613652866,0.20279999650036876,0.22801888900036538,0.2475858594716225,0.1615497338842676,0.39360290324901936,0.35609038422315975,0.3418066377242927,0.31564653828272493,0.2825383268868219,0.25748705194108956,0.3456598041361295,0.29757951222040896,0.1974793936275375,0.27477842029036503,0.1687679936393445,0.23489507445017793,0.23134398174785517,0.19419031302951084,0.21316492084395622,0.35465177413021576,0.2152474447947631,0.28588126874277214,0.18471534547602653,0.1826689851243402,0.1526545263535121,0.1336062251072896,0.14434089674543527,0.18289579164630113,0.26299711625339633,0.15673000737201961
0.48299976287085833,0.31737416633054927,0.3405136300409099,0.11745714435006602,0.16102839986945558,0.18715180172555104,0.373690839730284,0.14453261053952066,0.2070156292100019,0.29512058610375014,0.45778033699491666,1.0,0.24765060025156085,0.2838850626256847,0.1941856006726418,0.21666828732459698,0.3916585731885252,0.1465039477200965,0.20442139287216754,0.17376451818127625,0.18460975717975198,0.26484799456128905,0.18199167538574101,0.4379945831132217,0.18272302796711376,0.26345534649602853,0.2743157347238641,0.3704048112200058,0.12120725169094287,0.1894307016504103,0.14394286813055776,0.20843685927233113,0.13729058877167458,0.1881487403704609,0.33705359046162625,0.28319256764373296,0.2618893215731144,0.1868700757694612,0.18064769086104274,0.13077147781103807,0.17285069281379764,0.0961204132638564,0.1701913885948895,0.16165911340200026,0.17344934923317215,0.2614348565278177,0.19702535765511497,0.21481990306158158,0.2507340768377564,0.25865807855977646,0.21534063663033304,0.18783054305869715,0.1612635824390654,0.10755456237390387,0.23022608438217868,0.29388170034142597,0.09984572074145359,0.08896070060424958,0.29829974702260387,0.3290584975955152,0.4076044435580465,0.41775100985142194,0.21037041773405102,0.31052088013340085,0.24629511644492982,0.18569773229277245,0.21428910450335792,0.3882431238864178,0.18250420280310495,0.17474538781377758,0.12325635525700952,0.38550010167816556,0.25920354793404243,0.28502824829579343,0.5263277551506498,0.4177304190085879,0.27520255732888277,0.24774375827710549,0.15197367056584318,0.1859062856632872,0.5034026849008739,0.3596110905981052,0.2555394983215862,0.31814215415018016,0.16388135408034474,0.2669082777900144,0.380331523212002,0.22816632843309437,0.21969594642625767,0.4423985605300058,0.15656872484736498,0.11825858712103082,0.20551875948223614,0.17345259722177986,0.20696822353979683,0.16789163654024974,0.2086054428067817,0.2912347850188295,0.33272604371890885,0.13886507311080434
0.3090206934007647,0.10837936220167509,0.15140746514872572,0.20513715507754282,0.1850787605263648,0.14080654758660105,0.21300701927538931,0.30562887755465734,0.29356550124192426,0.27899968601753783,0.27744804474398127,0.24765060025156085,1.0,0.4432254358971157,0.24585702953007343,0.12592673323227804,0.5666476916016149,0.2155437019545799,0.5349761483652559,0.23439400508070682,0.29345875190071186,0.45260331840708723,0.2968817571683391,0.32864577483979157,0.26476211028870217,0.22412288226198251,0.33637370500804203,0.3346842336622799,0.17042283065580302,0.24220520190359832,0.16675806743727759,0.20633301876090074,0.18363015982204584,0.22734557020125998,0.359377065524377,0.2823549746581003,0.2831484116261502,0.19139767852647652,0.19497278956335476,0.1486039288009031,0.28382169017590164,0.12900927971085785,0.3117069807445723,0.10969598390772473,0.2543142040945069,0.17879088948424487,0.21080926470950145,0.13982700076098714,0.16747238504053222,0.155657782919285,0.16735470992836665,0.14475554161950224,0.26316587242477124,0.25589717654026284,0.18163365192225714,0.17979024614611558,0.19299806211518442,0.2841096566821382,0.1595856187816946,0.2760456206000371,0.11950285088770585,0.3225148474104935,0.23930571004079898,0.21727378287009172,0.2665696038236798,0.30220129128429896,0.1301332880954692,0.33051969392758007,0.23573690068956507,0.1800704099645828,0.12129434624484942,0.16728165305525133,0.2861536422232836,0.30787752601806595,0.2537949164524687,0.23984129819919575,0.144586035726073,0.3946092451668219,0.21783548505025396,0.18188728938054738,0.21184858221309388,0.1991424096290862,0.16933309051998124,0.17565951618192463,0.19857354591568882,0.2108483400320999,0.26651175286190476,0.2036337069153914,0.13186671837811625,0.3902440523254715,0.1524615144855358,0.18623125480107344,0.20896256125265572,0.14723231762534833,0.32093688752128213,0.09260540781418626,0.10744531203288314,0.16087707630562748,0.2660363123032746,0.15579962026012986
0.285002563272988,0.09209567722148704,0.1576936717910927,0.28584400955800404,0.2642352408451493,0.18464784730347927,0.2722656360207223,0.3920926110522965,0.33066726060811324,0.2373606845943869,0.2673348989229055,0.2838850626256847,0.4432254358971157,1.0,0.4626178940191566,0.16203469079824154,0.328971422418464,0.2757343048964287,0.41120780524069767,0.15809065066638545,0.48759872225204476,0.2137328134917066,0.33494805488015156,0.233124554227362,0.2428672870008126,0.2946369864530915,0.24524257907427163,0.24009571850770803,0.15736940264522375,0.13292338641115586,0.16413637075731954,0.24705611143867648,0.25902382095955123,0.27187633241337117,0.24170754976763925,0.2237814252771229,0.2787130555921783,0.2220575634082932,0.21009730000292787,0.21234651747852457,0.23702496028013048,0.12705616910524162,0.3962934802013267,0.19945854066765367,0.3750978114513759,0.26127964689032074,0.22374658660837948,0.30916450691865394,0.07442230433205756,0.1484705015323917,0.23269862292729127,0.21800673594599473,0.3214518958142905,0.3606417363832348,0.20550592596340672,0.13060370003041671,0.2867411813153959,0.3739548923749756,0.2014396069038476,0.3963940075192831,0.16340589015622375,0.23021151454431069,0.23550545465445005,0.45210342024901273,0.4293418515676861,0.37696411808452795,0.19469749789198026,0.27703532842577305,0.21488612661901604,0.2767729057888784,0.196163949074708,0.11377073722122523,0.3970650709158965,0.2965049223905212,0.20680487817321846,0.33930089524070184,0.1593497581434454,0.25309646998535884,0.22792433194176465,0.24709886839135148,0.20987692260784346,0.18599509298408506,0.26751768491300826,0.33100384547789147,0.2163851668950479,0.14656974130839892,0.3464408366686511,0.16266929342806893,0.11475347430042586,0.4343110200884493,0.16730760191583224,0.18450861226317694,0.1814783633488309,0.16389922894771428,0.1651559253076195,0.21494116679013536,0.22154106431755452,0.21930469991872284,0.37947885694672046,0.16867146607248318
0.23689484064835678,0.17100062493556167,0.21342366826652306,0.15720486082521165,0.21095993635293278,0.24046415674387753,0.26344356105646727,0.18111169193906723,0.1338974396721604,0.17362492787285813,0.18287395765382713,0.1941856006726418,0.24585702953007343,0.4626178940191566,0.9999999999999998,0.27243766870924935,0.2314929675616254,0.2085603602359979,0.22030651695386025,0.2056135071148689,0.3581443338601133,0.11895779575886684,0.4792097901515858,0.14089921215827758,0.1838781446028124,0.22938058400163389,0.13221208263664647,0.23040829644329033,0.1802444728781822,0.20626864482714588,0.1982378914936379,0.21303510730854014,0.20762335882095892,0.22787673975670078,0.13551519277916277,0.22895146604704783,0.1505427709431702,0.1679864493119153,0.20490449655825455,0.18446135560188814,0.2471975110477364,0.15412138523308316,0.20447738652206354,0.1584739249979829,0.20418393559826836,0.20813618956139276,0.10446686537548908,0.26551599110861196,0.18073890212278532,0.13870788190354685,0.30652522027370604,0.30181669249725007,0.24899739577713756,0.19123331113358363,0.16355066465039736,0.21194357728872487,0.22038764463377192,0.1835772430702055,0.14197540089402588,0.1929848916963606,0.11304659183169738,0.21382623903712406,0.24730716754971482,0.46686134452800915,0.2704176794154194,0.6647790631242915,0.19329662733126052,0.2046795203861859,0.2324797832686565,0.2830770906265556,0.15869359228817548,0.13743476828816714,0.5546951927169267,0.17711461734949732,0.16253741706164687,0.17290910578131774,0.13935305966164332,0.204582306317502,0.1713194335478744,0.14969213730920433,0.10745692090456342,0.219294862508658,0.20525747027970698,0.16911317273393936,0.18758355927713855,0.18802192669514492,0.19936862092439192,0.16409193814840412,0.1516001310327022,0.23203318352744365,0.12449223215780843,0.1434645221772305,0.23271482169808555,0.09901559532472408,0.14094923563205167,0.1672736227958988,0.1917914110836142,0.21499342157430337,0.25300627923226665,0.07976509313984052
0.17953573851013,0.518724845886384,0.26649730815490547,0.2774026507778516,0.3844464066040029,0.2576381678693671,0.3212187508405818,0.21298349138432598,0.24617155758337989,0.16298590730181603,0.2134438116906207,0.21666828732459698,0.12592673323227804,0.16203469079824154,0.27243766870924935,1.0,0.2875242120614018,0.2522676848999446,0.19573238770816487,0.13894126563202047,0.26376442039104775,0.1449056521246599,0.1674353940002799,0.2396030166680376,0.16715041244533949,0.14621686846317428,0.0836283940199652,0.30017861892187714,0.12686935395629673,0.15536342192097236,0.20399251402719473,0.1994817009856173,0.28799888199917506,0.24936257233776127,0.1783995656404036,0.339370666038161,0.3005056641656993,0.21505106986395942,0.27107302074863615,0.3484755292230694,0.1657477886911855,0.148691444457386,0.09138766045935154,0.29857153086741905,0.08221072820413368,0.2521350462714629,0.2285860830627525,0.14075068789043568,0.3231536923368705,0.2894109157785756,0.307663267732774,0.4119411909299809,0.33945093883458843,0.2016560827279673,0.259838648370905,0.17620758251025462,0.2945672997382113,0.28071122827211864,0.16081125772215735,0.11393672098825294,0.23638650240031175,0.2206296316794043,0.24100373142379697,0.3495855588199935,0.16866816096805776,0.33182994442884856,0.31660251862493693,0.2904610430101301,0.2550296821143052,0.21140581194996919,0.1558181585833164,0.24036759063576169,0.2601465103907892,0.20932349836822975,0.25856338831172415,0.17737948124875502,0.252406668327662,0.18454835980043216,0.18792704202780974,0.2313142416868877,0.24817835555939696,0.18958100487678342,0.18604286910460155,0.16557073134220435,0.21859039626969679,0.21865544096631606,0.22406946719101736,0.3610730563638137,0.21377491060171042,0.12770984373430186,0.24988139770653886,0.2834841792266962,0.30578120387823743,0.18542000070915812,0.08314067977316462,0.26758186865404127,0.32285194615261165,0.16495128440567647,0.23394962458740595,0.2618555781565781
0.317047164607928,0.2281294472335282,0.2270283810027138,0.1825623797348831,0.12346366128620101,0.15756492746884812,0.2637592305225738,0.18032485349921845,0.23680353237204782,0.3088597055681268,0.2610459536193759,0.3916585731885252,0.5666476916016149,0.328971422418464,0.2314929675616254,0.2875242120614018,1.0,0.3012672827422712,0.5554129227242375,0.35365163998885063,0.4166482733528717,0.4988383905557235,0.23449435446853872,0.5157509565308948,0.22675239918725337,0.18107741451893597,0.18206767166028962,0.36319543723130016,0.19982773827922762,0.12795255626886257,0.1358300210936485,0.19265306495508933,0.23863816181119535,0.31846302614234506,0.4346772268058309,0.2809578215730751,0.2873496933016598,0.16984031307478387,0.24583870704282684,0.1444997136907497,0.33740411495774075,0.16601965325398146,0.23371879312029561,0.16585200265837352,0.1506850334149447,0.32522789334432706,0.20680092849864373,0.184744927361996,0.22265159689858038,0.20310368390287364,0.20095331149238488,0.24359120566980583,0.26866955469938525,0.18054898848870524,0.2458238793969003,0.19759616458327356,0.14292615198757785,0.1413228812875579,0.24195820373290167,0.21263768240814349,0.29837842825483546,0.38937592401415827,0.36939904006462193,0.3598779864403105,0.19908338817449922,0.30461947799959216,0.18582626256389345,0.5258455304021319,0.36136992226892983,0.19590382877146995,0.1787968598392321,0.3466384277635544,0.3618502415857209,0.21542400911675538,0.44131038798297073,0.28402514991187533,0.28414532979381063,0.32232863894447333,0.1551171249449214,0.20479988386632894,0.43051163871269316,0.30190490888786226,0.20654764290580926,0.21013944593975722,0.2356623956913156,0.21651299909630564,0.4296211244841,0.2682317230669237,0.16841886736846934,0.35225337589310335,0.10939580789536944,0.16755050895199425,0.13246035014590243,0.13787356056698818,0.19978685826685744,0.20214625066201194,0.19279822144235523,0.22623427661490433,0.20916444851938346,0.14009341844916182
0.1687798829653709,0.3246092400778077,0.25380636960620095,0.2896396790261537,0.31359088024788473,0.35943512595434274,0.29813077379882963,0.2894625431766564,0.2167776172094984,0.19696282866147274,0.10796353451805343,0.1465039477200965,0.2155437019545799,0.2757343048964287,0.2085603602359979,0.2522676848999446,0.3012672827422712,0.9999999999999998,0.29696332073543863,0.31196430968098393,0.39880941117973084,0.3801051582772297,0.44995596659415643,0.35181095969839155,0.23313891219324834,0.2881936149209516,0.25192257319294725,0.23200251291437812,0.2618882936357729,0.17807330747538963,0.2082276305818754,0.2214518110823944,0.2859511987820617,0.5217347519115401,0.2354945810110964,0.2660233927229607,0.13921125223493702,0.19505918140381476,0.13525942845863628,0.17897489205466288,0.15426804953278073,0.10680297258576409,0.22086809474860025,0.41441785410157883,0.2917242231557718,0.2399546436046409,0.28449228036664714,0.2276927915414013,0.12153963371610926,0.26360959585300936,0.2108032902511171,0.36900206304741423,0.2945668153800489,0.2597436054953604,0.4132462277552636,0.21365081654164794,0.3089073546548544,0.3384356181265328,0.17645058694452914,0.15379751727030289,0.13780027269381082,0.22721853204016973,0.15979362974153952,0.33142677057591796,0.2468995434791093,0.21622354625712592,0.15136516440967807,0.29816065347675624,0.7399525886978219,0.6859396085781188,0.15163088529056584,0.4156716388419642,0.2761958641350918,0.22608942569183366,0.13564155172100723,0.13853685957965764,0.16904358498689576,0.23607529759553436,0.22801971918231226,0.27245492492962303,0.24771641928834637,0.2728936863239147,0.2072278286086483,0.12245851847730178,0.3018606430975744,0.262839866403213,0.2857777918050448,0.26552531979187405,0.34658267494063955,0.16331413271896997,0.17822330744783893,0.22902998937697921,0.11528399591406403,0.3752860886874037,0.2582834684587436,0.541473597493392,0.245920601416281,0.27469044115342717,0.18836507416266687,0.2627476708661501
0.29354099415638163,0.2114111829796654,0.22147929254689203,0.25088507624459727,0.15576657710779981,0.20691673440097472,0.22551198085966576,0.21874274414698558,0.20987653654311025,0.34328060089496215,0.1609335629501449,0.20442139287216754,0.5349761483652559,0.41120780524069767,0.22030651695386025,0.19573238770816487,0.5554129227242375,0.29696332073543863,0.9999999999999998,0.31467275629205405,0.4002478880192285,0.2568391231072118,0.20586676809884444,0.3272320172951939,0.17088818734542938,0.13138220645278345,0.1814439073693223,0.3061979481953887,0.15640894230253358,0.22326533689897538,0.19280424012408795,0.1758257935219434,0.16446708229580317,0.2861276919401161,0.23117907087449974,0.242582068998115,0.16349421651602952,0.22269642518314095,0.3363609307518108,0.10586515250890213,0.2731822889619467,0.13602710014091202,0.2837944868429216,0.12153217239290824,0.19800778717708611,0.14949931894210203,0.21641897103131358,0.16899043534938418,0.15324721811711425,0.15630805800182387,0.12719598863042542,0.16932495051813684,0.3048365288890087,0.21445304839362242,0.20447677753887333,0.13920931217085675,0.2735512702766998,0.2884498333667095,0.21829115884283357,0.1770274608795782,0.15636327811164763,0.24180498272685025,0.15493921329545982,0.26035900862134226,0.17424441957832523,0.18981535993063672,0.08090957696242622,0.2846131446864336,0.18345212442632192,0.20343625218409986,0.09739103845039972,0.2590849163833588,0.15604142960290532,0.19161722095979697,0.21264020964103722,0.14287532043630036,0.16599838864344862,0.140626745408306,0.24702886663017296,0.20023917151628645,0.17830185299696152,0.23610584245912136,0.1485568777699528,0.1457003440608228,0.159139520454279,0.13112401267010337,0.28958837021667194,0.20279968770872134,0.19314291525472782,0.29282767430423456,0.21983711569373246,0.17068490317282745,0.1583859271445662,0.19249775605250025,0.22868601604165084,0.14853245110079405,0.08023896654135074,0.16417826680417227,0.19472646447701897,0.20934027542128794
0.26514447599179586,0.24448029020372164,0.18432345411969353,0.22487477448847207,0.12315480783266243,0.24316843854548623,0.19586628855828941,0.13193023017143132,0.15963191763306905,0.4718448585061635,0.15029326476677965,0.17376451818127625,0.23439400508070682,0.15809065066638545,0.2056135071148689,0.13894126563202047,0.35365163998885063,0.31196430968098393,0.31467275629205405,1.0,0.30518640221895976,0.23374941058900317,0.39381184793493706,0.315553868857715,0.2717833340666572,0.3132536719861403,0.1866941521691702,0.3062622601079766,0.398565748159971,0.3360329519335592,0.3111852421017304,0.3713728083446275,0.20663245488885462,0.33587351209472033,0.3216630952851481,0.2188450151784004,0.20719561498459307,0.31753945630031355,0.2102926900244003,0.16083012571920186,0.20452839059829195,0.32245368543458713,0.252060820789274,0.15782366204095344,0.2296930675523159,0.4014504789349502,0.19091860759224946,0.29005306357481714,0.1650464230915758,0.10948317399445294,0.16792560439042906,0.2023221313432847,0.18289931422494365,0.1278858413814857,0.2792726794315084,0.27051113310544417,0.11163560881538714,0.13867998690386102,0.47800569783775276,0.3287574450147983,0.3766753856971479,0.23728969251076876,0.2696252194875838,0.21648110840404003,0.23612059650829995,0.19208861006037747,0.19059262627137366,0.2637279473503701,0.33158176737188705,0.3317199077889327,0.22328966387850974,0.3285628560454725,0.258569401900394,0.2939657028648792,0.33471046265398646,0.26430827919708705,0.274592684863598,0.2013183731336732,0.29264484520505263,0.39563893926091764,0.293691232207968,0.13910864172432053,0.2957572193152674,0.3088263831949908,0.1479100975110526,0.17586026720806647,0.1384792139229017,0.25996016903069014,0.28242325027818826,0.3192009778402769,0.21445946574869545,0.25387133638428916,0.23620230788841656,0.21928661028331253,0.3546975335641909,0.1639320120917142,0.35855995862974555,0.22501787955932961,0.18264549794800133,0.22395591578478605
