0,1,2,3,4,5,6,7,8,9,10,11,12,13,14,15,16,17,18,19,20,21,22,23,24,25,26,27,28,29,30,31,32,33,34,35,36,37,38,39,40,41,42,43,44,45,46,47,48,49,50,51,52,53,54,55,56,57,58,59,60,61,62,63,64,65,66,67,68,69,70,71,72,73,74,75,76,77,78,79,80,81,82,83,84,85,86,87,88,89,90,91,92,93,94,95,96,97,98,99
1.0,0.38630454224096766,0.354132806091061,0.20572496281942673,0.19833768463469906,0.37376450631899666,0.3764051073822882,0.3559250018391363,0.1735008331364968,0.48145433409613053,0.41055041824078264,0.3806673077100307,0.33216184274840777,0.4041272730115316,0.49134831570095605,0.3284770898827478,0.2869014361602621,0.32686717571167867,0.19503883380309148,0.17441607169812387,0.370591301412328,0.3158835585676056,0.34709382019966867,0.227751243001044,0.1529621630688047,0.32557300140777856,0.2071080981441521,0.3429598218512783,0.2499058758456173,0.17827828029370926,0.1426477590792915,0.33043401621765256,0.33465078625390743,0.24666661202160134,0.4222687165913338,0.20797097806862289,0.2239010293708371,0.3003167804933946,0.34337983002218386,0.3014213927657999,0.21396662134598185,0.32494998322780255,0.37066363110235245,0.27733411494554905,0.17605431221020715,0.215455518336358,0.2931803079208795,0.3482259212010909,0.3171710015045607,0.24567585482527435,0.4724802233183388,0.3684619046337864,0.26689246623411195,0.27565776988029533,0.23252141859509948,0.30068410709962223,0.3515078971416829,0.20863240049069148,0.31166881745752567,0.33421296860984057,0.3844425668446067,0.33649410701149224,0.3997600616211573,0.31747964437200166,0.30851897846432635,0.5163242677719115,0.29093098546837465,0.2651722416307004,0.26872193892191637,0.34588095683538095,0.3325681556688729,0.3773117307289471,0.3100110850988806,0.3689815379779121,0.3668054719541313,0.35292081654020424,0.39433547228781735,0.29412834689284845,0.10887003475530653,0.2576245694346829,0.2696992013934836,0.19321305670060057,0.15307016987879513,0.350683646651013,0.23709579644983184,0.18111825530615658,0.3722656334157506,0.36343070972632335,0.28022673531927716,0.20769703907051004,0.36270160680241686,0.24967328803122213,0.21602294475321096,0.28526486349092095,0.3339788182517514,0.3555007296940634,0.2680356454375154,0.26258957983302794,0.438886019185352,0.290764057024567
0.38630454224096766,0.9999999999999999,0.625091138801713,0.5400905417172647,0.32188510493496025,0.34131958911022453,0.272713124255119,0.5169774764933521,0.2480761920148848,0.21174282154150378,0.13356911850927433,0.2697997118256739,0.37045779410957486,0.31135197965611006,0.3358616757971166,0.3897446784281053,0.15853644815132645,0.3130141977744108,0.20089432280798583,0.23597845017137994,0.1670135295017924,0.24577662531608857,0.2372968969992294,0.20515172182448832,0.17488994197519658,0.17804636257962642,0.17934244425178897,0.10924698882389315,0.18443875732598225,0.24200599567135528,0.1346974719583941,0.20684281689383677,0.22457253514836992,0.26206052696458393,0.3230125910168124,0.23073126881666492,0.12905783806581408,0.29604994003076035,0.20580517293733075,0.1688147743832398,0.15480626678549497,0.2616491976121473,0.26402571476455167,0.17616152484572073,0.19425886789162727,0.2251847339943779,0.21123639317425902,0.19765353815012243,0.18982447235280211,0.2176362274923475,0.35256169214717203,0.6464338867410562,0.2907820334961866,0.49503050596207265,0.4583959220357838,0.2672385476798049,0.3695418311050742,0.2886655220530504,0.23511862740929737,0.1676874217281463,0.2681057574997699,0.3386537425105722,0.2959233209053188,0.18086588692970756,0.18304185355849933,0.32516613324610744,0.23428289125396273,0.1466347360959636,0.18220996883659787,0.2568272041725,0.1805706496109746,0.24530893458821498,0.2521736028920587,0.30098220367491174,0.12953167396311727,0.22975884184639764,0.19262568741840488,0.24304329529086477,0.1631480795744278,0.23137348721432915,0.15683918592920812,0.16455191077484874,0.1803287086928821,0.2475572454920267,0.20871745832688363,0.1820081132056729,0.16560307772571128,0.1567881006943313,0.2112406216472937,0.125914577056959,0.2032066406614964,0.2848467593593085,0.3389037387112599,0.21198981270838607,0.2783597129920929,0.1789137296420535,0.2662578581490767,0.17980528252708186,0.2117608076820338,0.20372614641065856
0.354132806091061,0.625091138801713,1.0,0.270955062042377,0.4658232519210419,0.5076826270334592,0.28098893000558467,0.61220398552925,0.5005044220874975,0.26180627182600985,0.13623883336348286,0.4232521008409812,0.4146501702998435,0.3627818974803698,0.4455846504741105,0.30451651585947226,0.17565099262799502,0.3347713514629994,0.2368965308285977,0.2618817921347193,0.21262432654299443,0.2956225548492122,0.28111210648667945,0.2262871761559104,0.11874325045208195,0.2389252944818005,0.2208835228970406,0.12200795514234931,0.3104105334085101,0.2823747364621197,0.1767845630146378,0.15049114173584763,0.21399272802840158,0.35351831644369625,0.30463781294101944,0.3224166129885526,0.16512123402995676,0.3061850448900783,0.21369362978908363,0.18307602526176153,0.18816507337176286,0.25696463398150815,0.19500639468340555,0.18834807594412928,0.15452283100236858,0.1374164459333116,0.22431672586364734,0.26592576914038935,0.2478571708808206,0.31721825014335414,0.3723288868138247,0.5327967553267469,0.20460954611849047,0.37536968893496764,0.5996683094632784,0.4383838801315579,0.3885800816013627,0.536473067069713,0.1205146570296658,0.17291990860651033,0.23683965346512875,0.2547761848889098,0.4274688352672316,0.22401246962762833,0.17538161036638755,0.370060985066246,0.2948221012784008,0.18521696200107074,0.2506073575691783,0.2823244391918653,0.18046906528968207,0.30009356101604134,0.31711039696718435,0.23561349378171076,0.13706900562510937,0.233307948140191,0.2531752274594418,0.3135311928667457,0.18972529016047568,0.16946596290907182,0.2078826621245352,0.24544255807486373,0.1505742149640129,0.1980893029891288,0.21685787121359243,0.235087194521533,0.2007409263724326,0.1425023963334081,0.30112235963453754,0.17265845924547096,0.19800594423200576,0.2586984276288147,0.22401400797111912,0.22060937172869366,0.29242612743749785,0.21878099803966988,0.22379920557016816,0.217423894381145,0.2864065541248042,0.26188988462184426
0.20572496281942673,0.5400905417172647,0.270955062042377,0.9999999999999999,0.11381210926809308,0.2059700717697809,0.31062011532004324,0.2971839342885226,0.10787344647605147,0.21207453418223599,0.11947594078421693,0.16996800750619376,0.18575977295912932,0.23355878104918365,0.20241764818608188,0.654575859826358,0.1525238487218092,0.4374695799358147,0.16195431151732567,0.2818547095039786,0.18256787108945055,0.1759613318804875,0.24882070762589076,0.18486797363629814,0.21100612638032054,0.16119301894823349,0.1725417894893738,0.15383257984713697,0.15528450511188738,0.22366578829235131,0.26700096145405017,0.325612796955517,0.24312026554663613,0.25082625372020945,0.23590120456095903,0.23206040013312454,0.15482248345896632,0.19495683460888244,0.2047042694849903,0.19379548842696423,0.2544146448703173,0.23408167093395277,0.2014317555859644,0.14810804015979157,0.17278215058374757,0.33017141239250347,0.3230752194977507,0.24078000522570953,0.23447975781702862,0.17762470290677457,0.17094354104005785,0.5156641569540151,0.5470751818475642,0.6312958975234045,0.14020073151354098,0.18738924445711494,0.5623072302316454,0.0836725565130305,0.21548547172571056,0.17176358271891443,0.17685718985033685,0.17351550663594373,0.17264861218365812,0.12037605542473742,0.2710266774963102,0.21467523996411927,0.3895653259469873,0.13625236013690056,0.3093229921304003,0.48396894981708355,0.28495251460261445,0.2994731223004108,0.26054123636545595,0.2481116760862666,0.11044974761732605,0.1686783787059757,0.15366756088774655,0.15044535477718732,0.22608720266390236,0.2503400566397716,0.2226333396036461,0.2761196575187015,0.23944192290060726,0.33022012058655037,0.2671968581341977,0.26448221843134806,0.24079904386900544,0.13384801362717036,0.334051176714714,0.21787720763287116,0.2619956919108874,0.25654021382370074,0.3084299704249286,0.21586851178511707,0.18429556075667317,0.11793717074425963,0.19002537434517136,0.3177102678087599,0.25270225692841225,0.3102053556009767
0.19833768463469906,0.32188510493496025,0.4658232519210419,0.11381210926809308,1.0,0.23790271535460522,0.1795610968952192,0.3929861317525547,0.4742108104244673,0.1755567942719827,0.11618334660504197,0.21420552045510027,0.25242570293659855,0.13467459781353525,0.16728868192716992,0.1463389921243272,0.16240746109493376,0.20288797659152838,0.20560481902975192,0.12611796042772128,0.19509336169616426,0.17454885809497545,0.22261418716111459,0.17635388209946462,0.2435164635551162,0.13422170541428702,0.26036538089913547,0.17356652040563986,0.232720724777864,0.19485573525639677,0.21215234664527233,0.14057382704887103,0.13805322524183616,0.14831113085864847,0.1527685105476694,0.17289459299626664,0.11683230035445068,0.30798165710496184,0.17509947950694607,0.1685701096531104,0.16277150486613212,0.13960679711347,0.17235108509273075,0.2506899439513126,0.1291660559291016,0.19402857404057136,0.13346092989965302,0.1446916934883628,0.13581051353407878,0.23490147070150452,0.2964141763040223,0.21316317104302634,0.16958850420544444,0.21538893626051858,0.6375644277676131,0.1800456145829815,0.20306211068540403,0.5172639463474088,0.17664489241376558,0.11592522637386533,0.17823785915877724,0.23722000556830833,0.21986794891386205,0.23360771353088564,0.19742221609600388,0.1713065553404535,0.19603825564570948,0.2964723128788249,0.29832846042397176,0.23530786223490963,0.16776126820386042,0.28512467323309104,0.27541092317756766,0.22841361284921816,0.12303968226319556,0.17887355285606193,0.12034613708803871,0.24691514633031056,0.14634297785013284,0.16502004430265527,0.20039652473159195,0.15092485881451342,0.18212034977992844,0.26068120678019185,0.25474551783203664,0.2729636176525543,0.13826485926197168,0.17804154494420527,0.12165194719029335,0.11683484067999314,0.15442318230983296,0.26543667147290806,0.14967559897308996,0.1697732329997558,0.2317134188703406,0.20731510927831717,0.20957328640576312,0.19785951391304793,0.09668095331264734,0.11660423918960024
0.37376450631899666,0.34131958911022453,0.5076826270334592,0.2059700717697809,0.23790271535460522,1.0,0.4776056911004918,0.4993628770462243,0.42659705752961835,0.34432146095750277,0.3585473337089805,0.39908289201789665,0.3442921230044144,0.3901712236527186,0.4650655637192827,0.3040690556329427,0.3070027742129009,0.4113010294158167,0.20020435950895657,0.3072097940126024,0.3884694383829324,0.44356410456848827,0.3730508778909723,0.21808618851042957,0.11797036204694651,0.49377001080182403,0.34215804934073546,0.356592042112988,0.42611769057186033,0.19685024391525732,0.30021797516466997,0.16811148759355826,0.2584710680815574,0.2870022584475589,0.3183479949266672,0.18065510807750562,0.3306103946111506,0.3007557652794435,0.37307015103465646,0.4176850668337815,0.1725001632532596,0.3817605211754978,0.38553719689406796,0.41755747331881515,0.20851198667586637,0.11366683591340253,0.23678967805255063,0.3501951884281055,0.3663837849695792,0.2864441282557743,0.21996671418297528,0.395769300868151,0.18559491186526947,0.42143247258144517,0.48982950240980594,0.6485729985813226,0.3971211879092569,0.4469237123327708,0.12844619695893086,0.2904497626068737,0.3348028515996577,0.26712458291763985,0.39328360051081274,0.29628708687017646,0.22189199543755098,0.369774680731097,0.38991558207887617,0.22800707985750784,0.24898721012155456,0.34805931534114576,0.31770302895485536,0.34416031928140145,0.27408838118197615,0.3670447027673516,0.33574081274943895,0.31949085157456286,0.47122660422235607,0.3093548967058731,0.23748613295544005,0.09805476635202433,0.28753411270626683,0.20132277496805842,0.170480544385779,0.36953308281268293,0.26010346790283967,0.16695367021810537,0.33693785300618023,0.3643301396481233,0.25240356826513993,0.19707209232065812,0.3004683640149517,0.34354042725993444,0.25146356189425917,0.3273662382940404,0.47128101683894025,0.42937082918503827,0.1469259255936201,0.1943179769445807,0.3677458825558989,0.23563881406231338
0.3764051073822882,0.272713124255119,0.28098893000558467,0.31062011532004324,0.1795610968952192,0.4776056911004918,1.0,0.45660124073354424,0.1812323679510504,0.39431301000006536,0.3962519283027883,0.3313131457719113,0.23805642336354108,0.4800659357875503,0.4234919318271497,0.4964982528776531,0.3218291533537419,0.5164241588647809,0.2409364117902549,0.25298591906458406,0.38011249631777466,0.4196461511759684,0.44568713252674286,0.2323410904879761,0.1482982206461509,0.4306056596001232,0.24171649697144926,0.3104010248007485,0.17262559600946933,0.14638250983703033,0.2636877772402892,0.25810873211958574,0.218609543066231,0.2660094725771182,0.35169936040714284,0.19971047258871674,0.3127714118818357,0.15305757846326176,0.39787467311618147,0.5480270175605493,0.2654023782570286,0.400491250485982,0.42715472367839724,0.3078394667044141,0.21098663243425897,0.1288261230127015,0.30287671690403956,0.4624423294016442,0.3420853380174645,0.22861678703011587,0.22449196795279774,0.3919109043718753,0.44274821883646287,0.5398849503731631,0.2009019897966423,0.228498374367562,0.5671017508440247,0.25742656924040697,0.2108755835952513,0.3089609535780687,0.3132915764163457,0.20928931089671562,0.3115981814107878,0.31221059703172555,0.28533442263284226,0.362092545702332,0.5123471589858741,0.3396654663776008,0.289154644178641,0.45938333144272847,0.3700163991076503,0.44567637312274583,0.3124532928861286,0.49410717478353566,0.38724260683198425,0.31154918264503917,0.3751107547090303,0.23033573833187176,0.20920437791501992,0.17535516624212252,0.3648712855487479,0.22980105065890907,0.18550269597732633,0.48918654989604654,0.32964890599799956,0.18693359761208952,0.4861439801339846,0.3501706229434858,0.358447183690473,0.2567848004053608,0.36360808151114776,0.35268120949808723,0.20184551420355398,0.40820971320980476,0.5213786700941715,0.34034075383980444,0.14607057298524803,0.32339977101825135,0.3765293238802081,0.2865974310434361
0.3559250018391363,0.5169774764933521,0.61220398552925,0.2971839342885226,0.3929861317525547,0.4993628770462243,0.45660124073354424,1.0,0.4752884823749452,0.2556310843921693,0.19376884568653716,0.43650823276259615,0.40275798620870434,0.33292927242657866,0.4142034220067866,0.33340678239543486,0.2873170957123564,0.4053944284488379,0.2474031537614412,0.2764517445256592,0.3018696827222066,0.3636504841888257,0.325499103358682,0.2025783176147097,0.14159295916229428,0.3506188949909534,0.1847234692841814,0.22935529017801745,0.30632665612482896,0.19094163839167455,0.26264667201180303,0.20590974784324853,0.23357336803127646,0.3005641929770212,0.28062955158457137,0.2324276691187633,0.2197982267179955,0.17779347486778932,0.29528639757533104,0.26339400980382244,0.1913781154503692,0.321454208357454,0.2604206212333511,0.26350974225757795,0.15396441922723786,0.09733322553179252,0.23999458391323455,0.3137104235055134,0.3011507046719478,0.27157764681495394,0.29396599917432126,0.5305325620493256,0.22040288593652396,0.5041956034649909,0.5406455277019351,0.27622397632191303,0.5704021206243219,0.6585451938502316,0.12898432834843848,0.18880368807372414,0.3170881598019901,0.2636761638666889,0.3168672021018998,0.25820048391647676,0.23340470194823093,0.3359691496083334,0.39900095622140597,0.21060339522949487,0.25246797832381507,0.3081537225244301,0.2715434920327632,0.2976668010024917,0.28380193276130217,0.32093267971643075,0.25236860559482177,0.2828173040618299,0.28559474648679944,0.21083687681990215,0.2256043509961071,0.20636510101981426,0.20124694654420303,0.26568443090850663,0.1457588912056509,0.2861746957306937,0.19778167434490357,0.19823523992120393,0.2781357241565069,0.2856049216488047,0.2655416318287488,0.16293766827448233,0.24737446610448402,0.2996959316008518,0.2075454109770497,0.26091989212357264,0.4399846397480702,0.2834902948000442,0.1602586122684927,0.26592554525777873,0.3175042589805258,0.24817449553642987
0.1735008331364968,0.2480761920148848,0.5005044220874975,0.10787344647605147,0.4742108104244673,0.42659705752961835,0.1812323679510504,0.4752884823749452,1.0,0.16109258424356537,0.16342924232820555,0.33021808673588443,0.25440711182107983,0.2427830514277128,0.3255932747829457,0.15283725400464426,0.21435312177810217,0.16171005409904457,0.32064329718118556,0.21780418622467693,0.20241747170868937,0.23538237145495586,0.24020796578616152,0.2779238813862995,0.1842772139492118,0.24800346721177097,0.26351978403858833,0.12096701345138505,0.5089286117634355,0.29296703655908385,0.1975874137947828,0.1328383999762762,0.19297132126820302,0.19777238715667902,0.18596087895402974,0.3009811173660532,0.17857305944827373,0.2353230206038623,0.25150482697228727,0.23303681040056862,0.24183513664749282,0.15457091289611166,0.20701367458751133,0.28634477282849785,0.1585592193367965,0.1352144437356858,0.15996592315021074,0.19246230398811165,0.2435328676332472,0.43168155262688496,0.3023044782426389,0.23425473449499676,0.1654658065550157,0.17454557098420287,0.6307995822588658,0.4845064559331467,0.18809335161667765,0.8281389516073802,0.18671670639082344,0.20583924632449724,0.28819434949523454,0.16399292842870503,0.2606086976341458,0.21955586684061285,0.214199170464822,0.21135316451366845,0.23402505044405575,0.24069801721984468,0.24791019414891222,0.15938266861608205,0.18894361325151476,0.24461112565185256,0.2597264376959232,0.20302983384968787,0.1750442058398005,0.20205136436892143,0.2223015078057857,0.21444761391892964,0.21536011747403247,0.20312775002121647,0.1686066259928915,0.14201194055863336,0.14120175729124473,0.1775683593107004,0.20000528002632856,0.23607648188496688,0.11678207409118617,0.13142062071424715,0.15272140000366885,0.2132428283349643,0.15930701709206235,0.2316028491888695,0.20664626573758899,0.16026143655695282,0.27687528686455787,0.25708062028051476,0.14596599299706298,0.18967682959976934,0.21412401230816264,0.22935835128842136
0.48145433409613053,0.21174282154150378,0.26180627182600985,0.21207453418223599,0.1755567942719827,0.34432146095750277,0.39431301000006536,0.2556310843921693,0.16109258424356537,1.0,0.511320939697496,0.4721839704699089,0.36852572806090195,0.4571321008191584,0.4424119338314043,0.35232086508824684,0.24248494541782442,0.3101563332978377,0.2431238462828471,0.17577104091737586,0.43177699779580975,0.3230576462940887,0.4589565691492708,0.25080410544804277,0.23552322337147086,0.3940388100666752,0.2645046821350174,0.24019422193124496,0.1894786329707966,0.21346455758232918,0.17637433383157025,0.3518283355222129,0.2757156595852632,0.21481461273318556,0.34596745889808417,0.17095788981935378,0.24779709525952612,0.28634696707232576,0.377804643106064,0.4280612808889548,0.20336291068290538,0.31038993694487876,0.2981573700224608,0.25734652751560444,0.19413437616492984,0.18845657325586565,0.3101842769343541,0.41970578732478786,0.3180136244111278,0.2046046224626415,0.23752804865208824,0.344275937402761,0.35184935234163867,0.28951127787184106,0.14350626136774325,0.3141773786475427,0.3450989904115342,0.15232057604694127,0.4557219382576736,0.4731100555687749,0.4480680560736768,0.35146486843604124,0.42382828592775057,0.33047664194517756,0.32059668963932986,0.5248061278562232,0.38588069642176515,0.35737838114054193,0.311307158180485,0.35761114602352256,0.4079423198020338,0.45501624928352685,0.4710603667070556,0.5263246075268679,0.40956434365201294,0.4429614979274353,0.34482514450360335,0.40538347073438025,0.13142301169376747,0.20209823975773858,0.33537702941400094,0.2463193390209412,0.25014968970528634,0.385600653752273,0.4329141846370356,0.277843747846971,0.4208710226420819,0.314853178757895,0.2823044866307145,0.2175790132477631,0.40874203844317286,0.23873750662605872,0.16953251576514872,0.32550413661929745,0.3462614458345148,0.330120827018472,0.27339347754746135,0.37969749767899125,0.3673065538056678,0.2853697014819595
0.41055041824078264,0.13356911850927433,0.13623883336348286,0.11947594078421693,0.11618334660504197,0.3585473337089805,0.3962519283027883,0.19376884568653716,0.16342924232820555,0.511320939697496,1.0,0.31811574538136544,0.19698731550392673,0.2934180317381365,0.28035552240323397,0.19544176030886132,0.21861963562483885,0.24090892986804746,0.1325292537925174,0.18272246378714288,0.29412272914744386,0.2929541143059582,0.27008467921016543,0.19140799688245977,0.228137785253948,0.48376050537097987,0.15891066938662587,0.35870434477894697,0.23182180227423438,0.11162932091655986,0.1945255237502293,0.27481097442407826,0.20412999427562323,0.16139926115435904,0.26906591499533794,0.12568202342911533,0.3436924794678112,0.12664593478452163,0.33394087148938534,0.38375283859515313,0.19950974872423255,0.3347759526975234,0.3370802975184034,0.38173265199943124,0.1976178065059782,0.12541298989336835,0.2561972015847653,0.38744258105714763,0.3324866406111078,0.18127701220027523,0.21619757325195077,0.12217244653926435,0.18793169612353539,0.2268519824348708,0.10127382046204904,0.3376465317160606,0.27934320821549613,0.1737816921537082,0.30869669756070567,0.6523018871014554,0.3626863969834537,0.21521586926268313,0.2840520381713241,0.2339054289269057,0.20456513513198224,0.34397634725102144,0.2556735023181153,0.23727682558508817,0.19235084423903115,0.27254509805312344,0.2928661688980825,0.2770776402057815,0.2245556132588107,0.31583359106529213,0.5023830346327577,0.4802014631033726,0.42212283487912816,0.2062598687927957,0.15465125460306922,0.19969523524574412,0.34241890392987245,0.1599153106018344,0.1467497755827373,0.33454510126582526,0.31802939415320597,0.13487568216320348,0.4251970632319844,0.383464761669281,0.1937660648184523,0.2297754796192906,0.3149954964026257,0.2224230737646846,0.10896255643839993,0.3881356766444939,0.3633839410239563,0.4355612118961863,0.15833276687873937,0.22755696164284178,0.31377747207534584,0.18534890981598134
0.3806673077100307,0.2697997118256739,0.4232521008409812,0.16996800750619376,0.21420552045510027,0.39908289201789665,0.3313131457719113,0.43650823276259615,0.33021808673588443,0.4721839704699089,0.31811574538136544,0.9999999999999997,0.6222550945440356,0.521397881554268,0.6351280527687266,0.2728222830510175,0.3155428879783392,0.30828214382184066,0.3472294004384336,0.23513786413303273,0.4364369135178785,0.5310296406580378,0.5116836680405435,0.28050536488095207,0.16659310893681176,0.4725352911678251,0.3010870618537657,0.21689642881884602,0.3251603400127257,0.3302310876664491,0.17723487596049634,0.28055086168601556,0.24049148105081758,0.29164261307721434,0.4461415070616866,0.28030106309106284,0.20391271075014988,0.22030696740634206,0.36036899531266087,0.34142044839491936,0.24652317047937974,0.2873804517842232,0.3587903572807425,0.27940323871516204,0.1363703370915237,0.16530265183678805,0.31333432128466,0.40625263217298113,0.3852428509094914,0.36159180999652235,0.3415329519624828,0.3435069493617793,0.18585498344129361,0.28112259512759574,0.2995430093339417,0.2998558690802117,0.34572384944797335,0.35087566749765015,0.23522584425923435,0.3364006188633748,0.5413305129284521,0.4874034457882571,0.6284686046686417,0.4592742055656716,0.3068488358374102,0.5836772125731938,0.3702042626345541,0.3379676162096342,0.27157666773013406,0.255972457169382,0.3664435124099687,0.4247339097459608,0.5250293378595223,0.43009938401674963,0.3872365866362751,0.4654408395054421,0.32310208053965117,0.49636070170282964,0.1808743803592308,0.16295354223489059,0.2539470379993219,0.28132234044148896,0.2183034742863871,0.3311952017738639,0.3018639176563694,0.2636920663464004,0.3472623706325577,0.27992378782333505,0.3007225462438109,0.1999160499886251,0.21396318505677217,0.18405035369194203,0.1620928317253869,0.3017132176018192,0.42676127228502986,0.2894237974311006,0.24332540460417973,0.33288700874380056,0.47572738857769586,0.34473820608262473
0.33216184274840777,0.37045779410957486,0.4146501702998435,0.18575977295912932,0.25242570293659855,0.3442921230044144,0.23805642336354108,0.40275798620870434,0.25440711182107983,0.36852572806090195,0.19698731550392673,0.6222550945440356,1.0,0.389370515998328,0.47758219405947844,0.27143850982406126,0.24643905460833712,0.26688909215993173,0.30347159816370145,0.20019310956726521,0.31860386223090914,0.37111679633171063,0.36599402442166673,0.23822383330999738,0.1577582351833617,0.27089176676189786,0.28875711504042123,0.1737552829384731,0.24691519233270853,0.3006527260357472,0.23200849592487519,0.2674620301314967,0.22880203202996988,0.24040120690932684,0.2964061099980018,0.27123190608594555,0.12716556101811421,0.3304366970607603,0.3176151987326671,0.23513301603620598,0.19144737297588887,0.25968510147090057,0.34191552906550465,0.2874040179722405,0.18141194141488762,0.16184671304548917,0.26702695662692355,0.28730614386787784,0.38439206383853863,0.35212147258912607,0.30976753689954983,0.3936935887401126,0.2345168060599522,0.2192275817311381,0.31883423333141997,0.18281118911057992,0.2919190167005092,0.27859222828417196,0.23059285239092633,0.25828403380577447,0.4677714977294115,0.8391270767811686,0.5254401881675612,0.294913959819101,0.23574638494706804,0.4432075362002903,0.3391240338514394,0.2574270335949677,0.2024892058384205,0.22128716930910644,0.2574221300056332,0.3053068816002391,0.4055343543905641,0.40131994791485215,0.26238651046291017,0.25397627840147613,0.21610157371032823,0.39712933098249037,0.21595389624521752,0.15436436809563808,0.18243818531644293,0.24337800660031805,0.2949598995340531,0.23302669096559164,0.26591420580116865,0.23138735301918495,0.26874406336405526,0.22307958681709292,0.25757849683708234,0.17886508624899197,0.2942099064806714,0.1325444313872593,0.18979385567935278,0.2928577808401862,0.3585618661641815,0.23556916291206817,0.29656486036328716,0.3082883115218429,0.36946872155372346,0.30819546317911917
0.4041272730115316,0.31135197965611006,0.3627818974803698,0.23355878104918365,0.13467459781353525,0.3901712236527186,0.4800659357875503,0.33292927242657866,0.2427830514277128,0.4571321008191584,0.2934180317381365,0.521397881554268,0.389370515998328,1.0,0.6792703755274248,0.3977437847302207,0.41467758390443565,0.3614536269553109,0.5589521349941039,0.23037780162157095,0.4974482065410426,0.5302378247500178,0.6119263182255937,0.2863926097492331,0.17972897618885703,0.35380360033584807,0.35175580875618573,0.27357074395501857,0.2830203788333871,0.38613431945044113,0.20459071309897164,0.29643597673581856,0.3191041617942515,0.3287539599112137,0.44903024134585967,0.25071397251056526,0.1799272135068662,0.33547628636645527,0.4112194131570866,0.39584765531679517,0.18937856798461808,0.40116448041494723,0.3487912580549114,0.23559739420601566,0.1898907223341569,0.19974221075152884,0.33438557433088123,0.442926348379879,0.26385284910327017,0.2491947819885221,0.2479269686451271,0.4289690333174771,0.36945675836667363,0.3248944447180429,0.2385200519729219,0.2612371442617303,0.37363449956621714,0.2271893047663699,0.30052824321285293,0.32027464287926294,0.36901332561995437,0.2988762586825003,0.5552059126832861,0.6849026717101105,0.5357160663929804,0.5559462263840778,0.35952469220184724,0.5160579429511034,0.3986781128093164,0.36607022690838925,0.43687098856944856,0.5202782055697037,0.5558451359212195,0.371312705818973,0.26526013669987714,0.3371872328125671,0.35712507054585657,0.4996900784206805,0.16981116479596367,0.20408296968273443,0.33538702739464377,0.2579987704665799,0.20991843494962062,0.3587216345484406,0.35658646931722643,0.27283769079878206,0.36566423551121746,0.36522716195579163,0.3092018491455936,0.21539113206940186,0.405861274652708,0.2606774273109376,0.2812923840754991,0.33036973638819267,0.38838936534566815,0.29501516471816197,0.26064978382622855,0.3369421943059202,0.39678433932317975,0.316443078766684
0.49134831570095605,0.3358616757971166,0.4455846504741105,0.20241764818608188,0.16728868192716992,0.4650655637192827,0.4234919318271497,0.4142034220067866,0.3255932747829457,0.4424119338314043,0.28035552240323397,0.6351280527687266,0.47758219405947844,0.6792703755274248,1.0,0.3763447516847595,0.35839003314054624,0.4408837417939062,0.3858731928716225,0.321161069007706,0.5645763194039105,0.5301329068676202,0.559145702587507,0.2524746082375605,0.15248714739064062,0.35266258842772963,0.25861853921584166,0.2998178728437568,0.34146971068475923,0.3244114830930825,0.22514495858778477,0.29150339320841284,0.34732650076857075,0.39000591815612295,0.45790479640556314,0.3072304819694143,0.22147606924765498,0.33771832674238433,0.31130186168617396,0.30132665693028693,0.2169160569070298,0.4121613294651904,0.36925210950176707,0.263824081522979,0.15183200014582418,0.1663137176486591,0.2908994947878987,0.45427049636322825,0.35137417115801806,0.29290031778195935,0.28529515533872546,0.40686006905965355,0.25901705469944325,0.2960197270227045,0.2692279684155518,0.319888576016968,0.38108062483774563,0.30613963996252086,0.20063935380361805,0.2618410746321137,0.39840231499838624,0.3298587366915959,0.5854197023976364,0.5049906585354625,0.4843028907505251,0.7425958539842962,0.3668803413541273,0.3089840026801374,0.31716558276152357,0.37091769815397346,0.4932701073784302,0.4271465980061487,0.45868094288976574,0.41051497706832313,0.27743984961472185,0.2934093955093319,0.39618281180212295,0.44164882947223527,0.13631614261095565,0.15101737091428674,0.2875237530805299,0.27356598938026316,0.2061453990403927,0.36346137909125903,0.23818690175977075,0.20167020809248337,0.40927696652220447,0.32669580011886074,0.33599015477332017,0.2092222374610796,0.36948323689246704,0.21132552445846164,0.2235397896584975,0.29597563305384145,0.37362660874433373,0.2934155544456571,0.24295209153932215,0.31271682255231836,0.5843600845775373,0.36427799987898607
0.3284770898827478,0.3897446784281053,0.30451651585947226,0.654575859826358,0.1463389921243272,0.3040690556329427,0.4964982528776531,0.33340678239543486,0.15283725400464426,0.35232086508824684,0.19544176030886132,0.2728222830510175,0.27143850982406126,0.3977437847302207,0.3763447516847595,0.9999999999999997,0.3179839962586204,0.6654814857959579,0.321241498526491,0.3789565040687883,0.38120521866786766,0.3434240356676475,0.5262951140702419,0.2224287663631479,0.1344731397586496,0.27038847485679873,0.200034845271637,0.14433910625248114,0.13913790525869552,0.23850649896726453,0.28954340333221507,0.31982095679989625,0.36978926947192275,0.3955303455496294,0.31761747623789305,0.25409583132901103,0.19315319807868647,0.1861696406877218,0.31565387637382447,0.4266495206781354,0.22900971087349817,0.29775804748635104,0.2560133555208767,0.22585023833452325,0.18276331592424142,0.26364782462253256,0.40163323242338067,0.325622860497633,0.26726839500677846,0.1568766115630314,0.1988924154187198,0.6577126854365939,0.8069085557630571,0.47840607682554087,0.13804806454409585,0.22448266177902856,0.7078162599926165,0.13400516584680472,0.21864541254784484,0.2428088688081423,0.19134328045887605,0.18026194737918122,0.28957450653486033,0.17771384933205683,0.47153916144757746,0.3179146580047239,0.6842343979619444,0.26637026490534327,0.5554086033575294,0.708122680973884,0.5149072829415748,0.5637733764140966,0.5261758444811975,0.3781489244163568,0.18436823775316769,0.18498178101274132,0.22437155443704884,0.2550410689235261,0.23459822859744084,0.16713867884094644,0.3496264696016727,0.33683865476762415,0.2514226675083173,0.45099743513127494,0.3441692502839646,0.42771301732350636,0.3833762605347198,0.15771997038118812,0.5037954914735039,0.30757681456898367,0.40691836811124155,0.23631372754672905,0.24764970945408268,0.17785521928677286,0.2933533973384138,0.16542766770906372,0.17006557149750215,0.49667958531849576,0.3493618821943666,0.30558582328170597
0.2869014361602621,0.15853644815132645,0.17565099262799502,0.1525238487218092,0.16240746109493376,0.3070027742129009,0.3218291533537419,0.2873170957123564,0.21435312177810217,0.24248494541782442,0.21861963562483885,0.3155428879783392,0.24643905460833712,0.41467758390443565,0.35839003314054624,0.3179839962586204,1.0,0.27400701210596295,0.5837646954750672,0.19694997819398435,0.5193689928660582,0.5654527956439321,0.4877103583045027,0.4181233463362888,0.1122535780566213,0.4686417538982377,0.2590968423464127,0.32235731847649357,0.351150905582189,0.23335447056802042,0.18833038879663747,0.18968884935294358,0.23289335885824655,0.19645519013888182,0.34046624097077277,0.10687310108299776,0.20373932728863242,0.22166575896755647,0.29952329137679606,0.42402111046299623,0.15064241771429132,0.31229320279490547,0.3374139946788817,0.24873653622120578,0.1188670881097103,0.11459185792683281,0.23939617350660278,0.27107831322629317,0.11508277120774435,0.1097714913072435,0.2668748490388012,0.2863151544653871,0.23437940906555496,0.2437063659769525,0.15060853204797545,0.1757978291570811,0.3146431027574177,0.21736009655031327,0.17453718553280628,0.17941107281216417,0.24703876040212414,0.20930610484274376,0.3619690215487237,0.4285281461178137,0.5194872454710274,0.2966494525338406,0.3397531810638094,0.5945761181405332,0.3123699949098906,0.24666994525643585,0.4671541193846386,0.4699685758340494,0.4240904145880782,0.29797324635612665,0.5180250344849402,0.2296194107813052,0.44653367956714207,0.4441414561023629,0.11540343294251612,0.16218731222154692,0.3217048382519184,0.21039974009474186,0.1386039873508454,0.30869487092625986,0.23404157507566561,0.21629332342454555,0.2875666298456296,0.38253286089183286,0.17293562649660935,0.2538736347440186,0.2439185731254388,0.2842715965927732,0.163564786415173,0.17351797297468885,0.3940677373491509,0.23083227879645446,0.12034165024613028,0.2505032775723317,0.18970204372852426,0.1488854006409286
0.32686717571167867,0.3130141977744108,0.3347713514629994,0.4374695799358147,0.20288797659152838,0.4113010294158167,0.5164241588647809,0.4053944284488379,0.16171005409904457,0.3101563332978377,0.24090892986804746,0.30828214382184066,0.26688909215993173,0.3614536269553109,0.4408837417939062,0.6654814857959579,0.27400701210596295,1.0,0.2751072912153117,0.5964183077088046,0.4264336466091859,0.4198742099228388,0.5291320203362585,0.17240883586006878,0.14891355020039193,0.3432421326938622,0.17571467608211447,0.22121597915366248,0.16253325649444572,0.25452813444063116,0.2806851297602542,0.24161154810334343,0.3306486160587147,0.5720748617386647,0.3667598121419126,0.34241785155188886,0.20592130384836377,0.17175219328577537,0.2737262865048272,0.38252002828466175,0.23282146588358132,0.318880198945681,0.24241493291566335,0.2864396347334005,0.14928013235398188,0.23114420937680827,0.36294803767015277,0.3887086606861195,0.40947207327513807,0.226269892352087,0.17152130505834243,0.4449402888409273,0.49225950099387766,0.3952801729030638,0.17910704063372054,0.2599189082262532,0.7186537568788988,0.20272702806184614,0.1238729265117256,0.2580834254959196,0.19762879359275062,0.185606458212963,0.31391297813056973,0.22306021442045332,0.4202903469491867,0.37842468755543524,0.5672861010462548,0.2596731114908095,0.627639445410368,0.8705270902846229,0.5358664933431476,0.5420946704087413,0.430873266833058,0.2866145256959259,0.18970309296764187,0.20880066014673418,0.25908029863131443,0.23656314745240423,0.195605149652341,0.16380075259211427,0.35830543609704707,0.3717172720758406,0.20709222390463794,0.486477800295332,0.2760178741416382,0.3747575758084114,0.4710213300534165,0.20563687791703208,0.6616284415962457,0.26551950771090754,0.2737495124849278,0.2982219485695418,0.2726403955968458,0.19846238953357315,0.2691045319179282,0.23822518600246909,0.16053222858347665,0.4592502926430518,0.471338717195702,0.3086958936273752
0.19503883380309148,0.20089432280798583,0.2368965308285977,0.16195431151732567,0.20560481902975192,0.20020435950895657,0.2409364117902549,0.2474031537614412,0.32064329718118556,0.2431238462828471,0.1325292537925174,0.3472294004384336,0.30347159816370145,0.5589521349941039,0.3858731928716225,0.321241498526491,0.5837646954750672,0.2751072912153117,1.0,0.14941723753742273,0.47612304503461916,0.4268080046120216,0.47579176104508847,0.2814199726561604,0.16723639615767938,0.2281703837635132,0.24069567601232983,0.1645543436362203,0.3700623418887393,0.3558062543319353,0.16678242573042967,0.1727915699953858,0.2939218460881079,0.24584295109519463,0.2390702678621569,0.16646409970303716,0.09162025442566592,0.2988806301648448,0.22020372574943597,0.22292182169272853,0.1542073697506698,0.26869806068306235,0.1928205021466159,0.18508586597141855,0.13949261358536083,0.14434530367349743,0.18345767177751302,0.1947879795342807,0.13923152027448743,0.19342836945480424,0.22300845624163648,0.33332271185769785,0.30220773851133637,0.16950219837969846,0.22415272213318457,0.15708186360037601,0.27794028820184397,0.2856697685569003,0.23942219090789824,0.19352260448609893,0.22853915307791747,0.19577470695756452,0.3422842597406028,0.4997196083591351,0.5408349863508594,0.2497659022605663,0.27921840955260924,0.6326777712271309,0.382531632168867,0.2958157761085124,0.39287043294782875,0.4286703333139644,0.5116023934157448,0.22571761819129535,0.19395647597293197,0.15686007827305157,0.22016488631509856,0.4113000808094695,0.146695214317122,0.18077268192335866,0.2007261419228097,0.16963698409449512,0.13547871905178893,0.19240147166744637,0.22935958616272495,0.2551657579184492,0.1827183448440681,0.2594075393419448,0.2083087255049361,0.1659056421326922,0.23153355298165207,0.17783905683392665,0.11962763780709049,0.14204986795891586,0.20377245547457426,0.1840106001117714,0.14103413303618276,0.24614244333562973,0.21475278055774663,0.14341017884195256
0.17441607169812387,0.23597845017137994,0.2618817921347193,0.2818547095039786,0.12611796042772128,0.3072097940126024,0.25298591906458406,0.2764517445256592,0.21780418622467693,0.17577104091737586,0.18272246378714288,0.23513786413303273,0.20019310956726521,0.23037780162157095,0.321161069007706,0.3789565040687883,0.19694997819398435,0.5964183077088046,0.14941723753742273,1.0,0.30179140010053807,0.2864240940176847,0.3597397963338602,0.1578378174415219,0.21901822517544636,0.2894415213180045,0.20397670165233275,0.1592056677109591,0.1997951929017732,0.25823361236179043,0.3462139474780762,0.1631961845841609,0.3383125226231285,0.5320475248088744,0.2812401762265067,0.4400152162233557,0.1671378401621291,0.17473542394297248,0.1982905290730119,0.30543238990954685,0.2749823441910225,0.25004567966756097,0.1706202538680834,0.2503078801109541,0.1810221318515521,0.23213440199307572,0.35784200127815924,0.36031322697139634,0.36139028511133575,0.28585732605622793,0.19538317701527216,0.3212375131191924,0.26773807444061604,0.25446726917773577,0.17175018114163884,0.2156118986395069,0.3835506285361262,0.20442836311001267,0.15358969148636784,0.17952619612237838,0.14509792426619042,0.12599616543843697,0.20989830466979165,0.1230992935897813,0.2692845465300394,0.22173124592556326,0.40127369770385746,0.11690919456285812,0.38650590979277166,0.4908854936529221,0.3935430586336175,0.2607038927303514,0.24149807821362007,0.12754454450248517,0.12332388136381427,0.168993994713931,0.2116282061335084,0.16752494799537943,0.2854371047216965,0.20688919871078568,0.2618456056239703,0.3476496080474493,0.1657902715640648,0.27154488320081627,0.16291600915194906,0.24058952636322617,0.29255132346335705,0.11146924642547329,0.4970868297575144,0.3147578629816223,0.23172495351262584,0.26328947432832694,0.30300664741185285,0.1621594153977344,0.1889830673398892,0.24363439371235984,0.1151065963687826,0.3513235332931742,0.40498390131163786,0.3380668913301499
