0,1,2,3,4,5,6,7,8,9,10,11,12,13,14,15,16,17,18,19,20,21,22,23,24,25,26,27,28,29,30,31,32,33,34,35,36,37,38,39,40,41,42,43,44,45,46,47,48,49,50,51,52,53,54,55,56,57,58,59,60,61,62,63,64,65,66,67,68,69,70,71,72,73,74,75,76,77,78,79,80,81,82,83,84,85,86,87,88,89,90,91,92,93,94,95,96,97,98,99
1.0,0.24842810909670718,0.3172464823311824,0.21733268904231048,0.2996732870709538,0.4246896031492431,0.49819099764734076,0.2846212137822511,0.3799143061400787,0.24831305931025305,0.18700938135281697,0.11772698473075643,0.1781626336885177,0.1991826753962499,0.20905368409871258,0.44516829345199177,0.14246865744592294,0.13532255172763374,0.20337751419826644,0.1959833210473039,0.24752105685091205,0.1346918672729513,0.09901880593649343,0.14831883186560663,0.29790053055898874,0.10423866367438073,0.20694758272161787,0.26247735201846667,0.17587531832957826,0.17585581573662812,0.3101971773068207,0.48193715593086417,0.37284160825472973,0.16073712918440358,0.15887498619382054,0.25486453554954047,0.2356995201617632,0.4597198533294153,0.4826616909718962,0.3553609441785894,0.3222960343340661,0.12611280274522615,0.15151172128505114,0.2529104616584733,0.34799883622400096,0.2679168831970871,0.3091737122787591,0.21371935486104196,0.4438860934202141,0.31539476772447234,0.3673671629231551,0.2534109322006149,0.16531897281189614,0.13580593463395166,0.30579728082410657,0.3233568955452552,0.16015658681031614,0.2724978529600348,0.09651741193511328,0.28791328000962846,0.21966246292265396,0.20283534330457237,0.1703807558764693,0.20642574505234956,0.1830048556927691,0.20817317147621875,0.380570580196727,0.1432775420583788,0.1536337326699817,0.16093501477226999,0.26696626314422706,0.09588318528326104,0.12715736060559435,0.31780194190896,0.18481759394359198,0.13068880723173926,0.14844367457337107,0.10103298458218567,0.24266219515125334,0.4658894901664332,0.19129948338542901,0.21054150203675054,0.1907767841801349,0.13071484472238093,0.21336629831843912,0.11843872569295051,0.22785517946549977,0.21768369119810604,0.2842666487723416,0.28883123780892356,0.18314641133588502,0.10618521646702636,0.23916661918977195,0.11592259636513196,0.11287806987470742,0.19967341564515773,0.22367209929760007,0.23310936014630418,0.3667944903437736,0.3138180010088035
0.24842810909670718,0.9999999999999998,0.852318846558768,0.21145119298874654,0.6852882256118503,0.685880694500337,0.27729161605961994,0.43275739099198485,0.6884839483638951,0.1402354821650217,0.12261917842463996,0.16270780445727526,0.29487477896696523,0.28219830567484006,0.309447121309248,0.6262969140057173,0.25066174040280687,0.3788400183964683,0.20055997645635093,0.33748125132563733,0.2314328130183567,0.32004020005567757,0.25317416556338324,0.33787325536982465,0.13543178737215633,0.21758322625745408,0.15923853761447831,0.34634778917064174,0.3501220754562553,0.256908826984414,0.2786423210933011,0.15399940120731173,0.19614305582298994,0.4091511559753444,0.2762601687254811,0.30670287020638803,0.27319387837666315,0.22929675590267187,0.34921633517022904,0.47840480286212717,0.30006012136071675,0.22337483739077746,0.1966849499058267,0.08894342838921238,0.1014589866555277,0.10417954167381188,0.25864160441062933,0.2712032426692131,0.2275109212880735,0.20560379548693886,0.2945185129673362,0.8092669121255702,0.194955807074641,0.17175424123337302,0.7565092325638118,0.778797642713135,0.23342298976773015,0.5299088896000916,0.16335202382381117,0.1588244659464437,0.09594714715775282,0.23193352320071745,0.40268221796526354,0.3078007131415566,0.22215480031909032,0.2818289059024132,0.19344588176216934,0.18475696701244074,0.16622658796387843,0.3138739416791136,0.31929976562920914,0.401877184086192,0.5042890024118774,0.26745263135655634,0.25266631728105776,0.2239786482580452,0.2534569764921448,0.23608985443272956,0.25528428952494925,0.1922290906834856,0.23897629545382337,0.22974338265671493,0.11197917439641393,0.22193913321449643,0.21780920734973563,0.46746566114662946,0.2245300839114178,0.29106538559861184,0.33110884317525446,0.2406756498720371,0.15318587591610522,0.18168224466662586,0.18354198982617798,0.25069772482995106,0.18396749094982234,0.09214232129501669,0.15649845611115357,0.23784097678159702,0.3798559870243689,0.22089929503975048
0.3172464823311824,0.852318846558768,0.9999999999999998,0.19975637743078722,0.7023395265399143,0.7433735821753722,0.3089178258630195,0.4490037435722012,0.7087351119763077,0.10108879989689158,0.11352442885874765,0.11829209890338419,0.2821538082873502,0.25144631764771685,0.3066872272113426,0.6164242476109364,0.2188678470798491,0.3671883800128934,0.1417945363426535,0.34290664596727893,0.25640286292239534,0.22005974271138254,0.24422358335423378,0.3278470811272753,0.08662156257547579,0.1886240437509439,0.1396012212996924,0.3114526889975902,0.3677752398731966,0.21768346921935638,0.23537174205457514,0.18990358708722171,0.18872157167861378,0.3706017280796369,0.2145896863789181,0.31980379406042236,0.27014255399945236,0.23669561245142054,0.32909616213234094,0.4812686826155561,0.30080160873174017,0.1922357986718245,0.19832470259390445,0.08995579916729671,0.12403086063147915,0.11475360641111945,0.27738351287825663,0.2173367459242716,0.2204293341351927,0.20608156519015083,0.29375073530034207,0.8145412607226459,0.20616795168679158,0.18941517061073618,0.7660639331856373,0.838004031581645,0.2337398062270517,0.5171779837226311,0.12903463046563077,0.14833961397491444,0.08624397341846847,0.21857739892018543,0.34104915389585355,0.25645758093108034,0.19393300538965794,0.2583151384394297,0.19436855334088432,0.13047734126963573,0.14563186559690244,0.29921861913120607,0.3445179947126922,0.24421690474805857,0.366079066813003,0.22462988500282796,0.1893821105638266,0.24535766833146377,0.25389865472635265,0.19616435232042687,0.22225134017340847,0.1902974460254615,0.19820784997948918,0.20436909063845907,0.10420772477125083,0.18478922967928388,0.182850044095194,0.34412986543894897,0.21956400103151186,0.2185782679393086,0.295391279927673,0.20541786843801363,0.15386433561229323,0.18082993611663323,0.16402613657768328,0.2416228707181246,0.17105335685612102,0.07805614786953023,0.13845380911457358,0.3077004402152909,0.34232073666320567,0.18822745987031259
0.21733268904231048,0.21145119298874654,0.19975637743078722,0.9999999999999998,0.35787731790823263,0.18648366055896698,0.4178437252031594,0.6263179565382586,0.17180023539446593,0.21142706605647854,0.1511497174458807,0.20806069112690295,0.2177604198606962,0.21603282618421715,0.22545903077264168,0.33184463202674747,0.112187930309838,0.14862784031074033,0.07378889978088045,0.14157677074822883,0.16363454448454062,0.10102515516198933,0.11637733476578889,0.19963684225097514,0.1622722171034834,0.28291280647420053,0.20318906612901766,0.22387698164704345,0.1050484114422967,0.10550262408885899,0.16304702855064723,0.3234557517364684,0.4810376787927296,0.1777079374735879,0.1698065066448784,0.13238357062919068,0.1448925966715332,0.312423023956956,0.2869113969845146,0.2447586967843703,0.17484833992953355,0.27106741185078886,0.12384060215579416,0.11593903827971477,0.2410740019007394,0.22664490137892956,0.08291188810425817,0.1881730938460685,0.17656026299598687,0.12978799378368988,0.18946907432613133,0.15250622607645106,0.22051543025583775,0.5452246797211456,0.12723490842711513,0.21445696938653216,0.5112258995466825,0.3052509855289452,0.27217317108843014,0.22144034509240818,0.28275502765283556,0.26844897686391594,0.18054020637264254,0.1504173551822354,0.18519427415082512,0.1548671271353535,0.10642870121603307,0.10895348530159506,0.1512208012434964,0.16714980953545908,0.13175317381185778,0.2169306926891955,0.22949852236838156,0.12095190617558596,0.2233350662278734,0.30213987429217315,0.20636843250655013,0.18955389587080143,0.17531066131938766,0.1085918776931506,0.1433751488047472,0.19706926834585348,0.13922216184285754,0.21223082599624027,0.2059281607168358,0.24580404328108754,0.16879364860623666,0.14152600925749134,0.11870792706076487,0.1636589335846881,0.22566132782593082,0.3215176390800345,0.15504279815994226,0.22051843002680366,0.3341873069357024,0.15415090109145965,0.23485691381848245,0.21383624624157582,0.12416800408439006,0.14525231759704668
0.2996732870709538,0.6852882256118503,0.7023395265399143,0.35787731790823263,0.9999999999999998,0.5924096250220336,0.38414055442669715,0.517896273785704,0.4859706340064085,0.1283839676389297,0.15400759099918349,0.11229423610236298,0.21580988068882737,0.2306848646566174,0.24658751986623806,0.5646649939226887,0.12411897085420891,0.19691752863432804,0.13193570225343362,0.192541109282886,0.1669859223793104,0.15084281238543332,0.26155002755605217,0.22709535945791895,0.12625990916257612,0.14937420072200147,0.12403337272536505,0.24411887525844017,0.20491084878636037,0.25074185340676464,0.22868229365159676,0.14683575642699767,0.242693315751083,0.18902702639413374,0.1471147433441316,0.13405889133920262,0.17210828921661003,0.28039150576708116,0.33940966308297216,0.5004481977526721,0.21451038059404964,0.17043750946571926,0.08192490526996113,0.08847985232201735,0.18038008885140808,0.11455484758593751,0.2122349060258798,0.24232473545739072,0.18365044178044582,0.136852186842078,0.23392634847099872,0.5244823142998851,0.17964351288128608,0.2215532728217947,0.6442606525410517,0.591900134809814,0.2670662044895468,0.3810304125966364,0.11783979265966682,0.13838798670921196,0.08618697329503665,0.19209272171777314,0.21530546113265028,0.36298301965452856,0.22195177977057665,0.25866313157008514,0.1672877778838537,0.131574320619603,0.14278099394676846,0.18554380587910466,0.21769464304471678,0.2088171578978123,0.31897924391710925,0.13596085205726532,0.12828698066362895,0.25479021688584585,0.15367596203608247,0.21571968991446877,0.213026523043351,0.12114172885028052,0.16345441758518647,0.18988652746150458,0.11955809026180847,0.13848510142717227,0.1598874885537961,0.3073014245965476,0.18443952059039173,0.17967007826920595,0.18389471256449205,0.15251908310343523,0.18852029821501473,0.16756876040200308,0.15037573776132418,0.22895900170395306,0.14300437821887516,0.09009732630753486,0.13662539251964761,0.21319668715694268,0.2703238680885755,0.15945912548163416
0.4246896031492431,0.685880694500337,0.7433735821753722,0.18648366055896698,0.5924096250220336,0.9999999999999998,0.45946067540909474,0.44912659099692853,0.7722599216249144,0.06438719286194051,0.14081023031805945,0.15608710912735205,0.18072837778100673,0.2558910774012677,0.2507225956784463,0.6427123779238666,0.1684885449055597,0.3376675706199093,0.17275142204999105,0.29095208524313754,0.18420669364722975,0.15695945769176495,0.1613545795495275,0.290730085648023,0.09671422761521008,0.18582454612870491,0.15095184008782064,0.2360354997138693,0.3044359764967146,0.24663603001147644,0.23644911443995223,0.1953383686412621,0.24959687909245826,0.3041439483422812,0.2038896358013207,0.3571064103227129,0.22940938798302074,0.23080730830267251,0.35914157471881253,0.4872841254654834,0.35056656949102316,0.17702439409159482,0.19261107475884442,0.14247879111190254,0.224957020970587,0.15072995149967183,0.27702564657172524,0.2252940292297323,0.39526463757621344,0.2816219343603963,0.4501401352714208,0.6868438757947751,0.27405726353152127,0.14779886882436358,0.7716754781714253,0.7889860031436909,0.2991621634824815,0.5694019712181286,0.16411446193404272,0.23720489885370785,0.11550165374297608,0.1008702985835271,0.21113555582597365,0.22190408840951495,0.18271072058345839,0.22475967233500663,0.3087354918652253,0.09622953150210554,0.15842843474462104,0.2748927358245112,0.3180604899883018,0.13205990196564452,0.2477302440116972,0.2292510910711171,0.18083887172607788,0.2509148685078668,0.20784544170123492,0.1507349108101219,0.20704717479876966,0.23242192064422296,0.17586242553263234,0.21996437491374946,0.185574231938861,0.1549909856794376,0.20768187247489503,0.22456925075856,0.21687238726035965,0.25419850599356214,0.34800174355807817,0.2169623993157184,0.17828512719609885,0.13991270616601495,0.23034389822728268,0.22967843232086965,0.1728568447261385,0.1933695524358083,0.15139161384364191,0.2715395833726296,0.4929733350851993,0.292426665583149
0.49819099764734076,0.27729161605961994,0.3089178258630195,0.4178437252031594,0.38414055442669715,0.45946067540909474,1.0,0.454328988287712,0.38075084937261644,0.25782924020603465,0.12190065073632773,0.13968623958035314,0.15492228666588773,0.14192186347458888,0.12981180168132728,0.4767537806392101,0.15203367225891654,0.1520765560992432,0.14571033467168895,0.2636697807858953,0.13345198968520358,0.12846920949900298,0.10977189925577067,0.18825239741730238,0.2776142611390347,0.15518407286040536,0.25778508316803395,0.3197194084670916,0.20916289105464544,0.13747043213342391,0.19786577786728293,0.3786686641399371,0.44745350552506724,0.1404720442513018,0.17038384302820042,0.23964175128050508,0.1929137063067598,0.5418099275552881,0.33402753853211087,0.5290329733115716,0.3568834096722524,0.12816733674875694,0.0934193693815879,0.14099271378859296,0.2636117154775349,0.22771358848301068,0.19192590486382335,0.31033434974198015,0.5431047636461716,0.2692114861267021,0.28919605599754483,0.250558319847435,0.15639505815702706,0.18418965524525224,0.26628954384254805,0.3086753926671056,0.23353838670364124,0.3444733665965085,0.10758158028291959,0.31500481789602014,0.27844914117024516,0.1976867730866628,0.13805696447358418,0.15676069354616617,0.1541339476660944,0.14007506466823497,0.363277408155921,0.13390358277941627,0.12590546607433403,0.12379668158407707,0.26059290914412225,0.11335048667722998,0.09464896361483985,0.1755084459886013,0.18485795657986104,0.33376292375925365,0.19782036907496792,0.14221242563878056,0.21615522060722298,0.228434174518538,0.13675031968321788,0.10086865570582201,0.1376473298072615,0.11869680717239478,0.1375701774025434,0.13985089415703508,0.1607998207066484,0.18336010725505686,0.26626789370923354,0.18013735273297257,0.12640463407737312,0.21125403237023965,0.23113674720877153,0.18563264514841651,0.26903355060501677,0.15502266054565417,0.17504341145296556,0.18465912682529798,0.49481538063519676,0.3173427291405235
0.2846212137822511,0.43275739099198485,0.4490037435722012,0.6263179565382586,0.517896273785704,0.44912659099692853,0.454328988287712,1.0,0.4795564227889105,0.1587771683781124,0.15209127004745424,0.2568949659279244,0.16355291439822742,0.2203266844703626,0.23003619986425466,0.5645417222102106,0.12560997666270668,0.3530908472270495,0.13907178246839438,0.2315573429386738,0.1857480505012956,0.10333567779681488,0.09122670275623054,0.17841834460274975,0.12364991048027577,0.2889929258966721,0.2138768312094071,0.1885323911160528,0.22236410703965145,0.13642241859000506,0.18428182937193344,0.19983368055749215,0.4961204210936153,0.22549939947716405,0.15620575301730968,0.14880094245216957,0.15175703026822618,0.29219452008677377,0.3506752851636981,0.30875672278637567,0.29616307794497715,0.24526267602688265,0.21161910322879715,0.12470910228945065,0.23343935125399343,0.19775789696084198,0.10842069624680184,0.14251715502080992,0.24369214187834476,0.22550790921224412,0.2207133985034022,0.335871096843106,0.2042935039499881,0.39017544417929906,0.30640173219630457,0.499705549649016,0.5343703335659161,0.5220475826495035,0.20025092270380143,0.2828073152417886,0.26767633232809546,0.15464534321881984,0.14935534000106754,0.19850636604342262,0.2194373217457724,0.17606375498964574,0.1790518602988458,0.15129670145475305,0.225740621740592,0.24258392191396444,0.14753151720535662,0.18652676952583727,0.20585607248260024,0.1685921774548541,0.27279610937317433,0.3568372151301788,0.18618310358543738,0.15927448485485143,0.16057165177045638,0.14195646491531544,0.210575315450904,0.24229858286689712,0.23000380078785115,0.1744905276341234,0.22993149304032479,0.20383835131545947,0.1788636732457056,0.15538541480555745,0.20948882005311578,0.19350983325704804,0.2492760688926477,0.2905404608837346,0.09832477355681063,0.251833359821924,0.35993092592966003,0.18458314220537375,0.22473066345984238,0.19716802991038568,0.2341652957283934,0.2638718253688854
0.3799143061400787,0.6884839483638951,0.7087351119763077,0.17180023539446593,0.4859706340064085,0.7722599216249144,0.38075084937261644,0.4795564227889105,1.0,0.07681405797590397,0.11860712099762674,0.20435373640425186,0.23469708142760343,0.2869460895771342,0.24528656341791535,0.6214515303202046,0.20960768978072672,0.44427068107051365,0.23126626026726102,0.345838471207088,0.27097913903498944,0.20049025238177046,0.14780237285212555,0.24144384941618224,0.0661167003433635,0.20575553268772317,0.20864451227530353,0.22502693164651522,0.36502977937955144,0.21328577123565698,0.17670335891040315,0.2357020894416569,0.28946498930380954,0.39546195901804215,0.2725906393182911,0.5444798920092904,0.37141520712994636,0.20687647857282362,0.42465735393963844,0.3705880458802391,0.5121562045507111,0.1542406606757057,0.2262477870241194,0.13776635235684245,0.17040616798031843,0.25601941218658797,0.3475653124366612,0.24650152486296475,0.39244874712305955,0.46617600779802676,0.3921435097807695,0.7476650347531826,0.2379991453075839,0.1806900117870308,0.6739706841989805,0.7725348729922195,0.32940012310606054,0.686501376331074,0.27157154944926376,0.1843693752060349,0.15837540787649337,0.1572682328313342,0.30171847651895445,0.2692007310284444,0.23764677885839966,0.2223319569273519,0.4067291606406191,0.16772696485102542,0.21823847181799075,0.37214473008694715,0.3444678825165363,0.23571048683381035,0.3251688991946528,0.34267131018139907,0.2600973144688005,0.16296110290384402,0.2565727789988374,0.13895733672882843,0.14293767002603042,0.2861096236011837,0.22154012678704788,0.257504625204327,0.1856669146186628,0.1754485056476769,0.26100066282741147,0.2985877226822158,0.28049585491032963,0.28621192899494186,0.4904456472309573,0.31619143046730347,0.19856490130837015,0.16592591382574978,0.28962831153505886,0.19210722363892177,0.19713047420649998,0.22080299781165308,0.24845371145347775,0.3250162802268246,0.5333954067216747,0.47649050915695085
0.24831305931025305,0.1402354821650217,0.10108879989689158,0.21142706605647854,0.1283839676389297,0.06438719286194051,0.25782924020603465,0.1587771683781124,0.07681405797590397,1.0,0.1683633484021837,0.16600506894486197,0.2726078644681885,0.11626841744887087,0.15166825214410118,0.17818182909789584,0.3277897216698007,0.14302290160490194,0.308779367536874,0.24294141204909156,0.11123250524984798,0.31369716693025357,0.2806120091960424,0.2335239976742392,0.665258103468566,0.1586784349498023,0.2677555492589902,0.3107275678533793,0.22804264378742017,0.24116645683324014,0.27292606143820763,0.290596650033372,0.3177975596696187,0.20046000990995647,0.21702779170119182,0.17145194925564933,0.2020689527028738,0.4484103699159723,0.2558058122586533,0.22653688163290756,0.14235634571740555,0.10126823857274919,0.13509282847260431,0.3015399720522762,0.21844962049764338,0.1954421247872205,0.18908635135961152,0.21531456801910934,0.15123877285358464,0.13444990641950888,0.07194747894763603,0.1411464577281597,0.19754490735128216,0.13082951382589061,0.11313835822287878,0.10145138033345776,0.10149511763825186,0.09388715038466941,0.1575106828598294,0.22959840938020903,0.25820955282819585,0.27824651271273537,0.2756960847816356,0.19428766931296784,0.22082595206496672,0.16936105708670773,0.22166212264051574,0.3416743762867552,0.2856719881572021,0.20163579569321832,0.18955952614808547,0.2822430848702592,0.23795952020061847,0.21972474980046788,0.249669582464997,0.21901887161820263,0.26099213453564124,0.30278433871944227,0.3006971976340264,0.18786070809795713,0.33589000045325995,0.19298445041371798,0.1919133719378496,0.21779195838709126,0.190360372998008,0.21651654687296273,0.14588865362470965,0.22996642407250587,0.14701585738047457,0.18870345194153393,0.13530489230748188,0.15801847373399291,0.22381309681416883,0.1497635274481917,0.2086234275353499,0.24993968364045052,0.18657193043512824,0.19258704451982547,0.14251480866365834,0.16512187558602742
0.18700938135281697,0.12261917842463996,0.11352442885874765,0.1511497174458807,0.15400759099918349,0.14081023031805945,0.12190065073632773,0.15209127004745424,0.11860712099762674,0.1683633484021837,1.0,0.39641424843045575,0.11779405924349666,0.18202357445522563,0.22169899409948882,0.10839656581129904,0.21945916789217348,0.14748498029757295,0.1338334022246218,0.1300946481352153,0.08952872102954616,0.1936763215540257,0.11186320797361146,0.26214503597001926,0.1593886953737449,0.3061106545613668,0.07925376847643914,0.0764128442120542,0.11819643053833036,0.2295735023175739,0.2989453801383075,0.1457608303649417,0.1105649223586083,0.1333631062447173,0.12405713396436552,0.23545119549199228,0.22489346336577398,0.14358096493624656,0.12993115041581407,0.1599546559792492,0.16596927030558972,0.3917895996746881,0.219053536795037,0.1838016487039985,0.16505180734216118,0.1124911460087928,0.15905919534438884,0.09228454675805321,0.1835951044337213,0.2611762243793653,0.2920917682075954,0.11087684949864852,0.17903748437425693,0.1614323050820925,0.18897647306457452,0.10607170732550475,0.12012338334704212,0.0859974172386903,0.15979902705999038,0.28487670526811365,0.20566783926600318,0.20589567436468573,0.22369070985481854,0.17781042295998553,0.19999752224140444,0.2061161848885387,0.20739932836748262,0.18126029246002504,0.1983632195178398,0.13320124011103213,0.1387412584233787,0.15735505244816242,0.16385917421950846,0.14821299319289352,0.2125747203247301,0.2814919864909547,0.15191256576827403,0.191668629131244,0.2508385884650689,0.22012373102648292,0.16832335129021347,0.18057435113375855,0.1600524830724635,0.09351498438146517,0.08779948194010363,0.13175613091259983,0.2548565991859937,0.07767442827403714,0.17375525914836654,0.1698458346937496,0.329240549184799,0.14039898160466058,0.19729023346090158,0.25810294006488194,0.1809348667094197,0.1872423408601023,0.10185411935316266,0.16588261682453462,0.17332785470377896,0.1872015492630234
0.11772698473075643,0.16270780445727526,0.11829209890338419,0.20806069112690295,0.11229423610236298,0.15608710912735205,0.13968623958035314,0.2568949659279244,0.20435373640425186,0.16600506894486197,0.39641424843045575,1.0,0.27589073742740144,0.34686017396617136,0.3358241216073609,0.11782679404022775,0.15477408983372773,0.18355757120724986,0.20669025940382643,0.1649648037999281,0.14487773887477384,0.20980742681078957,0.23810502460983468,0.49514796237721076,0.16412465059887996,0.4061112266559515,0.20208342891372894,0.14657329271536224,0.19423459522887565,0.3608433800419543,0.14742751047624558,0.09860507682123312,0.2331143684172287,0.22096176913038268,0.20177956175774664,0.2261302744573973,0.2514604747418825,0.11428899544091736,0.1272246327147184,0.13134191500835382,0.20450658417164905,0.25244779933777967,0.27544101943078025,0.21709111691274818,0.19993655023273554,0.1766135044664985,0.23621070975918096,0.20165024769776924,0.1482650794134057,0.2172137150149467,0.26409344184080763,0.2152514703944399,0.2103079241179366,0.22307450201331283,0.1913295363265397,0.13761374131488113,0.22803450844516895,0.14331019564982303,0.23487018832048687,0.160221033470173,0.3345884237353498,0.24778569324303343,0.27302272503968594,0.28842252135152435,0.30161875958849227,0.36889939388995246,0.22421664804765554,0.27103756844631743,0.24066317272950905,0.12341703445783168,0.2554970736328488,0.2738326287537372,0.29444902724324484,0.17284174042405978,0.40153098400975645,0.14967045343586458,0.15570129586780826,0.3807545145122677,0.1609062449493758,0.18338388086264856,0.2915170064273673,0.08870939870654541,0.21842944728272448,0.1360175566174801,0.1410926700481556,0.18547229074242114,0.17143596004144893,0.18950833186538021,0.19584070108262505,0.19476114670517897,0.20595316499005922,0.2032782119288724,0.25267618509454026,0.24580752743821577,0.3177741307498843,0.2963580406653951,0.15694887733295246,0.17623786168658595,0.16656849970679385,0.21057715242003047
0.1781626336885177,0.29487477896696523,0.2821538082873502,0.2177604198606962,0.21580988068882737,0.18072837778100673,0.15492228666588773,0.16355291439822742,0.23469708142760343,0.2726078644681885,0.11779405924349666,0.27589073742740144,0.9999999999999998,0.32416234827848106,0.35070767783161827,0.1752579533494591,0.46574623259198344,0.2753686632235052,0.2575710830287249,0.283941051042767,0.3948129820661579,0.46518755256701133,0.33970389719458527,0.2950810494803014,0.3156714967225146,0.1968854525546988,0.33220616333990927,0.4620941143857714,0.40947780929579775,0.22304659683483155,0.20900048397292387,0.22966611501487558,0.12157565973659769,0.3143626993760613,0.38482372214353006,0.26646113254562964,0.4446129693832365,0.2668906585761126,0.21406584503466397,0.15369710075213594,0.22082610435314573,0.1668271346976241,0.2930745703475671,0.16555264122958832,0.11657390033995145,0.2784689851164095,0.35241587355893916,0.40581394014276506,0.09963691566277544,0.22222557398122708,0.12042073035336366,0.38008369757518307,0.2684265187236486,0.12686572923385345,0.2221987199053266,0.29412281778576904,0.14752084786323263,0.28030399005865814,0.2914740504350293,0.10733310673858261,0.26563209609673843,0.6613253878367414,0.47629987449127714,0.2796989472080333,0.2828195055249981,0.2699329153050363,0.21660169451714711,0.37688489939214675,0.3333126826436355,0.382013503919026,0.3791648844413602,0.4083291303045196,0.36567231768465974,0.22866164954567253,0.3093838378446556,0.169654693500044,0.5162516265771266,0.3420524955675929,0.2223750666805432,0.18787117012671137,0.46054707194793537,0.3671196824199142,0.1668192113279861,0.36160952568784577,0.35089495093431533,0.3582302460011419,0.3967694205542155,0.3300496077448267,0.292784796556531,0.3151651017929653,0.18588027179837094,0.19187554468837845,0.27576306312193494,0.16426576429275994,0.20114633638694557,0.15701012983473106,0.38178753928288733,0.26929299656235955,0.10915338174771586,0.16305326683586696
0.1991826753962499,0.28219830567484006,0.25144631764771685,0.21603282618421715,0.2306848646566174,0.2558910774012677,0.14192186347458888,0.2203266844703626,0.2869460895771342,0.11626841744887087,0.18202357445522563,0.34686017396617136,0.32416234827848106,0.9999999999999998,0.7162728876110309,0.2935411319589213,0.1939022538720962,0.28401405500992066,0.2992538622186625,0.2165868067581127,0.44444193667303517,0.23058209019800652,0.3865963537889614,0.3985249511015794,0.11779495488613516,0.30916589461611843,0.1654451079734527,0.23792999363471395,0.3017701380832019,0.30850677061400794,0.20037388823127955,0.15692497095178248,0.2166832144327841,0.3535162334236486,0.2990829316164109,0.32539791464221773,0.3640959600382628,0.10644418768954811,0.30725218926826714,0.18372739415145445,0.4112821116414891,0.2160465352946297,0.34989944127787426,0.22092959371017107,0.2738629841615439,0.19748901503308575,0.3873978862313806,0.22987541314582075,0.17926120764272097,0.34446525401456035,0.3525719924845383,0.3034002389506593,0.2831374214591542,0.2829458434126032,0.30752590902229665,0.22623443825127096,0.2161815527462742,0.2314057574786209,0.3069785890384312,0.18583875607922162,0.32853011495467,0.31884378531006363,0.37019006017714917,0.3889551780659598,0.462218017718132,0.43203129005847934,0.32176716402657163,0.3450282378621518,0.39647502997064954,0.28615313679031523,0.42112011634475255,0.3880875388861618,0.4015108175285806,0.3668691022070474,0.5027280579549263,0.17869266879712267,0.23325088334429514,0.282988723685352,0.19267731729285148,0.2216507868429658,0.47819884570347426,0.3474888756417298,0.26336286305943823,0.3420387769380789,0.33879090909616655,0.3430867656461071,0.3456768197113414,0.3284151287873015,0.36307422233504466,0.47929274387191,0.2332553762787459,0.2284960979144604,0.4891547040370852,0.26602892240579695,0.3662523563625609,0.21604026523703343,0.23597809526272284,0.2717086850382166,0.2116889450513474,0.2868150965122597
0.20905368409871258,0.309447121309248,0.3066872272113426,0.22545903077264168,0.24658751986623806,0.2507225956784463,0.12981180168132728,0.23003619986425466,0.24528656341791535,0.15166825214410118,0.22169899409948882,0.3358241216073609,0.35070767783161827,0.7162728876110309,1.0,0.32142686164160406,0.13871823537018518,0.22486262801671117,0.1591616434548461,0.283639728248403,0.4409835393254425,0.19690951406440027,0.43004398868380306,0.45056062756447063,0.12005258627725802,0.3790478079680595,0.1517462811819151,0.21002853480648198,0.29367654416031397,0.4235893091633861,0.2946685265246456,0.17104423676285815,0.1861203494039901,0.3219709850493342,0.22812597039151583,0.38324554853938464,0.4047070591735966,0.10089710254924517,0.2888997261970355,0.28967485691351713,0.36645092230602416,0.29604896620838356,0.33705261544073395,0.19134901719076305,0.18781693176219288,0.19619416986979915,0.34540136698155016,0.1801268530736303,0.1546196529786321,0.3493038058557861,0.3392605406370549,0.2822657764121131,0.26456509588645005,0.2729482770689041,0.3934201224766461,0.23960415767103166,0.21206513660040782,0.1530224701704258,0.35770399405035813,0.2596383232409687,0.3487142365693931,0.3475921568272707,0.49465912525598416,0.3769810665796976,0.5056843012190976,0.6070139193074252,0.3354657366020593,0.3333936602840822,0.3479180905411785,0.2391582005166185,0.4687415230411091,0.3968111215327705,0.5181258208424864,0.34513082042581195,0.5274364534397533,0.24968615079767265,0.25987752632541905,0.37039896965165275,0.24558233838815122,0.2424589905780149,0.4461845147393792,0.359262174260155,0.21363660112192345,0.3156634779413712,0.2942163561578231,0.32452249790065396,0.43938335355210995,0.292978408499089,0.3349223118156302,0.45813280039732757,0.24134479145363258,0.24747043810924385,0.44244164171179995,0.3643089615446718,0.4209395373964627,0.19552274939400835,0.2191048913296697,0.32450311506202684,0.19227108813041835,0.2931943167711623
0.44516829345199177,0.6262969140057173,0.6164242476109364,0.33184463202674747,0.5646649939226887,0.6427123779238666,0.4767537806392101,0.5645417222102106,0.6214515303202046,0.17818182909789584,0.10839656581129904,0.11782679404022775,0.1752579533494591,0.2935411319589213,0.32142686164160406,0.9999999999999998,0.125467471756792,0.26291203974995214,0.19161674120272085,0.2575894425691323,0.24759925445556302,0.1352213664516404,0.11232748188501634,0.22727750757782683,0.1505287253882315,0.22691102908033484,0.16853891409239785,0.22586922643823332,0.20536361816963208,0.1716410722429295,0.26559803718383035,0.21555446413175647,0.5056669233571365,0.26573631023159755,0.17996778094364088,0.25857956648326846,0.23455410080613343,0.3553435098879166,0.5842514828684322,0.5134624096306497,0.4255126481921005,0.2040899806953664,0.2008048688036915,0.11232507967623438,0.17590415965929765,0.1493842210877737,0.23379162201423032,0.20365388339480286,0.30302352809620914,0.2704944606313784,0.42530674394359735,0.4753225049634094,0.2221900853133702,0.1667938885204883,0.5502545078609082,0.5988039059650515,0.21447652460433944,0.43985646983253696,0.18921037688070286,0.28211693353954,0.2158948705591589,0.14357366211565764,0.24416908206833193,0.31074172749111656,0.32391017505494507,0.25157375108066704,0.2787699032761999,0.15883006373028796,0.2233480714784489,0.17886901115450782,0.1954749380533862,0.1661844257689521,0.30574565737541004,0.3786748040206761,0.2802316051946675,0.2397189697893055,0.1633855110245384,0.11849368411539873,0.20917122159085919,0.24711696004270067,0.2329630373534847,0.26932166887911574,0.19531332052803674,0.175172535525986,0.2062176150740377,0.2781458504282075,0.26945139166830917,0.23849761677210055,0.3037675789171559,0.35225794939411753,0.18702420343272913,0.18507414157116397,0.27885905189395094,0.2289760691666093,0.2671770443124281,0.15374971354817885,0.17451673459628014,0.2812208984919125,0.4362808075298531,0.3643117039736089
0.14246865744592294,0.25066174040280687,0.2188678470798491,0.112187930309838,0.12411897085420891,0.1684885449055597,0.15203367225891654,0.12560997666270668,0.20960768978072672,0.3277897216698007,0.21945916789217348,0.15477408983372773,0.46574623259198344,0.1939022538720962,0.13871823537018518,0.125467471756792,1.0,0.43095744769671795,0.6568371824354247,0.4191534879435754,0.3733867451016726,0.7301040440901283,0.3450328972769685,0.30424321555878414,0.43094888798800884,0.18019778367888603,0.2848036915261745,0.42100841978590364,0.4592015267420451,0.1388015685933465,0.32386051944018335,0.2109242018288862,0.1369823321683813,0.4619609461978057,0.3913461614866685,0.18628976720746765,0.28901038684193353,0.29156322358149667,0.14165128828858095,0.21692127815186849,0.2513711290866986,0.22150707707611716,0.2748412300154863,0.18019422371030536,0.14495708291251921,0.23975800768084582,0.2441048961067428,0.3892005865796207,0.07118404545269855,0.16717224832695549,0.15178630092247533,0.23754744558624885,0.32016123968795296,0.11597285313727247,0.15114732118851013,0.1888590810642752,0.2089490331512638,0.31949828953147485,0.2437351027503071,0.18752203567311132,0.13101750487110944,0.2862839182220925,0.3862604562413584,0.22155836483488264,0.24771012819955945,0.19206204910697056,0.16880267482825326,0.41943514657766134,0.3749268788847491,0.47137347137961044,0.39799068590399383,0.35695168918064996,0.27255512091858347,0.21053833114626186,0.23725926602647396,0.21148217910072448,0.575673070323088,0.23014408863463062,0.3493879972011726,0.25005266257023695,0.4453090263458055,0.31043486859935165,0.15530126950982756,0.3003960992848034,0.317210081869457,0.30107132447991686,0.2639558233098573,0.20842548277822706,0.2215552574984676,0.25573200593826617,0.3678623707106817,0.21494923448840053,0.17594015367737786,0.2830833779039319,0.16612842245171955,0.1632726480277052,0.24794346814881413,0.13033916444873783,0.08086355047788764,0.1193910914018119
0.13532255172763374,0.3788400183964683,0.3671883800128934,0.14862784031074033,0.19691752863432804,0.3376675706199093,0.1520765560992432,0.3530908472270495,0.44427068107051365,0.14302290160490194,0.14748498029757295,0.18355757120724986,0.2753686632235052,0.28401405500992066,0.22486262801671117,0.26291203974995214,0.43095744769671795,0.9999999999999998,0.3197738230545546,0.6148863804574791,0.382084657342787,0.39466065703110503,0.2460071653671565,0.28259994672231226,0.16957552021136532,0.17841221494307485,0.23560414065441077,0.2547433638275637,0.6530341951937024,0.16222594718831304,0.1135864010425687,0.1562175341477631,0.2344696900656541,0.6376095057110744,0.2833994090380233,0.3207421939224552,0.333831168494628,0.1475974140020019,0.1625134767980094,0.21471572641723807,0.32795007168191836,0.1358920389453937,0.21788399778913897,0.10925469096788078,0.18835679414099316,0.21012263529428005,0.2239564066436337,0.20959396636326105,0.10253938997320305,0.2777987643298046,0.12495367041407619,0.3973164365668788,0.16832624530266882,0.18832301673275698,0.30726152041509036,0.41723283785851956,0.36540046002263715,0.5771797318595221,0.21495775567814646,0.18388877830766528,0.12040795834572798,0.1699470514088006,0.2840950794530347,0.24954072833461924,0.23747274515488515,0.2310466450093587,0.15412561955026072,0.2615253037083855,0.326945475728201,0.7513798174582933,0.47749100214855605,0.31701581469719,0.2974833601883624,0.1765475501292949,0.26372334268052877,0.18430179390297757,0.47578201905285156,0.15348062707871388,0.17012931757716387,0.17675575067199512,0.37411428962497273,0.302136758691655,0.1601789134508577,0.19390672240110443,0.2547253060962879,0.26852967590086824,0.25264435033981525,0.16910879968009762,0.44796225697487074,0.26968302300507047,0.20298430592464844,0.26258133755868457,0.17401992437083355,0.2169235107161678,0.18532716898514529,0.15560296129791115,0.22756926271725655,0.17375626936070254,0.1406175804741589,0.24984870484620336
0.20337751419826644,0.20055997645635093,0.1417945363426535,0.07378889978088045,0.13193570225343362,0.17275142204999105,0.14571033467168895,0.13907178246839438,0.23126626026726102,0.308779367536874,0.1338334022246218,0.20669025940382643,0.2575710830287249,0.2992538622186625,0.1591616434548461,0.19161674120272085,0.6568371824354247,0.3197738230545546,1.0,0.21986733707476017,0.4059728347846743,0.4607410152267815,0.30037719490675135,0.3181406247683987,0.3182835273760614,0.14356494983972667,0.234484318685391,0.24093511949767268,0.276895181845081,0.11825871751631285,0.30920988946764416,0.2521951503295397,0.2648770422342264,0.40599188370656014,0.25073002602254096,0.19304273290666876,0.22581673012522913,0.20342132557059364,0.1994100464087675,0.15173342249456642,0.27239533641155483,0.22044812531867178,0.25100364921638835,0.2487640881594228,0.21672020715341744,0.26136027684315416,0.19231873060097535,0.24520977728040647,0.1379465618442705,0.23141995823286413,0.13799663189696965,0.14522844059086695,0.20760613073668835,0.09642835185492753,0.1540476265555968,0.15477535039048373,0.18676246163697152,0.24844474147144657,0.26699335605463576,0.15204499604043573,0.21007585997980074,0.19143487796186764,0.36135551533400007,0.3265734176499114,0.3294121071164604,0.16958904957445217,0.25733808718361634,0.531189680063411,0.4369213597898955,0.3929868410852641,0.30017149434877466,0.29188303050800685,0.2262132499395714,0.24826410028281712,0.3917742582837595,0.09795450127946931,0.3794089323832017,0.2052101681291854,0.26817737832334765,0.28198161466106075,0.45463596055602756,0.3330914269507199,0.3070475566881524,0.2555015282736537,0.295346537590363,0.20297454362522602,0.2344774533623809,0.17063892270807407,0.21000604910831455,0.3395374918067792,0.27554507870720285,0.16002652497155279,0.16719383339283256,0.18999143681937036,0.16350659316672772,0.19729059945072547,0.25918907766122246,0.18112274345192758,0.12465999299178004,0.1777964829289502
0.1959833210473039,0.33748125132563733,0.34290664596727893,0.14157677074822883,0.192541109282886,0.29095208524313754,0.2636697807858953,0.2315573429386738,0.345838471207088,0.24294141204909156,0.1300946481352153,0.1649648037999281,0.283941051042767,0.2165868067581127,0.283639728248403,0.2575894425691323,0.4191534879435754,0.6148863804574791,0.21986733707476017,1.0,0.31271497511954544,0.3990485297048369,0.24751853837335724,0.24919493558610947,0.29262269535357793,0.17620436191380134,0.2520746333136048,0.42091114810773544,0.582034605432639,0.19639070259570807,0.20377496836181155,0.2206654041090108,0.14296617811888648,0.37000476783484637,0.28048093066240765,0.3404573272588604,0.3504601041641657,0.22539729292414684,0.13281296974623713,0.30025921403785677,0.2888738121297254,0.1591690311255706,0.19367620393740614,0.12052742748323049,0.1781577908652064,0.26452385079869817,0.28265677485725604,0.29256031028655605,0.19009377593596066,0.2627619876297078,0.23411575606515422,0.35354943157697777,0.28878370766393363,0.18969500277907816,0.29182814334983104,0.3696941256736454,0.24341431654692913,0.3474472370243289,0.33760090668033876,0.27925282375203947,0.18166757135238748,0.2103477708918926,0.29038139273705904,0.2653258479923637,0.26072549018857605,0.24958620242849683,0.20160008931361573,0.31984475087006536,0.3112494166249136,0.5489579483268447,0.4648828148077954,0.1722790860815824,0.21593052134015173,0.11962989681177179,0.18525030567063525,0.26137420436844866,0.5253533454875193,0.19891207229300306,0.22883400170049129,0.2728216875773093,0.2694198817443817,0.2392684345267767,0.172490713754862,0.12701351740766428,0.19068448711486205,0.20443468819771918,0.26340636954567803,0.14671993963356977,0.31666849773267836,0.2193215349698265,0.2635793532244409,0.3497580038834534,0.22492759241263519,0.31789224396101445,0.24880687555202297,0.15065898442823805,0.1856934786987712,0.15203148637691477,0.26314732813374725,0.26441661331543825
