0,1,2,3,4,5,6,7,8,9,10,11,12,13,14,15,16,17,18,19,20,21,22,23,24,25,26,27,28,29,30,31,32,33,34,35,36,37,38,39,40,41,42,43,44,45,46,47,48,49,50,51,52,53,54,55,56,57,58,59,60,61,62,63,64,65,66,67,68,69,70,71,72,73,74,75,76,77,78,79,80,81,82,83,84,85,86,87,88,89,90,91,92,93,94,95,96,97,98,99
1.0,0.16131969485594838,0.2555988617480439,0.20496112631912947,0.23361471060708436,0.29742875444445627,0.45645137823050685,0.2985017810854943,0.3724116133990471,0.2317926749636682,0.11355730774253504,0.21807594464430224,0.15782353009820518,0.20637858061998857,0.2617187582724056,0.5288112914943803,0.30790534242215745,0.31819699140251145,0.26452174976406423,0.27731719451662834,0.3439140028851123,0.2413364986841813,0.28837575087450085,0.2491945177041567,0.3252358846953857,0.21591661791020245,0.24850674566304137,0.23682146231788476,0.1960955074782973,0.1333691830198222,0.23044474081770222,0.4369059922422955,0.3644164969068779,0.24737561764530946,0.10101738998537145,0.23939160079239855,0.2508960072045199,0.27750945429484986,0.21182245896652507,0.31120997532268,0.3431683938460118,0.21421021763520634,0.16704095220818158,0.30436517175040856,0.17789282780891574,0.09019746851575235,0.18572456300609996,0.36122828340015994,0.38527914231470795,0.32293804498082646,0.40018750319881485,0.1851471976131539,0.19025942094342815,0.18787097514264836,0.13157112060292342,0.24384525005330893,0.26873340700832243,0.20743405298460335,0.2841823794860741,0.30365864928320885,0.2812386329749923,0.2342280786170488,0.1685059359295388,0.2894100327933097,0.2270713645211609,0.2469886569175181,0.1796855110295356,0.25837037197307444,0.2554870114913832,0.2002257233007105,0.261074867513433,0.12733103590866546,0.20711061214993162,0.23972104859142782,0.16516799428637283,0.1987429322190168,0.15249320826676138,0.20341427834899967,0.3139841825545276,0.3645920186718453,0.3511711202763354,0.38341102762850093,0.4460711508236217,0.20587127907686142,0.17495102107264826,0.1782500557953813,0.2732477094403573,0.20783487557322697,0.1480574771189599,0.29700061357521396,0.36914449990543674,0.27149863169891825,0.4036334720032389,0.23221297162236348,0.18970692974324205,0.1563864983851995,0.18745502599346683,0.21155199783887263,0.4505319377318918,0.27820983281775574
0.16131969485594838,0.9999999999999998,0.27076746956915076,0.583063023860674,0.5413129540115303,0.18439959891166302,0.32592161156350546,0.26657085803021235,0.17894316092177942,0.22353892631790392,0.31947331730264916,0.30087655243161066,0.25234363473061017,0.15748670425338998,0.2165018167058052,0.44937068742347985,0.19383067756329478,0.2894582261659444,0.3122973997326211,0.30495456259802917,0.31706192552289036,0.15958640911570518,0.28343324735195735,0.1972851829498609,0.10561298171427441,0.1750088921144325,0.24968560513357532,0.24148455883042383,0.27051204373671633,0.215514419313289,0.1720009825015623,0.2424067295005638,0.2259732614387247,0.19229147579319772,0.2737426678378789,0.20098243962385232,0.15683486173823405,0.25889217742455994,0.130721119793368,0.1974326663694594,0.2496235999706282,0.237133242282446,0.22425828768292874,0.2976702210871603,0.21014444680914188,0.17387732774340836,0.18882297768795564,0.20200050992097032,0.188983541744784,0.2474516619756352,0.1756097353136854,0.4670522440519822,0.5423175353897542,0.5249114366531455,0.41263664622196083,0.17661988509600532,0.2134490007747445,0.22175930112611483,0.15828157737086643,0.30467461590203004,0.17819690079331155,0.29573748756232043,0.2258937194766155,0.20370481128406473,0.21137673590391617,0.1860473886506828,0.1742600048128281,0.340830611688671,0.18403999469825066,0.28340204315086437,0.2560026200951219,0.15510762852837068,0.12725475078317683,0.26395592508191434,0.18385690046603936,0.23428578671710973,0.26317313344344284,0.2571053254023139,0.20119208865124982,0.1916004376864619,0.1720658451957649,0.19034803805319642,0.1258893976894141,0.1330529617396072,0.16546819434153634,0.24628040775603768,0.23089211571477528,0.3121193081491429,0.23885807585461405,0.18084588341664032,0.21691348693943757,0.12731419037499778,0.16336263218558777,0.20355761017806262,0.24069853749450093,0.19974921261503142,0.1441273896425127,0.17980079999090937,0.14377568278331662,0.19339593579257552
0.2555988617480439,0.27076746956915076,1.0,0.2816395747263829,0.2261596760676174,0.7271024987113024,0.4328240826878615,0.32249918888086015,0.4838955971645204,0.10836687072064861,0.2203423468655979,0.20340647734055395,0.18689742601738563,0.1971721658946499,0.24172409755343832,0.26470279406047204,0.15389042441982298,0.5289048536383159,0.25914142604078827,0.38453732859412326,0.36913345190111385,0.16915881372295696,0.22808566489085833,0.14558977646065396,0.14993492955620816,0.24766519939253323,0.3186611279331672,0.3636473721586925,0.46676888429019325,0.2377316214884293,0.23677510652924294,0.1985525121122621,0.2831091256490377,0.3691473294365595,0.21078363879647188,0.2093074037486039,0.17931306695024665,0.15586871642795327,0.17964154504388452,0.31984470641738677,0.16020565981754784,0.15398437653607366,0.12855810831321365,0.17743559633075512,0.13474301117330076,0.15093046840791674,0.18561533850979414,0.17051058105538222,0.47040977649877036,0.19800399397332302,0.18604462243621842,0.22482912286341727,0.19500522633623435,0.24877826446740844,0.4633459040801926,0.6995579432274179,0.2855798174360371,0.1654377013754458,0.17023853674791978,0.3179973995291391,0.34536646636313384,0.3649840248627746,0.385522119834551,0.18053552088968805,0.31878722291609773,0.17678685867706442,0.261438506741524,0.33893679529353693,0.32628038365036865,0.5178229405848751,0.3715547681981046,0.2814251746769174,0.34411701982838794,0.22117421506018298,0.3376073870424469,0.2708487290728441,0.3471442369493903,0.4349558812404346,0.2477709986533566,0.27423368381253327,0.3521705792883214,0.18786725884032196,0.2915107600871886,0.22978945147100413,0.34323027547616586,0.1674499688269176,0.22137276398660868,0.23523686247467918,0.2560812244167249,0.2731122300122877,0.33800448996544225,0.19838835137550936,0.3127771490035204,0.16227012852957637,0.1371668008960612,0.22579928173311029,0.18008842347200238,0.21863497960020176,0.30220444865880314,0.21235885674093374
0.20496112631912947,0.583063023860674,0.2816395747263829,1.0,0.42774946331406205,0.16861167650730774,0.45915082428947357,0.23967991643089148,0.2596318043496959,0.15211105848876486,0.301552889430192,0.2830577567444974,0.30993857422651855,0.2057059257080339,0.3068379244027981,0.47281696123977224,0.28817808838313247,0.15933941826831963,0.3669491839668541,0.2654560288866185,0.40741542196677055,0.14256574845770079,0.191731915324666,0.1625943373739155,0.212926672937186,0.2001836522833029,0.2163463172336174,0.3463424698966302,0.28878626890316617,0.14784913277311754,0.14640197150421583,0.2820296028950434,0.4115259607278505,0.15320881739768805,0.08817386978818215,0.183276294184758,0.11902283350238115,0.42689862832310044,0.2206420903911975,0.27684777489603657,0.23648737006077145,0.13410606197080666,0.237378599665571,0.15108217643001146,0.23993749132268322,0.18948298610606293,0.13884173864833374,0.1901973038108948,0.17561957762751895,0.25542402307999224,0.13381800969717805,0.235730553695103,0.3147731832218356,0.5376952190688271,0.29434781954111283,0.22257614513272872,0.24316492715637392,0.2698143912677382,0.20149479890271607,0.3428956920377563,0.2642307143415494,0.3774379435274995,0.25219349808494673,0.2832420631659618,0.2627887400106823,0.26469859258224315,0.10685004965682315,0.4112512940258043,0.28027166539618,0.19841582185496734,0.25235981651255723,0.11979832697155825,0.17273425453500799,0.15721443172022898,0.25250266107544433,0.261102189863763,0.25063688366147663,0.32592166375542236,0.21464115656793548,0.19373704365959676,0.26050665474543305,0.20483580836927737,0.1366632855635123,0.17413183487674017,0.27767516711930273,0.21684037285809565,0.2553601581034173,0.3619491069144406,0.20484643983360923,0.2305216684081469,0.2302651136335433,0.10217912117065997,0.18080598391067731,0.16806573048294207,0.24607766886909077,0.13735514175898722,0.11088727311411181,0.25610303361853115,0.16958155290872665,0.14248208973160514
0.23361471060708436,0.5413129540115303,0.2261596760676174,0.42774946331406205,0.9999999999999998,0.1947838217599125,0.17977259344038987,0.12489401631082275,0.18232703365820802,0.18910778963862437,0.23390774132685527,0.23216117772135814,0.15163666797080622,0.1902550739205776,0.20039021614179592,0.17288134712237302,0.13269748761100375,0.24667405153913358,0.20079342734579333,0.2893876074902286,0.2150730461565991,0.16978143798977333,0.38530493594104714,0.27310852915141026,0.12323723208282097,0.15914964996200856,0.2502576281419046,0.21153463631911978,0.23750074420273565,0.1790989769024299,0.1655644152741707,0.26743106007383416,0.13603719012340487,0.17719477406366377,0.21307586388411826,0.19594138464776756,0.16536269021814543,0.12331963282405099,0.1749829543121898,0.1648002117137576,0.1664124981468557,0.203432479210038,0.25294295313210013,0.19797020373316843,0.1304771530198739,0.11448210994762974,0.18938570212919453,0.1751521420280132,0.18753694722610714,0.15176480841851128,0.12639904227986085,0.41842310364652313,0.4232294514274193,0.7000761014111869,0.30007290911901224,0.16687007465233641,0.3480883926572235,0.24407039750472054,0.12650776739769604,0.18923792638911552,0.22414310259528414,0.1767820628115461,0.2854376657738935,0.13556663896024984,0.18626593312233097,0.16645163048023662,0.18874714502507745,0.21378998012336212,0.17014742003058256,0.3002483349559445,0.2415862196357787,0.14583837657483442,0.21357222252333347,0.19127047978984243,0.18451000224236214,0.2777038366932443,0.33420300499766403,0.2710542447518389,0.14559977378346559,0.3103478329424783,0.1556297285778019,0.25082990116911436,0.27601625096993615,0.2071300141703473,0.16254638473443317,0.23645808809351618,0.2974502305448805,0.2786721877413464,0.22031589201863971,0.1908771890668312,0.22788935590808285,0.15622813736023633,0.23104777581248298,0.1008331821127713,0.2719447027381965,0.20286112558768374,0.19145771139525522,0.1984451686957397,0.14426909878566793,0.17878719748993072
0.29742875444445627,0.18439959891166302,0.7271024987113024,0.16861167650730774,0.1947838217599125,0.9999999999999998,0.5048422297973582,0.3560360435891821,0.5467035433546632,0.11147574047683209,0.12292391434117064,0.142294471642671,0.12491950746511159,0.2426082383196061,0.23367435111437,0.3051948283915311,0.17970539510862837,0.5997305936858487,0.22264023807907846,0.4469294041228169,0.3227847302528561,0.10076474498742942,0.37077377382815013,0.14838345683206744,0.13464520204830466,0.1666089370163555,0.4049532679976999,0.2289416567872795,0.34904669833086677,0.20156828982520023,0.18405709162644468,0.18831187326812715,0.32378724618539284,0.35255753196634965,0.22036290465502356,0.16041670334570668,0.2028226327889908,0.15031461132562843,0.18357252521280007,0.3141029778136277,0.1847795676466757,0.15612509844050235,0.15992490069986998,0.30644416558470633,0.15711571934922977,0.1297570503879854,0.2814317297201058,0.2291458570860915,0.5666898027843312,0.21241537173834468,0.23933566407150664,0.14762286787688347,0.18387684077126598,0.15786116965724037,0.4160176024054805,0.7649844312620109,0.2028773309316498,0.15099476271533502,0.23110405305612225,0.22103151083103,0.3993013368471887,0.25543906029016683,0.25994005362446543,0.24237984188653272,0.3488448256339718,0.23120846547557555,0.34504609382472373,0.25613385149904444,0.3066558513893584,0.5202379291533151,0.38128940501275477,0.25889146612820746,0.4057595843775382,0.21184355388294454,0.293327537168325,0.15927694967773143,0.2654410652114032,0.39683270902578677,0.10461272353775387,0.27893170455780797,0.3040219049176677,0.3005937767701037,0.31092258212305646,0.197571658357141,0.25151401482969404,0.19288568642995504,0.18201380421165292,0.13467791168553273,0.2450799868477787,0.31331755834384006,0.24265912511061755,0.22322113673414767,0.2766006591290609,0.12360073850561898,0.1376310657365769,0.28982930559873854,0.10387917723525017,0.21551410797217804,0.40340572845078543,0.28682283041050277
0.45645137823050685,0.32592161156350546,0.4328240826878615,0.45915082428947357,0.17977259344038987,0.5048422297973582,0.9999999999999998,0.3106805383880421,0.4040077493779183,0.15546290287686337,0.29147151826039613,0.17981390370681222,0.1985387780975204,0.24570658785221175,0.38012861752728344,0.6281641368811446,0.31387294442999103,0.3365866071979703,0.3817298768217681,0.38752331442550514,0.5019640085979324,0.13667980954565165,0.33153806839974836,0.1842585985191889,0.2796215386369762,0.15900582080383416,0.40078143051655535,0.3283457890282047,0.33550970582452366,0.19823603418248334,0.11903533489650621,0.2872101904921185,0.46549092989932844,0.28924160135085614,0.1455315103084738,0.24246456487314796,0.18505813460833137,0.3525108945319539,0.3108361893082943,0.3584486021704343,0.2870510560893494,0.16888456949495612,0.168330819828939,0.3016112325820137,0.1911739849509011,0.12038137155815352,0.1933864422474848,0.2196168371656826,0.3556250629236075,0.32801994569819914,0.24062855861544163,0.1875701862320213,0.243243734666193,0.22220632332718296,0.3205737491901168,0.4006625022493497,0.22923490174799113,0.17994423242950328,0.2271965248973656,0.4057328733053143,0.4374373934257474,0.2711949322724952,0.236764089010216,0.3857340878504444,0.35051638458433054,0.33225805168309125,0.17030882847543685,0.36668278729078696,0.29714829926377356,0.33239846813488233,0.4316195449869096,0.15714573114205602,0.30400667335740433,0.19345616486545733,0.34718081159789105,0.23205586736714187,0.2659048140225828,0.437911696150652,0.13228203529891283,0.2760632621957954,0.4182196899389232,0.36560635547561177,0.31274200473863795,0.1415610297557368,0.30274718499351055,0.21436608860499012,0.1860372208553091,0.25967894388497,0.19994845755263302,0.38081166903362235,0.3055749936611488,0.16930869421468706,0.2889534018911731,0.19556309269595618,0.18945426952862865,0.15717154271242112,0.13366493588233044,0.3071219606616984,0.3313449266096467,0.255330435372538
0.2985017810854943,0.26657085803021235,0.32249918888086015,0.23967991643089148,0.12489401631082275,0.3560360435891821,0.3106805383880421,0.9999999999999998,0.5294830542289861,0.2164843115054891,0.16495896501207663,0.1459758552184362,0.15182963390881613,0.22644821566912152,0.18159033774890376,0.2997835429020814,0.19728323679986393,0.2877095084163822,0.2204829669898587,0.3165911276323191,0.22494291039001846,0.1837068186591371,0.28845230535893773,0.23642112450008199,0.18650454367482536,0.09110358462906608,0.29875838589533454,0.13660318221352177,0.2013187585181137,0.11866552089791942,0.2651607793914581,0.171979389439742,0.2693086897914669,0.1888072081663901,0.2431619835355469,0.18744956145003813,0.14719480881643968,0.2521787821663296,0.23914296791927997,0.27564971572536995,0.23965418584394463,0.2024755408113492,0.15502759620975712,0.2841666420319899,0.1690838961929493,0.21868157209418684,0.20759218102249738,0.2111686318107922,0.3485612654951453,0.2545364749398429,0.19853319079351006,0.18769624018580255,0.14953475333544453,0.15900724710729186,0.2335187767007505,0.3951562649819846,0.29736078785857667,0.44325839559268587,0.2721950063778712,0.2929981421772424,0.37792719475891307,0.2647088444703532,0.2886780417299273,0.2541534091451954,0.22314163288101488,0.19438298703927734,0.25746715774327544,0.2061226443899048,0.20710105836360618,0.2545109550370875,0.2742411584933544,0.16208890116344446,0.24948149655146182,0.20164899822307608,0.24131472725999994,0.1454285598986903,0.1754530411598255,0.2514839397717623,0.2810955848177763,0.23040692645759098,0.243071706511756,0.221367029360116,0.21772504897577477,0.0999496582586617,0.2724114761480841,0.07870196657124667,0.1546766586552865,0.1470876207006403,0.22089407675611175,0.22538840908787725,0.20597373981972977,0.11979273621745268,0.16969536610924119,0.19364671655863475,0.16377905757193384,0.1682235440100379,0.12703090822747476,0.21334897229638844,0.282481223664298,0.23931904664549805
0.3724116133990471,0.17894316092177942,0.4838955971645204,0.2596318043496959,0.18232703365820802,0.5467035433546632,0.4040077493779183,0.5294830542289861,1.0,0.15882255329346778,0.14100272210679288,0.19012901010641198,0.16257476470961701,0.18159076831291293,0.17388999440031738,0.2619071022884561,0.1978065510653598,0.3365290497181836,0.23977402052745145,0.2901817471607841,0.23330841452400186,0.17284766853381375,0.23049811879813398,0.18601332773717646,0.14850455006391425,0.18153571731975449,0.2721564476250484,0.22595781528749276,0.3305766836754175,0.1483088235532041,0.22175386988584836,0.17330622327809594,0.3714394841885476,0.26601965968306307,0.17078163013476502,0.16961822120911882,0.16432800385053983,0.1577262131868382,0.3197050380466315,0.33045280166624763,0.2770123645622791,0.17409655709166472,0.25860237510119044,0.26987156271000756,0.18545824047083437,0.2141722748121052,0.16883154821912644,0.23795469783848924,0.41629996326637253,0.2101861195998063,0.34707731635478234,0.21317605802387915,0.1761500594591409,0.2734413242367695,0.21056244159764215,0.5658257693865391,0.2772126720530912,0.3663592289091288,0.23478505612201955,0.29860499758560405,0.4720284132558957,0.3226951438224341,0.246398365424008,0.2230557028231882,0.2685159842814715,0.1594253769188582,0.33599216021650746,0.20646783326387746,0.21081079788228252,0.30414955559295087,0.255070163371611,0.20035590432525968,0.28328257374109006,0.19576934313573252,0.28097270369281524,0.181365364800009,0.23988633163708395,0.2753167205527222,0.2744748640626346,0.3246722426975139,0.26509657726629277,0.25833844868798794,0.2794360395850457,0.17705806943275096,0.28757374868523017,0.15581485641729229,0.21453507772675529,0.20520330716826812,0.1602245601099894,0.2567293151893186,0.39957787524764127,0.14012772658853928,0.27879844223194583,0.1439333837075028,0.1829040607006644,0.17248276779342964,0.20497164939367488,0.3237618969108187,0.27779887426374916,0.16753268562052362
0.2317926749636682,0.22353892631790392,0.10836687072064861,0.15211105848876486,0.18910778963862437,0.11147574047683209,0.15546290287686337,0.2164843115054891,0.15882255329346778,1.0,0.17753663263142166,0.4879516864618048,0.24332101983366394,0.18392638999381428,0.1656455824440699,0.22468838116739306,0.2569792976770246,0.12226369449926465,0.12738965526732016,0.14061870271884216,0.2222267078676169,0.17851660352401305,0.18349498133380196,0.2984024195321421,0.22384393905719502,0.32839972306664506,0.12770354573863538,0.2880860755809246,0.14530014937479097,0.2604992352149464,0.1852776995038905,0.18333174916754189,0.21209127216090065,0.09979580962390616,0.19984415439797748,0.2430041520050318,0.19225911715381755,0.1601405702678906,0.22888336577098764,0.25063384544756345,0.30987181601250646,0.13921290397085917,0.23652423063818795,0.21987085205010348,0.1551920458190269,0.15943288215651988,0.27518001476058224,0.15538754420922035,0.24457574728020914,0.27239468196368777,0.14341876271279083,0.21671010944100982,0.13645587127319622,0.16060816799359606,0.14339357099284766,0.08084352474407176,0.14510636855076378,0.11837687183509993,0.5045976888470773,0.20704463563965575,0.22108529641517233,0.20307369959147678,0.23694774044282305,0.24410023765546882,0.14852223856320368,0.15004925198514252,0.16841398295616067,0.1819141706260977,0.13822818840921727,0.08083907464712604,0.18235869571570276,0.1057866315202664,0.15320986586339558,0.2857662236629927,0.30289770486418965,0.3834911388030563,0.1894060983608201,0.22976106737170168,0.16769218985850345,0.2710438560784188,0.1305692959158182,0.26129677517411865,0.3271690083785387,0.12195423342128553,0.13802182178221128,0.19232140870716885,0.3517933829855304,0.3029911972448826,0.22794043252651264,0.28545040972096164,0.18771551693181174,0.2930932369693199,0.2838382769410226,0.16835353202787381,0.18345410526912206,0.2562734642348088,0.12176701224967336,0.17013965831797326,0.19244446331740375,0.30443864918593516
0.11355730774253504,0.31947331730264916,0.2203423468655979,0.301552889430192,0.23390774132685527,0.12292391434117064,0.29147151826039613,0.16495896501207663,0.14100272210679288,0.17753663263142166,0.9999999999999998,0.5152007510429547,0.40799602813227304,0.32066040699940057,0.44509673312913267,0.18076714468306604,0.30758310989049076,0.13398982992744693,0.4133141017652619,0.17968447264787696,0.30991395843470637,0.22123231905405216,0.09965359212944891,0.16349302427389542,0.13624545074432057,0.3819324896531303,0.1669161475031226,0.34857735119026273,0.21294723617200076,0.3240416833867216,0.18271665872314458,0.20883261062966146,0.1397946249449021,0.25143565487086933,0.2034381467360818,0.2191360741078986,0.1868939063276361,0.18112499141239924,0.11834733460214004,0.1466416524966897,0.18902333022725074,0.23746049179783169,0.18177620910909045,0.2124371757202506,0.24052635236620348,0.1528081967803885,0.14261117340988594,0.19455027532334318,0.14237060607962174,0.18006796497652497,0.14206776291734927,0.30991648804991195,0.3070765768942388,0.2718765812445143,0.33117216078369677,0.15331788640402882,0.2210036250522952,0.1484922909609338,0.095413059328109,0.4169791605630906,0.22160510370108283,0.36156068044218187,0.30512191645218395,0.35335174227207805,0.3336192978101288,0.38808016323184713,0.18508884642861473,0.35023922234156,0.217995452218633,0.18694409882441276,0.29079698247240343,0.11841657199245037,0.1432459775111079,0.215586234776981,0.43750545039635386,0.38418580502406463,0.2705600140064506,0.3704005916912753,0.22411230977440968,0.18821143855285563,0.17802893288912677,0.21563921360871408,0.16310777766172477,0.25873371003834755,0.22374290027568597,0.2577996843702696,0.06303682779236935,0.2539558091724316,0.18435925159546115,0.17357179693940827,0.18537884269884108,0.1898903189088584,0.13826513485896033,0.25657349166011495,0.1920568023396606,0.2127737277757707,0.16274218455778466,0.17297841633135447,0.1373873994813589,0.15332060081038937
0.21807594464430224,0.30087655243161066,0.20340647734055395,0.2830577567444974,0.23216117772135814,0.142294471642671,0.17981390370681222,0.1459758552184362,0.19012901010641198,0.4879516864618048,0.5152007510429547,1.0,0.5107741705251081,0.12462738483868842,0.2840416762792205,0.24130279302730356,0.3319725103724872,0.13673817595888646,0.22028461411940733,0.21700620705177606,0.24298421215110333,0.2097381732144689,0.12635654733705948,0.22849153029595431,0.23701438144016695,0.5539521166075081,0.10614134407886994,0.3855482941590718,0.24457394626205076,0.34521088516688614,0.10347975705570163,0.13960349502662736,0.14047738091401643,0.18061101900048235,0.17404305515488133,0.12510889223934302,0.2178348621710843,0.10775957085075231,0.12085573657851303,0.11204097577704303,0.24913725613840232,0.15434811739362117,0.19194387898788534,0.13742189715459216,0.14962066661126522,0.20755965521867464,0.20867099849248696,0.20251444943610838,0.15129678668032506,0.13990651803516088,0.15628202656540546,0.24745419386950054,0.23606495138876016,0.3058304124722497,0.29208041582697297,0.211682938242309,0.137759643166431,0.08427184562113338,0.1852464376134988,0.35430563593960895,0.2175516903031548,0.48113288118823583,0.42643734518346776,0.2212173169438129,0.25326494971487223,0.17638755765914868,0.18215494223965892,0.3030217259487114,0.16406528914518625,0.14896083912214186,0.29103850428405836,0.12028861259408909,0.14047131496880183,0.22201479195929394,0.4877871054593316,0.4788798194200341,0.3572437750591926,0.3686307859868456,0.18344298450790072,0.2602003901253593,0.16254566050526814,0.1969270758668059,0.2018103343837857,0.17017453323334997,0.17136689364946345,0.26298070096556747,0.239257828273379,0.3888001046499461,0.23174295616182622,0.17583264553513098,0.2117576800179195,0.21093040154429046,0.21655120022902324,0.1513184539996354,0.15794424094906384,0.2269563191430877,0.1748946757418544,0.23682586330901623,0.18765603720400317,0.22067190479720566
0.15782353009820518,0.25234363473061017,0.18689742601738563,0.30993857422651855,0.15163666797080622,0.12491950746511159,0.1985387780975204,0.15182963390881613,0.16257476470961701,0.24332101983366394,0.40799602813227304,0.5107741705251081,0.9999999999999998,0.22223492882942042,0.23164499195508967,0.221735678660216,0.4755328224832253,0.16627586586503174,0.39256932485781587,0.2199536678150055,0.2642738126131215,0.27144025315184644,0.11149531560153646,0.24472859114018386,0.17253304705249053,0.3921802997675447,0.16136894957391906,0.3522250168432376,0.29604046989919813,0.2584727478694233,0.11206664078877086,0.1379066262037583,0.17179699208942184,0.18512521364676973,0.16951148295629653,0.11171161980899863,0.1598192894947739,0.243164968274158,0.126530806391803,0.17040388708446771,0.28149300076240286,0.2579761633793909,0.19798395646688383,0.2443763790735335,0.3431902703146575,0.20552596344323038,0.12751231044314582,0.1873592685114116,0.17236203003534112,0.2408789768748592,0.19582430674554557,0.25716290457188545,0.16775671667649328,0.23881314171302467,0.2633916621204878,0.2515175665738545,0.18480642985608417,0.15494076655280245,0.1385240745482913,0.37752347430664357,0.21937487723492913,0.6513621484674479,0.2775820913104592,0.2596140498152967,0.20267856460148326,0.17185810184253303,0.2117288448281074,0.3905458549093282,0.24199259325822955,0.188304432607087,0.20749092415144704,0.17549794123668197,0.12915434754489258,0.23161053365755746,0.27134596050625537,0.3012774218465157,0.25599061700124115,0.2049169683936346,0.13974191349169904,0.16887412525991213,0.3024424799072972,0.26032795065414294,0.18274420467475372,0.2458596979449806,0.20940330167149251,0.305936355439383,0.20627863413532813,0.2616919443294831,0.2392937209752858,0.18332302446582685,0.20431113764277248,0.20506081222856226,0.20246725001751517,0.19167191273114806,0.15819105242340037,0.16724871411768868,0.1770178011721089,0.27026454786430093,0.253793031649101,0.2154209004349933
0.20637858061998857,0.15748670425338998,0.1971721658946499,0.2057059257080339,0.1902550739205776,0.2426082383196061,0.24570658785221175,0.22644821566912152,0.18159076831291293,0.18392638999381428,0.32066040699940057,0.12462738483868842,0.22223492882942042,1.0,0.5735580424965203,0.17930347323814178,0.2719388351759481,0.21128911013068097,0.5739200287209059,0.15715316030510118,0.30733187886828495,0.18291140266262387,0.27697576949684344,0.2324918880086791,0.1658796021154746,0.16175039371245284,0.32803046500464,0.1543907212837279,0.21071793422349558,0.2570382326833214,0.14992566414340525,0.28960593162711157,0.18842153737804285,0.22076960633394968,0.18653910091745712,0.2743323543187349,0.2705637908267433,0.18595726375100152,0.15215155479858467,0.23917869419231458,0.17562203278729785,0.21166941208142054,0.12656389508009236,0.316855772149759,0.2611928106396975,0.11785504258666503,0.28753566844909006,0.1561897014377317,0.3601203091545889,0.37125677814572366,0.17553838863358073,0.1926252377981402,0.17521947123673598,0.13858378047846412,0.20498844605088867,0.25799235938938586,0.1749621014161075,0.15343518269714704,0.163017931686315,0.2095218194251941,0.25478391600788525,0.1465931196571365,0.24877818219502215,0.6147082836284755,0.5713864369950191,0.6732009061669186,0.13791468852686062,0.26714482611880175,0.2805558122265038,0.20725918442836697,0.3000104607888482,0.1613864636854737,0.30270632195256336,0.1932430692986632,0.16480870016860194,0.15912219136982383,0.1844682629650989,0.2993363767341112,0.14531391908461366,0.204063550354314,0.24043447037613078,0.2824230065581165,0.22129775012316646,0.24360335008636558,0.15835438211823413,0.23573976769788663,0.258018323959998,0.12557015817914416,0.18924674496108032,0.2751871612932502,0.1747513842461706,0.24987069684143862,0.15831382146606832,0.25476713131080947,0.19058063061662325,0.3123380557657025,0.18027753846295325,0.12265844449678198,0.35387086173801524,0.36967571125098897
0.2617187582724056,0.2165018167058052,0.24172409755343832,0.3068379244027981,0.20039021614179592,0.23367435111437,0.38012861752728344,0.18159033774890376,0.17388999440031738,0.1656455824440699,0.44509673312913267,0.2840416762792205,0.23164499195508967,0.5735580424965203,1.0,0.25354772791887864,0.2846350613133823,0.20563512783058455,0.6360567088954505,0.3035483680510372,0.6543993866789766,0.15806849499248846,0.2666450945451551,0.08401266475899868,0.23962178918798246,0.13152751786129002,0.3386477707325972,0.3046966120841459,0.4093301771256209,0.34083235552339375,0.19950811392140821,0.23961309519337393,0.23251177146012714,0.22738939798522345,0.1397715745098701,0.3146893816518301,0.22076098068742742,0.2349424681651923,0.24997471828898726,0.3142713636088832,0.07574806696547808,0.2546576994297402,0.22898754626237552,0.19037632305591798,0.1536913677937397,0.11256229016272329,0.2063685772295163,0.17509710171483725,0.28379492045904564,0.254445312920182,0.1603753714442777,0.2698631036937338,0.21541840869870016,0.2044206875625977,0.30866321515453454,0.2678584075561025,0.1669324752045005,0.11191540667497318,0.18561231820454738,0.341237035308049,0.27111664165389177,0.1748949481652601,0.38646473199030146,0.6015618648802441,0.6698540802780103,0.8311680216159876,0.1369451752535491,0.47502016208978454,0.525896433261222,0.27132633814267276,0.5730262430145552,0.2205442002588954,0.35288435851945965,0.1599002679860857,0.4242291313617001,0.2683999131948356,0.4059278256684118,0.4847011651374841,0.14446696148322957,0.145948300925307,0.2771909643992244,0.3260803879396802,0.18140787392292404,0.19270939542486415,0.2491816255916569,0.23468502718752463,0.1855181980020325,0.2287090753049536,0.2875866004467803,0.3646472709006824,0.15994247476457513,0.14069717450572058,0.18190211381980878,0.24421560968346728,0.24387883982086456,0.21797700354736754,0.27073119656228933,0.20419507536869794,0.22044035633001974,0.3045321326000633
0.5288112914943803,0.44937068742347985,0.26470279406047204,0.47281696123977224,0.17288134712237302,0.3051948283915311,0.6281641368811446,0.2997835429020814,0.2619071022884561,0.22468838116739306,0.18076714468306604,0.24130279302730356,0.221735678660216,0.17930347323814178,0.25354772791887864,1.0,0.35962705068202194,0.28173267776607486,0.33194095806487656,0.29499953601982415,0.4233153614609402,0.311274351936605,0.2522169755395012,0.20551652996163883,0.25674196151329776,0.11794329452451836,0.2675478689146106,0.29409980639344485,0.24159116430808492,0.17086824239337178,0.1888968436531423,0.3011831753670899,0.5214859479301635,0.2656196047587944,0.14442110526755517,0.21938620701673128,0.18924999418474184,0.532389457282155,0.23884393215163946,0.3517430726417998,0.40331017874765895,0.2493980329376182,0.19791069139305395,0.2827549858884986,0.22691178467142292,0.163933818911812,0.18185138404643555,0.3062107997132117,0.3056220833492269,0.3192889547984076,0.16371907513273756,0.13682564262626856,0.26571561817585027,0.21631440038832642,0.23534362635914338,0.24919660935408677,0.2029179632651872,0.2051449810341197,0.23421377215236472,0.3923799880685064,0.3048144298196245,0.28896110082929705,0.16942001389266706,0.3811089105643155,0.2860189685874769,0.27601295589406244,0.1220363227266334,0.3856961657278605,0.2101808174339919,0.22105057415835871,0.28572972064904917,0.11831363952542034,0.16561766211965492,0.28091714720900296,0.217741349728108,0.16301448291412193,0.13241930439232383,0.2724049276008822,0.20844491959594164,0.19757237911808762,0.40202389576850867,0.32081513435201503,0.3099611966822001,0.1711904550199985,0.25333795420933114,0.2549180161766107,0.26212896838402544,0.22294383787850494,0.1685472832235105,0.3321929067257352,0.2541082431475797,0.17537833656277105,0.2922031202827513,0.31072284672818296,0.1746522552030997,0.1650051307504739,0.1564884075388921,0.3337600548878515,0.36573978819114994,0.2021410711215733
0.30790534242215745,0.19383067756329478,0.15389042441982298,0.28817808838313247,0.13269748761100375,0.17970539510862837,0.31387294442999103,0.19728323679986393,0.1978065510653598,0.2569792976770246,0.30758310989049076,0.3319725103724872,0.4755328224832253,0.2719388351759481,0.2846350613133823,0.35962705068202194,1.0,0.23073674837446342,0.49805596190487833,0.26694332486727035,0.40844409109267593,0.32344101785147483,0.1639953413323963,0.22111644865343363,0.34336978368750093,0.19498005863888435,0.2306488388279616,0.30932616796014983,0.3003777263856748,0.1437317078220933,0.1569169387417154,0.200779856729622,0.1887355161108223,0.1816401620902716,0.13597609444605338,0.16579373285517496,0.2563471839052782,0.23867644794297535,0.17100391827291783,0.28733876161898625,0.2543296059319319,0.21680279318577522,0.13055194503804696,0.39055872604382935,0.27862572874076724,0.2809353283385657,0.18486754345128334,0.24143007866524238,0.21878183568247467,0.30639072005821755,0.18985619449380445,0.14341827478063687,0.1650390670896894,0.13141908686864123,0.1864926986237384,0.2514723488082298,0.21758078606436745,0.31039012849478653,0.18536694315518762,0.37386347034898887,0.28190647313806794,0.3585898734558723,0.1501667154882292,0.4256906708893567,0.2035220071546711,0.26006734396497966,0.18652592495071754,0.5407246571532212,0.28234790215033523,0.1964391807166632,0.24939624490272042,0.18036517597686103,0.2448757356411059,0.28187173892648737,0.28304803348551044,0.1585126747858827,0.21392699134882256,0.16601987236968835,0.19419715998577844,0.19657182117208932,0.2386992916623075,0.3501642444798847,0.2700716498822337,0.29776597928341414,0.1557936636117014,0.23917451180794502,0.17747996649522474,0.20172664752968966,0.1459859700034683,0.32687926217502566,0.2246649716554337,0.2391723204454786,0.44598461636603814,0.25738810310571314,0.22189285830539374,0.173219373708275,0.18583544127917284,0.2576929941026552,0.32734717775074246,0.2483514213380197
0.31819699140251145,0.2894582261659444,0.5289048536383159,0.15933941826831963,0.24667405153913358,0.5997305936858487,0.3365866071979703,0.2877095084163822,0.3365290497181836,0.12226369449926465,0.13398982992744693,0.13673817595888646,0.16627586586503174,0.21128911013068097,0.20563512783058455,0.28173267776607486,0.23073674837446342,1.0,0.2018642108123429,0.6215113657177522,0.3021946919602691,0.17679898228467858,0.42830877617447605,0.20270186892593228,0.11134374723537498,0.14121654581008192,0.3121000909681857,0.12434906771402326,0.431858120604851,0.1857154820775043,0.19971798160312007,0.25460253418971174,0.23986122320283496,0.38082517986689257,0.2962098705014964,0.13080167963559652,0.14305238603301387,0.15186833257152352,0.12513872953970928,0.2654356540672893,0.1934299495807213,0.1737926590956896,0.23527217990270216,0.2899573129549376,0.19912031557074203,0.2178431491700924,0.2985877871766476,0.32815934909594824,0.3895404568173905,0.14607609385039652,0.30939159554001194,0.32156986280197564,0.2333532308806402,0.14134267475440318,0.4289586002038503,0.5514888849771593,0.23097474423415731,0.14045451361328434,0.22335303746404278,0.1865830835972755,0.2396391943357431,0.22878361760198082,0.24270454637297373,0.16292116944119042,0.2011662527896556,0.16711479761903641,0.45032429857723966,0.23543893930121632,0.4372966397466121,0.8044152856882554,0.38879954211394796,0.3598816456143353,0.5368926939262578,0.2599702687566847,0.25736835029137173,0.10824135346187935,0.2694968312235523,0.2331650984377969,0.17419714632839714,0.3238982156752757,0.1663097064754513,0.23120861620856814,0.21333278190766555,0.2204492219710781,0.22296502118768638,0.1563866981148789,0.14092369082137324,0.1138755508725364,0.3508246431961448,0.19213234067453713,0.1881245978392265,0.24294336415189438,0.2308774915702082,0.12068462273187906,0.21126683022532244,0.24781526835893253,0.13759309212256646,0.17189858322463464,0.42825350741423296,0.32131942005597597
0.26452174976406423,0.3122973997326211,0.25914142604078827,0.3669491839668541,0.20079342734579333,0.22264023807907846,0.3817298768217681,0.2204829669898587,0.23977402052745145,0.12738965526732016,0.4133141017652619,0.22028461411940733,0.39256932485781587,0.5739200287209059,0.6360567088954505,0.33194095806487656,0.49805596190487833,0.2018642108123429,1.0,0.2657811897187337,0.6100673071965104,0.2146684625061509,0.22371443319507067,0.16287913537767232,0.14498823717464454,0.12691447380424206,0.40064401685881124,0.29315546450348356,0.33963562041598966,0.2562551865598901,0.13293246695095057,0.22744680679869012,0.26588946585430784,0.2559995374027444,0.14672320121335336,0.22041637865265074,0.19976180436849045,0.3153369931117704,0.21825191487104625,0.3696512645133081,0.21445522414807872,0.27415197860370494,0.20665993642670827,0.26021930227761664,0.2937960162661078,0.19198839497270417,0.20929054199937178,0.2310882768685522,0.35638943081363456,0.4677535097588545,0.20548353484593598,0.2354393261367365,0.2614851128085961,0.17811066939374418,0.2952846947315867,0.24958688323756853,0.18915070048767987,0.24919530640414397,0.14421954852686042,0.40465310548348454,0.3360661310611432,0.30743029021253854,0.24038984344878267,0.5971272302743187,0.45718846769238053,0.5963708094072879,0.1657616469454501,0.6074344040376161,0.38528213918459947,0.20177945416493892,0.49193453440344165,0.11223922560667446,0.2660664855178926,0.15295319498882665,0.292562774333879,0.18831560978002093,0.3033681191901244,0.33001249913935227,0.16278299136437155,0.12200243246108683,0.3749460387074376,0.29385587415629266,0.2435028026534446,0.20743310922951871,0.21907477001628353,0.24235779565524507,0.13263354955558726,0.18889177153105738,0.1552265625259267,0.3270050969903011,0.2581850417626963,0.10117923829751276,0.22734445531457842,0.19893793653954694,0.25657480559103524,0.16050757573376373,0.20293319862988474,0.268027382810022,0.32684669718848963,0.3005503458532661
0.27731719451662834,0.30495456259802917,0.38453732859412326,0.2654560288866185,0.2893876074902286,0.4469294041228169,0.38752331442550514,0.3165911276323191,0.2901817471607841,0.14061870271884216,0.17968447264787696,0.21700620705177606,0.2199536678150055,0.15715316030510118,0.3035483680510372,0.29499953601982415,0.26694332486727035,0.6215113657177522,0.2657811897187337,0.9999999999999998,0.446845277802327,0.1410488048521526,0.3529686151316072,0.16664856853079074,0.19858464102892665,0.13373832975369962,0.34643024586778093,0.166293291784773,0.5496649232663534,0.207846994010792,0.12657335239704326,0.19784731221168558,0.20108757775229452,0.17711645923068378,0.23112200203950728,0.10887181073836812,0.12185185881898072,0.19267869558162234,0.12148579420574851,0.22423821800726934,0.21523615249860695,0.18813658777376924,0.2653424101911732,0.2703998445602624,0.24376070524932145,0.14345859795527993,0.22198430647842127,0.21369143522769224,0.2973345360150946,0.24226251960628126,0.23145135903881744,0.3061390833439012,0.289277401871007,0.21405849754924375,0.5331170245533615,0.5105707912718281,0.2782084572371405,0.22938250139379435,0.18227916458944562,0.21687835113552956,0.30837775322388167,0.2898761541105114,0.37457755001813103,0.17522616830240734,0.24900209096467207,0.2255621265666194,0.4660443921947032,0.31772377440246996,0.35445628977602334,0.6173919669332222,0.5982630488037732,0.253717494991343,0.47753044973497416,0.35212213737525416,0.37810591994742837,0.22230615454129385,0.46180456354140786,0.32720915019970714,0.11761404423998398,0.24772464489308518,0.16314064803807848,0.20937124817832278,0.19850282286188575,0.1395668461170928,0.2923851238043693,0.1487866172200872,0.13569673510865762,0.1926890684575365,0.43394537640473957,0.16270513572183798,0.1243728560776428,0.18420194596690667,0.22628366280021087,0.11328793726368379,0.1859826097348428,0.2945168948461714,0.1753098536560804,0.1869315961897766,0.43329198518465933,0.4327571944427232
