0,1,2,3,4,5,6,7,8,9,10,11,12,13,14,15,16,17,18,19,20,21,22,23,24,25,26,27,28,29,30,31,32,33,34,35,36,37,38,39,40,41,42,43,44,45,46,47,48,49,50,51,52,53,54,55,56,57,58,59,60,61,62,63,64,65,66,67,68,69,70,71,72,73,74,75,76,77,78,79,80,81,82,83,84,85,86,87,88,89,90,91,92,93,94,95,96,97,98,99
1.0,0.20911793112778454,0.1679245903789221,0.18274458164312044,0.1077667647914334,0.2695872708141379,0.1971689311966428,0.25281297612567516,0.22378741068642452,0.21285256173585126,0.14255519189118446,0.2308917293586618,0.2629382304756554,0.18387101188821947,0.1507121884636669,0.40406999328263793,0.16939492621113966,0.24475805152773733,0.26147897892547906,0.2605581758443801,0.22321322623354398,0.23619326375366012,0.207900616802694,0.13511206588511449,0.2781811772966451,0.23212227827763018,0.2147215249801894,0.22176228954943525,0.3002418159937802,0.16651913154449127,0.28482314206231496,0.34217065058541946,0.30617677326962583,0.20790895432860065,0.28171355412801563,0.26355142651386143,0.20150402110570698,0.43210608445102117,0.26190550597328754,0.1084361821733727,0.2989641170513593,0.36820778078539734,0.258487987729098,0.34625037626642396,0.24495972125601162,0.22886600934491166,0.25759604797804925,0.25218935282262733,0.30216744230572573,0.2948523266733902,0.36420280998083515,0.20182949801913153,0.24167326521323843,0.16853365107796453,0.12174364412559786,0.14885734417492408,0.2613461571668268,0.20211850018428162,0.30308547670539965,0.19128591910508838,0.27833505122389623,0.1957946297769702,0.1900572152355098,0.23752783141296685,0.21632650006025453,0.15419743164315444,0.3186716715565452,0.18908179381110402,0.2093769089783484,0.16090478040560532,0.20883480634486076,0.21421876791719313,0.09950951574885902,0.18231792908078923,0.22016997454208262,0.29943958309019775,0.19189664834306408,0.1863943678077735,0.3004451750153722,0.27919917365564656,0.2247961544487136,0.24285612756617125,0.31008977308097085,0.19552064883327092,0.25520899394568797,0.23853496158047421,0.23825926590467109,0.1578715214896609,0.1796207507632239,0.25222978485899084,0.3270717701169092,0.1879317441737513,0.2564062783011584,0.35418519877856225,0.415789120807797,0.3284850193182444,0.2560664623288812,0.23835978518612147,0.19953696299360896,0.31348976462926104
0.20911793112778454,1.0,0.38949443681759005,0.30724113169894357,0.24123501519888818,0.25481116730869235,0.2683930944477053,0.5240387863022337,0.3870240157253129,0.2505816686122995,0.22681840036415912,0.1758764583656093,0.11328387263556973,0.21127171681986784,0.16022261026751877,0.23450690734575258,0.22636513611630565,0.2450933324078458,0.18177963834865982,0.1538673907925291,0.23716381882095727,0.2141671804755217,0.1388562593526418,0.21401469352917515,0.2795114831251988,0.18523528740314915,0.17437946813253352,0.19324387300368284,0.15486235107367904,0.23740914360973533,0.29327764945265317,0.1915899115962338,0.1716414635863176,0.1436795266402475,0.1376982973577943,0.14007558946396897,0.20766972363287636,0.3173623547406912,0.29759137417566395,0.24035334950567522,0.21738057628711666,0.20625574355567022,0.349709789315164,0.19833993935397343,0.3215234792686546,0.21909239458814483,0.16130136272089818,0.2148117008305539,0.2019134954929385,0.169681968302178,0.3027423436060424,0.6477311548930286,0.44057169079988284,0.2009040932452272,0.34137790310178606,0.38145633192760153,0.4975517218625453,0.365377641956406,0.18953982748768383,0.2624507405647991,0.26060483024593595,0.14293884369059875,0.19807239564374046,0.1976950331972536,0.23637380561810914,0.16008195942242856,0.24123134737502291,0.17372655247881696,0.12572201638665428,0.20167153946096925,0.2615723061030442,0.26959761269499444,0.1862701953409524,0.31298463681024047,0.19136259371316655,0.2986528720982713,0.18402281692296768,0.18805102758346204,0.3735476522179119,0.3328483707491132,0.19540595824573107,0.0784959951405997,0.3955898550788136,0.21792256813481437,0.1358147524916119,0.12712741355530024,0.1739034413815018,0.21683490399198738,0.17639608689279002,0.23542067058141988,0.2127973835232543,0.3673477297602112,0.2637218317408079,0.3278843324742041,0.36923303761924786,0.3256957739936187,0.16082548032426505,0.16587287620123697,0.21586717887522322,0.1439096961162165
0.1679245903789221,0.38949443681759005,0.9999999999999999,0.12656848434948662,0.2176601958921208,0.41138785287791324,0.19644928344669244,0.28490852248620213,0.29242704238279116,0.32845003868547884,0.4113532587288319,0.21154786219750693,0.15146580529480067,0.33349860972068823,0.17582616810613924,0.19708144085174747,0.2868738190510942,0.2292616224016243,0.2436408322997546,0.24373937078952276,0.3449576728876056,0.24903281544741265,0.1379219130401357,0.26648760053304127,0.22702489572073795,0.1884724231986701,0.2059242177507045,0.26039110585732816,0.17962851408710542,0.18239284032851977,0.2400554103871228,0.11337986923724268,0.1528383024690139,0.21882200702258495,0.18125973171276505,0.31835387579358854,0.22512431132961971,0.19165280115484493,0.14156898921236857,0.30074005529833775,0.2178346152185269,0.18626285913253565,0.2848892157507289,0.28939842557681233,0.1970725843773492,0.30248159146043796,0.3202611069151711,0.1818861882137674,0.19863992141758288,0.17934437786894375,0.20484678031727901,0.46152054668171677,0.32602071488981976,0.26734141432813074,0.38306510947130434,0.49207352555347095,0.21258313650649746,0.2769421752729339,0.2157890559166412,0.406906986929587,0.31892164537660334,0.20793496752285998,0.2705488826201332,0.20911425942488912,0.19826681283535813,0.20687345776891225,0.16399991819317938,0.25926789396751976,0.1653645132837956,0.21662627316285588,0.27757002728786623,0.22482613269929835,0.2051563192749504,0.37975916258907705,0.22130708381381076,0.25171909799495557,0.2764724757275712,0.1729954703824323,0.18686297666064808,0.1793610365000583,0.2321324441802753,0.14499028618797785,0.23435510604696044,0.26251766903555385,0.23031917611508235,0.1746573455338164,0.23115496463735055,0.2287537667678573,0.2835419089600913,0.31657356567222555,0.20430668652413086,0.24586175976950458,0.3230478185923515,0.253835392106857,0.2542908982482326,0.25799056614413557,0.16228502044804533,0.20502959435971693,0.33754690360833345,0.18608249137196725
0.18274458164312044,0.30724113169894357,0.12656848434948662,0.9999999999999999,0.32091393643687627,0.1876825130845094,0.219573010691342,0.37397563559720143,0.1311376469461957,0.22200455880204525,0.22637734513059113,0.3393351724117533,0.28881532746409844,0.1888000962430968,0.201063686058005,0.18287223941657835,0.18600683270785756,0.1822558092548702,0.20486291269917692,0.1512530768104909,0.17169003552553871,0.1820909706208609,0.23345973410958532,0.2656432788243487,0.219953245950833,0.26233937591267353,0.16258100767467998,0.21508692294255746,0.17648201607493624,0.17100227139372148,0.2195845626083405,0.14936204812703976,0.11249831792377785,0.16239698594985327,0.15376823334976375,0.27952269633442745,0.2366959983615341,0.19577824647627895,0.18461225051887836,0.18241675828490775,0.15379766398990768,0.1641036085850461,0.1253042955712697,0.3236346677737309,0.17965979885788183,0.17342607207350436,0.1164311676488389,0.1676960701555863,0.2959213725715481,0.18371363886407405,0.23305670502459083,0.28379133995982353,0.15915541785410756,0.30253226554792156,0.13765632371296627,0.10168192273651956,0.3940701913111706,0.2814084302188341,0.3074777668522753,0.1759532675295567,0.23358605051323583,0.2690020426312854,0.25659880243527355,0.28241617808036595,0.22293841299516767,0.22083420288234692,0.12769253757260426,0.2474522798261548,0.18114250184500905,0.15877475035871397,0.2295423693971895,0.16883757661548798,0.171740629476574,0.17381041621014529,0.2411373017685567,0.28864916502350946,0.19510435327570796,0.33188764201775023,0.25453739159678224,0.15871490727329884,0.24248792739018082,0.11439814725382759,0.1918482693327697,0.1732073545145529,0.19210302256829098,0.11789101496917559,0.23973428361396074,0.18503634462732535,0.2132725494662856,0.1189712780536878,0.10135284792266674,0.17174989692492215,0.20945717640468026,0.1993763639843073,0.16817215133879027,0.18536666538396623,0.2299628944024152,0.15552384277929523,0.22609809679208845,0.18941912802446503
0.1077667647914334,0.24123501519888818,0.2176601958921208,0.32091393643687627,1.0,0.243805084400562,0.19312566222122343,0.25139388498913723,0.1263318020972761,0.12223817658501318,0.16158726489819014,0.20377566925051255,0.19724791352513793,0.18230268359674437,0.18865624155468333,0.14038684608384513,0.128664368430654,0.187906914658992,0.17112406446294626,0.15652778883536775,0.16523434505781814,0.18004739143663526,0.25089475021051943,0.21269123071317048,0.10745403380846627,0.2878102572787365,0.1700638797354171,0.21973151287193765,0.11754445210068816,0.17169859992297443,0.14640000370190653,0.16451839587966283,0.20869864506291155,0.1713483977077151,0.19644143616880647,0.27713058661308976,0.2373314881935941,0.13109136548606404,0.17692280328366375,0.1984707474712431,0.11073111686302246,0.14462956473507796,0.16277006168692376,0.19082474260632842,0.13608142375514018,0.12286195259112828,0.12763487038034582,0.16023119615421164,0.1508124524709519,0.13012919390902883,0.17194208728322452,0.24933804565779194,0.11629745541084752,0.18236527082228782,0.42675613627214354,0.19633885285954072,0.20749175828810343,0.263219035545964,0.22199985951299567,0.13994021324797076,0.17547584175537717,0.22865424009533095,0.1390297487927102,0.19754670318492276,0.13452528670961555,0.20047306470351794,0.13814708335253337,0.23671807135697762,0.191215077431156,0.21121814735201394,0.1830612711749111,0.19805345788077358,0.20090109542517617,0.1488326949537631,0.1850014595878394,0.1748701588598324,0.10975125061958638,0.21898042747006777,0.184525860810402,0.09316464278163152,0.1739710222388608,0.1503226075053176,0.16148217491810082,0.1724597696239762,0.22089272086781872,0.15287331110593066,0.20484128888299427,0.2901642807917639,0.1566015219611909,0.1486425135432987,0.11709569505282014,0.10862405973708984,0.12533287127012527,0.179181657623247,0.1645199059280243,0.20727942772284244,0.1391609985776007,0.06150989880820629,0.1565774588207148,0.15888516938553088
0.2695872708141379,0.25481116730869235,0.41138785287791324,0.1876825130845094,0.243805084400562,1.0,0.16970368195442728,0.24654401378309823,0.3977465337912748,0.2825739025162929,0.3527618843620718,0.2505304563150615,0.21542119141722044,0.2424464371611254,0.14032332679372314,0.1441794906121673,0.1859924195075931,0.2075648019012563,0.18228990044332224,0.16318189531390856,0.2126985799197353,0.20673976093068483,0.16661667544498265,0.20196721160958858,0.21164984807913634,0.21058227016315434,0.19586897885845123,0.16206517903101936,0.17272945401041664,0.20202433975425907,0.16364874438004037,0.1066001259599041,0.0800084624587261,0.19460057346501156,0.20046330623745387,0.23695708526272483,0.22242608669912628,0.1864519470913211,0.1982754056836129,0.14676268658017885,0.24755595422956247,0.18346177668290006,0.3052832353004845,0.3256219346978475,0.21166617053463369,0.18721905819303206,0.23017863191399773,0.17900432891764326,0.4427652407077656,0.24042670876601288,0.17686730554472038,0.20647543783288647,0.20652227423973912,0.20036106605395687,0.5722622403102534,0.4274536810647097,0.1267596002011484,0.2645716367219604,0.24759615476951807,0.3787303137750099,0.2971985172353311,0.2592908608335195,0.18105990762177993,0.2056809086270491,0.15353699684790142,0.18172843409208606,0.22588394479348217,0.2658771755403376,0.1520892914015011,0.16434163069277388,0.19604307605006357,0.2622289725629807,0.2002615868369597,0.2723888540043335,0.20627501238638865,0.26667194402425703,0.15311986017746965,0.25261870310256257,0.15462013151161216,0.148022673093135,0.19764511202445895,0.18299596362446927,0.21651297570443334,0.2309910944506335,0.12918824096160736,0.19442089577180177,0.2640232780214253,0.24533379950416986,0.23334826026623945,0.24445320487412606,0.14838106059957712,0.13355659741151948,0.2292043409822696,0.21347192031174692,0.27421489221548284,0.2843131950418647,0.19089095851944726,0.20518693799214813,0.4461758141713997,0.21565877853108667
0.1971689311966428,0.2683930944477053,0.19644928344669244,0.219573010691342,0.19312566222122343,0.16970368195442728,1.0,0.31698963299166905,0.17397516754132294,0.21686604159497683,0.1654899157980468,0.24533428698188828,0.22813688711984642,0.20540411248195556,0.23357112256402776,0.27635717590277403,0.1323031679554914,0.35491392139320055,0.2508214610696103,0.31238318424968553,0.19802110234120865,0.16565344284405698,0.18244360920751124,0.2702358834495006,0.2645424321992673,0.19655467957160921,0.20812790500161818,0.13461030210330074,0.19991388487261758,0.18261901851144746,0.26628316594806284,0.23748761552483708,0.12156645868191837,0.25508635378857003,0.23482867935036386,0.23625386204053345,0.2170333249233459,0.22233275548932002,0.1816029940958484,0.3122205751441557,0.2638900723570453,0.27696967775084713,0.1593625032696835,0.22011333401459102,0.12349126451043965,0.19211098988521746,0.21458689296832706,0.2797134108609556,0.27031172392730485,0.21332386031748637,0.31211774419147115,0.2378303927846505,0.14926839107883158,0.1756793466113875,0.19590637165950656,0.2565318780033721,0.30750844139056205,0.25995481195751163,0.27133232689283204,0.14257692163862004,0.21194807281945993,0.2676197029644395,0.21653537038651777,0.1840376716336919,0.194151228000641,0.23942761546862287,0.288948268263886,0.21585833451352443,0.27721696198087625,0.2458403676634756,0.17763353966839246,0.2550422588338321,0.23140128143070818,0.18953698185908052,0.25648051331653604,0.22776695676880931,0.17666974396864876,0.22398295102891821,0.23064610393768,0.3369397842683098,0.2326260092837914,0.20913549485532676,0.15409386282101678,0.28255131515113296,0.1551358328160867,0.3158927764861357,0.1728437025609929,0.18567180419754148,0.3178570687262845,0.13210250670729057,0.12122869813068103,0.24038183404675276,0.19485209551403793,0.2317469288380003,0.18583358164867889,0.15500798246864966,0.24374303876261294,0.35932355210173056,0.22690969764535068,0.24928176485557216
0.25281297612567516,0.5240387863022337,0.28490852248620213,0.37397563559720143,0.25139388498913723,0.24654401378309823,0.31698963299166905,1.0,0.41495103034743475,0.2651156174565217,0.23663638788040253,0.223755289329615,0.1532664193695027,0.1530788479123183,0.18532100976258403,0.22001841694034913,0.217114230887925,0.3408600537602491,0.191915132495019,0.19611603057104954,0.19472585992628857,0.15760767893686892,0.1557210645065784,0.28319007807169455,0.350507735337129,0.1782735485549339,0.20991473356195922,0.19639398314001602,0.1596060754504951,0.21952809141618762,0.3350358265346248,0.264328334015454,0.19995934525177053,0.22966092665390397,0.16944196994871163,0.23644158533887924,0.22453950216713547,0.2714896538108884,0.21060170903949477,0.2242157718152993,0.17217884480185394,0.27543515217693254,0.2343839981460798,0.23210541869112514,0.24375673430635456,0.24573514763250398,0.21239188968234085,0.2506516427893966,0.21853801273398493,0.18924190596273568,0.33554378176388,0.5714420315000293,0.33744201042589966,0.26880181630051914,0.33785890891234804,0.2874217545705963,0.7260620799134142,0.5067113804820409,0.26678984107110537,0.2291554343081928,0.23375338331013334,0.20542021927779866,0.21428009514698826,0.17952374357860862,0.15851775890915412,0.14489202836339393,0.13992842250022597,0.1326908789522253,0.17205652970085036,0.2393907833578376,0.1993240194626277,0.16557181184629516,0.19003975919252164,0.17897779294175942,0.2300940272933102,0.3203949379153743,0.13015249588574648,0.1842493148886583,0.3994313834549179,0.3534806813323182,0.2020979730062596,0.08148552978034326,0.3357660484662787,0.14228389489286491,0.18483332160726865,0.13995818257913337,0.15269280844859615,0.1673282748823348,0.15382313842215903,0.17223307015017955,0.24544185806442756,0.31986913129275285,0.20957095699222625,0.40356397150448486,0.3004607833187225,0.24350541794876954,0.14402522553177247,0.17917298404677445,0.1649647155325396,0.2755556503844619
0.22378741068642452,0.3870240157253129,0.29242704238279116,0.1311376469461957,0.1263318020972761,0.3977465337912748,0.17397516754132294,0.41495103034743475,0.9999999999999999,0.29602365386766066,0.3165796933004377,0.24000373363689703,0.11435996335316675,0.22165726879915504,0.17040509943353085,0.14040710927344122,0.17481270593615644,0.2027407163402316,0.24710070490077143,0.16214534219545318,0.14303209357711086,0.1783634019287754,0.1443601977855593,0.20361441965386992,0.2895074435750226,0.2523152067866009,0.13629274216551562,0.19453867779701603,0.12324685794932787,0.19372841478551703,0.18659677993896498,0.13732433970456592,0.17123870528713198,0.1877465814238839,0.18530722634607075,0.19322483377078423,0.20699316153152317,0.2979886269541872,0.22990251874418388,0.17521262992726414,0.13560794336011525,0.2161015041073055,0.30662593118196413,0.25401652085780313,0.23939833030493943,0.16490135351150095,0.1744139472564267,0.13816556879752204,0.1940623436010104,0.20107849838096814,0.12192093693304398,0.3164114939942733,0.275726929744377,0.2225323475352272,0.39383365383317825,0.4061345268357907,0.2625289024187605,0.40800052570117606,0.20700416986705966,0.31072103800967,0.30248634857335227,0.14155758530858106,0.15460818662699538,0.22719794528275178,0.17062693398474166,0.10427879537930526,0.16226491162399706,0.22419663931984382,0.1644992005188836,0.2500586483458984,0.1641782045460418,0.27813886860032594,0.16647438880683288,0.19652486250066123,0.2225458431027751,0.33673999142359284,0.11165204294566361,0.24895844268133419,0.306016136609204,0.18127752316230708,0.2446675155717756,0.1315244323754717,0.26602708555420174,0.24267151393669306,0.14268325725326825,0.1964941257392402,0.1191414765086069,0.22330588520171635,0.1706515888237738,0.2581012761791802,0.16500272084691844,0.16756798138599616,0.21138869059487145,0.30523547721923344,0.2557424937769236,0.2097148059051857,0.1663250292644906,0.1932739828023194,0.12902842488723537,0.18305847850687282
0.21285256173585126,0.2505816686122995,0.32845003868547884,0.22200455880204525,0.12223817658501318,0.2825739025162929,0.21686604159497683,0.2651156174565217,0.29602365386766066,1.0,0.6104802705518834,0.627428981439383,0.29555401157669087,0.26410880977627343,0.3270320459641375,0.1477403931364152,0.22060581807822235,0.15647678939669937,0.18643344792785974,0.19002979111047813,0.17734052737999004,0.16637894596225883,0.1609715424104863,0.41229948192277605,0.631258402368188,0.3839821392307234,0.12775857872649843,0.2581312214295432,0.24614563724395994,0.19263625173889623,0.37177740841526713,0.24067242588487822,0.1188956575603764,0.17808217246938987,0.10337915052058505,0.2190668318173006,0.2243046226369569,0.3056499268250386,0.2400325035772275,0.2917014701424599,0.16227078033187348,0.375946163567755,0.1757730796417915,0.49806854440911635,0.10195678365128423,0.30064174694476775,0.2052985815692574,0.2729527957775351,0.13895826103167075,0.1465501544569349,0.3468938424593535,0.27397691838693977,0.2826865111462146,0.25621235603497206,0.17844583174523837,0.3425383586869366,0.21596975344622005,0.1690467181723702,0.635281202291466,0.5424699422760387,0.6732849470540561,0.3130582300389817,0.31988556335212925,0.26884584938611716,0.15499872611615104,0.30179237793175556,0.13485628944126085,0.29679415449280766,0.15979622615064923,0.17091205081635127,0.22002534372655844,0.17814850411637728,0.17923486179290948,0.4368766369115856,0.496711870948511,0.6967364417390197,0.3747616526534199,0.30467242633173813,0.29944410134426375,0.2790029469396434,0.25166124123472355,0.2088959477384031,0.18551322051086794,0.1431143610414565,0.1613793629907937,0.16477866459423585,0.2798554092589068,0.23261597617701438,0.2530522499833123,0.1841556161658221,0.21092725906617205,0.33315721755397304,0.5362526660245199,0.4297224681413995,0.3436975300940355,0.31279675747831326,0.2432078053366678,0.24202681141365634,0.25289854128700123,0.17463736524303392
0.14255519189118446,0.22681840036415912,0.4113532587288319,0.22637734513059113,0.16158726489819014,0.3527618843620718,0.1654899157980468,0.23663638788040253,0.3165796933004377,0.6104802705518834,1.0,0.6544766433943492,0.3348906287291759,0.2544454384176829,0.2742933197678112,0.14658031270058378,0.18352579383800716,0.19041079089230742,0.20761707361088264,0.1363129512153289,0.18655796861951587,0.19235871887802575,0.21549631874419767,0.40631030765546305,0.42622072962274954,0.4875815201378532,0.10853789691584137,0.26455375689458244,0.12930952447476934,0.2329951298230961,0.2788008208654507,0.14723115656810512,0.13299284883955687,0.18221883328489719,0.17159924325118822,0.23252252301108217,0.19574821220170555,0.2302275175002719,0.214829929937518,0.2822513728731374,0.153417758920714,0.30305278821656795,0.23003761648127616,0.45676817739808323,0.1458174278329332,0.1666151607065885,0.15809962599953015,0.17462584655535301,0.26137580726488524,0.11236969078091433,0.22282733104281902,0.24490722136051563,0.26894042900922,0.22820999609877726,0.21799239327606265,0.4459559309700276,0.18116260979581925,0.2166560239874524,0.4730854437258751,0.6765038231641171,0.6601399954858038,0.41191277806580673,0.267413059914981,0.1796213069041303,0.1474344169832981,0.23919031630237483,0.2046894203189183,0.32735198740807264,0.16251245862597796,0.17937355670877017,0.17453398496076378,0.23772023937968179,0.2042064258648154,0.4574578157942216,0.4496374458196942,0.5672896010701624,0.2670845876919058,0.34755768484307437,0.23039021419184708,0.19190795372317382,0.2459751627121128,0.18393448838952384,0.1535702439004643,0.1995243045249465,0.11820418388689963,0.1772098344076689,0.2717426847579638,0.3912985221449167,0.3017191843670103,0.2881525188902352,0.11330048885015068,0.1977113861504258,0.3599167557301559,0.3090176202729414,0.28746059379024635,0.3549967733242744,0.16299232464733474,0.1931719281619403,0.3671941221808174,0.13101204698518132
0.2308917293586618,0.1758764583656093,0.21154786219750693,0.3393351724117533,0.20377566925051255,0.2505304563150615,0.24533428698188828,0.223755289329615,0.24000373363689703,0.627428981439383,0.6544766433943492,1.0,0.41201109216120635,0.25273348990675615,0.32515581214209227,0.18908644175912934,0.20124544312740494,0.20976080688191345,0.19917203208142842,0.17215715751304045,0.17342072509722878,0.2200191294112226,0.2483545450115271,0.3783842072890989,0.4832040887217803,0.5639959474593417,0.12179917380550619,0.2294493740939135,0.16380290630885283,0.2552006104235425,0.30896486224436215,0.2379286046015767,0.1390993371083221,0.13230445251971706,0.17056554146704886,0.20559558006256157,0.2093181502381717,0.2881625498950357,0.18113066423326604,0.22244782874144228,0.12796547784880904,0.3682154339670912,0.1759394813475816,0.4670171347677342,0.1188250995778298,0.14526597621465892,0.12284566426695454,0.21367677744809094,0.15547043228185553,0.09922169420545096,0.3400713368538016,0.17381764409976996,0.19520609194483785,0.1811524426072293,0.14343765709007955,0.25827173870545106,0.16516272647681873,0.14230820087690554,0.6756131436042861,0.5064773378530556,0.7440755070112907,0.40808853267049244,0.33091010213205757,0.2626290200392553,0.22098723839145187,0.26400735803771824,0.17284370978894648,0.37360093904911856,0.1747621580983581,0.18855980894918944,0.18418090910678714,0.22322008971640991,0.1642420587111874,0.3391478064137625,0.6609317873771551,0.6773516128368421,0.24019119494421126,0.4331588319993411,0.259938054120811,0.23764120582582354,0.33437572317455944,0.18290460196328745,0.15163186500623427,0.17674837886286895,0.1176780120633477,0.16303018222154061,0.24477681364318563,0.32450230154377635,0.21363510457997875,0.20817710089994637,0.15074704893226176,0.19148168818106107,0.3198198100413016,0.34808763799869263,0.32005913818408116,0.31067328063279376,0.20225056173069006,0.21840245950491424,0.1990601033401923,0.15489877912028105
0.2629382304756554,0.11328387263556973,0.15146580529480067,0.28881532746409844,0.19724791352513793,0.21542119141722044,0.22813688711984642,0.1532664193695027,0.11435996335316675,0.29555401157669087,0.3348906287291759,0.41201109216120635,1.0,0.31476250396817707,0.3017698552200771,0.30210199577485314,0.2506472266942722,0.19840418488022632,0.30222826718412693,0.2749417472027476,0.20467832520174306,0.1880159337113394,0.21207443093683198,0.3454422514635505,0.21565240807393463,0.3191545777989849,0.24107971003970136,0.3262308999986142,0.3176416651185487,0.24243534673830486,0.17430572881824638,0.13443723092804483,0.19764854738788515,0.2761348337397955,0.2125885395817077,0.22973209395293392,0.2143317408699531,0.2107791391522912,0.2074353715627196,0.20353096759424055,0.20891615215293535,0.16452366962553547,0.13510976400019664,0.3079742916933155,0.23053460667070816,0.1908492572837044,0.18105378227361868,0.19723157464515265,0.2172142866177199,0.1647589718340053,0.21443574179711725,0.15210746554832177,0.25724177919997343,0.18159341171131282,0.16036151843720892,0.16591189807801424,0.18413094118035844,0.10573228267131173,0.2672925022681122,0.23710165896750943,0.39378042952023695,0.6951454953878432,0.4398726906062052,0.3177147620804621,0.32602876692927224,0.31303836853037703,0.255925645169994,0.3893833437110463,0.19121567587269897,0.2423136834068704,0.2228869052422502,0.18492912126724687,0.20068781262152663,0.24143534277292825,0.28206063347816523,0.315539985369116,0.3460888931107504,0.46057107470539554,0.11939516705529826,0.1498559319329664,0.20130580228323397,0.21452547546550377,0.16968179350359777,0.20359077697175562,0.2591648653422768,0.23449308437061755,0.2920667557902296,0.2668571756669374,0.25428302966490424,0.15953261846333402,0.2716885385752368,0.17024259048332802,0.2582646589425297,0.16130570119282747,0.17028112608589022,0.22653026896582823,0.36064577588183666,0.2868699687168229,0.1997855282728498,0.1795073272758037
0.18387101188821947,0.21127171681986784,0.33349860972068823,0.1888000962430968,0.18230268359674437,0.2424464371611254,0.20540411248195556,0.1530788479123183,0.22165726879915504,0.26410880977627343,0.2544454384176829,0.25273348990675615,0.31476250396817707,0.9999999999999999,0.36657029633038507,0.21408424938414072,0.3180873113510706,0.25401360640704707,0.5758115039394152,0.20066827498670675,0.549210859070185,0.23345639849987496,0.17127496098793718,0.2230969725013177,0.15567663307207225,0.26964414993940067,0.21654980954221797,0.2153316116839708,0.22169108666420456,0.16060914859601,0.21809171854160916,0.1740254242623945,0.24746809049176,0.13039320826029274,0.2083867548013013,0.20369347131008916,0.2071698683897935,0.1986323737621334,0.1444101238329318,0.2756410077407157,0.13556383610477185,0.15962769077184305,0.17318763067744203,0.22769602307143555,0.14967698862126322,0.28679684969852554,0.2001707691415304,0.1574630073659158,0.15732554072875146,0.13799736665964818,0.18579893508259532,0.21687845364390557,0.2192914870270936,0.1424739042747892,0.2366047436075621,0.3059832864865979,0.11536006810134651,0.1554083234675804,0.22451461003477383,0.2923438185550344,0.26473478470755396,0.32738404433653706,0.6275541512390472,0.5669304234693939,0.43198471532523414,0.478988797543548,0.14806436762262495,0.6093342906883966,0.13127442644785173,0.1369270313408624,0.38515063019095386,0.25394429862093965,0.2319612001003321,0.2676930998921528,0.3714244530642321,0.254485692196962,0.3813160103854243,0.20984573887323585,0.15570285714978102,0.12330389735219661,0.22497134394001883,0.09686194583970231,0.15949016879332364,0.1746469892549771,0.23069665127801262,0.17055010646068655,0.289294760309647,0.26691489635362997,0.2281810616331044,0.17435057953578567,0.12743625599684605,0.18363281624044844,0.29201219078991003,0.15074723927732636,0.1226803863966722,0.14973049614237183,0.19136250768812368,0.14380418517143517,0.260784678570914,0.2525305988739164
0.1507121884636669,0.16022261026751877,0.17582616810613924,0.201063686058005,0.18865624155468333,0.14032332679372314,0.23357112256402776,0.18532100976258403,0.17040509943353085,0.3270320459641375,0.2742933197678112,0.32515581214209227,0.3017698552200771,0.36657029633038507,1.0,0.1824842320880471,0.17229995417856803,0.24196492906311282,0.21377816577315356,0.24237075353606577,0.3663622143659056,0.15038249252808378,0.207612135427138,0.19360164905821053,0.226735581128941,0.18259878870227741,0.14121347736330814,0.24561187078803748,0.2917856707823742,0.20097500877917335,0.3351605322894564,0.19842872426345995,0.24844766368319646,0.1826577164714921,0.15251905972745314,0.281751595728355,0.25419443980970846,0.13970278094841784,0.14478932864354413,0.12264437160758508,0.15900354245793635,0.21963338375291827,0.13706377812479986,0.28151028390152166,0.17934981173377498,0.2636579726623105,0.23557697163471364,0.2910458024499475,0.2674802499142228,0.2865161988641681,0.16730769037955387,0.23476996060433694,0.19996022615421935,0.17823591571412858,0.13315910010279886,0.15854134707554446,0.1698792370149353,0.13817100183626865,0.3198357722641128,0.27643676219886254,0.29244850411532797,0.30464521040848447,0.311635733547474,0.40721642415401155,0.38579883419965566,0.758219547755579,0.13037080510600593,0.26191333628188057,0.216389609905908,0.2976694175621549,0.3556908908495373,0.17361362076843193,0.22666491997948143,0.17318561440046765,0.2867529211823338,0.31862991248185607,0.37078858671774745,0.3035698266943423,0.2074965921938606,0.17459615760918493,0.1740985198533535,0.16242566126027988,0.12114948227220063,0.17654005712693766,0.14747597173608618,0.24475516589837565,0.22635350603040258,0.18544639709064825,0.200828287797344,0.12166489706672033,0.09988087053655217,0.1540749568863081,0.2774700305419794,0.1520638166741578,0.1156158376261595,0.14201155714744967,0.31188003274113707,0.295229260861404,0.2027536394025836,0.20757649589401844
0.40406999328263793,0.23450690734575258,0.19708144085174747,0.18287223941657835,0.14038684608384513,0.1441794906121673,0.27635717590277403,0.22001841694034913,0.14040710927344122,0.1477403931364152,0.14658031270058378,0.18908644175912934,0.30210199577485314,0.21408424938414072,0.1824842320880471,0.9999999999999999,0.2336592189385428,0.32180248053597516,0.29663149420009904,0.24501536041908023,0.27573123835844493,0.27329938978015966,0.2397585903693023,0.21175322120046292,0.18461073631480018,0.1874699240322475,0.3453531275472271,0.2517436653966652,0.22221881470032,0.212024704975928,0.14743326315990568,0.3745380684732194,0.47020412165564623,0.277604462373407,0.3162025134932061,0.2638822870246507,0.15809427688858352,0.4182559830059638,0.2783776797495528,0.24786560946225644,0.19126037988702674,0.24506653467639453,0.1863926133448081,0.1514341784006744,0.1658856964921137,0.2651394932871545,0.3207330885992212,0.26685677499188765,0.1350523038467051,0.16250343153290778,0.2783771233360811,0.20112758395151153,0.18542081103069052,0.18582106362356934,0.13760353577104176,0.1433215365006956,0.2743184734994974,0.16675172449904896,0.15444353006794392,0.1490274775074777,0.20316371866448807,0.2685802020344191,0.31438929979709423,0.20000105160899065,0.2070096879003689,0.19110967003848942,0.2750701895469528,0.17788727656857464,0.2242244637670569,0.2953809792622131,0.21730570886482303,0.18119141324852364,0.18281801607842993,0.17410439231934707,0.1721134404770629,0.2021316445283933,0.27541117155441913,0.21382777898857988,0.20255504375260538,0.3420462739984665,0.26525784878439335,0.23653393750779864,0.1534324688909795,0.20265755143441577,0.27783511411479067,0.2001448927048452,0.2003629437434924,0.12918307040374263,0.14440284559355662,0.1601091011602059,0.31945158246603184,0.18462879397656984,0.1736019249587345,0.19451002725450262,0.2403881641571087,0.17128168452790798,0.2474360099156587,0.2805492066360891,0.13565194485730162,0.21879700017687712
0.16939492621113966,0.22636513611630565,0.2868738190510942,0.18600683270785756,0.128664368430654,0.1859924195075931,0.1323031679554914,0.217114230887925,0.17481270593615644,0.22060581807822235,0.18352579383800716,0.20124544312740494,0.2506472266942722,0.3180873113510706,0.17229995417856803,0.2336592189385428,1.0,0.23395608737334345,0.3849240906661933,0.3154405732349377,0.2944248080291988,0.4211883701463104,0.20802375331342446,0.24793838895610387,0.1926054416438198,0.20249550533526264,0.33480389068445787,0.33322947918923196,0.1744979285857493,0.22250618118485485,0.22993346555901173,0.253364001449068,0.170823531851333,0.28583067778635135,0.2871388838381973,0.17295878515542767,0.13765059729748497,0.20319826169981806,0.23117664492618148,0.20058157395444204,0.12776381075396398,0.24753286305336922,0.13477991611538734,0.21248688233942606,0.16889756437725978,0.2654590573597479,0.28582297687518465,0.2594606134656648,0.17494312566568693,0.1722274508428312,0.20185068707088955,0.3283368310368708,0.38376856336733967,0.30413915311565093,0.19424557207087376,0.19387069422103956,0.21656414962227694,0.1305936378565915,0.14901748744907128,0.2151416721769847,0.1925418951004948,0.1491820520892621,0.29445906402592387,0.2252301394242231,0.23935687500652483,0.15079090261109265,0.14500485126550583,0.31744319697454026,0.3107330818745782,0.24184251942560211,0.19842625091438304,0.30147775173664126,0.29703074037646965,0.20439775987877762,0.268497915395044,0.20815695720388575,0.22993200261668092,0.21299691243827706,0.14334234810948707,0.2533481568641738,0.2641229592992767,0.21085687232395678,0.14497612962961123,0.1791301566902722,0.45129960720236134,0.24176322661708638,0.15718775991262748,0.179374253535159,0.1734690554377022,0.12523862574982747,0.29594161920886025,0.2922462975798338,0.2216344075617922,0.2199392876439262,0.20991047504482752,0.2020994250316818,0.17445871753061162,0.23414269670446458,0.18758747815947488,0.15908541421752914
0.24475805152773733,0.2450933324078458,0.2292616224016243,0.1822558092548702,0.187906914658992,0.2075648019012563,0.35491392139320055,0.3408600537602491,0.2027407163402316,0.15647678939669937,0.19041079089230742,0.20976080688191345,0.19840418488022632,0.25401360640704707,0.24196492906311282,0.32180248053597516,0.23395608737334345,1.0,0.3297266320740703,0.33306348149966,0.25938957524163553,0.29946229760451687,0.2758017039288318,0.18268371274576864,0.16160195668996014,0.25919954793086863,0.18333675256009996,0.2009805800881195,0.22552097871761206,0.18002806969105087,0.12643199781675019,0.12203850663846805,0.15777220876975356,0.39000159500289217,0.316687876391102,0.22968260683050962,0.18921542207533507,0.18255442109052006,0.1400876454786646,0.26426602495001084,0.2069430542043723,0.127193192142547,0.21393720589008272,0.16442825996765864,0.17127097257498725,0.1909615594400628,0.20319043336625087,0.1949437270878763,0.19452392885943762,0.20358473845197556,0.22078883450310727,0.18104220944710167,0.16985733769890185,0.20676498277532718,0.21346409311285744,0.2978150022436783,0.3234098898809534,0.19400875800679834,0.1584492688361278,0.13915167640882814,0.17704440203605362,0.20001949559064386,0.22499937378189624,0.1616041532007885,0.2128054788229889,0.20679398947220018,0.2601994353793194,0.3377597662164537,0.35544936238654756,0.5664778634199705,0.2702047631681229,0.32787725484160246,0.23296773675664983,0.1510320317622349,0.3343407296880611,0.20309663820554424,0.2568766007948968,0.23429181030588236,0.15871268753736867,0.1863292696496349,0.43993206294971526,0.23657512814077802,0.20796571846621947,0.3785918490050478,0.27050968670846853,0.28258694382956706,0.20456845327363143,0.2888680852229909,0.24915185049363653,0.20896810501702565,0.18010501139788282,0.16774487240749,0.14327404017934936,0.14637840655488324,0.15265764670177576,0.19974955794825128,0.20519486949368607,0.27096424168311645,0.2191359981588499,0.2437146563254744
0.26147897892547906,0.18177963834865982,0.2436408322997546,0.20486291269917692,0.17112406446294626,0.18228990044332224,0.2508214610696103,0.191915132495019,0.24710070490077143,0.18643344792785974,0.20761707361088264,0.19917203208142842,0.30222826718412693,0.5758115039394152,0.21377816577315356,0.29663149420009904,0.3849240906661933,0.3297266320740703,1.0,0.3124698006528475,0.4346392894944436,0.21564276477114175,0.1824547547914869,0.21110311702818568,0.17471973021549217,0.2064812229954814,0.24369455086740233,0.2848886143583432,0.27020641728200967,0.18183103799239692,0.15988842239864107,0.1889349393769014,0.2646543697175412,0.24597617011486456,0.248551043557932,0.22328495140790025,0.23288593051694492,0.23029748577041204,0.20689717643713956,0.25713031277531617,0.15017616347503673,0.18299706132773125,0.10855263166016155,0.19808221904197396,0.1340472758951291,0.31130880093033536,0.2700040037344297,0.2542197335727149,0.19111848165934625,0.1933113351264243,0.16732079412821882,0.2455178012751013,0.1871734011687813,0.16415529895361858,0.17504405376114027,0.24351027364421207,0.15619091514671563,0.1803231025268478,0.17432399326487238,0.18038404306485892,0.18569737379661297,0.29369293777182615,0.387722033259932,0.38557841833215456,0.3200570769695002,0.2754186952272991,0.1597995604310365,0.5863360206927126,0.20915330529341675,0.23971505015464717,0.3000368896734105,0.263011056592032,0.1854613405894726,0.22224241080221965,0.2794488839531881,0.2247870959608479,0.33556726020104605,0.351460365242128,0.15269652167923328,0.16390168418358392,0.23254989232434908,0.15884796342790777,0.1393052599215168,0.155577916567611,0.3650064576253845,0.21002056423780704,0.2464876545534523,0.27533938290714277,0.26744885703948273,0.10836776737776593,0.17869294734363453,0.1690045007853903,0.22042958463009282,0.15999089861580076,0.16081637342327348,0.12826882260608144,0.25404386120808836,0.2291131134171141,0.18218522027900838,0.26361432734949714
0.2605581758443801,0.1538673907925291,0.24373937078952276,0.1512530768104909,0.15652778883536775,0.16318189531390856,0.31238318424968553,0.19611603057104954,0.16214534219545318,0.19002979111047813,0.1363129512153289,0.17215715751304045,0.2749417472027476,0.20066827498670675,0.24237075353606577,0.24501536041908023,0.3154405732349377,0.33306348149966,0.3124698006528475,1.0,0.33077329818478274,0.18884640394754412,0.2922411712112049,0.23238035602256313,0.27047857775975087,0.16999807651265403,0.2213696171369133,0.24367352460225347,0.3084310370432416,0.22445086623837793,0.28221627908838937,0.20802379886444083,0.18401108760961105,0.3820015529041737,0.2160857654353909,0.29116945037253833,0.16072466034492883,0.169945328517246,0.17135059713754633,0.27103341777533485,0.2379879657190614,0.22679917207956676,0.1157648529619372,0.24970532572499707,0.11389851315001918,0.23749895995021741,0.21011489761807056,0.23857610433759938,0.20420040625922656,0.2004056389310818,0.19355078708897178,0.21682387959916036,0.24169055952955687,0.22540770692639428,0.22940885010292206,0.1942280451597573,0.19488300324111485,0.20097248439425974,0.1571292635694496,0.14980330675609183,0.1655361346015969,0.20007170021215945,0.21265250023752683,0.1745757699310927,0.20943650406563907,0.21897401737804065,0.23986489005381398,0.2254535090553799,0.3030449956387796,0.3582295802457516,0.314853025850276,0.18208958402228387,0.3004486677622822,0.1284640715311455,0.1386755790729184,0.1908864554254907,0.3056996643415876,0.31333500834260036,0.17263387061743476,0.19699729177871902,0.22725463970609472,0.2576828147362012,0.13602548703799855,0.14808153821004685,0.23846382463306356,0.20319441974731403,0.18352083908403224,0.21921868150524346,0.2680409415248741,0.1368341599485383,0.17715667927282047,0.19695195754847533,0.1765229684793243,0.18396518926568373,0.18316844195907464,0.17756630563566791,0.220336926174514,0.26871373057536463,0.17677781738283982,0.20017485611076766
0.22321322623354398,0.23716381882095727,0.3449576728876056,0.17169003552553871,0.16523434505781814,0.2126985799197353,0.19802110234120865,0.19472585992628857,0.14303209357711086,0.17734052737999004,0.18655796861951587,0.17342072509722878,0.20467832520174306,0.549210859070185,0.3663622143659056,0.27573123835844493,0.2944248080291988,0.25938957524163553,0.4346392894944436,0.33077329818478274,1.0,0.21638524511330914,0.1626373496019814,0.15476457991131082,0.17778838961052087,0.15008259249962724,0.3155834349486942,0.22033057038676362,0.2766367659408843,0.21714300682435975,0.21081511534104586,0.14148981862846857,0.30925201442430333,0.11025098626857167,0.1656296541019948,0.2790271355686904,0.20197663237168562,0.12904317650134484,0.13615876901050908,0.17664914224289102,0.17459552640865955,0.17087061758479746,0.15626519562599625,0.14452384757820552,0.08380865130739938,0.34923681746491897,0.24384336996712896,0.2824400144343599,0.19875855184804667,0.11964570672079496,0.1360291957748038,0.30345173656302327,0.20833238661505454,0.11004760181410296,0.2223599371389986,0.26078178566846827,0.19008957458742282,0.19477484883258542,0.16394895575018698,0.23050087833355093,0.15497820588854153,0.15961371376577,0.4013310789817374,0.4195677434897495,0.5647671254785008,0.4946927389981298,0.12551661555834034,0.3973423422304442,0.0972544298741314,0.23033002986761195,0.5821537623761784,0.10456700438419037,0.37205988071120016,0.18151032954091315,0.2305157273655869,0.16292099188954026,0.4208303131818558,0.18274081425679797,0.1951764647270056,0.10155511575497292,0.11549568098275166,0.14314248951646746,0.10204769152054542,0.09158310124653932,0.19587686819429664,0.08655049727889061,0.24876335473603625,0.24389143128583604,0.2076077664378415,0.10846095874335722,0.2078233266511997,0.1585823329430723,0.12684844236473983,0.11461213734863335,0.13056293699217905,0.1723321724697343,0.2120232960068355,0.1765411740615139,0.2219099825249584,0.18700655996713444
0.23619326375366012,0.2141671804755217,0.24903281544741265,0.1820909706208609,0.18004739143663526,0.20673976093068483,0.16565344284405698,0.15760767893686892,0.1783634019287754,0.16637894596225883,0.19235871887802575,0.2200191294112226,0.1880159337113394,0.23345639849987496,0.15038249252808378,0.27329938978015966,0.4211883701463104,0.29946229760451687,0.21564276477114175,0.18884640394754412,0.21638524511330914,0.9999999999999999,0.4727288828194192,0.30929798145174675,0.15597104740074555,0.5405248711387163,0.38377276531834975,0.3782309575283346,0.09855184636109576,0.2644758435762558,0.1475604699740131,0.1977037369424597,0.13543027032907068,0.29580296467606315,0.6414564197487423,0.24447236816594867,0.1445984991730678,0.11334631198045876,0.12394855943327755,0.25358050340211513,0.14508969546676048,0.2726426946704896,0.2664013699846138,0.16663710432059514,0.2695064096357125,0.20325026514216255,0.39432020297316456,0.21649877715698873,0.21168153259595038,0.23565531639196424,0.16258998460991397,0.18140569916262209,0.2037319438080431,0.25207557438445344,0.23893943374363083,0.21016040034370045,0.14818120695883322,0.17698037817607015,0.1895145447028716,0.20136965566501583,0.2154719154394988,0.10522674987286848,0.19839972452955,0.15626588746276532,0.1750242167209595,0.14925242566462404,0.13275400184402256,0.1849310909843643,0.22378133773889794,0.19218387789833702,0.17308364084417197,0.45107038630464624,0.364886033495711,0.16185130364379893,0.2651436547446593,0.2323675184895732,0.19095551871898184,0.22609585978986396,0.14417792654099165,0.16505870479258855,0.354500582664716,0.1595204235689553,0.18902440124035189,0.3924795358301364,0.4279427546656484,0.3377507849100024,0.22322061632396856,0.2555983108156651,0.16582131792925103,0.16022683857000553,0.1467124624007828,0.16142347783101585,0.13249200043293644,0.19170506441270108,0.18481679887520427,0.16152770025622862,0.13015754686630968,0.18003933544778372,0.1924738448214254,0.2460393465883281
0.207900616802694,0.1388562593526418,0.1379219130401357,0.23345973410958532,0.25089475021051943,0.16661667544498265,0.18244360920751124,0.1557210645065784,0.1443601977855593,0.1609715424104863,0.21549631874419767,0.2483545450115271,0.21207443093683198,0.17127496098793718,0.207612135427138,0.2397585903693023,0.20802375331342446,0.2758017039288318,0.1824547547914869,0.2922411712112049,0.1626373496019814,0.4727288828194192,1.0,0.30066712603216894,0.12569280646148542,0.3582563808294156,0.2701989822498694,0.3278945952687514,0.15594445182588357,0.2874100365081567,0.2098826072750878,0.19620870683550773,0.17467149376645547,0.3180380896438727,0.5147023430721479,0.24164180002837274,0.2486599553602063,0.16159809545614873,0.16352056703166934,0.2720216900467011,0.22882174584554849,0.27873232789174723,0.30348986716825554,0.20081088870988156,0.331438756412922,0.16658187715948805,0.3729701621052127,0.3261676179363197,0.22688151790281424,0.16554276559876627,0.20551682681539024,0.14263837879640784,0.14942150050431968,0.19899245022200354,0.21618239769082923,0.1797514538990989,0.13968814135292446,0.19755153726248917,0.2356705897183824,0.1508387314717553,0.1707345080228178,0.20320195222557622,0.1828305578271037,0.21849796829669813,0.17229193660501313,0.18938871353836226,0.15574790204996877,0.21711996268477027,0.224363919319378,0.216137402027891,0.17913776652954883,0.259544910063961,0.305412350689808,0.13269719693203977,0.2138976511906419,0.20392699475845877,0.20863267985650538,0.3192005356400742,0.1699767383130947,0.2041287894342707,0.3091055782057932,0.2095821374641509,0.17570400767706928,0.3481301875069767,0.2794892721016811,0.3432149027579891,0.2554827117857113,0.2608892009652092,0.1286718116718159,0.25172931275347316,0.10944977174410069,0.10694209343841315,0.12789484606722873,0.19638919765866336,0.15800081986448744,0.18074006404306356,0.13351338858827075,0.2113029765137799,0.20732373064837176,0.15985373745505665
0.13511206588511449,0.21401469352917515,0.26648760053304127,0.2656432788243487,0.21269123071317048,0.20196721160958858,0.2702358834495006,0.28319007807169455,0.20361441965386992,0.41229948192277605,0.40631030765546305,0.3783842072890989,0.3454422514635505,0.2230969725013177,0.19360164905821053,0.21175322120046292,0.24793838895610387,0.18268371274576864,0.21110311702818568,0.23238035602256313,0.15476457991131082,0.30929798145174675,0.30066712603216894,1.0,0.3074810466282683,0.4797103187907531,0.17875925981420193,0.32778162102326613,0.2420372925156826,0.2137477613068215,0.25446118029726295,0.20299396723775368,0.09115931297810652,0.2679835964661949,0.22556043370435921,0.2754369039237388,0.1895385510947939,0.15874750111812008,0.2191826380778562,0.48821726970037205,0.20703748278018858,0.28015566541492737,0.23946417102081485,0.3051979551119755,0.1848848343421827,0.2105808921745992,0.21823081628910437,0.19658416769761908,0.16754189801322347,0.1419505421039492,0.3227369904201223,0.20344300128575313,0.17697554688114,0.21420891370423553,0.2552287738216531,0.24335422299207424,0.1861209825419869,0.20434793120500555,0.2683934477203481,0.2822626713263178,0.32730055939746683,0.2845220171003125,0.32959828763365434,0.12248152832735462,0.16326069629150047,0.18758638547543796,0.14854840597441243,0.16152397809417404,0.2251633657908398,0.21862265193474273,0.15685846960670363,0.24082498572040267,0.2869978005750622,0.2103725021366409,0.3343177862669662,0.4146235285030936,0.35353064821572433,0.3002765060310033,0.2606770134702161,0.309506561634887,0.3602697614344043,0.1881314670238318,0.19457934580799502,0.24337732754150704,0.24495779732231118,0.24806809295600657,0.21805675886910522,0.22770436082490278,0.23175902875867288,0.20063757072764926,0.10555438396500684,0.13940266794885933,0.30767618392449103,0.2435845317143878,0.16383667473063074,0.15802928342261624,0.2329538856098017,0.23540791074292802,0.15050363459145288,0.15878044928493762
0.2781811772966451,0.2795114831251988,0.22702489572073795,0.219953245950833,0.10745403380846627,0.21164984807913634,0.2645424321992673,0.350507735337129,0.2895074435750226,0.631258402368188,0.42622072962274954,0.4832040887217803,0.21565240807393463,0.15567663307207225,0.226735581128941,0.18461073631480018,0.1926054416438198,0.16160195668996014,0.17471973021549217,0.27047857775975087,0.17778838961052087,0.15597104740074555,0.12569280646148542,0.3074810466282683,1.0,0.3337944949218929,0.13838147131120077,0.22949494420321417,0.16260907780109854,0.19994330891454418,0.38047160118379536,0.30736904147459193,0.19274593323498423,0.1994617378247554,0.11201353506560824,0.16242887640291925,0.12425277954392959,0.3207673320670924,0.285185626010883,0.24203179393963414,0.15290764248926592,0.37953389015011013,0.1845126718583234,0.4201546484945852,0.19203702304200804,0.25534843616553365,0.18777236184507362,0.26403697760020484,0.09779010487698118,0.14641264422775502,0.44823529429641423,0.3133949661362007,0.34323982301568934,0.24589240088610456,0.15954526918380585,0.2954168081405054,0.29809165121242337,0.24891290099072486,0.48898686568726474,0.394233190182978,0.4980616794074624,0.19265053500974244,0.19470692115698895,0.13791508002012828,0.11847460264702842,0.19540650790644476,0.1190266865174058,0.2007688273366896,0.12873786111137664,0.14050000910535657,0.21360419601826247,0.12191564633957291,0.19681189811513985,0.28650846580317685,0.36641452317145967,0.6293143328177299,0.23284849283141618,0.2332164026404826,0.33359046768911127,0.34406427768210185,0.1853367835151326,0.13411002644464667,0.23321399410511046,0.16566273798768136,0.16794280601175232,0.17151839050369527,0.1619144228122589,0.14363124703874056,0.16204453794209936,0.15661638198341546,0.23037256296660635,0.30642929563461235,0.3717804639043382,0.4510113858119088,0.29914276610389273,0.27435993927576335,0.19663535362708623,0.2152474758147008,0.13970436124306018,0.17297082519498383
0.23212227827763018,0.18523528740314915,0.1884724231986701,0.26233937591267353,0.2878102572787365,0.21058227016315434,0.19655467957160921,0.1782735485549339,0.2523152067866009,0.3839821392307234,0.4875815201378532,0.5639959474593417,0.3191545777989849,0.26964414993940067,0.18259878870227741,0.1874699240322475,0.20249550533526264,0.25919954793086863,0.2064812229954814,0.16999807651265403,0.15008259249962724,0.5405248711387163,0.3582563808294156,0.4797103187907531,0.3337944949218929,0.9999999999999999,0.19837520454356575,0.3501737825585179,0.1414297638509325,0.26198532359814847,0.19365021779133873,0.1646733348023429,0.13515647030284875,0.20559447949355614,0.4357598948993408,0.2500158238104379,0.16155021932919658,0.16323254239230142,0.12782804152824537,0.3015565393710096,0.14059329481189267,0.3171335148742774,0.27754203404431466,0.34612438658255207,0.20873961673377775,0.13508496859203611,0.18841570726214685,0.1089016388294259,0.1552284971151966,0.1738910420376704,0.24943733695972298,0.13515242710434433,0.16983657311619718,0.16405772754291173,0.2715548300108401,0.30837425335808044,0.12607136518785061,0.19073472812458575,0.4347051250643301,0.3670525490708746,0.4587094085258184,0.2548219418602982,0.2518062325618283,0.16291461168725577,0.1827307039127897,0.18309675531201106,0.18189332481379483,0.33648793565362795,0.23330155251000853,0.2363911811616671,0.17190540006132046,0.3596100556791445,0.23913277619304232,0.2239121993746516,0.543116237233497,0.502389452995732,0.2671540732872386,0.368074304569504,0.20618586013646956,0.15275292343537059,0.40437557627922127,0.1783473358752489,0.18234743923339064,0.3209549102717566,0.27899557395107816,0.23050392328806735,0.25395505692535847,0.42765037957936997,0.20954861704549935,0.2694467674294723,0.1299542965948187,0.11899950810666034,0.2185571442988525,0.24939089699619785,0.22280424487622053,0.2698309129076324,0.17004271092910894,0.1482370250177337,0.20630151194430416,0.23541459555693223
0.2147215249801894,0.17437946813253352,0.2059242177507045,0.16258100767467998,0.1700638797354171,0.19586897885845123,0.20812790500161818,0.20991473356195922,0.13629274216551562,0.12775857872649843,0.10853789691584137,0.12179917380550619,0.24107971003970136,0.21654980954221797,0.14121347736330814,0.3453531275472271,0.33480389068445787,0.18333675256009996,0.24369455086740233,0.2213696171369133,0.3155834349486942,0.38377276531834975,0.2701989822498694,0.17875925981420193,0.13838147131120077,0.19837520454356575,1.0,0.31875425569531884,0.13092457365885676,0.3364008260440927,0.1613275182868423,0.2016567111793077,0.22968472442590598,0.23064317041278617,0.4362451740053296,0.2752080684677206,0.18942597274429304,0.26250595824823536,0.19789835100224515,0.17388012946412007,0.24501492810355818,0.3039406209239626,0.35776783857482697,0.1525743317105336,0.23912982436840868,0.44346633724205325,0.43719451851243846,0.38012696992914163,0.1978223850178397,0.14797588558928176,0.16080282929785894,0.2419786374886424,0.26274217128989696,0.17130455950066545,0.16002853672594128,0.22813431309249066,0.24350072497259853,0.12252790421404755,0.13844889541009228,0.16045020301550506,0.12650545971032937,0.1626155007375047,0.29569058145492433,0.2805156316746744,0.3061594593370683,0.1760980929982761,0.2494047252677215,0.18766384251060544,0.17961635828828337,0.2074236666654317,0.2538436568757873,0.1631085082812842,0.35150945240829506,0.18709482830972743,0.11660362631118948,0.13306936736658678,0.13595747990166174,0.2164573392265682,0.15421094658027498,0.18924535277340304,0.1541941316683382,0.3161362344002392,0.22387032453943922,0.15378705772547568,0.35772905230622576,0.18187025216692196,0.15253647958913796,0.16630613121048377,0.14200411088340395,0.18415356888043277,0.3856969792940403,0.2985059337273641,0.15417243441706074,0.20065289912636156,0.3051839634858224,0.248230111433161,0.21952468258171826,0.19670148852083216,0.2770722151083636,0.1406864370902202
0.22176228954943525,0.19324387300368284,0.26039110585732816,0.21508692294255746,0.21973151287193765,0.16206517903101936,0.13461030210330074,0.19639398314001602,0.19453867779701603,0.2581312214295432,0.26455375689458244,0.2294493740939135,0.3262308999986142,0.2153316116839708,0.24561187078803748,0.2517436653966652,0.33322947918923196,0.2009805800881195,0.2848886143583432,0.24367352460225347,0.22033057038676362,0.3782309575283346,0.3278945952687514,0.32778162102326613,0.22949494420321417,0.3501737825585179,0.31875425569531884,1.0,0.15516394104518455,0.2851382137788462,0.1941774756702891,0.18452500546057826,0.2337902377929053,0.29108520782108704,0.3923975160504114,0.22728221860949752,0.17689457889959465,0.17282760151901733,0.1412338715716159,0.26259030640762016,0.14276032229022878,0.2414446027651884,0.2149795904846691,0.24084468975481488,0.20003272276070483,0.3440481316109802,0.35485976715633294,0.26097142792576844,0.13037088635915633,0.154989352812982,0.188564968261132,0.26670825376527973,0.28810148750952214,0.2619617880637461,0.2233115984847861,0.2099361354955547,0.1894937629813781,0.16349398715106048,0.19639627890240427,0.20830174548364996,0.18297733575388475,0.21164726438557577,0.25995045820483,0.14864278754307847,0.20237357307776738,0.1785741853829788,0.17796527800318884,0.19510733345336168,0.1919680935050431,0.2451913020260072,0.1750298258573291,0.18281290648627896,0.26781945266614693,0.18140306119373106,0.19550767413031914,0.24145630412766408,0.26157350698104187,0.2919160407869992,0.13388214042170563,0.19727769268833184,0.28999487274451086,0.16340710100483488,0.1356024003088062,0.2135860076890872,0.41344414686748115,0.20487453925334848,0.15224931203737305,0.3797436150863846,0.1452087693921125,0.13479380046309675,0.1874131808889544,0.16846393037710386,0.1845322159123444,0.231022518809205,0.122604252408688,0.2035638088672342,0.1789095710004039,0.19293609986165944,0.16342570157700087,0.13375331394017542
0.3002418159937802,0.15486235107367904,0.17962851408710542,0.17648201607493624,0.11754445210068816,0.17272945401041664,0.19991388487261758,0.1596060754504951,0.12324685794932787,0.24614563724395994,0.12930952447476934,0.16380290630885283,0.3176416651185487,0.22169108666420456,0.2917856707823742,0.22221881470032,0.1744979285857493,0.22552097871761206,0.27020641728200967,0.3084310370432416,0.2766367659408843,0.09855184636109576,0.15594445182588357,0.2420372925156826,0.16260907780109854,0.1414297638509325,0.13092457365885676,0.15516394104518455,1.0,0.1868504433895408,0.22155292544781427,0.13143036811953487,0.22416571550302852,0.25362898417875807,0.15154808406533735,0.30765598167847275,0.40967645500730027,0.21286581383213915,0.1922567609381921,0.1580175202527548,0.17639010055852936,0.17277244929673735,0.1426301394194425,0.24876318708637407,0.12082028962362398,0.2597259409798069,0.21736155052883105,0.23135131848545945,0.17727621415175204,0.3089888891068001,0.1903670305887264,0.21178241116301727,0.1521096507264161,0.1709425295406512,0.13556155386215113,0.09899094204817997,0.1691398611765924,0.1704696756648564,0.21501620543859684,0.1307948629223267,0.15763211518100007,0.25888644402222,0.21657991910837196,0.22905344399368802,0.27763299858242846,0.3097494833934664,0.17804595336520873,0.1884687452386609,0.24655982713560615,0.23267355871981654,0.26988136286022757,0.13157186853075248,0.176339070349262,0.16300061585346057,0.11006658939351993,0.18754591491294634,0.5968653372105872,0.2698780120381843,0.11282161282643227,0.13466042414583873,0.2327557930233277,0.185147176864286,0.1307713542526903,0.18130891503458332,0.18205043906325227,0.20162985991585505,0.43171324168988057,0.14406666933738085,0.23492557999649147,0.13167360638195316,0.1520216285610284,0.18679258707596363,0.2328433374753059,0.13238449689557027,0.1496754266364207,0.13973267330813113,0.3560062703936754,0.22360873347250398,0.17025896473162724,0.27612402396552205
0.16651913154449127,0.23740914360973533,0.18239284032851977,0.17100227139372148,0.17169859992297443,0.20202433975425907,0.18261901851144746,0.21952809141618762,0.19372841478551703,0.19263625173889623,0.2329951298230961,0.2552006104235425,0.24243534673830486,0.16060914859601,0.20097500877917335,0.212024704975928,0.22250618118485485,0.18002806969105087,0.18183103799239692,0.22445086623837793,0.21714300682435975,0.2644758435762558,0.2874100365081567,0.2137477613068215,0.19994330891454418,0.26198532359814847,0.3364008260440927,0.2851382137788462,0.1868504433895408,0.9999999999999999,0.20255404878187608,0.20720399852556423,0.17086852799571073,0.24126334797818116,0.25516447010473337,0.2288190126389986,0.26622451572506733,0.20468162106674112,0.17802162622268727,0.18302096855138128,0.19216223215930853,0.19516602650990456,0.22498777078211918,0.1895842787576791,0.14687544866052143,0.3127522252319648,0.3834434320112215,0.3008647940853795,0.23842764118007523,0.12933365364484403,0.1766825272030138,0.24822700651572638,0.32613253368882844,0.16134277020323423,0.15581372541915792,0.22048079357909414,0.2442397334128855,0.19011395381995894,0.2647613671108207,0.18279511720958155,0.22098434339520595,0.14296936318787787,0.12314824525171764,0.15094016974280788,0.21440778478182326,0.14849288767649194,0.2444504908467259,0.19757721024862052,0.25997455206360964,0.2544977459298277,0.18371511360107318,0.21458058376875358,0.33434771290426374,0.25232243051548375,0.16245859506213847,0.23013833825033017,0.1805568102835312,0.33044246551556566,0.1360160927642105,0.24285595397165946,0.17955138086392478,0.284304351023083,0.1283424224783451,0.22949321855316612,0.18169299939242123,0.23204039581646083,0.20856466180937044,0.3036552982011463,0.16007182326058056,0.21853450295299062,0.19318672840515094,0.24024917276191604,0.19221978528073716,0.17314368359776522,0.22141248861468316,0.267800057801666,0.16796972171981442,0.20797491100320273,0.3150823310393125,0.13764084512056005
0.28482314206231496,0.29327764945265317,0.2400554103871228,0.2195845626083405,0.14640000370190653,0.16364874438004037,0.26628316594806284,0.3350358265346248,0.18659677993896498,0.37177740841526713,0.2788008208654507,0.30896486224436215,0.17430572881824638,0.21809171854160916,0.3351605322894564,0.14743326315990568,0.22993346555901173,0.12643199781675019,0.15988842239864107,0.28221627908838937,0.21081511534104586,0.1475604699740131,0.2098826072750878,0.25446118029726295,0.38047160118379536,0.19365021779133873,0.1613275182868423,0.1941774756702891,0.22155292544781427,0.20255404878187608,0.9999999999999999,0.2910017074138605,0.20195079232039748,0.22641839321748253,0.19264249837433642,0.2384266483202791,0.22030196458071216,0.26736181563222966,0.17362814732358178,0.2142165145004721,0.15008542174678624,0.4084968126370178,0.19801325515125615,0.37302607655212916,0.24774168535602933,0.2795743549051548,0.23357770777852166,0.3677817634844287,0.196073576023117,0.20131100691552323,0.4774635137928678,0.36330847140825767,0.3521849303730755,0.2308834308598476,0.1503479609910352,0.19069671073043895,0.32508935406802203,0.17973459999431948,0.3702540379303635,0.33090582471069757,0.3501909029556748,0.19452134779389355,0.27303172893861977,0.2822832796545146,0.24411861675582366,0.31721994068924464,0.10818549418011734,0.25490549088481335,0.18170534466409663,0.12448686773397688,0.2489415092797545,0.13958580931986825,0.16017779708993352,0.19660344594124599,0.3699066940475776,0.37724800402781483,0.22118434931208697,0.1621374949609803,0.48217220228027885,0.37895850340060766,0.18071999147076862,0.13688350332523383,0.29195383757403404,0.1325038044332019,0.19637941396505706,0.23048863369894523,0.2256565812820282,0.1801609386639146,0.11858136881778898,0.14774927890051676,0.23893222444335616,0.3244791607052507,0.3234238638104154,0.45332683630118537,0.3095803602561425,0.38127440792614875,0.2292909784526864,0.24733922847057904,0.19107308968651857,0.2014294756156626
0.34217065058541946,0.1915899115962338,0.11337986923724268,0.14936204812703976,0.16451839587966283,0.1066001259599041,0.23748761552483708,0.264328334015454,0.13732433970456592,0.24067242588487822,0.14723115656810512,0.2379286046015767,0.13443723092804483,0.1740254242623945,0.19842872426345995,0.3745380684732194,0.253364001449068,0.12203850663846805,0.1889349393769014,0.20802379886444083,0.14148981862846857,0.1977037369424597,0.19620870683550773,0.20299396723775368,0.30736904147459193,0.1646733348023429,0.2016567111793077,0.18452500546057826,0.13143036811953487,0.20720399852556423,0.2910017074138605,1.0,0.36305338649245544,0.2201646359858865,0.20840288213576183,0.15832085395055057,0.12220595301334519,0.5160189356376403,0.32698054748902733,0.1531838921548304,0.1413871619388186,0.4446731344876791,0.16547603530811678,0.2039623436659706,0.20167529966112632,0.18900626786919245,0.18008016715638753,0.24317820278742905,0.13006529945251508,0.18451812920845664,0.33882518462011724,0.18517618102098768,0.24836433760158422,0.2587120474766941,0.11820776327745083,0.10477546109730274,0.306584475138951,0.15410118635647954,0.2625405609265526,0.18044953583600112,0.2531519911107419,0.12658664266663963,0.14551688508041638,0.18138569822286063,0.1358644967396855,0.11333915446947404,0.18628443493404656,0.16956990777855277,0.2251500820054396,0.13163431294219025,0.11214345321911065,0.17415696073120074,0.12397163111499468,0.15014494073378004,0.22857861399015522,0.2619684362195421,0.13351390804801277,0.14076805112134605,0.3348308385329253,0.6244946936873242,0.19502501860860594,0.2255144357756958,0.22936373733613177,0.18670739509655823,0.3213529382376749,0.24713658206538128,0.12735969885623386,0.20494865939947463,0.12226242211393078,0.1533983196005649,0.3419800647657031,0.2491654279051817,0.23751581154538734,0.3970885894086431,0.358626690112771,0.15268580140872592,0.17618975806831133,0.2410446427946534,0.15260302840781914,0.21093404062833618
0.30617677326962583,0.1716414635863176,0.1528383024690139,0.11249831792377785,0.20869864506291155,0.0800084624587261,0.12156645868191837,0.19995934525177053,0.17123870528713198,0.1188956575603764,0.13299284883955687,0.1390993371083221,0.19764854738788515,0.24746809049176,0.24844766368319646,0.47020412165564623,0.170823531851333,0.15777220876975356,0.2646543697175412,0.18401108760961105,0.30925201442430333,0.13543027032907068,0.17467149376645547,0.09115931297810652,0.19274593323498423,0.13515647030284875,0.22968472442590598,0.2337902377929053,0.22416571550302852,0.17086852799571073,0.20195079232039748,0.36305338649245544,1.0,0.13019023367389418,0.1531614994323083,0.20843219667422452,0.2184758357650824,0.4627295864171459,0.335646031630937,0.1076271925925128,0.12376759984363561,0.22801917951229406,0.250118651100921,0.12655222044216752,0.20548936036105772,0.24487786945010556,0.22276171537631767,0.23010155012663217,0.11469947195206842,0.14490166014951328,0.21044319135642373,0.14594328748487764,0.15293571463121977,0.10486782359131729,0.12045960762818696,0.14341566798726874,0.1990220999937167,0.17629786473611642,0.12458295324088615,0.14741480472321392,0.18800368694509662,0.24389104951644544,0.2895060132578336,0.25242501265368583,0.26648228674492663,0.25214967304833874,0.24117382627539374,0.20174085637005276,0.12474620264406147,0.13045857358969742,0.2673185389406452,0.14056454613913985,0.16898418532748175,0.1745553532194313,0.12968601544734762,0.19833894837022492,0.24160314432069435,0.1343311209975152,0.33111153761407486,0.21520458133904696,0.19238944755119047,0.22059075075147372,0.24550443500224664,0.1265906621889358,0.26122487571786585,0.12762789938694963,0.19991977442353417,0.22401302585832325,0.06831371068993555,0.19132908086314246,0.3544591770918747,0.13929542411750673,0.1317725482619821,0.2380764877555336,0.26083802394157296,0.1369871231642983,0.25259428742638224,0.21354808877185552,0.10881353450421312,0.17082871650378678
0.20790895432860065,0.1436795266402475,0.21882200702258495,0.16239698594985327,0.1713483977077151,0.19460057346501156,0.25508635378857003,0.22966092665390397,0.1877465814238839,0.17808217246938987,0.18221883328489719,0.13230445251971706,0.2761348337397955,0.13039320826029274,0.1826577164714921,0.277604462373407,0.28583067778635135,0.39000159500289217,0.24597617011486456,0.3820015529041737,0.11025098626857167,0.29580296467606315,0.3180380896438727,0.2679835964661949,0.1994617378247554,0.20559447949355614,0.23064317041278617,0.29108520782108704,0.25362898417875807,0.24126334797818116,0.22641839321748253,0.2201646359858865,0.13019023367389418,1.0,0.4786083317653555,0.2833371749290324,0.2537787118049841,0.13652848519678826,0.1915350655002026,0.2268219069799488,0.30675474482069587,0.24448679842983587,0.18538806492567284,0.21566963039643533,0.21509823061887073,0.21515732723782827,0.47925553022082423,0.3125334726327907,0.20060841658545098,0.20256524143482793,0.17478545387091352,0.21404817538243115,0.22902428484577794,0.3433118682647045,0.24518710989067924,0.12358176259437335,0.21956808436362565,0.22445536859181292,0.1523999207428091,0.1979554044561172,0.1972780816562572,0.23011215820838418,0.14268921455189,0.1282201525371258,0.10830989296458915,0.17569414903722072,0.24303568106410772,0.17134084789711157,0.4991844085375454,0.4219686481073401,0.10375655812297285,0.2563405146335683,0.1786668560376235,0.1662895062033753,0.13085939766555055,0.1948504645362756,0.22443501577780822,0.17351859899748268,0.21695317247664012,0.27608723026306964,0.3422158398366083,0.4394112746619381,0.17898988343023073,0.45460617237589873,0.4367890854193506,0.5467116586630262,0.3153128267845927,0.24448736722484402,0.2566498597603201,0.21607913242912086,0.20937409633554377,0.2043518446156702,0.2248354168388553,0.22239235767492432,0.14464466130519202,0.18500009946162732,0.2029848026773628,0.4797089478439668,0.1896604884498239,0.2262300115676482
0.28171355412801563,0.1376982973577943,0.18125973171276505,0.15376823334976375,0.19644143616880647,0.20046330623745387,0.23482867935036386,0.16944196994871163,0.18530722634607075,0.10337915052058505,0.17159924325118822,0.17056554146704886,0.2125885395817077,0.2083867548013013,0.15251905972745314,0.3162025134932061,0.2871388838381973,0.316687876391102,0.248551043557932,0.2160857654353909,0.1656296541019948,0.6414564197487423,0.5147023430721479,0.22556043370435921,0.11201353506560824,0.4357598948993408,0.4362451740053296,0.3923975160504114,0.15154808406533735,0.25516447010473337,0.19264249837433642,0.20840288213576183,0.1531614994323083,0.4786083317653555,1.0,0.23173715295272612,0.2036202419204219,0.18074338336982532,0.12069808417862563,0.21708492896335002,0.21459958243359048,0.32189061269372565,0.3255526995613319,0.18194524678100352,0.33451407454635407,0.20014695159083998,0.5592267899481158,0.38088760892453977,0.19696618652713294,0.22764457831928936,0.17938151552815376,0.16096113950796975,0.16459105056917087,0.24523856854925602,0.23810095320683367,0.15286271086887773,0.1602777076111516,0.19548185584429636,0.14693057108160443,0.15743181734640424,0.15756500717599609,0.1985155092321004,0.18464417416524476,0.1993561560894919,0.2016457081491058,0.15083430770126477,0.24226992905383823,0.2196140988262056,0.2927614094025344,0.22084792295530403,0.1442992540107552,0.3402308315320271,0.29143019033670575,0.1257952570942155,0.1968867212777286,0.15714921649605912,0.19828426798609017,0.2710125501494233,0.20524953150033945,0.187135386125085,0.35668105415376233,0.3063886173720678,0.2262140580739481,0.49881964993623096,0.4732882475135064,0.455085793134642,0.2504075259770391,0.29611143024096576,0.15055561685587573,0.22958933697972697,0.20185114060101586,0.1268349047666213,0.1408861602416108,0.27471933346099403,0.19351197091413017,0.18376522100576845,0.17682491649194357,0.30407805495915163,0.17658209027176253,0.25747911915569366
0.26355142651386143,0.14007558946396897,0.31835387579358854,0.27952269633442745,0.27713058661308976,0.23695708526272483,0.23625386204053345,0.23644158533887924,0.19322483377078423,0.2190668318173006,0.23252252301108217,0.20559558006256157,0.22973209395293392,0.20369347131008916,0.281751595728355,0.2638822870246507,0.17295878515542767,0.22968260683050962,0.22328495140790025,0.29116945037253833,0.2790271355686904,0.24447236816594867,0.24164180002837274,0.2754369039237388,0.16242887640291925,0.2500158238104379,0.2752080684677206,0.22728221860949752,0.30765598167847275,0.2288190126389986,0.2384266483202791,0.15832085395055057,0.20843219667422452,0.2833371749290324,0.23173715295272612,1.0,0.30687057447254756,0.1775892901396782,0.13565398946228105,0.2679386151392385,0.317726976094677,0.2288836844199363,0.19646994961801037,0.3057022585510048,0.15175773352937663,0.3207692656708278,0.26607124235379953,0.23971688001249253,0.3259026610444775,0.3009838345569014,0.22445661068143777,0.2797989730722521,0.24204729922358273,0.1138619283738584,0.23681745603165427,0.17953087876910856,0.15709228602452227,0.16415798103794457,0.26863086178843376,0.21917575110156293,0.2229631154069039,0.18676892038250614,0.2744485337430724,0.1894753005539214,0.2161315322883957,0.23816421811942365,0.22882009956728788,0.17821389133254908,0.24030354466003578,0.2942827931862802,0.22486367908860574,0.13922600345408553,0.17901323367316113,0.1424816137205075,0.2229537144510835,0.21351829683344575,0.31110531486047593,0.2412594132480682,0.13879626401420586,0.1997676929070107,0.24718536151852522,0.25042844830830635,0.19083348675835748,0.17868068592935318,0.24658164114337114,0.15807672521435273,0.3089217635512194,0.2023123208690878,0.35880646323078613,0.23853442300538588,0.13490691479251096,0.13219020556987895,0.24429393080914508,0.17908178590075438,0.17518669321343885,0.20576218222767304,0.28602958515555343,0.2066367322823609,0.2383602608767443,0.26243808250480877
0.20150402110570698,0.20766972363287636,0.22512431132961971,0.2366959983615341,0.2373314881935941,0.22242608669912628,0.2170333249233459,0.22453950216713547,0.20699316153152317,0.2243046226369569,0.19574821220170555,0.2093181502381717,0.2143317408699531,0.2071698683897935,0.25419443980970846,0.15809427688858352,0.13765059729748497,0.18921542207533507,0.23288593051694492,0.16072466034492883,0.20197663237168562,0.1445984991730678,0.2486599553602063,0.1895385510947939,0.12425277954392959,0.16155021932919658,0.18942597274429304,0.17689457889959465,0.40967645500730027,0.26622451572506733,0.22030196458071216,0.12220595301334519,0.2184758357650824,0.2537787118049841,0.2036202419204219,0.30687057447254756,1.0,0.18726782418960425,0.13717711377948383,0.1634411801951383,0.25982230312563087,0.20594601449469468,0.21801623394847805,0.28336192281036937,0.19379877903639184,0.25651430723844454,0.25979387518415953,0.2737635246934413,0.3546786351889664,0.4160718294215313,0.14306017791374073,0.2606665432048574,0.20144534913788312,0.20031760628726258,0.13201008942178055,0.1652025963868005,0.2407457628471829,0.2347324750676074,0.2875021252900228,0.18076276941403774,0.19627359860457086,0.23008026457498518,0.1686113930241262,0.23669339636490735,0.2657014092696265,0.22488402534973947,0.14204962762075268,0.24394874824007762,0.18837921255557916,0.17532747221670736,0.18810243758816403,0.15560255798456216,0.12296683730194927,0.24534240534957819,0.16030828481041862,0.18504915061273214,0.3422222081393366,0.22749367685323663,0.217128850614767,0.1375390354926235,0.18578187228984408,0.1584271113770926,0.17104232138070471,0.15783425757912672,0.18757836490791305,0.21636073131557723,0.6830997240295593,0.2867469712947536,0.2541952047135727,0.15528090743308323,0.14354757032246943,0.2165976447071644,0.21236421437096642,0.19691453736414868,0.23129745154009335,0.24258250694958952,0.2904283913276322,0.1997058621391101,0.36986004666228367,0.45491623842821566
0.43210608445102117,0.3173623547406912,0.19165280115484493,0.19577824647627895,0.13109136548606404,0.1864519470913211,0.22233275548932002,0.2714896538108884,0.2979886269541872,0.3056499268250386,0.2302275175002719,0.2881625498950357,0.2107791391522912,0.1986323737621334,0.13970278094841784,0.4182559830059638,0.20319826169981806,0.18255442109052006,0.23029748577041204,0.169945328517246,0.12904317650134484,0.11334631198045876,0.16159809545614873,0.15874750111812008,0.3207673320670924,0.16323254239230142,0.26250595824823536,0.17282760151901733,0.21286581383213915,0.20468162106674112,0.26736181563222966,0.5160189356376403,0.4627295864171459,0.13652848519678826,0.18074338336982532,0.1775892901396782,0.18726782418960425,1.0,0.5430300613017163,0.19606292187901023,0.21582224668053024,0.43633794106380125,0.35566861478279543,0.4136912749674365,0.23863251828683973,0.19392376277691922,0.21604066011307146,0.25076211625493405,0.16752574829803546,0.1892093741160581,0.3084550568716212,0.23799089873581825,0.28081765348058846,0.18901717024343756,0.1073045588097608,0.22882177582006746,0.29198662156075933,0.20978074522126253,0.2921980034280773,0.2560857908835597,0.34614179538416806,0.21059295423362345,0.17125064709714866,0.27360061680833636,0.21069098168570516,0.11027110992315876,0.32379689777478726,0.25712779518123186,0.15360837579152625,0.17923942587582092,0.12925311067528705,0.21474466601799627,0.14450308142131538,0.29029935802846935,0.24406180897401625,0.34576441745235514,0.18879589085783832,0.214359134843211,0.36134446220176664,0.45226808193948587,0.2284533066339802,0.20852557542822023,0.2987342258963128,0.13024912834209482,0.165922707192095,0.14015047048991844,0.14912530617317546,0.18360197851989724,0.16179648877362315,0.2697285175141586,0.42943561973974664,0.2846758922211088,0.37090869725205855,0.4407003717360415,0.5225969483159139,0.34217152339777357,0.21417219314448754,0.1516247050241434,0.1517709877985195,0.15162581677707668
0.26190550597328754,0.29759137417566395,0.14156898921236857,0.18461225051887836,0.17692280328366375,0.1982754056836129,0.1816029940958484,0.21060170903949477,0.22990251874418388,0.2400325035772275,0.214829929937518,0.18113066423326604,0.2074353715627196,0.1444101238329318,0.14478932864354413,0.2783776797495528,0.23117664492618148,0.1400876454786646,0.20689717643713956,0.17135059713754633,0.13615876901050908,0.12394855943327755,0.16352056703166934,0.2191826380778562,0.285185626010883,0.12782804152824537,0.19789835100224515,0.1412338715716159,0.1922567609381921,0.17802162622268727,0.17362814732358178,0.32698054748902733,0.335646031630937,0.1915350655002026,0.12069808417862563,0.13565398946228105,0.13717711377948383,0.5430300613017163,1.0,0.2848633832127728,0.3673775248273997,0.4224908676947389,0.4435609286207771,0.27113311025710674,0.30519665744166147,0.20277177081628764,0.23369133644091097,0.20863400204545599,0.23802632440019067,0.2589846239392838,0.28884813415703375,0.2084037551787404,0.2387693908262834,0.2095769128484184,0.16176289365520244,0.2230992757593232,0.21322689820931923,0.16237804263026734,0.14745865108475933,0.21287961636481234,0.22140205624939413,0.2114239874627042,0.11145382041438825,0.2200340385309574,0.21102112171190965,0.1426144799645264,0.35218599875294115,0.15698011981662977,0.15434471959649854,0.17598543138345513,0.15847410077993113,0.1992694086508304,0.16354644602349824,0.3530119723302105,0.11295206055269581,0.2650201806402782,0.2041040123187645,0.1518426611962581,0.3050423463706386,0.3169024999858363,0.12315713787382815,0.2393232105893709,0.2677590714806912,0.19976333569654767,0.14190365447162434,0.20068097546491107,0.125529065798391,0.1453928363176823,0.26860844665882333,0.40845000532356124,0.3171378779204462,0.3012785708703766,0.4732791981233864,0.3764080535822433,0.4720901253980198,0.23596987198550246,0.26204104893347113,0.15777764446703876,0.21907596131661403,0.14435476212389048
0.1084361821733727,0.24035334950567522,0.30074005529833775,0.18241675828490775,0.1984707474712431,0.14676268658017885,0.3122205751441557,0.2242157718152993,0.17521262992726414,0.2917014701424599,0.2822513728731374,0.22244782874144228,0.20353096759424055,0.2756410077407157,0.12264437160758508,0.24786560946225644,0.20058157395444204,0.26426602495001084,0.25713031277531617,0.27103341777533485,0.17664914224289102,0.25358050340211513,0.2720216900467011,0.48821726970037205,0.24203179393963414,0.3015565393710096,0.17388012946412007,0.26259030640762016,0.1580175202527548,0.18302096855138128,0.2142165145004721,0.1531838921548304,0.1076271925925128,0.2268219069799488,0.21708492896335002,0.2679386151392385,0.1634411801951383,0.19606292187901023,0.2848633832127728,1.0,0.14417713246977587,0.2096851321763442,0.21324724571535256,0.20713663067576124,0.2027143559637626,0.2111621502884169,0.23877391199168396,0.1522401657725179,0.1366944006442471,0.1193853456855413,0.251696167830437,0.2164093903909403,0.19329824861144132,0.18683767968807444,0.22708081683621054,0.3402759499949677,0.1428595859152793,0.18584784741565696,0.18981992313308604,0.21359677807726885,0.2556252983025786,0.22539190544780413,0.24401397407477682,0.12665622951203961,0.11535136529774867,0.1396521299017192,0.26678549139281105,0.23127252275295473,0.2115911381303659,0.23277699242748084,0.1249386841195873,0.196113905957398,0.2125650575710586,0.36060290097905295,0.2659560407202644,0.24741497604880267,0.28706833276666066,0.19541149551387274,0.20747536420913837,0.2796661302385735,0.26366060429925675,0.1951160181489183,0.20179083065734374,0.25510591262020227,0.25675418207756695,0.21219600508332243,0.15396099244826372,0.1872458177415641,0.23557607647437961,0.25172379866801575,0.13568774357303726,0.2390604396889885,0.33427562954326456,0.27380303347770024,0.17059818507508293,0.1793535787156607,0.1408606080856254,0.15815473140958103,0.17341667301846894,0.12682634771411821
0.2989641170513593,0.21738057628711666,0.2178346152185269,0.15379766398990768,0.11073111686302246,0.24755595422956247,0.2638900723570453,0.17217884480185394,0.13560794336011525,0.16227078033187348,0.153417758920714,0.12796547784880904,0.20891615215293535,0.13556383610477185,0.15900354245793635,0.19126037988702674,0.12776381075396398,0.2069430542043723,0.15017616347503673,0.2379879657190614,0.17459552640865955,0.14508969546676048,0.22882174584554849,0.20703748278018858,0.15290764248926592,0.14059329481189267,0.24501492810355818,0.14276032229022878,0.17639010055852936,0.19216223215930853,0.15008542174678624,0.1413871619388186,0.12376759984363561,0.30675474482069587,0.21459958243359048,0.317726976094677,0.25982230312563087,0.21582224668053024,0.3673775248273997,0.14417713246977587,1.0,0.26183800221607817,0.47934409015296175,0.22749874310102938,0.2622921224403639,0.31783598112554584,0.38896538151150173,0.2843122531640766,0.37660712490769965,0.5210580542193953,0.20323288497814687,0.1996385323849564,0.15539423931667318,0.1497647997697681,0.21210602340154222,0.19150202326433752,0.19946641479595872,0.2243948093163514,0.11757829340133943,0.13843857656663963,0.12319996471030857,0.16077641020590502,0.15849244137127783,0.15840756111534035,0.2784761207070906,0.18581670431702765,0.376032844375231,0.1277251794767795,0.2588144771930038,0.2647179624677797,0.28517291038661374,0.2345124556624374,0.23011371099500752,0.21969885996317526,0.12471940406237943,0.1636935757107134,0.19988815124634293,0.17763739078668256,0.14451967319378395,0.16243479089608417,0.2234837232806218,0.4257397505966333,0.19498939288246966,0.2706640782872934,0.11615263921507146,0.33321214100559243,0.28540623935735204,0.20302467629317097,0.4425408432910411,0.44434844146183666,0.26219192128694735,0.2369757044896996,0.19368655183562258,0.18940452802641317,0.2896681543232844,0.25962874946511383,0.2937948627968315,0.3122725386768617,0.30713703918488044,0.4014602191452978
0.36820778078539734,0.20625574355567022,0.18626285913253565,0.1641036085850461,0.14462956473507796,0.18346177668290006,0.27696967775084713,0.27543515217693254,0.2161015041073055,0.375946163567755,0.30305278821656795,0.3682154339670912,0.16452366962553547,0.15962769077184305,0.21963338375291827,0.24506653467639453,0.24753286305336922,0.127193192142547,0.18299706132773125,0.22679917207956676,0.17087061758479746,0.2726426946704896,0.27873232789174723,0.28015566541492737,0.37953389015011013,0.3171335148742774,0.3039406209239626,0.2414446027651884,0.17277244929673735,0.19516602650990456,0.4084968126370178,0.4446731344876791,0.22801917951229406,0.24448679842983587,0.32189061269372565,0.2288836844199363,0.20594601449469468,0.43633794106380125,0.4224908676947389,0.2096851321763442,0.26183800221607817,1.0,0.39108895570953706,0.5341697904946269,0.3007072324315675,0.28889318430398914,0.34585348046512543,0.29348690513226666,0.20092570621510855,0.1984211089246532,0.3775039261792307,0.26638745047380086,0.25247352607813195,0.21447448952189796,0.09123074257865275,0.18267371162188012,0.2307155109054236,0.17228997654737987,0.45236445973900935,0.32988768861449386,0.3895889571823195,0.1802057992043055,0.16618693609295057,0.25784843721846396,0.24370233627334056,0.17546344840349565,0.21699983725617883,0.20271398505792884,0.1630429863784623,0.15675204207976798,0.23343959779147508,0.1877884769539918,0.18901182773314817,0.22037834560598824,0.2680578935943022,0.45899701366844115,0.17159558308754008,0.17044350142407513,0.3618754797330399,0.3951680222704854,0.18154483846347,0.2725015691480663,0.3260120209445306,0.26719999979547643,0.2536969068558528,0.30512611167605913,0.18780823882007364,0.28003739516411313,0.19111205895313366,0.3160951906974916,0.309425767032205,0.2603677513260022,0.3798739963973595,0.6258841237129166,0.5270762190408957,0.4163820065981869,0.2433156037256906,0.24595350458968923,0.21083979275516654,0.18823209330642482
0.258487987729098,0.349709789315164,0.2848892157507289,0.1253042955712697,0.16277006168692376,0.3052832353004845,0.1593625032696835,0.2343839981460798,0.30662593118196413,0.1757730796417915,0.23003761648127616,0.1759394813475816,0.13510976400019664,0.17318763067744203,0.13706377812479986,0.1863926133448081,0.13477991611538734,0.21393720589008272,0.10855263166016155,0.1157648529619372,0.15626519562599625,0.2664013699846138,0.30348986716825554,0.23946417102081485,0.1845126718583234,0.27754203404431466,0.35776783857482697,0.2149795904846691,0.1426301394194425,0.22498777078211918,0.19801325515125615,0.16547603530811678,0.250118651100921,0.18538806492567284,0.3255526995613319,0.19646994961801037,0.21801623394847805,0.35566861478279543,0.4435609286207771,0.21324724571535256,0.47934409015296175,0.39108895570953706,0.9999999999999999,0.2191200415145884,0.5805219490975886,0.3160772561956342,0.40390831645701786,0.2701565654560261,0.220082823013781,0.2695700681865164,0.25815265700190615,0.24033567779935947,0.28294243054677565,0.18044787830213527,0.28565510945711453,0.35178566792940585,0.19454749470991953,0.2175753988682433,0.1637340132704342,0.24215162236371018,0.1725657907934049,0.11340395160322472,0.15782141430362354,0.24439003366677992,0.3037898437026476,0.14233198230225183,0.3528788598053235,0.1493404723491315,0.21795814618715703,0.2293943464899336,0.3791021408252665,0.37906495166284904,0.12327022840731144,0.23693368200782622,0.14629552878347943,0.22726671065170012,0.11994694452033842,0.18106926831850698,0.3659248400788217,0.17260477577431804,0.2502244011038228,0.34748069593317915,0.5029732304080613,0.3982461914364914,0.19379808148655372,0.32573099873307826,0.22352679880023615,0.32846284059709163,0.24840852839700958,0.5704465800919273,0.29945418524391454,0.21938610473371406,0.2432797873302438,0.3791170304958636,0.5713347266822602,0.38342784553822534,0.3026568933435831,0.19706518250564975,0.31039399155089226,0.2146607699127057
0.34625037626642396,0.19833993935397343,0.28939842557681233,0.3236346677737309,0.19082474260632842,0.3256219346978475,0.22011333401459102,0.23210541869112514,0.25401652085780313,0.49806854440911635,0.45676817739808323,0.4670171347677342,0.3079742916933155,0.22769602307143555,0.28151028390152166,0.1514341784006744,0.21248688233942606,0.16442825996765864,0.19808221904197396,0.24970532572499707,0.14452384757820552,0.16663710432059514,0.20081088870988156,0.3051979551119755,0.4201546484945852,0.34612438658255207,0.1525743317105336,0.24084468975481488,0.24876318708637407,0.1895842787576791,0.37302607655212916,0.2039623436659706,0.12655222044216752,0.21566963039643533,0.18194524678100352,0.3057022585510048,0.28336192281036937,0.4136912749674365,0.27113311025710674,0.20713663067576124,0.22749874310102938,0.5341697904946269,0.2191200415145884,1.0,0.19322049789842166,0.26178630567686245,0.22148964803197188,0.21757831892506055,0.29346476830208235,0.22465049125440523,0.24743708218860683,0.23146583641881374,0.2528451401275273,0.2362899585501064,0.17469127742702856,0.25183319259244563,0.2321516263081822,0.201301153462681,0.5535581526426823,0.47365500442672326,0.5467832611991438,0.32422854838544807,0.2843604042877137,0.2963469505143674,0.22263894586949068,0.2649928701626016,0.208418012647077,0.31755087865011833,0.12951154762807732,0.17128233991894024,0.1676967883542151,0.20565107362681218,0.15719090198545912,0.32827175482034165,0.3655021419877709,0.500473974925046,0.30943523862303335,0.25505422592749677,0.2678300392340011,0.23661429607000312,0.20087588498614,0.1505277916335758,0.22327498073623644,0.16769360747517242,0.16281871001938286,0.1810598568790304,0.3253116417312083,0.2477125014538498,0.20497284942103422,0.18095648960982724,0.17215466123917167,0.24002143029505363,0.47682934694999246,0.4306483521789919,0.3404737851163003,0.5227913064178624,0.26787145533363893,0.16153538710897383,0.2930206990992883,0.19393762562299474
0.24495972125601162,0.3215234792686546,0.1970725843773492,0.17965979885788183,0.13608142375514018,0.21166617053463369,0.12349126451043965,0.24375673430635456,0.23939833030493943,0.10195678365128423,0.1458174278329332,0.1188250995778298,0.23053460667070816,0.14967698862126322,0.17934981173377498,0.1658856964921137,0.16889756437725978,0.17127097257498725,0.1340472758951291,0.11389851315001918,0.08380865130739938,0.2695064096357125,0.331438756412922,0.1848848343421827,0.19203702304200804,0.20873961673377775,0.23912982436840868,0.20003272276070483,0.12082028962362398,0.14687544866052143,0.24774168535602933,0.20167529966112632,0.20548936036105772,0.21509823061887073,0.33451407454635407,0.15175773352937663,0.19379877903639184,0.23863251828683973,0.30519665744166147,0.2027143559637626,0.2622921224403639,0.3007072324315675,0.5805219490975886,0.19322049789842166,1.0,0.1613973293451073,0.24158352755693535,0.21718463055857876,0.1917216526829747,0.2169834487444285,0.25921822554773255,0.2611226868841455,0.29534709312848,0.19062757993352458,0.19172719076809652,0.24664560955699508,0.23041084475876733,0.17119182536825917,0.12666123646355607,0.1753616173466984,0.13088709235329474,0.15764665555565197,0.16837462983630513,0.25603552021165027,0.27959707162410846,0.15358071014792077,0.2632721591219253,0.15434673867664528,0.1816487532584492,0.16364771246111687,0.25010219736927697,0.24069773991800503,0.1325547683125605,0.16336809872767105,0.1448287031990905,0.16923341619518223,0.13873170136768095,0.18719068912107203,0.3773826207528898,0.255410193836387,0.1843641511366113,0.22176468748286005,0.6419461741468055,0.37623955869904163,0.23037007362326764,0.27168029778598807,0.21079742440925817,0.2219474872685749,0.13542761529740155,0.37864262185426795,0.2803341734397091,0.2163729027372872,0.2090196670242149,0.35506582013984683,0.3545748561005735,0.29154569846092326,0.22764942949093467,0.1897485810080944,0.17458142502996923,0.18349359438806784
0.22886600934491166,0.21909239458814483,0.30248159146043796,0.17342607207350436,0.12286195259112828,0.18721905819303206,0.19211098988521746,0.24573514763250398,0.16490135351150095,0.30064174694476775,0.1666151607065885,0.14526597621465892,0.1908492572837044,0.28679684969852554,0.2636579726623105,0.2651394932871545,0.2654590573597479,0.1909615594400628,0.31130880093033536,0.23749895995021741,0.34923681746491897,0.20325026514216255,0.16658187715948805,0.2105808921745992,0.25534843616553365,0.13508496859203611,0.44346633724205325,0.3440481316109802,0.2597259409798069,0.3127522252319648,0.2795743549051548,0.18900626786919245,0.24487786945010556,0.21515732723782827,0.20014695159083998,0.3207692656708278,0.25651430723844454,0.19392376277691922,0.20277177081628764,0.2111621502884169,0.31783598112554584,0.28889318430398914,0.3160772561956342,0.26178630567686245,0.1613973293451073,1.0,0.5490427605503971,0.47091692613199804,0.17918557299451976,0.23968067462032702,0.29835607186202084,0.33594178219021736,0.28188783734542355,0.24858341826974203,0.13197206341612527,0.2571025033142845,0.2239124551062068,0.1330091087526405,0.24812724670332537,0.250845107542481,0.20599464820623614,0.17799650593256644,0.3549905396497421,0.29424791680791734,0.3180269089699677,0.34394849821316087,0.1336500962320994,0.23099122942244935,0.15289592630433943,0.2945652665697039,0.3448554925245098,0.1359874797022826,0.1969861089061815,0.2475198944553451,0.21122027329093268,0.2548942866488467,0.38520862557398977,0.18161789654795718,0.24175147789884066,0.2728491881780368,0.15419875421764082,0.2812801027632215,0.20158171197025232,0.12636136129337813,0.24979476118180433,0.20819777856767807,0.24031997939649155,0.15580010142701683,0.1786732442315746,0.16234302741390694,0.25188907149227274,0.3221608648734444,0.3529264072678775,0.25134984762334206,0.27001688276260194,0.18577927827081958,0.46419073740478045,0.3063386183415564,0.24392961449196346,0.1780683741204769
0.25759604797804925,0.16130136272089818,0.3202611069151711,0.1164311676488389,0.12763487038034582,0.23017863191399773,0.21458689296832706,0.21239188968234085,0.1744139472564267,0.2052985815692574,0.15809962599953015,0.12284566426695454,0.18105378227361868,0.2001707691415304,0.23557697163471364,0.3207330885992212,0.28582297687518465,0.20319043336625087,0.2700040037344297,0.21011489761807056,0.24384336996712896,0.39432020297316456,0.3729701621052127,0.21823081628910437,0.18777236184507362,0.18841570726214685,0.43719451851243846,0.35485976715633294,0.21736155052883105,0.3834434320112215,0.23357770777852166,0.18008016715638753,0.22276171537631767,0.47925553022082423,0.5592267899481158,0.26607124235379953,0.25979387518415953,0.21604066011307146,0.23369133644091097,0.23877391199168396,0.38896538151150173,0.34585348046512543,0.40390831645701786,0.22148964803197188,0.24158352755693535,0.5490427605503971,1.0,0.5648347624699521,0.23008799378715383,0.23072782210481882,0.20253205583665385,0.2975716755137197,0.2192846793778547,0.25733262620821273,0.15500355428814033,0.15178302245451522,0.20518313336905997,0.20154041536704784,0.1996653407622443,0.21437517216783897,0.17479353043580914,0.19923041286988674,0.24464792997918658,0.27827124809623804,0.2506951060461568,0.2758093509235644,0.24048707664932376,0.19877178797860398,0.2412131656358437,0.2861760861541504,0.2387932561628319,0.2369380446794578,0.22239078554120387,0.18085648183387038,0.09725014326734704,0.19115281417950064,0.23499307987241383,0.20055527770838308,0.18920518885276758,0.2223548818445846,0.15522972905240112,0.4009561098143162,0.16879813129636825,0.2835497219660005,0.31913710090106484,0.4439776546663057,0.19989529650331556,0.19772175952206353,0.1265250276961816,0.2024558919994561,0.22857519871401022,0.2203053348587488,0.2167149669370125,0.2789931891879718,0.2403312160400584,0.18530545144734717,0.32048297503309625,0.40199726109526845,0.2598095393622772,0.1700632960658448
0.25218935282262733,0.2148117008305539,0.1818861882137674,0.1676960701555863,0.16023119615421164,0.17900432891764326,0.2797134108609556,0.2506516427893966,0.13816556879752204,0.2729527957775351,0.17462584655535301,0.21367677744809094,0.19723157464515265,0.1574630073659158,0.2910458024499475,0.26685677499188765,0.2594606134656648,0.1949437270878763,0.2542197335727149,0.23857610433759938,0.2824400144343599,0.21649877715698873,0.3261676179363197,0.19658416769761908,0.26403697760020484,0.1089016388294259,0.38012696992914163,0.26097142792576844,0.23135131848545945,0.3008647940853795,0.3677817634844287,0.24317820278742905,0.23010155012663217,0.3125334726327907,0.38088760892453977,0.23971688001249253,0.2737635246934413,0.25076211625493405,0.20863400204545599,0.1522401657725179,0.2843122531640766,0.29348690513226666,0.2701565654560261,0.21757831892506055,0.21718463055857876,0.47091692613199804,0.5648347624699521,1.0,0.20681102534579057,0.2602466372411519,0.30154323505843394,0.3124657990202569,0.2366291761963408,0.20476628601098756,0.13114292059529023,0.18251814134829863,0.28246631070161227,0.18683805353214328,0.24830793535661067,0.25197953562684616,0.22383361488164497,0.20421588236477584,0.28430381896184215,0.30967382714072517,0.31990383276841156,0.3151199403563488,0.21468480776810284,0.23038294591902767,0.2313575180250096,0.2712189211627366,0.2572409254348993,0.1958470330747385,0.13642762766962033,0.19080040083198782,0.20675481319972192,0.26920956140110164,0.25757934993572307,0.18161875311959944,0.30229567281156017,0.29710367896900003,0.1545536750277818,0.3591029797622969,0.18172358143438866,0.1908998002896402,0.22460649418867557,0.32683588350256637,0.20211003215370973,0.23216812646361695,0.13178886837763437,0.11217773984934948,0.23908783617205182,0.23646749235772396,0.2570467790713458,0.3130616018294797,0.29622249610925366,0.2808370669041911,0.3814976255474785,0.4270000052827648,0.1892703171966386,0.1832068424730889
0.30216744230572573,0.2019134954929385,0.19863992141758288,0.2959213725715481,0.1508124524709519,0.4427652407077656,0.27031172392730485,0.21853801273398493,0.1940623436010104,0.13895826103167075,0.26137580726488524,0.15547043228185553,0.2172142866177199,0.15732554072875146,0.2674802499142228,0.1350523038467051,0.17494312566568693,0.19452392885943762,0.19111848165934625,0.20420040625922656,0.19875855184804667,0.21168153259595038,0.22688151790281424,0.16754189801322347,0.09779010487698118,0.1552284971151966,0.1978223850178397,0.13037088635915633,0.17727621415175204,0.23842764118007523,0.196073576023117,0.13006529945251508,0.11469947195206842,0.20060841658545098,0.19696618652713294,0.3259026610444775,0.3546786351889664,0.16752574829803546,0.23802632440019067,0.1366944006442471,0.37660712490769965,0.20092570621510855,0.220082823013781,0.29346476830208235,0.1917216526829747,0.17918557299451976,0.23008799378715383,0.20681102534579057,0.9999999999999999,0.5088549012537799,0.16105586906718358,0.24421262651400205,0.23852068728790018,0.19508033024633317,0.15493263433567686,0.24797275847818598,0.23122874235001403,0.20115464605723132,0.2199575957300776,0.23569198456397647,0.17087538381810938,0.2925608142090962,0.12125026216634206,0.1672136055603656,0.18559008924116804,0.2257184548874051,0.27122762503159514,0.21661850315373601,0.18537130379894734,0.19633050814105005,0.1621123104009821,0.2348460006103788,0.2343459844885949,0.2771060269730803,0.12021129032507308,0.17107756863164347,0.12308078364581024,0.2880645270975266,0.15835207123222383,0.1409531662236088,0.12187647214712992,0.1752471044472048,0.17162100842042144,0.18780562731939962,0.11601324901760479,0.2778548555899045,0.3404506434200342,0.20998899701653018,0.3841752372384363,0.1926166754692763,0.10325125641085256,0.17280418137104087,0.216365452412026,0.177357806995066,0.21387041968349302,0.26055859479411986,0.23252249226875427,0.2539407684433889,0.6563575096788752,0.4168757209746827
0.2948523266733902,0.169681968302178,0.17934437786894375,0.18371363886407405,0.13012919390902883,0.24042670876601288,0.21332386031748637,0.18924190596273568,0.20107849838096814,0.1465501544569349,0.11236969078091433,0.09922169420545096,0.1647589718340053,0.13799736665964818,0.2865161988641681,0.16250343153290778,0.1722274508428312,0.20358473845197556,0.1933113351264243,0.2004056389310818,0.11964570672079496,0.23565531639196424,0.16554276559876627,0.1419505421039492,0.14641264422775502,0.1738910420376704,0.14797588558928176,0.154989352812982,0.3089888891068001,0.12933365364484403,0.20131100691552323,0.18451812920845664,0.14490166014951328,0.20256524143482793,0.22764457831928936,0.3009838345569014,0.4160718294215313,0.1892093741160581,0.2589846239392838,0.1193853456855413,0.5210580542193953,0.1984211089246532,0.2695700681865164,0.22465049125440523,0.2169834487444285,0.23968067462032702,0.23072782210481882,0.2602466372411519,0.5088549012537799,1.0,0.16073168605249394,0.18926293432764474,0.13359605517254938,0.15527106103531185,0.16169744514822798,0.18208961547786096,0.19145194263830295,0.1860464206723065,0.11803870781474492,0.144239756158765,0.0952523274447011,0.22079198314764825,0.11028163633434827,0.15749070999843243,0.19177590972259181,0.23190747322349778,0.232021156838569,0.13966571448164522,0.271330070043942,0.27332955676275483,0.14506940557451597,0.27392281353553344,0.17211164375680338,0.2079176439668277,0.11621422852712633,0.14317701810707173,0.2478571825823731,0.22425763361692122,0.169420772199157,0.1430705207577871,0.2870556662335045,0.16956126259062512,0.17255459569657486,0.2696110774583168,0.17777587813180354,0.29758329595261146,0.4073065880181943,0.22743870083307055,0.42929643016647306,0.2012900241526115,0.20473783902948062,0.16976031236033645,0.20987697414944798,0.15775505091042438,0.19616679432118123,0.2306933417491831,0.32413726964905726,0.2627664996511587,0.3353017250356409,0.712545423190996
0.36420280998083515,0.3027423436060424,0.20484678031727901,0.23305670502459083,0.17194208728322452,0.17686730554472038,0.31211774419147115,0.33554378176388,0.12192093693304398,0.3468938424593535,0.22282733104281902,0.3400713368538016,0.21443574179711725,0.18579893508259532,0.16730769037955387,0.2783771233360811,0.20185068707088955,0.22078883450310727,0.16732079412821882,0.19355078708897178,0.1360291957748038,0.16258998460991397,0.20551682681539024,0.3227369904201223,0.44823529429641423,0.24943733695972298,0.16080282929785894,0.188564968261132,0.1903670305887264,0.1766825272030138,0.4774635137928678,0.33882518462011724,0.21044319135642373,0.17478545387091352,0.17938151552815376,0.22445661068143777,0.14306017791374073,0.3084550568716212,0.28884813415703375,0.251696167830437,0.20323288497814687,0.3775039261792307,0.25815265700190615,0.24743708218860683,0.25921822554773255,0.29835607186202084,0.20253205583665385,0.30154323505843394,0.16105586906718358,0.16073168605249394,1.0,0.30795864232932546,0.2979228798363563,0.14327484819768554,0.1457096963187604,0.22184669976261087,0.25812279995855375,0.1838558295900877,0.32808107024421973,0.23704516025139902,0.2953143703755853,0.25533037012874493,0.25827250792488343,0.2577371186003592,0.16567100990043826,0.20248428315356237,0.16440344990558897,0.21823130866774865,0.19442682340799372,0.1335009822927058,0.21037544176355716,0.15506724679450248,0.0797922873948209,0.22526792551998032,0.3560779737568068,0.36466080714150406,0.1730193675945316,0.15626935938672196,0.3530880007679815,0.5286015203217869,0.2191094328557127,0.1701278464584792,0.307570080768458,0.20157636016007272,0.178319500283477,0.17152364635917894,0.14924673968515145,0.1398888827627623,0.18550868542294438,0.21156170156222448,0.2843138837861442,0.3229330102468122,0.38502945348967677,0.43834290260795133,0.3108869226316995,0.21962433786698732,0.26569099270053287,0.2606149564215647,0.14233247912973968,0.20152633054546307
0.20182949801913153,0.6477311548930286,0.46152054668171677,0.28379133995982353,0.24933804565779194,0.20647543783288647,0.2378303927846505,0.5714420315000293,0.3164114939942733,0.27397691838693977,0.24490722136051563,0.17381764409976996,0.15210746554832177,0.21687845364390557,0.23476996060433694,0.20112758395151153,0.3283368310368708,0.18104220944710167,0.2455178012751013,0.21682387959916036,0.30345173656302327,0.18140569916262209,0.14263837879640784,0.20344300128575313,0.3133949661362007,0.13515242710434433,0.2419786374886424,0.26670825376527973,0.21178241116301727,0.24822700651572638,0.36330847140825767,0.18517618102098768,0.14594328748487764,0.21404817538243115,0.16096113950796975,0.2797989730722521,0.2606665432048574,0.23799089873581825,0.2084037551787404,0.2164093903909403,0.1996385323849564,0.26638745047380086,0.24033567779935947,0.23146583641881374,0.2611226868841455,0.33594178219021736,0.2975716755137197,0.3124657990202569,0.24421262651400205,0.18926293432764474,0.30795864232932546,1.0,0.5477677141759205,0.28283928188082863,0.3073435010758101,0.2910711756153739,0.5550197622841564,0.3293003677376437,0.2402045198005553,0.30298755919826165,0.25410056337725456,0.18803158775429885,0.2507509676424115,0.2298485540802745,0.2482357749124119,0.18229441235287894,0.15944423341816155,0.20672881077457117,0.1683856180236898,0.25189024319142395,0.26204083265832834,0.16364510733778434,0.19125493717492784,0.2867794239026318,0.17324727723639982,0.2932961202540962,0.1883872901837493,0.1964914650577056,0.33480909535579784,0.31122081963999126,0.1519877919435095,0.0918972440746059,0.31062890582461655,0.12230463598321606,0.1909187882870915,0.13082676117020722,0.18898455660033345,0.1753491290685655,0.15537113682063483,0.22124688769709117,0.21068055929860618,0.3691163077956707,0.30888508777786533,0.35700144594524297,0.3067225669718427,0.29225894599843216,0.1629839354029386,0.20647143118682953,0.26187462746492596,0.1552867219419249
0.24167326521323843,0.44057169079988284,0.32602071488981976,0.15915541785410756,0.11629745541084752,0.20652227423973912,0.14926839107883158,0.33744201042589966,0.275726929744377,0.2826865111462146,0.26894042900922,0.19520609194483785,0.25724177919997343,0.2192914870270936,0.19996022615421935,0.18542081103069052,0.38376856336733967,0.16985733769890185,0.1871734011687813,0.24169055952955687,0.20833238661505454,0.2037319438080431,0.14942150050431968,0.17697554688114,0.34323982301568934,0.16983657311619718,0.26274217128989696,0.28810148750952214,0.1521096507264161,0.32613253368882844,0.3521849303730755,0.24836433760158422,0.15293571463121977,0.22902428484577794,0.16459105056917087,0.24204729922358273,0.20144534913788312,0.28081765348058846,0.2387693908262834,0.19329824861144132,0.15539423931667318,0.25247352607813195,0.28294243054677565,0.2528451401275273,0.29534709312848,0.28188783734542355,0.2192846793778547,0.2366291761963408,0.23852068728790018,0.13359605517254938,0.2979228798363563,0.5477677141759205,0.9999999999999997,0.2744465293102467,0.15077088386592302,0.3048781345981484,0.41763296818098233,0.17593749324112928,0.24476970072542023,0.30285229892527876,0.2846854454933983,0.14578988100025275,0.2110249386868951,0.20019948429770612,0.19415586401232404,0.12896693283050303,0.21391601755484724,0.2152015848906488,0.2259499080175231,0.20597084653616082,0.18787686318132774,0.17957711674578522,0.21569578810424805,0.337499166189962,0.19875816058358722,0.24371973736527686,0.1646263284766215,0.2518904188357597,0.2713424749002535,0.3211675500105684,0.15132494224174062,0.17229692838100177,0.3441173710765347,0.15687601541380594,0.2249502714450406,0.16579640782569693,0.16130338445254463,0.18248370624064422,0.21894000112813664,0.23031510874660582,0.3214714568842892,0.3346422284893836,0.33138627873943594,0.3322005786100683,0.361715226894001,0.3702910306114932,0.16717102369018477,0.1750059913416639,0.27764019842902055,0.14137393388934597
0.16853365107796453,0.2009040932452272,0.26734141432813074,0.30253226554792156,0.18236527082228782,0.20036106605395687,0.1756793466113875,0.26880181630051914,0.2225323475352272,0.25621235603497206,0.22820999609877726,0.1811524426072293,0.18159341171131282,0.1424739042747892,0.17823591571412858,0.18582106362356934,0.30413915311565093,0.20676498277532718,0.16415529895361858,0.22540770692639428,0.11004760181410296,0.25207557438445344,0.19899245022200354,0.21420891370423553,0.24589240088610456,0.16405772754291173,0.17130455950066545,0.2619617880637461,0.1709425295406512,0.16134277020323423,0.2308834308598476,0.2587120474766941,0.10486782359131729,0.3433118682647045,0.24523856854925602,0.1138619283738584,0.20031760628726258,0.18901717024343756,0.2095769128484184,0.18683767968807444,0.1497647997697681,0.21447448952189796,0.18044787830213527,0.2362899585501064,0.19062757993352458,0.24858341826974203,0.25733262620821273,0.20476628601098756,0.19508033024633317,0.15527106103531185,0.14327484819768554,0.28283928188082863,0.2744465293102467,1.0,0.20757347584180633,0.2426423675307674,0.29873437634598665,0.16763703120209758,0.18299782674499043,0.26523743667051286,0.23162864345718237,0.15564550712604888,0.14986624110498079,0.15388368202417935,0.144796841873779,0.12778259492526622,0.08002591943474188,0.12884591585088861,0.24547455490386144,0.24632923492407396,0.12806320793220305,0.21810843850250813,0.16013882063360516,0.1978600277472775,0.13708052169397458,0.24329690432543494,0.22904067920249208,0.1435117988093777,0.22898885080312237,0.2325515833621613,0.1479649141784266,0.11482047687237676,0.1684529815593741,0.20483425247910272,0.2767396750132201,0.23037307448631922,0.19111104105812543,0.2090321135784447,0.18773765666412956,0.10962198273950975,0.11721444070925675,0.21940430392652452,0.2958301345592797,0.21006614173046073,0.18595576870971212,0.1201660223792358,0.1248848101984976,0.21443497486024618,0.22561978561538035,0.14150352128809815
0.12174364412559786,0.34137790310178606,0.38306510947130434,0.13765632371296627,0.42675613627214354,0.5722622403102534,0.19590637165950656,0.33785890891234804,0.39383365383317825,0.17844583174523837,0.21799239327606265,0.14343765709007955,0.16036151843720892,0.2366047436075621,0.13315910010279886,0.13760353577104176,0.19424557207087376,0.21346409311285744,0.17504405376114027,0.22940885010292206,0.2223599371389986,0.23893943374363083,0.21618239769082923,0.2552287738216531,0.15954526918380585,0.2715548300108401,0.16002853672594128,0.2233115984847861,0.13556155386215113,0.15581372541915792,0.1503479609910352,0.11820776327745083,0.12045960762818696,0.24518710989067924,0.23810095320683367,0.23681745603165427,0.13201008942178055,0.1073045588097608,0.16176289365520244,0.22708081683621054,0.21210602340154222,0.09123074257865275,0.28565510945711453,0.17469127742702856,0.19172719076809652,0.13197206341612527,0.15500355428814033,0.13114292059529023,0.15493263433567686,0.16169744514822798,0.1457096963187604,0.3073435010758101,0.15077088386592302,0.20757347584180633,1.0,0.449281701662385,0.16423301606178242,0.40873970147702665,0.1360733550165197,0.24895965727446603,0.16790301606614957,0.16986960523520905,0.2015386823849734,0.15168978358072638,0.1096752461910884,0.196092748724905,0.14103493507542594,0.21515900618889652,0.23092026345469382,0.2154948806562148,0.21120193264786355,0.23608163892922168,0.21189318506972799,0.11836195480321747,0.18088440990809088,0.19274187365370885,0.14146004020827613,0.19501552309415882,0.20934635466533613,0.1654599091846025,0.2578172142480574,0.15985932372983894,0.16178823490912758,0.21204607110572668,0.2202775424861717,0.15770454293549477,0.18916960724494256,0.2324048842698716,0.14773745663756255,0.24113243056039735,0.11313380573346807,0.12353400050645727,0.17716604773000624,0.1738642927747302,0.14734750891445259,0.15787957135332317,0.09578731775361049,0.11836259964251827,0.18634158370077714,0.18008183183744716
0.14885734417492408,0.38145633192760153,0.49207352555347095,0.10168192273651956,0.19633885285954072,0.4274536810647097,0.2565318780033721,0.2874217545705963,0.4061345268357907,0.3425383586869366,0.4459559309700276,0.25827173870545106,0.16591189807801424,0.3059832864865979,0.15854134707554446,0.1433215365006956,0.19387069422103956,0.2978150022436783,0.24351027364421207,0.1942280451597573,0.26078178566846827,0.21016040034370045,0.1797514538990989,0.24335422299207424,0.2954168081405054,0.30837425335808044,0.22813431309249066,0.2099361354955547,0.09899094204817997,0.22048079357909414,0.19069671073043895,0.10477546109730274,0.14341566798726874,0.12358176259437335,0.15286271086887773,0.17953087876910856,0.1652025963868005,0.22882177582006746,0.2230992757593232,0.3402759499949677,0.19150202326433752,0.18267371162188012,0.35178566792940585,0.25183319259244563,0.24664560955699508,0.2571025033142845,0.15178302245451522,0.18251814134829863,0.24797275847818598,0.18208961547786096,0.22184669976261087,0.2910711756153739,0.3048781345981484,0.2426423675307674,0.449281701662385,0.9999999999999997,0.21543763270341085,0.30038207014516094,0.25810930382598807,0.4000755755384122,0.34025286675031874,0.17156983460177624,0.20811090794737455,0.15999031278046838,0.21882297027988165,0.16970612476744842,0.2728386267666675,0.2701906264031922,0.16474937192771708,0.24889343488131602,0.23126892291405227,0.3520221462279748,0.20121710583598118,0.4022489175754042,0.2938539883215973,0.332931893730909,0.1600321737072688,0.23059558082156154,0.27071696434825193,0.17357399319066488,0.2510916472230532,0.17175742066772068,0.31013645279354984,0.31118912870824794,0.153213925154202,0.16669522108889778,0.19812162275474254,0.3400881923011844,0.31159446408274966,0.29915236526558225,0.17962361198129378,0.23200622721324626,0.3173728071134479,0.26312327322539586,0.3373365619823902,0.32746059105120495,0.11538798432537194,0.21038485389185987,0.388621513007054,0.16731879898735413
0.2613461571668268,0.4975517218625453,0.21258313650649746,0.3940701913111706,0.20749175828810343,0.1267596002011484,0.30750844139056205,0.7260620799134142,0.2625289024187605,0.21596975344622005,0.18116260979581925,0.16516272647681873,0.18413094118035844,0.11536006810134651,0.1698792370149353,0.2743184734994974,0.21656414962227694,0.3234098898809534,0.15619091514671563,0.19488300324111485,0.19008957458742282,0.14818120695883322,0.13968814135292446,0.1861209825419869,0.29809165121242337,0.12607136518785061,0.24350072497259853,0.1894937629813781,0.1691398611765924,0.2442397334128855,0.32508935406802203,0.306584475138951,0.1990220999937167,0.21956808436362565,0.1602777076111516,0.15709228602452227,0.2407457628471829,0.29198662156075933,0.21322689820931923,0.1428595859152793,0.19946641479595872,0.2307155109054236,0.19454749470991953,0.2321516263081822,0.23041084475876733,0.2239124551062068,0.20518313336905997,0.28246631070161227,0.23122874235001403,0.19145194263830295,0.25812279995855375,0.5550197622841564,0.41763296818098233,0.29873437634598665,0.16423301606178242,0.21543763270341085,1.0,0.4382592159592999,0.23990130468852594,0.19931721015259318,0.22262452736566118,0.16777009242865348,0.18328569983780116,0.20143706732259734,0.16998011850135303,0.10927862839529265,0.2152704060914107,0.1826710455795771,0.21551920597181545,0.2554296131851903,0.1614486453524316,0.16769181528611316,0.2205434449060051,0.2486125908483747,0.19639944959076164,0.2607059688554994,0.12443970866318611,0.14007329636427518,0.37479112556252336,0.3299704571225906,0.1842850029196887,0.1372932079486716,0.32016177578913335,0.15868115819120532,0.1829656701162656,0.1445218341198271,0.17898308901198437,0.1740261430976931,0.13275611945045482,0.13050774541618526,0.3337357305699538,0.3951431795235898,0.21375466135729218,0.3411027507699248,0.36591148226349857,0.32975803994314534,0.1891146126427477,0.20704000528831654,0.22754031980951298,0.20555026507877844
0.20211850018428162,0.365377641956406,0.2769421752729339,0.2814084302188341,0.263219035545964,0.2645716367219604,0.25995481195751163,0.5067113804820409,0.40800052570117606,0.1690467181723702,0.2166560239874524,0.14230820087690554,0.10573228267131173,0.1554083234675804,0.13817100183626865,0.16675172449904896,0.1305936378565915,0.19400875800679834,0.1803231025268478,0.20097248439425974,0.19477484883258542,0.17698037817607015,0.19755153726248917,0.20434793120500555,0.24891290099072486,0.19073472812458575,0.12252790421404755,0.16349398715106048,0.1704696756648564,0.19011395381995894,0.17973459999431948,0.15410118635647954,0.17629786473611642,0.22445536859181292,0.19548185584429636,0.16415798103794457,0.2347324750676074,0.20978074522126253,0.16237804263026734,0.18584784741565696,0.2243948093163514,0.17228997654737987,0.2175753988682433,0.201301153462681,0.17119182536825917,0.1330091087526405,0.20154041536704784,0.18683805353214328,0.20115464605723132,0.1860464206723065,0.1838558295900877,0.3293003677376437,0.17593749324112928,0.16763703120209758,0.40873970147702665,0.30038207014516094,0.4382592159592999,0.9999999999999999,0.18596531332824784,0.2139887276718672,0.16914497168826262,0.1387526169172223,0.1542014964421878,0.1671938779475006,0.16397094516863853,0.15177805809135247,0.15741618127630677,0.16923642437757194,0.13165426691397764,0.17657133587394724,0.18293619186154292,0.21153499230310033,0.1937758617557561,0.18408534260021614,0.15337349092986832,0.21560627710817212,0.1618590804986075,0.18205511329672677,0.29112476854910124,0.19241118857325668,0.2080610009544831,0.11469780348443778,0.20114736502316263,0.22082717070168822,0.12885554995832216,0.20221655295056926,0.2223166943786553,0.1915694211850743,0.1642890732733029,0.20022473080449038,0.13149537149376644,0.18371602517774668,0.18058897253579562,0.26571011807483885,0.17285360402751493,0.20174590170022644,0.13479836816197838,0.12941428261925822,0.15985644661392875,0.20559510626207864
0.30308547670539965,0.18953982748768383,0.2157890559166412,0.3074777668522753,0.22199985951299567,0.24759615476951807,0.27133232689283204,0.26678984107110537,0.20700416986705966,0.635281202291466,0.4730854437258751,0.6756131436042861,0.2672925022681122,0.22451461003477383,0.3198357722641128,0.15444353006794392,0.14901748744907128,0.1584492688361278,0.17432399326487238,0.1571292635694496,0.16394895575018698,0.1895145447028716,0.2356705897183824,0.2683934477203481,0.48898686568726474,0.4347051250643301,0.13844889541009228,0.19639627890240427,0.21501620543859684,0.2647613671108207,0.3702540379303635,0.2625405609265526,0.12458295324088615,0.1523999207428091,0.14693057108160443,0.26863086178843376,0.2875021252900228,0.2921980034280773,0.14745865108475933,0.18981992313308604,0.11757829340133943,0.45236445973900935,0.1637340132704342,0.5535581526426823,0.12666123646355607,0.24812724670332537,0.1996653407622443,0.24830793535661067,0.2199575957300776,0.11803870781474492,0.32808107024421973,0.2402045198005553,0.24476970072542023,0.18299782674499043,0.1360733550165197,0.25810930382598807,0.23990130468852594,0.18596531332824784,0.9999999999999997,0.45631154477111197,0.6632263488921631,0.28180028816538055,0.26752454420023686,0.2655296688262052,0.20466179903113918,0.2703965077642472,0.15890918466061363,0.33927141611598605,0.17794191680363633,0.1704598902575707,0.15360777432788356,0.18372985202497716,0.11969338713932584,0.320557434526,0.5441135951896944,0.64306472658613,0.251289360274098,0.3511962979648754,0.29745300615114717,0.2841884245527956,0.255058271334864,0.19637896743459884,0.190547977915845,0.15065211980905277,0.1538950599627935,0.20984836454998157,0.3294615003806339,0.3017431322226154,0.1816658385824964,0.15927498434111217,0.13882409311946295,0.2612173331893077,0.4069814915125204,0.4781415415209232,0.3564793845122212,0.39838307451926175,0.2189644365335599,0.22543100724809942,0.2830193621460064,0.1677799019939856
0.19128591910508838,0.2624507405647991,0.406906986929587,0.1759532675295567,0.13994021324797076,0.3787303137750099,0.14257692163862004,0.2291554343081928,0.31072103800967,0.5424699422760387,0.6765038231641171,0.5064773378530556,0.23710165896750943,0.2923438185550344,0.27643676219886254,0.1490274775074777,0.2151416721769847,0.13915167640882814,0.18038404306485892,0.14980330675609183,0.23050087833355093,0.20136965566501583,0.1508387314717553,0.2822626713263178,0.394233190182978,0.3670525490708746,0.16045020301550506,0.20830174548364996,0.1307948629223267,0.18279511720958155,0.33090582471069757,0.18044953583600112,0.14741480472321392,0.1979554044561172,0.15743181734640424,0.21917575110156293,0.18076276941403774,0.2560857908835597,0.21287961636481234,0.21359677807726885,0.13843857656663963,0.32988768861449386,0.24215162236371018,0.47365500442672326,0.1753616173466984,0.250845107542481,0.21437517216783897,0.25197953562684616,0.23569198456397647,0.144239756158765,0.23704516025139902,0.30298755919826165,0.30285229892527876,0.26523743667051286,0.24895965727446603,0.4000755755384122,0.19931721015259318,0.2139887276718672,0.45631154477111197,0.9999999999999999,0.6861664256071525,0.3903078460066608,0.31291122942592897,0.28599569682079007,0.1935392391487497,0.3395867424744074,0.1962531935874301,0.33256938058639274,0.12865597758315694,0.1593984578314349,0.18306854072722206,0.22670188381930279,0.21821761363850495,0.4450542252225204,0.4504574719137986,0.5296647047698834,0.21164011660378124,0.2407285489928301,0.27964983252195785,0.2307098799002558,0.15654352109608938,0.152821131278965,0.2478419767092216,0.19295587992390356,0.15039765781134043,0.19237800610566075,0.2833893580385078,0.29638874552949007,0.2721067936735193,0.2575629904106703,0.16637695347558823,0.24331939890903548,0.4317250224560783,0.3381253144266802,0.32254326971234476,0.36053343335013804,0.20524251183698664,0.20260951133465468,0.32979769509120593,0.15535205590748205
0.27833505122389623,0.26060483024593595,0.31892164537660334,0.23358605051323583,0.17547584175537717,0.2971985172353311,0.21194807281945993,0.23375338331013334,0.30248634857335227,0.6732849470540561,0.6601399954858038,0.7440755070112907,0.39378042952023695,0.26473478470755396,0.29244850411532797,0.20316371866448807,0.1925418951004948,0.17704440203605362,0.18569737379661297,0.1655361346015969,0.15497820588854153,0.2154719154394988,0.1707345080228178,0.32730055939746683,0.4980616794074624,0.4587094085258184,0.12650545971032937,0.18297733575388475,0.15763211518100007,0.22098434339520595,0.3501909029556748,0.2531519911107419,0.18800368694509662,0.1972780816562572,0.15756500717599609,0.2229631154069039,0.19627359860457086,0.34614179538416806,0.22140205624939413,0.2556252983025786,0.12319996471030857,0.3895889571823195,0.1725657907934049,0.5467832611991438,0.13088709235329474,0.20599464820623614,0.17479353043580914,0.22383361488164497,0.17087538381810938,0.0952523274447011,0.2953143703755853,0.25410056337725456,0.2846854454933983,0.23162864345718237,0.16790301606614957,0.34025286675031874,0.22262452736566118,0.16914497168826262,0.6632263488921631,0.6861664256071525,1.0,0.48464368202254804,0.3415277481543908,0.26769728172362073,0.1659092938121133,0.26127664570693215,0.2085662307637616,0.38011286865975796,0.1596345650322537,0.18856418912149697,0.1189896518511187,0.24087991003176012,0.14219755085470992,0.4528900579217845,0.6175708420328456,0.7340537258009421,0.2462633455722841,0.3192648939697913,0.28370284869225787,0.29187515449320905,0.24638856962073896,0.19045204390521292,0.22405494815990007,0.17797334271393614,0.17659463738862788,0.18074161876358358,0.2875829680357376,0.29868615112175373,0.2334784353518313,0.22842807975550655,0.1720992440011511,0.2579854507233257,0.4638407129573949,0.412482867748989,0.38645969027053434,0.3875727263479218,0.17668066505587388,0.20783375737358667,0.2651570489699449,0.13886658365122087
0.1957946297769702,0.14293884369059875,0.20793496752285998,0.2690020426312854,0.22865424009533095,0.2592908608335195,0.2676197029644395,0.20542021927779866,0.14155758530858106,0.3130582300389817,0.41191277806580673,0.40808853267049244,0.6951454953878432,0.32738404433653706,0.30464521040848447,0.2685802020344191,0.1491820520892621,0.20001949559064386,0.29369293777182615,0.20007170021215945,0.15961371376577,0.10522674987286848,0.20320195222557622,0.2845220171003125,0.19265053500974244,0.2548219418602982,0.1626155007375047,0.21164726438557577,0.25888644402222,0.14296936318787787,0.19452134779389355,0.12658664266663963,0.24389104951644544,0.23011215820838418,0.1985155092321004,0.18676892038250614,0.23008026457498518,0.21059295423362345,0.2114239874627042,0.22539190544780413,0.16077641020590502,0.1802057992043055,0.11340395160322472,0.32422854838544807,0.15764665555565197,0.17799650593256644,0.19923041286988674,0.20421588236477584,0.2925608142090962,0.22079198314764825,0.25533037012874493,0.18803158775429885,0.14578988100025275,0.15564550712604888,0.16986960523520905,0.17156983460177624,0.16777009242865348,0.1387526169172223,0.28180028816538055,0.3903078460066608,0.48464368202254804,1.0,0.48339371498990497,0.3882413445738459,0.18987844430026093,0.3533100305978965,0.22585035640936355,0.4369288245944128,0.1832688134755777,0.18593438846055915,0.191081996608259,0.18796101267318424,0.1573320039211426,0.36830868512065174,0.2937246433974577,0.3263902875774006,0.2843824953835334,0.3690466374485707,0.14334034877136323,0.18125890952912083,0.1576953306405281,0.16611116546772395,0.11981866126082485,0.19368901375706307,0.21480717331697366,0.22330722099004097,0.26204819740724483,0.26392075885099203,0.2605059628483347,0.18397519642073043,0.16997119933779026,0.22821795154114669,0.31079935019875,0.2013870516153995,0.15134815185947473,0.158958206560435,0.3135136838542538,0.248379013334045,0.274172075335195,0.2165095602541286
0.1900572152355098,0.19807239564374046,0.2705488826201332,0.25659880243527355,0.1390297487927102,0.18105990762177993,0.21653537038651777,0.21428009514698826,0.15460818662699538,0.31988556335212925,0.267413059914981,0.33091010213205757,0.4398726906062052,0.6275541512390472,0.311635733547474,0.31438929979709423,0.29445906402592387,0.22499937378189624,0.387722033259932,0.21265250023752683,0.4013310789817374,0.19839972452955,0.1828305578271037,0.32959828763365434,0.19470692115698895,0.2518062325618283,0.29569058145492433,0.25995045820483,0.21657991910837196,0.12314824525171764,0.27303172893861977,0.14551688508041638,0.2895060132578336,0.14268921455189,0.18464417416524476,0.2744485337430724,0.1686113930241262,0.17125064709714866,0.11145382041438825,0.24401397407477682,0.15849244137127783,0.16618693609295057,0.15782141430362354,0.2843604042877137,0.16837462983630513,0.3549905396497421,0.24464792997918658,0.28430381896184215,0.12125026216634206,0.11028163633434827,0.25827250792488343,0.2507509676424115,0.2110249386868951,0.14986624110498079,0.2015386823849734,0.20811090794737455,0.18328569983780116,0.1542014964421878,0.26752454420023686,0.31291122942592897,0.3415277481543908,0.48339371498990497,0.9999999999999999,0.5088062911027215,0.3766900323803341,0.40317558185001745,0.18212574421336836,0.46404518347822377,0.1255210090666323,0.18343773702311,0.3362937484564339,0.16528437827842413,0.19856396027017947,0.24797596072519365,0.37557978715541074,0.3072311695610994,0.35887554677592415,0.23412209971283868,0.19902676197966726,0.204707454900972,0.1689690732635995,0.15421613562726297,0.17886815337648337,0.1397668981567038,0.21679340273443629,0.17020590628688165,0.23395760494908607,0.1861445090910336,0.1785361964242437,0.1483264041444594,0.1675518075566525,0.18151286951478135,0.2984729528594452,0.16340162582552162,0.13365046440403566,0.16869749819934143,0.28045790205039506,0.20117153117769182,0.17132859245582996,0.16008716108574006
0.23752783141296685,0.1976950331972536,0.20911425942488912,0.28241617808036595,0.19754670318492276,0.2056809086270491,0.1840376716336919,0.17952374357860862,0.22719794528275178,0.26884584938611716,0.1796213069041303,0.2626290200392553,0.3177147620804621,0.5669304234693939,0.40721642415401155,0.20000105160899065,0.2252301394242231,0.1616041532007885,0.38557841833215456,0.1745757699310927,0.4195677434897495,0.15626588746276532,0.21849796829669813,0.12248152832735462,0.13791508002012828,0.16291461168725577,0.2805156316746744,0.14864278754307847,0.22905344399368802,0.15094016974280788,0.2822832796545146,0.18138569822286063,0.25242501265368583,0.1282201525371258,0.1993561560894919,0.1894753005539214,0.23669339636490735,0.27360061680833636,0.2200340385309574,0.12665622951203961,0.15840756111534035,0.25784843721846396,0.24439003366677992,0.2963469505143674,0.25603552021165027,0.29424791680791734,0.27827124809623804,0.30967382714072517,0.1672136055603656,0.15749070999843243,0.2577371186003592,0.2298485540802745,0.20019948429770612,0.15388368202417935,0.15168978358072638,0.15999031278046838,0.20143706732259734,0.1671938779475006,0.2655296688262052,0.28599569682079007,0.26769728172362073,0.3882413445738459,0.5088062911027215,0.9999999999999999,0.5843966674607569,0.5576998827713231,0.11968577688871296,0.6217081337087401,0.14648441407932647,0.18523320304598456,0.42093949089149374,0.1350920279943162,0.15903387756077214,0.22098602083188537,0.3333855519813377,0.24473854342752874,0.27427707567915166,0.26779254504147004,0.2825292304483494,0.17020600009288372,0.11592262469875504,0.1451671841453596,0.18775729484139828,0.13545327742597488,0.18116766093190229,0.14665550365956773,0.23242291507382631,0.17727334497231048,0.12307478284762687,0.1449599768909331,0.15983975425644315,0.18469134110542956,0.30212169873092526,0.22222583862869288,0.17740544161478702,0.16672856686913343,0.30582067269046287,0.18798323802030165,0.16269998504922797,0.14618491696981986
0.21632650006025453,0.23637380561810914,0.19826681283535813,0.22293841299516767,0.13452528670961555,0.15353699684790142,0.194151228000641,0.15851775890915412,0.17062693398474166,0.15499872611615104,0.1474344169832981,0.22098723839145187,0.32602876692927224,0.43198471532523414,0.38579883419965566,0.2070096879003689,0.23935687500652483,0.2128054788229889,0.3200570769695002,0.20943650406563907,0.5647671254785008,0.1750242167209595,0.17229193660501313,0.16326069629150047,0.11847460264702842,0.1827307039127897,0.3061594593370683,0.20237357307776738,0.27763299858242846,0.21440778478182326,0.24411861675582366,0.1358644967396855,0.26648228674492663,0.10830989296458915,0.2016457081491058,0.2161315322883957,0.2657014092696265,0.21069098168570516,0.21102112171190965,0.11535136529774867,0.2784761207070906,0.24370233627334056,0.3037898437026476,0.22263894586949068,0.27959707162410846,0.3180269089699677,0.2506951060461568,0.31990383276841156,0.18559008924116804,0.19177590972259181,0.16567100990043826,0.2482357749124119,0.19415586401232404,0.144796841873779,0.1096752461910884,0.21882297027988165,0.16998011850135303,0.16397094516863853,0.20466179903113918,0.1935392391487497,0.1659092938121133,0.18987844430026093,0.3766900323803341,0.5843966674607569,1.0,0.46381843797294064,0.1975875362728368,0.41470668522988896,0.16024220430425307,0.25023738114044997,0.5612945809763528,0.14886473565708389,0.24284301730411909,0.09321537393653076,0.2604116244763357,0.15659842210932923,0.2957036365246748,0.23784155553011715,0.2710076796678508,0.10506326477202893,0.1540743062087448,0.19544343507923329,0.2131562890791461,0.1677400995184855,0.15493660214640634,0.16234737053468046,0.24951805957982473,0.28823782984948193,0.2055046174268317,0.18504416249412792,0.2425238275179624,0.16670395492744536,0.12278615897497928,0.2053091326740542,0.1836479680705317,0.2716190168786513,0.3120372341329489,0.24350060907300186,0.18018099742347707,0.1917788434481839
0.15419743164315444,0.16008195942242856,0.20687345776891225,0.22083420288234692,0.20047306470351794,0.18172843409208606,0.23942761546862287,0.14489202836339393,0.10427879537930526,0.30179237793175556,0.23919031630237483,0.26400735803771824,0.31303836853037703,0.478988797543548,0.758219547755579,0.19110967003848942,0.15079090261109265,0.20679398947220018,0.2754186952272991,0.21897401737804065,0.4946927389981298,0.14925242566462404,0.18938871353836226,0.18758638547543796,0.19540650790644476,0.18309675531201106,0.1760980929982761,0.1785741853829788,0.3097494833934664,0.14849288767649194,0.31721994068924464,0.11333915446947404,0.25214967304833874,0.17569414903722072,0.15083430770126477,0.23816421811942365,0.22488402534973947,0.11027110992315876,0.1426144799645264,0.1396521299017192,0.18581670431702765,0.17546344840349565,0.14233198230225183,0.2649928701626016,0.15358071014792077,0.34394849821316087,0.2758093509235644,0.3151199403563488,0.2257184548874051,0.23190747322349778,0.20248428315356237,0.18229441235287894,0.12896693283050303,0.12778259492526622,0.196092748724905,0.16970612476744842,0.10927862839529265,0.15177805809135247,0.2703965077642472,0.3395867424744074,0.26127664570693215,0.3533100305978965,0.40317558185001745,0.5576998827713231,0.46381843797294064,1.0,0.1112920074584994,0.3591501330604644,0.1402456973301135,0.22299178276538265,0.49405090746802816,0.1145752821130021,0.29533602760325,0.17115336901000952,0.2882588228122169,0.26596878980558425,0.43395670054168534,0.3191033054637017,0.1930623667809073,0.14997620966705047,0.11818861119203142,0.1714066748502755,0.11775339147329027,0.1430161550759289,0.12095728734279147,0.19398483330293975,0.28521572606981194,0.14556644957550005,0.12938617445181758,0.09662663670232816,0.14137810281799565,0.15660764801017119,0.2387166337858568,0.13182890338177566,0.08456619273117917,0.1282854256864692,0.3182112202395155,0.2408115573335733,0.17904607570065,0.19302555177967995
0.3186716715565452,0.24123134737502291,0.16399991819317938,0.12769253757260426,0.13814708335253337,0.22588394479348217,0.288948268263886,0.13992842250022597,0.16226491162399706,0.13485628944126085,0.2046894203189183,0.17284370978894648,0.255925645169994,0.14806436762262495,0.13037080510600593,0.2750701895469528,0.14500485126550583,0.2601994353793194,0.1597995604310365,0.23986489005381398,0.12551661555834034,0.13275400184402256,0.15574790204996877,0.14854840597441243,0.1190266865174058,0.18189332481379483,0.2494047252677215,0.17796527800318884,0.17804595336520873,0.2444504908467259,0.10818549418011734,0.18628443493404656,0.24117382627539374,0.24303568106410772,0.24226992905383823,0.22882009956728788,0.14204962762075268,0.32379689777478726,0.35218599875294115,0.26678549139281105,0.376032844375231,0.21699983725617883,0.3528788598053235,0.208418012647077,0.2632721591219253,0.1336500962320994,0.24048707664932376,0.21468480776810284,0.27122762503159514,0.232021156838569,0.16440344990558897,0.15944423341816155,0.21391601755484724,0.08002591943474188,0.14103493507542594,0.2728386267666675,0.2152704060914107,0.15741618127630677,0.15890918466061363,0.1962531935874301,0.2085662307637616,0.22585035640936355,0.18212574421336836,0.11968577688871296,0.1975875362728368,0.1112920074584994,1.0,0.16442602068925855,0.3358034678627401,0.2767742125867009,0.16243518391222955,0.2860699944463154,0.19152723381730852,0.3476455305436555,0.2084079508926645,0.1313947583950416,0.13434906907148403,0.2540678899193547,0.1724923419695018,0.23133474077349941,0.20634515206475906,0.5341398092491407,0.3273202272560123,0.33946687335308423,0.12567039191024368,0.31575733639533593,0.17592487219691005,0.2300542537351369,0.36003156673726344,0.46172290173912744,0.4271868732548478,0.35885951752610395,0.20099529358278198,0.272452442904641,0.36299289830838943,0.3378357192999726,0.2531158906423981,0.397455380216331,0.2852863855009056,0.19635486352463188
0.18908179381110402,0.17372655247881696,0.25926789396751976,0.2474522798261548,0.23671807135697762,0.2658771755403376,0.21585833451352443,0.1326908789522253,0.22419663931984382,0.29679415449280766,0.32735198740807264,0.37360093904911856,0.3893833437110463,0.6093342906883966,0.26191333628188057,0.17788727656857464,0.31744319697454026,0.3377597662164537,0.5863360206927126,0.2254535090553799,0.3973423422304442,0.1849310909843643,0.21711996268477027,0.16152397809417404,0.2007688273366896,0.33648793565362795,0.18766384251060544,0.19510733345336168,0.1884687452386609,0.19757721024862052,0.25490549088481335,0.16956990777855277,0.20174085637005276,0.17134084789711157,0.2196140988262056,0.17821389133254908,0.24394874824007762,0.25712779518123186,0.15698011981662977,0.23127252275295473,0.1277251794767795,0.20271398505792884,0.1493404723491315,0.31755087865011833,0.15434673867664528,0.23099122942244935,0.19877178797860398,0.23038294591902767,0.21661850315373601,0.13966571448164522,0.21823130866774865,0.20672881077457117,0.2152015848906488,0.12884591585088861,0.21515900618889652,0.2701906264031922,0.1826710455795771,0.16923642437757194,0.33927141611598605,0.33256938058639274,0.38011286865975796,0.4369288245944128,0.46404518347822377,0.6217081337087401,0.41470668522988896,0.3591501330604644,0.16442602068925855,1.0,0.21605821951162807,0.22439643230163753,0.3158659610398073,0.2908616003592043,0.14645958853272775,0.30633139808527,0.538875524061485,0.3442955637770852,0.32605865870500755,0.3386866469583903,0.17164015915361153,0.15841476054946904,0.2540298224742026,0.17803163628376828,0.13847467333471036,0.17081789441562492,0.2768443741773651,0.21776167196436527,0.3451963033421943,0.32838014485186373,0.20764841925075028,0.1650668603463613,0.1593416337563698,0.19960761405846408,0.2531809864966338,0.21180245815231255,0.18482368038228955,0.2362522568858708,0.2422765494156019,0.21497637441027756,0.3065187484835721,0.21591940256227246
0.2093769089783484,0.12572201638665428,0.1653645132837956,0.18114250184500905,0.191215077431156,0.1520892914015011,0.27721696198087625,0.17205652970085036,0.1644992005188836,0.15979622615064923,0.16251245862597796,0.1747621580983581,0.19121567587269897,0.13127442644785173,0.216389609905908,0.2242244637670569,0.3107330818745782,0.35544936238654756,0.20915330529341675,0.3030449956387796,0.0972544298741314,0.22378133773889794,0.224363919319378,0.2251633657908398,0.12873786111137664,0.23330155251000853,0.17961635828828337,0.1919680935050431,0.24655982713560615,0.25997455206360964,0.18170534466409663,0.2251500820054396,0.12474620264406147,0.4991844085375454,0.2927614094025344,0.24030354466003578,0.18837921255557916,0.15360837579152625,0.15434471959649854,0.2115911381303659,0.2588144771930038,0.1630429863784623,0.21795814618715703,0.12951154762807732,0.1816487532584492,0.15289592630433943,0.2412131656358437,0.2313575180250096,0.18537130379894734,0.271330070043942,0.19442682340799372,0.1683856180236898,0.2259499080175231,0.24547455490386144,0.23092026345469382,0.16474937192771708,0.21551920597181545,0.13165426691397764,0.17794191680363633,0.12865597758315694,0.1596345650322537,0.1832688134755777,0.1255210090666323,0.14648441407932647,0.16024220430425307,0.1402456973301135,0.3358034678627401,0.21605821951162807,1.0,0.5292341674955173,0.11177037660557464,0.3832371538621527,0.1397244432635635,0.18315706080531136,0.2345795300625697,0.16478943828848178,0.19961550913778542,0.172927818077616,0.18999286894479503,0.2636134274965679,0.5194242394561376,0.5321396789185239,0.19487396563932205,0.46394383184545646,0.41035476940948934,0.5417766720735038,0.23936086737732037,0.34108612523959164,0.3195570729189206,0.29080705224745973,0.29287149388066713,0.21484182219864031,0.21802154484677203,0.2165146068213958,0.23177422774700676,0.22365695323385515,0.21181082105859855,0.4368674413486629,0.22057911174585165,0.28072970375978906
0.16090478040560532,0.20167153946096925,0.21662627316285588,0.15877475035871397,0.21121814735201394,0.16434163069277388,0.2458403676634756,0.2393907833578376,0.2500586483458984,0.17091205081635127,0.17937355670877017,0.18855980894918944,0.2423136834068704,0.1369270313408624,0.2976694175621549,0.2953809792622131,0.24184251942560211,0.5664778634199705,0.23971505015464717,0.3582295802457516,0.23033002986761195,0.19218387789833702,0.216137402027891,0.21862265193474273,0.14050000910535657,0.2363911811616671,0.2074236666654317,0.2451913020260072,0.23267355871981654,0.2544977459298277,0.12448686773397688,0.13163431294219025,0.13045857358969742,0.4219686481073401,0.22084792295530403,0.2942827931862802,0.17532747221670736,0.17923942587582092,0.17598543138345513,0.23277699242748084,0.2647179624677797,0.15675204207976798,0.2293943464899336,0.17128233991894024,0.16364771246111687,0.2945652665697039,0.2861760861541504,0.2712189211627366,0.19633050814105005,0.27332955676275483,0.1335009822927058,0.25189024319142395,0.20597084653616082,0.24632923492407396,0.2154948806562148,0.24889343488131602,0.2554296131851903,0.17657133587394724,0.1704598902575707,0.1593984578314349,0.18856418912149697,0.18593438846055915,0.18343773702311,0.18523320304598456,0.25023738114044997,0.22299178276538265,0.2767742125867009,0.22439643230163753,0.5292341674955173,1.0,0.22511785820740676,0.2852083731103429,0.19920840463712594,0.1620487327036745,0.22045005040465449,0.2083840231420847,0.238512275606884,0.23605155679440318,0.18480703182723254,0.17610612080933502,0.3779927462566729,0.3481006799824906,0.16137037266420431,0.3011038947830339,0.2557283413397867,0.29431550678629237,0.20759626168331938,0.2801641361338349,0.34014476565665924,0.20232568729915534,0.15715330800928395,0.16873539882647262,0.21166393948006682,0.15375343036633626,0.11639595946937016,0.18411799207345578,0.25283608044705536,0.3239631412198492,0.19986001147886756,0.2141210377957106
0.20883480634486076,0.2615723061030442,0.27757002728786623,0.2295423693971895,0.1830612711749111,0.19604307605006357,0.17763353966839246,0.1993240194626277,0.1641782045460418,0.22002534372655844,0.17453398496076378,0.18418090910678714,0.2228869052422502,0.38515063019095386,0.3556908908495373,0.21730570886482303,0.19842625091438304,0.2702047631681229,0.3000368896734105,0.314853025850276,0.5821537623761784,0.17308364084417197,0.17913776652954883,0.15685846960670363,0.21360419601826247,0.17190540006132046,0.2538436568757873,0.1750298258573291,0.26988136286022757,0.18371511360107318,0.2489415092797545,0.11214345321911065,0.2673185389406452,0.10375655812297285,0.1442992540107552,0.22486367908860574,0.18810243758816403,0.12925311067528705,0.15847410077993113,0.1249386841195873,0.28517291038661374,0.23343959779147508,0.3791021408252665,0.1676967883542151,0.25010219736927697,0.3448554925245098,0.2387932561628319,0.2572409254348993,0.1621123104009821,0.14506940557451597,0.21037544176355716,0.26204083265832834,0.18787686318132774,0.12806320793220305,0.21120193264786355,0.23126892291405227,0.1614486453524316,0.18293619186154292,0.15360777432788356,0.18306854072722206,0.1189896518511187,0.191081996608259,0.3362937484564339,0.42093949089149374,0.5612945809763528,0.49405090746802816,0.16243518391222955,0.3158659610398073,0.11177037660557464,0.22511785820740676,1.0,0.1446495175402788,0.263319350990491,0.1197149747032924,0.21996816323970855,0.15457298224831637,0.36713311974365326,0.2786898112468062,0.25092369254321434,0.09976193410079398,0.14301074163147864,0.22700759061251807,0.25181362113071964,0.1798938538239229,0.18849414800049152,0.14721312831414074,0.2140542346095853,0.24121168408975774,0.13251029187948338,0.21996506479949296,0.23644172926163143,0.1956323278542849,0.11402714208140213,0.17821279860798417,0.20785867358505367,0.2043516310911195,0.223759739976143,0.19204801688401368,0.19055998443169053,0.1595897337821387
0.21421876791719313,0.26959761269499444,0.22482613269929835,0.16883757661548798,0.19805345788077358,0.2622289725629807,0.2550422588338321,0.16557181184629516,0.27813886860032594,0.17814850411637728,0.23772023937968179,0.22322008971640991,0.18492912126724687,0.25394429862093965,0.17361362076843193,0.18119141324852364,0.30147775173664126,0.32787725484160246,0.263011056592032,0.18208958402228387,0.10456700438419037,0.45107038630464624,0.259544910063961,0.24082498572040267,0.12191564633957291,0.3596100556791445,0.1631085082812842,0.18281290648627896,0.13157186853075248,0.21458058376875358,0.13958580931986825,0.17415696073120074,0.14056454613913985,0.2563405146335683,0.3402308315320271,0.13922600345408553,0.15560255798456216,0.21474466601799627,0.1992694086508304,0.196113905957398,0.2345124556624374,0.1877884769539918,0.37906495166284904,0.20565107362681218,0.24069773991800503,0.1359874797022826,0.2369380446794578,0.1958470330747385,0.2348460006103788,0.27392281353553344,0.15506724679450248,0.16364510733778434,0.17957711674578522,0.21810843850250813,0.23608163892922168,0.3520221462279748,0.16769181528611316,0.21153499230310033,0.18372985202497716,0.22670188381930279,0.24087991003176012,0.18796101267318424,0.16528437827842413,0.1350920279943162,0.14886473565708389,0.1145752821130021,0.2860699944463154,0.2908616003592043,0.3832371538621527,0.2852083731103429,0.1446495175402788,0.9999999999999999,0.163116877209587,0.22408329501591046,0.25108812059969565,0.25172553865320896,0.14088418176494388,0.2632962382008753,0.14719505759623505,0.15861602332835362,0.32968711783405685,0.2907332986513896,0.2389343183833654,0.5392922720841891,0.3196146886194132,0.5048340660980642,0.2370595432131996,0.4693947580960409,0.30311112462517953,0.3190454739564452,0.17155161623147394,0.12231510396981822,0.18060730491463878,0.2063378189482978,0.381437824374343,0.29803469076945366,0.28413790297735075,0.322295496202131,0.24343678125838758,0.23794634986167473
0.09950951574885902,0.1862701953409524,0.2051563192749504,0.171740629476574,0.20090109542517617,0.2002615868369597,0.23140128143070818,0.19003975919252164,0.16647438880683288,0.17923486179290948,0.2042064258648154,0.1642420587111874,0.20068781262152663,0.2319612001003321,0.22666491997948143,0.18281801607842993,0.29703074037646965,0.23296773675664983,0.1854613405894726,0.3004486677622822,0.37205988071120016,0.364886033495711,0.305412350689808,0.2869978005750622,0.19681189811513985,0.23913277619304232,0.35150945240829506,0.26781945266614693,0.176339070349262,0.33434771290426374,0.16017779708993352,0.12397163111499468,0.16898418532748175,0.1786668560376235,0.29143019033670575,0.17901323367316113,0.12296683730194927,0.14450308142131538,0.16354644602349824,0.2125650575710586,0.23011371099500752,0.18901182773314817,0.12327022840731144,0.15719090198545912,0.1325547683125605,0.1969861089061815,0.22239078554120387,0.13642762766962033,0.2343459844885949,0.17211164375680338,0.0797922873948209,0.19125493717492784,0.21569578810424805,0.16013882063360516,0.21189318506972799,0.20121710583598118,0.2205434449060051,0.1937758617557561,0.11969338713932584,0.21821761363850495,0.14219755085470992,0.1573320039211426,0.19856396027017947,0.15903387756077214,0.24284301730411909,0.29533602760325,0.19152723381730852,0.14645958853272775,0.1397244432635635,0.19920840463712594,0.263319350990491,0.163116877209587,1.0,0.21492869201969195,0.1803879816271494,0.1438518329344549,0.2677108178790782,0.39931423356760104,0.14250043686268765,0.14227206445448415,0.2207443234354718,0.144890642995037,0.13519040618574943,0.14959324758358422,0.21077180478460295,0.14414112062998835,0.1298625642611028,0.1489534659750566,0.2283882976164765,0.1470045664539939,0.2982946012734065,0.1827699380412786,0.11504777404369827,0.10632366445446656,0.14323306238987413,0.17722546298078046,0.09344034780149117,0.071163334736904,0.22436910870367177,0.1797521899027955
0.18231792908078923,0.31298463681024047,0.37975916258907705,0.17381041621014529,0.1488326949537631,0.2723888540043335,0.18953698185908052,0.17897779294175942,0.19652486250066123,0.4368766369115856,0.4574578157942216,0.3391478064137625,0.24143534277292825,0.2676930998921528,0.17318561440046765,0.17410439231934707,0.20439775987877762,0.1510320317622349,0.22224241080221965,0.1284640715311455,0.18151032954091315,0.16185130364379893,0.13269719693203977,0.2103725021366409,0.28650846580317685,0.2239121993746516,0.18709482830972743,0.18140306119373106,0.16300061585346057,0.25232243051548375,0.19660344594124599,0.15014494073378004,0.1745553532194313,0.1662895062033753,0.1257952570942155,0.1424816137205075,0.24534240534957819,0.29029935802846935,0.3530119723302105,0.36060290097905295,0.21969885996317526,0.22037834560598824,0.23693368200782622,0.32827175482034165,0.16336809872767105,0.2475198944553451,0.18085648183387038,0.19080040083198782,0.2771060269730803,0.2079176439668277,0.22526792551998032,0.2867794239026318,0.337499166189962,0.1978600277472775,0.11836195480321747,0.4022489175754042,0.2486125908483747,0.18408534260021614,0.320557434526,0.4450542252225204,0.4528900579217845,0.36830868512065174,0.24797596072519365,0.22098602083188537,0.09321537393653076,0.17115336901000952,0.3476455305436555,0.30633139808527,0.18315706080531136,0.1620487327036745,0.1197149747032924,0.22408329501591046,0.21492869201969195,1.0,0.2948938298378474,0.3798038262022401,0.25275499098169246,0.193518668621863,0.22387464378022767,0.22167945353264648,0.2155314562564194,0.2302688586445895,0.24388698706618184,0.26263256816938774,0.17289719609812118,0.24934493924735374,0.28363491061399204,0.25715888110386725,0.39516546354401405,0.4253706750772948,0.2675518632867332,0.44746518669913593,0.5694858718054802,0.31951913291544665,0.39689969594805163,0.35725355549709575,0.20833779526320526,0.17666007091542607,0.39675481221781267,0.2434425859525648
0.22016997454208262,0.19136259371316655,0.22130708381381076,0.2411373017685567,0.1850014595878394,0.20627501238638865,0.25648051331653604,0.2300940272933102,0.2225458431027751,0.496711870948511,0.4496374458196942,0.6609317873771551,0.28206063347816523,0.3714244530642321,0.2867529211823338,0.1721134404770629,0.268497915395044,0.3343407296880611,0.2794488839531881,0.1386755790729184,0.2305157273655869,0.2651436547446593,0.2138976511906419,0.3343177862669662,0.36641452317145967,0.543116237233497,0.11660362631118948,0.19550767413031914,0.11006658939351993,0.16245859506213847,0.3699066940475776,0.22857861399015522,0.12968601544734762,0.13085939766555055,0.1968867212777286,0.2229537144510835,0.16030828481041862,0.24406180897401625,0.11295206055269581,0.2659560407202644,0.12471940406237943,0.2680578935943022,0.14629552878347943,0.3655021419877709,0.1448287031990905,0.21122027329093268,0.09725014326734704,0.20675481319972192,0.12021129032507308,0.11621422852712633,0.3560779737568068,0.17324727723639982,0.19875816058358722,0.13708052169397458,0.18088440990809088,0.2938539883215973,0.19639944959076164,0.15337349092986832,0.5441135951896944,0.4504574719137986,0.6175708420328456,0.2937246433974577,0.37557978715541074,0.3333855519813377,0.2604116244763357,0.2882588228122169,0.2084079508926645,0.538875524061485,0.2345795300625697,0.22045005040465449,0.21996816323970855,0.25108812059969565,0.1803879816271494,0.2948938298378474,0.9999999999999999,0.5503955247551745,0.2427041884885103,0.3410916285650783,0.2759967650739083,0.26816140697070373,0.40436130882162646,0.18590864075354963,0.24623602264688313,0.19291352785764226,0.17912422565531969,0.17332339503767524,0.21890793067797243,0.25851506733093915,0.16699005109832576,0.1879810406415584,0.20632301948678008,0.23682282935960025,0.3171900545040994,0.3100937522378424,0.28611014681633123,0.26349712198899106,0.1734153315965551,0.2355588255396004,0.17564713396737663,0.1840055226892102
0.29943958309019775,0.2986528720982713,0.25171909799495557,0.28864916502350946,0.1748701588598324,0.26667194402425703,0.22776695676880931,0.3203949379153743,0.33673999142359284,0.6967364417390197,0.5672896010701624,0.6773516128368421,0.315539985369116,0.254485692196962,0.31862991248185607,0.2021316445283933,0.20815695720388575,0.20309663820554424,0.2247870959608479,0.1908864554254907,0.16292099188954026,0.2323675184895732,0.20392699475845877,0.4146235285030936,0.6293143328177299,0.502389452995732,0.13306936736658678,0.24145630412766408,0.18754591491294634,0.23013833825033017,0.37724800402781483,0.2619684362195421,0.19833894837022492,0.1948504645362756,0.15714921649605912,0.21351829683344575,0.18504915061273214,0.34576441745235514,0.2650201806402782,0.24741497604880267,0.1636935757107134,0.45899701366844115,0.22726671065170012,0.500473974925046,0.16923341619518223,0.2548942866488467,0.19115281417950064,0.26920956140110164,0.17107756863164347,0.14317701810707173,0.36466080714150406,0.2932961202540962,0.24371973736527686,0.24329690432543494,0.19274187365370885,0.332931893730909,0.2607059688554994,0.21560627710817212,0.64306472658613,0.5296647047698834,0.7340537258009421,0.3263902875774006,0.3072311695610994,0.24473854342752874,0.15659842210932923,0.26596878980558425,0.1313947583950416,0.3442955637770852,0.16478943828848178,0.2083840231420847,0.15457298224831637,0.25172553865320896,0.1438518329344549,0.3798038262022401,0.5503955247551745,1.0,0.30518900239544455,0.34300090275705464,0.3508379166277896,0.3082626680616135,0.2814847851010439,0.1527728266174078,0.22367426685388506,0.1851504841175185,0.19833881535825743,0.17727061811279626,0.2707379180349052,0.26514894155035795,0.19235292220658903,0.23176106995691978,0.17446811924673386,0.2410319261263107,0.4330937325694127,0.5069179199785736,0.377786102158273,0.3380861153717145,0.23467711080668802,0.23594111896534536,0.23546856868340377,0.18172314829713113
0.19189664834306408,0.18402281692296768,0.2764724757275712,0.19510435327570796,0.10975125061958638,0.15311986017746965,0.17666974396864876,0.13015249588574648,0.11165204294566361,0.3747616526534199,0.2670845876919058,0.24019119494421126,0.3460888931107504,0.3813160103854243,0.37078858671774745,0.27541117155441913,0.22993200261668092,0.2568766007948968,0.33556726020104605,0.3056996643415876,0.4208303131818558,0.19095551871898184,0.20863267985650538,0.35353064821572433,0.23284849283141618,0.2671540732872386,0.13595747990166174,0.26157350698104187,0.5968653372105872,0.1805568102835312,0.22118434931208697,0.13351390804801277,0.24160314432069435,0.22443501577780822,0.19828426798609017,0.31110531486047593,0.3422222081393366,0.18879589085783832,0.2041040123187645,0.28706833276666066,0.19988815124634293,0.17159558308754008,0.11994694452033842,0.30943523862303335,0.13873170136768095,0.38520862557398977,0.23499307987241383,0.25757934993572307,0.12308078364581024,0.2478571825823731,0.1730193675945316,0.1883872901837493,0.1646263284766215,0.22904067920249208,0.14146004020827613,0.1600321737072688,0.12443970866318611,0.1618590804986075,0.251289360274098,0.21164011660378124,0.2462633455722841,0.2843824953835334,0.35887554677592415,0.27427707567915166,0.2957036365246748,0.43395670054168534,0.13434906907148403,0.32605865870500755,0.19961550913778542,0.238512275606884,0.36713311974365326,0.14088418176494388,0.2677108178790782,0.25275499098169246,0.2427041884885103,0.30518900239544455,0.9999999999999999,0.28897106545247,0.09897913666311407,0.14798866603663324,0.2884430194458315,0.15636136429688274,0.10728958045199283,0.19670063512713107,0.2619533360140849,0.22692754991708455,0.47672757676820815,0.1952229987387137,0.21711944053982468,0.13518637533176184,0.16004845115355176,0.1759263474149077,0.30838223901621775,0.1025677138346175,0.12670176777916597,0.12086046189054517,0.3516536031800948,0.24056756224962744,0.17816744181351385,0.2772165658291317
0.1863943678077735,0.18805102758346204,0.1729954703824323,0.33188764201775023,0.21898042747006777,0.25261870310256257,0.22398295102891821,0.1842493148886583,0.24895844268133419,0.30467242633173813,0.34755768484307437,0.4331588319993411,0.46057107470539554,0.20984573887323585,0.3035698266943423,0.21382777898857988,0.21299691243827706,0.23429181030588236,0.351460365242128,0.31333500834260036,0.18274081425679797,0.22609585978986396,0.3192005356400742,0.3002765060310033,0.2332164026404826,0.368074304569504,0.2164573392265682,0.2919160407869992,0.2698780120381843,0.33044246551556566,0.1621374949609803,0.14076805112134605,0.1343311209975152,0.17351859899748268,0.2710125501494233,0.2412594132480682,0.22749367685323663,0.214359134843211,0.1518426611962581,0.19541149551387274,0.17763739078668256,0.17044350142407513,0.18106926831850698,0.25505422592749677,0.18719068912107203,0.18161789654795718,0.20055527770838308,0.18161875311959944,0.2880645270975266,0.22425763361692122,0.15626935938672196,0.1964914650577056,0.2518904188357597,0.1435117988093777,0.19501552309415882,0.23059558082156154,0.14007329636427518,0.18205511329672677,0.3511962979648754,0.2407285489928301,0.3192648939697913,0.3690466374485707,0.23412209971283868,0.26779254504147004,0.23784155553011715,0.3191033054637017,0.2540678899193547,0.3386866469583903,0.172927818077616,0.23605155679440318,0.2786898112468062,0.2632962382008753,0.39931423356760104,0.193518668621863,0.3410916285650783,0.34300090275705464,0.28897106545247,0.9999999999999997,0.12455441501185746,0.1654493903297512,0.27920513355586,0.1638951641512788,0.1552360378241499,0.15652006300629467,0.23619241635153276,0.17121149367837582,0.24058345690529984,0.3092591724574351,0.22317849207930415,0.14658522959558093,0.17418169881075612,0.12758020498945158,0.1837039332862374,0.146612484422355,0.19896424945746743,0.1733158596866607,0.26420728590031467,0.20560131415934574,0.22252222811469313,0.20260196425073762
0.3004451750153722,0.3735476522179119,0.18686297666064808,0.25453739159678224,0.184525860810402,0.15462013151161216,0.23064610393768,0.3994313834549179,0.306016136609204,0.29944410134426375,0.23039021419184708,0.259938054120811,0.11939516705529826,0.15570285714978102,0.2074965921938606,0.20255504375260538,0.14334234810948707,0.15871268753736867,0.15269652167923328,0.17263387061743476,0.1951764647270056,0.14417792654099165,0.1699767383130947,0.2606770134702161,0.33359046768911127,0.20618586013646956,0.15421094658027498,0.13388214042170563,0.11282161282643227,0.1360160927642105,0.48217220228027885,0.3348308385329253,0.33111153761407486,0.21695317247664012,0.20524953150033945,0.13879626401420586,0.217128850614767,0.36134446220176664,0.3050423463706386,0.20747536420913837,0.14451967319378395,0.3618754797330399,0.3659248400788217,0.2678300392340011,0.3773826207528898,0.24175147789884066,0.18920518885276758,0.30229567281156017,0.15835207123222383,0.169420772199157,0.3530880007679815,0.33480909535579784,0.2713424749002535,0.22898885080312237,0.20934635466533613,0.27071696434825193,0.37479112556252336,0.29112476854910124,0.29745300615114717,0.27964983252195785,0.28370284869225787,0.14334034877136323,0.19902676197966726,0.2825292304483494,0.2710076796678508,0.1930623667809073,0.1724923419695018,0.17164015915361153,0.18999286894479503,0.18480703182723254,0.25092369254321434,0.14719505759623505,0.14250043686268765,0.22387464378022767,0.2759967650739083,0.3508379166277896,0.09897913666311407,0.12455441501185746,1.0,0.35320064322566813,0.20837658729336145,0.17824425656922202,0.48410690615238655,0.15759887565154068,0.20359453678803047,0.17140055319430092,0.22411354786758156,0.17808697070839583,0.12768250779848184,0.23905645991414676,0.27060585584946006,0.2765401967502548,0.3526697683769479,0.5452877739947934,0.4197218828118786,0.3246075239108845,0.177980884884552,0.16621077784948948,0.16361233793281213,0.22154511187129963
0.27919917365564656,0.3328483707491132,0.1793610365000583,0.15871490727329884,0.09316464278163152,0.148022673093135,0.3369397842683098,0.3534806813323182,0.18127752316230708,0.2790029469396434,0.19190795372317382,0.23764120582582354,0.1498559319329664,0.12330389735219661,0.17459615760918493,0.3420462739984665,0.2533481568641738,0.1863292696496349,0.16390168418358392,0.19699729177871902,0.10155511575497292,0.16505870479258855,0.2041287894342707,0.309506561634887,0.34406427768210185,0.15275292343537059,0.18924535277340304,0.19727769268833184,0.13466042414583873,0.24285595397165946,0.37895850340060766,0.6244946936873242,0.21520458133904696,0.27608723026306964,0.187135386125085,0.1997676929070107,0.1375390354926235,0.45226808193948587,0.3169024999858363,0.2796661302385735,0.16243479089608417,0.3951680222704854,0.17260477577431804,0.23661429607000312,0.255410193836387,0.2728491881780368,0.2223548818445846,0.29710367896900003,0.1409531662236088,0.1430705207577871,0.5286015203217869,0.31122081963999126,0.3211675500105684,0.2325515833621613,0.1654599091846025,0.17357399319066488,0.3299704571225906,0.19241118857325668,0.2841884245527956,0.2307098799002558,0.29187515449320905,0.18125890952912083,0.204707454900972,0.17020600009288372,0.10506326477202893,0.14997620966705047,0.23133474077349941,0.15841476054946904,0.2636134274965679,0.17610612080933502,0.09976193410079398,0.15861602332835362,0.14227206445448415,0.22167945353264648,0.26816140697070373,0.3082626680616135,0.14798866603663324,0.1654493903297512,0.35320064322566813,1.0,0.20585655883226006,0.22781721939004398,0.316811084209857,0.2020134333290946,0.2918367652816157,0.23837226987801524,0.12773290962639172,0.15737090545652355,0.13186745169588993,0.16948110077917886,0.33548583911307867,0.38217534751725873,0.34935665741317684,0.4424932816991415,0.3267258207162715,0.22741946857096856,0.20529054572606312,0.2979740956282,0.14351922020002708,0.14940475395242114
0.2247961544487136,0.19540595824573107,0.2321324441802753,0.24248792739018082,0.1739710222388608,0.19764511202445895,0.2326260092837914,0.2020979730062596,0.2446675155717756,0.25166124123472355,0.2459751627121128,0.33437572317455944,0.20130580228323397,0.22497134394001883,0.1740985198533535,0.26525784878439335,0.2641229592992767,0.43993206294971526,0.23254989232434908,0.22725463970609472,0.11549568098275166,0.354500582664716,0.3091055782057932,0.3602697614344043,0.1853367835151326,0.40437557627922127,0.1541941316683382,0.28999487274451086,0.2327557930233277,0.17955138086392478,0.18071999147076862,0.19502501860860594,0.19238944755119047,0.3422158398366083,0.35668105415376233,0.24718536151852522,0.18578187228984408,0.2284533066339802,0.12315713787382815,0.26366060429925675,0.2234837232806218,0.18154483846347,0.2502244011038228,0.20087588498614,0.1843641511366113,0.15419875421764082,0.15522972905240112,0.1545536750277818,0.12187647214712992,0.2870556662335045,0.2191094328557127,0.1519877919435095,0.15132494224174062,0.1479649141784266,0.2578172142480574,0.2510916472230532,0.1842850029196887,0.2080610009544831,0.255058271334864,0.15654352109608938,0.24638856962073896,0.1576953306405281,0.1689690732635995,0.11592262469875504,0.1540743062087448,0.11818861119203142,0.20634515206475906,0.2540298224742026,0.5194242394561376,0.3779927462566729,0.14301074163147864,0.32968711783405685,0.2207443234354718,0.2155314562564194,0.40436130882162646,0.2814847851010439,0.2884430194458315,0.27920513355586,0.20837658729336145,0.20585655883226006,1.0,0.3146865173483419,0.21770254689638052,0.42859935898107365,0.4732366318147135,0.37537113040761483,0.2382264957257552,0.31950160278017004,0.25084594432840995,0.25276407289832037,0.22236570896999253,0.14302345626801186,0.18319578436353545,0.21091223264864678,0.25500395981198326,0.19583505958942876,0.1506387533166977,0.2492152474227548,0.1351184283085329,0.2972883084611263
0.24285612756617125,0.0784959951405997,0.14499028618797785,0.11439814725382759,0.1503226075053176,0.18299596362446927,0.20913549485532676,0.08148552978034326,0.1315244323754717,0.2088959477384031,0.18393448838952384,0.18290460196328745,0.21452547546550377,0.09686194583970231,0.16242566126027988,0.23653393750779864,0.21085687232395678,0.23657512814077802,0.15884796342790777,0.2576828147362012,0.14314248951646746,0.1595204235689553,0.2095821374641509,0.1881314670238318,0.13411002644464667,0.1783473358752489,0.3161362344002392,0.16340710100483488,0.185147176864286,0.284304351023083,0.13688350332523383,0.2255144357756958,0.22059075075147372,0.4394112746619381,0.3063886173720678,0.25042844830830635,0.1584271113770926,0.20852557542822023,0.2393232105893709,0.1951160181489183,0.4257397505966333,0.2725015691480663,0.34748069593317915,0.1505277916335758,0.22176468748286005,0.2812801027632215,0.4009561098143162,0.3591029797622969,0.1752471044472048,0.16956126259062512,0.1701278464584792,0.0918972440746059,0.17229692838100177,0.11482047687237676,0.15985932372983894,0.17175742066772068,0.1372932079486716,0.11469780348443778,0.19637896743459884,0.152821131278965,0.19045204390521292,0.16611116546772395,0.15421613562726297,0.1451671841453596,0.19544343507923329,0.1714066748502755,0.5341398092491407,0.17803163628376828,0.5321396789185239,0.3481006799824906,0.22700759061251807,0.2907332986513896,0.144890642995037,0.2302688586445895,0.18590864075354963,0.1527728266174078,0.15636136429688274,0.1638951641512788,0.17824425656922202,0.22781721939004398,0.3146865173483419,1.0,0.34952569194227673,0.45151145291370876,0.26424772134684604,0.565610722199559,0.2224681920506,0.27543469890755423,0.3480771600442513,0.4879057627535212,0.44118423755334296,0.25579171778958604,0.1988568180151265,0.28770591072144763,0.395379486997103,0.3104629462282974,0.34393974087489615,0.49469580515698014,0.22941912111550192,0.17319113568459132
0.31008977308097085,0.3955898550788136,0.23435510604696044,0.1918482693327697,0.16148217491810082,0.21651297570443334,0.15409386282101678,0.3357660484662787,0.26602708555420174,0.18551322051086794,0.1535702439004643,0.15163186500623427,0.16968179350359777,0.15949016879332364,0.12114948227220063,0.1534324688909795,0.14497612962961123,0.20796571846621947,0.1393052599215168,0.13602548703799855,0.10204769152054542,0.18902440124035189,0.17570400767706928,0.19457934580799502,0.23321399410511046,0.18234743923339064,0.22387032453943922,0.1356024003088062,0.1307713542526903,0.1283424224783451,0.29195383757403404,0.22936373733613177,0.24550443500224664,0.17898988343023073,0.2262140580739481,0.19083348675835748,0.17104232138070471,0.2987342258963128,0.2677590714806912,0.20179083065734374,0.19498939288246966,0.3260120209445306,0.5029732304080613,0.22327498073623644,0.6419461741468055,0.20158171197025232,0.16879813129636825,0.18172358143438866,0.17162100842042144,0.17255459569657486,0.307570080768458,0.31062890582461655,0.3441173710765347,0.1684529815593741,0.16178823490912758,0.31013645279354984,0.32016177578913335,0.20114736502316263,0.190547977915845,0.2478419767092216,0.22405494815990007,0.11981866126082485,0.17886815337648337,0.18775729484139828,0.2131562890791461,0.11775339147329027,0.3273202272560123,0.13847467333471036,0.19487396563932205,0.16137037266420431,0.25181362113071964,0.2389343183833654,0.13519040618574943,0.24388698706618184,0.24623602264688313,0.22367426685388506,0.10728958045199283,0.1552360378241499,0.48410690615238655,0.316811084209857,0.21770254689638052,0.34952569194227673,1.0,0.4044149474573277,0.24115950734141017,0.2821946064740422,0.2179265098074703,0.22246085616316258,0.19482606229304086,0.4124803294174592,0.39137164726890206,0.2706480889631308,0.28998552201742894,0.48383415287616266,0.5340773511276404,0.43533915381378097,0.23217112529311656,0.2159621420524764,0.21104131069000343,0.19444780802268735
0.19552064883327092,0.21792256813481437,0.26251766903555385,0.1732073545145529,0.1724597696239762,0.2309910944506335,0.28255131515113296,0.14228389489286491,0.24267151393669306,0.1431143610414565,0.1995243045249465,0.17674837886286895,0.20359077697175562,0.1746469892549771,0.17654005712693766,0.20265755143441577,0.1791301566902722,0.3785918490050478,0.155577916567611,0.14808153821004685,0.09158310124653932,0.3924795358301364,0.3481301875069767,0.24337732754150704,0.16566273798768136,0.3209549102717566,0.15378705772547568,0.2135860076890872,0.18130891503458332,0.22949321855316612,0.1325038044332019,0.18670739509655823,0.1265906621889358,0.45460617237589873,0.49881964993623096,0.17868068592935318,0.15783425757912672,0.13024912834209482,0.19976333569654767,0.25510591262020227,0.2706640782872934,0.26719999979547643,0.3982461914364914,0.16769360747517242,0.37623955869904163,0.12636136129337813,0.2835497219660005,0.1908998002896402,0.18780562731939962,0.2696110774583168,0.20157636016007272,0.12230463598321606,0.15687601541380594,0.20483425247910272,0.21204607110572668,0.31118912870824794,0.15868115819120532,0.22082717070168822,0.15065211980905277,0.19295587992390356,0.17797334271393614,0.19368901375706307,0.1397668981567038,0.13545327742597488,0.1677400995184855,0.1430161550759289,0.33946687335308423,0.17081789441562492,0.46394383184545646,0.3011038947830339,0.1798938538239229,0.5392922720841891,0.14959324758358422,0.26263256816938774,0.19291352785764226,0.1851504841175185,0.19670063512713107,0.15652006300629467,0.15759887565154068,0.2020134333290946,0.42859935898107365,0.45151145291370876,0.4044149474573277,0.9999999999999999,0.4115771265448056,0.6744251521864274,0.24110855837056988,0.3896998628227893,0.33867379298631656,0.482703217195282,0.23430782350491275,0.19548688186370072,0.21349597868118855,0.26110536307723875,0.3086609936401263,0.2946260201516673,0.2532848885550058,0.47648724914477414,0.22203984423597017,0.2668332466860278
0.25520899394568797,0.1358147524916119,0.23031917611508235,0.19210302256829098,0.22089272086781872,0.12918824096160736,0.1551358328160867,0.18483332160726865,0.14268325725326825,0.1613793629907937,0.11820418388689963,0.1176780120633477,0.2591648653422768,0.23069665127801262,0.14747597173608618,0.27783511411479067,0.45129960720236134,0.27050968670846853,0.3650064576253845,0.23846382463306356,0.19587686819429664,0.4279427546656484,0.2794892721016811,0.24495779732231118,0.16794280601175232,0.27899557395107816,0.35772905230622576,0.41344414686748115,0.18205043906325227,0.18169299939242123,0.19637941396505706,0.3213529382376749,0.26122487571786585,0.4367890854193506,0.4732882475135064,0.24658164114337114,0.18757836490791305,0.165922707192095,0.14190365447162434,0.25675418207756695,0.11615263921507146,0.2536969068558528,0.19379808148655372,0.16281871001938286,0.23037007362326764,0.24979476118180433,0.31913710090106484,0.22460649418867557,0.11601324901760479,0.17777587813180354,0.178319500283477,0.1909187882870915,0.2249502714450406,0.2767396750132201,0.2202775424861717,0.153213925154202,0.1829656701162656,0.12885554995832216,0.1538950599627935,0.15039765781134043,0.17659463738862788,0.21480717331697366,0.21679340273443629,0.18116766093190229,0.15493660214640634,0.12095728734279147,0.12567039191024368,0.2768443741773651,0.41035476940948934,0.2557283413397867,0.18849414800049152,0.3196146886194132,0.21077180478460295,0.17289719609812118,0.17912422565531969,0.19833881535825743,0.2619533360140849,0.23619241635153276,0.20359453678803047,0.2918367652816157,0.4732366318147135,0.26424772134684604,0.24115950734141017,0.4115771265448056,1.0,0.4092839797985411,0.21654632744437805,0.3540623205215734,0.20581558855605667,0.20470174028333918,0.2564183589558561,0.2075831039495883,0.23162452105675352,0.2208735501209836,0.2078068299062409,0.1214577611331912,0.255106381551232,0.28633583861329137,0.1699638642041308,0.24172571668895318
0.23853496158047421,0.12712741355530024,0.1746573455338164,0.11789101496917559,0.15287331110593066,0.19442089577180177,0.3158927764861357,0.13995818257913337,0.1964941257392402,0.16477866459423585,0.1772098344076689,0.16303018222154061,0.23449308437061755,0.17055010646068655,0.24475516589837565,0.2001448927048452,0.24176322661708638,0.28258694382956706,0.21002056423780704,0.20319441974731403,0.08655049727889061,0.3377507849100024,0.3432149027579891,0.24806809295600657,0.17151839050369527,0.23050392328806735,0.18187025216692196,0.20487453925334848,0.20162985991585505,0.23204039581646083,0.23048863369894523,0.24713658206538128,0.12762789938694963,0.5467116586630262,0.455085793134642,0.15807672521435273,0.21636073131557723,0.14015047048991844,0.20068097546491107,0.21219600508332243,0.33321214100559243,0.30512611167605913,0.32573099873307826,0.1810598568790304,0.27168029778598807,0.20819777856767807,0.4439776546663057,0.32683588350256637,0.2778548555899045,0.29758329595261146,0.17152364635917894,0.13082676117020722,0.16579640782569693,0.23037307448631922,0.15770454293549477,0.16669522108889778,0.1445218341198271,0.20221655295056926,0.20984836454998157,0.19237800610566075,0.18074161876358358,0.22330722099004097,0.17020590628688165,0.14665550365956773,0.16234737053468046,0.19398483330293975,0.31575733639533593,0.21776167196436527,0.5417766720735038,0.29431550678629237,0.14721312831414074,0.5048340660980642,0.14414112062998835,0.24934493924735374,0.17332339503767524,0.17727061811279626,0.22692754991708455,0.17121149367837582,0.17140055319430092,0.23837226987801524,0.37537113040761483,0.565610722199559,0.2821946064740422,0.6744251521864274,0.4092839797985411,1.0,0.3046604561296173,0.34991517866524274,0.3379680462961446,0.3820389436891984,0.21636266886764782,0.18292472026222675,0.21654605514859143,0.2840566612177105,0.30714953132944095,0.2536983887315653,0.38136954073444174,0.5575723174789463,0.23251731424633731,0.299355185616255
0.23825926590467109,0.1739034413815018,0.23115496463735055,0.23973428361396074,0.20484128888299427,0.2640232780214253,0.1728437025609929,0.15269280844859615,0.1191414765086069,0.2798554092589068,0.2717426847579638,0.24477681364318563,0.2920667557902296,0.289294760309647,0.22635350603040258,0.2003629437434924,0.15718775991262748,0.20456845327363143,0.2464876545534523,0.18352083908403224,0.24876335473603625,0.22322061632396856,0.2554827117857113,0.21805675886910522,0.1619144228122589,0.25395505692535847,0.15253647958913796,0.15224931203737305,0.43171324168988057,0.20856466180937044,0.2256565812820282,0.12735969885623386,0.19991977442353417,0.3153128267845927,0.2504075259770391,0.3089217635512194,0.6830997240295593,0.14912530617317546,0.125529065798391,0.15396099244826372,0.28540623935735204,0.18780823882007364,0.22352679880023615,0.3253116417312083,0.21079742440925817,0.24031997939649155,0.19989529650331556,0.20211003215370973,0.3404506434200342,0.4073065880181943,0.14924673968515145,0.18898455660033345,0.16130338445254463,0.19111104105812543,0.18916960724494256,0.19812162275474254,0.17898308901198437,0.2223166943786553,0.3294615003806339,0.2833893580385078,0.2875829680357376,0.26204819740724483,0.23395760494908607,0.23242291507382631,0.24951805957982473,0.28521572606981194,0.17592487219691005,0.3451963033421943,0.23936086737732037,0.20759626168331938,0.2140542346095853,0.2370595432131996,0.1298625642611028,0.28363491061399204,0.21890793067797243,0.2707379180349052,0.47672757676820815,0.24058345690529984,0.22411354786758156,0.12773290962639172,0.2382264957257552,0.2224681920506,0.2179265098074703,0.24110855837056988,0.21654632744437805,0.3046604561296173,1.0,0.3458497048660724,0.3609554364222752,0.2278488252801375,0.1441210203546347,0.1917618808196921,0.26018066512266436,0.20160007396620552,0.22760879788180133,0.3371786039449061,0.2565336677876184,0.22719993326548973,0.4580272528157603,0.5771934762032018
0.1578715214896609,0.21683490399198738,0.2287537667678573,0.18503634462732535,0.2901642807917639,0.24533379950416986,0.18567180419754148,0.1673282748823348,0.22330588520171635,0.23261597617701438,0.3912985221449167,0.32450230154377635,0.2668571756669374,0.26691489635362997,0.18544639709064825,0.12918307040374263,0.179374253535159,0.2888680852229909,0.27533938290714277,0.21921868150524346,0.24389143128583604,0.2555983108156651,0.2608892009652092,0.22770436082490278,0.14363124703874056,0.42765037957936997,0.16630613121048377,0.3797436150863846,0.14406666933738085,0.3036552982011463,0.1801609386639146,0.20494865939947463,0.22401302585832325,0.24448736722484402,0.29611143024096576,0.2023123208690878,0.2867469712947536,0.18360197851989724,0.1453928363176823,0.1872458177415641,0.20302467629317097,0.28003739516411313,0.32846284059709163,0.2477125014538498,0.2219474872685749,0.15580010142701683,0.19772175952206353,0.23216812646361695,0.20998899701653018,0.22743870083307055,0.1398888827627623,0.1753491290685655,0.18248370624064422,0.2090321135784447,0.2324048842698716,0.3400881923011844,0.1740261430976931,0.1915694211850743,0.3017431322226154,0.29638874552949007,0.29868615112175373,0.26392075885099203,0.1861445090910336,0.17727334497231048,0.28823782984948193,0.14556644957550005,0.2300542537351369,0.32838014485186373,0.34108612523959164,0.2801641361338349,0.24121168408975774,0.4693947580960409,0.1489534659750566,0.25715888110386725,0.25851506733093915,0.26514894155035795,0.1952229987387137,0.3092591724574351,0.17808697070839583,0.15737090545652355,0.31950160278017004,0.27543469890755423,0.22246085616316258,0.3896998628227893,0.3540623205215734,0.34991517866524274,0.3458497048660724,0.9999999999999999,0.3179035728798183,0.286891853318408,0.10735379474266571,0.13043538287767056,0.17199526472708931,0.2927853627248807,0.30420060340630306,0.42940645971304797,0.2233462145687057,0.2578547574681587,0.3392785081583775,0.24314201290768492
0.1796207507632239,0.17639608689279002,0.2835419089600913,0.2132725494662856,0.1566015219611909,0.23334826026623945,0.3178570687262845,0.15382313842215903,0.1706515888237738,0.2530522499833123,0.3017191843670103,0.21363510457997875,0.25428302966490424,0.2281810616331044,0.200828287797344,0.14440284559355662,0.1734690554377022,0.24915185049363653,0.26744885703948273,0.2680409415248741,0.2076077664378415,0.16582131792925103,0.1286718116718159,0.23175902875867288,0.16204453794209936,0.20954861704549935,0.14200411088340395,0.1452087693921125,0.23492557999649147,0.16007182326058056,0.11858136881778898,0.12226242211393078,0.06831371068993555,0.2566498597603201,0.15055561685587573,0.35880646323078613,0.2541952047135727,0.16179648877362315,0.26860844665882333,0.23557607647437961,0.4425408432910411,0.19111205895313366,0.24840852839700958,0.20497284942103422,0.13542761529740155,0.1786732442315746,0.1265250276961816,0.13178886837763437,0.3841752372384363,0.42929643016647306,0.18550868542294438,0.15537113682063483,0.21894000112813664,0.18773765666412956,0.14773745663756255,0.31159446408274966,0.13275611945045482,0.1642890732733029,0.1816658385824964,0.2721067936735193,0.2334784353518313,0.2605059628483347,0.1785361964242437,0.12307478284762687,0.2055046174268317,0.12938617445181758,0.36003156673726344,0.20764841925075028,0.3195570729189206,0.34014476565665924,0.13251029187948338,0.30311112462517953,0.2283882976164765,0.39516546354401405,0.16699005109832576,0.19235292220658903,0.21711944053982468,0.22317849207930415,0.12768250779848184,0.13186745169588993,0.25084594432840995,0.3480771600442513,0.19482606229304086,0.33867379298631656,0.20581558855605667,0.3379680462961446,0.3609554364222752,0.3179035728798183,1.0,0.4296005231752681,0.1643327525126517,0.21258370218974637,0.3457836899944135,0.17624726020663814,0.22388829656888337,0.25009946670020694,0.28029677904960915,0.25472167329829387,0.42182714815772504,0.560370626948438
0.25222978485899084,0.23542067058141988,0.31657356567222555,0.1189712780536878,0.1486425135432987,0.24445320487412606,0.13210250670729057,0.17223307015017955,0.2581012761791802,0.1841556161658221,0.2881525188902352,0.20817710089994637,0.15953261846333402,0.17435057953578567,0.12166489706672033,0.1601091011602059,0.12523862574982747,0.20896810501702565,0.10836776737776593,0.1368341599485383,0.10846095874335722,0.16022683857000553,0.25172931275347316,0.20063757072764926,0.15661638198341546,0.2694467674294723,0.18415356888043277,0.13479380046309675,0.13167360638195316,0.21853450295299062,0.14774927890051676,0.1533983196005649,0.19132908086314246,0.21607913242912086,0.22958933697972697,0.23853442300538588,0.15528090743308323,0.2697285175141586,0.40845000532356124,0.25172379866801575,0.44434844146183666,0.3160951906974916,0.5704465800919273,0.18095648960982724,0.37864262185426795,0.16234302741390694,0.2024558919994561,0.11217773984934948,0.1926166754692763,0.2012900241526115,0.21156170156222448,0.22124688769709117,0.23031510874660582,0.10962198273950975,0.24113243056039735,0.29915236526558225,0.13050774541618526,0.20022473080449038,0.15927498434111217,0.2575629904106703,0.22842807975550655,0.18397519642073043,0.1483264041444594,0.1449599768909331,0.18504416249412792,0.09662663670232816,0.46172290173912744,0.1650668603463613,0.29080705224745973,0.20232568729915534,0.21996506479949296,0.3190454739564452,0.1470045664539939,0.4253706750772948,0.1879810406415584,0.23176106995691978,0.13518637533176184,0.14658522959558093,0.23905645991414676,0.16948110077917886,0.25276407289832037,0.4879057627535212,0.4124803294174592,0.482703217195282,0.20470174028333918,0.3820389436891984,0.2278488252801375,0.286891853318408,0.4296005231752681,1.0,0.3389849946781929,0.29015780281436826,0.3361445097546272,0.3127149931814051,0.46597406484730847,0.3208977331472005,0.28415031216791153,0.21599029652278467,0.28981641738070807,0.2597527390084473
0.3270717701169092,0.2127973835232543,0.20430668652413086,0.10135284792266674,0.11709569505282014,0.14838106059957712,0.12122869813068103,0.24544185806442756,0.16500272084691844,0.21092725906617205,0.11330048885015068,0.15074704893226176,0.2716885385752368,0.12743625599684605,0.09988087053655217,0.31945158246603184,0.29594161920886025,0.18010501139788282,0.17869294734363453,0.17715667927282047,0.2078233266511997,0.1467124624007828,0.10944977174410069,0.10555438396500684,0.23037256296660635,0.1299542965948187,0.3856969792940403,0.1874131808889544,0.1520216285610284,0.19318672840515094,0.23893222444335616,0.3419800647657031,0.3544591770918747,0.20937409633554377,0.20185114060101586,0.13490691479251096,0.14354757032246943,0.42943561973974664,0.3171378779204462,0.13568774357303726,0.26219192128694735,0.309425767032205,0.29945418524391454,0.17215466123917167,0.2803341734397091,0.25188907149227274,0.22857519871401022,0.23908783617205182,0.10325125641085256,0.20473783902948062,0.2843138837861442,0.21068055929860618,0.3214714568842892,0.11721444070925675,0.11313380573346807,0.17962361198129378,0.3337357305699538,0.13149537149376644,0.13882409311946295,0.16637695347558823,0.1720992440011511,0.16997119933779026,0.1675518075566525,0.15983975425644315,0.2425238275179624,0.14137810281799565,0.4271868732548478,0.1593416337563698,0.29287149388066713,0.15715330800928395,0.23644172926163143,0.17155161623147394,0.2982946012734065,0.2675518632867332,0.20632301948678008,0.17446811924673386,0.16004845115355176,0.17418169881075612,0.27060585584946006,0.33548583911307867,0.22236570896999253,0.44118423755334296,0.39137164726890206,0.23430782350491275,0.2564183589558561,0.21636266886764782,0.1441210203546347,0.10735379474266571,0.1643327525126517,0.3389849946781929,1.0,0.39700250566767836,0.24166265170505213,0.36846726359912735,0.5083863395209001,0.3759243267489543,0.26424959508325035,0.2848994913637776,0.14112389767006975,0.19707599619600802
0.1879317441737513,0.3673477297602112,0.24586175976950458,0.17174989692492215,0.10862405973708984,0.13355659741151948,0.24038183404675276,0.31986913129275285,0.16756798138599616,0.33315721755397304,0.1977113861504258,0.19148168818106107,0.17024259048332802,0.18363281624044844,0.1540749568863081,0.18462879397656984,0.2922462975798338,0.16774487240749,0.1690045007853903,0.19695195754847533,0.1585823329430723,0.16142347783101585,0.10694209343841315,0.13940266794885933,0.30642929563461235,0.11899950810666034,0.2985059337273641,0.16846393037710386,0.18679258707596363,0.24024917276191604,0.3244791607052507,0.2491654279051817,0.13929542411750673,0.2043518446156702,0.1268349047666213,0.13219020556987895,0.2165976447071644,0.2846758922211088,0.3012785708703766,0.2390604396889885,0.2369757044896996,0.2603677513260022,0.21938610473371406,0.24002143029505363,0.2163729027372872,0.3221608648734444,0.2203053348587488,0.23646749235772396,0.17280418137104087,0.16976031236033645,0.3229330102468122,0.3691163077956707,0.3346422284893836,0.21940430392652452,0.12353400050645727,0.23200622721324626,0.3951431795235898,0.18371602517774668,0.2612173331893077,0.24331939890903548,0.2579854507233257,0.22821795154114669,0.18151286951478135,0.18469134110542956,0.16670395492744536,0.15660764801017119,0.35885951752610395,0.19960761405846408,0.21484182219864031,0.16873539882647262,0.1956323278542849,0.12231510396981822,0.1827699380412786,0.44746518669913593,0.23682282935960025,0.2410319261263107,0.1759263474149077,0.12758020498945158,0.2765401967502548,0.38217534751725873,0.14302345626801186,0.25579171778958604,0.2706480889631308,0.19548688186370072,0.2075831039495883,0.18292472026222675,0.1917618808196921,0.13043538287767056,0.21258370218974637,0.29015780281436826,0.39700250566767836,1.0,0.42410662353439077,0.3900312410361573,0.38352445992602957,0.29620629377369023,0.1984569066110766,0.24966161798414835,0.28189637664224043,0.16440826316967708
0.2564062783011584,0.2637218317408079,0.3230478185923515,0.20945717640468026,0.12533287127012527,0.2292043409822696,0.19485209551403793,0.20957095699222625,0.21138869059487145,0.5362526660245199,0.3599167557301559,0.3198198100413016,0.2582646589425297,0.29201219078991003,0.2774700305419794,0.1736019249587345,0.2216344075617922,0.14327404017934936,0.22042958463009282,0.1765229684793243,0.12684844236473983,0.13249200043293644,0.12789484606722873,0.30767618392449103,0.3717804639043382,0.2185571442988525,0.15417243441706074,0.1845322159123444,0.2328433374753059,0.19221978528073716,0.3234238638104154,0.23751581154538734,0.1317725482619821,0.2248354168388553,0.1408861602416108,0.24429393080914508,0.21236421437096642,0.37090869725205855,0.4732791981233864,0.33427562954326456,0.19368655183562258,0.3798739963973595,0.2432797873302438,0.47682934694999246,0.2090196670242149,0.3529264072678775,0.2167149669370125,0.2570467790713458,0.216365452412026,0.20987697414944798,0.38502945348967677,0.30888508777786533,0.33138627873943594,0.2958301345592797,0.17716604773000624,0.3173728071134479,0.21375466135729218,0.18058897253579562,0.4069814915125204,0.4317250224560783,0.4638407129573949,0.31079935019875,0.2984729528594452,0.30212169873092526,0.12278615897497928,0.2387166337858568,0.20099529358278198,0.2531809864966338,0.21802154484677203,0.21166393948006682,0.11402714208140213,0.18060730491463878,0.11504777404369827,0.5694858718054802,0.3171900545040994,0.4330937325694127,0.30838223901621775,0.1837039332862374,0.3526697683769479,0.34935665741317684,0.18319578436353545,0.1988568180151265,0.28998552201742894,0.21349597868118855,0.23162452105675352,0.21654605514859143,0.26018066512266436,0.17199526472708931,0.3457836899944135,0.3361445097546272,0.24166265170505213,0.42410662353439077,1.0,0.4605309872087803,0.417766958308696,0.3129089545170541,0.31097581099926125,0.19869918132984954,0.30705827987370704,0.20157097342746655
0.35418519877856225,0.3278843324742041,0.253835392106857,0.1993763639843073,0.179181657623247,0.21347192031174692,0.2317469288380003,0.40356397150448486,0.30523547721923344,0.4297224681413995,0.3090176202729414,0.34808763799869263,0.16130570119282747,0.15074723927732636,0.1520638166741578,0.19451002725450262,0.2199392876439262,0.14637840655488324,0.15999089861580076,0.18396518926568373,0.11461213734863335,0.19170506441270108,0.19638919765866336,0.2435845317143878,0.4510113858119088,0.24939089699619785,0.20065289912636156,0.231022518809205,0.13238449689557027,0.17314368359776522,0.45332683630118537,0.3970885894086431,0.2380764877555336,0.22239235767492432,0.27471933346099403,0.17908178590075438,0.19691453736414868,0.4407003717360415,0.3764080535822433,0.27380303347770024,0.18940452802641317,0.6258841237129166,0.3791170304958636,0.4306483521789919,0.35506582013984683,0.25134984762334206,0.2789931891879718,0.3130616018294797,0.177357806995066,0.15775505091042438,0.43834290260795133,0.35700144594524297,0.3322005786100683,0.21006614173046073,0.1738642927747302,0.26312327322539586,0.3411027507699248,0.26571011807483885,0.4781415415209232,0.3381253144266802,0.412482867748989,0.2013870516153995,0.16340162582552162,0.22222583862869288,0.2053091326740542,0.13182890338177566,0.272452442904641,0.21180245815231255,0.2165146068213958,0.15375343036633626,0.17821279860798417,0.2063378189482978,0.10632366445446656,0.31951913291544665,0.3100937522378424,0.5069179199785736,0.1025677138346175,0.146612484422355,0.5452877739947934,0.4424932816991415,0.21091223264864678,0.28770591072144763,0.48383415287616266,0.26110536307723875,0.2208735501209836,0.2840566612177105,0.20160007396620552,0.2927853627248807,0.17624726020663814,0.3127149931814051,0.36846726359912735,0.3900312410361573,0.4605309872087803,1.0,0.6030985647132219,0.4939209808423557,0.21048187766610188,0.23368724078606665,0.2508038474355796,0.18980358532850022
0.415789120807797,0.36923303761924786,0.2542908982482326,0.16817215133879027,0.1645199059280243,0.27421489221548284,0.18583358164867889,0.3004607833187225,0.2557424937769236,0.3436975300940355,0.28746059379024635,0.32005913818408116,0.17028112608589022,0.1226803863966722,0.1156158376261595,0.2403881641571087,0.20991047504482752,0.15265764670177576,0.16081637342327348,0.18316844195907464,0.13056293699217905,0.18481679887520427,0.15800081986448744,0.16383667473063074,0.29914276610389273,0.22280424487622053,0.3051839634858224,0.122604252408688,0.1496754266364207,0.22141248861468316,0.3095803602561425,0.358626690112771,0.26083802394157296,0.14464466130519202,0.19351197091413017,0.17518669321343885,0.23129745154009335,0.5225969483159139,0.4720901253980198,0.17059818507508293,0.2896681543232844,0.5270762190408957,0.5713347266822602,0.3404737851163003,0.3545748561005735,0.27001688276260194,0.2403312160400584,0.29622249610925366,0.21387041968349302,0.19616679432118123,0.3108869226316995,0.3067225669718427,0.361715226894001,0.18595576870971212,0.14734750891445259,0.3373365619823902,0.36591148226349857,0.17285360402751493,0.3564793845122212,0.32254326971234476,0.38645969027053434,0.15134815185947473,0.13365046440403566,0.17740544161478702,0.1836479680705317,0.08456619273117917,0.36299289830838943,0.18482368038228955,0.23177422774700676,0.11639595946937016,0.20785867358505367,0.381437824374343,0.14323306238987413,0.39689969594805163,0.28611014681633123,0.377786102158273,0.12670176777916597,0.19896424945746743,0.4197218828118786,0.3267258207162715,0.25500395981198326,0.395379486997103,0.5340773511276404,0.3086609936401263,0.2078068299062409,0.30714953132944095,0.22760879788180133,0.30420060340630306,0.22388829656888337,0.46597406484730847,0.5083863395209001,0.38352445992602957,0.417766958308696,0.6030985647132219,0.9999999999999999,0.5705737475733278,0.31668813778221255,0.1924682834839558,0.3267836078781183,0.19704947670615394
0.3284850193182444,0.3256957739936187,0.25799056614413557,0.18536666538396623,0.20727942772284244,0.2843131950418647,0.15500798246864966,0.24350541794876954,0.2097148059051857,0.31279675747831326,0.3549967733242744,0.31067328063279376,0.22653026896582823,0.14973049614237183,0.14201155714744967,0.17128168452790798,0.2020994250316818,0.19974955794825128,0.12826882260608144,0.17756630563566791,0.1723321724697343,0.16152770025622862,0.18074006404306356,0.15802928342261624,0.27435993927576335,0.2698309129076324,0.248230111433161,0.2035638088672342,0.13973267330813113,0.267800057801666,0.38127440792614875,0.15268580140872592,0.1369871231642983,0.18500009946162732,0.18376522100576845,0.20576218222767304,0.24258250694958952,0.34217152339777357,0.23596987198550246,0.1793535787156607,0.25962874946511383,0.4163820065981869,0.38342784553822534,0.5227913064178624,0.29154569846092326,0.18577927827081958,0.18530545144734717,0.2808370669041911,0.26055859479411986,0.2306933417491831,0.21962433786698732,0.29225894599843216,0.3702910306114932,0.1201660223792358,0.15787957135332317,0.32746059105120495,0.32975803994314534,0.20174590170022644,0.39838307451926175,0.36053343335013804,0.3875727263479218,0.158958206560435,0.16869749819934143,0.16672856686913343,0.2716190168786513,0.1282854256864692,0.3378357192999726,0.2362522568858708,0.22365695323385515,0.18411799207345578,0.2043516310911195,0.29803469076945366,0.17722546298078046,0.35725355549709575,0.26349712198899106,0.3380861153717145,0.12086046189054517,0.1733158596866607,0.3246075239108845,0.22741946857096856,0.19583505958942876,0.3104629462282974,0.43533915381378097,0.2946260201516673,0.1214577611331912,0.2536983887315653,0.3371786039449061,0.42940645971304797,0.25009946670020694,0.3208977331472005,0.3759243267489543,0.29620629377369023,0.3129089545170541,0.4939209808423557,0.5705737475733278,1.0,0.23708985779499062,0.16590000792131437,0.3858617296025793,0.2398532493257646
0.2560664623288812,0.16082548032426505,0.16228502044804533,0.2299628944024152,0.1391609985776007,0.19089095851944726,0.24374303876261294,0.14402522553177247,0.1663250292644906,0.2432078053366678,0.16299232464733474,0.20225056173069006,0.36064577588183666,0.19136250768812368,0.31188003274113707,0.2474360099156587,0.17445871753061162,0.20519486949368607,0.25404386120808836,0.220336926174514,0.2120232960068355,0.13015754686630968,0.13351338858827075,0.2329538856098017,0.19663535362708623,0.17004271092910894,0.21952468258171826,0.1789095710004039,0.3560062703936754,0.16796972171981442,0.2292909784526864,0.17618975806831133,0.25259428742638224,0.2029848026773628,0.17682491649194357,0.28602958515555343,0.2904283913276322,0.21417219314448754,0.26204104893347113,0.1408606080856254,0.2937948627968315,0.2433156037256906,0.3026568933435831,0.26787145533363893,0.22764942949093467,0.46419073740478045,0.32048297503309625,0.3814976255474785,0.23252249226875427,0.32413726964905726,0.26569099270053287,0.1629839354029386,0.16717102369018477,0.1248848101984976,0.09578731775361049,0.11538798432537194,0.1891146126427477,0.13479836816197838,0.2189644365335599,0.20524251183698664,0.17668066505587388,0.3135136838542538,0.28045790205039506,0.30582067269046287,0.3120372341329489,0.3182112202395155,0.2531158906423981,0.2422765494156019,0.21181082105859855,0.25283608044705536,0.223759739976143,0.28413790297735075,0.09344034780149117,0.20833779526320526,0.1734153315965551,0.23467711080668802,0.3516536031800948,0.26420728590031467,0.177980884884552,0.20529054572606312,0.1506387533166977,0.34393974087489615,0.23217112529311656,0.2532848885550058,0.255106381551232,0.38136954073444174,0.2565336677876184,0.2233462145687057,0.28029677904960915,0.28415031216791153,0.26424959508325035,0.1984569066110766,0.31097581099926125,0.21048187766610188,0.31668813778221255,0.23708985779499062,1.0,0.4222376685422471,0.20572808730307496,0.25523944794925457
0.23835978518612147,0.16587287620123697,0.20502959435971693,0.15552384277929523,0.06150989880820629,0.20518693799214813,0.35932355210173056,0.17917298404677445,0.1932739828023194,0.24202681141365634,0.1931719281619403,0.21840245950491424,0.2868699687168229,0.14380418517143517,0.295229260861404,0.2805492066360891,0.23414269670446458,0.27096424168311645,0.2291131134171141,0.26871373057536463,0.1765411740615139,0.18003933544778372,0.2113029765137799,0.23540791074292802,0.2152474758147008,0.1482370250177337,0.19670148852083216,0.19293609986165944,0.22360873347250398,0.20797491100320273,0.24733922847057904,0.2410446427946534,0.21354808877185552,0.4797089478439668,0.30407805495915163,0.2066367322823609,0.1997058621391101,0.1516247050241434,0.15777764446703876,0.15815473140958103,0.3122725386768617,0.24595350458968923,0.19706518250564975,0.16153538710897383,0.1897485810080944,0.3063386183415564,0.40199726109526845,0.4270000052827648,0.2539407684433889,0.2627664996511587,0.2606149564215647,0.20647143118682953,0.1750059913416639,0.21443497486024618,0.11836259964251827,0.21038485389185987,0.20704000528831654,0.12941428261925822,0.22543100724809942,0.20260951133465468,0.20783375737358667,0.248379013334045,0.20117153117769182,0.18798323802030165,0.24350060907300186,0.2408115573335733,0.397455380216331,0.21497637441027756,0.4368674413486629,0.3239631412198492,0.19204801688401368,0.322295496202131,0.071163334736904,0.17666007091542607,0.2355588255396004,0.23594111896534536,0.24056756224962744,0.20560131415934574,0.16621077784948948,0.2979740956282,0.2492152474227548,0.49469580515698014,0.2159621420524764,0.47648724914477414,0.28633583861329137,0.5575723174789463,0.22719993326548973,0.2578547574681587,0.25472167329829387,0.21599029652278467,0.2848994913637776,0.24966161798414835,0.19869918132984954,0.23368724078606665,0.1924682834839558,0.16590000792131437,0.4222376685422471,0.9999999999999997,0.21633580225560534,0.2446308400830767
0.19953696299360896,0.21586717887522322,0.33754690360833345,0.22609809679208845,0.1565774588207148,0.4461758141713997,0.22690969764535068,0.1649647155325396,0.12902842488723537,0.25289854128700123,0.3671941221808174,0.1990601033401923,0.1997855282728498,0.260784678570914,0.2027536394025836,0.13565194485730162,0.18758747815947488,0.2191359981588499,0.18218522027900838,0.17677781738283982,0.2219099825249584,0.1924738448214254,0.20732373064837176,0.15050363459145288,0.13970436124306018,0.20630151194430416,0.2770722151083636,0.16342570157700087,0.17025896473162724,0.3150823310393125,0.19107308968651857,0.15260302840781914,0.10881353450421312,0.1896604884498239,0.17658209027176253,0.2383602608767443,0.36986004666228367,0.1517709877985195,0.21907596131661403,0.17341667301846894,0.30713703918488044,0.21083979275516654,0.31039399155089226,0.2930206990992883,0.17458142502996923,0.24392961449196346,0.2598095393622772,0.1892703171966386,0.6563575096788752,0.3353017250356409,0.14233247912973968,0.26187462746492596,0.27764019842902055,0.22561978561538035,0.18634158370077714,0.388621513007054,0.22754031980951298,0.15985644661392875,0.2830193621460064,0.32979769509120593,0.2651570489699449,0.274172075335195,0.17132859245582996,0.16269998504922797,0.18018099742347707,0.17904607570065,0.2852863855009056,0.3065187484835721,0.22057911174585165,0.19986001147886756,0.19055998443169053,0.24343678125838758,0.22436910870367177,0.39675481221781267,0.17564713396737663,0.23546856868340377,0.17816744181351385,0.22252222811469313,0.16361233793281213,0.14351922020002708,0.1351184283085329,0.22941912111550192,0.21104131069000343,0.22203984423597017,0.1699638642041308,0.23251731424633731,0.4580272528157603,0.3392785081583775,0.42182714815772504,0.28981641738070807,0.14112389767006975,0.28189637664224043,0.30705827987370704,0.2508038474355796,0.3267836078781183,0.3858617296025793,0.20572808730307496,0.21633580225560534,0.9999999999999997,0.4382953157511817
0.31348976462926104,0.1439096961162165,0.18608249137196725,0.18941912802446503,0.15888516938553088,0.21565877853108667,0.24928176485557216,0.2755556503844619,0.18305847850687282,0.17463736524303392,0.13101204698518132,0.15489877912028105,0.1795073272758037,0.2525305988739164,0.20757649589401844,0.21879700017687712,0.15908541421752914,0.2437146563254744,0.26361432734949714,0.20017485611076766,0.18700655996713444,0.2460393465883281,0.15985373745505665,0.15878044928493762,0.17297082519498383,0.23541459555693223,0.1406864370902202,0.13375331394017542,0.27612402396552205,0.13764084512056005,0.2014294756156626,0.21093404062833618,0.17082871650378678,0.2262300115676482,0.25747911915569366,0.26243808250480877,0.45491623842821566,0.15162581677707668,0.14435476212389048,0.12682634771411821,0.4014602191452978,0.18823209330642482,0.2146607699127057,0.19393762562299474,0.18349359438806784,0.1780683741204769,0.1700632960658448,0.1832068424730889,0.4168757209746827,0.712545423190996,0.20152633054546307,0.1552867219419249,0.14137393388934597,0.14150352128809815,0.18008183183744716,0.16731879898735413,0.20555026507877844,0.20559510626207864,0.1677799019939856,0.15535205590748205,0.13886658365122087,0.2165095602541286,0.16008716108574006,0.14618491696981986,0.1917788434481839,0.19302555177967995,0.19635486352463188,0.21591940256227246,0.28072970375978906,0.2141210377957106,0.1595897337821387,0.23794634986167473,0.1797521899027955,0.2434425859525648,0.1840055226892102,0.18172314829713113,0.2772165658291317,0.20260196425073762,0.22154511187129963,0.14940475395242114,0.2972883084611263,0.17319113568459132,0.19444780802268735,0.2668332466860278,0.24172571668895318,0.299355185616255,0.5771934762032018,0.24314201290768492,0.560370626948438,0.2597527390084473,0.19707599619600802,0.16440826316967708,0.20157097342746655,0.18980358532850022,0.19704947670615394,0.2398532493257646,0.25523944794925457,0.2446308400830767,0.4382953157511817,1.0
