0,1,2,3,4,5,6,7,8,9,10,11,12,13,14,15,16,17,18,19,20,21,22,23,24,25,26,27,28,29,30,31,32,33,34,35,36,37,38,39,40,41,42,43,44,45,46,47,48,49,50,51,52,53,54,55,56,57,58,59,60,61,62,63,64,65,66,67,68,69,70,71,72,73,74,75,76,77,78,79,80,81,82,83,84,85,86,87,88,89,90,91,92,93,94,95,96,97,98,99
1.0,0.24983801974290692,0.15846183927905294,0.1206586200334293,0.12075700710958391,0.2149808209573586,0.21800873660803244,0.11731920569977189,0.10364242922313509,0.30519457240479864,0.2065244318504044,0.3255871193144595,0.24499378192832147,0.2829942254724183,0.30185832458896034,0.3403268912263923,0.19763437289404798,0.1940959111954547,0.19826413160134726,0.285538814796864,0.242397299152541,0.2186365461256275,0.2818410088108818,0.1970985888334683,0.2242513596294333,0.16741632471134157,0.10603785194541201,0.23000580931861248,0.1808318549377984,0.12421540488541745,0.09963634227750726,0.39907563959855374,0.2977700549867739,0.25159463826276446,0.1400622029271301,0.13905512674560952,0.12665121054338155,0.36374050394738283,0.27420934307453,0.25549465165998503,0.1669422372069861,0.19286979977256363,0.20558860991151007,0.12225429775105974,0.27583300502855074,0.17700551649689397,0.12344106988031983,0.10875444988218491,0.3098742989309138,0.16014591686605215,0.31083441185313476,0.18756035981910352,0.19541783575570285,0.1443927887391737,0.17459829072307506,0.21670340039129118,0.14173980260258817,0.11698251858657725,0.15321411106053373,0.14987325889377856,0.2632600125303702,0.23388469731363376,0.16667347502043856,0.34062133726927313,0.24515974738788981,0.2501905793875351,0.15712693406695363,0.15425103346818153,0.17949392962531535,0.19522522728441907,0.2314513724679189,0.2272261393074714,0.1830661531185539,0.289867405736248,0.22898612647149585,0.13978986056791592,0.15497056657062327,0.13400516303769475,0.11222817834527736,0.32395495637750166,0.2273808254872257,0.2872896224123329,0.12581783377686076,0.20248984095963207,0.1444323405714011,0.24635522253738446,0.24525707918154488,0.29528052191711224,0.23888353455435204,0.20669069210261481,0.34887452533627694,0.27507036819478414,0.26518609506150437,0.15641751927130995,0.18736545458046505,0.08861052002151758,0.16362410809387137,0.1990322382826951,0.21537046205619628,0.20209650843877514
0.24983801974290692,0.9999999999999998,0.5362103635417029,0.4366796937202953,0.622505154357874,0.5582619022545291,0.6114621849258883,0.6433826812708063,0.6978414428035118,0.5494940542972251,0.2779096498044962,0.3638446181873605,0.496877825165707,0.48647090909718205,0.45013846596858387,0.6609358022838303,0.4935834468725072,0.5371046602691241,0.4197425919360817,0.6042194514063606,0.4351816827814439,0.5002924727416614,0.6450237275475647,0.47882446138294177,0.2865509924790291,0.15148133901983027,0.36446247862227144,0.29272077424955867,0.4197668499858263,0.40021173501710805,0.21737880833713208,0.24334999570499813,0.34212543744569524,0.48901821750705327,0.3802616250688671,0.49430966007749105,0.2995071895555464,0.24308180191034465,0.2834206037834078,0.5540694622561406,0.4843923119984668,0.3251263971841088,0.3433426817678653,0.16863874636988493,0.3102556684003833,0.21741563648282622,0.40883897333010216,0.2995334734402426,0.35498391884814223,0.43853160398689156,0.22194194567243725,0.7139399446803172,0.6720028267510899,0.49863191264210255,0.6983978934537582,0.6106335353244394,0.5142107829618489,0.6645547742263915,0.5565229669727892,0.4733735471249115,0.4398921256341612,0.5172579217808558,0.546113657283548,0.5116000088846259,0.39325895970261143,0.5663210414576494,0.614149452751598,0.4859559975746666,0.4252514272144667,0.5317855393465979,0.5755445579311305,0.4318593678175601,0.37896247826757273,0.5354431375298772,0.539365759050711,0.3392433418787485,0.48605792371132023,0.39061064312517435,0.17733548150121659,0.2281682156506753,0.2380758099197611,0.44023193829541163,0.25055352537995346,0.5013956562331261,0.4628797653668985,0.3249685578908965,0.44652489954329233,0.19623129116450622,0.5509148240285515,0.3809950982513063,0.44719255267716573,0.17919270418881447,0.5209662546828369,0.3362970038807149,0.3613609730958742,0.19224316735108263,0.27363292267461975,0.4524982847772672,0.52560745334814,0.4235656651490942
0.15846183927905294,0.5362103635417029,1.0,0.285206366664845,0.47234009952761713,0.6679570194492204,0.3891604561140281,0.4500126406042378,0.641162409854126,0.3488293509268182,0.2613996864295422,0.2898788473768713,0.37257981196788365,0.3972873391617423,0.3081116536805055,0.3926240752940824,0.312739718373473,0.29234288379555134,0.35318385218291926,0.499664444835469,0.29206234325788766,0.4074697886517631,0.45792368691634394,0.31047434486034614,0.2971220721810625,0.11950579229292509,0.27588752765021535,0.19612318762542003,0.45721414505522084,0.20840401758889854,0.1900441650195126,0.1608591954381454,0.27156943142468515,0.3271290451914005,0.4642233979669922,0.5342336914624055,0.30667598957676895,0.17361878452136525,0.36542111484800066,0.4960034335070801,0.39675844505769364,0.28316345523625136,0.3115638263287413,0.1772767602568237,0.2126825005366188,0.24957673474992526,0.4754647240245134,0.3493956488306592,0.4556271289312355,0.40389464333047986,0.21232484238063148,0.5631787578437195,0.397322170640381,0.3940805458553103,0.6832155351602895,0.7093556144997544,0.39678112781659514,0.6616998904099864,0.4122150529635212,0.4206343242615334,0.40871930385737487,0.3743012129141421,0.43701848654003445,0.42013441694341375,0.3110989194197173,0.40244116955328224,0.471358135190138,0.41259990009703723,0.27603358055909877,0.3056429910796518,0.412056361183123,0.25986006120805744,0.36809863781276503,0.3484194657244841,0.3109144648713869,0.24952453986072756,0.46716437227526086,0.2700360264645651,0.21562565600260172,0.13613855154096632,0.13728309333399868,0.28034368496451023,0.2554295161520368,0.33573549058000385,0.3425393699059384,0.2919100548103899,0.3315237622735814,0.1578775319184222,0.3536085637782235,0.22632090838729202,0.2398378337465919,0.26353844146488026,0.3645213762934199,0.28722044231453836,0.24273151056607117,0.19302846066690385,0.19927002426247162,0.41997483536120855,0.5730303073331688,0.3392833638088406
0.1206586200334293,0.4366796937202953,0.285206366664845,0.9999999999999998,0.6658177992443929,0.23889770719817902,0.3820571506110981,0.5502751495779421,0.36864351140449825,0.2526816186048093,0.15607251082971094,0.17540767610226926,0.26066940131045413,0.21911596875937986,0.1693278852919303,0.2952723411093285,0.19028349352467913,0.1687319758049952,0.17131960917337946,0.285035531149,0.19708882433128613,0.17107073935283468,0.2802904253840185,0.17930666039145063,0.2036988877637772,0.16569071588730133,0.32993993831725654,0.17611740342663756,0.24987284740687887,0.20112340536481096,0.2636909287929712,0.27271182204462574,0.17969948323672127,0.1585173768676395,0.21319101145027838,0.23205029697294974,0.2766747628952597,0.17121746262310622,0.1795854643928249,0.24007355158047228,0.2703827929064938,0.1676350150935496,0.1705079749058262,0.2495189240016791,0.20392241485772541,0.2412256806670909,0.22404989722063512,0.18853232587977034,0.1693191343963427,0.3220120797127759,0.1666619025818427,0.30595998959960097,0.48412780131429045,0.6498367624396683,0.2859802197818285,0.2841842232597649,0.4834002305945714,0.49986848416989044,0.287117160363467,0.334081304505042,0.20800063265953664,0.28448347825408316,0.2501754978006411,0.18944813599010088,0.2323111948679822,0.27978485211259924,0.39439058936696064,0.18254686024580746,0.17639756208238735,0.20457376031917204,0.27049036706027774,0.16169623564165211,0.20771436134008425,0.27613505245848563,0.23470719197600104,0.19996878228975623,0.19779197101113816,0.2822750317880402,0.0910288442759532,0.21639887522498,0.13443283053372124,0.28987321427060153,0.14368286995197146,0.34805516566199857,0.3860141187411136,0.1505800265922207,0.23994928229993479,0.12267110496483008,0.23946917679422208,0.22501061687195945,0.1906769698245606,0.14613155962331384,0.2894798722454689,0.23235888617789863,0.1944138073893621,0.18438749834351664,0.24651781976682174,0.20093167420520558,0.22086290809605819,0.2245819487105701
0.12075700710958391,0.622505154357874,0.47234009952761713,0.6658177992443929,1.0,0.44572453482009133,0.44976694119831656,0.6247198574175158,0.6643035859202011,0.31859327177368435,0.20833212698750578,0.22150739548812626,0.28337359282545727,0.24780800135658676,0.1884256168722912,0.43188155356738867,0.22391502096165217,0.2791153026887874,0.19871920690880038,0.4842268237420909,0.20286738244052274,0.3607938602047461,0.36159768810293996,0.28055244613424335,0.25342682347773526,0.13277141090219832,0.36235623145884777,0.26308818545162926,0.3409824751637178,0.20560273913122482,0.20554584899056944,0.21024597288572067,0.28655497135295943,0.29633865272869575,0.46967399135042165,0.5053159192434087,0.4303186251263106,0.22848143005730204,0.27675715731196887,0.37544393695069345,0.49092808757721657,0.2889572591823024,0.3162953521370931,0.29243354961226936,0.295968186099454,0.3376123435820777,0.4852258516686827,0.38661847540598254,0.34547638630292204,0.5366848446015727,0.1868076543461773,0.579379516044397,0.5464440921082463,0.673583254535212,0.5708143406159846,0.475120420897626,0.6636882132897671,0.7237987785472259,0.4298625367879531,0.3165450433208338,0.25045470678586945,0.3110309999141648,0.272813595372551,0.20194263626881126,0.19251128946192753,0.2758033861946492,0.5405875534156536,0.26540052325575,0.24157013991199497,0.3221648772642247,0.304536084007756,0.3225632512899219,0.35423590005882966,0.3570715947999307,0.2920195147222731,0.25785016258063503,0.33533027379665103,0.28145671593464605,0.1449323933376055,0.19092244765646302,0.1753758569372279,0.3876121913574045,0.2168086286446288,0.4746240312025034,0.35267166024050445,0.1685816462265926,0.39190361506864146,0.12942367425594092,0.40938204678083534,0.33975438392507695,0.3404552532166503,0.17932426086620584,0.37595311325892045,0.30355459869746976,0.25698464793951725,0.2486307560968148,0.25657876107551203,0.3791955982887892,0.4315097439108697,0.44578122765939504
0.2149808209573586,0.5582619022545291,0.6679570194492204,0.23889770719817902,0.44572453482009133,1.0,0.55916674916412,0.5199372761503037,0.7494113160591689,0.39401412978271194,0.24275810910925644,0.4262919382902028,0.4905363123713816,0.5886495608025235,0.4143137805042205,0.5400558555500335,0.4726676358398897,0.48833622285729866,0.5204270220020818,0.6103376022199486,0.48046048670376595,0.5614669085522427,0.5938957546697253,0.5062156747586702,0.35739665530145626,0.131412467872718,0.2564274174143981,0.338916041324811,0.6080527770750117,0.3127572166315271,0.22588686757123602,0.1543865271615198,0.24381492090282897,0.4961644190418798,0.5657456340679441,0.5358137614352549,0.2731990199085227,0.15331126989054925,0.19176353495228368,0.49159730422733017,0.37495360656371324,0.274908421097225,0.29555046330846096,0.18537036747300062,0.2268903548962606,0.11995864651221666,0.37437691059663625,0.30795818344457326,0.6076053134505677,0.3334888643395316,0.32430784525805934,0.6181468325051869,0.4655542859209832,0.32313935985803116,0.8904577746041588,0.9098926409085172,0.3590794838452953,0.6174084006083329,0.5408303005119716,0.3656689253888742,0.4205201535594691,0.48959285400114094,0.5290435377523015,0.4977503520326853,0.35132560824415515,0.5073368541017458,0.5327578005937744,0.5343096232176004,0.4475559423754054,0.456017455284896,0.6303880147330307,0.3372492532164413,0.4075980404092723,0.34742838654352465,0.46400364852110837,0.2810876174745521,0.645682977064592,0.3823527315739249,0.2070906449714393,0.13246296577603073,0.11125763706496726,0.20977610556210868,0.1912140219429698,0.35386599035769006,0.30418995514417185,0.22789390641777021,0.2921344293658415,0.12591646128817394,0.43116410848950576,0.15170696415830387,0.2447360821906869,0.20029384914436787,0.29641909418348605,0.2708420457230624,0.2427851061895972,0.22464776425373728,0.11138600128282622,0.3330789021504482,0.7903328711718997,0.3381627928508133
0.21800873660803244,0.6114621849258883,0.3891604561140281,0.3820571506110981,0.44976694119831656,0.55916674916412,1.0,0.7373681101677525,0.5354547969702823,0.38742084851133146,0.26362167549683013,0.3896813624014558,0.500384029761123,0.4628840760444354,0.29293531509761517,0.7576217220449734,0.5032246770961264,0.6717890773561637,0.49502105454895634,0.5335111773107069,0.3944200797927626,0.5923341757043703,0.5307344277355882,0.5647101545995394,0.16228835205938036,0.15079682310140383,0.1465439032158864,0.19456645325058244,0.35911969696536783,0.1811292657194771,0.2154136859946067,0.21917505209007782,0.2806535562762338,0.609544674281929,0.302914681283333,0.4215317169605919,0.23841745520975502,0.2112137670741435,0.20606017809219593,0.6047497294652411,0.4581415282984093,0.18494320131640057,0.2721643916288384,0.17609396639692423,0.28388694976221496,0.16293519830714032,0.300584178733738,0.2192140041071754,0.38077430185546796,0.2977095602755872,0.30785032756090575,0.6114566111945688,0.6806604842851228,0.49420785974023584,0.5960976779265086,0.5601705432442804,0.5846488338908913,0.6155616468322064,0.48326378045047935,0.2726011695028558,0.29230516122240885,0.5107819943751788,0.4009271611370186,0.3195137427739719,0.35503479107189506,0.3988813187178787,0.7824762649331467,0.606122919638846,0.5430322299023961,0.6804804099523512,0.5388304939462585,0.5063122329681352,0.38037985007696773,0.4817574649834479,0.4984521803660147,0.20613940121505775,0.42969672069112125,0.2290529915170809,0.1470213902041173,0.21279909365490515,0.2294585353961899,0.3499946947060563,0.1951978929094722,0.44259826654277956,0.26401075549348607,0.23501740949180855,0.32192923578397387,0.1201234279364999,0.5879500150925258,0.2815463974061947,0.4351089059857628,0.1456347885423684,0.3068218746034535,0.22257125953149448,0.28098365252647367,0.18661845894599027,0.16930196974836523,0.322408332730703,0.5154271622615965,0.35290568549123097
0.11731920569977189,0.6433826812708063,0.4500126406042378,0.5502751495779421,0.6247198574175158,0.5199372761503037,0.7373681101677525,0.9999999999999998,0.7072040265241115,0.30345231137917106,0.22425458637719375,0.34656912401299766,0.3778276940986642,0.3270199802198777,0.2213446094750011,0.5427526050197016,0.4064392052811572,0.6080797255490235,0.3674818211055955,0.46391183901522826,0.2837670825396661,0.4899788540845063,0.45340445363326665,0.5246846363185541,0.18640890766981724,0.20872626275790424,0.21605148638281446,0.21170751911103983,0.29694180731082614,0.1913662343769131,0.21492817984386714,0.2025109860522465,0.2544393104001897,0.4876336482808463,0.3733908170798175,0.4469360574479547,0.28264872608156405,0.14535863883885766,0.2023381333894461,0.5106530722778007,0.5163517377179545,0.23657704632951562,0.31965615628934035,0.14897427241284053,0.2991334930580936,0.1815711697567614,0.3493636078794053,0.2363415231152053,0.31015989667601185,0.35990975925552005,0.22653059955778745,0.6019866223817686,0.6458799903750777,0.5406800477602091,0.649298313938077,0.5426303754787747,0.6749655275655794,0.7934728945360068,0.4682949396373684,0.3553998072593459,0.20445887276271094,0.3911963939306211,0.39176972197705584,0.2856514367851958,0.2671230455446875,0.3308774753543131,0.7648893248781952,0.481135954017602,0.4471102856211395,0.6211131565801877,0.43211130167137024,0.38498504267355593,0.322495108477802,0.41339690874210133,0.4718450061526876,0.24886983941379068,0.36313947025195503,0.28544549881394654,0.12545954192693431,0.1904663308607824,0.22006145307325742,0.40755500446267046,0.18776611655989817,0.45375261492243735,0.28243916813418835,0.15253684577506121,0.33265559139369605,0.09676435938543487,0.5870594201849707,0.34472462967063183,0.327307495726808,0.1035781024502346,0.291071527235195,0.262163325391205,0.2970879863783526,0.15809465784438548,0.1721115017303695,0.2618881385159076,0.44918737991886915,0.36268044196699156
0.10364242922313509,0.6978414428035118,0.641162409854126,0.36864351140449825,0.6643035859202011,0.7494113160591689,0.5354547969702823,0.7072040265241115,0.9999999999999998,0.43164096591872386,0.29140035018485516,0.37341023594196154,0.46320916487937086,0.44453743623581077,0.3355338037791482,0.53283693484894,0.42251755569210975,0.48361311410259133,0.4275323234759912,0.5917200678633459,0.36932909264406205,0.5292033680474506,0.5054984588620826,0.5099996438730943,0.32002599091153816,0.16736778754885942,0.30027222224078254,0.2927109124181895,0.45232075356395934,0.2809000176295736,0.22972460505052567,0.10257976368609087,0.3079644553356287,0.4796971193359746,0.5743378324885621,0.6187975482768859,0.32388267202138316,0.18879389508780708,0.3029134321284882,0.5739365697026686,0.5665616728580765,0.3722257806637968,0.4559194267111355,0.20268051887685756,0.2897302921163829,0.20948076906354787,0.475745137870548,0.3331462669251994,0.48303873418921506,0.4533858955540423,0.22056531032055388,0.7138944705843722,0.5548705110534748,0.45396463790047625,0.8532164058520759,0.7419746481866146,0.5049317845556647,0.7980859212989564,0.6489979311864954,0.41284795603946706,0.41088311002949807,0.4750478962093847,0.4753905302631946,0.3739073980351842,0.28492192620873014,0.44351781319113226,0.6351125462921676,0.48867231504458875,0.41436594869593574,0.4599118945288914,0.4937381504299613,0.3337982098570726,0.34718592828666284,0.4284397724702081,0.5038336639603345,0.29208446409147876,0.5697517016573882,0.34754554872647714,0.25888436038283774,0.09608932829579747,0.17487787321661707,0.3442106628707038,0.23590024230686446,0.46873127834071554,0.2961939437834968,0.19717809786397675,0.40052665659683345,0.12386782417375201,0.5331351526026085,0.3170865617649205,0.3406187592455438,0.15563766967451353,0.42309103019153915,0.34184301162498065,0.32256898094633024,0.19569197694507542,0.18713875387042656,0.31774200621235554,0.6170663464010331,0.4393029811514413
0.30519457240479864,0.5494940542972251,0.3488293509268182,0.2526816186048093,0.31859327177368435,0.39401412978271194,0.38742084851133146,0.30345231137917106,0.43164096591872386,0.9999999999999998,0.45391431865549836,0.5452282384244886,0.533124606556515,0.5064448587900716,0.610212231846868,0.45880783510968853,0.3752070644611736,0.26796727750861427,0.3188093518224802,0.4192210875564635,0.5444005434637215,0.28515231799501267,0.44449642387208066,0.4326250684547636,0.4726768385791254,0.1880834035740693,0.24374631698079957,0.21696606534494592,0.3754656110219236,0.40890562045648315,0.2202918859195795,0.1635923305695376,0.3165194187367708,0.2787092936114234,0.2333565441847981,0.3746106903967729,0.2936814701511615,0.36588919458850405,0.3742971139612598,0.5160754146160067,0.29841430295288074,0.24327202333771158,0.33655113968690104,0.19587931566953581,0.2726702955920762,0.1231388542205142,0.24898643696715939,0.17914300242196124,0.4050381065364147,0.3002110189720652,0.20536224334290887,0.4721457198555919,0.40715835989378873,0.30356639037801614,0.47563971578574993,0.4620826895168367,0.238377337104091,0.3579529808710828,0.7358588135356479,0.5857667127563613,0.6633324887297141,0.5599370326829126,0.38919342415695657,0.4364629909594997,0.4306029208240675,0.5671426707624332,0.3922343146676295,0.37847200707001394,0.38283876853595705,0.2919562636176722,0.4655752298380134,0.3157004457030629,0.18703785626677563,0.5714624190800858,0.5196000203630236,0.43982816922573176,0.488768821398651,0.4330623983955299,0.2652601893633755,0.20110785964170708,0.3559339586802144,0.38970963148148674,0.2543123636836439,0.34300179362820665,0.43431649265417427,0.29332797313290787,0.4322179471870585,0.14294153546850594,0.40326004418401357,0.34587196325863334,0.4413463579668622,0.3051981047008611,0.5646637121443896,0.19697545033141417,0.29576531768175157,0.24955355123792622,0.22775368779808305,0.306467557984883,0.41069974318305325,0.35821536040999963
0.2065244318504044,0.2779096498044962,0.2613996864295422,0.15607251082971094,0.20833212698750578,0.24275810910925644,0.26362167549683013,0.22425458637719375,0.29140035018485516,0.45391431865549836,1.0,0.30967901706730183,0.2892679214632493,0.29390197696285797,0.35882769500853734,0.3553109764610557,0.2058487739666951,0.28811464567970085,0.21646177388602933,0.3532322420512926,0.3191699572626971,0.37302484335670355,0.23580186400247927,0.3502812083521149,0.24954778617070028,0.18185876932988282,0.1586305652533485,0.18057520694793994,0.2500300670604527,0.17951301328655367,0.15025455266487805,0.17719915417557705,0.4094800672599307,0.33911115171815626,0.3300005830780142,0.36080780913306715,0.24113226944890423,0.350330907694266,0.4307529756445975,0.39057919608229813,0.4186524706044319,0.15677098230280467,0.35736456946361206,0.12184777068016582,0.2673552503827528,0.14798628668781072,0.37733632282664664,0.2479037009489106,0.33767645132000434,0.25409182916545325,0.2032922829091564,0.37362440061783647,0.28144254965150317,0.20716428341834636,0.27791990402159195,0.27159502448104345,0.22244103850736968,0.19977248813915233,0.4218634410607484,0.30937303342651806,0.4230054297972381,0.24794502107193203,0.2211584099375344,0.22463882203693306,0.2728502816403614,0.25407350450086696,0.2935270493921236,0.31950761895552904,0.2978814854075911,0.304951722665224,0.24719962568404574,0.2925261842558977,0.18178061808414833,0.33477029822167215,0.2889927819847835,0.20484504052233124,0.3452951698706168,0.15074098036140093,0.21748444115997673,0.1560828836139085,0.3811805847277661,0.4562528629185376,0.2312670280046843,0.2344594084556129,0.23348638502750665,0.22124791736688695,0.3463406331827063,0.25780308278465314,0.44434903791579455,0.3856927427723854,0.4006874436932715,0.1949402979533638,0.2773755880990789,0.14759875703119552,0.1891775652755644,0.16920558202232205,0.2216890741976224,0.25393294005176936,0.3297566198840213,0.3536124250184213
0.3255871193144595,0.3638446181873605,0.2898788473768713,0.17540767610226926,0.22150739548812626,0.4262919382902028,0.3896813624014558,0.34656912401299766,0.37341023594196154,0.5452282384244886,0.30967901706730183,1.0,0.49430610562534266,0.5525242417957686,0.452472884651485,0.3022028199522809,0.3551253500610265,0.31018550122639055,0.4378115275290142,0.26863368058857645,0.4557857616811959,0.32351047176726994,0.41726311949953065,0.6463351127550819,0.3186085831545838,0.38732907105028763,0.19428223358286106,0.29913187451530815,0.2560741299741558,0.35698791304443467,0.24778598355317738,0.22391918156964488,0.17030334964953014,0.2601354346112079,0.23311685460772574,0.3058123106473337,0.17470450780090255,0.2174598627385784,0.22318310062437277,0.49702811094518196,0.21467447337950313,0.18599938556174533,0.2348657824934436,0.13621913978513933,0.17755898804913164,0.19872790155713316,0.20841193008873016,0.20151635916880772,0.3023419385268385,0.18675462076483115,0.19348032964082332,0.3599865053136778,0.3565773739825393,0.21332425261735424,0.43635496395741713,0.44493814866445813,0.24645907120647503,0.31848509586174273,0.48711209188190285,0.5211225023178965,0.5190547683733985,0.47776570291210696,0.3460235346138334,0.4150779155364913,0.4176565370940698,0.4588404935133003,0.3673583488046266,0.45494240456134527,0.40485878698068223,0.3071856642243017,0.3647372572857705,0.30274415819175926,0.24797723500682492,0.5256203692840773,0.6092317902829809,0.41352061950155705,0.40409017284824555,0.4261466608130033,0.16186869561243647,0.20821590804054463,0.23807125941838883,0.272549705523668,0.21612081387747528,0.35042335608456154,0.4249434151214585,0.27812046615811953,0.2821341249400876,0.19951645245391167,0.4232536511361677,0.2961543643907701,0.3321104004978602,0.2300654853477909,0.35487309922970267,0.21441033588977026,0.2722004796821305,0.18077700880245878,0.2245223062000579,0.27190048847279746,0.33487837530315806,0.2344047701836874
0.24499378192832147,0.496877825165707,0.37257981196788365,0.26066940131045413,0.28337359282545727,0.4905363123713816,0.500384029761123,0.3778276940986642,0.46320916487937086,0.533124606556515,0.2892679214632493,0.49430610562534266,0.9999999999999998,0.7135721048593362,0.5561730860599936,0.6211521513520547,0.5685402994365106,0.4071279503909369,0.6385889518592077,0.47961531817911407,0.60748556903875,0.5122501044665652,0.43514905907229867,0.49043482527911775,0.22440441080114906,0.1264000145177377,0.14600124593135647,0.23706159215561126,0.44956372586134347,0.362961008830889,0.13584168521060594,0.15966089939784653,0.28731815308024644,0.48736410808793884,0.26707953708374493,0.3579109346020987,0.207938149805511,0.24150663283552584,0.2810304775438792,0.5351775070261916,0.3049273115560939,0.169011612300959,0.2516429455841232,0.08828051122623103,0.14081955303932994,0.1125409592327476,0.2264421004824955,0.17963532323960144,0.3788819769922079,0.18948753441416713,0.26032294576432125,0.4984399051290992,0.48793306108228623,0.3445893592434584,0.45342266649140256,0.48886665928236206,0.22302781062263793,0.41815702558622847,0.4145740289277704,0.3483942897320209,0.5241374705417096,0.8555928464815722,0.44808312326964184,0.4894084893077186,0.6337013787240146,0.5735133980152021,0.42278206445141425,0.6337344968565848,0.5070156398867027,0.38819980573404655,0.5908252602263614,0.378650528969829,0.2587401804199975,0.5044281961487892,0.4139335447170917,0.2831708331155116,0.5217919083316294,0.34185756778762083,0.11362801629893446,0.1670155960886262,0.24266254405508425,0.23750972297043116,0.14364769778763214,0.4360711355244797,0.40469686491046225,0.24242389025951672,0.35615031912670075,0.16364736403031024,0.4324047865568285,0.23124605607123427,0.38966413060348465,0.20157596038233813,0.3507014921133776,0.17728376473290414,0.24439669167759137,0.120493118646539,0.1803239260507935,0.24683874048787452,0.47308122879657977,0.2503124770477164
0.2829942254724183,0.48647090909718205,0.3972873391617423,0.21911596875937986,0.24780800135658676,0.5886495608025235,0.4628840760444354,0.3270199802198777,0.44453743623581077,0.5064448587900716,0.29390197696285797,0.5525242417957686,0.7135721048593362,0.9999999999999998,0.7620984064771127,0.5611993199021776,0.5746437220403299,0.33858189185063853,0.7824152482117338,0.5315878252771197,0.8129386813915687,0.4359913817370943,0.5582690751362556,0.5061984177876347,0.2781114945610353,0.1938156526255197,0.24013135444111608,0.32976475148399487,0.5594819655190295,0.42139939113079017,0.18288439522924932,0.17331359248932662,0.2910273215471042,0.3734079515052367,0.26629945971160407,0.32095985195607046,0.1738953333007613,0.27234974633281905,0.3036358220385783,0.4999519724925369,0.273907944992823,0.15466455355641429,0.2586028195554606,0.1535880377737521,0.22863600787987778,0.1512209539361691,0.20478472989155522,0.18692307683239298,0.3928998376593668,0.2403288632605173,0.26118177848855323,0.4833403954313146,0.45906005672943473,0.290905712155184,0.4864613292859066,0.5686943045575251,0.2086771171094147,0.3889279765836364,0.4584697574216732,0.3772323282669005,0.5979792800987441,0.7125290770918751,0.4598973137192708,0.6845616421022309,0.7173370632420143,0.7313063574726653,0.393023096125683,0.6347639950127967,0.4247577686291351,0.29491094280344443,0.7293901913162687,0.2989978152013707,0.3043365615442407,0.4937288546831085,0.497938119134523,0.2622232946939439,0.5789290994483258,0.44160309815725174,0.12766736985714364,0.1461890873589567,0.17629266785884626,0.20741675793093411,0.16524252673405776,0.3157695627638764,0.42399787538902034,0.21849971358254136,0.343357142933455,0.13762155327192246,0.38177001410266664,0.1927594225455725,0.3391778734493325,0.23629183448879354,0.3658143310789533,0.195955582866075,0.17807548962357858,0.20498066399635156,0.1322719777964195,0.23363162658727685,0.526321099120198,0.279856414258503
0.30185832458896034,0.45013846596858387,0.3081116536805055,0.1693278852919303,0.1884256168722912,0.4143137805042205,0.29293531509761517,0.2213446094750011,0.3355338037791482,0.610212231846868,0.35882769500853734,0.452472884651485,0.5561730860599936,0.7620984064771127,1.0,0.40970152700646795,0.4209889872327859,0.2332283321950441,0.5252608695289989,0.46986515048147354,0.8067298493865457,0.26134219038444356,0.4607549795190684,0.37571108118499896,0.37682075888431216,0.20703871749564653,0.21847014462473033,0.2865361732008356,0.4865759037713207,0.5195804927490314,0.18418153860478048,0.18142098382069285,0.37919448336964057,0.23521555019832632,0.22809618818931326,0.2864265977316719,0.1761201085774604,0.4203125116887615,0.41517675111029057,0.40924369037811315,0.22950249376733511,0.13754044459332354,0.36403791919130035,0.1829991255425116,0.2957874014116394,0.12274445570067553,0.18484124474668231,0.20025798558837293,0.3292625068276233,0.2863896842650794,0.21673262640489185,0.4017131820528286,0.32557003095056397,0.20670917638893982,0.3756639251060366,0.463165870613023,0.13729098188232153,0.2565043647817577,0.4608820690206299,0.47546040865692024,0.5925211459426366,0.6145606428278145,0.43478313975186883,0.6998430048157965,0.6501324962138973,0.8310497927193666,0.23805432124634163,0.4139786120555686,0.27823969126990755,0.2131193597185042,0.6610257402541496,0.22016293127539768,0.20285242662185138,0.3724736681015218,0.40742212454661697,0.2884643316786655,0.4724175992753413,0.5113243401963138,0.20975474292901206,0.19846483385109417,0.2007857522466176,0.2772617289402926,0.2336419200344762,0.2814635489178114,0.3827440532213266,0.21866072821808347,0.3816359618026104,0.21220666020242393,0.33936670449000406,0.2582741833734326,0.34475522908388,0.26544495548864017,0.3969046719302103,0.1554772801533346,0.20863330719155357,0.22546017684974728,0.14406110456146004,0.21416522419319636,0.4474657131515511,0.36158382383768983
0.3403268912263923,0.6609358022838303,0.3926240752940824,0.2952723411093285,0.43188155356738867,0.5400558555500335,0.7576217220449734,0.5427526050197016,0.53283693484894,0.45880783510968853,0.3553109764610557,0.3022028199522809,0.6211521513520547,0.5611993199021776,0.40970152700646795,1.0,0.606709392972623,0.6259702114882599,0.5180473150238947,0.6664154125405938,0.4880411084478919,0.6776699327957282,0.5770473367571569,0.5020102251513677,0.20952572308483258,0.08199098740585425,0.15235194544286076,0.16299862386930938,0.4200140338465258,0.19355630242460553,0.16004426735889102,0.27281346294664005,0.4180653537020189,0.6808878523380564,0.3582020168243828,0.4173553048834774,0.2420567149880527,0.3068753557452863,0.27180121446444694,0.6204851592380232,0.4844893590238486,0.22779520560585612,0.2862378377730381,0.1431503787836136,0.2760816774744634,0.11275068413433237,0.3488795872978407,0.26054752838138806,0.46165146701136567,0.2857384837258348,0.3842715830613358,0.6952036974196392,0.7173693802624261,0.4469073157662346,0.5531200098576966,0.5022288806031463,0.5371324117159105,0.5291512015742599,0.4564893067068245,0.2506198235409914,0.37138467144071946,0.5633482983221844,0.4222072595401498,0.38919560775135903,0.4425633051648403,0.434267734054367,0.7009429498253376,0.6589791426249532,0.5451730690883546,0.6648097864380926,0.6118325659427643,0.5347194375844988,0.3887731997811149,0.5250328995151584,0.46674407560506315,0.21291118615749924,0.4915040675059652,0.20864451624488226,0.14525342112577644,0.21119082675496284,0.2929684093122849,0.35636319901298474,0.17116466075241693,0.4327409751067877,0.24267040735538245,0.2290257208043988,0.3815292784884962,0.13191582321758327,0.5579214920123063,0.28896750029225293,0.5110011203018497,0.22199585257113266,0.3545474091330292,0.2125620671202851,0.24642786981373574,0.19212943455075246,0.11784695061214939,0.3296971262034354,0.5817401570253318,0.35513883538310886
0.19763437289404798,0.4935834468725072,0.312739718373473,0.19028349352467913,0.22391502096165217,0.4726676358398897,0.5032246770961264,0.4064392052811572,0.42251755569210975,0.3752070644611736,0.2058487739666951,0.3551253500610265,0.5685402994365106,0.5746437220403299,0.4209889872327859,0.606709392972623,0.9999999999999998,0.5904645220527021,0.6870005617071187,0.4335021661533358,0.48105355334090444,0.4586120871924338,0.5498020625200248,0.5288949749080941,0.20270518613069927,0.15334589426831935,0.22899988064134272,0.22329648254934828,0.42999648809988933,0.3091253756711128,0.16343910135179812,0.2597482955971232,0.1943118888505257,0.5232964969637978,0.29623026458412205,0.22149877884868402,0.13851413539839705,0.16311043773958434,0.18098258030887923,0.40949271975340024,0.33142768821412755,0.20126543662804147,0.20501730200120494,0.14417849487057144,0.1632074567748415,0.1802790199319231,0.1929028169816201,0.19898257750433623,0.2921764125691854,0.20489565269250348,0.19846735094968354,0.45070800376076636,0.5508589032913505,0.2709463547204151,0.4390733625284338,0.4409492526070007,0.26981819804493834,0.3103301591358275,0.40639783023373194,0.26348497962471984,0.32286019203528094,0.5164377305140531,0.5421637798162405,0.4964515366489705,0.46890280758236613,0.49907048410278443,0.48080870245277396,0.7309343031907644,0.6333315296032258,0.5592418622805204,0.6247627607142154,0.42853064243360656,0.3983504456659736,0.5451768314799366,0.5339235433981808,0.24006275613181938,0.5219582097597937,0.3136552988557821,0.1691066371860218,0.3147838358113432,0.3124695393816016,0.2979169958214107,0.12222785612958188,0.3445113383835123,0.26125952427309707,0.26271465970624797,0.2984056772992104,0.14499997885262064,0.442707968395905,0.32009111735544393,0.3464995600920356,0.19299518316545272,0.3808703105608928,0.20985232314720415,0.27194410128158725,0.13585617596527444,0.1801920282127003,0.28196934302778137,0.4718335743485997,0.26374196136627825
0.1940959111954547,0.5371046602691241,0.29234288379555134,0.1687319758049952,0.2791153026887874,0.48833622285729866,0.6717890773561637,0.6080797255490235,0.48361311410259133,0.26796727750861427,0.28811464567970085,0.31018550122639055,0.4071279503909369,0.33858189185063853,0.2332283321950441,0.6259702114882599,0.5904645220527021,1.0,0.3891804774263256,0.49021623921668556,0.32772727575335303,0.636910438978703,0.4755421146416217,0.5760204253517922,0.18064369697989732,0.17899467243750997,0.1698743564763098,0.22388620746580193,0.36893824023586613,0.1985116120509609,0.13321157314128815,0.22050238238667225,0.23476551381137695,0.7815227203257353,0.43727840050161826,0.4256238170304339,0.16694636659007195,0.16260314049556052,0.1446668936166664,0.4357405226951953,0.4458257043186528,0.20215251596603334,0.27938940574534743,0.15955335220384334,0.21840693551706578,0.0989300344852913,0.2883289467700906,0.18942899314255526,0.3079929204239533,0.197989450825747,0.26368916656770314,0.5226680670410239,0.5170878849608499,0.24945015467084636,0.5360364328113717,0.4330120685803134,0.41089132953555474,0.3858126302668856,0.43865939672874504,0.19999650362255733,0.19857127213522552,0.3982651033482444,0.4308983563704122,0.2729760867181826,0.29970807751806333,0.28728664703119733,0.5946343198791556,0.5851762459005292,0.6942273868834358,0.8608070377057201,0.5158935656488682,0.6131121048356193,0.3682081033839218,0.35546632577154275,0.4648841535362871,0.199212632248242,0.5039439173500382,0.2393936218706162,0.17996806052351288,0.24367500249675128,0.3656236653890858,0.39436420000034245,0.19043686031251605,0.3902772056296472,0.20475188882387904,0.3097408279903803,0.2629830830769871,0.17183093621280582,0.6115892873156022,0.33547582608373105,0.3716714095192748,0.19322768270220128,0.21400026365976854,0.17382789682698216,0.28304160753979446,0.19918234970120324,0.1854852733486284,0.4082077341617885,0.5251204835681347,0.2991354951414135
0.19826413160134726,0.4197425919360817,0.35318385218291926,0.17131960917337946,0.19871920690880038,0.5204270220020818,0.49502105454895634,0.3674818211055955,0.4275323234759912,0.3188093518224802,0.21646177388602933,0.4378115275290142,0.6385889518592077,0.7824152482117338,0.5252608695289989,0.5180473150238947,0.6870005617071187,0.3891804774263256,1.0,0.46786766400392044,0.6306581767084226,0.4892497243169307,0.5026159799817332,0.5758104933335538,0.20973138391746057,0.14642769751000992,0.20324160068599667,0.2773930293172748,0.4259631658114823,0.2794234040914973,0.18196861094233296,0.1919189361132184,0.2514393286951408,0.46666392084594693,0.26136274553732103,0.26234605177782855,0.14271560965189672,0.13205094309567159,0.22837335820676316,0.5226221900760089,0.33197305189980986,0.24581126678536888,0.1995296195059132,0.14617377430615,0.14103333263264464,0.16914161264133304,0.19354749804766871,0.18741611051929957,0.3383817243779568,0.22616119384155675,0.2469401683637122,0.4624534489171475,0.42677659030129306,0.27965957409445796,0.433615829809098,0.5035346959494019,0.2014483093508329,0.387478262307472,0.3644187227003259,0.22013130366268557,0.3976741335017009,0.5728351718338346,0.3835679643392563,0.5285624544838058,0.5682058091268938,0.565577221824926,0.41585534230007065,0.7115334563718542,0.4941780180623165,0.3275862920368416,0.615408488412014,0.2928129286384125,0.3192204135412344,0.48291201955933705,0.4829552651748805,0.19090091078482085,0.5169299411688564,0.3163509252851963,0.10738187678206551,0.16868462610699098,0.17841412806785892,0.15701680368605453,0.1365284146395167,0.3121718581945282,0.29537617773542735,0.23097762534298016,0.2648874751251794,0.1818027446648475,0.40101280274757534,0.20528302208234364,0.3319487224546081,0.18996265664161566,0.3201207312038154,0.2775830810457769,0.17825201332057017,0.12701080302109424,0.12872351853495975,0.20349985331767773,0.43224601362255577,0.2357377786204047
0.285538814796864,0.6042194514063606,0.499664444835469,0.285035531149,0.4842268237420909,0.6103376022199486,0.5335111773107069,0.46391183901522826,0.5917200678633459,0.4192210875564635,0.3532322420512926,0.26863368058857645,0.47961531817911407,0.5315878252771197,0.46986515048147354,0.6664154125405938,0.4335021661533358,0.49021623921668556,0.46786766400392044,1.0,0.49856001868885574,0.6148076657282807,0.5095318286987668,0.4065710763991102,0.31040227470988974,0.06203015251959265,0.20463439251571064,0.15100125124046904,0.5847969101372416,0.1878039897256761,0.14901433492378924,0.21009309043340488,0.49824182096545766,0.6440518113327456,0.48075927886330444,0.6631284450505226,0.47107242266994614,0.38248069593029504,0.3817031634331893,0.5750304028935571,0.6777880358384869,0.23826994526784478,0.45608441827399887,0.19256620176771455,0.3460121665561315,0.11738419396624117,0.6097451982115596,0.4542123923748835,0.734718050918501,0.5928932456869949,0.32043036053943486,0.6601898203734204,0.4974029493315632,0.4131598849278478,0.6052098182710368,0.6442135583913599,0.3660900429115548,0.5136154304604841,0.47604756799354114,0.2601524934054507,0.3962055941633378,0.49551439726326396,0.4153554717144721,0.46211089857913673,0.3856097112226841,0.49802449119744796,0.5258178047444341,0.4617558544975641,0.35832547459521025,0.4779010041821025,0.6896363828208831,0.36527872876244766,0.3156871210109431,0.44023395429977635,0.3221250383556777,0.12762075377000798,0.617844998122548,0.19533556861276893,0.1797557001059212,0.1694688149692345,0.19863685345225646,0.3711325447458836,0.2215301242394207,0.41146290004208746,0.24247205510578354,0.24615280112920201,0.5649643457042232,0.14404225052616484,0.6261760171741942,0.2802360065526702,0.5122878105548728,0.3000189253964908,0.41624655813240347,0.22538458428583732,0.19854991726788865,0.2080703900547507,0.11061013133339748,0.43965038248659644,0.7838150017685908,0.5996891415311316
