0,1,2,3,4,5,6,7,8,9,10,11,12,13,14,15,16,17,18,19,20,21,22,23,24,25,26,27,28,29,30,31,32,33,34,35,36,37,38,39,40,41,42,43,44,45,46,47,48,49,50,51,52,53,54,55,56,57,58,59,60,61,62,63,64,65,66,67,68,69,70,71,72,73,74,75,76,77,78,79,80,81,82,83,84,85,86,87,88,89,90,91,92,93,94,95,96,97,98,99
1.0,0.24840406722310127,0.4126586687455211,0.34213835213200694,0.20248787312171107,0.15675239934060378,0.380220965671822,0.21341161569708736,0.20637334516292266,0.2818088475381829,0.2203669676074569,0.19679906606739986,0.1209879093137621,0.10103073416612189,0.13318665773344274,0.3094788650059167,0.13734062576251366,0.1549561208440876,0.14548085273312722,0.237416916218749,0.10430940659872366,0.12259897927707193,0.23023453211840636,0.2176314765850483,0.4219960357161295,0.23452040765942772,0.16368171444609117,0.1623802845684834,0.18363780087585105,0.15392055368138513,0.15433097828093753,0.4117642757704108,0.22338080336746344,0.17851661098920724,0.1796839339612458,0.24448689643944502,0.22584651117320945,0.42058945690998023,0.15999272632064204,0.2914408038280081,0.21576131850303387,0.3721876732743808,0.17968916268609,0.2743519417593394,0.16301763332324104,0.10625899780828306,0.15000687551295244,0.22813029670397533,0.24746546414685294,0.3031189013061166,0.44901086175846666,0.3979105866028997,0.3332626778090023,0.1569685691530786,0.13361902670662604,0.16512184087988707,0.1915598813737404,0.1899984347852265,0.30182367281904887,0.22646237506256917,0.22049146978379675,0.14463546914332537,0.17456147365962818,0.11500860195632237,0.22957252142925227,0.13685345526509468,0.29335514408136215,0.22145404120706888,0.1488834619648842,0.18236152699059383,0.1813805148915057,0.17482290565089112,0.264080252167162,0.2178602539345315,0.18688724953617833,0.3801410225724653,0.25250252687565594,0.136877861775048,0.13237536282823836,0.3014328963155388,0.33820239545390157,0.22156493003800456,0.16643852221710081,0.13103492873633402,0.15918932109336245,0.1886041048869313,0.1938511607145391,0.16388011401110508,0.272968563017189,0.3038356331470686,0.27647040062295963,0.39542509735710374,0.14431985259508648,0.3472771368400976,0.1772277123263471,0.19069778186404143,0.11320158183306374,0.16051693200678385,0.2551665984001892,0.2502733520481803
0.24840406722310127,0.9999999999999999,0.3937894139466474,0.6543087280478624,0.6702513415127879,0.37952742161326136,0.4739530684992072,0.4433039239250452,0.293269388392525,0.29786247175140834,0.2570557102406227,0.28962251793178406,0.2978634386709086,0.23394548482034788,0.24493651289059404,0.39092744421961617,0.2407839589627369,0.3062468372101683,0.21240978995458978,0.30197864567447796,0.30373983965763995,0.19479084827160112,0.22975423496251085,0.24032378160016704,0.14574832868165488,0.20801891297558583,0.2209935822029628,0.15153152512492402,0.26547459139819796,0.2096259145342064,0.25764295842472756,0.2253041892473051,0.20899378628888013,0.24204282730777496,0.2748473061721065,0.34504915296765964,0.1535312361227946,0.23630045724513224,0.2767394280567114,0.26888790755623493,0.21161804810264304,0.2997845715290534,0.20587887402106284,0.2749485540100291,0.18139225597635394,0.2584712776112866,0.17544915888221277,0.1853368166722237,0.29997936474044745,0.189868548078474,0.41233754454661403,0.6629459001343194,0.614019732161093,0.6290133191069267,0.38486740458581875,0.2932681505764631,0.40720459824421057,0.3790018613509145,0.25237134820435414,0.2294612515378668,0.26526177524626404,0.28332574352808415,0.24985350340844867,0.2644726011293122,0.27164391337301663,0.25565955725059386,0.3469383284356726,0.2500295050137032,0.23896810561153206,0.306993596651734,0.20171132934801925,0.27804662970584737,0.21694204121207109,0.33544956757929534,0.21422074465823826,0.1630106676778198,0.2691263247216087,0.2639008116385902,0.19340480713049568,0.261154820177996,0.19343608424181966,0.1998919787281505,0.19745372640168704,0.21361659942549974,0.15348137611586007,0.21669607775633748,0.2228650887383868,0.19592844244912389,0.29382902166260716,0.16316918085161966,0.26773031298877625,0.1725823083028131,0.3059828578433111,0.23537112035134627,0.19731889666300081,0.16234214456148227,0.20089615719652834,0.2501965570512559,0.2798022035563134,0.19584018981882725
0.4126586687455211,0.3937894139466474,1.0,0.27108706649594616,0.2007588568038509,0.4762661259834608,0.44178374962273204,0.3936426737256179,0.29761021580363484,0.2063879224785802,0.19709978544449483,0.1963563933629083,0.22334297721950297,0.2734457536008322,0.3143050534171112,0.19696815730190895,0.2646925464375664,0.31465352739050534,0.3068385640831843,0.310718584506841,0.24726794778872685,0.16166641434544604,0.20771505099337922,0.2938180595912232,0.30540156267080315,0.20072360703586462,0.15132340233495872,0.14921655132685957,0.31397810038194673,0.1724281032108862,0.23475091616751997,0.29920067008715207,0.24518005485306305,0.30349660638057857,0.14166692190616798,0.2644701390283534,0.22726913827905726,0.39581406979737,0.28797607027663885,0.3048238956171058,0.2620604602285624,0.31819140130885204,0.23296801324864888,0.24253217485779074,0.12086206979138944,0.16365436406199232,0.17061378456513002,0.13410320666413753,0.27780956818719316,0.2672577437482526,0.3095488027487677,0.48313678897191814,0.2591000383846164,0.1826801472813548,0.43959695821255446,0.5935323124522225,0.2399268918912154,0.28204888222491364,0.3216128461370716,0.265762765378545,0.1794102438613531,0.2116259502810925,0.2517925260310787,0.23138009028930945,0.23525787574612395,0.3284195389579764,0.351013239655482,0.29614805593229404,0.2937555057059022,0.2984145008123586,0.20807658197556564,0.2066419966135368,0.22718797043393896,0.36513746729666335,0.20725306422046505,0.32428972348362584,0.2972060318824869,0.2452126204423272,0.20908834445492017,0.2598680856444965,0.24322046130189945,0.25408145488356665,0.14377083687291678,0.1640967237969398,0.2351551577236877,0.22937662888549634,0.1920698633159546,0.20332462300817902,0.29217696381563885,0.22360077527021383,0.28911075440257167,0.2896900365351284,0.28646248381093325,0.3579026252645817,0.1663454116406451,0.2492728810264631,0.19934019165534622,0.21065616172450313,0.2645129425491681,0.23221964768101533
0.34213835213200694,0.6543087280478624,0.27108706649594616,1.0,0.6785796402334049,0.23666616738353194,0.5352492782679114,0.4103790618005334,0.2456400409971031,0.30621856269262177,0.22884211662040624,0.23555087742557368,0.2919427815334306,0.2227534065177873,0.15095325754901345,0.40423213618065373,0.28392865994555705,0.28396173215959036,0.2297649027429468,0.30321858705833676,0.21971226935100666,0.20952888407302217,0.19726172326841962,0.216109115283969,0.16684486969377915,0.1878925776854197,0.3039046599071649,0.16156868229613144,0.2154189137571802,0.14563964075095515,0.19942141384281836,0.20237630850920574,0.25463582168419274,0.30517019390424266,0.2552212527496845,0.2794905419949348,0.16215614365496087,0.2525244474035438,0.256138409655211,0.31190908748044177,0.2141675843159424,0.2963134576117219,0.21362522410235452,0.24103719059162682,0.15340469806494345,0.2227558620101093,0.1492884700214374,0.191145108823366,0.23080726632661136,0.1837649210675566,0.4857599010826892,0.5869472260072451,0.6374599458468027,0.6479783402431939,0.2833504240745537,0.22385527621125284,0.4560987597610107,0.2913196524741575,0.2507693211935062,0.23290934097922986,0.2457177497902433,0.25746015157179075,0.19989353215953404,0.211743229582044,0.23787862135076573,0.18137652747066066,0.35197300028326495,0.25653993415736254,0.24085650347544374,0.34056652802976295,0.2124192659819576,0.32338186068451796,0.1770249721714729,0.2886707369742167,0.19396289306575157,0.20800312148021724,0.2279106306591601,0.1661217883417494,0.18168019694840398,0.2689178489346527,0.16392650282890675,0.21436136482647444,0.23029246783183893,0.17611434220132108,0.16140853824699733,0.14401573387378522,0.2034474591222683,0.1893561523332815,0.2474847975995254,0.14525591251895256,0.2908431699249048,0.15835923286890696,0.27226330917778446,0.22193520091122163,0.23499981543292509,0.15317927487757874,0.20720750104432908,0.20859205754528734,0.24852230531896274,0.18785697068830357
0.20248787312171107,0.6702513415127879,0.2007588568038509,0.6785796402334049,1.0,0.2996466400711438,0.40661278745662094,0.314211096339524,0.23890800582910834,0.3046135413245868,0.2902963165027218,0.27286011995203696,0.2777443387301077,0.1782079086608421,0.1966974944153598,0.35447714914213646,0.23409149238594262,0.23350165893800576,0.17052700615300964,0.24815762907262187,0.23315062881037515,0.20812397901715396,0.240399920170961,0.3025664480987082,0.18599935779807336,0.20191582327448124,0.24455956344790494,0.1761117216727007,0.24367729358527046,0.21160820806719055,0.20513881184423025,0.19261161667305696,0.2640860786577146,0.2980503778255568,0.2960293332985224,0.32711222615076835,0.26135448813310885,0.24107431217275177,0.3041484123637552,0.2563576071559856,0.26541991097885037,0.2960282026733409,0.26874623242143714,0.14846675605598164,0.17846445176853648,0.2341595619281907,0.14472871424593667,0.254912111574709,0.22759670567541299,0.1668482961006228,0.389984906057809,0.48866094676601857,0.46642473173620436,0.7179722705999508,0.35029726085733387,0.18494694507088544,0.31199607341173874,0.4375421507695158,0.3194004455908001,0.2652718037135807,0.28020979309272376,0.24457172122338197,0.1650910376798016,0.1863267025559571,0.19661409161574575,0.21474744361017034,0.24960762512311,0.19627115516636912,0.2207512354037612,0.24028347107798265,0.1958618303783432,0.33064048999642925,0.20509990174352136,0.2924151649122541,0.2280151554398336,0.19597464300969494,0.2366649425461158,0.223674125432869,0.15056621162094952,0.24291236669685354,0.19060913154909528,0.2659147015578212,0.22760873047223115,0.1824245486782429,0.1625024067314918,0.1957851583641756,0.26466661537956676,0.17801626688632813,0.31777413353810574,0.18280635107830123,0.2747814125337235,0.23081597545866012,0.35461053897096917,0.33147807630565745,0.2845724185167415,0.14866981946754654,0.20645532889501386,0.19020616958100348,0.22706904982925225,0.21607652590347406
0.15675239934060378,0.37952742161326136,0.4762661259834608,0.23666616738353194,0.2996466400711438,1.0,0.41097987463364677,0.5228625706433582,0.5650048654029539,0.2901004965491729,0.43055293518491033,0.45334050274459226,0.35855090235734643,0.4069433101060123,0.33787851842326566,0.26559513636155235,0.28381805777143415,0.3481126285238161,0.3066110591505224,0.3420470417020056,0.35307207141292984,0.3117287397405944,0.33220027348825304,0.33130643125966086,0.2878843440130392,0.38809412831204254,0.19094271218832745,0.26438566706249017,0.33640886612276666,0.40098779641199866,0.23668601578822002,0.2364287467773759,0.19618147290745097,0.3022236350119355,0.1682930704070574,0.42550895437998604,0.19990819123823494,0.29890389500838793,0.3505861165707905,0.32130192508930816,0.27834514352295364,0.2868699212485142,0.37854698503803563,0.14587390807633915,0.2525196816832374,0.19288286711002908,0.20941414180055162,0.1811666218824341,0.387147293913425,0.17461172296304192,0.29120618732914516,0.3526745207267679,0.235976700762997,0.2577602581718634,0.6690734164084547,0.6865581093540145,0.3055745450439279,0.5132238484114715,0.522844516194256,0.38557294964532246,0.49709709913032685,0.42133136898305507,0.32363652253123504,0.3477694011106142,0.2471145204988666,0.36311779979702885,0.3785790952807268,0.27481989338079704,0.3271849473678573,0.2737340961636989,0.2555798838783097,0.24707714335658446,0.34784447479307035,0.4297210897137101,0.2646900274998156,0.3521002615014936,0.36153008170187595,0.5171881156454159,0.22576015061224233,0.32941644661990305,0.24555903165098866,0.182053152127588,0.2167789198967788,0.20668953835262271,0.2652541582796726,0.2670444010859191,0.21911802368783578,0.3172585861792789,0.38546545433610924,0.27098311901260447,0.27264619119705336,0.16350544314974502,0.3810152076171991,0.3483325940611365,0.4175201678972806,0.16878759473123434,0.20844582898325295,0.1854525524368597,0.30901915110641076,0.22566219103097654
0.380220965671822,0.4739530684992072,0.44178374962273204,0.5352492782679114,0.40661278745662094,0.41097987463364677,1.0,0.6136169775264062,0.3167781664877188,0.27285269218079305,0.347492535057881,0.3431207603361757,0.3128747561461064,0.3530681434426973,0.23174737324013742,0.4004006725590156,0.3695689049243168,0.3952511884794262,0.37085906371436117,0.44550416010422206,0.2665810420161801,0.2367188281150361,0.19953511932925852,0.32936355404637163,0.31639507964233377,0.2758254141025515,0.20492274428941834,0.18828091372291017,0.34915180866220674,0.1718642912946374,0.2672230816878327,0.3477870141658259,0.26048973943000947,0.283578682237218,0.22645106495150702,0.37660776171168786,0.16084847585935613,0.4235200311689992,0.3423729655644705,0.5492341901673855,0.289010887658139,0.4810887353781081,0.32757505736583953,0.260214709629889,0.1280815548194448,0.19664604134190347,0.22546444444450475,0.16709966069597615,0.36866874462322363,0.2692844210049372,0.4900344945471006,0.5430545309532163,0.5283629929846877,0.320476748246534,0.4338405703342858,0.3583592124033636,0.46523563128978795,0.3940993235223022,0.392435423999824,0.37688192077058524,0.2781499279971264,0.24392841532267145,0.2801988052418531,0.31913737276284443,0.2680542845952545,0.21018468250805952,0.7046464526849892,0.30902763184273635,0.29743475446624673,0.3879957857602768,0.2417793755152103,0.29746710500715123,0.24896512822027184,0.5390328638291805,0.3108095353655425,0.3613295942530459,0.30202356768005467,0.21513256572543812,0.20846732447861988,0.3481611576065805,0.1955818661919795,0.23929295442144397,0.21713133478385327,0.18621235178028248,0.2112780660797928,0.24794679569819852,0.16373155019905833,0.20721530662534307,0.37286252597571723,0.21966741826150482,0.37222890220645427,0.2651952755253375,0.3743999829704385,0.38087226648444306,0.39111911067623434,0.13862923820559644,0.15855151339503973,0.20976046227618692,0.408671547627199,0.25609015548620995
0.21341161569708736,0.4433039239250452,0.3936426737256179,0.4103790618005334,0.314211096339524,0.5228625706433582,0.6136169775264062,0.9999999999999999,0.45639858588276483,0.3322928286464421,0.34959450827312444,0.3128862686786562,0.3145882706701863,0.3755269222136087,0.3227615767511778,0.3827537465637711,0.35372221649305613,0.4792136188140286,0.3554260114633444,0.42365108027452136,0.28029819446864773,0.2367034418917031,0.2767505900792195,0.30972935088471,0.22994634605073164,0.2845393377781201,0.16313498536577714,0.18028937431068504,0.2757869594612204,0.2884135713658398,0.17838244818678667,0.22332480068788246,0.16563561280878647,0.33140661584118497,0.11920048564244563,0.4357474968276874,0.21099536103620842,0.2572206747071545,0.29923097361087253,0.4383578136499534,0.3183669384458088,0.326665601799379,0.21203664512973194,0.21223853144038857,0.15216570442842142,0.18527867524981498,0.18310481345524818,0.11736890261163513,0.38248792215181765,0.25834468039753067,0.28249625811843765,0.5628723631754328,0.3971053208896172,0.31392321325990935,0.5608280793789291,0.5150395362437484,0.7862336549005613,0.5591109528607004,0.29534455310921165,0.3124115233892205,0.3744606970193039,0.30054882380674,0.3516426500948866,0.3630171714557376,0.2828031161751881,0.28049540958196584,0.6811320373192282,0.2599441679280534,0.2994493610240317,0.46813626267896985,0.19656193535705987,0.23616232818265195,0.3229090031460607,0.3834705287741378,0.2608185771951669,0.2886132210152951,0.3177190189918815,0.31269253868087615,0.20890930415349251,0.20913274978411447,0.2845382512748739,0.23378567525730765,0.1687747845707962,0.24042748233719283,0.2195459742443388,0.3037023872275121,0.1785333030763421,0.19458304280387573,0.35288746446052677,0.2650399589754406,0.23773720353416752,0.12178255736312218,0.31739205450870517,0.23568574574650314,0.36308655172970256,0.16777342206401474,0.17658775675290342,0.21010538885468205,0.451510688093623,0.2659079766538382
0.20637334516292266,0.293269388392525,0.29761021580363484,0.2456400409971031,0.23890800582910834,0.5650048654029539,0.3167781664877188,0.45639858588276483,1.0,0.5163526694886358,0.44094929155599644,0.540736979065999,0.3486830477741142,0.312751349918719,0.24207465212634333,0.23040054646215716,0.30371184241204074,0.37885729664265655,0.2676852651082461,0.43351625410760647,0.22987971706477608,0.2260883530715229,0.2059807355680639,0.3424392709013811,0.21954404664505345,0.2716819596223981,0.17083890830698686,0.17314640553868663,0.3234389261337748,0.36428353031139743,0.24686843884870946,0.1846641905088905,0.2454722500582837,0.39252569889226685,0.13087668844464787,0.5119563025266173,0.2634001725628744,0.2674342535906017,0.3815621093054667,0.3508870271898584,0.4242078650996604,0.2513532897365249,0.3304375372196198,0.1841629012131687,0.13233146385343225,0.13504866740102375,0.14319678095090377,0.14018455318898496,0.35778328517922625,0.37896839485570155,0.1867231219980052,0.3138992770613814,0.22619795121105685,0.2346699281495534,0.49117115215323864,0.5688557852996918,0.3423212410609788,0.7188074126784179,0.42016281378304304,0.34177661280680577,0.5550258428728827,0.4291749207642772,0.3969441238520236,0.3709726800843043,0.3148548760058818,0.28085399419396295,0.40465771003676126,0.3031439638701786,0.33039721443065934,0.3826252496198095,0.2303193030151342,0.2715652127704754,0.1608762263999969,0.37140254021656693,0.28024459586930245,0.1896143178236806,0.33946323172109916,0.28299206433418744,0.32066215169879725,0.1902863097565609,0.3321224333272222,0.2938114892965815,0.2362864566691351,0.21583206301828894,0.15332325424654505,0.27746304794625537,0.25034826276408484,0.15183940170865468,0.5053901914486684,0.3548501810759078,0.32370648407152186,0.14710665422349536,0.39638781511372423,0.18481180982102519,0.2828532185702521,0.12164993751811963,0.13477698108292682,0.16314038744342457,0.33152704933975236,0.3419506360580115
0.2818088475381829,0.29786247175140834,0.2063879224785802,0.30621856269262177,0.3046135413245868,0.2901004965491729,0.27285269218079305,0.3322928286464421,0.5163526694886358,1.0,0.6359005640378899,0.6115996214011109,0.2734174364151292,0.14946015975703186,0.1885665771684379,0.18917521901190892,0.29128265363966255,0.208186335044157,0.22656215579197336,0.24981135970543294,0.18090242394114614,0.18968128370677134,0.24804813415708665,0.440901691699856,0.3738749433570725,0.4398856223612742,0.20861875789349746,0.27305201116215655,0.28655292409392513,0.2773758606607759,0.24535716404549382,0.23115194779424403,0.2616658235855891,0.32633842158161724,0.14578931716455523,0.5204916779473876,0.29501701620021015,0.36632259294717257,0.2989211585841568,0.519489279798502,0.4499713335898186,0.2846915544417695,0.2743144898431356,0.20200718158179548,0.09890380899347846,0.16538049664673837,0.13916745895643567,0.1957959047256926,0.2268240711277836,0.36343809740537547,0.21283307501592869,0.2679022223998518,0.3264489029786143,0.29484818995843726,0.31209185055462607,0.20949871326091396,0.2074508497723824,0.5002335221468358,0.4727655360119786,0.5699200509500989,0.6771334723795962,0.2729273069045922,0.23542552827034557,0.2038827156073744,0.23294490207028093,0.13926525507254514,0.3855584905900071,0.2206702805300392,0.16327523800875376,0.19826652588368407,0.1184060417069087,0.21344450974626852,0.20457011606418696,0.35429297551880673,0.28215212058366484,0.39658667572589373,0.4393617760478168,0.2762901828802224,0.21737449330702005,0.20027686427766486,0.33366661268833475,0.30973331489561057,0.18287657427843537,0.19934012792373848,0.1692221616137244,0.30123286707810903,0.22454376408623714,0.24437924893959956,0.4924443098968802,0.46024489388664386,0.28753183980492275,0.18029483978996727,0.32501841991059344,0.23579619997799445,0.36788704961259744,0.1706692031958282,0.18285869895712983,0.1965810749986704,0.28994308411860303,0.33972978160228307
0.2203669676074569,0.2570557102406227,0.19709978544449483,0.22884211662040624,0.2902963165027218,0.43055293518491033,0.347492535057881,0.34959450827312444,0.44094929155599644,0.6359005640378899,0.9999999999999997,0.7213359395810248,0.3025066375911944,0.1563200354301518,0.15966409123073982,0.18587314640366895,0.2626439973732946,0.24140766098745822,0.19065079817620137,0.2063188348986412,0.22515445624148506,0.2212070094153737,0.19712339627963987,0.5026611683841208,0.4340805734824865,0.5520867832044513,0.1464125204956141,0.26756999437022944,0.21919474757901164,0.23682921685532554,0.20432860864594007,0.35056831825392953,0.2828682557134001,0.278838103875382,0.14936407405644553,0.518885431243569,0.2020980538227215,0.43580328888525544,0.32688096320222443,0.47347345202860225,0.3378412434292635,0.36010265293165394,0.387311873249535,0.13576695671559644,0.19056590942041307,0.1075904879258337,0.13516059463249003,0.192984755958952,0.357449385295654,0.2831848266340799,0.23774321378467422,0.22203621733239495,0.2706493046720321,0.28251856260033753,0.3684215086842498,0.213147277714404,0.23483028947560758,0.5023702812544509,0.5781964236208712,0.7284649205849237,0.6798327107648963,0.3286135410092752,0.21908771333429367,0.24075634762848186,0.18318030281734474,0.15887614395375574,0.432855163765543,0.21345616060176048,0.1631908022221925,0.25710656157006206,0.16883326960390843,0.2328039691580101,0.2335056518709636,0.4116379732962101,0.4333054702000081,0.4418225824683327,0.30850737074907175,0.2978487567634462,0.177421399725053,0.3470742612840481,0.32174321043958076,0.28526796116296027,0.17341749463136033,0.16816414794595672,0.13933350729280952,0.23061466444380702,0.21042105433125102,0.2669700327389848,0.49884998527552193,0.3774800973755973,0.28278308078605735,0.2868615181797987,0.39750426558994767,0.37877843348556905,0.4363790978706668,0.13684411424172882,0.1274070661503087,0.16144686172305567,0.4240020135095001,0.30192511147010975
0.19679906606739986,0.28962251793178406,0.1963563933629083,0.23555087742557368,0.27286011995203696,0.45334050274459226,0.3431207603361757,0.3128862686786562,0.540736979065999,0.6115996214011109,0.7213359395810248,1.0,0.4139357724551857,0.27131879469881204,0.22381298869103464,0.2264556792642477,0.3594162987153744,0.27723156462705323,0.21433142366730148,0.31085239734389514,0.2230254746723535,0.29259727428686716,0.225115127940328,0.4091342912475098,0.31028393479898897,0.5499412713534055,0.16283680012440357,0.1878343998904317,0.2544674766639811,0.24679731951063139,0.2115732557348321,0.26379773105510534,0.2085321856009001,0.2663310173810476,0.15015883647392136,0.5616728815550988,0.17746112242370335,0.32338823316936266,0.34544709596094547,0.4135221911123966,0.3315924129874096,0.30340596717618973,0.33090084528300223,0.1915041852224251,0.2883832594804517,0.11626400756788711,0.14035903553804102,0.14903493651516203,0.36343146155294426,0.23207865569325636,0.1646311846387557,0.2345225518222115,0.2430469841722793,0.25500729227084984,0.32430227983999194,0.271610332065314,0.2016883164011702,0.5216307983557089,0.4851093750877007,0.5721954191983901,0.6827535141066206,0.44713859428301816,0.3191080714893206,0.3866964619818269,0.28385463082481693,0.19695176140604567,0.3556050093408073,0.23619416422231784,0.1967465076166664,0.30202976906010737,0.19909958658383187,0.1887244675831387,0.24801786509043414,0.34639745791555,0.4862362185354214,0.333935150141953,0.2976897963084615,0.3550772826560981,0.18410945699646505,0.26683125631505966,0.2860391388457018,0.27419069961074316,0.19657309171249784,0.19171658707337685,0.1786124707471311,0.21727593237693285,0.1757386881251309,0.17302196080635002,0.5234113899256078,0.2848036209690615,0.2559831335192234,0.20959689616323962,0.3496658759796244,0.2416157187610538,0.3471287638760927,0.14219929846694274,0.10359998581780715,0.2011840107391969,0.39485634025071553,0.23330185614072727
0.1209879093137621,0.2978634386709086,0.22334297721950297,0.2919427815334306,0.2777443387301077,0.35855090235734643,0.3128747561461064,0.3145882706701863,0.3486830477741142,0.2734174364151292,0.3025066375911944,0.4139357724551857,1.0,0.5073557918357299,0.2643923571774149,0.21279548207867113,0.6563265804116214,0.43412472332956126,0.49784317226524133,0.4011525293928952,0.24975931238800583,0.4330550399524261,0.20630803784183274,0.3073142827981542,0.1497892835622743,0.18181632021155864,0.15606367341183713,0.20548453901734806,0.2584047206340291,0.23757253152234387,0.24877692202350368,0.16980203144110248,0.1889120770676024,0.389712038246359,0.1957245726608482,0.43045421915154586,0.23860747740358573,0.26816618371475687,0.31810860365206234,0.2658705514429283,0.31164873524190223,0.20622260850948224,0.2532579752506528,0.1650107987493174,0.19415087504151063,0.1516775017569381,0.16162438548872413,0.16405446492340542,0.4299212624092179,0.26535146168521473,0.2608809904617799,0.26719469740928137,0.30287722721873117,0.26759562509109563,0.3539414565111705,0.2608941271012641,0.32086478521871953,0.3907841042774145,0.27346071780236453,0.25298700170852906,0.2921316097696268,0.7399577165976012,0.6472501936094506,0.654925202199371,0.33631463761530983,0.2564408257022706,0.2992678865454619,0.45080460253160837,0.3221347834522148,0.3471096843004871,0.18767975149224608,0.40554819798258146,0.23331608061273026,0.28490242080688644,0.27789366376696056,0.16439835059493582,0.275792676175085,0.19306085596132028,0.2682299676932088,0.24794377872453283,0.25507218539133175,0.286648106084356,0.18299515089027513,0.2161827277136383,0.21153881410166345,0.2613367929499895,0.34728220076193667,0.19542220461286264,0.4068490599614847,0.20546403620290757,0.32062742429833035,0.16841107348392176,0.33236128440657386,0.18745327400978598,0.25644465141021316,0.20153745152588715,0.20404697579247583,0.21854330644661046,0.37904572628663247,0.26490752148930324
0.10103073416612189,0.23394548482034788,0.2734457536008322,0.2227534065177873,0.1782079086608421,0.4069433101060123,0.3530681434426973,0.3755269222136087,0.312751349918719,0.14946015975703186,0.1563200354301518,0.27131879469881204,0.5073557918357299,0.9999999999999999,0.5407531814535116,0.370698528245094,0.5366655065310211,0.6205333265080335,0.6113929660176344,0.5072860578738766,0.4521366370345303,0.24592621791563743,0.2708265262022408,0.19376285050079312,0.09625999542361648,0.16870547295940258,0.1573744595038579,0.21836990744506604,0.3141009038550083,0.28418811357958046,0.20674826124531884,0.16530615197026552,0.14189433073680546,0.4289017280456796,0.0996757181975761,0.28199659070739197,0.18099874972863136,0.223560352643303,0.3093663711938236,0.2696386320131787,0.2243424558044684,0.16096872958666175,0.19300662884947065,0.19199718125683346,0.21375158202631844,0.20448807449486836,0.1890103914729625,0.15806473346881836,0.2881189592301094,0.1964251057197417,0.2791753617595586,0.25253686451136864,0.2883471320446284,0.18731539644861872,0.3302243282433658,0.3840875068859175,0.31699947108807847,0.2429419273225929,0.1892070573330972,0.18316571384545655,0.19390349840410995,0.4708357324364439,0.6160822250872744,0.6794762462594086,0.48490167739278306,0.5539373202184937,0.31952093557393646,0.46106028187609716,0.5041994263225787,0.4920179864090789,0.4171583697578244,0.2271190534958273,0.31333386908561306,0.2578538651123424,0.22212649686016772,0.15763850669089682,0.2569613099197492,0.29183186787420773,0.2700615718335655,0.24037721720657962,0.21099667452413254,0.2588231451018385,0.14898330643215332,0.20427152637040522,0.22673443243627112,0.19591181384159037,0.21265460965951383,0.2112867799139864,0.25198875363069545,0.1570614056170654,0.3408776280135474,0.10652139793655069,0.26049899332944454,0.2083164977299214,0.2215636813549272,0.13099652562948744,0.2406646832959338,0.21201302882834255,0.28602552871148335,0.17682716585303382
0.13318665773344274,0.24493651289059404,0.3143050534171112,0.15095325754901345,0.1966974944153598,0.33787851842326566,0.23174737324013742,0.3227615767511778,0.24207465212634333,0.1885665771684379,0.15966409123073982,0.22381298869103464,0.2643923571774149,0.5407531814535116,1.0,0.23257057792651206,0.2561511865760609,0.3832712229021603,0.3293707648839625,0.39518566039970776,0.533379495876574,0.22438278539977144,0.3732747266871528,0.284604231778784,0.16037038659552572,0.1690186481371001,0.1824211913890638,0.25790259327323034,0.4226188041023635,0.30627492908262793,0.15318304058023974,0.15166699133951744,0.20994859166869645,0.2722656665696951,0.12106264889826221,0.1861855817732696,0.1514774816619034,0.19953654693740652,0.2775514995648522,0.22492254948376156,0.2334992855110576,0.1663230317957586,0.21270217037952002,0.1934918740156586,0.1612064351533627,0.25464931604790453,0.1955298724964447,0.15172527269160727,0.18967367825530793,0.16035112204106317,0.15555224743915674,0.24747084881614193,0.20043755653212955,0.22796527481199813,0.36656963915018076,0.35186936716130146,0.1969867013101543,0.24433270987101569,0.23905366230686848,0.19635135705001183,0.2163929861358013,0.2523237511285779,0.36438950321342245,0.3940804698868059,0.4510729792954446,0.7467772043773041,0.22186367291790873,0.31154597841309817,0.38987433966050217,0.3368694610354443,0.42599903493875063,0.17264290101199464,0.30393518982817147,0.23868577763316692,0.29463259398125435,0.17869587249213748,0.2870000381575002,0.36701082891827835,0.23012201929455467,0.16743726259994396,0.2551665045691925,0.19385082672132065,0.17784861372725608,0.22716364250336618,0.2564786556222581,0.2808278918867665,0.14416789803619434,0.199204676049996,0.16921883634362625,0.21417493332056955,0.26820810036128284,0.1639477332952124,0.22742307653260443,0.2529467456470858,0.17384405851081336,0.18980374498453265,0.24872610745359736,0.21445087102295324,0.15148566767200303,0.14205437144490177
0.3094788650059167,0.39092744421961617,0.19696815730190895,0.40423213618065373,0.35447714914213646,0.26559513636155235,0.4004006725590156,0.3827537465637711,0.23040054646215716,0.18917521901190892,0.18587314640366895,0.2264556792642477,0.21279548207867113,0.370698528245094,0.23257057792651206,0.9999999999999999,0.21285212134142284,0.42370955218621265,0.19202527964351593,0.31346314959346205,0.2139203929389405,0.11600550015164496,0.31518102201661147,0.17255924639679138,0.1338457954750197,0.18842386712414194,0.2658469720307112,0.10533477950369885,0.22512307470217724,0.21429871205918125,0.11666377668058772,0.1890278925085349,0.16223257628718415,0.2873621039481842,0.253671006536098,0.2459360667591742,0.16288423951078837,0.16671886299338948,0.26648268085331905,0.25147311985477777,0.16656449692730357,0.18688462346133278,0.1966624068129423,0.15110912847364222,0.13966725173936742,0.24323171470266947,0.1558963329920869,0.1602402239018593,0.2589258718698713,0.16485939071800723,0.345559697951908,0.34013935430714737,0.4167608301336733,0.2310598481853205,0.21782186868106085,0.2079942005688508,0.36698505986461977,0.2962728152238914,0.14943527846162186,0.18074956687993532,0.16818304012317797,0.2187292631885262,0.2676480640170719,0.2629549692875413,0.2052659157071356,0.22702325504187712,0.28783395940143314,0.17806583831592784,0.29517604330544206,0.39810398776263645,0.2339792762090215,0.1600857629181455,0.31869847217115793,0.19048410173245056,0.23226413209427843,0.12513877583217034,0.23829819655415807,0.22217687367965058,0.1440755000527073,0.19987458106950168,0.16301473458879176,0.19139905900512066,0.2009832734492766,0.26136137844817275,0.12656277526633705,0.11650527756592993,0.17477908496635194,0.13379318185938957,0.21567736019683661,0.15244890294646044,0.30070479028012836,0.18446624610228787,0.22968769257086227,0.15265660519303295,0.15044503826618513,0.13318707031735974,0.16082435203740966,0.15715371958006372,0.25651068701166313,0.1488617569334754
0.13734062576251366,0.2407839589627369,0.2646925464375664,0.28392865994555705,0.23409149238594262,0.28381805777143415,0.3695689049243168,0.35372221649305613,0.30371184241204074,0.29128265363966255,0.2626439973732946,0.3594162987153744,0.6563265804116214,0.5366655065310211,0.2561511865760609,0.21285212134142284,0.9999999999999997,0.5169611333443754,0.7479645397751021,0.49377602248600283,0.2698640575225112,0.40121117310895665,0.18946941052966018,0.37756535559375903,0.15661262661962147,0.1825836277129657,0.17884731744709534,0.24158473275518863,0.31020582857783285,0.17870269280197576,0.18424328372757678,0.13524266271410584,0.13400885603330662,0.49116511966613424,0.1862802245989613,0.39138307234641734,0.29147490489964945,0.21642036930283634,0.2916252003771326,0.3435303021072631,0.31108072746003096,0.19577156040825294,0.20548971431238236,0.27267822148982246,0.18397370619688605,0.14513658950445846,0.17850998253498937,0.17981220178949095,0.3382242091952073,0.2798688084402368,0.1988256500048176,0.2842077537326502,0.29955494463462956,0.27068349401485453,0.3129050460375103,0.26953912187265217,0.3365350395293394,0.29353738756309206,0.20453490707385594,0.27644368012944065,0.24395852434016072,0.5193200065594434,0.6267238244073308,0.6094299779849807,0.38275928743985316,0.26149162739005105,0.3539059237049954,0.5813521895530793,0.4507290114720917,0.423771932223001,0.22311623328337427,0.38384344337812726,0.26537872611505753,0.3061721621802226,0.3878828174286386,0.24806841479949163,0.30537579104472834,0.17123864395457228,0.23282332871098002,0.16798597865064152,0.42768891582753343,0.39791734782094523,0.15891186745717303,0.2361404401976513,0.20644301258264605,0.2696769730454697,0.33225400456014453,0.20206849819193692,0.4331504735197186,0.21460584645956884,0.19772140987413242,0.14272584625710355,0.2611367905533159,0.19652947751090077,0.25906714316159807,0.24184900892326444,0.20482280808215836,0.30116642417737544,0.39394747998447643,0.3339453810648119
0.1549561208440876,0.3062468372101683,0.31465352739050534,0.28396173215959036,0.23350165893800576,0.3481126285238161,0.3952511884794262,0.4792136188140286,0.37885729664265655,0.208186335044157,0.24140766098745822,0.27723156462705323,0.43412472332956126,0.6205333265080335,0.3832712229021603,0.42370955218621265,0.5169611333443754,1.0,0.6425649262790334,0.6529293827430039,0.4354024498013929,0.22670046917519265,0.21461004350211912,0.30589446932304964,0.21258418266979767,0.19420782143084747,0.16372270335437322,0.24118702492957148,0.28441644625935597,0.2028915959006949,0.19080270838217225,0.21490204138073932,0.15993412987061795,0.6730736460017712,0.13560467692447775,0.42438895336207855,0.22481006021390926,0.28370284057809386,0.25371237137840497,0.40086841426176895,0.3091486661935899,0.28295844100816653,0.19340739050628336,0.15976288206085715,0.14919493468165826,0.2504068490520773,0.14350542170397484,0.11398954701281774,0.3049376618501896,0.3229163641043849,0.2128963098495963,0.3031895998834142,0.3342587561204098,0.2918763422323848,0.3285700141765669,0.3616756328877321,0.4655884820399828,0.3966242794972923,0.17604259496842625,0.30218470637077227,0.17691451216638426,0.39416019539197045,0.597855664110392,0.5321589945666153,0.4204754685866343,0.3933449808849671,0.4064504318388977,0.49131710086902575,0.6787645952511417,0.8682652189731729,0.4386312962130174,0.3147615362895191,0.27371790237499,0.3064784214442587,0.3163847953538562,0.24292677662037612,0.23706287147984245,0.18250655608341382,0.2497003750064453,0.144315876235391,0.3052177623230239,0.3856557175608614,0.1796196913864262,0.18160855408807325,0.15975341789871253,0.19018094902801397,0.1880986063705352,0.2346266431095163,0.4004836779654922,0.1978829769124733,0.19796424125755024,0.20668191498243096,0.23983606029726856,0.2891855457522532,0.22085091365195267,0.2066710627594609,0.28674768094038,0.17268464157350102,0.40538277360426905,0.2705442688025979
0.14548085273312722,0.21240978995458978,0.3068385640831843,0.2297649027429468,0.17052700615300964,0.3066110591505224,0.37085906371436117,0.3554260114633444,0.2676852651082461,0.22656215579197336,0.19065079817620137,0.21433142366730148,0.49784317226524133,0.6113929660176344,0.3293707648839625,0.19202527964351593,0.7479645397751021,0.6425649262790334,1.0,0.6345817334456214,0.35500840671514844,0.3372103044013166,0.13675527214143224,0.3413626937478505,0.18503443987476154,0.21340298343333322,0.13694804952746245,0.2119581489642344,0.39305236083589157,0.1610717945122905,0.24865782541291487,0.2233977436297809,0.14037368251698623,0.5803731685404327,0.1581394452295293,0.3858397316918311,0.29583052831963164,0.25218178214957665,0.2336620115175104,0.3571083854877903,0.35216598524259574,0.23695227211756376,0.19333033083238732,0.16915553049690107,0.16347708770569075,0.1373352286622752,0.1904199884400314,0.15913692569669388,0.2588490393752976,0.3821677680764642,0.23118284573187772,0.2648505889802383,0.22220637500575025,0.2385780578465613,0.3514195133566661,0.27916046763342495,0.2977370407432404,0.2613805418761157,0.16776933707222136,0.28482508958611613,0.1616429888844484,0.43876545408062306,0.6599824389377317,0.5943048851141617,0.49807631462453467,0.3138841887766889,0.39680084978980973,0.6994086017486209,0.5638555053136981,0.5105895237853414,0.3642896417325238,0.38873965213980605,0.20525303971216363,0.3658527309896326,0.26781450678575497,0.3130587987690881,0.3016658777197288,0.18033482567576764,0.29879319618624667,0.2054017712286335,0.344588729252363,0.37018330719520165,0.14819764558076268,0.16794708228219524,0.19660437645892972,0.26234459439049834,0.2600679794038615,0.17099925329297633,0.4045581788894411,0.24460529389371133,0.19418234813304014,0.1514028293923235,0.2172775939374744,0.21859373047666902,0.2636900372406127,0.19216177659116762,0.19238291603861501,0.20496416551589086,0.3333526346937574,0.3635376760862836
0.237416916218749,0.30197864567447796,0.310718584506841,0.30321858705833676,0.24815762907262187,0.3420470417020056,0.44550416010422206,0.42365108027452136,0.43351625410760647,0.24981135970543294,0.2063188348986412,0.31085239734389514,0.4011525293928952,0.5072860578738766,0.39518566039970776,0.31346314959346205,0.49377602248600283,0.6529293827430039,0.6345817334456214,1.0,0.45939161481685076,0.1899128332038158,0.2412111209700833,0.28157549836399826,0.2238758753486427,0.16512636045796555,0.11112727954183182,0.1362008318118698,0.48902385318153047,0.21664840052906734,0.18013086647647827,0.24363346023831314,0.17686909337525222,0.5102063341977155,0.12370791843959772,0.4734487762476484,0.26591495945416893,0.2614775323783215,0.30495699155776046,0.38372146039675065,0.36250700140311926,0.3177430233891537,0.17399155442402514,0.21618970927323441,0.1661178793844611,0.16866021122149255,0.1742280836532763,0.2073522004609179,0.3753249781656857,0.43651072129610813,0.2324491348623869,0.32922605997778903,0.1992607510174323,0.25016696895029367,0.33339091189008896,0.33363825824586735,0.3559625828254772,0.40477926549529997,0.20771046327362858,0.2691596380070771,0.1932345687300271,0.42833020448581627,0.6211854865338886,0.5755829516028497,0.6259209038762603,0.41398753697886365,0.4571380836827593,0.595051378312786,0.5493718980999742,0.6192283497610738,0.5332516451557897,0.25260804263758957,0.21665932049906542,0.3772950092354397,0.31493309497858424,0.2387257294122339,0.38611539963006286,0.18361863494015127,0.2219525310013813,0.1816898076402332,0.3288783283279731,0.3907597509714708,0.16834942032001948,0.1459915006975832,0.10220953735809873,0.19762957809306492,0.2602310730458315,0.12650215700048942,0.5119800573249443,0.2281311714454798,0.21273278372452634,0.22253466812207598,0.271848859315395,0.270678736269504,0.17946277658237414,0.1628382509465252,0.18845118653260384,0.2130578849839777,0.43455213697647094,0.4036284883017916
0.10430940659872366,0.30373983965763995,0.24726794778872685,0.21971226935100666,0.23315062881037515,0.35307207141292984,0.2665810420161801,0.28029819446864773,0.22987971706477608,0.18090242394114614,0.22515445624148506,0.2230254746723535,0.24975931238800583,0.4521366370345303,0.533379495876574,0.2139203929389405,0.2698640575225112,0.4354024498013929,0.35500840671514844,0.45939161481685076,1.0,0.17015311038888398,0.39252424701616717,0.2526257824034955,0.19544560627344268,0.18846811372211042,0.16402593727503706,0.27727080772978296,0.4215626145580954,0.2628577221209473,0.16105647592462705,0.17598783632014825,0.268031723678785,0.2777512397447605,0.15672539815476136,0.1972404406522764,0.13660104784621857,0.24529917379133814,0.3525419672289088,0.22912706965684054,0.211437924378675,0.23733484164381466,0.23774258776670074,0.23238567764987153,0.15412447327757012,0.2089167066993292,0.18993963833767313,0.1973355681206385,0.18343290732030837,0.15927252688295207,0.21627017825508799,0.2307990071218038,0.24364064966430923,0.2513213296221457,0.31689614890840123,0.3234981653996764,0.2253110257560308,0.23058870566532058,0.22955083995949288,0.225301187833891,0.2181710590985681,0.28160592196486045,0.29631080772467294,0.36356918938670857,0.5536085216664169,0.5277042189318117,0.2681140885217893,0.399654773787645,0.508661350992777,0.403855314338185,0.7260994594087414,0.17260617790944724,0.38027728692332635,0.3388418684724194,0.28629597202064616,0.1638536796969608,0.2732231190034262,0.27905268443937836,0.17967594341245458,0.1793011509362621,0.24147545762649616,0.22638241509730572,0.182829912182957,0.14731339983288425,0.17500656335072545,0.2737482998329886,0.19210381728125378,0.30695208079810327,0.23459537960881935,0.1983145069174525,0.21712345160335214,0.24186419517135233,0.3635101547007908,0.34757570816063976,0.20097853090556106,0.21911432971920644,0.32821049691598086,0.20751395262175445,0.18510241867049954,0.19897965839254483
0.12259897927707193,0.19479084827160112,0.16166641434544604,0.20952888407302217,0.20812397901715396,0.3117287397405944,0.2367188281150361,0.2367034418917031,0.2260883530715229,0.18968128370677134,0.2212070094153737,0.29259727428686716,0.4330550399524261,0.24592621791563743,0.22438278539977144,0.11600550015164496,0.40121117310895665,0.22670046917519265,0.3372103044013166,0.1899128332038158,0.17015311038888398,1.0,0.1525830951641912,0.30842957249464137,0.13282494202499573,0.17179688221535167,0.29489014007478626,0.2802190047216832,0.26469672527774835,0.19160445853806518,0.23375100622383427,0.14039260789976413,0.17265762783121294,0.3375804390752046,0.4477194397395278,0.23471273582818827,0.21766010257359342,0.1471081016999288,0.1634588406553158,0.18542163199599493,0.27226278834466516,0.19738512984122802,0.2962225445048857,0.13727414410186856,0.2636922353127037,0.1604774008979132,0.3345488674623588,0.2257231754551891,0.18285220521925108,0.17277598171327976,0.2476748258825086,0.2322258783459203,0.24943152060676077,0.21084635657758974,0.2997421713044477,0.17645972292582202,0.2569033809698052,0.2481116075607821,0.22647382778951608,0.21056231527817584,0.22430428900407762,0.3141145373825827,0.2583176945017153,0.28494132542125467,0.13503804957121066,0.21429000636688872,0.19728835694688404,0.30663029994182195,0.24624840139834525,0.2098524620669017,0.10764763737399191,0.5364084450799433,0.1851490077788195,0.18155985251311,0.315664339362446,0.18571418703627074,0.27267053064429175,0.21606701398701733,0.1857407768224446,0.17861131576224915,0.23922601941452254,0.20429324744152244,0.17333687618098692,0.24909103907928043,0.3613374323545948,0.4063502208284982,0.26937810170753806,0.249893129969151,0.23128692411453752,0.24773864908207255,0.24840594280636047,0.10763276128680813,0.15448915342197136,0.15773382938414046,0.29567627668895985,0.16338365340515812,0.23567366171586962,0.23875390756467052,0.14939197627988984,0.20163306801060635
0.23023453211840636,0.22975423496251085,0.20771505099337922,0.19726172326841962,0.240399920170961,0.33220027348825304,0.19953511932925852,0.2767505900792195,0.2059807355680639,0.24804813415708665,0.19712339627963987,0.225115127940328,0.20630803784183274,0.2708265262022408,0.3732747266871528,0.31518102201661147,0.18946941052966018,0.21461004350211912,0.13675527214143224,0.2412111209700833,0.39252424701616717,0.1525830951641912,0.9999999999999999,0.2165146995430325,0.19832345115832292,0.25705026870300884,0.22443753809466543,0.29455319556896864,0.27331398121417533,0.5990128688937214,0.16856700071529387,0.16652197307358288,0.23996349601692604,0.17235918819135562,0.16526558846800113,0.20385258647541213,0.24745155063071322,0.26001769372516415,0.3011086092271554,0.23619312096829245,0.20932139538007785,0.23750524666558054,0.2439638230344143,0.21683769988674528,0.18752273294918986,0.18193205817643815,0.20255290493092995,0.32348752110689505,0.17981087473788776,0.15557345966556443,0.1621596669983575,0.18640479649858296,0.24196062863902212,0.2261728251551906,0.24820510344620592,0.30780732114988074,0.23652169060673223,0.22218953938288633,0.2304926747647489,0.22844660526678454,0.2695101858694178,0.23491556259698976,0.1837018156695287,0.18300216399647704,0.2871929448329387,0.3561512184922029,0.18005350074225085,0.16997120251220668,0.2487099870577006,0.22221799896091862,0.3551983371360901,0.1954354514013762,0.6989663649481654,0.20218191621504367,0.19139729867546532,0.2299651565842396,0.36569391969463216,0.5997549441401473,0.1525574023955644,0.1609047300654785,0.28765483788614055,0.19655322514230844,0.180459634829726,0.16538506899855157,0.20985659678367732,0.2658246733961468,0.2572975465564674,0.31939504384282114,0.17460611454019656,0.20092406132257712,0.21125922779966644,0.23011457970424423,0.2905873655971369,0.2728009711756823,0.23385063795765487,0.2208986878047133,0.21842376810190545,0.25624631377022367,0.1839988494207727,0.2067191809739694
0.2176314765850483,0.24032378160016704,0.2938180595912232,0.216109115283969,0.3025664480987082,0.33130643125966086,0.32936355404637163,0.30972935088471,0.3424392709013811,0.440901691699856,0.5026611683841208,0.4091342912475098,0.3073142827981542,0.19376285050079312,0.284604231778784,0.17255924639679138,0.37756535559375903,0.30589446932304964,0.3413626937478505,0.28157549836399826,0.2526257824034955,0.30842957249464137,0.2165146995430325,1.0,0.27695881494176056,0.2970003446253441,0.19212721962901746,0.26916637763529383,0.40563741265881065,0.222954599549984,0.2817884179057242,0.3126415962035149,0.2648103862523403,0.41342349054769834,0.20424544903152056,0.4317555428602771,0.24896228115835434,0.2975694839296477,0.2993975053100688,0.4267871749662184,0.44683716134696533,0.33164697143041805,0.3762805061930492,0.12007226053931003,0.1505764934469119,0.1498440379369366,0.16569699993891476,0.18417905853244154,0.21922460566561547,0.33803542129544567,0.2001666212655396,0.21986006125071444,0.18922357811056378,0.2866738287189867,0.4143028663894459,0.242218469152699,0.238222839209483,0.44554601069004673,0.31372468570915135,0.4662385394308318,0.37023739791961374,0.2689665671766602,0.2718333014008897,0.23564361241504678,0.173460200046826,0.20180944597972392,0.39995492076988276,0.32777487329181293,0.3257213016697229,0.30664417401240895,0.18732542307153588,0.3988735718883112,0.25197048328518906,0.4589695450670403,0.5642608536393398,0.31007051236902344,0.40455523682123135,0.2537706497512186,0.20468845870635147,0.3396347056506304,0.5249419913316429,0.2762065990323687,0.18106140467796078,0.2503460630150976,0.21586848113601675,0.4732404983329338,0.24987282975601346,0.23248008278103222,0.4875574754310914,0.6262041857792416,0.2380815383258391,0.27065703628464255,0.3568108854995877,0.3036913237415687,0.3769312159371794,0.16855338898170757,0.18991405285302684,0.18218857760766166,0.2772660124329402,0.35440413233693646
0.4219960357161295,0.14574832868165488,0.30540156267080315,0.16684486969377915,0.18599935779807336,0.2878843440130392,0.31639507964233377,0.22994634605073164,0.21954404664505345,0.3738749433570725,0.4340805734824865,0.31028393479898897,0.1497892835622743,0.09625999542361648,0.16037038659552572,0.1338457954750197,0.15661262661962147,0.21258418266979767,0.18503443987476154,0.2238758753486427,0.19544560627344268,0.13282494202499573,0.19832345115832292,0.27695881494176056,1.0,0.4671016325944645,0.27205756141995446,0.20489997563467605,0.17445217372686733,0.14388180825848493,0.18284530513557862,0.5307281520379552,0.31644386499111316,0.30096657748635036,0.19841394414940866,0.27306864692056715,0.21114483185539026,0.6075787730422434,0.23692211241125816,0.45169709538710684,0.25298828540316604,0.4515994125581321,0.21890035571136934,0.17079691155950272,0.19058743807325246,0.17934599893548792,0.1722084263238364,0.18858217458799406,0.2409046382786194,0.28964492126045416,0.2913553745365984,0.2178682968503863,0.1641313665345935,0.20639064183826336,0.2123154806383312,0.20747354539117563,0.1725829979650645,0.24983431321380395,0.675380181017206,0.4532616508207699,0.38845963192225513,0.11055106397008871,0.12767876346622586,0.10321224113222018,0.16120662392967208,0.190302040373308,0.28318773377116785,0.20490192509927574,0.202346745304172,0.27127506898537523,0.20311807678613522,0.18061675382144327,0.21203559377550063,0.32583163615163835,0.23599761140051606,0.7120425013695101,0.18557693485150142,0.19816017522338442,0.17171892794450097,0.3699121300957857,0.219195655958837,0.2686736842106151,0.16767405888225959,0.16091587894548304,0.22425991872217266,0.13888364466957911,0.20812957715575425,0.22310451239368412,0.27905071804957987,0.23444354315952512,0.25574156478123244,0.6199260041990916,0.27734456875091174,0.5904464743103544,0.28538542363660524,0.24418606895080117,0.18399356855272844,0.14423587897548942,0.30375945896866563,0.21920925570806996
0.23452040765942772,0.20801891297558583,0.20072360703586462,0.1878925776854197,0.20191582327448124,0.38809412831204254,0.2758254141025515,0.2845393377781201,0.2716819596223981,0.4398856223612742,0.5520867832044513,0.5499412713534055,0.18181632021155864,0.16870547295940258,0.1690186481371001,0.18842386712414194,0.1825836277129657,0.19420782143084747,0.21340298343333322,0.16512636045796555,0.18846811372211042,0.17179688221535167,0.25705026870300884,0.2970003446253441,0.4671016325944645,1.0,0.26915342334755477,0.34238927093862215,0.19441265271816216,0.32059799277874873,0.24869676155216539,0.3081327902019373,0.21844679684131946,0.22687419127308636,0.16010979566944916,0.30350590470694294,0.1801464729396376,0.3012029289483258,0.17549486780119586,0.3701171559889746,0.19267732305255944,0.35081063923386774,0.4036869692720418,0.16303659747834887,0.29721505086530287,0.11534944424730431,0.15676364816442379,0.19116538637645344,0.2095537412704983,0.18241315097539515,0.22393397119706862,0.19326822881437164,0.2258329913001923,0.2179885493637693,0.29214536292568544,0.23220293881645598,0.21593593262878585,0.2718212580247701,0.47721650966681656,0.5102702296552836,0.5176058962139257,0.1916115056486561,0.1465855619650185,0.15724846974017764,0.14910205694115553,0.16228649479088617,0.2700446750666352,0.14261401652930483,0.159424004257182,0.19100077664793233,0.14402741365902802,0.15741175432049734,0.3240382341102952,0.20157963216255148,0.32331353187119516,0.6726646046886718,0.25736579806830406,0.42024679725708597,0.2351454397626091,0.31336889336223095,0.16111165388108176,0.17682256679692318,0.24589088927027722,0.22853166342067285,0.21881699914766117,0.1811258856374402,0.16723824548249266,0.29253622182026573,0.2657068200726114,0.18140008386457915,0.21120285301725072,0.2362067952553638,0.18177690944929986,0.38507318441432015,0.53245505679425,0.19806873847265627,0.13949032548995421,0.13480022888207172,0.22349772109238472,0.17162702337159538
0.16368171444609117,0.2209935822029628,0.15132340233495872,0.3039046599071649,0.24455956344790494,0.19094271218832745,0.20492274428941834,0.16313498536577714,0.17083890830698686,0.20861875789349746,0.1464125204956141,0.16283680012440357,0.15606367341183713,0.1573744595038579,0.1824211913890638,0.2658469720307112,0.17884731744709534,0.16372270335437322,0.13694804952746245,0.11112727954183182,0.16402593727503706,0.29489014007478626,0.22443753809466543,0.19212721962901746,0.27205756141995446,0.26915342334755477,1.0,0.3894837243912103,0.20830324139293155,0.16400518918378587,0.20986492875601143,0.23536850563145414,0.23693560448688608,0.23338647797005257,0.499957960264294,0.10853178345959812,0.20436407830501555,0.1832910159742357,0.18300101801434354,0.1575468679748916,0.18872268195918976,0.165506294327077,0.1750403255680125,0.21933722934942643,0.1710675214792381,0.45832030036760957,0.38171227775857663,0.37435488518547744,0.14756416222382035,0.2021158806624617,0.3326867204662473,0.15645356690609166,0.3070566521329621,0.20189948099866867,0.14733358708205663,0.16318587825585307,0.21742083411002588,0.11854382479289863,0.2451803563416087,0.1923007141142464,0.16275533141304913,0.13455557522123965,0.1519266062596091,0.16358668624016415,0.15428075005473316,0.20182350049361694,0.1387385922856995,0.19321192586424465,0.2184108495110786,0.1761650014126819,0.16525009707910293,0.2036539874134985,0.19557979106021747,0.145387041570232,0.20391248018964647,0.28672266407466596,0.21893934435443108,0.2451960098308103,0.2455855780092567,0.24736792799815116,0.16228318137444733,0.22642909412408638,0.19858195236794632,0.3043459083797704,0.5640069639674509,0.24297839762644619,0.269213805006497,0.2934497049105795,0.141254394830215,0.15110313673271059,0.3038369786580418,0.2134261558288665,0.1994006123603203,0.19493961636327783,0.17779594584784778,0.27737567759732656,0.4796471816099103,0.4251405020166507,0.1190280306157814,0.21246953483525177
0.1623802845684834,0.15153152512492402,0.14921655132685957,0.16156868229613144,0.1761117216727007,0.26438566706249017,0.18828091372291017,0.18028937431068504,0.17314640553868663,0.27305201116215655,0.26756999437022944,0.1878343998904317,0.20548453901734806,0.21836990744506604,0.25790259327323034,0.10533477950369885,0.24158473275518863,0.24118702492957148,0.2119581489642344,0.1362008318118698,0.27727080772978296,0.2802190047216832,0.29455319556896864,0.26916637763529383,0.20489997563467605,0.34238927093862215,0.3894837243912103,1.0,0.17417637982248382,0.3995448790705432,0.12867053643852672,0.21849043608819563,0.20883179826733833,0.23902399830902063,0.3577177891415964,0.2049638247781395,0.2172974771691728,0.2483061917722883,0.24707864335300947,0.2829800300292427,0.19418081697610462,0.22471837510698323,0.40222649726182025,0.35820041833985417,0.18370112720135726,0.32709398400374284,0.19944536970558166,0.26820142408764125,0.14574686872499754,0.14383317406520915,0.12733823300464348,0.14494061915764067,0.28128283056969405,0.22417925494930674,0.3465237493099721,0.17417909220194858,0.12869067870086215,0.19504251192514288,0.23949662583965808,0.31606338858857885,0.2944204807273842,0.16400303342845077,0.1769349084314449,0.19435005439808342,0.1844071967283778,0.2613259264909394,0.20408987969780334,0.21234702930450586,0.22299935060849535,0.18729260287409918,0.2214878787338856,0.2581031446112709,0.2891653698345034,0.20698239713565944,0.17750937479253778,0.3512891122980768,0.3360997714094535,0.5020261504452622,0.14563088277040973,0.19817236536958016,0.33314573107937984,0.19895133385722075,0.2971827463088322,0.3362872353247176,0.5160030027935598,0.39687885477482593,0.2923265871941912,0.7642469587800553,0.2303678427163794,0.21751626839603663,0.16355629553389214,0.17845242528532584,0.24094219546870668,0.33218269850243964,0.3860159486709862,0.3220720664033053,0.49815791328736203,0.27125210944748224,0.1546956708374898,0.20227879973348403
0.18363780087585105,0.26547459139819796,0.31397810038194673,0.2154189137571802,0.24367729358527046,0.33640886612276666,0.34915180866220674,0.2757869594612204,0.3234389261337748,0.28655292409392513,0.21919474757901164,0.2544674766639811,0.2584047206340291,0.3141009038550083,0.4226188041023635,0.22512307470217724,0.31020582857783285,0.28441644625935597,0.39305236083589157,0.48902385318153047,0.4215626145580954,0.26469672527774835,0.27331398121417533,0.40563741265881065,0.17445217372686733,0.19441265271816216,0.20830324139293155,0.17417637982248382,1.0,0.27651527639636336,0.31687085637612566,0.2861800312233771,0.18795796358338884,0.3478153435542687,0.18582668569850758,0.3192372793494272,0.29845158594403526,0.21779548250734757,0.2848265407561588,0.2971504422240291,0.30405167532538335,0.23668886422819027,0.2248630860741712,0.1551824201303158,0.1501844966558981,0.15778989619554912,0.23543224405851276,0.19984824104719304,0.20523654283850776,0.28695009453590253,0.23894534297073558,0.2232739716029555,0.1913228402290701,0.283722259114753,0.27666989716526347,0.2894308940654902,0.19118545355456223,0.2817646201830216,0.24509339464623472,0.2928253128589484,0.21988525187294938,0.31142925990566267,0.3593843713009901,0.31311489598299097,0.4076629664659815,0.3704002773822108,0.26416906388545824,0.379176082451131,0.33429957569982627,0.24734435932559184,0.29950133491594205,0.29415082627195477,0.2167980321620873,0.2697171793235314,0.386252868485746,0.24076491788462392,0.7239772568459302,0.3082687128758889,0.29838790112356234,0.24874445401361642,0.3014361758149023,0.19564325349237074,0.16694091284048374,0.193358025327423,0.1822150503588788,0.25454328755297123,0.313812308924243,0.1239549731456535,0.3504563092517713,0.2547990859731681,0.3111733396085446,0.1674344117532264,0.2345643685806482,0.22208428351211293,0.16746519952348216,0.1237687322169136,0.13227766575444458,0.21638623935856185,0.19742959768439097,0.2743563066596803
0.15392055368138513,0.2096259145342064,0.1724281032108862,0.14563964075095515,0.21160820806719055,0.40098779641199866,0.1718642912946374,0.2884135713658398,0.36428353031139743,0.2773758606607759,0.23682921685532554,0.24679731951063139,0.23757253152234387,0.28418811357958046,0.30627492908262793,0.21429871205918125,0.17870269280197576,0.2028915959006949,0.1610717945122905,0.21664840052906734,0.2628577221209473,0.19160445853806518,0.5990128688937214,0.222954599549984,0.14388180825848493,0.32059799277874873,0.16400518918378587,0.3995448790705432,0.27651527639636336,1.0,0.21492451275083105,0.19597537401001536,0.25140082718118434,0.19162772561478117,0.18640036424457565,0.22277943406320871,0.18131831416840946,0.21865817446498878,0.34620916755253106,0.2049062205704265,0.18874905068455436,0.2106525919437956,0.3638802958224487,0.1990477492624953,0.2031513318242475,0.1536923815109924,0.17265968697862813,0.3126623039123116,0.19997218651973514,0.1267858276945176,0.18311932750688598,0.1938413745352169,0.19086392090370416,0.2519531889851622,0.3361774497628811,0.3547245891906601,0.22227342397753325,0.27541071834533964,0.2575200979964107,0.23810489229852105,0.3406782424994623,0.32402875805014875,0.2399793426031445,0.23393111774575295,0.24286020853939003,0.29289353122349615,0.18472322871068697,0.1932937878553326,0.2634402595159869,0.1945475181764649,0.24322466316480046,0.25505877893072926,0.48773505823985425,0.2427313496467173,0.23859164365257052,0.2333631104023118,0.34365203954827306,0.6192455544116914,0.19604024798967498,0.21163621768983568,0.2571343851421705,0.13507752135355677,0.2908569532125649,0.2558122293666504,0.2431054003893471,0.2871802428904381,0.2491306488653207,0.3521510397238052,0.20028647018637777,0.19951177444550366,0.22348329065917977,0.17273217415605033,0.2791089728249487,0.2380212250993797,0.37278666691507484,0.21120252267081405,0.22205769039928092,0.1971005917777381,0.1652956070479505,0.15232655563462225
0.15433097828093753,0.25764295842472756,0.23475091616751997,0.19942141384281836,0.20513881184423025,0.23668601578822002,0.2672230816878327,0.17838244818678667,0.24686843884870946,0.24535716404549382,0.20432860864594007,0.2115732557348321,0.24877692202350368,0.20674826124531884,0.15318304058023974,0.11666377668058772,0.18424328372757678,0.19080270838217225,0.24865782541291487,0.18013086647647827,0.16105647592462705,0.23375100622383427,0.16856700071529387,0.2817884179057242,0.18284530513557862,0.24869676155216539,0.20986492875601143,0.12867053643852672,0.31687085637612566,0.21492451275083105,0.9999999999999999,0.2405178885334862,0.3901194375380355,0.24499787427397623,0.1444612459838786,0.31395007658628715,0.208284455432278,0.3224875985266899,0.24804411026216772,0.2931483517275054,0.3323446411296185,0.22074958000169265,0.27469543522170303,0.1812443528461965,0.32533943122913433,0.17644843464520116,0.24701226679578928,0.16636681871302667,0.22050280365635466,0.3435777451038608,0.21836019674956894,0.2251850916717391,0.164211217760243,0.2562543446410703,0.21341692319767078,0.2053798929104181,0.1472302229819321,0.2154308404582942,0.2132972542987382,0.21511052165837558,0.2241044595218069,0.2818308149619383,0.20667971944411018,0.20653306996434811,0.18960885007573094,0.17084866491249914,0.24998756314090567,0.2601568426434867,0.2337993099877213,0.1714394476795192,0.1694493842574035,0.30639204794022595,0.1340108601625422,0.28290120534939517,0.17849477408861117,0.17622854112040787,0.23508318497768285,0.1718779045185606,0.758091233291596,0.25550160708936653,0.14452952099214061,0.19966524754012144,0.2859422305601277,0.1672279364015524,0.18955646985952523,0.2957843993148321,0.19012857070062683,0.1418685735761681,0.2784709033525929,0.3422747670805368,0.3512114511763388,0.18804989639950365,0.27591765472096047,0.23249496559879954,0.25350942298738327,0.23043549875043912,0.18756701937658488,0.21928679856307456,0.2057901363434559,0.28034546330452215
0.4117642757704108,0.2253041892473051,0.29920067008715207,0.20237630850920574,0.19261161667305696,0.2364287467773759,0.3477870141658259,0.22332480068788246,0.1846641905088905,0.23115194779424403,0.35056831825392953,0.26379773105510534,0.16980203144110248,0.16530615197026552,0.15166699133951744,0.1890278925085349,0.13524266271410584,0.21490204138073932,0.2233977436297809,0.24363346023831314,0.17598783632014825,0.14039260789976413,0.16652197307358288,0.3126415962035149,0.5307281520379552,0.3081327902019373,0.23536850563145414,0.21849043608819563,0.2861800312233771,0.19597537401001536,0.2405178885334862,1.0,0.38968534958330137,0.21528652518180708,0.2742096656482278,0.2622220033452399,0.14449897927243793,0.590919120741598,0.3336419492751244,0.3472469819580533,0.20224388087040457,0.4485706177386712,0.2834533635872917,0.12618139619499089,0.13215028007451796,0.10775750441701881,0.21466860252755154,0.25297567504842006,0.22716348377255507,0.22617548787889533,0.4348963981198019,0.2876082618462861,0.23723473836821923,0.20995557057835135,0.2244482112309135,0.19336527715954926,0.20492754394963866,0.20109021964363027,0.42397306733177714,0.3820549603468978,0.2203725643260058,0.12876183162966445,0.18010637346323513,0.158884879088009,0.18860840809016494,0.16615822772849534,0.2992396504455318,0.2575079734815663,0.18339348106794315,0.26203255049915997,0.20826281724802928,0.1647916809439113,0.1666157433998847,0.34693453036516,0.3228798844514007,0.40284204244412214,0.21484856500539945,0.23342641366667677,0.17006288731935928,0.6979012209104148,0.21828386555027562,0.17215575131723,0.17170511830516172,0.25199392617703176,0.23811411267682686,0.19518114564642505,0.19547159114745277,0.18723508464312114,0.23669856684747306,0.22985269325628593,0.4283240803737513,0.5374302964263658,0.2993471352215122,0.4611613882422904,0.24328279092797403,0.160312448872727,0.11334727569740764,0.1467772869196684,0.25658092729801396,0.14856663291241284
0.22338080336746344,0.20899378628888013,0.24518005485306305,0.25463582168419274,0.2640860786577146,0.19618147290745097,0.26048973943000947,0.16563561280878647,0.2454722500582837,0.2616658235855891,0.2828682557134001,0.2085321856009001,0.1889120770676024,0.14189433073680546,0.20994859166869645,0.16223257628718415,0.13400885603330662,0.15993412987061795,0.14037368251698623,0.17686909337525222,0.268031723678785,0.17265762783121294,0.23996349601692604,0.2648103862523403,0.31644386499111316,0.21844679684131946,0.23693560448688608,0.20883179826733833,0.18795796358338884,0.25140082718118434,0.3901194375380355,0.38968534958330137,0.9999999999999999,0.17002519525078374,0.16019329420625017,0.19355987006432332,0.1692812203919999,0.5091835316136759,0.4624132621128141,0.41091133668063223,0.25156478071846355,0.371279595133519,0.35312563317741685,0.15842009356883863,0.10228317843045065,0.1648826759180371,0.21611444899044038,0.24717432579001256,0.22040769677274225,0.20900753667046426,0.44832003866189624,0.34008689978808354,0.1487571418155882,0.18057909808989892,0.26385098331233897,0.24575839025730117,0.1527936687772134,0.17259057239627507,0.3111899603963963,0.2682680418266087,0.2232865318783033,0.20785295749520608,0.13836637945463934,0.17835503377102518,0.18857745681881424,0.1923568482441036,0.20826414915656524,0.2538579954196796,0.19312457030708813,0.1777977978337727,0.24726011072516094,0.20333307866274736,0.16715753939704123,0.3753235389651596,0.21417375809018946,0.2459628020143703,0.1911335231923716,0.15514245370918528,0.30292267200755707,0.3588150392013903,0.17500305114064824,0.153441155971432,0.12817828621443692,0.20316033841170522,0.1792478304716426,0.23404805738877296,0.27651567192143045,0.18329069539663345,0.20146906478364304,0.24050518827221284,0.5417248621291147,0.39475695867835503,0.4903473390245928,0.4522866223923229,0.2417662424014573,0.15479776358829414,0.19466003448416477,0.1900444173927895,0.18831926532207655,0.20664985699888827
0.17851661098920724,0.24204282730777496,0.30349660638057857,0.30517019390424266,0.2980503778255568,0.3022236350119355,0.283578682237218,0.33140661584118497,0.39252569889226685,0.32633842158161724,0.278838103875382,0.2663310173810476,0.389712038246359,0.4289017280456796,0.2722656665696951,0.2873621039481842,0.49116511966613424,0.6730736460017712,0.5803731685404327,0.5102063341977155,0.2777512397447605,0.3375804390752046,0.17235918819135562,0.41342349054769834,0.30096657748635036,0.22687419127308636,0.23338647797005257,0.23902399830902063,0.3478153435542687,0.19162772561478117,0.24499787427397623,0.21528652518180708,0.17002519525078374,1.0,0.15876316703625815,0.461890352019491,0.4096486404947061,0.25630665225989924,0.2555606009694915,0.3994363531719111,0.5619096304281497,0.2529042137131515,0.2385392949644778,0.18169315150987578,0.1204568417685519,0.17937848234672754,0.16150949507930992,0.1337046387170314,0.22042742864146483,0.4889790722012882,0.2034051295449451,0.24715808389018357,0.245138541869772,0.3211438080186471,0.28663812307149183,0.22724195070318906,0.30504399211022104,0.45110821416226604,0.2502237970615816,0.3308231428863455,0.2526413518142513,0.3990279228180714,0.5029041399709495,0.362796819943049,0.25309248865724987,0.27801346762396983,0.3389069336548935,0.3896123579190116,0.6023927647762047,0.6071030014827806,0.26395514673391424,0.42655064402613463,0.2503642370687537,0.27776638854993846,0.2741422267462665,0.32671188660029415,0.35179696218114775,0.19718553647569637,0.25604780430232227,0.14867553610137968,0.3933172122565761,0.5348728652297713,0.17026996205475042,0.16607876373180275,0.17733757328162067,0.30583288589683977,0.32586832888665174,0.2132404439356587,0.4883007302536392,0.3820770116157307,0.1981240176818566,0.1857983128910572,0.257450391506361,0.24726143594631872,0.25639602220568775,0.19545187600634503,0.24372080957843045,0.16845379180513348,0.3317041381388448,0.44058648683803125
0.1796839339612458,0.2748473061721065,0.14166692190616798,0.2552212527496845,0.2960293332985224,0.1682930704070574,0.22645106495150702,0.11920048564244563,0.13087668844464787,0.14578931716455523,0.14936407405644553,0.15015883647392136,0.1957245726608482,0.0996757181975761,0.12106264889826221,0.253671006536098,0.1862802245989613,0.13560467692447775,0.1581394452295293,0.12370791843959772,0.15672539815476136,0.4477194397395278,0.16526558846800113,0.20424544903152056,0.19841394414940866,0.16010979566944916,0.499957960264294,0.3577177891415964,0.18582668569850758,0.18640036424457565,0.1444612459838786,0.2742096656482278,0.16019329420625017,0.15876316703625815,0.9999999999999999,0.14042623846652438,0.12882689874444364,0.18464170163167498,0.18188545700054942,0.17352769439925533,0.1420498524426677,0.23668551850417763,0.2622325698656204,0.2832016482570645,0.1135954129045881,0.3225544089292117,0.3187944239277649,0.3876030991117188,0.14964555012934244,0.11095019724648092,0.25248296970260353,0.1547558209304219,0.3118028132178954,0.29232699395688283,0.18901149146864285,0.1103453132316166,0.18340718904973236,0.14847802976737473,0.21029988755553614,0.18855349183441336,0.13682323617524095,0.11657267011303576,0.14112546953045307,0.14875703045306352,0.14935209968600544,0.14157497596062696,0.11131825326634948,0.18290118068345515,0.18520825502836744,0.17262801020330495,0.1597332054659215,0.3266580325968502,0.1409560322211529,0.16068725723944163,0.27558400080679535,0.19889106242657167,0.18968583082231774,0.19323591066686135,0.12158420220745964,0.23526422407437336,0.16261308448428086,0.1823179908932673,0.284086075216057,0.37902192661264134,0.3733569207932554,0.27553219069371987,0.2084792432386001,0.3812142477487847,0.14733197866276346,0.10634037191878437,0.21400803491551978,0.23198309780425164,0.17083814763106503,0.23557527624818508,0.18742845234790179,0.3342117626654433,0.34672088367715437,0.2932626880453782,0.1138712898113877,0.1301419413338413
0.24448689643944502,0.34504915296765964,0.2644701390283534,0.2794905419949348,0.32711222615076835,0.42550895437998604,0.37660776171168786,0.4357474968276874,0.5119563025266173,0.5204916779473876,0.518885431243569,0.5616728815550988,0.43045421915154586,0.28199659070739197,0.1861855817732696,0.2459360667591742,0.39138307234641734,0.42438895336207855,0.3858397316918311,0.4734487762476484,0.1972404406522764,0.23471273582818827,0.20385258647541213,0.4317555428602771,0.27306864692056715,0.30350590470694294,0.10853178345959812,0.2049638247781395,0.3192372793494272,0.22277943406320871,0.31395007658628715,0.2622220033452399,0.19355987006432332,0.461890352019491,0.14042623846652438,1.0,0.4043064386852325,0.3173715184222707,0.3173767016566642,0.46459367368938975,0.5280904494069104,0.2806151215392175,0.26431532994346113,0.2254117586946799,0.13650178840268848,0.17931326239231965,0.13355922815125146,0.1519549863028338,0.6039649103904029,0.5272817498698525,0.19867348913048194,0.29989939271701277,0.2701841039126579,0.31079104489539444,0.350851942441938,0.29636025986244197,0.3092359604726116,0.6610378637526181,0.3390627198602353,0.4699421727838205,0.5455875977234141,0.44149673438103276,0.46534665620038873,0.44702079994115107,0.3232919636565113,0.17364708209051574,0.47487541618229945,0.34420369704473575,0.2501420015869397,0.37832775101785265,0.15862522551128075,0.31134457293466583,0.2627750073872673,0.3653140763969374,0.31046453116406486,0.255206361138249,0.4035318399812857,0.23607037692478175,0.29292696172727384,0.23204838021966462,0.3887439546936565,0.3675594394486557,0.2202542425373603,0.14638834002188503,0.13969013678093936,0.29698021526991725,0.27755697169016585,0.2142216084793889,0.8003684122505217,0.44154913934531315,0.2278600565460135,0.14366878827547924,0.3530356295086902,0.21844479545892576,0.2875977003349455,0.2709163528607627,0.141791217296521,0.23887837727848749,0.6751414993911937,0.5324802741181397
0.22584651117320945,0.1535312361227946,0.22726913827905726,0.16215614365496087,0.26135448813310885,0.19990819123823494,0.16084847585935613,0.21099536103620842,0.2634001725628744,0.29501701620021015,0.2020980538227215,0.17746112242370335,0.23860747740358573,0.18099874972863136,0.1514774816619034,0.16288423951078837,0.29147490489964945,0.22481006021390926,0.29583052831963164,0.26591495945416893,0.13660104784621857,0.21766010257359342,0.24745155063071322,0.24896228115835434,0.21114483185539026,0.1801464729396376,0.20436407830501555,0.2172974771691728,0.29845158594403526,0.18131831416840946,0.208284455432278,0.14449897927243793,0.1692812203919999,0.4096486404947061,0.12882689874444364,0.4043064386852325,1.0,0.19381182596903737,0.2731581784982533,0.20438403085466084,0.6074924839151429,0.19381064431458747,0.23941842690763757,0.270033004763844,0.1733936605160004,0.15846195975597832,0.32247866689275384,0.19940853709059148,0.305895778459891,0.5418250628316197,0.15556187942318747,0.15113492076232607,0.19399426640116446,0.16522828762216032,0.18483823604366012,0.1917327085522696,0.16633928693064662,0.3636167546272348,0.22384049324297176,0.21583608154278225,0.2083527414947093,0.2108979158556316,0.2575376082439486,0.18157537855112107,0.17033025874556515,0.16138546885016336,0.20679824675938072,0.1714642856012624,0.15564102150421105,0.16400665803894818,0.10262412796958234,0.208786260370547,0.2314888747078731,0.145243260394706,0.11106115216608677,0.27732381263642764,0.3385465680791271,0.13842335477068565,0.22219935844955008,0.09903623184465184,0.41193511471957606,0.5255927689303601,0.1563625029058798,0.16238373866365557,0.15149512750686864,0.38312147029153737,0.7145943951166687,0.2685081130367905,0.4932240045931468,0.43141115705224,0.19559483253875365,0.11886989109252986,0.32421908445539066,0.20175988538225362,0.24786268329608022,0.30453224354849817,0.2362638848543853,0.31968335466570763,0.32323515338327735,0.5498214933763781
0.42058945690998023,0.23630045724513224,0.39581406979737,0.2525244474035438,0.24107431217275177,0.29890389500838793,0.4235200311689992,0.2572206747071545,0.2674342535906017,0.36632259294717257,0.43580328888525544,0.32338823316936266,0.26816618371475687,0.223560352643303,0.19953654693740652,0.16671886299338948,0.21642036930283634,0.28370284057809386,0.25218178214957665,0.2614775323783215,0.24529917379133814,0.1471081016999288,0.26001769372516415,0.2975694839296477,0.6075787730422434,0.3012029289483258,0.1832910159742357,0.2483061917722883,0.21779548250734757,0.21865817446498878,0.3224875985266899,0.590919120741598,0.5091835316136759,0.25630665225989924,0.18464170163167498,0.3173715184222707,0.19381182596903737,1.0,0.589985226358736,0.5788839475544318,0.3464465672872841,0.5153232601337535,0.37604516018839607,0.1549155934381626,0.10918472173453576,0.17095153349072323,0.21515078913225305,0.22815133706111682,0.2980208391574302,0.31119870335282,0.3664174469900911,0.315943885848172,0.24068428069815684,0.24002643560816966,0.31439778557568626,0.2740700380208738,0.1652269714271049,0.24753513273529604,0.5909028297257517,0.45201385545502076,0.3369858540704756,0.1661373539051523,0.1720255123372466,0.19826233061904072,0.21928097989391535,0.21006149051331602,0.3844715164194157,0.24687651143411166,0.2175434720647759,0.27174217172709264,0.2664251966995751,0.19733906437841814,0.18844524587763606,0.48105982812094206,0.25168262449471257,0.4533486330132312,0.2090543971774542,0.2164897208137792,0.29794519670323366,0.4478161492301681,0.17233860097881684,0.23085385637795938,0.18382199774104183,0.22963262377985635,0.17148976759753987,0.190062902258458,0.22153149603594854,0.28684658636129795,0.31585977886558925,0.248640463508819,0.5673476751204531,0.6499009159970889,0.5332540634304009,0.6428307433267701,0.2982475674861114,0.19987347081340093,0.2234994176382566,0.21398091513484796,0.2941572634370904,0.21377393604012218
0.15999272632064204,0.2767394280567114,0.28797607027663885,0.256138409655211,0.3041484123637552,0.3505861165707905,0.3423729655644705,0.29923097361087253,0.3815621093054667,0.2989211585841568,0.32688096320222443,0.34544709596094547,0.31810860365206234,0.3093663711938236,0.2775514995648522,0.26648268085331905,0.2916252003771326,0.25371237137840497,0.2336620115175104,0.30495699155776046,0.3525419672289088,0.1634588406553158,0.3011086092271554,0.2993975053100688,0.23692211241125816,0.17549486780119586,0.18300101801434354,0.24707864335300947,0.2848265407561588,0.34620916755253106,0.24804411026216772,0.3336419492751244,0.4624132621128141,0.2555606009694915,0.18188545700054942,0.3173767016566642,0.2731581784982533,0.589985226358736,1.0,0.44162931146618,0.4011012198757786,0.3292859925395888,0.48475519645692744,0.20942767292166817,0.11407547894639881,0.19117154701735245,0.24561842021645586,0.26556612757716097,0.31617129194118826,0.2725353769551086,0.32072266216958406,0.2844782016900362,0.22297152320635877,0.25137934431323766,0.3856426542389235,0.37365228589531135,0.19775696659536832,0.3180350343198711,0.3998311196335338,0.26515160546574235,0.3459982465360634,0.29772545222365504,0.20312873212462823,0.27290521906817367,0.2825021841068652,0.2688956871383859,0.348120189325552,0.2185404982820862,0.21284826353870467,0.21604107635695605,0.2926775847083924,0.17630008290770902,0.2060730986116515,0.5148690993373356,0.3255382470348032,0.1937282861593164,0.24845051208822244,0.23908666194057004,0.23558791042927102,0.35582800103951606,0.27545603979214894,0.2763763107182312,0.24422121376774517,0.25877074925407767,0.1428305611660372,0.2991087510601968,0.33955855734628027,0.2774539557021122,0.3145061029214799,0.29221122771114433,0.5062608087343633,0.43668300148078054,0.8097464799516452,0.4436821303623424,0.27259861687160303,0.16013001362494175,0.2516819353013671,0.276967408516956,0.275550206491764,0.3092749915473794
0.2914408038280081,0.26888790755623493,0.3048238956171058,0.31190908748044177,0.2563576071559856,0.32130192508930816,0.5492341901673855,0.4383578136499534,0.3508870271898584,0.519489279798502,0.47347345202860225,0.4135221911123966,0.2658705514429283,0.2696386320131787,0.22492254948376156,0.25147311985477777,0.3435303021072631,0.40086841426176895,0.3571083854877903,0.38372146039675065,0.22912706965684054,0.18542163199599493,0.23619312096829245,0.4267871749662184,0.45169709538710684,0.3701171559889746,0.1575468679748916,0.2829800300292427,0.2971504422240291,0.2049062205704265,0.2931483517275054,0.3472469819580533,0.41091133668063223,0.3994363531719111,0.17352769439925533,0.46459367368938975,0.20438403085466084,0.5788839475544318,0.44162931146618,0.9999999999999999,0.37880808849524455,0.4407783196364889,0.3223374078270892,0.2174589887161328,0.12214284714107779,0.16853796109942926,0.14016353217016847,0.17532349191936691,0.3058851483816934,0.32493885153074165,0.23449775518157273,0.3496627738690489,0.2593521268438937,0.2833216132466368,0.4160162093075045,0.28002807516463774,0.24573434596837543,0.37175349625168913,0.4295107884010372,0.5093760305600646,0.417243306734208,0.22266431813413842,0.2899408014682702,0.24711357878853632,0.20914348156625034,0.19978702507825333,0.5537405067321145,0.27500164723349124,0.3398683703699762,0.37710876645739044,0.2552586067624862,0.2656097924308934,0.2096204858121405,0.5783995307240614,0.28207898466621767,0.4916163628082942,0.3430306024714899,0.23763005110432192,0.2576373904969067,0.2580063836218024,0.22251877422678087,0.28938105224698574,0.23221582248661915,0.20345583388085117,0.19112347561096016,0.3005884763226017,0.1864449676529355,0.28588612276418474,0.39401383068998896,0.3497999963496133,0.2818462982600003,0.34889787426335894,0.460789973987004,0.4421266975486064,0.37765862354765994,0.21461104286131344,0.2343087332728842,0.19581803011645835,0.37723421880814945,0.28069406375453715
0.21576131850303387,0.21161804810264304,0.2620604602285624,0.2141675843159424,0.26541991097885037,0.27834514352295364,0.289010887658139,0.3183669384458088,0.4242078650996604,0.4499713335898186,0.3378412434292635,0.3315924129874096,0.31164873524190223,0.2243424558044684,0.2334992855110576,0.16656449692730357,0.31108072746003096,0.3091486661935899,0.35216598524259574,0.36250700140311926,0.211437924378675,0.27226278834466516,0.20932139538007785,0.44683716134696533,0.25298828540316604,0.19267732305255944,0.18872268195918976,0.19418081697610462,0.30405167532538335,0.18874905068455436,0.3323446411296185,0.20224388087040457,0.25156478071846355,0.5619096304281497,0.1420498524426677,0.5280904494069104,0.6074924839151429,0.3464465672872841,0.4011012198757786,0.37880808849524455,1.0,0.3196397067961722,0.3394730640399098,0.2597005465168052,0.11235161037353912,0.1569839406052423,0.36657492061453417,0.17169110108369895,0.2961826984501282,0.7629308430729865,0.19463548281589418,0.2144469521209022,0.19509607165853787,0.23209498221113642,0.2757089064507354,0.19251060816926185,0.19372605769513548,0.5637213962254033,0.2770713944166718,0.34089005223470387,0.35050362982068195,0.28750227846966225,0.31323110671230014,0.2522892663095164,0.17689004027344374,0.18948699486513085,0.4428950516617471,0.25582358367588115,0.24493763934354615,0.27195737978080664,0.12937067519064827,0.301614338346448,0.22564507323245458,0.36133519015884447,0.20539988288340885,0.2487883184226694,0.36259248687486817,0.20900479903340777,0.27101590069597836,0.15304475346574964,0.4111987766817532,0.6955417706536748,0.20134534144395985,0.21691673958458296,0.16889861678957843,0.53719216857927,0.4334163665202122,0.24467992214470513,0.629505549008089,0.6765337905829217,0.29580323649715906,0.1612795053358277,0.4414280293139548,0.1993932129478659,0.28686368556754915,0.27765902209883875,0.2361978596317871,0.28309665552602636,0.36810508805257597,0.6948053278301807
0.3721876732743808,0.2997845715290534,0.31819140130885204,0.2963134576117219,0.2960282026733409,0.2868699212485142,0.4810887353781081,0.326665601799379,0.2513532897365249,0.2846915544417695,0.36010265293165394,0.30340596717618973,0.20622260850948224,0.16096872958666175,0.1663230317957586,0.18688462346133278,0.19577156040825294,0.28295844100816653,0.23695227211756376,0.3177430233891537,0.23733484164381466,0.19738512984122802,0.23750524666558054,0.33164697143041805,0.4515994125581321,0.35081063923386774,0.165506294327077,0.22471837510698323,0.23668886422819027,0.2106525919437956,0.22074958000169265,0.4485706177386712,0.371279595133519,0.2529042137131515,0.23668551850417763,0.2806151215392175,0.19381064431458747,0.5153232601337535,0.3292859925395888,0.4407783196364889,0.3196397067961722,0.9999999999999999,0.41811243083456195,0.19541981210567086,0.12906468998012977,0.19587085208947969,0.28572906595675723,0.23814421958095103,0.22454687522603448,0.25845896108060606,0.3552201347622014,0.3351645550005543,0.28569905775060783,0.3109082205996893,0.3018406782008045,0.1971159465157478,0.3039450883595428,0.3046966737921912,0.3777974670979299,0.33487577609718405,0.21341064386597094,0.17721975378775354,0.1588852753313277,0.16437828704062704,0.22157213258476705,0.13964722476020452,0.375393000704577,0.24882635678153434,0.24353106141381023,0.34273712484281843,0.27635468415901343,0.3066628820477859,0.23397284114552083,0.4184530376301959,0.34333160944528246,0.3785555300504146,0.22964251329430374,0.21805310232082772,0.19880568615605573,0.4023372297096235,0.18744129676511656,0.2188648146131699,0.2163609027612503,0.2029346330768081,0.1720803612474554,0.2869926298607486,0.19758842442086852,0.2533348336752035,0.27462170269497366,0.23209316021547313,0.3288214710031744,0.4003125028143056,0.3162585973179159,0.5876555507817935,0.4018758947138062,0.15664254163271074,0.16944672376167458,0.22146310460237045,0.25468734073028815,0.18792878603668087
0.17968916268609,0.20587887402106284,0.23296801324864888,0.21362522410235452,0.26874623242143714,0.37854698503803563,0.32757505736583953,0.21203664512973194,0.3304375372196198,0.2743144898431356,0.387311873249535,0.33090084528300223,0.2532579752506528,0.19300662884947065,0.21270217037952002,0.1966624068129423,0.20548971431238236,0.19340739050628336,0.19333033083238732,0.17399155442402514,0.23774258776670074,0.2962225445048857,0.2439638230344143,0.3762805061930492,0.21890035571136934,0.4036869692720418,0.1750403255680125,0.40222649726182025,0.2248630860741712,0.3638802958224487,0.27469543522170303,0.2834533635872917,0.35312563317741685,0.2385392949644778,0.2622325698656204,0.26431532994346113,0.23941842690763757,0.37604516018839607,0.48475519645692744,0.3223374078270892,0.3394730640399098,0.41811243083456195,0.9999999999999999,0.29022999923183135,0.1502766751533801,0.20831572142537266,0.24532061769230432,0.24008988348767926,0.25058025171007836,0.19771329427768458,0.28582630884855115,0.2229548856250702,0.1872713177755879,0.2167431619006436,0.4217610272698408,0.2740792887034232,0.1216946104480728,0.3526650828832058,0.3316501043934663,0.3654443329174402,0.3849587704536279,0.27751583647298417,0.12494822668069565,0.1814635401229658,0.1284972132868308,0.21933654067533326,0.28511261586298225,0.16769486676755616,0.16946870578843107,0.15508482226076686,0.18171204771726562,0.2834751986709956,0.2241949115873333,0.38981147607730116,0.2516506821509987,0.312017526776505,0.19123884500628158,0.33120793260453324,0.2355615167027341,0.3487702647988613,0.24554268229016724,0.23412998212802427,0.40844778235280416,0.2871282539893876,0.2440157492733313,0.35904052080374577,0.2629009587200126,0.44827615898246903,0.3121082192689929,0.3393142205864334,0.38541872387766263,0.2303562851716832,0.4408889374815588,0.38428651130564995,0.534722799422637,0.295849083065106,0.26832046528154785,0.23498109537864864,0.20592348003963096,0.26417474814181374
0.2743519417593394,0.2749485540100291,0.24253217485779074,0.24103719059162682,0.14846675605598164,0.14587390807633915,0.260214709629889,0.21223853144038857,0.1841629012131687,0.20200718158179548,0.13576695671559644,0.1915041852224251,0.1650107987493174,0.19199718125683346,0.1934918740156586,0.15110912847364222,0.27267822148982246,0.15976288206085715,0.16915553049690107,0.21618970927323441,0.23238567764987153,0.13727414410186856,0.21683769988674528,0.12007226053931003,0.17079691155950272,0.16303659747834887,0.21933722934942643,0.35820041833985417,0.1551824201303158,0.1990477492624953,0.1812443528461965,0.12618139619499089,0.15842009356883863,0.18169315150987578,0.2832016482570645,0.2254117586946799,0.270033004763844,0.1549155934381626,0.20942767292166817,0.2174589887161328,0.2597005465168052,0.19541981210567086,0.29022999923183135,1.0,0.24328219006433918,0.43015083209484994,0.34916562120513284,0.35530691039777584,0.2625826797086342,0.3102502056983582,0.17160876267956035,0.25774539637832833,0.2284994741684731,0.16934468286172624,0.14310896573231072,0.1437146884058202,0.14840441530272208,0.19523005377148317,0.1267489315711659,0.1252570253247993,0.20647861451994753,0.21393894895221827,0.2178115864847892,0.16382974570448228,0.2150834619428677,0.20068284503948455,0.23255165322626645,0.2353929166644276,0.2161136950613043,0.14817495282798585,0.20733806873530994,0.18986738752448593,0.25156369353018354,0.20802007693035432,0.09914050805821142,0.1939295400252882,0.19284294932713764,0.16281381337844036,0.13218648251494033,0.14164693563988526,0.32053060206423,0.3378599793026217,0.33481534078467845,0.15095829526443302,0.199259072566746,0.26371562872657384,0.32696529019488124,0.4329037746063867,0.30094872670131473,0.22408008147859218,0.11324863991227063,0.13707280219999793,0.1641989600633928,0.2091188366565136,0.18058937510687237,0.6258005210777801,0.34207614286157534,0.4699159898391253,0.30680359043676275,0.3680260740756674
0.16301763332324104,0.18139225597635394,0.12086206979138944,0.15340469806494345,0.17846445176853648,0.2525196816832374,0.1280815548194448,0.15216570442842142,0.13233146385343225,0.09890380899347846,0.19056590942041307,0.2883832594804517,0.19415087504151063,0.21375158202631844,0.1612064351533627,0.13966725173936742,0.18397370619688605,0.14919493468165826,0.16347708770569075,0.1661178793844611,0.15412447327757012,0.2636922353127037,0.18752273294918986,0.1505764934469119,0.19058743807325246,0.29721505086530287,0.1710675214792381,0.18370112720135726,0.1501844966558981,0.2031513318242475,0.32533943122913433,0.13215028007451796,0.10228317843045065,0.1204568417685519,0.1135954129045881,0.13650178840268848,0.1733936605160004,0.10918472173453576,0.11407547894639881,0.12214284714107779,0.11235161037353912,0.12906468998012977,0.1502766751533801,0.24328219006433918,1.0,0.20086827338934746,0.18637149314455967,0.16306558943992766,0.15918198446408757,0.13457134216388275,0.12008778234286246,0.13913092961484608,0.16268121742785202,0.20810888400156669,0.1476535059765778,0.17014683932079627,0.13883131290172618,0.11410461287621468,0.16954085542604802,0.09584304742912655,0.19469860469016062,0.2630392660601225,0.14248772747659685,0.17019067895305198,0.21046731708642555,0.19574159876607145,0.1503015885821511,0.2069316443340535,0.22573500284691655,0.1682929024696378,0.1836186331568606,0.19101332455854503,0.22481468517085543,0.16762901954424958,0.12972282666457002,0.2152037773241868,0.12107658671118618,0.2061844404680149,0.23068786464842464,0.1917197858829965,0.1798927925959925,0.10767087431126024,0.19726977796738332,0.1108447909993307,0.27683891887726686,0.1511396966612693,0.15175133292196186,0.270407662450398,0.13710545981796818,0.21833925414528313,0.12217119769015022,0.1519584764121766,0.14061467035916053,0.16923150032056294,0.17329092896185672,0.19041319236711934,0.2638232435585325,0.2306929495050272,0.15907143264740972,0.16333245734496013
0.10625899780828306,0.2584712776112866,0.16365436406199232,0.2227558620101093,0.2341595619281907,0.19288286711002908,0.19664604134190347,0.18527867524981498,0.13504866740102375,0.16538049664673837,0.1075904879258337,0.11626400756788711,0.1516775017569381,0.20448807449486836,0.25464931604790453,0.24323171470266947,0.14513658950445846,0.2504068490520773,0.1373352286622752,0.16866021122149255,0.2089167066993292,0.1604774008979132,0.18193205817643815,0.1498440379369366,0.17934599893548792,0.11534944424730431,0.45832030036760957,0.32709398400374284,0.15778989619554912,0.1536923815109924,0.17644843464520116,0.10775750441701881,0.1648826759180371,0.17937848234672754,0.3225544089292117,0.17931326239231965,0.15846195975597832,0.17095153349072323,0.19117154701735245,0.16853796109942926,0.1569839406052423,0.19587085208947969,0.20831572142537266,0.43015083209484994,0.20086827338934746,1.0,0.4242703761244488,0.3690225760172244,0.22241420911172802,0.1845068558871414,0.20616248523166564,0.18340918854317395,0.20488699528422058,0.2690164593752201,0.15210895894563356,0.19302642418443902,0.1995506997894726,0.1446058445519146,0.1553034552161621,0.13631522505177426,0.14522424094035624,0.1464676727577778,0.17671825511660394,0.14141321225994705,0.14472467122465665,0.21442566117831574,0.15834590940237386,0.14641360147810717,0.24491324053960906,0.20546629725489074,0.2110122379721211,0.22538581163006152,0.16845389613380346,0.18989278762080095,0.17953820445560675,0.13080773775265528,0.16535372182907873,0.155305569866465,0.2288298090051403,0.16014026242731114,0.14197900306718936,0.17352110207306481,0.27084357357861594,0.2282012483357741,0.3205275554333155,0.1914072784544619,0.1646346568157637,0.33097198317933674,0.1790037532774006,0.12264761463802308,0.20044639707410575,0.18047736194576072,0.16846992678449715,0.20115750749324968,0.12252539591843853,0.3973330808592563,0.6315239278010361,0.526485046150108,0.1860437505504708,0.18094181156547
0.15000687551295244,0.17544915888221277,0.17061378456513002,0.1492884700214374,0.14472871424593667,0.20941414180055162,0.22546444444450475,0.18310481345524818,0.14319678095090377,0.13916745895643567,0.13516059463249003,0.14035903553804102,0.16162438548872413,0.1890103914729625,0.1955298724964447,0.1558963329920869,0.17850998253498937,0.14350542170397484,0.1904199884400314,0.1742280836532763,0.18993963833767313,0.3345488674623588,0.20255290493092995,0.16569699993891476,0.1722084263238364,0.15676364816442379,0.38171227775857663,0.19944536970558166,0.23543224405851276,0.17265968697862813,0.24701226679578928,0.21466860252755154,0.21611444899044038,0.16150949507930992,0.3187944239277649,0.13355922815125146,0.32247866689275384,0.21515078913225305,0.24561842021645586,0.14016353217016847,0.36657492061453417,0.28572906595675723,0.24532061769230432,0.34916562120513284,0.18637149314455967,0.4242703761244488,0.9999999999999999,0.5555878045636767,0.18313926244638332,0.29801246331535797,0.2717070366564276,0.17513380836378245,0.17635085372309603,0.12156556610882192,0.1677673806924071,0.11297334512848722,0.19216793849648042,0.15026812921874635,0.18542341375560453,0.13427710837213325,0.1233906018393003,0.144539768550878,0.1344398373061609,0.1328526470328411,0.15132326739340346,0.18373689553566858,0.13996917142704512,0.17740016190456437,0.16850087087924043,0.14186736838526376,0.18514341538625248,0.16823519007817186,0.14633613287963765,0.12183672604798002,0.23086011067213147,0.18898467187803206,0.18202910355205085,0.18043085122927743,0.1737740296144019,0.24447580430798724,0.15313944950600542,0.2248373502840043,0.24099351693050802,0.19017606992847053,0.22404884006430684,0.30888688641295525,0.2935321850795774,0.20192163478715724,0.15062170801631555,0.1842380327992854,0.29708863622837506,0.17125783754316337,0.1864963909560406,0.20893150358885393,0.2012123512635749,0.3014590963349897,0.298022386682777,0.5701311855508588,0.15220578313149447,0.23491491799622377
0.22813029670397533,0.1853368166722237,0.13410320666413753,0.191145108823366,0.254912111574709,0.1811666218824341,0.16709966069597615,0.11736890261163513,0.14018455318898496,0.1957959047256926,0.192984755958952,0.14903493651516203,0.16405446492340542,0.15806473346881836,0.15172527269160727,0.1602402239018593,0.17981220178949095,0.11398954701281774,0.15913692569669388,0.2073522004609179,0.1973355681206385,0.2257231754551891,0.32348752110689505,0.18417905853244154,0.18858217458799406,0.19116538637645344,0.37435488518547744,0.26820142408764125,0.19984824104719304,0.3126623039123116,0.16636681871302667,0.25297567504842006,0.24717432579001256,0.1337046387170314,0.3876030991117188,0.1519549863028338,0.19940853709059148,0.22815133706111682,0.26556612757716097,0.17532349191936691,0.17169110108369895,0.23814421958095103,0.24008988348767926,0.35530691039777584,0.16306558943992766,0.3690225760172244,0.5555878045636767,1.0,0.19223496353879213,0.1525089333257006,0.2853742133551669,0.16454504927664246,0.17100590796245752,0.14648895660720826,0.20568327850682666,0.10422593461437259,0.19029230361894897,0.12263912658914222,0.17901139807480768,0.1747348417208238,0.16425073903942025,0.1583014635442122,0.17495155326985645,0.18293159252659344,0.23468740356886733,0.17548380254007398,0.11731523854788996,0.22513853592557478,0.14836167688835586,0.13438224430522938,0.22385977135549368,0.1465918291508462,0.2808669606242381,0.1604596373729711,0.1768666243272673,0.18195103308230678,0.1728552290953433,0.20882868833052545,0.14511476527430475,0.3015624133494037,0.22526707488807812,0.14843614948612288,0.20526379295603345,0.12647370867797525,0.1843142583744709,0.19399686951420592,0.27550711706797965,0.25228113176109895,0.14838926245376702,0.1295747899756601,0.2838127423309098,0.2357952806934584,0.2256904992257664,0.36528210401309813,0.14906582011081718,0.2716492851502768,0.2854946986147661,0.5401491115663428,0.18663599060387032,0.16505751716813197
0.24746546414685294,0.29997936474044745,0.27780956818719316,0.23080726632661136,0.22759670567541299,0.387147293913425,0.36866874462322363,0.38248792215181765,0.35778328517922625,0.2268240711277836,0.357449385295654,0.36343146155294426,0.4299212624092179,0.2881189592301094,0.18967367825530793,0.2589258718698713,0.3382242091952073,0.3049376618501896,0.2588490393752976,0.3753249781656857,0.18343290732030837,0.18285220521925108,0.17981087473788776,0.21922460566561547,0.2409046382786194,0.2095537412704983,0.14756416222382035,0.14574686872499754,0.20523654283850776,0.19997218651973514,0.22050280365635466,0.22716348377255507,0.22040769677274225,0.22042742864146483,0.14964555012934244,0.6039649103904029,0.305895778459891,0.2980208391574302,0.31617129194118826,0.3058851483816934,0.2961826984501282,0.22454687522603448,0.25058025171007836,0.2625826797086342,0.15918198446408757,0.22241420911172802,0.18313926244638332,0.19223496353879213,0.9999999999999999,0.37801896167931404,0.2606092943032611,0.26781393578981544,0.24673302836098235,0.20747622195881252,0.2590957428194076,0.338302080678486,0.32253791516569,0.40112891499805464,0.3242927845419123,0.3115091012632764,0.33168264658908486,0.39372705862487156,0.3891225245818143,0.4036941569404665,0.28066412392209084,0.1631503819907442,0.42587401809341,0.21567988022851065,0.14978458552558857,0.26009431023763535,0.16229515950522191,0.19196445518243763,0.24604098854478226,0.277265265711429,0.20970733700772873,0.21134910112325564,0.24364582868231216,0.19462624553792324,0.24041341718569348,0.27422275249705513,0.3121477382368623,0.2980312313813891,0.1920490068741087,0.1743734417708521,0.12716253606656097,0.20415539092730622,0.31911888005836436,0.20917375711785077,0.5605442292975958,0.24776807655703523,0.2713404404821154,0.18176698267445787,0.3510961859853484,0.2528385537963063,0.18705571820115804,0.268649805005274,0.14791652072671455,0.27697131387628077,0.7979038598185955,0.4621926235931265
0.3031189013061166,0.189868548078474,0.2672577437482526,0.1837649210675566,0.1668482961006228,0.17461172296304192,0.2692844210049372,0.25834468039753067,0.37896839485570155,0.36343809740537547,0.2831848266340799,0.23207865569325636,0.26535146168521473,0.1964251057197417,0.16035112204106317,0.16485939071800723,0.2798688084402368,0.3229163641043849,0.3821677680764642,0.43651072129610813,0.15927252688295207,0.17277598171327976,0.15557345966556443,0.33803542129544567,0.28964492126045416,0.18241315097539515,0.2021158806624617,0.14383317406520915,0.28695009453590253,0.1267858276945176,0.3435777451038608,0.22617548787889533,0.20900753667046426,0.4889790722012882,0.11095019724648092,0.5272817498698525,0.5418250628316197,0.31119870335282,0.2725353769551086,0.32493885153074165,0.7629308430729865,0.25845896108060606,0.19771329427768458,0.3102502056983582,0.13457134216388275,0.1845068558871414,0.29801246331535797,0.1525089333257006,0.37801896167931404,1.0,0.1994838198848783,0.2073002225552275,0.1972217588334223,0.18232446987653883,0.17641000370044632,0.14688822167307097,0.19099179998964735,0.42443932506618837,0.20818086408135433,0.2879720663928541,0.2697971962929234,0.3097678786453733,0.3731793167265285,0.27816834507336063,0.2592486861882893,0.15620718789488605,0.3910152160161273,0.3564958286488578,0.27303730231818557,0.30332826127549967,0.16823251648522183,0.26403635260528513,0.18050494213220972,0.3096668247539491,0.16470140418214618,0.25518449988120007,0.3504874307614829,0.1350372239059766,0.31786237234495784,0.1710489102705261,0.39338340146973877,0.6368309717802202,0.19955628352744825,0.19259274501596926,0.1180539255083357,0.3783543831108212,0.44784081877600124,0.1712282547153414,0.6385075389683194,0.6225682499194874,0.28292269184791874,0.19745855137114776,0.30373798208194974,0.15507368898795731,0.18416507313431624,0.3082940119136321,0.1985375748090496,0.2737174984245685,0.46714239549339337,0.8450594428504687
0.44901086175846666,0.41233754454661403,0.3095488027487677,0.4857599010826892,0.389984906057809,0.29120618732914516,0.4900344945471006,0.28249625811843765,0.1867231219980052,0.21283307501592869,0.23774321378467422,0.1646311846387557,0.2608809904617799,0.2791753617595586,0.15555224743915674,0.345559697951908,0.1988256500048176,0.2128963098495963,0.23118284573187772,0.2324491348623869,0.21627017825508799,0.2476748258825086,0.1621596669983575,0.2001666212655396,0.2913553745365984,0.22393397119706862,0.3326867204662473,0.12733823300464348,0.23894534297073558,0.18311932750688598,0.21836019674956894,0.4348963981198019,0.44832003866189624,0.2034051295449451,0.25248296970260353,0.19867348913048194,0.15556187942318747,0.3664174469900911,0.32072266216958406,0.23449775518157273,0.19463548281589418,0.3552201347622014,0.28582630884855115,0.17160876267956035,0.12008778234286246,0.20616248523166564,0.2717070366564276,0.2853742133551669,0.2606092943032611,0.1994838198848783,0.9999999999999999,0.49981887190785856,0.5258233886534615,0.27529295068491233,0.22787843985109382,0.23314028465072034,0.34900152927041467,0.18604299027378368,0.3224956799332512,0.19463485067949457,0.15057120778901434,0.2415290230490162,0.20488196249219928,0.22299458322608257,0.22217605479088742,0.15788554302737423,0.35432475787411555,0.2733389773572689,0.19219767066076232,0.1708873645195284,0.17176038744826871,0.24805936634840553,0.20545473873891695,0.31608275521618845,0.23352880961644865,0.2802717753393023,0.20958830477423004,0.13707135407651566,0.19254421840379174,0.5170086891120768,0.13925557455424234,0.16612451580865298,0.14778207129870327,0.15558408670194399,0.18974739590273326,0.14434295154117704,0.21415604103823635,0.13380012608040276,0.20983935375115137,0.17804877229914015,0.5526465153544359,0.3188688591216816,0.332383043647799,0.3906186917115363,0.24612412535967498,0.12874125864133756,0.17339668004311268,0.22116653679515547,0.19493394590064952,0.2080276656645786
0.3979105866028997,0.6629459001343194,0.48313678897191814,0.5869472260072451,0.48866094676601857,0.3526745207267679,0.5430545309532163,0.5628723631754328,0.3138992770613814,0.2679022223998518,0.22203621733239495,0.2345225518222115,0.26719469740928137,0.25253686451136864,0.24747084881614193,0.34013935430714737,0.2842077537326502,0.3031895998834142,0.2648505889802383,0.32922605997778903,0.2307990071218038,0.2322258783459203,0.18640479649858296,0.21986006125071444,0.2178682968503863,0.19326822881437164,0.15645356690609166,0.14494061915764067,0.2232739716029555,0.1938413745352169,0.2251850916717391,0.2876082618462861,0.34008689978808354,0.24715808389018357,0.1547558209304219,0.29989939271701277,0.15113492076232607,0.315943885848172,0.2844782016900362,0.3496627738690489,0.2144469521209022,0.3351645550005543,0.2229548856250702,0.25774539637832833,0.13913092961484608,0.18340918854317395,0.17513380836378245,0.16454504927664246,0.26781393578981544,0.2073002225552275,0.49981887190785856,0.9999999999999999,0.4361895582956061,0.39727180902159004,0.4658202066599025,0.36611971308825725,0.543254363946466,0.3246487699751961,0.2757083658585405,0.221932742274867,0.21563540218777125,0.25618850694188566,0.24552332287656348,0.26525434223224964,0.29401271856688427,0.2703222792924047,0.4550358002615249,0.3236620152041318,0.26565256614478755,0.3170332609441325,0.2094128028626248,0.25625161202733343,0.22733741115899886,0.3683314075382364,0.19889819224076102,0.24275244062883886,0.25144948662855415,0.21097203954301041,0.16765539798422752,0.2822644348219943,0.21118236447596106,0.16980730231594282,0.14252760682681725,0.17666232092926812,0.1744568178623348,0.22277349218820597,0.18609271739917768,0.14286838373177288,0.24628150423478734,0.18405245256958722,0.32298203168536577,0.18490247053678058,0.30847096929450996,0.27208987287767805,0.23555034665921656,0.15003630939902673,0.11534778218637269,0.18855099669619382,0.3057203859522774,0.19385356915459392
0.3332626778090023,0.614019732161093,0.2591000383846164,0.6374599458468027,0.46642473173620436,0.235976700762997,0.5283629929846877,0.3971053208896172,0.22619795121105685,0.3264489029786143,0.2706493046720321,0.2430469841722793,0.30287722721873117,0.2883471320446284,0.20043755653212955,0.4167608301336733,0.29955494463462956,0.3342587561204098,0.22220637500575025,0.1992607510174323,0.24364064966430923,0.24943152060676077,0.24196062863902212,0.18922357811056378,0.1641313665345935,0.2258329913001923,0.3070566521329621,0.28128283056969405,0.1913228402290701,0.19086392090370416,0.164211217760243,0.23723473836821923,0.1487571418155882,0.245138541869772,0.3118028132178954,0.2701841039126579,0.19399426640116446,0.24068428069815684,0.22297152320635877,0.2593521268438937,0.19509607165853787,0.28569905775060783,0.1872713177755879,0.2284994741684731,0.16268121742785202,0.20488699528422058,0.17635085372309603,0.17100590796245752,0.24673302836098235,0.1972217588334223,0.5258233886534615,0.4361895582956061,0.9999999999999999,0.5437673015603889,0.22656223484386018,0.2405744940482823,0.47838860251759213,0.2684031070331734,0.23693912465502953,0.19426182913540602,0.21956331401808843,0.22743243191908366,0.23726517234092914,0.24693473500758575,0.1954544258803318,0.20844735163893494,0.4102315454118126,0.20300250617811863,0.2350998791175246,0.33189501901771506,0.17462241366673056,0.2744963506624773,0.28107683818430035,0.251399419564835,0.2593191123591829,0.19829511235301833,0.277568765280359,0.1953061590765285,0.16840283389629188,0.2678854558000214,0.20470972671048382,0.2296482069360803,0.2042590774789626,0.19042073945824647,0.2392397499479975,0.22115554173392563,0.22979416222300486,0.29517423503110746,0.24171820879785655,0.15760078035000077,0.3619252585083144,0.1764828084035143,0.24454371980874853,0.20808781943163399,0.24900967544418307,0.13612929972163035,0.29301868083334115,0.24187326286919794,0.2597559132311323,0.21059801409753529
0.1569685691530786,0.6290133191069267,0.1826801472813548,0.6479783402431939,0.7179722705999508,0.2577602581718634,0.320476748246534,0.31392321325990935,0.2346699281495534,0.29484818995843726,0.28251856260033753,0.25500729227084984,0.26759562509109563,0.18731539644861872,0.22796527481199813,0.2310598481853205,0.27068349401485453,0.2918763422323848,0.2385780578465613,0.25016696895029367,0.2513213296221457,0.21084635657758974,0.2261728251551906,0.2866738287189867,0.20639064183826336,0.2179885493637693,0.20189948099866867,0.22417925494930674,0.283722259114753,0.2519531889851622,0.2562543446410703,0.20995557057835135,0.18057909808989892,0.3211438080186471,0.29232699395688283,0.31079104489539444,0.16522828762216032,0.24002643560816966,0.25137934431323766,0.2833216132466368,0.23209498221113642,0.3109082205996893,0.2167431619006436,0.16934468286172624,0.20810888400156669,0.2690164593752201,0.12156556610882192,0.14648895660720826,0.20747622195881252,0.18232446987653883,0.27529295068491233,0.39727180902159004,0.5437673015603889,1.0,0.2510158388236958,0.23226573175385404,0.35851918646567454,0.3031445294756763,0.24750660751780143,0.270588795853601,0.26487414064966175,0.24465569306459944,0.210322933851101,0.20796825926415186,0.17114483460008104,0.22089171194491622,0.24557414814959677,0.22669730424419363,0.2615094813779686,0.3073804232014053,0.20020694792807237,0.40062946945450567,0.19227428947376646,0.25709304618538664,0.3146497404487951,0.18166324809520443,0.2341777098601162,0.24264263601523087,0.2427200051507652,0.2115092981012643,0.20713464459500905,0.22200159546653006,0.2828970245169111,0.18332799735689634,0.16649774926511146,0.20795456402085288,0.1974412255114166,0.2532031870099868,0.27187110168500167,0.16136721420636352,0.18140834627522706,0.22473236298743238,0.2630650057907231,0.24298585460939917,0.21125051868302466,0.14138561816088294,0.28520255734235567,0.189926189474683,0.23894602700377063,0.18965715780444595
0.13361902670662604,0.38486740458581875,0.43959695821255446,0.2833504240745537,0.35029726085733387,0.6690734164084547,0.4338405703342858,0.5608280793789291,0.49117115215323864,0.31209185055462607,0.3684215086842498,0.32430227983999194,0.3539414565111705,0.3302243282433658,0.36656963915018076,0.21782186868106085,0.3129050460375103,0.3285700141765669,0.3514195133566661,0.33339091189008896,0.31689614890840123,0.2997421713044477,0.24820510344620592,0.4143028663894459,0.2123154806383312,0.29214536292568544,0.14733358708205663,0.3465237493099721,0.27666989716526347,0.3361774497628811,0.21341692319767078,0.2244482112309135,0.26385098331233897,0.28663812307149183,0.18901149146864285,0.350851942441938,0.18483823604366012,0.31439778557568626,0.3856426542389235,0.4160162093075045,0.2757089064507354,0.3018406782008045,0.4217610272698408,0.14310896573231072,0.1476535059765778,0.15210895894563356,0.1677673806924071,0.20568327850682666,0.2590957428194076,0.17641000370044632,0.22787843985109382,0.4658202066599025,0.22656223484386018,0.2510158388236958,1.0,0.544891355068555,0.35225152282384536,0.5615070442842994,0.4010502806395803,0.3605986295544688,0.40705433630021887,0.29903829215229527,0.3185590304686676,0.3777431668354123,0.27702637733492375,0.35883982653347696,0.43025514731916475,0.32534251856066165,0.29398821951969756,0.2734187065753141,0.24190157607660828,0.23627367920221434,0.20734955088145057,0.5058927044216123,0.2305933168151364,0.32829314772299484,0.31983212307212777,0.3822024174841594,0.20003478154201154,0.26323944130065763,0.2688633233335424,0.1784098497542399,0.2524453197840452,0.268701812731677,0.28651020289200163,0.4152814934050678,0.21712313135960812,0.33289834637412213,0.3205383488151511,0.3389021070543221,0.2691026848475881,0.18797360030836707,0.45442036501462285,0.3491427747378532,0.45818559485962695,0.1886183076710996,0.26846974195416085,0.17838426186797685,0.24408341119220964,0.23164733604348797
0.16512184087988707,0.2932681505764631,0.5935323124522225,0.22385527621125284,0.18494694507088544,0.6865581093540145,0.3583592124033636,0.5150395362437484,0.5688557852996918,0.20949871326091396,0.213147277714404,0.271610332065314,0.2608941271012641,0.3840875068859175,0.35186936716130146,0.2079942005688508,0.26953912187265217,0.3616756328877321,0.27916046763342495,0.33363825824586735,0.3234981653996764,0.17645972292582202,0.30780732114988074,0.242218469152699,0.20747354539117563,0.23220293881645598,0.16318587825585307,0.17417909220194858,0.2894308940654902,0.3547245891906601,0.2053798929104181,0.19336527715954926,0.24575839025730117,0.22724195070318906,0.1103453132316166,0.29636025986244197,0.1917327085522696,0.2740700380208738,0.37365228589531135,0.28002807516463774,0.19251060816926185,0.1971159465157478,0.2740792887034232,0.1437146884058202,0.17014683932079627,0.19302642418443902,0.11297334512848722,0.10422593461437259,0.338302080678486,0.14688822167307097,0.23314028465072034,0.36611971308825725,0.2405744940482823,0.23226573175385404,0.544891355068555,0.9999999999999999,0.39930304109997883,0.38236244654680024,0.33100006643747304,0.24314646680220178,0.30487539269102776,0.26764272241637577,0.2753814282271538,0.3016611890580331,0.26215109878819254,0.3743328788723927,0.3849236307880019,0.24281898793675893,0.30050807067361185,0.317891471062236,0.24693927936761523,0.1733869307698713,0.2819836468068704,0.39979033336121683,0.22281498871449698,0.22177073506285194,0.28617774377705063,0.30395203367960394,0.29976745798422433,0.22768179623386345,0.20466251103974342,0.15291984228572536,0.18662423802037664,0.201985693852338,0.25516285810347816,0.2332032594995444,0.19295353093015158,0.2447861277661849,0.26694792604538853,0.21160928143780514,0.25222127889190915,0.17610383763564427,0.37740894277058723,0.28671933560627105,0.23825393380365387,0.2227729600212597,0.23683872375841372,0.20353375879016913,0.29140711366545163,0.1967534057696124
0.1915598813737404,0.40720459824421057,0.2399268918912154,0.4560987597610107,0.31199607341173874,0.3055745450439279,0.46523563128978795,0.7862336549005613,0.3423212410609788,0.2074508497723824,0.23483028947560758,0.2016883164011702,0.32086478521871953,0.31699947108807847,0.1969867013101543,0.36698505986461977,0.3365350395293394,0.4655884820399828,0.2977370407432404,0.3559625828254772,0.2253110257560308,0.2569033809698052,0.23652169060673223,0.238222839209483,0.1725829979650645,0.21593593262878585,0.21742083411002588,0.12869067870086215,0.19118545355456223,0.22227342397753325,0.1472302229819321,0.20492754394963866,0.1527936687772134,0.30504399211022104,0.18340718904973236,0.3092359604726116,0.16633928693064662,0.1652269714271049,0.19775696659536832,0.24573434596837543,0.19372605769513548,0.3039450883595428,0.1216946104480728,0.14840441530272208,0.13883131290172618,0.1995506997894726,0.19216793849648042,0.19029230361894897,0.32253791516569,0.19099179998964735,0.34900152927041467,0.543254363946466,0.47838860251759213,0.35851918646567454,0.35225152282384536,0.39930304109997883,1.0,0.35555157526737735,0.19113066314994612,0.1756172263546821,0.2115610257225873,0.2495491828529645,0.29250039188063764,0.3286403435541665,0.23130611505124946,0.19553964779926714,0.5461235491595742,0.22832878941188248,0.2983428211384368,0.5205575470599869,0.2005470675796893,0.2996253757016648,0.311021125889518,0.21820839468344086,0.27913164884031594,0.18707315604800745,0.2069776090963391,0.1853606964581952,0.23247059942639312,0.21999380316886266,0.1953517040278002,0.17260417085146898,0.17460679668537005,0.2156361226501139,0.17440889861596515,0.19975547117041909,0.1784848793588812,0.14748883476193891,0.23220377546480467,0.153491254746053,0.24943221982634894,0.14952709319204885,0.23834354692047122,0.1971094613902471,0.24454203208787134,0.18488724898031073,0.16976179589893525,0.20554642006953242,0.3842413652889227,0.17858024275118276
0.1899984347852265,0.3790018613509145,0.28204888222491364,0.2913196524741575,0.4375421507695158,0.5132238484114715,0.3940993235223022,0.5591109528607004,0.7188074126784179,0.5002335221468358,0.5023702812544509,0.5216307983557089,0.3907841042774145,0.2429419273225929,0.24433270987101569,0.2962728152238914,0.29353738756309206,0.3966242794972923,0.2613805418761157,0.40477926549529997,0.23058870566532058,0.2481116075607821,0.22218953938288633,0.44554601069004673,0.24983431321380395,0.2718212580247701,0.11854382479289863,0.19504251192514288,0.2817646201830216,0.27541071834533964,0.2154308404582942,0.20109021964363027,0.17259057239627507,0.45110821416226604,0.14847802976737473,0.6610378637526181,0.3636167546272348,0.24753513273529604,0.3180350343198711,0.37175349625168913,0.5637213962254033,0.3046966737921912,0.3526650828832058,0.19523005377148317,0.11410461287621468,0.1446058445519146,0.15026812921874635,0.12263912658914222,0.40112891499805464,0.42443932506618837,0.18604299027378368,0.3246487699751961,0.2684031070331734,0.3031445294756763,0.5615070442842994,0.38236244654680024,0.35555157526737735,1.0,0.3696246044915742,0.3836451480267359,0.5385796224043863,0.37023882703760763,0.38497303682094747,0.35254867915908483,0.24687362066839008,0.2016429452053836,0.4846163288155562,0.24696422700318318,0.2609264978020606,0.37866479588902563,0.14359682381648955,0.2815002568424358,0.22493794217454,0.36307737208743385,0.27706251729562037,0.21307174651005303,0.31096093947291115,0.27562037567721615,0.22253781427808814,0.15892369865033282,0.40029192624177057,0.40099106273562307,0.24165534137562372,0.20743451931641219,0.18461358526849517,0.38962792072358604,0.2813560039977115,0.1981237820836679,0.6510850645764648,0.44256474729946155,0.22326967525083266,0.13674336994192,0.37500308003796684,0.19578141624091572,0.3570396956646978,0.1743906082818597,0.1534224322859078,0.16599282313548427,0.4427977835776481,0.42747818689567685
0.30182367281904887,0.25237134820435414,0.3216128461370716,0.2507693211935062,0.3194004455908001,0.522844516194256,0.392435423999824,0.29534455310921165,0.42016281378304304,0.4727655360119786,0.5781964236208712,0.4851093750877007,0.27346071780236453,0.1892070573330972,0.23905366230686848,0.14943527846162186,0.20453490707385594,0.17604259496842625,0.16776933707222136,0.20771046327362858,0.22955083995949288,0.22647382778951608,0.2304926747647489,0.31372468570915135,0.675380181017206,0.47721650966681656,0.2451803563416087,0.23949662583965808,0.24509339464623472,0.2575200979964107,0.2132972542987382,0.42397306733177714,0.3111899603963963,0.2502237970615816,0.21029988755553614,0.3390627198602353,0.22384049324297176,0.5909028297257517,0.3998311196335338,0.4295107884010372,0.2770713944166718,0.3777974670979299,0.3316501043934663,0.1267489315711659,0.16954085542604802,0.1553034552161621,0.18542341375560453,0.17901139807480768,0.3242927845419123,0.20818086408135433,0.3224956799332512,0.2757083658585405,0.23693912465502953,0.24750660751780143,0.4010502806395803,0.33100006643747304,0.19113066314994612,0.3696246044915742,1.0,0.5161144298239739,0.5878282738368954,0.223985822982057,0.14682307228783864,0.18093127177854637,0.18056594099645737,0.28090496938493287,0.33234349818572545,0.16016600946259946,0.1772854202891457,0.17364482063880757,0.20804514441975874,0.20716220222197138,0.20737195457299054,0.4308851532592488,0.28097622020437,0.6155688022525971,0.27200241634882694,0.3261589698144826,0.16192275714746604,0.4162223422749863,0.20666150398049093,0.2264436916311934,0.18603821273591872,0.21377841078331147,0.2548390010157652,0.22069333557876894,0.21975019430091347,0.2447682631952851,0.3199625250675668,0.2746055852019229,0.42256579385354426,0.45858321745370084,0.45189795738280786,0.5488139129540994,0.4329812864140285,0.16053447096261647,0.14196213298393107,0.13256084896112466,0.2782369916396107,0.1915073976225029
0.22646237506256917,0.2294612515378668,0.265762765378545,0.23290934097922986,0.2652718037135807,0.38557294964532246,0.37688192077058524,0.3124115233892205,0.34177661280680577,0.5699200509500989,0.7284649205849237,0.5721954191983901,0.25298700170852906,0.18316571384545655,0.19635135705001183,0.18074956687993532,0.27644368012944065,0.30218470637077227,0.28482508958611613,0.2691596380070771,0.225301187833891,0.21056231527817584,0.22844660526678454,0.4662385394308318,0.4532616508207699,0.5102702296552836,0.1923007141142464,0.31606338858857885,0.2928253128589484,0.23810489229852105,0.21511052165837558,0.3820549603468978,0.2682680418266087,0.3308231428863455,0.18855349183441336,0.4699421727838205,0.21583608154278225,0.45201385545502076,0.26515160546574235,0.5093760305600646,0.34089005223470387,0.33487577609718405,0.3654443329174402,0.1252570253247993,0.09584304742912655,0.13631522505177426,0.13427710837213325,0.1747348417208238,0.3115091012632764,0.2879720663928541,0.19463485067949457,0.221932742274867,0.19426182913540602,0.270588795853601,0.3605986295544688,0.24314646680220178,0.1756172263546821,0.3836451480267359,0.5161144298239739,1.0,0.5958778138672983,0.2584570204455466,0.2403730628093497,0.24253973414578142,0.19436301849142457,0.20987254719126613,0.4110841943268837,0.24427199232082392,0.19855813993204652,0.3001546038351848,0.21033825288793762,0.28054323492725364,0.22392958309004998,0.38319390652657787,0.38257284746219944,0.5658969252739443,0.3643200293991777,0.29668127673189754,0.17043436659911762,0.3135333703729672,0.2622615378561108,0.2933113655204597,0.20722668545452816,0.2158343440807522,0.16942775623047576,0.23542751821436372,0.17651573906575269,0.2483387046113714,0.4647880253920728,0.33792571562681056,0.24057077787794554,0.26507300024632746,0.34356912931023215,0.3951462604292406,0.3973012397694026,0.18368440144970377,0.18600682420961984,0.12724244548860944,0.3601334334506243,0.28779635828779443
0.22049146978379675,0.26526177524626404,0.1794102438613531,0.2457177497902433,0.28020979309272376,0.49709709913032685,0.2781499279971264,0.3744606970193039,0.5550258428728827,0.6771334723795962,0.6798327107648963,0.6827535141066206,0.2921316097696268,0.19390349840410995,0.2163929861358013,0.16818304012317797,0.24395852434016072,0.17691451216638426,0.1616429888844484,0.1932345687300271,0.2181710590985681,0.22430428900407762,0.2695101858694178,0.37023739791961374,0.38845963192225513,0.5176058962139257,0.16275533141304913,0.2944204807273842,0.21988525187294938,0.3406782424994623,0.2241044595218069,0.2203725643260058,0.2232865318783033,0.2526413518142513,0.13682323617524095,0.5455875977234141,0.2083527414947093,0.3369858540704756,0.3459982465360634,0.417243306734208,0.35050362982068195,0.21341064386597094,0.3849587704536279,0.20647861451994753,0.19469860469016062,0.14522424094035624,0.1233906018393003,0.16425073903942025,0.33168264658908486,0.2697971962929234,0.15057120778901434,0.21563540218777125,0.21956331401808843,0.26487414064966175,0.40705433630021887,0.30487539269102776,0.2115610257225873,0.5385796224043863,0.5878282738368954,0.5958778138672983,0.9999999999999997,0.40413543500271554,0.222169318160598,0.26041742155196723,0.21870274069095696,0.23606946455805664,0.34273787464881117,0.16426723983957184,0.12613171675741744,0.17511170522301117,0.158570836054761,0.21126866084806273,0.2403040840603893,0.33551891357358343,0.2890484293523576,0.45877235345217393,0.34911213740018354,0.4110805398143046,0.19741902655187116,0.24934448490919056,0.31160020884487005,0.20564149244879654,0.23023994145706023,0.22190406706207935,0.20234213341363078,0.24605381208391294,0.1814321762110693,0.28358124801963613,0.4418289773694187,0.3632900298693997,0.25883869929211883,0.19366116510504638,0.3863497971830497,0.2573048039438406,0.46226619440170635,0.1426084637063195,0.18367678619559563,0.1427116769343543,0.37047145646023844,0.2719133538367421
0.14463546914332537,0.28332574352808415,0.2116259502810925,0.25746015157179075,0.24457172122338197,0.42133136898305507,0.24392841532267145,0.30054882380674,0.4291749207642772,0.2729273069045922,0.3286135410092752,0.44713859428301816,0.7399577165976012,0.4708357324364439,0.2523237511285779,0.2187292631885262,0.5193200065594434,0.39416019539197045,0.43876545408062306,0.42833020448581627,0.28160592196486045,0.3141145373825827,0.23491556259698976,0.2689665671766602,0.11055106397008871,0.1916115056486561,0.13455557522123965,0.16400303342845077,0.31142925990566267,0.32402875805014875,0.2818308149619383,0.12876183162966445,0.20785295749520608,0.3990279228180714,0.11657267011303576,0.44149673438103276,0.2108979158556316,0.1661373539051523,0.29772545222365504,0.22266431813413842,0.28750227846966225,0.17721975378775354,0.27751583647298417,0.21393894895221827,0.2630392660601225,0.1464676727577778,0.144539768550878,0.1583014635442122,0.39372705862487156,0.3097678786453733,0.2415290230490162,0.25618850694188566,0.22743243191908366,0.24465569306459944,0.29903829215229527,0.26764272241637577,0.2495491828529645,0.37023882703760763,0.223985822982057,0.2584570204455466,0.40413543500271554,0.9999999999999997,0.6547822656791786,0.5694570090789874,0.395156212755546,0.2724429685084993,0.23313909386284543,0.4584644568372925,0.3666063346299846,0.35062639381984567,0.2549579909403631,0.39684916944898396,0.2664203059049947,0.25088093540942347,0.2759656795296515,0.11479569951051499,0.3603260314745323,0.2883647120416274,0.2555605726603523,0.2186374249755868,0.3286701751626695,0.25349383104969064,0.16677171971408142,0.16209409848054418,0.1772113423365519,0.19497243359958488,0.30019083257690465,0.17952571160916103,0.39730797419621633,0.23019391545450585,0.2579608038562648,0.104426586722207,0.29244291662303085,0.15989098552446948,0.25753154375527154,0.1313339846815622,0.16327495330492175,0.17014735240262044,0.36956595427381056,0.31203499115402195
0.17456147365962818,0.24985350340844867,0.2517925260310787,0.19989353215953404,0.1650910376798016,0.32363652253123504,0.2801988052418531,0.3516426500948866,0.3969441238520236,0.23542552827034557,0.21908771333429367,0.3191080714893206,0.6472501936094506,0.6160822250872744,0.36438950321342245,0.2676480640170719,0.6267238244073308,0.597855664110392,0.6599824389377317,0.6211854865338886,0.29631080772467294,0.2583176945017153,0.1837018156695287,0.2718333014008897,0.12767876346622586,0.1465855619650185,0.1519266062596091,0.1769349084314449,0.3593843713009901,0.2399793426031445,0.20667971944411018,0.18010637346323513,0.13836637945463934,0.5029041399709495,0.14112546953045307,0.46534665620038873,0.2575376082439486,0.1720255123372466,0.20312873212462823,0.2899408014682702,0.31323110671230014,0.1588852753313277,0.12494822668069565,0.2178115864847892,0.14248772747659685,0.17671825511660394,0.1344398373061609,0.17495155326985645,0.3891225245818143,0.3731793167265285,0.20488196249219928,0.24552332287656348,0.23726517234092914,0.210322933851101,0.3185590304686676,0.2753814282271538,0.29250039188063764,0.38497303682094747,0.14682307228783864,0.2403730628093497,0.222169318160598,0.6547822656791786,0.9999999999999999,0.7997295096297247,0.5525232524854983,0.3689369810771945,0.3100254672103281,0.6423343552733379,0.5159024106400567,0.5068088560740097,0.3662858211358786,0.3434523897473196,0.26775879219372617,0.2616226132399534,0.29358788095718774,0.17015885408427867,0.3638057136905036,0.21696640636931203,0.2684168274274354,0.18109988490186915,0.40104590934351414,0.34839295040100937,0.11883475563969528,0.22643985133253008,0.1529108242528832,0.22989357224639417,0.2983166924943276,0.12502915870667033,0.44629816940686623,0.2143584631013067,0.22093879615224996,0.13451902768937005,0.20419371165018677,0.1443788902195687,0.17135153307179818,0.18164918965896315,0.17739590764069174,0.17131657720891152,0.41062374493169257,0.3344547304668932
0.11500860195632237,0.2644726011293122,0.23138009028930945,0.211743229582044,0.1863267025559571,0.3477694011106142,0.31913737276284443,0.3630171714557376,0.3709726800843043,0.2038827156073744,0.24075634762848186,0.3866964619818269,0.654925202199371,0.6794762462594086,0.3940804698868059,0.2629549692875413,0.6094299779849807,0.5321589945666153,0.5943048851141617,0.5755829516028497,0.36356918938670857,0.28494132542125467,0.18300216399647704,0.23564361241504678,0.10321224113222018,0.15724846974017764,0.16358668624016415,0.19435005439808342,0.31311489598299097,0.23393111774575295,0.20653306996434811,0.158884879088009,0.17835503377102518,0.362796819943049,0.14875703045306352,0.44702079994115107,0.18157537855112107,0.19826233061904072,0.27290521906817367,0.24711357878853632,0.2522892663095164,0.16437828704062704,0.1814635401229658,0.16382974570448228,0.17019067895305198,0.14141321225994705,0.1328526470328411,0.18293159252659344,0.4036941569404665,0.27816834507336063,0.22299458322608257,0.26525434223224964,0.24693473500758575,0.20796825926415186,0.3777431668354123,0.3016611890580331,0.3286403435541665,0.35254867915908483,0.18093127177854637,0.24253973414578142,0.26041742155196723,0.5694570090789874,0.7997295096297247,1.0,0.6191079858634595,0.4241802461438253,0.3289027218257168,0.6236757862802693,0.40854349451352934,0.4518780308614372,0.36417826868961156,0.25147293368273677,0.2644723162028695,0.2832016963173679,0.31826362054242685,0.1431131200234955,0.28539027742017703,0.23239644342441454,0.288938675706488,0.20637246492356998,0.30724779685527154,0.2750610587051034,0.1631304228656521,0.24770857920232056,0.1604251587638346,0.21439253415965162,0.2462041106685538,0.14099131236179047,0.391188456221035,0.19313438688442872,0.2700173857212507,0.11420563315153492,0.27088972605288253,0.1453130778448646,0.18976596475302457,0.18134017383270948,0.1718170399650024,0.18777352317742646,0.3794927896623939,0.25182713774709303
0.22957252142925227,0.27164391337301663,0.23525787574612395,0.23787862135076573,0.19661409161574575,0.2471145204988666,0.2680542845952545,0.2828031161751881,0.3148548760058818,0.23294490207028093,0.18318030281734474,0.28385463082481693,0.33631463761530983,0.48490167739278306,0.4510729792954446,0.2052659157071356,0.38275928743985316,0.4204754685866343,0.49807631462453467,0.6259209038762603,0.5536085216664169,0.13503804957121066,0.2871929448329387,0.173460200046826,0.16120662392967208,0.14910205694115553,0.15428075005473316,0.1844071967283778,0.4076629664659815,0.24286020853939003,0.18960885007573094,0.18860840809016494,0.18857745681881424,0.25309248865724987,0.14935209968600544,0.3232919636565113,0.17033025874556515,0.21928097989391535,0.2825021841068652,0.20914348156625034,0.17689004027344374,0.22157213258476705,0.1284972132868308,0.2150834619428677,0.21046731708642555,0.14472467122465665,0.15132326739340346,0.23468740356886733,0.28066412392209084,0.2592486861882893,0.22217605479088742,0.29401271856688427,0.1954544258803318,0.17114483460008104,0.27702637733492375,0.26215109878819254,0.23130611505124946,0.24687362066839008,0.18056594099645737,0.19436301849142457,0.21870274069095696,0.395156212755546,0.5525232524854983,0.6191079858634595,0.9999999999999997,0.5160946933058088,0.27479332208901674,0.6307262884930305,0.4525340237925248,0.41157452102768766,0.6684148206215516,0.1591319604983953,0.3112841842392653,0.28577907842249395,0.27440057344738855,0.16773573560610341,0.3799203149772639,0.2346738603456708,0.24066505798088328,0.1644771883863179,0.28714917748459884,0.20776008451313413,0.12673825842088612,0.15614864368377915,0.14676471301731,0.1629886015026456,0.18800789846259697,0.15775284399730738,0.2659485458288949,0.14841124126895847,0.20821105714170637,0.20483215464450516,0.25285152663859484,0.2603686285624184,0.142799636491771,0.15279739376809753,0.16249050924938227,0.1592743308476239,0.265562370223064,0.21318601568913265
0.13685345526509468,0.25565955725059386,0.3284195389579764,0.18137652747066066,0.21474744361017034,0.36311779979702885,0.21018468250805952,0.28049540958196584,0.28085399419396295,0.13926525507254514,0.15887614395375574,0.19695176140604567,0.2564408257022706,0.5539373202184937,0.7467772043773041,0.22702325504187712,0.26149162739005105,0.3933449808849671,0.3138841887766889,0.41398753697886365,0.5277042189318117,0.21429000636688872,0.3561512184922029,0.20180944597972392,0.190302040373308,0.16228649479088617,0.20182350049361694,0.2613259264909394,0.3704002773822108,0.29289353122349615,0.17084866491249914,0.16615822772849534,0.1923568482441036,0.27801346762396983,0.14157497596062696,0.17364708209051574,0.16138546885016336,0.21006149051331602,0.2688956871383859,0.19978702507825333,0.18948699486513085,0.13964722476020452,0.21933654067533326,0.20068284503948455,0.19574159876607145,0.21442566117831574,0.18373689553566858,0.17548380254007398,0.1631503819907442,0.15620718789488605,0.15788554302737423,0.2703222792924047,0.20844735163893494,0.22089171194491622,0.35883982653347696,0.3743328788723927,0.19553964779926714,0.2016429452053836,0.28090496938493287,0.20987254719126613,0.23606946455805664,0.2724429685084993,0.3689369810771945,0.4241802461438253,0.5160946933058088,0.9999999999999999,0.21304600070901425,0.33318378599041604,0.42475246617466694,0.4031880382550586,0.5485412323845509,0.15798335611476197,0.32257653454321017,0.25418965337015587,0.1955219127523499,0.22233766258044585,0.28601232246433256,0.3458419612289499,0.21802541684034257,0.17661220985358436,0.19809660688837255,0.23358418461441516,0.16679715497216083,0.21448449898265085,0.26439382471193074,0.240491218435434,0.1859841729341105,0.2209140878318033,0.15329597824078398,0.16940482339927015,0.28231555063226216,0.19267002593070642,0.265880053023001,0.29669546400807745,0.17185718327851326,0.1973099112772898,0.28303221420572094,0.20242032643676477,0.14819472592958147,0.1308107569165909
0.29335514408136215,0.3469383284356726,0.351013239655482,0.35197300028326495,0.24960762512311,0.3785790952807268,0.7046464526849892,0.6811320373192282,0.40465771003676126,0.3855584905900071,0.432855163765543,0.3556050093408073,0.2992678865454619,0.31952093557393646,0.22186367291790873,0.28783395940143314,0.3539059237049954,0.4064504318388977,0.39680084978980973,0.4571380836827593,0.2681140885217893,0.19728835694688404,0.18005350074225085,0.39995492076988276,0.28318773377116785,0.2700446750666352,0.1387385922856995,0.20408987969780334,0.26416906388545824,0.18472322871068697,0.24998756314090567,0.2992396504455318,0.20826414915656524,0.3389069336548935,0.11131825326634948,0.47487541618229945,0.20679824675938072,0.3844715164194157,0.348120189325552,0.5537405067321145,0.4428950516617471,0.375393000704577,0.28511261586298225,0.23255165322626645,0.1503015885821511,0.15834590940237386,0.13996917142704512,0.11731523854788996,0.42587401809341,0.3910152160161273,0.35432475787411555,0.4550358002615249,0.4102315454118126,0.24557414814959677,0.43025514731916475,0.3849236307880019,0.5461235491595742,0.4846163288155562,0.33234349818572545,0.4110841943268837,0.34273787464881117,0.23313909386284543,0.3100254672103281,0.3289027218257168,0.27479332208901674,0.21304600070901425,0.9999999999999999,0.3207639271194585,0.32270383118846824,0.40741667984964475,0.2399108109373321,0.2557249168315728,0.2570708182083488,0.6188941084877411,0.26588202731462546,0.28611029828660334,0.2874250348861728,0.17561062178205852,0.2354957856216629,0.278334762273061,0.2872416600090104,0.3668536910956618,0.19786366435916825,0.18969269162094812,0.18973033070381567,0.33174765591779354,0.16057546753767482,0.22596950152350959,0.5113515246972214,0.41204082451873025,0.29955654442015306,0.2286603819980176,0.43191242085858106,0.3125076120812502,0.33264072684674567,0.1575401193086245,0.18111249477826238,0.20371742802393386,0.533801194575426,0.3969701886885344
0.22145404120706888,0.2500295050137032,0.29614805593229404,0.25653993415736254,0.19627115516636912,0.27481989338079704,0.30902763184273635,0.2599441679280534,0.3031439638701786,0.2206702805300392,0.21345616060176048,0.23619416422231784,0.45080460253160837,0.46106028187609716,0.31154597841309817,0.17806583831592784,0.5813521895530793,0.49131710086902575,0.6994086017486209,0.595051378312786,0.399654773787645,0.30663029994182195,0.16997120251220668,0.32777487329181293,0.20490192509927574,0.14261401652930483,0.19321192586424465,0.21234702930450586,0.379176082451131,0.1932937878553326,0.2601568426434867,0.2575079734815663,0.2538579954196796,0.3896123579190116,0.18290118068345515,0.34420369704473575,0.1714642856012624,0.24687651143411166,0.2185404982820862,0.27500164723349124,0.25582358367588115,0.24882635678153434,0.16769486676755616,0.2353929166644276,0.2069316443340535,0.14641360147810717,0.17740016190456437,0.22513853592557478,0.21567988022851065,0.3564958286488578,0.2733389773572689,0.3236620152041318,0.20300250617811863,0.22669730424419363,0.32534251856066165,0.24281898793675893,0.22832878941188248,0.24696422700318318,0.16016600946259946,0.24427199232082392,0.16426723983957184,0.4584644568372925,0.6423343552733379,0.6236757862802693,0.6307262884930305,0.33318378599041604,0.3207639271194585,0.9999999999999997,0.6268768520428635,0.46115359654831733,0.4727898560719582,0.4130812492965877,0.19838852128046747,0.39345256981583254,0.3288039802589671,0.21649289735110389,0.3080081957224145,0.17464764456075133,0.2813605911570688,0.2373225474976614,0.34491760772332924,0.27831138757129836,0.1582133005951448,0.18346342168581536,0.17636593340387827,0.2148741860971255,0.2286074459156514,0.17505788786093343,0.363802776575883,0.23866432151570585,0.2023664479754195,0.23195385092055548,0.23321445728826545,0.2681320269154095,0.17651605895723066,0.19643500561230287,0.21138617891915548,0.18295955881782316,0.2813023828628081,0.3114459664809554
0.1488834619648842,0.23896810561153206,0.2937555057059022,0.24085650347544374,0.2207512354037612,0.3271849473678573,0.29743475446624673,0.2994493610240317,0.33039721443065934,0.16327523800875376,0.1631908022221925,0.1967465076166664,0.3221347834522148,0.5041994263225787,0.38987433966050217,0.29517604330544206,0.4507290114720917,0.6787645952511417,0.5638555053136981,0.5493718980999742,0.508661350992777,0.24624840139834525,0.2487099870577006,0.3257213016697229,0.202346745304172,0.159424004257182,0.2184108495110786,0.22299935060849535,0.33429957569982627,0.2634402595159869,0.2337993099877213,0.18339348106794315,0.19312457030708813,0.6023927647762047,0.18520825502836744,0.2501420015869397,0.15564102150421105,0.2175434720647759,0.21284826353870467,0.3398683703699762,0.24493763934354615,0.24353106141381023,0.16946870578843107,0.2161136950613043,0.22573500284691655,0.24491324053960906,0.16850087087924043,0.14836167688835586,0.14978458552558857,0.27303730231818557,0.19219767066076232,0.26565256614478755,0.2350998791175246,0.2615094813779686,0.29398821951969756,0.30050807067361185,0.2983428211384368,0.2609264978020606,0.1772854202891457,0.19855813993204652,0.12613171675741744,0.3666063346299846,0.5159024106400567,0.40854349451352934,0.4525340237925248,0.42475246617466694,0.32270383118846824,0.6268768520428635,1.0,0.6669364729192954,0.5815392191814229,0.4176328963932856,0.31882896645775566,0.35679498844787416,0.2801863559192453,0.20419491297438355,0.24020232018136148,0.20359565806646032,0.24766525654389912,0.12519571041745983,0.29795536906178927,0.3192996355824437,0.19571339943039692,0.17577011799331108,0.20740516878590348,0.18223448992280303,0.18772191081305706,0.20801747504583612,0.2929747669593108,0.20998353470963113,0.19563620553441538,0.2261631896931258,0.22239603530314386,0.2833358226049891,0.17447224856044946,0.18631991928917688,0.29985202562076735,0.18504417291643638,0.1954115289250042,0.24361791919854167
0.18236152699059383,0.306993596651734,0.2984145008123586,0.34056652802976295,0.24028347107798265,0.2737340961636989,0.3879957857602768,0.46813626267896985,0.3826252496198095,0.19826652588368407,0.25710656157006206,0.30202976906010737,0.3471096843004871,0.4920179864090789,0.3368694610354443,0.39810398776263645,0.423771932223001,0.8682652189731729,0.5105895237853414,0.6192283497610738,0.403855314338185,0.2098524620669017,0.22221799896091862,0.30664417401240895,0.27127506898537523,0.19100077664793233,0.1761650014126819,0.18729260287409918,0.24734435932559184,0.1945475181764649,0.1714394476795192,0.26203255049915997,0.1777977978337727,0.6071030014827806,0.17262801020330495,0.37832775101785265,0.16400665803894818,0.27174217172709264,0.21604107635695605,0.37710876645739044,0.27195737978080664,0.34273712484281843,0.15508482226076686,0.14817495282798585,0.1682929024696378,0.20546629725489074,0.14186736838526376,0.13438224430522938,0.26009431023763535,0.30332826127549967,0.1708873645195284,0.3170332609441325,0.33189501901771506,0.3073804232014053,0.2734187065753141,0.317891471062236,0.5205575470599869,0.37866479588902563,0.17364482063880757,0.3001546038351848,0.17511170522301117,0.35062639381984567,0.5068088560740097,0.4518780308614372,0.41157452102768766,0.4031880382550586,0.40741667984964475,0.46115359654831733,0.6669364729192954,1.0,0.5022755942964054,0.3017848021021963,0.2669643257486657,0.29575669450394515,0.33891652291631225,0.23134227213225206,0.1849025092163157,0.16586193680878294,0.20991014996112234,0.1536813477308378,0.26727626619839845,0.3758427179638782,0.1661535316215269,0.15990815586267823,0.14678666831789927,0.16791947031038157,0.1196117176576515,0.19661123805716282,0.3588770922427771,0.18253123999422488,0.14986165169060883,0.2962601096773816,0.21958391400399388,0.29429624990777753,0.16462783443849494,0.1867411741615754,0.2529686848056306,0.14887695195345502,0.3817465653547979,0.21843795335743402
0.1813805148915057,0.20171132934801925,0.20807658197556564,0.2124192659819576,0.1958618303783432,0.2555798838783097,0.2417793755152103,0.19656193535705987,0.2303193030151342,0.1184060417069087,0.16883326960390843,0.19909958658383187,0.18767975149224608,0.4171583697578244,0.42599903493875063,0.2339792762090215,0.22311623328337427,0.4386312962130174,0.3642896417325238,0.5332516451557897,0.7260994594087414,0.10764763737399191,0.3551983371360901,0.18732542307153588,0.20311807678613522,0.14402741365902802,0.16525009707910293,0.2214878787338856,0.29950133491594205,0.24322466316480046,0.1694493842574035,0.20826281724802928,0.24726011072516094,0.26395514673391424,0.1597332054659215,0.15862522551128075,0.10262412796958234,0.2664251966995751,0.2926775847083924,0.2552586067624862,0.12937067519064827,0.27635468415901343,0.18171204771726562,0.20733806873530994,0.1836186331568606,0.2110122379721211,0.18514341538625248,0.22385977135549368,0.16229515950522191,0.16823251648522183,0.17176038744826871,0.2094128028626248,0.17462241366673056,0.20020694792807237,0.24190157607660828,0.24693927936761523,0.2005470675796893,0.14359682381648955,0.20804514441975874,0.21033825288793762,0.158570836054761,0.2549579909403631,0.3662858211358786,0.36417826868961156,0.6684148206215516,0.5485412323845509,0.2399108109373321,0.4727898560719582,0.5815392191814229,0.5022755942964054,1.0,0.21008019353156346,0.31097441254508895,0.3368809632492928,0.24487549579572868,0.18415150908431538,0.21757835623850919,0.2261039783555875,0.17191237865548586,0.15910270637635662,0.17142002811110493,0.21096814594333235,0.21874016368223137,0.1287349507462282,0.155095129070752,0.13339048261947256,0.12169695399486487,0.21927511374424344,0.15254173692677836,0.13789563704038582,0.18163667413368123,0.3267629022295312,0.29834006277104486,0.3354868144005047,0.19090764899944207,0.23321459253407617,0.27618120364978205,0.13360997572047262,0.1673547740844247,0.12764628706648173
0.17482290565089112,0.27804662970584737,0.2066419966135368,0.32338186068451796,0.33064048999642925,0.24707714335658446,0.29746710500715123,0.23616232818265195,0.2715652127704754,0.21344450974626852,0.2328039691580101,0.1887244675831387,0.40554819798258146,0.2271190534958273,0.17264290101199464,0.1600857629181455,0.38384344337812726,0.3147615362895191,0.38873965213980605,0.25260804263758957,0.17260617790944724,0.5364084450799433,0.1954354514013762,0.3988735718883112,0.18061675382144327,0.15741175432049734,0.2036539874134985,0.2581031446112709,0.29415082627195477,0.25505877893072926,0.30639204794022595,0.1647916809439113,0.20333307866274736,0.42655064402613463,0.3266580325968502,0.31134457293466583,0.208786260370547,0.19733906437841814,0.17630008290770902,0.2656097924308934,0.301614338346448,0.3066628820477859,0.2834751986709956,0.18986738752448593,0.19101332455854503,0.22538581163006152,0.16823519007817186,0.1465918291508462,0.19196445518243763,0.26403635260528513,0.24805936634840553,0.25625161202733343,0.2744963506624773,0.40062946945450567,0.23627367920221434,0.1733869307698713,0.2996253757016648,0.2815002568424358,0.20716220222197138,0.28054323492725364,0.21126866084806273,0.39684916944898396,0.3434523897473196,0.25147293368273677,0.1591319604983953,0.15798335611476197,0.2557249168315728,0.4130812492965877,0.4176328963932856,0.3017848021021963,0.21008019353156346,0.9999999999999999,0.2107268415106697,0.29380939684633783,0.3345528790825639,0.19280503211612532,0.3223050954340053,0.19864152349816905,0.2842365236336212,0.18039441777640963,0.2965372907874141,0.217377378840723,0.30372467593061697,0.24606154113908946,0.2338707485973672,0.3142456423181677,0.24819991988215026,0.22598137165423593,0.31636203489837356,0.28985509865654974,0.18977010805955008,0.185287980947811,0.20940379644009344,0.2313409855151205,0.31223947161514254,0.18462942409012698,0.2070802212786298,0.14707222592240515,0.2021509646059797,0.28021530034116393
0.264080252167162,0.21694204121207109,0.22718797043393896,0.1770249721714729,0.20509990174352136,0.34784447479307035,0.24896512822027184,0.3229090031460607,0.1608762263999969,0.20457011606418696,0.2335056518709636,0.24801786509043414,0.23331608061273026,0.31333386908561306,0.30393518982817147,0.31869847217115793,0.26537872611505753,0.27371790237499,0.20525303971216363,0.21665932049906542,0.38027728692332635,0.1851490077788195,0.6989663649481654,0.25197048328518906,0.21203559377550063,0.3240382341102952,0.19557979106021747,0.2891653698345034,0.2167980321620873,0.48773505823985425,0.1340108601625422,0.1666157433998847,0.16715753939704123,0.2503642370687537,0.1409560322211529,0.2627750073872673,0.2314888747078731,0.18844524587763606,0.2060730986116515,0.2096204858121405,0.22564507323245458,0.23397284114552083,0.2241949115873333,0.25156369353018354,0.22481468517085543,0.16845389613380346,0.14633613287963765,0.2808669606242381,0.24604098854478226,0.18050494213220972,0.20545473873891695,0.22733741115899886,0.28107683818430035,0.19227428947376646,0.20734955088145057,0.2819836468068704,0.311021125889518,0.22493794217454,0.20737195457299054,0.22392958309004998,0.2403040840603893,0.2664203059049947,0.26775879219372617,0.2644723162028695,0.3112841842392653,0.32257653454321017,0.2570708182083488,0.19838852128046747,0.31882896645775566,0.2669643257486657,0.31097441254508895,0.2107268415106697,1.0,0.18417390316848414,0.2626007835805171,0.2626567964951248,0.3143654949377963,0.5203929697998539,0.14197821687587825,0.15950983773770525,0.3161067562367157,0.2258177431870822,0.14461409771395106,0.13850017576673562,0.23294710633319926,0.24808765337837577,0.21732503593751673,0.2959473572385004,0.23583303631323457,0.2535871472700425,0.13042693024107607,0.18171010228861598,0.2249501558687309,0.24493061197316301,0.264041150113881,0.22688368123146094,0.19700674163131282,0.2339443201649298,0.2772127695149811,0.2715927549620978
0.2178602539345315,0.33544956757929534,0.36513746729666335,0.2886707369742167,0.2924151649122541,0.4297210897137101,0.5390328638291805,0.3834705287741378,0.37140254021656693,0.35429297551880673,0.4116379732962101,0.34639745791555,0.28490242080688644,0.2578538651123424,0.23868577763316692,0.19048410173245056,0.3061721621802226,0.3064784214442587,0.3658527309896326,0.3772950092354397,0.3388418684724194,0.18155985251311,0.20218191621504367,0.4589695450670403,0.32583163615163835,0.20157963216255148,0.145387041570232,0.20698239713565944,0.2697171793235314,0.2427313496467173,0.28290120534939517,0.34693453036516,0.3753235389651596,0.27776638854993846,0.16068725723944163,0.3653140763969374,0.145243260394706,0.48105982812094206,0.5148690993373356,0.5783995307240614,0.36133519015884447,0.4184530376301959,0.38981147607730116,0.20802007693035432,0.16762901954424958,0.18989278762080095,0.12183672604798002,0.1604596373729711,0.277265265711429,0.3096668247539491,0.31608275521618845,0.3683314075382364,0.251399419564835,0.25709304618538664,0.5058927044216123,0.39979033336121683,0.21820839468344086,0.36307737208743385,0.4308851532592488,0.38319390652657787,0.33551891357358343,0.25088093540942347,0.2616226132399534,0.2832016963173679,0.28577907842249395,0.25418965337015587,0.6188941084877411,0.39345256981583254,0.35679498844787416,0.29575669450394515,0.3368809632492928,0.29380939684633783,0.18417390316848414,1.0,0.2909126877847872,0.2799572418773999,0.23685961031838032,0.2069251268155007,0.2705093769399106,0.3768196337477685,0.2205492784276494,0.2877183287195823,0.23772556152436353,0.1844591949359112,0.19565919155080277,0.35033599966601897,0.1781223577250446,0.25843739331049614,0.4144007880218313,0.45478294549785914,0.33459435092848794,0.3473292049963348,0.648163325222951,0.4361325658186287,0.37642530987438877,0.20070850108936558,0.24965000805090387,0.20664126811042594,0.3194109970747927,0.3427427185559159
0.18688724953617833,0.21422074465823826,0.20725306422046505,0.19396289306575157,0.2280151554398336,0.2646900274998156,0.3108095353655425,0.2608185771951669,0.28024459586930245,0.28215212058366484,0.4333054702000081,0.4862362185354214,0.27789366376696056,0.22212649686016772,0.29463259398125435,0.23226413209427843,0.3878828174286386,0.3163847953538562,0.26781450678575497,0.31493309497858424,0.28629597202064616,0.315664339362446,0.19139729867546532,0.5642608536393398,0.23599761140051606,0.32331353187119516,0.20391248018964647,0.17750937479253778,0.386252868485746,0.23859164365257052,0.17849477408861117,0.3228798844514007,0.21417375809018946,0.2741422267462665,0.27558400080679535,0.31046453116406486,0.11106115216608677,0.25168262449471257,0.3255382470348032,0.28207898466621767,0.20539988288340885,0.34333160944528246,0.2516506821509987,0.09914050805821142,0.12972282666457002,0.17953820445560675,0.23086011067213147,0.1768666243272673,0.20970733700772873,0.16470140418214618,0.23352880961644865,0.19889819224076102,0.2593191123591829,0.3146497404487951,0.2305933168151364,0.22281498871449698,0.27913164884031594,0.27706251729562037,0.28097622020437,0.38257284746219944,0.2890484293523576,0.2759656795296515,0.29358788095718774,0.31826362054242685,0.27440057344738855,0.1955219127523499,0.26588202731462546,0.3288039802589671,0.2801863559192453,0.33891652291631225,0.24487549579572868,0.3345528790825639,0.2626007835805171,0.2909126877847872,0.9999999999999997,0.24949419598717273,0.344415691929628,0.24421112151944255,0.17004656407062668,0.3066012739972408,0.3378094563279801,0.17406029040583654,0.1958593574961557,0.30258221407128594,0.162028013125361,0.2739974107944312,0.12293192067376353,0.11376492160431596,0.29349217635440966,0.24965642107434569,0.2205022682980427,0.29790972837444857,0.27228764999680527,0.2533913762708782,0.31280496027419064,0.12987780067944107,0.17888180248721405,0.20711619162823594,0.2503657110102574,0.18537452562623324
0.3801410225724653,0.1630106676778198,0.32428972348362584,0.20800312148021724,0.19597464300969494,0.3521002615014936,0.3613295942530459,0.2886132210152951,0.1896143178236806,0.39658667572589373,0.4418225824683327,0.333935150141953,0.16439835059493582,0.15763850669089682,0.17869587249213748,0.12513877583217034,0.24806841479949163,0.24292677662037612,0.3130587987690881,0.2387257294122339,0.1638536796969608,0.18571418703627074,0.2299651565842396,0.31007051236902344,0.7120425013695101,0.6726646046886718,0.28672266407466596,0.3512891122980768,0.24076491788462392,0.2333631104023118,0.17622854112040787,0.40284204244412214,0.2459628020143703,0.32671188660029415,0.19889106242657167,0.255206361138249,0.27732381263642764,0.4533486330132312,0.1937282861593164,0.4916163628082942,0.2487883184226694,0.3785555300504146,0.312017526776505,0.1939295400252882,0.2152037773241868,0.13080773775265528,0.18898467187803206,0.18195103308230678,0.21134910112325564,0.25518449988120007,0.2802717753393023,0.24275244062883886,0.19829511235301833,0.18166324809520443,0.32829314772299484,0.22177073506285194,0.18707315604800745,0.21307174651005303,0.6155688022525971,0.5658969252739443,0.45877235345217393,0.11479569951051499,0.17015885408427867,0.1431131200234955,0.16773573560610341,0.22233766258044585,0.28611029828660334,0.21649289735110389,0.20419491297438355,0.23134227213225206,0.18415150908431538,0.19280503211612532,0.2626567964951248,0.2799572418773999,0.24949419598717273,1.0,0.33209625785297964,0.3515513092737051,0.14908909862925143,0.343378178216379,0.20497280927319167,0.27906141231765075,0.21316557695878932,0.22570290065707982,0.2484134937781562,0.18931073326038309,0.21045989751249305,0.3112920710979714,0.2535678471564018,0.21535349440909587,0.1953821088534632,0.35889024240461576,0.21398790930514835,0.5059451758167857,0.4754478892301848,0.2622484552750603,0.1867262901209395,0.12266148312593866,0.2550744551189677,0.23519657000567645
0.25250252687565594,0.2691263247216087,0.2972060318824869,0.2279106306591601,0.2366649425461158,0.36153008170187595,0.30202356768005467,0.3177190189918815,0.33946323172109916,0.4393617760478168,0.30850737074907175,0.2976897963084615,0.275792676175085,0.2569613099197492,0.2870000381575002,0.23829819655415807,0.30537579104472834,0.23706287147984245,0.3016658777197288,0.38611539963006286,0.2732231190034262,0.27267053064429175,0.36569391969463216,0.40455523682123135,0.18557693485150142,0.25736579806830406,0.21893934435443108,0.3360997714094535,0.7239772568459302,0.34365203954827306,0.23508318497768285,0.21484856500539945,0.1911335231923716,0.35179696218114775,0.18968583082231774,0.4035318399812857,0.3385465680791271,0.2090543971774542,0.24845051208822244,0.3430306024714899,0.36259248687486817,0.22964251329430374,0.19123884500628158,0.19284294932713764,0.12107658671118618,0.16535372182907873,0.18202910355205085,0.1728552290953433,0.24364582868231216,0.3504874307614829,0.20958830477423004,0.25144948662855415,0.277568765280359,0.2341777098601162,0.31983212307212777,0.28617774377705063,0.2069776090963391,0.31096093947291115,0.27200241634882694,0.3643200293991777,0.34911213740018354,0.3603260314745323,0.3638057136905036,0.28539027742017703,0.3799203149772639,0.28601232246433256,0.2874250348861728,0.3080081957224145,0.24020232018136148,0.1849025092163157,0.21757835623850919,0.3223050954340053,0.3143654949377963,0.23685961031838032,0.344415691929628,0.33209625785297964,1.0,0.4645488931636104,0.20915699218210843,0.1615297867641212,0.3877882414621546,0.24652413284603522,0.13443036623335203,0.20028237563228468,0.17837493089769688,0.3264660418296081,0.32826006249115186,0.2547491530817685,0.3904202325898238,0.3659896184400269,0.2521096462574109,0.12016688145766724,0.2480077061792908,0.17550344237369703,0.2686124501486776,0.14530223997512268,0.16148762527619753,0.2146715299866668,0.2534773122789888,0.36122164691334485
0.136877861775048,0.2639008116385902,0.2452126204423272,0.1661217883417494,0.223674125432869,0.5171881156454159,0.21513256572543812,0.31269253868087615,0.28299206433418744,0.2762901828802224,0.2978487567634462,0.3550772826560981,0.19306085596132028,0.29183186787420773,0.36701082891827835,0.22217687367965058,0.17123864395457228,0.18250655608341382,0.18033482567576764,0.18361863494015127,0.27905268443937836,0.21606701398701733,0.5997549441401473,0.2537706497512186,0.19816017522338442,0.42024679725708597,0.2451960098308103,0.5020261504452622,0.3082687128758889,0.6192455544116914,0.1718779045185606,0.23342641366667677,0.15514245370918528,0.19718553647569637,0.19323591066686135,0.23607037692478175,0.13842335477068565,0.2164897208137792,0.23908666194057004,0.23763005110432192,0.20900479903340777,0.21805310232082772,0.33120793260453324,0.16281381337844036,0.2061844404680149,0.155305569866465,0.18043085122927743,0.20882868833052545,0.19462624553792324,0.1350372239059766,0.13707135407651566,0.21097203954301041,0.1953061590765285,0.24264263601523087,0.3822024174841594,0.30395203367960394,0.1853606964581952,0.27562037567721615,0.3261589698144826,0.29668127673189754,0.4110805398143046,0.2883647120416274,0.21696640636931203,0.23239644342441454,0.2346738603456708,0.3458419612289499,0.17561062178205852,0.17464764456075133,0.20359565806646032,0.16586193680878294,0.2261039783555875,0.19864152349816905,0.5203929697998539,0.2069251268155007,0.24421112151944255,0.3515513092737051,0.4645488931636104,1.0,0.1662511582311485,0.23593396519976845,0.2631068307210828,0.14677619933487196,0.2199518997327947,0.26635554756676094,0.2964059606071029,0.3035390102771561,0.17659452342204562,0.4192838889705268,0.20009948940556524,0.17977412221486713,0.1829056260922739,0.1440391211918858,0.23478617356641077,0.2276834382426621,0.36249631216661465,0.1854925316745264,0.20500253239917157,0.15452366133950587,0.1622700751570832,0.1548706080959381
0.13237536282823836,0.19340480713049568,0.20908834445492017,0.18168019694840398,0.15056621162094952,0.22576015061224233,0.20846732447861988,0.20890930415349251,0.32066215169879725,0.21737449330702005,0.177421399725053,0.18410945699646505,0.2682299676932088,0.2700615718335655,0.23012201929455467,0.1440755000527073,0.23282332871098002,0.2497003750064453,0.29879319618624667,0.2219525310013813,0.17967594341245458,0.1857407768224446,0.1525574023955644,0.20468845870635147,0.17171892794450097,0.2351454397626091,0.2455855780092567,0.14563088277040973,0.29838790112356234,0.19604024798967498,0.758091233291596,0.17006288731935928,0.30292267200755707,0.25604780430232227,0.12158420220745964,0.29292696172727384,0.22219935844955008,0.29794519670323366,0.23558791042927102,0.2576373904969067,0.27101590069597836,0.19880568615605573,0.2355615167027341,0.13218648251494033,0.23068786464842464,0.2288298090051403,0.1737740296144019,0.14511476527430475,0.24041341718569348,0.31786237234495784,0.19254421840379174,0.16765539798422752,0.16840283389629188,0.2427200051507652,0.20003478154201154,0.29976745798422433,0.23247059942639312,0.22253781427808814,0.16192275714746604,0.17043436659911762,0.19741902655187116,0.2555605726603523,0.2684168274274354,0.288938675706488,0.24066505798088328,0.21802541684034257,0.2354957856216629,0.2813605911570688,0.24766525654389912,0.20991014996112234,0.17191237865548586,0.2842365236336212,0.14197821687587825,0.2705093769399106,0.17004656407062668,0.14908909862925143,0.20915699218210843,0.1662511582311485,1.0,0.2062584917591031,0.17892972604067783,0.21035831143123773,0.3311786840566088,0.24108139452386557,0.159946789315585,0.2299637907406885,0.2300288852905417,0.15245353963842068,0.25649751900328216,0.24411722129729813,0.3417943000475946,0.16553302826371577,0.2596066025077552,0.21789192501969104,0.21040331413103186,0.2597173422289573,0.23245939603386356,0.22419501404608094,0.24191989188983506,0.2762064180491706
0.3014328963155388,0.261154820177996,0.2598680856444965,0.2689178489346527,0.24291236669685354,0.32941644661990305,0.3481611576065805,0.20913274978411447,0.1902863097565609,0.20027686427766486,0.3470742612840481,0.26683125631505966,0.24794377872453283,0.24037721720657962,0.16743726259994396,0.19987458106950168,0.16798597865064152,0.144315876235391,0.2054017712286335,0.1816898076402332,0.1793011509362621,0.17861131576224915,0.1609047300654785,0.3396347056506304,0.3699121300957857,0.31336889336223095,0.24736792799815116,0.19817236536958016,0.24874445401361642,0.21163621768983568,0.25550160708936653,0.6979012209104148,0.3588150392013903,0.14867553610137968,0.23526422407437336,0.23204838021966462,0.09903623184465184,0.4478161492301681,0.35582800103951606,0.2580063836218024,0.15304475346574964,0.4023372297096235,0.3487702647988613,0.14164693563988526,0.1917197858829965,0.16014026242731114,0.24447580430798724,0.3015624133494037,0.27422275249705513,0.1710489102705261,0.5170086891120768,0.2822644348219943,0.2678854558000214,0.2115092981012643,0.26323944130065763,0.22768179623386345,0.21999380316886266,0.15892369865033282,0.4162223422749863,0.3135333703729672,0.24934448490919056,0.2186374249755868,0.18109988490186915,0.20637246492356998,0.1644771883863179,0.17661220985358436,0.278334762273061,0.2373225474976614,0.12519571041745983,0.1536813477308378,0.15910270637635662,0.18039441777640963,0.15950983773770525,0.3768196337477685,0.3066012739972408,0.343378178216379,0.1615297867641212,0.23593396519976845,0.2062584917591031,1.0,0.1835271770495434,0.12260946973170606,0.16257499558098815,0.22730778415052044,0.19366173562904795,0.21409578626788367,0.21449522899414236,0.20545062461285904,0.20935196061132907,0.21688107665429204,0.491331224647681,0.4011912378796343,0.3580150932185393,0.43280074634295496,0.28627680423621504,0.12632341292593463,0.14651167063822307,0.1892825204246292,0.24904203306488573,0.16801107665968662
0.33820239545390157,0.19343608424181966,0.24322046130189945,0.16392650282890675,0.19060913154909528,0.24555903165098866,0.1955818661919795,0.2845382512748739,0.3321224333272222,0.33366661268833475,0.32174321043958076,0.2860391388457018,0.25507218539133175,0.21099667452413254,0.2551665045691925,0.16301473458879176,0.42768891582753343,0.3052177623230239,0.344588729252363,0.3288783283279731,0.24147545762649616,0.23922601941452254,0.28765483788614055,0.5249419913316429,0.219195655958837,0.16111165388108176,0.16228318137444733,0.33314573107937984,0.3014361758149023,0.2571343851421705,0.14452952099214061,0.21828386555027562,0.17500305114064824,0.3933172122565761,0.16261308448428086,0.3887439546936565,0.41193511471957606,0.17233860097881684,0.27545603979214894,0.22251877422678087,0.4111987766817532,0.18744129676511656,0.24554268229016724,0.32053060206423,0.1798927925959925,0.14197900306718936,0.15313944950600542,0.22526707488807812,0.3121477382368623,0.39338340146973877,0.13925557455424234,0.21118236447596106,0.20470972671048382,0.20713464459500905,0.2688633233335424,0.20466251103974342,0.1953517040278002,0.40029192624177057,0.20666150398049093,0.2622615378561108,0.31160020884487005,0.3286701751626695,0.40104590934351414,0.30724779685527154,0.28714917748459884,0.19809660688837255,0.2872416600090104,0.34491760772332924,0.29795536906178927,0.26727626619839845,0.17142002811110493,0.2965372907874141,0.3161067562367157,0.2205492784276494,0.3378094563279801,0.20497280927319167,0.3877882414621546,0.2631068307210828,0.17892972604067783,0.1835271770495434,1.0,0.43243122355781166,0.15823018482525794,0.2915366777267716,0.20654421219654562,0.4705881162410743,0.4485736721546873,0.32523254672147156,0.49255264368807905,0.5277039982092159,0.15397458319047938,0.20930289505404237,0.2816612847720991,0.25116363686293713,0.22881340319807528,0.2048611090298205,0.20276616039374737,0.24015049449970982,0.3575708937641957,0.4833870131709262
0.22156493003800456,0.1998919787281505,0.25408145488356665,0.21436136482647444,0.2659147015578212,0.182053152127588,0.23929295442144397,0.23378567525730765,0.2938114892965815,0.30973331489561057,0.28526796116296027,0.27419069961074316,0.286648106084356,0.2588231451018385,0.19385082672132065,0.19139905900512066,0.39791734782094523,0.3856557175608614,0.37018330719520165,0.3907597509714708,0.22638241509730572,0.20429324744152244,0.19655322514230844,0.2762065990323687,0.2686736842106151,0.17682256679692318,0.22642909412408638,0.19895133385722075,0.19564325349237074,0.13507752135355677,0.19966524754012144,0.17215575131723,0.153441155971432,0.5348728652297713,0.1823179908932673,0.3675594394486557,0.5255927689303601,0.23085385637795938,0.2763763107182312,0.28938105224698574,0.6955417706536748,0.2188648146131699,0.23412998212802427,0.3378599793026217,0.10767087431126024,0.17352110207306481,0.2248373502840043,0.14843614948612288,0.2980312313813891,0.6368309717802202,0.16612451580865298,0.16980730231594282,0.2296482069360803,0.22200159546653006,0.1784098497542399,0.15291984228572536,0.17260417085146898,0.40099106273562307,0.2264436916311934,0.2933113655204597,0.20564149244879654,0.25349383104969064,0.34839295040100937,0.2750610587051034,0.20776008451313413,0.23358418461441516,0.3668536910956618,0.27831138757129836,0.3192996355824437,0.3758427179638782,0.21096814594333235,0.217377378840723,0.2258177431870822,0.2877183287195823,0.17406029040583654,0.27906141231765075,0.24652413284603522,0.14677619933487196,0.21035831143123773,0.12260946973170606,0.43243122355781166,1.0,0.18576504324915216,0.2201271269001437,0.17218668688647956,0.38606227269420634,0.44282227561989246,0.2529422362944301,0.5748525119085918,0.42791804147661333,0.20528878878716955,0.2122569879041222,0.33675756795995826,0.18793323208572157,0.20293982839985827,0.37523993837580766,0.23414499130504438,0.26922396310980157,0.3835419655490652,0.6487034359853426
0.16643852221710081,0.19745372640168704,0.14377083687291678,0.23029246783183893,0.22760873047223115,0.2167789198967788,0.21713133478385327,0.1687747845707962,0.2362864566691351,0.18287657427843537,0.17341749463136033,0.19657309171249784,0.18299515089027513,0.14898330643215332,0.17784861372725608,0.2009832734492766,0.15891186745717303,0.1796196913864262,0.14819764558076268,0.16834942032001948,0.182829912182957,0.17333687618098692,0.180459634829726,0.18106140467796078,0.16767405888225959,0.24589088927027722,0.19858195236794632,0.2971827463088322,0.16694091284048374,0.2908569532125649,0.2859422305601277,0.17170511830516172,0.12817828621443692,0.17026996205475042,0.284086075216057,0.2202542425373603,0.1563625029058798,0.18382199774104183,0.24422121376774517,0.23221582248661915,0.20134534144395985,0.2163609027612503,0.40844778235280416,0.33481534078467845,0.19726977796738332,0.27084357357861594,0.24099351693050802,0.20526379295603345,0.1920490068741087,0.19955628352744825,0.14778207129870327,0.14252760682681725,0.2042590774789626,0.2828970245169111,0.2524453197840452,0.18662423802037664,0.17460679668537005,0.24165534137562372,0.18603821273591872,0.20722668545452816,0.23023994145706023,0.16677171971408142,0.11883475563969528,0.1631304228656521,0.12673825842088612,0.16679715497216083,0.19786366435916825,0.1582133005951448,0.19571339943039692,0.1661535316215269,0.21874016368223137,0.30372467593061697,0.14461409771395106,0.23772556152436353,0.1958593574961557,0.21316557695878932,0.13443036623335203,0.2199518997327947,0.3311786840566088,0.16257499558098815,0.15823018482525794,0.18576504324915216,1.0,0.3700028139407284,0.23980659212431393,0.2357449100278054,0.17908777158107178,0.3385297997921423,0.22289860617876328,0.22745357162035076,0.1703434952368056,0.1657401528715652,0.21359336400164255,0.18744559531388016,0.2804318861154138,0.5617624690255762,0.2745559409301519,0.2188997523843243,0.1856550997452321,0.2283824887516576
0.13103492873633402,0.21361659942549974,0.1640967237969398,0.17611434220132108,0.1824245486782429,0.20668953835262271,0.18621235178028248,0.24042748233719283,0.21583206301828894,0.19934012792373848,0.16816414794595672,0.19171658707337685,0.2161827277136383,0.20427152637040522,0.22716364250336618,0.26136137844817275,0.2361404401976513,0.18160855408807325,0.16794708228219524,0.1459915006975832,0.14731339983288425,0.24909103907928043,0.16538506899855157,0.2503460630150976,0.16091587894548304,0.22853166342067285,0.3043459083797704,0.3362872353247176,0.193358025327423,0.2558122293666504,0.1672279364015524,0.25199392617703176,0.20316033841170522,0.16607876373180275,0.37902192661264134,0.14638834002188503,0.16238373866365557,0.22963262377985635,0.25877074925407767,0.20345583388085117,0.21691673958458296,0.2029346330768081,0.2871282539893876,0.15095829526443302,0.1108447909993307,0.2282012483357741,0.19017606992847053,0.12647370867797525,0.1743734417708521,0.19259274501596926,0.15558408670194399,0.17666232092926812,0.19042073945824647,0.18332799735689634,0.268701812731677,0.201985693852338,0.2156361226501139,0.20743451931641219,0.21377841078331147,0.2158343440807522,0.22190406706207935,0.16209409848054418,0.22643985133253008,0.24770857920232056,0.15614864368377915,0.21448449898265085,0.18969269162094812,0.18346342168581536,0.17577011799331108,0.15990815586267823,0.1287349507462282,0.24606154113908946,0.13850017576673562,0.1844591949359112,0.30258221407128594,0.22570290065707982,0.20028237563228468,0.26635554756676094,0.24108139452386557,0.22730778415052044,0.2915366777267716,0.2201271269001437,0.3700028139407284,1.0,0.33239703557878697,0.2935590218076111,0.21210330326094606,0.2916499942763726,0.1793544207334494,0.19973613588087433,0.25425132810909956,0.2147992255436141,0.1958101817371545,0.18231118628933085,0.29536888664076477,0.2099092620478671,0.23478769288807286,0.15212545277998746,0.15626316057829354,0.1542019274167892
0.15918932109336245,0.15348137611586007,0.2351551577236877,0.16140853824699733,0.1625024067314918,0.2652541582796726,0.2112780660797928,0.2195459742443388,0.15332325424654505,0.1692221616137244,0.13933350729280952,0.1786124707471311,0.21153881410166345,0.22673443243627112,0.2564786556222581,0.12656277526633705,0.20644301258264605,0.15975341789871253,0.19660437645892972,0.10220953735809873,0.17500656335072545,0.3613374323545948,0.20985659678367732,0.21586848113601675,0.22425991872217266,0.21881699914766117,0.5640069639674509,0.5160030027935598,0.1822150503588788,0.2431054003893471,0.18955646985952523,0.23811411267682686,0.1792478304716426,0.17733757328162067,0.3733569207932554,0.13969013678093936,0.15149512750686864,0.17148976759753987,0.1428305611660372,0.19112347561096016,0.16889861678957843,0.1720803612474554,0.2440157492733313,0.199259072566746,0.27683891887726686,0.3205275554333155,0.22404884006430684,0.1843142583744709,0.12716253606656097,0.1180539255083357,0.18974739590273326,0.1744568178623348,0.2392397499479975,0.16649774926511146,0.28651020289200163,0.25516285810347816,0.17440889861596515,0.18461358526849517,0.2548390010157652,0.16942775623047576,0.20234213341363078,0.1772113423365519,0.1529108242528832,0.1604251587638346,0.14676471301731,0.26439382471193074,0.18973033070381567,0.17636593340387827,0.20740516878590348,0.14678666831789927,0.155095129070752,0.2338707485973672,0.23294710633319926,0.19565919155080277,0.162028013125361,0.2484134937781562,0.17837493089769688,0.2964059606071029,0.159946789315585,0.19366173562904795,0.20654421219654562,0.17218668688647956,0.23980659212431393,0.33239703557878697,1.0,0.4470536543847538,0.17925681105032276,0.42434393304013956,0.11566196582730645,0.202556800632812,0.2236097239662314,0.15542879989237585,0.18036799829640457,0.17870381056811005,0.26417892831274153,0.29076952457201183,0.4602049345699573,0.32473642660072805,0.1089730560443423,0.15070065521023518
0.1886041048869313,0.21669607775633748,0.22937662888549634,0.14401573387378522,0.1957851583641756,0.2670444010859191,0.24794679569819852,0.3037023872275121,0.27746304794625537,0.30123286707810903,0.23061466444380702,0.21727593237693285,0.2613367929499895,0.19591181384159037,0.2808278918867665,0.11650527756592993,0.2696769730454697,0.19018094902801397,0.26234459439049834,0.19762957809306492,0.2737482998329886,0.4063502208284982,0.2658246733961468,0.4732404983329338,0.13888364466957911,0.1811258856374402,0.24297839762644619,0.39687885477482593,0.25454328755297123,0.2871802428904381,0.2957843993148321,0.19518114564642505,0.23404805738877296,0.30583288589683977,0.27553219069371987,0.29698021526991725,0.38312147029153737,0.190062902258458,0.2991087510601968,0.3005884763226017,0.53719216857927,0.2869926298607486,0.35904052080374577,0.26371562872657384,0.1511396966612693,0.1914072784544619,0.30888688641295525,0.19399686951420592,0.20415539092730622,0.3783543831108212,0.14434295154117704,0.22277349218820597,0.22115554173392563,0.20795456402085288,0.4152814934050678,0.2332032594995444,0.19975547117041909,0.38962792072358604,0.22069333557876894,0.23542751821436372,0.24605381208391294,0.19497243359958488,0.22989357224639417,0.21439253415965162,0.1629886015026456,0.240491218435434,0.33174765591779354,0.2148741860971255,0.18223448992280303,0.16791947031038157,0.13339048261947256,0.3142456423181677,0.24808765337837577,0.35033599966601897,0.2739974107944312,0.18931073326038309,0.3264660418296081,0.3035390102771561,0.2299637907406885,0.21409578626788367,0.4705881162410743,0.38606227269420634,0.2357449100278054,0.2935590218076111,0.4470536543847538,1.0,0.34104795427578827,0.42069260422771754,0.35172829408938333,0.6048433983186497,0.21061971884865158,0.1096546790301921,0.38660220795343214,0.19833254492672314,0.3316988559718686,0.2302427426958129,0.3705953011765128,0.31188561210035753,0.20862402372864078,0.4618198570801097
0.1938511607145391,0.2228650887383868,0.1920698633159546,0.2034474591222683,0.26466661537956676,0.21911802368783578,0.16373155019905833,0.1785333030763421,0.25034826276408484,0.22454376408623714,0.21042105433125102,0.1757386881251309,0.34728220076193667,0.21265460965951383,0.14416789803619434,0.17477908496635194,0.33225400456014453,0.1880986063705352,0.2600679794038615,0.2602310730458315,0.19210381728125378,0.26937810170753806,0.2572975465564674,0.24987282975601346,0.20812957715575425,0.16723824548249266,0.269213805006497,0.2923265871941912,0.313812308924243,0.2491306488653207,0.19012857070062683,0.19547159114745277,0.27651567192143045,0.32586832888665174,0.2084792432386001,0.27755697169016585,0.7145943951166687,0.22153149603594854,0.33955855734628027,0.1864449676529355,0.4334163665202122,0.19758842442086852,0.2629009587200126,0.32696529019488124,0.15175133292196186,0.1646346568157637,0.2935321850795774,0.27550711706797965,0.31911888005836436,0.44784081877600124,0.21415604103823635,0.18609271739917768,0.22979416222300486,0.1974412255114166,0.21712313135960812,0.19295353093015158,0.1784848793588812,0.2813560039977115,0.21975019430091347,0.17651573906575269,0.1814321762110693,0.30019083257690465,0.2983166924943276,0.2462041106685538,0.18800789846259697,0.1859841729341105,0.16057546753767482,0.2286074459156514,0.18772191081305706,0.1196117176576515,0.12169695399486487,0.24819991988215026,0.21732503593751673,0.1781223577250446,0.12293192067376353,0.21045989751249305,0.32826006249115186,0.17659452342204562,0.2300288852905417,0.21449522899414236,0.4485736721546873,0.44282227561989246,0.17908777158107178,0.21210330326094606,0.17925681105032276,0.34104795427578827,0.9999999999999999,0.31348945134979983,0.4213304177269205,0.3317986431150319,0.28366895566010436,0.2203533719409047,0.37848881675839846,0.2406777969626572,0.20079020777464338,0.2828526773013995,0.2697383227803439,0.34338159249674827,0.28568820188076893,0.5087050833034433
0.16388011401110508,0.19592844244912389,0.20332462300817902,0.1893561523332815,0.17801626688632813,0.3172585861792789,0.20721530662534307,0.19458304280387573,0.15183940170865468,0.24437924893959956,0.2669700327389848,0.17302196080635002,0.19542220461286264,0.2112867799139864,0.199204676049996,0.13379318185938957,0.20206849819193692,0.2346266431095163,0.17099925329297633,0.12650215700048942,0.30695208079810327,0.249893129969151,0.31939504384282114,0.23248008278103222,0.22310451239368412,0.29253622182026573,0.2934497049105795,0.7642469587800553,0.1239549731456535,0.3521510397238052,0.1418685735761681,0.18723508464312114,0.18329069539663345,0.2132404439356587,0.3812142477487847,0.2142216084793889,0.2685081130367905,0.28684658636129795,0.2774539557021122,0.28588612276418474,0.24467992214470513,0.2533348336752035,0.44827615898246903,0.4329037746063867,0.270407662450398,0.33097198317933674,0.20192163478715724,0.25228113176109895,0.20917375711785077,0.1712282547153414,0.13380012608040276,0.14286838373177288,0.29517423503110746,0.2532031870099868,0.33289834637412213,0.2447861277661849,0.14748883476193891,0.1981237820836679,0.2447682631952851,0.2483387046113714,0.28358124801963613,0.17952571160916103,0.12502915870667033,0.14099131236179047,0.15775284399730738,0.2209140878318033,0.22596950152350959,0.17505788786093343,0.20801747504583612,0.19661123805716282,0.21927511374424344,0.22598137165423593,0.2959473572385004,0.25843739331049614,0.11376492160431596,0.3112920710979714,0.2547491530817685,0.4192838889705268,0.15245353963842068,0.20545062461285904,0.32523254672147156,0.2529422362944301,0.3385297997921423,0.2916499942763726,0.42434393304013956,0.42069260422771754,0.31348945134979983,1.0,0.27362865235550027,0.28673262722828285,0.1620940670252572,0.1934377538777364,0.3025682947864623,0.3687814648027665,0.340129918144524,0.399918934958316,0.5598173600687564,0.33204790150580465,0.21165363844252877,0.2625052538032644
0.272968563017189,0.29382902166260716,0.29217696381563885,0.2474847975995254,0.31777413353810574,0.38546545433610924,0.37286252597571723,0.35288746446052677,0.5053901914486684,0.4924443098968802,0.49884998527552193,0.5234113899256078,0.4068490599614847,0.25198875363069545,0.16921883634362625,0.21567736019683661,0.4331504735197186,0.4004836779654922,0.4045581788894411,0.5119800573249443,0.23459537960881935,0.23128692411453752,0.17460611454019656,0.4875574754310914,0.27905071804957987,0.2657068200726114,0.141254394830215,0.2303678427163794,0.3504563092517713,0.20028647018637777,0.2784709033525929,0.23669856684747306,0.20146906478364304,0.4883007302536392,0.14733197866276346,0.8003684122505217,0.4932240045931468,0.31585977886558925,0.3145061029214799,0.39401383068998896,0.629505549008089,0.27462170269497366,0.3121082192689929,0.30094872670131473,0.13710545981796818,0.1790037532774006,0.15062170801631555,0.14838926245376702,0.5605442292975958,0.6385075389683194,0.20983935375115137,0.24628150423478734,0.24171820879785655,0.27187110168500167,0.3205383488151511,0.26694792604538853,0.23220377546480467,0.6510850645764648,0.3199625250675668,0.4647880253920728,0.4418289773694187,0.39730797419621633,0.44629816940686623,0.391188456221035,0.2659485458288949,0.15329597824078398,0.5113515246972214,0.363802776575883,0.2929747669593108,0.3588770922427771,0.15254173692677836,0.31636203489837356,0.23583303631323457,0.4144007880218313,0.29349217635440966,0.2535678471564018,0.3904202325898238,0.20009948940556524,0.25649751900328216,0.20935196061132907,0.49255264368807905,0.5748525119085918,0.22289860617876328,0.1793544207334494,0.11566196582730645,0.35172829408938333,0.4213304177269205,0.27362865235550027,1.0,0.5459419866012056,0.23390357994257674,0.17858187473519102,0.37999856157380807,0.2529610092940926,0.2687796317270582,0.30737816090628206,0.18692979924465403,0.28018372655850887,0.6210232826460218,0.6988867835100234
0.3038356331470686,0.16316918085161966,0.22360077527021383,0.14525591251895256,0.18280635107830123,0.27098311901260447,0.21966741826150482,0.2650399589754406,0.3548501810759078,0.46024489388664386,0.3774800973755973,0.2848036209690615,0.20546403620290757,0.1570614056170654,0.21417493332056955,0.15244890294646044,0.21460584645956884,0.1978829769124733,0.24460529389371133,0.2281311714454798,0.1983145069174525,0.24773864908207255,0.20092406132257712,0.6262041857792416,0.23444354315952512,0.18140008386457915,0.15110313673271059,0.21751626839603663,0.2547990859731681,0.19951177444550366,0.3422747670805368,0.22985269325628593,0.24050518827221284,0.3820770116157307,0.10634037191878437,0.44154913934531315,0.43141115705224,0.248640463508819,0.29221122771114433,0.3497999963496133,0.6765337905829217,0.23209316021547313,0.3393142205864334,0.22408008147859218,0.21833925414528313,0.12264761463802308,0.1842380327992854,0.1295747899756601,0.24776807655703523,0.6225682499194874,0.17804877229914015,0.18405245256958722,0.15760078035000077,0.16136721420636352,0.3389021070543221,0.21160928143780514,0.153491254746053,0.44256474729946155,0.2746055852019229,0.33792571562681056,0.3632900298693997,0.23019391545450585,0.2143584631013067,0.19313438688442872,0.14841124126895847,0.16940482339927015,0.41204082451873025,0.23866432151570585,0.20998353470963113,0.18253123999422488,0.13789563704038582,0.28985509865654974,0.2535871472700425,0.45478294549785914,0.24965642107434569,0.21535349440909587,0.3659896184400269,0.17977412221486713,0.24411722129729813,0.21688107665429204,0.5277039982092159,0.42791804147661333,0.22745357162035076,0.19973613588087433,0.202556800632812,0.6048433983186497,0.3317986431150319,0.28673262722828285,0.5459419866012056,0.9999999999999997,0.20041299398719756,0.16721710638868859,0.38831087261747965,0.18206178244354299,0.3310752901462073,0.22211671168037445,0.23490743385296423,0.2121571872287501,0.3172122110263151,0.64021012822658
0.27647040062295963,0.26773031298877625,0.28911075440257167,0.2908431699249048,0.2747814125337235,0.27264619119705336,0.37222890220645427,0.23773720353416752,0.32370648407152186,0.28753183980492275,0.28278308078605735,0.2559831335192234,0.32062742429833035,0.3408776280135474,0.26820810036128284,0.30070479028012836,0.19772140987413242,0.19796424125755024,0.19418234813304014,0.21273278372452634,0.21712345160335214,0.24840594280636047,0.21125922779966644,0.2380815383258391,0.25574156478123244,0.21120285301725072,0.3038369786580418,0.16355629553389214,0.3111733396085446,0.22348329065917977,0.3512114511763388,0.4283240803737513,0.5417248621291147,0.1981240176818566,0.21400803491551978,0.2278600565460135,0.19559483253875365,0.5673476751204531,0.5062608087343633,0.2818462982600003,0.29580323649715906,0.3288214710031744,0.38541872387766263,0.11324863991227063,0.12217119769015022,0.20044639707410575,0.29708863622837506,0.2838127423309098,0.2713404404821154,0.28292269184791874,0.5526465153544359,0.32298203168536577,0.3619252585083144,0.18140834627522706,0.2691026848475881,0.25222127889190915,0.24943221982634894,0.22326967525083266,0.42256579385354426,0.24057077787794554,0.25883869929211883,0.2579608038562648,0.22093879615224996,0.2700173857212507,0.20821105714170637,0.28231555063226216,0.29955654442015306,0.2023664479754195,0.19563620553441538,0.14986165169060883,0.18163667413368123,0.18977010805955008,0.13042693024107607,0.33459435092848794,0.2205022682980427,0.1953821088534632,0.2521096462574109,0.1829056260922739,0.3417943000475946,0.491331224647681,0.15397458319047938,0.20528878878716955,0.1703434952368056,0.25425132810909956,0.2236097239662314,0.21061971884865158,0.28366895566010436,0.1620940670252572,0.23390357994257674,0.20041299398719756,1.0,0.36899651986228227,0.4624424963933142,0.3917995980430222,0.24205455598482653,0.12214549182753856,0.17909687676140426,0.2705424695844546,0.208625564005568,0.23696048233044542
0.39542509735710374,0.1725823083028131,0.2896900365351284,0.15835923286890696,0.23081597545866012,0.16350544314974502,0.2651952755253375,0.12178255736312218,0.14710665422349536,0.18029483978996727,0.2868615181797987,0.20959689616323962,0.16841107348392176,0.10652139793655069,0.1639477332952124,0.18446624610228787,0.14272584625710355,0.20668191498243096,0.1514028293923235,0.22253466812207598,0.24186419517135233,0.10763276128680813,0.23011457970424423,0.27065703628464255,0.6199260041990916,0.2362067952553638,0.2134261558288665,0.17845242528532584,0.1674344117532264,0.17273217415605033,0.18804989639950365,0.5374302964263658,0.39475695867835503,0.1857983128910572,0.23198309780425164,0.14366878827547924,0.11886989109252986,0.6499009159970889,0.43668300148078054,0.34889787426335894,0.1612795053358277,0.4003125028143056,0.2303562851716832,0.13707280219999793,0.1519584764121766,0.18047736194576072,0.17125783754316337,0.2357952806934584,0.18176698267445787,0.19745855137114776,0.3188688591216816,0.18490247053678058,0.1764828084035143,0.22473236298743238,0.18797360030836707,0.17610383763564427,0.14952709319204885,0.13674336994192,0.45858321745370084,0.26507300024632746,0.19366116510504638,0.104426586722207,0.13451902768937005,0.11420563315153492,0.20483215464450516,0.19267002593070642,0.2286603819980176,0.23195385092055548,0.2261631896931258,0.2962601096773816,0.3267629022295312,0.185287980947811,0.18171010228861598,0.3473292049963348,0.29790972837444857,0.35889024240461576,0.12016688145766724,0.1440391211918858,0.16553302826371577,0.4011912378796343,0.20930289505404237,0.2122569879041222,0.1657401528715652,0.2147992255436141,0.15542879989237585,0.1096546790301921,0.2203533719409047,0.1934377538777364,0.17858187473519102,0.16721710638868859,0.36899651986228227,1.0,0.4153868557916793,0.5465186187728307,0.1735414866484123,0.1967884647993367,0.21876139247714865,0.1379496813945126,0.20525391934863532,0.13092449055075245
0.14431985259508648,0.3059828578433111,0.28646248381093325,0.27226330917778446,0.35461053897096917,0.3810152076171991,0.3743999829704385,0.31739205450870517,0.39638781511372423,0.32501841991059344,0.39750426558994767,0.3496658759796244,0.33236128440657386,0.26049899332944454,0.22742307653260443,0.22968769257086227,0.2611367905533159,0.23983606029726856,0.2172775939374744,0.271848859315395,0.3635101547007908,0.15448915342197136,0.2905873655971369,0.3568108854995877,0.27734456875091174,0.18177690944929986,0.1994006123603203,0.24094219546870668,0.2345643685806482,0.2791089728249487,0.27591765472096047,0.2993471352215122,0.4903473390245928,0.257450391506361,0.17083814763106503,0.3530356295086902,0.32421908445539066,0.5332540634304009,0.8097464799516452,0.460789973987004,0.4414280293139548,0.3162585973179159,0.4408889374815588,0.1641989600633928,0.14061467035916053,0.16846992678449715,0.1864963909560406,0.2256904992257664,0.3510961859853484,0.30373798208194974,0.332383043647799,0.30847096929450996,0.24454371980874853,0.2630650057907231,0.45442036501462285,0.37740894277058723,0.23834354692047122,0.37500308003796684,0.45189795738280786,0.34356912931023215,0.3863497971830497,0.29244291662303085,0.20419371165018677,0.27088972605288253,0.25285152663859484,0.265880053023001,0.43191242085858106,0.23321445728826545,0.22239603530314386,0.21958391400399388,0.29834006277104486,0.20940379644009344,0.2249501558687309,0.648163325222951,0.27228764999680527,0.21398790930514835,0.2480077061792908,0.23478617356641077,0.2596066025077552,0.3580150932185393,0.2816612847720991,0.33675756795995826,0.21359336400164255,0.1958101817371545,0.18036799829640457,0.38660220795343214,0.37848881675839846,0.3025682947864623,0.37999856157380807,0.38831087261747965,0.4624424963933142,0.4153868557916793,0.9999999999999999,0.45391932214258646,0.2651217907335033,0.17496472055278833,0.29142336916940725,0.2607510626342553,0.31882323293016196,0.380227811654367
0.3472771368400976,0.23537112035134627,0.3579026252645817,0.22193520091122163,0.33147807630565745,0.3483325940611365,0.38087226648444306,0.23568574574650314,0.18481180982102519,0.23579619997799445,0.37877843348556905,0.2416157187610538,0.18745327400978598,0.2083164977299214,0.2529467456470858,0.15265660519303295,0.19652947751090077,0.2891855457522532,0.21859373047666902,0.270678736269504,0.34757570816063976,0.15773382938414046,0.2728009711756823,0.3036913237415687,0.5904464743103544,0.38507318441432015,0.19493961636327783,0.33218269850243964,0.22208428351211293,0.2380212250993797,0.23249496559879954,0.4611613882422904,0.4522866223923229,0.24726143594631872,0.23557527624818508,0.21844479545892576,0.20175988538225362,0.6428307433267701,0.4436821303623424,0.4421266975486064,0.1993932129478659,0.5876555507817935,0.38428651130564995,0.2091188366565136,0.16923150032056294,0.20115750749324968,0.20893150358885393,0.36528210401309813,0.2528385537963063,0.15507368898795731,0.3906186917115363,0.27208987287767805,0.20808781943163399,0.24298585460939917,0.3491427747378532,0.28671933560627105,0.1971094613902471,0.19578141624091572,0.5488139129540994,0.3951462604292406,0.2573048039438406,0.15989098552446948,0.1443788902195687,0.1453130778448646,0.2603686285624184,0.29669546400807745,0.3125076120812502,0.2681320269154095,0.2833358226049891,0.29429624990777753,0.3354868144005047,0.2313409855151205,0.24493061197316301,0.4361325658186287,0.2533913762708782,0.5059451758167857,0.17550344237369703,0.2276834382426621,0.21789192501969104,0.43280074634295496,0.25116363686293713,0.18793323208572157,0.18744559531388016,0.18231118628933085,0.17870381056811005,0.19833254492672314,0.2406777969626572,0.3687814648027665,0.2529610092940926,0.18206178244354299,0.3917995980430222,0.5465186187728307,0.45391932214258646,1.0,0.3761486843993363,0.20861950972422208,0.25546289516108245,0.21551999303384548,0.26594905879727454,0.16429293193727423
0.1772277123263471,0.19731889666300081,0.1663454116406451,0.23499981543292509,0.2845724185167415,0.4175201678972806,0.39111911067623434,0.36308655172970256,0.2828532185702521,0.36788704961259744,0.4363790978706668,0.3471287638760927,0.25644465141021316,0.2215636813549272,0.17384405851081336,0.15044503826618513,0.25906714316159807,0.22085091365195267,0.2636900372406127,0.17946277658237414,0.20097853090556106,0.29567627668895985,0.23385063795765487,0.3769312159371794,0.28538542363660524,0.53245505679425,0.17779594584784778,0.3860159486709862,0.16746519952348216,0.37278666691507484,0.25350942298738327,0.24328279092797403,0.2417662424014573,0.25639602220568775,0.18742845234790179,0.2875977003349455,0.24786268329608022,0.2982475674861114,0.27259861687160303,0.37765862354765994,0.28686368556754915,0.4018758947138062,0.534722799422637,0.18058937510687237,0.17329092896185672,0.12252539591843853,0.2012123512635749,0.14906582011081718,0.18705571820115804,0.18416507313431624,0.24612412535967498,0.23555034665921656,0.24900967544418307,0.21125051868302466,0.45818559485962695,0.23825393380365387,0.24454203208787134,0.3570396956646978,0.4329812864140285,0.3973012397694026,0.46226619440170635,0.25753154375527154,0.17135153307179818,0.18976596475302457,0.142799636491771,0.17185718327851326,0.33264072684674567,0.17651605895723066,0.17447224856044946,0.16462783443849494,0.19090764899944207,0.31223947161514254,0.264041150113881,0.37642530987438877,0.31280496027419064,0.4754478892301848,0.2686124501486776,0.36249631216661465,0.21040331413103186,0.28627680423621504,0.22881340319807528,0.20293982839985827,0.2804318861154138,0.29536888664076477,0.26417892831274153,0.3316988559718686,0.20079020777464338,0.340129918144524,0.2687796317270582,0.3310752901462073,0.24205455598482653,0.1735414866484123,0.2651217907335033,0.3761486843993363,0.9999999999999999,0.20840046835012724,0.18759595248042238,0.15967534483822227,0.22317033923607987,0.22706172309170458
0.19069778186404143,0.16234214456148227,0.2492728810264631,0.15317927487757874,0.14866981946754654,0.16878759473123434,0.13862923820559644,0.16777342206401474,0.12164993751811963,0.1706692031958282,0.13684411424172882,0.14219929846694274,0.20153745152588715,0.13099652562948744,0.18980374498453265,0.13318707031735974,0.24184900892326444,0.2066710627594609,0.19216177659116762,0.1628382509465252,0.21911432971920644,0.16338365340515812,0.2208986878047133,0.16855338898170757,0.24418606895080117,0.19806873847265627,0.27737567759732656,0.3220720664033053,0.1237687322169136,0.21120252267081405,0.23043549875043912,0.160312448872727,0.15479776358829414,0.19545187600634503,0.3342117626654433,0.2709163528607627,0.30453224354849817,0.19987347081340093,0.16013001362494175,0.21461104286131344,0.27765902209883875,0.15664254163271074,0.295849083065106,0.6258005210777801,0.19041319236711934,0.3973330808592563,0.3014590963349897,0.2716492851502768,0.268649805005274,0.3082940119136321,0.12874125864133756,0.15003630939902673,0.13612929972163035,0.14138561816088294,0.1886183076710996,0.2227729600212597,0.18488724898031073,0.1743906082818597,0.16053447096261647,0.18368440144970377,0.1426084637063195,0.1313339846815622,0.18164918965896315,0.18134017383270948,0.15279739376809753,0.1973099112772898,0.1575401193086245,0.19643500561230287,0.18631991928917688,0.1867411741615754,0.23321459253407617,0.18462942409012698,0.22688368123146094,0.20070850108936558,0.12987780067944107,0.2622484552750603,0.14530223997512268,0.1854925316745264,0.2597173422289573,0.12632341292593463,0.2048611090298205,0.37523993837580766,0.5617624690255762,0.2099092620478671,0.29076952457201183,0.2302427426958129,0.2828526773013995,0.399918934958316,0.30737816090628206,0.22211671168037445,0.12214549182753856,0.1967884647993367,0.17496472055278833,0.20861950972422208,0.20840046835012724,0.9999999999999999,0.3871070533620021,0.4358775334490186,0.28827629002295746,0.3269501841080811
0.11320158183306374,0.20089615719652834,0.19934019165534622,0.20720750104432908,0.20645532889501386,0.20844582898325295,0.15855151339503973,0.17658775675290342,0.13477698108292682,0.18285869895712983,0.1274070661503087,0.10359998581780715,0.20404697579247583,0.2406646832959338,0.24872610745359736,0.16082435203740966,0.20482280808215836,0.28674768094038,0.19238291603861501,0.18845118653260384,0.32821049691598086,0.23567366171586962,0.21842376810190545,0.18991405285302684,0.18399356855272844,0.13949032548995421,0.4796471816099103,0.49815791328736203,0.13227766575444458,0.22205769039928092,0.18756701937658488,0.11334727569740764,0.19466003448416477,0.24372080957843045,0.34672088367715437,0.141791217296521,0.2362638848543853,0.2234994176382566,0.2516819353013671,0.2343087332728842,0.2361978596317871,0.16944672376167458,0.26832046528154785,0.34207614286157534,0.2638232435585325,0.6315239278010361,0.298022386682777,0.2854946986147661,0.14791652072671455,0.1985375748090496,0.17339668004311268,0.11534778218637269,0.29301868083334115,0.28520255734235567,0.26846974195416085,0.23683872375841372,0.16976179589893525,0.1534224322859078,0.14196213298393107,0.18600682420961984,0.18367678619559563,0.16327495330492175,0.17739590764069174,0.1718170399650024,0.16249050924938227,0.28303221420572094,0.18111249477826238,0.21138617891915548,0.29985202562076735,0.2529686848056306,0.27618120364978205,0.2070802212786298,0.19700674163131282,0.24965000805090387,0.17888180248721405,0.1867262901209395,0.16148762527619753,0.20500253239917157,0.23245939603386356,0.14651167063822307,0.20276616039374737,0.23414499130504438,0.2745559409301519,0.23478769288807286,0.4602049345699573,0.3705953011765128,0.2697383227803439,0.5598173600687564,0.18692979924465403,0.23490743385296423,0.17909687676140426,0.21876139247714865,0.29142336916940725,0.25546289516108245,0.18759595248042238,0.3871070533620021,0.9999999999999999,0.5173650686404094,0.1354865003914788,0.25248886241648444
0.16051693200678385,0.2501965570512559,0.21065616172450313,0.20859205754528734,0.19020616958100348,0.1854525524368597,0.20976046227618692,0.21010538885468205,0.16314038744342457,0.1965810749986704,0.16144686172305567,0.2011840107391969,0.21854330644661046,0.21201302882834255,0.21445087102295324,0.15715371958006372,0.30116642417737544,0.17268464157350102,0.20496416551589086,0.2130578849839777,0.20751395262175445,0.23875390756467052,0.25624631377022367,0.18218857760766166,0.14423587897548942,0.13480022888207172,0.4251405020166507,0.27125210944748224,0.21638623935856185,0.1971005917777381,0.21928679856307456,0.1467772869196684,0.1900444173927895,0.16845379180513348,0.2932626880453782,0.23887837727848749,0.31968335466570763,0.21398091513484796,0.276967408516956,0.19581803011645835,0.28309665552602636,0.22146310460237045,0.23498109537864864,0.4699159898391253,0.2306929495050272,0.526485046150108,0.5701311855508588,0.5401491115663428,0.27697131387628077,0.2737174984245685,0.22116653679515547,0.18855099669619382,0.24187326286919794,0.189926189474683,0.17838426186797685,0.20353375879016913,0.20554642006953242,0.16599282313548427,0.13256084896112466,0.12724244548860944,0.1427116769343543,0.17014735240262044,0.17131657720891152,0.18777352317742646,0.1592743308476239,0.20242032643676477,0.20371742802393386,0.18295955881782316,0.18504417291643638,0.14887695195345502,0.13360997572047262,0.14707222592240515,0.2339443201649298,0.20664126811042594,0.20711619162823594,0.12266148312593866,0.2146715299866668,0.15452366133950587,0.22419501404608094,0.1892825204246292,0.24015049449970982,0.26922396310980157,0.2188997523843243,0.15212545277998746,0.32473642660072805,0.31188561210035753,0.34338159249674827,0.33204790150580465,0.28018372655850887,0.2121571872287501,0.2705424695844546,0.1379496813945126,0.2607510626342553,0.21551999303384548,0.15967534483822227,0.4358775334490186,0.5173650686404094,1.0,0.27951997835422115,0.3299107802766683
0.2551665984001892,0.2798022035563134,0.2645129425491681,0.24852230531896274,0.22706904982925225,0.30901915110641076,0.408671547627199,0.451510688093623,0.33152704933975236,0.28994308411860303,0.4240020135095001,0.39485634025071553,0.37904572628663247,0.28602552871148335,0.15148566767200303,0.25651068701166313,0.39394747998447643,0.40538277360426905,0.3333526346937574,0.43455213697647094,0.18510241867049954,0.14939197627988984,0.1839988494207727,0.2772660124329402,0.30375945896866563,0.22349772109238472,0.1190280306157814,0.1546956708374898,0.19742959768439097,0.1652956070479505,0.2057901363434559,0.25658092729801396,0.18831926532207655,0.3317041381388448,0.1138712898113877,0.6751414993911937,0.32323515338327735,0.2941572634370904,0.275550206491764,0.37723421880814945,0.36810508805257597,0.25468734073028815,0.20592348003963096,0.30680359043676275,0.15907143264740972,0.1860437505504708,0.15220578313149447,0.18663599060387032,0.7979038598185955,0.46714239549339337,0.19493394590064952,0.3057203859522774,0.2597559132311323,0.23894602700377063,0.24408341119220964,0.29140711366545163,0.3842413652889227,0.4427977835776481,0.2782369916396107,0.3601334334506243,0.37047145646023844,0.36956595427381056,0.41062374493169257,0.3794927896623939,0.265562370223064,0.14819472592958147,0.533801194575426,0.2813023828628081,0.1954115289250042,0.3817465653547979,0.1673547740844247,0.2021509646059797,0.2772127695149811,0.3194109970747927,0.2503657110102574,0.2550744551189677,0.2534773122789888,0.1622700751570832,0.24191989188983506,0.24904203306488573,0.3575708937641957,0.3835419655490652,0.1856550997452321,0.15626316057829354,0.1089730560443423,0.20862402372864078,0.28568820188076893,0.21165363844252877,0.6210232826460218,0.3172122110263151,0.208625564005568,0.20525391934863532,0.31882323293016196,0.26594905879727454,0.22317033923607987,0.28827629002295746,0.1354865003914788,0.27951997835422115,1.0,0.5378383911370826
0.2502733520481803,0.19584018981882725,0.23221964768101533,0.18785697068830357,0.21607652590347406,0.22566219103097654,0.25609015548620995,0.2659079766538382,0.3419506360580115,0.33972978160228307,0.30192511147010975,0.23330185614072727,0.26490752148930324,0.17682716585303382,0.14205437144490177,0.1488617569334754,0.3339453810648119,0.2705442688025979,0.3635376760862836,0.4036284883017916,0.19897965839254483,0.20163306801060635,0.2067191809739694,0.35440413233693646,0.21920925570806996,0.17162702337159538,0.21246953483525177,0.20227879973348403,0.2743563066596803,0.15232655563462225,0.28034546330452215,0.14856663291241284,0.20664985699888827,0.44058648683803125,0.1301419413338413,0.5324802741181397,0.5498214933763781,0.21377393604012218,0.3092749915473794,0.28069406375453715,0.6948053278301807,0.18792878603668087,0.26417474814181374,0.3680260740756674,0.16333245734496013,0.18094181156547,0.23491491799622377,0.16505751716813197,0.4621926235931265,0.8450594428504687,0.2080276656645786,0.19385356915459392,0.21059801409753529,0.18965715780444595,0.23164733604348797,0.1967534057696124,0.17858024275118276,0.42747818689567685,0.1915073976225029,0.28779635828779443,0.2719133538367421,0.31203499115402195,0.3344547304668932,0.25182713774709303,0.21318601568913265,0.1308107569165909,0.3969701886885344,0.3114459664809554,0.24361791919854167,0.21843795335743402,0.12764628706648173,0.28021530034116393,0.2715927549620978,0.3427427185559159,0.18537452562623324,0.23519657000567645,0.36122164691334485,0.1548706080959381,0.2762064180491706,0.16801107665968662,0.4833870131709262,0.6487034359853426,0.2283824887516576,0.1542019274167892,0.15070065521023518,0.4618198570801097,0.5087050833034433,0.2625052538032644,0.6988867835100234,0.64021012822658,0.23696048233044542,0.13092449055075245,0.380227811654367,0.16429293193727423,0.22706172309170458,0.3269501841080811,0.25248886241648444,0.3299107802766683,0.5378383911370826,1.0
