0,1,2,3,4,5,6,7,8,9,10,11,12,13,14,15,16,17,18,19,20,21,22,23,24,25,26,27,28,29,30,31,32,33,34,35,36,37,38,39,40,41,42,43,44,45,46,47,48,49,50,51,52,53,54,55,56,57,58,59,60,61,62,63,64,65,66,67,68,69,70,71,72,73,74,75,76,77,78,79,80,81,82,83,84,85,86,87,88,89,90,91,92,93,94,95,96,97,98,99
1.0,0.14526760861523227,0.304083061853791,0.1477961226007818,0.21586814960095574,0.1069876196766132,0.11807381049649046,0.11856434307381794,0.12625876485972315,0.2424657898694728,0.18205097172774953,0.14448314774986437,0.24281990321780667,0.13511643781026864,0.219228206421907,0.13582425649918106,0.1370169494779596,0.07898275966531274,0.12517377177778946,0.15830214345905314,0.2421902441972554,0.19306466228457375,0.24476197812255052,0.18301342342319013,0.27301409410999056,0.24537383582003683,0.32530050275717615,0.22862114382988302,0.20192749743193816,0.342777818735822,0.19800672813863204,0.1832183708193743,0.17744936858260565,0.1689679487599372,0.2833993453931942,0.07251638315396933,0.16423119320675753,0.21021592679542275,0.1947771019159209,0.13973979321005037,0.24249198107288394,0.19438605841523038,0.23184436125461014,0.2992758826068699,0.19881730146078164,0.17440276048790979,0.2802207229632978,0.17080334359875865,0.12004083065601923,0.12497019561005433,0.3355284988458599,0.32767483394764835,0.1755517538134746,0.1389150942663034,0.15445101975101005,0.22647258571649115,0.13145232799474255,0.1712974577124098,0.15295634063063893,0.22089007063391455,0.24817546624626438,0.15357943589401685,0.08037569029139267,0.07310800432552911,0.11914022420256457,0.21023463328869102,0.24237810060336948,0.19392672611872527,0.14681095705830927,0.12133886276341155,0.17993098450734524,0.18394963656457508,0.11018813847765928,0.18148976011598453,0.14800973237906956,0.15120029426496784,0.1529547325587662,0.23717560623242426,0.33042385374223987,0.1802356846193711,0.17466332090929498,0.18558049452653602,0.16206898839226486,0.16618497867356272,0.16163360831321114,0.13038662892015643,0.15866317645118982,0.2843996551236816,0.1713442661589644,0.1944154365556806,0.13538341121180883,0.1865310258408656,0.13203174725183475,0.1666205860168069,0.14050652755384452,0.18286459078807024,0.16647028696989524,0.05111510953911448,0.23425311586154546,0.1921808400358028
0.14526760861523227,1.0,0.31813153961194335,0.3251415960176367,0.5914340233078504,0.5012990755266964,0.35546788785482203,0.3215545860607621,0.3402586243397867,0.26383858321116643,0.20723521521326227,0.19189997860042057,0.160347084677393,0.1935967109126752,0.11456298434749113,0.38078158795425365,0.17639349131761237,0.29857394857458885,0.14390937087333117,0.4254500266225586,0.1890527925289981,0.18673802137897838,0.25511694055142287,0.11977089612674664,0.16616637104762502,0.17675782071396703,0.16807517633121463,0.2416245448113915,0.22065130302016905,0.212416580580297,0.13979158994056926,0.1699991844778908,0.23039882851969468,0.1841577114076608,0.20632372557353104,0.31444782665682114,0.23399159349414797,0.23295086136421134,0.24972180480679182,0.2219479990197099,0.2050257634808149,0.12776011459136175,0.15061388255679237,0.1667511296919627,0.22916730424694165,0.15745714031167518,0.21553777364479396,0.22258940243824638,0.3856999371770514,0.35143337949398545,0.19444736181051198,0.5049585865058844,0.41169922566359896,0.35009493959684357,0.5192901609064784,0.4103787536904183,0.45251779937047254,0.3524919070938897,0.18014718915186925,0.1440021631902098,0.21367508856535455,0.24412298442229044,0.2877087976191085,0.22446005272071512,0.14238586327440983,0.15125344659725332,0.30894347384361853,0.14916079230448276,0.13765353942929906,0.24220439343140768,0.22310773420561653,0.1237077513379796,0.19389253627322983,0.1843455042579881,0.20512896299219946,0.13480540303469718,0.239999188894779,0.1498557128666341,0.1880480007435476,0.18337558746725166,0.14412307003484526,0.11249801104722185,0.169632514042093,0.1604746977635488,0.1214658356274729,0.09955791416546633,0.2020517087750734,0.12727974731235367,0.32269319602545987,0.18209122809907627,0.22880746402226182,0.15292405955166136,0.21434236936957238,0.12616621473407863,0.1907785467590025,0.20899734335564568,0.156551341978826,0.16547782146884152,0.2881790278552805,0.2899400912731205
0.304083061853791,0.31813153961194335,1.0,0.13305001512412856,0.2987530459357724,0.3446261510868369,0.1341777091484696,0.17644845715482438,0.2332823652304293,0.17284583672197998,0.2768365667566369,0.20632869322008998,0.19257275117438868,0.21235913941998713,0.2072963890056633,0.17894369795028134,0.16689271984985987,0.1692984812057706,0.142454302634008,0.2882704129278135,0.3205290742622761,0.3030305029244425,0.21324832812167038,0.14561055637118867,0.3740164048855196,0.214167971136956,0.20526512284733878,0.27999741355086843,0.21673553849995178,0.1840219512868914,0.2070464983750896,0.2126637868778993,0.1746268303028357,0.2660603838434076,0.22623139866479894,0.20358697852730223,0.165714267111696,0.23869822999611318,0.21617567988824363,0.31375229543376987,0.14194884952919398,0.12241814423428574,0.17083437805434165,0.24311747072879364,0.2093098145330183,0.19379289739083777,0.20831107916536656,0.2231485669261908,0.34690895871874905,0.28806304055082943,0.28054045352065093,0.3210939998696452,0.17989654681937858,0.11431830255450191,0.36226963577416726,0.4405721688048631,0.29756718333964377,0.26893633972235637,0.17874785092083975,0.19337929109315496,0.1407961585659921,0.30631757097491324,0.2549329095609005,0.2641382688944916,0.16629783227728887,0.19810260966260393,0.33681994411081473,0.190626233533025,0.2110950357786644,0.3613685052541356,0.2969508941286787,0.22295809858283505,0.1775870783833923,0.23888043924471042,0.15091834931918763,0.08848827808356237,0.22552515349588168,0.18241178767711808,0.2941221476311813,0.23688453814367158,0.11605657066093583,0.1744041247811601,0.15007756052941965,0.17574916195001705,0.090729040358281,0.18490793109257836,0.16557976997011148,0.1640894911057645,0.2813517181932695,0.151643870457817,0.14742694215430152,0.14631939170737618,0.11810861099483788,0.1756071108971871,0.15399299222456883,0.26193215268147507,0.24409446930891981,0.22015390163665893,0.3623031722638871,0.3600025029099631
0.1477961226007818,0.3251415960176367,0.13305001512412856,1.0,0.24559158571147494,0.25064039689510276,0.2788675734433526,0.6564814965560648,0.24991773138637402,0.25209137064030246,0.13686918948244478,0.21055897591447947,0.16531890202341587,0.21993390621529402,0.19815029761070865,0.31834012390384525,0.20834244719450767,0.2876174775160521,0.12607461189656877,0.23003928405737467,0.1618987770558609,0.2911154892812012,0.19934565151035785,0.30125423107415317,0.19529340481616975,0.22667330539961789,0.24702134177565963,0.2133655667084449,0.25591698199808965,0.2410936972060469,0.1704397524231656,0.12595599231459417,0.24726254103464576,0.23144173543769897,0.25327635130660214,0.2803742207688906,0.1943813491073959,0.276397191793726,0.20976042567023073,0.2672579876721944,0.1449549484461244,0.1801649737853286,0.19075925021619727,0.12970363259075424,0.1776064639726775,0.23390997652269307,0.23731353428540083,0.18578824395717122,0.20234223900833825,0.1565036439294448,0.150599781768213,0.26787995038770646,0.25832871792181233,0.6448638345099442,0.21118328331337655,0.13160792486121872,0.2088222900992517,0.26052876672691283,0.21673975762524889,0.1357420310287828,0.2243090673804676,0.20894282664348357,0.2739316637879734,0.18702819671054202,0.2780075798666322,0.22808599601515978,0.1311103207808756,0.10460375687746118,0.2484740661153006,0.20481058332256763,0.18900581845474473,0.2531197277322086,0.19451985121120996,0.20917246979401302,0.29770359407310687,0.34636930873403954,0.2752416186275674,0.2465997433887041,0.2157344815371775,0.22909904325850983,0.3702206798418577,0.23404849023315777,0.1311725808760367,0.2745965282105779,0.2761619130817634,0.31195080928484775,0.3039186608763572,0.178533708971014,0.2262564039309233,0.2717477629571588,0.26043888809527443,0.23343253836975253,0.1503555378102501,0.17854558879541096,0.1813114703267718,0.1468603778020766,0.2056981720185693,0.2101584101743251,0.17819149572542328,0.12019650411078975
0.21586814960095574,0.5914340233078504,0.2987530459357724,0.24559158571147494,0.9999999999999998,0.34791468216272076,0.2822728609637434,0.2090020122839117,0.28398223603341216,0.12205077958820894,0.2447607791886669,0.12664035309194305,0.22941732166089418,0.0981523210759913,0.09322045560553317,0.28133010578557816,0.1295033727946614,0.13851542590530772,0.1436453723605113,0.2793116495721024,0.22215516283110961,0.1698131054255653,0.16343373348660178,0.16439950382248114,0.12611452152573546,0.21688141026406318,0.22384780743521604,0.1897954793896842,0.17189056426768903,0.24722233251463852,0.1713718461307917,0.10941415293740625,0.17534229973677717,0.23972889635644748,0.1714689534727896,0.18973369751290753,0.208264082627056,0.14313322920740246,0.1712280257841475,0.17914987065741744,0.13529680696208782,0.22559204863114773,0.14133261452707713,0.11832527488706429,0.15603684130886872,0.17242939550961142,0.2059939738418812,0.14082737678404855,0.36892965632546826,0.40130248046374883,0.24073292078074232,0.31053631928982905,0.4089291940946483,0.22458143324788418,0.36115268557809754,0.3355061709789838,0.3251005736827002,0.2841028783442399,0.10866984194585191,0.11526895684686338,0.15152669968817423,0.22423881234360066,0.22911559713602708,0.13695567858477256,0.13224967608901034,0.15538520266216002,0.46165551938554994,0.145919094086712,0.1466820314987477,0.14147595247531305,0.1598786200192234,0.11967063455343904,0.2022133301168936,0.20100999480531476,0.19366159023069676,0.13094018978941366,0.16406329876527012,0.18350089474307163,0.18463051894273425,0.23795314940219825,0.15449646711063802,0.103634141568973,0.13073887653493163,0.15011058652984943,0.1650882581053284,0.14923804800030654,0.14485321849667115,0.12830112888161882,0.2221902640210668,0.1710037619326691,0.2896589274100821,0.1255571492907425,0.22634827959408707,0.1348198920509466,0.15739336875962223,0.12903841398032412,0.1358017343830171,0.1596319451671771,0.26357104663683745,0.32597838552763625
0.1069876196766132,0.5012990755266964,0.3446261510868369,0.25064039689510276,0.34791468216272076,1.0,0.331948266292957,0.2730721499926929,0.5062402864232226,0.20209762601579087,0.2050642224541056,0.20930880627931836,0.20724845396340166,0.21162254140726663,0.16191027363558028,0.194908795923427,0.17870170937515495,0.19522616811392168,0.12420349438255911,0.5233463376510807,0.26318431602391373,0.12276757398235819,0.2858482894103711,0.13192379539576068,0.17787569029728542,0.1302298165629908,0.10630836068124834,0.17658933066795243,0.17798128248823583,0.23521873974823881,0.1057187141191003,0.13185402099254595,0.18628253603884978,0.11584716024301474,0.11201413152307525,0.30777336086304735,0.1732821622522025,0.15997435286248407,0.20089955387426164,0.13718983764213072,0.14603276706021012,0.19387075056132078,0.1316348757445833,0.1774875002164512,0.132456889714045,0.14711827992859117,0.20791887581032656,0.12965742059171406,0.5125180352578286,0.40112977307998166,0.2140820280290195,0.39257218609963496,0.35560750302404603,0.18956096938761857,0.501072856636187,0.5240335390195274,0.3430912833941686,0.4002794587193501,0.1859209651711145,0.19687366396720582,0.16985210947902327,0.19171774389476998,0.23391250525195284,0.1905730109883248,0.1253429380147482,0.16075758682949198,0.32071392974400914,0.14287038216417888,0.11975460304976455,0.16563101381138048,0.22032360520078256,0.11036905923329643,0.18009452394861805,0.1692395807943229,0.14624254301445883,0.09249833609307825,0.210462915809797,0.18231042957982874,0.16706572872277536,0.10307350752767487,0.1937691359432437,0.18159780375775844,0.12313587068498386,0.08968294296926911,0.10242454876691996,0.13746779654546393,0.16746703927310028,0.14329555571590108,0.335536339792737,0.16236964098736106,0.2080056388910327,0.10497398672884356,0.21897650368605656,0.17524689835010068,0.1481563307840935,0.22984362985536752,0.13644611333541887,0.1849322903355389,0.42654047984417115,0.3901512121504088
0.11807381049649046,0.35546788785482203,0.1341777091484696,0.2788675734433526,0.2822728609637434,0.331948266292957,1.0,0.22110152561957838,0.3050971228837668,0.2500777174447496,0.1825171529038978,0.22342101461098363,0.17963955452999616,0.2655238855326435,0.16861941132827046,0.3951289818097097,0.17105005887722227,0.1863959302384337,0.1318750717433301,0.39309063752188533,0.17764138247625477,0.22667458514979077,0.290331871853404,0.22655654054906624,0.11059223712217847,0.19818235608655155,0.18602378518016702,0.2661588400696951,0.24397329110689675,0.2037694596083897,0.17732051967213605,0.16407273528621064,0.1608990190369034,0.17860367038798605,0.2121217958322306,0.34665501773466395,0.2134680347549026,0.2708990043690225,0.3833059940871102,0.3214519697037671,0.22971496396042065,0.27798342185717123,0.11845682769029109,0.2066661795566941,0.17314959001189356,0.1902951823189296,0.2147244440558565,0.1852037515829563,0.2715524555702539,0.26318087130073586,0.10998652914965194,0.35699828983496973,0.5473777609739987,0.2847159497618157,0.39129776680801787,0.27693575735698306,0.3868200977143961,0.3475986974221076,0.21186920608432255,0.23493087819016134,0.17136275874782114,0.17522505024444984,0.20514097592877054,0.21780392990861308,0.15280561712268936,0.1748892727812601,0.4486734548892334,0.14676035619041394,0.16417464270981508,0.20474697072148157,0.2534951532141639,0.26423200222695375,0.1961173486601106,0.24872753070139492,0.12496192205389309,0.16333508825192636,0.215515629873127,0.17154914192214543,0.1579697048625461,0.15066116657827963,0.1808216724321069,0.17009823440267152,0.17982965992598518,0.22898440320007948,0.18463678554940557,0.16576119955588958,0.17171814987895748,0.19930228672346942,0.2986542586742609,0.18260449884423785,0.18650729750859293,0.1174712866685451,0.2803658665477886,0.23832665576810882,0.20964702886263292,0.2024036413830243,0.13677992730658037,0.13939550297366854,0.240446724574094,0.25493737396262117
0.11856434307381794,0.3215545860607621,0.17644845715482438,0.6564814965560648,0.2090020122839117,0.2730721499926929,0.22110152561957838,0.9999999999999998,0.43989730784769376,0.2805194948580138,0.17659558606408746,0.33486326882323053,0.2510860813973659,0.2744916545165375,0.2729863367014401,0.293835315425824,0.23787670216634257,0.43271373308665945,0.18806658625942207,0.3805183379822201,0.21556421397733297,0.255206504642638,0.19614793811959688,0.24476783753935102,0.1478404287864775,0.24075719546205132,0.1399337868881192,0.21570586367936295,0.3237628662290905,0.21112646209880345,0.2104889045959507,0.1233626945504549,0.24169127523232392,0.17380369948560523,0.17169531636606375,0.34784349048298413,0.14700696867333296,0.1709519893506458,0.22572986506179563,0.2815192776253552,0.18160702970314108,0.13741980123442332,0.20992152756225474,0.11695330149554338,0.18551673729057466,0.17812669822166738,0.17826267672997856,0.2027640710942653,0.20838077233692057,0.19409003694655685,0.17652762808213998,0.2833704781599536,0.23087702741086424,0.5214329652533541,0.3126124599522247,0.3005468913957766,0.4125200260966909,0.41548524457827446,0.2633008187330326,0.1339093983391244,0.23084289423960713,0.25162751512333,0.36357647743204635,0.2814764752337485,0.3101471259364385,0.2604155375384507,0.2065135709934922,0.18693749159867334,0.27021253903274595,0.32087452571762853,0.3773359724634672,0.189044279988645,0.18208539566447318,0.2453685506245854,0.4536796801343579,0.34745023300723815,0.4389762828070667,0.32544905368757704,0.26664438914034116,0.2181299478384439,0.5001429727224781,0.17947848098260744,0.15013401353058123,0.20393474573590753,0.3447010321909769,0.20378092557883867,0.39583782908967335,0.12656555461662464,0.37826871016239755,0.30149053320904534,0.3227902801021758,0.23906355681328792,0.2213227208499455,0.14682263223007985,0.23697576089505346,0.16417470300482254,0.19091720897415135,0.1931197255131967,0.20924789875229172,0.24284951881576677
0.12625876485972315,0.3402586243397867,0.2332823652304293,0.24991773138637402,0.28398223603341216,0.5062402864232226,0.3050971228837668,0.43989730784769376,0.9999999999999998,0.17698502877251995,0.23202825022825543,0.33520093916469595,0.2639429721588947,0.28880389251874955,0.2592366360048776,0.19784343980036778,0.2859329496403712,0.27901002863337976,0.22848459580715863,0.5298615123175937,0.33490834515113854,0.11051863282180392,0.22351875922668635,0.2073787919127179,0.1570005882007042,0.30252239039010803,0.1384879288872346,0.24594026658982804,0.4078295432993824,0.17242529725644673,0.18801235887896914,0.17034963946210802,0.20544651482148144,0.19923975126622695,0.14404871965262048,0.287685443750159,0.17530180057945496,0.13429207295265558,0.24463062996061774,0.1709592369707734,0.16209924709325554,0.22230623192819132,0.2206323660799814,0.18537060760402405,0.24971209256909604,0.14891680796471374,0.2857472551267344,0.12181480777449595,0.35846075617129725,0.35368612461140164,0.23836728289210102,0.29008294565448994,0.3544746017664425,0.28376919664112576,0.5903874874751692,0.4836036952058913,0.42716154029605213,0.7757085409602157,0.19223059446583673,0.21308111085612996,0.14234416081573983,0.2067263496835052,0.3627947263599789,0.31399964450973533,0.2502243853336445,0.24556268047369548,0.33686937228486225,0.2664853793195692,0.12344008205573775,0.24734633376775614,0.44126965814075525,0.16044387858228806,0.16282355453760855,0.1882392840065622,0.38132694093334085,0.15666334972363216,0.44818355706378177,0.17713509895104682,0.15293767096398098,0.2174318387183047,0.20990019594782094,0.15724380857370493,0.1957299467090085,0.130886620745998,0.18467903031487332,0.11049642421853272,0.21881712395762787,0.15741782601410734,0.33248147272011325,0.21115379075989296,0.2600257979512021,0.1768145302704343,0.2634285138493577,0.23106249369612636,0.2519719278055359,0.25620220432380947,0.16083084809029105,0.163367090817259,0.3375228010179623,0.4159900580832713
0.2424657898694728,0.26383858321116643,0.17284583672197998,0.25209137064030246,0.12205077958820894,0.20209762601579087,0.2500777174447496,0.2805194948580138,0.17698502877251995,0.9999999999999998,0.44023171898699776,0.4421229777246913,0.17195573101816833,0.4107797034343373,0.3896256725173554,0.2735639998230295,0.15751675301861048,0.24109564664717287,0.1738708868326987,0.23607071468168345,0.17892392930999274,0.2507920292663134,0.22326876435667897,0.2286591853945986,0.19564126692726155,0.2592738616993459,0.21500673007956517,0.2575299331975302,0.2817200087536891,0.2721361421720314,0.18482100605255203,0.24978643537993772,0.3145919000035912,0.12402012986506465,0.2790410400583925,0.3003490853162616,0.1282202368921875,0.4743366987330855,0.34659312437484086,0.3438107592853681,0.3217298680702779,0.24554094962288373,0.22715782587285352,0.2023219080781865,0.21669196553240325,0.2005017433767476,0.1894627600144346,0.1960381142800853,0.15206083216061855,0.14919367166571823,0.2879881241578893,0.22613856451706627,0.1841102300975002,0.13307445697094666,0.18010746964949048,0.1644110587533946,0.18164644607148284,0.20136890840470217,0.4554569799699236,0.31982335794675454,0.5417563602948943,0.20250765538677665,0.20465712801895208,0.3314855762703881,0.3136346722720844,0.26282020448045595,0.21176424994110168,0.13438950302029246,0.18458864830525049,0.28775757902312377,0.2299705884315905,0.19357197420668318,0.2166910183444391,0.3713054195286567,0.18191943309753747,0.334598031334268,0.2698423248272515,0.31272729212273087,0.32911642209201597,0.1353827009670861,0.25085119362413555,0.23154331032936604,0.2817453838198718,0.28279533665635875,0.3360587998471995,0.27459286957322604,0.3047414376423562,0.15100928655674808,0.19599694842856938,0.165570613350667,0.18001380508425477,0.1614720484277177,0.37696336272235365,0.27773392256285057,0.2614872038018744,0.17793476275843767,0.2508479575427637,0.25908150307430866,0.18899186528625672,0.2002057005358685
0.18205097172774953,0.20723521521326227,0.2768365667566369,0.13686918948244478,0.2447607791886669,0.2050642224541056,0.1825171529038978,0.17659558606408746,0.23202825022825543,0.44023171898699776,1.0,0.4543103711374863,0.32219051740108084,0.22969420047590708,0.3013004996618516,0.21188646209392514,0.14138657074101643,0.11824083634378252,0.12283312913213448,0.3181500157813313,0.28899579948802595,0.1208849535365153,0.18680412162015045,0.21659650306209494,0.1776066498860059,0.3669523322375797,0.15783859400283015,0.2568378847932846,0.28549466706938237,0.181837276033578,0.20225609058825264,0.23689839265615753,0.3235273013345301,0.2540867936663084,0.17218228624004203,0.17234306658670367,0.16924078157489786,0.2856886693950448,0.2128122787881866,0.24768826514218947,0.19997284015700093,0.19554338518528538,0.19401894677872145,0.24008806161304927,0.15182934848982446,0.19461106075090423,0.23286764910311428,0.13346288268312198,0.26750409800089003,0.44857070243161945,0.27081650742509683,0.19005908299818441,0.18316376130408984,0.10165235907276399,0.16685241578808757,0.3462632138644607,0.30116253755277206,0.26585197301252045,0.3844980109017712,0.40425545447399575,0.23437035458642205,0.19721156849549376,0.2966922056925345,0.3334415154659408,0.19354559158131984,0.23224852020515233,0.34673836444283507,0.1507395006777246,0.21172931128014835,0.2598391212853344,0.22605019973046725,0.1436459824935942,0.2033752648704742,0.2062058649632401,0.1329305646226945,0.26434413318281014,0.2675612765223416,0.09493082592293708,0.18419251996379327,0.19605615147090485,0.12391051842722832,0.22239358327163483,0.2306341217622234,0.2059586839032746,0.1689083905252491,0.1748026424331535,0.22261234932403656,0.12811169824837332,0.23177831148251504,0.132962086525583,0.17963257793104462,0.147717507937339,0.2632568157125507,0.27105091416006877,0.24098270459755217,0.1567905024066744,0.20722699191701086,0.13457287996418654,0.3402660917424566,0.4835623583466646
0.14448314774986437,0.19189997860042057,0.20632869322008998,0.21055897591447947,0.12664035309194305,0.20930880627931836,0.22342101461098363,0.33486326882323053,0.33520093916469595,0.4421229777246913,0.4543103711374863,1.0,0.410465460606852,0.4664636990191606,0.4680819680589737,0.2980018337593859,0.4229583336781214,0.25412870154521716,0.3255592502074471,0.41965645103651134,0.2839347436230501,0.21508357160459335,0.250110862153147,0.3473684402048794,0.18548216335681783,0.4495494672815761,0.14537761595921322,0.3177966399615148,0.5199864833126397,0.19813274629264635,0.1785163316855113,0.24184841643212807,0.2795936124316484,0.16282916227159855,0.2068852321133527,0.25513186437688856,0.15999254832830442,0.3500645892069217,0.4102559726748579,0.4276824244442075,0.11297253735556441,0.1980362586628756,0.26800966289078854,0.22977395602150358,0.21870983079557313,0.14784402606024405,0.24194790308258143,0.12790160817680826,0.26700745567942696,0.24861822449191118,0.25793235023405575,0.24568000345913676,0.2349821724948477,0.2085650023517173,0.23239299918133247,0.2754794835879268,0.34395739135680703,0.3739360072197473,0.22986088093609439,0.3047929140028542,0.3776841267448336,0.3118239414435363,0.41074427050232265,0.4352088711365034,0.29431755414418037,0.22841718656216367,0.30153263758055027,0.3025600518003729,0.17768671021117996,0.30856740982657316,0.41482683917249885,0.14397025035279143,0.19934947661950195,0.3303463377484235,0.33407865012474425,0.34121009495433596,0.49336896598600166,0.24737367851203226,0.2073601957516554,0.14576276835982455,0.2689617953399957,0.17273515043128307,0.2433096233980171,0.18172762396623302,0.326623962156943,0.17109685730647473,0.33757274339552523,0.21852223195285042,0.3339349234931295,0.21403111911726924,0.20291288115042844,0.17831275268353777,0.3080107572162811,0.21311671394004592,0.26699255975829594,0.22320757328550903,0.2038287899425815,0.22855436529487327,0.29755528261656583,0.42243162456546046
0.24281990321780667,0.160347084677393,0.19257275117438868,0.16531890202341587,0.22941732166089418,0.20724845396340166,0.17963955452999616,0.2510860813973659,0.2639429721588947,0.17195573101816833,0.32219051740108084,0.410465460606852,1.0,0.22497835664081314,0.28343685301298777,0.13681637775183397,0.3794476471092404,0.09039412335044118,0.20131940418193944,0.3483357929306908,0.30856440722163425,0.1733813360205746,0.23052278409099547,0.16824416125580427,0.18031743843417777,0.3727826033659047,0.18023642572583828,0.3187168351041387,0.36962114492449333,0.24346572721842857,0.11690915451105575,0.18177895692073648,0.25896799315553953,0.21018899091994359,0.14897456834205355,0.15494389797814143,0.16000593472833471,0.17944900277943632,0.2281554229511162,0.26635864125665587,0.2112338603643831,0.19085149743940888,0.20162196574445868,0.291626158041304,0.1645529943352439,0.2005477812855408,0.27857088032579375,0.12411322100846031,0.36692702144359407,0.40347625399376374,0.22451865954406897,0.1611161747827994,0.29721721802816714,0.17654582984540018,0.2374908071828282,0.36910504472684397,0.3474243921356251,0.39190208246506014,0.14896070371832695,0.17540237669752068,0.20261221671828397,0.4869628466827974,0.36386889279420115,0.3491013968064833,0.2059710200240637,0.2585794333737031,0.3517703442243116,0.3079932109051136,0.14484524842224616,0.28308360078608374,0.2676832628602189,0.1467772469301813,0.0991363502391473,0.2348513118616539,0.23891873412941914,0.20238504886364625,0.3162493777132983,0.188526715656197,0.1838121877490301,0.17673756734209162,0.21533127376263592,0.12996624409511465,0.13270868830841617,0.1437905020252258,0.15542538004483006,0.17352262510208263,0.22979537168937503,0.19700593501657415,0.3058587715557518,0.2224996495367938,0.21043501261302802,0.15391462897385336,0.2042476583640442,0.14956888511710814,0.2046090478990415,0.2314697210997003,0.10091710293039262,0.18794408982413244,0.40738887217981,0.40709844922387
0.13511643781026864,0.1935967109126752,0.21235913941998713,0.21993390621529402,0.0981523210759913,0.21162254140726663,0.2655238855326435,0.2744916545165375,0.28880389251874955,0.4107797034343373,0.22969420047590708,0.4664636990191606,0.22497835664081314,0.9999999999999998,0.6270533008211033,0.22107440911159829,0.3841871523680675,0.2614632563812536,0.47536927299908616,0.3926614010076801,0.3151380470463845,0.20796603261475843,0.3043999682474284,0.19105030294737244,0.28951783576973256,0.2756824785417363,0.08857153097017637,0.3108742515090567,0.47123621846108016,0.2838086475232504,0.19603266657240892,0.20006902379676295,0.16461410522967404,0.19959970001833874,0.13972071128075214,0.3511902507178518,0.13846413013758385,0.2983262364263294,0.2984374955992414,0.29478031354699613,0.15674466802311537,0.2169767173251217,0.20026774181776347,0.2251308496530121,0.163987548813987,0.17009781938204033,0.15100013890654457,0.1512160594404809,0.2843886188084058,0.20881342963717014,0.21313963677790848,0.19896808899182875,0.14375543333814633,0.14376229725198067,0.24039543347907052,0.22601859259820647,0.2630906562101721,0.3209794586763569,0.25477537968799346,0.2948602440794004,0.33269374788721184,0.4298723399068419,0.32770173136857816,0.42791446971962566,0.484870156031034,0.433089834879054,0.25645409705885064,0.2890281357371473,0.2287200955975758,0.27634994799483065,0.397646584314071,0.1547770708469668,0.1422158141030934,0.3713768439404166,0.2550740754339592,0.3023707360983834,0.4573328144225367,0.28193944124770887,0.2115031718057317,0.14505499213790207,0.20019115197430315,0.2088661639683017,0.13327888018564776,0.16821000078138015,0.2774796816643843,0.1616524912080501,0.29347740054309773,0.27173327386658364,0.3246097384323697,0.20106323446991217,0.18386227841036118,0.23677746402002764,0.26025381200028275,0.1926013006066082,0.21098640444487576,0.2646639344917238,0.15917164561374428,0.31482500849671236,0.32275113688794366,0.24393498566314964
0.219228206421907,0.11456298434749113,0.2072963890056633,0.19815029761070865,0.09322045560553317,0.16191027363558028,0.16861941132827046,0.2729863367014401,0.2592366360048776,0.3896256725173554,0.3013004996618516,0.4680819680589737,0.28343685301298777,0.6270533008211033,0.9999999999999998,0.2151859948264604,0.256632581782432,0.15075345247805746,0.23976330407882962,0.3322711487604126,0.37159553573704124,0.16339923998036623,0.20310904183556597,0.30177770640214097,0.2390701434737355,0.3453745906487465,0.21696744346243094,0.35265284705878813,0.5872701729670543,0.22390902261506365,0.19389541259171927,0.14174394739378882,0.20708761200976758,0.16778168248979972,0.17478469391946272,0.22068137839859436,0.1844981699920965,0.25666837666593345,0.3440097915959745,0.31067442250629523,0.2093173982396467,0.22433992225813915,0.2834888387373048,0.26423237867869764,0.11031207389481523,0.17087515994681837,0.18113170779942314,0.16762483666348726,0.18266006780497895,0.15711778918317412,0.24152218668969005,0.23082865558230603,0.14381396574352864,0.1432551531060718,0.20989615988961957,0.25949385828188937,0.2141058785255239,0.31365247885188835,0.24269798744453952,0.35975081773261336,0.2481830455241553,0.28454841736556874,0.31584405405599036,0.3521450299895924,0.44549285745097605,0.5793396623616186,0.20488618248577728,0.2142056012075225,0.19661729487416352,0.26036172158742343,0.4759837448999489,0.13221653981730436,0.20022417803925452,0.33562029471030863,0.1892709090325544,0.23464307615641872,0.5002617035996634,0.32846318106894146,0.21812297844713088,0.11318565526804886,0.181566174353284,0.2286733747587109,0.1634519117198317,0.12661980248239302,0.2396693676037399,0.14059449755161105,0.28684870377820126,0.29299555495013013,0.31817484235100846,0.2444109263416834,0.22733620135584173,0.16413352045237953,0.2204141451633125,0.2457765303290332,0.2525041906194343,0.21085550043562964,0.15585344667791237,0.2456037347911885,0.2548778296349793,0.25642744883259555
0.13582425649918106,0.38078158795425365,0.17894369795028134,0.31834012390384525,0.28133010578557816,0.194908795923427,0.3951289818097097,0.293835315425824,0.19784343980036778,0.2735639998230295,0.21188646209392514,0.2980018337593859,0.13681637775183397,0.22107440911159829,0.2151859948264604,1.0,0.2195990204166171,0.32563905274141286,0.26221166433336607,0.18467568881572538,0.15795429717400722,0.37276609142189693,0.2376649674815157,0.26273985254680643,0.20701288036280036,0.21942596479058057,0.17500988185123165,0.16770915382441762,0.16985119497773968,0.220363449367495,0.26015004148407905,0.28717514493798957,0.28248765656205277,0.2469162976096727,0.31673420473181113,0.30828044694287005,0.24118188083775852,0.34600810260288783,0.3410027754114121,0.3316740442409122,0.12631757019325573,0.17367093704856812,0.15402068541271088,0.23606797409725047,0.18541306590938514,0.20261990311780875,0.2322096340572257,0.22318485880822203,0.12440321727931253,0.17360237807231937,0.19713253980933526,0.4501545928291495,0.3565981396087522,0.36028118666196346,0.30882955259746897,0.1815152177098812,0.374645445578516,0.17776464789561633,0.27100868262299466,0.1594058511732664,0.23556199740218725,0.15279552605792537,0.1609857934266866,0.18123565861890256,0.159399446793926,0.25632296049291436,0.2977397861592921,0.19255085631460014,0.25429441908330186,0.2552024731065246,0.3235112747881782,0.270911847486125,0.20880407394256129,0.2600617099536648,0.18457394887362286,0.36696830126050917,0.20187137520156365,0.29736005274705163,0.1405078978567389,0.20323871081627337,0.3066259985560514,0.20546812608979256,0.1683046025846157,0.28908314962950044,0.2614766615102986,0.23636769558646245,0.15540396657603325,0.1822336022201051,0.2670955600242363,0.14159328541537325,0.23765721437824527,0.21603645774481348,0.3201109845885805,0.19676861147383098,0.15308119138867654,0.20186148266351922,0.1735346321409966,0.1647045160106536,0.11524824544225733,0.1819709762498666
0.1370169494779596,0.17639349131761237,0.16689271984985987,0.20834244719450767,0.1295033727946614,0.17870170937515495,0.17105005887722227,0.23787670216634257,0.2859329496403712,0.15751675301861048,0.14138657074101643,0.4229583336781214,0.3794476471092404,0.3841871523680675,0.256632581782432,0.2195990204166171,1.0,0.34389458629292485,0.45234591796971974,0.31348892566820497,0.34538499270370504,0.2775262889140514,0.18791806915699605,0.25108085357799126,0.2352308044351319,0.29314749276913554,0.2167778219240377,0.34221518638264914,0.33552173002600916,0.13888747131567897,0.2885532736429687,0.34050054148220915,0.20000949979018165,0.2977585168475237,0.2820345556099752,0.3579447701124975,0.20076212839534147,0.21736693430753085,0.23922655493112702,0.22055368736238315,0.15183050841080953,0.26633532060639176,0.2556716063143145,0.21669457246198365,0.26785652254487896,0.24576209008310418,0.2852973787284702,0.21682869031616628,0.23615735584778155,0.18565432191211553,0.20241080161243555,0.17617529702950505,0.15072075052159226,0.1974749707113846,0.2681453425554033,0.15932506650254488,0.22694782759664495,0.26663574931861,0.17746091921204551,0.22761947664155496,0.2924543788978696,0.3693513865121239,0.31791016222262647,0.34162678298635946,0.285578847698491,0.1897054430711653,0.2408616550115877,0.40771122273363936,0.21188034003645806,0.2882018804368547,0.24328667512492264,0.23688313459197918,0.16906096101475876,0.21720051622393904,0.3511430474246253,0.212275192628102,0.3661385381798049,0.12576278997603998,0.1437290527845713,0.2739965068421182,0.16453987738486864,0.15718093954776363,0.16690239470486126,0.2145874548004548,0.20471531917817465,0.2084859735806288,0.24050112119050807,0.2635866540496161,0.27449388845583533,0.1450897314777587,0.22420131128683363,0.31828279802408915,0.26044252619254527,0.13252742918092186,0.20811581215922548,0.29492606375472985,0.2198313191875426,0.20926217840130454,0.2733757627799525,0.20365515482020288
0.07898275966531274,0.29857394857458885,0.1692984812057706,0.2876174775160521,0.13851542590530772,0.19522616811392168,0.1863959302384337,0.43271373308665945,0.27901002863337976,0.24109564664717287,0.11824083634378252,0.25412870154521716,0.09039412335044118,0.2614632563812536,0.15075345247805746,0.32563905274141286,0.34389458629292485,1.0,0.2299252502715538,0.30763920998850836,0.19999552241073573,0.26979575444996307,0.14734124832791107,0.17823794974972473,0.14920748111015247,0.21839881372849743,0.1419452103173026,0.27023911429640235,0.1982482632519822,0.13697560201920403,0.2638926753356917,0.2017191430000941,0.20259060562275447,0.27522366519051666,0.228323869321505,0.5407960673853852,0.20595819647832453,0.15137844875060671,0.13678963214424641,0.11263763165367285,0.16287787617551952,0.15437455184439697,0.1720726321673457,0.18670121429819814,0.20785519184253706,0.14430074411637162,0.21349114542503975,0.23448867946345922,0.1852588742816174,0.18689045207752752,0.18460502144855,0.2996929029738897,0.2031860412274001,0.3753789671906025,0.2866251193911299,0.18306882985976752,0.37954337077346106,0.23149254370350375,0.29086582107067654,0.20113988032487085,0.24559061712129418,0.18580642153065796,0.28547352643646123,0.2747528332906019,0.2398016625358411,0.1507930568500839,0.14476582318570555,0.31289681252201657,0.3460662509481507,0.44344343020506766,0.2717190881031602,0.2259901891418044,0.17545619560434067,0.20047446830049126,0.3331574315099689,0.3208644329714788,0.3543874350058375,0.1733742852372835,0.14487669450890062,0.2616789073752256,0.2704040662369151,0.2809210264995463,0.12674380061530405,0.2602713704051849,0.26207417427007595,0.21955363387534713,0.3612207715193019,0.07599837898061246,0.375368609139667,0.21119406779468752,0.27319325894917834,0.26177186087007054,0.2716407046357972,0.1853992841107277,0.1600720545646116,0.2161008520181121,0.20345846480124924,0.1800561402249427,0.20712773879432347,0.19417538275207055
0.12517377177778946,0.14390937087333117,0.142454302634008,0.12607461189656877,0.1436453723605113,0.12420349438255911,0.1318750717433301,0.18806658625942207,0.22848459580715863,0.1738708868326987,0.12283312913213448,0.3255592502074471,0.20131940418193944,0.47536927299908616,0.23976330407882962,0.26221166433336607,0.45234591796971974,0.2299252502715538,1.0,0.2018534627318162,0.26609535485224906,0.22397313275017058,0.13628784161227023,0.16556059916398616,0.26429747549690347,0.19131519560508295,0.13970830365520281,0.18044490844509697,0.28383617406750594,0.17586442845092573,0.17849365936447045,0.24003860930766863,0.11105750051494018,0.2838020659788223,0.21327259029460396,0.2395234911439993,0.19028271421099496,0.27844999877070076,0.2694197731020423,0.24215982558800636,0.2077481832592703,0.2167774847090522,0.21190059533820021,0.17974703079136745,0.23508236004692173,0.2376940744949806,0.1474338519259879,0.21223871766654462,0.21127242463339188,0.14317525835856615,0.18587192768261507,0.18241222239018542,0.1086878929889387,0.16909163467329655,0.1121141899458695,0.15452499623040797,0.1607565850925661,0.1643558644410892,0.1451893951797011,0.15535028062237455,0.20370974364250177,0.28335795577683043,0.17279259614345321,0.2374354975893352,0.2589756496742513,0.16144897391783514,0.16631255128719424,0.41904881211263734,0.29820286336719226,0.1931253323941785,0.29391637807377197,0.1608860228868992,0.10951116854137405,0.25040939028074227,0.32987811434784325,0.2794642779144785,0.26623986427115826,0.19388512296263855,0.1789785949079624,0.1913753341673383,0.19176138955062136,0.17643316746477392,0.19193367867257283,0.1984785990747514,0.2490573065442742,0.12647839621404935,0.13384990202216493,0.13601129225703334,0.21733143293782434,0.19689019738101943,0.19530217545813106,0.27364547159793384,0.24428692280724995,0.210410105954357,0.2208694319236585,0.2348714773481009,0.18696848213070127,0.19770317706632518,0.18154097463104163,0.10791861657939847
0.15830214345905314,0.4254500266225586,0.2882704129278135,0.23003928405737467,0.2793116495721024,0.5233463376510807,0.39309063752188533,0.3805183379822201,0.5298615123175937,0.23607071468168345,0.3181500157813313,0.41965645103651134,0.3483357929306908,0.3926614010076801,0.3322711487604126,0.18467568881572538,0.31348892566820497,0.30763920998850836,0.2018534627318162,1.0,0.38495583128982214,0.15157459631790224,0.2686035529749876,0.18037361826287887,0.18083472740530204,0.3501127016713828,0.13523026601438504,0.34084758440054796,0.5273121683592141,0.20536193109290485,0.15289582757873874,0.17282529302929847,0.18945468214878267,0.20354563499852854,0.11849590761067234,0.3704293049472441,0.16002375192288223,0.14301885482923807,0.30874469774837476,0.23212785589699506,0.1813512907399571,0.15772093395293763,0.22556168828310424,0.19001513743561235,0.14986175111676914,0.1829835819808141,0.27676753027235657,0.14494138696257772,0.5389707354053118,0.4708235127375058,0.20909270523381787,0.33008598723363275,0.382445873616714,0.2117526909614026,0.5299306763797289,0.5883186278123327,0.5431029771048179,0.6262688056019656,0.22015438717821123,0.26660949932367556,0.17599096528740688,0.272093587358295,0.3734017446640582,0.3480461621002482,0.2496845488901851,0.27623106707328404,0.4326654859751786,0.25383556140638114,0.14622025106936756,0.33672320365911307,0.4545630434342638,0.11197263445192035,0.14396249787113674,0.2221822783671093,0.2609821468313551,0.17448063321153692,0.5656276219765505,0.12416368889179116,0.1963257692350661,0.1686146213860383,0.1875374747828985,0.15055094993119644,0.11125843572225806,0.08310263566044723,0.14869926086612711,0.09482970679095745,0.34420135211884506,0.19378759833503356,0.643922457909698,0.20532858452824201,0.32026796228681853,0.2032413909781291,0.26862153086743473,0.20853325151880797,0.23287254729949425,0.23727788302736263,0.1390787249699843,0.2600308152986897,0.5671200443962827,0.5513677385782371
