0,1,2,3,4,5,6,7,8,9,10,11,12,13,14,15,16,17,18,19,20,21,22,23,24,25,26,27,28,29,30,31,32,33,34,35,36,37,38,39,40,41,42,43,44,45,46,47,48,49,50,51,52,53,54,55,56,57,58,59,60,61,62,63,64,65,66,67,68,69,70,71,72,73,74,75,76,77,78,79,80,81,82,83,84,85,86,87,88,89,90,91,92,93,94,95,96,97,98,99
0.9999999999999998,0.47726150568225584,0.4980858748898964,0.3107391064911889,0.2769005819934045,0.6600740602431411,0.2570756800585605,0.2410193941229545,0.35368839617365416,0.05569765749165745,0.12632425569411362,0.12787935238465623,0.17611015907534097,0.19069049758158757,0.16175107402994401,0.5221266271696549,0.1606291574994138,0.3388355146520974,0.17512877949126182,0.4241682060425633,0.1283588822291254,0.2587034925719014,0.16646691300595018,0.15069397980431376,0.24585255000243,0.11417814033892675,0.217032304614516,0.15829881181843417,0.17449964315771094,0.1818657642419142,0.2899181905432697,0.2690591128901977,0.39010389384027305,0.2504994910027705,0.2357593463802153,0.12484329777413634,0.19051434416991897,0.23194631657438217,0.1844083123713042,0.18821602361753234,0.2477872203090483,0.20562786610539302,0.18065023346337322,0.19612240525026123,0.31835266678720464,0.2013364303296468,0.26888478179956105,0.19989329467920453,0.47854868491230806,0.26741001244088003,0.17095487134737206,0.37205250014866464,0.32058122571329434,0.4259268282612163,0.41404826048810917,0.5517876362142247,0.3508647071786622,0.3074543849261292,0.10983481840208723,0.2031248656901748,0.23031089072575453,0.1901329667740158,0.23787321495673527,0.23153765125157508,0.214405807868888,0.21237837822654138,0.30317518292113077,0.19453333596491487,0.127372896983114,0.17043286409950836,0.18262438047078314,0.24082311373828555,0.13850792558318653,0.15558353778225553,0.17083751806902236,0.17140742376125465,0.2429365119687542,0.06620174167101409,0.325464174856545,0.22313469500711466,0.25233531070195814,0.1187050845466242,0.19845788325641875,0.18195436967295683,0.0954713593430968,0.16566125015611777,0.16072606319037366,0.13510263145450738,0.1319678757662713,0.13427350549696984,0.20649013948522726,0.179275794741805,0.19979427176619988,0.1420267262108029,0.3482544775110027,0.11350348536493209,0.14546480680997187,0.20237603753588315,0.48681395056159515,0.2475371660014287
0.47726150568225584,1.0,0.46259140217394407,0.493221331517764,0.7138764367681464,0.5346850497798439,0.28139178544524507,0.23138457949029645,0.45819127841421814,0.1986348709821078,0.142172895347143,0.09917821503214612,0.2247187411185641,0.19189106510127837,0.11147194346145595,0.63178015579333,0.10852703961635624,0.5242858462274534,0.10902853101970926,0.5056394632971527,0.11232355450040164,0.3023567047221568,0.20118514427009684,0.13574493905107793,0.24101851730874632,0.10858683815096798,0.1923016521910182,0.24002700728771456,0.1653391277248348,0.17921260881416692,0.3502119137150546,0.2917267966544438,0.39173327804592706,0.4712149953639261,0.2997084878801262,0.18683607875507857,0.27559361440793545,0.23493601148672796,0.3912409405345198,0.3987975951345121,0.4925123893816822,0.2978955836013003,0.36702160815633744,0.13955980588376718,0.431534711722186,0.3163182816744954,0.20444040620531473,0.2732124184691844,0.46305173112793746,0.3249603929429804,0.18798354198409772,0.5185267214732158,0.31723735587488705,0.6088065385696733,0.6822984558329566,0.4606022268967279,0.4542533642479557,0.3804050932239889,0.15832211569475169,0.21281333496129334,0.23719278344563335,0.1948383678315448,0.2031155237991969,0.20953231900319372,0.1351847326219356,0.13986379499018484,0.3665723252828086,0.16247697859826415,0.13523234083648117,0.34674069435581967,0.12157210668689748,0.31308343561090796,0.11439600984553827,0.24457372479429434,0.16451694658692456,0.19191442208414802,0.2512938329530419,0.1048244861101696,0.28051157525875203,0.215300517605213,0.13937230392473962,0.33765709236156505,0.3305775137882936,0.4500604531181642,0.1243246279102838,0.30108121022092155,0.22655289482342322,0.2350822305015686,0.24620804789947362,0.28556639714974597,0.22142581818039145,0.13052015003896839,0.12672509208914093,0.2559478951457026,0.2668137520720637,0.2067697527245009,0.19395360591215285,0.2255288995909232,0.5411368806999337,0.3535212404645223
0.4980858748898964,0.46259140217394407,0.9999999999999998,0.2267254474259001,0.24827295590024973,0.5019603007924107,0.4529300407416012,0.2694004740225168,0.4671059905685454,0.23808183652933687,0.1850547082987907,0.20161691202167276,0.21283799887156837,0.1574991444930709,0.2647087062476027,0.3674638503707314,0.28047674941344813,0.41561505453995884,0.24811191701125868,0.44802491566174196,0.353309054722081,0.18012876682278778,0.17961993177833147,0.20416395046165098,0.40729133010721363,0.11582196324798044,0.1539120750809274,0.22238294598714425,0.2781713190726263,0.165475945037633,0.16356367263585925,0.14135480136384318,0.32249197693918275,0.16817787061470588,0.2665974737217569,0.17682323191887983,0.1883110420562292,0.3206857231713604,0.2709222302013952,0.3507103436562749,0.16855312566642267,0.21152307407694793,0.18734316733594192,0.15522613698408932,0.2445007253190723,0.14206375811432698,0.2181829577668576,0.17948357665385858,0.340016489057931,0.18574311742413696,0.1600749372860433,0.6369692349881614,0.5656262156569478,0.2452622266222434,0.4038473785234818,0.7360325145161125,0.5755026695787138,0.33410577717926254,0.2430996040915169,0.3223117479647273,0.40459109099611856,0.2954555274785048,0.254977670055915,0.24283367913120513,0.2446678920983555,0.3017143751131554,0.45639650973696877,0.2628185291143051,0.16958976397094774,0.30010484821429206,0.3346380473430548,0.19258745594271975,0.242769436408881,0.3498933079876663,0.32223290629242435,0.280620342773644,0.4098884388263984,0.29797434161388947,0.18132033178947335,0.1951975014730419,0.22539040238305524,0.17720587557384737,0.1648315691690966,0.2415234671850613,0.09525736998749314,0.2070875184237247,0.16573154638127263,0.13719735855038756,0.2732117227034736,0.1366127975322467,0.1147284975116974,0.1275503732416306,0.19595739078227106,0.15776720916261314,0.28628572920035195,0.11892603895378204,0.12228515098053531,0.19113728134909996,0.3938829195677225,0.2117965825964046
0.3107391064911889,0.493221331517764,0.2267254474259001,1.0,0.5013668618927002,0.4212447435773325,0.27527536903746097,0.3521766022541968,0.44335957539558674,0.2482487792547695,0.21143890649173727,0.12981320169922753,0.13407424423443312,0.21355593782856686,0.12471972676756143,0.30266707137905363,0.10193354036364134,0.21234114068701845,0.09138580379806917,0.236653755337492,0.13692480845985808,0.22441296253312645,0.14473846581685396,0.10808034793923896,0.2810831311385631,0.08941641102663891,0.08145712037827557,0.13502501277153828,0.18981131642126056,0.15062198217475226,0.20598175296932714,0.15709200304949442,0.37197313784744773,0.3006092141069798,0.10255366813068173,0.1340131042976824,0.22895861348520224,0.24801949197491302,0.2190857947712731,0.2632519827326656,0.37555784966621797,0.08805578108934868,0.2455316623873095,0.13868041104449583,0.32246943250746213,0.1364282172670601,0.0983580202522451,0.13108864351912355,0.38777171050593806,0.2953106981552905,0.26182156509001264,0.2238583823948882,0.20394933670172788,0.4848565637957829,0.34381152595819686,0.2992005208202271,0.23619643831468323,0.2052780868969069,0.17452689495839635,0.16318939324663073,0.24280938735376845,0.15163813709374935,0.23595216608481648,0.2159640819369161,0.14530775360161657,0.1449572936082314,0.2369897011734816,0.14205748823592412,0.12268644065656664,0.16073543724020986,0.12133438482705422,0.1732762771652378,0.2152351693773834,0.10717890521943385,0.11313757362361376,0.14859632456296007,0.21492179601684813,0.07787058086322579,0.2573082488120775,0.14989996235884165,0.20427591959259375,0.16777791803181114,0.25144487765523776,0.2918473557119561,0.2306311571456884,0.3230432722806097,0.21211757199425055,0.18542521861097838,0.15045447405957493,0.17277187373455194,0.2164058684466163,0.208548774246922,0.1408632590242706,0.19970771666166648,0.15291482795479408,0.2625315953619876,0.15084252600532597,0.12120006628422852,0.3493869486852725,0.31734501124124564
0.2769005819934045,0.7138764367681464,0.24827295590024973,0.5013668618927002,1.0,0.3327203812897044,0.12726456292491506,0.11242709078311841,0.20161120500623375,0.19875114785962147,0.1413722904667934,0.1500963876007924,0.15207395669286036,0.27132516231624115,0.14884047000269982,0.36523368322947786,0.1309142575615449,0.2676870835814164,0.16491414880991925,0.3276918523583178,0.15724511531383323,0.24146359677990928,0.23434763531526975,0.14956424927101272,0.1548889804071093,0.11523270380441789,0.18768262280464595,0.18073324053155188,0.14621180918824744,0.1940085165415347,0.289223348286424,0.24875698179288908,0.22400123169356723,0.3875047215288763,0.24248827380188218,0.17390134281389066,0.3125577693836927,0.14471437551658442,0.400552034260688,0.3814268098039293,0.3401168548574627,0.269876274686182,0.3434295433828557,0.1377001306248396,0.35859999207723364,0.2354017647000578,0.16843129626282002,0.23367781830491838,0.3195596311704955,0.2414088711752863,0.31719969382267854,0.2993344046364386,0.25691740598469065,0.6123650896996451,0.5994941324263173,0.2596192109498631,0.35850403395455216,0.25060932912415024,0.15211967223970435,0.2019051542499188,0.2644075256035072,0.1447352728354876,0.2183425562047986,0.283869348647415,0.18675573901681214,0.19769493862758697,0.27522335430826617,0.21107467602508853,0.13948591710304054,0.23067133629684733,0.1835932623965887,0.25394619703129684,0.13673590161198904,0.23020924329649825,0.21062130901001785,0.2104235727763064,0.20588271588007467,0.13293842354840157,0.24326041477626278,0.3031760218033398,0.13748909669434659,0.3618245843347755,0.28215477634611613,0.49649039331125977,0.1656057368060726,0.33869042663502025,0.29059759192586765,0.29380123101111705,0.1642883687228417,0.29274796606150744,0.2185224702905803,0.149835335451249,0.1736989995774965,0.22361378540953586,0.28566742406256246,0.14669673465999758,0.22714536105125704,0.2531132788970824,0.3369377627319591,0.3059465889173303
0.6600740602431411,0.5346850497798439,0.5019603007924107,0.4212447435773325,0.3327203812897044,1.0,0.31566678625222205,0.258375131201879,0.4298287784892117,0.10145332815305567,0.19139761232680325,0.20433612185903513,0.2632520374155914,0.2862883062265442,0.19504735234569665,0.5217945044378792,0.21336532408027764,0.4126663046908663,0.22775570998001385,0.5531612459815773,0.17173332888594126,0.33882523866744135,0.3316935195288988,0.09415951607473194,0.2241687404985896,0.11117560342922118,0.2839867790071752,0.184116528713749,0.18635264988026098,0.2868864777606279,0.2454292599664164,0.26715671207073266,0.3799728091004446,0.4022511651234924,0.26002082904897816,0.10288310019980745,0.17497115228250207,0.24687142401839715,0.23409083075781434,0.2707380761632207,0.3794728066749714,0.1430408730740912,0.22082924879828508,0.16183238223739563,0.2663913018970829,0.3101850533782246,0.26382045978751467,0.3194697474255879,0.7004075575711523,0.37880089438403786,0.15117852255800696,0.28622932438175375,0.19731353735475554,0.3666506946492013,0.6293636369896286,0.6885139134437435,0.2611007540205093,0.2110115291508526,0.13583215565982598,0.21634193806547036,0.21689799539434432,0.20037739869935825,0.24082312192612365,0.2896781173135411,0.238168241781729,0.2153441693370629,0.326863736096497,0.2342027965541833,0.14947794078178708,0.23934568192856912,0.1611965237542283,0.24789894084546205,0.14381491083483755,0.13449135255314515,0.13342830221037905,0.15202195431281934,0.22915197539806703,0.05820388850093767,0.26535936420321066,0.2736961246305216,0.1997236991387684,0.17627523525077052,0.19696840689577513,0.31264794780714256,0.1302166240527936,0.26248811480109663,0.1102780160555708,0.23447450006962767,0.16912897304818905,0.09975165417910267,0.21535927326116344,0.15680609957493866,0.13728988076045118,0.18146179912736735,0.2767651096367047,0.16065565110927718,0.1929634934865797,0.2742147344830551,0.6138606358445502,0.32681577390884176
0.2570756800585605,0.28139178544524507,0.4529300407416012,0.27527536903746097,0.12726456292491506,0.31566678625222205,0.9999999999999998,0.5569981630241164,0.6147305729623107,0.5076421018537631,0.2763405367329222,0.27111786785737635,0.4326158490387414,0.18368131475827354,0.3249744004180101,0.3791700619107989,0.30249425127111496,0.45510722042183704,0.2674566542373664,0.3503018773070681,0.44286153971662773,0.18768551681784199,0.19167888010248346,0.26273748847288175,0.5554958509018973,0.20983627468971833,0.15139724731420526,0.292344069700582,0.44893576654897616,0.222479431869574,0.22979307078615602,0.18938106454596212,0.3651795642957927,0.18314654944018305,0.1629081709411367,0.19508386176905815,0.14374862601937724,0.48660481359973523,0.333408075591207,0.3771042771335018,0.2599898758199999,0.20185597556030196,0.18199671919833782,0.25658974166182436,0.21828521551689756,0.1329468816395283,0.17309447895675184,0.1476742557671301,0.2581565394922587,0.20110408708614746,0.11489194476786081,0.4495695664383957,0.427816583231508,0.12512004560471154,0.22188363505759373,0.42768556582578476,0.4003594199288629,0.32299007168561916,0.31920099877570896,0.3998842974114494,0.38700318924510096,0.48091952670862054,0.3204273684293553,0.33744305165557953,0.2983281778177043,0.31810669181189355,0.3985616928839166,0.39003538103992313,0.12508439313779515,0.3083545738908266,0.37209682337258,0.258019946308244,0.29253418229932104,0.298022527982962,0.3223036292046899,0.27368013670049035,0.4356426333416533,0.300412863322349,0.2120909815354109,0.07878084446273097,0.17979796744392665,0.17468991581942736,0.14747434236392118,0.16190707213494124,0.20828826575842155,0.1402542642795955,0.11047497616581062,0.16364378237355498,0.2347154455750082,0.09638477418062938,0.10379750055998205,0.1144773202641847,0.16496039811739002,0.14684131740121642,0.1934360661484193,0.2585708479613009,0.13792558205615568,0.12297056279509527,0.3103557497951873,0.2057445539705504
0.2410193941229545,0.23138457949029645,0.2694004740225168,0.3521766022541968,0.11242709078311841,0.258375131201879,0.5569981630241164,1.0,0.5673966434982385,0.26850260196105624,0.20843632975069815,0.22456334998995336,0.1897431500095327,0.1312805442813333,0.19336222254594906,0.3925819757511794,0.12147191498993262,0.3410726927888052,0.11111734578486214,0.25397998026320123,0.19080345046525896,0.1470550880437579,0.14585198693219767,0.14888384183644587,0.3282955316774341,0.2618147532810304,0.17304553228286207,0.19596025963752722,0.32969893320189525,0.10343322532802632,0.1787276526105708,0.2135124318701505,0.33239861813427485,0.20894658017942566,0.1858511719966102,0.21020231161177758,0.20363239604306604,0.305402896642484,0.13729198922052588,0.15960702666167983,0.25303195048794414,0.11463639500839864,0.13430089342244217,0.23777985723997994,0.23297343312641802,0.15282253934639356,0.18652433041771996,0.1978032069229796,0.2755453431470044,0.2207667773867294,0.18669515970674802,0.30296052305225585,0.22743450596201414,0.12002550781499115,0.19038724530555828,0.25014900996151995,0.25067777610525255,0.44142707881007187,0.18591590884277726,0.2805580235021346,0.24664299111835003,0.2154611219661354,0.14518033381779447,0.2118877570522488,0.1367366508343598,0.19297532067328593,0.20854644080544463,0.20641519015247134,0.1957051979554291,0.27787047340804516,0.15130624828222194,0.2319542680508762,0.2935387134359798,0.1174002606839296,0.15697794993473824,0.12699196271672628,0.2527357114730025,0.13518655485851083,0.1815071659893663,0.1641552621821881,0.20304898801606874,0.11813284667419834,0.2980345554030708,0.14937245240923827,0.27193715572027494,0.11138701785941169,0.14883960778223096,0.1522495307709243,0.22825065241010561,0.06837744823566747,0.2097651196549587,0.2038492996328317,0.1339572733529496,0.17270973705544898,0.14223406666307983,0.2611152055119409,0.17714098500156072,0.15249926388441898,0.32384592052981354,0.19309934166873313
0.35368839617365416,0.45819127841421814,0.4671059905685454,0.44335957539558674,0.20161120500623375,0.4298287784892117,0.6147305729623107,0.5673966434982385,0.9999999999999998,0.35067265340112086,0.18093107387615723,0.1339316910200178,0.3296009415470222,0.1525550505067829,0.2192928802748379,0.4470862057519844,0.13364882496557776,0.40951921976307276,0.1777053370418476,0.33133113944528,0.3115373565106656,0.12049540405749339,0.17692187900323508,0.11557041281694475,0.47198940748288565,0.16745387279277435,0.12663220416756837,0.24242763741314738,0.2847455823101361,0.1397470134764086,0.1890909579977465,0.18759044678931255,0.4150361434014961,0.22427282295198708,0.15960874999086297,0.2661049107254701,0.24084853966019207,0.44884447274501443,0.34894870694026503,0.4021967306783416,0.31224285242902994,0.12484571738845562,0.19073634684161445,0.21025375543050495,0.22972727434550017,0.15093128113276863,0.16701193296790662,0.15718863543703462,0.38115111649062533,0.2810411261952683,0.15954354334336943,0.3893484352970128,0.34437071879438974,0.26994626337239624,0.2677567851309824,0.49579124557890164,0.36596107848710574,0.4395651006117618,0.2798134700028055,0.33404523008197856,0.3608516917900116,0.3260490686411069,0.16587051488728885,0.20059407364182433,0.16700096821186372,0.21445741248338906,0.3651126059041236,0.18523691468324247,0.12606981848043627,0.2787801013507433,0.17630388328896832,0.1824873195839572,0.27088936931543367,0.2283953718706854,0.16644401452494015,0.18716503395300035,0.2748665982430935,0.15497194816836243,0.1676824981520453,0.11070004006589657,0.18717558654017824,0.15448882414105536,0.19554191355641348,0.14950754635809382,0.1910554807622819,0.1392219680238984,0.16764979413852635,0.19353040853048445,0.2605542122242517,0.14972203621720598,0.16422678445669175,0.1918764698188201,0.09782869007129409,0.14320745124850473,0.1560296659907462,0.28394882720046855,0.12357357082663145,0.10734812592027147,0.43162497702555974,0.2556472456905684
0.05569765749165745,0.1986348709821078,0.23808183652933687,0.2482487792547695,0.19875114785962147,0.10145332815305567,0.5076421018537631,0.26850260196105624,0.35067265340112086,1.0,0.46715159692912767,0.44404599120207383,0.45225876571391666,0.278157022667197,0.43411128471926735,0.13275244894870403,0.3936233137328094,0.17599067002167118,0.31575591811328585,0.19400561014976303,0.5572302601286903,0.1259855395804829,0.22420121267158924,0.44264682896395247,0.5578325911057936,0.22997811982822303,0.14603846263461923,0.3486975303689452,0.5304895459621856,0.30184261216977204,0.14330778872759942,0.13391109177896898,0.20060003862372938,0.12153147010157204,0.10237317862928369,0.22725338411306067,0.337776320866595,0.4629614691571295,0.49220164600260435,0.5122205218227986,0.19382527871578514,0.1645563610260244,0.22466504935362547,0.14425279978370287,0.12360471984224862,0.1411540275871408,0.10412837914190139,0.11008237367562172,0.11189449857381832,0.1337314191989668,0.2338614783078637,0.22003324909254934,0.32796440162475315,0.16066352515479462,0.1294636482731867,0.2018908971807506,0.2580371086576584,0.1351896760958087,0.52880667482694,0.40942029937134555,0.45396778173553975,0.49373891262043945,0.3662928000980877,0.32259051837300484,0.4175306572581618,0.32234409658231405,0.28478318914930306,0.400779638467212,0.17283176156073957,0.19878006788470787,0.4134529578210817,0.16082694076861984,0.19686836057710508,0.4286261216405726,0.48987365429471147,0.3646969641459827,0.45384566080542643,0.4846672122227582,0.1520845528888624,0.20179425761185293,0.13813246155179668,0.28986886713425164,0.12238239548143293,0.17260158341292142,0.20291998347921947,0.151522879742375,0.2982692621403552,0.19939700342631694,0.2205385447625334,0.29676940882226205,0.16960042048552837,0.19724714422919654,0.29119395057832964,0.17966839286843814,0.15517311239368703,0.1958621142545005,0.18777718137731944,0.12428589056114553,0.09816626678677336,0.17283062575263572
0.12632425569411362,0.142172895347143,0.1850547082987907,0.21143890649173727,0.1413722904667934,0.19139761232680325,0.2763405367329222,0.20843632975069815,0.18093107387615723,0.46715159692912767,1.0,0.64232899292705,0.3907788571858483,0.3551669012493263,0.5028598198038058,0.15256294424466302,0.5291294709076205,0.15353079034625255,0.3752411003751629,0.28655704722234465,0.4766158837590304,0.10332607027285369,0.2905933630083781,0.15938685575556116,0.32891196585184473,0.2858391912394214,0.4135548461890464,0.3970229586622806,0.2814633734024148,0.28300938681468285,0.1457437459349996,0.3170240835950009,0.19731604400553204,0.11080075039275944,0.20695941724918102,0.16192267043226977,0.21026785528816294,0.3045445167379736,0.1425504223586286,0.15701591294163933,0.1465268391581617,0.21423990892384806,0.09171576497119058,0.24015614461019041,0.14263977454957427,0.24855262189841262,0.16561832023735526,0.22054349068750576,0.17628385760019824,0.24867895426541273,0.15490553543414787,0.14550450385102465,0.24644578305183862,0.15381583817568878,0.1931181912883513,0.1831289242018051,0.15025174450557394,0.09041091138183448,0.42390280492137855,0.5143766573643568,0.46366788040180285,0.4037277644787269,0.2947094902266868,0.3953092261111569,0.4909177184217872,0.530796880361813,0.30445100063928865,0.5006564550965389,0.3207398036673055,0.27504517625553054,0.36546312822954036,0.26868648910172716,0.2312499589185745,0.277823480054157,0.4181151192238406,0.26853258563244364,0.3669725215590822,0.26535625518150996,0.12812841218081647,0.2519968728215687,0.3038313410653364,0.21536879728842429,0.20571197334406188,0.15429625966025717,0.2548263604081811,0.24659551362979037,0.23128019217404747,0.13276381663823822,0.2624568941165939,0.2162032374384965,0.14265899718902242,0.15606441340694927,0.2176254804180397,0.1888110039963635,0.2317235843724166,0.18486233020930662,0.35813066113211256,0.30084488014376976,0.16231378339086214,0.3082458239163271
0.12787935238465623,0.09917821503214612,0.20161691202167276,0.12981320169922753,0.1500963876007924,0.20433612185903513,0.27111786785737635,0.22456334998995336,0.1339316910200178,0.44404599120207383,0.64232899292705,0.9999999999999998,0.3153245223146936,0.5138079428392102,0.5467054522514982,0.10549214308164254,0.5664830396044374,0.1213660128560976,0.5033861049626425,0.18700919019124435,0.5456544421669232,0.23940429557674817,0.24910987022861336,0.20545648513123924,0.34879549909165136,0.36953427822487345,0.3326879074816071,0.23318179197021927,0.35277405447338084,0.2671358269712516,0.1230115059406572,0.1962101788711977,0.15363747732081906,0.20100716852288214,0.20600503912432672,0.23871862016157122,0.19244310141965695,0.3630050297687173,0.1827794518803433,0.16063213520689487,0.14683471501783874,0.3074270334807381,0.14224612605991377,0.21926303863418184,0.1842236802541401,0.20681815320911537,0.28674426826596267,0.245303695279781,0.1931758275941641,0.2446349116635323,0.1512216373897535,0.14456463015968224,0.3374784584353713,0.17808472623706081,0.211541366653464,0.1544890723685225,0.16260839557344509,0.09194820860561717,0.47641973978264673,0.4531749198821797,0.5309540766570818,0.4873689731939402,0.39283413873218564,0.4703323578784111,0.5600480465470865,0.5508691040246589,0.25453875171125695,0.5771042915181575,0.3090276132838407,0.21377947196542524,0.46704869754828543,0.2745425491424392,0.19764715979540334,0.3859421605858973,0.568604987977033,0.4535784733029719,0.46838427820856826,0.39495962945322033,0.13990099553029042,0.22468272003304582,0.261066019639175,0.24797831426551203,0.15528140794786768,0.23194209432412405,0.19599018003322166,0.1677156616751213,0.1405817882862136,0.1498975083399313,0.22451772790137328,0.20483125686026385,0.1921725012211486,0.1462890142990072,0.2722361961148776,0.27882300508795727,0.29977145144454487,0.2569198128917756,0.23971407862811248,0.2720834678529468,0.193655481386321,0.2659916111673984
0.17611015907534097,0.2247187411185641,0.21283799887156837,0.13407424423443312,0.15207395669286036,0.2632520374155914,0.4326158490387414,0.1897431500095327,0.3296009415470222,0.45225876571391666,0.3907788571858483,0.3153245223146936,1.0,0.21241750553491923,0.3672831624267856,0.23917477232414852,0.4478855549851579,0.2242359946829067,0.3458617481019805,0.36617723536533664,0.40781023853653764,0.23290065842317237,0.3428383118506038,0.16303096948028822,0.42597506743458446,0.24675362903427875,0.3149550471789264,0.568017892029713,0.25458819464561294,0.4569860707619462,0.2100573673331218,0.301249793508938,0.4402774815622399,0.24864259379140596,0.177306387025189,0.23342802007781419,0.30153947934848535,0.50882125751712,0.3403717848499888,0.3746613831103995,0.2807100776223359,0.14714373946544412,0.21108728852855652,0.3075873240403408,0.06986878739294443,0.3513439769255016,0.16522186392946858,0.2648927483332129,0.35328047054781564,0.3616350128991818,0.12722451996778866,0.1270264961085417,0.20274601021380198,0.15839715021153966,0.1928189788452228,0.3028180237539598,0.1747677839251119,0.1200360560746548,0.5633305955499796,0.40984737456383624,0.4698781388341243,0.7200622735020965,0.3113651696915317,0.3215358743235412,0.39887482083720616,0.3719953083805323,0.4527411814836298,0.3915389534247777,0.13512599260982966,0.15482552450328757,0.3465090365521511,0.1280721718329672,0.12858507479155348,0.3680397616403517,0.27942492692494175,0.2767057194768995,0.3694186975778073,0.37920799076083006,0.22498106676129448,0.1276963560307005,0.21955908349375167,0.25051142866512977,0.17334724973134835,0.14096627809459752,0.2997888864918564,0.27265988314095957,0.19740558253968207,0.306612393381979,0.20524081627522686,0.31870494042610337,0.14797598290733455,0.16785064839289177,0.2964330830950894,0.07265955386878815,0.26022412387249627,0.23410903999165042,0.38009005198647766,0.19948994733111286,0.20545216083896506,0.30189468832043737
0.19069049758158757,0.19189106510127837,0.1574991444930709,0.21355593782856686,0.27132516231624115,0.2862883062265442,0.18368131475827354,0.1312805442813333,0.1525550505067829,0.278157022667197,0.3551669012493263,0.5138079428392102,0.21241750553491923,0.9999999999999998,0.6091780490221922,0.1683690670811912,0.5225811003495971,0.1762403022645831,0.6858270755230023,0.15055561883305135,0.48648890595065475,0.2790497232271378,0.22106365972616426,0.16984477723865024,0.20794518790776906,0.23220856477471827,0.2560817884234619,0.19592530690830198,0.29636217745761106,0.285353876087489,0.16852183690655415,0.1770463063022472,0.15618275215514454,0.26650979775082567,0.24651330268858704,0.18185023126635752,0.15619253102545455,0.26625757139345274,0.15820847094335735,0.08740065302902332,0.16044820203681154,0.33279901574537835,0.2560162381457193,0.12605691224927,0.29223489555436016,0.20588609677550737,0.1941074305304197,0.2404237158416031,0.1677472758391448,0.12074556708703191,0.13625318128204456,0.1630071744459334,0.3731633833890575,0.3232296550453562,0.33851448998287414,0.16747928522120734,0.18644757964369288,0.1404122114492028,0.3841964174594497,0.3260098034598088,0.3302777261858818,0.23536479229766394,0.35466707250268026,0.6444836571628377,0.6306923514919885,0.6056885655234924,0.14302093368792834,0.4862509477732517,0.2956932155457551,0.20677867853046117,0.46238355146752785,0.37576941508034145,0.19493097562136447,0.20994794813729462,0.3148004160610901,0.2634783044536476,0.3346973137580938,0.27323799701376533,0.19250843300774356,0.18271334261434882,0.1820974995341029,0.24928550167821037,0.14050465352464997,0.3546187095241965,0.18562124849717868,0.12369899649134765,0.1231635659642903,0.29304223145921454,0.19978472040271403,0.16499139569396074,0.14576988768941945,0.19429051771291073,0.21204061732855045,0.2512309279791094,0.4209234974103583,0.17496702060544714,0.1568958022818293,0.187153341874572,0.20643277661763584,0.1224304487015335
0.16175107402994401,0.11147194346145595,0.2647087062476027,0.12471972676756143,0.14884047000269982,0.19504735234569665,0.3249744004180101,0.19336222254594906,0.2192928802748379,0.43411128471926735,0.5028598198038058,0.5467054522514982,0.3672831624267856,0.6091780490221922,0.9999999999999998,0.11851774814797733,0.6238366979224215,0.14685248807217954,0.6392408227508521,0.18037915839973617,0.7263663742014104,0.17059261867853845,0.2106693568345606,0.22592101302260717,0.3683625363822958,0.2252929571961347,0.29996524463757684,0.3105790955198399,0.40718906978805225,0.29210095157852806,0.1587694967782107,0.23020631767918825,0.19398510268737487,0.14836913615280323,0.17847006201865512,0.2694434210331569,0.18567161834400295,0.39036303747044276,0.19079959769471205,0.16812067360098668,0.08262856794849101,0.2671117140229131,0.13676319626801048,0.2321803295831593,0.2375930285349207,0.16396418954018832,0.1323741170972072,0.1621342938394191,0.11003613567458065,0.1125496086371813,0.16984930931773395,0.20541562956825177,0.4035984493180106,0.14537705383998775,0.2098563458663137,0.19202011160667495,0.1884132621005931,0.10468164098732761,0.4754884460995101,0.45424128275584913,0.5365364122737943,0.4109612086582407,0.5093296913375873,0.6000044947577376,0.7451105534994577,0.8198227955737729,0.21051013689589343,0.5491824312836242,0.373250023756603,0.19308236063717107,0.6831700233496577,0.29116472094621737,0.2047953399899521,0.2937360809282929,0.45502488051969014,0.3357561847404744,0.5759334445117673,0.43581853483743055,0.14502173618576525,0.2001305452522401,0.3158473591115295,0.3114781733633756,0.18197441691053648,0.21923957937394672,0.250990726335078,0.18673229561359792,0.16463811056239777,0.21060448546397556,0.27150273026565236,0.21709099687160135,0.170421644091902,0.19698860876104363,0.27247436372309214,0.2639319175334341,0.3531460784736022,0.17019062043806713,0.24938210933427715,0.19835028425082538,0.11134496783810771,0.16269403775683858
0.5221266271696549,0.63178015579333,0.3674638503707314,0.30266707137905363,0.36523368322947786,0.5217945044378792,0.3791700619107989,0.3925819757511794,0.4470862057519844,0.13275244894870403,0.15256294424466302,0.10549214308164254,0.23917477232414852,0.1683690670811912,0.11851774814797733,0.9999999999999998,0.13042127870220502,0.7146098682407583,0.14671946250385168,0.514562968570472,0.10154824986999646,0.3203453604876658,0.24114974420012064,0.17000451334144281,0.20823711813637547,0.1855798973145762,0.331667344731531,0.293569750755465,0.19507371616551764,0.2890524608176778,0.3535311773187516,0.3395975073371259,0.3207458522676818,0.43031140538448615,0.33910535128941777,0.19614374371529114,0.25948470491822756,0.2030599204567058,0.32515700032015105,0.3339054952685439,0.4140514717202817,0.3218738549033305,0.3644047543376012,0.18332345120721433,0.36005768090545015,0.36908660181201863,0.27122081022991035,0.31960319189425923,0.37080947321478674,0.27592809028732623,0.1649984572330956,0.5009106973909386,0.293561495307168,0.40068077271251934,0.4940358681132614,0.39886494785052706,0.39967105298069044,0.38439081948500176,0.09054531149840751,0.2017178163557164,0.14937247980413365,0.18628874887606803,0.17462818317260798,0.1638474753902943,0.16243606930633728,0.14566215587111164,0.25733105956553254,0.1355444614812896,0.2419729369040661,0.4894987645439763,0.10547060633497182,0.47230090626873417,0.23280547770088925,0.2290661815736405,0.13631038477100865,0.1472923483745623,0.1890974449834864,0.13148841011481582,0.28611682800863647,0.2735394470450131,0.10970829458208177,0.23135209764643264,0.31103975262514455,0.3298569984244285,0.14431181912152977,0.23505725528535087,0.23111659575259275,0.25131350496613997,0.3281538439901824,0.22021179603838048,0.2523755316681521,0.17645232809147682,0.14138797960674993,0.26251217950828504,0.21721450517940807,0.1979560913744632,0.2212682395431127,0.2787910908301243,0.48374128492357055,0.26502658235218485
0.1606291574994138,0.10852703961635624,0.28047674941344813,0.10193354036364134,0.1309142575615449,0.21336532408027764,0.30249425127111496,0.12147191498993262,0.13364882496557776,0.3936233137328094,0.5291294709076205,0.5664830396044374,0.4478855549851579,0.5225811003495971,0.6238366979224215,0.13042127870220502,0.9999999999999998,0.15491271540749507,0.6398153347551923,0.27786441862866745,0.5850425464383273,0.17586854437147603,0.35690507889401674,0.2394933017647567,0.286800668672938,0.27166586528441045,0.44599838804589065,0.35715316291212873,0.31260437258680746,0.45970459254173757,0.14173860800970536,0.3016627759247863,0.22429239496892484,0.14963912235697624,0.1859567137152974,0.23531859381660247,0.2623425604472058,0.3432374796469029,0.2213219272275527,0.18559914257147603,0.1461742778273464,0.2290515919684085,0.09167987221800798,0.23520299023445349,0.15930524768655607,0.22191641235155338,0.16900419407358303,0.1839352330956803,0.1654191792333777,0.24207017293753127,0.1508499916135164,0.18553756244708575,0.36585530777613356,0.20068297856856027,0.21990359967792827,0.263381300940686,0.16978049432797757,0.0817639943910853,0.42816588453789123,0.36784683803046975,0.3935417758695193,0.5430332849396113,0.3234227639519174,0.45867345807203425,0.6634679214848647,0.6585116771011722,0.30450894550244345,0.6335979220663467,0.2726557420011082,0.15208184183674445,0.5458043665131884,0.24551634477607337,0.18094620942804546,0.38714213669860265,0.4593061361984788,0.27586743724830387,0.47647574883573046,0.46545482415132855,0.20438325059728923,0.1902975872910998,0.20498874121541233,0.2638260094199454,0.16515249671876414,0.15007088620403844,0.19194596856669893,0.17333717534947135,0.22313427728773305,0.18022671720326794,0.21122547702680466,0.2838101101754684,0.15267287315353256,0.15622199512846346,0.32301729550801755,0.11586919965313679,0.35490544520321343,0.1975104616381233,0.3039282523424843,0.2584811231818554,0.17216391763100206,0.26806853524401664
0.3388355146520974,0.5242858462274534,0.41561505453995884,0.21234114068701845,0.2676870835814164,0.4126663046908663,0.45510722042183704,0.3410726927888052,0.40951921976307276,0.17599067002167118,0.15353079034625255,0.1213660128560976,0.2242359946829067,0.1762403022645831,0.14685248807217954,0.7146098682407583,0.15491271540749507,1.0,0.1626991827098138,0.5388179541600213,0.14384028129788134,0.31684763757601797,0.267822786450042,0.29409162551933477,0.17899654579665222,0.1277998243354963,0.2809162949248654,0.3554198768584618,0.29682214429236464,0.22317891125108621,0.305614425679192,0.2859266592776134,0.2530324607424083,0.47061916071339005,0.4052362714425739,0.2210881245101849,0.1749358486156947,0.1783994458002618,0.30904196215165114,0.3098917838746154,0.35712055708992674,0.3223410063657657,0.3791930425398727,0.23107811863000663,0.3004517799838124,0.3104963206874887,0.22981429898429498,0.34135719438013074,0.24208777219185476,0.1943223243051483,0.1294006201612289,0.5465087172852081,0.29313423615663603,0.25764302251332166,0.48145658881181774,0.4559957350308043,0.47087276957339363,0.5085876757251347,0.10356341596910862,0.18610175290492703,0.1593909773158758,0.18153057851923424,0.20310209857210038,0.1673447445968549,0.16295217443978546,0.1658146775924781,0.24142980868017616,0.1760074548201186,0.41045141628340137,0.802918801262065,0.13738177113352898,0.5320437777974741,0.36705602324078135,0.18003692424159481,0.13705478843000996,0.1310015313922816,0.23193081823607076,0.11696743211221405,0.1938377080748801,0.1628594811263813,0.16102186004178906,0.316745613169756,0.29630044595409305,0.426603521310967,0.21118589020780737,0.26028473921873546,0.19600917275886534,0.25329748481733194,0.488849336922887,0.17392480907234287,0.1494718051378723,0.18087743627019076,0.15057366631248537,0.2765306731769741,0.17390286348281636,0.2254522130792488,0.19545612126499778,0.271395986017607,0.4134874482226266,0.2120664736527374
0.17512877949126182,0.10902853101970926,0.24811191701125868,0.09138580379806917,0.16491414880991925,0.22775570998001385,0.2674566542373664,0.11111734578486214,0.1777053370418476,0.31575591811328585,0.3752411003751629,0.5033861049626425,0.3458617481019805,0.6858270755230023,0.6392408227508521,0.14671946250385168,0.6398153347551923,0.1626991827098138,1.0,0.20686496733806464,0.7085122939673332,0.31475552511786414,0.29548092608369925,0.19654129414621638,0.2645756479387313,0.20854549124919397,0.251472676775207,0.19143244954068736,0.29945681303079646,0.3330986606536569,0.08813739066465517,0.19230509832209342,0.18625653576197182,0.1949503894461662,0.22428393073388475,0.21623405685539676,0.1720984883289417,0.391023583949016,0.26503855993391157,0.23218226894415814,0.11431279299412703,0.3515578304890742,0.2144930117081109,0.11481467785074992,0.27465612776441933,0.17053071505381226,0.2149360858421152,0.21777680388642617,0.16936854993448724,0.17773168674413886,0.17638764628689668,0.23540699599906148,0.48795477268903487,0.1590008117937758,0.21279749066022666,0.20633164531674414,0.24288463242211092,0.13018442036314648,0.4430377081206054,0.36737771265538643,0.4470966713174593,0.3887216058706715,0.42718204586535924,0.5837493310869714,0.7303838863960841,0.6388789339051049,0.28263419010686985,0.6025602577980872,0.24750026038102468,0.16197678900141732,0.6760493458582335,0.3581041928690361,0.20803990016077625,0.36775995468672645,0.4902415739308393,0.3828263388772794,0.46002140098722905,0.4249624500484664,0.1236486043369221,0.18774133527260153,0.19445125834576016,0.2083934780365324,0.1469952683321934,0.27412265484612536,0.19539865655697902,0.1288347903792707,0.1590109267791363,0.22048158642540489,0.17356996645788092,0.18122529071010163,0.2154635031159579,0.200288586179181,0.2888730432098541,0.2256453226320764,0.3753989949267653,0.1291937349576375,0.16891560917805967,0.21132154477869192,0.1634389467135002,0.16384616257720638
0.4241682060425633,0.5056394632971527,0.44802491566174196,0.236653755337492,0.3276918523583178,0.5531612459815773,0.3503018773070681,0.25397998026320123,0.33133113944528,0.19400561014976303,0.28655704722234465,0.18700919019124435,0.36617723536533664,0.15055561883305135,0.18037915839973617,0.514562968570472,0.27786441862866745,0.5388179541600213,0.20686496733806464,0.9999999999999998,0.243545051333711,0.29082084519709306,0.49860882182936517,0.19194832065790174,0.21092042314486298,0.20459966329081955,0.5068248637474161,0.39996176130623634,0.25294275992890536,0.37912120767467394,0.3464539162668294,0.5547182563797257,0.4028263005379359,0.39133860805333587,0.40219611993187154,0.26304387114429906,0.2960942859951002,0.3076263936881309,0.2682533289111529,0.29540551287148775,0.46018861011528805,0.20315557656563707,0.250610127261649,0.28142531185840136,0.2328722348417278,0.41779413193801757,0.24343470804649345,0.380769860816579,0.5376036784678448,0.48279676808580363,0.18578654486127505,0.2972919979643199,0.23012586079125708,0.15196831218038018,0.4545866979794854,0.5287958574920643,0.19793225170516943,0.20341454710887952,0.1796266632338037,0.26158856818889054,0.28942132162146134,0.34899595211506945,0.2117194195978916,0.23974087615745565,0.21443264985403482,0.2355973007512289,0.528301010990758,0.24017822471536665,0.28051501145752444,0.39636442866701976,0.21956969223379963,0.1939134830615231,0.22993738195695185,0.3157008766547511,0.16425857924554588,0.14280257299397225,0.2718506080041359,0.17658332194336337,0.2968777026885958,0.3629210876518102,0.20602679469518617,0.29256670460558837,0.33745650419442486,0.2623501065098395,0.18915768569009042,0.35275793463511174,0.25040830754826715,0.13460925083100805,0.3867625441915253,0.21251120617643096,0.20218147178498472,0.22126534142579002,0.20173942423329405,0.17711849736553784,0.27024757816995976,0.20784230452203645,0.33419558452588044,0.3909221073941943,0.5436653323606802,0.5436366104332597
