0,1,2,3,4,5,6,7,8,9,10,11,12,13,14,15,16,17,18,19,20,21,22,23,24,25,26,27,28,29,30,31,32,33,34,35,36,37,38,39,40,41,42,43,44,45,46,47,48,49,50,51,52,53,54,55,56,57,58,59,60,61,62,63,64,65,66,67,68,69,70,71,72,73,74,75,76,77,78,79,80,81,82,83,84,85,86,87,88,89,90,91,92,93,94,95,96,97,98,99
0.9999999999999999,0.25348139068590925,0.23974191515144738,0.2920305637434041,0.343875951601173,0.3415461157304147,0.237463817162126,0.23717307281391303,0.2003992577085313,0.28867312952367435,0.28133241750777793,0.29577764306996857,0.19037531236347185,0.16933802008931859,0.21050654495485324,0.2515157143550342,0.13099051645915558,0.17414678428370592,0.13914003563157573,0.22469698474632757,0.2106664957710504,0.1898823004148314,0.17882983032837962,0.17098930601166518,0.21104436556993206,0.30060370272515086,0.2770297953047542,0.15794731515269952,0.16698270260114392,0.1856129299771848,0.1972362494222674,0.292010227875108,0.3419995083734267,0.10291692781814399,0.1460174635130988,0.2662906522450034,0.22820917159366044,0.21843246367113206,0.1992909150194144,0.18604748496113732,0.20155395314415842,0.24368514642099143,0.23757854809678375,0.26833576807411746,0.2864449415144675,0.23839281762665152,0.2267077461740973,0.2829403661277901,0.2435061283668723,0.32576352920937196,0.4750982547902347,0.23771558647262878,0.22626197539839046,0.304643185943969,0.3303390594653807,0.20566561356961935,0.21011247383813494,0.2066296857598732,0.24266697289519573,0.2739729833148161,0.17710360565520758,0.1632181932394136,0.3245378692955017,0.21061659947664352,0.20100495250700434,0.17103525975235528,0.2129196452349923,0.17851279477795157,0.2177526659288381,0.18881378579734454,0.1900139008193096,0.30855911319464746,0.31995790617217795,0.15382166395691474,0.23485826944316948,0.2825772099578571,0.20855148409147312,0.3233144173616684,0.2286462438885736,0.24152956473140924,0.24263301955886774,0.20477674329993398,0.20465309126211376,0.29944192601573366,0.3484269564326997,0.36014100699005736,0.2589198246199459,0.2954040825682342,0.3323089150484032,0.2589343466259146,0.2694105301905939,0.14275502691372677,0.1556164789311113,0.14474487134629632,0.21544740158624184,0.2755240087864152,0.29911465846170837,0.352024726172545,0.22470521823387807,0.2560912925622253
0.25348139068590925,0.9999999999999999,0.6484362678885772,0.6155969822634391,0.7223127570681278,0.45992647495628347,0.4327350160093497,0.5111391935470627,0.5004138870602833,0.3428604372569088,0.17011687714853235,0.2130225969804822,0.2207220523671393,0.2604425137323793,0.22310432183738552,0.665914533708399,0.26663896981449686,0.31787305505892066,0.27105716018429254,0.2785932194958461,0.2885003007464109,0.29007903601372104,0.19362869398263138,0.3003353761901229,0.17543483975215246,0.23188094155603547,0.1510992245416046,0.243938071174044,0.30346533287649885,0.16793050603382298,0.23543924575106828,0.15151584592619968,0.326828899027684,0.24927512161328338,0.30690265329941907,0.324284597630738,0.30499529753676774,0.2339247556089889,0.31083954271905123,0.39356866832255305,0.20002496413493437,0.22636334516982237,0.21842078311371627,0.15715353941564505,0.20945272501451775,0.2221391613309262,0.20224664536626905,0.23147893959807317,0.3063065302606038,0.27962467437421906,0.30674151629653035,0.7427575433812063,0.5095134551425471,0.5609065575033492,0.5821105797235819,0.39060783444814917,0.4450183733293565,0.438505555331451,0.19527940869394997,0.12876653067390442,0.25601246395539917,0.1728195945109182,0.23482643178997556,0.22372350770177957,0.22759147430955565,0.20015225743972742,0.20732354127716734,0.2679004225494892,0.3946558129987063,0.3564789961383361,0.3023764021494364,0.404138813303813,0.23155825644170097,0.38155370430575597,0.20683013713525505,0.2086228955449693,0.30009935185757564,0.1661280780551213,0.16491702138883407,0.1397865682702884,0.3546274579825405,0.32312278218496987,0.1652460293704302,0.3323608119929387,0.2177885458478301,0.280313372303241,0.2878094465159469,0.22642786788381952,0.30595705473148227,0.3223353127693709,0.22315667810835677,0.1853100984294668,0.17385873393706222,0.23297550669663156,0.3130853395133892,0.1449225704717074,0.1845532055220014,0.1550278622119628,0.2900383222117645,0.3093354044121745
0.23974191515144738,0.6484362678885772,1.0,0.5764039764160552,0.5683301252213577,0.484729787454661,0.4124722105128717,0.5868275316132281,0.5535746741051583,0.2933488257238239,0.159343864094774,0.16359952484136606,0.24197783348738786,0.2814817887812114,0.2743082652387502,0.5532908016833108,0.3067972934311614,0.3760678776158049,0.32331294593085863,0.2704564819542879,0.3397162948882726,0.2960036239176313,0.207022713726895,0.3206687370613779,0.19894627388627412,0.20183815769910282,0.19847422363152603,0.2357475057338442,0.27842750932241817,0.15923423418366936,0.24255416225239718,0.1428442708424659,0.2360144776209011,0.2589351291528211,0.3000457723827503,0.25776958490805113,0.2006034706834168,0.18267421349102192,0.31032548144576527,0.4190585646774412,0.21023661009618086,0.18113025582118158,0.1849306644825147,0.17870400363642613,0.1855647082196421,0.21352472926073177,0.25133599797162826,0.21501999552615916,0.265837427695504,0.26557446072673885,0.3118651761848309,0.6423034397384102,0.5011849870793104,0.49609780135604903,0.5175630515574379,0.41407277538482773,0.47644915713792285,0.4953396241814282,0.14342837986872223,0.11578971909348716,0.16409652585483112,0.19613880642270815,0.23290497693886514,0.2241605851834712,0.25365860506725885,0.2257796247208873,0.17150608391127456,0.313083591837852,0.3883176444284089,0.38666205146273847,0.3146025466962232,0.30892077009121793,0.2537950308916621,0.3445726950619157,0.20005991601371126,0.17123067412292797,0.37763798359461787,0.1747987250051798,0.2598460014198686,0.1164660767417293,0.38647155567456454,0.2736186833630568,0.16450679080882596,0.321707543005796,0.221642358276346,0.2312137721423793,0.2012647905897408,0.21027102120909472,0.28299207084212513,0.27175979943048323,0.2215683694347239,0.11323911708802596,0.18858463668995004,0.2270450397979012,0.35830421237145804,0.166787604468341,0.2096335059205012,0.1909846807733682,0.23915335741932126,0.2895380232336813
0.2920305637434041,0.6155969822634391,0.5764039764160552,1.0,0.6872852441124541,0.4164601402507752,0.3995314049137238,0.5986480787984437,0.4242551265172134,0.30725404702474873,0.2130856338684408,0.23457184710565926,0.2345506256635397,0.28009338470437656,0.2625801927586087,0.5661403961543694,0.27514722383849466,0.31989189007077506,0.253358207027581,0.28577410127406416,0.34871323688277456,0.3000821875038946,0.2353164498954519,0.33897458277191356,0.1638903341566998,0.25322434320293324,0.22590828272753594,0.1474214628492755,0.29094371756194065,0.1669111080666384,0.19973107577455868,0.20058853609213773,0.24612438153129368,0.2809729254443409,0.2631545765189665,0.28441397322926154,0.2671900054349478,0.16308506977114978,0.31267793930386484,0.30810774801664376,0.2307882461195128,0.2292315295311829,0.2147980566786107,0.1846108907696473,0.20139227088848174,0.25852331500680964,0.2661708345711126,0.24077753738631966,0.2831313316160471,0.3235314844766265,0.2305319384443868,0.5520799776700338,0.48208632399083484,0.6863588483123819,0.5441667977705958,0.3343015341033422,0.4241057005959513,0.4396268933434242,0.20595714472505575,0.1834994720668593,0.21931333994335017,0.2169478954941031,0.2786945359805201,0.2065202005862539,0.3162870503312129,0.20434987521177586,0.19078911445851215,0.3288209720493153,0.4775669090019464,0.35733884977983776,0.336935099756362,0.40818468711211353,0.25194834042069764,0.2857238674740498,0.22477715509361637,0.16078253305231813,0.4263983969190734,0.19780101037540823,0.2057916374946342,0.16241614124851192,0.38363182619078173,0.25296484288455795,0.1887963197732697,0.3769839998723316,0.2569085596937981,0.2947690254954515,0.2648191420557876,0.22741472084024633,0.2728669896407879,0.3538503672657541,0.17302867703186003,0.179822756825307,0.1610853944104962,0.19282310636901648,0.32033571902236757,0.18905651652894773,0.24072647009235545,0.195696926989282,0.20803020322783378,0.3521194047200121
0.343875951601173,0.7223127570681278,0.5683301252213577,0.6872852441124541,0.9999999999999999,0.5395196903144813,0.3929966026618355,0.548055071417823,0.4370938901229179,0.2906103436047906,0.19974879983522414,0.25186780880561727,0.20343081260605078,0.23957164704658315,0.21332300860124367,0.6031710785381472,0.21118989862901458,0.33962364581991156,0.20796103754908615,0.2997806143842906,0.24012559816752316,0.20926431501757337,0.18892962515503534,0.3472599058044885,0.229575896775865,0.2677961062928152,0.19473085084004624,0.1796834287395478,0.26128084590146655,0.18339085998847607,0.20925169135948035,0.2733250897070288,0.32780991316242064,0.2567147479436665,0.2584003546567428,0.34441091530334256,0.27579846581783557,0.27941607151985065,0.26230234349470716,0.3266889836671518,0.2567021003587799,0.2680713479958259,0.24459867873947577,0.18970463360759662,0.2817093150361576,0.2020936834577533,0.2158428858256514,0.20885090638701737,0.30221705044622377,0.3128161214879122,0.3409853611150846,0.5904870340904257,0.505690189038607,0.6745058934739556,0.720094378264372,0.3607835754474561,0.48238785815206986,0.45650842717553286,0.21166422175238206,0.21108284003253225,0.24716932862473118,0.1992933259663359,0.31650226507921864,0.1917077080060443,0.2221129694275999,0.21541906082608564,0.20235812327978706,0.2558011772423693,0.4565072391483181,0.3764949307124155,0.256131604829597,0.47625363466400744,0.34357033248395813,0.2736197841798058,0.25392099994855516,0.18587542705815363,0.282494965885463,0.19454615288141078,0.1588000325774021,0.2356542512088856,0.3578651775327424,0.31069082559033123,0.1980363618553596,0.3264852127787213,0.27585159287900196,0.3517533337969062,0.30881818539572453,0.21289492790436237,0.3592284604477115,0.3880038547795689,0.20948276663029464,0.19232921386850188,0.13288418105695848,0.18305313925281996,0.32204141069681497,0.1875902318440037,0.183448655770055,0.17723760249641773,0.27298774599382286,0.32356951981410087
0.3415461157304147,0.45992647495628347,0.484729787454661,0.4164601402507752,0.5395196903144813,1.0,0.4918655959326314,0.5874210983237297,0.622870736286248,0.2626428105550038,0.20641800678162192,0.1720595235766299,0.2540026948246541,0.27980472066866147,0.2548404622029276,0.4804263711342022,0.21216682062031597,0.35852078717741825,0.2771172349558866,0.29595598337013673,0.24168899988083783,0.16526656939812712,0.18046216215769667,0.3177475757067285,0.24467588737454116,0.2101961082763223,0.19573162888096932,0.21658734163544188,0.29954283198291676,0.14976025199683105,0.17013396894336022,0.18716907618089834,0.230090188504217,0.25230863829652095,0.20667938474045602,0.4601123452006869,0.16932655269206623,0.18322760551307618,0.3407041798121277,0.42706318257632103,0.20235019985222433,0.25886357223857304,0.20661852306049688,0.24015982959462728,0.25912382558177216,0.15187922435203105,0.14335626070167914,0.14308788981983292,0.4385317214806963,0.3235868565818866,0.2793650321811456,0.4933419278634703,0.4472377204904575,0.3575520852305021,0.631592366159484,0.6199726380562166,0.47992678950795764,0.45731718513360115,0.200411435059354,0.19109384170277052,0.19555250435797122,0.27948130161652335,0.3842628050958531,0.18969415541503884,0.28807759890142,0.302173499457747,0.29162642524224547,0.23092762886202095,0.33625997145791614,0.40334263660658254,0.2598915476422008,0.31061215025891087,0.3580439426014705,0.35767314791939775,0.19680622168914624,0.21723280557278646,0.29467291816439345,0.20086269180850208,0.15328994150742573,0.17217536928733332,0.22435607549410616,0.20152781203216422,0.1821055726177089,0.25880527754292026,0.22790103896047426,0.21092791455329357,0.19179156901368585,0.1562396446463196,0.38133895783060523,0.23010370579414222,0.1552307944446408,0.11729405473049159,0.14759396393943136,0.20230704758288973,0.33238821038561744,0.21689846962777573,0.16373733534964907,0.16737858780300616,0.39951885613827764,0.35564143006557847
0.237463817162126,0.4327350160093497,0.4124722105128717,0.3995314049137238,0.3929966026618355,0.4918655959326314,1.0,0.5658760993163384,0.6499119102169053,0.3122525301927271,0.17622478495869986,0.32426727294241237,0.4468227969893713,0.43570943065355633,0.43446498874527173,0.5768124566595888,0.3879813018988378,0.6253158971054725,0.37800705088078573,0.5333543685729812,0.449879747858363,0.3540484072874282,0.26880854936345644,0.48481387155208744,0.24241439191177808,0.27831778645781957,0.2541236398694177,0.2563972408781726,0.47848351189300503,0.1936250390181025,0.21213279552816036,0.17627445933141866,0.21694576438009988,0.415329497548681,0.38546057476202483,0.4145814283643865,0.22043221174996933,0.1968806516279307,0.46860695452793877,0.6375612115227768,0.38307537119611434,0.33121821415146824,0.2999312683820882,0.25246572047759636,0.19450796879806084,0.2817534200228761,0.2374690201553847,0.21186919798597117,0.36827240025491453,0.3264229097853077,0.2534284741922669,0.655501872242717,0.6537267347451519,0.3123599327057061,0.4072417970033317,0.5504371860283637,0.5263703190808758,0.4299994855811014,0.1720434972034061,0.14682015299652443,0.22655183970570775,0.3317613829045697,0.257025226043131,0.1687506787667542,0.26860366260143975,0.34614475704442377,0.35153751973441677,0.2624466991012863,0.35659568100249167,0.44947673713919306,0.4370522816262147,0.3026971319903758,0.27029956010496253,0.3652018562948187,0.22462967608590825,0.1994316077475348,0.29556933561330045,0.26785729330861996,0.2504152345461007,0.14993520613013436,0.22856278194947152,0.28638477646730315,0.22376281586896365,0.20143062805853304,0.25879497452996225,0.23408476174507636,0.21411330120390082,0.2810843017281547,0.41060247058131827,0.32721566193942125,0.2347273152249963,0.20099995244241112,0.157572235455711,0.21495004034199217,0.2798565986550993,0.19927546591979786,0.3018631947864463,0.22824799593196674,0.3935834274088635,0.4212535458364639
0.23717307281391303,0.5111391935470627,0.5868275316132281,0.5986480787984437,0.548055071417823,0.5874210983237297,0.5658760993163384,1.0,0.6159954306264818,0.32651076703624216,0.24160864579079394,0.2243278971051697,0.23266877289416432,0.28347860791753726,0.31295558566492093,0.6415706489846166,0.3030288634829373,0.46244676367553117,0.34205070668103,0.2842751490928694,0.2946294683645412,0.17981995982092439,0.1898239987377965,0.4819579545007738,0.23771660115693247,0.221308829669989,0.2370065313471281,0.20626490270513625,0.28213655576356983,0.14208069173204174,0.20075518493616118,0.1883763477685997,0.2127960702212766,0.30557193960248846,0.3233924248249794,0.35318396555464027,0.18263446985179368,0.22819512733569783,0.3895789580269862,0.49558185704768737,0.18833135800101658,0.278171967270147,0.22820954398245405,0.1832239525896352,0.22926016427062862,0.1716360604778436,0.22178411862637876,0.20895887688065376,0.3163882245163927,0.2344217513511777,0.22956775167628143,0.5748098722671885,0.5641539139711583,0.5354660016767512,0.583642097300988,0.45035339704889255,0.7773218130400282,0.7291647924570159,0.14979561150150203,0.12456422558183418,0.19555624893505655,0.23207985697769054,0.3188303610543557,0.23159044417586883,0.2730493574716624,0.2758445127514088,0.3442283627190567,0.2853490582083291,0.4653440038686586,0.4809542177796565,0.33247694697699975,0.3098422984042874,0.3327742083937343,0.3625842177591152,0.20008855173748383,0.2151108969431044,0.3326151637807792,0.19318496947319339,0.2096976549384593,0.14774150974187575,0.3893747606929975,0.2667210092008485,0.18506840566158522,0.3145282813386992,0.20746105958574293,0.23043322119332468,0.1893884266171487,0.180614149418412,0.3827767109999894,0.3414498085061354,0.15818271860128216,0.1833411017800979,0.1481298974906177,0.23976962687785516,0.3086947493027065,0.1525931240486303,0.19041851689631414,0.1380416531445587,0.33369324311041315,0.3414379271082344
0.2003992577085313,0.5004138870602833,0.5535746741051583,0.4242551265172134,0.4370938901229179,0.622870736286248,0.6499119102169053,0.6159954306264818,1.0,0.3737190197180065,0.1800430097632262,0.21785313741084888,0.31907399307040224,0.40054564384628205,0.37521988434297554,0.4736089852727173,0.2993987134551602,0.4839010904090968,0.35295687684384147,0.45691082946048966,0.36922088425975647,0.2099401513387265,0.24264753340706502,0.3850714098009227,0.2584078955998638,0.20771206293913155,0.22108491429401703,0.23600738169626745,0.47758934636534944,0.1897989679590405,0.22348872226075675,0.12235419962427124,0.1414211056384896,0.3330269622267252,0.26158937811469934,0.4545733987139574,0.2075540995812268,0.16604348103976616,0.3468808369931136,0.6352321428880434,0.27596992481882304,0.234188425244764,0.2314454278615135,0.19913066099821652,0.22000580586404286,0.20536555208614793,0.21787246682543795,0.20933210150380582,0.37222717732350363,0.2993019419184316,0.2725232926761983,0.63131773089035,0.5445432457517551,0.36182188091516465,0.511806980834231,0.7845503728144471,0.5943090500374564,0.6679982993336827,0.18018059661227528,0.13231438996292494,0.24556133555439832,0.2647998656845526,0.2936948682910208,0.22110950447085972,0.2833499257118346,0.28979052385536475,0.37355559153318846,0.2702433667925672,0.3662336085444357,0.47033363226749114,0.3806409733840891,0.2912265573389464,0.28616035997189265,0.40765876472315404,0.2699408035541743,0.2591975230230118,0.35500476527972585,0.24404611578611482,0.203050626552225,0.12037668433665077,0.2643648435009834,0.2800317935942628,0.18666959419945278,0.20069081854221552,0.215752218005309,0.23374290935469685,0.21176010569677384,0.2508900453524889,0.44394941054076575,0.27950728160164995,0.24954057694510443,0.1866326248744771,0.2544970034441234,0.24718248796653422,0.27027752148129497,0.17022453454686315,0.2056020564023768,0.1995718509674963,0.48180386719354745,0.42341209523517764
0.28867312952367435,0.3428604372569088,0.2933488257238239,0.30725404702474873,0.2906103436047906,0.2626428105550038,0.3122525301927271,0.32651076703624216,0.3737190197180065,1.0,0.38468277751695273,0.43997024929496426,0.21887357976645772,0.23999555180822021,0.201388063595892,0.21921837576342798,0.19119491150908088,0.2123167909139029,0.20603406321130852,0.20350597090912742,0.20146408268690918,0.15430061350026308,0.1591983421976788,0.34690804943411796,0.3710175887455815,0.21993716047107928,0.18731603812986403,0.1631618337130319,0.17629562197952858,0.17735698982697748,0.29926281705303454,0.1693619127621203,0.1357742340135042,0.1700434486452976,0.16625987589940777,0.260885471248095,0.18031772652834735,0.23583978280235335,0.23618463661463807,0.3729190191388511,0.2404311580727903,0.3313715815450396,0.24519588119689725,0.18358931424250372,0.14709937682712776,0.21109730638885296,0.1940061869093079,0.24304278485530412,0.32965880867693537,0.18802997710088495,0.233313850577618,0.3466810253441263,0.1997728345968853,0.28786153653065955,0.2507389679895903,0.3656734151820234,0.31457202287804575,0.3262147610133412,0.48852623526592476,0.32994087893192403,0.37110137166527807,0.14360201974156184,0.2827781726887522,0.2860960851183226,0.2535074414116176,0.20177035480612587,0.27232545736584624,0.24385785851405725,0.2867692401462336,0.27338479107189234,0.19162600998548857,0.17355269894247893,0.2428266633321841,0.42387433385777307,0.3002443810422688,0.5156885226969207,0.24159901350553067,0.2817933556753599,0.2543059623843711,0.19385933279607775,0.2824865893627761,0.25676221139757266,0.17241216740683676,0.22790159682157288,0.14329993309049632,0.18766929972940127,0.2170445095566021,0.27470431111778354,0.25143084815788674,0.2713855424819349,0.277544357808344,0.2796766779027222,0.34913673494855096,0.4296866401781948,0.305301306312748,0.14220247182958656,0.150844244370787,0.21171766552381258,0.25068042721334366,0.26117249401915166
0.28133241750777793,0.17011687714853235,0.159343864094774,0.2130856338684408,0.19974879983522414,0.20641800678162192,0.17622478495869986,0.24160864579079394,0.1800430097632262,0.38468277751695273,1.0,0.5215256463404667,0.18580494786384535,0.1356105382146557,0.14270127133303323,0.20222668360681806,0.15128575640571812,0.142890164858574,0.13714913131733028,0.1685831333077238,0.09570907950934478,0.10983550337250657,0.14177428785914165,0.19794139363793722,0.16473152523137474,0.2723822990339347,0.27472180235974475,0.2143855293866056,0.10406130903812973,0.18909625932702917,0.22371905167626668,0.25903800982319986,0.17865982778851358,0.1606876487580022,0.1852167354516891,0.2762268191496947,0.18475873618969307,0.28067933876439816,0.1932666402757995,0.1929603920894326,0.3238492944818472,0.4448690283213477,0.17330455880188858,0.3526131911668439,0.13791486915398518,0.19113185157027401,0.19703304251686973,0.26558983841816736,0.3302163864014598,0.19930902915281262,0.21651565110325258,0.20994876686405614,0.19959010306628833,0.22821598495200468,0.19414745382036291,0.23529478929016145,0.2189398863675989,0.26289997324426456,0.539506886837464,0.6514744749068814,0.6427395223956848,0.17960909595800967,0.231089443694141,0.15181095339743114,0.20951542269641973,0.155346286632701,0.34080026915145967,0.16652747448900537,0.20255398665623717,0.20572841464727898,0.12957430064495198,0.17954120719521882,0.25236872089614,0.2857821882704552,0.5440122260460067,0.4257869724322557,0.23495521847123108,0.3229861327968301,0.17655748002677998,0.247465271027853,0.21228875715577536,0.1904466912300491,0.2509792668334978,0.23065520653608065,0.22878862858394572,0.180081851578758,0.2314132133225955,0.2879075880320024,0.25708083568178575,0.19687977545258506,0.14956978931707032,0.308030447688195,0.2747850664132773,0.35708934434838546,0.33457751677464675,0.1645946616276791,0.20059773030211475,0.23967980562559338,0.3018773641885425,0.17374437939972467
0.29577764306996857,0.2130225969804822,0.16359952484136606,0.23457184710565926,0.25186780880561727,0.1720595235766299,0.32426727294241237,0.2243278971051697,0.21785313741084888,0.43997024929496426,0.5215256463404667,1.0,0.5338090707728353,0.2929307132208355,0.29919133569446077,0.19125253825697336,0.29083373071177737,0.30647971790528855,0.25282193757590765,0.2600454024842235,0.22018706935698817,0.29678107743739024,0.18480718026539159,0.3952212284768863,0.2061324152541953,0.5514768674523456,0.2471966997250138,0.20177634218612767,0.2495981176198718,0.17174360448627193,0.14146811377483118,0.2219722200231872,0.16826618414646513,0.24477977717094399,0.2680417636033199,0.2154893686741744,0.2078960591527799,0.2754620086581158,0.14261842075052036,0.21598826763729448,0.37866971359954976,0.48189885274588035,0.40254881998194547,0.3871243077212669,0.21798213093600768,0.3055472262884982,0.20616887614051785,0.23416915638588953,0.22108012428141477,0.16776973094152015,0.15787009294993862,0.26416013572063796,0.2105774353966931,0.25812799794949554,0.22515995776956405,0.22775758751459793,0.2456838457013467,0.2288359209331341,0.3975863145889395,0.4949868153931744,0.5238583093442634,0.28508513318775636,0.16137792805837528,0.11619540025370557,0.2101861149253242,0.21789317372555736,0.22115310012372977,0.22732229059832398,0.21023930564106874,0.15133903831671422,0.2080995454348963,0.2806064151106077,0.154004349227704,0.2775823923182869,0.4606226951711571,0.48833649634498827,0.20959030593417566,0.22686910829732412,0.15576956716999113,0.15853400293002518,0.2927515786296281,0.23625791171006913,0.23397578728822274,0.27754749446083793,0.23543786357668317,0.2817301910114351,0.2295681432170701,0.35312813789108305,0.27894323199597604,0.32431067275099834,0.15206163124918987,0.29475386826203265,0.18874461399047265,0.21891156314662363,0.2892994119479365,0.2729024442103614,0.24656288736724974,0.3158846196915992,0.2700988704075841,0.2003254584364407
0.19037531236347185,0.2207220523671393,0.24197783348738786,0.2345506256635397,0.20343081260605078,0.2540026948246541,0.4468227969893713,0.23266877289416432,0.31907399307040224,0.21887357976645772,0.18580494786384535,0.5338090707728353,1.0,0.605158308278582,0.5317919070095528,0.22544389085004038,0.6457293776853247,0.48574695757782815,0.5350150375274704,0.45036430794050075,0.5203232189759304,0.4945849029982597,0.2836820124691688,0.44442720956471965,0.15653381924598608,0.49284541153877925,0.20860844329886313,0.18182687631416933,0.5328765397874701,0.1279833197783246,0.20396496905668074,0.21109334818776027,0.19127984556973973,0.3989541163254011,0.3667432593850522,0.21558491192650597,0.20274606535777376,0.20866617908918206,0.3071065083804551,0.21189164479609343,0.2567975148579568,0.27663481088509856,0.46913020082984697,0.30182202242994055,0.25919412337147263,0.30355703155326774,0.2495672349064667,0.1512243300812398,0.1546298313886415,0.18989519725194587,0.18748559088858283,0.3106728366105064,0.2566699273944039,0.251385645321313,0.23169205495888953,0.29792367786146473,0.263195870293224,0.2071979773537026,0.10325594721855078,0.1440224149337705,0.24786952247977836,0.6143314426642017,0.28795735932798133,0.19713229902445029,0.43684891734150655,0.37568195346648514,0.14412466070031688,0.42487927915912366,0.2833861919765032,0.32081718759802785,0.4805115028770876,0.3492146637282344,0.143938145008312,0.21021264057374528,0.28534288166866484,0.21081760709926858,0.34005003440698384,0.16800064192868336,0.2507308728490007,0.18496631187903773,0.21366432205576857,0.22106975220414654,0.27132098383075937,0.22414613396466038,0.27678791651953455,0.3001713045952121,0.23167204342229294,0.2632388413677586,0.23577063021711545,0.3298172356190526,0.2821452081640391,0.20497047885575342,0.11033685464016443,0.16090513943555412,0.2272693975083425,0.29805604802092206,0.28583395516074694,0.24173752681601893,0.22070551307188957,0.26909719833342594
0.16933802008931859,0.2604425137323793,0.2814817887812114,0.28009338470437656,0.23957164704658315,0.27980472066866147,0.43570943065355633,0.28347860791753726,0.40054564384628205,0.23999555180822021,0.1356105382146557,0.2929307132208355,0.605158308278582,0.9999999999999999,0.7851708241919098,0.26290688046460337,0.4616351195235787,0.47075405844583534,0.6710754635445135,0.4826819608714012,0.5804633927853079,0.3516902506469288,0.3167233822684258,0.36285871358271654,0.20175664755760117,0.2992224095502918,0.16930009423752157,0.16938790226544878,0.5980461137581972,0.1422515324522489,0.23675984161718513,0.17715149491871204,0.19506236245364866,0.39368567891040085,0.3114698596699115,0.29384969255594773,0.2141517795468819,0.15648521931413065,0.37956649227575867,0.3158391358420038,0.2681039599867486,0.21376636710628147,0.2535936544265993,0.21554489674108548,0.18710267823316937,0.26161368443766464,0.3106848382941494,0.14294324549646137,0.18225224416890826,0.18092580431701155,0.16658707385904367,0.3457275729179823,0.2936009745329972,0.23512623266296953,0.2435575030232009,0.35599325063458087,0.2833772563910761,0.21863537732986285,0.12465917420808675,0.12868704431013836,0.18384449204473174,0.43512853622312053,0.4345874556356656,0.4302513618414714,0.6412118960768268,0.5825192777594076,0.223574618835022,0.49092429059261844,0.3635365321619504,0.36363185559802824,0.5771747658039388,0.32808296913594354,0.2329021822170928,0.2673250498522317,0.22971009337765133,0.17653561149919433,0.41090207325881567,0.22651579301742328,0.24985281686906924,0.16051615648776296,0.22111048732166913,0.23294911832070878,0.2523945757857158,0.22679607746899144,0.26081453869851734,0.25887306662805337,0.2611138226946635,0.18715251050463785,0.27743112984950147,0.3012150853021682,0.26405752237813745,0.2341243380467542,0.18646607286596667,0.16521482720280253,0.1739998733882538,0.22187903034850298,0.2727258346378489,0.1806786266012635,0.2510701451949284,0.3349495927739975
0.21050654495485324,0.22310432183738552,0.2743082652387502,0.2625801927586087,0.21332300860124367,0.2548404622029276,0.43446498874527173,0.31295558566492093,0.37521988434297554,0.201388063595892,0.14270127133303323,0.29919133569446077,0.5317919070095528,0.7851708241919098,1.0,0.2880001661536543,0.45219713812031787,0.5134094149292986,0.5928335127715695,0.4473436824456198,0.6262066499246816,0.33275743406372343,0.280871746196876,0.33492998622572157,0.19594509508324692,0.26136707925872527,0.26727446106198477,0.22083429380877007,0.6034386440671159,0.16671805995206937,0.2515800976202825,0.18140311120769093,0.2026219992526539,0.4288709060260027,0.320239677507376,0.22345526760696058,0.18959637051561157,0.1825505623766515,0.3013404783241555,0.3207762144337481,0.2275183914813123,0.22477424256665876,0.16753211288635478,0.2558853478145599,0.17603458222776136,0.34232139568679093,0.2694024651413708,0.1795568942504064,0.17232328633412144,0.1368292369286286,0.1984257621994163,0.34340554775519894,0.3378696296938166,0.21793958571818284,0.2434930534464425,0.2990885393322285,0.3120112473076616,0.21600924730413648,0.17074108433035817,0.1469494306371963,0.16421032418575515,0.36086751896051816,0.4171356010569067,0.4115676250507164,0.6511600256519421,0.7175642801968842,0.23762624565552581,0.5187739310526305,0.4085856506680326,0.40801854055516174,0.6291909416457425,0.2987454078562233,0.26631106577466374,0.2212986363492953,0.22984127116588815,0.15920765613100366,0.48813827983405894,0.24949876365585041,0.21406495604579098,0.16444681070981512,0.24206496714394907,0.16439002656858992,0.24186213930457312,0.21009029910338306,0.32628627969912094,0.2568961610691257,0.21447332549879367,0.23830561243305046,0.2591365892106498,0.2966534271730936,0.24522246441696932,0.2716632658090908,0.14454492145934425,0.1587215441144512,0.1331305873246489,0.21651933247929603,0.36256667658769404,0.24397325151628543,0.23388279068563578,0.302197843437951
0.2515157143550342,0.665914533708399,0.5532908016833108,0.5661403961543694,0.6031710785381472,0.4804263711342022,0.5768124566595888,0.6415706489846166,0.4736089852727173,0.21921837576342798,0.20222668360681806,0.19125253825697336,0.22544389085004038,0.26290688046460337,0.2880001661536543,1.0,0.29746170316555376,0.4620288771865442,0.3173375646986967,0.3393039546149606,0.31528022447021925,0.30104948160172373,0.1687846273361996,0.41979830128771767,0.18682866237401233,0.19505469121321944,0.23270447616223297,0.23902735504405342,0.3624076345320262,0.19490234362525652,0.17096846542038727,0.24675905607779502,0.3978665379042248,0.3780079753899726,0.50285865033075,0.4221045874705983,0.2794237253101667,0.22501791649332956,0.30938138832287065,0.44822165029905564,0.26046428079231254,0.2557392298842447,0.24371358827185285,0.15842931017578696,0.24002973620887819,0.2808696631984525,0.20062832233386277,0.269145836746243,0.31787186169961446,0.2836849420968083,0.32293119725585745,0.6610939010052809,0.6829299559781464,0.48077249073423445,0.6116066705228416,0.3499158348270235,0.5182089971069564,0.45716951627194063,0.14658105848978734,0.1424879056450871,0.18247877748502525,0.1987897203786009,0.3605931964284268,0.21904998598332373,0.23143225819116098,0.22230999575042076,0.2820019264657329,0.3522709466734634,0.5328071034708637,0.4852637532213594,0.32017499117291826,0.5287923848194719,0.29094376976882347,0.3099293299406265,0.16747804315444484,0.17473506789441537,0.36628931201787174,0.21188278869731875,0.16681012731462794,0.1904391482889889,0.40729710242086625,0.2554655283828498,0.17761031357966026,0.39007264311908124,0.2505060532264858,0.3515182445818226,0.24077352577128852,0.2195127806784319,0.4105639945403683,0.35331291090197037,0.19438803734433435,0.24093127689329216,0.06964126996277038,0.19198314055409238,0.28235220335209826,0.1511164415277924,0.28344114589912645,0.18260588813556702,0.2638186772407275,0.36187424708456767
0.13099051645915558,0.26663896981449686,0.3067972934311614,0.27514722383849466,0.21118989862901458,0.21216682062031597,0.3879813018988378,0.3030288634829373,0.2993987134551602,0.19119491150908088,0.15128575640571812,0.29083373071177737,0.6457293776853247,0.4616351195235787,0.45219713812031787,0.29746170316555376,1.0,0.6042860671040535,0.6058066233727011,0.5130714544209021,0.5542572386652665,0.6868162306736341,0.20819097038040965,0.4409482204977027,0.16501578119752444,0.30353825876589074,0.1556070231493576,0.1554205302503758,0.45853158933537513,0.14390534951206868,0.3206396399616183,0.22546600763540972,0.14840662903765228,0.5495741636924037,0.5164756319945188,0.2174935572573936,0.24323939131700612,0.20197985041631106,0.29818870526589275,0.21442839213016796,0.2314193348270489,0.13959140839805795,0.2996438483444763,0.19816332776595527,0.19209943759149709,0.2854641032921258,0.1837612477143886,0.1578442021121077,0.22529965573444963,0.20263522594675848,0.2002645386974163,0.2700306906804712,0.31700478983732305,0.22390399299800529,0.17217026919688738,0.25804967108902455,0.3114646452068547,0.23961432172588615,0.11692732205566346,0.08365306228055394,0.14472737468185207,0.4040986652421812,0.32631568785065146,0.2536784797755941,0.4294926380515951,0.2622021415956426,0.1682448747687392,0.5430004763872656,0.4636988342604544,0.5217370253861824,0.5442767201266641,0.2864772664487639,0.1855911693616969,0.1997125450770502,0.21864126726195823,0.10285004475055969,0.46128180821573755,0.1938772747115889,0.2792249275445948,0.2768781146958495,0.3285084178532975,0.28243711012942013,0.2703657490474236,0.32543442450220844,0.2887636810532732,0.20060797743566364,0.23572528179049967,0.20846125447380728,0.24670078469745718,0.3519118343876116,0.35307196886070247,0.20724304559180143,0.0902754922331053,0.21186965673076202,0.15966598915712524,0.3087029662916019,0.2971870315858171,0.2206509080997097,0.1862536829108192,0.2654477326315045
0.17414678428370592,0.31787305505892066,0.3760678776158049,0.31989189007077506,0.33962364581991156,0.35852078717741825,0.6253158971054725,0.46244676367553117,0.4839010904090968,0.2123167909139029,0.142890164858574,0.30647971790528855,0.48574695757782815,0.47075405844583534,0.5134094149292986,0.4620288771865442,0.6042860671040535,0.9999999999999997,0.5124507634837648,0.6727808591737217,0.5391523824986861,0.4913952669989608,0.30602704749138776,0.48637990272650455,0.20668696346242618,0.2634164459319042,0.23008338014436172,0.208568582518876,0.5127455923453602,0.2309985440274835,0.27248278402557025,0.2471331730099162,0.24139740074721416,0.7364621655603668,0.4715820375373952,0.36879331561589335,0.23315118922985875,0.2546013434814603,0.2663512881646606,0.34320697886815127,0.4101224701116468,0.30586300760367524,0.22174109475633436,0.28458461513873934,0.17579419510957936,0.349326812299497,0.2579022368138198,0.15929608077441582,0.24290335344312006,0.24547883723856376,0.20159473788478421,0.4114033730325029,0.47921989451216007,0.2622848073270036,0.3383238164349661,0.41417503119263743,0.5425101162376151,0.3799946399799151,0.1843497896670301,0.15984686176560267,0.14775627713504685,0.27948259894448596,0.3026522607595169,0.27103598477126367,0.3463381066590971,0.329100736743388,0.24929876189003047,0.4088038631745393,0.4981122979109916,0.7263984877878368,0.5676625971103503,0.32023320522138815,0.32465519514648766,0.21779515457443874,0.263666481603267,0.17635331047906874,0.36618597665700603,0.21949442297606248,0.25296170007116314,0.22768584219428722,0.28772496899537725,0.3149576054149057,0.242394028870964,0.19005958098401796,0.2926100601555893,0.2756508342609265,0.23486397061645717,0.2397595904677475,0.5207547384519925,0.354241107396748,0.2918610671911498,0.19343305727265822,0.09497312202207561,0.20261512004448579,0.1566468298365256,0.2938882138195927,0.3371117956449353,0.22928138772573325,0.31952872860450604,0.38364283431460927
0.13914003563157573,0.27105716018429254,0.32331294593085863,0.253358207027581,0.20796103754908615,0.2771172349558866,0.37800705088078573,0.34205070668103,0.35295687684384147,0.20603406321130852,0.13714913131733028,0.25282193757590765,0.5350150375274704,0.6710754635445135,0.5928335127715695,0.3173375646986967,0.6058066233727011,0.5124507634837648,1.0,0.3826918955277641,0.48707068801372827,0.40236122352891757,0.15540282157727675,0.3317009178804136,0.15691528590846002,0.22699997938116323,0.16490194469760883,0.170411481940166,0.5022471032924494,0.1433229731645085,0.24114658688980725,0.16538029447672714,0.13189789209068015,0.4389909553907792,0.4156731827788024,0.2349880648478669,0.21929389592473142,0.20164794554959442,0.3946346632538243,0.2682154723348963,0.16107919298880405,0.1872093171448098,0.22239891005136397,0.1799243711991623,0.169496569727076,0.3197527146322393,0.13884881187395146,0.19500433090653155,0.22501379461272697,0.17099343367448733,0.16972884690850013,0.32958423744145093,0.29453529822904156,0.1975755158426854,0.23598235744654644,0.26848484500279857,0.33424907758479727,0.21585024075029607,0.12035388838862515,0.09948697839065272,0.14848017690474255,0.34282770807195434,0.3664802668212219,0.31496900835871844,0.5856612590991154,0.3806615636573714,0.1847540666620284,0.5839728153054111,0.4787560140938982,0.4758074422368263,0.5320405535381078,0.2689850015059576,0.21306233704900046,0.2896838098198627,0.22726347406521885,0.13958650843968595,0.4684867799706989,0.17969137281237352,0.27015750838514563,0.18945036845331029,0.26839772238061893,0.21909892581524534,0.2968413654835751,0.23929158134945783,0.2638918080339819,0.2311705922713647,0.2472754421236164,0.1867444551873785,0.20782860428604016,0.281507700087953,0.32308425125499923,0.21716970587004678,0.11315734627678788,0.2150782563333172,0.17765559990132385,0.22876792042132052,0.29800261735697303,0.2509726150931092,0.19884881489319128,0.24259479779616513
0.22469698474632757,0.2785932194958461,0.2704564819542879,0.28577410127406416,0.2997806143842906,0.29595598337013673,0.5333543685729812,0.2842751490928694,0.45691082946048966,0.20350597090912742,0.1685831333077238,0.2600454024842235,0.45036430794050075,0.4826819608714012,0.4473436824456198,0.3393039546149606,0.5130714544209021,0.6727808591737217,0.3826918955277641,1.0,0.517651719685096,0.40770137392309364,0.36849766727171196,0.4082998625478254,0.2320277938332332,0.3179317540439809,0.1960006403397373,0.20469020835813778,0.6117313353606603,0.2511701108235119,0.34395004284173625,0.2690781592152513,0.2504604881600152,0.5762086874891227,0.34247286802808913,0.45237826241928963,0.23884115270803782,0.32811076225044616,0.24820117790115892,0.2752063392111676,0.4403734384296504,0.2679837523266674,0.19941459398987707,0.2635744484770192,0.1615585930269377,0.3194929382172109,0.34372238468369787,0.17910169977656454,0.3450115464531862,0.34139223163922156,0.2144125343530549,0.30648111581184095,0.36258975830621887,0.2957849080578164,0.25999257023326566,0.4642589792827221,0.32515962645486135,0.30243222344465304,0.16490209710809073,0.15814079371435535,0.1284762015043155,0.2606206618748049,0.2713356588803783,0.20000415726623147,0.3404055429501721,0.3210763802133343,0.2947940732722331,0.3029982968297989,0.32418543068834166,0.49109368539945714,0.5365341751389358,0.2753428854894672,0.2772687411881361,0.20602621308188446,0.23835358232109521,0.14253710781321946,0.338102003730886,0.2766290594066656,0.24989342812876522,0.23276280346980957,0.22382704614611462,0.33635688440403194,0.2494766280196091,0.1825405225298105,0.3074401872911601,0.25619052686299754,0.24713531611717204,0.22716295214030435,0.5241722212395903,0.3591862860667581,0.2924632436940635,0.18140507993875638,0.16002499960757952,0.1987448623587337,0.14853942470003123,0.2724261118962794,0.3131155275374811,0.20478498542468293,0.4090518244997982,0.47697035637946655
