0,1,2,3,4,5,6,7,8,9,10,11,12,13,14,15,16,17,18,19,20,21,22,23,24,25,26,27,28,29,30,31,32,33,34,35,36,37,38,39,40,41,42,43,44,45,46,47,48,49,50,51,52,53,54,55,56,57,58,59,60,61,62,63,64,65,66,67,68,69,70,71,72,73,74,75,76,77,78,79,80,81,82,83,84,85,86,87,88,89,90,91,92,93,94,95,96,97,98,99
1.0,0.21312420998536927,0.19058545155556586,0.18731198207179925,0.16966906668835235,0.19920243151446987,0.24714356989884087,0.17446074246373577,0.16497689207708283,0.2576217189095841,0.28367141785747924,0.20554638274467002,0.33723186720775117,0.16378687904807657,0.25487265607044507,0.33258139194567776,0.20917621745367637,0.2597389581215474,0.2232124931986216,0.17161322866167175,0.21229322222690492,0.2391982287827326,0.2842725051733989,0.15731862837970925,0.37250419576362553,0.3232888383224084,0.12172148514549094,0.1696443294405144,0.2506720456331579,0.26901242668440317,0.2018895098751995,0.3159395367432289,0.37648958802663657,0.2088046439116812,0.26770047585888884,0.1809619964834212,0.19090928140665908,0.2630947770863634,0.19224452189606897,0.32817251592467755,0.17542474067208683,0.21294200860310003,0.2141117721698963,0.21118214829580773,0.1600386442678887,0.2577163954477219,0.192645269037228,0.16901266108462848,0.35098231151832043,0.23334022871966847,0.5591906418725817,0.31759900598803836,0.3051015133259606,0.22417026265823106,0.20266687701977054,0.20124890796300585,0.2899890375067504,0.1961671611902206,0.3178178950111979,0.11786237257584373,0.20542432945272807,0.31246349829049747,0.3178050321962376,0.20706389743735204,0.21992269504528955,0.24362408395480248,0.3583830122083387,0.22714942096423152,0.17080455059204552,0.20823356787786074,0.15836789931329157,0.1349960109495284,0.21785448982767291,0.2177043623892024,0.17944269742920338,0.23894904619538365,0.20068443594233312,0.17741563826486842,0.23670296006571842,0.3186222066920671,0.16628867013397156,0.21424204344060893,0.1937763936529667,0.15197100104596845,0.17540328231180996,0.14322318369199663,0.16663545786067008,0.15172989898985093,0.20918122854769422,0.23347972577194315,0.2813242180136545,0.2047970432863152,0.3660539639654543,0.14770291439415542,0.24090822226043185,0.1342002964248745,0.14543022625656074,0.2365796933614239,0.10928951509396798,0.22213648932462435
0.21312420998536927,1.0,0.5027728878609551,0.4967554028612331,0.6545468347345321,0.3954508683066766,0.37182092947292866,0.546906103499132,0.34056582396259427,0.2329594544289898,0.25881390746518085,0.18645874129284778,0.29734824255136744,0.2136078496347038,0.1807184577088422,0.4347337475268911,0.29798308216778946,0.29044422387600943,0.2902489845283728,0.19238177754693606,0.167777539401716,0.17391092727937438,0.21520833842880838,0.1410044173659733,0.15035995019456688,0.1338043916292893,0.17594815845546447,0.17808530108483434,0.22870929325843942,0.15644186011641403,0.15216915087780442,0.15773617126525313,0.17028654630377418,0.13666822094581793,0.15162489706655743,0.2759551448100525,0.27063825712509415,0.22904326453493926,0.24410439200518233,0.3067374177958065,0.19643636294742742,0.15245535396224164,0.200108097600883,0.2275466869996362,0.12326279221048222,0.12912958191801757,0.13290265004117355,0.1649083072221921,0.4229428097333537,0.2016614317540485,0.22087317036520682,0.6692673525422878,0.4819200077248875,0.39856716940329107,0.4411413645996559,0.37660216048038486,0.4977364342056717,0.4087651621580789,0.2457587019577791,0.19244621639005843,0.22502230955636512,0.26893044291955875,0.2727791793817112,0.24670192635670665,0.25586355462991545,0.180741441211547,0.25694062360311354,0.3139051930333031,0.2983548297231779,0.23688645354715143,0.3084452970134403,0.2295731040783475,0.18049086120837238,0.20163994525657367,0.15621509572386227,0.11275959556673934,0.21977237925917692,0.1879127000488587,0.1489307628359211,0.17987686785917845,0.22390544971209067,0.2365575496462597,0.16385053880571646,0.22793341629206354,0.1777468403405214,0.1463545230146776,0.2716955719889451,0.11561579750895742,0.2925842600030622,0.2532508523499557,0.21174630376029563,0.133683798345364,0.1531046345466393,0.17234058285016526,0.17369105423988165,0.1824449534924421,0.12141989891032193,0.22733154171074094,0.2886428942965526,0.23090210977558764
0.19058545155556586,0.5027728878609551,1.0,0.2945719560363079,0.5647895587783645,0.7923518916594052,0.26051874011765874,0.6118059816500999,0.7035295857140887,0.16163607994723048,0.2715298974638516,0.23966805979763595,0.19079610717605364,0.2554807097119104,0.20446995946127097,0.3141184966851409,0.19048851640819872,0.31303842139255406,0.3374904572982794,0.2452622699924253,0.2678948742494386,0.21903670094997316,0.12109757188400906,0.16725546963196142,0.1273068133857011,0.11517590425336598,0.1518543894117532,0.2584491215423629,0.18499207465371065,0.20743407272485398,0.1431124816572917,0.16477909020989778,0.16833448495991143,0.11479325205353348,0.22238051367621212,0.3120438669089058,0.16830788661474178,0.15182490876717453,0.16249638205888947,0.169010650056497,0.10626375059150829,0.11585559686721907,0.1630713059785357,0.22031746752114095,0.17802202270501113,0.16169355119615214,0.1485297883387815,0.145266060822919,0.5182536424764721,0.08026396039003872,0.156152800133786,0.509339808546827,0.19927822097529677,0.30613404162111757,0.8176831035213497,0.6227587201461265,0.39215886609180467,0.7805906959642921,0.1938479292665541,0.16591077157625733,0.20027146277198932,0.20842440383291583,0.185165948158743,0.19152830574843005,0.34842631446739425,0.1901785195689672,0.19419972948069397,0.29247380170504006,0.2952634733928496,0.37122677562772444,0.29618170313560627,0.10972191457030567,0.15105752993896743,0.10977875432240293,0.18360790337959781,0.23585682332980148,0.17128232345602043,0.16595640747072934,0.2203233558841551,0.1873271988095753,0.16950685643284313,0.1738269065428449,0.16485415755676922,0.17667338698534013,0.1770993313587617,0.15530987668226012,0.163994459773694,0.11941278140154703,0.23692617491919435,0.2135825194203741,0.13458854319491384,0.06778783686982065,0.13719738601159176,0.2296310332921287,0.17527742753424477,0.20915392645618242,0.16059263424849782,0.17644908044676919,0.3500753608728976,0.1241332167337876
0.18731198207179925,0.4967554028612331,0.2945719560363079,1.0,0.5292246165997555,0.2841035525692875,0.21702788828915875,0.4584279084044195,0.2089961115530973,0.18294280370706814,0.20198999535784892,0.14025127604022103,0.14735386665499883,0.20057754927190619,0.2322917271907905,0.4395988906927373,0.1390042867722436,0.18897929082904305,0.20223333338935465,0.2238895972929703,0.1694807726607825,0.09288036874531622,0.19034716314699046,0.17377570644131443,0.13889687713406132,0.12688600334703062,0.17240357561579317,0.19607163458597401,0.11670275639599761,0.1569593222762732,0.11512385396507616,0.1626272351573611,0.12461233408236362,0.18365091625688781,0.20816886848856786,0.12741307527325432,0.16277449376759626,0.16774346738552645,0.21423710291323775,0.21752444536961868,0.15071020548664746,0.19329400069501465,0.21960409212654977,0.1943553280984835,0.21639723037098077,0.1635905618087774,0.15544373267003078,0.16751244505964683,0.19974069154601984,0.18292798742569097,0.14754344523707794,0.4665340459223476,0.4642510747208288,0.5925328878015583,0.2830592790497295,0.21022233868344084,0.4141411139887572,0.2557335406183049,0.23657268929422834,0.200550877372451,0.22065150874383346,0.2865961679385552,0.24834892188094468,0.18295344622533205,0.2106952566433025,0.20103979701462588,0.2153445513685302,0.1549913235189873,0.2792707563382908,0.3040735154953757,0.13703844376150554,0.18665252022415288,0.19386997504831943,0.25458755386538867,0.15599850961651515,0.20126389590587895,0.1404810877764003,0.1587582747106755,0.13454683065308445,0.19573272118664758,0.24005300623158163,0.18427116447282418,0.20564015264568267,0.26816506440302984,0.19365986208707017,0.1589220941191611,0.18662900995792697,0.1395839694301202,0.18203360360252968,0.19795871512035074,0.26571890302696816,0.2153431079561854,0.245776466984356,0.26542517289366235,0.1842901936316526,0.20257600195177988,0.2173001755559859,0.1952027388641217,0.10529834229738178,0.19763818776746256
0.16966906668835235,0.6545468347345321,0.5647895587783645,0.5292246165997555,1.0,0.5090696733770874,0.20794419046582024,0.5336229567059813,0.439045749553196,0.12645257080877514,0.2445600512680919,0.12389615029585148,0.20355676479921875,0.2172399689932212,0.19015130066117725,0.277630030109153,0.22579383578741552,0.2556962369712852,0.35354292085383293,0.24844692385960174,0.26046466057351075,0.1720742858355004,0.16901675666753793,0.17319281117721644,0.12124393775908532,0.1415868208900234,0.17537342793706526,0.204770100850024,0.2229331218973019,0.12375324755231182,0.11625447333422874,0.1359722543205478,0.1493731150297623,0.11448199033737656,0.1666008622887703,0.2742031247384099,0.23751159697861765,0.15004841155962054,0.14246738256041494,0.19031977092740582,0.1810925871819488,0.09032333094407162,0.1415091502977227,0.2741667461497834,0.1516993523223334,0.13349417282369333,0.10980615866370527,0.20671807797607003,0.3684394416757717,0.1761657920878431,0.10085090770318106,0.5132891005559269,0.3583595921420696,0.5897576427233819,0.5900534814131404,0.39763437728581186,0.3987121258904542,0.5187078425495053,0.2101045320864874,0.2160887964030231,0.18728600229349396,0.24523552668045037,0.2415324493424337,0.29094116432976663,0.3294234995589062,0.17425437223301152,0.2581218635636495,0.3149822198054509,0.28005419604815385,0.2784831975154178,0.3082724641400151,0.16413724335851865,0.19705212686116383,0.20732381678537196,0.15244946704428153,0.19852584096503148,0.19279640780119323,0.16414794758939685,0.14969385179308325,0.17513529073156078,0.2256220153129793,0.21758495628458685,0.19459390379827773,0.16775743805281973,0.18702965154524281,0.10463052729381658,0.26187858591160906,0.16104403170278028,0.26821463029009585,0.24112944963665123,0.2145899738967551,0.18865127900142897,0.16259159266387224,0.21729612016035488,0.18354283298661428,0.23873348601531585,0.1286250715906362,0.25392707845589557,0.25143125872667504,0.219612715124735
0.19920243151446987,0.3954508683066766,0.7923518916594052,0.2841035525692875,0.5090696733770874,1.0,0.23954492256031718,0.529570152058319,0.8242227266408011,0.14547435978792328,0.3025074410448605,0.23018319251317718,0.2329612616342239,0.2770186374893923,0.22323494284097126,0.2757858423968808,0.25354740491487593,0.2681517682268361,0.3971427344665547,0.22768573970177688,0.2812222508168145,0.22917646643830097,0.12311747256091836,0.2456056678597386,0.14275704336384895,0.14173918071424796,0.16743710260015707,0.2733942521089632,0.24978065377060843,0.26959502654163214,0.16943282307492422,0.14550061668024536,0.20723582681560057,0.09970411678762607,0.2327150102938632,0.375793547898721,0.18859397559505783,0.14509801316762144,0.1104275214368332,0.1667582956183732,0.08303733003621991,0.12310305970828424,0.15057496922750072,0.28211910508518034,0.15325517321229898,0.19929167030094297,0.1360615243866946,0.1588345973383781,0.5881218245990025,0.08895720062779126,0.16023766903598827,0.5059512755942758,0.21690789300024324,0.3664960209148535,0.870204936302459,0.8158543966594692,0.4264844324412259,0.708354019312255,0.2062000552878905,0.11482495171226978,0.20117479318541684,0.2632389926846806,0.2148509877701909,0.17341807281379226,0.31445417964022426,0.2111983630725015,0.1760976657306319,0.27859085002865935,0.2553388971589281,0.32131057757725195,0.31231934980178633,0.1452283342125325,0.1547450532446037,0.09485404976775376,0.2116650447072283,0.24985143952668346,0.1737920384597726,0.19590270413492455,0.19881739156513156,0.1576870089364275,0.14569096034350545,0.1839659941007158,0.1390471396540499,0.17941760810298032,0.19054334465779274,0.12029312576885863,0.16403873890502121,0.1745297335243658,0.28036716765211,0.18967707422799543,0.10072134726034042,0.06774483937569628,0.10151537332059751,0.2605562037277829,0.13436384832129422,0.21959080931652128,0.1062394769809882,0.24447477203871354,0.3525806442893344,0.1321389007946351
0.24714356989884087,0.37182092947292866,0.26051874011765874,0.21702788828915875,0.20794419046582024,0.23954492256031718,1.0,0.32958324873828027,0.28394654268730923,0.3066791148368431,0.23397919328688552,0.257209138992302,0.32277391379687237,0.1202239096722189,0.14556873174529728,0.35357911567444056,0.19182858796315239,0.2848608876537059,0.17913567555221946,0.24769517512069783,0.1581543089572029,0.1783378382588564,0.2301380634469182,0.26144278508959945,0.3177703926567909,0.12578834191454707,0.20784727917762919,0.1915082251255278,0.20711139735835293,0.18918888824586225,0.1689882202723632,0.2533475428800552,0.1714576135128181,0.21567455744677475,0.15570546890533074,0.21173958380869165,0.24403935673329133,0.2244515513389958,0.22513726590511163,0.4868270422390378,0.2405934282387223,0.30705858435864747,0.21571598414369844,0.19766201962087407,0.1340983705174491,0.18741538763056387,0.1694819079930228,0.16047416129166642,0.3709956233001682,0.20438263911265775,0.2504893689017117,0.32901901357813296,0.3804625161292391,0.16776585451874507,0.23223291990882292,0.23280754844579885,0.20801166509254698,0.2974578855221277,0.2907963933223888,0.2610241655771024,0.31315616994907197,0.19331203221708484,0.2173021862532269,0.16901221243253023,0.14865187369252147,0.12788042710082037,0.39362317170229866,0.16427788870782656,0.1769855006651084,0.17281695848056886,0.20798926223839045,0.27575985498608085,0.18826381566390324,0.355633282852972,0.265720910321579,0.26439551915183296,0.2696634348765274,0.18480809058434644,0.15504941231398567,0.27435459208504454,0.23294303239764438,0.18214453845920414,0.10456314685279045,0.21717459378877246,0.14591878051218984,0.17498987025494245,0.21180139479788046,0.1840535664902775,0.2151192669683302,0.19773285115505576,0.19640608543905622,0.21837609522338777,0.32261504923144435,0.15904851383726387,0.2137198370116837,0.16141044064416082,0.16151383284744866,0.1703333152039443,0.26001389949111736,0.2435827122815269
0.17446074246373577,0.546906103499132,0.6118059816500999,0.4584279084044195,0.5336229567059813,0.529570152058319,0.32958324873828027,1.0,0.5369161903905626,0.16940221552183865,0.2273940422554991,0.17153543007349684,0.16473408903053463,0.32326395026667143,0.1960068777081711,0.33437683974000953,0.21632318473397347,0.46621956686631044,0.3757945571369865,0.27380269811076086,0.16757913892904208,0.1817418416642217,0.1827127914287572,0.2401014169397525,0.08745477292691384,0.07148342077661138,0.1590407515327834,0.2137786977780886,0.19037133902416492,0.23722093879070763,0.12137408002636363,0.12241781131312637,0.13306614819757837,0.1292369039100641,0.18582770683196986,0.3020383264101506,0.17155757192963952,0.10358189976828451,0.21621742995804052,0.20629185098124425,0.15375418745891548,0.18026382331211,0.2141035987249519,0.15613038023598308,0.2374034072841247,0.17558479624811052,0.20840257831318143,0.21776443744522614,0.3509626719512229,0.13392529254249463,0.11089012045367523,0.48780836501435987,0.2763717126759402,0.3081763083416654,0.5930131185612492,0.3926430638101425,0.6113419082873226,0.6851154490864557,0.2113130092637828,0.15882857110114612,0.255805012212689,0.2520444187974324,0.2176805271465855,0.1792250987985711,0.2473309308094132,0.18570301459320487,0.2484425644920576,0.18175680760576396,0.3495882816263136,0.37946263540729314,0.2757641977205509,0.19453553467555756,0.23488073136876644,0.18811322539832429,0.29084528059828846,0.26594521144297906,0.23316116771498335,0.2339100329958082,0.178978052129444,0.11603754771132099,0.26484340246236643,0.19054042467634122,0.20795653389524343,0.36233583603037955,0.14512891256410185,0.23584505681912135,0.20063571307489422,0.1982471318497252,0.3295042253587665,0.2366773835068696,0.12201159770239506,0.09339780808110905,0.16824514598767606,0.324988332691046,0.219278933530682,0.2018203809747984,0.148067932727942,0.2710267140656111,0.3250899728381779,0.18212415454589995
0.16497689207708283,0.34056582396259427,0.7035295857140887,0.2089961115530973,0.439045749553196,0.8242227266408011,0.28394654268730923,0.5369161903905626,0.9999999999999999,0.19601650299604284,0.2512703728991971,0.25563193521693933,0.2708612802355683,0.3419970451572933,0.23086387252398247,0.23526844060293198,0.2601930620730539,0.28452143716641143,0.4000912718794615,0.21259818859916685,0.2627187149901023,0.19674967484886338,0.1312475202932345,0.2624045551217251,0.13196551369910878,0.11132291559488136,0.1728715149015911,0.22721776355564205,0.2356149393558717,0.18129728655582653,0.20132516361226938,0.1503679684840119,0.23474720747719696,0.12176675910487747,0.17805247070649619,0.45597343326855594,0.20253320857535648,0.18571079269747495,0.16440816970896144,0.15368827394719856,0.11373181465411815,0.16168332963356416,0.13106808252180177,0.20906504916713328,0.15604789391728657,0.13099908676778438,0.10109895948915501,0.16460219682316013,0.544847394454507,0.12233915398385571,0.1920358069727622,0.3768938804684507,0.20416200867432266,0.28452722560438753,0.7701363786893087,0.7932446544711528,0.33482417990955327,0.8202332216342844,0.19419114430408668,0.16733784405919702,0.2522592800644572,0.2642112572144955,0.24346595407367105,0.19691949210428333,0.32118219978820506,0.23543195209215914,0.20337515098952363,0.2244063425742958,0.2258174107950218,0.2741139327559628,0.3299676228253713,0.1961356780366722,0.20357113461738735,0.11859446601246484,0.2675260078807535,0.2739234430589335,0.21634110191594957,0.19060436732128358,0.18421087839761266,0.19587416217130257,0.14911792437159468,0.16912237849847955,0.14762142948214638,0.2264795527404531,0.16129924771774334,0.11243232509660965,0.18608720692410383,0.1622464210647339,0.30544921293942684,0.16704078064873748,0.10622642732649551,0.07648942403058724,0.09177819120669187,0.31876803780254354,0.15257251783450554,0.2098715823488223,0.09601746540263197,0.20647654471222548,0.3598075843328175,0.16919703095869792
0.2576217189095841,0.2329594544289898,0.16163607994723048,0.18294280370706814,0.12645257080877514,0.14547435978792328,0.3066791148368431,0.16940221552183865,0.19601650299604284,0.9999999999999999,0.3690966974216425,0.4322624284127693,0.2555075164731713,0.2151673997578452,0.22092796973330894,0.2244034586520185,0.11558407119131996,0.21212716995117378,0.19469468011110927,0.1799639090411121,0.17602465552734817,0.250077272549488,0.1371919707958246,0.16346677617004257,0.21991151584954827,0.12293886197048252,0.1837347446137822,0.1281646181451992,0.18332165730394492,0.11248574491958616,0.23419931328726265,0.25724422551757326,0.2330747070592388,0.24505328042580266,0.18420090616135557,0.16242566103746728,0.1433364319738867,0.41013640678656876,0.4716075221095651,0.39257164553785734,0.2175674895389485,0.2833743838101031,0.1927509622556677,0.10636050411360888,0.127725025237068,0.10039902379495257,0.15393157416057104,0.18614259521438442,0.20856035986498267,0.2211550217683415,0.2641228003627022,0.1978968814954201,0.23460726669601747,0.15148778129671342,0.1702956077414703,0.17478188683457901,0.26966998870770564,0.15726058462778458,0.30290136118709304,0.19197573578060523,0.18584413028213442,0.21823821218216474,0.21355249712494362,0.1641234675550355,0.12020029665549359,0.22486017411576165,0.19749161581440533,0.16280421645877624,0.19894074920417662,0.19989257492367948,0.13606034630441471,0.28709735845973383,0.1347490827220478,0.1690833492931233,0.12308009018594357,0.22926516013885578,0.22093729619363212,0.25985466063973645,0.19631329098596786,0.273871219210511,0.1164178114801755,0.18715082516628262,0.12302667346653008,0.2174626180959997,0.18713370764979825,0.17315608229047638,0.11931305228823057,0.25055089810076175,0.17747724777650034,0.10732076479310715,0.18417481395371826,0.21943518133098547,0.23305338962261743,0.20214031502211813,0.2016568809151017,0.12399062922289643,0.16910121637903583,0.14397765311417973,0.22705378438850057,0.24648719387445595
0.28367141785747924,0.25881390746518085,0.2715298974638516,0.20198999535784892,0.2445600512680919,0.3025074410448605,0.23397919328688552,0.2273940422554991,0.2512703728991971,0.3690966974216425,1.0,0.5278034081088577,0.1310220197910647,0.19618689137146236,0.20144118397911157,0.20842894454566543,0.18637098427492738,0.19943953763555944,0.3684591833166212,0.14503846008972726,0.19105797472833896,0.20041697732988437,0.18361384502502504,0.18129770703572537,0.3169770026271588,0.23785075598487274,0.17787001468802544,0.1423972587591563,0.2454174614345445,0.1848753060400659,0.2316276540617972,0.18114517246109418,0.13438112822744094,0.18313897088882894,0.1615845546294117,0.195523032297062,0.2338731302094423,0.13209410337748695,0.1480702788881336,0.19694359010368917,0.09927967578948643,0.11351133745726986,0.08979675743906719,0.24545850822798765,0.13623885566060973,0.2047780979629731,0.17584417578405936,0.18506881834547467,0.3385098709278278,0.1351449638433676,0.15391682593300954,0.27779499913628286,0.30389173924318885,0.3032504230546986,0.32733427276094973,0.30319436021117596,0.3509988800291138,0.22343958343962103,0.35123421519196774,0.20136192587870497,0.35185096769244856,0.25828140922271753,0.22896173151102392,0.15050427019339688,0.1888798251951334,0.20738869173640392,0.22738940900812388,0.15463534502854623,0.205458619440007,0.2120770935228387,0.1855009533662145,0.14259351995579891,0.1526343650261032,0.14375178096267244,0.10972575331911111,0.26703635527091474,0.2555328753623852,0.1726019942745795,0.20354358961679642,0.24036295623923812,0.1476810025732633,0.1326154485029742,0.1577844274141691,0.13893677258920267,0.14650908452894065,0.1825372349011527,0.22937517729104015,0.19170167068564162,0.19142961476850145,0.17725617686748818,0.16369257997776632,0.12159304848735177,0.17061608161576367,0.2294873624606147,0.16314891082005417,0.13717923659207085,0.21121086901741404,0.21871498057874514,0.2189920621256252,0.15670982173782208
0.20554638274467002,0.18645874129284778,0.23966805979763595,0.14025127604022103,0.12389615029585148,0.23018319251317718,0.257209138992302,0.17153543007349684,0.25563193521693933,0.4322624284127693,0.5278034081088577,0.9999999999999997,0.1797914213375634,0.11029493649148943,0.21910908716613126,0.19822414517382203,0.18055370094457363,0.1317216590050748,0.24229785422981165,0.18251722429222947,0.1879931381257284,0.22906837793249626,0.1317638184245171,0.2555158647448487,0.24145893683157746,0.2931320017042831,0.20026256351529656,0.17480266344141357,0.1907948316637366,0.17360230690514936,0.279999779034155,0.17168111474386674,0.1552370067208297,0.12576005248267053,0.26693125668272705,0.16358143201671485,0.19921181158634685,0.22738065347282505,0.23879074593398325,0.2213843745244949,0.2088068637284903,0.16540243448834613,0.16291294472316126,0.16209741548551476,0.23327945275287754,0.18482931073098297,0.1919914163067953,0.20259177006021298,0.23065860554164216,0.13602728653761206,0.19925902213347224,0.16482091144686994,0.24583632472221686,0.13527795063050088,0.20829957130447954,0.20976564271274442,0.1734910964265845,0.20120813534215298,0.30367911416960924,0.3700562491428176,0.3093380427849482,0.20918352686739536,0.2041799040132644,0.09581519309580216,0.13886109787001943,0.17039762564496733,0.16727723539624287,0.16730092909832492,0.1903284392708738,0.13459996764817272,0.1860153776796395,0.2133673128460155,0.13827976187788907,0.1201079528900471,0.13976715394971223,0.2835438490232172,0.1655846775135807,0.20217636241605422,0.23025814916955692,0.21849595929539095,0.17217839414920738,0.11822670559686312,0.11100570997436993,0.2162156869607692,0.17440026894920962,0.2203111103806955,0.13971506858725624,0.286519298628474,0.15170681397201624,0.10479307826205825,0.14703122646209052,0.1526143225979321,0.1713649847786481,0.22932723546141479,0.15042367085417793,0.18016685502917856,0.22592993127023298,0.18651451971175764,0.16698523005884372,0.1320243243270011
0.33723186720775117,0.29734824255136744,0.19079610717605364,0.14735386665499883,0.20355676479921875,0.2329612616342239,0.32277391379687237,0.16473408903053463,0.2708612802355683,0.2555075164731713,0.1310220197910647,0.1797914213375634,1.0,0.23433734404941167,0.22594983665827884,0.23221421131207687,0.27362825523590173,0.24019599277526912,0.15193347574052551,0.19963912015631638,0.10685739045961024,0.20664731927771796,0.1999716300591205,0.14910009080578412,0.25059623180382057,0.2285306429795202,0.23375436215583417,0.24798073634488155,0.2700261341050373,0.18185920380176668,0.16127174194786456,0.27918857865839103,0.2824144716984823,0.25560652312967946,0.155843791681281,0.265607121323258,0.3607044547140931,0.31645255438816505,0.3329789742757069,0.33254267966874124,0.2735009748630737,0.29706868209952086,0.28971796460161775,0.21388712382802594,0.18931470675359063,0.1890541434622639,0.1338016518995257,0.15274993635169207,0.389007399831133,0.2918815986734542,0.3365889424670259,0.2733049817584912,0.2501786772342784,0.19744867057884524,0.25710120782783513,0.27766755422392647,0.2297961351036804,0.23676569590470006,0.28864402405878503,0.2528025499976957,0.14637470230637523,0.6550983858381421,0.6833320520233456,0.3156494010271053,0.19938552219528266,0.22549790623146482,0.17748436002427762,0.3240622193925705,0.20130479964588466,0.1901109229337555,0.22290415046238526,0.29041919625886226,0.15046479576012778,0.1533542403296362,0.11653027644709288,0.1892883001513439,0.21277525043367404,0.18682692429838688,0.13685818511959139,0.2367066571011973,0.14010539152445883,0.2988446918325273,0.17228533857930547,0.17136994783173173,0.22623170641064058,0.12046555902973197,0.2803159932788358,0.1649929052642049,0.21752913994752582,0.22285734989044428,0.20285371153674858,0.17527158420811237,0.21796448930968143,0.13599631308862045,0.1939199278626215,0.18855462922473518,0.12706277718046027,0.232251880978797,0.22969180101637277,0.27427938982116395
0.16378687904807657,0.2136078496347038,0.2554807097119104,0.20057754927190619,0.2172399689932212,0.2770186374893923,0.1202239096722189,0.32326395026667143,0.3419970451572933,0.2151673997578452,0.19618689137146236,0.11029493649148943,0.23433734404941167,1.0,0.3292440318581499,0.1540509315909108,0.38983805183214115,0.16603829908274637,0.43798821958653195,0.15302289651713813,0.26444892000572884,0.25330333086292917,0.23752362660152304,0.15385379660801007,0.1593467806340767,0.11064817130628972,0.23978590320001503,0.2282880448085272,0.28734877338317044,0.2501824569627644,0.10724002357339961,0.20575604107903256,0.15049026055463352,0.1531959442441578,0.18569392652690364,0.2924372191965902,0.22864390349905012,0.18005531237788644,0.26106220364749844,0.19392027502173675,0.18227876019744213,0.21974445415263524,0.28642173517102865,0.14454516239657825,0.25602112618065226,0.20405467869104052,0.2376014932603553,0.277584090458457,0.27174656671261366,0.18309705763487627,0.1437879904009773,0.22916281021362894,0.10282165676646086,0.23587245176838487,0.3167274838911297,0.3322769715257343,0.3194708103154433,0.36279152691972094,0.18053912571697545,0.2006166102645928,0.2855099115317564,0.27222055118646343,0.242966272386386,0.3322620544935372,0.35108865060127925,0.331541381068105,0.19392025891626688,0.22673085078625452,0.24071508970377029,0.20209791280873404,0.2822643597531537,0.2462600422799158,0.24877213347158336,0.1087226422415137,0.2652782446819746,0.2662047325516596,0.3186662309147872,0.31016283583592363,0.10285948178175282,0.2045486328693115,0.17518816716215668,0.20659268696471217,0.22446955692763257,0.27084150731082396,0.20809012138335548,0.260986292051464,0.299254667310148,0.21379819705074835,0.2919173278250147,0.20185767217535466,0.19283505059551273,0.14753325196029968,0.09819262163957493,0.29011092067580657,0.22639101276243984,0.17303661438906673,0.2163533830264378,0.22546653400402422,0.2827000478361987,0.22453659020773842
0.25487265607044507,0.1807184577088422,0.20446995946127097,0.2322917271907905,0.19015130066117725,0.22323494284097126,0.14556873174529728,0.1960068777081711,0.23086387252398247,0.22092796973330894,0.20144118397911157,0.21910908716613126,0.22594983665827884,0.3292440318581499,0.9999999999999999,0.2104279486582341,0.19037466960965446,0.1862449511805691,0.12755525460240233,0.3049884068877273,0.2714132710633239,0.20759615747141527,0.19450847912529823,0.13084842367666683,0.19771842725459293,0.1898620427897503,0.33537533081749926,0.2050379739960939,0.3974656699883349,0.26333339393770483,0.21220342039615428,0.2327936117073606,0.21010327388501576,0.25771861493736936,0.23895677023705195,0.25204688374889017,0.14951072433610718,0.2782832928714403,0.23421539305993094,0.11603553440265157,0.1680053910203595,0.27059232644820724,0.2129131768884638,0.17099843764371633,0.17049073148052102,0.19371720360943,0.2322482937895085,0.20404272215785937,0.2911173341294678,0.12846228399005813,0.19920153726751452,0.1550481477531005,0.16697561016166648,0.17750937081063647,0.23829694162741163,0.28744192375951366,0.2689903590123779,0.2383310135716698,0.19008409342029764,0.23190893002637553,0.1761373938986057,0.266851632001138,0.27518036141395585,0.3211264287292694,0.31967957480718995,0.8437205944499628,0.18093380546022814,0.19452897547857392,0.14901529604596933,0.25853412159220585,0.2913196475616126,0.259816515173908,0.271304241963238,0.14879633496926525,0.18576357581072855,0.2507070059188907,0.38389002209444856,0.41230422050793986,0.221232431518749,0.2574214694926816,0.1619834331956123,0.11151748036100192,0.12829332060612697,0.2529134150013648,0.2731789168477708,0.1380833029703194,0.18740574622546233,0.26322031529956486,0.278624961446914,0.1070396628701917,0.1799224787941821,0.237148129357258,0.18363081148017418,0.1797280143808055,0.17508941299957556,0.1637827822117613,0.2418825934865407,0.18515172824932746,0.23783716274149108,0.15428474495407435
0.33258139194567776,0.4347337475268911,0.3141184966851409,0.4395988906927373,0.277630030109153,0.2757858423968808,0.35357911567444056,0.33437683974000953,0.23526844060293198,0.2244034586520185,0.20842894454566543,0.19822414517382203,0.23221421131207687,0.1540509315909108,0.2104279486582341,0.9999999999999999,0.15011361655677896,0.3397465181253856,0.17443689452824931,0.29693173419012964,0.16127623148790599,0.124783725504738,0.23901301371679562,0.17097207308762116,0.20094572006172498,0.17239955602968673,0.17216033846262843,0.2792787425869932,0.12722866998687324,0.22344453246276813,0.16212848378136968,0.3315316393236062,0.2928159192093148,0.22345645410227033,0.20960731131974067,0.17574845816840678,0.12742464819323585,0.2663437201491128,0.21625039610119376,0.2403578625050023,0.1754724430939677,0.1929470925869901,0.20846847630292445,0.15946024064277503,0.131660793264773,0.2702187827778097,0.20813349493430164,0.12624314375615533,0.2426780367299194,0.15682886357966333,0.35875439547057225,0.4118010720266636,0.5903250940695619,0.2671717574777521,0.28089545434782837,0.19865536059636366,0.39793472077398173,0.265162817270881,0.1988539255798748,0.19589374663711345,0.22345278261288373,0.27029157285902733,0.26416887711144166,0.15409611758597858,0.17912667991690095,0.1973104292259314,0.15348582460717422,0.16583532333297352,0.2906526065331721,0.3839780013671619,0.23241457321488526,0.1579783913550347,0.23727658617725794,0.17371587260305277,0.22092209325811463,0.20033941098827324,0.14108155823236848,0.18305021441946884,0.17921833339904913,0.3219990998111395,0.21847823252706444,0.23381263256094395,0.21246323191048422,0.17126824984267514,0.2268094664740198,0.16860811882511026,0.13695445361260197,0.12105045091080525,0.18744590519923068,0.22502130110475543,0.28643130561785557,0.21633220691535837,0.1930852777069507,0.1508429632481837,0.12340692192865259,0.15093587619459659,0.2432830157479842,0.21061272408634527,0.15855688068399337,0.16538270983143796
0.20917621745367637,0.29798308216778946,0.19048851640819872,0.1390042867722436,0.22579383578741552,0.25354740491487593,0.19182858796315239,0.21632318473397347,0.2601930620730539,0.11558407119131996,0.18637098427492738,0.18055370094457363,0.27362825523590173,0.38983805183214115,0.19037466960965446,0.15011361655677896,1.0,0.19585329951813193,0.3457410321042108,0.13600652115091103,0.24644102958124653,0.2800389663480977,0.1657224559370449,0.17398853380774335,0.19293439523847358,0.20047667612386114,0.16635827016408522,0.16500980195008375,0.28192245768549745,0.13079166921019092,0.3022985013919125,0.18762191228194422,0.268435340426833,0.16151891744307137,0.11705085595205239,0.33997351544495685,0.3028994876890796,0.27164731583489227,0.20888117030965145,0.22446017080407074,0.21540345355233131,0.16603577629840374,0.23069053916433863,0.19837771660805115,0.15208850966146822,0.1436362121783917,0.14402642721700168,0.12680683392112263,0.33215962757591994,0.2662019549391387,0.22205623805705066,0.24373517597959193,0.1823412921551775,0.2228035751584933,0.24563965942599983,0.3442483310083248,0.2648208947406417,0.2471171432596953,0.20617530190462,0.28219613264632754,0.25647316815663884,0.25908072895138495,0.26020420242432374,0.18801179339702526,0.21318138907889925,0.18737884110871011,0.24827208605043352,0.22340951064824824,0.18408620759333869,0.14262074195637783,0.28276530996756827,0.19087093122192353,0.09179381091818381,0.20791361609080192,0.23015792221585746,0.15313268000545557,0.2440602622654126,0.13285700338388848,0.26771534743129644,0.22077264049896927,0.1725670308071396,0.27351938173333784,0.13793690681990511,0.18978780107391352,0.16742081574602133,0.14812739087876525,0.3719807852490872,0.12901935611144702,0.29707990931308875,0.23964036740653316,0.20633273014775852,0.19815792779542826,0.19583717832713088,0.20706304969736997,0.24161234738476822,0.1746205160900319,0.15129486347976065,0.15612758560118276,0.30667245035876817,0.2968933156765702
0.2597389581215474,0.29044422387600943,0.31303842139255406,0.18897929082904305,0.2556962369712852,0.2681517682268361,0.2848608876537059,0.46621956686631044,0.28452143716641143,0.21212716995117378,0.19943953763555944,0.1317216590050748,0.24019599277526912,0.16603829908274637,0.1862449511805691,0.3397465181253856,0.19585329951813193,1.0,0.30933204833000755,0.40314079315991735,0.23471677176008637,0.23887380251372073,0.2879529160190918,0.2863678279510094,0.12803053851030075,0.1493171651612291,0.2534095596554294,0.2011767693493369,0.2925752413380428,0.18304321596017809,0.14210536608912952,0.15705481322673037,0.20247849968566548,0.49336545487999617,0.17323560895622503,0.307749896274933,0.25063394900786556,0.11682198247995677,0.2282208507913493,0.24470949943235504,0.2152418449386183,0.23264297561109704,0.2157640711909594,0.1545489645624901,0.09889381098762148,0.13787368478284345,0.14072855660959382,0.1816673486422621,0.22145609301888364,0.21838958865272295,0.19813797327651422,0.2577541078854282,0.24586205612081827,0.15616952333366652,0.31565252644376846,0.20982076915446812,0.46440761390105395,0.38399623556935114,0.16041456809056406,0.1371956906461837,0.17788143106752982,0.19100086037364272,0.24766778339409803,0.16825612755204322,0.23695849805369787,0.16803980248269837,0.2693453588036941,0.1903683360155531,0.3545213165516723,0.5993642634233626,0.31245324244441025,0.24439153068413927,0.2484488709363972,0.24642483379089963,0.2577131606420606,0.21075937906178738,0.28964353545348986,0.21400648347422035,0.17317447425227095,0.10899348595151624,0.2611473547309556,0.19603733268177936,0.14604390708461845,0.21733524162669177,0.24189650583010006,0.21128324184805053,0.23457171341716068,0.19298179546789862,0.38255766332125446,0.21926085783601892,0.12742621065436124,0.16308638735801906,0.23882761399800448,0.13923964280544987,0.2776862338845752,0.1381087427856061,0.19202954082641135,0.20544518602560102,0.26119042998481046,0.22389766736145802
0.2232124931986216,0.2902489845283728,0.3374904572982794,0.20223333338935465,0.35354292085383293,0.3971427344665547,0.17913567555221946,0.3757945571369865,0.4000912718794615,0.19469468011110927,0.3684591833166212,0.24229785422981165,0.15193347574052551,0.43798821958653195,0.12755525460240233,0.17443689452824931,0.3457410321042108,0.30933204833000755,0.9999999999999999,0.13057779361950034,0.285326915261995,0.28436389598463807,0.2528281586858701,0.2381629599799713,0.20559000901575722,0.20845324177557462,0.16860768923964656,0.1812390401154611,0.1803308592459926,0.1874779428925363,0.15678804115599865,0.1547715229342771,0.15833149072943786,0.19340719033848636,0.2284288029446045,0.20433921116166906,0.20217265807137977,0.18654875121348488,0.15329418932036135,0.25106007703833116,0.16108210777665136,0.15089791274792735,0.10486999104888776,0.2474013728927035,0.1712779964747506,0.1642625229945796,0.1685633215992377,0.24980498249537716,0.31420495339953664,0.13336944255691857,0.15290861169020128,0.3251695856077364,0.27019488418616533,0.27897776300125604,0.46145492251073683,0.3614572357560652,0.29411975279381664,0.3853712181518414,0.24072277491613156,0.11310368483687233,0.25970168436023117,0.1822517335948926,0.21685127121784314,0.26883974785103915,0.3473909583744072,0.12471825397376493,0.2517514168181756,0.3482947287322864,0.33534839998544974,0.2208421468644083,0.3096045793572219,0.22896445983859393,0.17168739913020642,0.18553952305114493,0.15190824467393818,0.25133665608147066,0.21359022822749554,0.16474876361367222,0.198189073295582,0.17428042351320472,0.2721712139845155,0.24293688350544912,0.21063682227368877,0.23268340741094826,0.12094412292024287,0.2209445385151759,0.24868803138256204,0.20629808716108633,0.2544268864199886,0.29188500993056066,0.15587073550971428,0.14039079932305681,0.21713842154872753,0.28716237676804907,0.26225706295947937,0.23946362709365088,0.1622506978720339,0.27381924361691656,0.18062836804709248,0.17174213736141528
0.17161322866167175,0.19238177754693606,0.2452622699924253,0.2238895972929703,0.24844692385960174,0.22768573970177688,0.24769517512069783,0.27380269811076086,0.21259818859916685,0.1799639090411121,0.14503846008972726,0.18251722429222947,0.19963912015631638,0.15302289651713813,0.3049884068877273,0.29693173419012964,0.13600652115091103,0.40314079315991735,0.13057779361950034,1.0,0.12589853835208015,0.16235710591551697,0.18325264576487746,0.21136195532365393,0.11755748196084313,0.14921816652806769,0.327074144127921,0.19490095994284523,0.30518773864506576,0.16594435570582977,0.18983630941499108,0.13860645561350607,0.18357205572538715,0.36905044816531274,0.1822222841920286,0.5057970052605752,0.17068408245373132,0.15132236682934777,0.11811889758275036,0.165418316598584,0.16188128324018955,0.1108315673505574,0.16510372804890994,0.13423516720928444,0.12896359981311245,0.15328356681200245,0.1522127685022561,0.26767776732826104,0.29019201280796403,0.2466872999808703,0.17788519001063527,0.26328218619336435,0.2203099833777703,0.18440726362532328,0.2684091065016727,0.24275921747426574,0.28157760659139275,0.26198842466990874,0.15723205598813528,0.17704033573792002,0.24113602415829416,0.25846941052482914,0.2640536617088429,0.13810349551939102,0.17371421011496385,0.27148633708132175,0.35867953107379724,0.12809366163956526,0.32653855621724615,0.3788602378090009,0.4461430423173735,0.17186733785981237,0.2749130142109277,0.27609697488450335,0.2635337923198897,0.19611729921647125,0.3059046340471969,0.202927010706318,0.28280826246619656,0.105754936535036,0.19559919684931765,0.22888670770559538,0.17250198452007134,0.1883389517587244,0.3728430722351912,0.15649931652453086,0.22883548764922843,0.2174407524926199,0.5608755307808438,0.246578010659618,0.18992291721697324,0.21810587160712686,0.17430271608707015,0.16629368668509184,0.12851442800160748,0.25379322378860925,0.2652579653983816,0.2602529958649399,0.427244196245842,0.3203031831182402
