0,1,2,3,4,5,6,7,8,9,10,11,12,13,14,15,16,17,18,19,20,21,22,23,24,25,26,27,28,29,30,31,32,33,34,35,36,37,38,39,40,41,42,43,44,45,46,47,48,49,50,51,52,53,54,55,56,57,58,59,60,61,62,63,64,65,66,67,68,69,70,71,72,73,74,75,76,77,78,79,80,81,82,83,84,85,86,87,88,89,90,91,92,93,94,95,96,97,98,99
1.0,0.19618758118695862,0.2231399210128102,0.11660275311597249,0.1444294887887603,0.20544602842666473,0.2743231106831944,0.1861930280807057,0.12906311621357494,0.2632366928372089,0.22768111210508038,0.1964999159577751,0.16732717905673694,0.2647286311010981,0.33865241014019554,0.17237756707829593,0.2221758306050641,0.34942514926319546,0.20569080268633383,0.34039217040362735,0.19870998827288325,0.09874182100454901,0.2326215376269933,0.08387860035405957,0.31995695752506653,0.18829450648000573,0.16537360317899996,0.16148766699143874,0.1878840544565314,0.21029398656492806,0.19526457435427547,0.30247360380755306,0.15767378348794303,0.3064019448071801,0.20170905189309468,0.18437144421258075,0.2165896443711809,0.24258965290862775,0.21354960916827875,0.26202998128711563,0.214619660845071,0.2653681120275343,0.22018093553157467,0.2813810057319773,0.18956312514850399,0.22528202956074303,0.20750513052441222,0.1709938463476922,0.2728916415688867,0.12115878419135535,0.36093843176780493,0.1909395968502201,0.2560135864708667,0.14038853431720802,0.22384035948877096,0.17081646485830518,0.20370250693117634,0.1932826085604081,0.2941736807136301,0.2110448688058681,0.249852834079437,0.11987229001987254,0.14365053729058283,0.17090202872031943,0.22452946837936164,0.182022007362104,0.22443025798581218,0.20443080393238466,0.323940881685308,0.41590806810372444,0.27085494125167886,0.22367043168517803,0.23700795040829456,0.22145459869116862,0.21404297606756398,0.21959475490003538,0.14916121669773233,0.16206634673566367,0.2069992852019782,0.21534232989693702,0.2766179542726572,0.2277562491568764,0.1134677614457491,0.23871885957375064,0.1396278104199452,0.21799432643153138,0.1675780696369248,0.2127806461032054,0.2361327872082186,0.06732109044448696,0.22276279783442587,0.26265171918143976,0.3315761383521446,0.2708247694819452,0.221877318486814,0.26680246628398396,0.16355176517649894,0.27239088701344033,0.17506275930996795,0.13159271405150863
0.19618758118695862,1.0,0.4765427977082991,0.4651513835793964,0.6147431830642488,0.4544503558958845,0.18718186810388826,0.4455699254750247,0.22442913372025625,0.1558591749701805,0.15309872718864256,0.17438314467928331,0.13616014098872264,0.15302283480746595,0.16411442351126215,0.16977970019136346,0.17482426624072323,0.1659145532409507,0.2491843961017438,0.18603028882637015,0.08390005996026283,0.18867174442185397,0.20054287595440246,0.15012873885229905,0.14130348406327836,0.22804394405176923,0.17512265229328608,0.1275476272719749,0.13531918702395418,0.1552902649742024,0.18134650623441598,0.1966819563810073,0.19475331909753726,0.23348519961716005,0.14518869594451714,0.18895048649680135,0.2588604370651231,0.17072884551770115,0.17456294318531118,0.18082809567431052,0.17779863240222912,0.12010943836372592,0.17114758080392647,0.24431857203341611,0.13723662576282128,0.19197130146029184,0.17337064565332447,0.21631790759740832,0.2964694041504809,0.17585560729383412,0.16147353672062156,0.7062665859638646,0.16282661485428174,0.48307071659540957,0.3865879460115829,0.3768339973948403,0.46049379795473916,0.38511216691425454,0.20999224982495457,0.23604005451675608,0.24706137419475727,0.14872417049110806,0.11247681189709093,0.1577937253894339,0.09252372739575783,0.14453082370502934,0.21785515110787554,0.26639763501521363,0.24263397125115674,0.1960707308343827,0.24062294589790462,0.16995726254586788,0.250040494655169,0.1862785251795568,0.1879214570245214,0.16702310437360826,0.15730368359421917,0.11969794644491141,0.14180717283101574,0.17527039466476566,0.15820782076202475,0.20351526446782958,0.29705364862214684,0.1769037452925684,0.2119810100513876,0.18835505511343334,0.21871951687027058,0.1559928341516411,0.19737618661063003,0.21476899053171397,0.15706557049515807,0.1595676578040882,0.1863607186571244,0.24661151411013316,0.31527030188243904,0.28327253279646725,0.2459896643089052,0.20009894311379942,0.25336073623577865,0.2337254402016438
0.2231399210128102,0.4765427977082991,0.9999999999999997,0.1552223693060958,0.22878296112734414,0.6525279891872571,0.2604138176828716,0.4764593275838611,0.4787013852281685,0.17085007272212815,0.2591427930942139,0.26162090788428766,0.15741187701550147,0.21280791722085118,0.18452544714566405,0.16119067192323833,0.2575414354331685,0.1437395373151172,0.24781391181172222,0.16836159588371438,0.157046232356557,0.2457148976543101,0.1919248329217185,0.24597008746431429,0.14456767967905476,0.20876827533415981,0.2611991136541831,0.17123450900599113,0.2027690427503532,0.16831680175902877,0.2014764704223061,0.1752146535014885,0.12066242284002932,0.2023748960870953,0.25031866184979495,0.30148514087953343,0.22108215336718318,0.2175649517256298,0.1726647901372174,0.17731455613866942,0.21666012867259943,0.12088923159237723,0.1973907931170796,0.18459126861516892,0.22233370254880302,0.1635142913233732,0.25037037119187733,0.1324511818628908,0.21898212736884143,0.21170394462443576,0.18877863491345395,0.5081025364473223,0.1641779183114048,0.16336101297159356,0.5988861963957978,0.6089005824613791,0.3116574367014847,0.44639200752983305,0.16932811576457948,0.15803482185038656,0.21468676891907149,0.1587520131366469,0.14299185335347367,0.2519516782461972,0.25014671964634444,0.2648132497587579,0.18205733189023532,0.17850838886896406,0.1816448802311127,0.1624078595813128,0.14982511630318732,0.19323631800017224,0.16720934753953995,0.12422366957574912,0.18233145092107272,0.14996527096596016,0.2638780016319686,0.1414572721015294,0.23695958554182384,0.16967739090390738,0.13510420734293338,0.1341446527778053,0.19260532383098614,0.14973383822847677,0.16466381208966563,0.13991092566885885,0.24417176364383422,0.1108939044968454,0.23169738319879155,0.17586400845382294,0.1306872074006465,0.15415386039175016,0.13566606329663,0.19375737847391739,0.27638492843205276,0.19506782644887793,0.14837011908459094,0.13206407629302863,0.2264086612166927,0.2415798275187947
0.11660275311597249,0.4651513835793964,0.1552223693060958,1.0,0.6072605734132024,0.12647251390829586,0.12637790516393324,0.17530274856781902,0.27442173219340693,0.18145612897370977,0.14664541542702664,0.21073610597866022,0.1416332136025946,0.1548378596690206,0.1485710785808846,0.25760768677068446,0.17898508150282771,0.21340290922117244,0.18243965261567102,0.1464701805733167,0.1757925661042962,0.15662282693335455,0.1460788004934738,0.2277806694186788,0.14507465104473882,0.1039526490007821,0.19453887088216315,0.1341561634920003,0.19809200074556613,0.11056115221947586,0.13738824809298644,0.1917312894442459,0.13848238976832172,0.1252213148249155,0.16262523887035613,0.17557379191418857,0.17971397215908763,0.15083215997366795,0.10639108353597729,0.14592304832240496,0.1086653804596163,0.12849204539318287,0.1461937546268166,0.12496205807445904,0.14925504017138444,0.1827917201991689,0.16291041765067132,0.19110408057416528,0.18509208609816274,0.11016826785931247,0.20053827970092325,0.32589861077463844,0.24944114538755702,0.8582515647463089,0.23146183588047697,0.21418488576097638,0.316918345200847,0.14816440989079793,0.23924984171926794,0.21698194423086414,0.13023770655885666,0.24933056140806414,0.13284164623320607,0.2181061325020441,0.12083027153116775,0.15446040651671986,0.11938520527694958,0.21529269658252367,0.19658686174070936,0.20561190392254303,0.18285630829234795,0.15139738151856177,0.23345264276767314,0.18698816148865155,0.2036841854029606,0.15325222977822742,0.1962612368628594,0.11999275280900598,0.11141632972828122,0.1681142649595298,0.17355982041563275,0.198826186216791,0.20769409656675847,0.18365611477869906,0.21134337350908827,0.25042792234927524,0.16357324477891377,0.17910118463709318,0.17710711255257539,0.14674186988402504,0.15131400914715556,0.13592209631032517,0.1254898495745581,0.15757850539628215,0.20160558231037587,0.14784762559297784,0.2598801151815958,0.2348608227977457,0.19019117060287788,0.12354499254736574
0.1444294887887603,0.6147431830642488,0.22878296112734414,0.6072605734132024,0.9999999999999999,0.19420885604766489,0.1585944342185851,0.3230231130363872,0.14045487270768076,0.16737406602065868,0.11616903557048991,0.17884569583777923,0.15257263973056306,0.22805859740276813,0.21756119223567083,0.14278515344444492,0.16598904378090684,0.18203668512120902,0.2763735574967303,0.16512919735298237,0.2771300960104152,0.1918021111275375,0.2510841519454277,0.17948375864874833,0.17119628225170788,0.24133451368379216,0.22778031035456134,0.18047560993491157,0.1310225440596993,0.2271492973314607,0.23047826968079113,0.23913959606540597,0.12870915613387673,0.19419243289630483,0.24952186050847389,0.15418573656155765,0.25762552504329994,0.14671764436740228,0.15681141464145185,0.1963418168971893,0.20424731696859127,0.21399693338181794,0.24257238072461593,0.21839725547630437,0.29099726676323096,0.3167042005193832,0.2700116212580001,0.35140335356549307,0.20726413295154472,0.18062522716345492,0.1924561308170193,0.4411737735295278,0.1527197952825412,0.6264426681699515,0.2764012163213211,0.18908264251686766,0.34922077877410423,0.3454238998339669,0.2727515331205105,0.2192555013227453,0.27176291302583944,0.20072072884440512,0.16896274663997168,0.2508653606235254,0.16704051140314097,0.15433404267233544,0.1563431495027649,0.32781132023601417,0.21015453019215996,0.2022726035601632,0.2924433038862697,0.1987370746564814,0.3434135824284589,0.23941774459236861,0.24128757374673715,0.21942344221243945,0.22440002568459175,0.16201210258563886,0.1693706787869834,0.1705556017992036,0.15280770302993044,0.23075544998987876,0.264129830814666,0.20673124167461293,0.3058133216961236,0.3044726657101639,0.17924733846880261,0.275355482657868,0.26573652484320276,0.19822961342084233,0.15810160802736084,0.1969430663919201,0.17410143837471512,0.21669065314933292,0.2571307626260248,0.24439837693446745,0.3683862112735701,0.37743267163772243,0.1703101107398507,0.1837998119956826
0.20544602842666473,0.4544503558958845,0.6525279891872571,0.12647251390829586,0.19420885604766489,1.0,0.22509785179960834,0.4413029201901058,0.6324350342427848,0.2309095762377782,0.27524627115081685,0.23595965762096507,0.2345164729678012,0.24152449029405715,0.22882279225346785,0.1701074233544932,0.3342506908215347,0.17255688305759342,0.23663965107835697,0.19530897318924312,0.11249998000477407,0.33427787118633107,0.19794476875275246,0.24251087368891094,0.19786150477193548,0.22387643994766385,0.14854029491974122,0.1981332210126758,0.2328678337851623,0.23510935684895606,0.19952434417839546,0.22717163187978215,0.20028180809609997,0.26797016974182947,0.170465655901538,0.3155891123887859,0.2823030863032037,0.29346847728344116,0.2877656367133054,0.2628420287188722,0.31681048496753805,0.16910569535093448,0.2511523899216314,0.24709272087931147,0.18968730094993433,0.20703143713347236,0.2664734556651354,0.21031762282832375,0.25752402396307994,0.1744654375283686,0.1406310730479079,0.5192243169995185,0.12012507565629744,0.144545517087532,0.5891054101130532,0.6813620943175898,0.3390892990022877,0.483075806011225,0.21539919882050873,0.20676839885327092,0.2360978069505857,0.1967696839767445,0.17645572106281196,0.187177284270572,0.2464031410216387,0.3382529901003089,0.1863077756334327,0.1621118348725002,0.2765192120961622,0.22280140446901872,0.20786730632873202,0.2806862074232559,0.21752793434783718,0.1650904409357411,0.19037501685847516,0.19468094965950972,0.1840891514840157,0.178428248282003,0.2785711119614598,0.20267576273481125,0.27037722986802165,0.2596878014136032,0.2821467554658029,0.20236490544284358,0.17506190283364093,0.24655593558966984,0.27965930167450137,0.159020767332792,0.2184081366725815,0.3503260425935937,0.23031602416720864,0.2670419486000895,0.2042329061769677,0.265864931846792,0.32157175215356093,0.276352436570533,0.18045549686280943,0.1243980912206873,0.23955797350195426,0.21893445234877162
0.2743231106831944,0.18718186810388826,0.2604138176828716,0.12637790516393324,0.1585944342185851,0.22509785179960834,0.9999999999999997,0.3838071033030072,0.22112375708815551,0.20512066798792217,0.2628399897898123,0.19543410834354552,0.17511243085578612,0.27585051728027604,0.3477455812795986,0.261540092346566,0.34119310321662705,0.19836564734791126,0.21213453403490845,0.22149255511204213,0.2594390736121749,0.16866546236660868,0.21107883174457634,0.25588533239545,0.1660414001246363,0.2582707178332319,0.21889493775328206,0.16990785971771097,0.1961727358768759,0.23674296069982417,0.17151296688911002,0.16980427984161087,0.12723530456379514,0.20843557047669464,0.19142624152595902,0.151287326130563,0.19936916649611533,0.29395136299252056,0.352207132642707,0.5172524939809329,0.26339754656541275,0.2694718234655258,0.28824772628496,0.3777529305499482,0.30017400544997336,0.3312013987599433,0.21424873668664926,0.18477023392245587,0.18634704515494913,0.3462557421054697,0.1656893527068975,0.19979120608969525,0.3929707135590106,0.1248236708229901,0.19179219201134867,0.20748060137364618,0.3345348509690666,0.21061412392872414,0.12868212411043253,0.16972250878161094,0.18503305109858922,0.1384306041292924,0.10942694106667576,0.22352128893696166,0.2652698551827158,0.2022655485062064,0.44391111611653244,0.13107730452414262,0.274809549510312,0.32335935219575873,0.26039683822884185,0.19973699821306223,0.15299456674812556,0.376746135859985,0.22182337900502525,0.1698773658996555,0.18642436883286526,0.17125138107122567,0.15667867046012898,0.15288485944007582,0.29057245118748687,0.12226985311184883,0.21201708540981531,0.18526176196730998,0.11661181798591615,0.18349408636066264,0.2167541773446937,0.23665164615843662,0.15478867477138075,0.1737982168595482,0.28981349781805554,0.26291005698286946,0.3001857535146007,0.2998761168609844,0.2941007114223126,0.4351234825701221,0.2722322053161447,0.17543951547866274,0.18434922302163123,0.38260599796279265
0.1861930280807057,0.4455699254750247,0.4764593275838611,0.17530274856781902,0.3230231130363872,0.4413029201901058,0.3838071033030072,1.0,0.46145334862616666,0.23078582053921953,0.2618669158817774,0.23621573882104943,0.2568500989604057,0.32429334111641944,0.26019850964605684,0.12395660032396574,0.31835423196562074,0.22908263690711672,0.23128493690031024,0.18618374866899182,0.18890038357289674,0.2828151268117881,0.2994897113569212,0.20096277697937281,0.23217150112276486,0.18640137670549367,0.2220925393665928,0.15347849944168257,0.21464706451162288,0.2393440598217827,0.21821654153233586,0.25804195803481883,0.12871200061730867,0.22987527506607466,0.22972625500606067,0.254522709336792,0.23450006987411176,0.3100877471369585,0.26826066487552314,0.2969129359230242,0.2869190512457943,0.2043259017959464,0.24993971273362955,0.28864283875725766,0.29811956507020404,0.25410801469719674,0.26774778912418956,0.18692405498514483,0.1305615198547922,0.2534000313986568,0.13176027783290162,0.503163060120117,0.22216807342681688,0.12453093242721655,0.3793604318033785,0.4118951011986317,0.7258381120258983,0.7086511980326828,0.22147469961840258,0.26629181886075637,0.2608114709580878,0.20407179941689563,0.19657776306553795,0.30606247974557077,0.2996014159609746,0.26854339370603625,0.16969678268425029,0.24532323089519167,0.21449685323793308,0.2628294123780955,0.2652376374180212,0.2616993075805543,0.164291356258747,0.2457380413877175,0.20835946622029664,0.24920198386704467,0.30631494165741097,0.1668062006744265,0.23767552059096125,0.13457081428220247,0.20594911333500238,0.27768677627736765,0.2063455074899611,0.21241535837332193,0.19489448237073895,0.2348271722182863,0.27625188573263637,0.21211215728393543,0.21233473929474278,0.21995906183161487,0.17052726725996376,0.3019391662654309,0.21792413689046128,0.2009531543675833,0.25034790057921447,0.28267242124302017,0.21263636024037635,0.22508444200904104,0.11944534507039846,0.26381024756843874
0.12906311621357494,0.22442913372025625,0.4787013852281685,0.27442173219340693,0.14045487270768076,0.6324350342427848,0.22112375708815551,0.46145334862616666,1.0,0.20248957911725612,0.2652803782277674,0.2864814126948773,0.22675719901661534,0.27840351209310293,0.24734885198667286,0.1739421810961885,0.30370240525967246,0.226966341809672,0.2510955614980576,0.2067192170017951,0.1869829972064948,0.26592635885983507,0.22951505539614608,0.3193945224156174,0.15700880561845015,0.212018498434683,0.16937605192054886,0.12506799587203002,0.25225978660449466,0.19570835400241662,0.13225562719088443,0.1605836288399079,0.14418347320420719,0.2644625088375383,0.2193889120568512,0.32137157008578304,0.1276300608814526,0.23570387486498376,0.26894435631250263,0.28160129537531436,0.22941542074165658,0.11239135192253398,0.21609277360397147,0.18216566278455903,0.24891747106326562,0.17806480320529922,0.2318336402393161,0.1393873139666689,0.1982227854803903,0.1825913581143921,0.13385028387017475,0.26313602446440276,0.11865927696894102,0.2485735225982548,0.3692754178320176,0.5217510194516543,0.2239152825451852,0.5502259668395575,0.13900091916147056,0.16079102970931952,0.19236214065716076,0.24494360943190688,0.20436012401361936,0.3535890670523703,0.22871804126611,0.34948979610381686,0.1948442979873108,0.18973090238853324,0.2409349814281449,0.25735766967300666,0.171972235579716,0.18457301685163188,0.20646273532818168,0.20309675758838594,0.17288453448067462,0.1913247388616438,0.21695100963665503,0.17422497852311683,0.1609025034958426,0.1371489544180379,0.2069566464498156,0.18184950795789095,0.13708834535132353,0.13140043803222004,0.17286945535257614,0.1733050565421922,0.15118622545911412,0.15404915747205095,0.19441598283809505,0.2392637627359502,0.19412998775591114,0.18119475881191582,0.2159459669956702,0.1828845652656046,0.19472506374035414,0.19151405592944548,0.18148726071917184,0.1374515676691075,0.20625499846061637,0.20325955066369805
0.2632366928372089,0.1558591749701805,0.17085007272212815,0.18145612897370977,0.16737406602065868,0.2309095762377782,0.20512066798792217,0.23078582053921953,0.20248957911725612,0.9999999999999999,0.4879320663991139,0.503428075102669,0.32943050678238334,0.2646318510653012,0.25806708363294717,0.13905140777843963,0.2636704857117726,0.12773302143896376,0.1440984569590904,0.29392198355148724,0.18203902817313658,0.1807462880797771,0.15575917346224183,0.1921904652836686,0.4462804262150376,0.2274956925280903,0.19596725209800447,0.2986318900110285,0.39191054011130383,0.37989989786208045,0.2309654214840174,0.2606994020784911,0.1578894750574638,0.14718832570838092,0.12922034052553125,0.13797997314125476,0.3401937486487411,0.36735983531717054,0.20792927314452694,0.2584085760376879,0.19624770924451226,0.35732504628454204,0.14429621984647137,0.21198458324546327,0.14846994476262998,0.1837885259408914,0.17302756657115967,0.16688922287271096,0.20206157059134366,0.1664312748908519,0.23509644136992655,0.24878058076610154,0.24606629923320666,0.14610008744192973,0.22830567397553364,0.23740002306592273,0.26900847857107035,0.24464460054297177,0.571200557666279,0.39427319776225794,0.4297525550468776,0.28697147188116223,0.35823609577866344,0.10615152895769724,0.20105644482536453,0.27158411298627966,0.09653424762517161,0.10359003621822581,0.15979641318914956,0.2165749733320372,0.22246384474296016,0.2514332218129428,0.13589151570151312,0.32536727023992507,0.32331067695983273,0.4674831853284065,0.23345687733654696,0.3054085743917043,0.17904810008893932,0.1694762973488073,0.26423414169148157,0.2357851325603783,0.18247470984604003,0.23152648597351289,0.14085191745415224,0.28853726721218037,0.2984502190638406,0.25127966761010234,0.17990894391480172,0.21547482478816243,0.1938845467628494,0.32621785623854566,0.29469808077347287,0.21958845671393912,0.14944015115326797,0.2076854564623865,0.15782396682256372,0.1880869624821961,0.1507810608193562,0.15650945680846245
0.22768111210508038,0.15309872718864256,0.2591427930942139,0.14664541542702664,0.11616903557048991,0.27524627115081685,0.2628399897898123,0.2618669158817774,0.2652803782277674,0.4879320663991139,1.0,0.3893375839588595,0.21675063273617365,0.37478641144534003,0.27085136017678557,0.18208872268780474,0.23138678822906578,0.1708071192734195,0.2246866008007975,0.2729417029929685,0.25314617742559187,0.1508278672092028,0.13910828194354305,0.23947724722367422,0.2591759490715584,0.32207056190398325,0.20926912888602803,0.22110902111801423,0.30652598483935983,0.2588392991346737,0.16821536785956642,0.1637093843455256,0.20256833886919806,0.1649950409623294,0.1610498455585229,0.15597618152743797,0.20337989076774185,0.3135194948675061,0.2565127107744075,0.26590253851698864,0.14786377236301146,0.16012092696145802,0.14156912714973668,0.18693021708744464,0.15985239476192,0.09776695331369975,0.141888171538738,0.1260818914188124,0.14792442067003375,0.1972521993364295,0.15140656324616683,0.23729833740170164,0.2632643210725181,0.11266305458490608,0.23215201879939037,0.21996600469492333,0.2253795063757111,0.2350395431006847,0.2579635098310121,0.34428401336772074,0.3468723840260896,0.23811014291296106,0.30125821554454324,0.29314077578644687,0.35983474807781585,0.34020379845210724,0.09970724542577523,0.24332033677282094,0.10442869297865942,0.1921736097972669,0.17993790373353127,0.1541262569817141,0.11357271121786199,0.18901911738644717,0.3723485626020278,0.21563019060258434,0.25958842976214,0.22835470022641352,0.22876791524335477,0.19185384013362783,0.16914544642438797,0.18972964696484104,0.19283520746626043,0.16331636881362407,0.15644298635649942,0.17315293128738352,0.22606285831526718,0.19566680362760205,0.22790694314516902,0.18265345464558902,0.1568074022018687,0.15893014702684327,0.19483760945226777,0.18949491210339642,0.18702922197953303,0.15426961369569303,0.10212136134703252,0.15390297254455654,0.1579844237201188,0.20888216791117434
0.1964999159577751,0.17438314467928331,0.26162090788428766,0.21073610597866022,0.17884569583777923,0.23595965762096507,0.19543410834354552,0.23621573882104943,0.2864814126948773,0.503428075102669,0.3893375839588595,0.9999999999999999,0.5603379719751839,0.2737823751141575,0.26831026979261424,0.23296936205175897,0.4152365156531452,0.21517823788848503,0.23871877489641746,0.2767532242063857,0.16757021153661114,0.2875673983083018,0.23631975433186483,0.27168119155150117,0.30168437411252946,0.29656614359340244,0.2654127845534382,0.23293881253608656,0.33418833446145124,0.3549203408795404,0.26441574309750787,0.16620176028524916,0.20151796313970824,0.2765030280362366,0.1971571895963844,0.15476587477777676,0.21684156877649519,0.27101434568994975,0.1856146639317661,0.19338468634032283,0.16988181058347623,0.21039430577384116,0.17108077413567796,0.16834560662086342,0.23957126235404327,0.14782953732821139,0.1779770031398792,0.16091799373280039,0.2923009062141523,0.1935672970068332,0.2181430379149307,0.257296090033719,0.2673988323468247,0.17639175051578881,0.28634376828820446,0.26999117785648213,0.1787499112016901,0.28443940919921185,0.3941038599646374,0.4089595163616559,0.5339364269771596,0.5050200150238037,0.5512756880267156,0.19774241415665914,0.26714152181323614,0.33686714294750864,0.2350367662996472,0.23984531643256282,0.21473658542611584,0.29575339554321034,0.1681632072902217,0.2376128408801076,0.2558137314655677,0.17038404799847112,0.5423595807926875,0.30457375363500416,0.36666928937907595,0.3531651172221568,0.19587209888815266,0.23255631144982278,0.2911569184017905,0.23186735249864185,0.1628275545428114,0.1372357796217264,0.23471019316319494,0.2249673432599257,0.2591297708956526,0.16577921627905945,0.22183709427471876,0.15481348933162128,0.19066831915415133,0.2033936721676252,0.19912414760000346,0.17179494251401345,0.17713193679153721,0.16585486203961788,0.15849794315988938,0.22554648167772343,0.29001672021524616,0.15035738396155068
0.16732717905673694,0.13616014098872264,0.15741187701550147,0.1416332136025946,0.15257263973056306,0.2345164729678012,0.17511243085578612,0.2568500989604057,0.22675719901661534,0.32943050678238334,0.21675063273617365,0.5603379719751839,1.0,0.2237568245793912,0.3405745462394945,0.21751062609261454,0.3301513427155567,0.15170437837195105,0.1917677855193922,0.22347963089873046,0.22675865693921124,0.3646256724958931,0.18024626868469043,0.1584561735452729,0.23141147190230835,0.1978852068853846,0.15571741796769395,0.2803892300116861,0.3064914185435645,0.36195907882295636,0.25078353810007914,0.17500028378009833,0.24390952827419643,0.35460147942054776,0.21670881579821233,0.17631265451987282,0.2434231023243355,0.24360292931856775,0.1745842849439472,0.18983918017574067,0.13878663520882054,0.17730478933883378,0.22459469667202986,0.2114060778464159,0.15933633818775295,0.1276974034946897,0.20642090244508587,0.15120490511193083,0.31818200860375706,0.14303086216773017,0.15443212097125922,0.2457300389116974,0.24593030631887952,0.14834471217794964,0.2435501829976709,0.29146328832968155,0.29374011121809024,0.26522372246743076,0.27030984236505523,0.19743789337745607,0.3551323113265507,0.7593137878291959,0.6488804419527981,0.22300377397810872,0.20815740605841565,0.38374095780650674,0.2593655698430242,0.2740607214856883,0.32244326443249205,0.2514021732395761,0.16747749919599073,0.38940094412446635,0.3016196191935977,0.1405487676653257,0.28274942920664575,0.23771596264945644,0.2655741277997846,0.2865225654783413,0.14451783872326288,0.21350971858099466,0.3812440607054628,0.22228705614855915,0.11161921081510066,0.2788256235997813,0.326521118673246,0.3258240322952401,0.24214831280715224,0.1685373306271298,0.1962905992349648,0.1491111518592116,0.17906094119296725,0.24806183246769137,0.15466627883576642,0.1324469859460429,0.20084707960150738,0.20768121009197965,0.1131776168440418,0.28422876733969665,0.22869719439381803,0.21139347259847263
0.2647286311010981,0.15302283480746595,0.21280791722085118,0.1548378596690206,0.22805859740276813,0.24152449029405715,0.27585051728027604,0.32429334111641944,0.27840351209310293,0.2646318510653012,0.37478641144534003,0.2737823751141575,0.2237568245793912,0.9999999999999999,0.6984877917029256,0.14340523959174784,0.2575458125259399,0.29629135052055117,0.36788892822470326,0.2379874222345124,0.37905477177545527,0.23606581706632823,0.37686997639999953,0.17147683843952916,0.2585625823442823,0.28501974826891324,0.3439522404796245,0.29351470193231993,0.2874766165612764,0.48876550611538183,0.15776117647666832,0.21283241240480913,0.16224212268953564,0.25232321756772114,0.2345091390142646,0.322230821506957,0.13919855906571482,0.3978249627978503,0.38992227194011236,0.3806602487330326,0.22588878867009313,0.2735671078692205,0.29994517558243605,0.3121328920280961,0.28029629584252697,0.30242516212926523,0.27461645437196064,0.14599302107646808,0.1554116095298466,0.2880432033341766,0.1876413250982743,0.1655705775791568,0.1402483397123555,0.14150964483042855,0.28772483833970164,0.18992384489392652,0.22954449743474012,0.23960927592829895,0.2636560018090665,0.3161617513093154,0.3561842891939741,0.2892995512015589,0.3526342231376896,0.5396416288076663,0.5166477883258115,0.5546905207012625,0.15980641544695712,0.4248127823372213,0.20902445410966897,0.33935847523928986,0.3304463129639547,0.18401152766324264,0.26085476207707553,0.31040273590606965,0.3442413955632393,0.26810808307461326,0.3462871709454294,0.30807690780770886,0.1990256200683695,0.19137185581916774,0.22371817327341714,0.21806184045315252,0.19355535453466602,0.21954594191502977,0.19799188148687627,0.18959309643288516,0.22809048624125292,0.2991554377413776,0.45392927731099014,0.16758469526369846,0.24669042683574183,0.22776279142223513,0.365722802707126,0.1970598313781019,0.2864732268994144,0.2993389200902354,0.2484249188157305,0.17653337566891886,0.17351990561779368,0.25543516550173617
0.33865241014019554,0.16411442351126215,0.18452544714566405,0.1485710785808846,0.21756119223567083,0.22882279225346785,0.3477455812795986,0.26019850964605684,0.24734885198667286,0.25806708363294717,0.27085136017678557,0.26831026979261424,0.3405745462394945,0.6984877917029256,1.0,0.13762590064816005,0.25714801271341786,0.29821353030233166,0.40353419544543134,0.3177381733617153,0.3689009265779319,0.24441248132403368,0.2971287143656964,0.18090644904926406,0.22746972710608046,0.24421206285327532,0.2009612379600883,0.18440475763380068,0.24876939112692992,0.3801750895240502,0.15473475895687527,0.2363567545350981,0.14819526104143108,0.32809927611141304,0.16384311997529724,0.24175364665486698,0.16739943574531702,0.3655169898919635,0.2935097518912031,0.36870428632673397,0.21527540620973148,0.20916640204426504,0.28114639964199184,0.26571415754462524,0.14556265091045406,0.20133100621066546,0.2040649675111304,0.15459536140331454,0.14909853573155604,0.2275345175364571,0.1559050284851249,0.16948898047072813,0.18132458854968767,0.17659661573203414,0.284827169345754,0.19805507376591927,0.22128198171301325,0.18633194222711688,0.2099381086862304,0.23456945633794465,0.24591316289641038,0.3048000558052642,0.2911370532926355,0.37834505041681404,0.39554646912469105,0.7366351709957597,0.24645923789054852,0.3196144554053124,0.3142129249743959,0.4325118684622376,0.2773191274870613,0.2620038042944729,0.28618343794564394,0.30555236418939163,0.283133859226098,0.24686830158168646,0.25569925468576005,0.20865953894159298,0.18091991956391967,0.21778813924039642,0.31627608332001456,0.20357230565369167,0.15310193693802332,0.24835009839443445,0.1844484444772763,0.21778223527225943,0.2615492183696597,0.19217922643286414,0.36297036530988036,0.17794232656728626,0.25863548190480623,0.2710833328906018,0.317826205997189,0.22011255503347854,0.2956618391597581,0.2958404011108795,0.22456551245309883,0.24982532496286536,0.16935278410365767,0.2615314152646102
0.17237756707829593,0.16977970019136346,0.16119067192323833,0.25760768677068446,0.14278515344444492,0.1701074233544932,0.261540092346566,0.12395660032396574,0.1739421810961885,0.13905140777843963,0.18208872268780474,0.23296936205175897,0.21751062609261454,0.14340523959174784,0.13762590064816005,1.0,0.2114925373188521,0.2315406402575082,0.13435872334919613,0.2175291662706197,0.15061491746223882,0.32191951059209534,0.12844842180742444,0.15116714727818303,0.10250299183976548,0.19250268465700496,0.24450273659512675,0.23201097979863333,0.16608726692402065,0.26206611387345474,0.1467931372035247,0.13752080611420875,0.4130248480995838,0.23470629314205124,0.25298149606590753,0.16962511803869953,0.16845835730338737,0.09816591901057353,0.22175761275123582,0.21566897434406268,0.25814249349562124,0.179399084128452,0.23450452190464005,0.18076916050139125,0.19055427598219984,0.17896958832635793,0.2322805097525421,0.11783771278046672,0.17859446199312898,0.28377616522602317,0.1641401520131046,0.1688424936184162,0.3332834482724549,0.20194280630056874,0.16921458292590671,0.18910866081824879,0.13127046291893416,0.17870790759100147,0.13342013398050745,0.13342389289884524,0.18818914613506887,0.2561635133210338,0.29535055352529915,0.13951324871557882,0.1548881210599182,0.1891957867341776,0.26747748891880624,0.19939930196341357,0.2105009905839976,0.12662698045004644,0.17088482363564528,0.2902405624259448,0.13408366830632226,0.22888734942863312,0.27474209461689086,0.10395339359790096,0.1383311788993629,0.19213170320002557,0.09046770056501796,0.20528742829902594,0.19080160045329833,0.12471288183505629,0.12696684100121844,0.30593150778990263,0.20105236055185913,0.2097819046323078,0.11211282667724173,0.1935295525254099,0.13591037361871247,0.1881949423067039,0.18323190104985215,0.13466657803434592,0.2183937509879021,0.18469261566011852,0.17381615689105462,0.21994500561969246,0.19944976679513435,0.10791069837356697,0.20937120823416305,0.2025417923321896
0.2221758306050641,0.17482426624072323,0.2575414354331685,0.17898508150282771,0.16598904378090684,0.3342506908215347,0.34119310321662705,0.31835423196562074,0.30370240525967246,0.2636704857117726,0.23138678822906578,0.4152365156531452,0.3301513427155567,0.2575458125259399,0.25714801271341786,0.2114925373188521,1.0,0.23492825497900338,0.35046926203589157,0.16993132675040795,0.3234229502658804,0.4861769985621796,0.2473142157221402,0.47418440237241155,0.23197449702560496,0.2949186678687767,0.15257810945312994,0.16490700717164974,0.23132901789433877,0.2750879881850074,0.19390310702142335,0.18416855605773916,0.23533621922180456,0.1744449596962918,0.1488216123661672,0.18997711046109317,0.22325279113179275,0.2682836422722704,0.25972273847253424,0.2509889854944123,0.28328086583212225,0.2106795224093547,0.22819721924405476,0.2558276501093278,0.19725272148046716,0.24715798040969222,0.1837085308193851,0.20263204225613912,0.22587088633663918,0.19969384046887984,0.21557347998345425,0.23895067824499439,0.16546530947558977,0.1714592795368028,0.23714254994613163,0.26307943819309215,0.28312012364054523,0.290180964013865,0.2743706372947765,0.23411313107824414,0.3119617185815508,0.3173173768845809,0.29752563857225556,0.16626291542388555,0.24864987146952744,0.2564450312373889,0.19344250165395105,0.26173324694415045,0.40925756504008554,0.24565424621386064,0.21637224328831262,0.2690158438834341,0.20366253591184436,0.1466575643476314,0.48185195155517646,0.25790592991811584,0.33557876971871164,0.3441588336921864,0.1957830159122111,0.2337662638698731,0.5889012399492297,0.20559304357170075,0.155419465401291,0.18591989054539904,0.18677717932207652,0.16176215520442536,0.2684951816628181,0.1603245032931225,0.1384075437200776,0.1835254471849226,0.31101780215991526,0.2743220367911633,0.20041916479460653,0.26131367225233926,0.19412781463765977,0.237794857056629,0.18054277413112146,0.15815478868155552,0.23675425041228393,0.1915642230087575
0.34942514926319546,0.1659145532409507,0.1437395373151172,0.21340290922117244,0.18203668512120902,0.17255688305759342,0.19836564734791126,0.22908263690711672,0.226966341809672,0.12773302143896376,0.1708071192734195,0.21517823788848503,0.15170437837195105,0.29629135052055117,0.29821353030233166,0.2315406402575082,0.23492825497900338,1.0,0.2667287098687944,0.34481186818746146,0.17346475881476958,0.2520101265312748,0.25702473958574756,0.20081097717069704,0.28389132835593744,0.2791140721294486,0.18521818227844467,0.13487680637327412,0.15672400196056016,0.17841227667861792,0.24158437736699562,0.25648099569184885,0.15327635587622482,0.3947934939890507,0.16417026368870402,0.3000707497883306,0.25043415104136546,0.2922609068221601,0.18152514738126793,0.17256667230884645,0.33834057604464485,0.17901166448399675,0.12856946435942082,0.2207185885127246,0.14808199074488798,0.21232692864545963,0.214704323416656,0.2187972043580182,0.21177082720379686,0.2068093142825437,0.17208977188966895,0.16426143152107525,0.234851743667369,0.19713567421153472,0.16399391493846913,0.16209586870788406,0.21754043743987458,0.19467820152801263,0.2341672187088527,0.2817220177207168,0.33844277378793103,0.16570026875135896,0.12605309064676018,0.23136369837146833,0.24028516668161196,0.1964767896616359,0.19233864994470817,0.2813290833255648,0.3328529843348885,0.7294351340621607,0.43075244782149297,0.19878157091966878,0.31758218644010294,0.2539864411247658,0.2608103740750946,0.2010257258578128,0.1609539928789814,0.19450782788054458,0.187865497017023,0.18001407511836354,0.2102519232638656,0.3061792902979858,0.16206357036478558,0.14112296355888415,0.16198783529329813,0.2131340195392528,0.2091564888845939,0.19796661460639173,0.26328621626748117,0.14832316223842393,0.23971963808640878,0.24929110826315473,0.23713322962914837,0.11976141489094609,0.16606710883684156,0.21282135085960013,0.1848429613273632,0.2675457675575677,0.1459641629071184,0.14175819935718598
0.20569080268633383,0.2491843961017438,0.24781391181172222,0.18243965261567102,0.2763735574967303,0.23663965107835697,0.21213453403490845,0.23128493690031024,0.2510955614980576,0.1440984569590904,0.2246866008007975,0.23871877489641746,0.1917677855193922,0.36788892822470326,0.40353419544543134,0.13435872334919613,0.35046926203589157,0.2667287098687944,0.9999999999999999,0.20165660153848836,0.3607875836620019,0.29679086006430494,0.4053246892099295,0.19589698848730805,0.24534436997445044,0.25400281652847206,0.1664130814452394,0.17407433075223674,0.17827249073420123,0.16746901652287355,0.18671772880178114,0.12794505002406895,0.15850003753839048,0.20484727881134962,0.23185435580476108,0.20637643211824688,0.18504231579945582,0.25279335072502707,0.2057598049866009,0.19969303518061435,0.22928092655108384,0.13781015035439514,0.23232564122910626,0.15066270395809833,0.18586547497958267,0.17780754114670086,0.19537552334743705,0.25134248635283024,0.17482672539317703,0.15399059330496917,0.25327302076822494,0.2397938990435112,0.18908553628066438,0.20838203837677668,0.2654366162014907,0.1895485258534414,0.1828471580854476,0.21968507543691718,0.22078985848794028,0.22753770896634498,0.28631242874685653,0.2124923853593635,0.19228240837905505,0.36733794883289705,0.2463627629952475,0.29916491542744156,0.14145210736004038,0.4991167591178948,0.33914464210595696,0.2545997608078594,0.2735519742962116,0.2164873831143918,0.3985604739964,0.25323344985507856,0.2703961440455053,0.20229412478184383,0.27106863210453136,0.19157150897861946,0.1214555831940063,0.1572332648730856,0.20838477202880404,0.2065624732181776,0.21891791533060243,0.22743142336142189,0.2200418075107013,0.18973114093634652,0.20265678644272672,0.1295600692636716,0.23294983610360587,0.21703028934598412,0.15494233104209193,0.14240232913654033,0.2173182288196588,0.129462837068403,0.21039839976563188,0.13897937823452072,0.20199528293427738,0.24614204201914908,0.12698129234970665,0.15185404102018066
0.34039217040362735,0.18603028882637015,0.16836159588371438,0.1464701805733167,0.16512919735298237,0.19530897318924312,0.22149255511204213,0.18618374866899182,0.2067192170017951,0.29392198355148724,0.2729417029929685,0.2767532242063857,0.22347963089873046,0.2379874222345124,0.3177381733617153,0.2175291662706197,0.16993132675040795,0.34481186818746146,0.20165660153848836,1.0,0.1774631040696667,0.15827873779892207,0.15901382089530253,0.1331899511542961,0.22176700193068105,0.17948377852790703,0.20574162200866927,0.20177128639858452,0.21209217154916257,0.3032622192087266,0.22779373260806818,0.15607421145742192,0.21192404770614456,0.1618238237551608,0.13309885030939994,0.28229147196589477,0.32125180370773976,0.23717798268424592,0.2893279867141616,0.2595357304178712,0.23860915632753976,0.279674182895414,0.23007184652146606,0.2439003270611531,0.15152564066649965,0.2058395180387375,0.24470474049958102,0.1473658451366349,0.2506215499545133,0.24679219376552328,0.1677785617647319,0.19716708841319708,0.19516853393903905,0.1335522884608775,0.26447741479190834,0.19577711145488305,0.20261097417578663,0.1976151569944676,0.23111323576540957,0.16491653664120817,0.2443331605118753,0.16281238733429132,0.2714294086956803,0.2656641015734019,0.2895671202115361,0.33385863913399655,0.26897417076790625,0.2215183052463694,0.19425238019425803,0.41406834395531605,0.4083740200820305,0.20010781854921697,0.17259227056555254,0.1858071469115165,0.18255319695225797,0.1260633529808602,0.12412762799036241,0.17602193178810402,0.18857173395333415,0.14326460452002582,0.20283713086143496,0.16741856226075058,0.1336747197464664,0.164280884594579,0.17013729480503606,0.26839644006685676,0.16977512916751084,0.2446092903798996,0.31408229999124626,0.15121307495809663,0.1999539545684205,0.24591379180554346,0.2986199397647205,0.14744342544266428,0.19029422586720776,0.2825964750095302,0.17949000931932396,0.23859855970373092,0.21089527140478107,0.206528427537181
