0,1,2,3,4,5,6,7,8,9,10,11,12,13,14,15,16,17,18,19,20,21,22,23,24,25,26,27,28,29,30,31,32,33,34,35,36,37,38,39,40,41,42,43,44,45,46,47,48,49,50,51,52,53,54,55,56,57,58,59,60,61,62,63,64,65,66,67,68,69,70,71,72,73,74,75,76,77,78,79,80,81,82,83,84,85,86,87,88,89,90,91,92,93,94,95,96,97,98,99
0.9999999999999997,0.38175396836197334,0.3592882272755962,0.2292087583473224,0.3777640242900141,0.322873201756796,0.22580642479217017,0.3858173585059446,0.29752071211697606,0.1813047770573485,0.19559913333693885,0.1489105548887925,0.2844464288341003,0.14616810175116404,0.17141356886674936,0.2519133683391723,0.1323876375814539,0.2280568644416504,0.17618355278519707,0.16004351828562172,0.301153210760411,0.1513622106566787,0.12783869033624407,0.182751467538717,0.17622968768451194,0.3888895505692452,0.2188526518610923,0.2308316135521433,0.19151809237657658,0.2206919899329703,0.16430371875360733,0.1609130299199294,0.33205462926316515,0.18726627686925426,0.16630603024143056,0.2801505792959477,0.23056854040333985,0.1928085167002479,0.21643922863308163,0.27360984484461587,0.1643415732568255,0.2071977869131143,0.2077050552588697,0.1523157154495786,0.13193207084633085,0.20903598911087926,0.2102047247880842,0.21482843730211124,0.2860956972615383,0.18188323971772197,0.5429597590555254,0.33005847897498597,0.3001826457142529,0.35839894636202624,0.35525455201450107,0.2917698525583436,0.3564631887268105,0.292653311440795,0.1508800983190003,0.2262538332226155,0.2716039049582462,0.17180451391578458,0.16135735485070327,0.11178857596332832,0.16462997053812609,0.17907545425148225,0.22989643239584637,0.14413015760141584,0.15317760876019704,0.38207885198366126,0.1779931025045877,0.14028588316477275,0.12378877309851619,0.20348275729711612,0.2504072680521506,0.23854113855698234,0.2109019860077996,0.18333097972247803,0.1915730266852812,0.238691113078196,0.17339478061735544,0.2048896999916021,0.26423733334000055,0.19008306035236722,0.36077065504069267,0.31314693615890904,0.23906547950318507,0.2644759632649128,0.21662948374009172,0.3170918794591622,0.28856244074872206,0.23150775788268124,0.2896703759313425,0.19527107183900858,0.2736520652541154,0.12572193167232537,0.20720862758822772,0.18139725536386042,0.35764437881913713,0.1588264022288102
0.38175396836197334,1.0,0.4347122805881888,0.45242506126085336,0.4892933559852251,0.33578783580153426,0.32953542497339655,0.5826603945315668,0.339318183775064,0.17834865165881456,0.18657416864327117,0.2130904165148764,0.1391225170939933,0.13182554327544177,0.1301627632174046,0.5152528623106345,0.14366164763674674,0.219696928688955,0.17340337060118152,0.15729836785669019,0.16746603945829697,0.2779840459958783,0.09041654405017242,0.2048186403141654,0.1939990474268017,0.25290562805576766,0.16681882601503287,0.23514624433050288,0.18574449390267095,0.1573477202913257,0.19560024935930556,0.11745106871470577,0.3076312147324944,0.23597841782716075,0.18151149768828695,0.2416312908435758,0.13621044352971096,0.14307127687863663,0.22149133985470645,0.13985177621814132,0.15722137563684052,0.1818531351269378,0.15732735971544723,0.08788828167655176,0.20625258178733907,0.17283448061430248,0.15490932721282535,0.23364237619987382,0.20572082034600744,0.16254101500490425,0.36344207155932273,0.676681591887213,0.4560146602915557,0.5269685972244627,0.5537877422959799,0.24142941960456338,0.5376763190393485,0.4410153878308941,0.21644302024971981,0.37036449769888863,0.3418713288418925,0.10873121054177494,0.17638514450272155,0.15477667737562714,0.16162584554613255,0.13727859298940395,0.17615600774465864,0.19579395711936975,0.17218513239509073,0.41626304559044713,0.15234930723676818,0.3386737175891345,0.19172051192501274,0.22787453583313486,0.20143305874385614,0.19288447524949853,0.15013735831643538,0.12137227917394444,0.18005276799569603,0.17980523049532163,0.1713844606450195,0.18840769913221372,0.17543581184648738,0.2946336379494166,0.27214022985609143,0.2221153925590946,0.1552578762917038,0.22832737797626204,0.2192282378223006,0.25862146692585286,0.1457872987793928,0.2867801196052849,0.33734795040124943,0.1415781622880493,0.20944596821157638,0.09535577782974211,0.21354465187573543,0.22175454837228734,0.31868011453725303,0.18082785976175597
0.3592882272755962,0.4347122805881888,1.0,0.19902192151476916,0.5069044175410853,0.7746132185767521,0.46520411824584296,0.5541182185075086,0.754331947960562,0.1582324404491155,0.17347626040581252,0.14391774834643709,0.15254763761189122,0.2237256429012814,0.1832627006981637,0.4811827516682344,0.12705116086945906,0.2702478439712561,0.18847982527183688,0.2456849163779516,0.17530712911061513,0.2052368276196969,0.21935975971214422,0.15085448724042505,0.33977833298556775,0.21612979329916004,0.18202578789222432,0.1941654995186984,0.1485492348273372,0.10295811422050465,0.2531554471552353,0.1932722962891042,0.2342355578762124,0.20477754007057306,0.14489042657001408,0.16072001165171346,0.13790432166308664,0.2302149761492892,0.16987890033521613,0.14736861333198517,0.19769199279624886,0.2564863019243241,0.1433390974197177,0.22538238643433461,0.2086096072110985,0.24796117882399024,0.15683470418765041,0.16896384833222144,0.17926143384978324,0.15475401506449513,0.27184401790496626,0.5552295181344704,0.34599427484683615,0.24742256619575545,0.7074894851983535,0.6318975313701984,0.5413675194903985,0.6480794180982083,0.2066122996679734,0.15231976941945966,0.17648559782049905,0.15933236063994502,0.19133037621310553,0.22224593226001751,0.19617115639610438,0.21771397480470006,0.19052555130740217,0.14278839412850963,0.31825285273423815,0.32635504328920506,0.22959704483455184,0.36201205268119735,0.31978278904424184,0.21044113878609708,0.22235330428215028,0.1544095746748496,0.2177971845595708,0.12029295142440607,0.1562366628852323,0.24175968963185532,0.2638997763677619,0.1962474574414778,0.15062271068311667,0.182818771298954,0.1604119438569506,0.17622228383640015,0.18667671831057625,0.14191079687620672,0.3109858338097945,0.2474566055774034,0.16548929925452655,0.3148578453330046,0.345249178996362,0.30804190747391114,0.24806102637152516,0.19392862481359,0.22091697943329028,0.21833989023353775,0.27332901325987163,0.1593154117425127
0.2292087583473224,0.45242506126085336,0.19902192151476916,0.9999999999999999,0.49190431530427875,0.1765779543027015,0.2143315346546565,0.3649903589278719,0.22879183938394987,0.18733673479763283,0.11848372130885895,0.2010788873736579,0.22739224305047628,0.17180181370000688,0.1512537943501166,0.33065126176569415,0.11479607549289059,0.23522337707862181,0.20406559442254868,0.2092873759727253,0.13186755416183396,0.21080444214228553,0.18518554353137312,0.15032860078180982,0.22880951200863106,0.3087942006434755,0.18094420194638708,0.209681056067834,0.17067249746793867,0.20346625584911418,0.1945427958210196,0.20923858277512333,0.27154269849225315,0.16226595807415628,0.21655943319043428,0.22811386336430847,0.16871095137620867,0.3029469935447045,0.18840523921042557,0.19752508104482722,0.22340746481423757,0.12046276538915342,0.24974160217963806,0.15551081890768928,0.2184474593226275,0.172410066676754,0.24792270002722894,0.26377091636953215,0.20902232259586603,0.2172091808513823,0.34480777501402426,0.29413713156659266,0.33364316309869474,0.5316417481355635,0.27252722293545273,0.22094800063510892,0.33636751006946997,0.25605597553955967,0.24089230406165282,0.18921420975367562,0.2597449636951793,0.1537195213575886,0.22970314678014814,0.202698914464863,0.20517004339674672,0.1609079979384599,0.12300620138963364,0.306742074904641,0.19555959653054647,0.35157335287739444,0.2058986498067207,0.17055536874205626,0.18634006362939284,0.1250212888183994,0.19632630392578773,0.16205607077559656,0.12606802356864855,0.17010391397674965,0.21603407498221375,0.2647124031803111,0.17166182561207421,0.21394224804107767,0.2654796434548777,0.18214661436079305,0.23359540323110772,0.2879950804569966,0.13075029635711544,0.2332107618420299,0.2540307436382574,0.23992415615778345,0.12015038477867775,0.17784256226911627,0.27748363692112343,0.11597219002444917,0.14883510058276497,0.1362938173117445,0.16940076510306462,0.17057198084198952,0.2881552850578796,0.19487445428697137
0.3777640242900141,0.4892933559852251,0.5069044175410853,0.49190431530427875,1.0,0.4516737976060805,0.30342901037496295,0.5716911856470738,0.5010293624991654,0.2051240306927985,0.19417492354148738,0.21548050726694615,0.20232105117584911,0.12360929342645621,0.12228770923398108,0.4301224260406596,0.12908056699491677,0.19172514265104376,0.1512473147342405,0.161371203210262,0.1456669319436708,0.2121719844979449,0.12478055543068506,0.19452861472541558,0.34097204010494414,0.291619152142197,0.15286281663061657,0.13591259469822783,0.16716515717653524,0.12680143640779912,0.19363286385998907,0.23939858954290866,0.23736522788821282,0.14443999371941707,0.21897047712220727,0.2324694161350906,0.12801246985734668,0.3190870871445893,0.22018358396300697,0.21088444461752953,0.23737299608750978,0.10800851220817348,0.18850127893887234,0.1523136151058756,0.14112010214302753,0.14108142296276063,0.21192963179915025,0.2394504765067799,0.22402288377883367,0.2080706528815441,0.40926850907938517,0.5094736296648178,0.3802073975611745,0.4670488546270852,0.6493958060724573,0.40263558945497574,0.5180377978656034,0.46276464215887964,0.22750830274453523,0.15414940728708623,0.25316722884400544,0.1243336801117094,0.19927394589682074,0.10573602930969424,0.13244948419226787,0.13799771676071665,0.1663186901287307,0.15186718653531064,0.14102697152723576,0.33978836684568153,0.17778413909448776,0.1882113059803098,0.15882619479355797,0.16933116493962697,0.1748563908995464,0.14824273244089914,0.18349530312006787,0.1434695430514311,0.13681725379626386,0.30786007001366905,0.12750951665718296,0.2580908365799701,0.288361781382504,0.21009752515214813,0.2586413729875667,0.3379412166103099,0.1342548972759097,0.1589133447351837,0.27297834677841587,0.31195977424918575,0.1751281512558349,0.20507444806841157,0.3588247309445585,0.18765584795897103,0.23490229132656076,0.12918987310153995,0.14243680566383338,0.1695062568205921,0.3330630490972431,0.1656354948552302
0.322873201756796,0.33578783580153426,0.7746132185767521,0.1765779543027015,0.4516737976060805,1.0,0.33466017861680153,0.3661164095822544,0.7897386731777479,0.1951948306918243,0.17875778699564038,0.16032050904440445,0.1461970717307118,0.1794616464871902,0.217152037226921,0.3640489152808696,0.15776073144478078,0.2628038428156103,0.15524255513564988,0.4031742924025314,0.17565975359711938,0.15548307899021013,0.26314782472758047,0.1421109826747416,0.2707947358312897,0.18401553298803056,0.18959144701100306,0.17975306987341114,0.2018747288888917,0.11106895763826154,0.2573237220499183,0.2868959427028932,0.25375806812031637,0.18429548848806765,0.15244671899201387,0.13911047987125275,0.10603319349782686,0.21821508354976926,0.1716787605891976,0.18167636381486743,0.14568155709580988,0.23906431307960646,0.14776606381934168,0.1891010727523146,0.22952882073394146,0.21111923784463696,0.11507847380109877,0.20044071147354434,0.19689086228261884,0.14333333750338986,0.24686236446345117,0.41400456323377177,0.2541895158824411,0.21388094083282996,0.713429515371465,0.6451237636332465,0.3616329059090864,0.6248545177390453,0.23532671908199534,0.14031015515363604,0.15209468931097025,0.18830508364445497,0.15262550681733633,0.16843046045662427,0.17767136533685565,0.2212029657407583,0.22414866960119478,0.13440012512577204,0.2697457718562645,0.26342811578877234,0.2920784941945317,0.31754538223675277,0.3454509508818364,0.22777944608789852,0.1704999050808984,0.13582434842112145,0.28498860080353317,0.19400028233884212,0.22539547281558334,0.2900488340530458,0.23975679736221223,0.23289963989575124,0.15391064848713573,0.20286581845729276,0.14969123538493015,0.22850496191076014,0.206349710555154,0.1340734937349971,0.3280554528561621,0.21608777877467106,0.19560527280395434,0.2932938670862457,0.24124622815160546,0.25922241239498434,0.19670658870942237,0.1710019283147277,0.16276974404081965,0.22375526687119218,0.27268729622166155,0.1419548898387318
0.22580642479217017,0.32953542497339655,0.46520411824584296,0.2143315346546565,0.30342901037496295,0.33466017861680153,1.0,0.5189559549026176,0.3867581736681741,0.19918182061157083,0.21057033188625554,0.18000004241139927,0.12563236128806726,0.26183705882180086,0.20528874250455467,0.5501189626428089,0.283295596424364,0.35987302863517956,0.31430610464400066,0.20674137347791877,0.19714159910602652,0.16343796893683632,0.22386129884962955,0.1334095857913144,0.28844119058096107,0.2043276356549092,0.13374241248268726,0.3155356931870459,0.18181932512999752,0.16492309924981577,0.18043656832779753,0.10008845439233353,0.17688168957858974,0.19968244705256272,0.13720850696620562,0.15133688450463903,0.19242517390523572,0.1764381460548915,0.09509389496428636,0.20488132393908182,0.20082078926026206,0.3141044026289947,0.2965053170255924,0.15200590529655508,0.24226225612700975,0.22700124615860545,0.1982938287815106,0.12794219348701646,0.14192235164077613,0.15317482946152572,0.27016005523165,0.39116370845565784,0.4824797075660836,0.19358784054293512,0.35446650925682105,0.31663000778003386,0.4511360508260308,0.3588863361895123,0.20678170528081818,0.17823116694342175,0.1580926574949907,0.1573033403653088,0.19567854730879022,0.30467141087758454,0.24282388178921774,0.23336185372339283,0.15537879988982203,0.3092284797195809,0.3319948821678597,0.2707762838888865,0.19184643133044163,0.2614503502149213,0.25458516251093727,0.16118707247751987,0.2126815363997514,0.16990534009387276,0.21242489533983,0.1676169750041977,0.0932180315599792,0.13560135818346303,0.2581166934550028,0.13131656854739654,0.2427474361540473,0.1296397294090758,0.1725454816400212,0.2007491699830913,0.19759132730246193,0.22828661280239743,0.18629776144200044,0.24542959308701665,0.09983015806463673,0.2525164146437419,0.28745349476505416,0.2593028400035012,0.24472470961545775,0.15666404396944786,0.21832964116158998,0.14551015103101228,0.17743022853790896,0.14896385186796704
0.3858173585059446,0.5826603945315668,0.5541182185075086,0.3649903589278719,0.5716911856470738,0.3661164095822544,0.5189559549026176,1.0,0.5353899654204446,0.22631107651498006,0.21324632995927167,0.19617411188153938,0.1964584682006668,0.11434693526033765,0.12832502474481186,0.6256028443641266,0.12766064442314554,0.3341535068667112,0.19588436646010848,0.15452912070535213,0.18138131962389126,0.2521267692372368,0.13540736628770866,0.21275026056829038,0.29293719475229396,0.27218599141928307,0.16127367784150393,0.28237489218717365,0.19168922857827694,0.17745687132849927,0.2287188297133342,0.10943564955271491,0.22084792212327423,0.25677388498351983,0.1855350963178279,0.2577362906337899,0.18769132876871353,0.1956315284258338,0.13524848738849798,0.20278437956016673,0.2223701814346996,0.20665612739107458,0.20126673226919412,0.1834897323726449,0.16771207387650333,0.2073577978552853,0.21036428000035215,0.193596511295861,0.25599393384053193,0.18696547232759286,0.3589003036831116,0.5886047515849375,0.5559981033384611,0.38532676512798636,0.5400990634564804,0.3664937196586452,0.8389950859646338,0.6600468000965912,0.2029999437599493,0.2200756577963129,0.23191623291542995,0.13230857497513832,0.165950307446844,0.21596718181193608,0.18048717182547855,0.16357446480327958,0.12862217464372103,0.25768241515869034,0.28801503981708676,0.5197509777398687,0.19567424866678998,0.31256616185888125,0.2511325824598129,0.21015886250939847,0.19519853600243725,0.20016010071039958,0.21236825410360916,0.1414793735071892,0.10323899584738987,0.1780276359791083,0.17341437261966064,0.16184449482082233,0.19370117568175518,0.1545765157911873,0.28348295025809,0.23755696383144825,0.18477212404465151,0.1930776357875844,0.22702264796247784,0.3070439589333972,0.10614060403529328,0.21601996215031194,0.3610855661878,0.23001093851766033,0.22755474605811143,0.1698102902365098,0.2114986014760306,0.12488892467233657,0.29721496121897484,0.14027605903405588
0.29752071211697606,0.339318183775064,0.754331947960562,0.22879183938394987,0.5010293624991654,0.7897386731777479,0.3867581736681741,0.5353899654204446,1.0,0.18804352538440144,0.1821852418032255,0.16307024204824183,0.12370957826404089,0.13993843350576726,0.2362316798599339,0.4176325833979502,0.16933564812710963,0.3445500175584406,0.14917392963796103,0.395465999739898,0.20212212681589176,0.17537583173957383,0.2732080217111924,0.1131215069377756,0.3474878663799907,0.18155754942526922,0.21093211634370237,0.18439524065947233,0.16510745316610234,0.11755926373714849,0.23475749506666838,0.25567082593631246,0.20363180860895036,0.22190637611906383,0.15703044208863384,0.19643275082385728,0.132714014871245,0.2364598616699713,0.17638572137370218,0.18978899840313107,0.1721265854378565,0.1993737371292745,0.17882805002862137,0.171647973885471,0.15899577567040482,0.23077348535782227,0.14532870995684852,0.18467031351424468,0.16945798058220113,0.14498690057060284,0.2743176087628651,0.4065179567737169,0.3161015203718502,0.22644502824967647,0.6253122356170625,0.5813883754621372,0.44221915034586556,0.7891546645427658,0.25578627638724794,0.16317991265062765,0.18692508178851142,0.13930313258501006,0.14369331140116073,0.19868740256304626,0.19714327916225424,0.24911435792471154,0.16836290989623592,0.1598018888322739,0.3021741849548361,0.31747176475338,0.3193757798065924,0.26622682289455296,0.36805337679878325,0.17866890157945556,0.1700119124834166,0.18918435806878645,0.3025495472200899,0.1772097532216646,0.19482215721891127,0.26842057066937475,0.2358704081249236,0.2636051112631355,0.1776234844889893,0.17336803429860037,0.1683350523928114,0.25196740148228575,0.2066428762317999,0.09853699891124566,0.3689892176735479,0.23447525960144905,0.16712533471661434,0.2801766400320258,0.24986510902539535,0.2644272372409795,0.19093432293132676,0.1448740810003314,0.17273463444997866,0.19988721632336504,0.26667633317317263,0.1317498913223791
0.1813047770573485,0.17834865165881456,0.1582324404491155,0.18733673479763283,0.2051240306927985,0.1951948306918243,0.19918182061157083,0.22631107651498006,0.18804352538440144,0.9999999999999997,0.5519181495188873,0.2819353784548909,0.296224919427922,0.31621530724258823,0.15152335071676856,0.17609056797088202,0.19291511858860197,0.18280821074760717,0.1906642605045215,0.20888170164567932,0.17692372584987606,0.32045174637636137,0.13522740331363392,0.17668492663550123,0.3575727247356067,0.12594678870555026,0.12806313881672293,0.20631720971829787,0.15794849783882034,0.12177198916846224,0.2185824986276439,0.26686300046425165,0.17769993327263756,0.30511578707231923,0.30294354659474343,0.162710310467842,0.2885927423226816,0.24069062231817892,0.20882432143549232,0.24874000197570506,0.21057455640142814,0.14591888724164895,0.09558171570719946,0.21169830618388155,0.21651837286371048,0.09560899548524632,0.21913353287419496,0.1823920309185241,0.21910200091375728,0.20170988387154282,0.14028398420308896,0.15183325375601794,0.19331517290425485,0.16133928721240132,0.1315804001466916,0.2821609671375718,0.21654766909815742,0.19254140448037507,0.45279174306791375,0.37578023669633853,0.2624468814014298,0.22710985003702397,0.20230206779644275,0.27016243606325785,0.2011670027781184,0.15084142214166715,0.2754463398804798,0.23872328607914606,0.16627682580529726,0.21218833537362738,0.19040090260469192,0.20971608581157386,0.21672371100080895,0.298128518764062,0.14306653811849507,0.16785570779192163,0.2104082353200012,0.1884780753693971,0.20313484701496418,0.2540441114632443,0.15611365667065866,0.26939037115963094,0.20988812297472756,0.21614007293683385,0.13884028633656573,0.20182819817491382,0.281239682575112,0.20293070197941632,0.27363803977134876,0.15765702559079497,0.22563529165834859,0.23588041445479732,0.15452886400675805,0.11458974893067278,0.13271034228615894,0.25631276927323743,0.2053053305634727,0.2699165801359705,0.25465745869883843,0.30494619200097106
0.19559913333693885,0.18657416864327117,0.17347626040581252,0.11848372130885895,0.19417492354148738,0.17875778699564038,0.21057033188625554,0.21324632995927167,0.1821852418032255,0.5519181495188873,1.0,0.4288235745171651,0.2982444251368487,0.3176168669916804,0.1733246900505826,0.2525550481387096,0.2280393694112396,0.3251450974460656,0.17818550973687458,0.2354436445790854,0.16661485000307105,0.291731438256081,0.22653560386395544,0.21078819011025124,0.2904687901067856,0.23535637380078253,0.24025684410582124,0.2565975613962882,0.1482152491683296,0.15436843281209087,0.20782720598298507,0.24796741610530365,0.1859255813951037,0.39984036200786904,0.2608734572984156,0.1952084066927114,0.2843703145468098,0.2795635166244807,0.20618211055776217,0.20794667242733175,0.18612519738705696,0.2046907000734815,0.12612428000653977,0.3141328142104697,0.25056492450361334,0.21750455588373105,0.16347904867783242,0.2681151019084108,0.2771195323340088,0.25664777809919703,0.17878208336637996,0.19893622200447633,0.280915445155134,0.15623599703247446,0.16988833417165344,0.26746054474252146,0.22637770192928172,0.23800944020294273,0.23113780241239057,0.37362024686752443,0.2857749773081194,0.18353601396211996,0.22200008953110245,0.18829494514764836,0.15524452732382799,0.17183909724713203,0.2392938745514224,0.13541052476339843,0.2632234372000546,0.2703004641390588,0.20509459914387024,0.2992854937727777,0.28649068292695024,0.2079078419522948,0.1813942809030189,0.21101851500636457,0.14798266604128898,0.21352115680611397,0.1624949412989624,0.2709230120302106,0.32856544445935293,0.2190793463445395,0.16224813324006934,0.24061543305289304,0.15262324569600103,0.18746952628207214,0.24160819706603093,0.17934444061399538,0.21887520723791737,0.13211969583302202,0.22712571411902252,0.19196477789114896,0.14463264234981127,0.17270139999693054,0.14851339121479226,0.3134290754553322,0.27223171348119474,0.30608738105517797,0.27076088540451837,0.32564539289196
0.1489105548887925,0.2130904165148764,0.14391774834643709,0.2010788873736579,0.21548050726694615,0.16032050904440445,0.18000004241139927,0.19617411188153938,0.16307024204824183,0.2819353784548909,0.4288235745171651,0.9999999999999997,0.20872096495357748,0.22101868789237622,0.23569370183288535,0.2339717557723671,0.2070363736416874,0.172668564094371,0.24005155796902305,0.23947160565845138,0.2595302348214083,0.16898859637027097,0.22159353072044763,0.319409578551212,0.3070336011133744,0.3530300514760068,0.11594703302027673,0.161317080393877,0.3574119844828942,0.14266448410819044,0.2120165825118024,0.12373205782928251,0.35286952187216886,0.18518952389189675,0.20112348581754838,0.27572205789634446,0.2145039594835728,0.3276652825752779,0.21996064390430675,0.16855427773061923,0.1880976498488529,0.15352641694100724,0.18402792804572374,0.24518765795112515,0.2361393667101213,0.15648659604227708,0.1652178621877148,0.214784714086737,0.20751687779852113,0.22303822777723553,0.2978864591594319,0.20800990678360506,0.2737988943580653,0.21384729998371557,0.14234809168488613,0.14112827668178904,0.20036041393906368,0.17819894214478524,0.29950209234459596,0.48414703916849106,0.6090297624234863,0.16343689761446106,0.27715164521814073,0.15192260779416386,0.24275581739198512,0.23451483350460506,0.16452300933089353,0.19200829441222908,0.17114910302446437,0.19047306640917072,0.28509958330951807,0.14167097966328693,0.2062714711459597,0.21495296027468458,0.21802810334689468,0.32646108512007466,0.2755094714790359,0.30098926291406886,0.23224944267811176,0.21534658981008256,0.20095543558798223,0.2925548922917474,0.12670045806023067,0.1791269306916772,0.1686590586136856,0.19055416911203393,0.24819602423794784,0.19575212594152422,0.15663074057666737,0.17484983230655562,0.3487384128615978,0.1548332715431272,0.24528037467483163,0.18882038989602123,0.1649378893803496,0.2501180978030192,0.1349698120175016,0.15001040316480765,0.2677854038423197,0.1535117606184391
0.2844464288341003,0.1391225170939933,0.15254763761189122,0.22739224305047628,0.20232105117584911,0.1461970717307118,0.12563236128806726,0.1964584682006668,0.12370957826404089,0.296224919427922,0.2982444251368487,0.20872096495357748,1.0,0.40907724575870574,0.20167503604465492,0.10536358943059727,0.17077532610969332,0.09150937840931891,0.19904997751788078,0.20987561797584373,0.17979208374740285,0.2890537857787489,0.24203389575341544,0.2469335915114944,0.2749380460220959,0.14600028281070368,0.1608760712646853,0.12465509663370365,0.15393620288978455,0.22565136308694675,0.22208931095566503,0.20982706353930497,0.17517148520153886,0.19197404733727222,0.25118709852263627,0.1725809455776722,0.36827801294191487,0.27972892326056836,0.20185676698386013,0.384043572903481,0.22228973439581284,0.08416974878039162,0.14193987812985243,0.24485108213447443,0.2130130480306001,0.12101165770843263,0.2550406189878899,0.20696773123955878,0.29918240619352326,0.2021326546141842,0.17973753908401588,0.1253837417573265,0.11710702882200724,0.17934281948711864,0.11229597265733476,0.2745775952164246,0.17758854879832395,0.11128527585436192,0.22343060104426354,0.2108046134353182,0.16182432486294465,0.5207122921476968,0.5222099991872861,0.14458638323432182,0.18222434516814215,0.19758484884593785,0.28380171742423976,0.20701901891568972,0.15264314908159307,0.19113707243605277,0.21703526013728078,0.257861612775425,0.22775717183974487,0.2684361537394085,0.17503658749594248,0.17595424569469276,0.19777655999864385,0.2828230613875656,0.15290224055834362,0.257220740163571,0.20340201840559216,0.19782997661313867,0.21841979422111446,0.22970211341010097,0.25956136054514056,0.267024607977962,0.27666889862015265,0.22898060547796203,0.2920184432560712,0.21933688584454544,0.2116062992565826,0.208449910514018,0.22455970193328326,0.12473378194219358,0.16066368185394805,0.24765786721137736,0.13426462296391853,0.21880273569298808,0.23762954349901558,0.1848892401146009
0.14616810175116404,0.13182554327544177,0.2237256429012814,0.17180181370000688,0.12360929342645621,0.1794616464871902,0.26183705882180086,0.11434693526033765,0.13993843350576726,0.31621530724258823,0.3176168669916804,0.22101868789237622,0.40907724575870574,1.0,0.4038224183281233,0.18795078968449114,0.34958654960169516,0.21526520195793616,0.4832942507722522,0.10884456923614869,0.25427618027807547,0.25179240185031054,0.32246426184408655,0.16901226527097296,0.27733863858564783,0.09615201694021744,0.24498692789802956,0.19827984166278545,0.1422192102532054,0.15459380521892188,0.2403848470801671,0.20743867511169953,0.2010145583059152,0.32346386775443714,0.22075934935455954,0.16882648690166654,0.24739985438360962,0.27407909190437324,0.16891987507393566,0.18573701852800664,0.15005096457921538,0.19957647038312867,0.10589687782994757,0.3337177565624651,0.24428074053525695,0.18824185442594593,0.1202966835612474,0.21295654482771226,0.1862176088196092,0.22541637326441744,0.1298160858732497,0.16964756502577708,0.1722945774370042,0.1653554702757532,0.13210155262777412,0.25194742694405625,0.12947947239071003,0.12396842473676813,0.223226024131573,0.2395379655467482,0.22414844325416453,0.28950408294456903,0.4532050780250402,0.3723917212471608,0.350109256374719,0.3373168100051781,0.25294485135737454,0.2450467009884979,0.22851220825474047,0.14161352943707264,0.21130869814399517,0.2699596552072689,0.3110421980463717,0.15953071314201725,0.17546232116434576,0.2066146695127532,0.1234265540175149,0.234303938636369,0.1403103747642403,0.23391553249129596,0.22131473388348358,0.15296062683805958,0.17486262242611822,0.18107068990710892,0.1990916535623698,0.15602405732813363,0.2758031966921961,0.17825836444689241,0.24149992935007245,0.1159466275456576,0.26880013912873046,0.1913224754261589,0.20033785143564553,0.2220486242344318,0.13442144228903566,0.3004003012471446,0.23569354003352605,0.28399087057170147,0.2273031159517879,0.28257653871904387
0.17141356886674936,0.1301627632174046,0.1832627006981637,0.1512537943501166,0.12228770923398108,0.217152037226921,0.20528874250455467,0.12832502474481186,0.2362316798599339,0.15152335071676856,0.1733246900505826,0.23569370183288535,0.20167503604465492,0.4038224183281233,1.0,0.15162155493961632,0.3494982261057736,0.32519561044787665,0.3706040160414456,0.3279742168277714,0.562047849469258,0.13125536260280493,0.5624536421495729,0.37128258928329705,0.16493450368552964,0.199789688129278,0.28504425969747527,0.19678471533768072,0.3987520183922537,0.31158675864182817,0.23876412307991735,0.11356781256553494,0.21459002028779345,0.2659503561415287,0.13622433138366177,0.14247283516879797,0.16248927591018028,0.23147745757225352,0.21604972291544897,0.1731210597091007,0.13274960673816275,0.16168324897674155,0.14252860789142033,0.27682081634804856,0.2191465979767139,0.19624938575083026,0.18323748625282327,0.20681347217846377,0.2121746909619229,0.24498665209382772,0.11089180842945964,0.1639631558155551,0.1313878037421926,0.19776201587347816,0.19124060029447176,0.20012457781866064,0.14963564710499336,0.2877531662190613,0.21097103688085148,0.16239036911370022,0.2415969754030466,0.3165304654133206,0.32920316383895853,0.2729553563201772,0.5932472163209883,0.8809396529893899,0.1830303033272898,0.19152161497611178,0.2687924786162649,0.12674450247572808,0.6752830706153443,0.16559798551651128,0.3321097478358178,0.1490123038450136,0.3935626819525623,0.3517827182585285,0.592306515220806,0.4947199079770248,0.23893905453905753,0.1829867360556416,0.1987010955731124,0.16079635812121823,0.10758227798084886,0.10611917743097121,0.17230103849014125,0.10150258574936537,0.2465738894626865,0.1652024735896014,0.13619580641470125,0.11895307343356692,0.2623953469287133,0.1354297119462906,0.13009318584031604,0.19422688821226558,0.1082578127806053,0.261733834042174,0.18923715423934948,0.13309687216152086,0.14330380436721812,0.20847036606967861
0.2519133683391723,0.5152528623106345,0.4811827516682344,0.33065126176569415,0.4301224260406596,0.3640489152808696,0.5501189626428089,0.6256028443641266,0.4176325833979502,0.17609056797088202,0.2525550481387096,0.2339717557723671,0.10536358943059727,0.18795078968449114,0.15162155493961632,1.0,0.1867452845369343,0.4601785983600013,0.18958301829424684,0.24692344308324418,0.16986428545172746,0.32605145798922114,0.21074758234913213,0.1728853134639811,0.25586790732094,0.24799104565882502,0.17872899019085234,0.268101836577336,0.16469940751189008,0.11286813890194314,0.22071800835075378,0.14294007813584994,0.32489577365278877,0.38314419349558454,0.24676780904855164,0.21247176554827174,0.14626003805143784,0.2944892386870077,0.16787554574599098,0.17144721058849555,0.25754725971487974,0.261965961085159,0.18965400455161507,0.20083320590307877,0.2166108118481991,0.19022189812882145,0.18357442003083146,0.1409314518807704,0.187770016235594,0.16780473228656853,0.3659513392928314,0.5078185172918107,0.6782661047073139,0.2550027069951447,0.47970467126680477,0.38439093566439597,0.5958140417670009,0.4486250547583197,0.18706963407497296,0.24592564500935782,0.26292231576309194,0.0867708327805639,0.14621851229042077,0.22683171745859113,0.1847485795923809,0.1751071064892619,0.147041346043371,0.22615873587807844,0.4221804883317911,0.4576908269541684,0.22718430430536565,0.40197122947134145,0.27280450217090807,0.23457013338038105,0.24086137454663045,0.15083044113634675,0.19198028338368164,0.114170285320073,0.09317978407166691,0.20312519255325728,0.3492602872636169,0.20221629549150438,0.1555918422478552,0.226899754903418,0.18957763590544616,0.1980478342686899,0.10820579734228332,0.14728132720470516,0.2806939584051641,0.26755844925548294,0.12731842071185598,0.26700089293084117,0.37901736847016165,0.19213272967981085,0.22974944136624662,0.18127260175086168,0.23194634084278318,0.17796709793937113,0.2544887804933089,0.18634808607372158
0.1323876375814539,0.14366164763674674,0.12705116086945906,0.11479607549289059,0.12908056699491677,0.15776073144478078,0.283295596424364,0.12766064442314554,0.16933564812710963,0.19291511858860197,0.2280393694112396,0.2070363736416874,0.17077532610969332,0.34958654960169516,0.3494982261057736,0.1867452845369343,1.0,0.44100404534390114,0.5980121485711156,0.20350943127431345,0.30960087080227294,0.24179514647588968,0.40167247502429165,0.45109116727057746,0.14368376229507324,0.11002472262652876,0.28092825433439156,0.3149920450362721,0.1651850989333158,0.2434245130268123,0.2028586589426954,0.16337008955698415,0.2614971454030181,0.3834451557373982,0.2511760895359985,0.1521476534917811,0.2110113409654303,0.18969449226958945,0.25759726271005146,0.23543749645807835,0.17705778573818676,0.2571581206976229,0.24261047217599463,0.3072946743700118,0.17785340899106547,0.36787224874614355,0.1939869135615397,0.26845409031799905,0.24468661084958981,0.28941460395442387,0.12667436113966835,0.1353265767114739,0.1749407334432519,0.20814300468940097,0.1411653147761088,0.20806142609822334,0.13204011214334063,0.14839439787659003,0.15895429111119008,0.16778209742497752,0.17592266300228587,0.21258667923000985,0.21490191354230487,0.2264182605926081,0.3378364497375264,0.29502121459664116,0.1624414981038296,0.2518469399520119,0.33482916698338167,0.1785007944678048,0.32024318920897094,0.20806517483158615,0.2779062616411279,0.11566471678731528,0.3648230514463252,0.23962296692895946,0.2566733820950533,0.238780321079648,0.1681860215428252,0.1750149097317542,0.3027393781059023,0.176766087993613,0.1429061287665421,0.20312332426252655,0.16990401335681668,0.12728447261370796,0.2470338644503401,0.16466976181911222,0.16602356351688047,0.14688027101140488,0.15386157493668612,0.16317690922202754,0.11920759617859349,0.16979252165120362,0.1534552099987924,0.2650921994032042,0.2845847020233858,0.24548475777238501,0.22132674680644993,0.29592755274261684
0.2280568644416504,0.219696928688955,0.2702478439712561,0.23522337707862181,0.19172514265104376,0.2628038428156103,0.35987302863517956,0.3341535068667112,0.3445500175584406,0.18280821074760717,0.3251450974460656,0.172668564094371,0.09150937840931891,0.21526520195793616,0.32519561044787665,0.4601785983600013,0.44100404534390114,1.0,0.31463778162636724,0.3443957112157689,0.24002255603491154,0.27948297789379134,0.49680749055409623,0.27649422256753975,0.1355209053173523,0.22350065768625027,0.2337657370871937,0.26899644956923696,0.16148762042831696,0.123747123519598,0.2662787361921911,0.09943974149997131,0.21439542570728423,0.6895730256042877,0.2021403056082352,0.21855618500850896,0.2043728443915917,0.20197684782441333,0.19566697121675408,0.17359627158307128,0.18196158696931547,0.26712282093903356,0.23261621526344306,0.3270676480581264,0.19910174176259055,0.24229963183585407,0.12859952702075866,0.201199241765074,0.1891941229785437,0.25570598168158715,0.25516774931439484,0.12488975714734572,0.3663770130768648,0.19588745713045086,0.2891097187117143,0.23761045598532365,0.34992555868013675,0.40328284696115824,0.1317790011348689,0.19096796719892917,0.13314711415558872,0.12808826834467538,0.11436063756702547,0.23497012781964532,0.3106211438274668,0.30916452897035357,0.23442191638221327,0.2145653148757109,0.5044460430873832,0.554917865650538,0.40518855808821735,0.26481003364683586,0.41250267762558224,0.142233517166965,0.2911691272556644,0.19043040749614246,0.27637767341100117,0.19922197257262575,0.16044576075927433,0.14410934067330208,0.30939188454485045,0.12232182942582004,0.1409216811199547,0.14730797369726575,0.13288161505334092,0.1437041847633643,0.21837581958832375,0.1305026621528802,0.20779133089702262,0.17257033485003764,0.18715861198614353,0.1691372222503093,0.1781198833434764,0.20061834501990117,0.18266296265013915,0.3599542541569366,0.3529533040183431,0.1903245708238973,0.13781451851096882,0.31159302521962096
0.17618355278519707,0.17340337060118152,0.18847982527183688,0.20406559442254868,0.1512473147342405,0.15524255513564988,0.31430610464400066,0.19588436646010848,0.14917392963796103,0.1906642605045215,0.17818550973687458,0.24005155796902305,0.19904997751788078,0.4832942507722522,0.3706040160414456,0.18958301829424684,0.5980121485711156,0.31463778162636724,1.0,0.17625388676432233,0.45136017781967214,0.16154903051128058,0.3474971460457676,0.3568225221694828,0.16211047807386408,0.08805407622432704,0.2259977491472484,0.2211520821068165,0.19753228781004847,0.22950441185862583,0.14820114857346625,0.17038735686223222,0.3073618098227637,0.2320483394946743,0.18232193518801204,0.20707804001510177,0.2750076995710817,0.204813241379876,0.15526529467668929,0.22272604625849418,0.17715217240000933,0.16818611609727124,0.1807154273937939,0.35098370171590004,0.18331051681483135,0.3039530262452518,0.23182875435611347,0.2983476441041721,0.27932917325473205,0.31994883920892514,0.16719315727546769,0.1965311055326989,0.1464815213617495,0.3074656750466113,0.1639723602991325,0.19650408416467044,0.18495814208059716,0.17739358691254728,0.28364681258173974,0.27308988790029415,0.3013471672568358,0.1636755617868923,0.3230169711687148,0.4544067154243996,0.599973409817637,0.38394770269820777,0.15750428494159605,0.45259844576043584,0.36364695347685727,0.22213517443761682,0.4386762365817698,0.1620632111936272,0.26536757202946687,0.16670967466567066,0.4057761344056727,0.338504681172005,0.31260781949199545,0.2690949046179642,0.1739100224473,0.21205504922800736,0.2568522143268535,0.13884099745752354,0.13294996840419895,0.15315333988657862,0.19288215075123002,0.12976328338088103,0.21338616470133026,0.15256390412628337,0.1677464606667468,0.13951628236684033,0.11410631517123258,0.21775179713984055,0.14988335815078532,0.2782626695500499,0.10583817414619315,0.3095304520231188,0.1826992342578135,0.15453810451817326,0.23393961090692098,0.186946099495187
0.16004351828562172,0.15729836785669019,0.2456849163779516,0.2092873759727253,0.161371203210262,0.4031742924025314,0.20674137347791877,0.15452912070535213,0.395465999739898,0.20888170164567932,0.2354436445790854,0.23947160565845138,0.20987561797584373,0.10884456923614869,0.3279742168277714,0.24692344308324418,0.20350943127431345,0.3443957112157689,0.17625388676432233,1.0,0.37169982677530394,0.17058161616879972,0.42723382955868816,0.2991505629630212,0.16501625800011335,0.2036456280540165,0.16753014394002197,0.305286432300235,0.45699482968151384,0.16644052781855045,0.15607703616321122,0.22112468399891697,0.20248551930531403,0.22253846188721546,0.17862347123600344,0.19912051639453066,0.17237565777292968,0.1664073184185422,0.13103631950151384,0.2902004487087969,0.13111656999588284,0.1305114537545328,0.1252945024306894,0.18019357199739386,0.22489946727140112,0.15644369583729406,0.10948500949141766,0.18822398381345565,0.12833448069390352,0.12235847163624385,0.19443503005984145,0.13017112983053628,0.20227098941569718,0.138015692650108,0.2343025957669765,0.3946904696079197,0.13044920967626558,0.31842304832115154,0.19879848742273187,0.2066428798574007,0.17385021409292253,0.24463726057114785,0.145965541933652,0.1945722187505965,0.2577706300998928,0.3228814238199956,0.26282908284430495,0.17147704526072702,0.24553261384475555,0.204442869928634,0.5701951657778331,0.1940241371693136,0.386551145644648,0.2833330046970811,0.1652889011137844,0.24966945316068434,0.4782529758064806,0.3650804924481881,0.2787685970070398,0.2005227251529554,0.2319522040349154,0.2229988123415027,0.13966158784240976,0.1955822707702329,0.20396982116158408,0.16238384640611925,0.24607518463454475,0.24154089454100955,0.4802934806150564,0.13930780505383955,0.1957743876358022,0.24968110910182592,0.1374648951991031,0.10117963202307671,0.15482923255018557,0.16914838538775265,0.1397566654164672,0.29130673087594805,0.17402496056758035,0.14308063842063032
