0,1,2,3,4,5,6,7,8,9,10,11,12,13,14,15,16,17,18,19,20,21,22,23,24,25,26,27,28,29,30,31,32,33,34,35,36,37,38,39,40,41,42,43,44,45,46,47,48,49,50,51,52,53,54,55,56,57,58,59,60,61,62,63,64,65,66,67,68,69,70,71,72,73,74,75,76,77,78,79,80,81,82,83,84,85,86,87,88,89,90,91,92,93,94,95,96,97,98,99
1.0,0.13929505064233688,0.2331813916019971,0.13921627587346677,0.19230193733034473,0.27153909226845147,0.2182210269624771,0.2127862272456651,0.24299584414411524,0.29632745759265505,0.23812056448558885,0.2776198675287613,0.1095041339400595,0.20304378813194798,0.1704975577795382,0.26743321434140244,0.20266787827192784,0.19446127494969542,0.2998273570356806,0.15704823647181618,0.17063424345405673,0.14526947398069986,0.2484693004370956,0.2897045588265244,0.25013799684858157,0.17956213262048923,0.22644652883755806,0.1903723876364155,0.30152317177480786,0.16708703943544367,0.27042962276508464,0.2545185942615832,0.3273903996167107,0.1656787244136034,0.19411522434425788,0.2398075163139895,0.189292246910774,0.20679485348491503,0.21166522564560172,0.26461456866490196,0.21429478893524437,0.21814704072441266,0.1728819789082447,0.1357926260198966,0.21156731254099093,0.21587253609351106,0.15495912329561454,0.24602059927444578,0.3582356233331312,0.162128022682549,0.3094351071378368,0.19819187216026735,0.23705334269364767,0.18698912396238349,0.22224345442981824,0.28273923483639,0.23158129350665654,0.2530296585655004,0.21424960279708052,0.1412545932433565,0.15998331928684653,0.11205958365829623,0.21811216761670538,0.1919574886440412,0.25684124322678553,0.1626419147871554,0.2594687432619807,0.27462408459068344,0.2668340932605789,0.18176588993153067,0.13837994772558596,0.19253444233278938,0.1922100969203976,0.2084518825240829,0.21692148138133713,0.18727474570072286,0.2554207082488553,0.13418568167449277,0.2888921100842571,0.3579263967001779,0.2160105244887136,0.2182702645053205,0.30716645935233083,0.2082976427493635,0.20257075319323894,0.23022588966735466,0.2734618542198477,0.21682655688053953,0.1700044680209086,0.2967514282803487,0.28480408979543986,0.23955747691208024,0.21516000882173397,0.1565789646069162,0.27139471269668497,0.216495539095878,0.20849791164725157,0.2334004964287455,0.24485910745014447,0.1601418708179854
0.13929505064233688,1.0,0.22337355009769902,0.5948074895633251,0.6287062214551198,0.19395522654654618,0.21825493174459165,0.32411538771417514,0.15498852884826697,0.17933030049161577,0.2354769121098109,0.2469533956874692,0.17030364583528557,0.21588317536806872,0.22255130925809252,0.20997183331528138,0.12318403202557703,0.27621886437980436,0.18623504897063398,0.2729325064607508,0.19683370068428208,0.2628195899096842,0.26926551404230964,0.26713222453137986,0.19606641613130688,0.1923314706823389,0.20032694187405892,0.15857681384288025,0.22649578153935426,0.16457647511237422,0.170498785622801,0.15952491077557068,0.15955971397262858,0.2632921580608179,0.24485368877007496,0.1542006096311559,0.15072548035930464,0.16682424115685798,0.18148396036954334,0.18874602155196726,0.28405473701781464,0.18614849579938927,0.2626655453483092,0.21238539933417278,0.237189165622755,0.13784895678623849,0.2526188748371973,0.22162536717229891,0.19244813176418915,0.25864136752154127,0.29039522628005804,0.5292502263683035,0.19723662258376792,0.5408498417686495,0.2720126672615304,0.19031096657325308,0.41002690098942296,0.23667774158141008,0.2985745002116335,0.22659996383246372,0.2340416325225849,0.17939247836727606,0.17832457719098294,0.17758300268811136,0.1849042937770286,0.19552199673800877,0.2802327677793392,0.15279331670141755,0.15380479675470787,0.2818227327983601,0.19651577053517297,0.16134442691752363,0.2145845369223413,0.20191215257940168,0.20458112496613995,0.20134356242201462,0.21631860121257346,0.16356527955544312,0.17028324701012704,0.14043815824799394,0.17897963361517166,0.31929429940097387,0.14191567367836497,0.21064019005119156,0.1852802698211421,0.1701966540753615,0.21172841921860389,0.2301053858606717,0.20030390338129847,0.35879367745469315,0.14488719995318525,0.26401502325450366,0.17350424113902593,0.23029479725756496,0.14558087318376658,0.2140684079778907,0.16146993473192853,0.25462280246303687,0.16580768825791503,0.3030759074603473
0.2331813916019971,0.22337355009769902,1.0,0.17662579169105036,0.2254254371458081,0.7247849425861004,0.3205742055270888,0.6016912099421396,0.5876251271044699,0.22122133121404478,0.2193002074729626,0.17766694828099625,0.19160592151181852,0.2632632467685639,0.3056180764101218,0.1649064797918797,0.16420383611778122,0.11536052063365934,0.2983554958496987,0.19671810156006828,0.17530618532469702,0.268428634367116,0.26708836304048417,0.2534430469098668,0.20224909845522052,0.1913628856521666,0.32693697906824143,0.29894486213999283,0.2726144457275229,0.15570191604056244,0.2801386753925304,0.21090032669627476,0.26051291924933506,0.28911399362850315,0.22052620293287784,0.43977001371076313,0.18535098781768478,0.13865324070154736,0.18320750535076996,0.208574301275594,0.23741616611793348,0.1263242400468491,0.2086364054213331,0.15116235336730502,0.1796867067736972,0.23991564356674455,0.2489411348740612,0.28504655239808824,0.27054531760895495,0.18431451344047717,0.16928188716522624,0.46525799927201555,0.23029191336371027,0.17898475524222993,0.7113546849021694,0.7500174849625401,0.5592324201575662,0.6798212779736336,0.19827346210102503,0.1967512033196381,0.17886629099781398,0.20120609865598432,0.26358115992974485,0.26237589183815585,0.3528812040292815,0.33883547287996296,0.22777769191017685,0.4553542153993234,0.1990041629371146,0.17542564457991333,0.26964752587448787,0.21777669561003565,0.12929856400128872,0.28524973144171084,0.1655742999620522,0.2317643896220798,0.3261039548076662,0.21677920147088844,0.2993946299243211,0.21973232206203966,0.19102432366874778,0.31103863974244284,0.27809844477689266,0.21729953672846353,0.17828273137155543,0.4036322209991968,0.1880988696663103,0.2034842220107475,0.4116135514684214,0.3500631053277653,0.225579735887342,0.1247802139426974,0.1491914135162295,0.1814426840755834,0.2079158261183384,0.2095002203221809,0.26346327988680374,0.35102387481506275,0.3421159964999805,0.19157829505237195
0.13921627587346677,0.5948074895633251,0.17662579169105036,1.0,0.49106893648013994,0.22731708295805947,0.1677855290963448,0.2063627488585162,0.23560975033584325,0.19121987989437197,0.1674329277713451,0.21610776216378733,0.17716760028742212,0.18662344509955178,0.15888154352988437,0.2541585316287654,0.11498457448292156,0.19990807594008936,0.1382990474642008,0.3069934299091901,0.22700695988999645,0.2267907816696205,0.16827246526814016,0.177735680315776,0.13907631098365858,0.2586586589321931,0.13804814999176596,0.1823411488543124,0.28628340997106394,0.18574487188803462,0.26970270457580114,0.17543032181849533,0.1584772049759415,0.21119881729981738,0.17088967185133033,0.35927084380783514,0.23990260372199435,0.14600362315392695,0.21327620968081568,0.22108625237593835,0.19664891973730605,0.24296604411146658,0.22237587598870343,0.24651195524528458,0.27096403692651405,0.16101350937869366,0.2085490052616988,0.1362805629471797,0.24621400685255312,0.31625277784416544,0.2572207446659099,0.1471511933742317,0.1676800615119943,0.6364108275067779,0.21905361326337353,0.2527094730802358,0.13953853727970927,0.1958922485965427,0.18803563397200748,0.13336607824569469,0.278474770205839,0.1611150480578347,0.1928804067233864,0.161440535991174,0.1787777433659633,0.18670117079395795,0.24638687032911,0.19226853986410763,0.16183226818366092,0.2142616537930109,0.25022065957886125,0.14374415132758067,0.24001563042312501,0.19583504152130274,0.1417303999637544,0.21599382667710723,0.30921562500838545,0.10544521324864896,0.16544233162505384,0.17461080660679798,0.11303984207652787,0.1632502172093589,0.16807331443437767,0.17433056654397108,0.14414937226614416,0.12149072385927848,0.24310111302025703,0.20108974454923284,0.33287181522644277,0.15779984940532954,0.1264699951007419,0.219437477064646,0.20999089417750766,0.2399691265382235,0.15692823399652556,0.1678139917293916,0.14676904317696185,0.14305753954126277,0.32087778035259723,0.29445855598245496
0.19230193733034473,0.6287062214551198,0.2254254371458081,0.49106893648013994,1.0,0.2582579137556469,0.1858278502889108,0.31435960069152663,0.26089153221862404,0.2098390946833331,0.28706873281427986,0.24367243978614928,0.2098567654511133,0.30958766231547896,0.3091215938607766,0.17323601738775193,0.15314394911750917,0.20699652397980717,0.26832633254684546,0.33661294086215676,0.19014459299560332,0.23147176351968293,0.3261942733346325,0.25959046729579865,0.1450031114129894,0.2446548835669863,0.27113999648287185,0.15918171771444226,0.17301898779348732,0.20835137326014747,0.19913917401639844,0.18546934631049086,0.13302946495855372,0.18781022910089384,0.21282738572799,0.20150497745329654,0.12961299660204628,0.21969247389663596,0.258375015016932,0.20011232220190273,0.3414808967408016,0.28854027289951134,0.2881021701905926,0.1772419566813801,0.31255678365510087,0.16098602077491833,0.3290298219242053,0.24974199230220656,0.13766843070488244,0.2540538249555372,0.20720193018721178,0.37435093914373074,0.1416457154421065,0.5016666637472703,0.32322576804395836,0.2635260070414579,0.3663261140056063,0.33289267551084994,0.33691869521914247,0.26340038346045935,0.1963068188643302,0.2048423616633994,0.259341621822619,0.2111697531471088,0.2556178591537514,0.24661499031417222,0.33428598662642317,0.20485681758453667,0.13737881569525168,0.16875353359910059,0.2097536497767256,0.17301162737018103,0.13127108742332352,0.20946300070197513,0.17716731128018803,0.16601425803222838,0.20563906459084713,0.13851232519811954,0.11088159311690675,0.17086725715067078,0.17258374618509467,0.3169266578756373,0.26189831080767745,0.21577667174873408,0.11856496136422248,0.23777527360344608,0.19789172118944226,0.22201194248434344,0.253758835891625,0.40251573470060104,0.19528888672277858,0.23000422068738302,0.21595874244426816,0.26229485619858506,0.18978037149628868,0.270052263825682,0.15939701786429084,0.2852549648303532,0.15922375318546922,0.30809423505062883
0.27153909226845147,0.19395522654654618,0.7247849425861004,0.22731708295805947,0.2582579137556469,0.9999999999999997,0.29884749561439744,0.5381017695656655,0.8358284527851615,0.2601497565987626,0.26894528574535426,0.19545398660768387,0.15344631850161847,0.3464131362231142,0.35912770810908845,0.17071640866025908,0.16526193010502552,0.09824768475199507,0.2795042423188679,0.19835274964065427,0.15042089776322373,0.32343117910761277,0.281061017106197,0.17536762692741945,0.21011337108853664,0.19627480599258085,0.3510371398549303,0.2722082144647602,0.26005987406369885,0.17326484172108603,0.2925764821467672,0.16795924034492216,0.25984047842944685,0.27897064320449116,0.24862718362629732,0.49265036150809194,0.14343869332173573,0.15640567105167205,0.19025162134459478,0.17788282350395124,0.2130977533877322,0.1496546430187332,0.21449898915974558,0.10908639792952729,0.19631312532586015,0.2391205878812694,0.30137830748272953,0.31588463168671965,0.369096963455519,0.15427993080868252,0.17418034442296487,0.3013048564768326,0.21779452627605,0.21323644676878792,0.6937053127353547,0.8451599626080518,0.4357267220616128,0.7045412299401442,0.18820589792057452,0.17862731798662004,0.15563775321833404,0.18414267951412341,0.3072794544354152,0.34735171289466515,0.39148086438925317,0.41708711796947184,0.21250289543056497,0.4043906945328857,0.14951766756325102,0.12679231636090546,0.24469169437617747,0.22698977912283788,0.13908122746593507,0.249643976599809,0.129281060776096,0.19844587786516665,0.4371397923081099,0.1761980853319126,0.3174909094778984,0.26530513147254625,0.22929207808125562,0.3105012109003907,0.29306794030388195,0.23905121783119163,0.14447942779986134,0.37886022989217344,0.14174200866420733,0.1912752348837127,0.40782338512428173,0.2725187407785489,0.18281506071418283,0.13298751383859064,0.12537942470832614,0.15756169818844945,0.20151615172710002,0.1807884877877822,0.24104443185482413,0.3481169544881444,0.4032980332591281,0.1576288425569596
0.2182210269624771,0.21825493174459165,0.3205742055270888,0.1677855290963448,0.1858278502889108,0.29884749561439744,1.0,0.4755526748050468,0.2787771060294954,0.21157478228115753,0.17526220809917145,0.26569747018039347,0.19113742226490676,0.25205835998384063,0.20432310728455527,0.19423026236999197,0.21792825953346956,0.1511011373132839,0.24764069500630764,0.2563820646137258,0.30315009075882493,0.2747183978060567,0.15555499399608955,0.3272212288688499,0.32627396819402144,0.1428800870255167,0.22285419416073363,0.246019633566947,0.22906696061872034,0.13648747611130113,0.17936790280531933,0.16432033004382243,0.24793141468882432,0.3040435343374668,0.24060069766326805,0.31984676915719645,0.15161000205957406,0.29599355587681475,0.22370803573154824,0.3836797668849335,0.24717753096635914,0.11146685341041149,0.11925774315125977,0.18781016494411634,0.1507447818311851,0.2572749944056448,0.10580739548534326,0.17225257597543808,0.3238094955957921,0.16496462098946008,0.16823109746006934,0.26391278619033964,0.4494845966414582,0.2912411515335524,0.2964502630664157,0.3078211736354738,0.3832768491112104,0.31521333273128993,0.21743334167700706,0.1868973764492014,0.1582707829825128,0.21684577460652396,0.21318261716180678,0.23013484882540897,0.21680609509204588,0.2329057807168908,0.5147806025931857,0.2981697538324333,0.2037334818572407,0.22462158792055698,0.3055529291028884,0.2436353770285293,0.176061663423512,0.45774317480898685,0.15740058023610973,0.12972494063100232,0.26909595682651816,0.3116776255590796,0.2394425765123254,0.22234467252880966,0.1768701546400621,0.23574247675449328,0.1769754067119258,0.2587638299375752,0.2414149779373272,0.18130915495520905,0.18805058464668029,0.16716673634974868,0.3274823381929742,0.25132720747326426,0.1722908585343912,0.18541123920386884,0.2561177965197885,0.1315049908314448,0.3197590997258976,0.22521771715618577,0.29054842472414066,0.2229205573523979,0.30707700439131475,0.23174976073577633
0.2127862272456651,0.32411538771417514,0.6016912099421396,0.2063627488585162,0.31435960069152663,0.5381017695656655,0.4755526748050468,0.9999999999999999,0.4950919946541921,0.23276072506396173,0.15728510793234218,0.2079831638252892,0.1287226154970909,0.31442116357740896,0.29556527670198046,0.17761638287995382,0.2062880335089176,0.25311551538675375,0.34964900177781894,0.23528153710585267,0.29552396921345575,0.3484278321502916,0.2432959964737389,0.34806109175091066,0.2367900436050338,0.1963353537340492,0.3661038918924317,0.2755247214964664,0.2621273081184641,0.14923959645976248,0.27741850586403277,0.19289153687758462,0.21068976660913402,0.28367483105203667,0.2910354559929489,0.3183664791320725,0.1558641107280051,0.18829955962008887,0.20502809359723745,0.2902051796826061,0.30442196743410677,0.15286477698084242,0.19524694285644462,0.17563728015723548,0.1628083320036772,0.2440287998121713,0.20261888779149548,0.31382238385134503,0.2944877554104095,0.22875239896578395,0.1858690888957896,0.4972409459486342,0.27023779687816113,0.21253558889315413,0.5337050353671254,0.5552560138314468,0.8156042408129488,0.6451823334398253,0.15434068890620195,0.18971376132910933,0.17413980489310543,0.1876426238783853,0.39107022323641993,0.22132897111944946,0.32648148261965104,0.3196324262683415,0.30672646980222873,0.41439913074161455,0.2810540475853441,0.34315634895546687,0.3307183171383982,0.18554844893666675,0.22112173701145088,0.3164226741290779,0.1585856722177067,0.24476469264882614,0.3009034286733628,0.2501890528343628,0.23230334905408626,0.17623786078996428,0.17175200996165535,0.34011033057583256,0.27619245416121535,0.2755078922038724,0.20206668595686916,0.271431096989746,0.19371295130265406,0.16699290466523686,0.3486958598822987,0.31051495911353294,0.2023498910297902,0.1735062141903461,0.1761280386971283,0.14316906993979092,0.20181979981903647,0.22189064796738436,0.25424161211498736,0.3932881844316893,0.28766965718318316,0.280856787485363
0.24299584414411524,0.15498852884826697,0.5876251271044699,0.23560975033584325,0.26089153221862404,0.8358284527851615,0.2787771060294954,0.4950919946541921,1.0,0.3255285102189876,0.2944364106015612,0.17727023523784738,0.18844899078364258,0.379568596502799,0.4185692015158221,0.21589631974401158,0.15216510235281264,0.1464749193482814,0.25930036217449914,0.2027079256531045,0.21357620535694333,0.3053959064793917,0.2403512719734195,0.15569489993612867,0.17997061313390922,0.16533682155742682,0.33594785450040826,0.261370331210695,0.3510685542674611,0.244388439888229,0.28635697841409946,0.21904525621852897,0.2657316795613342,0.23086742368854554,0.2682630608007499,0.5095890863195645,0.11447946674001568,0.1503460121751468,0.2552789480381166,0.21607326092960968,0.1308563835381213,0.1742308606650329,0.20673234212494523,0.15190472150429946,0.23182275621143475,0.24991651931495235,0.2046849032915128,0.2231624988293924,0.43444356349017144,0.14946516461929912,0.18755006975087807,0.2425944036196045,0.2157902721133491,0.1901654281268585,0.6309262193945738,0.8020049582127571,0.3653143016249895,0.7588015769491618,0.20457810690960965,0.18252843862301343,0.15539685244746704,0.20318913170434436,0.30916759408221217,0.3736309577150559,0.44246472098969597,0.480384540990318,0.23972499581199172,0.39453996391329305,0.14653224076582824,0.13441962028563048,0.3373973397161367,0.26305457741753535,0.18438747959238447,0.27459778381768685,0.11286379399716401,0.15934096941881362,0.45423639484369843,0.13312398045267138,0.2840392068098952,0.2443648214813371,0.2566281914292116,0.20361675452734243,0.31805270371388694,0.305054565929103,0.135859822001558,0.3375524302521951,0.1275899882971578,0.1892746782076286,0.37919695101532164,0.24108425164453506,0.1821576518770995,0.21570922423301686,0.15068211947478388,0.1539281443040026,0.21035667347332365,0.26792698520582986,0.19784069128343432,0.274070577942947,0.4352908639670293,0.15357849173830268
0.29632745759265505,0.17933030049161577,0.22122133121404478,0.19121987989437197,0.2098390946833331,0.2601497565987626,0.21157478228115753,0.23276072506396173,0.3255285102189876,1.0,0.35713329717322345,0.4198896767424562,0.15884810356216283,0.28376513546971865,0.24801763519149295,0.23413179540404436,0.1642206589785772,0.23686372374202402,0.2853884610453514,0.19367582055156837,0.1776638636080154,0.18820701897094627,0.19539179814671914,0.342666189816689,0.33284618777908337,0.1890045802699814,0.1922765649364667,0.24585511317022182,0.3002227747623921,0.20148624058467468,0.23408924234999,0.32200887136122125,0.2877609459661606,0.2608500445237866,0.3579931954446968,0.28722641370973157,0.1040532220884901,0.33088971536194606,0.39552874247125347,0.4464678168152934,0.2445436957784348,0.15554084384184036,0.2078452253612669,0.20815390148049334,0.2576178456513015,0.16496058611934292,0.13640716553539473,0.28238841761555666,0.290387120157342,0.17593702738816866,0.20527693502536828,0.21897741090728662,0.22104172398812758,0.2680989786258766,0.1744492458030298,0.3127680414604688,0.21145649746445547,0.24922361879267801,0.5003470535095582,0.2564661860735995,0.1358533965871435,0.17668045708545219,0.3211542133035461,0.3070486102159746,0.30597059327892845,0.22149696379611755,0.2490446636650011,0.2830370631781556,0.16592947535241684,0.2224553974594498,0.1918422879717958,0.13699408553144024,0.20607975212046037,0.3209608944740899,0.19768788816440705,0.13094122257181606,0.29266584800563494,0.2768710720257406,0.21132946245477016,0.258402152668342,0.2560655344723087,0.25457440907336976,0.37123884521240497,0.2884839200630445,0.11695742453428112,0.2824040388056501,0.1886789329327155,0.193388861358593,0.17475358842811875,0.26671352888120414,0.2511467982716903,0.4776010471119572,0.39335971263110714,0.16119247001285014,0.2241679690471428,0.2835360941755446,0.1766092764194942,0.2431167443998132,0.31391360320365885,0.17758674321066617
0.23812056448558885,0.2354769121098109,0.2193002074729626,0.1674329277713451,0.28706873281427986,0.26894528574535426,0.17526220809917145,0.15728510793234218,0.2944364106015612,0.35713329717322345,1.0,0.3797102481657544,0.2514593048780826,0.3593284916432345,0.4202437376034689,0.21217298710428958,0.18824046749112358,0.15983604888975445,0.22034766542213732,0.20750465210117255,0.17662469760465385,0.14744436005891698,0.2697430602117066,0.2331929210352253,0.3339751398691412,0.24607007184815916,0.27173358467296566,0.18674366011942278,0.27950320928119,0.1695115466567864,0.11570063760059648,0.15784838736541454,0.2770636996790719,0.1725421418646078,0.13888430082734254,0.2394039421949925,0.13926385947088094,0.22348698518526253,0.15281122017933535,0.18715532761755987,0.2594831208850313,0.1374240747656161,0.25229253580251443,0.20224125751750652,0.2505999014378859,0.19303471301497144,0.22310831002874135,0.24645937028877637,0.28102116808293964,0.20435938719289815,0.19525558418598327,0.2770379434771366,0.2017828192142,0.2803800766812863,0.21141560441149632,0.2716838817401884,0.17607650893290205,0.2228367904377748,0.6077656853069375,0.5659798705924242,0.2999179100609233,0.27477036857490167,0.2524217173962805,0.29149358019582206,0.2530856169265139,0.3812169372064975,0.23034018129375078,0.19458325007637728,0.16195763527384333,0.19233510415062896,0.15201541152770193,0.29324437086652655,0.19146515719613322,0.15276703625104562,0.2245290863952529,0.20723535504284338,0.2529431821875155,0.16902743179934818,0.14376176912238842,0.17770494890824007,0.24683948185693108,0.19072043667209176,0.29579165546319985,0.18135889653489212,0.23961900468516248,0.29736599727202806,0.1927021983867009,0.17217257068689698,0.15857922085789608,0.2769373740160181,0.18009186611545405,0.2238902370104519,0.17454259353135768,0.170555255450316,0.17409232974854252,0.3053176238459625,0.18541522492026144,0.2582967983447414,0.379352792404659,0.24517252170980153
0.2776198675287613,0.2469533956874692,0.17766694828099625,0.21610776216378733,0.24367243978614928,0.19545398660768387,0.26569747018039347,0.2079831638252892,0.17727023523784738,0.4198896767424562,0.3797102481657544,1.0,0.2299541579010711,0.27527432900777776,0.22186994020954573,0.15921003443062529,0.21923404191353785,0.17551521065483355,0.2624402243327151,0.19408574225017167,0.14332778998499646,0.23865750783853928,0.17322462815727527,0.3910737552883418,0.4345349221521522,0.3717944815401365,0.17499763787222974,0.2073440922609304,0.2109471362844305,0.29010708001086827,0.15834997007821358,0.19230264616838394,0.23514088264215827,0.23443451814877692,0.2800044426383271,0.14769235292282717,0.11640209007568926,0.2879848308510702,0.2089528287153569,0.26238573098061824,0.3875142334656933,0.2985800507416099,0.2133849042440805,0.2513991621952987,0.33059603013751493,0.20951510806239518,0.2686685039280432,0.32974643874570136,0.21846689956868182,0.23705736701065863,0.24123819743470537,0.2895952288911494,0.2697274851733842,0.20731109254432603,0.11356427099742049,0.17946807196479106,0.24569851423004704,0.141106162897435,0.3723246998993199,0.29044981715224283,0.35412629213669455,0.2371129503604403,0.3096584576073332,0.25343767278590645,0.2544720246567352,0.22851024872811668,0.257317687457007,0.21304591222136832,0.18858882232171387,0.21293108490978482,0.13566317846714931,0.16139936636788163,0.17617970322487156,0.21403721040431367,0.2444016397784485,0.2885629261284878,0.23937771596374077,0.3466673862039499,0.17140741707837623,0.2920773791547891,0.2621789485405948,0.27914056220109834,0.2399611969731334,0.20448231810577258,0.1160594371192202,0.2115748741360719,0.1552190550723815,0.14767417846972442,0.12578679895168415,0.2477549598550008,0.2179923547958061,0.23627848711528135,0.2883023820400128,0.20610168540861382,0.2877325948757389,0.22074272485930568,0.2767508274063349,0.2805056682237835,0.25284058002416093,0.21776012386107482
0.1095041339400595,0.17030364583528557,0.19160592151181852,0.17716760028742212,0.2098567654511133,0.15344631850161847,0.19113742226490676,0.1287226154970909,0.18844899078364258,0.15884810356216283,0.2514593048780826,0.2299541579010711,0.9999999999999997,0.37971896257385884,0.46325564174054196,0.25623977137092363,0.21603412691822158,0.18030038562192507,0.18319000899430266,0.17292026713834507,0.20900605749156984,0.16829189773384645,0.17802331983049757,0.20472640009853374,0.14637557383283067,0.2245070290933479,0.2663690485094903,0.16495756011889068,0.2564276991952275,0.18914490114373675,0.17655079865226336,0.1767596452821325,0.15275831634847256,0.1527976325921166,0.12337768326829374,0.1666534531796538,0.20200316585856867,0.2583434682264026,0.25873542309154496,0.19566489276106833,0.18988391719095218,0.26975385343138364,0.18449878898101602,0.20740015180841215,0.2515985646305901,0.27166896601637136,0.2142907862496119,0.16906259975842924,0.18710262288973165,0.22349499951353802,0.1653178657471047,0.13938819405113118,0.19261401371772735,0.19252684871764136,0.30111718492760803,0.18521229860188573,0.11522527469407093,0.18952988653268693,0.2881269778746146,0.33169757763954527,0.4715450163324524,0.8549782689492897,0.43019646396263794,0.32691730258511353,0.26389509979906156,0.3724786876259384,0.1961792074770502,0.26722130639074665,0.17054922527519462,0.1656168121015644,0.27051279767799913,0.1840332057727546,0.11111714554071714,0.2591043957582866,0.29489101654156824,0.20647686601348167,0.2180830606358394,0.18030887403770812,0.19657334437297228,0.14082757315093505,0.18464772557022177,0.15626346522596657,0.18507702118932637,0.12819832896379027,0.18881264360102493,0.18868014277407885,0.16542958888481002,0.16795935800631995,0.1805113340217098,0.27581894051803685,0.17712578980869637,0.20332455285798187,0.22556877308758413,0.23505732660463796,0.15667448048869295,0.29276290472431743,0.24015842820372502,0.17726785140053855,0.18697248883955672,0.22282023291178926
0.20304378813194798,0.21588317536806872,0.2632632467685639,0.18662344509955178,0.30958766231547896,0.3464131362231142,0.25205835998384063,0.31442116357740896,0.379568596502799,0.28376513546971865,0.3593284916432345,0.27527432900777776,0.37971896257385884,1.0,0.7397084330945631,0.2346183126300327,0.13537086934983913,0.23832901573578827,0.5292222788246528,0.33932755173209744,0.29875967920741214,0.24264187407029184,0.29058991185279376,0.25806433730272943,0.2421041074643145,0.1763188980400787,0.39925669510869277,0.21500373636914014,0.30615722358611125,0.18481396647187484,0.18110058289611397,0.1846227110784876,0.26920905854454885,0.15524254821133238,0.24602321390842,0.21655087928426459,0.15119991210675282,0.2306918369249091,0.27659056327405496,0.21082479001486568,0.3176858006434663,0.14203997873130092,0.23845717688102785,0.26142681672813023,0.32704396614608344,0.3150679332428918,0.18912374832051163,0.32824518362709865,0.27341379759068124,0.1522924712861368,0.17827062203287383,0.20766247132266372,0.19549147219495136,0.24909110789103817,0.3434568128925685,0.3783293327081046,0.2307653336608563,0.3378721222913464,0.3529877954512108,0.3949344212668903,0.25727155783458716,0.37372525714401716,0.5281343062052689,0.7181270831316128,0.6343901298173382,0.6919283941414469,0.3871968127835239,0.5045748698281107,0.2767999979000353,0.1870602431107208,0.2733399430710567,0.23783158376172087,0.22033200349744295,0.2786513921784447,0.24977489872777922,0.14769178164888813,0.33768779405653326,0.19943883149041494,0.18383490199314978,0.2120621708721836,0.20294145883844739,0.2766209545593306,0.360380505341363,0.2790903562000241,0.1538603995337821,0.4026093981491347,0.1587194046710817,0.28102984630401756,0.2178790422215978,0.34861389820338073,0.2044654919059687,0.22934586903775778,0.18299071002230274,0.16151720539551,0.2449263547299319,0.43098792411773074,0.2456176173902407,0.38303699492816484,0.28694359013352255,0.22608477757307863
0.1704975577795382,0.22255130925809252,0.3056180764101218,0.15888154352988437,0.3091215938607766,0.35912770810908845,0.20432310728455527,0.29556527670198046,0.4185692015158221,0.24801763519149295,0.4202437376034689,0.22186994020954573,0.46325564174054196,0.7397084330945631,1.0,0.29018932849725765,0.14759360183674208,0.2407916186658271,0.32242156475862516,0.2641304381265297,0.2208982655535799,0.2627540895894169,0.29627741848694145,0.24068475904904488,0.2394085096890888,0.16390587948298,0.466286814933945,0.20189026290689008,0.4107821787861563,0.24129951839875166,0.21804656093615754,0.22207217756022365,0.18793684972831057,0.19908464642591803,0.23868169405260428,0.25883104209178187,0.16382177665128583,0.20312223815564193,0.24130098377449982,0.19581632916099367,0.2913093792970454,0.12112050360032071,0.22529785904851965,0.1749500114385134,0.27765600995720335,0.31291794996286915,0.1827130585569895,0.30154900831620224,0.23296692809395877,0.19760755608717676,0.16362391801732,0.2330292174433781,0.16881326747299916,0.22149249616208191,0.44133388317821326,0.43924099301179476,0.25356904860922663,0.4163041068167751,0.3982824940577184,0.4785721427074555,0.3623351010632333,0.43988965018938053,0.4798222603805038,0.5497837715625653,0.5809093809650018,0.8492422658812603,0.30791319376304,0.4365567866344491,0.24470643326243668,0.2390738530091773,0.2709557298869196,0.3102211299930627,0.20578148236683685,0.2668341420839052,0.2007855739619789,0.17158116850411687,0.41068459999387236,0.2021733277958466,0.1691662516790382,0.17449716078851918,0.18593862085148558,0.22539462542152042,0.28780865324442606,0.2409384400792849,0.16451890609636535,0.3856935920871043,0.1307901999092735,0.28673671709603366,0.24301430099633164,0.37716998523578843,0.177279253976394,0.22733268176359675,0.18223330491225806,0.17030515363505266,0.2324832251173519,0.40070390968114755,0.2884853443399538,0.3254414759770624,0.3289780486944589,0.23199053706677403
0.26743321434140244,0.20997183331528138,0.1649064797918797,0.2541585316287654,0.17323601738775193,0.17071640866025908,0.19423026236999197,0.17761638287995382,0.21589631974401158,0.23413179540404436,0.21217298710428958,0.15921003443062529,0.25623977137092363,0.2346183126300327,0.29018932849725765,1.0,0.14596976586896296,0.20565513907948585,0.20735220167798182,0.18553318589876938,0.18283935420652506,0.20054861337754815,0.17252574799684697,0.27897264648028713,0.20733955354801278,0.24240647445444785,0.2859273173163665,0.2420742161994716,0.2866386941489474,0.19199486031136892,0.19146698096830042,0.20669923735285609,0.3251146331971707,0.17053959171487654,0.1728004007431845,0.29133421171886836,0.24250694757694416,0.2500006557259265,0.24917573852150762,0.24997217506105604,0.1795452582248374,0.13264925690535775,0.21968683561300445,0.1593121248264288,0.2052052218208952,0.2906489506968649,0.16480722641423606,0.22708310985956842,0.2730103002605352,0.26004522613454095,0.47868247413017956,0.1518717213167077,0.3884603601985559,0.15451456522964363,0.23748488981007657,0.2125775219755733,0.13099225777662088,0.21068610297758128,0.14126288345373456,0.24288935557949515,0.3574681345920335,0.2025123361067358,0.2723778945008617,0.30020261518544333,0.2831064318014072,0.3144281001723912,0.23798908848584702,0.31319010757888677,0.28198931558513507,0.21237603103513472,0.21794281607611546,0.2896789908762806,0.20927968038594938,0.27544632280603953,0.2348155120469161,0.2541614355480312,0.28052044522361874,0.21697795867659786,0.22118971359476114,0.2639166244504452,0.2575152873735494,0.16512802735287607,0.23817035270109255,0.2083629315409173,0.1516854715556929,0.2314037056817279,0.22311935079590992,0.25472614507876706,0.2356675531399269,0.1544101698744738,0.26817099449407367,0.26354821379861265,0.22629636772856698,0.22985010640971076,0.33250099142045875,0.22086624564015195,0.20493795542271634,0.1831741277993505,0.20626526005792467,0.1978953461769041
0.20266787827192784,0.12318403202557703,0.16420383611778122,0.11498457448292156,0.15314394911750917,0.16526193010502552,0.21792825953346956,0.2062880335089176,0.15216510235281264,0.1642206589785772,0.18824046749112358,0.21923404191353785,0.21603412691822158,0.13537086934983913,0.14759360183674208,0.14596976586896296,1.0,0.2437833038718563,0.33885841720766835,0.11734925027425692,0.24501383302516133,0.2578721885105894,0.12543898069398624,0.1554414589750766,0.19379016050403083,0.13682258907470096,0.1870708149394636,0.19036958227566847,0.20941296651092667,0.19416466781594213,0.19954589701995804,0.2112579053924082,0.1705558962714672,0.2697741734651986,0.1600136196697109,0.1442299749168246,0.2746002938784294,0.1500018914278228,0.16216602684621229,0.12817596794652825,0.07974399980975211,0.18351688130575425,0.1974748870160163,0.11527505356770647,0.10997145141571582,0.1521709765091481,0.15862401818955169,0.13363079989766458,0.14688442585359363,0.14939418567337767,0.1898668829388728,0.12553303205031077,0.14060513433787272,0.16806661197884204,0.2113092678581355,0.14633067241419564,0.18935546231217007,0.19754877590947234,0.23140426704186048,0.24878409072097585,0.19871621719176372,0.18218662236418764,0.13709885180087103,0.11119925306851522,0.14041874717264324,0.13155292817208697,0.15644593533538725,0.25190857544277667,0.28951148278439254,0.18727684333493078,0.21015191476413053,0.21178748398281683,0.22091271819324362,0.20193532897820055,0.36013224432081564,0.14567085099824983,0.1614723042853986,0.2637988292603384,0.21720291607041836,0.18157127671676584,0.16096379713830025,0.09212333962889245,0.13440836263270733,0.14792790755868002,0.18555133957764422,0.17317935178940483,0.16449475904292193,0.2002628167851379,0.18043720271592484,0.13634189229524954,0.1424323844925756,0.1323057452392355,0.15392141169635506,0.2576860672579523,0.1905611144607458,0.12816791552784296,0.1668639866978623,0.10778519339016036,0.11854119053783999,0.12271620937935611
0.19446127494969542,0.27621886437980436,0.11536052063365934,0.19990807594008936,0.20699652397980717,0.09824768475199507,0.1511011373132839,0.25311551538675375,0.1464749193482814,0.23686372374202402,0.15983604888975445,0.17551521065483355,0.18030038562192507,0.23832901573578827,0.2407916186658271,0.20565513907948585,0.2437833038718563,0.9999999999999997,0.2806178860579015,0.18054443328125902,0.23677696872301848,0.2479062953671889,0.3603222518613052,0.16130839903851796,0.17586308686112467,0.16903508501185502,0.164779184321904,0.12095826053004947,0.1711632607784632,0.2755049569374024,0.17843567205988115,0.14718508442877445,0.2586935077370226,0.39670393811424126,0.20136441787229953,0.1309718285611228,0.12390539225998318,0.18417645246767178,0.28491431619405755,0.2121180443257272,0.18346656187642882,0.2159471541526521,0.2434097602718558,0.19691454998694496,0.19362216046539515,0.14329874991012737,0.16232420667972947,0.13590246479388163,0.1959777843194189,0.14044827276704194,0.14450766531491271,0.22829694630707198,0.1440372710125381,0.24166279723321793,0.14546897865528088,0.12867039976557096,0.25588400703683795,0.1432559078349932,0.3143434772778258,0.24147505420838988,0.1159774937236298,0.13553932698045146,0.16868115711415244,0.17075915741602027,0.17978093018935928,0.1707009905708511,0.2838219972099533,0.12959990786202974,0.26913929627440775,0.6344110564179595,0.25053026533445294,0.19260647460996377,0.34798103192020974,0.2711754761009402,0.2694895701653783,0.18675752680855592,0.1308345615873173,0.1811327235352138,0.17280316537947307,0.15250839838346214,0.16687712285298392,0.23296617788518614,0.2212940886076135,0.2134603418780184,0.19526675061223792,0.16574417051227516,0.16213426051785723,0.21051860574682396,0.1721550818305319,0.2876562519718798,0.2764775048751016,0.33291629158126745,0.2577201895615491,0.19624814357622075,0.17873226566960296,0.22038387614432525,0.19761728721594074,0.1463384952495852,0.12412869545544353,0.14304013518834072
0.2998273570356806,0.18623504897063398,0.2983554958496987,0.1382990474642008,0.26832633254684546,0.2795042423188679,0.24764069500630764,0.34964900177781894,0.25930036217449914,0.2853884610453514,0.22034766542213732,0.2624402243327151,0.18319000899430266,0.5292222788246528,0.32242156475862516,0.20735220167798182,0.33885841720766835,0.2806178860579015,0.9999999999999997,0.2752084982750391,0.3391436349899351,0.206234133949154,0.3244297393245126,0.22300984413517225,0.13820080552498953,0.1589516423641605,0.3435266569944465,0.3083673339380718,0.3052586549499411,0.23375137863572204,0.2125003464276349,0.2652898377836032,0.334862242240819,0.2043885951741791,0.3279248805134712,0.16471610427825437,0.21543007929508812,0.20501089144380696,0.20395110494021934,0.22692246898792034,0.2973416664786517,0.20259284071477254,0.3350985227759352,0.11488100038880393,0.21491396241933036,0.23940306197929428,0.23193093888871524,0.398728414154322,0.19760403922891254,0.16974659068396544,0.17053281852823435,0.21720146529507064,0.17360515189651252,0.1485277256275498,0.33832645596001343,0.3231403073335283,0.33639369615232917,0.3205950032629444,0.2791476717175094,0.3337398308177434,0.18575855218648307,0.13249606249329926,0.32217721837449986,0.3808876270902102,0.45690693109275365,0.2874629163054522,0.30054496348653204,0.5847428943416643,0.4508637593479422,0.21499171719582197,0.24604790303044788,0.21797163850554763,0.28082733730387766,0.22466078454508576,0.33819818987768835,0.227464275719093,0.2769943862313502,0.2528844000452291,0.1550858750690324,0.2262997778994848,0.20717512350642514,0.3232420538336116,0.3195552484733382,0.31985181424720827,0.1899867394289763,0.4409367291597637,0.2643692686437148,0.3121947552471743,0.16582201310805536,0.32036825029945626,0.27052905967759794,0.2035346451278619,0.21931899612014294,0.19600000914723023,0.2894441374163897,0.2600568898356507,0.20692480262545135,0.4153395292195998,0.15854612401399668,0.16897973550396522
0.15704823647181618,0.2729325064607508,0.19671810156006828,0.3069934299091901,0.33661294086215676,0.19835274964065427,0.2563820646137258,0.23528153710585267,0.2027079256531045,0.19367582055156837,0.20750465210117255,0.19408574225017167,0.17292026713834507,0.33932755173209744,0.2641304381265297,0.18553318589876938,0.11734925027425692,0.18054443328125902,0.2752084982750391,0.9999999999999999,0.2829671883638978,0.29822238414496266,0.2944710695991122,0.20644374875171212,0.20190054127052723,0.1671045964942904,0.3034579288584064,0.13722206221382885,0.300156947093142,0.24290629094843588,0.2910774191973335,0.19612078355932208,0.17344136426100987,0.17579359827514499,0.30102270666717706,0.40700289470522405,0.29119058422141064,0.24436985826112181,0.22709863205944103,0.26095296309103583,0.497941066816918,0.23917061289555452,0.3087396210672386,0.3037565398461922,0.3888443586054731,0.2354912984271402,0.3197626229740324,0.32180216559821034,0.3303221912383135,0.5684290295106147,0.19260182081038962,0.163236804529024,0.14514503807025497,0.26050503614696047,0.2498998065047763,0.24682987120465008,0.21305094474535086,0.2451262222057123,0.23325740435426873,0.28616083768314116,0.22705903654961473,0.16897327829160347,0.22748661994144762,0.27397368241925785,0.3076994045260243,0.2539118029017518,0.3957993092251504,0.2297490084294765,0.17235456514812003,0.12348919628570322,0.31232174499441934,0.2088462952667655,0.2506425197984109,0.2119306001064656,0.2263760812527811,0.1564900099401135,0.19079769443445868,0.13891221108952434,0.166188018481643,0.1444202685537126,0.1757851321218509,0.3536465362793449,0.2544001172591597,0.31066443092780593,0.1632969206188151,0.26724600870584403,0.2371900439787843,0.20497022159855738,0.4604013786957495,0.30581195362496094,0.19515571758427874,0.15992163232856293,0.1894789264133628,0.23703387965725323,0.2699972114681151,0.2922212149660976,0.18236339841856086,0.33517105183973134,0.3104252693711981,0.5119330444342594
