0,1,2,3,4,5,6,7,8,9,10,11,12,13,14,15,16,17,18,19,20,21,22,23,24,25,26,27,28,29,30,31,32,33,34,35,36,37,38,39,40,41,42,43,44,45,46,47,48,49,50,51,52,53,54,55,56,57,58,59,60,61,62,63,64,65,66,67,68,69,70,71,72,73,74,75,76,77,78,79,80,81,82,83,84,85,86,87,88,89,90,91,92,93,94,95,96,97,98,99
1.0,0.22009224322846543,0.5509172796877946,-0.22609312299732676,0.08835254720762821,-0.11369402941126286,0.03677754130603458,0.05778708141354582,0.13840762760949465,-0.18770134359735374,0.001778692298875036,-0.28660307082434144,-0.3897520286814079,-0.023578393431095176,0.03330717473171895,0.44259102470420547,-0.37118647200631416,-0.008010665830355803,0.18035059273446966,-0.35955426148550457,-0.07440844742081192,0.1564258009751105,-0.2199037862247444,-0.2192327434380377,0.5362800395760581,0.22456347579971692,-0.03574765348721658,-0.4469066130050348,-0.11909967038879055,-0.349813790014434,0.6435576979403783,0.4941746723552458,0.3814815497507838,0.17727111881542906,-0.10722465087949415,-0.3555134787855603,-0.3403649076564186,0.398113195590369,0.06768645265761873,-0.2370476216363746,-0.18050724847411467,0.6775855165283224,-0.09213616741586358,0.26142001731591136,-0.14825715555643834,-0.05982517090440571,-0.04973071231944742,0.0024396388007946867,-0.029600521598944586,-0.49577184125797263,0.9343989421617915,0.5904841402090342,0.24742021442926643,-0.1919011776581572,-0.03443758366863646,0.37778729854046456,-0.022784250733502796,0.08354135128042803,-0.11239705509394729,-0.042469816423922134,-0.3407529377551894,-0.5359312972081337,-0.32040610400598774,-0.057941992251777985,-0.010798935212855515,-0.19423186347274093,-0.17538310637061116,-0.36215046760044756,-0.11543288912903024,-0.033539132829664975,-0.13403433415038948,-0.40069519343530025,-0.03934071213793073,-0.37444180110182784,-0.13902533295156327,-0.026238147749853728,0.23553096006655777,-0.4142139018798607,-0.23701258555876462,0.16458278526236667,-0.2361531243868389,-0.27876140756186635,-0.20008890456339695,-0.13943246849675886,-0.24586542819622426,-0.293177776109801,-0.31600019707295623,-0.33006331816601725,-0.24670215106431564,-0.46169561935773995,0.11746260345431817,0.3303724853244346,-0.009942865291425781,0.27851493037309893,-0.1504122122078275,0.31116260239158045,-0.30802254278318875,-0.1997967746547886,-0.15612313687723595,-0.4326076813386923
0.22009224322846543,1.0,0.18492134066691585,0.37255376039457183,0.4805391185819836,0.015196622061930884,-0.19508121138347786,0.42363268312798935,0.09050820741874073,0.32254298801486153,0.41544648199288464,0.17727215172340577,0.11081429848467887,0.24505644351244055,0.25070622679867566,0.3793220762973969,0.028640130320328687,0.23895977140808772,-0.013977144426336107,0.15883814545750877,0.29769905126419494,-0.18373577268418395,0.09373437349117023,0.09979819127845972,0.17293031437355563,0.206057936428877,-0.17606819356719627,-0.1398100642335027,0.07048898794537149,-0.039246903750487463,0.20617423962298387,0.09603644518696874,-0.2361987934844444,0.4277765276131549,-0.2828632571906045,-0.33339055269271006,-0.38521957146394625,0.2526130898497997,0.314593504798113,-0.03250476781811844,-0.4363800326211482,0.045908002385211054,-0.2641112772885106,-0.1344518822793171,-0.27577420603155917,-0.34386855735448874,-0.40300053979487477,-0.3140681377361002,-0.11007438906643699,-0.4145072023549397,0.3332662399020305,0.642193513040734,0.3847382224518213,0.3967383116536952,0.33822123229181367,0.3192044029591638,0.4164690299322567,0.4727801405816939,0.19078815305313884,0.3429411486649959,0.09365437990672554,-0.10101561893578044,0.03330777375755121,-0.040923772843237394,0.2946927810758312,0.21296469437831722,-0.24220757532876952,0.05013931157273353,0.2564692743915048,0.3772442308563574,0.2891789128194371,-0.157531274903489,0.14787904851415212,0.053530651960722285,0.1989529703656756,0.13471359438061825,0.07231353999982955,0.1979533745146523,-0.1147181284046745,0.27558819436047605,0.16675756194834115,-0.1685225132730608,-0.021405307473016257,0.0175949770965298,-0.04119887900247719,-0.36935741463211835,-0.15194383263927624,-0.11423219826794433,0.2856374658277727,-0.1533419498539001,-0.06985406485957443,0.032459755269424954,-0.013917877162995172,-0.0937875235048565,-0.12426089190942137,-0.18339348545814338,-0.3426505160869036,-0.2540163362580573,-0.05043811292624377,-0.29472194092940057
0.5509172796877946,0.18492134066691585,1.0,-0.26143230679539753,0.18848629773976075,0.43141390942724633,0.16123863260236496,-0.018031659857805523,0.2063866397717639,-0.15398791107839244,-0.13410298018558942,-0.1177022734157585,-0.37306349767939384,-0.058965412399956424,-0.12761289334957546,0.37875562565922444,-0.1470750235726416,-0.15086909171964666,0.14944818657143308,-0.1530267691996752,-0.2292974543211137,-0.11743150329102775,-0.1174341708711113,-0.21480069347339842,0.21706532429757536,0.08521479390101891,0.253303546330503,-0.015200452957677352,0.005274795300396077,0.12327120536021728,0.3994421182533724,0.2698396221508435,0.41060859503612396,-0.045740623847678255,-0.31765632715402353,-0.1530299170170911,0.0007328171553073284,0.5203587634263898,0.21338415232636862,-0.018990134436207336,-0.32854386106786393,0.48621778516207115,-0.0032748493327442564,0.4460876424345717,-0.09267878481120083,0.16938043254074567,0.07475609572605774,-0.07645479692668698,0.3001366175694826,-0.007923267686196217,0.48032280903280006,0.4785364716927525,0.10840803417232292,-0.053675042871240065,0.5656104309462155,0.6780040907025618,-0.03426341331280574,0.016224621025443475,-0.10761305339393692,0.09583834674463515,-0.2891697300719795,-0.3701329180916233,-0.14414330566086503,-0.16430755562013938,-0.16692105859204354,-0.35267040811190725,-0.15395601466725373,-0.1919582817756657,-0.10709567159636078,-0.23061481280832855,-0.2824125833525833,-0.5133167328779211,-0.2384781979658027,-0.27226092519819034,-0.12539770253323415,-0.05458090197459327,0.18307723985819338,-0.1645457203307355,-0.09363777256837165,-0.011525483332654142,-0.30142288793411637,-0.3296537339892504,-0.2786028959746181,-0.4689566917810602,-0.21215698740782865,-0.23699562262472285,0.01139949826204673,-0.2558286347424423,-0.12532793716515742,-0.341362482010539,-0.06938992182215906,0.17965085080329884,0.13592152216692377,0.23536737044667877,-0.12679646928330857,0.3379286598101676,-0.16829488052208053,-0.29506021927681125,-0.02931707698982053,-0.2063049505567412
-0.22609312299732676,0.37255376039457183,-0.26143230679539753,1.0,0.5375127952003851,-0.051187292017501065,-0.13224411288734192,0.601821748809225,0.14129052632602174,0.15246202494429512,0.1914489167677067,0.4349487135382231,0.44857444266403024,0.18397910785964544,0.19310646244705332,0.05731350484857347,-0.01627820426125286,0.13946933360723424,-0.1371491629220344,0.2531290093312195,0.13248089533014942,-0.24023925728239132,0.22567937530074456,0.058203398880997154,-0.183442520903511,0.133677343061001,0.02805674156770596,0.019049742194497635,0.04685532395572663,0.04571348712119365,-0.06159175018628983,-0.03026937727741661,-0.3601505176550669,0.16981669694741267,-0.16419185491586458,-0.1786493738309981,-0.0762697888818056,-0.011288505129079751,0.16931527525583795,0.04257531655113261,-0.2927780146392744,-0.35128551721865037,-0.3575665209746892,-0.12358503403589671,0.11684037304356588,-0.16212944227005274,-0.3550189250972069,-0.23877756464434577,-0.08894095172866355,-0.15631716880191457,-0.1464845239552754,0.12362886135582152,0.10383680467363775,0.8097963693185936,0.14955866694000183,-0.07418972213471883,0.5299199665139782,0.5866049501275682,0.04773933408453873,0.10260358826990913,0.19691799072124566,0.31342989965060564,0.3940710974237734,0.18747150682172556,0.13003823680869087,0.21368635022863391,-0.1769589220729564,0.14604659165510342,0.06941267866422163,0.3097480981166869,0.23240743897675648,-0.10036740175044226,0.23280655361319963,0.038254425936622434,0.14773050807841145,0.14573079916362588,-0.14950170818767727,0.3240898613975927,0.18700310505666576,0.16507149646294753,0.11495250031662466,0.12093973295366527,0.27163953483093567,0.061297709866890066,0.3311933243435465,-0.12742264037757833,0.013006298581487,0.16220531443167568,0.33351502716242437,0.03911509682355181,-0.15668970451542208,-0.18137375801786107,0.04784272534141519,-0.17276207696488272,-0.005132775371721445,-0.10702528422966943,0.020198284199443133,0.07777307117319437,0.12542390827390862,-0.02283146425512872
0.08835254720762821,0.4805391185819836,0.18848629773976075,0.5375127952003851,1.0,0.13581765639830623,0.0910700822733495,0.5193132020136202,0.2645980139621966,0.24028216867904573,0.2654335297428645,0.30818564077223853,0.31689071534186797,0.29536602473913365,0.2323977008766432,0.31795833263292733,0.027845399811854077,0.03110651399643207,0.13851034948029167,-0.0830092154923086,0.08210293044953292,-0.07974155635446405,0.1800335763695561,-0.038006251861571645,-0.04486279439164418,0.1605968450603793,-0.06893792770411053,0.036565365110962436,0.11225799244376233,-0.003760448872758584,-0.004002422968321651,0.1788829015338905,0.019330360262682443,0.1992431773476558,-0.40058844219849105,-0.294738768382247,0.057822503678843874,0.34993815350807517,0.5426769919133311,0.3499823305876666,-0.24353089477226117,-0.02207251994271791,-0.13455282157974252,0.0032269062256335174,0.028037620265231794,0.010197373744763262,-0.3360000888685071,-0.12197577777059274,-0.012851903645446885,-0.13964527413220082,0.15312041822347555,0.27227072608724395,0.04277243664432668,0.5981523818546113,0.5369005610932298,0.2065444849149514,0.38762399701156885,0.5346598675362186,0.1476857118677642,0.36389054344643,0.2612937380271746,0.24181222172438335,0.4464566971023035,0.2994207436812768,0.25169243651446327,0.026607572465868364,-0.047070709358964964,0.20883452805067163,0.052671381472122705,0.119262685313703,0.0500115217866311,-0.07942553055378992,-0.017032618109893635,0.09257246997970936,0.17601868086234496,0.13993612047233966,0.15501600310385857,0.13186680500575754,-0.21272338759232706,0.15946302491225917,-0.00953759824234731,-0.05566278661779287,-0.05055495336329734,-0.09675988167069592,-0.09054470692958698,-0.24196636411393954,0.06615018648548891,0.07230875814319909,0.04934084409545925,-0.0192080372564515,-0.05044450577580681,-0.013937164161855631,0.08291846264420485,-0.14166210047664266,0.007070266789341132,-0.06189018507241905,0.06709247672408321,-0.047900603261516114,-0.08578308570510672,-0.08379377395135319
-0.11369402941126286,0.015196622061930884,0.43141390942724633,-0.051187292017501065,0.13581765639830623,1.0,0.447296409099754,0.024590932244524556,0.3109022307733628,0.2228113438237141,0.05244051447874469,0.18870216013954635,-0.02272248469618254,0.14164927437227082,0.0996810848131594,0.17035308695956053,0.15814429441250422,-0.11452833594906615,0.2425834526671596,0.1876888999709521,0.03345590717569759,-0.34480532157634525,-0.0012090622178988907,-0.06479222034280936,-0.3158246331496786,0.18838966013716635,0.07150054196112969,0.04088226419324055,0.30373883099138593,0.21200761998897186,-0.10414214179617205,0.001766121688217136,0.09649268356381634,-0.160458559788126,-0.3229812535289075,0.2686968677202027,0.21778757826184567,0.17982175596805133,0.17489264385066763,0.3267797511652339,-0.08613100185466796,-0.12191628861139117,-0.04411374381218161,0.2594062889787056,0.011515059948464284,0.242442731549801,0.16506290493640985,-0.05640378805002668,0.6785384209769123,0.4538454185357392,-0.08001346911739084,0.0472107380772688,-0.0392077497738474,-0.07728656700842372,0.7199675396297517,0.648871581337602,0.03727806878085816,0.07444794637171162,0.19762810522669416,0.33890489400553897,0.13251424977187665,0.04812101035700889,0.01140639891608836,0.18804371455314406,-0.020505971670710735,-0.04257292619830297,0.3755713507818867,0.03935336267275576,-0.024190248379730973,-0.08991690538485703,0.047174066021993796,-0.1605668300272726,-0.19337829408262014,0.29400956939097134,0.09305394819674644,0.16532190175956168,0.11781733954472219,-0.014347878199346804,0.06708004376352358,0.19484276638852424,-0.22182371583250732,-0.09125175343732941,-0.14349589873044497,-0.3658319856870626,-0.13130660157342805,0.019828418818711006,0.10102882390800197,0.0038890255994555455,0.0705258175558719,-0.010153878594865948,0.033475599937783145,0.006707005261516033,0.34151273033642005,0.05808351661901892,-0.05067643212418424,0.08938912583163969,0.14527608601605305,0.016868871709032847,0.40977884495587896,0.2542215699934887
0.03677754130603457,-0.19508121138347784,0.16123863260236493,-0.13224411288734192,0.0910700822733495,0.447296409099754,1.0,-0.0712687968253197,-0.009974707722779337,-0.15584345694345458,0.05945749961027637,0.12077203146235516,-0.03556655393600062,-0.24436571978888355,-0.2391296584224809,0.32647388371379066,-0.053531971728210316,-0.23629026834149516,-0.003025066089771963,-0.34890767338753714,-0.44269272337515253,0.12637218002913606,0.23166651047529035,-0.16833538434140125,-0.4803046599655099,-0.13391449642519818,0.33112637685020857,0.13824642733053824,-0.16592315484901174,0.23596254413799897,0.19700094528463852,0.1620508942968907,0.5820360600510764,-0.4532217647931431,-0.005807092922483735,0.4964344056793176,0.359431554048929,0.19636107865754776,-0.0778110141928076,0.6033846184501271,0.4655910043502978,0.1022370562571182,0.4501144227295251,0.4588458925988892,0.3986454882071994,0.7515417149393299,0.6483643711771852,0.5343946016630825,0.7020409652785414,0.5600131577453101,-0.0184800027026153,-0.2714931237193738,-0.29500470847536003,-0.019456445286475305,0.2161180732655829,0.1371548960894817,0.009788375723183916,-0.30472854786530473,-0.17578326194961677,0.23857117204648637,0.06840961186302266,0.22827780768667988,0.053802125012129824,0.1293274182210146,-0.38820469158518167,-0.45506977387709874,0.6418302583549252,-0.1856086593955244,-0.4739919018735663,-0.5801500800977852,-0.4882933138136655,0.05437062374373567,-0.2993327362280923,0.14166963773933078,0.09846445236220903,-0.16859263100734803,-0.06731628144022656,-0.08366489913549364,-0.11705298991973592,-0.13602812860014704,-0.3249591388159027,-0.15781186866115574,-0.2163232255474875,-0.4442805438905978,-0.30773460778620154,0.2866909692680226,-0.07686921778433643,0.17930540493428154,-0.4715221795849497,0.017675680626280683,-0.04600028102011647,-0.08907153001000663,0.15371795483655262,0.11928747399180246,0.028644075426019315,0.16937204865702632,0.44510999312342403,0.1524215477904775,0.3308670202725749,0.3937574333247585
0.05778708141354582,0.42363268312798935,-0.018031659857805523,0.601821748809225,0.5193132020136202,0.024590932244524556,-0.0712687968253197,1.0,0.1110570024033511,0.20199570798110825,0.2528173698175252,0.3900478061751872,0.3361637014553953,0.15714643709199222,0.27222217928936926,0.40156770339045933,-0.06887048528487984,0.6199034276479701,0.08789024982735368,0.32798469703107425,0.2518308429096386,0.12646306101041552,0.39154646937335086,0.13470933371454002,-0.06790343430243372,0.2618749428124881,-0.03288683760188475,-0.09804860828852689,0.07720025818758464,-0.11246006358834176,0.008752479284934903,0.020075514317893783,-0.22632679382783902,0.47386677742256317,0.030347335993958394,-0.2527485974895837,-0.07850285527181766,0.02913517304944703,0.19764405344942865,-0.029718392043353206,-0.12479613038440754,-0.21462421151476774,-0.15881311708601978,-0.13288464494463467,-0.0072112830868732245,-0.26480551052790613,-0.35928555895486197,0.038455739300188294,-0.11630582191725991,-0.30295304490108016,0.07565950136974223,0.3054853045365462,0.18241686059843162,0.5655437975615357,0.14676010789090232,0.1616863200387982,0.760118242858037,0.7314131428620846,0.10371046488471364,0.2250759736762301,0.22740966674877772,0.20489472916189416,0.27701303628140406,0.2814543672133462,0.3111158593639069,0.1921513058514511,-0.18351513510167342,0.26983591731136314,0.20000760645973384,0.4895711828954416,0.27973402303409456,-0.13770152247453102,0.32325757345604295,0.04298217542723457,0.2764142197871653,0.14879511867589118,0.17996162190478007,0.20993611334745862,0.06665967117028207,0.2740883290228321,0.1707023375379242,-0.027231377696806707,0.02715664790283466,0.016403667006812377,0.05813450732056306,-0.271620665436801,-0.027900616744771862,-0.05297151009656046,0.4659834252590663,-0.020302547312952945,-0.19232839069276012,-0.18870067423727163,-0.12323685455580577,-0.2077405946802715,-0.13582715598963038,-0.22909077806681777,-0.2266342715478318,-0.053609353942065924,0.052945995865481585,-0.17668970491242267
0.13840762760949465,0.09050820741874073,0.2063866397717639,0.14129052632602174,0.2645980139621966,0.3109022307733628,-0.00997470772277934,0.1110570024033511,1.0,0.20468526758957464,0.11631457514595299,0.1839702648728926,0.01839546100779407,0.14815615629877807,0.2648683984802457,-0.04921110983861162,-0.1570814682174398,-0.29504620277651894,0.24347605842132003,-0.05746164752747556,0.11488156825323807,-0.15911691771052427,-0.33555679109122133,-0.07689279979695061,-0.06034436143905833,0.2940492414939487,-0.1375956844353437,-0.038957089059159636,0.29121233869158014,-0.1700119367382404,0.028626487277407308,0.02229248975912255,-0.10162920405784498,-0.12881139777684786,-0.31985802932432655,0.12920657148870937,0.11559665303988852,0.18721208040491702,0.21552730182617943,0.20283056047322556,-0.0779786513938704,0.04612168522931484,-0.19423364254817888,0.11479890584594957,-0.13183454029415057,-0.08406246285793324,-0.3651187325950542,-0.32082725823587266,0.17451594530160752,0.1245544848761864,0.1793113157286478,0.08033839647465395,-0.17478120000956415,-0.01338327507503599,0.29127443698292077,0.4782825490988373,-0.06752104856192197,0.3835475889914205,0.2195901095489431,0.2757960223739629,0.2539161622946022,-0.11144897329752047,0.1126521357799742,0.22399085447099015,0.1086945857773699,0.06703013902699752,0.19871258094234562,-0.031641678857177745,-0.00878832178693265,0.027138471470257535,0.1269590828226706,-0.0057031464330611695,0.006994473301908424,0.17187667332325715,0.12213671985174664,0.12465531491747994,0.14501999471020038,0.045814399071459504,-0.02653050271602633,0.2542587333877447,-0.10644249900009473,0.17008472372658626,0.09713356347390364,0.12246046913479836,0.10226108130306524,-0.019683985093127503,0.09739526619108674,0.270983681090118,0.2262029788811125,-0.0015917109506293403,0.15276885184913128,-0.04140245113505956,0.32186005953745966,0.06210267545849133,0.014680373914956916,0.2027396385327106,0.035047025386078984,0.17819009007789324,0.1270374811360603,0.12236318622914424
-0.18770134359735374,0.32254298801486153,-0.15398791107839244,0.15246202494429512,0.24028216867904573,0.2228113438237141,-0.15584345694345458,0.20199570798110825,0.20468526758957464,1.0,0.43368128832793224,0.3760742427052304,0.1758432035448853,0.24740490624685854,0.4078464253312751,0.055253284513122246,0.13886963224605248,0.19120181021426236,-0.046920444830906634,0.43074933130799103,0.4870291390726105,-0.2139781497307872,-0.18008808067004486,0.3308537845006555,0.023691812743420658,0.5532692689948632,-0.3793226531983622,-0.08476351456023631,0.30621808669512424,-0.3593215295318574,-0.3243075510166708,-0.17312726205963366,-0.40791680419950116,0.3106463998122897,-0.0478844118596287,-0.24218222889293786,0.10582344657237679,-0.016901547857778264,0.40218083858104353,0.11553917209906191,-0.0863622942861787,-0.25164492006225175,-0.13813763675453591,-0.21421005635842397,-0.0932753626241953,-0.4427564884423443,-0.47485723274915287,-0.33960514346309323,-0.20833149831393244,-0.13128336936382584,-0.07077216940411366,0.11055560568580028,0.14306893924319994,0.0942424469221466,0.1955165718778451,0.049757680640867025,0.0590955688642767,0.3219962389226425,0.9050902169551094,0.6167485593244036,0.610736923341764,0.12502671889915903,0.21529097807226058,0.18096871259502678,0.5313971271118977,0.28435374394533774,0.1637511175632822,0.1506912474692401,0.3064840769515124,0.29874600055624695,0.4619395591037752,0.1573671714519504,4.5415361155603386e-08,0.6945645378056537,0.49577907925322706,0.7243776606618714,0.1993578645016708,-0.004440919734192866,-0.06109963397831805,0.35210892140806566,0.4319817860538455,0.13369165992774276,0.07289052692756293,0.3313101060220697,0.023730369793746455,-0.20151852594737116,0.24515483463169935,0.09188696496094301,0.2841102645514726,0.25770400069771404,0.04807440112759925,-0.08624052219101033,0.2527698334369397,-0.11324260143387156,0.12863634317791722,-0.17085921369399956,-0.2707124907678164,-0.043808098201306954,0.022003539846460054,0.029178306828980528
0.001778692298875036,0.41544648199288464,-0.13410298018558942,0.1914489167677067,0.2654335297428645,0.05244051447874469,0.05945749961027637,0.2528173698175252,0.11631457514595299,0.43368128832793224,1.0,0.40489774379285287,0.08387618155374438,-0.12000991441662688,0.05408577717147869,0.21284554886006965,-0.20006907454398815,0.17987047920163712,-0.24163496538445123,0.04895877521024007,0.1657648723031474,-0.29109843446489625,0.12094370816974723,-0.139966484727339,-0.1259060390339848,0.05466544338214719,-0.30280405919961256,-0.16929145644729496,-0.23278362260672195,-0.21434737304734125,-0.14575174619381095,-0.1800498639543141,-0.1139749127784102,0.004831278886892649,-0.17676396028139987,-0.058344015633566844,-0.31768492404648735,0.03897069811080594,0.20679261086506706,0.4318353184521587,-0.034059069978198374,-0.3312161357462159,-0.14903374441138098,-0.22513832560588729,-0.054333621015211234,-0.24082075532524153,-0.36644126098764,-0.19164705247701697,-0.09218683311446661,-0.20337266569559592,0.021192109203650233,0.13130117791157778,0.05491508153590732,0.19090525332067973,0.2105133298311386,0.015332514252576921,0.14708924490410497,0.3138405261042337,0.38188342843325956,0.662399577646544,0.3744393449544759,0.18985207767836812,0.011045571392672357,0.09373484608660071,0.1505247179858295,0.2115961411337045,0.3631347939823555,-0.09095029550525141,-0.10378032215427332,0.21071620638920271,0.12776530359893573,0.19010358570333324,0.16574960558359503,0.4882348720521773,0.2521995020977008,0.14203564213118214,-0.21593374618592776,-0.1250763489105622,-0.13731989630329378,0.14123336346897747,0.11898165106672477,0.10530475816658262,0.10537414972801755,0.20643692896646298,0.04599909440855604,0.02088683494629451,-0.2655339596742388,0.13707143332666327,0.07673617434544969,0.13001995164981375,0.02159061016942681,-0.25058630650595776,0.18759304591601003,-0.2336001074463914,-0.09392437574166171,-0.1935901558189356,0.03849883109743185,0.03775396337359077,0.02290283084712224,0.07427747694267804
-0.28660307082434144,0.17727215172340577,-0.1177022734157585,0.4349487135382231,0.30818564077223853,0.18870216013954635,0.12077203146235516,0.3900478061751872,0.1839702648728926,0.3760742427052304,0.40489774379285287,1.0,0.5291955040837978,0.0392737581615684,-0.01572762430577512,0.14164176665754788,0.1946693897930821,0.13226509158710784,-0.13624275652415563,0.17022608567155392,-0.130301364026938,-0.11233423022280956,0.3193676793810503,0.3342187867127975,-0.2682514003364898,0.18628343928181132,-0.0668350954671334,0.2349548480214404,0.07361324302929391,0.028058189304899867,-0.12667878230502147,-0.02195107993011609,-0.1849100301371895,0.005206607142342807,0.014024825643563957,0.07154670802110112,0.2348852568740463,-0.022016658146317505,0.16446739250334377,0.40765492227050776,0.0014979688689210438,-0.36712821404291085,-0.1209820550055501,-0.09682709672834382,0.25454110088547444,-0.11845940696493518,-0.23326401292540516,-0.18919281226883303,-0.05755894743257293,0.1856393986601393,-0.22924601636799868,-0.04267567642421393,-0.1381908935939981,0.2944101784783902,0.23958055410490747,-0.05555057658470748,0.2678301305105489,0.26879663922176156,0.23273954763620183,0.44213160050499384,0.5342967266429621,0.5658578214238374,0.3820417972186077,0.12536348699624053,0.045399075394140564,0.024712125172028854,0.18322104374295592,0.3109711176396042,-0.07473701738372944,0.08344649889463664,-0.018828856387458907,0.23467573606267217,0.1291643944756354,0.32484473953875675,0.4174259736480531,0.18220143553567564,0.033352777478442,0.37356715838504084,0.22265655710566637,0.1488510618752625,0.2670259750489812,0.10186410490105734,0.2074207049255912,-0.0002565404581733604,0.27760288983339465,-0.01038437542121944,0.26301129738939827,0.34527332806414196,0.1832507241713869,0.4519798857123097,-0.10083913391420546,-0.14622943857540877,0.3069568150262887,-0.11210931381250724,0.10056380983425156,-0.018189860636176593,0.08049883258392021,-0.05949045071391825,0.16802259587609383,0.29553530852750604
-0.3897520286814079,0.11081429848467887,-0.37306349767939384,0.44857444266403024,0.31689071534186797,-0.02272248469618254,-0.03556655393600062,0.3361637014553953,0.01839546100779407,0.1758432035448853,0.08387618155374438,0.5291955040837978,1.0,0.5184931610578213,0.1670502371695422,-0.007471481339676752,0.6403013504731534,0.2211116267647923,0.21817047322485336,0.1335320725907797,0.09418382445866769,0.03552497172833107,0.3189278201685247,0.4807319018217507,-0.2011711242718991,0.26025254800334147,-0.13436366172591152,0.3179052728008232,0.38185832494193667,0.026589997762240813,-0.017056812112235118,0.13452289577327536,-0.3032144778406122,0.3020903408839653,0.04368973786710012,0.023462723956022547,0.26378511642097696,0.023360764531232116,-0.042972334817354726,0.15094253406131858,0.02384047794913688,-0.2868823020403551,-0.019265398217884887,-0.11191992366252965,0.15516316310424247,-0.10528891009041082,-0.09553000861318471,-0.09139175521248645,-0.07260113239880957,0.11685168518235,-0.25003430858149966,-0.15450986012683726,0.05709256486889601,0.2482919845939169,0.038235365354115654,-0.18636441634562206,0.3943696098974252,0.3395210178451162,0.07927921096420465,0.2225364755517579,0.5474064376656178,0.7323974387463169,0.5334693718388103,0.4308052979847171,0.34771089281108614,0.1806142979791545,-0.11560188629106866,0.6768796520173797,0.36805522669671153,0.27757850656322597,0.15790468113889175,0.2082584255762684,0.03318515528834813,0.21278374076114634,0.2959055753187688,-0.014132460968340192,0.2585184407859209,0.35951952023008515,0.23039224237082376,0.2384582137837297,0.25022596403984126,-0.10367064763665465,0.1242800158606056,-0.029981594316276075,-0.09242262249545467,-0.2169458205075692,0.26620478950335424,0.0415197299962662,0.3359794883579101,0.2710252255724823,-0.09033625517294408,0.04511801099681016,-0.09911068522508507,-0.08893228539072351,-0.12999514194660683,-0.18945205650918623,-0.11256115540204446,-0.17353654757419454,-0.028565557499372576,0.18349842222912816
-0.023578393431095176,0.24505644351244055,-0.058965412399956424,0.18397910785964544,0.29536602473913365,0.14164927437227082,-0.24436571978888355,0.15714643709199222,0.14815615629877807,0.24740490624685854,-0.12000991441662688,0.0392737581615684,0.5184931610578213,1.0,0.4362035638606552,0.1399207538268974,0.5919752861839317,0.11022236207343866,0.702368068176776,0.05850084795695813,0.4963078687749635,-0.08599676776500009,0.061748387511331326,0.18960175841917204,0.14689018256625747,0.46011449074681415,-0.16833510564914567,-0.1059170397353834,0.6388491417091184,0.052607552574834716,0.08750220573895034,0.19750556783061987,-0.19445734309435386,0.5633795125852975,-0.2219332825611874,-0.3108362615189134,-0.019118378841673507,0.3015923246262139,0.31520955420068814,-0.03874321228340513,-0.3176217923124974,0.03949214561587047,-0.13558103424666004,-0.015942309575850397,-0.16102930372812227,-0.11677046608041983,-0.09862271102561064,-0.19291622969592162,-0.1287134090731029,-0.21768752319403323,0.15221441774387923,0.23897558589770962,0.4139936974714967,-0.0261711022823957,0.21373674240316456,0.21603616253598043,0.14839778235198559,0.2994346753624434,0.18737004306019947,0.11691614398888525,0.15139404026019596,0.11230774731289427,0.2072597230275218,0.5009442241030504,0.6036546792287303,0.2238755533867136,-0.3488649697064522,0.4614754493237794,0.5921510417314487,0.4591408133697175,0.3174670257986701,-0.14420116256281637,-0.07462122568394446,0.1191758538143675,-0.06471574068072986,0.15851986309187968,0.41593202649877575,0.004087946768457751,0.14120013857469554,0.5356401101023455,-0.08000784545264174,-0.25556790183835953,0.16749780445907983,-0.03988731357856528,-0.19768323039195684,-0.47254059611705274,0.11392271337982054,-0.29005526862798486,0.2557882798793324,-0.1956521754710747,0.2109122593766431,0.39886174365583515,0.06613054263005108,0.21702739657907338,0.0031016681124054956,-0.03966875496086995,-0.2012132366550831,-0.22193522993458617,-0.038756362442405067,-0.23396564501679595
0.03330717473171895,0.25070622679867566,-0.12761289334957546,0.19310646244705332,0.2323977008766432,0.0996810848131594,-0.2391296584224809,0.27222217928936926,0.2648683984802457,0.4078464253312751,0.05408577717147869,-0.01572762430577512,0.1670502371695422,0.4362035638606552,1.0,0.08686949092083235,0.16562392445536003,0.20177170956397356,0.32538839924683366,0.41786743732050025,0.738830718225579,0.08363897781442191,0.05088492964062461,0.13371153129820354,0.18020934721566959,0.48035956021516457,-0.2683557329858121,-0.22202136682603557,0.5954420701577356,-0.17938407964022704,-0.18258218417292338,-0.004051054775616096,-0.2776619214995416,0.4530049565541562,0.002464367960413532,-0.15278445963046422,-0.05358957963252924,0.05487274314187907,0.18684364654598146,-0.1554856736102317,-0.00651615501776642,-0.0049087721525314576,-0.09908527516670719,-0.21193098140077454,-0.3289935341986224,-0.34609770188026545,-0.2861434345443293,-0.12309963378872496,-0.17423955078602082,-0.21269465973129273,0.13933468222552034,0.18888878710777052,0.1397296077666662,0.0640433395525869,0.0704430840094008,0.1523464117956484,0.19226525655274354,0.3603317971737416,0.44894410263032986,0.32132781263483945,0.21311708181058395,-0.06810994186784841,0.03383176013360724,0.28107582166039247,0.48335963307376767,0.6772465009939818,-0.12937338571185703,0.13214685280462313,0.3116971264182667,0.34301692917137144,0.748941717133179,-0.04697141093279711,0.015004601417198839,0.24848377971557228,0.22272191687557716,0.19020213037434636,0.39319609742823036,0.025509609283297395,-0.404988539466106,0.2640245144004864,0.17489955316608638,-0.098942025125519,-0.26748759492821644,0.05926341136202057,-0.37864408276409117,-0.3522525337213569,-0.12086612978916708,-0.3859844616421313,0.3575328473554972,-0.12554871771275616,-0.12274681278519711,0.11857661782872193,0.03062471926704711,-0.11268037898619462,-0.14729994216988695,-0.381931350720824,-0.37240355349985477,-0.1672809232804851,-0.08131755177974766,-0.1617374299734502
0.44259102470420547,0.3793220762973969,0.37875562565922444,0.05731350484857347,0.31795833263292733,0.17035308695956053,0.3264738837137907,0.40156770339045933,-0.04921110983861162,0.055253284513122246,0.21284554886006965,0.14164176665754788,-0.007471481339676752,0.1399207538268974,0.08686949092083235,1.0,-0.12268989828812724,0.29990107180533937,0.2330057168044415,-0.00918002173338289,0.03436550342896504,0.1653673273605464,0.32369968949673694,-0.17843847757401188,0.12776933579246497,0.31883046154852773,0.13210848093525124,-0.2986185879902863,0.030131527240269164,0.03395587705397758,0.3020533622018364,0.37041273134524877,0.43190713820402826,0.3147463401973596,-0.10603015848623755,-0.17928052551334536,-0.176347673088892,0.5215190476215231,0.49872361214898625,0.19596740692395315,0.02924659335562517,0.3337626899719334,0.14050799720037038,0.12646927471327346,0.0525324524061653,0.19694454984929363,0.13057995236804024,0.20375513190532824,0.13542074997049047,-0.2604910871780625,0.4860566573916903,0.48950793942498544,0.4795418626939644,0.23026582954939806,0.24672269464071075,0.33550759054080564,0.46155196882575655,0.3018405536891734,-0.0032518013998732885,0.23482502495246235,-0.061757939510860727,-0.029870001974752303,0.02405889895799048,0.11253687207882405,-0.0017388968978209833,-0.21725706759069557,-0.03735322989719036,-0.13958337208652555,-0.05396159825889711,0.09736272032959456,-0.1476374577627051,-0.2430044038967414,-0.08967171545616272,-0.021304556485300503,-0.012367390011833986,0.09842011646734028,0.11817930746822358,-0.23957663956037756,-0.10809050814323982,0.23856876122691736,-0.17554306966641536,-0.26741388302478597,-0.14931009110068866,-0.23115270608247326,-0.2674204620793354,-0.24453444522436837,-0.2797938320618034,-0.325063433733127,0.021215014098016842,-0.27727562191428684,0.040848794875861044,0.1956271928449729,0.14933005686086803,0.09332611199970173,-0.08632184760334588,-0.1621032546770281,-0.12626667039464748,-0.26563165257186844,0.09147373127439831,-0.2845941543913339
-0.37118647200631416,0.028640130320328687,-0.1470750235726416,-0.01627820426125286,0.027845399811854077,0.15814429441250422,-0.053531971728210316,-0.06887048528487984,-0.1570814682174398,0.13886963224605248,-0.20006907454398815,0.1946693897930821,0.6403013504731534,0.5919752861839317,0.16562392445536003,-0.12268989828812724,1.0,0.08797453801245085,0.38539333975480394,0.14973129462562945,0.1219602624042483,-0.05991247769719199,0.186715788129608,0.5911142180097096,-0.16110810234241696,0.10002184247817004,-0.04278446547422511,0.4406732459159189,0.5608394932940571,0.18747576472197905,0.005917334063993583,0.07181750932691987,-0.2554303090962241,0.31120446062471624,-0.007627617379060017,0.10056172772776839,0.4157404446577982,-0.0005889740310802633,-0.12726443887064753,0.0661028017183539,-0.013258211775967766,-0.18142655593602025,-0.030186017556628305,-0.03788951891725852,-0.006832067789568564,0.000534155698096108,0.15132401944934742,-0.11889699000932573,0.02341108511081389,0.331178797228744,-0.23937953752100097,-0.16146983636519222,0.10572873238095751,-0.1744985273644699,0.14269721015822812,-0.0093044273422484,0.028380456533291805,-0.030352719948450162,0.024542785501271255,0.13166611569605519,0.23030655988102947,0.4537876326234882,0.32720915507950277,0.22441356083664948,0.28821620256342223,0.1460287144661762,-0.1764078530356017,0.6492090086814227,0.5054317450857456,0.17293812257258637,0.1300219530636126,0.14572285340418617,-0.18799373285969245,0.21865292321880797,0.12951181921271776,-0.09510627931636831,0.36442093785279217,0.26142962608562786,0.1681761112268334,0.046612572204643245,0.2286124127772088,-0.2404907413467877,0.08957352650123834,-0.18792390388209873,-0.22003383538497323,-0.27320228317770023,0.4538959442825929,-0.16846380447175033,0.27854042174056187,0.2619340629777386,-0.08605133598405158,0.3052293279542467,-0.0754751429651624,0.11999720053093064,-0.0750357603595119,-0.18848060438888928,-0.09920345628508624,-0.34068480715298516,-0.024759550878822815,0.3243443893380673
-0.008010665830355803,0.23895977140808772,-0.15086909171964666,0.13946933360723424,0.03110651399643207,-0.11452833594906615,-0.23629026834149516,0.6199034276479701,-0.29504620277651894,0.19120181021426236,0.17987047920163712,0.13226509158710784,0.2211116267647923,0.11022236207343866,0.20177170956397356,0.29990107180533937,0.08797453801245085,1.0,0.013109578235173183,0.5212427520250121,0.33635513177265525,0.21805775693479262,0.39672461296336287,0.1684370630431245,0.16227155864133272,0.2034557453440012,-0.21917984785216135,-0.18606285992051141,-0.028492596909455336,-0.2109906557403805,-0.05233387454023941,-0.013580730200771225,-0.2944166308481142,0.7069659832954698,0.3708566198007338,-0.11437412957778019,-0.23957447367223247,-0.12991631262545802,0.08213033878175288,-0.3661989926177393,0.059101136052338264,-0.18638806109977982,-0.046451624886868395,-0.3175669615590331,-0.02176603308575038,-0.45971544445738927,-0.18286690194499258,0.1266933683942958,-0.2729079264127478,-0.3812290525873882,0.004254629873967285,0.2204435765178912,0.37502581746608427,0.1904441653334419,-0.15225854583870416,-0.03550623588678626,0.5573294615570967,0.35827337701679246,0.1600500951950109,0.006381221411608851,0.09286689964440423,0.18499438010758779,0.10529916399672579,0.11515167696502845,0.2994225243372487,0.3613157975817715,-0.20358908569790077,0.2157525561346586,0.34982533212165523,0.6419882196238346,0.30644282020672614,-0.00652111334827659,0.36557589812502167,0.1427490759327956,0.18286687673659782,0.08008913649371054,0.18296644546066254,-0.0722643366578486,0.1418024187235251,0.20672607145070926,0.31073353211629795,-0.03621431730851847,0.0007134556815869635,0.11284440663000221,-0.11025123258960037,-0.21679145752698237,-0.12236496248869921,-0.3366738897348329,0.5354789596917512,-0.0113837686376799,-0.15188792457794742,-0.05170986915960906,-0.2800144855968903,-0.1575917621282644,-0.1979609688129689,-0.39535785220986874,-0.4374055725254321,-0.2170771357229419,-0.010011568667945158,-0.24650450863150378
0.18035059273446966,-0.013977144426336107,0.14944818657143308,-0.1371491629220344,0.13851034948029167,0.2425834526671596,-0.003025066089771963,0.08789024982735368,0.24347605842132003,-0.046920444830906634,-0.24163496538445123,-0.13624275652415563,0.21817047322485336,0.702368068176776,0.32538839924683366,0.2330057168044415,0.38539333975480394,0.013109578235173183,1.0,-0.20504385182885604,0.25113081705493945,0.1934315674099665,0.035782955802988285,-0.06511871185710075,0.12942087062863292,0.2914546724579614,0.04878299744263952,-0.11388269826764871,0.5671376673503882,0.039211886765614476,0.16010256663535485,0.342472500673764,0.20995256490640682,0.42425943375373526,-0.16569682556027535,-0.09471848762197334,0.04353101703052146,0.39358433734313153,0.19357883102651702,-0.05865415177284401,-0.08454483376473979,0.28431316069107837,0.09134773491122707,0.2651734122352391,-0.11202864198817629,0.1742442213605122,0.14662235670602114,0.07370181330846363,0.06985430172145052,-0.05309925183533561,0.28089988324120546,0.15842280911737663,0.16793044022622577,-0.26262744815536404,0.18347304558568558,0.30190360333568605,0.022236249149513068,0.16131160531542732,-0.022917699429190704,0.034259481543033175,-0.08871418608620998,-0.06737778798114566,-0.031069790339220724,0.559598379784988,0.44133577628852805,0.06609434989078684,-0.16768551794131573,0.42423176615777747,0.45307323662145893,0.2899147161748603,0.07869112505516306,-0.05621512780939571,-0.057481825992646375,-0.061158028034933976,-0.2345715387226561,0.04835543625194423,0.4672335242439795,-0.06556595837309898,0.03641539285459115,0.39531241105478787,-0.3423816738816829,-0.1850619178549382,-0.005624932195112888,-0.09598570245433156,-0.2824378236349839,-0.2097997311039451,0.10323781222706664,-0.22104908462031508,0.045012220131740166,-0.31126980838743884,0.21029929604454958,0.536490608316378,0.1924671725512537,0.36939080206581965,0.0847436959654943,0.12287205901949666,0.039167849445843006,0.007659230911333295,0.01880056264746234,-0.17280230430925536
