0,1,2,3,4,5,6,7,8,9,10,11,12,13,14,15,16,17,18,19,20,21,22,23,24,25,26,27,28,29,30,31,32,33,34,35,36,37,38,39,40,41,42,43,44,45,46,47,48,49,50,51,52,53,54,55,56,57,58,59,60,61,62,63,64,65,66,67,68,69,70,71,72,73,74,75,76,77,78,79,80,81,82,83,84,85,86,87,88,89,90,91,92,93,94,95,96,97,98,99
1.0,0.23912166643612984,0.30374975018020167,0.22056148545940074,0.09541644527932726,0.21800754844541284,0.5029123327485424,0.20447985770091412,0.13284117118842587,0.1358792509759539,0.35496960664856236,0.49529932466217813,0.35388734532373817,0.37569506333906255,0.4263609112380732,0.4898285577383563,0.2705282766815213,0.16446972960903145,0.2794686585703309,0.49616937517197324,0.32375434773389555,0.24867453237500417,0.24361581516474193,-0.02911360119415423,0.17842008060959008,0.19064893639332364,0.019758657842268892,0.03806286147783367,0.11282114836083576,0.16138204348401453,0.36377112930860833,0.4803088748283421,0.4383370945230923,0.13842970299020715,0.07957210153331135,0.09316991938943824,-0.050968911468091745,0.41774210225261466,0.29126454873756086,0.33661952748362906,0.12490829413574744,0.13360550271453647,0.11162830033328905,0.3674261135774995,0.00123585191124818,0.02262444470337735,0.05611894094078479,0.08940900704785554,0.5350822106086687,0.48330845680332263,0.727005393398535,0.250090296687593,0.38979696309468703,0.20478241515121343,0.13040109340016698,0.2263499424287298,0.15856161740973196,-0.009808814592494396,0.18278063138142406,0.14442691880281636,0.22491908816473613,0.3054920228816173,0.2759314529791868,0.325762309695377,0.2805104876662063,0.40558801698495783,0.6304078264910273,0.29500292427000235,0.07319821195293245,0.13999913841116582,0.3653376787456358,0.20534977319852574,0.04758669920855979,0.2300404438166109,0.20604412724954735,-0.08515294297878015,0.3626442161603937,0.18053629888187142,0.19821433621456191,0.5715637322186499,-0.023753092172846647,0.08924036358522365,0.08799130168516393,0.10462561320797821,0.009882062380291752,0.12081794061325239,0.028466968225253093,-0.0422921898275264,0.13016436957759756,0.11451891207167883,0.5799535678972688,0.3234146592251789,-0.023941643691901656,0.30450025814164233,0.22186411163710779,0.4876903193410589,0.13355184168397827,0.20709069036639935,0.5331280205504405,0.44564381426667526
0.23912166643612984,0.9999999999999998,0.629302939588856,0.4941643976147667,0.5204755495229997,0.46649879457476395,0.24453358772929532,0.7157997717427153,0.45734959115190416,0.015467776880577612,0.09008877276998331,-0.027604068541648267,-0.0068018118156333825,0.16333378651473565,0.3210723952661161,0.3141933299899814,-0.05292711233806514,0.45610215838795887,0.03031511015299356,0.3617093512108611,0.4160573971994539,0.09970184681690694,0.13784737331589822,-0.20483773655791587,-0.06355029791485445,0.1570076589016607,-0.08031167469886297,0.19284196102158047,0.3368838216244301,0.28019922883893733,0.31710979959992813,0.06703062475981346,0.22325187614699663,0.11132902423752467,-0.0530618285930751,0.14529863897162323,0.12200732163836632,0.20540335213253033,0.046819229966614,-0.0358887107352869,-0.22313817935710967,0.0017645879136375172,-0.13372699084286824,0.18540169328121428,0.043624557385683826,-0.10884849874797534,0.012080325505484185,-0.005358029473066314,0.32390103568605266,0.06820943593900305,0.545667489513492,0.7467219623402654,0.3631937294262048,0.07257672986102708,0.5584963218334337,0.3366213313637679,0.7709472966570412,0.5109365136412921,0.24345468111554347,0.05713488446677288,0.0005190949690051995,0.04677116751861019,0.19068439490802758,0.21536822755515078,0.3188433593932439,0.33673255438224337,0.25526972152263966,0.03482784734625362,0.08470969834008382,0.48689368882037803,0.30408964926282706,0.2236035286613053,0.1408700289963706,-0.2586980217557486,-0.06466843826967894,0.07023735287704881,0.33646693641980213,0.3027556156349323,0.11117733386925602,0.0949296224302117,-0.007737283527808318,-0.13245732617486078,0.01746105479343615,0.005302480819214079,0.01071111637198144,0.11107748653129072,0.1761747259363718,0.1221129512693901,0.2570348733439942,-0.32624404698374376,0.28708363791618713,-0.11708099567039981,-0.03923908436556643,0.2148553753033716,0.02246418335246122,0.13885661343901434,-0.09504112647532474,0.17028575873127688,0.2151320142268639,0.03713844724556135
0.30374975018020167,0.629302939588856,1.0,-0.06733979828596658,0.27512780481043825,0.8450461415816668,0.32191936414551164,0.7084475325221758,0.803128479250543,0.058779558746839156,0.2981706105633318,0.25465596782957806,0.1486578135349757,0.22409752353927653,0.35387435505589465,0.2860429449895238,0.2107578159469055,0.3875493650037122,0.13217549158878508,0.710539579175924,0.5167447521862256,0.021272405973345357,0.19855298924379283,0.07723724264493596,0.14008298657584564,0.200698024198281,0.010515539585901438,0.18395848507314239,0.39287775807017317,0.21403452144274088,0.02986115203930537,0.11378224061465983,0.14804202607905995,-0.09396232876910919,-0.08257652002042337,0.036779308695350635,-0.0312207150446318,0.11114815605482858,-0.087400439071335,0.04640116851236295,-0.31942938491806105,-0.006200819022932746,-0.2270043444678864,0.0822897030079907,-0.06866922697019673,-0.08712325230335012,-0.058081139944024925,0.15367751165827806,0.48839238819356623,0.059959302566883005,0.5478418349685622,0.6107368895866518,0.2686482502407045,-0.13401732886445933,0.5785366639917091,0.7678533322334244,0.45459105021758756,0.5971948247832481,0.14636731255285582,0.2563769986320745,0.05496791080004045,0.03751159190252156,0.3716401083185785,0.24020371324293247,0.33487047963870253,0.43353919746006137,0.4354985156556806,0.16651834507429575,-0.03241451194614233,0.29315099256952765,0.4363072493014027,0.07151732654418504,0.1628201263579036,-0.09932816859981161,-0.04645789846726365,0.1351367979234194,0.4775701347823293,0.28730520078420896,-0.20653263637851949,0.136703785194302,-0.1541257056609172,-0.2611654671724295,-0.1505557636690905,-0.11495621572465115,0.11503003308412811,-0.05308415757227887,-0.05132214764199503,0.0895329267009914,0.3102579109280539,-0.30938593832034084,0.09704600514921026,-0.09246467351764324,-0.15181162495595707,0.12592463854628072,-0.20393437692100544,0.04369264578684495,-0.1625569082688084,0.26455428453306123,0.37165651660182963,-0.041131445439204675
0.22056148545940074,0.4941643976147667,-0.06733979828596658,0.9999999999999998,0.5985325622739867,-0.13978396186314326,0.26715191643649444,0.21208899184743518,-0.2180996538557447,0.10840967341414033,-0.05059136494162585,-0.1545366311203059,-0.15354085176163504,0.06621119353188513,0.22019439055267367,0.4143827083478185,-0.04241801626441332,0.2629156585839749,0.06186656724832098,0.007362399737022194,0.13015407223815897,0.2539889384628584,0.17069293666030286,-0.07385201816964099,-0.15493205015909503,0.24413413095536976,-0.14473470005101696,0.15935906473237266,0.18479761433675185,0.22163247488433782,0.3370330210442857,0.11000882520673731,0.136196631683626,0.3209918682336642,0.11722832588326819,0.1416781816531494,0.24496484907387042,0.21997128636488192,0.18882000683668826,0.13181810157527749,0.07900256137648132,0.03749301185555737,0.12608035803388884,0.21573102379595943,0.18262321318617955,0.009357568738857359,0.05957291001629755,-0.057398080946106,-0.10860373469133364,0.10992650451484692,0.2995198065940084,0.48488940345683795,0.41120977848134843,0.6347469607360379,0.27967985398736367,-0.2901398450766926,0.5623747451197435,0.06690050280567374,0.22217041811025495,-0.12628578401491744,-0.07882189004884285,-0.056429274368167415,-0.10964006980292955,0.02918248957980453,0.1795095311639708,0.04134283422043492,0.10666797675766533,-0.020433341620503975,0.3328660762601389,0.3833747550305119,0.08906926143322143,0.34661324392727694,0.04975149849079289,-0.17806258028528255,0.22397879386888722,0.03222484913145318,0.23801122579981443,0.21102141823133067,0.3530542262016931,0.20778560472660293,0.39870449731827146,0.2727365034637401,0.30503644763250337,0.2885843184673589,0.05478199878017923,0.34937191985409305,0.5017641876673784,0.11432486457502324,0.20573795390044247,0.024023198526716465,0.38992824961968875,0.0291035872778759,0.11164932412316476,0.2952210158111113,0.39849123672694836,0.29544856193193564,0.32333765725396973,0.12324336093081391,-0.06376272307670192,0.21457406139143065
0.09541644527932726,0.5204755495229997,0.2751278048104383,0.5985325622739867,1.0,0.21873518581626655,0.020762561772619453,0.3553025269021774,0.2048805453237465,0.053864346385527846,0.08583408527848653,-0.10455578718393979,-0.24295796029673225,-0.23751248527353302,0.012899139317551192,0.1116474328585498,-0.17726141146100188,0.15550925307686075,-0.18761016948406992,0.17837620949766353,0.09565115415680389,-0.029779629454801275,-0.028036313374009317,0.0007170641443797772,0.05100249564515744,0.11921252404073736,-0.24152465553375302,0.08094283870622196,0.2110096124843112,0.04132684106165253,0.019727610452096745,-0.02117768075093152,-0.046330903008381746,0.06070040585508231,-0.13681826909814587,0.1587128308193517,0.08177572747857836,-0.026475217814926465,-0.07885309113475589,0.012248009503325505,-0.10152813065871923,0.012669778911384717,-0.0765743584536323,-0.03381958791714115,-0.0226273478414592,-0.145242792387294,-0.08394781686872801,-0.14961598800999037,0.14112728485017792,-0.00016380621188005976,0.2426266285755636,0.46548306663358024,0.11538404990152593,0.37919097392176004,0.6851003429096947,0.1104183105829297,0.5254755390555437,0.5517858688263404,0.19429865897360207,0.08152114689045897,-0.04226746759070633,-0.19130815400674173,-0.18176297348015208,-0.2252976006999551,-0.0125709152137377,-0.06670072834477432,0.1250903801906565,-0.26047045960857207,0.15199441812801245,0.2556300368752457,0.03600961534711765,0.1135814580841202,-0.06474194717900433,-0.2654577259630535,0.13185942049315363,0.14915677098255237,0.23467288772865144,0.16586754903850823,0.17586960146843394,0.13498876228405957,0.29859085234091365,0.24564083922668883,0.2977149530294415,0.11731280438259788,0.06952012242156194,0.27363047533681706,0.3023194494109135,0.12445440502196087,0.42898432833519073,0.06435310251181889,0.2570452269094175,-0.16613286026431506,-0.04088329519476901,0.21229091202991293,0.2707323313507946,0.08590334931157013,0.129790381246167,0.1622318360488988,0.23998970137384154,0.14571034892338108
0.21800754844541284,0.46649879457476395,0.8450461415816669,-0.13978396186314326,0.21873518581626653,1.0,0.27146000445373014,0.6696568552855309,0.890991781630436,0.04636221114868998,0.4257567876700356,0.29364930288715674,0.06826591919991216,0.29715083367620515,0.4002585316873061,0.06953745334476252,0.3613394422012093,0.22996641594126568,0.21781915148033482,0.7079281415788194,0.5999091400701763,-0.0411358905900724,0.11310636093577968,0.06019949835831807,0.21817150523782064,0.2619911156834547,0.12873209633937532,0.26148774689137255,0.4191746145141881,0.16929883675504528,-0.0282035417677361,0.01975582691074422,0.059656753028483465,-0.20120933208011516,-0.09317893933512214,0.02905806142634982,-0.052107444302650796,0.026378366345483312,-0.16020899823294937,-0.006852029411757551,-0.2995901937617715,-0.08914097888686011,-0.2484023857404328,0.11824154472290284,0.01720638198252214,-0.08894987681608159,-0.07966010856460604,0.1660369101136249,0.5801707221819218,0.18210576165776668,0.4501502604058587,0.6151062377350389,0.24311780252652732,-0.2030702626361551,0.6550415406890506,0.9193458521657838,0.33240477106987615,0.6020027785154387,0.17868119945404848,0.25254796742023555,0.06480827868563023,-0.017378436183055897,0.3754185545254315,0.22956282896752986,0.4226391095413452,0.4238803389468164,0.32995998697084783,0.2576338738340313,-0.024417872435114785,0.15789400813942558,0.4592888611317371,0.030892138417470794,0.10632232001043256,-0.12351838337065432,-0.02466926743707467,0.18582978884197293,0.5736484702200705,0.24380622737265542,-0.249737573110586,0.09750144006480524,-0.13101687078478813,-0.3046399941209073,-0.11670212950923367,-0.06074652191640252,0.23518604362232653,-0.08510497947809126,-0.041588263874758426,0.18986029309458394,0.3831785667296373,-0.2232355744668475,0.043317529482145053,-0.17878723892422307,-0.23631601447105907,0.09170719627982314,-0.23294641353545903,0.012890460198261537,-0.22790486875139093,0.25662986235777063,0.43044028158963665,0.0610177334242059
0.5029123327485424,0.24453358772929532,0.32191936414551164,0.26715191643649444,0.020762561772619453,0.27146000445373014,1.0,0.3828780763880829,0.1330292322026929,0.38505450032201893,0.22937650844935717,0.46448805986777536,0.2770863024483562,0.5453737871105844,0.6137275079471878,0.761045029441492,0.5324591135818466,0.3656483837240004,0.48938246384877626,0.6052850961290369,0.5432311751471701,0.2983838762488865,0.4340880939934506,0.15800445672299673,0.04258898307908249,0.18319149809392182,0.071741855560809,0.09087179417173862,0.28370894844505545,0.1362813832875914,0.2729878267316394,0.40349642844818,0.33251272887360417,0.12069738547289235,0.13883529529227914,0.02733780941032277,0.08463410032733264,0.5905471566550896,0.5200539903457101,0.5763834200670422,0.19533448449310084,0.05933047441763305,0.16716557841982252,0.2557875338727306,0.20143678419218328,0.19565845244099112,0.116493122694269,0.12403729555061815,0.2870922639297139,0.49378248944651304,0.4729383332094789,0.38786175220310437,0.7755174266435987,0.10879206527039682,0.11513380779139863,0.2366804911939193,0.3161851608139632,-0.09018143648519127,0.2501842212607391,-0.08650645656531884,0.06919437234153909,0.17377141422337583,0.42844143616238284,0.4723786548867557,0.42315725650030467,0.4911908182144118,0.7502677699698194,0.5455251655628218,0.30403209576393014,0.4281522507109126,0.6233548567821082,0.28693946274935556,0.28528910829919363,0.47695269209969576,0.20530432289970854,-0.30164679824801344,0.4544845779733532,0.061168362470556514,0.0957606971592583,0.3840436824818458,0.09715703854885697,0.007957218641077402,0.12004382902788581,0.16828732195978774,0.1192871157142492,0.18458903697228465,0.09141612578212584,-0.07542312007782669,0.07846793366164447,0.15393389250984682,0.33381156373003096,0.3798994975424182,0.26492377491848745,0.05518112008231669,0.09303299082152774,0.3499062931422691,0.25379696134186996,0.21681792190052626,0.25812038976635987,0.3718270472417764
0.20447985770091415,0.7157997717427151,0.7084475325221758,0.21208899184743518,0.35530252690217734,0.6696568552855308,0.38287807638808297,1.0,0.6996351492742531,-0.004523166779633106,0.1303646513296852,0.07964445694617567,-0.014563839264786257,0.27798926527943074,0.3367653783976142,0.27722478400753536,0.10419181712963808,0.4456739969985407,0.1427564635119298,0.5577946794373158,0.5274144595827512,-0.043353072529833475,0.207408496586655,-0.08757410863137075,-0.007964369748161589,0.1862125740787188,-0.020535779360770536,0.17258565932952766,0.3878489261830462,0.15351883225280616,0.051258802894588895,-0.013937180058460655,0.037769544536601675,-0.0969442513666102,-0.11789150707374794,-0.039293215377120924,0.03155784378525015,0.0423841204027678,-0.06928139858132873,-0.05513868418153143,-0.32612133281130334,-0.22919650278389048,-0.2719505528305694,0.04804370969442632,-0.026046725003762355,-0.15945952915821787,-0.20664105469670527,-0.03858241524027343,0.3349177659044411,0.028699131055840807,0.4958179999297198,0.7115582588594549,0.4108076992507245,-0.11113431722863645,0.4765974113441198,0.5539188480178225,0.7561671552298582,0.664496195851295,0.1661227507023645,-0.010735681868946512,-0.06153770449401762,-0.024830400626474052,0.34282167014424375,0.2442991091744308,0.3114041056809169,0.3614887128366219,0.36654162036510546,0.1512881003736464,0.011823252916312183,0.42105149154245824,0.44859901789952883,0.04219864631926906,0.25269652578874224,-0.09257617035006813,-0.10702949478594023,0.09741394384558094,0.5137469538242135,0.31818292288862043,-0.11564368166312955,0.0690551209315567,-0.08713648659862337,-0.30927136741099426,-0.08362881430469872,-0.0423019015367046,0.21393392751275286,-0.05059730398598499,0.012792773370364103,0.06143859682439996,0.3180405817033119,-0.27909217843533024,0.03372677621158277,-0.104975746058173,-0.029052962397689695,-0.02480999339662553,-0.1627358779927692,-0.016911854392539186,-0.1530251063283376,0.14638969392177573,0.25845211080767866,0.006525507883164847
0.13284117118842587,0.4573495911519042,0.803128479250543,-0.2180996538557447,0.2048805453237465,0.8909917816304359,0.1330292322026929,0.699635149274253,1.0,-0.039003021586990455,0.3338969980803587,0.20234538212532432,0.06867048873378438,0.1366378738191919,0.2145387968280174,0.04142654458542754,0.1689237656966889,0.25514035222332404,0.014002759555523336,0.5810798806561799,0.42673881607451203,-0.15020101661284208,0.08943986716713026,-0.012753774063671995,0.21401732455767203,0.10691307491157707,0.08868358913345159,0.20242441743861103,0.2914601915237311,0.1265296243829436,-0.07109727113398759,0.032562891995800224,0.07698803096244897,-0.19531746549053505,-0.1391763183151488,0.10634246325568057,-0.010221156581638713,-0.0559099147604575,-0.250830013104418,-0.14880022376527452,-0.3317233728280944,-0.13554993011546806,-0.300873917195548,0.0008871775324008468,-0.07800769462022542,-0.07005485142933603,-0.16352895943719478,0.07074264686035148,0.5262793797626566,0.05222277066652517,0.3456310228719348,0.5163468733091423,0.13358982079895448,-0.27625770570832314,0.5176978122350625,0.8362322152829448,0.346856381642975,0.7394186980890312,0.06410101837307813,0.22931111708519925,0.0500368877488115,-0.028867122784110053,0.33272964393035226,0.12393100689326265,0.25764346244986686,0.35179284000840894,0.2191943271768414,0.07760643893407813,-0.15001058441677514,0.14003438609367688,0.3534521726858009,-0.05578540945258042,0.1339121384898114,-0.17709830680177227,-0.10493284264225769,0.10322199154865809,0.464268955955766,0.2935475489554791,-0.2337543908463438,0.037966582275807154,-0.2649880369485255,-0.32769727556869344,-0.2480200994409662,-0.18213442537143987,0.13624892219170642,-0.16051782957275304,-0.11488003077372856,0.09496713272322402,0.42414326007992725,-0.2704419768883156,-0.04754260447367578,-0.23659275876544994,-0.23169131024587492,-0.0466569273685909,-0.3037130869587648,-0.1249650903505133,-0.2645102515225437,0.16516261837597773,0.329600227503205,-0.07241904032613479
0.1358792509759539,0.015467776880577612,0.058779558746839156,0.10840967341414035,0.053864346385527846,0.04636221114868997,0.385054500322019,-0.004523166779633106,-0.039003021586990455,1.0,0.2138545731826145,0.4273864686465326,0.08545712474720019,0.29802758323967,0.23470729289249115,0.39079234861975515,0.4108611715575005,0.436059342983319,0.3620626377901214,0.14200587784712085,0.2271220515203098,0.4148495659941606,0.46555718727670176,0.4827439424613778,0.25013987933602383,0.039733593561249426,0.14913290235506876,0.3418583647151923,-0.09698511516402454,0.3192590781752163,0.2423382780647307,0.4842807534034893,0.2585897536316134,0.30519062343158976,0.35442407926797687,0.09508178342485349,0.07391422521362494,0.6204669204202886,0.6238716278125837,0.739118936597495,0.27172694628182176,0.2214109370563944,0.42595935820106845,0.0010453277965993715,0.24973979423289475,0.31629411597885626,0.261070727896505,0.060127305464598664,-0.08457680083133799,0.00531427436111598,0.08686890175637633,0.06368713374090375,0.3632296353799496,0.07861554161063487,-0.014649033044821718,0.000961587403317742,0.06524969603893467,-0.1957362906661257,0.7598042113681704,-0.09217019391417432,-0.031613286549925505,-0.12206462520645878,0.28346221268697813,0.37280345127986886,0.29292339326080585,0.15208905539646617,0.18835710239068426,0.37211079193254465,0.40081213658080345,0.37069835024354636,0.41420428116049457,0.2163731835728299,0.3492086133747869,0.4249197369978203,0.14445993340210303,-0.29620435192258093,0.0936698453527277,0.2467399700882274,0.15422452715432955,0.3747827450815509,0.003226877833814105,-0.07733312249950648,0.19058315965694753,0.09447047713672439,0.09267340834372977,-0.049496732927900265,-0.11244872900706332,0.21363945397056752,-0.019614490277996353,-0.1912298441959312,0.0054923873578343685,0.6570278692242397,0.7037397562318775,0.080022925331184,-0.11111451573821765,0.03693625739632314,0.1608335220968386,0.005433591695529363,-0.1001744100856049,-0.159028090350036
0.35496960664856236,0.09008877276998331,0.2981706105633317,-0.05059136494162585,0.08583408527848653,0.4257567876700356,0.22937650844935717,0.1303646513296852,0.3338969980803587,0.2138545731826145,0.9999999999999998,0.4950719548789766,0.1536633612611466,0.1865863918819636,0.3535869482331416,0.0604692098091119,0.31032115710927743,0.10404744118325428,0.28995208291418756,0.4059131047451417,0.36607916837029875,-0.06737685228331278,0.006277391370396499,0.1745920925797554,0.5901895998983138,0.1518434629677608,0.09929574707611263,0.10123336500596154,0.09975199049570842,0.10543080332355599,0.036818271175662075,0.22767667270506334,0.04246028778174079,0.1156787446113148,-0.0262624329575771,0.12851999713057338,-0.1325936546205773,0.13346779395467376,0.026149589573052405,0.14062271721666597,0.10256049217154455,-0.002273065888381459,-0.14184466476590696,-0.033312478101412524,-0.16410112120379589,0.03058072662988258,0.13881821529909164,0.24321779896828194,0.504070493076394,0.33709869388670877,0.28238359581315825,0.16599646894706307,0.15820774149265177,0.1318874057252956,0.19840469584093823,0.4013798804669665,0.013075017679131138,0.21113925307128373,0.3026062310177478,0.6804672737635582,0.35945888553193883,0.04353799338001853,0.043611513027517625,-0.001786494750839276,0.18709293542280067,0.24317199785431587,0.2354872649308608,0.15044975397194083,0.06378636529996569,0.07678795253109269,0.18764268167864132,-0.12271983717028813,-0.15606028663523705,0.12634795926414516,0.16652880594639086,0.1307134420178163,0.21247668799297462,0.10150500715743252,-0.14618160039329556,0.37535359247502054,-0.052557191291625234,0.17463408137898115,-0.14539369081546863,-0.2009293635700345,0.038909453745081826,-0.028294441127020575,-0.12955597781443756,0.04983060700230759,0.23155479880162658,0.06842015298049595,0.19157823916438088,0.18186382334805246,-0.1579033759127622,0.025700608433861433,-0.26820925315842414,0.01596958469459457,-0.10567265991388897,0.3285133082525886,0.38028373743615085,0.2844383062436436
0.49529932466217813,-0.027604068541648267,0.254655967829578,-0.1545366311203059,-0.10455578718393979,0.29364930288715674,0.4644880598677753,0.07964445694617567,0.20234538212532432,0.4273864686465326,0.4950719548789766,1.0,0.4539410378021811,0.40454780580737376,0.3426062760293767,0.2274021358731221,0.562630832893127,0.008619030535722959,0.30037459031291325,0.38633860077746307,0.3077500930877537,0.29171732277032275,0.052180084800842144,0.190923188545246,0.5352654186182668,0.08934118508202624,0.17612986353366572,0.18266006996553022,-0.0810171398251581,0.022548229003726276,0.17586385046343775,0.5567011201278543,0.2751397956663599,-0.12366143354664734,0.06240216330978865,-0.009594698576758275,-0.03274958071977428,0.4715445295126655,0.33621547749405906,0.5362041709666155,0.20139822318341116,0.18835152803660624,0.2007151444600168,0.23067610946708791,-0.047797221937408416,0.23524785867335452,-0.00042701341726538567,-0.010921162741517994,0.45719272880289014,0.33594735577834867,0.3780801792802041,0.039244037811425075,0.207479423660594,-0.14492011713892528,0.030631774629593978,0.36411426602011376,-0.03386765992354874,-0.07442073124577783,0.3476399777194638,0.2512493441003413,0.39270521654926294,0.23990268216150112,0.5081212631196069,0.37302974197302313,0.18993416715845743,0.27175570329305115,0.5163492003614023,0.4480752716843132,-0.09738587581347204,-0.02716770669120791,0.30945101594292074,0.0073556909901234,-0.07498027966204447,0.4773955829722808,0.19897145518050147,-0.11617026415176976,0.23644978965818256,0.06591773009408931,-0.12861531609211016,0.4672311293917188,-0.1484891088043575,-0.13980561546473305,-0.12145801862628332,-0.1175639652016294,-0.02042181814691331,-0.2116439463948873,-0.23633408753718016,0.09956796352361456,-0.05003621261082161,0.035999699806032015,0.17554591058076982,0.39493951288170803,0.11473576724823116,0.0684589028120352,-0.07543680677815631,0.2755457805173472,-0.013052333152736227,-0.045444997242815796,0.38971303873238916,0.10774401393473654
0.3538873453237382,-0.0068018118156333825,0.1486578135349757,-0.15354085176163504,-0.24295796029673225,0.06826591919991215,0.27708630244835614,-0.01456383926478626,0.06867048873378437,0.08545712474720019,0.1536633612611466,0.4539410378021811,0.9999999999999998,0.21349705762368404,0.27358395279469017,0.2851652832419656,0.37690163322652404,-0.053505805913863676,0.17436799635094916,0.3147244880366921,0.23022706200686063,0.04880094975484431,-0.044718493980614726,-0.002578936962573974,-0.15229260809887343,-0.028887831108121594,0.14385982024073155,-0.1363206008708043,0.08379377036340363,-0.01633972497024527,0.213956024578171,0.39057469421974894,0.34856651556339197,-0.16476866278379382,-0.13867099009998074,-0.20881698338322988,-0.10026981420405592,0.3151239351147701,0.13488484885983626,0.20386747354807241,-0.003104251749113436,0.25045799631918386,0.2363929316829745,0.3211313756784358,0.1540186905494238,0.25433888323141246,-0.11230146055414054,-0.0304335660750831,0.25110457482457493,0.26244719006200024,0.27159637794905594,-0.07835140755952111,0.18343026692551384,0.008401613006144787,-0.24186351036453504,0.15751655503217224,-0.05253775422602811,-0.227897268759247,-0.09707984923213286,0.18372000461891788,0.5955083785299481,0.8672317448931594,0.43510843234438934,0.32721387809789787,0.12842982500371944,0.38562379008944986,0.29720657329690364,0.3207013971703598,-0.230476137336154,-0.04628534766989722,0.2551128864806306,-0.09933895428302564,-0.1050823357762263,0.22157611650219472,-0.04772731905412248,-0.139097330365194,0.0977955067890204,-0.14008400850972047,0.10004203312333884,0.3705842153829226,-0.3269805078599632,-0.2564118328969108,-0.15360199089446072,-0.21621505680820202,-0.28293690601189286,-0.2277438856030815,-0.1774630560027895,-0.22762456860089986,-0.2485624339414865,-0.14181003330986702,-0.00785868606024396,0.1096969178290711,-0.10831833222644442,0.21999322205198718,-0.07188934835918036,0.18066278789894633,-0.03599241516000437,-0.05841568433677381,0.253412133415958,0.11923836564615736
0.37569506333906255,0.16333378651473568,0.22409752353927653,0.06621119353188513,-0.23751248527353302,0.29715083367620515,0.5453737871105844,0.2779892652794308,0.1366378738191919,0.29802758323967,0.1865863918819636,0.40454780580737376,0.21349705762368404,0.9999999999999998,0.7401785173238893,0.41589537258021747,0.6337650905010731,0.37146841102565903,0.843634876076292,0.36511782479222077,0.6612556265734311,0.36359259899526125,0.5462948409574703,0.10305444785436006,-0.027300598181770042,0.3551784658412162,0.2562710634572634,0.2971430377745678,0.3039594322841222,0.40027922744777894,0.3820565300783214,0.21098844980875875,0.26554717805671024,0.15927289790267157,0.32238863897210457,0.07445321730803241,0.23808268886077905,0.3983904777569845,0.32356137797521495,0.32082004160154737,0.1028886814028466,0.24188269193841994,0.15555367210829585,0.4225860012327442,0.1804500198590979,0.1617076619189392,0.15415143183734956,0.18804182693659013,0.3092259135765381,0.3532776686315841,0.3757019596426507,0.2477969213127738,0.5301017767428368,-0.14313876801665915,-0.009278001189629069,0.27394794543494155,0.13073908408889112,-0.17274451562210422,0.3290377735926019,-0.14653665390436793,-0.009169476547318853,0.19819917914944052,0.615899952768812,0.7148835854323675,0.7404643829382643,0.5249850637404947,0.29220978500914385,0.7463074045256659,0.3267029733496049,0.3291130111547903,0.5402497807663429,0.29632755406312833,0.362385129527902,0.22348884216955492,0.08213565198755614,-0.05075991232279093,0.37372025637006817,0.21176853413051105,0.11875245118236738,0.2905750748737112,-0.08359093205630627,-0.16867308521537921,0.03813564293623998,0.12338690945567847,0.1594741900004901,0.026756945875290147,0.11387428167272307,0.06991980098363604,-0.05419485099717589,-0.11454508931833876,0.14003256509971387,0.2420083829340676,0.22376209943759923,0.19476884929748595,0.05098921093027615,0.38722062448815997,0.11107648477660982,0.07209301924037168,0.14369181295396227,0.2091973356190889
0.4263609112380731,0.3210723952661161,0.35387435505589465,0.22019439055267367,0.012899139317551192,0.4002585316873061,0.6137275079471877,0.3367653783976142,0.21453879682801738,0.23470729289249115,0.3535869482331416,0.3426062760293767,0.27358395279469017,0.7401785173238894,0.9999999999999998,0.4161287258381678,0.4934999183712885,0.3512754627803546,0.603710953496974,0.5641313601791254,0.8399116704073997,0.25483140799156917,0.4732289860655214,0.16275374093013145,-0.09108119051154585,0.37534864215252506,0.14624319717727446,0.18918587670922948,0.5354208053326375,0.3908291397175609,0.3407998281147785,0.21518736478930112,0.28019910939993814,0.17373634963663176,0.14143488746943214,0.061875254116161724,0.12363228683447448,0.38657333199431876,0.24756573393897924,0.2949769449065715,0.11016697263471252,0.11891732766796174,0.05537840082624542,0.3686351320904169,0.20131721136131817,0.09221324733085841,0.16342158306742752,0.2594448877091975,0.4545343266356887,0.469814084417767,0.5339562904960643,0.4948364372391597,0.5338426238221115,0.08970112957626353,0.18603681143411357,0.2776479340476331,0.25311676889406554,-0.07755614563107814,0.3572994982442639,0.11596350408033336,0.16315011190027334,0.28900927749692945,0.41363348566211766,0.5376614834852078,0.7261184639316366,0.8493387898947151,0.41712978928643646,0.5196301175997446,0.34038979824818766,0.36625445102191473,0.669152407824544,0.1778796122705523,0.31227179090983187,0.05530504581243799,0.10106210500766263,-0.032647124706793644,0.5559273856002096,0.16253064194605754,0.14002993777392378,0.37746510093092367,0.018172928642371154,-0.009492913083472698,0.031034028925497746,0.09236043434560126,0.1280691281895265,0.18099435904848946,0.13822083967476365,-0.06782925545621762,0.0869042797783142,-0.01615323240272016,0.26635127791320984,0.1428806842224335,0.06342287933618508,0.22600939829473266,0.02934047810711952,0.3863743470670983,0.11339133768853679,0.2468101177554401,0.2794465807877646,0.39249437812182103
0.4898285577383563,0.31419332998998145,0.2860429449895238,0.4143827083478185,0.11164743285854982,0.06953745334476252,0.7610450294414921,0.27722478400753536,0.04142654458542754,0.39079234861975515,0.0604692098091119,0.2274021358731221,0.28516528324196566,0.4158953725802174,0.4161287258381678,1.0,0.37918943524756704,0.5226327156198496,0.405298721116599,0.39787477257830783,0.312707415152659,0.3775371530125273,0.5239922037549113,0.20793549123480884,-0.08203528931257809,0.21862417841816714,0.00020191774750411687,0.10488750023021491,0.16833574267683438,0.334575579682327,0.45381987333328244,0.5101201109336371,0.5096011006476843,0.32915978521519623,0.2598197451013125,0.07500526662158365,0.13386221258757852,0.5359825490566649,0.43713199267403774,0.47673781608468185,0.09630467601224944,0.2458841884825921,0.33279236045893684,0.23619887270264478,0.2510236440261781,0.2256500743629159,0.131555238370498,0.064537735679103,0.012790309823687592,0.17769169442351126,0.44225905003987964,0.30369294204233943,0.7245750429065636,0.2980982645471183,-0.010137643911476427,-0.029277015999514537,0.3410053803620819,-0.10182412803322981,0.20174455057405796,-0.12303817940497433,-0.03933709180755949,0.1435504107925145,0.3521364834917334,0.44011729020972534,0.31502539124269513,0.29302427990014357,0.536009145404275,0.4104716652169539,0.3999530268002328,0.5373837214781828,0.4587461871222735,0.3919288089161246,0.32862549974978467,0.24718929109955787,0.17020706677889602,-0.2248808381082962,0.27619717014788003,0.2143824084818615,0.36774224051153864,0.47222008616679656,0.11461585209261382,0.05990300764834755,0.18723655071927994,0.2278553646714165,0.00518168090657742,0.22437432710491104,0.16428035181023756,-0.08820460305659449,0.07014408814095904,-0.07406183735270083,0.3498802349668834,0.30075362012260587,0.2710599739806777,0.2551267193054503,0.17135532064595832,0.2883844778973911,0.3197791319551302,0.1937183184184147,-0.06576083371223347,0.11890806118243502
0.27052827668152135,-0.05292711233806513,0.2107578159469055,-0.04241801626441333,-0.17726141146100188,0.36133944220120934,0.5324591135818466,0.10419181712963808,0.1689237656966889,0.4108611715575005,0.3103211571092775,0.562630832893127,0.37690163322652404,0.6337650905010731,0.4934999183712885,0.37918943524756704,1.0,0.1874505462212247,0.709433443064852,0.4837062719503146,0.4922054688370561,0.5075789202438415,0.31917377605832614,0.4165043905396314,0.1460142932343038,0.34826264697380566,0.2028854789718965,0.16386262454542028,0.30110806718746935,0.24963735573454068,0.21654798042074885,0.320708143070106,0.31023442818222047,0.11935178832654691,0.16547481029260264,-0.04238375878272242,0.1252569988895619,0.4062926695864425,0.2720230995366668,0.42836888106921794,0.12027358307103163,0.23455498172176084,0.24924984630786834,0.2773331873455907,0.1524823001043612,0.18271767558501817,0.11908029347307879,0.14043789837305976,0.2113586048459253,0.3122572698833027,0.22908811216469316,0.17314800020585874,0.45833018524191677,0.03555948248420945,0.08405116808937643,0.3597695024064719,-0.013772809535075998,-0.17421555827921575,0.2941704837834334,0.1001299546172861,0.29200691333261247,0.24032958703837187,0.48641127010315655,0.4459556412881908,0.41997319892125556,0.2802108714568176,0.3159388399715763,0.7594569958879978,0.28902003629682854,0.08976988766965688,0.4085820507838916,0.2440988825856335,0.0831760163197402,0.3327249888389927,0.36781848801618033,0.06899403678737552,0.3630132358543485,0.05262745419656149,0.06315590753189528,0.3404474381216049,0.11680540839222488,-0.11257611147367726,0.07457808018364086,0.13673544447141242,0.08141261707225271,0.004149926239340593,0.15796317062513668,0.07234432847156289,-0.019840680971815825,-0.02215676729035761,0.151491509534319,0.23669085921150507,0.06324637388651498,0.3130769475793801,-0.021682029845525433,0.27159912022974997,0.05682216412833746,0.12491834999209209,0.16751797332809273,0.18873547456381093
0.16446972960903142,0.4561021583879589,0.3875493650037122,0.2629156585839749,0.15550925307686075,0.22996641594126568,0.3656483837240004,0.4456739969985407,0.25514035222332404,0.43605934298331894,0.10404744118325428,0.008619030535722959,-0.05350580591386368,0.37146841102565903,0.35127546278035465,0.5226327156198496,0.18745054622122473,1.0,0.43241884650319873,0.30390427706750467,0.39560651973855804,0.27570645544941585,0.6740248534878965,0.36494968820724866,-0.044073803566357504,0.19524225600045736,-0.007633719495491737,0.1634027543227192,0.33094170136483236,0.47831095997789835,0.1958930410505244,0.15669579840551867,0.2592385074134356,0.6090686103823895,0.30887127583380247,0.21791028954969527,0.16233029148675723,0.3356394865852433,0.2884863588498688,0.2964666896758365,0.04315337484401219,0.04738836480289218,0.05335588812539181,-0.03997783157092851,0.06346489276569987,0.0364549851724294,0.23383237842301663,0.1452013869823148,0.016909737833325663,-0.021965466974808424,0.29674033412992035,0.4269212861105552,0.4773753115032697,0.13978925817308835,0.1761969451777413,0.10839365339106462,0.5177683983805275,0.15782175048740918,0.4056486431827386,0.014272768447540433,-0.13806513972444762,-0.07318533583653587,0.1829663078148882,0.3160643252376859,0.5078500877005879,0.31234917309391425,0.23241610875724653,0.2797309253483047,0.5387013737255419,0.8080744481907943,0.503052495954859,0.29880377108707595,0.6018257726529485,-0.0028773442016012457,0.18963962679583568,-0.07029838639759796,0.3119631079020382,0.40054695431276804,0.11976385489003331,0.1996635501953505,0.04913542953245001,0.015021488978134732,0.025121826667878492,0.09798860983590274,0.12872405555433256,0.11886656372705402,0.021424622783661813,-0.06367516180159362,0.25464334164593805,-0.21593047832608844,0.18101238984965376,0.28880822815044793,0.3659995344243233,0.05409876787483044,-0.09575670048026651,-0.03252429851615048,0.07385543929784531,0.15692704508983502,-0.08108463077982238,-0.03524719262654504
0.2794686585703309,0.03031511015299356,0.13217549158878508,0.06186656724832098,-0.18761016948406992,0.21781915148033484,0.48938246384877626,0.1427564635119298,0.014002759555523337,0.3620626377901213,0.28995208291418756,0.30037459031291325,0.17436799635094916,0.8436348760762921,0.603710953496974,0.40529872111659904,0.709433443064852,0.43241884650319873,0.9999999999999998,0.2865664802143721,0.5931344656673542,0.3779452249292667,0.4910284264825885,0.25212230198202884,0.04137382957686335,0.3455803857444763,0.14076728476965075,0.11536294483367317,0.30902633718888095,0.416710574626204,0.30834891168223183,0.16918722942019385,0.20710414368118987,0.3125030621921904,0.2512387536088539,0.03083445044457308,0.2056113918342287,0.3811898211066375,0.34576381938347406,0.3198184663461284,0.11987938525773668,0.2479749543801205,0.18906828164737585,0.28498437226846096,0.13447309614669598,0.16547324177066644,0.2132678756308053,0.13280514758768475,0.20421516724333286,0.296676565018649,0.2129820136149979,0.10396801460227018,0.4756054515165254,0.03623754514611908,-0.05812429757533423,0.18353766712093658,0.060868984056227225,-0.24954767073296324,0.3353107313874835,0.05091971811954887,0.05630440763710741,0.17240392113417827,0.3940662793220494,0.5541507986400012,0.629740993683443,0.3160577633139034,0.1918449949674657,0.7850103292994424,0.4902052812415753,0.37259443303983475,0.4254872412463232,0.2805365202393592,0.2674697555038755,0.20723584250268456,0.20592183895575378,0.08465544835347306,0.22354464017461803,0.11788114008918822,0.1561379766255979,0.2783499277661517,-0.0053660604774253395,0.008314563221069894,0.089582374783209,0.10558742810673825,0.08868356143855365,0.04718398151668094,0.18377798787641675,-0.047484298670509746,-0.11785445704517693,-0.07655490110264934,0.12488006794334461,0.30187133467819705,0.19922117780014048,0.24273831590848466,-0.008622631462082224,0.2692246170840907,0.11029991018875057,0.10601565124256862,0.10391395063791245,0.24772054285088357
0.49616937517197324,0.3617093512108611,0.710539579175924,0.007362399737022194,0.17837620949766356,0.7079281415788196,0.6052850961290369,0.5577946794373156,0.5810798806561799,0.14200587784712085,0.4059131047451417,0.38633860077746307,0.3147244880366921,0.3651178247922207,0.5641313601791252,0.39787477257830783,0.4837062719503146,0.3039042770675046,0.2865664802143721,1.0,0.6579966395848361,0.06382186813682893,0.30280085661203776,0.20371772791519416,0.06506926682627376,0.2909437213069899,0.0340204346870413,0.10585456280787228,0.5833813192339342,0.1576941428370718,0.06780197249442059,0.15140180416149426,0.20696826946947777,-0.0017503945955250038,-0.08227428151505982,0.025134063555335127,-0.11606661654044104,0.20239313633890935,0.024502466266163897,0.24856523895178692,-0.15487179865883363,-0.03013392943668222,-0.17146432096252112,0.1407587452194794,0.022934514036168502,-0.14245158906737912,-0.07248737741183527,0.2645535718710618,0.5091441727256669,0.39757041085657463,0.5531360049112826,0.5558081560763164,0.5227200605835858,0.07813808826912953,0.4417726511715429,0.6829704270340606,0.29063891250414264,0.3282286297648477,0.14219623357051023,0.21252129025498878,0.18690493709887004,0.2257417923787337,0.3425130660381398,0.2491282205226021,0.42337996352307666,0.5608681569586368,0.6119655070578035,0.2926841082551047,0.12085085287042202,0.25218119108365855,0.6561332202704884,0.06522285839666586,0.18122505207397238,0.17274927495653086,0.1166449407106484,0.050071185593835624,0.6705080678655708,0.15294438783461112,-0.09647359334517767,0.2933391595282247,0.011810300643884476,-0.1603888838243007,-0.024663083619646902,-0.006076744054927134,0.2026674586476464,0.05939336524419064,-0.0077699926619267815,-0.026230920017195895,0.378515223402351,-0.032210530110204694,0.2405290864048629,0.09169545233457671,-0.16264572935049434,0.16024838434992164,-0.13484201582666344,0.14690392520424161,-0.09701771963515991,0.39841950731982884,0.5163379181000552,0.29971986117830396
0.32375434773389555,0.41605739719945384,0.5167447521862256,0.13015407223815897,0.09565115415680389,0.5999091400701763,0.54323117514717,0.5274144595827512,0.42673881607451203,0.2271220515203098,0.36607916837029875,0.30775009308775364,0.23022706200686063,0.6612556265734311,0.8399116704073997,0.312707415152659,0.4922054688370561,0.39560651973855804,0.5931344656673542,0.6579966395848361,1.0,0.1985833232823622,0.3737251796108384,0.10056350415111909,-0.05207556458342093,0.39380349068186765,0.009568298458602931,0.09920234048194819,0.5444886028733097,0.29782372753940783,0.29163403612240474,0.12728740078470047,0.16999515034841584,0.10748488316220178,0.006860522558663136,-0.036505274794358056,0.08291809165916367,0.3322346131618472,0.18216143785078862,0.20321332010585816,-0.08424777690039381,0.14022536778960593,-0.023878422691502876,0.2985776840208044,0.08820958559374027,-0.022670367807354475,0.06989771602275294,0.09482711696704775,0.4486510604244038,0.3442869931810049,0.4397707966457847,0.5073591599984899,0.5214813883609404,-0.0225621072210226,0.27613405098825,0.4650160451064194,0.3262269847083977,0.1304034869370349,0.31631133856291,0.10935785236965269,0.10835838538297639,0.2031188503818698,0.4085760321228836,0.5545482039075856,0.7442572885030211,0.7361560691874842,0.3697948619498677,0.5210935067263848,0.30413513143629683,0.3822232434304028,0.7483387090256082,0.11928231661374827,0.3040822796752462,-0.01632867166367413,0.03240763193831985,0.09058872051676975,0.5362795170725432,0.07723400077723513,0.0009063515533567263,0.24122379765387167,-0.08207687957163728,-0.1465888650897939,-0.030717020277649935,0.0499169093071284,0.09189824566301398,0.04001515726541861,0.1185924155092939,-0.08333789789830628,0.05732993061710093,-0.16537523019063308,0.1436152224218231,0.12397834152371225,0.029254133884126645,0.21317425361234502,-0.04811140859242214,0.253217947747738,-0.037558894816919715,0.15447524301415502,0.30290598683964726,0.26403553590200807
0.24867453237500417,0.09970184681690696,0.021272405973345357,0.2539889384628584,-0.029779629454801275,-0.0411358905900724,0.2983838762488865,-0.043353072529833475,-0.15020101661284208,0.41484956599416056,-0.06737685228331278,0.29171732277032275,0.04880094975484431,0.36359259899526125,0.25483140799156917,0.3775371530125274,0.5075789202438415,0.27570645544941585,0.37794522492926674,0.06382186813682893,0.19858332328236217,1.0,0.4016350428920738,0.27360534496286903,0.0712295516956442,0.38447577943360733,0.18732443071412047,0.3907813210838706,0.0168721693329795,0.4826035141733971,0.35332887734130725,0.4090465100056235,0.3219385707223535,0.3170385434528416,0.5073812295810518,0.09996737140150062,0.28395570478997895,0.45698523407555114,0.4305234691375355,0.49629737530424733,0.23001221215060355,0.43595372428100626,0.48728820385361116,0.28323596877746754,0.28349777129487186,0.25030735652782676,0.39962397661317006,0.016706731196665242,-0.11143895561626951,0.004611887487918634,0.260494539927213,0.11955677809728549,0.33402331416240594,0.15336141421726135,0.02483590026083116,-0.13335821118818444,0.06061352814484586,-0.2810145930702446,0.2844756469145675,-0.2696943118731722,-0.05594998733222483,-0.0974978795510134,0.2211587828527701,0.3697557681059121,0.2773696206687608,0.11663732261397046,0.17577014011889625,0.5164412845122853,0.4535229309077476,0.2294641739457683,0.20198818816699932,0.6170234346786585,0.26960067949033323,0.19071347156377644,0.4507734746006965,0.011153135623701701,0.161207040830078,0.31994927873324025,0.16648139098257764,0.3463034385174514,0.362949097486587,0.10694994244633424,0.3195673819624536,0.4865537472127631,0.1061867371630909,0.3342910296247958,0.27892941648598285,0.19874187961546017,-0.051241875977243466,-0.009726646444037505,0.40044232425021214,0.2585659223143681,0.2084820886495531,0.4830398413279599,0.38341406333864425,0.3872627689718795,0.3369917991520202,0.09022762780003517,-0.10235338502103647,0.026633343998741524
0.24361581516474193,0.13784737331589822,0.19855298924379283,0.17069293666030289,-0.028036313374009317,0.11310636093577968,0.4340880939934506,0.207408496586655,0.08943986716713026,0.46555718727670176,0.006277391370396499,0.05218008480084214,-0.044718493980614726,0.5462948409574702,0.4732289860655214,0.5239922037549113,0.31917377605832614,0.6740248534878965,0.49102842648258843,0.30280085661203776,0.3737251796108384,0.40163504289207386,0.9999999999999998,0.45362334333882154,-0.048121458477438615,0.3355737267639041,0.1879376146999789,0.2792508221414992,0.24681114849106253,0.5164765094320676,0.2565658952275597,0.19216269413921802,0.14788298031451316,0.37499302317835004,0.4519172335989941,0.18283765063389526,0.12359244637898747,0.3178143993509237,0.2698010635544827,0.3908980131368535,0.04041127556707035,0.09288508789941402,0.09917500379793898,0.1403859468930901,0.2703853479663538,0.12922825005271527,0.2674615434545103,0.38589751388973004,-0.005543676140902071,-0.004652268523983533,0.2582300312216563,0.24855307339616398,0.522892209977652,0.02556474027530162,0.012693604212456796,0.03180128394528735,0.10627421013510595,-0.10448245223955736,0.4047026583665587,-0.31213164965830564,-0.30470262217604716,-0.10731315503619658,0.2299187653302768,0.38902245840546607,0.525411233769951,0.42700401555192247,0.21798157295371287,0.37831481832521424,0.6412172695261322,0.5378957862843259,0.5359709584033688,0.4953833738674619,0.7983895239882782,0.19275181453803342,0.28980639091508315,-0.12844895225503436,0.3765125539269566,0.4804964570303391,0.31960923623550114,0.24953529416622586,0.19185391028858328,0.03713225153848968,0.37155720890491084,0.3708729048157978,0.3182558595809499,0.2867620346659152,0.051699032526500856,0.05642908250645092,0.20523001421042197,-0.06613102880541853,0.20142500094307278,0.3606304563182254,0.4405831544762406,0.19107778739914885,0.08333176369382075,0.1820616641301793,0.276995808354263,0.3419115038143905,-0.12050495686917334,-0.004204238387190885
-0.02911360119415423,-0.20483773655791587,0.07723724264493596,-0.07385201816964099,0.0007170641443797772,0.06019949835831807,0.15800445672299673,-0.08757410863137075,-0.012753774063671995,0.4827439424613778,0.1745920925797554,0.190923188545246,-0.002578936962573974,0.10305444785436008,0.16275374093013145,0.20793549123480884,0.4165043905396314,0.3649496882072487,0.25212230198202884,0.20371772791519416,0.10056350415111909,0.27360534496286903,0.4536233433388216,0.9999999999999998,0.20254863020084474,0.23700534810669768,0.19523255078741944,0.24906388891615686,0.15722509804537393,0.23391796708530696,-0.046273929940895936,0.1898691893169591,0.04300275412498424,0.3318909834675451,0.3588074728833196,0.026275925858635068,-0.07457068487437735,0.058255457376945326,0.009570641575213566,0.37530013433493337,0.07785440999709008,0.05345075719799383,0.11697169103332458,-0.19042733865633102,0.13547776445384027,0.016121317713378894,0.12367000029016262,0.33478579343558595,-0.1442393812796939,-0.2090625648211024,0.006949622005068009,0.04261327266478887,0.12033688011411298,0.2031211991152135,0.0219194075545714,0.023615695833144396,-0.08483109802389886,-0.10532717040964877,0.35853793260122524,0.130535212154307,0.041520092085339654,-0.1650790576075653,-0.055431959747183276,-0.0025911499808262154,0.16667778029493893,0.10255809432457579,0.10185005039411807,0.14707778716457737,0.46241825139026954,0.20798714713505648,0.3058568612828125,0.05191940280576295,0.2781114019730712,0.2652448787919798,0.3969745676414745,0.12233253708450738,0.25211770079093787,0.2696187170984949,-0.013479277755220861,0.23100630976887696,0.33483331494964735,0.14293149428335272,0.15601336007075978,0.1680549199025683,0.2454138528420744,0.014321992119399255,-0.06806668865017818,0.09934658798753479,0.1696694093278765,-0.003987474295572407,-0.07315162400887074,0.24925770811217124,0.2613825177436627,0.11379481078494777,-0.1926245955911794,-0.1486477563725004,-0.019185046386280845,0.24937852453512266,-0.11796524900372554,-0.1437026169651793
0.17842008060959008,-0.06355029791485445,0.14008298657584564,-0.15493205015909503,0.05100249564515744,0.21817150523782064,0.04258898307908248,-0.007964369748161589,0.21401732455767203,0.25013987933602383,0.5901895998983138,0.5352654186182668,-0.15229260809887343,-0.027300598181770042,-0.09108119051154585,-0.08203528931257809,0.1460142932343038,-0.04407380356635751,0.04137382957686335,0.06506926682627377,-0.052075564583420934,0.0712295516956442,-0.048121458477438615,0.20254863020084474,0.9999999999999998,0.06121706484372407,-0.0286292929147722,0.17473011104580494,-0.31739146111877653,-0.01769617314745817,-0.02320876515618362,0.3255936406094341,-0.023520389960629055,-0.028169887093173755,-0.011499956571158241,0.0934237635422704,-0.13397168578926555,0.09290635380302356,0.015396554048086802,0.19466575211862938,0.025685384673622517,-0.06055420827675199,-0.18001454894088773,-0.06812675754025281,-0.2959665932529783,-0.030342151815617474,0.004036429389833691,0.021472366653146713,0.2967515206525429,0.059508495264242525,0.10164433399332896,-0.0621195332032197,-0.09661657989564602,-0.12687436040023356,0.13561725986401077,0.26784374162330243,-0.12970385882468058,0.19586714242432185,0.2809338976097672,0.39517778607184023,0.0744192076289927,-0.32930800458732434,-0.001023729552932325,-0.12006453819349099,-0.06684215730972501,-0.1387096919110949,0.17720947099311293,0.026231838346926654,-0.04748233029586038,-0.07722628257371081,-0.09226392895145681,-0.01938520348080196,-0.22244907655763227,0.2482742410279331,0.1625054315517024,0.15864670597320124,-0.009449052323184942,0.13890904429482018,-0.14587177642118174,0.22801954159225044,-0.02563166516336208,0.13486720028413202,-0.15904748451354211,-0.11192420675807989,-0.00016976027535843012,-0.10064342066568703,-0.17268991385369994,0.21202958766899488,0.10664022427147105,0.10412633666539603,0.12376453235295477,0.307475763831542,0.029906910558663017,-0.06215046154976928,-0.1684721452137028,0.049786630354972584,-0.13845357427467295,0.053401183471377726,0.2175223634947298,0.004556157157156232
0.19064893639332364,0.15700765890166074,0.200698024198281,0.24413413095536976,0.11921252404073736,0.2619911156834547,0.18319149809392182,0.1862125740787188,0.10691307491157706,0.039733593561249426,0.1518434629677608,0.08934118508202624,-0.028887831108121594,0.3551784658412162,0.37534864215252506,0.21862417841816714,0.34826264697380566,0.19524225600045736,0.34558038574447625,0.2909437213069899,0.39380349068186765,0.38447577943360733,0.3355737267639041,0.23700534810669768,0.06121706484372407,1.0,0.07944384154758907,0.2968639121279523,0.3396047042828651,0.3460715491147011,0.24041157947737773,0.164016191808003,-0.001870160605036063,0.07284476525422333,0.2345089940652141,0.0482002492925919,0.1410656875423062,0.11922807389744486,-0.0371107730161453,0.04315631682872615,-0.06872970816655978,0.3894372074325134,0.08204625252611285,0.3186376477836352,0.10139405770555462,-0.0524514896199156,0.07701931454596665,0.06417144867624315,0.09157991950455625,0.00977447240623168,0.29321713740574284,0.22248981637953122,0.23835872759502758,0.11127352091615145,0.21245971380673437,0.14530728420382866,0.12097372277993176,-0.027216085301250827,0.18257322609757612,-0.12807054803181991,0.04555549545535404,0.05547958539973014,0.02602645545474381,0.09343079110893826,0.3994566369454222,0.1674970055639854,0.016526161380968022,0.2338018487547089,0.2894849375395223,0.08284807903333678,0.2417096609685213,0.30474012170214476,0.060636374027902985,-0.18175462298830944,0.4531303287288606,0.47252243280268397,0.5195604887943062,0.30837117960556665,0.06759647864373977,0.36117520635647393,0.40348003012494077,-0.0020732069883813925,0.19175308799557178,0.2975347884458288,0.20835693953401113,0.189253465889056,0.2596555635740042,0.23572506750741154,0.10132382536209482,-0.027504948049053006,0.2430164792305433,-0.0666659559982113,-0.10378702320498097,0.47554082940872555,0.3139075505402149,0.38802757035746577,0.16094666773861163,0.19820516796329096,-0.03564933759997714,0.06960621949114279
0.019758657842268896,-0.08031167469886298,0.010515539585901438,-0.14473470005101696,-0.24152465553375302,0.12873209633937532,0.071741855560809,-0.020535779360770536,0.08868358913345159,0.14913290235506876,0.09929574707611263,0.17612986353366575,0.14385982024073155,0.2562710634572634,0.14624319717727444,0.00020191774750411687,0.2028854789718965,-0.007633719495491737,0.14076728476965075,0.0340204346870413,0.009568298458602931,0.18732443071412047,0.1879376146999789,0.19523255078741944,-0.028629292914772203,0.07944384154758907,1.0,0.6217032060156447,0.040676312850770405,0.4650934557721662,0.038225777112292324,0.10920883471792688,0.1066628966533349,-0.0880318754088723,0.5722164875196989,0.2556468316703318,0.2562514339280314,0.11772387561030646,0.1489393706490474,0.15439527970607356,0.3440473958057896,0.09961901671661301,0.2843077814150489,0.27256375025369256,0.5951633547723868,0.6148669647380546,0.3861453191578035,0.5564158583872486,0.1074928457868046,0.13140988477522625,0.03132932359533409,0.07921660994261057,0.04195953592539729,-0.16387626483268564,0.0077345181221912885,0.13820140495714542,-0.10991612578169058,-0.1504487158083877,0.1771651616598134,-0.15502813092633277,-0.09653968319859947,0.08515973300468484,0.21237180050717558,0.057085576955082644,0.03983945556379809,0.1303198687843614,-0.08650960576062346,0.1553069495951793,-0.040352557574313705,-0.12302682632857061,-0.015215375361017728,0.09538439230695162,0.13846739185054488,0.1692405194619527,0.11580211395655812,-0.1385336807210771,0.06394177175007794,0.4069914308191448,-0.02127556538803619,0.22697532035657667,0.10872377039751964,-0.03544152252252582,0.3392797740200396,0.1564596017347492,0.580793609710304,0.08863851530587935,-0.023007409565154183,0.4027051788264056,0.11123808857788567,0.05198468021807991,-0.00896515338579942,-0.12111653529259463,0.046561633115279916,0.10742529865228465,0.02179256029230289,0.04976181535942924,0.255062341634045,0.33101918556076515,-0.0637627377337976,0.019655860935233988
0.03806286147783367,0.19284196102158047,0.18395848507314239,0.15935906473237266,0.08094283870622195,0.26148774689137255,0.09087179417173862,0.17258565932952766,0.20242441743861103,0.34185836471519226,0.10123336500596154,0.18266006996553025,-0.1363206008708043,0.2971430377745678,0.18918587670922946,0.10488750023021491,0.1638626245454203,0.1634027543227192,0.11536294483367318,0.10585456280787228,0.09920234048194819,0.3907813210838706,0.2792508221414992,0.24906388891615686,0.1747301110458049,0.2968639121279523,0.6217032060156447,1.0,0.06933821295701591,0.5606834554425784,0.2040587584103527,0.22619381913945724,0.1281840716486782,0.09005031985569144,0.6677587575390919,0.4069400923301579,0.3463914538713172,0.16756775017981207,0.1251918854668155,0.2576949897825199,0.1886373618473216,0.13605887915264708,0.2232414486472767,0.2790186301735604,0.42438047230079234,0.2646670659051495,0.37813470019543066,0.4116112906693975,0.08559059511764455,-0.01663245779633454,0.1601756942221343,0.3008391222411479,0.12561265510542577,-0.08737319505371463,0.3024434821107747,0.19541961457888973,0.09963356752952898,0.07920948731955407,0.4179719002723776,-0.24846911152365253,-0.27497852795684613,-0.23805252263821494,0.25919442904610185,0.173163168240343,0.28469552114294017,0.08890641684002287,-0.031513726061762726,0.18269561306478646,0.2436993955123692,0.11211491614551945,0.12410624459343005,0.36159743031565955,0.18687819383098783,0.06460884219949967,0.1718191226274046,-0.0788104309609992,0.3361846322312559,0.6589267931446733,-0.00813901291554174,0.3012845096053015,0.28903135971565597,0.0004633467578481188,0.29646260979803385,0.28736974026216366,0.5109727817258154,0.20583293540245098,0.150087270246644,0.767951299810357,0.3550779662081139,-0.12962925323301563,0.09696154193232469,0.028099450650818224,0.21758362851118482,0.23621272107439598,0.0935153388006385,0.15743352089970467,0.17986206415007885,0.3833539335327357,-0.052631976982212135,-0.12594797588786477
0.11282114836083576,0.3368838216244301,0.39287775807017317,0.18479761433675185,0.21100961248431122,0.4191746145141881,0.28370894844505545,0.3878489261830462,0.2914601915237311,-0.09698511516402453,0.09975199049570842,-0.0810171398251581,0.08379377036340363,0.3039594322841222,0.5354208053326375,0.16833574267683438,0.30110806718746935,0.33094170136483236,0.3090263371888809,0.5833813192339342,0.5444886028733097,0.0168721693329795,0.24681114849106253,0.15722509804537393,-0.31739146111877653,0.3396047042828651,0.040676312850770405,0.06933821295701592,1.0,0.21080258018219436,0.11534516026589198,-0.23575472530359712,0.11411785270736424,0.1920206591831817,-0.04191654238052309,0.20399843387007535,0.2580940756440451,-0.10265710764627389,-0.20086642501338098,-0.21035409302727515,-0.029924304553163816,-0.0005441907923565897,-0.14995929824628554,0.1670052844415961,0.12295144369949172,-0.19164768653516248,0.03400280444531688,0.3083412039468164,0.270310139779972,0.29943741376127175,0.22681274235383558,0.4995180401960354,0.3183186162220664,0.2686427237486088,0.34317440212372674,0.3213942735397832,0.325494411276122,0.1401162963000663,0.08502471176717102,0.13020062498651455,0.058643875257116194,0.19699085804577812,0.023147440077012266,0.022534756646404763,0.3519563587192646,0.4162529666561321,0.10769072347661904,0.1487287747637445,0.20276493853327662,0.2294976374017353,0.33418915047080355,0.012744984950616814,0.16095993637449207,-0.17879215097984497,0.08280062133647356,0.27660042788192474,0.6445742794051643,0.06482501470409631,0.03652219919918794,-0.013758663147468573,0.26100893041390305,0.04419136149599484,0.04804068953823433,-0.04435356284515916,0.2015003992531787,0.22458484021752906,0.3871507346719866,-0.07596997051537582,0.3420258431089262,0.02598640343955679,0.20919812163106777,-0.27770840482936465,-0.33341439687404156,0.21217019737931103,-0.0820268808143098,0.13308576461677438,-0.08150035156743891,0.4014049806505067,0.3089110416349262,0.33578689030167114
0.16138204348401453,0.28019922883893733,0.21403452144274088,0.22163247488433785,0.04132684106165254,0.16929883675504528,0.1362813832875914,0.15351883225280613,0.1265296243829436,0.3192590781752163,0.10543080332355599,0.022548229003726272,-0.01633972497024527,0.40027922744777894,0.3908291397175609,0.334575579682327,0.24963735573454068,0.47831095997789835,0.416710574626204,0.1576941428370718,0.2978237275394079,0.4826035141733971,0.5164765094320676,0.23391796708530696,-0.01769617314745817,0.3460715491147011,0.46509345577216615,0.5606834554425782,0.21080258018219436,0.9999999999999998,0.38141432779941387,0.2961475750284984,0.3697387132214643,0.40792018524847884,0.5583540376575294,0.40453666353152723,0.3657171639377958,0.34537276679603585,0.24189010506635464,0.23494697287176447,0.19328508566248545,0.27438230566591376,0.34121993761065966,0.20770111729876284,0.3768597216808636,0.42443595042233906,0.5316833825125736,0.3481275279372466,0.07314424410789232,0.021704381582003236,0.24627156673427517,0.3091093983388173,0.27026519600832927,0.03760526576495804,0.14102507662619332,0.0572603970380261,0.1554041759646717,-0.06904810921453465,0.3674636564752186,-0.12216765245056048,-0.2136129850155529,-0.03180456614423491,0.17314939401851195,0.2564842633007321,0.4039735508527724,0.29961493690965624,-0.01575966598078783,0.3185202543462655,0.49123909510790514,0.33121217128797936,0.24239657361529263,0.39209887422095496,0.3341121295860967,-0.11042938099711072,0.18554530999553806,0.00219506466902646,0.19912658997218532,0.6568822721118119,0.19633672797937163,0.3663718898172348,0.17375295474802668,0.11681908901684428,0.2759672658839395,0.27844872636139373,0.2654966276882795,0.30662168116044397,0.23396876312386106,0.2483229385576327,0.23001825480561164,-0.2056391162544013,0.26925736887401397,0.06276612744737607,0.14546261954855466,0.3489439695649087,0.06870652578613326,0.052978939584435246,0.2191134847043848,0.3341692170764413,-0.10968805919966758,0.0021239407290323227
0.36377112930860833,0.31710979959992813,0.02986115203930537,0.3370330210442857,0.01972761045209674,-0.0282035417677361,0.2729878267316394,0.051258802894588895,-0.07109727113398759,0.2423382780647307,0.036818271175662075,0.17586385046343772,0.21395602457817098,0.3820565300783214,0.3407998281147785,0.45381987333328244,0.21654798042074885,0.1958930410505244,0.30834891168223183,0.06780197249442059,0.29163403612240474,0.3533288773413072,0.2565658952275597,-0.046273929940895936,-0.02320876515618362,0.24041157947737773,0.038225777112292324,0.20405875841035273,0.11534516026589198,0.38141432779941387,1.0,0.5615042946599854,0.5927765535545122,0.28403974194459314,0.30027912728323064,0.27929967248410675,0.3270881622793235,0.46514465719695114,0.27615991334676177,0.09905950654617623,0.15407119736573546,0.5428911586194562,0.48584294514416226,0.5740712735801403,0.378347867457611,0.1840942269347189,0.3177151240682902,0.060728100074371086,0.16648253576603414,0.18983243610229608,0.30858768776781337,0.06212326599394784,0.28815810369590433,0.1145987240641185,-0.1564091731468562,-0.1120639699744058,0.05798027102388603,-0.2666456367088908,0.24094602212114083,-0.10258727271397707,-0.0768396566105084,0.16162995834517413,0.13587742386111964,0.43071202356233984,0.28174471825994435,0.24729027539214604,0.06337101063673979,0.30209261288870504,0.30210250975332964,0.10490691520574982,0.2577704865332879,0.24368905174095085,0.05284752936609574,-0.07886171106959818,-0.0483589768602425,-0.04735195972335565,0.1094989984265655,0.06917910357890582,0.5991647264751135,0.39178237775718533,0.012722566447036072,0.09543862951960541,0.26881869754793214,0.18451573088171974,-0.18793299497352245,0.11136495117217513,0.2796298104995702,0.19074610674981735,-0.08949757918872564,-0.24967677853582565,0.432424487374852,0.0986722904541465,0.06197357239467438,0.5367166868874786,0.15437057590268063,0.478953256259861,0.04013048442307416,0.09358377986945876,-0.0010883053628328596,0.07257014631913451
0.4803088748283421,0.06703062475981346,0.11378224061465983,0.11000882520673731,-0.021177680750931523,0.01975582691074422,0.40349642844818,-0.013937180058460655,0.03256289199580022,0.4842807534034893,0.22767667270506334,0.5567011201278543,0.3905746942197489,0.21098844980875875,0.2151873647893011,0.5101201109336371,0.320708143070106,0.15669579840551867,0.16918722942019385,0.15140180416149426,0.12728740078470047,0.4090465100056235,0.19216269413921805,0.18986918931695912,0.3255936406094341,0.164016191808003,0.10920883471792689,0.22619381913945727,-0.23575472530359712,0.2961475750284984,0.5615042946599854,0.9999999999999998,0.5106333425189234,0.1226643564843899,0.27373918735760666,0.14640165194310018,0.1324442364648355,0.6960695844435749,0.47040323692471847,0.5142983160936895,0.24432155877644968,0.47147137048694143,0.5296303270690874,0.33349103070194724,0.15095873536973886,0.41544785966642866,0.19302388413338925,-0.07961241541249513,0.20953811943080095,0.15462147432982482,0.3431526669457094,-0.054286787256096695,0.17747360890873684,0.08477930111855185,-0.13548996348185,-0.017714066266658755,-0.002946878184899861,-0.14910256979002223,0.2622591362789016,0.02618404838048065,0.18811534634907087,0.19506013153902343,0.31503549309561774,0.40972424776089256,0.18593773026061958,0.23725379600481747,0.36711976631278115,0.34645251237750213,0.1580577871276732,0.0321015835076334,0.2899083262945605,0.18593521605239968,-0.015291361356808203,0.22574002124302683,0.145587527355528,-0.2928932053577084,0.09236650357291172,0.20897371848161034,0.22135223749191268,0.7666162221098302,-0.1226009389191346,0.006830699719952786,0.08124995502327556,0.09473577999375914,-0.15158738792519919,-0.04619661568587518,-0.08350294085973435,0.135178017794471,-0.09131117935809588,-0.0780257015524577,0.3216453604265868,0.4417214119580612,0.2848407848794553,0.3687346349350017,0.15005601072320776,0.3890894770390758,0.23235988579800948,-0.1011443009598526,0.06917110876894576,-0.010070214318225551
0.4383370945230923,0.22325187614699665,0.14804202607905992,0.136196631683626,-0.04633090300838175,0.059656753028483465,0.33251272887360417,0.03776954453660167,0.07698803096244897,0.2585897536316134,0.04246028778174079,0.2751397956663599,0.34856651556339197,0.26554717805671024,0.28019910939993814,0.5096011006476843,0.31023442818222047,0.2592385074134356,0.2071041436811899,0.20696826946947774,0.16999515034841584,0.3219385707223535,0.14788298031451316,0.04300275412498425,-0.023520389960629055,-0.001870160605036063,0.10666289665333491,0.1281840716486782,0.11411785270736424,0.3697387132214643,0.5927765535545122,0.5106333425189234,1.0,0.3873911288903982,0.2668111617864179,0.3551944521272545,0.248419730677768,0.5078703546164979,0.4202262080621847,0.3191025559774359,0.3566703719973864,0.27539388530313014,0.3950629825654115,0.33947958343725804,0.185716441487365,0.2732870683792977,0.39272767336834374,0.12738118222911385,0.2316545379486118,0.40009268404339376,0.3415245645479637,0.1659782637526599,0.31035642404901004,0.0917070717956766,-0.03217892367296156,0.02011858483762603,0.11479397753483654,-0.14825693012351937,0.23387244340767901,0.10041595432047708,0.14646149409446985,0.2713015028132169,0.29068417280738595,0.31710892450285094,0.16922644660432407,0.27633267588000526,0.2638806460106472,0.26866772039517844,0.13965594415292273,0.16065087248445173,0.25947772949117154,0.14593931779866545,0.013017484027224175,0.1759151768657565,0.012443758083711794,-0.26073557891397614,0.10641997556203037,0.08456339145544897,0.35119637438833773,0.3678546183899794,-0.04020818072767357,0.14212906075348133,0.02986741364655589,0.0597282651026,-0.0818485567543776,0.12306406199876802,0.1591568414098812,0.07289293076586285,0.06330420601917858,-0.048356221004994225,0.5076969532639994,0.1846891809663013,0.07566702921437084,0.19567573570878435,0.02020895484321548,0.29311269113414007,0.0011551220262039153,0.14300595972961888,0.06456852269278444,0.2531882370046615
0.13842970299020715,0.11132902423752468,-0.09396232876910919,0.3209918682336642,0.0607004058550823,-0.20120933208011516,0.12069738547289235,-0.0969442513666102,-0.19531746549053502,0.3051906234315898,0.1156787446113148,-0.12366143354664734,-0.16476866278379382,0.15927289790267157,0.17373634963663173,0.3291597852151963,0.1193517883265469,0.6090686103823895,0.31250306219219043,-0.0017503945955250036,0.10748488316220178,0.3170385434528416,0.37499302317835004,0.33189098346754503,-0.028169887093173758,0.07284476525422333,-0.08803187540887229,0.09005031985569144,0.1920206591831817,0.40792018524847884,0.28403974194459314,0.1226643564843899,0.3873911288903982,1.0,0.453818612496793,0.5494736875516307,0.31335227570728375,0.3183283873011839,0.38606929621102576,0.23002412603391081,0.5067082415514705,0.08042622726758572,0.15078275076852998,-0.03674767137411218,-0.017012625041157227,0.011422433854576019,0.5778137846839332,0.27115639677426534,-0.07363114931669974,0.22148141066499402,0.08759625834625168,0.12624110757759296,0.2474815119388474,0.3999898594466326,-0.024571620986250785,-0.25968703980909935,0.14211606427866985,-0.18065720667319213,0.26060600843986487,0.1829217129064726,0.0022498437004523195,-0.09114885100214783,-0.19199826907631085,0.011699157387359691,0.26428300672972227,-0.00332443101990552,0.02605349064745104,0.04296304848031402,0.5855106729228396,0.45757131976726123,0.13380767319080647,0.1554505508203294,0.18115223475027079,0.014252759200366543,0.277572879599538,-0.10445609445775263,0.04444393783179472,0.10485846348891405,0.1861436710100543,0.19248202873478526,0.30562088376338364,0.5556287042437804,0.02910989878811564,0.11678516132310628,0.04785753751630555,0.27721014248516607,0.3082515324584402,-0.003955035157228365,0.2884928056861338,0.1353173192076117,0.3733653867778742,0.34352858038545897,0.2664067218329578,0.07508876737270173,0.014654527645768146,0.017979159202933023,0.09086351706410047,0.1959990107010828,-0.09480202552918145,0.2647367111827423
0.07957210153331135,-0.05306182859307511,-0.08257652002042337,0.11722832588326819,-0.13681826909814587,-0.09317893933512214,0.13883529529227914,-0.11789150707374794,-0.1391763183151488,0.3544240792679769,-0.0262624329575771,0.06240216330978865,-0.13867099009998074,0.32238863897210457,0.14143488746943214,0.2598197451013125,0.16547481029260266,0.3088712758338025,0.2512387536088539,-0.08227428151505982,0.006860522558663135,0.5073812295810518,0.4519172335989941,0.35880747288331954,-0.011499956571158241,0.2345089940652141,0.5722164875196989,0.667758757539092,-0.04191654238052309,0.5583540376575294,0.3002791272832306,0.27373918735760666,0.2668111617864179,0.453818612496793,1.0,0.4403545586966391,0.35110051252562213,0.2888439442207134,0.36037192337126045,0.37935780792034335,0.45565020950607515,0.2550872532009993,0.4957037814863075,0.14625433005588134,0.4494386341872346,0.3715314411098275,0.6483300327431035,0.4673900742912211,-0.12472790874066966,0.003746326342989483,0.07647656810031886,0.010070081644321886,0.16394763062276219,0.012988347806097953,-0.010812540170627312,-0.13623695236203376,-0.11067856811563287,-0.26890570019527976,0.3116332329311613,-0.3161416025693867,-0.34289057151551044,-0.19879935463083376,0.07674797765047017,0.20368813582808465,0.27722899782012395,0.006170366529199714,-0.016865458073571014,0.18759536087745693,0.4276297046014889,0.16702134259650528,0.15503127922836862,0.3249110566367996,0.3162684558073115,0.22141520129129597,0.2518369830908576,-0.19139234154740759,0.1389622477722978,0.4221259927361509,0.08898544603183357,0.3256545953157103,0.3477211177108487,0.23282142730387034,0.36652979694812643,0.4403741860092167,0.4029954967709866,0.23320430781372384,0.19421524931558343,0.4757564394418051,0.22115146622222362,0.03682273148193298,0.164848594423249,0.13290119489353022,0.3124097579892986,0.1962921753514504,0.1738562621508816,0.08283712553065704,0.23889507940887666,0.2833362832045714,-0.2381555043806629,-0.03784574136586608
0.09316991938943824,0.14529863897162326,0.036779308695350635,0.1416781816531494,0.15871283081935172,0.02905806142634982,0.02733780941032277,-0.03929321537712092,0.10634246325568057,0.09508178342485349,0.12851999713057338,-0.009594698576758275,-0.2088169833832299,0.07445321730803241,0.061875254116161724,0.07500526662158365,-0.04238375878272242,0.21791028954969527,0.03083445044457308,0.025134063555335127,-0.036505274794358056,0.09996737140150061,0.18283765063389526,0.026275925858635068,0.0934237635422704,0.04820024929259191,0.2556468316703318,0.40694009233015793,0.20399843387007535,0.40453666353152723,0.27929967248410675,0.14640165194310018,0.3551944521272544,0.5494736875516307,0.4403545586966391,1.0,0.6239677442088367,0.2560781598499017,0.26079913214582845,0.046089230557575904,0.5906419639628484,0.10608155842008272,0.1001715077744215,0.20222831517253823,0.12223866712137718,0.23924775718911487,0.6379928728365395,0.39228856749621593,0.30076314165813134,0.4288754200377041,0.010136141079240928,0.09488526635392816,-0.050349535653199225,0.05807371982163376,0.176966178948605,0.05574705963370714,0.016026734631913297,0.04944818482175295,0.17216265753628704,0.08725729628859326,-0.08489505954802731,-0.10276680843509772,-0.12405133119394361,-0.1161019898898529,0.06508440337011351,-0.06037931672456941,-0.040352187519726225,-0.1322684697950681,0.2111050222488645,0.0191236681999339,-0.07531503671520746,0.11670545725520638,0.011540147821640666,-0.052311656509456766,0.2308952489025663,-0.1552850703705135,0.14060434934081076,0.2293763900131866,0.1568160296506912,0.1596169171857786,0.2574408269374046,0.509113190787575,0.12653708065201766,0.0033585553104145184,0.25856887191000055,0.32466155832814275,0.4136213921656083,0.33560656270588707,0.5800332767239429,0.2769271961609087,0.4435950725680768,0.013265454242592237,0.08798376156624917,0.01359384988492385,0.10145565714933102,0.19010610035842562,0.1757407622491087,0.3303689992984728,0.15157112539798911,0.3442272057354466
-0.050968911468091745,0.12200732163836632,-0.0312207150446318,0.24496484907387042,0.08177572747857836,-0.052107444302650796,0.08463410032733264,0.03155784378525015,-0.010221156581638713,0.07391422521362494,-0.13259365462057726,-0.03274958071977428,-0.10026981420405592,0.23808268886077905,0.12363228683447448,0.13386221258757855,0.12525699888956193,0.16233029148675723,0.20561139183422872,-0.11606661654044104,0.08291809165916367,0.28395570478997895,0.12359244637898749,-0.07457068487437735,-0.13397168578926555,0.1410656875423062,0.2562514339280314,0.34639145387131726,0.2580940756440451,0.3657171639377958,0.3270881622793235,0.1324442364648355,0.248419730677768,0.31335227570728375,0.35110051252562213,0.6239677442088367,1.0,0.223161678358855,0.25300898715790787,-0.016497666356459873,0.4220316366461436,0.26845454418632586,0.37919560802954444,0.46727870896619644,0.22627357399070663,0.4287368463330857,0.42534938336350064,0.02575055729520154,0.031882213951580966,0.2481421659163742,-0.037393098504231816,0.08483970296987975,0.05263503047491272,0.0665224655463054,0.037674655809564334,-0.10430849142668701,0.14874242479752361,0.004695987615428109,0.14749709237344563,-0.19721269882329362,-0.18013123034024242,-0.018986708361818053,0.15313815285183896,0.14152248225469288,0.13653071535122552,-0.031903657655497415,-0.1988511398429454,0.190555141849561,0.216618889693058,0.07889892225835282,-0.10097864818791259,0.28805901941769446,0.03893897596192391,-0.17286931629986446,0.19479135385559707,-0.026934149308234182,0.07764907037952504,0.18452498484761765,0.17612666407216016,0.1323148846501499,0.1898994185735511,0.2830253539242032,0.20270574122086138,0.1938562960817299,0.07361284899871519,0.3249920470026567,0.713917474215184,0.2715512828061335,0.2096189602866097,0.10619224067992557,0.2074258544151744,-0.11719012743515712,0.0769219961020874,0.26176786814403075,0.2994921510933601,0.3751939260607656,0.3943957584778876,0.07074458155555752,-0.08810108690160603,0.22036200347561075
0.41774210225261466,0.20540335213253033,0.11114815605482857,0.21997128636488192,-0.026475217814926465,0.02637836634548331,0.5905471566550895,0.0423841204027678,-0.0559099147604575,0.6204669204202885,0.13346779395467376,0.4715445295126655,0.3151239351147701,0.39839047775698444,0.38657333199431876,0.5359825490566649,0.40629266958644245,0.3356394865852433,0.3811898211066375,0.20239313633890932,0.3322346131618472,0.45698523407555114,0.31781439935092376,0.058255457376945326,0.09290635380302356,0.11922807389744486,0.11772387561030648,0.16756775017981207,-0.10265710764627388,0.34537276679603585,0.4651446571969511,0.696069584443575,0.5078703546164979,0.3183283873011839,0.2888439442207134,0.2560781598499017,0.22316167835885503,0.9999999999999998,0.8675223398769176,0.7231466884343394,0.5179429559043596,0.4133752153519839,0.5033291695937215,0.3582106088862831,0.19570279098367707,0.5297170198945265,0.4311403954694861,-0.032297500161848375,0.1949311835040589,0.43010683475350764,0.3158204770179682,0.099632707358545,0.41259472196493324,0.0418247397682695,-0.047595321726090024,0.0038409752572661957,0.14527558181611266,-0.2878492173908116,0.4300786969544846,-0.04184929070318572,0.2116611794276127,0.2659251740905933,0.3864856581583792,0.5265035109831738,0.3816613302801136,0.3140466182738468,0.474671981255902,0.47692594130590543,0.25307882743104654,0.24298795709182297,0.42096731498242007,0.26974568064954635,0.1367506815694502,0.342439723939981,0.22838699222350828,-0.41597298307688796,0.05724778449997095,0.025163225178235094,0.1712495497135373,0.5273268735269729,-0.08868783627002277,0.048641578713749585,0.0740020505495063,0.04378347723246493,-0.06191134450219677,0.015277352245937499,0.0358144857242628,0.05695323210544499,-0.11702132791329949,0.03015974366200907,0.36319738016687997,0.647083920531219,0.571321240720026,0.17490232169017808,0.17000325849412262,0.4362393996995334,0.3299552504417985,-0.11279317185546095,0.11558396342047443,0.20628257683965645
0.29126454873756086,0.046819229966613994,-0.087400439071335,0.18882000683668823,-0.0788530911347559,-0.16020899823294937,0.5200539903457101,-0.06928139858132873,-0.250830013104418,0.6238716278125837,0.02614958957305241,0.33621547749405906,0.13488484885983623,0.32356137797521495,0.24756573393897924,0.43713199267403774,0.2720230995366668,0.2884863588498688,0.345763819383474,0.024502466266163897,0.18216143785078862,0.4305234691375355,0.2698010635544827,0.009570641575213566,0.015396554048086802,-0.0371107730161453,0.1489393706490474,0.1251918854668155,-0.20086642501338098,0.24189010506635464,0.2761599133467617,0.47040323692471847,0.4202262080621847,0.38606929621102576,0.36037192337126045,0.26079913214582845,0.25300898715790787,0.8675223398769175,1.0,0.7728676447389928,0.6719499722033361,0.23954145825221393,0.4658531736051446,0.2086310061758596,0.21450899720686128,0.5222058166540271,0.5334306135709759,-0.012568607165449771,0.012996534247637956,0.42359091941213994,0.1390310291945374,-0.022149410309282247,0.3660931772284412,0.04152543806696378,-0.1373341124705714,-0.1798527634687649,0.07323158845534196,-0.375768197362228,0.44638109282744315,-0.13798769801736036,0.06663382155690109,0.11139273180216164,0.2816084635638167,0.41076204517678044,0.2420932325938461,0.1452056566013864,0.36237953758950325,0.36867113001224855,0.27534288460952305,0.2585358919598544,0.29668344113587497,0.2646480360890585,0.17898942319004016,0.45513634841934664,0.23256794307377007,-0.5064135437548514,-0.1032282485485501,-0.049564683929664524,0.13160768076143167,0.35312218992108046,0.017053639832404214,0.16397757480694322,0.17327224585296183,0.13371290209088932,0.06614633635969142,0.1264475992394419,0.06881045934007538,0.08488802187734763,-0.16765671142255795,0.20173086473468632,0.30611527948701406,0.682060553846671,0.7029940638896748,-0.0053611034434151005,0.21166073172704744,0.33605039041765455,0.42859079148220197,-0.08647248084007726,-0.04842393699619542,0.24980859723703785
0.33661952748362906,-0.0358887107352869,0.04640116851236295,0.13181810157527749,0.012248009503325505,-0.00685202941175755,0.5763834200670422,-0.05513868418153143,-0.14880022376527452,0.739118936597495,0.14062271721666597,0.5362041709666155,0.20386747354807241,0.32082004160154737,0.2949769449065715,0.4767378160846819,0.428368881069218,0.2964666896758365,0.3198184663461284,0.24856523895178692,0.20321332010585813,0.49629737530424733,0.3908980131368535,0.37530013433493337,0.19466575211862938,0.04315631682872615,0.15439527970607356,0.2576949897825199,-0.21035409302727515,0.23494697287176447,0.09905950654617623,0.5142983160936895,0.3191025559774359,0.23002412603391081,0.3793578079203434,0.046089230557575904,-0.016497666356459877,0.7231466884343394,0.7728676447389928,1.0,0.4068168257616898,0.16789540439627715,0.4304548236300582,0.0749950690380773,0.24584582796157062,0.38931333234242393,0.3319389687522182,0.03998182094954076,-0.013260469354955229,0.23503536227866018,0.2655560524425481,0.08625037843118169,0.4261468781245205,0.0794576178417489,0.029348996282019844,-0.010134061287145713,0.030809339479967727,-0.2590267523098743,0.5111665619576817,-0.1030963759573598,0.07572826330077753,0.02769135770308708,0.36018699025487877,0.42218216853845847,0.30861122831606025,0.24118123846343273,0.5422568655283855,0.3964076567887172,0.35209224992523563,0.3150039426720509,0.4712035090440846,0.3374044840411747,0.289782542060055,0.605319750112559,0.3625955578621044,-0.41780025857971465,0.10929123063897617,0.14433975490026696,0.04891141058593147,0.4264600784113911,0.12889185963448915,0.05157835430402676,0.23704678509038954,0.26072264177965304,0.16060430123045688,0.10701356675426524,-0.07457501129417948,0.12381695651326184,0.008508197964944541,0.15437865048766622,0.22185702690084816,0.6834295134686275,0.6770530612894841,0.0265242306608649,0.1683390403828175,0.21775333776076333,0.3653004773290744,0.03914010392229245,0.015804528523329243,0.12045037309861899
0.12490829413574744,-0.22313817935710967,-0.31942938491806105,0.07900256137648132,-0.10152813065871923,-0.2995901937617715,0.19533448449310084,-0.32612133281130334,-0.3317233728280944,0.27172694628182176,0.10256049217154455,0.20139822318341116,-0.003104251749113436,0.1028886814028466,0.11016697263471253,0.09630467601224944,0.12027358307103163,0.04315337484401219,0.11987938525773668,-0.15487179865883363,-0.08424777690039381,0.23001221215060355,0.04041127556707035,0.07785440999709009,0.025685384673622517,-0.06872970816655978,0.3440473958057896,0.18863736184732158,-0.029924304553163812,0.19328508566248545,0.15407119736573546,0.24432155877644968,0.3566703719973863,0.5067082415514705,0.4556502095060751,0.5906419639628484,0.4220316366461436,0.5179429559043597,0.6719499722033361,0.4068168257616898,0.9999999999999998,0.1712589038835535,0.389566954843356,0.15109673329964002,0.2004204857291348,0.5242786317741215,0.6937796125163135,0.24552612936946103,0.030110488192868358,0.5222317322500508,-0.07068238553698375,-0.15073533245457343,0.04031615445640483,0.13360166050749206,-0.17206167217241275,-0.2918750876870204,-0.14519766151724683,-0.40876573786472914,0.21339677225207135,0.07413405413897617,0.11529285711637552,0.06748134979231862,-0.05851556041122501,-0.03629873099296041,-0.0263845318860258,-0.05639786625048632,0.10000022346025869,0.0310777721097683,0.1467393632058577,-0.0732080318304302,-0.08507228393985927,-0.034516224112211,-0.12870045122944357,0.31962195416424266,0.31041201627569176,-0.3600243989346858,-0.11173007906748252,-0.1331325708596777,0.03814439844934351,0.2597006390452875,0.31054096833151507,0.5649196332502743,0.1446323833138048,-0.01384453871410823,0.1925398996161698,0.21936087528676548,0.21915619386075275,0.14330415857009476,0.103111662017892,0.5519715538309884,0.39394851352278315,0.33949951980623666,0.33973263821409605,-0.11304842538449142,0.14435558575105847,0.25379457869915295,0.3830252028106868,0.10916086692901694,0.002678847356002343,0.43290774414000155
0.13360550271453647,0.0017645879136375172,-0.006200819022932746,0.03749301185555737,0.012669778911384719,-0.0891409788868601,0.05933047441763305,-0.22919650278389048,-0.13554993011546806,0.2214109370563944,-0.002273065888381459,0.18835152803660624,0.25045799631918386,0.24188269193841994,0.11891732766796174,0.2458841884825921,0.23455498172176084,0.04738836480289217,0.2479749543801205,-0.03013392943668222,0.14022536778960593,0.43595372428100626,0.09288508789941402,0.05345075719799383,-0.060554208276751995,0.38943720743251337,0.09961901671661301,0.13605887915264708,-0.0005441907923565897,0.2743823056659137,0.5428911586194562,0.47147137048694143,0.27539388530313014,0.08042622726758572,0.2550872532009993,0.10608155842008272,0.26845454418632586,0.41337521535198396,0.23954145825221393,0.16789540439627715,0.1712589038835535,0.9999999999999998,0.6440112069139728,0.34333640534597454,0.2355199450741871,0.37734119587770226,0.25525539089283245,-0.17475057053870505,-0.048112872921027346,-0.0118102507223384,0.03882490974273404,-0.26948466699723556,0.04456069389558759,0.034577361258232964,-0.1812261779617236,-0.128892181298862,-0.19482921514344476,-0.298169837614566,0.08570986105818645,-0.12296745636184674,0.06858064391439024,0.18151782873774935,0.1346443951524242,0.3428252833061544,0.2162387042169196,0.05591729520219193,-0.04263355441768829,0.317496997134108,0.15835083912594036,-0.08120517942635667,0.128365167534308,0.21444315822122156,-0.030710879055290383,-0.042228822643740234,0.17905291587884026,0.13753722174430136,-0.061295869795650465,-0.014539195518203258,0.19912529073819607,0.3269166842565968,-0.028577171179736488,-0.03225196623860805,0.15559240003160738,0.08392247184718027,-0.2625353725129957,0.018593329213423677,0.12727203483160607,0.036741712842535225,-0.2698423001963498,-0.1429210966607172,0.1612319321790345,0.05349749629739986,0.06844825401369345,0.5826380386485965,0.34899332557076523,0.3954587001353564,0.23787797786171946,-0.17857629829523686,-0.07007459263795568,-0.09090913393500857
0.11162830033328904,-0.13372699084286824,-0.2270043444678864,0.12608035803388884,-0.07657435845363228,-0.2484023857404328,0.16716557841982255,-0.2719505528305694,-0.300873917195548,0.42595935820106845,-0.14184466476590693,0.2007151444600168,0.23639293168297448,0.15555367210829585,0.05537840082624542,0.33279236045893684,0.24924984630786834,0.05335588812539182,0.18906828164737585,-0.17146432096252112,-0.023878422691502876,0.48728820385361116,0.09917500379793898,0.11697169103332458,-0.18001454894088773,0.08204625252611286,0.2843077814150489,0.2232414486472767,-0.14995929824628554,0.3412199376106596,0.48584294514416226,0.5296303270690873,0.39506298256541156,0.15078275076852998,0.4957037814863075,0.1001715077744215,0.37919560802954444,0.5033291695937215,0.4658531736051446,0.43045482363005816,0.389566954843356,0.6440112069139728,1.0,0.27512133040339326,0.5236458099194149,0.6330008237409809,0.35827639031666064,-0.19100865103076298,-0.2755318856669722,-0.02257873600239871,0.043194674735402366,-0.19521067379826806,0.15437211712907412,0.11813682481610907,-0.25587256427038574,-0.3137191854814968,-0.09294991136824494,-0.4283025556110027,0.22396693689948877,-0.27472827081043877,-0.05292612371536918,0.11418116375436811,0.2035555722326669,0.368833363160702,0.06984684362064973,-0.02283588321652209,0.011715072202113966,0.29815162834742687,0.18940519839150746,0.027877292491074596,0.10734044643192141,0.18657715069050723,0.04640097776235928,0.15790187146727108,0.17073773492731467,-0.16079416212848144,-0.1340667806921191,0.062174258147282536,0.2575433453372356,0.409105550515964,0.06661241563251406,0.008666446265729417,0.31886930390711193,0.25373063826973585,-0.16135431219934743,0.02784871535296383,0.20553652125566238,0.07177928687518101,-0.1954327121028987,-0.07222911724034727,0.11766372224828443,0.15233647558857685,0.275905754243338,0.4094185337367883,0.2930351646339626,0.21368870282923494,0.32717684522177326,-0.17898411151882385,-0.23554076951565994,-0.07058205386272995
0.3674261135774995,0.18540169328121425,0.0822897030079907,0.21573102379595943,-0.03381958791714115,0.11824154472290284,0.2557875338727306,0.04804370969442632,0.0008871775324008468,0.0010453277965993715,-0.03331247810141252,0.23067610946708791,0.32113137567843575,0.4225860012327442,0.36863513209041693,0.23619887270264478,0.2773331873455907,-0.03997783157092851,0.284984372268461,0.14075874521947937,0.2985776840208044,0.28323596877746754,0.1403859468930901,-0.19042733865633102,-0.06812675754025281,0.3186376477836352,0.27256375025369256,0.2790186301735604,0.1670052844415961,0.20770111729876284,0.5740712735801402,0.33349103070194724,0.33947958343725804,-0.03674767137411218,0.14625433005588134,0.20222831517253823,0.46727870896619644,0.3582106088862831,0.2086310061758596,0.0749950690380773,0.15109673329964002,0.3433364053459746,0.27512133040339326,0.9999999999999998,0.37026578043676683,0.31077633859965753,0.1669378882879985,0.08629541976002437,0.36736856890024117,0.44119343187474314,0.34893443849235256,0.11515208791601286,0.14160302664916463,-0.01157043146490153,0.03468622122838483,0.09533953925126107,0.04719547792106755,-0.18703823122133964,0.09618526368285267,-0.11218451035934975,0.10964541738388593,0.387425037553772,0.33010413191753396,0.39879733270975054,0.2818347942097263,0.26725059554132763,0.12694542709408535,0.3795991118898335,0.03418336856002833,-0.0975577479655624,0.09694090762290498,0.28319186884901576,-0.06058796046410858,-0.17580913697073666,0.043896615726450094,-0.04226025656189185,0.154375051230063,-0.00016849469065963085,0.40163321153056675,0.3414683443209324,-0.019491700658844292,0.061389344993725975,0.3056487384489743,0.1981190483648227,0.057247291992165786,0.10489590196863345,0.3886011652077722,0.28099106443633803,-0.07274602603111432,-0.02855509099366612,0.3516251672174031,-0.015397123139721542,-0.05795465857023606,0.5337808767852716,0.3250095229041703,0.8012181773295732,0.2665987537182124,0.05391659712019793,0.19139812249819102,0.31719842739141846
0.00123585191124818,0.04362455738568383,-0.06866922697019673,0.18262321318617952,-0.022627347841459197,0.01720638198252214,0.20143678419218328,-0.026046725003762355,-0.07800769462022542,0.24973979423289475,-0.16410112120379589,-0.04779722193740841,0.15401869054942377,0.1804500198590979,0.20131721136131817,0.2510236440261781,0.1524823001043612,0.06346489276569987,0.13447309614669598,0.022934514036168502,0.08820958559374029,0.28349777129487186,0.2703853479663538,0.13547776445384027,-0.29596659325297825,0.10139405770555462,0.5951633547723868,0.4243804723007924,0.12295144369949172,0.3768597216808636,0.378347867457611,0.15095873536973886,0.185716441487365,-0.017012625041157227,0.4494386341872346,0.12223866712137718,0.22627357399070663,0.1957027909836771,0.21450899720686128,0.24584582796157062,0.2004204857291348,0.2355199450741871,0.5236458099194149,0.37026578043676683,0.9999999999999998,0.47312010791766806,0.3280034679478772,0.290957709258769,-0.12710975010213535,0.05377694089172859,0.0696053705830121,0.13348890976285796,0.24871325701503227,0.13414849707314938,-0.020345920142738585,-0.06572291358927766,-0.013624407238246745,-0.25407655327070666,0.15453737958339367,-0.32668544740344213,-0.24073014652220687,0.055189551087147445,0.09091448732515788,0.19228493180411363,0.11066281835518053,0.1876828264687242,-0.04906577559754529,0.12986946068996164,0.17173244926734968,0.03863491652764154,0.1711271616829949,0.2704928341745233,0.28222329654071576,0.0655540056984729,0.09861553810953548,-0.13733122813035778,0.10329963886616406,0.23716971738258538,0.41225828211405197,0.15232278716487221,0.26497744679081375,-0.012627696973131201,0.6119037861141989,0.2984794479362004,0.3565702203245703,0.2086041712928513,0.22916311466500255,0.23676794704265253,0.05566510198889837,-0.0206961956107231,0.09669930143661268,-0.15479097700743055,0.1370838658300913,0.3017221262977449,0.17878685119843551,0.14098610601882897,0.3599738524195061,0.28242005958944744,-0.18363935348565535,0.011191635539654587
0.022624444703377353,-0.10884849874797534,-0.08712325230335011,0.009357568738857359,-0.145242792387294,-0.08894987681608159,0.19565845244099112,-0.1594595291582179,-0.07005485142933603,0.3162941159788562,0.03058072662988258,0.23524785867335452,0.25433888323141246,0.16170766191893918,0.09221324733085841,0.2256500743629159,0.18271767558501817,0.0364549851724294,0.16547324177066644,-0.14245158906737915,-0.022670367807354475,0.25030735652782676,0.12922825005271527,0.016121317713378894,-0.030342151815617474,-0.0524514896199156,0.6148669647380547,0.26466706590514943,-0.19164768653516248,0.42443595042233906,0.1840942269347189,0.4154478596664287,0.2732870683792977,0.01142243385457602,0.3715314411098275,0.2392477571891149,0.4287368463330856,0.5297170198945265,0.5222058166540271,0.38931333234242393,0.5242786317741215,0.37734119587770226,0.6330008237409808,0.3107763385996576,0.47312010791766806,0.9999999999999998,0.4565372743738379,0.07589434474381734,-0.07083707744451927,0.179464256260998,-0.0535870993675517,-0.10892037427436889,0.07826760418302715,-0.013475123082930886,-0.20815467986300268,-0.11351207579325294,-0.09033302738020615,-0.2589602813442706,0.16277736603935777,-0.10885719092665792,0.03328387071062198,0.1743503601774451,0.25416722672421743,0.2307497418715058,0.017181433042922998,0.08943308842143029,0.026062601353953076,0.24369606176612507,0.030536498370453635,-0.04656835407117383,0.00924298740780117,0.1581552836496646,0.05284716385805453,0.1780435394594889,0.1620440351527352,-0.2974650064721842,-0.2188758997936659,0.15174584532299049,0.049473293023352835,0.3128512701894188,-0.08586372758003764,0.06892257590527244,0.2435907256745707,0.10039823136215788,0.1276238304143508,0.0809844934872911,0.10410175237801354,0.10076776290185951,-0.11730092372030551,0.10525365807025311,0.05223215014086929,0.14022955265389875,0.3092413254376266,0.10853740351113417,0.16949060197568813,0.20396563011847105,0.5393606747995683,-0.026722523651934,-0.20888892027522532,0.05255765699679394
0.05611894094078479,0.012080325505484185,-0.058081139944024925,0.05957291001629755,-0.08394781686872803,-0.07966010856460605,0.116493122694269,-0.20664105469670527,-0.16352895943719478,0.261070727896505,0.13881821529909166,-0.0004270134172653857,-0.11230146055414056,0.15415143183734956,0.16342158306742752,0.131555238370498,0.11908029347307879,0.23383237842301666,0.21326787563080526,-0.07248737741183527,0.06989771602275294,0.39962397661317006,0.2674615434545103,0.12367000029016262,0.004036429389833691,0.07701931454596664,0.3861453191578035,0.3781347001954307,0.03400280444531688,0.5316833825125736,0.3177151240682902,0.19302388413338928,0.3927276733683438,0.5778137846839332,0.6483300327431035,0.6379928728365395,0.4253493833635007,0.4311403954694861,0.5334306135709759,0.33193896875221823,0.6937796125163135,0.25525539089283245,0.35827639031666064,0.1669378882879985,0.3280034679478772,0.4565372743738379,1.0,0.5087259104069366,0.05851950913867185,0.3354194762376898,-0.006353809024129277,-0.011642018851977423,0.0982199911354585,0.039271892302335173,0.03977214610042681,-0.1100575632905837,-0.17609254624661388,-0.2974677035761455,0.2343343035176149,-0.009506292950833968,-0.17315438893853907,-0.1097536091117085,-0.12370270697778539,0.042128453138042116,0.15507858994277113,0.0483487423223958,-0.004218113604652208,0.11559906908623756,0.4526066246241889,0.0903000735908,0.04112288703324612,0.28729510353802096,0.10898684515709435,0.11195237054498991,0.30920157667111164,-0.25717471004194287,-0.03305753811387015,0.1349646927929413,0.151256212299273,0.20564376502778645,0.36264739439439775,0.539341111372133,0.3607521435401505,0.2976366349801055,0.25336572255220025,0.49528617296044336,0.31252889849877663,0.3361389718996648,0.21220290961391314,0.2973867250428076,0.43826158619119787,0.18201797010719256,0.24299648069888302,0.1284401034122778,0.19945164866384246,0.1811970512002921,0.3406458956779035,0.42069521924942066,-0.05858885041339589,0.29859745250282566
0.08940900704785554,-0.005358029473066313,0.15367751165827803,-0.05739808094610601,-0.14961598800999035,0.1660369101136249,0.12403729555061815,-0.03858241524027343,0.07074264686035148,0.060127305464598664,0.24321779896828194,-0.010921162741517994,-0.0304335660750831,0.18804182693659013,0.2594448877091975,0.064537735679103,0.14043789837305976,0.14520138698231483,0.13280514758768477,0.2645535718710618,0.09482711696704775,0.016706731196665242,0.38589751388973004,0.33478579343558595,0.02147236665314671,0.06417144867624315,0.5564158583872486,0.41161129066939756,0.3083412039468164,0.3481275279372466,0.060728100074371086,-0.07961241541249513,0.12738118222911385,0.27115639677426534,0.4673900742912211,0.392288567496216,0.02575055729520154,-0.032297500161848375,-0.012568607165449771,0.03998182094954077,0.24552612936946103,-0.17475057053870505,-0.19100865103076298,0.08629541976002437,0.290957709258769,0.07589434474381734,0.5087259104069367,0.9999999999999998,0.24980628128249982,0.26233106893688424,0.06794880667154846,0.19814973613736767,0.10512219729308,0.05839449675792655,0.15800913883542664,0.20627086146164691,-0.17220917910917488,-0.10930779555134308,0.10611452308099173,0.11171337285062506,-0.14803217917423334,-0.058754661742188664,-0.11402659892948452,-0.17972981142508976,0.1010301485019023,0.21355677765720427,0.014421383227755921,-0.04499311860046172,0.2329927149071627,-0.002283041098791878,0.06546784485616242,0.06333966087545774,0.1807513172268063,0.10629875761567069,0.05754926492128938,-0.12502729757012127,0.24661301428000995,0.26623344202211935,0.07489640264052326,0.05943303257443503,0.2857571311394255,0.28882801359865673,0.2708805639654925,0.11699416938755339,0.5489370527864559,0.2922530148226198,0.006307271274611992,0.37090741933364585,0.35499470333753214,0.136787513088615,0.17795949976529538,-0.051421600316651696,-0.0738973711410278,-0.005331654570189102,-0.18583625889040659,-0.026636520069169296,-0.0004523250675894198,0.7133756075203778,0.10560075869912743,0.1737196282020134
0.5350822106086687,0.32390103568605266,0.48839238819356623,-0.10860373469133364,0.14112728485017792,0.5801707221819218,0.2870922639297139,0.3349177659044411,0.5262793797626566,-0.08457680083133798,0.504070493076394,0.45719272880289014,0.25110457482457493,0.3092259135765381,0.4545343266356887,0.012790309823687592,0.21135860484592528,0.016909737833325663,0.20421516724333288,0.5091441727256669,0.4486510604244038,-0.11143895561626951,-0.005543676140902071,-0.14423938127969388,0.29675152065254295,0.09157991950455625,0.10749284578680458,0.08559059511764454,0.270310139779972,0.07314424410789232,0.16648253576603414,0.20953811943080095,0.2316545379486118,-0.07363114931669974,-0.12472790874066966,0.3007631416581313,0.031882213951580966,0.1949311835040589,0.012996534247637956,-0.013260469354955229,0.030110488192868358,-0.048112872921027346,-0.2755318856669722,0.36736856890024117,-0.12710975010213535,-0.07083707744451927,0.05851950913867185,0.24980628128249982,1.0,0.6457744958071681,0.4593096970773769,0.29935555153228804,0.04077249770312903,-0.1858289105991109,0.41349943774172365,0.6664022423433519,0.12293663584460661,0.30036995008933653,0.08432699335921692,0.3978328349731102,0.3298355942745051,0.2910076449351598,0.20795665304926306,0.1154824021909052,0.2539869527046459,0.44247158816524323,0.4086838303228136,0.17219681977868623,-0.14562066388207548,-0.08152703148985391,0.23660744312219403,-0.10191729663588359,-0.13340089102805905,-0.04911030362846971,-0.07437825999009134,-0.0627858436937113,0.3793482528684911,0.06640464238235691,-0.025382959099434742,0.27142163652064644,-0.23313795153025604,0.0572360714715148,-0.11827464334691123,-0.1935964747429004,0.07571552554308347,-0.018465050863864508,-0.03087302548700304,0.0723296795730666,0.2887783244887017,0.11079834186714396,0.3477904631761056,-0.016943202383677452,-0.29121993069761504,0.06601326839098737,-0.0904382637608814,0.3007957695988051,-0.1902400574390282,0.21014302116854003,0.8067090716673981,0.49617884143590335
0.48330845680332263,0.06820943593900305,0.059959302566883005,0.10992650451484692,-0.00016380621188005973,0.18210576165776668,0.4937824894465131,0.028699131055840803,0.05222277066652517,0.00531427436111598,0.33709869388670877,0.33594735577834867,0.26244719006200024,0.35327766863158405,0.46981408441776706,0.17769169442351124,0.31225726988330266,-0.021965466974808428,0.29667656501864903,0.39757041085657463,0.34428699318100486,0.004611887487918633,-0.004652268523983534,-0.20906256482110241,0.059508495264242525,0.009774472406231678,0.13140988477522625,-0.016632457796334543,0.2994374137612717,0.021704381582003236,0.18983243610229608,0.1546214743298248,0.40009268404339376,0.22148141066499405,0.0037463263429894835,0.4288754200377041,0.2481421659163742,0.4301068347535076,0.42359091941213994,0.23503536227866018,0.5222317322500508,-0.0118102507223384,-0.02257873600239871,0.44119343187474314,0.05377694089172858,0.17946425626099802,0.3354194762376898,0.26233106893688424,0.6457744958071681,0.9999999999999998,0.3186176673605052,0.20000905705144617,0.31260698389904634,0.11576830500266048,0.16853558042388403,0.2756809094259558,0.038507010830068536,-0.1097475848950579,0.0470228586628691,0.2412801495392951,0.32233435938897576,0.36631714680615396,0.15516066872025142,0.11348572185574818,0.24505771928708775,0.3418969016592148,0.45023703343370025,0.21112657858402506,-0.016637151069704963,-0.016475771428238722,0.21047306432743623,-0.004201533729590972,-0.17023224058272937,0.21394918276377248,0.11672780254898586,-0.2705454556117101,0.26733500819531747,-0.22213890972644268,0.10300680520118535,0.28427682618685096,0.01652821578596349,0.33901938641868845,-0.016216720691755882,-0.06890358202916419,0.12444451694951528,0.22506972123132457,0.2648540597107353,-0.03277127825629274,0.2278679331587192,0.5097383017301216,0.5300497449412446,0.1974972500169055,-0.057170528000497114,-0.006476323325044307,0.14685884430052948,0.48657887059752575,0.1856289986772018,0.21010500179693684,0.5936638583047006,0.8589707868611297
0.727005393398535,0.545667489513492,0.5478418349685621,0.29951980659400845,0.2426266285755636,0.4501502604058587,0.4729383332094789,0.4958179999297198,0.3456310228719348,0.08686890175637632,0.28238359581315825,0.37808017928020415,0.27159637794905594,0.3757019596426507,0.5339562904960643,0.44225905003987964,0.22908811216469316,0.2967403341299204,0.21298201361499788,0.5531360049112825,0.43977079664578467,0.260494539927213,0.2582300312216563,0.006949622005068009,0.10164433399332895,0.29321713740574284,0.03132932359533409,0.1601756942221343,0.22681274235383558,0.24627156673427517,0.30858768776781337,0.3431526669457094,0.3415245645479637,0.08759625834625168,0.07647656810031886,0.01013614107924093,-0.037393098504231816,0.3158204770179682,0.1390310291945374,0.2655560524425481,-0.07068238553698374,0.03882490974273404,0.043194674735402366,0.34893443849235256,0.0696053705830121,-0.0535870993675517,-0.006353809024129277,0.06794880667154846,0.4593096970773769,0.3186176673605051,0.9999999999999998,0.6492753185303904,0.5100501615579666,0.11852530611946913,0.399024601161815,0.38348640251588306,0.5157178323238008,0.22355288905125675,0.23180509655212067,0.11861136312616277,0.21056195008102815,0.2595572962596365,0.37498427195973305,0.3490335014186409,0.3926410575324417,0.5304809611179718,0.6502891264052533,0.22955515854254424,0.06930408104646749,0.391606142735059,0.43172033752802164,0.20286426286588663,0.12979671842875024,-0.0029027871210667447,0.13588008995717502,0.04658022519503217,0.5104787704834441,0.2851342162360831,0.12833024850682326,0.5141602501884585,-0.00969593387244518,-0.07443762482185716,0.017228888080481508,0.12187938532177736,0.053912222382089786,0.08811956809980978,0.056853138321966507,-0.027529505205232462,0.24757460405521448,-0.08248648505078206,0.4606264239625611,0.10844292761266888,-0.07174796471723714,0.3304817919343249,0.1300581317799101,0.40244164719632164,0.02827537652247846,0.17562020827173136,0.42657196515765883,0.3043806414805281
0.250090296687593,0.7467219623402654,0.6107368895866518,0.48488940345683795,0.46548306663358024,0.6151062377350389,0.38786175220310437,0.7115582588594548,0.5163468733091423,0.06368713374090375,0.1659964689470631,0.039244037811425075,-0.07835140755952111,0.2477969213127738,0.4948364372391597,0.30369294204233943,0.17314800020585874,0.42692128611055524,0.10396801460227016,0.5558081560763164,0.5073591599984899,0.11955677809728549,0.24855307339616398,0.04261327266478887,-0.0621195332032197,0.22248981637953122,0.07921660994261057,0.30083912224114784,0.4995180401960354,0.30910939833881723,0.06212326599394784,-0.054286787256096695,0.16597826375265987,0.12624110757759296,0.010070081644321886,0.09488526635392816,0.08483970296987975,0.099632707358545,-0.022149410309282247,0.0862503784311817,-0.15073533245457343,-0.26948466699723556,-0.19521067379826806,0.11515208791601288,0.13348890976285796,-0.10892037427436889,-0.011642018851977423,0.19814973613736767,0.299355551532288,0.20000905705144614,0.6492753185303906,0.9999999999999998,0.5492666444013959,0.20026698284959646,0.7082146372013138,0.4739976640535777,0.760966532148131,0.5142746075246806,0.27005068805966265,0.04588970109452246,-0.015068104449774451,-0.0542826734828883,0.2268883095581594,0.1245807886345649,0.3903272555480652,0.4664039858254258,0.36938856508717755,0.07454173483915894,0.16337740820401278,0.5178432182925926,0.40114784771626294,0.22298601410794558,0.23237400158968732,-0.1663770875720957,0.07526499735237954,0.06672008690823826,0.5870796366195902,0.39792884035442205,-0.03962301050041479,0.13438775433678563,0.18194628115334194,-0.07692056318774014,0.05863798333080049,0.1375165676867742,0.3225155004591239,0.22717242007545604,0.20805975285805428,0.1482752544397853,0.5015157473974794,-0.12334056920244729,0.27719325281502377,-0.12398815622081036,-0.07037606735355141,0.11518483356834432,0.01056942988320452,0.08939751245813303,0.00654393315130833,0.3378531402822236,0.25114855373220657,0.19652666161047191
0.38979696309468703,0.3631937294262048,0.26864825024070443,0.41120977848134843,0.11538404990152593,0.2431178025265273,0.7755174266435987,0.4108076992507245,0.1335898207989545,0.3632296353799496,0.1582077414926518,0.207479423660594,0.18343026692551387,0.5301017767428368,0.5338426238221116,0.7245750429065636,0.45833018524191677,0.4773753115032697,0.4756054515165254,0.5227200605835859,0.5214813883609404,0.3340233141624059,0.5228922099776518,0.12033688011411298,-0.09661657989564602,0.23835872759502755,0.04195953592539729,0.12561265510542577,0.31831861622206636,0.27026519600832927,0.28815810369590433,0.17747360890873684,0.31035642404901004,0.2474815119388474,0.16394763062276219,-0.050349535653199225,0.05263503047491272,0.4125947219649333,0.3660931772284412,0.4261468781245205,0.04031615445640483,0.04456069389558758,0.1543721171290741,0.14160302664916463,0.24871325701503227,0.07826760418302714,0.0982199911354585,0.10512219729308,0.04077249770312904,0.31260698389904634,0.5100501615579666,0.5492666444013959,0.9999999999999998,0.2490547906995044,0.16519007957491547,0.1500047450311027,0.4299645256323619,-0.003898976159221039,0.24854244799602906,-0.21734799746365252,-0.06720212946367238,0.0756638611545165,0.37999645364552964,0.4083003068159643,0.4886247406053365,0.4285150427509239,0.5193932197757695,0.455156403050778,0.43276375881004164,0.6682065117216011,0.6122594457355967,0.42002308722171205,0.42900177945914686,0.34739552734408424,0.22965085216012082,-0.15501445967885794,0.47753706468382795,0.22282157288118132,0.2103242965545997,0.33024824584663515,0.20796488558143256,-0.023675544485685235,0.18929385032089915,0.3143017050367884,0.15478334179716874,0.30850914049645745,0.1598523675110492,-0.09450967850672667,0.1259518705819966,0.036390285779588936,0.32451584273855644,0.30905798453441174,0.2287630877517831,0.16105665447833303,0.16360630699673193,0.20525432362804621,0.25050733504766937,0.29390733701650673,0.055183431976748375,0.2786421587058417
0.20478241515121343,0.07257672986102708,-0.13401732886445933,0.6347469607360378,0.37919097392176004,-0.2030702626361551,0.10879206527039682,-0.11113431722863644,-0.27625770570832314,0.07861554161063486,0.1318874057252956,-0.14492011713892528,0.008401613006144787,-0.14313876801665915,0.08970112957626351,0.2980982645471183,0.03555948248420945,0.13978925817308838,0.03623754514611908,0.07813808826912953,-0.0225621072210226,0.15336141421726135,0.025564740275301624,0.20312119911521354,-0.12687436040023356,0.11127352091615145,-0.16387626483268564,-0.08737319505371464,0.2686427237486088,0.03760526576495804,0.11459872406411852,0.08477930111855185,0.0917070717956766,0.3999898594466326,0.012988347806097953,0.058073719821633764,0.0665224655463054,0.041824739768269496,0.04152543806696378,0.07945761784174889,0.13360166050749206,0.03457736125823296,0.11813682481610906,-0.01157043146490153,0.13414849707314938,-0.013475123082930885,0.039271892302335173,0.05839449675792655,-0.1858289105991109,0.11576830500266048,0.11852530611946913,0.20026698284959646,0.2490547906995044,1.0,0.03321570555569137,-0.3084188015826632,0.22494587397908325,-0.021825332320538637,0.021652801758381374,0.24943600451629602,0.16618381501210022,-0.007468983444842976,-0.3697630965811181,-0.24160950612086862,-0.028802132737545835,-0.038197196728519116,0.020257660810365882,-0.18286744627461515,0.23543136828499767,0.17568399511538477,0.011218229844141893,0.07709323756568402,-0.09903729505430772,-0.05396563647192167,0.2835144960523544,0.17334526081171547,0.18018765212952403,0.03558009879409564,0.20864230684861357,0.2560922925697527,0.3932286022226754,0.40609971933078415,0.17298660961266502,0.12724426829808183,0.019876549323256183,0.2714333337697425,0.3748028563493894,-0.1303586144959348,0.16351094605778405,0.1869600550211034,0.2892870840188569,0.0684662658484122,-0.10280854690582314,0.26501278305153453,0.19882540996078518,0.11287225607031141,0.2729873444053614,0.20220204267944356,-0.01903404645233612,0.28695634677964627
0.13040109340016698,0.5584963218334337,0.5785366639917091,0.27967985398736367,0.6851003429096948,0.6550415406890506,0.11513380779139863,0.4765974113441198,0.5176978122350625,-0.014649033044821716,0.19840469584093826,0.030631774629593978,-0.24186351036453504,-0.009278001189629069,0.18603681143411357,-0.010137643911476426,0.08405116808937643,0.1761969451777413,-0.05812429757533423,0.44177265117154285,0.27613405098825,0.02483590026083116,0.012693604212456796,0.021919407554571405,0.13561725986401077,0.21245971380673437,0.0077345181221912885,0.3024434821107747,0.34317440212372674,0.14102507662619332,-0.1564091731468562,-0.13548996348185,-0.03217892367296156,-0.024571620986250785,-0.010812540170627312,0.17696617894860503,0.037674655809564334,-0.04759532172609003,-0.1373341124705714,0.029348996282019844,-0.17206167217241275,-0.1812261779617236,-0.25587256427038574,0.03468622122838483,-0.020345920142738585,-0.20815467986300268,0.0397721461004268,0.15800913883542664,0.41349943774172365,0.16853558042388403,0.399024601161815,0.7082146372013138,0.1651900795749155,0.03321570555569137,1.0,0.6022595623432496,0.47305976133772976,0.6295303005492652,0.18640893875242584,0.09831972191441458,-0.045407767751006044,-0.18567522141866827,0.0544307554164807,-0.12390945714877555,0.2218541075392438,0.12785893267070497,0.2623221289555488,-0.0296292742478108,0.10035247603894373,0.22112557504646635,0.15381164614669252,0.20219560238811984,-0.01416702071791317,-0.2216882865581851,0.1565404406311796,0.10255524220812635,0.46087569302013703,0.26746857435936433,-0.1260420936460002,0.05037063033605415,0.258540381920189,0.04635208760115787,0.15275303923153113,0.16407387418721853,0.27505299563799285,0.2690290751791921,0.20590719579902036,0.336493088036935,0.5825320900504568,0.0334654678097029,0.22123621944599478,-0.2603866200672047,-0.1874881717830876,0.12211779283965309,0.1479979405427996,0.05264682810333242,-0.0444287286001848,0.321613207983543,0.432741537413995,0.2010789953144606
0.22634994242872977,0.3366213313637679,0.7678533322334244,-0.2901398450766926,0.1104183105829297,0.9193458521657838,0.2366804911939193,0.5539188480178225,0.8362322152829448,0.000961587403317742,0.4013798804669665,0.36411426602011376,0.15751655503217224,0.27394794543494155,0.2776479340476331,-0.029277015999514537,0.3597695024064719,0.10839365339106462,0.18353766712093655,0.6829704270340606,0.4650160451064194,-0.13335821118818444,0.03180128394528735,0.023615695833144396,0.26784374162330243,0.14530728420382866,0.13820140495714542,0.19541961457888976,0.3213942735397832,0.0572603970380261,-0.1120639699744058,-0.017714066266658755,0.02011858483762603,-0.25968703980909935,-0.13623695236203376,0.05574705963370714,-0.10430849142668702,0.0038409752572661957,-0.1798527634687649,-0.010134061287145713,-0.2918750876870204,-0.128892181298862,-0.3137191854814968,0.09533953925126108,-0.06572291358927766,-0.11351207579325294,-0.1100575632905837,0.20627086146164694,0.6664022423433519,0.27568090942595574,0.38348640251588306,0.4739976640535777,0.15000474503110273,-0.3084188015826632,0.6022595623432496,0.9999999999999998,0.20329452075481225,0.5430212680910453,0.07039838100328764,0.2374443773125494,0.14398171285408487,0.08289855310399194,0.3329353477043249,0.13089791223757002,0.3069490841532809,0.32732133868000174,0.3740001559315363,0.21223426263818668,-0.17170966679061395,0.016356274760941508,0.36069524822724697,-0.07095324258438893,0.0018169780372197224,-0.009353215835281828,-0.06205452051179938,0.1219853129491729,0.4929129378581027,0.14685306043577107,-0.31582846597262415,0.021555522479560954,-0.22517397463819933,-0.32238466976393804,-0.20602466945270792,-0.17963651843785775,0.15741237628280766,-0.1850771459933531,-0.14056998510864718,0.16626461572760926,0.39208306063592646,-0.16852512579747495,-0.0268375819755645,-0.16058665492182822,-0.2676267515443657,-0.035419530716245165,-0.28773518376953694,-0.028457190923905105,-0.33376258315456075,0.20416158450104255,0.5910636498848514,0.11177163883308175
0.15856161740973196,0.7709472966570412,0.45459105021758756,0.5623747451197436,0.5254755390555437,0.33240477106987615,0.3161851608139632,0.7561671552298582,0.34685638164297505,0.06524969603893468,0.013075017679131136,-0.03386765992354873,-0.05253775422602812,0.13073908408889112,0.25311676889406554,0.3410053803620819,-0.013772809535075998,0.5177683983805275,0.060868984056227225,0.2906389125041427,0.3262269847083978,0.06061352814484586,0.10627421013510593,-0.08483109802389888,-0.12970385882468058,0.12097372277993176,-0.10991612578169058,0.09963356752952898,0.325494411276122,0.1554041759646717,0.05798027102388603,-0.002946878184899861,0.11479397753483654,0.14211606427866985,-0.11067856811563287,0.016026734631913297,0.14874242479752361,0.1452755818161127,0.07323158845534196,0.030809339479967727,-0.14519766151724683,-0.19482921514344476,-0.09294991136824496,0.04719547792106755,-0.013624407238246745,-0.09033302738020617,-0.17609254624661388,-0.17220917910917488,0.12293663584460661,0.038507010830068536,0.5157178323238008,0.760966532148131,0.429964525632362,0.22494587397908325,0.47305976133772976,0.20329452075481225,1.0,0.5107916627956064,0.22584119576212722,0.025000957769096614,0.06488040421986918,0.03289287594584079,0.21695051497655773,0.12933674560418357,0.17554669486186772,0.20715645865300988,0.3089031568593292,0.02721357745329118,0.03165115016766788,0.5895371213601396,0.23455685007418686,0.10479095757701397,0.16351622387531628,-0.21419054721674277,-0.018712073028746997,0.03544773487715442,0.3401775465202388,0.2857958245583625,0.011658526908914993,0.08862609978773248,0.023180567105926645,-0.12772468295046133,-0.06579959564010779,-0.04037797279978754,0.07986164124998463,0.022040059948183234,0.1646997093047562,-0.033143515744477776,0.2508066196357202,-0.23225359527329997,0.1576788342088453,-0.0688380771513175,0.06106005755060398,0.003545595210422448,-0.017588023042768654,0.03364837876000639,-0.002756203702257344,0.011944270570116055,0.11373035456270247,0.06132607670846109
-0.009808814592494395,0.5109365136412921,0.5971948247832481,0.06690050280567374,0.5517858688263404,0.6020027785154387,-0.09018143648519128,0.664496195851295,0.7394186980890312,-0.1957362906661257,0.21113925307128376,-0.07442073124577783,-0.227897268759247,-0.17274451562210422,-0.07755614563107814,-0.10182412803322981,-0.17421555827921575,0.1578217504874092,-0.24954767073296324,0.3282286297648477,0.1304034869370349,-0.2810145930702446,-0.10448245223955736,-0.10532717040964878,0.19586714242432182,-0.027216085301250827,-0.1504487158083877,0.07920948731955406,0.1401162963000663,-0.06904810921453465,-0.2666456367088908,-0.14910256979002223,-0.1482569301235194,-0.18065720667319216,-0.26890570019527976,0.04944818482175295,0.004695987615428108,-0.2878492173908116,-0.37576819736222794,-0.2590267523098743,-0.40876573786472914,-0.298169837614566,-0.4283025556110027,-0.18703823122133964,-0.25407655327070666,-0.2589602813442706,-0.2974677035761455,-0.10930779555134308,0.30036995008933653,-0.1097475848950579,0.22355288905125675,0.5142746075246806,-0.003898976159221039,-0.021825332320538633,0.6295303005492652,0.5430212680910453,0.5107916627956064,1.0,-0.029644023332890748,0.21057692978579667,-0.023002283366310657,-0.25981019167129,0.04412928791330664,-0.17309201092514978,0.039804193634515664,0.04409222714568824,0.05752555138515072,-0.2297175811863195,-0.1486501242473182,0.16729273304120398,0.08413423674349506,-0.04923974271156735,0.001760847811338534,-0.27585184109972954,-0.08716401937599128,0.19299208492196324,0.24159410635562908,0.2701256019945015,-0.25210040367419734,-0.07519929081584523,-0.07959571611505725,-0.11993041737840034,-0.14815902931243305,-0.09750398265481093,0.09298203769033464,-0.005937011432293874,0.0007751758023127312,0.0836994430250719,0.47330579392914784,-0.12747622122462368,-0.08170046800452604,-0.2710557463624824,-0.2356076437411065,-0.10762825335873932,-0.1267231274096615,-0.19128953772429705,-0.16938937218883718,0.11521667066734771,0.26766366619993,-0.046049887712966
0.18278063138142406,0.24345468111554347,0.14636731255285582,0.22217041811025495,0.19429865897360207,0.17868119945404848,0.2501842212607391,0.1661227507023645,0.06410101837307812,0.7598042113681703,0.3026062310177478,0.3476399777194638,-0.09707984923213286,0.3290377735926019,0.35729949824426394,0.20174455057405796,0.29417048378343347,0.40564864318273863,0.3353107313874835,0.14219623357051023,0.31631133856291,0.2844756469145675,0.4047026583665587,0.3585379326012253,0.28093389760976717,0.18257322609757612,0.1771651616598134,0.4179719002723776,0.08502471176717102,0.3674636564752186,0.24094602212114083,0.2622591362789016,0.23387244340767901,0.26060600843986487,0.3116332329311613,0.17216265753628704,0.14749709237344563,0.4300786969544846,0.44638109282744315,0.5111665619576817,0.21339677225207135,0.08570986105818647,0.22396693689948877,0.09618526368285267,0.15453737958339367,0.16277736603935777,0.2343343035176149,0.10611452308099173,0.08432699335921692,0.0470228586628691,0.23180509655212067,0.27005068805966265,0.24854244799602906,0.021652801758381374,0.18640893875242584,0.07039838100328764,0.22584119576212722,-0.029644023332890748,1.0,0.0244782817217107,-0.030678704040170746,-0.13657444610406105,0.25086781898307725,0.32002263319794794,0.33629670875520473,0.24138493950522769,0.10323862446574386,0.27100248384957226,0.3185874106686735,0.31805000802867367,0.34645543818894536,0.15478610451740762,0.28893321058536153,0.23284668790569676,0.17851195020646207,-0.052416718994893995,0.19962967765747086,0.3493369608407684,0.1853576160397434,0.2891029684508169,0.04352132136275122,-0.06768915381533747,0.20416758451050648,0.08124623317420172,0.18052931207365797,-0.05236193678432133,0.04234504049018578,0.36429229677823693,0.07114666081846512,-0.2317808314766128,0.1191293720610587,0.4873305715204525,0.5678020107355963,0.15598697468809347,-0.1030321414166331,0.11926998060130725,0.040750123842428446,0.09231285520640921,-0.032749333092152645,-0.0616292629207366
0.14442691880281636,0.05713488446677288,0.2563769986320745,-0.12628578401491744,0.08152114689045897,0.25254796742023555,-0.08650645656531883,-0.010735681868946512,0.22931111708519922,-0.09217019391417432,0.6804672737635582,0.2512493441003413,0.18372000461891788,-0.14653665390436793,0.11596350408033336,-0.12303817940497433,0.10012995461728612,0.014272768447540433,0.05091971811954887,0.21252129025498878,0.10935785236965267,-0.2696943118731722,-0.31213164965830564,0.130535212154307,0.39517778607184023,-0.12807054803181991,-0.1550281309263328,-0.24846911152365253,0.13020062498651455,-0.12216765245056048,-0.10258727271397707,0.02618404838048065,0.10041595432047708,0.1829217129064726,-0.31614160256938667,0.08725729628859326,-0.19721269882329362,-0.04184929070318572,-0.13798769801736036,-0.1030963759573598,0.07413405413897618,-0.12296745636184674,-0.2747282708104388,-0.11218451035934975,-0.3266854474034422,-0.10885719092665792,-0.009506292950833968,0.11171337285062506,0.39783283497311017,0.2412801495392951,0.11861136312616277,0.04588970109452246,-0.21734799746365252,0.24943600451629602,0.09831972191441458,0.23744437731254936,0.025000957769096617,0.21057692978579667,0.024478281721710703,0.9999999999999998,0.5967900113208242,0.17979189395049552,-0.1379066927203591,-0.22448786185051725,-0.09212887398150446,0.06750476186882341,0.09090717693633395,-0.13357752868737988,-0.1884032058470815,-0.07924963842831141,-0.11265884199755935,-0.4175163417164262,-0.4180180268134166,-0.09697526991081667,0.02332191528819573,0.2446270430726696,-0.06982591732984031,-0.21799635756858923,-0.16133411686173807,0.08608294314175878,-0.15839608057899232,0.2632790044943912,-0.39596318877754916,-0.49390013287194884,-0.18418554030605833,-0.19831872737460357,-0.10040772293042285,-0.2248875881106967,0.0926075709074869,0.0735343883439517,0.10346784586650253,0.03443728320342149,-0.33525273055295335,-0.07579923472068191,-0.39988721031831886,-0.08686708800599402,-0.29132739069964736,0.086879099432968,0.3258927721540484,0.2512568931543629
0.22491908816473613,0.0005190949690051995,0.05496791080004045,-0.07882189004884285,-0.04226746759070633,0.06480827868563023,0.06919437234153909,-0.06153770449401762,0.0500368877488115,-0.031613286549925505,0.3594588855319388,0.3927052165492629,0.5955083785299481,-0.009169476547318853,0.16315011190027334,-0.03933709180755948,0.29200691333261247,-0.13806513972444762,0.05630440763710741,0.18690493709887004,0.10835838538297637,-0.05594998733222483,-0.3047026221760472,0.041520092085339654,0.0744192076289927,0.04555549545535404,-0.09653968319859947,-0.2749785279568461,0.058643875257116194,-0.2136129850155529,-0.07683965661050841,0.18811534634907087,0.14646149409446985,0.0022498437004523195,-0.34289057151551044,-0.08489505954802731,-0.18013123034024242,0.2116611794276127,0.06663382155690109,0.07572826330077753,0.11529285711637552,0.06858064391439024,-0.05292612371536918,0.10964541738388593,-0.24073014652220687,0.03328387071062198,-0.1731543889385391,-0.14803217917423334,0.3298355942745051,0.3223343593889758,0.21056195008102815,-0.015068104449774451,-0.06720212946367238,0.16618381501210022,-0.045407767751006044,0.14398171285408487,0.06488040421986918,-0.023002283366310657,-0.030678704040170746,0.5967900113208242,0.9999999999999998,0.6680848358172271,0.10977998028384839,-0.03542967230978605,-0.006511939713136318,0.1587457306188465,0.2123948893316902,0.07691217620282652,-0.3081489205764372,-0.14124649690632562,-0.013249348110766083,-0.2993412681041683,-0.39189664383257367,0.07096962362372561,0.1436080248669265,0.12668114008589595,0.012446706452139997,-0.27108072914097214,-0.19515182825994828,0.21475278115335236,-0.19035400823562798,-0.009673939519941001,-0.3720346997619125,-0.3788448788352745,-0.30121665715571555,-0.28681274253230366,-0.18030889972452493,-0.26882868273713467,-0.13936154204006074,0.057155442498710594,0.023310960411884414,0.1667568669123,-0.19007655855178263,0.05582282866855167,-0.15311182782494387,0.12183934558464697,-0.203974575415006,-0.20648739336725422,0.3551666069841237,0.25504691013959296
0.3054920228816173,0.04677116751861019,0.03751159190252156,-0.05642927436816741,-0.19130815400674173,-0.017378436183055897,0.17377141422337583,-0.02483040062647405,-0.028867122784110053,-0.12206462520645878,0.04353799338001853,0.23990268216150112,0.8672317448931592,0.19819917914944055,0.2890092774969294,0.1435504107925145,0.24032958703837187,-0.07318533583653587,0.17240392113417827,0.2257417923787337,0.2031188503818698,-0.0974978795510134,-0.10731315503619658,-0.16507905760756528,-0.3293080045873243,0.055479585399730136,0.08515973300468484,-0.23805252263821494,0.19699085804577812,-0.031804566144234915,0.16162995834517413,0.19506013153902346,0.27130150281321685,-0.09114885100214781,-0.19879935463083379,-0.10276680843509772,-0.018986708361818053,0.2659251740905933,0.11139273180216164,0.02769135770308708,0.06748134979231862,0.18151782873774935,0.11418116375436811,0.38742503755377206,0.055189551087147445,0.1743503601774451,-0.1097536091117085,-0.058754661742188664,0.2910076449351598,0.36631714680615396,0.2595572962596365,-0.0542826734828883,0.07566386115451648,-0.007468983444842976,-0.18567522141866827,0.08289855310399194,0.03289287594584079,-0.25981019167129,-0.13657444610406108,0.17979189395049552,0.6680848358172271,1.0,0.3040424290148164,0.22578530487797308,0.132800089561028,0.3479879684886237,0.19639450745932482,0.23975839495992762,-0.2496601287870515,-0.08122319505569563,0.12829956289848019,-0.15369045104948018,-0.18100828410819658,0.0244470763874955,-0.03429425519630252,-0.11083104360581753,0.08961318818968832,-0.23556807721007975,0.1152459335279752,0.2631560347361223,-0.2982551022323924,-0.1725603765909475,-0.1700362794982564,-0.2711987726574797,-0.2793045684597715,-0.2196185877254181,-0.055448671447069775,-0.2726841711438543,-0.22244406268924366,-0.07383433877496244,0.02230559771867953,0.0030279236340277076,-0.16409956345315593,0.19247365382942158,0.002873223709051946,0.24559240633721147,-0.04662685724355741,-0.12445604064186712,0.27971676328411327,0.25765663917308945
0.27593145297918686,0.19068439490802755,0.3716401083185785,-0.10964006980292956,-0.1817629734801521,0.3754185545254315,0.42844143616238284,0.34282167014424375,0.3327296439303522,0.28346221268697813,0.04361151302751762,0.5081212631196069,0.43510843234438934,0.6158999527688122,0.41363348566211766,0.35213648349173343,0.48641127010315655,0.1829663078148882,0.39406627932204946,0.3425130660381398,0.4085760321228836,0.2211587828527701,0.2299187653302768,-0.05543195974718328,-0.001023729552932325,0.026026455454743812,0.2123718005071756,0.25919442904610185,0.023147440077012266,0.17314939401851195,0.13587742386111964,0.31503549309561774,0.290684172807386,-0.19199826907631085,0.07674797765047019,-0.12405133119394361,0.15313815285183896,0.38648565815837915,0.28160846356381664,0.36018699025487877,-0.058515560411225014,0.1346443951524242,0.20355557223266693,0.33010413191753396,0.09091448732515788,0.25416722672421743,-0.12370270697778539,-0.11402659892948454,0.20795665304926308,0.15516066872025142,0.37498427195973305,0.2268883095581594,0.37999645364552964,-0.3697630965811181,0.0544307554164807,0.332935347704325,0.21695051497655773,0.044129287913306635,0.25086781898307725,-0.1379066927203591,0.1097799802838484,0.3040424290148164,1.0,0.7714579076773268,0.47901194200381475,0.4170100570596653,0.3888571845318724,0.6645730817854792,-0.019573313411146705,0.26506506979277344,0.44217450499880145,0.256850664663802,0.30339867414074256,0.28068850456305694,-0.06517699582964655,-0.22612346439504305,0.2192361920514923,0.23120435577960705,-0.049788976675256176,0.2680230378972949,-0.37382926493146257,-0.4749205820197916,-0.1235266179808092,0.057068472669207684,0.05943329663423606,-0.1480752261643328,-0.07967844018621806,0.10191123806998584,-0.14838872844256173,-0.2536395827120816,-0.0544641212838759,0.22044983046062389,0.2577230828719029,0.09042423469745055,-0.011101270361000526,0.26202077484354913,0.10387518065286423,-0.14817735580571062,0.05891363036164094,-0.059387806685869314
0.325762309695377,0.21536822755515078,0.24020371324293247,0.02918248957980453,-0.2252976006999551,0.22956282896752986,0.4723786548867557,0.2442991091744308,0.12393100689326265,0.37280345127986886,-0.001786494750839276,0.37302974197302313,0.32721387809789787,0.7148835854323674,0.5376614834852078,0.44011729020972534,0.4459556412881908,0.3160643252376859,0.5541507986400012,0.2491282205226021,0.5545482039075856,0.3697557681059121,0.38902245840546607,-0.0025911499808262154,-0.12006453819349099,0.09343079110893825,0.057085576955082644,0.173163168240343,0.022534756646404763,0.2564842633007321,0.43071202356233984,0.40972424776089256,0.31710892450285094,0.01169915738735969,0.20368813582808465,-0.11610198988985292,0.14152248225469288,0.5265035109831738,0.4107620451767804,0.42218216853845847,-0.03629873099296041,0.3428252833061544,0.368833363160702,0.39879733270975054,0.1922849318041136,0.2307497418715058,0.042128453138042116,-0.17972981142508976,0.11548240219090519,0.11348572185574818,0.34903350141864087,0.1245807886345649,0.40830030681596435,-0.24160950612086862,-0.12390945714877555,0.13089791223757002,0.12933674560418357,-0.17309201092514978,0.32002263319794794,-0.22448786185051725,-0.03542967230978605,0.22578530487797305,0.7714579076773268,0.9999999999999998,0.6716344466050531,0.5194436210630606,0.3503249212816839,0.7508527239465332,0.2477456199364066,0.3198121046369442,0.6334234584704869,0.32227447271090615,0.4445171332409913,0.18704000472440718,-0.0754881807499625,-0.2450663396961072,0.15113445834398573,0.08999357558777568,0.11558969524417623,0.2880398188235637,-0.36410661014828266,-0.38325589144829353,0.006386519205275706,0.17654945851102946,-0.08610781579159431,-0.14474468140503285,-0.021703769724155914,-0.0034205540506337864,-0.28318512473382135,-0.33914762200743853,0.047614466266243986,0.3361846129490964,0.4008777951619437,0.2466824014983845,0.08855832110391415,0.3545465584405101,0.12455210939635292,-0.24054115220430056,-0.01923420300434024,-0.062490290538842495
0.2805104876662063,0.3188433593932439,0.33487047963870253,0.1795095311639708,-0.012570915213737701,0.42263910954134515,0.42315725650030467,0.31140410568091687,0.25764346244986686,0.29292339326080585,0.18709293542280067,0.18993416715845743,0.12842982500371947,0.7404643829382642,0.7261184639316366,0.31502539124269513,0.41997319892125556,0.5078500877005879,0.6297409936834432,0.42337996352307666,0.7442572885030211,0.2773696206687608,0.525411233769951,0.16667778029493893,-0.06684215730972501,0.3994566369454222,0.03983945556379809,0.28469552114294017,0.3519563587192647,0.40397355085277237,0.28174471825994435,0.18593773026061955,0.1692264466043241,0.26428300672972227,0.277228997820124,0.06508440337011351,0.13653071535122552,0.3816613302801136,0.2420932325938461,0.30861122831606025,-0.0263845318860258,0.2162387042169196,0.06984684362064973,0.2818347942097263,0.11066281835518053,0.017181433042922998,0.15507858994277113,0.1010301485019023,0.2539869527046459,0.24505771928708775,0.3926410575324417,0.3903272555480652,0.4886247406053365,-0.028802132737545835,0.2218541075392438,0.3069490841532809,0.17554669486186772,0.039804193634515664,0.3362967087552048,-0.09212887398150445,-0.006511939713136318,0.132800089561028,0.47901194200381475,0.6716344466050531,1.0,0.6539745588163772,0.26614275940463306,0.5976415027108222,0.5014211395054241,0.5101450846991431,0.7600559312780124,0.34477584173803416,0.43743555518975824,0.0599498488010933,0.14795451314597816,0.01070051807786986,0.5009522014222483,0.24199862174909514,-0.013467425567368036,0.294455051997289,-0.031047657017384413,-0.14752951403450232,-0.037472189252286014,0.21781815555550393,0.08851545890727418,0.09647490405702722,0.10383276016208844,0.06353460065268345,0.08626976554584904,-0.14047471797054029,0.07907886345189363,0.26927684988713296,0.2531585104918877,0.24709520565755425,0.09949557446284549,0.28994970357206973,0.07248736357845452,0.0530774183771369,0.1460456706747759,0.16950257163134144
0.4055880169849579,0.33673255438224337,0.43353919746006137,0.04134283422043493,-0.06670072834477432,0.4238803389468164,0.4911908182144118,0.3614887128366219,0.35179284000840894,0.15208905539646617,0.24317199785431587,0.27175570329305115,0.3856237900894499,0.5249850637404947,0.849338789894715,0.29302427990014357,0.2802108714568176,0.31234917309391425,0.31605776331390334,0.5608681569586368,0.7361560691874842,0.11663732261397046,0.42700401555192247,0.10255809432457579,-0.1387096919110949,0.16749700556398542,0.1303198687843614,0.08890641684002287,0.4162529666561321,0.29961493690965624,0.24729027539214604,0.23725379600481747,0.27633267588000526,-0.00332443101990552,0.0061703665291997145,-0.06037931672456941,-0.031903657655497415,0.3140466182738468,0.1452056566013864,0.24118123846343273,-0.05639786625048632,0.05591729520219193,-0.02283588321652209,0.26725059554132763,0.1876828264687242,0.08943308842143029,0.0483487423223958,0.21355677765720427,0.44247158816524323,0.3418969016592148,0.5304809611179718,0.4664039858254258,0.4285150427509239,-0.03819719672851911,0.12785893267070497,0.32732133868000174,0.20715645865300986,0.04409222714568824,0.24138493950522769,0.0675047618688234,0.1587457306188465,0.3479879684886237,0.4170100570596653,0.5194436210630606,0.6539745588163772,1.0,0.43245767076969877,0.3743316561130095,0.1861448978793704,0.3148447721930273,0.7387646644248949,0.12668297205533835,0.42488953349086783,0.06457452249169766,-0.022491165849505203,-0.15535374333224058,0.516338592753064,0.19176644885358093,0.03907409207717666,0.2679452695459096,-0.18980340653180033,-0.18654245014973023,-0.056584151807381224,0.05627767852999001,0.042273300772777044,0.1005124483982961,-0.07625791470712108,-0.16076767084239538,0.042160508044117806,-0.0930187720977235,0.1479533617439001,0.11926669456749725,0.06855375504237508,0.1407951486299609,-0.04610879174845103,0.2610802796499959,0.04077978488777263,0.17750336771827174,0.2814208962233906,0.24997654726076074
0.6304078264910273,0.25526972152263966,0.43549851565568065,0.10666797675766533,0.1250903801906565,0.32995998697084783,0.7502677699698194,0.36654162036510546,0.2191943271768414,0.18835710239068426,0.2354872649308608,0.5163492003614023,0.29720657329690364,0.29220978500914385,0.41712978928643646,0.536009145404275,0.31593883997157624,0.23241610875724653,0.19184499496746568,0.6119655070578035,0.36979486194986777,0.17577014011889625,0.21798157295371287,0.10185005039411807,0.1772094709931129,0.016526161380968022,-0.08650960576062344,-0.031513726061762726,0.10769072347661904,-0.01575966598078783,0.06337101063673979,0.36711976631278115,0.2638806460106472,0.02605349064745104,-0.016865458073571014,-0.040352187519726225,-0.1988511398429454,0.474671981255902,0.36237953758950325,0.5422568655283855,0.1000002234602587,-0.0426335544176883,0.011715072202113964,0.12694542709408535,-0.04906577559754529,0.026062601353953076,-0.004218113604652208,0.014421383227755921,0.4086838303228136,0.4502370334337003,0.6502891264052533,0.36938856508717755,0.5193932197757695,0.020257660810365882,0.2623221289555488,0.3740001559315363,0.3089031568593292,0.05752555138515072,0.10323862446574386,0.09090717693633395,0.2123948893316902,0.19639450745932485,0.3888571845318724,0.3503249212816839,0.26614275940463306,0.4324576707696987,0.9999999999999998,0.32242365408802154,0.0836810002018705,0.29348997460305604,0.5318551174129504,0.12897369185686486,0.15755237243217945,0.4382346589674263,0.18912298277128498,-0.2669984659341665,0.4043997178694693,-0.005319820286232792,-0.10662271208401074,0.32663888576937905,-0.011837468857794058,0.020730042766970408,-0.05831753145862153,0.05077904359428175,0.02194995995550656,0.053632683551333236,-0.10142506806191387,-0.17295776413890745,0.20092674015894313,0.22750992381829893,0.390960722909616,0.34784520216593096,0.14811485168116964,-0.06516029387847884,0.028382588539711755,0.28872523761571117,0.06308358995624301,0.0980614757642929,0.5264691166309613,0.3875671494963303
0.29500292427000235,0.03482784734625362,0.16651834507429575,-0.020433341620503975,-0.26047045960857207,0.2576338738340313,0.5455251655628218,0.15128810037364643,0.07760643893407813,0.37211079193254465,0.15044975397194083,0.44807527168431316,0.3207013971703597,0.7463074045256659,0.5196301175997448,0.4104716652169539,0.7594569958879978,0.2797309253483047,0.7850103292994425,0.2926841082551047,0.5210935067263848,0.5164412845122853,0.37831481832521424,0.14707778716457737,0.026231838346926654,0.2338018487547089,0.1553069495951793,0.18269561306478646,0.14872877476374446,0.3185202543462655,0.30209261288870504,0.34645251237750213,0.26866772039517844,0.04296304848031402,0.18759536087745696,-0.1322684697950681,0.19055514184956096,0.47692594130590543,0.36867113001224855,0.3964076567887172,0.0310777721097683,0.317496997134108,0.29815162834742687,0.3795991118898335,0.12986946068996164,0.24369606176612507,0.11559906908623756,-0.04499311860046172,0.17219681977868623,0.21112657858402506,0.22955515854254424,0.07454173483915894,0.455156403050778,-0.18286744627461515,-0.0296292742478108,0.21223426263818668,0.02721357745329118,-0.2297175811863195,0.27100248384957226,-0.1335775286873799,0.0769121762028265,0.23975839495992762,0.6645730817854792,0.7508527239465332,0.5976415027108222,0.3743316561130095,0.32242365408802154,1.0,0.4230572942785203,0.2765766914680378,0.4779759949370987,0.46974298034350115,0.309754209708541,0.27379057265295004,0.17747299467529182,-0.1159559549925822,0.20487998549435113,0.12371046956828968,0.07205301729321174,0.28905524666055094,-0.1152775003311382,-0.22280954564986202,0.09353548519571671,0.23524436522825748,-0.00593874672655412,0.03180829142392547,0.06114399227691971,0.05407137197743199,-0.25210233067295956,-0.17546925395821664,0.0941818720373748,0.2997552017498458,0.2066432498974092,0.2971315715000133,0.06557162075077394,0.35893555360006596,0.15444265270266122,-0.016951004974901606,0.08934772916015515,0.07594664630828944
0.07319821195293247,0.08470969834008384,-0.03241451194614233,0.3328660762601389,0.15199441812801243,-0.024417872435114785,0.30403209576393014,0.011823252916312185,-0.15001058441677514,0.40081213658080345,0.06378636529996569,-0.09738587581347204,-0.23047613733615402,0.3267029733496049,0.3403897982481876,0.3999530268002328,0.28902003629682854,0.5387013737255419,0.49020528124157525,0.12085085287042202,0.30413513143629683,0.4535229309077476,0.6412172695261322,0.4624182513902696,-0.04748233029586038,0.2894849375395223,-0.040352557574313705,0.2436993955123692,0.20276493853327662,0.49123909510790514,0.30210250975332964,0.15805778712767324,0.13965594415292273,0.5855106729228396,0.4276297046014889,0.2111050222488645,0.216618889693058,0.25307882743104654,0.27534288460952305,0.35209224992523563,0.1467393632058577,0.15835083912594036,0.18940519839150746,0.03418336856002833,0.17173244926734968,0.030536498370453635,0.4526066246241889,0.2329927149071627,-0.14562066388207548,-0.016637151069704963,0.06930408104646749,0.16337740820401278,0.43276375881004164,0.23543136828499767,0.10035247603894373,-0.17170966679061395,0.03165115016766788,-0.1486501242473182,0.31858741066867347,-0.1884032058470815,-0.3081489205764373,-0.2496601287870515,-0.019573313411146702,0.2477456199364066,0.5014211395054241,0.1861448978793704,0.08368100020187051,0.4230572942785203,0.9999999999999998,0.561635309004805,0.4201758275785782,0.6175264772962461,0.5033410091102614,0.0679796500136661,0.38864700605557895,-0.09002173965996974,0.24365365354888086,0.3431634914425412,0.27832597012640037,0.21596565486590366,0.4628550967023041,0.38776215111086204,0.4632445209485451,0.5868171610647542,0.21447859905989772,0.55525852411649,0.29614016136717064,0.1724247870273226,0.21899982274800592,0.07411919686621071,0.28818274394412613,0.2936593742253642,0.34969233946495737,0.31632311161158416,0.20609111041462774,0.12912522341819394,0.3180224267572317,0.40395689085585695,-0.17283327595665066,0.0936304225458298
0.13999913841116582,0.48689368882037803,0.29315099256952765,0.3833747550305119,0.2556300368752457,0.1578940081394256,0.4281522507109127,0.4210514915424582,0.14003438609367688,0.37069835024354636,0.07678795253109269,-0.027167706691207907,-0.04628534766989722,0.3291130111547903,0.36625445102191473,0.5373837214781828,0.08976988766965688,0.8080744481907943,0.37259443303983475,0.25218119108365855,0.3822232434304028,0.22946417394576832,0.5378957862843259,0.20798714713505648,-0.07722628257371081,0.08284807903333678,-0.12302682632857061,0.11211491614551944,0.2294976374017353,0.33121217128797936,0.10490691520574982,0.0321015835076334,0.16065087248445176,0.4575713197672613,0.16702134259650528,0.0191236681999339,0.07889892225835282,0.24298795709182297,0.2585358919598544,0.3150039426720509,-0.0732080318304302,-0.08120517942635667,0.027877292491074596,-0.0975577479655624,0.03863491652764153,-0.04656835407117383,0.0903000735908,-0.002283041098791878,-0.08152703148985391,-0.016475771428238722,0.39160614273505895,0.5178432182925926,0.6682065117216011,0.17568399511538477,0.22112557504646635,0.016356274760941508,0.5895371213601396,0.16729273304120398,0.3180500080286736,-0.0792496384283114,-0.14124649690632562,-0.08122319505569563,0.26506506979277344,0.31981210463694426,0.5101450846991431,0.3148447721930273,0.29348997460305604,0.2765766914680378,0.561635309004805,0.9999999999999998,0.48271602127675284,0.41901140945113,0.564927879337808,0.0519600748569478,0.12088753941949891,-0.09046466063962484,0.28298149529237976,0.3590069167774437,0.13083326080719487,0.1772462389126238,0.09129161720320832,0.01998436408730622,0.0425728218792866,0.24120972239128508,0.06528866089933437,0.2737097998600746,0.05051306233085608,-0.13767701320574896,0.1794908261988287,-0.14930416698032917,0.1431854857049164,0.27766104764393323,0.3448657679849348,0.04095950263768471,0.02819922226926123,-0.032967690169040685,0.1387696467471571,0.16171957326693154,-0.09431478539254048,0.03618331010486118
0.3653376787456358,0.30408964926282706,0.43630724930140263,0.08906926143322143,0.03600961534711765,0.4592888611317371,0.6233548567821083,0.44859901789952883,0.3534521726858009,0.41420428116049457,0.18764268167864134,0.3094510159429207,0.2551128864806306,0.5402497807663429,0.669152407824544,0.4587461871222735,0.4085820507838916,0.503052495954859,0.4254872412463232,0.6561332202704884,0.7483387090256082,0.20198818816699932,0.5359709584033687,0.3058568612828125,-0.09226392895145681,0.2417096609685213,-0.015215375361017728,0.12410624459343005,0.33418915047080355,0.24239657361529263,0.2577704865332879,0.28990832629456054,0.25947772949117154,0.1338076731908065,0.15503127922836862,-0.07531503671520748,-0.1009786481879126,0.42096731498242007,0.29668344113587497,0.4712035090440846,-0.08507228393985926,0.128365167534308,0.10734044643192141,0.09694090762290498,0.1711271616829949,0.009242987407801169,0.04112288703324612,0.06546784485616242,0.23660744312219403,0.21047306432743623,0.43172033752802164,0.40114784771626294,0.6122594457355967,0.011218229844141893,0.15381164614669252,0.36069524822724697,0.23455685007418683,0.08413423674349507,0.34645543818894536,-0.11265884199755936,-0.013249348110766083,0.12829956289848019,0.44217450499880145,0.6334234584704869,0.7600559312780123,0.7387646644248949,0.5318551174129503,0.4779759949370987,0.4201758275785782,0.48271602127675284,1.0,0.21206703631548762,0.549646282590781,0.3087377913672812,0.13424893467462815,-0.1591559564894363,0.5860355868707016,0.19530160438353134,-0.010391927259947642,0.3043378896662511,-0.07474045420301656,-0.25164291960536134,0.005596396715648341,0.20010374659835548,0.11123561673777484,0.01615999321505013,-0.11397890982031539,-0.06020011295826379,0.11189922824763153,-0.14054951422807974,0.07627773836140495,0.33821805527644,0.32925258981380395,0.09444001602519164,-0.03953057842468443,0.1400530277779599,0.008233108812176315,0.12654461421971694,0.18882107148402172,0.1131017209739075
0.20534977319852574,0.2236035286613053,0.07151732654418504,0.3466132439272769,0.11358145808412018,0.030892138417470794,0.28693946274935556,0.042198646319269055,-0.055785409452580426,0.2163731835728299,-0.12271983717028812,0.0073556909901234,-0.09933895428302562,0.29632755406312833,0.1778796122705523,0.39192880891612464,0.2440988825856335,0.298803771087076,0.2805365202393592,0.06522285839666588,0.11928231661374829,0.6170234346786585,0.4953833738674619,0.051919402805762946,-0.01938520348080196,0.30474012170214476,0.09538439230695162,0.36159743031565955,0.012744984950616814,0.39209887422095496,0.24368905174095085,0.18593521605239968,0.14593931779866545,0.1554505508203294,0.3249110566367996,0.11670545725520638,0.28805901941769446,0.26974568064954635,0.2646480360890585,0.3374044840411746,-0.034516224112211,0.21444315822122156,0.1865771506905072,0.28319186884901576,0.2704928341745233,0.15815528364966464,0.28729510353802096,0.06333966087545774,-0.10191729663588359,-0.004201533729590972,0.20286426286588663,0.22298601410794558,0.420023087221712,0.07709323756568402,0.20219560238811984,-0.07095324258438893,0.10479095757701397,-0.04923974271156734,0.15478610451740762,-0.4175163417164262,-0.2993412681041683,-0.15369045104948018,0.256850664663802,0.32227447271090615,0.3447758417380342,0.12668297205533835,0.12897369185686486,0.46974298034350115,0.617526477296246,0.41901140945112997,0.21206703631548762,0.9999999999999998,0.5060813722816104,0.038817596387928574,0.4245466989182455,-0.08958094181101112,0.1985827081379277,0.49143217605426975,0.2950029460332517,0.16577342111421678,0.3501564998709471,0.08922224050214166,0.5273609555186154,0.7129818444473601,0.2612881978491552,0.6577506952709984,0.3470064701499947,0.31378837333643955,0.10311144118421771,0.015877880676612364,0.3954372730241796,0.1297242419627983,0.24325324594446793,0.4426831668767786,0.5335684754299677,0.41611334235057423,0.5689444695770443,0.35024126616441914,-0.1729028236641693,0.023062272683604324
0.04758669920855979,0.14087002899637058,0.16282012635790363,0.049751498490792884,-0.06474194717900433,0.10632232001043256,0.28528910829919363,0.25269652578874224,0.13391213848981143,0.3492086133747869,-0.15606028663523705,-0.07498027966204449,-0.10508233577622629,0.362385129527902,0.3122717909098319,0.3286254997497847,0.0831760163197402,0.6018257726529483,0.2674697555038755,0.1812250520739724,0.3040822796752462,0.26960067949033323,0.7983895239882782,0.2781114019730712,-0.2224490765576323,0.060636374027902985,0.13846739185054488,0.18687819383098783,0.16095993637449207,0.3341121295860967,0.05284752936609575,-0.015291361356808203,0.013017484027224175,0.18115223475027079,0.3162684558073115,0.011540147821640666,0.03893897596192391,0.1367506815694502,0.17898942319004016,0.28978254206005494,-0.12870045122944357,-0.030710879055290383,0.04640097776235928,-0.06058796046410858,0.28222329654071576,0.05284716385805453,0.10898684515709435,0.1807513172268063,-0.13340089102805905,-0.17023224058272934,0.12979671842875024,0.23237400158968735,0.42900177945914686,-0.09903729505430772,-0.01416702071791317,0.0018169780372197222,0.16351622387531628,0.001760847811338534,0.28893321058536153,-0.4180180268134166,-0.39189664383257367,-0.1810082841081966,0.3033986741407426,0.4445171332409913,0.43743555518975824,0.42488953349086783,0.15755237243217945,0.309754209708541,0.5033410091102614,0.564927879337808,0.549646282590781,0.5060813722816104,1.0,0.15486789109607424,0.10510906637218269,-0.22787000625771806,0.2622183045685702,0.4441807198452814,0.12639752188883185,-0.029053288325398607,0.00438061709303121,-0.1856479851593593,0.31932539622231226,0.39252175187871224,0.33966589896344135,0.23108162231613857,-0.08184883621091676,-0.030479216394286034,0.09393467991202976,-0.16432402357312384,-0.005896214602090389,0.22114812155379618,0.44190600753616444,0.0010676144195148204,0.038944046184108745,-0.032137596072086876,0.23125200574732285,0.19000440589288115,-0.2107395979701857,-0.1757374323510663
0.2300404438166109,-0.2586980217557486,-0.09932816859981161,-0.17806258028528257,-0.2654577259630535,-0.12351838337065432,0.47695269209969576,-0.09257617035006811,-0.17709830680177227,0.42491973699782026,0.12634795926414516,0.4773955829722808,0.22157611650219475,0.22348884216955492,0.05530504581243799,0.24718929109955787,0.33272498883899265,-0.0028773442016012457,0.2072358425026846,0.17274927495653086,-0.01632867166367413,0.19071347156377644,0.1927518145380334,0.2652448787919798,0.2482742410279331,-0.18175462298830944,0.16924051946195273,0.06460884219949967,-0.17879215097984497,-0.11042938099711072,-0.07886171106959818,0.22574002124302683,0.1759151768657565,0.014252759200366543,0.22141520129129597,-0.05231165650945676,-0.17286931629986446,0.34243972393998096,0.45513634841934664,0.605319750112559,0.31962195416424266,-0.042228822643740234,0.15790187146727108,-0.17580913697073666,0.0655540056984729,0.1780435394594889,0.11195237054498991,0.10629875761567069,-0.04911030362846971,0.21394918276377245,-0.0029027871210667447,-0.1663770875720957,0.3473955273440843,-0.05396563647192167,-0.2216882865581851,-0.00935321583528183,-0.21419054721674277,-0.27585184109972954,0.23284668790569676,-0.09697526991081667,0.07096962362372561,0.0244470763874955,0.280688504563057,0.18704000472440716,0.0599498488010933,0.06457452249169766,0.4382346589674263,0.27379057265295004,0.0679796500136661,0.0519600748569478,0.3087377913672812,0.038817596387928574,0.15486789109607424,1.0,0.2557896427384885,-0.3226641987193346,0.06888288885928112,-0.00427140768591575,-0.16486072518737904,0.17360756527911625,0.10520841561047023,0.029553009461565766,0.012480451419143007,0.03616694694977028,0.16132041466292452,-0.024118818370876583,-0.2258506283981782,0.03231135738084433,-0.05193306578387443,0.3341791339810179,0.036805335754122356,0.5706842231423092,0.4044826988778721,-0.2746946417944533,-0.05502091961181911,0.0032938619599842396,0.08328294582118945,0.1078521180476336,0.11329627781373908,0.17428381854746353
0.20604412724954735,-0.06466843826967894,-0.04645789846726365,0.22397879386888722,0.13185942049315363,-0.02466926743707467,0.20530432289970854,-0.10702949478594023,-0.10493284264225768,0.14445993340210303,0.16652880594639086,0.19897145518050147,-0.04772731905412248,0.08213565198755615,0.10106210500766263,0.170207066778896,0.36781848801618033,0.1896396267958357,0.20592183895575378,0.1166449407106484,0.03240763193831985,0.4507734746006965,0.2898063909150831,0.3969745676414745,0.1625054315517024,0.45313032872886055,0.11580211395655812,0.17181912262740456,0.08280062133647358,0.18554530999553806,-0.0483589768602425,0.145587527355528,0.012443758083711795,0.277572879599538,0.2518369830908576,0.23089524890256632,0.19479135385559707,0.22838699222350828,0.23256794307377007,0.3625955578621044,0.31041201627569176,0.17905291587884026,0.17073773492731467,0.0438966157264501,0.09861553810953548,0.1620440351527352,0.3092015766711116,0.057549264921289374,-0.07437825999009133,0.11672780254898586,0.13588008995717502,0.07526499735237954,0.22965085216012085,0.2835144960523544,0.15654044063117964,-0.06205452051179938,-0.018712073028746994,-0.08716401937599128,0.1785119502064621,0.02332191528819573,0.14360802486692653,-0.03429425519630251,-0.06517699582964655,-0.0754881807499625,0.14795451314597816,-0.022491165849505203,0.18912298277128498,0.17747299467529182,0.3886470060555789,0.12088753941949891,0.13424893467462815,0.4245466989182454,0.10510906637218269,0.2557896427384885,0.9999999999999998,0.21016524330053402,0.3004588492455194,0.26256741539947487,0.05104394031202359,0.30404520858072925,0.6229901364670596,0.3347509218342899,0.2754586882392231,0.3370181326798821,0.2148227928918577,0.4035465569621823,0.3033817920811643,0.1124155782767661,0.25710560589767345,0.4508903655835277,0.3696985539528272,0.2084812551283253,0.16827596371143574,0.2551204885850054,0.4817921728761919,0.3225547090559272,0.45472378760623194,0.2515038685058414,-0.014424203285338298,0.2694998100830537
-0.08515294297878015,0.0702373528770488,0.1351367979234194,0.03222484913145318,0.1491567709825524,0.1858297888419729,-0.30164679824801344,0.09741394384558096,0.10322199154865809,-0.29620435192258093,0.1307134420178163,-0.11617026415176977,-0.139097330365194,-0.05075991232279092,-0.032647124706793644,-0.2248808381082962,0.06899403678737552,-0.07029838639759796,0.08465544835347306,0.050071185593835624,0.09058872051676975,0.011153135623701703,-0.12844895225503436,0.12233253708450738,0.1586467059732012,0.47252243280268397,-0.1385336807210771,-0.0788104309609992,0.2766004278819247,0.00219506466902646,-0.04735195972335565,-0.2928932053577084,-0.26073557891397614,-0.10445609445775264,-0.19139234154740759,-0.1552850703705135,-0.026934149308234182,-0.41597298307688796,-0.5064135437548514,-0.41780025857971465,-0.3600243989346858,0.13753722174430136,-0.16079416212848144,-0.04226025656189185,-0.13733122813035778,-0.29746500647218427,-0.25717471004194287,-0.12502729757012127,-0.0627858436937113,-0.27054545561171006,0.046580225195032174,0.06672008690823826,-0.1550144596788579,0.17334526081171547,0.10255524220812635,0.1219853129491729,0.03544773487715442,0.19299208492196324,-0.052416718994893995,0.24462704307266958,0.12668114008589595,-0.11083104360581753,-0.22612346439504305,-0.2450663396961072,0.01070051807786986,-0.15535374333224058,-0.2669984659341665,-0.1159559549925822,-0.09002173965996974,-0.09046466063962484,-0.1591559564894363,-0.08958094181101113,-0.22787000625771806,-0.32266419871933455,0.21016524330053404,1.0,0.12907515010122714,0.06994706173979869,-0.08516110468211437,-0.11571878334611714,0.17851696490361987,-0.08713323545810912,-0.09455678420841092,-0.017947658929227627,-0.08072012215924816,-0.05339226669294984,0.17676350428707804,-0.0653179667981463,-0.03670764253958668,-0.15724353838175525,-0.09511000636938953,-0.3033221613321965,-0.4543517336292895,0.3449139994163824,0.002959433518691585,0.004130054008212619,-0.2353009380757187,-0.011552904666993285,-0.008715054490653962,-0.09116616809831389
0.3626442161603937,0.3364669364198021,0.4775701347823293,0.2380112257998144,0.23467288772865144,0.5736484702200705,0.45448457797335323,0.5137469538242135,0.464268955955766,0.0936698453527277,0.21247668799297462,0.23644978965818253,0.0977955067890204,0.37372025637006817,0.5559273856002096,0.27619717014788003,0.3630132358543485,0.31196310790203824,0.22354464017461803,0.6705080678655708,0.5362795170725432,0.161207040830078,0.3765125539269566,0.25211770079093787,-0.00944905232318494,0.5195604887943062,0.06394177175007794,0.3361846322312559,0.6445742794051642,0.19912658997218535,0.1094989984265655,0.09236650357291172,0.10641997556203035,0.044443937831794726,0.13896224777229776,0.14060434934081076,0.07764907037952502,0.05724778449997095,-0.10322824854855012,0.10929123063897617,-0.11173007906748252,-0.061295869795650465,-0.1340667806921191,0.154375051230063,0.10329963886616406,-0.21887589979366587,-0.03305753811387015,0.24661301428000995,0.37934825286849116,0.26733500819531747,0.5104787704834441,0.5870796366195902,0.47753706468382795,0.18018765212952406,0.46087569302013703,0.4929129378581027,0.3401775465202388,0.24159410635562908,0.1996296776574709,-0.06982591732984031,0.01244670645214,0.08961318818968832,0.2192361920514923,0.15113445834398576,0.5009522014222483,0.516338592753064,0.40439971786946927,0.20487998549435113,0.24365365354888086,0.28298149529237976,0.5860355868707017,0.19858270813792772,0.2622183045685702,0.06888288885928112,0.3004588492455194,0.12907515010122714,1.0,0.38335136498201705,-0.0189307049285329,0.2886882130624497,0.3235259576999015,-0.09397135209586414,0.0404456632227957,0.20895686178914677,0.31990341028709585,0.21535409102672776,0.22572649488800253,0.15766073533889732,0.5119022060016394,0.050769354668379715,0.2475278355104046,-0.08405338244089143,-0.13249153352859047,0.18963812592291446,0.06111654956331059,0.1940872154685962,-0.010556605019806745,0.39895205495722813,0.36073647955234905,0.26150666499981945
0.18053629888187142,0.3027556156349323,0.28730520078420896,0.21102141823133064,0.16586754903850826,0.24380622737265542,0.061168362470556514,0.31818292288862043,0.2935475489554791,0.2467399700882274,0.10150500715743252,0.06591773009408931,-0.14008400850972044,0.21176853413051105,0.16253064194605754,0.2143824084818615,0.05262745419656149,0.40054695431276804,0.11788114008918822,0.15294438783461112,0.07723400077723513,0.31994927873324025,0.48049645703033916,0.2696187170984949,0.13890904429482018,0.30837117960556665,0.4069914308191448,0.6589267931446732,0.06482501470409631,0.6568822721118119,0.06917910357890582,0.20897371848161034,0.08456339145544897,0.10485846348891405,0.4221259927361509,0.22937639001318658,0.18452498484761765,0.025163225178235094,-0.049564683929664524,0.14433975490026696,-0.1331325708596777,-0.014539195518203258,0.062174258147282536,-0.00016849469065963085,0.23716971738258538,0.1517458453229905,0.1349646927929413,0.26623344202211935,0.06640464238235691,-0.2221389097264427,0.2851342162360831,0.397928840354422,0.22282157288118132,0.03558009879409564,0.26746857435936433,0.14685306043577107,0.2857958245583625,0.2701256019945015,0.3493369608407684,-0.21799635756858923,-0.27108072914097214,-0.23556807721007975,0.23120435577960705,0.0899935755877757,0.24199862174909514,0.19176644885358093,-0.005319820286232792,0.12371046956828968,0.3431634914425412,0.3590069167774437,0.19530160438353134,0.49143217605426975,0.4441807198452814,-0.00427140768591575,0.26256741539947487,0.06994706173979869,0.38335136498201705,0.9999999999999998,0.04270218787356371,0.3197462870981706,0.19062926372665692,-0.08411957872043647,0.2790115906620958,0.37100422310952047,0.46225106880721106,0.3181550094493191,0.04718010933916687,0.41787777243589314,0.3661024231593933,-0.1989523420440769,0.132749623601065,0.03882499800237588,0.13594710103247007,0.2449131880941382,0.09555128920615463,-0.047780470930441306,0.23874597302625855,0.4127170723801994,-0.10457571277194247,-0.18974405433037836
0.19821433621456191,0.11117733386925603,-0.20653263637851949,0.353054226201693,0.17586960146843394,-0.249737573110586,0.0957606971592583,-0.11564368166312955,-0.23375439084634378,0.15422452715432952,-0.14618160039329559,-0.12861531609211016,0.10004203312333884,0.11875245118236738,0.14002993777392378,0.3677422405115387,0.06315590753189528,0.11976385489003331,0.1561379766255979,-0.09647359334517767,0.0009063515533567263,0.16648139098257764,0.3196092362355012,-0.013479277755220863,-0.14587177642118174,0.06759647864373977,-0.02127556538803619,-0.00813901291554174,0.03652219919918794,0.19633672797937163,0.5991647264751135,0.22135223749191268,0.35119637438833773,0.1861436710100543,0.08898544603183357,0.15681602965069122,0.17612666407216016,0.17124954971353734,0.13160768076143167,0.04891141058593147,0.0381443984493435,0.19912529073819604,0.2575433453372356,0.40163321153056675,0.41225828211405197,0.04947329302335284,0.151256212299273,0.07489640264052326,-0.025382959099434742,0.10300680520118535,0.12833024850682326,-0.03962301050041479,0.2103242965545997,0.20864230684861357,-0.1260420936460002,-0.3158284659726241,0.011658526908914993,-0.25210040367419734,0.1853576160397434,-0.16133411686173807,-0.19515182825994828,0.1152459335279752,-0.04978897667525618,0.11558969524417623,-0.013467425567368036,0.03907409207717666,-0.10662271208401074,0.07205301729321174,0.2783259701264003,0.13083326080719487,-0.010391927259947642,0.2950029460332517,0.12639752188883185,-0.16486072518737904,0.0510439403120236,-0.08516110468211435,-0.0189307049285329,0.04270218787356371,1.0,0.2567055883983893,0.1374355470660247,0.16476643444150088,0.49957814539028617,0.20461658558832632,-0.05125295374462174,0.25755014818657085,0.3346976937744404,0.007302847157865162,-0.03645397427673192,-0.0783448521706461,0.3911157247295214,0.0016929530108770769,0.10861043718972405,0.44548697887437927,0.27323793588793666,0.3398493979129332,0.2661178266354276,0.18944010659421517,-0.17053960837964138,0.1170391423753318
0.57156373221865,0.09492962243021172,0.136703785194302,0.20778560472660293,0.13498876228405957,0.09750144006480525,0.3840436824818458,0.0690551209315567,0.037966582275807154,0.37478274508155085,0.3753535924750205,0.46723112939171885,0.3705842153829225,0.29057507487371115,0.3774651009309237,0.47222008616679656,0.34044743812160494,0.1996635501953505,0.2783499277661517,0.29333915952822465,0.2412237976538717,0.3463034385174514,0.24953529416622586,0.23100630976887693,0.22801954159225044,0.3611752063564739,0.22697532035657667,0.3012845096053015,-0.013758663147468573,0.3663718898172348,0.39178237775718533,0.7666162221098302,0.3678546183899794,0.19248202873478526,0.3256545953157103,0.15961691718577858,0.1323148846501499,0.5273268735269729,0.35312218992108046,0.4264600784113911,0.2597006390452875,0.3269166842565968,0.409105550515964,0.3414683443209324,0.15232278716487221,0.3128512701894188,0.20564376502778647,0.05943303257443503,0.27142163652064644,0.284276826186851,0.5141602501884585,0.13438775433678563,0.3302482458466351,0.2560922925697527,0.05037063033605415,0.021555522479560957,0.08862609978773249,-0.07519929081584523,0.2891029684508169,0.08608294314175878,0.21475278115335236,0.2631560347361223,0.2680230378972949,0.2880398188235637,0.294455051997289,0.2679452695459096,0.32663888576937905,0.28905524666055094,0.21596565486590366,0.1772462389126238,0.3043378896662511,0.1657734211142168,-0.029053288325398604,0.17360756527911625,0.30404520858072925,-0.11571878334611714,0.28868821306244963,0.3197462870981706,0.2567055883983893,0.9999999999999998,0.07498896021890888,0.12136930974499734,0.1789939772282708,0.16381369672333665,0.08194360387679327,0.10601029276537591,0.028068743635823817,0.13112690249445969,0.07873300482430733,0.0945101305517916,0.40972798348360095,0.37307255757580454,0.1466994736928153,0.4655360303872126,0.3089674282585547,0.4303046524157077,0.3536061970646471,0.10670065225056667,0.16448933645854358,0.2554393182034615
-0.023753092172846647,-0.007737283527808318,-0.15412570566091718,0.3987044973182714,0.29859085234091365,-0.13101687078478813,0.09715703854885697,-0.08713648659862337,-0.2649880369485255,0.0032268778338141054,-0.052557191291625234,-0.14848910880435753,-0.3269805078599632,-0.08359093205630627,0.018172928642371154,0.11461585209261384,0.11680540839222486,0.04913542953245001,-0.0053660604774253395,0.011810300643884478,-0.0820768795716373,0.362949097486587,0.19185391028858328,0.33483331494964735,-0.02563166516336208,0.40348003012494077,0.10872377039751964,0.2890313597156559,0.26100893041390305,0.17375295474802668,0.012722566447036072,-0.1226009389191346,-0.04020818072767357,0.30562088376338364,0.3477211177108487,0.2574408269374046,0.1898994185735511,-0.08868783627002276,0.017053639832404214,0.12889185963448915,0.31054096833151507,-0.028577171179736488,0.06661241563251406,-0.019491700658844292,0.26497744679081375,-0.08586372758003764,0.3626473943943977,0.2857571311394255,-0.23313795153025604,0.01652821578596349,-0.00969593387244518,0.18194628115334194,0.20796488558143256,0.3932286022226754,0.258540381920189,-0.22517397463819933,0.023180567105926645,-0.07959571611505724,0.04352132136275122,-0.1583960805789923,-0.19035400823562798,-0.2982551022323924,-0.37382926493146257,-0.3641066101482826,-0.031047657017384413,-0.18980340653180033,-0.011837468857794058,-0.1152775003311382,0.4628550967023041,0.0912916172032083,-0.07474045420301656,0.3501564998709471,0.00438061709303121,0.10520841561047023,0.6229901364670596,0.17851696490361985,0.32352595769990145,0.19062926372665692,0.1374355470660247,0.07498896021890887,1.0,0.5897253694534987,0.5107767142272043,0.46882752016827955,0.38665709454090325,0.6302198525281602,0.47740927713450687,0.29604831690939987,0.4110183319730413,0.49814333791826054,0.41814544194044595,-0.10061513601705724,-0.041635031381173034,0.18403558290984198,0.37535730214723684,0.14509263973767442,0.3236421163487263,0.5412363761961226,-0.08868751297131612,0.25231107875490966
0.08924036358522365,-0.13245732617486078,-0.2611654671724295,0.2727365034637401,0.24564083922668883,-0.3046399941209073,0.007957218641077402,-0.3092713674109943,-0.32769727556869344,-0.07733312249950647,0.17463408137898115,-0.13980561546473302,-0.2564118328969108,-0.16867308521537921,-0.009492913083472696,0.05990300764834755,-0.11257611147367726,0.015021488978134732,0.008314563221069894,-0.16038888382430067,-0.1465888650897939,0.10694994244633424,0.03713225153848968,0.14293149428335272,0.134867200284132,-0.0020732069883813925,-0.035441522522525824,0.0004633467578481188,0.04419136149599484,0.11681908901684428,0.09543862951960541,0.006830699719952786,0.14212906075348133,0.5556287042437804,0.23282142730387034,0.509113190787575,0.2830253539242032,0.048641578713749585,0.16397757480694322,0.051578354304026755,0.5649196332502743,-0.03225196623860805,0.008666446265729417,0.061389344993725975,-0.012627696973131201,0.06892257590527244,0.539341111372133,0.28882801359865673,0.0572360714715148,0.33901938641868845,-0.07443762482185716,-0.07692056318774013,-0.023675544485685235,0.40609971933078415,0.04635208760115787,-0.32238466976393804,-0.12772468295046133,-0.11993041737840034,-0.06768915381533747,0.2632790044943912,-0.009673939519941001,-0.17256037659094753,-0.4749205820197916,-0.38325589144829353,-0.14752951403450232,-0.1865424501497302,0.020730042766970408,-0.22280954564986202,0.38776215111086204,0.019984364087306222,-0.2516429196053614,0.08922224050214166,-0.1856479851593593,0.029553009461565766,0.3347509218342899,-0.08713323545810914,-0.09397135209586416,-0.08411957872043647,0.16476643444150088,0.12136930974499734,0.5897253694534987,0.9999999999999998,0.29031332548859917,0.19673964700544783,0.11785804705567737,0.5708519792464666,0.4432148771240994,0.05932808284187465,0.3615003100080239,0.6665513993421611,0.5480839667312295,0.06870995681470839,-0.05510067346760182,0.018721392597703113,0.23386009155033155,0.20572033221334432,0.29931988261832876,0.4164857408999763,0.11409289570224478,0.5572191745825439
0.08799130168516392,0.01746105479343615,-0.1505557636690905,0.30503644763250337,0.2977149530294415,-0.11670212950923367,0.12004382902788582,-0.0836288143046987,-0.2480200994409662,0.19058315965694753,-0.14539369081546863,-0.12145801862628332,-0.15360199089446072,0.038135642936239986,0.031034028925497746,0.18723655071927994,0.07457808018364087,0.025121826667878492,0.089582374783209,-0.024663083619646902,-0.030717020277649935,0.3195673819624536,0.37155720890491084,0.15601336007075978,-0.15904748451354211,0.1917530879955718,0.3392797740200396,0.2964626097980338,0.04804068953823433,0.2759672658839395,0.26881869754793214,0.08124995502327556,0.02986741364655589,0.02910989878811564,0.3665297969481264,0.12653708065201766,0.20270574122086138,0.0740020505495063,0.17327224585296183,0.23704678509038954,0.1446323833138048,0.15559240003160738,0.318869303907112,0.3056487384489743,0.611903786114199,0.2435907256745707,0.36075214354015056,0.2708805639654925,-0.11827464334691123,-0.016216720691755882,0.017228888080481508,0.058637983330800496,0.18929385032089918,0.172986609612665,0.15275303923153113,-0.20602466945270792,-0.06579959564010779,-0.14815902931243305,0.2041675845105065,-0.39596318877754916,-0.3720346997619125,-0.1700362794982564,-0.1235266179808092,0.006386519205275706,-0.03747218925228602,-0.056584151807381224,-0.05831753145862153,0.09353548519571671,0.4632445209485451,0.042572821879286606,0.005596396715648341,0.5273609555186154,0.3193253962223122,0.012480451419143009,0.2754586882392231,-0.09455678420841092,0.04044566322279569,0.2790115906620958,0.49957814539028617,0.1789939772282708,0.5107767142272043,0.29031332548859917,0.9999999999999998,0.6596801777512393,0.44515660097883314,0.5550451341870932,0.33554864681697666,0.3778142296200594,0.10579466307298352,0.19344441739183701,0.3552860617891885,-0.028324558829239437,0.16259832881945643,0.4712270624182438,0.44954168042341813,0.28444261050420055,0.5186764958728532,0.4688557996121912,-0.13813023896843749,0.08527749264692196
0.10462561320797821,0.005302480819214079,-0.11495621572465113,0.2885843184673589,0.11731280438259788,-0.06074652191640252,0.16828732195978774,-0.04230190153670461,-0.1821344253714399,0.09447047713672439,-0.20092936357003452,-0.1175639652016294,-0.21621505680820202,0.12338690945567847,0.09236043434560126,0.22785536467141648,0.13673544447141242,0.09798860983590274,0.10558742810673825,-0.006076744054927134,0.0499169093071284,0.4865537472127631,0.3708729048157979,0.16805491990256832,-0.1119242067580799,0.2975347884458288,0.15645960173474924,0.2873697402621637,-0.04435356284515916,0.27844872636139373,0.18451573088171971,0.09473577999375914,0.0597282651026,0.11678516132310628,0.4403741860092167,0.003358555310414518,0.1938562960817299,0.04378347723246493,0.13371290209088932,0.26072264177965304,-0.01384453871410823,0.08392247184718027,0.25373063826973585,0.1981190483648227,0.2984794479362004,0.10039823136215789,0.2976366349801055,0.11699416938755339,-0.1935964747429004,-0.06890358202916418,0.12187938532177736,0.1375165676867742,0.31430170503678845,0.12724426829808183,0.16407387418721853,-0.17963651843785777,-0.04037797279978754,-0.09750398265481093,0.08124623317420172,-0.49390013287194884,-0.3788448788352745,-0.2711987726574797,0.057068472669207684,0.17654945851102943,0.21781815555550393,0.05627767852999001,0.05077904359428175,0.2352443652282575,0.5868171610647542,0.24120972239128508,0.2001037465983555,0.7129818444473601,0.39252175187871224,0.03616694694977028,0.3370181326798821,-0.017947658929227627,0.20895686178914674,0.37100422310952047,0.20461658558832632,0.16381369672333662,0.46882752016827955,0.19673964700544783,0.6596801777512392,0.9999999999999998,0.34286668036175694,0.6710240220437176,0.3446908915562213,0.349390541381288,0.09669516589663645,0.15857790668273328,0.2844428472268641,0.016998224118338057,0.13548944576662725,0.4305152102194286,0.5759515883118983,0.274241058389055,0.4422042964191861,0.3185119045450205,-0.23291962549101505,0.0776159959949294
0.009882062380291752,0.01071111637198144,0.11503003308412811,0.05478199878017923,0.06952012242156194,0.23518604362232653,0.1192871157142492,0.2139339275127529,0.13624892219170642,0.09267340834372977,0.03890945374508182,-0.02042181814691331,-0.28293690601189286,0.1594741900004901,0.1280691281895265,0.00518168090657742,0.0814126170722527,0.12872405555433256,0.08868356143855365,0.20266745864764643,0.09189824566301398,0.1061867371630909,0.3182558595809499,0.2454138528420744,-0.00016976027535843012,0.20835693953401113,0.580793609710304,0.5109727817258154,0.2015003992531787,0.2654966276882795,-0.18793299497352245,-0.15158738792519919,-0.0818485567543776,0.04785753751630555,0.4029954967709866,0.25856887191000055,0.07361284899871519,-0.06191134450219677,0.06614633635969142,0.16060430123045688,0.19253989961616977,-0.2625353725129957,-0.16135431219934743,0.057247291992165786,0.3565702203245703,0.1276238304143508,0.25336572255220025,0.5489370527864559,0.07571552554308347,0.12444451694951528,0.053912222382089786,0.3225155004591239,0.15478334179716874,0.019876549323256183,0.27505299563799285,0.15741237628280766,0.07986164124998463,0.09298203769033464,0.18052931207365797,-0.18418554030605833,-0.30121665715571555,-0.2793045684597715,0.05943329663423607,-0.08610781579159431,0.08851545890727416,0.042273300772777044,0.02194995995550656,-0.005938746726554119,0.21447859905989772,0.06528866089933437,0.11123561673777484,0.2612881978491552,0.33966589896344135,0.16132041466292452,0.21482279289185768,-0.08072012215924818,0.31990341028709585,0.46225106880721106,-0.05125295374462174,0.08194360387679327,0.38665709454090325,0.11785804705567737,0.44515660097883314,0.34286668036175694,1.0,0.33186204112683576,0.07829118862696459,0.4564687519683627,0.4102830428443904,0.24250053150887965,0.15362674442059931,-0.02896861344850935,0.14610391817004031,-0.04923653386042862,0.10331297728069296,0.0545420914656235,0.34562125547114686,0.5476532127919126,-0.04764941291442079,0.11932780435465695
0.12081794061325239,0.11107748653129072,-0.05308415757227888,0.3493719198540931,0.27363047533681706,-0.08510497947809126,0.18458903697228465,-0.050597303985984984,-0.16051782957275307,-0.049496732927900265,-0.028294441127020575,-0.21164394639488732,-0.2277438856030815,0.026756945875290147,0.18099435904848946,0.22437432710491104,0.004149926239340593,0.11886656372705404,0.04718398151668094,0.05939336524419064,0.04001515726541861,0.3342910296247958,0.28676203466591527,0.014321992119399255,-0.10064342066568704,0.189253465889056,0.08863851530587934,0.20583293540245098,0.22458484021752906,0.30662168116044397,0.11136495117217513,-0.04619661568587518,0.12306406199876802,0.27721014248516607,0.23320430781372384,0.3246615583281428,0.3249920470026567,0.015277352245937499,0.1264475992394419,0.10701356675426524,0.2193608752867655,0.018593329213423677,0.02784871535296383,0.10489590196863345,0.2086041712928513,0.0809844934872911,0.49528617296044336,0.2922530148226198,-0.018465050863864508,0.22506972123132457,0.08811956809980978,0.22717242007545602,0.30850914049645745,0.2714333337697425,0.2690290751791921,-0.18507714599335306,0.022040059948183234,-0.005937011432293875,-0.05236193678432133,-0.19831872737460357,-0.28681274253230366,-0.21961858772541812,-0.1480752261643328,-0.14474468140503285,0.09647490405702723,0.10051244839829611,0.053632683551333236,0.03180829142392547,0.55525852411649,0.2737097998600746,0.01615999321505013,0.6577506952709984,0.23108162231613857,-0.024118818370876583,0.4035465569621823,-0.05339226669294983,0.21535409102672773,0.3181550094493191,0.25755014818657085,0.10601029276537591,0.6302198525281602,0.5708519792464666,0.5550451341870932,0.6710240220437176,0.33186204112683576,0.9999999999999998,0.5110872098982667,0.19803662558584584,0.34891468462334885,0.5026171437958691,0.539927593206516,-0.06854641718634238,-0.030465927408770258,0.2744837000082267,0.5644405249441974,0.3179726007188038,0.5854551091524337,0.621918775049039,-0.014560654821081223,0.4313314154170037
0.028466968225253093,0.1761747259363718,-0.05132214764199503,0.5017641876673784,0.30231944941091354,-0.041588263874758426,0.09141612578212585,0.012792773370364104,-0.11488003077372856,-0.11244872900706332,-0.12955597781443756,-0.23633408753718016,-0.1774630560027895,0.11387428167272307,0.13822083967476367,0.16428035181023756,0.15796317062513668,0.02142462278366181,0.18377798787641675,-0.0077699926619267815,0.1185924155092939,0.27892941648598285,0.051699032526500856,-0.06806668865017819,-0.17268991385369994,0.2596555635740042,-0.023007409565154183,0.15008727024664398,0.38715073467198663,0.23396876312386103,0.2796298104995702,-0.08350294085973436,0.1591568414098812,0.30825153245844017,0.19421524931558343,0.4136213921656083,0.7139174742151841,0.0358144857242628,0.06881045934007539,-0.07457501129417947,0.21915619386075275,0.12727203483160607,0.20553652125566238,0.38860116520777216,0.22916311466500255,0.10410175237801356,0.31252889849877663,0.006307271274611992,-0.03087302548700304,0.26485405971073533,0.056853138321966507,0.20805975285805428,0.1598523675110492,0.3748028563493895,0.2059071957990204,-0.14056998510864718,0.1646997093047562,0.0007751758023127312,0.04234504049018578,-0.10040772293042287,-0.18030889972452496,-0.055448671447069775,-0.07967844018621804,-0.021703769724155914,0.10383276016208844,-0.07625791470712108,-0.10142506806191386,0.06114399227691971,0.29614016136717064,0.05051306233085608,-0.11397890982031539,0.34700647014999475,-0.08184883621091675,-0.22585062839817818,0.3033817920811643,0.17676350428707804,0.22572649488800253,0.04718010933916688,0.3346976937744404,0.02806874363582382,0.47740927713450687,0.44321487712409946,0.3355486468169767,0.3446908915562213,0.07829118862696459,0.5110872098982667,1.0,0.13089482832346552,0.29987246188066935,0.26230577253098925,0.3860576605191391,-0.24103871298021678,-0.12482086175823179,0.39537966384113504,0.426491268596765,0.38571663088421765,0.39045432585761963,0.23774874676807117,-0.010341673060024589,0.4304432243855959
-0.04229218982752641,0.1221129512693901,0.0895329267009914,0.11432486457502322,0.12445440502196087,0.18986029309458394,-0.07542312007782669,0.06143859682439996,0.09496713272322402,0.21363945397056752,0.04983060700230759,0.09956796352361458,-0.22762456860089986,0.06991980098363604,-0.06782925545621764,-0.08820460305659449,0.07234432847156289,-0.06367516180159362,-0.047484298670509746,-0.026230920017195895,-0.08333789789830628,0.1987418796154602,0.05642908250645092,0.09934658798753479,0.21202958766899488,0.23572506750741154,0.4027051788264056,0.767951299810357,-0.07596997051537582,0.2483229385576327,0.19074610674981735,0.135178017794471,0.07289293076586287,-0.003955035157228365,0.4757564394418051,0.33560656270588707,0.2715512828061335,0.05695323210544499,0.08488802187734765,0.12381695651326184,0.14330415857009476,0.036741712842535225,0.07177928687518101,0.28099106443633803,0.23676794704265253,0.10076776290185951,0.3361389718996648,0.37090741933364585,0.0723296795730666,-0.03277127825629274,-0.027529505205232466,0.1482752544397853,-0.09450967850672667,-0.1303586144959348,0.33649308803693506,0.16626461572760926,-0.03314351574447778,0.0836994430250719,0.36429229677823693,-0.2248875881106967,-0.2688286827371346,-0.2726841711438543,0.10191123806998582,-0.0034205540506337864,0.06353460065268345,-0.16076767084239538,-0.17295776413890745,0.05407137197743199,0.1724247870273226,-0.13767701320574896,-0.060200112958263795,0.31378837333643955,-0.030479216394286034,0.03231135738084433,0.11241557827676608,-0.0653179667981463,0.15766073533889732,0.41787777243589314,0.007302847157865162,0.13112690249445969,0.29604831690939987,0.059328082841874644,0.3778142296200594,0.349390541381288,0.4564687519683627,0.19803662558584584,0.13089482832346552,1.0,0.26249287318424924,-0.11222563510707999,0.08719317574706767,-0.016166773598708717,0.16829132824459087,0.21776306915918334,0.10865651866441264,0.201962124080298,0.08381587522363883,0.38586692836703906,-0.07839994128731269,-0.1744772507955029
0.13016436957759756,0.2570348733439942,0.3102579109280539,0.20573795390044247,0.42898432833519073,0.3831785667296373,0.07846793366164447,0.3180405817033119,0.42414326007992725,-0.01961449027799635,0.2315547988016266,-0.05003621261082161,-0.2485624339414865,-0.0541948509971759,0.0869042797783142,0.07014408814095904,-0.01984068097181583,0.25464334164593805,-0.11785445704517691,0.37851522340235094,0.057329930617100934,-0.05124187597724347,0.205230014210422,0.1696694093278765,0.10664022427147105,0.10132382536209482,0.11123808857788568,0.3550779662081139,0.3420258431089262,0.23001825480561164,-0.08949757918872563,-0.09131117935809589,0.06330420601917858,0.2884928056861338,0.22115146622222362,0.5800332767239429,0.20961896028660973,-0.11702132791329947,-0.16765671142255792,0.008508197964944541,0.10311166201789201,-0.2698423001963498,-0.19543271210289873,-0.07274602603111432,0.05566510198889836,-0.11730092372030551,0.21220290961391314,0.35499470333753214,0.2887783244887017,0.2278679331587192,0.2475746040552145,0.5015157473974794,0.1259518705819966,0.16351094605778402,0.5825320900504569,0.3920830606359265,0.2508066196357202,0.47330579392914784,0.07114666081846512,0.09260757090748692,-0.13936154204006074,-0.22244406268924366,-0.14838872844256173,-0.2831851247338213,0.08626976554584906,0.042160508044117806,0.20092674015894316,-0.25210233067295956,0.21899982274800592,0.1794908261988287,0.11189922824763153,0.10311144118421771,0.09393467991202976,-0.05193306578387444,0.25710560589767345,-0.03670764253958668,0.5119022060016394,0.36610242315939334,-0.03645397427673192,0.07873300482430733,0.4110183319730413,0.3615003100080239,0.10579466307298352,0.09669516589663645,0.4102830428443904,0.3489146846233489,0.2998724618806693,0.26249287318424924,1.0,0.2605012259606201,0.3215694350638799,-0.21829950483651894,-0.14357608272707767,-0.092048874320565,0.011616711233645726,-0.06826798875633806,0.027834473077241954,0.5295691766635293,0.3507828710199441,0.3196088468233318
0.11451891207167883,-0.3262440469837438,-0.30938593832034084,0.024023198526716468,0.06435310251181889,-0.2232355744668475,0.15393389250984682,-0.2790921784353302,-0.2704419768883156,-0.1912298441959312,0.06842015298049595,0.03599969980603201,-0.14181003330986705,-0.11454508931833876,-0.01615323240272016,-0.07406183735270085,-0.02215676729035761,-0.21593047832608844,-0.07655490110264934,-0.032210530110204694,-0.16537523019063308,-0.009726646444037505,-0.06613102880541853,-0.003987474295572407,0.10412633666539604,-0.027504948049053006,0.05198468021807991,-0.12962925323301563,0.02598640343955679,-0.2056391162544013,-0.24967677853582565,-0.0780257015524577,-0.048356221004994225,0.1353173192076117,0.03682273148193298,0.2769271961609087,0.10619224067992557,0.03015974366200907,0.20173086473468632,0.15437865048766622,0.5519715538309883,-0.1429210966607172,-0.07222911724034727,-0.02855509099366612,-0.0206961956107231,0.10525365807025311,0.2973867250428076,0.136787513088615,0.11079834186714396,0.5097383017301216,-0.08248648505078206,-0.12334056920244729,0.036390285779588936,0.1869600550211034,0.0334654678097029,-0.16852512579747495,-0.23225359527329997,-0.12747622122462368,-0.2317808314766128,0.0735343883439517,0.057155442498710594,-0.07383433877496244,-0.2536395827120816,-0.3391476220074385,-0.14047471797054026,-0.0930187720977235,0.22750992381829893,-0.17546925395821664,0.07411919686621073,-0.14930416698032917,-0.14054951422807974,0.015877880676612364,-0.16432402357312384,0.3341791339810179,0.45089036558352774,-0.15724353838175525,0.05076935466837971,-0.1989523420440769,-0.0783448521706461,0.0945101305517916,0.49814333791826054,0.6665513993421611,0.19344441739183704,0.15857790668273328,0.24250053150887965,0.5026171437958691,0.26230577253098925,-0.11222563510707997,0.26050122596062014,0.9999999999999998,0.43748432107599705,0.11214356016450322,-0.02447491118424971,-0.19765178461723376,0.3875989215970666,0.26302487033252975,0.4364763233844325,0.22809650387736508,0.24932067806572303,0.704523027928823
0.5799535678972688,0.2870836379161872,0.09704600514921026,0.3899282496196887,0.2570452269094175,0.04331752948214505,0.333811563730031,0.03372677621158277,-0.04754260447367578,0.005492387357834369,0.19157823916438085,0.17554591058076982,-0.00785868606024396,0.14003256509971387,0.26635127791320984,0.3498802349668835,0.15149150953431903,0.18101238984965376,0.12488006794334461,0.2405290864048629,0.1436152224218231,0.40044232425021214,0.2014250009430728,-0.07315162400887074,0.12376453235295477,0.2430164792305433,-0.00896515338579942,0.09696154193232469,0.2091981216310678,0.2692573688740139,0.432424487374852,0.3216453604265868,0.5076969532639994,0.3733653867778742,0.164848594423249,0.4435950725680768,0.2074258544151744,0.36319738016687997,0.30611527948701406,0.22185702690084816,0.3939485135227832,0.1612319321790345,0.11766372224828443,0.35162516721740317,0.09669930143661268,0.05223215014086929,0.43826158619119787,0.1779594997652954,0.34779046317610557,0.5300497449412445,0.4606264239625611,0.27719325281502377,0.32451584273855644,0.2892870840188569,0.2212362194459948,-0.026837581975564503,0.15767883420884526,-0.08170046800452606,0.11912937206105871,0.10346784586650253,0.023310960411884414,0.02230559771867953,-0.0544641212838759,0.04761446626624399,0.07907886345189362,0.1479533617439001,0.390960722909616,0.0941818720373748,0.28818274394412613,0.14318548570491643,0.07627773836140495,0.3954372730241796,-0.005896214602090389,0.036805335754122356,0.3696985539528272,-0.09511000636938953,0.2475278355104046,0.13274962360106501,0.3911157247295214,0.40972798348360095,0.4181454419404459,0.5480839667312295,0.3552860617891885,0.2844428472268641,0.15362674442059931,0.539927593206516,0.38605766051913903,0.08719317574706767,0.3215694350638799,0.437484321075997,1.0,0.1386516568593361,-0.08240384545380508,0.3326893884385135,0.38911396192009245,0.5389595322125016,0.3346555190620228,0.41662567817512647,0.3021174263372682,0.5845161393260545
0.3234146592251789,-0.11708099567039981,-0.09246467351764323,0.0291035872778759,-0.1661328602643151,-0.17878723892422307,0.3798994975424182,-0.10497574605817302,-0.23659275876544997,0.6570278692242397,0.18186382334805243,0.3949395128817081,0.1096969178290711,0.2420083829340676,0.1428806842224335,0.3007536201226059,0.23669085921150507,0.288808228150448,0.30187133467819705,0.09169545233457672,0.12397834152371225,0.2585659223143681,0.3606304563182254,0.24925770811217124,0.307475763831542,-0.0666659559982113,-0.12111653529259463,0.02809945065081822,-0.27770840482936465,0.06276612744737607,0.0986722904541465,0.4417214119580612,0.1846891809663013,0.34352858038545897,0.13290119489353022,0.013265454242592237,-0.11719012743515712,0.647083920531219,0.682060553846671,0.6834295134686276,0.3394995198062366,0.05349749629739986,0.15233647558857685,-0.015397123139721542,-0.15479097700743055,0.14022955265389875,0.1820179701071926,-0.051421600316651696,-0.016943202383677452,0.1974972500169055,0.10844292761266888,-0.12398815622081036,0.3090579845344117,0.0684662658484122,-0.2603866200672047,-0.16058665492182822,-0.0688380771513175,-0.2710557463624824,0.4873305715204525,0.03443728320342149,0.1667568669123,0.003027923634027707,0.2204498304606239,0.33618461294909635,0.26927684988713296,0.11926669456749725,0.34784520216593096,0.2997552017498458,0.2936593742253642,0.27766104764393323,0.33821805527644,0.1297242419627983,0.22114812155379618,0.5706842231423092,0.2084812551283253,-0.3033221613321966,-0.08405338244089143,0.03882499800237588,0.0016929530108770769,0.37307255757580454,-0.10061513601705724,0.06870995681470839,-0.028324558829239437,0.016998224118338057,-0.02896861344850935,-0.06854641718634238,-0.24103871298021678,-0.016166773598708717,-0.21829950483651897,0.11214356016450322,0.13865165685933611,1.0,0.702463912260829,-0.03717482319989902,-0.012601433429672649,0.18320324098846022,0.17907458047907757,-0.12828825418154036,0.03560511214299577,0.10001030256472304
-0.023941643691901653,-0.03923908436556643,-0.15181162495595707,0.11164932412316476,-0.040883295194769013,-0.23631601447105907,0.26492377491848745,-0.0290529623976897,-0.23169131024587492,0.7037397562318775,-0.15790337591276224,0.11473576724823116,-0.10831833222644441,0.2237620994375992,0.06342287933618508,0.2710599739806777,0.06324637388651498,0.36599953442432326,0.19922117780014048,-0.16264572935049434,0.029254133884126645,0.20848208864955312,0.4405831544762406,0.2613825177436627,0.029906910558663017,-0.10378702320498097,0.046561633115279916,0.21758362851118485,-0.3334143968740415,0.14546261954855463,0.06197357239467438,0.2848407848794553,0.07566702921437084,0.2664067218329578,0.31240975798929854,0.08798376156624917,0.07692199610208741,0.5713212407200261,0.7029940638896748,0.677053061289484,0.33973263821409605,0.06844825401369345,0.275905754243338,-0.05795465857023606,0.1370838658300913,0.3092413254376266,0.24299648069888302,-0.0738973711410278,-0.291219930697615,-0.05717052800049711,-0.07174796471723714,-0.07037606735355141,0.22876308775178314,-0.10280854690582313,-0.18748817178308763,-0.2676267515443657,0.06106005755060398,-0.2356076437411065,0.5678020107355963,-0.3352527305529533,-0.19007655855178265,-0.16409956345315593,0.2577230828719029,0.40087779516194366,0.2531585104918877,0.06855375504237508,0.14811485168116967,0.2066432498974092,0.34969233946495737,0.3448657679849348,0.329252589813804,0.24325324594446793,0.44190600753616444,0.4044826988778721,0.16827596371143574,-0.4543517336292895,-0.13249153352859047,0.13594710103247007,0.10861043718972405,0.1466994736928153,-0.04163503138117303,-0.05510067346760182,0.16259832881945643,0.13548944576662725,0.14610391817004031,-0.030465927408770258,-0.12482086175823179,0.16829132824459087,-0.14357608272707767,-0.024474911184249715,-0.08240384545380508,0.7024639122608292,1.0,-0.1388497374225552,0.09394454628178661,0.0882803121246385,0.3518413600502888,-0.18447705258437883,-0.3216091413951943,-0.18285271490268176
0.30450025814164233,0.21485537530337157,0.12592463854628072,0.2952210158111113,0.2122909120299129,0.09170719627982314,0.05518112008231669,-0.02480999339662553,-0.046656927368590895,0.080022925331184,0.025700608433861433,0.0684589028120352,0.21999322205198718,0.19476884929748595,0.22600939829473266,0.2551267193054503,0.3130769475793801,0.05409876787483044,0.24273831590848466,0.1602483843499216,0.213174253612345,0.4830398413279599,0.19107778739914885,0.11379481078494777,-0.06215046154976928,0.47554082940872555,0.10742529865228463,0.23621272107439598,0.21217019737931103,0.3489439695649087,0.5367166868874786,0.3687346349350017,0.19567573570878435,0.07508876737270173,0.1962921753514504,0.01359384988492385,0.26176786814403075,0.1749023216901781,-0.0053611034434151005,0.0265242306608649,-0.11304842538449142,0.5826380386485965,0.4094185337367883,0.5337808767852716,0.3017221262977449,0.10853740351113417,0.1284401034122778,-0.005331654570189102,0.06601326839098737,-0.006476323325044307,0.3304817919343249,0.11518483356834432,0.16105665447833306,0.26501278305153453,0.12211779283965309,-0.03541953071624516,0.003545595210422448,-0.10762825335873932,0.15598697468809347,-0.07579923472068192,0.05582282866855167,0.19247365382942158,0.09042423469745055,0.2466824014983845,0.24709520565755425,0.1407951486299609,-0.06516029387847884,0.2971315715000133,0.31632311161158416,0.04095950263768471,0.09444001602519164,0.4426831668767786,0.0010676144195148204,-0.2746946417944533,0.2551204885850054,0.34491399941638234,0.18963812592291449,0.2449131880941382,0.44548697887437927,0.46553603038721253,0.18403558290984198,0.018721392597703113,0.4712270624182438,0.4305152102194286,-0.04923653386042862,0.2744837000082267,0.39537966384113504,0.21776306915918334,-0.092048874320565,-0.19765178461723376,0.3326893884385135,-0.03717482319989902,-0.1388497374225552,1.0,0.4667794940438881,0.5066927955054595,0.27832840731304764,0.13293708520671194,0.008538137988443426,0.03308569800161053
0.22186411163710779,0.02246418335246122,-0.2039343769210054,0.3984912367269484,0.2707323313507946,-0.23294641353545903,0.09303299082152774,-0.16273587799276917,-0.3037130869587648,-0.11111451573821764,-0.26820925315842414,-0.07543680677815631,-0.07188934835918036,0.05098921093027615,0.02934047810711952,0.1713553206459583,-0.021682029845525436,-0.09575670048026651,-0.008622631462082224,-0.13484201582666344,-0.048111408592422134,0.38341406333864425,0.08333176369382077,-0.19262459559117937,-0.1684721452137028,0.3139075505402149,0.021792560292302893,0.0935153388006385,-0.0820268808143098,0.06870652578613326,0.15437057590268066,0.15005601072320776,0.02020895484321548,0.014654527645768146,0.1738562621508816,0.10145565714933102,0.2994921510933601,0.1700032584941226,0.21166073172704744,0.16833904038281752,0.14435558575105847,0.34899332557076523,0.2930351646339626,0.3250095229041703,0.17878685119843551,0.1694906019756881,0.1994516486638425,-0.18583625889040659,-0.0904382637608814,0.14685884430052945,0.1300581317799101,0.010569429883204518,0.16360630699673195,0.19882540996078518,0.1479979405427996,-0.287735183769537,-0.017588023042768654,-0.1267231274096615,-0.1030321414166331,-0.39988721031831886,-0.15311182782494387,0.002873223709051946,-0.011101270361000526,0.08855832110391415,0.0994955744628455,-0.04610879174845103,0.028382588539711755,0.06557162075077394,0.20609111041462772,0.028199222269261234,-0.03953057842468444,0.5335684754299677,0.038944046184108745,-0.05502091961181911,0.4817921728761919,0.002959433518691585,0.06111654956331059,0.09555128920615463,0.27323793588793666,0.3089674282585548,0.37535730214723684,0.23386009155033155,0.44954168042341813,0.5759515883118983,0.10331297728069296,0.5644405249441974,0.42649126859676495,0.10865651866441264,0.011616711233645726,0.3875989215970666,0.38911396192009245,-0.012601433429672649,0.09394454628178663,0.4667794940438881,1.0,0.5784750488178053,0.6855653047183029,-0.02586614883067008,-0.04913799577694748,0.3084729091228229
0.4876903193410589,0.13885661343901434,0.04369264578684495,0.2954485619319356,0.08590334931157015,0.012890460198261539,0.3499062931422691,-0.016911854392539186,-0.1249650903505133,0.03693625739632314,0.01596958469459457,0.2755457805173472,0.18066278789894633,0.38722062448816,0.3863743470670983,0.2883844778973911,0.27159912022974997,-0.03252429851615048,0.2692246170840907,0.14690392520424161,0.253217947747738,0.3872627689718795,0.1820616641301793,-0.1486477563725004,0.049786630354972584,0.38802757035746577,0.04976181535942924,0.15743352089970467,0.1330857646167744,0.052978939584435246,0.478953256259861,0.3890894770390758,0.29311269113414007,0.017979159202933023,0.08283712553065706,0.19010610035842562,0.3751939260607656,0.4362393996995334,0.3360503904176546,0.21775333776076333,0.25379457869915295,0.3954587001353564,0.21368870282923494,0.8012181773295732,0.14098610601882897,0.20396563011847105,0.1811970512002921,-0.026636520069169292,0.3007957695988051,0.48657887059752575,0.40244164719632164,0.08939751245813303,0.20525432362804621,0.11287225607031141,0.05264682810333241,-0.028457190923905105,0.03364837876000639,-0.19128953772429705,0.11926998060130725,-0.08686708800599402,0.12183934558464697,0.24559240633721147,0.26202077484354913,0.3545465584405101,0.28994970357206973,0.2610802796499959,0.28872523761571117,0.35893555360006596,0.12912522341819394,-0.032967690169040685,0.1400530277779599,0.4161133423505742,-0.032137596072086876,0.0032938619599842396,0.32255470905592726,0.004130054008212619,0.1940872154685962,-0.047780470930441306,0.3398493979129332,0.43030465241570776,0.14509263973767442,0.20572033221334435,0.28444261050420055,0.274241058389055,0.05454209146562349,0.3179726007188038,0.38571663088421765,0.201962124080298,-0.06826798875633806,0.26302487033252975,0.5389595322125016,0.18320324098846022,0.0882803121246385,0.5066927955054595,0.5784750488178053,0.9999999999999998,0.48395320380703516,0.05199708907556566,0.22316899704339951,0.45539654501339527
0.13355184168397824,-0.09504112647532474,-0.1625569082688084,0.3233376572539697,0.129790381246167,-0.22790486875139093,0.25379696134186996,-0.15302510632833763,-0.2645102515225437,0.1608335220968386,-0.10567265991388897,-0.013052333152736227,-0.03599241516000437,0.11107648477660981,0.1133913376885368,0.3197791319551302,0.05682216412833746,0.07385543929784531,0.11029991018875057,-0.09701771963515991,-0.037558894816919715,0.3369917991520202,0.276995808354263,-0.01918504638628085,-0.13845357427467295,0.1609466677386116,0.255062341634045,0.17986206415007885,-0.08150035156743893,0.2191134847043848,0.04013048442307416,0.23235988579800948,0.0011551220262039155,0.09086351706410047,0.23889507940887666,0.1757407622491087,0.3943957584778876,0.3299552504417985,0.4285907914822019,0.3653004773290744,0.3830252028106868,0.23787797786171946,0.32717684522177326,0.2665987537182124,0.3599738524195061,0.5393606747995683,0.3406458956779035,-0.0004523250675894198,-0.19024005743902817,0.1856289986772018,0.028275376522478458,0.00654393315130833,0.25050733504766937,0.2729873444053614,-0.0444287286001848,-0.33376258315456075,-0.002756203702257344,-0.16938937218883718,0.040750123842428446,-0.29132739069964736,-0.20397457541500597,-0.04662685724355741,0.10387518065286423,0.12455210939635292,0.07248736357845452,0.04077978488777263,0.06308358995624301,0.15444265270266122,0.3180224267572317,0.1387696467471571,0.008233108812176315,0.5689444695770443,0.23125200574732285,0.08328294582118945,0.454723787606232,-0.2353009380757187,-0.010556605019806745,0.23874597302625855,0.2661178266354276,0.3536061970646471,0.32364211634872625,0.2993198826183288,0.5186764958728532,0.4422042964191861,0.34562125547114686,0.5854551091524338,0.39045432585761963,0.08381587522363883,0.027834473077241954,0.4364763233844325,0.3346555190620228,0.17907458047907754,0.3518413600502888,0.27832840731304764,0.685565304718303,0.48395320380703516,1.0,0.16869482098815133,-0.2434155690378131,0.2597345983134234
0.20709069036639935,0.17028575873127685,0.2645542845330612,0.12324336093081391,0.16223183604889882,0.25662986235777063,0.21681792190052623,0.14638969392177575,0.16516261837597773,0.005433591695529363,0.32851330825258857,-0.045444997242815796,-0.058415684336773806,0.07209301924037166,0.2468101177554401,0.19371831841841472,0.12491834999209209,0.15692704508983502,0.1060156512425686,0.39841950731982884,0.15447524301415502,0.09022762780003517,0.3419115038143905,0.24937852453512266,0.05340118347137772,0.198205167963291,0.33101918556076515,0.3833539335327358,0.4014049806505067,0.3341692170764413,0.09358377986945877,-0.10114430095985262,0.14300595972961885,0.1959990107010828,0.2833362832045713,0.3303689992984728,0.07074458155555752,-0.11279317185546095,-0.08647248084007728,0.03914010392229245,0.10916086692901693,-0.17857629829523686,-0.17898411151882385,0.05391659712019794,0.2824200595894475,-0.026722523651934,0.4206952192494207,0.7133756075203777,0.21014302116854,0.21010500179693684,0.1756202082717314,0.3378531402822236,0.29390733701650673,0.20220204267944353,0.3216132079835429,0.20416158450104258,0.011944270570116055,0.11521667066734771,0.09231285520640921,0.08687909943296798,-0.20648739336725422,-0.12445604064186712,-0.14817735580571062,-0.24054115220430056,0.0530774183771369,0.17750336771827174,0.0980614757642929,-0.016951004974901603,0.40395689085585695,0.16171957326693154,0.12654461421971694,0.35024126616441914,0.19000440589288115,0.10785211804763362,0.2515038685058414,-0.011552904666993285,0.39895205495722813,0.4127170723801994,0.18944010659421517,0.10670065225056667,0.5412363761961227,0.41648574089997625,0.4688557996121912,0.3185119045450205,0.5476532127919126,0.6219187750490389,0.23774874676807115,0.3858669283670391,0.5295691766635293,0.22809650387736508,0.41662567817512647,-0.12828825418154038,-0.1844770525843788,0.13293708520671196,-0.025866148830670076,0.05199708907556566,0.16869482098815133,0.9999999999999998,0.14858771292948805,0.289646488356895
0.5331280205504405,0.21513201422686387,0.37165651660182963,-0.06376272307670192,0.23998970137384154,0.4304402815896367,0.25812038976635987,0.25845211080767866,0.329600227503205,-0.1001744100856049,0.38028373743615085,0.38971303873238916,0.253412133415958,0.14369181295396224,0.2794465807877645,-0.06576083371223347,0.16751797332809273,-0.08108463077982238,0.10391395063791246,0.5163379181000552,0.30290598683964726,-0.10235338502103646,-0.12050495686917334,-0.11796524900372554,0.2175223634947298,-0.03564933759997714,-0.0637627377337976,-0.052631976982212135,0.3089110416349262,-0.10968805919966759,-0.0010883053628328596,0.06917110876894575,0.06456852269278444,-0.09480202552918145,-0.2381555043806629,0.15157112539798911,-0.08810108690160603,0.11558396342047443,-0.04842393699619542,0.015804528523329243,0.002678847356002343,-0.07007459263795568,-0.23554076951565994,0.191398122498191,-0.18363935348565535,-0.20888892027522532,-0.05858885041339589,0.10560075869912743,0.8067090716673981,0.5936638583047006,0.42657196515765883,0.25114855373220657,0.05518343197674838,-0.01903404645233612,0.43274153741399496,0.5910636498848514,0.11373035456270249,0.26766366619993,-0.032749333092152645,0.3258927721540483,0.3551666069841237,0.27971676328411327,0.05891363036164094,-0.019234203004340235,0.1460456706747759,0.2814208962233906,0.5264691166309613,0.08934772916015515,-0.17283327595665066,-0.09431478539254048,0.18882107148402172,-0.17290282366416931,-0.2107395979701857,0.11329627781373908,-0.014424203285338298,-0.008715054490653962,0.36073647955234905,-0.10457571277194247,-0.17053960837964138,0.16448933645854358,-0.08868751297131613,0.11409289570224476,-0.1381302389684375,-0.23291962549101505,-0.0476494129144208,-0.014560654821081225,-0.010341673060024589,-0.07839994128731269,0.35078287101994404,0.24932067806572303,0.30211742633726824,0.03560511214299576,-0.3216091413951943,0.008538137988443426,-0.04913799577694748,0.22316899704339951,-0.2434155690378131,0.14858771292948808,0.9999999999999998,0.5800076598350526
0.44564381426667526,0.037138447245561354,-0.041131445439204675,0.21457406139143065,0.14571034892338108,0.06101773342420589,0.37182704724177634,0.006525507883164847,-0.07241904032613479,-0.159028090350036,0.2844383062436436,0.10774401393473654,0.11923836564615735,0.2091973356190889,0.392494378121821,0.11890806118243502,0.18873547456381093,-0.03524719262654504,0.24772054285088357,0.29971986117830396,0.26403553590200807,0.026633343998741524,-0.004204238387190885,-0.1437026169651793,0.004556157157156232,0.06960621949114279,0.019655860935233988,-0.12594797588786477,0.33578689030167114,0.0021239407290323227,0.07257014631913451,-0.010070214318225551,0.2531882370046615,0.2647367111827423,-0.037845741365866076,0.3442272057354466,0.22036200347561077,0.20628257683965645,0.24980859723703785,0.12045037309861899,0.43290774414000155,-0.09090913393500857,-0.07058205386272995,0.3171984273914184,0.011191635539654587,0.05255765699679393,0.29859745250282566,0.17371962820201342,0.49617884143590335,0.8589707868611297,0.3043806414805281,0.19652666161047191,0.2786421587058417,0.28695634677964627,0.2010789953144606,0.11177163883308175,0.06132607670846109,-0.046049887712966,-0.0616292629207366,0.2512568931543629,0.25504691013959296,0.25765663917308945,-0.059387806685869314,-0.062490290538842495,0.16950257163134144,0.24997654726076074,0.3875671494963303,0.07594664630828944,0.0936304225458298,0.03618331010486118,0.1131017209739075,0.023062272683604324,-0.17573743235106631,0.17428381854746353,0.2694998100830537,-0.09116616809831389,0.26150666499981945,-0.18974405433037836,0.1170391423753318,0.2554393182034615,0.25231107875490966,0.5572191745825439,0.08527749264692194,0.0776159959949294,0.11932780435465694,0.43133141541700365,0.4304432243855959,-0.1744772507955029,0.31960884682333185,0.704523027928823,0.5845161393260545,0.10001030256472303,-0.18285271490268176,0.033085698001610535,0.3084729091228229,0.45539654501339527,0.2597345983134234,0.289646488356895,0.5800076598350526,1.0
