0.000000000000000000e+00,1.699701766315003804e+00,1.491857414534569992e+00,-1.188606996291083640e+01,-6.036042987454157682e-01,7.184079403420466470e+00,-7.479695777329524731e+00,-1.716537113704029949e+00,-1.450896232320318724e+00,-6.075684968035941047e+00,-7.406915526893588231e-01,-6.352931368909484178e+00,-4.431176148885331401e+00,-5.032830357920373032e+00,-5.469046628513731356e+00,-5.232524733597010425e+00,3.644047685357652444e+00,-1.660166998604715616e+01,-1.230654368696536594e+01,-2.052823044829200860e+00,-6.453027797969786761e+00,4.561602001186013666e+00,-3.521445370485849491e+00,-1.385415165282487315e+00,2.317387385366925567e+00,3.584307404584092360e+00,3.340131431667405781e+00,3.301083930952702250e+00,-8.964804111013094712e+00,8.608573626668455381e-01,7.626080901798593104e+00,4.630616027491087472e+00,-8.774823125460331497e+00,-7.710638262294125411e+00,5.705153495009174236e+00,-1.614059664979842434e+00,1.018790914301985762e+00,9.846509929447201659e-02,-2.805558349233430171e+00,-1.056648256461635782e+01,2.748544945876347789e+00,9.305210105869731185e-01,3.348737439147801975e+00,8.752212225422032477e-01,-3.470134830435168904e+00,1.957624535083717143e+00,-4.294728020707780480e+00,4.436322912377333338e+00,-4.251048829613691460e+00,-8.708988153318360403e+00,4.174571266202319109e+00,2.019441337070535081e+00,-7.865555961216792014e+00,-4.128724931847015611e+00,4.998563996944511700e+00,5.969230235085049685e+00,-1.313298393616931037e+01,2.943978982024446633e+00,-3.119419390486355859e+00,-1.162093244828625416e+01,-4.344407082366811501e+00,-5.525909954712448169e+00,6.037680610072441389e+00,-4.087345203116801606e+00,-8.355126882526988652e+00,-2.011520419189539499e+00,-7.199110835451830503e+00,-2.561678657442090667e+00,-8.377010594857305037e+00,-1.559262225278992808e+01,-4.362360683252252791e+00,-8.623807475540708367e+00,3.755824739762974485e+00,-1.828996390457909405e+00,-3.626202862528196569e+00,-3.949011217944893737e+00,-8.111473568803695855e+00,3.519380685289490163e-02,2.409306754727453370e+00,-6.747422897722396229e+00,-1.677618350625677823e-01,-5.403705395595733485e+00,-2.507726178987509602e+00,-2.552137702056269219e+00,-4.371041474923481829e+00,2.616580669575477192e+00,1.705980278676956008e+00,1.603047324200949086e+00,-3.371089118145646157e+00,-4.460464716760560222e+00,4.747412379533075266e-01,2.538290759189548940e+00,-3.008812870417697294e+00,2.370197263483146521e+00,-6.882648614126669617e-01,-8.568147533016995610e+00,-3.604255078724078465e-01,7.601866032376325855e+00,-5.816434989152978297e+00,-3.554066052296185330e+00
1.699701766315003804e+00,0.000000000000000000e+00,-3.161763661175863049e+00,-6.071274140539039799e+00,-4.862933059268890329e-02,2.492590115504158099e+00,-6.177163163794509693e+00,8.618640242809000318e-02,2.347353860631296307e-01,-6.325872238061376329e+00,3.077511220815519977e+00,1.454156601863076936e+00,-6.624386839634675006e+00,6.453265523519689850e+00,-1.029879772187993758e+00,-2.540189962848377725e+00,-2.714383257957169615e+00,-4.243905566051572542e+00,-4.995603719375176333e+00,-9.815742617014608484e+00,-4.490921936417081817e+00,-4.728522093733093179e+00,-8.583517322891165424e-01,2.922685231409681172e+00,2.617342616929735577e+00,2.246027533470403847e-01,2.726935896499873557e+00,6.110154156239409495e+00,-5.645320878644310092e+00,-6.080368047769092676e+00,2.483229738035793499e+00,-4.039810428498925354e+00,-7.807712752655788790e+00,-7.927469295357616907e+00,-4.362811131486661331e+00,-6.278428060029180635e+00,-1.651802827951491581e+00,-1.224038468125153933e+00,8.634939563441466959e+00,1.379177382560961673e+00,1.063286302803390981e+00,6.571036540338378806e+00,-6.608785114930244120e+00,-1.004855225404145003e+01,-8.956377279423877624e+00,-6.134977956319405124e-01,1.466376135294153338e+00,-4.502942328306872355e+00,-7.557410405517329011e+00,-8.815227030508474115e+00,-4.676531722468840080e+00,2.424354373910167393e+00,-9.595970538238196568e+00,-2.514984731363832271e+00,6.177223668301880188e+00,2.218217587726167839e+00,-2.010641198025998833e+00,7.306404305098601171e+00,-2.271482229451273760e+00,1.364461405032115104e+00,7.948356828480871883e+00,-8.186627234035245948e+00,-1.898204368332940817e+00,1.147401362586287910e+01,4.734881266191955373e-01,2.298445635326088254e+00,-8.189677805579872683e+00,-7.363741058603382683e+00,-1.062710407152641068e+01,-4.266183523831927005e+00,-1.573364746482280419e+00,-7.770046904732181403e+00,-4.122983399552572759e-01,1.451649287832143642e+00,1.752900113302411356e+00,-1.399780085569436228e+00,-4.407878827092559071e+00,-3.438037903083679403e+00,-2.472902033182713399e+00,8.552010602248004412e-02,4.854860023786914169e+00,-4.314227442251111988e+00,-3.193285439836600847e+00,-2.991950043218971622e-01,1.134420319941788158e+00,-1.182048035366332073e+00,7.445358284151485151e+00,9.528866951294331145e+00,1.424680373874915640e+00,-6.841718858976801876e+00,5.326790015456944971e+00,2.488962438788537401e+00,5.369946510390229300e+00,3.064212878140932239e-01,-5.184616542259038674e+00,-5.678496043669149174e+00,-1.692208805638077074e+00,-1.834272043434182486e-01,-9.463870602309727431e+00,-3.940072443479500031e+00
1.491857414534569992e+00,-3.161763661175863049e+00,0.000000000000000000e+00,-1.153733237670100920e+01,-1.749923230319747836e+00,5.817990552940219828e+00,-2.776557476462734098e+00,-1.493347254905526222e+00,7.061991983201120426e+00,-1.472288039535271098e+00,2.277143894729550588e+00,5.729956568988651133e-01,-4.143259576057631399e+00,2.455303115797956348e+00,-7.842476820930215808e+00,-2.512290975660277148e+00,4.917320502275125627e+00,-7.893343946698942126e+00,-1.333831124045413929e+00,-1.749339337133371863e+00,-6.007170884495907082e+00,2.426843743529577768e+00,-4.785204018028449191e+00,1.697983356948340017e+00,7.681991400983564366e-01,9.632332916309437110e+00,2.157362170481098129e+00,-6.527575368975866432e-01,-1.650686207826992380e+00,-7.208298358999040700e-02,-4.222257756746638502e-01,-2.367265221991361468e+00,-2.886619559292224135e+00,-1.966585763741757420e+00,6.499208637794665400e+00,-1.964165704667040879e+00,-4.786462750035836988e-01,-9.054445997745686370e+00,1.615838382086403735e+00,1.365906069738164613e-02,-3.307907646130004764e+00,-6.604906949499352864e-01,2.339426898271762756e+00,-4.144704337411669215e+00,-1.463284094066088281e+00,2.183883806200069611e+00,-1.633149409556865717e+00,-1.249815942260095181e+00,2.842567585306756683e+00,-2.411366421793495807e+00,-4.036273067570730788e+00,1.819534536297370941e+00,-2.956693200797153587e+00,5.127116278527349413e-01,1.480212197984802636e+00,-2.999291795959173612e+00,1.691897826195950250e-01,5.258951441835857388e-01,2.834028140823440012e+00,-2.521308628243042360e+00,4.493435182092895275e+00,-9.993492084153039912e+00,-1.554053450356973398e+00,1.275279207533534853e+00,-3.453132809918680213e+00,-5.186368796362767597e+00,-2.887512053709298865e+00,-2.313712220411135334e+00,-4.088504091756996139e+00,-9.379915069820455642e+00,-3.706944068781941493e+00,-7.208168383374776944e+00,-5.848535862512111549e+00,-2.388989827994361104e+00,-7.664925869557642768e-01,1.584120785732131109e+00,-1.958247570958444150e+00,-4.288140319454901039e+00,-4.669159886939081794e+00,-7.813099750070065852e+00,-2.933164215417023879e+00,3.885305120025253522e+00,-2.223695833800983568e+00,-4.465287440238951966e+00,-4.081723958139370723e+00,4.944543923279248049e-02,2.581960613135844795e+00,4.864552725216094164e-01,1.374888386048578992e+00,-4.164896750211802612e+00,2.658415426451364194e+00,-2.796642521378950974e+00,2.147093422153507625e+00,5.798809255153658526e-01,6.503147603567166257e+00,-4.799398518187697249e+00,-4.838134963470605010e-01,-4.497599250061394827e+00,-8.287751106102753118e-01,-4.654652205605061432e+00
-1.188606996291083640e+01,-6.071274140539039799e+00,-1.153733237670100920e+01,0.000000000000000000e+00,3.475336257403602414e+00,1.357514527063947440e+01,3.499309579861549779e-01,8.139042820137179390e+00,6.494772274370235188e+00,-4.142544507072037696e+00,8.222556731960370513e+00,3.856544530799337345e+00,2.283257413581536444e+00,6.323214142626565781e+00,-1.641522090614905061e+00,2.254480326459044726e+00,-3.764967577885664163e+00,1.438210208397246115e+00,-1.278981437688407663e+00,-1.043463995021038704e+00,1.774031524879530641e+00,-4.101943997171790812e+00,3.739145164475665251e+00,3.092362779512876081e+00,2.857688755157523630e+00,-2.501613123993208010e+00,3.201573235821195240e+00,4.032979741522305872e+00,8.213799455839971841e+00,-2.854076161685639157e+00,6.765648224635151031e+00,1.112312227142049714e+01,4.151649989701174270e+00,7.247925370330069450e-01,7.013568131040950893e-02,3.639145874261723979e+00,7.010716586800438854e+00,9.117311288076729525e+00,1.049075681769011448e+00,-2.147404175899928713e+00,4.537927009602092276e+00,2.697288076000967649e+00,-7.395169661652076343e+00,6.622199094157602772e+00,-1.112406585937919523e+01,9.701687197658005246e+00,5.150219072785267471e+00,-2.117659559614323062e+00,-4.420413610149676042e-01,5.721727965923427917e+00,6.384097998592813461e+00,6.542765121920949056e+00,8.408215276466286525e-01,1.357581116523035147e+00,1.263371077738948500e+01,3.629300204382007955e+00,4.656836804335258151e+00,3.046876788908668754e+00,6.541683487443879841e+00,9.860488303040815250e-01,1.610643320182696314e+01,-5.451472187726993823e+00,2.028057623069361437e+00,1.831084039679175035e+01,5.085015712493549112e-01,-4.793292441521714714e-02,6.505550616047401036e+00,5.497038944223112816e-02,-4.393946774763469065e+00,-2.244175944826270808e+00,-9.117404433821663101e-01,1.007063112524859916e+00,-2.856675386014721152e+00,6.687831962744274605e+00,1.028959712721342079e+01,1.870964977442961086e+00,1.599389281583813105e+00,1.221954044545541684e+00,5.070824832334216659e+00,8.530839891942195052e+00,7.346481393469135313e+00,8.948756229341254809e+00,-4.116709040892480687e+00,5.244604526790313415e+00,-1.004444862092474189e+00,-1.547179047594122947e+00,1.223067971067650861e+00,2.567697921870616629e+00,9.433657758854064213e+00,-4.144765459392290907e+00,4.848155906625472689e+00,9.941598312405913518e+00,1.315004036943672006e+01,6.628780201148572360e+00,9.326146692576113839e-01,2.510385740656114084e+00,1.123502867835710362e+01,3.365314309614214405e+00,2.689673780729947339e+00,1.001843183702140294e+01
-6.036042987454157682e-01,-4.862933059268890329e-02,-1.749923230319747836e+00,3.475336257403602414e+00,0.000000000000000000e+00,8.981412083827887471e+00,-3.852202518107916251e+00,-2.613245390633102350e+00,2.536657297203739780e+00,-2.296772900343877488e+00,1.855546255967677416e+00,5.947505907923783752e+00,-5.024338882326958355e+00,-2.451339403024446639e+00,-6.232512661841072443e+00,-3.161946909638092329e+00,-1.838368991202882885e+00,-5.821226084618771779e+00,-6.037306580331210704e+00,-2.949870357785205233e+00,-7.059871219950920818e+00,-2.887073315205314294e+00,-1.262172531771528883e+00,2.281934394125088694e+00,5.280801140609841404e+00,-7.719209666998516628e-01,-1.752998892133270648e+00,3.330387182587553951e+00,2.701264625651642159e+00,-6.024783488216610472e+00,-2.147075079693995525e-01,1.507473701972095403e+00,-8.338302970615973919e+00,-2.499332016900531972e+00,-7.457325835325227636e+00,-4.968941151983242044e+00,-6.392196291694064447e-01,3.685144983802648877e+00,4.598316469696157149e+00,-1.807905620751147246e+00,4.020711429367507250e+00,4.102289351272668583e+00,-2.804071415463255779e+00,-4.538441964050750954e+00,-1.078785005948144082e+01,-4.077254490203781501e+00,-6.041681575208157184e+00,-1.192903849462548749e+01,-5.836785948272544822e+00,-2.342831199984977353e+00,-3.036452420066392488e+00,4.489696201465574354e+00,-8.008817055561360476e+00,2.983472002682149515e+00,7.543872679056807584e+00,-3.493906871641865752e+00,-3.088624773453980676e-01,3.967771133469732092e+00,2.605459417792026500e+00,3.534393169402886503e+00,1.032441470822575091e+01,-6.863673635133221929e+00,3.512110902695609327e-01,1.253995425207534176e+01,-7.023951966860729534e+00,-3.622618354979555644e+00,-5.201801277018976322e+00,-2.896971946489455885e+00,-8.764890170868861574e+00,-3.044364201952768578e+00,-3.117878167007853918e+00,-7.135229618532678231e+00,-4.433583100056688764e+00,-5.006272014283950078e+00,1.333090134752794809e+00,-5.854571422164566386e+00,-4.830817079837395944e+00,2.553879943633849514e+00,-1.066087292744909210e+00,8.247518028827670378e+00,-4.622357899522280267e-01,6.228785495629673985e-01,-4.270022044835473984e+00,-3.005384105680101309e-02,-1.089636402187752345e-01,-4.896428756781620706e+00,4.673949480192998607e+00,4.051859467183689389e+00,5.729869415792157916e+00,-7.496844708882756336e+00,9.365401930591445989e+00,7.572936236496849105e+00,6.307236048493835234e+00,2.581718478784065240e+00,2.864929284170007584e+00,-3.349780257732422939e+00,-8.718774878980175558e-01,-7.174742686268011482e+00,-1.637493365386255562e+00,-1.350789135911643513e+00
7.184079403420466470e+00,2.492590115504158099e+00,5.817990552940219828e+00,1.357514527063947440e+01,8.981412083827887471e+00,0.000000000000000000e+00,-1.003471872033398604e+01,-4.192188083397180520e+00,-6.186115208086297557e+00,-8.774161597583375993e+00,-2.707018864094836275e+00,-7.430457137570448012e+00,-1.467496025040981067e+01,-6.151482507205198180e-01,-7.907623094639015804e+00,-7.254772735540320205e+00,2.881739696705276632e+00,-7.428781166441997819e+00,-1.803753359267433964e+00,-7.214561246602269939e+00,-1.360883143787577154e+01,-6.163613357893303224e+00,-6.705159004154652713e+00,-4.606812972559377606e+00,-2.066025950075212059e+00,-2.574719005128925264e+00,-3.529491095294519099e-01,-7.681234336714969579e+00,-2.351941057056072537e-01,-9.983883768107432388e+00,4.594551792857267669e-01,-1.662994235689424061e+00,-1.110180280939857056e+01,9.404835579109127597e-01,-1.299580463811709663e+00,-3.854601691632390192e+00,-5.205699680987966538e+00,-4.753148484402085927e+00,-4.732832836989385727e-01,-4.337972207718063800e+00,-1.923630001146245938e+00,-2.707610884288907283e+00,-3.406704791917221975e+00,-5.084098095682784368e+00,-2.423196425706907409e+00,-7.797474017795592793e+00,-6.241808866599822814e+00,-6.205392552459150224e+00,-1.059254771615108837e+01,-8.964443772638933439e+00,-8.983161812254408574e+00,-8.289723132180169429e+00,-1.149924456065460809e+01,-3.178787139721145127e+00,2.392415660498725949e-01,-5.243709726751667688e+00,-7.117791977235708778e+00,-2.808441862257280430e+00,1.698614522969716933e+00,-1.641142114195906165e+00,-1.672336068765190309e-01,-4.373551743869884767e+00,-3.398952328829953018e+00,1.902064569836870778e+00,-4.777674754802022861e+00,-4.320190955965641066e+00,-1.339809628348927539e+01,-1.291248881646785973e+00,-2.880097078612521067e+00,-9.104881346181649349e+00,-6.896854596369935697e-01,-1.249120608561005064e+01,6.400809073477089495e-01,-4.727264192768545925e+00,-2.360966820985142434e+00,-8.522622466442975053e+00,-7.840432482660788516e-01,-1.144632762649001911e+01,-8.068619994374534699e+00,-6.723475244483121394e+00,-7.127490525409352351e+00,-9.149119340315030158e+00,-7.319722461906740030e+00,-5.089535917152041705e-02,-1.006784275758429281e+01,-2.625709171645331796e+00,5.868917278068015442e+00,4.655314897553864961e-01,-2.943595526479728441e+00,-1.446077279304641827e+01,-2.086165192749179997e+00,-6.310182963465583050e+00,-6.835280532264862430e+00,-6.224545980533783052e+00,-7.204871818051922894e+00,-7.267062202059443088e+00,-4.378766256848900973e+00,-3.467196451298777848e+00,-9.618988280655520029e+00,-1.376690916217276239e+01
-7.479695777329524731e+00,-6.177163163794509693e+00,-2.776557476462734098e+00,3.499309579861549779e-01,-3.852202518107916251e+00,-1.003471872033398604e+01,0.000000000000000000e+00,4.794442320595996065e+00,1.051343883151675662e+01,-5.235400180821740967e+00,5.689063441489334849e-01,6.618607183624936052e-01,-8.671805663683826992e+00,6.258664517188559984e+00,-8.259477655125955664e+00,5.843953533136224898e+00,-4.135862406094688026e+00,-7.810657751053078357e+00,-1.474361013915635965e+01,-1.337892882520435311e-01,-8.667192945250999259e+00,-2.028923235969949168e+00,-8.131913347979076168e-01,4.192248409994447478e+00,-2.074756132514385953e+00,1.007734985807671180e+00,2.799515070037118747e+00,3.170274773567900439e+00,9.831836632447101820e-01,-3.327518726064631949e+00,-2.858148490959939725e-01,1.065010922007222050e+01,3.352751420204082677e+00,-3.830449353829985082e+00,8.341059629269013342e+00,9.165954415058089610e-01,3.374619381110433469e+00,-1.078853797359008576e-01,5.741759052233431859e+00,1.874024026100256091e+00,4.631265499499449767e+00,-4.732865893009551961e+00,6.896133032210024716e+00,-2.500794989871171659e+00,-6.181324538953582026e-01,9.487653342749100105e+00,-2.242497374070455407e-01,-2.125053182436573262e+00,-9.922743696426712390e-01,1.305749395217797870e+00,5.297937938642276912e+00,6.873280661228570843e+00,-6.241022948941747917e-01,-2.985438666267430374e+00,7.685240738806552230e+00,8.964699419394110080e+00,-2.805719504884337301e+00,2.945317146181189560e+00,2.871176916551474445e+00,-2.386601859530991021e+00,6.764645684053164132e+00,5.334263396043828820e+00,1.882634023583252381e+00,6.385496293606903961e+00,-7.824283241303735537e+00,-6.023287039167116497e+00,-1.564491799313725506e+00,-5.920973055323689671e+00,-2.451573103285580313e+00,-5.590236683494217651e+00,-3.983952550314110219e+00,8.267093815423882219e+00,1.342539443356770779e+00,1.369454368168043112e+00,3.200567775132273418e+00,-4.891996557952502656e+00,-4.852695837734997575e+00,-3.559589393248379086e+00,9.230578954078509923e-01,4.860891703744176340e+00,4.654202367741198110e+00,-1.976171404637800055e+00,3.976077177067141477e+00,2.438456514112153695e+00,5.148122398759896079e+00,8.688850182759269458e+00,-1.461912686221154001e+00,8.399479889885586914e+00,2.066967435092709859e+00,-2.598792684441497691e+00,5.483038620553643661e+00,1.171431055013096412e+00,1.109797043097986524e+01,7.718413099051874227e+00,1.855845512368050898e-01,8.495118470292477575e-01,2.866929372575194090e+00,3.924227924405689460e+00,2.199198508029318155e+00,-7.565265822916370508e-01
-1.716537113704029949e+00,8.618640242809000318e-02,-1.493347254905526222e+00,8.139042820137179390e+00,-2.613245390633102350e+00,-4.192188083397180520e+00,4.794442320595996065e+00,0.000000000000000000e+00,-3.575381573564484494e+00,-2.656724265581212219e+00,1.767964006252510156e+00,-3.202161599049934804e+00,-4.259111944485137968e+00,5.300288409050604166e+00,-8.658799079561269707e+00,-5.893079202304493336e+00,-1.097190397222553848e+00,-2.919983565803605963e+00,-3.320150977807247106e+00,-4.068171672646238690e+00,-8.259002097540426135e+00,-7.855994743423083015e+00,-2.445507322139832684e+00,5.294990517297798682e+00,5.002570561785245395e+00,4.008855619169758855e-01,-1.357177875517070476e+00,2.618074304920156248e+00,2.262324824190902195e+00,-2.747323486961400274e+00,-6.909124832142294892e+00,3.496302625853721313e+00,-7.012566340235882656e+00,-4.488316349164638730e+00,-3.724404386975690873e+00,-4.289634970748423370e+00,2.468747319833965115e+00,3.060330228935842722e+00,2.120895575912999487e+00,-2.685083016193403171e+00,-5.659269305476838374e-01,8.192402987513785817e+00,-6.287989113469046876e-01,-4.524816187742707108e+00,-2.227628703524648923e+00,2.837320188777138874e+00,-8.836751552934821063e+00,-1.260405347054387093e+01,-8.277790177909709612e+00,-5.299760800111694259e+00,5.836421382563691473e+00,-1.342842291648739028e+00,-2.234255966843079033e+00,-6.652592350536976618e+00,4.146870450043057765e+00,-8.123648812707465083e+00,-2.047770209988039269e+00,-5.204404945143808803e+00,1.437899107698777890e+01,-4.750944204904121171e-01,1.117247594042359360e+01,-6.497057791876509114e+00,-2.868961158722298066e+00,9.281485715712165074e+00,-9.658432090495409739e+00,-4.223101037278543579e+00,-1.097917692243747823e+01,-7.155461568613747048e+00,-4.419413310423860430e+00,-2.222863338438733738e+00,-4.037597611084176030e+00,-1.130820475355109522e+01,-7.486285340844431424e+00,5.975823742306468844e+00,2.388345808547433169e+00,-3.443628662739207869e+00,-2.568622052030172576e+00,-5.723954983666749152e-01,-8.744081274114357427e+00,5.954268439397841561e+00,8.290661899117214517e+00,4.216334050040813630e-01,-7.342216857889705572e+00,1.511274515253723805e-01,-4.117740459579035672e+00,-2.571114813159443457e+00,4.511787451729299292e+00,1.436860848353235909e+00,-2.808039152060299304e-01,-2.120521692591004648e+00,8.492530274190535522e+00,9.296618863544068745e+00,1.083249668669960286e+01,7.437621986223158288e+00,3.719654266437553147e+00,-3.884803551669109734e+00,-3.403490923261604517e-01,-5.371207827955084113e+00,9.161064868380581760e-01,-9.489742515433062797e-01
-1.450896232320318724e+00,2.347353860631296307e-01,7.061991983201120426e+00,6.494772274370235188e+00,2.536657297203739780e+00,-6.186115208086297557e+00,1.051343883151675662e+01,-3.575381573564484494e+00,0.000000000000000000e+00,-9.587839404166338397e+00,-1.292399610889442663e+00,-5.509554578727609453e+00,-1.101150808489472688e+01,4.044981702766073717e+00,-4.656091059598278292e+00,-3.270510577626125626e-01,-5.835669924411202025e-01,-5.626432042078498341e+00,-9.830316528840148393e+00,-6.148148788717284319e+00,-7.605817048164296601e+00,-6.008537531146452421e-02,-6.531364470413024925e+00,-7.742096661973491223e+00,-1.530759807358638147e+00,2.301309049489995928e+00,-3.603495815686222681e+00,-6.787516532445762252e+00,-6.713250752339530614e+00,-1.420013314321657782e+00,-2.970792122387228229e+00,1.219435565304362479e+00,-7.821517182840290516e+00,-4.557015208997858280e-02,-7.451769765246488930e+00,-5.657278672358360794e+00,-8.885394476522950669e+00,8.406288356152528951e-02,-4.200225405587261207e+00,-1.263377252838992248e+01,-1.076154941100052387e+00,5.425642459418730246e-01,-9.199549239596528372e-01,-4.255345785547647530e+00,-8.574907261430452010e+00,-6.575585120691494367e+00,-7.653860084935488750e+00,-1.565063902776287108e+01,-7.019332352641271200e+00,-7.699183162042531947e+00,4.311267104334332245e+00,-4.989104486774639469e+00,-7.500306868899501822e+00,-1.650347616297016762e+00,5.674431209335168091e+00,-1.685823137213398049e+00,-4.346565964258520265e-01,-2.019453098315037831e+00,3.767028163619832615e+00,4.686244270639924991e+00,3.693960660947520402e+00,-4.709510401374986444e+00,2.567197043522214894e+00,3.380522929987856973e+00,-6.395303873212736967e+00,-5.022723214635563815e-01,-7.330022602535096077e+00,-5.972660902021881490e+00,-8.240094156391398528e+00,-7.788260247959961191e+00,-2.515141592362994061e+00,-4.985796472008019009e+00,-4.975783080573362938e+00,-6.793908031926091162e+00,-2.042638321406978985e+00,-2.146156834675616576e+00,-1.091929980331441286e+01,-6.621504882764552846e+00,-9.726348082765829517e+00,-2.547897630393076707e+00,-1.333363120629224685e+00,1.347750122133722028e+00,-7.336212434689040052e+00,5.549101147751281715e+00,-1.595506839692107715e+00,9.484103774858868574e-01,3.613483819506021266e+00,2.654598265554653835e+00,1.282890915484046213e+00,-4.631475418762604157e+00,7.163348712664951101e+00,-1.765113940803093584e+00,3.544940695932539687e-01,2.159659380798963912e+00,-1.655437150430156379e+00,-4.818919779030627737e+00,-2.646218354684532148e+00,-8.481429670745864513e+00,-1.929133660022502195e+00,-8.815642143550249443e+00
-6.075684968035941047e+00,-6.325872238061376329e+00,-1.472288039535271098e+00,-4.142544507072037696e+00,-2.296772900343877488e+00,-8.774161597583375993e+00,-5.235400180821740967e+00,-2.656724265581212219e+00,-9.587839404166338397e+00,0.000000000000000000e+00,1.338570489603384983e+00,5.666061162574894533e-02,1.046287208563538629e+00,7.700806419647541645e+00,-1.296114728400590543e+01,6.463819054750199911e+00,-1.837901699286131452e+00,-5.968575155340781535e+00,6.052723308041698225e+00,-1.923727678011608599e+00,-5.244220385232797987e+00,-2.215091296598728832e+00,-1.484434650008190637e-01,-7.566140820734068129e+00,6.210010995051800542e+00,4.632728431796082624e+00,1.161360753572198590e+00,2.491570511729994220e+00,-5.205290883502981636e+00,-9.382585266664934309e+00,6.010306137073013311e+00,6.489074828474397982e+00,3.495442864381222314e+00,8.652205609506781414e+00,4.370663616745647850e+00,4.910475204867284837e+00,3.799564408802151405e+00,-6.551799057644259738e-01,3.450332153153774950e+00,-1.620042787056209743e+00,1.931082746856866317e+00,5.689458130338818087e-01,7.602471134881929160e+00,4.379638324127059335e+00,-6.652934411765894396e+00,4.115532079440858970e-01,4.953131861076675690e+00,-1.823838081295719560e+00,-5.089844399654965379e+00,6.040447305109979403e+00,6.713413930733258539e+00,3.734190091773156528e+00,4.022050709307322336e+00,9.028327039870990944e+00,5.029175049766383410e+00,6.130083593835736977e+00,4.367663458550198108e+00,-1.055433016337885999e+00,7.854861234642119827e-01,1.676995638132178668e+00,-9.167968268008671595e-01,-3.861468188524990630e+00,-3.145225579454161702e-01,9.869949048661867508e+00,-3.849846753742929284e+00,-9.013802316532181891e+00,-4.992188616653763233e+00,7.542455374665068213e+00,5.790512643411418914e+00,-6.998367433263445569e+00,-5.714828330163252090e+00,8.411767669490560095e+00,-1.521332315161843862e+00,-2.573837681168668290e+00,2.384348256617039308e+00,2.019138615876886700e+00,-4.674561273316135690e+00,-2.831798761546638232e+00,3.608377388016756893e+00,-3.527984157550974498e+00,2.600823787679504395e+00,4.125231689033357907e-01,-6.977821477219193547e+00,-3.696345126696181538e+00,5.270132913434597555e+00,1.583449922146334288e+00,-1.023562503131885570e+00,2.091498786976977886e+00,4.281471022134150317e+00,-2.883362553966303032e+00,-1.670071296866425747e+00,-4.377983546447804741e+00,-4.110280272023876691e+00,7.154783863613636719e+00,1.207478417225636536e+00,8.467417403997531955e-02,-3.200519466729932816e+00,5.308650952070722795e+00,-3.261014437621616135e+00,8.628534577638831138e+00
-7.406915526893588231e-01,3.077511220815519977e+00,2.277143894729550588e+00,8.222556731960370513e+00,1.855546255967677416e+00,-2.707018864094836275e+00,5.689063441489334849e-01,1.767964006252510156e+00,-1.292399610889442663e+00,1.338570489603384983e+00,0.000000000000000000e+00,1.554573883506622733e+00,2.962724490508644504e+00,-1.805977380550468192e+00,-2.609937416798958076e-01,-2.232291628766405189e+00,3.141563966802817909e+00,-1.910079633288637613e+00,2.180392272013769617e+00,-4.613554182657866320e+00,-2.517505375006427126e+00,7.316583583376054523e-02,1.514304142889548510e+00,1.642521865354935828e+00,8.546330639390285810e+00,1.158434302684525896e+01,3.606873730659676980e+00,1.496805616121940119e+01,-4.046018780195471898e+00,7.165294591278740244e-01,5.203336065977127056e+00,4.941372006400667871e+00,-5.000848453288115003e+00,-6.441898906788675383e+00,2.372884378374279457e+00,1.504895405707980249e-01,2.436080346383087125e+00,2.700101008135152636e+00,5.678943065292393122e+00,-1.388927885671240148e+00,1.040748281613116610e+01,8.110597371332023187e+00,5.995351884291243216e+00,2.047904018152563399e+00,-7.887331896103934703e+00,-1.195915456728154025e+00,2.804973999229471104e+00,2.923873297275981997e+00,3.478064076316263353e+00,3.392891822768676846e+00,-1.066876994526784889e-01,5.230038432466396436e+00,5.460739323872764173e-01,3.612311365074259317e+00,8.501742230694500080e+00,4.290319627382650491e-01,-2.381993689907103029e+00,-2.202662866475967096e+00,2.662205955939031643e+00,-3.644199029925476729e+00,2.748899575105935966e+00,5.211810288844188621e-01,-3.774353768615873239e+00,-8.090514663804594386e-01,-2.253087350673244948e+00,2.152901333122079652e+00,-1.391816293194963583e+00,2.417794986370382926e+00,-9.721371053213259117e+00,-3.361056727725114879e+00,1.143808476096446203e+00,-1.820409826791166807e+00,-4.337554674425461165e+00,-9.640668123166262760e+00,3.412702330677042983e+00,2.385881885785031020e+00,-4.861658995033701913e-01,8.157767680552447942e+00,-2.885287630260776393e+00,-3.130840884873162366e+00,-2.969038218193552403e+00,1.915151418568112218e+00,-5.337486769785953378e+00,-3.888102824610716546e+00,1.979814826937077887e+00,-8.377012287088195563e+00,4.450902825179486655e+00,4.937056237198999220e+00,2.289408648934002422e+00,-9.607113359909314809e+00,2.014112414889482228e+00,2.949638229006773749e+00,1.236060145173185409e+00,2.363417845496693204e+00,1.364143319904264962e+00,-4.051501848883375168e+00,-3.253718039875065138e+00,2.178557356346379592e+00,-1.767522384378606093e+00,2.866580045262342669e+00
-6.352931368909484178e+00,1.454156601863076936e+00,5.729956568988651133e-01,3.856544530799337345e+00,5.947505907923783752e+00,-7.430457137570448012e+00,6.618607183624936052e-01,-3.202161599049934804e+00,-5.509554578727609453e+00,5.666061162574894533e-02,1.554573883506622733e+00,0.000000000000000000e+00,2.735499347231228562e+00,5.531823611267653540e+00,-4.495044960751541474e+00,-2.027559740712565547e-02,3.740369302954622555e+00,-3.410081863566474247e+00,9.944082424392584885e-02,1.119377886130784816e+00,-3.775630763109662613e+00,8.464315226527896030e+00,-1.092091606785339786e-01,-7.590231476943608335e+00,-7.849098016519597820e+00,8.736453210915914980e+00,-2.621427875296663768e+00,5.009709438734069042e-01,-1.335200617371509679e+01,-6.840790724677336065e+00,-7.820309382957064237e+00,-8.229291580279657126e+00,1.587028978630893095e+00,-1.566179041955770623e+00,3.520057690234501102e+00,-6.391327559020013815e+00,-5.841609050482431620e+00,-6.756259654394637160e+00,1.104839802037292706e+00,-9.258736892163057064e+00,7.555607719587071891e+00,-8.571122918023892368e+00,-3.589093924481096209e+00,-1.005526906488386718e+00,-4.811126417270596534e+00,6.518635538894961279e-01,1.736417403448853536e+00,-5.248348057041387626e+00,-2.646760509920766946e+00,5.693995071322924817e-01,-2.292699898446507234e+00,1.051267754120950970e+00,-3.553197804345503918e+00,-1.511437474441052364e+00,2.145482938333773681e+00,2.986868351248085585e+00,2.661589220450015336e+00,-3.120781080516471295e+00,-1.583752906545135675e+00,-2.694379521471581995e+00,-1.537684177557687493e+00,-5.774133472885981000e+00,-1.608346872159250651e+00,5.457271913032354149e+00,-5.531516093400973055e+00,-6.673100041716698350e+00,-5.078608320492336015e-01,7.027791809754680985e-01,-4.250515718225024386e+00,1.295798833876162792e+00,-7.104213183824193756e+00,-6.240076225505378993e+00,-4.009394043175951161e+00,-1.428180083772387832e+01,4.496549265649247396e+00,5.413322497883956697e-01,-7.109935590385113358e+00,-5.331851826066008826e+00,-1.588193221374667807e+01,-1.067659353835441571e+01,-5.806714288669244439e+00,1.304251643878105771e+00,-6.950251131289482132e+00,2.026647356897111063e+00,1.864474496112953794e+00,-6.134004198536817221e+00,4.202837905016355013e-01,-3.561936283836584671e+00,8.061375679409938044e+00,-8.289903408243665339e+00,-5.158350552592224858e+00,-7.704714605352454448e+00,3.798138702383997423e-01,-2.393781030885335337e+00,-2.691055613556125881e+00,-7.037591571245656041e+00,-7.614110094149666885e+00,-4.500339855900835850e+00,-6.134890461320213539e+00,3.954730970158350178e+00
-4.431176148885331401e+00,-6.624386839634675006e+00,-4.143259576057631399e+00,2.283257413581536444e+00,-5.024338882326958355e+00,-1.467496025040981067e+01,-8.671805663683826992e+00,-4.259111944485137968e+00,-1.101150808489472688e+01,1.046287208563538629e+00,2.962724490508644504e+00,2.735499347231228562e+00,0.000000000000000000e+00,3.130361733285308201e+00,2.378096800207102068e-01,3.062609976686732072e+00,5.434704721695674756e+00,9.100056382857352189e-01,-3.756928610049086181e+00,2.920597523118627414e+00,-2.255161695178301340e+00,-7.065438887033994586e-01,4.244605433502163017e+00,1.577127698467723160e+00,-1.370986268546474740e+01,-7.462521963628025112e+00,-3.926723173054503579e+00,4.482556223022252873e+00,3.612354033403181841e+00,-1.580725703630356138e+00,-1.110032631436446238e+01,-1.009938790121970165e+01,2.740566342849612091e+00,4.692611019549079110e+00,2.138882952915178048e+00,8.449730302456843756e-01,3.618924379698598148e+00,-4.267047378884108788e+00,9.118113334728395358e+00,6.273422771177207258e-01,5.696962088495985732e+00,-7.420364732247125339e+00,-2.484665409766854349e+00,4.395897084789338827e+00,-1.121413195060245194e+01,-1.219736213540309810e+00,2.374079199252029593e+00,-4.442850998663971929e+00,-4.671734808811667250e-01,-1.492216919313122725e+00,1.894291588624442912e+00,7.981592298770123328e+00,4.829427513133235372e+00,8.275049503185432087e+00,1.071564497891867696e+01,4.584322061138077942e+00,3.049742580597020414e+00,9.236785031981209926e+00,5.634161457062552891e+00,-3.568429705357657689e+00,1.885119737017552977e+00,6.976629718661522261e-01,-1.647312480790481537e+00,1.560215056233408326e+01,3.800560262940146927e+00,3.197225831859761946e+00,-3.068345222257549576e+00,5.965706069734094008e+00,1.103747302705430755e+00,8.570321808535060759e-01,4.467628503922245642e+00,-9.555255909427026184e-01,6.478360064402840734e+00,-7.373710335778093317e+00,9.406439546785799521e+00,-2.273952079930846359e+00,5.519986080433278097e+00,8.147773049049821248e-01,-6.583087030056371525e+00,-1.210565211462743740e+01,4.012159349182246593e-01,1.144158589277126797e-01,-3.100851228680525651e+00,8.107595896397779001e+00,-1.757608106911370260e+00,-1.421506812463429581e+00,4.929255964759333697e-01,-2.876145458712728420e+00,-4.191346761091597206e-01,-2.758267902076450007e+00,6.450321092064335016e-01,-3.357468535154968237e+00,6.633392333194683133e-01,-1.593773783115502773e+00,-9.820222183450576736e+00,-5.178086188206290075e-01,-2.787883460571726868e+00,4.250303980980793206e+00,2.331891195806957473e+00,2.450162443718803207e+00
-5.032830357920373032e+00,6.453265523519689850e+00,2.455303115797956348e+00,6.323214142626565781e+00,-2.451339403024446639e+00,-6.151482507205198180e-01,6.258664517188559984e+00,5.300288409050604166e+00,4.044981702766073717e+00,7.700806419647541645e+00,-1.805977380550468192e+00,5.531823611267653540e+00,3.130361733285308201e+00,0.000000000000000000e+00,-5.473369885512539668e+00,-6.515752513527903744e+00,2.966114567426795912e+00,-7.428157173953200854e+00,-3.075049829060284790e+00,1.056598044196545239e+00,-5.209754394062257710e+00,-2.076558888537366254e+00,-6.441416254512546402e+00,-4.957863867792702273e+00,-3.550520243710974633e+00,3.107574074677266651e+00,1.942275124250494311e+00,-3.399160400142786642e+00,-5.253487013087895230e-01,-4.271076070110865430e+00,-1.715054870457334069e+00,-3.374450145876094265e+00,1.828896489686015370e+00,4.866122465530871466e+00,-4.609239706609623788e+00,2.384400624563368876e+00,-1.864712074384577312e+00,1.860475830967323052e-01,8.992806826156794386e+00,-5.137386980322306007e-01,2.879739046617293408e-01,-3.200542041563265716e+00,1.818030928885364661e-01,3.333676033958572926e+00,-1.120390375566826613e+01,-2.526600685703158433e+00,4.555878118884756911e-02,-1.290008655340501242e+00,-1.142836960230183152e+01,-5.470073119169020615e+00,-4.017227244702209710e+00,-1.272400097540175601e+01,-1.584674211840110480e+01,-7.428759964963706608e+00,-6.351184700765730717e-01,-4.170415588677346186e+00,-1.162091126445193368e+01,-5.378643344232225232e+00,-4.288017741579577269e+00,4.350632162945255565e+00,-1.564227419127455443e+00,2.236583374586767370e+00,-1.358181455657251069e-01,5.614102545844481540e+00,-7.707783725424204313e+00,-5.637709745716469101e+00,-5.304985154950652593e+00,4.268635492711004176e+00,1.119725553750896108e+00,-3.618760102440638171e+00,-5.411078981821727751e+00,3.700475845228941463e+00,-1.926525846705995582e+00,-1.142092537554389686e+01,5.445965819346308301e+00,-5.860268620526436933e+00,-3.015610205993997650e-01,-8.193026340612673764e+00,-5.188548552099146782e+00,-4.885461029877073424e-01,-1.089227070627716820e+01,1.900702841828390444e+00,-1.444952327129093028e+01,-7.924480136016176957e+00,6.498285123984833156e+00,-5.886017990160088864e+00,6.365844023186518541e+00,-3.790874836400217607e-01,1.282092637703730098e+01,-1.861606420449184229e+00,-7.319476272139803896e+00,-4.933991885020034829e+00,-5.810084476078738014e+00,-6.529755554460260569e+00,3.987997396604826772e+00,-6.921663718892202555e-01,-4.716486831984163075e+00,6.753427998071571681e-01,-5.298794540170788103e+00,-4.056137521348403219e+00
-5.469046628513731356e+00,-1.029879772187993758e+00,-7.842476820930215808e+00,-1.641522090614905061e+00,-6.232512661841072443e+00,-7.907623094639015804e+00,-8.259477655125955664e+00,-8.658799079561269707e+00,-4.656091059598278292e+00,-1.296114728400590543e+01,-2.609937416798958076e-01,-4.495044960751541474e+00,2.378096800207102068e-01,-5.473369885512539668e+00,0.000000000000000000e+00,8.865767335303033292e+00,-8.924273610868935780e-01,3.649138081401695377e+00,1.325745379148218772e+00,6.705673345307124056e-02,-2.221569836356861227e+00,3.987179384865233711e+00,5.900674785357299612e+00,-3.610566922061387629e+00,-1.895843045132274973e+00,4.762207892197773518e+00,2.109427357452374086e+00,1.170248237306120132e+01,-3.962847238749462875e-01,4.157588029321822809e+00,2.256852571632040672e+00,9.625559892805534146e-01,1.123153706197064317e+01,5.892478039475042451e+00,1.131830387574552432e+01,4.153187337790718026e+00,3.624118103061698015e+00,4.715869906103660192e+00,3.410632005221558849e+00,1.755471065187405921e+00,6.807361236772148771e+00,-3.194872382228315377e+00,-3.240306258381453919e+00,8.856274509598474509e+00,1.296614549476619693e+00,8.319562715401671582e+00,1.068816160881131516e+01,9.923867109261706787e+00,1.473881777545432703e+00,8.357643507076389255e+00,6.854222820237096059e+00,2.609618474433337276e+00,3.717647274931195511e+00,6.400007759791099815e+00,7.634203481939020541e+00,5.252684936064482280e+00,2.456305826792461122e+00,4.693097661379629137e+00,8.318859385972245946e+00,-1.137863458848598075e-01,3.231859093384261694e+00,2.144131382160162858e+00,2.189988259181557595e+00,-3.040783264665726460e+00,1.378869110705831513e+00,7.377978233361254246e-01,7.487132925736644573e+00,5.610338868087446640e-01,-5.348794722611457608e+00,-1.364938000499195558e+00,-6.457603836694699950e+00,1.101490144259421555e+01,-3.973160078597141709e+00,1.146278302368573643e+00,4.036097935855925023e+00,3.583258065587526797e+00,-5.569104642537466177e+00,7.090797640273081015e+00,-4.297817157606251826e+00,5.814349263706264370e-01,-1.077498628203655606e+00,4.409674975262134922e+00,-4.628621814631560527e-01,6.837433880938454500e+00,-6.092064261867684294e-02,1.225155804015648942e+00,-3.541357877662986375e+00,3.978924277959053679e+00,8.697666774758510133e-01,1.019633612546719581e+00,5.483388038457013280e+00,-2.026143160475012639e+00,4.632979028550374245e+00,9.141352904393254875e+00,-4.199366192553783406e-01,6.469360957050875882e+00,6.110972404162231975e+00,2.748044257542174851e+00,3.400762004452452469e+00,7.979908729372416687e+00
