0.000000000000000000e+00,6.860767311587169237e-01,3.498649000786389962e+00,-2.319947520727318580e+00,-3.533495790412864768e+00,7.939661575774232816e+00,-4.003035670952049152e+00,-8.166069978575663413e+00,1.908956632312764690e+00,-4.347768356191736849e+00,-5.120214806385620321e+00,-4.595024951254962353e+00,-1.855916014479173093e+00,1.899915234407685283e-01,-6.513782451531643924e-02,-2.983688595933590371e+00,1.418842281914167502e+00,2.066929326928362620e+00,-6.130858935323040271e+00,8.406648154830969943e+00,2.917117941731088848e-01,-5.024925960440692840e+00,-4.537667949734006112e-02,-4.897974789527158812e+00,-9.490415520727957244e-01,-9.762406487849498715e-01,-1.614193482202166963e-01,-8.764315921706888890e-01,-5.218236299818642898e+00,3.929509152499021107e-01,1.578245544304726911e-01,-1.725351134860563906e+00,-1.829490004357749999e+00,-1.152775437374735368e-01,-4.523017826170437239e+00,6.644982482639278487e+00,4.440127595926420589e+00,2.701876542043493590e+00,-6.723055600479643346e+00,-1.069215417642749966e+00,1.585684155843809784e-01,6.043448196869280586e+00,2.233973010579486829e+00,-1.692481449704526408e+00,-1.056930937815089955e+00,-6.746300253784351386e-02,-1.846192081020252562e+00,2.792092023908225418e+00,1.238145048384063962e+01,-3.644314390154369310e+00,3.277297784160410288e+00,-3.064447593506153478e+00,-3.623963703131909408e+00,-1.958182615074880006e+00,3.104148095936178464e+00,-9.759477464191570473e-01,-4.395761229651229840e+00,-1.297666692772135866e+00,1.537496945033038978e-02,-3.987268705876318098e+00,-1.001820431704455006e+00,-1.125285764452066850e+00,9.957215401075495409e-01,3.932829866523251283e+00,1.461060293422451695e+00,1.905863843755281062e-01,-2.064004074841029102e+00,-5.938259893501550701e-01,3.693052641935863800e+00,1.870846974521310102e+00,6.384113639496709069e+00,-6.917545018988962013e+00,-5.505612353450490826e-01,-1.028076363337180688e+01,-2.680463590129673612e+00,-1.052542520284918348e+00,-5.714889161831518294e+00,3.870444292560446975e+00,-1.378665671500884482e+00,1.916049915817929605e+00,2.784266268513816645e+00,-6.682071296251672621e-01,-3.338047934421148888e+00,-8.530470292860238501e+00,-2.870921766507828821e+00,3.143983092006492619e+00,2.420576336970787334e+00,-8.265676953244321723e+00,2.205280752266250310e+00,-2.056589965566000711e+00,-3.091116039831923068e+00,6.024185046662360321e-01,-5.890175832404576539e+00,-3.404752814971531816e+00,-6.033512268077909635e-01,-5.578606943287310882e-01,3.282925856706109258e+00,-5.077295033892879061e+00,5.005218981894597796e+00,-9.257856760703740306e+00
6.860767311587169237e-01,0.000000000000000000e+00,5.041840738289385726e+00,-2.421751169079746191e+00,2.663412844559181369e+00,4.332032365518414530e+00,-8.555966171019656841e+00,-1.019408577690699369e+00,-6.115053063056440585e+00,-1.196459381142704004e+00,-1.596068261582869630e+00,-7.510626103632016104e+00,3.163044273848929056e+00,2.482695366765685030e+00,6.641958458930249165e+00,2.480965326548693284e+00,5.734017210958340272e+00,5.047067395438658011e+00,3.035441835580007020e+00,2.652602037500103371e+00,9.326716556362526944e+00,-1.522936944811243309e+00,2.421607364480393709e+00,-4.743567491380002110e+00,3.694353741809725644e+00,-6.599885167768256622e+00,1.075724197147941474e+01,2.231657404423136537e+00,-1.281816755076544689e+00,-1.841444812744168047e+00,1.970351088891023839e+00,-3.461847411828230747e+00,2.452432818984840779e+00,8.588453997941599027e+00,4.871481847838893486e+00,1.164140176506913704e+01,6.645602782809466369e+00,-1.563727714307011407e+00,-1.538400584511814939e+00,-3.299268008355043413e+00,6.821591419129006795e+00,5.652972460510779840e+00,5.824079369633768266e+00,8.349415973109104883e+00,8.503450164074493500e+00,9.424490326383237748e-02,7.041466851287269124e-01,5.436623116782614673e+00,1.345040213260787532e+01,8.441333089015099489e+00,3.657070373861830426e+00,7.948458714252428781e-01,8.505576942851552635e-01,3.892551174315557638e+00,2.357762642475998760e+00,-4.109552631569560965e+00,1.203124086195359821e+00,-2.040773681872147527e-01,1.644604031414395040e+00,-3.749094209816451695e+00,-1.054922617324018264e+00,7.676805733413177180e+00,-2.359578873902204332e+00,1.719951858470941453e+00,3.694816843355186453e+00,4.222551329368035233e+00,-8.499274240006322145e+00,3.724400936639342685e+00,6.797949846333320778e+00,6.619023367701366567e-01,4.144550372876237176e+00,-3.031280741804399659e-01,3.722484126346676803e+00,-2.365880977169221300e+00,-3.658513645487787791e+00,-6.289547678848366630e+00,8.341333841661102699e-01,-3.840814407666204300e+00,3.183018420264775106e+00,2.533139928896682491e+00,-1.077040369140457976e+00,7.879686570931399459e+00,8.877764855548561096e-01,-4.103755969622747024e+00,-2.430060024382289185e+00,8.962874335889685629e-01,3.018641512793513559e+00,2.691852404789492947e+00,7.688516515014330643e+00,2.564393003218533806e+00,2.771937630569114575e+00,-1.705952149248643357e+00,9.687662703738395345e-03,-3.199200886199238258e-01,-2.729440315024722619e+00,1.150141752141455953e+01,5.732467526844868821e+00,5.937608921094671643e+00,1.086307240967635934e+01,1.044785886331361624e+01
3.498649000786389962e+00,5.041840738289385726e+00,0.000000000000000000e+00,-8.620800796854666714e+00,-1.349681898828928084e+00,3.491315958542048126e+00,-4.323245691943033542e+00,-9.706773045573187098e-01,2.107569823298062417e+00,-3.390844958875645521e+00,-4.906847746377827058e+00,-8.043311724384032857e+00,8.759673315299767449e-01,1.251003017944222639e+00,-2.786131594616211071e+00,-4.249328797136411318e+00,4.536960407435067566e+00,-3.586286300228725965e-01,-7.309421813508033772e+00,-4.590265036192302084e+00,7.636120762535376638e-01,2.356402482514547092e+00,-6.825928738729476919e+00,-7.493565822003714239e+00,-4.417143653854442298e-01,-9.055447838532069582e+00,4.663648242934047561e-01,-3.219290802386252093e+00,-1.425963662349724048e+00,-5.794802882560583512e+00,-1.242008801201613366e+01,-1.461670851405053817e+01,-1.040116578492732735e+01,4.184676345556328947e+00,-1.388639600583991385e+00,-2.983604127988918275e+00,-9.464809179327986488e-01,-6.339953245041121122e+00,-4.887660619625204816e+00,-5.356119190209002845e+00,2.518522296349107847e+00,7.872340132990124362e-04,-5.279417212391041225e+00,-1.262497309182936789e+00,1.254786163398642129e+00,-5.601446451432586571e+00,-5.073312348592055265e+00,-3.466867059186606870e+00,7.236867609323085482e-01,8.859658099436468204e-01,-9.218635792799158679e+00,-2.896291095986477604e+00,-6.997666106008353815e+00,-8.047338767114982971e+00,-2.691462791872780702e-01,-4.500802677168859733e-01,-1.547168980415277950e+00,6.613828546613947923e-01,-9.241077456698375769e+00,-9.841886217465704689e+00,-1.124127675023536499e+00,1.171425771847333319e+00,-6.696247908852417829e+00,-7.892784970053761118e-01,-9.157108804380635902e+00,-4.796588381485642927e+00,-1.008331782687234224e+01,-2.433833173257005100e+00,8.047893110910842029e-01,-6.801144975298865525e+00,-8.081674612703643845e+00,2.801711608153410360e+00,-4.545033270903944711e+00,-5.879294482143083478e+00,-4.532098896351583583e+00,-6.980211885629402424e+00,4.642319340661119398e+00,-1.002338274531090967e+01,-5.083394975884945488e+00,-5.018947794635892912e+00,-5.263159343715616778e+00,4.460678043525898584e-01,-1.023811822239195868e+00,-4.990612235977211597e+00,-1.052641622244806996e+01,-5.351876418297703886e+00,-2.814827076865196620e+00,-7.064413018716622084e-01,1.353079316633945872e+00,-2.046485412108749180e-01,-6.059329548741383853e+00,-1.032002633276298198e+01,-4.442935723066546494e+00,-6.697914526583597095e+00,-4.896074643291367323e+00,5.660719319397730764e+00,7.997272034409469654e+00,-1.964695556207380678e+00,3.306859766863983197e+00,-3.990669095014744983e+00
-2.319947520727318580e+00,-2.421751169079746191e+00,-8.620800796854666714e+00,0.000000000000000000e+00,4.041786700864836490e+00,8.050195068101018592e+00,-5.185965522766843527e+00,-1.124317449509354638e+00,-1.197733560561662358e+00,3.861747474530597302e+00,-1.857250048754177874e+00,-1.080674391356237773e+00,4.925249247095250915e+00,3.592698109714425936e+00,6.226274994260002416e+00,3.350130605450301058e+00,4.406891615620936342e+00,3.136366678500519090e+00,1.138843221360445312e+01,7.235011255198415370e+00,9.935097791201506823e+00,3.815317546253235381e+00,6.436716068383785405e+00,-1.038479410840452921e+00,4.468035940145036022e+00,-4.477600355702031187e+00,9.799276566368003927e+00,3.237313238260270509e+00,-4.373384777128932477e+00,-1.341215505134000896e+00,3.599156570322814552e+00,2.325119572662074585e+00,5.694942336090323742e+00,1.031381640291068003e+01,3.426214077752996356e+00,1.011669053771355564e+01,3.409166543371031199e+00,-4.641848092315183361e-01,2.847263467691431682e+00,1.951637377003853313e+00,7.924362837340074073e+00,1.063215006591376444e+01,5.370283697530596534e+00,8.465701629864035738e+00,8.247149714875732229e+00,1.590717771257318169e+00,-2.717749467129793928e+00,1.124593149320103791e+01,8.728389743604672901e+00,8.185813219254923112e+00,1.640403020074283624e+00,5.383389442607181330e+00,4.166527770922366258e+00,2.787306096306151115e+00,5.598693032998948382e+00,1.177818467830075377e+00,3.010865722102726405e+00,2.523131821992802948e+00,1.840980698478114741e+00,-6.551450172922938187e+00,-9.749153650179130937e-01,3.920698710551195898e+00,2.006122853558366614e+00,4.542995732517065122e+00,7.474969025450643123e+00,1.131002217340287608e+01,-8.855292056039242965e+00,5.805452601946926805e+00,7.651893880331931186e+00,4.796320325916616945e+00,4.152929738051503783e+00,4.662853877084694787e+00,3.969159971709659729e+00,-6.392023221769407293e-01,-3.503874796940623426e+00,-6.031265703800384514e+00,-2.074227085093390155e+00,-3.857441334731504412e+00,7.466024716789671167e+00,2.327952262208548895e+00,4.461619691758808237e+00,1.170691127965359790e+01,3.193187043887505183e+00,-1.507831741519337854e+00,1.494153920320364648e+00,8.897630365042882516e+00,7.395770605015781207e+00,1.516912445877353521e+00,1.091600674612609190e+01,2.818338389037589931e+00,2.303545125843420305e+00,-1.113071232022636803e+00,3.217582431931374831e+00,1.765505011129622881e+00,-1.231646039819069838e+00,1.162002281000715520e+01,7.187921316993731935e+00,4.104404428864444121e+00,1.376543247569161110e+01,1.112781450857494292e+01
-3.533495790412864768e+00,2.663412844559181369e+00,-1.349681898828928084e+00,4.041786700864836490e+00,0.000000000000000000e+00,4.897228855794877767e+00,-1.515826033846150445e-01,-2.531374976161744783e+00,-4.089520037796894769e+00,-4.395388595489042594e+00,-1.789386165725601829e+00,-4.304164858017386130e+00,1.079406582210273768e+01,2.272760046940131673e+00,-8.960905740402362873e-01,-8.399274181364831948e-01,3.249896899241247361e+00,-6.932657351210627650e-02,-3.106687341673310510e+00,4.651533099986790099e+00,4.804818727589667660e+00,2.290224082472450462e+00,3.175953224810787123e+00,1.104850006663010253e+00,-5.405927945671839652e+00,-7.887937294337645788e-01,6.442638006479173285e+00,4.903128874534746551e+00,9.920577970312443483e+00,-1.343477293268207085e+00,-1.050805593267645000e+00,-9.172894155727705723e+00,-5.668104449464605565e+00,1.881607806401580207e+00,-2.193464428576802128e+00,1.954313588119561684e+00,7.618817854546080959e+00,-4.682420145026616964e+00,-7.803544616033640580e+00,-2.279849698956262216e+00,-2.660266889643992272e+00,3.180589247006639919e+00,-3.479694035339772284e+00,7.377365953998824111e+00,4.939922865209268821e+00,-4.232201801977117483e+00,2.294167740302301528e+00,9.723062436370764061e+00,6.070866420459455348e+00,4.247175695900831549e+00,-1.974694101690886994e+00,-4.993830151915744864e+00,2.871639307217715320e+00,1.359795932390765461e-01,2.232989929284729502e+00,-1.000071431809466560e+00,-3.619463240598467024e+00,-2.401235241117755770e+00,-4.430081817639745623e+00,-5.941830493587525019e+00,3.039068733666615563e-01,2.579166161636603949e+00,-3.159669742041861795e+00,6.610258015472419757e+00,3.495515579921795180e-01,9.148571762225414794e-01,-4.102552376297536441e+00,5.465788456631539560e+00,7.061565299245484706e-01,-4.252235634533790276e-01,2.494190794072198292e-01,1.586464693344291632e+00,3.545565411563849967e+00,-2.875287490253215950e+00,8.676949653514958172e-01,-2.329810208152573114e+00,8.188669236358569137e+00,3.347402730282782901e+00,3.407077967412384112e+00,-7.454434362919831081e+00,-3.791451999611677781e+00,-1.840049461937344644e+00,4.901709756975137999e+00,-6.015598240341925695e+00,-5.987069077349372215e+00,-6.990165304147324399e+00,2.846579176955712054e+00,-3.773310154059137944e-01,9.386863885735156288e+00,-4.214916841550850002e+00,1.214259756520804645e+00,-1.830938198691835161e+00,-1.221426143414639576e+01,-2.405987755076807844e+00,-4.677695151672098817e+00,4.266769183921927500e+00,1.106537933477493185e+00,6.432058812382585034e-01,5.039820049674737845e+00,9.186159523887407197e-01
7.939661575774232816e+00,4.332032365518414530e+00,3.491315958542048126e+00,8.050195068101018592e+00,4.897228855794877767e+00,0.000000000000000000e+00,-1.232259140382565343e+00,-2.236385361139622052e+00,-7.001545871722127501e+00,-6.316532235478279134e+00,-9.473066355353923385e+00,-4.729175527244565913e+00,9.469626307528894449e-01,1.242406283913449760e+00,-4.025418184407827837e+00,-1.747010960298190252e+00,5.356442561178435646e+00,-3.597746154436771704e+00,1.902734372858064793e+00,-5.952409551356190320e-01,2.661151638228138605e+00,1.851056625477545348e+00,2.599059675911307821e+00,-5.922610398602636828e+00,-1.047213286662836973e+00,2.225250144135671460e-01,-8.366434060519106763e-01,-1.537173274508616405e+00,-4.518249635916014029e+00,2.038538886158318242e+00,-8.349853899067474217e+00,-1.834952536261905243e+00,-2.970433281819691018e+00,1.397802423355120061e+00,1.857897220943477645e+00,2.913214775264744372e+00,-3.831998290933015805e-01,2.218555754428256366e-01,-8.060531270911366342e-01,-1.403803288748240341e+00,-1.711605403410483728e+00,-1.436370841023270728e+00,-2.523591410562481485e+00,7.762741657681395679e-01,6.657378449532140863e-01,-6.892997118642619547e+00,-4.212065325344773292e+00,-7.333615595415028388e+00,-6.872365468820185619e+00,-3.376729756362126800e+00,-7.830825399775234175e-01,2.889726583979054020e+00,-4.743740297014251261e+00,-6.695069516197350801e+00,-2.644668555070616378e+00,-2.763175366294162938e+00,1.276480562360943205e-01,2.719177957988577976e+00,-7.192907513521149099e+00,-8.406621245030758693e-01,3.232672282548253673e+00,-2.554245518829533879e+00,1.788273920364633174e+00,4.192769525921642426e+00,2.674720305319171043e+00,6.855063439010808946e-01,-9.176007695636059225e+00,6.227625020372033582e+00,1.880826214644908401e+00,-5.673607430716547384e+00,7.633238139685958323e-01,-2.612413876808700186e-01,-3.452250658867228594e+00,-5.160319665527478783e+00,-4.378329606087746129e+00,-3.149058642566247901e+00,2.941218465542608573e+00,-1.755946834408688817e+00,-7.114363499799053692e+00,-2.618044934415396652e-01,-1.016288724626797979e+00,-3.386896863597566920e+00,-4.808567483399694531e+00,-4.509147410548609791e+00,-6.077809732491884498e-01,-7.971661909717713268e-01,-9.540899884588533997e-01,-1.515770367840955535e+00,-6.758400670159536716e+00,-6.344887678399561137e-01,1.282822860549993615e-01,-6.880286747994714958e+00,-4.451362473888186067e+00,2.611026945678112998e+00,-9.084615648715399061e+00,-4.815331479259347125e-01,-2.435192368008705088e+00,-8.714750983192180556e+00,-1.496956936034280039e+00,-4.455645804868982651e+00
-4.003035670952049152e+00,-8.555966171019656841e+00,-4.323245691943033542e+00,-5.185965522766843527e+00,-1.515826033846150445e-01,-1.232259140382565343e+00,0.000000000000000000e+00,8.427077348809318025e+00,-2.832747140882550529e-01,-5.046336439118952910e+00,2.735467690005431995e-01,2.367136000961798659e-01,4.310244193978010063e-01,3.867227913576602560e+00,1.284039401994592433e+00,4.484953255705200093e+00,9.670292005249189415e+00,5.014113197678705669e-01,2.325608134643887492e+00,-2.921048329970564739e-01,4.532488159545584594e+00,-1.757301130688987856e+00,-3.293919351246106242e+00,-2.387496164615086958e+00,3.696050411007153258e+00,-3.758318875015949967e+00,3.340844487829371712e+00,-1.115351925536931521e+00,-2.939061410837065846e+00,-3.549970371121297763e+00,9.554775489684981693e+00,-1.211057295035930931e-01,8.658125937847746201e+00,1.036810963148375464e+01,7.151124661341342836e+00,3.617818840805610225e+00,-1.160936416610777844e+00,1.357656100137427435e+00,-1.971565432947124830e+00,4.866752362892635020e+00,3.924859802734695258e+00,7.700479818520000741e+00,3.826385984810285912e+00,8.615527491498522039e+00,2.228484224316588769e+00,1.856368737548246051e+00,1.898703143770007484e+00,7.131487957161036562e+00,9.570355040866594720e+00,7.627714275874867944e+00,5.621513098842865652e+00,-3.144287888689284660e+00,-5.145105009629011850e-01,3.910315220015414539e+00,-4.970526235305076646e-01,-3.504028057008496511e+00,2.299170905904150519e+00,1.143879180630282155e+00,-3.612845223005803685e+00,-3.323274086407356886e+00,2.152352140733022612e+00,2.024482557049435805e+00,7.565082613775312659e+00,3.782046083270273140e+00,3.001742142059013574e+00,1.396000197291187961e+00,-1.679485790383349109e+00,3.249153852416393651e+00,6.693096305677558533e+00,-4.614172179258557160e-01,-2.321427599751526127e+00,-6.173923038213545711e-01,-6.217286141165543789e+00,1.615392579584100652e+00,1.272523867174655487e+00,-5.396275088253818630e+00,-6.875119576665653653e-01,-4.128275798937962038e-01,3.300269260255527026e+00,-1.814701578946474880e+00,1.137131298756922870e+00,7.272993075743219293e+00,3.696448611880034818e+00,3.155099878327749519e+00,-5.379914510102922875e+00,8.801810608974326655e+00,6.197520680745713051e+00,-8.237245408776692202e-01,1.747202897626284113e+00,-3.555642386634624952e+00,-2.007726984913433821e+00,-9.471419424451129387e+00,7.332742002093827205e-01,-7.096706420942153759e-01,5.681121492378969684e+00,1.260378633227661638e+01,3.768463594587146304e+00,2.923220240440691065e+00,4.359532912213596845e+00,7.136683406938853835e+00
-8.166069978575663413e+00,-1.019408577690699369e+00,-9.706773045573187098e-01,-1.124317449509354638e+00,-2.531374976161744783e+00,-2.236385361139622052e+00,8.427077348809318025e+00,0.000000000000000000e+00,-1.028643170763860137e+00,-2.191026521641531222e+00,1.961101174167348304e+00,-3.783648061721161415e+00,2.821219222757350042e+00,2.006043751723979973e+00,2.944075036980595694e+00,4.586307646164693164e-02,6.145541811250271991e+00,4.528227118309444243e+00,6.430039884016737872e+00,3.086285382147790468e+00,9.646726679765460943e+00,5.119885112706171526e+00,2.849587593178158684e+00,-3.409643998073522031e+00,8.904856335774089970e+00,-1.399167176143589097e+00,1.035683223853924595e+01,1.031649095037291269e-01,-6.140421861713351248e+00,-1.526405057364830675e+00,8.243374428070000093e+00,-2.498008920164774604e+00,2.120463208018870560e+00,1.147893142016598667e+01,6.706969143885795681e+00,1.429491421408149332e+00,-1.066895779824684753e+00,-3.157741624348612941e+00,-1.667905473927587812e+00,-2.470749913666734798e+00,7.501055323775867478e+00,4.245159766090349507e+00,3.670176367916043514e+00,3.636610053848010171e+00,3.308542988998030676e+00,3.792195536008598378e+00,4.629419182077294082e+00,5.804077083036222717e+00,1.624462657180027803e+00,4.273229689178624113e+00,-1.745741140992882023e+00,-1.488842865714817831e+00,-9.046906611626517325e-01,5.388132588443157012e+00,-2.645522928427332054e+00,3.710120200640182331e-01,-3.574090062340433693e+00,-3.800395054078927082e+00,6.211642574182103083e+00,-4.112863024048619032e+00,2.108368064634603911e+00,6.245483403856510130e+00,-3.249990904593692775e+00,2.329778499556407034e+00,4.729101757530675521e+00,5.087466703922121525e+00,-1.477003473299131509e+00,9.570791394102331040e+00,3.359830411841612907e+00,1.785643486555759551e+00,1.302356153777635805e+00,-2.466769446026798873e-01,1.719004211800190696e+00,5.955749795399249980e-01,-3.744359986119575989e+00,-4.374098702583086862e+00,5.657810215900346051e+00,-2.526066604061918408e-01,-1.469518651331877646e+00,2.196644865420067649e+00,-1.375165957184691701e+00,8.379611012786917001e+00,2.229427783963350951e+00,5.167152778760979892e+00,-2.348304676098048382e+00,4.786012518047667863e-02,-3.640568031234925339e-02,-3.553312562534124197e+00,3.502266060309727536e+00,4.196838410178258982e+00,3.676280280573120507e+00,2.593452737623982429e+00,-9.859379437279461866e-01,4.867318131202077458e-01,-2.152811171806840562e+00,7.724466618641078419e+00,6.944395977111331497e+00,7.991989821690898665e+00,2.963479870499940105e+00,5.678891116696181962e-01
1.908956632312764690e+00,-6.115053063056440585e+00,2.107569823298062417e+00,-1.197733560561662358e+00,-4.089520037796894769e+00,-7.001545871722127501e+00,-2.832747140882550529e-01,-1.028643170763860137e+00,0.000000000000000000e+00,2.199880236698164460e+00,1.409882951408623075e-01,-4.052751888143864001e-01,3.859382433272203539e+00,-2.158312911037749693e+00,-5.405849854962765377e+00,5.978217594588497441e+00,2.912398761704275252e+00,-4.342865985259888317e-01,-1.882313947947916732e-01,1.697200676696585031e+00,5.054972695424337914e-01,5.704762400801451250e+00,4.829466127642820794e+00,5.526567675372933586e+00,-9.513167946452528723e-01,-1.794553080417000457e+00,5.693550817338419279e+00,-4.222299482533105497e+00,-6.158075262347848522e+00,-4.765020973891640033e+00,2.658678238424432294e+00,-4.903275089805856801e+00,-2.299640444297081032e+00,-7.377287843114875843e-01,-3.628830556451875911e+00,5.714412882536809235e+00,4.026941199298893714e+00,-2.669475628908360321e+00,-4.671671784907363012e+00,-6.540836348957252966e-01,2.450699704025223191e+00,6.197079621337669764e+00,-1.849486934850481212e+00,4.612582956095804265e-01,3.593420127323785351e+00,-1.756656218578785289e+00,-2.563319609464256299e+00,3.005417614152163797e-01,2.754708902104596180e-01,8.280796062451857287e-01,-4.208310532794625303e+00,3.587774924555347855e+00,1.434013319120039487e+00,4.905281423616925096e+00,4.426972858695935820e+00,2.775555666856000414e+00,1.138279442082328119e+00,3.565684080874588213e-01,-2.291483489506056515e+00,-3.625402218721059722e+00,9.933298278322146402e+00,-1.037240266911816367e+00,-1.958771783924204257e+00,-2.702538344717716701e+00,-6.414918654110837171e-01,1.227998500854229347e+00,-7.111786777954523409e+00,1.266088124212530808e+00,-1.465373740829845728e+00,-3.706793249669022572e+00,6.531841657612764696e-01,6.059581326677605517e+00,1.798091687871166355e+00,4.414643024697879059e-01,1.895158081508097725e+00,2.455586516250879647e+00,2.128818445154045946e+00,-1.664966985300625826e-02,3.279967340477982773e+00,-1.148576771860903678e+00,2.661743218038901571e+00,5.296327946915810436e+00,1.279233917150224942e+00,-4.729252528726005878e+00,2.849764345680589339e-01,-3.333451151404356771e+00,5.633579037081402952e+00,5.319511873471711727e-01,5.981203010524853703e+00,4.227062936932245441e-01,6.712869301476651063e-02,-1.990767740289063337e+00,1.095951570701308331e+00,1.943493915025044760e+00,-2.391791951887783707e+00,1.794833511717323360e-01,5.587622885935571659e+00,1.540984557535076682e+00,4.975212652896102483e+00,1.726479553307692649e+00
-4.347768356191736849e+00,-1.196459381142704004e+00,-3.390844958875645521e+00,3.861747474530597302e+00,-4.395388595489042594e+00,-6.316532235478279134e+00,-5.046336439118952910e+00,-2.191026521641531222e+00,2.199880236698164460e+00,0.000000000000000000e+00,-3.793139894780718446e+00,-3.428808606842390194e+00,2.233189060082023225e+00,8.235650205133174251e-02,-6.656640556086526050e-01,1.470003841207606632e-01,4.109457813224448586e+00,5.472648285705660420e+00,-2.722769627561651973e+00,4.681414767023386325e+00,5.613905505446413535e+00,4.669685981922824247e+00,4.593907708456892003e+00,7.777311921072326939e+00,-2.397730331102037038e+00,-2.371889844664195057e-01,-2.045706912152959411e+00,6.263129127872075763e-01,3.480544706120519027e+00,-1.567942038597745613e+00,4.758638726426115961e-01,-3.016950357307848218e+00,4.576127631153743991e+00,-2.330558496978094585e-01,-1.973232450727277598e+00,1.170584882982779895e+01,2.072356280856736954e-01,-4.546433266227865033e+00,-3.949313484072579872e+00,2.016345757866869981e+00,2.151896769057472181e+00,1.870271376208445968e+00,2.021858832126419259e+00,1.795828467571797260e+00,1.495129573928822009e-01,3.266290778697012342e+00,3.942255220729009579e+00,4.731540498172965847e+00,6.157145342956165557e+00,2.156845997760159950e+00,-8.079038619781754305e-01,2.956461718831433050e+00,4.197891211426717284e+00,6.706386780024743421e-01,1.640772062188911695e+00,6.410551687431348178e+00,2.451508915246550568e+00,-2.910424891734014974e+00,-2.336507596407102927e+00,-2.993270496097675704e+00,-2.428724648175871192e-01,1.706557346022132271e-01,-4.572788077389960293e+00,2.227958921449008756e+00,2.867549907124383957e+00,-2.985588736401933563e+00,3.542354925257944903e-02,-9.139601192368258520e-01,3.066056519708754702e-01,3.471203446143180660e-01,3.081128985591304659e+00,-1.195268840585365311e+00,2.324666481819709585e+00,-7.588086114791269488e+00,1.418070418000582089e+00,-7.344832796992013524e-01,4.094547821515742037e+00,1.937485391337209206e+00,2.273559423826282178e+00,-4.726772114962400906e+00,2.720129231236954936e+00,3.776839280208602823e+00,-1.117909844678985687e+00,-8.192909779383967361e+00,-5.512713965771340874e-01,-6.704914788271164383e+00,-2.108671148737127632e-01,-3.147901480513395911e-01,9.007831161021691457e+00,2.440179558801143678e+00,9.023188786672950434e-03,-4.647870758196770424e+00,-1.261846700094272222e+01,-4.152374198919245529e+00,6.008135195227877201e-01,-1.017421624564619709e+00,3.958353763214411902e+00,9.056932468327584251e-01,6.767845150817256794e+00,1.637635045693274893e+00
-5.120214806385620321e+00,-1.596068261582869630e+00,-4.906847746377827058e+00,-1.857250048754177874e+00,-1.789386165725601829e+00,-9.473066355353923385e+00,2.735467690005431995e-01,1.961101174167348304e+00,1.409882951408623075e-01,-3.793139894780718446e+00,0.000000000000000000e+00,-1.058587481768831884e+00,5.522211040476941335e+00,7.852299598418690074e+00,8.774078593041309659e+00,1.132725398343365164e+00,3.258583681817865063e+00,1.282490641855049240e+00,6.204534135693754671e+00,1.180765873616279293e+01,1.458874389056328980e+01,2.664700309266752498e+00,2.506012006626350708e+00,-1.666625427105133395e-01,1.598152499774336377e+00,5.820086102513123416e-01,5.398634546185090421e+00,-3.965758051201608847e+00,2.871535242607445415e+00,2.935757043213600870e+00,4.345105960203467177e+00,7.932525072170829361e+00,6.795565178713601107e+00,4.503877570514802642e+00,3.161711802009407712e+00,3.229168530068509568e+00,1.561807922806649707e+00,2.174424673432187038e+00,1.578312961564091621e+00,7.883520451518608141e+00,7.391975522641573093e+00,1.000495942520624304e+01,6.523677915810564443e+00,7.022750631866299997e+00,7.335170815886105977e+00,7.699708905607311138e+00,3.239942865445657016e+00,1.078654836583581300e+01,1.104446204658160724e+01,6.260403648934214083e-01,9.280926503775319247e+00,9.991884107762390999e-01,1.770360267420967304e+00,4.370632716713311439e+00,4.296950539141911385e+00,5.649413039969006789e+00,1.950661538577205922e+00,2.505734681764992811e+00,1.772321108143845858e-01,5.676311313748888310e+00,-5.395228647871962435e-01,1.808985291206600454e+00,5.242188163887901986e+00,8.489627166409375647e+00,9.309635765456905077e+00,6.067472098423085214e+00,-1.205168108652096670e+00,4.260981079474460920e+00,8.272910708926293211e+00,2.740630434653025915e+00,8.180751462242470851e+00,1.212278871919152179e+00,7.558830713809696622e-01,-7.972550411222586453e-01,2.707895242685144144e+00,3.766241122298135569e+00,1.182868374459213001e+00,9.103770070161726347e-01,7.224498902264373523e-01,9.364292567824913149e+00,3.419285591979810413e+00,1.012420085281607385e+01,-2.602155280616618716e-01,1.185023936185583660e+00,-8.930883249987818795e-01,4.123442342024744356e+00,4.940183214729882977e+00,-6.815528334351284023e+00,4.422408833805034689e+00,3.055852105413323638e+00,-2.947502122658518076e+00,1.166809491495312212e+00,4.038328525360713961e+00,1.167476174791456422e+01,2.540854479789345977e+00,7.966375074861455019e+00,1.062673237341104127e+01,6.364921047781693098e+00,6.606073366363076182e+00,8.721193446273113326e-01
-4.595024951254962353e+00,-7.510626103632016104e+00,-8.043311724384032857e+00,-1.080674391356237773e+00,-4.304164858017386130e+00,-4.729175527244565913e+00,2.367136000961798659e-01,-3.783648061721161415e+00,-4.052751888143864001e-01,-3.428808606842390194e+00,-1.058587481768831884e+00,0.000000000000000000e+00,3.392941820059299562e+00,1.510101983108086410e+00,6.304721365509760034e+00,1.320732342757053246e+01,3.275050573851503444e+00,3.774188490419343900e+00,9.132338997227000377e+00,8.436010197083925632e+00,9.297247252628997316e+00,-2.856131560703312644e+00,4.933751272570878754e+00,-2.051115800841837977e+00,3.460286110760177447e+00,2.122145794113416972e+00,1.149659611598572084e+01,1.812803089146752367e+00,3.281756078032184831e+00,-1.069842811194003707e+00,4.922406846285942716e-02,-3.782963533731656280e+00,1.059843509806382755e+01,8.743157668388718662e+00,3.905490929772569952e+00,4.874124148449685556e-01,7.575946688172868981e+00,-4.437080890015479895e+00,1.825652900111703669e+00,3.399545026967240702e+00,1.246239320249465798e+01,8.576913064576936918e+00,1.052610066500120345e+00,7.725367080796436525e+00,3.442309780856502410e+00,4.914558619719490373e+00,6.210242609497170108e+00,1.117008453864886164e+01,7.089397093649181691e+00,6.898286164069514115e+00,6.044585202464787699e+00,2.983907524850734294e+00,5.393831584818689073e+00,-8.182945350861288158e-01,4.138520488344830994e+00,-3.177020117318090531e+00,3.412057503108164802e+00,6.494225720430697457e+00,2.252657593987453577e+00,1.550207293750672788e+00,1.519637687615461363e+00,2.052630916973204656e+00,-8.143713838043399322e-01,7.645977011326011485e+00,4.168479341947790573e+00,8.492863269404947957e+00,1.068173008330404627e+00,1.134964595944183330e+01,1.128966376450993181e+01,6.109924029492994180e+00,2.362957284148162751e-01,4.967063612074977819e-01,3.709983459814510276e+00,-1.842284995432258876e+00,-3.885052466169092167e+00,5.193328655045733377e+00,8.891125336647382582e+00,1.237292519823720793e+00,-2.884841128266603327e+00,2.535562602908574270e+00,-4.174347021731995788e+00,8.717399190736603742e+00,1.079161571503591333e+01,2.872671727847261547e+00,8.153155337733745123e-01,4.379769641198084429e+00,7.616271104072382059e+00,1.367739507627837581e+00,8.103706763419483039e+00,1.273767240408670887e+01,6.695984201681398851e+00,5.408133492693538713e-01,4.284096866788798863e+00,9.358659020410074802e+00,6.596482302610908732e-01,1.043993294398118010e+01,3.244411512927587893e+00,7.674135367435710897e+00,1.067399027164807457e+01,4.857484386326600401e+00
-1.855916014479173093e+00,3.163044273848929056e+00,8.759673315299767449e-01,4.925249247095250915e+00,1.079406582210273768e+01,9.469626307528894449e-01,4.310244193978010063e-01,2.821219222757350042e+00,3.859382433272203539e+00,2.233189060082023225e+00,5.522211040476941335e+00,3.392941820059299562e+00,0.000000000000000000e+00,1.764410027313681351e+00,-2.599714978574592550e+00,2.019228072367500015e+00,5.058876082431332577e+00,-1.516634556184951743e-01,3.385314620589425783e+00,9.987851009843388139e-01,6.387499702704422688e+00,7.208068608394377463e+00,1.734853611613788038e+00,-2.396292615285673389e+00,-4.019625477553451454e+00,1.360890522971445860e+00,2.085950691990401840e+00,6.643912737494620524e-01,1.934853985277420918e+00,6.091845353142030239e-01,-2.539528953382820253e-01,-2.524072830190255412e-01,-2.924933434288773393e-01,-1.794260944601018481e+00,-1.799027575219049435e+00,5.771053138349235834e-01,-1.343182852983806574e+00,-1.401670337537445743e+00,-1.001235133184686932e+00,-5.324096892904877976e+00,8.019088793887769739e-01,4.298016865990929247e+00,-4.083420860107566108e-01,6.046290182217163078e+00,1.053636018447361344e+01,-5.429933325100384955e+00,8.631503834004983222e-01,8.942808821287822063e-01,9.662386579944369558e+00,1.141972728935735049e+01,1.424140752571640078e+00,2.858115223243592684e+00,-4.436021816745048696e+00,-2.787210768153561613e+00,-4.467817049736874324e+00,4.512305118531100945e+00,2.658798137656930738e+00,3.568684688478345635e+00,-4.308830138802025367e+00,1.186228049979453081e-01,7.829425790510303740e-01,-2.855081172161879066e-01,-4.470505979766722371e-01,4.519339646842917446e+00,2.393534283764543247e+00,-1.882923609986703883e-01,2.351985386768597586e+00,-1.321742712417045995e+00,3.958807473118621356e+00,2.454819130293896201e+00,1.398065470076151229e+00,1.496329408979829800e+00,1.434902891572817030e+00,-5.589650147517222223e+00,8.742002070682968196e-01,-1.336349278822668074e+00,4.271423104693164774e+00,1.972112542922697553e+00,6.606724731228726943e-01,5.128920402808543333e-01,-1.881727091089725468e+00,3.292886470202705418e+00,-3.480624119233167946e+00,-2.191154556666644382e+00,-7.221399233706882193e+00,-4.067968670085991612e+00,-5.356709593126125490e+00,5.693369790002691389e+00,8.891757773395474018e+00,3.548439898984674823e+00,-3.697117422003389553e+00,-1.154119815582602193e+01,-2.404329976335945585e+00,-4.094091598093569040e+00,-5.115327355538417109e-01,6.285407433291957169e+00,2.862564983853805867e+00,3.159503883680756076e+00,9.553719168810001605e+00,6.268019477947278872e+00
1.899915234407685283e-01,2.482695366765685030e+00,1.251003017944222639e+00,3.592698109714425936e+00,2.272760046940131673e+00,1.242406283913449760e+00,3.867227913576602560e+00,2.006043751723979973e+00,-2.158312911037749693e+00,8.235650205133174251e-02,7.852299598418690074e+00,1.510101983108086410e+00,1.764410027313681351e+00,0.000000000000000000e+00,7.001237290583002260e-01,5.192861371701271267e+00,4.529761255633960815e+00,-2.517128476770032375e+00,2.915492057760285416e+00,-2.684224730368689471e+00,-2.629726324166567486e-01,2.628561604374568539e+00,-1.064244536458458956e+00,-5.792474778155809467e+00,-3.091237161750989504e+00,1.735826653650302864e+00,2.506283676319407405e+00,-3.373537178970561712e+00,-4.754159802544201341e+00,-2.939939909485332681e+00,4.351354189053790122e+00,-5.670048590813936418e-01,2.078144721184280730e+00,-6.655911368611485690e-01,1.114060161490034728e+00,5.546350682395807752e+00,-6.956534285705067155e-01,-5.348482497663362700e+00,-6.142378496888136752e+00,2.822321289589981852e+00,2.128495746432263580e+00,3.118152918722151945e+00,3.504105617929131888e-01,2.404329653358292074e+00,1.150779782433236087e-01,1.016359348050642319e+00,-3.049533479505630584e-01,-1.372294721157414132e+00,3.816541994304466279e+00,6.051188130106106122e+00,-2.909396351103555212e+00,3.987436950713499240e+00,-4.358838891971648088e+00,-3.972510963495957892e+00,-2.053271263864303808e+00,-2.336359127497093624e+00,3.836286174378519043e+00,-8.638601061465326358e-01,2.746310968042860789e+00,-8.895630519226797261e+00,2.521746991233017265e+00,-1.602561332689702356e+00,-3.585926032536995045e+00,1.363722123655488172e+00,7.632841678616126835e-01,-1.616256892219570807e+00,-7.826491311838142728e+00,-2.042282146527640008e-01,2.553421298933935546e+00,-6.105585955584329483e+00,-3.247497086521719201e+00,1.504637331347306706e+00,2.026495350848987353e+00,-2.100218031336551494e+00,-6.841616790667789383e-01,-3.316134754279329577e+00,1.727974244141656346e+00,4.753120623846922577e+00,-2.077601093691128220e+00,-8.488078688338520195e+00,-1.806758733589652888e+00,4.181204752902890398e+00,-6.630888737773721786e+00,-4.217849892537912204e+00,-2.767154526989122676e+00,-2.755180530751952794e+00,3.813929612838734773e+00,2.490981765760658662e-01,5.212305562173033202e+00,-7.699300995646657375e-01,-2.593795317880821294e+00,-8.050398135100875763e+00,-1.979688365643337722e+00,-3.575145584228082374e+00,-4.556230382326340589e+00,1.712654432990250886e+00,6.713934252340044040e+00,4.922128986912688298e+00,6.928230771246795427e+00,3.076992257130723996e+00
-6.513782451531643924e-02,6.641958458930249165e+00,-2.786131594616211071e+00,6.226274994260002416e+00,-8.960905740402362873e-01,-4.025418184407827837e+00,1.284039401994592433e+00,2.944075036980595694e+00,-5.405849854962765377e+00,-6.656640556086526050e-01,8.774078593041309659e+00,6.304721365509760034e+00,-2.599714978574592550e+00,7.001237290583002260e-01,0.000000000000000000e+00,5.100024428248746133e+00,4.373551124984880190e+00,1.268255662738126954e+00,8.791719969535091161e-01,3.900937619433978987e-01,1.741015688795725991e+00,4.928172163748786083e+00,-9.804907554017250337e-01,-8.028081785970941908e-01,-5.318195468935543957e+00,-1.228739951943293329e+00,6.170485920363462995e+00,2.141956663373537850e+00,-1.144682615175252494e+00,-6.262764759532204462e-01,-9.958134395433249075e-02,3.581030625729124672e+00,1.211350331959425874e+00,1.591529833542333572e+00,1.534133319858856925e-01,1.080047914134279807e+00,1.575131960226796579e+00,-2.060535339868799998e+00,-2.869494132728292790e+00,-8.386078723660583822e-01,4.392054553425310814e+00,2.180873485873043194e+00,4.156683689587622688e+00,4.632227148648381032e+00,5.188277469657510466e+00,9.060844846528947727e+00,4.055493817168618342e+00,2.620589079932418741e+00,5.402992991492931552e+00,3.152685439713415860e+00,-1.843716286800469062e+00,7.267666020954329120e+00,-3.830544016576125643e-01,-6.773562384808159642e+00,-2.340724912045949457e-01,-4.816543985543075279e-01,6.907604109586586105e+00,7.739659897077772577e+00,1.095769066406520720e+00,-3.536753564266918115e+00,2.946307106531187991e-01,-1.657172624910030923e+00,1.031166230462196909e+00,3.047148474480691593e+00,4.730629659862410463e+00,-3.529550109477586767e-02,-3.524245169945960932e+00,1.658390200958185456e+00,3.251302234593287821e+00,-4.679091036235709655e-01,2.345582051806161417e+00,-2.324247300771579372e+00,3.941374483860406119e+00,-1.052720048681402787e+01,6.079404093910835138e-01,-1.663263622652270346e+00,4.143239260773982302e+00,1.609192466057054460e-01,1.509476425687427348e+00,-1.676629428922130849e+00,3.437279321699628021e+00,6.091033793828460219e+00,-1.453176813612047091e+00,-5.489164400098925256e+00,-2.941103173853683472e+00,-7.693551551923915044e-01,1.983804405794899139e+00,-2.450260845320128222e+00,7.884909677715226550e+00,3.235726469511223335e+00,1.089650651149375177e-01,-2.329557421813789109e+00,-4.553591739491010593e+00,-3.083884974922508793e+00,-2.241606159378436658e+00,4.232502454476375631e-01,8.415897495965754871e+00,2.839223302647006175e+00,1.042975629021575834e+01,-3.009391247287840798e+00
