0,1,2,3,4,5,6,7,8,9,10,11,12,13,14,15,16,17,18,19,20,21,22,23,24,25,26,27,28,29,30,31,32,33,34,35,36,37,38,39,40,41,42,43,44,45,46,47,48,49,50,51,52,53,54,55,56,57,58,59,60,61,62,63,64,65,66,67,68,69,70,71,72,73,74,75,76,77,78,79,80,81,82,83,84,85,86,87,88,89,90,91,92,93,94,95,96,97,98,99
0.0,2.60320512814495,-2.7447932209393,7.5099352072812655,0.2812585324957002,-2.5416471388177935,8.07111647256226,-7.383575201927133,-9.905582771935384,-5.587474970396603,-5.962315799028886,-5.701224984116336,-13.626246797303947,-4.172508490686736,0.0024804750226181398,-3.527932711789693,-15.338129575867915,-5.398141468008648,-8.936100926707613,-8.62546553078881,-6.610731378023029,-12.149438823417066,1.2387925867549336,-0.616947336306835,-1.5617982122249403,-13.534753546800607,1.1351445806928122,-6.525027439164711,-2.6395236550481944,0.4998205655336357,-8.489253137083102,-12.028567097599892,-1.8444708176242,-12.628010517149583,-13.607866875506064,-3.013758840468466,-1.806857351952436,-6.114015760342231,5.675328142870707,-0.4841012558862546,-5.852666041857946,-8.860508399330934,-11.564761962615195,-6.15013848716594,-13.672234902129368,-3.7838047717045575,-4.5188510354632525,-0.26623975329678734,1.252754053299613,-4.623847658910186,-4.686822621817684,-4.934778633717128,-4.376878321882301,-2.599210911185105,0.3378027477748845,-5.038695608322806,-4.644067689916104,-16.924070015517863,-6.8322784435387245,-10.960931366085072,-10.33299806647971,-5.164961021901341,-7.976499504717769,-16.700038077256128,-4.072861939964133,-2.246470875856436,-2.9607769425378696,-14.4195552107178,-4.177644438407266,-11.498934470092815,-4.2259509900126995,-8.26750358665671,-12.138098498570116,-7.495205974223929,-1.390480668982606,-3.948280995785552,-7.738497847304352,-6.428496444120621,-17.532252237142917,-13.62366182407209,-2.0998118933014687,-3.1208391837984886,-10.059215958825934,-1.8173136639750531,-2.5955025117997366,-5.211543452759865,0.1752080247636627,-2.9260779333935005,0.3867323047664206,-6.492149292011156,-1.9842964690669689,-9.817725037294272,-2.3199959842558497,-11.316614186362267,-11.141961627580375,-14.193110196340552,-9.781600715141662,-4.677299400490029,3.0507021436786035,-4.711988402871324
2.60320512814495,0.0,1.6382176259240984,-8.086434380856833,-6.486889570205227,-7.945089833145341,2.1473646569134566,2.8096513572813646,-0.21619119942145687,-0.7423792679920339,-8.746102704623645,1.6209098892920877,-9.30443404036909,-3.0801265001413607,-5.5739386151475205,-3.9152652134638166,-8.7749367155059,-3.023605979333285,-3.711830588174239,-3.5768391521549767,-2.809120671414848,-4.9139461848497135,0.5427322767444624,-8.56406944991896,-8.164455184096772,-7.349730232943192,-10.589588285270027,-11.85246885013815,1.1692652261454923,-9.399938253128129,5.14728672617154,0.4724603120597079,-4.7546323565165185,-1.701013158892824,-7.076744739725584,-12.023766039196012,-8.862302971839314,-3.0826795473000006,6.133334347137254,-13.52555098874766,-2.0272929149364516,-3.7889162953631534,-3.431118657489002,1.5218301525480955,-0.9892590194407616,1.9524845905897392,-7.281335258079923,0.2539880609187468,-6.4280855607976495,-5.913615565780332,-3.902773115972604,-5.224158270731534,0.6575356604302989,-2.494723001770577,-5.6242553785766765,-8.26622145277878,-3.50180277032572,-1.819067079215492,-7.206837517215106,-2.215136881654679,-5.061449146667456,-1.2517566172323216,-1.2403887115730277,-0.749318976295186,1.3246496436536155,-3.521380635206072,-7.804578034067172,-1.8883491738549711,0.6220790278007676,-5.586412516645251,-1.9225055367087105,-5.557668808994514,-2.8445712116162287,-3.1986700258680894,1.5098695241601772,-4.629694914474916,-6.897378633909838,-7.3276549972971905,-5.224160897296248,-2.817429333624278,-10.311795763102444,-11.376013718888736,-3.05694956746568,-4.667328467115176,3.290564316541285,-6.637574649695238,-3.4873320905457,-3.655185486561044,-5.845663348808018,-6.446184391709476,-4.167044176217022,-3.478219940246252,-12.016910804457176,4.548239486465166,-2.8810585529533794,1.7827408664150644,-1.0077606326944093,-2.872709326349418,-5.8292651177187125,-9.356184111503202
-2.7447932209393,1.6382176259240984,0.0,1.5023056452393295,2.6083930011165526,4.274647561593776,0.013848339497574176,-0.17820613551466172,2.210077708235711,1.912050841845836,-9.98332040035762,-6.044561167468336,-2.8033721357877286,-6.764964237892283,-0.6848723830624633,4.395757265583549,-11.647938876305362,-2.768351155324986,-3.787507925381972,5.850849245029389,-3.451040997560151,-0.06045150618360966,9.729791598436742,-4.048943566675876,4.213096022785951,-1.7639918932724348,1.2709951928360514,-4.57950675861307,11.924591332267948,1.4787126636862011,5.530013634416247,5.868953262357891,-2.2706458249441903,-4.673346996445309,-5.885865810535557,-7.9869832055303505,-7.580772434387249,0.013153893546317056,-4.0828493381559445,-0.24251482079672507,-0.25825826195656465,4.201322516590009,-1.3044074244013288,4.796647005985106,1.7267024340628592,-1.0097537939596348,-0.2976427365930475,1.651498265369161,-1.334567934129084,-4.605780146270072,0.28767845654805174,-0.5009568740220576,-1.6545658934824483,4.843318479861143,5.673119900922856,-5.5491683619012715,-6.113898438046371,-5.634375022007584,-8.790577044299566,0.000646684892645702,-0.9393467652992448,0.8997397853769062,10.234535396315167,1.7247353265308532,-3.517471384665477,-1.4169630533967084,-2.613468182433569,-3.307269708119764,-1.2478540488996188,-1.028418175488259,3.1016691580640567,-1.054661173170623,-1.3832047305758453,-5.371002818280038,2.404714857427196,5.5555673778167005,2.544742227043252,0.40103046504977785,-0.3502183868626569,-5.827511912825034,6.524936326447563,1.6321069042420904,2.7162343784206486,3.5299878079204885,-4.341045337846313,-0.7275345988313144,-5.583064386523486,3.1391052980171974,5.659955419330159,-4.910622472909002,6.356137709118979,3.3172098610870724,-0.403645174038116,8.099811869640478,-0.21462830680095685,-2.1728061882754863,-2.725703605247815,0.2888146050878101,2.457280528426265,-8.127509506903705
7.5099352072812655,-8.086434380856833,1.5023056452393295,0.0,3.324076382210614,4.655120202867782,7.787875505728323,1.2117480627054267,6.198644334435564,6.301380011658425,2.1737515312172357,4.665945989311881,0.15550505076550875,0.8974336427126699,-0.649503166271863,7.258434732160371,0.5514364922932619,-3.6323927147850408,5.278063329440471,-10.885025160911564,3.8045466195468833,-2.971282645828833,-0.7822879650431382,-0.35127717429422406,-4.224914539564868,-0.7944371160765578,3.62559048021013,2.361552145624032,1.5263144501829684,-2.3663627612027502,-4.04065813185924,-3.3640378219389935,-0.1875271738893964,1.4148061038888229,7.14578626724158,-8.322510149910237,-2.9899754666733407,-5.6958175533715965,2.663479296542046,-4.468918523884144,-1.255727756238408,-4.072825791507748,-2.0148371357209345,-2.0858884638625144,3.851457362154667,-2.600034023078512,-7.915473274244696,-7.032851798716504,-11.50035123754844,-5.675408579338867,0.48343230832665207,8.243570324472367,4.4742941918330015,1.557725069221907,6.274365083985575,-2.45814297778241,3.567942680018758,4.827602027074407,-7.267253296423995,-3.9152705915603185,-5.727496574972191,2.048808315495815,0.8060046252044619,-2.68979045226116,-2.355591941054888,4.291524497225288,-3.4034309639144613,-1.3348486160576432,2.517822482066197,1.2736607593055,1.261915193181543,-0.23549686889612828,6.741186733226778,-8.744201752335371,-2.113903296393804,-3.968195256482783,-3.926828974014701,1.6693654994635287,-1.123786792711509,-7.288916796160995,-4.436120042125563,-4.142388284202343,0.15477847044599727,-5.1563464100342875,-5.910724718475165,2.7871844634817533,0.27618194765393145,5.725993020531915,-9.487926256982663,-3.88234418783915,0.8026233890818522,-0.5988501705096628,-5.124060408845113,-1.9673301689444505,-4.113758585640456,-1.9157947847836276,-10.356150550090886,-4.287418112260768,-7.871849967205834,-14.46559021310715
0.2812585324957002,-6.486889570205227,2.6083930011165526,3.324076382210614,0.0,-4.897352710122143,10.522970704772591,2.8626481429755657,3.3555405155801856,6.33014560243585,-1.586185454270991,-0.637912859011337,6.075122935567803,0.04217118250396451,-2.29817076058706,6.0440646058768595,-7.940887727826512,8.563629308716603,0.10269233828176856,2.534978917506267,-0.6915024736183497,-7.092854943633677,6.777191713653941,0.12609452154044568,-0.03904188308591543,-1.56830393165598,1.0119361247924774,-0.1322928509401655,-1.9226126781530848,-5.395462470981737,6.180289329714534,3.945881312154913,6.231236877844998,-2.46040515593819,-10.287866203732412,-1.4738749905486372,-2.5182848329026646,6.133035145681776,2.0870680171496145,-0.8773522224578472,2.24177474028828,7.075702453918201,4.119459116962801,4.426569725700491,2.810264635734375,5.20517350961525,1.4120352522458675,6.383581457211262,-1.245671974552684,3.2746124378977446,0.3177685072403337,2.290427072087448,4.721197287792355,3.7627826548237455,-5.829334680147634,-0.9113994209698456,0.6285411187130016,-0.5278106060428195,3.5290694620218814,11.054947632301872,4.4543620135993685,8.13592793341042,2.572852899116621,5.8076379291436675,0.9862186954413976,2.7553588346751208,6.466750651608078,2.1309653861031594,2.893455118465856,-3.376232790317693,1.469101754642094,-5.06317565878087,0.672750624418493,2.77912805168775,6.888293120180997,-3.584358334109933,-2.3340883943908537,3.092585047168058,3.114285905785075,9.870568557073183,-4.019302018466978,1.4829165836337683,3.802075661064367,-0.3314701802218239,2.5075860786913857,5.891249146832675,6.259635559012345,5.886330119245033,3.293637779961633,2.8052342951525024,7.794686766951584,6.127888424656423,-2.259338852108504,11.000217168985396,-6.193419170053938,1.7957221108357835,-0.5683219159591243,-0.07181765432751042,3.082070902483121,-0.07929412734157369
-2.5416471388177935,-7.945089833145341,4.274647561593776,4.655120202867782,-4.897352710122143,0.0,3.020005521773591,3.9768113509278153,-0.44667962107837206,0.984384311457689,1.6755925500004372,-7.392849291323971,-4.8159212103301385,4.075990173395756,-2.714475099092577,-0.37407673493992266,-4.804217965475152,-3.2874919151610795,3.1028375666058907,-5.747678743939488,7.742348226879104,3.7787748987765624,13.113562239134273,-7.331754897662168,-6.05840401521583,-10.5826164622145,-5.975270774882436,-5.369136630148117,4.488890631769822,4.276379292914643,-0.6394880767467265,1.3942533012683485,8.171813137906264,-6.279638027754054,-4.090360122033889,-5.998891897007512,-0.8554414021563822,10.64288747481468,-0.056460754311966704,-3.5976878865185213,-2.0370530698365505,-3.935326750514775,3.423021677835992,2.627746781923502,-8.271420737147421,6.247251219054397,-6.65964576712167,6.435153190225785,-2.2881519395841323,5.336106502187746,3.0896289231206846,-7.7700991179324195,0.5764160429950177,9.418045223508303,6.071359968302177,0.9256316563013016,-6.266009322085417,-5.1509013455147965,-7.482269387718153,-2.0135376722267484,-2.0722559906216893,-0.4813094380376533,3.9352650656709223,5.370003110048988,3.1131775769354815,-3.001065372793465,1.7486656987399611,0.37094068814908016,7.5120866106707185,-6.944498461727648,4.343145036018361,-0.46922119757277697,-1.6814693811761587,-0.3069304085368086,-0.5716631548160702,-10.197634976803808,-2.0442247468151518,-3.9727196533403792,-5.863018719822088,0.3317356848568204,-5.773920186108338,3.9679332537304974,-7.779131713501342,-7.339642120295312,-0.7441293164187263,-0.35825900622800727,-1.2383752012344884,1.4965476285877126,-0.48725682889602406,-5.819652720868352,8.087092281922981,0.1415548954946221,4.635153904257557,-1.764714582825332,-4.570381357398221,-5.965872116265725,-0.5064448887396105,4.595676946972185,1.9186962762562405,-0.5326137756887798
8.07111647256226,2.1473646569134566,0.013848339497574176,7.787875505728323,10.522970704772591,3.020005521773591,0.0,-0.37274708879803575,8.327838097782573,-5.502392491861012,-13.257839608487483,-6.822384391305089,-4.152610088992542,4.971160484169307,-6.944000213844169,2.171081409421811,-0.6870088990761984,-0.6643683059605735,3.9508609160618327,-1.2310397079650834,0.8804373928085232,0.15119790766930455,0.06364001184046457,-7.66531177215893,-14.742816827721864,-8.45767378554205,-0.2476314831867142,-4.518853769893387,0.215077002568097,-0.6475015138718948,-7.9486870493145325,-8.987733828203996,-4.506151041124324,-5.791027607129489,-1.1233150846810545,-6.292301622354506,-8.244442112117925,-7.623800387360218,-3.3333517740058998,-11.422324912862344,-4.211448040282999,-11.757759609847996,-2.855974621799721,-3.2874068392682343,-6.116706737627098,-4.702489225641785,-9.830389964563135,-6.565953171808409,-12.97727600269322,-6.14660843590835,-3.1829644491698192,2.7633077612136128,-1.3237349985869296,0.2094988358469224,0.5367925960881171,1.8426543558377384,-3.054990440687973,-0.7585205538698975,-5.5254803499187854,0.03297612762839753,-8.77811536524412,-4.082404414820739,2.7438188170000646,4.518274883742532,1.9143862876425937,-3.614803952416276,-5.435393957399639,-6.4405192415530585,-7.160743063252816,-4.298819109195769,8.066041912450574,-1.3370704320352915,-1.859138408740418,-5.586627723042008,-3.5668674399208142,-5.289616225659051,-9.461432562036542,-0.35230384666687276,-1.8530841918953112,-10.867771360873792,-3.13180259751558,-2.8701982494866334,-0.7662273367371891,-8.66036249312819,1.074439221979312,-3.5475010296563854,-7.049619104560884,3.768292526385741,-5.852391868739769,-3.2331165615670288,-7.068455360917365,0.42109446580851306,-0.46944926808250587,1.712278656823591,-3.4385329104105065,-7.3960474095975535,-8.069793269041359,-2.6573786870953167,-2.1916621753412246,-9.716658732911602
-7.383575201927133,2.8096513572813646,-0.17820613551466172,1.2117480627054267,2.8626481429755657,3.9768113509278153,-0.37274708879803575,0.0,8.458882886002998,3.7633353449095193,-6.023222837782726,-7.258673052146019,6.045905489901295,3.712085152857645,0.6058116204669551,3.6496750514987646,-2.002534361651091,0.7607238462807197,2.9522424449670104,4.33217048126407,0.44100341260055553,0.7092923930918025,11.45594407372956,-4.22040500177055,-3.24838570181792,0.26565907655784565,0.6759271766706492,-5.5702184798072265,-3.762225402458357,3.247771608927879,2.02494865483547,-0.07207271460320977,-2.9048241142503635,-1.7956461092692888,0.3724038423829775,-2.6675276577068456,-4.759911222697833,3.5677926440672847,-2.188611902330119,0.7724675519167785,0.9129679477660065,1.1855841415002557,2.7259609424528337,7.733038778623899,-0.8883702262303581,-0.9837233642368346,-4.902001569223264,-1.5505591424608072,4.92475423103268,-0.6082380142033992,2.377118331101141,-4.5794028997193035,-1.2577525012923538,3.0511295664752636,4.453068059089145,-1.7975297765652511,-3.269560879182775,-4.859397034976335,-3.2566916181979537,2.7227974931724126,0.8648651640525479,4.241478860501984,5.442272577790408,9.321332836075731,5.25404021978445,-0.007217427963238584,1.3743351196962943,-0.04611977116339196,2.4387876871925145,-9.35451282658018,3.154446629107364,-1.5177281549814063,1.0279982575034752,5.992177023292348,1.6481980788131163,-2.7715972433872076,-4.168084596537606,-5.876504835936164,1.303241300012514,2.1332708548985897,-0.24850435743687857,-1.3438299279694377,-7.856998567004298,0.700832614258055,3.5153985281605986,-0.49008058012793326,-5.063764136575212,3.56023538855664,11.544977735595907,-2.375096428057871,6.742780482960012,2.2407339497116023,5.221346209060173,-2.6977717448897542,0.8167951834797207,1.6874830299384262,-2.142430067066376,7.390483932011906,9.2432804455017,-2.426255184014624
-9.905582771935384,-0.21619119942145687,2.210077708235711,6.198644334435564,3.3555405155801856,-0.44667962107837206,8.327838097782573,8.458882886002998,0.0,9.536525278348506,0.33891428835318094,-4.90024261429422,1.80564219336956,5.612070396727228,-3.0262152914294576,-1.01893084693068,0.7366885855768441,-5.03451449471404,1.2904203775114576,-3.1761630730139365,-1.1098152579855347,7.047878389620151,9.077643097794809,0.1602943441305399,-0.8469489356354234,-7.417051069907251,-5.382232445133777,-1.76352606826229,8.39742776045255,4.880159831513989,1.500807125586738,2.807461377506846,7.883870113615489,0.20025626624417328,-3.1920716972782635,-6.917662175468368,-0.3930191825748705,2.725906804763148,1.5216588792605503,1.2877069654304767,-4.633180661430408,-3.355363393704027,4.090841423884382,9.616626001374055,-3.761423809859468,1.466827863275703,0.3611068036925783,0.058494121465934246,4.227388351521681,4.9589948101042705,0.5823141229626292,-5.796709073786014,2.172941330650695,8.542546141338319,2.551756629258595,-0.7560675012892457,-4.423330674738703,-1.9175673468828252,-5.290945452191686,1.1276189463659647,1.746976599069073,0.40741307920335934,-1.7996427582274992,1.6343142282479828,1.213031618216153,1.5602291018923355,-2.8877390622163803,0.35748020908159134,-2.34668645212979,-1.4113671912320667,7.0585769656018575,-1.748252539271394,-0.9152454144859676,-5.87477199465721,7.051938226246646,-9.121947231394541,2.893077403096273,-7.130710264091536,-0.6007083730894972,7.1790633723809405,-1.8140670238031555,-6.3436291007114285,-9.624653117391489,-4.024426714512703,-5.320191104405144,-2.56110739658921,-3.0776687203161526,-1.4793656151150112,2.3744401090949747,-0.7169382607130376,3.247987905703416,7.4999663250895425,4.543383875596961,1.342791588468858,-5.560455458461226,0.6139448387442705,0.26988538680455626,-2.986165252701197,4.546172875549725,0.1634661032815724
-5.587474970396603,-0.7423792679920339,1.912050841845836,6.301380011658425,6.33014560243585,0.984384311457689,-5.502392491861012,3.7633353449095193,9.536525278348506,0.0,1.7115216053049196,-1.458538911868409,-6.702915233689602,0.4587009637700324,-0.4827725263453636,2.5428796422007247,-16.834228812184516,-2.30615081116482,-1.5069988707230655,-10.298025933609008,-10.670705051731847,-4.6525449584916565,7.427027835437025,-1.5494121500981572,-1.9786845684960113,-8.419063743651238,-9.05574099171779,-8.370440326376867,0.22582235440133208,1.509327883555552,3.2472826166073867,-1.6039261579475268,0.8181922914992865,-1.4486925580303665,-1.4537683032263828,-2.6232838965276715,-2.1744033767540047,-2.6417741876922767,10.414603024241835,0.3230950527723284,-4.142086080610775,-2.650835607033903,-11.222439471963522,-4.055897598442393,-6.543187147905289,1.0163011833229074,-8.467264373668165,-4.514985851965993,2.865749328320349,-3.6504100087068263,-2.166341537177589,1.8545526994025228,6.289325272512697,2.0924509813773913,3.327213476889703,-5.641409167446413,-1.128426819078636,-6.06288026150361,-4.295078966267476,-0.42327063247384816,-1.622358991558208,3.096774930146451,-0.2750048806873998,0.8203963123182869,-7.683206002134037,-5.200363363340223,-5.202801254334728,-4.6404408374631405,0.9887216102932934,-1.8651191854191276,-1.9616908093907324,-8.473325926638136,1.0829310594850179,-0.4934306528297032,-2.4053130149804387,-1.3970825407398588,-2.9496767007973927,-4.3784771916592655,-2.5811290496170742,-1.9452278987177156,-12.416415620440208,-4.151821573184657,-11.85282516120128,-1.61189497587828,3.5053895147990377,-5.223228518996241,6.765016904997768,-5.163176044009428,5.744082277131415,-10.330190722884872,-1.332882412119588,-4.20386918955044,-1.3507631355524417,-1.5039901117566987,-8.32946548066294,-4.842675316873737,-6.086487735634835,2.796030270833856,3.2398695884790127,-2.341483449939079
-5.962315799028886,-8.746102704623645,-9.98332040035762,2.1737515312172357,-1.586185454270991,1.6755925500004372,-13.257839608487483,-6.023222837782726,0.33891428835318094,1.7115216053049196,0.0,0.8045010879349078,2.854048607229774,9.280930722496455,1.3276752871721456,1.7584311242758208,-9.01325176760365,7.7057982930451505,7.598974588396363,1.284608280358447,7.889727449101016,0.3459378323241129,17.966781784554787,-7.175164893532996,0.29791583471349614,-6.117725415628219,1.1860126264790167,-2.323632195394226,3.2954394751017135,5.541136250900575,5.5340942291687805,5.98252475849691,6.16104466042724,8.622959151878572,-0.8178706473137558,7.3235926512146206,10.799590631429073,12.497071882118048,6.212001123380755,-1.0831706780080668,10.924076822454508,-2.6060451102028335,-2.758420447561716,7.689942429530648,0.7192234750406089,12.591849693188028,9.26155498607776,12.877514296068238,8.530751012246212,4.161466632765618,4.389113278858615,3.396168615832008,5.773908616436794,9.741974760099689,3.696349806746916,2.532093436260038,2.7540080950851236,0.6797848736818334,8.501974105843257,3.253501008774313,-0.573332841480614,2.2322652197590465,-1.0532076074141503,5.117134546805351,-1.462107609336459,3.482234133457059,3.308956896181729,3.824575251927615,0.9977172532156497,3.570020387960923,4.023421546020705,-1.683232103617502,-1.3674657175198495,-2.8472896649857726,-2.5602005547155566,-3.793757312298872,11.455273481980932,-2.0270129749695665,0.811552970754563,0.9696033908244712,7.627987485497653,8.381654424419175,4.221674701528984,-2.8753124408922086,-0.8206805119864472,5.8849519489183,10.707874597867995,2.3198261197367165,5.101233315695564,5.3943503488262525,9.734024255756632,4.392090224158664,8.744922614779302,2.348775740540815,0.9575039125335503,-0.6426188348471481,1.7324893155842909,7.905004750445067,4.655754397103988,1.5773806694990793
-5.701224984116336,1.6209098892920877,-6.044561167468336,4.665945989311881,-0.637912859011337,-7.392849291323971,-6.822384391305089,-7.258673052146019,-4.90024261429422,-1.458538911868409,0.8045010879349078,0.0,4.623527592130699,8.064042923402479,4.336941307115952,0.4035818890943694,8.752066530425225,11.648904732892476,12.707768879402215,-2.2541856267072955,1.60898683024186,1.2789622786633508,10.718921793404752,-0.5699069894231419,0.23713187987141396,-2.85667530804612,-2.9092183849938844,6.259734478315669,3.0386313021308577,6.368961422893145,-3.6844088170218137,-6.755933346078948,1.4276295126694432,11.538138935397127,9.990686987685038,-1.4694180994154342,1.742934958393729,3.6646441305155903,3.5553529626088864,-4.929291304678098,0.3559052995622222,-0.33694430040288786,-1.3087579521449615,4.754615809919204,-1.3545129249882393,5.3833577198041604,1.5669436108896755,15.585040873891016,1.0708656871677984,-0.0422171877429897,4.378588938069977,6.832502728076752,8.346786895939971,2.927959582615164,3.4516542699545134,1.8551678182228892,7.087866733807557,3.6282743159649673,-2.928965686470565,3.2980712342363314,2.943395713447116,5.12802837206072,6.975188339846628,6.1456651084405856,-7.4790196903990225,-7.569084978094071,3.447147715171545,-5.8278875541138415,-1.1649961824514043,10.28373541794086,3.8198912684883024,-6.381986739672523,1.1810193980631762,0.46250166906671414,-0.053612135964827536,1.725861752236395,3.760659264840612,-2.8242255279320743,1.257987723812734,1.6720779449430965,-4.9770005261268135,0.3361213011964519,4.390689362475151,6.04735020523391,1.8924361585138352,-1.075805539581242,-0.7189188868340255,5.650611002693715,1.138021313462428,-2.8045490265558684,0.05974505002968298,10.522240348949376,9.615939294342116,11.47147164979491,4.190460702598453,0.8179265574969997,5.596223662008297,-2.7710286595031026,2.413066604176579,-0.877499445947144
-13.626246797303947,-9.30443404036909,-2.8033721357877286,0.15550505076550875,6.075122935567803,-4.8159212103301385,-4.152610088992542,6.045905489901295,1.80564219336956,-6.702915233689602,2.854048607229774,4.623527592130699,0.0,0.5033067336326229,-0.555371802582049,13.337513208821164,7.942794767393842,3.6407755640372095,2.3540704480078314,-1.8943184319359432,9.428336331443832,-2.3503105284946475,8.904634802960938,-1.6707215060236595,3.0246150338300914,-2.1418572629350145,0.7396059265046541,-1.7004115219003268,2.974430410142651,6.945447801572553,-0.9669115113407672,4.242258371517421,3.729972032707192,6.470257191852592,-0.3837916028564327,0.8151764787006432,6.3277980432894285,1.8242942469112289,2.3442883995796278,5.614893884010581,6.139369526643237,-1.67246089326172,2.4572729625475493,6.403540524882006,2.3988975045607726,11.081470688478763,5.656353026999134,4.020675026049528,16.831153572866484,3.0304632606255706,5.096522986380724,3.2037941062489588,6.5272498160847805,-5.180217783208195,1.841709620844316,-3.0103355186123704,2.004753531801746,-3.648344944015733,3.7991204192108223,4.246993355914926,4.568156960464152,9.15000297421847,-4.057567339341183,5.027214295609415,4.422803894328593,-1.557942042373549,5.1499033148230575,7.960769919880151,1.4262688322028483,11.85211054444538,11.286101512174833,0.354779096020213,3.4443921465780045,-3.3673802689781445,2.6435786331602023,5.905465415339357,-5.300148702081659,1.9837516373998587,-8.644130165903064,-0.5311880867441529,5.487405046122504,1.589666362812706,5.814113672919475,-5.034509769049041,5.1974013106387025,2.2467725994685965,8.426602871352248,3.4060028822372903,5.7065012880462875,5.78896396071718,1.4200229270264844,-0.38497546794323073,0.4106732950761084,11.949213577362432,10.24751997883596,-2.9991973772457534,3.881112379362975,-3.8135181646059606,11.58487457818947,9.029990269953354
-4.172508490686736,-3.0801265001413607,-6.764964237892283,0.8974336427126699,0.04217118250396451,4.075990173395756,4.971160484169307,3.712085152857645,5.612070396727228,0.4587009637700324,9.280930722496455,8.064042923402479,0.5033067336326229,0.0,-1.205118224299904,7.031914041899822,-3.3684005628867735,-0.12226689412441664,5.068311048137161,1.5983491873997269,-10.336601484285984,-0.35023853047035386,2.042836406956494,1.453758690384888,-6.931625602601904,1.9588212920571964,4.575686840887532,5.318691201958395,-3.2447969056128927,6.739088459740338,-6.232470242848475,0.3189689685126594,1.42817852747758,5.8382048117838155,-4.6517969998238735,-1.0443503669018717,1.779272504674716,1.747125690812183,3.9663896725043815,-5.1590216444678445,1.6192903418821836,-2.0640102283198543,0.07710473510313644,0.923825348330692,-6.355791901058022,2.8823200575806287,-2.9372875186022984,0.8333893904127467,7.3899904002752175,1.850945154000712,5.569219321056913,-7.171207022978253,0.9248989860046792,3.7861575548446766,1.3975873434741857,-2.8233163512920654,-4.360906834197207,0.2667351199754277,2.94423534516256,-2.3963220812124764,-3.996636676780664,-0.462318036246859,-3.614762458258444,0.8298196717492656,-0.16827487041973635,3.536712825034436,0.12424143184187648,3.961426345867888,8.322359365449696,0.5035995622992367,-1.3661382200376648,2.601479420879373,-2.2333207149760614,0.5172144318170147,5.766831103843105,-9.098918256234244,2.498918728446426,-1.8772377827712796,-7.005013323573427,3.2856962047535463,0.389390747999112,1.591839230382366,-5.844270982850811,0.4676666151753031,6.72969347116747,1.0660581136905811,-0.2914826165600225,3.2218223714648513,6.96656883026924,-4.020159883834829,1.6427988641522024,3.4697053715042343,-1.235554046399872,-3.0572692835834494,-3.1685467588020093,-10.226863070586466,-6.583699595074953,-1.99527283788712,1.6128599248090971,6.3547671015516976
0.0024804750226181398,-5.5739386151475205,-0.6848723830624633,-0.649503166271863,-2.29817076058706,-2.714475099092577,-6.944000213844169,0.6058116204669551,-3.0262152914294576,-0.4827725263453636,1.3276752871721456,4.336941307115952,-0.555371802582049,-1.205118224299904,0.0,-1.5591880030306549,-5.592217358016265,-4.016146243685888,0.7976484742924859,1.8178730496037487,-0.6446098182226967,-1.0760183510692098,4.348933245906736,2.8037436270189366,4.2819651698636925,-0.16103390334263412,6.9699705295840815,0.9471411003485832,-4.211009542540824,6.223590215964471,-0.2335509986282034,-2.0417864158059116,-5.310222067016468,-1.4764565336448923,-3.821967386663797,7.034012953975656,2.6490504859050907,-3.0327748462299264,5.63502234543479,1.6932823444218648,7.408483503811562,-6.005034023549404,-6.376368953426812,5.047900284604252,-4.341964312550039,5.153096587262126,-2.7215812888264623,6.582004010365853,7.410721183806211,-1.7416285847537407,-0.12746225216478071,1.0771346527691348,5.870984390950233,10.198107081208779,5.890406315083772,-0.7201985705368854,5.088262537684313,-6.918901176499398,1.5134970304872326,-2.485685161554075,6.174134400345498,-2.7819291415139333,0.09984992747008307,0.9622068954475824,-3.7855120189038702,2.074815499408064,-2.050635013585234,-5.336646673904344,3.946140257080119,-4.561460242608904,0.175848440755395,-4.10787853549867,-3.0094741250044588,4.281546127466921,1.4144553273659983,2.4084565008990464,2.08689395288367,-1.5605682444912143,-6.710810389940256,4.42179874975833,1.1780780151475707,3.729252304572352,-8.969645366351953,2.756727960903405,2.1334953236449,1.1551361547278527,-2.4725281152495864,1.6004036589623836,0.8093168002747613,-2.186170435409964,5.838113197667632,-1.2664394200508835,-0.7315653165871534,1.8341681520719688,1.291551296709638,-2.651134458155062,-2.1015352038864994,-1.3469837894895835,-0.46374718142648735,-2.0432209651274373
-3.527932711789693,-3.9152652134638166,4.395757265583549,7.258434732160371,6.0440646058768595,-0.37407673493992266,2.171081409421811,3.6496750514987646,-1.01893084693068,2.5428796422007247,1.7584311242758208,0.4035818890943694,13.337513208821164,7.031914041899822,-1.5591880030306549,0.0,-2.943020961057444,-6.069945619995265,5.813875034667748,-4.211456662433898,-0.383017053184629,-1.8231947674953988,1.1336527330325064,-6.5247882208377375,-10.785141117535568,-10.171967079559604,-10.87831904811374,-1.8037753581832308,-1.7519172396887732,4.399952847899102,-0.2601748568063304,-1.6602733452046619,-3.430492017426086,-8.732258045112978,-7.995875381739791,-7.266040007192595,-3.071457912123249,-11.113322736889844,1.6456164630651968,-12.242472467104676,-7.920976989955829,-1.8614117628798212,-4.477397766680527,-11.36727306532918,-2.15096832727788,-3.7896263617894785,-8.300347107264848,-8.738202576839017,-5.568890694962724,-14.046319227647084,-1.9186019471987976,-4.899528967641054,-12.39771965049644,-4.659271093166711,-2.435780659971954,1.2149997617814157,-11.115113213753432,-11.296716861276233,-14.083853425412675,-3.514991560013435,-4.357320449232313,-3.0964331444677287,1.2836351143724392,4.4199477918988235,10.71085361057904,-2.628969367971952,-4.217400855708164,-1.969046966497726,3.361304117194478,3.555532161941903,0.552291276558,0.9122105722062839,-0.8865612137084607,-3.5953644692168405,-1.4306979140849598,-4.440404881403294,-2.041048523346489,-7.866778522351749,-8.234188982225188,-16.42211520907595,-1.8115122873634657,-8.866094887082683,-5.5640572411958775,-6.233970479343639,4.876298509043743,-7.2618717767581105,-4.255468989089091,-0.10579928596309698,-5.361470664495857,-6.585570032131653,-12.036480349920955,-8.331630677082,-5.10778972911175,-6.004001899775992,-0.8524123766638377,-14.527369946362027,-0.6549881937038613,-5.180072402693454,-1.4046892977807524,-13.328044395826057
-15.338129575867915,-8.7749367155059,-11.647938876305362,0.5514364922932619,-7.940887727826512,-4.804217965475152,-0.6870088990761984,-2.002534361651091,0.7366885855768441,-16.834228812184516,-9.01325176760365,8.752066530425225,7.942794767393842,-3.3684005628867735,-5.592217358016265,-2.943020961057444,0.0,10.413829877783447,9.1851490786704,11.199460401378367,3.898051564265767,8.304214747725442,11.451843990361843,2.0900931903452555,-1.0093473177564152,-3.946290454752945,3.5242443385809565,2.6060762668697026,7.837001192548491,13.026935791451765,-0.8450123383505859,-0.6016898854045868,4.281856247030507,8.558357954690372,2.019706275799382,5.40446170369052,5.88165364821551,9.62578503162921,10.18162820016276,2.866410899052713,17.762607491465193,-1.1678505878167411,-0.3706973714367046,8.395812452362593,10.200122665457704,16.77764197922014,11.905992646570912,10.648926369450516,14.748519356056692,10.87636925923934,15.569611954775892,5.602128375818576,4.570996183045062,3.0958870185644862,8.99487717723502,2.0391630475328753,2.482144531651151,4.388363539124423,4.167049034656889,3.0269154678315053,-1.3319034913592491,-0.6493373460898437,-0.04467540399491197,3.701635374245401,5.457816224949508,4.4545689830568165,14.639472775423643,-4.127472275350577,8.244452753367822,9.575225578724913,6.726151028875504,11.6633277952836,5.250258789684244,6.914622211125251,13.80040290556016,5.106582596712353,1.344531979060825,4.387055601330669,5.409684325301247,3.82692780246186,12.4875097868567,8.594773345891157,4.871586554851016,-4.650681041573964,13.367562680698564,12.246799612728974,2.57442105881838,15.621114253857332,13.530007801063475,3.7523326202895326,7.30509648542885,1.2137103757106091,7.2022101418368685,3.1902110843243814,3.7007311866472983,4.906821753974743,4.206151052955911,1.1807330213214788,14.496436183101554,10.939251298909436
-5.398141468008648,-3.023605979333285,-2.768351155324986,-3.6323927147850408,8.563629308716603,-3.2874919151610795,-0.6643683059605735,0.7607238462807197,-5.03451449471404,-2.30615081116482,7.7057982930451505,11.648904732892476,3.6407755640372095,-0.12226689412441664,-4.016146243685888,-6.069945619995265,10.413829877783447,0.0,1.2873232658780915,4.888283020391924,0.34985467312939966,-5.853162171903397,10.44349689117308,0.9552223560801453,1.9455511708006503,-6.70031145406636,2.7672944176404886,-2.3626730077049527,9.475168320871648,5.980090700437134,3.7514455703714567,2.464421194796045,-5.60932652818228,1.9503789163635463,-0.5453228251598589,-0.5041932380151825,-4.219044864835055,-5.230182062069478,-0.1528611916357213,-8.327297621092098,-2.853048882595297,-5.320292703416168,-3.2731992589646377,2.1128925950719992,-0.617774110177135,-3.195217630803919,-1.827613862941116,0.04057396467798978,0.4568389919177032,-6.566649190303066,-1.6427396231868336,-1.6582604227656952,4.111183521743798,10.275813073891197,4.785101912738692,-0.019899233232691344,-1.6239415788294524,4.903752783194952,4.528053461479795,5.891724676503356,-5.787271636583768,0.3668990454689317,4.4396034625803695,4.863045119262596,2.1306936427297853,9.839939110192304,-0.6318192803078405,7.039326236168777,-1.0803466769252343,-1.5698505685154158,2.4177760066877263,-0.6394630688620434,-3.4284270387208937,3.702867049842968,11.279322228293491,-6.3612454528720015,0.2612791883597648,-2.2463277945266444,-4.231883813586946,-3.015426761475025,-1.8057812611934427,2.1882401049810687,-4.385129690495328,0.5282895147915825,7.640548473308021,2.699887709232398,2.780906012225648,0.5295599650818119,7.067148488486366,-3.910197371584332,0.3192470706185433,8.504617664452864,5.998966195815049,0.48921873086831136,-5.803397583128471,0.9138287731424912,-4.947019508585392,8.40105201384951,8.614662184264617,-1.4072844115051426
-8.936100926707613,-3.711830588174239,-3.787507925381972,5.278063329440471,0.10269233828176856,3.1028375666058907,3.9508609160618327,2.9522424449670104,1.2904203775114576,-1.5069988707230655,7.598974588396363,12.707768879402215,2.3540704480078314,5.068311048137161,0.7976484742924859,5.813875034667748,9.1851490786704,1.2873232658780915,0.0,6.557194859953502,-6.165802774570191,2.135830525073084,5.81589371255224,-3.4772364166116687,-9.009390144592771,-3.093702412702587,-4.697374869457438,5.570658320359756,-2.0276276085953904,5.569628035429871,-0.05885116005094227,-2.7253957765146195,0.27393336312686206,-0.2885409153723834,-5.9536818418083,1.675335945727606,6.3260060647720735,1.1048429023706428,1.5082473256151587,-8.991674643096562,-1.5679710015296346,-5.650222466498927,-2.985027049865583,-2.4175474304617777,-8.608176619572678,4.380621740990987,-3.339914326110032,3.2497814112189136,3.9238297973560328,-9.27900296716088,9.667094836447347,-4.715426876529924,-2.2866264876675353,5.96294412516527,-3.2757492617534263,-2.449845652724614,-0.628407114407057,-3.857703444401644,-1.8832733613070864,0.9800454751965775,4.250112213415792,0.09683380558932682,2.3444935519548022,-0.13269455014419823,3.3739900986294367,-0.4004642562595154,3.6736193576120777,2.9455549250049384,5.082786922640144,2.8861447319091806,3.721296488338356,2.4574750998109254,-5.113299809429551,1.96045138821295,8.749951666928709,-3.5404524630227825,7.167069535079846,-4.464561840756513,-5.846764891139135,-2.0450052749264938,0.5754631334552155,4.3501812378812765,-7.340018037800607,-4.700401587312069,0.10615005942591473,9.333041033731396,9.166566334397038,7.367320202943151,4.660726766785576,-1.8697521022533377,0.6081101350426423,-2.306143641372546,-6.619714989678681,-3.925459518220371,-9.207079979602227,-13.02081526413291,0.25499411978776687,-4.063206811282347,4.473942812267325,-1.6739710719327927
-8.62546553078881,-3.5768391521549767,5.850849245029389,-10.885025160911564,2.534978917506267,-5.747678743939488,-1.2310397079650834,4.33217048126407,-3.1761630730139365,-10.298025933609008,1.284608280358447,-2.2541856267072955,-1.8943184319359432,1.5983491873997269,1.8178730496037487,-4.211456662433898,11.199460401378367,4.888283020391924,6.557194859953502,0.0,-4.556088715802918,5.159606061895648,-0.3973028034859501,6.704277436221416,1.3365125962887796,-3.985145644073495,3.4594648828092214,5.743561251510171,11.621094811340376,5.801032481948664,8.217538919332137,9.113411464431923,0.3471926323346836,-3.054394922019641,1.0596328216621003,-5.969962773213186,-4.700594140827555,0.0668833519378208,6.482688846888529,-0.716223272985034,0.0641662373950876,6.256469916158186,3.556200881410205,7.7372033492551,0.7451436153560904,-3.7861304423144766,-2.3235246414673507,-4.449037555747954,1.3956653680776054,1.0611865202784216,2.439893768702796,-1.6235573779440575,11.936833213925,4.824319906092422,6.459434513699885,-2.438235558497341,1.9643114005859332,1.7894401563679054,0.9524567089891816,3.726042077195344,2.3333642756100033,-0.695881141886322,-0.933512800987327,2.481612076733932,0.8511602049482003,4.834809875772704,-7.892413068478087,-1.2507039366227644,-2.3505455175509087,3.5940704838795416,5.2548565168207375,3.387470868664962,-6.012421211197398,-3.746282351728216,12.430812572239024,-2.43887209332979,-1.8270712755693432,-9.389398138260274,-5.440155825167677,0.995646112770144,1.2302914389217858,-5.864173377723784,-6.494669597456481,9.842032841513722,6.0498448796652955,-4.15898385140332,-4.016433860927584,-3.318532596538831,1.6410778799908252,2.239304583224373,-4.294493129863184,2.8590866166904063,5.699755566244993,-2.256600760433768,1.5222333809751392,6.06881231788218,-8.549994930965346,-7.392985370199741,5.660433430366307,-3.374358674196018
-6.610731378023029,-2.809120671414848,-3.451040997560151,3.8045466195468833,-0.6915024736183497,7.742348226879104,0.8804373928085232,0.44100341260055553,-1.1098152579855347,-10.670705051731847,7.889727449101016,1.60898683024186,9.428336331443832,-10.336601484285984,-0.6446098182226967,-0.383017053184629,3.898051564265767,0.34985467312939966,-6.165802774570191,-4.556088715802918,0.0,-4.526749943983735,2.641061844193806,3.7517002180850927,2.262308952349979,-3.301618816152489,-6.031836245777924,-5.052753975327692,-1.3989096250376278,2.1183732074479926,10.149610499023035,10.478722883570043,3.6197513082032673,2.084732839219795,-2.0076298319213035,-0.2787414243802278,-3.55854419813026,10.73457226595157,6.930038417219434,-10.602817155014188,0.06881304869808019,1.1183877796810635,0.5701091985870661,9.8230636614145,-2.700794944919711,2.620245638630974,-0.29116543474063544,6.968768911815271,2.630175525932322,0.9337542374433777,2.76786992694698,-0.7044149922254258,2.5978836615740715,4.020245753680291,0.8501858703523355,-2.248862597923952,2.769198724833867,-0.08365053328215878,3.093312349208892,3.8744112045040806,-3.2703301354163954,8.892547596099053,0.49450956913322935,4.579215775022066,-0.3587122177651611,4.638685073340865,-3.9614473658968143,2.528970070175579,5.271019027210093,2.5898857995736595,2.308247425914008,-2.0131839361461243,-2.2544955080749367,6.596043516326672,1.49530727976993,-3.821836645802247,-1.323346509937475,-9.487899592300094,-4.018178537506441,-0.4650541117321719,4.154097930108862,-0.9308955413546365,-4.101559950250426,1.3062543998523695,2.063106118850558,0.13815078414630283,-3.22170326540152,3.376233970133308,0.37557234028158537,-6.510489165467134,0.8890473852109652,-2.403336988032867,4.153714099197852,-3.1940007180373224,-0.8069310828943222,6.096055192574688,6.382669938419977,1.8791858450014296,3.0852147844471887,-3.2307334268438193
