0,1,2,3,4,5,6,7,8,9,10,11,12,13,14,15,16,17,18,19,20,21,22,23,24,25,26,27,28,29,30,31,32,33,34,35,36,37,38,39,40,41,42,43,44,45,46,47,48,49,50,51,52,53,54,55,56,57,58,59,60,61,62,63,64,65,66,67,68,69,70,71,72,73,74,75,76,77,78,79,80,81,82,83,84,85,86,87,88,89,90,91,92,93,94,95,96,97,98,99
0.0,-7.475041285619482,6.276393644367614,-3.0037572431103863,-3.1632978277495125,16.81481659623105,1.0512680962259568,0.45105120629607975,12.1042462962897,2.1918048563174244,-1.3473771847824692,-2.741728184419362,6.260940033975281,2.360991417014701,-5.304707289817769,-5.834257548613867,5.110916127110376,-1.4036743721168377,-2.8212258700540342,-5.541085084892497,-5.015696256062821,2.3982489951237818,3.142254845599662,5.941168234224561,0.9822638948463894,7.469599404083706,4.143831532976289,7.825658131367554,10.472650308605692,-2.4558434440473356,-0.5751876858137692,-0.43901579767639987,2.929849589036397,-5.234428627448486,0.6778399700015869,6.762265612322374,3.650109904345326,3.0242256884682246,7.883237625476294,4.665596743361668,10.312890753295834,1.5560651470760711,6.7616832590301765,1.6737035584340931,3.789495041521721,10.724199059376655,14.794716257128648,6.742505721383467,6.17488717856743,10.907509926072796,6.165147109395313,-6.4571505621125596,4.034180160518451,4.72668591293771,4.657252125855518,9.457817552961261,-3.3945618161736304,6.238248297800623,9.238995626375882,2.5743687965340567,9.144548505620344,-2.9733649814330545,9.434435920693996,-2.2236895187929595,6.784360615253043,11.480643720419213,1.6574479822428447,4.600589733030434,2.85173361904385,4.137299617102904,0.9087281531505904,2.29104544521943,-2.244987819267592,3.2209642973215855,4.070527725814761,3.7315020651257327,4.93490829927854,0.45711300705440494,2.1422085137023807,2.1016117340548206,8.37958771629431,7.427095692782558,15.175402285518487,11.023826223702123,1.4069727195798891,9.550028085781664,-1.9113076194264096,0.1406559024602268,2.089026948465296,10.196454865537927,1.856604329281735,1.0044060780275539,0.6612260155767223,-5.90497398539294,-0.01505115129604323,1.1819410195499687,0.3877674251083704,6.368461930100409,9.35581371298412,7.6201324079764925
-7.475041285619482,0.0,2.5611976190213475,3.3090531979866125,3.5444870145711076,10.154183142035691,1.7398022492161371,3.257070989550195,10.654120148227658,2.873670580845294,11.405126516973812,3.92470721541164,0.32804474581409876,9.951410039498553,2.7321185855905075,5.263343392179369,6.114036084847528,-1.0937103739520715,7.327981775246785,6.880778536959292,3.816753557520929,-4.176403792297424,13.421316661989934,6.815924578058939,7.959392338772835,4.483226000749454,4.5063807286483,0.8492739094938316,6.651509442796464,0.053626237229241286,10.861417068522721,4.8846588190454865,0.672344436768443,4.212931371504296,7.720047250038074,8.053039680640925,0.5809473693846988,3.264809595807336,6.597497740346768,3.9121418962252426,0.013255886753955544,2.5799075041841193,2.8776397593744054,-0.6438343739909596,8.296249563993735,7.063378783720732,10.566664560539145,9.009903171789336,10.599799483303713,5.0248553488167005,4.172691729906727,-2.6370796079577334,3.582165993488191,3.9662141627347767,1.3034379741899444,3.947799573112019,1.4860068349943347,5.759496915899241,5.527677652662181,9.47183409808966,8.310160646850463,-6.714503517406105,10.17057615120173,0.7818438353617091,9.381298201108585,7.527394534068241,13.206975339811724,12.809572916261931,9.353825265703263,2.117238486598324,2.443909274964222,5.174702103912144,-2.41002923675435,4.7391483793286,4.733466567046328,12.086088034350032,9.953520866183306,9.24986204497281,4.785695891086112,7.783160595753626,13.9838598999275,2.6748364753080964,10.466730076476948,13.937414709678874,9.59608197488816,9.268335557803011,5.300613258777348,-1.9719956152036089,6.740267914288225,2.41985610654265,9.028818322073725,3.0284301197037116,6.134238108038192,1.796603242222058,7.732454403898156,0.9444807013082269,7.390524172253226,3.036881602998926,10.363819371263304,6.543610507047629
6.276393644367614,2.5611976190213475,0.0,-0.8336337080165263,1.603680223863987,5.0004103888554114,-5.87161506686639,8.737435715717808,5.034305026322976,-2.9984377115192653,-8.078777334244382,-1.787028646073738,1.7954751085388923,1.2831874060245179,-7.8860424000637295,-8.549962699414731,2.739274520466645,-6.378336870373727,4.049017131834582,-13.738975013179973,-9.152119088155578,-5.735750082220919,-4.399287205028344,5.681383463845725,8.805925637986473,-2.656943522456374,0.3988663777771444,-1.6312163442665903,1.2009216601857526,0.6048641436267654,-5.845619083569952,6.773876151080461,-2.602810333078668,-0.869011134149959,-9.091775355652729,8.18470979503966,-4.277780644602155,4.700328961912405,3.1970661045347097,-0.5058156987559381,-1.0494714736178248,-3.0064945119772126,-3.920479035905004,7.437148948541262,-0.22407929327043277,-2.5563194377416387,2.0684885453781128,4.37361904627336,-5.5397357097065445,-2.015427222282424,0.8499384288216457,-3.0267535179127654,-9.282824082058756,-5.76785603475015,3.848473854495495,5.112815433593393,0.9811632301112134,2.744710689075742,-0.7999624187638332,-9.33304175051716,8.797996277041772,-8.881683231002741,1.9511374793044487,-2.6356080971056723,-2.589720963050884,4.248678717455915,-3.0975623217668167,-1.4905854825814167,-9.25699166873068,-4.441866878625907,3.6803095999905966,2.8074467447439315,-8.214695535786486,1.0357788522776892,-1.2955327875094367,3.492166898588547,5.432003866033465,-0.9109854185542388,-5.330156573792537,6.979235795341151,2.7085918891366894,-4.7624850535290495,0.7146806276528528,2.8167313383293866,-0.4493604642411525,-4.801337451706762,0.32930037327996187,-0.7927581693616154,-8.04469492867957,-9.71457137607834,0.13037150236089137,5.080947200419902,-3.921403426722071,-11.447305713256464,-10.43423836230434,0.9042449287363156,-8.861760825225534,-5.196852492056354,-7.797993462323517,3.9706047390348984
-3.0037572431103863,3.3090531979866125,-0.8336337080165263,0.0,-3.4316079884258515,5.039560262299264,-1.97969241564272,2.741019966963487,11.380902232384276,-6.163779745085873,-1.4689423288520225,-6.6270505765896655,-5.1395389862152445,-0.31659528671724446,-6.550913369767304,0.4493778419195242,-2.4895581042335975,-8.13326122575285,6.568545198147048,-2.917637703686259,0.7608786063178327,-11.73546288113724,-2.0661796403581096,-1.8189625607104765,-8.435205450324471,-7.695215397367106,-4.792420948329519,-4.734480792245974,-5.261585793947697,-9.680651255389929,-5.849565886106291,1.5661860467493183,2.6081741135750702,-7.292066559468389,-5.668478077816055,8.892976557715432,0.9836703070225316,-3.789449758221465,1.0176714147995716,-2.5478123257019916,-6.053366316154665,-1.0988785548885123,-0.8844902258625121,1.2660506118124426,2.300015793309019,5.083983562050865,5.162792713404376,6.538060942175956,1.4521191238362148,3.498394330272584,3.637307284587111,-4.899707104507126,1.2309847320924723,-1.482643622865456,-1.420364633806689,8.399372203749689,0.5802645468845768,1.7071385912545216,-1.1819966481063806,1.1084807005303803,1.6191668711536584,-11.023281905468888,-1.3661992891592896,1.1813827454869588,3.2059348883527314,-1.4286324579952563,13.056721914506424,4.4016210427324705,0.03520599260010496,3.536725970376758,-6.899921770122146,0.14348936472073895,-6.896244019992172,1.132464122211358,-5.280030915838864,2.319932811570029,0.7578969367507266,3.962457177225116,1.7149741702005692,8.416071512064358,4.388641543855512,-3.7167408244281352,3.30862393976993,1.5422842673430583,-7.002965230926208,0.9599431620646576,0.5424181706632348,-7.023577924080472,-0.6618324327759706,0.3660678601353716,4.500649066109479,3.0603401181649392,-2.384438177460323,3.502279873589332,-0.48487657071941287,1.2402019436848133,3.6477072776280974,-5.56192289678426,7.877083932426851,1.7368550503926916
-3.1632978277495125,3.5444870145711076,1.603680223863987,-3.4316079884258515,0.0,0.9029341604991981,3.6398805906982736,-1.2622971863541372,6.488514119744172,0.08148857343352474,5.350215755960411,2.9421557718862448,5.33544537506125,12.39091254313914,5.621062090899588,-0.3152038948126656,3.686995333295228,-5.837316096390622,12.586814397534493,-2.4151392892705106,7.608874097614736,-6.2314055127654475,4.956371211796384,7.362010836654593,-0.2557330763414886,2.9496036539475106,-3.7233602923248847,-1.0956678413875285,4.114898418135842,4.833958064649823,0.46134573573194887,4.409032947369844,11.280280043183463,0.9887873989223667,-1.1120348721471611,12.509832521149717,3.755352991957297,5.577255512109938,7.587768876083654,1.3721096369348291,0.63102755708682,-0.13924871293279414,1.8073853790013827,3.219182639990721,8.609075737300858,5.312501803297081,12.472952319656494,11.431128055918599,0.05827335859040538,1.3976489477849232,7.338751679518307,-1.8823547812616217,9.3383331419482,6.6907934887703195,3.286944577033464,-0.3862146587280099,-2.8653803401702005,2.758315195863671,4.638771153827628,-6.157168359705511,1.1412008031237064,4.041159268280005,-1.829837850185432,-1.898241896328372,4.263434346863052,1.5629951397718342,5.750887101951665,9.430443065685322,5.3658734536459685,7.975427391025171,7.217702156453978,4.397078778957304,1.4539628172012449,0.05746906365698726,9.785929345279792,8.196319860208472,8.506040963545004,3.0594150422003783,-4.387868116447345,3.5941727557474827,6.042649375553585,2.5306845730513325,-1.0277581728814105,-3.335632606549668,-9.749414605308209,-1.4835092084870676,2.983348716640153,-5.044778867199615,3.5006217701581805,-2.302587567821194,9.320913944806858,-0.2015681757497713,-5.523456411566339,3.2287468132220303,-6.947165528960897,7.61956813395085,12.280759914929908,1.2817121986901832,-1.662762250439605,-3.627432959939666
16.81481659623105,10.154183142035691,5.0004103888554114,5.039560262299264,0.9029341604991981,0.0,-5.510214924990335,-6.22794892064016,3.5547577143634146,-11.027505511008716,-8.873295474873055,-14.231832421640332,-4.926422494837611,-7.030119664955993,-14.713106457639844,-10.051316973776762,-10.570012974690952,-11.014935287898838,-3.8863108151128665,-7.375722581658083,-10.547228091445676,-12.51151846586464,-2.8025022364391896,-0.6218415383128508,-2.8568348850672267,-6.229737990553963,-4.459052611866626,-15.14281536461306,-8.230743816052378,1.417208441384641,-5.202986727699007,-9.44620997809436,-8.593025672248297,-11.808325733542143,-9.097125027900615,-2.320184752642433,-1.66062555150039,-6.574862358627404,-3.93745774936824,-13.284256285952827,-3.529391294692368,-7.884801714335064,1.4204178287127205,5.17693659395576,-0.9580951740820146,-3.376936849167443,-0.159988527023025,0.1844458464558437,2.116693621849746,-10.829016104002571,-6.3498395599937885,-7.064359727990952,-4.105462852409157,-9.163752374441657,-3.528030753993466,-5.068650581082265,-8.055509643759692,-0.6634664908472737,-4.056138095414737,-9.914517147470592,-3.650802347342285,-17.95132826243164,-5.297319500307877,-11.28623707231209,-0.12409232192526932,-1.7546583802798987,-2.462488104737965,-7.169291903571216,-5.397638235736592,-6.251853869035833,-9.518054363718381,-4.133401273214943,-9.289919005489631,0.9429563527644661,-11.123404068124549,-8.837738276423178,-8.126286097856454,-8.060004809863468,-3.30811716868264,-7.312497635247101,2.698160409623328,-6.3013423268316835,2.9885942145840527,-7.9441191383350365,-3.7662328795526734,-1.3064885704136264,-3.2033575225488007,-5.684116120624349,-9.485385669031107,-9.059378275488546,-3.444591443602303,-9.216309698885837,-10.490203013845225,-14.313518060692855,-12.3806447452996,-6.706493335538282,-11.193709627962123,-12.541457026190644,-8.670843571374364,-9.20501291844181
1.0512680962259568,1.7398022492161371,-5.87161506686639,-1.97969241564272,3.6398805906982736,-5.510214924990335,0.0,-2.3574875121841004,0.9174632657993452,1.899801421829948,0.07051006584130073,-0.08222367273996889,-0.621422801500633,4.029059273282927,-1.1752502608614668,-0.5021321314774136,5.370849291307502,-4.040440077995307,0.3115994451519442,-2.6125411737799342,-3.5897872448343784,2.7655006275451455,7.278704299682614,8.080069705398966,-5.664045813235229,-1.7196843769617656,0.5132667964608193,3.4344308032302777,10.392976838037699,-3.9543299617206698,1.5086956238233815,3.465000327816789,-3.736496056233112,1.2217701159715075,-1.5453076332976134,-0.9086478045448979,5.853515923249585,-0.5141595121155249,5.899878685969864,6.991754375980222,-4.265534170878992,-9.036787862405257,3.4007683562484705,1.3934095595096785,-5.43915235175662,6.677677234342919,2.37551622016212,-4.993867603208264,1.155266633528914,1.4525521952247291,-4.3160414397974955,-3.4993923151353057,-0.5676063129425902,0.03962098180626986,-2.869481569692156,-1.4577418238688693,-4.138980114136414,0.20060942666655107,8.805081320119676,8.040267730311669,5.101138581321742,1.218516141329399,0.7990994989992346,-7.303254951492539,-6.001590023071791,7.392965528133804,4.786514858442377,3.1607115443245695,-1.6508509364097623,4.543551262835854,-2.2923768710621215,-0.5756298256288284,-3.7652135232455817,-5.864842553188369,1.0419758584725856,3.2074071554919814,4.378718543174976,2.0210288437861323,-5.76396890330474,-3.462762692089401,7.503472287722482,0.3726300304146236,0.34235482497831854,1.7970087296207224,1.1256838957411173,-2.190114491338666,0.5841779626439194,1.3361050175474196,1.6762811090052432,-1.0606265380801037,6.25102259916814,2.5432850850528643,-1.697725034853823,-3.4440243586057093,1.6075324092874748,4.542675271108259,-3.8990057935593665,1.5653560486950453,9.477994251655,5.477947883161675
0.45105120629607975,3.257070989550195,8.737435715717808,2.741019966963487,-1.2622971863541372,-6.22794892064016,-2.3574875121841004,0.0,6.564050602932002,-3.852669668796632,-6.397362971377668,-3.3670605307659307,0.8193916822373221,-5.896724121033288,-3.5968341655983624,-0.194890406778207,-6.317100423118354,-6.15402246135748,0.5685091705046975,-3.701121952426619,-7.164708327400239,-10.657529266108485,4.952972904807703,-3.7417510012107726,-2.2315489792264778,-4.013233058627652,-1.0887906707125528,-3.769293648692482,-2.6530839725596835,-7.894600920313515,1.715520932280162,4.687033621782025,1.0887928270429703,-6.23421921923932,-6.48394224942692,-0.37579300520734504,-8.495261236352091,-3.539778306501402,1.0384871559184623,-0.5309308108669907,-6.73708369930474,-5.311049246074055,-2.9815538970645856,-0.2979741008038237,2.7583592816565314,-2.767039657795036,1.2139727620344616,-1.10462673682141,1.4045982415227307,-6.178183905910662,-0.6484570222155228,-4.201734933058451,-2.444997916114874,-4.5738626252476235,0.5894280737582355,-1.2538360540042126,-3.3581054131015993,0.022110491456847903,0.05236198811713597,0.39330219102228414,5.840985283798836,-6.1471810245948895,3.288985159518194,-0.39178467158230695,-4.704301806858512,1.2094323568789906,6.498118403958187,4.354398562160439,-1.7988370556843696,-0.8968654021659448,-3.471299848917888,0.43536299155863345,-7.109267707982473,-5.908182515251188,-0.5579930138286339,1.0167972476251128,1.86833276758114,3.1775722066767904,-8.95437156245425,6.599479568651208,-4.010426579836522,1.8925623056916556,1.2713513543918022,-0.30048071626935924,-0.4474637271806994,-3.3285855656442846,-5.876855231849632,-3.134502495722341,-5.744941340525723,-17.874840099837797,8.513263447983054,2.840538606770548,-4.34981288792609,0.7682828732275541,-5.2238431619009855,-0.5421824922831628,0.5022757460941324,-1.6385382733334508,0.6309759130854813,-0.5721170236838298
12.1042462962897,10.654120148227658,5.034305026322976,11.380902232384276,6.488514119744172,3.5547577143634146,0.9174632657993452,6.564050602932002,0.0,-1.5068045654189934,-5.3278612725625365,-1.279692680992222,-8.535478270976068,0.3804402199669312,-2.1050826504303344,-3.5687024796872526,0.4486845532841381,-12.494939463248828,2.4769241774523585,-10.33509508084722,-6.919208641939012,-10.809266930921307,8.037819002163646,3.643642851029236,-4.8298326088222785,4.197157451732863,3.394461122209617,-4.307409589023656,-0.05930617285784994,-0.1288115343827725,1.834716500830172,2.1712169612886982,-4.13656147983144,-8.97972595527911,-6.365525081482577,-3.60088272405966,-4.635453946051005,-4.177715813324646,-0.7567656151278035,2.362852710638972,-1.947359578379653,-4.102035209102029,-4.602645028375971,-0.2036345872721486,3.5777105324630933,3.435417060313134,1.2146136502547935,2.305446281866771,-0.22526349204832247,-1.2072798719118796,-3.195218898104323,-10.160318963431315,-5.0232502585404,-5.818127497184478,-0.7917820854026678,-4.757367875526149,-8.509451385012206,-0.8771305102638064,-1.1387839491118972,-3.632354154351345,1.2447787481120265,-9.79939282743739,-4.545336781589302,-9.523250792313492,-5.182128183745192,-1.7026522773391417,0.5922386137598263,7.81916906384601,-5.180158631562113,-8.502060199062534,-0.41036656890438816,-4.636736799702112,-5.995876898616359,-3.8732170519926816,-6.555850612598364,-0.6491500754343161,4.097680241446067,1.2836704499801972,-9.913155090677817,0.21565171766028643,-2.433571175956888,-3.8306066973939696,-4.429679940228404,-6.865132305937177,-6.38332816549912,-4.85529837502673,-8.883519489323014,-11.35946171005885,-1.8031761089337648,-14.537714117384239,-2.416480967149243,-4.895017644734381,-3.8127110703449034,-4.844201245098528,-6.976024537315197,2.4167641081552436,-3.836830563088708,-9.949914895407469,0.23426874476767567,-5.032281590963692
2.1918048563174244,2.873670580845294,-2.9984377115192653,-6.163779745085873,0.08148857343352474,-11.027505511008716,1.899801421829948,-3.852669668796632,-1.5068045654189934,0.0,1.68798069720393,2.315648017274856,0.7485232510662044,1.73800530159957,3.9204814608799,1.3526622979314615,10.727790766870134,-5.416003513668749,4.2534013792500005,4.102653636016286,5.2763532407307645,-0.4750658134297884,0.8059904502532285,9.582859918046577,-2.672965382652988,0.8125678476875896,7.126576992639339,2.6269936830119436,5.376026614889136,-9.523064148091677,-9.970149967343666,0.1303758534022237,12.330012305543937,0.5732401517987794,1.3908544377719545,-2.396636263348753,-2.538647278995777,-6.383146198441976,4.224483559877986,-1.309727395685904,8.03484442186377,2.478265648385325,4.110678092862233,0.6340229167437231,-4.070329648704078,10.515212067286878,7.971987666531422,6.719695195792156,-12.01498527189338,1.036921930335686,-1.2561452793888248,-4.201201338762598,-4.031329487954139,-2.5129691775056946,4.442666502773725,-2.384553216049468,-0.834280675927265,5.6443094348235805,3.61858748281516,1.9877810661448636,2.447695719294145,-6.162472845249385,1.970311685846588,-0.06575112305175969,1.401212470332983,-0.02559425958409834,11.593550306236441,5.007467531987899,-0.6110322717770279,7.271441991134939,3.5298474530607833,1.6252849133294178,-3.021341415487292,4.427041932278764,13.125597588727135,2.888566206833836,-0.35080205254943625,-2.2309036835803955,-0.12224037761684269,3.3910419807724983,2.588458895143527,-2.476209384378789,17.04493278058898,-0.510192223836992,-7.308884012088994,2.031884284577229,-8.26602836685561,4.056012000547296,-8.383994046819703,8.437736832210424,5.744696575515925,2.4650678503789125,1.4148779353034175,-0.012573849331966392,-4.865810399002652,-2.824951685410382,2.7945587206623044,0.6299865106514758,-2.291463750487888,-8.58520591032431
-1.3473771847824692,11.405126516973812,-8.078777334244382,-1.4689423288520225,5.350215755960411,-8.873295474873055,0.07051006584130073,-6.397362971377668,-5.3278612725625365,1.68798069720393,0.0,0.7612627297621507,-8.235237768370272,3.845292885890628,-2.719068177170665,-3.2916994062209715,-2.1832870675686857,-6.3841818412204265,-4.4727757921272975,-3.6770284461175855,-5.231070997346763,-6.701215522491828,0.6053309460328925,0.3897561860454367,-2.1931344903485135,-1.257547984079734,7.825310962156785,-6.566363496039424,-5.04450408996208,-12.013701946696951,-3.999394929879593,-0.009147224048794264,1.9172547941060127,-2.51566723832836,-4.426081134877657,9.244781649485713,-0.26380101323869004,-0.12040516639332124,6.583206979447781,-4.626354045042835,5.4629487112099495,-2.9781963498927375,2.901459055598788,2.1502299306257235,-4.013736423123044,13.211914178844467,5.1721788651097675,12.58568476636018,-13.227706912788735,-2.3173699454115417,-3.1620372382818407,-6.356886543021234,-2.490458551580045,-0.969588170156008,12.057383203403512,3.8527024466790745,-1.0871354106825504,2.8648937911133734,-2.4170728593005077,-2.194690262719639,-3.0910333440026214,-10.353690713637464,-0.023864605519451805,2.590735608966096,-5.112990396008511,7.883684512379903,9.80395234301067,2.065240027378624,-9.371099291818362,2.7855082784821383,3.3154215126087,-7.682804882438002,-3.9391925650653152,-2.7394715001029843,-3.149968520077589,5.064526198085812,6.355806213732508,-0.8558568548762823,-6.080356411762432,6.480294873799815,2.850551550129531,-9.077185827178551,-0.21003756395088716,1.0924663308009654,-6.796810508849949,-7.393585480179596,0.3421397208407842,4.039079298742369,-1.5641178590970268,-1.3500562649447267,3.032689760616419,4.035096347655231,1.0681187949918607,1.2184072301810331,-7.420065203012019,2.3250429831412465,-1.221554848327901,-13.834475083256512,-0.6411857997397536,0.5975212061479394
-2.741728184419362,3.92470721541164,-1.787028646073738,-6.6270505765896655,2.9421557718862448,-14.231832421640332,-0.08222367273996889,-3.3670605307659307,-1.279692680992222,2.315648017274856,0.7612627297621507,0.0,-5.7399248596506025,-2.630614213818172,-1.3037601449787255,-2.3748136176303087,-3.3753488289823705,-8.215518903362577,-8.682347570747742,0.7345302550601621,-2.465759526154028,-4.7764171689893855,-4.1601543807679935,4.731282807313856,-6.624079956114627,-5.761514426328346,-5.3292056284474185,-5.6693662693380045,-7.327028648367005,-10.170343085088744,-6.533605176395483,-3.7196459104226234,-0.5169984088095584,-1.4291220645439806,-3.1399001425537647,2.851055125169904,-8.355995087334806,-0.2207473166822172,0.8478998689231033,-5.66764102634538,0.6019857020625288,2.9080257853614806,2.285147531200973,-3.8144253318918833,-1.182534007168281,5.036942941402272,5.334700095289547,-2.6790788797404,-5.640054737515523,0.7077974127201365,-1.9789291869946897,-5.0175325391096655,-3.827852868850416,-2.1539756623971646,-1.348527727751482,6.143668818874708,-6.00771364789032,-0.19965682049365385,-1.1738488183121758,-3.568671714853623,3.612333230471536,-1.9098604205650875,4.214029055448815,-3.434302613114906,0.24161738737132277,0.4062095113741486,0.23376535082757663,5.593146766723643,0.7237475919677798,4.061700806416003,0.9424269702400938,-3.401753207479266,1.3405767820527188,-9.503060962018198,1.430305339381135,-2.647749270850236,4.854214717761888,-3.3591855930745425,-0.09305952836798646,0.9849499666741656,2.87606559644396,0.961557878281737,10.294001358218209,4.360192551350555,-0.14022155397540637,-1.1112000245421532,-4.454911801270439,-0.011183882266816455,-3.528826928325206,4.536506220267563,6.057990561148488,-5.748254942413669,3.8847340395566023,-3.132462441760138,-8.210334603276602,-10.642517576188151,1.8306190679834449,-0.7616906710391886,-0.7682000019315037,0.5568572993605205
6.260940033975281,0.32804474581409876,1.7954751085388923,-5.1395389862152445,5.33544537506125,-4.926422494837611,-0.621422801500633,0.8193916822373221,-8.535478270976068,0.7485232510662044,-8.235237768370272,-5.7399248596506025,0.0,-0.08782229952617769,-0.43247695330326685,-5.103507160705198,7.393074073749126,-5.09697434648516,0.3470808728481688,-1.5045598948295649,-2.310061140020795,-6.108706327478396,5.330873678326849,9.067452560581252,1.431232109569514,3.5756667087924416,3.010974435503133,-1.8757433794534124,7.555265972687015,3.8430242355517423,-6.6654632941301095,4.936511746096339,8.055431308614418,0.5684604739673722,4.737349235219709,8.541684122164215,-2.8679331663796592,-3.22410968173862,7.116769555205628,-4.619213427122308,5.790319697513174,1.6414506411214151,5.400347673615582,-2.4432890208220748,1.7395440217884854,9.458460615673625,5.523368598667743,7.421653983069644,-3.1686156719780105,3.1683088679999183,-6.652883011456464,-2.7682813210675334,2.5757990988239228,2.6374990897725765,4.185563255126051,-0.5483850157103864,-2.298887941638016,5.1012208388965385,4.860746963039563,3.2376898700884422,7.368576386900933,-7.54636562377405,5.096613125959968,-0.55650356988296,2.112457252793517,6.820604005562183,2.641188517803385,6.658872110535599,-2.4648258434071715,-7.430179362438418,4.097229192981056,6.683012990660264,-3.1317468274938367,3.9294266929019575,3.4766235091852975,7.568145466059606,12.446863160035267,7.084398874191908,-1.793375701509552,2.6244426693700325,7.830776600249982,-3.436472756535325,10.726872682147516,3.5925565766532546,2.9357139710895495,-0.005220718663760931,1.6132531908722823,-1.3724127896795135,-2.8285650107589753,5.434143985676132,-3.3871471005984675,4.080425532699263,4.4824737870281535,-4.231552328454079,4.357303515918806,-4.017990470876673,-2.451520787475144,-3.1025928440039734,0.01507052617700072,-0.3376263670097414
2.360991417014701,9.951410039498553,1.2831874060245179,-0.31659528671724446,12.39091254313914,-7.030119664955993,4.029059273282927,-5.896724121033288,0.3804402199669312,1.73800530159957,3.845292885890628,-2.630614213818172,-0.08782229952617769,0.0,0.2343172761902771,-2.2857993897508475,0.025839881280511456,-14.268768495232724,-6.212549572331112,-9.422140704019924,-5.821747078275326,2.217529251160568,3.9743651066794454,4.710623472866438,-2.687758519818892,-3.788387971554176,-0.5535189450472373,-1.2149324270814559,1.1969722696654912,-13.522077675763436,-6.9080661204724265,2.3432109857105416,7.565375054929683,-4.1920458026809415,-3.6457662670571,-0.23632189315001229,-6.235143891505933,-2.377696523896153,-2.2122623542256377,4.240512250142609,2.005205209349288,-1.1697334799694543,1.0094825215579453,-3.5384563673410447,-9.6463082023486,0.8765661144238295,0.9080761876461632,-0.4520424349926224,-9.886018162584593,1.343928442887642,-13.709741471729073,-8.436685759648318,-10.384688837009218,2.155066843428579,1.97596927514004,6.850157337368903,-5.451949876924971,-5.848722763632725,0.8709187400480902,-1.6139058213767703,0.7349397074846312,-5.660449621624768,4.231257667819399,-6.455159267108368,-3.537899142726172,-1.6129367047572343,-1.048233115159799,-0.8119716614644018,-3.759945310712108,-7.354165716984747,0.8750234067445757,3.389783890474482,0.13881519655591706,-9.635649874152659,0.21966185662070417,0.2870439195746647,-2.985632576584951,1.8768542741723688,-8.581771858048704,0.9261422287830728,5.298555005791705,-9.667453952278125,6.410339716748729,7.36834164642788,-5.940004360979294,-0.8613243657601906,-4.1677321405929195,-1.0947855769535688,-8.455605480169313,-4.414522551543184,-0.4825530117366057,5.25747466372767,-1.430204343740696,0.2902774633284064,-4.180479572428881,-6.95675740900231,-9.101372958780168,-9.355957241089945,2.225208186271064,4.076075563831847
-5.304707289817769,2.7321185855905075,-7.8860424000637295,-6.550913369767304,5.621062090899588,-14.713106457639844,-1.1752502608614668,-3.5968341655983624,-2.1050826504303344,3.9204814608799,-2.719068177170665,-1.3037601449787255,-0.43247695330326685,0.2343172761902771,0.0,1.8178422056598744,5.986478448233953,-8.610645890583337,-0.8211547357237493,5.246189467037489,2.3323136921901093,2.0729172856847384,4.0445828059179405,11.9584650151417,-1.0941374086059958,0.3970528426596326,5.810729923667627,3.932296131774781,7.759386275247837,-7.844572713610934,-7.401078859926191,1.963315193526936,4.0062514384543455,-2.581016805099769,3.522524626554352,2.6697347793512662,-1.4746844342042804,1.0379394941424607,7.472767405217941,5.335870117127853,6.029262446976567,-1.7445843840337008,3.367686885857785,0.32864523356194353,-2.3641100156502755,10.586219826837988,7.398808933178357,0.25414121455755456,5.173538848292111,4.8168900172164335,-4.307229211059456,-5.678745733822504,-2.415467400912551,-0.6167298351232036,-1.5340134314271672,7.725570518414214,-5.0142121707527325,1.6065036320950448,-2.2802137214891047,1.8420255972980848,-0.4593523921266848,-4.377359842631714,5.520214518548296,-4.516956566163236,1.1025809042980375,6.19480757557456,4.332864931735861,6.471173759797964,4.338153226784096,1.5173696386745177,0.6957015279899936,1.1654668312588539,0.3134841843104037,-3.511670922351801,7.986251290120032,3.1639274086004794,3.2409507806475912,2.2257293886673364,-1.1816417091273275,1.9348808799435768,11.011129139051503,-0.756011674012424,8.99749772343932,11.227133734040885,1.0647437390780397,6.3754605720256485,0.17695971678226968,-2.366401289673571,1.0619753060527355,3.1616595508388543,4.847239140100601,-2.7440108620808585,4.145596330326546,2.6104946205435584,-1.343146135357216,-5.135028779072064,-1.3204345976161407,-5.67346272981966,6.756606601361324,11.223447252673626
-5.834257548613867,5.263343392179369,-8.549962699414731,0.4493778419195242,-0.3152038948126656,-10.051316973776762,-0.5021321314774136,-0.194890406778207,-3.5687024796872526,1.3526622979314615,-3.2916994062209715,-2.3748136176303087,-5.103507160705198,-2.2857993897508475,1.8178422056598744,0.0,-10.03163438857802,-0.17072281815836357,3.009476354074429,9.98547244237214,6.296409218140067,-5.204787307181537,4.977205216421041,5.932226422633869,-4.009607504075642,1.8048189973958888,2.7299727480647222,5.946011214297331,-0.07456159808569934,-1.5794140265723464,5.659313852352267,1.712803330945321,-1.64104103054455,6.664228388708263,0.8804954573025534,-3.0057917585075087,-1.1416597685344403,2.609596258959429,5.806834806536199,9.326921977419577,-0.1031172663569276,-5.419899106423718,5.942458801436242,4.704488497017492,1.6194946710213605,8.81814285827951,7.244913740215315,1.2643696984227832,1.4540064948345597,2.855104649673811,8.545478201123426,0.7247086009576839,3.2742190952879158,5.72255863524359,-1.5901086572641343,-5.114996318548702,-4.999228818423699,4.946589847873079,5.750130190514388,0.17800364741969468,3.271691254938982,-2.3729714121635896,6.871418697004428,-3.076815253813262,6.068616879150654,4.988912643600178,7.891445303293283,4.252772705592446,7.459041561036355,3.9810750757404696,5.727736785387376,0.08625409664143646,9.011394587149782,-3.8386654615637377,-3.5410350452626878,1.4455242770919123,6.25679070090356,3.062497347532447,-4.5758429139424255,1.3272419411022092,1.642929797297824,3.3269768240803153,5.030444573536937,6.893651131194272,7.421122496176947,4.306153001318322,4.507972179387831,2.785744761516821,2.7255262892623344,-1.3598562906079827,10.88475031546884,0.21413899738827308,6.937277998035633,9.7298314846438,3.1769856002865775,6.65213914050029,6.7518788734232285,6.229767950133108,5.537964199544969,2.976477444698945
5.110916127110376,6.114036084847528,2.739274520466645,-2.4895581042335975,3.686995333295228,-10.570012974690952,5.370849291307502,-6.317100423118354,0.4486845532841381,10.727790766870134,-2.1832870675686857,-3.3753488289823705,7.393074073749126,0.025839881280511456,5.986478448233953,-10.03163438857802,0.0,3.3033707860862584,-5.808498494447129,-0.9045969123200298,-1.602037521968158,-6.694938826299984,4.3050999840711,1.993879795565844,1.5347268575472783,-4.6368213892284125,0.40301445709559885,-2.4144233836081086,-4.601329709379776,-9.21392928988996,-4.888751613837857,-7.080492281380032,-3.017993349102223,1.5619391400969012,2.0076560489463087,2.416004425532419,-6.134023806041115,-3.6373552231890094,-4.737084297356286,0.952103890879228,-5.89498016443152,-5.612534703117114,-2.610008570216784,-0.8157836101491169,-6.645095344501498,-0.22825486107896847,-2.2840871305493926,4.381189839573754,-6.1099513710774165,-5.606663807800638,0.5154032897857078,-2.165939098451304,-5.045773623972247,-0.7649067814178812,1.9818038447525208,2.065302690639639,-2.3481236963628422,-2.294430753905562,-4.991515932954652,6.444606320634914,2.8536955116060887,-9.916178602180848,-0.14162065958191544,-7.24607420252196,2.528876059192162,4.063825993347907,6.810577934435722,-1.4374308287447908,-3.251806655861957,5.461785274360132,-2.4102189430293968,-3.5657510082562727,-0.595658687302962,-8.166960303539131,-2.8865575188627988,3.5032709332404095,1.4273483492202812,-2.303329573597508,-10.224625515145908,0.7745368227466934,6.664792420878497,0.994694766839136,5.283536381703388,11.12747121867758,1.6298104974014727,5.00393333853609,0.7995659791393738,5.605311608458146,-4.629180020630735,-0.5019138452972212,5.248749455980312,-2.8283408323409045,-0.22676586473842397,2.80550382847592,-5.9652331453396075,-6.568958358989517,-2.4153210304926014,-8.293710690884371,-1.894294186768864,2.5349310396607967
-1.4036743721168377,-1.0937103739520715,-6.378336870373727,-8.13326122575285,-5.837316096390622,-11.014935287898838,-4.040440077995307,-6.15402246135748,-12.494939463248828,-5.416003513668749,-6.3841818412204265,-8.215518903362577,-5.09697434648516,-14.268768495232724,-8.610645890583337,-0.17072281815836357,3.3033707860862584,0.0,10.104335695119715,12.307019894173084,15.445386307551564,-5.3303972823524255,17.06811870973444,11.606545931749263,3.322079205882301,9.946974750663706,8.8488069807456,8.914571837520906,3.5915710067536435,10.732255861562477,7.983132160035536,6.158039015392664,-1.314620886076087,6.2126210747825885,6.6995319557740025,3.1444163497884543,7.2546437053783555,0.03769586323039876,2.5467225433077716,6.915611472986974,2.602776824420723,3.6545524346745535,14.16088567494695,10.245095144165864,8.690012585360584,7.826281129709319,8.62657001118177,12.22990356791186,13.026259159791216,7.276957703013768,7.7912008357538305,6.526371269802572,8.682873752471128,12.964585296011318,10.41064610539221,0.993353671949575,3.7141750316990256,8.89266399101955,9.826033447643955,13.500781743627316,11.690027622272495,4.687722187712406,6.2068187737706975,2.4980886221484324,14.518100838840018,9.21547807620581,12.426354376926305,2.626476114570864,2.6266446048150187,3.782676067103493,4.721700088008843,1.326069212212666,2.393600133055163,-0.6370519035624068,0.14566342624086115,6.319349491227599,9.297832118089634,9.0307883594297,3.414287430944465,-1.977251218926446,8.82784900588603,8.056960143245583,5.2330187669365245,3.21362353337757,7.345357752122739,8.139958186509181,6.813104734374191,7.7576978338273825,-1.7582210465661958,3.207373953801208,8.493551825226865,1.1993745711095074,9.491079837955672,17.687063543114906,12.66231532743514,11.625320225886298,4.984892641658877,5.899658786453585,3.1710479298882848,4.636590747201113
-2.8212258700540342,7.327981775246785,4.049017131834582,6.568545198147048,12.586814397534493,-3.8863108151128665,0.3115994451519442,0.5685091705046975,2.4769241774523585,4.2534013792500005,-4.4727757921272975,-8.682347570747742,0.3470808728481688,-6.212549572331112,-0.8211547357237493,3.009476354074429,-5.808498494447129,10.104335695119715,0.0,-3.218343291881697,2.764498919851865,2.370274339209264,0.16643226977032444,5.247102531172295,2.9191645793583048,-2.1658498217580795,5.220205870902646,0.6235782457083217,4.619391981969093,-1.4836502227120032,-8.346509193699232,-5.955531512906195,1.9457597852131547,-0.9599089652310377,1.4866897677195143,-1.3248671270631935,-3.834924858967649,-5.469334010596853,-1.0061662095553807,6.598970235048136,1.2026458281818335,-2.547433115807592,2.539445258751428,-1.6497588271166574,-2.7542351741015927,-0.9400170282069696,-4.051313753166235,0.87092708856035,1.469905533344726,3.580022021343917,1.1804488530192991,-6.640837689755487,-4.777742326928809,1.617822960474259,-6.9649496261387585,0.04257820028554511,-2.4057767356481823,-4.739984013548128,1.728142973425336,-2.2469873612892615,7.549554114750174,-9.569985930270812,2.9116133600531726,-2.8341027091865167,2.614467077084368,5.618961853217225,4.255830190650774,2.351378085824525,3.0712023642705644,-1.3845914964121355,-1.661509648495102,-2.4724080411793903,7.244949017341005,-2.9490826689573866,7.794725267449219,-3.404955089499392,4.460690839916673,-3.590546367597274,-4.071605757692466,-1.8200901831600635,5.412607356135183,-4.6520258810446045,6.263089360225571,10.438660272202348,-1.4826963448739374,2.7353693775942047,-6.693743455474595,2.9759545183368687,-5.547863037872808,-4.312788746654792,-1.4365175718600103,-0.3981956180134896,-0.22755796273057463,3.4254077982417246,-5.792274949310466,-0.618995962709518,0.1908311868752993,-10.960875855307751,5.787326333154039,-2.390676477854578
-5.541085084892497,6.880778536959292,-13.738975013179973,-2.917637703686259,-2.4151392892705106,-7.375722581658083,-2.6125411737799342,-3.701121952426619,-10.33509508084722,4.102653636016286,-3.6770284461175855,0.7345302550601621,-1.5045598948295649,-9.422140704019924,5.246189467037489,9.98547244237214,-0.9045969123200298,12.307019894173084,-3.218343291881697,0.0,6.365855308886696,0.6762819119961536,4.4861709260548,-0.42064396680785576,1.442013353357786,-2.0874581142471222,1.5940570476366251,-7.33490936909975,1.3648856501573434,3.361079551695612,-3.0844018693009905,1.5166180268130318,5.6743309517748175,-4.470759690702754,4.281714401559907,9.563235194798617,2.2615262100136873,3.4961077170834756,2.53533367128976,0.16476615678357015,4.79767874190895,6.525668413144511,7.069513207471789,1.4551649962640727,2.93978619267114,5.819576062145247,6.429081294027135,10.366738004647258,-1.5631737600188138,0.7226636068576022,0.865350360475853,-2.702277380437544,-1.272756342844536,6.848031004989954,1.6652551505463686,9.05617198880772,-3.784970735475514,10.249274747210684,4.976717497124447,-4.4090726718061966,5.799701925675183,-6.1341403850018725,5.857731473761438,8.721294390995812,3.284651981115477,12.57750345411068,0.5901143220714001,8.317024718336599,-3.04803554329718,2.4808717121190047,3.453036246119874,-0.49632368285897294,9.67609795062008,4.954593545553289,1.9421091922433873,4.720367149641257,6.470980897060532,-2.2752283692644633,0.49731435708403815,5.982967888560112,7.746406815852015,4.206224576841937,9.773933631946399,0.0751936527233832,-0.4554105839965529,5.8142806857001945,8.32807164111133,4.333997974018664,3.1023698548149214,3.565567190823396,10.435816352741368,6.87135624422084,2.431664979276685,-3.169500160726907,4.009019816243463,-5.49051012283556,1.1578064330337539,8.792836543825665,8.441296873931478,4.972612577828174
-5.015696256062821,3.816753557520929,-9.152119088155578,0.7608786063178327,7.608874097614736,-10.547228091445676,-3.5897872448343784,-7.164708327400239,-6.919208641939012,5.2763532407307645,-5.231070997346763,-2.465759526154028,-2.310061140020795,-5.821747078275326,2.3323136921901093,6.296409218140067,-1.602037521968158,15.445386307551564,2.764498919851865,6.365855308886696,0.0,-3.133545567540007,3.432571931726726,6.556818140234916,1.6306793080561814,-0.8257259062531822,2.20291970675134,5.861885138996113,1.954046971339864,-5.656925824475642,-5.6707902337038725,1.5059695573649412,8.225779493341092,-7.444090097137367,-2.815294898424457,8.351876227852191,-1.4415700391029769,-1.0031919510158802,4.8716716975807595,10.882021881667987,7.022659050157133,-0.5612119031541377,9.32864344349736,6.219374101718972,-1.2056629875743283,5.883656057747616,10.626813064944638,5.036259811582908,-1.4989439197008159,6.258112232565109,-8.344131738495982,-8.076614244405983,-4.834095592500236,3.8555380400318735,1.7707483795532457,6.599985593606696,-2.006701580750172,2.130235558889922,-0.9114679477231171,-0.19373600960030543,-3.2842954067421926,-7.374980280265386,3.955354981134607,-0.7454826193828981,-2.1506108269093582,4.146772167182629,3.5907367925145977,-1.105207959797298,-0.046791893395001775,-0.8914972245388424,3.7029636200082248,0.773334392522251,4.393640192159146,-2.278979265752113,0.35709552316264903,2.732227570271972,1.9077667962652527,3.899611389720593,-3.686521860491164,5.854654545610516,8.761810712629678,-3.634179039894736,12.885800248156196,8.780543413807393,-0.7445904223273809,5.270288514769916,-0.1747415181955511,1.1579534649008332,-0.05273855419318284,-4.052451198724384,-0.7669356338681531,1.1717339924220127,-0.2369506438989765,2.274378506434351,-6.633657634981163,-0.7684135303881888,-5.721640185426822,-4.145546648661796,6.29353729848714,4.78098251785378
