0.000000000000000000e+00,-8.974812429865537400e-01,6.682247734319638255e+00,7.489535947597382837e+00,4.538180687076536657e+00,7.296055846323188376e+00,9.791410869347223489e-01,8.290735173599129482e+00,4.045434806350109547e+00,2.517103447941029248e-01,3.114093303325227852e-02,7.409392545330427460e+00,-5.180510358780377800e+00,-7.420676684298498360e-01,2.948938281324056998e+00,2.818893131389537121e+00,4.472476910419542762e+00,3.071835332145934405e+00,1.251664972458814518e+01,5.901477192487741164e+00,5.311889235425026001e+00,5.391802452136219337e+00,3.486758109688601337e+00,2.428741314811149188e+00,1.616929809066106838e+00,4.984803386338649389e+00,1.586002332127149694e+00,1.216115423135059936e+00,4.049482148180401531e+00,-3.740832801325724155e+00,-1.362325633651754853e+00,9.148491653433993065e+00,-8.418670453224326167e-01,3.830766255442043633e+00,2.100219747145510296e-01,1.063559104066029448e+01,8.873496044588778275e+00,-5.625645942305724789e-01,-5.407047640531219557e+00,5.371170087517418423e+00,5.473465303199781529e-01,-8.574491804839092790e-01,2.596010581262038208e+00,2.619585610013305477e+00,4.557719134004487027e-01,1.657844285726102429e+00,-1.427728092919520186e+00,3.477836236627553035e+00,7.678528581668913056e+00,4.142699659774272902e+00,9.768103781275022657e-01,-8.247041215597559205e-01,4.269589620381857853e-01,3.645515679069884385e+00,9.154129118807392551e-01,8.623881221812240483e+00,1.027247255552472183e+01,6.552104198133491764e+00,4.720265443523052440e+00,-3.157309247695909704e+00,3.943955034107468727e+00,4.619963544878292333e-02,3.131260820316217774e+00,6.052367297155528014e+00,3.922720506846854249e+00,3.494410113997827305e-01,1.314962881944325979e+00,5.405065357840082019e-01,9.230706220133560791e+00,2.153422862405094840e+00,1.832596248886808388e+00,5.409532232325108048e+00,1.420512666639754684e+01,9.497937012993455497e+00,3.763788460728780816e+00,7.700412400126814383e+00,-5.317398266697491493e+00,-6.835315454453005923e-01,2.235697316393092215e+00,1.041048046607960309e+01,8.358449340793132620e+00,4.068571714655512928e+00,-4.752961357767418349e+00,-2.012455907129865551e+00,-7.509533277088317860e+00,-8.604353434581484272e-01,1.016327031406327031e+01,-5.116256870404365387e-01,5.455519469977001101e+00,1.067116605016834008e+01,1.240867584538132284e+01,1.017157827814784632e+01,9.234693492077852284e+00,5.928497573490715489e+00,4.474044774758338505e+00,3.478963013031437512e+00,-1.563022712632342326e-01,-9.572354836634128228e-01,5.666205459256304700e+00,6.085527223423032872e+00
-8.974812429865537400e-01,0.000000000000000000e+00,-4.088484752450873283e-01,-4.350502812410903530e+00,-6.304621188626999828e-01,9.326276162331087249e+00,-1.864950937694172597e-02,-1.310954459037211972e+00,-1.104805674530065618e+00,-2.919436562329563944e+00,-7.713715809566317194e-01,5.740000481053593617e+00,-4.011532607400155825e+00,2.371021807851759089e+00,2.416851339960008893e+00,-7.260259897005651553e+00,7.068165785889367614e-01,-3.489343316778045434e+00,4.286440881966746552e+00,-4.035078386634083358e+00,-6.183620531829654432e-01,-9.780517355012238179e-01,-1.093916986809304159e+00,-6.536593936096167567e+00,-3.374568721849912301e+00,6.484836029922406375e+00,7.206795067524367049e+00,-2.272327162993476257e+00,-2.891539148932795733e-01,-3.983403017622377362e+00,-4.911195606563742544e+00,3.588548109242855944e+00,-5.602011377583441032e+00,-1.074253829824303352e+01,-1.678275220895763642e+00,3.035454904860045433e-01,-1.619510146288983821e+00,1.174771238089274084e+00,-2.738868140434471243e+00,-3.257185157409964837e+00,-7.168041066463116451e+00,-5.910014104020501868e+00,-9.265873800022362161e+00,-4.293980943178139498e+00,-6.236084009748299906e+00,8.030774864933241108e-01,-4.387241003711670473e-01,-1.293618356848621032e+00,2.419570504447777548e+00,-1.775411948450500654e+00,-1.941858087369422003e+00,2.026992956743120189e+00,-7.611368304837973220e-01,-4.300505889617381450e-01,-2.405896528160133663e+00,-2.324838913041059385e+00,-3.356208987119957410e+00,2.462299845895382866e+00,1.019785500486862340e+01,1.911573903337896230e+00,7.430417027576885936e+00,4.172507921294604794e-01,2.426199963387532410e+00,3.131162668932223170e+00,2.146188068114210257e+00,3.556196616520858278e+00,-6.773720789867332392e+00,8.285336995972453877e+00,-4.111850224640883900e-02,5.922150260715068448e+00,-2.197504808136309329e+00,6.634526354026927031e+00,4.394357168876751984e+00,-3.144458459302648112e+00,-2.858306235685783570e-01,5.595263748430533646e+00,-7.402020030816697904e+00,5.256455569220136459e-01,-2.462014504750134336e-01,6.142708534325378444e+00,-5.335811129804005404e+00,5.966715639101872526e+00,-3.438974831416794053e+00,-8.468673552188288767e+00,-8.362774493455246372e+00,7.517675461697088224e+00,3.279422810562205193e+00,-6.606536977892629725e-01,-4.291209458218389727e+00,3.848537426266027128e-01,3.080315808665520905e+00,1.087734913665352643e+01,1.340293698239608755e+00,7.882691545567019453e+00,-3.277012598835136625e+00,-7.512622539053880111e+00,2.414643213619733331e+00,2.404124146616719138e+00,-5.308225314219593649e+00,2.786335994523617909e+00
6.682247734319638255e+00,-4.088484752450873283e-01,0.000000000000000000e+00,-3.997540593445432222e+00,-1.064003655893619449e+00,-1.768192129050963235e+00,3.154954529225062032e+00,-2.037270308624635984e+00,-6.540500611016948351e-01,-1.189971606613922184e+01,-4.866925320829422752e+00,-7.796438286836138154e+00,-5.139887422859437116e+00,-1.101812160646189254e+00,7.303537262864851165e+00,-1.573138310418312757e+00,-6.086853420459356734e+00,-8.733292489449581808e+00,3.205690929777323950e-01,-3.586932661424881097e+00,-3.086716795569729666e+00,-9.187142583761430004e+00,-7.665821850681392435e-01,-1.600823223373192405e+01,-9.266506716954406642e+00,4.696335130097540222e+00,-9.631604337848623798e-01,-8.511843484896721712e-01,-9.791923733214863423e-01,-8.537099991150872924e+00,-1.832221895814936330e+00,4.096475065965581308e+00,-1.252292493434802267e+01,-6.821808781653235343e+00,-1.076725772934291570e+01,-2.299164959227766591e-01,-7.841814672618627746e+00,-7.081939496623383512e+00,-8.526995173769615022e+00,5.031661005559379118e-01,3.993867495236139153e-01,-8.099611946785591599e+00,-1.001077253309642501e+01,-5.175012135380693046e+00,-9.365480532107964606e+00,-6.064079098752348074e+00,-1.048963747895015430e+01,-2.815899868765328051e+00,-1.863307355382921360e+00,-9.734679733843570659e+00,-3.080656942908159834e+00,-5.073376575910801378e+00,-3.037696000976024102e+00,-4.618157820298247174e+00,-1.660372026006630808e+00,5.986540183213698990e-02,-3.233905785399035615e+00,-5.502177605566110685e+00,5.208963702307426447e-01,-7.197739697067520481e+00,-4.775021415087208787e+00,3.617108660733110881e+00,1.595774815447843720e+00,-3.531696256681499335e+00,1.485044821843036766e+00,9.584619651667388718e-01,-4.728876887683411745e+00,6.224753646003535756e-01,3.013245032299843640e+00,-6.632604600474103052e+00,-4.666296163746654457e+00,2.602957500436155591e+00,2.714574157111536490e+00,-3.607574902513343673e+00,-4.678324492692198966e+00,-1.562726084075135580e+00,-1.077648785849782165e+01,2.613018663866177871e-01,-6.220129459418690665e+00,-5.486148013299934068e-01,-1.270853035179826129e+01,-6.268508064178981432e-01,-1.000998492157491704e+01,-5.091905976014641233e+00,-8.194020307399192404e+00,-3.375085292580892737e+00,-1.080710279669047980e+00,-2.751433460952653398e+00,-7.229470365301995827e+00,-3.314749908918916965e+00,-5.355222670326403644e+00,-4.152516042878452218e+00,-1.058379185881911511e+01,6.534579811808630900e+00,-1.348030186857847035e+01,-8.771915677001922873e+00,-5.317639857880084975e+00,4.044299334722433414e+00,-1.663222495119041522e+00,-7.963134127902141479e+00
7.489535947597382837e+00,-4.350502812410903530e+00,-3.997540593445432222e+00,0.000000000000000000e+00,-6.727098834594984922e+00,3.741445709326624680e+00,-2.977649626302921959e+00,2.739398460740496866e+00,-4.331103527762527605e+00,-1.291141060282714648e+01,-7.959907643143367295e+00,-3.533959590421350327e+00,2.272924609034119303e+00,1.587072938041403369e-01,-6.046662098051969636e+00,-2.979387023802945400e+00,3.509700807812420331e-01,-8.210299618069422323e+00,-4.360434485564679719e+00,-4.457510117757069956e+00,-3.604075557559717424e+00,-1.631064476645090977e+01,1.771032313158613203e+00,-1.747564577451585777e+00,-6.353112012915842932e+00,-8.612477299597423031e-01,-5.218102116335906482e-01,-2.150930808756869261e+00,1.267200331435136551e+00,-7.788603685054358294e+00,-5.509273634001914388e+00,2.718028564361576915e+00,-2.319155115027370595e+00,-9.668696369457334683e+00,-1.365129281665470806e+01,-9.940066329617275542e+00,5.228708971740386957e+00,3.817635965759003547e+00,1.565900894045020530e+00,-5.585319263789957134e+00,-6.216186054403888273e-01,-1.087884437979550434e+01,-7.749765001252908014e+00,-3.892733567875529044e+00,-1.233819703888314656e+01,1.053836179344298074e+00,-2.344847461358873897e+00,-3.826832983183307668e+00,1.064759392933180449e+00,-2.837091633895501452e+00,-2.222429870330624002e+00,-6.693318189163115051e+00,-3.078123467611143749e+00,-5.016100370457355240e+00,-3.800570612982582919e+00,-3.592618478956800754e+00,1.276179064821592046e-01,1.831830157134420434e+00,-5.315562606208460217e+00,-5.496368138048538299e+00,-4.377566393894683827e+00,2.339961459745904637e+00,-3.672352238042660311e+00,-8.205357188832078208e+00,-8.214011219395583874e-01,-2.358622926812556919e+00,-7.583289169441328248e+00,4.883393710364716256e+00,2.708243279937311954e+00,-4.809940859863305107e+00,-5.627224384878486418e-01,3.481743261380708443e+00,3.447035255731655479e+00,-2.851782542404326826e+00,-2.003186347112795751e+00,-3.509838319943858753e+00,-5.531540107184111932e+00,-1.357443530005540078e+00,-8.810695486936197085e+00,3.381330039516476038e+00,-8.619913176527981946e+00,1.062477052158541824e+00,-4.585897467266697447e+00,-7.141564385541572690e+00,-3.581087401325764752e+00,-1.856688559777789835e-02,-2.411778193572787554e+00,-1.221765000347334595e+00,-7.710146425401078751e+00,-4.206496032392236017e+00,5.958386069100847671e+00,-2.440320158665550743e+00,1.939728123417672423e+00,-3.272625340749888867e+00,-4.421629583470529923e+00,-3.255467842219065266e-01,1.864581011178310932e-01,-2.608443383131404225e+00,-4.147118901194575713e+00,-5.706328799260830031e+00
4.538180687076536657e+00,-6.304621188626999828e-01,-1.064003655893619449e+00,-6.727098834594984922e+00,0.000000000000000000e+00,6.936268472845634470e-02,2.866101709260556074e+00,4.266289436450031225e+00,-3.882459440746758084e+00,-4.879930698414415957e+00,-3.490303197728089057e-01,-3.385014295370725179e+00,7.452868504043541620e+00,7.972875540405614636e+00,5.988480881000187495e+00,8.279421522187806914e+00,5.700587479638183908e+00,3.205493897951594562e+00,8.163265135805556127e+00,1.796828092911299191e+00,2.776563654395963976e+00,-3.415476449584467389e+00,5.372228542711475541e+00,-5.413395835896114283e-01,-3.720277533812341719e+00,9.198960496904581063e+00,-1.326787516512479170e+00,-1.903160809132193321e-01,5.238148828217461528e+00,-1.046749941341235779e+00,-3.135537210778915007e+00,7.050618335147027516e+00,-5.508650779977055656e+00,-6.887322625813669497e+00,-1.241310965833631430e+00,3.844546467344384322e+00,7.178708822857563732e+00,4.827707313570209102e+00,1.357107066383481664e+00,7.722818488935615733e+00,-1.673306910042805740e+00,2.051814076331967662e+00,-4.699204226564678955e+00,-3.188970814626922223e+00,-7.575056604545757466e+00,3.340188447263461313e+00,-3.755935056219406487e+00,-4.720168011982230460e+00,-4.793622799380944932e-01,-4.919630411467665887e+00,-7.982909105169441411e+00,-1.426125792515532176e+00,3.010986605430533203e+00,-1.159527516033084238e+00,-3.182426727463061322e+00,2.048414423141333263e+00,4.636159214805030793e+00,-3.128308396532394564e+00,-1.034217263540998938e-01,-8.194704719366393775e+00,-3.435095421273460570e+00,2.731403152593034456e+00,1.544982785300343942e+01,5.847895589286596696e+00,9.240081520690262451e+00,5.771903851531559937e+00,1.300726183102657862e-01,6.455992990295571055e+00,5.688351703557165129e-01,5.192482028515151171e+00,-3.358244131354144901e+00,1.396689297228566851e+01,9.086683836711756612e+00,-8.760709516023293730e+00,-6.114670341300901590e+00,-4.249935718216478975e+00,-3.875738708907787711e+00,7.948995329174921132e+00,-7.435544018872904282e+00,6.886935601007573737e+00,-3.285596310892851868e+00,2.848626098849676769e+00,-9.318399689212227832e-01,-6.791515343527841253e+00,-2.813939840123431235e+00,5.598089979884894873e+00,1.128849822411774717e+01,1.321432694556931908e+00,4.897566009690343947e+00,8.996474715929845267e-01,2.180267193683497473e-01,6.669731748838282570e+00,2.231118622447729738e+00,-3.319605095210843348e+00,-1.824294524658138239e-01,-8.509440070714495707e-01,-1.721434064213223647e-01,-5.163347851020480661e+00,-3.092596123717378909e+00,-7.550481842743781424e-01
7.296055846323188376e+00,9.326276162331087249e+00,-1.768192129050963235e+00,3.741445709326624680e+00,6.936268472845634470e-02,0.000000000000000000e+00,7.097565864728668572e+00,6.624078942543802917e-01,-2.319705789213528213e+00,-7.257765774579566731e+00,7.838397063229654016e+00,-3.134935058828777876e+00,-1.397689353825511960e+00,4.205504750598977104e+00,4.271116131155445750e+00,-4.480286619028007955e+00,4.228446569955948142e+00,-6.855379242918002269e+00,5.670429997702738367e-01,-3.288680526432158580e+00,1.368022922492162730e+00,-4.583174520374805994e+00,-1.670763536804285243e+00,3.895658199539206556e+00,-1.109563491653943146e+01,5.894738608284736614e+00,-6.029699506492914196e+00,-7.127435939786735730e+00,-1.212686328657816670e+00,-1.149235985845022334e+01,1.335536692141389148e-01,1.211161617111229916e+01,-3.305788738557152495e+00,-3.445607709156764731e+00,-3.440039111011737205e+00,-1.229927134379204645e+00,-3.180582631523269921e+00,-1.014763542581875733e+00,-6.232804950459242654e+00,4.193866449537598129e+00,3.290815756559822614e+00,-2.324916670936869600e+00,-2.883271744024344940e+00,-3.063547026804109286e-01,-1.211628731143354898e+01,3.513587622854144499e+00,-3.842347350970126918e+00,-2.314341619126115024e+00,4.185554603310788657e+00,-3.571937916753949782e+00,-4.598043475577846984e+00,-5.910962813216904088e+00,-4.218377917319449666e-01,-6.490408047010692627e+00,2.249463021818935982e+00,5.178793346417822185e+00,-5.831248501155145147e-02,-1.979623007182560235e+00,1.101464477791160190e+00,-5.522297885362257297e+00,-5.962616424004751003e+00,-7.734956793571478029e-01,8.017411903611124657e+00,2.351112953859605170e+00,1.238593056603785048e+00,-4.763928904305366752e-01,1.755507705481947012e+00,-2.870761356304507128e+00,1.654491147824447950e+00,9.233775580542055161e-01,-3.996653166927902845e+00,3.670334010987911011e+00,4.668192194877581969e+00,-1.072589709897448529e+01,-6.942752262460211377e+00,5.936103039432313544e+00,-7.403228778833446100e+00,4.236093772415512326e+00,-1.350508071689392464e+00,3.650997412777500895e+00,-2.652239615432933739e+00,3.096233752980316112e+00,-4.302552020379484254e+00,-5.964148446688469996e+00,-5.150755413611999955e+00,3.838555350282220058e+00,5.849244883912108506e+00,-4.671779312647360571e-01,7.669514060772683273e+00,5.019013868130230982e+00,3.031211401882889955e+00,-2.860671571799398155e-02,-1.266144170063349783e+00,1.625349291580766353e+00,-1.638354349007600907e+00,-2.916811274065509441e+00,-6.559900633114742696e+00,-2.044355667627550943e+00,2.528079079760459091e+00,-4.037781195745334450e+00
9.791410869347223489e-01,-1.864950937694172597e-02,3.154954529225062032e+00,-2.977649626302921959e+00,2.866101709260556074e+00,7.097565864728668572e+00,0.000000000000000000e+00,2.759125349799004923e+00,-6.328556239843853959e+00,-1.012576920333940933e+01,-4.302546203853496287e+00,-4.418512142686440214e+00,1.007105561187794152e+00,-8.466424343927794194e-01,3.767544546794955540e+00,7.113488468459692626e+00,6.612858152029179593e+00,-7.182806772395305295e+00,6.371713296616327682e+00,-4.434424555632999088e+00,1.632377309515696151e+00,-8.013808271256701588e+00,7.444175777079004019e-01,-1.128396269394779416e+01,-2.354020877717462046e+00,2.923476500091927832e+00,-3.657251930913280269e+00,-4.290103733306281364e-01,1.275926503701210635e+00,-4.120860932595621584e+00,2.717670434557914128e+00,7.698464891882124128e+00,-6.077775051107360049e+00,-8.386130638725013853e+00,-4.230226441215104494e+00,2.150378982585782861e+00,-3.855473997460549196e+00,-9.377708010047125953e+00,-5.612945406607194876e+00,-7.676171368021467156e-01,-5.290418269574423071e+00,-1.178415442358093657e+01,-8.438572398294112986e+00,4.472096885458397009e-01,-1.340649454090838688e+01,-4.786205484507086716e+00,-4.962404367098675273e+00,-3.666589821123318771e+00,-2.998860860884453583e+00,-8.709252275520801945e+00,5.565092026430617622e+00,-4.925009265019657967e+00,8.923593939247756457e-02,-9.858963464139256505e-01,-3.269546951894168885e+00,5.646873040451329651e+00,1.590054235393716375e+00,-1.535807764857508140e+00,-2.687172812145396605e+00,-8.717521548169267831e+00,-5.825651410474715242e+00,2.993622885286887580e+00,-2.559247632846374021e+00,-6.546946593199834297e+00,2.700778125558410014e+00,-5.228379162474752206e+00,2.372896220641516063e+00,1.675187626333011659e+00,3.939255921784696302e+00,-5.642881605913355081e+00,-1.853462674487967865e+00,7.603778864460189801e+00,-2.284789241761532086e+00,-1.371338828543399169e+00,-1.690512742790837075e+00,2.310205077862501621e+00,-8.876488074825012120e+00,-1.723810590536180909e+00,-1.015335540951221382e+01,2.781700580293156033e+00,-2.482900265600234579e+00,-4.424103845318422823e-01,-1.242929811212330904e+01,-3.776718361839862315e+00,-1.057359857167370443e+01,-7.989205569726704148e+00,2.974893212122707631e+00,-2.430509989324018072e+00,9.263821088690205041e-01,5.817192319703590186e+00,-1.399467452691622649e+00,4.020103481754196295e+00,1.344670024640055139e+00,1.051809107097036344e+00,-3.805632383704053545e+00,2.723936859560874169e+00,-3.486409057383375476e+00,1.919707418531493848e-01,4.070464856846559343e+00,1.582509746690476504e+00
8.290735173599129482e+00,-1.310954459037211972e+00,-2.037270308624635984e+00,2.739398460740496866e+00,4.266289436450031225e+00,6.624078942543802917e-01,2.759125349799004923e+00,0.000000000000000000e+00,-2.319763808315163101e-01,-5.099222718704353063e+00,2.578458235273703103e+00,-8.042921337716379959e-01,-6.571869935046272815e+00,4.042461979940245587e-01,4.903389369400780851e+00,-2.382873877952587982e+00,2.652465411647819682e-01,-6.277657493874488459e+00,-1.228201387777522857e+00,-2.301421967740568064e+00,-8.493500619689951847e+00,-9.419071989006474466e-01,4.420626856193895726e+00,-6.812470191322143265e+00,-9.072464768273674096e+00,6.726401628150072476e+00,1.054802251724750128e+01,1.972027398228230366e+00,3.201914992892651579e+00,9.526922942814686213e-02,-6.992295655021550260e+00,5.660537507186057304e+00,-5.013951965169853864e+00,-1.003089285316917545e+00,2.180941945435422302e-01,-5.772693521185848553e+00,2.055320992798696511e-01,3.306547485222323335e+00,9.985494286020628607e+00,1.954595288612465787e+00,2.217925430248822050e+00,-8.654234553355245321e-04,3.414640036978373594e+00,-4.124174972869633748e+00,-8.136968958063874879e+00,2.932349461582389516e+00,-1.196899594597358396e+00,3.840784752844621508e+00,-4.359088840428746892e+00,-1.068441121836966445e+01,-2.376392221239593816e+00,2.260241631690155018e+00,1.166899136607288279e+00,-6.518230759403280672e+00,-1.028189333310778153e+01,-9.174861814036767704e-01,1.258183320199413258e+00,-4.704740059312162437e+00,2.854036741182859327e+00,2.297967083727047388e+00,4.795646815099670057e+00,6.480750642187486754e+00,2.138649647438967349e+00,-3.649977422861807597e+00,5.435744106466297687e+00,3.571507950716834578e+00,-1.034132793683968643e+01,4.001081643650758579e+00,2.039347203166093969e+00,-2.791687335483683974e+00,-4.249317608631289822e+00,2.060654552030551034e+00,6.644131012607610742e+00,-8.262398507487398902e+00,-3.503790413439316964e+00,3.620044580676800461e+00,-8.016812584824121402e+00,1.311024724664897834e+00,-7.115789616791520222e-01,2.439546000070506704e+00,-9.573631762311118010e+00,-1.481765336480736384e+00,-6.535671278039711041e+00,-5.658682368619888159e+00,-4.073509368133743536e+00,-9.516826405142830847e-02,-4.320996698557670324e-01,1.271905641513515040e+00,-1.090699967308467500e+01,-5.939452627770213766e+00,-2.083451197929888199e+00,-2.961810887920594548e-01,-1.630945429995192208e+00,2.764955426249124937e+00,-5.450963649083853113e+00,-4.698010147143915738e+00,-1.170226422723052329e+00,-3.406145816350299338e+00,-7.608090604314644345e+00,-7.002236830978287863e+00
4.045434806350109547e+00,-1.104805674530065618e+00,-6.540500611016948351e-01,-4.331103527762527605e+00,-3.882459440746758084e+00,-2.319705789213528213e+00,-6.328556239843853959e+00,-2.319763808315163101e-01,0.000000000000000000e+00,-5.680107925404734859e-01,3.250269693383797343e+00,3.818433122198277907e+00,8.835595674503604613e-02,9.418002592370345871e-01,4.692689823885929812e+00,9.857174957794532233e+00,5.919409465712567098e+00,2.596129435366988591e+00,4.801366188111540367e+00,2.205530261033787909e+00,1.961663042573384752e+00,3.099211248360114634e+00,1.240208508243927277e+01,3.854730022314990290e+00,-1.023227719472372854e+01,1.176861399459033564e+01,1.137706493367671268e+00,-4.566441650790865614e-01,5.902567399997804110e+00,-4.561797410528087293e-01,5.997331247097585916e+00,1.601014784155281845e+01,-9.323799574247637167e+00,2.121397447564254968e+00,1.385658858828151541e+00,-3.088586318968708166e+00,-4.481419126236268369e+00,-5.821336773467972181e-01,-5.175785965329589899e+00,3.939629959350830823e+00,2.567995706358320529e+00,7.367375342169537156e+00,-7.128909638005140437e+00,2.947737478329947702e+00,-3.208603611683545687e+00,-9.230797180141652181e-01,-3.903754818736648424e+00,-4.244920244693388689e+00,1.201702119767549481e+00,-6.420326336548525248e+00,5.602739599806505488e+00,3.262093108531889385e+00,-1.408450145248945518e+00,-4.538621982872704130e+00,1.605138720797086638e+00,2.005738359435611962e+00,2.582458966259238764e+00,-1.643246179545187147e+00,5.562905041653426252e+00,-8.388470919151744809e+00,-3.554557740107313624e+00,1.896402430062367639e+00,6.122368596060472790e+00,-2.880287433536420139e+00,3.309885746639332549e+00,-9.325984301555317879e-01,3.780238881665324069e+00,-6.036319947609024794e+00,9.874878100126151637e+00,8.874476429627097929e+00,1.772006654486235622e+00,1.256400158647692322e+01,5.514405837655441900e+00,-8.160874917491325320e+00,-2.460067405683213249e+00,6.353278458336287571e+00,-5.320618173461173050e+00,1.713699009282958929e+00,7.682635426931410105e-01,9.377957114680816275e+00,5.112018580740350870e+00,3.697643866857205808e+00,-1.765684150275087294e+00,-4.674361576970462728e+00,-8.806102342853696641e+00,1.105897175978170210e+01,7.383593250500080529e+00,-2.112247975159221358e+00,6.788393476118468328e+00,8.963905017965055677e+00,5.495672202522449368e+00,6.356314379277427484e+00,4.004053314555912735e+00,1.112404964409153862e+01,-2.686716822931519477e+00,-5.218185820387276408e+00,-8.470593326902402964e+00,-6.846439736959148092e+00,2.284324235508143897e+00,-6.874957831663884633e+00
2.517103447941029248e-01,-2.919436562329563944e+00,-1.189971606613922184e+01,-1.291141060282714648e+01,-4.879930698414415957e+00,-7.257765774579566731e+00,-1.012576920333940933e+01,-5.099222718704353063e+00,-5.680107925404734859e-01,0.000000000000000000e+00,-3.797079972500804423e+00,7.910049672359595885e-01,3.429272645470147207e+00,-3.782978664844941274e+00,1.715557294484625794e+00,1.034401364922790778e+00,1.001832141576522561e+00,-2.088972195473827842e+00,-1.144516827554019178e+00,-1.311556661169659965e-01,2.452217708578035893e+00,-5.527445554784382153e+00,2.921934385323450289e+00,-3.021909736593410001e-01,2.059469838532991037e+00,1.358263975579706795e+01,1.089734693909764962e+00,-3.745634339139079394e+00,-4.138487175671278884e+00,4.007901677055876744e-01,-1.772132222061635787e+00,8.346826605882426975e+00,-7.084591130543408610e+00,-7.285919744962353839e+00,-3.132120742322614504e+00,5.053045816117148092e+00,7.374991953185013216e+00,-5.783113850262828343e-02,-7.113031277714305212e+00,4.720604217270536473e+00,4.909051135769670005e+00,2.432595047100206020e+00,-2.617920198150741840e+00,-1.093683742194330399e+00,-1.009150392714961875e+01,-5.436127520266097468e-01,-8.104480510916669544e+00,2.810868709619264383e+00,3.064628747550032895e+00,4.720237028942065649e+00,3.621505097669027506e+00,2.292174039024242660e+00,3.877072149666631606e+00,-3.192220324483326710e+00,7.383582981239075416e+00,1.067702650257289321e+01,7.104193880331470368e+00,6.779191795071799476e+00,4.144921738377202125e+00,-9.760666464130753894e-01,-4.855707846773424374e-01,1.547540399684669499e+00,9.820519462384961429e+00,-2.703405839586006110e+00,3.134235645707651674e+00,5.881172496648296111e+00,-1.557247119993052209e+00,1.359376774183561842e+00,3.511060568169145579e+00,3.662765975986026934e+00,2.318886857771886412e+00,-3.893890781339817142e-01,7.097979692286044973e+00,-1.280930366015643695e+00,-2.177066334220510324e+00,2.436281577302406021e+00,-1.141332355779389474e+01,1.130727937169615283e+00,2.164490941769278809e+00,7.411160890788233147e+00,7.432729717057320329e-01,8.115985516254193399e+00,-4.149827478785154788e+00,-5.205606686340447098e+00,4.622086878747495575e-01,1.832816771544622858e+00,7.634877542440666964e+00,-4.336177681707241049e+00,6.759850491082591617e+00,5.862531735489363349e+00,6.401453895925944160e+00,7.475023892631708300e+00,5.406247475644395450e+00,-1.427821578201795283e-01,-1.194439879257834236e-01,-2.442198437780005449e+00,-3.068061010032026914e+00,-2.728686042073504403e+00,1.374333407145755137e+00,7.883665912743470727e+00
3.114093303325227852e-02,-7.713715809566317194e-01,-4.866925320829422752e+00,-7.959907643143367295e+00,-3.490303197728089057e-01,7.838397063229654016e+00,-4.302546203853496287e+00,2.578458235273703103e+00,3.250269693383797343e+00,-3.797079972500804423e+00,0.000000000000000000e+00,2.775286359262460145e+00,2.748834264272238759e+00,-6.110899557302747809e+00,1.143607814140758627e+00,-2.809114408688204723e+00,8.033721785559420070e-01,-7.612209860175716436e+00,-3.604353513834152256e+00,-1.944245459764122108e+00,6.558034045417302060e+00,-4.534407014769109345e+00,-4.437597136157594768e+00,-1.081852643498710265e+01,1.781878812132656309e+00,9.379691671799118557e-01,-1.764143259721106860e+00,-8.732266604851536940e+00,1.589580168626886891e+00,-7.179256441223836660e+00,-2.104160590433747924e+00,8.275519510137164803e-01,-1.376238004887341049e+01,-7.291365267011076234e+00,-4.847576552318374254e+00,2.436914596257229171e+00,8.215989872770037561e-01,-5.227763842191274435e+00,-1.145033481476757409e+01,8.935902740572835512e+00,9.422688570778733341e-01,2.392355035744620384e+00,-5.938225780501410256e+00,-5.200440575046953562e+00,-3.101998479910126338e+00,2.199556305187147842e+00,7.262517553896746803e-01,2.413297247977849447e-01,6.933901267987575778e+00,4.981117695756624997e+00,3.344578175133399611e+00,-2.573118368667643541e+00,-2.467221377324834819e+00,-8.248354835254625428e+00,-1.623057139062001220e+00,1.013285518058277601e+00,3.412943800190808563e-01,-2.015274994952290122e+00,8.918729608769160322e+00,9.457248586934509094e-01,4.614121516760880670e-01,-2.028449866257293899e-01,1.306595543821224581e+01,5.733361601723574452e+00,5.978520484177165528e+00,7.666874719480629707e+00,4.827510824542622814e+00,3.717868520811464794e+00,-4.229139218132780265e+00,3.006499131515390832e+00,3.356295091192549318e+00,-3.210617595966136495e+00,4.633941416746350406e+00,-2.084628144833347851e-01,-3.529478364008279634e+00,2.084065476874428224e+00,-9.657801496899082849e+00,3.035355809827563256e+00,4.627336747081613466e-01,9.689209423005795685e+00,-2.375802564533280870e-01,-1.016981915632507033e-01,-7.416034236176618499e+00,-1.179494319837862015e+01,-5.372878090610006652e+00,1.957171873860477751e+00,2.610493180363684829e+00,-9.880348500636641162e+00,3.390073887268903796e+00,6.998240658765734423e+00,6.912215996656727590e-01,8.187741735153256428e+00,3.570759694533103712e+00,-6.828848909641028087e+00,-3.774853485659689589e+00,-8.386896523914609602e+00,-2.233902510552178811e+00,-2.569770534723294197e+00,8.995525170351583721e-01,4.446019186211156438e+00
7.409392545330427460e+00,5.740000481053593617e+00,-7.796438286836138154e+00,-3.533959590421350327e+00,-3.385014295370725179e+00,-3.134935058828777876e+00,-4.418512142686440214e+00,-8.042921337716379959e-01,3.818433122198277907e+00,7.910049672359595885e-01,2.775286359262460145e+00,0.000000000000000000e+00,4.237841818012347272e-01,2.375979548179601775e+00,1.047815706924823953e+00,2.380532313244236420e+00,7.464012360721227424e+00,-2.322851716929249299e+00,-1.261906777764602250e+00,-2.091818953670462999e+00,1.880075287785526683e+00,-3.325468438333660792e+00,-4.277761814323109424e-01,3.599698872396459137e+00,1.720581061359529373e+00,8.177876126548271785e+00,-4.707129277830439662e-01,-4.779787749702924415e+00,-3.107322823288510616e+00,-5.849367595039218770e+00,-2.412889126533112716e+00,1.360096563726778385e+01,-4.929317696285966832e+00,-5.722193032358903864e+00,-4.085314374192559939e+00,2.478166243663070034e+00,5.659401713516658994e+00,5.391163991104338526e-01,-4.420130694235440139e+00,1.611415657543549207e+00,7.966713963771163698e-01,-2.518296553154504736e+00,-5.230511601010411127e+00,-2.333501712127258987e+00,-8.077413141592167278e+00,-1.092653157402984909e-01,-4.874739246664866243e+00,-6.185447731295425911e+00,-1.124098415698945308e+00,-1.562813687526992401e-01,-4.523191304730197260e+00,-3.747290686215714928e+00,2.904631293346960241e+00,-4.432587441897623215e+00,2.319554713364974652e-01,1.768722717134683098e+00,1.323462076030975654e+00,4.239298473208549467e+00,9.435364573918181286e-01,-6.864640949722013552e+00,-1.853829971573509816e+00,-4.939113754376658783e+00,2.813158828978775006e+00,-6.228924853176673437e+00,-2.483992017778209327e+00,-1.856154945262298295e-01,-5.436430049477066540e+00,4.666249264422405396e+00,3.908364001546427158e+00,3.629645856412501148e-01,5.210897121703350621e-01,4.164553912475330577e+00,8.599499461372458242e+00,3.745293976000112490e+00,-3.070724232127164388e+00,-5.390717357866880999e-01,-1.137100418290873094e+01,3.744548352884512266e+00,-2.013004939593992404e+00,1.074214958644646956e+01,-2.430878557356887626e+00,1.659586187484883402e+00,-4.466108307159322721e-01,-5.015899214308605636e+00,-4.211432019207861366e+00,5.647459891732873771e+00,6.288664908181006652e+00,-5.433451456305118832e+00,9.025400375360072003e-01,4.018427581343769539e+00,6.136529215573022000e+00,3.880861061331609907e+00,4.885122605855245936e+00,2.651300417447505775e-01,9.499544481329924572e-01,-5.635610070667278926e+00,-5.073240277274560839e+00,-4.494933741859369114e+00,-5.018015547804871801e+00,9.926734241780073020e-01
-5.180510358780377800e+00,-4.011532607400155825e+00,-5.139887422859437116e+00,2.272924609034119303e+00,7.452868504043541620e+00,-1.397689353825511960e+00,1.007105561187794152e+00,-6.571869935046272815e+00,8.835595674503604613e-02,3.429272645470147207e+00,2.748834264272238759e+00,4.237841818012347272e-01,0.000000000000000000e+00,4.153872136076241617e+00,5.447523005066861046e+00,-1.422002247784933893e+00,2.972247158517469234e+00,-7.367595632160369057e+00,6.831045014996462328e+00,7.967973671022670068e-01,1.732097315646273783e+00,1.956656777680636283e+00,6.585408977661354690e+00,4.352018570904007788e+00,3.719831632507236030e+00,1.211217981975582170e+01,9.255768399472291463e+00,1.123613149974920589e+01,5.669459689824513760e+00,1.029253368924235268e+01,2.006990273997550922e+00,1.445624044807397368e+01,-2.541510436698152020e+00,4.834137706218565533e+00,1.017231360546368890e+01,4.005692234808123864e+00,6.834796312493299553e+00,-4.507155092485223946e+00,1.130458245075895984e-01,4.272895868335511160e+00,-1.198559985606980405e+00,-2.422955087897716631e+00,3.077374155038321568e+00,-8.456492941875553004e-01,6.108937340855274956e-01,2.293368930147528850e+00,2.612595907171135767e-01,-2.575824343540020323e+00,8.460663065496030200e+00,4.095573123644345337e+00,3.681235527581989242e+00,-7.590267536243816560e-01,1.400047558535873149e+00,-1.344820476876267890e+01,-3.894486150215564546e+00,2.510632487273102065e+00,1.067726892409013040e+01,3.388004681578316024e+00,5.035960266790434403e+00,-2.110765031752922738e+00,-2.524892813855533769e-01,4.378916574699622366e+00,1.397144102077154226e+00,1.106593080253421624e+00,4.446978774578012938e+00,6.978203617275577919e+00,-9.785503857019106633e+00,7.355387855445621348e+00,3.699705658999871805e+00,-1.613302007372130031e+00,3.631990263938173591e+00,5.880806263453060900e+00,1.080337642845317170e+01,3.517794705654341936e+00,-8.809211788321339442e-01,2.614395718652896772e+00,-3.570040722019024226e+00,5.217438596817829399e+00,7.639227148403611167e+00,8.624576695175393937e+00,1.290921335597337460e+00,-2.226020600730556076e-01,-2.392118753599273617e+00,1.956466319720634450e+00,-1.405382446823226772e+00,6.420600815286267249e+00,2.554613626814047578e+00,3.033509081931020646e+00,-3.492068415131087455e+00,1.178821240258206005e-01,5.925168818388773850e+00,2.919342614299210936e+00,4.797046856067422205e+00,4.143182854328710807e-01,1.612406865262743683e+00,6.838315090321919199e-01,5.132280017849217835e-01,3.760179722091706811e+00,7.477457885073944155e+00,2.738865374846301659e+00
-7.420676684298498360e-01,2.371021807851759089e+00,-1.101812160646189254e+00,1.587072938041403369e-01,7.972875540405614636e+00,4.205504750598977104e+00,-8.466424343927794194e-01,4.042461979940245587e-01,9.418002592370345871e-01,-3.782978664844941274e+00,-6.110899557302747809e+00,2.375979548179601775e+00,4.153872136076241617e+00,0.000000000000000000e+00,4.865226544509686057e+00,1.036618903501273081e+01,2.527976492823053256e+00,-9.705309445685461611e-01,6.356504232205791638e+00,1.345608630171316156e+00,3.943773426266479198e+00,2.160559510167704200e+00,9.061684545815216651e+00,-7.527447819059060130e+00,2.087909281538096629e+00,1.798101681028947851e+00,-3.794395199116986195e+00,3.176850038026832301e+00,1.425083897956791246e+00,5.984063525095765890e+00,2.882744905630243437e+00,5.823690753620988758e+00,-1.900963413995297557e+00,-5.744617543778868907e+00,-1.884431214257820675e-01,6.864290687020175419e+00,8.418482774810225777e+00,5.628702158742069805e+00,2.629399796009272094e+00,7.742424793044969888e+00,-1.981515479324033713e+00,-4.166031890857244679e-01,4.385130426232215051e+00,1.171800911031085191e+00,-6.363424962858667655e+00,6.879910366395439070e+00,-7.883832628653788532e-01,-1.116733219863813797e+00,5.469641229440858510e+00,2.677345121888569768e+00,2.962369319647225607e-01,-7.007299964502569090e+00,6.717574675918253746e+00,-4.192117917929768289e+00,-3.635335113607611746e+00,-6.599172119625110966e+00,5.994298746775225339e+00,-4.856277364343254632e+00,4.165322313910537311e+00,-5.409740650562459230e+00,-7.697846557475400253e+00,-2.458223999955720274e+00,1.623899851236771719e+00,3.009174554828952797e+00,5.944374851151281725e+00,4.092033924948524692e+00,-4.354179192806249432e+00,2.486092904489383582e+00,-1.360687812094829585e+00,-2.831598040343489053e+00,-4.076547636419752152e+00,6.439548593581703173e+00,8.565801175050943073e+00,6.058900242708620709e+00,-4.846900995583298233e+00,7.419296058194075894e-01,-2.517598140864516498e-01,-2.516797319660432741e+00,3.792593998464106608e+00,1.272934740858783087e+01,-3.899017843240909720e+00,9.435162912127660340e-01,5.624404011242775114e-01,-6.615258582806955445e+00,-5.832655700924481046e+00,3.145645483036103141e+00,3.496970549063601386e+00,-2.288128266813811429e+00,1.316154950641807986e+00,5.136534861413395880e+00,5.384640565159745762e+00,6.481583803139216116e+00,1.422588138767843446e+01,3.368945258912944496e+00,4.469491248822756724e+00,2.430529884132038854e-01,4.712280590258206558e+00,3.564920796904388123e+00,5.847902474674973039e-01,3.361275758128366320e+00
2.948938281324056998e+00,2.416851339960008893e+00,7.303537262864851165e+00,-6.046662098051969636e+00,5.988480881000187495e+00,4.271116131155445750e+00,3.767544546794955540e+00,4.903389369400780851e+00,4.692689823885929812e+00,1.715557294484625794e+00,1.143607814140758627e+00,1.047815706924823953e+00,5.447523005066861046e+00,4.865226544509686057e+00,0.000000000000000000e+00,9.043254742811777547e+00,7.170762378529968117e+00,-3.530426344256016868e+00,5.022680274758371866e+00,-2.476455911094018969e+00,4.892553043768723242e+00,-2.772312294768787044e+00,-6.412830585925539673e-01,-8.577473810158634748e+00,-1.742781285013033643e-01,1.446914048557935040e+00,-6.018287856784056977e+00,-3.734240646648291140e+00,-3.788834595441519237e-01,1.734480722411311682e+00,4.517863368392416312e+00,1.083803361222162032e+01,-1.043981583171057537e+01,-6.743674921954454504e+00,3.616455234280869235e-01,3.856526096041563711e+00,6.907258785623223929e+00,1.467175634169854526e+00,8.084694642318656088e-01,1.035219940178143894e+00,3.701242186455382388e-01,5.605278917447880510e-02,-3.727376724164233601e-01,-1.307692018658414002e+00,-7.702341085196303894e+00,6.816247045024245388e+00,-1.176838437776421165e+00,-1.273591481520488422e+01,-4.751081607696120201e+00,2.911017105087535750e+00,-3.092733186425970615e+00,-6.178714435635047408e+00,-2.792594820065592565e+00,-4.127576474078396451e+00,-1.360653667375271425e+01,-1.290052181372792983e+00,-1.000516760265020011e+01,-4.311777716227259027e+00,-4.010689922453394729e+00,-1.066048723175532231e+01,-9.123290159659703136e+00,-1.360120443186144179e+01,-4.008307405140576485e+00,-1.041602635643893882e+00,-1.623757647721260078e+00,-2.982829640857224796e+00,-5.722217782198123492e-01,-9.167343992669215735e-01,4.418197704500451684e-01,-8.614394135703884459e+00,-4.148597971433488851e+00,-4.040875069899104055e+00,-1.974679908661448158e+00,8.133380109572090788e+00,9.117563294896116055e-01,-2.862694913413567743e+00,-8.551805291411598731e+00,-8.704543506435522104e+00,-7.952013947338981481e+00,1.016683642572791513e+01,-2.325323936081849396e+00,3.387457453204695490e+00,-2.724009791781416556e+00,-8.705549456965073318e+00,-8.233925620613508300e+00,-2.007111399564777354e+00,1.860766577123686316e+00,-1.287062754047814828e+01,4.428674459828790821e-01,1.214058823467797366e+00,1.446265045318257392e-01,1.643147341449266996e+00,6.064350921557227103e+00,2.356710870346576669e+00,2.451915523593662272e+00,-5.579740210239450882e+00,-9.553579745222381403e-01,7.073008894594344120e+00,-3.576503005778313593e+00,1.555216462838030944e+00
