0.000000000000000000e+00,-1.526278435861576854e+00,-5.935227692649390541e+00,5.054365230125000608e+00,-8.260031195855673802e-01,-5.091616851358009121e+00,5.643339444287570394e+00,-3.739724299992899237e+00,-5.346786066547104532e+00,-3.886315095337784076e+00,2.655607053848536570e+00,2.807149476841414693e+00,-6.654668709308021735e-02,-2.445045592053310290e+00,-3.550863423294050136e+00,-2.302442865928956195e+00,1.008600437409393535e+00,7.693852642806142672e-01,-2.239757139870526270e+00,-3.483494819064660852e+00,-1.420273646038484827e+00,-1.065599628273624866e+00,3.845074890554454616e-01,7.603380720615031230e+00,1.347220800796173623e-01,1.460253814294760755e-01,-1.800636099227944209e+00,-1.086623102952113951e-01,-2.865153309481812682e-01,8.440985340969274775e-01,7.548204345323291653e-01,-8.299724882839248252e+00,-3.669014302407855421e+00,-2.970422762532536343e+00,-2.423916462822148787e+00,-1.581715409823917007e+00,8.797938440008417071e-01,-3.476675703723807853e+00,-7.553274846602261228e+00,-1.575566573737980855e-02,-5.678572722723602695e+00,-2.436906419025394399e+00,-3.329371741995779566e+00,-2.797242784851092789e+00,-4.758914969900433500e-01,-4.406435910394771227e+00,-9.328715727561938564e+00,-3.766253944945709975e+00,-1.051655319520181653e+00,-1.551415197980786864e+00,3.586268833769880260e+00,-8.573813906177086608e+00,-2.930730259865419463e+00,3.596476588568343846e+00,-3.615060228110653640e+00,-3.179783423032398026e+00,-2.100109633547305066e+00,2.487057824232005832e+00,4.642577395478610924e+00,3.636112104188463090e-01,-2.597109006084544536e+00,1.398882992545502357e-01,-4.603148633185519256e-01,-1.189613226924446376e+00,-3.474187012421048326e+00,-6.363206450496486921e-01,7.615145080294542623e+00,-4.882343586858282902e-02,2.348424948391954481e-01,8.069950989867291646e-01,2.789724932434652693e+00,1.951698448579821221e+00,-1.760832439012532502e+00,-1.876609084251553705e+00,1.746555370474259794e+00,1.332730936829991553e+00,-2.179374532771138462e+00,2.113662305362079330e+00,-2.832959068458975604e+00,-1.751257070629878010e+00,-2.277468666555049204e+00,4.691493026507355779e+00,1.824742813272737463e+00,-4.771569751438860529e-01,1.803103349045758197e-01,8.031859307050716268e+00,-2.920159797463640849e+00,-2.782796584901880976e-01,3.940257552601472701e-01,-1.287473770613250856e+00,-3.582788184638886708e+00,1.381758717501432310e-01,1.284960118818588848e+00,-3.992218586971746586e+00,-8.987620048662875449e-01,-5.350338737492152497e+00,-2.618301509613543687e-01,7.223048680668045840e+00,2.234537301429144751e+00,1.283001004289399560e+00
-1.526278435861576854e+00,0.000000000000000000e+00,-2.535142220611883879e+00,-3.519679009138434012e+00,-4.279182997096814822e-01,-2.940458621815235318e+00,5.295591774772748117e+00,-8.554759510120882871e-01,5.152964492048113243e+00,-3.624400075188626058e+00,2.079370497146123320e+00,8.062805821767158321e+00,3.358065494456742517e+00,-4.077902417694728499e+00,-5.945154365557510978e+00,-1.152243818751628179e+00,-1.013015033513107177e+00,2.340927910038581305e-01,-2.572298084241144700e+00,4.879208424996238413e+00,-3.129072441186167008e+00,4.843628461206484492e-01,2.368046121741774090e+00,1.497054388831416460e+01,3.232127292782706274e+00,4.338860110291475891e+00,-5.015886110140668208e+00,-1.056100114002435397e+01,1.973682637386521943e+00,3.212087329000376634e+00,7.342913194644905772e+00,-4.787574272113959140e-01,4.909675965692968269e+00,8.514024267860570205e+00,-1.599105525889656709e+00,9.626722349737054429e+00,3.403198537468823837e+00,2.674575883362897422e+00,-1.658427795705372132e+00,1.722109018152463866e+00,-7.208949486821298880e-01,9.126156160809802964e-01,8.532027601459060140e-01,2.730968710819056788e+00,6.615691311357709825e-01,4.398920626329301808e-01,-3.161140484898651959e+00,8.892259364182591996e-01,-1.307484124814415116e+00,2.481280201423949006e+00,-2.346022376404680809e+00,-2.577535045718359452e+00,-7.059146955869571860e-02,-7.326546111701464081e-01,2.374654931934259583e+00,2.236184494703681302e+00,1.034544697913534650e+00,8.178854033334284068e+00,-8.259925760830248986e-01,-3.604705140781195194e+00,-2.161457545641980449e+00,6.373195841481762436e-01,-3.407851667489214975e+00,-2.499023478619692540e+00,-4.332844480938632392e-01,-2.584941321961677918e+00,8.600327310180604812e+00,-6.271279305809247528e-01,4.621991096569188606e+00,4.241829410286367952e-01,4.245878718727622569e+00,-1.857175567602107114e+00,6.725749024570387036e+00,9.085328070196270644e+00,2.961180648927436376e+00,1.227942810998163825e+00,-2.893066869016520659e+00,2.020205899051334519e+00,-5.548418391792095949e-01,1.248035266457569792e+00,-3.949436376813938443e-01,5.941377251404965643e-01,-8.218822250726600664e-01,-4.724144393335819814e+00,9.101833141994024601e+00,6.358759785563045774e+00,-2.407043662195977429e+00,-4.192586157401994029e+00,5.475364602348173904e+00,1.869241288272181389e+00,6.528330939611882933e+00,-7.828901780762553386e+00,-8.893872068072340431e-01,1.202485281806574768e+00,5.725837252159322155e+00,-2.849854657763348786e+00,2.461165530867589268e+00,4.725636170121105817e-01,1.019241090730910182e+00,1.251648697841739155e+00
-5.935227692649390541e+00,-2.535142220611883879e+00,0.000000000000000000e+00,-4.841121573437187742e+00,-2.492920214386113997e+00,-4.793432518248135210e+00,-3.943369680367272867e+00,-4.061693450027037855e+00,-2.966605113090293955e+00,-3.965729264322912062e+00,-2.294873623126723494e+00,3.694725654637656120e-01,9.313775970248052705e-01,-7.287409713911644493e-01,-2.542370600760707200e-01,5.767139251719650694e+00,-1.562829015138140765e+00,-2.816171045029888464e+00,-7.203126323957143917e+00,7.326389248779724417e-01,-5.608414670504261679e+00,-3.274359470154469598e+00,-7.654053548577877564e+00,2.787328003449696112e+00,-8.323250420706823638e-01,4.897884179060841836e-01,-4.684842041558826331e+00,-4.879303999290007354e+00,-8.188086045168800453e+00,-3.608387268219778843e+00,-1.421943582165414943e+00,-3.529598981554966652e+00,7.003375528772030734e+00,1.560301403895667072e+00,-9.728038443152836834e+00,7.463081052614243260e-01,-4.409162143028421688e-01,4.583830757544023887e-02,3.457918350987851386e-01,4.748628974538583236e+00,-6.169311708323743204e+00,-4.969709829905260889e+00,-1.477558914509590204e+00,-7.930476999475796207e-01,-7.837382671240370691e+00,-1.757589577545915160e+00,1.550504159081772526e-02,2.147687582688006191e+00,-8.345791596546378699e+00,-4.282592376840563375e+00,-4.411424765019845040e+00,-9.184127736441793921e-01,2.318825562708612509e+00,-4.433512113939355737e-01,-2.249902652575830331e+00,-2.374372739648824115e+00,-1.952168855535563630e+00,2.263714297491867811e+00,-6.863956696059561935e+00,2.016737385938483840e+00,8.394850180152494401e-01,-1.845151977488123984e+00,-2.148472397096002240e+00,2.904951944517947915e+00,4.966111450729064458e+00,4.993447644831302767e+00,5.540266146331316754e+00,-6.372000312380162512e+00,-2.890499030820485871e+00,-5.824221000073808163e-01,-1.222836301541311288e+00,-3.430573178232244391e+00,-2.517344921581495143e+00,-1.020137191995872161e+00,-4.340594266506224486e+00,-2.844799434157340379e+00,-1.456077046939172392e+00,-1.850805230084263231e+00,-6.938956318913009902e+00,-8.707814079464839097e+00,1.207873845816612945e+00,2.791506088074731107e+00,-4.055651296222837487e+00,-3.454671085627037286e+00,-1.093436181476918234e+00,1.933064184454353462e+00,-5.705646152042278096e+00,-4.300256382146385725e+00,1.926945475883678816e+00,-3.989641583885392695e+00,-4.249860988222920355e+00,-6.839115910919736585e+00,1.983143026806522213e+00,-6.483129282703700369e+00,-3.834714705511115262e-01,-3.318843742961895771e+00,-1.091681961785679889e+00,1.958338320427765122e+00,-4.840472757706852924e+00,-2.156241616340500933e+00
5.054365230125000608e+00,-3.519679009138434012e+00,-4.841121573437187742e+00,0.000000000000000000e+00,5.653329682689233610e-02,4.011773896471006573e+00,4.100066206561440829e+00,-4.393527033059604570e+00,6.826299260644177913e+00,-8.584859495518374572e+00,-4.724614472306849500e+00,2.597836342777139151e+00,1.529189374863683559e+00,-3.019327859620693388e+00,-5.264687288484406480e+00,4.749913721657571308e+00,-3.851858446396677405e+00,-3.310473078214874576e+00,-2.705463245717707021e+00,4.024663024166278191e+00,6.525195737833414666e-01,-5.898570283743815867e-01,-5.727680189143415035e+00,6.361957438568633272e+00,-1.635766434594614571e+00,-7.051046757967398548e-01,4.827791762251743002e+00,-1.674465208810735684e+00,-6.711924954682634281e-01,-4.666268682437827664e+00,3.977926807202378345e+00,-9.691190664855309223e-01,1.533985503053250321e+00,-3.272761494990574227e-01,2.977747619541136093e+00,1.463501884620819204e+00,4.140855603228808413e+00,1.933052328116788177e+00,-1.045494171283861462e+00,-4.401646566226708579e+00,7.665891290746049691e-01,-2.958482370347350621e+00,2.288111032460093064e+00,1.367843720109668704e+00,-1.544091774738328038e+00,3.326803605406440489e+00,5.077617304445928070e+00,3.335584630626467373e+00,2.098406681363834334e-02,6.204259918435117704e+00,-7.272239894266705029e+00,-2.962504829000571771e+00,1.197715953617135121e+00,-2.802765396083674698e+00,3.140208691739074354e+00,6.703131758381482008e+00,-2.134789820926748849e+00,5.077918762426493871e+00,-5.152888376514392910e+00,-7.186510523563375052e+00,-2.181697188197061266e+00,-2.019465694210348605e+00,-6.987125280105551894e+00,-1.437821823127965359e+00,8.236192235923709415e-01,-8.050570373510590461e-01,4.737237304090703205e+00,-5.629214109125129539e+00,1.245688158431139669e+00,-4.905818972389496047e+00,-7.219434570317343480e-01,-1.004947566308525442e+00,3.593365317852361684e+00,-5.135765955962184215e+00,-3.234599908238348753e+00,-7.400232446766187300e-01,2.276275270953603602e+00,-6.431738376138057767e+00,-6.106331936843685249e+00,-7.439139451689501525e-01,-6.019184353486359829e-01,1.132496811263975189e+01,2.814336516452245363e+00,-2.341432494961052324e+00,-3.028837346385504503e+00,5.282782522451681118e+00,-6.198329848167245082e+00,-5.575899564965004496e-01,6.892675580944230163e+00,7.373313017467447494e+00,6.566738104951287625e+00,-6.599642872666692028e+00,6.601672312996569758e+00,-7.129355143792485139e-01,7.059389392314201039e+00,7.182726842254854027e+00,8.698522239705312131e+00,5.217589268418149295e+00,-3.495976753094041101e+00,6.262734891520992164e+00
-8.260031195855673802e-01,-4.279182997096814822e-01,-2.492920214386113997e+00,5.653329682689233610e-02,0.000000000000000000e+00,-1.063104374082161518e+00,9.558081908455816844e+00,-9.576305198287480280e-01,5.973205279813782909e+00,-1.328768354128321283e+00,-3.013190509673990380e+00,8.126793079021853217e+00,5.355598822971082029e+00,-4.342081112442282453e+00,-5.574756589354350034e+00,8.120052388245564856e+00,-8.062092531365477655e+00,2.292478073443800390e+00,-2.450882264620865558e-01,6.576657169641422662e+00,9.037032803058525632e-01,-3.580951775666618264e+00,-4.381882955939342850e+00,5.700607665394410439e+00,3.050533769566670994e+00,5.220269466687422089e+00,2.985205081064711052e+00,-2.990367467995697304e+00,6.129556358848029518e+00,-1.022533909048004341e+00,2.077262240176596997e+00,1.780559687117523548e+00,2.497311413563341187e+00,4.634804885583375444e+00,-1.425647233706681671e+00,4.476389860016048772e+00,3.426601452003977588e+00,1.624769061019628591e+00,-1.757661843799791235e-01,-1.032846564039351822e+00,1.494242895556298301e+00,-2.125820980474789401e+00,5.940140296444859302e+00,1.889181662330628786e+00,2.816938227113022108e+00,4.159389471882021461e+00,4.689311718916879812e+00,3.929081724390870445e+00,2.969133268287691862e+00,3.248209467266030881e+00,1.509373997134382694e+00,3.604745484146174017e-01,6.971224027740692719e+00,-1.799294004994153928e+00,4.102589429146866529e+00,3.769606785609172395e+00,1.682915337245780796e+00,6.675736377253495668e+00,-3.233448395264482578e+00,-6.283154942646535623e+00,4.591626030323139318e+00,-5.972773891940486024e-01,-2.132571435311033881e+00,-1.814583341962782370e+00,-1.222603280130038383e+00,-1.694568555192956572e+00,4.034272818128423310e+00,-1.287652198314755525e+00,7.375599838562453270e-01,5.069854574116078316e-01,6.337607123608420601e+00,5.807314661362962260e-01,3.189424655165061129e+00,5.964428815079539925e-01,-5.373854459613382595e+00,2.445603899740896203e+00,3.521608331170764217e+00,3.667691132403469556e+00,-2.883715437923178165e-02,-4.912152450501716117e-01,-3.952642046337635495e-01,5.387421896433835400e+00,1.014896822834390200e+01,-7.339746704543967937e+00,8.385976015867905531e+00,1.524637300812187846e+01,9.791247353268807407e-02,-4.339823185561997865e-01,4.608988499026779984e+00,4.833526957307427097e+00,6.590918577817973301e+00,-6.385823055954203298e+00,-3.431111715523886829e-01,1.606547053939302305e+00,1.046726130624392148e+01,4.950758501111055310e+00,8.658091682906080777e+00,8.264553434252720265e+00,2.135586587307039874e+00,3.625509620107334019e+00
-5.091616851358009121e+00,-2.940458621815235318e+00,-4.793432518248135210e+00,4.011773896471006573e+00,-1.063104374082161518e+00,0.000000000000000000e+00,-3.887204584386771522e+00,-5.993317645913733394e+00,-6.369490345055831559e-01,5.991963121605727416e+00,1.353511237455120808e+00,1.332703132165084625e+00,2.501313111817674351e+00,3.902379855691809230e+00,3.615531976389977142e+00,2.293269334836288476e+00,-7.675383081351182746e+00,3.904360422089434568e+00,-3.520599104690765646e+00,2.143104648899787801e+00,5.674840616718092257e+00,2.080992784103864457e-01,-3.757639702530210624e+00,1.799643812333070692e+00,6.450229787247480084e-01,4.754496963816706945e+00,3.275189826186516440e-01,4.422953109811677413e-02,1.366959157451482332e+00,-2.923975018295187578e+00,1.630454663006000837e+00,5.257261341756812811e+00,1.505790480962330369e+00,3.595804032833910036e+00,-7.658886473217066948e-01,7.886647535266556597e-01,-1.591253632957605191e-01,4.010259248941877352e+00,-3.361281319334095130e+00,3.095751840736797877e+00,1.647955822812045446e+00,3.808258439391445371e+00,4.654805704390838073e-01,6.538758553597772583e+00,-3.044424970003706932e+00,-1.001899438060564140e+00,-2.277196282689328832e+00,2.303932301200603217e+00,4.382409912580685685e+00,3.816828266045991125e+00,1.034314784024269684e+01,4.968055606444820582e-01,8.297982915592869713e-01,-9.652649205481518280e-01,1.169020781105241102e+00,4.350548352309111522e+00,-7.406304170404017784e-01,2.266721873654778729e+00,1.057894616663732634e+00,-2.337223820425051279e+00,6.903533065627890153e+00,1.949669624734594819e+00,6.382240817040082170e+00,-4.828358321062917291e+00,1.790683487611753444e+00,4.439617881685069101e+00,9.890802165436362259e+00,2.315372487310882743e+00,4.983494709397824352e+00,-2.259774668521873642e-01,4.470421268835099049e+00,1.875607892582960901e+00,4.694830964117681305e+00,-8.999794671157601567e-02,-6.558330411487471423e+00,-1.749938908386346359e+00,-7.854177532006470508e-02,-2.991746216900121880e+00,8.343698791021618710e-01,-4.772985698849937286e+00,1.202045875697038468e+00,-5.277586095503961516e+00,-2.818199686895900502e+00,-9.608976908237758963e+00,5.103589897595944613e+00,3.192313178154619902e+00,2.018634218144886583e-01,2.720490699854084538e-01,4.792705716636371349e+00,1.757046506573763711e+00,5.795664148584156017e+00,-2.895202762014805309e+00,-4.714231269307287420e+00,2.394417087242453501e+00,1.023230600855715977e+01,2.499085902442397256e+00,2.734908163963458261e+00,7.863751250469135368e-01,4.534084448429323011e+00,8.296528108586279870e+00
5.643339444287570394e+00,5.295591774772748117e+00,-3.943369680367272867e+00,4.100066206561440829e+00,9.558081908455816844e+00,-3.887204584386771522e+00,0.000000000000000000e+00,-5.127734105340220339e+00,4.720904527774611448e-01,-2.253389406474603174e+00,-1.478849256659484857e+00,-1.707675511429079807e+00,1.625483802985580928e+00,5.188153691159398673e-02,-1.799815028101528380e+00,-5.707646178252916869e+00,-3.644370347410779587e+00,-2.956534422897861170e+00,7.403039586751084533e-01,3.233625904307086074e+00,-8.628345819037099851e-01,-5.655196733855254010e+00,-4.360899835823120463e-02,8.495836948394078547e+00,-2.534454814748507534e+00,1.250488903843635979e+00,3.140962518877303378e+00,-1.277200754728168874e+01,-3.032036229385688397e+00,-2.591066286231365201e-02,-2.508296957877881539e+00,-2.039604334005330699e+00,-5.772955691516923338e+00,-2.439212101294915058e+00,-7.019837161712100482e+00,8.722216266169896537e-01,4.371163506389069475e+00,-3.979488506803428471e+00,-5.104667909293215011e+00,-8.849764661111292341e+00,9.883351813597874846e-01,-2.245382878496471335e+00,-4.744258432479572796e-01,-5.685074065078527639e+00,8.432744949102184417e-01,-2.220428750942508689e+00,-4.223217345318049709e+00,9.726763838727922051e-01,-1.295591752209121594e+00,9.413883156404811992e-01,2.045277829690000104e-01,-3.219334007707561063e-02,-4.203798517137073532e+00,-5.885431930158598668e+00,7.393916011750805595e+00,-6.841030405035680495e+00,-4.988280338743867337e-01,7.740532960499006965e-01,-3.192081641702621209e+00,6.177690216081727748e+00,-2.555092095771658300e+00,-2.864854867953472439e+00,-2.444668213725181172e+00,2.970687962207014365e+00,-2.198453812200485746e+00,-6.941871376647931413e+00,-4.203552033143423294e+00,-1.029363985387870439e+00,1.601712619905388379e+00,-2.376634086151134362e+00,-1.211902910597032035e+00,-4.976229128777858612e+00,-1.212090497325918559e+00,-9.676233444206163270e+00,-3.145893970482501967e+00,2.493663573673826406e+00,-1.122602900145567162e+01,-1.368424485978643634e+00,1.759844680572250519e+00,-1.846701028049826665e-01,6.688777974246011837e+00,-3.522785555711733352e+00,-3.495875910512750817e+00,1.762231209421286637e+00,-7.506438903534361273e+00,8.720559197239130533e-01,-1.209884446720686402e+00,-3.336446562550711370e+00,5.540227400165167460e-01,-4.734284946967894037e+00,-1.947718240708461668e+00,-5.166700485345461225e+00,-1.197114418002216318e+01,-4.578652613276434025e+00,1.266102130252129809e+00,-6.133504472931647911e+00,3.201875367837284880e+00,4.365075992122973148e+00,-7.498961008516034532e+00,1.779052646020325534e+00
-3.739724299992899237e+00,-8.554759510120882871e-01,-4.061693450027037855e+00,-4.393527033059604570e+00,-9.576305198287480280e-01,-5.993317645913733394e+00,-5.127734105340220339e+00,0.000000000000000000e+00,1.909144602773463095e+00,2.541438054929145096e+00,5.648903436832597436e+00,5.096491258006572878e+00,6.979850205046733258e+00,1.147141626500895306e+01,4.043154845495799954e+00,3.168564216450465931e+00,3.385947682704743222e+00,5.369024735033147699e+00,3.429697658878029021e+00,1.337431327906108613e+01,7.971428018923549352e+00,2.060247403532378563e+00,3.463899282641003552e+00,8.613274660805233296e+00,4.304058499048126762e+00,4.231012529399327704e+00,5.790803817241809703e+00,-4.196013048314623184e+00,-2.310111010599839310e-01,9.087391345057019620e+00,6.061262044671968940e-01,5.524826105839672152e+00,5.591648766099650558e+00,2.107269921155011883e+00,6.528179056026250038e+00,4.928411135363277573e+00,3.907775067439031691e+00,7.473737569339560238e+00,4.423007663245212662e+00,6.927193119149878342e+00,4.910351542676267833e+00,-2.556413986475901456e+00,3.724499836051370139e+00,-2.289028190529834195e+00,4.678352782068077254e+00,1.835581904210519255e-01,5.009092246927868253e+00,9.190997613682087675e+00,6.309779915202555767e-01,2.508987740783790166e+00,-3.456413872987458280e+00,2.883238909434634678e+00,7.917142744078773831e+00,-5.178247039260141626e+00,6.716551436739916170e+00,2.090295295382718077e-01,-2.121004257800432669e+00,5.581715292083617719e+00,8.895372603959829760e+00,1.998030367123582396e+00,4.910294639206612466e+00,8.172633617865489697e+00,5.488866328486536439e+00,1.461620893139976651e+01,1.117926639487644458e+01,9.480337786146826318e+00,1.263910779696638897e+01,-2.349603713542263606e+00,2.381587731223832272e+00,4.389924631460885074e+00,9.747328042199692177e+00,2.138927473027615545e+00,5.738293485096825464e+00,4.507254230765743941e+00,-1.799920304909003566e+00,2.106269924947103078e+00,-1.132821068348694171e-01,6.314331867021598654e+00,3.477123589960776417e+00,-1.765942286477234779e-01,2.602434454376767903e+00,1.297440484337265687e+01,7.927455039816471150e+00,-4.486801367505263372e+00,5.398612205257076191e+00,1.089304604488636663e+01,2.281590660743710586e-01,2.829405568076578170e+00,7.401867654076062841e+00,3.098498374241367426e+00,2.389304196544275616e+00,1.020489294947109604e+00,3.053731560703874859e+00,-4.027808348752657253e+00,3.680411527811685790e+00,-1.219161160414150347e+00,2.090474262213483314e+00,1.305639947799652667e+01,-2.170196514989418013e+00,3.081696917499523902e+00
-5.346786066547104532e+00,5.152964492048113243e+00,-2.966605113090293955e+00,6.826299260644177913e+00,5.973205279813782909e+00,-6.369490345055831559e-01,4.720904527774611448e-01,1.909144602773463095e+00,0.000000000000000000e+00,8.302786716202609218e-01,-1.592319834094022335e+00,-7.320058784259909912e-02,-7.874017946912191535e-02,8.771161842099073347e-01,2.283181632175397269e+00,3.227254957018146908e-01,-6.786110654189547731e+00,5.857548356531784073e+00,-1.790599164753877259e+00,-6.757013356397004733e-01,6.070473087959492808e+00,2.853775970876210266e+00,-3.651319382746873288e+00,-2.852898704000935481e+00,6.551852585861507983e+00,3.052687786551720350e+00,7.143782282401959227e-01,-6.039283765879461363e+00,-6.476804739749455919e+00,-1.793575685635858896e+00,3.821835585357418630e+00,4.270488056403155541e-01,4.425565086431240580e+00,9.360792588157517358e+00,-8.919463411642171158e-01,-2.643485268113384912e+00,-1.669084203344605166e+00,2.663015873215291429e-01,1.092503657285926355e+00,1.052962913380352195e+00,-5.653659634006467982e+00,4.912684149453157900e+00,-6.346339907337466890e+00,-5.671482405628775147e+00,-5.068628181445109071e+00,-6.722953781441448839e+00,-2.122288381727584383e+00,6.311479761125922128e-01,-9.300276168331835791e+00,-6.959087098902432267e+00,7.154955803118843605e+00,5.046477984848626974e+00,4.523989964837600297e+00,-5.552422095872264762e+00,-7.711458642639532068e-02,-5.223280781629104919e-01,-1.257108638132103107e-01,1.994475344992987065e+00,2.089968819720554816e+00,8.406311841733185020e-01,5.004567181675142251e+00,-3.540927862241137980e+00,1.267773556162440585e+00,3.690080648127418872e+00,2.970407757715006092e+00,4.002392033969692342e+00,3.262402671064863924e+00,-4.082834059660656045e+00,3.462941770096898519e+00,5.917874618544238352e+00,8.232499210447387084e-01,-8.338834530290476721e+00,-3.768448749901001094e-01,-3.178581091769286937e-01,-4.405833559864546167e+00,-4.101433094589143735e+00,-6.690581468545874877e+00,8.326428926448677936e-01,-1.456755997989323204e+00,-7.115648625036750552e+00,3.210436499623216200e+00,7.579056094357119466e-01,-3.944801464708479699e+00,-4.160877809472224520e+00,-5.694561893799258145e-01,2.428485522281947695e+00,-3.417878938472269201e+00,1.882776983616255784e+00,-2.069005436487606264e+00,-9.133518932131469370e+00,-3.398384223518771119e+00,-5.849456299614224086e+00,-2.173400088151934639e+00,-1.500015201889811411e+00,-1.201259891742815444e+00,-1.030284107309179520e-01,-2.457859015332615638e+00,2.126645520383143140e+00,-8.486703863757297128e+00,-5.580907064508368265e+00
-3.886315095337784076e+00,-3.624400075188626058e+00,-3.965729264322912062e+00,-8.584859495518374572e+00,-1.328768354128321283e+00,5.991963121605727416e+00,-2.253389406474603174e+00,2.541438054929145096e+00,8.302786716202609218e-01,0.000000000000000000e+00,-1.671316357807002051e+00,2.892127172843623306e+00,3.889760112663093405e+00,5.004640811305226755e+00,1.512890966809246063e+00,1.909661468116552685e+00,-6.907571359140998624e+00,-2.878824643735350186e+00,3.071471297927575339e+00,9.624101961598376942e-01,3.290550517556093624e+00,-2.966483301064269273e+00,-1.078676797468138737e+01,-1.676513531743204055e+00,-9.766086640820489606e+00,-2.017800455173993424e+00,-1.464595333584102432e+00,-5.236733418125065320e+00,1.983132187866313734e+00,-1.282351979491664684e+00,-4.059186614337012777e+00,-4.646130257438182198e+00,-5.824986832084448451e+00,3.696502565066931645e+00,1.245103668117184093e+00,-3.936703367732060505e-02,3.793116204393273350e+00,-5.590838601797340601e+00,-4.609181719594213966e+00,-2.483346304533698756e+00,3.103190887378141749e+00,2.222404768797650032e-01,6.608913332698691079e+00,2.565067322883373802e+00,8.027371476642748416e-01,2.942359438397578603e-02,-1.340394970688923104e+00,5.185511453698207873e+00,9.582382603328869486e-01,-4.855878064061187049e-01,1.070656189665719715e+01,3.121418656909937361e+00,-3.464670907749602069e+00,-2.969617343936365117e+00,-4.185681155688706911e-01,-4.740490946897589097e+00,4.674392157168418827e-01,-3.822494340475571573e+00,-4.414894239658264219e+00,-8.368310590412953331e+00,1.795807977141179235e+00,3.603690339527311437e+00,5.350773367564404914e+00,-4.472224701369819755e+00,4.924457303300245892e-01,1.406259345386111637e+00,-1.843853653822920269e-01,-4.461602466500597330e+00,-3.342876287904211541e+00,-3.433232931028899593e+00,8.126823135350512928e+00,1.697770910414611478e+00,-2.122182349737713913e+00,-2.574445840015092024e+00,-1.052895812577798829e+01,-4.505320280870025229e+00,-2.596593577043325940e+00,4.032247535339698707e+00,-5.274861489275389559e+00,-9.600057088531832594e-01,-9.133339469531252419e+00,3.236327556516453097e+00,1.901700952305176884e+00,-3.003268433107181945e+00,7.390010543756967643e+00,5.946552592777677226e+00,-1.493097707946517694e-01,-3.583819697136318538e+00,-2.513228964601831317e-01,-4.969935887395654284e+00,5.750104756343559664e+00,-2.439851152916699295e+00,-8.822634834457621977e+00,-8.941315000886049802e-01,2.490007599176866204e+00,-1.481764496086581229e+00,5.815145005183173232e+00,5.948062804346855970e+00,7.944065891705995419e+00,2.823115376782350250e+00
2.655607053848536570e+00,2.079370497146123320e+00,-2.294873623126723494e+00,-4.724614472306849500e+00,-3.013190509673990380e+00,1.353511237455120808e+00,-1.478849256659484857e+00,5.648903436832597436e+00,-1.592319834094022335e+00,-1.671316357807002051e+00,0.000000000000000000e+00,4.639101384384515470e+00,6.463083401573814335e+00,-1.368835032901704885e-01,-2.304863527127028799e+00,6.385619064860060812e-01,2.057855863369190352e+00,3.713745723219382899e+00,-4.385584978692494751e+00,-1.034636753882669247e+01,-3.108594181781279442e+00,-2.113692278676021219e-01,-2.336205806019059583e+00,6.360547314868186142e+00,-2.986621773700744331e+00,2.124674388571087036e+00,3.095162925474447935e+00,7.109325951957428558e+00,2.314585371126819668e-01,-7.178271882832724105e-01,-3.473106988816584195e+00,-1.614602275047490210e+00,-2.134103556495564602e-01,1.454590199042411269e+00,5.139335205671238249e-01,1.196648807678305726e+00,3.422606813503971779e+00,-4.451883697326410427e+00,1.144862187898643802e+00,7.251188442765749365e+00,-6.281154739933177744e+00,3.143661625800824311e+00,7.496649106928330752e+00,1.076305543060232184e+00,-6.237119859968565105e-01,-1.211324704206768743e+00,-3.679612202984392066e+00,2.091698741977351617e+00,-2.490920900969147311e+00,-6.184923893496084624e+00,-5.228120564556213434e-01,-3.835251124570719483e+00,-1.043519196303637764e-01,9.747318200153546330e-01,1.429553389882739722e+00,2.238452418001615207e+00,-1.727052981960039757e+00,5.991063951942204646e+00,-3.232279232793349610e+00,-3.126707218356651552e+00,2.999088877297559907e+00,6.297039013245982197e-02,3.662757529924052236e-01,-2.508672409812146231e+00,1.271617158753449051e+00,-7.308501468840012949e-01,-4.249479343352030369e+00,-3.395314885138039696e+00,3.051018863172646700e+00,-1.343704834995687714e+00,3.029663451145833797e+00,3.630923410725539480e+00,1.214925996984332013e+00,8.077728320330434642e+00,3.053452183280839893e+00,-1.821419077091203931e-01,5.317754040111648983e+00,3.597158898716622533e-01,-5.019064039210757722e-01,-9.699524734946200155e+00,2.977046169483044125e-02,-1.115436211921781107e+00,1.831556406770056489e+00,-2.314297792175866064e+00,7.663871718318047144e-01,7.354134287807559289e+00,3.014974860953798963e+00,9.997480993328572652e+00,-8.645540646333151003e+00,-2.893048513949137313e+00,1.152221066742395106e+00,-8.662723307040087306e+00,-1.990140678865490731e+00,-1.855385624361649000e-01,8.150050982487318407e+00,6.697681451224715588e+00,6.165619652321288946e+00,8.565789359686728943e+00,-9.381979116490398729e-01,-7.914788834949868068e+00
2.807149476841414693e+00,8.062805821767158321e+00,3.694725654637656120e-01,2.597836342777139151e+00,8.126793079021853217e+00,1.332703132165084625e+00,-1.707675511429079807e+00,5.096491258006572878e+00,-7.320058784259909912e-02,2.892127172843623306e+00,4.639101384384515470e+00,0.000000000000000000e+00,4.776522895707054239e+00,7.512712205280552169e+00,2.811282373528376066e+00,-2.379487659551892786e+00,-8.048039490838636567e+00,-1.614736607052135620e+00,-1.998737197418666289e+00,6.163499009085391389e-01,2.289267746862573838e-01,-6.510724494631020320e+00,-2.377544919839314819e+00,5.599594860724472767e-01,-5.603011640190199705e-01,4.999129835416816547e+00,8.287922198150861064e+00,2.076974648590772965e+00,-1.240232575917642688e+00,7.282323671413433175e-01,-1.698766222959177563e+00,1.359287397834699096e+00,-2.692733267401885566e+00,-2.594046134334996534e+00,1.677383143803285792e+00,-2.896225134444028182e+00,1.078156155451450715e+00,-1.112185236410092593e+01,-6.004258015534784221e+00,-2.503047182437974083e+00,-1.954213993747532907e+00,3.237170480455777266e+00,3.781983653430311509e+00,-2.368439195042842282e+00,6.383560400174625116e+00,-2.164038285828282060e+00,-5.239872517365170346e+00,-1.014850154239256147e-01,-3.075158775572708780e+00,-3.802603736043296934e+00,1.144957602238157124e+00,-5.070016268035683282e+00,-3.942786429937222614e+00,-1.454217894662104094e+01,3.591232980322866641e+00,-2.691316821233593615e+00,-8.156298131815079344e+00,-1.729132898338080260e+00,-2.073781642738062647e+00,-1.465908837604751103e+00,4.573921305145637994e+00,2.187847732247422350e+00,6.726589265130513695e+00,-9.840566840444431307e-03,-1.446731284296383535e+00,1.669174201763298671e+00,-2.225140121498788037e+00,-5.571110313529239022e+00,2.672698019477139031e+00,-2.760976799522634195e+00,-1.711123034829423517e+00,1.026212032019691689e+00,-1.454562136989899779e+00,-3.353356555411520112e+00,-4.765723275687742344e+00,1.582618035175384241e+00,-4.985959838206913020e+00,2.829617460967658316e-01,-4.796744212070242597e+00,-6.327557626524501266e+00,-6.747950318156636929e-01,2.254699423432596994e+00,4.770481413439098262e+00,-1.995248046628775862e+00,8.007193917271891337e+00,7.633687017455454082e+00,-2.630286764233470187e+00,3.162382844695883932e+00,-5.808504476805393502e+00,3.629010493454624120e-01,2.520290810397426640e+00,1.077455908681692387e+00,-5.876902320215090292e+00,-1.881099948856411519e+00,3.661044738437644330e+00,5.369712963339884126e+00,1.020942678210215071e+01,3.521902911642621703e+00,2.815829941092964916e-01,-5.122120817741246945e+00
-6.654668709308021735e-02,3.358065494456742517e+00,9.313775970248052705e-01,1.529189374863683559e+00,5.355598822971082029e+00,2.501313111817674351e+00,1.625483802985580928e+00,6.979850205046733258e+00,-7.874017946912191535e-02,3.889760112663093405e+00,6.463083401573814335e+00,4.776522895707054239e+00,0.000000000000000000e+00,7.614682472122122903e+00,2.810105326167259054e+00,-2.633971585404345284e+00,-1.682101860907225799e-01,-4.891463685839163134e+00,-1.265549986192139764e+00,-1.474741349451016426e+00,-9.510767644426774137e-01,-8.742658323414383981e-01,2.936210665040699830e+00,-1.868317203759499279e+00,-4.874235243214008584e+00,6.739068042768987965e+00,8.730273474047127280e+00,5.978567893616889783e+00,2.254535332893274457e+00,7.748661865923553993e-01,-1.036615066460807988e+01,-2.625492933355047409e+00,-4.582153468927564255e+00,-8.501945172223445368e+00,-2.099837470327922340e+00,-6.901557954630427538e+00,-2.802629148498542722e-01,-2.800820080893172914e+00,-3.166427433080114096e+00,-5.705087425306041737e+00,-3.895278793367904058e+00,-3.133951053197581160e+00,-1.102894835017721675e+00,-7.073076556654948277e+00,7.091453236493135748e+00,-4.494429831694064958e+00,-7.010336583636935792e+00,3.379990770940501377e-01,1.185209858831680840e+00,-1.836992114288358291e-01,3.279061889438459887e-01,-3.793934895108329819e+00,-2.341150428468545375e+00,-9.470432792912735209e+00,-2.256091345656818792e+00,-3.068105172930633007e+00,-7.417129865084033824e+00,-3.010114000405542001e+00,-2.168813812492004889e+00,-2.365640321434767213e+00,9.675690405501768954e-01,-4.929575216967364004e-01,7.376756734549442918e+00,5.234428665052190954e-01,2.891186643294750613e+00,6.920587180679613759e+00,-1.076267218786765900e+00,-1.289509048258173074e+01,-3.837531788998193027e-01,-4.441741552434653073e+00,-4.834887713999484582e+00,-1.578875344818516879e+00,-5.130525399894207972e+00,-1.074844380269197508e+01,-9.676586428877737234e+00,-9.752773274753724353e-01,-2.842349325482857569e+00,-1.258137887297581470e+00,-3.686805768400410521e+00,-9.025244818181333173e+00,-3.350287317121311226e+00,-3.819661614301260943e+00,1.726823562582279425e+00,-3.716022111124877458e+00,3.786980101017821898e+00,6.903039063739260794e-02,-4.322940377749845631e+00,4.076660753487869826e+00,-4.238444261756824538e+00,-2.730369196493342088e+00,-2.537193552625742199e-01,4.979346276786636771e+00,-8.736445062441644538e+00,1.132742592580832097e+00,-4.382831549003905813e+00,-1.627402808066652051e+00,7.107735492762827789e-01,3.689676294115514565e+00,1.087630329638675120e+00,-3.930053950274542629e+00
-2.445045592053310290e+00,-4.077902417694728499e+00,-7.287409713911644493e-01,-3.019327859620693388e+00,-4.342081112442282453e+00,3.902379855691809230e+00,5.188153691159398673e-02,1.147141626500895306e+01,8.771161842099073347e-01,5.004640811305226755e+00,-1.368835032901704885e-01,7.512712205280552169e+00,7.614682472122122903e+00,0.000000000000000000e+00,-1.011658826871124184e+00,4.924769022421457421e-01,-7.480051753323159858e+00,-4.158495637964040093e+00,2.132599530292562662e+00,-2.130250777699812303e+00,1.359760357729658642e+00,-6.676962165498343538e+00,-4.069006208366823252e+00,-3.305596799813425246e+00,-5.226220999226135255e+00,-1.499620235868983187e+00,-3.892098215361482705e+00,-5.493892495875760673e+00,1.470663798437322312e+00,-4.390016416494766816e+00,-6.422688767001520915e+00,-7.218517035425454864e+00,-3.359321017249234043e+00,-5.695777127472435586e-01,-1.044935556576374047e+01,-3.023684434258976150e+00,-6.494050851553188064e-01,-1.963842568590131732e+00,2.393392027975253189e+00,-1.849910129241201018e+00,-5.875709343560254538e+00,-3.544525580951735311e+00,6.765095621483220301e-01,-1.761435659568673984e+00,4.111638202765489858e+00,-1.760082858362391089e+00,-6.499133378184366983e+00,-8.202240818976981984e+00,-5.314084809450553060e+00,-2.939184731516626403e+00,-2.131584343341185850e+00,3.066095845561191080e+00,2.558836408249888783e-01,-1.851821868511997149e+00,-2.698063369677615064e+00,-3.149199988345536383e+00,-2.198957021581355420e+00,-4.131886021305663625e+00,-6.307121290696714233e+00,-4.886926777707771841e+00,1.925562630837100331e+00,-7.468483289247592971e+00,-4.919431673736137434e+00,-1.018382122589515104e+00,1.381108199074815301e+00,1.545131834425259809e+00,-5.807594945369368489e+00,-4.763915535551327629e+00,-2.685451551979255447e-01,-2.525707230016959848e+00,7.887704872037090809e+00,-3.355999807712493066e+00,-2.687263572668437295e+00,-3.399390461861975687e+00,-5.306280800101784711e-01,-6.838704684138751766e+00,8.036758994397785738e-01,-9.734132470649785596e-01,4.389597809791155325e-01,-5.238870592883659860e+00,-3.678230969288039276e+00,-3.047133638466824834e+00,6.971596872116577082e+00,1.603177367401991793e+00,-2.267754722022190084e+00,-1.009893863642985057e+00,-5.515808058368804723e+00,-5.831078045518228947e+00,-4.040633122016521028e+00,-5.131551392920565391e+00,2.774277490531286805e+00,-4.229264562512566883e-01,-3.153777569741005316e+00,-9.934450053394899172e+00,1.866155247517311100e+00,-2.328174164686025449e+00,-4.054785007144624309e+00,-5.283637952687211481e+00,-5.851179694982592494e+00,-4.071711216972512482e+00
-3.550863423294050136e+00,-5.945154365557510978e+00,-2.542370600760707200e-01,-5.264687288484406480e+00,-5.574756589354350034e+00,3.615531976389977142e+00,-1.799815028101528380e+00,4.043154845495799954e+00,2.283181632175397269e+00,1.512890966809246063e+00,-2.304863527127028799e+00,2.811282373528376066e+00,2.810105326167259054e+00,-1.011658826871124184e+00,0.000000000000000000e+00,1.187655917460612859e-01,-7.246736016086177123e+00,8.257749018688507192e-01,7.055880451422986255e+00,-1.546499786629981665e+00,-9.504636875568939214e-02,-7.409140406721431482e+00,-3.231612304831545046e+00,-2.977002621238425295e+00,-1.215201421455536446e+00,-1.884236555126906909e+00,-2.997984870876581276e+00,-6.757736141216004189e-01,-2.238175753801491474e+00,2.137700636173836877e+00,-2.223530827812467692e+00,-2.884924548224960361e+00,-2.083391924037386822e+00,3.687904120743306091e+00,-5.275288440828646230e+00,2.254373884219612822e+00,-4.704802509250141540e+00,-2.370823174219341745e+00,-1.805019618796542158e+00,6.177736328196111737e-01,-5.852649573385918735e+00,-1.046520026407506410e-01,7.093741217402704802e-01,2.586041740561098479e+00,2.812440770088680431e+00,-1.897733735741412797e+00,-2.510135586882947134e+00,-5.522195666369478673e+00,-1.114623784159463282e+00,-5.552204348884497875e+00,-2.163631718315470742e-01,-1.868754967497469610e-01,-8.467630112584604296e-01,2.904496887664630211e+00,-4.346465010952092811e+00,3.200492152710536220e-01,1.804746912787567714e+00,-4.164109063964154256e-01,-3.501620055480596960e+00,-6.098170695431551103e+00,4.291005781694218868e+00,-3.557939941291413444e+00,-1.786926073510079593e+00,-5.316437274847114480e+00,4.935172195170509646e+00,5.348561461705600983e+00,-2.851048850925014033e+00,-3.331359778013486039e+00,2.030035490388161445e+00,-1.612242526961525924e+00,1.909212525882020506e+00,-1.680767586264922064e+00,2.920574567530538346e+00,-2.413496213966237036e+00,-5.468713958753926185e+00,-2.599812285115536525e+00,3.500654471216197550e+00,4.062474630886129034e+00,1.373869816389275966e-01,-6.029150953711450711e-01,-4.177904831849737377e+00,1.058322569707992988e+00,4.512587406490619735e+00,-2.092875348460521145e+00,2.231676190750213173e+00,-2.502202352071143387e+00,-5.743311099693164223e+00,-3.480886363180390131e+00,-6.253628480062620731e-01,-4.492199879822322828e+00,9.899888159850290137e+00,-7.639228474348136455e-02,-3.368328913355609799e+00,-7.125005610158426927e-01,7.293990805047517512e+00,5.421539825009437763e+00,-1.862272039009964963e+00,-3.503016934872241972e+00,-7.530693103185098769e-01,-1.845389431327103091e+00
