0,1,2,3,4,5,6,7,8,9,10,11,12,13,14,15,16,17,18,19,20,21,22,23,24,25,26,27,28,29,30,31,32,33,34,35,36,37,38,39,40,41,42,43,44,45,46,47,48,49,50,51,52,53,54,55,56,57,58,59,60,61,62,63,64,65,66,67,68,69,70,71,72,73,74,75,76,77,78,79,80,81,82,83,84,85,86,87,88,89,90,91,92,93,94,95,96,97,98,99
0.0,-3.2936017279135568,0.3664424139560674,-5.644412233722295,7.839915063845779,0.2709344391017698,-1.208838742013046,-2.2375698958148798,3.509064846970752,-1.3089968483199887,2.243965907427296,5.767921265433497,-2.0362988187575395,2.0836460982631606,-5.313028883178852,0.5111233193913083,4.520780104387012,0.926045138927057,-4.947013143898683,-2.8337458198509013,-5.332091764814112,0.1349868026991004,-2.0932650280795504,-4.097042091600148,7.028294579015745,5.710847802014267,-3.8320729270485994,-5.258748269584423,-3.3679915975568955,3.0562867099174196,2.7328508941904146,-1.3326967944525516,7.770565980579626,-0.47299613690655035,-7.529819770718146,2.045492225276189,6.857087851575634,-2.0522687876653607,-0.013845518067313666,2.9331610775149524,-0.8708280138140766,4.737708190911685,-5.828459067061153,3.9661631841060303,3.6778667042374606,7.265144849736302,-5.988760401674057,-5.2742293003189005,-1.91470250542254,-2.993511999835547,-4.077037447657446,-0.26893481695157706,-5.071128688119135,-8.30438570441561,2.5858105270504863,-2.3543524007701766,-0.9023694430816234,1.5891552449039528,6.681705242242442,0.20490012302239027,7.976549379499678,-1.506409587763014,0.3910000400929807,4.362199237883146,-3.5379254334150887,1.3892316938818112,4.0754079383704696,2.9997949488104254,0.7995398095693542,0.12585533813559238,-1.8287624679439876,-0.8144592221554849,-12.710345402529958,-1.1084053730084351,-0.9455413947209352,-1.884962759588124,2.487144510835819,-4.824403537507652,3.0937023755034416,1.1968357007463046,-2.804936607199846,-1.7815124873603876,-0.06008022268931985,0.481699116694247,-4.926019158465968,-7.708069665732752,5.704448222235142,5.1821416046109885,-2.959167575322072,-1.9699503520741384,-3.9239653036439495,-1.0569664750035184,3.338531249233963,-2.0794750030154043,-2.183226146545996,12.210496842230215,3.1745888513660323,-3.856507364265071,-3.558215849909379,-5.065058680787966
-3.2936017279135568,0.0,2.4029387747890607,4.782695299814216,-3.0941096792441622,2.026506036194392,4.047356847381031,-2.5667511947780897,-3.9009630893645095,-3.3592744731933832,-1.9071736223942937,-0.860029826896056,3.0478010801422775,4.868056677447255,-3.856618186544176,11.831522524104688,0.8285492491494733,2.11549751414621,-1.1940403213583783,4.101229646213303,-5.156757981150483,5.961491160069654,-2.486323845844921,7.08955527828605,6.810619775723482,7.133768105152368,-2.475789337584854,-4.486797557139035,2.0060089970595065,-3.845309059471557,4.251639323460723,-3.2747337612295286,7.422852008843133,6.8324923443851375,9.577630317339164,0.23965227083887553,2.1173022536275306,9.123178022609933,5.394624444156779,-0.9694464018959488,-0.37024047024570894,2.4565597445216527,8.70503210238158,0.5827355031964118,9.585414328921603,10.308280703161628,8.83409043780395,-6.19672311931132,-1.4755429424451,5.912351903392038,-2.2006170264502343,2.646023852807525,8.017672736394514,1.4909420854789648,-3.312937249423572,0.2438671996076212,2.025547274378978,-3.267327362514627,3.961110071914213,2.620294770239492,0.023012428312522225,3.5578811836062014,6.6559294839698175,3.8159156675021366,3.988177944810897,0.9525995349059699,6.638215848945522,-10.721639097758372,-0.43985954191548826,-4.545974379818603,-3.677348111406405,4.451932714870698,0.35751177038525433,0.6804164944062878,3.5220353368387047,2.7714289828657774,0.2849047226738912,3.378131293610822,2.967887398792148,9.85527579861352,7.303759251014625,7.741374749131566,10.965806651735942,5.142990106854116,5.023873136315713,-1.0075785906848098,3.482322255862329,-2.0618494594954364,0.5759455833180721,6.18316052362464,2.547820222256588,1.67183441003151,4.920592812575564,-1.966905422547104,2.461707409956517,8.778539686446848,1.9563439738224089,3.451954535279696,2.2391863666878287,5.299235648811781
0.3664424139560674,2.4029387747890607,0.0,1.0886868221231292,0.5217374260782022,-0.5715615939633287,1.6441361368227148,-5.617034529898072,-1.2622055160677432,-4.345783242003858,0.8882359732862416,-4.945313092632342,-4.2532661216573775,0.33088583352915607,-9.380754490041356,9.619205402854474,2.2998414454036356,1.5649371827704455,-0.05995510100289474,3.21784873378007,-4.25745462805816,4.954804863373987,-2.435237778958359,1.5555807690422707,4.58788691989534,5.0082763290660415,-3.4180402191738937,-3.859390935106481,0.9524253495782656,-3.0611806018836694,2.8876730742204324,-2.7988787643331814,2.8523397571732247,1.5297000825631304,6.720446815851489,-5.476443677788313,4.564463260932592,6.421332905794331,8.289422853084922,3.921523121393317,-1.0581592051284296,0.3926297688928999,7.133392109067215,-2.964618638953744,6.579216702261806,8.240979299489817,3.181711060466234,-10.07548379080788,1.0293666927224228,10.335971283673535,-5.739111095721354,-1.907370086492776,-0.6342324502113291,-4.533181100835544,-2.6037402295515792,0.17940975435651219,-2.3857515688380206,-4.787773723729313,2.2718671094337015,-0.4674608366592029,0.35025304238565746,-2.199641391613802,0.5521012461742055,-0.47434155010558904,-0.2433063360069438,-6.700995888429968,4.389282715847821,-1.7387180872313177,8.99854038103909,0.15029119538312596,4.8607490837090515,8.090424688037585,2.5290930160778995,5.738097566517886,1.677239923318334,-3.3162175662734352,0.5785605886086672,7.337288819192379,2.4975907891781577,1.345977325534314,9.330085509456262,2.3046931238907407,9.700064140829449,0.7448370349882467,7.465055242819383,-0.8218712119485723,0.9371702970391045,-1.738846923110734,-5.1058855839262,3.74766880803971,2.1557912398920447,3.134776557517297,4.038800594927082,-3.250082466694803,0.6067890037481181,4.883158484325998,1.6953694154332504,0.24565498055771476,2.0430537444635033,7.331604211094392
-5.644412233722295,4.782695299814216,1.0886868221231292,0.0,2.5075022885165446,0.8633965342697362,1.1911424828720765,-9.073237512446932,1.2755389260881436,-8.052953344035766,-0.9259224671144017,-0.03591506070980456,-7.459886770446839,1.575317364603678,-5.516450697686952,1.4395153330915516,3.7143102189447585,-4.589335984671907,0.18507350827144323,6.595652622415408,-1.0378067437022802,1.4648733032944967,-7.480639873481181,0.1064301329712199,0.23131361425941327,0.23903340617271143,-3.5834805961106486,-3.550823662237675,0.13339520485480882,-0.00794355966561406,8.18334833023488,0.8985990522204484,3.342013766629256,4.172036325917573,2.107009682047929,-4.1560819021275845,2.7289777605138283,-1.251873879966445,-0.7767714581385076,0.5398650408852343,2.1942279427184563,9.795798136294515,0.15442085649401038,6.192381791731946,2.6153128374540446,6.852263685048006,3.3152636832250013,-5.941016546803064,-4.364450319512951,3.1273202013505164,5.950426312577844,-3.756137810780136,3.8780363874728248,-6.314071055086016,-2.755731492162611,-0.9271465392829984,-4.555173258242089,-2.3592434278264407,1.0935930394563282,1.8399800310331489,-0.17431329060492123,-3.289930371182832,0.07203427274845532,1.5355710059575556,2.6540352929621367,-2.578792404519973,-2.417660278657724,-2.3060257380065514,-2.4559089069667928,0.011338182556218204,1.0291435935572004,4.028956148634704,-1.8012213012513592,-1.579281930380659,-1.8896187049757307,-1.0656104842767649,1.1180761025386214,-0.2002174335384504,-0.6972579392409444,5.353086979663153,-4.528755014035827,-3.4604462815267003,1.4198018240994323,-0.7048390576887874,-2.812252525886288,-0.6362568321347386,3.1142344418508143,-3.408487306577946,-3.2982627315482542,0.8051724403020526,-0.8236611739732804,1.4909520406795789,-0.13695969940411268,-4.195380553309576,-1.708603035152347,1.3247777981271451,10.116612576786068,-3.5006374388114696,-3.373691859820191,0.8246407194079891
7.839915063845779,-3.0941096792441622,0.5217374260782022,2.5075022885165446,0.0,1.3837067604881572,3.3808759349226887,0.6094714770216385,2.01761887028336,-1.5728797316972023,3.5650223651948454,2.4116748796020966,-9.220242669574723,1.8862198456849528,-7.760649384417558,8.624155997685342,5.8016490369291684,0.20523140283381247,-0.1467292991408992,0.12112086774333682,0.5109121750545521,0.7965285830130068,-2.3243400734879516,0.7426042637139709,-2.9120453857783457,5.227022320039242,-7.362564877820159,-6.52780180012346,5.051427728771031,3.3969845869982396,-2.18348867072902,6.866430844849737,3.014459781395848,-3.622030014972484,-0.9947689680293821,0.04183385787343816,-0.5334712723047396,6.5014262099580495,3.0026436686254607,4.201035399454166,-2.3245433750474422,6.914753605658645,6.847224636628671,-0.488046974806154,4.896436252849446,5.486766617201403,3.166223749496153,-0.377967920306388,2.2249688434981847,2.282616372744572,-4.951367990781616,-5.561103915257718,3.858902871772578,-2.5792051730187846,0.3109349687158368,2.454244963444056,4.415362951860237,-0.5297793162835065,8.1273535364819,4.536135870689582,2.7631386838119876,-7.543056255547023,-0.7703518842451466,-6.7660739600971604,0.4505672760633558,-3.424007252252964,2.653938228410764,2.90939547949681,3.700628212798044,4.80897067226983,4.657896618572725,6.791816062761061,0.11570090482037802,-0.47882387998161313,-1.4291559608534832,6.8065229953958895,6.288776281300083,6.745483417671824,4.587193978429453,6.005662018758872,0.17894192209145293,-3.0799453245019506,0.7697440250431344,1.2123263278108742,-3.02563432817066,-5.25987261984289,2.0544386609954177,-5.31470454175484,0.3771945230543361,-0.9074035797142901,6.862888111797403,0.9484766249719333,2.431182868366668,0.9449942024418692,0.038273828071741206,3.8700553113909666,1.9293909288763929,5.246112683541536,2.8500406885310743,0.7686671417169594
0.2709344391017698,2.026506036194392,-0.5715615939633287,0.8633965342697362,1.3837067604881572,0.0,1.2333231098573303,-3.595067725724777,-0.47703063345408103,-2.7536027347820737,1.5258564493642204,0.20435842288092537,-11.998225863694223,-1.2942712853644258,-9.533841444507,10.407411679496825,3.36126663760306,0.618436263116013,5.821130564420017,0.6584941977020953,3.1747319138769496,-5.453095682401003,-5.430642418415446,-1.621586186108554,-3.0863681805986136,-2.334044489760673,-12.828776820512983,-6.066001599901735,7.026613803992344,-4.298287517187032,2.8227484074799944,5.86496211234711,4.993178734011058,-9.826895590957404,3.185589242956895,-4.362842796573904,4.771554561534472,10.295504083979372,8.79075794320001,5.870339759643016,4.13764604535159,5.619518013867486,4.940522621563341,-1.9644043334553472,5.141214651712796,4.770322977064343,2.335997114916368,-3.759659432905925,3.467090324594724,6.441316456828404,-3.021113496653326,-3.1513839127419083,-3.0157389356732414,-2.3695403255978373,-0.300201125064576,2.6569491704236134,-5.955518342404128,-4.2317143030286655,0.7077306966364394,0.24970622010448087,3.6306314821436314,-6.127615140501168,1.3897491879630948,-7.760892292916473,0.16449643610912745,-7.446507817447009,2.0561713426407424,-0.6764613336838564,5.33069971622894,1.1340890696338553,2.1942661534446475,-0.0695109701864749,3.294059280817427,5.686719111148119,1.1847648742113748,0.1461501779814433,2.8472103439384746,-2.443414977635749,3.3949117768645967,6.988099904793567,5.966325587930872,4.217287739753396,7.8706906618972035,3.8211906034188887,8.288387805344168,-1.3545749592185388,0.1063207260357548,-2.1758109566963646,-1.04040349382461,3.223164502101291,4.025120182079501,3.1385526204469167,8.310108790095077,4.19141251665962,2.9799084831425224,-0.884582464300886,1.890536592000413,6.287313157891125,2.6461970736929548,7.314192876356805
-1.208838742013046,4.047356847381031,1.6441361368227148,1.1911424828720765,3.3808759349226887,1.2333231098573303,0.0,-1.135349179755146,-0.8009011290310573,-3.6359999587446343,-1.5522928430514888,-2.108717331732836,-6.327801487266096,5.019369643847361,0.1930798955413126,1.0051066935667583,8.178749215451706,0.6903811492256227,3.7619556737549433,6.812235920393361,7.110991746106008,4.140549345768757,6.864101023558952,-4.975717907314516,1.673025413706042,-2.540549390708569,-5.347581143557137,-6.2214506274907055,5.2485704007028815,2.0235847601494794,1.3673343186809075,2.559636358043341,5.976162747597376,1.717757768013746,6.624492116567791,4.152785092551564,3.4751564845793648,-0.515847349741875,-0.9925901927031648,-2.384228603448506,-1.5552510035181175,-2.3682524478013094,2.126354259758565,3.1701430444556378,-0.11040761553078351,7.411836453554984,1.3445394513426079,-1.9980931427371005,-2.628008195207853,2.4984448171512734,-0.6453189720189202,-2.43066211925984,-7.770542516222172,0.7367022613864822,-0.16799591273734335,4.846905372217757,-0.36747872073475074,-4.013843934275725,-4.533817166480292,-2.9513423045519156,-3.7274721441220766,-3.1948207862928064,-0.9998940282798631,3.34400430825874,5.603820358071291,1.1524902157298975,0.7703397982019548,4.689040000394988,0.24543407604167244,-1.5735203811561744,0.8100459284447555,-6.425671654003156,13.769331212887613,-1.7062311511026067,2.2718563711743966,-4.973369821004116,1.2109205595167771,0.724049282292868,6.811315842333584,4.477132317078201,-3.386695436131061,2.706367119054527,3.730602016158752,5.980101332160238,-1.6349226952736555,4.523356400375287,-0.9173833240936675,-4.457717377307324,1.7022235214931667,-3.996434954707868,-5.559012388923391,-10.350325979550956,-1.0934309195030452,-0.024038149259244277,1.567810302341329,1.8388049089645735,3.1968097945746123,-2.379668470540736,1.5428198318114807,-0.6887946742633292
-2.2375698958148798,-2.5667511947780897,-5.617034529898072,-9.073237512446932,0.6094714770216385,-3.595067725724777,-1.135349179755146,0.0,1.5063621829560818,-2.5220138526946654,2.7221484079719844,1.7363209262595731,0.15356901426543587,3.8581702691639137,0.8234397514839226,10.413836294525824,2.1049933782566894,3.7430533240255968,0.5020465986717351,4.531824016046205,2.420047493240982,3.38962168391326,-2.2324443513271754,7.958068820032201,8.038180690869467,8.434268126531036,-1.855767321291452,-0.9973190314315948,3.1996598070648217,1.0214456605085631,4.320349751498656,1.9016766381386847,6.748001290682385,4.4051114713590795,5.12986280057715,4.847777328264694,-0.9540169666984992,9.013163821757487,2.6780633823711955,2.3960532259197382,-3.8471218637661377,0.9420437833011565,6.78135080262302,0.8388716145329571,-0.6132355902050847,9.156697061692066,4.816736498683347,-0.39789000558888726,2.4539924466651697,5.0586314883756955,-2.992267644805258,6.1619051632214115,12.123117387725898,3.559250194536217,1.5228139655356463,2.617723516972524,2.158196599245267,-1.4675137477719795,5.010125872450417,4.637218504680065,3.894405478406037,0.5901557018598805,5.06917064122135,4.069395029506504,7.399783493791848,4.118100373026632,10.74858754202221,-2.5482104154675755,8.161159222805711,0.31951933938460897,0.6742687763352158,7.219324913300186,-0.25076004279819886,3.2899736549607765,5.465198910640377,5.73298739517376,5.475119323082472,4.876994484205878,3.318394816079099,7.906387496082178,11.682535337791922,2.4705142044840764,2.7620389075581495,4.1170267475181515,-0.08738255743946281,0.6793231553116832,0.939180131495881,2.393473160456548,0.38389961619892193,6.749069246837219,-0.7022005344253481,3.0302666902701247,5.532679345860994,1.9207064307040969,0.9715528326739549,10.94726951477678,-0.8359758179504736,7.153611407884463,2.0739867179091327,6.169863724155426
3.509064846970752,-3.9009630893645095,-1.2622055160677432,1.2755389260881436,2.01761887028336,-0.47703063345408103,-0.8009011290310573,1.5063621829560818,0.0,-0.8851462425293111,4.243799197450819,0.14552773427326227,-3.7656580440400873,4.0336008791467215,-0.03883577429872184,10.821573779690272,7.84412794626174,0.8433649521640826,3.7833691149253936,-1.9513649056634383,0.1413256877479488,-2.2226692785146045,-3.2221580686929845,1.5159093160360304,3.6500263008692926,3.2628686551747306,-7.337652879245742,-1.5254885529717577,5.5122510412016,2.724244725201108,1.8724902397446783,9.086682929429411,5.818741589623747,-8.941706283317933,2.197413874541559,-3.8663065713347606,2.6532236223005765,8.653099314179888,3.6131156144052072,2.808700515503616,2.5724531348952175,6.311100343801588,6.501719289160515,2.307356207427192,5.861701526214472,8.623006656264826,2.1249018215744178,-4.762909497716478,6.240397014297873,0.3771252092088674,-3.5634638167344,-0.08830943953253428,-1.5588646017470416,-1.2261368260453656,-0.16397764398056575,3.543800513605048,-0.001998550518024828,0.4203665614727905,1.3263125090841938,3.2304108488115846,2.5006397954273587,-0.9489421703495562,7.114449073638296,-3.6141594830822226,1.451475089150546,1.464838309565896,3.7100440516972313,2.515288631358711,4.678391271641593,2.4803474989922174,-1.6106400933774847,-1.9562922430465068,-1.180343162816257,0.5522662640648238,2.058788776359767,6.773431945153368,0.6999546667831569,2.545344698613817,1.7198091253925047,12.694168774661124,4.696432896973955,0.5938372426304473,7.741321318353381,5.491409752222089,6.788450687367935,-0.5321858219169471,-1.3974320316058773,-0.32315021797171595,1.2855156850009026,-1.6296613742729615,3.7382117802690016,7.4349622134928115,5.698129497835796,4.436853169121668,5.0800336459537005,3.899264805670134,0.785642559830088,6.324452964658482,4.930315886488898,-0.7044612600332689
-1.3089968483199887,-3.3592744731933832,-4.345783242003858,-8.052953344035766,-1.5728797316972023,-2.7536027347820737,-3.6359999587446343,-2.5220138526946654,-0.8851462425293111,0.0,3.4964413310418343,-1.4980219208872811,1.1828268125923411,3.4426743743532504,4.6689388725249215,4.499445503512963,-0.26644150710677494,3.622159096362984,-1.4974034403354637,-0.8228843439291945,5.375048957515037,-0.05892338941608719,-9.976876217530272,-0.8744263093364589,4.344092125291264,0.8398127630445135,-3.8466607928684353,0.5599367685126668,6.977387005170169,-2.693723955883725,-0.3559323338536238,0.6645252641287773,2.823181561688551,0.3684557286064719,-2.8347414059257456,2.794280132818225,5.768760678912278,2.869656087780652,-2.0127471114560715,2.897099230821864,-6.774491179911808,1.3882718043510067,4.9862733928846446,-0.7027766264756787,1.2426203483825575,-1.3843102686713844,1.861687222775056,-2.1050938206921734,-0.25386989595544485,-1.1048501065155563,-2.5087057697253714,9.025333966992545,5.414254471390657,7.3140915985904655,3.8691411393309054,1.922618113547796,0.720236366483994,-2.0851650390182344,4.139833532051416,4.1498825959176875,-0.9822780827812947,-0.6904750461626291,5.7568647512790445,0.2573227937918364,5.559895662021554,6.001686312832458,4.544097530012723,0.7441953589724493,6.810583721025464,-5.8924192541254365,3.9222303722317866,3.4355589295472093,-6.314124059019393,2.734397623196924,-2.0376288755489105,-3.157737886537133,9.314501294125533,3.131275926860388,-0.2831234720031391,1.6992594518241373,10.743641404785716,-0.11278808318023832,-0.0043860490283617725,3.657289452325848,1.0386774361238884,0.3024456663252168,4.58055105668123,-4.020292134693739,5.006091452533308,4.571531926070241,0.09555938278233966,5.402877948237305,4.2266528918284925,4.403938398030959,2.2631328941297006,3.9671737652420456,-5.753269218448933,1.3350512849134368,-0.2669120935082789,-0.7742575571199206
2.243965907427296,-1.9071736223942937,0.8882359732862416,-0.9259224671144017,3.5650223651948454,1.5258564493642204,-1.5522928430514888,2.7221484079719844,4.243799197450819,3.4964413310418343,0.0,-4.036946545802572,-0.9257642321426833,8.326301354241993,4.674825097088122,-0.7288616161066042,8.26354661816171,4.3958562994968045,5.80686487527456,4.222778454329986,3.765791524801452,0.6045361052387423,1.2042895245729046,-2.936172319778952,5.659202099019125,3.199612068037355,1.5834225232005492,0.08137017722067488,2.0727904012784553,8.505981744338785,7.114262398262904,-1.9407854349016775,0.4363863841741879,1.55647235675233,0.5811653061719435,6.450365460451575,3.726972020668743,-5.004042490255323,-5.364956418151923,-0.0065239390751750245,4.282086645696321,-2.741411260881049,1.5543916614756157,9.996974131224265,6.391600223698392,12.684881342916468,-6.364977641773482,3.2778556289844025,-2.418839843012804,4.850926738227874,4.3050236913879525,2.3856163628967524,3.0797848625183115,-3.302742615640547,-3.149749020512113,4.074650906957522,3.888888152127103,-6.258772028958283,1.893022740320756,4.9631377862187485,-1.5138249739419427,-2.9637856245658094,-0.5390775107633489,-3.546169638541605,4.78816932760538,6.6093262635124965,4.180447537921985,-0.3887005524202052,6.596395644825883,7.313091488860298,5.17493566036338,2.70185251756118,10.75172143978656,-1.4476200634267036,4.188478799547433,0.012111108565967643,4.8898319180383165,7.036339639540135,1.9839615399044244,15.475116643279252,1.414627645625338,6.002427126228112,6.297061464791345,12.398541915990648,0.4677308482666379,8.57617255359145,6.934507771714185,1.8465578137169572,4.4721254617006405,8.07585077572362,-5.370937338311462,1.9466066995153248,0.2588415768152068,-5.361390055379108,7.473697974204971,5.355539026662605,3.3503012173182336,3.0262934608600887,0.24792397087211407,6.382260816214876
5.767921265433497,-0.860029826896056,-4.945313092632342,-0.03591506070980456,2.4116748796020966,0.20435842288092537,-2.108717331732836,1.7363209262595731,0.14552773427326227,-1.4980219208872811,-4.036946545802572,0.0,2.015804359933102,1.8589506436809196,5.652135046732488,2.871719980825665,4.71620270027339,5.073102107201433,-2.800226757713805,0.5041877128198361,1.9322942777779528,9.440507891905357,-3.434803767574773,1.9420867521684415,6.565410106527374,4.988774604002185,-2.1553501870134673,0.9527094627704704,8.251484243052635,6.414090405135484,-3.256803559195239,-4.480933075947151,-3.8903711741468303,2.3604202851254468,-0.8166953906869726,-1.0899643780105204,3.758362585686688,-4.90696649716604,-3.468707922836771,0.8426385443913541,-5.1703295064186285,-0.6461478149413306,3.500358013808272,7.968526534609782,2.488693735354758,10.308806929216045,-5.447983987394811,-1.5692578032138826,-0.9423555057760661,-1.90995724077646,-2.241434441415367,5.867634843065874,2.6435960034074673,-1.9079948758846268,1.3330643709581582,1.6833862134285171,-0.0964521552840178,-2.293831325108131,3.341278714000312,8.838195485471548,-0.20053276682540624,-0.008748133575454644,-4.501415414571488,-0.776019160103273,4.738161173502399,3.633309842052008,3.542369405429238,3.3032680673262846,11.099549174315907,5.1279434739769,5.329121027981347,4.4529792172097675,1.7164487101116095,-1.3802538155234818,2.6041757694214778,0.4169583471409177,14.172100354980016,8.104513700848145,4.4849354013605085,4.368000636165258,1.7123125299194617,3.2573906753348982,2.1561313890860347,2.805968321266288,-6.618035220864956,-0.35296535263348444,9.364367936303468,-2.237719928835128,-1.4307733515405454,0.9837174868833634,-3.1588055633069594,-2.581015098896706,0.113488703961084,-3.8456884590415106,-1.3508483568132215,8.64272461179301,3.8869592237295225,1.4252506258597808,-3.018255324483972,-3.642922518370387
-2.0362988187575395,3.0478010801422775,-4.2532661216573775,-7.459886770446839,-9.220242669574723,-11.998225863694223,-6.327801487266096,0.15356901426543587,-3.7656580440400873,1.1828268125923411,-0.9257642321426833,2.015804359933102,0.0,-1.2482928924631227,3.4654022617710067,0.02979545888621176,1.4749440467265584,3.7202674830883327,2.065578258996249,8.154026060644883,5.622032913744113,6.986513327964941,3.325570850812332,3.5991180865063668,10.217319696502104,6.971035420251787,8.967612512512552,1.5577919643012954,8.089326159834044,7.279558738008228,9.444348821499922,-1.157316468688309,3.3965248129761587,2.28203514004842,-6.849172353215855,3.7665176786292696,0.4362199921169799,2.6945057394293483,5.8339413874048125,3.8802721266318496,2.4839598436108123,2.10711154612928,5.773462316649528,7.341090271736078,-3.410428654522175,4.658461771998585,0.4884924785649949,0.4207899462090175,5.968666658640155,1.5814697960934871,1.4973858991653788,6.327095147313048,5.572897646215982,-0.07772082196750547,8.78190485893934,12.080533386585898,-0.8950922483039069,3.9502966428187434,5.5438583337838505,6.363635693432084,4.038716388621098,-0.07524912971389308,-4.424915093895514,1.9590347628627067,0.3803094307208024,3.5902845510541286,3.377267025884704,5.856177251091885,7.616839013646298,5.791229277182957,6.439328951674915,6.042829393259663,5.57072369123627,10.682491930066918,2.203301691708836,3.957530100700765,11.991721734635208,5.572631070065239,6.552619469111004,4.401983076193757,7.978213804424845,4.208510238136224,0.23923853409840223,0.8003539586047894,4.1783003746664065,2.949432229991328,0.3636720419785074,-6.073291211666913,-1.0126339873561472,8.882485075809532,0.6541574540187752,3.376659532320096,0.21539384351823712,0.2635904579005304,1.8992406400771928,1.0594468160787711,-1.591529494757025,4.570899054071078,6.073420799465733,4.436621353014893
2.0836460982631606,4.868056677447255,0.33088583352915607,1.575317364603678,1.8862198456849528,-1.2942712853644258,5.019369643847361,3.8581702691639137,4.0336008791467215,3.4426743743532504,8.326301354241993,1.8589506436809196,-1.2482928924631227,0.0,-2.189758338772847,3.1874735279610342,-0.28819167731583206,1.6117606212984512,-0.9027291285886497,-4.194099285074785,1.6928012579649063,-8.642311586463238,1.5329530124022066,-6.587441514031343,1.224889518056291,-4.069514703722446,-0.14275247163975519,-14.495231842156816,-1.065942333323952,-5.241674534182729,7.861373005139453,-0.6838737412084489,3.528450580996188,-6.197302974241152,-5.937807873693472,0.5779260546618721,-1.7730945575244537,6.066434792013307,7.870809611565114,2.530843731208358,-2.7448956061072027,9.696972278403335,8.282538907435093,-6.880922974807056,4.395147891302107,9.632338469451208,3.65718965112154,-2.1349093031758057,-1.9772964475425268,-5.712832962864561,-1.0714202156949315,-3.0812577161372094,3.1955438108852032,-3.422516456192167,-5.369180971245613,3.4113640773107488,-0.2678639320302154,-2.3402339101051925,1.4256208901572622,-6.382255436722187,0.09648144084372497,1.4205817174224615,1.5120393307882956,-2.6310527023613113,1.6503428131826896,6.387907202324939,1.1363342666544864,-2.4875840766003967,0.4392693052192025,2.4591410500372275,8.681979079849958,-5.0956953189055385,-8.579899222902032,1.460576752354227,0.7337022837848561,-1.7877009808939297,5.573997200595763,-2.358952588247636,-2.3845778582247186,3.7401816411125406,-1.311100331927887,-1.1891277384192331,1.2877540791284745,2.001013596485269,2.736208691580336,-4.788119439796262,0.9152394994305024,2.1936710751926,3.328538131085366,5.35251498523158,1.0197025362910026,0.2206484137899833,4.575321837705961,0.3077386363085231,2.4468431759327984,-3.9593010237066695,-4.349326195265312,4.840564799524829,-2.080433334277306,-0.24398838357781025
-5.313028883178852,-3.856618186544176,-9.380754490041356,-5.516450697686952,-7.760649384417558,-9.533841444507,0.1930798955413126,0.8234397514839226,-0.03883577429872184,4.6689388725249215,4.674825097088122,5.652135046732488,3.4654022617710067,-2.189758338772847,0.0,0.9610523536923112,6.27384057805139,-0.40477871874188737,5.2420750323065635,-0.7899831784981309,1.251145043614211,-3.216163119263877,1.132597117004799,-1.7544660727710748,1.354607180974036,11.117345832642881,4.536828888643912,-1.2658647836141135,3.0494936468566,6.700468434232306,10.174793199633836,2.6925471126135387,5.194025547265227,4.02277887785722,-3.1309681420692073,0.5081384130601762,3.2352420933004007,7.848241309730147,9.690264962796872,4.777525048832298,5.124949505747153,2.006554146325492,7.35190474749977,8.062126087377582,4.295796396088751,6.337608918948288,0.43604549588331737,-1.77150241109351,5.980007622182533,10.994791277212682,8.413688731357674,6.524272814711721,0.9686294735162666,3.7555200732640728,0.32967589796870067,9.156238644382205,4.181122154207749,0.5224644315321145,1.366085706809934,-1.140599541060228,-0.51158353578415,-0.8486560463516227,0.8810396482449077,3.7486189548212985,1.5766213400408668,1.2665201691764372,-0.7968613955606267,1.7393422362180666,0.7384874775507225,1.137835556194434,-0.14471515624234127,0.7115449588111084,6.3394337990270095,6.057707303599649,0.8851932910172061,1.9497237934233331,6.821835379399474,3.112450038334094,2.479195429754838,10.365127949612088,5.285417094872188,3.4032298723834407,8.251012175914706,2.2452077500361964,5.76110688389264,1.5115570296645746,-2.104043022971564,-6.8786706351275,-2.9270077157525862,10.515996240106018,-0.4943466211148865,0.861639948187496,6.7300706775765615,0.5993768749451694,2.1827626984412127,2.5250441659647014,-1.4624815478612294,5.524969265870755,3.804590458722541,12.428110075154317
0.5111233193913083,11.831522524104688,9.619205402854474,1.4395153330915516,8.624155997685342,10.407411679496825,1.0051066935667583,10.413836294525824,10.821573779690272,4.499445503512963,-0.7288616161066042,2.871719980825665,0.02979545888621176,3.1874735279610342,0.9610523536923112,0.0,-6.846555695074888,-3.0942225191917365,-4.637230177492496,-5.055104782285465,-3.442836674967197,-6.366781233325742,-3.8663893598546792,2.754975609339173,-1.3931442351876635,-10.924099858571342,-8.289895737311397,-2.717660772449808,6.009635032454353,-6.464389323241348,-1.612038461113663,0.16353710187059525,-9.016498840261551,-7.547830234197195,-0.6734897676295314,-5.114784950286972,1.7304593617688366,-7.356929003474416,-8.5424660352502,-6.618404714748321,-9.406900795807918,-8.644596462018308,-4.256894983152067,-2.7286679267505103,-6.019177148431109,0.2398607521787146,-8.901033407869955,-3.1110035382026764,-8.059023085302611,-7.000976193207144,-0.6075578934722777,-8.288396468546784,-6.132529277441267,2.1468487528516755,-13.90966077300206,-6.075949735218882,-6.431813579975436,-17.405743532065777,-6.909619060144177,5.077231706161242,-6.778198072344333,1.303133507259634,5.567584815407167,-3.5936325298405207,0.622324348592331,-0.6305646787172063,-4.465009702529627,-3.97970893733992,-6.168128203982726,-4.461575650056308,0.9566806949445216,-2.075883241823627,-3.757850828075143,-8.199845916130673,-1.6889200023213593,-5.8854383632036695,2.660429214122037,0.03251549213006979,-9.106142584857258,1.303986930318164,-4.600118063006568,-5.360152181510203,-7.78840854024676,-5.519180095867688,-2.7806751504813274,-0.641151761523142,2.7600658831716927,-6.311782929634901,1.560698352202992,-8.864240938479476,-8.128138061578216,-8.04065896766603,-1.7107805450666491,-2.7971317069453394,-5.971657308945301,0.23807760347993512,-2.9063001399910138,-2.782679429120664,-6.603474886851987,-5.300348698383752
4.520780104387012,0.8285492491494733,2.2998414454036356,3.7143102189447585,5.8016490369291684,3.36126663760306,8.178749215451706,2.1049933782566894,7.84412794626174,-0.26644150710677494,8.26354661816171,4.71620270027339,1.4749440467265584,-0.28819167731583206,6.27384057805139,-6.846555695074888,0.0,0.748212221861283,-1.2222875777087168,-8.748005934203734,1.2609983730244303,-6.190799059603565,3.6779631467260185,-7.541948268238783,-2.3347810083170746,-6.987900213596348,-7.242465656829917,-10.899384902878195,-6.0502536298719,-2.062900150872213,-4.8857737069813645,-0.8298843060341875,5.0824105012326575,-6.141046686415844,-4.3328002874056475,-8.654773651458465,-7.104153905998602,0.2170689675177952,2.719963901804577,-1.9364494150631568,-0.8432718462654114,-1.6320621570926692,2.3999450451623887,-6.803682856168315,4.479671975151919,8.716792390194728,0.7552449887400483,-9.03926758495719,-10.242177819317298,-0.893995584270888,-0.9836453640811038,-6.950618414416936,-3.9838175776207048,-5.278889037383984,-5.4506951381493245,-5.182657749243072,0.5786534197898932,-9.7854684626664,-0.056928060775512365,-6.301946586461328,-9.5119762820806,2.0461335194645014,-4.812326082982692,-4.411187063365173,-5.061577714898734,3.6661627349228727,-12.55342181773042,-4.114670032561311,-2.823212109415339,-4.3734307798138765,-0.77845017055033,-7.160894430565608,-2.01136722679955,-4.41801933751395,-4.31453198922363,-4.8687172339777645,1.8434322505110177,2.6934131134788126,-3.730033951249194,5.590705242137884,-9.547539405868887,-0.591149367278146,-0.33978724659637427,-7.015237930826194,-5.36705473572326,-6.288806902444593,6.433074255645537,-9.542003320105714,-6.7522889746438794,-2.1277768853352854,-3.6124670784012167,-6.315770770039705,5.042834525111661,-2.6025951345662417,-8.387648569860369,0.7412925308376926,-2.3950960140515734,-2.627294966414231,-4.5070460893227535,-6.813686406397942
0.926045138927057,2.11549751414621,1.5649371827704455,-4.589335984671907,0.20523140283381247,0.618436263116013,0.6903811492256227,3.7430533240255968,0.8433649521640826,3.622159096362984,4.3958562994968045,5.073102107201433,3.7202674830883327,1.6117606212984512,-0.40477871874188737,-3.0942225191917365,0.748212221861283,0.0,-6.103701449774409,7.741587496562275,-3.505319256220256,-0.2570832061190259,1.620950551032618,5.298784599901262,7.32198388640322,4.4375777672446235,-2.1482982002670385,-7.021134756959736,1.7262182690141497,2.797506207169131,3.069478045898608,-6.291192302995868,1.4966026584490515,-7.195382565220411,-9.717228285340049,7.174791339267527,-1.9812682481894324,6.264060602946276,0.05982558353794506,1.8127317427032044,-4.9431292634426045,-2.5759571910819417,1.7325646971130515,5.76254280356645,-2.139292568027168,4.161967566202008,-1.6132353156608379,0.3862593363863608,0.047812421232723154,0.22840831474961704,-2.763516664780977,1.7233448869925159,4.0879263950408165,-0.14710010792475015,-0.4313332876420247,0.7981509614829841,-3.489607980559532,-1.3269833682974783,5.9479392323136615,-3.957750122202538,-4.054196238644355,1.6153598904777795,-0.3198614754455215,0.2612990751683266,-0.30185458240218127,3.643505104273231,4.3247047611075,-4.0545327843589405,-2.435887922159051,-5.440180543548916,5.150826217987306,-1.2104591212432243,-4.591947708504075,-1.156205488150318,-0.24919025922464416,-0.7111252639462051,4.094481446695116,-1.0972159135125024,3.9665234799516047,0.04484980404581765,3.987289299234963,-0.8357955390015478,-3.554090707275951,-2.3708738514469943,-1.7216088119813393,2.1665717121617174,2.0786970045828483,-6.986334525201514,-0.15094294694313956,1.0337883656933384,-0.07676664617219646,0.7795558185217741,4.469785358329745,-8.032666925971164,-3.4949695985763314,4.560370983799651,-7.888085337302391,5.817236285124216,0.4164671295737224,1.7492431757717224
-4.947013143898683,-1.1940403213583783,-0.05995510100289474,0.18507350827144323,-0.1467292991408992,5.821130564420017,3.7619556737549433,0.5020465986717351,3.7833691149253936,-1.4974034403354637,5.80686487527456,-2.800226757713805,2.065578258996249,-0.9027291285886497,5.2420750323065635,-4.637230177492496,-1.2222875777087168,-6.103701449774409,0.0,-3.2970166502041423,0.13091211914758194,1.7205262310955358,3.036332093017841,-5.023602893531812,2.3845200208514346,-0.7174512986482502,-10.732183940836494,-10.559761873637687,1.8611219199889468,1.0690887517236505,-1.2890492718780175,1.7117263404192635,5.125084241818417,-5.516609944734726,-0.7379845538477853,-3.1204532262949334,0.36474034995293353,4.6142212085993375,5.466657140965977,5.456566767042455,0.39751030708555274,2.8905235452225044,-0.23043668059767217,-5.4858388065838275,3.295157452261955,11.20885787453214,-0.5195080688818119,-6.047134361764358,-7.685353748981568,-1.0089897560411518,1.0141524148050962,-5.330198084883685,-2.978652589646227,0.19389697109726184,-5.791393481935638,-5.375985611371388,-0.5496798689406596,-3.325361306096993,3.882028436615365,-8.584776414055206,-1.1982111843804246,-1.788117835652966,-1.367753824105552,-6.154149844439084,-0.5681080618294165,3.4176410107477535,-5.907044743611228,-4.520945464856681,3.16964582740048,2.356224138027048,4.799727478634201,0.7556605776009758,-3.273127828034448,-3.58305092745448,2.7170908152587554,1.8366620588143223,4.3823609914435275,1.593281901697046,-0.07758134033108013,5.137146313445924,-6.232452444750602,-3.047463437486096,-2.6302407215055195,-0.6625830375732391,-6.172637852926357,-10.970636940763288,3.4474246277606846,-1.5344317979455333,-5.356899511320536,1.2650312836215836,-4.721852634619039,3.5714688485653583,9.253728695611166,-1.5576492961304276,-5.6328999357280365,0.7009405313350193,3.814879362704737,-1.280039800800468,-7.914697660444621,-7.77847821748229
-2.8337458198509013,4.101229646213303,3.21784873378007,6.595652622415408,0.12112086774333682,0.6584941977020953,6.812235920393361,4.531824016046205,-1.9513649056634383,-0.8228843439291945,4.222778454329986,0.5041877128198361,8.154026060644883,-4.194099285074785,-0.7899831784981309,-5.055104782285465,-8.748005934203734,7.741587496562275,-3.2970166502041423,0.0,-1.4868572696396551,3.225790343295369,6.81573069227152,3.8519808154330777,-3.278381942377104,1.7473501908350604,-0.6720873507629376,-3.55868638258796,0.5851488354904352,-3.8124768873828607,-3.246815372722733,3.913423116452736,0.6532207977387774,-1.8552270365755172,7.688526093863073,-1.4467940597048672,1.4291097700384428,10.290476589902955,3.797151496122513,5.867867450544591,3.2630867352409587,2.8461754910484305,-0.14981765706902067,-0.2602970710960053,4.134249920816901,3.7080423647812446,1.695616524929838,-3.3548693127554428,-3.157755280013675,9.10260914239879,-0.942238412094476,-7.5756117981151085,-2.427784363695063,-7.289096304381461,-1.0728842470768,-1.5469787694438624,-4.612920821196701,-5.176402316439854,3.6311790168052624,-7.350922260245033,-3.194355234621372,-3.6379209694182806,-3.852470412454259,-2.4692468949289217,-5.023821032889559,-0.4342646144052484,-1.2195329336182787,1.9035178480628057,-1.7829646943103368,-1.5630499034932799,-0.2114073853388708,-1.6839810733379235,-2.1732978608593343,-1.7173867493218429,2.487624138874027,-0.02062773561249581,-6.342211080005574,0.587691116568071,2.041035808741897,2.661328067282158,2.9926354148542855,-5.936049392000825,4.475985794371537,1.1731051511988166,4.691357009635301,-3.324393868454136,0.4072940046819432,-1.0454843754696013,-5.326754829544067,-5.119358469691438,3.650138575918996,-2.0551463578326,5.577295463675188,-2.007673534510456,1.2203415475293167,-1.15013777100017,3.84034000237148,-1.4228652445180616,-3.233300880403193,2.7695399883964367
-5.332091764814112,-5.156757981150483,-4.25745462805816,-1.0378067437022802,0.5109121750545521,3.1747319138769496,7.110991746106008,2.420047493240982,0.1413256877479488,5.375048957515037,3.765791524801452,1.9322942777779528,5.622032913744113,1.6928012579649063,1.251145043614211,-3.442836674967197,1.2609983730244303,-3.505319256220256,0.13091211914758194,-1.4868572696396551,0.0,-0.053173845206417755,-7.357963819816653,0.5671821217432479,-1.616550557054539,6.635536578827129,-2.351813316533278,-8.748158421035127,4.2544933810549646,-0.6045141827358428,5.141936417051524,6.464378561264115,1.941532512182064,0.433057357620429,2.5872208874689617,-1.9805782407519488,4.602455906881885,2.103498849229142,-3.656839939296963,1.3409606288255291,-0.8370722200375936,2.3669162593195754,-2.672019355228753,2.7153306148924345,2.622348312511312,1.6362806885385623,-2.086547029738316,-1.8170439029476748,-7.463246411345203,7.893547661449672,4.002119353171758,0.8944589751420323,2.789054688922577,3.030648581486683,-2.572091591503812,-3.898097931231884,2.579201386336319,-2.6166650122408575,0.024685092682848315,0.4588693083144701,-3.0947165817157374,-0.8171510049017544,1.7732899128296051,-0.19959588807957657,6.005768647422439,4.097405057919612,-6.808291334967263,-3.78768971940128,-3.915898498525948,3.257547023053543,-2.2779746649365644,1.8062155432211908,-5.749704274266799,-5.0361074332783895,2.23090037333711,3.3290037935053687,0.7752162553357962,4.052076823693084,-4.060575704451193,7.793144165126523,-8.188925116198766,-5.869524463766457,-0.916101430062541,4.058336294326838,-2.2244825697950668,-2.717724742550455,2.56581205125028,-5.427936632219651,-1.273548908259029,-0.8584974564308445,-3.7944918866391704,-1.894043786147728,-2.1669871061768298,-4.774777881140671,-5.273408443163417,2.266478967787695,-1.2947089575879407,1.391683621011311,-9.60936061558316,3.798868515116789
