0,1,2,3,4,5,6,7,8,9,10,11,12,13,14,15,16,17,18,19,20,21,22,23,24,25,26,27,28,29,30,31,32,33,34,35,36,37,38,39,40,41,42,43,44,45,46,47,48,49,50,51,52,53,54,55,56,57,58,59,60,61,62,63,64,65,66,67,68,69,70,71,72,73,74,75,76,77,78,79,80,81,82,83,84,85,86,87,88,89,90,91,92,93,94,95,96,97,98,99
0.0,0.42696567848916855,-1.771385548702888,0.7207955737411722,-2.3826475479122333,3.706570038707063,3.8720881852418736,-9.73286739699532,-1.1255124195822275,4.6751011980800845,1.1734615458879487,-0.2752117792868769,4.6271510704338095,8.793262326561207,1.1742531601008233,-1.5300269821889323,8.539233842612143,4.5894781098783275,1.777172630135072,1.8835718522296252,3.579803955348375,5.030070138416878,-1.1595355254097348,6.761071429538041,-2.872771034005562,4.268700568766892,8.955395229809916,2.9421245815168326,-1.99060772182626,-2.9662030829356545,-3.5228586309595236,7.378476231540866,-2.87508262650994,-0.23832055228123647,5.075847790900609,-3.967571354699628,-8.523205331114314,-4.615646562709507,-4.232407556163006,-2.5228526833219145,0.978524431539041,0.6556759263871824,2.3403178475398305,7.04916435838555,3.933993171486264,4.665201619433101,-4.129378359385002,4.140316182505046,-0.013705490617027494,-3.221868016238216,-0.9683178062574771,-1.5908181425586816,4.594221119531157,1.635711277849889,0.581852420798333,0.7585357446228451,-3.7123369523699776,2.0734518168231224,1.9194475569120424,3.7394603419102896,-0.10450983490142764,5.510554473519199,-3.3681084286778646,6.23184257045253,-0.7784164401519291,0.4293710012623784,7.219080151503654,7.882309093696025,1.0190654052855144,-1.9842081587083529,-1.6631284310358705,10.211243484024909,4.318795023416448,-3.3731651647325727,0.6514911190162944,7.435089817203753,3.159938234521309,-0.18868128947741256,-4.044587604558918,1.0818838927621655,-1.8971407305240064,-2.943514483380972,-3.609121550476953,1.3633037962816432,2.3584956970443356,1.026778372756974,-8.356704127819292,2.0302939475209127,-4.198512090055912,0.9265107249505484,2.1643480057867874,-3.055295318612472,5.642670483897485,1.5627183609505575,4.602811374060229,-1.4576078604619456,-0.9194662938675516,-0.6351538507642797,5.066202816338969,-1.5746090009388547
0.42696567848916855,0.0,-2.922216237862788,-4.553064686975719,2.43728525134069,7.6523617172721154,-5.976349462412757,-0.8127553074701042,2.8135452475122174,3.4319233334076875,1.4181654264863495,-2.937075070825523,-5.9846837092743135,1.7842326966610083,2.5457855198609844,-1.5352981072578755,-2.675447655650096,-3.092994400641799,-8.517207570491465,1.6479507113590368,-5.92939409226424,3.747690505955252,3.1403533360086864,-1.7937990737824103,5.907275343257879,-2.705599890329153,3.7511845758006737,5.049291373281168,5.258655149974048,-2.374092290736567,-5.741243327664131,-0.932851527225809,3.0225732711944406,-4.201866064614108,6.388419576918289,-5.664265181706203,2.3102851012046752,-2.3183307539243665,0.8442692948985507,-2.4594891469805735,-5.050119397522886,2.607295088731864,3.3459066767213104,2.057284197578157,-3.0675842035906697,6.1728531829352695,1.1758016460992726,1.4497917709910424,-5.127274909968572,-1.8379013836856724,-14.799169883615969,3.4740562332264275,3.004480717574474,-3.58816573930178,0.7324261884742521,1.4957246418028625,-3.5439521307163417,0.7989769114669029,10.257570340580664,-3.47839697871641,-3.1854633577868534,-6.6376081058626255,-0.2821950068370412,6.830181655331734,1.55554114921473,3.681563896100775,-6.606394705059937,-0.6117170322896508,-3.9187661627873913,-3.2694385926806846,-3.849717959607708,-8.718041451253084,-1.3938629109590364,1.8037179757174,-11.482593392066992,-6.9153999345757935,2.6962434185492983,0.227574613049184,-2.11139633318034,-2.1188019405939915,-6.745583154011775,7.736571097632609,-2.4235297298247644,-9.159792096846115,5.538982693723131,3.562532537339785,3.733964300358095,5.897355563788264,3.1704121619129886,0.8051388014966033,2.7293803136872627,4.839549554367868,-4.479736737326466,-2.936415633956804,-2.5284071720440635,4.676077199918636,4.3678066603727,-1.0123330747232984,9.80167918706362,2.2359672449506807
-1.771385548702888,-2.922216237862788,0.0,-2.051848269868615,-1.859751629584044,7.429506235698936,-0.24270122844529732,-2.7809369407978233,7.382539377388742,-0.3695785606995697,-1.6105496744904386,-2.7850854681727415,2.7139747333428867,10.077545823840984,6.4645756764361435,6.448982507765791,5.451812469348305,-2.6653165889406836,3.250797034459102,3.8064785601254663,-0.548672603890206,1.098668889336536,5.173232217338437,1.244667305032724,7.258647409516256,-5.1064856371876735,4.024427961996642,0.4471299923331919,2.5282568932627663,5.065042061437358,-1.5812372344478431,3.5774298688766275,-1.6497634574351807,1.7384653883389316,-1.7016803952091446,0.7864155541947369,4.89447765065089,0.8873469276827961,3.7763755873992606,-0.1790402005082474,-3.398802070254893,1.946115215473318,-3.1013352851347324,10.0232321495558,5.4537069770779425,18.23486554752948,4.937644164452616,2.7371427218462245,2.579548381669088,1.7141664990029437,6.708950946325665,-3.433883095554381,8.145630632218507,-3.932301204434423,3.534252504408419,0.6937167910688469,-9.526540686795572,5.5696234333981645,7.373666919329928,-1.3521882188999736,1.6527506761148079,-0.32392592966883704,7.21976401483327,4.7924069728754395,0.48100066883839177,7.970359254094384,-4.079126089205326,0.3969315375397318,-1.2330209151161151,-7.06307526990579,-2.8519877340965647,-6.461523609291363,3.2817988144947585,4.425404865296211,-4.852299325884274,1.361546881898314,-2.9571378481699697,-1.2049213119650275,6.090444243988856,2.748167610227541,4.515710227220024,2.0651260455992135,-5.982341839275088,-7.443418722209159,4.01415997036302,-2.342797414424203,3.8017966412400352,-2.2954289143422977,9.786438683932266,-0.8558860777740063,-1.883823025718126,4.16336119255914,1.5065688357277935,-0.12259823101701968,-5.965528807923675,8.506956468310987,6.8871168052596206,0.09391264492668122,6.00657488643597,-4.167530748298778
0.7207955737411722,-4.553064686975719,-2.051848269868615,0.0,0.18423561656548892,2.9687581732411523,-2.910138633977139,5.4029731923676625,0.5808889469528861,1.300052180999794,8.658920514721247,6.905252026930628,2.930051237899411,9.065081135640344,2.9245685166759134,2.854199292405727,1.329653259488591,-1.2384630633787828,0.7843504780504945,4.652704250387592,2.0128120208662694,-0.8305621383512032,4.4523732042786826,-4.857910858014905,-1.1494848251615633,-4.432171311954225,8.81915701971405,1.3057006020526911,0.9314355849002872,6.028004876879424,2.381961352921761,1.6209823390150773,8.893345304797261,1.188340420904426,5.619093942631764,0.16740447406506664,3.8897199495474735,-4.149225951135209,2.1727531467133985,-4.875626368113396,0.9656440060741848,0.5765008518672025,2.6654947382969576,11.585229138024536,8.166452357449147,10.62121799036874,2.0327695075716576,4.9065589921238875,1.4256557798736031,12.509177324603444,3.4509880298671836,6.866866406227088,6.773489850252203,-0.5253126139924056,5.53054231102748,3.684612842351028,1.1501666480653616,1.7795119898806897,4.181072990810856,2.7874165806047326,4.0846607200637886,-3.646825393587133,4.013978239993791,0.732576026638439,11.572896796263068,2.758842591167553,-6.583941913134095,11.957288981057914,-1.439788168845222,0.3444113576710909,3.351490359007833,2.871013078738636,-0.4974280967687639,1.7305562036493602,-1.8055178984834863,2.0999712469960428,-1.3192099474158152,-0.6307179413324515,4.933737935917702,3.915545994221663,2.8576941991307785,3.456818048501721,-2.904167907724384,-2.407536468603324,2.678386760042104,1.2339646374579631,3.4359524826622194,1.485033106831876,2.511465246472764,-9.180051158568583,5.031863251538145,-3.032731535105916,2.406653565338634,0.2315839320969612,-2.9855563648374925,12.017670215191073,6.570856841395631,4.448627181968304,2.7246669197698568,6.467072171142572
-2.3826475479122333,2.43728525134069,-1.859751629584044,0.18423561656548892,0.0,4.935812815826486,5.997186075974475,1.0171812950117731,11.457583555169624,9.068642849192647,7.061907008760886,1.3542226079169712,7.31104380844136,3.1421145383087894,5.577386188520638,9.523084879074077,0.9680651154168307,0.5917146082000793,-4.147697709006402,-7.753417232187661,2.4583914131832127,1.4651977144433084,9.569607897928375,1.9966545702565928,6.4829461239129325,-2.37650633522548,6.697293706513568,-3.335756259088535,2.136579735005872,-0.2548625051141671,-7.60413736100384,4.231859703659433,8.69308538631297,-3.533032164087224,4.9567680461210735,-6.609769733376268,-0.4685765877310966,0.5098405102485681,4.033773934006593,-2.042366733895991,1.9231603620091415,14.060265175232033,3.242178412310716,7.185505397814209,-3.208377011166607,3.4078942324333807,4.7115286438096575,11.956185844661956,-1.8038105638659587,1.5880821099556404,3.5995809097013542,2.4646895354691103,14.219341004469422,-0.7243939367777034,2.1620663229664587,1.6700614860055074,-3.6544756350040246,4.675340394725282,10.01861337052256,6.67211594315362,6.859448550646753,5.868974520137049,7.147729854480481,5.242148750124658,12.93064654392354,1.8390460464191944,-1.0580455158138165,5.447433345533372,1.411145167646756,4.167434394174242,-1.4889964448693975,0.8225898474081857,2.999127348686795,5.354475251602976,2.638744145791284,1.7072996787846184,3.957767214780388,4.504175114277968,-0.7450538828029735,-2.101147759122553,0.7247120019153603,2.3881009147072474,-2.307574555163069,0.5682272709676359,7.3790326970960605,2.212354139229045,-3.8901340433271225,3.355706087802595,-0.5368245540879132,0.8623429243756433,2.9167021279058702,1.246416615043442,3.1265255575996878,6.822270012240525,0.32124598246339725,6.416849224939167,2.967575970876964,1.7232822313006335,2.035196452469348,-1.0820360692135325
3.706570038707063,7.6523617172721154,7.429506235698936,2.9687581732411523,4.935812815826486,0.0,-3.82217795849618,-10.394893472776268,-0.042711022402323696,-2.749617746351034,-1.0970709530356513,-7.916088983944669,-8.648797440293016,2.202303910509708,-5.556159879388618,-0.32592827236654504,-1.3143905728887235,-2.648327093300449,-0.8499343907962905,0.620308495199006,-4.164541041144693,3.1014865224452635,-6.421481637596625,-6.892976439530895,2.01995787742586,-4.62518955747854,5.454652963042691,-4.576395605208243,1.1637904634608922,-2.455884780053523,-3.7995703269942727,-1.9769175252881113,-0.9084027698073059,-4.976789433758342,0.4145905327360198,-2.8302128105387694,-5.818432680020097,-7.912841855756339,-5.377247740773451,-11.711475295224473,-9.577471628404455,1.3756587528035626,-10.391992130574891,0.5027483545840917,0.6131687450050293,6.168992794889768,2.4735970769856688,-0.9014754917170582,-4.712613673764353,-4.381865208851878,0.8144984544422181,-7.10452929548838,-2.4857043959144822,-9.102626861902834,-6.702457065018424,0.8706252137458,-10.894408935938033,1.1826942287876392,-5.466544289039477,-1.373227438452882,-4.719348425507361,-3.87657242475084,-7.925956114393657,-4.065906389993672,-3.6650863472786073,-2.980460873663588,-7.723545555641454,-5.86828814977236,-4.561193169662276,-7.287712255684434,-4.03426940135755,-7.745627760717678,-4.542843023937101,0.24520543125069655,-5.9000146158469615,2.394500690920325,-4.098567656514389,-9.571045761907689,-0.8747927070144176,-0.4092934680077909,-5.655753300601492,-3.0150141106966406,-1.1602660567795429,-7.4324727286343455,-3.47811285988746,-3.313437065232286,-6.706921999648158,-6.7034078296736315,-3.6237380683347578,-10.015238733246974,2.70539355632761,-1.2179541207195013,-0.948985860305184,-4.469779837566928,-9.934734029468812,-2.372227177339106,-1.37572680194029,-2.5141466741459992,-4.127048037434927,-8.061904150370129
3.8720881852418736,-5.976349462412757,-0.24270122844529732,-2.910138633977139,5.997186075974475,-3.82217795849618,0.0,0.6096147328929035,11.754274083826948,2.8288024319520444,-3.4371928593793606,-3.3681660492719248,-4.341478257128507,-2.868268312627821,-1.1914386451021597,-5.9518307356205,-6.281077377400229,-9.011975024366707,-10.900081398816992,3.4433588413959346,0.4733983438204842,-6.669820110297145,-3.444577042072332,0.16098155657525062,-1.8627649525189507,-2.026501658262583,8.42209063086963,-2.0162122742673727,-3.1615276201793248,-2.7264378930592494,-1.5091403356425575,2.958903570758801,5.2316976465552365,-1.3847421951128067,-2.669066148165121,0.869192865112465,-4.418443157870675,-2.8858408051752966,-2.170398866386341,-4.4076771081555135,-0.6015912956304421,5.500808653063934,-6.530647202656521,8.79467211627161,1.608752373703576,6.531272862539988,5.539361474418003,-1.3873445348594584,-1.8905216811743304,3.1246219570712137,-2.9429445155948906,-0.1541525213604887,-3.352315914473752,2.3319417202901715,1.180738122007694,7.1305264043270045,-1.423417870664811,7.477958007707538,2.6202090578023087,6.479449811421189,-0.6067198397118652,-6.2698207701777005,-3.218460984200989,1.434741389762395,-0.890897408533806,3.943617863974484,-5.2470471469553965,-1.489809476518008,-6.696721788721169,-9.63804011280756,-1.0118211234080896,-8.077099423743723,-8.935768791876697,-3.186021980391351,-0.8211649412609637,-3.7493704653704865,-4.285289653809506,-4.885033586526246,-4.339932562384368,-1.6745983932710604,-4.607512232586633,-1.1708067877830883,-8.665677274006281,-8.586166092383982,-4.7037231640758,-1.9840601260250368,-2.639636775849291,-4.246040273263298,-7.566257070087821,-2.2592626797368998,-3.4488815200357297,-0.8685120976108888,-0.25209463143210753,-2.23509453576581,1.4920718714020142,-1.0872409204774967,4.728183287553515,9.604336217989417,-1.109009725068113,-3.9410950335993857
-9.73286739699532,-0.8127553074701042,-2.7809369407978233,5.4029731923676625,1.0171812950117731,-10.394893472776268,0.6096147328929035,0.0,3.637974680163276,0.026545005543053404,-7.069222628307164,0.7870281465276061,-1.2443249332542619,3.680370939351429,6.395974019943621,-6.882245139587967,1.4900044675983597,-8.678665083408882,-3.208195019630476,5.301307348791116,-0.1006758098787442,-1.7488165701209604,-3.306606824060112,1.0314905344963763,-4.401956404098273,1.7299306565360286,4.4645468048443515,0.8775653085004376,2.783207275303615,-4.603608324064576,-3.0879304065463478,-4.913091339649329,3.9290518932909935,-0.573485075962354,-4.2187425003636045,1.7344787580665275,2.0939664905915407,5.5637084208412455,-0.11745714148142068,-10.204711188608329,0.49683361454944014,-1.8097622091551633,-2.576555405831386,8.172099684267625,-2.664658002621857,5.796456869396599,-3.0276318795902326,-1.7932176222950926,7.5722267365888785,4.567862622014959,-3.418912885827515,2.848967395068004,2.186011753352654,-6.086235940380173,1.7037807413512647,10.349707556434115,-1.448209457035716,0.6415792334240796,1.5142399164947575,-2.9649888068697656,-0.30742097849445604,-4.989320671762224,3.847247861190719,13.53933325223638,7.765417695072896,10.531805626436158,-4.422973810684575,0.07405892873962867,-6.494253402121343,-9.928335707161116,-2.536799138876011,-3.401515916495278,-1.1578987660949276,-1.5401530314238083,-4.821829734601011,-6.015751911436071,-3.148616882950613,3.1494792455527905,-1.1273060489207563,-12.406603650309563,-6.2887323687780325,4.29524743494383,-7.280006370816829,-3.730987369710439,0.6168848539656806,-6.26760616878842,6.28021654340847,2.578850388940236,6.349852104707693,5.225624524492089,-1.6144159106643756,1.4200965988101923,-1.975928213096389,0.33556147394107194,-2.0735879104067996,3.500773494982333,6.363524789276641,6.650975639474366,6.670067434851826,5.812759517975004
-1.1255124195822275,2.8135452475122174,7.382539377388742,0.5808889469528861,11.457583555169624,-0.042711022402323696,11.754274083826948,3.637974680163276,0.0,-4.284978926793505,-6.006718939726987,-8.757147680954722,-5.8915614997453165,6.0336233007619136,-1.7746357398946655,-3.477859242027128,0.5755112988772284,-6.712084518099692,6.200639601137537,7.448525606622435,0.7698011084843572,-1.361455060454788,-1.506561342862483,-5.311108814598846,1.605426456698753,-6.670045911750608,2.519379085303598,-4.5045880233972975,3.161981986793297,-6.937088872161314,4.806885800253853,-3.0337446870619913,-3.828287645441871,-4.585721840011566,-5.207257889847052,-3.014426286955783,-3.1402154416856294,-8.379237073777082,-1.5658739269661899,-9.527854448864845,-7.516003025244801,-0.8025667145547779,-10.185926162312018,2.1773839776870862,-2.012194513497633,13.120603970916443,3.341824005036644,1.9687168867813327,-0.6372425126947797,-2.6858188270951278,1.070360762020237,-10.416850007283427,-0.8547449997860677,-11.148877962144876,-4.029718076518007,0.9032664239199537,-16.2075209013004,-1.6914278011489523,-4.948887131069736,-1.7592916364713582,-3.847687217118644,-3.1062008539804262,5.408755009601774,-0.8275872942182809,4.158599195220215,4.26435203223269,-12.149959025875752,-2.3859131457841847,-6.919365586912879,-7.379333346202865,-0.6209129053607876,-7.718894968083581,3.0725379274948703,-4.1465939327934125,0.8416249744101849,-0.11114946112738489,-9.631267059974695,-4.903775362459968,-2.3616114434817153,-5.680307705495744,-2.367228951727318,-2.8820798421119895,-1.8688843902754289,-10.445265735008196,-3.4195710675483486,-9.273415173158128,-3.779496465961639,-1.39204074876251,6.083356636325319,-8.082249880877766,-6.417713678710198,1.5954214369590152,-5.909924539388688,-4.799513692773049,-10.013855450943032,2.9096066689049778,-0.7830199215171348,1.1967598875762726,2.699365659027903,-2.373687661936975
4.6751011980800845,3.4319233334076875,-0.3695785606995697,1.300052180999794,9.068642849192647,-2.749617746351034,2.8288024319520444,0.026545005543053404,-4.284978926793505,0.0,-1.782150093120954,-5.713090059246876,0.8121441399337854,3.612495648755957,4.629393712156702,-4.397907780697128,2.380125731819331,-9.806467120385012,-5.90030318540345,1.6183984754588439,-0.5649399299008033,-2.446647875976216,1.0572453929276595,-8.136246805646358,3.977528705897584,-8.640340924879295,3.167546744681579,-5.031535180900631,-7.490485481336994,-1.381120474502072,-1.6785968491852823,-5.477490002699121,6.310377792659158,-3.165359083237345,-1.2340266270515432,-2.6528870725833222,0.4378785352553581,-5.024359746963528,-0.6366174525134021,-2.7020377060721463,-9.566826863025367,-2.249465255363516,-8.829191017461412,1.4744112467489359,-3.5968674749156446,-1.0494216516991943,3.7758395246246015,3.8229849929168855,-4.71607573278056,-6.122738266985519,-1.9233888055871713,-10.30916989395647,-1.32224021511412,-3.667838555337752,7.264743261726158,1.4288039605133676,-9.39562760696697,1.8290877903926768,-1.2202036483361816,-1.625403460020105,-9.008221501515768,0.11828870524360657,2.025455522501573,6.866542502904985,7.4976799569464285,2.8996127094832485,-6.2649412694022075,0.6302870611009476,-7.114352015969861,-12.680855906835783,-6.706403868801486,-9.426967479749726,-2.2578952612914205,-3.3920962125295415,-5.364313600948508,-4.801460069174064,-7.849491820745993,-4.7805386206118925,-3.6479217837384006,-5.7690620157438355,-2.9835564911237253,-0.7530481768057421,-3.916199608693004,-10.355755060841684,-3.2723653734981513,-4.539107369075944,-2.8684951222997097,0.3535827523671445,-2.5229837534394353,-8.29698031548729,-1.1393763151567464,-1.4055645914598307,0.9308561436841698,-10.184077621966695,-4.02166536610525,-5.930494086679771,-8.708764896134126,3.7298268662811287,-6.6281107656928135,-2.168402980848209
1.1734615458879487,1.4181654264863495,-1.6105496744904386,8.658920514721247,7.061907008760886,-1.0970709530356513,-3.4371928593793606,-7.069222628307164,-6.006718939726987,-1.782150093120954,0.0,-0.5046477750957289,1.1191719988684332,0.07133401549088207,-2.334048843068989,-4.834712129838926,0.23570916371596923,-11.172700499449563,-5.985215833443501,7.5685897020933215,-0.028357849853540357,-1.508874259577747,-4.20767583947795,3.6800306941220926,2.8365293553814523,-3.07010313249586,8.346818153164602,-5.879458302315286,-2.118452542103454,-8.896993445488894,-4.737562921749497,-3.7883831210389447,7.97447817681188,2.4003114608163183,0.37527414755354366,0.45895977714482505,6.106713454945596,-2.966922357754692,5.222361508448136,0.01335046794732578,-1.744979081853682,-0.3262801182500352,-0.27371281472518866,4.072019194924422,1.5893650077203532,6.116281553282072,7.1306812619349165,7.818044092392282,1.9737029199642504,9.288906662435672,1.21033512851501,-4.031556996350622,-1.521990073833482,-5.529652646064048,6.546151570055753,6.570946515162661,-1.4663962858803563,1.84422186157664,-0.5131430046462817,5.463756895284036,-5.498943604249618,-1.0408345031290556,2.56662779568625,3.5008420207681774,4.966051217751706,2.1389234335209775,-4.912973710574907,6.156408284292498,-1.3776210022405655,-7.584349875807706,-3.1267037450832498,-6.474470960631055,-5.233013232620436,2.686867829471076,3.8163809806665614,-2.08268503382693,-3.154453164698542,-7.313649441859155,-4.613742611474333,-7.853081830502234,1.273725730851779,7.080515080269452,-6.38360548572137,-11.138436873954024,1.0154568500447307,-6.352496848143377,-3.0972871534442485,4.94009915905173,2.383400102075896,-3.4569106306156536,3.5076147871277272,-3.8200401950010687,-3.657891879352925,-4.812564228691585,-3.812695822126583,2.093741768656581,9.09937190443044,4.342968896992415,0.3714677052029912,9.661225269397248
-0.2752117792868769,-2.937075070825523,-2.7850854681727415,6.905252026930628,1.3542226079169712,-7.916088983944669,-3.3681660492719248,0.7870281465276061,-8.757147680954722,-5.713090059246876,-0.5046477750957289,0.0,4.3293425981222216,1.9771757261224416,0.5832685671751529,0.19268478556497817,0.5697200687976969,0.05214818536631994,-4.531538540848288,3.3407406612981805,2.187974822911268,3.127982275983411,-0.38695226375536207,4.82420758162846,11.49024869840194,1.800956640504406,11.029021929874643,-0.05772193492591162,-1.0315437386757147,-7.7193012916151345,-0.20565977542204217,6.372685516200472,5.816457384607993,0.8142275914070695,-2.6589515961264327,-0.009408487031815295,8.327851874795602,0.7064200107564593,6.543713066144629,-4.6502449436859195,2.81728939599956,3.002768311600952,-1.839042877452836,12.945747999940817,0.6138275338115973,10.707784476708355,5.483697497869346,10.101644119208316,4.085050319278239,7.499608437426395,12.823657991838777,-6.625177427402852,0.06574986120126386,-4.16817429218588,3.2599919936096766,11.205291500366346,-4.891365491583197,3.178087732629176,7.306453162326503,3.220788281788558,-1.1355111894419492,0.6745485608279548,7.523440111268811,-0.5470273499761745,5.823603864675929,0.010902538560191532,-4.637313312483359,4.879380476066252,3.8872124765250193,-3.9957347233517786,-4.906790173174825,-3.814345965447671,3.0095451017433894,6.184432451739836,4.232033753277482,2.333072620099672,-8.672994000286417,0.33397837044352013,-4.642838866282941,5.313322027893947,4.739960837318918,10.641443127389453,-4.773238242865343,-7.861638277374035,3.2730286917585087,-4.374267389706522,3.169622795410073,-3.3147061145026173,-0.1790653351453813,0.29897907711275656,5.148773876815526,-0.35489460228682074,-1.397559131848318,3.5427461092534918,3.727211923077379,5.29416569481523,7.183868864731608,4.697408017749554,-2.3894522643271046,11.61980169301712
4.6271510704338095,-5.9846837092743135,2.7139747333428867,2.930051237899411,7.31104380844136,-8.648797440293016,-4.341478257128507,-1.2443249332542619,-5.8915614997453165,0.8121441399337854,1.1191719988684332,4.3293425981222216,0.0,0.6196399903697639,1.9646266538803272,1.2125853983397077,1.5507440342219523,-1.562674033280312,4.304363826944123,5.041253981060837,-2.9479622010448527,1.221946228367346,2.301549836842129,-4.912508450746383,3.848212294569061,-1.4843780862227058,-4.418832433837267,0.7117680480520017,3.0632698945337054,-1.063637342452252,2.6334084454423694,0.6203531561106249,6.314453256177424,-6.771989830183172,-5.158083736292517,-0.3976590464951567,2.011895176068684,4.062974627398191,-1.3831724918782815,-0.5106963622238613,-5.3588990553494735,-5.15758189740367,-3.343827011956405,1.889349258199792,0.26346167803199766,5.612172851626732,-0.08052031124918527,1.1861099036740135,3.37393017523474,-0.3602673160346332,0.9884600878736246,-7.0054066909804495,-1.6300432710909822,-6.191879206474429,-2.802057996173545,1.8642407873617408,0.6817216616566695,0.6364091867331848,-2.023222033430769,-3.3281723755465444,0.660850407099042,1.0222125664643202,-1.8105723930245587,10.886524446578804,-1.523735500982801,1.3846708486822434,-9.078560313559938,0.0845558211994104,-7.543766662763109,-7.972335982990297,-3.0924577602049586,-3.8466670715204367,4.088434626196328,2.3876820197053443,0.8807576895261694,-1.6041979490738831,-2.798174482496103,1.497604697345232,4.8633719564019815,-5.033108984416579,-7.660296275391113,-6.5556069740211615,-5.039593131908691,-9.467769730574815,-2.740127654498244,-10.926941239797355,2.0049063444364816,-2.288453999365754,-1.3038586813143227,-11.62789939469037,-5.08258657560707,-4.255748780229426,0.3486605347374552,-0.9843071282149126,-8.852138099025126,2.5514555640025582,4.478581870259058,5.171242807676077,8.510593610621216,8.749858965669052
8.793262326561207,1.7842326966610083,10.077545823840984,9.065081135640344,3.1421145383087894,2.202303910509708,-2.868268312627821,3.680370939351429,6.0336233007619136,3.612495648755957,0.07133401549088207,1.9771757261224416,0.6196399903697639,0.0,-5.922175698681749,2.0779856886402928,-1.2672041740521212,-10.357820956278532,-3.680937275477648,-1.4871558989816023,-7.583750536220099,-6.321643875461802,-3.7114638530439983,-3.105808781746857,-2.9788309845948375,-2.700205979275386,-7.67853367191399,-8.108455093230086,-9.763426283341884,-6.160862527563667,-3.823672834979268,-5.013187463532174,-6.9817939044724495,-5.297777200699772,-5.141173072149393,-3.789115390771504,-1.4672764817063129,-3.47406792005187,-4.687398821545791,-5.145606505717728,-3.5920783203615687,-8.869361958575352,1.5376648354962503,-7.60713203728916,-6.099274077724383,0.4532286377460108,-5.161851004565963,-2.569288745490448,-0.18900843218897836,-2.8714246359318087,-0.6498922015291878,-7.36370903999343,-2.9457100924945334,-5.309752015183406,-9.306719193758067,-10.160530506209565,-8.758544133898015,-6.712469634351261,-7.538724322748745,-6.277912894570951,-9.352091994875078,-2.1120208231720845,-1.9280312552299168,1.03526028006282,-1.3730526964823624,-2.980742555835849,-6.237709655835117,2.4165910161838116,-9.191179953511192,-6.327056651887543,-9.773056216760324,-6.026405301128812,-1.4621637331656447,-7.1152987469935205,0.5016983832121509,2.210708880106475,-3.6840497334477424,-5.708921643642348,-1.672446860300788,-1.1462479866397148,-5.627186060300171,-1.329053752332461,-11.654861518517391,-8.333602970937921,-7.498901610447954,-13.581327956595832,-1.7540839138772615,-11.174544282466888,-10.040076788747136,-8.23382508913288,-4.539498858495781,-5.751675835720513,-1.7958620001192092,2.3565835630880136,-3.3776898187503184,-5.587760157097131,-4.083765401422566,-2.0715332106414617,-1.3982913056144397,-0.395750440141942
1.1742531601008233,2.5457855198609844,6.4645756764361435,2.9245685166759134,5.577386188520638,-5.556159879388618,-1.1914386451021597,6.395974019943621,-1.7746357398946655,4.629393712156702,-2.334048843068989,0.5832685671751529,1.9646266538803272,-5.922175698681749,0.0,1.9728998787340504,4.498056887497556,-5.13074945918866,3.2519141753354464,1.548643613278265,-5.058043894860508,-3.868735135430223,1.3389434379794944,-3.6768285258064695,-1.0123549105001106,-4.007189625187181,3.509025179558113,-0.1970510828695028,1.5747990568116874,0.5410074222493347,2.815738067266484,-2.8908305135872205,-8.1857086433221,-6.525839757209,-2.9282146706433614,-3.266213908703013,0.6891612394144762,-0.6836198319388243,1.098911314188156,-6.013312426679985,-1.360131758852856,-2.567158092951891,-0.9774142149951034,2.3435108603174886,-1.735096838277921,9.754747451677583,-2.1014167005965407,6.9416539922490905,3.0602269439819687,-6.605243634873615,1.211932169880404,-5.639949442822544,0.6371449668596784,-8.680230898882513,2.174283555571039,-1.1182182552014195,-8.497970768498654,0.5366035155707546,-4.4353495959702975,-2.912859928346196,-9.344069246849052,-0.9368177500874532,3.336155568511989,4.760598155371418,1.3395262269443444,-1.259344447094187,-5.32233752409875,1.0340626519473048,-4.421228372362651,-2.7973132429696803,-8.80604819524544,-0.9547874757689356,1.5597082668837592,-7.107364776190731,1.2165466182783122,4.059980545226756,-2.458342698491905,-0.01766665496208735,0.3703494395752364,-2.29732912786373,-8.51587532567433,-7.575748265755106,-7.690778500847631,-2.2289207589392026,-1.729110465671152,-5.382333077164671,-3.2576428941919295,-5.050667153482348,-2.4024229356737417,-2.492069603560516,-3.571785243463168,-6.607911308789792,-6.707135989057644,-4.9922143722036845,-4.32212525424846,1.7864464469345085,2.460317935425078,2.367000318109051,2.987921537806272,-3.0684429919427214
-1.5300269821889323,-1.5352981072578755,6.448982507765791,2.854199292405727,9.523084879074077,-0.32592827236654504,-5.9518307356205,-6.882245139587967,-3.477859242027128,-4.397907780697128,-4.834712129838926,0.19268478556497817,1.2125853983397077,2.0779856886402928,1.9728998787340504,0.0,-1.2761529655051265,-8.10066280512613,-4.499755214970725,-1.0563377971731422,0.05727396706843926,-4.470496359900742,-4.653018836751984,-5.161496232601893,3.252600988453545,-4.091615941864998,3.8326904139645217,-2.636175461985513,0.21792873021956788,-3.0568736857176946,-1.4560388605801344,3.304368357672317,6.974866363368696,-0.13125001023778463,-0.9463390173001842,-7.598881184906442,-3.4061678977789573,1.3261186298797571,-5.724099948464096,-4.802444133819008,-0.9057531064702243,8.575915700059133,-1.7370446653379024,-4.430367744481488,0.07460695715842745,2.6161410772429385,-1.3913467563244644,2.4924389655366728,-5.9891965575836,-0.6234849711841347,-3.596457751111979,3.946274880687064,1.2502892233267715,-7.705938658089859,-1.3813895830798784,0.8424411822005482,-3.076030949214798,2.993602365464344,2.6344275029739848,-0.7107938591186814,-3.0405236537252662,-6.8430883355444605,-1.1651954388903607,-2.653032897509012,2.012167003726963,1.934627117078938,-2.944454939714562,-2.7005992017707614,-2.7954403988917926,-3.0210938069994135,1.4401898847332268,-7.354637092086163,-6.420774808290403,-0.13840433140469907,-3.7393132456626694,-6.544464563826486,-1.2636782930651362,-3.08836645827373,-2.35125228825372,-0.9771142521449288,-4.177363283485346,6.037395915221249,-8.837786565498307,-5.30490955796754,-2.8987169158645,1.765854087556132,-4.431810546177934,1.8665431044439464,4.283531519134293,-1.414625121596688,-2.001191722831489,5.829113531885369,-4.304333287257333,-1.2442638587725594,-4.3042329731697535,-0.06326076370574496,2.4560352289921763,2.8346196663683996,5.7732907472036885,-0.16645409427303196
8.539233842612143,-2.675447655650096,5.451812469348305,1.329653259488591,0.9680651154168307,-1.3143905728887235,-6.281077377400229,1.4900044675983597,0.5755112988772284,2.380125731819331,0.23570916371596923,0.5697200687976969,1.5507440342219523,-1.2672041740521212,4.498056887497556,-1.2761529655051265,0.0,-3.012286769906704,-1.6459104203703812,4.509534288356662,-5.542846440653653,2.576082871562366,-2.0814245673711045,3.7213859007385217,0.9720015810119869,-4.9423252797605,-0.44584655278420016,2.228656470781277,-2.5213289614818035,-5.802482658618128,3.5220896032306843,-4.729480431962981,-0.1073628959011101,0.9402345519143,2.230302225997367,-1.6886061684665807,1.8669658045162651,-1.23888129259372,-3.271411984687827,5.178969503274925,-0.8377498683302056,0.12900851962847196,1.35804501905744,0.2299376534484107,2.51530802679924,2.584222812039105,4.072799619871774,-1.1659460230577492,-3.19052283412044,0.28792030871390106,-1.205300464162768,-9.526251955310537,-1.768289231175027,-4.8422245087762805,-1.5556884364855523,-3.5065589514230777,-3.2718921144377004,0.3788596337128124,-0.3397831486581963,-4.655787127333164,-6.143085223577616,-2.558112222576721,-2.297886109950417,4.047408061043888,-4.51159479025471,-0.5912056297776069,-6.239925001796669,0.5276915027420441,-1.2878011135541059,-3.3978306389354365,-6.7691605082417325,-4.733016773994572,-1.457718665036147,-0.8505044130420693,3.322897003564981,-0.4945052609595657,-0.22941537678401877,-2.289133253829763,5.162461711281253,-10.858645061970044,0.9181808979423884,-0.8983076641561678,-4.243872680599867,-7.827414126121383,1.2447615060887383,-6.529684357863203,-1.0978111048171075,2.931456614471698,0.23716407163089287,-3.6608504351005937,-3.633704899365768,-1.3552586086748595,-5.137726632857109,-3.864652421712397,-8.816427885169569,-1.960816552852554,5.287050081392441,1.9103846620776463,-2.4545751301237817,6.245844239524078
4.5894781098783275,-3.092994400641799,-2.6653165889406836,-1.2384630633787828,0.5917146082000793,-2.648327093300449,-9.011975024366707,-8.678665083408882,-6.712084518099692,-9.806467120385012,-11.172700499449563,0.05214818536631994,-1.562674033280312,-10.357820956278532,-5.13074945918866,-8.10066280512613,-3.012286769906704,0.0,-3.351869050711141,2.3170859035500264,5.759281435200527,-0.18581983529523927,4.7193578006678365,4.173544413516288,3.0848090672629334,2.6074278033596743,3.6997510957894817,0.9811827711322224,-5.926791067561279,4.87987381281912,2.1783925645492546,5.535797646167426,8.619691056200093,3.4974698486050873,2.9420334368197514,-7.347929530628277,2.482691061292479,7.428698232250626,1.7822802582871915,3.9773628016959854,5.166247029393439,1.134169167248517,4.724926210231532,3.2016750342423057,-2.291081586150378,-1.5211100164932043,-0.8019971850286108,2.4342193690981224,2.56090516596713,1.3643035173073883,2.693871411326802,7.0480271303516,7.947706086193845,3.5246882195849967,3.3202338285357005,-3.6211142195470414,2.69444273511049,5.561982635365488,7.819664228467911,9.518789082529896,2.4097791621257647,1.510039262505498,-0.5494644927390385,11.283628227084888,11.955629443843517,7.940391865067933,-0.16055797483300527,9.840952895370755,2.6154551452374903,-1.9452911516875535,-0.5062463703222265,1.5528067583178649,-4.283158881134626,-4.764943150056597,-0.11662144601627748,1.8611416006634605,-4.199365433101087,1.8693396464523129,0.8212545816873597,4.67172471915873,-1.7462588721808865,1.6661719908039136,-10.29961288637992,-1.2921908591767324,-4.308671379089413,-3.907937917085608,-8.1397266548542,1.4310229609485088,-5.486453958978225,2.798242836695885,1.8496487442305267,8.483288633064706,0.7588299875800798,0.598604354828236,5.900863791666793,4.1489655464619855,-1.2328638479629084,0.6600234989071567,-1.323425883177983,0.48921558288236616
1.777172630135072,-8.517207570491465,3.250797034459102,0.7843504780504945,-4.147697709006402,-0.8499343907962905,-10.900081398816992,-3.208195019630476,6.200639601137537,-5.90030318540345,-5.985215833443501,-4.531538540848288,4.304363826944123,-3.680937275477648,3.2519141753354464,-4.499755214970725,-1.6459104203703812,-3.351869050711141,0.0,12.915790866615257,2.4015533650829908,2.9235338961730126,1.538824865563502,12.477678404623717,6.151819777589304,2.5067286442605057,3.7872011115495408,5.857618037651128,-1.750257604709885,-1.1181685481537602,9.295023529322124,2.866763081498036,-1.0161596958142236,9.660502076057691,2.978040095605196,-1.706814374066068,6.894297905453761,8.23611330147848,7.576074886514422,12.922199548194419,6.556987892827147,-2.831594268520039,7.650860400637754,3.5612127978511534,0.15708771293140525,5.147032696568159,5.316349030780112,1.264582967673036,-0.24728884140419388,2.801428415144481,4.076111344756767,-0.058105673642419885,3.657633833085715,4.903157973077627,-2.3007640220570225,-1.4553662899004112,7.7602027748656015,-0.5228822285186208,6.48526771930717,3.2666127553482136,2.3003454268505568,-6.86157261033858,-1.217008899503491,3.209721399449368,4.424321790373858,2.713724452572413,3.68626577655528,7.268278576993152,6.240587538199108,3.313169443200888,2.9317336302634005,-2.234329678984017,1.4603166523660447,0.814639797779722,10.486277416521096,7.676112512956576,0.9833250516895972,2.2390695933236993,2.6121345839855814,-1.8242774080558029,8.081221576161736,8.75900101457352,-5.305690674120697,-7.516602511022666,-0.8325456551160726,-3.903469044968564,2.7064379370656018,4.509973294215984,1.4168426150136684,7.169027531056796,5.690282821505007,7.963897213018707,2.2088254086710446,2.3022411947140276,1.2902809171034044,2.235292493832463,5.472763422412978,1.4945743659952324,-1.1292483002498603,11.601244079309543
1.8835718522296252,1.6479507113590368,3.8064785601254663,4.652704250387592,-7.753417232187661,0.620308495199006,3.4433588413959346,5.301307348791116,7.448525606622435,1.6183984754588439,7.5685897020933215,3.3407406612981805,5.041253981060837,-1.4871558989816023,1.548643613278265,-1.0563377971731422,4.509534288356662,2.3170859035500264,12.915790866615257,0.0,-4.1044492300744455,-1.009877756349546,0.7070585101181112,2.38081411816354,-4.545523383441273,-4.732670397478656,-1.6145373947896826,-3.9058235522646,-6.9326121156032094,-0.1760731046396573,-7.6075367615850205,-8.213271456229732,1.4833001478910257,-0.27071952275612987,-3.276151402542167,-1.360465093221406,-8.041646545334514,-1.216446070201041,3.318250266245821,1.1333692106803934,-4.806571329969085,-12.856093840401511,-3.368074866654088,-4.394758771225775,-7.698980599114806,3.0421060530146686,4.1466835219404725,2.6891263257747,-2.66603767936758,-4.335638953390211,-3.593047733913127,-0.3736012115096338,2.013539001707537,-0.23282614911827712,-8.096016250887697,-7.955739123469786,-4.498235486578769,-2.9565001685145265,3.612643675142164,-9.322288243380365,-1.3735106913422954,-2.420621569884763,-5.999971630068734,5.357242414716024,1.2527263756673592,0.9242338760485117,-8.64030731316211,-5.7172280212531685,-3.8387624921126777,0.33598211027504804,-4.71690222250107,-4.151376078298825,-2.0275139007055487,1.9375809037592857,0.5298001551487173,-2.7609477544472942,-3.934471030619185,-1.3816376822906187,-2.645093259759628,-5.94974610500436,1.55168335624095,1.9319632315375537,-4.640508132202338,-8.764891496256542,4.59199304994008,-3.0970733406185644,-2.6901975023543163,-5.918928362602712,-4.295141156065302,2.0097660811469,2.625080465473255,-0.29472593788091356,4.427694163026382,-2.0347278710203454,-5.821151187446834,-9.302741913386953,7.735020502001965,3.086210858411507,-2.8033760377102426,2.66003887562024
3.579803955348375,-5.92939409226424,-0.548672603890206,2.0128120208662694,2.4583914131832127,-4.164541041144693,0.4733983438204842,-0.1006758098787442,0.7698011084843572,-0.5649399299008033,-0.028357849853540357,2.187974822911268,-2.9479622010448527,-7.583750536220099,-5.058043894860508,0.05727396706843926,-5.542846440653653,5.759281435200527,2.4015533650829908,-4.1044492300744455,0.0,1.4592824400460507,2.8387359800541847,-1.3925274440083544,3.98356885114144,-2.1278906977092493,2.0284180234669,6.365086015126252,0.46149071771440303,7.639279911357504,-2.722767725022514,-3.7630445690474494,5.09796650754954,-5.344981007126433,2.748770654166336,4.812004072743336,-4.446329287508269,-1.6735547486947526,-5.328027139506345,-0.4466834582966481,-3.4418616776316835,-6.8662116488316025,-4.672470686381918,-0.1661557920165252,-0.22820129102503403,5.576620129654897,5.58099801683472,0.4431598696502847,-7.396298808272949,-2.768354286964887,0.871518922219854,-4.091298944621481,6.426353380933907,-4.324406913473656,-0.004097768681284929,-4.898069549565607,-6.670813746481701,-4.306924922244208,1.759206843933024,-0.6286937435502279,-1.0839206296797927,0.12194169302462364,8.280442509485736,7.714529951100368,5.52376376576343,4.84002564303012,-2.607298098644823,5.493734750399041,-1.4176954799477857,-2.625352316297383,-0.21693525650287004,0.115479466130722,3.694092754870689,-1.6964980835584933,2.5122095910150986,3.6810592587193502,0.5161083521164159,2.4719310853897047,3.8972652953118536,-1.3755698767812317,1.5599846541410836,-0.2196341321431448,-4.581498701677384,-1.9663377290258932,-1.8981610217008995,-0.0693598064295966,-3.349791961942488,0.044483811949113855,1.135742116084094,-1.931780829400762,-2.5571085709977166,-1.5306485493182178,-4.763952351361649,-7.04102413438018,-7.860584479226816,-4.332896728265442,6.108007985038691,-0.7537128404086928,-2.111334811304155,-2.2717227357084577
