0,1,2,3,4,5,6,7,8,9,10,11,12,13,14,15,16,17,18,19,20,21,22,23,24,25,26,27,28,29,30,31,32,33,34,35,36,37,38,39,40,41,42,43,44,45,46,47,48,49,50,51,52,53,54,55,56,57,58,59,60,61,62,63,64,65,66,67,68,69,70,71,72,73,74,75,76,77,78,79,80,81,82,83,84,85,86,87,88,89,90,91,92,93,94,95,96,97,98,99
0.0,0.9737217172150368,-7.431937893272643,3.2701108976270734,1.1248335843234811,1.3371032724321794,-8.656166042738455,-11.046071767748575,-1.1631804819237592,-6.290603915425517,-5.053973268130257,0.5172288822367332,6.2051125643846,3.9886514877656425,4.963129430507474,-3.1732021325365825,2.1432731449690485,4.690856075768991,7.687210439888986,-3.92189462460488,2.3771435980281126,6.762470814306486,0.4927071452633584,7.096981918565474,-7.077671055531212,4.450244697525541,0.65867722149993,5.420373473857817,4.773670576521631,3.557607102556585,-2.34717315557934,1.1788298955939696,4.414769778856414,2.700725715466697,4.1581582501748615,-3.7006191952967296,-10.064605970682923,7.022890029363837,-4.683038915965068,-6.466228344560081,2.8841478264075455,4.071793694193958,6.15505976782051,-1.8123506712811128,2.1098800427596744,5.313751802795019,6.8729895582238205,1.675898165495094,-3.7553518070476786,-5.588105325948253,-1.6939290269051714,6.476112592831918,2.222392030327336,7.369869966718107,2.8124405508061927,3.460664058821341,-1.469136024052234,-4.635981054426469,0.7055064335927113,-9.08702576171172,-7.526564156545882,2.015931304580661,-3.529511496629744,-3.7970193533041767,4.595552818378473,5.765332075500223,-7.3515126449286194,0.240308350698998,3.737042330873982,-6.433018847573098,-9.32762972093644,-6.766318788967176,6.895289024308982,-5.152587858783368,-8.110870838140377,-5.143596949649776,5.333198081613944,10.553142993657257,2.4691143349134097,12.08602154814016,5.11659684740931,-1.3629836562556448,2.5411561365744775,0.5481783316581054,-11.612884410143572,-6.226959413950468,-6.558758282906317,2.8386980457894606,-6.61586707034785,-3.077172912558086,6.241712407528347,-6.632336599017846,2.365935930342318,3.0052529238438974,-5.865655061570457,3.915869399430432,-2.397322764465472,6.944966510870578,3.777510545570793,-3.62202777513259
0.9737217172150368,0.0,-3.0509342843927607,-5.099999002421472,-5.165973419987953,1.5469643417657075,-2.096858644089997,-6.687050334643787,-2.6818361881620434,-8.066916092941902,-7.218415950742399,-5.1467008747408,-11.88305821340032,3.5878565113974896,-4.479794564919569,-2.337975835141141,-0.6117707231533565,-7.1695048016478875,7.069447057981248,-8.168502997643929,-4.804258890802097,-4.362077203508485,4.281332406099748,-1.6789183187900947,-3.4695946764566696,-4.6125707392501365,-2.3202926614708144,1.5216157003170308,-9.223455210967971,1.3111902522615029,-1.9475366408447043,-1.3744340516750007,4.634415486821901,-6.7578411735579245,-2.309407617027805,-2.2873203579305015,-5.420499156292737,3.0140566237534174,-5.135243198237264,-11.362211206315184,-5.844615698737126,2.210253467284436,-5.749124553736756,0.5074524539232184,-10.09877522411643,-2.8985514491007187,0.8662319025182875,-2.7635834506022094,-1.2468145736724108,-5.664183264549219,-5.643383046174554,4.223518960267543,0.4001024310910713,4.374121280561872,-3.908544710734648,-1.0153141801886576,2.094181219879171,-3.402843293368939,-5.457075945884175,-7.972866226178067,-5.41066843991801,-4.2329403156766645,0.24639246132459808,-5.306412649991511,3.2252855787860697,4.948282877761052,-2.0363627968005784,4.683967393533884,-2.190447232915405,-2.679126785815066,-7.186782983492713,-2.083894835953673,5.143021683523854,-4.396401418023785,4.8561014889522625,-3.7069353477418168,0.28527075533896273,0.391942531944856,-2.538924972061865,-1.2868904688906002,0.32983386089985967,-1.29176345399318,-4.080461836795448,-2.547575782981293,-2.6735465436585684,6.033098816877077,-4.231195988050072,3.6503712022121007,-1.814246206804759,-1.0846261873145875,3.5793920195677695,-7.623348920302523,0.5298864211568711,-8.417542263248565,-8.122936186550747,-3.358409579137839,-1.2526705441062203,4.84143901223227,0.19494249391406349,-3.3573727248817584
-7.431937893272643,-3.0509342843927607,0.0,4.110132121666529,0.9516447942169853,2.90194104890225,4.585511407690164,0.11680432603107505,7.626483401394847,-2.160305469616118,2.4697757501441098,0.08435218711034105,-3.840264164907509,11.231438715612285,2.9277286314393582,10.339399416756809,3.667721661973004,5.51204709676762,9.45693147556168,-2.796258212907903,-0.36678631803917167,-2.722934183481659,4.233057122937,-0.08531179272067972,7.299323764876541,2.8813253506061027,6.21297937476159,10.667633533941512,-0.9307076451623176,-1.2576095797327895,-0.7710802094340146,5.1710309266384415,11.863713432432272,6.430372353421029,2.2583910769886377,4.978531760128496,-2.518416334555773,11.233078653753225,-4.598664795200508,-11.149560963080546,1.5122029509818347,3.9524528216707777,0.7457701360632678,-0.19536000758283284,2.2210821253992017,2.2546534985750704,-0.74652041751614,1.4935526532531516,-3.303592305578307,1.2258398293256825,7.155190810614958,2.427198980593438,1.730031607026384,7.556986720605507,1.6075604821343017,0.1594019490360261,-1.274298574087212,6.21276691703961,6.710344126009377,-4.754643205447056,4.034321220468737,0.7363777574232342,-2.118247120238484,3.152541763537412,5.108743652827858,5.547448341441274,0.9125336516853648,-0.4495268542760913,-0.4433381801628159,-12.139253586809064,-6.657997207387445,-2.0855061330041575,9.309607022536337,2.039624482458075,7.10923057621225,1.3347725531978516,1.0787758320660767,5.5903736369025845,4.692879834696725,9.412243827838578,12.434949382537223,5.688892973070639,11.614007521278824,-1.78378214803648,-2.253009149553573,3.278613359315653,-0.8446143894877887,5.575727856356728,-1.7276003041540835,7.284901748229374,2.0514192178676516,-0.3268006609591296,4.237294592892963,10.283602120941612,-10.560752982940178,4.973481316052771,-4.3883124165089,9.94722333831027,0.7794187132137573,3.364742194599791
3.2701108976270734,-5.099999002421472,4.110132121666529,0.0,0.4514042331649806,-5.5198941101252395,-2.261792723759,-2.5159450755423407,-1.6368700520759807,-4.473287755253452,-7.600444996356184,-1.2834035718222059,-2.268261913641387,-1.5272642312435705,-0.8855170182939491,-2.125849868583352,-4.338027987737076,-9.064153053559604,8.453544442384326,-12.602238093063464,-9.86616886591842,-2.258159380861862,-4.1525951647291635,-3.9481258689630025,-1.789796704126161,-3.050036434118523,-1.02949379086435,0.8971688345507332,-0.4086105186969284,-3.3175079364525164,-4.2856946850417845,-0.6105031015649496,-0.0075259289312643585,-10.559908962246768,1.5746706517649611,-4.87638579558304,-8.14538933428619,3.954627135129389,-5.98481474083308,-4.727933994970936,5.32665469217007,2.4732983222204967,-0.741296323574676,-4.480205916397836,-2.4360882080381527,3.580574224203096,-5.176324568705357,0.09567680121356685,3.4230051124784606,-1.3032715436130304,-1.9480055733888464,6.967638937957031,-0.559587789125374,5.266960158986056,0.6362577550131071,-6.619605850753569,-6.668043752795246,-6.785723700655412,-0.8595159705703624,-3.6366494337483535,-5.5507206352382825,-9.253958456260477,2.473214577548967,-7.795904182327616,-1.7690324632797567,1.3670846342245895,-4.628845542356233,2.2594922296637416,1.4306854984543804,-6.281763992676091,-9.238084363027623,4.013714119231809,3.777458323097723,-6.127175264091294,-3.0356338479661398,1.6906728381977478,2.013527010746933,2.1114652956730953,-0.1333339896712953,6.942529926818358,-0.6796803754761414,-8.254141554158048,-0.19751238302821328,1.3626738423680167,-9.015367526074204,3.352787629328405,-5.8439529506573935,5.9568066188649444,-9.453459699404403,-3.917993337045013,-1.471377737513666,-6.38807492183834,-4.351033600680524,1.0143200555383087,-7.301261590746739,3.2872224972451107,-3.5699722205887605,6.209985262487908,1.5445502616454507,-3.19246391010213
1.1248335843234811,-5.165973419987953,0.9516447942169853,0.4514042331649806,0.0,-1.7213286266973369,3.096569456259848,-1.9412251775742848,1.1012498984930243,-0.8721000158681712,-6.0672179463621205,-0.9022539322500844,-1.6849122942575276,-0.48840761843883534,-1.2878462476938055,2.1494456799161608,0.07703328162679338,-0.7189817160705332,6.15224533778213,-6.592997463409521,-1.1554402595638564,-3.306418730291463,-4.631645933801003,-1.6105685448637679,-0.9243511340626496,1.834925038616352,0.014714227378153467,0.3893771415163804,-5.176350479875352,-2.69014359128785,-2.189632279941811,1.3168014054908683,6.940232956451177,-1.6202224109606842,8.678833794700797,-0.51094724485141,-11.658630366979992,4.397157057264623,1.135618966753117,-6.234674795745882,-2.20597943709212,5.742352520880057,0.0376439411298463,-1.9811592001530505,-5.643665401800038,3.826413433970232,1.346515261466994,-6.205731412518969,-7.361869149532534,-6.742088624834886,2.8056382930424686,5.835177500656054,1.220297001403783,4.4621930638059615,2.470306210015184,0.10285625280258068,-1.0063931913860131,2.5042795777213405,1.6067217591360836,1.8422570414952992,8.6931568437678,-6.683241486397142,1.637204597014453,0.05503294239332354,3.6890573904985526,7.419135639039446,-1.8390292726398625,6.948955134176445,-0.45127931564991886,-6.727015948205733,-5.0461286413567885,-5.725725740117431,4.699153731227607,-5.414294504267373,10.540940125709035,-0.932797614096521,0.29378900471894465,1.6741333558524163,-4.412967718040129,0.42455790620879114,2.450017935829252,-2.0475762634137724,6.44549201522524,-1.3418202519189326,-10.500368813846938,0.17378057719143675,-6.128788919361978,-5.874785959606816,-3.7573727318251127,2.6322540954239697,0.504661313742957,-1.3436079504478027,6.62923828579318,-0.26030422692608457,-3.7977636753214994,-1.9653053793164048,-5.692236719959283,0.8787327546994593,3.426725357459844,-2.3899000790268765
1.3371032724321794,1.5469643417657075,2.90194104890225,-5.5198941101252395,-1.7213286266973369,0.0,8.326608869249963,-5.824058009886149,2.943051776123035,-5.728700738535448,-1.272598757306357,-1.1950255679244954,1.4926497202628983,0.018735632141707086,1.065598750602116,4.037275112405226,1.2732785001844251,5.008599458771389,8.572705238858914,-3.824045808203941,-1.190516653812889,2.189646290555745,-3.8575845156642368,1.6546599709565963,-6.11036414547856,0.8956262936606083,2.408357872582929,3.242017431667584,4.075493068120334,-1.7574553673562898,2.071748534693641,5.226059114441761,5.531576152211308,7.199832957886822,1.9090510432922392,-1.0882236313829423,-14.449646711634644,9.558588471608013,8.55659912603128,-6.020032593551746,9.031205437752574,2.9016862817023314,-4.7971998641775775,1.4896475850202209,2.386347618300876,10.312455784196692,0.2841842996642943,-1.2619472380220091,1.968249581840866,-1.50420331975092,9.724998777872194,1.0520268224400375,4.414823055911673,5.9496044061792235,0.13480995061188497,-1.4640132605114096,-6.300362490124057,-0.7540705392742669,-7.310471820656189,-5.081371367773628,0.2718080902695509,0.6144617328209847,-0.45902243250653824,1.8873030723429516,5.172114706987239,5.483464156725747,-2.5945573211569326,4.03558018611978,1.3121378910883912,-5.7419535201629595,-3.4758156797418436,-0.3496794511433249,11.348378553301051,1.1743263429199486,5.050248558708887,-8.660256489482695,-4.454616336633598,3.2044597493812463,0.02922273822967205,8.4663556803295,2.8484760410759264,-5.099365955198602,-1.415261256923962,-4.085669740426196,-16.2707371888519,-3.9540087302447993,-10.590421928453903,-4.764614749564381,-9.8708691577346,-4.647002300639804,-1.2350877430960667,-4.5607628059561005,0.19506895253459508,4.6971169951911085,-10.115378400895704,3.049492640965424,-5.748889728366257,6.0649678376113085,-1.7665107657841463,-1.488304127604512
-8.656166042738455,-2.096858644089997,4.585511407690164,-2.261792723759,3.096569456259848,8.326608869249963,0.0,-9.147178842602399,4.445797419391291,-4.423431234117553,1.1188823862587147,-2.158643714843996,-0.3402410758712867,0.44349447716208873,-1.2008028168237468,-3.7805098462444793,-1.0359780164662953,-4.378639200077847,1.1510910773056342,-8.189705917767258,0.970276786905604,-3.162285284992836,0.9405406640687219,-3.726311087484478,-2.774420800403555,-3.491214729815796,2.0272143840003887,-1.4674514368383145,-1.1107362520238766,-2.553350688791815,-3.6490019155334608,2.2609558015024924,2.7829014171942568,-0.6257479823191204,1.6227685257669444,-4.376734361459001,-6.340889213323987,11.608557617436611,-8.59747079793638,-3.643307752620048,-2.66992978769375,0.6879505212266014,3.3323760834129534,3.2163402104086387,0.802591071882961,4.6469664895000955,-6.485448242189214,-4.309601913923279,-0.4721902028751502,6.1900012525063115,-1.110836359814472,0.16745173780800343,-3.200011183440776,5.116469666410771,-2.917376041537828,-5.940885827527871,-4.083403806530855,-4.315233177725508,-7.248223398279314,-7.244416450463057,-1.839310012499404,-3.803403708294724,3.5533559677397184,-4.184462976156289,-5.710774305254237,8.981389728582174,-2.4448819365771155,4.774346106314111,-0.7713118014880913,-9.673363831062355,-4.41245571288367,1.7172943599467467,8.05875712667404,-7.631715897429992,4.999630396854176,0.5985182001458451,-6.800229025836968,0.7555552783850044,-1.4817727611161344,-7.654996316039545,5.94142544362879,0.004650990957135934,7.050850678526627,-1.9721394931798963,-12.481963011458856,1.9412466515225355,0.2188491281645767,0.4789247126825393,-4.80486391657861,1.8610856567801628,1.3437819961909796,-7.5656822202462015,-3.1566561752211193,-4.851057163386368,-5.903360887099169,7.115039652308042,0.9229002169212013,5.439592169460173,-3.8612323132536734,3.1597368173540787
-11.046071767748575,-6.687050334643787,0.11680432603107505,-2.5159450755423407,-1.9412251775742848,-5.824058009886149,-9.147178842602399,0.0,5.157462985122008,0.23454429449766637,0.4242263199032084,4.160040942246273,-3.4459009590643346,-0.8169934757686694,-3.0433579382398475,8.426167910879892,2.05389613442234,1.664247913298715,9.86850465083552,-2.735227532556603,1.5687274330720116,-0.7709814306949312,2.60532528177532,0.12704118155732072,8.595404309157473,3.2329366302338647,0.9374275818826522,7.977314622950974,-6.0827754951076445,-2.225016818623185,-2.8126015990639206,3.062245840294404,8.219574890789113,5.9583731157400015,0.8474911099759149,2.4830542986610142,-4.333387114056074,6.433027241665845,2.9785326696862504,-1.4796538050497337,-4.865389566241984,2.3421656664075403,-2.669583937552326,1.7425081418772608,-2.675405114969664,-2.6819947817989926,-7.215841383046408,-3.223248038754189,3.651739968963647,-2.622226113962748,5.4147127961704165,5.6808391027915235,2.5047620790418605,8.304997699588112,4.530084660955165,3.2635608159250293,1.856069442339562,1.6036405227235064,7.59659138001512,0.7146759112458757,5.387346908134211,2.7105424796895567,1.457095546373566,-2.06275584532214,-1.8369925080044291,4.06738861363988,2.527353078530489,7.536482075150656,2.505306673302072,-1.8801039247613929,-2.0015878958156885,-1.3883296352986199,7.996019241434091,2.522058613753383,3.689584351142376,5.761513913689368,-0.2543866903025496,3.34699693908871,-1.9882756299354931,10.06832161283514,4.147982476979448,1.4815182985628192,8.183248006082595,2.693008532745348,1.234591304665526,7.329519330955955,-1.7819684724044191,8.905424407853811,1.804999441638768,6.705112836962159,11.450389305732871,5.5891209484957844,3.317627267570552,3.2903667257121456,-6.724385348027751,0.4475846360853111,-3.0349410812930873,5.71908792673253,6.573024919919948,1.0877099221056663
-1.1631804819237592,-2.6818361881620434,7.626483401394847,-1.6368700520759807,1.1012498984930243,2.943051776123035,4.445797419391291,5.157462985122008,0.0,-1.471368844579588,-5.02169881994451,-5.143168965120436,1.2737978702465715,-4.293160554318838,-5.887028117846988,-3.5810024453854195,-1.4593038996605263,-0.485329222319581,6.160240154677772,-6.920495767352712,-4.311012730684804,-4.23411353377711,-2.878291857276165,-5.852528314053776,-10.703885166327025,-2.565825647797223,1.3794394311983063,1.0570424700730463,-5.321730029341563,-6.027601854528244,-9.429887871584372,1.3974665115929574,-4.718003793536089,6.22343767447517,5.812213429853292,-1.5011616695346008,-10.510420751717854,1.0004771484072883,-0.07864173832343081,-6.693316616186992,-0.8995097651956093,5.997193225948986,0.5764144596511598,1.675126321009612,-4.107636769079599,10.023371988090163,-0.3551533043678833,-4.4825793325666154,-4.961264602626468,-1.5284689228911004,2.8886640437956927,1.039171366155152,-6.666733159703592,4.358072539370867,-0.3509795333778333,-2.732037814984524,-8.436656013138697,-0.7736669168539764,0.3724235749809405,-4.978685613347559,5.916887210719777,-2.754722515120936,-3.496559537386883,-4.718930973562916,2.6087134640242238,7.222509294831661,-9.704917385504087,2.8774291926078073,0.09610960370726898,-9.579528518175428,-4.030517055880106,-3.116392108610844,5.486197018217146,-7.095804187022071,2.3217155999959367,-4.178933910294081,-0.3377140424611844,-2.296998599373798,-2.7630645967596283,4.433617601184126,3.771864711872821,-5.797766603461553,-3.7869010156773935,-4.7391276252735866,-16.63580020743404,-1.9629928278051247,-6.370606158149575,-3.920600245754161,-6.478959459940884,-1.680262348790636,-5.480008389374673,-6.212121461242993,-6.971770572289181,-4.267562049666922,-11.805051329669135,-6.780030483033036,2.563604017269776,3.922043682050389,-5.900451020284908,-0.01161933527530796
-6.290603915425517,-8.066916092941902,-2.160305469616118,-4.473287755253452,-0.8721000158681712,-5.728700738535448,-4.423431234117553,0.23454429449766637,-1.471368844579588,0.0,-1.846110232722623,5.88444064950396,2.0991976782162407,-2.6884799310057903,-1.6376232231843024,6.96534159378919,7.417301878970861,3.7088595577777945,6.619760738091771,-5.764255037454201,-10.72149169269719,8.547001582113735,9.309861864418568,6.720627446717096,-1.835038385402044,3.572391178497186,2.5338532099341484,10.820331338409584,7.421085851808433,5.581887813870766,2.7914339611532144,-2.3773414339697494,7.18072830431364,1.1493441956022534,9.225105201916962,-3.6916471982236208,-5.13142697827912,3.140289878313684,2.6674526012106594,1.6066766616315944,9.648973016998136,0.33317289034341374,6.743510304817476,2.3878640545777414,-2.728461250031035,6.954234937339852,9.695964996800848,4.838871547817115,0.7632174372895779,-0.7804556929013516,8.606300483529111,7.1262949634474815,15.866999874062031,5.172354144114464,0.29471436680792207,-0.7441621719246149,-3.9144515965610207,-4.967637248177401,3.7741856757996017,-0.6689548826366593,-0.8352609591341352,-2.4813000090975343,0.45111621736303753,-3.3102021584137487,-0.116761419369392,-1.663949485918301,-1.6316879151554864,10.72328959231308,1.00036376948126,0.6657530166701124,-1.6196256517668064,2.683039105509573,4.382118075348116,-1.6140755919230314,4.128018727804709,0.6822345176612664,3.839593998281844,8.472799118311546,2.8812245370055543,4.078327215561145,2.8063992323251417,-7.675321868127779,4.717048026735588,-3.7322739885799145,-4.496437695459721,2.453463232010303,1.7207159471873237,5.08270510581956,-2.3818106299952446,-3.524156558303305,5.640048512729389,-2.23030980530426,-4.831669989111468,3.261558087748063,-3.609926178431204,3.0590923891247845,-1.622961459274684,6.815154241763239,-0.9695721925520544,-5.301260781487945
-5.053973268130257,-7.218415950742399,2.4697757501441098,-7.600444996356184,-6.0672179463621205,-1.272598757306357,1.1188823862587147,0.4242263199032084,-5.02169881994451,-1.846110232722623,0.0,1.882276306918217,-2.913239445299135,-2.8432228097812224,-2.616165671200136,-3.1956961283729206,4.923756497270711,0.2300564757504893,11.353213545037878,0.8461384610996692,-6.370854824677489,4.762824215261036,-1.3308857385957245,-1.7397876251177564,2.228128498219281,-6.484263678686859,-3.3006272644475887,-2.254987115049463,8.852420694966598,-2.2358785297551904,-3.9463952977308385,10.3805382777868,-9.414277331083609,0.8652981684251149,-0.7001244617021535,8.916427607275441,5.622441086634661,5.303709249038993,-0.6675083819115647,-3.567084149796312,6.233199988896068,1.9803375949813689,3.410974244968271,5.694111978118596,-3.4255523221019857,9.016762891720337,-5.629915246386818,-2.791584968810803,6.203951735111967,9.552303159322483,0.34713652229862685,2.810486856012623,4.328140827042776,9.06797660069807,9.571859377210467,-3.267549375990486,-4.222650819328903,4.340084369856549,-4.842149314681151,-0.23034572512414464,-1.9999220522875631,5.18607275534845,-0.1864036273632249,-0.6010444767276467,-0.28580326064382766,-0.023559421370700148,5.195990692522606,7.46867983445722,1.50222277601899,1.6251350803589732,0.2478903435616885,9.727984576035917,2.6537234735063695,1.3179469051553436,9.888673864675855,-4.857871785588809,5.553292219970606,1.4346525320857952,8.487227892180801,1.1005331094681767,2.944397636920765,1.7602265789666611,-0.4711488237835576,3.427475355772424,-9.50005449440716,-0.28208177202299384,10.66214872007792,-8.364497526130638,2.027013438059324,8.132280237409697,-3.662799495338544,2.5557025767515436,2.2619992091649888,2.6366473680734326,9.391551511822641,3.986978679245363,0.8805043921468765,5.102754247293837,5.426246626215402,9.490254116249739
0.5172288822367332,-5.1467008747408,0.08435218711034105,-1.2834035718222059,-0.9022539322500844,-1.1950255679244954,-2.158643714843996,4.160040942246273,-5.143168965120436,5.88444064950396,1.882276306918217,0.0,-0.37249679895349275,0.3570583740601745,-1.3975983716081735,-1.0638278758825344,-0.46676735081667814,-3.6107791277901633,1.9844687152336031,6.798630651878665,-9.52858832966055,3.4530033860242577,0.4153056604543576,-0.41989566486508945,-0.6251025793286596,-3.659081819593304,4.2710637956078505,0.9150843463735795,10.993706886955856,1.329666096686141,-4.257036091108866,-2.445170048000572,-1.8462655956293348,-1.0824565553719767,1.7207014992379304,5.5499156430705705,0.9436517470501795,1.5987520235546107,0.34389287176840544,-3.720485051222571,12.595117382299248,-2.1779595670776324,-3.7489419550178384,-0.5003109033248163,-0.5703243774982735,7.868348065304523,7.226113676345803,2.985204330622764,3.434477859282268,7.386049893602485,-0.24379977645230017,2.579303021658285,6.031842527365987,5.095382771868059,2.88239691084682,-1.2398520124407235,-8.66786323817285,-0.36476824425658666,-1.812453009244904,-7.114986191730934,-2.671264024120748,5.98065866231641,-0.8602932868501735,5.189921250801956,3.5993032318047695,1.599298741773401,10.810626914103215,8.912813879190569,-0.3467919020463815,0.8124703019046312,3.9448167236232266,8.724838809919241,2.9023349995904875,5.540417131473223,14.250347195850676,-6.9124744012079695,4.909235733965675,2.6011705241237473,-1.4617539613361208,0.9343298914598901,2.7263242792931046,-1.0909749508259243,-1.0250374134596778,-1.831579645022774,-13.114043370665604,-8.65981310588586,2.562504571827979,-5.725202387308542,0.5579572281262347,4.240950405409355,-4.883256850272864,-1.6335439596546848,3.96717005567858,-7.829282420042506,9.157789474167728,-3.1114087773341,11.222244025026338,4.383909630685254,7.397809015146906,11.823277191175771
6.2051125643846,-11.88305821340032,-3.840264164907509,-2.268261913641387,-1.6849122942575276,1.4926497202628983,-0.3402410758712867,-3.4459009590643346,1.2737978702465715,2.0991976782162407,-2.913239445299135,-0.37249679895349275,0.0,2.8033176604603463,-3.789114307323288,2.9638748287001815,5.1983909226968334,5.817990363192584,4.669128242472319,-0.17971550109883672,-14.264912284677552,-2.1600230658801327,1.5422988608285095,0.3998872719419752,-2.093768086851387,-3.959045008382248,-0.10751769319561814,-0.547087120097749,4.869820897916445,-1.1286217983869031,4.912327154338388,-8.97933598717075,0.002936846108898321,-1.7756839689667003,-6.390711956912738,1.22127505262298,0.8178565007110816,3.557697570629782,-0.15070278266222112,1.9249825570880992,-5.9907218323093145,-2.8285088620925207,0.21331730277655517,-7.2647484261206925,-7.046465187510164,-1.4900827475412777,-0.7853292068719431,0.2921241617293632,3.452641789976397,5.520197640417728,-8.342377520854198,1.285859892918779,11.09751780640876,5.581732254979418,8.967179950846678,1.4912513675028116,-5.6340783240904235,3.0074236198181388,2.964887926141115,-6.658559510158045,-6.706765312261723,-2.345914566704839,-10.683231131075386,-9.285607687694668,1.1579855897990523,-0.2814013623576943,-0.11746088228303606,2.9714507919028774,2.290080738516333,-2.2166557359158534,-6.222616804948152,1.0114549045697097,2.814420948137625,-2.58091311049476,5.294896822717959,0.47887248138045646,4.7849845809102876,1.203487715681069,2.527876727097288,-6.882715716738832,2.008669285966929,1.9318567244360996,-2.007092929506522,0.31352670324205845,-5.176760909995335,-3.05352095112956,3.6249686027905534,-3.0576211911144497,-7.460427386936537,-10.271245455847613,-6.870495975757646,1.5133195360820877,1.2145913476984644,-1.7889534879987279,-2.5264846685650304,-5.713617077955907,-0.659433197394187,3.69404871782178,1.9730819227991168,1.715469137720812
3.9886514877656425,3.5878565113974896,11.231438715612285,-1.5272642312435705,-0.48840761843883534,0.018735632141707086,0.44349447716208873,-0.8169934757686694,-4.293160554318838,-2.6884799310057903,-2.8432228097812224,0.3570583740601745,2.8033176604603463,0.0,-2.104066682956699,-7.973730917397287,3.9058484610698008,-0.8225743576584992,2.6035667664281887,3.075766483610883,-6.101652725658536,2.836540483995652,2.858191603693494,0.8565403590157697,3.857091340571911,7.7066590534442465,4.534185700422162,-3.018523422081041,4.940333897746359,1.2875886703396706,3.3218250580137303,-4.725762803818805,1.4995572770139662,-7.585228062669185,-0.20020233675801288,6.726534838393234,2.4466773406747127,4.358943672856356,-4.086095902129843,-1.341705963376324,2.3479647816779656,5.904848203662075,-5.557963625324642,1.4179949542732273,2.9456514694190443,1.902251446716748,1.0006696570605345,-0.46885561161709216,0.6950337704428349,0.3289232938618579,-0.941677093062484,1.3331009662099949,5.6833508661976575,3.699688382958304,0.17108163693349943,1.6984798848646108,-5.898528401761107,2.5019851115995806,2.5966812527191,-2.3683026385852344,-1.191120756305475,-1.0331228676879152,-4.590898366476075,-1.3974306227692563,-1.0872877756210784,1.4574302449709746,10.156793388038288,1.6093451614138747,-5.164549045771845,-2.583874442717051,-6.980983936092646,2.6021660527876693,-3.954494626055684,1.679359036008302,0.7356699925414577,-3.4106864031768245,-1.7446432093107427,-4.789720584776403,1.818917831988436,-5.625014612242393,8.012873491023386,-2.08328312930462,-1.0192090024448228,-4.113213047880886,-16.100057578830807,-6.27756662976787,1.2213579661201155,-11.88608484631048,0.902630399119594,4.266106417957764,-5.784336754032788,-0.16485264779241354,0.19100718699566743,-0.3180513251890986,5.2349295735514785,-5.592793310569392,3.726717816075815,-2.2654784023548444,5.797795446793209,1.0345894940949223
4.963129430507474,-4.479794564919569,2.9277286314393582,-0.8855170182939491,-1.2878462476938055,1.065598750602116,-1.2008028168237468,-3.0433579382398475,-5.887028117846988,-1.6376232231843024,-2.616165671200136,-1.3975983716081735,-3.789114307323288,-2.104066682956699,0.0,1.5893619972211086,7.033239067654518,0.0803571846152213,6.238417718731075,-4.563379216176902,-5.965793346349302,5.510507489136005,0.2144154321559704,1.6489396227360826,6.082239768479783,6.230648090328664,1.2147743585427286,-2.08584502876078,3.5208434664843278,-2.4679283957776352,0.40935871936490736,5.598995601369363,-0.47670365873383713,-5.025770640555692,1.3740619348123246,0.2135764340144581,-1.5182353951178256,4.848242137223076,0.0734755245776827,-1.709102455044368,-4.6323687564770415,-1.7035816907755323,0.14722751475048196,1.5544116582662448,-0.20292197421982247,4.096445327264092,-3.8389340378846577,-4.284346586400376,1.381502828876604,-0.3704305088887482,7.001037312736303,3.103162211841589,0.670074500932788,2.433213266824856,6.666275183865292,-1.4618700132853175,-4.699171526475804,4.117697985362153,0.4476161528746389,-0.8929199625991121,4.373874980198722,-9.689545769008893,-7.957524340929074,0.28985645984562647,-2.841821481585595,4.455064549716609,7.591208403111331,5.590166180089519,0.720406833243495,-11.701993364808306,-6.309290831988744,5.162493904835298,3.6272489543923743,5.1666653697293965,6.325684357578962,-0.6783630957329757,-1.407758422733133,-0.6216503059288141,5.499333312251182,4.71962632739819,4.00134965886752,0.5312528708167441,4.030930228244478,0.9773407730879665,-15.50944504676906,-2.9401332569735708,-1.115020882553273,-7.092688863864331,-6.518780502131428,4.438591879365195,-3.2581641983121155,0.1646217079741993,-0.492917144447614,2.508579919761035,2.319980383573229,1.538913547507204,-2.259711483400396,0.5741896891430667,6.133463944824129,-0.2790038687741312
-3.1732021325365825,-2.337975835141141,10.339399416756809,-2.125849868583352,2.1494456799161608,4.037275112405226,-3.7805098462444793,8.426167910879892,-3.5810024453854195,6.96534159378919,-3.1956961283729206,-1.0638278758825344,2.9638748287001815,-7.973730917397287,1.5893619972211086,0.0,9.124878168768335,2.9859731226657984,13.448176637041128,-2.2285019508583765,-6.821171214889043,4.520029393207787,7.003286052107321,-0.08760494816426247,-0.07942448274622965,1.050053573789004,13.89974307578744,12.501028287408328,5.092735991943219,5.349632819413452,-9.32366294372121,0.5389353015958281,3.4679302693143548,-2.716636633111513,5.418777351614777,4.389741348120451,6.822348641985243,2.6680972276364363,-9.76040253034288,-9.362992598237842,-7.487570098662929,1.0461783829934128,1.301995126356796,3.08359609935132,3.3410749382939495,6.0673966841473,3.0541180110181103,3.967752277506343,6.332340414568591,4.896032920467636,6.270611439544448,2.5921540080161534,7.611538533421034,5.139304564066114,-1.9716700307200612,-5.0785930375606405,1.8357075108829688,-0.3737531354951548,2.155325484172088,-7.545614256342296,-2.39947221404762,-0.7991470157069422,-3.251402179753221,-0.08113242462993037,-0.5767033907499534,5.703173398860119,3.87754740345138,0.2349595045419952,3.667683864120891,-1.8831039840175816,-6.656627739112675,1.1108754726498935,10.209367235748436,-0.6339132981073166,0.10552911062331656,-9.8771744350093,7.397076561775479,9.447067592928574,-2.8994113637761147,5.965267207249433,4.486106343163136,4.453219376259145,4.178053506787155,2.4231881828722943,-3.052435380897581,3.8794637717754417,5.77382551384154,10.491058167210227,3.0788024176242708,2.79352634592213,5.63011588952596,-5.109616049402792,6.12838607891706,3.359317353603874,-8.503419392193662,4.222457505355246,1.9271040603040044,9.289511479746768,3.646038398193925,6.242031908770814
2.1432731449690485,-0.6117707231533565,3.667721661973004,-4.338027987737076,0.07703328162679338,1.2732785001844251,-1.0359780164662953,2.05389613442234,-1.4593038996605263,7.417301878970861,4.923756497270711,-0.46676735081667814,5.1983909226968334,3.9058484610698008,7.033239067654518,9.124878168768335,0.0,-3.1825705049136555,4.9385282376927115,-0.40016257609618544,-12.462723994885533,-1.623856922921216,0.3042190913753202,5.30454613147801,-6.032276391428794,-5.150824069028375,-3.7261310210703544,-2.927589525781377,-1.1482869259188824,0.0592137205645613,-6.254440301807638,-14.526068420959934,0.6532196922252412,-6.6271733140568045,2.2945674023909435,5.438801716501558,5.159652834429861,-1.6381644747405033,-0.8616244249079632,-4.1726788747453325,2.966850995325865,4.812911826988201,-2.774717204954091,3.004312407124851,-3.940806777609106,2.897193991120824,2.138497407782192,-5.260611446744349,3.9613029337566408,3.6254318913924255,-9.07668944308821,2.3011560534092665,7.361550797292373,-1.430730388233806,3.6125504257561385,-1.4320231531053091,1.4959498607848691,-0.09752156978242472,-7.160453210402949,-7.939608846942337,-10.384323088278911,-2.147075839609733,-5.999900314153499,-1.0858641559478912,1.933069673768092,4.929733026975836,7.49037128784287,2.663879015291292,-1.8027579091794843,3.754101594998664,-6.344558781652953,-3.3380422182290763,2.391817932870411,-5.595965105264196,4.015206769825982,-9.272141028856899,2.2496706977320486,-4.737093142114659,0.04265761528689414,-1.9840162593920407,-1.4633209891002774,-7.352279046212002,-9.779057228794592,-1.1427983902943148,-2.4022785604068826,2.560103772408601,5.748628622166823,-4.89904274023308,1.1259004449850687,0.1769774489285224,-5.5847735358531825,0.1249552803932804,-2.2375573172809915,-3.5892045875205194,1.4452048995439064,-1.0901507249571123,5.663112578158382,4.085623800762172,4.683010538414718,-1.2899463466421397
4.690856075768991,-7.1695048016478875,5.51204709676762,-9.064153053559604,-0.7189817160705332,5.008599458771389,-4.378639200077847,1.664247913298715,-0.485329222319581,3.7088595577777945,0.2300564757504893,-3.6107791277901633,5.817990363192584,-0.8225743576584992,0.0803571846152213,2.9859731226657984,-3.1825705049136555,0.0,5.0626087905701525,-0.8487208225108197,-6.35101493596095,-3.2770800551936543,-0.04064871819215901,-0.7820051000654487,0.10078607134843912,7.832011838768598,6.91249200167776,7.753535874090704,4.489973927438792,0.7141000279842104,-8.691214979076113,3.592001665180929,0.0720171928218856,-4.025896964981222,1.6463399540948211,5.596552389003145,-2.184262992373635,4.162133461276386,-5.429333031193625,-9.21277431576384,-2.8520128595101353,6.691468773244959,-3.2235694340531014,-1.9749467431302263,-1.2505317636250644,4.281645639174082,-0.16441613321323767,0.9567184892846823,2.9531550256442034,-1.2723128276670013,6.78775386329413,-2.5636911013479806,11.982064715470859,6.607074697317278,-1.0514227106671903,-13.492219137993008,-2.9255337024687855,-5.405003299336364,2.4365952230700416,0.7199899055781361,4.868369731564668,2.329037505861885,1.5365841977050203,2.3271896765148927,-2.618952045720327,5.263696103779379,-1.8812058693742268,5.147953252960796,6.023743401223435,-3.54756512121678,4.082801498909354,2.0319156744107447,3.9892708446937073,-7.63354904267957,1.1602775279138744,-1.7399993739197412,3.4224808019640567,4.7516346105359,2.2500339221107937,0.5168197158347442,0.3199953107241867,-4.223778838904542,5.440747918930714,-0.22166990340336848,0.8474266730973475,-9.669079756457014,-7.005427097940482,1.2959566932626247,-3.862438103070645,-1.4970742318223704,1.4811600828874547,4.387892278423027,-1.9105935073439453,-2.9434466553034286,-12.462822314609095,5.0706830017158735,-2.3725025180252626,5.565431992416793,-3.957016676562736,-3.776263226048549
7.687210439888986,7.069447057981248,9.45693147556168,8.453544442384326,6.15224533778213,8.572705238858914,1.1510910773056342,9.86850465083552,6.160240154677772,6.619760738091771,11.353213545037878,1.9844687152336031,4.669128242472319,2.6035667664281887,6.238417718731075,13.448176637041128,4.9385282376927115,5.0626087905701525,0.0,-8.10909869590268,-14.761777714973949,-2.6623497917799193,-1.2968362542417595,-3.6177835110323926,-4.042003125993693,-4.1840209357484355,0.33344048809135074,-2.303264885888016,-6.2697035853753595,-3.786136473443365,-5.284495591641856,-8.424407402451598,-1.1145521478132605,-5.706723878830331,-5.642945973991824,-0.4795199026059868,-6.383959110911128,5.592188127145396,-4.5580362813668955,-5.864048569112804,-0.22823546339791975,-0.8011845750951443,-8.443650860274657,1.669739002939204,-0.08986451220726872,0.5239393785545188,1.5948899646414472,-3.3865091605335618,-1.3588600530954749,-2.62890214715811,-7.572012123695649,-4.907868192664497,-4.188061445543034,-3.544250197613497,-1.3348590228543336,-10.61011873394988,-9.543439781158977,-8.317199320649799,-10.274370087592576,-11.41763723769354,-7.113777367555942,-7.336300779159721,-5.957287841339562,-0.7800963587725469,1.6272528803883146,3.7385933336919166,-1.846651259280432,6.092431592834049,0.05595437987305761,-4.15461327486132,-11.31104524279797,-2.5757516605655795,-2.325759518529767,-3.9489998037102887,3.132292030006598,-5.364692465593151,-0.847990651590709,-7.53143644789932,-3.0721762999349287,-1.4004946690192668,1.8975361656263825,-6.445140004065939,-9.55343691812419,-7.4805963590644335,-18.39021466145548,-2.91663433963344,-4.800812628040249,-6.020793415663251,-8.111927750623504,-1.0513368830668424,-6.20721644403885,-7.9766260576454275,-2.154659801908689,-0.9167896255886093,-4.045917281861967,-9.576658842479363,1.2927364902233092,4.178435474215089,5.7181870559633134,-2.818695443128588
-3.92189462460488,-8.168502997643929,-2.796258212907903,-12.602238093063464,-6.592997463409521,-3.824045808203941,-8.189705917767258,-2.735227532556603,-6.920495767352712,-5.764255037454201,0.8461384610996692,6.798630651878665,-0.17971550109883672,3.075766483610883,-4.563379216176902,-2.2285019508583765,-0.40016257609618544,-0.8487208225108197,-8.10909869590268,0.0,7.528755222428296,-2.647098874933856,5.161386144941664,-0.8184334796560254,-1.3708324746907274,1.136594505489947,5.3673306182798415,3.9260881955538753,1.3354044434672767,-0.3076070782465428,0.9870081645065005,9.2768029201665,2.9178437512073447,0.24860717671826407,-1.3561893206408957,5.930051451031281,-1.809805644142282,9.738379688231696,0.29043501238043967,-4.2534318577956896,0.12257565196556203,8.323238414451568,-2.524495721278227,1.5570101268334084,-1.738777754854061,15.730151295927648,5.063367829584733,-5.927497857216615,1.087575853340319,1.054843577647378,2.8708308069754414,8.472921823099714,2.32538906776045,13.206791543451603,11.305451256740673,-3.4050331565997425,0.7265111172309402,6.951188518554607,1.3613242579691207,4.107274025343068,4.288378864179694,1.475708610767886,6.195944407723989,0.10195541698933595,0.7076732541727672,10.358328054375423,0.3063252619216425,6.967883271930788,3.5946565573083142,-4.891954838110928,0.2703032958412841,4.647855273450673,3.3502258854392153,-1.3125652528958995,5.550261846947459,4.399516326096384,3.810448131601555,3.2253448986743725,10.385083205305731,-0.6440624493691334,4.009845025730594,0.690153761281163,10.78321294065617,2.0694026225145974,-1.1968377789869813,-0.6631275593779847,0.6023483581870136,-3.47769473643568,-0.3351957677766872,6.471696292274218,-1.7230126039837128,-1.0699982761930789,-6.560025579124794,4.692070770448707,0.9932529355723207,6.610254743950649,2.862413539551911,4.306977130058884,3.897660784629268,2.964186853365025
2.3771435980281126,-4.804258890802097,-0.36678631803917167,-9.86616886591842,-1.1554402595638564,-1.190516653812889,0.970276786905604,1.5687274330720116,-4.311012730684804,-10.72149169269719,-6.370854824677489,-9.52858832966055,-14.264912284677552,-6.101652725658536,-5.965793346349302,-6.821171214889043,-12.462723994885533,-6.35101493596095,-14.761777714973949,7.528755222428296,0.0,13.614246193887812,1.1114670266389355,12.184382371388196,4.899038324426441,14.243439269774306,4.662639406049075,2.87720119625076,10.735817016997004,0.942020722945008,3.346282956264009,9.513206338916019,5.113911010714239,0.9178439650816848,4.417240321291922,2.047589833885008,-5.897385510377241,7.716848075478315,11.022697981684324,2.4683694602550723,-0.029891216522980223,6.522875255953593,-0.18662288857021367,1.7496738017699098,0.8863607338807158,9.598276433701871,3.7727569867795823,-0.37846506404494473,6.505948086746892,-2.186311368527033,9.524450156508767,8.280733065381263,5.122023575182342,14.194759320111832,12.599998552268454,0.530707963846636,4.415008224163218,6.556138440609961,3.3288011265506525,3.9794012130925567,5.321394354624601,1.8992667512997208,4.426071723557765,0.6814886564459763,-0.7991429217259065,3.9592285414366097,4.82356560368788,6.653688543320484,1.9120248979668557,-1.7066997986409111,-4.2314475103768645,4.027783004742208,3.511605387377661,3.4226922582393366,5.0522773052538446,-3.3993915339582883,4.773934344993,3.751979800109516,7.890405256181626,7.4565903609188675,0.7121067297598696,0.7173180251871553,6.053228252674294,-9.89209921751612,-11.499222819917652,-0.9064794141404817,-5.5552563872520055,-0.7173279377701891,-4.947693150541136,-4.268675016336576,5.854923933433724,-1.9806539396458411,0.6215117653917881,8.990833964605486,-1.9901689152614392,10.415041563518644,-4.0432201441293145,3.8174098707328743,8.486048679989366,-5.366109023595183
