0.000000000000000000e+00,7.872108995944800958e-01,7.097281652917649453e+00,3.006916126267026534e+00,2.371240620908928731e-01,1.330946675371352139e+00,7.385373229428311426e+00,3.995939836141280566e+00,8.475316062809767903e-01,4.380217829235831140e+00,3.055114279621945261e+00,2.046708778153360164e+00,-1.028864561472703221e+00,1.885184016146592478e+00,2.020822451132543718e-01,1.364913041788708759e+00,-1.470962387264134419e+00,2.629429840505657978e+00,2.105884014132203497e+00,3.565758266953568345e+00,5.246062911730968725e-01,2.638691699374551725e+00,2.069113436568251085e+00,-8.816882803255033929e-01,-2.850099512538320834e+00,8.499733863472758166e-01,4.203118948147485101e-01,8.277860193690050883e-01,-1.955459104390971481e+00,4.825727530379481323e+00,1.283640846806483715e+00,-4.831087898425497684e+00,-4.616352154919982076e-01,-2.527926984326813287e+00,-2.580612552530899606e+00,1.937418628097933082e+00,1.755926183636062454e+00,4.200492514347240469e-01,8.800222677633843915e+00,3.598887523606546512e+00,1.166989639311403426e+00,2.531578802976854892e-01,-3.475596070479215705e+00,-3.358024912353601010e-01,-3.210517360665977815e+00,4.385732498629343112e+00,-1.698066184940113521e+00,2.397941729165784797e-01,-3.115406172823413922e+00,3.514493237954734450e+00,-7.129199175680143163e-01,2.671337644744064654e+00,-2.844754084283168893e+00,7.107681191345569527e-01,3.845794979580802408e+00,-6.459802057077158599e-01,4.035800647384625073e+00,1.391859949677983765e+00,3.056156891584090873e-01,-4.434894659751365431e+00,4.075229333481868110e+00,4.668820208779012937e+00,-1.190676930955553381e+00,1.370453333646882710e+00,-5.486745210085037350e+00,2.746269732680997944e+00,1.764564251056636168e+00,4.051479482576896274e+00,5.108652663278404837e+00,2.963450660916786994e+00,-4.485045317641959267e-02,3.371263881520648376e+00,1.340240825221902243e+00,2.469747961833914651e+00,-7.816829375103268029e-01,-1.235219642888514935e+00,-1.815287087156332024e+00,-2.002301587172095498e+00,-2.072695921655303586e+00,-4.442706318912042818e+00,6.815806515177591507e+00,5.793830513597766796e+00,2.524501388048272066e+00,8.149471687611878901e-01,-3.624215173031903880e+00,4.570678005545437905e+00,2.571206118393481344e+00,-6.954620228726466902e-01,3.303212150280637083e+00,7.635758422931838929e+00,1.910341589630938086e-01,-2.458570500998812580e+00,1.283227289692230322e+00,4.975343060523881533e+00,1.680866770816709654e-01,3.011796561546156159e+00,9.996468514634467839e-01,-3.956426885194331167e+00,-5.813187428731832362e+00,6.626407791139714121e+00
7.872108995944800958e-01,0.000000000000000000e+00,1.861206154339005714e+00,1.644696604583963495e+00,-2.070416467389402104e+00,-4.511895485592705701e-01,2.305863630689948263e+00,3.887191013459233568e-01,-2.604562636217197635e+00,-2.745311839011336463e+00,1.540314436796646758e-01,-5.650552733327452337e+00,-3.611623775336829656e+00,-6.878281385730512731e+00,-3.425509357235401176e+00,-3.102315369381329901e+00,-2.741445797377593863e+00,-2.632175707463770831e+00,-1.943630995546754781e+00,2.586751338352258234e+00,-2.434262781643582230e+00,-2.859016709495784681e-01,-5.484953657418388806e-01,-2.476133131637703322e+00,-5.511016643274471605e+00,4.332657612236344491e+00,-2.194662180186787159e-01,-2.761751025522102942e+00,-3.437059862340891225e+00,3.698312363057786989e+00,-6.154094952030798815e+00,4.013334280095383733e+00,5.202422217119049286e+00,-2.669896802207609721e+00,1.695928408835865264e+00,-2.652283319603049527e+00,-3.836396127123888444e+00,-1.015258913071976465e+00,2.027340853182244995e+00,-3.397493938853473061e+00,1.141970615921592686e-01,-4.404113226455743102e-01,1.965565818204570769e+00,-1.988729730802818674e+00,-6.626414394282352793e-01,-8.238834557127133751e-01,1.130039734673158325e+00,2.128911744723546162e-01,2.839439862703006412e+00,-4.318752209513151641e+00,8.110660512584350057e-02,-9.148655474019712353e-02,-3.881596965348763195e+00,-6.811930351662358607e-01,1.027062766060462096e+00,-6.907676383663971520e-02,2.275101970551566488e+00,-2.833047747430787133e+00,-2.426038154765152832e+00,4.946744430449503405e+00,-1.991134040278905060e+00,-1.023625712031496660e+00,-5.543500311284764059e+00,-7.034458832651462323e-01,-4.996817751408352493e+00,7.429258056578372793e-01,-2.595829653543488824e+00,-2.701982641073926938e+00,1.997368667222959582e-01,-1.621944358982541745e+00,-4.286163196604960035e+00,7.518982195325556450e-01,1.076161060253626178e-01,-2.054666274837679385e+00,-3.922439907505793411e+00,1.305116533268598999e+00,-4.457904717292776375e+00,6.701550154635003143e-01,-5.969234798872895098e+00,-3.021309448929212049e+00,-2.174525518416901448e+00,-1.328458804740907828e+00,-3.151669978851941334e+00,-2.201926082804982698e+00,-3.930548385552908197e+00,1.401068987549242806e+00,-6.272366970604292824e+00,-4.369814746509393721e+00,-2.287314256628450782e+00,-2.648295201264841747e+00,-3.270811295248351236e+00,-3.886665719722317114e+00,-2.266534053940318039e+00,-1.366732564356027968e+00,1.480957143383189845e+00,-1.491558685020417441e+00,-1.202767320465311984e+00,-1.312623064467899781e+00,3.177086034101306855e-01,-3.899202501981446911e+00
7.097281652917649453e+00,1.861206154339005714e+00,0.000000000000000000e+00,2.429450511532967205e+00,-3.002738091131330833e+00,8.499366318140940679e-01,1.403657350967668194e+00,-4.337510562695928162e-01,8.720021361065019572e-02,-4.303742683252584911e+00,-9.726865571016042322e-01,-4.360616951068119640e+00,-4.972068625445667855e+00,-6.994392751977846601e+00,-1.755562777139556552e+00,-8.239788208019698246e+00,-5.705087012778015110e-02,-1.875114234383226108e+00,-4.240708832196856903e+00,1.711067347362473789e+00,-5.543647920942299301e+00,-1.817290072805461509e+00,-1.579843436078221419e+00,-1.450890687912631982e+00,-6.191769632534779966e+00,2.941784845905001777e+00,2.411003045289688423e-02,5.036916424419779492e-01,-5.848086497996215272e+00,-3.636254060004182054e-01,-6.655215499794290501e+00,-2.917645373234982742e+00,-4.845851996806841977e-01,-6.959067204071521573e+00,5.294343020853476967e-01,-1.537931599474857025e+00,-2.096604125583208411e+00,-4.742783521127098112e+00,2.008526070196797075e+00,-2.314595831077668642e+00,2.092102582400252597e+00,-4.254997591585903294e+00,-2.459761583348079039e+00,-1.976875596573186122e+00,3.913117833796927236e+00,-2.494320425555265786e+00,-4.041288023730984058e+00,3.317572248375781352e-01,-3.272861565208461165e+00,-3.751774885319283381e+00,-7.544298164829415398e+00,-9.827975148089678203e-01,-6.454871108664795187e+00,-1.884619990759348163e+00,-5.720127454939877287e-01,1.050578586115519686e+00,3.369021145530274319e-01,-3.451647319513944545e+00,-7.014489340516007587e+00,5.594625106373645185e-01,-5.254922224231446393e+00,-4.619384678151964074e+00,-6.056396745078900246e+00,-5.876347310918567324e+00,-3.101996508220731474e+00,-4.038532450689850783e+00,-2.999550385899086180e+00,-2.372354709466925726e+00,8.864444000596721773e-01,-1.081695990956302200e+00,-2.794745168953557179e+00,1.999412592880894124e+00,1.215945989991983889e-01,-4.042769155082547528e+00,-4.221014286112828806e+00,-2.418888072026035285e+00,-2.455974719760269043e+00,4.277236685991497644e+00,-6.848467361326617819e+00,-6.974488720142650422e+00,-7.310594725293863227e+00,-1.718379143476656434e+00,-5.793401686033001347e-02,-2.846042427505867778e+00,-1.414694414802946332e+00,6.872177989806100840e-01,-4.494831238896936476e+00,-2.752992918436170555e+00,-1.522100264966676164e+00,-3.857827352938273613e+00,-2.184745254183784180e+00,-6.463720557168223912e+00,-4.785910734375551812e+00,-4.379335105906011272e+00,2.655912471514120243e-01,-2.991967168493451901e+00,-3.143298982575033040e+00,1.016376409378976664e+00,-2.550451680807563903e+00,-3.763314462690578122e+00
3.006916126267026534e+00,1.644696604583963495e+00,2.429450511532967205e+00,0.000000000000000000e+00,-1.946342204851342572e+00,5.370458121184381595e-01,1.030673497634547964e+00,6.373222778269824751e-01,-6.777140067887890140e-01,2.425789071677448838e-01,2.188818827593606908e+00,-3.226806581619614089e+00,-6.257291235958223119e+00,-5.302126013432019391e+00,-1.100040762877752654e+00,-4.973617298341854287e+00,-7.468414562896746878e-01,-1.820576887394133259e+00,-2.342527877304909634e+00,-9.599231498023325093e-01,-1.624631691024924496e-01,-6.282180948845340396e+00,-5.694328137388029454e+00,-2.127781866632544094e+00,-3.552494291501269164e+00,-5.128342149801429217e-02,-6.751420216044319744e+00,-7.531399931315616136e+00,-1.861714677238422100e+00,-4.193390562579757841e+00,-9.074297505004587094e+00,-4.243060770701085893e+00,-7.375492920745770065e-02,-3.986707031014418590e+00,-1.063160114200559470e+01,-3.206340627560261280e-01,-6.473889897751910816e+00,-5.685593116745121023e+00,-3.157368308437010551e+00,-3.795964676331691656e+00,-2.789862090080692969e+00,-6.006637044582873841e+00,-5.598291606372476359e+00,-1.200145892501121248e+00,-3.436290063977994969e+00,-7.925741097023666359e-01,-7.971347617835005117e+00,-1.285012253822641837e+00,-1.603131433051845134e+00,-5.746186359362960294e-01,-4.313184600145175018e+00,-3.323500146975139291e+00,-1.694369103797618736e+00,4.920559090968578131e-01,-2.502613732409112668e+00,-1.967046696547946505e+00,1.484725071431660437e+00,-2.349253297835645515e+00,-9.049896147919217482e-01,4.006227477151552918e+00,-6.344805593918170672e+00,-5.500244162235798484e+00,-4.537489788149041914e+00,-7.580821167528851490e+00,-1.619635064789775036e+00,-4.230032312280219919e+00,-2.967270956703058626e+00,-5.323509174905431962e+00,-7.790934054946691001e-01,-3.324650987829202542e+00,4.038486752277536063e+00,-5.683449687120941007e+00,-1.934048784178479252e-01,-6.232624635542664215e+00,4.316224639628216231e+00,-7.547610226435260694e-01,-2.156413648812567807e+00,-5.445533776700675510e+00,-6.777356677016194375e+00,-4.538518687099796445e+00,-4.287917104682413161e+00,-6.349005510877159253e-01,1.082567585574962937e-01,-1.223375983084965091e+00,-3.341252067755379418e+00,-1.572110405322597160e+00,-5.047581684252474332e+00,-6.900737378293274382e+00,8.728068679772943428e-01,-2.074530578149923699e+00,1.491961906850083897e-01,-7.318197983451524280e+00,-4.581981221311505870e+00,-2.036540178336248452e+00,-5.298974431529536844e+00,-1.012845135201568603e+00,-5.256812669798060611e+00,-5.238175298742593355e+00,-7.146073048280418005e-01,-1.573694689420537252e+00
2.371240620908928731e-01,-2.070416467389402104e+00,-3.002738091131330833e+00,-1.946342204851342572e+00,0.000000000000000000e+00,1.261935707764670900e+00,5.381909046796046425e+00,2.491443892573446117e+00,1.470939559612870262e+00,-1.341800025737097002e+00,2.722890591655628523e+00,-3.378866188958773886e+00,-2.610232259828416890e+00,-8.544510228343440872e+00,1.660710060709654989e+00,3.589229492675093947e-01,-3.979329744188792595e-01,-5.762583094818908291e-01,-3.203024969567904279e+00,3.823599688217364623e+00,1.106998655697333689e+00,2.358233936759402405e-01,2.052684054917959688e+00,-8.471598057436174889e-01,-2.212356502605560493e+00,2.528556481046338344e+00,3.166582624982305916e+00,2.609165985557984957e+00,-3.265278688589901890e+00,4.223799125479954064e+00,-5.413309915975759168e+00,4.024799509382258333e-02,4.442253415201146360e+00,-8.388797128095763611e+00,-5.518515696996334263e+00,2.076411998493353506e-01,-1.764813671391569194e+00,-7.082082984614782362e+00,5.906155873017057134e-01,-3.157195877220741576e+00,-1.750223193217673723e-01,-3.777346222258152419e+00,-1.534867144381616200e+00,-1.174584482352824866e+00,3.770280927502646762e+00,1.839987426382889035e+00,-3.073598601188102908e+00,2.686386592861875755e+00,-4.608397975093741827e+00,1.130464135983731300e+00,-3.691926527376296452e+00,2.357435431972039197e+00,-2.348605479265559737e+00,-1.932567706351710823e+00,7.914531614746967980e-01,3.563288968328916173e+00,2.777736479867811248e+00,7.363900752829652951e-01,-1.436372646016324195e+00,1.679195820979929366e+00,-5.300385579550085602e+00,-7.714104314770684478e-01,-6.538629216998344873e+00,-3.908275860208357155e+00,-2.844964576808468149e+00,-3.148171804777333271e+00,-1.529783534902611208e+00,-2.665022033148283231e+00,-1.001081264601030751e+00,-1.957578830985761797e+00,8.015843685240823246e-01,6.473319090680458299e-01,2.905394243598117932e+00,-1.380270559429641608e+00,2.297601399924765531e+00,-3.889345889362723074e-01,-2.904024570849178755e+00,1.645217437678039074e+00,-4.650384467725780624e+00,-9.954682337054782337e+00,-3.126529001851454659e+00,1.244828985501548191e+00,4.193448266205642483e+00,-3.837195406049760393e+00,-2.017952770821832775e+00,2.632046867960101455e+00,-3.570032071724925427e+00,-4.995826784160618317e+00,2.099773922551853911e+00,4.106988738853502241e+00,-1.186067707816034211e+00,-1.557649957152359654e+00,-1.206712587621391997e+00,-3.012477561966784290e+00,3.721200799920809654e-01,4.236903254750633563e-01,4.749094463799672511e-02,2.853152216320303580e+00,-4.984694546603327225e+00,3.271198939886271084e+00
1.330946675371352139e+00,-4.511895485592705701e-01,8.499366318140940679e-01,5.370458121184381595e-01,1.261935707764670900e+00,0.000000000000000000e+00,-6.103214017826699145e-01,1.839371369567265102e+00,-8.271108549391302800e-01,-5.575356991047532240e+00,-3.298492538303156252e+00,-5.865230148678101330e+00,-4.735830960635562192e+00,-8.871742064450545584e+00,1.508008516283348088e+00,1.563038455788906322e+00,1.312349088798134833e+00,-2.911240344035308958e+00,-5.033987232394509626e+00,3.307185512567317076e+00,-1.451102449104730852e+00,1.009758174660606578e+00,1.075721420847315146e+00,-2.141397108340473032e+00,1.248302342575927648e+00,4.656184499865036130e+00,3.159802861472853497e+00,5.539331489596937885e+00,-1.977904361876051675e+00,4.479301368930539873e+00,-8.071118306620579830e+00,1.719939941361590785e+00,6.993440660064292880e-01,-4.397916879377929078e+00,-1.299305259592056783e-01,-1.913934536448962831e+00,-1.148159192582590693e+00,-5.928747229683716258e-01,-1.218078158904502883e+00,-5.471954918940729051e+00,-5.134172058087814960e+00,9.297331987386380225e-01,-3.868584984410235794e+00,1.414620372955430749e+00,-1.414132799409451247e+00,-2.467549950541070292e+00,-1.169318185188501724e+00,-1.065824670238649935e-01,-4.320733609678148568e+00,-2.225859138197933795e+00,1.004292315786312395e+00,1.328413220683978935e+00,2.951668866233661426e+00,-1.750071348780007252e+00,-1.497251484663161825e-02,1.020465711691725064e+00,3.302571847487669299e+00,1.488773080053008568e+00,-6.439868637148846275e+00,1.054747312630742062e+00,-7.541828212410014665e+00,-7.623975627053241944e+00,-6.504815573528650141e+00,-5.487718324158363359e+00,-2.043089069844526151e-01,-8.752459946056214690e+00,-5.572249699342426865e+00,-3.773211138129545006e+00,3.754240059005382157e+00,-4.482735950992565499e+00,-2.010952339464779470e+00,4.078629118059775016e-01,-2.253446646305771406e+00,-1.202452790049693521e+00,-1.235373896117381021e+00,2.474633869814335529e+00,-3.100373105053679801e+00,5.182371578563836678e+00,-2.773720543816007300e+00,-1.566941264828738190e+00,-2.149354416205368601e+00,-6.226215958188168642e+00,3.487901394334793070e-01,6.170390261127770559e-01,3.424784739313310400e+00,-2.718392430925877790e+00,-2.646106356193621334e+00,-5.146092526659763244e+00,1.022251146684457934e+00,-2.811991752784233967e+00,-3.722581065241366449e+00,-2.392463214570800023e+00,-1.570773380887356740e+00,-6.777430663008162881e+00,-2.530555923923887729e+00,-5.720566405370979268e-01,3.521820514138163105e-01,-4.914637585180099855e+00,-4.419831578688439677e+00,-1.824789135860572509e-01
7.385373229428311426e+00,2.305863630689948263e+00,1.403657350967668194e+00,1.030673497634547964e+00,5.381909046796046425e+00,-6.103214017826699145e-01,0.000000000000000000e+00,3.213324618051142112e-01,3.639270243717928732e+00,-4.282570224196419417e+00,-3.294463667786942107e+00,-5.199330211963372861e+00,-4.006707275010011671e+00,-8.179743329288134968e-01,4.840386130335208925e+00,-3.943720418675322303e+00,-2.230811689793342545e+00,-1.840150851147045685e+00,-1.953456150176464234e+00,-2.782316219648524935e+00,-1.276483215212541378e+00,-4.077231614910996171e+00,-1.563393421773104031e+00,-4.946415937481574154e+00,-6.740824870877964337e+00,-5.539228841705562623e+00,-3.436593401768220257e+00,-2.403259632586233430e+00,-5.419863637873127971e+00,-1.622884572780590506e+00,-7.847435423695666934e+00,-8.020750794938402706e+00,-6.747383808777443370e+00,-7.859672303947954575e+00,-5.827937684275691588e+00,-4.543839289731126385e+00,-4.433014929222162337e+00,-7.713001698793117811e+00,1.251487017407543423e+00,-2.504386570054788930e+00,-1.077337583514721864e+00,-4.434128138886015869e+00,-2.900036904578384256e+00,-8.251684164354623485e-01,4.860521658371846243e+00,-2.413782040521109007e+00,-6.348340378441888809e+00,1.431339370154252277e+00,-9.898281430586679974e+00,-5.260844281697480085e+00,-1.022447535839204136e+01,-1.421535848613760145e+00,-1.045832695883992436e+01,3.771975614077578420e-01,-9.249633499391154423e-01,-3.284078773985814603e-01,8.216173648103443361e-02,4.631391805896665770e-01,-6.990827130985370452e+00,-1.997488532563892250e+00,-5.133835151230001337e+00,-5.325390015025843304e+00,-2.389498596742392955e+00,-5.679132763865230693e+00,2.741728931024778326e-01,-4.800013646170155357e-01,-3.541228341173162875e+00,-3.909247890573183670e-01,-2.409229887912120560e+00,-6.234536966743994268e-01,-1.557426367845653248e+00,-4.354401614222085826e+00,2.490968227990802308e+00,4.481413259196653232e-01,-2.005853356520087782e+00,-8.986208096162043191e+00,-8.863628781968824200e-01,-2.692450750984901386e+00,-6.193183451504777004e+00,-7.810998712502354557e+00,-9.496816519412339730e+00,-5.856963432658504054e-01,-1.088954533110250811e+00,-5.062668706896177540e+00,-1.448038908443001649e+00,4.611026998075786754e-01,-2.779198196120198805e+00,5.908005779804755830e-01,-1.890255380212267244e+00,-1.525151784508240960e+00,-1.135463838593564700e+00,-6.276964962398287717e+00,-1.048061246905120925e+00,-1.315324786179340677e+00,-6.493141288041389680e-01,4.914274725693219548e-01,-4.992374357189078182e+00,2.005270459457617616e+00,-9.315285235544065401e+00,-2.979305876076773885e+00
3.995939836141280566e+00,3.887191013459233568e-01,-4.337510562695928162e-01,6.373222778269824751e-01,2.491443892573446117e+00,1.839371369567265102e+00,3.213324618051142112e-01,0.000000000000000000e+00,2.085808865207054552e+00,-4.163813474984860541e+00,1.533704915881147546e+00,-1.443549036107395489e+00,-2.374664614024000642e+00,-2.369224155473274251e+00,4.366924890041643081e+00,-1.831889650448964790e+00,2.869441514050402819e+00,-1.653535991382038217e+00,4.009267528453468010e+00,2.508153035022745225e+00,-9.318143778713966485e-01,-2.880628901326238167e-01,-8.696340348362523454e-01,-2.036851616230888617e-01,-1.693302194894218404e+00,2.071016641278422110e+00,6.247828786170825488e+00,4.838507901249352594e-01,1.922450066748331854e-01,-1.444656871374102869e-01,-5.399476168901658824e+00,-3.973205942311239358e+00,2.581240136961116427e+00,-3.250465422900068013e+00,-3.416195006657494204e+00,-4.724175460677825455e+00,-2.308018420461185105e+00,-4.195087496847446751e+00,1.598898006220583312e+00,-4.405493855010907289e+00,-3.664426888214659339e+00,-2.406935895370234224e+00,5.687919653869637493e-01,2.182522965141062699e+00,6.827698187384903861e+00,2.915209288626145590e+00,6.743810559654023207e-01,3.668119612276765196e+00,-7.082116475434426128e+00,-2.959008000501716085e-01,-5.505942493148712202e+00,-7.652659262308291188e-01,-7.641933067404681701e+00,2.495532565219975574e+00,-2.419778652204175096e+00,-2.715696775953296838e-01,7.139749664831358533e-01,-4.312112608642174050e-01,-6.649676907716357555e+00,1.035918568298394293e-01,-1.329746964926046049e+00,-1.402606470162994334e+00,-2.705933584586014629e+00,-2.863990889543054141e+00,1.488778043268089935e+00,-2.589328041198099006e-01,-6.939129907020340937e+00,2.981480292323499981e+00,2.416756991047819270e+00,-1.999354764106200832e+00,1.382061891419052779e+00,-2.902203873699670034e+00,2.393915732242416716e+00,-1.297495517947034216e+00,1.460411009612334388e+00,1.895554425441160484e+00,-9.470280009447618053e-01,2.299765137180131980e+00,-4.385882684183687097e+00,-8.298332495573866652e+00,-7.858624699813818282e+00,-4.682024311992563526e+00,1.782262129481726909e+00,-3.528323945892787972e+00,3.589866210508614763e+00,-8.754482934626234281e-01,-3.038860998865000607e+00,-4.218256309962127304e+00,-1.454841532863933473e+00,-4.159761754569219150e+00,5.449777612641294733e-02,-1.662145870828956262e+00,-3.789792863228008457e+00,-3.783113923164296732e+00,5.572394873397732429e-01,2.181479142142224603e+00,-3.422283850811208561e-01,1.092361043224543637e+00,-7.554630750226603020e+00,1.394023399992061485e+00
8.475316062809767903e-01,-2.604562636217197635e+00,8.720021361065019572e-02,-6.777140067887890140e-01,1.470939559612870262e+00,-8.271108549391302800e-01,3.639270243717928732e+00,2.085808865207054552e+00,0.000000000000000000e+00,-3.257682477716663971e+00,-4.849930736421500299e+00,-6.018066755268050017e+00,-3.592497393655139426e+00,-1.251670773723695795e+01,2.222251452391993953e-01,-1.301433190482937263e+00,1.860245301034275378e-01,1.511193581873246927e+00,-4.730195073335272227e+00,3.592578947471410267e+00,-1.901803304985437260e+00,5.263692666092534722e+00,5.937451612250939093e+00,-1.661572625576404061e+00,4.536250861303884996e+00,9.388341797595561866e-01,-4.648503801125132284e-01,5.827014413853722985e+00,3.316334491034433340e-01,1.146683267024390318e+01,-8.698298420750253612e+00,2.710333903751148465e+00,-7.725960456062083148e-01,9.270532777508813660e-02,2.289901855315048085e+00,-4.747671256718982713e-01,2.433107163679623763e+00,-6.081445136056666534e-02,1.239225269602000745e+00,-3.474440820286177178e+00,-2.519614040777583330e+00,3.084507168294312596e+00,-8.200550050452241058e-01,-8.437563223589648054e-01,-8.886038532804409196e-02,-5.374187874475779836e+00,-4.967304049445262493e+00,-4.690283537223397303e+00,-3.110062744604893403e+00,-5.659148620533605900e+00,-1.624384441767625642e+00,1.803589354282345125e+00,1.595433325288954096e+00,-3.746786214478889043e+00,1.990309239218163606e+00,4.017504881841762021e+00,-3.291701157350247264e+00,-1.240760824197640666e+00,-7.015295280111319975e-01,1.564737830552457964e+00,-6.612256749264908251e+00,-4.984326994846200343e+00,-8.763523393526028826e+00,-4.292132204880743096e+00,1.279714093684498621e+00,-3.379526666257120393e+00,-2.169465566887208485e+00,2.232707291235618563e-01,4.550320544921174104e+00,4.272178806439243526e-01,1.080014991316708306e+00,3.588795684865484947e+00,1.243552616181235582e+00,-3.527335819053508015e+00,-1.086875632798369948e-02,1.477209018814417796e+00,3.695400651495591493e+00,4.230594712246377398e+00,-3.062852789373594398e+00,-3.008436934191266676e+00,3.522823149802240650e+00,-2.619885075632520710e+00,-2.008731432481923207e+00,-3.287138520662581609e+00,-2.109286749420668627e+00,-2.991665437751768408e+00,7.378385590000111072e-02,-1.443847813547661785e+00,2.199911772122094544e-01,-4.390664838617123422e+00,-3.046778485760111899e+00,4.017459210356910226e+00,-1.762177657135326703e+00,6.749659122633229202e-01,1.137770842095684909e+00,-1.645417653259093838e+00,-2.038387174675924118e+00,1.038893671177091749e+00,-2.332927746441899153e+00,-1.677408008185553800e+00
4.380217829235831140e+00,-2.745311839011336463e+00,-4.303742683252584911e+00,2.425789071677448838e-01,-1.341800025737097002e+00,-5.575356991047532240e+00,-4.282570224196419417e+00,-4.163813474984860541e+00,-3.257682477716663971e+00,0.000000000000000000e+00,-3.655589372226086819e+00,-1.966137458434152441e+00,-1.282558643736505921e+01,-1.245531765741161934e+01,2.037291846829368258e-01,-8.932776253172095338e+00,4.337305991961472706e+00,3.773062129891814553e+00,-6.885658543187004987e+00,2.663249187687734665e+00,-7.194016307641098784e+00,5.116584409184674165e+00,9.913092557006690342e+00,-4.849727473300520231e+00,6.744986067815427866e+00,3.118940500031021301e+00,-6.304314657935347732e+00,3.830144561154048832e-02,-4.559789517892269828e+00,6.113389180949620361e+00,-6.759665815032821712e+00,-5.615973405271009966e+00,-1.669843281737505292e+00,3.049608267172851495e+00,1.591278942663763907e+00,3.824157662038921934e+00,4.949882926496790070e+00,-3.943099184223064491e+00,-2.238619699827685494e+00,-4.122124450854745881e+00,-3.485308643975100207e+00,-5.164017314182806295e+00,-5.941780844889899882e+00,-1.495654497690898754e+00,3.628886671068276559e+00,3.827090676126745361e-01,-5.884851478466863739e-01,-1.466029993945488830e+00,-2.633749405991330228e+00,-1.276967764666343541e+00,-2.869778244840929027e+00,2.817936022203587410e+00,-3.532324197435646962e+00,-3.316124212136263072e+00,4.842906878281668881e+00,6.090359723620487387e+00,1.833806803681694131e+00,3.309411628042410847e+00,-3.696188807206880700e+00,-6.394818895952728566e-01,-5.031076218469150430e-01,-1.128153231845042193e+01,-1.307969571419211796e+01,-9.779261064403511838e+00,-7.423164186442893220e-01,-3.009424831420787871e+00,2.982268956382925218e+00,-4.084015523287283678e+00,1.181736043738105035e+00,6.769251556140807313e-01,1.390828357064539000e+00,1.774363424760240671e+00,5.086833954686713177e+00,-2.073703164897524598e+00,-2.260763838802312353e+00,-7.929490948764923441e-01,-1.592746356952216141e-02,6.670006595246786851e+00,-3.955785201468852375e+00,-2.800662323945961152e+00,-2.519935029342002419e+00,2.735444676069281655e+00,3.142612553097207329e+00,-4.804507769667196726e+00,-4.237598983806092789e+00,5.686734463444331311e+00,1.692256117713698105e+00,1.154432776654855441e+00,2.562808480322722016e+00,3.606617469506082863e+00,-5.447792487249023985e+00,3.280433182136255343e-01,3.066178229115454901e+00,-2.701507815806366342e+00,-7.283800709501075943e+00,8.245979922992804911e-02,-4.748480654554140479e+00,3.165880836492890094e+00,1.222464356466278490e-01,1.604925205056004556e+00
3.055114279621945261e+00,1.540314436796646758e-01,-9.726865571016042322e-01,2.188818827593606908e+00,2.722890591655628523e+00,-3.298492538303156252e+00,-3.294463667786942107e+00,1.533704915881147546e+00,-4.849930736421500299e+00,-3.655589372226086819e+00,0.000000000000000000e+00,1.400296824942594887e+00,-4.790079828476685897e+00,-9.038315777552222485e+00,-2.237262074935274292e+00,-6.125027677063782150e+00,2.334390851084655161e+00,6.060066585422410057e-01,-4.997162969850415415e+00,5.424624912792016751e+00,-4.018514833151832555e+00,-4.473844753747209246e-01,8.150965624241235830e+00,-8.018257529105268233e-01,1.395279923556117074e+00,5.208157892510365983e+00,1.753591565967397736e+00,3.912370141139373647e+00,-1.360569929301524095e+00,6.425339667959262258e+00,-2.126314053309040553e+00,-1.822328299224524883e+00,9.968784721760003131e-02,-3.516336833641160453e+00,-1.239151736812407423e+00,5.371773773703242938e+00,1.450626077841369321e+00,-3.515697836919951413e+00,3.717468098376529362e+00,-9.587608894351211664e-01,8.813716723211912907e-01,2.499601644281689072e+00,-2.858672045229077696e+00,-2.227585514498382935e+00,3.544378689459544596e+00,-2.865730785491776622e+00,9.648526312377663228e-01,3.254574761688574291e+00,1.310124552397545772e+00,3.642508633412484542e+00,-2.814563684487469963e+00,-5.523712144854598938e-01,-6.426173818208730459e+00,-9.710921627972149750e+00,1.932786947163356750e+00,2.777079347697171574e+00,-4.554930179946788726e+00,2.405259913624732682e-02,-1.376699373424573825e+00,1.153332006447206792e+00,1.114563924158772812e+00,-8.497125570575302378e-01,-4.974654920928594848e+00,-4.990636201189241561e+00,-2.411994459245567768e+00,-2.726851575743726719e-01,4.241039062663980452e+00,1.804340430817729102e-01,-1.258788423078673890e+00,-2.213183110572356949e+00,2.223203969608408492e+00,5.601353540777218143e+00,6.376065982994886250e-01,2.966272625518339368e+00,1.651040991742994679e+00,-4.435882172616510744e+00,-1.495430211913616247e+00,-7.658097191122928971e-01,-5.202667409931913234e+00,-3.443723021025320463e+00,-5.292071898239467664e+00,2.560022736656815567e+00,1.770882796708695750e+00,1.423781950697910359e+00,-8.510384643860708920e+00,6.806894201537710742e+00,1.057889109252466708e+00,1.692430498887285362e+00,4.369022132101595624e+00,2.068127914460466954e+00,-2.358848989439811916e+00,-1.445351345905483420e-01,3.419351475310278943e+00,6.704168221248566484e-01,5.485038152626622310e-01,7.596308783241886853e-02,-8.927933683642133023e-01,2.301320506433192747e+00,5.313094499752422983e+00,4.867819595931318410e+00
2.046708778153360164e+00,-5.650552733327452337e+00,-4.360616951068119640e+00,-3.226806581619614089e+00,-3.378866188958773886e+00,-5.865230148678101330e+00,-5.199330211963372861e+00,-1.443549036107395489e+00,-6.018066755268050017e+00,-1.966137458434152441e+00,1.400296824942594887e+00,0.000000000000000000e+00,-9.439964405776161138e-01,-5.248246043251464377e-01,5.179592915899512207e+00,6.809941677784446812e-01,1.246184767411571359e+00,1.971001297944123820e+00,4.104654154554893353e+00,1.921979214600471941e+00,-4.766349511828237517e+00,-2.717342808773286045e+00,2.247885861559075327e+00,-6.557624607933962402e+00,3.809824188747139018e-01,-7.341426734753103700e-01,-3.825102276436123550e+00,6.181402965548127293e-01,-8.583852056324621227e-01,3.395727079259080128e+00,1.045056448013713446e+00,-5.537003547292774996e+00,-6.100931474432130130e+00,-9.137570818387953153e+00,-3.141891889989072872e+00,7.646970631665245932e+00,3.833556302084014877e+00,-4.333152489206360869e+00,3.254561504048085308e+00,3.906375758675372900e+00,-4.914972998946827154e+00,5.837011435028693906e-01,-5.973980578549655363e+00,1.405222036215697801e-01,6.617815374325560995e+00,-4.923145734449695610e+00,-7.445731811565396541e+00,-3.575024920317602550e+00,-3.019238598882105773e+00,-6.246689669427168967e-01,1.507915388432123693e+00,4.170292675562948581e+00,-7.904740316679174761e+00,-4.757822780008772234e+00,7.719704303131332601e+00,4.063992912286985337e+00,-1.062056383970105405e-01,5.312571477087923100e+00,-5.204892828923544990e+00,-3.220733841107313200e+00,1.377850092965922979e+00,2.522167590104596346e+00,5.715889895731686154e-01,-2.464807653814682642e-01,1.730817559249475446e+00,2.107046699657038058e+00,6.366144910341573482e-01,1.441011479452158239e+00,-5.538671545183359690e+00,-1.657167315346479874e+00,4.807198666320852354e+00,-7.903331815853921194e-01,-1.825244033084534034e-01,2.229701663180796434e+00,-6.570590821579553875e+00,-7.484223209373768171e+00,2.504874021615864366e-01,-4.718370143370115066e+00,6.911517542373819545e-01,-6.408128178218996496e+00,-4.853549435654999300e+00,-2.071285920089031563e-01,-2.997230669301567119e+00,-3.962056030311532862e+00,-4.452905614333304563e+00,2.541157204807918291e+00,3.673045806721174866e+00,-1.054094802555584298e+00,8.741614444771878212e+00,-2.403128805250285271e+00,-7.164562542502290299e+00,4.264155783189914395e+00,-1.475722647134956267e+00,4.095797887386146030e+00,-3.963282040821418217e+00,2.984906677511692141e+00,-5.177919140407042597e+00,7.231075734401936295e+00,4.999896160505355458e-01,5.524770230448456054e+00
-1.028864561472703221e+00,-3.611623775336829656e+00,-4.972068625445667855e+00,-6.257291235958223119e+00,-2.610232259828416890e+00,-4.735830960635562192e+00,-4.006707275010011671e+00,-2.374664614024000642e+00,-3.592497393655139426e+00,-1.282558643736505921e+01,-4.790079828476685897e+00,-9.439964405776161138e-01,0.000000000000000000e+00,-4.704715610878814069e-01,1.685858605117478426e+00,-3.319614339532772185e+00,2.527382905749436137e+00,2.581018656879146000e+00,2.697864518565433745e+00,3.667887373439240317e+00,-1.763851085729707946e-01,-3.913606288117516208e+00,-3.913007253411636022e+00,-6.471119188370191289e-01,-6.391654800052775975e+00,1.236954359378105828e+00,3.649045429007228947e+00,-3.540479953873914454e+00,2.522178248206594642e+00,-1.864028241176907574e+00,-1.645370018459472616e+00,-2.543553512498902158e+00,-1.684121305402564439e-01,6.414462731625020231e-01,-2.809446520683444692e+00,5.397916444276047443e+00,2.777493941888757867e+00,6.283685446786038575e+00,7.541024594057599728e+00,4.775272701062045932e+00,-9.356149234578963192e-01,-2.238335503729894871e+00,1.492250010002164062e+00,2.309449660770398705e+00,3.422171689053241650e+00,2.669756708942830681e+00,4.151461969848720401e-01,1.479585076882637296e+00,2.204123703108435084e+00,-1.354964373429473401e+00,3.609466574699191188e+00,3.679043805034671433e+00,-2.136565783174258382e+00,1.664764154855413958e+00,5.419405664931684186e+00,3.695996266292848720e+00,3.082399169349133050e+00,2.788883206674865889e+00,3.329093018212133659e-01,-1.335072814604708891e-01,-5.433239965762827195e-01,1.069064604389446282e+00,-8.219585411030290445e-02,3.030770676249087359e+00,5.266253817833869810e+00,1.378065664285989422e+00,-1.591304236995427779e+00,4.839531878592961078e+00,3.194319113477343652e+00,9.144762564890586143e-01,5.697779898828169820e+00,-8.980969139062503492e-01,5.722428176939161615e-01,4.955425347923348767e+00,-3.539827693579508772e+00,-5.511676660397975880e+00,5.716393216887148299e+00,-2.039820155427084281e+00,-1.364055655444395665e+00,7.836089560649210639e-02,-3.319609795794397744e+00,6.457991894995982474e-01,7.200031192696755289e-01,-8.999895921720928171e-02,-3.538873784526172517e-01,3.527443812977675286e+00,8.853786098057045972e-01,2.654857091235061972e+00,7.343629528734859413e+00,-4.674137466373923466e+00,-2.418399761013664495e+00,-9.168599486855694147e-01,6.409237701125118036e+00,-5.079135895364066400e+00,-4.045760479433458734e+00,2.729582486332521540e+00,1.892276483342030247e+00,3.714103916516299009e+00,3.628413153023754223e+00,7.322860341765543568e-01
1.885184016146592478e+00,-6.878281385730512731e+00,-6.994392751977846601e+00,-5.302126013432019391e+00,-8.544510228343440872e+00,-8.871742064450545584e+00,-8.179743329288134968e-01,-2.369224155473274251e+00,-1.251670773723695795e+01,-1.245531765741161934e+01,-9.038315777552222485e+00,-5.248246043251464377e-01,-4.704715610878814069e-01,0.000000000000000000e+00,1.905804362747593350e+00,-2.396095466979322630e+00,2.866746819614953701e+00,3.506415288874401792e+00,6.014364085532853288e+00,1.022696183981236118e+01,2.249616761917662799e+00,-1.184222624666375401e+00,-6.046611953945629558e+00,7.965510736234624467e-01,-5.137019100715101594e+00,-2.736288239406995393e-01,2.355350555869886175e+00,-6.684986398029656662e+00,4.846813979748868739e+00,8.609763315536480555e-01,-3.036540875291769304e+00,5.810171214174152610e+00,1.988273319923097748e+00,1.313045808237251588e+00,-7.219817178636984245e+00,4.905431376834572532e+00,-2.807461906643925698e+00,5.005041440307993472e-01,3.309034087808796709e+00,-7.900475049771824576e-01,-3.507567862633484523e+00,-8.601294745012750820e-01,2.816718426012532195e+00,1.040596435860814406e+00,2.904392388139749759e+00,4.579651222153451329e+00,-2.121702601017718681e+00,-4.560298881050963149e-01,2.253975785677959198e+00,-6.482609554058206491e+00,-3.807910965525934888e+00,5.181163690303749902e+00,-4.408375619020816316e+00,6.420909023132557181e+00,9.636567627670508784e+00,9.126540642168629702e+00,1.609010674323071655e+00,6.439900296601324570e+00,-1.410685063337884460e+00,1.402837178406758811e+00,1.928317568403133953e+00,8.658229515949348309e-01,4.715602591187920134e-01,2.769651167718631068e+00,6.874896643621267067e+00,1.435268258039098521e+00,1.538506705302809863e+00,4.573733547193052473e+00,2.421083697677109736e+00,1.925984142245619646e+00,9.482313277922834516e+00,-3.058931076336718569e+00,5.669952286114378737e+00,2.234830285853795395e+00,9.544508718801975045e-02,-6.754043829782304664e-01,5.990264107284239081e+00,8.098891453810940222e-01,-3.078932693643846363e+00,-1.638209194340190800e-01,-6.519745444731292139e+00,-1.594318448428602819e+00,-3.046714581715219694e+00,-3.966790757030539183e+00,-3.575893081412951258e+00,2.733014105824607132e+00,8.555215452269208098e-01,3.765364425694937012e-01,6.239013489821777725e+00,-1.909041459503510119e+00,1.369135067465449662e+00,-1.895526727528600519e+00,9.377681050952144659e+00,1.691389934470250767e+00,-3.789505309195999150e+00,-2.352642123888966985e+00,1.626511487080222418e+00,2.101795660155857171e+00,5.442008318839510750e+00,-4.576021845151788447e+00
2.020822451132543718e-01,-3.425509357235401176e+00,-1.755562777139556552e+00,-1.100040762877752654e+00,1.660710060709654989e+00,1.508008516283348088e+00,4.840386130335208925e+00,4.366924890041643081e+00,2.222251452391993953e-01,2.037291846829368258e-01,-2.237262074935274292e+00,5.179592915899512207e+00,1.685858605117478426e+00,1.905804362747593350e+00,0.000000000000000000e+00,2.028818924254890188e+00,-4.093317113103790206e+00,-1.188723654319069345e+00,9.658343024987117165e-01,3.395313016949347951e+00,-6.509311545007295807e-01,-6.160304125450892787e-01,-4.763257661139014942e+00,-5.112291577850767155e+00,-5.745574832879205118e+00,5.354151532426918436e-01,-2.118246399737043539e+00,-1.661829921564014434e+00,-7.443563613898493969e-01,2.366927644252422969e+00,-9.389815554068126957e+00,8.600328712881783133e+00,-4.624518263029544940e+00,6.678408606154051519e-01,8.527129713037472358e-01,-1.977932938255349660e+00,-7.945781881134410085e+00,-1.928576947875825898e+00,-2.957915596604236086e+00,-2.635031217571587536e+00,-4.403060955094916018e+00,2.949542973427673687e+00,3.514326162360835171e-01,1.035309859520834541e+00,-2.864111892984310681e-01,-1.190586557391991596e+00,-1.156016469355829246e+00,-3.138967341580198855e+00,4.625199946935260265e+00,-6.546177048266532239e+00,-1.118491993624112224e+00,8.748349861574800101e-01,1.184682597513125657e+00,3.314770387503023663e+00,-6.134017133378033559e-01,1.054275966005125298e+00,-3.259317545133601168e+00,-4.630608975967639651e+00,-4.162451597103562939e+00,8.651508328764947464e+00,-4.623091385444372925e+00,-3.448414180197719503e+00,-9.007271242292732571e-01,9.919189937304830895e-01,-8.224594809422364206e-01,9.194572862531998902e-01,-4.472346576436656562e+00,-5.261522339899308065e+00,-4.590310674959062531e+00,-7.699105788519092775e-01,2.809901922284221421e+00,-8.281797023605546926e+00,-2.881971114133273115e+00,-2.222993688123022338e+00,-7.233701589602243409e+00,-2.818229668225664120e-01,-7.179882727562578282e+00,-5.759749230675546450e+00,-7.969995883193529806e+00,6.710348609019925470e-02,-5.023572178193087545e+00,-4.383410013069776845e+00,-4.973172896315937841e+00,-8.903552139931433240e-01,3.636428693278067392e+00,8.911312802428274227e-02,-8.199099558318415859e+00,-3.623089592336076414e+00,-1.255109736310558999e+00,-6.005560710472975572e+00,-4.548990947706471388e+00,2.443768350038363069e-01,1.433625825751389637e+00,1.075842464702475354e+00,-1.213062204192939253e-01,7.736134315750351487e-01,-4.856988622171446224e+00,6.878932296412478831e-01,4.853820035895802576e+00,-4.114511497143473306e+00
