0,1,2,3,4,5,6,7,8,9,10,11,12,13,14,15,16,17,18,19,20,21,22,23,24,25,26,27,28,29,30,31,32,33,34,35,36,37,38,39,40,41,42,43,44,45,46,47,48,49,50,51,52,53,54,55,56,57,58,59,60,61,62,63,64,65,66,67,68,69,70,71,72,73,74,75,76,77,78,79,80,81,82,83,84,85,86,87,88,89,90,91,92,93,94,95,96,97,98,99
0.0,-1.4599738348745483,0.05814977148876194,1.3073988172257895,-0.4433000319731388,-4.730263907939154,2.1866196868970014,-1.229608731996384,-3.5323647307433097,-8.095978436463877,6.7372919862885325,1.3616411778725463,-2.5391999097638047,-1.0951926086181791,9.859194041264017,3.6709940205794154,6.0036510028670245,3.32626939783932,-2.4485290032390608,0.6688660887105833,4.669745270433753,-0.6604034440153396,0.9501877050630546,4.786125609726681,-1.221813176881984,-0.7415373119728715,-1.5410484687897235,-4.595235928144979,-4.3204454424821535,6.699142302136843,2.2343863212204926,-4.998485983730343,0.5743611197363643,-5.5669483072167365,3.061609427743688,-0.021008029216004215,4.9260871419276535,2.890169784596824,0.032002874097967815,0.29318268794566094,1.157768901910311,-2.5768955711092687,2.7623097788352684,2.8902732770940016,-5.674519879803848,2.1667201767228126,1.4966093911541705,-4.5524217453482505,-9.267567257047709,-4.234152724174783,-4.310803521786841,-4.792937920704779,-0.899985702039093,7.959032544673488,0.6237809255788329,-1.187967294757191,-4.166499547155066,-4.342959495299388,-0.5101432649693664,-1.4694807675334336,4.00833654877844,-4.961825962778556,-0.2232173438125706,-1.039640403940314,-2.238035246773045,-1.975680493199778,-2.974039638862964,1.6515614306936652,-4.738651099239089,-6.448231417345116,-3.579294074617342,0.5303041232787755,-6.2480054861208645,-1.6686894364507991,-4.26503346952578,-3.309377172319929,-11.72223890911894,-7.468227326871735,-2.6394716901524338,-1.9446640722113688,-3.398710232872033,-3.2739278333945694,-7.529326645289597,-6.201888416082321,-3.910155300125045,-4.657508002926918,-1.7960561008552192,-6.379539803912309,-3.3087669320147306,-1.534434068297562,-8.801154061959434,-2.949843524823944,-7.868225701444462,-1.602353170766192,-3.7041407200560057,-3.0130107561369144,1.4086020921497024,-7.7335460839385215,-1.0136091386238903,-4.626017926399251
-1.4599738348745483,0.0,1.3450823999971773,1.6887848184460337,-0.3650837888713492,-10.310892945532004,3.523690698648392,1.0988887832385923,-1.7383165693405889,-3.388161865382822,-1.9350316991456211,1.82110074374596,-4.0821452781326055,-7.709062237185391,-2.94046347349482,0.10731881383600618,2.407703053656564,-6.780987399262325,-5.005850162412794,7.484685721778051,4.700430278344212,-5.071999087551752,-3.2411918281821848,-7.643545310051714,-7.744293385997103,3.2067508285570123,-7.299710212570126,-1.4888130563309632,2.7202970119652297,-4.745404285925141,2.673085064587444,-3.7171530304719567,5.728564667210566,2.0360648855620287,-1.5479188468694098,11.298581819107946,0.5699617013436099,7.019907581320295,1.6048112796738665,-3.548253542718524,-5.193318825307819,5.632710417506074,-7.783492145354922,4.6396244978330445,-4.623161888262304,4.383024457717236,2.1556013965825582,3.574618720377117,-3.1671634406535016,0.6376431117412069,-4.242674409790334,-2.851659429642574,-5.112930014656442,4.9434088927454,-2.3002844291587934,-4.672956421250761,1.7974013948679255,1.3260000125503995,-8.147731709015419,-3.6521543192415935,-1.9447399686437512,-0.7040989416072946,-8.462235918113059,-2.9558926566701182,-4.6572891331834105,-4.7472397498371635,-0.6427172754764973,-4.064513084832445,1.9875524488757208,-8.397457320330604,-4.4050801056470394,-2.982911344404372,-5.151044523158482,5.929040312001739,-0.7888194990651484,-1.819700137937752,-6.5152737941939005,-14.063391777574209,0.8956523557283077,-4.1055615403357955,-3.267344600518364,6.579757333471012,-0.21170702602834368,-5.501216186200654,6.179865745817775,0.8487667330065792,-1.9434136525525652,0.6358790230646484,0.164982132562523,2.8111972751514327,-0.631770594446298,-3.8630470265045727,-1.9685254975173732,-6.989276510415054,-1.6284612656246775,-1.7247824446240976,14.625782402056592,-2.74010199480113,2.618681098451737,1.8377124619187897
0.05814977148876194,1.3450823999971773,0.0,-0.0857297155515293,-0.5837877183267449,4.047817185428438,7.507906177446531,3.0916984700062407,3.5589260627406887,3.1055201401120414,-9.19600673897111,-1.6028309031230956,2.128525689711001,2.976162024730701,-0.4452424206894281,10.160803816843089,4.008680068964988,3.3514066725901697,-1.274161125830808,-1.2886518522382275,0.9626195379319165,-3.2424179937887208,7.908581101747427,-5.381827974680596,-5.155104212727171,-2.2115961424151505,-10.580696754998923,5.042484453801201,-5.565611941487111,-1.241103341961268,-3.519792098920297,3.3192454256834734,-5.423975683666057,5.668286323299926,-3.106508462001144,5.816660515683048,-0.5581231521682358,3.788606896552,5.199467733961377,8.877361361281563,-1.6331373478618008,2.6308433643599525,-1.938786787738056,8.718068092022381,-0.7986105455422396,2.5248135964402163,-2.226640369921263,4.011108810150096,-0.32777437461286,3.4651467989514484,0.4945289141322445,5.522602924562082,3.091558165561319,4.102303294128482,2.42830727625962,-4.47169095245137,7.158210221603996,-5.22290431210336,-1.06808432195784,1.8840919123931477,-1.6518301434584075,-2.823186960678814,4.5617831311737085,-5.751017148052989,1.5848522533004663,-4.7548685040424585,3.7485080835080975,-6.326219742902813,-6.705860953331867,-0.7471363002590907,-3.808869923707336,6.216312966924441,-2.6219933270246374,6.293212817047862,-3.3012569964261678,-4.862038603455731,1.628729041064147,-3.5260337890902207,-7.26650560261617,2.5647336447923927,-1.7696854380222864,0.413392257492628,3.1083991939505697,-2.983556021592748,9.856321221565617,-3.878429505243196,-7.18496998031516,-0.5969572359600078,-2.817060333659902,-3.4607390793499295,0.5766945239252296,-4.171918673007768,-1.2838472751155803,4.6131701547251485,-1.735183763213393,2.623064710434708,6.728822572772899,-2.876825033201168,4.056180178468118,1.2189479372594805
1.3073988172257895,1.6887848184460337,-0.0857297155515293,0.0,-0.3340568483754898,-3.801465510845704,0.5273018087714751,-1.5700107230876459,-9.865571436748654,-8.42428025261801,0.8780702478010489,0.7263997847461877,4.397939064117687,-10.992885103563275,8.393693482927118,2.3232191842158887,-4.318776672796872,-5.316785713830411,-4.694313408467412,-3.69256649054094,-3.798627985486199,-0.229054968452198,-9.603820977034289,-4.355638671730976,-3.4079743080044955,-6.604141973885006,-4.714785570801239,-1.3888558265483293,2.339471667482159,2.791048910541227,-1.79977433555007,-9.950164180899199,-2.957739221115211,0.28358888716488245,-8.93084330114335,-0.6488480149783198,-4.41478813273219,-5.302711672431504,-8.585960623782121,-4.89488144998393,-10.872919270288438,-3.2715670430160126,-10.527546701451552,-5.384007412065314,-12.10622835836316,-8.308512942032593,2.5564895758418396,-5.2113977769039375,-10.805170021342844,-7.348462930563502,-4.745403168358076,-6.438194833355191,-8.389956854321747,-2.3856372479184698,-4.378370879095277,-10.085222268686058,3.126175813821988,-5.498367689034843,-4.858789528534502,-11.818899598866826,0.6691932328664372,-0.8656777335731097,-5.359665616277364,1.595614419225542,-3.232804623056726,1.4813478480023812,-14.535936260044256,-2.9615175606727515,5.948462375054676,-4.254374102007958,-11.14019858657874,-3.5587135210483374,-0.7354947670061166,-6.807545109202545,-1.1304532601463335,-9.070566570670158,-9.79819081482903,-6.783961354315702,-1.0774649442341009,-4.924003472848299,1.56591861518762,1.2651232436197979,9.18990949478063,-1.3814444777022459,-0.04786002005799706,-3.444542122625788,-2.9297464980767396,2.3172944753950535,-9.549542835212307,-6.334629254813017,-7.074991049803588,-6.27648440895077,-13.55365878857097,-1.6202687734087784,-8.600657126886343,-7.797603972578914,-1.7775919187756235,-2.998208910283058,-11.224477017049436,-6.083985402073241
-0.4433000319731388,-0.3650837888713492,-0.5837877183267449,-0.3340568483754898,0.0,-2.838740017383076,4.555983121129089,-6.068158050112291,-10.746632410032815,-9.686079492935303,-0.5752264916570341,-4.360744738875629,4.204945867785572,-9.02960569712804,1.5501737870232604,10.584909467607037,-4.0787716788540855,-2.6699812519885486,-5.636898488959489,-3.9787544631914553,-2.776555604528129,3.3187011868181635,-2.27424704827194,-7.304139503945438,-3.4144002966313067,-6.309579391448489,-9.080248995520364,-4.49036368505202,-3.107802890607754,-0.40200074533132046,2.220150979717677,-5.605213708804386,8.582127074377075,5.587522208625927,-6.731109978856706,0.5538318654716262,-8.21697623689989,-2.7571395764360767,-8.583119580081435,-2.3247217196892693,-1.794890146023638,-5.6227211846552,-10.024636485551609,0.7096222511089675,-6.182487928748764,-2.1420535343816414,5.461164944584821,-6.304774285630642,-7.548994046261072,-4.902447098669346,0.39558537283741,-3.8687840668452833,-1.8137598749393449,-2.68321135602303,-2.155213863976607,-10.084106884847817,-0.2756252080796229,-6.3962167806399215,-6.2924640120203446,-10.34393068078022,-4.369577517808005,-0.2082170790795705,-4.256972405534925,-0.6877321549565876,-2.3247601894786074,-0.007195474312119497,-3.836647214329696,-5.759620684180332,6.197673452053965,-2.5405734983028223,-7.302372674753552,-0.9313760909224593,-3.651216672541804,-2.756686964911677,-5.8181933750320765,-3.354558473959001,-13.997776446790732,-6.5144935367592645,-2.635287118685348,0.9735304089650021,1.4625239673432187,2.2862623377046134,9.433034564141316,-0.7819052683253741,2.4386204043499946,-1.380643174779238,-7.980487148809082,2.1660804997761227,-3.9001070719497544,-8.240400963726344,-5.7489550201943995,-6.114952883273472,-6.4470766163560125,-0.7190712130354022,-3.6629835107990942,-4.95463339516408,-3.2177746722362515,-0.9712596534060775,-5.145065513400602,-6.58758368773302
-4.730263907939154,-10.310892945532004,4.047817185428438,-3.801465510845704,-2.838740017383076,0.0,-1.5472089276726062,-1.9769786171080324,-1.3017076136331036,2.8196986838399227,-8.552113758303353,2.302431757416343,2.543617780553819,-3.0126088007132648,-1.3700065769486511,-3.1122430769226206,6.940742686990216,6.269735935302523,-2.801437701090161,-1.0285628694076017,8.568403720107668,2.407204890848191,-0.9650127671090872,-6.724553905156053,-9.091678603750829,-2.838589540383376,-2.461052969653297,1.2554508365924708,-1.073011982626064,-0.19209391654033295,-12.000090491296039,6.534721071561512,1.834721161418244,2.1378600354777584,-2.177288945923503,-1.1163056772974207,6.029321970100911,4.576042761152806,-4.089048812516741,-2.741888022078866,6.821707186430064,-7.284964354549733,0.3330135179785667,11.320938840208076,-2.0839824051528506,9.839954515910753,0.8378203596417303,-6.63099192648955,2.215094224495308,3.3142517343077653,-4.604292038007635,2.638933894758442,1.3391854734393276,-1.9109551443662427,0.7303788878660789,-8.835880402707298,7.7615987144682865,-2.9554843910554216,5.765987082757466,-0.8650650895087457,0.43757103320942153,2.7273863893147263,-2.167480059014824,-1.5015425322693003,0.42787009366339457,-2.030325686235247,-3.423358599690756,-3.1387972043066754,-15.489158240995812,0.5936203045223495,4.1260849919772244,2.779233707162864,4.398837619288081,0.1907636258422888,-7.02958078358666,-3.559040666238812,1.2260707272325406,-3.702510470876164,-10.701118339762546,-1.5100742789948587,-0.8359573748207437,-1.240241616633476,-5.506085857039669,-7.909645930611761,4.4203487196400175,-8.554834427394198,-6.079797026271157,1.8531951541895433,-3.2755590446903806,6.110652181284246,2.3875254472416136,-3.250821133208036,-2.4106608729534207,-5.16391323991275,-2.040204072766575,-1.819686099264348,4.257902181705249,-1.4736925443915183,-2.6113016936169013,-1.4768185329858439
2.1866196868970014,3.523690698648392,7.507906177446531,0.5273018087714751,4.555983121129089,-1.5472089276726062,0.0,1.1083233232567569,-2.9458636548935564,-6.259687591492979,-2.5665304542319527,-6.679720490284088,-5.781793196516719,2.4418588585079815,0.970394332267388,1.2044353744572895,10.547853719720804,-3.8043698870691713,10.033688047684318,-7.228291913043974,2.0323641322169848,-13.263562443348954,-0.8525498330779273,-3.824134246465952,-6.573647134099851,-12.113649424433678,-10.330307807229456,-3.2719297158403022,-3.869587324676613,0.11600776981045217,-6.411934296275244,-3.6940234126701914,-2.4157683382990505,-7.459104944028768,-12.18856691174097,0.010347076748939255,3.647613094112277,-3.3850509057879847,-2.0001361598158147,-2.590696929911722,-4.334138405195977,-3.3985393695318047,-8.811823481604083,-7.805818967997875,-9.789387959720186,-3.646091003585561,-6.225499019519033,-4.582742579585734,-13.137921622562095,0.5534752099177467,-7.533952075981216,-8.752638692746137,-4.206158196870768,-0.548250477420531,-2.744947080038252,-13.87335401157966,-2.270061172243202,-6.235274637443885,-3.489288560809865,-6.220472849443333,-1.9175673506188784,-6.947777604309126,-0.3968155664226595,3.396395018966514,-2.2560268204019356,1.6843394540253729,-1.0171508304140886,9.470618394061098,-1.2697540539200232,-7.829512304141113,-10.485056902093955,-5.529129949838113,0.90901135045828,-7.251854146038427,1.4706000756942688,-5.0514543300158605,-6.704997834274357,-8.266055222857885,-10.387111326977449,-4.990818332716868,-1.79779121404639,-1.5826154548781186,1.6505493896758932,-5.547125989502363,-5.032064651473208,-1.3352482797373235,-3.214702974528823,-8.049069537779614,-5.7218066703829615,-6.478591575479832,-10.539533291779966,-5.073923382362777,-16.88898348024838,-1.518876561642238,-4.713793661239863,-8.354665464295348,-7.77654237089387,-2.18594241259364,-9.710288232378181,-3.8687377523757376
-1.229608731996384,1.0988887832385923,3.0916984700062407,-1.5700107230876459,-6.068158050112291,-1.9769786171080324,1.1083233232567569,0.0,-5.427039291779852,-4.735786405601992,-0.82927973181817,-5.28872635731099,-0.35439147751189726,-5.343412136439326,5.822592178173534,2.640937684223342,10.921512375851275,-5.0401884601249245,4.163099985266772,4.30238204338213,3.423202874306685,-0.9719905867961347,4.749735496487912,-0.21198258380629903,1.988793337346716,-3.656644374455036,-4.998838076725356,3.8236497948147696,5.0648161002045695,5.1885016373802015,-4.428686822829041,0.40773652606717264,-1.7339531183564885,-3.089087562003368,-1.10333140984893,1.4601070630497857,-1.3679797648978336,-1.872511137732832,-2.473759693397108,7.832450481265998,-7.413721201428835,1.3238765811718407,0.1495831815477526,-5.724837541822967,-1.4971214721206012,-7.9138567480296125,-5.1586190179099445,-2.0101138796194866,6.932797732307384,-1.1207165099261989,-10.188940920948427,-0.2496220845150716,2.9133609580224205,-2.157045304982285,0.9684177375430728,-1.1586831713974979,1.6372239363535404,-1.1508478121365555,0.25165446244096834,-2.958709531475763,5.134842326097768,-4.2822682551680895,1.8608379252620768,0.19100157646605345,3.7472230956450816,-1.9692216380801015,4.503728306374682,-0.33400942818371576,-3.248454650376312,-1.8711527142174296,1.8279156524026547,-0.6944917823036951,3.2186356372981946,7.273654097586765,5.209420811425276,-3.358068074307118,3.2295688256457873,-4.279856742745348,-11.249176200099296,-1.335085036406076,0.07676101088966977,-3.5966462575825293,-5.16625382072302,-10.29719892335822,5.412165733094965,-10.524548082622568,-4.391477196203136,-7.164797658793272,1.8721003664303004,-1.0836198176734007,-5.3829289815989885,-7.786953915889485,-5.963517268024452,-3.2204917017880867,-2.517175949731511,0.12363589893966084,-0.8061269462700403,-8.269357519182405,8.894620304632758,5.106860525390174
-3.5323647307433097,-1.7383165693405889,3.5589260627406887,-9.865571436748654,-10.746632410032815,-1.3017076136331036,-2.9458636548935564,-5.427039291779852,0.0,2.8148225226219385,-0.0028317182068930895,0.4333236054033454,7.290016991983699,2.36346351462809,1.3125575213383016,-1.7034970572126131,9.033494930581304,1.3380993972461583,-2.2756932029255097,4.950283200324868,0.3065216760924644,0.06442584904094137,-5.04836974793645,3.945342698021088,3.313904417976113,-3.0844061201655952,-2.7408486030992085,2.977932205664122,-4.1835124823451855,4.765002029800217,-1.9409486229535795,-5.038945989763022,-2.3198316061812543,5.877923180256955,2.2198144840692486,4.006312446834111,7.938035048895131,6.900037549519379,4.109022825765596,4.1923452875309515,4.631522912704717,7.5375032954541314,2.280706043093501,3.0645131226415088,-3.5867553855223595,2.879847117863091,6.951820026203109,-7.432490551381471,6.046752241219126,7.797352659978637,2.028601476330965,4.807956538440974,3.070545941187472,12.189967913459489,3.081091245276352,-4.2263471109002575,10.655027193708815,-3.609647850386023,3.489941547049548,1.7055336396758831,-0.48113467489870304,5.983706335804396,4.95908151547717,5.792881455780915,6.599390358374671,-0.992622725006626,-1.1981717314010236,7.644704725164635,-8.111810746176126,1.3183922396739736,-0.838586552813635,6.199075295670468,-0.15470580166831693,7.780352737124973,-0.9724464387365397,-4.598034775805605,-0.37504221898722245,-1.1485526336737248,-6.787602652605107,-0.22295839715326063,0.4018206978914044,2.1841385678144047,1.8334075157580407,-0.22037891038047877,5.27809889603796,5.43694375597526,4.8600479594787105,0.5238217111710591,5.9713314070566925,6.808284520847998,5.614345944997544,-4.799260469278022,-5.987285390331371,-1.0677768555957288,6.977408839606036,0.1819455498291908,10.640356691154452,-3.582559337678023,12.484629215228985,10.137252626107975
-8.095978436463877,-3.388161865382822,3.1055201401120414,-8.42428025261801,-9.686079492935303,2.8196986838399227,-6.259687591492979,-4.735786405601992,2.8148225226219385,0.0,4.842859028562898,1.0289189897309514,-0.16491040131017026,1.2112871171622612,3.72131732019328,12.97379504189558,6.316016852916557,5.913386852642742,5.26916970865268,4.2738463213453795,4.287512924973248,7.524116454557624,10.673134530543756,0.9102600268204627,4.000142491368353,1.5395461198128677,6.19344658748293,8.02214982840268,1.2010264051684802,11.163252671416071,-1.763307833702138,0.08462348091013554,1.893729412729244,4.986864200796858,6.32027709020576,5.748305609444109,8.932699033225965,7.883458067078885,1.9016022493794495,9.04022067087504,-2.448943617855391,5.072875688487497,1.7296712344856588,2.502757991231078,8.277174371318539,6.3620248009373634,3.386230967754352,1.2243776290581545,7.54710885448901,5.6058048498965585,11.125392601952472,7.122656242012233,8.099205458691753,8.718892116666797,-6.23275047996342,-7.799132970324792,9.212137973512752,1.7071376250310564,1.5057381969786312,-1.192158944743947,5.693929101777821,-0.9789562619655688,8.6837011225118,2.647414561767623,2.024546036072623,5.096324906943261,1.4348004651745034,3.351159216201724,2.38722616087658,3.701561995499023,2.4120961158103413,4.475008360464038,5.787561600836818,11.675134185563717,1.0311186947521411,5.719353230378938,-2.126103415698052,1.2819042856195466,-0.4941985698732676,2.8850308742109747,6.738409728146926,4.277258139520296,5.9739883902622894,1.3973257795678988,20.732390045949792,0.33014434046450153,-0.18283991537521824,8.410082627721694,-0.4396790281042221,-1.1199822551789411,-2.6459376114820055,7.986205402781546,2.358029647775828,4.126722292046928,-3.915562509838858,3.557157814591412,10.047538134261208,4.105440097890802,10.477478555889704,4.639345896083029
6.7372919862885325,-1.9350316991456211,-9.19600673897111,0.8780702478010489,-0.5752264916570341,-8.552113758303353,-2.5665304542319527,-0.82927973181817,-0.0028317182068930895,4.842859028562898,0.0,-7.619442668775148,2.101417442878288,3.433971692581944,-2.9949545764602377,9.326391953744787,2.679786540205374,-0.7958385485716589,-3.259679864246236,-1.5525137618509477,-4.847009585177803,2.5435217323744967,-3.764670429050776,7.458280107491168,-4.159742740518607,-2.6151413179019487,0.09964119268451357,-1.0962192893023657,-5.7811286694140165,1.2771868963647315,1.3836179103351727,-6.256443335787668,2.898235960893725,1.6817286385770256,0.7851027508338269,2.9323751708705603,0.3629093558926624,-3.345133283193429,0.18262808920821583,-0.697860528012203,-1.8446224366231148,0.2625261503971959,-0.7540055924796669,1.370415391892482,-8.302931442958064,4.595034172429813,5.745203396546945,-0.1675379677806893,-1.5091078281525911,-5.123594920376648,-4.395703282304512,1.101463501797114,3.533334478406878,4.548449505860035,2.80905351221948,-3.3311972161527694,4.716648457626536,-1.8017087967965255,-6.562025322153069,-2.7767396896072865,-1.5666894899183068,-5.9995863291217,-3.812220967498364,5.976836919579633,-3.7349682857018407,-2.6941801395935934,0.43577731675391634,-4.5225230511301495,-1.1952505644959335,-0.09395616676934355,-3.887444187555281,1.898067307960675,-8.228140647360894,4.084489443930536,-0.3802416895083561,-3.047864505035491,-13.191285433466216,-4.857984936904017,2.1507699109530227,4.539765941743712,2.584004507982241,8.429767492157593,-0.7179893187787016,4.405067225656145,0.5570491045010065,5.3582895440124245,-3.343938801995824,-3.357444603247385,-2.4946903975249883,0.8908072788726149,-0.5768658371678428,-11.444793583494796,-2.614372585014228,-8.535582425940882,-2.0437475976181263,-5.638262717691637,2.315487238632026,3.4494160197402666,-3.03403087055463,-9.977157792748857
1.3616411778725463,1.82110074374596,-1.6028309031230956,0.7263997847461877,-4.360744738875629,2.302431757416343,-6.679720490284088,-5.28872635731099,0.4333236054033454,1.0289189897309514,-7.619442668775148,0.0,4.370109833267943,2.3470694445347684,3.7289444019761127,13.587177494290763,8.294848101544137,10.490068268927349,5.873933329679807,-3.125285921993098,7.079977172493923,-0.7908079285500907,7.970951962012736,8.333674061305496,-0.09021423919659402,-0.16285748811134612,-3.9591559266050926,11.488677802034289,4.80817030676226,9.209430832764813,9.693649842151869,3.085627450435106,1.761050421379588,6.930376889689305,3.0872114339238594,9.503555663262848,2.1812125885850167,7.302172689413909,5.455281669358138,10.003490274455704,0.9366057213728488,1.4729765878146979,4.921433557779662,0.29374439091096494,0.9009829941133821,-2.03248940364228,1.1469043823517235,-2.6289046785011174,3.70204290738294,-3.2698746751220447,7.27181119542335,2.0116363056173507,3.801808193922618,0.813709868200447,-1.031274465535528,-4.253529548960657,10.126242834178951,0.42105245665103025,-4.6859617741653645,0.8456262263997754,4.447201689469796,0.829285809668021,8.223579620481146,3.1184994033527005,0.5815122603547672,5.342473639108958,7.150039544889091,4.0326942753858415,6.61812865200033,8.518782554737225,10.323236856302636,2.2938220285563284,13.796613220113697,11.368648388993412,3.964886635384691,1.9336940790987216,-2.0488983299958163,-1.3593244922525851,0.05818194027276473,3.965449849828088,10.114103538202524,2.6491438062260135,4.408960889591447,7.640019632424609,6.581766254806342,3.0168446852161988,0.4111952419600082,3.667229724773597,-1.4096700586606388,2.6874587707582,-4.188347519148159,-0.6957786611618705,2.3179685805961734,0.0018122579102484784,2.4889379998792727,-1.660658310415502,3.4266645003372487,1.0371572436087506,1.372724327723704,-1.4727248042144925
-2.5391999097638047,-4.0821452781326055,2.128525689711001,4.397939064117687,4.204945867785572,2.543617780553819,-5.781793196516719,-0.35439147751189726,7.290016991983699,-0.16491040131017026,2.101417442878288,4.370109833267943,0.0,-1.990319108009504,4.002196903757832,4.457798196321482,2.3375966077664967,2.303231533146018,1.1761431826885311,5.2420716170737895,9.682722526438852,-2.9868037953924182,-1.2123294246530387,-2.3580665510021728,3.433342945056288,-7.879159848525672,1.076474155454473,-0.6322703663909686,1.9562525611442207,4.384694801018305,4.651381461523205,1.957057211495831,5.532930620224384,7.525357520802314,-0.6219285264387779,-3.4335903893192974,-3.3707847508358353,3.5272580929030948,-9.70606001408339,5.0391998790308365,0.19024661190612163,5.026945408297413,-1.3723709836240976,1.1261168747804295,-6.999433046638729,-0.945992859118382,1.98153007517979,-2.69804543320368,-8.342409381282334,5.002189700578091,-4.943313226095078,-2.85674148346588,7.065189903699657,-7.630951419806909,-2.1523863588935814,-15.195762226337331,2.699936302325672,-1.915117997253688,0.09302403799399216,-2.5945430624305126,0.2633088991577359,0.7462843331864286,-1.1257250860169672,5.316923528292634,8.387106715618188,-5.789592682926998,-5.746010709778155,-1.6357431160545848,-2.583196268511314,7.064765088170352,1.1302287517763379,0.10861125010155515,-2.2909721762685615,-1.6421449760100295,-1.3630114840081042,-2.9077761421841086,-2.54360717879101,-5.693419877241508,1.3081382893785536,-0.9675201969346983,8.537264111911696,11.885025280001923,7.0235404195795805,3.882173872932812,9.789819697200997,4.939617296128631,-4.851884384252255,3.971099345348568,-3.429737319221195,-5.7151045604726685,-1.6596475453014836,-9.143104310911427,-5.893181121086545,-6.554664268784462,-0.3092994659272304,-0.7937112714618675,3.2390263796769854,5.906854464125761,0.7411499799929843,3.1633867746245974
-1.0951926086181791,-7.709062237185391,2.976162024730701,-10.992885103563275,-9.02960569712804,-3.0126088007132648,2.4418588585079815,-5.343412136439326,2.36346351462809,1.2112871171622612,3.433971692581944,2.3470694445347684,-1.990319108009504,0.0,3.1578746790390464,1.770078387867232,2.470242816423588,-1.0498035860854191,-2.8748501742077295,3.874435607850335,-1.2443144330918732,-3.0977515060369045,-2.8040991064146708,-1.4965679638364806,-3.6805304108047454,-3.2939996670991314,-4.263418439768955,-6.607473228897694,-2.5697113349704614,-1.3504340958791763,-5.230490308531599,-7.711176379415187,-4.497463940182998,-5.197795785650508,-7.746999944173854,-5.539374118701839,3.6571265619171465,4.412767856988202,-4.135459557383868,-0.6906919835794694,1.167498369970138,0.9477229797180023,1.317952448341498,1.3228351527818074,-2.8419033512666174,2.5291701875984764,0.41368419466504414,-4.714832236744721,1.1798941496941415,3.558448412251264,4.555448407322544,-3.1877987741806977,-2.188295954808359,9.05450517358688,3.783633758301556,-3.0842241019807988,6.570174862466553,-2.1865253749713465,-8.672028221938854,-1.7455726835244347,0.006562440445230144,0.8746496965389265,-2.9995968389711702,-0.26230666864464897,1.7485896575696511,0.009600030415774286,-4.88081104312954,-5.862130016799224,-8.790525592255662,-3.0858484405491886,0.7099008804771212,-3.4548031611319825,-1.5447026933454246,7.727373190225469,2.363661203425364,-4.365099110521808,-10.222706463355491,-3.7362264008629857,-2.8027612065031215,0.8516833508110783,5.120777945658379,1.9531781427193595,6.377453130830958,-3.870051369893496,2.370926104368126,-3.3172778358355512,3.87504125315393,-2.78931654185366,-8.284738755773539,2.6956759360694718,-0.07808544733469326,-10.434234834340463,-2.0258446660581075,-5.479888609360112,6.879843012327212,-2.1055075737314968,7.086534988213476,-0.06971558199131622,0.15258632509685272,7.094808995499435
9.859194041264017,-2.94046347349482,-0.4452424206894281,8.393693482927118,1.5501737870232604,-1.3700065769486511,0.970394332267388,5.822592178173534,1.3125575213383016,3.72131732019328,-2.9949545764602377,3.7289444019761127,4.002196903757832,3.1578746790390464,0.0,2.601191200479794,7.551194271534626,-1.4600091453053583,-0.8607049287760998,-3.205274513691739,0.2841009094464926,-9.102392727887139,3.9608467101862175,0.47314080203024894,-0.47667174574102494,-4.39752345279047,-8.068073280037302,0.592869635828062,-5.400546326412334,0.7883400057410807,4.166280959250376,-5.889759645801927,-1.9747239385207036,-2.9984887592045775,-8.552171148174185,-0.3803866397997988,-5.150054335468271,-4.632293636517372,0.5287227458809316,3.9517349249522224,-3.3721537250608904,-5.065576995644796,-7.112473213336018,0.3255516158142526,-6.460282357811727,-5.276526259892412,-3.5171510720779846,-7.489792202550251,-3.21663347476571,-1.4563736393924611,-4.9575978071154,-4.107838746511774,-5.832725922685686,-5.445987856346237,2.1655042156027866,-5.652948303941139,-6.433424260111448,-6.640997072720266,-9.32677975310395,-1.2935771846758304,-2.6388585385963723,-6.093795422978348,-1.4797001829053564,-1.8056079979958608,-7.2031609177170655,-7.350225225248239,-0.282629096004358,-1.0308603764226856,-3.0657910582290366,1.0671387166987467,-6.735218286235075,3.9975381917135775,-0.7022837850787861,-4.3877670878652415,-2.0484184529087024,-6.194164604901399,-3.108320731992983,-9.400754801294653,4.332469861616249,-1.008735200421282,-6.173312338481513,1.4824079401754535,-1.2332676375042027,3.210551028975919,-3.6074723927062657,-7.635762632631349,-8.030261042342174,-6.43619522354142,-6.003419738698559,-7.991579999746626,-5.179661938962534,-8.070586934445185,-1.1517213717244907,-5.698743113578686,-3.098288438876109,-3.499950714899001,1.75472519907171,-5.574372798382704,-4.130131280386848,-2.831665075085339
3.6709940205794154,0.10731881383600618,10.160803816843089,2.3232191842158887,10.584909467607037,-3.1122430769226206,1.2044353744572895,2.640937684223342,-1.7034970572126131,12.97379504189558,9.326391953744787,13.587177494290763,4.457798196321482,1.770078387867232,2.601191200479794,0.0,1.8699578323322352,-6.59940154124289,-7.448709474208431,-0.41407795656459856,-1.496574129970358,-9.72758233530096,-3.9604630810422616,-8.324065093726196,-8.55967731601795,-10.52327379770533,-2.9173474842149543,-6.248770358394498,-11.493931765251128,-4.157042727114432,-6.186570979968253,-5.851266418444648,-5.4748507026848845,-7.823092375931203,-11.908777852360815,3.8914369989883433,-8.864820015138779,-4.747355524556633,-3.946634657739053,-6.8055166147152715,-9.093849600643566,-1.16149629815718,-11.256352630145532,0.13739823124179945,-5.537080135336048,-1.4908312842277556,-8.910484233435886,-3.959466841951544,-13.40584286686708,-6.216422674460256,-1.662249308261013,-2.5016845683965543,-3.0701119950059352,0.3917645850516577,-6.663156599861616,-10.649579246968573,-0.11252808837324713,-0.1388478317891004,-15.229282151587288,-10.365148088852267,-8.578504870285117,-10.387610738493724,-6.819990763069669,2.183149689884313,-1.5517394341889297,-4.960378074167544,-5.572794407319742,-1.4081345286024447,-2.5612986116272567,-7.891727764820261,-5.9190598900585885,-8.251902947319241,-5.847672667692477,-0.8789398569384103,-3.9261159069415856,-10.957645673145068,-9.727198639196034,-12.726312330765529,0.9520068516641157,1.5912587382740684,5.522337600778709,4.720859562321626,1.5891066866362447,-4.643902259585,-3.6870415728452106,-2.253913661947867,-1.9595407744294675,1.3723281706102959,-2.6779683810635992,-5.017013477903583,-1.7526975708734158,-10.57022882880482,-6.908968192342181,-2.362436094513865,-2.5349549122294435,-7.108993215813615,3.2191451772619404,0.5068854202860955,-6.152517954743682,-5.8149330645743005
6.0036510028670245,2.407703053656564,4.008680068964988,-4.318776672796872,-4.0787716788540855,6.940742686990216,10.547853719720804,10.921512375851275,9.033494930581304,6.316016852916557,2.679786540205374,8.294848101544137,2.3375966077664967,2.470242816423588,7.551194271534626,1.8699578323322352,0.0,0.4548603978082487,-0.38041655792190815,-4.588349825890865,-4.025551532580621,1.1597794600524451,-2.6462152436705764,-0.49337569115709173,-4.114551518890951,4.561409103658622,-2.262209027232919,-7.040143704127227,-10.34221956223886,1.898426608853312,-5.80740183386298,2.07275358054463,-3.1312925057131085,-3.761703478983604,-10.648130503443593,-5.671306926440454,1.8756822356928615,-9.248026301858621,-7.166899800515573,-11.95913317231446,-6.846713221258525,-0.14388679620708322,-4.476079928962207,3.370928727326968,-0.9756231309749304,-1.800493449405088,-1.5623688305161676,-5.10646032425237,-0.25718903488620254,0.7030242964083848,8.95966341303359,-2.406728763659544,-7.457375102886679,4.235488193072382,-4.897362231826489,-9.71678231440632,-3.6724566699421186,-13.318631368558616,-9.990077598626314,6.150255662074775,-2.552275309161025,-3.856326374038433,-2.937012694653197,-3.3416434710607046,-5.88904053008499,-6.711649771428744,-11.167239889953231,-4.66166710038833,-2.6473533269633704,-4.88822235730742,2.0920776342988257,-0.8973846582094854,-0.7732405521131409,-4.818653914105379,-8.557543494166353,4.85630147810714,-2.427173475984985,-8.585013678694187,-1.7444277062700844,-3.344069827770879,1.7241923928348015,2.9460422935068604,2.6158132804246974,-6.603884300319713,-5.4257278169075125,-3.171850302748316,-0.589082989006052,-5.001925778084456,-0.5317246636686985,1.0623077053800685,-2.997857102719978,-8.55026235606939,-7.679065970205304,1.2619051145121196,1.49884374455186,-5.022534696963144,-1.2015367782165896,-2.7607451408793504,-0.39398255194349663,-1.2460587311041407
3.32626939783932,-6.780987399262325,3.3514066725901697,-5.316785713830411,-2.6699812519885486,6.269735935302523,-3.8043698870691713,-5.0401884601249245,1.3380993972461583,5.913386852642742,-0.7958385485716589,10.490068268927349,2.303231533146018,-1.0498035860854191,-1.4600091453053583,-6.59940154124289,0.4548603978082487,0.0,-3.9498421647209088,7.769679788644359,1.5126397607359,4.988833476048442,-2.231839646103776,-0.9315524559149488,-1.97454314982024,-2.8548874379865743,2.538608800000154,2.0022837306399768,4.499676805326509,4.0650152553423435,5.636727030779355,4.550145909114771,1.1298846667087712,2.3881004201725085,-7.824648884743674,6.534595335905747,-1.4946011424770531,1.065484610915005,1.925190424146392,-4.79879276217166,-1.7262331145358385,3.5622827193395947,-0.3561879881902036,2.787344943307643,-5.249407094934245,-1.0578628097160292,1.851469341490536,4.590034168523152,-8.95004022240248,1.2512436490995793,-1.6973364904522792,1.0681577611363564,-0.5295974493329488,-3.051792651073943,-0.13643170901243595,-3.572218947383537,3.3618633367686326,2.5020229356051598,-5.312581128871239,0.3007639103138308,0.6727544726347452,-5.674256754916049,2.979388253499375,4.94260339439379,6.383905430594984,-1.8600443749766409,0.09315238358186409,-4.601714565741885,-1.183465444396621,2.075291095056033,3.8935494619933286,-5.66968342043306,-6.085698545955633,4.6170469261327165,-3.767232544569164,-2.139955934008457,-0.3520254438022617,-9.03743628450008,4.113523014817999,4.0458345502543285,3.7796452354951,8.14211493297085,4.927043018088529,-2.8446063692377526,5.610967970940735,0.5350557591194565,7.4545027383515645,-1.43080124131722,0.7050217279529255,1.890330201264512,1.6989504045054629,-8.047057959034934,-1.4894872242262611,6.105983259199787,1.8464984212157132,5.94523888773077,0.6176412796515157,0.3035341715191078,0.2884858004980858,-6.54577079316275
-2.4485290032390608,-5.005850162412794,-1.274161125830808,-4.694313408467412,-5.636898488959489,-2.801437701090161,10.033688047684318,4.163099985266772,-2.2756932029255097,5.26916970865268,-3.259679864246236,5.873933329679807,1.1761431826885311,-2.8748501742077295,-0.8607049287760998,-7.448709474208431,-0.38041655792190815,-3.9498421647209088,0.0,5.673334015611379,0.8565071483998955,2.082815348676007,-1.7175220810949217,2.0613073204232193,-1.0397928714042333,3.650707916205677,1.7396807213298706,-10.176146408626051,-5.7000110047676555,4.330703473489508,0.8492067592010845,-2.386560982161821,0.8078712549435844,-1.4766722401175,-7.441524057263629,-2.8963310687095927,-3.044118740210489,-6.010707677961125,-6.113872622270147,-7.708633930136761,-4.259808440908311,0.10525910627966016,2.933664123088067,4.417849832275744,-1.9743673741533787,5.662696338383431,1.6016105802944849,-1.06297011771668,4.931594351167822,2.1428071897548384,11.829325976578136,-2.1711873033728715,-0.9412895655462312,3.753133459975884,0.16003171075093417,-1.5872822135401559,-1.1468492553705363,-3.430582855597592,-11.736527717837836,8.43552413311704,1.337535250463113,-5.44934779228592,-4.758125510989532,0.20643437054132355,-4.449023029863635,-1.792114675697997,-4.486211344825453,-4.5422685232697,1.8645358432287285,-1.679615823822171,7.190445298604392,-4.593677689846343,1.1764787202233535,2.665392953568071,-5.883735973458592,2.7496248665691163,-6.275226344823136,-2.704102423874762,4.297392320173005,4.094609502217738,10.071213156645868,4.194154081331222,7.026430537642625,-2.310204017332711,-1.981972331562184,1.915625596941452,0.2360091404581832,-6.515205210683748,1.8488977604699623,4.354708228126379,3.880424384309451,-8.358321161454848,0.026758379248305195,-2.02847511086614,3.345540828864763,-3.6463996358849866,10.613751783552775,2.7912829008969244,5.204258847919077,1.5580402915039595
0.6688660887105833,7.484685721778051,-1.2886518522382275,-3.69256649054094,-3.9787544631914553,-1.0285628694076017,-7.228291913043974,4.30238204338213,4.950283200324868,4.2738463213453795,-1.5525137618509477,-3.125285921993098,5.2420716170737895,3.874435607850335,-3.205274513691739,-0.41407795656459856,-4.588349825890865,7.769679788644359,5.673334015611379,0.0,-2.537357131228005,-3.9824317428784735,-6.052036753112182,0.45674561646591455,2.304536100331708,-2.970575143988514,-4.789095241660294,-2.0765104644714216,-0.05528416279577589,-6.907973122679708,7.93164457889592,1.6911989075764207,1.7449260604286336,-6.640407739695469,-1.9373129552052797,4.88571517652765,2.2682642118248566,-0.888167962415463,4.294627135390199,-1.1677930385953739,3.1252738914606204,4.786841649843189,-9.130814961507731,1.0944449591762913,-6.623981414954954,0.9418789618966397,1.4064557082547626,-1.3981975230464254,-2.7083915621092256,0.3269457190436507,5.306689915666395,9.094486300197508,-2.786433788248719,3.885036348631711,2.8954195313082414,-10.883219963808399,2.337217752253541,-3.111589039145011,-3.7827269539972335,-0.353986725594156,-3.2832045800265415,1.8064487537255944,-0.5618002010477235,0.40674326239624137,2.23825058825929,3.123306295904747,4.282322117978319,6.43284721260174,-5.224444335815416,-4.8778231848909,-2.5293379708412185,2.9347557276288048,-6.08065979372992,0.04726719397977858,0.05004237395383048,-4.7529280022696705,-12.50563170567281,-5.608904759008759,-5.620800383123697,10.465576802994292,0.4210496102312636,-10.362746089624748,3.592967530690033,-2.501548770937547,2.2982825756567236,3.044722738160432,-2.027448979926931,2.5378466571860105,0.40688593823950914,-4.7637411498129305,-1.023803064629668,-0.7904741608077542,-6.135332229180562,7.148885114750543,1.673985997160807,-1.703015531778948,5.3612810549571455,-5.9290358256904865,9.406195304200446,-0.52184922888346
4.669745270433753,4.700430278344212,0.9626195379319165,-3.798627985486199,-2.776555604528129,8.568403720107668,2.0323641322169848,3.423202874306685,0.3065216760924644,4.287512924973248,-4.847009585177803,7.079977172493923,9.682722526438852,-1.2443144330918732,0.2841009094464926,-1.496574129970358,-4.025551532580621,1.5126397607359,0.8565071483998955,-2.537357131228005,0.0,-5.268130295386618,1.238475792902053,3.3256105886000364,-0.06911380986396541,-0.791533720466753,-5.462856124891406,0.5576664052499632,-3.64446562798578,2.457848226841415,2.907024418559834,1.7743675846289455,-3.6232040937998087,1.6763639465889504,0.6613889287007514,0.3721522773071723,-1.8617805243200083,-6.552120908217384,-4.637642391569664,-4.2284677579593515,-1.7010540046118288,-3.01784562479254,2.1461151896563395,-3.6838289265496806,-11.510968617179264,-4.153537366593463,-8.859622727015257,-8.997679080719196,-7.540198785390332,-7.467207229662509,0.5576227642371605,-2.895089461065896,-1.5083677904939952,4.70580342046354,-2.600999967210528,-8.216980415336758,0.9344317116933357,-7.880073864049603,-13.34549567167758,-1.6743377381654219,-4.2269083091177695,-8.919670441945811,-7.415759947144068,-0.7956980465646558,-4.862100683361845,-3.842368508008741,-5.0060107109589245,-2.1569211419927266,-7.691161226921073,-2.180559885071113,3.1942308118572345,-4.129170893789063,-3.7988236552603136,-1.5687586387289405,-1.545312548279047,-3.9079478640433343,-1.7568762103043551,-2.298850225766584,-6.076854904894304,4.931376481385827,-6.28849075291404,-6.701176806471134,2.42234266080656,-1.9303171069906837,5.206172568903215,0.4200867197516229,4.173342233381629,-7.196934286400052,-3.499050655343088,-3.146861175583738,-11.469935275534612,-14.538905145919724,-4.87986169617437,6.28947644084642,8.864083424712069,-6.469935042887416,2.8782003467132897,-8.031165593247259,-2.3200755940939186,-11.138219082149517
