0.000000000000000000e+00,-7.468890914636505229e+00,4.989813733731470746e-01,-6.252942647987676850e+00,-2.872248172286763435e+00,6.111927564991170847e+00,-5.294644669938182169e-01,3.431659834235616935e-01,4.774541795559492208e+00,-2.458602751232411343e+00,-3.258238601519571898e+00,2.522392834368926140e-01,-5.136783868411414211e-01,1.401939267981388149e+01,-3.574529263806951906e+00,-1.228440922619223663e+01,-1.516730534115761753e+00,-2.769415417004030378e+00,-2.015437380942142198e-01,-2.095411111343237653e+00,-3.374982474429449208e+00,-6.980431420678213428e+00,-8.332009684873411537e-01,1.533213823979646673e-01,3.769853827906462840e+00,-4.101480783825524057e+00,6.700897982995676294e+00,-3.837798081764215441e-02,1.163649107975566865e+00,-3.708863242413746875e+00,4.093910228125448469e+00,-1.643783388783494059e-01,2.614317436978736531e+00,8.716855505166238416e+00,5.917644827944482877e+00,1.746498019754458619e+00,1.544295118194389360e+01,2.407963598803707583e+00,1.958831762198071536e+00,-4.273105888170476430e-01,3.198197901557497058e+00,-2.653139297833520871e+00,3.246983727578858225e+00,8.702074602464771047e+00,1.178552448418357823e+00,4.434791583762133449e+00,8.007860314631432885e+00,-2.010668761016265460e-01,6.149114727776551881e+00,1.035135109794358410e-01,2.764465280386444457e-01,4.921555884000603065e+00,2.634715578592345064e+00,3.598069888293458973e+00,-1.698507357989766264e+00,8.943554123705541037e-02,4.658348697375463310e+00,5.067985840935411268e+00,1.906771305917680959e+00,1.599553440050948083e+01,5.527493059845326684e+00,8.819412721458874671e+00,-3.412849957337132922e-01,-2.340358217762110282e+00,-2.468136983310843302e+00,1.648429076101414648e+00,1.822599555750577416e+00,3.733186346631628183e+00,-3.102526909492171470e+00,-4.579118545539843765e+00,3.913658665757458355e+00,-6.196614102697550308e+00,-9.085378727614070726e-01,3.048067023429942513e+00,-8.602055094501375176e-01,6.814386269537681784e+00,-1.039499891093942097e+01,-5.071591643552700646e+00,2.161068703617419207e-02,6.389656824900283638e+00,1.496224183931783136e+00,-7.843465326489013734e+00,5.687551882537825065e+00,1.473421984069323543e+01,3.652063290885594782e+00,-1.024332513266100086e+00,-2.688330552923705152e+00,2.588691894106304403e+00,-4.355789425752959687e+00,-8.550655398776866534e+00,1.995544625768721270e+00,4.900935907758613652e+00,3.882246639884328054e+00,-1.101969146065940031e+01,5.042482711235358295e+00,1.305953915605057247e+01,4.387377093407846651e+00,-1.288408808063522315e+00,3.318346880643439523e+00,-1.483919702974331845e+00
-7.468890914636505229e+00,0.000000000000000000e+00,6.782303911762574522e+00,2.048897679601642263e+00,8.461189494490615193e-01,-5.796494363657966886e+00,-9.656894674784812782e-01,-3.674867708007212297e-01,2.792375145303456652e+00,8.424287306411144982e+00,6.321491714207332357e+00,1.653769296079646622e+01,1.133790877413073872e+01,1.179381817686677714e+01,5.464763668903796834e+00,-7.802247872899243930e-01,5.196540515465576604e+00,-1.082100966055563829e+00,3.986780784316044990e+00,2.348689449324214973e-01,-1.707309248146967384e+00,5.218425570906636279e-01,2.524069284793228451e+00,-2.542014903767839673e+00,1.207620387177393972e+01,-2.204527319715390288e+00,7.534742703959760313e+00,7.570343711712363977e+00,1.745193350162372647e+00,7.810373064890955952e+00,1.903382442435733291e+00,8.671360623287476255e-01,3.892209539995147516e+00,5.975471875060005544e+00,2.580611388631604886e+00,2.966403824361631081e+00,1.099068450223387172e+00,7.497930952616735034e+00,7.012415106282235300e+00,1.766065547605427355e+01,2.846241518575829410e+00,1.229461434895324112e+00,6.225813509420455638e+00,-4.605016701625766373e+00,3.308351584757275865e-01,5.007709009296381630e+00,2.212470453041027518e+00,1.588895142806599159e+00,-4.086821214667324398e+00,8.249116372985294987e+00,5.410887645412247871e+00,2.054417324736970141e+00,5.409039966063527771e+00,8.340829560643829410e+00,7.403015007627535837e-01,-3.320641195007288715e+00,7.019597922791054323e+00,3.806563080468015059e+00,1.069998623333903787e+01,1.102838954270404237e+01,1.618809146788674269e+01,1.025046912508159735e+01,1.548093490287509510e+01,1.580066193330772961e+01,9.728768334469789503e-01,6.798393301812161837e+00,-3.814565672810898977e+00,5.626579454163622707e+00,-1.905912357203909391e+00,2.467672559351175465e+00,8.043305665168130059e-01,8.293327140853481438e+00,1.000366526486253171e+01,3.844899652032636173e+00,5.411025115368665261e+00,1.247756208634922359e+01,2.987423894007863456e+00,1.037398926673227884e+01,-3.149525380067327962e+00,4.193551337155237313e+00,3.610165168687396786e+00,4.973165862339530285e+00,5.351273615148317120e+00,1.594423899472545436e+01,-1.614765592388300419e+00,4.071167231409059006e+00,2.124222639010244773e+00,9.241093388514800111e+00,5.447915967389958425e+00,-1.369847008684567324e+00,1.502004022238502934e+01,1.379901610087684638e+01,5.285636286728093047e+00,-8.118889349626294827e-01,6.432505763548205246e-01,-3.496246775817217767e+00,4.547679516847732195e+00,3.435580693153642340e+00,-2.454951042943358530e+00,7.469204892015200770e+00
4.989813733731470746e-01,6.782303911762574522e+00,0.000000000000000000e+00,2.346729649297398357e+00,-8.573433581991605212e-01,-5.753559092717815737e+00,3.861945138737290062e+00,3.516990431435070619e+00,4.521701755117258692e+00,2.331107526015030906e+00,9.366781682278439991e-01,3.548550333037057580e+00,6.280750368333910316e+00,1.022667421322094228e+01,4.200167186186098078e+00,3.668318295406932439e+00,-2.869926166945762969e+00,-1.113881515185254223e+01,1.232753039541440110e+00,-2.000683961125814037e+00,1.715104769606274338e-01,-1.348696388322448314e+01,9.582798112539985258e-01,-6.555384815540061361e+00,4.307779112136407740e+00,-3.611719800796944657e+00,9.408390897089649485e+00,-6.340032016890160271e+00,2.602738072877616382e+00,8.869676441536975986e+00,-1.495507900347033958e+00,-1.191676960492025650e+01,-1.833339752930122524e+00,3.128441675549956891e+00,4.978131034934855315e+00,-2.678408513839915517e-01,2.198486854054571005e+00,2.606331152677738849e-01,5.042969685669275393e+00,1.896910275633130416e+00,-1.332539134470327014e+00,-2.748965496251000729e-01,-4.191595745698272424e+00,-3.204714245114198778e+00,-8.643751284311470329e+00,1.442608653467365087e+01,4.107518272409695470e+00,3.093004984443127103e+00,6.720485350827673621e+00,1.098272195943817309e+00,1.829758996627176115e+00,5.100650522703655376e+00,7.801074026185057519e+00,9.916317141060096318e+00,-3.102186267536120035e+00,1.100492629807814149e+00,6.310015653091679555e-01,4.945819405302628091e+00,4.871993530402662920e+00,7.410394095842760542e+00,6.095611015551635203e-01,6.666839091589256583e+00,4.234502658981239342e+00,9.500105513122953482e+00,2.310209736278694415e+00,1.568902145304952089e+00,6.207753981258947285e+00,3.147431106797519362e+00,-5.621921762036007353e-01,-9.652954241470833807e+00,2.236120389540788622e+00,-2.392212204219987814e+00,-2.478596797892186565e+00,2.617684125139869256e+00,1.383161166659735652e+00,6.150094692405220442e+00,-1.017498629549310252e+01,9.523513689156546391e+00,-4.757128605365196883e+00,4.803902134235826793e+00,-1.281006079699151146e+00,-1.143171454420530075e+01,4.837309387819328066e+00,6.650005955007075364e+00,6.767942267126332290e+00,7.044994725395367086e-01,-5.716990641770953729e+00,6.387020060384390518e+00,5.928172815542748886e+00,3.274123523496555777e+00,3.318440694524007917e+00,6.700148010727581038e+00,9.700596322614817524e+00,-3.189863109916713846e+00,-7.739484684354719590e+00,5.458517229182596076e+00,1.183002273319784159e+01,5.586082609692319956e+00,-3.823346764962949340e+00,-3.542095836993733204e+00
-6.252942647987676850e+00,2.048897679601642263e+00,2.346729649297398357e+00,0.000000000000000000e+00,9.115895436282530184e+00,-4.604874574886009597e+00,8.888048361240214135e+00,4.632456822073552694e+00,2.553438131788896559e-01,-9.358561792578188321e-01,-4.486517216715351530e+00,3.676431981037910024e+00,-1.960271595361279540e-01,7.676557924695332602e+00,7.877391532505408911e-01,-4.745753436373855827e+00,3.713563417275960621e+00,-9.730917489916478536e-01,5.657175927117270575e+00,2.571742396814185483e+00,2.675849300225008331e+00,-5.052781122813144066e+00,-6.367313810928681761e+00,-2.427226357271353940e+00,6.507358512057018984e+00,-3.606397337288013816e+00,1.182970128970071322e+01,-2.240103738857985416e+00,8.653152214373904805e-01,2.887892993464172164e+00,6.298204675702725908e+00,4.044670367747466244e+00,2.407730829929716432e+00,-9.736520425154079339e-01,7.250923837441280106e+00,3.885813610807284380e-01,-3.836286332604347815e-01,2.427586180382074854e+00,5.126512662529057351e+00,8.597308449111634943e+00,-5.612448135199616495e+00,-7.261263269902785700e-01,-2.846548234495386964e+00,-8.691732153343361134e+00,1.887889377799133683e+00,1.554250016083750907e+01,9.045471251714346295e+00,5.525197344199897387e+00,7.017925928403349056e-01,1.997270997602578646e+00,8.673085540668806104e+00,-1.184863086730072679e+00,6.170206601265691759e+00,7.155929424965187913e+00,1.270320322777245714e+00,2.372685956504461402e-01,9.228834971876301196e+00,3.971008132719002770e+00,1.226615607122955431e+01,5.363000240547180830e+00,-1.974845387241908945e+00,6.573688331786084582e+00,8.350200954957623267e+00,1.269261931383551278e+01,5.034087613820678264e+00,-1.961374253982175186e-01,2.724461227215787762e+00,1.007389357898698812e+01,-8.101458035241783096e-01,-2.714616563964700191e-01,-3.016847304925333595e-01,4.778645473207224548e+00,-2.320749525738031060e+00,-4.810210241470509906e+00,-4.426946274670039649e+00,-3.356065504724039084e+00,-1.179681694528385005e-01,3.797876105252182111e+00,-4.399830536943085235e+00,1.022828818201913137e+01,-4.101984955508307884e+00,5.259048655679264606e+00,6.774344672373493914e+00,6.969723207815939681e+00,-3.026050768018542669e+00,5.021300141225462088e-01,-4.714915983521327014e+00,1.233081720909427048e+01,7.350585248005230277e-01,-4.729052361791872272e+00,8.587311473855487876e+00,1.376287207892258380e+01,7.782719581589740976e+00,-4.537319425899003500e-01,-7.337526428345724661e+00,-7.516464405058762566e+00,7.200680067872452739e+00,2.440681188002343571e+00,-1.144654313451286959e-01,5.570568007526570220e+00
-2.872248172286763435e+00,8.461189494490615193e-01,-8.573433581991605212e-01,9.115895436282530184e+00,0.000000000000000000e+00,4.125701452919473766e+00,-1.429509133780488828e-01,4.911718851460107338e+00,3.264165122531261343e+00,7.449234350617812694e+00,8.289585267832620730e+00,8.846191178616789941e+00,1.188499681095757987e+00,1.136840919304860620e+01,1.588485994774588295e-02,1.096177382878159579e+00,3.705807111373456308e+00,-4.398385426694780165e+00,4.226661359847149413e+00,3.566644544705226849e+00,-1.162376361556772153e+00,-3.878931171298794833e+00,-1.867284607569326571e+00,1.492127802875263809e+00,6.703896369349858553e+00,-7.232766073628251746e-01,2.116787689462702016e+00,1.309565851244304913e+00,5.133921116064819046e+00,1.533772255275825391e-01,6.049301110200728360e+00,-3.296969811887448643e+00,4.874642422419074528e+00,1.029250275219895805e+01,7.615978487031338062e+00,6.848393671345674782e+00,-4.339085004022386616e-01,5.114530969296613883e+00,4.139271522401732462e+00,2.929791533170404971e+00,-1.654614166642378814e+00,2.511339365927372835e+00,1.536244052452905962e+00,2.390150409778985630e+00,-2.068396181339928308e+00,4.150770485095609530e+00,1.675673323519486857e+01,2.759472345441334795e+00,1.098210460766996910e+01,6.900031768880094951e+00,9.601403632224521090e+00,3.830496022362520847e+00,-1.824080852054293378e-01,3.564191148496824280e+00,-4.193900830885269326e-01,6.286547466434920572e+00,5.343081952578956795e+00,5.723685184337480969e+00,6.460792157232806865e+00,4.709450205205171436e+00,2.744952196583609005e+00,5.093370427043062421e+00,8.343832217920640559e+00,8.783151234598948420e+00,1.206370625334886526e+01,3.544230091075302624e+00,4.614101801063166697e+00,8.978360391918789318e+00,3.888109352154032194e-01,-4.927296518682029891e+00,7.774210228068640482e+00,-5.267128004195435587e+00,4.445370262661442418e+00,3.880747277456063404e+00,-2.109490663112966846e+00,6.761897872838761536e+00,-2.754706901497836036e+00,-2.037817289913747665e+00,-2.141904090828483653e+00,-4.081071700038207961e-01,7.692509946533605536e+00,-1.783431519751354388e+00,9.071784253006722309e+00,5.228670078605155425e+00,-1.084608663213430385e-01,3.037414139970825655e+00,-4.206365442790581000e+00,-8.506094268690013449e-02,1.182356286770059306e+01,4.047838146386004254e+00,8.099505833961110568e+00,-1.832752993660974550e+00,1.183848222003523176e+01,2.864463678399277402e+00,-5.641443353731228960e+00,3.357235978788414066e+00,1.427283262824120769e+00,4.425072940832696644e-01,2.228119877880277766e+00,6.499279816469194060e+00
6.111927564991170847e+00,-5.796494363657966886e+00,-5.753559092717815737e+00,-4.604874574886009597e+00,4.125701452919473766e+00,0.000000000000000000e+00,-1.000261832564510289e+00,-1.584750495099592982e+00,3.465444720352972130e+00,-3.048267182562213851e+00,2.634759017357875877e+00,2.188286579917837926e+00,7.695275114836399588e+00,9.883956293096312962e+00,2.890799107146129643e+00,7.561057873369184001e+00,-3.805491919731261441e-01,5.927609259868003022e-01,4.662105492898671599e+00,-7.844809099283767573e+00,-5.607233398902714341e-03,-3.113540980873139574e+00,4.820834537103267259e+00,-1.372898642397691438e+00,-2.150403004505355486e+00,3.784279887845142909e+00,8.096019873541261402e-01,3.585311648316832134e+00,1.188630342774331439e+00,1.168235706824747089e+00,-4.644272630952152703e+00,-5.897647351834311991e+00,5.486441725225103205e+00,5.031381607704141778e+00,5.799012542724520713e+00,-6.762394808550081793e-01,-4.043114447252362353e+00,5.251053017008803003e+00,1.649947878967504611e+00,2.102791481254630224e+00,6.568612535482533765e+00,-2.927454119102903096e+00,-7.391297826000197801e+00,-1.791022680106163278e+00,5.976554965190365998e-01,1.018158519799329653e+01,6.748547116212041175e+00,-1.122926556390419606e+00,5.573028944169634569e-01,-1.570262944152595708e+00,1.568334017297948302e+00,3.275704416062537483e+00,-2.174056663784878829e+00,9.817313417790590080e+00,-3.004185886734165756e+00,-2.120604822648908705e+00,-2.329902951614466478e+00,-4.851792092716159521e-01,-5.153857097440684321e+00,1.574229249442101741e+00,1.486137187233319779e+00,-3.072675519198997840e+00,-5.107632836563079870e+00,1.854360391493955040e+00,2.550523258324612907e-01,3.287530432618055887e+00,-2.218807941953193641e+00,8.464157318697147048e+00,-3.380052950553284585e+00,-1.748668323003929714e+00,7.994355017607485125e-01,-5.081812022525738826e+00,-2.854282441040099094e-01,-1.958292404202677472e+00,1.825893900409062853e+00,3.931425809786108783e+00,9.389872203613731649e-01,3.335247699638480334e+00,-1.644073102798735198e+00,9.444668190594290635e+00,-4.098219871966417571e+00,-6.611752869563341406e+00,1.259262307623154875e+01,1.030007076517289910e+01,1.500452205765289904e+01,1.197191557343845858e+01,-6.296164707655194981e+00,7.193368039343998710e+00,6.134315113507904371e+00,-4.751952600022257833e-01,5.306702195841728198e+00,1.554680470132937087e+00,1.617613438063957743e+00,-7.453121800142446851e+00,-5.103892707577806220e+00,7.067436418431465306e+00,1.374676159790883823e+01,2.104971393983035011e+00,-5.016023214046673395e+00,-1.514372769915587336e+00
-5.294644669938182169e-01,-9.656894674784812782e-01,3.861945138737290062e+00,8.888048361240214135e+00,-1.429509133780488828e-01,-1.000261832564510289e+00,0.000000000000000000e+00,-6.639407556829625356e+00,1.995989873915467339e+00,6.709872209827396627e-01,-3.373776684690556582e+00,3.273894584334148927e+00,2.262850120679936516e+00,5.732900254635848292e+00,-3.685223263946243222e+00,2.990908779315918142e+00,3.331752806880854845e+00,2.102340224094642718e+00,-5.601090824816503666e-01,-3.783149622273130674e+00,-5.013688836029817075e+00,-3.285316486304829642e+00,-4.779102774521430064e+00,-2.219877444376010533e+00,1.114106065825736636e+01,-2.628874860819816028e+00,1.473292909716599874e+00,2.984345977547813167e+00,-4.386346885905290982e+00,5.193240164530971370e+00,4.228917058879300694e-01,-8.270721243371490061e+00,8.674359149142636838e+00,-1.183210885331471840e-01,8.461408105828407855e+00,4.947773985526265683e+00,-9.745900627940242700e+00,3.456305605235514555e+00,1.632858635601332153e+00,-2.816251965708700844e+00,3.274616423290479528e+00,-1.700242594424566711e+00,3.112797894743613569e-01,-5.107766087218554851e+00,4.965876451685709903e+00,6.044946835954503328e+00,6.184517296877708681e+00,2.316821254334455737e+00,9.255129535086596970e-01,2.621932307601582579e+00,4.064696136562570672e+00,-5.161127378220156103e+00,1.884556860438840520e+00,5.489623365493792484e+00,-7.003236162214045990e+00,-2.671981981987225474e+00,3.082138058172732564e-01,-1.003420949237019411e+00,3.918637522915120908e+00,6.258341885176385233e+00,6.665831408438967820e+00,1.029035594463329240e+01,-6.570155117866949279e-01,7.516604098643312248e+00,2.676492785659051243e+00,-2.468260784609702441e+00,-1.587721694065978406e+00,8.038012065680739227e+00,-5.794503311729942041e+00,-2.830199717554256811e+00,-1.726224126654094082e+00,-5.288250422137693363e+00,-4.156580524815944422e+00,-2.221692052681879748e+00,3.297917192170626066e+00,7.129409283669021491e+00,7.208894593602953593e-01,-2.088843604351707572e+00,-1.373599568512604563e+00,7.238746042315922224e+00,-2.594236461400986737e+00,6.624756492418842901e-01,-6.384610028626505063e-01,7.482987130427881439e+00,7.005089048303366539e+00,-5.784005282681212168e-02,-2.012375388593047321e-01,4.655706484888955110e+00,-4.619161327746452272e+00,-6.064523973532580214e+00,6.435756669065557212e+00,5.419440511713791153e+00,-2.508750033077870700e+00,1.034816077041050164e+00,-8.449415136102478741e+00,-6.003484576534345862e-01,3.033188035724807996e+00,3.551561842390118073e+00,-5.046430042934444415e+00,-6.435419859528632713e-01
3.431659834235616935e-01,-3.674867708007212297e-01,3.516990431435070619e+00,4.632456822073552694e+00,4.911718851460107338e+00,-1.584750495099592982e+00,-6.639407556829625356e+00,0.000000000000000000e+00,5.467853250507957341e+00,-7.498559552677249940e+00,-7.528895774548023390e+00,1.305489383762836741e+00,2.788696492544331829e+00,1.437217291171092981e+00,-2.859423078321536860e+00,-1.571537164209480808e-01,2.334224658419507215e+00,4.073581703580519964e+00,1.031623744962289368e+00,-1.294236748269602089e+01,1.471619924517965916e-01,5.816078491978899478e+00,-4.945665473337771623e+00,3.011456749446483006e+00,-2.201155368890098885e+00,2.908656889532224454e+00,4.029471939474920994e+00,3.326249032579237763e+00,-6.785992426960741675e+00,-1.855334292777005123e+00,-2.162693316586370429e+00,-7.821435286944568688e+00,-2.755650488146689447e+00,3.916554918173845712e-01,5.341064183664421705e+00,-2.476186253480677557e+00,-5.993117105964119951e+00,4.745889320770628750e+00,-4.517389192826985145e+00,-5.808565540486675616e+00,4.651794141433214236e+00,5.230465073562209355e+00,4.399214654855180817e-01,-5.724594931701464162e+00,-2.317795065365163554e-02,-1.329420991612729086e+00,4.006260933431684101e+00,2.712957710738504336e+00,-7.310237419498569977e+00,3.728996366385278066e-02,-2.597395749456790637e-01,-2.843318707233283504e+00,5.543023567047391964e+00,7.682761219978507583e+00,-3.040704281299344114e+00,3.912643544588594757e+00,-1.033750535710314944e+00,2.235098916184273143e+00,-4.093664579244042367e-01,1.233957256352233411e+00,2.770450407816751337e+00,1.758642633152426527e+00,-3.451702474930049114e+00,-2.898517470582159805e-01,-1.619740541715780413e+00,-2.514702833803016624e+00,5.205025382588974736e-01,1.242915183967395798e+01,-9.672944395987633115e+00,-2.361232305569215484e+00,-9.035291978427765214e-01,-1.292591511087557876e+00,-2.741257906510998765e+00,-2.828503323305575634e+00,-1.816571697189080403e+00,5.196869603242839197e+00,-4.234388930554328745e+00,-2.668155367233159492e+00,-8.300680456451372535e+00,1.563422176432646582e+00,-4.059071647269975713e+00,3.443804680398360407e+00,-1.023176057764178415e+00,-4.614078421105548777e+00,2.232156028888058419e+00,1.023664532059203491e+00,-1.031039351474674248e+01,-5.299334818173693229e-01,-6.535266504693679757e-01,-9.175332666897872969e+00,-1.358780335970382058e-01,1.932198149388726582e+00,1.315592188526672368e+00,-2.870003604080923587e+00,-8.777687957112508599e+00,-7.050305734565423421e+00,-9.527240006725501420e-01,-3.170332884035776733e+00,-8.738499296299924168e+00,-4.055552946048054608e+00
4.774541795559492208e+00,2.792375145303456652e+00,4.521701755117258692e+00,2.553438131788896559e-01,3.264165122531261343e+00,3.465444720352972130e+00,1.995989873915467339e+00,5.467853250507957341e+00,0.000000000000000000e+00,-4.635189951118102059e+00,-7.245873579096429928e+00,2.633029179663503694e+00,2.786302920747363743e+00,1.032809230077339269e+00,-3.663457884518031005e+00,-4.138952781008263138e+00,-2.614036699620902127e+00,1.569340341690649954e+00,-1.688788631899160952e+00,-1.116634190903015167e+01,-2.856683707929405625e+00,2.831591832102402062e+00,-3.414233275415818003e+00,-3.965176955729846409e+00,-3.048968554877314219e+00,7.645504257381233737e-01,-2.121527994771293724e+00,-2.644583044777602421e+00,-4.832145692662618508e+00,3.036178812505816449e+00,-1.442438070578916598e+00,1.806950546096869337e+00,-9.322457584777046335e+00,2.676386193993236517e+00,4.619058492083548018e+00,-2.567502975487038208e-01,-9.211016096971397005e+00,9.280815698894396837e-01,-1.459664805426688639e-01,-3.343221059632087488e+00,-2.086618875153519959e+00,-5.418459699477192082e+00,-6.268596838576971919e+00,-2.408816530584260818e+00,-4.364474702370654491e+00,-2.860071508553327924e+00,4.461794095262281878e+00,-1.771359319297237223e+00,-1.192451570604619704e+00,-2.474888236180792678e+00,-5.399152402073139179e+00,-6.239164394461557350e+00,-3.959324538448135478e+00,6.478413704202806045e+00,-7.326338010872660789e+00,-5.346612004251817929e+00,-4.159973448445581035e+00,2.927792462242060911e-01,-4.953079075230457207e+00,-1.689993882308663764e+00,-1.078050037239379311e+00,-1.001108474400932380e+01,-3.519132036477896630e+00,-5.305824967011574245e-02,2.255345722773496320e+00,7.548323199988171694e-01,-3.522775398357762100e+00,4.478879820147766644e+00,-8.661662945276532355e+00,-6.107702870692774511e+00,-9.688738982141199330e+00,-3.574053474238033878e+00,-5.060588755058414989e+00,-7.018379670216733146e+00,-7.008990123581831710e+00,-3.817597525694024885e+00,5.048588052308480845e-02,1.123529751940046673e+00,6.044942310431983268e-01,2.198868094674247597e+00,-7.075657861184562414e+00,-7.739765282315402839e-02,1.013496072939080284e+00,-5.351036081073836215e+00,6.317560753122220873e+00,5.258373098304138793e+00,-6.979319454871993678e+00,4.955685124389122898e+00,-1.435498046657198934e+00,-8.476984837764169001e+00,-1.663472842857183442e+00,-1.468499267979481271e+00,-4.434646831475665074e+00,2.464744564739718702e-01,-1.485582305623222510e+01,-6.865811701630923025e+00,-1.362391204998021355e+00,-8.085343925068119719e-02,-7.765149874801020147e+00,-6.808691034679762666e+00
-2.458602751232411343e+00,8.424287306411144982e+00,2.331107526015030906e+00,-9.358561792578188321e-01,7.449234350617812694e+00,-3.048267182562213851e+00,6.709872209827396627e-01,-7.498559552677249940e+00,-4.635189951118102059e+00,0.000000000000000000e+00,-3.823197622821709718e+00,-7.262247049783994157e+00,5.393205466376896906e-01,9.831789898604574862e-01,-5.050327179966179081e+00,-1.252853053734278532e+01,1.238092388629441043e+00,-4.537852993244330335e+00,-1.088781551488043231e+00,-1.091846334739002344e+01,-5.313805809522203383e+00,5.003781214994908133e+00,-3.308964129133240561e+00,1.372447620756708453e+01,-4.086238859968318593e+00,-2.806047674093243405e+00,-6.911452901402376447e+00,-4.893932412860096393e-01,-3.915353716752682622e+00,5.870339414903646968e+00,5.868474737633117222e+00,-9.839530550743360138e+00,6.279411959730720749e-01,3.012089793942078764e+00,6.084834445010809389e+00,2.648149960954940263e-01,-8.321157715994724313e+00,-2.293718790885665548e+00,-6.754128263393979203e+00,-3.960487634733370621e-01,2.080797878214473706e-01,-2.534161154979484021e-01,-4.436517856319822650e-01,-1.849072780086840728e+00,-5.597033293298622425e+00,-5.143809658361258030e+00,-5.200905280709272605e-01,3.322274253529355903e-02,1.867178951985977164e+00,9.074828619195193236e-01,2.385693146501878470e+00,-1.377864615028796091e+00,-1.300088982908713386e-01,3.703763752695498734e+00,-1.097722022324082403e+01,-1.619938243894809005e-01,-1.396991086670185567e+00,2.176037066434509892e+00,-1.474719601538979186e+00,8.635816013338054598e-01,-8.994509471711602089e+00,-4.004959439945850797e+00,-5.924372572063943965e-01,6.022252406667996993e+00,-5.327246434384180773e+00,-5.618608772811258589e+00,3.024085792296661523e+00,7.488323176926669156e+00,5.734756029254117760e-01,-1.070811450636592532e+01,-8.252171459027149325e+00,1.832643046291516642e+00,-1.180748192199018298e+01,2.033197021188366538e+00,5.139921283373582561e+00,2.021261716849691581e+00,-1.181962813577666527e+00,-2.804312917692932117e-01,-1.875442742144326047e+00,4.641454921120615196e-01,3.131774669511648845e+00,2.890602939335650046e+00,6.043550691066289282e+00,5.145323763289729513e+00,-1.503447101268810870e+00,-3.861251542721501728e+00,-8.232439964733424986e+00,1.737813060717659175e+00,-3.462105847142483928e+00,-6.489732246347341693e+00,3.031227779219219265e+00,7.517261498563008182e+00,1.347426547854649215e+01,-2.907645138815218466e+00,-8.515812278439815586e+00,5.248959392394504597e+00,-2.159229598379232229e+00,-6.803212046767552756e-01,-6.786790766183489199e-01,5.553010036864566956e+00
-3.258238601519571898e+00,6.321491714207332357e+00,9.366781682278439991e-01,-4.486517216715351530e+00,8.289585267832620730e+00,2.634759017357875877e+00,-3.373776684690556582e+00,-7.528895774548023390e+00,-7.245873579096429928e+00,-3.823197622821709718e+00,0.000000000000000000e+00,-2.743947968525788372e+00,4.260092697467099954e-01,3.781922848185818253e+00,-6.577960816199851513e-02,-6.792877574080396386e+00,-6.007979287769468435e+00,-1.188860037688507232e+00,-3.093842610623034339e+00,-8.136758256434038827e+00,-6.620637213495792039e+00,-6.034750245157373350e+00,-4.539517550723402906e+00,-5.069112940002732159e+00,5.991596667992366676e+00,-4.531623012735434664e+00,-5.957846187111628389e-01,4.428228463139183724e+00,-7.416349726203461223e+00,7.356214468390914085e+00,8.443804080004467805e-01,-7.040039665785395862e+00,1.045514189653945936e+00,2.858293872493072207e+00,4.836811876094983198e+00,2.970216029842629002e+00,-5.551727500923521852e+00,2.877748136591291583e+00,5.846674172253274904e+00,4.159822453641388584e+00,-1.497945161996906638e+00,-4.249558221586169360e+00,1.176312657828453956e+00,2.632575160872284936e+00,4.412518754426769441e+00,1.135704585624689178e-01,1.672283793515262906e-01,7.422382906244309186e-01,4.420147176332994476e+00,1.591949088357610842e+00,4.772884968985002807e+00,-8.546301104752875855e-01,6.925817639785370794e+00,1.578192427016190891e+00,-1.108006833730092211e+01,-2.736223458993339186e+00,5.034692123848673262e+00,9.401088963446280644e+00,8.730203229221622507e+00,2.961438928643242097e+00,7.771230265361086964e+00,3.887641794724996380e+00,6.829593961145808301e+00,1.251535502294380597e+00,2.609212680827343256e+00,-1.792366270630674663e+00,1.406699624052190600e+01,7.089977791370911220e+00,-8.398971145347298162e+00,-4.132786713187437400e+00,-3.118822207746884789e+00,-7.722480702739995984e+00,-6.200093299026744553e+00,1.451679322116324444e+00,5.550725234710625955e+00,8.402030336924456222e+00,-3.069833140810474426e+00,2.720670095198158833e+00,2.894402757464143772e+00,1.078587129848020965e+00,-2.587949577503990461e+00,-5.737732824841095258e+00,1.007944384432827079e+01,2.029349467270178664e+01,1.325298680067708723e+01,7.900514319923714446e+00,-6.829100074613202453e-01,6.681643219015684032e+00,-2.837127168775123387e+00,4.805320451091927403e+00,-1.810507477406230858e+00,2.618851863177402706e+00,6.379286230258963464e+00,7.722527234624310122e-01,2.649152691508827040e+00,8.118192392636911947e+00,5.783640398296628682e+00,-6.790865971327704198e-01,6.053957792473723565e+00,1.118773782627777935e+00
2.522392834368926140e-01,1.653769296079646622e+01,3.548550333037057580e+00,3.676431981037910024e+00,8.846191178616789941e+00,2.188286579917837926e+00,3.273894584334148927e+00,1.305489383762836741e+00,2.633029179663503694e+00,-7.262247049783994157e+00,-2.743947968525788372e+00,0.000000000000000000e+00,7.201028646053126980e-01,1.318461753605049580e+00,3.628312443841928303e+00,-1.018697257774502241e+01,-8.199565114667631605e+00,-7.613058712911191961e+00,4.881020643750221488e+00,-8.997849698074046332e-01,-5.108173024630202619e+00,-9.666643295887935139e+00,9.132504003331549935e-02,-7.671014116306476005e+00,5.174100999809634338e+00,-1.058793786502558953e+00,-1.421167612093996446e-01,-4.094348355071006473e+00,-9.084218015638521049e-01,5.074681562208555263e+00,4.483967709439121707e-01,-1.249623810286964121e+00,-1.256491351755625985e+00,-2.736315267295682752e+00,1.327498651439845689e+00,-1.373335104443467403e+00,-1.906849319196904036e+00,4.092524179089082281e+00,6.800001056000335886e+00,-4.879025929695909980e+00,7.162161984006305104e+00,-2.816352202737034904e+00,-9.359290173692128789e+00,1.140838559712409328e+01,-2.042033338831815037e+00,8.505267973680810556e+00,9.979647664789776940e+00,3.145929703333111505e+00,7.814534109021264996e+00,6.015538777603209653e+00,4.197223911918133155e+00,1.252738509246606124e+00,1.098893659413138435e+00,3.536237102155905365e+00,-9.750067527432324965e+00,-9.685285125099577286e+00,-5.212631176422539703e+00,-8.303707482682854968e-01,8.400873807695143469e+00,1.042513228803215064e+01,2.163388180300641395e+00,5.266144218437588620e+00,5.701549348697328767e+00,9.933860762707844572e+00,3.245374398871414545e+00,5.584337836395787846e+00,3.108358686807943805e+00,9.815387821027021786e+00,-3.572479348484613570e+00,-8.846644818899804363e+00,-3.815900977526750282e+00,-7.455425718709644656e+00,-7.059009808213644988e+00,-3.612686947355349121e-01,6.232641628542775258e+00,5.127243665723397292e+00,-4.728561272107667968e+00,-6.704480290004388721e-01,-3.007034080221879790e+00,1.056898414463766755e+01,-4.286556113463669604e+00,-9.006056578305914329e+00,-2.170900638080813572e+00,1.243493551466525560e+01,3.613270781897036432e+00,-8.927018742608828772e-01,-1.083530225530882696e+01,-1.862612144679391735e+00,-5.210041103498663340e+00,-1.043460502915455912e+01,6.162166982621515743e+00,1.527126961618431444e+01,4.358803982231502339e+00,-3.751881018943690638e+00,2.221636834072016953e+00,7.252273850147775924e+00,1.435811797679644064e+00,-5.456206451350803732e+00,5.240010494093620075e+00,-2.499322934895603865e+00
-5.136783868411414211e-01,1.133790877413073872e+01,6.280750368333910316e+00,-1.960271595361279540e-01,1.188499681095757987e+00,7.695275114836399588e+00,2.262850120679936516e+00,2.788696492544331829e+00,2.786302920747363743e+00,5.393205466376896906e-01,4.260092697467099954e-01,7.201028646053126980e-01,0.000000000000000000e+00,2.574790876097723391e+00,2.635882965440668801e+00,-1.380580410110634126e+01,-6.963985287879267183e+00,-9.235669187812181491e+00,9.690981144002980274e-02,-2.278938630054147207e+00,-4.575499119114956770e+00,-2.346611553100506509e+00,-3.805562573054602549e+00,-5.318249039106546228e+00,2.149533632969204966e+00,-8.512542054814659309e+00,1.289618168029430301e+00,-1.344841875410442977e-01,-1.658486601118533743e+00,7.223514733495905560e+00,1.324375607027270307e+00,3.312607436890311341e-01,-3.887181409590924730e+00,-3.291023714901212038e+00,8.604702567079854703e+00,8.111509498436791921e-01,-2.676628175901526241e+00,5.233578340572134779e-01,3.203249389157415195e+00,1.300124723950904837e+00,9.811498474338797848e-01,-5.790833258013008411e+00,-2.615516179043602119e+00,-5.014847949642080138e+00,-5.842506268205285735e+00,-2.441019956979383565e+00,9.769182697080706745e+00,4.040218548940761600e+00,-4.819411208202686758e+00,1.702001991923079993e+00,8.661772434145812438e-01,-5.437095681575137007e-01,4.871873488765985805e+00,8.215055653848953199e+00,-5.028450094005573190e-01,-4.274750833404215911e+00,-2.263871566193547680e-01,-1.634379652482937928e-01,8.033374200871678639e+00,5.469803686602716652e+00,-2.234942974919045700e+00,4.539526588123040440e+00,6.361824393283449730e+00,1.136570175942647687e+01,-1.821045831708175022e+00,-1.597375945406796394e+00,4.095390301833915281e+00,8.310514372192374211e+00,-8.862412413542818612e+00,-9.368476502421756891e+00,-5.121017926502877238e+00,-1.946074342584624972e+00,-3.689054817485073912e+00,-6.009878154017306073e+00,1.300522098877716193e+00,4.187167338475978440e+00,2.033138691006417975e+00,1.209785938123494775e+00,1.231281581233990341e+00,4.763157790051504747e+00,-4.216395184273887153e+00,9.154727890622355035e-03,9.251240882100385254e-02,7.908508663620156476e+00,3.104646767470174318e+00,-1.530879023998474642e+00,-2.630293512241369758e+00,4.295782066144781197e+00,1.749198113026459334e+00,-5.481834356934562003e+00,2.116617264848366653e-03,1.075123104690796261e+01,8.909864281073769376e+00,-5.040887920388832377e+00,-8.334180425088177913e+00,-1.763737367766674113e+00,-5.032011338561507507e+00,-6.032530387731958044e+00,-1.061789246299385203e+00,-5.376575448004643043e+00
1.401939267981388149e+01,1.179381817686677714e+01,1.022667421322094228e+01,7.676557924695332602e+00,1.136840919304860620e+01,9.883956293096312962e+00,5.732900254635848292e+00,1.437217291171092981e+00,1.032809230077339269e+00,9.831789898604574862e-01,3.781922848185818253e+00,1.318461753605049580e+00,2.574790876097723391e+00,0.000000000000000000e+00,-6.690831622901853848e+00,-1.168699609319225097e+01,-8.647780191491417412e+00,-1.161596967237875511e+01,-1.438778823197874779e+01,-2.398788570456943159e+00,-7.259164560844294733e+00,-9.828155302207262523e+00,-7.340534312406977513e+00,-1.220525327737037102e+01,6.592160439600308841e+00,-1.065846603621917410e+01,-1.354107983474258092e-01,-5.272071020057328639e+00,-5.267021735301176122e+00,-7.059822583207219893e+00,-2.814402724917979270e+00,-3.489054900606081144e+00,-1.192417118597603576e+01,-6.686726399846877555e+00,-4.284554128963725894e+00,-2.168327943556967341e+00,-1.193063711090371726e+01,-6.224283263777603992e+00,-2.700719270249281490e+00,-5.275072478962681721e+00,-6.234453855592795968e+00,-1.427521841880718334e+01,-1.018421288113905376e+01,-8.738467564987260516e+00,-4.726219203642083144e+00,-5.887221951048203117e+00,-1.366971259293889185e+00,-6.315963792958403822e+00,-1.002070884254654537e+01,-4.501601202371507071e+00,-6.374406180620548312e+00,-5.586205042585680403e+00,-8.247975210043927419e+00,-1.029456750814490285e+01,-1.404708543355491024e+01,-9.445971086591679722e+00,1.422863537926158939e+00,2.972591532080143262e-01,5.784396823806960519e+00,-5.233093204681853017e+00,1.777269973448238449e+00,-3.581879717216112535e+00,-1.249121409041302400e+01,-1.189748575982378220e+01,-7.000326978287240820e+00,-9.664746772204043879e+00,5.404579401279814732e+00,4.598532813980326095e-01,-7.945651470804305561e+00,-1.102599157686949383e+01,-7.934229296512615548e+00,-8.445736795272585695e+00,-1.077167219266437925e+01,5.032488848299538908e+00,3.921009357835098630e+00,-1.325987466028111905e+00,2.845852793985875762e-01,-5.557442739384855557e+00,-6.305340597790594082e+00,-3.931616404942582133e+00,-6.847199326016551346e+00,-5.997209297848292486e+00,5.092871679405215346e-01,7.466331250195541891e+00,-4.333379661468781840e+00,-9.930695583220769507e+00,-7.357958779701761820e+00,-2.899043906669187542e+00,2.810171410734207065e+00,-5.320136562198999997e+00,8.519434229687232740e-01,2.619981004218017606e+00,-8.772097899234291063e+00,-4.416663885819930080e+00,-9.155951143351884980e+00,-3.233393455287285612e-01,-6.389836073956838725e+00,-1.156017680730871300e+00,-3.149892507331116143e+00,-5.490947263540507883e+00
-3.574529263806951906e+00,5.464763668903796834e+00,4.200167186186098078e+00,7.877391532505408911e-01,1.588485994774588295e-02,2.890799107146129643e+00,-3.685223263946243222e+00,-2.859423078321536860e+00,-3.663457884518031005e+00,-5.050327179966179081e+00,-6.577960816199851513e-02,3.628312443841928303e+00,2.635882965440668801e+00,-6.690831622901853848e+00,0.000000000000000000e+00,-4.962437133988571780e+00,-1.993611015516340679e+00,-1.010424094558989694e+01,5.047938478703830611e+00,-3.601320792249175007e+00,2.257320976651669309e+00,-4.828957524778423327e+00,-3.169532775522068135e+00,-7.531701495610044539e+00,2.000326110105696387e+00,-5.373171075333265101e+00,3.979631243062285328e+00,-1.110828867578795398e+00,-2.347144859523377036e+00,1.832968654604955505e+00,3.779552565539332498e+00,6.761152082287967602e+00,-8.599976924791054245e+00,-5.736200933430964710e+00,7.944056411513048310e+00,2.037386446936299222e+00,-3.215203115522381694e+00,1.037226618092586428e+01,8.610392617067438081e+00,1.917650457012754217e-01,1.576453679987306566e+00,3.250344907686013585e+00,-1.854588954717466320e+00,-3.365106803872257024e-01,-4.024212883138732266e+00,-6.536776513661471277e+00,3.046612760106744755e+00,6.390510693627218686e+00,-6.225307799977385592e+00,4.391787941016627728e-01,5.398446213745996758e+00,2.141350455784838847e+00,9.283180851383729504e+00,2.624210839410869411e+00,-2.452338567933432856e+00,-6.943567637202404441e+00,4.824880260185759440e+00,6.728859829205249277e+00,9.642149356509229108e+00,5.897215661574502832e+00,-5.011709261029588802e+00,2.954184873168850700e+00,3.112155084683549067e+00,-1.318405597707889232e+00,-2.477491085261394943e+00,-2.325268764934167731e-01,2.359497417893746896e+00,3.442112080863958923e+00,1.580057246900702372e+00,-6.896975409461596485e+00,7.240026319642542951e-01,-4.110664138393666178e+00,-1.018239024010275218e+00,-1.684879810203114392e+00,-3.488781047850219252e+00,1.078116018739546211e+00,2.922996007198182866e+00,-3.630943729290392885e-01,-9.020629598747492039e+00,5.087995379343481339e+00,-3.181151362686761352e+00,-7.320999876883037771e+00,7.807947806956587744e-01,1.281507097700636599e+01,-1.057914730420821847e+00,-3.943631710164084314e+00,-1.256203014929283057e+01,1.225218320036716713e-02,-7.195511866544131996e-01,-1.012416387282049079e+01,4.048198666372816668e+00,7.875471388421731334e+00,1.539957301844170567e+00,-3.965568019829050161e+00,-2.663275209773084962e-01,3.931220757609965588e-01,-8.029237991136177754e+00,-3.209398480228962125e+00,-1.107237754979292221e+00,-6.173961202465765297e+00
