0.000000000000000000e+00,-1.224480269504645724e+00,2.040773074747307181e+00,1.976387065462623438e+00,2.068086690708831110e+00,-2.919301114032059719e+00,-6.127384986253304966e+00,5.079034397603200413e-01,4.173736757206470416e-01,4.788315514255424787e+00,-2.271443468687194267e-01,-4.598858199327542806e+00,2.213936917714048880e-01,-2.698076960177854033e+00,-3.883781675747428164e+00,2.420432465021577606e+00,3.925416384475994835e-01,3.235906638581469430e+00,3.642877660817029906e+00,-1.873498096240240995e+00,1.113080641463167986e+00,1.175066647581607837e+00,2.078708434815916828e+00,-7.725548260897351582e+00,-1.937413715427626748e+00,2.017121254892045579e-01,-3.138623819722607067e+00,4.213234210692626824e+00,4.237593126508229502e-01,2.833133952602095995e+00,1.716681534283219568e+00,-7.109437168615463654e-02,1.114587370480525585e+01,1.242616604243526046e+00,-5.505503222771961358e-01,-2.368069026441570912e+00,-8.942991831410541659e-01,1.562577125691678281e+00,2.657391902210515688e+00,-5.303781485676550833e-01,1.868251815460047816e+00,-1.435252882896210558e+00,9.058460259183110930e-01,1.962431020792850367e+00,6.232310684732873973e+00,3.146429100359729780e+00,-5.625017066077835359e-01,7.118552041220194138e-01,1.289703449798391022e+00,-1.738467374189829107e+00,-2.400786295945569471e+00,2.171952597917813588e+00,-3.662477302205119134e+00,6.263249127846034270e+00,-1.739187606816556153e+00,-5.405465476582923756e+00,-3.727705282242981255e+00,4.402701328284769566e+00,-2.971787045533715421e+00,-1.596029088355487513e+00,2.278560296641651828e+00,-3.966287109680409539e+00,1.234551551764448751e+00,-5.332079904509180679e+00,2.262742950650304397e-01,6.473358460553453320e-01,-8.424412818887878629e+00,2.479185919333079802e-01,-2.732913062087087397e+00,-1.973203286385301514e+00,7.775309187827383894e-01,2.332085898483254649e+00,2.939277624451813509e+00,4.550737407908426180e-01,-2.912138500949476683e+00,4.354920963592182614e-01,8.730976287950559467e+00,2.878527883600006110e-01,5.586457854277060875e+00,-1.372321487256847661e+00,3.867896816302744956e+00,-1.730914893746126948e+00,-1.708242076327205039e+00,3.453838645031491961e+00,3.324599822010853689e+00,-1.623076017944667271e+00,-2.199886315183243291e+00,9.323496139175294628e-01,-2.621900907141195614e+00,-3.744175254620424553e+00,-3.058540304166686846e-02,-4.552206357260070391e+00,-1.382317924681880195e+00,4.950418358287469012e+00,-3.956251274024580766e+00,-1.532384365038308160e-01,-2.139469691311354005e+00,-2.002890331814290437e-01,3.287104046829576465e+00,3.893475115004031983e-01
-1.224480269504645724e+00,0.000000000000000000e+00,7.051843901829352168e-01,-9.545809770729258403e+00,-4.536034347816806367e+00,-2.412104871004002504e+00,-6.654934724435070059e+00,-2.056609267190518953e+00,1.611185579413858759e+00,-4.821361342267183048e+00,1.677512748179880830e+00,-1.127667051385680175e+01,-1.092858077391646887e+01,-6.417904145244333058e+00,-5.151004315366941810e+00,6.132738789278978642e-01,-3.604097406822609706e+00,-7.988929644655642370e-01,-6.840447508067351912e+00,-3.636077112355454055e+00,-3.217639483215933627e+00,-2.908035246629872450e+00,-3.082947868778740386e+00,-2.430189438951623870e+00,-1.883604775396181985e+00,-3.895419238110605864e+00,-7.478162628710421700e+00,-3.494450858731130261e+00,-9.693543775439986021e+00,-4.285845976834496973e+00,1.179021071370704776e+00,-5.143863392634258958e+00,2.490986168327110395e+00,-4.872262698410622761e+00,1.620214377985266019e+00,-6.446513900672004915e+00,-4.470314994102380979e+00,-4.992933940893965250e+00,-1.125381660041298559e+01,1.423215916828291794e-01,-3.464018022606022651e+00,-5.147297298716173586e+00,-2.508868492840935271e+00,-2.799657862409183906e+00,-2.792339581560333794e+00,-5.448426958584197344e+00,-4.199728101597429486e+00,-6.477276023976119568e+00,-2.716859177914239254e+00,-2.994020087532077046e+00,-5.132039968789077200e+00,-3.782199894768304205e+00,-4.188516570976475784e+00,4.957200612630361380e-01,-9.109381787617534698e+00,-3.274152796396546883e+00,-1.660180858659689562e+00,-3.699363928644842758e+00,-9.648165034589966993e+00,-2.660828761562693323e+00,-8.354077740964896748e+00,-8.127325090058016954e+00,-9.524075009274088899e+00,-1.111894023915033713e+01,-3.081457867494818537e+00,-9.505800102165130383e+00,-3.392747893776310253e+00,-4.998228649979962412e+00,-8.075288498524875180e+00,-3.894107174848923769e+00,-2.632989978510377416e+00,-5.560817798755075536e+00,-3.032876668358389871e+00,-6.353447910915591024e+00,-8.772949187773077639e+00,-8.971612301037925619e+00,-8.381392963933025353e-01,-3.540558543636631583e+00,4.549482698261982705e+00,1.414518474934081782e+00,-2.722884214631061006e+00,4.918951218569084460e+00,7.283392689270896669e-01,5.715488467591863575e+00,-2.705763374952433242e+00,1.691447114817021813e+00,-5.269375658498806736e+00,6.332851788666083337e+00,-6.139812505109893515e+00,-1.850329344047127789e+00,-1.144522209721435679e+01,-6.658949340163121455e+00,-1.274049366109230519e+01,-6.953949674379360069e+00,-1.244138216718953593e+01,-9.788497343233386161e+00,-1.015266553844116260e+01,2.948798733302320674e+00,-1.460949798713956582e+00,-2.328144893778326008e+00
2.040773074747307181e+00,7.051843901829352168e-01,0.000000000000000000e+00,-2.033261888186183697e+00,-1.585370758185573159e+00,-9.593407429118443464e-01,-8.487723235958517520e-01,-6.711921555438141951e+00,-5.972377540121172501e+00,-5.636935457389959936e+00,1.182113916508789941e+00,8.491747141125584319e-02,-1.297630056913289565e+01,-2.506261415467587739e+00,-6.789721027060662273e+00,-2.130126110248424798e+00,-3.606941971078388320e+00,2.630481068032035186e+00,1.467503691109439679e-01,9.226529702166545999e-01,-1.658401775318298021e+00,-1.769562274635019694e+00,3.238683994111657860e+00,-9.821216821264818764e-01,5.884753344145094572e-02,-4.365160239449530799e+00,-2.268083938579514847e+00,-6.179272796451273031e+00,-2.256785020213473825e+00,4.252411133109180064e+00,1.075050944243682638e+00,-2.293937888945909442e+00,-4.893362825576981656e+00,5.723264994051797672e+00,4.325954243924289955e+00,-5.129862333661934670e+00,-1.374948774522264661e-01,3.587473147167283966e-02,2.226390044014384895e+00,7.164806650169789570e+00,-9.779701512774594541e-01,-2.225874290676573164e+00,-5.490421059201699094e+00,1.135882051064214110e-01,-5.280630533677415528e+00,4.004409386475535015e+00,-4.025529357004440811e+00,-9.298790182976865992e+00,-2.092716979852458914e-01,-2.944803939173362028e+00,3.399959679813577273e-01,7.143101248554056815e-01,6.484325774963417999e+00,-2.689490341141140828e+00,1.108966906317381707e+00,-4.165911658477033264e+00,-1.889744834191330547e+00,-9.977991935290870806e-01,-4.511968396391417002e+00,5.121233714589653374e+00,-7.676096028330634091e+00,-2.569591423125622942e+00,-6.505727061881724893e+00,-6.912274806605716471e+00,-1.927457627138710050e-01,-1.684470772394878191e+00,2.140604130240974512e-01,-5.002564896203633538e+00,7.335535186518495010e+00,3.211259008820035010e+00,3.422828797495299558e+00,1.259029393509498540e+01,5.713317851870947095e+00,1.503607069232194116e+00,-7.760325756252739460e+00,-1.493592924075464179e+00,-6.203786125776717952e+00,3.741845102458107863e-02,-2.008280407727631278e+00,-4.022517893127198541e+00,1.633685427803126977e+00,8.641401580521860026e+00,5.755415020747171040e-01,1.459673958347585287e+00,-4.789034371517215227e+00,-1.726404345585444977e+00,5.930897863846750440e+00,-7.522150933933856365e+00,4.438905982903604830e+00,3.694830445992755674e+00,-4.615092721283199917e-01,-8.528801182706251538e+00,1.656698132436172921e+00,-1.869341498771809773e+00,-2.396767963986540462e+00,7.340018750052792029e+00,-9.827282748057089012e-01,1.251912442705761797e-02,5.207575725088983809e+00,-4.378373332390870232e+00
1.976387065462623438e+00,-9.545809770729258403e+00,-2.033261888186183697e+00,0.000000000000000000e+00,4.287724127859775969e+00,-7.742041151376304331e-01,6.491051885409980571e+00,-5.815238532580919717e-01,-4.727833787732415027e-01,-9.004572597162574521e-01,1.121737369391808903e+00,-1.718708509123603623e+00,-1.389808256280814502e+00,2.383472238679704258e+00,1.070689865121440709e+00,2.954919489600259741e+00,3.833804949742134038e+00,6.547757892079030917e+00,4.099311163835641092e-01,-5.664214821114160747e-01,4.109617601718216218e-01,1.274849248195415674e+00,6.452355135643093931e+00,1.105899758327821658e+01,1.245544231022914783e+00,1.477031112374572297e+00,-6.240546635350515459e+00,-3.017258452822675352e+00,-7.812626865938476328e+00,4.196181512549374548e-01,7.587529436949172812e+00,-3.548853956560357403e+00,3.931169473212547949e+00,2.005052386097951445e+00,-3.322200311780076465e+00,-4.830705246005672082e-01,-1.743375095881990022e+00,-2.644302809865727522e+00,-3.326431664333133753e+00,8.426923993856290096e+00,-2.245603825342937121e+00,-4.793149205608401076e+00,7.778975012951910850e-02,-3.079471757598713832e+00,2.177712699364712456e+00,-8.742100748334161509e+00,-2.716866919234757205e+00,-4.410851531636174272e+00,-4.899085202674307915e+00,-5.454214874616917896e+00,-2.850623485465068274e+00,3.672488358379029538e+00,8.426835484300123635e-01,5.814947958809002948e+00,3.616154081058123637e+00,6.810589906341399491e+00,-5.601715523576306310e+00,-2.641856721645726491e+00,1.184876210953460518e+00,1.508265723223093380e+00,-4.067609254865706347e+00,-4.077794549773006594e+00,-3.148226877618699238e+00,-3.987300471891489728e+00,4.231787507222921185e+00,6.515672697394700563e+00,6.932461989742781050e+00,3.654700318093595968e+00,-4.882869694290722928e-01,3.309264675748927687e+00,-9.322060816588004784e-01,3.555653801465962438e+00,4.659820943260080561e+00,2.762622514988164024e+00,-2.066053053597017575e-01,-2.102403927858961796e-02,-5.409009150426974166e+00,3.626263835974725236e+00,7.439735010764997547e+00,-2.791122914507731423e+00,4.201045919477687240e-01,-1.559366601815166842e+00,-4.419743684600876854e+00,3.302391382870911052e+00,-5.533657327363076917e+00,5.488019676643237643e-01,1.227621483330189944e+00,5.559620415045130493e+00,-2.461546840963452443e+00,3.663043212437724350e+00,1.778596387305609205e+00,-5.496029488275506747e-01,3.427430720920619844e+00,4.012458199354413391e-01,4.825504408157990532e+00,-6.894211955112955259e+00,2.683281632532583227e+00,2.243315227506792908e+00,5.340093354548255400e-01,-1.916626868595975752e+00
2.068086690708831110e+00,-4.536034347816806367e+00,-1.585370758185573159e+00,4.287724127859775969e+00,0.000000000000000000e+00,-4.193377370971967250e-02,-5.802712894088061901e+00,-3.812826563517337064e+00,-1.009652548115602499e+01,-3.141699254028284205e+00,3.319506825310761577e+00,-1.143316323457697692e+01,-3.904260788487809997e+00,-1.814523769115575780e+00,-3.185457406809788505e+00,-3.542437991872859460e+00,-5.057739868087825386e+00,-2.475543768595087180e+00,-8.006147354451798037e+00,-6.056799134826201580e+00,2.409589155723358633e+00,-3.336916960891985529e+00,-4.224862276827852092e+00,1.723212794143747173e+00,1.246591703989452293e+00,-2.475347461217346723e+00,-4.704731762950155272e+00,-8.587791821957717620e-01,-5.015820766322730329e+00,-2.882387538304505448e+00,-2.888708641406725341e+00,-3.731432084125266169e+00,5.250376357428642393e+00,-3.746208761958719435e+00,1.143415847138943509e+00,-6.128056584546445862e+00,-1.486963184015970496e+00,-7.742589421307558339e+00,-1.020192676691388023e+01,-4.062489350045989767e+00,-2.857642808362136577e+00,-2.278798258796224108e+00,-2.082190056050950311e+00,-6.953053101154966775e+00,-6.739971397812920983e+00,-1.014860029403403097e+01,-7.178496708808901339e+00,-8.101216345468797542e+00,-4.951394597346004289e+00,-7.560464057220235290e+00,-6.860117152696433962e+00,-1.205958009491418848e+00,-1.053704397455505060e+01,-1.020613091707029518e+00,-5.114251917996624819e+00,-3.407282287448690106e+00,-5.575055784693029537e+00,-9.914251604448473643e+00,-2.910390156763096758e+00,-4.873211324481077078e+00,-6.905419039995448927e+00,2.306907097018481956e+00,-6.549548086802110092e+00,-7.415872861514859193e-02,-8.146157345461874755e+00,-1.006488207274221169e+00,-5.088680184074894086e+00,-2.642190098117843888e+00,-5.878476055697322344e+00,-8.750750780480464286e+00,-2.952415260504198447e+00,-5.704288142377185622e+00,-2.741263872910127297e+00,4.168753390067573505e+00,-5.566170506591705980e+00,-1.392601000537981193e+01,-8.992979365284185178e+00,-6.298035832221982488e+00,-9.681019095304521649e-01,-2.957381794570458577e+00,-2.136852596563834084e+00,-3.362154918244040225e+00,-6.994049427704151611e+00,1.828309625318419673e+00,-6.437340753010096783e+00,-7.302590278902159060e-01,-7.067503656712228910e+00,2.832858569898386580e+00,-8.932979634634302002e+00,2.789733220717412365e+00,-8.758062914979953817e+00,-1.831664547001979448e+00,-1.357310359437178171e+01,-6.879445564298755089e-01,-9.674536614077283048e+00,-1.273967332626947346e+01,-3.901154106415832268e-01,1.878678848837825210e+00,-4.686950182539805887e+00,-4.041622611285789368e+00
-2.919301114032059719e+00,-2.412104871004002504e+00,-9.593407429118443464e-01,-7.742041151376304331e-01,-4.193377370971967250e-02,0.000000000000000000e+00,3.989575405724615109e+00,2.692335325166125948e+00,-2.353074255216516253e+00,-2.980444782141004723e+00,1.178638672791350928e+00,-7.893143133516113075e+00,-9.426286113468982819e+00,-1.646935572186473795e+00,-7.128739798711745124e+00,2.660054791668917673e+00,1.412136934182914194e+00,8.928213379694877050e-03,-2.288382700831651739e+00,6.052284783429907833e+00,5.257032878977888402e+00,-1.298245930073889109e+00,5.269825230956599604e-01,-1.596944050157300676e+00,1.610223602464008197e+00,-2.373648982090722726e+00,-1.391463576244280187e+00,-3.929675409373660777e+00,-6.553212902427265618e-01,1.215593974798014187e+01,4.762262527413645863e+00,-1.912020730919241629e+00,2.089048148167810037e+00,2.580283075296552209e+00,2.216124780004915973e+00,-5.067984959035929826e+00,2.112429039895324934e+00,3.247960579180225515e+00,1.722799945041867176e+00,3.749850218878971297e+00,-3.088889013503368641e+00,1.832442139755986688e+00,-2.362830632487664673e+00,5.932979036801534711e+00,3.188627996319183922e+00,3.445692633137189986e+00,-6.120369530344029307e+00,-5.295187407951378766e+00,1.815212445358560966e+00,-3.717191115074239272e-01,-2.833596959083510392e+00,2.407919986750265195e+00,3.407777641841386096e+00,4.128086997931771585e+00,-3.532250504635584765e+00,-1.005903077593756301e+00,-2.945826161387745667e+00,-7.114480941016851356e-02,-4.380650625924955577e+00,6.283198465686427703e+00,-7.658236420901689989e+00,-5.643820302097816821e+00,1.293794531826627514e+00,-1.059722925052258446e+01,-3.470996231834576395e+00,-2.505371075774584622e+00,9.348395876369555157e-01,-1.514849749515370769e+00,2.683773804626012005e+00,2.458823103104913699e+00,5.290499795629425073e+00,3.347048355340131121e+00,7.393886313331170079e+00,3.745564604218340143e+00,-4.916299721581481208e+00,-9.742781895762888666e+00,3.923293666383742551e+00,-1.038052344128125304e+00,9.232724001475913767e-01,7.881877810946320562e-01,4.401199418340825176e+00,3.853916748774069312e+00,2.693316009352930251e+00,1.154248894329544761e+01,-1.615827521260933874e+00,4.472176395505075064e+00,2.249356913487216003e-01,-2.041374616047514134e+00,-1.756945486819027957e+00,-2.514003720375562745e-01,-2.519366999701448506e+00,-2.746993841875695175e+00,-1.053103290199766118e+00,4.927254104637756704e+00,1.737217983880205707e-01,4.939962984532451640e-01,-2.161892071179317032e+00,-3.889137428757325488e+00,5.995572176970338063e+00,-2.947252068663032687e-01
-6.127384986253304966e+00,-6.654934724435070059e+00,-8.487723235958517520e-01,6.491051885409980571e+00,-5.802712894088061901e+00,3.989575405724615109e+00,0.000000000000000000e+00,6.090923360840375667e-01,1.953886746274102082e+00,6.609862596229502785e+00,6.180162202285899298e-03,-1.261094342602409935e+00,-9.064386162459838747e-01,-6.660218239134694684e+00,-3.667022420500554603e+00,1.126057397984589148e+00,-5.792597751083468083e-01,-7.766042243080709673e-01,-7.143222000010923445e+00,-1.938340663823103327e+00,-4.509695669881187974e-01,-1.048218147007590240e+01,-6.169633536937144669e+00,1.825015065576652828e-01,4.435442922835429513e+00,-9.766005017167552760e-01,1.864435759925707314e+00,2.898453760649143618e+00,-4.350713674794791430e+00,-1.754523036089774113e+00,6.866165577375269002e+00,2.792065025976320225e+00,5.513798249787354777e+00,-9.966667187416549112e+00,-3.419928746683626564e+00,-2.610276718491069570e+00,9.155776444618088927e-01,3.237590225451916215e+00,-7.857436276069229564e-01,9.761196330995842996e-02,-2.479274357166934895e+00,-7.172679077715882201e+00,-5.476353459323266115e+00,-1.421194245542202417e+00,-1.473239171658930147e+00,-1.106475950933223151e+00,-5.920938113859622653e+00,-3.421384060914567371e+00,-4.001363406563581471e+00,2.064738546742416414e+00,-7.783077127191722511e+00,-8.505594278318903689e-02,-7.087765243652928149e-01,8.497982917858901142e-03,-4.386167624444709645e+00,-5.583609263509624610e-01,-5.378909596684793293e+00,-2.047731043379271032e+00,-5.714531577945566321e-01,4.571503394191046565e-01,-2.708736557269193046e+00,-2.753198263524251566e+00,-1.922660614528268752e+00,-4.191706862993267002e+00,2.040879069936162526e+00,4.869472054233142444e+00,-5.322617576233997561e+00,-9.707261270290782340e-01,2.843614280904366964e+00,-1.393457502370101020e+00,2.254944153552048469e+00,-4.512676218846171650e-01,-5.922341177129857026e-02,-3.097569338088841939e-01,-4.448199056239081628e+00,1.329408072198768220e+00,4.917574827629341172e+00,8.736579585853079255e-01,1.100515263641061203e+01,-1.642383923832841042e+00,-1.748579166222815395e+00,2.417839673106867870e+00,-1.159037556500919885e+00,1.299515924983408954e+00,-1.287139183845223966e+00,-9.820940704556432865e-02,7.763742105866434429e+00,1.097004219045799545e+01,1.597242131881886573e+00,-5.607500150522174209e+00,-4.798127072504241752e+00,-4.417049609844972302e+00,-6.089543834704794101e+00,-4.971308044284561412e-01,-8.267314272721108637e+00,-4.994956562476201789e+00,-8.968903219402641014e+00,5.259291739963065648e-01,1.172255639874058675e+00,2.606450158733088163e+00
5.079034397603200413e-01,-2.056609267190518953e+00,-6.711921555438141951e+00,-5.815238532580919717e-01,-3.812826563517337064e+00,2.692335325166125948e+00,6.090923360840375667e-01,0.000000000000000000e+00,3.295232726718165583e+00,6.964047465740607734e+00,-4.680062399732845435e+00,-7.751371350349806733e+00,-5.738346601355656773e+00,-5.172806247173714844e+00,-5.447748720959386226e+00,-2.919933345483629150e+00,-3.102611146918844431e-01,6.975110023132765624e-01,-3.531605672174684241e+00,-2.548999243138766246e+00,-2.035801276119048264e+00,-1.076865400859690247e+01,-3.828790312819746688e+00,-2.703796499056158709e+00,3.281565759889264910e+00,-3.362823594601333177e+00,-2.188507491734594801e+00,2.202517909018263609e+00,-9.136571870465830969e+00,-4.949821012988715907e+00,-1.789932359536525297e+00,7.479216698595815949e+00,1.295683491144931754e+00,-6.904760979711262792e+00,-5.868385070488357336e+00,-3.295795383300403003e+00,-1.624719544049007203e+00,-1.286360668425952758e+00,-1.558771138015593083e+00,-2.499820324245164205e+00,-7.311719040680238813e+00,-2.096574853802279481e+00,-5.871021305493751896e+00,-3.407928145544173670e+00,4.218589267147740074e+00,-2.162093668847516525e+00,-4.624658572263430578e+00,-3.932230873509102942e+00,-5.571121579437532390e+00,-2.090268385260302342e+00,-3.508685176152068763e+00,-2.507628469233761592e+00,-2.439797981644427960e+00,2.703237840790671420e+00,-3.168894362950926524e+00,5.247306048276188406e+00,-6.869775082259613974e+00,-1.773067399961363311e+00,-3.370533830793439822e+00,-4.507521136903994474e+00,-1.551308406974150067e+00,-5.383712858023103287e+00,1.294635954747003881e+00,-2.747745667702446770e+00,5.974692908287334570e-01,1.475626730753286431e+00,-6.144174187602213344e+00,2.325338605644219625e-01,-1.046390762667158469e+00,-3.354870416046500381e+00,-4.768589809347024477e+00,-2.750619491440476905e-01,6.034220543641433565e+00,-4.984399144031043782e+00,-3.646448259995758168e+00,-6.275980120606474699e+00,4.459855799027080181e+00,-4.473378857100331452e+00,4.717917696272619921e+00,-3.971166262154256277e+00,-3.735589037973822968e-02,1.205447527004574360e+00,-3.910688434958478066e+00,-3.452701310422352510e+00,8.373223659941722019e-01,3.622729486651194986e-01,4.539015306553668694e+00,3.787285413785522969e+00,-8.902950135437117662e-01,-2.082294147192436107e+00,-9.155813259547484151e+00,-1.390540152397377716e+00,-3.646396611397326737e+00,-1.090126814244981590e+00,-7.798957678579190755e+00,-3.913533077636406343e+00,-7.790579683965761504e+00,-3.075762657651871734e+00,-2.370380098099849953e+00,-4.272285061680197948e+00
4.173736757206470416e-01,1.611185579413858759e+00,-5.972377540121172501e+00,-4.727833787732415027e-01,-1.009652548115602499e+01,-2.353074255216516253e+00,1.953886746274102082e+00,3.295232726718165583e+00,0.000000000000000000e+00,2.278647954024786149e+00,-7.030633866392499431e-02,-4.077131781586106563e+00,-6.806723846601910211e+00,-3.781339380854301879e+00,-1.116394140736722385e+01,-1.885303814389964305e+00,-1.798903786174466113e+00,-2.357224590962234245e+00,-1.285121779421107169e+00,-7.643092050652865455e-01,8.146838661685151806e-01,-8.123764962255403788e+00,-9.716537944012051398e-01,3.708240289870049722e+00,4.296470915361861209e+00,-4.487871875087770412e+00,5.513873116922050066e-01,1.426905561207579831e+00,-4.507268805455375116e+00,-4.557131885903562996e+00,-6.666998579967732930e+00,-2.793720456960054666e+00,2.912178365612083208e+00,-1.192485554998215136e+01,-4.294018273700819677e+00,-5.044531864078399153e+00,-4.068580701941601596e+00,-2.445164491086647907e+00,-1.828370328295942857e-02,2.208117145636607770e+00,1.412813092009675309e+00,-5.928084987920102300e+00,-1.489362397211487998e+00,-4.570039205350287403e+00,-2.407438481234822181e+00,-3.277960359993052908e+00,-2.125408774867002665e-02,-2.035591015781868407e+00,-7.627034594663319567e+00,-1.878584420657259502e+00,-2.612096189708735139e+00,3.637460639246500982e+00,-2.361384793128423976e+00,5.253920150439061132e+00,7.362240167543740998e-01,-1.282724646333152974e+00,-1.241351176301184189e+01,-2.168134417204556463e+00,-1.735145326978809521e+00,-3.374153595618293533e+00,-7.440968481220354036e+00,-4.484036345329746709e+00,-7.095524662731444110e+00,-6.137842726426671724e+00,2.434863704011397179e+00,-4.899333223343398380e+00,-6.133984938839018852e-01,4.035064923739987819e+00,-4.335724392600378785e+00,-4.252811056039031534e+00,-5.945529989691278328e-01,2.175004445245459106e+00,9.318937538933128595e-01,5.826062343956816214e+00,-8.156604317935785886e+00,-3.837933301744093306e+00,-1.589598647752190397e+00,-9.367697845637855680e-01,-1.551073288621070523e+00,4.771427878968919956e+00,-8.688077674545401363e-01,-1.355924036302831315e+00,-2.550408271837001806e+00,-4.728953219459736124e-01,-7.791667591248233826e+00,3.208093653411979718e-01,1.339660389831645260e+00,6.608299194364875895e+00,-3.048340688174819402e+00,1.235390131696844529e+00,-3.905277650199442174e+00,-3.541655237719995242e+00,-7.979821156098092505e-01,4.640116220846613793e+00,-4.526909883581693883e+00,-7.704915251587543423e+00,-6.459624988026551939e+00,-6.755002182074425487e-01,-3.309661087853370987e+00,-1.835582158204883241e+00
4.788315514255424787e+00,-4.821361342267183048e+00,-5.636935457389959936e+00,-9.004572597162574521e-01,-3.141699254028284205e+00,-2.980444782141004723e+00,6.609862596229502785e+00,6.964047465740607734e+00,2.278647954024786149e+00,0.000000000000000000e+00,-3.735603132046216857e-01,-1.517172744618261460e+00,1.176940791397531605e+00,-2.802444246756719437e+00,-5.366085954049151674e+00,2.185388753242171855e+00,-3.703178708600948443e+00,1.604469285230398334e+00,-2.042399885782017588e+00,-2.651547515161572388e+00,-1.374688839122632800e+01,-3.855978627056543928e+00,3.252770390992519300e-01,3.328129026723746886e+00,-2.118091439221788441e+00,2.817206457430694755e+00,-8.277772485229462518e+00,5.052116521933337268e+00,-2.468097189512818979e+00,-8.215408185409047714e-01,-1.354055582226368237e+00,-3.554720508620237140e+00,2.065302184806553143e+00,-4.699592102064938715e+00,3.901148397799578671e+00,-2.167515519777090116e+00,-5.689129713761162499e+00,3.783742336348634883e+00,-3.827225976942149721e+00,-2.824106570966484764e-01,4.146405024982500187e+00,-7.708102641980218550e+00,-3.087501208252669826e+00,-6.465296411394195530e+00,-8.621523379656967023e+00,-5.853080118321480008e+00,-9.743823941787141396e-02,-1.204336851932347408e+00,-5.740103981006489775e+00,7.747921137443364303e-01,5.039537738061068417e+00,-4.852932773028071800e+00,-2.107957931877099345e+00,2.608232168942384854e-01,-2.735218133530328721e+00,2.137426819227570718e+00,8.960672817186406292e+00,-4.307662724125143061e-01,-5.715190009860619647e+00,-3.595316785567721940e+00,-1.477124191613946813e+00,1.257237052170820046e+00,-5.632062553548477624e+00,1.437980757079559524e+00,-1.634343461001639408e+00,-1.563003383769225874e+00,-1.349218637950397648e+00,3.731554422082677736e+00,-6.853532383367165082e+00,-4.940292312081628889e-01,-7.000721133340136682e+00,-1.926098222788356740e+00,-2.244530174244852461e+00,1.727444881321759995e+00,1.898771068002968132e+00,-1.313520320625817694e+00,-5.296809475653056154e+00,2.746276434746276252e+00,1.736797591699765109e+00,-1.410453085874948387e-01,-4.609580503221926556e-02,-6.072163582519957359e+00,-6.563533075482927970e+00,3.599647158317687001e-01,-5.173409799021420064e+00,-4.326685722596620209e+00,-2.483018850947925849e+00,-1.902354551985736331e+00,6.771498650781861972e-01,-2.264599523408417081e+00,-5.322972978674347377e-01,3.349956358753789942e+00,3.466815082077059795e+00,1.898617092499770509e+00,-6.408442262854706861e+00,-7.602063029264241045e+00,-6.166110128974407800e+00,-3.165559665472220008e+00,-7.114602585460358064e+00,-1.304607056313380919e+00
-2.271443468687194267e-01,1.677512748179880830e+00,1.182113916508789941e+00,1.121737369391808903e+00,3.319506825310761577e+00,1.178638672791350928e+00,6.180162202285899298e-03,-4.680062399732845435e+00,-7.030633866392499431e-02,-3.735603132046216857e-01,0.000000000000000000e+00,-5.577181139788841557e-01,1.004805978632018260e+00,-2.495221559822230206e-01,-5.567821213709700956e+00,-2.408501988548965578e+00,-2.517265763535611045e-01,1.831814027671868628e+00,1.871197734319213879e+00,7.801082978123002887e-01,-1.412326227200332074e+00,-2.560666959681642485e+00,3.357480726310875685e+00,-8.166877463380460833e-01,1.017369241820856907e+01,-4.033169500717506573e+00,-3.232717804229847669e+00,-1.390165837067228960e+00,3.469782897141586275e+00,-7.833786328591401116e+00,-1.142676440336668708e+00,2.859049299050083981e+00,-3.372131064896650265e+00,-6.480553740672146290e+00,6.904773320928651037e-01,-3.955045775640370298e+00,1.609462372211087011e+00,3.362374644618377317e+00,-3.808123971856882228e+00,5.162993500141969117e-01,-2.878723230665447996e+00,2.262690896903550297e-01,-4.502713601992565984e+00,-6.711609307857877127e+00,-2.253226025170806501e+00,-7.476254618616831493e+00,-6.628956874975746594e+00,-5.888118223495147907e-01,-6.609072533780345537e+00,2.156408754162883135e+00,-4.174041890515799436e-01,-2.799941411748687603e+00,-7.232396246840348653e+00,-8.146531006381227957e-01,-1.054547788865045455e+01,-5.672565428929964959e+00,-3.631688001596432347e+00,-4.031293890230934096e+00,-3.286646275253598759e+00,-2.972658708391475724e+00,4.551696275544030890e+00,2.336546682446259737e+00,-8.184356991583140228e+00,-6.073678133645742605e+00,4.411713438193224368e-01,-3.739208514425621743e+00,-4.330983615185338920e+00,-1.109123720892856602e+00,2.430992227563208541e+00,-3.200027140694647332e-01,3.692661989190335170e+00,-5.641154933300217555e-01,-3.888618338771281380e+00,-5.166264665899383601e+00,1.208310205716739555e-01,-4.404809373582745380e+00,1.624189334985626454e+00,-9.930905097589828756e+00,2.871364239476222657e+00,2.253864166597574936e+00,5.635209323536669146e+00,-4.445870924627560727e-01,-5.904053560694830338e+00,4.176076240275761187e+00,-6.354783042833381579e+00,-2.293746391368260973e+00,3.682241604760673859e+00,-1.087514314148134265e+00,5.496071939843708343e+00,4.134970579431381132e+00,-3.396722785960084590e+00,-2.077710776917666369e+00,-1.483109112534490293e-01,-4.768848486699345912e+00,-8.474952638598051147e-01,-4.865298351963659229e+00,-6.737091714805218068e+00,9.108140889421030284e-01,-3.809268421555984219e+00,1.804511283741587979e+00
-4.598858199327542806e+00,-1.127667051385680175e+01,8.491747141125584319e-02,-1.718708509123603623e+00,-1.143316323457697692e+01,-7.893143133516113075e+00,-1.261094342602409935e+00,-7.751371350349806733e+00,-4.077131781586106563e+00,-1.517172744618261460e+00,-5.577181139788841557e-01,0.000000000000000000e+00,1.247943917774003930e+00,4.970166610007641372e-01,-2.186637671849666287e+00,9.663627237816470483e+00,4.889278579482294163e+00,4.289156519988432059e+00,-3.242510840963815921e-01,5.212075532925175558e+00,-1.251768057949269597e+00,2.400997118908139605e+00,4.195942358840666353e-01,5.017692498222660724e+00,8.447793755053872644e+00,-1.719636288933922064e+00,1.467445286842099517e+00,4.121590280629356506e+00,-1.489421437126249081e+00,5.763692746324684535e+00,3.925411671410008019e+00,-2.162042583412974839e+00,-6.339147513965710523e-01,-1.923345320943977255e+00,5.796644963677314522e+00,5.946747320175978235e-02,7.893473111035618217e-01,-2.895946904282785006e+00,-2.564283683463546737e+00,7.189169820228601182e+00,-7.782020597879091284e-01,-6.952747128729311887e-01,-4.974841795593401450e+00,2.264685272837771546e+00,-1.386720158778919076e+00,2.397806960655527675e+00,-5.011712724872063873e+00,5.520954014648966623e-01,5.840022899425458824e-01,2.334344541714475085e-01,-1.409356531561265058e+00,7.214253877880779875e+00,9.379019553875341586e+00,7.176068633634442584e+00,4.275905076925630155e+00,2.182133852605682378e+00,1.074684167754782482e+00,1.649468139024688806e+00,-5.231576051505977265e-01,2.027685260772761566e+00,1.827500535746453547e+00,3.230599523078279134e+00,-7.117710305059243403e+00,1.050112702817417532e+00,5.466971586247409975e-01,2.567853472959471972e+00,-5.648894445152616850e-01,-1.659407917668888954e+00,-2.948497409820791226e+00,3.233999883424717670e+00,3.296368081033376196e+00,-2.139504470922222457e-01,3.440878173105106352e+00,5.819893832114345633e-01,-1.763868228134031435e+00,-2.857035560289117537e+00,3.381288448891183407e+00,-3.886782136518851516e+00,6.793667704237509319e+00,1.792937832393473041e+00,7.396054173521392272e+00,9.598901207482345432e-01,1.784271228411715260e+00,8.885017683784470321e+00,-7.790646154800727752e-01,3.763049605968046940e+00,-3.033798055054403253e+00,-1.187243273972100610e+00,2.634429252116708753e+00,3.881091199173536399e+00,-1.199397879939702483e+00,-2.765219365619487668e+00,4.927617133234091007e+00,2.959819358791931698e+00,-7.605440360038228098e-01,-1.585783695062913168e+00,2.571691487439911494e+00,5.028362856549534854e+00,1.025954178370433317e-01,-1.769116453226723673e-01
2.213936917714048880e-01,-1.092858077391646887e+01,-1.297630056913289565e+01,-1.389808256280814502e+00,-3.904260788487809997e+00,-9.426286113468982819e+00,-9.064386162459838747e-01,-5.738346601355656773e+00,-6.806723846601910211e+00,1.176940791397531605e+00,1.004805978632018260e+00,1.247943917774003930e+00,0.000000000000000000e+00,7.811576121406774043e+00,-8.524046390085315394e+00,7.123674562276308464e+00,2.261501233750299100e+00,2.680268016313117840e+00,-6.095185573402858159e-01,-2.546076017360144217e+00,-2.363404113022789854e+00,-2.523888793350734794e+00,2.095415537812889140e-01,7.025409734270856577e-01,1.435156442889943262e+00,-3.006984610085206011e+00,5.158964879113349333e+00,5.743869884356961997e+00,-4.135282763016367547e+00,3.146292696587968507e+00,-5.211113406380079915e+00,-7.331066911988475265e-01,5.530524630418469201e+00,-3.242042938724114975e+00,-2.443029656669133853e+00,-3.973835329550754025e+00,2.669503144794707072e+00,-3.124052077467444288e+00,3.866111867618087228e+00,6.276611515685381448e+00,3.020906645177952932e+00,6.729063025129366160e+00,-3.706650878635257662e+00,-4.790333153040662317e+00,-9.011721485771820639e+00,-3.985792809398140957e+00,-2.918784638708861401e+00,5.266464080884949439e-01,-4.767628819820276753e+00,-3.048778249257708683e+00,-2.300909853240780123e+00,1.962372641837933918e+00,-3.491279974508985973e+00,7.448195991049791687e+00,1.474558109677631679e+00,7.358044191068167095e+00,5.878309444472871625e+00,6.025832153175391781e+00,-4.647624020072975148e-01,4.369429665781023875e-01,3.438508794328495544e+00,-1.401463406080017515e+00,1.285584164790232853e+00,-9.142551818495183724e-01,6.642252073682435309e+00,5.054526296261069307e-01,-4.926201496542508274e+00,-6.716455098311114646e+00,-3.842232032255672003e+00,6.368876883456559668e+00,-3.215690326511931207e+00,-4.569516691449049262e+00,6.162239860241465195e-01,4.137235814145513224e+00,-2.071329740896673322e+00,-9.428529517909476354e+00,-1.090192671800860991e+00,-2.102992506708961873e+00,3.183003375208348085e-01,-4.342563331960784187e-03,-2.106629908715603516e+00,-3.975855033048023124e+00,-7.736580994327081351e-01,1.252467675177193263e+00,9.257465410961108754e-01,4.194683469765013051e+00,-3.021678916237070744e+00,6.324867819332903984e+00,-1.184888254008569142e+01,3.584427960148567127e+00,-6.295511342504542807e-01,7.879426611440736028e-02,4.331497990919544350e+00,4.463047839688291774e+00,-4.721282710775713376e+00,-4.124097123244763630e+00,3.571688132153758133e+00,8.480570204246395960e+00,-4.626601923126514748e+00,-4.337268661196183039e+00
-2.698076960177854033e+00,-6.417904145244333058e+00,-2.506261415467587739e+00,2.383472238679704258e+00,-1.814523769115575780e+00,-1.646935572186473795e+00,-6.660218239134694684e+00,-5.172806247173714844e+00,-3.781339380854301879e+00,-2.802444246756719437e+00,-2.495221559822230206e-01,4.970166610007641372e-01,7.811576121406774043e+00,0.000000000000000000e+00,-4.730583921763340527e+00,7.583537500582777646e+00,4.552302134581588389e-01,-3.793417451112642613e+00,-4.490791098030664230e+00,3.665914084522590599e+00,-6.571305584756423901e-01,-2.921129607697146913e+00,-9.736077593093533933e-01,-2.391885441507426435e+00,5.939091868023236742e+00,-8.103671240635095252e-01,6.717013428226721594e-02,-4.624337114576856145e+00,1.273937309791496553e+00,8.522455442834522277e-01,4.377317130014888313e+00,5.900813979554039967e+00,4.011765628336281253e+00,7.005438624148733195e-01,6.236985100076712918e+00,4.939929520181565614e+00,5.736124672710712913e-01,4.605726553225764519e+00,6.896337018496480731e+00,8.500563589400023545e+00,6.330424355456769625e+00,3.939222522036027740e+00,-3.293431561068894453e+00,6.250724674430872874e+00,-4.008489922120628712e+00,1.706790305476741099e-01,-7.317134100686596421e-01,-9.486573115463430739e+00,-5.002104531807861632e-01,8.674718156904072330e+00,3.792716200786395042e+00,1.288843436015664201e+00,8.609998860773339091e-01,-2.178242017740405601e+00,-3.949865925306434100e+00,3.034100040878107141e+00,5.306203982227255977e+00,-3.297702115689202795e-01,-7.740258055719616337e+00,-2.242758202054266015e+00,-3.214419771104032097e+00,-2.390515752367577962e-01,-6.856224397275405558e+00,-1.907523524816952198e+00,4.906634807829645339e+00,1.808370872201335855e+00,7.948370747798473523e+00,6.389581211895469792e-01,3.470571086712086029e+00,2.937095675629793678e+00,4.452357343790364297e+00,6.344830394804480633e+00,1.989790451929728476e+00,3.311317284225842705e+00,3.805114230434439193e+00,-1.827904764297383799e+00,-3.381422492763213050e-01,4.860578584461591745e-01,2.908484883648067232e+00,7.803257753693845444e+00,-2.579274970451984061e-01,9.391609503638344236e+00,1.650030828079490419e+00,8.826794123188292929e+00,-4.240588294531601576e+00,9.038045587225864708e+00,-2.053871872450837299e-01,9.072303304586448292e+00,5.715069834501953494e+00,8.204575597776566198e+00,-1.211923596451007556e+00,2.194443630304692971e-01,-1.949942125100365464e+00,-3.414442570940341870e+00,3.525940145840414708e+00,-2.570920493378091587e-01,-8.621558321781722656e-01,4.239458465605084214e+00,2.035024324626861336e+00,9.482930214491110732e+00
-3.883781675747428164e+00,-5.151004315366941810e+00,-6.789721027060662273e+00,1.070689865121440709e+00,-3.185457406809788505e+00,-7.128739798711745124e+00,-3.667022420500554603e+00,-5.447748720959386226e+00,-1.116394140736722385e+01,-5.366085954049151674e+00,-5.567821213709700956e+00,-2.186637671849666287e+00,-8.524046390085315394e+00,-4.730583921763340527e+00,0.000000000000000000e+00,6.659736982497793001e+00,-1.174776595803038587e-01,1.642246271256207146e+00,-1.695153039747253620e+00,2.415863524328810019e+00,-1.442124232057090616e+00,-5.478332347277204306e+00,-7.433308526655216797e-01,2.146741991094671675e-01,9.745831603592616688e+00,2.483159515477691315e+00,-5.282890382019580500e-01,3.109983591879730280e-01,3.986743289151152281e-01,-1.923881041775840073e-01,2.926135706255750257e+00,1.913037785266997304e+00,1.044415327730559540e+01,-3.215024747405355043e+00,1.199705660261100704e+00,6.041916139213759251e+00,2.157942902197798052e+00,2.979634712573138611e+00,-6.721852053320171994e-01,6.899264731068699419e+00,-1.452318117488501148e+00,2.118899591424852957e+00,-2.940214142630019900e+00,9.248559303328198311e+00,-2.078703275045864718e+00,-9.761870148914991718e-01,3.188554940303056195e+00,6.749361895414367207e-02,4.574647106698159327e+00,3.646280971445079899e+00,7.567527770317576064e+00,5.183199736711245009e+00,-2.055165746270235516e+00,6.081800111201681069e+00,1.196103203968191364e+00,1.141719200080417806e+01,-4.893625283648264990e+00,-7.760756748246953052e-01,-3.109996070569259752e-01,-2.588317368088311365e+00,3.138305291007223552e+00,3.007495651679565007e+00,4.678038072950419846e+00,6.185323098091053851e+00,3.317930765534892412e+00,9.615840199001289834e-01,1.925402910031143722e-01,3.013795437576465286e+00,4.872998231804724689e+00,-2.530413033430195302e+00,-8.128048626836821278e-01,3.957784717649376116e+00,2.754142914941902109e+00,1.013198035113174988e+01,5.474381728595461460e+00,2.176268281168992208e-02,6.247490845307583918e+00,-6.673912234405166011e-01,9.613994126643389038e+00,6.133743160034374142e+00,-5.569865149348639521e-01,6.468462818159560257e+00,-1.715354502093552891e-01,4.785849793760725390e+00,-8.639624665935540238e-01,3.043345928134958633e+00,-1.674634759760634806e+00,4.365456853691237704e+00,7.501621471330123248e-01,7.579896307309378578e+00,-3.415022395196625205e+00,1.983083862634077432e+00,-3.085948074981301747e+00,4.235626741936657780e+00,2.648998041653444435e+00,3.601764477508205164e+00,-5.987875944442381027e+00,3.301445512442736430e+00,-3.287472701420492083e+00,6.821804445494659142e+00
