0.000000000000000000e+00,-8.053781281917480328e-01,3.341752770253733740e+00,2.314695208568176454e+00,-8.590423359793691871e-01,4.411088005234120590e-01,-3.089520123798811913e+00,-2.251162888363499981e+00,-1.417337497850055916e+00,1.544316290038276973e+00,3.333612142640261400e+00,5.739075328311159518e-01,-1.882826105962560392e+00,-5.208888134222399380e+00,-4.952747242464573318e+00,-1.084552563123490909e+00,2.217614951626815323e+00,-1.622297517971608150e+00,-2.581655629312299638e+00,-6.543756220504448606e+00,-2.253860446530547179e+00,-3.736017121773564487e+00,-4.627516526029998190e+00,3.972438581813556802e+00,-2.027336815108920387e+00,5.433900258591054744e+00,-3.191810674627999944e+00,-7.647863186958682447e-02,6.935251852067002787e+00,3.168836021757415633e+00,-3.210030572366063151e+00,-7.155075482318873803e+00,-4.901767735827983863e+00,-2.672927362513497940e+00,2.576825120985000606e+00,-5.679491578390802431e+00,5.859823550603738163e+00,-7.678728151718729578e+00,4.680135385579284879e+00,9.446359325224456427e+00,2.672365793907929832e-01,-4.070529433952580489e-01,-1.550056311820633193e+00,1.270604123433909827e+00,5.765623625555097220e+00,-5.385375888227919461e+00,-6.838457866622886350e+00,-4.945042772717506807e+00,5.948917383756225696e+00,1.304502436083141148e-01,-4.328119838111172957e-01,-5.607701031494122468e+00,1.309297273555867447e+00,2.140405450438167101e+00,8.861218506360442504e+00,2.873207051766914155e+00,-1.142093701761219604e+00,5.059543879004030353e-01,-6.154333602863167663e+00,-4.382511542240989044e+00,-6.819369157349282951e+00,8.746405657140275958e-01,-2.968790663979927302e+00,3.807778494697151572e-01,-8.099601143173527085e-01,-3.750931986117494787e+00,-1.139889440876886928e+00,1.670835786712291160e+00,-3.546395457246858535e-02,-2.109605693524629455e+00,1.051326358734200106e+00,1.531614895969920065e+00,-7.102407586654948535e-01,2.436655070604512030e+00,-5.392835349559780056e+00,-3.869117636513629943e+00,2.718360254032100798e+00,5.947036989654260530e+00,-2.932970444944776656e+00,-2.080836338197223689e+00,-3.057184442126910540e+00,6.738578201898029363e+00,6.412921600062516880e+00,6.601311402073609003e+00,2.532666516258115230e+00,-1.482788879525018366e+00,6.810040757796101296e+00,-1.350907563181568793e+00,-7.430918028194605007e+00,-4.705868578612306230e+00,-3.616900889802545205e+00,-1.472617096000482517e+00,4.076303572214103887e+00,1.803078394152309194e+00,9.475914504602456212e-01,1.365611065724766870e+00,2.415726926691651233e+00,-1.776070524191194044e+00,1.429953596521207793e+00,-6.503723595649235634e-02
-8.053781281917480328e-01,0.000000000000000000e+00,2.266714591283745861e+00,-1.378351312328175204e+00,-5.651586027626004594e+00,1.244679734696071849e+00,-2.632964786449826011e+00,5.637705036121616331e-01,-9.895730715668451527e-01,-4.113154442180217529e+00,-5.790283559014310910e+00,-4.401468286054243784e+00,1.371117942901048270e+00,-1.005688653643139308e+00,-5.527777618070748744e+00,1.930354901040967519e+00,-7.494838794437836071e+00,1.145230609038645930e+00,-4.409307045471856590e+00,-1.457080749849933410e+00,-6.128633212878065173e+00,-2.933665784292903478e+00,-5.412215852630422042e+00,-5.991488130225502751e+00,-6.035594797909244136e+00,-3.510120653009693559e+00,-8.274759589406223137e-01,-1.317695704753687025e+00,-3.046130583055328689e+00,-2.398505760923449248e+00,-5.233066424475081746e+00,-1.434673278164744437e+00,-7.349312790367954484e+00,-1.346840556463123173e+00,-1.452654917618261265e+00,-5.759335828985999939e+00,-5.726492838304667821e+00,-9.218950260241314254e+00,2.747465722670128785e-01,1.117090340173710450e+00,3.358676560607287698e+00,2.348612959174739334e+00,-5.005109116746434772e+00,-3.462765721497021776e+00,-6.676224778922275505e+00,-5.115463619149580587e+00,-3.185622929452317287e+00,-1.351447053358405759e+00,2.085267858911476146e+00,-2.860613816431616385e+00,-1.511964414420211122e+00,-2.166390552250125001e+00,-4.210541700374364815e+00,-3.312612464177238980e+00,-9.699815999953591561e-01,2.553419400301701336e-01,1.270906693824852995e+00,1.476748824789977599e+00,-7.555687232040358303e+00,-5.687727057636278616e+00,-7.435509745006847915e+00,-2.715333456770949283e+00,3.039003676701287349e-01,4.019955411214111152e+00,4.061305415608178038e+00,-2.523661951457457420e+00,6.613897637023241849e+00,-7.294745930540959655e+00,-4.989833222435118287e+00,-1.529087219815383314e+00,-4.081765036108447653e+00,-8.087021584414291198e+00,-8.829981746137871568e+00,-3.654840462151322189e+00,-7.995146583878815605e+00,-3.856541483427164518e+00,-2.968036609089253375e+00,-4.565187838947641019e+00,-6.744983045658698551e+00,1.170115547761894748e+00,-4.789516048096498224e+00,-1.619004995653474888e+00,-9.255118779153834740e-01,-7.583930106641483704e+00,2.913585332794180749e-01,-5.116636044828276830e+00,-2.891951312172643007e+00,-9.330849324917648957e+00,-4.629972909582380503e+00,-4.891905106469839559e+00,-1.535828716981259556e-01,-6.992640182120636538e+00,-7.195063660471777700e-01,-5.064448911925891750e+00,-3.375614548399827886e-01,-3.172237864516993078e+00,-2.986923818995087521e-01,1.848945361825915068e+00,1.624429257914718150e+00,-1.221390451540268929e+00
3.341752770253733740e+00,2.266714591283745861e+00,0.000000000000000000e+00,-5.937055081485692831e+00,-6.329415400100204536e+00,-1.809445197653828608e+00,-2.608992411218482577e-01,-5.571467311542241951e+00,8.288671832637130032e-01,-2.206939443625261177e+00,-8.616389243032730461e-01,1.625105687487577111e+00,1.174742778415549083e+00,-2.095250790803380170e+00,-4.979999085250735646e+00,-3.344713557713459462e+00,-4.217643908193481117e+00,-7.833060788757348014e+00,-4.363649087898906487e+00,-6.113028654334573986e+00,-4.255503010170032852e+00,-4.191031716844991206e-01,-3.176224039303028768e+00,-3.498711356689655716e+00,-7.330634298109723446e+00,-1.963329796141695338e+00,4.940617203558049120e+00,-5.134181962777920383e+00,-1.211873106899072239e+00,-5.244690864508068096e-01,-1.555370464456102386e+00,-1.384039110445085186e+01,-2.596706768834472268e+00,-2.141310203382946753e+00,-6.663358583979945848e-01,2.153798471878508813e+00,2.884809654250836686e-01,-5.888586396181697324e+00,2.457841886242047025e+00,-3.268453627805426365e+00,3.862412019560588661e+00,-3.882561731482205403e+00,-9.505155305252045439e-01,6.176272409796794705e+00,1.766054756862049935e+00,-2.947703850140490633e+00,-4.692150590673253241e+00,-4.837148644128057562e+00,-2.728692456548905465e+00,9.054631782855515620e-01,-2.261223094081692142e-01,-7.525071887362750012e+00,-7.241173832640448893e+00,-8.990481622288873709e+00,3.286978003339318555e+00,-1.839073043795310003e+00,-7.436062975841942091e+00,-7.577495069620217016e+00,-4.838420720424772448e+00,-2.595131320082036730e+00,-5.439630155758600871e+00,2.403481937731357654e+00,4.577335716466267357e+00,1.884450075861093366e+00,-8.139550259484835681e-01,-6.760806604247296292e+00,2.695576650192731627e+00,-3.972187013062484784e+00,-1.467116982575313422e+00,-7.456222781246740539e+00,-1.625483353487954807e-01,-1.540922778708371021e+00,-2.352605432375559413e+00,5.604900709702726580e+00,-1.000712037953976719e+01,-2.930297082528900088e+00,-2.547140058680742225e+00,6.639324666259962537e-01,-4.727488479765510343e-01,-3.280351517506180592e+00,-7.617926703205050387e+00,-5.355080811901572480e-01,-1.972507455220934069e+00,-5.566842757837268785e+00,5.106812004808533034e-01,-3.894419647276127439e+00,6.056224762896462721e-01,-8.419260955587617445e+00,-5.712033773995884189e+00,-1.056908900056995559e+00,-4.743369753819973056e+00,-9.723503811952824094e+00,-4.231647414748969105e+00,-6.839394871987743763e+00,8.030032119488899056e-01,4.563034935341641507e+00,-2.337073313576057743e+00,-3.118994311892422822e+00,3.997441183859910208e+00,1.187216297961693590e+00
2.314695208568176454e+00,-1.378351312328175204e+00,-5.937055081485692831e+00,0.000000000000000000e+00,-3.997292964065338516e+00,1.603618853653038467e+00,-4.708754029970956267e-01,-2.904838094099711387e+00,-2.366990372780699570e+00,2.308679932347222685e+00,-2.129379865761462209e+00,1.884624712269669933e-01,2.355613600868392832e-01,-1.705316204016463999e+00,-2.139749660876480775e+00,1.957605645533476491e+00,-3.473368467175451890e+00,-4.898666047002255830e+00,-6.215794444464222579e+00,-8.345683916513692679e+00,-8.387843615005804443e-01,-5.748946389933548673e+00,-3.114499368957348135e+00,-9.806660761281388972e+00,-1.010931910311605009e+01,-1.200894864891658198e+00,-1.294603836579751199e+00,2.453352945229474447e+00,1.057313264270191011e+00,-5.155772498281652183e+00,-7.424821053534651494e-01,-5.093890895622225301e+00,-4.593512620046446671e+00,-3.077821000460075673e+00,-3.085540074358123164e+00,-5.844063795132750094e+00,2.151216789391168227e+00,-8.244705195733304848e+00,-4.465340337055539344e+00,-8.069918372334785595e-01,3.822416380720317974e+00,-1.159547015338658005e+00,-5.952901870152551567e+00,3.442307021766546349e+00,-4.549799212374223245e+00,-7.389213606680061552e+00,-8.977753922557209165e+00,-3.888218741078369067e+00,-3.188654359618862344e+00,-1.504286301707479012e+00,-4.883670818375851042e+00,-3.517945944318198181e-01,-6.820594842026025395e-01,7.196489468522825339e-01,-9.634784562460416701e-01,1.774143066010988257e+00,-8.911757196831930905e-01,7.057056998533997039e-01,-5.722295774241450417e+00,-1.888285816046632926e+00,-4.642687689962052389e+00,2.861347273548222048e-01,-4.253436872359880105e+00,5.556609982770520650e-01,-3.207793285015290596e+00,-2.921792286801386140e+00,-2.240520560481609635e+00,-6.250005546229856712e+00,4.923632244867469643e-01,-2.536899732461654899e-01,-4.359658014434981688e-01,-7.397081743215275118e+00,-3.617726247745457702e+00,-8.762749005554508752e-01,-4.701912396035193176e+00,-4.238409857175076567e+00,5.548417467366113520e+00,-1.052837581196304662e+00,-2.065432990770299071e+00,-2.842257077906424900e+00,-4.620836964725221208e+00,2.165319204742331749e+00,1.210283556666745142e+00,-3.536850177840742848e+00,4.644017972094047209e-01,-4.047004080033931750e+00,1.750120965625745484e+00,-2.416996515295070758e+00,-8.729924369715012844e+00,-5.237346842822985238e+00,-7.960243430311304991e+00,-7.716183683437644270e+00,-6.056701835287510605e+00,-5.281840135570350370e+00,4.144696580149338061e+00,4.618944030458472794e-01,1.596089309770974074e+00,2.649029545663352359e+00,4.989974336713763892e-01,5.848347689324221443e-01
-8.590423359793691871e-01,-5.651586027626004594e+00,-6.329415400100204536e+00,-3.997292964065338516e+00,0.000000000000000000e+00,6.516795051622610302e+00,2.443700662198726725e+00,3.695318415890479713e+00,-2.113075989141662614e+00,8.373427844462666414e+00,8.099188509080480713e+00,8.350019995508839443e+00,8.362470884126294024e+00,3.367748515798154152e+00,-9.808339890272280703e-01,-4.378718590525043641e-01,-4.522210586295524193e-01,-2.134015667794281867e+00,-6.986900828359412507e-01,2.739320485171169217e+00,-3.977897082297528364e+00,4.385557214815987592e+00,2.332697779508501323e+00,3.144356217093786210e+00,3.230601850308957301e-01,6.064480964596902446e+00,2.836138737074554328e+00,7.516051749887398437e+00,5.032703390770244312e+00,5.172021188588156626e+00,-1.360591499236724733e+00,-6.981900919841660391e-02,-4.401450530558614460e+00,1.138203281828314761e+00,2.114419872371315456e+00,-1.244737682377475174e+00,7.528320462245021716e+00,-2.848063645299232949e+00,8.392129843740663731e+00,3.420874974444158667e+00,8.938931291220320929e+00,6.968540499432044122e+00,1.801614932495920751e+00,5.703401951237718315e+00,4.216029129049308821e+00,-1.443755987795171336e+00,-1.075542703036703962e+00,3.447749900693834579e+00,6.706486619452330267e+00,6.902027206086897237e+00,3.702783319099422599e+00,1.714978042586525975e+00,3.951078560035049314e+00,2.782499416407317572e+00,5.124684583954158157e+00,3.355821076157711857e+00,2.034299902655715364e+00,3.295955410173358135e+00,-8.430471920899758054e-01,4.249278938591401211e-02,-5.180741044582083399e-01,4.135921786755432095e+00,6.280153579062277558e+00,3.518515294506027402e+00,5.413417856687879670e+00,-3.576169765493504737e+00,8.351770298480580834e+00,-5.441931391793114692e+00,9.358941361411340920e-02,-2.788631900020200227e+00,-1.177654065295259622e+00,4.431853896295542827e-01,5.143031293505684332e-01,-8.315134386843603398e-01,-7.148084946484407620e-01,-2.322065238999001302e+00,1.382109135937398536e-01,2.806805900657844965e+00,4.024447234005389396e-01,1.444766914018591031e+00,3.101594645193953337e+00,1.135123403871447501e+01,7.715835440116284971e+00,8.846916071934369796e-01,1.693792148400021569e+00,3.593282730359210753e+00,1.079437714439203866e+01,-2.134922688723520867e+00,-1.518873587010477921e+00,5.086746338508143062e+00,7.733965475208326446e-01,-4.639552273076839595e-01,4.660035054460257342e+00,-3.706521548304289482e+00,2.857624867423877113e+00,6.094650880156755157e+00,6.853650793078036152e+00,1.136946109992693899e+01,1.191969569919790040e+01,7.775211876838232783e+00
4.411088005234120590e-01,1.244679734696071849e+00,-1.809445197653828608e+00,1.603618853653038467e+00,6.516795051622610302e+00,0.000000000000000000e+00,8.028866322180119308e-01,-3.807084015645828545e-01,1.639952399586287246e+00,-2.265722986996635768e+00,2.052960386180112118e-01,5.013621474590753024e+00,1.563008631185005548e+00,-6.298560449171992648e-01,-1.782107442365923333e+00,-4.378841059955461468e+00,-5.649786812932655167e+00,-4.297048788043436929e+00,-2.719791883175678660e+00,-3.713397590434605267e+00,-6.860346352571560224e+00,8.694342792451960067e-01,-5.096627175363050100e+00,-3.517053471425178213e+00,-4.090610881208704086e+00,1.262418898002329426e+00,7.991233567471337729e+00,-3.380081944741275546e-01,7.746986555997487089e-02,5.382546267050053457e-01,-2.093641818878767769e+00,-6.561155755797259737e+00,1.692022656807450065e-01,1.371078281454920944e+00,-3.189643125973923077e+00,4.057230079958832114e+00,2.777066831118310652e+00,-7.816347644489405333e-01,5.203423204363272880e+00,3.344407232840030719e+00,8.395979761541859432e+00,-4.925218963569095720e+00,1.482570906632777463e+00,6.422407657625400113e+00,2.072160185364479101e+00,-1.627101589466476428e+00,-3.933091310092664106e+00,-2.140698854386666294e+00,4.751866304030170074e-01,6.180713322704281865e+00,3.527374097644638162e+00,-6.106560996020908405e+00,-1.047151704120699689e+00,-6.813123472771333233e+00,1.232727823208522366e+00,-1.560146090821952436e+00,-1.846455041455246304e+00,-3.125262821862171414e+00,-3.473822736498362929e+00,1.912012000935078143e-02,-9.688937467049554275e-01,1.521415592164185648e+00,7.681562521354583062e+00,5.087402320833207092e+00,1.990022055633092313e+00,-2.606019963361179137e+00,4.037214053497864441e+00,9.126967928851897893e-01,2.876730556227448388e-02,-3.734622550897727322e+00,-2.207490224520741451e-01,-1.935930492790502777e+00,-4.664104536159582537e+00,4.384419449437561234e+00,-5.225342933515778832e+00,1.529044225259141410e+00,1.683897238118836626e+00,6.086080589380375716e-02,-1.259737160842425041e+00,2.573377421479733140e+00,-3.370320598105316368e+00,2.357485083340147725e+00,-1.817054850584929993e+00,-5.783282281696904281e-01,1.276356976631236595e+00,-3.430894032570718011e+00,3.450199583690210847e+00,-2.835684276223613853e+00,4.770211699242691283e-01,2.516569431200316398e+00,2.096949271500840317e-01,-4.868692240754052492e+00,-7.762211016701107136e-01,-7.324695374510830526e+00,5.158424559292796197e+00,4.300827991507412129e+00,-1.190186781041225883e+00,1.271927452539715730e+00,9.586743411780826563e+00,5.368143523314760301e+00
-3.089520123798811913e+00,-2.632964786449826011e+00,-2.608992411218482577e-01,-4.708754029970956267e-01,2.443700662198726725e+00,8.028866322180119308e-01,0.000000000000000000e+00,6.273202174451519841e-01,-6.488158564185861010e+00,-3.548898418383161335e+00,-2.163694908197884903e+00,-2.514050657784843601e+00,-8.954664027169313201e+00,-4.436128425142682019e+00,-3.419486838127994144e+00,3.391351314564838848e+00,2.810225303628445026e+00,7.566063416644287776e-02,-2.410661910976587219e+00,-5.627848494503719934e+00,-1.640865133757536176e+00,-2.904376920033205689e+00,1.834277202492607950e+00,-2.605578349616413991e+00,-1.284887793303752246e-01,-8.821396063663975440e-01,-2.316874766178936618e+00,9.128153049919879303e-02,1.243700956231152066e+00,-2.029873702177202033e-01,-2.046778585200782707e+00,-2.296120162635487905e+00,-1.238284981521703632e+00,1.162471818229649789e-01,3.254624379054695815e+00,-1.172613809039549038e+00,2.519399665551145251e+00,-5.688396358665403163e+00,-2.301368586821931128e+00,4.093418763799981264e+00,2.625570091527566152e+00,-1.342216558410504135e+00,-6.590949438174621200e+00,1.173065482297757853e-02,8.290679008495850377e-01,2.421017566877596283e-01,7.375066017706586319e-01,2.641923560945901972e+00,-1.440674476025334716e+00,6.428775189724508898e+00,4.197048458075242072e-01,1.482679516374437068e+00,-1.142186209639163508e+00,-1.937128470828480165e+00,-1.657226469083285858e+00,-4.113117167557823528e+00,-1.235200061614169842e+00,6.700235350384108335e-01,-5.569377335232026383e+00,-3.765857483829822883e+00,-5.369758399563607121e+00,-9.174670212663308178e+00,-9.132421430603173462e+00,-4.909982309688503133e-01,3.806586532630948483e+00,-2.749868675767879189e+00,2.249093916321624587e+00,-1.470584299440149678e+00,2.915855834822790094e+00,-5.229304541435333409e-01,-5.343024653599416363e-01,-4.403894705741042692e+00,1.287148051496695533e+00,1.604487411830776367e+00,6.478776692807037385e+00,4.852935110872696356e+00,2.355455421864592225e+00,2.216143034215937835e+00,-6.923272783532498087e-01,1.874345264865212579e+00,1.203530616213692506e+00,-3.100404181833699147e-01,3.918131700636232839e+00,1.853475250795107332e+00,2.920440384226082209e+00,5.560567184713132577e-02,3.628083997652990611e+00,2.502162051623532335e+00,1.789828120232463515e+00,2.791901410117273663e+00,-1.306905556635736154e+00,-2.158106491041231756e+00,5.577383880748861600e+00,-2.857397191124964486e+00,3.726276842907300324e+00,-3.292937079038231185e-01,6.322011787915453596e+00,7.582857645381394285e+00,1.814502037733294326e+00,9.396404432121874706e+00
-2.251162888363499981e+00,5.637705036121616331e-01,-5.571467311542241951e+00,-2.904838094099711387e+00,3.695318415890479713e+00,-3.807084015645828545e-01,6.273202174451519841e-01,0.000000000000000000e+00,-3.890619259520283091e+00,2.197688644838754257e+00,4.999789907827672519e-01,8.528639192386226142e+00,-1.071701367859198450e+00,-3.643578971121333332e+00,-5.755213631516682860e+00,5.700610595842649175e+00,2.788580988620868339e+00,-6.079188710688565589e-01,-1.082056307231673120e+00,-7.739662930726136203e+00,1.724010078355412201e+00,-3.412089490385842527e+00,9.569965257311028317e-01,-2.281771281970731646e+00,-2.738160238570069183e+00,8.691246776066029467e-01,9.666809701239128527e-01,3.476644250788278878e+00,4.451390683413278815e+00,1.400395984309893427e+00,-5.023008453167260079e+00,-2.744445624164869368e+00,9.939856163860142368e-01,-9.814206876666121682e-01,6.660010860576040415e+00,-2.818355046402371666e+00,2.466959582112606686e+00,-6.210610678240815474e+00,-4.104757285299114322e+00,1.583837107781611797e+00,1.258853218826883280e+00,-2.198154168817537890e+00,-6.308845687051640283e+00,5.554501432344418177e+00,3.380832008370096009e+00,2.623152943447939922e+00,-4.267178936243013254e+00,4.729644110847746608e-01,3.874565756954994056e-01,-8.438674152858650634e-01,6.456364883574279290e+00,-2.159328952567648230e+00,1.344940693278293464e+00,2.098857422622841806e+00,3.764613777256972660e-01,-1.930374024140213862e+00,1.597140094909136776e+00,9.760528952086249266e-01,-2.399893227128718109e+00,3.534096755028441894e+00,1.364926381564278701e-01,-1.155622345493793057e+00,-4.100853797076068119e+00,6.247078734819282442e-01,1.141128465421956228e+00,-5.536918024973769725e+00,-3.364737616026302724e+00,-3.322513211853207471e-01,6.667919859848534969e+00,6.869974008544135202e+00,3.201445763042265469e+00,7.560411548880801025e-01,2.480620238965684621e+00,1.917457649705833989e+00,-1.347552942742972881e+00,-1.634785033638739560e-01,6.821688406125666404e+00,2.608218514862751025e+00,-6.110213002442783647e-01,5.354084947492202318e+00,1.135165113472486054e+00,5.774965158273636767e+00,1.911656178475855006e+00,1.524705382332782078e+00,2.643643122514307997e+00,3.590246308204376291e+00,4.595462911719465637e+00,2.531665354062168083e-01,1.368887254523534436e+00,3.046606742490092223e-01,-1.306007274656146411e+00,-4.671506554998436478e+00,1.266004652533396502e-01,-2.615391120496237676e+00,6.507052455413517400e+00,3.659064773027696393e+00,5.654032035000958523e+00,8.916165112887959765e+00,5.396112002445722311e+00,2.675468217240837721e+00
-1.417337497850055916e+00,-9.895730715668451527e-01,8.288671832637130032e-01,-2.366990372780699570e+00,-2.113075989141662614e+00,1.639952399586287246e+00,-6.488158564185861010e+00,-3.890619259520283091e+00,0.000000000000000000e+00,1.103520195870986154e+00,2.226039373045349379e+00,4.676038906931441197e+00,4.848660641699209073e+00,-9.404489840441421222e-02,1.150341187975305823e+00,2.456469045900574466e-01,-2.348937547147480043e+00,-2.097918499364299638e+00,-4.144418860116313996e-01,-4.011521563418633640e+00,-5.474111150947370774e+00,6.169560536858113231e+00,-4.229597828363147904e+00,-1.603958386915363743e+00,-3.456312474133392820e-01,4.786430895660949147e+00,7.099039562944484238e+00,1.022363387007751090e+00,4.683780699625311073e+00,3.209285069466468521e+00,-1.773051858853687435e+00,-3.458778623948659092e+00,1.035479441381631505e+00,-2.326796329445278921e+00,2.095915112688591542e+00,-1.628227229512147156e+00,6.374861749126421451e+00,-4.308430901656156387e+00,-2.230282973061993523e+00,1.587783062043185645e+00,-1.092709995207818974e+00,-5.535858699109480696e+00,6.363106755930942882e+00,4.560167675518394859e+00,3.924269811287404597e+00,1.431051982621508456e-01,-5.786135495412141339e+00,-1.230154549299981914e+00,2.620844928931234552e+00,2.672010885386239543e-01,8.405869688113134508e-01,-4.323812262711834720e+00,-3.124010714866122806e-01,-3.022397449178324091e+00,5.826801050608045429e+00,-1.543897055362939641e+00,1.197481964059009085e+00,2.597063222597355114e+00,1.869666744163547945e+00,3.416437564332280186e+00,-3.110685937802941115e-01,3.346620343384728358e+00,6.501326746309113780e+00,8.455720604654052508e+00,4.136851056301783736e+00,1.988982037198549380e+00,6.441361696279613858e-01,3.864531550890778266e+00,-9.279874759765248671e-01,2.080771181074921650e+00,8.657540055549770575e-01,4.865189384951547069e+00,-3.264502800034430496e+00,2.062737609194307709e+00,-1.430148007320118264e+00,1.734770588887947440e+00,7.906929292546414523e+00,5.296869954801930902e+00,3.618598092125766552e+00,3.113647748192438947e+00,-5.343869589110401996e+00,-1.670755562010891371e+00,-4.968851916324597440e+00,1.507306355990015279e+00,4.070455245548965983e+00,-1.853033956993974218e+00,5.178487722386750036e+00,4.116320903667063824e+00,-1.299671052304133934e+00,-1.583469969309625469e+00,1.154032157516099888e+00,-2.613756152509166597e+00,1.637017791704794556e+00,-1.922645719336077696e-01,9.062412417492893724e+00,2.799336938463832247e+00,1.220954359572959946e-01,-2.602180641938064976e-01,5.626673549826617382e+00,-1.298938997279562413e+00
1.544316290038276973e+00,-4.113154442180217529e+00,-2.206939443625261177e+00,2.308679932347222685e+00,8.373427844462666414e+00,-2.265722986996635768e+00,-3.548898418383161335e+00,2.197688644838754257e+00,1.103520195870986154e+00,0.000000000000000000e+00,-3.260835646650894315e+00,4.735461779493640222e+00,-1.333102938339784327e+00,-5.806296163434147672e+00,-3.751508368761479417e+00,2.423764346765597821e+00,-5.524755902350609205e+00,-3.740368715519982068e+00,-5.961763686846975219e+00,-1.882184989675737663e+00,6.257821581003401024e-01,-1.623639431806758848e+00,4.974650643263096028e-01,6.826723832569691064e-01,4.321520005191211572e-02,-6.572078167431177897e-02,3.340730257199383407e-03,1.487012474021299990e+00,-1.993794120808306758e+00,-3.859907394505653677e+00,-3.445649197881993864e+00,-1.151612884261255232e+01,-7.382691128029744476e+00,-3.634933113217079903e+00,-3.158680458634673727e+00,-1.436433410679552658e+00,-3.986065678276582869e+00,-2.561197249673521803e+00,3.858957554266050138e+00,3.540707621730075694e+00,5.505993156451173043e+00,-4.645868299646686239e+00,-1.330165631874128840e+00,2.383622104188898305e+00,-2.862586706092015376e+00,-1.401395828485832329e+00,-8.914697476037771739e-01,-4.695748732805884451e+00,4.214329340613849340e+00,1.580204712904364595e+00,2.399614671311054881e+00,2.662843227452970307e+00,-4.640662878499689725e+00,-9.986278924739503404e-01,-2.610784530894639577e+00,-1.686211032578416869e-01,1.549853444675328706e+00,-2.910762404334185760e+00,-2.689882107888711182e+00,-6.406955267770133133e+00,-4.032439345192616820e+00,-5.120091064012028959e+00,-1.381685535639178619e+00,-4.464767431858454927e+00,-7.944044512501347022e-01,-3.598241435943671185e+00,-3.984758167850745991e+00,-5.775205300879110659e+00,-1.723305773148477715e-01,1.098769744707837281e+00,-7.813206126898226689e-01,1.194361773855508124e+00,-3.298818262052637951e-01,3.105081205804234745e+00,-5.906880702617847589e+00,-7.843510415717372730e+00,6.544271127451915804e-02,4.512187465706175793e+00,-5.437469580528690116e+00,-5.702752620422511853e+00,-2.750041224701943676e+00,-1.976601159883635495e+00,-2.926353201407732918e+00,2.036749537115611464e+00,-5.323296293951007563e+00,-4.794535208226367473e+00,-2.331086351071311569e+00,-2.768284220695594655e+00,6.123769440067440284e-01,-4.313102535807902704e+00,-3.240991985782379459e+00,-5.797934232836909896e-01,1.672998746056511665e+00,-3.670859831203560741e+00,-5.473297466592643712e-01,8.329551835815212080e-01,-5.132463608589320714e+00,-4.936560172347920883e+00,6.564422551981963672e+00,1.445694990927689716e+00
3.333612142640261400e+00,-5.790283559014310910e+00,-8.616389243032730461e-01,-2.129379865761462209e+00,8.099188509080480713e+00,2.052960386180112118e-01,-2.163694908197884903e+00,4.999789907827672519e-01,2.226039373045349379e+00,-3.260835646650894315e+00,0.000000000000000000e+00,2.618294729759388595e+00,-5.034431681480789678e+00,-5.289800670082452250e+00,-1.589245935997576353e+00,-1.911547390223941711e+00,-3.314625820631420083e+00,-7.440377875384742268e+00,-6.515281971663825722e+00,1.345212705558007205e+00,-3.131911405326487152e+00,-1.088122577159415405e+00,3.798492601158612869e-01,4.485383150158398280e+00,6.451779455215858050e+00,3.481016797277317831e+00,-3.153664319410827699e-01,-1.734566019242762769e+00,-5.232410978712808136e-01,5.497925596410466742e-01,-8.648518335019648617e+00,-1.234797295640123416e+00,-6.571508726630766795e+00,-6.906424160712234084e+00,9.071190909833374283e-01,-5.548442349674912677e+00,-3.070270216501848615e-01,-2.956531950208768134e+00,3.247433463009079091e+00,5.147060698259757316e+00,-5.680458684129580105e-01,-8.250017867130258864e+00,1.551720131362964050e+00,-2.161896813297854436e+00,7.605388164403553697e-01,4.761520699972852988e+00,3.957389431929451806e+00,-4.556651729180015487e+00,-1.339133956369571887e+00,1.902056336078555010e-01,4.415817596203084783e+00,3.890244536185189173e+00,4.110332640780645974e+00,5.028771793710918203e+00,3.636120429050365033e+00,1.360485436573695361e+00,6.845215307699638707e+00,-4.176846103706292723e+00,1.357198726167216263e+00,-2.538845455843069532e-01,2.418741408713113827e+00,-3.525859264557362760e+00,-1.310028702276674117e+00,-7.471359741519301156e-01,-3.392472800218548468e+00,-1.558394614449710058e+00,-5.908811758169205675e+00,-9.351904863542555013e-01,-1.389234752353624980e-01,2.705603669327201199e+00,1.615204194040226193e+00,4.917998831138784332e+00,3.489833342715504272e-01,-3.890878852339577781e-02,-1.552503354603289365e+00,-2.804082861114686409e+00,-3.891800027323822686e+00,1.595371579391698269e+00,5.777985270079824431e+00,-1.615654761795233485e+00,-3.384552824789345493e+00,4.515279098481754794e+00,-3.121766454012543601e+00,4.001323339666706502e+00,-4.986103755600901799e+00,-2.411507984659485349e+00,-4.968317961288233886e-01,-2.487372659306690714e+00,3.115436522595107505e-01,-5.728960891586985404e+00,-8.456344075819473005e-01,6.297952298041884944e+00,2.824244619633408671e-01,2.783065818849383088e+00,4.952384058311297466e+00,-4.388135130560572250e+00,1.348545223250910308e+00,-2.217373687845365371e+00,3.707930736626719792e+00,7.906101320907978902e-01
5.739075328311159518e-01,-4.401468286054243784e+00,1.625105687487577111e+00,1.884624712269669933e-01,8.350019995508839443e+00,5.013621474590753024e+00,-2.514050657784843601e+00,8.528639192386226142e+00,4.676038906931441197e+00,4.735461779493640222e+00,2.618294729759388595e+00,0.000000000000000000e+00,-6.783621655380867033e+00,-7.484447950247871795e+00,-4.332830453787219760e+00,4.816344933177089671e-01,-2.344672788271351838e+00,-8.506198095910130874e+00,-1.110942824054974842e+01,-7.037892946329320054e+00,-8.835993294282458166e+00,-5.289182058284305654e+00,-4.586476552912424509e+00,-1.682925962410645404e+00,-1.094486483151393186e+00,9.552231313322075978e-01,-1.956822234657190629e+00,-3.236868502401192060e+00,-3.555964282448393021e+00,8.920553908761009732e-01,-1.355291097050739069e+01,-5.658518198875157168e+00,-7.086371944901050490e+00,-8.356328356784798572e+00,-3.589170922167815636e+00,-4.142091574438428125e+00,-5.016856213328043879e+00,-3.819700490197857512e+00,1.491651523464357920e-01,2.494184593448324883e+00,-4.183215924860693491e+00,-9.549276292169366798e+00,-7.117801279053415087e+00,-3.971324849269865176e+00,-1.414505449773658219e+00,-1.816607868499753753e+00,1.774666417452998690e+00,-4.357946113402801025e+00,-1.577787383110662800e+00,-1.045734373236455461e+00,2.029612355729994544e+00,1.558295640225490164e+00,-1.039806511771536934e+00,-1.880674842454896911e+00,-2.217199353525863614e+00,-5.453507956000253287e+00,-4.115228912667958205e+00,-9.431990800922255502e+00,-3.446697824724803016e+00,-4.405217361275352239e+00,-2.643683268495846228e+00,-5.677068674596608133e+00,-4.643387805334870944e-01,-2.944757355359456596e+00,-8.522078271952544526e+00,-3.736837107059326701e+00,-3.012762947369083122e+00,-6.417565218538483940e+00,-3.321149164070438697e+00,-2.050750094095306508e+00,-4.049749366365487546e+00,-6.500383555594837937e+00,-2.755335063716488619e+00,3.170833783550494278e+00,-3.382270130505474981e+00,-1.205399496359440326e+00,-7.100905442315439409e+00,-2.251207427912122139e+00,-1.777774081497108583e+00,4.451449488845419467e+00,-3.685001677018782118e-01,1.284560450650151786e+00,-6.114655717419117842e+00,-1.986798859175251231e+00,-1.197279568351132006e+01,-2.386474018114490114e+00,-1.674046900077127420e+00,-9.955971226441937105e+00,-4.847330661001939545e-01,3.557655068561556888e+00,-5.199122781639266222e+00,-4.018445571840764119e-01,-6.120215987866313156e+00,-2.549528162616380822e+00,6.515686360843558900e-01,-5.296794772092615844e+00,-3.519876434288844447e+00,8.667008472182049506e-01,2.036599939281751759e+00,2.744955552444158786e-01
-1.882826105962560392e+00,1.371117942901048270e+00,1.174742778415549083e+00,2.355613600868392832e-01,8.362470884126294024e+00,1.563008631185005548e+00,-8.954664027169313201e+00,-1.071701367859198450e+00,4.848660641699209073e+00,-1.333102938339784327e+00,-5.034431681480789678e+00,-6.783621655380867033e+00,0.000000000000000000e+00,5.265817197164003594e-02,-1.870111755593049985e+00,6.999493255418975046e+00,-3.900040918777783805e+00,-4.107888722441740192e+00,-4.840527841330389158e+00,-1.125882023118072262e+01,3.152608929557021988e-01,-3.364958192814261562e+00,-2.836241647778567909e+00,-3.669037546896518176e+00,-1.468745002728766569e-01,-4.717373002314357855e+00,4.285558782478785744e+00,1.143812522546192367e+00,-8.460641858910334934e-01,3.080192183237036030e+00,-2.947322814123788604e+00,-9.171632075580788523e+00,-5.137266752579082052e+00,-1.008883151886811902e+01,-6.555643122642736964e-01,-5.701404774559531319e+00,-2.250673318566980274e+00,-8.017661579371885949e+00,-3.796315961305417819e+00,-1.843102704067719699e+00,-7.714502307279679449e+00,-3.697956528200823545e+00,-2.397009851145496029e+00,-1.581218832967303145e+00,1.221157306261592967e-01,1.625331405071294366e+00,-3.081887421289231543e+00,-5.948114551939334582e+00,5.193712891128322573e-01,-4.258275225043105294e+00,-1.732384232075450115e-01,-4.836182273546623556e+00,-5.098060678997532236e+00,-4.513659052215123424e+00,-9.802418578670233362e-01,-5.447569311718668317e+00,6.441933968360229024e+00,-3.238375726217042949e+00,-1.233071216658170988e+00,-2.336702020573958372e+00,-3.056532977999405709e+00,-2.245974809924248028e+00,-1.590625419506062954e+00,4.845773378025387546e-01,-1.071496784051729323e+00,-1.820050357663837826e+00,-2.548691879103078151e+00,-4.081443873257389221e+00,-3.453946661250860029e+00,-8.552108054600497944e-01,6.002338788500459765e-01,2.715131674794911021e+00,-7.253139000345766974e+00,-4.809516038588574460e+00,-1.372745233193462422e+00,-5.928481176096859206e-01,3.184417198683711647e-01,1.534149952766023395e+00,-4.068229163104948753e+00,2.062456557965571147e+00,-4.352498971371489667e+00,-3.311532228264953748e+00,-3.916886638169537083e+00,-6.100600352115456815e+00,-2.863105839160151156e+00,-5.291669657541815397e+00,1.668660911867028362e+00,7.908766005662007936e-01,-5.183966427189408144e+00,-5.455981383492636283e+00,-1.880751797781179180e+00,-1.282760168795678446e+00,-5.537975402268607850e-01,-9.356116575784049205e-01,6.933018939398878366e+00,-3.007293046760316502e-01,-1.116306639069552242e-01,5.119883035382809311e+00,2.563278929245238036e+00,-2.558194740874295547e+00
-5.208888134222399380e+00,-1.005688653643139308e+00,-2.095250790803380170e+00,-1.705316204016463999e+00,3.367748515798154152e+00,-6.298560449171992648e-01,-4.436128425142682019e+00,-3.643578971121333332e+00,-9.404489840441421222e-02,-5.806296163434147672e+00,-5.289800670082452250e+00,-7.484447950247871795e+00,5.265817197164003594e-02,0.000000000000000000e+00,-1.126069608219876228e+00,4.590443431951316988e+00,-4.420831163011823328e+00,-2.932151233642506849e+00,-6.286108239340379988e+00,-5.192833902078434427e+00,1.198392460198156817e+00,1.908888681068389825e+00,-3.359411121910019116e+00,3.205126196635624147e+00,2.970751655271829161e+00,6.640713026158009846e+00,4.752802290505688809e+00,5.678448609109293166e+00,1.621719332317586026e+00,4.412429335370412709e+00,1.144498856917672169e+00,4.251506918387113032e+00,-4.844678750162565439e-01,-5.383275228741711160e+00,1.106152470882759919e+00,-7.907259970103075464e-01,3.694599585103595096e+00,-6.162040626257675235e+00,-2.008829425495991527e-01,-1.389758019050999716e+00,9.462964742230739468e-01,1.034517462847763580e+00,-5.917889908976520230e-01,6.339758212974858642e-01,4.516415089570553931e+00,5.533815342926945213e+00,1.239304460730959567e+00,-1.790538612212442926e+00,3.325268500947340389e+00,2.628173555522528737e+00,2.688042349595610059e+00,-4.590628606746360418e+00,-5.225427393866238085e-02,8.740675521118475289e-02,1.165903923437563883e+00,1.324157296229145464e+00,3.631325956701224822e+00,7.814339147266766705e-01,1.646900846421802678e+00,3.962484513362173111e+00,4.574128920999849246e-01,-3.171901347231396606e+00,3.874352233316908922e+00,2.321425743414788467e+00,-5.094524264679547443e-01,-3.818216579636138919e-01,-3.699617260902491322e-01,-8.401354427429232885e-01,-1.523279342914750201e+00,4.475795186302419459e+00,4.227169040737335237e+00,-3.762041713265059095e-01,-1.131573893147169496e+00,-3.151365589597802330e+00,7.056202324133611370e+00,3.411589220975028258e+00,5.235177978678387412e+00,5.071220699985660829e+00,5.538406099130882332e+00,6.079004092643900847e+00,-2.788133026076867194e-01,3.975526420030558672e+00,-6.093072622344063438e-01,7.830771855066298581e-01,6.254465273797395142e+00,4.605405058433124643e-01,5.899975721370101844e+00,3.838873703404947157e+00,-1.084485747149078527e+00,-2.158306033543390345e+00,1.406865605177972212e+00,1.653413929854665509e+00,5.579662549568569219e+00,6.174188585342766933e-01,4.413131595529670825e+00,-1.037187798354883617e+00,5.112110598584576948e+00,4.873336542071134758e+00,7.051706677356256669e+00,3.392076653020680066e+00
-4.952747242464573318e+00,-5.527777618070748744e+00,-4.979999085250735646e+00,-2.139749660876480775e+00,-9.808339890272280703e-01,-1.782107442365923333e+00,-3.419486838127994144e+00,-5.755213631516682860e+00,1.150341187975305823e+00,-3.751508368761479417e+00,-1.589245935997576353e+00,-4.332830453787219760e+00,-1.870111755593049985e+00,-1.126069608219876228e+00,0.000000000000000000e+00,3.756361864632863146e+00,3.060375814199651767e-01,2.103125611512948051e-02,-1.637545456339059458e+00,-3.907880451389690091e+00,3.868847236924177757e+00,2.727309545084697362e+00,-2.601424533547980200e-01,8.697873550485933913e-01,1.789521664028949299e+00,7.699742170588836032e+00,1.224400567132498452e+00,2.780990904251168683e+00,-1.567835399214460690e+00,1.650219227661710919e+00,1.077484155632317808e-01,4.613672647459686971e+00,7.792414223322503553e-01,9.394686992208355347e-01,1.690994754728110561e+00,5.347997790808710628e-01,-5.374496232281547048e-01,-3.787518201783405924e+00,3.896951904348632922e+00,5.218647967194267601e+00,3.794540191690020769e+00,2.482753906687721113e+00,-2.773611169511252861e+00,8.210869770388072864e-01,3.207350344699182010e+00,3.847329191069713161e+00,1.319158708577542694e+00,2.731157581971877857e+00,-1.266264394635882251e+00,2.827804811129507101e+00,9.970238535317076378e-01,-2.159966250452922232e+00,5.483012725334276416e-01,2.202582865938629730e+00,3.472327094898936650e+00,2.335008591200064210e+00,4.803724079959847515e+00,1.573338474779392815e+00,1.564350321685804124e+00,1.963088678512667329e+00,7.275655913832977939e-01,-4.410483167865537624e+00,4.616951315443962756e+00,2.250134093068704377e+00,2.311546402432754554e+00,-5.738087319351464766e-01,-3.134308492141891556e+00,2.428694354453446724e+00,4.369761341494786677e+00,1.097351931120260105e+01,3.806274140828922459e+00,-1.205925419535998522e+00,-2.768634366878963138e-01,4.376212680874722594e+00,4.056677970671623612e+00,2.963639237537304183e+00,7.459311467914234717e-01,1.880600470426528004e+00,6.576689773546932294e+00,3.744663376116887044e+00,-2.781134549264868139e-01,6.955798114751396533e+00,2.188087933358400683e+00,-4.398329008595911471e-01,1.128661674524857439e+00,1.299206787398031748e-01,3.170790924516342368e+00,2.573152300517250524e+00,-7.288167551682545042e-01,1.443410525490190111e+00,-1.129871622940628262e+00,-1.481501203201216477e-01,1.080385556395367175e+01,9.692037730370635096e-01,2.451484273129251878e+00,-1.499348053632781896e+00,3.301225851807654710e+00,7.573189749262907888e+00,9.210253761918840709e+00,3.449044647426739552e+00
