0,1,2,3,4,5,6,7,8,9,10,11,12,13,14,15,16,17,18,19,20,21,22,23,24,25,26,27,28,29,30,31,32,33,34,35,36,37,38,39,40,41,42,43,44,45,46,47,48,49,50,51,52,53,54,55,56,57,58,59,60,61,62,63,64,65,66,67,68,69,70,71,72,73,74,75,76,77,78,79,80,81,82,83,84,85,86,87,88,89,90,91,92,93,94,95,96,97,98,99
0.0,3.346948590648107,6.727284436096216,2.302291461063135,2.172885602099171,3.3010287611933156,-5.510612423366323,-2.8854308491860094,2.212604886431831,0.25726841636598846,5.576851295794703,1.3094703940612331,-11.679252736486408,-2.8941510421969854,7.766819560398579,9.220474771270336,-10.369045602631756,-2.828539875388235,0.20401305523027227,-6.34090377211856,-9.620157761618335,1.17190772466268,-0.871021066694873,-2.9979184895330158,7.158703387501547,0.23063998688207052,6.005676296341854,5.676206784377347,2.805704664471852,5.924810424728212,-4.166628120467097,1.6507257310553107,-8.071559686439551,-2.220996189917513,0.9719936480511242,-12.884139426977622,4.847405427454775,2.206179738645372,-2.1593166904441086,-5.007168493907465,1.2728379626321091,0.37802792264374013,-4.958590236310979,-5.698784385465322,5.4686335250144245,3.6472856331565935,-1.2367463431176993,-5.849077135704658,-0.8704984879226692,1.9729942746421727,-7.381032491090883,6.47964411256944,5.518544345711662,-5.3775705261865125,0.5727437074861069,4.044806469896472,-6.230947542452388,3.703615937684855,2.0453371294252625,4.613970572495775,-1.2101573216580548,-7.7553287611901185,4.206638828760657,4.841177431738234,0.16303873878635766,3.9165062026468864,-1.2493177651478375,-0.19007763371345787,9.53211629528008,-0.9518098963756227,-0.2440719009750556,-1.2710869759287395,-0.004841911600510714,0.3887816033994571,5.315616269741492,3.6293070635482887,5.761135051380887,1.8216512653404469,-0.49544963211689663,2.9548888289123862,1.575010792280671,-2.375225842283883,4.3223086725349855,-9.337728591777465,-1.227939128810502,-6.715769109097673,8.600660827050431,6.127452518265448,-2.3032871343254895,-1.7307406627230135,2.3108019276299134,0.9968143965060494,-2.555004911709746,-6.593464855412725,-0.6636404467863544,-1.3261678872978429,10.311380817965404,5.154599095988496,-9.200652309177226,2.751251806566991
3.346948590648107,0.0,-3.006579107252802,2.0677306742794177,0.5148175267629188,-5.08387637156075,0.8769301808047805,3.0110337136831333,-0.6742823968643413,-0.33469058390486817,-5.738820108791602,-5.7273876825280325,-1.6376959238281414,2.8916696206718737,-2.796334192047972,2.75205159866853,8.439703748378264,-4.119345968917896,1.7680546182531691,-0.20040544818697123,-2.7425532206022663,-7.567520897140632,-6.887677339938389,-3.512477712555359,-0.3041408473480085,-7.2857483498986575,-2.210008431372367,2.4633673531143705,4.347786765368797,-4.4658181465223885,-5.82867875142068,5.792901967235475,-5.928617168566395,-8.327276237469102,-2.5523574688011648,-2.8021124446713466,-9.811416447121708,-8.032835241715599,-3.961539020516252,-0.46387404549836087,-1.9881390993094696,-0.41126047893560486,-7.012143749659655,1.893284545243913,6.294228350234895,0.1607153419121152,3.8758900875450126,-0.08514000922578903,2.663482405963901,-1.6646617099084786,-3.7558450074495737,6.426977011656668,1.3624446501805503,0.982650027739322,-2.0627262859745583,-2.737089991224473,4.153001202418518,10.63284843542034,-4.171264991156065,-4.841962647976349,0.871173922813529,3.1184422250579518,-1.0522511560730772,-0.41722945948517615,2.346324156125036,-3.88913307195804,0.27445065866753454,0.8110393665966129,-2.296807791675767,4.292153708842156,0.09378460204529289,0.8107925788539657,-3.279805644101462,-1.1832620785286587,3.4817207539672808,-2.145304040424244,1.1640533394706007,-3.367873029628952,0.6719635673836488,-8.668985357972446,12.233133850603584,-8.844464347599958,-8.2740015580407,-6.74536863177662,-8.810043504615244,-5.898128635873493,-0.8333059255401971,-4.169798744449137,-3.465845092283624,-3.7734529505585783,-7.685938286056013,-3.497821651879889,1.88652055490118,-1.39804159972983,1.322646824286496,0.03738046736863274,-1.5858845998953963,-0.4270830281558523,-8.207850178767051,-1.7721186649602385
6.727284436096216,-3.006579107252802,0.0,0.8070236700493347,-0.04352333185282713,0.8510871301972246,0.006615320644931429,-1.327459923960392,-0.9022878538132632,3.5516862441843986,0.6670068970508694,-1.2412366704021232,7.478674475740757,1.4475980366052539,3.68336462340954,1.8556754731300384,-1.2615885461878635,-0.4287805332833425,-6.833416460921415,2.7273606337170224,-3.8843944414297225,-5.9371767485202245,-3.9109819102626022,-1.7167692706012274,3.566745723399695,0.5584819554508952,-0.3944590198508698,0.5075827660220751,2.9664524255781872,-8.078321901761365,-6.555144407812847,-4.16510263816611,-2.978499342084656,-1.7747177929589903,3.830836671748437,-1.893761350638142,-4.183672528546364,-4.547838340481253,-4.870318456199016,-3.1887479659685853,-1.1416994094631487,-4.839238687303854,2.534058509808394,-2.483729394992446,10.434264100911268,-6.6386653292857165,4.45301305987043,-6.542631623655485,2.1090045563083155,8.539192186421312,2.858293625176328,0.6158774774115101,-2.499074384088048,-3.7917173868040233,3.2368797392888835,-5.571029543908379,-6.21080110822068,0.9516978749934061,0.7161211365706953,-4.422217480126097,-4.91977567961859,-0.04686850592315658,-0.8475309756996611,3.318561599165599,0.25178051229394954,1.6816807688478244,-6.999504747499447,-3.3352663359345014,-8.465631915817896,-0.7187183357595262,-2.040181490492924,1.9636241446995484,-0.5215427140801849,-14.81508930950199,-7.204317818775633,-2.6979892953149207,0.9763418077410275,-9.914955946393267,1.2424979831104144,-6.037503281429564,-2.6042066116689178,-7.14562713398041,1.0885962088516627,5.136877822737237,1.8884697983605176,5.2802002110963935,0.1791450827458784,0.16895543385025466,-0.1932576896090532,-9.968413265410499,5.188101039434659,-2.8238270579545928,-0.3446168484303655,-6.2976841662465315,0.4029671017811563,2.7237745911952147,-2.26640030283496,1.1545939107473095,-3.885919827679469,-2.2059147699980857
2.302291461063135,2.0677306742794177,0.8070236700493347,0.0,2.1120733512942618,1.9160174041537597,0.5261991798724119,0.8835973568633166,-2.394602983139733,5.50290164819003,-12.17966449529758,2.794997156554733,0.5821185107914076,4.573399206086287,-1.4485434524935814,-1.0124860532053834,6.398792012331913,1.6151588187623815,1.1613994012149964,4.211476426216546,-4.055664714750352,4.318576592469361,8.624917783038464,1.5400877490230356,1.7407886525499554,0.7191482801858782,7.7611029966992,-0.921791925351081,4.760264318405628,4.798887869437222,6.717949313371473,2.180679329467527,-1.4981398017646417,1.4832730903880695,12.494888459440844,-0.5153271457268757,-4.364887464759487,5.420253113246564,-0.7304067549561941,6.387086328321221,-2.0604635761331425,4.203092507689451,4.078149155701846,8.487716316430822,10.594287693229584,5.480313668748497,2.7368416459712255,-2.840365691128396,1.825361277816833,2.163029749114323,6.213344555700584,-0.5011769199786809,1.3842246063683423,0.43978865354863594,4.214106134359593,-2.277577486766333,-5.559393522721417,4.398542682038824,4.740002527818244,-2.64535146764854,4.701450891607584,1.1740496539429404,5.450510474966586,-3.2204227637797334,0.2530236342823288,1.8360330705795935,2.6002600350236116,0.19082257003940137,-0.8784484104950221,8.766572415666399,1.5075607822105663,7.377908129370534,0.00247985556508952,9.803707097143853,15.028008227251052,1.1538421515999475,3.517838348700776,3.199810583534717,0.8644924980196314,4.420489582862646,7.838337877557872,-0.2951971117072464,4.80736462332734,6.610291542025329,-0.30698092496750995,8.699503233454692,-1.9643567814016625,4.183234508542339,-6.12266984412835,-5.839345929660547,-3.1274859923832747,10.370256674389871,4.276069251844901,0.3545057260867364,4.436948380328346,10.018253661317267,1.865362694090504,2.8382867656926973,-3.3849699170348635,-3.929574323327268
2.172885602099171,0.5148175267629188,-0.04352333185282713,2.1120733512942618,0.0,-3.0907042829293614,-4.328769565756905,-8.44006318754925,-5.595723377030838,-1.1620014790007447,3.5303192205966334,0.34087789936119733,-5.310997064588484,-1.5350647153232195,-4.450909177500448,-2.735615295766124,8.099399857186823,-12.591774999644436,-7.280083914141832,1.1053843093736695,-1.6055399022815307,-5.3037515113916065,-6.924812619353742,-0.36397123592715014,-2.173256492220992,-10.460646886361875,3.8283314126172687,1.7999775834349598,7.1278192723608536,-0.9649105923404526,5.195953192875694,4.47853503675244,-10.463586325963439,-9.7251274042206,-2.7467290668045217,-2.875508207647668,-11.851279470364537,-1.0363108852145126,-4.756208649801163,-7.008264834890782,-0.6272584102275044,-0.31393357205238487,-9.01642290579232,1.334687895429924,7.315142905221861,-2.135291424859651,-4.098767643621392,-0.90996228699672,2.1009830889811343,0.5020516424458241,-0.6330311154174593,3.257459108715042,-6.898765852620252,-6.183763891558726,-4.33801432321126,-4.448872820095372,-0.533334537084352,-2.058470596651245,-7.555163544071569,-1.6335806329035336,4.817953881065216,0.13330525540457303,1.435286308005947,0.969681768743028,1.8529590794836088,-4.009297907524233,-0.3993874951909848,-2.3176316496314118,-4.177837384771875,7.096228345640812,-2.6653252283019846,4.79695767602114,-6.561394984310922,-2.10144646670813,4.518447469236252,-10.223957897143835,0.4265249072696184,-5.2021987679697865,3.1917056787804867,2.0449908998520545,-1.6863383676555628,-8.760595821162402,-2.7004643745308874,-4.72365681728777,-5.7135980656007215,-3.747014774876636,-2.5901640308361076,-2.925275010305388,-2.574633834341096,-2.770785425251401,-10.067021426268669,-0.5984463514408921,-1.6155933472821096,3.8253692540036655,4.93040785857421,-2.137912870280495,1.0873484919640695,-2.995867309449376,-1.766563880988944,2.2531662505199392
3.3010287611933156,-5.08387637156075,0.8510871301972246,1.9160174041537597,-3.0907042829293614,0.0,3.5346394315535585,1.4278026655979394,3.1710397271156334,2.7696944857426704,0.30002314612662506,9.990479608196676,7.538725946434877,9.189473585182967,2.9487601383237734,2.596586043658663,7.6454838621597725,-4.579924800592262,-3.4981148547780654,2.9532970011368924,-5.981708960753404,-4.572520232833592,1.3306456026221232,-1.7006027371395624,5.9964577056389645,-4.735766233231379,-2.050550652915652,-0.49006950450577025,6.568302849301149,-2.936119042739333,-1.1038576947250875,-2.3602253217251734,0.49041783591824734,-3.515085731159634,-2.7011887088892537,2.7922763645161615,-1.679360290610992,1.3812806599381575,-0.0595557211160511,-4.703595249046887,-1.2343480681700951,1.2579691928802916,-4.81679367350536,-0.01205716527387432,5.26705476230156,-6.65190187337971,-1.635292306436534,3.7350270645569146,6.106692914811329,5.126040901826873,5.400484907289023,8.855893296098673,1.392699394068299,-0.8982347275944316,1.3048288900062268,5.312480468448109,-1.8193352541265593,1.539055249590427,10.33179684115225,3.358609955535335,2.5271498878205034,2.377421378099934,3.033711088386185,5.061666069912627,-2.877589452909088,3.2921351841883633,8.331755064012393,-1.238633063957685,-6.2865330421851695,-2.446794718313821,-2.4547338392859097,-4.069334283857787,4.710942435785449,0.9811539592239304,4.096345824792033,-1.2743850245671295,13.636342101901464,-2.524329581768985,3.1902048769892675,-6.375119848945673,2.4593786026647173,-6.67778010199896,-3.3433239948082902,-1.508436376437508,-2.533172403060456,-5.756062828629768,1.831703608087264,8.10033544794123,-4.765475884048837,-2.9897317345608982,-4.330489278510009,5.524323008728998,4.811251511926621,0.7326779966609738,0.010176065666081646,4.255692871793321,4.0574655735239995,1.973105188454706,3.437671688190885,2.4361224910325467
-5.510612423366323,0.8769301808047805,0.006615320644931429,0.5261991798724119,-4.328769565756905,3.5346394315535585,0.0,-2.359800280576567,-4.64981720450825,1.190120571588214,-4.700641262360064,3.172294246444906,0.2107919156474072,0.8369135901624623,-3.073572587533673,2.8883647537059574,4.776698770258088,-2.9864480244844933,-6.369579113457443,-4.90463121308072,6.658392367175578,-3.305456041184943,-6.295627421718492,-6.042068969830655,0.10141182982642671,-7.9345363829310385,-3.4889413588514406,8.096503812072063,4.050411108051729,-2.8326967123966624,-1.1167136928426171,5.419511045101896,1.2857801344319095,-1.6386002760880538,-8.310583398455709,-3.5256600342351088,-8.000301374391196,-4.937557998268672,1.1516694644116887,0.07309429436631641,-7.013542848499425,-4.299970120594606,-1.4565209143055695,0.6324914768048053,2.5092890980211084,-0.021848067112587997,4.13207847963452,1.425860059454657,3.1218746281801018,-1.9806684393884828,-6.126649323445278,5.065614100617416,5.533792588391086,-2.5081459102751382,0.6306417346304034,-4.2273839020067845,-3.261578613858705,3.1132050678796364,-4.101591804169432,4.552155067124627,1.5045116348842853,3.318285114713576,9.197561974732075,-1.037350423929234,-5.458621905170888,-2.671798728379839,4.3434885491623,1.0350151511452244,-3.172364060383991,4.939953492498342,-4.9884511123932445,-0.9363693956452461,-3.7829567542900846,-5.7768622794654485,-0.19111979890843317,-7.295646716757611,-3.758309723614449,-12.656584790574595,-2.7257703011029153,1.4819865833591728,5.950972988647044,1.01239194417673,-1.0084504467497823,-8.37359911563115,-1.5413959751816548,-8.566544329072382,-5.771171370257191,2.999640217568692,-3.346292067911216,-1.9983707656072751,-5.426086956021716,-2.9159726932798806,2.40335465085398,5.189651729741719,4.235376615975614,1.2317019094001043,2.1717760793167966,-1.4536980983023706,-7.392200713877154,1.6089265981128291
-2.8854308491860094,3.0110337136831333,-1.327459923960392,0.8835973568633166,-8.44006318754925,1.4278026655979394,-2.359800280576567,0.0,-0.37058502114429354,0.007239808556258762,-3.1524520925385207,4.027818034426414,-0.46103421929166016,4.8347741769571915,-2.0122611079773454,-3.4670515627463367,8.938772005677757,-8.622673049629674,-3.5202239729598563,-5.262664429852774,-5.4471362046449245,-2.0640731337990847,0.26186919248049084,-2.2861959839846007,7.8140017953289185,-1.5787906044442324,6.658130499856211,1.633687490468211,-5.87553934399712,8.535262829610657,0.7107717504730449,-0.7256995130619451,-0.8149598655298227,-3.2215217148805246,3.833231321557669,-2.4129579609690266,4.251664531110363,-1.42372787903327,-5.500760511872639,3.339710068961541,3.736937953697416,0.04260122255610942,-0.4803492195912179,5.746383112450944,3.882067233173287,2.868240898564806,-4.279898599386898,-2.3495441862370043,-3.820779731969088,-1.6822557018163016,6.065623518595476,-0.15823418024284058,5.33270191718469,2.8617085952802084,-3.4009248838620625,1.2576172336082083,-1.2789000302010527,-2.9445488152790134,-3.9320778531230305,-1.179003289370362,0.22019167002683324,-6.616578915984685,-1.8598732722540068,2.963023006166059,2.114204764003051,-2.935748683143194,2.7570076946649658,-2.899465671344459,-7.754801757361176,5.395903386032018,-2.4929987218085463,1.2655410711495587,-5.937421850771077,9.607736240536912,14.081430378442603,6.128832182393591,1.0109997063997844,-3.136421971869776,-1.4371310053883444,1.699411202468578,3.5558316878035674,-6.838002039268543,-0.265120321834732,-3.5628286681268873,0.20581973795372388,8.052456175573576,2.3879455384623487,5.736001125896728,-6.583355717192597,4.584434904699833,-3.423876044838897,10.04757263835092,-0.35780216475655624,-10.645762483328657,-2.340470092083256,1.5110627944596395,2.7156405755903985,0.345903331575316,-0.7694306511604116,-0.34641880627703064
2.212604886431831,-0.6742823968643413,-0.9022878538132632,-2.394602983139733,-5.595723377030838,3.1710397271156334,-4.64981720450825,-0.37058502114429354,0.0,0.5160040627670649,2.032174829518224,6.092612241384512,4.845806141359692,6.588567963622347,-0.25519440621741063,-1.1013858171945756,3.8446994920479742,-9.800666732408407,-1.1760084502931847,0.21097494133928377,-3.4281709326348584,-2.866051067143151,-5.608121084903889,-2.93642860825784,8.989516295190864,1.7177501834071935,3.581245606931956,5.1058474918163075,0.012303238433719941,3.203076478063726,0.7454818428624288,-0.07970233820248769,-1.6446837284056754,-5.799914487986609,-0.14374480126370492,-0.9122345269515603,1.7708543024900427,2.6352812484544064,1.2320948800559266,-5.395138979240456,-2.6693367780196184,5.187484643177312,-10.980534266457216,4.054336940573653,7.905634806642597,2.1368878814152015,1.691291704034012,1.1237006645681706,5.492064139580832,12.456863346966196,2.6768690247988998,3.4202133903906966,5.049510285897133,2.0363868460184174,-2.8376936320139654,7.131903166917967,3.701143565490681,4.302169558159104,2.4886382142265164,-0.015895880198361613,3.5512042138518582,2.289610874746653,1.8273287606188664,2.8618936994575934,4.276364525596821,3.6771118333581145,4.4245564597676825,1.8991551746349455,-1.8593626987465688,0.6901348924389602,3.5287739174239587,-0.8322794799877081,-1.2983548460796734,2.141512355743614,9.993329134608516,-0.9233398505359952,5.924232387910547,-5.744120447280187,1.9441054289684945,1.9137045320905612,6.960304667256862,-3.1320813713210125,-1.2992350336095815,-5.460580389289856,-4.527888726457228,-0.6352471282060076,5.6455103650553164,-0.4739917923354622,-0.09953093609737401,7.295555647830534,-6.257406549451308,11.957039280937796,7.462186122012072,-2.0229785017664814,2.436929918511048,5.1402272989741045,5.8962603818951935,-0.1834722962881029,2.890939921421631,10.233630188151013
0.25726841636598846,-0.33469058390486817,3.5516862441843986,5.50290164819003,-1.1620014790007447,2.7696944857426704,1.190120571588214,0.007239808556258762,0.5160040627670649,0.0,-7.003951545778945,1.9223582329945368,2.026781872049976,3.5760717915188187,-2.4896915511752744,-3.6938166766102127,7.513644281980077,-11.513690346996446,3.5868766428805414,1.2183272462322319,-3.0804974121485644,-4.908537779481639,1.6170614489173412,1.135478076555608,-2.906862991856204,0.2049228057348696,3.5793327031109103,-1.324757062082337,2.735911616129274,-1.4767741035868556,-2.4544329074026585,-6.542310895165431,-0.9841553927755392,-12.569693443431898,-9.111484188145392,-4.992748767434712,0.49639869388989594,3.0354627525141,-0.4566536336567168,-4.2445408434007605,-1.045717245176942,1.649495620127161,-3.4628888917517195,-1.0292844887982724,6.958432558214585,3.3137546433575635,-6.605664345463776,-7.790991803631746,6.441944525584248,-1.505116626610903,1.9884972970474029,-0.7224021840812722,-7.302136287453597,-5.677741241022672,-4.214663468452746,-0.5390960399181322,0.6030392232747134,-1.0819420022313686,-0.37873001397428463,-1.4931666442538756,-0.6610044108284288,1.7439007351665803,3.932118598299616,5.932072740816174,-1.0290047795435386,-10.045616963117752,1.1813271911520906,-3.573705776965732,-14.867166895874636,-1.4551997172670383,-3.531080199855316,-5.1852876251214575,3.134905574126804,-5.028756316520025,1.6396533818295462,6.400727441338628,7.806489975765502,-7.66655503771944,5.834438253119842,-1.6905440954400663,3.2228017011691343,2.1107164281505666,-0.3662936475477743,-0.7319457631170736,-1.8614210363450971,-3.6061630711628543,4.5078826407217765,2.181130377662066,0.7670331887954126,-1.8328224915533424,-0.906904849861962,1.9756423258390825,1.3582209145180146,-7.804668680996506,-4.362200137901988,-3.6983962972861617,-2.5746438221346764,4.157926006609675,3.6577296489431688,1.9629936620029709
5.576851295794703,-5.738820108791602,0.6670068970508694,-12.17966449529758,3.5303192205966334,0.30002314612662506,-4.700641262360064,-3.1524520925385207,2.032174829518224,-7.003951545778945,0.0,-1.8327614245073147,0.9790070264275363,3.6214947016456978,2.8409927316296497,4.452140438855777,4.964565046481706,-3.9831634655687593,7.684752053278936,-1.2817990091185807,1.1333897365912713,-2.812782601607744,5.4629725692844575,2.16240729274702,-1.7460800131748195,-0.013840268835596924,2.7142408953077064,-2.8512168004703167,5.38979367913302,-0.7077825648340773,-5.325480301153731,11.120128091974152,-5.046990167126241,-7.120131408092265,-8.889372547378285,1.0274990605704069,-2.0667593933710706,-1.4718889565836315,5.14560223213604,-2.5976251744038783,2.2325538508211777,5.353178928246536,-4.132390267596472,-3.5503486717028654,-2.2871132461178334,-4.72226938038656,2.01228658735487,1.6931130919752673,-0.5521399801015423,2.644135477725269,5.982023603560024,2.975771248077253,-0.6902286531884886,-4.086058839190514,-3.478758763295163,1.0528634094613964,-6.5308926683394715,2.2974488042844405,1.5173542656440606,2.0362971442192426,-4.200556229446788,-2.646734253387873,3.5769063297670174,4.12169914262205,3.423688055110464,0.46587358088739417,7.727739171255656,-0.2415954882359579,0.8275819384169013,-0.5251385289409961,-1.096317178717139,-5.918569531812295,4.779732798040089,-1.4112392001766727,-2.0194300735555566,-0.8339979222861316,4.645128652212297,-5.768640592634553,-0.8154022187591241,-3.046680680967729,10.643078518163419,-5.0525287096823925,-13.054809304514524,-2.0854698845463804,3.141484333691612,-9.678414026501207,-1.2915733709786872,-3.84303391891472,-2.7589828883745486,2.786714665482907,-0.44584601759202447,-3.447642397999317,8.080872490632164,-4.626140903101768,5.501089902975237,4.955674479805976,-3.6665832076888294,-2.2018005290613996,0.744225829766534,1.9976603842358625
1.3094703940612331,-5.7273876825280325,-1.2412366704021232,2.794997156554733,0.34087789936119733,9.990479608196676,3.172294246444906,4.027818034426414,6.092612241384512,1.9223582329945368,-1.8327614245073147,0.0,4.680320734129265,-6.114497765089543,-7.682504270457055,-6.633680374225574,2.842325882662825,-15.910432014621552,4.080708658037733,-1.8044260071172311,-3.8177086687163784,-9.652218751785155,-1.8416147487026409,-4.056124707122416,4.469010557977578,-0.9028978104332684,-2.9642019800236943,-2.88159301763798,-2.0654722148927185,1.9311202691217904,-0.7807888509018651,3.207704086328927,-1.5497650320642715,-13.37118240117052,-10.005360242400984,-4.788646160785807,2.6494690126575713,2.067022639330822,2.4545014130171023,-4.458687118364221,9.136492835002926,6.713004061668232,1.1033843089746531,10.363443473257249,3.310273468998266,-2.420064380543081,-5.823824304228319,4.095727686454652,-6.681727756157667,6.098417629282433,4.5369025519380655,2.6313443693454306,3.227164570926468,-3.654860824985185,-7.560771966697965,-1.7660363930086187,-0.23071551797076167,-3.3893123200690476,-1.7971474817092608,-3.2527699186357166,0.2333658933893854,-2.6647590157956556,-2.466346125867181,3.55448435935683,-1.9383567019438293,-2.913973333109489,4.275664709792679,-0.21898355113105977,-2.261765646232392,0.7127633930207861,3.432479243386584,4.353842931336052,2.2610916716232814,6.093140004878832,1.9570235840436008,4.029549735552089,-0.05399175722461253,2.139195170212048,-2.116173407544712,3.724640040645379,5.076755234449415,-8.031057578239645,-3.635553735413004,-0.464189948156377,8.353080404013966,-3.895469166935934,2.5449416016182327,-3.0358798743347255,-5.547092446130496,6.448577189833012,-3.6087556443375655,0.9704113997141938,-0.3658948418016103,-5.245597278517916,5.691922867140033,10.801680287578272,4.250676228769481,-3.091523291546557,1.7238136733312708,6.7733207517538405
-11.679252736486408,-1.6376959238281414,7.478674475740757,0.5821185107914076,-5.310997064588484,7.538725946434877,0.2107919156474072,-0.46103421929166016,4.845806141359692,2.026781872049976,0.9790070264275363,4.680320734129265,0.0,-1.3595979580535236,-11.407952574854248,-7.58735712494847,-4.030497263945271,-6.686220226310835,-1.3463615448458828,0.04999315866675668,-1.3262216548457515,-11.177422706691292,-1.4224835777343328,-9.351103418460712,0.25534240958355964,-8.436919372909694,1.3494094207713117,-4.123900165762771,-3.639731778400716,6.2505687443052285,-8.145177614830413,4.209970813109195,-4.242186732969101,-10.74459448984563,-5.002945328786497,-3.808271355047703,0.5074322822711345,0.27300020516307555,-5.433622564411057,-0.059152651580698414,-4.372358189288611,-2.930334981700449,-5.573895277800228,-3.531555630264009,3.4742982698280813,-3.7982083285403823,-1.5639621377706667,3.523592746874467,-1.1246635706106467,-1.267677717556678,-6.600670835904785,-3.146592605890147,1.1864638967131451,-6.216438646897624,-2.662636474715426,-6.932461182382755,4.673219090875865,-0.06394199536798781,-4.309051244308416,-0.5147995042830108,-8.520918472821887,-4.446286623484228,-3.3973498147072343,0.3216049294770254,-3.403548930337794,-7.930347218867839,4.218781465857963,-2.4531760237939744,-11.569882910515384,-3.5220552817469817,-12.262605903384191,-4.07420658363041,-3.553699595510982,-2.632301914837521,-0.7719256067461616,-6.8494726985734395,0.42818012088176566,-8.546128306730612,-5.646092732683512,-5.295287146707379,-2.1091566577088465,-11.578483578362645,0.1923215041820278,-3.7369317403443625,-5.21036177386722,-6.802200906807691,1.4405769653751004,1.1189871947102512,-2.5783273238247166,0.9055018007768671,1.3534577022856884,0.3128647653907627,-0.6590695059070466,1.653060209918246,-0.884287024933816,-6.255978756286294,-4.204040192739959,1.9922098490516127,-4.554912326133917,-1.5822801662900683
-2.8941510421969854,2.8916696206718737,1.4475980366052539,4.573399206086287,-1.5350647153232195,9.189473585182967,0.8369135901624623,4.8347741769571915,6.588567963622347,3.5760717915188187,3.6214947016456978,-6.114497765089543,-1.3595979580535236,0.0,-3.915276063537792,-0.4264650727595577,-0.10923593138635944,-0.03343827405054242,-2.5655106514126995,-2.464861089795681,1.369193260098818,-0.46505151980220794,-8.10922798024747,-1.4129987171148592,0.05549497720702352,5.66384862361997,1.4047199164456154,5.330891507011824,0.7308595550237064,-7.566672656005928,0.5744786115998689,-0.62066134078331,8.823586489172898,-6.255432341761047,6.8060600233133535,1.058536666038846,5.310678009940368,-0.5335542551120275,-2.7482632547691845,-3.7072005338580234,-8.75850916095841,-0.7274381028127097,-3.606253576969351,3.0990172409823744,6.25663280169964,0.6092064170765733,-9.660207623026885,6.32934667988892,5.80606962602365,5.302846541329775,-2.595688773995977,0.8324140269471776,-1.364407913742942,-5.982586574221752,-7.135818239819131,2.7194229239076324,-0.7267884307575062,-2.600375926378012,-1.2124271076683115,0.49877353295445936,-0.7252009216900924,12.728219893967443,5.5901084149482045,-1.382279833625827,2.7580423811343886,0.2670768946118338,-0.7348228927187309,3.0922413060497718,3.0504511548900406,2.608065779619151,-3.807741147321903,3.4160947616811734,-5.769980490376577,-1.0257384203234434,-1.3901565350198464,0.7181473954277219,3.2036732410896556,-5.54442019347424,-3.457949545376654,2.9837959157530447,0.46125461803866286,0.30408422243943034,2.5905267150401072,2.488796532970872,0.4319012848512042,1.8488907097146443,5.3193874208496235,1.9184270257270493,0.5215171896418777,2.032901460322881,-2.752277005048009,8.963288509830571,1.9286557283704713,4.200821360950563,1.527807607440496,-2.8761164376330535,6.8219414928127025,-0.7658377259049493,6.862923341275776,5.4791670705894004
7.766819560398579,-2.796334192047972,3.68336462340954,-1.4485434524935814,-4.450909177500448,2.9487601383237734,-3.073572587533673,-2.0122611079773454,-0.25519440621741063,-2.4896915511752744,2.8409927316296497,-7.682504270457055,-11.407952574854248,-3.915276063537792,0.0,2.626746067828604,0.9250078709516014,2.047550199267728,0.08145954077072384,2.4952674267315613,-2.435475218410859,2.7818984547531285,0.38561861315425056,6.221422539127488,1.5682299688323351,6.441049995712912,2.1927925885207165,8.755296653606187,8.381283327172689,3.6407636442421434,-2.538377933550451,-1.2673164920212163,11.879814714974565,-4.165551163705854,9.875463852367806,2.349782372279635,10.669029072174103,-1.239969999508564,0.10295815957434779,4.92907931578608,4.293682945349966,-0.14247911811091443,3.395493057826899,-1.3725570556251427,3.5324021572420694,-0.6516862754624939,-2.126474957406008,2.5408979844806114,13.08370290107564,9.44180972622106,0.27409153586914087,4.0534457904872125,9.89653144710412,0.06920600151437062,-0.8443491260403683,0.6899937375640277,4.464760017186091,10.926520377058548,1.711549757751134,-1.1910204697945403,-3.573768453174881,2.1729099797011355,0.42333460632472414,6.768736593582378,2.931601141180882,1.5178400321898264,1.5402019305242172,7.217184565885336,3.1820434921890994,-3.1126032467733937,-3.234021342434743,-0.20216896566895037,5.092510086455552,3.3785752188496048,-3.703751727836168,1.143266295434926,2.442621241640474,-9.942094157137696,-10.863586385930107,-4.810779449850908,8.832597586122606,6.6231817174923995,-0.2817061042423928,9.217980344333554,6.705242750753253,6.674082964019723,6.112507522377671,6.199178975460684,0.8978241962484158,5.221583563918662,5.789673863334512,4.046733067399132,8.212870358013914,0.6502284227242966,0.3710050031440587,2.11500632256305,0.7425307714015928,3.5541052537500435,9.344503527322567,-0.009368127399366074
9.220474771270336,2.75205159866853,1.8556754731300384,-1.0124860532053834,-2.735615295766124,2.596586043658663,2.8883647537059574,-3.4670515627463367,-1.1013858171945756,-3.6938166766102127,4.452140438855777,-6.633680374225574,-7.58735712494847,-0.4264650727595577,2.626746067828604,0.0,1.9076872868912764,-4.8007448693535055,-1.622519738416932,-0.6799585883358945,2.4683949514625456,-1.9099570070676932,-7.627087797890317,-6.532876350118767,-0.511864191049825,-4.770896057245244,2.2278300650793033,3.825063248589144,-0.7356187757558956,5.473959092861128,-10.279721726279263,-5.327028955454233,-1.3431547905419583,-2.208566715299256,-6.6219563419654115,-9.512147340488925,-4.286753768253746,-8.054908288434028,-2.615032165928806,3.580595780100853,-0.7474075183743634,0.05887199285162209,4.281140029356331,-0.7754514609825532,2.8020389060767776,1.2319775551068135,0.85795122680188,-5.25504677347408,7.986648041049338,1.0256586244334303,-5.708568807809864,4.36439250318863,9.7558922535637,-0.23886890539147457,-1.5205814246874716,-5.586201774986785,-1.3257048592147787,11.611559804022669,-6.053148030160777,-5.865441545332107,0.4742311039085377,8.932772754402222,6.035066471739307,-0.037742732217059274,2.284475831287456,0.1581022462898427,1.115775557652457,0.523832682598906,-6.354552092365776,6.7031908966947675,-3.6606059805376847,-6.638838068702128,-0.14167069123822007,3.803171643387077,1.008324169428332,-5.354913505557831,-4.693377600431053,-2.893632356077412,-3.095847613916942,-6.165934187386525,5.426036886169673,-9.123853336008967,2.8693605133031785,-5.823127518002034,-0.26773037124610927,-2.447251316657322,-3.058794306503733,-3.543245768999749,-10.82691281909963,-2.9004183083569233,-8.385866723495873,-7.700856695072253,1.883964801421848,-8.329176713077555,5.252244781095758,4.813492973842242,5.678972628731025,-4.196007795508516,-6.250161763067565,-0.4519721125050928
-10.369045602631756,8.439703748378264,-1.2615885461878635,6.398792012331913,8.099399857186823,7.6454838621597725,4.776698770258088,8.938772005677757,3.8446994920479742,7.513644281980077,4.964565046481706,2.842325882662825,-4.030497263945271,-0.10923593138635944,0.9250078709516014,1.9076872868912764,0.0,-14.353013342925008,4.851348580617788,5.136988673914293,-6.08507416516637,-9.444124328938273,-4.397480389942111,-3.2209058991378083,7.922003781115315,-5.472844874401404,0.7169078341138682,-3.329147980012639,1.803657755081508,-1.3461492338028689,-2.232459813899248,6.915993389913629,-0.4773602475998092,-10.078918441219956,0.036614455273290734,-9.226274142010201,-6.560857321657691,-2.9347826698024955,-5.3848203345192305,-8.383027651374173,-0.7509168776419964,-4.047161401032765,-8.659865531222454,3.316361473125641,2.284173137092347,-2.4762087687169,-5.156711202603024,-0.5615667102264588,0.415711649229902,-9.071946652715889,-1.8874011050171735,-4.165781049746422,-6.060607006469867,-2.356356529673617,-2.607248507212225,-0.6779367650241721,-8.115115534219964,-3.2048042182051364,-2.4704379740757667,6.866252546793228,-0.4836756256735004,4.44959921582527,1.2405222810646273,4.193181782053226,-0.7953673388199491,2.804290705532477,-1.9305187228909635,-4.617939010419343,-5.581287912013167,-6.888706229157741,-6.3003386369948045,2.175995313189206,-4.8114804129713695,-6.028574280289542,-0.8869361574221735,1.5617965694877696,1.3187217208037731,-9.091127413377505,3.970884662154587,-0.35112704530830774,0.2933499792991659,-2.638407654654064,-2.8056311865525374,-10.811355045386135,-2.9585903090379455,-2.863513226045024,-2.027839638158476,-3.017919585241267,-5.279419535813621,4.794869973660644,2.15705429104824,3.79597774222174,-4.944393239451459,1.906663941019996,-0.96329714839418,-4.000399823628512,1.5263219177694343,-6.646100053590584,0.9994775505915032,-1.1470556364610829
-2.828539875388235,-4.119345968917896,-0.4287805332833425,1.6151588187623815,-12.591774999644436,-4.579924800592262,-2.9864480244844933,-8.622673049629674,-9.800666732408407,-11.513690346996446,-3.9831634655687593,-15.910432014621552,-6.686220226310835,-0.03343827405054242,2.047550199267728,-4.8007448693535055,-14.353013342925008,0.0,2.580976587067188,5.297238875463468,8.169735449298585,0.2860504866842333,5.553619704884218,2.9981782196647253,5.908859419377173,5.179021619805376,6.717567594070402,5.387538936981662,0.9311694463940926,10.100981821129375,0.9280040983790048,4.980684834301059,3.9391955911709258,-6.961144465301304,2.330240682396417,4.716847031167633,-0.6285101059181725,4.876954349223447,10.891461170063844,6.027791536576382,2.188575950390853,9.401729660507728,9.031076525844583,-0.08897550560431881,2.259955684933034,9.544004849616456,-4.763424904535588,1.7015372656512793,5.447129994786104,10.57213538869489,5.783011705841024,8.9648254486787,8.096382492572577,2.2210761473161065,8.550332333181606,4.597271610228996,5.5092184546864615,8.00888810238722,2.4211158621403808,1.446122700029942,6.72524390272384,5.999902012403853,9.50293726931354,3.846300533806073,0.28501970400873794,-2.785572856679708,8.905604680852225,-2.035467327633932,-0.41698920207361273,7.081167752287009,0.9585127207778781,6.773363753001365,1.6573408007525454,8.386658022597471,5.729485334697976,6.125486394611042,-2.6457736400990526,2.4771188080693114,-1.2821272810476831,-0.9509288873527308,0.762858051152384,2.855413410621378,-1.8741000363436555,2.366017919399747,-1.9663738288511288,1.6581489874411408,-2.882217347827188,8.71250375779382,-1.2081416680802863,-1.0228296900446612,0.2817441357847345,6.5203550624205615,4.186100496671944,3.0766877604488747,2.3383425638746527,4.081580565550928,2.7806349136810087,8.082724486985827,2.659153499684016,10.81058858509778
0.20401305523027227,1.7680546182531691,-6.833416460921415,1.1613994012149964,-7.280083914141832,-3.4981148547780654,-6.369579113457443,-3.5202239729598563,-1.1760084502931847,3.5868766428805414,7.684752053278936,4.080708658037733,-1.3463615448458828,-2.5655106514126995,0.08145954077072384,-1.622519738416932,4.851348580617788,2.580976587067188,0.0,12.015030122155768,3.1065171413188946,-4.308381440621424,1.602458827956112,6.61286928359312,2.0002288374466377,0.1189924533188366,-2.611497589183443,-3.7271972310149346,1.9570130289687289,-4.659983090825907,11.519640577403024,0.6999406678576721,-9.806845494405396,-10.360730011766268,1.7675895822683287,-0.5754960068217508,0.14036828755815509,10.887768271515059,9.898571129896432,4.49629207686244,-6.711478874227841,4.159124734005529,-8.544445990129695,5.463580520206066,-0.8368306693633932,-1.99738045212956,-4.520888276077433,2.371728420375308,6.635546269105737,9.335918810533247,-0.228664449419304,9.000979854401917,-1.6196243344098784,-1.7353146905633132,8.586525304249907,6.331884005044598,6.16404229484989,3.865490916816471,0.09385544258575679,2.566839843174409,4.278038230474667,3.7871824973301136,3.079506686734285,8.03989961975055,3.6047472327805288,-0.8721676793317987,10.52687010767187,0.08096721399454684,1.567940751756821,2.983311630608283,-2.6271045314408368,2.353609295367977,-0.111150157283657,7.983579751046594,1.6023685424093537,5.111205057966926,6.776863570487419,-1.1329707199005787,10.187280373318888,3.96782507385156,5.204578605434258,-1.1623216589829528,-1.7636582614901348,-5.106652193010468,-6.845983069296644,-1.185865860702957,-4.1034892952079005,-2.1433294277916675,3.633612232855828,3.822741467521716,8.003202921887246,-0.0474086643544484,1.7635585194054668,4.253799596364288,5.271168596408406,1.2491356791049844,-3.8813715393890695,-7.017647980019307,4.451310414039445,3.4326042978853084
-6.34090377211856,-0.20040544818697123,2.7273606337170224,4.211476426216546,1.1053843093736695,2.9532970011368924,-4.90463121308072,-5.262664429852774,0.21097494133928377,1.2183272462322319,-1.2817990091185807,-1.8044260071172311,0.04999315866675668,-2.464861089795681,2.4952674267315613,-0.6799585883358945,5.136988673914293,5.297238875463468,12.015030122155768,0.0,-2.694834454993808,-5.856714871918713,-3.3659992852457523,-3.5695058643543502,1.087355502372468,0.0984219663264891,-4.2789930026200205,2.631757078184662,-1.9455761049947289,2.081540575587504,-6.994835256942952,-6.081652586180841,-6.932781133291951,-10.968779708230963,-5.014757639283265,-0.5725366511513561,-4.1762867617713795,-0.493271501007058,0.08996156085809592,-6.053028655622305,-5.688635427789582,-5.751317462623699,-11.435512009832342,-2.314719525273485,2.996908098143458,-6.380077231942253,-2.128262140962922,1.5853928861281203,4.481970122423622,7.852795468073432,-2.243958161192809,4.424183699210788,3.217441288752259,-2.842095941100123,-0.4416526440081229,3.2417404037887385,-1.2982837847786888,1.1048495914342786,1.6834248170398223,-1.626205304293108,0.5698945170367785,3.302215179039329,3.5353930679319694,6.297165372026666,8.507033606866706,2.6614817359936582,1.1118361816986024,-0.6000281503269852,-6.743160062683616,0.8598418444353522,-9.773774948460995,-8.977480272040754,-10.446216716665615,-8.718522938072834,-3.2248838687099113,-1.2642822240498675,3.9005003667087528,-8.434206746733265,5.883199600691677,-9.742090387860705,1.8275082417523807,-3.6407167713983615,-0.6284776162392538,-5.069715053709944,-3.387983207667444,-8.593744645239225,-0.7468354625547824,-2.414377983052337,-2.6938648248415884,-0.17983664755149667,-5.016160125548055,-2.720419343820281,2.633794520940833,-3.4252693121482336,-0.2832961501726669,3.4697332425605194,-2.000541421861169,-4.830682212585465,-4.2116870009105485,1.2912981446073963
-9.620157761618335,-2.7425532206022663,-3.8843944414297225,-4.055664714750352,-1.6055399022815307,-5.981708960753404,6.658392367175578,-5.4471362046449245,-3.4281709326348584,-3.0804974121485644,1.1333897365912713,-3.8177086687163784,-1.3262216548457515,1.369193260098818,-2.435475218410859,2.4683949514625456,-6.08507416516637,8.169735449298585,3.1065171413188946,-2.694834454993808,0.0,-2.1818202203365504,4.502508073576954,-5.874913518158359,8.762117104299712,1.0249138922010874,8.896963036379997,1.0318117831670108,1.7578177148693732,7.232825790851159,-5.480790888993368,0.07379742705667308,-2.50127219139364,-10.081052460408127,-1.7159737189536908,-11.450366187314176,-2.438692765281271,-0.509043349228599,-1.1476638661149448,-1.2530765688297651,-0.961372364337792,-5.455889816139125,1.2255440447319879,-3.142554286386087,-0.18918473060505284,0.5937236160658945,-0.9283311936180205,-1.5953498225666367,7.898036333287981,2.7475731330722084,7.001804991326832,7.781247278470888,3.3881679917336647,-2.5399225333742588,8.401626819126252,1.5376133986972382,-3.902307642485745,6.254021371014868,7.6199251668742916,-2.8339225966481782,1.3862150747873618,0.5782722307975943,1.2516431125731786,3.384247308372415,-5.507279996255376,-2.4817309443630124,2.735576746213169,0.6365623253061709,-1.6561954146881464,-4.421179732546046,2.393458406109205,2.848964796417355,5.175276430084441,-0.4098448874663784,-3.272742272132533,-4.528757269803849,-3.413030617737735,2.069117212296834,1.9908421524518916,-5.518117502311968,1.0460229311775624,-9.979510111551837,-5.154858105053167,-6.938962856497544,-9.910665317126695,-5.706896363978082,-6.143316801237946,4.968151477677818,-3.5107726673167274,-2.3078090692773574,0.20892152524806237,2.7125434610955033,-5.951181305896031,0.2822934951599967,-9.952907458848944,-6.9610562795768525,0.552203061501396,1.9938290481541272,7.490420056434459,7.246004646511848
