0.000000000000000000e+00,-1.422649202788786038e+00,-6.516303927050836720e+00,-5.550236124489074996e+00,2.794468156422984073e+00,-4.546765377100744132e+00,-7.216977419563091800e+00,-7.183967459605954176e+00,-3.974309595202938805e+00,-3.580533646962922312e+00,-3.533202935218126672e+00,-1.207178473467267921e+01,-9.850106499472646604e+00,-2.459221107137454787e+00,1.700658671248721276e+00,-2.128569108461170423e+00,-7.200931710606141678e+00,-6.748267562031990963e-01,-6.521658914103151794e+00,-1.295083596451572117e+00,-3.134795279268491885e-01,-3.076082305933343974e+00,5.875611778600456248e+00,-9.403472277312856509e-01,6.777740688613834052e+00,-6.071857048434229576e+00,3.031024169243643485e+00,2.949372931421739619e+00,9.242378242989193637e+00,-6.511058219994217744e+00,-5.994193144242738747e-01,1.096308033259426473e+01,6.840189513622331186e-01,-6.640871863454223423e+00,-5.413025816110941690e+00,3.835775415222870688e+00,2.401674377327346122e+00,-3.740113822384462661e-01,-1.239767442971838607e+00,-1.972181617639033324e-01,-8.905387501720534615e+00,-4.087748286735027214e+00,-9.705929368473352525e+00,-1.026371525970890097e+01,-5.828553063085252006e+00,-6.177708265115564146e+00,-5.944887008299263975e+00,-7.801624488204541130e+00,8.621765732246379210e-01,-3.431933592676582823e+00,-4.559940435605387421e+00,3.880529281444866641e+00,-5.396676163897051737e-01,4.112058482852488872e+00,-1.682730689574797323e-01,3.972423634111743596e+00,-5.724779210280058983e+00,-2.586634893627844267e+00,2.206744426701087169e-01,-6.001929834953988463e-01,-2.355198038409028971e+00,-1.191962098146222004e+01,-2.518242111465933686e+00,-2.889965363808958410e-01,1.275352365914043384e-01,1.496729865955057193e+00,-1.293913256561118885e+00,-3.972938742385225819e-01,2.489298750286047246e-01,7.766494579700260026e+00,4.986508479181975595e+00,5.128812853138451366e-01,4.437646291801459419e+00,2.773439065737594689e+00,-9.090421492330746034e+00,-1.630388566600250000e+00,-2.145691758945575955e+00,3.983310990574293164e+00,-2.226597580739810400e+00,1.352300734406831850e+00,-8.840907214345639531e+00,2.243488129782732710e+00,4.263861203933642097e-01,-6.608981903516814249e+00,-5.692593573729794798e+00,-2.689468722290778935e+00,3.706300462283422803e+00,4.071231486076099415e+00,8.342072750434890160e-01,-1.130035644578364140e+00,1.320403499416750448e-01,3.837860086880994448e+00,9.334119769994118077e-01,-2.056905563516692848e+00,8.864836704596884553e-01,-6.585437897690309406e+00,-3.113475394121708817e+00,-4.199091741024573388e+00,-2.319081879866609963e+00,-2.522662506547306727e+00
-1.422649202788786038e+00,0.000000000000000000e+00,-7.048903743498311947e+00,-2.201024446401108392e+00,2.713760010533691869e+00,-2.290176909639392466e+00,-3.289223137784534623e-05,6.154284019141411655e+00,2.178294049662007570e+00,2.108512483300096108e+00,2.557170160751872867e+00,3.462570129868996371e+00,3.864184014038737125e+00,-1.587414197572438734e-01,2.006078818618671988e+00,3.709067199134396198e+00,-1.955862274274934309e+00,6.392585161600451649e+00,-1.874145804544013583e+00,4.761399555136679673e+00,3.442314496001780189e+00,6.562475810782196994e+00,6.876322298492530294e+00,6.339077266733960103e-01,5.721979586975945331e+00,5.905802628252364350e+00,3.295015623557186135e+00,3.561609878049299960e-01,2.918350626307560258e+00,4.237219403583194044e+00,7.181675437560753217e+00,4.986811579468215072e+00,8.113731448796814849e-01,6.959020988393270102e+00,-1.405443091272395861e-02,3.785637437211584633e+00,-3.207243425824369165e+00,-4.064938074879507646e+00,-4.102492332737298075e-01,5.655782526135274324e+00,-3.634996709863243414e+00,3.600899037773440003e+00,-1.038884647090059588e+01,2.824323139948357042e+00,5.065817183582502992e+00,4.219689217815932203e+00,3.113505979349736830e+00,-8.939470206066541635e+00,-8.433281794476542581e-01,-1.391773256313059981e-01,3.599760386545616253e-01,-3.518229755880324827e+00,-1.893721364573080379e+00,1.299373050783090289e+00,-1.691388259721190668e+00,-6.408259906436438724e-01,-3.614561655603475643e+00,-1.099437374506284426e+00,-1.918436245035073373e+00,1.792753026954624351e+00,-3.656644631498400688e+00,2.007236141172285659e+00,-2.814254168278762513e+00,-2.806833917128261913e+00,5.439552734831224479e-01,-5.902623161465104573e+00,-4.981691056748227986e+00,-6.751771241012680669e+00,-1.283877538353972270e+01,-3.314131735744996643e+00,-3.936896002227134317e-01,-7.134140021629247208e-01,4.737533446809338855e+00,1.748714177186095065e-01,-2.093431999423084999e+00,1.594489403708357012e+00,2.713896185466551092e+00,3.959866714689066480e+00,-2.281885097406039509e-01,-2.421826206864698516e+00,-1.416892421534264379e+01,-1.451047895885510197e+00,6.967107527996577732e-01,-7.936954020729569237e+00,-8.949323459303556660e+00,-7.592367794640206391e+00,-2.617710628802956130e+00,-3.910185471277614511e+00,-8.679863120818412936e-01,-9.617081963075376549e+00,-4.574790446021091306e+00,1.385283475232021999e-01,2.837167480977217160e+00,1.998698159529230578e+00,-1.414468178853912406e+00,4.518270778617296202e+00,-7.136309522830008412e+00,-1.308679934368577946e+01,7.021778845513868550e-01,3.714942643767166430e+00
-6.516303927050836720e+00,-7.048903743498311947e+00,0.000000000000000000e+00,-2.918220174472627715e+00,5.561773720356018025e+00,1.259926250840416762e+00,-7.227347214253325269e+00,-1.900211729510525638e+00,3.868037082503603119e-01,1.713675111784126681e+00,-3.564485223722948959e+00,6.348388923144816509e+00,8.520654856365768026e+00,3.955449263463445941e+00,-5.390718509706914352e-01,-4.627297833623101653e+00,-9.078599754527997945e+00,3.975017232455058114e+00,-3.435833932607987418e+00,8.082568944519724852e+00,2.374931172944155122e+00,9.704587518539652180e+00,1.996219802453677472e+00,4.464721688791146725e+00,5.890702369878734856e+00,5.637755585376222456e+00,2.569084553717996933e+00,4.198826261005457638e+00,2.047867919076466592e+00,6.996696541425368565e+00,6.587113089657689713e+00,3.577991866037510960e-01,6.239435634568027744e+00,-3.410814390345395353e+00,2.290132830888730098e+00,3.107969955545037521e+00,1.052432670041664187e+00,7.932165576818459019e-02,5.151234485911103000e+00,3.374373096661003490e+00,-9.326170311706231786e+00,3.091241629863523244e+00,-8.215635583063511937e-01,6.071715554169591300e+00,1.344177579161370240e+01,5.226463856478387626e+00,6.653994575406111167e+00,-5.101287493478098511e+00,4.774847035912047843e+00,3.983533388053521307e+00,-4.193037549538713549e+00,5.825571042799583488e+00,8.844001608436315109e+00,5.817974708092813252e+00,1.773374831106598659e+00,-6.161268894049061196e-01,7.849333164906845406e-01,-6.781515179363949430e-01,2.214571773628016160e+00,2.954129165129157464e+00,4.414963685095381507e+00,1.923880611775381722e+00,7.389973013544977931e+00,3.691125824686111834e+00,1.359577985693206204e+00,1.595350530035274161e+00,4.978826036344751849e+00,-9.875043868092817645e-01,-7.169091754770944291e+00,4.252052688128501678e+00,-8.023811307642499946e-01,1.021661425768786380e+01,3.868214730851817329e+00,3.332372709403187194e+00,3.902409891183953317e+00,7.897525539872457756e+00,2.432448838608180175e+00,3.742121814645124722e+00,1.034469830535569024e+01,-1.579698525060403425e+00,-1.195261848461271903e+01,5.278745043292295769e+00,9.287264545362805990e+00,-3.842032063038431922e+00,-5.970423151998268452e+00,2.669675725554012669e+00,8.230477316116751041e+00,-2.759456277761541898e+00,-4.323992420982423202e-01,2.764556853840387962e+00,9.067200892729221806e+00,-1.893537363050397326e+00,6.181231520702273663e+00,3.955696418329306852e+00,4.135754395344749312e+00,9.178132921729863503e-01,7.584285362201772962e+00,-5.456478442212520541e+00,-3.062905486803440436e+00,-7.458744374697039881e+00
-5.550236124489074996e+00,-2.201024446401108392e+00,-2.918220174472627715e+00,0.000000000000000000e+00,2.859389830935754606e+00,-2.463462964887565221e+00,-6.487734396310280260e+00,-3.357475510832159254e-02,7.950908520365375098e-01,5.146293133108845730e+00,2.377634240678335509e+00,1.419833910291284473e+00,2.841495753133713276e+00,2.612819906076340626e+00,7.650399269604194252e+00,5.583208239224012992e+00,1.396433034730802802e+01,1.099392429153226303e+01,4.404279915477056662e+00,5.028811846720238066e+00,2.259298961387017801e+00,6.395551136293123662e+00,5.239571033949294687e+00,6.478308506277754120e+00,3.662738312270271912e+00,5.189048989015246915e-01,-1.771283308441545801e+00,2.721285553113680589e+00,6.817857206534507775e+00,1.284382820052210938e+01,1.327034549827792231e+00,4.013970547403335587e+00,6.446045913841476960e+00,2.611560757707447333e+00,1.044667462738818209e+01,2.434607473272389022e+00,4.186669693484513788e-01,7.899991933892517970e+00,-1.926519986266345796e+00,-5.554218537189590243e+00,3.151059440051722671e+00,4.723097159766279418e+00,3.918286116146066256e+00,-6.887389282547447422e+00,2.776792431979297593e+00,-8.743649572574648587e+00,3.643628314880718033e+00,4.680365360984102274e+00,1.828275056918910790e+00,2.375144223134967980e+00,4.106398688609173675e+00,-8.470278116990124673e+00,1.239182129862149484e+00,5.168591722834899871e-01,7.235287914039812973e-01,1.665333494591567209e+00,6.048531385039724206e+00,-4.404677947172267238e+00,5.310791635788047138e+00,4.359523002320167429e+00,5.392728175745194363e+00,5.249213418225980865e-01,7.785232485228950061e-01,-3.972788967220054701e+00,-4.407980551614812725e+00,8.953898025098913749e+00,9.138355980804441003e+00,-1.361156180295562512e+00,-2.245517713638693014e+00,-2.625745085220557939e+00,1.468692351777058036e+00,3.881794392383305370e-01,5.233065948073847284e-01,3.403508597776962574e+00,3.275712727260129409e+00,1.479904743918967647e+01,7.927176022403185307e+00,9.069221756832096304e+00,-2.039842738330760685e+00,-4.928263284556587132e-01,4.203542947632551652e+00,4.878626461564227412e+00,-3.592177336993064962e+00,-2.244270920181418716e-01,-1.987240774759031492e+00,-2.178613682897555748e+00,-3.219892116569857077e+00,-2.894698285278155314e+00,-2.751842661187875905e+00,8.214905570293509207e-01,-6.392416096716934115e-01,6.402224905923890041e+00,1.086989805150409438e+01,3.367601010367872405e+00,2.333484047070991885e+00,-6.669570105102489599e+00,1.080436701543188160e+00,-6.616379227695047938e+00,2.278822054322254154e+00,6.308555178314081857e+00
2.794468156422984073e+00,2.713760010533691869e+00,5.561773720356018025e+00,2.859389830935754606e+00,0.000000000000000000e+00,-2.790338889268805467e+00,-1.040332733955416256e+00,-2.909461035554731456e+00,5.235567311283010339e-01,3.566887147368591915e+00,1.051470359192684834e+00,-6.771367573214814861e-01,-6.871882348418623110e+00,-3.930377520553297366e+00,-9.653697434119682397e-01,6.037320681684373025e-02,-4.759712380277480115e+00,-2.885761401298298168e+00,-3.291488639734569954e+00,1.595935299002998908e+00,-3.648585480907102774e+00,-8.582318698414648228e-01,9.229109768448468643e+00,1.911336567531217945e+00,7.160098377245395440e+00,7.517143529777288613e+00,1.766499149749211073e+00,1.483880508187654490e+00,2.506805056817524857e+00,4.475046127298224263e+00,3.321050439173463431e+00,4.271960886095219068e-01,-7.625052559581957379e-02,3.802294293813316184e+00,7.063615035274797727e+00,2.402104739464518524e+00,8.336959689902097015e-01,-4.097176971841546056e+00,-1.699672132496683918e+00,7.918635244497076453e-01,-5.293197941704653076e+00,3.590828402338122949e+00,-3.679321891027602209e+00,-5.372012847890396792e+00,-2.005155275335647858e+00,-2.244926828846254718e+00,3.769072521432760836e-01,-2.622836995895647227e+00,3.362963598655356545e+00,6.407333295288421660e+00,-7.327239434019826581e-01,-3.862321518568789802e-01,-3.154640600597564237e+00,1.098758432941357777e+00,6.949883132109499151e+00,-2.400805719808706495e+00,-2.871901010912622176e+00,3.730362865521336779e+00,5.282390084263012042e+00,2.518777712539472358e+00,4.465793743251921022e+00,-4.321274446398033930e+00,1.836655393723142682e+00,-2.627793162385545056e+00,2.621219518200073484e+00,-2.585016030930480380e+00,-7.048529060969412008e+00,-5.223181071690204291e+00,1.475274477218540214e+00,-1.615827714222071387e+00,-1.084154281196034075e+00,1.984418189428678980e+00,2.705031839887137579e+00,7.318597246528915079e+00,-4.855158031836501742e+00,7.402141950489697919e+00,1.833385599779945530e+00,9.927680456932149511e+00,-5.525708577743135841e+00,-2.036083805480567221e+00,-4.305683715012557755e+00,-5.122415708821502101e+00,4.883983488000943396e+00,6.673752399434104809e+00,-4.760544070692199203e-01,5.176094589098083176e+00,9.526428608245333940e-02,-2.091635484400239164e+00,7.922401510433150218e-01,-7.583009050932180806e+00,1.711784389990331223e-01,3.440660972498053582e-01,5.966748259188437764e+00,6.463660051511920024e+00,8.707963902092716424e+00,-3.146964953015773947e-01,-8.236125100137901001e-01,-6.015734015545946889e+00,5.780495779664370559e+00,6.620121937977581972e+00
-4.546765377100744132e+00,-2.290176909639392466e+00,1.259926250840416762e+00,-2.463462964887565221e+00,-2.790338889268805467e+00,0.000000000000000000e+00,-1.434072229523895281e+01,-7.580801873842990979e+00,1.141538122446447368e+00,2.405321275227279898e+00,-1.545923659034813769e+00,8.226556915021559391e+00,9.147479365793241612e+00,3.120115438821202236e+00,4.490409988176912393e+00,-5.374596837858152121e-01,-6.996863781501901913e-01,3.239506320148609397e+00,1.481097681364471397e+00,4.309394444268729529e+00,2.682550765521264147e+00,4.851676637445788920e+00,7.408232839739900655e+00,9.146383819909177149e+00,3.119964229800397337e+00,8.540472634346009784e+00,1.550288202705305540e+00,6.031216847709371720e+00,-2.985732924423368129e+00,5.142905007202554835e+00,1.223841559027630232e+01,4.612744198701893339e+00,-2.776794265385689187e+00,1.636709480012969120e+00,7.444464493408696093e+00,3.243975546194905579e+00,2.666963859308486562e+00,-2.026625323367089671e+00,-2.472710667531460516e+00,2.072915078787783694e-01,-6.928184199231719465e-01,8.818066622995967663e+00,1.926290195293287377e+00,2.813731218250312693e+00,1.275432734712847882e+01,9.133256916501114597e-01,7.495982583377939212e-01,1.497184730318628310e+00,7.053559365708045092e+00,5.065136843668238242e+00,8.751430695051373720e-02,-4.178803191286466934e+00,-2.332975853884099449e-01,5.020958754220517406e+00,-4.000471137881487671e+00,-3.077506772021554315e+00,-9.117247233588984257e-01,-6.567074492221991910e+00,-8.007170112414083718e+00,7.670712442141522924e-01,-2.397455709052020989e+00,-1.527854256163288404e+00,-4.649162714989081735e+00,-1.594195354072957205e+00,7.438686752185655671e+00,4.817689358976018354e+00,2.327420797428090715e+00,-2.124080792170234933e+00,-3.271887916988921230e+00,2.045807526542334553e+00,3.915496167118214910e+00,4.646331321518799129e+00,-2.196785075163452117e+00,-2.178985509736013793e+00,-3.746738453720001694e+00,8.243487614411190378e+00,6.406878756169760436e+00,1.058233017023859368e+01,7.047399934833829427e+00,1.370645649794223431e+00,3.198969480771781448e+00,8.302593681516464486e+00,1.614065494581891258e+01,3.713780873648803382e+00,3.443084535779538519e-02,2.832536579084584449e+00,6.508196165990872473e+00,8.704978110206134545e+00,-8.245922156695020266e-01,2.762785411012421033e+00,1.505662426022843503e+00,-1.858610131490991524e+00,2.124838904760100622e+00,-1.469834108741367995e-01,1.284022099184678245e+00,4.549514104314846819e-01,-1.513713574363323655e+00,-1.016666019979380470e-01,1.075202561136387480e+01,4.944380204107222454e+00
-7.216977419563091800e+00,-3.289223137784534623e-05,-7.227347214253325269e+00,-6.487734396310280260e+00,-1.040332733955416256e+00,-1.434072229523895281e+01,0.000000000000000000e+00,-5.814841930015778537e+00,7.843089668107465773e-01,1.068462653098308568e+00,1.278083001231531401e+00,7.785406504421645835e-01,6.225802946824395612e+00,6.582284960955045783e+00,1.318653638738490841e+01,2.128468270959268160e+00,7.286679405655618336e-01,4.505431586045629544e+00,1.017424265017028695e+01,2.338080829246340198e+00,4.742488233705743461e+00,9.522012431400456833e+00,1.349610920307127060e+01,3.386095231265391803e+00,9.926573165487241113e+00,9.448203422812781582e+00,7.576555329206415834e+00,5.905516375456198119e+00,7.511842545561585593e-01,2.749578212346271755e+00,1.066710957783631741e+01,4.842680250936841624e+00,3.823312426500510064e+00,5.454933461919720949e-01,-9.090035273604551991e-01,3.506613671569393520e-01,-5.986620483564144557e+00,5.684894315953286537e+00,1.014065073376948689e+01,6.297348941874441053e+00,1.227440954752857305e+00,6.576944625814823198e+00,3.634254299125067700e+00,-1.359969117885517997e+00,1.078339218168430591e+01,3.783108548564607432e+00,4.406628664599933742e+00,5.672415764930462068e+00,-7.739424565254793276e-01,4.979038034173420613e+00,2.170800029775219464e+00,-2.388299946561658782e+00,-2.142859402298036731e+00,1.859559457558516149e+00,3.443710817323520690e+00,-2.513720255914011492e+00,7.815393180723180677e+00,1.666459672845428397e+00,1.088559718827349343e+01,9.489310709470499816e+00,5.854797872197258890e+00,7.588611745188025282e+00,1.422150430919430164e+00,4.410373709900157202e+00,9.446530386574931271e+00,1.039180130745163577e+00,5.583262001234285066e+00,1.042409416720461834e+00,-8.629139538604214010e+00,1.115719130178382867e+00,-1.910737848376412362e+00,-1.824859103732989318e+00,-6.283215787552172138e+00,-9.887228363668171260e-01,1.070350919206711549e+00,6.811245512347291253e+00,3.039673312796590032e+00,1.033856187063911669e+01,9.294368169615346176e+00,-3.386114645151245273e-01,-5.689879969261700587e+00,4.455964815437743476e-02,3.078119584309076284e+00,-3.164072082211143999e-01,-5.561798222387417390e+00,2.335563226667888070e+00,-1.142181791884248288e+00,-1.069098511834335952e+01,-4.812385632582138584e+00,-2.232006480780962310e+00,3.004074523537337615e+00,3.270153719522439939e+00,4.118242047218190649e+00,3.445460359478447643e+00,8.285714851425838745e+00,1.167013823050448984e+00,1.601512346059638991e+00,-2.152451182330022750e+00,-6.399894312255163698e+00,2.328943350113166666e+00
-7.183967459605954176e+00,6.154284019141411655e+00,-1.900211729510525638e+00,-3.357475510832159254e-02,-2.909461035554731456e+00,-7.580801873842990979e+00,-5.814841930015778537e+00,0.000000000000000000e+00,-1.350251954845927971e+00,3.540573895847628272e+00,1.351176071634105469e+01,5.958390704427629636e+00,8.398629336802844847e+00,2.299899627692603143e+00,7.230368159359317204e+00,1.025245654731465095e+01,8.588871974133502007e+00,1.317153824277871976e+01,-2.466753853105072114e+00,3.264694038900485040e+00,-6.360295703386294797e+00,1.289070895429806995e+01,1.325888739049714937e+00,2.686168266462448440e+00,6.547251904139507417e+00,8.508146114591900400e+00,2.425901459068923849e+00,1.054982729627181470e+01,2.368602131554514489e+00,8.730615725631277968e+00,-3.979665930670520435e+00,-7.067752871625605060e+00,3.626925597519643940e+00,1.198430453946519414e+01,1.166540173877053199e+01,2.631372722569895739e+00,-4.497640701429428844e+00,5.830198065352134584e+00,-1.262889284351964791e+00,-2.042350503752540458e+00,1.213325784024664777e+01,5.693202351375755477e+00,6.542049056728706624e+00,4.296632177812069742e+00,4.893737907457111902e+00,-1.401151752928841310e+00,1.061105577401799849e+01,5.075659306477350086e+00,6.655286736262673308e+00,1.019152207281515921e+01,7.258720371883562450e+00,-4.234537167293455973e+00,-1.225773245796522470e+00,4.011243178877224480e+00,3.943989197883796649e+00,1.395549175502682759e+00,1.039820632029099734e+01,2.121012474223758493e-01,1.633268951554735837e+00,1.677409322351618215e+01,4.147165120130249960e+00,-1.127813372643571510e+00,1.717282205888782443e+00,-1.576532448820292809e-01,-1.299904711746482922e-01,-2.132115998688491221e+00,8.803569597848706962e+00,-1.823280257670087057e+00,-2.877766405063796995e+00,8.365333013013686037e-01,-2.043304512667443618e+00,9.191419146625093850e-01,-1.001684127797955598e-01,-2.025456149116284799e+00,-4.688170786992455069e-02,1.332504854101351022e+01,1.124699636910712286e+01,6.564763194483996145e+00,-6.339439230507256440e+00,-3.143334808252313817e+00,1.204300784019327786e+01,-6.676911012393844658e+00,4.033957548941882187e+00,1.549711359884357709e+00,5.055271550738206443e+00,2.092507177833763166e+00,-3.173757122456366542e+00,-1.747565607310737734e+00,-6.839498128123250531e+00,-3.443276073053539443e-01,5.372702264797202254e-01,5.513785404720184857e+00,2.326357294924216390e+00,-3.209225202138942024e+00,7.721127761899478692e+00,-2.644173353874805787e+00,8.160918042992559407e+00,2.453555112676683692e+00,6.858092856696623052e+00,-9.931511474433347975e-02
-3.974309595202938805e+00,2.178294049662007570e+00,3.868037082503603119e-01,7.950908520365375098e-01,5.235567311283010339e-01,1.141538122446447368e+00,7.843089668107465773e-01,-1.350251954845927971e+00,0.000000000000000000e+00,9.588312813938284052e+00,5.407843406091849658e+00,6.055133917490797657e+00,4.224886891933263833e+00,3.689190679210121004e+00,8.307416162205148780e+00,8.909761198690697270e+00,3.090402291842623050e+00,1.250822318324040694e+01,6.819075024896280368e+00,4.344848042834941637e+00,4.551032568510859022e+00,3.661287152703396774e+00,2.252430889136550984e+00,1.156334550312198423e-01,1.165565455737212908e+01,5.440188449206838861e+00,2.987578190721358329e+00,7.616546270661257445e+00,-6.103673537496593360e-01,2.126749968542919866e+00,-1.127347218600811729e+01,1.198074805508364316e+00,4.383593964201613069e+00,5.970582684916949212e+00,-1.968169370162294873e-01,-4.698835061388097478e-01,-4.108122637201531369e+00,3.850997743928679551e+00,-6.690342478716441166e-01,1.924017800100347619e+00,5.560275904996102803e+00,-2.273648825750230085e+00,-6.260259864151917597e+00,1.845345622136870922e+00,1.135738607113016663e+00,-3.059638702649841946e+00,6.567467909159386830e-01,4.437928152800558301e+00,5.731666964382929663e+00,1.307876387841635513e+01,3.316519100234884387e+00,-3.969030195276337825e+00,8.978763138809104927e-01,-2.367504002327556201e+00,-4.925017788872987801e+00,-2.334500151909608689e+00,7.112910735704670584e-01,3.413154940826092609e+00,-5.243572345356165343e+00,4.572319821585171695e+00,-4.289250814574017134e+00,-4.376848876249139764e+00,1.742662676763135909e+00,-2.986546969877012625e+00,-7.475701933891644169e-01,3.009867950063442876e+00,1.741484605263430741e+00,4.541312536201566274e+00,-3.142315408333719695e+00,3.766699955545834033e+00,-2.756801494736846880e+00,-6.360374857628459111e-01,-6.326846444423294358e+00,-6.404049964290514652e+00,-4.432358986872401374e+00,9.458440118850425904e+00,7.096869952034573714e+00,5.674969751434145948e+00,-5.373675500742607802e+00,3.990903301612764409e+00,3.129825127846387112e+00,-3.465707569962126033e+00,-3.522527771653892970e+00,-2.293097550619508151e+00,5.943620634874346109e+00,-2.077570750523678900e+00,3.448875426248684040e+00,-1.303022198390369812e+00,-1.357876223816381289e+00,-1.480065336335850690e+00,-6.247763093615676944e+00,4.827293069257649449e+00,-1.063917130502183728e+00,-1.077262474498418854e+01,-3.882449673407387114e-01,-9.513971518030578167e+00,5.432808760123906122e-01,-1.980187810836764095e+00,9.313115299447449758e+00,4.928856571817505028e+00
-3.580533646962922312e+00,2.108512483300096108e+00,1.713675111784126681e+00,5.146293133108845730e+00,3.566887147368591915e+00,2.405321275227279898e+00,1.068462653098308568e+00,3.540573895847628272e+00,9.588312813938284052e+00,0.000000000000000000e+00,-4.549620903376889736e+00,-1.744956282758177268e+00,5.517386074702971044e+00,-1.492952579998650053e+00,-6.951780680361679954e-01,2.043168927149293379e-01,4.473487057584565996e+00,3.573465068995793636e+00,2.340044666171526011e-01,-7.085726882163361218e+00,2.200912154952345545e-01,-2.547094889188131761e-01,9.743073815925087366e-01,1.708631770798553662e+00,4.170710881891460886e+00,-7.651880481727824979e+00,-5.315808422001457423e+00,3.531846456141648272e+00,-3.793500947010062241e+00,-2.671242195743388947e+00,1.796636583278323540e+00,8.224275772821874497e+00,-2.320681056889841276e+00,1.745711608575854501e-01,5.281113936326951475e+00,-7.661395449245778089e+00,-3.152468974573928939e+00,-5.647546188534589895e+00,-8.677356750755718551e+00,-1.657777700683971789e+00,-1.597569953138415100e+00,1.195522003244877673e+00,2.363948585021698356e+00,6.713331520107699291e-01,4.031848904468832373e+00,-4.836729931082562217e+00,-9.378115499703365998e+00,-4.204530120191650511e+00,-6.324733361637012941e+00,-3.055728227772681382e+00,-5.029346306233807518e+00,-3.765239168520959634e+00,-9.495627694156699050e+00,-3.549487195538830075e+00,-9.658808913628355697e+00,-9.499024954620777450e+00,-9.379644843638737517e-02,-7.384763403724602604e+00,1.367924957526163832e+00,-3.183121255463655874e+00,-4.508181881094251331e+00,-8.155669456934477424e+00,-1.027314123382553923e+01,-5.632003899177271400e+00,-2.379197581292765429e-01,-4.738629021784583450e+00,4.593075873156986511e+00,-3.057408114908866548e+00,-9.513743203918576530e-01,-9.705153991514967160e+00,-7.625323221821801667e+00,3.444240752515473347e-01,1.646787087911829317e-01,-4.122960644430908594e+00,-1.091004819223577033e-01,-1.404485748443364823e+00,-1.541791513387591461e+00,7.253464575556293426e+00,3.889726973241622310e-01,5.474982002415927695e+00,6.537280158211033587e+00,-5.753771184433843722e+00,5.547135976511269329e-02,1.211709561394553436e+00,-2.184373935706872327e+00,1.907290258956731765e+00,2.751516685836764342e+00,9.978548066961708818e-01,-6.945736741230082778e+00,6.697613111726749224e+00,-4.091442932041418068e+00,-7.210497717758758363e+00,4.169210314707561871e+00,2.172693394483190404e-02,-2.922077874518414831e+00,-1.095265221808420009e+01,7.136265800936014259e+00,-2.085712240291710096e+00,-6.365794934164617835e+00,1.895662678495564635e-01
-3.533202935218126672e+00,2.557170160751872867e+00,-3.564485223722948959e+00,2.377634240678335509e+00,1.051470359192684834e+00,-1.545923659034813769e+00,1.278083001231531401e+00,1.351176071634105469e+01,5.407843406091849658e+00,-4.549620903376889736e+00,0.000000000000000000e+00,-4.906566251747243257e+00,6.068470629218548851e+00,-2.462195978215878878e+00,-2.168391557218208643e+00,-5.190915146882528752e-01,2.417578003529601283e+00,9.299459402128086083e+00,-6.018916000112133347e+00,-4.856665701876188734e+00,4.303386076618631151e+00,7.371813526170338804e+00,3.476244437635870099e+00,7.525431840093927072e+00,6.015550028185878695e+00,-2.794079798835118034e+00,-1.184202217119186162e+00,1.253897124828056597e+01,-8.175198646185181772e+00,8.002493867200159983e+00,-1.662930103988677022e+00,1.056796700966253111e+00,1.653398194959125211e+00,7.689156732399426986e+00,9.865957539533290799e+00,-1.781110898378784002e+00,-1.798251887901770818e+00,8.812763815938214895e-01,-1.001116271402617208e+01,-3.096534175739113603e+00,5.375041050764756356e+00,1.491757504730701678e+00,2.038946880665855055e+00,-2.028932783624235459e+00,5.168426567309979625e+00,-4.569982813554727130e+00,5.973154738944246311e+00,6.495567751649993227e+00,2.338787548477973266e-01,-1.775084483528569068e+00,8.724557894240693168e-01,2.993523752048851350e+00,3.537218488117700677e+00,2.851982293234577304e-01,-3.779348195266692745e+00,-4.762299067773420269e+00,7.772713643505483105e+00,-8.857987926547053803e+00,9.779283341880420366e+00,-1.066839218830338970e-01,4.797798561464702516e+00,-1.230222276214786525e+01,-1.111540165461674112e+00,-6.126947701903076471e+00,3.785248470774753571e-01,-7.574242080049213399e+00,1.661233259668184203e+01,-9.566253169588742722e+00,-6.675888529067313115e-01,2.351372346851853479e+00,-5.417858910880060996e+00,7.749119598854767865e+00,-2.532476478954510668e+00,-3.715513586893541831e-01,1.886175682536775922e+00,1.046570366195043711e+01,-1.405571911017780229e+00,8.917098419414800858e+00,-5.055470389301792267e+00,8.790194450854023955e+00,9.226347745289787738e+00,8.313156436366920587e+00,3.502430051245081000e+00,8.109117291969408114e+00,7.043589443955331042e+00,9.236933669835067917e+00,6.230951981502671266e+00,5.576732048033851363e+00,3.746752309918901513e+00,8.559019575540807168e+00,1.186454291975076281e+01,1.360239325794384690e+01,6.038283907111589244e+00,2.543933666674579541e+00,2.947495869725909046e+00,-7.348682013915803779e+00,8.026554563244806317e+00,1.343827185790268830e+00,-1.100228441930538592e+00,-7.852471233069796552e-02
-1.207178473467267921e+01,3.462570129868996371e+00,6.348388923144816509e+00,1.419833910291284473e+00,-6.771367573214814861e-01,8.226556915021559391e+00,7.785406504421645835e-01,5.958390704427629636e+00,6.055133917490797657e+00,-1.744956282758177268e+00,-4.906566251747243257e+00,0.000000000000000000e+00,1.228544066297935444e+01,6.248349639699951830e+00,5.221331004923555064e+00,7.236487020708238793e-01,2.542608808054733327e+00,6.612257864837987498e+00,-2.548275223799365108e+00,-1.241119667854969855e+00,-1.077536090684430681e+00,6.911193444138850062e+00,1.176610550143009881e+01,8.777867884831040968e+00,7.615976727972182836e+00,1.998349335748261568e+00,-1.915433553985692372e+00,4.495026931595424990e+00,-3.510422303510258857e+00,4.055443317161569361e+00,7.192844511207904468e+00,7.822256975221363318e-01,5.056886766822644041e+00,7.179778535361206693e+00,2.081733589344072932e+00,-1.271882224656528115e-01,4.217263854163772585e+00,6.743791329926287936e+00,-3.237866604038878382e+00,-3.121002156553725815e+00,1.245047922028368337e+00,9.589213695313320684e+00,3.362871247456424850e+00,-8.270974328114533591e+00,7.966160985064744793e+00,4.150773317066817292e+00,6.276254958640955728e+00,6.997649498864804585e+00,-8.574879426528794757e-02,5.936692549777090377e+00,5.486128440854415977e+00,-2.928352644851918374e+00,-3.792266415537950408e+00,8.250609562445813339e+00,-2.652184964023236446e+00,-4.598623497496491019e+00,3.923355819726657145e+00,-4.164434661614361488e+00,3.220057753852830551e+00,3.853700248648651350e+00,-1.711917779177891230e+00,-1.209644884348943528e+01,-2.928481453123916278e+00,-8.865210535112792556e+00,6.592801186975654204e+00,-4.288992570836192564e-01,1.046222084192710611e+01,-4.728614748372549137e+00,4.287340084517789585e+00,3.584408894663962286e+00,3.850662937376207129e+00,6.027997583005626936e+00,5.381835842271397219e+00,-4.797856415304693201e+00,2.661550831300000475e+00,5.670775283853656923e+00,1.614825728286037654e+00,8.456108761840290811e+00,3.114778506368168998e+00,5.202268538102023498e+00,7.849171418398249500e+00,5.226671490946823262e+00,3.219683230831027032e+00,5.312533158075797957e+00,2.793431895883874638e+00,9.722300111888356966e+00,4.816095107607595516e+00,2.874211672266737239e+00,5.719823677948713408e-04,2.694862411329097984e+00,4.419926406891756088e+00,5.337305060823103631e+00,1.266215799799342401e+00,5.961579123456155926e+00,9.313452821184153407e+00,-5.951804626337807491e+00,3.575253401380001250e+00,1.658181056291159194e+00,4.268532484937624716e+00,6.742402496965843817e+00
-9.850106499472646604e+00,3.864184014038737125e+00,8.520654856365768026e+00,2.841495753133713276e+00,-6.871882348418623110e+00,9.147479365793241612e+00,6.225802946824395612e+00,8.398629336802844847e+00,4.224886891933263833e+00,5.517386074702971044e+00,6.068470629218548851e+00,1.228544066297935444e+01,0.000000000000000000e+00,1.816617461458702065e+00,-5.593121554529687511e-01,2.532947384685412917e+00,-2.086437155283419553e+00,8.411561535811566515e+00,-7.979099919695896048e+00,3.487080259473999355e+00,4.715850784028593701e+00,-3.043940635605073552e-01,5.756658192829322118e+00,3.932511638845425317e+00,-9.071236477243486140e-01,-1.498597749685409486e+00,2.427789063191964303e+00,2.815926841580230100e+00,-5.007923099342815654e+00,3.957763704545500527e+00,3.526918797985013843e+00,-2.243039277951520916e+00,3.049434947957315956e+00,-2.031433860881268316e+00,-4.024532121706434040e+00,-4.871487814166647889e-01,2.194598804972476724e+00,-8.367390611820372470e+00,-8.847764831726856016e+00,-8.405042374975659314e+00,-8.886581041058358110e+00,-2.563969414519247980e+00,2.228570790108111321e+00,-2.502261288022455066e+00,8.772447424026530882e+00,6.706609477003629971e-01,1.482148418218150132e+00,2.668116035202122927e+00,-5.573459851170554202e+00,-2.887297268871589662e+00,-3.171254043327411121e-01,-7.608814377659473216e+00,1.739803408211203051e+00,1.013427802338931016e+01,-2.667922997915560757e+00,-1.536893179826786771e+01,-4.772801582894145578e-01,-9.579888392867923486e+00,5.629236004141207061e+00,-4.571564642369446041e+00,-9.175948477387962043e+00,-3.003348429870797087e+00,-5.701624499913560129e+00,-8.576939834525111550e+00,3.791708080944829362e+00,-5.996738266905449199e-01,1.476135126476276316e+00,-5.785900477355827576e+00,-7.538384841242199208e+00,-1.547805424719522760e+00,-1.937454999050189697e+00,1.206533240292281817e-01,-2.220824347075745386e+00,-7.292569414795306848e+00,-7.185367596020196812e-01,-2.004808191890301128e+00,-7.417855603180125712e+00,7.798750962926396468e+00,-1.354511502007547941e-01,6.561118156271117385e+00,5.112799763347820603e-01,2.213583340577963021e+00,8.658900157429217259e+00,3.387005818732719220e+00,-1.248468633110617843e+00,-1.024204244489496984e+00,-2.178373492048959026e+00,2.173344421011501826e+00,-3.583110630413425035e+00,1.106590421295776139e+01,6.389190696458590502e+00,4.863716936543112546e+00,7.664258692603748813e+00,-1.308266179359014458e+00,7.216841834709474490e+00,-5.798755350517659224e+00,-1.613557259224907225e+00,-6.965309069641086204e+00,-7.991011647864308287e+00,-7.801150885915597577e-01
-2.459221107137454787e+00,-1.587414197572438734e-01,3.955449263463445941e+00,2.612819906076340626e+00,-3.930377520553297366e+00,3.120115438821202236e+00,6.582284960955045783e+00,2.299899627692603143e+00,3.689190679210121004e+00,-1.492952579998650053e+00,-2.462195978215878878e+00,6.248349639699951830e+00,1.816617461458702065e+00,0.000000000000000000e+00,3.846205495325853096e+00,1.557195865526820988e+00,-4.901930809115448540e+00,2.564058769313133368e+00,-4.608587197249860878e+00,1.043279588402192593e+00,-5.461534823879006240e-01,1.025040359534466283e+01,8.248932492407565320e+00,3.271699476368367110e-02,1.149164603516205219e+01,-3.695987989197246359e-01,7.773389579457066212e+00,5.244073602837076464e+00,-1.043212286097509267e+00,5.351126540022055345e+00,8.668230348065700142e+00,5.603177016789338438e+00,1.751651634848838457e+00,-6.545795517895506954e+00,-3.049939362635653683e+00,-1.221871285446621158e+00,-6.805916261594606276e+00,-3.006925328574709955e+00,-7.976398069444615935e+00,-2.270074864830763595e+00,-1.066865199874460224e+01,2.770417586649295050e+00,-5.317104474929740476e+00,-1.355473271773846689e+00,2.835672311172692694e+00,6.471596470600714746e+00,-2.272993727387459195e+00,5.379151605584397089e+00,7.763297235687304010e+00,-3.677641652503913949e+00,2.425028991961918123e+00,-2.070079472965897782e+00,7.846154645876942668e-01,-1.462698833289904021e+00,-1.710742839019376182e+00,-5.236633236923993628e+00,-2.047668609404089402e-01,-5.330309977636164653e+00,6.850004300138216706e+00,-1.563359962805244807e+00,-3.074735677398998668e+00,-8.720324195651505406e-01,3.639706919907103044e-01,-3.261916616136820490e+00,5.896249220029481819e+00,-5.697942554424885175e-01,5.274976873754307682e+00,-3.696907766559260899e+00,-3.265389464093889416e+00,-2.660441477335906413e+00,-9.116776131137009909e-01,1.025145911310618274e+00,-4.453537268498164892e+00,2.079769303582070239e-01,-3.933665103258439988e+00,5.664465932167265017e+00,-6.176659716108384934e+00,3.030656168739888745e+00,6.024490767870165797e+00,6.071807632724439685e+00,-2.706373827499874096e+00,5.958110438160100220e-01,1.352676486739903261e+00,-2.755436866625769810e+00,-9.142816530765660588e-01,1.890154561393486254e+00,-6.371619721812796788e-01,-2.640053502380051764e+00,-4.440147122047727990e+00,7.699921226238721772e+00,1.713415957170326243e+00,-6.758535273547121580e-01,1.160398519719255894e+01,2.151529180152555121e+00,3.567225943985265157e+00,-1.126186162032336213e+01,3.869044467944687149e+00,-4.988754718177759173e+00,3.965560769650513073e+00,-5.443741984077770546e+00
1.700658671248721276e+00,2.006078818618671988e+00,-5.390718509706914352e-01,7.650399269604194252e+00,-9.653697434119682397e-01,4.490409988176912393e+00,1.318653638738490841e+01,7.230368159359317204e+00,8.307416162205148780e+00,-6.951780680361679954e-01,-2.168391557218208643e+00,5.221331004923555064e+00,-5.593121554529687511e-01,3.846205495325853096e+00,0.000000000000000000e+00,-5.405190904924149997e+00,-2.603685533253643936e+00,2.958355376729088881e+00,5.890798298622554885e-01,8.899969224923168554e+00,2.112296885659378898e+00,-1.870119874240063096e+00,2.519677680055865565e+00,5.617701772611971123e+00,-2.420417606843782377e+00,-4.767143302219160717e+00,-1.608804567620456094e+00,1.057176994045598661e+01,-3.340884282730667731e+00,1.266990781641221364e+00,4.911918050352124254e+00,7.251625848854670764e+00,-3.291572146541699162e-01,3.508275400791756038e-01,-3.266222585745633733e+00,-6.819011100412763149e+00,-2.361288570986652235e+00,2.448867561629665346e+00,-3.131995934987467312e+00,-2.918115640368246222e+00,-2.159728757896136331e-01,4.159545519292535687e+00,-2.452940273829833373e+00,-7.552741083672875000e+00,-6.141354160272634033e+00,-5.168414067458401817e+00,-3.651914660180022754e+00,-5.913072196115057189e+00,4.739336777961694835e+00,6.443333079457287671e-02,-3.706394523145122744e+00,-4.142190855620883738e+00,-1.271922261365275864e+00,2.743922193423301792e+00,-1.967957546159058824e+00,-4.764817375178624026e+00,5.002006509908752285e+00,-5.089528218632811019e+00,1.681479937948733294e+01,-1.373709297326718870e+00,6.240588131519763770e+00,-2.549676852516090886e+00,2.198162502658416451e-01,-4.766383596027647940e+00,-4.426047819352304735e+00,-3.840797743535109721e+00,6.961027252084729611e+00,-5.022176121990499453e+00,2.574689278227800138e+00,4.211239794149570947e+00,3.757023606783036485e+00,-1.779974307040830483e+00,-8.500481856734250385e+00,8.427986920556439498e-01,2.790244485200659152e+00,7.307541548922035446e+00,3.547651126824171275e+00,4.751971408192691371e+00,2.863526237483795533e+00,2.487912892860860481e+00,4.151333271948046466e+00,2.880728687035102542e+00,7.255088437468810270e+00,3.537251830881655401e+00,-1.529972094322400222e+00,2.979636343827998246e+00,4.292150893059809569e+00,4.057990142840234959e+00,-3.169758566101712471e+00,1.119639235811164824e+01,4.183289463854430679e+00,3.080186916320557966e+00,1.128457735118234062e+01,7.992059725213932708e+00,1.327464984158310912e+01,-5.742185871448998391e+00,6.350668201932686330e+00,-2.320687805680289095e+00,3.078931343622313577e+00,-1.907035088686454438e+00
