0,1,2,3,4,5,6,7,8,9,10,11,12,13,14,15,16,17,18,19,20,21,22,23,24,25,26,27,28,29,30,31,32,33,34,35,36,37,38,39,40,41,42,43,44,45,46,47,48,49,50,51,52,53,54,55,56,57,58,59,60,61,62,63,64,65,66,67,68,69,70,71,72,73,74,75,76,77,78,79,80,81,82,83,84,85,86,87,88,89,90,91,92,93,94,95,96,97,98,99
0.0,-9.374974925273316,3.965123528324975,-9.71334946461693,-4.2715394524969925,1.490277330527422,-4.390548362445756,-3.7661224877275647,-1.120101725013137,-10.281585253871,-9.165120914743722,-2.590608007016559,-0.19414161735676083,-0.36901823246446014,-2.971241957048486,7.476269150174896,1.9717630623290945,0.9188551054407088,-3.2668751015837487,1.6654271946812151,4.804697479561357,-1.11170525540426,1.3299789858168642,-0.44140021446102823,-2.3716298600255508,-6.036018643514312,-6.413539981892669,3.5925621781659207,-3.622858085703341,-3.710888096660292,-11.434511709669671,2.901705150910024,-0.28301917922055847,11.467636322128968,-1.8839640373591848,-6.958384221466779,0.31390758707764527,-2.32193858540444,-8.191229070559935,7.355048498837719,-2.2834463267711964,-2.6486116222541014,-9.880370984839784,6.3139187430485775,-3.3402137372609166,-0.06906439734252481,-7.26746094162721,-5.718384768533193,-3.0839543858544447,6.767823710759708,3.5856586327556896,-8.532171007992286,5.418029267635318,-5.775362826032813,0.40946688326507386,0.5450883601880293,-5.040219431130836,-6.3884803889399855,1.981180118126436,-2.49360581205572,-4.430518737704805,-0.11781127938362448,-2.3197905594540638,-4.933797945251014,-7.494852609852407,3.042205218231465,-5.000237997085648,9.855120724319875,3.7604211754256096,-3.3365800021602414,1.7009708996654576,-0.40773005318687405,1.5256356003863787,-5.460298708832137,4.916318389297301,-3.1174978509210542,-3.9903859931851087,-0.8938906660227235,-2.7836584940083706,0.7329445423031662,-7.695328194996678,2.9963351668940184,-1.4455646139565124,-2.8819120330180006,0.5727684178065311,3.5593127309525867,-2.253526197063008,-1.9897703822295385,-7.909238506160653,8.954469641392745,-0.18760801500188104,-0.21391931392554897,4.33273337442873,0.0858222349306618,-0.10177366846936216,4.301770030922722,9.71518567128106,-3.218801360472807,-3.0339884197453655,0.6261028940093996
-9.374974925273316,0.0,0.4436991195668991,1.2921776297090457,1.8223162669851911,1.2251696855752687,4.549072879092148,0.6163817348075604,-0.2008444729468134,6.121438137321138,-1.4179402428221248,4.75644601632818,9.46493390173835,-0.8808546709612786,-9.142401067184812,8.539133915208172,6.05448429381476,-7.43286152682659,-2.6429300628325465,11.476061923060552,6.950752901257267,6.374851203706166,7.154634408882095,0.0338996945140224,0.6439308173532784,7.5297201890975325,1.654976973060516,8.181649701364686,3.3516062030397724,5.562157764843428,3.2650286662605743,-1.9104214758432008,11.555674457450486,9.493704777455202,6.431062287478901,6.431719473103144,4.1211002636628224,7.402597047446006,4.256294691686899,-6.686248569833572,9.830435619541092,-1.4703520118709323,-0.3454121063512536,0.8902100870766722,9.132072596055586,-0.4439982639974748,5.787391389596205,0.7225291695394339,2.763190533887473,5.43275263837088,1.0590420718390423,-2.357228182106367,4.592184312853565,6.476039758473539,0.15621929563093778,6.720061819430828,-0.3894425017721197,-2.1735373267220166,4.593121093434014,11.945538213388915,7.533444644273422,7.385527716343994,5.48748859519535,2.456194075237512,11.991330228670634,0.7854015184745251,1.331506833402764,-0.6983267138489887,1.397265164739854,-7.713981751510226,6.69714751289462,-1.630753956966882,2.5419113785667444,2.318632974747965,1.4279356922171595,1.9591991816059264,-0.6076654606294216,4.779990299751618,10.393865829134395,-0.11597378906217808,0.36841788040094015,6.948762142201068,11.973995430806523,-1.0983730713988766,-2.7103776058770617,5.651031779821631,-0.6906916720429087,-1.6512471347348618,1.9548143720349795,4.104252789711164,10.772669126894495,9.242460854688531,5.868680660697642,10.708636789049873,3.2348315154437737,4.2011312717799445,7.757626874608035,4.206353851075644,6.2039860616037235,3.466770637369154
3.965123528324975,0.4436991195668991,0.0,0.3253066394469658,-2.2263814351784554,5.030868472176193,5.5009131122274075,2.7953317642695183,5.557526679172501,0.23672197962201713,-4.4196025271503805,0.21969272070565457,8.940008600228742,2.648762398511913,-5.4830141316304575,0.38388938360325225,5.429327649404368,-8.556048432649911,-1.356625813292872,9.800788496032572,1.230877161685617,-2.567639691131664,-2.3467658096446713,-2.8505506059218138,-3.884909395068732,5.32017444783947,-3.3795073174396193,3.1681412938367135,5.928909140175463,-1.6165921697031893,1.3667386986963748,8.001981063255606,-4.182469730435457,1.161555949175917,0.5284078665531016,8.392177941046988,2.659712435985571,5.616455496560212,7.411693380851198,8.758133555644266,2.653894053666219,-5.715821528552234,-0.3305705663519905,8.309385560812824,7.982656572510175,1.7306375120889848,-3.6270807656866415,1.4508872974226075,6.663365549704055,7.06198056614936,-0.9231775112819952,-3.107370211077516,-1.5252425623859267,1.4308933915774606,1.2043767263304668,-1.3333718599499396,0.33086972069116755,-0.6305706428676934,5.56140296578488,-0.939137188099461,-5.84866199786163,9.91217856450332,9.92242168729151,6.229796322153426,-2.207905804021234,-1.2563424936777514,-4.893226226352694,4.920620677349181,6.292539351565055,-5.643566374599946,-0.3443393321255393,-9.425585668631513,-1.0631598420858734,2.795792423862359,3.57813028397166,-3.5349388567801783,2.0149505562670567,3.0584975056439867,4.995661159070062,-2.014053850994569,-5.544114243640649,2.922863566774384,9.861167705444345,-6.156212921834785,0.4209284511382176,1.29041219702444,5.7107168243099595,-2.512752119948,8.203146008467943,-3.3051238178863542,5.183547810139952,14.405806367995936,9.355185310086894,6.483047771554928,3.1413631343366992,8.67963055451685,10.181590831080184,-1.25180257661916,7.651375485141785,4.552882107437841
-9.71334946461693,1.2921776297090457,0.3253066394469658,0.0,-3.679077951777897,-4.1377270707127245,2.105937944617817,-1.8055601925530675,1.8715943735324092,-0.7682473135045803,-5.1453052308594955,3.5244350109867746,9.496380870456013,-3.661162209770688,-6.894230831835221,10.261428245546806,-0.36896056986376824,-0.6516332016684816,1.9618398141496785,18.582698873637295,6.905169155385714,0.537216677572817,-1.2468326054330892,4.961711318551039,-3.6179296841091024,2.008040151700359,-4.653942522053814,12.904637549626564,3.324289284838056,3.32418819535146,12.085418788193037,-0.5445075221218515,8.955146444692787,5.731274479620619,0.042621710401590095,3.9556683330571807,14.774468360126086,7.382172740676659,4.749617826133237,4.66830658532402,10.436022626742943,-0.1069144143686059,0.1542051043820358,8.120021788038947,5.342019975975948,6.882859826218322,0.7770465252722115,0.14403755374087768,7.930771341125784,10.889904653157668,12.788319524261098,-1.2965779299515587,1.0878691849580944,3.8117092360259166,1.2671165120683434,-2.4193200011271663,4.709785506382278,-0.9380233878505152,-1.3289204919231747,-0.6535810896485806,2.165149800570887,9.665750150026478,2.6223663041054985,10.01558023556826,5.070536062381642,-2.980881545221264,5.7408961482573915,1.219838781027494,11.90401662275658,4.291090849832469,4.254567845115762,-0.04515508172886273,2.039092877702596,-1.6473295025933423,-1.3029866850803336,0.013319715137916199,0.686205204067522,16.484277853935144,14.214264273936168,2.8311889170845994,-3.2434234139969558,10.782037319917544,8.37716149533016,0.6449578792505952,0.7513986655959859,4.410737842416856,10.376542107115332,5.539942059651739,2.492961396984093,4.830676679048158,7.051111079937457,10.671120167140604,15.809112356298856,11.54552944876604,9.813876235281443,9.695250002304974,10.629316038670204,3.8372191842484256,11.81771955935509,7.82123242765669
-4.2715394524969925,1.8223162669851911,-2.2263814351784554,-3.679077951777897,0.0,-1.048583959446008,-5.29809034882993,-0.15546182453525653,-2.1178712147015766,-4.934826105063107,-3.606662241310696,-2.210022648917038,-0.05094180879547452,-2.85069235447882,-1.8876611820982028,0.7947683311965937,6.050339575228092,-6.233004263336745,-2.9592496593639512,8.14661790233407,-1.4719964078972536,-2.4507334715099973,6.354864027727926,-2.1093919219022688,9.883061456381121,1.0483580865362936,3.8361308161998657,2.134954032546685,6.340254562343054,2.2894842265769806,6.251849724131408,4.8459415273965725,-3.564890875303787,12.790353328845008,-6.68216784719352,0.583336454749593,0.760326689282878,-1.984355632955822,-3.2648938697858814,-2.1844140907656215,-2.750851890239639,-0.36399514961247986,-7.767827868049203,2.846136541497428,6.870102674770897,-8.313741695536622,-5.01365907338975,2.310444757105824,3.677125163818407,-4.9100058960489035,1.7304029000327033,3.493095029781516,5.424523408449982,3.673749041534285,1.2852921385704839,0.7067393853907205,2.6744408635854766,-8.854887188573578,2.8394214152857926,7.582879309654194,4.691318021157377,2.8448474606217613,1.1676464411788123,8.195292357865876,1.8732871656660763,0.8741006798151127,-0.13434648969342602,-1.0372602436911926,8.676207144570984,1.0769058216535023,0.1951463557024504,-6.47138302898308,-7.127615348950034,4.721282950404631,-4.044557988446666,-0.4848047417637044,6.271213193223172,4.06822679669229,10.410239682465022,1.5586207595522703,4.287493606803014,-2.440173987131101,9.09286103436368,-2.5367982474000144,-3.857470717154544,6.432226910687128,6.2788982244141405,2.032209444445117,-1.0162553913330714,3.7426089176601742,6.007864922790038,3.340443967993384,5.69027044413378,3.0268263228766807,2.555019324597116,6.998905494182993,0.082371433393067,6.691808002698163,1.5238435338320744,-1.3390757270451124
1.490277330527422,1.2251696855752687,5.030868472176193,-4.1377270707127245,-1.048583959446008,0.0,-10.535286117348532,-3.8213138242533824,-1.9252319606256425,3.602930378037255,2.843021969083963,-1.3184229658050115,-5.988052195848137,-1.3913328962919722,-5.375244299671304,-1.4569190461868908,3.812693669717456,-8.219077415936106,-0.8677369457215586,4.814514018313288,-14.63684562365036,-6.622381223661973,3.946148993486071,-5.57044003141175,-0.3943531083924367,2.6833149028575165,-3.98979298509072,-3.572227201587995,1.707107692442644,2.2298959552344444,10.255032613845223,-0.06046724608043898,-4.144748090802234,2.1988537579168033,1.7858364902118966,1.79351741897045,3.701170573055108,3.526152521279125,0.3109450669767068,-2.710071106028476,-4.6730462256474175,-5.8756365452405594,-1.768894165560964,4.416116818520143,8.356342053403308,-2.5896790654357718,-6.695544961297416,-0.5865290104329304,-0.3168447484509118,5.000471196006817,-0.33208223205591086,-4.119353533654122,1.6386324887529375,-0.9293450881966819,-0.6811391905548113,-2.031836702187551,-4.3943607159978555,-3.9358262645510496,6.820489746721918,0.07100448814758993,-7.943417200435466,-0.1765936845134621,2.2890557640790847,5.074196184686356,4.847286501274024,-2.81188529793559,-13.931272994096847,2.539901969256388,-0.46541922748432474,-5.037885530975493,-4.5792155831286365,1.7743466756123194,-3.951422950181216,-4.0409634853313845,-2.376974891524504,-9.674999005041386,-0.9700698852302102,-2.119044882828285,0.2945139894660796,-2.26348670326132,-1.1927851840249168,-1.6449975320471644,6.895915366985816,0.6051386562812006,-6.759322579103886,3.8583668941250138,4.136838126753364,-3.642837978127224,-4.661969120685674,-5.9652199778785695,3.6164827834648903,6.780571837449471,-1.855061562948768,-2.14303589405731,-2.8661282296173094,10.743524302928979,1.6954603230294227,-5.491509401253371,3.416086625871082,-3.371153685393152
-4.390548362445756,4.549072879092148,5.5009131122274075,2.105937944617817,-5.29809034882993,-10.535286117348532,0.0,-0.7745611124757719,4.36693383545364,-2.327727051677285,-7.568643431083394,-3.1377385780774087,-4.423637906500117,-5.564536946196816,-3.400783559821715,-3.4186844763685222,-3.792496722087568,-4.058056241202829,-4.021991831070244,-0.3883691057529087,5.0305131484698,7.075655490902284,2.163566281603196,2.4291601879132614,-11.095564841942506,1.727847937682617,-3.9487322132482823,-2.241248570176909,4.045037539900756,5.529421119760852,-10.444591526372879,3.4844330314003487,3.6272310134099546,-3.0657635461199617,5.813215809336261,-7.490451864938784,9.741954150480446,-2.289812935213632,3.8248099498080994,1.89505863788351,9.157271383806057,-3.855789422812301,3.477592754083609,2.3630673231317174,-3.8722001008422566,12.665990570163494,6.294718226834332,5.237940841376691,2.2324506790477887,2.8609379172354297,5.421139868520903,-8.048370134693283,0.019798983714749377,0.5961297237710806,8.062674543456412,2.8149755420953118,-5.244538954776871,1.553744744746902,0.21197321929471236,2.839928088946747,-5.8734217376173214,-1.3032424437948376,-2.88286891844755,-1.1492694490691646,1.9111709921806983,4.809563350844492,-5.225011730810355,-1.031852265230476,2.0183046967122698,1.6704424391802892,-0.16516989724552403,-0.4059261776540313,2.0020839052697275,-4.5440921524417455,8.161723192913641,-4.9931088510039325,-7.664504510386459,2.183046437416244,-4.721495527097124,-1.1600231538358776,-0.6906987329421792,-3.9141332409794094,-0.9705211499874045,-1.78148042760413,6.499172639116291,-7.926554376197699,0.9993182146634282,-2.2866748200238387,-5.0742935837313885,3.5148705243902194,3.8505498687067825,0.9232534897456115,0.7314994756242604,1.8126501578494976,2.739804673416775,1.9510180964653483,7.576504857157522,-2.5335310000058793,2.813657553856687,-0.8832428304298366
-3.7661224877275647,0.6163817348075604,2.7953317642695183,-1.8055601925530675,-0.15546182453525653,-3.8213138242533824,-0.7745611124757719,0.0,-0.014294446505002835,4.220818891310674,-11.664194735598608,2.4879565522296327,5.714764930344184,0.4536303764394791,-12.585960129732335,-1.824487670026561,-1.7005624081175663,-7.896692690764934,2.9554841527344182,5.984416234541156,-1.3251834197146108,-2.8897337020828817,3.291144256735007,-4.71741492344507,-4.2404692980534895,3.2703429923234304,1.3072867082063386,3.536891412801767,2.0250605860978763,2.520507096811135,1.6482441933325884,0.4858272868911861,-5.182615313710011,0.5304673544689288,1.050686976190544,3.8542896623309706,6.798385510606908,5.078528630767352,1.0904314675406033,2.5588710605963567,3.822262426787824,2.9792920334737767,1.862180618464652,0.3977222779996558,-4.17369698177435,6.56406149537876,1.7170460106231047,0.46324087300452377,8.28507113264796,8.009476626237149,1.091232624359737,-3.435980853414825,6.40761608274149,-2.6920727285644,0.9452308230218177,1.3525881380476528,-0.6153021474034643,0.3519442863245895,3.073425417947601,4.654438111786924,1.5596184768431018,4.770771723201636,1.6027136490052263,3.4271181405134667,3.541807548382712,-2.660437893214098,4.290007518577553,0.3536822839062661,10.838640982796576,-2.503760063857961,1.7595141177275568,6.92166416784232,1.1624334431700587,-1.91260535752954,-1.7899425572007432,-10.190578092625072,-2.08723164267348,13.471945200825248,1.133061894641934,0.592029228468207,-1.5732164893330187,2.2037720324753494,5.4226514422814605,-0.9134127870068112,2.1798319976862537,3.1525251132520022,3.6024762791343257,1.5329533209083575,-0.8999078630054314,0.18471292149870325,2.7363866521053684,3.778400610878476,-0.2135471068368077,3.002202038421757,2.454590293336579,1.3494383615757743,10.970602715660096,-0.10960530516467576,7.011918323933739,1.3874308840379692
-1.120101725013137,-0.2008444729468134,5.557526679172501,1.8715943735324092,-2.1178712147015766,-1.9252319606256425,4.36693383545364,-0.014294446505002835,0.0,1.5975513588994623,-6.235191463100837,6.2802961517286375,1.3675311119608389,-0.0035628722836390887,-6.101809610682678,0.8452596334903214,3.266347258746589,0.30443863223804546,-1.9070243649297236,3.4715484074592644,-1.5896929243033036,3.574051497020432,4.1491412409708515,-4.946042847139653,0.7052081849487648,4.282685483244119,2.9545138504161907,5.748458877611548,2.320801135659208,5.949785128371351,8.322810815972236,-1.464163203085532,0.4216005138275193,5.507539945485549,3.912539280448255,2.3596979812876686,11.508476278530177,5.585453807317463,0.21146760595662573,0.70076863050344,0.9727677214816118,-0.5121282082587427,-1.5277343585511887,7.518532972230637,-3.534900792186905,6.887851416822134,4.576389320563704,2.1515210062072505,1.9610676022583604,3.5909970203083947,-2.532669513741503,-6.2026405113318095,-0.21682797198306333,-3.1272834115806387,1.532298089054674,0.18421660021544892,0.7899792715196462,1.8924456106437664,0.7047233520961577,4.212493653436755,-0.2460478875438048,2.131692287279665,4.930840462954309,11.52576579014036,-0.6841934294945623,-1.6080710189357184,-6.6333204506027315,5.829850819216342,11.269447322435244,-2.2960197089950136,-0.2936638654998609,-1.5489512473429388,-1.5057470322610236,-1.2869500035933754,3.455402460532525,-7.752683563874368,-2.6770789983736814,7.6094074885272915,6.0280067043604575,1.853487393308132,3.9237904663423344,-1.772155435945311,-0.7281341112584436,-1.9787191585122892,3.6269773225361575,2.0391163814743694,6.165380557990994,2.102727367362495,-5.3326313738223154,5.186022732687459,3.949699441152792,2.9058544048948427,2.733224151864603,-0.8790924045880768,3.2808018894012014,6.26238570131332,12.827006086079255,-2.1203063593637874,3.9271566201885335,1.238471921164934
-10.281585253871,6.121438137321138,0.23672197962201713,-0.7682473135045803,-4.934826105063107,3.602930378037255,-2.327727051677285,4.220818891310674,1.5975513588994623,0.0,-4.031092366924477,-7.732989439168387,-3.128778808516554,-2.8216265507216103,2.8288045458589264,2.0832895154600384,-9.620186348894467,2.690779181286681,-3.7559003048084576,1.7820271197499236,1.6725223304940304,-2.5140636205177898,-1.0298921498559923,-9.04431419062645,7.046671049300135,-0.3667707511079396,0.9361962908861197,8.057995793171742,2.714882844960748,-2.1618534900404045,-6.332268681228457,7.3813062104456675,9.273786259663018,6.291329176709644,3.4657470095821235,-0.6229374764964101,7.020332891458174,1.113108151551053,3.3146199187828578,9.48741184326008,1.0050992371476164,3.9607058116532494,3.627551487066852,1.846760859995748,-0.195715278523518,-0.27812833638103257,0.47329668440754774,-5.712895978878104,-4.10040751464824,-8.614750468399887,4.735585280772395,-2.957604414669667,2.3628181980710083,4.029524517560712,3.2668441574758544,2.316423892043329,-7.209742624237619,-2.3754246040981624,2.7376908922539247,1.8567602504385543,-3.1852951444071977,1.6877057330856369,-1.870534884047298,-7.172448549512636,4.898907519457792,-0.1614678409899652,-2.1239035294408963,-1.9506618213754912,0.344275925831984,0.977347771073712,1.8424661002656744,-2.3165971233659404,1.2175756479926805,0.1130620875769826,-4.265876223938986,0.5627869679289484,0.40891876830520446,1.850372190875952,4.1715630159753605,1.69945793989436,-3.9276769581104096,-4.602136455515756,4.660172989575083,1.8246826978194683,-1.2072539936361868,1.3206703597537368,2.05519283679622,6.532400142422891,-6.002498452978196,9.164661683406232,3.81835147860542,-1.9701914005100944,-1.4720211659044047,-1.3245897850411819,-2.8796480809002447,0.0799535565048921,2.8870637625833955,-3.291009299420814,-4.698203108833438,-13.3641601154254
-9.165120914743722,-1.4179402428221248,-4.4196025271503805,-5.1453052308594955,-3.606662241310696,2.843021969083963,-7.568643431083394,-11.664194735598608,-6.235191463100837,-4.031092366924477,0.0,-2.4695698564507684,6.971178990422877,3.7757262699511025,3.982712370736548,-2.45905337075808,0.8178649811336973,3.975223605682961,1.719167819496719,9.904267135352521,16.848831195373513,4.983750762620323,-7.060790159782885,0.815061289199786,7.992529417921485,1.3706539059831495,9.04370224949608,6.6704080959033485,7.8533369278804175,-1.3073297374612203,3.1024088629924225,14.178744394289708,2.0773296970504966,0.5034951137430391,-0.4615417589112258,-4.822414562299447,6.168196092420937,1.7521575685993158,5.4600749430451,3.4875891336497364,4.915082184738189,8.060956698971184,4.937192590604647,7.5516097776083235,5.326416352961796,11.35145790481014,10.712616125446559,11.772367284619236,-3.0422662816653854,1.4158342053227984,10.915299179414964,9.91690820780264,11.281079585983704,6.156598862630463,0.6635336410870961,4.592453902794748,4.527820052909596,5.680506692713142,4.0502911470549225,7.263489975079405,8.969038041393905,8.149816453493388,5.441386859825598,1.0390465547020475,4.455418896183256,0.7999000330773107,-0.18985259088941123,6.222268807348691,6.127979532507355,2.0737090430665734,4.743689134348273,-4.506002906651577,-1.6489414019007682,7.642282603680773,5.744599390467424,-4.192394464365733,13.449511876136771,8.958514466827177,5.310904318345404,14.337416231961525,-2.120748495345103,-0.08623772097624496,8.100563158306501,0.044690503926679816,4.467149375871864,-0.3734196301260416,5.773750748873341,8.393544420213656,6.32389966518916,6.977805720666854,11.807303649457438,-1.9762657668813164,10.187262355011683,3.705133369299463,5.881629488275438,7.258232730436781,5.378640143843344,3.744216745008564,-6.9651962924600195,-0.4976351739238021
-2.590608007016559,4.75644601632818,0.21969272070565457,3.5244350109867746,-2.210022648917038,-1.3184229658050115,-3.1377385780774087,2.4879565522296327,6.2802961517286375,-7.732989439168387,-2.4695698564507684,0.0,-2.627504081035677,2.1559711181312338,5.73947335104398,-1.0058329500878995,-3.2326986151606376,-4.103358798679153,-4.781602183358473,10.761972967819272,1.826877182224547,0.02535660357308068,-0.2760627162103272,-3.959740071210267,10.944190579245017,0.07884848914196915,2.277602564316041,2.6456342485200857,1.8503049796557252,0.8690469346834162,-8.162470018930106,-4.444581353952817,5.567465238325744,0.09033190342888145,4.760499869041998,-0.32976938647151743,-1.8449158072127587,3.649540859390058,8.467034779398015,6.599843946513339,4.775629619895216,-4.465907133122606,7.651711059921328,1.815300657458916,3.5737711083876817,-3.6375598070458,3.2402481627443,3.565645159647549,-9.54367866038036,-5.783077020580929,0.3194514050685387,-4.184935144075358,2.292969546820548,9.401693635237127,-2.9815748916550606,7.560336668848835,-0.6096928507591665,-7.2790399728593504,4.8430575493758505,4.131260886202866,-3.221951053303743,-4.745854421993317,1.09266047605982,-3.6907273324324232,4.389624756289342,-2.5242307118008034,-3.368067178305268,1.8452752308660507,-6.024904156755488,-1.1223907726162754,-1.458313377858836,-7.853183768989587,-1.7762559078956357,3.59809312622626,2.393887558839241,-2.9270047438948494,10.489299238711647,-5.966466077841451,3.1529069945113646,-3.185760341547912,2.806925692763392,1.635140934339295,7.658745063292109,0.6751897527499733,-1.3832785337258695,6.465110081799587,3.750618447411557,3.8319310450181696,-2.445237285747768,10.639213376577093,-1.454000270339362,4.31262426820189,7.2254870056849825,-2.0077957581574335,-0.2516584552618671,8.105489193170722,0.5781233155324106,-6.98744071737948,-4.915218076278292,-6.565862727291436
-0.19414161735676083,9.46493390173835,8.940008600228742,9.496380870456013,-0.05094180879547452,-5.988052195848137,-4.423637906500117,5.714764930344184,1.3675311119608389,-3.128778808516554,6.971178990422877,-2.627504081035677,0.0,2.5519873584407105,-3.993893398951704,-1.7992241628133352,6.619041127837477,-2.1816679231774527,7.16156825540798,15.440124867392724,-6.455743010428136,-7.361117848063564,-2.814202425341367,-2.2656500359323246,-6.546609056684066,1.0159941508765296,3.6957840905889534,-0.99666042848684,-0.08689739565656114,6.052340218528816,-2.864651078705964,-1.4697845386570776,-1.7167977755141943,2.870050345601713,-3.0192938104342386,8.32208703528029,9.028339106605465,-3.804687910314716,-4.626567148624703,0.9017573700728505,12.969871041571103,-3.891001691093476,2.7171404443411946,3.778029496572693,2.4830925309939476,-5.033081061826553,-5.0916455956728495,-0.7180331512757872,2.71777735665538,1.3999278721951975,3.5707861010104014,-5.787133376466297,1.1579801053182048,-3.440264148368607,2.3831828662346193,1.173103885033934,-3.410419168741708,-6.213263560616973,-0.5151983575479098,3.343645579191615,-1.8722298910431263,0.3790459791458836,0.09248041578535,3.9706406542017336,4.643303489414777,-2.924421682927872,-6.120583329244672,2.0596955525253806,-0.6978568171664743,-3.390379916643617,-1.4192791035601284,-6.4324372013261835,2.725702666007034,5.409280153056345,1.4252639177460187,-4.532846783281509,3.7034404324427905,6.6679928156409405,1.620399278831614,-7.714921455985454,8.103091037422198,0.9130658394469853,7.146875034577169,-1.3744119691684409,-1.205204904265867,1.2469349622090267,8.455379049285485,3.5058922934431958,-1.7966707710470495,3.799414857488209,-0.7042487875214368,-6.988458442703427,-5.67550858834224,5.754063665840174,1.0956756677128268,4.286735544412318,-5.885838713001843,-3.205858454975657,5.8918630415053865,0.7772697099171684
-0.36901823246446014,-0.8808546709612786,2.648762398511913,-3.661162209770688,-2.85069235447882,-1.3913328962919722,-5.564536946196816,0.4536303764394791,-0.0035628722836390887,-2.8216265507216103,3.7757262699511025,2.1559711181312338,2.5519873584407105,0.0,-3.349002343877272,10.97387399760108,-1.8763720255532987,-5.547953011055211,-4.607739895337342,13.356591262842063,1.3536889044928575,0.001967950619892136,0.007696023560792334,-2.4385882359617224,2.61501291035495,0.04666988441224578,3.57867992699196,2.7970511189991223,-0.7114134044560153,-0.9091861939628417,1.2460402242442636,-0.9010788394286672,4.542103326477571,4.594486878279672,1.6486473196627787,-4.025709284177272,9.52459859638776,-0.4316206238025018,3.504145465546041,-0.4191116872042121,6.717106319812257,0.5951626720401726,-1.6793781425534648,8.62071311275005,-3.119599363543407,3.074369825149817,0.8678904161964683,1.5752526579599329,-5.68381799704251,-4.819770122844221,-3.976502520236043,3.03959103886732,10.387128132772164,4.004613948249686,0.13437598154437536,6.284751985375715,-2.724804336311802,-4.744022408120511,1.1000627900550732,2.3791483567056164,2.869972509668243,-0.6948757066079058,1.4856539707298493,-2.019381216783856,1.5280765736770796,-4.241627965367851,-4.433564267306372,-3.244081442982783,-3.7398702426038257,-5.368816017590212,5.835503782266706,-2.2478244834470167,2.252729126320056,-2.8348660518332327,-1.1791631336189052,0.05452963483095272,3.377980123727516,3.599708593784876,-1.6673094687230179,0.40382144974336087,2.8795942984878065,3.529002549639374,7.345493382871363,0.2551134800288869,1.6712308822729383,5.355634176928692,4.066455994209702,9.43466134011346,-0.8835907460837104,11.274221440435912,3.243561975693475,-3.5293007943107035,4.958916529955984,0.5333719559943552,1.0884279351138135,10.685102710247987,7.613113303224093,7.233845972982707,-3.2603778540731314,-1.083903707444746
-2.971241957048486,-9.142401067184812,-5.4830141316304575,-6.894230831835221,-1.8876611820982028,-5.375244299671304,-3.400783559821715,-12.585960129732335,-6.101809610682678,2.8288045458589264,3.982712370736548,5.73947335104398,-3.993893398951704,-3.349002343877272,0.0,-4.616572560394617,8.303946545293277,5.386026324641092,3.32066251646636,2.535886185787119,-0.23832226543749663,-3.0673795692469934,-8.414742241579692,-11.31741293050946,7.262621144024034,-3.264494629373071,-0.11197322340261796,0.2972039324592128,1.6311420018344835,2.896803891310209,7.72517341323465,5.7239092248342605,0.7086855346842901,6.440291192783303,-5.214582090512601,7.712635199569623,-7.002636199508481,5.650462693402509,-1.8465600465093663,1.71845847908114,-0.8653296594347217,11.226027826289377,-5.491114966016378,4.904211653659769,4.830498911447132,-0.960440815012256,-7.158175756415577,-2.135044628005725,4.2401585930495616,4.399904343085658,6.2496781970922575,7.644872217988845,6.61534694359432,-0.48098230312582146,4.561410888100124,8.098727047798326,9.51234687592145,-3.6092615831013353,2.473141624472359,-1.8294933702662783,-0.4166570480563509,5.563403060613938,-4.487556517483151,2.1491194095998862,3.270526988283027,-3.88598805322084,8.566707419897641,-0.8066537649701025,-3.6257139067875626,4.60616446669462,5.44104178390412,0.06842163401753541,-0.5602468581651643,3.6782044752355945,-6.407248115435312,0.5446539898978905,6.519752395799427,10.903790651922357,7.105897954970372,-1.0220790537564608,1.2757508638329385,2.155613834427649,10.725251500297684,-2.9942263506946607,-3.3482456244840013,2.2733975622294444,8.087998431364678,4.14627092841826,12.649469551873159,6.896854190451641,7.797379549123309,0.5693299482124713,-0.5864909604326993,-0.7377844809754349,3.249881166916191,3.5678491823575897,0.05570166671944357,8.335264966020873,4.895307598240255,5.574163213282781
7.476269150174896,8.539133915208172,0.38388938360325225,10.261428245546806,0.7947683311965937,-1.4569190461868908,-3.4186844763685222,-1.824487670026561,0.8452596334903214,2.0832895154600384,-2.45905337075808,-1.0058329500878995,-1.7992241628133352,10.97387399760108,-4.616572560394617,0.0,-1.2412251091946862,0.4284268000107498,-11.217998844620812,8.006208924429522,8.30105813476015,-2.5306841328522856,0.4940958738167532,-4.066386508623929,1.441226883783587,-6.446181666847456,-5.1855777212565535,2.244655047758088,7.529229165479925,5.161709135180434,-2.9104592300122727,-1.5757979409108935,6.385257060873716,12.860297729653963,-4.585157921899499,1.2842323854330695,6.667804745135154,6.604795825518829,3.4219948679289023,1.038369870755053,5.736628628129102,3.694834973121584,-3.1580765974425145,-0.18222053241930453,-4.743278098722125,5.054624754523128,-1.3201588061826048,-7.748254644718213,-2.6752326314869324,-0.5206722471371318,3.7434988751283345,-8.237535081584072,-2.5784428133791586,0.777997715969599,-2.2583819818043755,0.5343789562880965,2.834678152207266,0.5834262174803403,4.52305189840509,5.758123249716885,2.333212310927951,2.8256710400983294,2.4620932323949636,1.2302863698428808,2.4209375235519555,10.195090655341298,-3.769388063823518,0.5098065064838596,-1.4278189800130148,-5.2975267804923885,7.574286664542099,-7.178794861059111,-1.8495672260367844,-2.234776419018776,5.325735071448379,-1.9681494165313271,-5.6012930382017805,-0.19698352733779395,-4.302800921778014,-2.4800595812153854,-10.558104919337971,0.0842736998117482,-3.5330989750068484,-8.782587098939562,-6.9457694340651965,-1.4670862172617787,7.400944621610667,-4.4300228794542145,-3.7117410327863767,-1.9650901383221808,8.145281635609697,3.16019042813684,12.692261443022357,-7.3016505163198815,0.7287105767133373,1.2522424884989531,8.106479527819072,-5.87707681312493,-0.3728817913402228,-0.6840716399633665
1.9717630623290945,6.05448429381476,5.429327649404368,-0.36896056986376824,6.050339575228092,3.812693669717456,-3.792496722087568,-1.7005624081175663,3.266347258746589,-9.620186348894467,0.8178649811336973,-3.2326986151606376,6.619041127837477,-1.8763720255532987,8.303946545293277,-1.2412251091946862,0.0,-6.8302051600332705,3.6327724177185976,10.847927138027046,-5.911869817711238,-2.2780190788848613,-3.2049390257687698,-4.496266463143392,6.96420710368012,2.2863550234340546,-4.718171631787808,-2.8611359949159607,-3.281827104721169,4.4677775235457755,-2.8302189208078485,4.007804899913923,8.164634771752967,-2.2141333357053816,4.7557956607258385,4.014679679293935,3.838580156344465,-1.1599952227073629,5.8955278831065385,8.19963593606236,3.3142986052234686,0.28409346211994974,12.457356449065692,0.24447786028818827,-2.256849818373013,3.099515064774917,-5.0055471253400645,1.875039515149484,-9.99355473767888,-0.4268081259187995,1.0188948034292649,-0.593197555803905,3.000756289819749,2.757927093355374,-2.8905365432359837,-2.9642688036615827,2.354094965230957,-4.2913797146614,-9.192444120018733,4.534498215909914,-1.5318633011014404,-7.5024650755992255,-1.3256542466906605,-1.0478207862215951,-5.817818965846258,-8.449095694448905,-7.687755494855958,-2.2444893834440527,-2.156310517575241,-9.525176549401616,-4.186148796853007,-2.790552585297445,6.167225631164092,-1.5478020664441638,-6.37428463390364,-5.731128848773614,-3.171830068279283,5.363393966764315,-1.1465934525559764,3.0677336879901635,-2.357525653155816,-1.3875816162523085,3.8399046877918543,1.4018227942969652,-5.412966194282957,2.3707531431414046,6.8894004670201126,5.886383657824092,-3.4877293428997764,-2.8116141084571864,0.28028995743535434,-8.191683197867702,3.381575529104385,-3.604462980738393,-6.994611107687298,0.22022070192881824,8.862185094175457,5.204122582559761,-3.769654930586748,2.167743694844753
0.9188551054407088,-7.43286152682659,-8.556048432649911,-0.6516332016684816,-6.233004263336745,-8.219077415936106,-4.058056241202829,-7.896692690764934,0.30443863223804546,2.690779181286681,3.975223605682961,-4.103358798679153,-2.1816679231774527,-5.547953011055211,5.386026324641092,0.4284268000107498,-6.8302051600332705,0.0,-2.19372676696165,1.616293139887502,1.8458016075881525,-4.441888950243284,1.2258173429702497,-5.442563048124774,2.0596417534746845,-3.701988152094271,5.896560412145,2.8259602212118025,-2.1929982760036175,4.636815060788795,-11.487361152273946,3.4640120451268097,0.9367020942607734,3.549229625420125,-0.45813289266067286,7.761467277026042,2.9378734133142155,2.033982065894041,1.187860432081822,2.2587172402688447,-4.743668592585965,-5.59257726462815,-0.7066956874407249,8.218990307421826,-3.0913336779551406,2.2800288620079585,3.6703057557637857,3.2317891807579144,-0.9847116589355704,-3.0568642214957555,-4.053042439793401,1.1690478764126175,4.100813562328551,4.650457182028406,1.3344191730539932,6.113797084342403,5.197097108555153,-0.09522561742500409,2.415489329903959,5.109868944249773,0.0565679635676701,0.6845006672504699,1.5192609149117549,-3.8753162179179306,-0.1984530300333666,5.250857067104733,-4.633244626712468,-3.610135252537322,5.418489431130002,-1.0326754588554803,-0.7496136887762603,-2.340362897555249,1.7573327021406495,11.984703520435769,-0.9423066706773043,-5.371781983110467,-5.636538814024355,3.652317003039301,0.9322413189425383,5.526526393351008,6.907353009262173,-4.705075374719848,6.39881948605234,1.8001777889288355,10.189903070206531,1.5287361759040754,3.979928811433852,-2.7482121972112608,-3.778425322986032,7.3631407454035696,10.049049810801199,5.9610585119994335,7.521176045150457,3.7381314498135354,7.80113771664768,2.21830664973354,2.3276647330675937,0.37515405384823186,0.24509294350166544,-1.1233202653394971
-3.2668751015837487,-2.6429300628325465,-1.356625813292872,1.9618398141496785,-2.9592496593639512,-0.8677369457215586,-4.021991831070244,2.9554841527344182,-1.9070243649297236,-3.7559003048084576,1.719167819496719,-4.781602183358473,7.16156825540798,-4.607739895337342,3.32066251646636,-11.217998844620812,3.6327724177185976,-2.19372676696165,0.0,7.358437406533113,-7.958072374714297,-10.041949799625147,5.137235004697286,-1.567666420808484,1.2428871284137235,1.1099080930279859,3.0673909481113117,3.186483399430085,1.0668858451848766,3.2694981021350618,2.0455234596761502,-12.546323247685883,0.5580038698198992,3.45227821832254,-5.914231515648576,-3.5073448399300324,5.50037424695841,-3.3134104185224045,2.246856518089998,5.828006650345585,-3.964485008919324,0.9170745569273886,-4.150138758058911,1.0587068618163635,-9.234955811908275,-0.6062562109889332,-3.0859436053616776,0.19160842063794295,-9.21198364350785,-4.465312158254855,-7.329681363797654,-2.6702571888881046,6.789674193291998,3.4975516329763647,-0.8130482692647688,3.5578093251444396,0.34026529051218146,-4.418713929022388,5.113839123885595,2.588289449974394,-3.2542628338533626,-4.233716659988465,3.597432303005415,-3.7732782793965174,2.7380751958009766,-10.671542069513796,-16.00829928658638,-2.656363788941704,1.19169541704783,-1.0437657678358927,-6.3126638987434225,-5.350858958691092,-4.800285726143576,-2.5287645707183666,0.7586077189277571,1.0765028740949174,-0.6962459410030081,4.656308991178535,-2.8342424387248704,-4.606541538270317,5.9169725682818175,-6.160372091721843,-1.4328516432725111,-0.4126300075009218,1.938297650627598,0.8623186441173953,5.024311378886126,2.7773667283954,-7.329871978264709,5.8111957843596125,-2.000926692422996,4.760597641512015,8.26198882222082,0.7294650796109101,-3.268216534878339,3.387264513886306,3.9368199727581823,5.048915134622304,-6.314204783976744,-2.212365714426372
1.6654271946812151,11.476061923060552,9.800788496032572,18.582698873637295,8.14661790233407,4.814514018313288,-0.3883691057529087,5.984416234541156,3.4715484074592644,1.7820271197499236,9.904267135352521,10.761972967819272,15.440124867392724,13.356591262842063,2.535886185787119,8.006208924429522,10.847927138027046,1.616293139887502,7.358437406533113,0.0,-3.3169246010939415,-6.600706568938398,-7.689246200486219,-15.77714914261748,7.56257634312635,-5.203012058712528,-5.767965342299973,4.801119762140787,-3.9067607821464234,-9.738694189228328,-3.5411304831428176,-12.86237761182169,-0.3593955752760799,-0.31285654923060746,1.6270093209706686,-2.198871756089402,-1.0148740670901004,-8.662459809872178,-5.44766524485028,-3.27096983252691,-4.631030715930525,0.38304095623687023,-0.23150891597393972,-2.70395869547862,-0.8775383992441309,-10.12227162865164,-4.4059908408948125,-7.289664614594946,-13.397382617003538,-13.265539275143224,-6.675190011324747,-13.526121594338745,-14.249195409630843,-9.697747360435534,-5.716379674267098,-1.9094691188373811,-7.744907106982263,-10.640105197229609,-0.1650488253323237,-0.37538253732287735,-5.484348689267907,-14.494543087256522,-4.816863468066233,-5.408336601007261,-2.7220695765543725,-6.853532650320468,-7.876776776563845,-8.82753931431483,-11.009345609289213,-5.67103973733628,-2.965152322642868,-10.191522949523343,-11.601449517375384,-7.419384326674804,-6.994876469066046,-1.1611220607909172,-3.18183233970204e-06,-8.246451599008646,-8.48736931937777,-7.816304946675759,-7.797368460615216,-8.719326531623485,-2.880947527097823,-2.491053558577747,-5.281590196733576,-6.111247871442756,-2.109492892233105,-10.433929452332624,-10.371703873148792,2.816991820825284,-10.655695122375018,-9.630659125606368,-3.4865917292084774,-15.682908913299736,-14.878678426239999,-0.15014366690144107,-4.122112810413422,-8.003903534176848,-10.190978306407784,-10.68987873040774
4.804697479561357,6.950752901257267,1.230877161685617,6.905169155385714,-1.4719964078972536,-14.63684562365036,5.0305131484698,-1.3251834197146108,-1.5896929243033036,1.6725223304940304,16.848831195373513,1.826877182224547,-6.455743010428136,1.3536889044928575,-0.23832226543749663,8.30105813476015,-5.911869817711238,1.8458016075881525,-7.958072374714297,-3.3169246010939415,0.0,-1.4445602638731219,-0.9260810730966864,-0.36266742006738584,-5.169400231694214,1.536537780425616,2.2751431693161464,3.2396047138949324,2.7129399195392727,0.8444939425863879,-5.3917555962943435,1.8142594071473344,0.335059239171515,0.8489580365976206,-2.5526671888020047,6.651222030519856,2.742563309815549,-11.54357333632538,-1.6229567984728008,-6.729908228199348,1.8383482160513,-7.197452644904778,0.2734452410112858,4.397673069625134,6.411276318082655,-1.8934630889342876,6.100913763572879,6.0900341852974496,-1.2542709431909123,1.7411146503797894,-2.258740175719261,-5.928619397655477,-0.18847611000407957,-6.345359359639591,16.806264767548306,9.231781839529807,-0.37251762380756887,1.2277508430474182,-6.854480380919038,0.1899100657912384,1.1053492556759987,0.4110007685589628,-1.7046893389857272,-1.822607271343769,-1.671875535715038,0.24109929500897587,-3.7590590050202706,-10.871519180124592,5.756857712068689,-3.615181159348855,-0.10500032652393236,3.734698102544911,4.819470623444662,9.064351545001047,-5.673775570002286,-1.6022568181335104,-2.0174090663504045,-0.09094722093318,4.742889642904944,-1.0211370981567789,6.16634693000328,-6.60930210210464,2.6582511376831004,0.44141411529343033,0.45422000687189057,-5.835024121727578,5.4578045211239195,-2.2331282304883704,-5.865806387504509,1.6476656989683007,-2.5430378939169174,-6.7352063344414494,1.3559082295920193,-3.2235913786310784,3.922037233411508,0.641902195564612,-3.352405102099121,-0.060412805207232446,1.1168572191181751,1.544244579154484
