0,1,2,3,4,5,6,7,8,9,10,11,12,13,14,15,16,17,18,19,20,21,22,23,24,25,26,27,28,29,30,31,32,33,34,35,36,37,38,39,40,41,42,43,44,45,46,47,48,49,50,51,52,53,54,55,56,57,58,59,60,61,62,63,64,65,66,67,68,69,70,71,72,73,74,75,76,77,78,79,80,81,82,83,84,85,86,87,88,89,90,91,92,93,94,95,96,97,98,99
0.0,1.594983522006168,6.717195769584952,-1.5844142967074912,5.604566401074132,4.720064440701585,2.263913976297289,-1.2922014592320907,3.036579232127649,1.0044214316682027,-3.312607233839073,-2.805511868805287,2.0009611186184264,-2.0859235861758294,-0.08234317646543102,-1.126309195736161,-8.621231013506355,3.15927485445295,-7.838939980257619,-2.0314778258435875,-6.205004249509102,9.967720863455911,0.4677055603223989,-7.202455352730643,-0.14398721468912884,4.921529948405673,1.6030789875849303,0.2661090857874983,-1.9978938034860891,-4.466727546829308,2.482666342220463,-5.625361315241414,3.131143877930263,3.2319683819761327,2.102367056110776,4.707354826069948,-1.805754546778978,6.558171623883656,12.319025169635331,13.44775811097138,4.809090547217842,-5.422613168290102,2.6261881601403876,-4.392244282694636,-7.580789466128053,-6.1961144678228495,0.8824323769627687,-4.02899317034303,-4.652354977894755,-2.1700039560661377,0.0745768842223552,8.576631688809021,4.8912798249863245,3.678298418564331,2.601176796941709,1.1077159321331191,-2.3330679179560425,0.24875282080312783,4.102569047770856,-3.4580307129979766,6.510576785855568,4.732052504822855,-8.558095489681376,-2.519326876116338,3.3837525741395953,-0.511212911078575,-7.173901020688182,-8.109302540323796,6.472111192158947,-0.9919946211064894,1.6268142860086514,-6.325638649513377,4.149768155258057,-1.7152259305873154,5.253831332649709,1.8496706942926608,0.8640778341159737,-1.7949751314478923,5.004247915170479,-7.2127452770279294,-6.092030412933865,-4.433878747901647,-7.84927361894891,-0.7411591259576291,-5.629875347698916,-0.20905812179489927,-0.5747616736641853,-1.704670520338788,6.943898315107984,-3.190167152595674,-1.6919904299510116,1.1311237809138188,-1.6669198929063405,2.524102406404763,17.46626943005966,-10.25745704785081,-3.6817940773133744,-5.738018587090783,-3.183289646601776,-3.82894855999106
1.594983522006168,0.0,-4.573185340276751,3.048228566522797,-2.0375568663128227,-1.9208108316560224,3.3477828613743266,-1.2806535369351475,-0.724050172657737,4.659210223966168,-1.807657203532628,2.8407548948077754,8.527232863022038,-0.35891457993965115,2.021124058375595,-0.8825510713163202,-0.8264220865997821,2.3916904726529595,-3.240756400834523,2.2559349182441575,-0.35341008299803006,6.967152393141821,4.199666599200481,-5.403670674660663,-5.155635569733625,-10.720963613443079,4.412765730188172,0.12361077776149036,-3.807415685212261,0.9021803933816467,3.790951154874581,-2.66957566295555,6.0648936500531905,4.739092356112416,4.23812143917901,-1.6350586647865988,0.566084921540748,4.927686398371089,9.080606067105313,16.31258956565165,3.83162531978694,-2.583430166757937,1.6413739111872403,2.1455239529140955,0.18537859700581896,5.808146664478885,4.973644242709908,5.3703369921775685,0.9325800251527443,0.6940803358765694,-0.5939400873102327,-2.4981974128519555,1.640545833335609,2.884725799627517,6.052561501659097,-6.123153512817996,-1.3938542847320823,-5.837907026265696,1.1324641619556708,5.8662791326849515,3.0947591668919165,1.778697773221932,-0.4736223844561045,1.2562550802930774,0.6827110515260235,1.425549795834544,5.357970852407689,2.131233789278814,-5.7016272803152015,-1.6138371209592435,0.7825818948339638,2.3323776257834528,4.511863564022268,7.057742222437694,3.6360431820973096,-3.1777533906033844,-1.492832830941607,3.77108622618184,8.139854982640763,-4.496615071460483,7.659836935989476,-2.5940440282493995,2.2351872989585297,1.4472788103753582,2.947138367460919,3.630731662219868,-1.073044344422746,3.6075821848815215,7.71348954633987,-0.7892056506626157,-6.419873273653355,-3.768408110431416,0.23400447120492224,2.144034064542799,-1.6835734134279015,0.5723611627042,5.835820134745292,5.758078672394968,8.223412692683324,1.9204703858699728
6.717195769584952,-4.573185340276751,0.0,5.04672016827686,-2.749204231348501,-0.08363225186645537,-2.3444560334505047,-9.804142440214056,-4.988363099265854,3.2237863973520366,-2.8844893898441986,-6.349265750360678,-0.7643279318544108,-2.2373887628703355,-2.144850073344563,0.4774199663713175,1.2463156677572482,-0.3823248121861664,-2.7110571839468744,-4.944579756146152,-13.913315803722844,2.5608524523808343,-1.4948808817263308,-5.199713068526476,-7.319096942190381,5.210484255283312,-1.8418709927750676,-0.7324643393635758,-4.551078244283308,-2.879209591539007,1.0475681716224123,-6.635500100619884,4.181334821464603,3.343781386855401,4.545722129621253,-7.714091592001907,-7.473321004498459,-1.5349981982002703,12.011204806564416,6.09999866337132,-0.6594741104349189,-8.130797608738808,1.5312810685233873,-1.9060163783834467,-1.1094588545710915,-2.702173151105771,-3.0692490675042343,-4.819613951647083,6.206625464649661,4.633792976723395,-5.405517240443122,1.0951227578717624,1.8027339571977137,-3.789567554717696,2.801149195486323,-7.089199004377663,-1.5853456613373682,-6.436406395031389,6.630395192588487,3.1506435280302845,1.7294226461523217,-1.251524667999795,-3.607258330558941,-0.1659860826113626,-3.0448460923832847,-1.5759785767008732,-6.8783528725623935,-2.52744401180058,2.0245388712470644,-2.054360341010481,-2.0237026956900594,-1.8188775090580505,5.6012979501629445,-1.0925535556096957,-6.403103963491744,8.719743556501335,-5.43238774334978,-5.50256946196854,-1.797230286100704,-2.737040274285604,-1.6809334736926336,-1.535745434134619,-5.974205422300704,-6.795313793551322,-0.5381636688780037,-2.5607636251623638,-3.6579584292936618,-1.9753762265040085,3.70460863163944,-5.381648653882215,-4.735632253086802,8.262494783183913,2.8125305573744135,-8.371933944375131,10.732195695096552,-6.856713321692138,-3.150193172845658,0.3082993439310496,-0.058839332537257386,0.3069392991086809
-1.5844142967074912,3.048228566522797,5.04672016827686,0.0,-3.1600568959567776,-1.5391949731103503,-3.679438844133647,-2.6606286049868095,-5.327394596413898,3.8096038880900434,6.33978517098626,4.852625171537378,15.79361555100326,5.037640704631201,2.024957871659828,-2.8193302842268766,4.505289691522198,1.6867886293221959,0.4066710945914296,2.9315173281397047,-3.433002868062815,9.859012197442876,5.03931223896567,-0.5638623265778469,1.0547406091833011,-4.828238562207315,7.61719826131177,5.324702917118314,-2.9659992108797035,0.12673234124999236,10.46574854258268,5.864734053405404,7.6452567493105885,9.91162354075808,8.790712901509309,8.6705056231106,1.6825933630487673,0.7687117065892243,5.692673503548554,5.047555345912407,5.045323073048876,0.7126021904200663,3.3944764085226558,2.5923002437357408,4.586849439857322,-2.3888787968346854,6.742959164272169,7.704801049342506,3.9759590091958046,-1.1514633775299794,-2.437143951785396,-1.490908588561469,-1.866474868453022,3.226850521409553,6.029634168186904,-8.153106169054482,-9.408016719437274,-6.65112903024154,7.682718166960368,9.727984545999576,9.705358208672266,2.111855167881729,2.6928429217696763,2.4314888804932964,6.3678307749888186,4.362410116015948,-0.8457678600560918,-3.494047549187049,-0.4521891154628945,-9.100193363609272,-4.71669219518192,6.333695049678134,0.21602697615049096,8.109995289955286,7.630779826738638,3.168773491069589,1.2066158750410612,-2.8820389577344785,10.532467908103715,1.1522405353157004,4.20835216418019,0.48134598459204647,10.704416226213276,0.3720024065411675,-4.083280389372614,-1.2936466335530812,5.111470093504825,8.440232796232285,8.879971841227755,-0.9080797379002103,1.1431631508788895,10.979389393630884,3.774788560765189,5.904419295073081,8.312347430897466,4.082639777129296,-1.5702401432347792,-3.0568990170821952,3.354658875235751,0.6046420893581146
5.604566401074132,-2.0375568663128227,-2.749204231348501,-3.1600568959567776,0.0,-2.843813720421004,-2.0030413658016273,-1.2606244945857088,-1.79897042768359,-4.28328300416329,-0.04435110192075346,-0.33262012932466745,3.614356981167588,-4.775683599848539,-6.35054240902078,-0.4562013141206845,2.553823117211085,-4.188303558550119,2.8292562183546788,8.04977212589302,-4.794305733544346,0.2651620394322933,-1.0248172008757008,-3.678288289448461,-3.2563594995018588,-2.9578756599907656,2.0056917077260046,9.407415673445385,-0.8372225125140845,-2.8203906477815344,4.503063115804472,2.771967947155398,5.636207741597498,4.8181820364051005,7.174732863386001,4.2871944045449135,3.5970071850499807,1.6548704329408015,3.919167932716373,9.18513568973188,9.07118567317174,0.6927779453759552,-2.452168033094666,-2.187540638854568,-6.552242703935053,-0.4962361698213589,4.66145743142576,0.6809498547089029,-3.127505754744816,12.973381778347967,0.3901932091203293,-1.1344787080326366,3.5491086453700764,0.4880198532403983,7.299256176371218,-3.7152822221256088,3.2551057367946945,-4.509963077729195,4.6851927368689115,8.443019884302787,1.141593199706357,4.183630853786789,0.4062641756142393,1.0045752687582388,3.8981054005727502,-1.1411505132963575,4.389237987381405,3.8506288497763697,2.655902536755391,1.8990112520057851,-1.0151388221419797,6.8556219743409565,-0.07825375357504195,0.6174601834176873,-0.17600300848175393,6.260987001318034,6.063388980976865,-0.04889075993730672,1.1806651676745628,0.6656980802475103,3.0254090722384483,7.426120162018571,2.8721694397656266,5.165696284656021,3.201604468509693,0.8600555630734745,8.362648553842547,15.604191247636573,19.59107567284221,6.139195770159517,-0.3034071219152942,4.406056605044126,-3.7352052273753578,2.134874471968812,0.9274249693654129,-3.788165067925052,3.251517507957165,-1.4084817225528377,7.232803473321752,11.579975771206795
4.720064440701585,-1.9208108316560224,-0.08363225186645537,-1.5391949731103503,-2.843813720421004,0.0,-4.370634827167096,-3.15268316992772,-1.1901793495651132,0.030586141770110715,-4.6394403537915885,-3.2556476671757735,1.2422671101747107,-3.18339962138028,0.3668835552404303,-3.783761701069636,3.8966359547295855,1.5533054912636033,-0.4768948664535492,7.687319119438275,-8.17546866789231,7.258077254783198,3.82738875920133,-0.38647823766077033,-7.069262825752015,3.8012846230107,4.499353526266894,0.26002605742014967,4.9874354385109,-8.177102976515458,6.98082427141626,-3.2391100956308136,1.990280042749412,3.8696428179763234,5.003730501289606,-1.3841283973873992,1.9292720903212803,-7.502998572542232,3.02380695879394,6.792176487156008,-0.1482547161389036,-2.3284905430049525,0.22063808081825423,2.7454491816444127,-7.427605478410752,-1.497542380955779,-3.099835273110477,-3.550545385563055,-1.5871766070566935,-2.0466551105112587,-5.10065322207096,-4.559079443035532,-2.818139693367871,2.56848410047838,3.9905678943750993,4.959123160672903,-4.173230081092848,-5.531455880894192,-8.035417842086627,-6.346527738116277,-4.826074486836609,-4.585407886194062,-0.502962717375877,2.688470940005889,7.686669866387604,1.9679435617620384,-11.572614621990631,-5.738735501932413,0.33404232243440424,-4.855218521382863,7.652679536034592,-2.0896061849199254,11.895048849085388,-1.9094311126563897,-1.0315868726477593,-1.3830844257386294,2.7563481416501334,-0.2153788622496527,-2.7358225670513456,-1.4974520339012531,-11.560837437390388,1.8436146076831987,-1.3262416953005756,3.237067528452832,0.10275290876454074,1.541463204994007,-2.5790776951591443,4.414503746513461,8.701537882110191,-8.308119229545602,-5.2616416707660365,-8.4915872814175,-3.8533458431597873,-8.259626493398564,5.177438653401855,-8.168823048787118,-0.49765394222023074,-10.669835469925623,-1.602235080915156,-1.3437292252863968
2.263913976297289,3.3477828613743266,-2.3444560334505047,-3.679438844133647,-2.0030413658016273,-4.370634827167096,0.0,4.674065914891648,4.488787613262804,0.3567379569651091,4.95661845214048,-2.1179961784927865,8.395414062160219,3.8483791609951536,-6.122680236072677,1.6579936968149076,-0.3770435697121188,2.609633248519636,4.551969084702524,7.61289036106231,0.6504637453086568,3.870066950648493,3.528404149895751,0.7480823737994762,-6.335092655798181,-3.8034487884289248,9.202427080314559,10.191804602704208,4.895307530931844,-0.1526701683693407,0.4829961881078144,1.4429053852966631,4.01950108584955,7.277898446413544,6.006229427291568,8.813643809002345,1.0064889018182233,-2.247333873389372,6.910204611166273,14.72307668599014,8.638870055755497,-0.7296393251080167,0.903530360387237,-3.642952784635894,-9.040753589346016,1.1892799274988615,3.57792808939981,8.347853219205518,-1.5994412701247895,3.086101243427357,5.122793823702788,4.144870436044838,1.9629140088864732,2.6319549304939556,1.3923131488932503,-7.955810675820504,2.6417224292654446,5.0121490320238,-0.09549403715115928,-0.784587385611682,1.030524108703819,6.664928005509905,3.8644826493952937,3.038053530005727,3.6942136447851657,0.7379735941591004,-5.236452443735928,-4.071837691570746,6.091034122503002,2.5802420115901246,6.229786192432417,-0.8885304700305877,5.440113177396642,-2.901973316597044,0.5764548605830759,-0.23155168536064957,8.090218178218697,1.2952825030305644,-5.1003776237666125,-2.911026853448384,4.881488070741591,-0.09316121109483241,-1.3479869510759086,0.32597618114716864,-1.5172579382024984,-0.4219518723164739,1.8477772463169908,8.151427715485822,16.807494417328726,-0.7019319015097337,0.37909032401333864,2.9348034173782085,-0.2903005797726321,1.181996679279768,1.0222668248731224,-4.804544558325497,4.280364973943481,-2.262498573969954,1.6373693621685548,-1.8864756751701852
-1.2922014592320907,-1.2806535369351475,-9.804142440214056,-2.6606286049868095,-1.2606244945857088,-3.15268316992772,4.674065914891648,0.0,2.2618920064094215,3.8611825370416577,2.4691918336391043,3.598508860708036,6.801423109250768,0.6805949355049805,7.600279668796083,-2.462101670887327,1.8451836310833,2.2968306221308774,-2.5280314380372415,11.647161466942435,3.1265153455783943,3.4414653760120992,4.7957576396745285,5.877739767295044,-2.359105632926203,8.428647344369006,5.392004136237186,6.62729677569575,5.5244499478579385,4.11764639243964,3.329594495625253,3.0949230406287476,-0.5925935624878216,4.080466847144678,8.034997307395454,7.588277666889411,3.968193318087132,-5.224925846203201,10.583537691213182,13.666627984720662,9.551440064210516,0.4043281394621141,2.1390683638260857,-0.750216744876251,-1.6584734596021904,3.7748006689767406,-2.185142824802482,1.2392751035566667,4.098758626979224,13.240035178890292,1.7529987402116152,-2.1287479483622964,0.7333026318245746,2.4886539328984223,-2.2422417597220674,-1.8487750292622047,3.095971424525898,1.7047590593492437,-0.2923771296346139,-0.18312086876572903,1.1702220083090067,7.55433549376793,-3.8031062261642026,0.7709096774495983,7.640830855807507,6.871602038746463,-4.124483914230956,-4.359161662397113,10.043030960904934,0.7114945314825788,7.965478822562261,4.375195096385569,7.776433421052887,-1.3917328971999283,4.25072042878803,1.484732532358764,10.644018608838103,3.503392253074181,2.2309126574543265,2.5852477269407674,0.10633531062392992,4.752425831892202,-2.920641819313574,6.108527740585873,-1.2809345054768917,1.0125778515852386,6.110277831050972,11.876288811984308,14.389994799123189,-1.1043085098408618,2.382501454551492,2.7775191019068206,2.012707339190972,-2.274115497875207,1.5610012522287036,-9.699535296092536,-0.11730168713807836,-3.898169697400123,1.5172675363916535,6.497053504332492
3.036579232127649,-0.724050172657737,-4.988363099265854,-5.327394596413898,-1.79897042768359,-1.1901793495651132,4.488787613262804,2.2618920064094215,0.0,-0.1084680921784755,-5.439421044738541,-2.3568284291850907,2.4771470132466606,2.0549291067203366,-4.823388591035611,1.405712162564973,0.39273793999586976,5.379304269756833,-0.051317554493215047,6.321353843445679,-2.3305378725285686,0.6479134170071621,0.9435371100455257,-1.929107643867112,-0.24426975709817692,4.699093140248595,-3.8435950156053367,-2.1161135326682254,-0.9745251692654656,-7.257746333005738,4.196898252020638,1.6914128747873967,4.77702402240767,4.508512686382325,2.4667213631454747,8.855792669804298,-2.065245651076954,-4.750482663932812,8.617797981008774,4.701009886191627,3.3281896464489495,-1.5598608853240123,0.1062852673525836,4.326932319243676,0.04876781406004313,4.673827238757593,5.075604856445688,1.5415747535820092,-1.3950820718543433,0.39657674550176536,-8.373685448822135,-2.000125567322296,9.450106828135908,6.500814124100304,-0.3180103045645992,1.703707145005786,-1.593276904208249,-1.394364426492417,1.9131027697836096,-5.657473939442344,-3.8424523677174864,-6.856810161225009,1.0323035942463927,1.3960372555733924,1.1869774812333256,-1.99937760974026,-2.8099039312480056,-2.370138031142046,-2.909072307579853,-4.003579665004844,4.010402247348561,-1.9981598821168027,-0.7511408781259066,2.1176246707852098,0.5102615274725952,6.613055852478508,0.2316229401549401,-2.9862999185272394,-4.75189873806768,3.2334986678578983,-5.017794591538535,2.0315789284666246,8.977562361857805,-6.5231218131364495,-6.068216227923062,3.661841887215576,-2.227661149447939,6.256344661700219,12.230736092076768,-5.596864189841443,0.1801804523958108,-1.6629937659252012,3.85138458997328,-3.007639560101592,7.702119157416499,-3.2761283593821977,5.24261455337121,-8.995109104298303,0.49803564262366784,2.1933046571346138
1.0044214316682027,4.659210223966168,3.2237863973520366,3.8096038880900434,-4.28328300416329,0.030586141770110715,0.3567379569651091,3.8611825370416577,-0.1084680921784755,0.0,5.038896360471893,1.9946349336823332,5.118948778930275,-10.097566072707991,-3.6159391360665127,-2.8067844255352954,-1.8660025383293952,0.16666865703633352,-2.0491756962222607,7.18514359389239,-7.52848517139567,-1.7102314224209911,-4.902157830371056,-6.52200391451712,-5.423934533549474,-1.6096003404162047,10.778387596434431,0.6657044595339737,9.086194813128385,-5.281778048900599,-3.543704818397096,0.8024089100954752,2.0641719208154696,-0.1722903953115595,0.7352443022332937,-3.3421960340594086,9.885484499765044,-3.821902398541998,-2.080480593494965,7.064109878702884,1.9126356590884184,1.5244826595931285,-5.497671118681081,1.966611071154384,-1.406851809994272,-1.5305170509096253,-1.381255310566302,5.0300968938145525,-2.920266548384137,0.5492942764985258,1.6938239488149045,3.636458356079845,-2.455515160823005,-0.1967496465227612,7.783951706754879,1.0837630809243124,-2.6952802874731407,-2.348213867961276,-1.8853869704072133,3.397025044568525,5.077775495842338,-5.873786245238588,-0.16997940987166743,1.7656320551115374,1.1936826866669803,-0.7543514267104606,-2.048909719521279,-0.4646089425473832,-0.7783652501830226,-7.222154303822099,6.103396058598944,-0.7227336971578087,-2.078845060152392,5.313567031014271,5.39655442485044,-0.0009457684580221246,6.807193946304261,0.25953702747505186,-12.909875392129926,1.5836977314755931,-6.587637934915856,1.5135643938681624,-0.13266427601331765,-6.067908662345499,-5.4206418890226065,-4.8446134751959615,4.3381164796225695,9.222781603595923,4.160340042668143,0.8114326183000227,-3.533925292374564,-0.4433633870478872,-10.120898155373588,-3.8172617240548328,5.238742456481015,3.1227647407406294,1.4929043751049103,-4.936875917283537,-2.9825254639660828,-4.352401734849731
-3.312607233839073,-1.807657203532628,-2.8844893898441986,6.33978517098626,-0.04435110192075346,-4.6394403537915885,4.95661845214048,2.4691918336391043,-5.439421044738541,5.038896360471893,0.0,1.6640775813646955,2.438364742574852,-10.978940195822288,0.07258378073772902,-4.071674863552505,-11.851481667384592,1.2416300505402045,-11.233674862310403,-7.0634811564217115,-14.818308282221032,-4.219545042023996,-1.7402637724009031,-6.1318225053647355,-3.8014469181452495,1.4241619873023754,1.9033691654759377,-4.356068439262236,-2.5539790869389325,-4.343225335479752,-0.23205812057094216,2.7038632057492755,-3.282815545013107,-3.5292500971504315,-2.3584521946787964,-0.021434206745113104,3.780587190135824,-8.228688918352798,-6.45101144533247,3.288305043982255,-7.501806191288742,-1.4100054279060408,-3.8930773320290113,0.20768573184362005,-4.214173893208671,-5.440932421289348,-4.512110647073025,-0.24296575931958617,-0.9979139619766979,-10.26613764923296,1.6109247991859257,-5.154128215987408,6.196587135951376,-0.18327690690233328,2.300886785790162,2.5445361231939145,-2.384579811321428,-1.161063689174141,4.240001420552213,4.237883735348214,9.755885991432491,-6.269505932005742,-9.568320221500084,-6.266050031583896,5.792670744850635,-0.1158694731539045,-4.480767035515155,0.36711118683819216,1.6165136101281727,-4.344664889532936,-2.3046812782403294,-7.793412005014822,-6.100036955258366,5.320061308233209,-0.9154429265968317,1.0014464081967316,-5.22516092945083,-4.184706853222112,-6.988686842300008,3.81700663744824,-15.537125121437736,-4.030797694513061,1.6658161776090712,-4.876403246391072,-4.79145223058642,-8.638749630230281,-3.6115432085032952,0.8419503093098906,-2.636581179979361,-2.2551894804587485,-1.4323363319644227,-1.0207561735958752,-3.810198407661217,-3.0884266331217862,-0.7105477828072584,-6.898418925795458,-2.6746997280602,-10.24419281312576,-5.0482138974690685,-11.26250646483932
-2.805511868805287,2.8407548948077754,-6.349265750360678,4.852625171537378,-0.33262012932466745,-3.2556476671757735,-2.1179961784927865,3.598508860708036,-2.3568284291850907,1.9946349336823332,1.6640775813646955,0.0,0.759785795943874,-7.427755244619559,-1.3799713155583928,7.641325348933603,-10.49866779547602,-1.8921836233951017,-7.158403900662563,1.4804586355206928,-6.505224031166978,2.047032771387225,-0.7727541801950638,-10.06034010146072,-1.1661035131984192,4.146711139463814,6.773050887713628,-3.8553101977133553,4.909770927670593,-3.1142585279067094,-1.7174849203081968,5.592504314013247,-4.925659249659318,-0.23219457684634984,-0.9997175725662137,-1.0373360854128904,5.203940835680183,-3.2483646039133824,0.8044940294802007,7.2062857165728,-1.08843417139103,2.227566686733855,-4.935806805411774,0.10274060154252576,-2.4597766438868844,-4.191164911502677,-6.7355004066560396,-2.1466105173197447,-2.1499177346914786,0.013589203187605342,-5.164084769456252,3.413940057789048,8.705735391589105,-1.1018181008195087,8.758788058880665,2.719716399572098,0.9812260623152521,-2.36288216747108,3.0222628297398204,-1.3283369742493345,4.9637998453709375,-1.0730814618276208,-6.306036643537229,4.27858622104833,12.812034299859167,7.903969262693619,-0.6470469468729936,-1.5296941567881415,5.830009646635982,3.3294565433465513,9.270122113221898,0.22137125215336212,0.2996419046255294,4.864856500295812,1.509637943652863,2.4511492038290954,4.411409785439093,0.5072662442076967,-5.0303555735467995,4.699271734114306,-14.95471208124458,3.137132759709944,-5.787783148704053,3.41192717313044,-5.938912011441174,-0.667442848241268,-6.847842814729032,1.3184515919988495,1.502710229534684,-3.018409169403089,-5.609557426076774,-4.781737963661425,-9.85899079898563,-5.803362022653299,3.147543541680404,-4.983066429227902,-4.104910646973733,-7.311008450026209,-3.560525434643062,-2.914784775245676
2.0009611186184264,8.527232863022038,-0.7643279318544108,15.79361555100326,3.614356981167588,1.2422671101747107,8.395414062160219,6.801423109250768,2.4771470132466606,5.118948778930275,2.438364742574852,0.759785795943874,0.0,-0.9277720765297814,0.4491749373446789,-0.5855833995802696,-7.217864315475774,3.7258482608795345,1.2916305440284683,-8.437107768575009,0.731647835133103,1.8778857996139164,-1.615735224552164,1.6407574378042395,0.1826445916843706,1.6285402044754684,5.1811600999756005,-3.2438139351205826,-5.6366787574059165,-3.5144662104503683,5.527408340440398,3.1671551178312853,-8.771564694676492,6.975600492179942,-1.1629295827106203,-0.4474105781470053,-9.570706802435753,-5.216133307963697,0.12582152396313243,9.208613415063203,1.83285341595796,1.7077074139667667,-4.429654651494856,-2.474216828027841,-6.123776639121689,-1.1459393727453833,1.7865713839839217,2.7249151649917107,-4.722851247091927,0.6501745950013825,-2.34585658688979,-2.56745469938416,-2.204151778633892,-3.6024276567911593,-2.224648171626359,-2.5086648176800805,-6.8347704510000895,-4.228748041313537,0.4411928616546385,0.0786305842847894,-6.745064389559326,1.0797798592627932,-2.2485316152139,5.3823961784911925,0.9204900958710778,-3.839567688416595,-4.0122656906581655,0.4881359921271252,6.710003747675296,-0.6462446677441492,-3.1641874775886567,-3.324621207174941,-0.9305101763784824,-2.9216191535255205,-1.93066714567798,3.6468898750331817,-4.140515723518462,-2.280100792796581,-5.595178029881827,-6.001602402587337,-6.594230091314614,-9.0926207661485,-1.1402087532129932,-2.5319284295827624,-1.432011860733666,1.9427164902709195,-8.4321219608397,3.0505185248044446,6.066707777071576,2.2395450658865976,2.2335574315628626,4.363863654282263,1.8421605615078525,-1.7655120285104473,0.24650913951856115,-5.03646415140359,-4.5165780193969844,-6.8009973900132845,1.8765299812924696,-3.15587100682615
-2.0859235861758294,-0.35891457993965115,-2.2373887628703355,5.037640704631201,-4.775683599848539,-3.18339962138028,3.8483791609951536,0.6805949355049805,2.0549291067203366,-10.097566072707991,-10.978940195822288,-7.427755244619559,-0.9277720765297814,0.0,-2.116478030730332,-2.029560502075409,4.60691321977412,-11.049836598280468,-2.4231502418493145,-7.145128502100745,-3.973761632466253,6.805966593210174,-0.4299077727608276,3.63218398265126,1.5184103164551612,2.4060960329685206,-4.5045949024304175,0.48992098602415207,-5.169911719310979,-3.2850227734341115,6.483617252421486,1.986678331557308,4.269716487089842,-0.5048874394462152,1.4713885722476776,-2.445667372499893,-1.2617763781150768,2.017015592213048,4.215751009534524,2.940408713565217,-0.8001438650044538,0.6880439764705619,-2.626077674148239,3.5110930472723,3.9968144666024994,7.30092915909079,2.3916765786393617,0.3456159143607308,-2.7183844985892436,6.33002850987035,1.3880250380770172,2.1570989691785027,-10.8209421333079,-0.1146672434616198,4.840238612944093,-8.69129103310727,-1.8267179974660817,-4.832624180226238,5.18149173252311,-1.443370016515226,5.546668785729941,1.3008475550004817,-2.915197265532392,-1.716731572886243,2.4012524614936273,-6.543429564109485,-6.990259193644814,7.073090039225892,1.4477839677502855,-6.41470701981069,-0.7258399978851692,3.5473221710870995,0.7430268268663383,3.6982803121458474,-1.9664092673120344,4.74292272294506,-3.2539905276898913,-0.7316943228236115,-2.761232734670223,4.535345332281401,4.642474476891875,-3.3156072442874613,11.380179815104876,-0.9293679110123256,-3.1135496218026235,9.571174982754416,0.9216935786466995,6.938289332727437,3.269495081643063,-1.5185402874144804,-1.1384120050911373,-4.02769507654738,1.3807250712042491,4.096781562281682,11.201755365317595,8.351990934683574,6.18524073645201,0.7171065943304141,0.11409529423835953,1.6012743987101596
-0.08234317646543102,2.021124058375595,-2.144850073344563,2.024957871659828,-6.35054240902078,0.3668835552404303,-6.122680236072677,7.600279668796083,-4.823388591035611,-3.6159391360665127,0.07258378073772902,-1.3799713155583928,0.4491749373446789,-2.116478030730332,0.0,-0.7433683166525052,-4.907376815851615,-0.5650183916745376,-1.558408282402677,2.747541046805104,0.37806540981728287,3.722068092079095,-6.494372638512996,-2.3844175592639343,-2.0311128491280184,3.891608775135426,6.6297173148055455,3.198671559686432,5.687482227745725,-5.048942039897302,0.06720198678071032,-0.6150215424496844,-0.2869503872838133,11.312111997057464,6.846199080354625,-0.18002052290775147,1.026210473169909,-6.3841959324903526,4.4951255868504285,9.558506058478867,4.7591769658672165,-1.9850715415620737,-4.103333197055761,5.1039014156589335,4.638900963952322,-1.1892599899747085,-1.2657393306747315,-2.459183492376539,-1.9402201040100453,1.654591895105482,-2.1206949273764035,-0.5270304769648153,-1.87183875431727,1.3473850968284573,10.227739721550934,3.3016705019325427,-7.648226202928407,1.0479978622013735,4.7937587245114734,0.14042914314405072,0.8315494276444217,10.645801409586548,-2.2041831594138297,-2.815178449730764,2.2963651470853375,-4.5596860112373445,-5.225344495361718,-7.366432801315377,4.0008383144649695,-5.217416574662181,0.19312904733394984,8.993404192871134,2.75699920399704,-0.4045044810844115,-0.511754834284192,10.951290308072064,1.0691363904162938,6.473211021065841,-11.279311428330608,0.19647612027985853,-0.231968578409428,-2.259844048734112,7.79030603501259,3.3969585872244887,-1.52348086662131,-0.20929039292419996,-3.347808814814744,7.53212381605269,11.296415144873224,0.1802402804529659,-5.8164063344152765,4.237071863534571,3.361284110171026,-4.114344739863833,9.617573091932263,6.089454646414842,-3.531845233067654,-5.475415501637752,-7.32164647737132,-8.434511380775788
-1.126309195736161,-0.8825510713163202,0.4774199663713175,-2.8193302842268766,-0.4562013141206845,-3.783761701069636,1.6579936968149076,-2.462101670887327,1.405712162564973,-2.8067844255352954,-4.071674863552505,7.641325348933603,-0.5855833995802696,-2.029560502075409,-0.7433683166525052,0.0,-5.628300453308884,-5.075958094450094,-0.2732947295328815,0.09629057961298172,1.3643305355959483,6.937093773395014,0.7094059777308283,-9.293037252010595,-10.022263118051434,-10.04871250496774,0.9020141129378643,-1.4347087534576777,-3.083578289325112,-6.4062326373269665,5.222816692251814,0.15607263901939367,3.1107758848045672,0.5634391075789004,-2.4723491542964338,-1.6940428145036948,-8.698411233102822,4.050164058263284,10.042650206793779,7.805781931790945,4.0700586291220695,1.922878390465984,-0.2889523936967564,-2.44712020670871,-9.265999279552432,-2.515849788918395,-0.4515950194136753,2.312546062952018,3.623777065292461,5.771402398161647,0.4241251231678152,10.11163591970957,3.316341133793965,-4.163773253926468,2.9032838893291486,-9.18441109115637,5.101483733924736,-3.773674931315396,2.393517959298557,4.97893977390255,6.323488683621232,-0.6947212764393398,-0.17561245058553862,10.359066796346768,7.40968340555784,6.058460672090874,-4.945743804645807,-7.117301257167137,3.9238103938988385,-0.7301820988989706,7.483087089603693,-9.753607055869212,10.24032872512062,4.546060111630412,2.3115845711724337,3.7062286271522273,4.300652828955463,-5.817615650831009,1.554172592017239,-5.011561822656751,0.5498549482104523,-5.710736586434851,-7.602345777370483,-3.0532449474903247,-9.449042221355745,-6.1178569819012365,-4.620229892538916,-0.949924944735957,4.185795048886419,-5.4981745267322415,3.6320579821692727,6.579618746690507,3.5408276163509367,-1.8572187975176344,11.893688449032108,-0.49812691470498144,-0.4598447224663919,-2.9546954490394866,-0.8745347451227986,3.3008249781949974
-8.621231013506355,-0.8264220865997821,1.2463156677572482,4.505289691522198,2.553823117211085,3.8966359547295855,-0.3770435697121188,1.8451836310833,0.39273793999586976,-1.8660025383293952,-11.851481667384592,-10.49866779547602,-7.217864315475774,4.60691321977412,-4.907376815851615,-5.628300453308884,0.0,3.6456947787620537,0.14231535353254723,2.0093171129398546,-1.3098320777925059,6.401629956095949,-3.0295999020511903,7.267093014356285,0.6665208831409049,8.276096621929769,0.820162630103203,1.3801581700091687,1.2128860941995656,4.279834783422134,3.404699540727764,4.755269246386772,4.7525983171365045,8.461856126951444,5.364755531118686,-1.9757867054266027,-7.152801716467754,-5.972834373557673,-0.8006223413313891,3.266784480930247,0.17641779012307757,3.8152360919888455,-2.177117577302963,-4.017175836186913,3.260128394827364,-1.2166944420682355,-2.428806711131182,-2.2483979313657527,3.6111649657792584,0.9710180496616104,2.5715745093762856,3.825043953982688,-11.62580294159306,0.4823160456248095,2.1795147480003245,-10.255492108178164,-3.054188079018838,-4.079810128506358,3.5728894064407775,6.726092293909337,6.8716088964842585,2.792057171163808,6.0547012915552365,5.020440613875337,-0.6710103053955345,3.7093488758331072,-4.7371573012520045,5.905107231574214,9.30823409074717,1.3280999468134027,1.594367974103262,2.856443162017776,1.6066019645316896,-5.55573613268936,-4.753615150093696,14.193364411092755,5.601462097271443,-1.7381599464668192,4.155355612860795,5.552636697470906,3.452669929597448,-2.330625820113645,0.5914322452853151,-0.8249703105315241,-1.0807280621822832,-6.0668770378153924,-8.080408967247601,2.6794450503991687,7.971719761896251,1.5150147354519055,-3.928926713903065,8.968938106016246,0.8187643341929718,3.4596957515136726,5.1871068237375955,-1.638915903606264,-5.289610836143955,-3.1265500536869832,-3.6847065732973214,-3.542276333994355
3.15927485445295,2.3916904726529595,-0.3823248121861664,1.6867886293221959,-4.188303558550119,1.5533054912636033,2.609633248519636,2.2968306221308774,5.379304269756833,0.16666865703633352,1.2416300505402045,-1.8921836233951017,3.7258482608795345,-11.049836598280468,-0.5650183916745376,-5.075958094450094,3.6456947787620537,0.0,5.914733040133437,8.933523641330373,8.70200659892933,0.2899277767683477,3.4141149643530198,-1.8602706472060764,2.779349174792563,1.4409536373275709,7.896620990943312,4.21977118061417,9.464635268573556,-2.2513777133730795,1.1183805792302552,8.026655138084141,-7.757298379072861,1.2981664818155931,-0.8679097613166723,3.999038955794594,0.23040992434964896,-0.5930341495269644,3.283314051944105,8.39736900933828,-1.1022711730069177,0.36376655535419566,-4.961667676194008,1.4033682519388873,-5.905048536110177,6.1496883200598935,0.2681695447130774,9.28424816622973,-0.40388374417011114,5.597801259271688,-3.5450543170183506,-1.4474993237903484,8.821159273335173,2.462640176541584,0.84975439785514,-6.686765472398577,-2.3122028116332705,-6.908077858273935,-3.4515899201245426,-5.160674913324425,3.930375322420911,7.6476849735533055,-3.095662891007916,2.489447924160457,10.959129747611428,-2.511280620048188,0.34869975253406554,-7.452811440175204,5.8467388338311235,-7.41004539319187,5.179011328105182,5.49947761236719,8.615871926537666,-1.8301553651886608,6.164971836395213,7.189828158121968,5.922462652823604,9.561122228401064,0.8602654910287463,0.6306013887175711,3.396443543747364,1.0442849196354986,-2.0334719869806936,7.981655898697989,4.637009573843676,1.9031430515457788,-9.920564415583167,12.308254703329148,6.599962332994472,-2.6149247223388032,1.82744268215988,2.379829395854953,2.6787893991598017,-2.691984184056704,3.730045468429696,-0.12195775765235863,6.056505693205407,-2.3084851656199246,-8.09048068504391,0.87092902852367
-7.838939980257619,-3.240756400834523,-2.7110571839468744,0.4066710945914296,2.8292562183546788,-0.4768948664535492,4.551969084702524,-2.5280314380372415,-0.051317554493215047,-2.0491756962222607,-11.233674862310403,-7.158403900662563,1.2916305440284683,-2.4231502418493145,-1.558408282402677,-0.2732947295328815,0.14231535353254723,5.914733040133437,0.0,-8.770827409023434,0.45211591311764143,2.45671743105717,-9.073918740405972,0.05247405323046282,0.8672282350147763,4.479277511923564,-4.369961408153977,-2.443509004218349,-6.812434521307585,-4.8084200522989935,10.6460221360533,1.01602727536552,-2.518594246137868,1.208118255469566,0.06708404017012352,-6.666135608986403,-3.2776834499442207,0.339185608728777,0.6301280812984988,2.5784299026351105,-5.249612078473748,1.7249388757901836,-3.6377663311424655,-0.49528955520592033,-4.504209398125805,1.8645294068766016,3.14168778788258,-3.3602471865445938,-3.852097933861315,3.159882407011252,4.771232383261976,5.0639461108142445,-5.07003685585272,3.157472096718713,-0.1548031270749457,-14.179300090731935,-0.13537836701597744,-6.427091376129075,11.787663578630134,4.20717861950369,4.712553897823977,1.7258434300892305,-0.15652347650851478,-3.1578028447337525,-1.6880730759145153,-6.0716020845808165,-6.445936566607486,-0.2930671635038093,3.0000126184012967,-10.726815672814187,1.883320522464264,3.6369633772105088,-2.37051910828782,2.957265100469889,4.924903483254802,14.857098529917584,-3.5912843403609687,-0.2415716331126498,0.5838579187692398,0.9081036552258567,3.589596259306069,-5.743311728071498,-4.579874857601902,-8.622665677389811,-0.6130430306151933,1.3517485164385408,-4.863273360454915,1.4446461915893138,1.1512003223409975,-2.8234560430516824,4.1491049216357405,5.7271304368776255,2.4977418534070166,-0.7797916315521137,4.797311473863654,1.4950324855928387,-1.1859289956870482,2.3051312606910326,-8.178358698461219,-4.329889285691856
-2.0314778258435875,2.2559349182441575,-4.944579756146152,2.9315173281397047,8.04977212589302,7.687319119438275,7.61289036106231,11.647161466942435,6.321353843445679,7.18514359389239,-7.0634811564217115,1.4804586355206928,-8.437107768575009,-7.145128502100745,2.747541046805104,0.09629057961298172,2.0093171129398546,8.933523641330373,-8.770827409023434,0.0,1.5858815893887253,6.127296738710684,3.989946809446248,1.7722470509233403,-5.061688668633199,0.9507510345586512,5.831963946168358,4.741869171178281,0.7778037789674705,-0.5791966095119311,-4.226443574454401,1.9196785000488612,3.384389583716195,4.036823352734759,6.857518454404118,-5.59383276678582,-2.550063990608427,0.5782295897488737,-1.1392066889737515,-2.1559810697147355,5.757387608577904,2.596853738808033,3.363220436098696,0.23978640046320904,-5.120530914339921,1.3343300899432122,3.743478862963215,4.395514549988209,-1.4105568044678167,1.096753207740074,0.9808128944327535,4.442803884233677,1.120640759776001,1.9181914503110593,-10.565728627553275,-14.763552270540169,-4.6520198724310395,-8.443790218372316,-0.41963413081553774,-0.942109107239306,0.8645492371997556,-1.9760856594198095,9.642424593683415,11.445160025834799,-0.33487988865370866,-3.7359758308588407,-6.806394285430846,-3.3031013746366145,1.387297004875221,-2.0632616565477324,1.8313999650838917,-3.3904915795274406,4.935831155115869,0.09028206347932616,-5.800302465919348,4.868582703201083,0.34290140773393424,-1.211319249155313,-2.9051886269293807,6.856604473458123,-1.2742540577485972,5.859683561840454,-0.5520719319507269,4.073139722232673,0.40346665624572325,-0.1029201947439146,-3.0903680615643943,10.710530115755375,2.263696817991544,-5.410875203968936,-3.003951750572572,7.682194736744173,-1.4289214285474057,-2.2684484473780624,8.004444024689063,-1.9088790841373788,-4.6043728332474485,1.2527746287561328,-8.823479505011699,4.112172299578605
-6.205004249509102,-0.35341008299803006,-13.913315803722844,-3.433002868062815,-4.794305733544346,-8.17546866789231,0.6504637453086568,3.1265153455783943,-2.3305378725285686,-7.52848517139567,-14.818308282221032,-6.505224031166978,0.731647835133103,-3.973761632466253,0.37806540981728287,1.3643305355959483,-1.3098320777925059,8.70200659892933,0.45211591311764143,1.5858815893887253,0.0,7.672468536541246,-0.27715601651949606,3.4588844077246947,0.7551463707269622,9.171162088170878,9.330387013005607,12.571947871163152,1.299721456499294,-1.4310229289932874,-2.777297120178295,0.22477126590789023,7.668379292703945,5.697540418171654,12.769301966844687,-3.618953665482924,3.369259475596803,3.4118315571072264,8.703681970216254,8.662124940013081,7.441861733701872,5.713218159336614,3.833117944271184,4.055381720240675,6.735966834782495,2.694453542760016,3.621194648321617,5.434638033600619,1.0953909393429253,4.974582476975264,-0.0943270989558824,7.175278804125921,-2.8291009406037095,5.354843717624008,1.2975216264181733,-0.06025472910498155,1.0913003370954864,-1.209715078528894,2.586793566762884,4.477255703141656,4.671886081689359,5.237911305662236,-4.017579724509432,0.4670284531074834,7.595544594509215,3.061715010859744,-1.3107697001122423,-5.549412956360396,0.42448421490991567,-5.409020591163516,4.953870886100592,4.6315279913039165,11.795517572274733,1.4091130487106824,1.10447173823428,13.013562193385418,-0.4368024088874929,5.843445476379165,-7.277905004847536,1.9960091404513969,-4.791742384704291,4.672060808384233,1.5245000216477351,3.5012416939396696,-1.1520539287217495,8.471984023915255,2.780716623477544,13.795957579255852,8.47200126830858,-2.1829868921556015,-6.047135768926389,-4.664285529915812,-3.955529537825415,-2.0292050688406675,5.144977193622464,2.7925935998528755,-1.3255589081284356,0.5912034429705016,-3.202229935901564,4.371078544502511
