0,1,2,3,4,5,6,7,8,9,10,11,12,13,14,15,16,17,18,19,20,21,22,23,24,25,26,27,28,29,30,31,32,33,34,35,36,37,38,39,40,41,42,43,44,45,46,47,48,49,50,51,52,53,54,55,56,57,58,59,60,61,62,63,64,65,66,67,68,69,70,71,72,73,74,75,76,77,78,79,80,81,82,83,84,85,86,87,88,89,90,91,92,93,94,95,96,97,98,99
0.0,1.7069428302450604,2.7353244270220385,3.990091339420801,0.0694551697058938,-7.34284161340571,-8.455903122907007,-10.81110095827786,-7.103118293417697,-1.6262034672369887,-7.784653667513904,-8.138245102806051,3.775193234584567,-4.682356978832914,-8.183988511356718,-2.3268545203049795,0.224736716188853,3.026024340713609,-6.8803639804647085,3.7909197169140127,0.9174625571585939,-0.16075869228407091,-8.25640643698364,1.152424200921368,0.7799173366831066,0.15468825605489786,-1.8315720426829665,0.945201903160792,-1.1336647442252616,-8.61834439918155,-0.11485012048901463,-3.460263391603258,2.271572219481453,6.865379964702624,0.3345674021027687,6.399036853409513,-3.1232665170569014,-5.612808446675548,-1.4573640587621988,-1.1521455980663855,10.23568965149392,-0.5408198697193048,-7.000931235356189,-3.4814415330487773,-0.6187648350936361,-6.599956442665961,-8.07926312996535,-6.335858289840748,2.280315568076514,3.620557113505386,-2.7022244477395008,9.557945446877854,-5.267657537499759,-3.229759977757979,-2.882715313826082,-5.482362650933247,-8.735157546813209,-9.922567607663764,-3.100455487036629,-2.689065954317635,-2.407119155641982,1.1082384121442923,3.2585018532349586,-0.18426320608237523,1.8602618161928817,-3.367090801719462,-6.462154562744719,9.988039123326745,7.914488266353822,9.476059430280301,2.4797008167343115,4.472275565863995,1.0577645166430332,-8.865646463868737,3.0940877462184324,0.902479259813832,3.3440064413607358,-3.061278796552831,-2.8792628354453726,-0.2371232341639841,5.268017914369091,8.654877613605395,-4.9238924834981725,0.11376203408141929,1.3753611565220238,-0.8694259505672337,-1.2977910965866792,0.6147644331570484,4.789215612433589,-4.422681291598795,1.1158613448236383,5.656678945708107,-4.087856984619784,-1.2590917394541938,-6.10831669763914,-6.4543039276030525,-2.386592910795949,-2.5010931894373774,-0.2231077219984149,6.118348870887612
1.7069428302450604,0.0,5.061014762827496,3.822605267485839,4.1425064568231855,-1.8578896843536177,-2.685626110614,-5.860474656975112,1.3611714470054064,0.7057784196473618,0.4167052525589807,-3.220680667266923,-1.450980304461847,-0.7865083677101878,-6.789293538243044,-0.00332195598530456,5.035443565079419,7.298881015706896,-4.143320892560687,1.5885250710222756,3.3201970004744235,-3.27023249109318,-3.9662636491991794,4.87897794787826,0.9446573526123312,-6.19665625509659,-0.962983896952234,-5.263429692710253,3.0633694303063432,-1.4173118330611847,0.016436368100762475,-3.5289682456254226,2.4829307779621974,12.746297377874896,0.6325861145131122,4.3264624650561165,-1.674741624963108,3.389418817391894,11.434297256261075,0.16414098764135815,15.573711889950484,7.587535932512261,4.323357347588002,2.666744493194269,5.455633080565249,-1.0089971725836047,-4.224062861952953,2.4950109102285185,-6.1750972676627995,5.278288396676309,4.348564797892123,8.28616404105421,-0.8005492906472323,-2.777047925532827,2.701787078874825,-2.2733940995933,-3.4081034534489207,-1.872968466887418,-0.3056518703048055,4.6425807993442545,0.6731634274976299,-2.9997476792068998,-5.578054004413628,-1.3255592034715442,7.620553755401155,-3.9468413062720216,-3.299030369224889,2.40394439304604,1.973215622341545,1.0486509571777805,12.296114186137968,-6.146318780275744,0.4008058713688384,-4.2166383231682785,-3.8384102689615736,-3.6694707781162066,2.530321428369707,-5.4455448313713015,-2.103220527959472,0.5409757590481353,-5.0426097719400484,-0.05916409839612299,-0.31610438477970326,-3.592348872971008,-6.243248822569012,-5.988780901232683,-0.5360406433837067,-2.535560222337463,-0.61651291450994,-4.1382521888415615,2.1521187193566407,3.424661447901557,5.691410617243565,3.8656341116718234,-3.1837360665656305,-4.096458185703727,4.3976381517381835,1.530266233041639,-1.5350046843827103,-0.2972072489590728
2.7353244270220385,5.061014762827496,0.0,-5.093693928203424,-1.91805120063368,-2.2086044615189206,-5.102934287538324,-7.57969961838492,-3.2103807920786087,-3.5538049742695965,-10.655561426363864,-8.13210202293921,-7.140152206579572,1.9424047266716873,-7.608921555844243,-8.328140527261718,-8.615796107622451,1.5002604141058151,-6.544825742826757,-4.656321951985379,0.900148587218956,-3.656748206056884,-3.5815342900499427,-2.3152483306710985,1.3452216749870871,-0.686134378048122,-1.710913819928194,-3.7198441106599702,-4.578431907230699,-4.415760479507067,-5.2992903493457835,2.4864240855682023,-3.5391632550378302,8.274883829324027,1.5186494616413526,-1.0052031150552683,-7.250129691389173,-6.256015786975984,-0.6924740413872622,3.088130579428292,5.208642392868528,-3.4444054712120247,-7.56756749902136,-0.10536668566323577,0.876730910806331,-6.255370086875107,-11.860713871876106,-8.346712408780938,-1.988690336338458,3.4768498933275542,-1.7772623968873231,0.6877305111520883,-4.76802248281681,-11.028831378817667,3.446151434769523,-2.032353271291852,-4.9372125198361445,-7.400448623445506,-4.265857135899006,-9.150833849615935,-8.208559494388131,0.5335466004921012,-2.8645727584761813,-7.525811559614451,4.331423585590422,-6.2266007919807835,-6.665473931092202,-0.3756148629863452,3.9319548547944865,-3.0706708663359374,4.8189130281093275,3.580958006103463,-3.136004586054434,-7.4440085988045634,-10.358709908042512,-5.329092945627144,-0.11633429305471372,-10.588594180501326,-5.359792358251028,5.47055578754238,-2.5261425103313475,-0.7728106677294685,4.58944876420466,1.0057177810144928,5.94640786378428,-0.9304133366356964,-2.47227403925894,2.4223596284967526,-5.862859954960757,-3.766172128099043,3.7828567870481193,2.0018288079755537,-6.356898912114699,2.563831837535547,-2.1894235866439806,0.8525851533290449,1.030972358265715,-3.3343375683543206,-3.5902232397379654,1.1369301186229557
3.990091339420801,3.822605267485839,-5.093693928203424,0.0,3.0863340879893126,-4.388882960877819,-3.156686751037488,-10.189226624462847,-6.886503455185811,-6.995010966182662,-4.904927341007644,-7.255452130947908,-4.945909675589332,-9.497786612643507,-15.845104956482144,-2.043844049001539,2.4657462079271433,-4.531255608839441,-6.7277860483394285,3.8523687012486176,-6.6512125363088925,-6.366994498880696,-8.91566776966601,3.630397097010353,-1.5612024020499993,-7.2950096426383295,-1.7865199395952398,-5.199142931244781,2.2814090156760223,-6.387001764437357,-4.3473481355998445,3.6743043964577407,-1.4083356446911988,1.8612090871313347,-5.625120207242394,-3.38103995362652,-4.960345831671262,-1.9459408867758103,4.199711085379558,2.493913418597456,12.931122191756591,-1.1356435906258455,-3.643290971762235,0.37792112891410334,1.446532314459862,-6.39419982284378,-6.196779472992188,-5.205899561799484,-12.791130620179148,2.088542596981048,-0.07822054356047793,4.029440287176904,-3.993326240211039,-3.094449593946261,2.7349971865603018,-1.4655339913321075,-3.7614156155745087,-8.670321462003425,-12.075199024305196,-4.3979252619719915,-0.9342184684885347,-0.37524988252214914,-7.64735339121956,-9.65488954161811,-3.571786199936067,-12.274168704487968,-8.829823730903689,1.645890882264567,3.7480608791424057,-1.2465231077868817,4.08371975136059,-7.0399900925831,-2.3178100147000635,-6.862534558968241,-4.793457974535692,-7.496363537363917,5.572804806624402,-8.597359373373004,-5.556165301959533,-2.339170563648261,-3.235024837511516,-0.5122282698812557,-4.654436260749936,-8.039317306375363,-4.547638328180923,-7.593611737214752,-0.5402521642505781,-2.408630998131992,-4.934278743386339,-3.2959558934884456,-4.3529091504963136,-1.8766240301983428,3.4565174806911,-1.4635214976190936,-7.844601846302615,-3.9631149528406815,-2.722999447687217,-2.0039635965009457,-4.696094087418735,-1.067143212642068
0.0694551697058938,4.1425064568231855,-1.91805120063368,3.0863340879893126,0.0,-8.976589556687589,-7.529321863675967,-10.269919907693824,-3.107471223968317,-8.898937911133206,-5.145691078892521,-5.104394037498406,-2.033903618513253,-5.1412553808186034,-11.8489834015656,-1.864093089476518,-6.835757117062132,-3.197610991245716,-7.329222126283301,-7.3603724063622655,-7.109255022000066,-5.761604796410192,-5.883732164655818,1.7874926418897992,-6.69002034886972,-3.890402914534633,-7.015200178705694,-5.90225918053998,-1.3996442694016853,-4.539836759598535,-8.450570577433497,-11.362584871952999,-6.189425281865658,2.919286969636582,-6.79240121331024,-2.261407195827603,-3.627839938053272,-5.205530068628315,-1.5134536975819919,-4.783736103498941,7.163687705578505,-2.0100944013010564,-10.361882393489068,-2.413548198618378,-4.515923686962156,-7.172122718000447,-11.943570424158555,-5.033682013269806,-8.483044479456705,3.313548880086681,-4.360771847448633,-0.13186845645727102,-9.068449558058862,-6.51792380714194,-3.89538685531228,-8.56043483939128,-7.197336867406121,-7.984410884299898,-13.476700321872972,-5.032487854463118,-10.396037519757904,0.2332297174785752,-6.756452050149448,-12.327315680728068,-3.083591950541332,-9.987192514257645,-4.217648293267949,-2.8839353074000544,1.2130427049223045,0.2751249465826058,0.5797028664011368,-5.588747659412979,-6.175598725895364,-5.569466406991622,-6.221232332121788,-4.055465924977653,-5.308119536962599,-8.723461907485422,-6.279680777514368,-4.253172339414318,-5.6949282764754,-1.4289230780026478,-3.7207114578562224,2.752640918583949,-1.022446780506359,-3.057182165228492,0.4223366592904465,-5.52995450666786,-4.968344880290386,-15.292192040721735,5.478545685612869,-0.47479944920959855,-3.4987887350844376,2.6866897000791385,-6.946878866891992,-3.989983483983341,0.8770947533206258,-1.7874367934380748,-5.768689465791799,9.027059486035297
-7.34284161340571,-1.8578896843536177,-2.2086044615189206,-4.388882960877819,-8.976589556687589,0.0,-1.465333870356521,-3.151718861268906,-0.30415369971299167,-7.763016740896383,-1.764713610091263,-5.248073177028127,3.03860693616074,-4.320583353629724,-12.185132599866247,-0.718368872402699,-6.398267544604646,5.083167230240264,1.2026951060598736,-0.9465437270997891,-0.44307006549575856,-1.4126638670877538,-5.102095013946072,3.480354435974452,-6.264813879671613,-3.021222915554677,-8.815593325554962,-6.356042937482935,-0.802374027559383,-7.643394516442797,-4.811867821908834,-4.645019009837704,0.16013391178102743,7.984718919351933,-4.775910471398212,2.442690767772969,-1.1891343928722027,1.2645435689465743,2.726361097365906,-10.31209937905616,2.4027920003697014,-0.8801192993226393,1.6551318584441739,0.5833536472017109,1.3792978278526804,-5.035264202744019,-7.348974156678488,-5.74343642604579,-0.1451714205722615,6.988633007953745,0.4424709300282319,5.459539625496646,3.4555320960688345,0.12710668579766282,1.7899301378644323,1.4353965026055335,0.3476203172101934,-2.8852556358788415,-9.160733785721563,3.0090714177195057,-7.338014104231331,2.716814967165224,-3.3830920143171808,-8.35721796426879,-1.0166362225831775,-10.037225864510827,-4.897335005842216,-2.4893636136083566,5.267372128640759,3.510262677172065,1.712568405507348,-4.804499049787534,-4.2681730804402545,-4.0121737882224044,4.347393876444936,1.5895004421666168,-5.768524195048893,-7.4347525058355695,-7.081848338977621,-2.3172391219115465,-0.6056112250121104,-2.592793594062179,-5.576375141370358,5.9814987860075375,-4.973494279131768,-7.911448875773445,-2.153360614723372,-10.707844203985116,-1.4226443331729284,-5.675801020113555,0.26943895304172727,0.5823838566625729,-3.243726791355216,-5.740082236962888,-6.792297509648903,-4.852554927005054,0.4492860155043414,-1.9646612916620552,-1.6259473429639313,3.04661223839876
-8.455903122907007,-2.685626110614,-5.102934287538324,-3.156686751037488,-7.529321863675967,-1.465333870356521,0.0,-3.282467927699875,-3.2276617163662964,-2.1623483731239417,4.182777905348008,-4.339287420375865,8.898464170783857,0.1356599510565477,-3.0110212171548,-2.754663487060316,1.7913319343064462,3.307934303945069,-3.0198307364983257,-0.06326703694841482,-2.6315596712800486,-0.8687399099995758,-4.7934354693867975,8.056697759089596,-4.764789696343772,-4.634642418258281,-2.280695194189927,-0.3863540425759196,5.214538209931572,-7.3723319806925565,-7.048209007244387,-2.992484710433894,5.788151363567604,10.357484762231863,-0.8026686387986529,0.3440150856758666,6.154978797661255,-1.407091005443203,3.333205112708124,1.0233620062416096,14.195994992547348,-1.806565543306776,-4.133022465300868,-9.895193147563969,1.023440582564848,-2.0824991423141705,-5.243702626030267,-3.5002152468599586,2.3187431580857756,12.54729708556508,3.2048982382800366,8.450216535818388,-3.9837107279294175,2.4993826399414716,7.770741072210407,2.7333338745375015,2.439013954631484,-5.308006212561744,-2.0569420198232167,6.054217158581864,1.1029963729427115,7.6787255227537665,4.8623768012005595,0.923259546137503,0.5719423836172692,2.2066453370840455,-6.077026639492977,-6.388561841198617,-3.726641261594308,-3.072261373444159,6.7050980827472495,-2.7346869464097945,-0.42657656145539574,-9.12705571617128,-1.9079443428571123,-0.9282933140203853,6.785553266346678,-0.7892930643558984,-8.336782264515833,1.0404482391161507,-6.917626958400424,-1.989155501830368,-15.646404073318632,-6.363489352021513,-5.524277289581629,-4.32681103418876,3.7509195449254498,-2.3776048407233046,-4.461878025703956,-0.9815577309532815,-1.25947514552434,1.6333940948130277,-1.6456720552844923,-4.646183523004408,-12.952746349168583,-12.4853009372635,1.9151081181532528,2.4722535822772493,-4.33276966196895,5.301086276352414
-10.81110095827786,-5.860474656975112,-7.57969961838492,-10.189226624462847,-10.269919907693824,-3.151718861268906,-3.282467927699875,0.0,1.519571733056143,-3.433773922309763,2.6632284950740006,1.2581812661188243,7.060555087300894,-7.775680903201478,-5.659670251043577,1.9420512794356604,5.710816818449472,5.5257228299143195,-6.266379075298733,8.883858594939944,-1.7060028161454772,-1.5430224686111567,-3.246585306478252,8.010167154915889,-8.008001772966665,2.610080744131549,-8.066186964307526,-8.840745331446334,8.498641303721733,-1.6740314838556203,1.602706367611752,-0.6248225939261007,0.5821536622332689,13.277903858237076,0.11765985473638597,4.209128535755793,6.391167460381356,-1.3305900829677977,4.9670844643788445,2.3446395808761724,8.636492626689137,-1.625092925723018,2.25603503660245,-2.77871505193731,2.5909550168075506,-6.042613163907753,-6.369296183013341,-2.4660125771022487,-1.8013976422387763,8.572712533904514,4.815658013821907,13.211086876205556,-1.952245677354456,6.2574619930933695,7.429169412558835,1.8447054558405651,0.7466722619083037,-1.1249030956498607,-1.3097731001326491,9.210503242567208,5.104611972984131,8.23743719443696,0.8877289500243362,1.3348654347170408,7.845175726471511,-1.1038516546536923,-0.5386338518816094,-0.2039090557483294,3.4247427914235375,3.782451943202618,11.841856261450683,1.6772007390627006,2.3304979135922155,-7.093362733216806,-1.959887947073205,2.6423533681747617,8.547134647337964,-1.8119503871314395,0.26641472702184343,-1.5315741428116627,-1.5053108591436608,1.0803584918307019,-6.47139134246428,2.3730959345952294,-7.052756137008049,-0.6245034594738419,6.950200106993247,-7.015980642054652,-1.034578325800466,0.38391533605602846,0.4533342488638527,4.478081074677049,0.7194272005411656,-5.587276519881647,-10.545458469214251,-8.136534921090558,-0.051815060018147965,2.0745634809340534,4.944250446954262,4.1392907051596906
-7.103118293417697,1.3611714470054064,-3.2103807920786087,-6.886503455185811,-3.107471223968317,-0.30415369971299167,-3.2276617163662964,1.519571733056143,0.0,-0.1853128419263456,9.757022213819624,4.941456044673593,8.936606709434209,-7.290228574518334,-6.65558201618874,-1.383496083036515,4.653362066753254,4.000827038052961,-7.164512777308532,-0.3012137925137696,-5.093267762331495,-6.484491226810573,-5.358102369351617,7.632357743954137,1.0433805517470096,-2.9985124554820617,-8.282179250333998,-4.5448219064189646,4.577785403694893,-3.2169872708333567,3.19015739593679,-4.1439898038867815,4.05307942435712,4.6834702486448885,-1.1533807794182298,8.500712584562212,9.51137003806864,-0.4881575189534776,0.4500697492632969,-4.639204691204913,8.544403540466499,3.7059427930472095,-6.3421651731880795,-11.385685722020083,-4.738612590301789,-4.469712003073999,-5.779617711072239,-1.2526749176276977,1.019417734762646,4.5409843464445805,1.90018722268236,5.436677351397155,-7.6099063155755315,1.7585839605068414,7.567551416141642,-0.7775302433537181,-2.0218744401478883,-0.8513798940535777,1.7628555101132046,14.027384737346113,8.980617717243462,10.3273501052826,2.202689759322559,-0.2750183282508738,4.03798883167391,-2.765362861274789,0.7012399518908571,-0.8620429911731105,-0.011631668413162094,4.709082444576466,8.415502492296685,-3.6949543268720073,-1.62617194979201,-6.440354702090037,1.2069009689476586,6.316914211655906,5.711580698343186,-3.37289424109204,3.878602050538216,0.2041635885424692,-3.7317217965892935,2.6273380732793066,-9.3138673253694,-5.495427875424342,-5.7544371200241935,4.090017154255117,7.912987522122947,-5.5756840036029915,1.7341802079096384,-2.242274520932004,4.103975165989305,7.373611447622622,-0.4214794221659896,-2.59990818082847,-14.86161104947264,-13.217792798805325,1.4646778045414783,5.443766936193917,1.9920326829431,3.481331768822361
-1.6262034672369887,0.7057784196473618,-3.5538049742695965,-6.995010966182662,-8.898937911133206,-7.763016740896383,-2.1623483731239417,-3.433773922309763,-0.1853128419263456,0.0,1.729186874865116,0.5913505640502552,-2.8423904783944445,2.2187596761066186,4.186910372285176,-0.9193860963699315,2.5203143623150344,5.674099625540008,7.6264857922227876,-4.676788919976702,3.3191105165781107,-0.920032649403924,4.50871843279486,7.557510162805597,1.4857612958643684,-0.553027849767528,-6.400647292860376,-2.791864384768706,8.731012957111632,-0.8318591968617561,3.674143154561712,1.8131345744483232,10.074367175510345,2.292372875732073,-1.9570520899534944,6.508945097707937,6.104129903501844,6.8618211026676645,5.037593807129591,-4.826074074217125,9.23664252666408,7.9387003989659695,-0.2340864225398556,-2.9413456485591927,-5.596062566184443,-1.0162127164526524,-1.4115508581104228,5.663574272830043,-2.623847096149108,2.484351248381676,-1.3192220183468415,9.339672794042883,2.313149067441021,2.1042156775583623,10.448535656423092,2.1010690290412155,3.2866159745138526,-1.6705304490828403,2.7713735845119447,4.388635030112562,12.652937503306434,1.581325112461268,2.9572995188302142,-4.584824635714247,-1.1051184255919255,3.925801563775048,0.22054336410667807,-2.0248873202654663,0.4091106760330557,1.8122979808994757,7.738618182579942,-2.717059769940373,5.365964293916829,3.474020152072861,1.5726214575439883,1.4006389788913924,5.5461964106533035,3.6431718282300727,0.10043896750132736,3.839466795177709,-3.114114356157403,5.549159215729369,-4.025451133838409,-1.0773915775560727,-5.159312742100571,-0.25409254720608354,8.812110661509754,-4.2405854503601725,5.9959237862411205,12.114885327399696,7.32808099550853,2.740617445887625,-1.358868395408464,1.2951548330506213,-9.84063178652067,-7.830824231760045,3.0416969809723455,5.62671930677636,0.6321348161137432,1.8427492203832236
-7.784653667513904,0.4167052525589807,-10.655561426363864,-4.904927341007644,-5.145691078892521,-1.764713610091263,4.182777905348008,2.6632284950740006,9.757022213819624,1.729186874865116,0.0,-3.749112363836096,-6.3717612458992,1.706972370338611,6.595252734827507,-2.767096096623424,5.71538209816107,3.9030927835659304,3.797985845518488,0.8098803587260778,10.183969280082364,2.2694420608343195,1.7486327054300517,1.7771055247461425,4.0292728393664845,3.1065729987621244,2.207608441876835,0.35794220415661704,13.24641161320698,0.21253732175254936,4.326444243435017,8.124509708919508,6.537399454281024,1.8789112894467,2.226347434062472,6.571460946282496,0.32714026178869804,0.8471617787711079,2.6040587059001363,-3.219555980069124,10.038366428392184,10.449933419811117,-3.3440740013039303,-5.851988524989445,-2.8075703773106206,-3.9454204681869056,-1.4011082122041363,1.8062114404644087,1.236095626217311,2.243564946942311,7.156033471848132,10.49753077406947,1.0274419390749379,-2.125216686490871,7.81358907631992,1.4501062501727984,1.653996706522492,-4.54559997001656,-1.220657301415842,1.2087239866836554,0.04279328908147996,2.714009412191324,-2.5225555709336183,2.86516371932614,6.878573902210827,4.78564702455912,-5.218019810897273,0.34986942652244074,3.425896069310788,1.1703168533123627,17.881211938900144,-3.885752721934792,4.428811389917881,-2.3114925835228415,-4.087057752579519,9.196742793083704,8.209151337978673,2.532374635142524,0.8043344172796387,2.5510618418039566,5.713648704903212,12.601596256888763,-3.6293012717204607,0.8225383596498436,3.9065742165434374,2.982105795201511,2.1311135469469455,2.4995105601344503,2.9912595924555325,8.754888467162655,5.60039210422332,3.9954830077967616,-5.740522530008689,-0.3922802006505104,-5.431674470422734,-7.1658658241379065,-0.6346983793676286,3.3217834166797005,-0.8791822047219987,-2.7800624189235017
-8.138245102806051,-3.220680667266923,-8.13210202293921,-7.255452130947908,-5.104394037498406,-5.248073177028127,-4.339287420375865,1.2581812661188243,4.941456044673593,0.5913505640502552,-3.749112363836096,0.0,-1.8757173311653328,-3.626145587697843,0.4280365249490541,6.190226912744992,1.0456516590112768,1.888817225320936,2.801709849722059,-0.7806218918014202,1.8693796013334076,4.186232034697305,0.8400944693046843,3.6989360181261586,2.0561447294550663,-3.8830507587325753,-0.08778266973323441,0.10552981961679408,6.714366867521176,0.757419064481332,1.1714437835023144,8.902417899977545,4.042313616582275,6.495085327965281,-0.456542734008787,-0.4408508048433724,0.967676783865252,1.867535219669885,4.407048723957801,6.752971768206554,10.964373342756199,6.715593838817847,-1.7371198607031344,-5.198761767286175,1.3008996867037363,-3.74984815069736,-3.8221056021314257,0.07366140754629166,-2.5196297581328975,7.461631371277037,3.6028246487862017,8.369988325387578,7.206792598439441,3.595876573632316,10.236162931009602,6.0615580713021675,1.0187471717081444,-3.5074333777053592,-0.5963798479888394,2.20485755900936,7.550095806071411,0.5331670791241148,-3.1695787020519575,3.362763553177618,1.1068998650302575,2.4899724611852565,-2.9513040983204046,-4.074379063449101,-4.590185316373222,-5.209237247893431,8.089819802751649,-1.2336107304893973,5.5996075190392025,2.7051272843682947,-3.7254844798058486,5.856138940873188,5.458986710055592,5.441209060960634,-5.46348933686499,-1.0563414071748587,-0.8589695442639633,9.05447179070973,-8.926406871295411,-2.114006400890969,0.08851087671789033,-1.225817377459636,9.998905385555267,-1.3461058370964258,0.33319969484295286,10.275515760610425,-0.533814118555495,1.72135593339935,-2.7880828009807694,-0.3247808351586755,-11.939668110503774,-8.09541432841331,2.310680738209877,2.017495668171036,-1.1113050465034793,3.337017262653543
3.775193234584567,-1.450980304461847,-7.140152206579572,-4.945909675589332,-2.033903618513253,3.03860693616074,8.898464170783857,7.060555087300894,8.936606709434209,-2.8423904783944445,-6.3717612458992,-1.8757173311653328,0.0,0.04522705051546636,0.5664381881765153,4.555194602961306,5.346686552029992,-0.8681704011231005,1.842103241876282,7.749888212923909,-0.8236832898842602,0.5622592175047921,-3.8471331730449023,14.390373359240511,1.6457692376156812,-2.1000721674254774,4.064508076564128,6.69415052726355,6.772914827701243,3.878980865501761,-2.4272827594734245,-11.614542215340128,7.650343695875766,8.284005866302408,5.901183651219267,3.631427439628279,-4.2602603886140304,3.9675585211527262,0.2640671944478223,-1.3785173591706363,1.6031717924648707,9.230387189196872,3.604265178483816,6.051213196336329,-3.183284140419148,9.518975721584743,3.2219685721020936,3.8558332255174927,-5.82112555248011,4.744487347187394,5.25936149175308,7.4855488005476865,-0.5728957267848706,4.026499480423399,7.9810610108872435,-6.532974982344256,-1.329624931891615,-1.656601495298252,-5.23534837909461,5.785306276451945,-3.80276418920236,0.37865489884268577,2.086162071777921,-2.901934524733421,-2.1412925186831964,1.4234092572280694,-8.619155295219809,4.175471719158641,9.02754038300626,5.581540595865096,3.151408695457365,-2.60929183347242,-2.623558801264328,-8.410576791844916,3.5928482546392195,-8.362743723537447,4.68771938927615,-2.3642406639042783,1.8320083883906215,-2.255574317814083,3.117619650757806,2.591872448685663,3.2072159777263822,2.1424937801407062,3.6638692607622234,0.9055404214891832,3.849919732880777,4.6449269670099085,4.0361292451244,-0.5134373495945082,7.135488361178826,8.928243751925583,4.036025388037161,6.156348223982439,-4.3617830317560164,-5.789284067466465,13.786260704402496,5.585366980038697,-8.76703713180139,4.7463272752921375
-4.682356978832914,-0.7865083677101878,1.9424047266716873,-9.497786612643507,-5.1412553808186034,-4.320583353629724,0.1356599510565477,-7.775680903201478,-7.290228574518334,2.2187596761066186,1.706972370338611,-3.626145587697843,0.04522705051546636,0.0,-4.145688662070024,-2.26383996153888,-0.4553801887297161,2.6135778158682115,0.5410448904414908,-2.6372436026858947,-0.2671344338085731,2.1339864820530026,-1.7995323233434843,5.985348577421848,6.035018603675366,3.3081127751710415,-0.6236839865257503,-1.401049289222161,1.4366868159232522,-1.8070806298544169,0.07696438187262487,0.056577513492015695,3.226407891958217,5.231158339111879,-0.08561460475325251,1.4698576243349075,-1.852125846928892,0.8037495235843232,4.039086990916553,1.682308758951402,2.961669740037812,6.73960090242936,-0.6474513886240497,-1.1491636258891464,-4.3877276717122085,-2.2314922584079633,-2.830863045006342,-2.818389385859209,-4.4907190973630815,0.9393628981315815,-0.12580261173537105,1.6654506809746743,0.9655527152447824,5.273307820147609,5.395328335650928,-0.3311688403227441,8.25066840494481,0.5124371513509137,1.7389915106571028,2.1391119935212224,-2.415180765802908,0.1353827826138126,0.36512540381713254,-3.880487930553571,-1.8444219802413555,-2.087603094182637,-4.010292910396597,-3.1969925355000326,1.6796124207093992,2.574983840567121,1.5445884388719155,-3.3515645517129062,-1.5605377570626329,-1.2309654590441856,-4.031090172857786,5.999114570091761,-0.6535999384796953,-2.1208853959961984,-1.60680856235611,3.7327870209057217,5.492330722838509,8.163550955736522,-2.185700106456299,-0.12721030411828835,-3.654290116396075,4.4973609562917165,10.40750378729408,-2.4004143017661006,9.266573114834184,2.123480973312687,7.203557392751732,8.522983437640576,-1.8973810466025476,7.83063352044693,-8.138796552390682,-4.282658260035856,-1.9387985263642409,0.2990013302702024,-3.9135814487169087,8.444524661049808
-8.183988511356718,-6.789293538243044,-7.608921555844243,-15.845104956482144,-11.8489834015656,-12.185132599866247,-3.0110212171548,-5.659670251043577,-6.65558201618874,4.186910372285176,6.595252734827507,0.4280365249490541,0.5664381881765153,-4.145688662070024,0.0,5.140515511060756,-1.333795246967433,2.7332945959639567,4.69846707985065,-0.5070166869711235,7.093733028391902,9.430113429366532,5.038821032599637,7.153739220476606,8.207756302824302,2.5180316007625008,4.441926558929972,-0.5928654522737785,7.372569386540781,1.9661797627235305,4.900170553463074,1.0775511321875808,7.359308269833014,7.973690651552799,9.19548432577618,1.4737468470580743,4.337196278451244,9.059855677695358,6.028286975480672,2.760577982222937,6.0460689572654385,14.170265215729728,3.3119090623633727,6.43324986813001,0.9297623122672787,6.051072625773382,5.0571637630191715,4.3067213164080895,-1.976347017045512,7.051280683557948,-0.3674438405900146,13.187236962376923,8.672164825129414,7.202032611294515,12.720818038352729,5.92644949110007,11.622817624059042,-0.49027507145251936,5.4452081365558,6.068891364160434,6.696161152383652,3.769291919042084,-0.900835228561184,-1.1119088560795427,1.6967454310289365,0.22668639002419796,-5.887834217303808,2.558087383430656,4.307310709985475,4.512666451040949,5.680460653497454,-1.4151314551256726,2.969054910768804,0.06417767810862118,-3.2786973026784647,4.154800456541377,-3.5875288228591766,0.3176123476151248,-0.2514855677036852,1.1998051096471525,5.958096711273049,12.218857811288176,3.784188430067083,5.751949407697473,2.786127057973988,6.1027223279946,11.0991343213105,0.2487278700404993,10.399335369577832,4.130817064230918,8.215278547296,7.010216965323038,1.7182357141093296,9.963429077251359,-0.2817815295530405,-0.5895779199218554,5.358638599867394,3.4607173113024388,6.53238390007929,11.472332752831893
-2.3268545203049795,-0.00332195598530456,-8.328140527261718,-2.043844049001539,-1.864093089476518,-0.718368872402699,-2.754663487060316,1.9420512794356604,-1.383496083036515,-0.9193860963699315,-2.767096096623424,6.190226912744992,4.555194602961306,-2.26383996153888,5.140515511060756,0.0,-2.2991896021705798,1.1109526172822048,-5.850881216477683,-0.6732270938158968,3.4172449978583193,4.923503156551825,2.7757637704576,5.137851480858814,-2.304377694391403,3.4448286401589407,7.930521306925547,5.260294249479078,-3.0349037196043662,5.298889185898417,1.755581956179329,3.792663755579023,1.6694324193980603,10.209252785577203,2.9316513986024417,-3.275517896411807,0.40368404258877266,-4.441417375656026,7.302793858990895,9.691849789699475,11.553511488051512,-3.4668797091237287,-1.250811778691406,-0.8345489802616431,7.332578993567939,6.150557252523728,5.13293675587345,4.30710419381526,6.7462173003960455,6.616530696604017,4.642309153076874,11.597862251293568,-0.9107222587063833,-1.443757523461432,12.150943669476042,7.547088018811841,7.905793395861824,-0.2369904164726513,-4.124370743639617,-0.8562108728454769,-0.14975138127029353,3.388336307147712,-3.452758437239748,-1.4074472344742668,6.857603983244113,-2.1104648211920773,-3.77289436602484,0.18647801518088924,6.422597525740459,-2.425543336467059,7.721536095267663,8.379014487588362,-0.16975534516133964,-2.2882424556653036,-2.0148783499924767,-6.527782691364382,1.082534964922821,-7.241942845664479,1.8956555363043552,3.8114441267635857,7.8332901816105185,7.996280337646289,-1.6082624624488853,7.105530047855698,8.245433941507251,7.162805460426862,2.641287694039552,2.463732447156549,0.04115056256334203,-3.465547811060123,2.7038701030641032,-4.667880173355122,-3.7631016892436513,-0.5652956337721056,1.5242145112146768,3.745190476896005,5.844396512188072,8.159150372061363,3.1260716151461003,8.802484887485466
0.224736716188853,5.035443565079419,-8.615796107622451,2.4657462079271433,-6.835757117062132,-6.398267544604646,1.7913319343064462,5.710816818449472,4.653362066753254,2.5203143623150344,5.71538209816107,1.0456516590112768,5.346686552029992,-0.4553801887297161,-1.333795246967433,-2.2991896021705798,0.0,6.455687669298763,-2.631156027075054,-2.476261365478369,3.5831060003863,0.0947477257430965,-4.055876222024413,2.8393416988273685,-0.09387554230744873,0.3542280766687765,-1.8664748095729125,-10.65613068011462,5.402490585424693,-6.208386886832342,-3.6385835738813266,-4.6848953612523045,1.7621548756325207,6.865135548407916,4.945741852602761,4.674980067305955,-2.2745890477666646,6.917648332609756,5.1243330430762,-1.6332647120220518,1.308764018537071,8.84433289359159,4.897443513361159,-2.370683528737961,-1.9195432102207608,-2.444375456306726,2.0727180276883943,-1.0888933383353965,1.1249621646877195,-4.517771429172743,-6.86510060524708,11.137334691970931,-0.11085490344806057,-5.882878890790195,10.957972597041616,2.3035535351584056,-4.41620634865114,-7.30918614104519,10.740324120827054,3.380141780769669,-0.330690787088253,-3.715684028615744,-5.304164957975913,-6.86656388590252,-0.7162021728105301,1.2083360484965613,-0.7448071386215412,1.373792876182324,8.2287964560096,5.087572656098128,8.038293106361051,-6.282469542026129,-4.131566423124334,-6.201421500021524,-8.258931930768455,4.409338988776087,0.4747459190586309,-3.84910396538696,0.6469087598900353,-3.8225236912243536,1.0179306960123888,8.396739579444425,4.327056255926016,-5.871905874516119,-8.683424522410574,-5.664447719649892,0.0025450577881941223,-5.02269798657069,4.49358870741851,-3.063344368037201,5.354517866795624,6.531717945415393,-4.9916220145757935,0.3533049969180015,2.340210200541253,-9.999055568183342,-0.6086689808896242,-4.717385078884831,5.272692112131497,0.9167794076155505
3.026024340713609,7.298881015706896,1.5002604141058151,-4.531255608839441,-3.197610991245716,5.083167230240264,3.307934303945069,5.5257228299143195,4.000827038052961,5.674099625540008,3.9030927835659304,1.888817225320936,-0.8681704011231005,2.6135778158682115,2.7332945959639567,1.1109526172822048,6.455687669298763,0.0,-6.077168247981325,-2.902445349654129,5.455106698209878,2.1195706914836574,-1.7364508257648568,-4.077782244596585,1.4091213236690563,-12.107276381106445,0.15998553936869775,-1.435930615949084,1.3904334220589123,-0.0017675313221331979,-2.34354345797204,-6.1787682219698175,4.795684186262437,-2.266843026062205,8.134260066697145,-4.278143959709913,1.7077084700300682,0.6141518191492984,2.4072288611989205,-5.845712122448011,-4.784214497942521,3.246329375519957,-9.995575106422411,-5.134124349073597,-4.357374482642876,-0.0001691020998588269,-2.3188045822477887,0.9478237167675769,-4.6710014796801484,-1.6828719777702839,5.359663739024942,3.7806886926359886,-5.925716254721475,-8.493035575730381,1.9098286723767168,-1.8598503807260789,-5.179645454132151,-7.17900864043678,-1.1619643151908243,7.178998695392385,-0.22405328815833048,-0.9189142901455888,-7.797206431414387,-3.9985151254486575,3.5815841591949655,-2.2000900924881086,-8.9504878368325,-1.1921047830126668,-2.641494938842533,-3.6903137422201215,6.183754591651424,-7.247356979618637,0.8652433941986618,-16.21680344779045,-6.356893948554954,0.995232805094725,-2.514834463250234,-4.709324052479066,6.327196687644985,-7.308093761068913,-2.9792226111418385,-0.7542083063785574,-4.251466389802415,-5.740712353007573,0.02671975957164116,3.4091443631389287,-1.5886640021203184,6.170706147869393,-0.8552870530486419,-5.132182531902982,0.22829303969724993,-6.930915002979806,-6.45789172701482,-0.11248453855423839,-5.942812235358081,-14.87300105754902,-1.2478559932503257,3.710859503615685,-3.6118869304281582,-2.497261676333502
-6.8803639804647085,-4.143320892560687,-6.544825742826757,-6.7277860483394285,-7.329222126283301,1.2026951060598736,-3.0198307364983257,-6.266379075298733,-7.164512777308532,7.6264857922227876,3.797985845518488,2.801709849722059,1.842103241876282,0.5410448904414908,4.69846707985065,-5.850881216477683,-2.631156027075054,-6.077168247981325,0.0,0.6669569296317186,1.5696463426070797,2.7789839115373054,-5.006054484656919,2.61021171034249,3.2574867456458003,-0.4468361782521657,-7.464942009426541,-7.31538988882224,-0.17523329751166947,-5.17380364048861,-2.4861828575577847,-2.783153665702893,0.7853000042942105,5.209430082967519,4.126834124082658,4.210203016301803,2.1887511202285808,3.0497714481698868,3.782744353883418,2.1689727741483695,2.008734304627332,5.43145289479124,3.6597987029129695,-7.74233643023124,-5.238030526354751,-4.116187368273245,-2.5050600098629894,-6.290299150862024,-1.4154931560144348,2.5534251298764734,-3.5632440360756163,7.352979487690605,3.427189409823204,2.9322124389313844,10.771523073204419,3.1082058785795152,4.242862629392022,1.1337517993159305,3.071890695640023,6.0297256811664175,2.5236369786637125,8.509702565360259,-6.3420150395580395,-7.420884734613916,-1.268747827475568,-3.2815587020220742,0.481500001825542,-1.2142380480369557,3.599768955791072,4.523166078682323,5.902603772967,-0.14484970569629152,-3.127661896206343,-0.8469913312980942,-3.788411538513288,3.642734613857432,3.3139884931173,-2.9942309914975924,-4.207913362146364,1.0312928283392002,2.524774954369489,5.607506761108793,-7.2894554120103745,0.29032445109258603,-7.538851054293478,-3.9194513457443794,7.052192304128938,-5.694942329913531,10.4827127385965,1.0374375620727239,6.963266454787404,7.805774141807115,-3.97217106057333,6.729859653360291,-1.4365834443769028,-13.541057112761802,-6.23359539155244,-5.985281424414286,1.533217355227424,9.992669707579559
3.7909197169140127,1.5885250710222756,-4.656321951985379,3.8523687012486176,-7.3603724063622655,-0.9465437270997891,-0.06326703694841482,8.883858594939944,-0.3012137925137696,-4.676788919976702,0.8098803587260778,-0.7806218918014202,7.749888212923909,-2.6372436026858947,-0.5070166869711235,-0.6732270938158968,-2.476261365478369,-2.902445349654129,0.6669569296317186,0.0,9.773301711003182,-4.470145766004105,-2.662128821469793,4.913769528437459,-3.0181311848897066,-3.2061961630181584,-0.1728386930233542,-5.988612033670718,2.0214604323669083,-1.609157158271339,-3.884992343649744,-2.8073778944604686,-2.6383904103265174,3.206614226049135,-0.5700404831873167,-3.39109427869321,0.37341987743533034,1.3048686111280634,9.960486318975262,4.299125763415679,1.5505782924364768,5.358306798964346,-3.0654191761952534,-13.284401273326356,-6.1338931246013715,0.5940639099566655,0.3055677231740238,-1.8216264762951289,-4.122504888918025,5.8875828627435185,-2.9647307176556823,8.34519032015452,-1.646600296017437,-6.934243414595562,14.297289844748512,8.196666837564118,-0.2687894390958483,-4.343770419338504,-1.0074702648808476,8.610036604130036,6.542968977011862,-1.0716491537338266,-0.09718416701673464,-4.275816781943674,7.58631941916173,-1.0873207677058752,-3.260010163042476,-0.10854129859907093,1.7351646926133384,-1.9457077522224049,14.449560239695124,-4.307014807983503,2.620776827086459,-6.015898289874226,0.8492343070700915,-6.4844655674193294,4.50364907043904,-2.1808193335293526,-2.572736478638288,-5.171474155414983,-0.00672973918763338,-0.5690810020858668,-7.8721124157680515,-7.854224431807202,-0.823361296481614,-0.6993906748046844,2.6431899768271734,0.8550862618079107,2.048428743541113,2.4568553684738483,1.1583761407283972,-6.428937616821518,-0.3182806832425067,-1.2266938052277723,-0.7876745847742948,-13.22345375509305,3.401273332157478,0.7314717517266778,-2.071163586850141,5.7169501111466525
0.9174625571585939,3.3201970004744235,0.900148587218956,-6.6512125363088925,-7.109255022000066,-0.44307006549575856,-2.6315596712800486,-1.7060028161454772,-5.093267762331495,3.3191105165781107,10.183969280082364,1.8693796013334076,-0.8236832898842602,-0.2671344338085731,7.093733028391902,3.4172449978583193,3.5831060003863,5.455106698209878,1.5696463426070797,9.773301711003182,0.0,-1.1629160607848839,-4.4615695751551385,-4.731856986949883,3.378944509556246,-10.922512544325475,-6.112007536401456,-5.48077172917122,-0.2839676795684312,-5.389466830265148,-2.305357723972405,-2.272091289999145,3.1489281066434134,-1.8010154150592415,-0.4535813439120264,-3.6730567724832506,-2.553560230976829,-5.087288163094466,-0.8352181934245818,-3.373530980780027,-5.923179600072469,4.964821848214635,-1.85240068480998,-5.575663881053705,-5.623119984261127,-7.309785264648346,-7.541731238896099,-5.039172352295156,-9.242346005569404,0.8444163084441833,-5.9521690573946335,4.651837130789426,-3.261917354448409,0.8044145395812331,11.521289270306765,-2.938342533846237,0.8495057361402901,-4.5088822824129435,-1.585590796564529,-1.6563684026765568,-7.137091303141792,7.312670330568334,-4.4418196382009825,-11.289203881767603,-4.535844692686175,-7.396041578744954,-0.5835162384193403,-7.717173455344347,-4.630794391321534,-4.785733923413371,0.47706693008314,-5.0734769175399865,-6.848435680846198,-10.487021239877796,-9.165098057620414,-2.2775094187891427,-5.2111827641843655,-6.816715704924206,-6.3578550665791935,2.2920500669790855,-3.5807642026510695,0.5056791805503259,-6.164671963678996,-5.8157299066789125,-5.474265914871896,-2.397989612631456,0.5666283504989007,-6.31322360142984,0.7067852972018129,-2.378877390711092,3.8086504404321633,-1.1568261189115403,-8.781062445737502,6.772792876174718,-8.598445128684908,-8.829751215763844,-4.531600427866398,-4.397155909654369,-7.079994002343317,4.0744612936669204
