0,1,2,3,4,5,6,7,8,9,10,11,12,13,14,15,16,17,18,19,20,21,22,23,24,25,26,27,28,29,30,31,32,33,34,35,36,37,38,39,40,41,42,43,44,45,46,47,48,49,50,51,52,53,54,55,56,57,58,59,60,61,62,63,64,65,66,67,68,69,70,71,72,73,74,75,76,77,78,79,80,81,82,83,84,85,86,87,88,89,90,91,92,93,94,95,96,97,98,99
0.0,0.0016790646279859487,-8.914725758615033,-4.333626806950792,-0.008510097119382115,0.4435588579527168,-6.624683629983914,-1.6748601099774407,-7.87466894714214,3.1389203020323513,-2.5715632075060753,-0.41127157245539686,-6.190326241748305,12.412618742485613,3.774951381205852,-6.795143598630792,7.819407295212684,-6.40633899096736,5.894903496977085,1.9427442627099376,5.121422088286841,-3.8962417442998856,1.6401709810199552,-3.7730014460679633,-6.330250018535344,-6.124753864659429,-10.167089591316143,-6.641128872135109,-3.9468302386474168,-4.499125373828738,-9.68581895867811,-6.879496775407556,-7.443898764606379,-4.367018341999623,-8.79588809408416,-0.1442994110741827,-7.567089897752189,-8.130613891486338,-4.578039153395712,-13.103003890050871,-7.848989764895272,-4.247519270380438,-4.941506350596224,-9.609587721383072,-3.7904645457461448,-7.738740590092773,-5.926783965546186,0.8362498117544858,-1.3230072999443747,-2.9271805428434705,0.4120585810523232,-6.613562763089279,2.670905464955815,1.3578221170395544,-1.8310985906647048,6.45610696318953,-1.6893543007815928,-1.2444785814547257,8.803549698751326,-6.202187482832072,-0.020976440639312362,6.573744683282508,-2.063509950995408,9.387356026513537,13.354353118301724,2.0643370007218675,-4.218924406310108,9.314186741008625,2.1448697426793815,-8.52378695503343,6.0533896316158735,0.9736595551869475,1.0210865441118169,-2.286224908978333,9.242641900503767,-7.373778604200878,3.4547799749828174,-8.247960437060023,-6.237047211668596,-10.597025812655748,-0.5149640244639456,-5.391931801799076,-0.5765455925298681,-3.6677710165788784,-4.43853276854521,-7.310635695357998,-1.2914137164591013,0.6582889701698353,-2.988619000776964,-2.3818125382254247,0.37053079904464387,-0.7977401650193516,-8.450653994692921,-4.212924042997051,-4.01377576892461,-14.558055929128164,-11.50972572427362,-9.067690854896576,-1.8358791197607152,-6.906045278624276
0.0016790646279859487,0.0,1.741666313694374,0.09429819501979465,9.447618793012392,-3.9890797887455,-0.6818656932011635,0.3958534799873079,4.815376724991576,-0.6632573373435263,-6.079146233441833,-5.229854227903912,4.469232830341828,-8.460041202460223,-7.916329497122514,5.985704771644691,4.092166562954089,3.9799060780221978,1.0049335198745308,5.746062902086578,1.6947421129483367,13.63476232482019,0.28888985499703074,-3.5598687781420857,3.092733585907914,2.428399594985189,2.9930320939771415,9.677495000715377,1.9841296162930575,-2.819312507203944,3.7546285508864794,-7.118902230157537,3.887946872040005,8.918525398456822,-0.311384240348216,8.810963244198087,-0.3985631827447417,-1.923194605236404,-0.16055264778248657,-11.77743983879959,-5.18920950780355,7.598973359099939,6.860208144707616,-6.415967379212262,5.865202856307136,-6.387366472416067,-0.44311623651025056,2.100344073703561,-6.82998295248928,0.06083060123870965,9.501510845600096,4.185866222715193,-0.8553692584575395,7.68229525073581,-0.7064978996934409,3.2171099742992157,-4.90438597574272,4.5201537422352045,-0.578981020138015,-7.745083492357389,-0.683060653080571,0.4963352798749584,4.294053051961658,-13.250341328184803,7.0834947941306,-4.962500328281115,2.7372438804789616,0.7187653691075702,5.7299431270447245,5.876132955789341,2.417997841039316,-0.3972463217211637,7.272461414073654,-2.493322248966225,-5.60647510122078,3.938286470977184,-1.129164778886578,0.027435919908434872,7.224766196216502,-15.092987455375724,2.7711850122099935,8.614181291449977,0.9745732089084531,7.333490346979491,12.867558070123344,2.811477810963184,-1.0591178490211208,4.045429181726004,11.54343988004318,13.833968975806126,2.99912141399622,-0.9049990133533404,-7.190894028754241,-3.383943375802796,0.47282730270565027,-5.796765346749716,-2.965354433557469,5.25511868664849,-0.694228808479228,-5.506984826329147
-8.914725758615033,1.741666313694374,0.0,3.922464517712695,2.7995730874309444,0.8469015008496462,2.7150299150220745,0.6607947886156813,3.5449246292555046,1.1719039766728148,-10.562806866963747,0.7228567017631364,1.3386308362116563,6.211404403720749,-4.084023739829161,8.109708263496882,-2.284932740910113,1.863615384276584,2.059236310291072,3.367901827597194,7.130410969009346,5.290907672067531,7.131438878451145,0.25540780959483766,1.2143389015342223,2.2554994620503193,2.250392881866512,6.325154682766336,11.38445938525175,-2.914121749020655,2.345597734368427,6.748184579740782,4.456029905787824,8.500872281729393,-5.196923819193855,-5.586916203617515,-5.100077414684723,3.800004278840768,5.457789029960384,-0.8172933000614184,0.7948809038049139,5.135871971837887,6.212674551152743,-3.853041747797715,4.55046049718223,-4.835058220205018,3.5678233899671543,5.500308972449705,-3.5236772388258055,11.896223618219427,2.458685542596112,1.6300243895005109,4.322881914902138,5.242434025357196,-0.19394803192827223,-1.772432121638013,-5.7832798009537125,2.6022041237020654,11.076182501777367,4.877508660686432,4.679109124312472,-4.4487180004466005,3.2234052518827974,-8.458754502032548,1.5732179939831459,-6.688509464189614,0.7366557483132675,-1.7129686647859088,3.141305488329983,-0.8528686889523796,9.250310852296526,-0.2674121823156831,-1.2146916900757727,-8.334765910210502,-1.5427000004662983,2.258293734886032,13.471769230528931,-1.3569500218006767,9.991609950487057,-5.850640508599272,-2.6204307167498486,-4.6638893647969395,-8.849914731321654,-4.177849671623115,1.4298972397971963,-1.8621121509021328,1.6185116142549623,3.4917726176139388,-0.5317919864485727,6.299245369402257,2.1891766910586776,5.951177237670101,3.1768813827119686,9.208443053142794,8.09563006458867,-6.211340378990311,-0.8125107640033911,6.131262819493903,-4.52004406610112,3.641431152508332
-4.333626806950792,0.09429819501979465,3.922464517712695,0.0,2.765154687828798,5.845780485513248,3.358886044876975,5.742781614367527,0.3182582676762537,-2.8278870916215064,6.609374545761712,-7.914291674616848,-0.9607718914850333,-9.68887732900476,-7.309872685853853,3.6916280473259233,-1.2435922646688307,-5.494074801587307,-5.712040213484482,9.333402146261824,0.6393882406778281,-0.31320986580623,0.1907458429575447,-3.7961708863801986,-4.618094216830479,-4.167131069555944,3.004242824960609,8.404562291229489,2.606367978808497,6.967867420844516,-1.191577060180655,0.8202071549540425,16.59910692382504,7.148752582165945,3.9984502698156046,9.564197406917758,0.08355051813468083,2.316486155948073,-0.9297365152159955,-2.0480545563084527,1.5118834454884502,19.5246429743998,3.992522088625497,0.6110737042088732,-0.8284171323634583,-0.843347913906057,7.033795634295614,-0.494641985896078,6.043312960021977,7.18883853329742,0.16790954602628716,4.492644114826027,1.9840392136380107,-0.06271912973531296,7.512137565611305,1.9262238189345156,2.0021117561241,5.403532714124236,-5.84870194564722,3.7420694534278502,0.3587560116566717,1.5264827088008839,-2.0136367953185506,-6.766622730225498,-1.5257985631884379,-7.808177117592685,-0.7380375283172763,-4.9405766137759,-2.6500443860146987,5.620371839081768,0.5493989022745028,4.023596989373313,2.8077765494761,-8.900670496127288,-9.698804750843475,-0.9713513359980179,-2.2102098496399214,5.187078097975534,5.047453709088318,-4.751136590074103,-1.2969877375696803,4.094332373816633,-11.440690511477912,-1.341376921132442,-0.41196106884959505,10.529550487430415,0.7963916071337463,7.952573455922094,5.72926523742843,2.2084364674663273,0.503562982989344,8.601192389145105,8.403162362496609,-7.310279431858826,-3.911491914176703,-2.1371693141415453,3.9737308872161634,6.157866652064193,6.663276368121016,0.49101190403150063
-0.008510097119382115,9.447618793012392,2.7995730874309444,2.765154687828798,0.0,1.2740374882094034,-7.142064021527607,2.4808719837222895,1.6634123111879169,-6.272413157911385,-4.1424411604712725,-7.845311269739886,-0.815438382408729,-2.284867973050904,-3.267795913353505,-6.4084623732655,-0.7730608260384652,-4.161542639330232,2.8981552269967787,-4.646861922304408,-4.401708650078101,6.081946023103529,-0.5189456114887728,-1.1776197673078743,-0.028513584192526226,-0.18368799023989488,-2.4329131688620325,2.8138425935034985,9.150808176666159,2.0850123806439957,-12.397323861673367,-5.521726348206252,8.906502714784576,-1.5209186194344435,-7.810208802943797,-3.681094619278467,-4.602236877816769,-6.88294486981956,-3.0117664011838046,-2.7722161517667554,-5.872456886263487,-4.634393997327633,0.5632901368977608,-7.0933814165329245,0.5703571188453325,-2.929375353470196,-0.812424225720258,-9.380974062618568,-4.6602268192588285,-2.041480630682943,5.653234345227284,2.094085634518958,-8.94646900167083,2.1908828235526685,1.7912160398822476,-0.33217010888459086,-2.430910371125267,1.0449290947524958,-8.894610488165053,3.352981968378188,4.78731932815423,6.774127626585954,-3.919310203157983,-9.157837219170018,2.9876115196777215,-6.577870208594304,-9.713458680330515,-1.7427473846283694,5.278736135020154,1.2378137256787962,-6.7177160761006105,-4.210622068445339,7.127426551067569,-6.36608425359792,-4.397175833118568,5.1992142588174595,3.023834226976398,-0.6744411653415221,-3.2897847670997558,-2.585117815396022,6.532913971429776,1.3791149935168363,-5.503392443385853,1.490894218303402,3.7768714994457726,1.4360690805793,-7.305151584655648,-4.858176782754241,-3.739491651919399,9.468732687454327,-5.319138900063856,-2.1640424039015143,-1.8160560566836,-9.169500456534374,1.2323469314295843,-0.9847174088845859,-6.321975313410306,-8.302068730617707,3.1453292786748985,-9.682596527119106
0.4435588579527168,-3.9890797887455,0.8469015008496462,5.845780485513248,1.2740374882094034,0.0,5.15125408728893,6.664817774161535,-6.373871396274975,1.0247233520757413,-8.083606304463782,2.012544658115525,-5.290540912388257,3.1570141237985525,-0.9742399753493459,5.5206636140826735,-1.3226750167897479,3.3201444482173588,-1.8451394044771008,-5.043910470099908,0.5891163124580273,-4.7485545068024075,-0.4191712680690383,-0.17540140757871375,-0.8998611720147267,10.163212483907834,-7.282105105343241,5.376484603153786,3.603488449614136,0.26034321416949235,8.61267509144446,6.918015445130448,9.86027243849896,2.1773274341715787,-6.852216043553291,-1.8830927928400096,-3.4951330957740208,2.0704806723285434,8.867098634247185,0.753752044370589,6.143899342589148,6.160307585156407,-3.742192360330759,9.111030954814384,2.04314382484248,7.907586834101216,10.927903837258825,-1.073182439412797,-1.9341727723972777,9.263796810781104,7.699767999361618,1.8333578793272745,9.66893293986549,2.3943085396685886,-0.3914622222278432,2.162863520263678,-0.8004905327230789,0.12318008768870511,7.014456823353024,0.5639046983241512,0.7010719189401461,5.22648685932167,-1.1773021325111297,5.296473783961101,5.281869765283052,0.7411284808206016,-0.2389211870389021,6.6238434367510255,10.388816415927328,2.5125574407459785,8.589606228147572,1.6235145165438571,10.65880510869522,-5.066334775285901,8.086751233180783,-0.7949468508896349,10.388372540668776,8.158840907616796,3.4160357667199457,-0.4688707648780466,-0.255237946237144,-9.247070178160035,-5.755500579912565,0.01783725765977101,5.207624218948268,-7.167139930586603,-6.816985207143598,4.5311065461293225,4.245378401063031,4.73145627640091,-0.09574469220707316,1.1861789565257068,5.092521895571437,-0.5194992232507852,-0.08205994988101313,7.125304238767013,2.621890767733548,0.6463087641065817,-3.8588639976617407,1.1567893068771693
-6.624683629983914,-0.6818656932011635,2.7150299150220745,3.358886044876975,-7.142064021527607,5.15125408728893,0.0,-3.841764199085348,-5.560547691810488,-5.20295133519003,5.818371382259121,-0.33494001914258087,5.5304022390225915,7.428388675829701,-0.9159573499159056,1.889085681528954,4.749998428973376,-14.215016406840444,6.990835918660446,8.091603786934785,3.1151087923411254,7.272304861066194,-3.1727196637941937,0.42583707390791325,1.7859637652365687,-1.70039540960542,9.313718497774769,-0.28260020540635533,13.647835254456025,-2.885598829944895,4.392639324659257,6.27517972087154,6.087126804026784,3.617494228021771,6.039852895600504,13.082423161778983,0.4202549091355385,6.668375576341202,10.166639761438446,-3.5901154935933746,4.856927888423514,-0.8784392713914185,9.657990575616216,4.755022846109309,11.934455370707306,-2.106684510500149,4.271338037225107,8.402607051000505,5.1709490031371805,-0.7014774719996142,1.514777573290896,-12.98878792340732,2.9661676354475968,-3.449713075302173,-2.8261438856865007,5.605760935258273,-2.3384717436150395,0.11339163137923468,1.8781758272207016,3.2258489113005484,-2.1177150307815142,4.568419351215291,9.72150670758023,-1.147285557237122,3.143984629854282,0.3538498521513021,-4.585039958926279,2.626078688353872,-1.3753941028282206,-2.2959841065806703,0.3638022640140002,5.824420823680086,-3.3634640872903967,11.053359199087039,-5.769017022897742,1.761403728994238,10.413102337363592,-2.1616205006248537,3.453870983304028,-6.914657502914612,-4.267337451041293,3.0876901001453465,-0.07104511108851952,-4.52403241265042,0.8048124788332669,7.139165242873309,3.508280695560147,-1.110352180588738,9.840961730677247,7.308071351118909,-1.5952208771881533,-0.4964142457390573,3.9822571835277336,1.7998625383579467,-3.728872012095675,-2.852433575869246,1.0976916801005645,0.7361506357904881,3.2869657136428,-2.731660084561468
-1.6748601099774407,0.3958534799873079,0.6607947886156813,5.742781614367527,2.4808719837222895,6.664817774161535,-3.841764199085348,0.0,1.2330157146852287,-1.4162669031211164,-7.963234687073366,5.362006399650082,1.930733521679438,3.1197805700611494,-3.471856140555823,-4.191917691087118,2.5107873563709924,0.8260004687192638,6.447750888579449,4.696806983591118,-2.1436903266995486,-0.6107108268677918,2.0969360454444015,-1.3191728609322613,1.8712087560940465,10.012605951648412,0.26563885725473785,2.763895420042516,2.3544246594090374,1.0609482755497783,-5.061334364733642,-8.676525762081,6.320185766582573,4.112054156795687,-4.486878792164784,-1.977500756563522,-3.4133827242038155,5.634521700074677,1.604379039653392,-0.14977190268161675,6.306950555599187,5.636994454440853,4.138880393158952,-4.684248628542202,9.057977273588135,3.6645381300492863,6.918358730303751,5.315588095848437,-0.7661970766800477,7.159723536790401,6.760111302888955,0.23320825199600917,6.554711318552317,-8.521907726173689,-1.9301646959771823,1.6948554433422827,-5.19834502568148,-2.2602068920914946,9.796539736797792,3.538741750784945,-1.0386156707903742,-6.568585481496938,7.920564472774338,-9.484494329382649,4.817812913175394,-1.8547680300855824,6.235612102332574,-1.449623658222816,5.488861334076537,-0.29688664656672614,-0.6139700806481467,1.11657264415472,1.0687849678165207,-1.6084926136954867,3.302633855688451,1.1129608780656692,10.4879835794431,2.789004571727812,3.3419730158277177,-9.049039663089886,11.11353781224716,4.103706803398305,-1.525881261020746,-9.6598308758398,8.656883134109387,0.6286263595376089,2.182893100630304,-5.70443079092958,6.368653474741827,3.6133370446200046,-0.37587513731065514,-14.133625416847567,-3.5047449340774657,-6.897875781708708,7.221414327927983,-4.80500943784425,-1.3218783619090084,-2.291179949618348,-3.392355710529887,4.55019180583086
-7.87466894714214,4.815376724991576,3.5449246292555046,0.3182582676762537,1.6634123111879169,-6.373871396274975,-5.560547691810488,1.2330157146852287,0.0,-0.4215212464462647,-0.35984247208907644,9.11223532418,-5.302133838905644,5.252700103200408,-3.7838361468291137,9.142188630246906,5.304951358156156,-0.14583755947493998,3.345360070087308,2.834885157975166,4.407598117954361,-3.231445337870112,3.4826688119859908,-3.5553288243572525,-3.6843627815712945,-3.5994359467031742,1.0721181942541007,-11.19767718975461,-1.2668847945036965,-0.36983508485210487,-3.5253126660445577,-2.88687323243946,-2.618016731650603,-6.080634817363792,-7.618743953946281,-0.12347974599904776,-6.963613441547104,-10.84769913155403,1.3649200342878465,3.933360565836532,-0.15314594181816807,-2.153359134138626,2.5993309164991625,2.741011365700575,4.62333399964297,-2.86640554104493,-4.416514689432836,5.147800455217729,4.1184977593020795,6.848320743508264,-2.3552982978790005,5.578804612920524,8.415389805408575,4.4011583641257355,1.1326581589013232,1.0727318103247632,-2.250308916519815,-3.105563041080451,13.68128820547529,1.168911154850216,-2.882217582665298,1.8522333864478808,7.5189877451509854,-8.547052344077427,-0.041672582872081525,-2.3975230498276123,1.2784790638919503,8.56947291767159,11.997318502450064,-5.7616653345877324,0.76420008029459,-6.119832875905958,2.7868126888333906,2.4089737795095267,8.576919318535946,1.6262222206723989,6.322195141827336,2.3020291532961177,-1.7052793994278896,-3.368610746235509,2.72764645550733,-13.600065547779522,1.259766089020588,-4.05635472152364,-4.175631959998249,-8.388714502127417,-3.237626472753333,-6.081657918809848,-2.846186074182651,-0.11464863553019876,-3.855523179419909,-1.0773957888256198,5.9636642469013355,0.39779339511145456,6.117315253228656,3.467170710577853,-5.658134252033891,-0.03202996655342116,2.8302009851738594,2.299813804626339
3.1389203020323513,-0.6632573373435263,1.1719039766728148,-2.8278870916215064,-6.272413157911385,1.0247233520757413,-5.20295133519003,-1.4162669031211164,-0.4215212464462647,0.0,-7.555601762914699,2.9359125213093766,12.657654966493515,5.903434372504961,8.129466762202007,6.079363887469111,10.0516241222163,4.5101803556853115,4.249981987907477,2.049736231437083,0.4729603836613688,8.20433572506575,3.8270526354611465,0.43324729234421233,1.4874171258749485,-7.566431639656618,2.1844837244989725,3.240378198412857,-2.3125562797549715,-1.3723295103109263,-0.8005985124640521,2.099713171267709,3.9078685215542857,5.421051947002866,2.80922830171166,-10.117480294274065,3.414314572132149,-5.509647813748681,1.0301859642538516,-2.2051991784027565,-1.7473404916385564,-6.972801120349787,5.127260514448041,-3.2386787636213703,-4.200371996221612,-0.07359155051721555,0.2180212581668801,-0.9083550001014905,-9.429294989828021,6.671677468326694,1.8823258577582924,-6.318253809162391,3.962722238482813,6.174109198322388,7.570303271030895,0.003994287720282819,1.1958229690161053,0.732999958127019,2.326665307580348,-0.5170203756722627,1.81466627259984,3.710099694986376,5.626975739646454,2.446996696689271,11.448700291141453,5.4824265093052125,-3.1754706807781967,5.203000363917961,3.976249779501989,4.6180540370286876,2.5975510891979208,-0.8774027922997493,11.917444583099527,-2.4037390313941063,5.727886732630501,3.5618496755646527,-3.0758331069472455,-1.7731056227318975,3.052205923059007,-4.278665212940026,-1.7757069389913465,1.5684228912379283,-2.999750906251908,6.795678324107737,7.90336703166605,1.664218743109004,-4.152247883075251,7.515709573707911,-4.598441282384413,13.164858985141136,3.9885878675081825,8.387014920791934,-0.24486696269651145,1.5702971460089352,-4.958120598671217,-7.55264773574191,2.5528533703580445,3.228507825018989,-4.494191296934781,-1.4404885352548404
-2.5715632075060753,-6.079146233441833,-10.562806866963747,6.609374545761712,-4.1424411604712725,-8.083606304463782,5.818371382259121,-7.963234687073366,-0.35984247208907644,-7.555601762914699,0.0,7.141874177376636,15.22416597303096,8.33363026601103,13.308757404065725,2.330306623037559,6.362799814789011,-3.62960637224612,7.784205092643115,2.5523045160679727,6.0886469522869575,-2.685386425768003,9.066058623290292,-0.9913211148924258,0.5605189887731685,-8.577437951236643,-2.050864198884402,3.868648437378236,10.960028416356508,3.2813982082456095,0.30216180524484126,-2.1916564570126047,3.666765070936051,-11.041800509200336,-5.328806319653944,6.314635604712008,12.08967067953397,0.6405898448531464,7.057164640692362,0.4376019390568851,-2.8610686738106255,2.0221773147246864,7.786549887508558,-4.979038482640054,0.6196097546916558,9.915353024129162,2.408630357660451,0.90317120620729,2.317751716655827,5.760987977313166,-2.562007719830587,-3.1293136041022636,7.162405255976004,-0.8955544534379927,5.4881304804310655,2.204726442262635,6.55063672995654,0.7209658884406176,10.936463479252447,-1.4587070783888911,5.135632090705877,8.977483901905828,14.260810174931413,4.6653729812841025,10.15068806837594,9.680093814958209,7.092969698608816,7.813559170111586,-3.398445036120214,1.2118145952946584,4.528558140833035,0.01208732018520997,10.517187290847756,9.821478771253608,10.447808799606548,-4.778037322864342,4.862661203153536,-2.1156285568529256,8.141099289105206,-4.694434444295326,1.5558621770770322,-8.644717610841763,2.0196228176964084,-4.865609621299772,-0.6203977784199171,-5.657655633419134,-0.2284396804634211,2.604072655557215,7.262785486919482,10.452038447645826,-1.8787736030919495,1.9842839200449784,11.064920878406507,5.314751115403096,-2.761811446828892,-2.5391327197893747,11.33191405643503,8.133391954208735,10.071276928937792,3.1732685645583114
-0.41127157245539686,-5.229854227903912,0.7228567017631364,-7.914291674616848,-7.845311269739886,2.012544658115525,-0.33494001914258087,5.362006399650082,9.11223532418,2.9359125213093766,7.141874177376636,0.0,5.729201709137084,7.882019216278957,7.987588002108149,0.8660030278050029,-0.9707727860951016,-3.205195932352744,-0.47377475683894305,0.4940035368493064,0.5984095648360971,0.49736984434099774,5.396529544788006,-2.0129995067481814,-6.352405080132722,-5.4614841772407,2.2379406038337084,0.733094544225811,0.8557067066247992,-0.2669916567968863,10.076600681933307,5.149131246898116,8.198873259151163,3.2577702795092796,2.58425307992172,-0.7998615716827128,-1.6367749566626386,6.763251463938964,10.53427740101079,-1.053843992078538,1.1181404389267393,-5.601116135690116,9.856019857261234,-3.4164473022088577,1.8844779016408049,8.067387117485085,7.903784745923654,0.013857282739572763,0.2330443183054811,8.091734697338227,-1.9806383471091824,-9.284401999423263,1.2594022810401992,8.500829294124662,4.740001106530582,2.3971748184406048,3.355385776111099,-2.001289335004224,1.0888747843425777,1.7402671618430443,-0.8967816789807818,3.303263371168544,6.016864135005049,-0.6769669286458383,2.9730861421128307,1.9962668007947908,-7.175920721303929,-4.648826836706986,3.612518872505438,0.994021167096233,0.1339940218990686,-0.234022940130841,2.8840599952771395,-4.515462843092122,0.7977881708244092,-0.5553639354784705,6.147890155798748,-2.09211764522902,4.8985518461948,0.4833753916505668,-7.704570371759843,-2.348358328270006,-1.9657782866233953,-1.2250612985262137,-5.169274733562235,0.260082189237375,-10.280229524917615,1.3875358690544977,-6.3922767444229995,7.261032544757539,9.896601983535517,7.277344494050552,7.075875124677998,10.389695022302634,-7.391954916308458,-10.035383785222296,8.259264010693334,0.0936616449514411,-5.2019026407506175,8.117952774132675
-6.190326241748305,4.469232830341828,1.3386308362116563,-0.9607718914850333,-0.815438382408729,-5.290540912388257,5.5304022390225915,1.930733521679438,-5.302133838905644,12.657654966493515,15.22416597303096,5.729201709137084,0.0,-1.660932353606683,-2.484409212612825,-2.1580244993045143,-0.6578480258884452,9.07510240222757,-9.340086180376977,2.0375880747500568,1.1147700816257389,4.5658875544102395,4.085249612732961,-8.687512922610725,-8.516968511686127,1.5507025317558472,-2.566838749035208,1.8344083708359171,-1.2029473286561323,2.635993613900941,-2.4625715571516045,-1.9786434072907089,3.857451237775354,9.256998292861205,-6.7321037529956085,0.5345758662077696,-4.401758774264593,9.933450959966947,10.139327498611022,-5.213980262973552,-3.2723572080851855,-2.284888777043531,8.127870060182444,-13.09928965020222,-7.791692893442746,-0.5799639252699302,-0.8934825953476752,-10.92199524676541,-2.0980914508804247,-0.0762292916802023,0.2531981738750272,-5.360585802640112,1.5237359943969455,1.894675799551924,6.038161157990428,3.0723817199124825,-2.0151740203932156,-0.7497143419681833,-3.5796118812751234,-4.395779005800546,-5.413962609505189,-4.722108685603533,-1.6917234193790125,-11.30667002600122,-2.837913971841668,-6.784718428279249,-0.31159267506988886,-10.196556755835879,4.084063021987362,4.982065998983256,-6.210444711977132,-2.879750640592948,-1.1365058066394431,-6.368974978902993,-0.4600553247364277,-7.678979509435208,-4.467876130178204,-1.6176763041065547,1.0416111262698649,3.4839597597929153,2.08245830406058,-2.9006853852662093,0.777291933746728,0.6197780626144371,5.28183282608636,-4.846100762955495,-4.064579702577675,-1.4985255799576567,1.7876313412583786,0.169228461279862,0.129071550069475,5.532370034275936,10.137752822579332,4.442493308154709,-4.911167156152975,-8.023769505427062,10.009512656016616,-7.300456117605703,0.1814887238973052,2.0793819539574048
12.412618742485613,-8.460041202460223,6.211404403720749,-9.68887732900476,-2.284867973050904,3.1570141237985525,7.428388675829701,3.1197805700611494,5.252700103200408,5.903434372504961,8.33363026601103,7.882019216278957,-1.660932353606683,0.0,-2.2712100679882608,2.880195262233939,1.7419361845017935,2.9094509000559974,1.5548446016137338,-15.349229177834236,-2.397290371316652,8.469912360387763,-4.2418425051832545,-7.507659175048604,-8.001617710947718,-8.282201187317948,0.3472505594453378,-1.966397917781308,-6.162090735143254,1.8064598535477627,5.975931018183608,-0.7521045001582126,1.3748386835787818,10.5431386327056,-2.0157684013953103,-1.5512316550297531,-3.1585910789419356,6.6480402708917605,5.975923417848092,-6.818927392691792,-7.444698346142823,-0.7011103002356549,3.4364023179042182,0.6004285531127995,-11.50111177835718,-0.19926973504978376,-4.549047864992124,-10.188254958289436,-7.609039460752014,5.945407395531567,-3.075756098966795,-2.791443842268459,-1.443949524559076,8.788675609702647,7.118828325262059,-4.409774362701992,-4.5333578596575395,-11.7811296483296,6.396411373168394,8.051797149747953,-3.4565192744219138,-4.856478087299082,-7.319520825667925,-5.300409807071234,2.3053700432374,-5.671619370026022,-8.405336906524543,1.3205737451114334,7.356757967961204,4.139751298396069,-3.2470819244523534,1.7437089686032767,-0.11891383607860694,-9.879014559975367,0.3148638931303678,-4.13797427343591,2.559183524595716,-10.780558826824675,5.869808942577498,5.041202016339383,-1.7417055792529474,-4.986147317984986,-1.7987107273733112,-1.5941148752464345,-3.602913241656617,0.39248473654508353,-0.3551472556852413,8.937022409569042,0.24437337211050444,6.628042492434177,5.490517009641144,5.47674263869889,0.908966268614395,13.030856496562174,-8.393348612296919,-5.391757938582665,6.647362299439412,-6.5552441487692095,-10.084173030643708,-1.8505182719783329
3.774951381205852,-7.916329497122514,-4.084023739829161,-7.309872685853853,-3.267795913353505,-0.9742399753493459,-0.9159573499159056,-3.471856140555823,-3.7838361468291137,8.129466762202007,13.308757404065725,7.987588002108149,-2.484409212612825,-2.2712100679882608,0.0,5.274005453653148,0.012333513566984915,5.117766294987932,7.912413770627887,-5.8359528828460325,-0.7694227963497248,16.871257513248008,1.9226777968843585,-10.152834376109839,-7.2581361212866975,-8.74645755645413,1.6486092942936468,-3.227122563933599,-0.27292737128377675,-4.331551081966526,3.320038595939464,4.167012374091769,-1.087299067944648,18.517011964850795,2.0859484883873174,3.965550865720717,-4.008719146145899,-4.868339952115372,0.8629053770808742,-6.635063000224863,-1.6637853621073857,1.0930772074952175,-4.26058155134178,-5.7392731752841994,-6.325569526435227,-2.122244407280189,-4.575970984496774,-1.5198853547491469,-7.0447510991354845,7.836345531398699,-6.408549519590179,-3.105158201359774,6.206110484003521,9.141876073242706,1.7896816127803097,2.463485258436153,5.007002245160928,1.523851298353201,-0.08315811590489673,2.0533768523773075,-3.6890262913284007,-5.662814057109408,-2.8202312579600832,-3.4160473001097054,-0.17470063992423476,-2.674288317415076,-0.9875745678514859,-2.6116744289740828,8.625642292177975,14.39127008038672,-2.8178897468050947,7.044146382184795,5.450952157207747,-10.420706020240551,-1.878682217890732,-6.453132004503733,0.890959773163859,-1.6811817521603671,2.9783826203271824,2.3932501252610354,-3.0940192413821226,0.4486638138606224,-5.961553605137524,2.290944795129351,3.0786408193203627,3.185420805293912,-3.1067384783545373,4.753706704494463,5.92346545475043,5.524153683902078,5.316169690315192,0.2840257594804035,-0.2354235970261496,8.317726116641358,0.7303827786832465,-4.533284750934612,2.3579019671315935,3.1311151517890097,-1.6574733574268907,1.955872334482536
-6.795143598630792,5.985704771644691,8.109708263496882,3.6916280473259233,-6.4084623732655,5.5206636140826735,1.889085681528954,-4.191917691087118,9.142188630246906,6.079363887469111,2.330306623037559,0.8660030278050029,-2.1580244993045143,2.880195262233939,5.274005453653148,0.0,0.587747119172958,1.5143816730777864,-0.00448613955481314,6.221269128663321,1.6435072391997012,6.962014059897429,-6.837453227449114,-2.042428649281141,-4.237979618064243,2.2174332887798887,5.491489959044707,8.642187282772717,7.294075294286975,-1.9516082514194757,-1.6379112772525366,-7.125077541703344,3.0531990380427527,1.4012178084576878,1.3874854265775491,15.337132694712066,-10.541053138453133,-5.352961137328717,2.5237228250476913,-4.840753158539994,2.4182392953947764,2.7946618913511942,-2.8828247954197193,-7.467180857195046,-0.4167792047940825,-12.477033901768824,-1.909094537084492,12.48565055508088,-0.4609236405866691,4.4932442237788335,1.8553293661871375,-9.613528139452615,-4.368011338534613,-0.9528631364250024,-3.9696056851229695,-2.4594017091695,-2.002057670858792,-8.831609179709412,-3.7670220673109105,-1.097588819507072,-0.07466090950757825,-0.3429340682019412,8.082208912366708,-7.674329161037635,2.556409102572119,-6.278762163792013,-1.5506940495314752,-4.750543008825089,0.3229992547404881,2.546030584023968,-3.4088775589173643,-1.8242134432732535,-0.7915518949523596,0.629595604967097,-5.676482345019848,-4.507937844835556,3.7102540973346017,1.7560031160110487,-0.7162990870466389,-10.984854685403388,1.3232448886809336,0.06613188825834675,-1.374799192033609,3.308461781580892,11.010688035138,4.71155394002339,-1.8553737328199116,-1.7656202587386076,8.24197862642771,2.0591345568816593,0.6315998078370714,-0.683315657785698,1.0025540261635995,-13.40742200689766,-1.3071158263574645,-10.740777611063482,-5.857705845156633,1.301285993213409,2.535366633338469,-0.30667523790166534
7.819407295212684,4.092166562954089,-2.284932740910113,-1.2435922646688307,-0.7730608260384652,-1.3226750167897479,4.749998428973376,2.5107873563709924,5.304951358156156,10.0516241222163,6.362799814789011,-0.9707727860951016,-0.6578480258884452,1.7419361845017935,0.012333513566984915,0.587747119172958,0.0,-6.776186090518735,1.7004259109912836,-4.6305090914402856,4.6060149935841235,-5.638276560157282,-0.0356434594452785,-0.7697345452693644,-11.694787609794083,2.751052590227741,-5.751570956750257,0.8034024439800739,0.6397222629057646,-4.615635108251245,4.16817074234545,2.82088248085456,-1.023657293781355,-1.2630030609998444,-8.55542071514341,-10.88459581927854,-2.6404713827142885,0.9599632655105999,-2.578060333871532,-4.605022639755758,-9.549731355655668,0.9785531002550627,-9.193455286904957,-12.763571566965572,-0.4971790345177102,-6.944989781274187,-13.490496031687352,-6.991047832517026,-0.03840493341624696,1.0335444158858855,-9.573767007183799,-12.534782888366836,0.9863587144661768,8.690122024326241,2.2871650392460774,3.4171805519867102,-9.393450025095882,-12.292505316783949,-0.7273337932846012,0.1203579012890225,-7.230872345233075,-1.3297709951687315,-1.2023523734575319,1.3022130757747763,-0.1059293474258864,-5.935633896960613,2.1781691095987106,-0.3579201467235784,2.7460776563960607,-5.624335438945414,0.013991435173565032,-5.966338170693179,-2.1345699601636854,-12.931890453235868,0.5818165071040083,-4.201258875661301,-8.682994911486297,0.14429159431901972,8.742626875361836,2.937633847244639,-1.7573331178432792,-11.844575372324044,-5.260708023982989,-5.270869604739494,2.9177872204647763,-10.93112309704739,-5.200066860499185,-5.627310154500576,-5.945242317988686,3.0056330245829272,-4.90539217033746,-0.6294344111349688,-5.320250100907312,1.1136881323827,-8.199914148602504,-5.360598610478745,-0.43141501475084215,0.5169041317132279,1.267944356682688,-3.7940335993607466
-6.40633899096736,3.9799060780221978,1.863615384276584,-5.494074801587307,-4.161542639330232,3.3201444482173588,-14.215016406840444,0.8260004687192638,-0.14583755947493998,4.5101803556853115,-3.62960637224612,-3.205195932352744,9.07510240222757,2.9094509000559974,5.117766294987932,1.5143816730777864,-6.776186090518735,0.0,4.593955538166616,2.06232629071635,-3.4097860256888355,-2.735366359055985,6.882678678893904,-0.808964160114243,-3.499945360397557,-2.1511221458629937,-1.3460051343656187,2.865673507743857,2.72600602266783,-0.9807988161855267,-5.701005396068242,-2.3429444708069527,8.819856202359487,9.80432321759616,-0.2976135312032758,-3.7562973232310175,-0.7500628846738551,-8.008428786907457,3.5120641270535518,8.438961721258146,10.14543427715822,2.195355256861684,-2.9691864587926524,-0.8016462195742534,5.367792886919512,-0.6057138955769551,3.805993726554916,-0.4160981298356808,-0.4268079884145488,5.92630511206476,-6.736385312564347,0.43466602147899863,-2.4136215473361142,4.565921334900052,-10.644384653509363,8.313613555480313,-0.26814867347063587,-4.164680327206336,-0.310380422544494,1.2567767539979395,3.5411200805435095,0.7202029401276542,0.34304861397323727,-6.609567722470964,2.7270100002849125,-6.383471226382772,13.445440529556084,4.768381299459744,-1.4892446376292736,-5.575196041103552,2.098021609765587,-11.795066932113976,4.160804859729567,-7.745034222792452,0.58375387743302,-5.1998933660257265,-2.5372198268957455,4.583756573369871,6.34046043333943,-5.44658794807764,-2.6543602591828455,-2.151844060000516,-9.670778743058515,-9.301542116419022,1.5912998016662279,-7.758485613748096,-7.3387821356652925,3.646073020734784,-7.412368221371347,-8.116424662879071,1.0306047061486412,-2.500524150246278,-3.984512755584857,-9.428005209021853,-9.872658520611356,0.05891241729932584,0.17023889129894987,-8.177112724834894,4.541258375621022,6.863289538350864
5.894903496977085,1.0049335198745308,2.059236310291072,-5.712040213484482,2.8981552269967787,-1.8451394044771008,6.990835918660446,6.447750888579449,3.345360070087308,4.249981987907477,7.784205092643115,-0.47377475683894305,-9.340086180376977,1.5548446016137338,7.912413770627887,-0.00448613955481314,1.7004259109912836,4.593955538166616,0.0,-9.127139361003431,7.587286752960611,4.548279817356804,-5.3496723430122906,-4.335911817120205,-8.634678439132834,-5.313971519675297,2.6417173822738684,-0.587568979282802,-3.613848735573408,-3.6735318441400926,2.540606436674727,-5.794907948210882,-9.985062136665784,3.270470088877417,3.021583604395546,-8.125771890752134,-3.445411978604884,1.3629712421028048,2.7022232279817864,-4.549339885416546,-7.113123342157428,-1.6950989735502673,7.346427987480863,-10.770289919298284,-10.26278351207632,-8.000603683519985,-13.0979858208573,-5.922002659644324,-11.214430054093395,4.0164438769857425,-10.042081589539707,-6.997936202280768,-4.534643113300797,1.9999669403934928,7.6663851548496,-2.4649904473977866,-3.801659086748088,-7.822198870128352,6.50220020375989,5.315979699189716,-2.976996100543142,2.5572197182171226,3.9543426562087087,-0.423408176808192,0.2874259060943634,-8.832023837887563,-7.758435934997792,-1.4554942764637122,2.236542357887451,-1.2862011097574526,-6.707575798380517,-2.7052346821250555,-3.5584626348988744,-6.478125785782034,-0.8639183656377712,-2.402090844105072,1.4198589037252676,-7.1575499720937,5.466429800916673,3.9559187812655328,-3.850048344453556,-9.081478574398307,-1.7721459609619719,-2.864167885757231,-3.16019910265011,0.4519114073036829,-0.9723685378380931,4.4398856870869565,-5.214099457949284,3.3289259654658094,0.00011654526798532404,8.325769419282521,2.2297348812971998,8.779057822308614,-4.842796555181577,-7.477432304422128,-2.1589861981787903,1.9193967859424077,-11.735496832630822,-6.566792822047989
1.9427442627099376,5.746062902086578,3.367901827597194,9.333402146261824,-4.646861922304408,-5.043910470099908,8.091603786934785,4.696806983591118,2.834885157975166,2.049736231437083,2.5523045160679727,0.4940035368493064,2.0375880747500568,-15.349229177834236,-5.8359528828460325,6.221269128663321,-4.6305090914402856,2.06232629071635,-9.127139361003431,0.0,-2.7468245574158443,2.3995187126040727,-1.0531493544566026,-7.433357177937727,-7.2270000118426925,1.1259995796572968,1.0047811966532612,4.383950559788358,9.336377736139855,-1.7210648503958104,-2.692522688607349,2.4129049940489518,5.928468497661808,2.6279240002399784,-2.4684556063467804,2.252922445215761,-2.0691010367649407,-11.740273117554173,-1.8030536791425409,-6.500959927313049,3.0568487516000045,1.1626246763709012,1.9548151107562968,-1.5837843967194052,2.673785082962417,-3.9496925376688146,-1.8042344967847233,2.430837427960267,-0.284425320116492,2.260550422427116,-3.3781122784275386,-5.7053523651904765,2.596783907811549,-2.7552039841452176,1.0423879221694907,6.026164194272125,-10.308505076145774,-1.763330170814006,9.180561403913181,1.0656301669639128,-3.969059702725001,1.8624379532947928,6.992521787510907,2.118653650163989,10.936234141776335,5.142721025776207,0.7878347266532909,6.642133379745962,3.653306661890319,0.5423703234610471,2.8038921052750183,-1.4221127842675851,7.019448006535986,5.929808890700329,5.627209412259862,-1.3714249969292491,6.131788329253202,2.956393311206685,-3.161270885303019,-11.742607154245302,3.6395015526888335,1.223641523700023,-2.0076957893548206,-1.3765003400986726,7.910569362441077,0.834374088044279,-2.0752280571582076,1.516884988741814,4.263762359743728,6.482888422138965,3.0472823609004926,-9.484366206661562,-2.691709755099051,-2.7054057336865607,3.3942986855502406,-0.7779480767429726,-9.8639479139632,-0.06116397288231966,7.5545930758588,-1.2467818530766008
5.121422088286841,1.6947421129483367,7.130410969009346,0.6393882406778281,-4.401708650078101,0.5891163124580273,3.1151087923411254,-2.1436903266995486,4.407598117954361,0.4729603836613688,6.0886469522869575,0.5984095648360971,1.1147700816257389,-2.397290371316652,-0.7694227963497248,1.6435072391997012,4.6060149935841235,-3.4097860256888355,7.587286752960611,-2.7468245574158443,0.0,4.872497916299519,-6.960510061227724,-0.266525341766122,-8.418580038087825,-0.09681739507815207,-1.8193143541325747,1.3823573172907924,3.0252531761503,-5.753344926084772,8.864766987013313,6.171263767726701,2.448229054604671,10.053683879028032,-2.31154284647652,6.1540972130390825,-2.764932699700209,0.2155048855899561,1.707282248456807,-3.8280063234566857,-5.6255725598147155,-1.8257144916570252,-5.6342004239970045,-3.781609714321097,-5.07401448171646,-9.103595841884285,-9.640653343512694,-1.473477286351257,-7.6091194455898385,-1.2671456958524547,-5.78068533421933,-8.983293941348935,-2.1662886149480096,5.09037806445848,-2.3695973745695635,-4.167146660038036,-4.675359873405894,-2.320553344994396,6.5621800122428535,0.0648226416826842,-1.0943302701850763,-2.7754634107778173,-2.9876084138805825,-5.144428145548424,-3.972514885427448,-8.49693320748176,-4.867810696875576,-4.407449030190229,8.295749075360309,1.0222197687802443,-1.2396209311802566,-3.8301967470885967,-0.8051078175047887,-5.237723863481401,2.385546292373897,-4.97356746603978,-0.18939680383197155,1.0129721725130547,0.5746464975264869,6.816648148754628,-0.4136379652930894,1.339625925922075,-4.4886607128942995,2.597627057119422,-4.5612328238456845,-1.6200555722303052,3.832640232292394,-8.266156099798609,2.9983302182381166,3.7674793031218368,2.393165772916538,4.52381328402494,5.034331941893246,4.3322566969203296,1.7510340662993145,-5.462316387575087,1.4342597677644515,-1.833451352499181,-5.997491783345919,-2.435776979964088
