0.000000000000000000e+00,-1.188581217819393965e+00,-5.456140421727494250e+00,-7.364826956984551032e+00,-3.627616029999700231e+00,-7.130427560989317515e-01,-7.723989417274099267e+00,-5.480518347097286025e+00,-4.087829297584594457e+00,-7.858416143456922187e-01,-2.331020442809045079e+00,-6.906743649667171914e-01,-1.102829980066261761e+01,-7.697265061706582756e+00,-9.290363955707938715e+00,-3.748911106541152449e+00,-8.423519912019507672e+00,-7.151264747847434933e+00,-1.344536821311386809e+01,-1.665751860701817799e+00,-7.481205145293531089e+00,-5.710437179993671286e+00,-1.704125897068768269e+00,-3.364102291979520487e-01,6.402015227035287026e+00,-3.531320687683744186e+00,-7.186893343690222480e+00,7.565247414658438530e+00,-2.071568383439166272e+00,-6.926230429170856517e+00,8.115247650032101134e+00,4.293767192408646238e+00,2.816242427707913443e+00,-7.598910266101910338e+00,1.560285809555919556e+00,-3.799634634967261060e-01,3.600534880026641016e+00,-9.352956626362328052e+00,3.907727973688787770e+00,-2.624298057986220734e+00,2.450116061219715480e+00,-4.907552254529655711e-01,2.835342084521840444e+00,-8.387253844731616947e-01,-1.139856679535493100e+01,-5.054947892960843348e+00,5.198843833625018007e+00,5.643694811230551833e-01,6.533252591704017398e-01,-7.098520392037491966e+00,-1.998769772338047535e+00,1.206551441470407493e+00,-1.456427206774999483e+00,9.035667605671561242e-01,-4.236827052776583891e+00,-1.072409203092571789e-01,-6.767615340935304147e+00,-5.631114964142523327e+00,2.492274370936422567e+00,-6.784733761664679008e+00,-1.091339835478347098e+01,-9.925158564969610353e+00,-7.381693788614891893e+00,-8.616684559832846091e+00,-3.867970648823112256e+00,-1.080232741737720126e+01,-1.931975982987789608e+00,-1.184696001189503356e+01,-1.193572095575136771e+01,-1.372169541524578928e+00,-1.203027907187936663e+01,-1.419293679901126382e+01,-7.039568816825724440e+00,-8.078514850245985812e+00,-3.019759317344652416e+00,-2.102216416262255194e+00,-2.304273100513401396e+00,-3.605248134448912456e+00,7.718004097792837470e+00,-4.070198999362802383e-01,-7.135661827380120670e+00,-2.919774187485355554e+00,-4.086428982357261042e+00,-8.824661333056411650e-01,-1.155965322097716985e+01,-5.582711094772890625e+00,-1.007069351760957021e+00,3.313285455504173083e+00,-2.700344923327114621e+00,-7.157151113701776701e+00,-4.101135694506701235e-01,1.169313787439228136e+01,1.670121355855863410e+00,9.262030523763835177e+00,4.396007693702014052e+00,-2.744569571434513300e+00,-6.948055463538327814e+00,2.671653542023754824e+00,-3.835113154314566675e+00,-3.792621484027145495e-01
-1.188581217819393965e+00,0.000000000000000000e+00,5.945229150202535173e+00,-1.512984044833223019e+00,-1.467528924074517738e+00,-2.090668948310081099e+00,-3.035877825818611875e+00,5.779513003778034452e+00,3.131538514806488482e+00,5.739799647355827261e+00,8.807036512506545733e+00,4.976655855473900658e+00,-9.872195179101272089e+00,-7.138216134243941191e+00,1.135413508308025010e+00,-4.111639972073719562e+00,-7.051402272484055267e+00,6.537459507101686107e+00,-8.025454688431935324e+00,9.718200225222201061e-01,5.277028411684717923e+00,5.548401712574809075e+00,4.731264497388115053e+00,5.139249859665420139e+00,-1.989804165077097009e+00,1.335863929290907137e+00,1.167630969040638761e-01,5.684827268935357836e+00,8.578365455066198075e-01,-2.036822097882836857e+00,8.588319943434131076e+00,1.304165820680698928e+01,6.639509757630302822e+00,5.004208752291033901e-01,1.733542041316063154e+00,4.396761227881619050e+00,2.651984061436678530e+00,-2.143894814249928782e+00,-1.470654845950950529e+00,4.752236244183800196e+00,3.448937516209333420e+00,5.862898224026985794e+00,7.048686416677417022e+00,1.339690754940935813e+00,-2.288218777850734131e+00,4.225003699889809283e+00,5.005975036244005416e+00,-2.008771817609961818e+00,-2.379439764989847550e+00,-1.611860079045564387e+00,2.670767030474855197e+00,-4.657759599570995945e+00,-2.646782625029303837e+00,3.573849649269721596e+00,-8.857909801832849483e-01,2.847317964817849933e+00,5.916254541702546277e+00,4.244101365668047521e+00,3.025230516056347074e+00,-4.480888747794510962e+00,-2.150062640235915090e+00,-7.991195903842972292e+00,-6.079985065413859857e-01,-3.153838869817275459e+00,6.625135329444284515e+00,2.985848505197626235e+00,1.938523274681497766e+00,-3.945172950782237731e+00,1.367153026392691761e-01,5.961356304922320604e+00,6.799466759831698681e+00,-4.460580471287720172e+00,7.160491449447550782e-02,-1.736698436788381539e+00,2.343216252463815596e+00,9.197036831793882428e+00,6.622929684092696334e+00,2.536558448237056673e+00,4.504449797038697412e+00,3.842918521582928681e-01,2.574692728504301531e+00,3.132709197579671923e+00,-2.038081514178386122e+00,-3.663022132651127638e+00,2.037847881446450238e+00,-7.166518701045841711e-02,4.744024000373552319e+00,4.112198783832147875e+00,2.050596373148003970e-01,-2.682973662152273175e-01,-8.603321047407680666e+00,4.329943868590288680e+00,1.848314422305022742e+00,1.231970579928111098e+00,-2.841921368157462879e+00,-6.655011388257736638e-01,4.517710697011834142e+00,3.598144600295443585e+00,2.870481154690636583e+00,-1.070749967919623291e+00
-5.456140421727494250e+00,5.945229150202535173e+00,0.000000000000000000e+00,5.029126955087523942e-01,-3.846027833778276062e+00,-1.769214863297134510e+00,-1.920214860994346573e+00,5.777123066621518976e-01,3.312837651310336917e-01,2.551139715009866915e-01,7.255088864584329222e+00,2.910107689116308460e+00,-1.680981958696519030e+01,-2.410380382755172857e+00,-1.348387817685601320e+01,-4.287583880173217565e+00,-9.724479337670027590e+00,6.477068450105562647e+00,-8.216458788589992679e+00,3.710042476765880615e+00,-4.323458447492216639e-01,-6.115671283850549145e+00,7.650892636021120463e-01,3.097289970297459227e+00,-4.461417703286040926e+00,-1.332813849048546828e+00,-1.052625294754011520e+01,2.252307962659841234e+00,-4.899297712847154429e+00,-8.336612750390626658e+00,-2.081926453006314848e+00,4.804194644353954047e+00,-4.944513029687616523e+00,4.721382165285902488e+00,-5.524200960283750739e+00,6.634312500423679815e+00,3.874749682739459189e+00,-4.490899161687181618e+00,4.992268060196400903e+00,1.366439023061507108e+00,7.682352622369065465e+00,3.680932621024004092e+00,3.828903845200831046e+00,-2.501379400692165245e+00,-9.690820596157027067e-01,-8.369927558232207687e+00,1.205296130391585036e-01,-4.779274591377146386e+00,-3.148585045668895188e-01,-1.324844840187247241e+00,2.846345767080124656e+00,-4.770755386267934162e-01,1.311893067551834768e+00,2.761415146880477067e+00,4.205031083337152364e-01,4.111012518611946831e+00,4.261451370922182846e+00,-3.346110515285477316e+00,1.939289845841814408e+00,-4.966759710160925323e+00,-3.873543200650689577e+00,-1.309053201474397987e+01,-1.239987602456692173e+01,-4.743833538586311960e+00,-3.376404657105631646e-01,-1.030928391065867622e+01,5.098907082817070169e+00,-7.636578653766194158e+00,2.018101522657082203e+00,6.109413595676871367e+00,-6.235321489794117822e-01,-1.054144004784977184e+01,2.602019196721989669e-01,-4.889831041713762261e+00,-5.556257777952264831e+00,2.358687692010759118e+00,2.540027644320135281e-01,-9.323196646084907613e+00,2.960036983243175879e+00,2.393236957246295926e+00,1.119226125094317403e+00,7.399200117209692174e+00,-4.104094617454508764e+00,-2.242699764044100430e+00,-6.745514983018950694e+00,2.413501179306106970e+00,5.793549626652756857e+00,1.620830142519801953e+00,1.612617629001747099e+00,2.634760378191213781e-01,-3.824369511376954911e+00,8.020171728988177762e+00,-4.758619641393806887e+00,1.554692907982848649e+00,-8.531607556616624066e+00,-1.884798742766711221e+00,-2.814875873261125871e+00,1.188896942992811345e+00,4.932817692017628097e+00,3.785454556709302310e+00
-7.364826956984551032e+00,-1.512984044833223019e+00,5.029126955087523942e-01,0.000000000000000000e+00,-1.152001075768934069e+00,9.733318241406173854e+00,5.110511874957079037e+00,1.283816491768399626e+00,-3.288696754741671918e-02,2.680269389980230343e+00,1.435664795630918089e+00,-2.844365936864472477e+00,-4.910572961111887125e+00,1.267574107094526559e+00,-5.646240247016570457e+00,-3.128595726727021464e+00,-5.975664206452447225e+00,-2.550642641095388075e-02,-7.690663229388867705e+00,2.522729568362872321e+00,-1.160703786898847456e+00,-2.182368699344695795e+00,7.479829531373517248e+00,-1.911863722925177811e-01,2.660039767405013578e+00,-2.781898998971922943e+00,-4.315666866360970744e+00,2.626247063643443180e+00,-4.555125406532382626e-01,-1.680074653565217790e+00,-1.050584998648358415e+00,2.974028555728112977e+00,-3.703150666556359383e+00,5.874825844016037912e+00,-2.434294297717232602e+00,5.560834669068549729e+00,1.199847310191952010e+00,1.811767227214385878e+00,9.760983393636674776e+00,7.301596974655560679e+00,6.915496160000371706e-01,2.532132950161813056e+00,3.709104889250349313e+00,5.787907700811306455e+00,-4.604790098549426114e-01,-1.899236566158142292e+00,6.924223524301931221e+00,2.977691673085176127e+00,-3.523991795732857035e+00,-5.666523753747817693e+00,-2.248509032061500879e+00,8.728355542333824379e-01,1.386904039411172684e+00,7.269828766688770649e+00,-3.876505626315005504e+00,6.601199938674903400e+00,3.468586762507515520e+00,3.768387426296231357e+00,-4.235118722567286831e+00,-1.036340284120137900e+00,-2.263096689536983064e+00,-1.941601628729419549e+00,-1.218163977433438294e+00,2.893332673530953247e+00,1.179886559628104292e+00,-1.842074272689703696e+00,-2.386738828535513723e-01,-2.451692360809975213e+00,1.378677095908798611e+00,4.466721121328808053e+00,3.067889764178996614e+00,-3.027236165199956641e+00,-1.184191028842912496e+00,-3.825206210383329086e+00,-1.506390831187447654e+00,4.743645189900335346e+00,4.794787815434127687e+00,1.395516861278110199e-01,4.733689199592396868e+00,4.001928488462613842e-01,3.422689195224436709e+00,3.258097693100640235e+00,-4.052899603798072903e+00,1.817430660411187282e-01,-4.115337350044488751e+00,-2.085923471974500953e-01,1.770767931286732377e+00,-1.063923942221497576e+01,3.751040993985818028e-01,-8.135626244672579110e-01,2.973529648834459582e+00,1.121558533810580549e+01,3.884911247689868841e+00,6.364708466962939681e+00,8.432210827837260947e-01,-6.595449698253889048e-01,-5.243444183434249339e+00,4.000325629842801156e+00,-1.002923392203409980e+00,-1.767124858025806766e+00
-3.627616029999700231e+00,-1.467528924074517738e+00,-3.846027833778276062e+00,-1.152001075768934069e+00,0.000000000000000000e+00,8.335431745912465828e+00,-2.702859060231376898e+00,1.494743294384532684e+00,2.036018263682093377e+00,4.803140396735526174e+00,1.331115613278267773e+01,3.199208752866865790e+00,-7.273330732512734542e+00,5.540995009220788248e-01,-5.999041859768935225e+00,1.389562288790542999e+00,1.017175735710956541e+00,3.990948895438316768e+00,-2.212247047891001461e+00,4.150412658278747280e+00,2.369613317547894393e+00,6.426163377812629918e+00,7.230940115979258564e+00,6.987135756497012018e+00,-1.608255046582651171e-01,5.186257365448136092e+00,-3.365310140000651096e+00,-1.978271158606797198e-01,9.171866343344711181e-01,5.604161692303124553e-01,-1.006034254996312605e+00,4.882961249857880048e+00,-5.971962156056819460e+00,6.600846116051394930e+00,2.461544601310730940e+00,8.205175079104176206e+00,1.855176604572607246e+00,3.186258093871920383e-01,1.010886313318321683e+01,3.818116656962853295e+00,8.289508882624049946e+00,3.142568034487991380e+00,4.245300450468633358e+00,3.031981996338703578e+00,5.311932515055393544e+00,3.603956194291881854e+00,1.287072076653231534e+00,6.693724963359506397e-01,2.325764746629487068e+00,-3.685325799715922557e+00,-7.898733464212516209e-01,5.235416067663044792e+00,4.237398466420678744e+00,6.838056766648109353e+00,3.599343428464033767e+00,1.346860844451921002e+00,1.192532177674543803e+01,3.442377576221455460e+00,5.094700855208341039e+00,-3.285072510986607686e+00,-2.107443060002366586e+00,-4.600662454059429862e+00,-1.204399507187327245e+00,-2.165756799266270960e+00,6.504744373989676198e+00,-5.654531275797531897e+00,5.364742633448558173e+00,-1.498672125405242417e+00,7.199371934010159180e+00,7.008070338693724644e+00,2.820285666083948151e+00,-5.691459348559336995e+00,4.378732986146279593e+00,-5.517714643549085363e-01,2.966871285591337060e+00,-1.607308803333895586e-01,7.198769798207995230e+00,4.494798910674616010e+00,-5.801593455982668734e-01,-3.531040306012326879e-01,3.944422774855384617e+00,7.392074964880320564e+00,-3.354886984016513640e+00,5.638958668921389972e-01,-2.937393519141762610e+00,3.844143364876800639e+00,4.791375351306549568e+00,6.221412786801168160e+00,3.761404572812510061e-01,-3.737843137817277395e+00,1.845818680897430619e+00,7.092944207051208316e+00,5.733420338393910853e+00,-7.891018765415169778e-01,-1.551167749578256372e-01,2.736405826560800225e+00,5.778625370259577565e+00,6.781954212634857981e+00,5.811775664472647485e+00,9.189962344239641645e-01
-7.130427560989317515e-01,-2.090668948310081099e+00,-1.769214863297134510e+00,9.733318241406173854e+00,8.335431745912465828e+00,0.000000000000000000e+00,1.528040203470485414e-01,-5.907450669161312895e+00,2.415885014593198710e-01,1.612732618585873468e+00,4.248198462194127778e+00,2.761417232628942564e+00,-1.068479080127319314e+01,-1.526456905406457398e+00,-1.522734340313748547e+01,-4.820304199749520180e+00,-3.452091079164206544e+00,1.216744720439491445e+00,-6.654318261832409931e+00,3.698940672982398148e-01,-1.249283839607389535e+00,-1.503443635071380458e+00,7.069182520282724980e+00,3.790085942893852256e+00,4.616818409416762137e+00,8.102928954430760333e-01,5.762842313361654645e-01,5.109262189267064214e-01,2.482653250666608802e+00,1.074487937469851939e+00,2.982672063534494988e+00,3.186322350823941107e+00,-3.224613210773981553e+00,9.356119703456394765e-01,-2.650856088310309389e+00,7.469448198925743299e+00,2.557141936507751456e+00,-2.897930893296254862e+00,3.014875519124446054e-02,7.364970118440367308e+00,8.684629678240868955e+00,5.360077140852371969e+00,4.243284473719574734e+00,1.966196885740474354e+00,2.519442044938010383e+00,3.825312495251383726e+00,4.189925603484465633e+00,7.512779666483512031e+00,5.016875127140566271e+00,-4.540106472460114229e-01,-1.812840862369888395e+00,2.241409591721871930e+00,-2.834713459979652406e+00,-2.763287057324419482e+00,-2.513448925854261162e+00,5.127974698250675978e+00,5.572118131493723148e+00,-8.307123130289912893e-01,-1.632516110449911739e+00,-8.426162130920072713e+00,-3.739287129234678542e+00,-7.663530503089228674e+00,-9.451567157969945399e+00,-7.184502309832406119e+00,-2.070856871427488866e+00,-1.107748973474158838e+01,5.326998473792634137e+00,-6.590707516172439995e+00,-2.948013567443894090e+00,5.556128881729576960e-03,-5.901517419615960769e+00,-1.564923307968337518e+01,1.059705988234420415e+00,-3.862541030502158801e+00,3.802754967823483989e-01,3.319278744398000747e+00,1.227520924347942910e-01,8.429273468962368288e-01,3.561578543587446077e+00,-4.386824254417031055e-01,2.599812770966122066e+00,8.323514159634312293e+00,4.907724176160028207e-01,-6.391334265651138935e+00,-2.942575853930360363e+00,-3.052530977402071244e+00,3.162219865261899798e+00,3.225294533789020424e+00,-4.891021741636340181e+00,3.275236434071381098e+00,-2.040955842381213081e+00,2.430401367413793423e+00,-5.323386234910989501e-01,5.696378810724918029e-01,-7.173352171266242916e-01,1.398792605324532312e+00,-2.300791386589562837e+00,7.756438972424738232e+00,7.570128786698995249e+00,3.809959186483761862e+00
-7.723989417274099267e+00,-3.035877825818611875e+00,-1.920214860994346573e+00,5.110511874957079037e+00,-2.702859060231376898e+00,1.528040203470485414e-01,0.000000000000000000e+00,-1.658158653316813336e+00,3.822773266148557170e+00,-1.227905804328806205e+01,2.013181093836363456e+00,8.287146233403445805e+00,-4.612485925308096313e+00,4.169896644128705532e+00,-1.660821541370617993e+00,-3.388022774054263997e-01,-2.578906812727346676e+00,-5.331137734952222651e+00,-2.843852158446453338e+00,-4.251501216673629902e-01,-1.692623865460642474e+00,-1.608605426457453857e+00,-9.460410565059157451e-01,3.591385768975482673e+00,1.540709424062918664e+00,6.974461729267626531e+00,-2.223612248801899671e+00,8.446905938476680087e-02,-1.231631825597307578e-01,-3.286441721453091436e+00,1.302781665947591483e+00,5.246662022544051673e+00,6.091306951696003891e-01,-5.718150087405284410e+00,-4.231390992810220020e+00,-5.111825449440609681e+00,-3.656211171088245004e-01,1.798121003027859821e+00,1.357784637107269177e+01,4.699121528099778011e+00,2.927536321241880568e+00,2.936492105204308700e+00,9.921478093454387803e+00,1.511337259647927311e+00,1.929092624193153638e+00,-6.674494720045069940e+00,-1.546459828963425931e+00,6.607558148557870048e+00,-7.060993106017965371e-01,-5.552240085609245757e-01,2.799358211260559504e+00,8.214260230105473681e+00,7.043163501849193153e+00,4.062683292833615845e+00,2.116221337675179281e+00,-1.239902178773696559e-02,-3.692871558287172729e+00,-2.068342625162261417e+00,-1.951626573969185152e+00,8.631508851822980333e+00,-3.235527469102620124e+00,-3.609618812488625039e+00,-1.820709005410441783e+00,-1.577117231709602274e+00,-8.268919248317950776e-01,-8.436599147360246409e-01,-1.411009245504894816e+00,-3.927821719465882655e+00,-1.243633045851855101e+01,-6.295318085457044077e+00,-6.607286292802940331e+00,-8.583858521803266584e+00,-4.748060292078729816e+00,-9.509365109409282368e+00,-5.885507576644646299e+00,6.644534761146265733e-01,1.542491907686917907e+00,4.605062683072469909e+00,1.841398100978474561e+00,3.652988044010580193e+00,-8.119589630805181812e+00,2.878423927729487186e+00,-5.827173731093781228e+00,1.109747295738591211e+00,-8.358524223011984944e+00,-2.554637343135479188e+00,1.488692448395812162e+00,4.399039027052414674e+00,-2.927714543162261762e+00,2.734695913079143725e+00,-3.547837051353355253e+00,5.874529906713288341e+00,-4.501449066325321269e+00,1.082874980214364058e+01,4.876066732348632193e+00,-1.579843519642648131e+00,-4.795574280302476566e+00,-1.067265708851029560e+00,1.185610383470860008e+00,-1.006804993571361218e+00
-5.480518347097286025e+00,5.779513003778034452e+00,5.777123066621518976e-01,1.283816491768399626e+00,1.494743294384532684e+00,-5.907450669161312895e+00,-1.658158653316813336e+00,0.000000000000000000e+00,1.954094573648915034e+00,-6.362323495780264793e+00,9.452078456867672784e+00,9.219035310260534910e-01,-1.004304357233980483e+01,-2.216235894883034963e+00,-5.993523771596877658e+00,-4.277883046655677646e+00,-5.175959697256903524e+00,1.036645984199266124e+00,-1.103893577551588656e+01,-7.771278541283654917e-01,3.426728644398503443e-01,3.907064866423636929e+00,7.359746128066459114e+00,1.837388884278866374e+00,-7.760315236936130567e-01,3.861221151766721427e+00,-2.325564430887487433e+00,6.193757462752231824e+00,-7.758310474300654569e+00,-3.358793088335546795e+00,1.135647685440696719e+00,1.410509842710665218e+01,-1.559377485328096169e+00,2.554786798042219864e+00,-4.887622884634778231e+00,-5.141813978626843529e-01,2.208753629522975270e+00,2.464991167084863655e+00,1.091518867709991092e+01,8.410028126598732001e+00,4.058372527355551540e+00,7.776830155072126161e+00,4.085936669569175450e+00,2.754515953133719261e-02,6.428253198069212582e-01,-3.580364567867824199e+00,5.444197596702009534e-01,-3.620695457924500538e+00,-6.185902393087996387e+00,-1.454703844672485147e+00,-8.760303904438904166e-01,-3.753939381662106389e-01,1.506594986246965862e+00,7.020402011732878478e+00,-7.124271397903293446e-01,7.375903037011373620e+00,2.417522139785252655e+00,-1.168243467133276203e+00,1.101833795798178528e+00,-2.953898938985339839e+00,-5.914492459349201425e+00,-9.701616408235759437e+00,-3.348177143154625224e+00,-4.232041524577644154e+00,1.341383875617867982e+00,-6.073162390317330406e+00,-2.751618706428286210e+00,-1.095464974215013143e+01,-1.234986364406833736e+00,2.261799645397002845e+00,2.019803375064023743e-01,-5.146329964391606282e+00,-2.218594721056336816e+00,-2.492380851273513720e+00,-2.564526426846354124e+00,4.582299637737907716e+00,-2.474274306241760701e+00,-1.416688140827754294e+00,5.470989829145651573e-01,5.618732960082494010e+00,-1.509271218032345763e+00,6.450259511537228541e-01,-4.649006171780819763e+00,2.161855421058574755e+00,-4.855994674219622276e+00,-2.174562327559153907e+00,3.237968947261612662e+00,2.972283786646078063e+00,-7.047542654060965361e+00,-8.129825029232810252e+00,-6.311830907672153934e+00,1.272043014778612147e+01,1.068801298752680706e+00,6.706076519495229427e+00,3.224085047530747872e+00,-3.261342220039919582e+00,-4.345925157260709604e+00,-6.773145039165609838e+00,-3.296765902033028883e+00,8.966634600644646236e-02
-4.087829297584594457e+00,3.131538514806488482e+00,3.312837651310336917e-01,-3.288696754741671918e-02,2.036018263682093377e+00,2.415885014593198710e-01,3.822773266148557170e+00,1.954094573648915034e+00,0.000000000000000000e+00,3.123339150466053482e+00,1.081795051611571168e+01,-1.900299470327269577e-02,-1.139218387864973181e+01,-1.697783748666408243e+00,-8.060910713044115994e+00,-2.079930372423326457e+00,-3.099796660169925833e+00,3.269779641194356046e+00,-1.010618410052338056e+01,2.098688117346891424e+00,-2.730677517719921177e+00,2.655611579215105156e+00,4.119202641576118040e+00,1.313350572671402539e+00,-5.605388556858312832e+00,-2.776008444734704206e+00,-4.911485474366937609e+00,1.602049211600212963e+00,-8.456443223309120683e+00,-6.422794573703709098e+00,4.010677701908424431e-01,7.466874130861011594e+00,-7.337044293046409926e+00,5.099299985074075003e+00,-1.040221578390995383e+01,3.444186771093040722e-01,-9.645182539181914594e-01,-3.233199607990819291e-01,1.008999047358406465e+01,6.677829833221060163e+00,-1.960389009093162604e+00,4.409326140507332958e+00,-2.176373685929085422e+00,-1.329822476817554611e+00,-2.639692802873637945e+00,-6.451600781851314359e+00,-4.418165262932422621e+00,-6.661111990111835190e+00,-3.167834506949334550e+00,-3.385363642475714308e+00,-2.315275301687477416e+00,-3.067998350334384394e+00,1.672953412351663172e+00,2.286557265421575558e+00,1.945690552556762265e+00,1.885709036772633462e+00,4.014924814296584543e+00,-1.124526856195991353e+00,-1.549297598904227247e+00,-7.814766016598309051e+00,-8.455137259295241847e+00,-8.949250682773859822e+00,-9.080793484052243514e+00,-6.309608435448943453e+00,8.529293947652529795e-01,-9.997684813719512675e+00,8.590512120010759256e-01,-1.176377819545232306e+01,-2.079061975220360736e+00,5.086511434496596706e+00,-2.900033913326556689e+00,-6.897994038020224927e+00,-9.021975229174681310e-01,-5.363918908184134082e+00,-5.641950046130157048e+00,1.195037964354566329e+00,-3.692363523722746343e+00,-1.948337881717345343e+00,-1.707692996224079662e+00,3.391821127324377905e+00,-2.372661839279656404e-01,3.961607128625711294e+00,-4.790150680736029010e+00,-1.102867671255752802e+00,-2.784726029366005662e+00,-2.360098391239648895e-04,5.102194530915549642e+00,1.570854807100600103e+00,-4.613882173593932379e+00,-5.654186475314281424e+00,-6.867258777996868346e+00,1.086956573446692609e+01,5.790227486581600580e+00,-6.449939859577762113e-02,-9.966267559862017622e-01,-6.214164632952908107e+00,-3.534906371869332986e+00,-1.949183981403980415e+00,-3.257811515888089371e+00,-2.406055603942111265e+00
-7.858416143456922187e-01,5.739799647355827261e+00,2.551139715009866915e-01,2.680269389980230343e+00,4.803140396735526174e+00,1.612732618585873468e+00,-1.227905804328806205e+01,-6.362323495780264793e+00,3.123339150466053482e+00,0.000000000000000000e+00,1.339528258776622183e+00,2.373598690398413869e+00,7.690648373473852217e+00,7.588525366051218413e+00,-5.150708250375676256e-01,-2.305724947216786447e+00,5.333709492369301586e+00,-1.267268407982461431e+00,4.505482976915868853e+00,-1.644251784413230943e+00,2.508164579092539093e+00,5.931911798685510995e+00,4.380051127733863292e-01,-3.309814116757205937e+00,-4.114182049788863260e+00,5.040978754749848356e+00,1.853124223397111692e+00,1.286713905748010411e+01,9.575588855551856682e+00,8.261374136400016610e+00,-3.797791324150009196e+00,-4.694323047554652462e+00,8.525687990596418686e+00,4.649121200256190356e+00,4.215149052330937174e+00,3.213543440250702932e-01,1.032638248063588904e+01,1.007116722432033207e+01,6.731561607625806687e+00,-3.005870322269942885e-01,5.777323411646187346e+00,1.800444766663439333e+00,1.230000843183620418e+01,8.334103388262677825e+00,8.740396468530706287e+00,-7.944122954979225548e-02,1.869727543367010414e+00,5.862873202005493001e-01,1.469289399308573607e+00,6.462895011410753732e+00,9.283903325636057247e+00,-6.825930055051025569e+00,5.737226424461692176e-01,1.030156592817208783e-01,-5.328981946299093053e+00,4.581478890218837030e+00,-5.931321083137248984e-02,-3.412481750468721931e+00,2.893474465545529117e+00,4.650660205292088123e-01,9.481606910764868168e-01,7.892627207955973390e+00,-1.324547963874987300e+00,5.018497694558186062e+00,-1.290048755572372974e+00,-4.605264657353907998e-01,1.325395895262786539e+01,1.526925147184290607e-02,-2.990954845365339509e-01,-4.781959831691918739e-01,-2.373616482299577779e+00,5.320639305324837309e+00,-1.087105030533688454e+00,6.399673019219584091e+00,4.768071729250338286e+00,5.586537583138246887e+00,4.288688356768549426e+00,-1.142456851374256566e+00,1.830715690251331296e+00,3.456862450536693832e+00,7.388025250044287340e+00,8.744040858874951638e+00,1.998271449427573732e+00,5.372452627618943488e+00,-9.367300461185170235e+00,2.999789178272855406e+00,9.802726878938029742e+00,5.124062427378720308e+00,3.229338894883138522e+00,8.628307429140665619e+00,-8.923613357839172977e-01,4.507716039973202804e+00,4.486617378142402579e+00,1.192868571602114436e+01,7.516541528225980429e+00,1.040702126467908784e+01,2.589485067030301568e+00,-2.609854142865076221e-01,1.399650999949860086e+01,9.691205711428807490e+00
-2.331020442809045079e+00,8.807036512506545733e+00,7.255088864584329222e+00,1.435664795630918089e+00,1.331115613278267773e+01,4.248198462194127778e+00,2.013181093836363456e+00,9.452078456867672784e+00,1.081795051611571168e+01,1.339528258776622183e+00,0.000000000000000000e+00,2.615831335380851552e+00,-6.534721571784412042e+00,-1.342071253978788192e+01,-1.761350689351413124e+01,-8.881267967245982220e+00,-6.995209878251844593e+00,-1.523647219325463631e+01,-9.712034635066576271e+00,-1.373046843814313611e+01,-4.164759523251015949e+00,-5.725508734879189987e+00,-6.763283085087899771e+00,-4.758927462566378885e+00,1.074379707155918240e+00,-3.412247094514349044e+00,-1.146124889627560250e+01,-8.517066262859255943e+00,-8.982923326079998994e-01,-2.055932340995398455e+00,-6.202498809976042971e+00,-5.700779725195739278e-01,-1.008397394881486164e+01,-2.849541950327259432e+00,-1.225543618618550923e+01,-4.417148296571078880e+00,2.244644695140422197e+00,-6.190249069902719725e+00,-1.439271101870563285e+00,-9.469318757982609469e+00,-6.360387318809956447e+00,-5.808633339531315443e+00,-2.795145940899034009e+00,8.644745281903919443e-01,1.831729120013837697e+00,-1.442308277682009887e+01,-8.908315177617220471e+00,-8.527526060954967235e+00,-4.217878611724781734e+00,-1.106414096571663030e+01,-3.516919756203896963e+00,-9.424292870707470016e+00,-6.837134378006887836e+00,-4.300049675673824012e+00,-9.447238032029160237e+00,-6.418795295521450228e+00,-4.407382313661481810e+00,-1.263130370620511833e+01,-3.010958698942783229e+00,-3.275307160188844158e+00,-7.016208747900850362e+00,-4.531383263559126462e+00,-3.827309689357236255e+00,-5.311917659912259282e+00,-3.489865648900917883e+00,-1.627014757660337807e+01,-5.223736100818412886e+00,-9.255115675067072445e+00,-4.915693242412201514e+00,-1.217545151604365827e+01,-1.149220918655675305e+01,-8.502809600465733197e+00,-1.143861465800570976e+01,-7.792035344146406750e+00,3.294896275335663649e+00,-3.104942584990934673e+00,2.936896803233246089e+00,-1.321504520306920760e+01,-4.345458583278045239e+00,-8.886492765628256407e+00,-2.862820981978693613e+00,-9.667129753164485084e-01,-1.192276861463333937e+01,-1.030075028907780066e+01,-1.406599647292869193e+01,-6.200947049132150113e+00,3.946420721873843185e+00,-2.870476686251276277e+00,-7.549919941555495839e+00,-7.040449398580578055e+00,-9.487822111535145098e+00,5.798315147239718748e+00,-6.759891232884958967e+00,1.615712736554588247e+00,-1.073725894450054241e+01,-1.706938192099571650e+00,-1.099504172682958902e+01,-6.858494797393897002e+00,-7.688289114211953823e+00,-7.724608110614942902e+00
-6.906743649667171914e-01,4.976655855473900658e+00,2.910107689116308460e+00,-2.844365936864472477e+00,3.199208752866865790e+00,2.761417232628942564e+00,8.287146233403445805e+00,9.219035310260534910e-01,-1.900299470327269577e-02,2.373598690398413869e+00,2.615831335380851552e+00,0.000000000000000000e+00,-7.431334687625533064e+00,2.965571669709321068e+00,-5.529752751698931768e+00,-4.783923950510741818e+00,-1.608904977645956969e+00,-4.714523567347978172e+00,-4.000098889726253937e+00,-2.828385641898076397e+00,1.227890571049353285e+00,5.105221782144155007e+00,1.364010596399244157e+00,-4.528191802946247013e-01,-1.363403545960471863e+00,3.603268113489786373e+00,-7.591744912575526527e+00,-3.133804817761948858e+00,-2.310462805471674042e+00,1.347901438393810603e+00,-5.979501890635595673e-01,-2.740425080395333612e+00,1.765348667218528567e+00,1.006806975659854997e+00,-8.542904277302993066e+00,-3.901447586703080006e+00,2.049296161129519511e+00,-7.328711505541951610e+00,7.492292918172502425e+00,-3.945385370312449957e+00,2.473084545841675919e+00,-1.224830873762826400e+00,5.889190774543905604e+00,-4.058964551666575105e+00,5.102888645159542769e+00,-9.213288864149005164e+00,-3.419952622654226726e+00,-5.378169919528462906e+00,-4.748303616209000211e+00,-2.592912506837971698e+00,1.969992377243771520e+00,-2.059525483292424575e+00,5.080116869088513454e+00,-3.912684358983257837e+00,-5.942615145077790872e-01,-3.349026717175472179e+00,-4.138851907237615535e+00,-2.693010725551075790e+00,7.219096383520668958e+00,3.637556110348722616e+00,-3.494172777448871781e+00,1.376301236771295400e-01,-3.450709377968637082e+00,3.076763399456375669e+00,-5.588049310696883154e+00,-1.536877534602830719e+00,6.718142895290372785e+00,-2.535592930708507442e+00,1.214798481675762210e+00,-4.140908701894594479e+00,-4.049786562486963781e+00,3.095133757815867526e+00,4.432508817181171956e+00,1.075282032233463525e+00,3.027816156689411287e+00,6.021506574024907188e+00,9.553978428922341726e-01,-1.433156171720264771e+00,2.920895917896174865e+00,5.857801164404567551e+00,-6.211066043177000395e+00,3.443130023740267109e+00,-7.749118705540600782e-01,-1.404212056427625588e-01,-5.806478608531200791e+00,-3.655825748252703455e+00,8.803831483368687927e+00,7.453223269331630263e-01,-2.711977058399457283e-02,-3.514668676701659056e+00,-7.605881344201558925e+00,1.018917165436330130e+01,-1.781677736841606796e+00,8.270828038005667793e+00,-5.145296418678265704e-01,-6.091632919441187788e+00,-6.026363243728120267e+00,-9.740849652664295144e-01,6.290168811870666676e-01,-1.655569163273725275e+00
-1.102829980066261761e+01,-9.872195179101272089e+00,-1.680981958696519030e+01,-4.910572961111887125e+00,-7.273330732512734542e+00,-1.068479080127319314e+01,-4.612485925308096313e+00,-1.004304357233980483e+01,-1.139218387864973181e+01,7.690648373473852217e+00,-6.534721571784412042e+00,-7.431334687625533064e+00,0.000000000000000000e+00,5.483001205176689652e+00,2.636245586706059907e+00,6.589325534962415354e+00,1.048786803065700468e+01,7.840615816494536539e+00,3.794450329546595224e+00,1.203853793903053027e-01,1.266638530059617018e+01,7.110584672508471371e+00,2.776956517739785024e+00,9.368195101068897301e+00,3.145739065606623974e+00,1.157958476159930505e+01,4.052191173939577951e+00,-1.993339962714895774e+00,5.287901178030625537e+00,9.265527193537666406e+00,2.591317512662139055e+00,1.009385197355664232e+01,1.096421535241961642e+01,3.275810240485879543e+00,7.721074417899433051e+00,-4.950341775230776564e-01,-1.092120294125738633e+00,2.349152734979806034e+00,1.375715999384179611e+01,8.907079122861411236e+00,5.296452783141892162e+00,6.467512018806241159e+00,1.761512424661330556e+01,3.138563882764579205e+00,9.656041406248821346e+00,5.247761428534475137e+00,8.108334738739046088e+00,-5.143079208915781741e-01,-5.410606316312893682e+00,3.794933255237861403e+00,8.537738783191191061e+00,5.234852955763732218e+00,5.357854922679258891e+00,4.148027243506840378e+00,1.067290810675996937e+01,1.440059478700851159e+01,2.244831391385610164e+00,-8.400439496155517327e-01,6.123355524586671095e+00,5.219239996359690714e+00,2.145063586664797128e+00,1.401752776798741440e+00,5.348684884749406621e+00,7.925282898024069489e+00,5.621949150692474362e+00,5.698718113497222681e+00,3.030832977031741038e+00,3.783561679858888471e+00,9.525639796822622074e+00,1.903636675422474944e+00,6.200640431284024423e+00,4.616504916854704987e+00,6.227172061004412562e+00,1.053469990911944798e+01,1.366075625516222480e+01,1.178201996445770305e+01,6.929470596593406029e+00,2.426722575793252457e+00,1.747107673059205224e+00,9.632284968712964357e+00,1.128649110536118272e+01,4.935333684999878123e+00,6.182101338326076778e+00,1.266168132507538679e+01,4.223993492068820466e+00,8.926014590933212034e+00,-1.528132489663782678e+00,6.036701390977332160e+00,-7.492583364117346711e-01,3.562343485257243980e+00,3.196693078385325126e+00,1.103904964877768613e+01,1.306412611713893002e+00,7.114675605024243232e+00,1.432068843918775869e+01,5.606224222670551427e+00,1.020184911358706614e+01,1.068080397160062311e+00,3.352016018038439960e+00,4.578545604945447600e+00
-7.697265061706582756e+00,-7.138216134243941191e+00,-2.410380382755172857e+00,1.267574107094526559e+00,5.540995009220788248e-01,-1.526456905406457398e+00,4.169896644128705532e+00,-2.216235894883034963e+00,-1.697783748666408243e+00,7.588525366051218413e+00,-1.342071253978788192e+01,2.965571669709321068e+00,5.483001205176689652e+00,0.000000000000000000e+00,-2.716360638531146510e+00,5.682650160356543800e+00,1.714931237352087745e+00,-2.961490689649671548e+00,-1.262113174375229629e+00,-5.792774480736501808e+00,-7.013834481532529308e-01,7.866394441680177430e+00,4.992836097668106099e+00,6.292478641965665531e+00,6.043628961742657957e+00,9.016625236087156381e+00,4.898546681338369346e+00,-1.658364363834095023e+00,9.396032542397850795e-01,2.040357362992655688e+00,2.281658986259073263e+00,1.175024083051404311e+01,1.048089617416832553e+01,1.948926644458018220e+00,6.556114445352265285e+00,-3.918833947297779563e+00,2.807482825822061809e-03,7.802399999267778385e-01,1.205382143890046009e+01,8.704424920086735185e+00,7.208245321023973418e+00,3.442893795687580916e+00,1.588381701030222359e+01,3.085176422644737126e+00,1.001432261162160842e+01,1.163910694119174360e+00,5.839346033814185155e+00,-8.815220048438562328e-01,-7.506647230962609108e+00,-4.793579068674833188e+00,-3.160207700826501931e+00,4.418073617375716466e+00,3.156309419827645346e+00,4.107910796980840828e+00,3.401964090496640836e+00,-3.529241479221560507e+00,2.821928622275569953e+00,-1.068492249849074982e+00,8.408286222366156082e+00,2.861605801974615115e+00,-1.544398013467317865e+00,9.035952792108589149e-01,-7.913049825532825210e-02,2.369223002697409819e-01,4.324402838291873330e+00,2.855342699367808268e-01,-5.948533024727867158e+00,-1.056886040824971618e+00,2.022050166324748766e+00,-3.357919297107366585e+00,-1.507335917618856547e+00,5.456686851017196638e+00,1.911977510788754886e+00,6.595653411892343776e+00,8.129126831158021815e+00,8.778104529514928700e+00,-1.807627235335035998e+00,-9.377684730347937148e-01,-1.084965713007098875e+00,4.435295752679062176e+00,1.616738223019099197e+00,-2.571021729137355827e+00,4.289484615438693638e+00,1.114194421651438027e+01,5.252284616137654183e+00,-3.869355472137478991e-01,2.347372129646622785e+00,2.631045061722691258e+00,-1.100778349727888816e+01,-9.725435609685167293e+00,8.330122298762617783e-01,6.495004283275098267e+00,-2.816317871957394914e+00,1.028484151957563064e+01,9.270273352575612691e+00,-3.667446007052294732e+00,1.514043059615333808e+00,-4.469440211325371060e+00,-5.930207107077062112e+00,-5.631653622611401566e+00
-9.290363955707938715e+00,1.135413508308025010e+00,-1.348387817685601320e+01,-5.646240247016570457e+00,-5.999041859768935225e+00,-1.522734340313748547e+01,-1.660821541370617993e+00,-5.993523771596877658e+00,-8.060910713044115994e+00,-5.150708250375676256e-01,-1.761350689351413124e+01,-5.529752751698931768e+00,2.636245586706059907e+00,-2.716360638531146510e+00,0.000000000000000000e+00,6.143166021966731449e+00,4.563301235867093020e+00,-3.980326216713011789e+00,1.453043741434731029e+00,-2.413510953805964032e+00,3.494373732396152565e+00,7.476121339513568387e+00,9.384669200293986879e-01,9.573106411914240610e+00,6.230544294604047906e+00,9.505418223083628604e+00,8.688863827187917721e+00,1.086236322103651286e+00,-4.202978431245442126e-01,6.308108891813882124e+00,2.364596793429312171e+00,1.088388079364213645e+01,1.428569558606315937e+01,-8.633243848996582370e-01,5.476768425591973966e+00,2.260792191924392291e-01,4.721032391552024698e+00,3.487128220047915672e+00,7.827103297540965343e+00,1.100239586442281414e+01,6.769126612582957669e+00,5.511561837971251876e+00,1.210945254914934388e+01,3.866301566749284824e+00,4.822789283770101854e+00,-9.722616310073003976e-02,3.913424448036680214e+00,-1.723428414356049432e+00,-3.405934059374100542e+00,-6.017225177253281154e-02,-1.756109343818023971e+00,2.542796543251936825e+00,6.240753978291237125e+00,3.434226162708376773e+00,5.927580286843974200e+00,5.230983361087155004e+00,-4.893531770594402586e-01,8.131169545556845568e-01,4.816915626862173561e+00,9.878172055079668112e+00,-3.964912633724790858e+00,3.380591790373115024e-02,4.480025780436476701e+00,4.026749459075000814e+00,7.227828623722351686e+00,2.502483603492365205e+00,-3.906864467451925282e+00,2.842719098138480227e+00,3.717428580788709080e+00,-4.703819193471349358e+00,-1.319065759399350668e+00,5.339312304797413589e+00,1.010582484106802514e+00,4.870865150679740019e+00,7.337016554849852490e+00,9.586767075734181631e+00,9.504668976070800301e-01,1.201202757692693135e+00,5.537062756139768283e+00,1.024921285789602621e+01,2.626946072341184824e+00,-2.109851153470534146e-01,6.029305410385519259e+00,3.984628877048484341e+00,3.692299309431005483e+00,3.824483302230746951e+00,4.241763216130303604e+00,3.450060759154543355e+00,-5.329110027964642171e+00,-7.066952440522218382e-01,5.727809738012807905e+00,8.321728771892829002e+00,4.098268860234043909e-01,1.136406882937473384e+01,7.229679192614109517e+00,-1.562851122625637856e+00,2.686612966548447723e+00,-1.861817398205264595e+00,-3.160546136873689349e+00,-1.428578794684072450e+00
