0.000000000000000000e+00,-9.964518773060703438e+00,-4.258246829645337961e+00,-1.281148178208621857e+01,-9.210993729686677511e+00,-2.377805396495951573e+00,-4.977013591697192041e+00,-8.741966682764550356e+00,-1.853890433246200287e+00,-5.126779951607289831e+00,-5.620263300590393918e+00,-5.040794389334609882e+00,-2.685159454767643838e-01,-4.341183450461739923e+00,-5.243961778782130878e+00,6.225489263626109437e-01,-9.083248329699321388e+00,-3.181153072940970716e+00,-1.087977776678832953e+01,-5.876533924744567372e+00,-4.646280791451330217e+00,-2.192878949371003028e+00,-5.198591437839224838e+00,-9.768466357789531429e+00,-9.703428163545495977e+00,-9.629970586206459959e-01,-3.610313543195662778e+00,-5.963531245094375599e-01,-1.734643854268565732e+01,-2.989549192554976198e+00,-1.134847891637625850e+01,-3.135625255712853221e+00,-4.311500365543073698e+00,5.097338229211781924e-01,-7.456189114290292075e+00,-1.324046208354780818e+00,2.137555181672217142e+00,-6.331725841851425507e+00,-1.466656429275384177e+01,-9.830127124458698518e+00,-5.232568040593180703e-01,-7.925968827752157608e+00,2.504797748330501950e+00,-7.041143449728917147e+00,-2.237452632604505443e+00,7.604128162000835189e+00,6.427110831197450302e+00,-1.173617256252469510e+01,1.697799446349354646e+00,1.882491217621384605e+00,-4.369884502427400896e+00,-8.898218263427471797e+00,-6.659477342553010715e+00,-5.283920064280345663e+00,-1.813517999240635614e+00,-2.328470220144464697e+00,-1.351751379741431869e+01,-7.067144263288842598e-01,-1.445918701349030044e+01,-2.410897995510829617e+00,-2.964587377308555372e+00,-1.236792535710786289e+00,-1.117124792223265040e+01,-5.977169304087005308e+00,-4.182184579065842733e+00,-6.835672202581642765e+00,-2.570263158677839943e+00,-1.184648560525249472e+01,-3.907457685650979506e+00,-8.039375051390946325e+00,-7.217490315665129330e+00,-6.288472128334527511e+00,-1.032565628655977008e+01,-5.298970370073254443e+00,-7.039057727426627942e+00,-3.501835632821084232e+00,-1.721983049478350836e+01,-3.379958910332792499e+00,-6.472975667686506895e+00,-6.403318162910718314e+00,-8.250739280724840086e+00,-6.921604336453154538e+00,-2.294922029293659627e+00,-5.448838592972396810e+00,-1.128709252893111881e+01,-3.880353270963485812e+00,-9.887504638121020761e+00,-5.840710005413068728e+00,-2.463354238994921175e-01,-3.632329233801516732e+00,-8.976984215168423376e+00,-9.457567491545249894e+00,-1.680109521464418165e+01,-4.306048157606706006e+00,-1.803427631635076578e+00,-5.943369472777252582e+00,3.271657642180640924e+00,2.232501024980073190e+00,-8.994782435489607764e-01,-2.518489892970787736e+00
-9.964518773060703438e+00,0.000000000000000000e+00,2.445075219490470353e+00,-6.988895217369941015e+00,-7.480265554852673082e-01,-1.157441573796016865e+00,-2.212750175323311641e+00,-6.997048004548743982e+00,-6.021769262658666300e+00,-3.725450456885710970e+00,-6.230300446956202443e+00,-8.701446170415451320e+00,3.129132507834222476e+00,1.775830602927466417e+00,-1.542053107775216647e+00,-7.615769687900026064e+00,-8.626862303047683866e+00,-5.945382181334668559e+00,-6.438275736282124129e+00,-1.029046270994676604e+01,-4.398156607079656055e+00,5.773658535266772418e+00,1.029140684128993621e+00,-3.647414851820289794e+00,-2.869893828212015219e+00,1.335727446894104942e+00,3.780264831466074504e+00,2.781928878654593262e+00,-7.987478892092526372e+00,2.860239270168487558e+00,-3.509180760052810211e+00,1.041278542050993039e+01,-6.014280786911459842e+00,-3.315960422703870591e+00,-1.250435519013374730e+01,-1.362742788890987988e+00,-1.491639037176005322e+00,4.325475044277510506e+00,-4.346357233414014587e+00,-2.827281108612008431e+00,1.432972059143977184e+00,-1.016514459108094570e+00,-1.068558358079462423e+00,1.825061703417731052e-01,-5.525929476353227621e+00,4.411829799328280011e+00,-1.141670929076807539e+01,-6.135277465961295640e+00,-8.421389327672727632e+00,-3.159753564043143559e+00,2.020051175925892673e-01,6.883166436724911241e-01,-6.341026684478067388e+00,-9.994565179812879840e-01,8.099571114717415421e-01,4.763453102926726856e+00,-1.044650014890907741e+01,-1.055365498178370487e+01,-9.282742621834263019e+00,-3.634807707876310801e+00,-6.188463953525678463e+00,8.752042605278946841e-01,1.510913157879528290e+00,-5.084442133934584440e+00,-4.010033728300085087e+00,4.416183265534709412e-03,2.007185873317084646e+00,-5.270640588385911762e+00,-1.399998849568613757e+00,-8.589699207156321847e+00,-1.076370746473948437e+01,-9.649895521430714496e+00,-8.842322251727235960e-01,-6.660329177618080632e-01,4.775318906471794356e-01,-3.029668836561647538e+00,-9.214118609587330866e+00,5.646859203782869763e+00,-2.167921288745774611e+00,5.327934330116490536e+00,-1.684847539342907430e+00,-3.416305170897699472e+00,-4.137168404088567897e+00,-1.235846786596963476e+01,6.503302621237327052e+00,-3.906348699668254820e+00,-7.474384799328253060e+00,-8.950522300525663999e-01,-5.379525165948639831e+00,-2.832678586985275082e+00,-6.486085245647725372e+00,-3.175565309925238555e+00,-8.724381815910982496e+00,-1.426079913291272705e+00,7.348145985714107375e+00,-2.640402309109557422e+00,1.901127345817874126e+00,-7.282880998625329561e+00,-3.141719009313314603e-01,1.119048421040767405e+00
-4.258246829645337961e+00,2.445075219490470353e+00,0.000000000000000000e+00,-5.661903109040867577e+00,1.448120957562988864e-01,-1.180124833874097279e+00,-7.564098175017575088e-01,-3.710111862237386759e+00,-1.634365812812681229e+00,-9.101159674658843457e+00,-8.138791828416932717e+00,-5.909734623407479681e+00,-3.452030831863723837e+00,-3.826169706316521868e+00,-2.981778931678870759e+00,-1.015997594537592796e+01,-6.117589687184815439e+00,-2.020891566269735762e+00,-8.441851210875785938e+00,-1.233132390982499871e+01,6.365009586328593816e-01,-2.101443410671539169e+00,-1.316508520515889202e+01,-8.444723319636073811e+00,-3.243784062829710102e+00,1.349471975280702729e+00,-5.727524495354620271e+00,-5.148670685426062654e+00,-2.382861957141483344e+01,-6.690853302077836240e+00,-1.033759083914422128e+01,-5.111080688257773064e-01,-8.821021312573111839e-01,-6.775650343986276525e+00,-6.876469474830437356e+00,-3.200618267798577499e+00,-4.104231779087929688e+00,7.437943333064969131e+00,-4.493957293631360095e+00,-1.907751271780363744e+00,9.043560991143297090e-02,2.563374218060771259e+00,-2.211890034522023818e+00,-4.999938855143607697e+00,9.550417774756807532e-01,-5.017951500120902075e+00,-8.495046484630234929e+00,-5.255974034969785436e+00,-4.025847242397181169e+00,-9.615758044673953009e+00,-4.366426686083475950e+00,-2.979346980287957525e+00,-4.534581010684865632e+00,1.455636622762015664e+00,-2.191099621267715847e+00,-1.198851826719947056e+00,-6.920037065573127144e+00,1.328485792531256759e+00,-1.493979039004679166e+01,-6.849257016901741935e+00,-7.119499624008121863e+00,-5.278706224181912710e+00,-8.300797403962937082e+00,-1.116241361739206850e+00,3.036348510338628515e+00,8.796028604523636885e-01,1.280092883951043925e+00,-1.084854756775682993e+01,5.672682387396198678e+00,-5.691055769799047148e+00,-6.081605005603511138e+00,-7.329750691205319413e+00,3.326228925453304619e+00,2.861320395894233926e+00,-1.867134762248820579e+00,-3.611783964048543627e+00,-1.774906674352782332e+01,-4.284315090770095757e+00,-4.209385082907779463e+00,-2.505903443708039635e+00,-8.394414112849186982e-02,-4.721929461800662420e-01,-4.090162430394461701e+00,-7.358223672075410171e+00,2.799422504430997272e-01,1.423668737956811592e+00,-6.133043924907487288e+00,-7.410844961177962986e+00,-3.189905978064793146e+00,8.687672503010125391e-01,-8.024601593470915617e+00,-8.185049579254080498e+00,-1.410007319626109279e+01,-2.660561268488646824e+00,-1.828980634403260530e-01,-1.314633271189366504e+01,-1.331769686957489984e+00,-6.383918218223104679e-01,-1.313163437865889849e+00,3.402104475361786284e-01
-1.281148178208621857e+01,-6.988895217369941015e+00,-5.661903109040867577e+00,0.000000000000000000e+00,2.401573010931626895e-01,5.362296433161027664e+00,-1.010276485756876674e+01,-3.678201733696840225e+00,3.734527853258066132e-01,5.138728403910740816e+00,4.233915691337681864e+00,9.363497967096082730e-01,1.783113578016725098e+00,5.989935387119889043e-01,-6.782755520345435940e+00,4.322920540771210796e+00,-8.891333193726241646e+00,-3.663076304757685309e-01,-8.535521621343498566e+00,-2.301875552380885370e+00,1.089812483688419986e+00,1.379657372991541342e+00,1.465821288226211605e+00,3.908906872583581382e+00,4.569099976144366693e+00,3.441308121572341783e+00,-2.025784312178282587e+00,5.493245120741327092e+00,-2.464292251273386469e+00,-2.488540768035752748e+00,-7.099982011152054184e+00,2.337309420727107234e+00,2.173263591086445956e+00,8.560405552068399704e-01,-8.284004201680691182e+00,-3.111639641847011362e+00,7.689168967027594448e+00,6.689239766921775576e+00,-6.200965575225074744e+00,-5.847615819699365503e-01,6.564039029547939386e+00,8.537167860537794306e-01,-6.143989447504472068e+00,5.524628932259387781e-01,1.528440898180488450e+00,7.589939614382394950e+00,-6.124617035148419042e+00,-2.618347222219129744e+00,1.172744884906319340e+00,-3.446412906209783689e+00,3.171598026387556946e+00,7.608052911121119699e+00,3.491391789617583452e+00,3.361747089212426598e+00,6.183183551572373204e+00,-1.151136300884627595e+00,-6.541735683881432450e+00,3.810380975476679866e-01,-2.356940885101869831e+00,7.652306136120825109e+00,-2.534084900269075596e-02,1.268551772658007781e+00,7.483758295079123712e-01,9.686723106681238704e-02,3.009557671839975246e+00,-2.558336095013650890e+00,8.070056793817867558e+00,-9.392200772307850443e+00,-4.819346535070053172e-01,-2.896141466232759143e+00,-3.447611101188261085e+00,4.614612786238468267e+00,5.029808836041352649e+00,6.801889515375876272e+00,-2.871974928181991960e+00,1.009751893688939717e+01,-1.454577282689696327e+00,6.569576858448869849e+00,-6.728992038949390242e+00,4.758548608455511086e+00,-1.059104014143628092e+00,-5.463773381736846124e-01,1.116411776901625963e+00,-8.149661763982306795e+00,-2.281192757450264674e-01,5.445240072344182281e+00,-8.939066825430358465e-02,2.215322459345919093e+00,1.321362010028591438e+00,-5.855131443954322279e+00,1.283937209612843744e-01,-4.742745401197399069e-01,-7.539418043434511496e+00,-4.997239969462745068e-01,-1.353537629384281293e-01,-4.654995960623814488e-01,7.681546261533842568e-01,2.487411374463447178e+00,-3.499530038741707760e-01,5.134563394384128898e+00
-9.210993729686677511e+00,-7.480265554852673082e-01,1.448120957562988864e-01,2.401573010931626895e-01,0.000000000000000000e+00,2.302679915281161449e+00,-5.164441473760509105e+00,-8.747785929786595638e-01,4.209853478318200004e+00,8.994025363466321421e-01,3.666276286821652519e+00,6.760095945039693355e+00,4.453033879893419922e+00,6.304935068516744900e-01,-9.750825795776755234e-01,9.214950456947331725e-01,-8.039639817901104379e+00,-3.282992180398394577e+00,-7.230567252044006743e+00,4.190815314864962948e-01,-2.077365540280185829e+00,-1.914881266117273162e+00,4.967939928621944112e+00,-3.948862536632721909e+00,4.397108465501217367e+00,2.462366315273672779e+00,-3.145053673684538253e+00,-2.125844712758346855e+00,-1.087805678448144064e+01,-1.080130945896424555e+00,8.050598674474082062e-01,8.790237261516521405e-01,-1.266259258155467693e+00,6.039543011661495653e-01,-6.771931195781330182e+00,1.722769997384412610e+00,6.289761315943753317e+00,4.585374176517710509e+00,-6.140741056524281483e+00,-3.387856572356661378e+00,1.423953166514031743e+01,2.978944017138796418e+00,8.912212424606016370e+00,2.185171966044595848e+00,-3.288053768710256008e+00,3.978767385950937374e+00,-3.530815621786949521e+00,-6.775779646731703743e+00,4.951609692938554907e+00,-1.774197766513893493e+00,5.648065351614678598e+00,1.077885458886043368e+00,3.288712675630701909e+00,5.503977999646476604e-01,3.647632370450407446e+00,-9.283448647181580249e-01,-2.861972479522288726e+00,2.509575950348798656e+00,3.080300481808773139e-01,8.431675218835605889e+00,8.080703176962387602e+00,1.596861886902165573e+00,5.327345171779758637e+00,3.033366385221136774e+00,1.062012844738096717e+01,5.376085275744332925e+00,9.616819233810868894e+00,-3.212418507891796615e+00,-9.727949504594528563e-01,-4.466514246267038857e+00,-2.200455693859380890e+00,4.583020889758048000e+00,3.125993542788914947e+00,7.968340398120172807e+00,3.035190065432112227e+00,5.098550432870241345e+00,-9.117315508939048740e+00,5.190896134554665586e+00,5.906325125714635860e+00,1.591772790983466024e+00,-5.240769290790177060e-01,-1.663227996602377967e+00,-7.443221178300882812e+00,-8.255659451348272171e+00,-3.859885534835409082e+00,-1.567430890436233515e+00,-2.970437019837972592e+00,-5.800115635779837797e-01,4.022752929722676285e+00,-2.639590856119934159e+00,-1.093215817164667314e+01,-8.447585982618273093e-01,-5.819202428200319632e-01,4.769093995752255566e+00,5.636288933995022177e+00,-2.532326824046557068e+00,-8.809411304139871390e-01,5.272564558976797322e+00,-1.310322835248350248e+00,2.156996419333113035e+00
-2.377805396495951573e+00,-1.157441573796016865e+00,-1.180124833874097279e+00,5.362296433161027664e+00,2.302679915281161449e+00,0.000000000000000000e+00,-3.697421080407806482e+00,-3.656026923376832993e+00,4.118541631624883514e+00,-7.833227306009568736e+00,-6.664838436584531678e+00,-4.072246411303670044e+00,-1.835859629711377172e+00,-1.047178914955416396e+01,-7.955436550725429434e+00,-8.622052212706741159e+00,-1.293125230259327729e+01,-4.138857233560007565e+00,-1.396402107560433592e+01,-6.597109855214479346e+00,-7.954742710702391584e+00,1.445394965362546413e-01,-9.238575666709950340e+00,-1.238238275688846279e+01,-7.835372718911299827e+00,-1.953489926673405153e+00,2.195669636888130771e+00,-2.304758582383413579e+00,-1.575271118275009741e+01,-5.232625312084157265e+00,-4.776782157784307259e-01,-4.523791086536647299e+00,-2.301409305646572534e+00,-3.482734762195617950e+00,-8.516557034618605471e+00,-3.018528725653680578e+00,1.784416257936305650e+00,5.408495579252520891e+00,-9.156803394256575857e+00,-6.217158535998826174e+00,5.059105434214556496e+00,-2.214910617781808089e+00,1.849469824108242122e+00,-1.098113658421912830e-01,-9.583609262465904166e+00,1.295167014107309722e+00,-2.577247572723744273e+00,-1.051024428768358376e+01,-3.714336904909451675e+00,-7.785329386063777335e+00,-3.872173044702316158e+00,-1.308706898772191041e+00,-3.466600749220103861e+00,-2.360151735121124084e+00,-1.040750974565423315e+00,-3.102092035383030577e+00,-6.240977324417642969e+00,8.775007807395408810e-02,-1.464107278063863404e+01,-6.713410801771110492e+00,-5.773987239136728178e+00,-9.348773495944718848e-01,-4.315388758174647954e+00,-1.901312331796157995e+00,3.513327627874381687e+00,-1.694913877495795251e+00,2.663162184798641086e+00,-2.749959223518319895e+00,-2.445916000267761348e+00,-5.926260177379799821e+00,-5.758346855526191632e+00,1.025201651755986321e+00,-6.080021221419073640e+00,2.248212894242773707e+00,-1.027347978256989336e+01,-3.805408200418467946e+00,-1.272429532053665113e+01,-1.853299059789726977e+00,7.649961040326981987e+00,-6.281086045547420227e+00,-1.147779068955450477e+01,-7.453127451198274800e-01,-8.104091831513510868e+00,-9.819943167022019637e+00,2.606274811186230611e+00,-3.472795200404722227e+00,8.485296941958163364e-02,-5.746048552671656040e+00,1.871177150309785153e+00,1.900771034560183592e+00,-1.355297312674062304e+01,-5.799662165250359713e+00,-1.075805480152710736e+01,-7.495209153196022989e+00,5.206384903750974402e+00,-4.875579145680162263e+00,8.769423254427739511e-01,-3.956704002170369883e+00,-2.895506438443963493e+00,1.605470849426019253e+00
-4.977013591697192041e+00,-2.212750175323311641e+00,-7.564098175017575088e-01,-1.010276485756876674e+01,-5.164441473760509105e+00,-3.697421080407806482e+00,0.000000000000000000e+00,1.327976120519397840e+00,-4.020839581489235925e+00,-4.422971535749993244e+00,7.029540404063246983e-01,2.625952843197632891e+00,4.830185694369913740e+00,7.128431532547645944e+00,2.707690909012710812e+00,2.203144987020530188e+00,-8.647533309974660298e+00,-7.648847719606354012e+00,2.104209551337783424e+00,2.343908829278761541e+00,7.932895480850694625e-01,7.207472598959085097e+00,3.791501671697489861e+00,2.555215786207975515e-01,4.944461370921482413e+00,5.604983583660569479e+00,3.014908585495581494e+00,2.669329536368130640e+00,3.855634019362267129e+00,-2.305492980309191975e-01,-1.885839038785465327e+00,4.560747918200403483e-01,2.154277443076972443e+00,-7.232605048604174414e+00,-3.369692899493469618e+00,-1.006438607971125698e+01,3.143455602533794302e+00,7.832585721984096416e+00,-6.647395666928770375e+00,-5.603563524099508975e+00,1.069756960514384403e+00,-8.630325180717740574e-01,1.109190382623459259e+00,-2.273215526090818894e+00,-1.091350925708472452e+01,-1.990483625596753514e+00,-4.045073517016305686e+00,-7.831678488398798876e+00,7.061815892388146665e+00,4.902169806231794769e-01,8.779492448731636145e+00,-4.236956065091882495e-01,-8.790755271289644179e-01,7.086672682053753114e+00,1.804414842075904080e+00,-4.460365480090747070e+00,-4.758355108871373140e+00,-1.618050376568567428e+00,-2.800040619448509904e+00,4.228503316261057243e+00,2.459932653593900120e+00,-1.154865442765582673e+00,-1.589348605450557228e+00,5.764274608090615537e+00,5.960022894887713640e+00,1.128260475018284081e+00,3.292299501907897774e+00,2.052467971024064752e+00,-2.771358972076107818e+00,-6.592510577666124583e+00,-5.708526098306283103e+00,6.106744130937435955e+00,-2.834383114270997872e+00,8.946906876949718423e+00,9.437070754024547981e+00,5.320405572980682507e+00,-3.192818863483754654e+00,2.085781184388156184e+00,5.369314710479656583e+00,1.130847408706125634e+01,-3.738899629759538712e+00,5.620222382006974104e-01,-1.502351926701433982e+01,-8.508005333300875606e+00,3.224666328334843790e+00,4.115206039293253681e+00,-7.403979460447630834e-02,-4.076656871081665301e+00,-5.898528324345257978e+00,-1.432568075427115950e+00,-1.185665407488239786e+00,5.279689784810495112e-01,-1.296630044890770384e+00,1.336751843854837807e+00,7.254166553901611358e+00,1.116201912433827381e+00,-4.822674699097387219e+00,-2.075902167244662255e+00,1.432649550831647245e+00,-1.148435903440057970e+00
-8.741966682764550356e+00,-6.997048004548743982e+00,-3.710111862237386759e+00,-3.678201733696840225e+00,-8.747785929786595638e-01,-3.656026923376832993e+00,1.327976120519397840e+00,0.000000000000000000e+00,1.250938855948403594e+00,3.641597382151840478e-01,7.003378497138570857e+00,3.294798459982273720e+00,3.623476347272229336e+00,1.145966757488068666e+01,-2.442269329999185778e+00,-1.365991237098612476e+00,-7.279756560362935502e+00,-5.275769324236573965e+00,-2.936771064428986389e+00,-5.387756781484128510e+00,3.248704333328070182e-01,1.237573679022722928e+01,4.008220020924708749e+00,2.503813530280909472e+00,2.314308901270905938e+00,6.351377194199517184e+00,-5.337054975803571466e+00,1.000678986660442682e+01,-6.524333937001108197e+00,3.217942046300809711e+00,-8.013513586012132706e+00,7.209172106339822861e+00,8.249138234352396681e-01,2.438332527515346460e+00,-6.911531502965821971e+00,-5.524082260250162690e+00,6.929490180359545448e+00,1.210965481791393961e-01,-1.095404113250250511e+01,1.312129094227488579e+00,3.884319223141922350e+00,3.909093210036253208e+00,4.635177708034188271e+00,-2.504329729187763642e-01,-1.113533031151041408e+00,-1.496960450872266035e+00,6.031521515210458428e-01,8.967803193031456122e-01,-2.521515477290781626e-01,-3.796030190295589968e+00,7.455812142783385887e+00,7.550316352192382396e+00,6.929941953934549703e-01,4.000601584422653900e+00,4.032303552064405494e+00,-2.407565618323993739e+00,-3.562368545451700896e+00,9.764781816652136071e-01,-3.665965728931777967e+00,5.126340053855638956e+00,3.045563856828518379e+00,2.594662004651483223e+00,6.685980095160853898e-02,-1.968947742391308209e-02,6.480151853887282876e+00,1.609847503176570882e+00,1.300479072042799000e+00,-6.419021690723094586e+00,-1.844824870134244899e+00,-3.263092802857073260e-01,-7.439962135974083068e+00,2.381768445079774477e+00,4.310763605595488102e+00,-2.817318717234548048e-02,4.649240680665995384e+00,8.003017009413637695e+00,-4.566447444027039282e+00,3.498396954855249152e+00,2.358859959996107147e-01,9.880078644983063541e+00,-3.355333861415289998e-01,-5.305756125711159399e+00,-4.184322275926399826e+00,-6.065954315170743349e+00,-2.771039816671691192e+00,9.682597158573533758e-01,-2.426776974036157331e+00,4.150151872944916498e+00,-9.112266429335721396e-01,3.789245733577276898e+00,-5.398266527230039635e+00,-5.448363402224930319e+00,-1.181429481460729214e+01,2.724618891811878107e+00,4.692482128380901507e+00,-3.121997061551277763e+00,6.836868416636403545e+00,4.660969133932767683e+00,-1.854624150596519749e+00,-2.241606350268332104e+00
-1.853890433246200287e+00,-6.021769262658666300e+00,-1.634365812812681229e+00,3.734527853258066132e-01,4.209853478318200004e+00,4.118541631624883514e+00,-4.020839581489235925e+00,1.250938855948403594e+00,0.000000000000000000e+00,-3.672093087849046977e+00,-5.837974587942439619e+00,-2.564990043163774658e+00,-9.026434290581056286e-02,1.458392996608512071e+00,-9.288458284916476515e-01,-5.100021529639491291e+00,1.845593449750668469e-01,-3.850579786888190359e+00,-3.098491982342019391e+00,-4.557272003549752704e+00,-2.939119622297512890e+00,4.343078999080316610e-02,-6.296580611597273780e+00,-1.096528845085632931e+01,-6.438168019140924514e+00,6.613635484791254848e-01,-3.702666604605604483e+00,-3.967346792656450294e+00,-1.012894342791242330e+01,-5.056353916092347411e+00,-8.308787930840326297e+00,2.892995755514328859e+00,1.545600830511737467e+00,-1.529497053619135016e+00,-5.634733523447038372e+00,-1.877758704080143559e+00,5.674504733038857829e+00,8.371697535965070713e+00,-8.068077347816560163e+00,-2.373097266786404980e+00,5.133673229853378928e+00,-2.690671495173973415e+00,-6.887235563213616185e-01,-3.767318009618175090e+00,6.306467903758071758e-01,-4.192557477568430446e-01,1.075935492673706806e+00,-2.658436515820279400e+00,-1.007153848546016839e+01,-9.730863820800724540e+00,-2.654663437348539823e+00,-5.446587195908519696e+00,-2.982535157765104028e+00,-1.332575322046798183e+00,7.969495884820114728e-01,3.013687254604403787e+00,-5.379505681246541826e+00,-8.737358466485642960e-01,-1.131523217005705639e+01,-7.738693314159672543e-01,-3.960933661948773388e+00,-3.250474395839224595e+00,-6.925119688838607068e+00,-9.879093264550184994e-01,3.780538824049805235e+00,-2.387054811557131617e-01,-3.694930097466006202e+00,-3.293116349147324318e+00,4.343910476646450469e+00,-4.132678994335932998e+00,-1.115774513031292869e+01,-7.777926721627967055e+00,-3.599706723916070938e+00,3.437158384850241832e-01,-2.480341397894253674e+00,-2.821886703697824128e+00,-1.208058413298505052e+01,-8.924047018616499960e-01,-1.360629590825769286e+00,1.881674325239464318e+00,3.295278211095455045e+00,-3.345991703274457496e+00,-4.145194521600770621e+00,-4.770506524345258903e+00,-2.828968023981516033e+00,-6.610217909268136793e+00,-3.714783212628310349e-01,-2.281638247277241849e+00,-5.443931288182930761e-02,5.717822372831375510e+00,-3.731144957361341774e+00,-6.361023800001046169e+00,-1.548141409702518345e+01,-6.286449556346458856e+00,-3.461550930519503133e+00,-5.454601768937539674e+00,5.827219457772734756e+00,7.119530020387347946e+00,-6.881755837435607148e+00,-7.229085993068116167e+00
-5.126779951607289831e+00,-3.725450456885710970e+00,-9.101159674658843457e+00,5.138728403910740816e+00,8.994025363466321421e-01,-7.833227306009568736e+00,-4.422971535749993244e+00,3.641597382151840478e-01,-3.672093087849046977e+00,0.000000000000000000e+00,-1.407526415364949157e+00,-5.903354629014927468e-01,2.863774191463129171e+00,6.997436233600542010e+00,-2.845765146771006560e+00,6.978832548154529469e+00,-4.131816988241281408e+00,-2.602698353478948068e+00,1.838261632416624103e+00,-1.468549582215855909e-01,9.543056520993170588e-01,4.287100325157982006e+00,3.761659974362892900e+00,-2.068639789631544268e+00,-2.872364057880427146e-01,1.502956882629004065e+00,3.706759165998977590e+00,-5.381162356975812244e+00,-1.081317945252062351e+01,1.181376551344665904e+00,-1.485714400887392594e+00,2.848343224607373880e+00,-1.177852488022788080e+00,1.745002282336575838e+00,-3.025866705893465625e+00,2.922766243685389398e+00,7.860397101894400329e+00,9.058864836857340563e+00,6.043214390761590948e-01,-7.062346839474197280e-01,1.695578707280081421e+00,7.996022724007197269e+00,1.057928127842273192e+01,-4.506259252060724307e+00,-6.382440961713252925e+00,-2.100527319184872788e+00,5.453974604748287547e+00,3.700447346419819983e+00,2.521383706299235250e+00,-4.811144955094100339e+00,3.332255970473031681e+00,9.319549277037770807e+00,-1.398646826135752530e+00,-5.064664573189444852e+00,4.408568099906661431e+00,5.960349863320321795e+00,-6.327661356340477994e+00,6.924900581920115705e+00,-1.510806771108290647e-01,3.243859289965698167e+00,2.108570620433344978e+00,1.692091346916770878e+00,3.993878264049388616e-01,8.270368124556162215e+00,9.709499002063012085e+00,3.887833524026460541e+00,3.566673058491958592e+00,2.648520523950844030e+00,-2.668699746762270397e+00,-8.747800569353886502e+00,2.452485392090198585e-02,3.869565968960673175e+00,1.409024017395530626e+00,9.103657220290269692e+00,4.827759722076532256e+00,4.906347022661344259e-01,7.538891225277023767e-02,2.156781915158031637e+00,6.593201757163209997e+00,8.712089821835428793e+00,-2.132918650862702492e+00,-5.667445867468126508e+00,-1.055327976389760991e+01,-3.547629939492002116e+00,-9.785236954104353790e-03,2.599858641781489066e+00,4.274136777856146985e+00,-7.260991067725300896e-01,3.909348405915721525e+00,6.608266884405105124e-01,-1.301170016404768681e+01,-8.642034465432100188e-01,-2.566598215137408712e+00,5.676747160695245320e+00,3.217122326829210621e+00,5.180694634315568869e+00,1.076704157611749757e+00,5.173698366977524721e+00,1.090071302140500631e+00,-3.799848083043868563e+00
-5.620263300590393918e+00,-6.230300446956202443e+00,-8.138791828416932717e+00,4.233915691337681864e+00,3.666276286821652519e+00,-6.664838436584531678e+00,7.029540404063246983e-01,7.003378497138570857e+00,-5.837974587942439619e+00,-1.407526415364949157e+00,0.000000000000000000e+00,-3.717531690539252143e+00,-4.100666042031324565e+00,2.749041966471923448e+00,-4.457760555214325571e+00,-3.556900104368494464e+00,-3.553586404500490126e+00,-5.983711864984122997e+00,2.590015003497370127e+00,4.275681573842075589e-01,6.471365448066824122e+00,3.489376677257469250e+00,8.226633848461322174e-01,5.266736855988539467e+00,-1.887162757625047593e+00,7.213527105761277092e+00,1.602195771533046598e+00,4.589161434561751740e+00,-1.346441970007030475e+00,-6.525620878338552977e+00,8.780883103376412535e+00,5.027868038372552917e+00,2.573170337828349474e+00,9.823057148847914588e-01,1.160627107630028743e+00,-2.717355399912415592e-01,6.289034043543719754e+00,4.447443517067473984e+00,8.883726870178920265e+00,8.334387055843450298e+00,7.303052932822555743e-01,-4.661916658262361124e-01,4.210775519235494535e+00,-1.055303347012861437e+00,6.760699392554410991e+00,-8.279082478186802874e+00,-5.413729778862315101e+00,1.533996387505617065e+00,5.688224500355444135e+00,-5.291226468181495335e+00,9.622235861003096247e+00,6.348212132526194651e+00,3.681695889812931277e+00,-1.147703855675071383e+00,3.022796750389455500e+00,6.303013583341996018e+00,-1.410448181971962889e+01,1.831879595383304027e+00,-5.789063895675983673e+00,-4.869643810232415770e-01,-5.547475551098674629e+00,-1.708473290154529423e+00,6.718066825184157764e+00,3.118138670181447747e+00,1.234201949321277469e+00,5.161531046510822174e-01,7.195777034055117483e-01,2.129033310661891498e+00,-4.542999262190518195e+00,-7.939953026101534306e+00,-1.335283695387297298e+00,1.478912883519663657e+00,-1.738895468252141363e+00,1.032886933727437118e+01,-5.162162046857339703e+00,3.156327552304782014e+00,-4.442488685522814507e+00,6.250790200437770672e+00,4.922515846968863684e+00,2.679321695090239430e+00,-5.082464668614364856e-01,-7.875496848933493110e-01,7.212163772723950927e+00,4.660187354089194933e+00,8.852703478605127074e+00,1.223128032979264423e+00,3.442364801229554683e+00,1.996627039705342499e+00,1.627791786668752572e+00,2.814051134005101762e+00,5.535687808969184331e+00,5.799869431357269178e+00,4.011883747363477193e-01,-1.157738182196343502e+00,1.999222249951331687e+00,2.969488501433583671e+00,-4.613783592763921249e+00,1.014401485835806138e+00,7.976466017770065697e+00,5.849960488120470536e+00
-5.040794389334609882e+00,-8.701446170415451320e+00,-5.909734623407479681e+00,9.363497967096082730e-01,6.760095945039693355e+00,-4.072246411303670044e+00,2.625952843197632891e+00,3.294798459982273720e+00,-2.564990043163774658e+00,-5.903354629014927468e-01,-3.717531690539252143e+00,0.000000000000000000e+00,-1.817756792321974402e+00,8.857276059359708853e+00,3.465559795204522509e+00,1.178491764723668345e+00,9.135824701289694261e-01,5.873092940898745340e-01,7.597468658084170379e+00,8.274990752043235531e+00,8.617424396415545473e+00,3.593112255915887898e-01,-8.183139230521587759e-01,-7.802791915325877348e+00,7.061574779269209623e-01,1.006159418730948296e+01,-4.827805978754844130e-02,4.920003221494044787e+00,-1.189250004125503413e+00,3.035808762539480843e-01,3.640378050643951813e+00,2.601042698340822579e+00,9.412969648512090615e+00,6.193320179059803365e+00,4.505636864599293467e+00,4.784042240910430621e+00,5.198339966002074597e+00,5.471085432158711015e+00,8.462846747579613194e+00,-2.000131058970370024e+00,4.717264153568785368e+00,6.075500705828176251e+00,3.773550914507010301e+00,-6.079769543714835578e+00,1.412922023010846573e+00,4.814958025538705222e+00,4.072638176194214310e+00,2.597013362276857862e+00,9.972817842481567219e-01,3.073900431171970649e+00,1.012239554163920019e+01,2.448898877928531892e+00,5.236262791999649835e+00,4.773392168119681145e+00,-1.269422579243532301e+00,7.188182172607864295e+00,-2.923644718752418825e+00,7.013294352420139655e-01,-2.817443116277029702e+00,5.548998613355632159e+00,2.284467312507536985e+00,3.487271660859404765e+00,-5.990776879861428039e-01,5.628669412600219246e+00,1.012641817877552874e+01,6.332203453460961917e+00,2.832782254512311138e+00,1.049017431289441937e+01,-5.758125686052506076e+00,-2.002587770308807524e+00,2.932384037788823061e+00,3.252219573453595469e+00,-2.229251327447436815e-01,6.950286677360007381e+00,-2.474992582858103418e+00,2.862134215888445965e+00,-3.495221158425589891e-01,-1.665389602237889566e+00,5.924446172899497931e+00,3.712483713148150066e+00,-2.098023000668129079e+00,6.476396398579908897e+00,4.881651496640087018e+00,9.386424097301118707e-02,-2.342370280854157993e+00,-1.083736562006150983e+00,7.490762736674099642e+00,7.537554902337645357e-01,8.792608023812020335e+00,9.119218933105646130e-01,-4.691273725929536731e+00,2.829073959674280214e+00,2.629917264172540570e+00,5.788304619611237989e+00,5.515084549165461425e+00,-1.057118619720363029e+00,7.190334024750893782e+00,5.463102760533336877e+00,1.673700335792546845e+00,6.498639281895346453e-01
-2.685159454767643838e-01,3.129132507834222476e+00,-3.452030831863723837e+00,1.783113578016725098e+00,4.453033879893419922e+00,-1.835859629711377172e+00,4.830185694369913740e+00,3.623476347272229336e+00,-9.026434290581056286e-02,2.863774191463129171e+00,-4.100666042031324565e+00,-1.817756792321974402e+00,0.000000000000000000e+00,-1.959797723871369302e-01,-1.826974527292874795e+00,2.641044570705142758e-01,-5.117612916615635221e+00,-6.638853579219412104e+00,-3.108491490228042942e+00,-3.689569615570253092e+00,1.249237725558429268e+00,-1.783445961526220369e+00,4.967384483785873606e+00,-8.162699740910056567e-01,1.501728260048087904e+00,-2.398148341100383885e+00,-7.712672204602756487e+00,-2.449531042155804528e+00,-4.282281772356808069e+00,-7.270619408528985472e-01,1.435344495902178608e+00,-1.931853745697783564e+00,-4.040283809165160278e+00,-5.252050587200685960e+00,-1.296180562123723234e+01,-1.166692036548282019e+00,2.547453430181573442e+00,-2.174660817256433842e-01,-3.540578358100116230e+00,3.563088511959486837e+00,6.927383350953161489e+00,3.108156059313749608e+00,2.393579024809441069e+00,-5.510806883174303117e+00,-8.115439553199321310e+00,-3.872997478824115269e+00,-1.785197475487080521e+00,-4.010423729838704432e+00,6.099409777221335816e+00,-2.338027891608385200e+00,1.209219031354486162e+00,-3.084998611480173292e+00,3.216410715460153114e+00,-3.160820923863320697e+00,4.266173834963547101e-02,-1.146826103952086395e+00,-6.187518456487579144e+00,-2.886965864929499137e+00,-9.193780959603534697e-01,4.757317377098757127e+00,1.300707295326980706e+00,1.091622648645785398e+00,-2.917980008198619024e-01,5.060503671650484314e+00,7.343219072320117391e+00,5.250644162918386648e+00,4.775060788038811843e+00,-4.744049141817161086e+00,-8.254786498633947645e+00,-1.400476951671108417e+01,5.065245164866135852e+00,1.488734824140479196e+00,-1.665956391936469938e+00,-1.434676318041498311e+00,4.763061911481247357e+00,-1.296342600739592399e+00,-5.285277055357485487e+00,3.339605278873798877e+00,2.174575884263916237e+00,7.896524320293434318e-01,-4.442055602392702696e+00,-5.365465971203653872e+00,-9.061293094857891361e+00,-8.643699185951229325e+00,-7.495580560055947750e-01,6.069718785128932481e-01,-2.165891073341992268e+00,2.023641942766257973e+00,1.484914679965731121e+00,-4.894096062156465976e+00,-5.759095541980787658e+00,-2.610952720122945436e+00,-4.162143446853784567e+00,1.178510236873287154e+00,2.963296917950405618e+00,9.266787477736911915e-01,-4.987407855082894415e+00,1.575455618788803580e+00,2.290918683008754453e+00,-2.259397410784927285e+00
-4.341183450461739923e+00,1.775830602927466417e+00,-3.826169706316521868e+00,5.989935387119889043e-01,6.304935068516744900e-01,-1.047178914955416396e+01,7.128431532547645944e+00,1.145966757488068666e+01,1.458392996608512071e+00,6.997436233600542010e+00,2.749041966471923448e+00,8.857276059359708853e+00,-1.959797723871369302e-01,0.000000000000000000e+00,-3.041931812460341167e+00,-1.366694484965532475e+00,-5.177371178896808424e+00,-1.481746592333310986e+01,-4.082839087096394870e+00,-1.750365260605641282e+01,2.390757494544536677e+00,-8.419801422225280163e+00,-6.707580503754784651e+00,-5.091297935758479554e+00,-3.858930416499133376e+00,2.979784652048810045e+00,-2.888595638430863310e+00,-1.150484329208322798e+01,-1.117860099590663303e+01,-6.997935067091622940e+00,-2.730926660271601580e+00,2.039690455719321616e+00,-6.799655463116748955e+00,-1.176680830918762410e+01,-6.865160357919081413e+00,-9.192022483137733957e+00,-3.094500753481334243e+00,-1.888873522908372793e-01,-7.799796629298352713e+00,-1.601435966127193744e+00,-5.313804006261288571e+00,5.075054482536979883e+00,7.401331600172639247e-01,-3.675308777423649254e+00,-8.689243820343408586e+00,-1.958389798404936100e+00,-3.845618912962646796e+00,-8.326743837748441734e+00,5.183357671340659278e-01,-4.836243131294226116e-01,6.168542072710702762e+00,2.482856385345005509e-02,8.158573751655863404e+00,-1.007076695881200745e+00,5.703368078526099616e+00,3.562467230613147517e+00,-1.384695089646166188e+01,-3.700598364999552636e+00,-8.343490570571910681e+00,-2.573080459303635603e+00,-6.612513553948956790e+00,-3.593542172632707032e+00,-9.236953343697027474e-01,-8.497416116204502545e-01,-2.320007445470270380e+00,-7.993396031863275741e-01,1.943616051240015352e+00,-7.621922876126251190e+00,3.943428175090494481e+00,-9.773011942705640109e+00,-7.593220593276181596e+00,2.360373277331137665e+00,-4.147101177824652041e+00,4.993320260875883321e+00,-9.072342847286047895e-01,-4.128794439046741260e+00,-1.615761250182934816e+01,-2.967763773180304376e+00,1.134962775277622526e+01,3.499887707776742296e+00,-1.959236478885506560e+00,-7.568561038214067019e-03,-9.309107795181837730e+00,-3.748495204056481178e+00,5.739678817743028461e+00,8.325314241791672565e-01,-5.360302696622932572e+00,-5.544949995735366954e+00,-5.084422514171134111e+00,1.010291584511441743e+00,-6.491417163896251452e+00,-3.209273164760601205e+00,-4.287357898508976639e+00,4.835724241284699576e-01,6.115886783965174267e+00,2.039981733030553190e+00,-3.492747322307439006e+00,-3.108646818215750063e+00,-5.022848462496798838e+00,-1.300725902393849776e+00
-5.243961778782130878e+00,-1.542053107775216647e+00,-2.981778931678870759e+00,-6.782755520345435940e+00,-9.750825795776755234e-01,-7.955436550725429434e+00,2.707690909012710812e+00,-2.442269329999185778e+00,-9.288458284916476515e-01,-2.845765146771006560e+00,-4.457760555214325571e+00,3.465559795204522509e+00,-1.826974527292874795e+00,-3.041931812460341167e+00,0.000000000000000000e+00,1.047102460728224571e+01,1.993792908927472629e+00,-5.430314432883825759e+00,6.565711393825503173e+00,-9.252293497895006658e-01,6.990461011331200680e+00,-2.473915576242845304e+00,1.682050551459139509e+00,-2.230273237950775478e+00,1.133988340885341728e+00,1.919932428687693537e+00,4.872846016498465715e+00,-5.276964653268890970e+00,3.622544879353962743e-01,1.465825955950592396e+00,-1.723396838190436320e+00,4.863616428244397771e-01,-2.158027798984948120e+00,-7.950184427216575145e+00,-4.323713413218176704e+00,1.441549815123302603e+00,5.890512198553062184e+00,6.924142188598732872e+00,7.665925326773808557e+00,2.434648032090156899e+00,-1.803810993162635157e+00,1.998543197893169587e+00,9.736606462636178350e+00,-2.158907456042845341e-01,-2.524451528765495389e+00,4.791554637574308551e+00,5.824000280619800130e+00,-1.726446525575572322e+00,9.335516659904721237e+00,3.969541580528283653e+00,2.489521878135789290e+00,4.592230186193289931e+00,1.168860600976534592e+01,5.282203460003366047e+00,2.518587743277689306e+00,-1.698385976149057619e+00,4.508625463812799411e-03,-1.851486283818816470e-01,1.939901691400006678e+00,3.645242722557314075e+00,7.071598896184579930e-01,1.766016807394838128e+00,4.686443069548764662e+00,6.928464540576572794e+00,5.702591929659713621e+00,6.361544369792165199e+00,1.218329060063853930e+01,5.165450512612815182e+00,2.881140887758058433e+00,-5.557954860478487191e+00,3.129527987376168774e+00,7.022447581285038432e+00,1.505458149074050622e+00,9.237276155731409588e+00,2.935827159840839862e+00,-5.506591399542164034e+00,-5.318711410897863701e+00,-6.970527257078477923e-02,8.530151678213943711e+00,8.595429019148924654e-01,4.675993723799796165e-01,2.449008077407988981e+00,-2.637579322055601416e+00,-3.055092591318004480e+00,4.482110532226461608e+00,6.906850586621131605e+00,8.249928319201348614e+00,-1.147933698914340495e+00,4.784762938985712033e+00,-1.126228810184529916e+00,-7.511726697176775325e+00,6.323064285874110624e+00,7.453697644049763760e+00,2.262693038490407371e+00,4.878631781996539907e+00,7.086137418714896441e+00,4.397727414067190921e+00,2.813902617877541701e+00,3.326897959680367389e+00,3.105336191966879600e+00
