0.000000000000000000e+00,5.281244436526934649e+00,-3.675265643196545362e+00,-3.203462629715777776e+00,-2.369516244373862879e+00,1.949484499739004173e+00,-9.505947764335029859e+00,8.631863457379217452e-01,-3.826790176732425053e+00,1.262079752085027096e+00,-7.270399185368212613e+00,2.971170581118843579e+00,3.091459970014864833e+00,-4.185317306154427541e+00,1.996526429271275660e+00,-3.399943402237912249e+00,6.249395655440395991e+00,1.646605402639792048e+00,2.739243746720775974e+00,-1.823070047097902657e+00,-3.960136418909091294e+00,6.290904063916247235e-01,1.524844581547347921e+00,-7.023286201915196258e+00,-3.011106015482670095e+00,-7.811336618314603797e+00,-6.343449766490113717e+00,-1.035739570590452630e+01,1.024112427395824920e-01,-2.926665930862837328e+00,3.165284656390502604e+00,-7.365237771147885582e+00,1.010436298708570568e+01,-1.280549129015330800e+00,-6.035586100317170022e+00,-4.062288128658504860e+00,-3.891460352685856883e+00,7.371798181724755317e+00,-2.808463233338653442e+00,2.998282363810583995e+00,-5.964624278252327549e+00,-1.208683113518818519e+00,2.376980550115250779e+00,-4.732751642841151352e+00,-4.989346079385918564e+00,-7.113141767666185389e-02,-1.837561083754802427e+00,-6.182530940441250067e+00,-2.244884689772701503e+00,-2.313762086896591796e+00,2.818328218265488072e+00,-6.271849782798506467e-01,2.576425017363150882e+00,-1.955173777003724522e+00,-2.570795591460731000e+00,3.816885812970675307e+00,1.806022443089495555e+00,1.841154847906765424e+00,1.694097402503456751e+00,-7.876636302707642479e+00,-5.502684255063600816e+00,3.781832416699540733e+00,3.020542170790467384e+00,1.765241176846237048e+00,-4.267989374368447719e-01,3.496810039308870799e+00,-1.628065205147104511e+00,3.161050946071313206e-01,-7.745726018184660333e+00,1.587486151126035860e+00,2.994242477471604214e-01,-2.611536360505518406e+00,3.382641189539307369e+00,-5.725730222699800365e+00,-6.129120254395287182e-01,2.356632788909644560e+00,-7.220941519661472352e-01,5.234947415389039627e-01,-2.485235236849678397e+00,5.898084456500782835e+00,-4.789387543587254825e+00,-2.174399739335840298e+00,-7.007906580607923708e+00,-3.107113905167058210e+00,-1.116535040974967607e+01,-8.970835482476857692e+00,-4.181076554090841668e+00,-2.452392241492040714e+00,-9.633529125530156279e+00,4.834996916818598223e+00,1.195738095497398623e+00,1.142356783099121253e+00,-4.119835343725469556e+00,2.231511100010368676e+00,3.266934024243051571e+00,-6.521055700646758435e-01,-5.448910212591928648e+00,-4.794271848135466918e+00,2.342542329268350709e+00,-2.645151619645107477e+00
5.281244436526934649e+00,0.000000000000000000e+00,-2.022697162054196252e+00,-5.929065505121192681e-01,-1.197787659424669471e+00,1.612194319079966576e+00,5.806570117601080883e-01,2.045802901085549408e+00,-2.168056470274625003e+00,-1.735964086601194722e+00,-1.001142574246729744e+01,-2.760216153309398290e+00,-9.666087325542310538e+00,-1.802684488012020525e+00,3.815214853978317056e+00,-2.099287479983487970e+00,-3.549861034902304979e+00,-4.912676419532177263e+00,-4.415102734711495280e+00,1.005612442496450321e+00,-5.038861646676195960e+00,-2.721599633128153339e+00,-1.118179112676559228e+00,-5.952366099436326330e+00,-4.129174750768275892e+00,-4.041706954658025985e+00,1.530998536265053778e+00,-4.641262472999733824e+00,-2.625523111918790509e-01,-1.535064894298093563e+01,-9.242023979647461474e+00,-6.763276002265294018e+00,-1.046651668600787133e+01,-4.990437690896850853e+00,-3.594559731060324559e+00,6.982296839350181639e-01,3.259787821310661249e-01,-5.880139003987923552e+00,-6.087928506071531132e+00,1.997572132149610269e+00,-8.703910590896934973e-01,-5.710753757636728878e+00,-3.445622065851901561e-01,7.627618505657008718e+00,-1.545025736763054658e+00,8.212484863695016513e-01,-1.776428279200302773e-01,-3.609498864066440049e+00,-4.871365716576437244e+00,-2.653010407327696552e+00,-4.339686309968109890e-01,9.672880767479342667e-01,-4.643631823997481867e+00,8.452913028400780293e-01,-5.773279524459078438e+00,-4.369831295070508936e+00,-1.937695203649157261e+00,-5.655554698143905767e+00,-1.072785010890706658e+00,-7.683494478045298948e+00,-5.853053959631312253e+00,-9.307080915699077472e-01,-8.911949986391137557e+00,7.182919360257939090e+00,-9.747826334158919082e+00,-8.569571373228274780e+00,-7.408788177410175813e+00,-2.203718803900484247e+00,-5.456382484965723201e+00,-7.084947320106217639e+00,-2.769621242202675138e+00,-4.775840765228076990e+00,-2.733311906291100879e+00,1.002280095644672908e+00,3.623939188317504723e+00,4.081099391340850424e+00,7.655638608603311246e-01,-2.103993139025694958e+00,1.011238090929215261e+01,-3.726068844208305197e+00,-1.385373013689315536e-01,-4.468988621183057397e+00,-3.311809529276365183e+00,-2.744575753651271821e+00,-1.968697032665445157e-02,-1.024455308383717345e+01,-1.253626920648144516e+00,-1.614825760705031588e+00,8.639612510879274287e-03,-1.842114391695053865e-01,-6.932384378270944891e-01,-3.677072598532256098e+00,-6.526977886292546494e+00,1.126582410321683492e+00,7.632149636474363064e+00,-2.031632812154440693e+00,-1.759304673314436851e+00,-9.758944401157979343e+00,-1.345584426461714500e+00,-3.043804128338982729e+00
-3.675265643196545362e+00,-2.022697162054196252e+00,0.000000000000000000e+00,7.382144741068229488e-01,2.446223598144686040e+00,-1.072123647617112319e+00,-8.435547120953562628e-01,4.329888396235657133e+00,1.866729442320164578e+00,-1.272042067594626014e+00,-2.144919294711721935e+00,1.028154373981134517e+00,-2.801370067942828168e+00,2.073523441378270160e+00,6.951035871888526785e+00,2.540161970934054825e+00,1.753052344945785990e+00,8.182432482519832462e+00,3.088437680142988029e+00,5.273519840795676927e+00,2.031120117441515216e+00,5.512703885801964354e+00,1.732505144093909433e+00,1.235676496771122457e+00,1.362255113198219680e-01,-3.470772000430751181e+00,8.861817210810526646e+00,-1.138406337338934704e-01,4.854964666706264254e+00,-1.587613747939658593e+00,-2.063996776724103643e+00,-1.141484599175201398e+00,3.949369510316519172e+00,3.253780203767953960e+00,4.996056451806508036e+00,2.987788959961000579e+00,-4.015498686358327518e+00,5.260988820075906069e+00,-4.808585741340487552e+00,-4.786318111316533730e-01,3.980309181072821723e+00,-1.577417287062778950e+00,1.572544738379069162e+00,1.068278464180395915e+01,1.141226394652543608e+00,3.827338594207665423e-01,3.260321610678053261e+00,-3.666299324700734719e+00,4.220872860717811648e+00,-3.532390583793830530e+00,1.133856149322916673e+00,6.487754141935718089e+00,1.833734151884485186e-01,4.675472828392050140e+00,4.246445505832133094e+00,-9.458791688657399721e-01,7.103643764828259322e+00,1.798397460169909756e+00,5.430502401160741677e+00,-1.248860805077902203e+00,-4.415259668564347706e+00,1.452388537349995401e+00,-5.520196095681463966e+00,6.347981854805139434e+00,1.022175757065201696e+00,-5.129947007454928709e+00,-1.020739897260792978e-01,1.359966840014084521e+00,2.813233693181724338e+00,5.058659898207391592e+00,4.338874168989167224e+00,8.133792368581282517e+00,4.778519369204782485e+00,2.781731085240534362e+00,1.426890842279977312e+00,5.917237436344989554e+00,3.572915418615438821e-01,4.945488452435743199e+00,6.776220142522680234e+00,4.934575844558976243e+00,1.222011958808201681e+00,1.109786852187135464e+00,-2.213695843278334241e+00,2.439600248423881901e+00,3.100263395205747674e+00,-7.292740770661304772e+00,2.812917005665492853e-01,-9.381960399993646837e-02,-1.846271650365692851e+00,3.849321395269754698e-01,-6.538564442807973442e+00,8.359362314258730109e+00,-2.723609344676826804e+00,9.093913918790470063e+00,3.491546188781749382e+00,1.329971132199232020e+00,1.803967587353652036e+00,-7.538867917794562779e+00,2.252014283880853007e+00,-1.732615797546259495e+00
-3.203462629715777776e+00,-5.929065505121192681e-01,7.382144741068229488e-01,0.000000000000000000e+00,4.874825068946399220e+00,-2.667897367529862063e+00,-3.643725874261738884e+00,6.921838021762508397e+00,5.256888631598828354e+00,-7.796367559008193560e+00,-1.032634327861369172e+01,-1.009897408597833168e+00,-9.349245178374188114e+00,-2.680952075528197920e+00,-5.298181579310732303e+00,-5.849792161113327005e+00,3.643286133608004462e+00,-6.294571870679002146e+00,-6.764242634018292399e+00,-1.994212824005114459e+00,-1.563950773514560799e+00,3.839587683431945564e+00,-4.028078807410471640e+00,-3.265703786308537637e+00,9.008628267228060427e-01,-5.751035375272375294e-01,-7.990443715770487287e+00,-3.401245201774010685e+00,3.234143710473575073e+00,-7.050777434271723543e+00,-3.187943214367181533e+00,8.947504803419040087e+00,-4.760849139886270259e-03,-4.123581437164892449e+00,-5.351844972970833503e+00,-2.394576028962795977e+00,-3.129266458988098076e+00,4.693194102424059544e+00,-5.475939422348791830e+00,6.006909085489618327e+00,-2.931198807893955927e+00,-5.115732610381462653e-01,3.531396579451237638e+00,-7.522932969235995859e-01,-8.878733020450674474e+00,-4.841832650439314434e-01,-6.393292507858323148e+00,-4.764438904516169693e+00,3.035280605824238087e+00,-5.460153258159929024e+00,5.766855044387351192e+00,1.325533810412629077e+00,-2.254899969404806082e-01,3.245729480557901780e+00,-1.250646188813184567e+00,3.055863747646129225e-01,7.025414424862374219e+00,6.047225126119395888e+00,-1.150683596992299329e-01,-5.023775959900775412e+00,-1.892259686109330485e-01,-1.139521649430950490e+01,3.357100768701646754e+00,1.995299171866529830e+00,-2.111978540738169041e+00,-6.253704631479342524e+00,2.046020491796580298e+00,-4.724839561534876609e+00,-4.591946404378379754e+00,-3.006760524815047297e+00,2.518022696194459620e+00,-3.650370224546203524e+00,-3.238534224965513353e+00,-5.877547527371435265e+00,1.570575316890168827e+00,-1.748973825752551114e+00,-4.073947690665095656e-01,1.236909333130389310e+00,-9.381216602524981241e+00,1.161072024418367876e+00,9.713832881556404564e-01,-4.048716716547169803e+00,-1.243115610367886248e+01,-6.245956624978330041e+00,-4.875641762879415531e+00,-2.093803672169564756e+00,-6.935980454281387431e+00,-7.546985187029621400e+00,-1.092117170067947107e+01,-6.673533125419182532e+00,-5.378523615037558159e+00,-6.935911917660235737e+00,-6.511107270270198866e-01,-6.016009719874702455e+00,7.057605597113811413e+00,-4.564490158973038447e+00,-7.884780498863149800e-01,-5.751059741306381312e+00,-1.939838765100037721e+00,-3.529340749128464516e+00
-2.369516244373862879e+00,-1.197787659424669471e+00,2.446223598144686040e+00,4.874825068946399220e+00,0.000000000000000000e+00,5.005911121062996294e+00,-4.752458671735826812e+00,-4.207001290671039673e-01,-4.655844548536265393e-01,-6.336602549763240333e+00,-5.242757161195523707e+00,-1.393493242709397339e+00,-3.554127585042920145e+00,-9.335457165761622988e+00,-5.953865628426723289e-01,3.254502661728504886e+00,1.000457094693724791e+00,-2.002132515117950984e+00,-4.626714360623671141e+00,3.966721875137395159e+00,-5.965953209592938400e+00,-2.419932860566327726e+00,3.557699852711810440e+00,-3.255609570264240915e+00,-3.558503866836280616e-01,-7.280893440058473054e+00,1.097566263520818985e+00,-4.100757618567225649e+00,2.017720042711410589e+00,-1.245524695720936315e+01,-3.788101508981115195e+00,-6.285936430388389340e+00,-4.125345951889404894e+00,-6.150976885047037435e+00,-9.272111873339822452e+00,5.662744403703303675e+00,-1.907036324186950904e-01,-1.543138905110889691e+00,3.207303664393406639e-01,-5.240049781606267443e-01,-1.282874573220838865e+00,-7.893433681699388860e-01,1.194838777199009661e+00,3.677098497884373707e+00,-2.190479491098157983e+00,1.136481083761706978e+00,2.857362620444773071e+00,-5.765708285278956957e+00,-1.137163257357917123e+00,7.623263727942057866e-01,9.153807126912226977e+00,3.545769699036725786e+00,-1.391958138263590161e+00,-4.275400600542780261e-01,-3.174651667872009142e+00,3.217639983951208205e+00,2.264754491346992360e+00,2.485383188534120158e-01,4.653105778705832307e+00,-3.236724638154019118e+00,-6.055394398623334062e+00,-2.853130778001009116e+00,7.336451903146604003e+00,2.670958108195506497e+00,-3.143267952155573308e+00,-9.159328803595285784e-01,-1.049884839553700822e+00,-3.170132356122982387e+00,-5.078643389914097916e+00,1.497360013644890575e+00,1.327327556825877330e+00,-6.810439410989765463e+00,-3.793365694051177073e+00,7.581869873090418821e+00,-6.255304374775469411e-02,-3.727808284528069560e+00,3.993399412078030841e-01,-2.982259346059857652e+00,2.956065553293172776e+00,-3.784195267800007034e+00,1.587738280990232953e+00,-3.502654886921772182e+00,-8.952015971612016898e+00,-1.506816051386695676e+01,-8.234370556968499955e+00,-9.297760834667545993e+00,5.072499958812440646e+00,-4.817168716545520368e+00,4.429514455916531146e-01,4.989157158061225950e-01,-2.041673763641970396e+00,-3.623333312274426010e+00,-9.063197231169544565e+00,4.803044621360107236e+00,4.325625878834740590e+00,2.435956733821076359e+00,-1.186872472387171529e+00,-1.223383169077792942e+01,3.797367461887237727e+00,2.606951797013902450e+00
1.949484499739004173e+00,1.612194319079966576e+00,-1.072123647617112319e+00,-2.667897367529862063e+00,5.005911121062996294e+00,0.000000000000000000e+00,4.109330881081655340e-01,1.398968426531057574e+00,-5.683645278389922950e+00,6.504849682214741691e+00,-5.215295959968878847e+00,6.623053816700843477e+00,-4.416550621364119245e+00,-4.976027066591282022e+00,-1.424634079487464566e+00,-1.919649900026279221e+00,-3.257757731863322181e+00,-3.398335531961500955e+00,8.461306444877114696e-01,-2.585422453652113983e+00,1.769516132453061719e+00,-5.639307128711498862e+00,4.832873569695032678e+00,-4.276945550804177820e+00,2.178162268667504620e+00,-3.287106157198496970e+00,-1.476434132610132954e-01,1.616807541309185581e+00,-3.094375866725643243e-01,-4.251754858211973520e+00,-3.334181439463948848e+00,-5.994442315172706509e-02,-8.363937458900050359e+00,-8.686229629316050804e+00,-1.236435977296187483e+00,-1.897176589167048011e+00,5.461376334152130418e+00,-4.307327977443501932e-01,-1.094212747416567266e+00,9.457968833286664045e-01,6.837430042630153970e+00,-6.349554458746504260e+00,-6.580126493296371670e+00,-1.188738635771390939e+00,5.025041464800752422e+00,8.212966161250194741e-01,3.958474143176877291e+00,-2.634466866098279514e-01,-4.977982808958952177e+00,8.043177222202590571e+00,-6.724216127455531655e+00,1.372782444630642251e+00,-9.442503856461456069e-01,-6.773366332745904828e-01,-3.695178303595409552e+00,2.058788156769694844e+00,7.782372647886606210e-01,-3.387601578475544772e-01,-1.262980015251725874e+00,2.999297869029373675e+00,9.839115010542709427e-01,1.416698995052674048e+00,-5.856896291986698339e-02,-1.263637488541081932e+00,-2.243542795886176222e+00,-5.512359801456966579e+00,2.055038185462236378e+00,1.040571739278116326e+01,1.412289777260447687e+00,2.959172290548257589e-01,-3.155877562041617068e+00,-6.225476836498033073e+00,6.960207134616677171e-01,-2.087421539829174666e+00,-7.112617925098292382e-01,5.103794968044610414e+00,-5.378342197034718275e+00,-3.193232510960789750e+00,2.704154797776155750e+00,1.835039998680669138e+00,-8.901079151061898065e-01,-2.561651659000053094e+00,-4.517131527020537551e-01,-3.508606799732572057e-01,2.310554756387924513e+00,-8.183722243582586486e+00,6.562491651909134305e+00,-8.197134877864499458e+00,9.194450609061430302e-02,-1.576405076685119422e+00,1.996159179709737996e+00,4.188575901570370519e+00,-2.168665247859863587e+00,5.009148618992722568e+00,5.379456205573385219e+00,-3.394703375565134795e+00,-4.780785532846689279e+00,-7.174785519610641593e+00,-1.586811165620926722e+00,-2.524790504227985455e+00
-9.505947764335029859e+00,5.806570117601080883e-01,-8.435547120953562628e-01,-3.643725874261738884e+00,-4.752458671735826812e+00,4.109330881081655340e-01,0.000000000000000000e+00,5.909123832089789197e+00,6.315151177362587021e+00,3.770860577307865391e+00,-2.433322446095734115e+00,2.172405586312449621e+00,-1.718518832259005036e+00,9.353332406059076121e+00,2.490527972152604796e+00,2.617502130789400860e-01,5.257281051170510366e+00,3.864295832338612513e+00,7.315121117789182392e+00,-2.598586112221706212e+00,2.718379438575597273e+00,4.304472429118320953e+00,8.424068142796238945e+00,-4.648339340010942067e+00,9.645914005757100895e+00,-1.205409460126303234e+00,5.581723596190654391e+00,5.637591043952178360e+00,9.669723205468921279e+00,9.098190741683527261e-01,3.714455503394310298e+00,1.154992438172635438e+01,1.726426180461375193e+00,-8.898133459131036815e-01,2.226103684934048310e+00,1.302939546088196821e+01,6.423500907811495075e+00,6.017241792247896015e+00,-1.468716941324603287e+00,5.388607690533765648e+00,7.114441878039202471e+00,3.231906421241523830e+00,6.591852978738597990e+00,7.566169838058034003e+00,4.170407278331426659e-01,3.644107295934083446e+00,7.932073535189949620e-01,3.661480176046173707e+00,1.069736681663013123e+01,1.158857347645280145e+00,1.828399839913525393e-01,4.878681652663586554e+00,1.457894788097397587e+00,4.563530348774392564e+00,7.664964754999403773e-01,3.553510900253089577e-01,2.352104104705491583e+00,6.807275968369376429e+00,-9.359955531656044547e-01,4.916048621520193507e+00,3.782233643140999746e+00,6.499421895021794127e-01,-2.140891923696345955e+00,4.922039367019015899e+00,4.343265289235007209e+00,-1.978431225062257326e+00,1.300653543654622935e+00,6.843071255031206057e+00,6.247094124977525809e+00,5.953644911299242892e+00,3.320510455681617845e+00,2.555951248363178330e+00,2.030056003126432085e+00,-1.069709224295330330e+00,5.045890565097842284e+00,6.671742233950854306e+00,4.790572933070720296e+00,4.596033480268774341e+00,3.230354349546047832e+00,5.556385873438445699e+00,1.043232910483074605e+01,4.228308388692786579e+00,-5.207145956996746428e+00,2.104671327006846671e+00,6.506611886175449833e+00,1.605871159412817772e-01,5.724082373724796113e+00,-1.878346132577467298e+00,2.551039471151735238e+00,3.909713635260253506e-01,3.157042201090412004e+00,8.020301951384684713e+00,1.141500881103659992e+00,2.622394165678997080e+00,1.675968896359579574e+00,-3.688644420439775584e-01,8.122496711555767135e+00,1.972293900666845623e+00,-3.898496801225712183e+00,3.105271175979823717e+00
8.631863457379217452e-01,2.045802901085549408e+00,4.329888396235657133e+00,6.921838021762508397e+00,-4.207001290671039673e-01,1.398968426531057574e+00,5.909123832089789197e+00,0.000000000000000000e+00,-2.326528968305275891e-01,-4.028296660126506890e-01,-6.843443469202599161e-01,-4.277747375542885422e+00,-2.312721402919291624e-01,2.349691208655389385e+00,-3.819022408115123834e+00,-5.120958277829791072e+00,5.555498533736660249e-01,1.290641874488193785e+00,2.886311141339115593e+00,-9.473098864385230300e+00,-2.001576066003216248e+00,1.899235521199896359e+00,1.839794657726063098e+00,1.632544181916327553e+00,1.506971938408120826e+00,-7.850209587331343108e+00,1.353853451633708627e+00,-3.597541702943440445e+00,1.344604500681878312e+00,-3.996789138001132891e+00,-4.356056372443849689e+00,-3.856586164001547523e+00,-3.282600507542586810e-01,4.815586168749205753e-01,2.213651408978476010e+00,6.090021550194277822e+00,1.312834751576960279e+00,2.626634771653157507e+00,-6.413118750903707976e-01,-3.623282208623684664e+00,-4.359859593885898832e+00,2.888857756143340172e+00,3.309448798162430538e+00,-2.151558779266955490e+00,6.767225862740497533e+00,4.377456708809694952e-01,-1.100839979605786834e+00,-3.051065213465303572e+00,5.280205692895274971e+00,1.449585557143650227e+00,-4.740550444695825760e+00,2.321802151106069356e+00,-5.045712760983048106e+00,-1.014854504995959639e+00,2.499358655253296480e-01,1.866830251056503354e+00,-3.604196057026602396e-01,3.078061635650581440e+00,-2.599184855193604538e+00,-1.198524183855828262e+00,-3.343109747241236107e+00,3.478029352168173549e+00,7.306288481448899863e-02,-9.265599187307423934e-01,7.886824565893385541e-01,4.570560263540358881e-02,-1.790128884338515469e+00,-2.492731636436275267e+00,2.859915813248691818e-01,3.705729859675006121e+00,-1.328485202520951258e+00,-2.970182701378371704e+00,-1.522362080248413241e+00,-3.717767496294102525e+00,-2.639773478555621278e+00,-4.892721961500814842e+00,4.080447656618951813e-02,-1.147859637569117686e+00,-2.551306913301195856e+00,3.637784547570331872e-01,4.037732633437657093e+00,-3.368899596506659488e+00,-1.005728279150972249e+01,8.523593058959744173e-01,-2.113918975483048968e+00,-5.944048937715594505e+00,3.481601848450730952e+00,-6.925524854775050976e+00,-2.044029386041311402e-01,-2.276580436171319555e+00,1.856737701217255898e+00,1.253011297031980442e+00,-1.325533489821755451e+00,-1.708668900377483091e+00,-5.550319858589126909e+00,-6.874649915862443450e+00,4.076083909694897756e+00,-1.091925532721732317e+01,-1.913763834174832867e+00,1.788526636207855569e+00
-3.826790176732425053e+00,-2.168056470274625003e+00,1.866729442320164578e+00,5.256888631598828354e+00,-4.655844548536265393e-01,-5.683645278389922950e+00,6.315151177362587021e+00,-2.326528968305275891e-01,0.000000000000000000e+00,4.586286838713930614e+00,-7.501889863532933411e-01,4.166818174076034609e+00,-2.255889127106033509e+00,4.676890225401227674e+00,1.896009844124013188e+00,2.158959466682098149e+00,-3.040878515588764763e+00,4.923677675518976393e+00,3.008036469392969980e+00,-8.691320319601686384e-01,4.208784411566181660e+00,-1.172504784056412480e-01,5.426482320205816556e+00,-1.809680187736994572e+00,3.062955610458811595e+00,-1.244657715332478265e+00,5.964460188870874369e+00,-4.413696598602982135e+00,3.904033380338483905e+00,-4.938940364213777912e+00,-2.450805597821887893e+00,-3.195173442461936908e+00,-7.595795580455463325e-01,-2.453997002167802033e-01,4.475294409899237102e+00,1.095614039559833941e+00,3.005955953252099189e+00,8.082216805611697197e+00,3.674657170693587549e+00,2.771733593777704563e+00,7.623259262155878346e+00,-3.482690374064556948e+00,4.889526161049684738e+00,-1.423204426659735455e-01,5.038556694923619794e+00,6.906177479236727201e+00,3.964433254105848459e+00,1.389778608755588785e+00,4.375995476853754340e+00,7.576790609202049609e+00,1.332688887227691632e+00,5.914167401513072519e+00,1.670278757942724068e+00,7.459966795385524208e-01,1.526737974756488203e+00,7.406081149320188572e+00,2.621300277585434824e+00,1.767111988837028191e-01,3.883067296350104947e+00,2.180378710732476133e+00,7.731122348218056217e+00,9.588850109229515084e+00,3.236429602386372562e+00,4.409900111967906433e+00,-2.459288327261401341e-01,1.885393679820731361e+00,-1.208030112567623604e+00,3.152803079227898930e+00,-1.707621831159369941e-01,1.238258886223337463e+00,-6.259259888503112546e-01,4.112299712003985697e+00,-3.913449791893186980e+00,-2.874530112405655924e+00,5.948917379098971558e+00,2.038877797434989425e+00,1.721908992725098120e+00,3.223500365644458743e+00,4.092137156578443680e+00,3.146773310782311928e+00,2.207945387333531517e+00,4.103587509826468749e-02,-5.038563056473750912e+00,2.034502642285522800e+00,1.499753197242777558e+00,9.107009708000616044e+00,1.316697130558250439e+00,-1.423364049971812317e+00,-2.938880150145810333e-02,5.715388300479015804e+00,8.286683112160044828e+00,1.076036211551215338e+01,2.620567990281189030e-01,4.084358226133165681e-01,2.687546783114061366e+00,-3.714817116587324719e+00,4.002458243172220875e+00,-2.151760944291374766e+00,-2.600937335346094503e+00,-1.549486901708657216e+00
1.262079752085027096e+00,-1.735964086601194722e+00,-1.272042067594626014e+00,-7.796367559008193560e+00,-6.336602549763240333e+00,6.504849682214741691e+00,3.770860577307865391e+00,-4.028296660126506890e-01,4.586286838713930614e+00,0.000000000000000000e+00,2.105424419648015633e+00,7.141277157504714701e+00,-2.951798125059021505e+00,-1.936445124769606174e+00,3.787683644746780764e+00,-6.461852845886216556e+00,-2.895747521979270545e+00,-2.623173990137276368e-01,2.516201433264798837e+00,-2.968689235152163430e+00,3.886861637243701928e+00,-6.969475750161683969e+00,7.969959378461868305e+00,2.478578833178925578e+00,-4.238442646828509019e+00,-4.292199096088212151e+00,2.912885366534905707e+00,-4.499628043192878124e+00,1.859775577341143737e+00,-4.861019926405866443e+00,-5.859022203927060080e-01,2.425371078326359342e+00,1.934755694325211550e+00,-3.922376353679473127e+00,-3.387076064063468728e+00,-1.000308205896653035e+00,-9.472920485077780395e-01,-2.473784259331358815e+00,9.532382169599358690e+00,6.364613050165158548e+00,7.203068567389008692e+00,6.539083826642501762e+00,9.227258920695863509e+00,2.045251140479166008e+00,4.472471147143622261e+00,6.656514199042070423e+00,8.485911993732095482e+00,-6.034938012482290448e-01,7.834825492086773258e-01,6.604327635069773272e+00,2.114295353938570710e+00,1.984417352449443506e+00,-2.237721251122108401e-01,9.623082180940926378e+00,1.451277244906331809e+00,4.159433143774883490e+00,-2.426894929634593190e+00,-2.277747473366904973e+00,3.247861048522691974e+00,1.242845435207284188e+00,9.234359001609922402e+00,2.825379139793911420e+00,-1.308566377416170656e+00,5.049401235466345561e+00,-2.353926588136360909e+00,-3.588004006499231568e+00,1.530790509073278294e+00,4.169544503146720871e+00,-2.183185663285684086e+00,-3.191083536314462066e+00,-6.759061968819067845e-01,-1.732833422324927763e+00,3.788131579810412042e+00,3.556113216770660390e+00,3.366043954791663850e+00,2.740081600628483383e+00,4.524070379753671045e-03,3.146718890032770499e+00,4.178226594991780729e+00,-3.039691735315003474e+00,-3.576181691857055700e+00,4.508495450041420938e+00,6.539466880369435575e-01,-1.559077494763212446e+00,-6.953649486960384429e+00,-7.902692638503873823e+00,2.668716578212582569e+00,-6.927457659811179225e-01,-1.677701152302971233e+00,-1.802278405108291626e+00,5.215868954405250335e+00,8.243572765657424029e+00,2.939533827049952142e-01,5.035881727053847179e+00,6.555990399825378567e+00,-5.826821628530052699e+00,7.751897836090555494e+00,-1.266971302212376393e+01,-7.658821595306016805e-01,-1.491665099133382633e+00
-7.270399185368212613e+00,-1.001142574246729744e+01,-2.144919294711721935e+00,-1.032634327861369172e+01,-5.242757161195523707e+00,-5.215295959968878847e+00,-2.433322446095734115e+00,-6.843443469202599161e-01,-7.501889863532933411e-01,2.105424419648015633e+00,0.000000000000000000e+00,6.498226983441242055e+00,-4.333663400479242256e+00,-8.966170812924230127e-01,6.034020382310867348e+00,3.511180116981823529e-01,-3.078955795899630754e+00,-6.105921071811825085e-01,1.434697213715151243e+00,3.294582006823413955e+00,1.117370840173119717e+00,-3.667685429765719540e+00,-1.466213288071848808e+00,1.341462586033342064e-01,3.829327651349382355e-01,8.448242152377819281e+00,4.524255644115803499e+00,-1.261680046316178361e+00,1.471558510560664779e+00,-6.790315132278769816e+00,-5.657192703283437929e+00,-3.259742318676353001e+00,6.070215731743589416e+00,-3.934465973017160056e+00,-1.530550228841212723e+00,-1.266908127326346722e+00,4.168796395832027102e+00,6.085926778277484850e+00,7.007319318596476165e+00,4.235931098749796675e+00,6.885516902557208496e+00,1.104795835983074515e+00,-1.462972434815693168e+00,-9.753153750380318954e-01,1.322164208531894580e+01,6.863875109868887492e+00,6.772355999530050852e+00,1.094445774601989996e+01,-4.704988493622694889e+00,1.025394120817037624e+01,7.348152250698646526e+00,5.636880348721550860e+00,-6.644002634127154083e-01,6.154123682059249312e+00,7.606575620713617703e+00,7.284339372884139685e+00,6.618144649242575284e+00,-4.128440831719377702e-01,6.539199111182539603e+00,-5.964803466824050382e+00,2.941753858438437952e+00,1.382099356693133885e+00,6.599975840921271875e+00,4.728529538895958617e-01,-1.079263615659819958e-01,4.156039465194882321e-01,3.881938783956664363e+00,-1.439114339197951731e+00,-4.333232950772512915e+00,1.438870986996885426e+00,5.267020982476544155e+00,-6.009756626071490970e+00,1.329749526088445988e+00,-3.411859962438211546e+00,1.342636075595191869e+01,6.575966469315971175e+00,9.942882282789099690e+00,1.920795014733895023e+00,3.027565161513580350e+00,2.952039646037535325e-01,3.040127928979540428e+00,3.446438171073308521e+00,2.213982508483165024e+00,-4.905725352603331757e+00,4.441539246519202733e-01,-2.149755199560092755e+00,6.510340496274981126e-01,-6.613692390942984556e-01,-1.898111578404116262e+00,8.281915942370430272e+00,-4.702726907483259500e-01,-3.599848584407506991e+00,-2.230631501463476996e-01,-2.004619990945953223e+00,8.756094373895235705e+00,3.089967155227664186e+00,4.432077260647511174e+00,-3.274153812051425749e-01,6.521543413766216268e+00,-2.383360134142678444e+00
2.971170581118843579e+00,-2.760216153309398290e+00,1.028154373981134517e+00,-1.009897408597833168e+00,-1.393493242709397339e+00,6.623053816700843477e+00,2.172405586312449621e+00,-4.277747375542885422e+00,4.166818174076034609e+00,7.141277157504714701e+00,6.498226983441242055e+00,0.000000000000000000e+00,-3.802893579703670035e+00,-2.754304820169113377e+00,-9.724573531646491631e+00,-1.849297059594705139e+00,-1.884565710451026055e+00,-4.991780409788552753e+00,-2.103618328208735289e+00,-8.514828457232006542e+00,-4.003344671484591721e+00,-1.863354989207846257e+00,-3.132749934833225502e+00,-6.779145627135449104e+00,-2.142784707088734919e+00,-9.801885692563337971e-01,-1.109234759321737585e+01,-7.528918279258542512e+00,3.217946428824614014e+00,-6.845582460585390550e+00,-1.277033486956105079e+01,1.884476211519644950e+00,-6.916242345812025683e+00,-1.021106964262853545e+01,-5.840739271193929660e+00,-4.927642765282192805e+00,-8.132166651595419182e+00,5.281089426619566929e+00,-4.237988049529344714e+00,1.272019407871924690e+00,-4.706641956656940629e+00,1.762557929653876698e+00,-1.217446131931126052e+00,-1.301705916833319421e+01,-6.680287806988975063e+00,-4.127657069857916916e+00,8.553455723559296731e-01,-4.006323472845553013e+00,2.632960235213683386e+00,-1.373592315875427738e+00,-1.956862275344090962e+00,-2.956593904294522179e+00,-5.172829278838292133e+00,-7.812303335949960514e-01,-2.059727944683906742e+00,4.106471087609072868e+00,5.835293668977478809e+00,-2.527235305543589217e+00,-5.877294527133485325e+00,7.268381030657790065e-01,-1.668302290625052864e+00,-8.855566041138279942e+00,-7.746360930317431892e-01,4.874821027269750640e-01,-8.904672596393412576e+00,-7.713225531053307549e+00,-2.355651184555546118e-01,1.905768460312504908e+00,-1.577117655599431068e+00,-8.340165674547073138e+00,-3.670400340000085304e+00,-5.238737852003765738e+00,-9.907816149948480700e+00,-7.325172872207184049e+00,-9.088426783329869307e-01,7.878570045185683490e+00,1.427153494856766791e+00,-2.378755900224667652e+00,-7.920050177297305538e+00,-3.053952050744530133e+00,-4.761189232982960817e+00,2.717039519617911125e+00,-7.467846128594464616e+00,-2.953559657147573958e+00,-9.996375553581030360e+00,-2.272815127112695510e+00,-5.892583743281613273e+00,-8.400706229870136710e+00,-1.101700376631907297e+01,-3.340206379641953660e+00,-5.287376346536698968e+00,-7.841892807239146279e+00,7.318493817343904584e-02,4.135979777234028099e+00,-9.045505272628984628e+00,-1.005482294295383383e+01,4.904012212933543502e+00,-5.098048267415846269e+00,6.130310673763202933e-01,-1.906887881383410255e+00
3.091459970014864833e+00,-9.666087325542310538e+00,-2.801370067942828168e+00,-9.349245178374188114e+00,-3.554127585042920145e+00,-4.416550621364119245e+00,-1.718518832259005036e+00,-2.312721402919291624e-01,-2.255889127106033509e+00,-2.951798125059021505e+00,-4.333663400479242256e+00,-3.802893579703670035e+00,0.000000000000000000e+00,-6.163222376231881405e+00,1.483721288068311495e+00,-1.144000919891144941e+00,-5.762451907206487256e-01,-1.728790022036301943e+00,1.409435891002466246e+00,7.248149777728089660e+00,-2.853723725980926718e-01,-7.830816911872424957e-02,2.885447361622700768e+00,-6.174249979520594067e+00,-2.428203160044723141e+00,9.051856117384926570e-01,-2.392942027455938758e-01,1.173039939952539745e+00,3.243627233205090832e+00,-8.441771237129328753e+00,-4.003868892455412443e+00,4.096352347579527375e+00,-6.190999607870639743e+00,-1.088774201007685960e+00,-4.735813833688856667e-01,-2.209162461858205528e+00,-2.659152826348211707e-01,-4.224867862266060037e+00,7.071948179678424040e+00,6.360988328111402801e+00,7.411059066998928913e+00,1.603555081256630155e-01,2.680134008173678417e+00,-2.564681130666468079e+00,-4.521592878081389655e-01,-4.795496007964469287e-01,5.400844648268959602e+00,3.209569322785858159e+00,4.136754687166311228e+00,4.749429748406321039e+00,1.417834474626649577e+00,3.702445345804662225e+00,1.756247197921692704e+00,4.768843069416539571e+00,1.655807946271951936e+00,6.650709014523890517e+00,8.489822057560274970e+00,-9.836856125542180473e-01,-3.836981635097407750e+00,4.031100087627871309e-01,4.859775284036752296e+00,-1.324630216427492568e+00,1.684451659863570594e+00,1.985883561252919094e+00,-4.342640499114810204e+00,-3.452931109807119370e+00,4.431873409872629566e+00,-5.011227495770279594e-01,8.615636493179175126e-01,1.290264029023076686e+00,5.879556358881592892e+00,-1.893981820874799826e+00,5.090669877278056199e-02,-1.971502496102994995e+00,3.945365266635457946e+00,4.700621295286033785e+00,4.973065305242236889e+00,1.920464280457826911e+00,-6.733899981137749791e-01,-4.893363877819250973e+00,3.066784357999607913e+00,2.312186428491801449e-01,2.379204692962991974e+00,-4.628699948180199364e+00,-1.710659213587712779e+00,1.187785911591368704e+00,4.103524087950651378e+00,-6.852368876083913207e+00,-6.507831163417982623e+00,-7.925122343113554457e+00,-2.369454423168774415e+00,-2.018422840862356793e+00,1.545230437256283729e+00,-1.283238522955720828e+00,4.427776084690449587e-01,2.208756539007086239e+00,1.738188866844075031e+00,-6.800901788398927117e+00,1.255147622561092247e+00,-4.040264972124892218e+00
-4.185317306154427541e+00,-1.802684488012020525e+00,2.073523441378270160e+00,-2.680952075528197920e+00,-9.335457165761622988e+00,-4.976027066591282022e+00,9.353332406059076121e+00,2.349691208655389385e+00,4.676890225401227674e+00,-1.936445124769606174e+00,-8.966170812924230127e-01,-2.754304820169113377e+00,-6.163222376231881405e+00,0.000000000000000000e+00,-1.980610753961694170e+00,3.362708952476083368e-01,-5.961488399864101950e+00,4.067843032317380647e+00,2.707446181147323383e+00,-4.853893097350864494e+00,-5.284298684543755620e+00,-2.511852217553775191e+00,1.176573126096505639e+01,-1.099660693222338104e+01,3.855265159767148564e+00,-3.555824271886757870e+00,3.020748384558803679e+00,6.146701726514096631e-01,1.366255867051612505e+00,7.788094618084754339e-01,-1.658089470783158825e+00,-6.897786265066793376e+00,-1.724680313198497572e+00,1.722835000701386843e+00,8.334391679510842366e+00,1.687839803501741232e+00,5.395393105423611502e+00,-2.045178935868348091e+00,7.458451504755595707e+00,1.011042105366399380e+00,8.016507072831290159e+00,8.304900222876160143e+00,4.875015194085887238e+00,2.345982751884113870e+00,3.722566213715624017e-01,1.900273247318166936e+00,1.100419617749680690e+01,6.257441606707778270e+00,4.595887586136574221e+00,5.640373834255747454e+00,8.319677214627295925e+00,9.737705114747917889e+00,-1.017711265993760605e+00,6.739843037406094695e+00,6.278133116221299659e+00,-1.473255471034700781e+00,-3.228602115741229905e+00,-8.927428254723409617e-01,3.978632811904815547e+00,2.066300894909141483e+00,2.835788298000853080e-01,6.187565598092555241e+00,1.601448990470040634e+00,8.512242236723102096e+00,3.055296049950760873e-01,-1.402444403446765797e+00,1.899572805071826631e-01,5.119734207094981393e+00,2.470259937266317873e+00,3.092476753363884168e+00,-9.709601602350716121e+00,4.646498029087264392e+00,9.824333482472321633e-01,-1.108292371611812460e-02,6.536750600274082501e+00,5.136582612449533958e-01,-2.405438709246182416e+00,4.237067366125024215e+00,7.425539957255204548e+00,-3.558153805382284318e+00,1.186623114926050215e+00,4.761333057760224641e+00,3.917238665911208173e+00,3.550450616988865882e+00,-4.076837472928889206e+00,2.880276095188201602e+00,4.854168523268051594e+00,-2.675470991069640814e+00,1.016461844871620279e+00,7.847361946064981275e+00,-8.866588428912300923e-01,5.625110639240578081e+00,-1.956549706964445967e+00,7.221592762910492347e+00,-9.873583445368087075e-01,-2.198310845566101346e+00,3.318695879585379149e+00,7.940082377882502485e-01,-5.596790143377583959e+00,-5.496571712062404691e-01
1.996526429271275660e+00,3.815214853978317056e+00,6.951035871888526785e+00,-5.298181579310732303e+00,-5.953865628426723289e-01,-1.424634079487464566e+00,2.490527972152604796e+00,-3.819022408115123834e+00,1.896009844124013188e+00,3.787683644746780764e+00,6.034020382310867348e+00,-9.724573531646491631e+00,1.483721288068311495e+00,-1.980610753961694170e+00,0.000000000000000000e+00,2.133268459779293469e+00,-7.107917282510609169e+00,5.688207848136538070e-02,3.037455696661452098e+00,-3.548877119079335341e+00,-4.077371462627302101e+00,-6.521571171893960184e+00,7.384353346401296925e+00,-2.418102315372555822e+00,4.966681204091810464e+00,1.609779841129629574e+00,3.665223872823267559e+00,1.049028332071205938e+00,8.917331959535514940e+00,-2.625981295171809116e+00,-6.688018699714729287e+00,5.017732559405132520e+00,9.756493795739556996e-01,-4.345726026031678124e+00,-8.112644688835523255e+00,1.305194769114855546e+00,-1.670585269224969860e+00,1.658581887761915175e-01,1.628338273083274057e+00,2.332456380375784288e+00,5.592643226879097540e+00,3.982790036634973330e+00,1.132662955464524446e+00,-7.912626070048147664e-01,3.398614774424631335e+00,2.181583345997639256e+00,3.117819997043609348e+00,2.311380060337966391e+00,-7.643309529450540429e-01,4.408495502001255062e+00,-1.455151017896145982e+00,6.834252420784831195e+00,1.985593013929946693e+00,7.215964945255093355e+00,1.787318493093864591e+00,3.221897157872535278e+00,-5.069462713032816259e-01,-7.128910069008450590e-01,3.738461933005329918e+00,5.631860149134988447e+00,-5.741915291273387290e+00,4.238738418521369233e+00,3.781451620661608892e+00,-2.253464357764913384e+00,-2.691989703431140191e-01,-3.132231392607191633e+00,-1.596405469879696559e+00,2.110493831043908308e+00,-1.051599199536785045e+00,4.185721797151018997e+00,3.506498043254058672e+00,3.330764035143544799e+00,2.487055869452992507e+00,6.345985269872430834e+00,3.655911259473345165e+00,9.962981647269429919e-01,2.787066409188821758e+00,-5.362033078570526134e-01,-1.813882734059112156e+00,-7.433566635021847446e+00,4.884600382977299482e+00,2.196773969277967975e+00,3.393058669314656939e-01,5.690346426778343236e-01,-4.392789536440308673e+00,-4.369536272136752331e+00,5.624414773817002278e+00,-5.182786550780729584e+00,7.897517352779075850e+00,3.782251380724941825e+00,2.104916575933414968e+00,-8.933231673945095652e-01,4.577581663166824910e+00,7.658792769884399831e+00,1.440421993804160472e+00,-2.330658889174438198e+00,9.794121636647721729e+00,-5.432538965412433640e+00,-3.324057415841256691e-01,-3.353663189195296823e+00
