0,1,2,3,4,5,6,7,8,9,10,11,12,13,14,15,16,17,18,19,20,21,22,23,24,25,26,27,28,29,30,31,32,33,34,35,36,37,38,39,40,41,42,43,44,45,46,47,48,49,50,51,52,53,54,55,56,57,58,59,60,61,62,63,64,65,66,67,68,69,70,71,72,73,74,75,76,77,78,79,80,81,82,83,84,85,86,87,88,89,90,91,92,93,94,95,96,97,98,99
0.0,3.301113572232436,-8.944060270610171,0.5411216044754945,-5.72395570085111,-1.9704944222901537,-1.056233739819624,-6.261395091695181,-7.406449275173298,-6.699559813310882,-8.875458669279793,-5.310063590127728,-6.743386934933286,-2.78517612293832,-3.450140029462079,-3.8640258214647254,0.6240526268312107,-7.220318426664878,-4.6619583109133345,-7.4645618564117315,-5.904122945673878,-2.1949151714068615,-1.6153223017814156,-11.870970347998776,-5.942967151011364,-10.983568788707473,2.9997186756151115,-4.012204841772351,-12.25041785928568,-0.6272956524393423,-9.360739789470305,-10.602966483697404,-6.162664133949225,2.148796633009004,1.3171383294060073,-4.567680433508428,-3.2913076732405293,-3.3372284779196355,1.4289054480550332,-3.1491529250689734,-3.439107945835549,-9.747050892243392,-2.5098691530018993,-1.4197196443668254,-2.7687424515383103,-1.105322956850024,-0.6648819055255523,0.7855871326299902,-4.352187379853668,1.748009088694478,-9.24777731890739,0.6366470863489012,-5.580258181996712,-2.7402599046731377,-3.4018518874993706,1.6778471820979917,-6.5317346550633,0.5385965939131164,-8.834057576092286,-0.5687466340259926,-8.967284877370943,-10.866795251574764,-3.3641907401611624,0.5756020462152774,-1.6292273011558556,-4.191870490965709,-1.3732512524358091,-4.495268439584824,-8.061599366900998,-4.594945506308097,-8.688795982523974,-9.289710682059232,-2.288426743171053,-7.2877405536077955,-9.981789345414152,-7.591334273182318,-13.449914824339576,-4.191575358596466,-4.443458260157048,-3.714838909861129,-8.335413470778201,-5.098239100111307,-3.972853827141512,-6.060534047144417,-6.341635530540242,-6.731344243674566,-0.3482315150824459,-3.2429820266566822,-1.0803541305108415,-5.037615865912164,-0.5468318589123916,-4.247997089404801,-7.969820402614222,-6.776000398042523,-12.47309852689654,-0.9697971788021853,-1.5675283167429828,-5.990827490478979,-5.993120752821806,0.4584769577101952
3.301113572232436,0.0,-5.538322701192506,0.0133464381090019,-6.746175208419106,-1.547388150518304,-1.853438226512908,1.9955987395887649,-2.1269105040361422,-0.09518603825176282,-2.331623909782558,-2.4193983252038476,-0.9159702467263892,-0.0887936818793938,-1.7768368278637692,-2.078147644497327,-1.6948428875508967,2.6635808182024854,4.652617537564129,-5.0503866960907455,4.28045997291549,-7.427209405247696,0.18456160588122753,-1.8759662792061975,-8.930243828386836,-1.3392780660789763,-1.5007776512476076,0.7804403696785808,0.7128150062867545,1.5854711738840388,4.719710801393965,-0.13355526838929482,-0.9691867656885198,-6.571418488905583,1.2207587788312737,4.522399824582352,3.949962696075372,-9.669672659059632,0.2528676412766352,-3.571462360115204,-4.731329653426961,-0.3273845290427355,2.757240402168167,-1.8493561449140243,6.775334175174448,3.4144993503027714,-2.4982850889390567,-3.5405350312781265,-2.061207647349676,2.3541501780563885,7.867409653498541,-0.9522499146430384,-4.538968723797181,-1.5731075453785934,-3.910621726180268,-7.441156502042704,-1.1360498959644403,-2.6336853647021634,-1.7346723317149015,-5.738356940622343,-1.4290958018087565,1.615342618449089,-0.3468044076655986,-0.5927265749900092,2.5797316370203047,0.020275526781933784,0.5632144788865109,2.4596082608749965,-3.022361463577408,1.2425931272022677,3.496875980559065,1.5499059534687836,5.59705235638286,-4.659495284882941,-2.0961427647067454,-2.38098327893337,1.9852068089048425,-2.921658878984738,9.193215074764458,5.140487365689505,-4.6692954597746175,0.560768568072564,5.883825842642763,-4.6892512187759365,2.317820399662456,-2.76932853232715,1.5949398115965692,0.41386175837265055,3.3204934584368746,-1.4706698211328233,3.4167574722491527,-1.9754455017130683,-3.141068422961221,3.0829072664090504,1.626909822596195,-2.2954732091753582,0.24323769568335257,-0.39087980994730975,3.739192392944685,-1.0451941016311668
-8.944060270610171,-5.538322701192506,0.0,7.727953606424443,-0.4523793589202665,1.843514758239264,-1.644801113696709,-1.9212039308403708,1.1730232939258232,-0.6695690307173774,-4.103461080164485,1.43702868910655,-2.9660998080914776,-1.68541956289586,2.1174586463340064,-3.032252163760518,-2.3810788734298782,5.944946724753931,-1.2956418290282274,-0.7063009463274267,8.129561747369232,-0.4168617973143479,-3.046625580040712,-1.6991778688941657,0.016327753859166377,1.108545888287218,-8.625052830847737,-5.335693819275838,2.7651662922242903,-0.7173146461160568,-1.0027882953201823,3.396426284138652,-7.442521393432463,-3.0686399739305985,2.1819572563119194,-2.3288338404233446,-0.5206994525309222,-7.657965112310448,-2.1932998728471675,-15.293876598072275,-3.744753974448732,-3.589546233823093,-1.9526971629796717,2.864604287467905,1.8146498848981107,-2.704246482453523,0.6078831656591299,3.827964225365779,0.04172778111626053,6.55773636821204,-6.203647411947881,-0.2969382345334835,0.7180415816367529,-3.6249155627274128,3.612668482091356,-0.29254310994503285,0.8784030517124781,0.6402020245711478,1.1870415917214625,-0.18276030190966164,6.22360349746392,-1.3914401514747763,-1.315500562941164,2.2249236718314,-1.0972786521196503,3.664541961242009,-5.25615911503208,7.021806920295027,3.376908636553841,-2.5322690474580325,4.739325896488236,-0.2571454657171328,4.814084994779046,-5.023553278726873,0.05468319488089093,-0.6159810378733863,-0.7333369377262908,-0.7559448548484029,4.29976649330849,-2.9806414426768444,-3.451263973008956,-1.3644317278148939,3.0139560358696404,1.5284003151996752,-6.448147979847368,-8.114230949414194,-4.943794229012914,-4.549351715372829,-8.75317002511946,-5.506052291590013,0.4876531517078131,-1.5666908947479947,0.004615846714919991,-2.7921298911163808,-3.7348497407735546,-1.2544039398767648,0.8279493574692266,-2.4330519253702034,-3.3517211799724422,8.310412033135414
0.5411216044754945,0.0133464381090019,7.727953606424443,0.0,-9.625281643897882,-0.1554341025445281,-0.09326950872221285,1.603575615832871,-1.331873167035863,4.061394966151718,-4.032852607865881,0.7514226519661972,-0.8863151833214988,3.7628662337605534,2.321462569404736,0.5361582053512292,0.3868826334775737,1.9720717285678708,5.311850537740976,-5.0246456491463825,7.3017658379885555,-1.077404404585799,0.790397252191728,-0.15975201398259065,-4.782370820583424,-3.137553481869139,1.9993982852769336,1.88072345800986,3.0105677346726085,3.4847678580405548,-0.708625587969763,-3.943068717605807,-1.927030993522276,-5.023731755998227,4.317083622119691,0.6893410606155856,4.551320078665358,-7.637983137707892,-0.5376154843895589,-2.840912457047557,-3.5110298251395045,2.1593603465951654,4.549364904050344,-4.36358021430567,1.6457220617006123,3.8584599235939065,-2.168727513765779,-2.7178135622078443,-0.3824124330606949,-1.451866283706282,4.252082554038123,2.730193792438453,-3.4076804249937815,-1.5492802234825835,-3.6678736597523054,-4.853679561374796,-3.054302824506564,-3.135186405355272,4.464796501068646,-0.6148255082171261,4.040263883816971,-1.292973821548851,2.7796505770147615,3.1878091757629567,8.150036123523165,2.046343233003681,-0.5558631176364479,0.510787533680263,1.7952756887912176,2.746651199921519,5.354543090016672,1.1062042645528243,6.054775195722941,-2.9158924372604726,1.1677347540792162,-4.436811573194444,0.8700745935932238,0.27530034239589507,7.892103836045489,5.661809625276198,-0.7746828811428722,-2.3183700543097956,5.453198904849465,-6.631122780302165,0.8870771084567565,-3.1213921692209805,-1.4297731207197877,-4.342934904739095,0.01171169818512524,-5.34888660214328,-0.21006837675574647,1.3087470962905603,-10.792677757710516,0.8227698906719921,-0.41659365517097974,-3.9481355235569833,-1.5806646875870087,-0.742701031327793,6.190972581143703,-2.764834727797549
-5.72395570085111,-6.746175208419106,-0.4523793589202665,-9.625281643897882,0.0,8.047457410575108,7.384665008147149,5.859178443278018,5.694204409074239,3.402346885085416,-4.254995392161828,5.782209719142551,2.9877622068468823,2.032954308442469,7.512998088079894,1.1452245844506903,1.0770524732438864,6.307748952315904,4.8578419965954,2.177103331150714,8.122909209736365,-1.964921545315493,4.030667640397192,5.31540954907741,1.1183758578011747,4.785887866334111,-1.183418509911841,-5.29977544254074,7.566775631931674,1.6761857389285635,-2.046878235999257,-4.011796006219609,0.7580287888494883,0.7880737686952224,0.5229841575728247,7.60962266348513,1.2626575430720552,-1.3305685826341445,-2.270835226638563,2.3027399364204126,-1.9752198579570612,3.8129346467698073,4.514026605437569,-4.272232534650168,3.951138990617084,0.35830951166921404,3.4541445788884126,0.0037191782531876614,5.808586230464187,-1.129638171835769,-1.0774227836802663,4.460315247787158,3.493135873898874,4.758171512784446,5.158810496932462,5.039762404332838,-1.9755468293728704,-0.3832845126005878,8.075980111715406,-0.7334179053252333,-1.2507815443993988,3.068307367383804,4.743479859500895,5.9788372665482505,7.616776871903027,8.033086360327852,1.2182933034930319,8.76695978638473,10.469092444280284,6.254284719339728,10.266632347001188,5.579474308203896,6.606769379968704,3.536132439897085,-0.19125682677931513,-5.511564734978921,4.484293929153802,2.5030790790513224,3.309121962427298,-2.108022278997811,8.571744756257578,-2.9137723235914685,3.984870405884166,4.557306815990085,6.014771737593249,4.137342355914141,-6.110151393377328,0.9144104134883646,-1.5466148085805487,-0.8570712865434084,-5.9098692409080495,-5.113504799387201,3.3966601232817006,-0.9448687044939295,3.353199811815222,-2.241089685018242,2.486352809931285,5.1908843687202895,1.4629238088008159,0.4024987457737141
-1.9704944222901537,-1.547388150518304,1.843514758239264,-0.1554341025445281,8.047457410575108,0.0,-2.730616341522457,4.685285357143955,-4.172369289988208,2.371355781232927,-4.219318292102259,-0.8418015648821555,-5.5784859875577,-0.06727020282851706,-1.7530974667328678,-3.190975568045685,-5.355411950563608,2.3415059944867638,-4.5762215715167045,-3.2696891331820535,4.075496551213053,-5.255105282555803,1.186046994640095,-0.7928285907496098,3.950334822528903,2.0079942566225037,-0.9354945318279296,-5.118947355853127,2.795199837817115,4.151865292256277,1.6535665231508088,-1.4859126436723131,-2.8035804612542488,-9.120327107974392,1.9163906078321753,-3.8810828605883887,0.519852364111868,-3.3811340455141887,3.7138230762407938,-4.162607970271051,-6.391067482174773,2.017923567802919,7.370445337221962,-7.094147516128181,3.8156833471277087,-3.4662110143307427,-4.57361933195202,1.8555929343642097,-1.5320180194191575,0.24160886386328412,-2.9536512870127485,8.000172428497658,-1.5892096059624163,-4.810825341857858,3.111270837172461,-4.835980035107013,5.391847047467474,2.0819616556109604,8.991101560211945,-2.89598273747373,-0.6656492816666943,-7.104331174414574,7.8778451791606,-0.7389049515902046,4.24163700205215,2.705912554532304,-2.050580312254681,-0.24985358768176216,-3.0014785655938305,-2.1691186216233262,0.8331023331776307,4.003787041825804,1.01031201937002,1.8894223132472263,1.772110144727434,-5.837734020565344,-0.24421201840255807,3.7885531152198326,7.714462018139144,0.07151938469961452,-6.59824450409669,-5.861707874604456,14.897070704061248,-1.9283271904177284,-2.9094237682158064,-1.5090008556498584,-2.482921452702885,-7.564343505111705,-3.593569135939274,-6.829083268697342,-3.3340975838720754,0.7660878120193475,-1.9268819332280085,1.2680806024080384,-0.0737424775298513,-6.461432553769015,-1.7471465114599511,-3.584163174710433,-1.873702177509782,-3.2577006148391754
-1.056233739819624,-1.853438226512908,-1.644801113696709,-0.09326950872221285,7.384665008147149,-2.730616341522457,0.0,1.3745969358504435,1.4999688885023734,3.0576902824812224,-6.892196576636824,-0.9044037683668675,1.0059087775427356,-0.027248530197212684,3.2771287612428712,0.7074534428056948,0.4944632255254908,0.013583822727524703,-3.27777709611966,-0.06840759189549821,-0.557360806957275,4.7975650305945905,2.513184752390059,-3.0604593065038928,5.464115203012877,-6.632223836588885,2.3432987001188446,-2.8043998603721128,3.9703319254719815,1.3192908146621327,1.4288723558471288,-1.6956219078970483,-0.110407619853755,1.5859829826234366,7.118889259145235,-2.6332479440646366,-0.11858651195853216,3.0405693972304166,3.092958630943524,1.6470750337967863,0.05610325215649426,-0.906518831692584,1.3264475579111044,-0.20837064502243585,-0.6693153254823483,-0.3532159945247243,-4.275508191371547,-4.124981238281052,-1.604118138277648,-1.8261212834287597,-0.30802766110598245,-3.9676510617521648,-3.1072683502760894,-0.24739465136622305,4.585909234817337,0.5310414658326161,-1.0848975627569364,-0.2515979933763507,2.207984666806924,8.212583466993895,0.9895240500015936,-2.322241011566329,3.5149290255741663,-5.648562688180828,5.172760781980788,-0.5910196702487854,7.698097659317661,-0.5870303683046652,-1.85352968520526,-1.2447415649666411,-0.9062766023106796,-2.284268027481922,-1.8331328891821803,3.032838921052583,-3.3915729498376312,3.0489349811860023,-1.55803739393214,0.46185914189957583,-0.8268980865569568,3.521771105744134,-1.5427286955724508,-2.1310789826757324,0.4317659222871634,-3.597734371511108,-0.05724015372606815,-8.005511258179233,-3.789416983395899,0.10878499894285514,4.695920326294021,-3.985759566626064,1.3541514257424996,1.5430291443616628,7.188276651272941,-1.6560960861170266,-0.9279765566082496,3.154042835601605,2.8656499843822245,1.120700023345789,-0.25779790774363814,6.538496804725257
-6.261395091695181,1.9955987395887649,-1.9212039308403708,1.603575615832871,5.859178443278018,4.685285357143955,1.3745969358504435,0.0,-3.332615711791524,-8.01834060687803,-4.402568383748804,-3.637820013961011,-4.674685286240876,-6.930912603671899,-8.356715547986257,-2.6990080053428778,-9.267223371948399,-0.7323056461971662,-7.0390767521295805,-7.788545720619561,-6.418594785405062,-1.540225038155414,-4.1599504352587,-11.011616991541967,0.24216825242947493,-6.942174397858129,-3.012752728938904,-6.151311070170774,-8.583134487065418,-1.3481392653154955,-6.249822876943412,-4.9289768205944045,-6.851408894210381,-5.338364007249727,-4.538618300772228,-9.68912560492872,6.502082421481874,6.236865091657136,0.2492405725441528,-0.6480859775344137,-1.0850152958971968,-6.4765730137339474,-1.917766887096864,-3.375790505492201,-0.3593698162343928,-6.702960630704844,-9.966374711955218,-10.99665096952301,-5.203661595043293,2.907458596888603,-0.04338541205061729,-6.955623192379617,-0.2316482799835889,-6.2042172840843035,4.887143378439768,7.924098320965781,-2.9397625027058294,0.8772190013863361,-10.690391704639364,1.6773195418026587,-5.459392973501281,-8.42838153112862,-4.243630140765499,-10.251055441337888,-6.703722809777863,-3.4065548786239,-4.381291472808488,-1.957485284690772,-3.6472315165368103,-1.1494260949975728,-5.042338204417105,-9.526245813226941,-4.656692015810224,1.074701151880782,-4.741090127482106,-0.1037132838439711,-5.12260114772037,-3.168638667210227,-6.401897098098078,-0.1393396015175371,-9.513993588855891,-0.7930381039190592,-0.1431117584519991,-1.2543224878361956,-6.057387590302697,0.40929164148070735,-1.7553850080040716,-2.5370917290515966,-4.946632878327879,-11.80678695881367,-9.420720003946313,-11.717955367221297,6.443510365994197,-5.827842281819582,-0.4812726001325876,-0.30444689725345814,-4.954421787194634,-12.08895256978984,-11.144222899648655,2.726247812948284
-7.406449275173298,-2.1269105040361422,1.1730232939258232,-1.331873167035863,5.694204409074239,-4.172369289988208,1.4999688885023734,-3.332615711791524,0.0,-3.9134371794077647,-8.854059564868065,-0.3033460557356827,-2.8954196431361847,0.6542512797877988,-0.875526415387848,1.8682008443985747,-1.0059326142430416,2.294689000415276,-8.461181077163745,2.1300573692198124,-1.6039438032896451,-3.7704924213959754,1.6167805227443737,-5.32738670695118,-4.267301977240731,-0.39464830113254384,-2.0526231793453844,0.7465196768966103,0.2090808705960288,2.416927931416827,-0.5114151130986188,3.837664991803356,-2.3592790804775,1.1235770685286839,-0.12495195828464815,-2.1895667837507404,0.9361029532593615,-3.508759184168544,3.1465412552247414,-4.028918344743661,-1.7301276401572947,-7.688704582714657,3.684935321489196,-0.3663461027457225,-3.9079006332211295,-4.248366270528996,-3.383219479321945,-0.7423967231522296,-4.041421500682149,-1.8379065080280783,1.1967772697398895,-2.1990752831261897,1.3305151728082405,-3.6508224695521374,0.5403340522563114,2.4648878366679194,-2.679924969616688,-0.2553509875477956,5.586512793925351,-0.6989840558180369,-8.244171074669184,-5.137688467416708,0.4334626504682884,-1.418606827194334,-0.4882091142715649,-1.8770173318926848,3.8404120393562424,-2.1174334146026945,-3.3762708488446784,1.76916169337132,0.10140807814364348,-3.528616216316377,-2.343108941224161,3.746925065691832,-6.859311032307878,-8.312808437328886,1.835481662648888,-0.7251061527161737,3.6428116689967585,0.5857083698257384,-0.8914189829278183,-1.3608532009662944,2.805251452865776,3.7018894691697297,-0.5647235320308068,-6.595838843514446,-5.540237498256032,1.575372049280072,-2.5401969544964285,0.2021040750093448,4.829461675869389,-9.743956417884938,4.768334240179662,4.905137987187388,1.1457424461021435,3.296061620253219,0.7931114309539709,1.7242658080247888,-1.3836311465585955,-2.771327171150573
-6.699559813310882,-0.09518603825176282,-0.6695690307173774,4.061394966151718,3.402346885085416,2.371355781232927,3.0576902824812224,-8.01834060687803,-3.9134371794077647,0.0,-2.527324989865483,-3.437579287867716,-0.7322554576850998,-2.776313154056789,-4.125183065821832,0.051259247046547246,-4.187177956770062,-1.2252251963964507,-3.1182702507054705,-2.683944670253625,-0.46172625744784934,-1.475053044934986,-1.8287842937958456,-5.682223257632116,-5.408922751100935,-6.0499899821543615,-8.349770773934198,-3.586508730948774,-1.2650700780284596,1.9048390624357727,3.833668711067004,2.331358172523589,-10.517595144519488,-3.516125378170598,-8.871898632128003,-0.9457484926539277,-0.7701056520830739,-6.689799138299012,-2.906238467050904,-3.4094833640596165,-2.4079848982510264,-3.1535052576918434,-2.07867884854791,-5.72614535988192,-8.011783813738374,-6.813394414725948,-7.7643817169034355,-5.943761427899728,-4.41237176300216,-4.801357195307312,4.667715085224828,0.2499705434664382,1.6396773540880725,-9.893611544562868,-3.707423607504464,0.6594648938608914,-4.123925829405101,-2.706305651679209,4.231632888588996,-3.3858560084500087,-0.45045139162925135,0.9339683241934701,-6.396858507890498,-5.404072188335695,4.748103294045403,-3.478963936181416,-8.395146738395823,-2.905965867258632,-0.320697923874357,-0.07135748708274295,1.2352100402299586,-1.4337120561977756,2.647128002603315,-6.9420630280117965,-4.59493094828467,-6.68986262047928,2.8886082733491807,-1.625673034851922,-4.926216501010461,4.059585794512918,-1.9748033949501889,2.0536394148959065,-0.4198010372772792,-1.9096458634823024,-6.112066117181148,-8.38290271420997,0.14621592560069782,0.597206568427787,-7.520059876832536,-0.14981987095479463,1.741514200117988,-10.505472407430004,3.983119906513757,4.444912712079828,-4.93126418489718,-6.815348503748663,-4.403770882315087,-5.306564343756232,0.19365842368878575,-8.134309789125894
-8.875458669279793,-2.331623909782558,-4.103461080164485,-4.032852607865881,-4.254995392161828,-4.219318292102259,-6.892196576636824,-4.402568383748804,-8.854059564868065,-2.527324989865483,0.0,3.680601668065143,1.5641497184165987,0.7597381237065934,6.002693562726148,5.225465553854659,4.982679064221824,1.1470228792072734,6.846792533117785,9.5504296613048,2.737982613734661,14.012944428157208,4.141633606751413,2.1826456231229536,2.7466086768423406,6.03468306257487,0.6684721892507861,-0.18372684086077537,9.888400823002334,-1.7812231932820943,0.341608488312839,-1.061042699189757,0.07071314011343953,11.548923289495283,4.878666262379661,5.282954955225264,9.307913064997832,5.562281825088228,0.4693650766190688,4.860697296255427,1.5885710761259115,4.638169077029008,2.430282182229652,3.208613325010775,1.9937672186158952,-1.3913587474696871,8.541271859540858,0.7869963152390026,3.3283979278794478,3.358428567587889,5.927436998784568,-5.943688220868609,-1.09995381610112,1.7754598301949356,4.300806360598797,2.572045030066639,0.22871029855016864,5.25356872188108,8.280245288840115,7.486614153069872,1.1744917883462915,1.6135040136168537,0.3552771610369352,2.987585525992909,8.057869847920799,5.5391805780772785,5.0172455460191285,6.3116518731259035,7.968610468941574,5.83357816164192,3.615270081408181,4.853863573604852,3.2328780660994685,5.974579094436328,0.4394305501354384,-1.4297140738905152,9.246768005184249,-0.5528073774224003,-2.8380199932608914,3.845727032460703,10.195354265069016,6.2114508423483,0.43709959323417574,5.663501881195045,2.7246702910416865,3.4714679708316902,5.298366088869637,7.52163523580104,2.6864842471776895,12.678218747264712,-2.0554257805198057,6.486867775563045,6.995491984132885,0.3611696087720772,7.1559633055869725,2.4668239625562647,4.5401748838889615,2.2626718473845715,5.163545829813477,3.0764638441204673
-5.310063590127728,-2.4193983252038476,1.43702868910655,0.7514226519661972,5.782209719142551,-0.8418015648821555,-0.9044037683668675,-3.637820013961011,-0.3033460557356827,-3.437579287867716,3.680601668065143,0.0,0.7218010017283866,-1.4041427857473812,4.375923445053848,-0.7283033793084083,-1.6484228804542906,-0.8840305885295374,1.7830714294644143,-4.162738243475856,3.965246267844656,-0.7001999931849037,2.6558621573021015,-1.4851640515474507,0.3781720908757795,-1.2169525531961325,-3.8596130928293833,-2.613568753194599,3.7888793864919568,-1.7969762443718158,-1.0078293936181089,-0.34396094700519536,-4.381929634283711,-3.378464804691987,-5.269259824589805,0.9679531469350515,-0.7512853179541414,-4.298704745381217,-5.2052157064817886,1.5278909168220491,1.1923641768554976,-2.664501875501427,-2.4190936562915666,0.5973422530035806,-10.193218567564655,-3.104709715591417,-3.155225914708814,-1.352452143656904,1.5964951350807135,-6.193065247499546,7.912110528457184,-2.8593304609172487,-6.9839026240707485,-5.513604463206214,-1.4814511124641923,0.06401976790195917,-0.4191073174863668,-0.526119751502183,5.22518372885896,2.476321630448048,0.8274020931634848,1.3772559148424923,-4.719633861290252,-7.329617270530888,0.527744849859666,0.39893442941631657,-1.487516475569336,-7.906286303183855,-6.441716471386074,-0.012331433982853149,-0.7362191336871157,-0.05202704803939945,1.484261892123533,-4.920366467645858,-3.870561659468674,2.026488703148654,5.378110654588314,-2.128122379386239,-2.569161028880661,8.010960544708517,-4.43221352508523,0.6836788498707329,-4.385293367065377,-6.373256331611651,-2.640086864163973,-13.752207307977669,-7.273961194676776,-0.08382943540117278,-8.167139244095752,2.3015956167590925,-0.08783420793086154,0.4443120114214502,-2.8454440037858526,4.23471921593026,-3.5706523812595368,-3.798437872186145,-4.496084001086032,-0.40524458616335635,5.364282358038298,-7.272598298408102
-6.743386934933286,-0.9159702467263892,-2.9660998080914776,-0.8863151833214988,2.9877622068468823,-5.5784859875577,1.0059087775427356,-4.674685286240876,-2.8954196431361847,-0.7322554576850998,1.5641497184165987,0.7218010017283866,0.0,-3.0944691574856638,-1.4569107204075071,3.0382988425965056,1.1580542588287868,1.3762841537639738,-3.706138289897355,-2.63642800210488,3.3904626078736766,3.3408374448951177,-5.723523601867541,-2.2063601809491167,0.25382315474871453,4.147962378822852,-5.2920531022622335,-6.971631015381534,6.060284745233202,-4.32452334215079,-2.1199687200177393,0.816289424397361,2.0292877054321634,-4.006698339063276,3.541063897266504,-2.009529441762075,5.457140366323338,0.02469344381558949,2.92082395891861,2.744595393369124,-1.5547928918636815,2.934563193014396,-0.1626448408476149,-4.331463432296945,-0.5110966366437699,-2.3910455701026407,0.07476352350903678,-5.31239129528029,3.8970202542909784,-0.511584194209688,11.488562631340612,6.682675222840452,-0.5941249778829493,-2.5894975812568934,4.919375922342407,0.23350248464056145,-1.1141309145074991,0.19204949602465143,9.909226801218157,4.3022735691005725,4.606833324604406,1.4063412496252372,2.79349157223759,0.07038246578156687,1.416584499381246,0.6981263790236217,2.4218798868480924,-1.9560347268726648,1.8886691841055456,3.3596769663866017,1.1903101801737164,2.988600539181203,-3.3530829444833414,-1.6408826092777102,0.5920372353696972,-1.4326528215837624,7.821569290100847,-0.9352563648853257,-1.6122117832377567,8.810467156529851,-6.431313634641459,2.7058353575750287,2.766314060038703,-0.09992550758358253,0.43256058497615935,-1.10105643631267,5.170070472486453,-4.5115482371378315,-5.484238852479516,-2.3804004890770405,-2.565416459830382,1.8306453501046924,0.8620269524145374,4.258150025927528,-0.35277777794284604,-2.340113953409483,-1.5555432728369158,-2.4250707553881248,6.625001601314861,0.008500835100651355
-2.78517612293832,-0.0887936818793938,-1.68541956289586,3.7628662337605534,2.032954308442469,-0.06727020282851706,-0.027248530197212684,-6.930912603671899,0.6542512797877988,-2.776313154056789,0.7597381237065934,-1.4041427857473812,-3.0944691574856638,0.0,-1.140419192123285,-1.1248693193040447,-2.3409140259457004,1.3599983313897468,-0.4224873649115809,-8.00582850132044,4.242698982471655,-3.3480814389416818,-4.08375573235312,-2.8598486436370347,1.2587015037143805,4.058556748897559,0.9153951674104231,-3.921065935783097,-0.8392859173632976,-0.5171883579086337,-2.7535092281292646,0.7934542839951569,-0.5519434871401975,-5.625857565926238,2.368704319170044,0.023778716716533595,7.733951462553533,-2.882141827520313,1.2913924737986187,4.72159476435484,3.2957433416674964,-5.63605068437467,-2.7010800060919475,-1.1988217669806556,-0.6877386163562561,1.7568800229638353,-2.126509970071212,-6.9692747025671995,0.834177478394642,5.075081613935724,7.690783182189325,0.5892725952153319,-4.165905141723629,-4.4271927851996535,3.588919957905514,0.5198770834901073,5.249803498716025,6.627644298653501,-5.405096023257806,3.009184250863263,3.7479874274435927,1.7028734289285443,1.4398304162869455,-2.6440548650118743,5.357429932510822,1.96839092969024,-0.3001612586537332,-4.197439957587775,-2.5706600085486513,1.2672443452305022,-1.645766375986847,4.2301140304498235,4.353625499342225,-1.5795067351807972,-0.25808243697563865,6.382688998185749,-1.0591524682226583,-1.1139131952482757,1.3551089891991652,9.126471894982899,-4.692457442133625,0.6688703203845648,3.7035174080353097,-2.6765469196575085,2.377126015364396,-1.8957691845582347,1.8640948476237036,1.9017363581026243,-0.38352587387980686,-1.8489531545544875,0.3790298034824861,0.04837920800466647,0.7908739096364595,-1.8125522294620893,-2.067784665760921,-2.157329618776176,0.5637176599742528,-2.4374370887091623,-0.3337214860076538,3.9898678321281102
-3.450140029462079,-1.7768368278637692,2.1174586463340064,2.321462569404736,7.512998088079894,-1.7530974667328678,3.2771287612428712,-8.356715547986257,-0.875526415387848,-4.125183065821832,6.002693562726148,4.375923445053848,-1.4569107204075071,-1.140419192123285,0.0,0.8661896440659768,-2.891264547740728,0.5575873423213258,3.943276970892228,-0.6482910430696553,1.238633105041113,0.9089305369347592,1.2995580918087413,-10.568869180931326,2.049601314397218,-4.537708537144935,6.538256224546865,-6.061936657366108,0.4335562688492753,4.57537794831951,1.3791926312560019,2.371581251230633,-8.668481078183733,-1.05802800621588,0.725859977429125,-1.484691931162582,3.8248346628073753,-5.090007282677125,5.280996167998276,5.04046560433376,0.048244694700229074,-3.398791449702163,7.123004869865013,-6.038853644404569,0.6943896130469369,-3.0417215939926536,-5.301495159370571,-6.289952017411753,0.45099733339384657,3.9635660131908454,4.803716786341219,3.7851033982051354,-0.47741462000938933,-5.18654026109844,4.0015525110042125,3.922481625663312,1.110476526384864,0.2604243480905969,2.5522686281714706,4.2005508833454925,1.186450267821911,-1.338197500339284,1.1746383531580966,3.1169731145253063,8.424506878090423,2.5917675420084083,-1.242605585626918,2.4386522088520826,3.5797287279976966,1.531105321430155,1.2924361756602099,-0.09173311395572624,7.498995284292827,-2.887382770354136,-1.1552768242732254,-1.7285861815229935,-3.222621118361628,3.5612645044204783,0.38121472076509094,6.045831245832446,0.16572854886750263,-2.59658480969903,10.296188710559443,-2.613556884238533,3.166799052426508,-1.4995791081871435,-1.3878798639264351,-4.6797552019737365,-0.9911002347005443,-4.71220157591326,-0.1759567897780638,1.167770736087338,-3.155164987259128,2.1590335052126046,-0.6852806290139126,-4.947953081538443,0.22233539940632877,-1.578088058863526,3.1344365814148043,0.3883226676539181
-3.8640258214647254,-2.078147644497327,-3.032252163760518,0.5361582053512292,1.1452245844506903,-3.190975568045685,0.7074534428056948,-2.6990080053428778,1.8682008443985747,0.051259247046547246,5.225465553854659,-0.7283033793084083,3.0382988425965056,-1.1248693193040447,0.8661896440659768,0.0,2.09487145420784,2.8344682326807815,0.8717757567900681,0.8598910929027137,8.393551397806737,0.05237302804720002,3.3867921837187085,-1.804256570960028,-2.931647620579308,2.9376247185453366,-3.334055631974759,-3.453987057911916,2.3608853412835327,3.042121274470571,-6.389789392159883,5.919681831696948,-2.0196007885714087,-2.900783691834443,8.748642695698225,-4.007042428788837,6.672390412853865,-3.516850059486852,-2.548319587067548,-4.143884128944627,-0.224725450815004,-3.773081583354037,1.0006317744584718,0.7976225170579435,1.5138127852158612,-0.7539810565581337,-0.4018197389468725,0.003264596400963743,2.12382999549133,9.612417746105455,2.3125249515583235,-2.600030378019535,-0.44484146874886293,-0.10723817993476512,2.8739407482782195,-1.1040200029287703,3.672869061313349,2.6936280499135115,1.2728004298815647,5.087393402069548,0.2787346063738692,-2.215455428432472,5.250911934910646,-3.4415232259297,7.838888744042464,-2.085123537026295,0.38615257935893527,3.3404648751164414,0.001957022166137369,-0.614685243518054,0.4219784208171543,5.099906319273703,4.262638305304978,2.554453108955665,2.6494974511824463,6.124910615680233,2.70871008833356,2.356309117268907,7.504315623350835,5.736121196394346,0.47520089599045856,1.5618779005280163,6.708721273229757,1.0721654221965042,-2.38685963185971,-3.172472807621679,1.9060360839840855,1.238165099448971,-1.6947986190945223,-3.506805327190001,-0.23458163482538208,-0.5132092636937056,4.489474230914633,0.510380804926707,-2.4683608817193607,-1.8516462188259692,1.7279404965821288,-1.2300305485111627,-2.6699225196694254,5.482770299307303
0.6240526268312107,-1.6948428875508967,-2.3810788734298782,0.3868826334775737,1.0770524732438864,-5.355411950563608,0.4944632255254908,-9.267223371948399,-1.0059326142430416,-4.187177956770062,4.982679064221824,-1.6484228804542906,1.1580542588287868,-2.3409140259457004,-2.891264547740728,2.09487145420784,0.0,2.615761912632744,-0.21001535155462536,0.7980416411395541,-2.0593358520560767,3.2377974938886225,1.055294732248076,-3.622827219291784,3.757872712268896,-6.244952464445097,3.333669366380386,-0.1581490491712899,-1.8836782052687016,-0.3870243052028626,0.8348663265493897,1.2269613669323531,-13.107762254498619,3.303669888953908,2.128914146029511,-1.2084420275642263,7.286526843153198,1.567677653360568,0.8354956631788815,3.486101087953254,-0.29130379122607286,-5.7582442611377,-3.124639037787562,-0.4602553989261812,-2.5085306399198823,0.4722827502493847,-4.714434231096862,-4.146598876305849,-1.1929167853854248,-3.8550865298213783,1.5950774116118347,-6.368192627047974,-3.027626753315988,-2.267663773818615,6.475373570449074,4.713493194944379,2.469544022521725,2.6027295746263883,-0.29734522335108654,2.4358383028270367,-0.917768749217705,-2.9589592751648968,4.4959668351471,-3.837707801914163,4.466014811982101,4.453631331862489,3.8346948927146967,4.32351520329519,-2.408530051608244,2.7317647652828243,2.565817107134084,-0.5189910867142526,6.039764359938904,5.800552986950531,3.4265614864056873,-1.850308189137156,-0.11451057504130636,1.903924765800296,0.9371539891955912,6.489174702422621,-2.5860113984665865,3.038347566196315,3.872861020561052,-6.866278157174008,-0.4776404069399944,-2.282543154699994,-0.8039978139885324,1.1326080324786663,4.538996966968557,-0.9039933807331472,0.596280300274473,-3.55464724702102,9.237730096396964,-3.08529963598784,0.6298039644000709,2.4368978422487326,6.032162431967551,-2.9795502638777767,-4.128577995498077,-1.8313028020845563
-7.220318426664878,2.6635808182024854,5.944946724753931,1.9720717285678708,6.307748952315904,2.3415059944867638,0.013583822727524703,-0.7323056461971662,2.294689000415276,-1.2252251963964507,1.1470228792072734,-0.8840305885295374,1.3762841537639738,1.3599983313897468,0.5575873423213258,2.8344682326807815,2.615761912632744,0.0,-5.301069470076094,-2.577828447778394,0.09179157140730529,1.0919049800850809,3.3567774548932805,-4.652770154100775,4.1728477680171325,0.1304696542189459,0.6487061122972488,-4.283717657114406,1.2150082210911644,5.348880730794353,-2.578524894090662,-5.4815706227633845,-2.1684929687777266,2.2325210724149622,2.7453809953135964,4.4115178941939215,4.142726559156459,6.901870761967471,0.8914231995177213,0.7562637744736587,-6.931051096433162,1.530976714789186,3.282309017879266,-5.674928052571775,5.246769936675952,-7.624827086482326,-3.874813113028419,-2.4703467483391788,-1.6720858750958776,0.09425949848335757,1.9670406971075824,2.044127239519286,-3.1884792463098863,-7.459807452628097,-0.5100311144309837,1.6772282881070275,-1.821239437135728,2.283075416260001,3.306448631102326,9.768416123851608,-1.6293798221038556,-6.531172651037035,0.2953781332494022,1.062261506486587,4.7394148905112425,0.07636555409866048,-3.0541107213259826,0.27601819707729874,-0.03204783136098223,-0.571463136256618,0.6270672265659767,-0.8675504009293165,-1.2670912079755952,-0.3347145646654287,-4.73311389767535,6.976890602529975,-2.9955172156402425,-0.658155342309831,-1.6811060584912652,-1.2813018967578451,-3.4654589763169965,-7.577666339219498,6.016743997556556,-2.2599545451277017,-0.6875276591015841,2.091289070256663,-2.4683448003216895,1.424760933403876,2.4900266334443786,-4.746046415635071,-3.535456287449444,0.9237960243441091,3.332484527361713,-4.828370059239516,2.3766107534313874,-2.481890683128007,-4.924504837897566,-0.6846503178654384,-3.591148613888833,-0.2769746101894675
-4.6619583109133345,4.652617537564129,-1.2956418290282274,5.311850537740976,4.8578419965954,-4.5762215715167045,-3.27777709611966,-7.0390767521295805,-8.461181077163745,-3.1182702507054705,6.846792533117785,1.7830714294644143,-3.706138289897355,-0.4224873649115809,3.943276970892228,0.8717757567900681,-0.21001535155462536,-5.301069470076094,0.0,-0.08116620772024838,-1.479583225723264,1.6356209325327886,0.8566661063650822,-1.2622032311571123,2.267400200079485,0.35808492165917094,0.1684043697173473,-3.9146288227831354,-0.06098087078965204,2.672014531860316,-1.3153440213635244,-3.01209961601105,-5.106263196118064,2.5659009488966498,2.5071786751682583,6.6688864651447135,3.6794665261082646,-7.326332129674983,2.472485366916312,1.6408412480905175,-6.1659126137355535,-2.269469127506248,0.1398296240732058,-6.621001270715854,5.530361615452308,-3.1284160511616825,-9.946660301857364,-5.315772922431914,-0.394045136764728,0.13956594850193996,-0.6109406479655489,1.04129647649153,3.5892190794716874,1.165199750512821,2.955128519674823,4.204077484232552,-0.7223097923305417,1.5595149121121177,5.51290138795957,1.4653299471968648,9.938086731308289,2.676000098209458,-0.5287335633388032,-1.170054939278841,0.8250963674288437,-4.787923716150227,1.1536129245985631,4.5093535606321185,-1.16024116743927,4.052494312254208,4.684719614050848,0.5779656743679026,1.9468886630180384,-0.34362905688587686,-1.9898781269405936,3.339500581097776,0.33102431268510385,2.063044089681988,4.99102200004403,1.423091884320127,-1.907518889762224,-2.385964600841627,5.6642183155100785,-2.676465183329076,-1.3584029890724936,2.6626169977876204,0.6465569885003877,-1.9781191981746635,4.7165859556609036,-4.813846432297153,-1.9341120586318097,1.01824289915249,4.861181071448602,0.4354039291897669,1.6268918592341557,-6.09895820922433,-7.919821823773573,-4.501926009940428,7.205481644042808,0.7973586374248598
-7.4645618564117315,-5.0503866960907455,-0.7063009463274267,-5.0246456491463825,2.177103331150714,-3.2696891331820535,-0.06840759189549821,-7.788545720619561,2.1300573692198124,-2.683944670253625,9.5504296613048,-4.162738243475856,-2.63642800210488,-8.00582850132044,-0.6482910430696553,0.8598910929027137,0.7980416411395541,-2.577828447778394,-0.08116620772024838,0.0,4.944490310073596,0.7874175910343747,2.0383182035311886,3.1196218675335228,1.8315849485103544,4.543548701633248,3.5181038990226474,-5.118995119804008,-1.2753533729039828,1.3935109790870632,1.9769703671383771,8.978786073924828,-0.5673083685696236,1.1897309761056718,5.545884574984865,0.9646797464525256,1.2126085299364275,-3.1390344750402974,3.976779132582663,3.35774781209402,2.6756075878420265,-0.8949524029609629,3.2296420751875603,-0.25088049931222167,2.40987324789543,-0.028838623901057354,0.5597210582761637,1.7660329233798413,5.634966845890926,-1.0599371528851247,1.9568452345599536,3.3487798839632137,-2.091135415687552,-0.1957452503986445,6.783030056945738,4.1885325229869785,6.465402461383276,6.2773707713814,8.070587308753105,3.103088639171643,-2.6786401224114265,4.575948628730837,1.1394033882181362,1.232587748723267,8.071146288597145,-0.09678240222053441,7.367397865072621,1.6349636787305026,-2.890773326816816,2.4047672584240494,1.2676730995420016,7.154048091152821,4.48231911014385,1.0828596292129575,5.998791106297968,-1.6625580051262696,-0.7395269753041875,2.8789395547589263,6.995076228954457,7.657291921790047,0.2853826275276568,0.9624801820534707,4.5582092658474656,-6.42674371137852,-1.6812703481819056,-3.2729363725701783,-3.7561091536095463,-3.1681612714244207,-1.746846273336514,0.6248852265412077,0.8665920891119933,-0.8569686336426846,0.9285638680246947,1.5309095071693513,0.3479767807240538,-2.091824015567207,-0.7075567901124403,-2.428625978532332,5.55178540229674,-2.0770553548118524
-5.904122945673878,4.28045997291549,8.129561747369232,7.3017658379885555,8.122909209736365,4.075496551213053,-0.557360806957275,-6.418594785405062,-1.6039438032896451,-0.46172625744784934,2.737982613734661,3.965246267844656,3.3904626078736766,4.242698982471655,1.238633105041113,8.393551397806737,-2.0593358520560767,0.09179157140730529,-1.479583225723264,4.944490310073596,0.0,1.3312514671704143,-0.07035065209699647,-4.980314407814594,1.372492262639596,-1.1445356587517148,5.002589229191397,-1.6195616574159404,-1.5750292808594135,0.35405024265145474,0.8215862347970726,1.8698690001066511,-6.3471347568226975,-1.577947935554601,-1.1141103764851823,3.3381966943306756,2.453075088110188,-3.0143630697907438,-0.2825437059807312,1.0707383057070168,-3.4616212730286184,-2.690378494004809,-5.2252072233930535,-7.12784122059596,-4.047553040166317,-4.154775300708361,-6.631684155141902,-11.938537773448262,-0.6650978161438176,-1.9480845265268691,0.32221469812891407,-5.426408661057769,-7.446864531876016,-8.600390772305492,-0.5094997550836836,1.3755215217307375,-1.1223809606804445,-1.9229348537592383,-0.7945931513288839,0.45612010511795686,-4.35570628730395,-7.000134098665915,-2.3367004597370675,-4.994610918242276,-0.09037396235003836,-0.5243864038126123,-4.211189147001021,4.021234762851297,-1.959918534396757,-1.3809556565565273,-0.6281797866868609,-4.785441550732253,1.1213242948888984,0.12297906356991847,-5.444467136200855,-0.5810808255418521,-4.483116434921961,-1.7891482098760219,-0.3807627804704037,-2.541599012380848,-2.896567989441018,4.146049626552099,0.7626360810289184,-5.373956266825829,3.966883591266824,-1.6390038134321652,-0.8429144337244602,2.0966364703244285,3.452561323088996,-4.998517943084996,0.3627678648486356,-4.68275752784151,6.810612339574972,-4.488771462630223,-2.0412783428161054,-6.969071516979542,-3.2484711180541566,-3.0314180146722824,-2.867721353084608,-2.7572161805166524
