0.000000000000000000e+00,-1.236560307105189827e+00,4.700414741355473658e-01,-1.913232871763210774e+00,-6.907065281953137514e+00,3.237935953006915391e+00,-5.553429953356601168e+00,-4.719832224140821708e+00,-3.397250544972716391e-01,1.125796980380820766e+00,-9.656959000207308463e+00,1.351531763988879975e+00,-1.447952575224758620e+00,-2.302495270212332912e+00,8.651078509073194311e+00,-5.313457711190887611e-01,3.044874699133249152e+00,-1.012188474289021256e+00,-6.668655705694977343e+00,8.772574281170178456e-02,9.675785720822582814e-02,-2.196530979711519560e-02,-7.342607740321710708e+00,5.751967304856854035e+00,-5.027909105673621371e-01,7.920950848945456535e+00,-7.942418034762313894e+00,1.950002123264431342e+00,-2.131122732934896291e+00,-2.747521686306064748e+00,1.460491400470814938e+01,-2.106940847889519741e+00,3.874788737236020353e+00,-2.906325088368439058e+00,-6.177029125246257912e+00,4.673541793899125829e-01,1.131656240369216526e+00,3.174435693764225963e-01,-2.079730652038585870e+00,-8.207746923291495023e+00,-1.658222457657033022e+00,5.805049239610609035e-01,5.248682844945157910e+00,1.411042644850827310e+00,5.020182839201280167e+00,-6.243230823958772824e+00,-5.273974923267999770e+00,-3.992972067711396456e+00,-5.842536569102623201e-01,-4.553959340337237371e+00,-7.276648840773017213e+00,-1.116036107585552628e+01,-4.586471113363800534e+00,-4.121411371093285148e+00,8.812291139027568221e-01,4.173389878604453429e+00,2.802264391635158614e+00,5.879509831247637930e-01,3.840165639128202635e+00,-1.032064933175258403e+01,-4.163124038229342183e+00,1.100737419555558816e+00,7.880958240886387856e+00,2.304532610640823709e+00,4.808213261882579026e+00,5.072758082679877489e+00,1.260466989876881438e+00,6.595442723612270797e+00,9.366295266709776968e+00,2.782721858798886228e+00,6.128805107614845760e+00,3.174032352953771952e+00,1.576141323311423204e+00,-2.239834147714777068e-01,4.054598128797548995e+00,-9.939900940835871834e-02,-8.567794725706104231e+00,3.037023038595538349e+00,4.470587228593727147e+00,2.096582795534625898e+00,4.133368644687545057e+00,-1.308603329282040928e+00,4.629952937225180420e+00,1.721536202089608780e+00,-1.073679627324324670e+01,-7.325656702122871344e+00,-5.333193533999192049e-01,-2.625354128945857290e+00,-3.277419054392173847e-01,1.579647859715993252e-01,1.498035324994041462e+00,1.888610419361397508e+00,1.437443691156938819e+00,-9.372858485074142543e-01,1.340131493761045123e+00,-2.202493791175203164e+00,5.940666461027299228e+00,6.800468917397455293e+00,2.215415835454648263e+00,1.899212692410862324e+00
-1.236560307105189827e+00,0.000000000000000000e+00,3.446227386632167988e+00,-5.141588095968468997e-01,-5.020421899268688870e-01,7.869982840351471332e+00,1.201922527482724545e+00,2.038112358918950096e-01,2.001586705209166261e+00,-1.425403298708048938e+00,-2.719886716929141190e+00,-4.226341520446296740e-01,2.076447683254787346e-01,-6.042095283124689686e+00,-5.310940453890063973e-01,-4.061759511775573372e+00,-7.517697073319123957e-01,-4.311594345867198363e+00,-2.061650727693485674e+00,2.565413082864322458e+00,-4.605878170684936102e+00,-3.095311704580766765e+00,4.524533752469958037e-01,1.186682559248904534e+00,-1.651402193851333244e+00,5.168415457174610594e+00,-1.423872136975204983e+00,-3.806302773974523213e+00,-2.795084632895147525e+00,2.263047554783756077e+00,4.729434313420581404e+00,-1.894391071805790805e+00,-4.276829664947564780e+00,4.141613439239484329e+00,-1.912784952290305096e+00,4.047325839306107120e+00,5.023647972712568688e+00,4.088327274948180268e+00,-1.808535816853304556e+00,-8.903105131553162854e-01,-4.267110956343258543e+00,2.563685751135407642e+00,3.477987816388165149e-02,6.084562143569287596e-01,6.829602302358624755e+00,-9.722256025879058683e+00,2.449870323230229352e-01,7.649873813754240470e-02,1.429820127584453315e+00,5.937412025832941254e+00,-5.478173138749869997e-01,-2.420865377002610952e+00,-1.995731172754598715e-01,-3.462316652183624832e+00,3.903558157495639946e+00,1.052056904485726641e+01,-7.906383971885090567e+00,-2.468710755769490950e-01,3.143491523395604226e+00,-5.406502319799143308e+00,-5.401579009685014476e+00,-4.097857827480443582e+00,1.548314868862389115e+00,-9.355952977410331162e-02,2.019419090921583226e+00,6.456631840194505811e-02,-7.024575724663659759e-01,1.888568078448443766e+00,2.954388409382440184e+00,3.255390150174884756e+00,1.619544660704979488e+00,-5.235682606356057534e+00,-4.569673275906560583e+00,3.728902865676552825e+00,1.078919635713568859e+01,-1.580185827529087539e-01,2.361780929182137889e+00,-3.221862394916415351e+00,9.265547117902124541e-02,3.355258773829667973e+00,1.861175216162080093e-01,6.974913213024352743e+00,2.251853014644123796e+00,5.540357555544536794e+00,-2.464050191471370832e-01,-9.714383538332228341e+00,3.039456985915891973e+00,-2.199179413530738092e+00,3.139048784374648626e+00,2.964761466842599780e-01,1.700746384567858982e+00,-5.078978377890934759e+00,1.190771194848089687e+00,-5.015504259968036394e+00,-9.184483886841757760e-01,7.546910423793731226e-01,-5.618580162940696177e+00,-9.615587836200689686e-01,5.273713288190673865e+00,3.135295956927241612e+00
4.700414741355473658e-01,3.446227386632167988e+00,0.000000000000000000e+00,-1.543351549386069221e+00,-1.091464282544474695e+00,-3.215573711255114819e+00,-1.086006752457836733e+00,3.745352007631326696e+00,-6.718535731714804227e-01,-7.096338275850747834e+00,-6.364707069061044109e+00,-5.542101609122686234e+00,-6.477677327212606251e+00,-1.270805149375569165e+01,-2.512427262336868861e+00,3.347770350545723694e+00,-8.085279482480492441e-02,-2.373342208507908113e-01,1.306796080432030660e+00,1.232487093394135425e+00,2.957130388349415551e+00,-3.972731528936170875e+00,-4.652650407936408605e+00,-4.688007253457076473e+00,-1.496463225042199641e+00,2.455040523611479397e+00,-1.685851549768483615e+00,5.163104151012353427e+00,-7.973768444628780427e-01,-6.014657821146947470e+00,6.717992219459686609e+00,3.039643466391956927e-01,-3.989677882005377096e+00,1.115671641161162797e-01,-5.885696732895098204e-01,-1.894045676848855830e+00,2.247125438981289580e+00,4.031038155190640460e-01,-5.275094671555699222e+00,-5.910084079544349223e+00,-3.042848080167123381e+00,-3.597904254381083522e+00,-7.268212896169834458e+00,1.669678935906004247e+00,2.514892784361902667e+00,-9.827142899032418555e+00,-4.531314413675691988e+00,-4.079316145395702975e+00,-7.432994371322953597e+00,-5.169897034623823551e+00,3.750024157942626335e+00,-3.050457320222792923e+00,-8.835016081513179742e+00,-1.888472738951995356e-01,-1.415919637446070078e+00,-2.542129434806507327e+00,-2.295972695651784079e+00,-2.499395448476309678e+00,-6.560883799129804572e+00,5.481742175059283184e+00,-1.936123689084495947e+00,-3.653879851239991150e-02,-2.299476351620512116e+00,6.586543467615706415e-01,-1.960525387103834727e-01,-1.566874865721775034e+00,-1.411592918095436744e-01,-9.426274330767867582e-01,3.401401303604309145e+00,-4.479911321095470522e-01,5.457099225529527864e+00,3.269694563244808450e+00,-9.696329155529371802e-01,1.503780389426065511e+00,4.024178593283473049e+00,1.579355776420135138e+00,-6.457645421927342699e-01,1.760686270243200680e+00,4.142963011842792476e+00,2.300143610335537492e+00,2.810637039964018147e+00,-3.542380634290789310e-01,-1.594612781273817337e+00,4.670181396970602972e-01,5.125405571056205645e+00,-9.196298217517131501e-01,-1.609457832460992055e+00,-6.989734047658349540e-03,-4.828646425317431046e+00,7.038626513445838562e+00,-1.771587862254190959e+00,-4.654779141690680966e+00,-6.820232273691433811e+00,-3.138799817316649143e+00,-1.820812562171154392e+00,-1.484672310674002293e+00,6.699829686137287466e-01,5.235630660207273301e+00,2.725665420756164359e+00,-8.583224880133135670e+00
-1.913232871763210774e+00,-5.141588095968468997e-01,-1.543351549386069221e+00,0.000000000000000000e+00,1.773769533627011841e+00,6.403703711044179236e+00,2.386999123286331681e+00,2.310375681199431153e+00,4.658804694275939795e+00,-4.747401757415401491e+00,-3.617151730272051502e+00,5.340386587156841891e+00,-5.571266466050441402e+00,-4.797745006846191984e+00,-5.126105232667899969e+00,-3.771404424568706837e+00,-4.399816688719670132e+00,-9.170279685844926476e-01,-6.067946616491196821e+00,8.275684198198067498e-02,5.645661714028560318e-01,-7.046869008105321797e+00,-4.013611427433867007e+00,3.128242804099779839e+00,-3.600266506911756093e+00,6.100801981542797847e+00,-4.592857551184363452e+00,-8.997451229037583431e+00,3.901661614351170648e-02,-7.699145386171132088e+00,4.538534508021380809e+00,-5.224502063007179231e-01,-1.051332390457933474e+00,7.619662237902256052e+00,-1.181600924841774791e+01,6.344950221535644808e+00,-1.118452165407127635e-01,4.226052754068500228e+00,-3.172016148076438613e-01,-2.958767762233470933e+00,4.253955611757431754e+00,3.549954556099611108e-02,2.055568914795220081e+00,1.840827787730188181e+00,8.619446934583510966e+00,-8.814437277042410201e+00,2.598218201321331300e+00,-3.322494560706060973e+00,-5.206594635124488057e+00,6.509790667128220853e+00,-1.959604169985618149e+00,-2.864775479797105895e+00,5.613172902409787390e+00,-1.231794363545672066e+00,2.907482489695832228e+00,9.352367550447058253e-01,-2.631114501409153594e-01,6.724863880062974530e-01,3.414973587150368139e+00,-9.730991998147551669e+00,-4.584981050690753790e+00,-4.214015905510111182e+00,-5.397467483814792466e+00,8.090300669516797827e-01,-2.397291614788127134e+00,-6.537827121428669841e+00,4.296788785468321770e-01,5.463456350038832232e-01,-7.673792269862321547e+00,2.783942911898865891e+00,1.083745188062171350e+00,-8.549634383173566832e+00,-6.236408658281431094e+00,-1.038150414569412261e+00,2.197593540643446808e+00,-1.221221348559492714e+00,-1.651974508678223819e+00,-1.367543301156877433e+01,5.848124432753704083e-01,1.182093991057228344e+00,-2.716793192959627845e+00,1.739458534479085383e+00,1.080745000018819457e+00,-3.308394900972712271e+00,-3.722479519073459198e+00,-6.420537829295080989e+00,-4.130871211987406255e+00,-1.088345078283724732e+01,2.324670008163778778e+00,-2.323328406360210874e+00,2.409995543597710288e+00,3.246066529236369402e-01,6.832309813178341962e+00,-4.019198571860515656e+00,8.100555755645835743e-02,-4.028279527173387886e-01,-2.714704645309328868e+00,-4.970380291285049879e+00,3.553498647666454291e-01,3.166968353812813941e+00
-6.907065281953137514e+00,-5.020421899268688870e-01,-1.091464282544474695e+00,1.773769533627011841e+00,0.000000000000000000e+00,9.803821579191173141e-01,-2.646862552176133754e+00,5.012409161951161263e-01,2.224008029138672793e+00,-7.468714127307730877e+00,2.640647334913277522e+00,5.596667878443734701e+00,-2.787110199488244344e+00,-9.169351437150562445e-01,-1.644930921207269359e+00,-3.535144975101911946e+00,-4.430287892346239431e+00,2.212966731522231001e+00,-8.453063350667713749e+00,4.223470153658768211e-01,2.504247609617432868e+00,-1.048910510022501619e+01,3.798584781440589864e-01,-2.644424454801954649e-01,1.719872873699434424e+00,1.164828961017639131e+01,4.266518176636656889e+00,-8.655060295335347265e-01,7.760144618920961967e+00,-8.094627914223616827e+00,3.897757855303646046e+00,2.093618858742658517e+00,-5.918342471578974084e+00,3.649029252558269487e+00,-6.032778546557906907e+00,2.183486585407896197e+00,2.920497115853301739e+00,5.611157852663924750e+00,-2.543336034284740865e+00,-3.478491762616049421e+00,-1.013782596551723314e+00,4.183741439724657063e+00,-2.513943147414308577e+00,2.655127758873159660e+00,5.242148383675428569e+00,-7.378725677193923360e+00,6.474899061791300703e+00,-2.854590950277457129e+00,-7.492571125309932079e+00,1.689621884603846214e+00,-7.925879138601311658e-01,8.480192788379484203e-02,-4.109102686737300392e-01,1.090616294247331419e+00,-7.070212874310898288e-01,-2.380545715760531866e+00,2.860181447482666783e+00,8.397697062502138543e-01,-2.668476228714200982e+00,-7.589262677519864830e+00,1.486400567992378408e+00,-1.504985812358398345e+00,-6.205960018078511276e+00,2.027491839799850926e+00,8.581579682090345607e-02,-2.453321098055239791e+00,1.028809830831905359e+00,3.932129720118123117e+00,1.222872655708768574e+00,5.165335071230905406e+00,4.985422644504229339e+00,-1.280074785360726164e+00,-9.280143095283915899e-01,4.492745919285553668e+00,4.213463206670729377e+00,-2.873921890985383087e-01,4.569676736548261786e+00,-1.588473559095469501e+00,7.704486398151596305e+00,-4.346259546273614771e-02,-3.817032939129721303e+00,4.496242895251140403e+00,-1.668176011412954018e+00,4.498200661669727651e+00,5.039013707404221165e+00,-2.977770758140770635e+00,-2.816104827443045855e-02,-4.275914281098891045e+00,4.939963952751308618e+00,2.328390271296738145e+00,1.613639803954212359e+00,1.051814488668476155e+00,-7.935497276671675815e-01,-2.585846257545869165e+00,7.932107294946620923e-01,3.002609766311181261e+00,-2.382999532538660592e+00,-2.868292989216655542e+00,4.587613736629665873e+00,2.689665566573820055e+00
3.237935953006915391e+00,7.869982840351471332e+00,-3.215573711255114819e+00,6.403703711044179236e+00,9.803821579191173141e-01,0.000000000000000000e+00,8.685895543944290864e-01,3.591714780055537681e-01,2.434990011158188750e-01,1.008489532385360210e+00,-4.503423680278309527e-01,3.310946791063660744e+00,3.593908738415718673e+00,-8.054348467204098583e+00,6.515840802773648299e+00,1.082610975446811064e-01,-3.528440791754965389e+00,-1.452582411579859567e+00,-7.078636555315010348e+00,7.329999349285018617e+00,2.860432390112230827e+00,-7.009384267484271902e+00,-5.327070774808798648e-01,3.968966626890515936e+00,4.918771452555215973e+00,5.847126861644700746e+00,-5.296021472726287760e-01,4.038282084999669230e+00,9.754362742858473823e+00,-5.126504134653210087e+00,2.095702574131952378e+00,-3.546600375094410840e-01,-7.017597186783082641e+00,7.171041352807862035e-01,-1.927385410489240281e+00,4.479113604152037631e+00,8.259487407877740495e+00,3.658548782489622564e+00,-8.947281175151176047e-01,3.371178573619832530e+00,-1.966176323081661348e+00,3.070653435419441468e+00,1.547970295885200631e+00,1.814014381366610695e-01,5.579901399121556693e+00,-5.626588319736661958e+00,3.178459271265079433e+00,-8.002697282846733817e-02,-5.046064317585816639e-01,1.037226393284700565e+00,-5.129301062381594001e+00,-2.466839386694092529e+00,-4.119740124678786586e+00,-4.516213229973587318e+00,-1.882858401524431846e+00,7.781437808143475410e-01,-4.680279031272149282e-01,-1.170777265608905049e+00,-5.326504438339265235e+00,-2.165752305498057861e+00,-3.932491897524403424e+00,-2.026884014760720554e+00,2.567599057967274501e+00,2.560289360558207328e+00,8.869983642846399619e+00,-6.750111135344486257e+00,-1.831130944628815760e+00,8.686446740443434233e-01,9.424343002895493981e+00,8.822661326869583931e+00,7.161875035723159755e+00,2.706706361170053921e+00,-9.396809047919664204e-01,1.944321353454081802e-01,2.831794049075373465e+00,-2.410226722603606042e+00,4.163121275460587967e+00,5.845333219775314948e-01,5.128928843210024624e+00,9.571249838779628538e-01,7.050893187373952209e-01,7.905114437080006162e+00,5.345367982670454765e+00,5.075579709278451368e+00,3.354092574072157440e+00,-4.301824356419979845e-01,2.279923331728994196e+00,9.757483733937745152e-01,5.787073712659118740e+00,1.451186023286773930e+00,-2.891158088939496662e-01,-2.435979448237039602e+00,-1.000604635485493610e+01,-3.438106916564327875e+00,-6.406077245249101049e-01,4.020269175471151701e-01,1.052772553203851880e+00,4.848461050745046741e+00,8.954821138014288362e-01,-4.325663004058529992e+00
-5.553429953356601168e+00,1.201922527482724545e+00,-1.086006752457836733e+00,2.386999123286331681e+00,-2.646862552176133754e+00,8.685895543944290864e-01,0.000000000000000000e+00,-9.636526019906735407e-02,-1.574742620931005144e+00,-1.032166462334403256e+01,1.906136934377929082e+00,3.338965345999019174e+00,6.077019960326103254e-01,-1.403329500243832406e+00,-6.079055944343638274e+00,-3.218002034397810185e+00,-5.840292012647693376e+00,1.078574787719549288e+00,-2.128622802048843354e+00,6.246975977891213283e+00,4.178520847538392147e+00,-1.846836260296666810e+00,3.067002241717001976e+00,1.605869445024544762e+00,5.496438980093815374e+00,5.230424065933817701e+00,1.981024978832125472e+00,-4.881358868544287688e-01,-3.297862974129913916e+00,-7.556101335504965988e+00,-6.871332097865773036e+00,5.134702075093932727e+00,9.181210045719168100e-01,6.231737777575943049e+00,-2.897111220329588566e+00,-2.441159106739752005e+00,1.359132453360956339e+00,-1.379370025700710559e-02,-6.301667045704553161e+00,-3.241481279050534514e+00,4.012798904763563712e-01,-8.233728799020112454e-01,-2.357693669915114365e-01,7.617281704841377454e+00,6.232029271445919782e+00,-5.845430810013918510e+00,-8.154757147842683906e-01,-3.481431218083185897e+00,-1.052133580362189846e+01,5.295447390558474687e+00,1.033108625723688778e+00,2.612027184367240462e-01,-2.786661702916768846e+00,-7.759351345404292832e-01,-2.097656258030477172e+00,-2.984227172999343480e+00,2.599870036216451297e+00,5.178508220459937528e-02,4.068060085634172401e-02,5.511482010307843238e-01,1.840394028726072495e+00,-7.881072554635039362e-02,-5.064016832373396504e+00,5.863900098255768079e+00,-3.781823069833143869e+00,3.717837525588812309e+00,-2.560449917418361032e+00,6.060016394323330502e+00,3.328033459917401071e+00,7.331125218719431125e+00,1.154903064851905192e+01,-1.610314265106144394e+00,2.906753578619325928e+00,4.792749526965933704e-01,2.481474021100221972e+00,-4.542180868076283184e-01,1.926090574368667596e+00,-9.309428531460475220e-01,7.111135678092763257e+00,7.020496021039097201e+00,8.904457340906701823e-01,6.126731022622730727e+00,1.067636812701831417e+00,-2.846185582337260378e+00,2.448678630594002925e+00,-1.981979828117595988e+00,1.475912020895693066e+00,-8.989585501522171285e+00,4.527161803923304362e+00,-6.308954581044723398e-02,1.990259120479987542e+00,5.276725585631861115e+00,2.626517700605721650e+00,-1.235984708283504929e+00,-2.110089545031534453e+00,2.763666028938263075e+00,3.023447115363399718e+00,-1.935888230038215641e+00,6.743467494234847592e+00,6.487902168998012975e+00
-4.719832224140821708e+00,2.038112358918950096e-01,3.745352007631326696e+00,2.310375681199431153e+00,5.012409161951161263e-01,3.591714780055537681e-01,-9.636526019906735407e-02,0.000000000000000000e+00,-3.495805826136110017e+00,-8.258186629411149227e+00,5.288255070918901346e+00,-2.955900725651042782e-01,-1.707930402989076502e+00,-2.475423594366668922e+00,-7.052551688089110371e+00,-5.343501670197258413e+00,-5.176618393353255243e+00,-2.248724775131645703e+00,-6.542750129488223543e+00,4.491275336609972690e+00,6.416481688605526479e+00,-6.877387909726065729e+00,-1.358460149271385919e+00,-2.115759807815962290e+00,-8.389190110247736476e-02,5.529905248026357967e+00,1.693183123274701662e+00,-3.839832061954867370e+00,-6.505351348973605674e+00,-6.024930044729588374e+00,1.311058867444513831e+00,-1.672100619212714967e-01,-5.368958477949003161e+00,2.553588463852078494e+00,-6.371152256691806848e+00,5.816736146880240099e+00,-4.205916197467853834e+00,5.685353621311277195e+00,-9.972880721331440768e+00,-5.275639830507078187e+00,7.883510127425271685e-01,-4.858908252793032290e+00,-1.627998703134676817e-01,8.035134039410687379e+00,1.419997724375840153e+00,-8.622657594562214811e+00,3.837696772098054154e+00,5.730067505800530148e-01,-7.363939366589210778e+00,2.464628296523014406e+00,4.310074416060128755e+00,-2.688457517832383736e+00,1.813939738369944488e+00,-2.803858303765399684e-01,-8.742625344875324389e-01,1.971770084944380885e+00,2.645738323463695085e+00,-1.689524169274573495e+00,6.514859261730546081e+00,-5.974685171932821781e+00,3.911872195556376219e-01,-4.586799904633770630e+00,-4.858678807932498955e+00,1.386081797498524892e+00,-2.187660581158949569e+00,-7.248932212732049907e-01,4.563381897553978050e-01,9.652394778280806165e+00,3.433450913559169537e-01,6.821186304081473750e+00,2.552855337951237757e+00,-2.509101193264255958e+00,-2.107999593796981763e+00,1.102343837637064894e+00,1.286382778901732360e+00,7.884869830962746295e-01,-4.826480046095510623e+00,-4.237605007813563418e+00,6.358415052300760095e+00,7.089678203761485165e+00,2.132003755320791352e-02,-1.455844835011319782e+00,2.178385722027162963e+00,-9.686791621766487337e-01,-2.903539259542494477e+00,-1.199978728591909016e+00,1.300230284753243759e-01,-8.433552824584012342e+00,2.687164830983882258e+00,-2.281540779095601879e-01,2.595297094253159020e+00,-2.060564821546673198e-02,-5.902906223302879507e-01,-6.386513121390036130e-01,-4.541294358772360873e+00,-7.830035743432838258e-01,-1.775193144000395407e-01,6.302451066934614543e-01,1.736273875630771402e+00,8.722276085085047370e+00
-3.397250544972716391e-01,2.001586705209166261e+00,-6.718535731714804227e-01,4.658804694275939795e+00,2.224008029138672793e+00,2.434990011158188750e-01,-1.574742620931005144e+00,-3.495805826136110017e+00,0.000000000000000000e+00,-3.144211473003733492e-01,-3.460952340320365472e+00,-9.318667055702266611e-01,-3.141481165480627613e+00,-6.265474440427587055e+00,2.073831988021022976e+00,1.895313515842455443e+00,-5.570389087771960845e+00,1.231317176590801310e+00,-6.529638066765158122e+00,4.186683426911242734e+00,2.295521276485799511e+00,-1.097522291731311839e+01,-5.337951185358708273e+00,3.197214564830802797e+00,-2.233927811585197709e+00,2.968933156899492776e+00,-2.355309225843754461e+00,5.590920394518206216e+00,3.823424198640518412e+00,-4.643737234038019857e+00,7.336166028747913792e+00,4.571667065103068417e+00,-4.268840155055761976e+00,-6.300504874951444734e-01,-6.532447620112908027e+00,5.010262008444119175e+00,5.982087622836315122e-01,1.834638164621773315e+00,-3.308466857870947297e+00,4.265767159780417539e-01,-1.319302428247059344e+00,-3.268449205302999871e+00,3.063195314041851081e+00,1.153478181648609002e+01,8.028852280617247317e+00,-4.419569827360467329e+00,2.549275626008177920e+00,-2.596918706122271381e+00,-4.918042314631673406e+00,-2.560625591949971636e+00,-3.631064120692593988e+00,-7.917279300461467217e-01,-3.667598257204740531e+00,5.532250493151695536e-02,2.425187943287960765e-02,-3.069963639881214235e+00,1.965543383594833049e+00,-5.536258021188836809e-01,-1.653427093439429063e+00,-5.000913920260127377e+00,-3.244246582180229765e+00,-6.208135867862316637e-01,-1.501518325311789637e+00,-5.545353468397886676e-01,5.903963205542372528e+00,-6.647676167173020900e+00,-1.269100260125888946e+00,5.172294188080944766e-01,2.326489616250649650e+00,8.217542346362664674e+00,3.903457961672768040e+00,6.499167398790670624e+00,-2.808539972365152737e-01,-5.713215399694541397e+00,3.616091143467071056e+00,1.019721988000465318e+00,-1.366827165912271269e+00,-9.161811637880539205e-01,1.475390754199199428e+01,3.682029994214006674e+00,1.942489342653611395e+00,3.412839723929173896e+00,7.858135810506841068e+00,2.058261286367668585e+00,-2.576574884118754127e+00,7.419690893182364633e-01,-1.826599871850367096e+00,-2.204259512444234570e+00,3.639422026149378375e+00,2.703560467044743731e+00,-2.425749406145408238e-02,6.848831472062094639e-01,-1.095834005743991213e+01,1.131856441970694238e+00,2.313984638433005614e+00,5.294724221165798994e+00,6.602769265306574376e+00,5.636631111605631794e+00,2.668233601681385903e+00,-2.229749394444589861e+00
1.125796980380820766e+00,-1.425403298708048938e+00,-7.096338275850747834e+00,-4.747401757415401491e+00,-7.468714127307730877e+00,1.008489532385360210e+00,-1.032166462334403256e+01,-8.258186629411149227e+00,-3.144211473003733492e-01,0.000000000000000000e+00,-1.645858368281644557e+00,-7.044488262424571934e-01,-3.532063411768440631e+00,-2.463963152574441651e+00,1.114702383883332759e+00,6.954307483566074310e+00,-3.707700461995016461e+00,9.716031116173383664e-01,-7.695289791290083059e-02,-1.203856612405222570e+00,-2.019864811794289672e+00,-4.755721565412026841e+00,-1.495312840305228486e+00,-2.966904145910943313e+00,3.174882412356157424e+00,6.900782943733220876e+00,-4.240002369415579508e+00,3.883156214073732126e+00,6.320478506066960378e+00,-2.142851774811939336e+00,3.312744070063947444e+00,8.410791307230298663e-01,-2.158237317312705628e+00,-8.003527562007853646e+00,3.659382511474081223e+00,-8.374516040957266094e-01,8.413409061067014250e+00,1.113328394279499634e+01,-1.405277022615206040e+00,-5.397854770221478304e+00,3.257396720332391471e+00,5.990807393389038893e+00,5.524344405514579393e+00,-2.733183754619142314e-01,7.625738937214339153e+00,6.107035026227705998e+00,1.153167626103934218e+01,1.061752486135351603e+01,-6.342563598004034020e+00,3.162761692440426931e+00,5.890699368508713896e-01,-1.849169307241466553e+00,-1.272934124501650111e+00,2.533612330274348512e+00,5.920970040798548162e+00,7.056764594593711415e+00,5.912657482903851403e+00,3.264846115343589705e+00,-1.699799109556973109e+00,1.788366163368267925e+00,2.638002032798708818e+00,9.254855814222855415e-01,3.504614485708262617e+00,-4.954095363741565228e-01,4.958664879202408393e+00,-1.184919347037541648e+00,6.820485592853384738e-01,8.099125715709154960e+00,2.659285859567059429e+00,2.124483085571065022e+00,4.100729436603700151e+00,7.381381187512393360e+00,4.372699133406690031e+00,3.850174924571066803e+00,4.286968841076729930e+00,5.520630328073523607e+00,5.641838866947899156e+00,2.139027741021569451e+00,5.957427806510796842e+00,1.405641258789423198e-01,1.563138415491791555e+00,1.602031567357571573e+00,-2.954088619518255410e+00,-4.299759996928673722e+00,7.737716553899995020e+00,-2.070072525798281049e-01,5.306099494168135422e+00,6.260691663945068264e-01,2.688291574401998396e+00,2.448152242476936191e+00,3.674006485568678482e+00,-4.513270977607300449e-01,-2.035051664859256260e+00,-5.078519165765739807e+00,-1.638738703077591286e+00,6.722845063312042235e+00,8.663979459909119996e+00,1.302514135215432312e+01,4.983962423972365663e-01,8.496729089373413757e-01
-9.656959000207308463e+00,-2.719886716929141190e+00,-6.364707069061044109e+00,-3.617151730272051502e+00,2.640647334913277522e+00,-4.503423680278309527e-01,1.906136934377929082e+00,5.288255070918901346e+00,-3.460952340320365472e+00,-1.645858368281644557e+00,0.000000000000000000e+00,5.809335826420304549e+00,2.100278916598316226e+00,4.079753963503372383e+00,1.568670985556011566e+01,-5.724116822147545802e-01,6.544020394689713527e+00,-1.002272824688003938e+00,2.650475084908261447e-01,2.887376386226406577e+00,5.895696659920773186e+00,-5.937845448607339538e-01,2.247863325098478082e+00,9.045319430374505032e+00,-1.026889816304593417e+00,2.334172112497104212e+00,5.440300661021604256e+00,8.425649205540690190e+00,8.265533998412236016e+00,-6.044952070715848835e-01,1.528578378498087709e+01,3.903852280565620614e+00,-1.532032877266209514e-02,-4.988332853208565787e+00,2.811785624773549763e+00,2.137094299562497746e+00,6.901704847747406113e+00,4.562263004349379258e+00,1.274778688087735645e+00,-3.103753310723877501e+00,-5.695394360473747142e+00,3.683912159729855418e+00,1.338379532055497645e+00,-2.253289684001234805e-02,3.458520802145984563e-01,-3.396225970949284800e+00,8.234126984112553060e+00,7.293176262736555060e+00,2.014325514568396258e+00,-4.565768996238896982e+00,-1.056991270689312934e+01,-5.562517935518511258e+00,-1.307599379595629774e+00,-2.869165820222976837e+00,-5.772546253389569060e+00,-9.508669636996456731e+00,2.949031438286354501e+00,1.511087005469905709e+00,5.195205584406758170e+00,-9.520283518771098130e+00,4.661917143499844096e-01,7.018297151084643026e+00,5.625853731218272147e-01,-5.313087467030059408e+00,8.015119181798270986e+00,1.270258616045106592e+01,2.597039705845722857e+00,4.667198669760231233e+00,9.384648332513000568e+00,-2.896575106891949858e-01,4.159313930714652052e+00,1.011576874400230786e+01,5.071993229155286720e+00,8.563353703377288184e+00,9.131962663196762975e+00,2.047281241000437291e+00,-5.582042158304541951e-02,8.320287461275087892e+00,3.170284871783671576e+00,4.197555962791273743e+00,1.008478020152240973e+00,-2.742886412728375856e+00,6.713323296545826047e+00,4.549158015884191997e+00,7.043656508958898499e+00,-1.624237955781014264e+00,4.494990292053347325e+00,9.515597892752607478e+00,-2.800058134108993624e-01,-1.287175112872014138e+00,-3.052629571920339568e+00,3.816842194746263850e+00,-2.875677197034687271e-01,1.121278065561044812e+00,5.229630602395855199e+00,1.842790280551290127e+00,8.208071881473982145e+00,4.317081463163958688e+00,-1.254402732218510286e-01,-4.525330884001169673e-01
1.351531763988879975e+00,-4.226341520446296740e-01,-5.542101609122686234e+00,5.340386587156841891e+00,5.596667878443734701e+00,3.310946791063660744e+00,3.338965345999019174e+00,-2.955900725651042782e-01,-9.318667055702266611e-01,-7.044488262424571934e-01,5.809335826420304549e+00,0.000000000000000000e+00,-6.228312443442386659e+00,-4.180750120545481785e+00,3.753624436174190393e+00,-1.113978739540187002e+00,3.157398820847535870e+00,2.594129432092352250e+00,-2.547318435599579711e+00,-2.460684221415253337e+00,-2.347048869567752938e+00,-4.461321060221789203e+00,-6.901081404875587744e+00,3.290445257636643639e+00,-3.130797203458549616e-01,6.387395290227286360e+00,-2.794102900186137273e+00,-1.720866621225921822e+00,7.932986550789789426e+00,-4.648699179009330607e+00,-1.315962171521269264e+00,-2.173560704524231557e+00,-2.394607503113814762e+00,3.607599539991455107e+00,9.814440774336868900e-02,-2.700514917854870411e+00,4.502785015999448692e-01,-3.272796246649598562e+00,-9.906496652944976056e-01,-3.080863927086261445e+00,5.784423677570581290e+00,-2.335552424579039332e+00,-2.251228904208573134e+00,-2.865670067587939407e+00,4.569115648619673564e+00,-5.510869445093975472e+00,5.957813714036322317e+00,-2.452240261667369303e+00,4.976403335718369902e+00,5.209130264109298025e+00,-7.358783790654515933e+00,-2.676375538965411582e+00,-8.384765851721697416e+00,-3.521652911956395737e+00,-2.451566619150524762e-01,-1.673026425737132783e+00,3.192915017303115111e+00,-2.056976421174291580e+00,-4.664363697516850316e+00,2.900575252981179464e+00,2.318820669989418715e+00,-2.077758516441837955e+00,-4.675952960937394209e+00,-3.102161725305603746e+00,3.104158570071717804e+00,-4.612258154969944179e+00,5.771651481139259549e-02,-1.929031809341984927e+00,2.492253403604651307e+00,1.055984462536440294e+00,1.960495275702824891e+00,2.651247389198721827e+00,-5.052794550035100141e-02,3.248551080462298152e-02,-3.308258241307062142e-01,-2.498016477575742300e+00,-1.476881133837837590e+00,9.114138943951423100e-01,2.135014100344093446e+00,4.505342337498947636e+00,-1.006798492877772055e+01,1.823505890324228940e+00,-6.229386073834933590e+00,4.633188345886376958e+00,6.540023472317550990e+00,6.078039548449173601e+00,-6.337205775370212402e-02,-1.708728820511576652e-01,-6.939386390046727193e+00,-1.888759794874146802e+00,-2.172918075969443308e-01,4.380876871782963256e-01,-9.722809899954223400e-01,-6.672272681527937621e+00,-1.618376024717268713e+00,-9.575121225092479982e-01,2.026113781377955725e+00,2.265005488498352371e+00,3.064488947885450898e+00,-9.447347629704214711e-01
-1.447952575224758620e+00,2.076447683254787346e-01,-6.477677327212606251e+00,-5.571266466050441402e+00,-2.787110199488244344e+00,3.593908738415718673e+00,6.077019960326103254e-01,-1.707930402989076502e+00,-3.141481165480627613e+00,-3.532063411768440631e+00,2.100278916598316226e+00,-6.228312443442386659e+00,0.000000000000000000e+00,-3.086782050913980502e+00,1.058633351149697255e+01,4.768325290086839807e+00,-1.921160300100301921e-01,1.949272667289748684e+00,3.653466224063676826e+00,-1.925922719325665611e+00,-3.445048825895847600e+00,-3.699297676585734163e+00,-4.706639613370220410e+00,-1.317828409404019574e+00,1.974457210768851168e+00,1.364419984742839631e+01,-3.374369559730586499e+00,5.630097053524015571e+00,-4.847838537889564980e-01,3.466835182487686851e+00,5.237840573224661789e+00,2.939265435459856413e+00,2.475256237450679020e+00,-4.027272189779336486e-02,2.410980643647768318e+00,-3.474501942255716180e+00,9.889367092854705055e-01,4.665484551236422028e+00,8.478464003220658185e+00,3.645163759688359928e+00,5.458489014358006486e+00,6.483538148749850905e+00,-4.799143125932798792e-01,-1.507281364481274144e+00,2.798185198841402155e+00,-1.864759767194900664e-01,9.938128169418957825e+00,-9.386794549668179277e-01,6.476386220205133881e+00,1.496321550536352696e+01,-9.954082824320877876e-01,3.584203158725353777e+00,-2.890160597358316874e+00,5.021125450500459664e+00,5.394688270457920432e+00,7.257652504543404604e+00,8.500814966867874745e+00,-3.312237951162910754e+00,-7.040967791823475430e+00,-1.842395236761601995e-01,4.280896942948388961e+00,4.243809631734710486e+00,-9.084563177488328423e-01,-4.515743700168615149e+00,2.124193402360965877e+00,-8.917824101508948775e-01,3.292415533414807971e+00,6.528987477713362075e+00,6.808521824766036179e-01,-3.422989401099103546e+00,-6.452051980139601461e-01,4.358818892510727849e+00,5.225074359051234296e+00,3.858471307789795191e+00,2.618312992179310239e+00,4.130834489082093053e-01,2.977862963191905354e+00,3.184953476670545069e-01,8.535849592354070481e+00,-4.370139936620473620e+00,1.841666530403530122e-01,-3.043567990534637335e+00,-5.656852659349790535e+00,5.557393546257160644e+00,6.432395139445703514e+00,2.403108299929882730e+00,3.923871535528919985e+00,2.981839474200850049e+00,-1.818192642379163226e+00,-1.728589991152821304e+00,1.258788659915501595e+00,-5.954743217526247356e+00,-5.394467025151121753e+00,-2.018673526837766463e+00,4.108392442326405103e+00,4.344268879357104041e+00,-1.264774071342674056e+00,8.550655963357227662e+00,6.246890835489093519e+00,2.351957027838192715e+00
-2.302495270212332912e+00,-6.042095283124689686e+00,-1.270805149375569165e+01,-4.797745006846191984e+00,-9.169351437150562445e-01,-8.054348467204098583e+00,-1.403329500243832406e+00,-2.475423594366668922e+00,-6.265474440427587055e+00,-2.463963152574441651e+00,4.079753963503372383e+00,-4.180750120545481785e+00,-3.086782050913980502e+00,0.000000000000000000e+00,5.331573748100757015e+00,4.549516765016871744e+00,4.199173236015596444e+00,4.195115230756916169e+00,2.189347085933330828e+00,1.129336786912538138e+00,-1.086824832564947219e+00,5.471368405598990847e+00,-4.176846982216118498e+00,2.883795033876257019e+00,7.778876158329741664e-01,1.258486520959663579e+01,-7.073131129385095139e-01,-3.683512132001402595e+00,-3.903547499683930888e-01,2.131353656758538939e+00,6.625314323341752853e+00,5.285279384808269754e+00,1.904380903551954329e+00,4.905805469557787291e+00,-5.612366771386136932e+00,5.084118741527947627e+00,5.096340123403555467e+00,1.070335225330688544e+01,4.004915674704844442e+00,7.145104924513132616e+00,5.379301705337887540e+00,1.020798277381776842e+01,-1.874929489817940276e+00,-4.383213010174968005e+00,4.370616836288965246e-01,-1.393653302013066364e+00,5.560976102471475890e+00,-6.694098454989871883e-01,9.323076948783276308e+00,1.103269153173552120e+01,2.514971192103430564e+00,-1.910094611798905051e+00,5.961176111054266258e+00,7.457622896643759880e+00,5.782271413739468180e+00,9.475807386252720121e+00,1.202323173057581185e+00,5.694059847058917434e+00,3.257008237734354328e+00,4.146328825565658072e+00,-4.611208870378261437e+00,-3.196361155477547289e-01,2.350269706358000477e+00,1.966495258601231422e+00,1.318799671028986653e+00,-6.311611032967683776e+00,7.371029592186927104e+00,3.535728073952113526e-01,2.365048858246914687e+00,4.644650288710761465e+00,2.821606048794183863e+00,-1.583979215522307138e+00,4.205790934062966002e+00,3.381317853976868459e+00,2.909674633694514068e+00,-4.474938964741134839e+00,-2.385131932506590613e-01,4.154359525903311479e+00,1.991942497222443653e-01,3.386399366712197767e-01,6.243335641085083765e+00,4.763520647793037632e+00,4.367318602200183086e-01,1.343786652127664238e+00,-4.035033149279842135e+00,-6.837123702995344665e+00,3.114453792454130454e+00,-3.224774775004421112e+00,1.446683533311971814e+01,7.347903208695593769e+00,4.976686655755218069e+00,-1.081949020096202529e+00,3.391071303147851879e+00,-3.142951799747401687e+00,-3.049534471404174774e+00,-8.631306196003173392e-01,-3.532183289064357190e+00,-2.506409021243685586e+00,6.368068927878164587e+00,4.206369395724311566e+00
8.651078509073194311e+00,-5.310940453890063973e-01,-2.512427262336868861e+00,-5.126105232667899969e+00,-1.644930921207269359e+00,6.515840802773648299e+00,-6.079055944343638274e+00,-7.052551688089110371e+00,2.073831988021022976e+00,1.114702383883332759e+00,1.568670985556011566e+01,3.753624436174190393e+00,1.058633351149697255e+01,5.331573748100757015e+00,0.000000000000000000e+00,-4.153124620932441502e+00,-1.572126331217443829e-01,-2.994447189984091207e+00,-8.272307465474476373e+00,-4.941799922554394264e+00,-4.157043006395905738e-01,-3.735247642629602183e+00,-7.757243866444094138e+00,1.082699948530259082e+00,-1.879660213189991325e+00,8.209955157414139393e-01,2.524252443003501600e+00,1.026191462971698665e-01,-2.981853333134649287e+00,-8.292679123398736252e+00,-4.057858937952054212e+00,2.768917868966177309e+00,-3.003994579639155837e+00,-2.389977247493865864e+00,-1.539851511534783501e+00,3.948114128113254573e+00,-3.101212498868193279e+00,4.130403812383268480e+00,-2.437682698882583043e+00,5.827833458814497547e-01,5.706735927405166997e+00,2.881766750815329958e-01,-1.429140002875024074e+00,-3.710940219085023806e+00,4.243945277900048829e+00,-5.653181943722501046e+00,-6.096572669193270677e+00,-6.235410924937498933e+00,-4.659713567271106527e+00,2.325775996061874462e+00,-6.123078941449858092e+00,-1.056565439967866560e+01,-3.952822739728990786e+00,3.994348222926626946e+00,-4.589783067415791340e-01,-6.885513861981251260e+00,-2.615491452957857010e+00,1.940363094677784783e+00,-5.830088856624645821e+00,2.937310272415368795e-01,-4.637758529398218421e+00,3.082266066873774468e-01,-7.801081141110110195e+00,-4.779790376720451484e+00,9.868617675851161231e-01,-5.240149009120938395e+00,-4.129125318479162310e+00,-5.415535736236784636e+00,7.536273829675654845e-01,-6.904520993635466120e+00,-6.736217230050081994e+00,-3.074750435078100974e+00,-4.362138830499920239e+00,2.470246825880069164e+00,-6.935152835380812064e+00,-2.492028759141891925e+00,-4.289937914213992620e+00,-2.369850393410315448e+00,-4.218478801198883410e+00,-1.931889210835345816e-01,-1.109473558471437293e+01,-7.005216145607401579e+00,-9.071706156339133242e-01,2.416779277208649823e+00,4.666157322802198415e+00,-1.856010385054909451e+00,-5.198370565373731544e+00,-4.793019691431475771e+00,-6.744639133541380893e+00,-6.959385128886510508e-01,-4.931908752543161967e+00,-5.536915781004898562e+00,-2.556302460242143137e+00,-3.632598163240832179e+00,-5.463625052676499561e-01,-2.005531400100278638e+00,-7.729900030233006092e+00,-5.397527786474847211e+00,2.762045443601798933e+00,-8.634994893659651893e+00
