0,1,2,3,4,5,6,7,8,9,10,11,12,13,14,15,16,17,18,19,20,21,22,23,24,25,26,27,28,29,30,31,32,33,34,35,36,37,38,39,40,41,42,43,44,45,46,47,48,49,50,51,52,53,54,55,56,57,58,59,60,61,62,63,64,65,66,67,68,69,70,71,72,73,74,75,76,77,78,79,80,81,82,83,84,85,86,87,88,89,90,91,92,93,94,95,96,97,98,99
0.0,0.5393069934207289,6.019022371140501,5.404166477760225,3.6130902418556974,5.027942201054815,10.27131193777655,2.0534890692692254,1.8746714960902455,12.10448819230331,9.86390141718084,1.5764974994915537,3.254884378323984,-12.224740245068867,10.586247306787712,9.191219504751848,-1.7139450403305398,9.371778393833821,-4.763936893801274,8.149016918163817,6.391471160439608,1.5926053549058918,-3.146467648724172,-11.845023629663867,-3.313377968715573,-7.469753312985135,-0.8192248970757294,-0.8565656486741134,3.0313929187940087,3.2422376666215844,-5.313422126718826,-0.4592574592838391,8.816844765268797,1.3812735879500588,-0.6192010634428473,10.5269396556305,4.425139379290507,13.607577890234678,9.801447036810787,9.45877607366873,5.220453242396316,7.953459116494826,12.616463877955733,2.424962967480211,10.735693550665243,6.613481512802707,7.807989492046419,5.356855307606152,9.703799828697933,4.061914998953344,-0.1699293402639555,4.958647614089744,7.755764879235917,1.4769541455392257,9.170226349399856,6.592790622353052,3.251557565620851,11.019915697278975,13.577440466623992,10.54155289591602,7.087389187256566,5.252436379874425,9.152414200631716,8.204950914052484,6.127203791303358,1.1402904616293594,10.309990371724282,-1.1594611267328725,2.9569772367286764,10.30479845698473,2.3916559232943593,10.435199400301496,-7.7452304037133475,-0.06077302598893493,-5.992468282878489,0.9178716767228019,-10.343596749637872,-2.7269427512972686,5.0988025367983445,8.608108240536227,-3.279232289406123,5.036008625759494,6.2348117912352885,7.6865864744869565,-3.6186638968511033,9.355524912017469,5.300853171352356,4.763771478171625,10.644145935555603,7.89902354554274,15.689735552271747,8.298176346051132,3.5931551750138913,2.0275673117961266,-2.4137952591808074,10.646394941920592,2.70689058442784,4.662393906784206,0.8292658698731313,3.950213563683332
0.5393069934207289,0.0,-3.89753927630014,-0.8418307528556056,5.440601037471104,-0.6052794762019712,1.540994470909255,3.5822312655238595,-2.175072762311609,-2.012184051862796,-0.3967319394953488,0.7139628772249372,8.738024796201133,-11.904841755659556,10.363784781706055,0.9819467635522758,-5.190358624567767,-5.974243323725465,-8.242766888875519,-11.773489567890584,-2.6161717321298954,-1.7318866456805675,-12.311883579196632,1.8022343252230348,-5.221116774860312,-0.5914698267653433,-9.224877080252202,-4.5890550240403565,0.24282046678019348,-10.26317017609279,1.095136489466129,-6.624403523249078,-4.115188014096578,-4.623695387501264,-7.847095004161216,3.9066890325610952,-2.2218472331128427,-6.190639758666934,0.9354032962682712,7.816336213536783,-6.492353626672215,0.6589350823794085,2.2738422413483246,1.9671444356611376,-1.810479694987444,4.751391200639633,-3.209061269577204,0.8210717911181254,1.7477269542994052,-4.241020218427405,3.4848656109386567,-0.7512865642324176,-0.6545096319772489,-1.3845647140711987,1.3159905349473844,-9.173959382753655,-0.6836583476358223,-3.511547168232889,0.3729013483899806,2.071171024493077,-9.305028638323977,-0.9455935034350883,4.774967338333234,1.9656402019184855,-7.383043071745697,-1.8437989234571717,-1.9764249423992524,-4.30366018604867,4.544452830355104,-3.8286611207641266,-3.7390503914940014,-3.144048047905516,-4.182709093737059,-4.089623559244274,-6.449460407700349,-0.5071709955616304,-4.197753442749366,-3.74329546182358,-2.963012718067324,-3.174356263533737,4.139571839397027,-8.471364882605878,-11.86136416148838,-7.457357858864871,-8.678945722339767,-5.216689153568872,-1.6439129339650476,-5.671590009282139,-5.096713993657261,-9.5715997492651,-3.2665982688822206,-6.359171552001567,-1.893293188969141,-4.398892068901815,-11.447453639811933,3.292290775389572,-0.33552113110585874,0.5214231575644681,-7.759056752123975,-2.64876852441156
6.019022371140501,-3.89753927630014,0.0,0.8826233023855277,5.619303874583603,0.19279792458198972,4.826127970434382,-3.6427020363978984,-2.668888041447691,0.07609446490805606,-4.9320670854106075,-3.809504905766672,5.353309818522115,-8.588042117917809,9.635760507962264,4.826788049006461,-4.423345845654514,-7.68282968072828,-7.261207149116813,-5.535249024467825,-8.322734727444125,3.333241385089812,-9.144512862887009,3.1135803990997344,-1.798468510238649,-4.882519479177406,3.701218041401338,-2.2145487962889536,-9.812674304674344,-1.542799865989653,-3.5907459874610987,-0.3006379884438504,-7.198025277831776,-11.609381936474165,-11.675643389042111,10.883701650632927,0.7697253244070897,-3.6670012116573303,9.759579419066807,8.299607394371222,-3.9409917931317993,5.1407092469761295,6.17195626343639,7.55645009528107,-6.058200180678845,2.1186175923417014,-0.32613204617516767,1.2413730368872955,2.527605598630475,-0.6488640951059887,-1.5179554573960878,2.5854718603544264,-3.6230977007791054,-0.28297047793454905,-0.7720141018420255,-4.695012767215424,0.39449878366251806,-2.700298199275587,0.8330899676797683,-3.7052327169285673,-5.549531845428008,-2.600216401296904,7.351707010074291,-1.2501399245723708,1.8795116996823087,6.507665080673229,2.0227610454097182,-10.698941786028964,-2.9416600566965294,-2.992596169647014,-2.9717721560370127,-2.6527065440563873,-11.50516007744723,-8.403374991580716,-0.5901323290343453,-0.9707062244736041,-2.051879769444536,-4.635299671799546,-8.548772555637983,3.047461634407357,4.148765935066193,-7.737423688836063,-13.442064354956,-10.623994927119355,-4.602047677786263,-6.194315044407411,-4.646514846679634,-0.9359481494837684,1.9086389331411289,-3.4310818233538476,1.3383548920797879,-5.032504248419534,-5.031804406515104,3.6816592125575847,-5.339226099762004,8.600079302665394,3.0539387586433144,0.4731743687328591,-4.624802436273735,1.4964288286977998
5.404166477760225,-0.8418307528556056,0.8826233023855277,0.0,5.7015821868106,-5.126021814808118,-7.330730374350066,-1.1407498443521156,-4.737459078117403,-1.2515666323838555,-2.485896270486923,-6.827005997201127,8.864550532072068,-12.347883520432188,6.113403982463038,-4.2052540818222175,-5.8989452111795515,-6.024614117953869,-5.307300527161277,-9.991232074723529,-5.441209255003648,-1.053258698877208,-14.141530431297456,-0.1588940531692415,-6.845959258074569,-2.926674172359615,-6.012261579020776,4.612361720460911,-1.0006153887557798,-7.783242347620726,7.8075055853445985,-9.194951237208844,-2.556926784246166,-0.652367345806725,-7.561260865852788,1.0760357629094277,-3.213578014014858,-2.911269729630725,-0.7563115263181821,-6.471411534252214,1.0526809561377495,5.250078922343759,9.506914644379975,4.717630679723071,6.243181875699409,8.520841347649748,-2.250003416873385,-5.592724457539076,6.711727724984542,2.8411035921010064,0.47917596229872994,-1.711039412518718,-3.6347060680141823,-5.0185087459301485,-0.9560596679480282,-7.142060691040748,-3.359250433748953,-4.638957514098232,-4.813730573834113,-2.9786674831150415,-4.782832347550921,0.1168218367363654,2.4672490043752746,-1.220629034955501,-4.881449403649248,0.9309857629113046,5.393484553238921,-1.0373782968695964,-0.16105383340954257,-7.251536394837879,-4.539591434090884,3.2974367667345645,-4.940049432469371,-16.187036339312677,-6.665117020819691,-8.729585424422888,-2.9317900017824647,0.8253600604832042,-4.707876360640837,2.7267083750535965,0.06720513163692757,-12.490235083877293,-9.668963561519623,-0.8962095220742714,-5.499243118510215,-4.196523393744331,-13.358169945052069,-3.3848321979814053,-4.257847969331363,-6.772380690921255,4.687157738960355,-2.89990577001992,-4.651959120141721,5.472415336352143,-10.232344789797782,7.550709147250429,2.1481797162237526,0.650849206977142,0.8164471000019629,-0.9928138549626692
3.6130902418556974,5.440601037471104,5.619303874583603,5.7015821868106,0.0,1.3216016862949416,1.6153186566283615,-2.2592022563355254,-6.495362466609318,-1.2168234023248108,-9.943815974141108,3.6536985252413,7.201175034573804,-8.435201644500582,5.21765560458828,1.577851338466703,1.15300101258041,1.6856402688925578,-4.651324613458043,-1.0468094703168063,1.5648319613324813,0.56931702041855,-7.562630669427245,4.214472941093158,-1.635459088923226,-3.417427422814381,-4.634469504483108,-7.198415723680066,1.0214331149076712,-7.302569633453386,-0.15465427345178792,-11.939540602619685,-2.993657472513528,-6.979805470301492,-3.269223146047151,1.1349173258677396,-6.639507764632908,-1.1512897386225815,-0.7422651143059606,6.576765508572496,-11.687476535786036,1.990184836321736,-2.3671471800320676,-2.416822830040771,-6.029697356914107,-2.275131022034272,-4.280205709474464,-7.538772262257802,-2.4450248872978046,-8.04074707447445,-2.4386381441855254,-1.5180110280199255,-4.912471250024897,1.4096621014191328,1.047428607082059,-4.675513541753504,-1.5809842889497538,-4.051511339741758,-2.8874913825077706,-0.11618362449077084,-8.21381905204867,-0.25769013069131014,2.298748471683871,0.7963722249597219,0.10923881890393689,0.9520787027361866,-6.431914937574766,-6.731117970505287,0.37533158425108154,-3.209580057167196,3.286989680047052,-8.03409665159989,-7.701060857992118,-2.370328020742604,-2.162143723015479,-1.603028627602504,1.336258681416356,-7.636864010768541,-1.02293927271964,-1.2221040480365888,7.526703108258218,-9.85733011034451,-8.006546179217546,-5.185830707827992,-10.378122302744249,-4.161764826708834,-0.962148949234777,-10.975253339017208,-4.470468675364216,-10.634392924222686,-0.8802616512304422,-11.482510703615212,-2.4731540288143563,0.5019097941075192,-4.2913478391285595,7.3270215925160835,-5.237401898226001,-7.9249267591746015,-8.071024690879412,-2.7530254789349966
5.027942201054815,-0.6052794762019712,0.19279792458198972,-5.126021814808118,1.3216016862949416,0.0,1.0353820951581798,4.622021231111842,-2.979586368549613,0.24557339970819284,-2.5552947118102125,0.14246114283714836,6.807796125183744,-8.150824564518294,15.08054355584967,6.3134472425775785,5.8665752322498825,1.8094107090664573,-1.5925445137686265,-3.8230183455948334,-1.4270143899763867,10.733708781302797,-4.111849119457569,2.275410829434822,-2.6279331452871406,-9.264749559205837,-2.1318436498496918,-1.68642992961428,-1.0952027661797594,-0.21135145370325703,-3.0672910809431246,-5.223441258666012,-4.243559743465785,3.6448801034945553,-1.9710645368245816,8.458024119266195,2.594713668414849,7.283516385195248,-2.0104548550601904,0.6525830965285441,-1.0041096068474635,0.8688116669140958,10.640137762760927,7.260159489080624,0.8612084466627284,1.899162271669742,1.4945956669863407,6.718920071381348,4.598362515932151,1.3514449096144223,1.442543256399255,6.8207041488013775,-2.7287262865215727,3.32845580837756,0.07214300510674937,-3.1663286566717384,5.667818741102651,2.4780065987522617,1.4551633081674165,-2.9284788414256333,0.1769613079838308,-3.07070275745406,9.505340698386668,7.8063348897705,0.2779280920078549,5.286191708184436,-0.5405765197517113,-5.032643845315767,4.637815499791939,-2.609030980655059,0.993320074254048,9.944593138888552,-7.677669772064845,-2.96653077282618,-4.126209290325494,-2.8164313325305654,-1.2065287908359144,-2.163097793195585,-5.34139229706352,8.23887831096255,1.146490417991034,-0.37819345938276633,-0.7790806444837431,0.9748642861607357,-4.1369529829448055,2.8063813669844224,-7.551107720640285,-0.6955098369429303,1.964265964682504,-4.454254043194825,2.1648315815154806,-1.9507818111242692,4.041375644108117,3.721069514362133,-5.340781473759147,9.426078775199686,5.862741590153203,5.603692392678501,-3.0288642910988726,-2.124487166817204
10.27131193777655,1.540994470909255,4.826127970434382,-7.330730374350066,1.6153186566283615,1.0353820951581798,0.0,-0.5852401261807398,-4.892229221025006,7.468687337146757,-1.181260995170596,4.808518545714897,8.382897454138465,-14.582347249399694,-2.9232856046057174,1.7489076213163468,4.145123257260065,8.729509335816921,-5.1060785771857935,-5.703458135671428,4.632292718972326,9.156636300911764,1.2815281140120187,-4.75039354312283,1.7107493299313898,1.0174334809047831,0.462728657515474,1.9311986554154763,-0.7858278640006746,3.103024219392048,1.4405686740161971,-1.65169498763021,-6.233503385328563,1.9899531713354297,1.2789128065365867,-11.399390356628455,2.3349777312589435,4.677173507802939,2.337780088327086,-4.810828487066529,6.6368954135498015,3.1424401672385134,-0.11880503661927788,13.845084655193302,1.8590751468122324,10.976001897362975,6.738221285388585,-1.0197060487494558,4.939861485441462,3.6518562648613697,-2.6188981284112374,2.9403602781082836,0.01668205022923795,2.363836609119027,-7.2594994418386865,-6.0402266444162,-2.3173931976392934,-1.6996749277631495,-4.734739334658556,5.033589948974217,0.08232721472281301,-0.19655450242213263,-0.9014377655226979,2.9109021617130906,4.033464876019224,-8.943044175270332,3.1294054930778548,5.463367290694451,4.461423612332946,1.369600292869407,-5.750683670398554,9.661395131565111,-6.256991313290226,-1.4510372300480945,-0.10464332676366,-2.9016223837562074,-1.258840398413192,4.4665738497491745,-3.247418522439797,-4.640624316520488,-2.5246013308667647,-3.7066682855921456,-4.5821744239842666,-0.1040753394737604,5.4817848908739135,-6.159280858379568,-7.420909982317395,-0.44104427069410346,4.613933360966013,0.4934192550168521,6.765717427200395,4.4759399105724205,-2.29594566852239,-0.988972036424348,-3.9563937824515745,7.671311892794573,6.606604257011481,-10.692405342807724,1.302691330865784,8.448033914908388
2.0534890692692254,3.5822312655238595,-3.6427020363978984,-1.1407498443521156,-2.2592022563355254,4.622021231111842,-0.5852401261807398,0.0,-1.2348475919368935,1.6035808790982062,-2.5772975623576206,-1.4961334738050327,8.34475096632668,-12.142818287227813,4.898815919470547,6.820635810984218,-5.103883103914427,-4.651678422865022,-8.747392504919954,-4.641230024569865,-6.037447702314638,-2.9739116002581176,-10.589203807681862,-5.189017462001808,-5.716875624443165,-3.516764911372769,-4.999069293595765,-5.965231837813928,-2.3458147749721534,-2.491434589654952,2.575847047225308,-1.6467841155028993,-0.15735685107662112,-5.661253225446963,-7.343558001065029,-1.5592230204291955,-2.4753233089362787,5.944190581274512,-3.290846781894781,2.1042859678171872,3.580384100125761,-0.3558265426301476,2.7831830843432788,5.327567740441218,3.78381083855124,3.4316364817263207,-1.1397656085184629,-4.036020088886325,1.033981807912903,1.9893814404498695,3.0610524252752156,-2.459633398097056,-9.51441385868172,-6.92485443038198,-1.112038197150972,-5.308354556415618,1.2422083104770643,0.026688599546279054,-3.6983946766238383,-0.6209506893473752,-8.039780033842478,-6.531649213903874,3.8853572951423945,1.9660046173769588,2.888934410257306,-5.2277103046363775,5.133143892556079,-6.673597966664774,-5.3491479981274885,-3.9367532052453824,-13.116204898259072,-2.5801156714948443,-10.883087028301874,-4.014223599851603,-5.57344591287731,-6.360425996649863,-10.83349116116376,-4.315219908230346,1.5709964961460603,7.618947487005472,-4.278804491803724,-9.913747997395566,-6.692092807460953,-9.406918308766668,-9.420113759387853,-9.227455304804467,-6.291077476598785,-9.452268382527338,2.4515046459437584,-3.750786300624168,8.909281307226266,6.144425503638955,-4.183679493697953,-0.4285895935214198,-12.641759460137875,10.752320107065325,1.7521887667557619,-7.279612655684175,-2.710694114720775,5.58384779878329
1.8746714960902455,-2.175072762311609,-2.668888041447691,-4.737459078117403,-6.495362466609318,-2.979586368549613,-4.892229221025006,-1.2348475919368935,0.0,-0.5483350631628556,-2.8066898101981623,3.9191567984712545,5.711246619649144,-6.89993452738757,9.226065073299768,7.632794441558506,1.80819126551701,0.9639969807476391,-1.457683633283409,-3.448343698508735,-0.9467948666515549,9.754262126144017,-0.10506773335618987,4.578437549968032,-6.286498844209233,1.2873696113876332,3.3998233670120905,1.6314154786029404,-3.937277857666405,2.737554665235873,2.7793627303298165,-0.6103886087400224,-2.491055066402229,6.244737202241727,3.7055496277458686,0.468746506354588,0.4790509733446,13.136663204899053,3.1181552887777726,6.054758212240209,5.391234462246925,9.535864753358581,11.753102128668736,13.327429323082807,10.761025364053435,10.094585175271712,8.807242871678698,-1.102095235770464,0.23649574016243932,1.4699209574568524,7.368040191980706,7.262069119376106,-2.682663110251129,8.405221406404465,3.202470736023456,1.9575675955259693,3.360454907337056,1.5550028769735955,-2.2469884920311447,3.8623297471203326,-3.769148062800816,0.9294677939845976,6.694127992370556,7.4943444920098115,8.387400654781048,2.7419148377923115,7.6421477889645795,1.8840220763883129,6.17202598074305,-3.107454225959662,-0.04494826233820186,7.940850997957074,-1.0076995040580699,-1.1152611143653284,2.469719706944802,-3.430822216523696,0.3858906840389468,1.3640484597445155,-2.6302956709561887,6.115377223968063,7.278160626241847,-0.8686248835014886,0.15983620793074055,-0.1562276353423185,-0.5295614621607013,1.3954178813864628,-3.808990811442557,3.4446596278020176,3.774695881347084,0.9831901193159146,6.506942776480758,12.16093587029442,2.955178688108785,4.556467639330331,-11.279713582741087,11.532263528239294,12.22592104714466,-1.3983044588665543,3.27374572595472,5.487196917178474
12.10448819230331,-2.012184051862796,0.07609446490805606,-1.2515666323838555,-1.2168234023248108,0.24557339970819284,7.468687337146757,1.6035808790982062,-0.5483350631628556,0.0,-8.181312603824743,-1.765940200059669,2.732738675203051,-5.207026971026001,8.428842255220886,-3.643984734134756,-0.28639742755063174,-2.8151391562947374,-1.5560074380467372,-5.488396399066061,0.040748640150116026,2.473918890257704,-0.23794400931637968,-6.2789882735261875,-3.081488468795452,0.8833408309937165,-3.214066916930007,-2.0820072425307745,-0.49611398732243583,1.0501379512588385,-9.459063058488344,-1.0416616970452968,-6.228603882836964,-6.6989097371579165,-3.58943502465884,-3.7576531459856417,-0.28644766488236234,-1.3439283776980924,-0.8595665138030334,-2.039661137343748,3.4381473165578287,-8.524796343405214,2.7212511028782047,3.6602872076248,3.0839382641012194,3.5828149901985222,-1.5494514887169315,-2.611248377095152,6.1272589914520195,0.9060267156970359,2.468354042177958,-2.7099215633596128,-7.00158667102711,-2.647369726718558,1.2017529492788868,-8.34099897509366,-5.447657154164335,1.7042546383541224,-1.8177440631667616,-0.4358155880060112,-2.427047413539389,-2.367601652816968,-2.816781630815101,6.445324279571003,1.7079192037449935,5.841733366648588,-8.9876298419803,-3.357816571156521,-8.531946660606177,-4.807271824571403,-2.133519983514017,5.124940800993596,0.5985781833659654,0.3217120655829013,1.45850088219794,-3.817988450045551,-2.145345093852264,5.8403050316560865,7.266712126323042,7.285859634612798,-9.216301306495806,-7.406683584792946,-7.690089061863072,-3.2954644605095766,-6.248666791943105,-0.5025197172318582,-7.302897864368787,-0.07732433413084355,-2.950068825030431,-7.667844613794743,-4.696012251665688,4.180197454119121,-4.778020926052664,4.434422673571057,-0.12571738603721588,3.6439389497677777,0.873936669497252,-1.7005576579247503,-0.7102950943601807,2.121251607965792
9.86390141718084,-0.3967319394953488,-4.9320670854106075,-2.485896270486923,-9.943815974141108,-2.5552947118102125,-1.181260995170596,-2.5772975623576206,-2.8066898101981623,-8.181312603824743,0.0,0.051155808844370605,1.8909282363066928,-5.397103799265056,7.183327264869528,1.1527134913708257,0.020322768390045078,-1.8790927369971688,-5.435496024813124,-0.9964385860559987,-1.5678913753139971,6.5161832968099445,-8.217710793499357,-0.6335094146001542,0.6103565151246445,-2.985222722694928,8.317803105754601,3.36868674381594,-1.0543536094474724,1.9164013636140385,0.28128545678972955,-3.436099241146071,10.073879441216741,4.800401274918404,0.8261272591502317,5.2144836054688355,-1.952707842078592,5.298120016101373,9.36483141652027,1.2623225442654809,10.92192668649476,8.4905479416432,10.280192206464063,1.8537003139690609,13.887851728489396,8.737330339922126,7.912466993625552,7.324043402438425,0.6215444642010679,1.7504350513709954,-3.9540384765493175,-2.2315161999233255,-3.896245848073896,2.593331698873128,9.913871829301431,3.369828791853214,-0.5755514332869939,3.424750084520441,3.6901569285224296,0.13904515211383203,1.4760102066276355,-0.03126510760858267,7.801915170427788,0.14300460729515543,-1.066976930582684,5.159640749668879,2.238344942489061,-5.113665668264135,-3.04317800968643,-4.8963559579719895,-0.3487752333257756,5.278492791544319,-6.389746516581223,-1.1363046454950176,-0.613440735782071,-3.4001588862515097,1.52608536996822,3.599841454137149,4.9241544899397,5.9593341286738575,-9.45449917893488,2.9730786596569083,3.7222659811804735,1.5305851664180667,-6.057384925748024,3.3389324562271847,-6.617470729745328,13.21088247016511,7.872990271191561,-1.9185774629033816,6.753983172342801,-0.5466383448868155,-5.326652918326909,0.28645797752201,0.27779924662777206,7.3882853281849235,-2.0709744931499285,-4.301650046603865,1.4793612789984134,-2.14012154960856
1.5764974994915537,0.7139628772249372,-3.809504905766672,-6.827005997201127,3.6536985252413,0.14246114283714836,4.808518545714897,-1.4961334738050327,3.9191567984712545,-1.765940200059669,0.051155808844370605,0.0,3.7731133969074415,-11.329866959936764,6.986879671943762,-0.7934334615771107,5.288161946369597,-9.391855908454753,-9.608597260782927,-4.98543948367957,-1.0453668074107287,5.423497051792697,-2.556149582245253,0.08427325771849793,-3.467766908944258,-2.629845519629808,4.494687640921858,2.339934099938523,4.689535671091237,-2.000465666828396,0.10021328498978516,-4.243974848062702,9.219805749081587,-3.463913455235599,-2.7208590911001935,4.538960513517177,5.702319533055151,-5.99401758895986,7.841425766291453,-1.7734577167784609,11.527649413919015,3.4789625963103825,4.580583924899038,12.404948403551453,8.687327945901112,10.511412204660605,5.941019078934547,0.998932399784719,3.119938494439788,6.402847417950401,1.0390289094551624,6.191422978216104,-8.940657389523196,0.7591127119390899,5.47992348422261,-0.42358690378030384,6.414362292631375,4.041497972455278,7.738465479510099,-2.4195822896481016,-2.8076048434502647,-5.15237943328288,4.578882789524024,4.1834396582841125,6.951656342629659,3.351573969430708,-2.609333359262532,-3.2918105901297428,1.6848070592235889,-3.3292977565343853,-1.723634744624288,5.441436796358984,-3.269444285836397,-4.672586206839521,0.9173579330346493,-3.399515207517819,0.41533231218557853,1.9053931447114345,3.317172150090889,-0.354886646305513,-5.075298778067491,-1.8923109400413631,-4.53665661028576,-1.6653802880021287,-0.9344512907828014,-2.795589508371279,-0.5586521372458613,3.8507199433778254,1.7129187961173522,-4.916482656775251,2.697149794234027,-1.4736838126016223,-3.7455615625516865,2.6641472540328257,1.9629438420401049,7.941521487047816,2.208838221720113,-3.3015987639879785,3.9326265549405695,3.370207793517676
3.254884378323984,8.738024796201133,5.353309818522115,8.864550532072068,7.201175034573804,6.807796125183744,8.382897454138465,8.34475096632668,5.711246619649144,2.732738675203051,1.8909282363066928,3.7731133969074415,0.0,-15.314272035034403,3.8219605155876306,-1.2589729568204415,-2.1465224523796502,3.4138698041515645,-1.6959833575159875,-4.743308018622397,0.42240570405176286,7.084758436009062,-3.8507936623437495,-11.089336411349908,3.161643546321849,-2.342966466737569,1.8684069714526688,-2.2925002923749025,-7.950891310875138,5.6274550644776715,3.756278855511869,-2.4993478564006995,-1.9261782962722769,-0.4739809983722508,1.9675262332514367,-4.770091669342417,-0.29428736425212604,13.607869489122375,0.8280307270870877,-3.7709102335469966,-1.847744318575732,2.0553061094358527,3.5180994892211923,1.089862778297944,1.887057213472952,1.7443490621766509,-1.7890388154672816,-2.8993725239140287,3.835762756231188,-0.4515624211035783,-5.925729592612432,-6.077642741889604,-2.870053750902672,-13.806371094359225,-4.971160007063404,-11.875464691764538,-8.663756320831682,-7.749156325952778,-6.36339979135517,-12.278680527618803,-7.953326015929234,1.8580398989229383,-3.6278048605820663,-3.4341857624406784,2.965170314972088,-2.688527560390459,1.0643105346906119,-5.94621840905014,-12.570102554158359,-6.712600806863896,-10.866887932188131,-6.49520982412387,-12.512051548036789,-10.632789991631608,-4.539358203391182,1.841295566683076,-0.9358423019903016,-1.8102481275077575,-1.3683134706455555,8.078388452095732,-3.3194798272703983,-10.415663791176875,-7.935206394422034,-7.079527310527239,-7.140828768141747,-7.862516016611665,3.660105915327544,-2.7311560078029755,1.2483261222754807,-3.5183312875746457,5.883441345028665,1.2489855957672065,-2.455385956939736,2.2748834643946902,-5.377012495736233,7.990140766671241,3.3404024523480604,-1.8541296407804415,-1.472807091917136,2.2626125155549017
-12.224740245068867,-11.904841755659556,-8.588042117917809,-12.347883520432188,-8.435201644500582,-8.150824564518294,-14.582347249399694,-12.142818287227813,-6.89993452738757,-5.207026971026001,-5.397103799265056,-11.329866959936764,-15.314272035034403,0.0,9.491674053129012,13.608144580249203,9.049387492074388,3.8464551677583465,9.975371734181456,5.164092416044158,2.0334079686224356,9.517878477197891,1.0874195623547895,10.92080032102086,8.589303185369742,7.457912056904547,11.341629858146105,4.840164592429639,6.965943556166195,6.343949740711016,0.8631485280269138,-2.5507311391350704,13.292794455494228,7.478590357459197,7.279908036785233,11.230326647983572,6.6231464148097725,-0.22808097182434664,16.20534392596599,8.957236023659945,15.18122827258754,13.905436852381545,16.931764695512065,20.287773309622352,18.400972849611797,19.541144387722078,16.2321159766766,12.656400991344812,17.57684977124841,23.71026433628227,10.84563470315816,11.067274054260627,2.4223880799938264,8.346673837973754,15.641937333117381,7.265520226747461,9.438506994102605,12.814144073615504,7.456882921225139,1.3179810901131388,6.88521232341683,11.34467958192298,13.403669325860927,7.654591682732437,9.803077022564528,7.417892633458224,11.490062688645828,5.443367031641849,5.190950987566885,0.8065478710581871,10.63148348850196,7.112120525771748,4.553407199101728,1.5144512793153924,10.517988891913792,10.506174893404827,2.3706883683743487,16.785366572827968,5.3107937577506155,15.106042268964451,11.37972308574198,11.18732198336008,14.651011612389285,8.83677998646258,5.525328643520494,15.042688294360165,4.648692721136471,8.200895640040166,6.905100915588399,15.103197809929144,21.499896438833165,-1.4032460702406304,10.86593720913978,9.965405401523908,8.55106133404046,22.36241767204952,19.758316305187464,15.1047797876949,13.139188672538044,23.262071898718307
10.586247306787712,10.363784781706055,9.635760507962264,6.113403982463038,5.21765560458828,15.08054355584967,-2.9232856046057174,4.898815919470547,9.226065073299768,8.428842255220886,7.183327264869528,6.986879671943762,3.8219605155876306,9.491674053129012,0.0,-6.457463719445926,-4.554933391116389,0.7639172387947064,-7.180670887970185,0.6109439370682458,-3.238653235477467,-2.33240699324964,-9.254351251521927,-9.928793776313448,-1.383576875870896,-3.252960981479773,0.4940930742087389,3.652143914892661,-2.061108508633839,4.087955642995539,-4.6942713902538,0.9296728674841466,0.5261843426585848,3.290867304533434,6.22311599587019,1.5767073850505904,-0.3071544849517951,3.791386558129792,-3.9696641575473226,-2.455496584131664,4.695743934880606,4.24406510199514,5.435475460096328,-1.3210979740816209,2.4409345215982263,-2.1110651451030304,0.6279122594012677,-2.839050493697742,6.022106398927725,5.629536213941112,-5.061544913721011,-10.892206045162427,-12.283429986226784,-12.839054360771204,-7.62212963197315,-12.658509403175948,-7.014743280956796,-10.631433867953904,-8.190934966695934,-8.529745946408704,-7.390642041904947,-4.1444397323433435,-6.431174068495888,-9.62634555988038,-2.2759109380334914,-1.6801744728377683,4.507829237460978,-6.798285346490905,-1.643932372625185,-7.846966982118608,-3.032374056152281,0.25986895084250494,-8.043265136113009,-4.565612362430363,-0.8811806399783478,-3.0721340971290703,-5.669433932688562,-2.947078744996737,2.091519416461309,11.987670200913135,-7.660827009740697,-4.335243734747934,3.4515593502151822,-4.71657674535204,-11.313142491467268,-1.5361610975244044,-2.0637540440370175,-4.48513272838298,8.380446388115939,1.683861967236311,7.419768612047583,-4.063263079368061,-1.465907958269396,-3.1220387935414764,-4.864190257799224,5.902570611083055,0.7002737969089197,-3.5820235654906014,0.19034527900956735,3.8385316663893336
9.191219504751848,0.9819467635522758,4.826788049006461,-4.2052540818222175,1.577851338466703,6.3134472425775785,1.7489076213163468,6.820635810984218,7.632794441558506,-3.643984734134756,1.1527134913708257,-0.7934334615771107,-1.2589729568204415,13.608144580249203,-6.457463719445926,0.0,-4.87514357281766,3.771151999306827,-6.143933576836281,-5.540941973147827,8.960231481413922,-1.5121383797004415,-4.983757283241456,-5.084627145860193,1.7225486413428373,-7.389939880231314,-2.0235005029793967,2.489115043409415,-2.044409468169707,1.7837186011130983,1.5045350149983376,-11.220270701324532,1.1187589448397868,-1.738944604226491,-5.051509895969209,-9.012658455518588,-0.9386501346760414,-4.949362914237536,-1.9392887465510105,-5.510705833845208,-0.1269079326766548,6.356301837726227,2.602790983526256,6.068273070320957,0.3022400641610318,6.860969227246072,-0.21654341168391208,4.543943519802613,2.2192788033502286,1.4413092501062754,-8.241881756117827,0.3487543050942999,1.4602841982146135,-4.737026720447363,-8.597008333932742,-6.189835426869566,-8.590258409803667,-3.995939056114717,6.721579811476612,-0.37160085022395184,1.7025235374671364,5.764966665640372,5.251152558020641,-2.3999431778263567,7.785219328184225,4.063266496886038,-4.25916813911327,-2.9791562206899886,10.442355556666616,1.0097961832574112,-6.4442002720299065,7.773831298253229,-3.28037723431495,-11.803959641377414,-0.7352177979470963,2.6809634076711664,-4.975893098166271,5.367840238735804,-1.5411727329266063,-13.18079209494862,-3.701478238726228,-9.096602758666116,-8.177544978541617,-10.440788203830406,5.410410612073504,-7.092900044198886,-7.569858517890811,5.506881500674632,0.2579698432116069,-7.572359964743165,-1.874694024741275,-5.486178021951898,-1.2496899512793629,2.52581242595777,-2.8447342339918356,1.2187780862768371,-4.327030183579572,-10.481639559028084,-7.838610540695447,-0.30376313403420463
-1.7139450403305398,-5.190358624567767,-4.423345845654514,-5.8989452111795515,1.15300101258041,5.8665752322498825,4.145123257260065,-5.103883103914427,1.80819126551701,-0.28639742755063174,0.020322768390045078,5.288161946369597,-2.1465224523796502,9.049387492074388,-4.554933391116389,-4.87514357281766,0.0,-3.2260647449548143,-9.198353666551885,-6.382509653124206,-1.938242201894807,0.44109785258622086,-3.2504799298380505,-2.89176889003254,4.360715427188564,-2.594738404571837,-4.673092701206638,9.654080955905988,2.355034280470751,0.5286701563142836,-0.6797053064151585,-2.9864607738731417,2.7108197072352898,-5.650674527585488,-8.047482378370246,1.0546319335545205,10.288230695006527,-3.6895570529839055,2.1650417828784168,-9.136574099742152,6.214732139654839,3.674813508362416,4.410736431856613,4.0877210530767725,-0.4773742371181109,5.773523413487158,-3.229950051374409,-3.2486036012784054,2.074490471432416,1.8462250664640405,-0.14078053883046115,5.365453618744626,0.8765820078609788,-4.245567575362275,-2.308279759480228,-8.325262077961021,6.090930881098481,3.839132425893738,0.8933593225684803,-0.9986501635433155,-1.478005453712588,-2.758698339220577,2.9126676760679784,-2.0493577162936187,-0.6741842429852402,3.025772920021612,3.277277616220093,-7.216993294961078,-2.880152774152392,4.669660522877047,-6.560120804118991,5.39192338412241,-6.624455178026317,-5.521711345390933,-5.845559826727183,-1.3942594202392533,-2.9797705226519144,-0.34249150952583207,-3.505029070813572,1.0567110371106043,-3.808709353495791,-7.933891524838531,-7.914144311798054,-0.9938248969355432,-0.24678292619790557,-6.264594349157616,-10.206139201094746,-0.8157002449525484,11.26174626122096,-4.340970111292507,8.314544656844852,2.642084966649551,-0.24427833282043868,3.037737470209713,-4.133139956615035,0.24206829942913707,2.9653133029597294,-8.462713953252193,-1.4387805844573156,-0.07948977752546924
9.371778393833821,-5.974243323725465,-7.68282968072828,-6.024614117953869,1.6856402688925578,1.8094107090664573,8.729509335816921,-4.651678422865022,0.9639969807476391,-2.8151391562947374,-1.8790927369971688,-9.391855908454753,3.4138698041515645,3.8464551677583465,0.7639172387947064,3.771151999306827,-3.2260647449548143,0.0,-3.3697168892627136,-4.9940236552464174,4.756420299447536,-2.3551107312528603,-3.1996516200618266,-1.4539133280483423,1.3440317693045851,-1.2217748357833038,-10.7123621278876,6.427150444623205,0.6835739633539242,-4.810146456031279,-3.7926085682140336,-4.881206297694243,-10.971743772769091,-7.638815458100163,-7.598311735920833,-9.600661678203837,-2.7695689168672377,-2.469450006916492,-7.2991464543944,-11.86509734662586,-2.9952578367138294,-9.38463425514397,2.975410969530928,2.4970794945463246,-3.1971023066314697,0.4305007813374005,-6.879315015536909,-6.937271254889471,2.851163968189939,-6.754139954171097,8.932436514605953,5.576226064295696,-0.35807158806602446,-8.833939466625088,2.179347570740143,-9.481832592349324,5.941975933288969,6.628829384426984,1.0127767134775147,5.485601296611956,5.226181917764442,-9.938733763905258,-1.140359985754493,1.9391909823633824,-3.193485887497163,1.9027484964061296,-3.9884309427429367,-3.2496055056673487,-1.0199365061894048,-2.190993484573821,-7.77024480176759,7.1422457401776,5.434727523529505,1.5400829495534007,0.6581176306764274,1.3530292706332168,-5.157918247938836,7.517330179338469,0.08212571338266537,-12.144740190014527,-4.264248779550568,-7.924723449684328,-6.439961968355121,-7.967587454574165,-3.7429121336725975,-12.039378665887805,-8.165883158645151,-2.729703879985869,-1.106601746033474,-9.100329920513628,-1.4196348569338728,1.9198768512659876,-3.9741093696269383,-2.035150923723265,-6.715941714684241,-4.137512915264212,-1.8505518977505064,-11.538508998611736,0.4189941065894697,-6.732247058538507
-4.763936893801274,-8.242766888875519,-7.261207149116813,-5.307300527161277,-4.651324613458043,-1.5925445137686265,-5.1060785771857935,-8.747392504919954,-1.457683633283409,-1.5560074380467372,-5.435496024813124,-9.608597260782927,-1.6959833575159875,9.975371734181456,-7.180670887970185,-6.143933576836281,-9.198353666551885,-3.3697168892627136,0.0,-4.497200151385481,6.675372362715061,12.378614206206707,3.255506376869264,12.051675711813408,1.443445978201702,5.050102477138351,5.245894717718742,3.912904657428664,8.470944559867418,12.034636561564035,-1.1202029939407208,0.11428450724355864,4.214034983039038,5.823678560799825,5.128313239267932,1.4161279122405888,1.359478472948388,7.515711203960007,3.067761714821916,3.881137510076933,6.218160950418099,7.100783783944401,7.896211918061295,15.12647876746297,4.34224141416917,7.170950534470093,6.4986842226139165,2.964119147415417,11.652370581693956,8.05668442632113,-4.812169409658002,10.423757274916053,17.094597746422572,4.715574737719796,1.0335230270811706,5.561687857376096,9.087725431271688,6.775957597453925,7.827237718600671,5.129642101950781,6.294426903723999,8.503468351519405,10.659926715760063,13.521762225525627,14.031157842803674,6.697101682684076,7.01152892615578,0.3437451602909983,13.286055359758972,8.415000758155363,3.1008740705790965,9.003395383183614,1.2086479502056573,-2.6950429614284865,7.223172549878611,5.615203067229591,5.661368580631692,13.03190442280928,2.7428440627209265,0.5709514092299728,14.339078866010052,1.1201755888668918,5.065344908718079,11.399936126779888,4.470143284500812,6.9434355901738325,1.097791098552884,3.4456299780222186,0.5269609324319364,5.13350199746634,4.739599058804136,0.7970313219357401,5.373113437267189,4.856481656033702,1.5243469167810375,7.46316740001611,5.4917380170191485,0.037352877848081466,2.889996384275697,7.213445174347218
8.149016918163817,-11.773489567890584,-5.535249024467825,-9.991232074723529,-1.0468094703168063,-3.8230183455948334,-5.703458135671428,-4.641230024569865,-3.448343698508735,-5.488396399066061,-0.9964385860559987,-4.98543948367957,-4.743308018622397,5.164092416044158,0.6109439370682458,-5.540941973147827,-6.382509653124206,-4.9940236552464174,-4.497200151385481,0.0,2.3256844121461206,12.593171818893122,5.00277247643594,4.66593751296598,3.0826600206359287,3.8105656940282056,0.04773107044084506,5.265117500458452,6.842478560276945,5.569395169186782,-6.523244143139024,0.6417082572128372,0.0014241876216575103,0.44875220555595424,7.481586959676735,-3.645344949100565,0.7396272767683838,2.723181865797472,1.5392356189555183,-1.10305403066996,6.19495102247347,-6.434887454916776,3.2807740134882994,11.434800677678261,0.6045775705844384,-2.504183510901344,1.7238043181819185,6.683156008876783,10.479096140710448,2.617880897423961,-3.285732099748188,9.790573351366112,2.7423922556322204,1.7665716542257073,-1.095588976130306,1.9073738403426557,11.783623566263712,7.766118018128753,6.527899290418037,-2.3358634425125926,3.1072728592209296,1.6756180433403696,4.23430715707275,4.265488321845039,1.4725083490675464,0.29084756523773514,3.9351048606587136,1.2382033379450383,7.620364704894536,14.04284493323775,-4.4464198823888745,11.715300853469396,-2.2241352353076516,4.424627102420477,2.9923578907801973,-1.315458392358722,-1.293918692301882,4.785108395751195,10.535399624423922,0.2652228436016465,8.762844790573297,1.134185117510793,-1.0752224780755384,6.3040050697850285,-5.655036903397005,3.4446944530447814,-3.6794489349564783,0.5035644430880302,1.5847661188940876,0.7182006558257836,7.9782419864869185,1.3864235166254768,-2.0257291653390057,-1.3520450285054355,-3.0354567820015346,3.6264663614440806,3.1801692696186805,-0.4346764867613517,0.2764609492867445,2.5459409883333883
6.391471160439608,-2.6161717321298954,-8.322734727444125,-5.441209255003648,1.5648319613324813,-1.4270143899763867,4.632292718972326,-6.037447702314638,-0.9467948666515549,0.040748640150116026,-1.5678913753139971,-1.0453668074107287,0.42240570405176286,2.0334079686224356,-3.238653235477467,8.960231481413922,-1.938242201894807,4.756420299447536,6.675372362715061,2.3256844121461206,0.0,-1.94829870273669,0.48102977763934446,-1.1871334792033688,0.32962558386221646,-0.2366111737137168,1.7187589598092923,0.8007879221576024,-2.3733828917309,-2.207855441451778,-7.50571831318836,5.065708884896576,2.6044315625585566,2.290486775367917,2.951285215376012,3.9474646118748273,1.1810115006384865,3.498087168062247,-6.827802970754171,-8.45775062990251,1.0910981820663967,-6.452211104292829,-5.305248176184807,2.6385803280431968,6.409326837634543,0.7469087873930175,5.476592248405545,-1.7990676529150569,-3.665249640995329,0.9356694447404461,2.9090361205220567,6.573566049056537,-9.2558110317194,3.085773337630481,4.188703163560384,-5.2566385220726275,6.741409205130653,6.134201556600899,0.4685242768658341,0.32675543349856184,1.2561962779203744,-2.073467199728327,7.558191387763067,8.44105220222913,-0.026195300830924032,2.7346421295567063,-5.929587414470351,1.1351350227701287,3.794454650780638,0.1282772924917412,1.1412093708899222,8.678974613400458,1.1211634819927931,-0.50770181812678,0.15708341904297715,-3.915058846942759,-4.210395101921369,-2.448170619968882,0.2501493729026121,-2.5067241891265715,-5.427767531758781,-7.928756167758711,1.7628364813283863,-6.64820462904736,-0.5183332599731846,-4.865055026954602,-0.1603546469425569,1.8774729187402264,-0.09283667518052847,-3.0429641075781224,0.8498677971890349,-3.5214638671697815,0.21226601965986497,-0.24158919920527952,-7.736010565588629,2.252277664332057,5.622755158977066,-1.0565761050047155,1.465158369225409,0.3677442905892864
