0.000000000000000000e+00,-3.144849457850877439e+00,-5.533990005994520622e+00,6.272837716894522408e+00,7.000144541200811865e+00,-2.631423917071839647e+00,1.038789106637664439e+01,8.222435083025546376e+00,3.882137082566969877e+00,2.925850065774131092e+00,-1.368933817696122546e+01,-5.777087996744973530e+00,2.925627897557179224e+00,1.070384690347399115e+01,-8.072867153601666956e+00,-1.328975763868834203e+00,1.768805438523161744e+00,4.633794788992900315e+00,4.349476864598809556e+00,-2.741211479472900336e+00,-8.407924771980307410e-01,-3.511431666799200157e-02,2.982327890347032273e+00,-2.037029102393283608e+00,2.646044941238677062e+00,-3.946597508350087935e+00,8.864513784341914615e+00,-1.666084780980815250e+00,-7.731702937854838531e-01,6.078824680039538464e+00,-6.516360522396585253e+00,-1.563596544627779417e-01,-3.579168485923758691e+00,4.327608806482166059e+00,7.273733575335993073e+00,-3.969131731624098158e+00,-3.201461947396334051e-01,-1.380291945904434048e+00,-8.108245310614615065e+00,-1.598903571861686634e+00,-8.622850971957610966e+00,-1.143475615266407885e+01,-2.145800271071165888e+00,-5.394502419083111455e+00,-5.529559809854630359e+00,-4.528950115507800689e+00,6.668942292304495645e+00,-2.244451961890220115e+00,-1.377409486619300694e+01,-5.248668289796087016e+00,5.276439077590448612e+00,-7.293193020935011539e+00,1.925970674165589536e+00,1.025868688163497566e+01,2.172882051984458496e+00,1.039278151072895184e+01,2.234367288378662497e+00,6.756671445377926410e+00,2.370412334063113136e+00,-4.864707366402472033e+00,-5.035255105017171218e+00,3.003733804143316366e+00,8.730880933453379455e+00,5.657797332729789908e+00,-7.792963136532191082e-02,-4.415863455956889005e+00,5.139303287410373677e+00,3.833290220457303832e-01,5.235655229240842701e+00,-5.389991929670055804e+00,-3.057805712344414228e+00,-1.014766872654276897e+00,5.449850941563423312e-01,3.160226334072493870e+00,-3.746055149244407190e-01,2.365679741694779903e+00,-1.330574227334651027e+00,-5.119107812079279896e+00,2.865025637276782167e+00,1.008597347915676679e+00,8.733656896235314493e-02,-6.576438537588276567e+00,-4.879341226326119774e+00,1.561731466090634735e+00,-1.974963491489126532e+00,3.672462803982273982e+00,5.385442548347457503e+00,5.739727357631561055e+00,6.248366240592013732e+00,-1.298522766321697830e+00,-2.704780893503974104e-01,3.460421005775402275e-03,4.206405324989452410e+00,-5.684513827757318616e+00,-2.669673866763159875e+00,9.024785847865829380e-02,-2.740115541841919189e+00,7.149108412319362671e+00,-4.346741687311215685e+00,-1.835605955275058099e+00
-3.144849457850877439e+00,0.000000000000000000e+00,-2.158121685885781016e+00,4.382383924659060348e+00,5.102590293124933396e+00,4.759707258383149231e+00,6.554407176196881402e+00,1.043372950541197053e+00,3.918241156364555167e+00,-8.527111138969777571e+00,-1.351587509001812393e+01,-7.260001570286841677e+00,-1.047698138510269744e-01,1.694972110029246304e+00,-6.702180315267607824e+00,6.037798249955105057e+00,4.170611046058348315e+00,6.743460478420134407e+00,1.097386626073578952e+01,3.039058946447360451e-02,8.992826837493997916e-01,-3.700885043090572868e+00,-1.190664482167152344e-02,1.262499413558884731e+00,7.908748342017755117e-01,1.675203127656538449e+00,5.689932941848973691e+00,3.434541191686570460e+00,1.075343030010642309e+01,-1.451709478715579538e+00,-2.874331530787991529e+00,1.085085295482639101e+00,8.307783316856816036e-01,1.083324444278561227e+00,1.365386460618189801e+00,9.099382725292276319e+00,1.396498697048639825e-01,6.846664166102339522e+00,-9.166604805280070822e-01,-6.337158064252735867e-01,-4.704846794448797276e+00,-4.617209344522022363e+00,2.296788199170741507e+00,5.601826806021679594e+00,3.493599112829870457e+00,-4.104978788370843290e+00,4.238010281621647835e+00,-1.150396828398581317e-01,-8.326369048666558470e+00,6.417571589386361630e+00,4.845002823046858254e+00,1.609120587881255893e-01,7.887985557195626996e+00,4.688776158541984707e+00,4.835821490506329035e+00,9.348494181157111171e+00,-4.649451749286283686e+00,6.052872549283848436e+00,4.994801962508825355e+00,-8.907068310385962917e+00,-8.412792648703021570e+00,5.997921718914080103e+00,-7.084081966678668074e-01,-1.087374215539301359e+00,6.691377552554120811e+00,-6.287678610023539783e+00,4.523964265511743577e+00,4.212847598584500197e+00,2.572992643072068653e+00,-2.696963266592283581e+00,1.912623344504761569e+00,-6.530160790034271301e+00,1.022674437092045086e+00,-9.831484665557569391e-01,4.251533901468950383e+00,4.084186438643850892e+00,8.318030720497445074e+00,2.843672217735739860e+00,9.928094076248600075e+00,3.731027248017693587e+00,8.554551711026645577e-01,-5.384910660423591899e+00,-1.876205272273298863e-01,1.047486623527361438e+00,5.155231572231844694e+00,-3.288953860998217404e+00,6.816155610893596339e+00,4.073649089556869107e+00,9.698287781932927842e+00,-1.047324577880156093e+00,5.961498929695305371e+00,2.383375617706501970e+00,-5.205303343172813513e+00,-4.120781564706536670e+00,2.476457086087317183e+00,4.865663817218400133e+00,4.258095058786816267e+00,-9.607957121334693706e-01,1.030959190987771779e+00,1.694139832416959424e+00
-5.533990005994520622e+00,-2.158121685885781016e+00,0.000000000000000000e+00,3.470469075616767540e+00,4.790790101805407986e+00,8.072845466001984605e+00,7.696280020599974847e+00,3.480898475266331005e+00,5.427534200514460672e+00,-8.227953408171208238e+00,-7.381067534636613914e+00,6.166849604523607198e+00,-3.100449772147427119e+00,-4.432769868951743852e+00,-4.617013001649106663e+00,1.183222420201648639e-01,4.740584532444064081e+00,-1.839259273791058913e+00,5.670738418663059832e+00,-1.931296057299747515e+00,5.830857483374718431e-01,3.063560182497727435e+00,7.111031426875352501e+00,5.999734886807967627e+00,-4.695644999217868154e+00,-5.193154218515436682e-01,2.485724074530936356e+00,6.421540349769316869e+00,7.564009223211786370e+00,-4.896052300917039801e+00,-3.426790986389462113e+00,-4.754048121916880199e+00,-4.549479399288125947e+00,4.006775563062694445e-01,1.788864149302879847e+00,3.358781906594642042e+00,1.301494444775293502e+01,4.535484002025847450e-01,-4.551838658366507140e+00,-5.214979053606688453e+00,-1.123249207817726791e+01,-1.665528776459872962e+00,-2.802023554750592699e-02,1.730246558629969345e+00,4.215684069606515649e+00,-3.698241156260886342e+00,5.064422252880469877e+00,-6.219454270589818146e-01,-7.450794988956984888e+00,7.100138892387558798e+00,4.917012837010208970e-01,1.534603215085725170e+00,4.819876249983765959e+00,4.248815736190757697e+00,8.389558321868133106e+00,4.340360578003966907e+00,-1.098142035196119526e+00,4.559696029839507503e+00,-7.600812258166398383e-01,-3.232364146575412711e+00,-3.555574286252878302e+00,1.330450784581494128e+00,-2.935600649444971122e+00,-3.285796632083237245e+00,3.376914819044533722e+00,-6.863826023325418912e-01,1.306894159991056448e+01,1.113186926222457629e+01,1.388003061176802788e+01,-6.758373202647444344e+00,-1.988753867102164286e+00,-1.530511038696384662e-01,4.336512766760226789e+00,3.658763622061161236e+00,7.443516241738122652e+00,2.189253304291311153e+00,1.707547784618742348e+00,2.586045346440082771e+00,-6.708365501857936231e+00,-1.473393109918433419e+00,8.291233882295991009e+00,-5.864569206787879629e-01,5.258712166740524552e+00,1.109056087410602665e+01,9.981134767425615451e+00,2.703284434823951976e+00,7.445271845429530799e+00,4.170694101271891441e+00,6.395906684353595217e+00,-2.492297703525180042e-01,-2.720493433538716754e+00,1.107454869030299438e+00,-2.411449482734482341e+00,-2.096133463492916960e+00,-3.399110082649092757e+00,-2.085376157080509607e+00,1.714806900580632787e+00,3.550903342977068000e+00,-4.994375910444752265e+00,5.162161961028513879e+00
6.272837716894522408e+00,4.382383924659060348e+00,3.470469075616767540e+00,0.000000000000000000e+00,-7.869349502596024726e-01,-1.682291897740166853e+00,4.919450985164485424e+00,3.255662189573784171e-01,8.440646244834336898e+00,-1.018371226646600070e+00,4.195512576456041920e+00,9.635170215074843725e+00,4.070754211091665908e+00,3.134289835827264614e+00,1.335267912571853843e+00,-4.077927185520706210e+00,7.092611784431578137e+00,2.967565359817637027e+00,3.237181132705210018e+00,-7.255642549642697503e+00,1.455873909931751031e+00,-2.072817492231747494e+00,4.447342117904145020e+00,3.487145568509266269e+00,-7.277779368054700937e-01,-2.176008650304853465e+00,-2.184876197343610382e+00,-2.068729147789428513e+00,1.176790815207778174e+01,3.595307704734981513e+00,-1.411339091392271206e+00,6.698770053695755955e+00,-2.863959846614371862e+00,1.465613533754218878e+00,1.734512436679236380e+00,1.016533530751881464e+01,2.995293937441876775e+00,3.353423305759484219e-01,1.063404917114568704e+01,5.805899986975638916e-01,-2.633969773016382909e+00,1.938955613307685066e+00,2.606147613929532536e+00,8.041624465588387949e+00,-1.515579251296782948e+00,-7.864566826325902760e-01,3.048473278848405243e+00,4.712833525387511990e+00,-9.211247444548265051e-02,-5.162761909328817289e+00,4.783662157122590131e+00,-4.470691190635442069e+00,2.710477322819377921e+00,1.004985933601005499e+01,2.825604280558092984e+00,-1.666804084709895051e+00,-1.206439736294679932e+00,8.740726332829243717e+00,1.087494202266837640e+01,5.163551110153664858e+00,8.022446577533042245e+00,5.442768169036121151e+00,9.215931895944681429e+00,-2.125358769633104661e+00,8.687713165351162559e+00,1.259874973098715101e+00,5.503081812786846605e+00,9.107013195922654347e+00,-2.092050711318179879e+00,7.624874404135321804e+00,7.754002829291403387e+00,-1.664530804420341292e+00,9.694059299145088016e-01,-2.725628881216404675e+00,7.646449262912200062e+00,4.383840481468483929e+00,8.849667718162210761e+00,4.929695908660059800e+00,5.452152867310886997e+00,9.448707196343082870e+00,-1.023834904911991472e+01,-3.978365938398457757e+00,2.304934152742319498e+00,-3.179806704815414609e+00,-4.343876052020430478e+00,1.676267219175979095e+00,8.621075808414170538e+00,-4.460659395752715639e+00,5.800813582234767729e+00,3.852464998571373478e+00,8.551531281971760379e+00,3.929179076065939302e+00,-1.592810913287317609e+00,1.093556405289553091e+01,3.992464775664036902e-01,1.127318776508485954e+01,3.479239260125569722e+00,1.060143942661761685e+01,2.241663280121202195e+00,-5.364643606493748607e+00
7.000144541200811865e+00,5.102590293124933396e+00,4.790790101805407986e+00,-7.869349502596024726e-01,0.000000000000000000e+00,-7.219461704265436985e+00,3.156231593221471510e+00,-6.377472751332907919e+00,-8.312801320746381339e-01,-3.136783347194495253e+00,-1.161113844425520547e+01,-2.124005316899460816e+00,2.580693632575550289e+00,-7.022938044854733164e+00,3.496099133100429857e+00,-3.293982546784246068e+00,-1.049580926380011964e-01,1.777670848765128042e+00,3.548193027091601226e-01,-3.627933064524749618e+00,3.698703075699541376e+00,-7.851104714890309921e+00,3.307246090815573414e+00,-2.237993877625288786e+00,-4.925875211158710520e+00,3.248040286713897995e-01,-3.415604039728496133e+00,-5.824318274970396558e+00,1.273276721914148446e+01,4.453618611718953013e-01,1.046814880878002230e+00,6.157673122709325098e-01,-5.858105857130052385e+00,-6.138377774794684383e-01,-3.117319924669245346e+00,3.955538077557507304e+00,1.021022294890520321e+00,-3.023305437690525510e-01,7.758694627259226095e+00,1.684920209394530910e-01,9.847186826692004846e-01,-1.058731141558520550e+00,1.754861342429008264e+00,2.174984791149400021e+00,-2.224648977450785381e+00,2.549573667459073545e-01,7.279218587527061857e+00,-1.071903442445213184e+00,-9.699006731257462377e+00,3.694517724515949952e-01,3.529017839992493411e+00,-2.967522801373736918e+00,1.027046257477815949e+01,6.151950878408621648e+00,-3.761224011973654857e+00,-7.059606429616399614e-02,-7.091920490900846197e+00,-2.054949221673218196e-01,7.172368137384394160e+00,1.594987783364047562e+00,2.295902452006208350e+00,6.475469939526617758e+00,4.794996730831925014e+00,-1.064546716323079067e+01,6.896557394352419657e+00,1.585476201254613526e+00,-1.789353046482204321e-02,6.365273544297166630e+00,-6.109893267164095976e-01,6.022179641599063160e+00,5.586839137856599358e+00,-4.874346080910935797e+00,2.973684175818741338e+00,-3.168224971953420344e+00,5.441700625198898855e+00,-1.891732886769625699e+00,1.181740550429216619e+01,7.345805136822657566e+00,5.929018620543633489e+00,2.609179344847044391e+00,-9.580849902610498958e+00,-6.826865250330519608e+00,-7.639427457151420242e+00,-4.363516765780104834e+00,-5.689003016855545880e+00,2.397182775462386173e-01,7.332313291937889943e+00,-2.311168276350753226e-01,4.080294412421715755e+00,7.545265499358061234e+00,-7.676079511477964523e-01,-1.599472590559883445e+00,2.555509638893855406e+00,2.878692520813651345e+00,-5.282338283477192142e+00,3.740431842705659538e+00,5.956745754903189471e+00,3.104268184860893509e+00,-8.480302721614563666e+00,1.188405356175312511e+00
-2.631423917071839647e+00,4.759707258383149231e+00,8.072845466001984605e+00,-1.682291897740166853e+00,-7.219461704265436985e+00,0.000000000000000000e+00,9.090063973369185035e+00,-3.266739069205909729e+00,-3.202021283601268475e-01,-1.664174107799265556e+00,-3.328557120074600029e+00,-5.872096562001918763e+00,7.654390233540864230e-01,1.022513839825133219e+00,-7.973726572030424009e+00,4.283055013314105430e-01,-2.363689471829372390e+00,3.557536738820840649e-01,1.578534480697640907e-01,-6.441293980644010375e+00,-3.145774164142061124e+00,-2.122933693582634174e+00,-4.244590390232720445e+00,-4.164118679478460372e+00,-3.445602540013056325e-01,1.529063366928661516e+00,4.850906988293842564e-02,-9.573196170402525240e+00,3.823602945142770881e+00,-7.200715084296803070e+00,-3.643570854410113302e+00,2.884379448960278092e-03,-5.522077740469030438e+00,-5.102982380502004922e+00,-1.013924373660607614e+01,-6.101246779369557061e+00,-7.157981777845644267e+00,5.737279870968263751e+00,7.115539818650737480e+00,-3.046906808659071597e+00,-9.767072006611972057e+00,-6.142900032129037236e+00,-3.577064710902912559e+00,6.399546941871182781e+00,-5.101181046144853681e+00,-8.188807099037004988e+00,-6.093770438308755644e+00,-7.173219984817483130e+00,-1.959443858375204428e+01,-3.278543300418162443e-01,1.716894960582707963e+00,-6.667857999708692418e+00,1.670735492383820242e+00,2.510228741584041856e+00,1.828103196761503124e+00,-5.115361489011477358e-01,-3.217280146766753557e+00,-1.737539167854970645e-01,1.044760802207503447e+00,-1.076313534642797975e+01,-1.155610951669819464e+01,2.002147872526093497e+00,-1.147450866468734620e+00,-3.979869547996629731e+00,-3.039808763193022401e+00,-7.785913648357650985e+00,2.966975080795992259e+00,6.994436182747473252e-01,1.905949681944771434e+00,-4.712340626365111085e+00,-8.201677701613213856e+00,-1.651247722196599987e+00,-4.092211054779453683e+00,-2.830376476872648706e+00,-8.775737494478086376e+00,-1.382731096997084075e+00,1.624254560393701530e+00,-6.577461825092805192e+00,2.417654845765221105e-01,-1.409194880615147305e+00,5.153027341492815161e+00,-2.347776785708985958e+00,-1.988908496156268635e+00,2.784200648520677390e+00,1.974784618270327696e+00,2.474879507528525036e+00,-3.792284460534300461e+00,-5.985788701638146136e+00,1.172721239500529977e+00,-2.540746859405962788e+00,-1.011226974277230362e+01,-4.831521533679132396e+00,-2.451219772177188005e+00,-5.039958493570797948e+00,-3.207613082078852429e+00,2.110068537468899219e+00,1.115865896623324138e+00,5.869235414813357421e-01,-5.284818476707813240e+00,3.079201088264083008e+00
1.038789106637664439e+01,6.554407176196881402e+00,7.696280020599974847e+00,4.919450985164485424e+00,3.156231593221471510e+00,9.090063973369185035e+00,0.000000000000000000e+00,-8.209781420488075909e+00,-7.163587492895944209e+00,2.455182766705946040e+00,-9.513959969678685624e+00,-2.929816000971737555e+00,-2.150380674691592997e+00,-1.408188234970346997e+01,-2.372242391936537409e+00,-1.343483605960655680e+01,-1.543174373697745905e+00,-7.195799285182634897e+00,-6.639423733435444674e+00,-8.172026549699033637e+00,-6.969048362134197205e+00,-9.634798544668943254e-01,-1.160532905506534362e+01,-5.362531773030243087e+00,-8.240194782063811618e-02,-9.747824367517724298e+00,-3.749961440405017665e+00,-5.599569254269579410e+00,-2.346380223003975640e+00,-1.210695577320153404e+01,-6.464017021142785424e+00,-8.583421039846349743e+00,-6.419792240806187600e+00,-6.824082068899604891e+00,-3.683988128959862607e+00,-5.962564208135412436e-01,6.125252439945383820e+00,-5.077849435691448310e-01,3.521708951901945106e+00,-3.152640711434059551e+00,3.458133030159051380e+00,-6.368002033895673542e+00,-9.523269487722540561e+00,-2.640543243353789649e+00,-9.681839720955771611e+00,-4.474712115803288093e+00,-2.719329843939286118e+00,-7.053598197566937067e+00,-4.809959892579307450e+00,3.952353804797646308e+00,1.856455858338537768e+00,-9.254087489921371201e+00,-2.562478680758455862e+00,2.875479939180325406e+00,-4.429994615017216475e+00,6.763693267314858926e-02,-1.248478823571521090e+01,-8.436442271463777232e+00,2.824724945481099425e+00,-5.566188515368200918e+00,4.502365031449932609e+00,-2.021808222960582158e-01,-2.214917319825509878e+00,-8.568983576885125686e+00,-3.985620127931592815e+00,-7.097818225332669151e+00,1.211889032684536627e+00,-6.424733157720019960e+00,-4.325231314559002449e+00,-5.979706973861365071e+00,-3.990663540184354652e+00,-1.429226819723579034e+01,-2.965508973106893098e+00,2.086085779016334296e+00,-1.419282564835429250e+00,-4.370902651271519446e+00,-2.117554546945249250e+00,-1.751177849949269172e+00,-9.196870337203952417e+00,-4.774446509056539334e+00,9.719308747820537553e-03,-1.538010221307286152e+00,-6.662486327582358037e+00,-1.204479303670502599e+00,-9.570620374713435297e+00,-3.161679735623351473e+00,-3.882123539604000584e+00,-6.404852763816355932e+00,5.242000804142149306e+00,7.192546518891635543e+00,-7.807808340696079874e+00,-3.250994509048370951e+00,4.128606109096903509e+00,-1.518893315099996855e+01,-1.658356657074838125e+01,-3.904390959523435178e+00,-6.576667598930860947e+00,1.026852317745261756e+00,-8.834548263741556440e+00,7.279241845133923583e+00
8.222435083025546376e+00,1.043372950541197053e+00,3.480898475266331005e+00,3.255662189573784171e-01,-6.377472751332907919e+00,-3.266739069205909729e+00,-8.209781420488075909e+00,0.000000000000000000e+00,2.430477192243869933e+00,4.574270846700731141e+00,-7.627099344203741360e+00,1.647659552215915646e+00,-1.906706069402535730e+00,-2.856132941877532083e+00,-9.116869780467041551e+00,-5.026384695886220166e-01,1.172175628949140513e+00,6.748983765910483434e-01,-8.381545103849646239e+00,-2.716883196816483714e+00,-1.735889445596932035e+00,-3.332983323809735943e+00,-6.375298199303233382e+00,2.357657397993305537e+00,2.189250611441068806e+00,7.824364905638320211e-01,6.701888409867926555e+00,1.914204612636126068e+00,1.187038969575882952e+00,-6.084110348367972598e+00,4.031208029067566145e-01,1.886549000452721669e+00,-3.658515136957616321e+00,6.002518780875163440e-01,9.760986399071490405e-02,3.802843198982634565e+00,5.445655980829099185e+00,5.269810772664473397e+00,6.087281342574112131e+00,-5.897310429572180546e+00,-6.972276861087583377e+00,-6.070119674219954575e+00,2.828787296115383931e+00,-1.302753316389822169e+00,-5.450958261031731311e+00,-4.804016253404326697e+00,3.048970924064876797e+00,-4.857649703152579157e+00,-1.162669144259915299e+01,-3.136626987898258889e+00,1.387607729903864717e+00,-9.002909704753831122e+00,-9.746456009396011755e-01,4.922343152977038727e+00,8.424075291953730726e+00,5.688347500161153647e+00,-4.478026859877123900e-01,2.214002385681506979e+00,2.458730708962459044e+00,-4.700978637320007536e+00,4.031129946125444619e+00,-5.388230138077751086e+00,6.729568645520898063e-01,-1.002312776931048477e+00,-7.246678907396417735e-01,-4.957748262864498656e+00,5.693295462649817118e+00,-7.497874046353275368e+00,6.103276527634312609e-01,-1.549175948841895023e+00,-4.427625809269351564e-01,-3.982166242245975152e+00,1.551394687210444934e+00,9.245551515118426433e-01,-2.102597591897746199e+00,3.481034663634798410e+00,2.878066503355438677e+00,-5.465373103780047259e+00,-6.723055219653262249e-01,5.288004791814288064e-01,-1.753867405653298794e+00,-1.786557483755048636e+00,-3.379297766492218358e+00,2.416081181503882402e-01,-5.683790494657025683e+00,3.034688811027453845e-02,-6.111626212660249635e+00,-6.431618969841882638e+00,2.048802960846261900e+00,-4.258357567720205239e+00,-3.203281378536140256e+00,1.609042963580683328e+00,1.073892431603537423e+00,-7.528722630371350810e+00,-4.962476553676482105e+00,-3.454889655672204601e-02,-6.776416067582322178e+00,4.481498472246583376e+00,-7.616386105981814758e+00,-3.691140946497112996e+00
3.882137082566969877e+00,3.918241156364555167e+00,5.427534200514460672e+00,8.440646244834336898e+00,-8.312801320746381339e-01,-3.202021283601268475e-01,-7.163587492895944209e+00,2.430477192243869933e+00,0.000000000000000000e+00,-8.493834642252892309e+00,-8.009719947246312088e+00,-7.747745297519166741e+00,-7.885278399032491059e+00,9.831114401430331995e-01,-7.905264612393668067e+00,1.189894944516555197e+00,-4.560186447100089246e+00,-3.727179552772739157e+00,-8.345168245969439624e+00,-2.153997834535881228e+00,-9.537542256316582368e+00,-2.658078647082644519e+00,-4.095143213987873843e+00,-5.847526290953407369e+00,3.066418154668706819e+00,2.294925016915656535e+00,3.094538384745911808e-01,-1.357805698217963730e+01,-3.711330222737621476e+00,-1.628366277040108168e+00,1.892620232530754398e+00,3.539025527258768733e+00,1.949111683938996142e+00,6.361146667220196171e+00,-1.047697630317845352e+00,-2.037857016916020392e+00,-9.160392939821830893e+00,-2.336454416975201287e+00,3.137291372769968945e+00,-7.030374854570846210e+00,-2.427667127906748323e+00,-4.837622147276031015e+00,-2.158013602293147759e+00,-3.413171622979347397e+00,-2.871429326999480836e+00,-7.477595571640196503e+00,5.019100998073758868e-01,-4.508328949631051685e+00,-1.056601197132814818e+01,-3.865717141488115072e+00,5.748113447883633320e+00,-5.573935591929462419e+00,1.420268105459514763e+00,-4.589671660029227773e+00,-4.510331905264888697e+00,1.200530801635332212e+00,-6.313576940574142426e+00,-4.999509518417819542e+00,2.483046397228497071e+00,-7.774491566344018167e+00,-5.678241670599049939e+00,-4.940808638658792162e+00,-2.144169519278397162e-01,-2.553792439631884292e+00,-3.871949832745491982e+00,-3.951764130675532449e-01,-5.941375108819129558e+00,-4.623827204985590633e+00,3.088093954800408270e-01,1.932307067406939582e+00,-8.582327538760514685e+00,-6.191783274550339833e-01,1.061654883604765232e+00,-7.044334030125221080e-01,-3.233006071062167752e+00,4.959010468681550599e+00,3.367417797782811029e+00,-2.516423047786172873e+00,3.178308685657261545e+00,2.413977772998889271e-01,-5.239236059135556900e+00,-1.652910540167910947e+00,4.419968938427326632e-01,5.682100929257487110e+00,-1.319311475782854792e+00,6.389021963658051639e+00,6.939686549714302322e-01,-3.225057749509236515e+00,3.024189641972146458e-01,-2.311512298106626617e-01,-3.521154508547538864e+00,2.560209446166771929e+00,-4.589001012879004193e+00,-2.542572010151005202e+00,-1.225264255703151228e+00,-5.354856625284020843e+00,1.947116874707793155e+00,1.166926065458485651e+00,-1.879217101048657135e+00,-2.838574469312415083e+00
2.925850065774131092e+00,-8.527111138969777571e+00,-8.227953408171208238e+00,-1.018371226646600070e+00,-3.136783347194495253e+00,-1.664174107799265556e+00,2.455182766705946040e+00,4.574270846700731141e+00,-8.493834642252892309e+00,0.000000000000000000e+00,-4.478344112713960712e+00,-4.148184043738332605e+00,-1.351493902720527718e+00,-4.799724697544920815e+00,-3.300266333562040355e+00,2.151897151465109459e-01,5.616496381200941634e+00,3.437789635712664160e-01,-8.517040684549050056e+00,8.091991123886158377e+00,5.088728774113651099e+00,-2.054090213889250283e+00,-2.758107003845891469e+00,-6.667149175899708347e+00,4.573950958802316946e-01,-1.629538013758860204e+00,9.030772141109880691e-01,1.160238488199272444e+00,1.908405745393094932e+00,4.856322935352706871e+00,8.587652305855649759e-01,1.131675006225765223e+01,3.738136427880109025e+00,3.758682018556732896e+00,6.398450476676735832e+00,7.009669220132744627e+00,2.802970595602277015e+00,8.426999507637962239e+00,1.971485087744221154e+00,-5.854440740756975181e+00,1.022060819489177597e+01,-8.161136846073793194e+00,-5.979106455963488109e+00,-6.042733178056439725e-01,5.369710214246102176e+00,7.699230835046435573e+00,8.180327285947935678e+00,-1.208151032409525483e+00,6.054148188382892926e+00,6.502726687206780376e+00,7.632521476791316317e+00,-2.063663817467869255e-01,-9.047438012234846338e-01,8.084401314281192796e+00,3.417372002365609784e+00,8.442472627528383455e+00,-2.856593089629945847e+00,-5.252310290208246357e+00,1.939319914556469238e+00,-1.291555732016745894e-01,1.588693481506707972e+00,-3.726778942871015854e+00,1.442663419368584110e+00,-7.955952492101535434e+00,-8.653462379336123167e-01,-9.072417860938860601e-01,4.659461266060576534e+00,-3.142121253261595637e+00,1.014137817497882210e+01,-8.560876111920654452e-01,3.060468270353106757e+00,-1.740512398897287039e+00,5.912710984703277717e+00,7.426780932478742159e+00,5.289729449620815593e+00,-3.639707012819351828e+00,4.481557409021258209e+00,-2.210532164043633507e+00,-4.155558625471650558e+00,6.216655705108187213e+00,6.012323967417730231e+00,-1.376283969347525726e+00,7.168764493180242781e+00,1.722915476935623191e+00,3.309799305913628586e+00,6.689772360045216359e+00,-1.709333288007002793e-01,4.868722694284318031e+00,4.012299540426682576e+00,1.049494029805057060e+01,2.973705064661598563e+00,-2.780520685544814463e-01,5.009110394663842669e+00,-1.945517690737301963e+00,-3.281552259416395056e+00,-2.250853407329235445e+00,6.887395426970901013e+00,4.899331193919413963e+00,2.568270700748302549e+00,6.881887951406678638e+00
-1.368933817696122546e+01,-1.351587509001812393e+01,-7.381067534636613914e+00,4.195512576456041920e+00,-1.161113844425520547e+01,-3.328557120074600029e+00,-9.513959969678685624e+00,-7.627099344203741360e+00,-8.009719947246312088e+00,-4.478344112713960712e+00,0.000000000000000000e+00,-6.284858561411833522e-01,-2.656299456038451190e+00,-2.077896015581165656e+00,-1.432963667013396059e+00,-5.306785387231260920e-01,3.347971711426892760e+00,2.658478135050528213e-01,-2.367476565559454293e+00,2.717307792448387271e+00,1.251897323386933492e+00,7.962371996574921340e+00,7.169592604496536126e+00,6.758867762172897642e-01,1.799045157383699411e+00,-3.486236569343052594e+00,2.553305075513534916e+00,1.428751022589999531e+00,5.559662550177357776e-01,-2.733609622068929657e+00,3.884263130095497729e+00,6.141032900837149811e+00,3.021018351047216832e+00,8.374426202740864467e-01,6.738706497409260088e+00,-9.228868106978418417e-01,3.612567390137209511e+00,8.071251505068428145e+00,7.093476183305599925e+00,-4.181611980272334606e+00,3.300633611035404869e+00,-2.415398924088755006e+00,-7.714209658680894144e+00,-2.507144384283000793e+00,3.109361265095426763e+00,4.244593666586054859e+00,3.629025165394894614e+00,-8.560090841691186725e+00,-3.216154022115623956e+00,3.423690099658625030e+00,9.074378161856483160e+00,-2.148694903572826720e-01,1.573199257039990639e+00,6.811226397308755232e+00,5.275684244189410954e+00,1.998139710846775996e+00,-4.670012496104780197e+00,-1.261178068880268510e+00,5.748048852129444164e+00,1.985123288448929380e+00,1.919337850170877768e+00,9.845825079574329619e-01,-3.872238833154873383e+00,-7.846782171454329990e+00,-6.541590296111425396e+00,-6.309641346929263150e+00,-3.136375093810107817e+00,1.522586353306017326e+00,6.596670976756391802e+00,-5.146902581131430621e-01,-1.067980701023603096e+00,9.391881152053381143e+00,8.747938776927439708e-01,-5.060287304839904188e+00,2.834942588133899655e+00,5.521720575708833900e-01,-3.684184277742072577e+00,1.566786481359662364e+00,-1.976133099636317336e+00,1.190029566268963634e+01,5.864141137124673442e+00,-1.284673537943395560e+00,4.784900572131460805e+00,6.813333843390715572e+00,7.208405888088902369e-01,5.650719942136907648e+00,4.300000603777285768e+00,7.852956650801316663e+00,5.591453850728853148e+00,6.228217990908430757e+00,-2.304616502905034725e+00,2.006025836127562911e+00,-2.345742425672854292e+00,3.741352762244489760e+00,-2.838991807988469063e+00,-4.390406421573323392e+00,1.674923320406736638e+00,-2.284322450453299957e+00,4.011622118801014381e+00,6.868660553238133737e+00
-5.777087996744973530e+00,-7.260001570286841677e+00,6.166849604523607198e+00,9.635170215074843725e+00,-2.124005316899460816e+00,-5.872096562001918763e+00,-2.929816000971737555e+00,1.647659552215915646e+00,-7.747745297519166741e+00,-4.148184043738332605e+00,-6.284858561411833522e-01,0.000000000000000000e+00,3.135725479971902985e+00,-8.503071045628481928e-01,-5.248555305449086106e+00,3.227244847694244356e+00,3.737469604147217517e+00,7.918095724426990056e-01,-2.470504919519796339e+00,1.066845937159770585e+01,5.309504440302037942e+00,-6.541490177881208901e+00,1.566447661157218674e+00,2.224416378218857293e+00,5.906488594801200698e+00,-1.120689622744019065e+00,1.113435269968620966e+00,4.059164297345100536e+00,5.026798063070660127e+00,-4.909736577378597033e+00,2.280998200532609488e+00,3.594927573405489740e-01,-1.740812034318199419e+00,-2.830460341754965192e+00,3.068437143153471602e+00,2.961969738695461984e+00,6.530160778738187233e+00,5.059265769076609409e+00,6.192432686064436531e+00,-4.902370194688780103e+00,3.477732827204614185e+00,-5.628140002930262398e+00,-8.948876490620829571e+00,-6.766626947219565480e+00,2.288709428089390485e+00,-1.428741924750107417e+00,3.351615670470766251e+00,-5.822000506817633259e+00,-4.226990655317288237e+00,1.538605688561008211e+00,7.862256583407213562e+00,-6.313242815600294655e+00,4.040110442173131311e+00,-1.028696758453294891e+00,-1.263926504084417424e+00,-3.189569489326376406e+00,-8.358627189253299505e+00,-4.260455889039151067e+00,4.475117762132782673e+00,8.717221435696487220e-01,4.181200390957404700e+00,5.595011433433270120e+00,-3.571620965760342048e-01,-4.511497949879060165e+00,-2.603416036863946736e+00,-5.825773707595566897e+00,4.723482348383516438e+00,-2.761590636175494939e-01,9.346916944099426416e+00,-2.830882538866374087e+00,8.289115468950433718e-02,2.300001684155171588e+00,3.886062295559696622e+00,5.529449079977720949e+00,4.348267670826478692e+00,-2.461799210282233030e+00,-5.797741558514876159e-01,2.894598692398641759e+00,4.417139634070515797e+00,-2.566222439270177347e+00,1.125133411376038950e+01,-8.265499628149585831e+00,2.075000359265550376e+00,-1.975415091560600134e+00,5.947523993358425631e-01,4.376465274577650000e+00,-4.351351843398768016e-01,5.814827198614811898e+00,7.055686068885410833e+00,6.118056692009528064e+00,3.405404156144014038e+00,4.085896446691469563e+00,1.567451204419028077e+00,-2.151973960279365272e+00,-3.036863914219966709e+00,-4.917170755546942940e-01,1.528053864956038677e+00,2.738277935973066235e+00,4.363158247783378130e+00,1.936124194300929524e+00
2.925627897557179224e+00,-1.047698138510269744e-01,-3.100449772147427119e+00,4.070754211091665908e+00,2.580693632575550289e+00,7.654390233540864230e-01,-2.150380674691592997e+00,-1.906706069402535730e+00,-7.885278399032491059e+00,-1.351493902720527718e+00,-2.656299456038451190e+00,3.135725479971902985e+00,0.000000000000000000e+00,-7.478885873285588737e+00,-9.712403776959686041e+00,-6.464153889520629637e-01,-1.554369227321336089e+00,2.270676920336911930e+00,4.252671373480167993e+00,-6.159847344378942324e+00,3.814636329402003034e-01,-5.089431504029477082e+00,2.415951654256484726e+00,3.448662773456170783e+00,2.816480838437495748e+00,-1.584735866133453852e+00,-5.337935950553646336e+00,-8.577174025656627565e-01,2.691907703943738461e+00,-3.008584286460885604e+00,3.210746195184234431e+00,-8.668191015185278125e-01,4.432622971539418089e+00,-5.906532833955328243e+00,1.067513869797753090e+00,4.471156175096188790e+00,-1.215929276645042023e+00,-1.159995079913082927e+00,-3.744381542774443128e-01,-1.605044872548986978e+00,-1.799333633998566162e+00,-8.426636922686395081e+00,-6.831348687941873443e+00,-7.001427188584976591e-01,3.986323622376792830e+00,-2.790031960913383347e-01,5.408672782406258150e+00,1.051100843125962303e+00,-5.768558550016829045e-01,6.880985175973416967e-02,1.527724539191731790e+00,-4.868821584401525016e+00,2.076190624767717985e+00,3.111891033383229477e+00,-1.719990240894897840e-02,3.765776126179577243e+00,-6.996122377118489055e+00,-2.511179094017451430e+00,1.124323590500495662e+01,-1.787399633057302761e+00,-9.599739328042050657e-01,-5.046610927377953582e-01,-3.668924539327764744e+00,-1.130469776166981077e+01,4.304689991559770834e-01,-1.247645112431961145e+01,8.277403692903801513e+00,-7.658102488623782511e-01,9.813127419022311670e+00,7.374673445124463100e+00,4.323746470660712937e+00,-6.006591365816416506e+00,5.265762895163355495e+00,5.150256613565746378e+00,3.650520663198301818e+00,4.495689124427494576e+00,6.407263503929732096e+00,6.729429194829857686e+00,4.356252397500735007e+00,-3.605043618829435914e+00,3.320340243516413992e+00,-1.058957534873440487e+01,-6.160785047380102492e-02,-3.309993784975324704e+00,5.602906322232724667e-01,-5.479000920000851593e+00,-2.256257749440581772e+00,1.904014351898378754e-01,7.372188065975899818e+00,-3.612873688517742821e+00,8.515585194435596250e+00,-1.049265850759768970e+00,-7.632888446169215690e+00,-5.881506931402610050e+00,-6.622800666965801497e+00,-1.855678765649761308e+00,8.106680944220232554e-01,9.457637808890008158e-01,-3.339390590197042208e+00,-5.506768923819548966e+00
1.070384690347399115e+01,1.694972110029246304e+00,-4.432769868951743852e+00,3.134289835827264614e+00,-7.022938044854733164e+00,1.022513839825133219e+00,-1.408188234970346997e+01,-2.856132941877532083e+00,9.831114401430331995e-01,-4.799724697544920815e+00,-2.077896015581165656e+00,-8.503071045628481928e-01,-7.478885873285588737e+00,0.000000000000000000e+00,-4.896392558825398034e+00,-1.940181225563310630e+00,7.484340384656198442e-01,-4.248269333567183281e+00,-4.729172943597725332e-01,-3.368236389544544185e+00,9.104542809347988097e+00,2.524249301115191191e+00,-8.578787742625566537e+00,6.702492460026759247e+00,4.283476794991875281e+00,1.711470470697067148e+00,3.710005667917296357e+00,-4.411105201866789116e+00,7.760580825259767224e+00,-2.582000073287510133e+00,2.563256061142110909e+00,1.498444622079972532e+00,1.718923141474366867e+00,3.293960434090331124e-01,-3.577767050592172815e+00,9.643503130841859061e+00,1.119475647829320630e+00,3.239711487664894918e+00,8.312201072324977957e+00,6.256127744616827080e+00,-3.082207458556736057e+00,-3.815012351948231739e+00,-3.249917508735849392e+00,4.086377072103260844e+00,2.171766052139904701e+00,-2.264227233331584710e+00,8.603939974855734363e+00,-3.585293079126058657e+00,-5.898315636950923313e+00,8.471432864335043389e-01,-1.057142851535410183e-01,-5.114621200052570593e+00,1.073858709894147268e+01,1.415447045609599641e+01,6.996955805421358754e+00,8.863927871228022282e-01,-3.556949663296173902e-01,3.284995095707543555e+00,1.141615654649787359e+01,4.748827506328433756e+00,9.170934740861529377e+00,8.875967483666805435e+00,-1.191466896204005366e+00,-4.942219147652002764e-01,3.543030568470020736e+00,-1.469872259828683303e+00,1.024068455662598787e+01,4.393388357624667506e+00,5.749251722917710694e+00,1.388354954932192742e+00,6.011015402696999743e+00,-2.666033692345389561e+00,3.966924881615212506e+00,-3.864994182420160573e+00,4.613923444427303622e+00,9.464276498710521679e+00,6.378903859104995355e+00,-6.524959703173749404e-01,6.817309864423707566e+00,-1.554495020247037784e+00,-1.992401657288502270e-01,-1.282283575588817337e+00,-7.426666829991113161e-01,1.763538478551446298e+00,-1.106576597344054891e+00,1.544821997277989967e+00,5.086434730484405975e-01,6.454402736739895730e+00,7.171863352826029825e+00,-8.431522592325828569e+00,3.393515265042958529e+00,-9.573193187133021143e-01,-1.577518911996512285e+00,-4.600282017714189209e+00,-2.868691013423255054e+00,2.350386880892631591e+00,6.230025923319710834e+00,3.509055568098268907e+00,-9.321155350909311466e-01,-3.307216974110913643e+00
-8.072867153601666956e+00,-6.702180315267607824e+00,-4.617013001649106663e+00,1.335267912571853843e+00,3.496099133100429857e+00,-7.973726572030424009e+00,-2.372242391936537409e+00,-9.116869780467041551e+00,-7.905264612393668067e+00,-3.300266333562040355e+00,-1.432963667013396059e+00,-5.248555305449086106e+00,-9.712403776959686041e+00,-4.896392558825398034e+00,0.000000000000000000e+00,-1.768756001413707812e+00,6.704544918381255769e+00,2.878638393341374613e+00,9.751404402833166785e+00,9.186679145409938352e-01,7.623162060880313895e+00,7.736409438081486289e-01,9.996676775851161878e+00,3.806380847639803111e+00,-6.153711303768465424e-01,-2.167905546162377739e+00,7.954025312935521619e+00,7.153467477045550860e-01,7.861078386358093084e+00,1.743500437744011977e+00,3.563363336912014345e-01,6.280968955381719177e+00,7.928195528591349683e-01,4.874362458045387037e+00,6.198505269418120633e+00,1.383996856581454260e+01,8.973916187041769632e+00,2.596098405242823315e+00,2.025410630234152354e+00,3.267419310716445091e-01,5.551015308262893022e+00,-6.508248394695052674e+00,-1.242520817416853607e+00,6.546524892509843596e+00,7.156091542758821866e+00,6.014907589920667874e+00,1.488906099608283240e+00,4.252859958274382457e+00,3.472551445448269991e+00,1.395249904542499975e+00,1.469477834409579486e+01,6.244462953714391418e-01,8.392692715506775869e+00,5.443240933325024677e+00,2.645405534407893056e-01,3.889387305265643580e+00,3.277332617077009846e+00,4.778735818069324459e+00,1.401597109695095655e+00,2.370129166380625207e+00,8.591203335990643453e+00,1.188850602363047138e+01,3.336596156970803584e+00,3.590456649068066941e+00,3.571073911166732451e+00,8.560810068344434920e-02,5.962861581369362618e+00,9.178193108402492584e+00,1.629332547074844584e+01,4.361718090410467319e+00,2.591924274042442189e+00,2.712922513053917850e+00,6.579723931857032859e+00,5.051140015422096674e+00,4.088218502485305272e+00,-1.561743642493484741e+00,-4.374408574639465086e-01,2.818066315167878422e+00,-1.060097575352057842e+00,7.097701091065269807e+00,8.380906284453107702e+00,-2.548667227362824139e+00,3.141375138515168697e+00,-2.512675680136278178e+00,-5.003959297852862420e+00,3.091022883299043400e+00,1.927468487507263184e+00,-1.482371865311926884e+00,8.120768306240355727e+00,3.697760525016078326e+00,1.014741615641271189e+01,-1.892698274373118661e+00,2.479305251504070995e+00,-7.456544134189663886e+00,-1.868888594999403407e+00,6.711594108718236917e+00,4.752555098773727948e+00,6.700921118507230823e+00,6.130983653507470876e+00,2.153017369563646533e+00
