0,1,2,3,4,5,6,7,8,9,10,11,12,13,14,15,16,17,18,19,20,21,22,23,24,25,26,27,28,29,30,31,32,33,34,35,36,37,38,39,40,41,42,43,44,45,46,47,48,49,50,51,52,53,54,55,56,57,58,59,60,61,62,63,64,65,66,67,68,69,70,71,72,73,74,75,76,77,78,79,80,81,82,83,84,85,86,87,88,89,90,91,92,93,94,95,96,97,98,99
0.0,5.820812345534125,-6.0735010776160365,-0.49418716856478995,6.917378004712759,-4.715949926365048,-1.7164289550968603,2.698430437669494,-0.13873094754245127,6.957533086089852,-6.307433761433577,2.2366920686521508,1.5209045150891511,-0.09990588098241693,-5.909316163258193,1.7169808632860226,-7.5077416271037585,1.3506227505207309,-5.623538242767101,-1.61407133194322,-4.099664584694808,2.1239188945571925,0.6909029792692076,-9.355872601786146,-5.840405581351771,4.622222782206266,0.3977022010486644,-0.15162123481086343,-6.958194480434205,-3.145615106170394,1.9930969512771008,-7.834039763989283,2.36455515188126,-6.493268576465849,3.4434812086175914,1.479354987278233,-16.40489585275165,3.6450649460093776,-6.037223775813627,1.0062772644531712,-7.144845509778508,-3.0883740265848734,-5.418351933663288,5.551035922729874,2.102382917469959,2.108431517861184,-4.770341682943871,-0.7432755890427613,-2.7788205135871915,-10.471927396986157,-0.3286160150484041,5.983552837488142,-7.540658385235576,4.9076116473813345,-2.6591352009330276,2.592761302181748,11.337580248780142,0.58072740659649,-0.857594513085214,-0.5366104670366937,3.858055543073146,-10.718338591465592,-6.409317253523909,4.6005396139395005,1.3039619803671538,-4.309260138802821,-2.4607779240771603,0.815533397788505,-3.881420439963839,0.6186409422053345,3.1775540326647156,-1.5334002853626447,2.104167630586932,-8.580440189835139,-0.1388439740658574,3.833403308754241,-5.122485472937584,-4.388839778959574,-5.890807374173334,-2.0351255053836748,-5.079849314961132,3.20296849766814,5.8417050593545685,3.9852045534159113,-8.796915343325221,-2.6539442803103928,-12.984358083950102,-0.6976111076919302,4.468900786461872,-6.65482294821298,5.897390555960386,-6.40679073667741,-3.083149061720156,-1.5555095124127158,0.5137150372362951,-1.176754352463039,-10.732641016721736,2.368424110318299,0.7149470644568797,-11.65512663606249
5.820812345534125,0.0,-2.9362520599136235,8.459000048254088,1.1565790338048432,1.5550241625719652,3.617757209443399,7.9296897983130625,6.227462435582112,6.57883611878992,-5.037471822365457,5.4359131028595264,-3.6080656286440624,-7.108363760650671,-0.9136212105595166,2.141159435852977,-5.468275145093277,-0.9357163905271856,-4.542896609557045,-5.140598290449083,-2.59905684679512,2.262005902072063,0.6129644430358491,-3.5057495810972723,9.387289081812634,5.336011363211576,9.020675487166551,6.133225614639586,-1.0677314154278632,-1.3790381460851615,-0.740626623984436,-8.321690817762429,-3.0744973397572775,0.2996207645973759,-0.10237111637289772,-0.3858075537416186,-4.38554717730502,8.114017694246547,-3.204846406149491,1.7296342332727823,3.4089165151061898,8.435704199284642,3.1952792144048385,6.8958017768581295,6.133960612506848,3.030415991253176,1.5718697460734299,6.791775297032382,7.638157172133505,3.9026982894623545,2.374189971619362,2.9299120528354274,4.138699822014268,5.597356888817391,-1.0967471955915875,4.107848815998381,2.2459231434337177,2.463833316713724,-4.510291546822574,-1.3321178841837331,8.914756075171741,-10.272791124942204,0.13598696315756936,-0.8671614129017309,-2.627804156942786,-3.8606747795594054,4.8036966824494,2.1713042665311817,5.367481318449063,-3.294577540322176,-3.8736417077841567,0.791992246302504,4.511840756586599,8.1164085537216,-6.991568961256693,4.229787807123264,1.6928574439635322,-0.04414322770283904,0.5553342814903687,6.410808104684172,-3.005311459684153,9.619333071515635,1.4235197275616402,13.704024064839704,3.4606731590940503,1.9059258399545476,-4.675103033872001,0.1343274789775605,-2.302288281555342,5.141703279328861,3.2583239553685366,-7.3460093248649585,-5.190981320376248,5.459090807607855,4.907614867048348,-2.0784359065520595,3.376767652930677,1.9112236752928524,4.967808879017917,1.4114240857606215
-6.0735010776160365,-2.9362520599136235,0.0,1.1559864147110523,3.21587422627414,2.1798398692856793,1.9144514252859224,3.636144503248204,4.551786851917457,6.131318084859728,3.77048952049332,12.29149903601496,-1.5919627391875708,1.6809563156781635,1.9348765908149408,9.529529418272906,-4.4529977851130855,7.240503490642963,-2.8555857737943464,4.073540152296227,6.649979351501248,2.786199704837882,8.122173018058833,6.5695096540377165,6.090233737665107,2.0333968643025395,3.5384151473759324,8.903018623499662,-1.0329441611073924,5.309972690482397,4.963409772630847,-0.3832728663110136,1.754109013388998,2.226292760588193,2.0778064416748223,4.521167259251915,0.7870205368160607,6.974342087036924,-2.793406306593684,-2.4972734292908045,5.9840234689813245,11.965297834916823,6.510655558100987,10.409881768662768,15.836647842846107,1.380797278678947,2.7655784924490856,13.454471837489228,2.008347772054972,9.601210661553033,-1.4549178053077283,2.355312975966023,0.7106958259979235,0.6848519251505187,2.6150229102966263,5.273776877737451,7.979798173201369,5.478234005461913,7.822532506917435,0.2186077848935564,4.289211013366654,-7.806435018671238,2.407332340177573,-8.692352750830224,4.748899036805946,-0.9218632207918604,-2.575607919107131,-0.7224001135203536,7.849865805628054,6.243530115670262,2.82433696180928,9.844930307315416,9.56414248874188,6.7819452912625735,0.1785486873586928,5.62378111984014,0.6940218837529403,-2.2365002775562752,7.736300218122717,7.0371195665974255,4.057071964290216,6.784677337310124,2.4244423593493263,1.554194446084406,6.610340354110757,3.636101771275388,0.5051096576980931,5.295057285753213,0.5975052596471557,4.069560633290285,7.291683785444342,-0.614827606154453,-3.662560852320628,-1.8141266903692048,10.866213577658344,3.1727969172322146,5.958140493954064,10.220571209503309,1.9523545520392056,6.2326062869156145
-0.49418716856478995,8.459000048254088,1.1559864147110523,0.0,2.8563118028919416,-2.103872775042448,7.593790070661312,2.829283311455771,-2.0272368798695446,-1.5090064992116627,7.642008736510362,3.1810591710093035,-3.4094546768605745,-0.5077549517344238,3.2137987262804817,-4.0331642104286445,1.91369411351968,1.007558976415989,2.9539561440134388,0.37769412705087024,7.529270503704301,-0.7724280217000135,1.6996369482016715,6.271948778080257,-3.3800616326376653,4.5435064336728335,8.321482862209853,2.744410320883984,0.6690994890829152,5.268909265567329,0.5489281822044954,-1.7676947004976271,-3.314413241022649,0.0806954176970137,-3.4680811580110653,-7.448470628071395,-0.5230751455576349,1.8170440196826492,2.342505535926182,1.565802874367334,4.218214004231335,-3.0507170920503315,3.646694786090204,-1.6424540939265275,6.299839263813136,4.409871229354893,-0.5911114752392017,-5.260895635016845,1.8248042919415457,3.5346878483969486,-4.30167137097006,-7.073403721316901,-4.950732012699796,2.6494040118651165,0.5048104436223754,3.5367643834535185,-1.1549283062061575,-2.9244679344624958,0.857546498261941,1.136896359011576,-9.822308640845106,-4.379627560724929,4.075693336276763,4.562229821288433,3.533973786444732,-1.2235934967073685,8.92087425698321,2.360778486719109,1.4440284600896351,-2.7552796770567087,4.870229468674977,2.8824263587365646,5.976659409850922,9.602408803342383,-5.567011493754184,1.116244335785494,3.2502575490609327,6.737986077236383,-6.644688241197265,-3.7412634745505966,-7.673312645653135,2.9993191011340303,-2.7392013372650936,1.536345878022458,-2.142776152843103,1.2765069020067794,-1.5316085123680665,-4.636932995498639,-12.127743122009344,-0.11157915825466,0.7503081520592032,-4.8418229355371984,-4.033539855359591,-8.251030103843858,-0.9989110481044243,-8.508195089843865,2.5779285095990714,-0.20794263130830667,5.567080501969422,7.1398637327877195
6.917378004712759,1.1565790338048432,3.21587422627414,2.8563118028919416,0.0,0.8068427791236544,2.5898781085561495,-0.07559529264770981,4.309475586356384,6.911506787329963,3.0823412336050926,9.374371971119905,-5.87849939977436,-7.152661584257056,-1.5095459551796226,5.5642993259891655,-3.0133673881502694,2.507692621930152,-6.900506584655593,-0.7288907618742159,1.1263500470613994,3.754736652232872,-2.165476134904427,1.5595526436602138,3.075274668822317,8.552441102348292,5.188485867077102,6.22734383891664,-1.4265542688826018,1.916381020020516,0.9062961960003308,-8.623144425012585,-6.398801223192288,2.987015738487037,3.7593275246698505,-3.0514632347692148,-3.4965707091332305,6.7605295995333705,-7.3516982210260755,-4.957770115161538,-4.592437802414949,3.4382209286022967,-9.281563957790745,5.287293622007647,2.7378074509013604,-3.3485196466095446,-1.0816710214877392,-0.03850378880414104,5.3291782363734175,-2.8519880969390177,-6.878478398312265,0.007190026596763278,0.4992098059755364,-2.922327310586116,0.060375928901070734,3.84050489485252,7.314445021874742,-0.2158380644364334,-3.797950127202923,-6.160148334719592,4.3146355853413585,-14.240343605861103,0.6399126974506166,-0.3016729431712046,1.06162458191915,-3.62279429414262,-0.9531778099895482,-2.905214137067837,6.9257671158558285,1.340702153277879,-2.606141858856836,3.847826043515049,5.179952099934602,3.614516623857368,-0.7348173666811125,6.1516360042613325,-1.0785690468201734,0.6265694232514132,-2.62837698781592,4.9271095824707425,-6.946799988804416,11.534937027359357,-3.751632089318752,6.789975735097904,1.5211929854888893,0.5413738908763935,-2.86308823696159,-2.552777900244165,-4.203403667126944,-4.192642327482196,11.347942104875724,-6.9285958411798685,-3.2316262657597585,-5.272561750602107,4.04886025341189,-0.19957910522070507,0.2858090704445807,3.5151898370514285,3.0845598316949188,-7.543266821782421
-4.715949926365048,1.5550241625719652,2.1798398692856793,-2.103872775042448,0.8068427791236544,0.0,0.48339587009121976,0.16814258265798798,1.4290472271819268,4.193877496674393,5.27088292029739,12.540203166036052,0.5320293461273047,3.987707778244826,5.982141106211538,7.7689736866520445,-0.0018335992314952865,-0.08864997567431628,-6.669350954956761,-2.3375473663078887,7.199589131535235,0.6815410264768659,5.980580989238344,3.553075774438923,6.407130277712148,1.9281272020120075,3.890728341531452,3.2472237541812086,-1.5681408757073334,0.738283980146138,6.274612332197261,-6.978664074213237,3.2040574783424,-3.776319315775556,10.897996507793756,3.5902854120783707,-0.17608390958245018,5.317848182300265,-1.552559002599668,1.8889394881020227,2.889908828987023,6.149675970208041,0.9539508633303122,4.4364124528423545,6.926015075677862,2.800223360241771,-2.170352308179687,11.969531991862384,3.9334077516740735,5.853663187977025,-0.6656652420985282,-2.7190231753818868,6.004866991284737,0.37043403208935904,-0.16141016273213393,3.535622228117452,2.482346893908049,2.646973345191059,5.873720127718733,-0.40629078270336694,5.399806304602143,-6.79713710941728,0.5180860383400068,-3.2010230231543133,5.619735702420773,2.0235892342839,-0.8937097575173466,0.8964552271268937,2.154745962313146,-2.1470889881878774,4.190439844491614,4.55637046972935,3.8320755804275017,0.1957241734873152,-2.2049310571778444,3.0847068518110166,5.4616699250341645,-1.2346016382008187,-0.20547254016422373,3.091025623765192,-0.9758359224711609,6.793451562089087,-0.3608390566645708,2.1961307571502493,-0.7745183098729668,-0.43106008849420674,0.1904363253880412,-1.6738108001845249,-3.6877543140570728,-1.90760080362896,10.21505254084267,-5.656736877866677,-4.9560994478516625,-5.136348645501718,7.467509225416094,1.4316640692000464,3.4965186507700543,7.947999931907661,3.8357195142047154,1.9467114693362777
-1.7164289550968603,3.617757209443399,1.9144514252859224,7.593790070661312,2.5898781085561495,0.48339587009121976,0.0,-2.157883602947784,-1.7055518021239342,0.6790730857202307,0.8622344195717037,8.08065139402208,1.0625020064633368,4.50492074949056,1.7550963272113582,-4.254787667444906,-0.7768938427005532,-1.4391625195117916,5.42634232987418,1.5854450085779497,3.7147311858994305,3.751162589714707,5.497674300236048,2.874744800107033,-3.703323593142596,8.514525404127939,-1.6868483948328215,0.8027366064990233,4.19351279553273,3.806291319484101,-6.164605746154355,-0.425454461840114,-2.782564002860668,0.025885543774149436,-3.637626072508656,-1.567061502072638,-6.412368678218955,4.481551060965602,5.055284876094839,-1.459991118518773,-3.057108057432891,-0.14077840666509459,-3.2073824091287713,-1.7133537320494792,5.470011246767763,0.07101023450120517,-1.904747893784384,-3.8702247231494336,2.1626388726680084,1.1541295780346674,-3.1547655306457574,-0.1246234510340062,-1.4203483667038517,-3.7902329241940658,0.8350074596750838,3.3939616899970093,10.346165705444268,1.5153356096556472,1.935155640991784,-6.188498768294422,-4.496556583179004,-0.6006099111058136,-4.768085931771911,-4.356912611985449,-0.9567032155395548,3.827544372039364,3.7436805952017846,-5.097840313198352,-1.3751006284658016,0.5399441262917865,2.3483076450600544,0.3461210495211395,4.091685276781706,-1.905435245985312,-2.7466594605039383,-3.269761307354785,0.9573914856261555,4.465057204427783,-9.417704241847218,-5.971125116840609,1.6229507402501973,6.690150049057122,-3.637579722781493,-0.4408325032251249,-2.155061883673658,-1.872732017136954,-6.871665627205684,-2.3306810438279446,4.472872680680154,-2.3794754350563414,6.2739090611516355,-12.234306080653228,-1.9224930211490927,-5.878935120998272,-7.549625849626842,-5.8527246242323825,2.940287931158254,3.4935079959365485,3.699612261616444,0.7693744825955345
2.698430437669494,7.9296897983130625,3.636144503248204,2.829283311455771,-0.07559529264770981,0.16814258265798798,-2.157883602947784,0.0,3.4521834496601183,8.77604663578737,2.7270070613546733,1.986015690934945,-5.953076577074812,-3.4215206495787154,1.7357320210292075,-0.2581716325331297,0.3359608705390601,-4.300890805686622,7.623080824557229,1.2768195893861092,6.496592572670022,-0.2382265197149543,5.364312116474973,7.608274035860154,10.081666566584198,12.006756663477404,8.7310088004299,6.131136642292623,-4.372349177703381,0.31428773428828216,4.768222842565328,-4.051168330617352,-8.90758122983806,-3.8893595472873854,5.88357316832085,-1.599505615970462,-4.626553746388472,4.034692411306282,6.198439290068953,3.564912296758305,5.470196726912548,7.013364534433372,7.3329825698971725,6.339446032484628,7.7314514261628435,1.8923869063089909,2.530301197465376,6.146161943036482,1.7994020242357152,5.502851262562181,-4.815159026001826,-2.676013071068597,0.0792462849143829,1.1929012640277237,-1.049618596463869,5.587220935682312,2.2033285336437936,4.272275284685046,8.993526770497112,5.821082223866457,2.0265878218852027,-2.02344554106314,1.6453331908489335,6.370593370814664,10.584020053549558,2.572206354707052,-4.093862583535752,-0.504457161248618,-0.012265206890713948,-1.917725570868536,0.7935329214971738,5.312707670561761,1.7263311488528612,8.732304041101838,-4.452648611522136,9.146146189741652,0.5869616065779971,-3.8810568812809407,-1.9165110913397976,0.2674862676086959,-1.5821199925440055,2.4397601475750497,-3.6326537245434127,0.7807979652328042,10.934845264219495,-4.628278072247315,-6.914807962473567,0.6962901473762176,-4.385367808449868,2.2888703407043027,6.4039433782439215,1.5400341991526711,-1.2048986741622567,4.887917093211366,-0.9375861987635334,2.498182743793792,8.465955502031477,-8.256332408421722,5.062294678650137,-0.3914177485851159
-0.13873094754245127,6.227462435582112,4.551786851917457,-2.0272368798695446,4.309475586356384,1.4290472271819268,-1.7055518021239342,3.4521834496601183,0.0,4.173698147916351,6.0454849369452575,9.294887377040675,-8.235035328197622,0.5820052725648219,2.027616593301335,-2.260165978143229,-3.332686708337482,-0.8700199012391258,-5.818786256046731,-8.967505720092658,1.3956277449164725,-5.259356184680673,1.7668825343521124,3.6324797546655287,2.9550804202074015,2.7847018249168127,2.4827225373017248,-0.777905881049262,-3.750979471324847,-1.9995094539937808,4.596976323530907,-9.311526538735178,-3.08087106671986,-5.220006601313657,-1.8389203700047048,-1.3600684858118155,-4.1630173999839375,4.233392886983488,-1.32300405749572,0.6971140342215499,2.980503769061652,2.3077936650304904,-0.17563530021591403,3.2503604397529102,11.97583976908252,-1.7306849812816067,-4.058999290384953,2.0505537555932176,-0.12984324912542022,3.67803914785884,-2.1298818207178645,-6.589991636172255,2.577923141824917,1.0358234427081037,-4.258239531904688,2.152791397342518,0.27669132162765414,-1.0970551400864212,1.8706833227358064,-0.4248718086706832,2.7776224453217053,-10.304703522430154,-2.1657947926042955,-5.666951492351299,1.7436463424785829,2.4383735315307145,-1.2925585599395055,-3.4510664414096857,-0.4018350998812837,-4.802115948505521,-0.6340729705694932,1.4847480934507462,-2.6874606418996576,1.958414881576542,-4.3523637907330395,-0.49117777555748654,1.4942790295358988,-2.159112264733197,-11.629707641402364,2.819826447744313,-2.109539224293296,5.21639922557023,0.43102981478832286,-1.7018097633421359,3.377986945053108,-2.025623633783933,-3.2956209569585777,2.3485234283854823,-6.76068966248083,-1.2248321618921176,7.3859950368634895,-1.4172435599169169,-3.1502368390915496,-3.9479154364801854,4.9537360544423485,-2.158470318887323,-0.3595123508044231,3.145100011037653,0.11684732140132555,2.2467938677541057
6.957533086089852,6.57883611878992,6.131318084859728,-1.5090064992116627,6.911506787329963,4.193877496674393,0.6790730857202307,8.77604663578737,4.173698147916351,0.0,-12.880086210071248,8.613275734506402,-0.4855781655294365,-1.0036745632045718,-5.0950440569920525,-5.772640280141908,-6.262650454351482,-4.4312930868331915,-8.164798648564634,2.280797507170499,-4.512317961641044,3.919520303347596,-5.455052478807813,-5.199206301835541,-1.1501052705855572,2.2010604144811143,-0.9427109978166611,1.3457310952782056,-4.264004008016611,1.0829179087000187,-4.099941220384696,-8.975850512229476,4.272884832951082,1.114864934679996,8.837384243379814,-2.1264793133167905,-5.921847479260208,-0.3608762120262274,-5.515530564128695,0.8403376917343861,-0.8847998059004237,-4.471499585149892,-1.9665718741804237,1.0000741432763272,-0.5450277233889773,2.3152695447133165,4.045852536348851,3.7186445223930513,-5.005060168571032,0.007245093655811181,2.4822174898756244,-6.084866333941146,-1.8963685214370891,-6.340518496958009,-6.818818262526753,-1.1028442759202108,0.8400747660563241,-5.39226285929128,-7.215790406112936,-6.824980311128337,-2.5507605436024177,-5.5431569078008165,-0.7252987220211795,-6.235326726870878,-2.4688453298917152,-5.940088869115536,-2.9779912829944313,-5.481953476770865,1.5037198607996172,-4.491677519355162,1.3075138052302893,4.044420683494688,-4.515293702145903,-5.2977614540501055,1.0206723347446298,-0.8517672615478562,-0.39104666750380496,-0.3683440499351852,-7.0500948130508085,0.07669105285930473,-1.2302816848522475,5.466246758073004,-0.7089804514827375,-2.2798559013180624,-9.788449464084442,-0.04702312502639212,-5.011585807265664,0.4003274085547104,-1.537342669140946,-10.208485687660836,5.576566616024418,0.45781057255839536,-4.581388942167571,-7.464671972727895,-5.897859753691679,1.5914118982693684,0.64490776594419,-2.970749805917288,-2.062585617194458,-4.684065017641071
-6.307433761433577,-5.037471822365457,3.77048952049332,7.642008736510362,3.0823412336050926,5.27088292029739,0.8622344195717037,2.7270070613546733,6.0454849369452575,-12.880086210071248,0.0,-1.600136244036085,-0.04526804843164778,-1.07649145095797,-0.7820677766827192,-1.821724819517868,-0.3431150825210604,-1.454232429686482,-4.982275370191734,-1.1693187892553225,1.6635292690132435,0.15794573631565098,-2.7642543986184167,0.6356101096156895,7.928503872407537,0.07982886927616258,-3.3574146849773405,8.35846744008182,-3.1712640458977988,-0.8140325391869394,0.8861836436050734,-9.492855029894995,-1.9763879511047815,3.4772980818092694,-4.104648228124033,-6.195565919898005,-7.143383084845166,3.307391899512502,-1.9671046324152193,2.7656981319330605,-1.839882012526623,-10.09706324620048,-4.853191846646846,-5.122100704089246,-2.6767438824810927,-8.503108906751883,-3.1330216637405033,-6.279610095553849,-1.7884445113574394,-6.2891848905494605,-3.140245418462152,2.6298874044874707,-1.5386657806172628,-3.6643711250114657,-2.0431469413298697,2.0230569182547833,-1.149183920438691,-5.410616775837122,8.460897498195646,0.3281137908573431,2.5784774418588805,-4.217630125944725,3.32696387818999,-1.1261828152388849,-5.897538710814862,-1.5711532158006587,4.108912063973154,0.6117782229682815,-3.1506598923904394,0.07768961382163336,2.6257976311531324,0.049114703288440496,1.39384297782278,2.2416772291657043,-0.2928297011850553,0.4667819800052609,-0.0044726267967868305,3.4420567992467626,-9.082008153368488,-8.365032330069704,-4.123507370957419,5.363508891582369,1.0568922894179544,-4.668353347599226,-5.588221081766822,0.858178379478484,-3.976031205447234,-1.9419948077364,-0.18463140228277977,-2.7790564145983,6.451419514121202,2.502650798103432,-0.4155268157415906,-6.126260840151889,-2.9913830238845693,-10.7538821685707,-5.232978015722697,4.6377085152016715,0.5714439551445529,-1.50625075648773
2.2366920686521508,5.4359131028595264,12.29149903601496,3.1810591710093035,9.374371971119905,12.540203166036052,8.08065139402208,1.986015690934945,9.294887377040675,8.613275734506402,-1.600136244036085,0.0,-6.397476916756696,-2.37772431360621,-6.322835431376939,-4.225556036908944,-3.9033254059480487,-3.3934913495178005,-6.97865487335551,-2.1942039462646297,-1.0394426873415803,-10.580370407541071,-3.640507065976404,-7.452730081310009,-10.834158741941584,-10.614324036130528,-7.245018063318784,-10.292714184118104,-0.17824051264064356,-10.302848932632823,-2.236997912064479,-3.4413812524645646,5.010942139407736,-5.317956870814648,-4.431548198169262,-12.200391744097905,0.15476856066381067,-6.150200891336936,-4.615681834699547,-0.503226262099942,-5.215766259737372,-15.737420335573022,-6.7144378903149216,-3.3271764155229215,-3.087720932004264,-13.483256866224137,-10.826059903616683,-0.8793502423510849,-8.333297070283708,-4.100578654062273,-14.180878711287352,-7.580541448314747,-5.5292179556627135,-2.3009700466336063,-10.717374040935034,-6.490852448233404,2.3202323342632445,-8.80765091421828,-0.5292103314672848,-3.3224114992651987,-3.8507745424257616,-8.084116363258227,-4.655347889168289,-3.5333071006406214,4.864384211259084,-0.8330209576379528,-8.33487921063734,-6.46177688761604,-3.078442824727317,-3.5496804077118607,-3.964200757780546,-13.94801926115595,-3.365297433885835,-6.355519847828504,-5.1765843291783815,-2.41379273996118,-0.6333535990214466,-3.603588683301605,-0.88135456840526,-4.450915712745229,-9.187247981426353,-6.6448953869082965,-4.295456660729769,-11.87857824973121,-10.59699260135732,-7.030633958796049,-3.004717830719449,-12.67597188543214,-5.852664767784738,-4.879164398177946,-5.437239059958412,-8.638414529754312,-6.885871708879384,-11.83886546429507,-5.590294555807499,-1.905375879041256,-10.520806446393983,0.105565229725477,-4.459977850330644,-5.205055683964645
1.5209045150891511,-3.6080656286440624,-1.5919627391875708,-3.4094546768605745,-5.87849939977436,0.5320293461273047,1.0625020064633368,-5.953076577074812,-8.235035328197622,-0.4855781655294365,-0.04526804843164778,-6.397476916756696,0.0,2.7391892541530902,-0.2509173439504964,1.3168511046885365,-4.640056088802216,-0.04105686207859327,-0.47342734194439984,0.10474618892629368,5.537700109354807,10.20755615862948,6.775758820765118,2.711047163975689,-0.6605846652390731,-3.124096072796793,1.0204661091756606,4.759391133760323,-2.9124694493252026,6.693044455495317,2.6868073033920004,1.0865157213960783,2.2632950351577086,-0.09947359762010582,5.231438598413044,1.89231704931468,0.562074067856141,-0.2654131642583154,-2.9761253569355435,-0.9057323645872611,-0.792763848599079,3.279949713687027,3.68752669219748,6.01090878072124,6.71244627264643,1.4409278633168987,2.592096484286075,4.360562809446096,1.9121993058448297,3.3776427208337676,-2.4786530127319835,0.5649434170408691,5.4295113128455945,2.52344349827906,1.0367851496607168,4.532800195944617,6.212157446794781,5.145782884774969,2.647977591759737,-3.3143413797689716,1.1687957038500139,-5.634365572893957,2.492835277374732,-5.605181557821877,4.000548850987029,-6.100486658095446,-2.233567103091395,2.309189761151627,3.1935346699954894,-2.0351921248749694,-0.2975150648945268,7.291281282984959,4.357408435095522,-0.1101680780434292,0.42867478111562274,0.1578479443159758,-2.250448412646019,0.026123560330298057,-1.658590828276918,4.9253259998758185,0.4773109484394182,3.836711582450212,7.0687972489051845,3.36250581477084,0.42552372878179334,3.331069015780796,0.8821065192980065,-1.1905956273383695,-1.6463970639510999,-1.2670307380402348,7.223170822213907,-6.1289506994976515,-5.983882380595948,-5.392639728176476,3.957868107114813,4.418183805398164,3.8602262168746737,1.1174394752254475,0.2405692055902935,-1.9815349269672415
-0.09990588098241693,-7.108363760650671,1.6809563156781635,-0.5077549517344238,-7.152661584257056,3.987707778244826,4.50492074949056,-3.4215206495787154,0.5820052725648219,-1.0036745632045718,-1.07649145095797,-2.37772431360621,2.7391892541530902,0.0,4.223517928707583,2.8571685536189695,-5.976916367869957,0.7657850712193747,-2.951498387995516,4.251834662035753,3.705831696280927,2.0471069109156064,0.4819227632007604,-4.394421559417263,0.06182216655825943,7.037624177744287,-2.146936360498461,2.3068545727264915,-2.6376971710951933,-2.6523381778924975,13.003120579206652,-4.7759099906026,-2.358335732284845,-6.803555635026244,-6.347961147910459,-0.709073520350623,-9.927335037527374,0.7135411151157518,1.912707330563788,7.7934624287072385,2.490325927689571,-3.317150375491712,-3.0991383374488284,5.23073212898517,1.9819008227300747,-4.878668961370551,2.859823384036974,7.3366315369121775,-4.77133840469163,-1.5600088666799583,-3.6810594128055176,4.251865843631351,-1.6259178390768796,5.941634721604635,-1.530891517395841,-1.0623458098444178,9.243772270304387,9.224128845725435,-0.03244934326910427,-0.42738700085050974,2.4815121449760156,-2.7499246898832768,-9.628186869396703,3.260681262764366,0.9777125594034184,1.030989167389852,-13.68681522444644,0.7759605745533312,1.5764871519372,8.152830181712881,3.1548919662779356,2.0935614983764794,4.51156635170627,-8.467242031391612,2.173323801813019,-0.7224312259650789,0.17205879203986735,-1.2560063610564471,5.930000391349329,-1.6901089802221538,0.0340898446903825,17.818497111854654,-2.9060539557957004,4.451334476775672,-3.7548679492200576,4.5207713282130175,-5.8272013081135725,1.8841118179975784,2.277452808646936,1.8560688933481435,7.237975906815245,-7.113645131310688,-6.678938654306597,-4.099498665862688,-0.025194123868379808,-3.106470491500731,0.3320735660259626,11.520417808190935,-8.840766932309554,-1.1964148658154596
-5.909316163258193,-0.9136212105595166,1.9348765908149408,3.2137987262804817,-1.5095459551796226,5.982141106211538,1.7550963272113582,1.7357320210292075,2.027616593301335,-5.0950440569920525,-0.7820677766827192,-6.322835431376939,-0.2509173439504964,4.223517928707583,0.0,-4.338887393690398,-5.251402840823372,-2.286018613716035,-5.678420695154829,-1.9128872152238612,-0.06027278607803169,-2.264844438141579,0.9468563001439583,1.667821401905546,2.064998642128252,5.219393650055507,-0.654265315410546,1.1916994316973246,-3.186689396224337,-5.034114014126976,8.752227084040863,-3.343709824942749,0.13301897244115776,-1.7466889201371412,1.278155062744126,-3.380800208254543,-6.1026425431656,5.011322484001285,1.2524825053108055,0.1045531095365802,9.487956622591096,1.8939435999903496,-3.7773658105930488,2.47320910549565,12.161027243855088,-8.659773657089657,-1.89781790796126,5.038757815930191,2.7529754537667483,8.176583071501017,1.482469775013574,-0.3580770607762175,-0.7713072670045034,-3.233402932242592,-0.8532144297994151,1.8665754701086257,4.503622316694056,-1.4185162784080476,2.0988945633850924,-0.5033615143676098,2.7161593561458415,-2.1957060168776974,-5.490700517868984,-5.2492109911816485,2.3558192754380767,-0.4709903031580238,-5.200993502788632,-6.884862143381411,-0.2856936629927608,0.07381772157606317,-0.9237805448662423,0.6805484802918751,-3.422107101099104,1.1083248557507603,-0.9955725763902749,2.604497487592885,1.248401861340846,-2.2770744895092645,-2.0969449195517855,0.3052776796222086,2.0452503469408367,11.392029026944828,-5.603167261333791,-1.7671577328588535,-3.1038786860502974,3.4931571798001078,-4.884030873959138,-0.33842588604222085,-0.4830540908659949,6.116205491656305,6.913008069498759,-3.968412613530384,-0.8279365791595342,-7.807639090637949,5.635648362214424,-7.490306577825461,0.08999837247676966,7.323078782660438,-1.5340947618655831,4.020734779811613
1.7169808632860226,2.141159435852977,9.529529418272906,-4.0331642104286445,5.5642993259891655,7.7689736866520445,-4.254787667444906,-0.2581716325331297,-2.260165978143229,-5.772640280141908,-1.821724819517868,-4.225556036908944,1.3168511046885365,2.8571685536189695,-4.338887393690398,0.0,2.6000140077770646,-0.6884591302548118,-1.3125459913962558,-0.4530486270519619,-1.9987556714808288,3.995703469142678,7.344438737590222,-5.154344838112939,1.8387796052794596,6.0359277974831755,2.1880329941561807,3.054449409640632,-0.2032122049497379,1.8377191115784524,-2.2064218409869647,-5.166786079858864,-1.419279258560075,2.2427343022354185,-2.9664929127892474,0.08284921000473737,-4.78840153883454,6.970012071310238,-0.416951643221112,2.6043692441553863,-0.5575100127013015,-1.8318303406997447,-6.861786138780105,0.7239008914387781,2.626753167460216,-2.958329517285797,0.003173404993023779,-0.25338007542033675,-1.9248006586030255,3.8865009909326234,-1.741786420202491,-5.596275003891412,-2.254690046760753,-1.146859440878517,-9.317441024528897,-5.270744170359583,-0.5516132731849235,-6.011727172784309,-9.713957268602215,-1.889184890906584,-1.5274700399313472,-5.6844606671301925,-1.4598416310421105,-0.37595132248271346,3.35202800266144,-0.6633340458044812,5.2259800279335344,2.527643607715352,6.318002855440513,2.8310657727325435,4.2756712015883425,-0.03772619273819031,3.4779063031115225,3.7820083142237935,-9.772414916808096,2.878054500128228,3.41627277891896,0.5836732355189289,-5.28215883275908,-6.903461255155901,1.8252734090362033,9.819563999964783,-4.409060537499398,4.522952944690275,-2.524181593315031,6.6657381933990365,-2.3764471630688706,3.2172680366348367,-5.623850092302517,-2.0012414931556135,-1.060579989853785,-10.7753194932335,2.313062396169732,-9.30523703801043,7.232291709028763,-7.542882220942675,3.7669890192801097,6.722913292127411,-3.4145851007880155,1.683882945416673
-7.5077416271037585,-5.468275145093277,-4.4529977851130855,1.91369411351968,-3.0133673881502694,-0.0018335992314952865,-0.7768938427005532,0.3359608705390601,-3.332686708337482,-6.262650454351482,-0.3431150825210604,-3.9033254059480487,-4.640056088802216,-5.976916367869957,-5.251402840823372,2.6000140077770646,0.0,4.758186600880196,2.278139916441184,5.633815608364588,8.361406140707691,6.8955904299426045,7.208474768638344,0.7831721348517776,5.624439175614357,10.193474484793809,-1.8627765005340728,3.681944121358752,8.811780865355086,5.53211324268733,-1.1875256511709595,-1.6467750850797802,-1.8174373784428368,2.0870954909160324,2.260615168960129,6.266052948434277,-0.4715429705594621,1.479192979064287,7.19402590993832,11.832886816736758,9.18231438870196,-2.7997496885114583,-4.0907502120180395,-0.26266977538190595,1.6625251771170184,-8.374292933243414,0.44721673018509706,0.5747604382345294,6.120712440825884,4.731916188969546,-1.0193828434077343,3.5684840475756854,3.2140077404005742,1.6505709930560544,-0.48661705460502713,8.17863497307308,8.263380653983292,3.8965290132692534,4.396015999839215,4.127249717532628,5.067082197966267,2.840499031037707,1.3961831361727315,5.4829038968557535,8.088980137832252,5.713899634191831,-3.8988643081160377,-2.757437596425516,4.104827966244642,8.362195835083696,12.94081946996052,1.530088857193437,7.315316218908829,4.8309874513653766,2.7851342539310178,2.5887981056019145,6.074156245823249,10.659099662918123,0.4013403792222974,-4.149330915295466,4.560564675006008,16.601209746507806,1.4983892058656096,4.070912353012221,0.3863063885661512,3.084159120562592,1.0179763662970955,1.676819838827852,8.838148080294184,6.379400897939112,16.683457759776562,0.845254987403298,9.7438833231967,-7.219899651866621,5.41643302900577,-9.595842840516687,-2.5308219125173324,6.477114061460003,6.476243812480171,1.6844504216691327
1.3506227505207309,-0.9357163905271856,7.240503490642963,1.007558976415989,2.507692621930152,-0.08864997567431628,-1.4391625195117916,-4.300890805686622,-0.8700199012391258,-4.4312930868331915,-1.454232429686482,-3.3934913495178005,-0.04105686207859327,0.7657850712193747,-2.286018613716035,-0.6884591302548118,4.758186600880196,0.0,-4.854714284364595,-1.7098380231232904,0.3526222910359574,-3.708641962416344,5.464849577062026,-5.5367308707485385,-0.4830719368756526,8.45783496479214,7.911965476744855,8.76323397018876,-0.8468597432856602,-0.22738054374058037,-3.293985663174308,-7.254590131804826,-5.256547299496165,0.48081498290522406,-1.8678038980483227,0.19939797782777172,6.05710566104012,-1.919432016791266,-0.7055418693090887,-1.8131264575585433,3.3365357710091628,-1.1893511422058722,-2.9053425673822946,-1.5469251115762108,3.840029209061388,-3.6350603595886146,-1.824034508243556,8.71770459253352,3.9513075302389056,6.370680212455976,-3.38450442608653,0.4585404328059113,-0.3884478752503424,0.5165733601193663,-0.015362422618430243,3.298825446024784,6.819280568595728,4.850803387043538,-2.2783786101178,3.8137532773486633,0.9639065087465343,-7.24072639096075,3.9966484701428535,0.8425598341328285,2.1854009243408403,-0.603884902514108,-6.6941845780324245,-4.597886632141532,0.4748450151727529,0.5398923838561431,1.2265316681468517,-4.033015570814584,4.868664006484994,2.4337636261326336,-6.229885574622909,3.9133327904287487,9.07362288266034,1.1293496771961784,-7.55380031344001,-2.477166274041005,-4.409282502453234,2.01993035544094,-3.359950133239875,-2.3827801106114697,9.560359492792992,-1.0422039940161438,6.502107018621742,7.879561602650246,-1.8345871679404833,-2.0762074110091926,11.408665518371013,-2.960609306585728,-3.42839196884319,6.902800137446064,-4.932793031515337,-9.630694479745372,-0.259199257243216,7.015705596267158,3.051653623105628,6.055265731028456
-5.623538242767101,-4.542896609557045,-2.8555857737943464,2.9539561440134388,-6.900506584655593,-6.669350954956761,5.42634232987418,7.623080824557229,-5.818786256046731,-8.164798648564634,-4.982275370191734,-6.97865487335551,-0.47342734194439984,-2.951498387995516,-5.678420695154829,-1.3125459913962558,2.278139916441184,-4.854714284364595,0.0,3.3677037241865753,2.476519393897196,-1.619357971165159,1.937744244447488,3.3278606036779634,1.6669930489965652,7.401881362777449,9.93991177508994,12.027326395693756,-2.935633955314913,1.4122030342277536,15.510998770211792,-3.5843005455831727,4.426444092974228,0.020536902121379284,4.60939380236521,5.626655040222236,-1.4076530818346675,7.656967822374675,4.357203699445231,2.592659348417768,6.97957250602771,1.623621275787975,0.048034738326340566,-0.6244249485871295,9.481164139687968,-2.2417355210574823,4.82852205904109,4.617683945415766,2.26003744728614,8.332187760962034,0.7490604596097146,3.921561138212772,-1.1020836169331072,2.994763461964067,9.731823969423129,15.174824783192134,9.840034664934104,9.313551451416062,8.593783546864366,7.763683107983399,0.6051283814614111,-3.010870913379971,-1.589750798874546,-0.17976781311815496,4.656815303153992,0.45972202290610914,-8.037341295137212,0.3054078124071477,-1.203096570044232,3.850288002596896,6.059074466393348,3.451042695788747,6.567830933479228,3.5637374042205585,4.103989456962558,5.655386525996744,6.437691359310852,4.623283571408062,3.8661269044660633,-9.220438759672424,0.5424137549238631,10.26606145805766,0.1336411743194479,3.3797902132314976,6.599948368759763,6.730510217369786,-2.788406340853917,5.287272514623845,2.261376188936622,-2.1148439078158385,11.422367965610755,1.5410656143735466,-3.268214257566537,0.06703261638457969,-3.849175714772481,-7.925818318958142,-2.520387844725671,9.06155292652608,0.96527941297926,10.071257434956092
-1.61407133194322,-5.140598290449083,4.073540152296227,0.37769412705087024,-0.7288907618742159,-2.3375473663078887,1.5854450085779497,1.2768195893861092,-8.967505720092658,2.280797507170499,-1.1693187892553225,-2.1942039462646297,0.10474618892629368,4.251834662035753,-1.9128872152238612,-0.4530486270519619,5.633815608364588,-1.7098380231232904,3.3677037241865753,0.0,-2.185183459647277,-0.03046950174237921,2.797744517370913,-4.501090152452735,-13.628421750098504,-1.8920504270619345,5.5526497873542455,4.820619187627432,0.4083364496572695,-1.1584730303470483,7.536947147671314,-4.937777058532517,-1.291452029990866,1.0350028174125863,-2.7089505151591777,1.015732818324486,0.7105044412720136,5.242288045309488,-0.15581334990123483,-0.14941698987497223,0.39583330303961634,3.135614934435292,-2.021906350441757,7.193226635760364,11.86288656653688,-7.294610016982326,3.59845667893927,2.89521981894786,8.100796943528307,7.9896293298276015,-6.7532171308924545,1.5326241045885607,2.73248448015459,0.4699012763689618,3.7104926598745105,7.979527072329928,2.3363976120147187,0.5487328300887612,-7.2898427432158845,-3.4147442925668416,-3.1230823933652,-2.607760270053902,2.4257828909679127,-9.340188779550964,-3.095270372956609,-0.3743914708711276,-7.505485497114345,-3.083984356887731,4.079940677344279,0.7256236381297885,-1.500675473188104,4.000110644136016,1.1582498972702224,-0.4848747286249954,-1.885876140154113,-0.7581789902338543,5.787716342320237,-3.075159801065429,-3.5320170811198115,2.798997066182325,-1.2797428357913128,-1.4523947535151251,-0.08887523542803172,-3.5599045585527436,1.7498889389604506,7.7936291540039955,0.4396097744926099,-0.17913594142543407,-1.4441777465079424,-4.364053883788984,2.3834543738806784,-3.202936306831248,-1.631262741759619,1.608607268079618,-0.570744042255111,-1.839235364816752,0.7051627465508244,2.4619586125646356,4.0851533124176145,2.2072095210218454
-4.099664584694808,-2.59905684679512,6.649979351501248,7.529270503704301,1.1263500470613994,7.199589131535235,3.7147311858994305,6.496592572670022,1.3956277449164725,-4.512317961641044,1.6635292690132435,-1.0394426873415803,5.537700109354807,3.705831696280927,-0.06027278607803169,-1.9987556714808288,8.361406140707691,0.3526222910359574,2.476519393897196,-2.185183459647277,0.0,-3.7776283980062866,1.893708532935349,-4.473719870390457,-2.354538238603374,8.919312343984041,2.4001568513395855,1.588741376560552,-6.252165380002198,-2.0893349539768655,10.935522883579832,-5.39304235662827,0.44606972530180405,-2.1984944172189578,-4.329809803620111,-1.869691511891906,-5.746882755503814,3.9344940785099585,2.8089126518904206,-0.6948546816793112,12.299298280769849,1.7958244994391248,-6.738384394507765,2.8528216158573905,7.476066365963401,-2.529230323327347,-0.8356650460314936,5.394442941084404,-1.3763386464027347,6.852458359941896,-5.132737109869953,-1.1594376386142746,-3.996784953763508,-3.88919282113172,-1.9155102755864848,1.5461536070066852,5.337812753633818,0.38455102735003815,-5.86864289372742,-4.041282734863273,-4.15861323711224,-3.1455156322240865,-5.427804395765998,-0.7969057550533779,4.9548091456654575,-2.772872602013825,-7.788285738946153,-3.1233344686908264,1.5759520046020883,5.520132118393617,-0.6726007375928208,-0.3926658756022331,0.10553509146900572,-1.7360750050618334,-3.270776908148227,1.0859215355894827,1.2227692940651071,-2.2199864249036647,0.39782326490663433,1.7893855110072228,5.258240061715134,12.614913175845212,-3.705458655584703,-0.8631119104194585,0.91593978363957,4.1968284798234095,-4.275365929593639,1.4280867938809745,-3.174672778438348,5.493036973426992,8.356679211924185,-0.3033319562036368,-5.114727701254176,-3.359165066732349,2.8574425345687815,-5.248060195708069,2.4164337775631255,3.423098326769185,-4.870183368717905,3.092518599685614
