0.000000000000000000e+00,-6.244728326104268312e+00,-3.205252420183023254e+00,-1.895502744526114780e+00,4.892019500947808908e+00,-2.313954494998357703e+00,3.448517399001259864e+00,-1.557770593106999835e+00,8.100923012482382779e-01,7.236898648947217794e+00,6.745893222666939693e+00,-2.494508132084277019e+00,-5.359270583935614951e+00,-1.382597252073415772e+00,1.801911562997849936e+00,-3.377128342031134878e+00,-5.853357761021571903e+00,5.271228319715757671e+00,-3.141114948262478279e+00,8.417810004904263010e+00,-5.014844400936104840e+00,2.184919786143019405e+00,-2.061673663509683507e+00,-3.969320253870348925e+00,8.658183148593836531e-01,-1.314019188843372099e+00,-8.763267225620005263e+00,-3.269951797858977383e+00,-1.919833938315238964e+00,2.378050979626612715e+00,-3.253291283972629344e+00,7.468888060905195303e+00,4.914334772885733393e-01,-2.263172819446244599e+00,4.336655960529633091e+00,-1.531711321857671004e+00,-1.535787294188648788e+00,-3.181824151583255933e+00,-1.095905388269627689e+00,-3.234196339157644484e+00,1.486384806908830569e+00,-3.206768296553443420e+00,1.412828729948676809e+00,-5.308433909726106847e+00,-5.318821891862158147e+00,3.825300510696481027e+00,-3.101451834381951933e+00,7.148017742843618016e+00,1.601550765631853113e-01,1.600171784152466747e+00,1.048271194457678135e+00,7.554186252863269724e-01,3.287585214920278442e+00,2.074233853709429365e+00,-9.066211516359865552e-01,-6.022618672033056342e+00,-2.775918011012226572e+00,1.815296314930611610e+00,3.015199684776472822e+00,-6.788007479081565876e-01,3.227453629929431855e+00,-9.318584112263634367e+00,-7.896184994622457154e+00,2.340922264737147207e-01,3.641092437619187105e+00,3.414433592219796143e+00,5.785157026105957279e+00,-3.873922655322940667e+00,-5.865818964960787696e+00,-3.204819070259457003e-01,1.180169074207656488e+00,-2.628801054278928184e+00,-4.259377509552724206e+00,-1.422320294729876089e+00,-5.199824831352793275e+00,6.419343814171457607e-01,-1.001502663223987533e+01,6.470933569357202764e+00,9.038811893068307568e-02,6.155817396480789405e+00,9.308900111627718132e+00,5.243394769515121734e-01,2.094497202291453419e+00,1.025259725471509897e+00,5.153140977167625536e+00,-2.206331732223692832e+00,-1.105804202608155151e+01,4.975533399230976705e+00,-2.393952520024372754e-01,-4.347949358227119809e+00,-2.052229499406470037e+00,-9.949809565164815517e-01,-6.040176460239537803e+00,-1.678452183756363070e+00,-1.001885162808564544e+00,-3.485747361706559300e+00,2.687470775746621410e+00,-2.539877656974085518e+00,-2.586589698807086002e+00,-2.780126165927352400e+00
-6.244728326104268312e+00,0.000000000000000000e+00,-9.319480453449661139e-01,-3.490364717047476972e+00,-1.923984198820011482e+00,6.706276938453659131e-01,-4.640602322545260172e+00,3.704535367934040480e+00,-1.995117624672140710e+00,-1.206202249036514296e+00,-1.468782486287529832e-01,9.008088161369215419e-01,-5.480811991843723696e+00,-3.928992251343466968e+00,1.048710181480797754e+00,1.126363262398516252e+00,5.596175714957771774e+00,1.096185296998261949e+00,3.679798919994137663e+00,-2.007970826032014156e+00,7.084073442354680283e-01,1.342376389189829045e+00,6.643408678251367938e+00,2.146908415793595371e+00,-3.629238502808291855e+00,-2.691909891736674609e-01,-7.532753002394663611e+00,3.267242433879138375e+00,2.445884138860049184e+00,-8.208548916342733648e+00,-2.033267681144753425e+00,8.256768679917056986e-01,-2.865771827986675291e+00,2.164398036043930773e+00,3.754048256254487903e+00,-4.526213229625158263e+00,4.841810968667571657e+00,7.733670234902722207e+00,-2.206375994887197933e+00,-1.430864809168344687e+00,-3.665931894096239319e+00,-2.598051309397981790e+00,-2.798216763878319524e-01,-3.854306968819999568e+00,-3.278636180913232945e+00,-3.445324264533139225e+00,1.484752956284939529e+00,-3.235280086315174941e+00,-1.250666034940455917e+00,-3.172598134745517662e+00,-1.022990430296619957e+00,1.427909632246547433e+00,6.016421107333452589e+00,-1.757883894396729652e+00,-1.162786591168341044e-01,-3.133572671837306367e-01,-2.174545119159939366e-01,-3.758273095493380733e+00,-1.106893214219432098e+00,-3.843964501692117341e+00,-2.172904057520471888e+00,-5.407737612259279736e+00,-3.369624617994440907e+00,-6.565608950842234393e-01,-7.354544247932192746e+00,-5.517576490392270827e+00,-5.475033006190005436e-01,-3.326386481803194961e+00,-3.229260032816275494e+00,-2.268262942817091954e+00,-6.157071968364316916e+00,-4.443749810322907834e+00,-2.145979325224860901e+00,1.966802607280724757e+00,3.382201915927198321e+00,-8.380615826096640575e+00,1.500403293556552997e+00,7.835298207244227875e+00,-1.632920651439350584e-02,2.304473464013331085e+00,2.427223888034299559e+00,7.624388355051835653e+00,4.821142441061174289e+00,-1.021467390722545998e+00,5.608588478450999837e+00,7.128769163328632530e+00,4.862246215748985412e-01,5.572685683644854393e+00,-5.528499538474539454e-01,-7.130877978702528930e-01,2.889624445699003896e-01,-3.384046933964950377e+00,-9.996292668314127994e+00,-2.841463741133345433e+00,9.587122092018512731e+00,-1.821108152481774323e-01,3.872846358138315459e+00,3.959293454051628025e+00,3.482703591645816665e+00,-1.815706479518069738e+00
-3.205252420183023254e+00,-9.319480453449661139e-01,0.000000000000000000e+00,-4.165833636986364219e+00,5.790937101576965063e-03,1.002848622919943589e+00,4.181708424510089395e-01,-3.317405607144180202e+00,3.408029961215230386e-01,6.820258060770527653e-01,-7.423127306623181765e-01,1.480800301211535386e+00,-5.632180449023339586e-01,2.592737132375600329e+00,8.986854129176992112e-01,4.925226936232642849e+00,3.970475154970351639e+00,8.523995450329029389e-01,6.014465098831301759e+00,9.416267505337263533e-01,-1.278568355931964939e+00,9.325287377563052926e-01,-1.709069732753925042e+00,6.030051440730942680e+00,2.436006904599541834e+00,-1.176441837562167025e+00,-2.797093154721897790e+00,-1.221806915199898924e+00,5.379750787738964313e+00,-6.032922579577958189e+00,1.800185750530528317e+00,1.692005040429334084e+00,3.693786109270150497e+00,8.833835761543303855e-01,7.798379895730604972e+00,-6.591179345980124893e-01,-2.049997380506523914e+00,8.216038409980553681e+00,2.633592717588817855e+00,1.581830770927193264e+00,-2.820424838556396363e+00,-2.138696162417747626e+00,-5.147133237060177890e+00,4.379861179585337050e-01,-4.998905210328381532e-01,-2.067301310179882279e+00,-3.694432220739659822e+00,2.103004927501886667e-01,1.018869606619211332e+00,1.049124775775063245e+00,1.310967878587454116e+00,1.956791423332758795e+00,2.197828651116710663e+00,-1.604762277306523099e+00,7.466223940559733041e-01,-4.101765056092687156e-01,1.942930018703980632e+00,-1.549251951594872612e+00,9.874261247115994067e-01,-3.420195937194119740e+00,5.150332222001791083e-02,-5.362048417982181903e+00,-5.140342632366644793e+00,-5.671170364798498120e+00,-7.110573550149901223e+00,-5.792567316687614820e+00,5.371431088387074837e+00,-7.942920806421636115e+00,-3.135493195511734665e+00,2.506168954261310255e-01,-3.560070182105593339e+00,-6.157157026245494436e+00,-7.232345677497868053e+00,1.584820037066249965e+00,6.313800632618558062e+00,-2.821085306677439064e+00,1.490634985508701327e+00,2.338860897825463692e+00,6.916587992084441971e+00,4.653874082460228045e+00,3.821335115783619507e+00,9.314808471735679163e+00,-3.026138657551595834e+00,-2.235137082551926113e+00,4.528955150049924328e+00,5.159018755210097673e+00,-3.557555080919629908e+00,2.175413468200866340e+00,2.118194577188787786e+00,-2.246150175474325827e+00,2.049356218362297088e+00,7.004142779839660271e+00,6.768470618168208330e-02,8.070127309711622177e-01,7.805064493634825240e+00,1.773848891015374241e+00,3.409684635144588083e-01,-2.269967648359781931e-01,7.536596099324736064e-01,2.818790626587521331e+00
-1.895502744526114780e+00,-3.490364717047476972e+00,-4.165833636986364219e+00,0.000000000000000000e+00,2.785177026467909878e-01,6.490601072044824171e+00,1.860442043763216091e+00,2.618064754281855144e+00,4.107453785713259364e+00,-9.256789537542575719e-01,-2.706488509020295474e+00,7.354933874175131336e+00,4.333560650705991613e+00,6.318782782016254984e+00,2.076309080418714981e+00,2.070933931941025374e+00,4.026014897289104333e+00,-1.899100801501856450e+00,1.856494632225768715e+00,5.366941071223377158e+00,4.403920207367823636e+00,-3.832888805122334763e-01,3.931652486559318316e-01,6.469303650677843187e+00,1.706361015545757587e+00,5.413732519711063063e+00,1.239329928600266584e+00,2.949358814599689627e+00,4.951215410655953164e+00,-2.737055679706590361e+00,2.913785513228004387e+00,6.380445293272238416e+00,2.985630988376839490e+00,-6.226145814925375666e-01,3.577762543979285059e+00,2.557049784336827170e+00,-1.875834049864684161e+00,8.995094357336716584e+00,4.910861760913634022e+00,6.232446837024571806e+00,-3.760747536202881935e+00,3.484351321581682370e-01,4.380232249595779059e+00,-4.745096336626533073e+00,-5.813106033902534775e-02,-7.037204390311329050e+00,-5.970207400406303933e+00,-1.051487368062393735e+00,2.186584628740227743e+00,-3.402044659429193985e+00,-1.572265362448939330e+00,3.845498138723066450e+00,2.731387158305927709e+00,3.704415091278042471e+00,5.270884278156465541e+00,5.494608989426762236e+00,-1.341227981163747085e+00,4.048895885930638983e+00,3.311947059050198039e+00,-7.948066667544936292e-01,1.953856199447386643e+00,1.230376014920182337e+00,1.062066487395582293e+00,-1.906795790153808401e+00,6.388030906012514443e+00,1.095406940633680160e+00,6.302718985845282562e-01,-2.244889631025774879e+00,1.490719942691628164e-01,-2.983319375852431232e-01,3.211078400122474807e+00,-8.206321352561113613e+00,-6.660346229501776349e+00,2.359054131312516844e+00,7.623293063393423274e+00,3.580149161842872463e+00,6.504867767860906369e+00,4.001352145974474084e+00,5.431804908795700548e+00,4.078773063326874393e+00,1.681391110997695781e+00,9.055523082045471739e+00,-6.653839003024740739e-01,-1.092802998943830151e+00,-2.745507112655671267e-01,2.297450843118447494e+00,3.015095376376375480e-01,2.909947012872251548e+00,4.594546699996983286e+00,-2.531523629642721041e+00,-4.700021518822445010e+00,4.941155517090709992e+00,-1.446019622982701147e+00,-2.141887351397645745e+00,9.198885765324673613e+00,4.342044902521928207e-01,-2.368727249127970058e+00,1.603534627102981780e+00,3.506919985593069278e+00,-5.836518301210271709e+00
4.892019500947808908e+00,-1.923984198820011482e+00,5.790937101576965063e-03,2.785177026467909878e-01,0.000000000000000000e+00,6.126775987532315781e-01,-1.314295395866057037e+00,-4.070061237857270919e-01,1.807759091125452855e+00,2.614777691808411575e+00,-4.780901306026061448e+00,5.511319649900920936e+00,-9.074610344129008244e-01,2.789130123082029122e+00,1.600939632435267157e+00,-2.284546845356688616e-01,9.818970329328366997e-01,1.491616036206720564e+00,1.478999959555474364e+00,4.375900066312756742e+00,5.754808154213193472e-01,4.522385201736556781e-01,6.051838709177932429e+00,4.782664404709422890e+00,8.620750865239810157e-01,9.222326915217122778e-01,3.381955345512939193e-01,2.967380684806937285e+00,8.780708910965433489e+00,-2.250816347737180312e+00,-4.796610649036368024e+00,4.909626563642500052e+00,6.047026130345719785e+00,-1.386701646498582186e+00,2.390393516737334245e+00,4.342387597345116035e+00,-3.548807203232779539e+00,7.204255289094662729e+00,-1.505241010164598547e+00,5.606470075453938051e+00,-5.126784246270167600e+00,-9.636734055164446477e-01,4.790666633405327168e+00,-7.927996105976766295e+00,-6.332847088477221220e+00,-8.334183294605153947e+00,-2.348305163075292690e+00,-1.018285894417396031e+00,1.126598995006758086e+00,-2.845050243959251546e+00,-1.149338805107941397e+00,1.622297113429997495e+00,6.871233840556632833e-02,4.132135015117750498e+00,-5.596266278737981326e-01,-2.003541194655138025e+00,2.112944821782075433e+00,1.592139546991610644e+00,6.271139922885632600e+00,-2.663484558427854587e+00,-5.957472875827017900e-01,-7.360380640946112329e+00,-4.860815610936891851e+00,-1.995296747388537462e+00,4.895177869135155291e+00,4.206509902658306377e-02,7.431037725896530999e-01,-8.249961223935596832e-01,-2.293410846954658133e+00,1.463363588158329343e+00,5.269590793317513011e+00,-1.971694638277794231e+00,-1.757008462259848969e+00,1.365039315766638783e-01,7.331345039790647000e+00,-3.757643287317032343e-01,4.000265888515785129e+00,5.961701643976700105e+00,6.097471183912779757e+00,5.282682890123482800e+00,1.943476180437612166e+00,4.803766338815126602e+00,8.541401415366841832e+00,1.750876234863711245e+00,-5.317817562439246970e+00,2.173706726941181167e+00,-3.399000073897978869e+00,7.953089780631700245e-01,5.392032768640985907e+00,-7.367113618666587538e-01,-6.734749432379199874e+00,6.581624507658890622e+00,-9.544330859715929094e+00,-5.403387798075253379e+00,4.868703566654152048e+00,-1.020407599292035394e+00,6.128251171015581811e+00,7.119027645117216530e+00,4.109441544922472822e+00,-1.269816508715462922e+00
-2.313954494998357703e+00,6.706276938453659131e-01,1.002848622919943589e+00,6.490601072044824171e+00,6.126775987532315781e-01,0.000000000000000000e+00,-2.307877086892635710e+00,-4.115963145867351791e+00,2.513785945451937204e-02,2.104766744438833381e+00,-7.106718689437026448e+00,6.138152768048119157e+00,-6.892181271866302250e-01,1.893022302146001534e+00,-1.235506232110961555e+00,1.517961928303277919e+00,1.156472883345671443e+00,-4.881984796155238726e-01,1.770531753044217727e+00,1.284839918156944316e+00,-2.164500475156827974e+00,-6.089488738365871345e-01,-1.872881665893576075e+00,9.244289910830137957e-01,3.196337171952234879e+00,-3.585532955062041616e+00,-5.641713903788684981e+00,-2.563548864862716048e+00,3.634416534552094902e+00,-6.869204466647851781e+00,3.876177767443487632e+00,7.830636695341496534e+00,3.096025976032349636e+00,-3.904142881273803933e+00,2.728301476892681432e+00,-4.401047034897408450e-01,-3.074575538226382854e+00,4.449705889502533651e+00,3.342581169874605962e+00,9.265150388346752308e-01,-4.575655140368938056e+00,-1.170926833593415872e-01,-3.495972647812265244e+00,-8.893808081238276930e-01,-3.629977097414419873e+00,-4.322633711757261743e+00,-2.777560817868217846e+00,1.932398601341543287e+00,1.942875457660126370e+00,-7.489945625246449690e-03,1.505248159385268458e+00,-1.162834607300142320e+00,6.802929056863371571e-01,-1.127194741412184675e-01,1.109557956941018775e+00,-3.382112995474899630e+00,-7.095945481158852375e-02,-2.456053956216148304e+00,1.673195354665264256e+00,-3.030331727734887348e+00,5.651724006256845456e+00,-2.122684759699069446e+00,-4.580457015434035384e+00,-3.318956633526798150e+00,-1.570151703125586273e+00,-4.027877938746657449e+00,3.094538862450336492e+00,-4.388911615012127676e+00,-3.779778235614004611e+00,-2.889588202388187366e+00,-1.236550814593274872e+00,-2.863701457979150433e+00,-1.021409968728461770e+01,2.498738745640288972e+00,8.967111187830703045e+00,-5.329888222773796258e+00,-9.848547412763820619e-01,9.163971031527525790e-01,1.110309469412002059e+01,9.866215019044627610e+00,3.963411003395003629e+00,6.613122629944180986e+00,3.883035233985623780e+00,1.404628629489392599e+00,9.512818592251777172e-01,3.532990050978533692e+00,-6.495205793590034915e+00,3.480523830577983535e+00,4.555591716122502355e-01,2.646855688893052783e+00,1.919388836285144118e+00,2.704252301524028734e+00,-2.782418881677935385e+00,-8.855223163267535114e+00,1.158620342890551491e+01,-2.417866341140890718e+00,5.586602091735258568e+00,-1.652695389950691984e+00,-2.875320399772959945e+00,4.974879719646072562e-01
3.448517399001259864e+00,-4.640602322545260172e+00,4.181708424510089395e-01,1.860442043763216091e+00,-1.314295395866057037e+00,-2.307877086892635710e+00,0.000000000000000000e+00,-3.698207498728910192e+00,1.678623716537952948e+00,4.784819761424351503e-01,-8.168243681348142715e+00,-7.406159317661435537e+00,-3.425148533290319541e+00,1.473858582229062186e+00,3.307003397402921596e+00,-2.934294841058234238e-01,8.807791680370379295e-01,-2.310206897117813796e+00,-2.130221009555532063e+00,1.247634381394063574e+00,1.875554944043247962e+00,2.675299969426520708e+00,1.038705758107113963e+00,-1.367289145393052685e+00,-7.680761490383266832e+00,1.303842436983598585e+00,-2.817217899728976072e+00,-1.418470876370779399e+00,-1.032585669249302729e+00,-5.595602108279310372e+00,-4.065956933386396521e-01,-1.491266189899028261e+00,1.706842303720015108e+00,-4.041912869959586985e+00,-2.246004574103512841e+00,-3.726043354528832952e-01,-7.312800752083095546e+00,2.583013731759585152e+00,4.541813002585496584e+00,-6.946626961532739175e-01,1.844801858946918172e+00,-6.032696875302670847e+00,1.373678829683646407e+00,-1.096890355530890915e+01,-5.249463554121894582e+00,3.874153315980755075e-01,-2.415441410342943129e+00,5.610009660705980394e+00,-7.829544747887937639e-01,-4.050833222405905154e+00,-3.446978029983736036e+00,8.016155524911895702e-02,-5.528136692033029931e+00,3.567690969852021166e+00,-1.695360262875118762e+00,-2.862755845439703073e+00,-1.596653035716447011e+00,-9.782664656855859509e-01,-2.966320461220106175e+00,-7.472866306781127399e+00,5.368193764454487038e+00,-8.688878316901474719e+00,-4.407177447416250615e+00,-6.589695884005649651e-01,7.826744138031960230e-01,-2.955314623954944153e+00,-1.996254410823904646e+00,-1.456957176607785343e+00,-4.743515180026673939e+00,6.576149622607634360e-01,2.873924907568272680e+00,-4.473480417578057811e+00,-5.342804324376966285e+00,-5.524528243742839351e+00,2.389342023028827366e+00,-1.024944202681928651e+01,-1.335124133674227442e+00,4.943717288732335291e+00,1.423909548541956172e+00,2.926369722666084527e+00,2.658305448178024388e+00,-5.627571494639367344e-01,2.772843552223950514e+00,-3.718229833832642939e+00,1.402400272497607236e+00,1.563965836847591162e-01,8.414179937330599213e-01,-1.181194941601173776e+00,-7.619072335890728631e-01,-5.693030216614562100e+00,-1.154982101496660007e+01,-7.399701220879399965e-01,-9.759661574497641823e+00,-7.487542551615441688e+00,-2.080067712604468877e+00,-6.361830609885709364e+00,-1.615925498224087598e+00,4.054511978482756573e-01,-3.418630864268983327e+00,-4.423539936425846086e+00
-1.557770593106999835e+00,3.704535367934040480e+00,-3.317405607144180202e+00,2.618064754281855144e+00,-4.070061237857270919e-01,-4.115963145867351791e+00,-3.698207498728910192e+00,0.000000000000000000e+00,-1.192452046898520024e+00,-1.928312761929998675e+00,-2.015249290897389578e+00,2.345373162225203423e+00,2.511069306798487499e+00,3.059050852268022647e-01,3.346079159651562662e+00,3.440319085688269052e+00,-2.589200892744038196e+00,2.662781851347393758e+00,2.264307293071921467e+00,5.457707525097792889e+00,2.800025194273989548e+00,5.726790109796564998e+00,-2.162327191636392865e+00,6.072425430462146112e-01,-2.957907135426800949e+00,-9.033496848675752477e-02,-3.648126798681439187e+00,-9.447680200875464562e-01,2.298598176153732631e+00,-3.332816979620143005e+00,-3.529784867643141588e+00,-5.139268228644405800e-01,2.087632955422036307e+00,-5.093619844707312216e-01,4.113665856914113128e+00,1.444571323941843621e+00,-4.167161828638160870e+00,5.979771005633122805e+00,2.009181543958863614e+00,7.138055648152999311e+00,-5.084259769842653931e-01,1.971773233226592037e+00,-5.947533077447520355e+00,-9.997511922010465568e+00,-8.104904422311516754e+00,-3.826356967323559122e+00,-6.831085839240386370e+00,1.499982948545516726e+00,2.139911990371190509e+00,4.197368098295259919e-01,-7.682615823311836678e+00,-3.465550391326118085e+00,-3.797046421452440867e+00,-3.236556228779546629e+00,3.432286417505259646e+00,1.708551093855736447e+00,1.593971535291415442e+00,3.719201539686500357e+00,3.981214605222175074e+00,-6.325863989039611113e+00,3.728885391803305471e-01,-1.226298257405847991e+01,-8.885133058221454050e+00,-3.113919951508488992e+00,-4.410278044879455628e+00,-1.021687456667061511e+00,4.314121105586150584e+00,-9.224369899191916744e+00,-5.798912224274034521e+00,2.602543469625616890e+00,2.779763100229527328e+00,-7.284501615232771954e+00,-7.510623021868324756e+00,-3.953804714929352038e+00,-9.412506722877282961e-01,-3.486565214761711218e+00,5.885557711359623578e-01,5.466657837479482751e+00,5.624415249046909038e-01,-3.113854364813210651e+00,4.280756990044545102e-02,4.885281446383156201e-01,-3.295204612257587873e-01,-4.686015193083440167e+00,2.589909024728755060e+00,-2.630503872098433948e+00,-8.130644369543581718e+00,-3.264579949530405090e-01,-4.609694374934412697e-01,-4.426989525853374907e+00,-1.025840206209721295e+01,-2.600142286327113972e+00,-8.189000468395574828e+00,-8.894159766690872715e+00,6.107729535451269953e+00,-7.310366253059129349e+00,-1.700369298122904604e+00,-2.236750127971467883e+00,-1.234435252736345801e+00,-5.337266957194974459e+00
8.100923012482382779e-01,-1.995117624672140710e+00,3.408029961215230386e-01,4.107453785713259364e+00,1.807759091125452855e+00,2.513785945451937204e-02,1.678623716537952948e+00,-1.192452046898520024e+00,0.000000000000000000e+00,2.656682061725115784e-01,-7.875151959434795179e-01,-1.351026724437219828e+00,-1.174973153934599335e+00,4.463029118504756809e+00,2.339965469758578998e+00,4.419769481468446060e+00,2.141031880976755453e+00,2.477847718202174088e-01,-1.235330571248907328e+00,1.465866861583966285e+00,1.589374020972174284e+00,2.514764777409273844e+00,-1.064124112723841442e+00,4.996256291322633381e+00,-1.573715999438827229e+00,1.184021602518166683e+00,-3.510892672508635126e+00,-6.908607898243417367e-01,8.068122565767863463e+00,-7.023475639549801919e+00,-5.519840270931530846e+00,9.215060427894382400e+00,7.501955451175538414e+00,-2.078266752402216699e+00,4.627159212624325058e+00,1.564096423669696145e+00,8.056731398414226364e-01,6.877591833609897343e+00,-6.881021137896011775e-01,5.349379342067160259e+00,-7.461291136075820063e+00,-2.020511725261752378e+00,-3.788547966330186867e+00,-7.948889109557533139e+00,-5.432359235291265520e+00,-6.870346005613548357e+00,-3.619552311786621956e+00,-2.163096311059645949e+00,-3.606437684304294317e-02,-2.781995726187639129e+00,1.435771171062479645e+00,-2.659461169367670408e+00,-1.273747986702176149e+00,-1.101342178902474211e+00,-3.722986629187031493e+00,1.139562732074584250e+00,4.379983257298447619e+00,-1.639390269023009994e+00,1.007024048851264908e+01,-1.710098351605145561e+00,-8.397077562283423724e-01,-8.078341904650578442e+00,-5.407820307676318272e+00,-3.164376962310173180e+00,-2.784254897080466140e+00,-3.882913009493794476e+00,6.833721025899460066e+00,-6.040575625707592877e+00,-6.967965263663741027e+00,-6.495976840898443419e-03,1.392132205547214507e+00,-7.392999196465844136e+00,-4.550814753718311678e+00,1.946329057193375567e+00,1.481165481098122294e+00,1.761056107977958085e+00,4.687387015099033771e-01,3.072220556404857916e+00,8.539313168453578129e+00,6.359243416799126969e+00,3.737503732248107724e+00,-7.864570499677536741e-01,-2.621660051682737080e+00,-3.468777552821415977e+00,-4.206620211713719137e-01,7.913631227859567741e-01,-4.285521047199249978e+00,4.476610694260398482e+00,1.473571173071530405e+00,-4.619455899240874075e+00,-4.571246523538084361e+00,6.739084703059956993e+00,-8.097332428334848231e+00,-3.719284412653729444e+00,6.935595812599856913e+00,-7.343399313634241921e+00,-2.176425568185317072e+00,-1.226150057185591974e-01,2.431711306049499033e+00,-8.432759963026636996e-01
7.236898648947217794e+00,-1.206202249036514296e+00,6.820258060770527653e-01,-9.256789537542575719e-01,2.614777691808411575e+00,2.104766744438833381e+00,4.784819761424351503e-01,-1.928312761929998675e+00,2.656682061725115784e-01,0.000000000000000000e+00,-1.064930375943289986e+00,1.885728031042711805e+00,3.316089395172953758e+00,-1.763428110272280636e+00,-4.996276668392012787e+00,-2.216607608412883401e+00,-5.503603532238177110e+00,-2.843709495996499470e+00,3.582571096318625248e+00,-9.365831500902997986e-01,-1.997693714274649257e-01,7.012350376755167591e-01,1.318745756859851070e+00,-1.072243686027471332e+00,-1.337370013400953850e+00,-2.125229020306565797e+00,-2.001912628606028477e+00,-3.629708376809945847e-01,-1.590906744261258332e+00,-1.056680902779313813e+00,-4.467622057073919351e+00,1.224886958314777674e+00,-3.428051057110906186e+00,-1.931923289101394048e-01,3.980511641151998958e+00,1.948999057736214846e+00,-2.593030775639174390e+00,-1.617066490570221227e+00,-3.096591475901411261e+00,-2.254769555262838399e+00,1.085521591605921543e+00,1.849376690703689929e+00,-2.418578595805535691e+00,-6.741009758519974859e+00,-1.111522709958043542e+01,-3.231400903086509846e+00,-2.519461603472791023e+00,-5.071439562161806913e-01,-2.635450833815891625e-01,-1.503378586238536041e+00,-8.332174280434623270e+00,-3.273085522455994489e+00,-2.340577868448702858e+00,-6.801862882347852413e+00,-6.854495625298482331e-01,-2.248689318929126379e+00,4.205909316817077581e+00,3.583444510583441822e+00,2.176721687202842759e-02,-5.852929751258013624e+00,-7.069723926460151908e+00,-2.410921431841700491e-01,-9.338667107228639352e+00,3.723050261840668562e-01,2.942621336937363719e+00,-2.433009591124682292e+00,2.243958442013340715e+00,-2.085467619407100903e-01,2.773430979902729909e+00,1.335865597248282910e+00,-3.023018289279091775e+00,-1.684345965092552522e+00,3.000653500403309248e+00,2.536893007688477475e+00,5.629546820962660902e+00,1.866255415665219131e+00,1.884797393982743818e+00,3.433443208035090066e+00,-3.951909267167832418e+00,-3.970061050296616489e+00,6.866253145686647130e+00,4.971252994805093195e+00,-2.687104610257835091e+00,1.565517726040334123e+00,-1.505429648333271420e+00,1.806432600657341681e+00,-2.026629221183591678e+00,-1.595770080773158739e+00,2.339913198495425561e+00,1.527285239975578968e+00,-5.295958793011564580e+00,-3.943379809869371755e+00,-5.067433782678105736e+00,2.549031439854624992e+00,6.651585843885358118e-01,-6.422766797430881525e+00,-8.883787914996684520e+00,3.089832546462100371e+00,-2.602471900974935082e+00,-1.687406409807339802e+00
6.745893222666939693e+00,-1.468782486287529832e-01,-7.423127306623181765e-01,-2.706488509020295474e+00,-4.780901306026061448e+00,-7.106718689437026448e+00,-8.168243681348142715e+00,-2.015249290897389578e+00,-7.875151959434795179e-01,-1.064930375943289986e+00,0.000000000000000000e+00,1.236905075021762279e+00,3.825362431391035045e+00,7.997509370438187659e+00,4.365068719536002284e+00,-2.635018951212627858e+00,4.952713413311257362e+00,5.095612165377153779e+00,2.840169301339493746e+00,9.973603187726649111e+00,3.572613106103031733e+00,2.963967251561048233e+00,-4.379456425565038669e-01,5.810066443702598393e-01,1.100147693000979565e+01,6.656483207475464292e-01,-1.692940525607949498e+00,-4.687477936120920674e+00,1.631053341013209756e+00,1.413442203599639457e+00,4.732999420499403032e-01,4.674300346875813972e+00,6.523314654258173917e+00,1.908826311289093747e+00,7.562150143285981230e+00,6.878026817203347854e+00,3.364124822184110464e+00,-1.366680443723629734e+00,-7.028827917018939386e-01,6.972541993086535328e+00,-4.713862432206396669e+00,1.318710156621378804e+00,-1.556458028469460242e+00,-2.170524954002173601e+00,-2.289646194384771238e+00,-2.192321241240704932e+00,5.924000768681439988e-01,-5.436610785250922895e+00,1.836622043499244628e+00,-6.884150647179543725e+00,1.320227071054366430e+00,-2.001157219477882165e+00,-7.111207495165648318e+00,6.819129148133240115e+00,1.561315392371655175e+00,2.252872510649204241e+00,1.694346296184928047e+00,1.820404132080577941e+00,6.109170824861379856e+00,5.707616552525766274e+00,2.305906264038298570e+00,-2.029813374096663292e+00,-3.167402327906974069e+00,1.658295740345904878e+00,6.111549253529362069e+00,5.433938405673952587e-01,8.562383782661974863e+00,-3.379570250348649552e+00,-4.888530965111240079e+00,6.567993408092672958e+00,8.593100965632373800e+00,-1.097695498241883882e+01,1.244756843730182583e-02,3.432804485421911966e+00,-3.204238221319616553e+00,8.811735459872267029e+00,-8.172059630873526048e-01,4.510127628618098683e+00,1.900723112168295481e+00,2.055184395884647408e+00,-2.616543996859616250e+00,6.858970653031374987e+00,-2.889521236846900321e-01,5.044429091467379778e-02,-7.910567891575861488e-01,1.512247052702217209e-01,-5.013190982676778429e-01,4.694132466065026321e+00,5.887568638135333821e+00,-2.600721047186179025e+00,-8.123711046032822125e+00,1.392796394575135377e+00,-2.016373001644505614e+00,-1.448127777848898567e+00,1.705032811364932011e+00,-1.140644918930141749e+01,-2.216164036188524644e+00,-1.100822671887063953e-01,-1.362790160619475666e+00,-2.952895395260120015e+00
-2.494508132084277019e+00,9.008088161369215419e-01,1.480800301211535386e+00,7.354933874175131336e+00,5.511319649900920936e+00,6.138152768048119157e+00,-7.406159317661435537e+00,2.345373162225203423e+00,-1.351026724437219828e+00,1.885728031042711805e+00,1.236905075021762279e+00,0.000000000000000000e+00,5.505478382650288438e+00,3.932154191797425202e+00,1.391010234238805543e+00,-3.545321119819743405e+00,-7.661157986169120360e-01,-8.495115897154297269e-01,8.417626709876724789e+00,5.555332010734041148e+00,7.876416663902560344e+00,-6.154965006603997146e+00,6.828991846001704058e-01,1.272068607415555608e+00,1.634185948443223291e+00,9.706106945231879335e-01,-2.369027408236193288e+00,2.377523178105721779e+00,7.258137149326456816e-01,-4.057466710567780410e+00,-4.414965250858696177e-01,5.921068615025667725e+00,6.944709929829260275e-01,-8.442719390090093867e+00,3.790315162579569463e+00,-2.248963469702145890e+00,5.266465285833592525e+00,1.299876994673693220e-01,-2.809563635816497484e+00,4.955523189762175207e+00,1.263573493558076466e+00,2.530129795574300289e+00,-6.867362057474252213e-01,3.539273047289695495e-03,-2.898924806635002849e+00,1.742736418923567010e+00,-9.610901736251915572e-01,3.472267900279219166e+00,3.541487894682581850e+00,-5.138096878237252696e+00,8.760559777817417126e-01,-3.290592793208223510e-01,-5.546914669029520795e+00,-3.990994898773357225e+00,-2.479363766721584206e+00,-5.094122957249759054e+00,-2.582396322079713036e-01,-1.727258339642909091e+00,5.651203818399240575e+00,-1.940103084690018909e+00,-2.121645664799403641e-01,-2.619817113966280253e+00,-4.116286343935191105e+00,-2.660312694706449932e+00,5.709498166930480956e+00,-3.938295797285364941e-01,4.300727831297401771e+00,-3.154515763290985486e+00,-4.518088619703919950e-01,2.171465411269204893e+00,7.362927481352074643e+00,-2.324750796970314060e+00,-5.489152902542733692e+00,-2.535851289986580159e+00,5.970719144351053664e+00,1.000983883490088808e-02,7.448222927717469410e+00,1.309027808107608237e+01,-9.380254180261563546e-01,2.122729309887165350e+00,1.790664926191303685e+00,6.358661404427673247e+00,-6.710561603427737332e+00,9.396965356929840585e-01,3.305875326306682904e+00,1.038524601962023397e-01,-4.862791489769875963e-01,9.866435450214497416e-02,-2.781911538637182435e+00,-1.015279266703275507e+00,-4.331725704935661447e+00,-1.637667831328888379e+00,-3.264135203026359733e+00,-6.061806758944777940e+00,1.552036085125554354e+00,-1.558741679688871562e+00,-2.277690019841264402e+00,-7.941249712005599148e-01,2.074134261384831035e+00,-3.180215277684037556e+00
-5.359270583935614951e+00,-5.480811991843723696e+00,-5.632180449023339586e-01,4.333560650705991613e+00,-9.074610344129008244e-01,-6.892181271866302250e-01,-3.425148533290319541e+00,2.511069306798487499e+00,-1.174973153934599335e+00,3.316089395172953758e+00,3.825362431391035045e+00,5.505478382650288438e+00,0.000000000000000000e+00,6.089058681961858177e+00,8.228694711069246825e-02,3.663000931053418174e+00,1.040794461033982099e+00,5.176997344550152924e+00,2.808786573552927823e+00,3.088284721290946333e+00,1.613696316871120251e+00,7.645062330070707013e+00,-1.190444393341364870e+00,-1.868537852798187071e+00,-4.930219906638096949e-01,4.214977466321670363e+00,-6.796620701256156138e+00,6.106910012020216882e-01,3.928581327764305797e+00,1.752348920379815489e+00,8.062207100263449888e+00,-5.773694802455789921e-01,8.315464507902817104e+00,-1.100928365188471592e+00,8.306243769003925692e+00,3.116752175866233543e+00,-4.714377573457438686e+00,5.681054597224424185e+00,4.773251633914331826e+00,1.578227647205661111e+00,1.074434803382414927e+01,6.314357368723111374e-01,-9.598671045238714727e-01,1.170008758054634779e+00,-1.717779912307701107e+00,9.899525387654769304e+00,1.015166319587086585e+00,9.831749155770244997e+00,5.596603598412763780e+00,7.905740351697168933e+00,7.782696662768330498e+00,-2.879236064440365173e+00,1.502781862747288422e+00,-5.624882658586111361e+00,-2.005084736595532213e+00,-1.055476482643535885e+00,-9.003239602602204350e-01,3.197731246720007192e+00,3.089116717401927392e+00,-4.976775482709780540e+00,6.237495432047142963e+00,-5.346869112688598769e+00,6.376939613741201829e-02,-5.396661627006385409e+00,-4.815342618491495058e-02,-1.692809852697741424e-01,1.044170301641008614e+01,1.821416834638258209e+00,-8.337618798079832194e-01,3.665119980535925803e-01,2.690218609381375803e+00,-4.478132711263856258e+00,7.702570527376594312e-01,7.004268248637449901e+00,5.071458614073071303e+00,4.392914526163413491e+00,-5.620007500896920583e+00,-1.088268062507945055e+00,1.201021724366186305e+01,2.934932814993930439e+00,5.618135155727443042e+00,7.538380381897638038e+00,6.043867540412371786e-02,-1.653492479318686703e+00,2.513777409252595962e+00,6.240362570631354799e+00,1.187805104208683904e+00,-4.216828597579751481e+00,5.705297415244049652e+00,1.660615078712260217e+00,4.047384028829340785e+00,4.174453497329776219e+00,1.357315870692208382e+00,5.541060863050153884e+00,7.297564958336606900e+00,1.167479549959372642e+00,2.536902440358795641e+00,-4.498974803196673089e-01,2.271704708405179574e+00,9.270976377780511868e+00
-1.382597252073415772e+00,-3.928992251343466968e+00,2.592737132375600329e+00,6.318782782016254984e+00,2.789130123082029122e+00,1.893022302146001534e+00,1.473858582229062186e+00,3.059050852268022647e-01,4.463029118504756809e+00,-1.763428110272280636e+00,7.997509370438187659e+00,3.932154191797425202e+00,6.089058681961858177e+00,0.000000000000000000e+00,-1.814805147105222449e+00,-1.776096621833488598e+00,8.603347553103893874e-01,1.799799014483046133e-01,2.130592464115905749e+00,3.705449321774624938e+00,2.509015413851494181e+00,4.423178449889525687e+00,5.730500356057259381e+00,-8.023463310260646963e+00,-3.352369889999623487e-02,1.349449242951608063e+00,-6.152001193061724216e+00,-2.688959444697608170e+00,-2.457235900010502849e+00,-1.239744212717437177e+00,-3.011843384752801445e+00,-1.071348207968480848e+00,2.538801055731410461e+00,1.435613476856130610e+00,4.696658328545356476e+00,7.039137635501280243e-01,-4.021225960514172471e+00,-1.009348251790082429e+01,-1.332922187770056111e+00,1.149020672098777007e+00,-5.050959428333380963e+00,5.547007642454353515e+00,-1.164664025698390004e+00,-1.563763819924185450e+00,1.139288519669025224e+00,-6.642462220330929590e+00,1.044874124280272376e+00,-7.236631646983994415e+00,8.608981506186448307e-01,-3.146516272787701407e+00,-1.082423878564307884e+00,-8.552986665480803552e+00,6.249127833901106654e-02,5.604054575810809569e-01,-5.172410875978101785e+00,-4.954346938316887439e+00,-2.069684437908354990e+00,-3.545117867897217279e-01,-3.931437465771082884e+00,-9.612223063414230495e+00,-5.617614604762569130e-02,-5.905269817000042387e+00,-6.399581476756373455e+00,-6.996876234312948917e+00,-6.877843892024881889e+00,-7.641396651931921191e+00,7.320794667456119731e-01,-9.529659293733542924e+00,-9.511296813945154582e+00,-6.369474761985570943e+00,-1.730010859304041970e-01,-7.626460164718268153e+00,-6.932575527093966627e+00,5.920140095102323363e-02,2.276126485893883888e+00,7.095404531126560110e-01,-5.062093919780122908e-01,-7.544103808979027992e-01,1.415152485284324191e-01,-4.046834981884434690e+00,-3.484847583066991161e-01,4.027185183585087813e+00,-1.993295211784152088e-01,-6.080981087502458138e+00,2.665839537145137328e+00,-4.408362822981933826e-01,2.361460678323449081e+00,-8.288228969698556714e-01,-1.867891218534795339e+00,-9.033117970003502251e+00,6.891694808139589568e-02,-6.547030018324199396e+00,-3.944684400748385666e+00,-2.547929084576618930e+00,6.161849099780293493e+00,7.972100700353859093e-01,-7.350019050543957988e+00,-2.608109097736995174e+00,1.688050195145838206e+00,-6.523195945257879380e+00
1.801911562997849936e+00,1.048710181480797754e+00,8.986854129176992112e-01,2.076309080418714981e+00,1.600939632435267157e+00,-1.235506232110961555e+00,3.307003397402921596e+00,3.346079159651562662e+00,2.339965469758578998e+00,-4.996276668392012787e+00,4.365068719536002284e+00,1.391010234238805543e+00,8.228694711069246825e-02,-1.814805147105222449e+00,0.000000000000000000e+00,-7.304879056969340922e+00,7.297900323529100675e+00,6.797538771823422366e+00,2.373936269861585568e+00,3.699001380913311099e+00,2.672691038274497721e+00,1.001357603693116660e+00,7.546444246529744326e-01,5.181172995827320271e+00,-6.296682483816390175e+00,2.436035365916922046e+00,-3.950693443698377383e+00,-6.851823476435887628e-01,5.450344762586965430e+00,1.124466088741112868e+00,-1.982104228750398711e-01,7.873806786227439680e+00,2.244351736734903291e+00,2.477382372337646910e+00,8.234225565097906596e+00,-2.757298334968489861e+00,9.368614551184436534e-01,-2.404803172774996334e+00,7.543110832189497961e-01,-2.774397676478058905e+00,-4.502973841574085867e+00,4.593898228860492594e+00,-1.260211139640185163e+00,-5.885955138205575921e+00,6.843770420958795953e+00,-3.877480764894015497e+00,-2.869126289325766521e+00,-4.189133034751173490e+00,-4.820819529655603120e+00,-8.095909533269166403e+00,3.942137679987687271e-01,-7.207038493125242695e+00,8.982326950815608058e+00,-2.905121634361920169e+00,-1.092383684141703171e+00,-3.630288072832274171e+00,-4.461789772626813644e+00,-1.989516830277171744e+00,6.086307443370172265e+00,-7.490236566871780077e+00,3.293937770151249111e+00,-9.802345937841909773e-01,2.858188969797344381e+00,-5.395574926791707249e+00,1.357863790825718286e+00,-4.087025176526499770e+00,8.281521218097970261e-01,-4.107274134616992534e+00,-2.874978790849236354e+00,-1.317399050685359896e+00,1.749905725757818498e-01,2.370143244140662020e+00,-9.946259263677138307e+00,-3.823036776499881273e-01,9.482643108550812272e+00,8.764112725178196950e-01,7.756612686662459843e+00,1.096165542264754267e-01,4.512585012408092844e+00,4.879932399275967114e+00,2.095151182485038621e+00,1.074415347137718246e+00,6.345380388167424890e+00,-1.755486091443447805e+00,1.797519857778631991e+00,-7.939286615047596030e-01,6.358050072274268771e+00,-6.414107337406285581e+00,2.624318187631352051e-01,-8.047723991436225077e+00,1.074774599867446723e+00,-1.047953901419657541e+01,-2.609830856173746216e+00,-6.025429504471045306e+00,6.562087206709817266e+00,-2.563709959800458682e-01,6.611989032120193954e+00,-3.728083656783650390e+00,-2.680344649931460044e+00,-3.047449447471707984e+00
