0,1,2,3,4,5,6,7,8,9,10,11,12,13,14,15,16,17,18,19,20,21,22,23,24,25,26,27,28,29,30,31,32,33,34,35,36,37,38,39,40,41,42,43,44,45,46,47,48,49,50,51,52,53,54,55,56,57,58,59,60,61,62,63,64,65,66,67,68,69,70,71,72,73,74,75,76,77,78,79,80,81,82,83,84,85,86,87,88,89,90,91,92,93,94,95,96,97,98,99
0.0,-0.5220537129068882,-10.080352300986217,2.866933727702638,10.423389284449268,-12.127770202255014,0.488916519983932,-10.02619809361748,-6.654205020504097,1.2329320476650745,-2.643274401547916,-4.68954829475248,4.826579882965665,-2.1808543995065617,3.5377624276828294,-6.041567579047885,0.11041540623983633,2.731515256384607,-5.524069363084019,-0.8542951169137105,-5.158461040634752,-1.2525905602468683,2.130266784281827,10.142937876038488,-4.2663625905072555,0.91666314222784,6.690978296981194,-6.396064324071136,7.887014046895554,3.900422883302447,-3.811636843381544,15.380388380958012,4.619068130252868,-4.291214936829773,-0.9389679035259004,-1.1975747767878715,0.8288313544365952,-1.9420563187938185,1.4044461606372356,2.3844089123158656,-2.66544040556956,4.97321430972531,-5.218956521571374,4.130301374667395,-1.2640210246476469,-1.092901959641407,-12.69648534001022,-4.163177503976414,-2.0091348225054646,-6.573359505459982,-7.36570150310718,-0.9800152591912877,-3.6784462508621454,10.548164178581207,-10.3072423838049,-9.370104929222936,-14.195700332660683,-4.962461003620441,4.066012920871867,0.09534187635208899,-5.027622411351354,4.617227174284755,5.074480065710805,-4.202550691578653,1.4438817550281755,3.3143199026643018,-2.8457235017931244,6.527726896230328,6.422393360990757,-4.569097817812305,2.402360387444173,5.687178533307855,1.593806655763515,-4.693755287690956,-1.401949697874335,-0.8509254250569449,3.6402127407169265,-11.31529521924168,7.690839567892427,14.015080794218166,2.0023403727036486,1.3586195509025487,1.549980107736981,5.672010605072536,0.238672675952264,-5.594059306032624,4.134010774433476,-8.71124039062143,3.6704110140702633,5.94335805978059,1.676278398474057,-1.2986449063157115,-4.570081321523837,7.207790454663504,3.2384995469918105,3.837611928774318,0.2220269324046898,0.4781541559766859,-4.5393042551343195,-2.649664772997669
-0.5220537129068882,0.0,-3.922183323412908,6.9597118284740285,0.5479107440624905,0.08141814847372611,0.6509149403832827,-1.8533158435384585,-3.8515792845904726,-8.681475889557504,6.83248638918576,8.843877326532374,-0.1379836671109348,-1.5043715904140953,3.9471542220248232,-0.4116206748819328,0.5610908734903177,6.724761075085717,3.497255323575435,4.653300062707776,9.08656360800585,-4.030027722241448,9.605451194126593,2.7219477929109863,5.64806651077633,-2.4702480295352047,4.96457101953844,-4.329273579280005,-4.098315161788547,5.055848684525408,-5.629663051218629,8.82406302980847,3.8606251821910234,-0.9727437601194424,-11.884587776965448,-3.207238656801948,-5.0187701332915,-7.482464730392999,5.109388170092801,-3.021662659534248,8.068187250779985,-1.2562152403238027,-4.134356449251025,-1.725628814519038,-7.46792120621447,10.094174786057236,1.2608163964521348,-6.206691109258465,9.395425438134833,1.4771484805111688,1.5718791696222558,1.1810832621985392,3.5658434016920793,3.327907728152754,-2.898245557888475,-4.129038829574921,-3.8139352928588632,3.907379816384524,-6.73182610515776,-1.0863735947641084,8.231480568531424,0.49939982018437606,-4.059565041659775,-4.051317020537315,-1.353808288492013,-0.01333595595043792,-4.753754612377262,0.5272131845396264,7.977577288820074,2.0244847368062207,0.5269709141915113,3.5978731406905684,6.942035508622208,5.930590489214865,11.67196685342553,0.8676364341168502,-5.557897438276648,1.6582655755899856,2.805155066230275,5.845062803795098,-1.746546462081714,0.12106681985501844,-0.7945989070555859,2.72553778110879,9.971239075928136,-5.517514282536856,1.964285992443361,-0.8864591621376509,5.238816827650057,6.71943372448409,-2.2675062482865327,-0.13278427234688006,1.391236350633669,2.536304533242055,-3.2542014974207087,4.3364441557645765,10.473910055603328,-1.0441083143101924,4.75259282846055,0.19524385365026392
-10.080352300986217,-3.922183323412908,0.0,5.980855245047523,5.496416698175412,1.5949902418253359,2.4520674420839974,0.5957026572521037,1.9880081324377827,-0.4982840243276558,13.368643272800393,6.1596384184739374,2.3444627456985287,-0.791862747646347,8.16600459180486,3.791648563451528,1.9396238210920684,5.567158569262395,8.561733028466449,7.0447383058652155,1.6222421628478079,-4.357305850180257,10.759178544797672,7.960095756951936,3.717592596227437,10.224602002986394,11.281388754500508,8.937456638589666,13.915510507805152,6.832296977183484,2.0033613203922567,15.441950273349804,2.6916283864566983,2.312000688002328,5.066130630166314,-3.2268446647007565,-7.07771424056244,7.536836546270062,1.2629167944356858,2.079736152755957,7.623106539617557,8.620108847803454,7.608245312155643,10.08322559239608,5.670012232857811,2.8658395500826344,1.9939422351138296,4.479426984794443,9.67930215056006,-0.05049380594877557,1.369630553802524,6.217916519710696,-1.2021127580875974,2.268358573581291,-1.6622545452101796,2.5766537235689495,-2.7392078913955995,4.754692133400972,2.5631859742513177,-0.1395299206572933,0.4231611456214088,4.9272460946244125,-1.6518662482493656,-1.2595596350675573,2.9944359597385626,4.363831222588952,-7.0744844194324985,2.123600884191845,8.569238056213687,6.731713930174902,8.939100042550281,2.956057486352897,9.9262947267924,4.274283744857803,5.195553713667678,6.843838064899566,0.35724666409250777,10.903618779503036,14.10416331355766,13.267390099279078,3.6481756386884743,9.138779020010915,6.874540108630624,9.083116959845022,7.775963228825611,2.528565122180295,0.7773041767768982,3.192515959475661,2.577989958311549,16.194596551391395,1.7314147614165845,6.8380637020010875,3.725031870843401,12.453676898808691,6.833145616645223,12.191942568933293,9.80029952668242,3.0926453818206623,14.934432774355104,3.772031097258558
2.866933727702638,6.9597118284740285,5.980855245047523,0.0,-0.06708235669601896,-4.010994126866192,-11.887767276465608,-10.74957527169774,-4.767272922742165,-9.704161928678818,-13.365572891715878,-1.2943755756959117,-6.125251166215349,-6.376103935462934,-5.610910893379031,-16.819208997062372,-16.084976686123003,-10.77024412319718,-12.408792614079776,-1.2373855710014037,-0.4328862637299628,-12.715430478618138,-9.842973388104717,-9.64123729283026,-7.026352628200912,-7.633262361152282,-9.55630076226237,-16.47409537327847,-5.818680648762736,-12.632272977003275,-6.648347142824209,1.7194791730807975,-0.5458695645549387,-6.374173021284371,-13.26246942995708,2.8887065763151303,-13.261736106800017,-10.956686137301007,-7.921558487728058,-7.692697049450016,2.4599243994239663,-13.400624212516256,-8.913775490729106,-1.509148032398644,-22.150703087262457,-1.0763380383092431,-14.846211279063816,-4.186956384309825,-4.638209029770193,-8.802329865420017,-13.29385052075615,-5.257714055201928,-6.954029021468407,-4.758411618425802,-1.427783836210142,-1.505148813307648,-10.31849148251704,-4.820126511677649,-11.290014472456763,-9.269473140757368,-0.10159386521040342,-0.8225485834626942,-6.702533311432935,-7.114153041736644,-4.683953616010266,-10.009076055006052,-12.11951604368517,-11.96786613604566,-4.222508620985112,-11.490178296622732,2.00281302545513,-7.994097958704429,-8.037395920031049,-10.219742646217489,-8.801707590843328,-14.901778157272682,-1.359123995707866,-7.944278631972327,-4.110184921294204,5.7533899477181505,0.17365744502050984,-0.449077127820448,-13.853755390388391,-3.575532304577163,-6.161263500054353,-5.446347477506941,-5.462718439943505,-12.21189194548102,2.3092028582650888,-7.486007117469193,-7.66265368906012,4.433844414602902,-5.638790332372653,-9.201387006508279,6.936655377452774,2.3449245492226054,-0.9530276846658291,-9.518549692867976,-2.54874914630395,-10.388158344013307
10.423389284449268,0.5479107440624905,5.496416698175412,-0.06708235669601896,0.0,-2.5992985560206567,-7.023146081371074,-4.84188043385657,0.8408231737263672,-0.7532749614110219,-2.2545738922050145,-0.9787063476553021,-7.594444734533415,-3.643647917740725,-6.228471726002084,-8.395994629387198,-3.671206722582212,-5.004279587162783,-8.589187790422997,-5.189498061229581,-8.120173152730345,-12.191018315470828,-5.264310399909292,-0.9301654168680179,-2.963510723120061,-11.00186917413035,-5.63331351901552,-11.015756718381413,-3.28577711476368,-11.29156491196948,-10.204417531859784,5.04353426873247,1.4204397953702923,-4.825066700834332,-10.545769311397567,6.485951522365012,-6.8595449600064375,-13.7576758251336,-5.645405426972311,-0.848267881822656,2.7850171456066715,-5.436611753045944,-1.9300394870523636,-6.120154575056844,-8.46880939636277,6.469921623161886,-8.264433083724162,-9.8720795399749,2.048421581711614,0.501716873966596,-6.772873909398788,-1.3184133628906303,-5.114287455550476,-2.408730026951982,-1.5460652532576125,-5.428106471424681,-11.214248321166266,-1.614734325581179,-5.389098516015649,-1.6429337585664077,8.398953651411855,-7.588003789840424,-6.385263747775101,0.8970316332866134,-5.580824785371773,-12.29484069535839,-12.58937597056869,-5.13020205523304,-1.0116967225621436,-9.40183853583334,-1.9696583227736368,-8.710260573080777,-8.02981742416667,-2.4018924733704443,-0.769478526412618,-1.0644928679398231,-15.351471187224403,-8.013031275178555,-0.4094930382430629,9.249486145798208,-11.095389631545778,-3.590590345882572,-2.342183092678633,-11.607004880806608,7.5671539457273695,-3.2039761879858566,-6.00879963113639,-10.13579650457622,2.2925114099121826,-7.033721003917967,-1.9830194635616043,-4.936465396323603,-2.3306386853062513,-10.030277009942102,-5.939664794394874,-0.262353368307551,2.4860195228777737,-6.009458439290348,5.595950174115416,4.858481440373402
-12.127770202255014,0.08141814847372611,1.5949902418253359,-4.010994126866192,-2.5992985560206567,0.0,2.6146165199922367,-5.410049330775049,-2.4365610066445305,-0.29958660063708265,5.881977226482089,3.962706246648709,0.9277750559830364,-1.3501978061536548,1.5324355594568952,0.8953630749484605,-2.001820402310957,2.618890465236256,-0.7518425409659025,6.57132945514526,-1.592628430198118,-7.212231286730264,1.8998522870970735,5.640428869157144,-8.215956534955257,6.917328973088637,11.381128858021015,2.16668045722894,9.994974987300386,0.9775446354907834,1.9653538522894007,13.18318358106116,-1.0232081095994796,0.16271683568855805,0.1420791038148037,-0.14722248987052905,-8.548425397630028,3.7768748831170855,1.2306257556479792,-2.749335571478446,1.5061612181606159,7.25940695429752,4.197573471056819,5.098117375030271,-0.5199307428781156,4.989810323270862,-2.9956246676310663,2.4329612011998822,4.709772096347916,-3.551195256905393,-1.2443938305268427,2.171963378905416,-5.774873287823053,-2.0577229810774695,-4.0917343437358396,-2.286144775314468,-9.833780493845977,2.2956665036632966,-4.594444886139171,-4.788090782844858,-3.634559998796089,4.729848844432952,-3.090635364379858,-0.6178383284757001,-3.460615457623325,0.6628779070976982,-9.295247436473428,0.28775499475771726,11.534321919026896,-1.4854363720014923,6.860477503101114,4.712492359938812,3.0958285628241224,-4.946093398565025,3.9786378397509536,-0.38939595691518897,-3.5100136597240135,-1.118740152732868,12.045900575184511,4.864878553529609,7.740248811673416,6.555651204541554,3.8134717808930407,5.76021448561671,6.715984451181779,0.5541855595199768,-0.11815817328826995,-2.2451364139559464,0.730214544435405,5.102921669245242,4.196830200486626,-2.0722806555020608,2.2308354303398934,12.588943549270564,6.881744252162232,9.529008524618176,8.48211095053806,-3.6762837845730574,3.4258106152952843,-5.424984381842281
0.488916519983932,0.6509149403832827,2.4520674420839974,-11.887767276465608,-7.023146081371074,2.6146165199922367,0.0,-6.919070795326167,-0.7670612148062517,-4.090348520058004,3.945828705085728,-5.1491606511271515,3.6575763946327857,-5.567808461425604,1.936649755762116,-1.0811859158426287,-3.2201143753152888,-1.557033193372082,-2.885087434152224,-6.126152133580363,2.0871614273780104,-3.5740149940178343,5.841949355855056,0.10023787370636526,-4.575650198908435,1.6295763813759612,4.037636097885938,-0.7102827544445908,3.7015271884989103,3.064778948253536,6.894911487639799,5.037492740381377,3.3811749603499206,2.148774851239565,-5.912243855089192,-10.681408752542875,-3.992935957319612,0.7662221807911582,-2.657083100827691,1.0771923442456475,3.823915074064293,5.816566697175663,-0.23882148728779917,3.01347738127277,3.421051819931128,6.136026457890583,-10.211410068927057,-4.563788555419549,2.237939127294371,-1.1751333223744198,-0.828770341026906,-1.7912958289488916,3.1971482015623263,2.953825656580232,-3.412610436580137,-0.5817400376268129,-5.253534417301849,0.5058933446917911,-7.807508426594684,-4.6803868782366465,-6.074442005845236,6.787006464978208,-5.438162150853712,-5.972905293259533,-4.513292508902032,-3.151146019595536,-7.854719701265382,-6.231770205476447,-1.6328443133892687,2.805651473531983,2.38529064470774,-0.9636673144085971,-0.026269626015796684,1.6303537869519675,-0.4675503678832222,0.5953916427073515,-0.197160120966878,-0.28886974557296263,10.159398608946285,-0.3965935900988543,1.1592106008730638,-3.7423153899339328,-4.323742102342201,1.8894736267582313,0.6000052987032396,-11.906932901959316,-1.0907947901719792,-10.179023022770656,-1.945742555641356,7.844816952216288,-1.9288518609249456,9.306636065559296,-0.5541390898190295,6.819892260901605,0.2355718213142607,13.694033294085274,-0.919820510091724,-10.410720594029812,0.454961510183005,2.0824757196520687
-10.02619809361748,-1.8533158435384585,0.5957026572521037,-10.74957527169774,-4.84188043385657,-5.410049330775049,-6.919070795326167,0.0,-1.5007582141914486,4.014843401297036,6.358867533405514,9.226766892456192,5.104742608064452,-3.9545197986555514,5.626030378320516,3.2165374089291014,-0.268951690437151,4.6891311419062305,2.7838695598588297,3.5410910800455695,4.0652571190525455,-5.502604948211978,4.781705208489681,13.830650373572873,0.17399045254631076,8.375812949430284,8.788843312579319,-1.5696014135858372,7.893966422369423,-1.253551614027094,0.5185663747253467,12.90253667985618,1.9796651338710731,1.2841462111509732,0.4502431161090882,-2.540003726113356,-9.182308981038089,4.422784924047345,3.6672524607975134,4.655851344938396,4.8539604449261455,3.366714923146324,4.220656822348917,15.535765090173644,2.396056048499981,-2.1051102372107446,-9.5528704868218,-2.436952683646709,12.726320415231331,4.79416266410073,1.9049051991105712,-3.6843244451658257,1.8934450721288016,-1.4818047815605608,3.842405272677772,1.666996995819704,-3.657991344419457,5.455420868482974,-3.3308181875451073,-3.2244373834082958,6.30202013986386,2.756931621926727,-4.816743793140526,1.026449833832462,-0.41119206527261126,3.657067675639881,0.8669752014600154,4.294950952204308,3.268112510715166,5.2724830916330765,9.108746131870125,5.710871866200836,3.4053362273483185,4.063518054661307,11.479026479209187,3.25339245914688,-6.0494107075477075,5.63631426265997,12.151516443677052,4.633644360775981,11.941849712749535,3.5104484526729838,-0.34078359290802246,10.759256095051333,13.147772840512376,-1.4891068383378898,-4.5840456039469695,0.762946172995744,8.707505473283781,11.332894007346551,12.528959851754612,4.7014005291361265,3.6752947737427473,6.5400336863936595,-1.9627087403287196,15.43660077398992,-1.5208153263467503,-7.776682209918464,20.0110792112654,6.677077902639112
-6.654205020504097,-3.8515792845904726,1.9880081324377827,-4.767272922742165,0.8408231737263672,-2.4365610066445305,-0.7670612148062517,-1.5007582141914486,0.0,-0.7406503971246374,-2.09290310132282,2.544814070668484,-5.584137201000872,1.2964843903145216,9.578970914194963,3.843748254370341,2.794338298509715,-0.7363601651415013,4.865425805451479,-3.47668801501975,-0.01010553824069077,-6.676949307036152,4.877099617409775,4.802353539289766,0.7606343051862422,0.5394919462904527,7.716277562455632,0.3026184215932623,8.799484199718318,-2.503757356215924,-0.7451947190402883,10.665272878096957,9.57606056423196,-2.522937905611115,-7.787635536631433,-3.3168834693438636,-7.855714000525824,8.781777810629267,-1.3358696882124732,-1.0649298223889923,2.7878757710572835,-1.037346806720119,1.2132968937488648,10.821208978552963,-1.7642131321047179,-4.918045223081441,-6.589785435854903,-2.839508496992541,10.18409468842952,-5.864574241833736,5.876094141407084,0.06169359711242137,-1.7648316495000707,-6.851430843075304,-1.8209142508630407,4.549074843222592,-1.5765010461758495,5.651223383013477,-3.6366921294871535,-8.588517134069331,6.223853556854825,-8.725041709120156,-1.6019159364947764,0.1839942672109096,-5.478535264798127,-0.9592345895973322,-4.678969895687496,1.7113813310024133,-2.107964476173267,2.6534809296973574,9.19799893998571,0.7886353504824105,8.201450089507048,1.6986952207222559,6.195011675674687,-0.5124140142210694,-1.8901621966212048,0.5934928500458895,10.472171283545828,0.4903726896346224,2.1806869264918087,-0.9519778469725537,-5.27274541744122,4.132648726784518,9.41690910972044,-2.4903576601254205,-0.11564415977489315,2.111255565474381,1.5769319425689745,6.71956079404394,8.018138468848315,3.8333419974028295,6.622460369606,1.252322307584552,5.737587069425003,7.837609196204013,-0.15521635097980047,-4.212762136622386,16.522677845106536,-2.434234348564564
1.2329320476650745,-8.681475889557504,-0.4982840243276558,-9.704161928678818,-0.7532749614110219,-0.29958660063708265,-4.090348520058004,4.014843401297036,-0.7406503971246374,0.0,4.814652576705289,1.796291279471338,1.0681230319863584,-8.904315952916777,-0.2354224591047505,8.146381368196918,-3.734386101563538,-6.996268274882696,-7.735541323495655,-0.018510812926618235,1.638100581270932,-8.683544594059315,4.18170794665353,6.761404342841999,7.38710378427635,5.877510232227503,6.187399802994704,-5.65636803918763,-2.117201045406692,4.37064626039684,-2.5171250431231544,3.276294897352864,-2.7576138520204,-11.021245271686732,-6.899147513204237,3.266531862861238,-0.7281587735111538,-2.28028854687123,3.894046576715159,-4.671844900609899,-2.8847909577904542,2.0285319037821425,5.375602090364092,4.696105336253044,0.839652391242293,13.526954220482672,9.793320844618899,-3.844236285157345,5.702633577106278,7.049271161154793,-6.160539114783954,2.678955150475148,-1.0666427504601619,-3.333868439725564,0.8551526235292819,6.35959561838852,-0.94896706252929,-0.8013371575999109,0.00958723105236432,2.619173779054175,0.6150021795356991,4.589343396766199,-0.7821682286101604,-1.3215502046281693,1.4260350119706267,0.9218623849114104,-6.318342226358694,-0.18608843025563743,6.126308358615349,-3.183286370133291,11.88869644035726,-5.765976395504218,-2.3852580390769518,-3.491369621764248,2.850618170912441,-0.6489661252296024,-2.4550706652322383,-5.658592996701996,-1.823621625380276,-2.042911935785183,9.535449767327684,0.9873766395127389,7.80452914386496,-5.525611897309525,11.330105768463731,4.995832146567275,6.115896004590049,1.6134697837387957,1.928998091826284,7.759650922851104,-3.824576821187828,-7.246640546582541,1.4435533574337587,3.971182902615853,-1.0842305408868091,5.181321007966576,6.976177768062632,-1.8637440453759213,5.459318858882216,4.0506755558714875
-2.643274401547916,6.83248638918576,13.368643272800393,-13.365572891715878,-2.2545738922050145,5.881977226482089,3.945828705085728,6.358867533405514,-2.09290310132282,4.814652576705289,0.0,1.9839481847672076,3.3284438819223348,-0.620542503106739,6.57628943340629,-1.508244628394112,7.3598918958988655,0.6301262941240198,-1.0659912683734667,-0.3190552684386504,6.003153659797749,-3.4400772937204445,1.3450463460052693,7.658004237339495,-3.2279068715839063,2.5519072379961645,1.303520626823602,1.6520145341448231,-0.6741729178603147,-1.3803816826246469,-0.2999443306525645,5.763680995559965,3.342095845809944,-2.564356648823788,-8.103614344007811,-0.14628253139663225,-4.092431119700779,-2.190421867943747,5.1985082977278685,-1.230687406607584,-2.515610401846053,0.6458559989837983,2.2100029924825098,11.244688429668312,-4.136638595683623,-0.08746861631872935,-11.197450251015988,-7.7009092337088765,6.26896538464363,-1.687238211309462,-0.9698463036818585,-11.257147517615946,-9.61403451166224,-1.1286722621827965,-0.39344214695658214,1.4755710156633195,-2.068874713208524,-3.4474664080085775,-7.8460766851958095,-2.324614248046446,5.805512031827051,-0.7243314707471425,2.9535066383624726,4.279841710360117,2.38747934668266,4.1139997646893995,-8.426014067291037,5.4195134681871115,4.54193598021511,0.8991585091143997,6.51297978716505,0.12911842327119813,-1.1803743392017123,-1.8134251356507032,6.030208243005294,3.991090547596493,2.909320243055547,-1.561472586156824,3.402677838719104,-14.144191918126396,5.452674860935236,-5.984700993188625,-5.624773569262229,-1.6666851839035133,7.37320521306039,-6.588493043473941,6.3567932534168525,0.5827148326575493,8.726102893994124,7.637877382169323,-7.47349326658365,-4.358899757572334,1.9702752218405049,7.231498987194289,-1.5697470549280228,7.331580828705806,-2.404007526053816,-7.358351364524013,12.791011711189784,2.1052184424765703
-4.68954829475248,8.843877326532374,6.1596384184739374,-1.2943755756959117,-0.9787063476553021,3.962706246648709,-5.1491606511271515,9.226766892456192,2.544814070668484,1.796291279471338,1.9839481847672076,0.0,-0.1629224060607369,0.948243021898096,-2.778492491636315,0.3593957062849452,2.2030175642307714,-4.809415499959119,-7.143170293481309,-9.227172465751952,1.4568403886263568,-2.5796042676506725,-0.12303057229994557,3.477621452978217,-5.362343434063972,-2.386719405729621,0.09706199838862019,-11.840912960500328,-2.751081522782988,-4.456461731160387,-2.29178040624158,4.4081267105415725,5.802024896435924,-6.796955868133182,-14.713509223705183,-9.388198989701305,-10.140668199754383,-4.70931087128252,4.767704759692532,3.5091352163999114,1.3278338850269005,-0.8083421099566114,-1.973105754587404,-5.347781828554637,-10.250443062317103,1.7771051481776095,-6.96452503347188,-2.1008713902469967,-3.2638942108332456,0.4830247423696989,-11.21007803523418,-5.200567921361657,1.4648400700113346,-5.000461731277191,-2.2553654571578656,1.42776367640126,-5.618395951982048,-5.867043143631234,-6.007566046707419,3.706611939294576,0.8624945621375456,0.2254343416258748,3.445552219819384,-1.991759115107096,-2.829618623838911,2.631676053346823,-8.6760343199443,3.610824164642541,0.842821386880927,-9.29639618186811,0.6091193348732524,1.9951260842652088,-0.8136122642114924,-0.17996327451232416,-0.9737481525403686,3.94040187875728,4.94534206975746,-3.204303949333389,-0.6292869733009802,-2.111837077819416,3.2215056449174315,-3.8715172608515935,-11.821976049975847,-6.388331871014717,1.2291678648004951,-6.841332415576871,-4.530994570168965,-11.040632055485938,6.739691179553484,-0.36736478302446296,-3.9443653793298945,-8.959617457394344,3.0650121705414706,4.680487470895101,3.0860487314981824,5.183200815515522,5.788645331954473,-4.573415407828819,1.0833019611823456,-5.313576509435145
4.826579882965665,-0.1379836671109348,2.3444627456985287,-6.125251166215349,-7.594444734533415,0.9277750559830364,3.6575763946327857,5.104742608064452,-5.584137201000872,1.0681230319863584,3.3284438819223348,-0.1629224060607369,0.0,4.924792861707624,1.8492765544968868,3.7841135765906464,2.3305235334185954,-1.7500796893676835,2.147863763726409,-1.9623075400473515,-2.2443311362694613,1.8599126783296596,9.032937808642275,-2.273998591710375,-4.92948997465999,2.8229424929464,-5.549509723982609,2.386772294242482,5.261044613945485,-3.727032136996299,-5.139076847958321,2.7860524126738317,-1.1404368183686109,-4.217546094967871,-5.8894566272747495,2.7765289692116184,4.973363717467289,5.119520198526862,5.790766659572466,-1.4622411730789275,-0.4274085070457422,3.502517968486717,5.2794208037427035,-0.7878175510733536,-3.4419160741624313,0.858961199170398,-7.989309641688222,-4.857600595314029,-0.3991975940831258,-4.27821115501752,-2.9855370110410275,1.9629586765749008,-2.6911466565493334,3.306672763060692,2.428791839982276,11.224780084702273,-9.053864960261441,1.1527269513332628,-7.222657588024819,-3.3040731411651154,5.845687719403303,-0.6231067221836027,-1.301458141515471,0.3979941669590388,9.477262186986849,0.9658412116297865,-9.472821844845454,4.641618015603455,6.345540019674972,-2.3567190280636416,1.8371943244602476,1.1521567490432552,7.843698806987055,0.2451174929811488,-3.4573224842477233,2.5251222171877163,10.754490312854095,3.12998743667054,-0.5734367646445283,1.1410908304482579,-5.688109205055893,-11.201855488230747,-1.996182168808292,-2.329510816749691,-5.228868765825675,-3.472130655512496,3.730911095169368,-8.61217045087452,4.599573882897651,2.472202162298499,-10.11635909552528,9.654328360775507,-8.157286175189139,2.9799830932995808,6.544223320370755,-1.4778942238349015,-5.43574458203289,-3.860806093309761,1.56567275571934,-1.83870541814874
-2.1808543995065617,-1.5043715904140953,-0.791862747646347,-6.376103935462934,-3.643647917740725,-1.3501978061536548,-5.567808461425604,-3.9545197986555514,1.2964843903145216,-8.904315952916777,-0.620542503106739,0.948243021898096,4.924792861707624,0.0,-3.525669619770172,2.53842855882348,-1.2847704909823803,-0.7552983324903939,-0.9717599574931379,2.185008824503131,-6.209036246951507,-12.539509295882564,-2.104069203348897,5.5691834290535125,4.604735645340248,1.3442322583965882,2.4406826716742502,-5.63715165353587,2.8277456062524964,-2.290039212705777,-1.718159381978762,7.603981082782703,-2.141112848782848,-1.7352284547089516,-8.42197244893763,7.568868325613058,-7.990557012518176,-0.5643026879812152,-0.6906390499109829,-2.6747144561447205,0.4526956690057636,-6.278536396413589,1.3032918856354179,-5.477341477993986,-6.008276408616729,7.915325030403751,-1.693741025798214,-3.091732490505567,3.3710239583234527,-5.417883788574857,-7.999820394211939,1.9604656800529667,5.4517136973376905,5.992418943883917,-2.110855696417824,0.0681856756590627,1.6785904644586058,3.8409147448038734,1.3442828286012987,6.24405962816406,0.6508408167391848,-0.07010557822807678,-2.9433490996172935,0.9919623532785186,1.4346762729739568,-3.509585737219948,-4.628330344936302,2.5171121311101743,8.305728615327673,3.9978107462955808,3.737132323679132,0.2982239631684642,-4.079497541728953,0.3895341195993376,-0.3038127196151267,2.5672435214337352,1.783896849473471,-13.315114294556976,-3.1673960937764654,4.195116488596802,5.11059272914086,1.9803784859587312,0.2532191467103396,-5.729105001379289,1.152305453365528,-2.266377630791543,-4.185981078766526,-8.812542224577564,8.662186849113123,8.726096616608979,-3.2360849404334706,-7.29917102930592,5.6066765976447694,1.5077370566593973,-5.7473630010722205,3.9985245536734233,3.1147302589519605,2.068256440307154,7.726914733221929,-4.635511162163238
3.5377624276828294,3.9471542220248232,8.16600459180486,-5.610910893379031,-6.228471726002084,1.5324355594568952,1.936649755762116,5.626030378320516,9.578970914194963,-0.2354224591047505,6.57628943340629,-2.778492491636315,1.8492765544968868,-3.525669619770172,0.0,-4.392491095708408,-1.5196855984424713,-2.022880587963313,-1.3021352407310802,-4.53922174089398,0.3742168904790735,-7.0169430108472435,-3.3058199364381013,1.8033246904737532,-1.9437792844566733,0.08220161881001987,-4.090604381662503,-10.985793107479756,0.3681354233538969,-8.383833589535364,-3.513463166045294,3.2058790040246214,-0.24094217907732035,-7.683212683864671,-8.248619480772874,0.648513666883858,-7.141367684756017,-8.822146297996813,4.480224459973769,-4.924799457258556,-5.8120134767580875,-13.612364982181097,-5.0893006918928725,-0.21582519257290184,-16.468057262588015,-0.5679285889580721,-14.419941019512526,-1.3907550094064052,2.9758381440655826,-14.145446912356247,-16.0138351674398,-4.187114728423076,2.2999594507796792,5.665561629104705,3.4181440708244217,-4.894623916151554,-6.9027263757788955,-6.6970594297931925,-2.026713260671124,1.7020513449368608,2.3587429558654525,1.5783641100507404,5.148014096060749,-0.23548289137032033,-0.38992237142312086,-3.592777828401009,-10.858974013159164,0.027795139445597777,5.786457504487252,-1.428086979264482,3.5874617659479084,6.274526598832924,-0.7778268869630781,-3.8989269055956126,-5.69855316546423,-5.818778921007686,-4.39115755811186,-8.405582456971091,-5.292840440946579,2.4917203474503418,4.962813953739559,-3.094699041751263,-7.798694705969427,-4.59137813054127,0.9418921099231099,-1.1951725264996218,-3.7245953751131857,-7.86140213831447,8.904393712168238,3.9034939151161145,-4.302955026791676,-9.84431354460216,-1.9644331803976507,-8.760033041555621,-9.354669758836886,5.135423386477962,-4.749138794430721,-11.211450255438937,3.008034577741324,-5.481660299489586
-6.041567579047885,-0.4116206748819328,3.791648563451528,-16.819208997062372,-8.395994629387198,0.8953630749484605,-1.0811859158426287,3.2165374089291014,3.843748254370341,8.146381368196918,-1.508244628394112,0.3593957062849452,3.7841135765906464,2.53842855882348,-4.392491095708408,0.0,0.13477722574231651,2.926636980679316,1.4091382725698252,-4.4554334737637085,1.3575761717317492,-8.80623010963085,3.1847913228360785,11.695393649967784,-6.465612510695474,10.628476835668918,5.904535508686978,0.9977579317428602,3.5516667570044107,-2.566325648783418,9.811152925704167,4.402895170511317,2.939819013795864,-1.7850510512857187,-12.45612245598207,-4.279659430608941,-12.80512849184702,4.834446960439946,0.2453479288870773,-1.0082726183078787,-3.854042201742124,-1.70569220751561,-0.5054204506469745,8.250396197002416,-0.1902312484545152,-5.80538127012668,-12.878388067760028,-11.04913839623718,8.869643806776365,-1.0620402440169436,-2.7861761245037253,-10.244733110520931,-2.3466556610722544,-3.089644212535664,-7.493084545858188,4.544891639746665,-0.4455607850467828,-3.2755695238314964,-9.396034331128975,-4.71898730719578,-3.2187353626425086,-4.0367036441116655,-2.7148783222886888,-3.9223874819935847,-3.00519794637741,1.3217746825138854,-4.514661049112116,-0.9363759270365395,-0.12282584443433411,7.469548864903526,10.063681255538572,2.305658667276011,2.135407001600684,-3.512898506733667,-2.998759137759082,2.323670108838974,0.1300845870119599,2.8520932044408784,6.711954673477153,1.883237284862692,-1.253057554196385,-6.8479755237753865,-0.16432919739142424,9.466011066234438,2.531356953497853,-14.571071529113365,-5.323888268311582,-6.666812243327794,5.230556962618963,6.109945959683103,7.413936984219376,1.5031364893222618,3.241710954342466,1.9246151512965295,-1.5436674222259623,9.542904071808291,0.35224945573766336,-2.651115675263401,4.664664174978082,0.4998773322247729
0.11041540623983633,0.5610908734903177,1.9396238210920684,-16.084976686123003,-3.671206722582212,-2.001820402310957,-3.2201143753152888,-0.268951690437151,2.794338298509715,-3.734386101563538,7.3598918958988655,2.2030175642307714,2.3305235334185954,-1.2847704909823803,-1.5196855984424713,0.13477722574231651,0.0,0.2508009663189854,-2.3079367807689195,-0.8164241312050545,4.298416990523511,-3.9210949115065454,7.46696007644736,-0.354923264813598,4.949232686563595,7.3316655938378466,4.079570996897327,-5.404047020614972,1.5928374991231868,-2.229293213475352,3.283161144353573,5.344168107916435,5.376526314026987,3.721159854298639,-12.238368698276384,2.129628353229742,-10.461569536223756,1.305885136424428,6.3226398476522805,1.8263638077612605,-3.446455879289262,-4.829353262394611,-4.5226530115428,0.07612541232064218,-7.80162058236865,-0.9225239165499507,-9.580137240631313,-6.93166032632807,5.284298175624555,-0.5009267802652329,-5.481387577784979,-3.4072364835708995,3.6164169821250978,6.873894715254842,-0.1215081872157626,0.5659790879736659,3.0598406854326616,-1.6023566868462351,-7.459315693226146,2.5466206808172056,-1.367476034837998,-1.6901568199776122,-1.4298115340567812,0.9400872065963504,-1.8575955910253177,4.2760204010085925,-1.8665609801095924,1.1004858109231097,2.7884700731204592,4.040098145653045,5.275716158926812,0.8146888317524189,3.219619429187447,3.840020659530204,-1.362990975382056,0.5958926802417296,6.245953771925556,-0.05772041750102536,4.209691682859771,4.948110304277964,6.432365419188867,-9.795834554227497,-5.234336303536664,-5.494562582442708,2.7045778522701966,-3.745209249986572,-12.078565510607003,-13.120687156430328,5.870600060658635,6.002941774947015,-0.8251160873359502,5.269557339543497,0.7741094498755596,1.3000588806107232,-1.5697700532714316,4.955795616172084,0.4793877435974605,0.45415982230813273,10.214929300089468,1.6561963076415975
2.731515256384607,6.724761075085717,5.567158569262395,-10.77024412319718,-5.004279587162783,2.618890465236256,-1.557033193372082,4.6891311419062305,-0.7363601651415013,-6.996268274882696,0.6301262941240198,-4.809415499959119,-1.7500796893676835,-0.7552983324903939,-2.022880587963313,2.926636980679316,0.2508009663189854,0.0,-3.6761011094374902,-3.238685509764878,2.3646956084582413,-10.969713553532687,2.105687938415067,7.144944653388668,4.003867314365151,0.7309361507467914,4.657701301236168,-9.61127443498132,1.3966867232169755,-4.783586244890506,-0.38014977609753325,16.439020333057208,0.4302138122140992,-7.580329767404055,-11.72300494775192,5.163813429136165,-3.6666162631269783,-10.422711689456028,1.1437602718781494,5.504437799546472,0.4375020649201951,-1.390894859015474,2.3120943026812126,3.2452332307563214,-5.776910178650203,4.418290374027248,-7.761800805675007,-5.223606377664642,6.183907912931639,-1.615194206848738,-8.505949192413212,0.7734536657553495,-1.0876364844176445,7.889531809742853,3.644369262965856,4.307243718697374,-2.2470865990905278,2.1585169436621654,5.272816928567722,7.255346197481541,9.976089428932243,0.39715183699822376,8.639638458949337,6.98859567579681,4.455953343043952,4.949643087625376,-5.409708187061647,5.1351890666787074,2.5035659381919952,-0.13575703289763613,11.031164198887767,3.2323217222599334,1.9884816077968723,-2.820294716506872,4.043164007489349,9.202958873474577,3.352809924493385,-5.797436273242664,6.382113354305142,7.736983576204808,15.492772549946832,-4.539562380129878,-0.5622463733886477,-4.547108999171593,10.405222657262843,1.451885051729572,1.7462214172098458,-8.534241293358134,12.36166294157286,14.704142075345676,1.124559175192522,-8.394059035765938,-9.546265363742188,1.7312265316838469,-4.176961497014969,8.267060645878598,1.823622473108718,-3.1505344648634424,10.735545084842283,7.6014274763624305
-5.524069363084019,3.497255323575435,8.561733028466449,-12.408792614079776,-8.589187790422997,-0.7518425409659025,-2.885087434152224,2.7838695598588297,4.865425805451479,-7.735541323495655,-1.0659912683734667,-7.143170293481309,2.147863763726409,-0.9717599574931379,-1.3021352407310802,1.4091382725698252,-2.3079367807689195,-3.6761011094374902,0.0,-2.586087026450652,0.6611582109638103,-4.088615622520915,-0.6063389164427093,12.722969994954356,2.889320401002497,-0.9220181104065267,7.527993094925135,-6.961462578841014,1.2074814975807295,-8.106845270560342,4.854221642270842,12.697702513964767,6.468226966873082,0.2712635258140423,-6.025943781062174,6.196781138642137,-13.668951894085419,-0.685856921393252,-2.3686973256791153,7.748936056759904,-1.3573371010927548,-1.716431344936858,1.1924207188753526,-1.0598168369581116,0.44203965914700966,5.634937614308762,-0.6629711878634573,-1.5894024359590584,12.446661668725191,-1.3100670343220593,-8.154412305927385,-6.374740140954724,-0.4510589034311482,13.670884011565116,-0.7738287858744699,-5.907182722096916,-2.009267961812693,-0.79802328989032,-0.2982469671432884,11.601231928708764,2.8841321717203674,1.6983665345414567,2.3671819216578145,5.344521186110248,3.5178637844400478,2.6922353084094923,-1.3674803136765956,5.104793988250929,0.37444646198397974,5.262112996982308,5.134669482801643,2.7694355191081934,-0.3635418174919109,6.634500327114241,6.532178612922372,5.120205249268632,-3.646159292170828,-3.0585709641932084,4.3697799629996235,3.870657474935199,4.29510300399279,-2.402138346279276,-2.6842529509862296,1.592579511310087,7.939061886250903,-2.304700161271436,-7.381849569573264,-6.377509787429845,11.972385573966564,5.859044814113092,-2.3202989481263585,-2.8875052774198435,0.9556660317505723,7.189132002492192,-9.07996843280821,17.025676173557002,8.391690275675849,2.4528563991340406,14.38575809926354,-1.611826218589005
-0.8542951169137105,4.653300062707776,7.0447383058652155,-1.2373855710014037,-5.189498061229581,6.57132945514526,-6.126152133580363,3.5410910800455695,-3.47668801501975,-0.018510812926618235,-0.3190552684386504,-9.227172465751952,-1.9623075400473515,2.185008824503131,-4.53922174089398,-4.4554334737637085,-0.8164241312050545,-3.238685509764878,-2.586087026450652,0.0,8.132852576898827,-5.3250677013917915,1.7264698735138335,-5.287701537913985,-3.2186075452348657,-10.64082026204186,0.6719414057079497,-12.628020630560219,5.849582388174592,-2.51933599735174,-1.8989230500742729,8.874909921732993,-2.637496672970259,-8.115474218612068,-12.879821564152007,1.8331174071125511,-5.5212980784592975,1.5090514726486035,-6.563653286530422,0.13808267059138798,-1.4327414760562278,-5.629951350390594,-10.65613383567458,3.7376318099866377,-6.336229581129729,-5.351580870436116,-11.514086219954644,-2.0640450874281053,5.486323207016344,-5.298128632579668,-3.6630653929255206,-2.2739685274343855,5.030229259350419,-2.359098824704392,-8.668367807729489,-4.235025042239311,-0.8062722610712231,0.044752740969583135,-1.1830533814614954,1.770184145613201,11.292529762161609,-0.34805904991482967,-3.813110522634844,3.6247145985116247,1.191478221754016,5.850514842915153,-10.050976501393384,5.496675015362494,3.8029044983060496,-1.3541179125606007,4.652257580113598,3.5984015033592773,1.003515549116814,1.2620136381523694,2.976152475879936,1.379589031153183,0.6221152776856889,1.3046716094206623,-0.43394669670572855,-3.8673364888418447,2.3797612787654248,-4.3671941156669325,-10.031524714239035,-2.4299977696373207,3.0867201258954826,-5.4558134351828524,-2.523902643979526,1.5078263660303604,3.791750916495914,1.358605715549409,-2.516160125691023,-5.598646081862467,1.0075368452523823,-1.6712441408079513,-5.91883564375551,8.587818030764542,-6.184469136366651,-4.851437604175165,10.198883459836708,-0.6711124242694388
-5.158461040634752,9.08656360800585,1.6222421628478079,-0.4328862637299628,-8.120173152730345,-1.592628430198118,2.0871614273780104,4.0652571190525455,-0.01010553824069077,1.638100581270932,6.003153659797749,1.4568403886263568,-2.2443311362694613,-6.209036246951507,0.3742168904790735,1.3575761717317492,4.298416990523511,2.3646956084582413,0.6611582109638103,8.132852576898827,0.0,-6.780388076575521,2.1880607475431657,5.519882825317775,-0.5897637926590368,3.272694349096035,-4.137979182278362,-8.505092112022423,4.329554520751795,-4.770964693786379,6.56493404642122,4.234858931032564,9.178511552561854,-3.9625699540376527,-13.959198272079062,2.696702391268053,-11.032567855065592,-2.1927432923239287,1.9455899253800728,4.938039770014379,-2.662471047159793,-10.557813642637258,-8.800318124559642,-9.179980526471406,-8.589598615620524,-4.856620072731344,-13.012414468451778,-4.611664904556494,-3.4750390804588727,-3.834989779395868,-5.941210133554823,-3.268188199207516,0.5560389238666865,4.304115370181218,1.8768600891942393,0.2381038052816485,-5.9403119136189,-3.8247050954002866,-1.7577448286414543,-1.2020155272335935,-3.871631498847647,1.744305417025692,6.284978468079993,2.736639379137421,5.188542276848639,3.742777348772573,-14.15841804727984,-0.4678797874170297,-0.4599424028992695,-3.435599328013429,-0.8104848672737927,3.030638950953701,-0.2870023859333525,-4.781729120380426,-6.128404736916059,0.13109716111304967,5.533159959390176,-3.406682338221054,3.4477762572027686,2.9845535179817495,2.968298535111596,-6.905718361767628,-6.871323042341916,-4.566089560097881,-1.157929603758084,-5.546154004411082,-11.009951035440654,-11.068407845181856,12.003832360120635,7.842273107264814,0.2659745174039822,-3.0072979577489147,-0.963466184819974,4.458850611073841,-2.906193335408552,2.319975992447149,-7.560202303703503,-6.895451926526801,-5.010800348633624,-7.191534312018416
