0,1,2,3,4,5,6,7,8,9,10,11,12,13,14,15,16,17,18,19,20,21,22,23,24,25,26,27,28,29,30,31,32,33,34,35,36,37,38,39,40,41,42,43,44,45,46,47,48,49,50,51,52,53,54,55,56,57,58,59,60,61,62,63,64,65,66,67,68,69,70,71,72,73,74,75,76,77,78,79,80,81,82,83,84,85,86,87,88,89,90,91,92,93,94,95,96,97,98,99
0.0,1.5103758803943428,-1.764964883183423,1.6956690092111875,1.9440019387466851,-4.085224442686416,3.438946770794624,5.133911994015067,9.373772280536196,0.5258996467909329,-5.687413673827739,-3.6484471018906217,3.254883592613122,-0.6304203736819808,-3.655355678053517,1.1994133567853384,10.490461993909252,6.125646664114532,1.7824196445341405,-1.2039252001480056,-2.1154287029705263,-2.6794804261292633,-4.227140161222965,9.490255777923796,-0.7870903319305955,-0.975300696374744,3.1909940104686147,-3.3679981103079166,-1.2185106593188295,-1.308117312691678,6.661356379963396,-0.1993554275848172,-5.547186422980956,5.810402612554115,0.5359616240191151,11.424485565040904,-1.3303723445743443,-1.8891966128249316,-8.575753841365044,7.344392478488526,1.6665458792384367,-2.36195219474803,2.295311073162852,10.185565864175523,-1.875375701504796,6.545569472275078,-2.948275406676251,-1.3629814855377178,-3.301904413428045,2.534729163386239,-5.87150097393707,4.207623636557368,2.5594861355765968,5.679324594768586,4.639626873026524,3.862769172791927,10.685096619677225,14.881542790462357,-3.50050968576744,-3.8374764040833913,-9.292701372570205,-0.3778446665019503,-6.400348924446041,-1.4379219530985567,0.988098057974801,-6.860803758957598,11.141307863852367,0.053198865574497434,-0.6423917883694523,1.296882485042826,-3.0086804324349403,-7.049157226358504,-14.847514881256725,-3.361910438218433,-3.749896957845308,6.316541054741082,-8.03464932034711,-3.831678248341423,3.386157684705942,5.27198599248028,7.203800357167054,-2.705609483353409,3.614321526470992,-10.498870308051467,1.5798285166306123,-0.6092371405179615,4.267363024187856,0.857882152275791,5.745230688114956,6.39064491370575,0.6073474967481578,-4.445577364471463,-4.423727715455054,0.49880689450737187,-5.476754233658232,0.7955489563746286,-4.4138199392488335,1.1598654301383968,-1.6670309327406938,6.34369655939606
1.5103758803943428,0.0,1.6331531445139031,-4.19295393964126,0.20995864268506592,5.364381826485848,-0.563209988237912,1.9163818421257508,1.725151143399382,3.4406475200110944,-11.178701617657582,-1.98540324900206,-0.6134547847983225,1.4835377490953323,-2.1814902449940066,-2.583791006903532,4.626031968882065,-0.6481615370130449,-0.9940302626080778,-0.7708604766740662,1.1186459050851327,-6.1514912879111225,-6.661007050561132,1.653656077485845,2.640363024363207,-2.474161807871197,2.9454318957188645,0.3203090691818816,-4.561687273090578,0.32147189357705014,-2.441745429174429,2.459500897436474,-3.537317114260908,1.7140910002673646,-12.581466170546188,0.5355476395430974,-0.48595770466323646,-2.7911306540296885,-6.3117716576805085,1.1859330177296323,0.6743035986736928,-4.753987963606055,-7.93285722803917,-5.140059534879856,-0.3542813290756533,-2.5237190909882425,-2.648870668346476,0.9598535363021293,5.095971208610483,3.265724328657395,-4.309757022115289,-0.23906965796722957,-5.0709217082804585,-3.112913385390341,-5.060117761368238,-2.2349226918677227,-4.417796128752329,2.446344034966575,-2.065175855230828,-7.255758237589094,-1.528096969068297,2.3194768264996246,-2.993698943595072,0.6606778797375825,4.158600025946461,-3.8615712490506153,-2.1106754197570745,-3.289920790541998,1.5687720567436383,-6.880051825829157,-4.368129735978371,1.3324275412585382,5.047690835249916,-0.6261639965557971,1.5891711818665308,-4.950750748774606,-3.7567012683769447,-4.224869851844652,3.0423925262459646,-1.3743038308430875,-10.6201563545921,-10.899116468176835,5.628347496689287,2.1943685702903704,5.669182743993833,-3.9754827472069567,7.505614408613375,3.108633939887054,-0.6402836534494025,-2.263221121032275,-3.333162231065241,4.1056582426437975,-2.752561095079291,-3.776670239958708,-3.0780688950016177,-3.8680437767897415,0.5303051615211158,-0.29615973775154625,0.9946511295915613,-1.7854813978867103
-1.764964883183423,1.6331531445139031,0.0,-4.28001364935814,-3.9493783092571375,0.8784588487872013,-4.40922743823963,-5.350592886131116,-2.880501307415421,4.275872319074846,-10.006774367811545,-6.808251454622596,-6.824399793509005,1.2348820621330523,0.3301210147396124,-3.0118675940772963,2.4920644640656526,-0.969892891110384,0.5661254955627396,1.3098774480550093,-2.788350471814101,-13.946222320872122,2.5680477184211647,-0.7256508394623029,-0.1142224254090806,-4.828751923281874,4.743693637613564,-0.3267212492821868,-0.165620567418918,2.208885045600637,0.9161428611411037,3.2979265779268188,0.8937923905906389,1.655899844593472,-5.484039054711165,-6.688355881892478,-3.62759205957144,-2.487187798895853,-4.503698819984296,-0.6938060142633925,-4.712146903705923,-1.5944078028084288,-9.653705294867805,-0.011551874125671787,-1.7714420352395528,-3.462669893013127,-1.3703074012427965,1.27304557665664,1.2463843326801027,-0.39744023255883426,-2.055560167910699,1.3226358348321354,1.5517000095203035,-0.49368768245238653,-2.9210908217053206,1.1031411914592055,-6.310236515742641,3.6112189747294186,-5.02143336804836,-4.3540273131609535,1.566321764210651,-1.951139738435537,-6.6959110482268525,7.161436832024935,5.167837830563541,-0.5781734243771198,-1.3846715709564554,-1.4329727815435664,1.5404024626818695,-3.2544625554814193,0.2759001981808712,0.621292009380943,-1.0021719505371112,-1.9654494976940105,3.3605467789569246,-2.401618193045272,-2.887400291868208,-0.6698992435274718,-5.244514539512828,2.255624404022305,0.0306692457888252,-6.667248122667404,7.1950986614692045,-8.488217332978513,7.0642571007900195,-3.465321092500005,5.664679330335161,0.6950250321882078,-1.3486481743952836,-2.6761338047559704,4.148488754651049,-3.21330318032008,-3.431803540287204,-5.33301060528632,-6.243522527100329,-4.5040254052874475,3.547999742289494,-2.4067481028955213,-2.392900852416135,-1.4485108398605333
1.6956690092111875,-4.19295393964126,-4.28001364935814,0.0,-1.3599003430316103,3.3113913786234814,7.071519959533784,7.585155527000438,7.344900147706498,1.2487717025205989,-3.909266670092336,-5.143503258890802,0.6841335986219984,5.423292977987988,1.3519875237198855,-1.815743640823256,6.729009457458637,5.672698041670528,-0.7043999621843297,9.495175388151875,2.5605507231731353,-5.665123315807731,6.048395306556031,5.627744195591086,-1.1739330812900612,7.26309004666737,4.4610781877749695,10.109364489853691,-3.8387233310632305,6.45150276915096,-6.090799475141411,1.9351817072319848,3.8822617873218537,11.418916399189852,-3.5615564684022485,1.3303196474113999,2.6971466973985705,5.082799468784486,0.8090531014995139,-3.7183805244359975,7.010864368916259,2.9002666209482406,-0.3280218552705777,4.803331833330124,-0.723839696280802,1.4528764566312535,-4.351903879883985,-2.606505526977859,5.166614174117055,-1.507879456836233,-2.7276524376922806,-1.627309083244172,2.8227276582703023,-1.9350826371106495,-0.8444930216321885,-4.550964891654421,-0.7086074893926385,6.087164830144315,0.7950704925734826,-2.5721449788918997,1.5807762878959435,-0.6168009646521759,-7.532702533092083,5.6032126844782,5.645635802300753,3.780066542060821,3.3863264984948738,5.064035133245536,10.138200927587125,-1.5048901991666572,6.786069748157549,-2.1732569639977015,-1.5779527394726365,3.2514707272097048,1.5433048600207708,-3.874936828349436,2.7244740483804177,4.652217717413136,1.2603700894036562,-3.9938400875022646,4.716520602950218,-2.852966248628326,3.372219011173997,-2.723507603014369,13.90568420802466,-0.25189730163167323,9.863874175439193,11.838377936714794,3.9002409422079594,6.172283172998433,6.518463091328033,-3.1102414066553057,6.404737534886974,-0.4187363736665916,1.8793873653713409,10.149970099682667,0.7591886793841622,-3.163246398464232,-2.180336547967193,0.39411394350103823
1.9440019387466851,0.20995864268506592,-3.9493783092571375,-1.3599003430316103,0.0,5.19624716692797,4.108330716996328,2.330551093078743,4.8275178280404845,1.4562687044730476,-9.824605055512158,-7.4247993063552515,-0.1397031659585992,4.671620480385733,1.6394705441474773,-6.008912690198542,4.689149505283848,3.179052220020547,0.017136269096771482,3.3739208684151927,5.027998908690617,-8.014014016145826,1.9415375452405428,0.12981538366011236,2.805272469942152,7.273826745142376,3.577857832085475,4.428214963576509,8.120033107948041,5.479059033068675,-0.4175285293011158,-0.5939629747631662,-2.401102989716241,9.187842021827336,-1.843782085369546,2.28534206721276,2.2160595249074384,-3.3284330383967053,1.0611751200998991,-5.821205592575676,6.270624401651556,1.141270046901609,2.07631813191736,0.4477540935064429,-2.506491501443332,-3.373894197684744,-2.4604838092559005,4.360229540880808,5.019706343491658,1.9997127397386805,-4.460752473633246,-0.6343608147518949,5.359998806669008,-1.4058803945680571,1.076577505661927,-0.5279513981021576,-3.4904094163626023,6.583733955287203,-0.8704151676921628,0.740773762753757,-1.8414159612463608,-1.361987586641368,0.23557973248002276,8.63474688199334,0.34302958938907224,0.7071593822283875,4.234731641469051,-0.5807848908032709,4.958164679816969,-4.820562337099212,4.047601289445944,2.191740919800425,5.264669330073121,4.868547694448217,6.678577175919788,-2.250365109346211,9.630442551967088,1.7195549654218678,3.030850794541581,2.381934464652804,1.7739081879157848,-7.321227860447088,4.541588817559916,3.1142335190659454,9.935243161829101,-5.419751173927557,15.884787931320565,7.946543985480447,4.022714202651378,5.68010247244329,7.691851320235352,-5.078862435416616,2.4794951022349454,1.7285073223650476,2.1804925099645716,3.7236225436341304,6.924912816716285,2.159860356880763,3.838209496215911,-3.0903064101816766
-4.085224442686416,5.364381826485848,0.8784588487872013,3.3113913786234814,5.19624716692797,0.0,-5.2913048276738275,-2.0827034902990462,1.4039578901779723,-6.516463968339159,-16.074875583626074,-0.017913533850551056,-8.551777330257325,0.2452753897943259,-1.017400792245728,-1.7425003009143272,-3.13638796103133,1.5740007123090203,-1.5954090343548104,0.6632558503213449,-3.2343877810333783,-13.555287065457932,3.7003937899859536,-1.7594324613908154,-2.268390966329373,-2.292218470964942,4.1939665525960015,-5.492064099998346,-0.9545030894693148,-3.553608931085994,2.1675063971272,2.269382341486171,-5.680046841700403,4.780331775935684,-6.032281234883889,-3.45455301479832,-2.3459106174034687,1.7343208335666351,-9.524010684013616,-3.950210857855738,1.0376043427995996,-7.4865678673166,-10.080585864501199,2.5120907774600374,-13.065747376865808,-3.2933266116826543,-5.294572484170017,-3.317055327307457,2.7553991834567264,-0.05412191239848446,-1.1821550562758836,-1.4891791418927398,-3.514839909537912,-5.9430721445305075,-1.492040796534388,-1.2973098517872743,-2.841390706147419,5.173410901412168,-7.180907593342099,-4.140531909366601,-4.802106856874268,-5.150533064304649,-9.209096669585946,0.5810409641141718,2.4291206920567294,-1.9931303556465432,-3.559551721222945,-7.326026855178691,3.020356322602676,-3.038984803629267,-1.5682626683741452,0.718049863371867,-1.3970644071527871,3.7690688760886872,-1.8509719829178315,-6.142277868301365,-6.678488215287857,-4.754975809690712,-3.9983930693900023,-6.369496742406404,-1.3271936566710387,-6.705321367454166,1.2124947891609612,-8.96797898676173,8.71999600277568,-4.945548999400383,2.814990773451625,0.2708968206874752,2.890092220497791,3.533037967992102,-0.6533701421690522,1.2365224085323572,-6.261579147707232,-4.904215290360902,-6.989552934780136,-2.6756926105962178,-2.4300962064023555,-4.534236492638952,-5.76354722232895,-9.062894442831649
3.438946770794624,-0.563209988237912,-4.40922743823963,7.071519959533784,4.108330716996328,-5.2913048276738275,0.0,1.8173822115434288,-3.6250896068092073,6.4513935246062655,-6.102568061370221,-1.0083440767579412,-2.29084930659224,1.4230914709148352,-3.996477563320752,-3.853553077014008,0.544422263134624,5.10105821791768,-0.905948007170568,0.6669896334783528,-0.29975855531001727,-9.281875116987283,1.7662955594035383,-0.7687612655638867,-2.190541741993228,-5.881438600759653,4.203488136730542,1.182356727634256,0.3812470619752141,3.505668329291428,2.7708780534769284,-3.8763951935438814,0.4470787463460156,5.364047988259458,-10.239378806732375,4.258476073344814,-3.5701744086005487,-2.058863741110069,0.0005832883459578192,0.6980195241619875,3.0613419639350647,2.955368723389048,-2.978248255832749,5.72804765868304,-2.835076527770194,1.3672062383709063,2.6070643315173747,3.883383285798144,3.800462066871032,1.3294506008726654,-0.6298808247242089,-3.574290661426245,-5.6228995582530965,-7.525490523772161,0.04780153939859066,0.7950942468099915,1.3793552903288746,2.790394690702843,-1.748309012185044,-3.7528190002680777,-5.590292894354959,0.01784254653616795,-2.0622358654742454,5.284382258417782,2.4191059184934454,-2.452302399559942,0.3670495689260152,-3.755521556056781,7.061488481243424,-2.09512173102748,-2.587480745000403,-2.390363446103371,4.936246364625289,-3.5827943298455933,4.6778501084360204,-3.793353522421013,2.431377416323029,2.4335040873525777,-5.329977566260859,-7.2459671402158605,-6.8916195384148,-4.979591176553942,9.549609448566772,-11.023416151854052,1.7195336683595723,-5.297398304070649,7.747438408850914,9.742402973095441,3.6771358445986886,-0.24489245696834916,2.2702869537183337,-0.8135502511098122,4.276242083882796,-4.645699008312124,-6.302126660089235,11.090312420557037,5.647674281467768,-1.604059692206097,-0.42907877506580694,-1.5146817130432109
5.133911994015067,1.9163818421257508,-5.350592886131116,7.585155527000438,2.330551093078743,-2.0827034902990462,1.8173822115434288,0.0,-0.44938121697045674,-5.031579412172274,-1.7442689509959437,-3.2516916029183425,-5.503709620408632,0.09133912581276106,6.156104135311021,-4.302356763787351,0.4537909937475919,-4.2140071882895,1.4517052799789278,3.7343709911825487,4.1548000961584135,-2.7625654209759154,5.046688512621752,0.27227197200155184,5.18456160082615,-7.925203087185929,-10.593774057806064,0.6286428019952328,4.352433505092299,-3.5176118912075305,-0.7256588911016163,-6.348337322031485,-0.5522235649691873,2.4750224622679533,-4.780035418883513,-6.9518694124451,3.060978674157516,-6.079280806805957,-6.764469645382511,-12.949037330555944,-2.4661985037310767,-5.26540400675441,0.3323819021101708,0.6578218890551082,-0.5823243446091592,-0.29978603511781365,-2.204176616226422,2.3231903211776537,-7.998872824417673,1.2286283593319158,2.180557183494935,-1.259147782379418,-8.94583691559801,-5.336667461185847,-4.605468508398558,-1.9478761908832252,0.11049459817604712,-2.695593096446725,-9.950713172992188,-7.277809163612114,2.1265190061719568,-3.32177035603214,-4.163596520015007,-1.2497495741941005,0.5084455193028441,2.402668827187409,-4.320242488698393,-0.8948459482754677,-2.109051791706505,-0.6875356488355857,-1.7910466435536068,3.719782374556003,-4.81201100441224,-2.440107346497357,-10.498696231637592,-13.993882869962007,-0.8397870406659541,-0.9647261724891265,0.552653024502614,-11.617031846042506,-1.2934040132321902,0.4161575036729963,3.44951030285672,-9.628942831370141,-4.174432947886018,-8.252684025064921,0.794924753842054,0.59518043297046,-0.01835453760145948,-3.3072103542509503,-4.919314092618001,-9.382277606525424,-2.287349652350694,-3.7986829426816335,-7.300319328455126,2.449762774652771,0.8444671561513235,-1.7044099039615834,-4.06276887840628,1.538663032856952
9.373772280536196,1.725151143399382,-2.880501307415421,7.344900147706498,4.8275178280404845,1.4039578901779723,-3.6250896068092073,-0.44938121697045674,0.0,0.0825476837740854,-3.0204478901335334,-7.349755511867662,-0.19860214622365296,3.0433328949568006,4.759526270680931,-6.522144702392784,3.470301087995921,-0.1329469835350832,-2.480696864564299,1.2084828232882867,1.7279311059212032,-6.907519880266659,5.310650533816932,-0.6493418447550169,-2.8238015406371,-3.7154441308654382,-4.6165325944405255,0.5206903611574709,3.290773360621893,4.445803295807339,-2.286058299502391,-9.106897255705944,-7.589348023086179,5.464909168942566,-4.955674058331906,-2.825914972082572,-0.7722283200054344,-9.11138164625804,-6.848639004444699,-8.670395235200877,4.742871690895393,2.9493418539403615,1.534753351197046,2.828532766622577,-3.2807600508090795,-3.5117557121232794,-9.919467438024528,1.4025874460349974,-8.454015358384673,1.4659114872212908,-7.726171531818106,-5.678611127689356,-4.266103160281427,-8.372469827323131,-2.395295418891152,-5.982706894180402,-7.446972111373278,1.0477930828761235,1.2676849118065447,-4.113747999947612,0.3797839486636774,-4.670992454034141,-3.7241755274725055,2.442531922265003,4.343216190402208,6.194863820794123,-0.5585157474770336,-0.7150814770769676,-0.5983393700482436,-2.5423641505454513,4.516331389480417,-0.1855259929365524,-1.0759244113586923,-9.394277710947545,-5.1600405698875775,-11.325453898077642,5.624765379721236,-0.1758985853393898,-1.74734485413144,-6.83515089616094,4.089686188766224,-6.201246465406328,-2.8620997403001063,-3.8658728854496576,6.8877058914843605,-11.769518522767644,6.357183610868148,4.312349354632423,-1.0251179567666455,-1.3756655395824446,-0.5981334468405825,-12.362713988693619,-0.3704300940492736,-2.457700104308224,-9.798902565354659,5.158032735353085,-1.9910822800525971,0.7878965400915382,-0.2879719654422025,-2.3179213704886927
0.5258996467909329,3.4406475200110944,4.275872319074846,1.2487717025205989,1.4562687044730476,-6.516463968339159,6.4513935246062655,-5.031579412172274,0.0825476837740854,0.0,-4.014112956538481,-5.510529705211964,-2.835802821230112,-1.705093384151014,-1.354718311349549,-4.441007693500684,4.778075075213988,5.101166102845422,5.854429907239124,3.6926029912517375,-3.1050082903067886,-0.9863935315941934,-1.1423977535400367,1.6328317047032797,1.8432052302143969,0.7040270070929889,0.13875749539431106,3.657746535408219,4.422061325596416,-6.87881362692104,5.612646235528904,3.8802131223843097,7.378288029740005,1.9482933635529935,-0.15907506508150812,8.875334780079376,-0.9248185186263138,1.050797301842298,-3.172337251413716,1.1105139964970194,2.2384475241234885,-0.4012295529799356,-5.495951390263242,2.9922192352960986,-6.888258775298588,4.009514722174807,2.3340656458034346,7.975801785463162,-2.4520789428709904,-4.930031782908414,5.076204742996468,-0.393131379435164,1.889907195525152,-1.672995391789505,-0.3986662363928416,-0.1527863754556986,4.077805727731467,6.312302436547512,3.0967664672262223,0.8258822252123379,2.9663457005388745,11.504245351420304,-4.452520671293614,-2.233511295089853,-2.260050480913214,-0.5118388043514703,9.00225506402222,7.338876560754207,0.41496298433406487,-2.042267540718401,-2.69030878631806,-1.4558851513711135,-6.121049681115288,1.4143847274382977,6.403935420164172,-3.956825749181873,-2.1774138462231005,-2.3881783162012558,-0.8276188299149113,1.3979647125368928,1.3983910899873468,2.1255381135842737,4.764703127081709,-4.089962896702311,6.775200256780588,-8.01868273112577,7.219137839824951,11.686345908363405,2.168878667149126,2.5306659972513974,2.9348530021155708,-4.819564640488057,5.339529330537784,0.5824690213855376,-4.139180889476728,5.759727831135039,4.530104844392402,-1.0333233859486424,0.1600143717489851,-0.32687412538418603
-5.687413673827739,-11.178701617657582,-10.006774367811545,-3.909266670092336,-9.824605055512158,-16.074875583626074,-6.102568061370221,-1.7442689509959437,-3.0204478901335334,-4.014112956538481,0.0,4.29793185843959,-6.707918231249583,3.194291672926509,5.834272244770932,8.573921858032753,4.523621779907177,-5.919208343936308,10.065575711664827,7.613442151720655,2.646607731123816,5.149161897138616,9.220868216115807,5.741361254159757,8.624964046320486,7.839046126997272,2.2026619606942286,8.506712499783777,2.930252930192049,3.74493146829432,5.981878535275087,12.078851750181812,13.6774099534023,-2.006612273058248,1.6026108632573919,1.3751818973336332,4.860640199824993,5.958111702354675,5.972472132822002,11.34685198328054,0.4134035725415269,1.4049310654318077,-6.456311110128921,6.026371658960145,4.428987209112263,5.412519234165809,4.438954346551255,1.7841317840862083,6.821201781048006,-0.05444996953312831,2.812864030195987,11.511408803032296,2.284531750182751,1.6618483588092918,6.688917988708648,7.7418550087273745,3.4036508364302107,0.8206691817948499,3.9728127714691928,-0.5179124143835667,14.010651914105557,4.24046105936036,-0.9769237237457651,3.5463005819997706,1.895107847528468,3.863848478573831,8.53664911503839,4.2126354349768365,0.5919704255527384,-3.1394039336192545,-1.982157551112224,7.544287276999674,-5.853541766797118,1.8445561856049015,-3.5389185879935567,-3.7083832907706,-3.863296454963392,-0.8606709585742237,6.42475308116831,5.735509918631346,8.57106845429993,2.1841052972139807,8.659447978998909,-4.860991511759686,4.940693402383316,-0.2037940423461732,2.43105135470596,6.1594373542311125,-3.033686782720514,12.375347569707143,-2.9562575005089116,1.5809859789044962,-4.1534229324607566,2.360510605594885,-2.29857738274084,5.978321229940603,3.3546133744047664,-0.2614030524565416,1.53566185059796,-3.976645393215801
-3.6484471018906217,-1.98540324900206,-6.808251454622596,-5.143503258890802,-7.4247993063552515,-0.017913533850551056,-1.0083440767579412,-3.2516916029183425,-7.349755511867662,-5.510529705211964,4.29793185843959,0.0,-3.0164392166988727,0.5963331929722456,-2.5175474905985835,6.148816591346971,7.81180250087568,1.2365864558669255,-4.458211031381839,2.013795674982195,-1.6678384649226297,4.175925415309873,2.322977990808146,2.127661957233329,2.0373113008113326,6.550120554682644,10.96119653965473,11.337470582543975,-6.6174284703943105,3.6397476753472455,4.882591891706928,9.340327473807072,-2.914069388245011,0.417252926612822,-5.374024855621377,1.2292047298753308,-3.0036122204439546,3.681365217800717,1.0849779509427242,4.553116415223013,-1.35706584860777,-2.853463359593048,-9.19537965315664,-0.24720980348502128,-3.605182101189913,7.2533464716120095,2.242866525251512,1.175282329784402,-1.0117704158446452,-5.208372680564046,1.5034189220141523,4.207384055241826,7.721937706637915,7.528436535004011,1.4058204317043204,0.5955966751697026,5.653282211622518,7.2206485317246,6.296435977441558,-1.0782708708658055,7.209958034263876,13.27027237900736,-3.3122301575353283,-1.0986800898061977,0.46005488922468135,-4.368337969963582,7.351814351982632,10.550948435096288,-0.7794124984872143,-0.19478151258744783,1.5055053775302785,7.490429749229797,-4.205584471001469,0.42140101105483696,4.778551876748272,4.289909926762102,-2.1924293984030827,2.078751402815078,1.372686533913776,-1.637499315109642,-0.3799396503572583,-1.1357431432574174,0.29337851282210886,-1.4750854658498442,11.630806555359587,-0.6697806708133169,6.9074546979503175,8.27215535484854,0.05187238431593903,6.588266176996293,12.642121274027012,2.1222722666991407,9.394248207664967,1.8163316436099148,-13.326518130475407,-1.0433906848124663,-2.631161375561976,-3.3567459321691735,-1.3889038876320052,-1.504212552631676
3.254883592613122,-0.6134547847983225,-6.824399793509005,0.6841335986219984,-0.1397031659585992,-8.551777330257325,-2.29084930659224,-5.503709620408632,-0.19860214622365296,-2.835802821230112,-6.707918231249583,-3.0164392166988727,0.0,-0.41125164948686294,0.3136501107071801,0.5284518208785074,8.205491698007929,4.489281159473029,0.26972992200211665,-1.9698851587263475,-2.3251973013134744,1.329403538621538,6.6680873500148445,4.098055092503732,-2.125352862933163,-0.009442367181475078,5.734699302404824,8.22557311619538,-3.4266284930923496,2.907142100539244,-1.2800405699496327,1.2121080611196005,-2.411434864798657,6.9734928015225615,0.3086185724801212,-1.947796273940436,6.041832074718752,-1.0078775585623831,0.3893565981471602,0.5301558718062097,10.587826378609666,-2.6322634758124948,-5.979604224344618,2.5587011248862543,-6.7022438019536645,8.60214756150794,2.2213301255282185,2.5951263725324902,1.258769394864093,-0.9907894518418653,6.755931136612812,-0.7817701475502397,-6.78554668513686,-1.9121727034071652,2.784668883949103,-1.1659147866049675,-4.916239473408557,-1.8319848887096528,2.8637188986289726,-0.3447179145808893,2.8748753167818646,0.9345553072985875,-13.751228077745823,-7.13494247032849,-4.637415936257222,-4.46773320499612,-1.6452764901528545,10.047168337531875,-1.2561289143802483,-1.8046809375528323,-0.89339579595847,1.8753820208344492,1.4799048978945677,-6.9575541843705855,-6.842296438519475,2.77469442851755,-3.689918886105673,-1.236048713510136,11.588545018547036,-2.823579708134438,1.5642842871804803,0.43082977198099104,1.064781793424015,-2.25740512615266,13.497938191838951,-0.08753401700878383,3.006634179702512,10.808996107763788,1.9273701118223217,-2.19557504609296,-4.671283562656956,0.5906461358291519,7.781234784379282,-5.259198748404847,0.7324447692622822,6.60787654739646,4.618462592226381,2.711288883618532,-0.6768718020566488,0.49752555906347146
-0.6304203736819808,1.4835377490953323,1.2348820621330523,5.423292977987988,4.671620480385733,0.2452753897943259,1.4230914709148352,0.09133912581276106,3.0433328949568006,-1.705093384151014,3.194291672926509,0.5963331929722456,-0.41125164948686294,0.0,-1.7213008010751607,-5.259466642561648,5.156065884114815,5.858859853172614,9.17572895718392,6.670058684077152,-4.355153106245297,-5.740130573053809,-2.7973086630013864,-0.2210328312574262,2.8392970534098465,-3.0382208488531326,3.0373803941819024,3.7935595864319858,2.926782326223529,2.8649307201445726,2.7210032147735075,6.4870778872462775,3.5740221643254424,4.092931348578281,-2.3525605366297015,5.26603487055664,1.0389027054398643,-4.3482783855875775,0.5666709993280734,-0.7290638081371361,4.04760393086466,1.212180353104606,0.2020544056655184,1.8520696779889565,-6.984383402550447,9.284186469007341,7.15623723579307,6.047744584761838,-2.1269943811048977,9.949315965923551,4.5714137985934205,-10.80822291140133,0.1002277404899814,-10.419120683049856,2.5141494299004865,-2.6398980117439494,-6.069961895649056,4.421497290647114,1.9648893115436337,4.056941346511643,3.430768977683167,4.185880502981305,-5.182181995048387,1.2294133897697472,8.844865274534378,-3.301440738081832,2.873025001608825,3.8736759787627366,0.9875984785102648,0.3588545185483395,2.5473606280995953,1.662127706539052,-3.619880250536624,-0.10805844043904048,-2.5104460480518775,0.6631963923175292,2.032179780134196,-1.8369103624643408,4.9059872316288535,6.266123769683281,5.945094536108894,1.5092949145152095,6.635724525060076,-4.520317356392513,8.450459097999818,-1.1165717290207244,10.714840301526936,9.227419203992813,6.60683722124587,3.239472449197476,1.876131960370112,-6.147106676317792,0.18681135412452007,0.47540270210969127,-0.7819841545887256,6.884589937019313,3.521787056828145,4.026114419207499,3.8362494655985375,1.96296599600676
-3.655355678053517,-2.1814902449940066,0.3301210147396124,1.3519875237198855,1.6394705441474773,-1.017400792245728,-3.996477563320752,6.156104135311021,4.759526270680931,-1.354718311349549,5.834272244770932,-2.5175474905985835,0.3136501107071801,-1.7213008010751607,0.0,-6.310469372989015,8.037149495790697,-2.456111331304472,4.656572625154888,0.6106345888097257,-2.9272683841749414,-3.2104920668673316,-1.5952790912659243,-3.9989051246709377,0.04460920756208783,-0.08989247238316284,3.737762866031887,1.119548909234447,-2.5102713105523518,2.7467357736916087,0.8540996988406787,8.712637883653857,-0.08108105542442634,0.09492415784773195,-8.558166306713574,3.5066167795733905,0.1355384750073289,-2.8744170675324088,-2.2019307771918175,-0.2085233295611623,3.1587741424768594,3.5454973503203644,-3.440423141090766,-1.7387961799393568,-4.0809290367068,3.483456651101548,5.333366079024859,1.6181943048166003,2.513739419046436,11.20200052586216,2.059213592087126,-8.016603248002498,0.10915132195514644,-5.400193969573383,0.4641058316154293,-3.519283717490646,-4.960393504089264,-4.336639884689034,-3.724889435076092,1.5229309254948689,2.807840147885455,7.660476729351873,-3.0597185341888355,0.38753695398281673,2.604784859453843,-0.9268059139323745,-0.648857258699905,-3.809352520629523,-4.325305928581127,-5.5605088824935045,-3.435592128195992,5.4205915654618915,-6.411656213643941,0.33165511028525985,-4.973564795390422,-1.2656470641546138,3.913803738724023,2.8672860642448965,1.9362934548617223,3.7159394178145178,3.3090074756267365,-3.332966224767685,7.290967055631728,3.6949338875556847,4.827741261124832,-7.227720039544778,11.312924186361094,5.064376755051351,-3.0775569027281966,-2.38241866121301,5.62592518956724,-7.262774063630466,-3.3986919021366875,0.42489322477280816,-9.95355718840357,-0.902232791009072,-0.5788981154393095,0.1541962954615276,7.665910867745023,1.0123049483847224
1.1994133567853384,-2.583791006903532,-3.0118675940772963,-1.815743640823256,-6.008912690198542,-1.7425003009143272,-3.853553077014008,-4.302356763787351,-6.522144702392784,-4.441007693500684,8.573921858032753,6.148816591346971,0.5284518208785074,-5.259466642561648,-6.310469372989015,0.0,2.510384504367492,1.5981114537550392,3.1523520501350872,4.975831933694509,8.993170503559334,-13.38764306060018,5.492079163061216,2.2991980310447055,0.3707207433849584,-0.29690862815140806,9.38658423006188,5.343238683696041,1.0426444603712834,2.4754399669189473,-2.820669886692189,2.0966184498494704,6.285969806148793,5.539268433411968,-1.8924402210399272,7.770171716285766,4.820503860181664,-1.327982600385416,2.25467783428214,-1.9353936433730503,1.192554950362215,-1.8073486340023344,-0.705433410336195,2.450923414283666,-2.080525611982936,-4.56086790622905,1.237514803923606,1.2326373932025845,-1.3127863192749611,1.1156563279779563,3.951243822333092,4.310242887746902,4.97211027042479,3.6382804046873103,5.870740620014405,0.3599068771880908,5.717422389911272,12.940608246944665,-4.4265289378854655,-0.09493532806563094,-8.191350721596185,-0.2454595691095498,-8.892010497778,7.121569615177766,5.929619209173222,9.424455206370451,10.23785341514222,0.6653300283669918,11.949898309616023,3.616751281657197,8.907918077170176,-0.5359320064857905,2.0845354512861087,3.9139815551016217,6.845586847226264,-8.295628946108774,1.1975954803439068,1.11782814894499,-3.0844947001338454,-4.738989940273024,4.61460789640512,-0.06242398172356727,7.829079821666438,0.900315929185509,9.045510933445994,-8.904116670130305,13.985860206501432,6.479176769117193,7.6390388709589825,7.690690665194905,6.233694776595184,3.856438830624603,1.5683765773027931,-0.5755117478983889,-3.0040581820436527,2.8055931688723805,2.716709786161081,-0.19389228630066224,-1.9477341921048248,2.6149415765379813
10.490461993909252,4.626031968882065,2.4920644640656526,6.729009457458637,4.689149505283848,-3.13638796103133,0.544422263134624,0.4537909937475919,3.470301087995921,4.778075075213988,4.523621779907177,7.81180250087568,8.205491698007929,5.156065884114815,8.037149495790697,2.510384504367492,0.0,-3.6617036499489375,-3.4162129977620848,-4.07494875515528,-7.279233981574458,-6.17803535970372,0.8368453207077479,-0.9925349378512589,0.8164067983995396,-6.071869806168853,-1.9535637007875204,4.483699119477386,-7.676525157527075,-2.5967150875177785,2.460519584184009,-6.655718450264583,-7.410057339713966,-1.221175299980227,-13.527524786058603,-3.6486300685509057,-3.305227185502522,-2.005757491813408,-4.601035075509502,-8.458183724330652,-1.4473507762052544,-4.758954713849587,-14.19169914069808,1.3402206668718466,-7.752744072152796,-0.12407626589708914,-8.580293840386858,-0.24428893813774472,-5.710766886193395,-8.835125605991859,2.812279597698465,-9.61011095160362,-12.144199495275762,-6.4402368994790535,-7.472320851640078,-4.3710165810261286,-0.3491467064204803,-2.8792240149952018,-4.557631116378168,-11.839127601570512,-8.641356830215708,1.2407725481705656,-9.453758013806064,-7.314772523929951,-11.132982648402436,-10.41973312148944,-5.349585177917117,2.7855633221601064,-10.097122509820027,-7.100477720158796,-10.779688920628528,-0.40507182074032144,-8.079483131245714,-14.038339677844776,-10.336443507539414,-3.3296332386573044,-7.679110444809427,-4.172570498261552,-0.7297400223860094,-5.92290276626946,-4.395862720440387,-7.626480027581979,2.275247149676323,-16.460347024995315,-2.472833695101245,-9.621833377907922,0.41585416167793815,1.5251811460934752,-1.0792343427535616,-9.684985151089872,-8.954570791240183,-5.8851257542552124,4.885990656860227,-8.531895993810563,-14.35632943897902,10.183645723262016,-2.5014833236142753,-6.995416933295039,-4.767792604114549,-2.061982909203105
6.125646664114532,-0.6481615370130449,-0.969892891110384,5.672698041670528,3.179052220020547,1.5740007123090203,5.10105821791768,-4.2140071882895,-0.1329469835350832,5.101166102845422,-5.919208343936308,1.2365864558669255,4.489281159473029,5.858859853172614,-2.456111331304472,1.5981114537550392,-3.6617036499489375,0.0,6.883808581261801,3.544316730550199,-1.3286301293442269,0.6270974166839052,-2.522883483855032,0.5291239979730032,2.683842146370716,-3.0014201646039447,-11.873742577607851,-1.2769137750677075,2.8081651741109406,-5.917932423287509,7.207110759950399,-8.966115333623293,5.626900920842136,-0.6358803415691051,-5.984636789906372,-4.3644698923876755,-6.254377520050126,-5.3109523691910026,0.1830896900782472,-10.58462115556322,-1.4806538535917235,-7.027810687580384,-8.31719343846827,2.1110721472661993,-3.443104413962032,-0.2025326510435627,-1.0139790733321317,-1.8546266490400924,-7.356945793140741,-7.651379517660829,3.344777225707821,-3.355418880722082,-7.6630706228471315,-9.977574807437255,-8.681630969031701,-1.8006587983562454,-3.3486718722423894,0.1864199598239544,-10.930501834698099,-6.669430931229289,-3.459786989886416,1.5724862961563584,0.056050194896211755,-2.97161991195777,-7.636921957130056,0.8138713649235276,-2.1226840524204875,1.1908152709279431,-6.828570149010573,1.9101940067642116,-4.850194289221045,-1.5716699191180152,-11.21180820467092,-9.195224407314182,-10.36514980869216,-10.49150181658419,-3.963522416585565,-3.588201212512069,-3.6885242988864064,-2.6539775939174266,-7.55241687017238,-0.9016264697032401,3.6349974070832047,-18.310149649541582,-4.889365039447174,-8.505617305354422,-1.8050690853433984,-1.236287697407508,2.0996194385428257,-3.524321357390401,-7.3041749288513405,-6.701609710020118,-6.4236672242553645,-6.176882006539274,-16.45122397092228,3.888873394860631,-0.5312257885692527,-5.044154962865839,-2.228485628898497,-1.3174634085804875
1.7824196445341405,-0.9940302626080778,0.5661254955627396,-0.7043999621843297,0.017136269096771482,-1.5954090343548104,-0.905948007170568,1.4517052799789278,-2.480696864564299,5.854429907239124,10.065575711664827,-4.458211031381839,0.26972992200211665,9.17572895718392,4.656572625154888,3.1523520501350872,-3.4162129977620848,6.883808581261801,0.0,-2.4090650643162443,-6.264271413281521,-0.24388801180305036,-2.662038200195131,-9.185289348758273,-0.6829619366065725,-2.515630742637451,-0.021061832573593127,2.7398435746173324,-5.229108517841013,-2.7895343320666903,-2.26622000976858,-1.2786709931942308,1.6557319812515885,-4.568675066241064,-7.850294501966704,1.77472918868385,1.1933170592805649,-6.958417833801925,-4.221813475242043,-3.2317828485628506,-3.2757435491634688,0.3364254930923272,-1.8959570652400348,9.5905382426116,2.319635183090572,5.306008388710226,2.5776591567966944,0.5332537991800296,0.34779177942719325,7.907641376919072,8.882103873892332,-11.5014558126739,-8.829620477641889,-1.6481096842047007,-1.3100358668451615,-7.245858645065724,-0.6658491259179126,-1.2634740957656376,-6.116843607806559,2.4336626585966394,-2.4434291960051095,-0.5138707327948974,-8.861632841560453,-3.203952488067232,0.25384684994831286,-3.396552640676119,-1.922030060414152,-8.065584736273886,-3.034950854835998,-4.282849572017684,-7.928016681030878,-4.080038289571366,-1.047261028400904,-9.801790686373263,-8.462608994019876,-5.39241771857245,1.6001267914187791,-3.1649634053243454,2.020009599230765,-2.6294813023932786,-7.886227762652038,2.2022524544258446,14.71382769157902,-8.392276537539672,-1.6309377368175506,-4.301996725468771,10.479159659784212,5.343007406946086,-1.9126479061040305,-6.720750787058233,-3.270729114278774,-2.9007450361627782,-4.931359551737332,-5.599326959866255,-4.404169850878214,7.103559076340512,2.6640233827115596,-0.3044311722767231,-0.6323999258223897,0.40493292969747646
-1.2039252001480056,-0.7708604766740662,1.3098774480550093,9.495175388151875,3.3739208684151927,0.6632558503213449,0.6669896334783528,3.7343709911825487,1.2084828232882867,3.6926029912517375,7.613442151720655,2.013795674982195,-1.9698851587263475,6.670058684077152,0.6106345888097257,4.975831933694509,-4.07494875515528,3.544316730550199,-2.4090650643162443,0.0,-0.5941896054099286,-1.4105392537419748,3.9317677128750472,-4.839300494402385,3.611708419505116,-3.6745060051524554,-11.676173741915788,-2.648479163114759,-6.0040444073693005,-6.113049378474261,1.456336177396833,0.8192007382696885,2.955676481446146,-1.954019379543048,-7.875158886152047,1.1535073941391418,-4.28351760312266,-1.7226163904287244,-4.924069718469306,-5.269497332291181,-3.122713094354564,-7.284320741045634,-7.199193568345187,3.218565183483703,-1.353709649338496,0.10982368195586253,-8.958472422184958,-3.247308248484671,-7.419277329067411,-4.186714507913311,0.7892897187872863,-11.37395229165554,-7.389108723603463,-13.835269407339473,-6.675337550310175,-7.461274781245075,-7.409885501635163,-4.6791474537040045,-8.220256872284283,-5.600419869735172,-5.39810531086071,2.103188528582863,-4.624526495473421,-2.9383110288103724,-3.7578536361697874,-0.867884611961992,0.38931435249106616,2.2375366576406766,-2.4336315180650767,-6.357277186677166,-3.460988583584972,-8.118190237610833,-8.420612090418409,-6.853912313777333,-13.128746628511783,-9.81494623378906,-5.358953208377067,-8.63385119672131,-8.057638802657268,-1.7301201965679864,-4.41393432266047,-3.125701866742295,7.829350705186775,-16.38372191702673,-7.215122193391829,-10.344319616386027,2.209178703920512,-2.3002738087955854,-0.6270190363544185,-1.7671870020344396,-10.042128044094673,-9.290768531860547,-6.4180518515593,-7.644716444654083,-12.823603843389664,-0.09639821337608365,0.32444768500352394,-3.736711222661943,-5.993846514460648,-8.464027917216592
-2.1154287029705263,1.1186459050851327,-2.788350471814101,2.5605507231731353,5.027998908690617,-3.2343877810333783,-0.29975855531001727,4.1548000961584135,1.7279311059212032,-3.1050082903067886,2.646607731123816,-1.6678384649226297,-2.3251973013134744,-4.355153106245297,-2.9272683841749414,8.993170503559334,-7.279233981574458,-1.3286301293442269,-6.264271413281521,-0.5941896054099286,0.0,-9.957611299412177,-2.2416889745251973,-1.1793187616872955,4.255213831505528,-2.8387113415698018,2.805533463356353,-0.44011968369909554,-2.6436792179371262,1.7114045253107486,-2.919675404156441,5.084018835920944,4.2393335061396495,-0.12478540816859388,-5.556220262921316,3.0755126966565256,0.4116957252679377,3.242509015835334,-3.0370272893442207,-3.566282318285539,-2.2755857713004257,-2.818171001478569,3.05315827153944,-2.205650883690269,-2.8779843085345838,0.2702264810378214,5.231964550431761,0.33486038728930906,3.3303216931009096,3.5727888067554665,6.057756069130988,-5.69658640528294,3.59747172456504,-3.970559882753544,0.05005207598048045,3.439252965111152,-8.239631820425934,-4.8290187938143,-9.807994431525769,6.819041130530271,-0.7091758114573017,8.201473517574291,-2.337653211016564,5.0702496058270485,-0.3595753222128541,3.9668034560059335,0.7563675764710307,2.602531829300837,-0.938438898964636,-4.077512487461751,-3.0635318401676512,-3.964043882143917,-2.136033940382029,-0.27261346079649645,1.0109052364174032,-2.776365752378508,0.3712771969007489,2.1435337027302634,-2.3557046119444425,5.450036349593432,1.96712718888546,-2.7839077210088075,7.045745919135565,-4.29263168471822,7.388590318675197,-4.831139877047947,9.165215692224793,5.537235820811269,-2.3340178583177207,-0.2548174270244116,5.852354357568792,-8.495733883785718,4.318564844934121,-1.718885732381749,-11.771306783819705,0.2829025293584966,6.455912718479021,-3.947915635496378,7.05037919841869,-1.5699881000849403
