0.000000000000000000e+00,-6.221476956285178161e+00,1.815345922175429560e+00,6.861260780763323019e+00,-6.824104333691670909e+00,-5.902385235144192777e+00,6.828499922448655113e+00,3.967297812411331392e+00,-1.340919221651864746e+01,-4.378631546257619966e+00,5.378626437149526041e+00,3.986723418627475812e-01,2.967564618331028914e+00,4.646282687019126501e-01,7.949242958170790185e-01,5.607267636718618498e+00,-4.957627027834121236e+00,-6.138329810783822005e+00,-1.817619029918078510e+01,-2.467546928400867756e+00,-9.494032046361699173e+00,-5.507834292890777306e+00,-1.021599211763867565e+01,-9.932674898103414307e+00,-5.997638325279872618e+00,-5.021928741845717248e+00,7.043908257642734760e-01,-7.236084988531711559e+00,-7.305021042944614962e-01,7.884214858987491858e+00,7.166797211510032461e+00,9.876324656833205040e+00,-4.896085076617223697e-01,-8.064668381487397397e+00,-1.102646965514549393e+01,1.807214188063570592e+00,4.790477092135841275e+00,1.551690642265122655e+00,-1.227662084677342724e+00,-4.467639900706913636e+00,-9.333194310961658857e+00,3.531435857547761348e+00,-5.609465496909798787e+00,2.696540203430998872e+00,-1.654464942250037041e+00,-5.362481190330941949e+00,-2.071190546018205847e+00,2.036803864042771917e+00,-1.633867124214779754e+00,-1.257389175184073782e+00,-1.829150336364144591e+00,2.172759811641426175e+00,1.722120424901732783e+00,-6.551800647736653715e+00,-9.996110836281916434e+00,-1.173072398514665160e+01,3.538923491694851542e+00,-1.357631224562988237e+01,1.076555614395122706e+00,6.670842276296107265e+00,-3.825429415024220958e+00,3.110488615145842406e+00,-9.333368077762289605e-01,-3.019315839676936619e+00,-1.865887278651968240e+00,-1.924250214182847918e+00,9.136549611984531083e+00,-3.503034831596317566e+00,-4.489255085450252203e+00,-3.385628606778855687e+00,-3.880969400997391183e+00,5.871407692438069814e-01,-6.277762982931461622e+00,-7.303105754808516537e+00,-1.029970552770452485e+01,-5.103783861917955633e+00,-1.174679932411410554e+00,-2.802477842967380006e+00,1.021146983816309017e+01,1.027011185085273759e+01,-3.453947179201490858e+00,-4.125237456772779865e+00,8.327911003383438038e-01,-5.290438643112791439e-01,4.820761622880023189e+00,7.950961787772392597e-01,8.270456065756070174e+00,4.559674390094946572e-01,1.169811829071334186e+00,-6.812998788767345992e-01,-4.764913445587934504e+00,-2.618539073961829722e+00,4.647024487337022336e+00,6.374069697259092671e+00,3.379827285047205088e+00,8.039711505486739185e+00,7.752401754313959614e+00,5.154811910370600714e+00,2.064816385798718290e+00,2.934023102745218381e+00
-6.221476956285178161e+00,0.000000000000000000e+00,2.165616415224483671e+00,-2.219906404257588672e+00,7.933873001701000627e-01,-1.492881694392830472e+00,8.860719417670013698e+00,7.727281172239723439e+00,6.017867238354901893e+00,-3.339767234625188763e+00,1.456962753959188506e+00,-2.229328488325120539e+00,6.571065224617469447e+00,5.651355108033454755e+00,4.421034612730583291e+00,2.665593499302968183e+00,-7.413952888971605759e+00,4.212423442808805873e+00,-1.528511978497732737e-01,6.153304863361311661e+00,-4.383255376083426746e+00,-4.036578400543181289e+00,6.502028040747102722e+00,6.456239476416000045e+00,-6.835949076179116624e+00,-2.505713592501567444e+00,1.287439299969197215e+01,8.445941595074697439e-01,-2.939977808870435361e+00,-2.277821111328915293e+00,6.452245037100289515e+00,8.541582283396888187e+00,1.205708516409291109e+00,-8.314836362969590056e+00,-7.899037286991587692e+00,3.327892211838833880e+00,2.701384529568028547e+00,-3.784612701522750200e+00,-1.876492182494353678e+00,1.801008916905938451e-02,2.021104464275337076e+00,-5.680352873334719277e+00,-9.205029967123657286e+00,9.458746858934354407e+00,-3.668136202926536971e+00,4.661606626958262112e+00,-5.400622968531087587e+00,-4.239584552966343622e+00,6.124839681414785630e+00,5.291843817776421766e+00,-3.247502476030566854e+00,-1.928170486279797979e-01,-2.433085016686737934e+00,-7.720619093344666339e+00,1.081958721554885594e+00,1.045055325474255836e+00,-3.134213241457606713e+00,-2.171298317318105242e-01,-2.513460090788815826e+00,1.160981208367474515e+01,3.316170322012530036e+00,-2.651857091442162417e+00,-2.156794518117457482e+00,-1.160464825481473339e+00,-4.391397693323781048e+00,-1.710052838412327247e+00,-3.979124506062043043e+00,-9.596850844254197099e+00,-3.361059830397191139e-01,-1.399992959267446269e+00,-1.302623772740216168e+01,-2.525208284379395707e+00,1.409500435297610821e+00,-1.215092646277999178e+00,-1.194977386505541439e+01,2.151810488353045780e+00,-4.361238629648134246e-01,3.635064953898617723e+00,3.675799449364277049e-01,8.727227281226853650e-01,5.308100492844312512e+00,2.494533127198307998e+00,-1.012776181884006643e+00,9.563745391655265493e+00,-3.364606300070564604e+00,2.330569773410083201e+00,4.710360195091720215e+00,-4.911824581948116553e-01,3.261940922871392257e+00,4.228298203175014258e+00,-9.588067461428567029e+00,-9.536758937505902978e+00,-4.269118597929070447e+00,-1.205655675065223087e-02,-1.591501128889624583e+00,6.667406425840003870e+00,2.065912994115110202e+00,-1.101003588646705555e+00,-2.765175736444231425e-01,3.521180620363844938e+00
1.815345922175429560e+00,2.165616415224483671e+00,0.000000000000000000e+00,7.533823588116407954e+00,-4.555864149116730211e+00,-1.036281075303513211e+00,-2.052755674292702448e+00,4.200429954488861028e+00,1.801323021568938199e+00,-2.518720282370780161e+00,6.209383165915419722e-01,6.072999286672887465e+00,9.937908998209657341e+00,6.731337547572532110e+00,-5.460685737742195789e-01,-1.076916060470758163e+00,-1.242748898320997331e+00,8.088134786452008118e-01,4.229558082724437895e+00,7.135184567464235572e-01,3.237367912326726271e-01,3.328444406595963301e+00,5.430978755918838274e+00,9.383131594440252687e-01,-1.780508495511380351e+00,1.148604812835778421e+00,8.730455131401846813e+00,-3.322849476531570811e-01,-6.325314346026111423e+00,3.179508394518143710e+00,8.491177152599982847e+00,9.976509595286081833e+00,-5.221608714080268498e+00,-2.538496499841717657e+00,-1.291799551653934675e+00,-7.651479396095592023e+00,-3.367785167929714607e+00,-6.556231847890281017e+00,-3.764311624185382676e+00,-4.695512407265082011e+00,-1.116090237281995412e+00,-4.959346662060967192e-01,-2.005610979418835704e+00,8.738729983286587455e+00,4.504568116634116715e-01,-3.626401645024205589e+00,-1.484258168123963273e+01,-6.052525736868331840e+00,-3.768907888167913889e-01,-2.544461750329256589e+00,-3.194156047190229497e+00,-8.625513958362033273e-01,-8.882947211462804304e+00,-2.045126975550659143e+00,-3.343378064967970076e+00,2.238678518489029656e+00,-9.972843926536402392e+00,-1.227397803565616563e+00,-2.814479849402192757e-01,1.045342071138515117e+01,-6.095545439534781895e-01,2.527903861109245032e+00,2.005256889945719045e+00,6.460283540477953501e+00,-1.890858333328540031e+00,-4.647900267575970190e+00,-6.930973532592617836e+00,-3.956862279795876347e+00,3.451062518753414299e+00,-1.731734448145850980e+00,-9.122182748263035990e+00,-8.186072893303908415e+00,2.359902242101304282e+00,-2.772352077466657239e+00,-5.035927136831510609e+00,8.129800348170159729e-01,-1.246849323473638860e+00,3.078252925538090157e+00,7.557846230033271606e-01,-3.161824713813480292e-01,9.522683980872720388e-01,5.061363874841426025e+00,-1.570248451610356089e+00,8.264030174521481698e+00,4.599608507774544108e+00,4.393393330906230076e+00,1.222653854130405726e+00,-2.658974246383231321e+00,-7.901327872534957386e+00,8.095965037353408889e+00,-8.273651220153690033e+00,-2.616642231248266892e+00,3.764585502148410701e+00,-1.138624196520353138e+01,3.099323125663496992e+00,4.133265837153571098e+00,3.874724861888048988e+00,9.378128752445261895e+00,2.122347797500992339e+00,2.142828800365980335e+00
6.861260780763323019e+00,-2.219906404257588672e+00,7.533823588116407954e+00,0.000000000000000000e+00,-7.972919586044030282e+00,-1.100724433553208570e+01,-1.081743500220579968e+00,-2.639860525241831901e+00,-5.888047173395959177e+00,-5.012113580019035286e-01,-4.821570139833255553e+00,-1.457740145602899551e+00,1.452489911898634745e+00,-4.566814062491395099e+00,-2.958679780022630101e+00,-3.899396631993480078e+00,-8.610785039849263356e+00,-2.965672918000348712e+00,-1.328452729497921858e+01,-6.082820387021071973e+00,-5.760165094688030507e+00,-5.619115626977427169e+00,2.058147555936630790e-01,-4.350791769983400670e+00,-1.605591485770656845e+01,-9.837393039818508322e-01,-3.172065737845269240e+00,-5.084152046078851406e-01,2.480532855378780877e+00,-5.310009811071620511e+00,-2.617758227108848423e-01,4.960065631241593387e+00,4.194980151258501877e+00,-3.694849791044658716e+00,-5.710097093749188168e+00,-3.752015990790794397e+00,-3.177416366205438880e+00,-1.385478746382909909e+00,8.201835078888018993e-01,-1.149557406047657215e+00,-1.419331223012631690e-02,-2.186120616394862548e+00,-7.192553931261157274e+00,-3.819103686559649491e-01,2.115710428251383335e-01,-7.498799771710446649e+00,-7.640175756380965244e-02,-8.111456214252697805e+00,-2.257269696461893016e+00,-2.249777056447793022e+00,-8.142881432592030677e+00,-3.593721372644058221e+00,5.467574868045557146e-01,-1.274081425515374844e-01,-6.167662934319391610e+00,-1.066790162103183981e+01,-3.223119678411646927e+00,-6.541517453211165289e+00,1.913585104500238110e+00,4.882298215493078963e+00,-3.893787406187655620e+00,1.769349514719956495e+00,-8.473832127555110949e-01,-3.204243320923250593e+00,-3.735244115221075578e+00,-5.516129086995688269e+00,-1.895028235608341660e+00,-1.025204638659885248e+01,-4.138013565328435561e+00,-5.274257534753022725e+00,-6.477767956563674545e+00,-3.048099659118356453e+00,-9.169390260396235171e-01,-1.462172924238626992e+00,-1.104898349188342976e+01,5.023512775237862549e+00,-2.919071521191107799e+00,1.388851837722413274e+00,6.631148960063966591e+00,7.723934683703244986e+00,-5.035308522809689435e-01,6.870455208383116741e+00,1.834662926452590881e+00,4.744769709058461515e+00,-7.805480989165776151e-01,2.884985613543196159e+00,2.997791813210767042e+00,3.249115835882441794e-01,-2.796712516208408328e-01,4.016154302425020362e+00,2.612903738729248637e+00,-8.018685783212623264e+00,2.696554785957497646e+00,-3.793072345450406058e+00,4.820039238030061846e+00,-5.951221151904174000e+00,4.628608286122068094e+00,-6.276603568185677773e+00,1.396775940744482414e+00,-1.167780913589611780e+00
-6.824104333691670909e+00,7.933873001701000627e-01,-4.555864149116730211e+00,-7.972919586044030282e+00,0.000000000000000000e+00,-6.803967567507419600e-01,8.059244000987535017e+00,-1.877935751415281407e-01,2.292257711706824352e+00,-7.949486024578217958e+00,4.121349751369243641e+00,1.024785197709545415e+01,3.354824825967372082e+00,8.653932932402976785e-01,-3.928477597323471571e+00,7.150814970870772669e+00,-4.669199875103479336e+00,1.675825309769198634e+00,-3.749419266906891757e+00,-9.708693180887262741e+00,1.334807631872295230e+00,-1.121689540903889615e+00,2.106917202068060657e+00,4.296763932499985117e+00,-9.048844376735061701e+00,-2.745763079181820387e+00,6.164680156260354593e+00,4.453362360294986999e+00,-1.441294530964270404e+00,3.671491951209900906e-01,6.340719459134716018e+00,-7.993252887168655896e-02,7.777641531817907072e-01,-8.234279369445694385e+00,1.753076207912922735e+00,-1.746473118941060276e+00,5.289347643920788933e+00,-1.918125369070807773e+00,-1.362991034507541332e+00,3.017903161420712799e+00,3.934612722495471449e+00,-4.191396653999026611e+00,-3.569396746683199950e+00,7.477491744331067558e+00,-1.393253956408864846e+00,-5.217802701729935322e+00,-5.282860350846982023e+00,-3.342885546073601333e+00,7.938595122744033006e+00,3.710724931273441829e+00,2.148800710422529292e+00,-3.003154128611189577e+00,3.536207296858883353e+00,4.268940033113850951e+00,3.176214645517214219e+00,7.076033669103081181e-01,-3.623343605516052834e-01,-1.409841650540047731e+00,2.287195381927213500e+00,-3.012348374666351525e-02,-2.729533780347463523e+00,-4.453313146892218022e+00,-3.067661162546165610e+00,3.507377266832846230e-01,-5.084913644370852026e+00,-3.739990253611675364e+00,-1.632101050691147526e+00,-3.880290971825552937e+00,3.080685067696052215e+00,3.047395274684198352e+00,-5.846951805309703154e+00,-1.055708193152175678e+00,9.091965128595658641e+00,5.237547885429014727e-01,-5.843635264381490835e+00,-1.554854322891865648e+00,1.221027679842906366e+01,-1.605947054900459081e+00,2.021649001896485554e-01,1.983347155539120221e-01,1.463334181634059927e+00,4.088252108713485100e+00,-3.685022586524128396e+00,8.691944619248882731e+00,4.359332531395250676e+00,-2.504212518220966466e+00,6.166848546386762386e+00,5.361771265777051987e+00,1.269678615608082595e+00,-2.035390144339337404e+00,-5.058203660189746209e+00,7.315144433681474823e+00,7.535182104453250318e+00,8.442388427264858608e-01,3.146811424883290353e+00,6.336961963325197900e+00,7.239824160000246422e+00,-3.357748638454588708e+00,6.948114580900977444e+00,2.098101252866951150e+00
-5.902385235144192777e+00,-1.492881694392830472e+00,-1.036281075303513211e+00,-1.100724433553208570e+01,-6.803967567507419600e-01,0.000000000000000000e+00,-1.773661592530817455e+00,-6.887494992324936227e+00,2.638782333052108742e-01,4.807249741197184290e-01,1.549279900326204107e+00,2.547915924634109430e+00,3.319865866882042993e-01,2.252213943813182517e+00,2.721337805327967541e+00,1.798018661112318384e+01,-2.854748423168289584e+00,9.532253557999970095e-03,-1.411156663711694392e+01,7.465775776295205945e-01,3.588446888759226461e+00,5.891524542226912686e+00,9.962105535120638899e-01,3.015119225441279305e+00,-2.411580385160582374e+00,2.915840536648887316e+00,2.426231526891229784e+00,7.128149838282524797e-01,3.169848672624791419e+00,3.084498523839712014e+00,4.761205994010028197e-01,4.269045459832775391e-01,1.416765251338716780e+00,-1.186077686078236759e+01,-4.030478196231937815e+00,-4.729864932040094061e+00,-1.809468563289566845e+00,-7.435733561688150139e+00,-3.904415379674450293e+00,4.493823601567571657e+00,-2.134100186646089803e+00,3.940474792669841797e+00,5.040888625998332651e-02,-5.431868708342169505e+00,-1.249468812480857949e+01,-6.116368448589192930e+00,-1.497969507974004522e+01,-9.198795756058618656e-01,8.806114391900408123e+00,2.716530278613662031e+00,-5.758994335772595896e+00,2.349171208442235592e-01,4.710732145151034223e-01,-2.333017933619699669e+00,4.290867396683063717e+00,-3.949184236733469522e+00,3.124633934649378109e+00,4.661844060375310406e+00,1.208800641679403043e+00,4.324434908359318541e+00,4.110968573532565173e+00,1.190185192598096409e+00,9.694241937522840580e-01,-6.158527887267972734e-02,4.946748934875313530e+00,2.433115591632006414e+00,-1.046074683490126667e+00,-5.486740362713125485e+00,-8.621417346675334104e-01,3.432160091653929435e+00,-1.347811016757293867e+00,-2.590593209006584630e+00,6.509378999951851430e-01,-9.963635167162641082e-01,-5.529476475830447768e+00,5.604524115850003874e+00,5.418217140909875162e+00,4.962016967372470333e+00,1.474373905816062758e+00,-9.871123563348877639e+00,1.183708420724121702e+01,-4.659496535166359976e+00,-1.840152265756824335e+00,1.682699750251944959e+00,9.484173448600202505e+00,2.372162924449254806e+00,1.224005877894665772e+01,2.726789594594231758e+00,5.241479838327500751e+00,4.214213919560531707e+00,-7.457320342037498939e+00,-9.726339352167046037e-03,1.914097787728135769e+00,2.805280888753212687e-01,-4.976467153635424356e-01,-3.604015899348736340e+00,1.019277038301778049e+01,6.611934295053185195e+00,4.024150771509662050e+00,2.548084730862023140e+00
6.828499922448655113e+00,8.860719417670013698e+00,-2.052755674292702448e+00,-1.081743500220579968e+00,8.059244000987535017e+00,-1.773661592530817455e+00,0.000000000000000000e+00,8.786781145422459804e-01,-3.225814420445641595e+00,4.533009129825253503e+00,-3.493311193412693694e-01,5.362285114391061036e-01,-5.696288080192714709e+00,-9.904363371027984364e-01,4.145758966895393804e+00,-6.870179939160676597e-01,-5.248853411956583948e+00,1.321680972461592596e+01,-5.214559864611424622e+00,5.787032496278405880e-01,-1.294664667005321013e+00,-9.411961268992041774e-01,4.493308113695663408e+00,-4.556495396143913190e+00,-4.468562514694581544e+00,4.971323719015882658e-01,7.771014415602967018e-02,1.733842964574088930e+00,2.458634839497048308e+00,1.422191886514579018e+01,2.378321065076788088e+00,4.740602830994285810e+00,-1.843946296328755841e+00,5.509584524736166777e+00,-2.755658646155244806e+00,-4.256090669707978336e+00,-1.157011914677759323e+00,1.645089171888596713e+00,2.364841443401271448e+00,2.435739318053742331e+00,-1.942558334484607796e+00,-6.176940892881936485e+00,5.176788442261661682e-01,-7.989363892992131788e-01,-2.490341957417269825e+00,1.203031142122854280e-01,2.735226791679150171e+00,-1.247482764564690205e-01,-5.917358881264831005e+00,-9.981014336807022547e-01,-7.967745032062137911e-01,-7.377482208999454727e+00,5.247454148479310909e+00,-1.300245149480253204e+01,-4.884313982322520120e-01,-8.015158451557485852e-01,2.057964256067877695e+00,-1.916833502769662356e+00,-3.001986215842006089e+00,6.340541336382528037e-01,-4.464576650554476167e+00,-3.525103738045455959e+00,-8.177148495437207565e-01,-2.680531405782907495e+00,1.756371266187089608e+00,-1.238555400461396561e+00,2.219406912069856741e+00,-1.380501878052555531e+00,6.539186610313797665e+00,2.573333178917739938e-01,-4.262282350585441471e+00,-5.099787105584810298e+00,1.163770309037557737e+00,5.052370589090028341e-01,-4.043989400393227740e+00,3.638278152600819659e+00,-3.726609551712170898e+00,4.910681375864034415e+00,1.482843349077169526e+00,4.696054464044868482e+00,3.658460555162127981e-01,-2.782007840789858300e+00,9.157347509297730781e+00,-2.407256281511931939e-01,2.573892530577820636e+00,-5.245564190086871470e+00,1.035592083306080990e+00,-2.202571412843645771e+00,-1.222129001102576495e+00,3.434702235299477824e+00,-7.758781811243500748e+00,1.367333711604302948e+00,8.290278669998899730e+00,-8.907363930105962169e+00,-1.026763046559853176e+00,6.562414948441538165e+00,-5.141963466908725522e-01,5.593135026563489376e+00,-3.077159863534407513e+00,-5.913983827783283687e+00
3.967297812411331392e+00,7.727281172239723439e+00,4.200429954488861028e+00,-2.639860525241831901e+00,-1.877935751415281407e-01,-6.887494992324936227e+00,8.786781145422459804e-01,0.000000000000000000e+00,-9.934885614581118185e-01,-1.719321980345049461e+00,5.702417315125297925e+00,3.041188595664084948e-01,3.592269028721897683e+00,-6.187471486826633393e-01,-1.359803757784706191e+00,-1.407554520183203595e+00,2.859079823551771593e+00,1.400948050524320587e+00,-1.346694356884847732e+00,4.083633490532424304e+00,-5.870631806498899152e+00,-6.523696498553661627e-01,6.298592942403635320e+00,3.532844507867126671e-01,-1.935363478916841684e+00,-2.920380615030809590e+00,6.261514914488749639e+00,-1.943755741667320680e-01,-3.339993150055220017e+00,4.621770328377672321e+00,2.830057351342649241e+00,7.420136712371795618e+00,-2.105861099216971066e+00,-1.293352653115987794e+00,-5.508000295965229220e+00,-2.815902348178938919e+00,-8.920197275274560411e+00,4.876432321648796808e+00,-2.286796225032582175e+00,-3.717704282331214305e+00,-3.824540846422866736e+00,1.857182888487994177e+00,-6.095858968324183280e+00,7.430611111318656814e-01,-3.598953694450953922e+00,-4.391812472930225475e+00,-6.031447592156960802e+00,-5.463052119898299530e+00,-1.417998086616897968e+00,-3.616376260676393173e+00,9.582367577021149163e-01,-1.493977627916509343e+00,-1.025411867096330143e+00,-5.414929740048268769e+00,-5.963438246989316127e+00,-5.699265470384748511e+00,-1.317994091394704581e+00,-6.021690728193737741e+00,-3.166710404396445022e-01,1.061363860676985738e+01,-2.883961178534483416e+00,-1.883785404795713436e+00,-8.409631115257980127e+00,-2.090293634740564066e+00,2.715771996819272616e+00,-9.188912785052725241e+00,-3.741824280759187271e+00,-7.166878737060582427e-01,1.268690069291665345e+01,3.645123641370375811e+00,-6.487905083399075679e+00,-6.502436933884976789e+00,6.490338464931661555e+00,-1.104869687700998027e+00,-5.338581748680750749e+00,2.213605758885024422e-01,-4.677012718185460827e+00,-8.115625476247176895e-01,1.122531610386671819e+00,-1.936458314589631247e+00,5.222136291485240278e+00,1.326272997474713833e+00,-8.912539531500373036e-01,8.687031189467923298e+00,-6.922501850719621430e+00,6.104783802644584867e+00,-1.623712336327313155e+00,2.578844090156663604e+00,-1.577636025530943842e+00,6.394578331406540528e+00,-8.927683869631604097e+00,-7.559080925636363801e+00,4.673146914987698963e+00,-4.774721518666128262e+00,-1.894901281443855057e+00,3.345440205935130251e+00,2.962640658090673451e+00,8.942272597146232016e+00,7.476436025062564106e+00,2.611075199457919549e+00
-1.340919221651864746e+01,6.017867238354901893e+00,1.801323021568938199e+00,-5.888047173395959177e+00,2.292257711706824352e+00,2.638782333052108742e-01,-3.225814420445641595e+00,-9.934885614581118185e-01,0.000000000000000000e+00,-4.556683262594745654e-01,1.976355001405684098e-01,5.668501761469584288e+00,8.948288519360618309e+00,7.021349585933171156e+00,-5.997257096879773375e-01,6.913891843735205711e+00,-7.760297553789614611e+00,5.558086473812321238e+00,4.217070339275060142e+00,-2.514932232682365765e+00,1.504251716536818551e+00,3.257844208849387080e+00,2.089336945775429388e+00,-2.507455471621737431e+00,2.587155699223718130e+00,-4.057636013530321328e+00,7.993182826012834141e+00,2.147658731665036402e+00,1.270786630699599906e-01,4.184782629422050704e+00,2.363288227003795816e-01,5.764749374799830184e-01,-6.489074453389827468e+00,-2.800019894901735640e+00,4.110077594061713135e+00,-2.299875965982943082e+00,4.375655744187896268e+00,-3.400115713153932351e+00,-1.160829778817312086e+00,1.416748079281153760e+00,2.321975312367243749e-01,-1.938522154678065768e+00,-1.594559386630190367e+00,1.409002935555279201e+01,9.944266448987714169e-01,5.651376305572610725e-01,-1.586002770096364589e+00,-3.202182682565232419e+00,1.005587730103742850e+01,3.844981213898464922e+00,3.507560967657357587e+00,-1.366672888005125097e+00,-4.042993768328930315e+00,-1.667333083898403290e+00,-2.138779304337365517e+00,-4.998905150917632767e+00,2.654360355767936053e+00,-1.358990273411303962e+00,6.509670861656253749e+00,1.826876915259586953e+00,-3.918506490992315072e-01,-1.669019116303680494e-01,-3.443357325998352536e+00,-1.512944034085122791e+00,2.459035811777043445e+00,-5.319286320432795812e+00,-3.172560191654718142e+00,-1.514167511834136670e+00,1.906112225401011218e+00,8.244825506872450305e+00,-4.364406022032053301e+00,-7.180486417314863035e-01,4.117719122421491740e+00,5.904426683405264775e+00,-1.925423577235463757e+00,-6.984371291195224929e-01,1.109906588609960210e+01,-5.868205447074658743e+00,1.034299490493644447e+00,-3.637341757313188761e+00,7.068120062508582713e+00,8.267446054087885798e-01,2.395923279188704735e-01,3.767297374686350064e+00,1.663787643117499160e+00,-2.265043515086533787e+00,1.053917434301929568e+01,-2.735419170473795791e+00,1.797508278290803618e-01,8.125076583844430544e+00,-9.422593183896745828e+00,1.922200396311412263e+00,5.432651322707044983e+00,4.804590233530682042e+00,2.607533223889707319e+00,1.395374653898738515e+01,9.159648489904503421e+00,-4.515533105378646717e+00,5.554397295822028013e+00,1.222481804631778957e+01
-4.378631546257619966e+00,-3.339767234625188763e+00,-2.518720282370780161e+00,-5.012113580019035286e-01,-7.949486024578217958e+00,4.807249741197184290e-01,4.533009129825253503e+00,-1.719321980345049461e+00,-4.556683262594745654e-01,0.000000000000000000e+00,-2.496623564390050287e+00,-2.126612360730338214e+00,8.036428533350871817e+00,-6.429114240544739900e+00,-2.341356178336286398e+00,1.328090355118132138e+01,2.796767083563055589e+00,2.509527511010824163e+00,-3.495859386317886397e+00,-4.119687622449764497e+00,-6.681691311270705924e+00,8.258129876017719084e+00,-2.863416831632252801e+00,-7.364980912610916697e+00,3.763563188605298926e-01,-1.422780499772764995e-01,-4.455110291800386868e+00,-2.861449426531284423e+00,-6.321531175204269104e+00,-1.135410456857136152e+00,-1.720632753625394695e+00,-1.665288267948646261e+00,5.206138934821178843e+00,1.204148991760044751e+00,9.104754990900650213e+00,2.807344568162414511e+00,3.823689775251293277e+00,4.337024528818355762e+00,4.140948135913555817e+00,-7.319008484088943334e+00,-7.081698333373261933e-01,4.707505402721776200e+00,5.777015890924144692e+00,3.482656438458083592e+00,1.473060561628908305e+00,-1.141450415729666723e+01,-1.843009024151622377e+00,7.767069484656587086e+00,4.451622899892373475e+00,-3.215857333312402755e+00,4.640666278673177381e+00,-5.851683867145691664e-01,3.154063055894255285e+00,-3.255058860998888637e+00,4.515238819045046981e+00,-6.075938214929508696e+00,8.454939626214361681e+00,4.753308692801354596e-01,1.276856981903558230e+00,2.198870059046559522e+00,2.903293790046522993e+00,6.848438488215790265e+00,2.314508729698522504e+00,-1.224655144301142862e+00,6.601175804684705106e+00,-7.507499730298391682e+00,2.866126341970926639e+00,-2.019019972670230256e+00,9.461132747777892149e+00,6.829636158323716622e+00,-3.304289387200900929e+00,4.910510787701674928e+00,9.175901879442700526e-01,7.334065351322561988e+00,7.719359379367654039e-01,-1.821379195897436354e+00,8.872545113348015988e-01,2.592465459363132996e-01,2.500832851555251146e+00,-4.135136511629799116e+00,3.282725120785997319e+00,-4.709128987265136068e+00,4.318982412595122611e+00,-2.503361666284681153e+00,-5.078154468631855600e+00,2.779654093378201019e+00,9.379732756001786242e+00,-3.192671577241849246e+00,1.075534934710919899e+01,7.277605197158425909e+00,5.194569297075823933e+00,5.331063572580970522e+00,3.688359670493470244e+00,-5.134301316698860695e+00,-3.846645981235417011e+00,5.828071269200567173e+00,-4.127970095556295904e-01,9.352190222921697327e+00,6.551919113878629020e+00,6.017261254512591861e+00
5.378626437149526041e+00,1.456962753959188506e+00,6.209383165915419722e-01,-4.821570139833255553e+00,4.121349751369243641e+00,1.549279900326204107e+00,-3.493311193412693694e-01,5.702417315125297925e+00,1.976355001405684098e-01,-2.496623564390050287e+00,0.000000000000000000e+00,-4.261039902024121417e+00,3.606640148209567354e+00,-4.281969957025535400e+00,-4.557928159130806733e+00,-2.518336241865569036e+00,1.386889202736451665e+00,5.849507742098008833e+00,-7.880835662014375131e+00,9.838250481678735282e-01,-6.565498602040445775e+00,-1.956089302329902413e+00,-1.080441504376000061e+00,-4.972881903638215029e+00,-4.557834278325951338e+00,-1.480216596495232295e+00,8.151002537352516342e+00,1.040767054887349374e+01,7.337365154829606162e+00,-1.143245910665936060e+00,-1.249212482936443713e+00,-2.233079370736442471e+00,5.720266693235231514e+00,2.526440743728093796e+00,3.643485236105171055e+00,-1.143277093839240699e+00,-7.060589553235550042e-01,1.877803267011164623e+00,5.924551439374059481e-01,-7.060624817042976176e+00,-3.317819027563380097e+00,-7.465921348369422006e+00,-4.200672148984780918e+00,5.744337210090014523e+00,-5.961266476621564225e-02,-1.388842135397152955e+00,8.242971069107680293e+00,-5.260040636560303184e+00,7.440479279308337190e+00,-1.216855299651277456e+01,9.944356815115952264e-01,-7.352111259438474100e+00,-7.620300849209447058e+00,6.344843970875873929e+00,-4.201823696506969519e+00,-5.244233735273259311e-01,-6.297767999607547296e+00,-8.106731558953191197e+00,1.441602271097782939e+00,-2.830861676151165129e-01,-8.311612228337079245e+00,-8.148106374779546357e+00,-5.722992929746703261e+00,5.119218259951163752e-01,-1.451289156030259431e+00,-9.343420433776657319e+00,-7.388987411886922096e+00,-1.421366673179721829e+01,-2.661798078360956943e+00,4.332696140023509557e+00,-8.705128300147453757e+00,3.206438577085449548e+00,-1.106571899439816598e-01,2.290268489960718412e-01,-7.300135534115749891e+00,3.575784857507615100e-01,9.211446718595107441e+00,7.855827846568493866e-01,7.726130997118274557e-03,-1.091108529016437600e+01,-4.394938270871245223e+00,-2.898242287666850547e+00,-3.728670187507142408e+00,-2.355249204468024882e+00,-5.118050384850536538e+00,4.767889964610873221e+00,-1.808847560770125762e+00,1.196097140687898852e+00,3.615298218758287163e-01,-4.757825937451765075e-01,-8.530228865891830381e+00,-7.766790476979147151e+00,7.846650567557047040e+00,5.153135405124149582e-01,3.784472491677172368e+00,1.387947582287179848e+00,-1.108871605037407448e+00,5.024533055115715463e+00,1.086047051640043648e+01,-1.205507553472372351e+01
3.986723418627475812e-01,-2.229328488325120539e+00,6.072999286672887465e+00,-1.457740145602899551e+00,1.024785197709545415e+01,2.547915924634109430e+00,5.362285114391061036e-01,3.041188595664084948e-01,5.668501761469584288e+00,-2.126612360730338214e+00,-4.261039902024121417e+00,0.000000000000000000e+00,9.309544807858722848e-01,7.810122439864267463e+00,7.960273849304696725e+00,5.447031468365847395e+00,-9.601418653154965455e+00,-3.228700487298195476e+00,-1.144606641597520458e+00,-2.411188764368756399e+00,-4.771001007560169427e+00,-2.453425709331684690e+00,-3.459488105942517544e-01,4.073658840878529475e+00,-3.698941887179997501e+00,-5.043795765650155971e+00,-3.386990457334564830e+00,5.707018167258405938e+00,-3.949102277275041928e+00,5.111974792896635478e+00,-2.661090200236306824e+00,6.805695060958457887e+00,-4.355233802383360775e+00,-4.830090790518485555e+00,-4.414609052916609322e+00,-1.262670101891336882e+00,1.625424968401167902e+00,5.082844682120433610e+00,-3.224737188411832989e+00,-8.767437160483115832e-01,3.819637242772241592e+00,-2.469056879084760681e+00,9.813396641236694640e-01,2.428877134101676827e+00,7.452411029649027574e-01,-5.442151587050272354e-01,1.142189712102307686e+00,6.848206556148008772e+00,2.161759524361878348e+00,4.740707835869208076e+00,3.167299376768632602e+00,-1.011708652163271438e+01,1.621134635079900521e+00,-3.016448485602605700e+00,-3.346249917092660286e+00,-1.098429663229923037e+01,3.885357882915009498e+00,-4.127231211019700474e+00,-4.957177459751252790e+00,-4.767313263738146567e+00,-7.363931971547081012e+00,-6.462146814580044252e-01,4.691627042787348323e+00,6.760485564240503287e+00,-3.070005181533968397e+00,6.664718708974580963e+00,5.834354005498155971e+00,-4.299578399692379094e+00,-1.128981128546254986e+01,3.130394837782582762e+00,-6.572245446358456533e+00,6.950459590732586790e+00,3.165452714238154552e+00,-3.076195227894798379e+00,-1.404234738029823149e+01,-8.480455199855529980e-01,-4.485939135600585104e+00,3.319394523494890503e+00,-3.110133971774290185e+00,-1.849874593528429423e-01,-3.777770894512438637e+00,1.622476641873902725e+00,-2.127201520684735669e+00,-7.280036184770538599e-01,-1.038488588433948223e+01,-2.635846294342032881e+00,1.335076267703352304e+00,-1.303424370043226643e+00,-1.429801716423800828e+00,-1.153141165588760586e+01,-3.167749764142444580e+00,-4.971279127881608750e-02,-2.723611943848883499e+00,6.976769380281733213e+00,3.181998229493048669e+00,2.513541787716875309e+00,-3.867508620255443397e+00,1.661182433768594091e+00,1.413896318827866372e+00,1.264954188556753678e+00
2.967564618331028914e+00,6.571065224617469447e+00,9.937908998209657341e+00,1.452489911898634745e+00,3.354824825967372082e+00,3.319865866882042993e-01,-5.696288080192714709e+00,3.592269028721897683e+00,8.948288519360618309e+00,8.036428533350871817e+00,3.606640148209567354e+00,9.309544807858722848e-01,0.000000000000000000e+00,-8.943267000911204079e+00,-6.612959093974387415e+00,1.543274864936453827e+00,-9.746736017838514954e+00,-8.355680778274669152e+00,-5.616461119828192849e+00,1.417573028527982615e+00,-8.160997608186404406e+00,-7.727794789165527867e+00,-8.742477390607490406e+00,-7.314018154571233943e+00,-1.285473066040301937e+01,-2.517084207435945409e+00,-2.700005417609696590e+00,-5.044475362340341107e+00,7.149767572364631896e+00,-1.038371894077960533e+01,-7.135101396734626622e-01,-1.009589004151153979e+01,-3.180067512962947873e+00,-9.150367461087583365e+00,-7.620397051252028930e+00,6.814250558577593431e+00,2.301720852616518265e+00,-1.304631465557714876e+01,-7.293776510992026063e-01,5.978599760458088497e+00,-1.832959677390173070e+00,-7.371270300890259364e+00,4.433089297203299251e-01,3.774404081494499685e+00,-2.086454801029748296e+01,3.499146495982266014e+00,-6.078171250559478267e+00,-1.197162366357935070e+01,-6.503654537098152444e-02,-6.704260852546159555e+00,-9.019380770905167211e+00,-9.840856286746044290e+00,-2.891073328147754307e+00,-3.438627625631101914e+00,-6.095370718499690810e+00,-2.084298440318729018e+00,-1.049462718848733545e+01,-1.296662976250014587e+01,-7.537752799899472222e+00,-9.702480227783047084e+00,-7.595201817795039112e+00,-6.462615648571191640e-01,-3.629774932599906023e+00,-5.439454746842130817e+00,-1.371181681117262519e-01,-5.004139485225041817e+00,-9.830566198571135672e+00,3.460991158152444847e+00,-1.232707682662497284e+01,-7.011798113728624493e+00,-5.523326567407849552e+00,-1.141322246521524519e+01,-7.626399222049503379e+00,-3.651637872289971387e+00,-7.400841746612750072e+00,-4.567753622074088860e-01,2.403018323969238423e+00,-9.795861427751704653e+00,-2.526847486384810715e+00,-3.883371775800637415e+00,-3.328244861934085641e+00,8.738996975297959935e+00,-6.210449021899501432e+00,-3.031574004483800211e-02,-1.051804477146240657e+01,-4.679938683634803809e+00,5.996649538602321527e+00,2.772777076087878712e+00,5.087042511479055840e+00,-6.315068996085632769e+00,-1.133810359363665832e+01,1.573729069422354465e+00,-2.380539459850992134e+00,7.386970846438747351e+00,-7.508335092453513937e+00,-5.196068925527702831e+00,-8.934760270447423824e-01,-4.445573311874313482e+00,-7.233524147694765372e-01,-7.295113683441347696e+00
4.646282687019126501e-01,5.651355108033454755e+00,6.731337547572532110e+00,-4.566814062491395099e+00,8.653932932402976785e-01,2.252213943813182517e+00,-9.904363371027984364e-01,-6.187471486826633393e-01,7.021349585933171156e+00,-6.429114240544739900e+00,-4.281969957025535400e+00,7.810122439864267463e+00,-8.943267000911204079e+00,0.000000000000000000e+00,1.916191734471365038e+00,3.908674435627677912e+00,-4.047780402303618352e+00,-4.377275032711580582e-02,-1.412816822473435208e+00,7.067687434491618959e+00,5.236721509451787604e+00,-2.517169082617926268e+00,-3.104421975649147569e+00,-1.116372001894215948e+01,-1.325125118277478808e+00,-5.111881369100352401e+00,1.409959303935376607e+00,2.673974759160463455e-02,4.410340843771655805e+00,6.714590136464770431e+00,-1.190376860916488200e+00,-7.854610405982086263e+00,-7.698560205324673333e+00,-4.149038361545648534e+00,-8.890642982502920955e-01,1.841912862632311132e+00,1.053405098859703681e+00,3.841079722790100570e-01,-2.034961195623769203e+00,-1.999682780439439700e+00,-7.448347899365975744e-02,-7.789093010208602230e+00,1.860055986052493449e+00,4.034775163760374816e+00,-3.863269035044144761e+00,4.042201431210223461e+00,8.193278080929078389e-01,2.963468843229919436e+00,1.199112636724951031e+01,-5.446937244970281533e+00,-3.781952350111851824e-01,-4.154637847062554457e+00,-8.584495145506318980e-01,-9.248582259695838914e-01,-3.200808912565088260e+00,-3.580691804139904733e+00,4.385050256826628967e+00,-6.743844699533021014e+00,-2.070870055863791581e+00,-2.435781250167233569e+00,-2.078003680832795297e+00,2.466468079207654984e+00,1.359588396738838467e+00,-4.681368773645285253e-01,1.097868277099557410e+01,3.192101626763478528e+00,-5.567113565734920222e-01,5.761006943526361113e+00,4.342210397850388981e-01,5.134708956819979520e+00,3.725738150695337314e+00,3.948704796166767839e+00,2.613406636233631897e+00,-1.080022592313296226e+00,2.759609386326163705e+00,6.746142110356753707e-02,3.859013807872967994e-01,6.810650613167273937e-02,4.072303014791788023e+00,-7.550947678574246424e+00,3.883556685907297190e+00,6.386639859459065427e+00,1.132284391208688845e+00,1.941034179637453949e+00,-8.557973135584122204e+00,2.735189995432548038e+00,7.418179864242055999e+00,-1.855472641861112049e+00,2.564677663265916507e+00,6.154553541707078246e+00,1.375222244495883928e+00,4.516163656821378103e-01,-6.050402210048228646e+00,2.872367389934403215e-01,5.285886877272689688e+00,-9.411836217421691853e-01,1.470406624132830409e+00,5.088869570849539947e+00,1.517486297918359384e+01,-5.759235076313382606e-01
7.949242958170790185e-01,4.421034612730583291e+00,-5.460685737742195789e-01,-2.958679780022630101e+00,-3.928477597323471571e+00,2.721337805327967541e+00,4.145758966895393804e+00,-1.359803757784706191e+00,-5.997257096879773375e-01,-2.341356178336286398e+00,-4.557928159130806733e+00,7.960273849304696725e+00,-6.612959093974387415e+00,1.916191734471365038e+00,0.000000000000000000e+00,1.205552575621463696e+01,-3.008783362409997331e+00,4.086619258578425118e+00,-2.644883797022303806e+00,3.609314649634747685e+00,1.730706972687505063e+00,-6.859892579144803992e-01,-1.107592766109669835e+00,-8.447573519444796730e+00,-4.909939039364217273e-01,4.332920243058121734e+00,1.532836268970485305e+00,-1.631565769480075367e+00,3.997700294292047651e+00,3.431335013550329549e+00,6.437637771978101497e+00,2.539417286828511422e+00,-3.794525897299981132e+00,-4.990816974687724006e+00,-1.424748974027449044e+00,-1.355783213519147878e+00,-1.541285054620225914e+00,-4.378565918387358202e+00,-3.471752560176523339e+00,4.003673147831789514e+00,2.564471414323838516e+00,-3.678541590756806201e+00,-3.769509211243537106e+00,6.197340775151288561e+00,-6.429570350815184909e+00,4.658089186299144702e-01,-2.274968858297804708e+00,4.037914886925630942e-02,8.127382627833922513e+00,-8.608136921655166418e+00,-4.181415059832402470e+00,-5.569127067602439141e+00,3.611305597040052273e+00,-3.595351085549301384e+00,2.205579419629640547e+00,-3.010783196978350951e+00,1.671513365210518520e+00,6.510798836516801247e-01,1.601437915459078321e+00,-4.418214813086104087e+00,1.822760577621533429e+00,3.916627803827110732e+00,1.668481588531706805e+00,-8.355787218727515064e-01,8.324385572094174179e+00,-3.719087090307899302e-01,-5.555755625537228681e+00,-2.214644229235943618e-01,9.238753325938411365e-01,2.718473762802728899e+00,1.153776232980878280e+00,-1.628965952744786838e+00,-4.521910877417786523e+00,1.867912027863934510e+00,-4.517137611573753375e+00,-3.623805039784653292e+00,-2.954493439613446348e+00,2.408464056323265656e-01,-3.752557213293052918e-01,-1.009314558370926429e+00,-7.559870428631795258e-01,4.562015679049132189e+00,-2.176100417989187630e+00,1.782563961398939023e+00,-6.068371863658240883e+00,4.663010537826944635e+00,-2.081263879450521437e-01,-3.680132522251805316e+00,-8.292383884018452278e+00,-3.023832714582886716e+00,6.436651951672647254e-01,-8.494265949265089599e-02,-1.610009842385913048e+00,9.017530510319897274e+00,-2.930311770223747447e-01,-4.139359613689262751e+00,-5.142083151474933445e+00,-2.060693550077653757e+00,7.559783506862750357e+00,-8.261676185478393108e+00
