0.000000000000000000e+00,3.815491221729043758e+00,8.076043341863353930e+00,-1.324864605006321305e+00,-4.617247979189369467e+00,4.463953044451486996e+00,1.860435504963422471e+00,2.537342130331092793e+00,5.192971086543117565e+00,-4.178104949190678319e+00,-3.357622031309701160e+00,6.913955214928733994e+00,5.094529832520869661e+00,-3.401610542019280370e+00,-5.426951178327178660e+00,-2.653416101145675832e+00,9.242783137743394661e+00,-1.277061700133443334e-01,-2.281779614182406934e+00,1.563409540419208321e+00,4.921712042406872989e+00,1.432073537399758623e+00,-7.160944815267727970e-02,3.717286409793673307e+00,3.451264832119502746e+00,5.700599325698315623e-01,1.976086251857503973e+00,7.513066400557120161e+00,2.098251884681381352e+00,1.340293999573789252e+00,2.158494290755339495e+00,5.777613530039729661e-02,-6.354176925621337624e+00,1.716997502047821755e-01,-1.294180726691608607e-02,4.228161535892812850e+00,-2.664032564768213707e+00,-2.650718752558779645e+00,-5.788901385524074517e-01,-5.670601838710448206e+00,-2.375535033787375738e+00,1.538876501203748637e+00,-1.327142767619067687e+00,-8.277484373061204437e+00,-4.133512778086529948e+00,-3.942502565675464865e+00,-2.299726727829815687e+00,1.154612231381060461e+01,3.622010642306568329e+00,9.684080181851775215e-01,2.653964788239399630e-01,6.530848928498117267e+00,3.871454381269471945e+00,2.078770678987446274e+00,1.001859483216433944e+01,2.084196377463310323e+00,-1.667534879562881267e+00,6.151221494959147940e+00,-2.444039313817365500e+00,-4.876739996441527003e-01,9.732387609532233697e-01,5.392852520548918172e+00,-1.204435368507317472e+00,-2.456114272297804213e+00,-2.758460809149221316e+00,-2.999817304411311891e+00,-1.307379941324914974e+00,-1.219814839716810484e+00,-2.234627066770479953e+00,1.718561128793016923e+00,7.053395318194805697e+00,-5.823318895377415094e-01,4.681307543006767879e+00,1.398105154098904235e+00,2.461018132912325962e-01,7.150350626404522458e+00,1.576914705586356380e-01,2.916274917924860599e+00,-2.994825558009481803e+00,-4.659045862790121895e+00,3.939609205212490028e+00,1.476198244560230854e+00,3.638171133283691905e+00,3.327627408141717869e+00,1.415207092401679390e+01,5.625959214982739987e+00,-1.516287971838696347e+00,8.563228285851478105e+00,1.695448262245037974e+00,6.480840369256616107e+00,-6.642856964078585946e+00,-7.077605267842741021e+00,1.939411119401160677e-01,-2.435781795094998703e+00,1.001735972784804307e+00,-4.028266737109774454e+00,-4.355092525791864233e+00,-7.041947263137323665e-01,3.031824942712070925e+00,1.847591189442062909e+00
3.815491221729043758e+00,0.000000000000000000e+00,8.837997924297072316e+00,-2.158490120297335224e+00,-3.430078927584388815e+00,-1.767910709095158017e+00,7.279845636530492214e+00,5.664881774755730959e+00,7.333762873653677516e+00,-6.875724752425775854e-01,-3.020792597850098016e+00,2.656076318575292916e+00,4.316764651251869367e+00,-5.168523869516969071e+00,8.513525729921734841e-01,-7.784949179423451548e-01,5.943922759370267705e+00,2.120061184781473873e+00,1.235705267485161851e+00,1.296309776623440602e+00,1.121583205717180398e+00,4.968602332531232513e+00,-1.351220986324036533e+00,7.309241743024814664e-01,4.027247385276736757e+00,-4.056109088921081351e+00,1.244865514970697307e+00,8.536122631533173077e+00,-5.992340850645142547e-01,-1.186476649488059421e+00,2.873034894482994872e+00,1.333649877099603032e+00,-7.522755713120577781e+00,-8.620361438265316423e+00,1.585403033001199780e-01,6.229563384871261711e+00,-4.277844573257014726e-01,2.773296406030595129e+00,-5.154466546624375534e-01,-2.999922397872590185e+00,-2.131590310474135386e+00,-1.630638967213715818e+00,-7.114432572565894120e-01,-1.521000767340887627e-01,-1.889241659170025622e+00,-4.211276057628591474e+00,-6.940261118667916840e+00,2.713040142917185982e+00,3.051539107311776355e+00,2.862277727203698774e+00,5.941730184652131541e+00,1.600784495047649969e+00,-1.256016847736131314e+00,-2.509031271419661091e-01,6.865485398924721316e+00,2.817437544974851438e+00,-2.077492666166991242e+00,6.628859987990423974e+00,7.461407118449708165e+00,-1.942838489589861384e+00,-1.124398639482293127e+00,5.106184255886454970e+00,-9.363081592901038031e-01,-5.337160731396074276e+00,-6.205014044855499122e+00,2.710836444744240195e-02,2.347716841827748535e+00,1.201330852063975163e+00,-6.409664493197269053e-01,3.764998530066451465e+00,4.173553774506602032e+00,3.298244616557610698e+00,7.989632329521365151e+00,1.191189241749363426e+01,3.156746470024009543e+00,3.384916939242264000e+00,1.959530226250447260e+00,3.431622184108381379e+00,-2.102720776403672165e+00,-9.450058203961877012e+00,5.923190421994309895e-01,3.935292527874551194e+00,4.846051629432322372e+00,6.404859835350471542e+00,6.708818511014555064e+00,5.376094208273601183e+00,1.812026410800707810e-01,6.597097945754629933e+00,5.762022405228430344e+00,3.133827585162130447e+00,-3.648176789756235827e+00,-3.013906931287062552e+00,6.318669076168244914e+00,9.025594230305991061e+00,3.470428798879486187e+00,-1.339835946645107911e-01,-1.516852403416265815e+00,9.529360762819203856e+00,-6.305471970168547990e-01,3.303388494307847978e+00
8.076043341863353930e+00,8.837997924297072316e+00,0.000000000000000000e+00,-4.226719282829891178e+00,-2.699519376967161488e+00,-3.327821555030726408e+00,-3.610078791429506051e+00,2.184802097816611166e+00,1.318133571084313393e-01,-2.229811432591995768e+00,-5.605990072776816824e+00,2.940377814794381539e+00,6.627679594209788583e+00,-3.605768799190057550e+00,2.741090686303714885e-01,5.926960547943296298e-01,-3.358044802038971932e-01,-1.120743393711139069e+00,-3.659363130519895702e+00,3.920243570819688550e+00,1.999360138475213322e+00,-6.663190820566560202e-01,-3.236084369200303623e+00,-1.119323590745275210e+00,3.624785069406187610e+00,1.605041668489740392e+00,5.130166658204831087e+00,9.721253502779639177e+00,4.541183504284776795e+00,4.702181247624142024e+00,4.296509514328682222e+00,1.225123895911606420e+00,-7.943062522127072533e+00,-6.181520032010938692e+00,1.100416520274345222e+00,-9.033482324835571120e-01,9.213064804963781995e+00,-3.053641227285837978e+00,-3.394187138951997307e-01,-1.424756136614553359e+00,-5.839659990198239337e-01,2.385401241949675288e+00,2.936112308751889444e+00,-2.515304908279389462e+00,4.160737154615731015e+00,-3.863213441454642183e+00,-6.460905436484416953e+00,-1.820458697064025744e-01,-5.240309237912774698e+00,-4.287591878187333450e+00,4.483431811535903755e+00,2.079645018869027862e+00,-2.044510699592395397e+00,-6.590860065266994638e+00,4.647365316916055811e+00,9.095879426916517740e-01,1.078933752419633851e+00,8.142953832562353611e+00,2.089426437930887559e+00,-8.858506190305275751e+00,2.594469246959027586e+00,3.588576857814814058e+00,-4.428134867305573152e+00,-7.582693988120302819e+00,-1.722395664493838963e+00,1.669535340137187740e+00,-4.274962298617962730e+00,-3.034905427155159430e+00,2.056969638482930574e-02,3.869566853624497149e+00,1.299836806678611545e+01,-2.930514566920746411e+00,-2.939014532621907261e+00,1.226796444268652753e+00,-6.114505821114164519e+00,-7.286497784053010740e+00,1.051002925596873805e+00,-1.298693663290061640e+00,6.490104366205099451e-01,-5.714722920457068200e-01,5.809569624517244568e-01,4.306827897952041906e-01,-4.156041366143059079e+00,-6.715633038291831669e-01,-2.732219574657411165e+00,4.898312369305605429e+00,1.246219814061630959e+00,9.410008928075667356e+00,-2.445460905703932486e+00,3.264109352899393635e-01,-6.299143453183633223e-01,9.096217926748318972e-01,3.450748238414495628e+00,4.815576776283663207e-01,2.774724256749413254e+00,-5.061552126118631811e+00,9.604044320320725969e-02,3.197682778454732366e-01,-5.871239229453692587e+00,-4.662911203936042526e+00
-1.324864605006321305e+00,-2.158490120297335224e+00,-4.226719282829891178e+00,0.000000000000000000e+00,8.506636444301856059e+00,3.699658611574124567e+00,-9.767282582971548166e+00,-6.653554212473723473e-01,2.092537106671230607e+00,-6.091441318918297654e+00,4.370387460314427153e-01,3.064176896136582506e+00,-2.917829491748165971e+00,-1.209523281590274779e+00,2.700786488087954851e+00,-6.067175587234454603e+00,3.383944877922525851e+00,-4.170398592830416362e+00,-3.148553304131598729e+00,2.261004468105232146e-01,5.319342209845359548e+00,1.798602234170379344e+00,1.431987018743873907e+00,-2.921891950405391736e+00,-2.451119763849014532e+00,-6.198442227808824700e-01,-7.877085436759300840e+00,-3.753890823303565605e-01,-1.048945997371410588e+00,5.355815209088649276e+00,2.643927085346527983e-01,1.402943574006066063e+00,-7.510856883707000442e+00,-5.297468197569768833e+00,-6.413548540023347400e+00,-1.610599515815006377e+00,-9.946298967524796808e+00,6.017714465828951198e+00,-2.073206875176419217e+00,-9.800131907061844672e+00,-9.581901328318709332e+00,-1.225131288912737704e+00,-2.240192957045327393e+00,-2.817396048115690554e+00,7.875939053057794403e-01,-8.879945704176094523e+00,-5.895289683598877950e+00,-4.338922015164716761e+00,1.844275387414856304e+00,-5.334651409913804265e+00,-8.531031500619524754e-01,-2.955974594773349562e-01,3.826494481505651635e+00,2.310530564893161110e+00,-1.329495350194795922e+00,4.988485369858867147e-01,-3.940733427941941258e+00,1.818133402499405582e+00,4.641444452377241348e+00,-5.383848155748921727e+00,6.223892433895033882e+00,-2.774560505069872951e-01,-7.604339981271020399e+00,1.775144182182224251e+00,9.493352010980009581e+00,2.620198179148211182e+00,4.724806063458165006e+00,-4.198936409133607661e+00,-8.978974604828524164e+00,-4.884837863820056469e+00,-2.377234242239326445e+00,-4.382650962483372048e+00,1.094850002108234577e+00,4.860436733463714631e+00,6.105521504988682402e+00,2.441875068907411350e+00,6.391154653444094613e+00,6.508097131751251485e-01,7.806212451778812955e+00,-1.066897900236661378e+01,2.467962807564824668e-01,-1.880956738762404212e+00,4.522317793747655301e+00,-5.503796764911995432e+00,2.474134263233137343e+00,-2.749670004007795376e-01,-7.384576505567364890e+00,-3.211527809626797403e-01,-2.923059109489544727e-01,-2.051176883013905883e+00,-6.673093435621968439e+00,3.183585238663782402e+00,3.212404418895470126e+00,4.246927571398638079e+00,2.915832875783789246e-01,-3.325835189504747103e+00,-5.048402608535804248e+00,7.025870873151592200e+00,3.887552688188936845e+00,-4.598808928062307899e+00
-4.617247979189369467e+00,-3.430078927584388815e+00,-2.699519376967161488e+00,8.506636444301856059e+00,0.000000000000000000e+00,3.826855171658986254e+00,6.350198050519135329e+00,-3.209132680529048987e+00,2.288608673318340170e+00,2.469227977315023193e+00,-9.112994988901187421e-01,1.165853171445054315e+01,-4.755343902890923347e-01,2.776587815169640372e+00,-2.539281932744771542e+00,3.233012464252018603e+00,1.747699813292746152e+00,2.123670511983686282e+00,-1.946601095370656731e+00,-4.303714376550970222e+00,2.773015384295131280e+00,8.933664049190745970e+00,3.995917013970971432e+00,1.277251861182732151e+00,-1.624155498258950558e+00,3.590350924404600796e+00,3.528385621703957753e+00,2.244266054045982006e+00,-3.583640594130418133e+00,4.049749461549883023e+00,-4.851556736108873835e+00,3.423566547596001541e+00,-3.308727297201476958e+00,2.178650727083475402e+00,-3.579629959158502572e+00,-3.860183858414912184e+00,-5.205116147042017083e+00,1.517001168169049174e+00,-3.456697193346573105e+00,-5.347456375862473799e+00,-8.621006384280276436e+00,6.501944260825233357e+00,5.639279092500578905e+00,-1.182866880368949047e+00,1.324528591299775959e+00,-7.024612391772295794e-01,-5.562029095312951199e+00,-6.281939590511933069e+00,-5.954880423995990490e+00,-1.039450484170690103e+01,3.516308963228640838e+00,7.138059687230858819e-01,-3.480034492267221502e+00,-6.607175270272498402e+00,1.637452373290695651e-01,3.020941245113360374e+00,-4.866751964334953051e+00,3.353148470620063382e+00,-1.727258823794238340e+00,3.074409595083556379e+00,-1.728212271585917392e+00,-1.724966938574625575e+00,-2.449819298105155863e+00,-2.373033876356061417e-02,1.678866470297641078e-01,2.568257017770322115e+00,4.805768812211930752e-01,-3.919816370096233182e+00,-6.145720786017922599e+00,-2.251060696129367322e+00,3.243368976366756140e+00,-1.167119270818658405e+00,-3.583775451185477134e+00,-1.876223123181351427e-01,-3.769406963578670888e-01,-1.455185650557119237e+00,-6.519774782052289552e+00,4.287069006651330838e+00,6.546005428289069172e+00,-5.906669740946465019e+00,-8.685106072185354575e-01,2.904256070321816208e-01,4.095561284972472293e+00,-1.777556692872858335e+00,8.513460553020458121e+00,1.551614191828359024e+00,-4.333494016579637176e+00,6.425059845191534169e-01,-1.748972233462835923e+00,4.879835322525776675e+00,-4.766190986437908172e-01,-1.335960641808615346e-01,5.846561788497786516e+00,1.729941176935180458e+00,-3.262652737359571731e+00,-1.350268311369588359e+00,1.664867017498301349e+00,2.095587569451081045e+00,-6.036503951722020034e+00,-5.780082411398199227e+00
4.463953044451486996e+00,-1.767910709095158017e+00,-3.327821555030726408e+00,3.699658611574124567e+00,3.826855171658986254e+00,0.000000000000000000e+00,2.304950959546393729e+00,6.190381726444216248e+00,4.211285424897431184e+00,1.351247154129199490e+00,-2.686221792147606813e+00,1.557765150534945464e+00,9.252788804630386110e+00,-2.115150028396561022e-01,1.120366854374410942e-01,7.002245657659809552e+00,-5.046317288732561579e+00,3.353839748072649396e+00,3.767311220897623159e+00,7.271959962638272934e+00,-6.026130595422543035e-01,1.520983581055538991e+00,3.170055802990344729e-01,6.262019277543751983e+00,4.177963538058645732e+00,-3.765999933158836743e+00,9.457597834940079551e+00,2.041999659711009496e+00,-5.382341684045178098e+00,2.684052062875274647e+00,-9.221377555134137038e-01,-5.991063399910002696e-01,-2.641759888177896087e+00,-2.205225457373645170e+00,9.609873507272636672e+00,4.087571675020654993e+00,7.129138329970644783e+00,-8.955479280330742142e+00,6.599894561917124314e+00,3.417465861042225050e+00,6.687824548830252347e+00,8.821890105927007175e-01,1.106141580861316953e+01,7.760996540341962291e-01,2.607247622125093311e+00,3.622651718344902960e+00,5.772855084864916719e+00,8.300228125982098248e+00,3.714292024942610126e+00,3.461510538829428718e+00,6.965236121669504676e+00,3.253575827954325206e+00,-1.625667651936507196e+00,-2.401716941001483807e+00,3.473121282404752819e+00,-3.790360988306172296e-01,4.522703683046171541e+00,9.113220493477836470e+00,7.404671360584917039e+00,-2.665621650664857345e+00,4.909641600961181851e+00,4.420975838785170531e+00,-3.503111209182335095e+00,1.142884727804009515e+00,-3.117745379936594396e+00,4.244851401575475691e+00,5.283845093256493541e+00,-3.193447043026155452e+00,-4.586497743024245288e+00,3.872409188123361101e+00,8.530948940756655219e+00,2.681360460559379266e+00,8.785310905625971500e+00,1.914747640650499516e+00,5.828851531249663154e+00,1.021598749304798481e+01,2.665118583223755167e+00,2.485202262021541486e+00,1.701832754879216481e+00,-6.496316591875100244e+00,-1.293321163076605718e+00,-1.586699338589581565e+00,2.258641292335615613e+00,-4.896192700025972400e+00,4.132276971439265978e+00,5.199517432837029496e+00,7.368666881418204362e+00,2.906929963154843310e+00,3.272653044812469325e+00,4.063889745993302327e+00,-1.869337146296426333e+00,5.058163639259933841e-01,7.378833438238087794e+00,3.510842078892410623e+00,2.287276398855184745e-01,-7.267545713423790854e-01,1.000970799099371789e+01,5.473190879770212014e+00,1.920125861000428202e-01,3.110984214836489681e+00
1.860435504963422471e+00,7.279845636530492214e+00,-3.610078791429506051e+00,-9.767282582971548166e+00,6.350198050519135329e+00,2.304950959546393729e+00,0.000000000000000000e+00,3.296624728636075474e+00,6.886853952842331150e-01,-1.337795780482048080e+01,-9.267702871444438273e+00,-2.487042981398419617e+00,6.631577680573531808e+00,2.926062956591236386e+00,3.966164643621427732e+00,-1.746630639116333095e+00,6.946236105915966519e+00,2.070111498225477575e+00,2.702482470483167809e+00,8.843440766905121819e+00,8.139604737950923763e+00,4.166199035519412952e+00,-1.058854805891516193e+01,-7.006522494733165018e-01,5.684410714883161297e+00,-9.844785009839158718e+00,3.777854806697783285e+00,2.434544419691118122e+00,-9.958060490248364927e-01,1.352365341118481723e+00,1.021672139385603195e+01,3.998306407464079920e-03,-3.699376342494183234e+00,3.919889553342537525e+00,-5.946297534522447803e-01,3.396647343572827271e+00,-1.301433495315168720e+00,-4.035106263127183901e+00,-1.348929923719814017e+00,-4.299525600156104410e+00,3.517576949808509212e+00,-3.192597005052811632e+00,-1.964338942940495825e+00,-1.658528413440658156e+00,6.020559826360071476e+00,2.033447124816288643e+00,-3.858386966274768293e-01,2.996233468299332459e-01,2.409280739812133185e-02,4.312165607591457728e-01,4.799096699598051963e+00,-3.503610395900182972e+00,-2.517641561538114026e+00,3.147516353193645866e+00,5.898704712636840597e+00,2.212658341878463109e+00,-3.077068698624973120e+00,4.527139093606487030e+00,8.865629791274151072e-01,-4.114450978213248789e+00,3.767228087358366562e+00,2.003178921001426360e+00,4.733823215161305775e+00,3.966322600822206335e-01,4.857238976825849264e+00,5.724918293890794097e+00,7.690367641379363128e-01,1.299300775607270086e+00,2.376891673610102007e+00,2.140629742274937630e+00,3.525510351460775293e+00,3.607616379392614814e+00,1.750518074735159413e+00,7.055472153974587712e+00,8.561860695364893914e+00,-3.149209638883072593e+00,-7.593752809721745933e+00,1.076151034809027074e+01,6.971515108713852271e+00,-7.850683424021170254e+00,7.157658949779691859e+00,4.706183763926328645e+00,-3.414152556704428854e+00,9.158487817892725147e+00,-3.231758930862171031e+00,6.607781672376312976e+00,-4.749838647485791765e-01,-5.463189180194087946e+00,-5.803789715699950946e+00,6.413872746559976967e+00,-2.588526360251413472e+00,-3.646272362665854416e-01,-1.610728525333515959e+00,3.064551808043722847e-01,1.018625062013423310e+01,-1.869148276813856313e+00,-3.066521326403143899e+00,-4.497485930486800676e+00,-3.486121623757841181e+00,-3.636969276155392616e-02
2.537342130331092793e+00,5.664881774755730959e+00,2.184802097816611166e+00,-6.653554212473723473e-01,-3.209132680529048987e+00,6.190381726444216248e+00,3.296624728636075474e+00,0.000000000000000000e+00,-7.618488518804853449e-01,-5.725949214423922129e-01,2.748623880481082526e+00,3.670626239333843355e+00,3.289261378011120840e+00,-5.080942022075120690e+00,-1.332367853102063071e+00,-2.419435477275431179e+00,5.040694617701168667e+00,-4.726678490303309665e+00,-2.296723177849689268e+00,1.323938178020024781e+00,5.173971634870607517e+00,1.868850364700453515e+00,-5.776183196525770391e+00,1.786254874927114822e-01,3.862666458695972249e+00,-4.104246582174972957e+00,1.091733769644655627e+00,6.174941630431480810e-01,-1.325485439184733050e+00,1.348278226836684190e+00,2.685861682202352441e+00,2.846863500677248915e+00,-2.041861975429411835e+00,-3.892746528441525466e+00,2.219838394667753789e+00,-7.652151291317574877e-01,-2.072904836008545360e+00,-4.014357978087868539e-01,5.083792223644969965e+00,9.232390273789188306e-01,-4.025521100971034549e+00,6.602587351277818151e+00,6.734051324437617225e+00,1.903962820226015040e+00,5.619613741173965948e+00,-1.939668680092417885e+00,-2.181657648443791064e+00,-3.958173597486860817e+00,1.719589878885225964e+00,-1.363281701703114912e+00,1.733999938781414896e+00,5.040023154422456075e-01,-4.475976156423000951e+00,3.887889188374944016e+00,2.656506915206495290e+00,-5.948386326752441278e+00,-1.517689335122426042e-01,1.560124609977729282e+00,7.020848791579103576e+00,-4.632560339223144474e+00,8.054320201009177893e+00,7.683273117985048195e+00,-9.697733671638932851e-01,2.839089044473963042e-01,8.253493363625299395e+00,5.776390636176450544e-01,-1.278452848413248244e+00,-2.843998035045892436e+00,-3.629975997198508164e+00,1.288555324301212113e-01,4.698107498874525056e+00,-3.631839853521297012e+00,5.101000595216764744e+00,1.069776134299281978e+01,5.512094631046159598e+00,1.296487323770072919e+00,-2.734757133245052430e+00,6.136746536548319142e+00,2.744132350400882103e+00,-9.637189807807923003e+00,-9.058348268372662382e-01,2.544580635855782091e+00,1.341886525307188327e+00,5.655581782024436066e+00,1.453106295113242519e+00,4.774907835712999038e+00,8.094984506623261744e-01,9.424602231704204414e-01,-1.432386261001281857e+00,4.434421035278848677e+00,-4.031874787854665243e+00,-2.007692528071214344e+00,-1.165765958414139103e+00,3.049428859906770484e+00,4.785883534422145758e+00,-8.800488828707349054e-01,-1.122087738857496575e+00,9.686189960028443124e+00,-3.400056391907391173e+00,-4.792666836430254484e+00
5.192971086543117565e+00,7.333762873653677516e+00,1.318133571084313393e-01,2.092537106671230607e+00,2.288608673318340170e+00,4.211285424897431184e+00,6.886853952842331150e-01,-7.618488518804853449e-01,0.000000000000000000e+00,-8.536273812023070562e+00,-5.223639071366922515e+00,-7.876236315118001485e-01,3.570736760300297075e+00,-1.640676945780331408e+00,-4.173026758060699670e+00,3.612758148202255826e-01,6.236144789432194635e+00,1.981242280660156618e+00,-2.849357971358850605e+00,2.969116268402331116e+00,5.921061201948899289e+00,1.338944237750522603e+01,-6.169178371288501772e+00,3.582218366953273225e+00,5.268757395255184051e+00,-5.502897512258767776e+00,5.710485218170477495e+00,6.858207653958966254e+00,-9.892345983337609283e-01,5.186319979710717121e+00,8.998824976384081964e+00,9.745818004885624664e-01,-1.029956513899817416e+01,7.496662133827292962e+00,2.845931142034096251e+00,1.324776759400046466e-01,3.751403046823944987e+00,-1.135771343619047791e+01,-9.227287358591114597e+00,-4.426001712522273479e+00,1.795177626058185094e+00,-2.261575492245395225e+00,3.880163878270767697e+00,-4.698731465747240321e+00,-9.261803668032558834e-01,-1.226413161701876975e+00,-2.207018601048645223e+00,1.479958017782929236e+00,-8.229268477950151706e+00,-2.290351381481966347e-02,-3.234461886465118119e-01,1.294414158781899360e+00,2.792498310119415073e-01,-2.444259991149297040e+00,4.418555660744897473e+00,-3.276934203881749053e+00,6.007407564657701871e-02,4.521485514760249735e+00,-1.847356880522488531e-01,-1.957684230453860197e+00,6.288605663030650383e+00,8.484424063420817674e+00,-2.294854152519914869e+00,-6.087889812170424797e+00,4.936573703797817458e+00,2.074719725359733591e+00,2.990282930875107770e+00,-1.011579896978511472e+00,-5.677561707045036599e+00,1.216687359734651031e+00,1.161175782287857849e+01,-6.761655219904395553e-01,7.890777264668344060e+00,4.222962954328324692e+00,4.238938058993864111e+00,-4.129254199816004167e+00,-3.834962843125994336e+00,7.603282696912053495e+00,-7.620212283383358542e-01,-7.250056363851511421e+00,-7.620347143437609105e-01,3.528678270515357429e+00,3.771699128425880954e+00,3.753166787923643000e+00,-4.781148690444090299e-01,6.512220278258325834e+00,8.845799577998590957e-01,-4.524966220126714234e+00,-7.045160060712792882e-01,-2.230636854224269938e-01,-2.863687941971695849e+00,-2.701021196686594017e+00,1.477481006702441091e+00,-3.947480633848923670e+00,2.325730925112451164e+00,-6.467841209955212278e+00,-4.539674875833208945e-01,2.727007723391705163e+00,-7.962375740032576310e+00,-2.802727210137073932e+00
-4.178104949190678319e+00,-6.875724752425775854e-01,-2.229811432591995768e+00,-6.091441318918297654e+00,2.469227977315023193e+00,1.351247154129199490e+00,-1.337795780482048080e+01,-5.725949214423922129e-01,-8.536273812023070562e+00,0.000000000000000000e+00,1.522166996179935339e+00,7.102030107927835623e+00,9.713704948743280276e-01,6.239787660045989170e+00,3.960667844435004081e+00,8.848365303264920101e+00,-6.053906786728680878e+00,2.515439658423232583e+00,1.399513832881162489e+00,-5.243854016859570422e-01,3.284325088233555068e+00,7.981928667660822541e+00,3.423484816628922012e+00,7.205306717969060415e+00,-3.309233615614409096e+00,-5.444085074800734114e-01,4.000539544479286391e+00,-1.818152304594974789e+00,9.563740369898388050e-01,7.873855652387987680e-01,1.663413771551918163e+00,-3.780906300911855422e-01,3.182609150592128788e+00,4.390098657471642740e-01,7.068144294401339955e+00,5.706377124611686114e+00,-3.796361377348633326e+00,4.921595466640837024e+00,4.054081235309221043e+00,1.958030622485918970e-01,1.003785418318609013e+00,1.087521589651500920e+00,6.846797367353699038e+00,2.915841788685416880e+00,-1.425829379619431014e-02,1.640639501161229141e+00,3.245822619999430891e+00,1.451763210787480496e+00,1.718167637871594877e+00,-3.580548821286811956e-01,3.261003496744056651e+00,1.453423399077544698e-01,4.804161102801194794e+00,8.432846227907525360e+00,5.909634978046037768e-01,-5.883653562739366905e+00,-1.674502583817045309e+00,1.568945267583413461e+00,-4.583699592425975133e+00,-1.496939555227289276e+00,-1.106358735585674768e+00,-1.099510226918439848e+01,1.773256673053078547e+00,6.095743190850426707e-01,2.207332426965698424e+00,4.381418757823942300e+00,-3.995967811181476481e+00,4.422511442449956753e+00,4.494353792250524116e+00,7.246034396400643729e+00,5.203899586864193516e+00,3.737364644281802040e+00,4.835269528538317374e+00,3.776304104618597585e-02,5.796287821518044225e+00,1.424473987536132302e+00,1.564851551718113298e-01,9.950418171791890476e-01,5.997352746881511543e+00,-3.100919951600218827e+00,9.938438602721477722e+00,-1.675815114052137123e+00,5.474460478244591144e+00,3.656863516126114266e-01,1.991950925484326174e+00,-4.350820942602743990e+00,1.098291155252360873e+00,1.376352573557461323e+00,3.936560565092602458e-03,3.974889803151970380e+00,6.548819971680738261e-01,5.168769174235190000e+00,4.014102290875022128e+00,3.208392023805504589e+00,-5.204325548871361562e+00,9.488917359282138531e-01,-1.298977353995513784e-01,-3.622266284822968974e+00,3.184460946111398627e+00,-1.802082004163403361e+00
-3.357622031309701160e+00,-3.020792597850098016e+00,-5.605990072776816824e+00,4.370387460314427153e-01,-9.112994988901187421e-01,-2.686221792147606813e+00,-9.267702871444438273e+00,2.748623880481082526e+00,-5.223639071366922515e+00,1.522166996179935339e+00,0.000000000000000000e+00,3.417539522857516499e+00,-3.054166318745655140e+00,-1.229423891567779092e+00,-1.845922427038747093e+00,6.538516728571576841e+00,1.370830410450168610e-02,2.749076084485413407e+00,1.601033574304305818e+00,3.718980768631930278e+00,6.907154770868833005e+00,7.357092190018643230e+00,-9.391111033198715763e-01,5.099598991503193623e+00,-2.605432115312522612e+00,-3.885580988576170292e+00,6.131910508034909668e+00,1.972310794703276748e+00,1.710819902678223148e+00,6.046243591142338447e-01,-3.877264058073024572e-02,9.542680170933765638e+00,2.654784479559992860e+00,1.867657004090722328e+00,3.275687676462459397e+00,8.780097351768457514e+00,1.235909974465883909e+00,2.677013140762139365e+00,-2.479607866815012329e+00,-2.133808994058106201e+00,-5.389158671706917314e-01,-4.631632069279765673e+00,2.681086844462946761e+00,4.715095866945233638e-01,-3.947059771026500297e+00,2.794616449766143540e-01,1.653762817527378581e-01,-3.848876915076618666e+00,1.543847438505848046e+00,4.353162748664103354e+00,2.239064974381227202e+00,-1.552725838628425947e+00,-1.009878001931538982e+00,1.175209571045652546e-01,1.621107861703853459e+00,7.823665798029734164e-01,-5.551770446194822739e+00,-5.722716981574328399e-01,-4.279059309241579179e+00,-2.358995748927439795e+00,-1.207300863274677560e+00,-1.477466889597926603e+01,2.949385242725512946e+00,3.573377073551900374e+00,1.718340122944165826e-01,2.350055297006906074e-01,8.812399959575232256e-01,2.475297073217215260e+00,-1.384433606832931596e-01,1.709485330983698370e+00,-1.938271934550153119e+00,1.891114797501080691e+00,7.205395260738317376e+00,1.918991815196646966e+00,2.805671413839600170e+00,3.023704409200548948e+00,-2.536078138336338217e+00,-3.214922417798005139e-01,7.191657881394609930e+00,-5.309697241923839073e+00,2.113390676867255014e+00,-1.568725328814706943e+00,5.839723829365557783e+00,3.127756499654010813e+00,6.571912590719835023e+00,-1.911362249580317751e+00,3.826821618473023712e+00,1.630214148997217727e+00,2.374736890893841323e+00,1.304767372944521275e+00,4.866669254742295614e+00,3.767162545645987848e+00,9.073250035990310991e+00,-1.449637959687203104e+00,-3.744714773692749965e+00,4.087671387089630848e+00,-1.048100133980329529e+00,1.037963083785407914e+00,2.221311673608281190e+00,4.415638266810843149e+00
6.913955214928733994e+00,2.656076318575292916e+00,2.940377814794381539e+00,3.064176896136582506e+00,1.165853171445054315e+01,1.557765150534945464e+00,-2.487042981398419617e+00,3.670626239333843355e+00,-7.876236315118001485e-01,7.102030107927835623e+00,3.417539522857516499e+00,0.000000000000000000e+00,-2.011395919841891811e+00,-2.809740746115447774e-01,-1.143829573956712808e+00,4.217637403355143810e+00,-5.724715739065478814e+00,1.783858722855592438e+00,2.685145167336569827e+00,-4.797880629231836558e+00,-2.274673786392884978e+00,6.149259657775947296e+00,7.017947678242759668e-01,1.462964196976704878e+00,-4.447033549273005093e+00,-1.266938179086605443e+00,1.701730588763553875e+00,3.286059582106273691e+00,-4.760804026361936891e+00,2.451137260211883717e+00,-3.728170461171366856e+00,3.663817402765869868e+00,3.343576039681100731e+00,1.292666637352532621e+00,4.544991676443307149e+00,-3.146105709225033742e+00,-2.297361319925703249e+00,-1.037538714958545549e+00,-4.503143227639267443e-01,-5.595542534307818450e+00,-6.756186764260088129e-01,-4.107626791408170996e-01,5.556452834130443996e+00,-3.692749667178178097e+00,-1.355682765250429522e+00,-2.139968007668826111e+00,-7.339492534224011377e-01,-2.784409442101966059e-01,-3.785449056682115732e+00,-3.789322600742046188e+00,-4.558293834440506842e+00,-3.561421840767943436e+00,-4.413893958648163363e+00,-5.129755159056780478e+00,-4.262914533343188594e+00,-6.815507147595830872e+00,-1.872733285590741481e+00,-4.312731603265894664e-01,-1.197663959590214944e+01,-7.577349092369070505e+00,-6.449906417773071610e+00,-9.987091312783496377e+00,-1.666708194173406987e+00,-3.041855003755941755e+00,-2.532354387273926921e+00,-1.685990049025359427e+00,-1.135026982780328986e+01,-1.122937508236276027e+00,-3.375589278766834678e+00,3.639715880270918191e+00,-2.091151246381474316e+00,-2.498583987650341287e-01,2.239313816987959616e+00,-7.379311786020388730e+00,-3.295829543593497224e+00,-4.367084901616310688e+00,1.033948460071764108e+00,-2.090972565158910890e-01,-5.782924400836529699e+00,-3.299177705243216074e+00,3.418501368202635060e+00,-1.964447663220266982e+00,1.058530820141816653e+00,-3.636431864548310688e+00,-6.573517309280715315e-01,-5.986852014464354887e+00,-2.096031464677154066e+00,4.841341015656786539e-01,-5.130974402108593679e+00,-3.166015209258262075e+00,-7.623928706802594046e-01,3.283236257028172567e-01,2.097592482160581362e+00,-4.472724364252521845e+00,-1.131479375003008414e+01,5.400786278355768077e-01,-6.916218977524104083e+00,-2.042124496827231184e+00,-5.715894530887766223e-01,-9.066992069965683632e-01
5.094529832520869661e+00,4.316764651251869367e+00,6.627679594209788583e+00,-2.917829491748165971e+00,-4.755343902890923347e-01,9.252788804630386110e+00,6.631577680573531808e+00,3.289261378011120840e+00,3.570736760300297075e+00,9.713704948743280276e-01,-3.054166318745655140e+00,-2.011395919841891811e+00,0.000000000000000000e+00,-1.946659935821302145e+00,-2.283515658396528369e+00,-5.970093881971868299e+00,2.962372236745196119e+00,-5.009050209672951226e+00,1.123578913395397505e+00,1.822632634964264753e+00,-2.599444166978041260e+00,5.679601108889269057e+00,-3.361013394405690136e+00,-2.574300403230132428e+00,-4.898906851801640983e+00,-1.415225413067904725e+00,-4.753192679484112837e+00,1.437815342423446108e+00,-3.094311843658665406e+00,6.655435090974521906e+00,2.876174786731237887e-03,-2.404183254809117543e+00,2.690397814101868623e-01,-1.874427692452136363e+00,-6.962539113452347550e+00,-6.105270172717203181e+00,-2.334516250398458670e+00,6.533040728228577620e+00,2.428098629931181307e+00,-1.902242650408378921e+00,-2.307576046330680697e+00,8.090937554712036572e-01,-1.697799454301338384e+00,-2.566608387304746830e-01,1.665107423693950484e+00,-7.843573165332586861e+00,-1.092778710870712544e+01,-7.305287703411036837e+00,-8.318893409293398378e+00,-5.167176314600471443e+00,1.909447762632019874e+00,-6.122900781712186102e-01,-2.130272268481387954e+00,2.060507100253169188e+00,-1.428764662242057337e+00,-1.864217778834243999e+00,-1.410508177560917620e+00,-3.915453265844122677e-01,4.098741847568025065e+00,1.784180393729473346e+00,1.002732125560986010e+00,-5.531430907164622823e-01,-1.071303371401482352e+01,-5.830209386921164416e+00,1.578887532833798568e+00,4.733183748169214056e-01,-4.894049088109183820e+00,-4.891992569302396454e+00,-1.008236099343636916e+01,-3.210520355917898083e+00,5.536243078200558720e+00,2.160406827353206771e-01,-2.974696452585088746e+00,3.165325478815620208e+00,4.064994542435425018e+00,-6.394853940155385885e+00,-2.665072367598613212e+00,-1.658742576772399113e+00,-2.493412673131036872e+00,-4.807379880507272496e+00,-1.249276848583126931e+00,8.404122261529735738e+00,2.398426842324205222e+00,2.271131516706722753e+00,-4.665079018828167001e+00,1.678235277061806308e+00,-1.145156841957497340e+00,4.157086423242283502e+00,4.759945134548908996e+00,-5.840295840005970796e+00,-8.581626338546382016e+00,-5.866047089706376561e+00,2.032382386228486215e+00,6.386772536688580360e+00,4.117618171553663942e+00,-3.593844688758201844e+00,-9.781476823459080094e+00,-8.509241087697392292e-01,-6.943016824328596570e+00,-6.090699155257777164e+00
-3.401610542019280370e+00,-5.168523869516969071e+00,-3.605768799190057550e+00,-1.209523281590274779e+00,2.776587815169640372e+00,-2.115150028396561022e-01,2.926062956591236386e+00,-5.080942022075120690e+00,-1.640676945780331408e+00,6.239787660045989170e+00,-1.229423891567779092e+00,-2.809740746115447774e-01,-1.946659935821302145e+00,0.000000000000000000e+00,1.542368826932454917e+00,1.606056747609042046e-01,-9.395209827500372590e-01,2.852963493951159002e+00,3.501088941759198825e+00,5.035052777435431892e+00,5.393573650890566284e-01,1.111093562437625337e+01,1.453287641961666043e+00,4.030867209781328619e-01,-8.936531855042790795e+00,-2.039906751215618819e+00,1.565055486719179267e+00,3.584108057840716288e+00,3.235011278666100498e+00,9.252990153278711105e+00,5.479621578215211564e+00,2.855164710302469988e+00,1.232308108415020032e-01,-1.176354888129963472e+00,1.467166847255543027e+00,3.259044665174218647e+00,3.154805291192805949e-01,3.402740648852811134e-01,6.227478792842090272e+00,4.817445125640633208e+00,1.871107628843047710e+00,-4.017851685723479171e-01,3.173665035636039189e+00,-5.458614945023486653e-01,1.916155153715283443e+00,-2.347256578524115067e+00,-5.420094463559738784e+00,-3.075614714531496929e+00,4.853553075326892952e+00,8.019144819263563928e-01,3.447219035423526812e+00,6.953285979737248157e-01,-4.897543500164867503e+00,1.288160349761872547e+00,-4.550275250042362107e-01,-1.810184501491057807e+00,1.331591497598861862e+00,1.689646713963497415e+00,6.373026188280660698e+00,-3.115658259221065762e+00,1.904171168499547928e+00,2.905076161086764586e+00,-5.968098901712693305e+00,7.753322835977025651e-01,-4.102460187308110129e-01,-1.029796971251500937e-01,2.239952483020476670e+00,-1.255893836792201901e+00,-9.105079996926148667e+00,3.094660069145276804e+00,1.144698879479528530e+00,3.854256139174934592e+00,6.021158223611946525e+00,1.241013851926835265e+01,-7.379558351026918039e-01,-3.650195649524732855e-01,1.900861048576164558e+00,1.898442114641897493e+00,-1.261345818006882169e+00,-8.762519782335598251e+00,-4.354957025791437175e+00,7.602626068549739102e+00,1.140668892655603450e+01,1.388584227743484556e+00,7.785236546096100163e+00,7.080597861672177196e+00,5.344245388122615736e+00,3.139490451350380962e+00,4.809225517110998993e+00,2.494179200916609052e+00,-9.385797160258521288e+00,-4.777374511005865187e+00,9.397231753104096086e+00,6.539363363374351756e+00,6.558973988643309383e+00,-2.070318519069762164e+00,-6.842417159278883609e+00,3.229124873241707494e+00,6.624086241378281947e-01,-2.188099902227739424e+00
-5.426951178327178660e+00,8.513525729921734841e-01,2.741090686303714885e-01,2.700786488087954851e+00,-2.539281932744771542e+00,1.120366854374410942e-01,3.966164643621427732e+00,-1.332367853102063071e+00,-4.173026758060699670e+00,3.960667844435004081e+00,-1.845922427038747093e+00,-1.143829573956712808e+00,-2.283515658396528369e+00,1.542368826932454917e+00,0.000000000000000000e+00,-6.684889159401981473e+00,-3.609509765828366135e+00,-8.691869308102491587e+00,2.928091953440263850e+00,-3.453754903771646845e+00,-2.132844689295624985e+00,5.242382154677777351e+00,-1.897608039652775580e-01,-2.629994672173223136e-01,-7.480723859414302623e+00,-8.015694275567300409e+00,-6.015670358861082256e+00,-2.740182420259011042e+00,3.464464674647278031e+00,9.434173625637103378e-01,8.498016981210627652e-01,-1.832177246110839874e+00,1.622810182869925510e+00,-5.623222415657597395e+00,-5.152867858107617494e+00,-4.483966011582134037e+00,-2.401960280655853097e+00,1.329200704086160589e-01,4.410780432342449764e+00,2.258638047841133201e+00,-1.950853605269173174e+00,-2.432150991004671248e+00,5.018466433304614727e-01,-4.525474701690934687e-01,2.973951287210666372e+00,-3.439070661493286885e+00,-8.714175951513581708e+00,-5.605339674820248419e+00,4.509686107882341588e+00,-2.415128534272389604e+00,-6.778171797741389115e-02,2.607023098636123137e+00,7.790641864084414392e-01,4.826620790367019076e+00,3.630020625173760784e+00,-4.708473039809698002e-01,-6.936893625816229481e-01,6.824975529334468938e+00,3.384590424421071719e-01,-1.976943424580934749e+00,2.858678911619626728e+00,7.060281944582762037e+00,-9.617040138885489142e+00,1.598775086386088340e+00,3.847568296496015172e+00,2.043627667210034637e+00,1.996527434873316631e+00,-4.901805153578797203e+00,-6.431117290790244745e+00,-2.806594737278575558e+00,-3.341281355987246737e+00,1.656394249408647434e+00,6.479685071670294505e+00,4.957076404173127671e+00,3.791100330020180209e+00,-3.123270364430999813e+00,3.378204148152905262e+00,1.090287026877424292e+00,7.253210406409191791e-01,-6.766382952999141942e+00,-2.260615563276367812e+00,3.476660887688671764e+00,5.435028596591305217e+00,1.133198327965034835e+00,8.579538958982888985e+00,1.012834864156203984e+01,-6.060862187671086643e-01,3.387717926113046119e+00,-3.518469126621987186e+00,5.091828545837610243e+00,-6.601761527000382657e+00,-6.176059077853607526e+00,2.907490298005979135e+00,4.928938798249222764e+00,6.771163485187805975e+00,-5.181153126734139747e+00,-3.315917654977282858e+00,2.456805387419917608e+00,-1.307306906279264158e+00,-7.445006265367313247e+00
