0.000000000000000000e+00,-9.312175549895762572e-02,2.675245475822451979e+00,-1.294605607483788612e+00,-7.121284880296947506e+00,-6.527568262306351343e+00,1.942567215327435648e-01,2.652303581058137905e+00,-3.666712256992779029e+00,-1.021764810508489774e+00,5.063663033605519281e+00,3.959609426964395773e+00,1.978438038566946222e+00,3.411378013100194173e-01,1.257182981460888582e+00,2.915436913395370144e+00,-6.328508664863170097e+00,-5.388510714883355313e+00,-8.069253251733323751e+00,-7.910221254384623535e+00,2.617529464699502872e-01,-3.991424447591434554e-01,-9.977445374935247635e-01,2.303512660332298179e+00,-3.197031428652458818e+00,6.379447641893507104e+00,-1.377744648825449758e+01,1.481857999142367044e+00,-8.479844382292318627e+00,-4.149219957027001637e-01,-1.291393950619528219e+01,-2.277227499142782996e+00,-8.315969382381929620e+00,-8.450216401151012136e+00,-8.642632528130452130e+00,-1.630434562828842138e+00,-6.274885506114342704e+00,-3.497705460612011152e-01,3.679477347701686885e+00,1.895937050969743964e+00,-2.205826985952075159e+00,-3.644366010902918340e+00,-6.692858312933575249e+00,-1.006963239897990015e+01,-9.169462285898763554e+00,-9.425529974545314715e+00,-9.230611870463860669e+00,-7.054869813364211595e+00,-7.776331908873082455e+00,4.009109354740330589e-01,-4.637904277054354374e+00,-1.870861369832621746e+00,2.467642655570229326e+00,-1.971139322548268957e+00,-4.358441205905021043e+00,-5.590771341437569819e-02,2.819889201423090963e+00,2.045613303145492612e+00,-6.868834274172355592e+00,-2.970085426234285730e+00,-4.448388076146427395e+00,2.154656237541743735e+00,-5.959389088414859259e+00,-6.786744830752911017e-01,6.868125160246855820e+00,2.650071696852178693e+00,3.119466276632636426e+00,-2.342212593569194201e+00,1.015789236786417193e+00,-1.459573360278152876e+00,8.635929099409436205e-01,-2.117893884389945303e+00,-1.370115324005897861e+00,3.173926382388811973e-01,-1.083811424023803305e+01,-3.970585183306396093e+00,2.412829922736168697e+00,5.246560522434280394e+00,-1.796988456987137717e+00,-1.710394568304788088e+00,2.160181880127922227e+00,-1.016768592887048861e+01,1.176455579989484024e+00,-8.882922502394594133e+00,-6.573337883961691830e+00,-4.389226507302204539e+00,-5.253901028081002345e+00,4.385081904435273792e+00,-6.116725966805289794e-01,-2.844570041000021199e+00,-5.380850611951776941e+00,1.888890239661582982e+00,1.766331128351666946e+00,-2.342244085116828245e+00,-8.540478171876387137e+00,-1.283352729364978728e+01,-4.365004795378041536e+00,-5.430571936616005679e+00,-1.045642651181090521e+01,-4.530672287965278322e+00
-9.312175549895762572e-02,0.000000000000000000e+00,1.542272020518307585e+00,-1.862038499749822273e+00,-9.785389231537301447e-01,-4.328177056282697777e+00,-5.296777123318916480e+00,-8.089859737327687039e-02,-5.752145773666950568e+00,-2.590074519709779199e+00,3.121103430857806060e+00,-1.990060569979529514e+00,3.596852652917537529e+00,-5.194227686957941792e+00,-7.629581695970617528e-01,2.370268439435829766e+00,1.590780577915488214e+00,-3.380670671566031960e+00,-6.633763825924101631e+00,-4.292185474065445483e+00,-2.376096250131795262e+00,6.553948812719506911e+00,-8.864320587967069898e+00,4.125768056459920174e+00,-1.319684128087298625e+00,7.667292517612427361e+00,-6.553630338250314047e+00,-2.720395021694768545e+00,-6.891084501662838591e+00,-8.777060236785597658e-01,-7.156638094986305987e+00,2.882212067721998672e+00,-3.845603090053340445e+00,-5.077925994819736388e+00,-2.692184798973844995e+00,-4.528423506730246295e+00,-5.026615490703582267e+00,-3.139141622816982169e-02,4.513927144441979067e+00,1.587906809224829852e+00,4.310125150807593286e+00,-9.834610013452108390e+00,-3.350292546026980567e+00,1.835444143116517823e+00,-6.022006588328339127e+00,-1.004619706726531625e+01,-9.203196582653541569e+00,-5.233224031054692915e+00,-5.473019883804591146e+00,7.724717482326003415e-01,3.162906992302721765e+00,5.049032439138646522e-01,-1.918456092475607333e+00,4.199589852790695410e+00,-2.859770738611900676e+00,-5.008452711703961668e+00,-9.647994700089875808e-01,-4.380136516953745840e+00,-1.046212207850611975e+01,-5.736970193979066934e+00,-2.820243533384537926e+00,-2.347322501387663629e-01,-3.591369170708959224e+00,-3.968680873766411210e+00,2.380860763520237011e+00,-1.863666593421150042e+00,-3.777649660072555093e+00,1.199815335495734825e+00,-1.324047525009406590e+00,-5.116857596024846799e+00,1.841688683781315117e+00,-1.288589998529443337e+00,-5.558306136076875070e+00,-2.141338524721544623e+00,1.683400701342899208e-01,-3.974985486350167907e+00,-2.847105300211335788e+00,-4.488196836831628289e+00,-8.391992269908339352e+00,-2.026488950691951452e+00,6.424417632073288198e-01,-5.582948261313369187e+00,1.177163795060004681e+00,-3.091276354372724633e+00,-4.422715774556528423e+00,-5.687043309491032206e-01,-3.479674945269899400e+00,2.488633641480476388e+00,-2.027259037304109945e+00,-4.690929884239540826e+00,-4.611225023478320750e+00,-2.623622550649167717e+00,5.118935085780824679e+00,-6.016741317129836730e+00,-2.794340264406095731e+00,2.205231501039484066e+00,-6.189267755530111437e+00,-5.542567266300250317e+00,-7.296803844335611799e+00,-4.942206661920923061e+00
2.675245475822451979e+00,1.542272020518307585e+00,0.000000000000000000e+00,-1.419624440948065835e+00,7.096167318780302047e-01,-4.410116823139802911e+00,-1.498239460486783248e+00,4.933585090695017938e-01,-1.176561488825047741e+00,-3.013026759090387863e+00,-1.296509788786809114e+00,2.014055445179307735e-01,-8.995295494849585294e-02,-6.819948219063498129e+00,-1.162055313062118955e+00,6.113110976218635306e-01,5.049040203708593522e-01,-4.460180910527121512e+00,-5.476631427741994074e+00,-8.321348744568620726e-01,-2.053491454652653037e+00,5.644884343518843828e+00,-7.023169566065639913e+00,2.911241265476628648e+00,-2.700855687418520112e+00,6.268395419376714406e-01,-1.065369159672484933e+01,-6.929711021061764953e+00,-2.773730080541590759e+00,-3.884028389464555531e-01,-9.735236831845387684e+00,2.379286367794063217e+00,9.799963641309203943e-01,-6.053930320983205604e+00,-6.231866275548365586e+00,-6.138084562238642405e+00,-3.725441405998559663e+00,9.689471857408740174e-01,2.804714266486841190e+00,1.501178483418077247e+00,4.359281318874132616e+00,-1.208197217070019569e+01,-4.758112297340398200e+00,5.194562641933395675e-01,-6.658367815477388874e+00,-9.034164654116919380e+00,-8.682165246545316961e+00,1.623901722254348923e-01,-4.620595697813200786e+00,3.210574656516265613e+00,-2.933300360133627160e-01,-1.206877402222438000e+00,-1.332778670697229328e+00,2.853681622110626481e+00,-2.130337368012101606e+00,-3.277629952376515110e+00,-6.088109285511059676e-01,-3.317035524633805910e+00,-7.802553734909843719e+00,-8.083796768914568887e+00,3.310748196936641463e-01,-3.050759308189862740e+00,-3.638121508566830808e+00,-2.271144084842697808e+00,-1.542751988329687518e-01,-4.710373347816871004e+00,2.318334442398956897e-03,-9.374208134100049383e-01,-4.257095278293919982e+00,-5.304921090647862769e+00,-2.495485627061014178e+00,-7.503745833868187276e-01,-6.714639344757274309e+00,-8.327256283384388835e-01,3.430603180895754889e+00,-4.267955016101923071e+00,-5.333096113036488894e+00,-5.712770357989312764e+00,-1.136997155363183332e+01,-7.716355098297511539e+00,2.024095650801524648e+00,-1.217729926106185800e+00,-4.280084292184811900e+00,-1.940406156200290111e+00,-6.886239865595396914e+00,-6.341846536131466872e-01,-2.345681950263622362e+00,-3.017925376366597856e+00,-1.348353806688439294e+00,-4.026967337505977795e+00,-3.083931392121324055e+00,1.561041172806642230e+00,6.111060142618834901e-01,2.907776824239530100e+00,-3.858912587826374363e+00,5.751053636158255600e+00,-6.508450065072994839e+00,-4.789985030258665510e+00,-7.323500809443579840e+00,-3.135595406232916549e+00
-1.294605607483788612e+00,-1.862038499749822273e+00,-1.419624440948065835e+00,0.000000000000000000e+00,1.093176953074922242e+00,-2.179828537669223021e+00,-9.816789200046320829e+00,-5.103950557922914966e-01,-1.164030131190529671e+00,-3.642416193619066878e+00,7.746099255521957438e+00,-3.693314115660652208e-02,7.829412485226938223e+00,-5.224242093659479558e+00,2.641006636634311455e+00,9.029670533483643569e-01,2.772977135997651832e+00,3.543079584086663125e+00,-7.064244433934670830e+00,-4.904008034631989754e-01,3.741201168644254782e+00,6.687263591620470571e+00,-7.450721632462658839e+00,8.815310120681047579e+00,-2.706051526929647455e+00,1.358473711883225743e+00,-1.784949271947441352e+00,-1.770866051931764718e+00,-3.097145239533711791e+00,-1.174977937855900878e+00,-3.283168435103019922e-01,4.063763816839507825e+00,1.008806093688739303e+00,-2.487328306007970391e-01,1.200718718865543488e+00,1.070342454087405581e+00,-2.624130690911970376e+00,7.482244994174741537e-01,7.064816019321605189e+00,-2.411082208275317385e+00,4.163084318328637679e+00,6.077360899973878183e-01,1.512136649973632396e+00,-5.239220649213990333e-01,1.098350869916127959e+00,-1.112063487041462473e+01,-1.081210818079976654e+01,-4.688693641824784208e+00,-4.860723001606896410e-01,1.066037780994097517e+00,6.389089629764298728e+00,3.875455939400965777e-01,-6.473765330172790433e-01,3.242932373735070151e+00,-3.128097488321845976e-01,-4.108470442178910886e+00,-8.197272557389509440e-02,-5.984736974359619044e-01,-7.066179350500106260e+00,4.857546060454015269e+00,9.980198136703922751e-01,6.170421118528820692e+00,-9.690620356269668001e-01,-3.492102791954099672e+00,2.883184799351337091e+00,3.608604924663781244e+00,-1.667335242788195115e+00,7.699523124578661060e-02,5.713124159887530418e+00,5.120034069704805901e+00,3.621501498972583111e+00,1.813376453439595082e+00,-1.115725370778147596e+00,-1.260899902613074275e+00,1.061211210779384961e+00,-5.538421092518037270e+00,2.484927371257144024e+00,2.378208959126962618e+00,1.643078929856855996e+00,3.941340052468842448e+00,2.841570387681654264e+00,-1.693908172222595265e+00,3.837520665444491552e+00,3.335092281800398961e+00,9.504890352513669649e-01,8.265036012977499125e-01,-5.509899737163334699e+00,1.762932416930954815e+00,5.002844479768103980e+00,3.545395241253593177e+00,1.620233679063186827e+00,-2.131139281293366494e+00,4.673097513871228514e+00,-2.804774301914861656e+00,-2.812108066148350516e-01,-1.807874115230667655e+00,-8.015657504628000751e+00,-2.143786534980358205e+00,-2.876280666651193307e+00,-2.303258152483217192e+00
-7.121284880296947506e+00,-9.785389231537301447e-01,7.096167318780302047e-01,1.093176953074922242e+00,0.000000000000000000e+00,-1.360917118988536956e+00,-4.104315550300875692e+00,-3.418324748011541292e+00,-3.041141572527448211e+00,-1.342495904782588179e+00,5.606647577698728568e+00,-1.987727235578941487e+00,4.176270655863867809e+00,-3.932165496163137597e+00,2.586289607785827727e+00,2.380672471787243172e+00,1.410143398015766047e+00,9.732751787417088796e-01,-2.503631381858755667e+00,1.903758507228258345e+00,3.333506166957125316e+00,4.917868205039317431e+00,-1.445435502102967673e+00,2.387593734516004318e+00,8.044176941700930117e-01,8.009828892424409874e-01,-1.014725797581151490e+01,-3.434843367093947553e+00,1.810721514397888754e+00,1.350467745687881083e-01,1.154069137239954745e+00,7.718108545323227432e+00,3.054282507942462477e+00,-1.919857226298583353e+00,-4.308209190108474473e+00,-1.607619155735649619e+00,-2.120418850610693351e+00,1.727777493244665452e+00,4.975232882133563628e+00,-2.372345114842906444e-01,4.503855059706730835e+00,-2.587573805455543052e+00,-4.573888765818685087e+00,-2.160092203805524802e-01,-2.719388119177138297e+00,-1.172831791751785069e+01,-7.801965348015908575e+00,-2.182814282136955164e+00,-2.852358194287996085e-01,3.638075832016719691e+00,1.034409098157572693e+01,4.064029709047088268e+00,-1.266298518727328792e+00,9.705860541009112552e-01,3.651334965603167393e-01,-2.919215765224117742e+00,-2.656347801474074011e+00,8.538797335636194585e-01,5.389999752822051127e-01,-6.462778415616477368e+00,3.470107703844234948e+00,1.226045579754485582e+00,-2.629059020171388705e-01,-1.298159642269211211e+00,-7.575832433021274792e-02,1.466388839249475939e+00,-3.591134489135372032e+00,1.820297942157649285e+00,7.546564880754539573e+00,3.069114940941247482e+00,2.503142540576616337e+00,6.226390831081986654e+00,2.741068027989241429e+00,-2.655924979600144953e-01,1.338391596174106191e+00,-5.649867447442360024e+00,2.106014498178097050e+00,1.667185385555097987e+00,-7.874830731834734365e-01,-3.379918084208665130e-01,9.685803857466332545e+00,9.470019759916291635e-01,4.020772938819545672e+00,3.601092467981429124e+00,-6.208244104344579739e+00,5.569199635663144576e+00,2.435107023770477053e+00,-9.937964308768681282e-03,3.379151473762886493e+00,-1.535154634677023122e-01,5.812540295429399428e+00,1.736768279429359074e+00,3.427266129929465777e+00,2.323497907848949939e+00,-2.465430970142791445e+00,7.269407244458966910e-02,-5.863137567428385211e+00,4.247950738016561978e+00,-6.198374669993118147e+00,1.745802939322934844e+00
-6.527568262306351343e+00,-4.328177056282697777e+00,-4.410116823139802911e+00,-2.179828537669223021e+00,-1.360917118988536956e+00,0.000000000000000000e+00,4.670031563785443374e-01,2.311899549270037824e+00,2.025659527726435538e+00,3.180389935143134172e-01,1.103672983834748145e+01,3.696096707391727243e+00,3.521072837055081894e+00,-7.538758443237343343e+00,-4.330388411092225276e+00,5.069848899154453470e+00,2.023343334192793996e+00,-1.324302193650965354e+00,-8.570708039423058366e+00,-2.572837254653653538e+00,-9.577129057497406617e-01,3.059489173100628179e+00,-7.710895247179815115e+00,2.827381455588511283e-01,5.194179551947131657e+00,5.642601710079282462e+00,-7.939047843301125340e+00,-1.440253873982029642e+00,-1.096081289593648034e+00,-3.319784342528774523e+00,-4.804858980424336679e+00,7.594357780416542525e+00,5.718942806969099735e+00,-5.188368986253171222e+00,2.138343440553454933e+00,-1.519207209449620510e+00,-4.978123661529918031e+00,5.430819709878353052e+00,2.720479665955439774e+00,4.494289285403049838e+00,5.274209499813279578e+00,-3.088816023612250827e+00,-9.639709528846782671e-01,9.525732306562799678e-01,-1.969091795586440874e+00,-7.079096374189577823e+00,-8.197102008060358713e+00,-1.657789636015907009e+00,3.782348427642049149e+00,5.230949895623943746e+00,6.752638164790448982e+00,2.355558427137447897e+00,1.825764945413393070e+00,1.171505324263991454e+00,1.513430792789505652e+00,1.173577069715762144e+00,4.173826792089198712e+00,2.577980723744028868e+00,-1.821311555083335643e+00,-3.573661753825760901e+00,8.352664222207435429e+00,5.232609140531553349e-01,-3.628208942623872169e+00,-2.891546289874948439e+00,-2.176023383265683009e+00,-3.496725514108008692e+00,3.265546898109079166e+00,1.131395345484770942e+00,4.140239332734876876e-01,-4.281909691901794268e+00,-4.978479755824667397e-01,9.013071100074493414e-01,-9.881164959861517272e-02,7.190819084243191384e+00,9.783678069055747883e+00,7.549569626701422287e+00,1.428139776811655270e+00,-4.380571086318554741e+00,-6.332431245689587485e+00,-3.307419566394022681e+00,5.233594610474353814e+00,-1.049277943950480907e+00,-2.715672389913093454e+00,3.842722577501918479e+00,-3.810321096478454184e+00,1.583314575058724527e+00,5.229386281920330504e+00,3.310819103235176364e+00,1.760508490468787324e+00,3.751342447873193375e+00,5.696228289182252436e-01,6.246404324021426646e+00,4.362384553227890649e+00,3.146293451281347853e+00,-5.281339583917681324e+00,1.268741252856442792e+00,-7.704971953977424182e-01,2.702939254192961105e+00,9.928923214383258422e-01,-2.637169095293013132e+00
1.942567215327435648e-01,-5.296777123318916480e+00,-1.498239460486783248e+00,-9.816789200046320829e+00,-4.104315550300875692e+00,4.670031563785443374e-01,0.000000000000000000e+00,5.344181736178998943e-01,5.368941581324448986e-01,-1.106377332920761569e-01,8.403156188772948454e+00,1.711635762843504605e+00,-3.806313133184147990e+00,-6.357824006956281693e+00,-3.367003649500376117e+00,9.868999449534111790e+00,1.770648570259891752e-01,3.834225579375742932e-01,-5.618393986626093017e+00,-1.185506958729988014e+00,-1.206352399071388470e+00,5.279810232333868925e+00,-4.930829923017572725e+00,8.868335203426802593e-01,4.796522611015709536e+00,2.292189923463934687e+00,-4.631681376287546392e+00,-5.937433246254189001e+00,-3.137975438013810514e+00,-3.474382825871641156e+00,-6.729396343151700322e+00,6.650626450859497218e+00,1.256126503650664583e+00,-3.305586343265637606e+00,4.220500582589650662e+00,-2.110499471724603393e-01,-1.178904405281961498e+00,2.857301374561151963e+00,8.271292220606691004e+00,3.233580168525836740e+00,4.229245160703164252e+00,-7.867283632771928659e+00,3.111934621584852234e+00,8.824034814982358199e+00,7.255165996389811855e-01,-5.301082227463374430e+00,-7.471364700114669688e+00,-3.293816612597363580e+00,3.930734230451564226e+00,9.140372922890295015e+00,6.890424537035189978e+00,7.088743548630106694e+00,9.024656909551525885e+00,8.756937610429908148e+00,2.014893187797891727e+00,-4.068962084633804821e-01,4.629210025131427764e-01,2.322332752518825316e+00,-1.094414852664105098e-01,5.235804572517801514e-01,9.172427240538974402e+00,2.810489288067332669e+00,-4.844990044930409745e+00,4.443876485744976956e-01,6.459287283037739025e-01,-2.318814337121419822e+00,1.858582694154486958e+00,-4.012388150087803362e-01,6.064884901326711431e-01,1.537754365647500121e+00,-3.380727708490132155e+00,2.642454541780606014e+00,-9.682618114267115272e-01,1.998203010673086144e+00,1.826136169451119340e+00,6.401013085744517994e+00,1.471445727328348108e+00,-4.383339707753923342e+00,-1.049406426620159394e+01,1.793125361984519439e-01,7.457970202962184381e+00,-2.380165257035661508e+00,1.053888993217961367e+00,3.618201258123984188e-01,-3.234923861421882485e+00,9.827157708613153408e-01,3.217136083704660532e+00,-2.717199422909392759e+00,5.525332003600325059e+00,4.497118397992619698e+00,-1.454814268904323304e+00,4.717100525360269359e+00,5.751312818912695413e+00,6.652779999918172926e+00,-5.466769956435938438e-01,1.984797891547218196e+00,-5.167763895842136357e+00,-3.777507753901130361e+00,-2.001722887448296184e+00,6.073271560651715362e+00
2.652303581058137905e+00,-8.089859737327687039e-02,4.933585090695017938e-01,-5.103950557922914966e-01,-3.418324748011541292e+00,2.311899549270037824e+00,5.344181736178998943e-01,0.000000000000000000e+00,-1.800946627197312244e+00,-2.212368838854522846e+00,7.674174382599651345e+00,-1.972665960157697462e+00,9.551915438732605512e-02,-7.266323936993611454e+00,-3.899269192853836774e+00,6.361986189865138641e+00,1.623604919888287812e+00,1.987638073396467142e+00,-6.753608789030963067e+00,-2.291155568848468160e+00,-1.721194888240507259e+00,8.357885113004119848e-01,-6.671619426853403034e+00,4.547974043141406741e-01,1.009150288806222040e+00,1.200801088690424123e+00,-9.115187043712174031e+00,-7.711884439732579644e+00,-1.834835132804764513e+00,-3.133602758006531985e+00,-4.565201120425153469e+00,1.224123995592782421e+01,-7.905448924275952916e-01,5.565475983509786673e-01,2.247008624627780282e+00,-1.199150563485633869e+00,-7.551749636711307723e+00,1.620333396302226392e+00,6.297846293308476007e+00,1.779756985315008866e-01,1.720463665351633420e+00,-7.220442089417690390e+00,-9.634944689965446729e-01,5.204142212494027753e+00,-4.426170938424910162e+00,-9.955905814406383669e+00,-1.002887772223991192e+01,-7.083215810631460663e+00,2.318157946510839729e+00,4.223876602588134688e+00,6.484562433979538021e+00,3.944896533312598041e+00,3.054248798420339028e+00,4.681939277505264840e+00,1.404466664777596963e+00,-1.192077535605703620e+00,-4.265160888216898427e-01,1.308474217958338848e+00,2.342761530065161635e-01,-6.462294334038044319e+00,5.071576331686055816e+00,3.272103374417183463e+00,-4.576207717330557756e+00,-4.642911191010183902e-01,1.828267736580946545e+00,-3.936913834733699602e+00,-3.767555714785122412e+00,8.220430247629508802e-01,1.981467881523592267e-01,3.783481609376829979e+00,-3.236634029408649305e+00,1.149750442734138733e+00,-5.299156628604377417e+00,1.611682285848256679e+00,3.448884331882181797e+00,-3.216733483932712634e+00,5.922798502622587113e-01,-4.528578426668516954e+00,-6.249954343101666865e+00,-3.637080319864294697e+00,9.805489243034378077e+00,-3.358328911731993216e+00,6.341506633180074015e-01,1.302455917261674534e+00,-3.622454416234668351e+00,-2.230036258933534576e-01,-2.808782223551076207e-02,-2.721274492802015832e+00,4.963499120720778812e+00,3.739930484340862060e-01,1.482829679232318121e+00,2.984755386433013413e+00,5.583295477784369076e+00,4.491574797079579184e+00,-4.694906500754814971e+00,2.086669110784879155e+00,-3.563821511579661205e+00,-5.918609392215192777e+00,-3.484850351019042058e-02,-3.827605736772716205e-01
-3.666712256992779029e+00,-5.752145773666950568e+00,-1.176561488825047741e+00,-1.164030131190529671e+00,-3.041141572527448211e+00,2.025659527726435538e+00,5.368941581324448986e-01,-1.800946627197312244e+00,0.000000000000000000e+00,-1.165787592016897523e-01,1.312092820632893186e+01,6.041722989294336932e-01,-2.441050481260715443e+00,-1.069925895128752202e+01,-8.467640179530267375e+00,3.003326057785050462e+00,3.881713927414334186e-01,4.317525254430501391e+00,-9.256768707804129193e+00,-8.480542877939438728e-01,-2.387656173963986550e+00,-1.340700137852756768e+00,-8.971266599546355636e+00,1.445563484223052475e+00,-3.904773392518715802e+00,7.554399696990634627e-01,-1.144009439893510383e+01,-6.983660955114661562e+00,-1.508745225730256712e+00,-4.555053912838656238e+00,-7.753109195899907657e-01,1.440541154650013667e+01,8.167356599535136041e-01,7.195902402678634457e-01,-4.649116805885123993e-01,-1.747691375284716964e+00,-1.222004133063956388e+01,4.700344292661635670e+00,4.897905586848980697e+00,-2.471295095436339823e-02,1.304106057673160457e+00,-4.352034629718552594e+00,-7.443479919035662640e-01,8.829527772777358008e-01,-6.906342985915191690e+00,-1.293908945214456452e+01,-1.270685154964596997e+01,-6.094295663773202421e+00,1.044325209417753086e+00,2.083289799062421732e+00,1.191963581880628986e+01,2.944561737647626298e+00,1.507168152891962931e+00,3.133650900605584044e-01,1.391691202787948445e+00,-3.362646580613556146e+00,-3.498821626344128521e-01,9.770042872736068862e-01,-9.575046857005220513e-01,-2.986538854537633014e+00,5.758578735710029761e+00,2.071311329524177514e-01,-8.345490108138555740e+00,-4.855080633981304850e+00,-3.176282883377336219e+00,-8.222967053224044420e+00,3.390791280979962297e-01,6.222540038576888088e-01,2.502743039022268690e+00,2.921493725459135327e+00,-6.590232213656681104e+00,2.947255593131959728e+00,-3.655535297763552016e+00,1.366626789200787284e+00,6.755910575800948337e+00,-3.356426700300751520e+00,9.467782437803439199e-01,-5.633684354471022004e+00,-2.654852266144808404e+00,4.662182327683164762e-01,1.123988348762101808e+01,-1.519609940480377785e+00,-4.369981941809133019e+00,-1.207216954284813237e+00,-6.037724440486299748e+00,-1.234538773938994582e+00,7.533216934585044156e-01,-1.039812486338085318e+00,7.118190310917594132e+00,8.508282417691537258e-01,5.526507950226057453e+00,3.369003943856498928e+00,4.040234835249952638e+00,2.042192683596530056e+00,-4.122257493797023997e+00,-2.464208224502483002e+00,-8.075511900284411126e+00,-3.446903089932750852e+00,4.061402094427784548e-01,-8.708693494767715260e-01
-1.021764810508489774e+00,-2.590074519709779199e+00,-3.013026759090387863e+00,-3.642416193619066878e+00,-1.342495904782588179e+00,3.180389935143134172e-01,-1.106377332920761569e-01,-2.212368838854522846e+00,-1.165787592016897523e-01,0.000000000000000000e+00,9.571049087226777274e+00,2.481883738504040871e+00,3.940399030988990248e-01,-7.709051016070942453e-01,-1.408838648269828298e+00,3.395092397897347514e+00,-6.195524044285295739e-02,2.694678167272246849e+00,1.025694854318417892e+00,3.719202652239200990e+00,7.334277947074415716e-01,3.051864999300714754e+00,-5.301133324176606543e+00,9.144629348307169447e-01,-8.029958788437140171e+00,1.019549749850181897e+01,-3.583543560427753683e+00,-3.439270321182738677e+00,1.275814313140091860e+00,3.269231135422401735e+00,-4.978671286703543863e+00,1.470060325353394681e+01,2.845868567467526145e+00,1.406583070796122659e+00,-3.173670013898019615e+00,-1.871573126610094340e+00,-5.911851467774008384e+00,3.534379515613688572e+00,2.086939737619191160e+00,1.506511565409661024e+00,2.351836147073408601e+00,-7.733414276902752071e+00,-1.399385330197128741e-01,-7.347352614691431416e-01,-2.808471837609153532e+00,-5.975739204361103951e+00,-4.373009368513447903e+00,1.689543314150958153e+00,4.805959251333678850e+00,3.275277469115012163e+00,7.408972284974817413e+00,-7.330715987962399538e-01,3.783226639133438485e-01,7.311323167220893815e+00,4.873681593355677855e+00,1.287162731269256843e+00,-2.048046879380058805e+00,1.589272033184051747e+00,-1.869526015216125409e-02,-4.078256089220411162e+00,5.855548986819108848e+00,2.833573470856789012e+00,-3.444574758421461436e+00,4.151775000768065382e+00,6.424141274539552526e+00,6.466163177864547862e-01,-2.991116958176094354e-01,5.199053729127698809e+00,1.723312891005798875e+00,2.171653350774475300e+00,2.777697488668995796e+00,-2.261784282135859414e-01,-3.370959736782872973e+00,4.602007434622924720e+00,4.120908270885182745e+00,-5.176451310750762591e-02,-2.399097322066199856e-01,-3.892415180327816415e+00,-6.417020671430252676e+00,3.467582709697300203e+00,5.162533647423470207e+00,3.578175592976894581e+00,-1.718150090888532322e+00,-1.905334774168621514e+00,-2.870897018333395945e-01,3.226479389259711894e+00,4.000915797651935613e+00,1.312895388980845235e+00,8.795159520077387327e+00,-1.880871277684760479e+00,6.580444489228290950e-01,1.126527425465406296e+00,2.106783896755890062e+00,-3.399084101433819338e+00,-3.172866135327407466e+00,2.715823775812948426e+00,-2.826278150188891392e+00,-3.330968587802979997e+00,-3.189124285489599142e+00,-2.085726791888815879e-01
5.063663033605519281e+00,3.121103430857806060e+00,-1.296509788786809114e+00,7.746099255521957438e+00,5.606647577698728568e+00,1.103672983834748145e+01,8.403156188772948454e+00,7.674174382599651345e+00,1.312092820632893186e+01,9.571049087226777274e+00,0.000000000000000000e+00,-9.098386843440763982e+00,-1.257898423914456831e+00,-7.078394455589923417e+00,-3.988859099271389486e+00,-1.750987700057195506e-01,3.703864999240917388e+00,-4.119025578687500300e+00,-6.191042435128752963e+00,-9.253995795231704236e+00,-6.660248674233699262e+00,3.327807542832976306e+00,-9.092569998223291705e+00,-4.082620389084302026e+00,-6.431125426933662403e+00,-1.897673759681910433e+00,-2.603525113533650681e-01,-4.862415536513884362e+00,-7.966223463053662357e+00,-1.239102082116001036e+00,-7.789444810059275248e+00,-2.373948430198281390e+00,-1.317545543755764115e+01,-7.251317948899167476e+00,-2.708839350462096673e-01,-9.919877466034355606e+00,-6.859863802646299469e+00,5.016959773266881584e+00,8.656554057070944275e-01,-8.348253072550274823e+00,-4.606638934458279877e+00,-1.946946227539410490e+00,-2.258949847548147538e+00,-5.996984137951977267e-01,-1.116836891597145609e+01,-2.674898973518658352e+00,-5.909249240408031234e+00,-3.618176915982317610e+00,-1.811882395710301852e+00,-5.785055188186433384e+00,-5.565962650430085645e+00,-2.517263746103553856e+00,-3.739492089194823787e+00,-2.035497335218226400e+00,-7.123485693498848192e+00,-4.547440380219184952e+00,-7.869384637798604309e+00,-1.263876488024121159e+01,-8.813203476858094021e+00,-1.249084032207500972e+00,2.958990801996956410e+00,-4.323088067046739980e+00,-1.094966245503902202e+00,-2.709080580956661155e+00,3.155624108365580494e+00,-4.325672673150554814e+00,-1.057038146553700386e+01,1.573581456643964538e+00,-6.745260979428552295e-01,-5.867669612698312775e+00,-7.742124335238629307e-01,1.507276084168991837e+00,-1.509479596462582673e+00,-6.015836438858416457e+00,-1.892978999947846130e+00,-2.853229861497658781e+00,-4.107651043040947414e+00,-6.035015140706380343e+00,-9.870037273038153813e+00,-8.819175217022003466e+00,2.572947251777348399e+00,-5.706077984057904118e+00,-8.321382715879233061e+00,2.727782963169933517e+00,-2.430588358216597467e+00,4.671600991115581358e+00,1.145568500019646496e+00,3.623675972738041207e+00,-3.273426910603722373e+00,-1.142494578803274052e+01,-8.004230982918008053e+00,4.849553352628920067e+00,7.484770153735222031e+00,-3.269215063365468410e+00,-5.523196951422938206e+00,2.387933723612091441e+00,-3.584721310963628227e+00,-2.493763827450170112e+00,-1.268846712639774843e+01,-5.224048632473546228e+00
3.959609426964395773e+00,-1.990060569979529514e+00,2.014055445179307735e-01,-3.693314115660652208e-02,-1.987727235578941487e+00,3.696096707391727243e+00,1.711635762843504605e+00,-1.972665960157697462e+00,6.041722989294336932e-01,2.481883738504040871e+00,-9.098386843440763982e+00,0.000000000000000000e+00,-8.871023448342908735e-02,-4.055385887440150050e+00,-2.249511705509617876e+00,4.472590659676408009e+00,2.426109075158128903e+00,2.243745649537659315e+00,-3.258737804511310010e+00,8.670743181785298681e-01,2.546019013211356374e-01,-2.729214268336815352e-01,-3.982902170750027615e+00,-2.111745557564182474e-01,-6.071124760492696559e+00,2.489365467608606775e+00,8.591364230299809446e-01,-3.176653115618301104e+00,2.752597860773508542e-01,1.735234511363660248e+00,-3.433812383058989948e+00,8.602489128940016272e+00,3.080931479954609475e-01,1.925441312002276861e+00,1.088239527812937091e+00,-3.782366489238579099e+00,-6.033638373494201623e+00,3.814511569403322255e+00,4.639976321235300460e+00,1.702685423870327286e+00,2.512141685608495045e+00,-5.140577607249483094e+00,1.434759221646703664e-01,8.955094456069796038e+00,-8.961794427698983156e+00,-2.392279603512025954e+00,-3.485408475201494660e+00,6.677556469866783306e-01,1.652538342449596298e+00,1.755216564555840408e+00,7.983711656722749517e+00,2.189376081248984196e+00,3.979450560893503519e-02,-1.510205059806293271e+00,1.537386730035375626e+00,-2.310874004947120586e+00,-3.912747149960910331e+00,1.425676464480403416e+00,3.147057364609270547e+00,-1.179082034362670450e+00,4.422335835987769137e+00,-9.817835600320127254e-01,-4.017708900163118102e+00,1.693217223152361783e-01,5.785319014569341611e+00,-1.178001368568232676e+00,-1.871312377185987197e+00,4.374419378604885722e+00,3.550179325756560367e+00,3.788344496573483600e+00,1.376608394673910496e+00,4.761854946446178793e+00,-2.125887034324231539e+00,5.937884963406575345e+00,3.938480057083769914e+00,1.985147995390072584e+00,2.445843131857442732e+00,-7.200430867815315494e+00,-8.667883879825971860e+00,6.058026488908981655e+00,6.193815161998380781e+00,1.700331232756963629e-01,1.812258585653519827e+00,3.121271270473245707e+00,-1.085391017835835248e+00,3.209860949201644331e+00,4.036653062632300504e+00,4.793754542709859123e+00,9.433404630735720886e+00,-2.321349669376359337e+00,-3.261485732189861042e-01,1.635515103404818316e+00,7.341275604257852194e+00,4.590734598318383597e+00,-1.701320173749676590e+00,5.715111138500131638e+00,1.359692312609622311e+00,-2.819553678936244090e+00,-3.108427238457952768e+00,-1.081838270998110252e+00
1.978438038566946222e+00,3.596852652917537529e+00,-8.995295494849585294e-02,7.829412485226938223e+00,4.176270655863867809e+00,3.521072837055081894e+00,-3.806313133184147990e+00,9.551915438732605512e-02,-2.441050481260715443e+00,3.940399030988990248e-01,-1.257898423914456831e+00,-8.871023448342908735e-02,0.000000000000000000e+00,-4.778695303854870069e+00,5.149454864420863753e-01,-1.495656565286674455e+00,-3.365705357841548562e+00,-2.230471193250611606e+00,-2.268061243930711512e+00,-7.533087994139896715e+00,1.434152139291040573e-01,-6.076985407186795030e+00,-3.277568022079928589e+00,-1.512518880136669575e+00,-2.149863763799177097e+00,-2.953480848809970638e+00,-5.726422167616389558e+00,-4.979251659768173077e+00,-4.991371791247637191e+00,-1.642965510348062930e+00,-7.073798551699215231e+00,-4.740372421297783134e+00,-1.025314979303163376e+01,9.400241183810504886e-01,-2.508001483363741624e+00,-2.014431882712024002e+00,-7.933888051842981959e+00,1.946370754973508088e+00,5.386628399223973851e+00,2.861291428819649152e+00,1.853851841312736504e+00,-7.474923439605115405e+00,-7.780256244697143053e+00,-3.051561828068099391e+00,-1.155571180714607671e+01,-6.353459706806257046e+00,-3.713983485735690593e+00,-8.954239953917083383e+00,2.192459808978418856e+00,-4.812713010205074582e+00,-1.247763848009862508e+00,1.554999742134547835e+00,-6.033257103883582495e+00,-4.949960310828981136e+00,1.141322259101626768e+00,-9.820402238031600284e-01,-8.195934894283810834e+00,-5.529571238421668866e-01,4.811135946840718325e-01,-6.985129707433767265e+00,-1.603780911642257667e+00,2.910774029936870733e+00,-4.049901748380753119e+00,2.360267276125953995e+00,9.624730590975826061e+00,1.192214001453017813e+00,-2.287934544959588035e+00,-2.606788765204532954e+00,-6.356369766937515209e+00,5.127185753951596370e-01,-1.426569753638209814e+00,2.386371610097856588e-01,-7.321614777321104661e+00,-4.653788982759163306e-02,-2.341785572959012462e+00,-5.777193316636497045e+00,-4.721537062789579742e-01,-1.080933578321047639e+00,-6.109863694610744744e+00,-4.566050432589042529e+00,1.543217920915872954e+00,-8.100854286107344038e+00,1.835856640546250418e+00,-7.839329996121663369e-01,3.577159006719658141e+00,-4.358101800656998037e+00,-2.696544518015617786e+00,1.667400960437406043e+00,-1.133181104295959418e+00,-1.900414525341767302e-01,-6.085637426413370576e+00,6.146470239080145781e+00,7.118681437971843273e+00,3.222761296308520151e+00,-7.564444028083478599e+00,-6.388927434786505266e+00,-7.209887667952830981e+00,-8.353309103564710014e+00,-5.218336260545178851e-01,-1.042340672638060539e+01
3.411378013100194173e-01,-5.194227686957941792e+00,-6.819948219063498129e+00,-5.224242093659479558e+00,-3.932165496163137597e+00,-7.538758443237343343e+00,-6.357824006956281693e+00,-7.266323936993611454e+00,-1.069925895128752202e+01,-7.709051016070942453e-01,-7.078394455589923417e+00,-4.055385887440150050e+00,-4.778695303854870069e+00,0.000000000000000000e+00,6.764886034389042679e-01,1.180464327560277482e+01,-1.396074741029761368e-01,6.082249998544055458e+00,5.129166512225156321e-02,4.702733361311588478e-01,2.961769465192973794e+00,3.805185197017002086e+00,1.543026064214338522e+00,2.806817271661322444e+00,9.469723071137593706e+00,7.758468584319498262e+00,-2.700368489647694492e+00,4.620590113002164045e+00,3.223663961394931388e+00,2.871369364453129513e+00,2.391290111096473492e+00,2.327374678199495950e+00,-9.047711126472126608e-01,6.210633631730757998e+00,-3.891371029724174146e+00,5.582513781504073513e+00,-5.260238354210878597e+00,6.500671045606026155e+00,6.775788970179240422e+00,9.023559110748243794e-01,1.083590333531451932e+01,3.532758843790019032e+00,-4.803727203926885791e-01,2.113301068662237547e+00,2.494071515293141861e+00,6.267875154426840734e-01,-6.738284086891396463e+00,-4.061884572273505967e+00,7.877282536535894053e+00,1.273834359026042939e+01,-1.551859061660582961e+00,1.514154006247145645e+01,9.389868748116050767e+00,1.299109423097167415e+01,2.366621824469544055e+00,4.821006868691682712e+00,5.141603972416607604e+00,9.865315979724670115e+00,2.339158852454554793e+00,8.380856587852594686e+00,1.493457252879983521e+01,6.896975232199965333e+00,4.088440368937513725e+00,9.711655421697730217e-01,2.747464601524371997e+00,4.465469963670399167e+00,7.399451493162487736e+00,3.299309465666877550e+00,3.702616521358204960e+00,6.392068556026614168e+00,4.576315687714703095e+00,2.501559097080946703e+00,4.557351614201200718e+00,8.069245707495788622e+00,-1.039771844300963810e+00,1.433887076736603206e+01,5.883132874161261405e+00,3.440625550842116187e+00,2.084040023215331772e+00,-8.617688026597354778e+00,4.678022670653700033e+00,-3.763750167304540928e-01,5.664195052464827684e-01,-2.697376934547424998e+00,1.851057534049702191e+00,5.591219190181880627e+00,9.806028111343833231e+00,5.129489708244920898e+00,4.266895547035764125e+00,7.929063033373721758e+00,-5.280710658935477753e+00,9.203827131477350321e+00,1.121885774868247765e+01,3.981717732786871800e+00,6.618831440452158654e-01,6.390214681594481583e+00,-7.990752291368473648e-01,2.810168144063148521e+00,4.358054528349898149e+00,5.848357699204042248e+00
1.257182981460888582e+00,-7.629581695970617528e-01,-1.162055313062118955e+00,2.641006636634311455e+00,2.586289607785827727e+00,-4.330388411092225276e+00,-3.367003649500376117e+00,-3.899269192853836774e+00,-8.467640179530267375e+00,-1.408838648269828298e+00,-3.988859099271389486e+00,-2.249511705509617876e+00,5.149454864420863753e-01,6.764886034389042679e-01,0.000000000000000000e+00,1.597795843819501016e+00,-3.110947988802598818e+00,4.977577410575547034e+00,-1.036771968743346539e+00,1.334604789222013643e+00,3.227466360349067753e-01,4.241713165748228764e-01,-6.756667815179797643e-01,1.158048747251668287e+00,8.100809500244693595e+00,2.015682909445054349e+00,-2.644247847275815744e+00,1.395576010843161407e+00,-1.024837548107981000e+00,-8.935362804800756065e-01,2.129105294351754107e+00,2.693244134061217210e+00,-8.182189346684783260e+00,1.247616637713198973e+00,-7.075300377887039360e+00,-7.249956075839047998e-02,-8.700265201895430067e+00,-1.744307313224126910e+00,1.563150599832247467e+00,-1.463171213724884900e+00,2.548179684877841300e+00,2.118885041368019806e+00,-7.048453003718558207e+00,-7.767201665570569347e+00,-8.562487576319181670e+00,-2.723701208984567579e+00,-9.276232878587487463e+00,-8.116668798300244347e+00,2.014091963432018684e+00,3.513370052089231255e+00,-6.524342442627159677e+00,3.511241658345658934e+00,-1.360825760160611769e-02,3.611819053601684093e+00,-2.415872327495130367e+00,4.103656164429870579e+00,1.346584979648466796e+00,4.854077699266669654e+00,-5.977823488530845886e+00,4.790174829469790119e+00,1.153056989643093999e+01,-3.831193025672850055e-02,9.126254851940284185e-01,8.121988550820227193e-01,-1.331778488601748967e+00,1.451212025075207857e+00,3.792565006489113433e+00,-1.584097373744181025e+00,6.043347320079196505e-01,4.332816732522563719e+00,1.033915705785874106e+00,2.037551787816248350e+00,1.413766014429747253e+00,4.513404645196124498e+00,-3.376685274041903106e+00,1.019603409349549317e+01,2.959584631000801380e+00,3.465632642865161817e+00,5.357084137339002128e-01,-6.278817518957648502e+00,1.311120715187163555e+00,-2.355967558077834756e+00,-2.212348556634696539e+00,-5.369945321302316721e+00,-1.263642005888732323e+00,5.535246717339153966e-01,2.406656606682437083e+00,3.510799852107312269e+00,3.883996815102099820e+00,3.425942870390542794e+00,-1.022934121240251848e+01,3.837342433224773419e+00,1.812899779060660466e+00,-1.920541926319190740e+00,-1.162467971591346405e+00,-1.801843573241255658e+00,-4.780387598239713043e+00,-3.532160648158371719e-01,2.792318915638350996e-01,-6.661697845631657788e-01
