0,1,2,3,4,5,6,7,8,9,10,11,12,13,14,15,16,17,18,19,20,21,22,23,24,25,26,27,28,29,30,31,32,33,34,35,36,37,38,39,40,41,42,43,44,45,46,47,48,49,50,51,52,53,54,55,56,57,58,59,60,61,62,63,64,65,66,67,68,69,70,71,72,73,74,75,76,77,78,79,80,81,82,83,84,85,86,87,88,89,90,91,92,93,94,95,96,97,98,99
0.0,-1.2955167184554952,1.72791477128803,5.553042178910032,-0.5899753059957988,-2.629459372409187,2.2362632599061376,0.12270821417349706,0.2661069946709917,0.8643682044695947,-4.219955868175383,-13.034788271536941,-4.349568128593624,-3.204407594091789,1.6464600711527506,-5.183730428886542,-3.711362017156896,-0.8926934976587855,-2.187786291153948,-6.155706568414641,-3.416262059787564,-2.8596853775527475,-1.0399932823021842,-1.1022189042693125,-0.33864602532465626,2.105122269667094,-2.925712845730795,-3.58879647041419,1.5156656704733886,-2.377245929603117,-7.977310517874648,2.7351116454859263,-9.069898168613886,3.1802713414070887,-9.147709375251088,-8.228807486978202,6.725129072365092,-5.145953406915248,-1.3383849702424466,-1.5796752037255983,2.390558517041329,-10.250687359028031,-6.25162489679916,-0.2682100981294918,4.793959810998532,-2.0300708864700567,1.0933594574578265,-6.996597119782573,2.8725522194701965,8.330522899898249,0.057426632964980434,-0.5701015871587961,-2.4650561800871498,0.6601489781570027,-0.12625689195088446,-1.9613460031560597,-1.3215459553732087,-9.201978582806733,-4.640805633908932,2.6471125509032825,3.1804599249737966,-1.8284132624910283,1.9203684827717904,-2.5155688780094305,3.768163951036388,0.6204012477695278,-0.07420937730241929,-4.394945488776794,0.32171143653880974,3.056635608792249,-2.6526587227627916,6.826013487149856,-3.4163958339517375,2.335742806302332,0.17813469015729896,-1.8812777067529785,-5.562408046092244,1.8481762077961224,-3.2892964359613064,-9.119546813351661,6.1931183475906995,0.6788418402978549,-2.873855824996588,-2.845069138685405,-7.80623663642856,0.8259390843456184,7.135951953712945,-3.274383324357699,2.540712346604171,3.848277902567824,-1.5490516148018012,-0.9230561182119296,-5.2586601507069615,-4.659593285972802,-2.360462482891508,-0.31897270679230394,-2.9384856119127,-9.405920008222578,-6.737674059655564,10.21957809597627
-1.2955167184554952,0.0,3.0788951150272887,-2.281586470892291,7.358483682043027,1.539721211794332,-2.1235390988068934,-0.09526601582505795,1.1346338472984216,3.728427113645168,-2.3879044268306586,-0.11332103721009441,-0.4788548232846652,3.504036515200612,4.955114251772833,-2.4762093761005057,-4.736704682774262,-2.5373021460174874,-5.827640107026182,-4.225810365345952,-5.19467011419483,-2.5706272703054,4.61729223903334,2.3043618448628305,-0.23896040319978556,9.22118426500386,5.733429347780008,0.625942861794556,-0.5443630346491012,8.706252682797945,0.4501443984524768,-1.0223055109092,1.8316322917331056,-4.274997002893562,8.022992360692944,-4.574648812576106,-6.317300468816177,4.980723843592321,1.44003904136691,-2.935471699145769,-5.099618634318544,4.519609118356941,5.980889534155094,9.503199842955526,10.44350726845945,0.18308232471242672,3.0525533855025366,5.6773155464422,3.9597739583990137,-3.424943024010109,2.9640569613371035,2.15668855487042,2.2205947831299753,10.509012608553652,-0.7476824055839301,-0.5029895338497288,1.8793947348955504,-0.29876805280492025,-14.611058374197036,-1.929664422267278,-4.284812612337436,6.18426714752612,5.528233221044744,4.11200332395393,5.980583551804696,8.668126612682714,4.7922254604415295,-6.470621598668571,-2.7870980764266013,0.9417085060369668,5.644421209514197,3.4571043889709983,5.9913481713247485,-1.3007015224169642,2.9240275748347164,-1.0222738912259557,-0.5285599533224097,2.435690362469264,7.753668025747865,-5.440249475210221,0.5459226694649006,-0.2870433201510126,9.078786809549788,-0.8740727261463894,0.9085167634937432,-0.8494087347203079,4.151975390925579,3.244418674201704,-0.4434529341399988,-3.1101986978024985,-1.6728173967587907,-3.8404673008374943,2.938125363190052,1.4870475038323376,4.189335675130932,4.794883625530392,-0.8658096392874274,8.963907664586086,4.919774336777749,0.1773420758745882
1.72791477128803,3.0788951150272887,0.0,-3.672591979793834,0.34848212807636136,-0.5875061451999379,-2.6273115031598366,7.666475315183862,-0.6436693607851932,0.6458111921257071,-0.750538369141029,-5.234640036237774,-7.263682417975491,-2.270253043741125,1.7634136412221972,-3.643246725425692,-11.143896437123322,-1.4578710603921892,-8.260806430630552,-0.29370725440299206,-2.2067942506764817,-6.051494493087443,6.425457184700561,2.257322670793146,1.129519135101148,-0.5511068932475293,1.4133892711475586,2.9200720649551206,-2.0689123118968817,2.700083241315879,-0.23337453558507604,2.7717111062336395,-10.652535551116776,-3.7242148924125185,0.14347336554069004,-3.4961744818181417,-2.691135253216023,-3.679920375099973,1.5966631812266736,3.461546444990925,-1.5600804799725752,-5.201788798592476,1.4081622576625448,4.003119766591798,3.746055308613361,-10.236831383730724,1.4391431838965283,3.8777297222310136,3.1782326836631505,-4.184132873351082,1.5443156570369798,-4.425055433376032,-2.7924938248136337,-3.74242354723389,3.745954569777892,0.08401030388143643,-2.78843605602574,1.5102961914872852,-7.638285222299258,-2.3840946057700263,4.81561793923454,2.7595379581307555,0.4725709878013859,-2.371725004084293,4.226844842342113,-1.1384170639968167,0.5725578630544348,-9.191164127919903,-2.423922148225259,3.107362370328065,-2.5733695668143897,-2.590781866976821,0.09203938322366256,-3.5076434161776566,-7.409405167282416,1.85309830245318,1.375731262401945,3.9927490993413497,1.3449307341116197,-7.670458631510938,4.178836954091763,5.333736087246625,3.4467556724821424,-5.425498627250768,1.561068301059052,-3.777049601625168,2.164409450111959,-5.020626039355516,0.6588164186868101,-1.5109857864322735,-0.003887271282557676,-1.142187143556941,-2.774153603458512,-1.4626222745020063,-3.955568007915867,1.4952825189758228,-2.8595532728174,4.268870975481212,-6.241376923500073,-3.0037083655717383
5.553042178910032,-2.281586470892291,-3.672591979793834,0.0,0.41431542654766096,3.1065105499235948,2.746136156109319,6.0725060774420925,-3.5752524073229544,-0.14093576513803127,9.573333078429,4.784364324928047,7.599019567636253,-1.9874784047438916,4.353724556864494,6.410573709119787,-2.4760167891115845,1.1199229450253123,2.144240021745732,-4.453945542951192,-0.85549228810894,3.3990578872496453,-3.4331243514237864,-0.5855295670574566,-5.684608720738127,3.8211852702537046,1.8132684112856616,-0.9121816461916675,4.058137427737123,-1.0030828418912487,3.6130292416132046,-1.5474374773659436,-8.074429356236418,-3.3064233589192304,1.6283389221251967,2.8404668695834223,7.6099439095976384,1.5307621860879028,-5.187547243512444,0.611321185341727,-4.504592178530348,8.812309161707903,2.869452851828435,6.399596033793022,3.9139459040961886,5.004387313191608,-6.999228040947808,-8.733701058854217,3.794086241505537,2.629071544975557,-6.8080683367587405,3.716522099318068,-5.4351145841842365,0.9834958863480211,13.120822487537415,0.8748180049336169,2.8280662592143826,7.5255215367256625,-4.052892107887402,6.608483000989811,-2.0968940967183727,0.5535132268865908,9.940236250570495,-5.148767085511164,2.3371677809966247,6.421553063363834,0.6360407916191955,2.1406120697283426,-0.9542230392670313,2.7421429404526863,9.11829283714046,-2.0042295632685807,-0.6844517976057728,5.148851013127016,2.582941780953924,2.2709491254115015,3.153140817923677,-5.346683226480605,6.496341071921491,-5.328589450112187,4.044818328540923,-1.0295123161176112,4.845508515360324,-2.124887582622029,-0.18940497142687168,6.765417803344167,-7.590211754307165,-15.17919305361822,2.9568597365037386,-2.179369853469048,-9.54038408628915,-4.970415355980111,-1.745903642276205,8.363787771518435,-2.738499150302659,-0.6162804042523358,-0.9086255690350477,-0.14941978695995017,-2.7481756942081654,4.196595571457544
-0.5899753059957988,7.358483682043027,0.34848212807636136,0.41431542654766096,0.0,-4.368456687057618,4.622462447228637,6.212635352466041,2.2097523532286694,6.646116892069398,-2.499111302259326,-2.9000837262522303,-0.163976304231572,-2.6247700152206783,-3.409472490671335,-9.574227854363139,-2.2183111869288004,-4.095518100634216,-5.551910193982144,-11.645641669908608,-7.9352302354815105,-0.08976950208760322,-4.712145632753916,3.728187552560287,-6.415580138161169,2.459193501292247,6.248167127709086,4.437536089616961,1.617681740153058,7.154696827938173,7.981782818754419,7.796283387188183,-3.6889967869462534,-4.233253326236738,2.454385057817639,-5.906002488762125,-6.1568250139263165,1.3043295862994944,-3.8685300300427063,3.670021897867752,3.512932396557248,1.1386961688164523,1.6800354371601351,8.265529178276156,2.797508628757279,1.6386462236765191,-5.906572683615992,-4.298352074536539,-1.8044532091202767,0.9133816672758776,-2.9680878654623086,-8.843023144742006,-10.618985837015822,-0.9356956076908349,7.763861492761414,-5.169045644942008,0.8904392567569915,7.63953131194436,2.4511744085072373,-0.14776976459097843,-0.34226918975683374,3.7960424794762417,-1.4074845976059072,0.024232934630878167,0.1315396048176108,3.482806494853309,-5.268207091488248,-8.411634656989662,-5.594217727878446,3.379918697717212,-3.791763013865425,-3.02762663043405,-1.1856088519390755,3.8649735690035434,-0.9367690465804484,0.2447152119056863,-0.34751375362459647,7.723308474877749,1.4578385718147224,-9.27494953219581,6.941200247150062,0.07908923994759144,1.554866493641229,-4.0883871368733375,4.487742764672364,5.205668086003676,-0.7778544954285934,-3.4046032593496927,-1.9630422726352232,-5.250518553112324,-5.439647157680602,-1.4343798155259528,-7.661556074111326,-3.3368486788328013,0.7597623986770201,1.7927029143310147,4.235763138470584,4.571870226161419,-10.990022275586904,-7.223741201126253
-2.629459372409187,1.539721211794332,-0.5875061451999379,3.1065105499235948,-4.368456687057618,0.0,9.386717563109709,5.8721019973302075,7.425659155993195,6.286269731117378,-3.8481346701357464,-3.1126397525608205,0.32306186942185994,6.011238778467841,5.01724735035747,-5.053568894956433,-0.782822942112568,1.0872569765257074,-1.5483487500857167,-3.5328279324156897,-1.0875376641184111,0.5329893849990741,14.919863870783937,3.5415984092414017,7.282103330331118,2.373853194955492,10.224408627311911,1.059128633423984,-0.06802594198072863,2.944247043665376,-3.419317063581071,6.377353658544999,-3.866728518789571,2.5569382001686294,12.790659342547816,-1.0263295221382172,6.168239005734212,-0.5065374647979406,8.161301417677546,12.981491616433663,2.750199380574908,-2.8935786509433004,10.115930085134787,3.23920029021435,8.079214979270002,8.32011113711471,4.1345381958460505,9.734998191795155,5.547590188323695,1.6545374715106262,-1.12060533582605,-0.9033383392730019,0.04991238351018674,-3.574864113233141,-2.456154977384817,0.23869799132361744,4.472538362149193,4.842828226429003,2.5125573399507584,1.028625512342629,2.9611904346737523,10.41792838832139,6.491384453484941,0.9452209550300454,-2.4449446108102135,1.413777788513392,3.2291269976647086,2.3099859549125124,6.38339241387912,7.350255099331034,0.6974642640402653,-1.9247932126119505,8.577635922842031,1.3330713399676557,1.2244324730967824,6.450815586523588,-0.9212498675426408,7.172034289419661,-6.02988483774028,-4.397933133820658,11.732874407143049,-0.046390187211297465,4.646475456236831,2.8796844716271845,2.9195977997001608,14.153741769738122,6.624438361374017,3.249998473006229,0.8498239066444145,-4.589269195893342,0.29542965709657365,3.956757137664215,6.657333245344061,2.8019073199801388,2.726977564483843,2.044169825560968,10.24707237600834,0.1551634630935552,-7.431670644145797,-1.5256488547347928
2.2362632599061376,-2.1235390988068934,-2.6273115031598366,2.746136156109319,4.622462447228637,9.386717563109709,0.0,4.053690506845338,-3.8991084448014175,-3.402754907680974,-7.1142444861491745,-1.5988468977823627,6.163598419668792,-5.800947215044356,-2.3642035583986383,0.8906798965083169,-7.111902308352988,-0.9030137086076968,-8.508495268093982,-1.872805670307064,-3.3142107690661566,-0.16078930462263008,-3.3294669230763043,-5.667509176169061,-7.2785485722397425,-4.806637345211894,-4.985296420200823,-1.9058647601623897,0.8486326291221571,-5.859319793621035,-6.318781388073722,-4.0671816535589835,2.605651751958395,0.4508149273889316,-5.27143416301871,-6.383431515494334,1.4130237445301632,-2.598222006789856,-4.792636008135648,1.3261287992209279,0.8828106431459427,-2.058138663250011,1.5780801185540114,-4.967704773157148,0.48669928496032294,-3.904915698136054,1.9395436126911985,-4.068406945291679,-0.7981294283622905,7.736348594804791,-2.061647181189846,1.138488132881745,-5.2096282466658925,-2.682212087296002,-1.267901358737643,-3.381359712442716,-3.818252792899015,0.3058267928023082,1.242327792056198,-3.3988943047153275,3.57394250521493,3.3119056218314453,5.636939610341208,1.5212899746293456,-2.306526483667719,-2.3307573701972135,3.12297723025341,-2.7742929823104667,-7.672919311750739,10.218967471495548,4.919716740854336,-2.676907694786291,1.246582703025082,5.808866794508693,-1.082383245601784,7.234839162665694,-2.4591019293576686,-3.849939624404759,2.6599603423309164,-1.8177223500720372,-1.6545745606257443,-1.7578988282505448,1.5256636192760342,-6.873166710945702,1.6882522541212075,-4.169178816833873,-0.5241515918572516,-6.797259127875505,1.7810792232017931,-7.362992717358521,-8.43312488915096,-4.91479083130069,1.0291971564610196,5.425099237166885,2.3664205493259107,-9.159363820007778,-8.32045666486398,3.285936613518467,-11.037812462682982,2.2071570489384404
0.12270821417349706,-0.09526601582505795,7.666475315183862,6.0725060774420925,6.212635352466041,5.8721019973302075,4.053690506845338,0.0,2.8915817375484942,2.128362996262795,1.529911405247412,-6.737393683762562,1.5379210078827044,-4.550168856660124,3.3013452665004848,-6.903263758248872,-12.045317385001916,-3.515565350216619,-11.13319915748824,0.8917213548938728,-4.2140560084580185,-4.595123786010928,-0.6894708038848862,-1.369551650754049,-4.306966488266829,-3.699075769657473,-0.780062782161136,-0.9512587498008216,-7.953990133649696,0.2890715671566212,-11.457283361048503,-0.9690512570275387,-4.796095631968245,-4.360603927831607,-3.523236976521072,-10.287219240540807,8.659153827127417,-12.102560870604185,-5.653776042504056,7.492451046221206,0.6730951938043149,-0.30050581328037845,7.079800066520245,2.28003885028962,1.4100583683095929,-1.290489785077712,12.526023575717735,-5.162778017843637,-2.9089534373472485,2.433462723665469,-4.04826257132054,-0.07251267935456818,-2.0892012801161273,-16.75603252651335,8.950519095726866,-0.42080760535574807,-4.005263143150208,-0.9713154531963613,0.06854873936644416,-6.225373177944769,-1.9457571105023448,0.594807992457748,-0.5615547972490529,3.2064259035621343,1.0151339457636823,-3.4025561735721515,1.5525948604249271,-4.5226831954917115,-1.0579519716097947,2.4186165918567895,2.9744686185075055,-5.149568312290097,6.394895877636799,-4.608661527764396,-1.8097234381905665,-4.776909577286482,-6.336684328585755,0.039842941621245805,1.7916278179815923,0.4069344397573976,5.150580483007685,2.728884940778144,-3.426691679481101,1.2558586577073967,0.09280665763737311,2.0199545043696405,-4.94716845794701,-7.856721164673415,-6.333602441065785,-4.783149494759679,6.197123763257631,2.634048457791294,5.010373375630178,4.374747128412972,6.789262444378254,-3.284201493433307,-4.431303065468216,-6.537122791454752,-9.462063133709966,-2.093022443009748
0.2661069946709917,1.1346338472984216,-0.6436693607851932,-3.5752524073229544,2.2097523532286694,7.425659155993195,-3.8991084448014175,2.8915817375484942,0.0,7.071720703553224,0.42216151670579904,9.377370985475054,4.356897126926837,-4.330033717688644,-1.117644831232878,-10.169765477232888,-2.0504933869623434,0.8009626269942349,-2.7144348719958984,-6.08059701373823,-0.04145407486301375,-1.7430170559996456,-0.05356603550581831,-2.227422232586574,-4.185880603632845,1.7740561663677878,2.882031564471905,6.451296612008472,-3.86415448211674,4.452422555804228,-4.572825105793516,3.958711398464828,-2.3207259978637325,0.2399147841774913,0.6101808466024624,0.3568484198102131,6.166129372561735,-2.108641236025661,-2.6146004475451177,4.575100814101324,2.3148616859957,6.570302293578942,3.16141449872708,-4.315148135495358,7.449874430772606,9.122636196147958,2.364415552392007,1.2311948812620137,0.9020947517285343,3.6812298394790455,-1.5867182070922972,-1.838524078089912,4.92720924921817,1.1152270371529625,-1.9067895322759891,1.4327486109503087,-4.322411222134964,-2.3409758213139744,1.922894313675748,3.432162163739547,-1.6431411386990322,9.887670606585823,4.580787068080204,1.7696464743650868,-9.967180384414323,-9.579102550726622,4.357486066122862,2.5068681346302615,-5.922495887715302,4.222131093753438,-2.471673947525567,-5.754785508488199,8.62449045228988,-3.637262504352428,-9.05115693719416,0.7652097581248003,-6.7780247162861125,0.4271918218744388,4.123955895086104,1.243021513542307,2.1148232073266087,4.565348447316873,4.923732040864516,0.05805599744268421,-3.8239919102784654,1.7213732720804693,-0.41029948484500633,-3.1314474059775868,-3.2568050855720334,-1.8243288985684885,-1.911371490393902,0.6132505837621273,3.7330394357744905,4.463141249892876,2.0992310874391675,-2.920223682131184,-1.8655532156752652,-1.2751649608557911,-3.23344924634784,4.895108236496235
0.8643682044695947,3.728427113645168,0.6458111921257071,-0.14093576513803127,6.646116892069398,6.286269731117378,-3.402754907680974,2.128362996262795,7.071720703553224,0.0,-2.5706290594542134,-5.189278399465223,-5.865084703293686,-3.810563647441712,3.501041782286745,-3.9531175375190895,1.579188773922032,-4.039510618601197,-0.7159780901049375,-0.3294685215494678,-10.635861160071716,-0.48853102874138565,13.036318715960464,3.6387201016809465,-2.318466816222736,-1.960273869449341,3.9103957019171567,2.08247132022056,-6.820882821329836,-0.5468805097963779,1.6550242810823463,-2.056454560106607,-4.914631117657748,1.2182795022999664,-1.3108047243436876,-6.900302245882661,0.04842699581753929,-2.486883247764147,4.588096728503137,-1.791773797895009,11.814878374055002,-4.211141859753807,-6.81166658670127,2.138097456257213,7.276735659127469,0.0406557591382625,9.772103453246853,5.972269993630119,5.212153468488503,6.313046335218907,-0.817526078087505,-3.6403669703922543,-5.84339625600205,1.2471745008292323,-3.1032263704482825,-4.070707412826964,-4.6642842279037495,-0.5562145368911047,-2.2329317130629374,2.0204903002084755,2.898691351487776,1.609220872481825,-1.061839192095681,4.351831724025727,4.452495540565153,-1.4440511873449713,4.92958293534852,-5.233944203145558,3.968057647338585,11.090955634589829,-4.210531407768829,1.4690399945696755,-3.680372559058643,-5.7989197034306885,-1.6211149858432214,2.0699665506778744,-11.991693609620196,2.9777288390182046,-1.8495961738261963,-10.839510207802592,7.029046836631752,-5.6932872392720135,6.354677049494598,-2.1966859078417325,0.003118136400517724,-2.09251506509616,3.2398179961734463,-4.398414708437094,3.601246946038201,4.902982928349356,-7.354662772986755,-5.429639954165008,-1.4533722324074343,3.9345857514906606,2.3626321193228175,-1.1532471081476308,-1.427300141368895,5.783148929857939,-10.587400415618788,1.1272864675192247
-4.219955868175383,-2.3879044268306586,-0.750538369141029,9.573333078429,-2.499111302259326,-3.8481346701357464,-7.1142444861491745,1.529911405247412,0.42216151670579904,-2.5706290594542134,0.0,5.302038526267856,-3.3658539494844537,0.5792955902828522,2.374195744272224,-0.9248977062333505,-1.9386741516107375,-1.8215752106181096,-4.879806813241191,-3.408935969055906,-0.7862641997827554,1.434439955512096,4.390794261305859,1.174906719886718,8.544346846214362,-0.3658245424512908,4.629997946135473,0.7534704118647569,4.939535149495703,1.3995547553352268,-1.6286742263193459,3.840052415772009,1.0923162840391736,-4.042206777298458,3.510257759351662,-2.723252975178129,1.9865619723334853,0.6476918204581005,-0.9470024883879132,0.4644932753869504,-3.392385647563104,-11.283632240913851,0.7775735704816013,-1.7378806211160316,4.7566220962661525,7.287669997605766,-1.61475888929453,9.189948162440091,-2.4125960535881643,-0.8435361814179136,-3.522665322429922,5.197062685226824,3.3902519743175232,-3.0023184211325247,4.024104935695745,-3.3497752199652977,-0.07911301519117973,-1.9819444472880112,8.88205950012645,5.4974438166711925,4.09038694888778,1.8344642225396732,3.9360687771692104,1.1644023667192844,-0.196728783997986,-0.88801633337944,3.378299364118664,-4.317201423009306,-1.8662387010539927,-7.492852405849075,-1.0032282457728967,-4.251120888828835,2.291460083978816,-3.966115966429879,6.347951281317985,1.1217538903434547,1.4251582994801943,8.33763622748595,-4.002254652091823,-0.03520872396624638,2.993932349777074,7.1861598250599625,4.546830469614986,-2.589575606522108,-4.949204410412157,4.733628785985307,-2.2271629235612207,5.8439606847669845,-8.159647167494255,-8.064345764194627,2.225600177272489,0.521958048039917,2.130293443160579,-0.5432288543616127,0.817058408652017,-3.6206903854886177,-1.5777137141745408,1.344551525084412,3.0677573166822887,6.803217922061278
-13.034788271536941,-0.11332103721009441,-5.234640036237774,4.784364324928047,-2.9000837262522303,-3.1126397525608205,-1.5988468977823627,-6.737393683762562,9.377370985475054,-5.189278399465223,5.302038526267856,0.0,0.6203596306938272,-5.5031484312676415,4.654389768166032,1.3743758683722296,-11.990203488725895,-10.582837303115292,-13.634907889878235,-5.2702513404441405,-3.950214344619962,-2.4421131401173284,4.151612303794433,-3.3591394949739204,5.382949164117694,-0.6132418744424691,-0.5584919200638777,-2.738828855522392,-6.483830498973334,-0.2559028680377914,-5.66266978655182,3.948244578595337,-7.192797596323555,-15.97668915486896,-6.12379076865059,-7.226911869399188,7.216927630751955,-11.246987144787896,2.8423408268456214,1.277752477277859,-9.231012373403237,-3.8795103091693064,1.1052289992313185,-0.06337640039225201,7.260711711125286,0.2544979809143989,2.948702113616331,1.934219167517924,-0.708762409285872,-4.630059088447688,-4.9563434465882485,-2.2136054811015606,-1.3481749962280436,-8.771885454148734,4.385034822162073,-3.88996256867506,0.9846773548336611,-2.5236866883500175,-1.3951284774352688,1.8793519251401185,2.8756786571137014,-0.10273245575760621,2.611429092161981,2.768732707375946,2.110225089789021,-1.285961089854662,-0.04385233003589972,-4.53952895060166,-10.521589143514529,-8.556908108709345,-0.4234675020370304,-0.21742873867551488,1.5491515123560886,1.2316652116474622,-2.86214803607674,-2.2956790619460974,-2.085523282489411,3.8169753483894566,-2.1833036437320765,-4.872793514179104,1.6456243722812511,4.978113233758794,5.060666395232631,0.21995222144428145,-7.060018092123489,0.6819213981250096,-0.632441618350539,-2.122260787504165,-3.626313956774512,-4.464405559609627,-3.0906303915185824,-2.090446834007392,-1.3842220988441087,-2.54964606628494,-4.452746917308128,-4.584195144245438,-6.532897233780689,2.82165824041376,0.9549476543396109,7.3495656391272925
-4.349568128593624,-0.4788548232846652,-7.263682417975491,7.599019567636253,-0.163976304231572,0.32306186942185994,6.163598419668792,1.5379210078827044,4.356897126926837,-5.865084703293686,-3.3658539494844537,0.6203596306938272,0.0,-6.455881328083596,2.6797042615140065,-4.332858612275968,-6.985941119544456,-2.119379971518234,-6.173201980374629,3.7316833321422824,3.8010918976894343,-6.658846971346903,-2.844129823109774,-3.6178836450736473,3.32257575880236,-1.5536762595641556,-4.795196168429626,2.0377813154114506,4.333111961065441,-0.5170812681327813,-0.7331660201415476,0.7426511821083864,0.9379847197344365,-3.823735668681728,-2.3906530634731675,-3.2045685811642937,7.468535594325178,0.35448657527206107,-3.6829508555079418,-5.300705420002611,-7.134656324796657,6.297703263624033,0.6978211597224653,3.7180454416674418,-1.9345767045562816,-1.4466853170122815,3.218289033935432,-2.350557868016096,-4.15196888753359,-0.7750927990243859,-3.2108929152178836,3.062334305739704,-0.7818945651438877,3.3054203865878637,2.3146762114056916,4.46121987958674,-6.266628495630915,-2.846804972989488,-3.848766678906377,-0.534320959001374,3.830359208870183,-5.478300783725693,-0.7148740960804761,1.805239826766458,1.0333537138540028,3.162075594252018,3.967650829966877,1.573143160779481,-4.3183535876416,-0.9093103554948109,3.113577818132708,2.7939116012324914,6.621330031203237,-0.973487539971712,2.7658215740001,1.8815443550595985,-0.304605036437106,-0.051796240196489006,1.482859514995535,5.204535414581113,-1.2056710156044028,2.242775305180043,0.6184868705922745,-2.8996383798456087,-0.18869858134285547,-3.3594540753564472,9.328675916286723,5.485746333753604,-3.5698665368032687,1.5134352135044489,-0.4487380624693989,-0.6478344911522905,-3.5072502254238067,-0.2505061518467074,1.2202909553666539,2.041746790412797,-4.535718625705216,0.35699949758177646,-1.540705845456898,3.987281160140156
-3.204407594091789,3.504036515200612,-2.270253043741125,-1.9874784047438916,-2.6247700152206783,6.011238778467841,-5.800947215044356,-4.550168856660124,-4.330033717688644,-3.810563647441712,0.5792955902828522,-5.5031484312676415,-6.455881328083596,0.0,-2.603670874684475,-5.417950001835044,4.311579827169033,-0.7452898273063213,-2.3795818094557735,1.6731644044245204,-3.007479270059689,-2.546434582663669,-1.081427557042978,-2.06297675770886,0.7794502365949773,-3.036747557577968,-2.235153482340389,-0.8832920466259262,2.62527611795956,-4.9644172405111,-5.675579476777868,-9.216775149154872,-2.4013704378541942,-6.736968711884376,5.7039389984935776,-9.873346644358064,-1.178778188410286,-3.9518031995980625,0.9052249805818656,0.9926899359355968,-4.761060376169056,4.567414812409743,3.5032347329970346,1.9448713570353648,4.462681914640528,-5.131403786541054,3.975920016865016,-4.257367389775328,0.8717371514865374,6.002530457865451,-4.966487171714504,-4.412679462576365,1.81493694481225,6.9469612147148805,-2.79030393852144,-2.1110450926067323,2.4985537498899366,5.9701224490300095,-6.504197591091526,6.82998271034458,-1.8591091506791808,6.411785199130716,-2.2027268924636494,1.6439529705691032,-4.452913925739481,-3.0734681878955135,-1.4189350662082427,4.057094792503032,-6.265850454643553,8.16201834686882,7.0849091975004335,2.705605167615292,-0.30055802471423126,-5.2280698326045965,-0.9719227761247912,1.6985302451591524,1.244034203139269,3.153902179089409,-5.370514450100774,-2.763024838878612,3.213006100949787,-8.046288090962102,2.8488968892140556,3.1622664129312175,-3.3780057026508525,3.426336688882335,2.980051571473199,-2.584707675122328,-8.17690882502144,-6.854330754587348,-2.643717777641394,-10.915052857361523,3.1881009634838926,3.447804051025489,-0.6414888712356652,1.0064266381164315,-2.7783848703145786,-3.512848803243968,-2.7404389343864355,1.4116374764246111
1.6464600711527506,4.955114251772833,1.7634136412221972,4.353724556864494,-3.409472490671335,5.01724735035747,-2.3642035583986383,3.3013452665004848,-1.117644831232878,3.501041782286745,2.374195744272224,4.654389768166032,2.6797042615140065,-2.603670874684475,0.0,-6.460827357877933,2.579284411814136,-3.9280711934265535,-6.8707541153258305,-5.599459318448536,-2.5480405019793686,-5.578597537935751,0.6407776016427132,0.019897932660939564,-2.384293783992016,-0.2660661306868228,-5.540932106514829,-3.917345627918945,-4.116252928155412,-3.3719706867619355,-4.861573442380039,-5.746099462515316,-3.27347313134356,-2.0127242136180628,-0.13581780491231676,-6.680140670724206,-6.3373488385874985,-6.379732773354113,-6.807456977548,-2.172764468376986,-7.137568942585124,-8.154100031862368,-2.8616139741265543,-1.2706573035298985,-8.29500783255598,-7.321784652318602,2.724629259824351,-6.8987001817955,-2.8305101441084366,-4.166354084085724,-5.289806797668377,-8.233890904678681,0.6644776414932164,-5.289132882572783,2.106070590346428,-12.866049077737948,4.805073655783129,-1.2085091221870508,-11.3998707407366,0.8456531121841777,-2.2534718477326927,0.04240177739725422,-4.578121103467347,-5.380112142558702,-4.1573341259912615,-1.9200678407540637,-5.7726610101568765,-4.661124551427744,-5.513935595337052,3.645376797740083,-9.292576356905114,-2.1045361656737924,-0.1233855802528162,-4.486079470946879,-0.7939611548862047,-7.220430148457822,-3.288395812854669,7.361790458589714,-3.5923689238224563,-8.454109284789062,-1.9149982494447864,1.2633173559374091,-1.7667927058758304,-5.2357124644206525,-2.555559984969207,2.587113681532,-6.276373436375541,-2.7003883136453286,-2.951521593245034,-12.43846305311528,2.215821552180859,-4.479027670075945,-13.53699801844458,-7.931447906103527,-6.018745338357904,-8.560117858145889,-8.192858928836577,0.05959993262252609,-6.351804647179101,-1.5770483257825747
-5.183730428886542,-2.4762093761005057,-3.643246725425692,6.410573709119787,-9.574227854363139,-5.053568894956433,0.8906798965083169,-6.903263758248872,-10.169765477232888,-3.9531175375190895,-0.9248977062333505,1.3743758683722296,-4.332858612275968,-5.417950001835044,-6.460827357877933,0.0,-4.020927152917313,1.664895982059195,-5.816812553365482,2.7559998092797886,5.767060655248013,-3.9165642309605366,3.4646758722826414,11.768227679220567,-7.117271764762633,-0.621648258194637,3.023241868133101,0.37608249323045506,4.752149951948369,11.39630405760087,-2.182676120593112,1.3333113231823868,7.566369096446672,-6.948402308484797,2.2801229606895577,-6.069735896458286,3.199643728516376,-0.3143167127711919,7.901666705173165,7.305342457687982,3.4270352937491486,0.5443078945635017,3.6521474484347705,1.598140350307296,-1.320811050493072,-4.050529253359308,7.330111061173347,-0.4121798977594827,2.9429978466491966,2.9334652716637644,0.33528679967975084,-0.09111487701092266,-3.9830621801307498,4.221045610297916,8.858949443955472,6.815976395403444,-3.3313603754731735,10.900017763683552,-2.4881096248898418,-9.437512952827744,-7.5343380110274065,4.276435477269924,9.379038375813009,2.7151904842937955,3.3078546801462823,5.920059526758177,-2.5381532421299737,-0.6111328099763168,1.54283969242597,-3.1896563377364053,1.873979584262773,8.777466144525645,3.5211928076109773,1.600488714766654,4.361929723064552,-2.3052091581117655,-2.4604691561393617,8.392281311703034,-3.612328951053629,-2.0390122461889675,4.088711230571608,-4.727414708531848,-4.4280858800364955,-0.1474971327705046,2.4572915904239494,-3.8767218230246105,3.612185684154389,4.35607590211316,1.8218421167865055,-3.375139799900835,-4.97390664717207,-1.5610680443946279,1.656886809791741,-0.06827234297243026,-1.1662970789543432,-3.9677779675208376,-6.453239653736264,1.658083811805626,-1.7591975800009811,2.645003307597909
-3.711362017156896,-4.736704682774262,-11.143896437123322,-2.4760167891115845,-2.2183111869288004,-0.782822942112568,-7.111902308352988,-12.045317385001916,-2.0504933869623434,1.579188773922032,-1.9386741516107375,-11.990203488725895,-6.985941119544456,4.311579827169033,2.579284411814136,-4.020927152917313,0.0,10.857952316406555,-0.981457923215345,-2.504452019673624,6.18129741318183,0.5322349622588477,0.48919718267164874,-3.314616586399837,-1.5491693117689784,-5.139733574961382,-6.458793255386158,1.786537871583139,6.659742916323207,-8.826665878571987,-2.050901841867959,-1.854599086843853,5.68954510801188,5.843717260034038,2.300269083971508,0.48310947135117743,-0.4330639539665058,8.838992606911415,1.4581621057177692,1.3429205579261203,-6.028927507398113,4.397313769099126,9.905412543001276,-1.5622082097094288,2.7718444962807505,4.228487924464867,3.021201842940091,0.5948287043349385,-0.7307234892089843,1.6796924175973504,-4.805202890805033,2.6518724849529893,6.364928481575246,1.0943776644903032,2.4157800433070125,3.481223337263412,0.9121816455477194,10.94396434093746,3.61353005128162,10.168293389977917,4.805912741178785,4.782386870027528,4.64695293560091,2.627813309526476,-4.951576759432185,-1.0843577171696313,2.2870632235621846,9.340548391267246,-7.1120488072236805,11.943173798385295,10.062667794184332,1.932662676866848,3.898897628839991,9.820878811201615,4.629132574243319,7.90712948215914,2.5199788200439004,-5.44231416191915,-0.7015973855706883,2.9875583645940664,-1.5401088125191191,-1.055987442258665,8.175325820962966,4.841402623648989,2.706716129306808,2.356021371915576,0.993172998594772,5.37876156734443,1.7130139855090027,-7.006847217961072,0.546649174656228,-5.209001300807736,-2.115812312238723,4.601229946821081,6.659458608025799,-3.716993204771672,6.846195911308254,6.905731990874721,-0.8270590273271125,11.262394692551977
-0.8926934976587855,-2.5373021460174874,-1.4578710603921892,1.1199229450253123,-4.095518100634216,1.0872569765257074,-0.9030137086076968,-3.515565350216619,0.8009626269942349,-4.039510618601197,-1.8215752106181096,-10.582837303115292,-2.119379971518234,-0.7452898273063213,-3.9280711934265535,1.664895982059195,10.857952316406555,0.0,-4.066242679647212,-9.860436096229876,2.7345820529909712,3.7689121707470665,1.7065274623942837,2.3749986251702166,5.509115468506828,-3.1007520506302386,5.117980361600843,6.292753794578857,1.7222588729416588,1.3758013158762727,3.4492317076344072,5.805290495112272,-0.09087911999023104,2.419811884969889,8.279426852206926,-1.989834831696763,4.811912835113763,6.059304826256025,0.31236329082859665,3.4741440596305564,-1.3171601210370791,3.8155753313757272,1.1333810164173417,4.238177653678497,7.268721224299701,5.967236946197902,-3.0087629082158807,-0.9743078117571997,-1.8001565763594696,-3.416234640895618,-7.631549179099384,1.221009287905437,5.314196058241012,5.998850028458256,4.059509514930358,0.6371724690398052,1.3908227547627787,2.448630906742215,-2.6862215933441007,11.832689938049564,-1.076050234398221,11.027386751578028,-1.4910122152633685,2.586595106014775,-8.08961706612231,-3.310191950021187,-3.480825046278082,1.9763433245276083,-1.232224686330898,3.4255749417057966,6.427106464252815,0.9362832947318461,5.170168092473016,5.5256032678995695,-1.4717603591880943,2.628276356035613,0.8473732610247037,-1.8505600758365617,5.60706930227643,3.47378960267322,12.459498203592682,0.055922615752616,7.70405120085141,1.028309762646564,2.0662284894773486,6.38616162264837,-0.17003307176013646,-2.123240152607269,-8.183093014040406,-3.5400050714437934,-3.970750953800308,3.9383518199243945,3.2263482105164263,4.235939490936457,-2.5939986000523017,2.22056492527714,8.74436097601607,-2.4720717478443834,-5.515724536719911,1.5693352518548511
-2.187786291153948,-5.827640107026182,-8.260806430630552,2.144240021745732,-5.551910193982144,-1.5483487500857167,-8.508495268093982,-11.13319915748824,-2.7144348719958984,-0.7159780901049375,-4.879806813241191,-13.634907889878235,-6.173201980374629,-2.3795818094557735,-6.8707541153258305,-5.816812553365482,-0.981457923215345,-4.066242679647212,0.0,-6.313182712904011,1.6192353651781437,3.299136379804774,4.919076374833785,2.9295941891253996,-7.03370760790998,-5.405562235219644,1.208263097109482,1.039927805555294,10.73710488221608,-2.535986400183195,-0.022724964725343327,-3.158807941349142,10.62311922847479,-0.8156427502788438,9.564268732846797,-6.59299932765376,-3.339860444523176,5.763010950799179,-3.3755624252081935,-2.8894661640916275,-0.2605615531992393,4.829931947609952,10.076844169039024,3.7996532459826353,3.1169012764717254,2.587858791327374,3.728928751385528,8.338279020790718,-8.120145013411692,-2.6624590649550712,-10.83432129431272,5.342735540287445,7.536520271540192,7.097643441475218,-0.793444107162458,0.3003613264090116,6.326509422673511,11.079044654378768,5.154141228118259,1.275956599075262,1.7663971589249308,2.134003671143597,2.6909022663918223,7.054021996752658,-2.3117513213180985,6.754931344592286,-3.0181013062806494,9.483187344324163,0.11019028221188344,7.7786650093442145,1.895022639505508,1.0855122472268928,2.4390989566888215,3.5764748818060466,10.847316687406908,2.313733524909188,3.3388410070598793,1.5602867465144592,-2.236054115966916,1.8370941811166497,1.6391806744753892,-2.852871461427213,4.206415249210822,3.5326951648484832,2.3993194210948245,4.4662530240082745,0.1923615222360092,3.96954822304704,-2.4727880806878133,-8.31076774074845,1.3212805442300897,-5.703889151674814,-4.832745966286876,2.0543397699757446,4.1257828084176555,1.1280645522853876,1.240835855633002,9.267895753204654,-3.6735701363625752,4.460974006848076
-6.155706568414641,-4.225810365345952,-0.29370725440299206,-4.453945542951192,-11.645641669908608,-3.5328279324156897,-1.872805670307064,0.8917213548938728,-6.08059701373823,-0.3294685215494678,-3.408935969055906,-5.2702513404441405,3.7316833321422824,1.6731644044245204,-5.599459318448536,2.7559998092797886,-2.504452019673624,-9.860436096229876,-6.313182712904011,0.0,0.8012847790740566,6.533410126713628,2.583388724768453,11.174788063472496,10.642152928773976,3.251790572811789,1.4812336889576103,7.263255129886579,2.88999360533252,0.0365389206188813,9.869796170889268,-1.1391533941804148,3.8277078793642976,3.169139666837147,0.5214451829717839,5.157021312035331,8.23754069211454,5.686340030871242,1.534220777663218,-5.839030962292853,8.217660941600549,0.9104531445731594,0.30725090034689745,2.3770261869164404,7.8786532370051825,7.727987827190838,4.615296426842513,7.268938881649714,6.960032686202584,13.593376429178416,-1.7305851811700337,4.145903536228713,3.9376902629946215,6.708057773296971,-4.313950416062997,4.161795372591902,0.4194091998704173,2.8926125537856766,6.681523048352147,3.7363745586215775,3.29852680456128,0.41755064792641994,1.9869208162759928,0.4776205402765792,-0.8745026802568285,3.0955558480257848,9.621039015835088,1.7040319342191919,7.678384357988296,4.144026495239584,2.1924090915133165,-6.365783916660478,-1.2748485737266364,1.1283439913089253,0.509446724012708,6.213334565039106,-0.5910528082903942,-6.52055115370871,6.588589943861416,2.274359313195831,7.564652187639022,3.745698115926445,9.918111670731241,0.5551076140613329,-3.792641758631344,4.917685704177657,7.007435326133237,6.089267580190126,4.981984726003689,7.823553347380904,2.137262098261951,5.092717838927856,6.423643323462746,3.7271168999469686,0.9915207556070473,4.488947766801046,3.897292745321963,5.63410043174449,3.0252002832392737,9.595843891006169
-3.416262059787564,-5.19467011419483,-2.2067942506764817,-0.85549228810894,-7.9352302354815105,-1.0875376641184111,-3.3142107690661566,-4.2140560084580185,-0.04145407486301375,-10.635861160071716,-0.7862641997827554,-3.950214344619962,3.8010918976894343,-3.007479270059689,-2.5480405019793686,5.767060655248013,6.18129741318183,2.7345820529909712,1.6192353651781437,0.8012847790740566,0.0,2.1763360798227804,1.3144363017334006,-3.503877936781732,3.905031404309781,5.147884619845137,7.070501411480376,-0.8793774710856535,-1.962006830736248,9.212906334319198,-3.991295078055544,9.437207974557369,1.6281385633210463,-2.1758832427894728,4.143907521806169,-4.955594769776504,10.511815678297792,0.24894903244756628,2.95118621550696,11.653041890389453,3.399894731385329,0.06437067144498727,3.869198276775885,3.118371398682165,5.398373300463163,2.179411796606613,3.3115879067583,-0.7284642825899854,1.0319739653483988,4.28251177682047,9.905227517977384,8.282229433743925,4.2080851467265274,-3.4556953648505635,5.45627110533078,1.5420215711133956,0.37977983035858653,3.6483779626520065,7.9388168073281,1.7545536716945196,1.2898432605468255,5.8280816405520515,5.83858860129074,6.305875788451633,4.573321581579848,2.844727872120272,0.4770428277926428,0.8286187760334709,0.22611815185373468,-1.4277695613161767,-0.4179578360272295,-3.764274028830244,1.6123796923883522,-0.29455219165465174,4.371182676264177,-3.8884102855929257,1.5405493238147117,8.577649057383963,0.755572416434033,1.991613128858126,-0.8065871719909726,4.440127195242457,0.4205586651531797,4.407704374112494,-3.526080288486405,4.112658423494692,2.197749272247944,1.0699435946663551,-1.840084257739728,4.3779706916859125,5.100571153972277,4.948152606986791,5.696207311691896,3.176475849905984,6.009734787564253,-3.1068058852025247,0.5789933663701284,1.5902672372923716,-1.5417385301279791,5.793865554017882
