0.000000000000000000e+00,-4.857337997978623534e+00,3.319916701121818026e+00,-3.877172085103395727e+00,1.028975463056994721e+00,-5.903700895520272773e+00,-5.911335029241234551e+00,-4.759778952644249550e+00,-1.244001461731957248e+00,-1.225823474702385285e+00,-6.746762271847530634e+00,-2.250227046153916888e+00,-6.730293290782643822e+00,4.811052323932670127e+00,-2.373263250277072522e+00,7.445770715870725365e-01,-7.761148536054578884e+00,-5.309302532465508262e-02,-3.947162188345518796e+00,-3.440195539368521516e+00,-6.933768839863874156e+00,-1.819643392278529559e+00,-2.264222044679681023e+00,-3.221551968611429562e+00,3.298940335012314318e+00,-5.546502095903623086e+00,3.576186342804335005e+00,-9.383963333820304342e-01,-6.068845752996083753e-01,-6.240321377151277993e+00,6.068770068107969706e+00,2.655012417306231054e+00,3.473836580723056677e+00,-1.496935203394043068e+00,1.184315839994492858e+00,-3.307609623354100581e+00,5.220950125841453904e+00,-5.615878410777898067e-01,7.398197536400531682e+00,7.491267695923766734e-01,-4.649779334584682178e-01,-2.679419141653769376e+00,4.383871758583205214e+00,1.477633919963408360e+01,-2.171488559064902457e+00,6.449221310768925797e+00,-2.283450527688561937e+00,-1.860454369422667620e+00,2.487333536678415946e+00,1.229848231492933408e+01,-1.231021578539602146e+00,-2.366827572082056630e+00,3.757133406806059561e+00,-4.660368855881692696e+00,-7.600954694931023603e+00,-6.431228942097345858e+00,-8.241040604393399249e+00,9.804614412721008865e-01,-5.648154033580682132e+00,-3.115043614564251495e+00,3.098778776859132389e+00,-2.634157559434447737e+00,-3.600007110662099663e+00,-3.507821478809391991e+00,-2.466925951719574073e+00,-2.110777959054297437e+00,-3.482659671368221188e-02,-4.817274513237334688e+00,-8.990413871007579827e-01,1.812825587403725347e+00,-8.125825379934177306e+00,-1.203552947805846784e+01,-2.061590954244473917e+00,-6.037971791867573046e+00,-9.366102485063683147e+00,8.209256682415945860e+00,3.836101106077554945e+00,1.023391952567274998e+00,-6.951457740296154597e+00,3.274130239486749971e+00,-3.658967128871690733e+00,-3.844276612068914023e+00,-4.518523170868868899e-01,4.373898530418692587e+00,-3.721828737667550069e+00,7.526803049122753109e+00,2.296774896682722389e+00,4.461631018418150241e+00,-6.148705967520916360e+00,-4.603243426360164925e+00,-7.311594982788330199e+00,-5.125195598160982302e-02,5.113872129844470038e+00,9.531057813941788970e-01,-4.582372402791830446e+00,7.406770334658358657e+00,4.149619720185106608e+00,-2.475002470516954212e+00,6.778863365954692632e+00,3.560219536832674780e+00
-4.857337997978623534e+00,0.000000000000000000e+00,-3.056303697706688194e-01,-1.788614287282251025e+00,1.878117673216742389e+00,8.075738454029671165e-02,-8.560589194189663687e+00,6.606030187067500892e-01,8.300708700856201716e+00,-2.787755709099795642e-01,-1.536477834213954807e+01,-4.134331444894224106e+00,-1.405882513481187068e+01,-8.643733825910134172e+00,-8.116965905306084750e+00,4.229985762812532357e+00,-5.207462006519850917e+00,-2.877852527810116356e+00,-4.725981794966371830e+00,-9.185593550774060034e+00,-1.034561946518402742e+01,-5.915184208861817616e+00,-5.759197132792836626e+00,-9.894650958780010441e+00,2.483822358851309975e+00,-3.208095841334242859e+00,3.177210102771696576e+00,-1.528468979448180498e+00,-1.846260271547382370e+00,-7.630293769058283715e+00,-6.504456281945582008e-01,-5.103074786973532007e+00,3.062335906413394149e+00,3.578532676745779018e+00,1.399404936566784885e-01,-1.653559024805310251e+00,1.500063946611972066e+00,-8.440151470454740235e+00,5.974822641671497792e-01,-5.538153578841201963e+00,-2.841991069189374830e+00,9.457578130507373615e+00,4.468614262205571563e+00,7.705080534606609355e+00,1.099646485746906821e+00,5.400548653333237858e+00,1.410895323257570722e+00,-5.060235734938422603e+00,5.822069443803824740e+00,7.349125715535851811e+00,1.339672017612266064e+00,2.485382483173556256e+00,5.226395817582462300e+00,7.020945227954973333e+00,2.604603709827790325e+00,-1.165014125874960227e+00,1.051209691494545462e+00,7.533463987068192758e+00,-5.795040448967790248e+00,-1.478377850954793971e+01,-3.100536965752507743e-02,-8.179877896735936460e+00,-8.791324763767059736e+00,1.470081939034418861e+00,9.153787372150369306e-01,-1.114608859596441848e+00,-5.678843476512195343e-01,-3.044535648198152700e+00,2.452291818628262288e+00,2.317203348268537244e+00,-1.365848920966401714e+01,3.539775467207310067e-01,2.768590980668749424e+00,4.455851803217661278e+00,-2.373645915594415179e+00,9.965549042345150710e+00,3.063114527179196855e+00,5.358424516885402361e-02,-2.316655457967668141e+00,-5.604765639140805306e-02,5.984655629993605785e+00,-3.808771054457666949e-01,4.966217918480997362e+00,4.030835307952767010e+00,-1.718132791308015994e+00,2.645671683907785177e+00,-1.167046990135459428e+00,4.355827992207753852e+00,5.975219705111086022e+00,-5.333946923683887675e+00,8.728635995829775451e-01,-5.762122338632651442e+00,1.708241456490100285e+00,2.397770972887569574e+00,3.085325383092195395e+00,7.186169992774672721e+00,-4.388862395626020430e+00,1.961030913357338035e+00,1.073746992948235501e+01,5.476152001482947007e+00
3.319916701121818026e+00,-3.056303697706688194e-01,0.000000000000000000e+00,-3.828324305096872493e+00,5.123507636004947408e+00,-6.055320850230092589e+00,-8.332917450744005805e+00,-4.429186076243972758e-01,8.383539396018148793e+00,4.476891017152155428e+00,-1.014644066271982403e+01,2.769242610878764332e-01,-6.156043700231086380e-01,-9.423962945279697578e+00,-1.063292881413042679e+00,-2.292694121621798864e+00,-4.842508956167300482e+00,-8.064053822614258848e+00,-3.129235505452967914e+00,-8.013076023975768791e+00,-8.222135127569881519e+00,-4.584661452526349379e+00,-5.162207892825934508e+00,-1.258518549541738585e+00,-1.559980476188077336e+00,3.027727639851474528e+00,-6.039835176270663686e-01,-8.369389532835628032e+00,6.868241858989128978e+00,-5.311843792314244084e+00,7.309405334083074024e+00,-4.017163058024618039e+00,1.698512256465130044e+00,-2.140867762444680800e+00,-2.150156034360810597e+00,-3.100487696569661278e+00,7.821977723574996544e-01,-9.112212215733169529e+00,2.013542607776978688e+00,3.184591092421678038e+00,2.411729600135609441e+00,4.396154555011325016e+00,5.469461840137485709e+00,6.301616046768416801e+00,-6.026180675110822671e-01,4.655912632137195750e+00,-6.985548014424876939e+00,-2.558314521000907060e+00,2.086258866532150424e+00,1.143916997834244675e+01,-2.326746870616631657e+00,-2.360343937079673271e+00,1.231495580472746765e+00,-1.099891603827086867e-01,-1.660743515472959952e+00,-3.371956623872075731e+00,-5.019129297929909583e+00,2.024450677151530709e+00,-2.760168061400936956e+00,-8.223398185610253819e+00,2.897567235058561064e+00,2.171850586429733276e-01,-9.577074062662738640e+00,-2.103782995006332701e+00,-1.123798511127068522e+00,-2.402502994628834099e+00,1.665680505384088850e+00,-4.261042005811445321e+00,-1.999364763211655793e+00,-1.386657029653038720e+00,-1.123263463353272229e+01,8.195291642718718350e-01,-3.743435445884200075e+00,-4.382828103951658671e-01,-8.704027666469166258e-01,2.203654859396605659e+00,-1.552503126555013768e+00,-1.230126596828674534e+00,-2.354240419437058918e-01,-2.850602292365354895e+00,-7.397329074038339058e-01,5.840627289051945059e-01,2.866738719013047554e+00,6.746908857352727829e+00,-9.422884796795212736e+00,-9.513698729703944090e-02,-6.997810216495298441e+00,-6.627592931484210803e-01,-2.017303103743266934e+00,-3.976357960043423567e+00,2.318642590487551836e-01,-2.977236303233623538e+00,2.469121480799992163e+00,2.235159533537561138e+00,-9.405497690193179716e-01,2.051157193300884085e+00,3.783627804587011756e+00,-7.357565254070001615e+00,3.468434507613409323e+00,6.360132959512614370e+00
-3.877172085103395727e+00,-1.788614287282251025e+00,-3.828324305096872493e+00,0.000000000000000000e+00,4.137383333716357470e+00,2.131527806392730096e+00,2.246028736748021115e-01,6.523359260443713836e+00,7.728311753725323641e+00,6.877089122634620466e+00,-2.779704364701550912e+00,-2.593440998494052074e+00,-4.050306538580035642e+00,5.380868701399142751e+00,-3.391058148430543095e+00,8.645039771522235128e+00,-4.879790917271655815e+00,9.425147510597874145e+00,2.544391843753082139e+00,-1.798480290929847847e+00,-3.343695869793478437e+00,6.513684115920614914e-01,-1.874633754710443911e+00,-3.927448180113097376e+00,6.557416525222408588e+00,-6.611848209305460244e+00,9.418955126849317239e+00,8.990248047648089491e-01,1.159937822858456258e+00,-4.026896211323436336e-01,8.992172089651073730e-01,2.475372415078784361e+00,8.501492706966587320e+00,4.012752184557763613e+00,9.085663872327092605e+00,1.350000326864113420e+00,2.300233986573966494e+00,-7.229180014402634136e-01,5.377614938488197716e+00,6.109073103374528912e+00,1.883955787391892178e-01,6.632559502479145053e+00,8.053333231374102397e+00,1.123970096405579788e+01,2.592897423764509490e+00,7.523882458151664565e+00,6.350191601383606610e+00,1.654614950045105948e+00,-2.304092587374056755e+00,9.107999671825339760e+00,1.789504642003495904e+00,5.379950274043646452e+00,6.522717481179494570e+00,2.054418971223551438e+00,8.007989252914708089e+00,3.814022288881753653e+00,2.098847363127124499e+00,1.339384971578399153e+01,2.288478172846432290e+00,-9.943897961596123380e+00,4.394405650557642318e+00,-6.952823646602410257e+00,-1.880846922812471123e+00,-1.698946522737075471e+00,6.973591259683552757e+00,3.454404827206007500e+00,2.117745723725814599e+00,-1.011763621596665885e+00,8.886454214742652624e+00,7.821892499782432395e+00,-5.154073192927384639e+00,-2.449196635811356770e-01,8.846382897484959429e+00,-1.147200859566889664e+00,-2.824713596593350751e+00,1.296735339096318640e+01,9.450752852986667563e+00,9.196624570933277454e+00,1.350788085672909755e+00,1.720070549947966487e+00,3.153786621512534971e+00,-3.560517968690293800e-01,5.125908718952817189e+00,7.664616246357024432e-01,1.075749883127948081e+01,1.188198761406286552e+00,2.548611100506333327e-01,9.617264666215390889e+00,7.353056678999146278e+00,-3.211371290337120321e+00,-3.369160186684808878e+00,-4.047583318472527836e+00,4.699014845841992027e+00,5.417661037490320908e+00,4.098637893306062097e+00,9.474859212268835762e+00,-1.716833587045808240e+00,4.780297185563721740e+00,1.527277501714474184e+01,9.864359053631885033e+00
1.028975463056994721e+00,1.878117673216742389e+00,5.123507636004947408e+00,4.137383333716357470e+00,0.000000000000000000e+00,-4.527108774100144117e+00,-1.202071667176488567e+01,1.014342226726513196e+00,-1.794120374330193890e+00,2.935424291486475212e+00,-7.503514337715330385e+00,-5.970794870235772045e+00,-7.494366474852056648e+00,-8.800985260840528568e+00,-8.717578667523058655e+00,-1.070615237584898072e+00,-8.121686041379028609e+00,-2.585124244089234136e+00,-4.110922625755690341e+00,-7.282558135773752994e+00,-8.582608743906867232e+00,-8.096846654393379694e+00,-6.964737650799744273e+00,-7.192934300479527643e+00,2.071538841831325750e-01,-7.528625720909951191e+00,-1.749980652900665623e+00,-7.404602282846775907e+00,-3.270788275100517062e+00,-8.547952608368465377e+00,-5.134712628332201767e+00,-6.660135567502972087e+00,-1.130769145813355525e+00,-4.327989888626335713e+00,-7.405016418967819369e+00,-4.306568648189395887e+00,-8.104015909601798739e+00,-1.058573916911422153e+01,-3.900214909612660374e-01,8.830020656493632325e-01,-7.569119249944637140e+00,-3.879045846763141681e-01,2.221375955290505466e+00,1.817801714047483919e-01,-9.260706272358969482e-01,3.461600054296915641e+00,-8.913214961098796962e+00,-7.364346991528380570e+00,-3.264677321045836411e+00,3.269445079397203635e+00,-7.020063780930857256e+00,-2.022015526199544055e+00,3.000195403836658503e+00,-3.215435557596047378e+00,1.593855837356185523e+00,3.302802228222170844e-01,2.447087556821343934e+00,3.967607137191896172e+00,8.067014054643921739e+00,-1.113950717230791909e+01,3.542981013873590379e-02,-6.962566872695970410e+00,-9.035856899861338221e+00,-1.673600165021876363e+00,-1.732687633703326791e+00,-7.880385197076531512e+00,-3.162030833091726389e+00,-6.199623399471622776e+00,6.733233456526553695e+00,2.385958917314974226e+00,-9.214386755582236077e+00,8.388506947735733243e-01,-9.513655189658886124e-01,-5.446957816889139714e+00,-5.840611267416991659e+00,3.497483606175457727e+00,1.194052915465956266e+00,-7.562675925893781681e+00,-6.687910265599748882e+00,-1.856199816026530502e+00,4.388291526812160726e+00,-4.238997644745121640e+00,2.955601528166202918e+00,4.816833069400404455e+00,3.683843132480143279e+00,-4.099743698529487723e+00,-1.589845373201146161e+00,9.710661584130012569e-01,-5.888764278557134801e-01,-9.828833296598151748e+00,-4.900135487135349521e+00,-8.122291704787702571e+00,-1.209365290926088576e+00,6.810087028423024158e+00,-3.607872806093090912e+00,-2.993008349542574109e+00,-7.218381656637971489e+00,-6.568052556118574081e+00,6.884285238529703754e+00,-1.216555067573178578e-01
-5.903700895520272773e+00,8.075738454029671165e-02,-6.055320850230092589e+00,2.131527806392730096e+00,-4.527108774100144117e+00,0.000000000000000000e+00,1.364738422574863774e+00,3.163188130631951367e+00,-2.080410015884655905e+00,9.159629373588728640e+00,-6.472022453388510677e+00,-1.107218237959455509e+00,-2.848048494163726296e+00,3.830488021118260367e+00,-6.546597345936929102e+00,3.308054983396753190e+00,-3.042938580886035638e+00,8.596622277225282716e+00,4.637973436765956414e+00,1.954981684402227193e+00,-3.376480478245977856e+00,2.509530835005827409e+00,8.840868052055981252e-01,-3.971864648136167020e+00,-2.054676294501262657e+00,-5.015794404629425607e+00,3.595619683526940946e+00,3.292587147925363222e+00,9.073159104198988967e-01,-6.110109980354901715e+00,3.602597375566220617e+00,1.804397111891214678e+01,-4.912388380396796705e+00,1.069938520737930787e+01,7.763200659256655811e+00,-3.774444943202997393e+00,1.513818068115371229e+00,2.526536170887708987e+00,7.464165537150955210e+00,2.250009261386572756e+00,-2.580863780278860986e+00,6.846865627150021671e-01,9.851709823432576840e+00,1.216751385510344186e+01,1.461459682564796969e+00,3.529871009503720902e+00,-5.349598123429262220e-01,7.067237136605305503e-01,-1.407534776576661040e+00,4.139798990862988859e+00,-5.431464794880794145e+00,1.237463503858657221e+00,2.069856367248908313e+00,7.104877753572330645e-01,-1.888317610522814105e+00,-3.190735691510261596e+00,7.332392681736789042e-01,1.879812726821785684e+00,4.060797343764833478e+00,-6.393792763091654230e+00,3.228280636390183478e+00,2.843875614250400474e+00,-1.065969571370324687e+01,-4.844654166577452847e-01,4.837509396878151513e+00,-1.599485417188862169e+00,6.179458809247401874e+00,3.296210689214932543e+00,8.601068346439442180e+00,8.497220499458363108e+00,-2.489714842082508373e+00,-2.485969588398042163e+00,3.835101601141611027e+00,2.357576455181260577e+00,-7.384224151085096999e+00,5.753594285622783744e+00,9.070999406505876550e+00,4.234271779049606721e+00,-2.293590747343531300e-01,3.306037177138811511e+00,-3.223101700622609478e+00,3.039785691718161598e+00,6.676304680264045999e+00,5.254411503405483685e+00,-1.472185837894634641e+00,6.383690910802793717e+00,1.427506779988710006e+00,6.213682956183702366e+00,-3.239461247632317242e+00,6.290660841564283068e+00,2.536654026246823790e+00,4.043358262698615313e+00,7.910395952238328476e+00,2.150621228092016946e+00,7.615646501114165190e+00,8.141154676746362284e+00,2.906329068038684849e+00,1.158058424992329583e+00,4.302661711245571396e+00,6.028361851546088168e+00
-5.911335029241234551e+00,-8.560589194189663687e+00,-8.332917450744005805e+00,2.246028736748021115e-01,-1.202071667176488567e+01,1.364738422574863774e+00,0.000000000000000000e+00,3.539888589051883638e+00,-4.728330461057569600e+00,9.055434375725051055e+00,-5.335217333295754205e-01,5.826317759913428596e+00,7.593103072160732880e-01,5.748117522396865020e+00,-4.861263498690057361e+00,1.788266431326659633e+00,2.526660814664507093e+00,1.062240206482698213e+01,-8.613409620284067092e-01,2.316624284608473694e+00,-1.936682023149200793e+00,2.495980944750489261e+00,1.070899172023679347e+00,3.276429561236044563e+00,-6.456633579848697124e+00,-3.298045246732331792e-01,4.059463044195582349e+00,9.584949977480970773e+00,4.778782137103761762e+00,-6.332903430855902904e+00,5.205967803716882614e+00,-1.223822470663767925e+00,1.654804248000470768e+00,8.768619504131454079e-01,5.536697840779208235e+00,-2.315266423284750630e+00,9.429821013801827689e+00,-5.965955477014124320e+00,1.519703219024289176e+01,-3.040095132919162224e-01,-1.754551746060442952e+00,2.769967634418201818e+00,8.432072911063480447e+00,1.083241815143053799e+01,1.229499877876995884e+00,9.172298996662693327e+00,-2.600867608219055604e+00,-3.414981694107893651e-01,6.764741616847444128e+00,4.145311590833332005e+00,4.032042404350160147e+00,1.346273797901656799e+00,6.763391581663810825e+00,6.593724110717102072e+00,-2.213003687476691184e+00,-1.653160860405799237e+00,5.029273328016870437e+00,1.448667136838549752e+00,2.104046278448739482e+00,-3.203819818885774051e+00,6.253454728838763188e+00,1.052679677200245933e+01,-7.997484438419442121e+00,4.055473964234414197e+00,8.214042345590085503e+00,-3.130465919327766855e+00,-9.480540722046377766e-01,7.147693874478743936e+00,2.435569452528807854e+00,9.275660482763598225e+00,-7.268041392085103247e+00,-2.917184049565333837e+00,4.763770425150111620e+00,1.120127164930590835e+00,-5.463161316361101610e-02,6.539487904327223156e+00,3.125632220692945218e+00,6.874173779074642887e+00,4.494478351848415265e+00,-2.423195005406073133e+00,5.777689316232685890e-01,7.176174800648811747e+00,5.965333637204037309e+00,1.043058804636691095e+00,-4.254876365401074167e+00,9.620516368582050504e+00,4.282209032308282204e+00,7.104382565246376124e+00,-4.202568349060739727e+00,2.056452729008772629e+00,-3.616765692511772823e+00,9.128883469757633762e+00,1.174020472833758610e+01,1.746553352019198702e+00,-4.797286938742858275e+00,6.645136823661627723e+00,4.835063374391856961e+00,4.738399836936620702e+00,6.949399708335779025e+00,4.205627959742257005e+00
-4.759778952644249550e+00,6.606030187067500892e-01,-4.429186076243972758e-01,6.523359260443713836e+00,1.014342226726513196e+00,3.163188130631951367e+00,3.539888589051883638e+00,0.000000000000000000e+00,3.291735278698485700e+00,1.783934830462717391e+00,-1.288193984584110652e+01,-2.229686273355245163e+00,-7.445827568060945367e+00,-8.435097896281895657e+00,-4.882040083200219982e+00,-1.312963354501041513e+00,-5.833567906436210926e+00,-3.192716828782816929e+00,-3.645393090954677007e+00,-7.416537914901608630e+00,-1.041344246363541792e+01,-7.269437957646838200e+00,-4.536545346078758811e+00,-9.133223304894817929e+00,2.861066368611212773e+00,-5.470801586005611838e+00,-4.942029322435630423e-01,-6.647834824626732697e-01,-2.675306949945073787e-01,-7.856273916935413659e+00,4.208752757769959274e+00,1.886255912442507787e+00,-1.330341899630501423e+00,-1.831435597888857014e+00,2.163587634732776710e+00,-6.008027889224953455e+00,-9.305477860341770935e-01,-9.418109730221557285e+00,-7.786979643589536648e-01,-1.062053235758966929e+00,3.383564261264522699e+00,3.275201042583075317e+00,8.423416829085160984e+00,1.070972952098791886e+01,-1.958348026464541702e-01,4.162048702595086525e+00,2.885164008652861156e+00,-2.771388565951717897e+00,1.272758825505813762e+00,9.028692683011845688e+00,1.927191741472826347e+00,-2.522662289354779652e+00,2.489263724976006120e+00,6.214942980353852509e-01,1.021561797228105029e+00,-1.118026865376986256e+00,-4.858631177549898261e+00,-7.090255205706882391e-01,-4.349937776668641121e+00,-1.033760810473139991e+01,4.632103719612230108e+00,-7.432242261141948525e+00,-9.893822942606517401e+00,9.458596885356540529e-02,4.634657908715555941e+00,-1.444906486878525964e+00,2.268493426654767831e+00,-3.359479460196544309e+00,-1.418590587721606511e-01,-6.761769850989741704e-01,-1.603736320928578607e+01,3.035646906140893719e+00,-1.583189786826183276e+00,5.799332673766295798e+00,-8.132387166445685267e+00,6.555291161068838690e+00,3.677508062322165205e+00,4.513530206912369502e-01,-2.151090484180783857e+00,6.078474325625839114e+00,5.982044997764133676e+00,-2.564553514416403335e+00,6.072826119597821481e+00,6.453908661724470086e+00,-7.557903032549679878e+00,4.817296921752231675e+00,-5.406695003447217207e-01,6.211695372543847071e+00,-9.040550565766607427e-01,-1.836610158289188721e+00,-3.453671399563278843e+00,-4.586473780046073756e+00,1.511731480870307509e+00,9.169884206063781962e-01,2.736875247201096428e+00,4.348597933164412233e+00,-2.733179223543697134e+00,-1.185325563809598082e+00,6.507101559828316617e+00,7.301645758964619759e+00
-1.244001461731957248e+00,8.300708700856201716e+00,8.383539396018148793e+00,7.728311753725323641e+00,-1.794120374330193890e+00,-2.080410015884655905e+00,-4.728330461057569600e+00,3.291735278698485700e+00,0.000000000000000000e+00,1.162214329526255696e+01,-1.817718218649585937e+00,1.898472486390654801e+00,3.475462689431248198e-02,3.951828028499992040e+00,-1.304176727771651612e+00,2.043366768491853502e+00,-1.947520635187247162e+00,1.216786777539598141e+01,4.748940634527075488e+00,2.041524730354664197e+00,2.499401302615444465e+00,3.949423815244396785e+00,3.664527032516482929e+00,-6.537631800874289745e+00,-3.277927809439622031e+00,-1.566840526211339957e-01,-2.501979530300669996e+00,2.204911410104668956e+00,1.532662855066673879e+00,-1.557382541296267187e-01,3.447739119609048331e+00,6.982073633061622431e+00,-2.473293785992245919e+00,9.122835504898784365e+00,4.233029920809097568e+00,-2.909437959021850428e+00,1.110605713323372656e+00,-2.465780649517354650e+00,2.498598750051578055e+00,4.395508830093061370e+00,-6.050704304071813588e+00,1.431287186529132338e+00,1.396065900996868692e+01,7.510987879183671723e+00,3.326193320662675923e+00,1.035936331440132818e+01,4.871169412416530342e+00,7.060458576248452189e+00,-4.639596632641074692e+00,2.328079790731113707e+00,3.859939826328108836e+00,1.031170003315741157e+00,3.204259493380143820e+00,-3.548696261124490103e+00,4.068021948607097649e+00,9.737087146311450780e+00,-2.377379475888529825e+00,1.429180056283602784e+00,7.400300610421465919e+00,-4.569874533177062048e+00,3.740521943083439549e+00,-9.329016439971093977e-01,-1.032818817912489351e+01,4.346096762608810948e+00,1.240238077680248097e+01,-7.496583513501864360e+00,3.978341582001294174e+00,6.552376562142973704e+00,1.252571159216356911e+01,4.094726939254518250e+00,-7.671423483925598141e+00,1.674734362584713310e+00,6.741777108725634626e+00,2.748860678685730030e-01,-8.709239722085403201e+00,2.552582920867452199e+00,5.304067231279836037e+00,4.313469400129530840e+00,3.739090239143241678e+00,5.742765990824960198e+00,3.429976684296941691e+00,6.393035505320136203e+00,7.743735481410254806e+00,2.613012337431319665e+00,-2.242810523596679317e+00,8.233722498647672694e+00,1.564177325754128045e+00,1.260571655860327933e+00,3.762400509789509240e+00,2.466854815944587109e+00,8.649352035379798131e-01,7.580342385593591636e+00,1.062447607423500706e+01,-1.208721300607456639e+00,-1.996701124228416502e+00,1.922345588638976199e+00,4.383168906983408775e+00,1.216413163088236216e+00,7.756492833990784597e+00,6.413196754545989364e+00
-1.225823474702385285e+00,-2.787755709099795642e-01,4.476891017152155428e+00,6.877089122634620466e+00,2.935424291486475212e+00,9.159629373588728640e+00,9.055434375725051055e+00,1.783934830462717391e+00,1.162214329526255696e+01,0.000000000000000000e+00,-5.454404609988127817e+00,-2.161646262451584199e+00,-8.660176264804347213e+00,-2.905034116742828965e-01,8.887502746209019477e-01,-3.326779448470212674e+00,-2.507817302250342717e+00,4.187023156637809662e-01,6.043356207597978091e+00,-6.590388623409230984e-02,-1.805292068201731936e+00,8.294151568105542216e-01,1.818041155061504544e+00,-5.667764364669939603e+00,-2.645456891959979462e+00,3.759161361178994465e+00,5.057029238457051434e+00,-7.249338071529394245e-01,3.230394603622029681e+00,-8.699697011029694949e+00,-1.701327998456089396e+00,4.994810584530961606e+00,3.018296251355137905e+00,-2.510442772169051207e+00,3.708850152679473933e+00,-4.734156469375115250e+00,5.891349696660082014e-01,-6.694481287278128079e+00,-2.355123066894080797e+00,-1.574269075151461195e+00,5.363629550206962193e+00,-2.730807534558393534e+00,1.094447752549799624e+01,7.717971337828499756e+00,7.698728287890809874e+00,1.071060977275419823e+01,9.134677148374562350e+00,5.924076629356952672e+00,-1.840439291487901530e+00,7.800829080892636824e+00,5.458542197073812829e+00,-2.238043681086941739e+00,3.340849069826012485e+00,1.926602462089696433e+00,-6.190559086859105165e+00,-8.160893318474492730e+00,1.580539603390614278e+00,-3.055187558466854192e+00,1.957556120338187711e+00,1.831998709351716048e+00,4.508756127609641950e+00,-1.070954341497638929e+01,-9.563520463892961843e+00,8.141546714064698875e+00,7.768554819561430236e+00,-3.719426578331795352e-01,-2.847968426826726240e+00,7.173706089538422148e+00,1.251858893404747652e+00,7.091293643364197763e+00,-2.377311222902604548e+00,6.197698946694053745e+00,8.679719045249614240e+00,-4.462905963049212055e+00,-4.347344240760998346e+00,-1.494503240057629245e+00,-3.681050398359638542e+00,-3.307309456240842938e+00,-3.261404639299828379e+00,3.124032824974411593e+00,4.451314833902282331e+00,4.977562310761805553e-01,7.432178402153823971e-01,-1.906869503170988134e+00,-4.357920675685408973e+00,5.420794767023611627e+00,-6.192953006728546761e+00,-2.103957357886323543e+00,-4.832303313858520966e+00,-2.117293809531614335e-01,8.469213635123052697e+00,-4.663016372257334119e+00,6.463511428313044149e+00,-2.784973125180775888e+00,-1.596827763164522240e+00,1.872540802337262944e+00,7.073041700804691523e+00,4.342714537643725059e+00,5.442020023258065109e-01,2.743406023842614783e+00
-6.746762271847530634e+00,-1.536477834213954807e+01,-1.014644066271982403e+01,-2.779704364701550912e+00,-7.503514337715330385e+00,-6.472022453388510677e+00,-5.335217333295754205e-01,-1.288193984584110652e+01,-1.817718218649585937e+00,-5.454404609988127817e+00,0.000000000000000000e+00,5.728139965156226587e+00,6.209207947170562569e+00,9.069576904372063098e+00,3.437966865436843378e+00,4.853977272995679826e+00,1.208454947094346643e+01,6.754308489561050344e+00,1.059839837577980148e+01,5.022265451275150561e+00,-5.865461247787933097e-01,1.270312961494869164e+01,3.362625179107958662e+00,-2.233887492495369997e+00,4.925211023730911464e+00,8.029699120814141056e-01,1.354030925482213199e+01,6.584443353075512206e+00,1.504078953119309114e-01,5.070419443204840171e+00,5.763047293430403784e+00,7.450836139989063689e+00,1.965169172744702708e+00,1.089107408020541179e+01,1.906914347369540508e+01,5.603536446707436447e+00,8.439097983612624532e+00,7.295863206027711767e-01,9.272567195064651102e+00,9.950993858844118023e+00,1.232122913532100839e+01,2.073764836923668753e+00,1.153622483145965560e+01,1.096263152644977446e+01,1.687624471658664405e+01,6.200635320788782323e+00,8.021281394824990585e+00,1.191366280102323216e+01,1.110542468407839856e+01,1.262424396254061598e+01,4.352574100109232624e+00,8.102953444409934036e+00,5.629724648262767417e+00,3.667524325120846029e+00,1.207629563879989831e+01,3.283940214217266007e+00,9.820773952014208774e+00,3.284734728218151378e+00,1.527041972816790105e+00,4.179259962897646119e+00,4.647446444031174906e+00,2.293650366163722421e+00,-1.154990308418266803e-01,8.393707868931430838e+00,4.519993919689709649e+00,8.235687403252020644e+00,1.223471257368786524e+01,1.352366363087869949e+01,8.474794536355885199e+00,7.433216721643771230e+00,-3.535771373494300818e+00,5.063185890752525786e+00,4.780203971976534127e+00,8.813680635386672790e+00,7.424765442752375710e-01,6.513287796648150163e+00,-2.948610481060737865e+00,2.994390016995677861e+00,4.463950750760811381e+00,2.834070031196898043e+00,1.117218320258064779e+01,8.529941573321194070e+00,1.084274878356842642e+01,4.524236204920758730e+00,-3.686766189983476050e+00,4.932554864716638399e+00,3.611032743854396543e+00,1.319316553275849913e+01,4.001818120612746554e+00,8.094705369406547391e+00,1.077712355476430695e+01,7.747085228241845645e-01,7.487294335756740082e+00,1.315301855177035861e+01,5.862448543191555395e+00,1.451185198183847014e+01,9.345111682008779397e+00,1.140123906768722151e+01,1.171799177315865848e+01,1.025885376587044107e+01
-2.250227046153916888e+00,-4.134331444894224106e+00,2.769242610878764332e-01,-2.593440998494052074e+00,-5.970794870235772045e+00,-1.107218237959455509e+00,5.826317759913428596e+00,-2.229686273355245163e+00,1.898472486390654801e+00,-2.161646262451584199e+00,5.728139965156226587e+00,0.000000000000000000e+00,3.209968282292162134e-01,7.039934660795329258e+00,-3.720773547539850235e+00,6.038218671388600356e+00,1.813908393213563008e-01,7.458861303290534650e+00,4.204698799799694520e+00,-1.409010046466495414e+00,2.077805136087276239e+00,6.832565610847853854e+00,2.839140485475969644e+00,-7.418011962669837978e+00,-2.972420818207047510e+00,-1.083473449462170057e+00,-6.770571784623655720e-01,-4.830130028023984501e+00,-1.900304061346067552e+00,-3.532101957532302716e+00,-4.694474553530519678e+00,5.878405941924579992e+00,2.988104369902926105e-02,5.629668076311428182e-01,2.077278431414046445e+00,-1.167228889468055364e+01,5.720397598725744936e-01,-3.943364655187814538e+00,4.701823485614776033e+00,-4.497862527561551360e-01,2.226123936712687268e+00,-7.810573533775844624e+00,3.153910345023127615e+00,1.207900068005036331e+01,2.606579959471921448e+00,-8.362740058104196628e-01,5.455090330760026696e+00,-2.373252292418766896e+00,-1.332837314110885352e+00,3.256956922498477791e+00,-7.159757622136722510e+00,3.260700056682232173e+00,-3.134269726069778272e+00,8.687081588935820220e-02,4.387294036771034023e+00,-3.096414983771958784e+00,2.601568735326647452e+00,6.237086543120733406e-01,-4.710147151934028997e+00,1.614887632699421482e+00,4.678880720538738380e+00,-6.054856760613543720e+00,2.974619821702420897e+00,3.939724314600286270e+00,1.175548839837109938e+01,2.070266809576405131e-01,-4.399376988626497176e-01,7.421972849061411637e+00,6.447816845101333350e+00,1.140834872957599444e+01,-6.014175070255674882e+00,2.669057139618426611e+00,9.698749377316206122e+00,1.233085569670860249e+00,-5.092326361062156082e+00,4.571493726437675598e+00,6.045586757490663210e+00,6.691218706585324583e+00,-4.711347311397704907e+00,-5.126329219986152097e+00,1.700753264008816767e+00,8.458122864798980345e+00,5.079129430206229756e+00,-3.791955703379481513e-01,-3.895285253012317650e+00,9.394534172144613393e+00,1.375624287631046716e+00,-1.846792419643926042e+00,-1.599380487669132211e+00,1.092942030862418479e+00,4.444669262292116230e+00,-5.715872057883213841e+00,2.110795648155709969e+00,-4.942596839110968254e+00,-1.226910757908532768e+00,7.411083337071987742e+00,6.875144893807377144e+00,1.077323115148751675e+00,8.725937344826011355e+00,6.473713520647029540e+00
-6.730293290782643822e+00,-1.405882513481187068e+01,-6.156043700231086380e-01,-4.050306538580035642e+00,-7.494366474852056648e+00,-2.848048494163726296e+00,7.593103072160732880e-01,-7.445827568060945367e+00,3.475462689431248198e-02,-8.660176264804347213e+00,6.209207947170562569e+00,3.209968282292162134e-01,0.000000000000000000e+00,3.349667891689156907e+00,-8.308294515097127686e+00,1.886732521192982404e+00,2.720402732958282499e+00,4.791990347949245610e+00,3.101218257157556835e+00,5.140588947867776426e+00,-8.561890563682959865e+00,4.989291683699093483e+00,-5.119365677426769068e+00,-6.144523045454925558e+00,-2.785256087905793709e+00,-1.013012761213906376e+00,-8.495756183871089107e+00,7.728610580145721443e+00,3.510269190230196124e+00,1.520487064379960618e+00,-4.115206334262277110e+00,5.019675298134820274e+00,-2.370024466700534571e+00,7.374122399877908185e-01,1.253680449110667228e+00,-5.655226495708496337e+00,-2.504584308183713137e+00,-6.749656118566258911e+00,1.715237926123608370e-01,1.406721131713924544e+00,-9.828868000234348701e-01,-3.567925931908832116e+00,6.142589456861222708e+00,9.398011917360523881e+00,-1.527503582686497718e-01,-1.564153651544944790e+00,2.957535141380727151e-01,-5.423418000531869509e+00,-5.634515717748611152e+00,3.297815960038678273e+00,-3.218704619722581484e+00,3.885838535274246386e+00,1.008101525394665110e+01,6.603580342529721037e+00,1.585812258383741069e+00,-2.288213106909251948e+00,1.210207679434085115e+01,1.487886510123640260e+00,-6.618854096612791338e+00,9.611499107869599934e-01,6.760786188182897893e-01,-1.007654489332801440e+00,1.777561074011114739e+00,1.573640095977521414e+00,-9.005399005210918961e-01,-8.463147141770814841e+00,5.242366630014330120e+00,-1.752157578569910612e+00,4.849715607398570327e+00,9.945975359643229652e+00,-9.750104288382983597e+00,1.294127806933411229e+01,5.226911818664352616e+00,5.357757802551791571e+00,-3.662482988743163581e+00,2.213490430601187331e+00,6.558340614351418019e+00,5.480625784156946345e+00,6.050749360294348511e-01,4.803037081170793421e-01,7.299609819666813770e+00,-5.494100630871130431e-01,4.481162114322994050e+00,2.655940164160027095e+00,2.249601751720280429e+00,4.047212242723085218e+00,3.563660660980531247e+00,7.968881668014115682e+00,1.780044709822243165e+00,6.745190130553655905e+00,1.480241028298881822e+00,-1.757775902854016581e-01,2.522135166995385536e+00,1.667536651231376954e+00,1.846038614039902770e+00,8.007896010642410189e+00,8.427878610312186325e+00,-4.567559040494450495e-01,-2.575481226919418276e-02,2.820320408065352780e+00
4.811052323932670127e+00,-8.643733825910134172e+00,-9.423962945279697578e+00,5.380868701399142751e+00,-8.800985260840528568e+00,3.830488021118260367e+00,5.748117522396865020e+00,-8.435097896281895657e+00,3.951828028499992040e+00,-2.905034116742828965e-01,9.069576904372063098e+00,7.039934660795329258e+00,3.349667891689156907e+00,0.000000000000000000e+00,-1.115339457606911289e+01,2.891847260231110717e+00,1.682853748670688043e+00,5.785828111282752956e-02,-6.222428921149087966e-01,-9.492698147460026936e-01,-3.139781214330127135e+00,-5.330016654907870688e+00,-8.548104358593892727e+00,-6.388232857175359491e+00,-6.695639728692966308e+00,-7.432138019571759457e+00,9.536213938119200151e-01,-5.913272409089580073e+00,-2.691399027972842806e+00,-3.803244706047875789e-01,5.904608437446382752e+00,-3.817025855839501158e+00,-8.174068497030447134e+00,-4.918850485576943043e+00,-4.888407966208840882e+00,-8.556940991844001587e+00,-3.189112383758079705e+00,-1.215436285785679793e+01,7.549626161570000882e+00,-1.393078989615259111e+00,1.150514545980902525e+00,-1.186846711251255115e+01,4.089923329914601169e+00,-1.192429844662406424e+00,2.035733735969606772e-01,-5.949080663138950342e-01,-5.294892333604254375e+00,3.866807632203361322e+00,-2.401792509257893560e+00,-3.882513573976252186e+00,8.466255237814605650e+00,4.839563243744471777e+00,5.348828095015533135e-01,-2.830106573717936058e+00,-4.344600010724142813e-01,1.107045886937003010e+00,1.060892281097039458e+01,5.153275223219443646e+00,-1.794957979199020004e+00,-1.001042162932050728e+00,1.280595680359458655e+01,3.081377217165704341e+00,-9.236190904805056334e+00,4.240326465069995443e+00,1.583881518369885333e+00,-1.725945781459047534e+00,-1.753175020843869669e+00,1.780828785663492564e+00,-1.923722545180387655e+00,1.131909490734045498e+01,-6.669983361059744098e+00,-9.448052122497407890e-01,-9.530730127703457288e-01,6.884896946746988711e+00,-7.182934288830874259e+00,-6.391495714653883553e+00,9.105714551086340203e-01,5.360639753217799175e+00,-1.185297245393855503e+00,5.847991167813804125e+00,5.798690571261031934e+00,-8.080037962371367399e+00,1.106027508302291462e+00,-2.795319304919151815e+00,7.551067897397756745e+00,-2.441398431693286408e+00,-4.782158055702612209e+00,6.653806451245848130e+00,-4.658203721845381118e+00,4.622961196930207350e+00,3.808855480025159057e+00,4.430240611895137626e+00,9.111996055588461374e+00,-5.575490518281150720e+00,-2.538139268960302175e+00,9.253074184656776557e-01,3.042291181437782654e+00,-2.728793562724256994e+00,-4.412958222263027031e-01,5.606798180172884116e+00
-2.373263250277072522e+00,-8.116965905306084750e+00,-1.063292881413042679e+00,-3.391058148430543095e+00,-8.717578667523058655e+00,-6.546597345936929102e+00,-4.861263498690057361e+00,-4.882040083200219982e+00,-1.304176727771651612e+00,8.887502746209019477e-01,3.437966865436843378e+00,-3.720773547539850235e+00,-8.308294515097127686e+00,-1.115339457606911289e+01,0.000000000000000000e+00,6.945425818829294329e+00,9.875202990872390174e+00,1.143576493552834172e+01,7.265740708897492794e+00,1.132267709557988589e+01,3.491325124248419787e+00,1.278460404077354617e+01,6.341320709520786636e+00,6.966739075420137484e-01,-2.459761155123418863e+00,8.913210195663335833e-01,3.416841634929135285e+00,7.016874947784361716e+00,5.345668064246501316e+00,2.073124263264247258e+00,8.768888687261872761e+00,6.002654358746128516e+00,6.812077326642635988e+00,2.526871538596296762e+00,1.170688300413558558e+01,3.438744607966528921e+00,8.948823564857722346e+00,1.030773419043660821e+00,1.483040042608573472e+01,5.460294144705995834e+00,1.148023181413527993e+01,-3.708291481990491523e+00,1.251051413055066774e+01,2.157518171221261838e+01,1.045517551680823409e+01,4.121877423842230215e+00,1.078890174137870517e+01,1.070697288008820180e+01,1.520511165454515101e+01,1.264577738378608274e+01,8.727637401649534610e+00,4.533591512760381192e+00,5.728725977375585643e+00,5.895507191979082684e+00,3.039396323705062297e+00,4.241900203125760882e+00,4.484358711238135342e+00,4.477433391220994707e+00,-6.401886644392157377e-01,7.513986787327777250e+00,9.223853129102362658e+00,6.348274177123276019e+00,4.584671292780755358e+00,6.099739173976199247e+00,9.137733618789990686e+00,3.001661020713357164e+00,7.144194817614438975e+00,1.250175874976132206e+01,8.873459471502149754e+00,1.071119394241661738e+01,-1.454693707132195035e+00,6.907800409135398390e-01,1.417846589348642716e+01,2.752185216391678679e+00,6.762186301415668011e-01,5.296180340273909160e+00,1.096295895969904599e+01,4.717755621795149956e+00,5.147367059537046430e+00,4.662768671932577824e+00,1.363962222729603901e+01,1.268698099304249460e+01,1.413200251430935772e+01,9.501721713454442053e+00,3.646061539091223658e+00,1.376604472669740886e+01,6.678665860918961528e+00,1.276025960211807586e+01,3.040160327967325049e+00,1.136431739627308701e+01,1.235147812602210848e+01,6.394548810657228799e+00,1.086538135616075174e+01,-6.561147252846875055e-01,7.764964622443707221e+00,1.736101802812563122e+01,1.619491087236037430e+01,1.498147656978752096e+01,1.708681809580397015e+01,9.106089734512227807e+00
