0,1,2,3,4,5,6,7,8,9,10,11,12,13,14,15,16,17,18,19,20,21,22,23,24,25,26,27,28,29,30,31,32,33,34,35,36,37,38,39,40,41,42,43,44,45,46,47,48,49,50,51,52,53,54,55,56,57,58,59,60,61,62,63,64,65,66,67,68,69,70,71,72,73,74,75,76,77,78,79,80,81,82,83,84,85,86,87,88,89,90,91,92,93,94,95,96,97,98,99
0.0,-5.454053673966657,0.2199938358230776,-1.9162619233459228,-7.4081472590788,0.47973353912543715,0.8173739290474941,-1.9498833823335633,1.086392926132356,-3.5373373884297474,3.868674260851224,3.7934752918682015,-6.907824415910538,-3.071511224170054,-4.126623792278062,2.4270744810434244,-3.1646376288567786,3.957928498832697,-4.7142565660188644,7.320884769383152,0.5362355318134319,2.7647418706986224,-2.534986682605701,-4.207842778454727,-1.4284577996578631,2.001909135590598,-3.4071359992828887,-5.7329056811667485,-5.805866376994636,-6.904872562358567,3.5614736690559226,0.5567596360327846,-1.5652879765972632,-3.236203786844716,0.42432489803173806,1.7097810446344632,-2.816275360112721,-0.7831687326624014,6.994656865162337,-0.6827186555179702,1.3793061104277655,0.05921522489589598,6.605913557216005,-0.6728304795594369,1.0589928451019048,-11.09227564172586,-5.785038301400886,-5.295636969187653,0.9141370128822154,-2.085463849447605,-2.2055705662429608,-6.80440453912052,-3.6607469923297007,-1.0194701377363424,2.809601377974227,0.4733830465983265,-0.17672613680584776,2.1862956588351694,8.682204957736129,1.3476869240651572,5.5863336319034325,1.1171749089946696,1.3443564828849988,0.41209097999548594,-3.478764227464717,-3.5580470313519927,-2.3118621161883186,-1.2357919023884067,1.201681434824206,-0.2555667475903364,1.912236313655472,0.05463410727670321,-1.86214592835344,-3.9889991119375527,-0.47245869117241635,-0.24152724690981087,3.5770871588205875,-3.828137431471225,4.8559195342075645,2.88226526164604,5.115278456825203,2.2295887260019054,-0.2026442151037302,0.12775534426110272,-3.1095899977460664,-1.8710584170031384,-7.962729180052025,0.5379620251550913,0.6379419347845441,6.848838095442145,-0.6697969279017708,5.265698805340184,-7.270873992187383,6.828916643606965,-10.574708062255263,-3.4080998145791135,-1.8829589059788168,3.6208628932468447,2.633059011523663,-3.2237289531481514
-5.454053673966657,0.0,-2.0318425697223734,0.9795345048164444,0.1685892193656404,-1.1211550964925532,2.493752109315712,3.371183556780806,-1.503678240165251,0.8046093050345661,-2.9297045688091776,-3.9696549645031114,-5.424688286824795,3.6844136725839864,3.44005258888999,2.4562753507288884,-0.6593544083266064,6.332477849160842,4.0173609537251735,1.7720551369553195,5.508874465820614,0.6096254962865404,0.6931710289059044,4.899897937840085,0.44797802872204096,1.790117380089286,0.3967504585658761,-1.041298675810402,0.7093892137769535,3.5363523126722964,3.58924111514384,6.009013080828946,3.365596972050152,3.9764547601139033,1.5811989906095882,3.4554173991664987,4.661596738070958,-1.602075258779148,6.031984665116388,5.762221829012533,0.6850598561700769,-3.806283763096992,2.875157644098617,3.982101832924807,5.279522230092734,-1.1756305312940667,-1.6444913123966955,-1.0366953059256787,0.4619047284177616,-2.2511123403097284,10.19830897196843,0.40395370289319865,2.442113558091122,1.1843005185804238,6.244059078549864,0.34888377074968513,3.665736606879285,0.17290618655948517,4.3583084256122016,1.867275310867772,0.9153058048749907,-2.1849198243675176,5.62401864485988,4.076329563645017,5.629710522155218,3.944256443988768,9.201287354628404,2.2465790832020094,0.3658526798939924,8.174698976067683,0.6853975264005748,-2.064848565252943,-3.739192255620389,2.4907923571397816,3.6106370901752873,0.17320079896831095,3.086629733231305,-0.8983101588341171,5.9983901212614485,9.027625788094701,2.583738426009357,5.604525883542334,7.9471150293661985,4.278268141962126,0.3321776661247617,-2.7495080201102167,-2.574537746201356,8.818984282156798,6.23887976188635,6.834217101418204,2.2738753814155617,3.151416446789401,0.8464346743645843,2.3613823415347435,-4.929337837939761,3.323298740266877,6.819131370628193,-1.707627088702686,2.828835523463022,3.0572824526982183
0.2199938358230776,-2.0318425697223734,0.0,-1.4299647943357627,-0.875048407018115,1.3032427126396753,-1.4652192069347556,-0.35147030135760654,2.830801470314084,-0.8759818806435465,2.522657019829149,-3.12982960481107,-8.719593826180075,7.405475853415527,7.21849850399601,2.7479415202102846,3.87733599242064,3.358647094377017,4.4679470522952816,-1.4793508686879728,4.153570329711983,5.222197079340222,5.710008066269095,5.3115054163105535,0.9563589316603267,6.512176797649467,4.369960036953409,-3.1362393172897014,1.703673713375571,8.34983729770481,7.051269174089791,1.5889456684706376,-1.4224032201704568,5.56682980400902,4.471620949765336,2.0745436889339066,2.9959564618151173,7.816154828792502,8.65915848345286,13.802132993775032,4.163254478370339,4.40928232285037,6.369816832455701,1.3514599350878023,3.5366465913504417,-0.31194865323261267,4.858440681319928,-0.8357209673973506,-1.420829414089937,6.12820918772632,7.555802951996921,-2.405006865842888,2.920671988704863,2.3439879334183065,-1.5097770577083816,1.2745674843189243,8.243184421372174,9.390527864654896,0.7291959587235946,1.8585660687365455,11.428187708104057,-4.013545457173217,-1.58629688792528,2.9801819403768106,2.9694168720984284,2.6169738680610974,-0.0326623634167418,3.4053253711873057,-0.9371373163435066,5.1602002134839005,2.906878119658995,-0.9655765458943395,-0.1719004387416702,2.089904288569788,4.534273655156988,-4.353997869225724,0.12111220650655112,2.1518400130666024,10.440064469675324,7.43525471923831,-0.3779600081130344,-1.5902726884535547,8.113731892961322,4.087206516577473,1.435405578538657,0.10306271061854592,3.1417060456132013,12.7510780998379,5.998540378324392,-1.924688446826175,4.736658767267008,2.2417646475663284,1.36411369864168,-7.564770231153599,1.0861470149846515,0.7467304885796544,7.115543006018994,6.197876484931144,2.499910032497653,2.960030156913741
-1.9162619233459228,0.9795345048164444,-1.4299647943357627,0.0,-1.1785686497915255,0.8597286184898606,-1.032224605063334,2.0122620108777087,-1.167647186638714,-0.1941522066400929,-4.199890913658057,3.4877140406453315,1.7210303575843509,-4.4927284626280395,-3.5857058277767697,1.0497622007640484,-3.1488020750500825,-1.2336453452007052,-6.601543097660699,4.414677120904747,2.507087872537724,-4.830525050607325,-4.0553939876078235,-0.6099598343996949,-9.500303755193283,0.6477414108138583,-4.895133844255004,-1.5372249481719829,-1.6503924739122202,2.9818399547746552,-2.7449677163272903,-2.246192362034913,2.068950191160819,-0.8555068280868835,-5.7719059910332655,-3.6654947663909727,2.521493810399563,-7.693980634538311,-2.0542331172986366,-2.2419053098041304,0.3974626983566848,-1.8771267231035953,-1.1370717829156187,-3.3035767302901453,-1.4385050739034344,-7.717433782637871,-4.184808465025083,-6.922211124587981,0.31487125139592537,-1.3926032115909188,-1.3496966848669671,-2.6869679035201623,3.4511864007969297,2.3149039029983154,-2.51341133981714,-8.35542656294716,-1.8753270811918143,-3.460772030804708,2.06353855511231,-6.567303383643004,5.901114617107449,1.3854246074428056,7.350941055768096,-1.7269429281489952,-0.567888273440426,-0.1421108514871638,-1.428608855809694,6.103326519179515,0.003343002380955718,1.9551163941098968,4.383899177623153,4.490070316466423,-1.73625133577319,-0.16875758625095988,-3.605795061253215,-0.7432332745356246,-6.118937509507,-2.328298724250295,1.8489756212724748,5.345888550833832,7.164905976083048,2.652114443200853,-1.0187331918992375,2.6323055079516395,1.4274372906564823,-3.6967817602936703,-0.5896430415194747,-1.6766008982841,-5.2251721305944,-1.2093006999034643,-0.6512697061048875,4.585506492458584,-0.9517646450834631,-2.231068600781809,-6.493628692081989,-4.515710763447142,-5.709967863379532,-3.184549321090086,-4.007167436895574,-8.81594744588529
-7.4081472590788,0.1685892193656404,-0.875048407018115,-1.1785686497915255,0.0,-0.8933604311776697,0.8973523460354209,2.6484379683251293,-0.10059810091351072,2.3736791048120782,3.950160725997198,2.0144154088688424,8.297986616455228,2.4903415757308784,3.7501508861710033,-4.405244121067547,6.921102847147488,9.698531068254503,2.448037669309646,10.080911135875688,12.229188363560729,10.133389533641385,9.041114733870542,5.295889508992574,1.1093188772424982,1.6964158851394409,-2.202680500882465,0.011335395867425047,3.634994913378873,1.4539590075372375,7.603592704917274,-1.9177211574047457,0.545708334356919,4.697513316011144,7.248857454276349,1.5054429663025695,4.47222494213153,4.584055681207269,3.0985897790698975,1.6941210224184031,3.1001922660602905,1.0950572958315703,5.709545264799166,0.13631394724386267,9.114378813254888,1.7369414252498163,11.501188798234931,3.1045787949687,7.648824024145098,-0.9555411830552377,7.854151232831299,5.7134639931808335,3.4641403583938004,-0.6501775301167602,0.9706319961691213,3.4959417093360945,6.728320006003964,4.383456910910273,10.281599494834987,1.1248597503221291,1.6168646911629483,6.936392929981941,17.680797199872604,4.31142842105243,2.2140454852190543,7.485192261988603,9.492153364018376,3.211818868293559,6.599622161088753,8.367687577005498,10.886773817413648,2.1126482977555927,3.7899786832992817,3.6791632277392687,-0.20468303676588545,2.149568948410313,3.487053620700164,1.0624174715119628,7.56956222092209,8.690261687669238,11.66309656421686,6.7102813559080445,2.172574023289888,5.60102742113034,5.412614795871977,0.8184489587830192,1.3597189117431563,2.010906175902356,6.9918327413562205,8.889495847114894,6.214875827785021,10.430989612739376,2.009528589599989,5.362532208888825,-3.716211616777783,4.076798677722134,6.442649548279888,7.466861124563321,11.06511963214424,4.3174428950207435
0.47973353912543715,-1.1211550964925532,1.3032427126396753,0.8597286184898606,-0.8933604311776697,0.0,-1.9148366028629824,1.6632559123432131,3.07704237186056,0.1924809987385068,4.399806756424093,-7.314446857057091,-8.325744626569518,2.1265812844412566,5.42901484370653,5.933698976687634,5.084008978956882,-0.6973675693818177,4.73766342938379,-0.5533505342571433,4.392602063315076,2.4353331030279715,6.6120282756139614,2.9556683938942663,-2.676837563542396,12.495411004202836,3.8952637317404055,-7.256334900988628,3.0223486317609796,7.324409355268339,6.975454608166861,4.7231208514621805,2.058737590915116,-1.3629884354206176,6.056404405127083,0.14624525858801912,2.5828410692945503,5.478674768949432,7.81480150183759,13.349795436650048,0.4469100592754577,-0.968295553051636,6.944668014126449,7.962879344884339,4.6565133286864056,1.814617124190484,8.787841245301612,2.526436894266446,-0.9046607570039032,1.210033550708328,12.127250231235449,-3.469147151361811,-0.34522084931916214,-1.998434304480592,0.9824797334741098,0.9556398104419245,0.7301357178885908,3.1073208996517665,-4.0846079117771525,2.200836374637263,4.052161044495303,-7.790346624429968,4.952355262991597,2.7297759586154178,5.35251021681528,-4.42758591087104,2.527109048061513,1.6199882990587644,-0.7775630796208242,0.8009343896622231,-1.9740363417469904,0.14582856941622233,0.1091649578695758,5.055163711670668,4.739377084160654,-2.87396372471806,5.086276150896904,6.034181992735232,8.210763719410338,-1.7505277285453376,-2.0072476737326883,1.3959599540095062,4.114708649550716,0.7403503552480993,-2.7678494049632705,1.4361236884176187,0.39886246493278577,12.983542910073828,5.868049639446254,0.3964345166550686,8.464823287233862,6.366840455554188,3.807736001002106,-7.3525386362792045,-2.3092856971984483,2.2650641635150857,9.731469711271457,8.525264673700429,2.3141004844692206,4.911869958352309
0.8173739290474941,2.493752109315712,-1.4652192069347556,-1.032224605063334,0.8973523460354209,-1.9148366028629824,0.0,-1.08904437180813,-0.4716206535811632,-2.827753862884195,-6.568027204911815,-2.4404390670707765,-6.972277621744929,-3.207874808736584,-6.484409348946436,-3.1929924166590715,-6.340447229658742,-0.021606447055758232,-7.208753531563774,-2.042630240070736,-0.07712724931138097,4.384545293126834,-1.2051871164502155,-5.031434403003756,-2.131553500072678,6.2289690878408495,4.601724094252265,-2.315643588112753,-4.420259947162201,6.922684885416391,-6.006096532390355,1.2023205306996727,-1.5276422951228552,2.206669632298772,-0.8002102042154396,-0.23001454643254815,-1.8592833234603043,-4.388380708093272,1.6288835067329928,-4.8901551697201775,-2.003648379038535,-3.8134758236184143,2.168555927047371,-4.956094064563419,0.3849847683277405,1.9858260526007625,-4.521962182146291,1.2490027503603387,-1.5787202900912696,3.503358947114158,2.321245315053615,-9.890380091994684,-0.6125095192772461,9.372557950346499,1.4425234986619433,-5.164398361579994,0.7830188155272939,0.6729902344135713,1.4154123991011,-1.5943909110193952,0.953501345285144,-5.0217894666498575,-1.6047699058609963,0.8536070734182796,0.5984489554510126,3.0474055848663895,-0.7097670249763546,-2.208481459891817,1.6440159552975988,0.34943034379523236,0.27646542322494344,-9.498077366156208,2.239108005710095,1.3809354674205048,-2.4648630814708,-0.1109403517937946,-1.0690815042031419,-2.2190946048676254,5.167401091325968,4.280303827692344,4.54686955501914,-0.2611837966348256,0.15765929967062142,1.539470383324289,3.389214985300711,-5.594092984009706,-5.736036887003583,1.109125771927567,1.5005882399282071,2.0499517268688465,-2.0903286418478966,-2.6649033634266766,0.2114653851135778,2.6657892016075695,-4.417654796546245,-0.656915403032126,1.7746940141446172,-5.541260284734868,-2.3837323197000093,-1.7392964159853475
-1.9498833823335633,3.371183556780806,-0.35147030135760654,2.0122620108777087,2.6484379683251293,1.6632559123432131,-1.08904437180813,0.0,-1.6609178427504767,-3.347737021541871,-6.093783315097572,-10.121729795814655,-3.6825121431875383,-4.557900308367522,-0.5814660551705265,1.8249393047907827,-9.527970576531203,0.6904723001054403,-9.895997297438024,7.954183073731846,6.3432658067098,-12.394975631370464,4.78112616693267,1.716124866415872,-3.0755981762450273,-3.083339664573562,-0.26222426905489626,0.8704059895213385,2.624201068038076,8.746951833306827,-4.372029011535303,-2.7975830754592272,-1.2878970835413892,-4.153635429773975,-3.8696513656572327,-0.7498892956330563,-3.3027531584022074,-3.8584857138230855,-1.7999795122368156,-2.2447145730434106,2.284496643250181,-4.487968691392015,-1.9730855690337383,-2.7217567792599584,-6.922644348111745,-6.140159258137245,-2.058246929413264,-1.0868583950853687,-1.2036522198158508,-3.1478870149862206,-0.7035302001492779,-6.928745314516892,4.290838886804095,0.18072299677548595,-2.637134567013573,-1.3655393888102592,-3.4333898327634365,0.2151126483508158,2.429312514251939,-8.089284604077289,0.20103991141110283,-0.7088866374521235,7.878602931210976,5.303561862591965,-1.100907240723358,4.182935330778045,-1.2060366965560787,-2.1420573999291475,0.8508442667074954,4.275436192691997,5.919707926846802,-2.4637941723092247,0.19816760093839017,-0.2830364268293016,-5.597660955893102,0.9850183231056323,-0.06018963717157815,3.5518075112622185,1.4193068786286556,0.661329590543037,3.873874302291027,6.14652876083774,4.234464720192017,6.345172089209439,3.496556935784555,-2.881265812920755,-6.26358863031874,7.532832963209722,1.376548255111992,-0.18388088724433996,-3.1982528621127497,2.252228530880544,-3.846964186548385,-3.4540412304675567,-3.58751698894146,-2.2054338385314702,6.05293949960955,-2.19043730541041,2.275367986060912,-2.492084810012824
1.086392926132356,-1.503678240165251,2.830801470314084,-1.167647186638714,-0.10059810091351072,3.07704237186056,-0.4716206535811632,-1.6609178427504767,0.0,1.9205460887561208,3.080236653630645,-7.151532434059937,-6.268284986528291,-0.5908246277041809,6.7353777331072,8.554090799992629,-0.11051696294670346,3.3497673065944555,1.3372799312921915,1.7718263730830934,2.357605385053163,0.2927889433448651,2.010004461402516,6.348330526756762,-2.867382136463135,5.957551956904688,0.8304504611678863,-6.252330215017191,1.5335694513795644,5.387895325730644,2.8944596842281407,1.4316276449360077,1.781319068560936,0.8530963803342438,4.150182278461347,-0.5058876567104161,1.9451843891344665,0.1368303386471742,1.1007495544989199,5.670849050779567,3.194910454898205,-4.2371174048857725,2.579509131428632,3.88045347490894,4.1838839195922635,-4.642124028135033,3.994692306055327,-3.2661269352396127,-3.222488926988272,-3.4593645476052406,7.919974682201522,-7.313675426197139,-2.962589452815802,-1.3548063637480623,-0.458084380864066,0.6910405218562797,0.6234692385615584,-0.5448045293949323,0.5973598070758114,2.0852892906807896,0.4291818361146921,-6.903095101907105,8.822836049103524,5.9744006359350355,3.137248863119514,-0.9778338751402464,3.120508327420308,0.061620970489828314,-1.0926252218534762,2.035013260841141,-3.65086585319148,5.16235356498272,2.9768380556511804,5.04435684466422,0.007313063835404787,-1.885976898179972,7.667289553353306,4.160365230019373,7.403574046902895,-1.898114701134458,2.0777707526074094,7.972983082972591,3.17528608505995,0.6894310302401886,-4.85667510792794,0.7002559555713205,-4.90646519561911,11.907341054305144,4.257766249146132,2.2331134036737104,8.533871011341468,5.613616457671014,-0.2526412961215433,-5.55565372812304,-5.126837158722537,-1.5051522596893672,9.2854686363528,3.092153986659708,1.4241138406966491,1.9558910874182984
-3.5373373884297474,0.8046093050345661,-0.8759818806435465,-0.1941522066400929,2.3736791048120782,0.1924809987385068,-2.827753862884195,-3.347737021541871,1.9205460887561208,0.0,-4.887662549171665,-2.356771272540137,-8.916000043540043,-8.117565275395465,1.3485346526776087,7.696644903142011,-8.623692107526395,-4.140590284690761,-11.547818485218778,3.913051594386616,4.570138127200734,-5.6772111879018405,1.708118580237595,1.8080926698117044,-1.6233063146081648,-0.7331190194786593,5.10687540725352,-0.6528377982178792,3.318343401797988,6.481649568951728,-4.400565753810479,-2.8645025440809,2.887167111409358,-8.767712857104103,1.0632598437991836,-3.747067182571022,2.3792797181136836,-4.231774909606948,-2.558073850576878,3.2585688760044462,-2.3995290475052236,-2.1149804801458636,3.4152586751724363,2.0094078014888326,1.7572126091072535,-2.8796577098190306,4.647464948843818,-1.909530673030976,-5.00312323262056,-3.4598921350552123,4.798189981009427,-2.865836569249862,4.25331050209211,0.9959391315337786,-3.3273975152691286,-4.768550288523443,-6.359773149989569,-6.337803634673276,6.296497794772248,-3.508354940487031,2.901141999961616,-4.102022394561977,3.2448741712220737,4.353002050198218,0.11247380587715766,1.5103588381161708,-0.8075348951178866,-0.8083993682943521,5.4367158378154326,-2.6832212848720056,1.8143516036729652,3.9505799974337745,3.8136918024515825,-2.1195723674743454,-2.2715394250463086,3.0121362895643076,2.121692259148216,3.035784789419231,2.7863471044192756,-1.9378699063636833,10.841722020805747,4.606362270166472,-1.9113308944257967,5.593043304346818,3.6097814522941456,3.3194838904592374,-3.8803307490496897,5.441363245499195,-4.135308171523958,-1.4058108616090574,-0.14243491351064907,7.642725449417736,-1.9650568542565336,2.362355913162499,-7.686285132936385,4.293886219857225,4.033562790994617,3.1057591928416945,-2.5314154774275055,-6.635576876573055
3.868674260851224,-2.9297045688091776,2.522657019829149,-4.199890913658057,3.950160725997198,4.399806756424093,-6.568027204911815,-6.093783315097572,3.080236653630645,-4.887662549171665,0.0,-2.259748638724785,-1.2981600564525115,1.0400822787224222,0.5541903172585234,6.678005714385264,4.415955875278118,2.1583813161549386,2.137987503528693,-2.450234673447773,3.018062728945779,2.5499367560030297,2.517393371599409,-4.298419916285177,-0.23276373741039183,0.8361643717222926,3.202186750337564,-4.1112547151508725,-4.164387196101872,-4.105503178713651,-4.601230698512801,2.752212811700464,-0.5778902296152272,4.808976624426856,0.3058631102793908,-2.7199289960307462,1.5398994291441856,-2.206516143688564,3.912039560529148,6.801678230605136,-4.060742882070128,-0.5591644333146076,-0.3342836978829771,0.44863572215095093,2.4298679440240334,-6.027171930170596,-5.259352651580097,-5.122905773790156,-5.396268600618093,-9.0295318825698,1.2470200925149375,-0.21061854378136027,1.6519031510843307,0.9552100824405235,-0.04698592261758235,2.2581698709987084,2.6131426342350217,-3.885806747691394,4.259709918190647,-7.624679226446252,-6.446947060983056,3.677893188248589,5.0298876972831374,4.893246196238651,-0.15299818096608103,0.8239773643486685,4.642063531108684,-0.5715969209141952,-0.7184492655109718,-4.606548310749733,0.34132861854961566,-0.4115892285516095,-1.6561175093834135,-2.276931673224284,-4.616325485242289,12.378604535544135,2.1476976702016084,-4.048659497676871,-0.9722222813277933,-2.054371321475974,6.737284445503256,5.133431895247089,3.946570262760632,3.209098984943928,0.21875989649976324,-8.079720510091336,-5.798332307779702,-6.570933329151214,1.1533380606222234,9.01845744011684,-4.8506251686528445,-2.2602461734708474,-3.5561158836056403,1.39425216264085,1.30269915136314,-2.242466560766105,1.967834074128244,-8.351901569523939,-0.6292492947970688,1.0084346500856367
3.7934752918682015,-3.9696549645031114,-3.12982960481107,3.4877140406453315,2.0144154088688424,-7.314446857057091,-2.4404390670707765,-10.121729795814655,-7.151532434059937,-2.356771272540137,-2.259748638724785,0.0,0.3079042807025995,0.6012525767599586,3.168160530463016,1.1898126388461363,-0.1419809408704749,-0.4198206791985561,-4.232439174983878,-5.5055352866150695,0.12447251461856632,-2.126319711713939,2.1986290623050606,-0.58939800875839,-2.9066652200057868,2.714261951013743,-2.620253003511772,0.5913210901833278,-2.7735406032304883,-0.21448662066172172,-1.6230167231598072,-1.3253527631367583,-1.5566299638117171,3.3291462504909206,-3.973096133113908,-2.67689333638308,1.8193876935072693,-0.18376864890111852,-0.3692029779886666,-5.203752118769537,-0.6281192833146686,-0.24739185285837745,-2.0950322210410164,-6.088546064882316,-5.992553782351501,-3.092653390145536,-3.821162571826948,-5.516130672797797,0.4575482482899734,0.910026605899903,-2.6548670381732222,-1.0449455365377036,2.0743155082551126,-2.2193991847413845,0.7483892860809198,4.415353561269384,4.211168699728113,3.560771414097778,8.389637995258289,-1.6416793321894299,0.759117884085073,0.16829088616474397,0.18616440795332048,-0.6429529868991538,-1.57733538816827,-2.842000416983116,9.527865455327449,-0.7482521924548946,4.377320934551554,5.242763709006619,4.532535342601522,8.404464808517002,2.2871491318982744,6.169560519743374,4.4863319081298485,3.837991440920372,-5.509778403137031,-3.9868420967371225,-3.900000554423468,-2.1854746598879076,4.560759854048006,1.5067713625141157,-3.127722543967836,-3.1335653028150547,4.821273914785299,-1.2538371921185447,-4.59280049766542,0.2865673741095903,-0.38511673050548545,6.758766102448979,-2.0163361720194923,4.046467483087463,0.3727970429137146,7.9995115933017535,-0.18416384266399677,-5.66181557211684,-1.1980510696628035,-10.72801451503879,2.178247872597438,6.004814142382079
-6.907824415910538,-5.424688286824795,-8.719593826180075,1.7210303575843509,8.297986616455228,-8.325744626569518,-6.972277621744929,-3.6825121431875383,-6.268284986528291,-8.916000043540043,-1.2981600564525115,0.3079042807025995,0.0,-6.374403136178271,-1.4299065355259115,7.473654960129416,-3.2125436537291625,8.137562321141969,-3.350112880001554,1.5745409217358015,1.8359758960969004,2.817402670932758,-5.049863507583093,1.6846395473051956,0.8200860777940834,4.636833095024157,1.0887371406178976,-11.270252073941544,-0.5517643052205473,-1.1020263699165775,-1.7933859505108027,1.9876701138756476,2.5619150418462806,3.341705294906222,-6.194523764504105,2.6600823955169006,1.65269020116758,-1.4154812727794523,-1.7778175279107646,2.954631509078109,2.9908989368382395,2.2984916302463847,3.126862917331968,-4.547862243090237,-5.505459177412384,-4.162384744973473,-3.8303546422519825,-4.422827212677589,7.923238165970355,2.414925215816752,4.498059223187563,3.2631369071623086,-1.5473417732980874,-3.0617111809745454,-0.858884812660876,2.377190885492903,0.5359427280793273,-3.893326533813066,4.566215629522499,6.310094357390316,5.07053438823402,-2.4559394672873776,2.214601523307043,4.1545682117733165,0.5731740776044472,3.440403404694183,3.9014063549322815,5.123990756376621,8.262173520135697,1.138315265973818,3.0238896295900486,8.655082536669124,3.266442837316167,3.9126744528960486,-4.165056154861997,8.276000054807898,1.1526338097063247,-12.075260950649252,-3.8994545661349447,2.3860932891354305,6.02373414291666,-4.61991737162547,0.3945653316549745,1.1435771500097116,0.8342731586170044,-7.972321195798984,-3.024641067302481,-3.2293736582304295,3.952566175621385,5.636939037774532,10.910447144456995,12.1053366721716,3.952235088600121,10.859194514413664,1.66871035197838,-1.7365386295124798,-2.8220742825996727,-7.677283563591037,3.296326837971515,2.48201199740132
-3.071511224170054,3.6844136725839864,7.405475853415527,-4.4927284626280395,2.4903415757308784,2.1265812844412566,-3.207874808736584,-4.557900308367522,-0.5908246277041809,-8.117565275395465,1.0400822787224222,0.6012525767599586,-6.374403136178271,0.0,-3.026942009427131,1.96404065254514,2.547828564535328,-0.3857054963448256,2.033488593988359,-5.895016051315859,-5.242982148154876,-0.30553131705843983,-2.5017973155855646,-9.152802646987437,3.177579147862,-0.18195243063326336,-5.28724157077913,-3.445788185754776,-5.360225046320202,-0.5613323533070497,3.0379681871964137,-1.3128922255074766,-2.880707595835429,-1.9415501299267637,-5.319617986982837,-5.255730386522284,-1.4140492753126357,3.9995794640825295,-3.081466298086036,-1.907079260738794,-0.9080485179488651,1.6348477901188443,-0.12512754689508576,0.7684338474417117,-4.788850862737946,-7.9024049679943555,-9.414630995177086,-2.6151456630939567,2.791272154711845,-5.655365892796979,4.1113099550110475,0.567695804773739,-7.282597322418423,-4.532017421239379,-8.668480031859431,0.5661521805173806,-5.959663386944425,-3.3135456569909225,-1.3458437842252111,-5.126035102632528,0.19445454109387672,0.5894270529995295,3.1362404866338767,-3.748273304347408,2.9684512813743185,-2.9754366011292146,-6.313135111592467,-3.2333259305511444,-7.530746067032136,-4.094828514769456,-1.451318841567547,5.44284415366168,0.8021634688039929,-0.7185308518801922,-6.707897595286003,7.829899279551562,-5.528553372684047,-4.2232294600030365,-6.282278118452302,-6.664975362928925,-6.294533375409186,-7.4268482789363155,-3.071418658418236,-1.3518337223607004,0.9305857434215555,-1.6925076127425402,-2.788966616275195,-7.721254233140323,-7.386147304033232,-4.457577268960396,7.709577165443773,3.067915111859588,-5.96342630317255,-0.45114350241968343,-1.5587325550157662,-7.88715786833929,-4.446679730908273,-5.487871508633788,4.343535661840476,1.6277662695162054
-4.126623792278062,3.44005258888999,7.21849850399601,-3.5857058277767697,3.7501508861710033,5.42901484370653,-6.484409348946436,-0.5814660551705265,6.7353777331072,1.3485346526776087,0.5541903172585234,3.168160530463016,-1.4299065355259115,-3.026942009427131,0.0,-1.3394844364175427,-1.5884276725331463,3.734581415583852,3.0011219590410927,-2.5953460788933524,-3.5265209369848187,-6.676363789338549,1.2590572233505635,1.6366829010163344,2.098196954882189,0.7000360660349396,-5.850197256888116,-4.35757510709265,-2.211405764089814,2.6956001657488264,-0.7727513891784531,-0.3001091564145485,-2.445510542577074,-0.6564243412562161,-2.8229560554690942,-1.146221796309218,-0.15915842595218826,-1.9388081592416129,-3.6777884233361298,9.635504952718339,-1.0391104309818995,-7.317205121683398,-5.796312049320711,-7.772138202355887,-6.16395621160932,-4.590311876235798,-0.7177750428594878,-2.8380734525505495,2.8399716120362206,-3.695797393270156,3.3674017182177836,-0.6299803250494407,-8.726790670745782,-4.356951263123542,-0.6010724470736438,0.8885500386884765,5.84561339024381,-3.3050567603013286,-8.413456154000457,2.593730952318875,-6.445219147542621,8.439308097250873,7.78177746475049,-0.9985306545607944,0.8507070393843644,2.0805180643778756,2.2879143141756195,-3.6052570482993302,-0.9276235102947156,-0.48335378027523473,-0.6988542451968365,9.237438539966153,7.3426110577441905,-1.016455265887682,2.5292448039566464,-1.9886335016199528,1.619985589291074,-4.213804947431595,-6.3142703400827855,1.6969576565333935,-2.6759978207670287,-5.75578090495419,3.8822924944488846,2.0876555857207784,-0.347537610796211,1.2866964890296015,-4.279025866340534,5.684259724993304,0.3848413956236759,0.7506811690924526,6.7750980626550765,3.0348586147806853,-1.3004139382885862,1.300327796878474,8.200747227894649,-2.4709960951169965,5.117528774288002,5.148108143046163,4.74782986497882,5.255648718022151
2.4270744810434244,2.4562753507288884,2.7479415202102846,1.0497622007640484,-4.405244121067547,5.933698976687634,-3.1929924166590715,1.8249393047907827,8.554090799992629,7.696644903142011,6.678005714385264,1.1898126388461363,7.473654960129416,1.96404065254514,-1.3394844364175427,0.0,-6.557430053929222,0.05574767233871788,-7.201186981925932,0.9559525646591546,-1.1199737524207591,-0.4126696489682224,-1.6877119931606575,-4.963268657176641,0.49412933325097047,0.5647852514499342,-1.1315173431823091,0.9050254826090216,-3.6024094237266873,9.156682736717235,-3.2936108465472715,3.2742903635147087,0.6373331958639196,-3.9418183791213535,-6.718840364039422,-2.816920993526192,-7.82013170378919,-5.767479970241425,-2.4623118021823807,0.23828009143406237,-3.539854385848719,-2.7437096128970486,1.5276655266628194,-2.995947847949403,-1.136958812425697,-2.205629766930736,-4.07998223191816,-5.879310623007824,-3.5363392124687127,-2.346480190627477,-0.9972295732394352,-9.33079529189644,-4.405336126750536,-1.5441908035756948,0.6983096086779829,-1.351591898630559,-3.0048462084052576,-2.138617659064221,-5.71509402991134,-9.712984547544492,-1.3139846623921119,-4.662785826400865,-1.3401122182988,2.8943203369572457,3.766427174628564,4.989219972829268,-4.03950977570316,2.193863303156747,0.19841665001685663,2.868994230136124,-1.383257402747477,-2.1794476031605146,-4.303442793643081,-2.1379205640812047,-3.37450549538396,-5.762101577291344,-1.0525228962944249,-0.7056321673925091,4.011489785295203,6.661560821622768,-2.6110550185647208,-0.15416195681606723,-0.2413848206166845,-3.334399345732588,-1.0309796085951968,-1.9320778456100491,-6.065245103394528,1.127732122809656,-2.636915544933161,-3.1450371493645863,0.8874061942943015,0.15908609619092126,-6.4650373683009965,-4.459858018440318,-9.551709137929144,-6.423057579921388,-0.6032742069239043,-5.594024298695265,-1.1947113877351825,-1.593398633277316
-3.1646376288567786,-0.6593544083266064,3.87733599242064,-3.1488020750500825,6.921102847147488,5.084008978956882,-6.340447229658742,-9.527970576531203,-0.11051696294670346,-8.623692107526395,4.415955875278118,-0.1419809408704749,-3.2125436537291625,2.547828564535328,-1.5884276725331463,-6.557430053929222,0.0,0.4029924634077673,0.7876328576048781,-7.431394382784867,0.005730254316907609,-4.50427345627152,-1.8313902940903857,-3.335839014351627,-0.24719713687312156,-4.858941029077023,-4.602754843632855,-3.8101261353207656,-3.821715052548981,-5.968074348328151,-2.783704148226159,-1.994787332457648,1.4384253348711908,-1.1807809654376475,-11.529261029094112,-2.6633126367283655,0.3427098800981964,-4.4699480188596175,0.8990936149904557,0.5965148841609568,-1.519182907311424,-0.8584274304815129,-3.472212536608169,3.0066826891179854,-10.169038105146543,-7.992911556279264,-6.851244354810929,-5.05172053255237,-2.065113125636243,-6.21777170559395,3.6341074073945534,-1.8384467695665323,-5.42844830891266,-6.944180749816584,-8.686897588847387,-2.5197766454896398,-0.5994497544137157,-6.122160886942352,1.0221936902274944,-4.804438988604546,3.28941772212229,-2.5078670746223506,2.2337582216554566,-0.7950977396493528,-7.98199494885269,-3.7014345006901186,-4.0323099066211885,1.1319564075369035,-3.6513091436461727,-4.7331667127004815,-3.075401984958316,10.780047615059335,-2.6163064108305614,-2.169931387372619,-3.7385068499637097,7.167028311054049,-7.643642861368557,-9.412758683190125,-10.233997422888832,-5.045853003867358,-2.749756779535333,-7.995796935000358,-3.5030501071785167,-0.6056750538577118,-6.473393830258767,-8.388389011024392,1.126669998542993,-8.277842051141059,-8.023506855791048,-3.6157037276872894,4.220771930551878,7.235573867039921,-7.134277709629887,8.155516577955302,-2.9920498375180675,-9.89098315672651,0.6325865991062686,-12.134912582860236,0.1118097126380292,-3.6782993007434017
3.957928498832697,6.332477849160842,3.358647094377017,-1.2336453452007052,9.698531068254503,-0.6973675693818177,-0.021606447055758232,0.6904723001054403,3.3497673065944555,-4.140590284690761,2.1583813161549386,-0.4198206791985561,8.137562321141969,-0.3857054963448256,3.734581415583852,0.05574767233871788,0.4029924634077673,0.0,1.4805355253919898,-8.614534577384537,-5.032058446358254,-0.8280913882203178,-3.469220897753502,-2.869683637239872,-5.353378867903306,0.8605805058353762,-2.837785904588465,-3.207491988142011,-1.8193874334709723,-2.116674916751763,-3.091644262140515,0.6904186855625233,-1.4393929476099632,1.1435652328164525,0.17503799849071683,-5.562849805466917,-0.7593836844756264,-9.697910974944234,-2.8922391688689224,-3.2538920443639414,-3.2082709584982494,-3.9992926490214926,-0.27674679654096856,2.2837449277342907,0.654671944435946,-6.033362108720433,-5.422011800812598,6.910447769396029,-2.8162392361470294,-9.549378304970771,4.910673638809332,-3.820854366335781,-12.358617394253372,-1.7439635547596335,-2.365496411608009,-1.17508770193891,-2.185574808583066,-3.639348439576109,0.20302497682323603,4.054430214479414,-2.3061479061469234,-2.204150022520728,12.31510788863316,1.8541309193261335,-0.2908670149695687,-1.3406968718303303,0.7794270220359424,4.974352120694741,4.085074903950395,-2.739133407233412,0.4900587448235544,3.521739931650131,-1.2999836234271451,-2.2463252394142694,-1.89576335596734,-3.2897442283405,3.140984376880545,-11.330392432375543,-0.7033786497070695,-0.969985983669482,0.9028995947144935,-7.301237169321342,-0.14940856658189594,-7.402427401943771,-8.007712335898388,-3.094366615424265,-2.4742850909855454,-7.50392186343288,-6.661223450041708,1.7612512306530852,4.668521762732121,4.498697323012872,-1.0050670061366138,10.428930446333403,-0.2612780287929199,-2.446869958651438,-6.868339594990628,-6.541825784437081,-0.773144109361449,-4.076648200531541
-4.7142565660188644,4.0173609537251735,4.4679470522952816,-6.601543097660699,2.448037669309646,4.73766342938379,-7.208753531563774,-9.895997297438024,1.3372799312921915,-11.547818485218778,2.137987503528693,-4.232439174983878,-3.350112880001554,2.033488593988359,3.0011219590410927,-7.201186981925932,0.7876328576048781,1.4805355253919898,0.0,-7.392514448368563,-4.600869692662938,-1.8969752630597847,0.5319181106039992,-6.233972558014539,5.9523536250403914,-1.5488416623091403,-0.6308084064510773,-3.2776806564875356,-4.711651136244416,2.97940488664371,-7.0384857786706485,-0.613932894776292,5.045868210987013,-1.480176718600814,-9.570836451151823,-2.285933404750872,-3.372074781180457,-2.298535920462826,-0.976560707225112,-2.3107546673657406,1.5615692422459868,-1.5064369709253151,-7.032308526008649,3.4936668039450254,-9.611757936228658,-8.360291235127981,-11.259552163788783,0.1624270166313495,-3.8702836731980095,-3.3650390997518405,3.0323702995690796,-0.9038316246002474,-7.127861979239658,-2.7023322086327974,-5.002856080949098,-3.27968547959433,-2.0283641268723085,-5.396992865139473,0.6222982253211629,-7.6053178797614605,-0.35538095314957646,-5.243619215802724,-1.5743182985848247,2.039859289103848,-0.9095893619641683,-5.073923615558134,-2.739554437279437,-0.9993574799820963,-0.937861350417498,-2.8906643878864062,-1.7589232777851815,4.214087687606669,-1.5496166570586796,-4.107703157841369,-9.932134901269857,8.688122159768774,-5.61985138493132,-7.080141656098287,-7.078740121171122,-4.266632244889897,-2.5799450076451977,-5.777219106373867,0.2091582691691024,-1.8716448994940529,-2.1892477892308744,-4.349552245873114,-1.821591856338132,-9.831280553339383,-6.664224493127064,-3.5812690277843218,1.6873329330200737,3.2401896192317703,-10.044872287986337,7.123585946276443,-3.851292450992263,-7.03462725423545,-4.413850589580629,-7.922587108986195,-0.9661580736396332,-3.8120812826402606
7.320884769383152,1.7720551369553195,-1.4793508686879728,4.414677120904747,10.080911135875688,-0.5533505342571433,-2.042630240070736,7.954183073731846,1.7718263730830934,3.913051594386616,-2.450234673447773,-5.5055352866150695,1.5745409217358015,-5.895016051315859,-2.5953460788933524,0.9559525646591546,-7.431394382784867,-8.614534577384537,-7.392514448368563,0.0,0.7854116277637605,4.754413912392544,-4.1277080461786655,3.8511880049981166,-2.1252990205412376,3.2459030341191566,-1.2540410068183008,-4.2431147859976255,-3.983025483402532,-4.0188731544120655,3.5726203726659045,5.741644787241033,-0.9103772624916264,9.404465123885409,7.228640506242141,2.640317206923691,2.3376616064964564,-0.9571328431380404,-0.8860842694766835,5.022565134617261,0.716577732579538,0.6157817306000157,1.2982734978199086,-1.1999682686702609,8.393567796771855,-6.120212106696429,-4.2801920611416495,-7.375489301110523,9.268390856065976,3.316282465539393,-1.0480738289801494,-8.151877363236006,-5.0643538780875605,-2.479653158928925,1.660848729337074,5.106753583768174,7.599790205196953,0.6806481560481576,2.846046291558483,3.9916098230794126,-2.6441377595156017,1.1816755731270423,8.011139478895522,1.0475175960323253,-2.667839153871914,-0.21087285521938387,5.85485953551743,1.2985190648971003,0.37546023735039535,3.3619959616860204,3.95090801971028,2.832218497096292,-2.044877614329996,0.34989549416843607,-5.487859531878764,-6.092385006932397,8.75115538581683,-3.714124199706472,3.3650749632053625,7.481781357263509,3.293033132892588,1.5366520548686935,-2.854565862492511,-2.4915719818779154,-5.472150429753741,-1.1870523811912188,-0.28885647611747356,-0.4144978268144292,5.095493803555174,8.049582424487806,6.620663826468506,2.7578371303341207,2.658660997031258,7.522368756849233,-1.5153300008487163,0.11322135520773248,2.9758454798690415,-3.385602974054185,4.61022815338081,3.2892024855522823
0.5362355318134319,5.508874465820614,4.153570329711983,2.507087872537724,12.229188363560729,4.392602063315076,-0.07712724931138097,6.3432658067098,2.357605385053163,4.570138127200734,3.018062728945779,0.12447251461856632,1.8359758960969004,-5.242982148154876,-3.5265209369848187,-1.1199737524207591,0.005730254316907609,-5.032058446358254,-4.600869692662938,0.7854116277637605,0.0,-4.298989729427641,-5.435975246746349,1.2007382635297412,-1.3693080655319878,-6.065541830050816,-1.5561960470075415,0.5124505551173402,-2.5195428988552195,-1.4020948701668154,3.2745779936764925,2.573182722599353,2.663250879331822,2.1669610567685904,0.4221355012260762,-1.5190400783271487,3.6939743552196305,-9.305681244701454,-3.35534398669462,1.5275030938610437,2.600734072845175,-2.242521188007289,-5.152908248848049,2.8320287356661478,3.6097433785237145,-1.3790828952690692,-1.5859384676940786,-0.622028688244167,-0.9636107690844538,-3.436524260492735,5.200586288598596,-8.848894349014513,-8.357096247425229,-5.547244016303062,-6.1199907121659365,-4.5415629294168935,-1.2776437649243884,-6.409406075956399,-2.2732619964127854,1.2091740181859796,-5.946187480995812,0.6750439703757105,8.487482204647929,1.5726867302193568,-0.4745493033860268,3.15294756022401,1.340073309294518,3.093003868837624,3.30950163436886,1.5930171368946346,1.1495529034504717,5.116695912765021,4.678414672852231,-4.468249588093388,1.5114488489874667,-5.441086217597217,2.946103041285282,-7.872796707040894,-1.1053199645057687,2.8377131979767256,0.18145801818708532,0.6585843861751676,-0.23120263491512152,-0.7614179598149021,-5.550362208867617,-3.2234561347171,0.04393181501409829,0.9546375328825085,2.5316436961333655,7.428792727085786,0.8509407290163585,-0.7691718295237591,-0.17081324137150075,4.552383450717382,-0.7194067456273454,-2.53336412945824,8.371004270637165,-6.14392606970035,1.2579518012343809,1.9666913656302305
