0.000000000000000000e+00,2.669753573577002825e+00,-6.715963964255995400e+00,-7.529668547666033440e+00,2.703663276824003203e-01,-1.361934034880554378e+01,-4.819312693518464918e+00,-6.833941822090139340e-02,-8.025508957249146036e+00,4.294705380143914120e+00,7.125742679185211870e-01,-2.111496803507320941e+00,5.610669110436666607e+00,-4.847738316893051902e+00,2.635852190138377349e+00,-4.652850726511125856e+00,1.558690555959240776e+00,-2.840465461337530417e+00,5.516542294899551280e-02,4.723475375422356848e+00,-3.282997579482715089e+00,-3.766348591769343113e+00,-4.944007382338785561e+00,-6.917338277037210048e+00,-6.955710782563507166e+00,-2.650909710043825918e+00,-5.226499207912424616e+00,3.375255392900519791e+00,2.438184105438177429e+00,-1.570001197660922054e+00,4.238432379623661816e+00,2.661970105752758720e+00,-3.351596381055864882e+00,-5.126069088462459789e+00,-4.360924330026400675e+00,-1.007242216942723978e+01,-3.532698377072936324e+00,-7.060309848352061657e+00,-5.103969328224272850e+00,-5.363904782341073485e+00,3.263540368098456490e+00,3.917485470295014149e+00,1.873207883867852308e+00,-9.517304029821833655e-01,-4.546796593625099803e+00,-7.905533238403330110e+00,1.605438786172775079e-01,4.825219113427746009e+00,-1.975781242252359071e+00,-5.287023021868073158e+00,2.042443510330581025e-01,-2.205029171311795877e-01,-1.857487584352177201e+00,-3.280621461052787513e+00,-6.573818299492289796e+00,-6.139036028460258088e+00,-1.830490383288472467e+00,1.547818333578942163e+00,-4.156817468403833260e+00,1.504236279363843298e+00,1.211014292167099171e+01,8.779978853058194588e+00,-2.486057800458560063e+00,9.075767161870318844e+00,4.714304265914336156e+00,1.527831924313252099e+00,-3.760881534766181478e+00,5.284416243013604131e+00,9.262167624106272257e+00,2.316571453406651049e+00,7.467886016785633130e-01,4.450694780972473730e+00,-2.572736484546069846e+00,-5.665717603211706255e+00,-4.411852194195408083e-01,-8.141277298246314409e-01,-2.255503153127574212e+00,-2.302541493690135610e+00,2.350934572168018377e+00,-5.177421669116768932e+00,-1.354097674417859443e+00,-5.664465719920654507e+00,-9.524788213451689245e+00,-6.569364986800915851e+00,-8.577081482781974131e+00,-5.849584182936129473e+00,-6.500643417245194344e-01,-2.571362622047212110e+00,-8.810271498851216521e+00,-6.257449643307982923e-01,-9.236376820727867809e+00,-2.733801390588436409e+00,-4.405231158436305527e+00,-5.754717638337439878e-01,1.641285223594994847e+00,7.796544474699882571e-03,-5.696160442315797212e+00,-7.025115779175468589e+00,-7.107460221394622246e-02,-6.670154706416481005e+00
2.669753573577002825e+00,0.000000000000000000e+00,-4.849572505846937887e+00,-4.823452675168198311e+00,-4.800197038868333488e-01,-7.937703681470146932e+00,-5.287771731546101250e+00,-2.128202979229584013e+00,-6.460545422783694924e+00,3.183448989394045192e+00,-3.337602377576268431e+00,-2.372532889337351847e+00,-6.580261405485251736e+00,-8.002863549441242563e-01,1.573616947515858788e+00,-2.485270288386043802e+00,5.347353558189515965e+00,-1.580793392140701359e+00,9.371294456375437454e-01,7.716756274153027118e-01,-5.593787088278626918e+00,1.594744921576062291e-01,3.412661975398936232e+00,1.833428109640073744e+00,-4.629934687639217117e+00,-1.764349894345350889e-01,-2.734103719870582871e+00,6.704761476531277964e+00,4.071325823488091800e+00,1.372825678577996311e-01,8.484766157689998423e+00,4.558549659928533337e+00,-3.775726915225403157e+00,-4.338000146206244523e+00,4.103121077920428017e-01,-4.189665591452485849e+00,9.779202657849080937e-01,-2.923272789174569564e+00,-7.601733973273093747e-01,-6.462533937793528693e+00,4.110904988297848561e+00,-3.165783346651402375e-01,4.445239540983352278e+00,-3.032621430537667973e+00,3.219684315576426314e+00,-1.481233730523770298e+01,5.075661541589721715e+00,8.032414687030469125e+00,-3.534639896739195208e+00,-3.848339143645375382e-02,-4.722884939781496705e+00,-2.784056108901172277e-01,-4.918680864479268777e+00,-3.934073434583098550e+00,-4.752802682257692979e+00,-8.153283082887435640e+00,2.296336057151840748e+00,-1.382220972759280464e+00,-2.906952445896869186e+00,-5.275884823219480602e+00,-1.713675277030139721e-01,-7.465421080938635434e+00,2.998739704754051605e+00,1.155160675002022241e+00,3.425421963153721716e+00,2.936958341326236788e+00,2.845258690857138451e+00,-1.235256351392977514e+00,-1.158521623553021129e+00,-1.192499223487542670e+00,5.156640434987148858e+00,6.429769477309190684e+00,5.585512205652223727e+00,-2.875227067917870638e+00,-5.389157057424666775e+00,3.847520661192044500e+00,6.870111728692950948e+00,3.595387388333864731e+00,4.835495152558708654e+00,-5.180800420209354051e+00,-2.920898342340594311e-01,-4.801658404921274936e+00,-1.274486479642882752e+00,-6.017540552065727688e+00,-4.265647476880424449e+00,-5.143925617645451531e+00,-1.529282275481611997e+00,1.649162637850206670e+00,-2.029760827440254989e+00,-5.362224308842445275e+00,-7.296167541406541446e+00,-5.817541509139447342e+00,-2.754582105605115405e+00,3.058546355519413229e+00,3.936491848173313102e+00,-3.229239832726208403e-01,-4.374628313748841535e+00,1.871757788266938949e+00,-3.361492780653698720e+00,-2.550703407546131452e+00
-6.715963964255995400e+00,-4.849572505846937887e+00,0.000000000000000000e+00,-6.131774868071528495e+00,-5.906187081723979659e+00,5.168315215522872874e-02,-1.312265231058071357e+00,-5.942419682798806058e+00,2.110817825765911149e+00,3.959500474949139370e+00,-2.853227591622045978e+00,-2.113080573717259991e+00,-5.361978550255550147e+00,1.038580658974691096e+00,1.400495516428622800e+00,-3.967384929420410433e+00,-6.204660503348750078e-01,4.011593442845392765e+00,2.437349529312667684e+00,1.408294830487926586e+00,3.433784723332764965e+00,-2.717670047227429109e+00,7.843731026161485431e+00,3.373047860790538088e+00,-3.450263442587005347e+00,5.177721536972859084e+00,2.967010130556643865e+00,5.293486347283342219e+00,4.218112479052822827e+00,4.831420367623934453e+00,8.920369072442699832e+00,-5.143329622548540314e-01,1.069241077632473003e+00,-2.429609461363827716e+00,-3.239704584668862131e-01,-7.778198911433536367e+00,-4.522788075730590052e+00,-9.146781580088348962e-01,-1.958411361233181047e+00,-6.936626334080772338e+00,2.426535915198355653e+00,2.619339619980212142e+00,-7.037245580854711857e-01,1.034562465923312136e+00,-1.955457876021601482e+00,-4.337325630549245803e-01,-6.258539339769960685e-01,-8.958295982918840217e-02,6.819157453517220802e+00,-6.236103553090972529e-01,1.559549611732307328e+00,-5.168765758480028394e-01,4.401887125343380447e+00,-4.325644277414052219e+00,1.709176000002185392e+00,4.065031070976608873e+00,5.886141882892576227e+00,-4.105896586179240693e+00,4.397266011314625800e+00,-3.527751099942107782e+00,-3.594362429800987080e+00,1.231548396224239061e+00,1.665158559044815356e-01,2.659618851933604589e+00,9.999018915801682894e+00,2.847145060456641730e+00,4.782624063502170841e+00,1.654317386892997899e+00,1.887109054783102202e+00,1.882921909722186093e+00,-7.743878478595642711e-01,2.648924141773046692e+00,7.421565859633390438e+00,5.272131323136640901e+00,-4.079360037035593578e+00,4.401652700709039578e+00,2.220863430640738656e+00,3.882779190495977417e+00,2.062313946512215779e+00,-5.842814498977521254e+00,6.013394992319197607e-01,-3.415326695446463834e+00,1.383594087015556306e+00,-5.342502195749490923e+00,9.282275966182492732e-01,-6.427599163412359040e+00,-2.810427197012903999e+00,3.494149893433539766e+00,-4.294252628732407651e+00,-3.762231392233957639e+00,7.086149426665532269e-01,-4.574961243939061339e-01,2.800115454919530067e-01,-2.233817660348333956e+00,7.286591478038032532e-01,5.409039302101271929e+00,-6.651448325647093540e-01,2.547841524359863108e+00,1.340371158506133531e+00,1.915527509739882062e+00
-7.529668547666033440e+00,-4.823452675168198311e+00,-6.131774868071528495e+00,0.000000000000000000e+00,6.815063354405764828e-01,1.941913059632320637e+00,1.186725986532180643e+00,5.682748400059725036e+00,1.615302660300504733e+00,7.458396780106022916e+00,-1.342441275358316477e-01,4.487257191573911896e+00,4.095823871956466355e+00,7.883231189083100610e+00,6.635044489490017128e+00,5.473541250776228217e+00,9.935291688725207848e+00,4.564532604354766931e+00,6.218961449549722076e+00,1.239864904628588338e+00,2.200502826452614524e+00,1.681989979858506290e+00,9.328188278820119805e+00,1.623260669871098072e+00,5.160984459005955927e+00,9.859907098667747505e+00,1.936381347714425383e-01,3.485251974044930368e+00,4.777981553936872849e+00,3.863487257415769260e+00,6.120487300110838191e+00,-2.635012356147268253e+00,9.630930527761428772e-01,4.718901127049403676e+00,-1.126876435743596194e-01,-3.180990987384458180e+00,-1.381135929968392517e+00,8.426196812365882138e+00,7.257146965919524462e+00,5.675154049494859798e+00,6.471220587128410529e+00,3.920065121798321783e+00,4.528401458327907747e+00,-2.871245311385836052e-01,1.912733782255744419e+00,-2.853858929318433102e+00,-3.713883292899693433e+00,-3.365904076416666779e+00,5.306566986046526324e+00,7.815551640240848030e+00,2.775719893569210228e+00,2.249432530687569542e+00,2.817108363343393318e+00,2.351921373688262484e+00,3.232978433063619761e+00,6.533302125708154939e+00,4.395795157274753784e+00,1.284925109037444502e+00,1.280366109478036085e+00,5.018078739171170088e-01,2.706369302976246338e+00,2.954558622148426128e+00,5.760008022679662609e+00,4.121632926544033459e+00,1.311533092988527471e+01,3.963241756786219483e+00,3.369794796337918896e+00,4.469918950286820625e+00,7.721959303108555162e+00,2.830658983666698436e+00,8.926929138373989048e+00,5.460187679014938844e+00,-3.346517816955543623e+00,1.884590297046675023e+00,4.628910338695495952e+00,4.813052834997457730e+00,-3.141325490325307168e+00,1.038406785675201505e+00,-5.894300128906841962e-01,-3.266359815173361381e-01,5.319351629411589677e+00,2.514334963292966574e+00,7.662315216720566369e+00,4.800565876959725919e+00,5.150781554509938687e+00,-9.169680517229059080e-02,-7.711553467146993190e-01,1.752748655219814378e+00,1.997998832354458631e+00,5.035807130924553121e+00,1.761297865699834375e+00,-3.010631165299777035e+00,3.198269153414782462e+00,-3.129070613972105619e+00,2.646826847776190039e+00,1.624733068928570168e+00,8.661927162399489788e+00,1.261537315660302250e+00,-8.261472686800706011e-01,4.941028842277295219e+00
2.703663276824003203e-01,-4.800197038868333488e-01,-5.906187081723979659e+00,6.815063354405764828e-01,0.000000000000000000e+00,-1.222849663417428179e+00,9.991017049570180553e-02,1.202417086595548579e+00,-3.050312312165098572e+00,5.892101865374113956e+00,5.443929228751684946e+00,7.734481593692486889e+00,8.198810063009750237e+00,1.081487498225220101e+01,5.968485011469573998e+00,-2.150406698765401803e+00,3.579361450096314456e+00,4.469670996915621863e+00,-2.258708672926910133e+00,3.102735133512847909e+00,4.055506288991043151e-01,-4.394708573748160735e-02,3.452976524084776067e+00,2.717523458439477402e+00,2.228706524383046617e+00,7.347201031237861280e+00,1.503254455710712589e+00,3.464632427667954762e+00,7.202030565963602804e+00,9.648204279421841889e+00,1.334464195666647424e+00,-3.538891076651259127e+00,5.151545664565412075e+00,-1.175116044036806917e+00,-8.439092053480442557e-01,-6.577873441184530989e+00,5.634895975824494307e+00,1.990306900483634012e+00,7.806206802883035145e+00,-3.611669011175040467e-01,3.893301562580497865e+00,4.205503668887972113e-01,2.138219725679495753e-01,6.961180488482620277e+00,-5.040204453440654042e+00,-3.370842821683080803e+00,4.470402918601726339e-01,3.160809134105984963e+00,-8.684709112289084043e-01,-1.030014309291348074e+00,2.464585338278922677e+00,3.549559346541593552e+00,2.318195200497738639e+00,-3.576302384895349906e+00,-1.126748848576460293e+00,1.658958769154968538e+00,1.196209263393122058e+00,2.485917463800538574e+00,-2.578465831844224621e+00,5.844520422153310690e+00,1.101648798228282544e+01,7.274256582442169439e+00,1.323996222213882845e+01,3.017470672776743967e+00,1.267101185996062895e+01,8.355902090430161522e+00,-4.562965945672316614e+00,9.905136745175401325e-01,5.733276102396515306e+00,2.099466038337886253e+00,5.567511095975643087e+00,1.234969382338683985e+01,1.907027868401835802e+00,-5.611484604450876823e+00,6.703305619515091962e+00,1.458593795362189249e+00,1.732816184845085372e+00,2.315371772190205846e+00,2.016493575155128004e-01,3.306283773557913364e+00,2.755341291032152196e+00,5.767176731713566262e+00,-2.044379601958382864e+00,6.243607537920319306e-01,2.127818792526415592e+00,-1.149815991489005346e-01,6.166423863247602277e+00,4.660617914994087840e+00,-1.959441525402714879e+00,3.583982749946335922e+00,9.361536994296698611e-01,-7.465063050399248112e+00,-5.048218966990581258e+00,9.886664946710583379e+00,5.999536275651260908e+00,2.012521529613280347e+00,7.620412140571611204e+00,3.977171732198450549e+00,7.079515263077250653e-01,7.359335022127795611e-02
-1.361934034880554378e+01,-7.937703681470146932e+00,5.168315215522872874e-02,1.941913059632320637e+00,-1.222849663417428179e+00,0.000000000000000000e+00,1.353250888037917099e-01,-1.307969394187172840e-01,-3.381182353295983045e+00,2.880931904230905616e+00,1.042822451984610765e+00,7.034586355839491212e+00,4.376787125949900492e+00,1.881464174349906093e+00,2.975687598882638785e+00,2.641867761804939985e+00,6.769774465077642134e+00,2.514189171158109026e+00,6.471927238072399113e+00,5.010927578182960751e+00,1.868884154865411817e+00,-4.963894144358647509e+00,3.543629830772262235e+00,-2.495995376686901412e+00,-4.629327184983656807e+00,6.068756731508996971e+00,1.943646440358835603e+00,8.762306535399588370e+00,-6.079210829152587037e-01,5.211972021265111055e-01,9.731723127859458700e+00,1.070492361500825318e+01,-5.914915274184144867e-01,2.366666197081094936e+00,-1.090740336725831261e+00,-4.308757352936505858e-01,-4.737901853591924839e-01,8.021472179806281577e-01,-1.549393283873699900e+00,2.112303578676827165e+00,2.665856373880653329e+00,6.419481544768816939e+00,-2.627487894428925941e-01,4.399644927737987876e-01,3.581487119909529504e+00,-9.893307686091633579e-01,6.518905183197086783e-01,3.298268289396053099e+00,8.550038981697994700e+00,1.346514890636497208e+00,-2.705441721618591019e-02,7.599516291396119172e+00,5.837606133657792462e+00,3.909959219097391969e+00,2.928082442914444083e+00,1.922553044844157011e+00,6.380956928025743657e+00,-2.701041339190158652e+00,-4.577584354233891206e-01,-4.035745282322680261e+00,4.385708669030550233e+00,9.650730149303965888e+00,1.692758628359446904e+00,6.510627252948837373e+00,7.286369947964944416e+00,4.985998712692786938e+00,3.454261107068584025e+00,7.097710073069551484e+00,9.052914304290441194e+00,4.152550448629571456e+00,4.521069127849584035e+00,3.190122653312207568e+00,3.996594418987866160e+00,2.663425082789640630e+00,9.075157598822012339e-01,8.719801954367607522e+00,-2.273263210553211344e-01,8.720421115853580929e+00,8.513832269674946218e+00,1.345281837876063369e-01,7.827591390475746813e+00,-3.684041675415953510e+00,2.911588960173017604e+00,-2.244348452296154317e+00,1.955336673272912051e+00,-6.357576174551863302e-01,1.175792756025796582e+00,4.943074506355697117e+00,-5.169125977387969861e+00,2.167210322942339396e+00,-5.671932956653956914e+00,-1.002495976418342982e+00,5.928432658919676745e-01,2.295879825295714216e+00,7.475237148068605286e+00,-1.222539562837228200e+00,1.225871343715729145e+00,1.078358502168484279e+00,7.129586058258902348e+00,-9.195808951459789604e-01
-4.819312693518464918e+00,-5.287771731546101250e+00,-1.312265231058071357e+00,1.186725986532180643e+00,9.991017049570180553e-02,1.353250888037917099e-01,0.000000000000000000e+00,-5.426472990230510440e+00,-8.455939650184056688e+00,3.563025786609482631e-02,1.960755455451462348e+00,3.180729481125345703e+00,1.068825007513361181e+00,6.817723263818437074e-01,1.696311444197683871e+00,-3.259836781756764168e-01,5.476799718335997547e+00,2.055023955688442427e+00,-3.689274357543944838e+00,-2.217761163172801808e+00,-2.578531225317629016e-01,3.595534069796223253e+00,9.594326046815762066e-01,2.323694128047026908e+00,-5.360377578238800567e+00,7.175432287339265081e+00,-5.381258713902066504e-02,-3.971774519969126338e+00,-2.548080061876472069e-01,3.466943346627374911e+00,3.352433030116424906e+00,-1.562049976292116948e+00,5.458903390297590086e+00,2.719838664799190564e+00,3.511266076722341367e-01,2.719671178020504954e+00,6.543061167875990902e-01,-5.935326856557748165e+00,-2.283648152420005406e+00,1.019376544622008218e+00,2.129036014843331159e+00,3.231615436729662338e+00,9.096593202270659706e-01,1.262641247443575532e+00,-2.821975830898459048e+00,-1.709088492635444156e+00,-2.980588198383629095e+00,2.988356396175282814e+00,7.906180477287936270e+00,1.609404745167401618e+00,1.513313622964328475e+00,2.430378314836699083e+00,2.025153231317645408e-01,-5.238330042379033991e+00,-2.367738394919232991e+00,6.856979148234914057e-01,-2.544540561345702390e+00,-1.638945648555157897e-01,-1.455902617360355977e+00,5.742549060175714537e+00,6.044234910961709062e+00,5.832358898486015519e+00,1.652994067660702004e+00,2.455891502532961290e+00,4.798829689984106750e+00,6.347138784700852909e+00,-1.899741795209818340e+00,-1.010223255903074102e-01,1.208246087610795527e+01,4.762985140821896834e+00,1.606146560596881878e+00,6.107249554291986016e+00,1.617564457870565242e+00,2.693716876158279927e+00,3.018043220496918977e+00,2.086703143185091314e+00,-4.651403934007634966e+00,-5.451533253508197285e-01,-7.447185876792370429e+00,-6.808668762123490481e+00,6.267763026450484887e+00,3.773545026546070602e+00,-5.953002920102236084e-01,2.474360350913810347e+00,1.136934637642110779e+01,3.678164278770776008e+00,1.034309141302850144e+01,3.023200803980296225e+00,-1.166514390515383415e+00,-1.455651799364526378e+00,-5.930050508312667112e+00,2.859869162717167956e+00,-3.599472909459751957e+00,1.684783773042782817e+00,4.602321880162015155e+00,5.120001815271216117e+00,3.692168130296020312e+00,-6.692507612560811836e+00,9.184320612743482215e+00,2.620099145633715043e+00
-6.833941822090139340e-02,-2.128202979229584013e+00,-5.942419682798806058e+00,5.682748400059725036e+00,1.202417086595548579e+00,-1.307969394187172840e-01,-5.426472990230510440e+00,0.000000000000000000e+00,5.746281447294104838e-01,-1.238770695991163462e-01,-8.071411765615121858e-01,6.295186813096867340e+00,2.857917400816864184e+00,3.435130566578530331e+00,6.534776631779024569e+00,5.700197583061475726e+00,6.675609896922407138e+00,3.231853292369968322e+00,5.866857051659716049e+00,1.880019326610954167e+00,9.074494916705074132e+00,4.673702248270497073e+00,5.372298729201709477e+00,2.345082356829707226e+00,-5.461505417947477570e-01,7.750663343922890025e-01,4.617698289581071869e+00,2.518185770693766035e+00,7.841656665107732405e-01,3.784484572640689493e+00,2.178798247885125328e+00,-4.056542813376001755e-01,1.800279409880920722e+00,1.194242234074999631e+00,-9.073079136448140014e-01,-3.641384748817804162e+00,-3.426405659163055395e-01,3.079023308519681645e+00,6.014451645476910358e+00,3.682403608156028518e+00,1.925742435498853711e+00,4.365017750231548810e+00,8.272410551141050616e-01,1.022090550763056882e+00,2.547680988631458643e+00,-6.998454785042838466e+00,-3.703750686292458294e+00,6.897600949094797151e+00,-2.740274932080495773e+00,3.138215910676632969e+00,2.781774221293264127e+00,2.960814791288696846e+00,1.258265381717524667e+00,-1.480637883749572836e+00,3.731279260172752021e+00,4.587709565699205072e+00,1.734027865034325044e+00,4.370997168146563361e+00,7.325111871013449516e+00,-2.506925009097364043e+00,3.179466596962067793e-01,1.217868179182860278e+00,3.713062938260158763e+00,2.034714118870929678e+00,9.288207726930046704e+00,1.313274426234066983e+00,-2.768223816862642739e+00,6.623703604170402492e+00,5.965395199836496687e+00,5.079924902808826914e+00,6.210028712946800589e+00,-2.976638013439974362e+00,1.330377274373374163e+00,-2.030095914106442301e+00,-3.229049083237880424e+00,3.799248135843984464e+00,-1.283765240066736313e+00,2.031287984592663687e+00,-2.183200201115854000e+00,1.106842206159571740e+00,-7.350927953706579698e-01,3.735797758162760496e-01,-3.549125524014607791e+00,2.735869760769468861e+00,-1.230581717488089810e-01,7.598350253252390551e-01,3.856008423015055087e+00,3.845654001565142810e+00,2.204539863000712252e+00,-7.022719609031610410e+00,-3.972167015653010336e-01,-6.632560757349966529e+00,1.705371880350740721e+00,5.662669082927710207e+00,2.671617097830491616e+00,1.695071474044682835e+00,2.212018669315225505e+00,8.397034107832895833e-01,-1.222974512885162124e+00,-5.152392249556628778e-01
-8.025508957249146036e+00,-6.460545422783694924e+00,2.110817825765911149e+00,1.615302660300504733e+00,-3.050312312165098572e+00,-3.381182353295983045e+00,-8.455939650184056688e+00,5.746281447294104838e-01,0.000000000000000000e+00,7.612170399382885755e+00,4.675017322910598461e-01,2.621929243004299082e+00,3.830439197624171399e+00,2.485278461361663194e+00,4.631665296891647465e-02,9.751990070074595396e-01,6.744518060128721793e+00,3.080966704135617906e+00,5.263554027817979986e+00,7.221767531924576211e+00,3.407469081850973414e+00,-5.719356765514382879e+00,3.078257371485896954e+00,4.831030965759648410e+00,-2.364463420167052909e+00,5.690024367449855625e+00,6.119931908421967215e+00,1.285079236119704049e+01,1.064291400682037114e+01,1.189954520670214499e+01,1.108771203915439330e+01,-8.007257312207692879e-01,2.762729793734050698e+00,-1.869636725865412519e+00,-1.604016660407582506e+00,3.089281489474819953e-01,7.639271477184665926e+00,2.015204145764259103e+00,1.953153454210011741e+00,-7.664216443022698888e-01,1.674375100825146179e+00,5.382694677921422866e+00,8.470586159447082153e+00,3.595458083019255291e+00,4.909395062741674920e+00,-3.599717178847733567e+00,5.900502165763305662e+00,3.926274562355684505e+00,1.276223561708896170e+00,1.082213666494410698e-01,-1.491801781317028341e+00,6.353870391097392378e+00,1.687699522141408393e+00,-3.564733184042656156e+00,1.625216545230645515e+00,1.259682073043508099e+00,4.485850077167615524e+00,5.888303123011811913e+00,7.378071909698824982e+00,1.025168219633906252e-01,1.122507955778898614e+00,8.417016223674883335e+00,7.503507472848628623e+00,9.154179963775611384e+00,8.483776364343533771e+00,3.978642559933457612e+00,4.535865162693673902e+00,1.171467809116876069e+01,7.248112041647131853e+00,4.424298741142090208e+00,7.807249977200640068e+00,2.906854273409261058e+00,6.135716358155937300e+00,3.192907243398403150e+00,3.704619090086818112e+00,2.427261785886887679e+00,7.085329536886579405e+00,4.784239345782802744e+00,4.000725565973742626e+00,-3.515898840046245422e+00,4.706147792722660816e-01,6.612340939000211470e+00,1.196209854595871924e+00,-1.277596107396012037e+00,4.174642108795376116e-01,-1.220268826656080829e+00,9.634753037886000016e+00,8.657813200862568337e+00,-1.047445370722436708e+00,3.654727669313972083e+00,-2.635622253636523027e+00,8.773921501071618723e-01,8.799739012776743863e-01,3.060207183663302688e-01,5.209295690567999237e+00,6.309813678098259437e+00,1.999837700038198829e+00,4.858815432258199785e+00,-4.168378525785671584e+00,-1.531976696029180574e-01
4.294705380143914120e+00,3.183448989394045192e+00,3.959500474949139370e+00,7.458396780106022916e+00,5.892101865374113956e+00,2.880931904230905616e+00,3.563025786609482631e-02,-1.238770695991163462e-01,7.612170399382885755e+00,0.000000000000000000e+00,3.486533988321885325e+00,-1.455234727580172249e+00,4.247753704261613139e-01,-3.120145385645964442e+00,-6.524927799481456070e+00,-5.694438937690436298e+00,-6.772719515180209093e+00,-1.226159079043855238e+00,-4.282512471869883264e+00,3.533038376285178916e+00,4.600461779937426443e-01,-1.704078017166522185e+00,-4.541977124468838056e+00,-3.383190862687619926e+00,1.074993482918958632e-01,-6.740659915300295069e+00,-8.468659493319530274e-02,-5.113515136535093930e+00,-2.413933788580305162e+00,-4.049075626934149241e+00,-2.591218571563950412e+00,-3.542450601484398387e+00,-3.353722624995995605e-01,-4.851691290225242703e+00,-2.668465175830828429e+00,-3.561861850349440139e+00,-3.917110364035954195e-02,-1.308469235642930162e+00,9.384320531339248816e+00,-2.708858365809001079e+00,-6.682335320571312742e+00,1.961834952310055336e+00,-4.121399461576579881e+00,7.230617121021493787e+00,-6.088395794997713217e+00,-8.257915311081278631e-01,-1.004803991574888045e+01,-1.053832823263362473e+00,-7.447003050664688928e+00,-7.398072527875390492e+00,-4.789834822776501078e+00,-6.232549511728358915e+00,-4.245508125645800490e-01,1.993629523537385539e+00,-7.329206286954699223e+00,-3.122121631690076171e+00,-5.788264579249561059e+00,-2.297106966083268809e+00,-3.837884206470892234e+00,1.271315994356492229e-01,-2.965855909866741857e+00,-2.163899927767349851e+00,-1.385613226748348081e+00,-1.642925645896865516e+00,1.080957701157073014e+00,6.002778426738631268e+00,-6.318700879414190119e+00,1.666861192119843682e-02,-1.372477764567176239e-01,-5.337132057038568078e+00,4.947669469239871498e-01,-6.279248496484149733e+00,-4.677239028798768627e-01,-5.982630164241448334e+00,-2.600275549378049611e+00,-4.534551281551932433e+00,-3.767450845085344557e+00,-4.621860654182230910e+00,-3.753464830914912564e+00,-6.262303091226470997e+00,-1.037119964669035710e+01,-3.847720463127432655e+00,-7.893497135239861962e+00,6.747155746018349554e-01,-7.741520465679490037e+00,2.255261172745055553e-01,2.821549983396575367e+00,-4.790912605291183901e+00,-9.978585748071963080e-01,-3.527075554833652316e+00,-5.135086423693788760e-01,1.280798886313565532e+00,-2.500676872775839499e+00,1.383557082052926601e+00,-1.171468236314264333e+00,6.749945193447283165e-01,1.784543213927505922e+00,1.486097968249070478e+00,-1.136357552184992770e+01,-9.599985001318643185e+00
7.125742679185211870e-01,-3.337602377576268431e+00,-2.853227591622045978e+00,-1.342441275358316477e-01,5.443929228751684946e+00,1.042822451984610765e+00,1.960755455451462348e+00,-8.071411765615121858e-01,4.675017322910598461e-01,3.486533988321885325e+00,0.000000000000000000e+00,3.124010601716614044e+00,3.198334572973710266e+00,1.746290148021251820e+00,-9.637624503208397364e-01,-2.652921294987280909e+00,-3.290227262544558773e+00,-4.025776412625292622e+00,2.440272002214323166e+00,3.313030360018075271e+00,7.133178833104671490e+00,1.828075223893958379e+00,-2.594446751799502682e+00,6.382605748956774683e+00,1.650555354878000536e+00,-3.934005550280625041e+00,5.558293099911677082e+00,-1.060949483220939293e-01,1.124991495813665032e-01,2.174968863970326627e+00,7.656835091113510572e+00,7.680752801389258977e+00,7.211661977936155488e+00,-2.233732538774098497e+00,3.819987419205362222e+00,-2.003198482469571218e+00,2.374728148432974639e-01,-6.433943769268452684e+00,-1.738680887576134593e+00,5.566423354203388074e-01,-1.135235537777455672e+00,5.694505020072619494e+00,-3.770134645506023396e+00,7.654704542962627478e+00,-2.843721025344765785e+00,-6.423430247396983539e+00,-2.171578358426049959e+00,7.536581729319283829e-01,-4.380079129942670568e-01,-5.911766931448384277e+00,8.224876747433883528e-01,1.968534744871729691e-01,-6.642533881026062126e+00,-2.866275585821763672e-01,7.197869203859093901e+00,8.471949723337457883e+00,-6.002967772074893738e+00,7.080350567831107611e+00,-3.143991188204575238e+00,2.520118581745843134e+00,5.533730696994501486e+00,2.609825320370477097e+00,6.087505065456735309e-01,8.632117510629830903e+00,3.676455151661285115e+00,5.918693075011086435e+00,-8.006115032000233001e+00,2.811984210273100082e+00,3.831760337345091472e+00,1.113967344367009060e+00,3.558332099546329008e+00,8.950729086418632852e-01,3.232571234846653763e+00,2.473316271942869182e+00,7.029513907054419697e+00,1.242006270102097298e+00,-3.096428221730148866e+00,4.516863582123455068e+00,2.717185422850510790e+00,-3.085674026567187589e+00,2.731196293270951259e+00,6.840390018946598261e+00,-4.990682884071730108e+00,3.154754567286589317e+00,-4.157752988261648852e+00,-1.106714271208578237e+00,3.029004555596496839e+00,-8.648064933121499820e-01,-5.251409321855916801e+00,-6.097516555497465296e-01,2.592459531436031916e+00,7.110370627341627836e-01,3.532093004847417284e+00,2.382678614152288876e+00,3.004830282769146876e+00,4.886650413239586932e+00,-5.082323079327825788e+00,-2.230359799782561048e+00,2.611576106680182807e+00,1.280167952101278983e+00
-2.111496803507320941e+00,-2.372532889337351847e+00,-2.113080573717259991e+00,4.487257191573911896e+00,7.734481593692486889e+00,7.034586355839491212e+00,3.180729481125345703e+00,6.295186813096867340e+00,2.621929243004299082e+00,-1.455234727580172249e+00,3.124010601716614044e+00,0.000000000000000000e+00,-3.319198594211542730e+00,4.374249145579779174e+00,2.159156416290723079e+00,6.689149175586140972e-01,2.012755252345670431e+00,-2.404545162442832673e+00,2.696371018641652295e+00,3.245739364836981888e+00,5.484664411249788429e+00,5.692752256193080562e+00,5.403279153172254601e-01,3.497902615770782653e+00,-5.680358608988328450e-04,3.404956788036281878e-01,1.787025203906352777e+00,7.162971163585113210e+00,4.934496167769124142e+00,-1.092971873292609919e+00,5.146329592820234389e+00,1.504628534658617767e+01,6.846325560966004531e+00,-2.284647926500563031e+00,6.542377266172283434e+00,-4.930817585486988008e+00,2.362061639775619781e+00,2.001200581566945136e+00,1.214484823535922020e+00,-1.583253507918094272e+00,1.001572279566226520e+00,-2.854020971490164094e+00,3.350042324742751987e+00,1.835741585422002053e+00,-5.610454867416348357e+00,-1.260421195888175028e+01,2.017841217534982245e+00,6.963068927259278063e+00,3.236055078788783845e+00,-3.890407516143967737e+00,-2.667713608611993248e+00,2.461015604815406377e-01,-2.560463351292076695e+00,-4.129108621443100091e+00,-3.356260079158388532e+00,-2.009111584858042754e+00,-2.787210007137357337e+00,-3.672343253794795981e+00,-5.815161764401180378e+00,-9.036216360967412875e-01,3.046413399091649765e+00,-1.265328331325783706e+00,5.739917602775758354e+00,-1.965248280153896632e+00,3.918182468924442663e+00,1.003927188618612298e+01,-7.439490429136409233e+00,-1.952453847766287165e+00,-1.880752189555169318e+00,-8.141488428547802414e+00,3.898774489384571496e+00,2.828104993322403615e+00,5.693960059710816424e+00,1.238076395496674059e-02,1.340704187511119194e-01,6.044779205840040248e+00,5.430804073650494779e+00,9.962354393589780699e+00,8.249927513965968018e+00,3.013888218710791822e+00,4.042891522136578430e+00,6.688798071267506584e-01,-3.219770170984658897e+00,2.399575969743955373e+00,9.367698731757558406e+00,-7.930031285360341631e-01,4.414720542034935136e+00,5.121225443040724912e+00,-8.846894133353352174e+00,-6.325613304694743810e+00,-3.438311924860541158e+00,4.632025330462091084e+00,8.786188081018667662e-01,4.493785425046673332e+00,7.931164359650666462e+00,1.818324430606727438e+00,-1.482392410457648024e+00,-4.594111822784589627e+00,5.982064683883503875e+00,-9.472617587738442202e-01
5.610669110436666607e+00,-6.580261405485251736e+00,-5.361978550255550147e+00,4.095823871956466355e+00,8.198810063009750237e+00,4.376787125949900492e+00,1.068825007513361181e+00,2.857917400816864184e+00,3.830439197624171399e+00,4.247753704261613139e-01,3.198334572973710266e+00,-3.319198594211542730e+00,0.000000000000000000e+00,3.376176400112571030e-01,2.062223060316609846e+00,-2.426539315950231035e-01,4.927066846734085459e+00,1.273341230313110195e+00,4.090579556013736462e-01,-5.115639227644360076e+00,7.390315891903659562e+00,2.180947869658454025e-02,3.635955781588316338e+00,3.104782107353708742e+00,-6.247126246536960359e+00,1.762349025060707897e+00,9.320773214067505918e-01,4.727189535952734722e+00,3.897236290437937345e-02,-1.598465231837963296e+00,6.372862904395752981e-01,-2.328895749993398656e+00,7.365488427583474773e-02,-1.055289046314931367e+00,-3.637505010635538882e-02,-2.829953803617081043e+00,-2.163335814284084724e-01,-7.074626792274320231e+00,-3.464117357136347497e+00,-5.596041173163129656e+00,4.409689145111192587e+00,-5.613300991470454804e+00,-4.121885143658739814e+00,-2.457468260966237050e+00,-3.539514857935045278e+00,-1.038440115059840707e+01,-6.701562578216424093e+00,-4.552606091554658008e+00,1.735090095604402860e+00,2.017734488938281723e-01,-1.858464528925366288e+00,4.891782634375346106e+00,-5.253269361828385442e+00,-4.965791724449971412e+00,2.494463870157479946e+00,1.123760124185805287e+00,8.372089434690741516e-01,1.227928676532652297e+01,-4.696084264865481472e+00,1.881985416500818298e+00,-7.971810563696124508e-01,1.328139807750249535e+00,6.111228127868355564e+00,1.829911394912846934e+00,6.337675981046416496e+00,5.994216058142222359e+00,-7.539516255125828792e+00,5.520963148571253143e+00,-1.617146642628181530e+00,1.591052124398800505e+00,-1.493645276413257061e+00,-1.731062355443898637e+00,3.960698915124257091e+00,-2.713531080358500880e+00,4.714702660632748454e+00,1.989592083001780143e+00,-1.380806426112571650e+00,6.628554371817140911e+00,3.376671894416749975e+00,-3.118066116327499859e+00,4.614280755169970050e+00,4.020371031756830860e-01,-9.900488666455375508e+00,-1.113204117880039057e+01,-5.091060857659011063e+00,-8.092455337566555329e+00,-1.542636317547840585e+00,3.539243881488988386e+00,-1.157690898060972273e+01,-6.595845300944942480e+00,-5.189749347900972642e-01,2.801020971008224780e+00,6.505477527833982698e+00,1.308029858431663042e-03,-6.176886612538854404e-01,-5.618188476957718613e+00,-3.436746531441200236e+00,1.595199268776307244e+00,2.673324013569423549e-02,1.042776354436124459e-01
-4.847738316893051902e+00,-8.002863549441242563e-01,1.038580658974691096e+00,7.883231189083100610e+00,1.081487498225220101e+01,1.881464174349906093e+00,6.817723263818437074e-01,3.435130566578530331e+00,2.485278461361663194e+00,-3.120145385645964442e+00,1.746290148021251820e+00,4.374249145579779174e+00,3.376176400112571030e-01,0.000000000000000000e+00,-1.155730290992749570e-01,-1.951646815615030839e+00,-4.090442780007234269e+00,-1.635150273876256444e+00,-4.401803220451377952e-01,3.315565896023337178e+00,7.031926233215485267e-01,-6.754397505185035122e+00,-4.573381445266504475e-01,5.559397975952263593e+00,1.344060528782373476e+00,1.243182403044797102e+00,8.099596307122198802e-01,4.708224430896758683e+00,4.192915559987478780e+00,-2.334749776231861973e-02,2.750569161989799838e-01,6.771742811887273561e+00,1.373606498340420368e+00,-5.174569318161158726e+00,3.783249548821401298e+00,-6.679605521609833119e+00,-2.961493089423105740e+00,-8.651351043475298042e+00,-1.884837323698336897e+00,1.197855669471010742e+00,2.283291074959576505e+00,-2.195358320288167686e+00,-2.180238727845932312e-01,-5.566145768320855503e+00,-2.675661952278419964e+00,-6.435539834085774125e+00,1.899084968621361114e+00,2.461406797362071686e+00,2.056193179369754986e+00,2.992361870982684913e+00,-5.678347541139577848e-02,-4.772229203825031796e+00,-8.001061650602585118e+00,-1.939029136579695889e+00,-2.115891156019349406e+00,2.836222027931523115e+00,-2.530324647929332205e+00,1.345299377116247808e+00,-8.949716744740754404e-01,-9.340385642116394438e-01,2.483157317365645600e+00,9.543152244053847433e-01,1.244717886587612538e-01,1.134499190330642060e+00,1.532028164283474325e+00,7.175075255761820259e-01,-8.437681205953190267e-01,3.223359079225195378e-01,5.589125461366651892e-01,1.801008994838192212e+00,4.330088482507367331e+00,1.691770125116469403e+00,4.073082843208055692e+00,1.708532813336401057e+00,-2.625372828490469601e+00,8.230556224656648823e+00,-2.813165964772816441e+00,3.460165089921803716e+00,1.239920421172543419e+00,1.572218072712023407e+00,4.412083164336723762e+00,-2.038117246537215266e+00,-4.274404695319173442e+00,1.705727547360000429e+00,-2.669123260088560379e+00,2.171758346374152104e+00,-4.652215672750315889e+00,-4.068405480810046271e+00,-3.951594767965993071e+00,-1.751646164837768582e+00,-2.158676506437047227e+00,-8.580744111796367868e-01,5.729753241383198414e+00,6.622722940948445824e+00,4.063383390240507431e+00,-2.108807200921434699e+00,-2.360536583780675102e+00,4.558039537856369172e+00,4.993946973211135010e+00,-1.982444173248938180e+00
2.635852190138377349e+00,1.573616947515858788e+00,1.400495516428622800e+00,6.635044489490017128e+00,5.968485011469573998e+00,2.975687598882638785e+00,1.696311444197683871e+00,6.534776631779024569e+00,4.631665296891647465e-02,-6.524927799481456070e+00,-9.637624503208397364e-01,2.159156416290723079e+00,2.062223060316609846e+00,-1.155730290992749570e-01,0.000000000000000000e+00,-5.608261263350265757e+00,-4.550637405255574919e+00,-7.647476117043031429e+00,4.379000667495608345e-01,5.880957066808750744e-01,9.815291179949847677e-01,9.452367326531516678e-01,8.599031159863915752e-01,9.413035168054557644e+00,-3.215957054884476030e+00,-4.189480432380888963e+00,9.525164350117510947e-01,-2.716888274948543902e+00,-7.143997402260662266e-01,-6.785226673035932299e-01,1.159099896297955290e+00,1.252931647869491272e+01,1.522139869893528452e+00,-2.381654780454541598e+00,6.013126130683738246e+00,-6.161468014790346892e+00,2.773124585628795824e+00,-2.252244558067209468e+00,4.922170264703814802e+00,2.648478099631571547e-01,-4.258525310959818677e-01,5.160125661705819766e+00,-3.443865564808755941e+00,3.368374285356142139e-01,-9.386014764740636451e+00,-4.607385961828853738e+00,-1.798727327710260226e+00,3.490790707731575626e+00,-6.649632388238511105e-01,-3.040036349033798047e+00,-2.289019094574596291e+00,-7.524345903405659897e+00,-9.929188806394187994e-01,1.755124547663615031e+00,-1.613783481320703928e+00,1.715732810695336896e+00,-3.745902720416495857e+00,-1.787286784788577165e+00,-2.561050993111559926e+00,-1.471404891440731166e+00,2.931426036310929462e+00,8.752012791319438989e-01,-1.496620727114665650e+00,-7.974132532693307684e-01,2.408659535380392569e+00,4.425510539013866484e+00,9.857579126391392832e-02,-6.989439746925825148e+00,4.268192040811822352e-01,-4.579857764394829722e+00,2.156261645463792398e+00,2.304975043264556600e+00,1.997054715932127023e+00,-5.412429945704388956e-02,-7.203910426260277111e-01,1.591542809362331168e+00,1.465520111017077021e+00,-1.436516203078378240e+00,1.944573563314786924e+00,-4.105838929957878469e-01,1.963219702465974104e+00,-3.426481607167853216e+00,3.125299855259623616e+00,2.207082425805107828e+00,3.837273791160180192e+00,1.539036442274448913e+00,4.118120134791743436e-01,-2.987248065866235258e+00,-4.476081019147423845e+00,-3.448464758935729790e+00,-2.552972849433870817e+00,2.564753895312238963e-01,-4.530502220786460477e+00,7.302794037247535286e+00,-2.243125882890414230e-02,3.714582535883391934e+00,-2.069689416494025380e+00,-3.198383485044145491e+00,1.531297190011516873e+00,-1.452408981212865324e+00
