0.000000000000000000e+00,2.217974534687629617e+00,4.932393524101739146e+00,4.953399742680268503e+00,7.911264468810950135e+00,4.101341891673498274e+00,3.905792117479945702e+00,3.934447110850898710e+00,5.705371473265940629e+00,8.442419628332865855e+00,5.047149184145387046e+00,3.106633791720833315e+00,-4.348737451052210323e-01,-1.785528644017998046e+00,7.275510922073144648e+00,1.115029091775280712e+01,2.948085906503771447e+00,4.699940706182998418e-01,1.995771343096098382e+00,5.261753189781448015e+00,6.986417230549466062e+00,-5.520648984128473380e-01,3.785621751646492950e+00,5.957209077238892370e+00,1.782997426741715019e+00,4.985121378292779681e+00,2.356461308083847239e+00,-9.482848031812067813e-01,8.126701176562496798e+00,8.759152158108660657e+00,1.755738895930935461e+00,5.862829799627334637e+00,1.033315060884891956e+01,5.849981060925300902e+00,-2.778764707424922431e+00,7.959931250000678027e+00,2.470227168694224318e+00,1.154115211362148230e+01,6.028306291520078908e+00,7.472332590839164901e+00,6.708326491720424833e+00,-2.874191732076012418e-01,1.188955047016082123e+00,5.010683464700703915e+00,1.228435579245505060e+01,5.098148114680038923e+00,7.211508978031935690e+00,5.507938575610469290e-01,4.791286872856568735e+00,1.142218682746357317e+01,6.058732425470882532e+00,1.162874742023249119e+01,-3.003269016386673318e+00,-1.619055556764886772e+00,6.866305568091539691e+00,6.479649341062234669e+00,-5.441499311453097398e-01,1.046855114828615285e+01,5.123030681178589063e+00,8.195574152071875673e+00,7.452862946131681099e+00,8.540066786836327140e+00,6.873449345504604402e+00,3.471557597066158518e+00,6.272776418412474797e+00,4.634967473212793898e+00,4.459076891692286715e+00,7.333246285282478460e+00,3.180606838934977976e+00,7.570160560904653835e+00,7.191701527037585251e+00,5.077087012714914138e+00,1.843732006975740356e+00,2.769094806312346169e+00,4.566289314707294267e+00,2.521350274424430271e+00,9.764750495548431886e+00,1.181589273753126790e+01,6.855638968853797977e+00,2.208824807421529091e+00,-4.117143093141706345e+00,1.661646223030490033e+00,1.287456427292748629e+01,5.568358005155599422e+00,-3.310566774335832019e+00,2.304141941324898024e+00,3.863524644919895668e+00,1.703021548315577949e+00,4.116379399300024389e+00,5.250598887874060594e+00,7.068564419814898692e+00,-3.712135643078545155e-01,2.459981339601019723e+00,7.638833718301514253e+00,7.792792130213700652e+00,8.386496620414296554e-01,6.816879241832277003e+00,7.200892993093515493e+00,2.249138723758733249e+00,1.101600501827554268e+01
2.217974534687629617e+00,0.000000000000000000e+00,4.761444754356798370e+00,2.446940383786614603e+00,2.042263523389372004e+00,4.367675783189524097e+00,-5.089774945405106443e+00,5.061362832610062368e-01,1.857173605873943201e+00,9.219879046165037062e-01,1.453693244703537779e-01,5.235774227141702930e-01,2.591153241959064157e+00,4.575564664289187178e+00,4.659158804563656275e+00,1.460828740406720172e+00,1.313546401515789830e+00,1.229547532602667692e+00,-2.619489036464276221e+00,-5.206052270209561073e+00,7.133042822943115091e+00,7.927058586700183263e+00,6.715035357602213040e+00,-1.397346037509276551e+00,-6.308468444003340281e+00,1.792853809267100695e+00,4.156748286997255626e+00,3.456107196018910699e+00,-1.220791939620454514e+00,3.564554507443515874e+00,3.299032654135782394e+00,1.393464130723033101e+00,3.800792627241613708e+00,1.425166646992937380e+00,4.542242363177534159e+00,-6.481075375462649113e+00,-3.154417681096796322e+00,4.200902877886117714e+00,-2.332385425719902372e+00,-1.086517644477396516e+00,-5.710044317737692054e+00,1.738435966596455273e+00,2.948294801692383338e+00,9.940525898731118470e-01,2.643451599810155539e+00,4.119925788026428393e+00,3.056863640251486380e+00,-3.380717849039500233e+00,-7.884232449745447902e+00,-3.532952709031700333e+00,-3.052806655411504533e+00,1.678358683768482518e+00,-4.201131253945573074e-01,4.369135649463593118e+00,7.678930835240464603e+00,2.020380663886491845e+00,-4.639955778926725394e+00,2.211841148054690398e-01,1.665148159515841719e+00,3.176247621885472494e+00,2.837270433347101939e+00,4.049786151530580192e+00,4.757015913790898054e+00,1.061991467686388191e+00,4.402100749768099064e+00,-1.044435903383626796e+00,-4.551013120460599914e+00,-7.787009702510623577e-02,1.157568565668542604e+01,-1.355151894788678146e-01,2.726251841861670133e+00,7.662556607994944757e-01,1.429612191807609900e+00,3.012771602435943663e+00,-2.346651592782940665e-01,2.679970249872934751e+00,2.004665685173930179e+00,-5.295914610578258963e-02,-4.141422783206642144e+00,-7.189361557465167030e-01,9.301748556074487695e+00,-7.089785114817203748e+00,-2.668497735768200485e+00,7.303246934594015194e+00,-5.724311743645557726e+00,-5.458869766462163042e+00,3.754828702253791839e+00,4.978503550280861667e+00,-4.096898426311018859e+00,8.114436911792797247e-01,-4.693151738873272194e+00,-5.839277793175360998e+00,1.648369098745807282e+00,-4.153536479983714003e+00,9.778109856059819194e+00,3.311612326288620456e-01,3.276151410486726867e+00,-4.040068388568943680e-01,-6.127949532637797958e+00,-6.423708302065148645e-01
4.932393524101739146e+00,4.761444754356798370e+00,0.000000000000000000e+00,-4.372385713849756605e+00,2.959956710304816885e-01,1.991415739370542282e+00,-3.303061443819617526e+00,-3.853341201442896047e+00,2.643081699100005899e+00,2.869754315404736911e+00,1.252787457514194536e+01,-1.568914800977365687e+00,1.582181492187492156e+00,5.281403069006267437e+00,4.745287536939688522e+00,-5.042226445988599259e+00,-1.735710454036865968e+00,3.751536779591739368e+00,9.078313693154840269e-01,3.275633487971365998e+00,2.618189442566823733e+00,2.427696672980134363e+00,6.540790702865013628e+00,-8.546203005488625104e-01,-5.216178851406072070e+00,2.813145012484548069e+00,-8.608559159077677769e-01,2.656718144271045468e+00,2.492402139378977921e+00,1.146144300038937081e+00,2.340105292604532483e+00,4.410817176262994188e+00,1.347002368065385536e+00,7.006361516511672605e+00,4.751458252048697872e+00,5.520388119813020467e+00,1.537210780496382601e+00,5.430531804268238005e+00,6.038430244753461018e+00,7.387154149795097879e+00,-6.490417791174809548e-01,2.610888375253513694e+00,1.622487721327626087e+00,2.045487654910141728e+00,-2.202762954852656163e-01,-2.926297996114627598e+00,-1.646013710500709104e+00,-3.895530269170532467e+00,-4.811117276846347046e+00,-7.319321329992648506e-01,1.072640531272586184e+00,-2.062105717582240150e+00,7.011194139955589044e+00,1.370329987480162881e+00,3.258474402873749121e+00,2.457635231469734283e+00,-2.803487254333572043e+00,3.072605382640026583e+00,2.659515695690900294e+00,5.483709620648014038e+00,3.357433730837426467e+00,1.045666359555263991e-02,2.796492187046672129e+00,-2.942642428969131085e+00,4.481206120279839666e+00,-1.124799969381677034e+00,1.949144576091599301e-01,-1.108435177245046033e+00,9.020952827437477950e+00,4.091389597497082420e+00,2.636312380127824984e+00,3.870006449913544699e+00,-8.785154417377334823e+00,2.133947101523526957e+00,-3.908514523463266777e-01,3.452274810128797444e+00,3.446787877102856168e+00,1.729145902827747605e+00,-5.903864408360824712e+00,-3.036325262318373852e+00,8.041985824004960648e+00,2.075805894701336474e+00,-2.227980399526525712e+00,9.983895879466089696e+00,-4.525502781129609353e+00,-2.144011744843917988e+00,4.755087672926654463e+00,-6.853603269241732576e-01,1.029929694438948395e+01,5.473934621964620106e+00,-1.124635320402236127e+00,-8.109056981762870819e+00,3.171753580371482695e+00,8.392522193469470482e-01,4.203417279317177346e+00,1.259832580758115217e+00,-6.650333849377714657e+00,4.305821737998428156e-01,5.315858447857178426e+00,3.584097359659685011e+00
4.953399742680268503e+00,2.446940383786614603e+00,-4.372385713849756605e+00,0.000000000000000000e+00,-2.395037586790927264e+00,8.750034353462945447e-01,4.072280345499230236e+00,-1.366251193087340887e+00,3.287794008446885297e+00,-2.386228617623786796e+00,-5.924861468044355650e-01,-2.305587694811149113e+00,-3.478483607921025289e+00,2.682704046627951477e+00,3.412605130029034761e+00,4.041640711089152127e+00,-3.389998198186998657e-01,1.903617900130160745e+00,-5.713798277595775410e+00,-8.081920494898083840e-01,6.834286101672711666e+00,3.737970000570539408e+00,3.148891950310089172e+00,1.988498898476141807e+00,-5.067517637375095418e+00,-1.864426038264747287e+00,-5.320345898012573294e+00,-5.264996973039557382e+00,3.640125687708155588e+00,-1.292245485518892734e+00,-3.048716165041283066e+00,-1.013583410971623300e+00,-3.076385354800387439e+00,1.669539038016994770e+00,2.435879921334558773e+00,1.283336330664658576e+00,-2.027146981674872617e+00,-4.698653379531151586e+00,1.002632210821129632e+00,-3.067887558968642292e+00,2.449076738423699329e+00,-6.005246538178995230e+00,2.457068244329786655e+00,-1.710718766922975087e+00,-1.256659876556313504e+00,-2.779603325841732087e+00,-8.501637547171871923e-01,-2.399608767531045961e-01,1.776790905522670272e+00,2.086617125547799212e+00,3.902927536044209500e-01,3.772023992522869490e-02,-7.194475220045497110e+00,4.049003467768266251e-01,-1.875329812481587588e+00,6.144259375248531718e+00,4.594422329332852328e+00,-3.843850650384805334e+00,7.764721827204609239e-01,-1.355951161437882968e+00,1.056793186664739093e+00,4.328328632751285987e-01,4.059767107347568960e+00,-4.172522172070745938e+00,-3.952596832328610255e+00,2.168780985465119382e-01,7.487819714627237389e+00,-8.335556884331603911e+00,4.200932350108820934e+00,3.006131434147291337e+00,3.460599024706933147e+00,-1.554052925888842918e+00,-1.033831026847466861e+00,2.163738187418735581e+00,-2.494200204074416227e+00,-1.040253323721219481e+00,2.240303670408163028e-01,2.340680478404155718e+00,-7.525175271856074488e+00,-5.266063891998901347e+00,-1.983583373092987046e+00,-6.470539145432711026e-01,-3.484538519641187104e+00,1.730784299812652416e-01,-7.801204299840789780e+00,3.955085581449043541e+00,-1.717376819418753309e+00,-2.382101858773376879e+00,2.424222447673931136e+00,5.061800524727311235e+00,-9.684903955651149587e+00,-4.168508183352449770e+00,-3.246541051132981748e-01,-2.700405756572666682e+00,-1.974332573833760041e+00,-5.448134929599449450e+00,-1.382339302080424659e+00,-2.963322343608956189e+00,-2.829858218738543624e-02,4.584544314077109384e+00
7.911264468810950135e+00,2.042263523389372004e+00,2.959956710304816885e-01,-2.395037586790927264e+00,0.000000000000000000e+00,-2.068271000270041515e+00,-5.742102954351292476e-01,-2.008038994281895917e+00,2.280401668308351844e-03,-8.854939681948614805e-01,1.633464391305766483e+00,-3.898287948950440729e+00,-5.383729752130784085e+00,-2.189242349878765537e-01,4.078995799612125772e+00,-1.937254091984600635e+00,-9.291740161714518109e+00,1.555737801200724801e+00,-2.323329957394838718e+00,-2.091683877659577195e+00,6.063682401880983619e+00,2.051973739044877565e+00,6.104374040123865086e+00,-2.937222851396526391e+00,-1.035668573411786575e+01,-7.409398310146316780e-01,-4.446387128482898632e+00,2.290199049810142107e+00,2.623593467866204509e+00,1.886505521839472399e+00,1.923037531632278085e+00,-2.424071724599809130e+00,-9.975380672775882029e-01,1.023774688323060955e+00,-3.743656262614879493e-01,2.843957025248235460e-01,-1.723142466862802591e+00,1.749934597715577800e+00,-7.999195643007859235e-01,2.242190239426271159e+00,-1.646905004523939509e+00,1.716079954361828586e+00,-2.352982513284124000e+00,-1.400007286211287116e+00,3.272038323462729825e-01,-7.177154569658554806e+00,-2.655370980841326389e+00,-3.655031042099021743e+00,-1.205497304179395934e+00,3.007671846132133009e+00,-1.266336615072781280e+00,5.774272674896361313e-01,-6.086119248691885808e-01,-2.548246226643168466e+00,2.684152721915010087e+00,-3.002113406347706737e-01,2.189713904779335696e+00,-1.877550794101749521e+00,-4.973851733567360989e-02,-1.619826994057281144e+00,2.881708202065515589e+00,1.907686060629748548e-01,3.143086388752980742e+00,7.233300485908891186e-01,-1.402966660376956165e+00,2.145887485700866737e+00,3.827499503190331609e+00,9.543525950033734384e-01,5.344684067873867184e-01,2.608660026472128912e+00,3.485752197823859255e+00,-8.369217701727814429e+00,-1.832396850644205100e-02,-1.814069390499202683e+00,-5.132008236394978162e+00,-2.960930379713099470e+00,5.434025812486234841e+00,1.897599142588684895e+00,-9.346541952803413267e+00,-6.796152670721328448e+00,-4.295857412003917020e+00,-3.313408733775046605e-02,2.744375290563389136e+00,-3.088698717492938117e-01,7.727513912291356091e-01,-2.544133468839581358e+00,-4.398531085761762105e-01,-7.920133231197469037e+00,3.144150064624791963e+00,-3.556879639142983551e-01,-3.195176190317585263e+00,-7.579885149114011789e+00,2.154576746776518004e+00,6.911494419664485633e-01,4.509103442035761189e-01,-5.721418181297077687e+00,-3.574626594716395989e+00,3.051432414360506051e+00,1.199760010582742842e+00,7.582523209726811153e+00
4.101341891673498274e+00,4.367675783189524097e+00,1.991415739370542282e+00,8.750034353462945447e-01,-2.068271000270041515e+00,0.000000000000000000e+00,-5.499436693793603226e+00,-3.918201934485971538e+00,-8.300481174751207780e-02,2.950791222396116797e+00,1.714182153410354736e+00,3.519180893817786426e+00,-2.981635542071725542e+00,8.521883437260704408e-01,-3.768850495008066126e+00,-9.301184422292990694e-01,-3.625314025962082187e+00,-4.073528204505520556e+00,-2.238230844411371656e+00,2.191608877736059391e+00,9.296727163874280109e+00,-3.473405035398733354e-01,2.003987802085610337e+00,-4.010382553572304776e-01,-1.015704650277690524e+00,6.851066056915805724e+00,-1.640687298127073035e+00,-3.942132957049948150e+00,5.816350981028101330e+00,1.790194253910565747e+00,-1.985967102693027897e+00,-4.869712944157284618e+00,-3.013692423929130282e+00,1.107211385136767090e+00,-6.123943612534968883e-01,3.509298088900899781e+00,2.824079253114808452e+00,-5.345120589479357420e+00,-3.274824613981545340e+00,4.776357863891067979e+00,-2.746215055699675389e+00,2.155042627368359831e+00,-5.832195271480557608e+00,-6.753185953516861240e+00,-4.497768948249571075e+00,2.104435086895493967e+00,-1.154411083674397487e+00,2.451370063372771746e+00,4.007761779858147300e+00,4.057918354507461522e+00,4.747961945953388607e+00,2.820001616979353809e+00,-1.878129212978919549e+00,-6.436639349577254476e-01,3.383499855115970512e+00,3.092342051514209711e+00,-2.636096224246179176e+00,1.506750234082070650e+00,5.732997476798189496e+00,-1.657474786732047178e+00,4.436929123017458565e+00,3.011547177970299582e-01,-3.986669953507361530e+00,-1.739755345584455437e+00,-3.238119017221245954e+00,-4.692775458513147591e+00,-2.170165587920249717e+00,5.236091523971808215e+00,1.955918731285217538e+00,1.302900220117639618e+00,1.469679811489989607e+00,1.958591711972573091e+00,-2.210523863083054152e+00,8.866241152815038107e-02,2.225892092242447440e+00,1.108854875426555919e+00,9.639601253091521826e+00,2.939601566904514574e+00,-5.898554095592849933e+00,-3.227490643425509731e+00,5.554679400662085875e-01,2.995314504170279779e+00,3.713434515232579614e+00,2.941747599336450580e+00,3.532387486579411373e+00,-2.835534543240523231e+00,5.751454729464513527e-01,-3.330158599013586240e+00,3.078785695219438789e+00,-1.116904194453307575e+00,-6.309986955049872392e+00,-3.725131534283163681e+00,6.405177965083123093e-01,-1.478129201298519435e+00,7.934408972901535462e-01,-4.785996611387320243e+00,6.724528184769732464e-01,5.074873553590466990e+00,2.547843365285618944e+00,1.666962238596007673e+00
3.905792117479945702e+00,-5.089774945405106443e+00,-3.303061443819617526e+00,4.072280345499230236e+00,-5.742102954351292476e-01,-5.499436693793603226e+00,0.000000000000000000e+00,2.642097464837801724e+00,4.104324206882116854e+00,1.930614174365540281e+00,2.417560120180211936e+00,3.985159435960677898e-01,1.979953618337450608e-02,-1.834912747705316871e+00,-3.824891935488349048e+00,-2.621925412541930012e-01,1.040576654107736587e+00,2.535897177661353474e+00,-1.729141471431943522e+00,2.964218034877081909e+00,1.170333620712655431e+01,2.370529212207981740e+00,6.138213300054821353e+00,5.214906314484830219e+00,4.460502775242193962e+00,4.834216545610655835e+00,3.564041960739467108e+00,-1.023319121358140116e+01,2.243097821694129301e+00,9.683946706672672988e+00,1.243081331654461330e+00,4.261203166912649110e+00,5.279599520529454360e+00,-9.181514586153126656e-01,-4.151480756007578377e-01,4.862450631372419174e+00,1.225831642298839785e+00,-1.383760947024818000e-01,2.613819694902359991e+00,1.844567875798848400e+00,-1.282312795089891377e+00,5.318515691012049018e+00,1.520018150503692558e-03,2.502005426860817727e-01,-1.740159876059229171e+00,2.453461796781573945e+00,-4.201415099878805570e+00,2.023526265028708249e+00,5.639737596942805631e+00,1.847778064282882826e-01,-2.209089441538268694e+00,8.190589539355029203e+00,-1.171533064762016130e+00,2.145394717595556777e+00,1.082798201410247962e+01,5.331159955817513563e+00,6.605073741522572206e+00,8.127120964170844175e+00,-1.442175724346198784e+00,2.931031023594435236e+00,-1.157126621881194639e+00,4.950098253422770433e+00,3.777222710704668529e+00,-1.441801587669753193e-01,4.932828521408831435e+00,-2.845665828112176499e+00,9.239432969249222083e+00,1.979756433018636130e+00,-9.743888324878108298e-02,2.980253243960260257e+00,2.487664096357602161e-01,2.534862484214893907e+00,2.481783511901994643e+00,2.748201363997235802e-01,4.511609256480708652e+00,-2.678445892462875566e+00,2.026593044589373727e-01,6.518748037714459542e+00,-1.429711899571039502e-01,-1.899800120101506617e-01,2.866636746836158878e+00,-5.614705372718636234e+00,7.354172919953833043e-01,-3.063034563185220271e+00,2.741847708345854784e+00,-1.031532466853516183e+00,-4.653534360203845921e-01,6.643426597487690266e+00,3.257507026786078952e-01,-3.295516671982376966e+00,2.435730879577877594e+00,-2.706448062243383745e+00,8.979613522923614033e-01,-4.182153196455624666e+00,-2.455146178610751573e+00,-4.951018044300255383e+00,2.766713497799386356e+00,-2.381877864758516594e+00,-1.321715367958645748e+00,-1.189303073078566975e+00
3.934447110850898710e+00,5.061362832610062368e-01,-3.853341201442896047e+00,-1.366251193087340887e+00,-2.008038994281895917e+00,-3.918201934485971538e+00,2.642097464837801724e+00,0.000000000000000000e+00,3.489458139293263983e+00,7.196872317601009428e+00,5.664111432995241557e+00,-2.291141587630562082e+00,1.640167842675890775e+00,-1.419455750558322515e+00,1.039725758922992682e+00,-4.959763798569298388e+00,-9.976111786178631036e+00,-1.097564975510750274e-01,-7.151963932367846333e+00,-5.324738882715656096e+00,8.944684382984357640e+00,-1.926487850705850713e+00,8.147888118668268120e+00,-2.087677567830426295e-01,-2.623031133095083067e+00,2.111160227873167372e+00,2.319864745862809385e-01,-5.576391296702859712e+00,5.971723573625994597e+00,2.390907843026264246e+00,3.679964747874449937e+00,2.041803090244704855e+00,-1.762512915952931136e+00,-1.940385295607528038e+00,-1.749445096742316963e+00,2.590177415532370908e+00,-2.958447019904069109e+00,8.056892415370265903e-01,3.859460019131673025e+00,7.727169335683696794e+00,6.472303198728574181e+00,-3.893962244489451940e+00,1.799643329925384005e+00,2.780850055419358036e+00,6.329694980303725016e-01,2.534005994050575250e+00,5.747743704471313997e+00,5.376728843162828397e+00,2.077237596213002302e+00,9.542834729699265495e+00,2.769872339238898640e+00,3.361834808876571490e+00,-2.871370607121813912e+00,-2.626509397566448634e+00,6.755507340714415498e+00,2.130814486089561477e+00,3.785181877663786665e+00,1.713342413473111892e+00,4.996393677060382288e+00,-1.719094203858826164e+00,7.186218394533648857e-01,2.309624116669365623e+00,1.690667656852029799e+00,-2.465601353700301424e+00,4.581634723940227971e+00,2.846842506310669485e+00,8.255888578359261709e-01,-5.151133717818749957e+00,2.160993216981534459e+00,1.866073464306779339e+00,1.401988507628948222e+00,-3.817351338576071007e-01,-3.371488187881882537e-01,2.766828646333457264e+00,3.562964292782210940e+00,5.509433944613860490e+00,5.682097884908702490e+00,7.926911223757982405e+00,-7.208986720669746440e+00,-2.767038806994607913e+00,-3.472535030235980535e+00,2.443510275786486385e+00,-1.697421702306279423e+00,9.553099311414708916e-02,-2.203342109374222257e+00,3.456784220096962290e+00,-1.846751632261930842e+00,2.615359555739554587e+00,3.050610080100144561e+00,5.908973249569964281e+00,-1.497821336142936444e+00,-5.047985755530613794e+00,7.878040676120348640e-02,4.432995734229346341e-01,-2.385924349074721285e+00,4.696471754852682423e+00,-1.131512818276578569e+00,2.060980904560684834e+00,1.710632156991354957e+00,8.280573581799464122e+00
5.705371473265940629e+00,1.857173605873943201e+00,2.643081699100005899e+00,3.287794008446885297e+00,2.280401668308351844e-03,-8.300481174751207780e-02,4.104324206882116854e+00,3.489458139293263983e+00,0.000000000000000000e+00,5.714142164569443239e+00,3.185408250245334028e+00,-7.923500788384129079e-01,-3.167853402156481923e+00,-2.069950346609199243e-01,1.486445264282540091e+00,-1.966348459386646264e+00,-7.030019994392918470e+00,-6.037490971983936028e+00,-1.434037117893343094e+00,1.356105597157841292e+00,1.154834617995070722e+01,1.323073329598097647e+00,7.157724642107436530e+00,2.206567184114114344e+00,-3.600389412995227190e+00,-4.483363937434751145e-01,-4.751214462641309311e+00,-3.982799155051168327e+00,4.226803126828522217e+00,5.637486304022002237e+00,2.973838552906637123e+00,-3.381134464394209616e+00,2.502256322110799847e+00,1.160877392645662809e+00,1.369517667081765477e+00,2.963047499053284017e+00,-4.911076577198568716e-01,1.324620339627926136e+00,1.083729097084629389e+00,6.586158108729375016e+00,-2.168736451043447311e-02,3.157541955801012268e+00,-4.409862724559705516e-01,-2.760694535596020405e+00,8.940269898860455644e-01,-1.895217119936120520e+00,-4.929530756050676810e-01,5.890293383702577046e+00,2.345743335348843939e+00,4.121237215887620486e+00,9.465098033860733784e-01,-1.283045881002017996e+00,-5.110875945072235638e+00,-7.569353321239256971e+00,4.150740419123660985e+00,2.255592419695128026e+00,-1.058625121729574348e+00,6.030948894315960596e-01,1.955919864614279913e+00,-1.779063121436196937e+00,-8.630274873558134718e-01,9.150116378061784461e-01,-7.063355295389742716e-01,-1.347428153182808064e+00,1.278448493230498917e+00,2.816466658762119657e+00,3.522686221532008943e+00,1.445661084096336202e+00,-2.636122850119567484e+00,-3.857985662117515702e+00,1.653270048891561927e+00,-7.737149197335360995e+00,4.695320513175647026e-01,2.562592973417438635e+00,-2.231734180021719638e+00,2.681428940524770432e-01,4.000901151475139805e+00,5.434319049991984230e+00,-9.186028366090408070e+00,-3.315890531641576988e+00,-7.975374212050743150e-01,4.725889382185217258e+00,-3.115114799839961979e+00,-2.038733498120663068e+00,4.675662004215329404e+00,4.389450213068357698e+00,1.963394700631702294e+00,-3.307972805970521790e+00,6.077236458136041186e+00,3.163995612924468959e-01,-2.898468291071274905e+00,-5.627819704887944141e+00,3.859440092632435260e+00,-1.217643676518152196e+00,-4.097949954088543123e+00,-1.613445310168282631e+00,2.342354289515567789e+00,4.041423785013622982e+00,2.843031912604285338e+00,6.196601259116744309e+00
8.442419628332865855e+00,9.219879046165037062e-01,2.869754315404736911e+00,-2.386228617623786796e+00,-8.854939681948614805e-01,2.950791222396116797e+00,1.930614174365540281e+00,7.196872317601009428e+00,5.714142164569443239e+00,0.000000000000000000e+00,-2.382884332738737232e+00,-2.396327494817691584e+00,-6.233875511193316399e+00,-1.400178256299855040e+00,-3.008127435449368559e+00,-3.098809374612092160e+00,-1.204616976846228837e+01,2.395975842024256952e+00,-6.046989948019935390e+00,-3.242947365102887503e+00,6.961072465433765011e+00,6.403659341795155058e+00,-6.969348376766963504e+00,4.717472015024005039e+00,-1.432011546594056939e-01,1.158695705210188720e+00,-8.506993736781044424e-01,-3.801003464346794036e+00,3.686862789794143502e+00,-7.259917991013100647e-01,-7.031885278425698438e+00,-8.531515196828644676e+00,-8.114911522989752823e-01,-1.497775874494366166e-01,1.470295212113311489e+00,3.961291840285376953e+00,-8.472253739195654276e+00,1.694669130874513430e+00,-9.501948155430772758e-01,-1.613803074889868627e+00,2.890439315246740914e+00,3.747225225213285160e+00,-3.969122307799616500e+00,-1.210566716143662402e+00,5.839435637624455389e+00,2.174784260844584871e+00,2.542371352704269061e+00,-5.823114590866338425e-01,1.966539626192472801e+00,7.815170541257294268e+00,2.324825517774931904e-01,1.262599159710418251e+00,-7.218742512699876102e+00,-7.239372178543511005e+00,4.942670061935613646e+00,-3.437956231856893030e+00,-1.992897128645725102e+00,-3.137630207102817259e+00,-1.352364432772435343e+00,-4.041611286352276622e+00,-3.503631777791651025e+00,-9.775538874288203228e-01,-5.011214960537352603e+00,-3.617474706797771056e+00,1.168772932198732573e+00,-5.105415905407190813e+00,-1.339585800978917662e+00,-8.574450741718360192e+00,3.354320119753946283e+00,7.937599866545658855e+00,5.102777958395350311e-01,-7.349442079709986864e-01,3.049690020053634765e+00,-1.498798044876033853e+00,2.888154979125850286e+00,1.615611804049826405e+00,6.749518370415072965e+00,6.397792548758937770e+00,-5.266313487601518517e+00,-9.867624661217414328e+00,4.596929750174231444e+00,-1.143914720064353574e+00,-1.233595833258186669e+00,-1.036982063182741554e+00,2.433656432456696272e+00,-6.610213233225977092e+00,-2.045252626277763719e-01,3.113154176693008424e+00,-1.939702894278360068e+00,-3.601910280009787968e+00,-2.280904948347001415e+00,-1.078269761282463968e+01,-4.569935516284482802e+00,1.325420704832930952e+00,-6.854380293549216852e+00,-1.646829357340401367e+00,6.919680137463736891e+00,1.756615425246334239e-01,-1.589506484112475970e+00,5.715312021322461078e+00
5.047149184145387046e+00,1.453693244703537779e-01,1.252787457514194536e+01,-5.924861468044355650e-01,1.633464391305766483e+00,1.714182153410354736e+00,2.417560120180211936e+00,5.664111432995241557e+00,3.185408250245334028e+00,-2.382884332738737232e+00,0.000000000000000000e+00,-1.177535937267421229e+00,-2.592409515195122527e+00,-3.651390160188297429e+00,-9.644051063270980606e+00,2.827610847445306330e+00,-7.073512884769026954e+00,-1.436972763916189333e+00,-2.663383581592212224e+00,8.742646266408425904e-01,1.015520790060952017e+01,3.863970640257234912e+00,-5.423804585017991009e+00,3.610725946455310087e+00,5.077858637237941952e-01,-1.035479573041141910e+00,-5.013327063380237369e+00,-2.191557749627594198e+00,5.166119073471112655e-01,-1.679886019730629121e+00,-3.440437623293104874e+00,-4.618234576404135261e+00,-3.603956372869135394e-01,2.868658405468061279e+00,1.505907043734542317e+00,-3.828462931168303829e-01,-5.244947836751614467e+00,-5.923144872642762682e-01,1.527882679703835400e+00,-2.191440466346926019e+00,-5.679769586636994605e-01,-1.509830419589188510e+00,1.158014786543379415e+00,-4.725761111520009550e+00,7.461122747472558103e+00,-2.225937308581105611e+00,-2.686995600078995405e+00,-4.930108647105210906e+00,1.689421314864200774e+00,1.812005318753084016e+00,5.540503839018700027e+00,-1.919124965320580856e+00,9.045855940713608545e-01,-2.304840381840782104e+00,-2.189694235306424819e+00,-1.819316521786227714e+00,-3.058295956763200873e+00,-3.711314440315100160e+00,3.064113163600468703e-01,-6.552921923213034461e+00,2.865258574070216557e+00,-5.270576783197395088e+00,-8.417030550783781706e+00,3.742176622998806268e-01,-6.672500169894613364e+00,-5.619193720081512744e+00,3.985399809317848874e-01,4.132053889816949876e+00,5.183686677525058961e+00,-1.043905102782271221e+00,3.547601483616139362e+00,3.150475106753777954e+00,-7.450205157027292024e+00,-7.598063207844751865e-01,-2.646261760540074448e+00,-2.437268399529401997e+00,-9.370394058734128340e-01,3.722463299917934787e+00,-2.101333975391753484e+00,-1.050583771192824312e+00,-7.836649502341214157e-01,3.307204241159328095e+00,-5.536397580643707128e-01,1.243185390394322409e+00,3.004789039828661412e-01,5.272216509611379109e+00,-1.369081457487044018e+00,-4.843001781184851140e+00,-4.874356773034440038e-01,-3.356847434769163030e+00,-2.186056936930053318e+00,9.844575551794666479e-01,6.669141930171567090e+00,-6.739811111026310364e+00,-3.934598151017972278e-01,-2.371619514197053302e+00,4.191007857204230191e+00,4.809827484355584382e+00,3.790768163880116504e+00,4.976267001965359427e+00
3.106633791720833315e+00,5.235774227141702930e-01,-1.568914800977365687e+00,-2.305587694811149113e+00,-3.898287948950440729e+00,3.519180893817786426e+00,3.985159435960677898e-01,-2.291141587630562082e+00,-7.923500788384129079e-01,-2.396327494817691584e+00,-1.177535937267421229e+00,0.000000000000000000e+00,8.814709871313164413e-01,-3.611658609588863200e+00,-4.028722855669998992e+00,4.747141038130822110e+00,-4.892069986230537459e+00,9.549618495367563353e-01,4.106160084763646467e-02,1.999606999983866151e-01,1.031486542173938403e+01,6.549825910818899644e+00,-2.716606833231856921e+00,3.452344457654817234e+00,3.182556237995879833e+00,5.621330869449493228e+00,1.028680184774024564e+00,-4.341335977877481156e+00,3.988423912274326355e+00,1.292069593079482770e+00,-2.617957255477349143e+00,-7.637857717283630166e+00,2.295694247597133586e+00,1.051541793530855529e+00,5.675181325978154057e+00,-2.868927376830101128e+00,-1.091401490367359095e+01,5.855835902106943713e+00,2.397155069684216322e+00,1.855384695980679233e+00,-1.736085464406030843e+00,1.828589270753890439e+00,-2.879401915677052060e+00,-3.532166874244786481e+00,2.892095794061731340e+00,-1.348985645009180390e+00,-3.458064637490585902e+00,-2.146044101856347738e-02,5.161859609289130013e+00,1.704033650656055832e+00,1.517848885939275583e+00,-3.195454040378245431e+00,-2.879158640987454554e+00,5.819570308254850666e+00,9.908193482098455185e-01,3.790507949422615042e+00,5.811389782976911889e+00,-1.162951257008394856e+00,-5.641652260283005482e-01,-6.299283169428963269e+00,-1.322203789640712834e+00,1.741601762126584685e+00,-2.321760099596158700e+00,-3.106031057808199325e+00,4.890646879300632577e+00,-1.052840750545884774e+00,5.448101813062628196e+00,-5.936376118720644968e+00,-2.288171732928219182e+00,1.850467864181231326e+00,2.542897957740292370e+00,-6.498504977846335073e+00,8.436385934226092731e-01,2.419384868756139451e+00,3.517346835772234392e+00,3.601966952891201057e+00,5.176509311804750268e+00,5.649268425248185288e+00,4.232154492727617234e-01,-6.490266767507130830e+00,3.887742864875037174e+00,-4.071530136803704458e+00,3.221723281248856652e-01,1.514953512238650934e-01,-1.336558545453470255e-02,-4.168241176201795462e+00,-4.623073848398408181e+00,6.303379791392950127e-01,-4.608326566573609284e+00,-4.922248253608999313e+00,-3.039128217786873254e+00,-1.982028163304344170e+00,-3.919970564087777110e+00,5.240470518064587857e+00,9.103796988544010649e-02,1.386049237708024018e+00,3.796172135799241065e+00,2.701932930059384397e+00,-6.548045864651734771e-01,4.016485760480563272e+00
-4.348737451052210323e-01,2.591153241959064157e+00,1.582181492187492156e+00,-3.478483607921025289e+00,-5.383729752130784085e+00,-2.981635542071725542e+00,1.979953618337450608e-02,1.640167842675890775e+00,-3.167853402156481923e+00,-6.233875511193316399e+00,-2.592409515195122527e+00,8.814709871313164413e-01,0.000000000000000000e+00,1.638446087615659907e+00,3.717973182748833150e+00,1.645635221585225683e+00,-8.577228727866680336e-01,-2.330619678313429866e+00,1.918231470231695379e+00,2.362395941795744303e+00,7.769978638856498421e+00,8.222657652571433218e+00,-2.255880279870682070e+00,3.932423212816136271e+00,4.870377948958563685e+00,2.606660946988073602e-01,9.806072692179730765e+00,2.903539144073609357e+00,9.674254802141575738e+00,2.920189944249266478e+00,2.673845915703889631e+00,6.425300929907191705e-01,5.774825885453748420e+00,5.153165143054347475e+00,1.229193516169969769e+01,1.832775363190897178e+00,1.621210130454200149e+00,4.224001948673867801e+00,5.126590315216421168e+00,8.817400661453479671e+00,4.024314958497806072e-01,3.768993422066715837e+00,8.261381849193009330e+00,-1.132096947896629846e+00,5.576279240738840848e+00,8.439282327828408370e+00,4.212244128875545890e+00,3.385925331150497541e+00,-1.877364683593724992e+00,2.994314465857275120e+00,-2.027700352600224354e-01,3.345854042823249497e+00,2.664103696649196551e-01,4.444503716066882326e+00,5.708250299637822600e+00,5.106726646632228750e+00,-1.023749676187943214e+00,5.836155535498367408e-01,1.428490990869912824e+00,1.474725671777346259e+00,-4.249158861739272375e+00,1.434937671172994422e+00,2.562444487224602163e-01,-1.798693109481896757e+00,3.660807184458530816e+00,-1.039996513761457075e+00,3.996024027541335233e+00,2.305967759377042459e+00,1.976228570953990404e+00,3.620103368761722784e+00,9.978528752333746255e+00,-7.880168571088487228e-01,1.502603391948255984e+00,9.517277604598714191e+00,3.855286071730767539e+00,-7.784990920641646772e-01,4.929453341676911293e+00,6.339019232174848639e+00,9.702322407964054651e-01,-2.259544484076185800e+00,5.818703375134642641e+00,-5.865041716300279262e+00,3.193846272425279853e+00,9.472475442499218801e+00,4.425137772119492219e+00,-3.472373467587461349e+00,6.737458004182081517e+00,4.257407271872120980e+00,3.899285169333848611e+00,-3.636652664385484179e+00,4.174998482344491890e+00,3.984545796702869680e-01,4.436540824192520382e+00,1.139382376289496435e+01,2.037444800211574147e+00,3.369644623604090672e+00,5.761623673121304634e+00,3.831720928061372433e+00,-2.154384670943402025e+00,4.899700780432127978e+00
-1.785528644017998046e+00,4.575564664289187178e+00,5.281403069006267437e+00,2.682704046627951477e+00,-2.189242349878765537e-01,8.521883437260704408e-01,-1.834912747705316871e+00,-1.419455750558322515e+00,-2.069950346609199243e-01,-1.400178256299855040e+00,-3.651390160188297429e+00,-3.611658609588863200e+00,1.638446087615659907e+00,0.000000000000000000e+00,-2.685566623610414982e+00,-2.119985715854915576e+00,-3.468776412531198616e+00,2.227335202325612773e+00,-1.595254882915814409e+00,-4.384912061665590111e-01,4.155414974056145461e+00,-1.086782373437862326e+00,-9.965102760130617465e-02,-2.874535858757841567e+00,-3.458021352362948164e+00,-2.454418826688729904e+00,-5.617847030640969130e+00,-2.921062583240152666e+00,-3.964324614121306212e+00,2.807405106498778835e+00,-7.151486149835073469e+00,-3.982314763728930007e+00,1.308774090984574090e-01,-3.925312200455398859e+00,-2.479922837866975094e+00,-9.055454104565516360e+00,-1.112630026821051743e+01,-2.075240832840652860e+00,-2.579111995058930518e+00,-6.796340086847798112e+00,-4.654664928091220233e+00,-4.025658088681803193e+00,-5.743067903245526296e+00,1.397837063157078008e+00,-5.341697089600861759e+00,-1.624805698321772685e+00,-4.664875154205044616e+00,-3.317703737642383466e+00,-6.066486125421279851e+00,-1.951268411400599589e+00,-1.534845995002288133e+00,2.692638126200169069e+00,-8.564350443931938450e-01,6.366891530309763958e-01,1.487220681029739477e+00,1.689876862231335375e+00,-1.558304561673125921e+00,-6.435331153361223855e+00,9.920869041405441235e-01,1.017182813501709582e+00,6.965253392218654582e+00,-1.628162534224011138e+00,-1.669668153418713219e+00,-1.087493047972564675e+01,-5.392753810979588058e-01,-5.213675316510137492e+00,3.938967832264492319e+00,-2.261807606679174132e+00,-1.946897389785992250e+00,1.148108853546507380e+00,3.276029678499866815e+00,-3.697288106113340689e+00,-6.626079442163827160e+00,2.405710613737644721e+00,-2.621220828224877675e+00,-4.491439439131416300e+00,6.250053024452016714e+00,8.444318324935259357e-01,-2.612216025470475600e+00,-4.793288761138565057e+00,-7.587474981654028561e+00,-4.806624291280281902e+00,-3.605744411712690223e+00,-4.799645450728003304e+00,-6.949738799980195836e+00,-5.958796993743051829e+00,-8.033670649169147637e+00,-8.554738802536801856e+00,-6.759546322427360643e+00,-6.581181139989431550e+00,-3.702703049343394781e+00,1.012399409387148896e+00,-6.322989964538749952e+00,-3.919545190332494489e+00,-2.984992970759528852e+00,5.589580020038340535e+00,-4.535722810128744342e+00,-1.337000235340120025e+00,9.574783373291096966e-01,-1.425382781860308423e+00
7.275510922073144648e+00,4.659158804563656275e+00,4.745287536939688522e+00,3.412605130029034761e+00,4.078995799612125772e+00,-3.768850495008066126e+00,-3.824891935488349048e+00,1.039725758922992682e+00,1.486445264282540091e+00,-3.008127435449368559e+00,-9.644051063270980606e+00,-4.028722855669998992e+00,3.717973182748833150e+00,-2.685566623610414982e+00,0.000000000000000000e+00,-6.415293047194563947e+00,-4.841732876344504000e+00,5.422228751004930736e+00,3.702641546960767083e-01,9.269174942619876845e+00,1.842568006757438370e+00,9.202820439203408753e+00,-3.355753296812044262e+00,5.781094612824103862e+00,2.337833514200702290e-01,-1.044160756966707071e+00,-3.493778626192589609e+00,-4.739692120062318770e-01,-3.891080610429092257e+00,7.975323524701928513e+00,5.069775312333592687e+00,-6.905941572970539788e+00,1.229647990628870841e-01,5.602242126273241141e+00,-3.343646146429354316e-01,6.926358142239841698e+00,1.880208945495122075e+00,-1.467120020686332404e+00,-6.160705704325815102e-01,-6.694638008235991311e-01,5.521792938289945774e+00,3.494995738660799933e+00,3.275752122890724927e-01,3.545649864163098020e+00,6.156541258192089749e+00,4.179369186715162776e+00,1.048820578228764067e+00,9.676428572492324909e-01,-1.635543635052542744e+00,2.943027975157671339e+00,-6.748735781770151654e+00,2.157907412899887856e+00,-5.258194401764781034e+00,-8.331376450127597977e+00,6.376414464133234539e+00,-1.903624195873826919e+00,-2.716550985098426629e+00,-2.172390588096364983e+00,3.372711614474888098e+00,1.812871545881439506e+00,6.722325811005234186e+00,-5.760791825095785690e+00,9.061052448089192968e-01,-9.425946752698077802e+00,-2.154046450964810067e+00,-3.587948072877308103e+00,2.999067855986767395e+00,-7.439809784378958568e+00,8.028309127711823479e+00,2.453555801029177807e+00,3.342232185676614176e+00,2.824564334587148284e+00,3.551169192922002171e+00,-1.498299966141897720e-02,9.970073843758983090e-01,-6.452009230162945030e-01,4.346131567369498683e+00,-2.346716302235583917e+00,3.264072059188672714e+00,-6.172278365947919454e+00,-4.128847825309208130e-01,6.583286367369036718e+00,6.317387253206091735e+00,6.746502610931780497e-01,3.010294507636800621e+00,-2.840152536895721891e+00,6.878806518447725615e+00,1.337188546389238342e+00,4.614713299188119677e+00,1.964322929144193930e+00,-2.274649169668540694e+00,-3.948004296458778928e+00,3.697981804910416503e+00,-4.736156703400093981e-01,4.878628416221809649e-01,3.915787854084576747e+00,-2.002632471847327622e+00,3.453985857934174231e+00,2.907839444622268288e-01,7.960985906534121526e-01
