0.000000000000000000e+00,-8.459531073311155058e-01,-1.209800458824855873e+00,3.421671721775734198e+00,7.563732817689625243e+00,3.217804483596077958e+00,-1.533132677600474558e+00,5.818885356961597033e+00,3.216549063639320138e+00,-6.174511701917688278e+00,2.253745182243675149e+00,2.857468951633284071e+00,-1.582775888393172625e+00,9.271832032923842393e-01,-1.988503024031565425e-02,5.252055311072690635e+00,2.605212005794818597e-01,-1.042350504294485974e-01,3.568080431252834916e+00,8.302971939451161631e+00,-3.899483644205767874e+00,8.994203175889861512e+00,3.142872715523035598e+00,2.427406691933593041e+00,-2.212109901909333765e+00,2.067620682139378552e+00,4.252904471521366858e+00,2.413927478795029558e+00,8.828665849387034470e+00,4.017129406702715677e+00,2.164529479368861031e-01,7.879827432203964754e+00,3.232651592946647612e-02,1.152485337281268007e+00,5.285443988351348210e+00,1.289331597374231198e+00,8.588211051221890102e+00,3.056631140840655458e+00,5.042113669597002357e+00,4.273447254039209220e+00,-2.051159301744135632e+00,1.866404684740054165e+00,3.409010778272417053e+00,8.450070840443556497e-01,1.454042294249907163e+00,5.908186360032698481e+00,5.362811934233535638e+00,1.770386524056622113e+00,3.563022282599028201e-01,-2.066027622259831720e-01,6.255768978610338316e+00,1.830994248516339074e+00,4.701806804490376024e+00,7.644042914616679063e+00,8.658221715515794781e-01,-1.941656610931917770e+00,1.671190217191180105e+00,3.078298972808153275e-02,-8.971275973598590303e-01,3.005305714279473239e+00,-1.166730037418371557e+00,3.746286274069785094e+00,5.117251419132660573e+00,2.677503877389947995e+00,-1.442192354767593221e+00,5.508135696740386056e-01,-3.748697654266800239e+00,5.684403322338006603e+00,-2.740912533400426121e-02,-3.109202924240195842e-01,-2.237758331006460821e+00,1.610685230431342596e+00,1.308920726281825431e+00,-1.694830351493131770e+00,2.617134313800875578e+00,2.972300435776613625e+00,-7.038829880238906433e+00,-2.625025979513033736e+00,-6.169535817562055158e+00,-3.392027720382579936e+00,6.360982990802699355e+00,2.550887645410414351e+00,1.377296672536554523e+00,3.922076468129978455e+00,-1.386440235012665889e+00,5.449329241179658112e+00,6.778033791673902186e+00,1.202620560238842673e+00,1.002457532594187306e+01,-3.131140386172458490e-01,-2.278988158837855327e+00,4.650761761544632833e+00,1.319780897115585550e+00,4.997553772468013022e+00,1.914891998094010672e+00,3.549780709820786750e+00,-3.633543225625354367e+00,3.026108878464965013e+00,9.121516188784919432e-01,5.624983269570649647e+00
-8.459531073311155058e-01,0.000000000000000000e+00,-2.700849865820977858e+00,3.060258704817619524e+00,3.633195288377645271e-01,-4.223270006030937829e+00,1.466255448141841944e+00,4.189329843714407198e-01,2.355206185096395954e-01,-4.647210081053962050e+00,-4.303295741182182610e+00,-5.500427057858650048e-01,-2.714974121630327364e+00,-5.870140546128859604e+00,-4.263416887959575519e+00,-2.650727855367370989e+00,-7.833036153181465178e-01,6.893282063751517974e-01,-3.754766903930099264e+00,-3.765788379575315314e+00,-1.626397401257034359e+00,-2.231363349499429827e+00,-9.041392735006857917e-01,-3.013820473313962189e+00,-2.682648218017440023e+00,-4.943697483571305895e+00,1.831809691556373521e+00,1.747754531093604013e+00,1.809264323992419765e+00,-3.924720259026788671e+00,-3.192878233825509060e+00,-9.417231065700411463e+00,-6.881863692669416999e+00,3.011230818454856628e+00,1.463629924997600140e+00,-5.238518472734767784e+00,8.019156419373148381e+00,-2.988605185895403249e+00,-1.405108236472021543e+00,-2.633658891311170702e+00,-3.223810038570490644e+00,-3.521958568921237820e+00,-4.290687721929931087e+00,-1.622994838376019988e+00,-7.336405767257221378e+00,-1.481505676719409859e-01,-2.059467545079350703e+00,5.109038750436061260e-01,2.436766792582994334e+00,4.571394463081150050e+00,-4.174265310664788231e+00,-3.316773941430047667e+00,4.153075445015280032e+00,4.340209974334396037e+00,2.345203476662570008e+00,-9.079227212672003944e+00,-4.960673554684785103e+00,6.971932570156721964e-02,5.037958674327350783e-01,4.169178890910379742e+00,-1.109410397505794510e-01,-3.558024055381446171e+00,3.122647311614319410e+00,5.459690172967863298e+00,-1.110860828758872110e+01,-4.261882397704012782e+00,4.623492765960970807e+00,2.110072107874846198e-02,-2.235476886749621972e+00,-5.687153215904835690e+00,-5.107438933869334008e+00,-3.551882596778273893e+00,-6.053220840083133325e+00,5.026720675209881861e+00,-4.152413117261610331e+00,2.703220543143908472e+00,-8.216679650033898996e-01,-8.952711911482441609e-02,-3.219467364535798737e+00,-3.565340499413134356e+00,-5.591795222252462505e-01,6.235932411522701058e-01,5.463139826336594895e-01,-2.745412334593214432e+00,6.246363070154415942e-01,2.773511032066743542e+00,-3.771882643346271102e+00,-4.124456495107381215e+00,3.369557864151164761e+00,4.367526378151004529e+00,3.209103369557686936e+00,6.400130919260100804e+00,7.448545583070934839e+00,-8.961299663080258826e-01,2.437799735091747522e+00,4.128317274514393453e+00,-5.236552009016967268e+00,-3.942671020117430647e+00,-8.418484965936132269e+00,4.935440499276964488e+00
-1.209800458824855873e+00,-2.700849865820977858e+00,0.000000000000000000e+00,8.195512842233744877e+00,1.596731363074790355e+00,8.265854836506818515e-01,-7.238715691643650141e-01,2.842169628636627365e+00,-7.142968537672432783e-01,-1.570472081648548901e+00,-4.617885760827325492e-01,3.594860568161255543e+00,-1.089936096662025955e+00,-5.580775469953982437e+00,-3.775043023179123658e+00,2.267826959509505524e+00,1.083873652084286432e+00,2.103775756092792548e+00,2.885498553538052846e-01,-4.533499655135236672e+00,-1.580997926202783121e+00,4.174643686046351831e+00,-2.070260246039238972e+00,-2.037775887893380489e+00,-4.652248663031326448e-01,-6.182346450059954535e+00,-7.025597483114196518e-01,-1.871247047555959275e+00,-2.907862604536432638e+00,2.957763564866123129e+00,-1.792267694460951910e+00,-8.416159265929907818e+00,-1.663592146667859151e+00,1.608476697555906831e+00,-3.265592610234366866e+00,-1.280484264471217770e+00,4.806474158646994788e+00,-2.556770693710476383e+00,2.932192102445619231e+00,-2.414383515359566079e+00,4.777606444577864764e+00,9.826211868335699151e-01,-6.130250476498726897e+00,2.766265228559152245e+00,-2.354966870743829599e+00,-2.209534015334691404e+00,-2.193059220457875380e+00,-4.328688939439802041e+00,-5.903275195852627277e+00,-2.222547777961437543e+00,5.333867437040241688e-01,1.887915729335377435e+00,3.702237474206484968e+00,-3.523686341226294871e+00,5.175346326099349525e+00,-4.774960633841144997e+00,8.142829481181376394e+00,2.926809890197580533e+00,5.874274451952730125e+00,5.150464421495692058e+00,2.386655283801887961e+00,3.524793418399638778e+00,4.938049876433332486e-01,7.443520516064394688e-01,-5.504703287592864314e+00,4.576158944968312881e+00,-3.631418171528737471e+00,7.519895164584142755e+00,2.709768930974795431e+00,8.026700468283394230e-01,-4.845132290107621920e+00,3.885638709135635693e+00,6.235640140192708625e-01,7.633581692588731649e+00,5.480720096685752774e-01,-4.436594786003735358e+00,9.757829309424828068e+00,8.904349860074055600e-01,-7.431703901502856979e+00,-5.734062051710915320e+00,4.509449665179915634e+00,5.209626710100592639e+00,3.899302962341269829e+00,-1.755433118042402318e+00,2.313169120938680212e+00,3.370248722174265854e+00,1.665969120444602769e+00,9.195905124472135705e-01,2.232160085733040145e+00,7.646030214601116981e+00,3.966175112721396445e+00,3.048295056039415307e+00,-4.072073961872504366e-01,-1.158317875656404361e+01,1.703861068958053115e+00,6.929293601993117280e-01,-4.850628852900122467e+00,3.106675838063234885e+00,-3.963428418580288604e+00,5.125096568596771540e+00
3.421671721775734198e+00,3.060258704817619524e+00,8.195512842233744877e+00,0.000000000000000000e+00,-2.693697021994766239e+00,-6.550057240050299434e+00,-2.063657882665415499e+00,3.465125453562328151e+00,9.425179040188393920e-01,-8.268011545975697985e+00,-1.085998352413053247e+01,-5.585143751798893774e+00,-4.490763856570142210e+00,8.215394993814824076e-01,-6.255303941539707147e+00,8.978900409496158863e-01,2.345366945531441871e+00,-4.615816800091576688e-01,-4.754965677408484193e-01,-1.639308520712302597e+00,-7.684263806477200198e+00,-5.773359296987405465e+00,-4.526798923863255553e+00,-4.171338014774415903e+00,-1.062222479433118671e+01,-9.475788788217442971e+00,-3.666854750754211967e+00,-3.894180538242317802e+00,-1.072859278828844909e+00,1.021147504648142412e+00,-1.349739381474588917e+01,-2.242202415152342088e+00,-2.178312587312500881e+00,-1.861222222236206814e-01,-1.335754724496076129e+00,-1.418209129211758235e+00,7.429659224973687692e+00,-6.555582325614526251e-01,-4.246467066654972200e+00,2.311638104454338816e+00,-7.979917186172465371e+00,1.646138626800457194e+00,-6.256010884459355381e+00,-5.107160352681876514e-01,-7.070153330106940359e+00,5.613675994098825672e-01,-8.183169940419478650e+00,1.379327368113890451e+00,4.291326633170633009e+00,2.212336662071922699e+00,-8.652490024357079035e-02,-1.489004908355963552e+00,-6.588418069020220535e+00,5.609493497991724809e+00,-2.679043074194372931e+00,-2.953364260031277055e+00,-4.352785113398752515e+00,-7.884419262578600041e+00,-2.136873554552817023e+00,-5.255830285656739598e+00,-3.777555324103434753e+00,9.422177086566082549e-01,1.415724654583041087e+00,-9.346050274664123858e-01,-8.438863434322438906e+00,-2.830337721918986471e+00,-2.702824153780977401e+00,2.510722333765614156e+00,1.277204841898835541e+00,-4.495337339747203842e+00,-3.521974627268090963e+00,-9.704923140593509245e+00,-4.016950166624582153e+00,1.729388328103013128e+00,-6.472016627091536023e+00,-7.029893305630703360e-01,-7.448270400631505694e+00,-7.012334450725961066e-01,-6.844168015313682574e+00,-7.586202644385450888e+00,-7.477471134646326845e-02,-6.872710677563189208e+00,-6.126818217760919616e+00,-7.091964349602154272e+00,-9.650669070156158158e-01,-5.558226385524606350e+00,1.621064231051865034e+00,-8.065294994434890619e-01,-5.454281874708359901e-01,3.548945631462275596e+00,1.445045331926794629e+00,-7.362602500186938848e-01,4.896256974721416633e+00,2.587819197111384195e+00,-2.189202895579649866e+00,2.605782086245288287e+00,-7.005235103920338879e+00,-6.673820609361226452e+00,-1.312238682745620499e+00,3.088736663208015987e+00
7.563732817689625243e+00,3.633195288377645271e-01,1.596731363074790355e+00,-2.693697021994766239e+00,0.000000000000000000e+00,-7.345944103346875309e+00,2.062189298242713686e+00,-2.299301945994283169e+00,2.533848149470891986e+00,-4.304456474368390850e+00,2.148587291420939849e+00,7.311068539451968107e-01,-1.563297068266489953e+00,-4.167875749406163344e+00,-6.612730162138886314e+00,-2.049438005287370412e+00,-2.223076388845654172e+00,6.108578235850419258e-01,-3.290451462521559733e+00,-5.570065466375266006e+00,6.846368256666881535e-01,-3.381801971717006250e+00,-2.828556936888583007e+00,-1.471546088897803584e+00,1.789900060768989665e+00,-3.658830284167432279e+00,4.883501882961187590e+00,-5.777674573571220940e-01,2.253208545497021653e+00,-2.183672220203018988e+00,-4.623364380263357276e+00,-8.651072913122851205e+00,-7.321182233586858157e-01,4.171506049527776483e+00,-6.040486461829469578e-02,-1.559303156912599020e+00,1.571624251854226051e+00,-3.570266925024042859e+00,-3.004256817515255307e+00,-3.662366006122912854e+00,1.791307348750025064e+00,-2.560531131968735163e+00,-2.493426033114210849e+00,-2.846328480387460003e-01,1.353656005216747671e+00,-2.034070078457155706e+00,-1.345159991897451723e+00,1.693440638345526272e+00,5.288855476316629556e+00,2.082313964090825920e+00,-8.855096879760079531e+00,5.655976121345688279e-01,3.167158726691023940e+00,4.384062662928549514e-01,-6.906683507360782404e-01,-1.234369690416206922e+00,1.467422187998707050e+00,-3.913421134653192190e+00,-2.756112037018096039e+00,1.534867001599360625e+00,-7.730735401850972188e-01,8.635678670455110284e-01,-4.033754833902269077e+00,-1.837789294342261348e+00,-4.947090217116864252e+00,-6.200549606831311955e+00,2.222932815734967038e-01,-2.322086314239462101e+00,-4.801549644597475464e+00,-6.092981682914653696e+00,1.727184228742824512e+00,-7.583757432653880137e+00,-7.032255949137787177e+00,3.586131623750026254e-01,2.388766216366645434e+00,-4.094024836551096946e+00,-7.830007136793636358e-01,3.456525028037054081e+00,4.045009072058639354e+00,-7.068591217439124108e+00,-3.165014429488476999e+00,7.538323000347378899e-01,-9.105267304988344801e-01,-6.307482597464322716e+00,4.419607454626707899e+00,-3.686054375013060103e+00,5.172005234035236265e-01,-2.619081643894246803e+00,1.267781252044446028e+00,-2.652611378530014719e+00,-2.576435203331610246e+00,-3.803324256147230797e-01,-4.151070343272307839e-01,-5.137468968708134298e+00,-4.829133383983950978e+00,2.102565436119809839e+00,-1.114632318461217464e+00,-3.571571213445434712e+00,-2.083968014419985249e+00,-1.096038234981658421e+00
3.217804483596077958e+00,-4.223270006030937829e+00,8.265854836506818515e-01,-6.550057240050299434e+00,-7.345944103346875309e+00,0.000000000000000000e+00,-1.626283660747206428e+00,-1.829809792429260451e+00,-1.646167566240327007e+00,-2.133345468742985584e+00,-3.150270252255573666e+00,1.325773655546848229e+00,3.391695995654912643e+00,-5.708686650795494089e+00,-4.837088834088798528e+00,1.311165059933039778e+00,9.191313838845691087e-02,3.131411666864806431e+00,-3.522725464326580180e+00,-3.842199929894032362e+00,-2.679910010383298236e+00,2.915397597967046117e+00,3.724771229271733652e+00,-1.027954618282908017e+00,4.912912695597479451e-01,-5.821836969710459719e+00,-3.891889456829293881e+00,-1.995923477931683232e+00,-9.631557235224747160e+00,8.921318974061529516e+00,2.545796260390361443e+00,-6.352301521032409859e+00,4.091125104478734453e-01,6.937925914856974074e+00,-1.976376052291791474e+00,3.540911252852827484e+00,-1.090399154899930778e+00,8.207492690790575418e-01,1.860301856453444813e+00,5.155465644660228719e-01,6.794937542171890499e-01,-2.344152988581241104e+00,-7.517032073431705541e+00,7.207446729829659837e+00,-2.283145421080657655e+00,-7.684747380115555693e+00,4.276197161092020416e+00,1.425257370142573254e+00,-1.679101556910252979e+00,-3.858630708311744151e+00,5.294466967998746609e-01,-8.868128829443218397e-02,-3.647652736188817801e+00,-3.380338300025202081e+00,1.979746244422216028e+00,-7.264511182727773075e-01,4.979343578253243585e+00,6.458205566526464381e+00,5.416441905195241269e+00,7.245005941524328419e-01,1.231275016683236911e+00,-1.501504140046585833e+00,-2.291341831435896204e+00,-3.878246267529064650e-01,-1.539213430468298949e+00,-1.888791318657468521e+00,-6.889037863307562182e-01,5.090361366451880976e-01,1.637040166578089373e+00,4.345029170902117599e+00,1.897131075574580716e-01,1.765711286131978586e+00,4.274181936284477956e+00,7.807802929495551325e+00,1.582711247274603883e+00,-3.112814647242378996e+00,9.840239119512679267e+00,-2.161771223390906993e+00,-1.510414198396977215e+00,8.229776032403693931e-01,-4.022981881548106209e+00,2.828445072758709600e+00,6.938104044264385983e+00,-3.326523042394058383e+00,-1.751958528830804274e-01,5.722522611590828312e+00,-2.169440032855828093e+00,-3.772696431011996587e+00,-4.237401562526956211e-01,3.885148487174818754e+00,-1.055548406838047182e+00,1.579280355419603321e+00,-2.642501678003207566e+00,-1.104882852503556911e+01,1.489226099450167151e+00,-7.215644329673557289e-01,-4.890806480505644593e+00,2.175084324770474087e+00,-6.794728895986096306e-01,-2.384131723090390675e+00
-1.533132677600474558e+00,1.466255448141841944e+00,-7.238715691643650141e-01,-2.063657882665415499e+00,2.062189298242713686e+00,-1.626283660747206428e+00,0.000000000000000000e+00,2.138032463249629700e+00,4.558110609108702582e-01,-6.620848881263244223e+00,8.010536869632229884e-01,-3.466552601864178573e+00,6.437534883815090314e-01,2.437186241318542557e+00,-5.653267073498004613e+00,2.025384990204255331e-01,-3.202996007687824331e+00,2.638813995236229282e+00,2.893115631006778266e+00,-2.742573036940278430e-01,-2.533238666356581792e+00,3.348031916547476783e+00,-6.717544890935123192e+00,-7.646348600008390228e+00,8.553887356385235785e-01,-1.948656195306173178e+00,2.528715576337817961e+00,6.812332918612459265e-01,1.837311197188604028e+00,-2.257995629063326515e+00,2.042421576069984590e-01,6.965488167996590541e+00,-2.694508189655543617e+00,8.848286774959548961e-02,8.145797716460991822e+00,2.796023840425884699e-01,5.837953268714120902e+00,-5.187976554561648079e+00,-1.783348902201002117e-01,5.243607334013055121e-01,-8.303494621133511444e-01,7.082009881810133578e+00,3.569443567461434430e+00,-2.795096667503423060e-02,2.854661604988115164e-01,9.633110416174957280e-02,1.510019014690446859e+00,2.741251903369189780e+00,4.121316627410000599e+00,2.353670472428333049e+00,2.907045806382563047e+00,8.990287504726857115e-01,3.344409250179184667e+00,2.168463414558760682e+00,8.979172465542355486e-01,-5.077436756520739003e-01,-1.049336863599740877e+00,-3.197942347181903067e+00,-3.630597901583024534e+00,-1.131359053255764469e+00,-6.254737705190039243e+00,1.859487136327684587e+00,4.766388130158919489e-01,-2.706957060356078859e+00,6.986166367393477072e-01,3.959509757110475814e+00,-6.287957863184539420e+00,-5.070583954627059242e-01,-6.741198730962107977e-01,-4.690228505291280658e-01,-4.399335825946526501e-02,3.104981118136396212e-01,-4.890340223879542925e-01,-3.099967726945136892e+00,-1.842257816751633470e+00,-5.112937749995948522e+00,8.893817241471786428e-01,6.671918235413786924e+00,3.438699618725426177e+00,-4.109343473619786025e+00,1.608352479298721383e+00,-9.389657159216772131e-01,-9.255980737021005211e+00,2.623297251180135792e+00,-4.525654967719045629e+00,3.446146559095784490e+00,4.010489115196691046e+00,6.478593137956805137e+00,4.410616505419417521e+00,-5.230450221252490373e+00,-5.981640368533772900e+00,-3.067402064832314590e+00,-1.646326161507745356e+00,-4.342483053026634288e+00,-4.598843125964405587e+00,-4.813822092064436176e-02,8.346807275656442648e-01,-5.059876073812105135e-01,-2.792729728141177814e-01,2.016456993052660795e+00
5.818885356961597033e+00,4.189329843714407198e-01,2.842169628636627365e+00,3.465125453562328151e+00,-2.299301945994283169e+00,-1.829809792429260451e+00,2.138032463249629700e+00,0.000000000000000000e+00,5.192808248631126666e-01,-5.755406727974257564e+00,-7.924018217527298624e+00,-1.072200960369816869e+01,-3.014851633516870688e-01,-3.167850721734059682e+00,-3.436094555763725911e+00,-6.775841377218086437e-02,-2.654468969005490564e+00,-1.426831414064740233e+00,1.635953268090991619e+00,-1.841095581183638252e+00,-6.283804901397314069e+00,-8.182314779544702432e+00,-3.814360704741297514e-01,-6.592068303721733358e+00,-4.378012715257502130e+00,-7.057279999930576864e-01,-1.720661106853261124e+00,3.000985763320302979e-01,9.202083060601880860e+00,-6.568589117780590847e+00,-6.584780707219564100e+00,-1.446593019695244342e+00,-7.671867441099777807e+00,-1.819091098462115585e+00,6.675958320199207208e+00,-1.352435083761563073e+00,1.941064893508664291e+00,1.368092381305746397e+00,-3.048910082548166312e-01,1.551244909834669006e+00,-1.396124590317580427e+01,-1.058033791105695842e+00,-4.389882034269565025e+00,-6.304699685739556525e-01,-3.011818459113058122e+00,-6.259375950671421940e+00,1.332240393262842382e-01,3.605247824285275016e+00,4.688502243873997166e+00,3.151545083007369907e+00,2.342301407889709752e-01,-3.269212265171500320e+00,-5.755805721869186264e+00,4.038262728319188533e+00,2.187968483568544453e+00,-4.710913416858288905e-01,-3.175119155284146455e+00,2.946432619775256168e+00,1.519311561325645821e+00,4.187673506710059002e+00,3.618665202601473729e-01,-4.721336718943770272e+00,-1.118364698382314337e+00,5.129069073221823594e+00,-2.121042674879011880e+00,-5.555468749543282847e+00,2.733573887867133401e+00,-2.892627428254221922e+00,-7.996323750567695399e+00,4.231649725583406241e-01,-2.744726136874642841e-01,-6.492387469870889660e+00,-9.881127438177875755e-01,2.645350399739681002e+00,-5.449380116510232241e+00,7.692482324236891156e-01,-1.884329514791928339e+00,-2.981720222786908181e+00,-1.658772830312073676e+00,-3.700900984095502722e+00,-8.893307930182444920e+00,-7.557712130041129406e+00,-2.340639742556498870e+00,4.223342235439714543e+00,-1.017866684798307775e+00,3.456095108812534455e+00,-6.023325399736611629e+00,-5.669614033599848391e+00,-1.805546447386670916e+00,-2.048208566180854007e+00,-7.976974139932689889e-01,4.741977902687520618e+00,5.587518798004741605e+00,6.239440234712462008e+00,-1.421799726119787333e-01,1.293964953288715858e+00,-2.184891650704393395e+00,-7.281762301125037418e+00,-3.991065785672280430e+00,-2.764376738421082891e+00
3.216549063639320138e+00,2.355206185096395954e-01,-7.142968537672432783e-01,9.425179040188393920e-01,2.533848149470891986e+00,-1.646167566240327007e+00,4.558110609108702582e-01,5.192808248631126666e-01,0.000000000000000000e+00,-3.626511410507787136e+00,2.116263090623959897e+00,-5.760591806099916390e+00,-1.713794482254962892e+00,-5.080482367161897272e+00,-4.686013722239915857e+00,2.241415801660026297e+00,-8.591141657346526017e+00,-1.641310367504844048e-01,4.239834465027591537e-01,-4.662288366210098900e+00,-6.440214498237678553e-01,-3.303945123766626746e-01,-5.272058171852123998e+00,-3.711414552384715737e+00,4.466131592346702206e+00,-4.237608502811482047e+00,4.169608487145669784e+00,-1.930895231659292888e+00,2.025578035743560434e+00,-5.083556266938066948e+00,-5.110862382068476428e+00,-1.026857310200942397e+00,-2.955194862614931584e+00,-4.368808375851492287e-01,-1.371594653350419746e+00,-8.537795963425167667e-01,1.649545831931214179e+00,1.836564985561006225e+00,4.339807433217971466e-01,5.021428214251375532e-01,8.537865774129604901e-01,3.601621188769967286e-01,-7.144842746787452903e+00,7.882610983179707542e-01,4.818235946368369049e+00,-2.891137157874271502e+00,3.749433949666322263e+00,3.739156825603775047e+00,-1.804288869069522683e+00,-7.470428781780139582e-01,-1.746718010032499491e+00,5.106437108285879489e+00,5.768399129306930107e+00,-6.682836288273729108e-01,1.068985860936974674e+00,2.035782151473769286e+00,4.446474660381554145e+00,-1.791177506132110908e+00,2.563452310885412810e+00,3.344249073611255785e+00,-1.541772395578103305e+00,-2.219430483222383899e+00,1.000750983445180209e+00,6.310574596651022938e-01,9.485700553747597463e-02,-2.673702380925067956e+00,-2.159601269378474964e+00,5.144813939924466339e+00,-6.990786799739989732e+00,2.208959262609731411e+00,4.521904702266392739e+00,-5.296620101472852227e+00,-5.316167845891460741e-01,1.692402772672694011e+00,3.463952682754169565e+00,1.408376955212514992e-01,1.534659220462555984e+00,1.205867857923216935e+00,-3.581095826791029779e+00,-4.630515234861686258e-01,1.971733513207448940e+00,-2.938210404103505091e+00,-6.862490483965052457e-01,-2.278605945073936656e+00,7.981798295887303496e+00,-1.857738707652595300e+00,2.926629615109207272e+00,1.216174153442714401e+00,-1.019568285526460727e+00,-1.101849417109434626e+00,5.433790637689329017e+00,4.951032584945490811e+00,5.824470176289285206e+00,-6.960961903975736220e+00,-8.443598326880392690e-01,-5.996348488495555351e-01,-2.673915258836841335e+00,-2.156734437976783436e+00,-3.751882272507020666e+00,-6.350050722713863616e-01
-6.174511701917688278e+00,-4.647210081053962050e+00,-1.570472081648548901e+00,-8.268011545975697985e+00,-4.304456474368390850e+00,-2.133345468742985584e+00,-6.620848881263244223e+00,-5.755406727974257564e+00,-3.626511410507787136e+00,0.000000000000000000e+00,-1.221933908269650981e+00,5.293109860989107851e+00,-9.871385049771792097e+00,-5.144436030775538349e+00,5.444286133565271690e+00,5.705592532567739461e+00,4.279758512400363202e+00,6.997269372487432193e+00,-3.037068210751103781e-02,1.761200850960313646e+00,3.321350414448116961e+00,2.722115106685973007e+00,8.687677786365561872e+00,4.007498113659376138e+00,1.393820749139176973e+00,1.105730835345601071e-01,6.319893210494979208e+00,6.380645815950916067e+00,2.154955449181258142e+00,1.054909353082508261e+01,6.762552096078974229e-01,3.770428970144255931e+00,2.872977990836341755e-01,9.763512351172717985e+00,1.165717509474475300e+01,2.489567883160670014e+00,7.275709267549526071e-01,3.537232874080524336e+00,6.627709283327289036e+00,6.536110088998529299e+00,5.198135238594169927e+00,-6.108338753850006686e-01,-1.704617640174551418e+00,5.982999764733968995e+00,1.698373973811268645e+00,6.103542746405898889e-03,3.209207591948799454e+00,2.883324159879521176e+00,2.482864349566201057e+00,5.180220345543040672e+00,4.107109941411882126e+00,7.373910369257484554e+00,7.471565056291112228e+00,9.376810001175251985e-01,8.316350184833430914e-01,-1.062196165977393303e+00,5.386725260936225723e+00,6.225186710341115592e+00,-3.561522189151050011e+00,7.251589470661359726e+00,5.611778869683440973e+00,5.539604704389970991e-01,-2.680223705508764653e-01,3.388459720494072513e+00,2.481736982171101502e+00,-1.882940610169415496e+00,3.418818718284802660e+00,4.605880015098905211e+00,5.961174620666526813e+00,8.269338837237475204e+00,7.822814054762761593e+00,7.061955729912458679e+00,-5.121648859439250856e+00,3.418090533166947331e+00,2.298580634051049287e+00,1.970245820697727357e+00,3.847447540210611638e+00,2.734291147283302248e+00,9.987610549350665057e-01,4.897069568301727349e-01,9.666394660392766625e+00,6.083505147929682444e+00,4.263294447724508274e+00,4.583024723935145595e+00,1.477237824499735508e+00,6.192521733197634326e+00,-4.789233475975533061e+00,1.618061910224473376e-01,1.708835897124079128e-01,5.891953905735324071e+00,2.111144389460108961e+00,-3.400124750944009566e+00,-1.459268056505120148e+00,4.881650523770749928e+00,4.664097215441477040e+00,2.194833681835270500e+00,-1.991487688612509244e+00,8.621769942796220221e+00,6.179552248188211472e+00,6.146860153307024177e+00
2.253745182243675149e+00,-4.303295741182182610e+00,-4.617885760827325492e-01,-1.085998352413053247e+01,2.148587291420939849e+00,-3.150270252255573666e+00,8.010536869632229884e-01,-7.924018217527298624e+00,2.116263090623959897e+00,-1.221933908269650981e+00,0.000000000000000000e+00,1.341374038931955615e-01,-1.389689942540819168e+01,2.083114102976106885e+00,3.754116151031278825e+00,1.169548912220895076e+01,2.122462282782049403e-01,8.705119122226905315e-01,5.432878308978845716e+00,1.461604944812505469e+00,5.714027910928267673e-01,5.536762126033351272e+00,3.375632242401271021e+00,-6.648480455064754935e+00,-2.687958013293247017e+00,4.057212341723812621e+00,3.437199468780352873e+00,-5.540631189552508440e-01,-2.499381313107354341e+00,4.649932597021492420e+00,-1.854298983952271218e+00,-5.699038499980877415e-01,5.391946827978030932e+00,8.420309481516990990e-01,5.377703425810186566e+00,-2.168721601893032869e+00,-4.614330085476454180e+00,7.117394430860999321e+00,5.371480905405977779e+00,3.193902510259613248e+00,5.580354574251525257e+00,-2.559867672152663420e+00,1.311294319889087845e+00,2.404887694216088168e+00,-2.303938568919608465e-01,-1.461728421792536592e+00,-7.172420158962012238e+00,-5.124736526211821908e-02,-1.218440156727792045e+00,-3.656145415353329042e+00,7.242340139642750030e-01,-2.306655001296153695e-01,-6.200709099682856218e-01,5.378148251983493333e-01,-8.494774452920352825e-01,2.439960412127974543e+00,3.922038832779882966e+00,-9.174684744217974641e-01,-3.568613227412172351e-01,1.061815642397372805e+01,6.620489592886748653e+00,3.652224415681180059e+00,-1.661338352128999940e+00,7.553988847857761035e-01,-1.660680824524443322e+00,2.072943679230635272e+00,-1.502530452165414365e+00,-1.458571254269620976e+00,4.074470829238344471e+00,5.798876173175273596e-01,-3.113644694641115596e-02,-1.421070139281229716e-01,-6.320334551886983121e+00,-3.120999501251677355e+00,1.655437019136056120e+00,-4.157613638046924187e+00,9.741932805104205784e+00,-1.351197620461571436e+00,-9.767011112480398216e-01,-6.461583662216101587e+00,-9.862865209376989739e-01,-2.371997023841688979e+00,9.548650692698467779e+00,-3.640067393247289562e+00,5.671528811747498899e+00,2.177010087359974033e+00,-5.504681417854657255e+00,1.557515149314699254e+00,-5.693662545001265674e-01,2.298618563702537809e+00,1.724678507857512200e+00,-1.954249753174319260e+00,-2.060605526893165340e+00,3.157973596215351453e+00,-1.159806083078256167e+00,1.566109607534049264e+00,5.857991880634013659e-01,2.756128718603563676e+00,3.726746047791384520e+00,-4.303511023904795785e+00
2.857468951633284071e+00,-5.500427057858650048e-01,3.594860568161255543e+00,-5.585143751798893774e+00,7.311068539451968107e-01,1.325773655546848229e+00,-3.466552601864178573e+00,-1.072200960369816869e+01,-5.760591806099916390e+00,5.293109860989107851e+00,1.341374038931955615e-01,0.000000000000000000e+00,-8.176455283731041135e+00,3.379908205220921502e+00,6.932031544183159255e+00,3.378730416172175954e-01,3.301755490625089440e+00,7.738188442224713803e+00,5.287301980935586343e+00,3.391374079326782809e+00,2.824799345337399625e+00,2.856068901384019476e+00,2.787898273664733750e+00,-7.243747416032753073e+00,-3.861141916269387853e+00,-3.252648842053257550e+00,2.227542703792106504e+00,3.222318129017716526e+00,3.357152995981357080e+00,2.120925947358195618e+00,-2.802578190940663738e+00,7.449985921063479566e+00,-6.081424784362486624e-02,2.673724662122059392e+00,6.524564068469171474e+00,5.538532226892872501e+00,-3.072822435719213985e+00,6.886763912648637742e+00,1.734252308886055527e+00,1.082900425224350816e+00,2.755072391151253797e+00,2.207182498492609390e+00,-1.793415369045516239e-01,3.112129916957344644e+00,9.213992582152003008e-01,-9.154741583290809670e-01,-2.990581721355248135e+00,-1.994719491275722123e-01,5.888217001060650269e+00,3.909096160686062582e+00,2.200887457285969795e+00,4.362157248414475497e+00,1.022013413808784854e+00,1.104949397453716786e+00,2.867200408341223472e+00,3.987530857521151884e+00,2.209609082073892949e+00,6.471585292553220237e-01,-5.031283690702771372e-01,5.990220598942661567e+00,4.766013176700473197e-01,7.009570537244601773e+00,-2.579092764841263818e+00,-9.622952586449853296e-01,-3.333947233750696792e+00,6.108189874557436561e+00,-3.529604446334956513e+00,4.788295014543328953e+00,3.442770069678319445e+00,-1.482043155628598452e+00,2.830973300839874085e+00,-4.735326369404198488e+00,-7.814506039428716022e+00,-3.137556812933127937e+00,4.178633073357920225e-01,3.476608788538889105e-01,3.945374718545281656e+00,-3.056907889162064240e+00,1.923596546357827508e+00,-7.523920016299768143e+00,1.521258424357150751e+00,-3.763220554864956213e+00,3.645283869576742219e+00,-3.923250438579456656e+00,6.513729090709470704e+00,2.483273386798352522e-01,-3.588825075884634508e+00,4.417023930226460671e+00,-7.744321546500465558e+00,-3.606398595718748101e+00,-1.920059008953240720e-01,-4.325874813990760792e+00,-4.088163441392539177e+00,-2.899808794139141721e+00,2.653901237330587470e+00,1.196552742429297211e+00,5.930153013301104892e+00,3.077965100390570807e+00,1.741908861312238876e+00,6.183180800589249682e-01
-1.582775888393172625e+00,-2.714974121630327364e+00,-1.089936096662025955e+00,-4.490763856570142210e+00,-1.563297068266489953e+00,3.391695995654912643e+00,6.437534883815090314e-01,-3.014851633516870688e-01,-1.713794482254962892e+00,-9.871385049771792097e+00,-1.389689942540819168e+01,-8.176455283731041135e+00,0.000000000000000000e+00,1.293443815284312182e+00,4.316272715355267131e+00,6.069990243738954128e+00,-3.997240201565840145e+00,-3.381934033874557599e+00,8.343125737399388342e-01,8.523531652946479298e+00,4.079163873251239636e+00,1.616351799453444205e+00,2.052052838837657323e+00,1.501416514204862926e-02,5.862380677966036124e+00,-5.284299462197747488e+00,1.019931041948657935e+01,1.010455286530967500e+00,-4.768366232485933942e+00,-4.698384646098844541e+00,2.420789297352035074e+00,-1.153473019092851271e+00,1.382620884459472599e+01,5.400054945617741353e+00,1.082249050673724788e+01,-7.990277265610643553e-01,-1.931561098552101674e+00,1.722122202642168975e+00,-9.175706992976656595e-01,2.802629137236422263e+00,8.037929137211406783e+00,1.291060160430317627e-01,3.835243318741540897e+00,4.836185931392112280e+00,6.220744609897092658e+00,6.056215804746987175e-01,2.131254882184954624e+00,8.498045103777500664e-01,-5.442097043005947654e+00,-9.572044153774929010e-01,2.793837565851148841e-01,2.237876820889641433e-02,7.882671013853516762e+00,-3.412047028697990481e+00,-1.388248157249408976e+00,-4.104210923797187327e+00,5.944548797661939332e+00,5.627695683396691351e+00,-6.145441440917458031e+00,-1.275218362497273716e+00,-2.343734861966968175e-01,3.191441606918598239e+00,6.950856794081265555e+00,8.241044243953741244e-01,-5.231223568860433604e-01,-3.919073474925319100e+00,4.842585406851200425e+00,6.368318177415218884e+00,5.526147886715667923e+00,7.161819699182294663e+00,-1.457763443067663367e+00,6.560380114531186635e+00,3.478951282299011627e+00,7.958262596209358719e+00,5.510126268404015093e+00,-3.790277937725919921e-01,3.053053796640067041e+00,1.174005972038077772e+01,-1.105020551538255624e+00,2.020236145681372442e+00,5.310175631855238443e+00,4.814791839457834399e+00,8.958141086935972552e+00,9.400837874265675964e+00,-1.406946446638199344e+00,4.677296051152749712e+00,1.281456777236402056e+00,3.657761542980111358e+00,2.566923680058982971e+00,9.928581664996693590e+00,4.270974906826789930e-01,8.379732331233021858e-01,5.432706046653029697e-01,4.239692753395904568e+00,8.981827814167077761e+00,3.267511143595479783e+00,4.412427055950033150e+00,4.192829991980520532e+00,-2.135912404532221753e+00,-3.947596409739374756e+00
9.271832032923842393e-01,-5.870140546128859604e+00,-5.580775469953982437e+00,8.215394993814824076e-01,-4.167875749406163344e+00,-5.708686650795494089e+00,2.437186241318542557e+00,-3.167850721734059682e+00,-5.080482367161897272e+00,-5.144436030775538349e+00,2.083114102976106885e+00,3.379908205220921502e+00,1.293443815284312182e+00,0.000000000000000000e+00,1.437676366220816515e+00,-3.610023365841599663e+00,-4.986539571953642613e-01,3.628349110240286279e+00,1.079175805474865024e+00,4.300679881991921860e+00,-3.040966251959631883e+00,1.330365546650891240e+00,2.933631873820537805e+00,2.429265018854850133e+00,4.595877991413070962e-01,-4.879096850434247123e+00,3.668716361971123163e+00,-3.955947644081038828e+00,1.185052642220081331e+00,5.385134152388650008e+00,-1.163634915848156259e+00,-3.743021441450239184e+00,3.275345626677566901e+00,1.083904480143804783e+01,3.087020937889958461e+00,4.290982172362019398e+00,-2.244515282024733160e+00,-1.798007878188060404e+00,-2.881751183352164070e+00,-7.964207789070419707e+00,6.952637365410484271e+00,7.908728536802848985e-02,-4.259480711724815905e+00,1.570110722964663585e+00,-3.526727602631566594e+00,4.179612054244449815e-01,-4.918749005689854847e+00,-2.072775876141538021e+00,1.335633386633465314e+00,-4.169160343622717591e+00,-2.527000514598490621e+00,3.760545281974712051e+00,3.683461542604491434e-01,1.474448334690346085e+00,2.617686744488920247e+00,8.110685792066721689e+00,-7.314383593565506603e-01,2.474773255987813947e+00,5.063570074811514665e+00,5.497881924115691987e+00,5.444955095485449093e+00,5.881762723645407753e+00,6.703082234217241364e+00,-1.288013360338435387e+00,-4.309413686401939891e+00,-1.316272999186344439e+00,7.728400081662312182e+00,4.317713915558030191e-02,3.244265887532981729e+00,1.667276863322436631e-01,-6.768172262278667750e-01,-8.030834453264056316e-01,-2.170800502611099775e-02,2.957054011367327817e+00,6.552856880562258013e+00,-4.970128720481800322e+00,4.035715706076516973e-01,-4.474159925461231729e-02,6.055391413839505077e+00,2.539559249370795246e+00,-2.257346716581452473e+00,5.866873496775338870e-01,1.358779553801693907e-01,-6.259821563641079223e-01,1.799802684837285671e+00,-2.387144518353142342e+00,2.209504593921896021e+00,-3.368227366704766634e+00,6.284377034646382754e+00,4.289128537211770009e+00,1.753456380195678621e+00,1.955982147439955465e+00,6.553245633259039415e+00,-8.444430710827997011e-01,2.563241227819072598e+00,-2.605624891173981883e+00,-1.343724303090166439e+00,5.187564876373681244e+00,6.227728554520650661e+00,-1.819911304888552683e+00
-1.988503024031565425e-02,-4.263416887959575519e+00,-3.775043023179123658e+00,-6.255303941539707147e+00,-6.612730162138886314e+00,-4.837088834088798528e+00,-5.653267073498004613e+00,-3.436094555763725911e+00,-4.686013722239915857e+00,5.444286133565271690e+00,3.754116151031278825e+00,6.932031544183159255e+00,4.316272715355267131e+00,1.437676366220816515e+00,0.000000000000000000e+00,-1.114485834943335973e+00,-4.134970883506155381e+00,5.528462866266683484e+00,-5.885799555459656496e+00,-6.314285482529845339e+00,-8.168325141843661541e+00,-4.820139395650937963e+00,-1.678815476492936609e+00,-8.028842875472122387e+00,9.614860318132039119e-01,8.990691943584839807e-01,8.857023719260757488e+00,1.688854306096539304e+00,1.626172996125037740e+00,6.959659330567329327e+00,-1.118550161199768800e+00,-1.811264042762617876e+00,3.772560796691476259e+00,1.251606086349318803e+00,1.658849812512128707e+01,-1.228470541445451231e-01,3.082247825158228594e+00,-2.008111373176845404e+00,-1.842655927194355003e+00,-1.276659461498317327e+00,1.733982288568854502e+00,2.490964092198463486e+00,6.033287743898555711e+00,6.867298044543170832e+00,-3.799336258639880448e+00,5.924637340304915512e+00,1.199299877827048944e+00,-2.868476546306029940e-02,6.949597545888197558e+00,6.967053279530191823e+00,5.411812684039786214e-01,2.908307896081025579e+00,-3.718773270244421614e+00,-4.978910827709519538e-01,-1.270728373022948166e+00,7.073695465280337658e+00,-4.117142363429180385e+00,2.158960533257063386e+00,8.549254802552460619e-01,7.802071214632536389e+00,2.737171304164435881e+00,5.745063018286733936e+00,1.895000269468513521e+00,6.498306374859195156e-01,-5.776723459777144853e+00,-1.389635763286131365e+00,4.183346758569751245e+00,4.492969707608083674e+00,-2.288165146168090303e+00,-6.304688436850069522e+00,-3.452209569627986419e+00,-2.237987824820772076e+00,-4.659946254913958974e+00,6.379302870129842651e-01,1.762728171175563796e+00,-7.830344984416657717e+00,-2.598493611901962819e+00,7.408650418005638949e-01,3.408832090515492297e+00,-1.685250352052840350e+00,3.118176871872388567e+00,-5.452815119727341120e+00,5.671453648983710849e+00,4.565684205590926581e+00,5.154982317819529314e+00,-5.083931689138415422e+00,-5.196524415185640677e+00,3.189737154548997200e-01,2.385374988901259208e+00,4.744483124909630867e+00,3.744870283650728382e+00,-1.217981103298030110e+00,4.277607303809193517e+00,2.756966925191112749e-01,6.309122752206514084e-01,5.529358674775305182e+00,-1.751466424768664210e+00,2.686457840975378097e+00,7.607663049659395327e+00,6.792260159496070315e+00
