0,1,2,3,4,5,6,7,8,9,10,11,12,13,14,15,16,17,18,19,20,21,22,23,24,25,26,27,28,29,30,31,32,33,34,35,36,37,38,39,40,41,42,43,44,45,46,47,48,49,50,51,52,53,54,55,56,57,58,59,60,61,62,63,64,65,66,67,68,69,70,71,72,73,74,75,76,77,78,79,80,81,82,83,84,85,86,87,88,89,90,91,92,93,94,95,96,97,98,99
0.0,-4.680294683692361,0.14723968677246646,-3.959713090729605,2.8782911728108687,-1.8023870143404328,1.5080171998133864,-4.012062715575843,1.597053637891446,-5.746482799833379,-0.38531860556004954,0.5175645947812052,-6.968483808160696,3.553349063997699,4.634971139956425,-7.705449545868227,-5.794727547648053,1.3943756241434355,2.5104764657679666,0.35637766428689627,-2.901243144529986,-0.07691832582922668,-5.223438931918245,-0.27336598046872984,-2.4751624606460982,5.174299424500617,-4.214012198799115,0.09910438811118877,-4.099313811729488,-1.891615201436428,-5.398343461274612,-1.4286052952739283,-1.9811504484590292,0.11373589012347948,2.319283137820241,3.9389823053856095,0.9919132783633213,2.0704874784372604,1.5985952094427627,3.392905321579589,-3.7408153566170808,0.5577389121276071,-3.8242703341023554,2.474541748127892,0.03830211572401429,0.2969428438334615,-0.2367763724183619,1.4923684634304288,4.983808038513369,4.9937728150150935,-1.703223940347601,0.5403864676794824,5.914100641655136,2.1813006415471725,3.8451788582515265,0.46372205556435375,2.2050387811230747,3.859884559118975,-1.3724931759531576,-4.431710821155948,-6.4463623420958935,2.226466918848277,-0.32549268867620806,0.4001739193567513,1.313667597204789,5.574283787796132,0.12666566080754654,-10.553784570027318,1.7260341180439749,2.8055068114621515,-6.29075884983807,4.2472875855076975,-1.663957400498681,-1.7838970371390164,-5.239465693976351,-2.083738191554036,-3.141174032528716,-4.577154391689016,7.527472799348105,-0.523741534702562,1.6376338754027475,2.0979528859302135,1.7731349511396348,3.00303966024056,0.513289084289711,0.7270570179499063,-1.336089816926129,-2.7222732703934933,-1.676529077453088,4.53379812302295,0.17674120657167905,9.938812534450115,6.718205853243765,-2.648085106963514,2.370715421405312,5.547118010128845,3.265880987821329,0.5242901789672612,4.863230663298332,7.4051037642375395
-4.680294683692361,0.0,-4.748160179006112,-5.724118896106775,-0.8380649449551497,-11.118637375865305,6.591591936208233,-4.985539256629751,-0.09729356452475417,-0.6349490954601745,3.026762151116912,-2.1827488895462537,-1.9541039154463091,-2.9004600579190214,-1.1990150029927507,-0.3328912655746363,4.04303357366712,-0.467888266920409,2.2113803982665043,-5.56078485152883,-7.655429809069224,0.9490431940750291,0.3404575528879102,-5.484136818340569,4.633939028683777,-7.21661456939973,0.5683962899611286,-8.145066928445349,-2.5969007252593723,-7.557600691029274,1.2077896176084737,-1.9058848276324,2.695853493740135,-5.308637944805932,2.7063829760799885,-2.857605147908113,-5.203207699477939,0.7257438471308952,2.602629914545196,2.648816899743346,-6.410664963852927,-4.655840742076532,7.873522757279818,-0.9022431700955699,4.759211007932885,7.09683104059423,0.1307901834589773,-2.6690064442971484,-2.0711096061097756,1.4490383408928376,1.4440110233870815,2.409641339469902,2.780417070827975,2.6461920788853113,-8.61552097923223,-4.489034643248228,0.472248861359468,2.106759358321899,-6.445141123513574,1.8986426123907008,1.705436439113862,-0.23578186792260783,7.925726742845622,-3.9033045273386575,-8.681181362043219,-5.24700436980323,-6.722393560526857,0.5015773485561988,-0.8729535352192684,1.579972481764244,-7.176830570899156,-4.718520440466325,4.712012265678565,-0.6668009535746747,3.927657135372743,0.5342498762441384,8.555015181028454,-0.24178986383903625,3.8882827030935383,1.172626401290162,-3.5694491480729607,-4.1342265025414,3.3142195056853714,-4.202599331549453,2.127775902959093,-2.5933693620655096,-3.1442552566058968,-6.416679609929488,-5.275555227238521,-2.3756665126566165,-4.984913475320401,6.37613595731775,-1.3329859289142563,-5.670924656286374,-9.521235470514455,-2.4485314779790146,-1.42724412647157,6.405470299217715,-1.506687337101624,-0.7600307451214204
0.14723968677246646,-4.748160179006112,0.0,4.939969937702044,-3.6707440645078817,-0.5029351049776676,9.024497777170064,0.6210629288328571,4.020734346764135,-6.981694323628178,-0.9381222016319901,-2.966930655020456,-6.102244755527156,6.562747204275706,5.017676258330682,5.224616960388358,-4.6701267001723465,1.6294679124073768,0.6404443768075703,-4.056820657621985,-1.4970385169312457,-8.151611909896705,-2.9794801943260083,-6.7367047386818175,-0.03410435671757326,-7.6423255370587055,-2.5331912044576783,-4.8330699050430095,-4.3004783753336975,-1.3815559345925499,-5.141504656372315,-2.4180792744488286,5.154729728373034,-2.5410401042117248,-1.3233367999472647,2.698555719261986,0.8558026101413754,0.031125677629774706,-0.5067298279924939,-0.9376626007498468,-4.130105944023512,-2.0444762052523324,-3.489208534537153,-3.659150943870237,0.4267063496722074,-4.063174590622018,2.8942404561846766,-4.794986330933576,2.4736936963048257,1.5747228094879235,-2.5881332583207124,2.396200210824018,6.155157844203871,-0.7480266026775075,2.4508007496276756,0.34436772623187634,5.159332971511325,9.844999323618808,-10.384016830590147,0.7102100017432488,2.910754610752853,-1.4592773581929164,0.5203857923274796,3.765022838363844,3.7923532421717825,3.9559908033194064,2.8055532597056008,1.4869822138108186,-2.365762847836395,10.09940241665632,-0.5990407235732903,-2.0624893150297248,-4.783057967745489,-2.2094070492029365,2.091343450459248,1.9165444978933723,-2.4025130833455375,-1.3470593414913992,0.12575348392478375,0.9500176288084848,-0.6306264074818932,-6.481085882584666,6.414783944774788,-3.8247880095165927,-1.098967214761173,-5.430539078293555,1.6859425019305507,-7.03522162077657,-1.4566779153823044,-4.234869647689844,-7.471629974859255,-1.7026938211985143,-4.8546039318414955,-10.434235993059811,-5.584227930524552,-3.8477668529184847,-6.3480958945917205,-7.766723466212232,-0.4369061032157944,6.868803518860566
-3.959713090729605,-5.724118896106775,4.939969937702044,0.0,-0.8566658824359926,-0.03956992202154785,8.022303038924163,2.2022869944749206,-6.424333835690745,-0.6743875873308707,3.121942260495988,0.8289480536830491,-2.4224610611183706,-1.9852993497620304,-1.8083276278282367,7.358853272724864,8.672872782295903,3.001066824107067,7.407639601051081,0.37612470765137135,3.7074302932033736,-0.44498324569823455,-8.601038988434535,1.311112301200722,8.401735907799962,1.0053205756375865,13.205018116690564,-1.8378983092943029,2.7015814100440734,-1.8075384804416457,2.5931446070772486,4.8035571041529925,0.9231048001868732,5.537177473842766,8.05831659787898,-1.5564430083694227,-0.8069152549539146,2.1176008761827902,-5.279840196862739,5.612721912313512,3.703502518574099,1.4127589034036647,14.722798875355968,7.426949971289401,9.037474588076648,5.1860432250895725,-0.8341830325228563,-4.00303544571492,1.3914290366351572,4.7029793300069365,4.939436727591118,2.050135841337697,0.94632784703379,1.5873317606520616,1.379530773545895,-0.14735897061350323,3.932957274194972,-0.9552891019890224,0.2250551762739031,7.094501469905661,3.9846033484667447,1.0373539216710908,2.603427315254265,1.6945400650384927,2.296742471383018,0.7541386042933501,-2.441276454866581,8.838892977447774,4.703648604015995,2.319121045894214,-5.544224984823883,-1.9104978521651672,-3.9391258940575753,3.7660131003592303,9.57160200746348,4.636026157280598,4.021590949158961,6.053496652794968,3.953014380891783,10.984495445520576,-4.52172858123921,-3.2511811931577954,5.737985984885752,4.731229697899076,5.419127066880169,1.9912359300310756,-1.4688073399960848,1.545430451990865,-4.240457848054054,-5.838711040401728,-1.1114935812456597,7.997895975025765,0.24699924026683487,-0.8649016720943508,1.8921849536581297,2.5043040835939765,3.4809219413535257,-2.7404870316135206,0.17016577687240797,1.805727081531888
2.8782911728108687,-0.8380649449551497,-3.6707440645078817,-0.8566658824359926,0.0,-6.391940048639953,-3.918505807918384,-1.1004875006795267,3.931350020943327,-4.81813841427262,-0.8337995804682073,5.266121977277216,-6.8189136387129965,-3.783974452842768,-1.8211257571021504,-6.678379035939533,5.278389220725301,-3.006716359734994,2.1031056900329554,-4.3978925528727935,-6.461399333619932,8.018223835851233,0.8754674240680003,1.5171046471644944,0.5487226091045858,-0.4545077459896792,-3.971881039211128,-10.064796159756227,1.79936112901868,-3.6577821283514873,-2.285348524126603,3.187739152763099,3.9277272684525566,-1.5416608059899923,0.14038615807410834,-3.203808940512024,-3.4062827202281607,1.8068575057700529,0.7526300709063659,7.948705718071594,-2.934509215414741,3.2413219814354366,0.8517339707259721,3.336411597193057,-2.0407933744100832,0.8569631958390466,0.9216222761672545,0.01866763319106669,-1.515481223383042,0.22163138280541295,5.252198122920635,1.1390001023403051,-0.09729441622186837,0.7908346903167078,-0.16433206414443088,0.5384594119471627,0.057861960587034064,3.6463526511205,-0.7126890270401698,0.5307004376793582,5.290650721035044,-2.465736558860444,10.826193058957116,3.115808699675093,-1.9509216378435577,-5.361613049462914,0.6103676351366305,0.8219650215879821,6.246190757689686,-2.768128301166932,-9.274182529453693,-1.4187355148950078,5.840495249329812,2.480142267139194,7.077027209748592,1.435805337706946,6.8452025778741925,-7.438349051158234,4.916313009845472,-0.6447455554825277,-1.915905977873884,-1.0521199302765571,1.2016224752018043,-3.8072139397309126,-2.3291152719924204,-2.526783196630099,-1.03542336668855,-2.779133225218307,0.21075385010021416,-4.151435673325864,-1.4666959014002308,1.6346395379350809,-1.9366728725206783,-3.072798737196845,0.28692984970144275,5.117102684167312,6.095540530015474,5.943350318877427,0.15611402654652387,-1.042259361489135
-1.8023870143404328,-11.118637375865305,-0.5029351049776676,-0.03956992202154785,-6.391940048639953,0.0,6.239420620551645,-1.8719488681364695,-0.1774738716515036,-6.367545002663936,-2.170159722755892,-0.9322837310123773,-4.780510880250843,-1.3315691378936747,0.6003935904943083,7.213260746095859,-0.16509460036101495,-9.765879157118556,-5.899908839175021,-8.157614806336495,-2.708326411018105,-6.18287296586124,0.16609047994496842,-5.153328063966235,-0.5630706234799052,-0.6303870127467782,0.41446713994670253,2.276316336962008,-0.6239921309027964,-3.433790512930401,-5.247228742399739,-2.3259260110027604,4.036122364819898,2.3251292890788133,-2.693160640110652,-0.5022422061717188,-1.4153278108973937,2.024585024301051,-3.7105769417928287,2.5898216392303874,-4.277197277943033,-5.1899350355078475,2.686130086710799,-2.859357324375933,4.0033123740480185,-2.908684140526733,-3.662290521243381,-8.391448873140206,-0.29507958798595507,0.6074715625013968,-3.774374800615989,5.487693801351629,3.6664673016502713,5.048466757403827,0.47803288728175847,-3.594298808897981,6.085177630352424,2.267252564781541,-13.35175193764572,-3.828665793277653,1.1762488062578162,-9.321010950212868,-2.260449011194328,1.8740522425035964,1.3180028839403424,-1.248147309614422,4.753738733627331,-5.754585140753036,-7.709504768388003,1.1563199373822655,-0.027352246513320085,-3.9999167397676936,-3.452390552416708,0.2885585467172104,-3.067984201128076,-4.447148114043477,-4.528068134133977,2.4524346911130634,-5.9789297921107885,-3.5553519667069264,-0.8774699933165606,-3.7251190097939935,2.852115099639118,-7.149328300829305,3.7261279173415134,-4.465994768405515,-0.73531317349537,-4.19997984720066,1.6808304321180836,-5.656414063433345,-3.646819746813585,-6.0479934208602995,0.8459882204005336,-6.34138051217531,-7.348098577933136,-5.061702592151978,-5.792517075953847,-2.3893102376485653,3.291437249955404,7.120782983145024
1.5080171998133864,6.591591936208233,9.024497777170064,8.022303038924163,-3.918505807918384,6.239420620551645,0.0,-4.617948983699148,3.592213529840526,-3.0295854277972,-2.962561827777849,-4.6560840223914735,-7.527935838032528,-2.877685334011407,-6.052427141946804,-5.341172526734252,-3.1177155206021254,2.6847224695914726,0.5644707165670811,-4.958240855440715,-0.8636149529514558,-10.317640650445009,-3.452006335053208,-3.8865833335292215,-4.82740281378786,-7.140606704248,-3.570192460725481,-9.94596615915287,-3.7857068101895455,-2.4418061265182374,-9.255854867039977,-3.177419135439732,0.2333340361902772,-5.47927854317984,-7.984208651032676,1.5506606558747487,-0.9968385476205368,-4.812226174866235,-1.8749668268339157,-9.022230131247465,-14.790837229033775,0.8487234505542469,-3.3042850237828367,-2.6384174384822154,-9.509815681013885,-7.024339398479346,-9.43210159216044,-5.305742086738238,-2.237743798194701,-12.720529652809446,-8.13399867896003,-4.480871450250739,-4.708579049083433,0.26453970652015424,-9.053484388553485,-6.299143613421732,-2.345750058641796,5.4587559693439776,-7.230715329284128,-3.9573436994673497,-0.1658400366922978,-0.728075083205743,6.134057925829269,-5.6263633140149,-6.305555116745706,-8.208648681942062,-10.845919188061876,-5.42843173472467,-4.219897458467017,6.314084920377873,-3.5159148779460727,-7.111693000799748,-6.086970659143133,-5.32753167920566,1.3463450518699216,-10.10365975338087,-3.571643927967292,-12.464847800303271,-1.0277754324429516,-1.293596323156188,2.9836793233688508,-1.5470706433656132,-1.9826547080592352,0.5421188648442988,-4.429582180928916,-5.902495634483516,-9.0136861698444,-7.38106941424327,-8.115143498462166,-7.996622204217795,-0.1087223606424944,0.4868208194986408,1.7303684572682827,-1.0791941622665453,-9.579497224912506,-1.1405270314857379,-2.1990150706930276,-6.8956661742426,-4.5411806546000575,-7.08240565480116
-4.012062715575843,-4.985539256629751,0.6210629288328571,2.2022869944749206,-1.1004875006795267,-1.8719488681364695,-4.617948983699148,0.0,-3.5540610739225618,3.503498548421328,6.343393591678418,-2.2782211384009448,-0.16535397504363647,5.495634091363503,2.40668733865837,4.682889904559269,-0.8397291761252392,1.9518728288775904,3.9961186514945606,-0.17877275547972626,3.1249530107802777,-2.520128533734544,-7.682236170528093,-6.9903161917917425,5.536455806590149,-1.4119533298393951,9.58884308406558,-1.6954126560263552,-0.4285005521930533,-3.7609163676200144,4.689550569832817,4.129771000469449,1.6668530673544744,-0.4232912036628932,9.06724872638928,-3.1657065057850486,-1.912101184414056,-0.16436971313458143,0.6008456263073328,3.013244902634541,0.06577297296407475,1.9823875489295448,12.924208219722384,7.061739997101163,8.684079171707756,3.519616351394129,2.3221704113649886,1.7295546988317945,4.9482799571066,3.767720888563868,3.8607874832571887,4.859721196899312,-0.27037604320404823,1.9992842654659293,2.621331193382041,5.942749873630716,4.653260532093656,0.12505443118115692,0.9768198470642717,11.359770288581196,3.935556809567984,0.3189322637911629,6.808120046359664,0.27825615362977635,5.118363365831112,4.029611873562876,0.5016103304073969,7.282375305817061,2.1374706529446272,5.935594980993761,-4.489750132679266,2.4604453090681924,-0.6840129821093556,3.9134839432277526,7.531566489612141,5.876058475768129,6.454006469408399,1.1515226732156527,7.751245246621262,8.281356650431384,-1.2025092322695703,-0.34785006385110595,3.3027291685446047,4.816794352326704,0.45343400573664594,3.8733376170451113,1.671844670992131,-0.40622983235875487,-5.895906688937208,-0.1386195229792478,0.48222225630145,7.113421604086866,2.118840041531113,2.122540656940012,5.004789129402913,1.5922928810206145,-0.7075274365058006,-4.690748032809713,0.5356055500519492,-0.2899408368070454
1.597053637891446,-0.09729356452475417,4.020734346764135,-6.424333835690745,3.931350020943327,-0.1774738716515036,3.592213529840526,-3.5540610739225618,0.0,-2.815239030121613,4.05509328716901,2.340111842748193,-6.534908685732972,-1.4515368161895883,0.6945792446610756,-1.455432882943196,-0.09512255562088925,-7.89450908125952,1.713052862228789,-5.6347717463579245,-6.840970923561694,3.7093673619180296,-4.518724883805218,-5.723836966852344,2.9153042650734573,-0.910721238743027,-2.497741376825996,-5.094190001695321,-3.156655197070217,-0.8734111414459879,1.3395327422029524,-1.9488783475512337,0.8940249452825927,-0.0638683728774842,0.12663352074487075,2.498214674004372,-5.24541206178749,-8.524024300884514,-6.910387612967786,8.927208387705726,1.9737010948588527,3.4133602597941657,4.364893895821027,2.849828995390684,-1.3779742313783767,3.2069812857723767,0.7892695386244157,-4.9812917896312205,4.583211860542384,4.886920088747277,9.175112148025512,-2.958903514903009,-4.046598847757196,-4.079247118678821,-3.811421773923641,-2.76934701876444,0.2321210171876087,1.5398850501645347,0.38218639015516154,3.3890291609751206,1.2628086894567274,-3.3633881694420693,0.4567598656628016,-0.44063471859592807,-0.7467450507706738,-2.126824564864219,2.0198393563521666,1.431309966564594,-0.4000852272921616,1.2043340035192376,-9.497516106354123,-0.07662533005962006,3.0226363782459806,-0.5190581808555635,3.788123610624008,0.9222577185776547,5.582262450117458,-1.1450508710062357,10.226871249707926,2.8220847286277753,-5.944094434593471,-6.116976003745736,-0.3613190981841155,-5.281291296598609,-5.746959528321094,-1.0686870485838875,-1.7865687468134128,-1.962977938509568,-5.096122405106356,-5.057675054086749,-10.126286670323948,5.5167809721580126,-5.838226761544691,-8.083120556650389,1.162744981195523,1.1759550441318132,-1.9492789106673745,-1.9790040979157488,6.442525278725593,2.624508634356095
-5.746482799833379,-0.6349490954601745,-6.981694323628178,-0.6743875873308707,-4.81813841427262,-6.367545002663936,-3.0295854277972,3.503498548421328,-2.815239030121613,0.0,2.356202542007784,2.732793173095595,0.6460510889235676,2.263505299354352,6.0733395617567565,-2.7508587450231388,3.1337371246039014,4.2722112088201065,2.7206694730022467,-3.170602090569814,0.8300066641134267,-0.29595764766230515,2.5976730581761287,3.572256812487216,4.644083446049896,7.112221963817224,3.817320408744041,3.304353351650801,-4.7717407276545245,0.7986882969297776,11.003827476478625,0.5676616299605288,4.714704420602969,1.1998063795433989,2.728315080459021,5.491827967789966,3.3514236339883845,0.2572667190022108,0.8588971803667178,4.2792953446320015,8.998212922884917,7.698571493131712,-1.8706299627000784,0.6440607153713964,-4.98025443559852,5.1963953589158285,6.913771869645992,3.4406558559203897,9.127172103142392,9.682708930337075,-0.13431374705848417,-4.193254896877384,7.338008393180125,7.341316996791037,4.772958140312224,5.609915017952139,2.9696736367558145,1.4823997090296412,0.8485278834931361,3.225490275399149,9.17684702546376,2.6791825612501174,9.970716373879993,-0.9133894395936074,7.902753702335424,3.4975160048740577,11.173080102213047,6.411084374129527,2.3112144567340973,0.9638778480252632,5.850504770435437,7.055509078833615,5.418953740960346,-1.6847952017088492,6.827568413888503,7.0186951800909405,-5.711977675227922,3.6908844697256185,2.85823643031939,5.490713781203313,-1.1434318198503324,4.076963822205968,1.2332351328791475,1.17352910578584,1.125311374066193,9.031783517856164,3.6776541595051535,-1.9416116387359044,4.479375955832518,1.9331669475387967,3.5680256876641283,6.978429010588676,2.537547272473993,-3.0716028635351247,4.363494670148761,1.9906641254033108,5.726405057004718,-0.6362432827925887,9.742662516835535,11.360504424662988
-0.38531860556004954,3.026762151116912,-0.9381222016319901,3.121942260495988,-0.8337995804682073,-2.170159722755892,-2.962561827777849,6.343393591678418,4.05509328716901,2.356202542007784,0.0,0.11781149250755256,-4.643993353862418,0.17346982478310713,4.969285546307914,-0.5672943601361772,-4.200158543287758,1.4549650991039256,1.4916164913919214,1.3552968571722903,4.221871685353316,-3.524494441157839,-1.509109624472008,1.3250822967356168,3.2656503676217508,3.3787303850494728,-1.562313125389485,4.1673542227451055,0.9362691420712584,-1.6014861771618687,-3.3209015856579196,-4.609378673886265,2.704695811253508,1.5260337769674872,1.2095644063862427,5.953511787424178,-0.3530903657413767,-3.6585340947534126,-3.4946703992912758,-1.6782225424955364,8.365874145491954,-0.9766011550154885,-4.908471451532553,-3.3451003585966688,-6.346969806892251,-4.3849617289898175,1.8801211157864577,-2.8589638347399684,2.2576371892324127,2.6679228597444564,-7.468143627557942,-8.964614024431082,-2.555677399530609,-0.9171162251965568,1.1491764800544388,-1.934393021816528,-4.3414112662139726,-1.2773852935308918,-1.3615425083564032,-0.7999069048313846,-0.15378626750592073,-2.80300128425714,2.328542258998851,7.3844807097226015,9.31686218318192,5.63527174983176,3.2735727024284533,1.5694979802891067,-1.415887425209186,-2.147327553231248,4.721581414200006,-3.294273891004301,-0.004966924266177829,-1.9789319421935927,1.2502153853768156,-0.30164143482502587,-4.254229002482033,2.2106223111527394,3.2735930508686297,-0.6417909540382413,3.4784400891028655,-4.859568077476667,-3.986582920652164,-0.03654220115771058,-3.7372634662363984,-1.707796589679586,1.3228542026352437,1.1227044123241554,-1.6956207640054437,3.858362152950477,-4.013080915298238,-8.444202129365813,-1.4307135691339823,-2.523328796101396,-0.26572928945964414,-3.9129982699326895,-0.963464897665636,-2.8700650713118323,4.4122804885678,1.2035763397169355
0.5175645947812052,-2.1827488895462537,-2.966930655020456,0.8289480536830491,5.266121977277216,-0.9322837310123773,-4.6560840223914735,-2.2782211384009448,2.340111842748193,2.732793173095595,0.11781149250755256,0.0,-4.481610865646832,-4.815707164649159,-0.8194162303920514,-2.405374989664929,-1.9513559789157648,-10.714014231099123,0.6961442050982696,-5.531292185884516,-8.421179507403362,-3.2753809479326175,-1.9547713599447267,-1.9955569588646935,-3.2794813829731835,-1.5879717431720268,1.2971184812609315,-1.2486367119981652,-6.8181985744088385,-2.8248074374756884,1.6894270066840376,2.427819478807837,2.012251680855007,-0.9868326524806138,1.9012826742037443,-7.113850849703329,-2.0345568732154846,-0.45121823578192893,-4.924596777715437,0.5988988619950334,-0.6713003153797489,-0.04757487733245255,-3.8039707747004305,-1.9299530976795056,-5.40831102121744,-4.167090601475238,-0.19586208295406413,-1.049827140298497,-3.675110534242737,5.092504272322814,-2.524546344213263,1.4681934869386792,-0.547311705441209,-5.092125680212961,2.484401910232579,-3.300902522694903,1.032626067781604,-3.4014351686163424,-5.9436844411578065,-0.013593069343349253,0.9256572495355537,-4.389234224066825,0.9641703596216262,-5.4346023769240075,-6.491615528283045,-4.470202200287784,-3.2249501992643634,-2.851763574001633,-6.567585269409379,-1.1164755507247375,-4.999784209755254,0.5637197638531002,-2.920601536011556,-0.7615951538953478,1.9124104747203847,0.0051977234544811615,-0.3332059970133949,1.24770423371417,-1.2787588274581725,-0.15301345852599008,3.5631799037363145,-1.4098036350703915,5.9609112217085745,4.249402167114923,-0.8218219309317036,-4.278166400542672,-0.4144062954586253,-5.05780232505292,-3.154873730421281,-3.603788102818739,-9.218178646904343,2.4244256281818033,-11.556304960296009,-11.5406655094654,-10.626586474135536,-0.5666575072499268,-0.6766068815509624,-5.161450559715099,2.2088197903988975,6.9586482457896395
-6.968483808160696,-1.9541039154463091,-6.102244755527156,-2.4224610611183706,-6.8189136387129965,-4.780510880250843,-7.527935838032528,-0.16535397504363647,-6.534908685732972,0.6460510889235676,-4.643993353862418,-4.481610865646832,0.0,1.406573056638845,3.360726607694386,4.423060057121206,3.1150293208180013,4.375423734245198,6.65029187075634,2.0830577705282303,2.1349651014647657,3.79469645129682,-3.800212331680172,1.4949448967196373,5.277477360717392,6.901206747727419,2.6968773344845096,4.371578318151216,-0.6611310777679316,-2.8932161829151943,-0.8018159338463244,-6.268134684774922,15.214629039119412,4.891536061674181,6.584190858452225,9.420206668274211,5.337280896772373,3.1680943436254765,2.299854329561139,4.057269679793465,2.286415697287625,5.02673652720171,6.218331536891123,2.500999297262556,0.1332988322347833,10.686052723762732,6.295674899232741,6.660069742744889,7.694895881096778,2.4683490977240607,2.4952949591224876,1.803305881786872,9.50636213982315,9.284275582326622,8.845734337965625,3.750475145244168,-0.419526696552708,7.810748642981043,2.0909147552591647,5.199785756070069,6.5204981257393255,4.399227802929254,3.6939809518722937,4.941993573730398,1.544433661531226,2.9084877779492424,1.3038824917562497,2.7149567841001114,7.891332892059711,2.5033773057595203,-3.4460298825586158,11.510541571922683,-1.4264949681073023,4.290455785873672,10.771852527883793,4.49915346451752,1.804761795011094,1.3803000259839306,1.352217040563054,-1.584167489838343,8.076738405056867,5.5616409776273485,2.6915704762076316,5.849587130961938,3.108935046536257,7.271557919047784,8.449271763807104,2.310571512203536,8.311644703181619,5.137050386652341,4.262585355613664,6.000464784265001,3.570376414407949,-1.2557690336940808,7.75332565682045,7.938031871692381,7.717200899287039,1.3440748227414336,5.8316233381047615,7.685995936631959
3.553349063997699,-2.9004600579190214,6.562747204275706,-1.9852993497620304,-3.783974452842768,-1.3315691378936747,-2.877685334011407,5.495634091363503,-1.4515368161895883,2.263505299354352,0.17346982478310713,-4.815707164649159,1.406573056638845,0.0,0.8974193008635729,2.081688581776424,-1.9594007724643177,-1.53826165941209,0.49943688910057593,-2.856264415298885,-3.378136454025681,0.2897204435741652,-0.4205118296451208,3.5155165407095144,0.46284940244031486,2.160554929895102,3.425315410170916,1.266693648810708,2.955924190779234,-1.4301303457278904,-4.3291729181272975,-0.7461102259156042,1.2417033414916718,1.4011283431280475,1.0015834275217876,3.3798418849004466,5.03688344793414,-4.125880448017789,-6.556832530711445,1.8282659877580931,2.741104550854337,-3.6500510308641902,-3.8090114030356665,1.7980171430074317,-0.4484389095429988,-3.664827078446841,-0.4663366824784879,-8.862859325319883,0.311863550068512,-3.4229174930052353,-4.163231585050246,-6.009345652963052,3.9025551231167865,0.3311280853273364,0.30333931009578835,-5.9312535349384845,-0.947220489636999,3.620517375491264,-0.8725165918246071,-5.457138137282644,3.9207824920123655,-2.300295372800154,1.9537363333898048,-0.9775001800417334,-4.091640697841381,-1.4736435524251228,-0.9031587667390456,-6.228511478847032,0.7987300137847875,4.796008467180014,-7.231598564826976,-1.0658530650493896,-2.6843352734005945,2.6124422454981335,-2.205512712666636,-0.9859640476838674,-8.759332852105567,-3.4736046775088796,2.7118870764610747,0.6108290189206964,3.2687009313293824,-6.536676195390868,2.146277339701279,4.041617622318403,-0.16519647837908283,-7.175671588853458,3.366824137891817,-1.2057603414146256,-0.594643956709202,2.924581217495725,-5.366834527176556,-0.42672789250315313,-2.7878438802905934,-1.3831100738336353,-0.12597826821561955,3.8443187763401614,-1.1389681990614615,-5.7126912117541595,-0.4723022689592226,0.9358790813982615
4.634971139956425,-1.1990150029927507,5.017676258330682,-1.8083276278282367,-1.8211257571021504,0.6003935904943083,-6.052427141946804,2.40668733865837,0.6945792446610756,6.0733395617567565,4.969285546307914,-0.8194162303920514,3.360726607694386,0.8974193008635729,0.0,-0.91660357712417,-0.9470722667788141,-1.6540808773636484,2.389495598889642,-2.2426658125439065,-0.9749294188831059,0.9675017372688959,-1.1429324493958084,2.992380676986352,-0.9872688815184822,-0.44029414499251945,5.606994271933689,-2.727200508132929,5.4999434930491,-1.952625275744324,-6.368321955411305,-4.34914983129902,0.9356524817664048,1.764776259402734,-1.263018391861109,3.469474621653047,0.900309475678284,-2.8149039397308235,-8.503315573126761,4.061809427630127,-0.45872546331013553,-3.2900600575779237,0.047779250593484576,1.8706525654630848,-0.004287462205445605,-3.212888999406584,-3.0587752234816046,-8.97302580168914,1.879774716756524,-0.7544090934766317,-2.6800512872979203,-7.329241937011537,-0.058775236146108925,-2.015153933226508,-1.7001097515405463,-7.239376027813158,0.1424918454144388,3.2131209714885856,-6.094021031623493,-6.509594183885647,-0.9427777460309393,-4.316882575500917,0.8535388873989318,-3.920444145594296,-5.932778235509272,-1.8323274734766537,-2.211223258288823,-6.857721780096544,-0.009911617285150576,2.015478019036492,-3.9350712982648974,-2.92213119757176,0.9301035066678355,-2.626504273701316,-4.4286547096514965,-6.663546767393105,-7.823788354574429,1.474275745158436,2.6608759713281893,-0.20788122030449463,-0.5252016797708503,-4.308291002780512,1.8792767672543536,2.7703352492837214,-4.012416882181671,-8.468334954288762,1.340354303734682,1.2130537349467565,1.5804305516547297,-1.7882884169352686,-5.206045282223268,1.1493020190068144,-5.578864571190198,-4.4039479404760336,-3.3335118709374063,1.9149787997045329,-4.605702763416796,-5.287580599796687,3.767526394041983,2.17691431493398
-7.705449545868227,-0.3328912655746363,5.224616960388358,7.358853272724864,-6.678379035939533,7.213260746095859,-5.341172526734252,4.682889904559269,-1.455432882943196,-2.7508587450231388,-0.5672943601361772,-2.405374989664929,4.423060057121206,2.081688581776424,-0.91660357712417,0.0,0.4129023130663302,-0.013881098330104091,-3.4910009152135633,-2.546643829079456,-4.958305643968036,-6.077528960095297,-1.7165028181303557,-3.9585295194194248,3.7002845612871793,-3.622273501034967,-0.252161735330186,-2.400089179134062,-4.674529692013797,-0.6680325052415621,-7.165126574832724,4.551720902874947,2.693869014232212,1.439304764157401,-1.5704811903022315,2.72041022601047,0.4425592041215391,6.0150187065391805,1.7722732001149504,-1.087717813384418,-4.613552766332141,-2.8218570852925318,2.741442857974559,-1.5713060365115408,-1.729782049435671,5.103751407057578,-1.311338828723342,-3.85964447824998,-0.6912482309825151,-3.0822919186457445,-1.2929828101721257,1.8218011678541337,1.7434429867413688,4.180318397612344,-6.711937619436432,-2.420760336643883,-2.067301402260074,3.458486552558921,-9.133549244155665,-1.0935667111024616,4.156028936814751,-0.2518944395118228,8.90894378405171,-1.41712403591768,-1.798881323183268,-3.136985305962792,-6.261630644740386,-4.103580170899879,0.5767098434582335,2.7927971926983144,-3.394718682962616,-1.0914314290054437,-3.152512768162328,-2.6331699468927914,-2.088549004245289,-1.137840912043076,-2.6345725899368335,-8.205479935583956,-1.801588040699149,3.9058669408284654,6.365057745335196,2.637456433575891,6.8784286478134335,-0.44027417515264367,0.049684657090156986,-0.929445624684284,-5.906290422182854,-7.180198263738647,-2.605544964369156,-2.1454608564575857,5.436351823808398,3.945176772573176,-0.3484001597947417,4.010468381436634,-6.159697652737417,-2.989655708163828,1.526321344688334,-4.2994229566891535,4.683847501851355,3.576206567245273
-5.794727547648053,4.04303357366712,-4.6701267001723465,8.672872782295903,5.278389220725301,-0.16509460036101495,-3.1177155206021254,-0.8397291761252392,-0.09512255562088925,3.1337371246039014,-4.200158543287758,-1.9513559789157648,3.1150293208180013,-1.9594007724643177,-0.9470722667788141,0.4129023130663302,0.0,-3.772899359850868,4.328200538478978,-2.703897553216273,-4.698837102661534,-3.4660339616593387,-1.4639922199934858,-4.601720274922075,1.0725432596233062,-1.9243974747279091,-5.545355817555459,0.17843301324759897,-1.6287949230318473,-7.122911407946887,-1.8855099128473511,-3.5508800519481865,2.521457513403699,-0.7337420165029166,1.8136134547915177,-0.4372434052859803,1.2257255274875267,-7.798697561975789,-2.2892235241879177,-4.062469370480656,-8.439528698179021,-3.104247457579976,-1.292408000682305,0.5343897723745733,-1.8980034674553183,-5.855383488140651,-3.622443521775064,6.386698658502522,1.2016568458579813,1.468554799769112,1.4555050305997976,3.6617463938058425,-3.7666919735107016,-5.084537067948182,3.215915321545527,2.187053064205065,-0.4213507439526149,1.956865055839634,0.5727512171957296,3.9406125524315856,2.2658327445611945,5.986326540030252,3.8801723699269375,5.185151228613892,-2.187371412207736,-1.4884361379310915,-2.215530540791313,-0.8238190746233179,-2.093307692293407,1.5603781226429922,-5.045814729165742,7.935726933413639,0.8198373256103731,-0.27789165741167965,4.623177072121689,1.6463479908361751,6.493908711660789,-0.5650193373728678,-1.602894960895758,-6.053757429828787,7.552243682448963,-2.596609677730052,1.3638129043437384,-3.19916490285502,-0.6947168519040647,1.2190353984051716,0.1432660437412721,-4.333411043497989,-5.594006859912711,-0.7713561466025297,-5.590434083423408,0.6732315123795071,-4.840748661883443,-5.427563816306786,-2.463371821158129,1.1922528787444304,-4.378074185452605,1.2725915592389851,-1.5059722195165457,3.2243150098686906
1.3943756241434355,-0.467888266920409,1.6294679124073768,3.001066824107067,-3.006716359734994,-9.765879157118556,2.6847224695914726,1.9518728288775904,-7.89450908125952,4.2722112088201065,1.4549650991039256,-10.714014231099123,4.375423734245198,-1.53826165941209,-1.6540808773636484,-0.013881098330104091,-3.772899359850868,0.0,-2.278565526162508,0.3099881972172835,-0.7124108079810447,-7.017737368771491,-1.6496786781816086,5.5838843896817965,5.813892842123243,1.4811769566328807,1.4191509757717935,-1.0624760694866116,-5.824317581977301,-1.4737641713244796,-5.214689497718737,2.473090016616865,2.024422102625836,2.1196387373991414,-1.78798680571452,5.391011016069545,-1.2188514531751804,-4.128089767031543,-5.987438639014128,-5.4307975581422765,6.087184177102981,-6.100029395233326,-6.376294020475839,4.702932754171433,-9.14167353087656,-7.090048118331213,-3.4823280463020634,3.690500364276744,5.841392762371595,-0.8550738570450785,2.3930493821718763,2.620070981678247,0.5169551677913625,0.5524597778519169,4.191411022569153,3.248790176412947,3.6564118022283143,3.218144116208862,-0.45276101696107096,-5.646884384420097,5.643113859908637,2.5216038525958204,8.601735434125011,3.8056156630817464,2.896763989548197,3.081189412474145,6.559577642808836,-3.091620410002611,2.574734696720546,3.2021900537055257,1.848718745560238,-3.166352547192618,-0.6822639763388604,-3.7945275552198208,1.6127024476719756,-0.20187911144299184,-2.8546508831422126,-4.72249685446584,0.04707619677034659,1.9356559801968132,2.432237123694729,3.948502575614472,-0.2415285459863936,-2.2517954201518724,0.8360317406171973,-4.44164065500338,-5.908318687599489,1.9838346539870224,0.4173357423633487,-0.616784857555182,6.945002507632742,3.779262000075211,-1.6326371447754031,-1.881955350664696,-0.8084848292660641,1.9867232477034744,-5.946719599826254,-7.296574362987437,1.045987922188847,1.4503632794749115
2.5104764657679666,2.2113803982665043,0.6404443768075703,7.407639601051081,2.1031056900329554,-5.899908839175021,0.5644707165670811,3.9961186514945606,1.713052862228789,2.7206694730022467,1.4916164913919214,0.6961442050982696,6.65029187075634,0.49943688910057593,2.389495598889642,-3.4910009152135633,4.328200538478978,-2.278565526162508,0.0,-2.952909510656608,-4.860848267444252,-8.476008388487509,-5.080475898653739,-3.9961702760470175,4.222224885456193,-1.2352668318884064,-0.32723831924914826,-0.6443775654130726,-6.305249034678154,-10.823832384089956,-4.733379895285276,-1.8853738967205247,1.6097176752428497,2.7801715394768265,-2.874574534974979,5.8283828406712725,-4.764478251629388,-7.420380977892797,-1.731311065509974,-7.280753141671024,-3.9181692846238496,-4.393510477145959,-4.6825590585734735,0.6234247239815375,-5.396021142084401,-7.873924099645526,0.7546178771203161,-1.2248687286780096,0.9731310016085173,-3.2104398600473125,4.421414324715878,-1.7353069676239552,-0.4586736522292916,-0.6900320658590628,1.099620635829584,0.4366307652606117,-2.2247725021283062,0.45051637488874374,-1.8557164930652232,-6.9625604766999425,-1.7457338443889971,2.164441574771535,3.9274265533339463,1.1842360083481624,3.0370295341101268,0.5193887744494091,-3.6545901619667913,1.3293846070294935,0.6999176984467909,1.911200605240644,-3.0828653224408824,-0.4642630557326908,-3.2702683812154407,-4.894889408460134,0.862173204868919,-1.821313740082135,0.6987707197294641,-6.083271344674185,4.170468888003695,2.3553945500262308,0.5515521024666692,2.1139340738906784,9.962957125140887,6.0796424475807695,-3.529304740912183,-0.15312517796122277,0.5875730831852101,-1.0887946522002048,-3.3186265095968204,-0.5521945337655084,2.171216438180274,0.8586666501760166,2.255676432133137,-2.3546575985330858,-1.485561028971266,2.095720435318431,-7.384655119734074,-9.690294085086903,-0.6279754802660585,-0.306364006384709
0.35637766428689627,-5.56078485152883,-4.056820657621985,0.37612470765137135,-4.3978925528727935,-8.157614806336495,-4.958240855440715,-0.17877275547972626,-5.6347717463579245,-3.170602090569814,1.3552968571722903,-5.531292185884516,2.0830577705282303,-2.856264415298885,-2.2426658125439065,-2.546643829079456,-2.703897553216273,0.3099881972172835,-2.952909510656608,0.0,4.028258660565314,-8.553482935517348,3.9620528833672575,-1.5786342567539475,2.5587140708517366,-2.727514462296396,3.927711595232428,3.258595804088447,-2.9979795909906395,2.6521040337386057,-2.661355834062544,-1.4538092435246,7.549178833299529,1.0146238122215905,5.820656413219697,3.7300522475716145,4.831169802262528,4.829222584022766,-0.6710898262599102,0.1209866071956096,-3.0112197335927884,1.436005593720076,2.765229177605064,3.453380231135721,-4.73615918296084,-3.044973374876343,-5.351025869662147,1.9272737053072209,3.99367624544014,0.6983779687721364,1.4436339920708137,3.5170394717412736,-1.5607029786308875,0.8002909666574819,1.0592914028198983,4.986694880635836,5.51175138174565,6.499609915821918,-9.40271448499341,2.4418806210721455,6.9219352916868715,-3.367513638253243,7.339187780028726,3.9027500069000487,-4.517588299335653,-0.48563303320291007,4.506173491118359,3.524971440324309,3.724199332076181,8.04888784417231,3.1916483469115207,-0.5687971948227004,3.7823629451413177,0.2438221082997039,5.7736286794061575,0.929489969074344,-2.818635701159188,4.8174661673244845,3.0430048919931334,5.30036650858202,0.23826784250675104,-0.1172641259005726,7.710072259124344,-0.43167912300086553,4.652603888483983,0.5137560207910552,5.439309204177,1.2071220005000243,-2.2874896583356925,-1.8865614338806769,-4.920251052681038,0.26932869582316166,-1.8366740288954129,0.40093051056648,-7.207287357533928,2.405692718710408,-4.3616147543837025,-0.7371852455492531,13.2489509920874,4.248687592984769
-2.901243144529986,-7.655429809069224,-1.4970385169312457,3.7074302932033736,-6.461399333619932,-2.708326411018105,-0.8636149529514558,3.1249530107802777,-6.840970923561694,0.8300066641134267,4.221871685353316,-8.421179507403362,2.1349651014647657,-3.378136454025681,-0.9749294188831059,-4.958305643968036,-4.698837102661534,-0.7124108079810447,-4.860848267444252,4.028258660565314,0.0,-7.005534769627007,0.06917469709905502,4.322487068889604,5.291373457902798,-0.5296078959986495,4.943981227978761,-6.032365672041965,-2.8163223306957574,-4.4419128279997295,-7.5152381848322785,0.12363347567986964,5.553524045904392,0.08694329743438478,0.43432201710893703,8.054910121087147,-5.050589789043163,-2.763472513526032,-0.2085592168312072,-9.073198780238927,-9.730632506713661,-4.018607900954716,-4.604528850283121,-1.2369262467712017,0.13673373576961287,-7.210777450271437,-3.0954811921132,-2.5632149580305934,-0.5753162543267344,-5.300397540227288,0.6646334309190803,4.7527522922671155,8.0315553185942,-0.2250564737054312,1.513361962150095,3.5304469054767704,5.026646014057393,6.910654848029756,-1.7927713760373551,-4.7172146060518605,9.734175438099289,3.096745423099238,4.017452749414465,7.746493927039099,1.594643285083572,1.0920370326930224,-2.172573640644423,-2.1495466092804167,1.3898624088377676,6.4619329062003885,0.6109176034655861,0.7042329431646427,0.9682449916516915,-5.343600231509203,0.00949022044819226,1.0612768490756483,-1.6502710171271096,-6.6679738549425505,-0.19380361760559683,-3.134276113558097,5.612458601083689,4.357953499672082,4.302682489329041,2.445197146210154,1.3247440269298425,-1.3839937281671153,-2.203167594107227,-3.149959321260212,1.1953781576753755,-2.5693043566848064,4.574622928380692,1.2963712451266163,-0.06022830278680423,-0.8558200407622916,-1.7178895720871463,-2.436754033967629,-3.3699169804014395,-3.349217170435491,-7.367396043698857,-3.26694246620828
