0.000000000000000000e+00,-3.251413196597413346e+00,-1.104934753891676813e+01,-3.246220341802776410e+00,3.195050392124214600e-01,-3.452377730622459229e+00,-5.320558283892204976e+00,-1.604133847366309151e+00,-4.320871674822369890e+00,-4.122690478070679454e+00,-1.401246511601534239e+00,2.490380278482518417e+00,-1.278772002424243492e+00,8.107202226139649248e-01,-4.981855626950645544e+00,1.413907226027904418e+00,1.960479659068200542e+00,-3.576656518464086165e+00,-6.089007223443221761e+00,1.216782152565533570e+00,-4.442207765753192206e+00,-3.989828934399234139e+00,-1.071517274746968340e+00,-4.379874392997200161e+00,-3.731605624878760796e+00,-1.628104924103075613e+00,-1.216210540749447011e+00,5.681801016187292275e-01,-3.652260292043963963e-01,9.981666013487372480e-01,-3.035294994505661759e+00,7.431345075422990831e+00,-7.131051729259895167e-01,4.471709587467334046e+00,-3.303921626464063177e+00,-5.617739983135465742e+00,-1.654642645948880997e+00,-7.231948806333853952e+00,-4.028705125496490957e+00,4.049278812702791441e+00,-7.655735890132550736e+00,-3.436923863708441385e+00,-1.950374191232610910e+00,-3.964961531379497917e+00,3.866774946581812977e-01,-3.828046733205347607e+00,-1.218242836296001164e+00,-8.412897777235894381e+00,-4.020927134595726926e+00,-4.845284982316343303e+00,-1.210863177807002922e+00,-4.428919814054861348e+00,-4.744227558784649190e+00,-9.208120037092307086e+00,-1.461037726056038322e+00,-3.759281324602956609e-01,-1.393157145145066833e+00,-2.243730266213991964e+00,4.519162054045631649e+00,-4.466104519235899240e+00,2.217419268298817414e+00,1.190143939176938392e+00,-3.189778481734720228e-01,-3.478888458206337742e+00,8.406598594161082683e-02,-4.545977412962948883e+00,-1.378008530388246111e+00,-1.072259592910506987e+00,-1.071179412242337259e+00,1.122844756138044797e+00,8.767878309154109040e-01,-1.485794705429752449e+00,-3.971345901563912761e+00,-1.066678173038981159e+00,-2.256037373204851093e+00,-3.162265897923468128e+00,4.202463633931390774e+00,3.099824923213396310e+00,-1.733419451935585665e+00,1.620036852789559889e+00,-5.263049409182325888e+00,1.728908020182685190e+00,-6.771278695455016816e+00,4.681403396665904992e+00,-3.699859879192686662e+00,1.584077154397356413e+00,-5.148352110881935673e+00,5.314852539972261813e-02,-4.677735626314299289e+00,-3.462134185518727314e+00,1.419171919573054552e+00,7.864375938478097572e-01,-8.701556027855163578e+00,-8.623999106476627929e+00,2.041338401692397220e+00,-4.508847571921197783e+00,3.661865787719769116e-01,-3.686699060633876091e+00,-6.853162116610473920e-01,-1.830078987074260866e+00
-3.251413196597413346e+00,0.000000000000000000e+00,2.715800430911078589e+00,1.671942511767738893e+00,-1.164278675743520841e+00,8.311979565585090768e+00,1.358857008876449335e+00,2.598195461083966595e+00,1.586011710400427432e+00,-8.040686498888316436e-01,-2.468598692979946829e+00,4.515095205175824189e-01,-4.348327479638026460e+00,1.003577220220489119e+00,8.912394267805885395e-01,5.336897771239593191e-02,-1.011804093000423510e+00,-3.760940705723948341e+00,-1.422508635843430458e+00,1.608297647547381137e+00,4.142173327355362034e+00,2.739000364545049138e+00,8.387945514044458095e-01,-2.125621180417487377e+00,-5.012851614528154087e+00,-2.347810745978054392e+00,7.973021520499987247e+00,-3.538410227590223500e-01,1.086451468442821033e+00,-1.658427812517841105e+00,-1.662654561695475541e+00,-3.994527372739192561e+00,7.458752331732632079e+00,1.169974626773010895e+00,-1.861975261204734444e+00,1.801086039584564702e+00,8.058421806829824119e-01,-3.124319326130140961e+00,2.153712137061401855e+00,2.679187571113442079e+00,-1.725907381044980760e+00,-5.874801963448601505e+00,3.448178619501297337e+00,-6.966976591893843995e+00,2.216833102534099709e+00,-3.932758650703207959e+00,1.349473875681314494e+00,-8.896415834351662610e+00,-1.308971798310198387e-01,2.857292102200232886e+00,6.772180596105603634e-01,-7.990341249150147984e-01,6.915895063978833690e+00,-1.730863665486593650e+00,-3.029310229463288096e+00,-1.542488653697928758e+00,5.883232261227074211e+00,-7.399184781621017670e-01,-2.253424312206255387e+00,-4.079317593189347058e+00,6.541692380730409262e+00,-1.398116660262453126e-01,3.444051502403830067e+00,7.398578120257841562e-01,5.602945004508116611e+00,-3.845141070341215439e+00,4.587095190904314279e+00,-5.035359504173857470e-01,-5.195208563957976367e+00,-2.398286704731459551e+00,7.416726823531019974e+00,5.529922738020850437e-01,-1.111793424582940837e+00,1.973117549647504188e+00,-5.572176650668254183e+00,-1.771903876774146402e+00,3.539115988045242744e+00,6.731081038736340005e+00,3.373545047586547163e+00,-1.206614569182859364e+00,4.361827241524515841e+00,4.771244557908286943e+00,-3.399113269123385184e+00,3.475490207530456122e+00,4.030647454504631133e-01,1.241192336841207666e+00,1.444154733579752214e+00,-4.249314185384649445e-01,3.287703327832543376e+00,6.738093217537393542e+00,-1.189982659689055255e+00,-3.062176554539849604e+00,6.028278670221362212e+00,-6.476562086191459677e+00,-9.163119835266462232e+00,-8.321127806729437637e+00,-9.262346161685973689e-01,4.937060589937662947e+00,-1.134270638406797982e-02,1.294422397662451818e+00
-1.104934753891676813e+01,2.715800430911078589e+00,0.000000000000000000e+00,1.884005627443352759e+00,6.893303629883779315e+00,4.894000031387863103e+00,9.735061093850385205e+00,1.121511128961629522e+00,-2.126980311017589553e+00,3.747292957826311888e+00,7.069243691962015852e+00,3.952339464694134108e+00,1.280206925098010151e+00,3.847850615195104407e+00,-1.083507865165199702e+00,4.604184757431522002e+00,-5.038957484998221048e+00,-7.503516555827163259e-01,5.950242925924289494e+00,-7.614599100754666949e+00,6.998464564054785342e+00,6.358362914187264181e+00,8.546641556745303347e+00,7.022239049364990215e+00,1.804018318312833546e+00,5.142265707587711177e+00,5.054580320784274328e-01,-3.848507955557499915e+00,-1.967725431356363686e+00,-1.939403358059098581e+00,1.671695323606096739e+00,1.352500459018191881e-01,6.851671683310889271e-01,-1.376799939051712052e+00,1.010925181832296005e+01,1.157883083517563749e+00,4.124964357482698851e+00,2.934155537303843708e+00,1.748228722569372229e+00,1.805260676701091249e+00,3.529779734527989543e+00,5.482501637966008090e+00,1.039792001481530725e+00,-2.224560817529149137e+00,1.610624661082029396e+00,8.307086979011867101e+00,3.396163317503739343e+00,-3.163780971559776445e-01,-3.511969752101256947e+00,-3.230490285936037931e-01,3.434917209246336256e+00,3.502989883571432372e+00,4.316440763786262735e+00,3.907542528137867510e+00,-7.473207546831759363e-01,2.510054790202321140e+00,7.586042943812994821e+00,-9.722161184212521068e-01,1.026967575385518305e+00,3.729025697091631564e+00,2.746337185489629462e+00,-4.059131451051009698e+00,5.656352274143928049e+00,8.795762954565882197e+00,2.249957104067989710e-01,1.228510237705436881e+00,6.747286959994484690e+00,-6.242908519777307097e-01,-4.652589848425209951e+00,-3.623919068618600026e+00,2.386725509157811842e-01,1.598963254386606359e+00,9.245556576161146900e-01,1.006790778693463650e+01,6.332321387251180766e+00,4.461510730936655733e+00,-5.044520114320728332e+00,2.258417754967130264e+00,5.075778656309386072e+00,4.272187684170284605e+00,6.600964564533052581e+00,-3.789133191725124750e-02,-1.682727332127190945e+00,-2.832126719991732156e+00,-2.405549662510424180e-02,-3.465145868575623567e+00,7.648967653361435914e+00,6.826351465409893571e+00,4.472603567580973660e+00,9.570616311978572099e+00,2.876980946718415311e+00,2.167841936112140822e+00,8.097693556477153720e+00,1.208239767317420110e+00,-7.262150146289768848e+00,-1.190738081656218306e+00,9.157935341558848918e+00,3.861999592077012267e+00,-3.777336855232024782e+00,-1.349876419800461358e+00
-3.246220341802776410e+00,1.671942511767738893e+00,1.884005627443352759e+00,0.000000000000000000e+00,-4.291041748250439269e+00,-1.223034299777739475e+00,4.433891697072593452e+00,-5.042713163599426451e+00,-2.284600895889641325e+00,-4.537995795141973154e+00,-3.099399164308178634e+00,-3.441622463838598378e+00,3.718995317867849870e+00,1.008473910497837522e+01,4.709287165305501510e+00,5.209770610551325731e+00,-4.704926581192497848e-01,-3.618967199587381334e+00,3.848034157294512259e+00,-8.744571040910916082e+00,1.342265309984886024e+00,-2.141460510283184071e+00,3.327440994152095932e+00,-1.602727024878699114e+00,-7.934026048292494693e+00,-2.266612393172689810e+00,1.124621348357875306e+01,1.280130102413251647e+00,-3.772895340727349667e-01,-2.727796940839975370e+00,-3.313810846345039529e+00,-9.333354359765604347e-01,5.499337314005978694e-01,-5.991296566851247452e-01,-2.629176251865141367e+00,7.600571494368128178e+00,-2.979137154559208689e+00,-4.014519889584186707e+00,-3.071053488648479934e+00,-9.708543411803177037e+00,1.520469079576004301e+00,2.591253793815725404e-01,1.645164486122079772e+00,-1.202944398161509110e+00,5.966118259693399040e+00,-4.931696852778511442e+00,-5.541590238195732709e+00,-2.301741495410699834e+00,-3.098603562963055058e+00,5.655324224006579747e+00,-2.469508513449029330e+00,-1.188195421019381026e+00,-5.105177050109739767e+00,-4.338986863740891486e+00,-3.650676784806814901e+00,1.251684605982116949e+00,-5.990574200039826103e+00,-5.822359997246238095e-01,-6.080268087043559255e+00,-3.365339554555702994e-01,-9.382855531480167599e+00,-1.235542374512067221e-01,-5.339131380588328923e-01,1.348431515725849072e+00,-6.762806002741215960e-02,2.705340450760019166e+00,-5.167865440175219760e+00,7.831832369944909722e+00,-2.703541337969850300e+00,-3.682847248521822880e+00,-2.676738390268458279e+00,-4.562444882437182159e+00,-8.113882647237527834e+00,-3.893526917793137532e-01,-4.248432873195604031e+00,-1.253816942386808719e+01,8.559805507984505901e-01,2.332861978680192405e-01,-2.189144724058678104e+00,5.079029924387578276e+00,-1.464032169359594349e+00,-7.467957266702951458e-01,-2.968918016323856879e+00,-4.058432661294094496e-02,-1.551646754182066434e+00,-7.472703945667950265e+00,-2.193279215964940576e+00,5.123576351729002276e+00,3.469231081133722139e+00,1.977274704005615169e-01,-2.968117756829149467e+00,8.206069973006751894e+00,-2.303857523968943777e-01,-1.407928947363456906e+01,-2.435631790225471160e+00,-4.904573809573850696e+00,7.950685848865619576e-01,1.651982226018540834e+00,-5.319279137582028305e+00,-1.359632340554734586e+00
3.195050392124214600e-01,-1.164278675743520841e+00,6.893303629883779315e+00,-4.291041748250439269e+00,0.000000000000000000e+00,-3.009886099600811882e+00,4.224664441644498503e+00,6.800501361627330432e+00,2.321295005477407525e+00,-3.635308922036033064e+00,-8.632629845238163568e+00,-7.347859443187233275e+00,-5.205240308273265448e+00,6.871239664539120717e+00,1.466692667258931992e+00,3.302383970420449177e+00,-3.845890617402989875e+00,-5.437094876846292557e+00,8.168997987168838404e-02,2.353889980557952288e+00,-3.799711667364633172e+00,7.024930337062195385e+00,9.592378747078496914e+00,-3.552833246028729519e+00,-2.102812880328804646e+00,-7.867704781487047327e+00,4.421540430859553616e+00,-4.096080660375321258e+00,-7.534491717365900953e+00,-1.095927462022771692e+00,3.596392649661127372e+00,-2.916740220789538540e+00,1.184584752476265657e-02,3.577423479269113304e+00,9.904011718203699077e-01,7.078132458091460855e+00,-1.711912605268524068e+00,-4.862296776521684905e+00,-1.054568177971945131e+00,4.826811961064072065e+00,-6.865873574416415659e-01,2.224124969057765355e+00,2.713415342119117390e+00,-1.280434568329353207e+00,5.600630033118845219e+00,-2.377444897707897020e+00,-2.482609458260807145e+00,-1.778548126738547674e+00,9.746529057594900403e-01,3.552214781035999636e+00,2.714239186582229735e+00,-3.555198824851203421e-01,4.156457329567616377e+00,2.347971734360695617e+00,-1.555930265287239544e+00,3.978562098233892730e+00,2.048942923500790769e+00,3.005075819242442936e+00,-4.431096071711433382e+00,-5.965814348230169983e+00,-1.442131054084256014e+00,3.293063606678368505e+00,8.456576364885916020e-01,-8.744830256033036875e+00,-1.409017556424295048e+00,-3.543475331029844799e+00,2.236955966078250757e+00,-3.282450112522307339e+00,-7.745173626244055143e+00,-4.096060363760401835e+00,-1.036172113064668610e+00,4.090233395044836406e+00,3.978864089611755528e-02,3.350230281779541297e+00,-7.629835108137872801e+00,-2.289704385348229287e+00,-6.044222331125408409e+00,5.621407395838601495e+00,2.671663857404854348e+00,-1.048264871085401673e+00,3.730022546752601809e+00,1.028229068002486102e+01,-8.149918921824678364e+00,4.396783682056503828e+00,-2.158862045390458895e-01,3.058978111159541324e+00,-4.948051335815605078e+00,3.787650686268453804e+00,8.857735338819864523e+00,4.115412175813875528e+00,1.548953173921583604e+00,-2.998854585090089397e+00,1.429957024474781679e+00,-6.796480203597403680e+00,-2.398118395748274789e+00,-3.935275980991016720e+00,9.307540917518636325e-01,7.886474154775159340e-01,5.643038988041132464e-01,3.544888074584807924e+00
-3.452377730622459229e+00,8.311979565585090768e+00,4.894000031387863103e+00,-1.223034299777739475e+00,-3.009886099600811882e+00,0.000000000000000000e+00,-3.637712170223869279e+00,-7.817102488622100331e+00,-4.208960949703056675e-01,-4.344471891943133990e+00,2.950023807112862606e+00,1.102359192032861257e+00,1.228247456069443633e+00,6.660120231760608966e+00,-9.461458256013335344e-01,4.892687179799501962e+00,-1.016929433866209376e-01,-2.847572119159876625e+00,2.034435238722156924e+00,-6.377101418100361130e+00,-7.321412331797785278e+00,-1.375979733815251072e+00,2.456863096272448033e+00,1.271157822103160084e+00,-4.960221516671917463e+00,-3.098024833750483875e+00,-1.158077310527250603e+00,-7.574054596906322878e+00,-1.788100299932513071e+00,-6.794188579942875172e+00,1.039993999016411541e+00,1.037389287258671189e+01,-5.553155246238845599e+00,-4.300914233431323730e+00,6.487964556088160251e+00,-2.283653613979043318e+00,3.958206345030482076e+00,-1.329537031735146035e+00,-2.166690458159457044e+00,-7.841634347167291130e-01,-4.246365267990059422e+00,-1.412851322852805458e+00,3.732753034349245880e+00,-7.134471249445833330e+00,-1.385297312214607279e+00,5.528726007289428424e-01,-7.404836458485577033e+00,-3.576119005238358017e+00,-3.488028934517508173e+00,-4.404735618929898067e+00,-9.813599927928828848e+00,-3.296363534771318715e+00,-4.108293881589546004e+00,-6.490400315587574909e+00,-2.143759974453124939e-01,-2.679205780656984004e+00,-6.828445809671199740e+00,-1.260067116933944353e+00,6.477929078577386590e-02,-1.844728464275129598e+00,4.743332786514732113e+00,1.014319122709930743e-01,5.436427204123576828e+00,4.250196723423738554e+00,1.142940202683819129e+00,-3.620315467962840761e-01,5.995546650191297955e-01,7.745927386639533951e-01,-4.670240698118681699e+00,-2.292387431147463683e+00,-5.219521778447770544e+00,-7.017544028189662830e-01,1.916235935486735542e+00,3.626966414354278800e+00,8.734161970053210267e-01,5.648112029790084421e-01,-6.417363703998103297e+00,-4.458483953526810595e+00,-4.661900279749959353e+00,4.877184819568696206e+00,1.866357586919684008e+00,4.361747221432567656e+00,-1.575530017715679687e+00,-1.778026147032489401e+00,5.454855878117447210e-01,1.898247519629197910e+00,7.939419641466808342e-01,-4.149734496518536986e+00,2.227731979650405592e+00,2.955022794104918749e+00,4.464363688093634153e+00,-5.835897065253845106e+00,-4.753436920390889497e+00,-7.046925191378027975e+00,-4.780858009495631000e-01,-6.494477944881192677e+00,1.212991137924734203e-03,2.359668809294274361e+00,-2.875922327844278925e+00,-3.008098761396712284e+00
-5.320558283892204976e+00,1.358857008876449335e+00,9.735061093850385205e+00,4.433891697072593452e+00,4.224664441644498503e+00,-3.637712170223869279e+00,0.000000000000000000e+00,-3.588311061848028505e+00,-2.476927476398326222e-01,-3.626047295805469695e+00,-1.153827464075496412e-01,5.192777008673306938e+00,-8.849345494396530398e+00,-1.050627220389966610e+01,-1.416844838552911590e+01,2.339904467868836768e+00,3.638353884503306990e-01,-7.128812026474815156e+00,-5.072367501680194124e+00,6.171261152663204408e-01,-2.462089833054593058e+00,-3.389917346476319260e+00,-1.304692616373583247e+00,-6.465634837772672450e-01,3.667178371812158222e+00,-1.598920328438204752e+00,-3.764812792508916317e+00,2.151497618685682234e+00,-2.069873258556818474e+00,-3.791882088291149255e+00,-4.970378425786858401e+00,1.826262264748219843e+00,-3.172341541942401477e+00,-1.818894481620006998e+00,-3.709875414697081375e+00,-8.730382537251276887e+00,1.122489793421307613e+00,-4.786857324751758735e-01,-1.746120786094955246e+00,-2.738365227061423379e+00,1.694990751845464771e+00,-3.701529275399316532e+00,5.721943587732168268e+00,-2.137434547853231059e+00,-3.810323695477226824e+00,-1.756189073540431966e+00,-1.092587037680530893e+00,3.980792892653930881e+00,-2.527123226583775750e+00,-6.914847987925118566e+00,3.554806456857605212e+00,4.034687817081582750e+00,-5.051565359830748392e+00,-1.223934819606472324e+00,2.679110374448072207e+00,8.167619415924562531e+00,-5.236485821109665428e-01,-7.708965124464140395e+00,-3.472195292109318654e+00,1.239816835031323672e+00,-5.455255736792034682e+00,-7.781490270076427684e+00,-9.289937300466935000e-01,-1.184562412470160503e-01,-1.151064681703156722e+01,-1.004475754734155579e+01,-3.718596557736113528e+00,-4.631609139674630171e+00,6.865882807081007400e-01,-7.352395704471131666e+00,-2.226115093546167323e+00,-2.373689956959849745e+00,-9.938275994641960764e+00,8.825879594046309728e-02,7.197118773065455777e+00,7.944161318264729488e+00,2.831606820486404219e-01,-3.230728377347430236e+00,-1.633783283702853639e+00,4.329064284011455932e+00,-3.421173785425324354e+00,-4.714612446171789095e+00,-1.840146161621843079e+00,3.991090993071456872e+00,-4.700656043354445757e+00,-1.134339829084999723e-01,7.593778701127078534e-01,3.381768076945507850e+00,-1.616048951632252040e+00,2.589632413014994583e+00,-7.022163145123729855e-01,8.049973665209964935e+00,-8.975977885971969883e+00,-5.602705458428343555e+00,4.797752660971093874e+00,-4.995986191693082112e+00,-4.924776329166982158e+00,-7.304141261574516264e+00,6.578838628686269452e+00,-6.557749577709810929e+00
-1.604133847366309151e+00,2.598195461083966595e+00,1.121511128961629522e+00,-5.042713163599426451e+00,6.800501361627330432e+00,-7.817102488622100331e+00,-3.588311061848028505e+00,0.000000000000000000e+00,4.384986085716387372e+00,2.556421590394655219e+00,1.248659258452675447e+00,4.067779851588117168e+00,-2.536202811167143079e+00,-4.574046112756958493e+00,-6.969913217397697203e+00,2.576497063632678941e+00,1.309236175751689046e+00,-2.815343259162036205e+00,-8.121593233587924843e+00,-9.980302497204622370e+00,2.580478502132146801e+00,8.832880592153115273e+00,4.566093547063234226e+00,6.279395643144368044e+00,4.023448681230927804e+00,4.820883985239015068e+00,2.623768794665213289e+00,4.455775408953875250e+00,-5.404587081955171790e+00,-5.672187667707898839e+00,6.090952935253972633e-01,-5.364763626396939600e+00,-3.744528476999113398e+00,8.463069332722582772e+00,-6.250569084624616245e+00,1.849025529146759661e+00,-1.581700628637360939e+00,-2.091498351495553187e+00,-6.777624957691833707e+00,3.154811226362172150e+00,6.330425943970049429e-01,-1.147323760085701583e+00,2.049048412174157840e-01,-9.193393780286598371e-01,-3.520698777840612692e+00,5.569128689294161383e+00,2.065168186647637683e+00,9.087942936661234095e-01,-1.303154498970716890e+00,-5.641479602160319295e+00,1.069665277769563616e+01,1.755307559808814588e+00,-4.006770501934466266e-01,-5.501978155119617853e+00,-1.969134839285045846e+00,3.958050994129550748e+00,2.669499180548021933e+00,4.447472917662379288e+00,1.238954829170227478e+00,3.948380387382976586e+00,-7.304622403930282060e-01,-2.465780578373017562e+00,4.648410973204445185e+00,4.688565748471287264e+00,-4.022443632613788900e+00,-5.020085502804163546e+00,-1.812668015270383626e-01,9.778763977393880591e-01,-2.127588936288473676e+00,3.331087799900878998e+00,-4.801784113807205934e+00,-1.268689181719836023e+00,-1.195275721004440461e+00,1.840791962400761150e+00,-1.198455044349684417e+00,1.810507244248453551e+00,-7.243670392465786811e+00,-5.556233192544605126e-01,2.499576078373749510e+00,4.852279759890871347e+00,-2.617667840556938130e-01,1.307531564676514213e+00,6.742427147736281823e-01,-1.151206963534729733e+00,2.577018996485522795e+00,7.940873591628712092e-01,1.821478306946579639e+00,1.876185230049043084e-01,-2.094865325260445665e+00,9.948375030657578222e+00,-4.810477620089996798e+00,5.131588829597635737e+00,8.701406537048894663e+00,-1.767808944008748773e+00,-6.712046199765591581e+00,-3.840212812314096613e+00,1.492514634286413511e+00,5.609551312800047818e+00,-2.534172708755389802e+00,-3.560183129653015310e+00
-4.320871674822369890e+00,1.586011710400427432e+00,-2.126980311017589553e+00,-2.284600895889641325e+00,2.321295005477407525e+00,-4.208960949703056675e-01,-2.476927476398326222e-01,4.384986085716387372e+00,0.000000000000000000e+00,4.504937125488912564e+00,6.013992743463832724e+00,2.830075075987505073e+00,6.243625859702826020e-01,1.730082412786095647e+00,-1.504405372725862389e+00,1.661595968362822751e+00,-2.316103572913775110e+00,5.391191318150242440e-01,-5.322931036277828376e+00,-1.083545322223912599e+01,-4.079746724097613964e+00,8.935211151427445486e+00,2.659978669777424365e+00,1.052403029839445336e+00,6.498557695749496155e+00,3.767146277076749872e+00,3.877569539263758802e+00,2.913426345287029928e+00,-9.777414870007076209e-01,-6.961242025572883740e+00,-1.636290302877592140e+00,4.233895007078920081e+00,-1.806117446433538332e+00,8.478407840320679512e+00,-1.254382333290699272e-02,-7.859137681799134301e-01,-2.847576190267962826e+00,-1.688975326637438990e+00,-2.408058346120610427e+00,-1.833918373950779723e-01,-1.461068670121705271e+00,-3.522783722096972436e+00,3.309439176799891413e+00,-3.573350393079480547e+00,1.546810980342304964e-01,-6.174226236608324481e-01,-7.655340071468325069e-01,-4.137353289471379370e+00,-3.815155694143043785e+00,-6.934970079948284294e+00,-9.872864082949600606e-01,2.828664446466367721e+00,-1.422069354808906949e-01,-5.091087629807076631e+00,5.026573466479268282e-01,6.405859531751625369e-01,-2.343334445060521354e+00,-1.072414241559361381e+00,4.442013171028323271e+00,6.774043870151493785e+00,7.204675433229487780e+00,-2.452978967702161839e+00,1.215838388320952035e+01,5.339789826158590991e+00,1.421579037334139928e+00,-1.522316416802897532e+00,-2.526279845150189551e+00,-1.521163798134349765e+00,-1.394019933359893271e+00,1.038100053743897355e+00,-5.004179725705447446e+00,4.854401962500881851e+00,4.710755979712471841e+00,4.607158954430638609e+00,-1.633949885404169189e+00,3.412970542009626573e+00,-3.531879057066874328e+00,3.724590644709270926e+00,3.732399661871923069e+00,-4.102208812361371471e-01,7.309115814546189860e+00,4.866947269089290984e+00,-5.124368976288549149e+00,2.990477399637887945e+00,1.507229294357624427e+00,-2.708780862483230578e+00,-2.277073668598629030e+00,2.993735504010233583e+00,-1.694514379045123142e+00,9.137571514049918520e+00,-1.077837842546212288e+00,2.374625816597474959e+00,6.119872201457400074e+00,-5.362135933920932018e+00,-3.618463360838287901e+00,-5.853858011526797966e+00,2.790223998689475682e+00,5.803352746301368548e+00,5.337582723255095418e-01,-3.415455742144944740e+00
-4.122690478070679454e+00,-8.040686498888316436e-01,3.747292957826311888e+00,-4.537995795141973154e+00,-3.635308922036033064e+00,-4.344471891943133990e+00,-3.626047295805469695e+00,2.556421590394655219e+00,4.504937125488912564e+00,0.000000000000000000e+00,4.965770062635823101e-01,-2.254458235999684756e+00,-2.665050436594291750e+00,1.661618386849821105e+00,-7.271551320253105466e+00,7.658957731914766143e-01,-6.710277472161876311e-01,-4.184293216276374849e+00,-5.573450616528010659e-01,-1.629126015316636922e+00,2.180996982566635989e+00,1.213658005771571791e+00,1.177840772626171928e+00,-1.223446693983503364e+00,-2.979406892260373141e+00,-1.038998785534305469e+00,4.670674715497718510e-01,-1.814811037962990481e+00,3.635715211144239234e+00,2.580654323696975450e+00,-2.593465960254774050e+00,-1.509467191799696462e+00,-1.009474115350406098e+00,-2.308961378476164228e+00,6.299283644519408476e+00,1.283585278230402471e+00,-7.771008651871207817e+00,-4.688830537313963376e+00,2.857401860464777066e+00,-3.823914585942069233e-01,2.188741715788958597e+00,2.309962943568346194e+00,6.347914471887604826e+00,-8.211243113828070150e+00,1.160073390177131181e+00,1.255870404634234827e+00,6.505396814899433444e-01,1.865135726891011148e+00,-1.236365773030304371e+00,-6.272149003527541788e-01,-4.240026366754283238e+00,3.824744976249414119e+00,-3.425938584520790808e+00,-3.053953095453535216e+00,4.371285860733110873e+00,-3.262642093658862374e-01,-9.918866784541812365e+00,-6.585184349326079989e+00,-2.012294335633246334e+00,-5.556418392479891111e+00,-2.348807790958415520e+00,-3.974718984701536506e+00,-2.936683298174267431e+00,-4.050505441920266847e+00,-2.631348641294175117e+00,-7.498018320505274836e+00,5.767097396511393192e+00,-8.715199978741711151e-01,-5.292369738673480484e+00,-1.504950348999378518e+00,4.149793835883625270e+00,-6.662202455426857739e+00,-1.249833975062945335e+01,-4.147525806969755147e-01,-4.213266819294688936e+00,1.097732183673447048e+00,1.909017701179909432e+00,-1.571068239502295460e+00,-3.001370141763129329e+00,-8.223928661247831284e-01,-7.191736378420887199e+00,2.350006204527025577e+00,8.968378098944594257e+00,-4.623982944124571226e+00,1.603599112839706242e+00,-8.484093912322772102e-01,-1.664125635614956300e+00,4.446641570721490133e+00,3.692155785802550660e+00,-2.326079083197118980e-02,-2.910701806208221054e+00,2.438291929912430045e-01,1.379481782387822930e+00,2.446549389046937861e+00,-6.625931158803108012e+00,-9.346673501981806353e+00,-3.444565579938155597e+00,-4.311574396830595290e+00,-2.404930134963973565e+00,-6.903802517926950877e+00
-1.401246511601534239e+00,-2.468598692979946829e+00,7.069243691962015852e+00,-3.099399164308178634e+00,-8.632629845238163568e+00,2.950023807112862606e+00,-1.153827464075496412e-01,1.248659258452675447e+00,6.013992743463832724e+00,4.965770062635823101e-01,0.000000000000000000e+00,2.724737011522110119e+00,1.691252694848667248e-01,2.936359475313380596e+00,-1.440370926858554279e+00,9.954993544067550770e-01,2.563074283053102254e-01,-3.446007723675676981e+00,1.531016942544083381e+00,-3.041224451688533392e+00,5.864672525254717605e+00,4.424091127025181480e-01,1.966382592920804306e+00,-3.984841035099007667e-01,-1.405367783456641595e+00,5.323623304008383572e-01,3.265238765147739475e+00,-5.803956915636980796e-01,1.260066732358387620e+00,-2.970121791342925199e+00,6.350937638015390352e-01,1.189937168129886258e+00,-3.698934868910241036e+00,7.471915972855541765e-01,-4.507937071952005104e-01,2.299481060782031960e+00,-5.957376117212136002e+00,-2.335236913058646557e+00,-3.578432930238252485e+00,-1.488655434822996337e+00,3.526355508457009735e-01,4.880616779075439560e+00,7.601230250142213540e-01,-1.091783156474684979e+01,-3.092886188507185441e+00,8.774685135678874648e-01,3.667061208719239573e+00,3.840935338929290843e+00,2.175534113649145063e+00,2.609945777192840044e+00,-1.304531141553521567e-01,1.522758133902578637e+00,-2.623339600514155823e+00,6.400918905814512172e-01,4.627712304895742257e+00,-2.562622619969358251e+00,-2.860780996037111557e+00,-2.864973067394201767e+00,-3.993950055566101165e-01,-5.088606393314606402e-01,-1.521622671100426594e-01,-2.647989766819125013e+00,-3.849887958285593381e+00,-3.841333384236234050e+00,-3.582175106380474094e-01,2.275803609023463903e+00,5.918019573194224670e+00,4.069645547376479655e+00,-4.508002626127141532e+00,-1.728720332790659731e+00,-4.760786168266757379e+00,-3.875196935125470699e+00,-2.490999054513840072e+00,1.577232967992069801e+00,-2.025136217139445360e+00,-2.372332776951453059e+00,4.409786021909380516e+00,-5.330248808414061124e+00,3.428922943684349356e+00,4.784921641271016490e+00,-4.788712610172081163e+00,-1.093864845588738532e+00,-9.492821054485416354e-01,2.538813854135120174e+00,3.408360392280614715e+00,-2.059668545830722203e-02,9.539410781808217443e-01,-3.376787876892757723e+00,2.666467527574361895e+00,3.926408369820755695e+00,1.189215167745447665e+00,2.708678472775982726e+00,-4.729927047538512674e+00,1.795827346142055747e+00,-4.175082404975416495e+00,-7.751723466249401895e+00,1.745440405195954892e+00,2.702866344944215182e+00,5.988006642658230128e+00,2.908342538105960440e+00
2.490380278482518417e+00,4.515095205175824189e-01,3.952339464694134108e+00,-3.441622463838598378e+00,-7.347859443187233275e+00,1.102359192032861257e+00,5.192777008673306938e+00,4.067779851588117168e+00,2.830075075987505073e+00,-2.254458235999684756e+00,2.724737011522110119e+00,0.000000000000000000e+00,2.724523442930540384e-01,-9.530121456862013229e-02,-9.320812593953862191e+00,6.411823445371017671e-02,1.266796907454795562e+00,-1.478963250130023166e+00,-1.352489592817349484e+00,-3.754334445196132464e+00,3.325961223016384416e+00,2.107694871001113857e+00,-3.421281659341275372e+00,-2.456496336468922959e+00,-2.038208131141647339e+00,-1.371483149391676593e+00,5.701484296195085122e+00,4.824465935591478960e+00,1.599108689477259482e+00,-2.987357435193755517e+00,-2.412211849899531302e+00,-2.256991983122301093e+00,-4.335238220813961263e+00,-4.142043768993316277e+00,-2.801247423297424710e+00,4.507264294802257876e-01,-3.547456314333458316e+00,-4.316745080802736112e+00,1.519598654320685860e+00,-4.601638593595195337e-01,-7.012667501146391258e-01,3.383907665019023181e+00,5.150000774475230081e+00,-9.697406057531868129e+00,2.273820445816872038e+00,-3.819949168612167600e+00,-1.591037534321468216e+00,-9.954816906738114257e-01,-4.048384418504168636e+00,3.085154033669043283e+00,-3.587579752847855463e+00,8.059014921647238427e-01,-6.172818961743671728e+00,-4.846150004054096350e+00,1.945604124972536875e+00,-5.918407173173472202e+00,-7.582882653156616470e+00,-1.865543675263044765e+00,5.593073428965337435e+00,-2.420284433224408449e+00,1.925066940876189125e+00,-3.444226258545986408e+00,2.413571612568364277e-01,-2.533600199489266735e+00,1.717341270227893402e+00,-8.033567246009596374e+00,-4.332784747743867459e-01,6.344648829077895513e+00,-7.301669344332090361e+00,-1.482452580263881936e+00,2.271318069854852517e+00,-8.956865665118822761e+00,-4.330849070436826764e+00,-7.942021205863775135e-01,-4.851657565190990451e-01,-5.434418557459275156e+00,-8.963363170205596031e-01,2.449470125279997301e+00,-7.253559386361621897e+00,-1.398854047275246204e+00,2.131587298680874543e-01,6.877532567914348860e+00,3.172734425810516345e+00,-6.611502484235113108e+00,1.338535320873886603e+00,-2.204217579683504180e+00,8.330823072261747675e-02,8.874718952156136487e-01,-2.376982028656857260e+00,4.355367207068206348e+00,-3.052856057360409547e+00,4.773768169777943271e+00,2.112112919609666850e+00,-5.976167643800184059e+00,-9.468027068517629985e+00,-7.140096281924778410e+00,-1.765681161642888464e+00,-3.090827501885084150e+00,2.933298281335340540e+00,3.820321895852779370e+00
-1.278772002424243492e+00,-4.348327479638026460e+00,1.280206925098010151e+00,3.718995317867849870e+00,-5.205240308273265448e+00,1.228247456069443633e+00,-8.849345494396530398e+00,-2.536202811167143079e+00,6.243625859702826020e-01,-2.665050436594291750e+00,1.691252694848667248e-01,2.724523442930540384e-01,0.000000000000000000e+00,-1.937879387155057032e+00,-3.470287467873945264e+00,-4.165566928956670800e+00,-3.556281569365510986e+00,-1.214771539136447753e+00,3.401118255746346630e+00,9.674738392078980898e-01,7.279569475852668781e+00,7.950399847872312797e+00,6.760364615373072539e+00,4.262769785286297797e+00,3.829862513419229203e-02,3.442668062237443038e+00,1.540592345103173111e+00,1.837146567161069610e+00,-3.983653947135505913e+00,-3.121259488053975684e+00,6.362176103082146206e+00,-2.604907925723553008e-01,-8.510396248592146051e+00,-6.246776436034625624e-01,1.107549258522885438e+01,4.966507154613884367e+00,-5.473762868890610811e+00,-4.482406762454981042e+00,-5.334962828977074523e+00,7.001110732467333841e-01,5.718882165089659075e+00,6.477974634497067896e-01,1.560831439505744100e+00,-5.570681164785551864e+00,1.136805708965761319e+01,-2.950064321070111628e+00,2.817454281755220613e+00,-1.065713375836202959e+00,-8.687118701093064388e+00,2.368044232376196767e+00,4.087839445228130586e+00,3.321038571970715836e+00,-4.734591892386200485e+00,-4.838518014234007403e+00,2.474326963003784297e+00,2.235981660512365465e+00,2.313509674941831573e+00,6.070334235806332579e+00,3.260417362793707863e+00,-7.277375965362595789e-01,1.252108743488088205e+00,7.453103585913982698e-01,9.165000905901949935e-01,-3.701502006415779977e+00,1.298753411927124235e+00,-8.289964014778452572e-01,2.886780453455470408e+00,4.818218672328700158e-01,-7.006270250196255489e+00,-1.191425087305045372e+00,3.814511062511085071e-01,-6.691525122671727388e+00,4.645065806410669573e+00,7.238911665651482252e+00,-1.231171717459518256e+00,-2.087604430115335141e+00,-2.385895798535798917e+00,4.212596386294216622e+00,2.572697979496081366e+00,3.354025232815928348e+00,3.986722593969122208e+00,5.425374503270666615e+00,5.243208083968797339e+00,1.979704092780469216e+00,6.090191748367713709e-01,-6.652648175757172488e+00,-7.097125453374744097e-01,6.082160527229399705e+00,2.316045396081259256e+00,3.492085422042288112e+00,4.595335946023931251e-01,2.244243879418107657e+00,6.079022534068640127e+00,-1.235518659453338941e+00,-8.406664397180271919e+00,-3.247446609150204111e+00,-7.564773419941503985e-01,2.276455000866294931e+00,-3.977797361759921602e-01,1.623584797016224490e+00
8.107202226139649248e-01,1.003577220220489119e+00,3.847850615195104407e+00,1.008473910497837522e+01,6.871239664539120717e+00,6.660120231760608966e+00,-1.050627220389966610e+01,-4.574046112756958493e+00,1.730082412786095647e+00,1.661618386849821105e+00,2.936359475313380596e+00,-9.530121456862013229e-02,-1.937879387155057032e+00,0.000000000000000000e+00,-4.906641238167788188e+00,-2.862078629231307847e+00,-2.987527210751582007e+00,1.314311578080272769e+00,-1.285912580052417375e+00,4.136850542862105407e+00,6.341754492399343413e+00,8.615715898105808179e+00,6.267023867523348279e+00,2.015590026098869725e+00,-1.482296346767912665e+00,1.404026888217591695e+00,2.083246710265950430e+00,3.993444089343070491e+00,-1.235703230011024223e+00,-2.803200231270594145e+00,5.811253095224329535e+00,3.187531822816125349e+00,-1.022456153834467329e+01,1.034802269821316623e+00,1.007468374887182172e+01,5.531641555144064526e+00,-5.249099698452012852e+00,-9.091708066108120434e+00,3.252830182361776235e+00,5.087238120739185021e+00,7.667825482311046770e+00,2.881594310578246443e+00,1.071824013100122874e+00,-4.140198623759656193e+00,8.152749439363336847e+00,-3.328467937038007918e+00,-1.095774805362740717e-01,2.111416197281823504e+00,-9.481520328724611701e+00,-1.085607257538492965e+00,7.459259243378310034e-01,-1.206473150611456102e+00,-5.213193342756411219e+00,-7.752990072345393280e+00,1.299805941870070480e+00,3.634854612554633047e+00,-7.052837515592685902e-01,4.019777830736245505e+00,1.768861599174654575e+00,-5.753985711191243801e+00,2.800532617047168049e+00,-3.592890357032728854e+00,-1.272541995298375417e+00,-5.163759447370234845e+00,1.991397089493204930e+00,-4.462165180230097228e+00,9.239318881083823598e+00,5.583246206267322265e+00,-7.565855801464145269e-01,5.715328339111025890e+00,3.340162684330159060e+00,8.163748539685696803e-01,3.683269188071573552e+00,4.615346272892313806e+00,-3.850890086005633872e-01,-1.117833648310027350e-01,-1.464578769456153395e+00,2.387306085728707394e+00,-5.868626914349329704e-01,3.289792142999962365e+00,5.593266327139243543e+00,4.823793086732523605e+00,1.837338430621055174e+00,1.857473482127062425e+00,1.140621598890392718e+00,-1.361125383982267900e+00,2.730956877324603571e+00,3.183324438432179271e+00,7.873381106498170690e-01,5.426093306759651291e+00,7.132084073166171656e+00,4.031297650864862803e+00,1.369159350800981612e+00,-1.888269968889164208e+00,-9.491596297982801689e-01,-1.699208661661221198e-01,-7.103550560767340372e+00,3.129207913887155357e-03,-3.435450853027065321e+00,-7.500778001378641813e-01
-4.981855626950645544e+00,8.912394267805885395e-01,-1.083507865165199702e+00,4.709287165305501510e+00,1.466692667258931992e+00,-9.461458256013335344e-01,-1.416844838552911590e+01,-6.969913217397697203e+00,-1.504405372725862389e+00,-7.271551320253105466e+00,-1.440370926858554279e+00,-9.320812593953862191e+00,-3.470287467873945264e+00,-4.906641238167788188e+00,0.000000000000000000e+00,9.643237570506340006e+00,7.499403736155196398e+00,3.374803925212829014e+00,3.403306575971175363e+00,-3.244700616979228069e+00,1.048863482935336577e+01,4.592146541363270273e+00,7.726746141376724886e+00,2.997982642085103677e+00,3.003759759035117827e-01,5.981113997893983125e+00,5.017416146216883810e+00,1.113445261680291232e+00,6.790892367524472562e+00,1.872288055778670524e+00,4.566847925334205804e+00,-1.685376514793716307e+00,4.653195460219405888e+00,3.158414009326888205e+00,9.201669012757331956e+00,8.278174281095123987e+00,4.471068894629223855e+00,-3.485256660414270402e-01,1.069007979925322260e+01,6.557586014430162313e-01,1.406707636636552650e+01,1.102881304687991815e+01,8.440513611311423858e+00,2.829722325936689487e+00,1.161260512533443112e+01,-4.790704417144288629e-01,6.544047470592093685e-01,3.310014389586522388e+00,-2.523541141846663116e+00,5.363939198676385800e+00,6.251580936959993728e+00,-2.982065903473072321e+00,3.840995348157588474e+00,-4.272065352631729596e+00,6.659691538823991896e-01,8.923660393566620996e+00,3.418559157675757021e+00,1.398477381156702393e+00,2.663213647079864632e+00,-1.314408876703571316e+00,2.404323705263003763e+00,-1.551987183616555965e+00,-1.302797273295618119e+00,2.417044922150415776e+00,3.104523892010633723e+00,1.607682394218490129e+00,6.704389094696115770e+00,3.808545464524278334e-01,2.008410332464391157e+00,6.668325752483262647e+00,2.439268159878114073e+00,6.363309444550771410e+00,3.691009375653006241e+00,7.685011884845087238e+00,2.547094123792251530e+00,1.465055331229823343e+00,7.335232807245382958e+00,8.394888773127862081e+00,5.923358970930700629e+00,7.455998673502991281e+00,1.119807776173877478e+01,9.918151306064658002e+00,3.754097018949955622e+00,1.385188946246245445e+00,-2.518224259789463293e+00,-2.587492794537112673e+00,3.170639712126592347e+00,1.739069128329769898e+00,6.467703398830724204e+00,7.945514138384613290e+00,4.313686287552078724e+00,1.191299323543043798e+00,6.786515274886805393e+00,8.056303357192423631e-01,4.224764010437328521e-01,-2.282876714466473556e-01,-1.273320512651139325e+00,2.093457088216461592e+00,-2.205618873816978631e+00,-1.597426657668226557e+00
