0.000000000000000000e+00,-3.682466131530892639e-01,-8.188281955642649379e+00,9.082815299540012433e-01,-1.281358624985677874e+00,-8.495551700556369212e+00,-6.636996100338318882e+00,-6.432422767736271751e+00,-5.195654778764353665e+00,1.325949921519016250e+00,-1.115569687424175527e+01,-1.131397861656421089e+00,-6.559592049619122900e-01,3.343608318132222479e+00,-2.752822686318280976e+00,-1.356931642440860175e+00,-3.748736404068662154e+00,-1.641245790997045262e+00,-8.655756486463529242e+00,-1.164507826243184319e+01,-1.094548041524301318e+01,-4.624745038823442123e+00,-1.269866890304292451e+00,2.063580843322624148e+00,-1.233571555148785137e+01,2.022539712653307120e+00,1.278222215314379850e+00,-4.461755522575192145e+00,-4.132485931599160778e-01,-4.047171905362908495e-01,-7.181777356043882676e+00,-2.682916401899277492e+00,-1.820804525361573667e+00,3.355938602765197398e+00,1.135530079174074558e+00,-6.848010272786369868e+00,3.967723750364393620e+00,6.964648605328607189e+00,-3.082391967612257755e+00,-3.385759174283555772e+00,-7.407768269074108680e+00,5.482677688806046667e+00,-1.076863477704625716e+01,6.737925776565955260e+00,-8.723637133700059110e+00,-3.116936835588250077e+00,-4.681471166106109250e-01,7.447911973721632606e-01,-1.686085465707038544e+00,1.048637451573636747e+00,4.832872144156741712e+00,2.928828476275102233e+00,-4.435566068395101702e+00,5.617166698294636440e+00,-4.064144296783381627e+00,-1.096768152125580187e+01,5.920805548715361022e-01,-3.438765269096536237e+00,2.047316791039806017e+00,-5.613163224950359798e+00,8.587390061730393320e-01,-5.056193409307476294e+00,-8.813153772018007537e-01,-1.547560217806326044e+01,-2.019737588992077892e+00,-4.090390505098847385e+00,-1.218677775278052655e+00,-3.853315358753260256e+00,-1.127361047032604624e+01,-1.184203610194328782e+01,-1.570443781479420586e+01,-5.130462545237867156e-01,-3.264600172304858106e+00,2.660968777464628232e+00,-5.969277454491025203e+00,-1.371464904230824189e+01,-2.691950977037584014e+00,4.325284348635626053e+00,2.663258529862501778e+00,-1.007898536830695591e+01,-7.046012700510667415e+00,-3.576363520745795999e+00,-6.218726643341376814e+00,5.105216681309769911e-01,4.340148024210920497e+00,-2.391889031583700032e+00,-4.391693063686710197e+00,-1.744225067412479957e+00,-1.219565131306472150e+00,4.255002606424874045e+00,2.357780237324880623e+00,-6.463770190329230836e+00,1.233647540054317426e+00,6.467325264181010169e+00,-9.874379937497877791e+00,-3.995845090901040120e+00,6.468735527117985384e+00,-4.165145274906750572e+00,-1.367855435936321751e+00,5.242284805169963313e+00
-3.682466131530892639e-01,0.000000000000000000e+00,-3.935222305063475812e+00,3.355070122932104493e+00,-5.913503685817020461e+00,-4.952319743654041706e-01,-4.222753538472873158e-01,-1.569149235897024264e+00,-4.546874800202149736e+00,3.531699161878455673e+00,-2.793325041898230277e-01,-3.212517937694939985e+00,-6.247234987460872913e-02,8.286929508212118378e+00,-1.501098655525493264e+00,7.516455992633941374e-01,2.260310671013673556e+00,8.402977178575772754e+00,8.525331628446329191e+00,-1.363246505353732929e-01,-6.376192446710225781e+00,1.000501534856430830e+01,3.234671674859668666e+00,-5.034747874803796819e+00,-1.080033140251152624e+01,6.283108726851865278e+00,7.420210015734521214e+00,-3.571623778884519318e+00,-7.250211606784181306e+00,1.017780508468843825e+00,-3.703245027412672918e+00,5.159480293229846026e+00,3.487813553318921844e+00,9.543049336882740263e+00,1.273915773513029848e+01,2.237687287942817349e+00,5.741809148344576563e+00,-3.182343458529578673e+00,2.983316111616892918e+00,2.383721869553568240e+00,-3.327230782388993280e+00,9.663955315560620818e+00,7.970615867596753112e+00,3.323914266490398894e+00,-1.992923033641352148e+00,-1.074538376660434835e+01,1.116396516217327139e+01,4.760574902616001580e+00,-1.066407038573957466e+00,4.192991801591264611e+00,-3.891696839224524584e+00,7.872511887536168818e-01,4.207727900597799220e+00,-2.270187872578061761e+00,-8.622747974591099540e-01,-2.903396929851064456e+00,-9.539765137317745003e-01,-7.127045230668151099e+00,2.726204414126965681e+00,-1.209961376411263223e-01,-6.688928750115980648e+00,3.922634801845751529e+00,1.995077958694456033e+00,3.117826196161386232e+00,3.361885186309968798e+00,-9.733723603070705277e-01,-7.538325394169670624e+00,6.380368668557758305e+00,-3.021972029678269833e-01,-5.784839418525492327e+00,-4.098990936884607805e+00,6.215322879332670247e+00,-2.648773383581883412e+00,-3.498676824105067862e+00,-2.230531878102528065e+00,-1.273780848157588785e+01,4.876778515067046627e+00,1.590113306769836976e+00,-3.536760189449291492e+00,-5.101249916014321428e+00,4.220605102861706648e+00,-1.845993779374680788e+00,1.410062179108109159e+00,7.349619359112514516e+00,2.600713770846868958e-02,4.422627594305143184e+00,4.767319435320471754e+00,6.611667959693989793e-01,-3.855969037341596906e+00,-2.630969981514624578e+00,2.404169366426541998e+00,2.916724364942358427e+00,-3.030136978866968089e+00,3.127849457610785588e+00,-9.027168272734956034e+00,-3.918389220591943722e+00,1.958334125672616777e+00,2.089169554328333511e+00,-2.566972250356261309e+00,4.421185241345818362e+00
-8.188281955642649379e+00,-3.935222305063475812e+00,0.000000000000000000e+00,2.922031234651099041e+00,4.929851654755602192e-02,3.009830491479088543e+00,-1.884920945805241166e+00,3.797820872840712791e+00,4.158416721245389525e+00,7.218041441283582493e+00,4.118457122344401533e+00,7.766604647356012414e-01,5.259896909451494018e+00,-1.445591582359450900e-01,6.925215995634616206e+00,2.281743510326160518e+00,2.988938748744024654e+00,7.019136684627411249e+00,5.257694966724272057e+00,7.066824040259407802e+00,-2.628705988836874674e+00,7.022712598661041028e+00,7.682954418260428575e+00,4.181260243694042700e+00,-8.824771330377933154e+00,2.267392029003092890e+00,1.382380372778773925e+01,1.750990008567189671e+00,3.311285791369714016e+00,3.393577251547430507e-01,4.364037552936629316e-01,7.884476886179837329e+00,-8.791557050171600052e-01,9.890706204800645551e+00,1.094770958448178177e+01,5.626280540898802585e+00,1.329169936394512241e+01,1.527062290954303236e+00,1.017758408448310981e+01,5.466102842610085943e+00,3.314993189994781986e+00,9.715995589663052101e+00,-6.396229612653766550e-01,1.073411347960425388e+01,1.455289816427178140e+00,8.054622117531083703e+00,1.315577712810956257e+01,1.210300771388531693e+01,4.867357817688477972e+00,6.456030655076898661e+00,1.195316845403160411e-01,5.382499032212072265e+00,8.624848492899046093e+00,-1.317329928674389583e+00,5.183645654041086459e+00,4.952471375516320329e+00,9.188040156379674528e+00,3.700152578761709332e+00,7.332487826408054410e+00,-1.094837593255282154e-01,-4.120804187822938225e+00,5.841386149961596885e+00,6.073129051200275574e-01,2.028720795891134632e+00,4.176237711520020213e+00,3.183812713111051629e+00,-1.406622317204627715e-01,6.531225320060283224e+00,-8.608061094756995768e-01,1.095286840072239531e+00,-3.520171876057325733e+00,-1.983069677346287252e+00,2.776463531352608705e+00,2.307023955433432860e+00,3.874783044030941426e+00,-1.356431961023297550e+00,6.578995432721120196e+00,1.287933388662316547e+00,4.026128763319453796e+00,-1.375214628558227403e+00,6.540570313115390277e+00,-1.732889899793085053e+00,-2.203399869404369660e-01,2.830150545579596111e-01,5.308119754908661392e+00,-7.449399368590209347e-01,5.779810324044897918e+00,2.891000025412685304e+00,7.751163790168736911e-01,7.767239787402181683e+00,9.076767192849439780e+00,-1.646019916961855678e+00,-1.735578119413414999e+00,9.204136404502438751e+00,-3.569978569709038596e-01,3.458194623736047024e+00,4.853134151076717195e+00,7.276940730712571082e-01,8.369497807372226816e+00,8.909621270409092020e+00
9.082815299540012433e-01,3.355070122932104493e+00,2.922031234651099041e+00,0.000000000000000000e+00,-9.556185517785038996e+00,-5.142322871154853203e+00,-9.283815408980931494e+00,-6.495372847404557781e+00,-5.625934381678298735e+00,1.967258904733149016e+00,-7.865169571764941914e+00,-5.569304618622013869e+00,-8.097103016840907941e+00,2.031373923918747604e+00,-7.268888693201829732e+00,-1.633603756150549424e+00,-2.109774160388606212e+00,-3.440988786026056623e+00,-1.387225578217365474e+00,-1.123937951712595762e+01,-8.474754258911801230e+00,-4.937556288682508843e+00,-4.842225389312067918e+00,9.004590553120773722e-01,-7.067023149172078966e+00,-4.624777546029017472e+00,-6.431452836660821459e-01,-9.186727873218165641e+00,-1.191509877270468465e+01,-4.504851425365334450e+00,-1.358985514796237837e+01,-6.776768743143043450e-01,-3.279770253149651094e+00,-2.680198233749440551e+00,5.132737661919225536e-01,-5.726023309463060151e+00,-8.390819668985555424e+00,-2.009575737724041744e+00,-7.347275955442362338e+00,-3.785572690177755995e+00,-1.410923170622112721e+01,-4.676097299734280344e-01,-5.096656786825880303e+00,-2.461003439698031592e+00,-9.412578490145918408e+00,-1.131890881269630178e+01,1.583458717980995134e+00,-6.846305348752659725e+00,1.052188244422596730e+00,-4.600271596937778540e+00,-5.859787050904531114e+00,-2.160000703167424874e+00,-5.037000917043148895e+00,-3.096105117225640968e-01,2.242669842819413617e-01,-8.976484396958264611e+00,-2.388759552395895991e+00,-7.501559835365068984e+00,-5.751954667904427332e+00,-7.135777066982180727e+00,-8.158838860879091825e+00,-1.785504158862174506e+00,-3.779993804242462119e+00,-5.874995092026867205e+00,-4.640795128222713117e+00,-6.490188964043067443e+00,-1.754661818823205977e+01,6.564483326223248261e-01,-5.568241289113157855e+00,-8.205071106787732660e+00,-1.164338629226625166e+01,-4.607788027016512800e+00,-9.606670766566040243e+00,-5.020238895628990505e+00,-2.116194927276112470e+00,-1.436971540801637381e+01,-1.164460760042685905e+01,-6.569331219339867189e+00,-4.107686828069871510e+00,-1.341802574972322581e+01,-1.075826532421233672e+01,-1.658467499037741177e+01,-1.252017359274530062e+00,4.776990729772737865e+00,-6.505464844697108617e+00,7.798920672235756246e-01,-1.128702438438483924e+01,-8.575618579911859385e+00,-7.497095503965079288e+00,-1.186370233718306011e+01,-2.042460343242001652e+00,-4.529911311459547951e-01,-6.488445019478829012e-01,-1.748232636228608250e+00,-4.746368950609771709e+00,-7.172877306657817087e+00,-4.244828786699877732e+00,-7.639864755347304026e+00,-5.401778748867452684e+00,-7.886859410038772111e+00
-1.281358624985677874e+00,-5.913503685817020461e+00,4.929851654755602192e-02,-9.556185517785038996e+00,0.000000000000000000e+00,9.368502790982002892e+00,-2.808527747309782274e+00,-1.164977302096585676e+00,1.082902808975836884e+01,-9.330871794517689999e-01,6.089606011593651225e+00,1.810096550335734911e+00,4.409213271022803582e+00,7.492040914942340812e+00,5.191194107719626416e+00,9.168220380475916587e-01,4.330464498294712250e+00,5.517944419327655226e+00,4.196504678472004812e+00,1.906278023106905639e+00,3.090323835119525686e+00,8.444649852063491835e+00,7.440761827902060865e+00,9.225096270807391363e+00,8.158686974048302565e-01,1.573768984371538160e+01,9.425484798723596791e-01,7.254704655999181240e-01,-4.553924397857496587e+00,8.339533333526940595e+00,-9.087814984881479319e-01,8.045692946563164583e+00,5.724689751947931171e+00,1.990399857298357444e+00,1.149283606945348168e+01,5.651112908769216681e+00,6.147734298165819844e+00,5.962967435666257643e+00,2.301194154141024573e+00,-1.312114253252485430e+00,-3.892937086408974956e+00,1.001105110006837329e+01,3.099507557626311360e+00,5.330822214052815866e+00,-9.283920019221858055e+00,-9.864917183182868143e+00,1.035120767135470565e+01,2.421947755532655400e+00,8.222610580942291136e+00,-5.865265818612116488e-01,2.343657274853093941e+00,8.572165509854569265e+00,8.505840429005308678e+00,4.518412511542941878e+00,9.651317171256220462e+00,5.074652877942058993e+00,9.604869859204177018e+00,4.790399165726506148e+00,-9.002946908978322060e-01,-3.210522032348145594e+00,-7.448687542619191859e+00,6.794695969234929578e-01,6.534721978163299028e+00,5.887283406147129083e-01,5.138295823026636455e+00,7.871047476639786211e+00,-5.800137273994170783e+00,3.735667811992794629e+00,-4.802500123618875350e+00,-3.595896304122835341e-01,-2.246710635687811042e+00,8.663053705848659192e+00,-1.030617069607011604e+00,5.865416338724829259e+00,4.007347599658324988e+00,-3.714670547260708666e+00,2.049734510257393283e-01,7.335711896768167151e+00,-4.862085275086584168e+00,-7.163314531281753439e+00,5.331264213248199546e+00,-5.387405755982557221e-01,4.644973362295623076e+00,5.899881259265834288e+00,3.995915263008618545e+00,-1.650617045852341258e+00,2.051741467865818347e+00,7.186378515284544299e+00,5.473204934296240776e-01,-4.286234786734207880e+00,5.845605633498940357e+00,1.002570862523299411e+01,6.287267592805556582e+00,2.226972896989071860e+00,-5.495419347298435842e-01,-1.123814618624806805e+00,3.053760720923321070e+00,-9.631163124491765259e+00,6.789260100196905512e+00,-2.470498397097963927e+00
-8.495551700556369212e+00,-4.952319743654041706e-01,3.009830491479088543e+00,-5.142322871154853203e+00,9.368502790982002892e+00,0.000000000000000000e+00,-9.051943079869667841e+00,4.867804987840373521e+00,-1.264699104753854497e+00,-2.529582919952960474e+00,3.153106559247002671e+00,-6.996574182137799802e+00,7.266371655312593880e+00,-2.470560845422728469e-03,6.565697664168690384e-01,1.112441579210272558e+01,-7.423151245830643674e-01,1.193190123348058407e+01,3.462614854840111001e+00,6.132547630449107778e+00,-6.623402865445634724e+00,7.509483917528660513e+00,3.300404742388950208e+00,-2.822572948830380124e+00,-5.844868187405217519e+00,-8.880307213278079814e+00,1.980894134543943252e+00,-2.839441267912422351e+00,-1.253077197831296452e+00,-7.055589070664512796e+00,-9.828321124760504901e+00,3.268639239862295653e+00,3.194069103873349302e-01,5.879260572267826390e+00,6.873681600697054250e+00,3.379834872401155099e+00,8.337587360122011404e+00,-6.802316216514644687e+00,-2.775037679028078408e+00,-6.038635394938177470e+00,-3.586960655125658981e+00,5.700148153402445850e+00,3.270059464194458698e+00,-3.318766483847225057e+00,3.872735078077810478e+00,1.347795019487068036e+00,5.357768977554339784e+00,5.203744066956105918e+00,2.828095263225070544e-01,2.612535335015078619e+00,3.842820774360919400e-01,4.914446125455050662e+00,3.352417478809219809e-01,7.570629560606084718e-01,5.123643512634570296e-01,-6.245644601311294508e+00,8.645723549341386871e+00,-6.597264089632040029e-01,2.142337266865013579e+00,-3.668745918442653409e+00,-5.310434488027023114e+00,3.447932022397039109e+00,5.359079368258999665e+00,2.432534619727769964e+00,-1.127692850068758634e+00,-1.750472720426980544e+00,4.522977821892085082e+00,6.306655174921347751e+00,-6.364696444630177918e-01,3.692281498037524923e+00,-1.754319103135697278e+00,4.543463855619993275e-02,3.975790455958701397e+00,-4.215968829029378639e+00,-5.108521545778572204e+00,-3.206032960962069023e+00,3.581540341092678936e+00,7.130724346762321586e-01,4.814075320054779006e+00,3.012998943844495070e+00,5.270788000699993425e+00,5.835532446581237487e+00,-1.954343432854626972e+00,-1.805089303824547686e+00,-2.607486019033123714e+00,1.669011109542875460e+00,4.345872451471943343e+00,-1.250476396482963715e+00,8.680299220130069937e-01,1.325810126097777264e+01,1.370343089904600475e+01,-2.342603818891008771e+00,6.136561643324723869e-01,3.108169788455012572e+00,-5.668729364015727412e-02,9.611344433458767211e-01,1.070763457068974356e+00,5.634305486630570847e+00,2.220668978713572272e+00,5.959887064728061290e+00
-6.636996100338318882e+00,-4.222753538472873158e-01,-1.884920945805241166e+00,-9.283815408980931494e+00,-2.808527747309782274e+00,-9.051943079869667841e+00,0.000000000000000000e+00,7.432622322625422662e+00,1.028931510769676194e+01,9.440335773999493085e+00,6.706170183902298021e+00,-1.049993528587031433e+00,8.453801478352680476e+00,7.893624374666881494e+00,1.451997831349422263e+01,4.521659630381726025e+00,1.061372102831180442e+00,1.246690928390463426e+01,6.407140833555929227e+00,1.259828336440445540e+01,4.357134590108465488e+00,3.807930664199259962e-01,7.617998375277633016e+00,2.086504745891093915e+00,1.011348197114757319e+01,-2.087015163768248804e+00,2.033481810793954736e+00,6.410402689670618770e+00,3.690399649806654025e+00,9.583490450981534181e+00,-8.249463301275659077e-01,3.944653874357320067e+00,3.389447277519911150e+00,2.210069328200694905e+00,2.355239907311601044e+00,1.237130658276210049e+01,9.021972489195913880e+00,3.724865928373774615e+00,5.915086252452259608e+00,-4.673399507802562525e-01,5.247690843858134890e+00,7.618778365027464083e+00,-3.086833642372441400e+00,-1.227195697385466033e+01,-3.537143503403337719e-01,2.567601122953921511e+00,4.741561928834799211e+00,9.909543033135795653e+00,7.450591482126301734e+00,8.170615376763191051e+00,5.805666741283585175e+00,8.066612853132486549e+00,7.241707401900185914e+00,1.054612489293387245e+00,9.144271150237896606e+00,4.445718493657762060e+00,1.045868548577743518e+01,2.024937868663950535e+00,1.001176584142090320e+01,-1.061499739969711920e+00,-4.210477764092717123e+00,8.557586181015961913e+00,7.035599765537611461e+00,7.954162535460406191e-01,1.726088390258558292e+01,7.767816215376421418e+00,6.801629539632656929e+00,3.146444093583805390e+00,4.799602152232721686e+00,1.290517302660658494e+01,6.161671011294852285e+00,4.863998798470637652e+00,9.673325225228211366e+00,8.022147809913926508e+00,1.340523717491702571e-01,3.972458260990417322e+00,9.015747244243188518e+00,1.110805415442685451e+01,2.913466012575972819e+00,5.141034605901167787e+00,4.732527652467140911e+00,5.860359059101711843e+00,3.467154501858444871e+00,3.249274869651228137e+00,3.830641431962297894e+00,-2.997179572470072717e+00,1.039208232307257695e+01,1.216136161526001480e+01,1.207257333247346587e+01,2.753149752633512470e+00,8.920348578009958729e+00,7.055939798552291364e+00,7.599101604015385369e+00,1.927055644093548681e+00,-4.121929776939395329e-01,1.978722926305018559e+00,9.747546128140474053e+00,4.345692207140408492e+00,1.139161431352054166e+01,8.504522606181666333e+00
-6.432422767736271751e+00,-1.569149235897024264e+00,3.797820872840712791e+00,-6.495372847404557781e+00,-1.164977302096585676e+00,4.867804987840373521e+00,7.432622322625422662e+00,0.000000000000000000e+00,-4.209199291315718128e+00,4.824852974698567110e+00,-7.465312576347109541e+00,-9.472693984905678377e+00,2.378571003175217857e+00,-2.713612227174431624e+00,-4.012294927166069947e+00,3.430054193578432553e+00,-2.831207927172658678e+00,9.898428352112319528e-01,-2.107473004503944036e+00,-1.082544621404086982e+01,-6.513409691590789308e+00,-3.026088039226381365e+00,-5.709042944805743147e+00,-4.663553682131190925e+00,-8.526440075670457253e-01,-9.069299599377830035e+00,4.662690987219044736e+00,-7.294465751997257996e+00,-4.068423991021398400e+00,-8.566561426216059427e-01,-4.275972688598597138e+00,1.257812098396844380e+00,-3.833033220621671067e+00,-1.544208161553526581e+00,1.714690313689543055e+00,-2.611437099185491828e+00,2.364486309058038138e+00,3.187110602028218054e-01,-5.074259214226722214e+00,-3.097372360682277392e+00,-2.691500217901071856e+00,3.273214288601750788e+00,-5.961271306394123393e+00,-4.278136809293994425e+00,-4.611213997442675350e+00,-1.221594101941002375e+00,1.336127090269266571e+00,5.468239984671252607e-01,-7.104862244019919393e-01,1.341180567236541554e+00,1.548170086020625336e+00,-2.408568900492236597e+00,-5.982560432506726228e-03,8.089727314610744457e+00,-3.984053813539416011e-01,-1.115609277466429106e+01,1.924461790007895967e+00,-5.401324278141127699e+00,6.055137044455049633e+00,-6.551522198071614511e+00,-2.282360264042862852e+00,5.403195063680787058e+00,5.826657990477757565e+00,-3.448093832419876215e+00,4.911354190410867737e+00,-2.686534739308985564e+00,-5.271952417481261755e+00,-4.389754197581285489e+00,8.665381870581093438e+00,-1.401624538858291524e+00,-1.129272413092938976e+01,-2.709378427329617978e+00,-3.739879378467299897e+00,2.455123877887224637e+00,-1.085635006651287782e+01,-7.361519273366588401e+00,-2.752299382849309417e+00,-2.814028932561449370e+00,1.986428872593569428e-01,-7.847496738408529460e+00,-1.946477827915302772e+00,-1.414030890031399590e+00,-6.545119651424557983e-01,2.305023092319705036e+00,-2.145252986610231005e+00,4.058696232791773717e+00,2.118637975003760054e+00,-6.721358374694723636e+00,-2.402077908495169112e+00,5.626473164820102735e-01,6.531633902377279810e+00,-9.131767093857698914e-01,4.955955245699241729e+00,2.887618287000663031e+00,-1.020543833842493164e+01,-8.453133682403503713e+00,4.400131868862194318e-01,2.669989822879085040e+00,-2.707497996966326426e+00,4.751010578545969310e+00
-5.195654778764353665e+00,-4.546874800202149736e+00,4.158416721245389525e+00,-5.625934381678298735e+00,1.082902808975836884e+01,-1.264699104753854497e+00,1.028931510769676194e+01,-4.209199291315718128e+00,0.000000000000000000e+00,-3.973009181530836820e+00,2.247279094161799939e+00,-3.697054458729335913e+00,-6.854265549785686362e-01,1.089421847645418495e+00,-6.727778554664675781e+00,3.309450021502018835e+00,-1.265753045292836498e+00,1.397907504907817344e+00,-2.439813483821332341e+00,-4.892988987808461587e+00,-5.647789679520625050e+00,-1.438847484558782419e+00,-2.354786229415877230e+00,1.383073254466821389e+00,-7.468627631402209310e+00,-5.356158821266063796e+00,-1.470885293974296015e+00,-1.588183844685316037e+00,-1.640283048104251629e+00,-3.048867284858005622e-01,-7.424718047785896502e+00,4.057783150243270853e+00,-8.089630865814788407e+00,-1.597923011683372030e+00,3.623459524980102042e+00,-4.800670797522088584e+00,3.355061184953592512e+00,-6.248976938332527098e+00,-1.213302299904285064e+01,-1.177928974978727794e+01,-1.119865836486793498e+01,-2.989027056530440873e+00,4.388519314739014909e+00,6.849797804387654843e+00,6.715691687142200550e+00,-4.105556256215760591e+00,4.770287945910714811e+00,-1.028978177205634781e+00,-2.398983352184329565e+00,2.532320125608951145e+00,2.437056387787506662e+00,6.913305087807440685e+00,3.021570658614556315e+00,2.893727711347770182e+00,5.374029075114618692e+00,-2.510900117746830862e+00,4.179832188391736203e+00,1.242093798714326791e+00,2.912529000498602638e+00,1.557912533143605005e+00,-8.838684520899061425e+00,-1.366655778449504144e+00,3.614850236849262544e+00,3.144834293588838037e+00,2.902473436712706967e+00,-1.830163339091940733e+00,-3.944117582020785218e+00,8.157230540227308424e+00,1.105099194924235251e+00,-5.206257232394565726e+00,-9.296777460669041204e+00,-1.851698509896552602e+00,-3.500678191406412676e+00,-9.101229841162714607e-01,-2.872636641918635547e+00,-1.544631808227699743e+00,-6.208425332946626574e-01,2.654394373526219209e+00,3.113273023068509282e+00,-4.167480747632892779e+00,3.229851816543521270e+00,2.265239526552902394e+00,-1.526218641607753446e+00,3.592228221249000431e+00,-1.565795550618306109e+00,9.429364280377553698e+00,5.330487863301791585e+00,2.004520409210277521e+00,-5.098965327094138189e+00,-1.945950649243609387e+00,6.295187077757719685e+00,-1.651575918917652097e-01,1.068345723133180769e+00,8.938781294889347473e-01,-2.191634211720544789e-01,1.005766239368516146e+01,-3.955162833798796296e+00,-3.295142909905366402e+00,1.937108731773655945e+00,1.418193617278321050e-02
1.325949921519016250e+00,3.531699161878455673e+00,7.218041441283582493e+00,1.967258904733149016e+00,-9.330871794517689999e-01,-2.529582919952960474e+00,9.440335773999493085e+00,4.824852974698567110e+00,-3.973009181530836820e+00,0.000000000000000000e+00,-2.423800911339483832e+00,-1.893825281880711087e-01,9.666034703290891983e+00,3.681044784353501242e+00,-4.257840713293545853e-01,-3.524236208059298381e+00,6.412343148339084919e+00,3.038904510989429486e+00,5.542427765668138662e+00,1.590260105648255928e+00,3.022488992307280409e+00,-4.671644074063172059e-01,-5.887042051748253568e-01,4.501447383603705832e-02,-4.556245701019859595e+00,-2.728906111142732627e+00,-2.429185071870644030e+00,-3.302629977943365880e+00,-2.846438385051588971e-01,2.573214828396897413e+00,-1.082039064301580567e+01,-2.661299059513267729e+00,-8.205492370068813157e-01,3.343537108731820862e+00,-6.326649445650067705e-01,8.787428391349367818e-01,1.027373748113520868e+01,-2.199924143835455759e+00,3.761795861039861411e+00,-7.079789246261662949e-01,-3.573975270298013651e+00,1.267174525069596847e+01,-2.418621175244902943e+00,2.915436071848489963e+00,-9.958191632563289986e+00,-1.020736150243766005e+01,-8.669834406880241318e-01,4.449560145372259967e-01,2.292867440727457851e+00,2.282486978794986854e+00,-6.822131918480742740e+00,1.234065533901596290e-01,2.073389956575966142e+00,-3.170124990973603119e+00,-2.480094095331341730e+00,-8.305646704911668898e-01,-2.196078772515139277e-01,-3.622400977015757473e+00,-1.312199521406409164e-01,-1.120944139521277272e+01,-1.103888442522672619e+01,2.676287377285353486e+00,4.882663796814416202e+00,2.146604714788124202e+00,2.112419033311951466e+00,1.007297216594788880e+00,-3.465318401638895818e+00,7.173242168228086690e+00,1.519439512384403779e+00,-2.630792752298868997e+00,-1.014728734084434092e-01,-5.464130747787172560e-01,1.393308953199517086e+00,-4.501388918534822703e-01,-2.209362749319903063e+00,-9.576215238341225344e+00,5.267133002307683221e+00,1.128415430483233450e+01,-5.112969136396210423e+00,-7.852155740175795984e+00,7.413323909229530884e+00,1.470549523339304887e+00,-5.113971726877009516e+00,5.441550391459737845e+00,2.588148459621440356e+00,9.147361195159071645e-01,9.214003126319235681e-01,5.051746099840912052e+00,-4.233053061973945930e+00,-1.871027270136622400e+00,-2.738507733115685738e+00,5.118323659686057958e+00,-1.034795351773529326e+01,4.394876093130918981e+00,-1.926098957292463609e+00,2.936725620206943166e+00,1.920592857458235825e+00,-4.004815159506303068e-01,7.862899264350887485e+00,-4.218469546566077644e-01
-1.115569687424175527e+01,-2.793325041898230277e-01,4.118457122344401533e+00,-7.865169571764941914e+00,6.089606011593651225e+00,3.153106559247002671e+00,6.706170183902298021e+00,-7.465312576347109541e+00,2.247279094161799939e+00,-2.423800911339483832e+00,0.000000000000000000e+00,2.651645634188749323e+00,-5.974873846463819582e+00,4.758285924394227706e+00,-5.081458301951034429e+00,9.029591523512271678e+00,1.960278717290704131e+00,1.199689122416679465e+00,-1.487865334029403686e+00,-3.102010609588666146e+00,-3.317315919934632706e+00,-2.689402780859664888e-01,2.751029254435920501e-01,7.475403623563655620e-01,1.641912704244692156e+00,-1.192498942802880046e+00,-9.283214473596325789e+00,-9.711743478541247754e+00,-7.945939206646041031e-01,6.148569083607903885e+00,-1.393098058080721291e+00,8.653676184842776786e-01,6.107360773742138704e+00,9.752295497828116666e+00,5.096710338472721702e+00,-3.497556918254071334e+00,1.906326993456414876e+00,-1.024166549195452136e+00,1.409256308080950149e+00,-3.740664818825662596e+00,6.160052903275954783e+00,3.489099056020225298e+00,1.382589346196429370e+00,2.270200025337657301e+00,-4.890488584327595589e+00,8.673719636199744842e-01,7.466808027826538741e+00,5.018361855367469815e+00,7.563658934713566317e-01,-5.849024657605857769e+00,3.139605549008300578e+00,1.389031700746157449e+00,3.572056663462891635e+00,-1.218658518795183165e-01,-1.812997252638081314e+00,-8.641941369991393174e+00,7.659161212482346492e+00,3.677958252216194879e+00,4.781385687411222385e+00,-2.194163256950945939e+00,-4.504729381825193890e+00,-3.860017556821708329e+00,-2.725949648472164810e+00,-9.503961545515039688e+00,2.167129522255234697e+00,-1.104093925925707653e+00,3.925532555351864128e-02,-1.029113169162384045e+00,-3.308731961089422802e-02,-9.771962845838791267e+00,-8.833688445277093848e+00,4.172633670875785405e+00,-4.025619541062406270e+00,6.771257214149078996e-01,-4.010557302913634992e+00,-5.547345806311324345e+00,2.840733674017722699e+00,-7.582568814519873301e-01,-4.532733588204562736e+00,-3.728938607879565548e-01,-4.080141631138874736e+00,-2.403002313214325891e+00,-3.220056795528928539e+00,7.030721063849637353e+00,-6.077926894870926133e-02,-6.111801967619830300e+00,-1.164783991589032786e+00,3.561377549199563841e+00,-3.977173727926869851e-01,3.455219235026255387e+00,-1.503326150405265071e+00,-3.907466713712202111e+00,4.876556486164576931e+00,6.141347307052962279e-01,-9.315407717312652380e+00,-1.705882297713349205e-01,2.448427460172257764e+00,4.246759043145940105e+00,6.775266809101717413e+00,-2.336259462416398147e+00
-1.131397861656421089e+00,-3.212517937694939985e+00,7.766604647356012414e-01,-5.569304618622013869e+00,1.810096550335734911e+00,-6.996574182137799802e+00,-1.049993528587031433e+00,-9.472693984905678377e+00,-3.697054458729335913e+00,-1.893825281880711087e-01,2.651645634188749323e+00,0.000000000000000000e+00,-3.157555517748082963e+00,2.051825667293209143e+00,3.550520237773358012e+00,1.398623033752729761e+01,7.413307335964449685e+00,3.076211458101742569e+00,4.137159659796687983e+00,4.534689502270653705e+00,-1.907002334633396412e+00,2.027906624539262737e+00,4.132490429226330697e+00,-1.607401771464345153e+00,-3.070733942259026072e+00,2.728353206229244265e-01,-9.959975233940446815e-01,-3.688122695537772167e-01,5.977391393053985702e+00,1.142155392701416528e+00,-4.004579044827561773e+00,3.185362520465540914e+00,8.593527551339472659e-01,6.233919936563856012e+00,8.866652491719548834e+00,7.857117747458886470e+00,1.059144022017208364e+01,-6.619170983187082635e-01,1.280865089735147899e+00,2.913154661232005616e+00,-2.619986012019281052e+00,4.360029456142846982e+00,-2.328740539728403558e+00,5.664175275446516444e+00,-5.778303358874636864e-01,-7.047919674860128936e+00,2.176914620824831614e-01,-2.058325306239870756e+00,8.349520852601918008e+00,1.995515449623063375e+00,3.061355158389326370e+00,9.302346970259065539e-01,5.869734685633809512e+00,-2.022077297233064286e+00,1.163043944707900224e+01,-5.390832507574926602e+00,9.448375164073596011e+00,6.431956955605229176e+00,1.160941311095642803e+01,-5.156065203452325996e+00,-1.631780328961990767e+00,4.678405258070481132e+00,6.411982276416256177e+00,-9.256936619015575518e-01,5.491615085770041205e+00,7.860343857966488379e+00,5.386229800019963765e-01,6.054904464598304115e-01,3.864893374113255398e+00,-4.272403771393506133e+00,-1.742306118234919321e+00,1.796078743664377253e+00,3.519631516001446303e-01,1.225294625235453516e+00,-1.381663285510911887e+00,-1.719008389404259596e+00,5.612531920832949162e+00,3.870978945350248779e+00,-5.459991946317710010e+00,-6.000916020571526843e+00,3.497208484975046439e+00,4.611658615738109646e+00,1.019961658855073505e+00,5.313260481367014343e+00,5.705686118220854475e+00,3.859043280415724197e+00,1.892565197815323286e+00,2.804315880080895163e+00,1.540273730414847275e-01,1.706963073393994224e+00,1.783676057728897257e+00,1.176430080926537869e+01,-5.867137933632716740e-01,7.651443582182969827e+00,-1.546087999142258917e+00,3.608328641768904443e+00,3.488687445861136105e+00,3.412878968015507830e+00,8.841933647699583787e+00,-2.859668963927367802e+00
-6.559592049619122900e-01,-6.247234987460872913e-02,5.259896909451494018e+00,-8.097103016840907941e+00,4.409213271022803582e+00,7.266371655312593880e+00,8.453801478352680476e+00,2.378571003175217857e+00,-6.854265549785686362e-01,9.666034703290891983e+00,-5.974873846463819582e+00,-3.157555517748082963e+00,0.000000000000000000e+00,3.248080033597391836e+00,-6.164639052575365596e+00,1.273647407251695451e+00,1.704108001961008645e+00,-1.209787449231793843e+01,-4.221774680767425458e+00,-1.159055897232166643e+01,-5.886286027510921670e+00,5.001337448361866667e-01,-3.852334962323691769e+00,9.254886344839791334e+00,-5.659796515181438892e+00,7.244968259461787241e+00,3.845523899431995574e+00,-2.136373868240041940e+00,-9.733660527748943636e+00,-3.238970075588238351e-01,1.071203650236201899e+00,4.253360172608980250e+00,2.385901371657181969e+00,-1.467306948423300117e+00,1.148422373197366397e+01,-3.922675723193713715e+00,-5.505873372622883011e+00,-2.347965235681676255e+00,-4.828923435474917980e+00,2.609867381479731296e-01,-2.193507264255918798e+00,5.073380161621485307e+00,-9.670346042722003377e-01,3.623363697188165311e+00,3.865865117746395407e-01,-6.097146614603033754e+00,5.050340703198618719e+00,-1.665993803650690719e+00,-7.552158099255681378e+00,-5.682268558342014053e+00,3.836635626294603973e+00,-2.719173708595338024e+00,-5.887103972739760493e+00,2.739695897334008645e+00,7.101401152092736702e-01,-4.959168620569222696e+00,2.921542163183024510e+00,6.839324001293110022e+00,-4.282042398560796492e+00,-4.323959492194825671e+00,-8.116352905984035360e+00,-2.614132878837545526e+00,5.972351180613721056e+00,-2.011427655159712113e+00,-2.133989574275368728e+00,-4.998865866018097570e+00,-5.232838253514779936e+00,-4.159053040577887828e+00,-7.664133610188580192e+00,-1.697312566167812875e+01,-1.671444999116509322e+01,-1.744990058667403199e+00,-7.848599455265431679e+00,-2.427597924394630027e-02,-4.664508324933970052e+00,-3.009328915915430169e+00,-1.608605224240801546e+00,2.770565382347129901e+00,-1.555115056896740677e+00,-1.084247714106995497e+00,-5.630825372816647523e+00,-4.781196486338366469e+00,-1.421769343836354560e+00,1.745558859340151869e+00,1.808164011298150298e+00,3.078140948890668582e+00,-9.014205801605653434e+00,1.303343096500739762e+00,-1.205471481966868819e+00,3.551503663902978225e+00,1.472811332751687408e+00,4.106133790595553279e+00,8.895472953654769199e+00,5.243443090520222283e-01,-2.701406783417485524e+00,-1.554181632135753333e+00,-1.401396953910367005e+00,-3.728445243501391282e+00,-2.155719410935765801e+00,1.210694802086020649e+00
3.343608318132222479e+00,8.286929508212118378e+00,-1.445591582359450900e-01,2.031373923918747604e+00,7.492040914942340812e+00,-2.470560845422728469e-03,7.893624374666881494e+00,-2.713612227174431624e+00,1.089421847645418495e+00,3.681044784353501242e+00,4.758285924394227706e+00,2.051825667293209143e+00,3.248080033597391836e+00,0.000000000000000000e+00,2.351573238571615931e+00,1.285167031940102511e+00,1.397843534610146765e+00,-4.348296505237335907e+00,-1.304357999688890324e+00,-4.769198249135191858e+00,5.331695640423633975e+00,-5.790495206678867746e+00,-2.729435736637507048e+00,-2.766913897598448635e+00,-7.164158007121419480e+00,-5.349190631389529216e+00,-1.616298476646848670e+00,-7.826732982569946095e-01,-3.995162871912222524e+00,-5.409849966794500808e+00,-6.813191685191526403e-01,-6.300693656977948365e+00,-1.631252055671757573e+00,-5.079558267449038045e-01,4.147462404315252371e+00,-4.227752293439887565e-01,-7.909804036596222332e+00,-1.982456668844269743e+00,-5.626601361297479009e+00,-2.593571833860652376e+00,-7.103780800971883025e+00,7.415951493355716018e+00,-9.471885210551739931e+00,-6.013757891803110933e-01,9.102272426255655913e-02,-2.688912343547917416e+00,-3.070991803838178047e+00,-7.990041398932942185e-01,6.369492982895037514e-01,-3.504779548124541400e+00,-3.720752871081127733e+00,-6.329215864326174668e+00,-4.851247517849031077e+00,-1.207561148406709250e+01,2.757066954567144457e+00,-2.526614668588046175e+00,5.989590819306939373e+00,1.831072595096838951e+00,1.287898813889277072e+00,-7.179469352287263462e+00,-2.739246032883143833e+00,3.800420620915376357e+00,-1.858894083421315901e+00,-3.553246031238324054e+00,3.690640954120296247e+00,-2.877631367335033996e-01,-9.812708181722191725e+00,-1.719591691493875141e+00,-5.964496571576455075e+00,-4.630347878021182417e+00,-6.222102236548568754e+00,-8.321690624135429815e+00,-1.972128762137108415e+00,-1.499946711404859245e+00,-1.078034402752590770e+00,-7.076777906303521881e-01,-2.462199097626835975e+00,3.216612087757279692e+00,-5.464336269239754351e+00,1.011173962590470321e+00,-5.841464014277961248e+00,-8.316494541778780558e+00,-1.172496413415116301e+01,-2.708250874857490498e+00,1.831108462473161724e+00,2.557160776194872809e-01,-1.095776125903599230e+01,-1.225597793506587330e+01,-5.003429393776829492e+00,-6.357537384818761517e+00,-3.607499970523425858e+00,3.616079782549872057e+00,1.270005111330487102e+00,-3.969771790702625758e+00,-1.414931756558882370e+00,-1.556321887159321626e+00,-1.130501185935868769e+01,1.483724353846043842e+00,6.907861161559647467e-01,-3.409585438280362979e+00
-2.752822686318280976e+00,-1.501098655525493264e+00,6.925215995634616206e+00,-7.268888693201829732e+00,5.191194107719626416e+00,6.565697664168690384e-01,1.451997831349422263e+01,-4.012294927166069947e+00,-6.727778554664675781e+00,-4.257840713293545853e-01,-5.081458301951034429e+00,3.550520237773358012e+00,-6.164639052575365596e+00,2.351573238571615931e+00,0.000000000000000000e+00,5.951748191665220844e+00,-2.107324653084372001e-01,5.744344780481145385e+00,-2.094999550888347883e+00,-1.296911025721314115e+00,-6.250487370993811354e+00,3.463243956202938012e+00,-1.220165926083635055e+00,-7.115809208290504451e-01,-2.968502175834340395e+00,-2.256858395502348458e+00,6.698102058895084809e+00,-2.522321124392545855e+00,1.728332049534988091e+00,-1.328745045751125842e+00,4.444727727149798469e+00,-8.106899319638039003e-01,1.140693307840403792e+00,3.890544527597040059e+00,1.011137365046513104e+01,5.896920870415345295e-01,3.517710106718581198e+00,1.932800414258408095e+00,-2.492914814832331238e+00,-4.264646951304544409e+00,-1.273934089857272189e+00,9.807758585722625710e+00,8.282309628580426519e+00,6.127348831556075126e+00,-2.781351326887343323e+00,-4.243888002600219700e+00,9.564386418120582434e+00,1.003539356856853892e+01,-4.405510220844331748e+00,-1.502328751781642380e+00,8.753473456930851881e+00,4.292245641099031062e+00,7.159889752925169049e+00,2.510010632888788340e+00,-2.701060051902134163e+00,6.247074201269683241e-02,1.111717184710934170e+01,1.694717120560436330e+00,5.768277263545576794e+00,-1.704550780653363296e+00,-1.532575498561183558e+01,3.725436586497436586e+00,7.628309651569430194e+00,4.732246782235186799e+00,6.030371413949131565e+00,2.895576158715046144e+00,-5.473087024919172094e+00,4.749444665284136669e+00,5.645698053692618235e-01,3.202825036764694211e+00,-4.094607021614985243e+00,-2.111502890109195008e+00,-2.035506464521265269e+00,-3.385443943552867818e+00,-8.044785014298568626e+00,1.776923650860421811e+00,4.980183278822901904e+00,1.654922606045041711e+00,5.963668755174055036e+00,9.693373584863561598e-01,1.249370989066653337e+00,5.631541928165323618e+00,-1.660928275385391562e+00,-1.537133395763738974e+00,7.549723905007853730e+00,4.509549836615469459e-02,-1.484098265179395693e+00,-6.958358736660000821e-01,-2.584584312727551403e+00,7.792485149878864981e-01,1.156922435368290181e+01,7.207732502248808792e+00,6.076530799039600694e+00,8.651715967579285405e+00,-7.514162177024362954e+00,7.006782772156590511e+00,-3.749683068330785574e+00,4.131922158609659057e+00,3.713942926367620245e+00,1.158338217114989632e+00
