0.000000000000000000e+00,-3.616861090400141365e-01,1.494281846812386405e+00,4.845145252724970319e+00,3.345505349777214033e+00,2.493917293102235977e+00,-4.090291620403487372e+00,4.623979320630234646e+00,1.777159287104784102e+00,2.207240592350621533e+00,3.821124363240273603e+00,-1.280828113101592614e+00,4.114720286412166139e+00,9.235771792282947423e-01,-3.813859408281310426e+00,8.860585727601092643e+00,1.037531091996175325e+00,7.839198017459356738e-01,8.963085508619816899e-02,-6.059732293376574042e-02,2.643926960698431472e+00,-6.315559870856689573e-01,2.560658459542782150e+00,1.385854195455848981e+00,2.669871370640811925e+00,1.023520252546569864e+00,4.316963667091501478e+00,1.064859552735709203e+00,-1.878632859167738367e+00,-3.124143705806076365e+00,-2.212561430844581789e+00,4.159343988765886735e+00,9.676580072795187837e-01,3.363832411655370613e+00,4.520382913151589577e+00,4.615686808059622059e+00,-4.497920940780477217e+00,-8.549350124567602904e-01,3.649998935100871478e+00,-4.501208176512564663e+00,4.155152930705588332e+00,-1.228920275143574159e+00,2.689421179182007737e+00,-4.989454931983507535e+00,7.681619262518247782e-01,-1.069584888398295908e+00,-4.422496757148832169e-01,-3.469569984987599831e+00,-6.709941526539337175e+00,-4.783955813435601279e+00,2.915108072893009883e+00,6.636401430506345456e+00,2.323650368608290773e+00,8.053086492792427276e-01,5.160269344857408846e+00,-1.296413882351980795e-01,9.638940948514218121e+00,2.178447964401808434e+00,9.163719240085937301e+00,6.395214976264689710e+00,3.385666794222679243e+00,-3.478013441053161792e+00,-3.154471817285409152e-01,3.385398799988868834e+00,4.576003004780535122e+00,-4.047266053950623110e+00,8.928104350339470585e+00,3.577806350845026184e+00,4.875359696871269577e+00,-1.221543538531624090e-02,-3.248315899751960778e+00,-9.000555160984195169e+00,1.850357011263568108e+00,5.957047770360603955e+00,2.117163659931978081e+00,8.212289003121146180e+00,-1.704837427996184485e-01,-3.876212679769856617e+00,6.095034136850444595e-01,-5.228294090678113015e+00,2.812491212488604231e-01,5.776603553218826015e+00,-3.787282764600853557e+00,5.842712106871965183e+00,-1.988877289183345498e+00,2.943042220176174339e+00,2.826607438167256792e+00,-2.210454593298705195e+00,3.524213220768462190e-02,-3.351876510427846512e+00,4.790536590902786607e+00,4.325057217116372144e+00,5.103083511824191731e+00,5.966592236953180972e+00,-1.102076169412508522e+00,3.366900319129450647e+00,2.935881247894331914e+00,3.822138214811330315e+00,-5.495203981662800885e+00,-6.818349489621937654e-01
-3.616861090400141365e-01,0.000000000000000000e+00,-1.548075071008638837e+00,-2.095494700217724660e+00,-5.078212748011827760e-01,5.779053006004362114e-01,-3.286105222549235094e+00,2.683751706184968278e+00,-1.601146585167220193e+00,-1.100070823427403255e+01,-1.019777981562827662e+01,-1.469771667756747835e+00,1.068896062536562441e+00,-5.140714020592732858e+00,7.373194096017930688e-02,-3.765283609239786333e+00,-6.612781632358612605e+00,-7.727917498846454958e-01,-5.426731899162715145e+00,-3.831025466989761874e+00,-5.442960770452982544e+00,6.042378614184226393e+00,1.249819369693504711e+00,-7.878630540539599547e-02,-9.059448781035458476e-01,-4.566230193554063455e+00,-5.791943965766246372e+00,-3.820706552632501918e+00,-7.316924148115018234e+00,-6.842994695566635421e+00,-1.087175085570681210e+00,-3.094168252410342546e-02,3.776739596613443162e+00,-2.731606174054370229e+00,-1.578703702700593237e+00,-2.870085534532305971e+00,-5.688416836672769428e+00,-7.509388999023570044e+00,-5.299016852594794713e+00,-4.663826463571596470e-01,-4.300074799161715866e+00,1.805217509292240397e-01,-3.692117382594352737e+00,-4.231772255569810071e-01,-2.886345768957238711e+00,3.784976315610609987e+00,-1.233256438989650094e+00,1.274832307982117996e+00,-8.567554200672516274e+00,-6.437892837731014062e+00,2.659928473810585725e+00,-1.398174379000948431e+00,1.324419106852749772e+00,2.534856663180507397e+00,1.326762653198279462e+00,2.033015853155482944e+00,7.367496077789033038e+00,2.555483145391071353e+00,1.979734919500212076e+00,-6.913116091599158963e+00,-9.305246292724666191e+00,-4.265006983783100836e+00,-6.759809045774014535e-01,-1.482761757342811348e+00,-4.514876645313503190e+00,-2.036247490311120512e+00,-3.438547729176170353e+00,-3.514532189255688888e+00,-5.881382508509273022e-01,-1.384862510350908682e+00,-2.571270094193156552e+00,2.456824136078415322e+00,-4.410306612122469438e+00,7.971164680093641985e-01,-2.396477719477153823e+00,1.313746172608313056e+00,-9.779683503360302455e-01,3.561400128905793938e+00,4.833091044756304910e+00,-5.364059640121757511e+00,-6.529640600555736363e+00,-2.757508040645476832e+00,1.510169636281369909e+00,-5.239493311388303098e+00,-6.383428092021318001e+00,3.700975401076710192e+00,-2.768821847572043193e+00,-2.845314273749798506e+00,-4.216275774996010028e+00,-3.884340395680935476e+00,9.952665660960624550e-01,2.135898304441650630e+00,4.615934271940218270e-02,-5.792142034341186685e-01,-3.185398553613610351e-01,-1.746345157970652817e+00,-4.213256127289205510e-02,-3.069671076242068253e+00,-2.908527559548134800e+00,-5.075592282441125924e+00
1.494281846812386405e+00,-1.548075071008638837e+00,0.000000000000000000e+00,8.551714929913014629e+00,-1.656183100492774729e+00,3.448211318149977611e+00,5.732704466751849248e-02,6.511504479372387522e+00,3.681056198534796486e+00,4.729600080564998699e+00,7.011646056839162533e+00,-6.941819764230695577e-01,4.989644817782886932e+00,-2.505956180266606381e-01,5.059003545065921870e+00,5.822730545954724946e+00,-1.508988691864774356e+00,8.161184333292645476e+00,8.359382297177435639e-01,9.194724141802755213e+00,7.665283859101360342e+00,-3.026276451817283775e+00,5.703353586337969183e+00,5.132902850613702661e+00,-3.280157444395475075e+00,6.136806507364705787e+00,6.179758350236911113e+00,2.416487508236120074e-01,4.901606622440529137e-01,4.137993503661120620e+00,-3.760142159253431426e+00,3.312388088634204752e+00,8.210410375296277152e+00,2.376550352844748470e+00,-3.677001698131314722e+00,1.538277264074699557e+00,-1.075414410893976935e+00,6.235164380716436305e+00,2.956711336642654953e+00,4.972913322739494824e+00,-1.400299195758318627e+00,-4.141466348466143366e+00,-1.691765297678338165e+00,8.335405776761602326e+00,1.251209493404682505e+01,1.523651668678145299e+01,-2.101031130228413257e+00,4.081173706664304568e+00,2.926591631136878924e-01,-7.498439073233527097e-01,6.148570234293381453e+00,8.031310378726345789e+00,8.022678901116103489e+00,8.049769989603824172e+00,2.184329338031834489e+00,4.636636325234148037e-01,1.149833394967368072e+01,7.610871301990012938e+00,4.673410676222102267e-01,-5.523777178139587463e+00,6.608751966048420634e+00,-1.419662367222705335e+00,1.784144550968262077e+00,9.498895915233621423e+00,7.027679017894970848e+00,6.959401358845846097e+00,9.832233144047146212e+00,2.131932889940858722e+00,5.420662502827907403e+00,8.232982206558370208e-02,4.738201066392161209e+00,1.235037088270951600e+00,8.103840719167042295e+00,1.027790787183090870e+01,8.583090546081567851e+00,7.872673980292282936e-01,9.650062868707121044e-03,-6.087593728062387632e-02,6.871368836945607406e+00,-7.213687314916973570e+00,1.076976346198005530e+01,-1.299274789390274520e+00,6.050997822020594441e+00,6.140916158862508745e+00,2.901263828768977149e+00,-1.395577399599864377e+00,4.109906430885482465e+00,1.099133971259117937e+00,-3.595394692564505945e+00,7.413995513527626535e+00,1.106290882544081811e+01,9.996908835020957840e-01,3.109639219510967667e+00,6.326665696371714276e+00,4.371780889413866333e+00,8.117348517370912120e+00,6.172768490581295175e+00,3.212130875464617397e+00,-2.763483877531089483e+00,4.323791449511621643e+00
4.845145252724970319e+00,-2.095494700217724660e+00,8.551714929913014629e+00,0.000000000000000000e+00,1.915618890141399300e+00,5.452517801489698890e+00,-6.620799284979320021e+00,1.864630146566855107e+00,-6.430649667299458194e+00,-1.881139918595411853e+00,-2.228085577834335140e+00,8.078567714044878612e-01,8.981606681561705940e+00,6.138850017592366370e+00,3.990862085972374462e+00,-3.059164319189724868e+00,4.034959512692863015e+00,-1.053602161657122283e+00,5.239616565388276470e+00,2.498552643344036372e+00,9.475301800442732514e-01,-1.019948188468979389e+00,-7.585567199428944196e-01,2.011816370276082733e+00,-4.969103446904901134e+00,3.059004722097187212e+00,-3.235790541282068222e+00,-4.387887048325918027e-01,-9.100401814118033172e+00,2.695154624889731565e+00,-1.033236578966771457e+00,3.124060400062816711e+00,4.979544246189359313e+00,4.708066666406314660e+00,-4.351569619528172339e+00,-1.639023789822188881e+00,-2.917940625458195658e+00,-1.524332117590808000e+00,1.246092843253844507e+00,-6.178783454011383958e-01,-2.863281202913986689e+00,-5.528851844879254962e+00,-4.452904938907815691e+00,2.093927655012332689e+00,-6.949501570426813046e+00,-4.164368315548500732e+00,-9.167360563131806472e+00,2.809102909820808680e+00,-4.468253361270970281e+00,-6.808549408100283529e+00,6.913047278248290795e+00,2.066437711250066922e+00,4.068741182883368168e+00,-8.486837821260956316e-01,3.839864618231841220e+00,-8.487416856573030799e+00,4.991341229177138850e+00,-4.624689257435039558e+00,3.361334401613266021e+00,-1.477118356792392451e+00,2.415683043625773685e+00,3.612789182355918616e+00,4.144662563719992754e+00,7.091432237093304281e+00,8.881120382736719776e+00,3.461548025066284673e+00,-2.828416058834153923e-01,2.024515035974380872e+00,3.015356014102165805e+00,-2.162496521407382133e+00,5.357119745412458833e+00,7.184651776510829757e-01,-3.721768619745776441e+00,-3.979100707467082110e+00,3.582087761016087057e+00,-1.825845833071770175e+00,-2.419439898504194275e+00,-2.392155854871107934e+00,-1.574841087678376272e+00,6.000944507458222388e-01,2.037920345202758110e+00,-9.429412123225349163e+00,-1.761527840113985999e+00,-2.905581759101674599e+00,-5.369993571124629383e+00,2.043798819468285899e+00,-3.623448068732486038e-01,-2.122608413807085981e+00,-5.672780213126890736e+00,-6.221139442813409026e+00,2.141496383897084910e-01,-8.142927171330285319e+00,-3.754535310435383355e+00,5.539139506570008864e-01,-6.404315516515232121e-01,-5.763684079617412692e+00,-4.593210547089014106e+00,-6.663347119571308985e-01,-2.357800543210836874e+00,-1.027705500441905562e+00
3.345505349777214033e+00,-5.078212748011827760e-01,-1.656183100492774729e+00,1.915618890141399300e+00,0.000000000000000000e+00,-7.765806269239315662e-02,-4.531353164515879328e+00,4.724509435176874383e+00,1.061870635564298171e+00,-4.549912768663184615e+00,-5.141523039361116432e+00,-2.006633821358522862e+00,1.398169801533266920e-01,-2.873731140595300992e+00,3.996945803810360298e-03,-6.022152451406841855e+00,-2.182876114974949378e+00,-9.776759106110387565e-01,-4.300304545031808701e+00,-4.428925369490897879e+00,-1.593109786982976228e+00,-2.325064482356421269e+00,-3.680301170920002640e+00,-2.716082115658300378e+00,-7.544982664404198403e+00,2.360327362885453084e+00,-3.981375992818975362e+00,-4.712957924154680178e+00,-8.119973818194480941e+00,-6.116013667514275109e-01,-6.105931933738105499e+00,-6.658881625621343447e-01,5.674487171070486724e+00,1.337996135557794730e+00,-1.564316149075756668e+00,-4.441791375054615187e+00,-5.229029296804085902e+00,-5.994995006737770638e+00,-5.303992489481491601e-01,-4.473144273975758978e+00,-1.838923854856140183e+00,-1.537116467829870325e+00,-7.878032128274480073e+00,6.709098272846595323e-01,-2.478788801004381703e+00,2.959165783712812470e+00,-5.311421773642780231e+00,3.689239707682908875e+00,-7.465036161100786494e+00,-3.709254762186825705e+00,-1.657296096975027500e-01,-1.853497767963180110e+00,-2.177923655557880145e-01,-7.827873716975161100e-01,-1.397225139073871469e+00,-4.842229225960459793e+00,2.971363085671731685e+00,2.810593607407490535e-01,5.851417091299240814e-02,-1.159436209872241719e+01,-6.467981836976952614e+00,-3.787032272363649810e+00,-1.563867869154158541e+00,-3.737168734842705398e+00,-7.250408462767009565e-01,-8.975083008544892937e-01,-9.859018086325567198e-01,-1.014429400292065742e+00,1.450688240175347365e+00,1.223725219900705374e+00,-8.580372252943540001e-01,7.894393355228068732e-01,-7.046287017620662674e+00,-1.602189250719279201e+00,-3.656540656183245863e-01,1.577005719933376460e+00,-4.411705943504740546e+00,-5.971214836871219234e+00,-4.083045621520065893e+00,-2.368397153387675313e+00,-3.410474219646671301e+00,-1.683589954686349088e+00,-3.053235094413049300e+00,2.677879695811275607e+00,-1.232487430768912873e+00,-1.028646896426525237e-01,3.579474406618084803e+00,-4.258805065352447627e+00,-5.518521535391463395e+00,-1.751597623623986744e+00,-2.030230319529147565e+00,-3.971913400498918278e+00,-6.744192038911706710e+00,-3.608939014195285733e+00,-2.435161537513470087e+00,-7.299625473335341397e+00,-5.253035417997669931e+00,2.968651556714456130e-01,-5.466949418024149132e+00,-3.156752659470655198e-01
2.493917293102235977e+00,5.779053006004362114e-01,3.448211318149977611e+00,5.452517801489698890e+00,-7.765806269239315662e-02,0.000000000000000000e+00,2.575062915254996199e+00,-4.708521074823390773e-01,-2.684129298440669942e+00,-4.647996487349182360e+00,-8.862798442413261313e+00,5.423062545574145688e+00,6.680849774653557782e-01,2.848684872584958061e+00,-1.049387310486560754e+00,-1.021601318216145637e+00,4.527851435170961558e+00,1.151437977139972757e+00,1.689366990324241868e+00,-2.251509829553710151e+00,-5.789527373006132294e+00,-2.769150823465953870e+00,-2.506406199613104846e+00,3.018803224958253040e-01,-1.234171809959291011e+01,2.690218214937327712e+00,-1.328759879346284478e+00,-1.519480450929980409e+00,-5.573772399230562113e-01,-2.449374660036985230e+00,-4.257064692540662776e+00,4.052863585868093033e+00,6.352216057827715368e+00,1.320179015839777037e+00,-6.905108891461179121e-01,1.443326704874359656e+00,8.216756034419053778e-01,-7.295665196052221191e+00,-8.379449114586607905e-01,-7.239671244926016991e-01,-1.319323609993946267e+00,-1.032814788933254624e+00,-5.408726354478211817e+00,-2.279256082516641690e+00,-3.319325263467113540e+00,-9.160663040972374382e-01,-7.641866653204081317e-01,1.350943617937589325e+00,4.979156577203386891e-01,3.298128816921960027e+00,4.465703790209611057e+00,-4.582442828541183566e+00,-5.894276007559707153e+00,-6.450710468628973793e+00,-1.020832345834032040e+00,-1.208679073747203780e+01,6.213090101909202190e-01,-4.764869804461714153e+00,3.957159817445849104e+00,-7.342971244768319750e+00,-9.102207816211780766e+00,1.069388584467603875e+00,-4.038192799514720432e-01,-1.031684982006643381e+00,4.586375308435282072e-01,-2.451208211896426459e+00,5.988814018201855660e+00,-1.274809240174677338e+00,5.772116291133404964e+00,4.335795911470076369e+00,-2.696381255678007349e+00,2.910432546877593230e-01,-8.733414827657945523e+00,-5.507937655665769983e-01,2.770930733694711101e+00,-2.171541887340551202e+00,1.069799264517265369e+00,1.472230580453063098e+00,-2.889710225355684781e+00,1.157746307955173748e+00,-6.325607905704910827e-01,-1.446530925219272401e+00,-1.239540441367928736e+00,2.607656318353083424e+00,1.529151159973405338e+00,6.974452526798828877e-01,5.492442753699767755e-01,6.703600951278662068e-01,4.990153210626117053e-01,4.472967424764885958e-01,-3.758889853880611032e+00,2.288388082023944392e+00,-2.171074134816802115e+00,-1.104192482773749706e+00,6.464931853861352051e-01,-2.598816988748324786e+00,-2.220620420575613707e+00,-1.508812851243997333e+00,-5.845479594703568704e-01,-1.045334375603891752e+00
-4.090291620403487372e+00,-3.286105222549235094e+00,5.732704466751849248e-02,-6.620799284979320021e+00,-4.531353164515879328e+00,2.575062915254996199e+00,0.000000000000000000e+00,6.183971834624744091e-01,3.163372983691260298e+00,2.636901160055826754e+00,-1.232097746967684371e+00,8.819835242410006160e+00,7.463360293209889695e-01,2.586562280636032440e+00,6.198920421643179246e+00,-1.119526075767216300e+00,3.733638949286182118e+00,4.544158729615286774e+00,1.144047452191962799e+00,4.226830451791405707e+00,4.059455678560469849e+00,-5.149785506845525163e+00,-4.078533129598713725e-01,6.069694902868674191e+00,-1.239451140421556241e+00,2.710315814506520482e+00,4.727070147110254972e+00,3.014709695253741550e+00,5.992321038480097783e+00,6.649258031841236871e+00,5.213895257427936691e+00,-2.332649237669385034e+00,1.027970734411510634e+01,2.430519666636129283e+00,4.021563047080581654e+00,2.634238130039456838e+00,1.976114303504708403e+00,-2.024117904440822180e+00,3.711904297996382329e+00,-3.351512548352229004e+00,6.971441013398101738e+00,-7.316184261433738456e+00,-2.194816405301516671e+00,3.363000231729526668e+00,6.789319123434676584e+00,8.523607211730540811e+00,2.378418361183241903e+00,3.423527747771254681e+00,-2.189202929767529504e+00,-8.522902190614273232e-02,4.391645338864292647e+00,-5.700862776509677543e-01,3.582471037449361795e+00,8.315337708202813261e+00,3.217576459960868718e+00,-7.931767390891401703e+00,7.452913511356359599e+00,3.157595389263210817e-01,4.831581196992190463e+00,1.986399083992113290e+00,-1.982994781404139539e+00,4.694054216729839801e+00,9.816741367102808979e+00,6.622750059776364218e+00,6.867182979036777546e+00,-1.261545220360052788e+00,3.930833672351881969e+00,1.144734184342996119e+00,7.562989948408640473e+00,4.353863294728659739e+00,4.548990381373768876e+00,2.006936390353631694e+00,-2.381665469326290197e+00,2.715034549692215915e+00,6.627168342279124991e-01,6.149324780349032515e+00,2.949230509442528181e+00,-6.601024653641584194e+00,-4.154085577619148317e+00,4.791035478283145466e+00,2.783385323691580093e-01,-2.848753261209345133e+00,2.352164200366237523e+00,5.031662362828257962e+00,3.988738619908356764e+00,4.404363417765658539e+00,6.787090028084312721e-01,2.947307642390218696e+00,-1.131641560616729381e+00,-1.025544256777448870e+00,8.666305026988030846e+00,-5.083309038218478015e+00,3.712358497262099100e+00,2.130830612361442888e+00,-6.408143911156964911e-01,-4.286490344336479907e-01,2.576817702815566324e+00,3.429184521540056707e+00,-2.535906843593301652e+00,-9.173093769025478794e-01
4.623979320630234646e+00,2.683751706184968278e+00,6.511504479372387522e+00,1.864630146566855107e+00,4.724509435176874383e+00,-4.708521074823390773e-01,6.183971834624744091e-01,0.000000000000000000e+00,-1.502023461033161977e+00,3.026798271879033164e-01,2.059313521259144297e-01,-3.440742342788648767e+00,6.238743212175874575e-01,-5.611226234088512177e-01,2.320245942877058098e+00,2.196725515898716452e+00,-1.168589981268461919e+00,4.292150690856397333e+00,2.044424411224303739e+00,-1.927251112870020044e+00,1.145003797516118915e+00,-9.797675477562250990e-01,1.378997721039612046e+00,-1.499665096537355469e+00,1.364038345270095487e+00,-7.569621599949009294e+00,4.083870155973733596e+00,3.980214679038769354e+00,5.992989892041208910e-03,-1.335419291231273231e+00,-1.412275126257946933e+00,-4.285080746019890086e+00,-1.987861014410162053e+00,3.251161920228361257e+00,-2.621894125304871537e+00,2.591972823825557798e-03,-4.585980625257045418e+00,2.836048077795982447e+00,2.284930889182273273e+00,-3.641988129822902875e-01,-4.214316868146962491e+00,-5.407095161403730366e+00,-1.768819537301232092e+00,-4.027247395163165322e+00,-2.174672722535980096e+00,9.847963742617551475e-01,-2.956838452935498740e+00,-3.960096145008920931e+00,-8.283176679767359829e+00,-1.020196511543800533e+01,2.747292053475908435e+00,3.465006221127068908e+00,1.805658058343344141e+00,1.355153095412560793e+00,1.892847715040433254e+00,-4.532889138096336090e+00,-5.646522171254400035e-01,-3.459105045375016729e+00,3.956304245494998373e+00,-1.266188603642752541e+00,2.150690544721621578e+00,-1.950602549097686822e+00,-3.491519703817453912e+00,-1.351956191754022651e-01,-3.713775169676416521e-01,-5.884482327013528247e-01,8.231126536275877870e-01,-1.332008175496859903e-02,-2.358451797986329979e+00,-1.032609405893791354e+01,-2.085082782318144479e-01,-4.227838262007434622e+00,5.736032651932305271e+00,-3.204858374803996046e+00,4.028516689717950072e+00,1.876623144644780306e+00,-4.280224734479040727e+00,-2.982704760183837234e+00,-7.311540328730197214e-01,-1.311860786087061115e+01,9.102447768146296747e-01,-8.117440626403626069e+00,-5.678453823354102425e+00,-3.479137689470416461e+00,-1.019653859686436448e+01,-7.540969694679991342e+00,-6.064147971823234506e+00,4.959523065053154767e+00,-4.420833618681272448e+00,-1.931070857906024063e+00,-1.164028532940757144e+00,-7.091724507822099177e-01,-1.551594580913398413e+00,-1.006623002572760273e+00,-3.514208457569736765e+00,-2.361989276554107953e+00,1.343948486110533302e-01,-3.147859205843738017e+00,-7.079919258103830160e+00,-5.390159444808600320e+00
1.777159287104784102e+00,-1.601146585167220193e+00,3.681056198534796486e+00,-6.430649667299458194e+00,1.061870635564298171e+00,-2.684129298440669942e+00,3.163372983691260298e+00,-1.502023461033161977e+00,0.000000000000000000e+00,-1.211450123112313371e+00,-2.357333497479802809e+00,3.508153356726717131e+00,7.040499283130577268e+00,1.733558901032174138e+00,4.553602863715986437e+00,5.603056896696835487e+00,3.439363063886140104e+00,8.657032377778540067e+00,1.882573377157942263e+00,5.856873100359170969e+00,3.384932613330426943e+00,6.491983230722417897e-01,5.253174076092196998e+00,5.334398125332365126e+00,-2.404277276481605607e+00,1.534629528081588035e+00,7.469052483608134452e+00,-1.095471262425353087e+00,-5.815435167565661256e-01,7.189073427618289713e+00,-3.327465419973163030e+00,-1.382613332789752070e+00,5.701085220943119758e+00,7.111559845246812728e+00,1.115820392660535676e+00,-1.426573444401436040e-02,-6.262285808937020803e+00,1.691306576484325364e+00,5.786430030104176225e+00,5.843108054373280957e+00,2.312854477727479263e-01,-5.671301671783672838e+00,2.260282631664357833e+00,-6.998019456905008040e-01,6.205006712844455485e+00,8.153641898081676942e+00,3.162947712236888531e+00,1.845718050144942612e+00,-6.905271975823056962e+00,-4.800073848277932598e+00,2.947460538909010719e+00,6.335457534382953781e+00,3.163092665549454452e+00,7.818735656985286830e+00,2.297989287605601394e+00,-4.626192703853946320e+00,7.863625975325739148e+00,1.808913240797120014e+00,5.448549790421139072e+00,-2.113360991081773665e+00,2.219764234567765282e+00,1.398115425024015313e+00,3.750835675318460183e+00,1.101085047793950267e+01,9.127950823935375269e+00,1.445168431057971548e+00,3.160706791545026206e+00,3.624845171608449768e+00,3.959285970395951537e+00,-1.593033947574911346e+00,2.796800921727490508e+00,6.082010967488016284e-01,1.487244314904707432e+00,3.289538593279702106e+00,4.149939890673519649e+00,-1.053078355795093346e+00,-7.159832421339002995e-01,-3.026735897358909355e+00,2.897139767265493049e+00,-6.305301522561553185e+00,4.870414801114751668e+00,-4.510199726990681057e+00,-3.943875341858759098e-01,-9.169254954235144250e-01,2.193011286113017710e-01,3.794264424095407318e+00,-5.583598280286118154e+00,-1.629378431541667505e+00,-1.691768259142178099e+00,-5.914610427299545892e-01,6.776959784830780542e+00,-1.526485572221247811e+00,-9.767116496369842027e-01,-2.646240103888511275e+00,-3.099999130908958733e+00,3.138927110070123927e+00,3.720522280090658551e+00,2.413259350652692703e+00,-2.665051699821418651e+00,-4.534634981036751000e+00
2.207240592350621533e+00,-1.100070823427403255e+01,4.729600080564998699e+00,-1.881139918595411853e+00,-4.549912768663184615e+00,-4.647996487349182360e+00,2.636901160055826754e+00,3.026798271879033164e-01,-1.211450123112313371e+00,0.000000000000000000e+00,-1.954967825846224694e-01,4.989218437985589283e+00,2.774186026854343456e+00,-2.277626524003306674e+00,1.031618938892793658e+00,4.910831945568423507e+00,3.070450540422889230e+00,2.044740043667820029e+00,2.425709865129269005e+00,2.509769390327695415e+00,-1.680943338144382571e+00,-6.608758760067656723e+00,2.158356222243029143e-01,-5.319171104447960596e-01,-6.432620438102725213e-01,5.348917964572998507e+00,9.292683102662848693e-01,-2.131094683676434620e+00,-2.809087893499920163e+00,1.608057823717245149e+00,1.630032222575819256e+00,1.903270990427224696e+00,6.161981085120418200e+00,3.503103691023013777e+00,1.652886784174701251e+00,2.129415086187304240e+00,-1.424568656424731738e+00,-3.762464987187125853e+00,1.658470081038018185e+00,1.994807181833061938e+00,-1.492848647391426642e+00,-5.972923051532544214e+00,-1.900458132746860818e+00,3.637412368792685591e+00,1.687792094130312837e+00,-1.436368355391618445e-01,-1.065165767410278352e+00,7.046936548799733746e-01,1.279586623041598092e-02,-3.148369112749056953e+00,6.483123211681003362e+00,2.078446590376838543e+00,-2.320164123094636821e+00,6.072331924459533070e-01,5.317983334444621235e+00,1.617717903021734127e+00,8.705281051379174073e+00,6.726408409699409674e+00,1.403794610869745974e+01,1.751580197932389282e+00,-2.223454611381250334e-01,6.050086374817816193e+00,2.385790424700574341e+00,1.445468764505074333e+00,3.586292938585140089e+00,-3.049610507377441326e+00,2.451760402323837518e+00,3.661961034175183816e+00,4.484385053665151943e+00,-1.173053200934624840e+00,1.277027582142997719e+00,-5.054794872584601473e-01,-9.158476886895769553e+00,1.972212772278929105e+00,4.795433805543024341e+00,5.594316134002440322e+00,3.474371410290620688e+00,-5.164641437135251145e+00,8.860717645662868236e+00,3.707466539011946782e+00,1.110270820102781997e+00,-7.322920475897416459e+00,2.434521736031626915e+00,-5.175987084197305244e+00,8.198963868897317653e+00,-2.543073487367323526e+00,2.910368503004344909e+00,-1.646252649551815939e+00,4.013707358473016518e-01,-6.429348292842085311e-01,1.009959191904926357e+01,7.275579225145488493e+00,3.485935831401200335e+00,1.274046979012661285e-01,-4.191229403843601098e+00,-2.148820089196148864e+00,6.238510728317501197e-01,3.870109162608220021e+00,-4.347438513889390954e+00,2.886517308752045707e-01
3.821124363240273603e+00,-1.019777981562827662e+01,7.011646056839162533e+00,-2.228085577834335140e+00,-5.141523039361116432e+00,-8.862798442413261313e+00,-1.232097746967684371e+00,2.059313521259144297e-01,-2.357333497479802809e+00,-1.954967825846224694e-01,0.000000000000000000e+00,-5.577389522245553843e-01,6.921528051362146883e+00,4.584695689312880518e+00,4.886459526892265037e-01,1.170293417161043736e+00,3.755911765085396148e+00,7.555294384061877366e+00,3.366237752560753194e+00,4.867386266073230772e+00,3.126035168382525153e+00,-4.343226413592077506e+00,3.196857673921555509e+00,-3.938226290385044681e+00,-1.429990209960396497e+00,7.759672148138659908e-01,3.108500693089341294e+00,1.508282822148803604e+00,1.852895502848519449e+00,8.730248781732764529e-01,-4.092582946864400384e+00,-3.779133227619626112e+00,5.599485860351961719e+00,3.659332277500418673e+00,-3.137591780844181111e-01,6.921403298574008822e+00,-1.805118216327889824e+00,4.260245971954922162e+00,4.827338014280364575e+00,3.511626982263319485e-01,-1.044785095638959938e+00,-1.059185963148189691e+00,-8.943679310957744377e+00,-4.610997575075191257e+00,4.529497328794672706e-01,1.915204103765137278e+00,-3.066112377181148041e+00,-2.428526784517209602e+00,-1.895498384209577669e-02,-8.962901475234997806e-01,-1.725175270111777293e-01,2.422296731915428047e+00,-2.903963189942485812e+00,3.629311838191439321e+00,4.570154286789125386e+00,2.650906598520040847e-01,6.472727385360724561e+00,2.855788534365222731e+00,6.904528829094312314e+00,-3.925063910386284327e+00,5.518568866916703008e+00,2.943839890407943249e-01,3.793783195886389681e+00,4.267614966337249349e+00,1.008182471948319403e+01,2.673782508036243843e+00,3.390543774432097646e+00,3.151448295334001060e+00,3.785812738520161869e+00,3.926745914676959437e+00,7.185504289986761606e+00,-2.289163461496339647e+00,9.006857077372611986e-01,3.650942667991336599e+00,6.028828467151666537e+00,1.905461279719972589e+00,9.199160760652963509e-02,4.415610446675781731e+00,1.307383368077809305e+00,8.618135305957475012e-01,4.343377048099266169e+00,3.394936743646846944e-01,-1.278006042777138695e+00,-4.004586698383951315e+00,4.238130518053410789e+00,-9.092978676041121311e-01,4.659177376846379559e+00,4.340164631027777276e+00,2.547628837906962929e+00,1.590818980078753997e+00,8.285422660296150710e+00,-4.561847959236117744e-01,5.480019741655089760e+00,-3.067541421311774652e+00,-2.825044803023945228e+00,-3.200685892412590272e-01,1.129367000717259595e+00,4.706556825499532137e-01,4.942235367821952607e+00,-1.842762775466400882e+00
-1.280828113101592614e+00,-1.469771667756747835e+00,-6.941819764230695577e-01,8.078567714044878612e-01,-2.006633821358522862e+00,5.423062545574145688e+00,8.819835242410006160e+00,-3.440742342788648767e+00,3.508153356726717131e+00,4.989218437985589283e+00,-5.577389522245553843e-01,0.000000000000000000e+00,1.940613023446204621e-01,-2.638823434696262016e+00,-6.317591694087530962e-01,-4.067260128609027525e+00,-1.738137805755215926e+00,-3.673550479539717362e+00,-5.846140093035672169e-01,-5.389621322522021529e+00,-4.886000129768405920e+00,-5.893156163126695546e+00,1.791007230956218388e+00,-1.268214221638055861e+00,-7.269217688029941726e+00,2.186293271462202981e+00,-1.453493353484296646e+00,-5.604071936885906879e+00,-3.675908006900579839e+00,-2.456347200090653438e+00,-1.835138365774804603e+00,-1.515497994913187041e+00,-4.068803020945663818e-01,-3.037437258257542627e+00,-4.469743488165521583e+00,-2.436775277161548292e+00,1.126485327671529424e+00,-8.626930764676703944e+00,-8.396633335016991495e+00,-1.171813245695001804e+01,-4.234784013394600422e+00,-9.588662493347584359e+00,-1.008052180205512371e+01,-3.814353524449342281e+00,6.974353811420525018e-01,-2.183182990387051436e+00,-6.624758434683629460e+00,1.433666937353740845e-01,-3.124396697826201219e+00,-4.452460001381298049e+00,4.730533841013548013e+00,-1.092084917907321095e+00,-8.175717247353377903e-01,-2.360796757938675938e+00,1.226956169435154259e-01,-5.866287626184950810e+00,5.286592450072930660e+00,1.220982461988042278e+00,8.631612515278165310e-01,-2.566072114519916791e+00,-7.541989677751812948e+00,-1.398941846667080435e+00,-2.805354932021258296e+00,-2.439069625258801999e+00,-1.064061848649130004e+00,-1.663411108994678811e+00,2.170318896271357989e+00,-6.219836167872007104e-01,6.147171160580969795e-01,-7.334009762317419412e-01,-3.741953555928298591e+00,-5.696117942378011278e+00,-3.047942608292220523e+00,-1.332744280768445089e+00,-1.922876358570924538e+00,1.499050342036956307e+00,-2.604991575842651397e+00,-1.519866207968915583e+00,4.265539750992357604e+00,-6.791564191217156932e+00,-5.416229698167556172e+00,-3.188742091405594170e+00,1.671329223854147505e+00,-9.453732013040365700e-01,3.188976062192439898e+00,-9.863699586258787733e+00,-8.272052634608934030e-01,-2.272307241083917795e+00,-5.143304297542599990e+00,-2.546326521347571870e+00,1.019179205225956153e+01,-5.649876027003165602e-01,-8.897226639914469493e-01,7.356732531288108223e-01,-7.907730305206903232e+00,3.314461037648282815e+00,1.711878639489213372e+00,4.921028750010189690e+00,-1.057949186083084392e+01,-2.501450399839451055e+00
4.114720286412166139e+00,1.068896062536562441e+00,4.989644817782886932e+00,8.981606681561705940e+00,1.398169801533266920e-01,6.680849774653557782e-01,7.463360293209889695e-01,6.238743212175874575e-01,7.040499283130577268e+00,2.774186026854343456e+00,6.921528051362146883e+00,1.940613023446204621e-01,0.000000000000000000e+00,-4.537318623372704529e+00,-5.688568050668887377e-01,-5.109938652597385556e-01,-7.822357874140801748e-01,-5.997918634372667590e-01,-6.395809617866404784e-01,-1.659357503484234719e+00,-4.340827752331966494e+00,-1.488274180630324350e+00,-1.512346782686617708e+00,7.816293815211753371e-01,-7.007125109721791034e+00,3.771641380752984052e+00,-3.032686505354829920e-02,-1.186875186455686348e+00,-5.577199190650051541e+00,-2.032106705412337178e+00,2.212115800666300647e+00,1.334246363272421299e+00,1.922232662777504819e+00,-4.482837664628510077e-01,-4.149185065373963255e+00,-4.168543631716471465e-01,3.601994230878327929e+00,-3.819133321643291890e+00,-5.823515550245240924e+00,-3.315794973343708207e+00,-2.894898039332755579e-01,-4.854576410195510228e+00,-9.318482175510078847e+00,-1.295479480475929757e+00,-2.669202190944781172e+00,-1.224174990200963320e+00,-5.060444529684159143e+00,6.262084592194752108e-01,-8.166140529846912521e-01,-2.693834478012817613e+00,7.935009376722521601e+00,-7.992704389190100400e+00,-4.195139792889892583e-01,-7.784103690025760969e+00,-4.547573130594309454e+00,-9.358558602558439077e+00,1.323740810397529444e+00,-3.971737287410922690e+00,9.428374600794080518e-01,-1.529179666009413019e+00,-6.030036681954174860e+00,-4.979272235746284303e-01,-2.061357312308208289e+00,-3.882489075101456244e+00,-2.855462554488779947e+00,-3.191987117023534104e+00,9.452313963833316457e-01,-1.124488773400932784e+00,-5.244457115660227764e+00,-6.564691096371834789e+00,-4.074294896494003559e+00,-4.676565824607078703e+00,-2.824347596121044468e+00,-4.148653589364651673e+00,-8.425866824772478836e-01,-7.147569565572071681e-01,-9.101719133503005654e-01,-2.083743980628763204e+00,9.718220848619179009e+00,-2.532404232585032666e+00,-4.478537457418682699e+00,-8.841027048245750919e+00,2.465069325807879852e-01,-5.526451620207910587e+00,-2.035784479151276916e+00,-6.850726209365054942e+00,-1.398217608435748494e+00,-1.423454774401019529e+00,-2.291493074765160287e+00,-2.957186559200976728e+00,5.910757000468803035e+00,-3.284354385501870865e+00,2.248113936774020605e+00,2.748746705277678171e+00,-9.179119450658442148e+00,-2.386683296313787395e-01,3.562212952027843382e+00,-2.521332324275296077e+00,-8.950384591620975883e+00,-7.223645562920609109e+00
9.235771792282947423e-01,-5.140714020592732858e+00,-2.505956180266606381e-01,6.138850017592366370e+00,-2.873731140595300992e+00,2.848684872584958061e+00,2.586562280636032440e+00,-5.611226234088512177e-01,1.733558901032174138e+00,-2.277626524003306674e+00,4.584695689312880518e+00,-2.638823434696262016e+00,-4.537318623372704529e+00,0.000000000000000000e+00,2.296279494063322879e+00,4.084485319497300537e+00,2.779067011171816759e+00,4.712219389048571960e-01,8.201766161721325554e-01,1.314238671209216003e+00,-1.885830021121998878e-01,5.444789174235460383e-01,1.999680838731648924e+00,2.286316816211623415e+00,2.863622636739760807e+00,1.000215569811135730e+01,1.892494588341581130e+00,3.306952401833660904e+00,3.148902019859806778e+00,-1.498371828532365058e+00,4.637020239546875366e+00,8.004345026096748583e+00,4.856323803574009723e+00,1.462482996498061683e+00,2.055533671512037586e+00,-5.055096972584256776e-02,4.265221201209274504e+00,-5.927299092072182279e-02,3.571348500090301692e-01,1.810512310265899760e+00,-1.828657916033529229e+00,6.049003577709591184e+00,-3.101877560192713990e+00,5.021055901317340364e+00,7.071536769927402322e-01,2.220798379584043580e+00,-8.434896818214105974e-01,7.262593417365635240e+00,-5.261247194208842792e+00,-4.081992050338504541e+00,4.710917771538953858e+00,2.019703588104567515e+00,6.289377664002913093e+00,-5.970068038387473131e+00,-1.441536147732604967e+00,-1.689447281584355753e+00,4.387840146615790360e+00,1.653040416561831982e+00,-1.367308444364066178e+00,-1.127349371350954366e+00,-7.799506295513866094e-01,-1.127027002825743640e+00,1.620976426167470841e+00,2.679790048774780775e+00,-6.121202112369130560e-02,-1.079089315619464085e+00,8.869346813793237416e+00,-1.340431348724139937e+00,4.339040678495262426e+00,-9.956788059227854593e-01,-2.884923594477035169e-01,3.824076141909261706e-01,3.518022239244050997e+00,-3.316802379548038360e+00,3.693613138906806981e+00,4.192008709190132798e+00,5.952838038924906705e+00,1.012414687168975647e+00,4.668850122909275591e+00,-4.568345630439176602e-02,6.828114196170750327e-01,-4.458780707523221309e+00,3.304789555840452309e+00,2.641517106681420035e+00,5.692097799948046877e+00,-2.032629993338194385e+00,2.039575642515676357e-01,2.611424365305799355e+00,5.318085069043160945e-02,2.799965422688163730e-01,6.936115569128005198e-01,4.336142372867601846e-01,4.244519055827455922e+00,2.599974589699092786e-01,-4.319702503505845392e+00,3.374960836088926275e+00,5.027343220154104841e+00,3.964844679975187081e+00,-6.045721260213342774e+00,-3.374416242325444237e+00
-3.813859408281310426e+00,7.373194096017930688e-02,5.059003545065921870e+00,3.990862085972374462e+00,3.996945803810360298e-03,-1.049387310486560754e+00,6.198920421643179246e+00,2.320245942877058098e+00,4.553602863715986437e+00,1.031618938892793658e+00,4.886459526892265037e-01,-6.317591694087530962e-01,-5.688568050668887377e-01,2.296279494063322879e+00,0.000000000000000000e+00,-2.063703293121441629e+00,-3.117239697166619972e-01,1.467770070140608674e+00,2.029330827104593116e+00,1.380380624641575071e+00,3.330235385928363989e-01,-5.664480709322297969e+00,2.096352898501225859e+00,-2.162948402150820737e+00,-4.361203366798299008e+00,6.833170808161619370e-01,4.823757695208009899e+00,-3.061323957386468120e+00,-2.490706467240660249e+00,-2.486728498980529611e+00,-1.729932764590632610e-01,3.894621801439658082e+00,-4.962515943127429607e-01,-1.178320831225647458e+00,3.431519597446073266e+00,4.206599284748804735e+00,2.683154203325429421e+00,-6.750150127357968266e+00,-1.654693873726127196e+00,-1.098436279533978821e+00,-1.127150381968068160e+00,-2.181473129272466505e+00,-5.613118480981165170e+00,7.841319236186507169e+00,3.234308962409316202e+00,2.077867614119893069e+00,-8.585408206561115363e-02,3.269976778224984226e+00,2.960779081128430135e-01,-3.783813855835600481e+00,7.650014673274400323e+00,-1.812184281611240122e+00,2.417205883606769579e+00,-2.492193420545990801e+00,2.382613413884537401e+00,-4.103031240398567370e+00,4.367151285708750663e+00,-6.178772826153431375e+00,1.054126894350763122e+00,-8.009266133842981361e+00,-1.025967796436248580e+00,1.381303001258220142e+00,5.667027819669872013e-01,4.469759945138664925e+00,-1.035376492052193953e+00,-1.469813920320419021e+00,3.401672348994404960e+00,-2.615248517855114585e+00,3.350312885616459013e+00,1.610857763451581270e+00,1.505697185112548020e+00,-4.567647385248898573e+00,-1.614401329305179544e+00,-2.374676435386803064e+00,-1.114521258687743321e+00,-1.818475157626890493e+00,1.367677096766424460e+00,2.337358398211119237e+00,5.760832516566831707e+00,-3.566084028693949470e+00,-3.950379605177515074e+00,-4.248374966863055491e+00,2.012675203155713799e+00,-4.858300571476022789e+00,4.557876008156593883e+00,2.151841365473888268e-01,1.662424859856393100e+00,1.680541008590506591e+00,4.656808222275054199e+00,-8.803064055903432106e+00,8.499806929050709670e+00,1.625834663159994697e+00,-8.985043119461205707e-01,-1.978156037587430083e+00,-5.643032771691539828e+00,7.393120536038143342e+00,3.192190299382648422e-01,1.169495595078620997e+00,-1.047288290568602731e+00,-2.333088384200435877e-02
