0.000000000000000000e+00,-1.335603162985608172e+01,-4.419731510827032750e+00,-1.091179474506420988e+01,-1.755543430504435953e+00,-2.548485279677901172e+00,-5.754294758153444711e+00,-9.912058421105548689e+00,-1.313636068830774128e+01,-4.929237505174721257e+00,-7.594156187641333489e+00,1.855091295246492633e+00,8.871485661515167820e+00,7.026741471712459663e+00,2.785300261723255399e+00,-1.264180713172194714e+00,7.371527358327552015e+00,4.271202033359041472e+00,6.829837460716434272e+00,-4.791720407175192875e+00,-1.503824087435588197e+01,7.018737197328731026e-02,-2.536657740503754699e+00,-1.101543632426487740e+01,1.939137256845135937e+00,-2.423193898471200036e+00,3.960803367245786522e+00,-1.856186458503330527e+00,3.377078245980234872e+00,-5.693195044926143034e+00,-9.259680709399097154e+00,2.396210179892552805e+00,-2.567451017929669455e-01,7.462205655495538492e-01,3.134698519981152232e-02,3.085996361332751237e-01,1.159664650035364897e+00,-5.414436921491238230e+00,1.986269163193803866e+00,-5.317392938473892272e+00,-1.609215668012635714e+00,5.994535562433297216e+00,-2.845696791851342056e+00,-4.327618177838654212e+00,-7.686582887593086610e+00,4.083570388807044260e+00,-2.029174217809013747e+00,-4.669965522549323622e-01,1.201235969803521542e+00,8.847436932817748234e-02,-6.570979664482885951e+00,-4.357232133505746674e+00,-1.643686354464029664e+00,-1.051668181908893906e+01,-1.319864548018324335e+01,-3.337248958529957399e+00,-3.415291791723954695e+00,-6.856446324360888411e+00,3.769318481482724970e+00,-3.274185547022327558e+00,1.000265743133140006e+01,1.952334795109498033e+00,2.825967436224823826e-01,3.750668788841010404e+00,2.209159299037720015e+00,5.801929590501347933e-01,-9.778228522900304753e+00,1.355483653161766222e+00,-2.905367868328128989e+00,4.583943715049938750e-02,2.111016607818638313e+00,6.289222369571060511e+00,1.059895716224724538e+01,-3.517465048510535208e+00,-4.865461124010310279e+00,-2.895602602979121531e+00,-5.689031346290078339e+00,4.665131801359482466e+00,-1.462213204801854696e-02,1.631414623406494957e-01,1.241637130932559563e+00,3.134499647677445822e+00,-8.170561870433621365e+00,4.900036849225905655e+00,3.201265628449199596e+00,-3.857687684659864669e+00,5.514285410272743881e+00,2.103641054657275244e+00,-3.298948183798459333e+00,3.206837326488356510e+00,3.358126692539546099e+00,-5.643023889018603967e+00,-8.329435261862976336e-01,-6.103944229931088650e+00,7.812392611944515508e+00,-6.492429687937031346e+00,-2.491283967857181647e+00,-3.139327051534560376e+00,4.783618958880266447e+00,1.322694356482965405e+00
-1.335603162985608172e+01,0.000000000000000000e+00,-2.331386947899467543e+00,-2.949666029466609274e+00,-3.075398474401605409e+00,-3.226724247730560435e+00,-3.389637727218483221e+00,-2.045242854784234066e+00,-4.696172195153738294e+00,-8.287346053288235481e+00,-9.394504024068965009e+00,-3.195453691530897089e+00,2.975186589010501148e+00,-8.208751391979517420e-01,-6.148499813664686009e+00,-7.289656083594981517e+00,-1.156231120187907857e+00,-6.592506983991207825e+00,3.761040018265968121e-01,-3.344121792810832439e+00,-4.908462933428603847e+00,-5.330543491854227156e+00,-9.130298560035844391e-01,-1.233280937917852427e+01,7.319761841744060860e+00,-8.750185845480896063e+00,2.072135475079995626e+00,1.055346321286514621e+00,2.203899062474962811e+00,-6.980206796896530008e+00,-1.563984913265985544e+00,3.623920361871916018e+00,5.013797499768074317e+00,-1.573843868331700424e+00,8.041140236953812082e-01,9.341588784346556151e-01,6.836214709327461669e+00,-1.623351628689361226e+00,4.547334071071329475e+00,-5.837056845784069914e+00,-9.595520611286045831e-01,4.765721394167738545e+00,3.230388577063079136e+00,2.410739344574243326e+00,-4.376943078613576787e+00,2.073518391072962430e+00,5.628826469842790559e+00,6.679947555965774164e+00,2.282459159595462861e+00,-1.756665580104540547e+00,-3.772700956430256269e+00,4.104923242372826020e-01,-3.959235294195686095e+00,-6.829361818905842485e-01,-3.170554735303405813e+00,-5.380109256669379114e+00,-3.877943986790640007e+00,-4.551317607556936151e-01,-3.838171140902107759e+00,-7.506543038635447473e+00,-9.070693513787352558e+00,-9.743880115002951925e+00,-8.199152395965343842e+00,-1.468250628555764603e+00,2.537166047756938880e+00,6.724930444616654679e-01,-3.507267077474732098e+00,8.219409513006138424e-01,-1.476489153784295016e+00,-3.261691002019193597e+00,1.272543134802016418e+00,-3.189988611322042145e-01,6.307623296735154206e+00,-5.788721393344542498e+00,4.775623651092077537e+00,-8.079696429337014152e+00,3.407887097865578419e+00,-6.363676935115719857e+00,1.191531581249395799e+01,3.202706827091996278e+00,2.086030065809062473e-01,-4.104814730955032687e+00,1.548148816812371376e+00,8.032829379490065147e-01,-4.736905868990099577e+00,-5.653937445866565881e+00,4.661348392915400929e+00,-2.640440597839039949e+00,-3.514877245652114457e+00,-4.548895693126127071e+00,-1.138914123438703463e+00,-6.694097513822393708e+00,-6.975123085497004993e+00,5.349946767936206271e+00,3.506402826056663757e-01,9.378562545171384990e-01,-1.666706852930562421e+00,-2.989171669953178956e+00,-3.583362268759533453e+00,-3.008341249551020891e+00
-4.419731510827032750e+00,-2.331386947899467543e+00,0.000000000000000000e+00,1.449093232115367114e+00,-5.633504156204960367e+00,-7.475456898416966922e+00,-4.434568069912345201e-01,-3.875081759234241918e+00,-4.933847199000350514e+00,-2.422253808198620018e-01,-9.875617842492928622e-02,1.992761744702953974e+00,6.882914158147797501e+00,-7.231782740102921991e+00,-7.112177245628983790e+00,5.243336515623413518e+00,3.813001014435530855e+00,-3.973378744915839533e+00,1.860522561709913258e+00,-2.024619661348426636e+00,-6.313604273527701594e+00,5.053495995885944225e+00,4.579598774559364927e+00,-1.005060888094511995e+00,9.979878418162085651e+00,-6.435352563637768419e+00,-2.807161240740511321e+00,3.029683417542229584e+00,3.914890823916556961e-01,1.831003267747117302e+00,-1.751738840132440522e+00,-1.058171148576851683e+00,3.116247129048852038e+00,-3.580263659233332341e+00,-1.453139316883729659e+00,2.220248973659317393e+00,3.436248001061460222e+00,8.641626581729980883e-01,-2.818759846818863490e-01,-8.148956198611994495e+00,-1.349085405310742614e+00,3.941941261135362140e+00,-2.424381792039210559e+00,4.680710789484723300e-01,4.427420700445462209e+00,-4.802241956369649678e+00,3.447830612971791719e+00,-1.212392010840903200e+00,-7.059784887004446396e+00,2.665624606659641405e+00,-4.065911174537022887e+00,-2.158682744206417148e+00,4.278855491002867772e+00,5.979352228465590002e+00,-4.245925076012879273e+00,-4.100890953180536869e+00,-8.689685007694012420e-01,-1.734508162859179858e+00,-3.773031720135285649e+00,-1.252321449575967582e+00,-4.027908903651741035e+00,-1.037471442481018080e+01,-3.087056359283256946e+00,-1.341588382946188318e+00,7.959918093339259926e+00,-5.461869847061639582e+00,2.979862319549154148e-01,7.356448080013621826e+00,-6.774072848047646644e+00,-5.454619663144886665e+00,-6.698598038939794996e+00,7.170285051323501690e+00,2.444472165264325536e+00,-5.020224066595821100e+00,6.789571518010542484e+00,-3.221370486149702117e+00,-4.477633274545913089e+00,1.359248152401580700e+00,1.327470715636905219e+01,5.035153182215507783e+00,7.991705926992598297e-01,-7.968084943712304025e+00,6.272561096540693271e+00,-8.958875030654956717e+00,2.628079462277861378e+00,-9.953520258913878038e+00,5.106753429577141290e+00,-9.324705381738707999e+00,2.277269318102727258e+00,-2.622774608231328575e+00,-1.233341248732534590e+00,-5.627981549691772223e+00,-5.796240416875861001e+00,2.611591116484946351e+00,-1.991032235235696279e-01,1.133351910553389130e+00,-6.347615591650344946e+00,-6.741334517126333026e+00,-6.144469828133212630e+00,5.923846927560310505e+00
-1.091179474506420988e+01,-2.949666029466609274e+00,1.449093232115367114e+00,0.000000000000000000e+00,1.848410687345331427e+00,-6.819552065141686548e+00,3.448433204715345646e+00,3.675000520629224665e-01,-6.549257694448826772e-01,4.758026738733437178e+00,-1.436447896947312231e+01,4.674214368062870939e+00,3.640658711842095663e+00,1.307640391641741451e-01,-2.326063090678167189e+00,1.179917513209189472e+00,1.370124231607435350e+00,-3.915681150896235252e-01,3.716844573711517885e+00,-9.387842331203657409e+00,-5.541876019604151438e+00,-1.977142044614372152e+00,-1.360902873139011815e+00,-9.480369294863834062e-01,1.081168898260490785e+01,-3.324864156941557791e+00,-3.625964472903671076e+00,2.673730527574714522e+00,-3.868631263473213178e+00,-3.374284318350327716e+00,1.159256105545210414e+00,7.934967340053539431e+00,1.382917927232072053e+01,-3.090211323554724832e+00,-5.936903622915006729e+00,2.051482454248794607e+00,2.978729049695075570e+00,2.630436493728496750e+00,4.368810735603649853e+00,4.990505810119037378e+00,2.460307707515420717e+00,4.523085608887087439e+00,8.459837948915781780e+00,4.834827407209544958e+00,-1.133779466576962491e+00,-3.398035776535172081e-01,1.098657304770977339e+00,7.612198500703589943e+00,3.310944056634386179e-01,1.227138244864049543e+00,-6.401988844842773085e-01,5.527208877448554603e+00,-1.371633585732932037e+00,-6.816143644428143133e-01,-1.729188100606214862e+00,-3.428017111367446912e+00,1.369403396135124851e+00,2.266347625164872870e+00,6.765739588650244940e+00,-6.167642565628528306e-01,-2.303349237227444668e+00,-2.964515102167204041e+00,-2.485018567025361946e+00,-4.572858493134008412e-02,1.502056931105452353e+00,-4.345013867639016425e+00,5.193515783313976675e-01,-1.406472261194942619e-01,-5.988184102331438829e+00,5.650860333172961214e-01,-7.847322541549001107e-01,1.071930904727897538e+00,4.444819746706689223e+00,-1.076954179202398665e+00,2.108404727805029744e+00,-6.026800221420068659e+00,-3.911896225304382746e+00,1.676268798955554695e+00,1.041595449079279945e+01,-3.023397380094484443e+00,1.061196396612519965e+00,2.167394143316690780e+00,8.110981668130639477e+00,1.759704725061538300e+00,1.353797462039167510e+00,6.930405516819010403e-01,9.630784153941862158e+00,-4.121463477329198599e-01,-5.986169757829154392e+00,-7.776597154013732416e-01,-6.684467670596654365e+00,-9.195177594901954299e-02,4.622537808264198134e+00,3.731492380707518208e+00,5.595176936063976925e+00,-3.173211954188019934e+00,-6.149894197184130995e+00,2.484431569565955511e-01,2.457441906030325196e+00,-5.410309571693081576e-01
-1.755543430504435953e+00,-3.075398474401605409e+00,-5.633504156204960367e+00,1.848410687345331427e+00,0.000000000000000000e+00,-2.558503695808305167e+00,-3.720228637460357923e+00,-3.241010536139590226e+00,-2.659855016977654696e+00,4.129004007499105455e+00,1.442175019745500997e+00,5.225626188183201570e+00,4.150842684549172823e+00,1.597216159449753814e+00,-3.382972120537341532e+00,2.724456280704047995e+00,-4.419265328740757393e-01,-4.214937883898274285e-01,8.209254284330841145e+00,1.846466290160887480e+00,-6.988405280920938267e+00,5.142826355214530132e+00,1.083809465423362761e+00,-2.674755185591808360e+00,4.691652855604816708e+00,-6.447713043936180721e-01,-5.485781641624643434e+00,1.275612916273598962e+01,9.609173195687484847e-01,3.622890795547437648e+00,5.122256494885736977e+00,-9.724339733181643908e-01,5.966838212030413757e+00,-6.785151103048596255e+00,-7.377027430483622084e+00,-3.669295663214960923e-01,1.533687343254116042e+00,-2.954151788361131903e+00,9.168093976429247949e-02,-2.284985310622107413e+00,-7.505222074269954469e+00,2.855651670368979378e-01,4.403242925030251165e+00,9.627039751896326880e-02,3.314778136354257665e+00,-3.663106958170335936e+00,1.842783245828569783e+00,3.778640319324408470e+00,-2.050193178252902371e+00,2.101709989591260985e+00,-1.074025544464374704e+01,1.360563799803268026e+00,-2.072483547600199927e+00,3.009055954444292524e+00,1.247923850330692419e+00,-3.430679702988443047e+00,3.450074450045896413e+00,6.038324072101128870e-01,4.510910062820368438e+00,-9.216655474614659838e+00,2.751829247628307495e+00,2.229300812669999132e+00,4.776176831793645050e+00,-1.060502680154612465e+00,5.569123831775526057e+00,-1.066500357777312757e+01,5.974642002828389309e+00,4.057324807850451465e-01,-5.442906661965651871e+00,-7.241778611045100789e+00,6.178604319892609942e-01,5.034685620045302734e+00,-1.051749662295309973e+00,9.055620463589082902e+00,5.593750120730595299e+00,-2.346238079945752286e+00,-3.237615534520539295e+00,1.083121663183758621e+01,1.169916853459200823e+01,1.856195140138635180e+00,2.998886263859948720e+00,-1.600736650795913318e+00,6.993069151263957117e+00,-1.488918407247546405e+01,3.098528170028431283e+00,4.773247750886981500e+00,1.285345204505139627e+01,8.393648883794398330e+00,-5.807120865491335326e-01,3.837011995279279386e+00,4.506621184872757091e+00,-1.330218298000379384e+00,4.265093148467796524e+00,1.042694594742870962e+01,2.179738352476120244e+00,-2.518107279954677757e-01,-2.374814052332778758e+00,-1.952969969581667353e+00,-1.229520338111035116e+00,6.806886799360393425e+00
-2.548485279677901172e+00,-3.226724247730560435e+00,-7.475456898416966922e+00,-6.819552065141686548e+00,-2.558503695808305167e+00,0.000000000000000000e+00,-9.885429489151609239e-01,3.062840703936287490e+00,3.261514438251401415e+00,3.701511187216929955e+00,3.035200841096012070e+00,5.748179138922304254e+00,5.111288527193202924e+00,9.172713331769217771e-01,-4.617567411570625002e-01,3.854807279785719576e+00,2.815649564435473540e+00,1.154486953425164719e+00,8.153928851800106514e+00,7.166033913148893042e+00,-1.617284722370476269e+00,6.261797812147134046e+00,7.253342115683628855e+00,-3.190569804615009941e-01,1.238472747584378020e+01,-1.399000133837487780e+00,-2.235716828649793708e+00,2.692051091485254233e+00,5.422073772029356142e+00,1.024212760903385089e+01,-6.326254955580760120e-01,1.101177322433718686e+00,4.429126659322149884e+00,-4.123861424962719013e+00,1.167516104368627738e+00,1.043757164820757488e+01,7.989819432652867981e+00,6.203373785931308504e+00,8.492953884794992803e+00,-4.376507981237756084e-01,1.044142235630225235e+00,9.572280081485246228e+00,8.741434829221354619e+00,1.566331883998568930e+00,5.079343453016039511e+00,3.282358850018608720e+00,9.206631216990075472e+00,4.909780145085965053e+00,-4.474245359659242638e+00,9.875269524281616640e+00,6.088761229760897287e+00,4.835988340214372627e+00,6.926565953851642199e+00,7.485670567271090370e+00,1.497266414093873177e+00,1.411996507993792394e+00,9.018233256065771641e+00,6.974766212120855791e+00,-2.751780999083826451e+00,7.205351615717767721e+00,2.481185543536675031e-01,-3.690608710008696391e+00,-5.780277599989000592e+00,4.182080420001608623e+00,1.218494022681750799e+01,-1.580903100946605022e+00,6.546487180915664394e-01,1.337458874023677069e+01,1.446091948570958630e-01,6.977975508593555753e-01,5.699129926051465844e+00,1.074541751717676874e+01,1.038353734654105409e+01,-1.710074323874914315e+00,1.442494798400204203e+01,6.535790077146437227e-01,4.941449460042570685e+00,9.163806249655333858e+00,8.512235116174485583e+00,9.266269974806315091e+00,-1.091460764685901891e-01,3.122715305231582028e-01,4.649395534325345691e-01,-1.040713899933414766e+01,1.432190268290334689e+00,-4.579161583668119206e+00,1.324159840070823080e+01,-6.920478947625550603e+00,9.394951469300410807e+00,-1.790602209107712062e+00,6.572452004280116000e-01,-1.907937691079484077e+00,-4.815401297722123886e+00,9.277051802351106602e+00,5.277047836900664812e+00,-1.272853015338992977e+00,-2.189980810594467364e+00,-3.214424906149181416e-01,-2.844766893977539013e+00,1.144648767796431699e+01
-5.754294758153444711e+00,-3.389637727218483221e+00,-4.434568069912345201e-01,3.448433204715345646e+00,-3.720228637460357923e+00,-9.885429489151609239e-01,0.000000000000000000e+00,7.711869102381076202e-02,-1.966084903166223974e+00,1.928269052219174551e+00,-5.175901800472006542e+00,5.469655884127704759e+00,9.003931017477313503e+00,8.552425043834373852e+00,1.590915879333908212e+00,7.798138001254451446e+00,6.201693074272185413e+00,-3.449813066570378339e+00,9.405965563848754485e+00,-2.788810673518071770e+00,-8.283146049501949548e+00,-5.151073766502451079e+00,6.958861783677741109e+00,-2.723446736834937987e+00,4.494158994680050867e+00,4.688630827155643388e+00,3.230722889116577345e+00,8.705024291407896797e+00,-2.868859189752558381e-01,1.886373425265575499e+00,7.890808439898623350e-01,-3.675359234681951359e-01,4.577747853130037292e+00,-1.475110177069938189e+00,-1.731531769794388276e-01,1.836846585199166659e-01,4.440075112910559341e+00,-1.966016256566852860e+00,-7.222100719167443117e+00,-3.351638184668011888e+00,4.963986314911251974e+00,7.642238657738043006e-01,4.415413239452861127e+00,6.584684108120932855e+00,-1.625276118225027711e+00,7.941971154374033226e+00,7.526243710587562363e-01,4.588007225789161869e-01,-1.005534042413513873e+01,3.130937501925269206e+00,-1.249916542456603707e+01,2.102939355110213793e+00,-7.515866688261957362e-01,1.484565908602664130e-01,-4.113132970038312131e+00,-3.114162651561254158e+00,8.737197068107380726e-01,-6.557393244458683546e-01,-3.820812168482440985e+00,-1.054330055536817801e+00,3.847817238079160873e+00,-4.079654051734314280e+00,5.263757740979444932e+00,6.993519052323482477e+00,1.545838413389581278e+00,-1.159149720033332498e+00,-7.787354826800816809e+00,7.409220614677497707e+00,-1.920145362854787763e+00,6.277136126339459388e+00,1.885601081058270401e+00,3.909078723145971601e+00,1.060120629039670703e+01,-4.290531639824927801e+00,3.324340037167459183e-01,-1.585367596137945867e+00,-4.913139441399417606e+00,8.579355950776752948e+00,3.466988003541155106e+00,-1.457076027372773641e+00,1.780799629744743484e+00,1.917281971334853230e+00,-5.842484735352502234e+00,3.886414569001559460e-01,1.730212740797144821e+00,-5.977973170527794977e+00,4.045288600167648241e+00,8.420743545102442607e-01,-5.133064920759823124e+00,-5.071177240808085962e+00,1.660764728912428545e+00,-8.442964451826014960e-01,-6.448171877267516727e+00,-1.896155523652852892e+00,-1.314745938748561160e+00,1.809422204970619230e+00,1.013088992974183000e+01,-6.248234665582341751e-01,-3.394418747567335526e+00,-7.480760736933459443e-01
-9.912058421105548689e+00,-2.045242854784234066e+00,-3.875081759234241918e+00,3.675000520629224665e-01,-3.241010536139590226e+00,3.062840703936287490e+00,7.711869102381076202e-02,0.000000000000000000e+00,-1.721111094945605213e+00,6.272074432584100911e+00,7.418508197323318010e-01,1.683816753844555425e+00,7.842339839507301846e+00,-2.226237364155958520e+00,4.882576833604299060e-01,5.426193696576794956e+00,4.371834976825718755e+00,-2.300804014629505012e+00,7.112631504343183586e+00,-1.733258365714536398e+00,6.399928761273200317e-01,3.142374275258924765e+00,5.015454346499991445e+00,3.717512550044711706e+00,8.401093774493459065e+00,-1.295300951510391263e+00,1.766655299261678858e+00,7.442561517985299524e+00,2.641121182728282335e+00,3.056194210970316849e+00,1.099251949000665585e+00,9.981667935592255958e+00,3.635536856398551286e+00,3.104287953547726797e+00,3.592930502680161009e+00,-7.520008789029082319e-01,9.593638734940375556e+00,2.965022549112491745e+00,9.831430254279750258e+00,1.359057464951759775e-01,3.216857876297729568e+00,1.044743408502312398e+01,3.721726636434840252e+00,2.137497547871127335e+00,1.224901454703704262e+00,7.657449740263848170e+00,1.191721958056006869e+01,8.363226310508446559e+00,-8.329608179772542087e+00,5.450463606368555425e+00,-1.847630272239702220e+00,4.875645614592305499e-03,6.598797678295202473e+00,6.989843514064862262e+00,1.884665951891899338e+00,5.188128361649091413e-02,2.026332844983811388e+00,2.317845412019509332e+00,-3.228849380204930508e+00,1.175121271229260467e+00,-2.685019154369248540e+00,-8.022777809782898117e+00,-2.725122613338388788e-01,2.826108685902702700e+00,1.142210379495097250e+01,-1.501907823658691354e+00,-2.904718956707854183e+00,8.378017236147428548e+00,2.707074854108603823e+00,2.678751103605826245e+00,1.487742196482710444e+00,5.013523637928948951e+00,1.333307976560255703e+01,-4.576025946357497709e+00,9.237401622103725174e+00,-8.797487085544531960e-01,2.184117119982947663e+00,4.306229636025721952e+00,1.469216241683566793e+01,8.199414131261850258e+00,1.287402255674548579e+00,-2.731410343511790462e+00,2.055694606818852410e+00,-1.613195349780149890e+00,-1.360025783253228093e+00,-8.278513785896048915e+00,1.384394897854881812e+01,-5.114257520456956918e+00,1.310587375610652749e+00,-9.168052962519746885e+00,-2.322674601666493643e+00,-2.975774270011774636e+00,2.489983675707106325e+00,8.744205172218228128e+00,4.662082498530429220e+00,7.985886702271691284e+00,2.601518523409423800e+00,-5.182936193787198498e+00,-5.400169775840176101e+00,7.894571692797980766e+00
-1.313636068830774128e+01,-4.696172195153738294e+00,-4.933847199000350514e+00,-6.549257694448826772e-01,-2.659855016977654696e+00,3.261514438251401415e+00,-1.966084903166223974e+00,-1.721111094945605213e+00,0.000000000000000000e+00,2.720842139193266451e+00,2.566961894196005289e+00,4.998038004995153827e+00,5.690026376223065618e+00,-5.543686377302390333e+00,-7.107975517334127247e+00,7.538338658275296034e+00,8.465816142909899256e+00,2.213838265528430771e+00,5.833156073609111480e+00,8.465230197798172540e+00,3.296387358866332384e+00,3.915819370250190001e+00,8.861693144667952993e+00,8.960321595706529640e-01,5.596178082226002992e+00,-5.394337628280262642e+00,-1.231927762754701616e+00,7.468564445473955260e+00,2.422601944980835587e+00,9.047540137595346366e+00,5.025402749408933722e+00,6.814376084070182138e+00,7.112216507239612628e-01,1.616214913819937093e+00,1.479218439647140171e+00,7.415328075081095704e+00,1.189983253813560182e+01,6.706212545063435782e-01,1.069347663940757087e+01,-6.647918402527047910e+00,1.182078040419680232e+00,9.508873053500037642e+00,2.625532586431444937e-01,5.565645628468728345e-01,9.155606060577156313e+00,4.877877532672945549e+00,1.059047657700633316e+01,8.843236205361344915e+00,-4.815514470993778051e-01,7.500664922489716169e+00,4.445711136244314687e+00,-1.241894735881504452e+00,8.510603063138646007e+00,7.308033476587128874e+00,1.953193366077840887e+00,1.171897192179716773e+00,2.961802641802792735e+00,1.765256438779103210e+00,-3.406418750560316511e+00,-1.439114463040039649e+00,-7.012716938468201100e+00,-5.985260704477112448e+00,1.797224551410060212e+00,1.464813845953512494e+00,1.207721915720124350e+01,-2.603613414651626545e+00,5.942707957443789102e-01,6.618548334700419034e+00,-1.263487365127703987e-01,2.355392165846499353e+00,2.267532782985001383e+00,7.824611297579249225e+00,1.159039270991061876e+01,-3.512620423860992158e+00,1.263424270421923268e+01,-4.332647654253285019e+00,2.869000044501265556e+00,3.998406655375143615e+00,1.827508915344286677e+01,1.198718147233324061e+01,1.572414166900349741e+00,-7.975161545241979510e+00,8.322572285324809638e-01,-1.148385069690223759e+01,-1.959612560895672262e+00,-9.008587292168140692e+00,1.077852561935042885e+01,-9.216411369045829360e+00,6.388050980379275323e+00,-2.987124976537479881e+00,-1.734297262806910600e-01,-7.874626985091924825e-01,-2.096388554295858686e+00,8.793688489144555476e+00,1.814588321993357178e+00,3.377913249770877258e+00,3.559713656627947476e+00,-6.539814339982095603e+00,-3.505527687025489780e-01,8.377193786055014968e+00
-4.929237505174721257e+00,-8.287346053288235481e+00,-2.422253808198620018e-01,4.758026738733437178e+00,4.129004007499105455e+00,3.701511187216929955e+00,1.928269052219174551e+00,6.272074432584100911e+00,2.720842139193266451e+00,0.000000000000000000e+00,-1.537415157033294122e+00,3.137620846291968135e+00,2.413719493061464050e+00,6.949945778470217661e+00,2.641907974590240737e+00,-3.946498181018223583e+00,4.186885334572363782e+00,-1.333861744533375582e+00,7.148021211238788641e-01,6.437103735244539493e+00,-4.711162373015815419e+00,-6.352363485002102905e+00,7.872145148041211904e-01,-2.050125164049714233e+00,1.933065349623665830e+00,-8.777675458792464358e-01,-2.711932774179511618e+00,-1.091256793260600322e+00,6.495239128269717499e-01,1.184468767327143679e+00,4.788626514674032109e+00,6.307635695366618833e+00,2.020657033703607830e+00,-1.166244922619204161e+01,-3.813618299840461745e+00,-4.901650453393171958e+00,8.315382292757691474e-01,2.782475002607493142e+00,4.921863689883216431e+00,4.939981442893538244e+00,4.335134790245827041e+00,6.688909627239495670e+00,7.708799365506081358e+00,2.270741911710764782e+00,-5.216143310580224624e-01,7.669225911906409898e+00,5.200867288186573845e+00,8.053056294968580886e+00,1.845014579279017908e-01,7.331625092436131474e+00,4.871393321250423014e+00,2.297324622674299516e-02,-3.789909452309710991e-01,-8.410953561943858015e-01,-2.128671820910876367e+00,1.724089675409639533e+00,-8.525398534572502740e+00,-2.351684701512205322e+00,-5.092793767540611860e+00,1.979277651191525322e+00,-3.006762456706896458e+00,-2.454547272772979571e+00,6.964499902881580162e+00,9.472142995132992738e+00,5.334977706664778552e+00,8.649864761749473940e-01,-5.217307821940931234e+00,4.769511961830482427e+00,-6.320919860651706301e+00,-8.880749573132756813e-01,-1.678882851464290837e+00,-1.543866882582491273e+00,1.123089606221779446e+00,-2.290560282858978836e-01,6.886299023399251595e+00,3.272696939955052287e+00,3.722231995975048058e+00,7.431232513851500521e+00,6.858436366864157918e+00,3.595220769279370288e-01,-2.712761937482861097e+00,3.173613880282585509e+00,-4.492657076262916327e+00,-1.000385913108248204e+01,3.717908408681207089e+00,-6.671246536577616126e+00,4.507973424164647192e+00,-1.647716065530473450e+00,-8.365963052279871803e+00,-2.642823583097955176e+00,-2.250662882024600631e+00,-4.743893826414324444e+00,-4.048833602211350247e+00,3.896501883212012629e+00,1.536511052286642753e+00,-8.091619837029496720e-01,8.667172730487491705e+00,-5.903823883282067086e+00,3.346003881064320673e+00,-1.990059926903403609e+00
-7.594156187641333489e+00,-9.394504024068965009e+00,-9.875617842492928622e-02,-1.436447896947312231e+01,1.442175019745500997e+00,3.035200841096012070e+00,-5.175901800472006542e+00,7.418508197323318010e-01,2.566961894196005289e+00,-1.537415157033294122e+00,0.000000000000000000e+00,4.106112536886523223e+00,5.831029016929628384e+00,2.843105205355349052e-01,-4.467100080196019896e+00,2.193445267625083073e+00,6.699545519844313013e+00,4.654399997228120256e-01,4.651565705648852855e+00,7.170253020533857713e-01,4.378222737471592296e+00,-1.867104942872121809e+00,1.380053240987675167e+01,9.802171813595398575e+00,-4.364862607620380253e+00,1.123714321850353359e+00,6.797672376679268602e+00,1.931147154068021177e+00,2.397993482254577202e+00,5.684521643023536797e+00,-3.750012413537143097e+00,5.698857909097436725e-01,1.138679851557468092e+00,-3.260616883001413058e+00,1.748706592395604886e+00,1.518567908094798025e+00,-6.622067530531584589e-01,1.629100634910679357e+00,-1.315103196814286779e+00,-3.695170811952381396e+00,2.428005870760194362e+00,5.836999832923305043e+00,3.501375587090012509e+00,3.733322704645204659e+00,2.834830695030021275e+00,3.687757985688533857e+00,7.718377573168686112e+00,-2.125335289904045855e+00,4.871828090409255907e+00,2.522382118119664618e+00,6.627152225664850071e+00,7.590105274375885003e+00,7.326797461937714750e+00,5.187204778102416647e+00,-2.004795339845184821e-01,-3.650999196512706657e+00,-2.098739570119174225e+00,-1.114993562345946598e+00,-5.697145176980892067e+00,2.899495403480325084e+00,4.189960403306419501e+00,-4.667698787845458996e-02,4.087352338100381566e+00,5.918878193727442394e+00,6.851557226208991658e+00,-1.048589210024819529e+00,6.557036125531100268e+00,5.386819029475033993e+00,-4.940778004465325779e+00,3.668107179817252650e+00,3.813680076405382646e+00,-1.514124373418753278e+00,1.094647475288897454e+01,6.642637202778961525e-01,8.348622794013055071e+00,-2.879536710678345379e+00,-1.844533073996477146e+00,8.647950790763049511e+00,5.574302916582277945e+00,7.121469891276231978e-01,1.324392452108696006e+01,-3.164329286549984577e+00,1.101665928081600754e+01,-7.547868928225732965e+00,1.072117925579771658e+01,-9.949239278297490330e+00,-8.302184606570809366e-01,-8.704888898525780405e+00,-2.985334446526909158e+00,4.701007311403217592e+00,2.126064532359993375e+00,-3.091204662454817065e+00,-4.762190653528147521e+00,-6.170856968385624725e-02,5.081001281716583051e+00,5.049953254961822680e+00,2.621826490846890234e+00,-6.139729522879797230e+00,7.114905535883653265e+00,7.379840614690896139e+00
1.855091295246492633e+00,-3.195453691530897089e+00,1.992761744702953974e+00,4.674214368062870939e+00,5.225626188183201570e+00,5.748179138922304254e+00,5.469655884127704759e+00,1.683816753844555425e+00,4.998038004995153827e+00,3.137620846291968135e+00,4.106112536886523223e+00,0.000000000000000000e+00,-4.005523776829754468e+00,1.889554828727748603e+00,-2.980385609766249555e+00,-8.540136647977806916e+00,1.447964108021386198e-01,-2.255834396912775652e+00,1.171645691599319861e+00,-4.026236948476280553e+00,-8.246913255037695123e+00,2.281650301331536457e-01,-4.762444491818093262e+00,-4.892723289436158751e+00,-3.012059919064112190e+00,-5.683230969647308228e+00,6.410868448128523855e-01,3.927867969815790339e+00,-1.091994745755470397e+01,-2.019484955023416184e+00,-2.950537790129913240e+00,-1.281973908039581778e+00,-1.351923993126241674e+00,-1.159822658110908122e+01,-2.267046463475446139e+00,-3.282862105716586765e+00,-5.705822890596521368e-01,-5.918352179307499128e+00,-1.186238390163528722e+00,-5.594027543729609420e+00,-4.135957076526906029e+00,9.521915529087985774e+00,2.945422121166836327e+00,-7.426245052647701073e+00,6.226133158037927551e+00,-5.888387019328640726e+00,3.344092641442680147e+00,-7.779231545245531620e+00,-8.749006610711161258e+00,-4.469757025559808916e+00,-6.393044679215926784e+00,-2.365570590652727123e+00,-4.286566210546896016e+00,-2.770205466349396239e+00,-7.217453113901264317e+00,2.416523516405460370e+00,-4.345127003157684409e-01,1.022086337846686677e+00,-3.555358723285925837e+00,-4.683960927514243089e+00,-4.272523572010141990e+00,-8.010580820022372706e-01,2.483194618607238002e+00,1.653513885423237184e+00,1.187520822351385341e+00,1.097813871909563810e+00,7.831102457237200110e-01,-1.061024926122971390e+00,-2.147093565425933193e+01,-1.366475434977354553e+01,-1.057234782163860842e+01,-1.205366717872668580e+01,-2.825334012651116833e+00,-8.479462422281603295e+00,-3.312967859958919625e+00,-6.650302999017456251e+00,-3.074894678140288606e-01,2.213656560281089813e-01,2.533989997389431981e+00,2.797020915777204131e+00,-8.712598827198863916e+00,-5.293491687290508452e+00,2.747684495753388578e+00,-1.000460797209004049e+01,-3.699054991335565479e+00,-1.734729281190637451e+01,2.997107726726182086e+00,-9.861460681635473291e-01,-2.201724633078840476e+00,-1.417269509198833433e+01,-3.479298724909773100e+00,-9.461428311541864034e+00,-2.663153713109017051e+00,4.080858748897015609e+00,-3.565316986403574417e-02,-8.282811139136695644e+00,-8.705995694265924456e+00,-6.511448816500145398e+00,-8.732382247263890118e-01,-2.422096530370801748e+00
8.871485661515167820e+00,2.975186589010501148e+00,6.882914158147797501e+00,3.640658711842095663e+00,4.150842684549172823e+00,5.111288527193202924e+00,9.003931017477313503e+00,7.842339839507301846e+00,5.690026376223065618e+00,2.413719493061464050e+00,5.831029016929628384e+00,-4.005523776829754468e+00,0.000000000000000000e+00,-3.386535212561304853e+00,-4.564426156897678055e+00,5.824172714800155859e+00,-2.008896725509350834e+00,-5.361045982025293810e+00,-6.207642168809441863e+00,-7.656732085756731365e+00,-2.365352074336434463e+00,-9.022424379846334830e+00,-9.698232364836048447e+00,-3.369949902179947721e+00,8.450880750043239242e-01,-1.361048232650082124e+00,1.663111111274762077e+00,1.164477659302955548e+00,-3.179890253097786168e+00,-3.437396875461746326e+00,-6.358829200765028666e+00,-2.406697255053959594e+00,-2.099830532837412278e+00,-1.259818168514262915e+01,9.282189773794713439e-01,-3.647974498639624308e+00,-2.238161246928174641e+00,1.935931869040137032e+00,-1.785636007512561019e+00,3.273667740180076891e+00,5.622538374205239720e+00,-3.242507643763535174e+00,1.165567634835429356e+00,-2.891116844159386662e-02,1.425662167746696851e-01,1.162697859203302375e+00,9.198434986541155212e-01,5.417039915282697571e-01,-6.713847124514015219e-01,-2.493220504725033315e+00,-2.798413937245109562e+00,-2.452002040842906183e+00,-1.127851028370989184e+01,-4.235776625239278559e+00,-7.709837111326355519e+00,-4.726192078843629574e+00,-7.299853137896080923e+00,-2.471379799965350177e+00,-4.999078118337613397e+00,9.256685205578838449e-01,5.715514927927636712e+00,1.071589366911470442e+00,-4.642021305040567647e+00,1.652295625550059599e+00,-6.891418876602041443e+00,-1.912396952048968313e+00,-3.131303505984036395e+00,-4.965800164614374346e+00,-1.207361776467989856e+01,-1.312962515749687853e+01,-8.960136785248883129e+00,1.500945659593390102e+00,-2.239619229242179710e+00,-1.736810814101122091e-01,-2.147742167203067876e+00,-2.407887734575274052e+00,5.149456140740272803e-01,4.759294147071583936e+00,-3.900431029605525568e-01,-3.491755403204554575e+00,9.791804453746776327e-01,-7.016262568098226016e-01,-5.530041519739983258e-01,-1.307901188675231552e+01,-2.524990590981056826e+00,-3.617424843010524693e+00,-3.507595262534578540e-01,6.556357272998946106e-01,3.485308933754787120e+00,-6.485404981256127854e+00,-3.742822369224543255e+00,-4.074324708025827135e+00,-4.005960329740021031e+00,1.909248098453056430e+00,1.304721361273694757e+00,-3.560132787450739578e+00,2.957606281326016440e+00,-9.124608431839220657e+00,-1.014228581979246924e+00,-2.631893057224141241e+00
7.026741471712459663e+00,-8.208751391979517420e-01,-7.231782740102921991e+00,1.307640391641741451e-01,1.597216159449753814e+00,9.172713331769217771e-01,8.552425043834373852e+00,-2.226237364155958520e+00,-5.543686377302390333e+00,6.949945778470217661e+00,2.843105205355349052e-01,1.889554828727748603e+00,-3.386535212561304853e+00,0.000000000000000000e+00,4.015949947766094930e+00,3.052086942386919244e+00,7.432824764777922866e+00,-5.064144728197735645e+00,5.484978643852069347e+00,-9.147592523635726280e+00,3.639123360684636932e+00,-1.924161995785092394e+00,6.439700196970969959e-01,3.958453574005266429e+00,5.989690866611309339e+00,-3.869281521459261075e+00,2.950529353284496281e+00,-1.791629939410864347e+00,9.528144885196381253e+00,2.487604818649590044e+00,5.033175882357739717e+00,-2.916873692615500779e+00,4.433679978945018085e+00,-7.157162164825146000e+00,-6.625159893517612808e+00,-3.101233477026276386e+00,-6.784438309090644381e+00,-1.338002436591289479e+00,5.429590775147379311e+00,-6.127691329875150750e+00,3.688886362464469215e+00,3.498673179527849175e+00,4.005893068084446895e+00,6.155310417639545228e+00,-3.370553139463444037e+00,4.137787497424101346e+00,1.033442770576002312e+00,1.363347094518267744e+00,-1.321761794865768813e+01,-2.925646987874957805e+00,5.328638070638894497e+00,4.451321538876253037e+00,-2.490975094343809815e+00,1.470290680139730410e+00,1.586312776965244753e+00,1.858563682525335770e+00,2.202225045049426733e+00,5.104502803055146032e+00,-5.608181810411394963e+00,4.995259960624863105e+00,-6.234831445618014278e+00,6.607057831789491686e+00,-9.892811733049953204e-01,1.879764630924880997e+00,-2.877545915506632968e-01,4.187253149017565512e+00,-9.405896559994381789e+00,-3.882538514866824997e+00,-9.930093924820823093e-01,-6.872556493948682288e+00,2.499395016267659031e+00,5.213829325067313114e+00,1.012811778564546117e+01,-9.218811916251342664e-01,8.760721126244902734e+00,-4.793038741600728514e+00,-1.569176312314990440e-01,2.843753488972456722e+00,8.244481967640801656e+00,-2.904210663657786906e+00,1.637058643808938951e+00,-8.189101100703057856e-01,-3.610982850121517096e+00,-1.170557851596058185e+01,5.986338031758740019e-01,-2.268705963763975042e+00,1.252094935849683122e+00,-5.858010652637529958e+00,-3.410780488147285627e+00,-3.652948377226622245e+00,4.646197246599261810e+00,-3.305317735967496340e+00,-5.762517233853381882e+00,-3.160885887830421126e+00,8.328749830867614889e+00,-2.159388463929157620e+00,-1.179215756510421986e+00,-6.967618591329186595e-01,-8.448701582064876092e+00,-5.724343548477338395e+00
2.785300261723255399e+00,-6.148499813664686009e+00,-7.112177245628983790e+00,-2.326063090678167189e+00,-3.382972120537341532e+00,-4.617567411570625002e-01,1.590915879333908212e+00,4.882576833604299060e-01,-7.107975517334127247e+00,2.641907974590240737e+00,-4.467100080196019896e+00,-2.980385609766249555e+00,-4.564426156897678055e+00,4.015949947766094930e+00,0.000000000000000000e+00,2.792642161958783564e+00,7.063872869728554882e+00,-8.774697808059314097e-01,3.508905433674528229e+00,4.895915938714511029e+00,6.539000597753963362e+00,1.668636373757567792e+00,-9.535325800460398016e-01,-3.127100421487608028e-01,7.491228822506095675e+00,-2.805472154098080040e+00,-2.194072472166905818e+00,-2.070920664630180319e+00,2.949673697482007473e+00,2.618358272851330493e-01,-5.139143082864267242e+00,5.629907150546742400e+00,-2.166295926834362451e+00,-2.305951362956477624e+00,1.549419878216819813e+00,9.286028072438606173e+00,-4.010588995576706672e+00,5.072674040355902303e-01,-1.784164089337756387e-01,-3.633710879825308382e+00,-3.041626763897573582e+00,1.568645198768234605e+00,1.060535183565484596e+00,-6.159364309633565071e+00,-9.099955186773694749e+00,-2.339387089360742245e+00,4.185452182089437478e+00,2.293431147906007439e+00,-1.413628078721746117e+00,-5.031707676357395354e-01,1.785032129979944981e+00,1.540455707969247134e+00,6.592203222098053317e+00,8.308486218686594427e+00,2.173579075971901808e+00,3.956563417171407693e+00,-2.765953762868043952e+00,1.534802269778272166e+00,-2.263515429869676687e+00,8.367043083726212471e-02,-2.392382420418761590e+00,2.640667852224116707e+00,7.324109284622411842e+00,-6.670881031705243380e+00,7.796322918817948366e-01,6.020493264469669592e-01,-5.407698732204470060e-01,-1.984767837597769979e+00,-6.814662363507217435e+00,2.864056518389577199e+00,7.447567203033045313e-01,4.911536964675031314e+00,5.486038435589413176e+00,-9.539566570860945616e-01,5.342593582123825513e+00,4.358933363766159808e-01,-8.500380262954139177e-01,3.133835601748142352e+00,3.064986290813599634e+00,-5.345400312927305109e+00,4.207592069261199441e+00,-2.288414222048742896e+00,1.069318788588132918e+01,-9.667352906930489098e+00,6.822255710010119323e+00,5.244111450394292606e-02,2.929639020379383174e-01,-1.063008043290096616e+01,3.004137785937451177e+00,-1.841105907642799133e+00,1.456577630935834700e+00,-2.728325858071713572e+00,-4.055948412466380049e+00,1.576109822649434111e+00,1.159177584529096094e+01,-4.958848788551780018e+00,-9.654071082153187433e+00,1.032112139403478013e+00,6.433203758878494050e+00,1.603202736423239072e+00
