0,1,2,3,4,5,6,7,8,9,10,11,12,13,14,15,16,17,18,19,20,21,22,23,24,25,26,27,28,29,30,31,32,33,34,35,36,37,38,39,40,41,42,43,44,45,46,47,48,49,50,51,52,53,54,55,56,57,58,59,60,61,62,63,64,65,66,67,68,69,70,71,72,73,74,75,76,77,78,79,80,81,82,83,84,85,86,87,88,89,90,91,92,93,94,95,96,97,98,99
0.0,2.7727339873783827,6.280008843757075,-2.373538252487289,-4.620579650030787,3.7370033018508217,-1.9440987971525243,5.032790040026796,3.5286998652603647,8.716266538744339,3.1521002187864604,8.299251073591833,1.7904761171091013,-6.735307298571853,-6.938440256323389,5.91236017571114,-4.8936730519056075,5.852954793106284,-8.938094093745887,2.184181004065969,-4.553820443970231,12.111672417089675,0.7343170358613473,-7.907916722023339,0.9151074221944082,-0.8097538409569919,-3.797665136534949,4.6807376727149,-5.04518354932517,12.840901718851162,-0.23127568591931627,2.735146573942901,8.247609162826574,10.048305701238908,3.3311016011703187,0.22349866055780115,6.435789984229776,2.8811466534026993,-0.78090440150202,0.4507145464816389,0.9015561199767027,-2.1276643206822166,14.369091620025635,-3.2880965294234272,0.9654644974094024,-2.2034467889455223,4.51835807445669,3.108961699327043,5.932119089431481,0.9888263729473138,0.873878120951028,7.268976236931726,-0.7854595861948284,-2.9281857008629784,3.496747439976253,2.2867081020533293,2.20825473884007,4.298250242924265,5.887749366190146,7.215679293390128,2.2274969484408453,-0.730712742826853,6.48101625105003,2.465646931188461,0.7869343403454203,4.351467427148745,-2.16962394734364,3.6026069965768643,8.075321764487981,6.374907877839715,0.49046527649957417,-2.9907060665255782,-1.7831862754844052,0.7232016539566909,0.7520903020401963,1.0325269387333356,-3.969035850268904,1.8597916893021376,2.394017886760916,2.8772568024970395,-0.34903712784798624,4.101707955840945,0.6355844558427557,1.603997894403526,-2.831277331346413,0.5121753129683326,9.43854838013855,-1.3160553670652426,-0.602541104693728,-0.3904452469099994,-4.942207634121357,-6.708266933416525,-0.8763928501558454,-5.804537663708521,-7.417245955521726,0.7860873792493897,3.190643361834532,0.6090313214180136,0.5358228287772682,8.1841368812
2.7727339873783827,0.0,2.363744169130911,-4.607380141084337,-1.4558847891900533,2.624845748751772,0.12160130024709585,1.7082002930765667,-2.5294972483250553,8.00172214759182,-5.144798072295302,-0.5488710966840873,0.8404830683159998,-6.712127993923265,-5.376610689835228,3.0716942949393036,2.5240389939035266,0.2947725187669831,-2.1271764934379327,-0.25380725064575943,2.656670875874795,-4.143372113339911,-3.547481995012032,6.53387410774647,7.3684802492842065,1.4429242224982428,7.716840415737906,-2.818288579380869,3.2359266493130368,-4.546578931771234,1.230212435787564,-3.335820047634113,-4.652060814938475,-3.96967144653754,-2.3994801151321647,-4.0441375675299485,-4.223485802921664,-4.89089464612892,8.870820966670017,3.767567546938116,4.132726493824192,-6.392172264754011,2.6340714683205304,-0.448655103490281,6.833208094863031,-0.4783016443019976,0.5640438498254917,1.1740570689922016,5.547242318014224,-1.0121897839920733,-5.120647047749263,3.145061723160818,-3.1974018715380614,-2.677869147181396,-2.293723825254913,4.1346482429822125,-0.666908740648675,0.7986084182064218,1.9862903828296328,0.5189005163967864,3.0903157581958887,-2.071352134424361,-3.534394611485173,-0.429297615772692,4.442209670965159,-0.4455261299433926,4.9127339088233,0.17721895549862296,3.991067095403925,0.5026749823413885,10.176359224308467,-4.673011319666969,2.9168312311723192,-1.3551208190939663,4.27711384441762,10.876040214490555,0.7848148047308066,-5.27644037302771,-4.165945643660301,5.1426985058196255,2.7445907695810616,-0.8214234033394485,1.0000351142094335,5.285993671702195,-3.358599274102984,-1.813057761582349,-0.11441052004771551,-5.300054986632918,-3.8652874960005192,0.047639230710570815,2.740750173840049,-2.6580433034297473,0.10862672484861276,-6.615613842061295,-7.360239841231063,-4.395653034397416,-6.090601942600502,-6.550593478692773,0.3667492800779564,1.0405940438840893
6.280008843757075,2.363744169130911,0.0,-3.049208101810749,-1.0019828688247887,-0.387009019528215,-6.072556315268453,-2.218482764266162,-2.350178563109268,4.376724736396943,3.345768535613724,2.541407829391935,-1.694443398954148,-12.96429217620656,-3.408490305605059,-4.902920301475174,4.684121592207975,3.214649953358719,-8.242665070514947,-1.3214164890191589,-3.292028351880976,-3.1178804079765863,-6.933062352710783,-3.5153487381384174,-4.358721646572707,4.434930970907352,9.857387226146205,0.8752584719580787,-4.011903141012975,-6.89737623295312,-7.4442634967114865,0.32915173905585043,-1.683934633427341,6.048893245437913,-0.5989165748605231,-3.7274444806049822,-6.964938940413425,-1.7544819277923505,3.5309758396019464,-1.7760074585908423,-2.0993703847947303,-0.295177700368405,6.401665589392921,-4.6996404686494,5.448424331145905,-3.378602740892186,-2.5571988456526618,5.1038389567296205,5.2663605862744225,-2.3902883055650928,-0.6924339271877961,-2.019155973364544,-3.482871528556964,-8.611880385389872,-1.400832999116117,-1.848054351123628,-0.18055563133366395,-1.9482443986706368,-2.6500979671486884,-0.48105092911730823,1.577531618390736,-4.139678241860312,5.7186422036585505,-4.5735927686253,1.3845702066505847,1.9251598091548003,-5.844565576034414,3.569738934943739,3.682163195395312,-0.5871799731258188,-0.9358747608184947,-2.071099716922516,1.6563451350322584,-11.89464119316046,-3.238898392938319,4.340932242669622,-6.5199326044989405,-4.637067453363893,-1.2818790260695656,-0.9327332744354547,-3.1589095655843575,-2.302730222299709,1.0726645248698823,-0.683096053174618,-8.20370165542076,-3.7333839415493326,-1.629278977033135,-2.5319045047075375,-4.457234710815787,-5.776440901777291,2.733325720687451,-1.3635481255967687,5.058430556280824,2.3240788174915727,-5.6199991108688945,-0.40328298462916096,-2.0654760044307663,4.138023353254012,-1.854926908201017,2.1715533554201416
-2.373538252487289,-4.607380141084337,-3.049208101810749,0.0,1.2610813393913776,5.0223576860117936,2.2237220966688565,-2.9855162964016713,-1.864030105476696,2.5173488822388,-1.5774648351329088,4.6474228530311485,-0.360436565861278,-3.048781570795259,-1.8359630035338763,-0.047777382376076635,3.357835156151123,1.1892782074149035,-5.123628558762514,-0.766171938626487,3.370585016835001,4.42164732046052,1.819586649644296,6.092424243109122,3.2071702395075965,-2.165408354564083,-0.2973711285878864,0.8353732826692509,2.640376399916464,7.373136874319543,3.0042160485812537,3.736973450402248,-0.2936223116392885,3.2966148699612563,0.5956410801831372,1.5451727502424348,-1.35382040659616,1.9356253664368888,6.433103173570937,9.845551195240617,-5.501429072503513,-5.548906357530951,3.968709033808083,-5.9964105196999515,1.8864853653628848,-2.758469855491817,-0.4105807485303741,0.8683768540106557,8.257042945066962,-2.0560660646233475,0.4192175588786202,5.088951632339203,-4.550127199511751,-1.3132641387937147,0.7848835607451538,3.177966500653525,-3.089409283791604,0.8064676144661209,4.669769406280887,-2.5529209525561716,-0.6502077248441546,-3.292524729857526,-3.448090816744448,-1.0483381986302427,9.840097595897571,3.010724860565999,0.6366346985561522,-1.1957583524560504,7.206810574032007,3.8343453412804656,9.11473507831632,-1.787006501521598,-0.294018268272341,6.219433067936443,9.807977326566135,7.479488813444048,2.833122727191387,-2.8917941517911165,-8.39451036197024,6.223240536398175,3.5611457143751544,2.947175993946156,-0.3366355073517277,4.494040781450646,-4.397082103324557,-2.983171320283023,6.627915930125788,-1.078627745623573,-1.981197457747756,-2.6704937001837314,-1.0275867885825591,-6.5992642001230015,3.544068447371903,-6.418422059975609,-5.122034962512736,-1.5118967238851084,-3.635647345050392,0.8509196303860466,0.30452007729333375,-0.3377262993021193
-4.620579650030787,-1.4558847891900533,-1.0019828688247887,1.2610813393913776,0.0,0.500582458885196,0.31328113594452134,1.6090972159326713,-0.2685396994174919,6.760633454917837,0.036543964943530405,0.27465183557907785,0.4299040794852917,-1.4236960096453453,-0.13963072140772936,5.4476048155900605,0.384593281647994,2.65079753000199,-4.250768685603024,0.290592013562243,2.3837244628752536,-0.8921191820493394,-7.077720986437016,4.715441403353994,4.037040931755646,-5.28441056111186,0.5877033875301105,-4.900069171242262,-2.793989300116978,4.703708520486804,-0.2874097562453218,-1.9751459394568769,1.1068467432883344,5.029516639919974,-6.15391501634974,-1.8575231099951417,-4.303553225230432,6.5691333540677705,11.4218537057043,6.712263789026859,8.028368348134025,-7.735360016378557,4.594354918875609,-3.200132123325499,1.615051499166115,3.280157113131147,2.508039478352312,-0.4667241179550804,-2.9791539400747884,-0.15757869103832867,-5.8153871525362675,-2.5865953879706334,-1.490243314808736,-2.341144316693437,-0.9155336211158948,2.1130107675914185,-2.483244102873031,-0.08783707621110604,3.227845898659108,-0.39853079272128233,2.9113454988773504,-4.594405542991892,-0.30127828608094115,6.25963662513391,6.209781625521847,-0.15084064166654498,-1.0724920674282843,-0.5176219113973656,-7.415317935686968,-1.6537534232606623,5.9736860942028285,-6.217588798059149,7.6095521127096895,-0.15318329138132483,5.098278657339842,3.6689778908896966,0.8498817969975606,-1.2976317076783748,-9.40604996457496,0.11668307298540678,0.177707636048626,1.1318829232299628,3.0652229076808526,1.8369993389748849,4.177822252625716,3.89365225223104,6.180347163921452,0.9991363656777118,-2.16467970732188,1.9246795514048665,3.6562075157388,-3.814154722786689,-2.2368450240742206,-6.579173493909265,-1.8029388871509648,-6.389894423845953,-4.936003977018784,0.8788496989579424,-3.703166766399748,-0.9856575776519289
3.7370033018508217,2.624845748751772,-0.387009019528215,5.0223576860117936,0.500582458885196,0.0,-7.183224867029368,-4.520654804830743,-5.169360174189638,7.012503820338241,0.2932910320334362,1.5576775767659388,-3.5080145799377807,-13.053186219707476,-0.3659109564985322,-4.886907290793692,4.654391282553207,0.20311742572229,-7.835306478989832,2.0257334816050583,-5.200208073158365,-2.4288212181886015,-5.116814189725163,-4.2310884961176365,-4.587809374581083,4.284297308113405,7.788021545881379,1.249283052116113,-8.014006995719734,-3.173692739823201,-7.899326010622053,2.739684261571296,-0.8962626912044394,-1.4030949866819116,-1.6200978559663528,-5.520674894729249,-6.850273849498125,-0.6943993397958758,4.7768423586092155,-4.051294970189003,1.2560986391861935,1.980575181717704,8.260302496586194,-7.377613365569488,-1.1794603897065823,-2.6605972625783822,0.4738964446844396,2.4317936947823946,1.3262778516711335,-5.4038944425149005,-1.5881183446627092,-4.805206197261028,-1.8551007854741033,-9.045841124099729,-4.3363934697519095,1.1125840853666502,-1.4749900831538711,-3.933967911795064,-3.609845068191804,-0.5960473937934627,0.3795097635591865,-3.097139931630767,7.274429639484135,-1.755672650925616,1.8872242304965408,-0.4597893617973039,-7.343950190547754,5.5093707010224415,1.493879341259828,-2.402952651186524,-2.8324224780358818,-2.961711347327354,-0.8174092466376375,-9.4639567882248,-2.660923796569549,0.36494633653840086,-7.213274816039543,-2.495357319703217,-3.6717294455032543,-4.942119524775583,-5.27373762814892,-1.8630057931962607,-0.6348651677867295,-2.789622083470068,-6.03595147217484,-0.4324558757011174,-1.0877259089360547,-0.24348787098371372,-4.662982802881179,-6.7813576932608495,-0.5982972539665833,1.7326424240068916,0.02374863939100067,2.1687870743938484,-8.053040973127164,-6.087318008921514,-2.4256128344320764,1.1331566112741955,-1.3602915385085224,0.4271204544200496
-1.9440987971525243,0.12160130024709585,-6.072556315268453,2.2237220966688565,0.31328113594452134,-7.183224867029368,0.0,0.5319362799218416,-1.2857602890309598,3.416409691515329,1.298391255626909,0.8042636451079593,-1.373959975746487,-0.5029829587848726,-4.5499643869185435,-1.75352636562926,1.8582403914550387,-0.15842710353033784,-9.155571249055463,5.774560988463695,6.740121430315967,-3.1225601821640545,-1.087673727574688,1.9130682500105631,4.069965729821483,5.401101574799028,6.554575795388953,0.12227977700924596,8.230113000528354,-2.5053403676090444,-1.4578563354328347,5.480023346225688,-0.46028783365154347,-0.7748678685196896,-1.6395682988534324,1.10106869826727,-2.154654995896988,-2.204564408515437,10.144132936521952,-3.481726824186357,3.822872673687297,-3.55776904704476,2.942660933161789,0.027015735693959087,1.486466001796187,3.931030622646455,8.597292427470085,2.943251874519932,-0.9292233312998877,1.709623121529199,0.7363249518578371,5.676187140306364,-6.662397007763721,-2.6132614799194447,1.8000787581025814,6.360385233871409,4.218616856290461,-2.0833726310544254,3.632850103970142,-1.0935384619744815,-5.896534555054762,-2.404244845487981,-2.6393244031826835,2.454939664664256,5.8514031987120045,-6.656822984153711,-2.602814482911889,-4.238066621887818,0.4779612185093642,4.1249366865333,12.523854317907336,-5.543749636132967,-0.8434180647661624,0.6100554628627713,-0.3078769584980667,1.1553959252796435,0.18641742593444807,-1.7236969545227772,-0.8451516202568805,0.24126781102142247,-2.091087483056521,8.344270734306182,-3.7207341745370632,0.07285785958529076,-4.896025675628769,2.8304548615251903,-1.0079536181346427,-1.0137603990647748,-4.436644967665328,0.6460949370921921,-3.2015897053741478,-3.664763976467375,4.975928494507894,-6.175706402431125,-2.1066839554574175,-6.272844519984307,-0.34135862048245574,-2.4606120907583215,-4.141271608200593,2.0450165485918785
5.032790040026796,1.7082002930765667,-2.218482764266162,-2.9855162964016713,1.6090972159326713,-4.520654804830743,0.5319362799218416,0.0,-3.596271231713139,2.919406602601671,2.947605763102633,0.034426220752279704,-3.0948534532646845,-1.9240024956459691,1.813732157303072,4.92926995389743,-0.9075094727123149,0.1853738558829396,-3.80892154204856,-1.0046779651685176,3.372370132216042,-9.852641708332191,-9.727477347317745,5.372107287613513,2.963174292114312,4.551926327049096,4.456113917069993,1.0749150314034497,6.638867702556311,-5.401467967679404,5.477117909387579,-2.330669110341328,-0.18010543669191986,-1.544529222214514,-2.777125228937149,-9.169264759773773,-2.833337412177089,0.1314354400491116,6.89815430394051,1.9841804450385327,-3.499916170100736,-9.4138076982523,6.304748021780847,-2.9781893300250726,5.273231479196143,1.2194748418921373,0.8445259340706535,4.191906456756692,-3.357436981403076,-4.815915383362515,-0.41742435973637826,-2.911853601799732,-6.561516504851461,-4.038081979036884,0.2315146876235381,3.8598319913063737,-0.9595452083211309,-1.9108385341458605,-3.5221737947318204,-3.840810133300751,3.562962710003156,-0.44754226979620976,-2.709588844886816,-0.5738288433653099,8.416501705022439,4.219261494284598,-5.966117255362233,0.007123575290385305,0.8227804820759331,-3.2704246992401105,8.246118003323824,-3.6797741160008335,-0.11271431442893844,-8.141004649812754,2.89627657987682,6.342537318769516,-1.70625520877097,-9.614636172194574,-1.587046166311738,-1.5867602486417516,5.010547189265885,-1.1610286819009903,2.4659793648066537,5.7809117742605,-0.09553095776007316,-0.8462732919890618,2.0760163032001584,-0.7012061545081043,-2.953959144932971,6.211016455047937,-0.17916180822278555,0.4695145146799953,1.0066099343428307,-2.2001612968538167,2.677949986573367,-2.4489431141099662,-3.909716649825679,-3.8499456584865808,-1.9652033382288712,-1.3286146772823373
3.5286998652603647,-2.5294972483250553,-2.350178563109268,-1.864030105476696,-0.2685396994174919,-5.169360174189638,-1.2857602890309598,-3.596271231713139,0.0,1.836747825494748,1.1796193309697616,1.156491049118498,-4.33144660998025,-12.672995223700722,4.893725595155935,4.537049400435064,5.814300636456784,9.050779220068648,-6.247187075658495,1.8016547929191007,2.43091755764061,0.17675531488273863,-4.489364769701974,-0.32098435385571084,-0.6316736246649778,6.715571143909226,9.891873679716733,2.7887796838078494,-2.615378015729033,-0.26479346666752274,-1.2098438875103703,-1.6931335913101775,-0.8112502582975337,4.578483505020756,-7.03087763797217,-0.00846401954786577,-7.580846692723928,0.07394565496226574,2.3414943244242807,2.6038025115066703,-0.578704254781343,0.7061501886944473,10.04723764873944,-0.34926938155707526,8.487616418200643,-2.4360680296959174,3.2380468761547334,4.262225483075918,5.58028316621482,1.2306084951756295,-5.210658649057879,-2.612412178299875,0.7318635945546512,-6.973391428278119,-1.29950562122495,1.2748999220091757,1.0296780201440057,0.5243833410097462,0.19844769077790003,-3.013242180630953,4.62360963057313,-4.274533009566791,7.427643592861647,-6.1161335826168495,2.413124798002497,-0.23855005280943953,-7.492377636191523,5.138431116088369,6.3492359646548,1.9405442292616089,-0.8853726068186821,0.9735196802939795,4.04652047822103,-7.259809645759099,2.970800937693523,6.713683180249468,-3.262939768451212,2.8051180336800265,2.262624713425387,-7.295255779969296,-0.5365141455397365,-2.331593901084608,4.020408324019387,1.9293969824650588,-5.660321725140656,2.8877997693909845,-1.7291356228251131,1.6101272133123063,-1.6395099306652203,-0.6232236692499605,5.607948674541568,0.5434719139530866,6.092670775021886,0.7444080377933094,-4.4273509226588015,-0.09317688794913341,-4.698713083304505,1.4491759978963352,-1.8211196110755687,3.0598513021842586
8.716266538744339,8.00172214759182,4.376724736396943,2.5173488822388,6.760633454917837,7.012503820338241,3.416409691515329,2.919406602601671,1.836747825494748,0.0,4.4925691895212925,-3.2627403060683906,-4.748872766260815,-2.168115737972284,-0.38321916908679393,1.421962519995519,-4.876990071329384,-1.568104505987433,-0.6274493966555658,-1.3070306252162565,2.3957693353401712,16.086910680631203,7.476321040009406,-1.2719769262766745,-1.36734085193608,-6.187532969752845,12.618844161919027,5.711903884094598,-4.51221820532395,3.71812230526122,4.09664914132276,4.005790774386441,6.446044248963577,0.3772134649973176,3.857778124731386,2.744724237930732,0.07456543274863207,0.6753303652603908,0.3503516196667084,3.0560616434753176,-2.998773889943627,-1.7219347786313373,6.143819555931943,0.8418478995842933,5.427214785354041,4.2848241511371885,0.16904608358860487,3.6054048994114254,4.119140838247016,0.5063665831014903,-2.8229281794158334,-2.1580429714971707,-2.690553066222265,-1.3359691540637586,-4.959961269238579,-5.096746394254332,-7.666905434953297,0.0568367134012419,-2.3791470354362274,-1.495323234055894,1.9481462583568467,-5.415807128849228,4.3045413269669455,3.6313860524748014,8.616042876667947,2.0128542157398464,-7.297559024298675,-1.0653233557011255,8.14186748368326,-2.3714006124885807,2.0014997461652007,-5.047527810602056,1.7434636760384628,1.2085984259600124,2.6261235918242245,3.750438324311817,-1.0862498898404267,-0.7757860371717582,7.508916777663948,-2.3886434238679723,-0.02510838563702508,-5.6687593575285256,1.2541998248012096,-3.791028415908128,-2.6961792787746948,-4.455280236312533,0.7961043226966976,-3.289181735390413,-4.315058699806052,0.5144447399944612,-2.6023557252737106,-3.029964585085786,-4.60819833519456,-8.692933298199364,-5.772208959966195,5.150314344107131,-0.9025819674396984,-0.33509835106642105,-0.5131435179880783,-3.5532699808414243
3.1521002187864604,-5.144798072295302,3.345768535613724,-1.5774648351329088,0.036543964943530405,0.2932910320334362,1.298391255626909,2.947605763102633,1.1796193309697616,4.4925691895212925,0.0,-4.53283466436578,-1.3282284811708984,-0.04587833127547964,-1.183630668402566,2.4856064926821664,-6.067001021035161,-6.360886791851723,-6.153463457946458,-4.7193197266925715,0.8465098274501369,1.8821688527457705,-4.439055990863635,-2.82200642320399,-3.3217941161583537,-1.9879990458863104,-5.208274257938459,-1.5955280479999827,-6.373364466148929,-0.0840028683937998,0.838287353707293,-2.879479045057016,0.6654908130144804,-4.579303262756258,-2.340566832241888,-10.008159557755004,-7.059632807714711,-3.5677555975686395,1.991772013960592,1.2382094420075709,-4.383377291301088,-1.0495856521015716,3.482113753997901,-8.848975410239134,2.5490246465773128,-2.843276575858578,-4.000590912437109,-7.769237485446671,-1.863494077672772,-3.8754109412416953,-2.3338654350714108,-8.008070785964087,-4.721401858208644,-1.5173196341508433,-0.11880250966847852,-2.248153956189933,-5.166138354465614,1.7025466527515107,-7.871990400125992,-4.601247360132208,-9.217177704805284,-2.512965361933482,4.222088306440658,-2.3254936355923883,4.720209168334939,-6.657984766343104,-6.01250084975099,1.288594320012394,0.9950690605038168,-2.3324443112440534,-2.38580790387401,-8.23984196315222,-2.815033326174919,1.9738739934792175,-1.5144155936225971,-3.5256658386553634,-7.749508866717761,2.71045976406651,-6.625938120108492,3.569971070061823,-4.271020012311178,-0.4378783075226962,-3.2052825846411266,-6.356659693396206,-3.7245064653354496,-6.951608320112402,-5.088676775838086,-2.1110852722717426,-4.395735509159691,-3.0203734795044963,-2.228715418173905,-4.7688179287006625,-14.792811519945646,-4.108206724702653,-6.963223241131433,-11.130892871213327,-10.299524549693563,-5.737077906444145,-1.3766034714437665,-4.970514977845483
8.299251073591833,-0.5488710966840873,2.541407829391935,4.6474228530311485,0.27465183557907785,1.5576775767659388,0.8042636451079593,0.034426220752279704,1.156491049118498,-3.2627403060683906,-4.53283466436578,0.0,-0.3821343266570117,-0.13883196136375,-3.2161721779935935,-0.2791280377336284,-0.5861697471560096,-1.7741841687397149,-5.365753935657128,-1.875084921560722,0.3658271932358866,-1.5068711383762479,-6.58305211810237,-0.4990168514770297,-0.08389940319284665,-1.8847169328082471,0.18694327540769556,-7.573721024747447,-0.1710864207765453,3.388197624795207,-0.13826042994195478,-1.0498457591092616,0.6772745517372635,-1.9197614926687416,2.049405641523907,-5.037753695514109,-7.09433448877378,-2.773730575409029,1.791290611335043,-1.3671709407316437,-5.408511076703708,-0.19070878953586265,3.227004428383119,-4.4133185024356125,-1.2204018266334864,-5.307278556185137,-2.670995572418972,-7.946904968653053,-0.9052848713021688,-2.027324408555619,0.7564583553348692,-6.285005592227522,-5.99137550573728,-3.689363421078851,-3.500281512867983,-6.4005694715068655,-5.536878152294501,-2.4929395486933483,-4.8338854753189695,-1.7694873723512492,-0.4778177743556672,1.7007966221557271,0.8522397468255735,1.7670275575476413,8.419681058539952,-5.204826230483989,0.03385842058725696,-1.184314369106208,-0.7107811825489214,-1.31406219015823,2.07980634077866,-7.134219407659609,-1.3669297438985024,4.325773328557079,6.8993300376937885,-1.23195276075998,-2.1480534050416304,-3.8796827575553494,-6.644394450555334,-3.613625325975236,-3.8153223963086704,-4.652407126227305,-5.205719634866713,-4.469527818336513,-4.327243242271024,-2.9564592866200647,-3.2192036433171047,0.8757700501202541,-1.4766426308169407,-1.0641023200871662,-2.7029347824296743,-9.785411328520729,-13.266693506848428,-9.748812570649337,-10.062666512517241,-3.8928770451002337,-11.850485776614846,-10.30331586306905,-8.48885939499675,-4.975265564413079
1.7904761171091013,0.8404830683159998,-1.694443398954148,-0.360436565861278,0.4299040794852917,-3.5080145799377807,-1.373959975746487,-3.0948534532646845,-4.33144660998025,-4.748872766260815,-1.3282284811708984,-0.3821343266570117,0.0,0.3897010625676914,-3.7065614819177206,0.3180585498452502,-3.8184481061442326,-1.8343687433869849,-2.3347493510457196,6.496360736334729,0.9996062676995683,1.338715987279868,-4.0480995641988065,3.384326179617759,-4.060356845541167,4.155069885859865,4.524042809324862,-2.4545207910236138,-2.399900787021161,4.340547981183065,-2.8339950967983665,7.429983298768726,9.450140995557096,-2.7577505472087607,-2.7413506890977906,2.388880599656144,-1.3453284780436314,10.633041331844764,6.985259693208396,-2.3568110265941127,8.006569394032509,2.21119475636084,0.2392633686637948,2.0530581339330887,3.367360388085064,0.3706342484635712,3.7426735327034786,3.710629694536817,-1.3044108554232912,8.670955851163646,3.021952592580567,3.547988629954806,6.456001445620084,-1.8237527316159785,5.143230755922438,0.9429798364172832,4.764328351135503,4.348997236274696,-0.0670674166783591,-6.384463445905095,0.1096153052864978,1.538159773828791,5.9865897227596845,5.204535436165588,8.95739160278107,-0.6477525808106557,0.8882721563141089,6.637588898676452,2.265344840016559,8.703074906537923,12.137544605742159,-0.9540392837809094,5.593926711016108,2.7312217351915,-3.475680657682815,-4.04999857883768,3.449420938046646,1.9393915523251384,0.948960325688946,-2.59070135893048,2.918479541094155,3.812452565937345,2.473000321788972,2.7844453212644664,-0.0654852399557855,-1.0652453050606585,1.0145722229725278,1.3537394533127651,3.924839106585764,3.977728299242607,8.016347952617686,-9.955485896951302,3.506342738039113,-3.635064839797737,-6.626579286503578,2.1960573185780694,2.5628092386459276,5.589807904632568,-7.323318668674451,8.686593161089382
-6.735307298571853,-6.712127993923265,-12.96429217620656,-3.048781570795259,-1.4236960096453453,-13.053186219707476,-0.5029829587848726,-1.9240024956459691,-12.672995223700722,-2.168115737972284,-0.04587833127547964,-0.13883196136375,0.3897010625676914,0.0,0.849312837427124,5.78765834819906,6.213178595766469,4.862592100174871,1.0649978555547723,-4.812929618841334,-1.7128569480878264,1.2158102468331276,2.99548500529627,-3.4621465839586043,2.558555208625712,-3.830596763378795,-4.9885560243108,4.76168443650609,-4.032552603807396,7.200918607324043,-2.163686274112435,2.936543218205147,9.48675259181475,3.350801468647126,2.8751400911898775,-1.0487105168221968,-4.288013269411126,10.216913633276778,5.654087762681028,2.7689397373771234,4.407618194009697,3.5837248472394805,8.763179049533052,-4.69344557033366,4.4527314231736765,0.04758688809295791,2.8460700633360605,-2.3256977554521034,-1.1688786331885723,2.8992963283511513,4.336310587566438,8.14727359168828,1.0879575527580823,-1.7628339416342163,13.20754255633562,11.439097146055204,4.049727171756134,10.77080732269335,0.5278098916460007,1.1149985748608815,-5.432639193997331,-3.835237008399928,12.982299046949567,9.734028181348439,4.781240559676471,-1.1068705515019788,4.324362409565913,5.1852784591386945,1.424234581445223,6.597970562897553,1.56291777051888,1.9680549237572535,9.557772057166144,4.925059128005636,0.3687785683761786,-3.678166228989864,3.1503198079557726,3.31066838572849,-2.869239219589085,11.84675542785548,-2.3701783609937337,-1.8257911924144947,-0.7659850949547437,0.22464313919056111,-1.1609572864789404,2.4841699298739033,-7.068240113688125,-6.641264761281989,2.1204627097171773,0.7657466665962814,6.307252528489878,3.4786682189851543,-1.1096276040999156,7.923204056632883,4.032521426620497,4.458028208090644,0.04810740762123019,2.2367362339271843,3.56871247058712,0.4751803248482446
-6.938440256323389,-5.376610689835228,-3.408490305605059,-1.8359630035338763,-0.13963072140772936,-0.3659109564985322,-4.5499643869185435,1.813732157303072,4.893725595155935,-0.38321916908679393,-1.183630668402566,-3.2161721779935935,-3.7065614819177206,0.849312837427124,0.0,6.563758619412653,-5.037852952878094,5.682023088922177,-3.5737929634241845,1.7267930674636103,-2.8137041307237167,-0.6905254674809137,5.121894133682496,-8.370277727293683,-1.7866924342565675,-4.605806269275119,-4.888475320818936,0.5372173744876537,-8.866826051942686,3.494294082679605,0.4111558718286327,-2.32349968884522,-3.5574199396444706,6.814756734587833,-0.12990772005275045,-10.023538441296717,-1.172015361961348,5.263159178946914,5.6790093368693055,7.16405893648677,-1.0780449075207488,-9.912321352692654,1.9228826254677167,-12.377261252876623,-5.249853111623894,-9.47555889902915,-2.0247350305462657,-3.557806542141146,0.8061779116751345,-6.160385230340211,5.282904751140262,-2.254087707167314,-3.8193179666024992,2.7900200809951823,1.2020571891238898,-1.672762582037156,-0.2915014323814873,-1.1046406783692606,3.9036744896666375,-1.7782566953510603,-8.939807234475657,-7.217487381759008,4.4510631550561515,9.797755420094836,5.835047233434109,5.231005210809941,-6.788134458664334,6.546063035464094,-3.431393534993754,4.575026821407583,3.8449368900342176,-1.7232944604534517,2.4405682461663933,2.82871507980537,-4.9613503235572045,-7.908830560000747,-10.4452817713621,2.3603956076436097,-5.869050838968744,0.07309590787062369,-12.672887759436197,2.6202769194290423,-8.60029671069343,-8.240407843093655,-10.843477323446272,-0.620724206481203,6.057680154884518,-11.318223953348152,-5.190184620955293,-7.832592334587715,-4.052807487406428,-7.815766311601034,-8.990932386139773,-3.649731083226216,-3.201701584241581,-8.737242780034924,-11.26624712968757,-0.8260695744502446,3.33030374128837,-5.954438907969169
5.91236017571114,3.0716942949393036,-4.902920301475174,-0.047777382376076635,5.4476048155900605,-4.886907290793692,-1.75352636562926,4.92926995389743,4.537049400435064,1.421962519995519,2.4856064926821664,-0.2791280377336284,0.3180585498452502,5.78765834819906,6.563758619412653,0.0,1.4217267896570995,3.593626334968743,-6.662145172148326,-1.4780126460398333,2.792653563171953,-7.040468063119298,1.0635657671604664,0.5702972722017227,-5.455685983093368,1.3222376291487563,1.4919411212154727,-3.819438049820681,11.410337717778072,-2.837584044513674,2.084364771124173,-4.040504356820894,-0.919673937084579,-0.21805297116954783,-5.409997040299606,-8.756297202843559,-3.104637279776272,2.597372264532267,-2.83120212615112,1.3675075154217209,-1.1358105835323404,-6.2377757247279915,5.363143181726242,-5.766986366375966,0.7441309955307842,-0.3458665592387985,3.357358578187589,1.1599174001325074,-0.1914423394230996,-6.7158902055597,-1.0956962100344598,-1.1395481386077375,-6.169183242479575,-8.347588741623078,0.21372494257501057,4.7844680925638325,-2.434784447367349,-8.64140550024502,-3.213634366882715,-2.010180218884032,-3.293078047698424,-5.558659674116142,-1.4960142931668294,-2.6273117853563983,2.268996126174201,-3.5698308688486504,-5.310053623599936,1.149495093887088,4.84185072662924,2.691565538220204,7.948252734305632,1.9546370830947315,-1.176415856170601,-5.4783201013382445,-1.184934122330095,3.538941689014561,0.5182829077647947,-5.635445669649279,-0.5367507252916164,-4.307995911395081,0.5124494581401565,-1.1923878604964984,-0.7156630423016799,-0.11909613237615813,-4.98884616454519,-0.07387484429562172,-2.3303171730026446,-4.252641030618748,-6.246675162684037,-0.1626063627842165,-5.262414820698211,-2.5591096201585235,1.228140209895138,-1.3315175103718804,-1.1185062309515668,-3.829354142430261,-4.350541090863112,-7.762031253777056,-4.499473516988864,-3.6872532946369776
-4.8936730519056075,2.5240389939035266,4.684121592207975,3.357835156151123,0.384593281647994,4.654391282553207,1.8582403914550387,-0.9075094727123149,5.814300636456784,-4.876990071329384,-6.067001021035161,-0.5861697471560096,-3.8184481061442326,6.213178595766469,-5.037852952878094,1.4217267896570995,0.0,-1.0533929818044396,-1.2231756881231204,1.2195794098873896,-9.210688703050714,2.403085840591732,0.4581651898517681,3.132454952489321,-3.319506182411703,-3.3621309409672935,-1.4892961510663787,2.129865646592877,-5.314496713745837,5.393632204758355,1.7752143080425131,-0.03034648229694806,10.686295371290964,-2.452045729590863,-2.9169041624235463,0.7807978767853537,-0.16242754187170463,6.438964715347647,0.6941861712198609,4.43066803933572,1.5829403658919134,9.552269754032633,4.886302821740744,-5.413905213713153,4.203387496209925,3.5604202470427726,1.218829218507688,4.958280703572542,4.557419810069458,-1.4805846039764885,-2.3949341727502933,-9.709766555685134,-0.6723164005063359,2.271964602391926,-5.951218666551777,-9.220429033016348,-3.057335660817635,-0.42444980694644135,-1.1026540785423755,3.285193756642001,2.506481364366234,-2.874276565449652,8.171913098635239,0.11352096106167786,8.734734992663522,5.256351512544974,-6.354199992375626,1.0717547748529064,0.9063628277595603,-2.7599389686856988,-5.701647182481777,-0.31414704759468665,0.7002004430784186,5.235596569044755,3.930024423498788,0.5869007400478912,-3.896375836051448,4.298191884076881,-2.216759765018044,-7.755972365421818,2.06770729511202,0.183300004700082,-1.4880445002182765,1.8284500286426084,-5.145400761838276,-0.9613794627944355,-1.1421121137553687,-6.605806927771618,-2.9899582028414464,3.1552460383080807,-5.349461960836598,-10.141601583691815,-5.182235853578562,-6.710252319611749,-0.5013497036196749,-0.4892643725260912,-1.4499085730622587,2.8582300444015,-1.0140089459066493,2.162640982525682
5.852954793106284,0.2947725187669831,3.214649953358719,1.1892782074149035,2.65079753000199,0.20311742572229,-0.15842710353033784,0.1853738558829396,9.050779220068648,-1.568104505987433,-6.360886791851723,-1.7741841687397149,-1.8343687433869849,4.862592100174871,5.682023088922177,3.593626334968743,-1.0533929818044396,0.0,-10.695015026827084,-2.2502367788579227,4.487000319243066,-9.55575771303651,-5.907348527508055,3.8415851111414128,-2.363748973805193,1.0838857891716023,1.2873049689728635,-0.9207952542997427,4.287157252386442,-6.302207523141007,-8.821604137112086,-7.186599378278152,-0.6937541543192781,-1.143199902556826,-2.2229532436978574,-7.739152080814525,-4.078709940525884,-1.1407396226647692,0.9385576431553004,-2.9761127134417737,-1.806455758895048,-8.01439752493564,-0.5963511833767072,-14.370330285608986,1.9616701227706943,-6.6179150366941055,1.4166868365913,2.874269885380372,-3.307552741069172,-7.880804619611599,2.7315570819016823,-5.273023094162609,-6.020744076299174,-2.9521319626180254,-5.0212800038128815,-0.6229201792639072,-4.58823216323669,-7.895333105723389,2.160753905733539,-5.106491731953281,-10.326194566864135,-2.3977646068505925,5.782742172410459,-0.18251816277639335,7.111203231570289,-0.8134294717345107,-8.907470512921684,0.09783824610889491,0.825474843998714,1.3351819104201592,8.23357802297129,-4.144533117795193,-1.6502793439653383,-2.2723420147005804,-4.922336785747836,1.4130602620936923,-1.217408347267908,-2.419039125324736,-10.046026317267732,-2.9542171141010902,-3.479054007662908,1.2701777024958227,-0.4857434708996603,-1.1813290086493515,-8.016452015223491,-2.3448554109587567,-1.6971398411020149,-9.827050115465088,-11.32315559925944,-4.302189439682104,-2.142818660866729,-4.4786461837378715,-0.4559127981294055,-5.303075084627767,-3.218926032153239,-8.779236153489569,-3.2291673408491106,-0.6951319039977888,-5.069949199752766,-2.402180460715404
-8.938094093745887,-2.1271764934379327,-8.242665070514947,-5.123628558762514,-4.250768685603024,-7.835306478989832,-9.155571249055463,-3.80892154204856,-6.247187075658495,-0.6274493966555658,-6.153463457946458,-5.365753935657128,-2.3347493510457196,1.0649978555547723,-3.5737929634241845,-6.662145172148326,-1.2231756881231204,-10.695015026827084,0.0,5.7992246458149355,0.5709082527174211,1.9492518710067372,8.046141083993291,-7.118859565388632,-2.1613807318431624,7.057904549421804,4.636227034870628,-2.8622986268634047,-2.7453090103666264,8.35074559205489,3.6252488144560457,15.912258401742072,8.360198030478971,7.590282561628426,1.0781686572493179,0.7177382647770876,-5.917956228147231,10.518872935142408,10.924442019969696,9.269826377486648,2.8981077837135327,5.469387385154096,6.319219433587676,-0.4185704901916436,4.415525051042335,3.9328686268061537,2.167742988679157,11.793858578756272,7.816330113177661,0.0718651895226996,10.049997829581203,9.091772491318682,-2.9842622122362146,4.606406588426724,4.744750148246625,5.199587384942564,8.18362004703623,7.017532648150405,5.0064900846494975,-0.538759685391875,-0.5458176297032427,-8.272381753779188,3.909686629736156,9.56115100582039,12.478837249232608,4.9831537849830125,-1.069985949332696,3.9999597781107967,2.479141801721071,8.170978894150984,4.000910659970537,-3.194547823855587,4.144762119274684,2.9847659610850488,-0.9503251652485416,-0.7966429359924333,-3.135345330563957,-1.9675472086138357,2.8428002937564743,1.5862728985643824,-5.803590815067284,6.083584989015734,5.714606361665632,-3.534892619010849,-1.2117399470522388,6.814108961572413,3.737385715697509,0.0721703794153791,-0.45439253577495087,-3.8263471087762366,8.188950216575233,0.4044979150191353,1.335216957076158,0.7722650534599208,-2.4560474425775314,1.5887067931091567,10.708449099635825,3.745219092669599,8.453956876843158,1.087797905061321
2.184181004065969,-0.25380725064575943,-1.3214164890191589,-0.766171938626487,0.290592013562243,2.0257334816050583,5.774560988463695,-1.0046779651685176,1.8016547929191007,-1.3070306252162565,-4.7193197266925715,-1.875084921560722,6.496360736334729,-4.812929618841334,1.7267930674636103,-1.4780126460398333,1.2195794098873896,-2.2502367788579227,5.7992246458149355,0.0,-4.4814978628971405,6.162144449824508,-1.4596826259904008,-1.243558290166103,-1.2032847346829372,-0.5599434886879463,-1.223514367137289,7.284635091346275,-4.000279306539294,4.281246965172974,0.6432862701192171,6.219665416460866,-0.5347068284507671,4.660483443028542,2.4130105816193446,-1.0452146380550495,-6.479773979231624,-2.1385218826908328,-0.3327680760716128,-0.3649263418425781,-7.510705074703401,-10.294653887696535,0.5160471698728669,-2.516999845782502,-1.88951429962748,-2.75971194527346,-3.624495221009308,-1.0525388748345643,0.5613184415909788,-2.0653605019510928,-0.8570966420327312,-3.7121927531856778,0.499420600345168,-4.620133288731761,0.16942942065029776,1.372988168456815,0.05236449808168072,0.18133304177657564,-0.7203729366204361,-2.8851336104104504,-1.5306118127822594,-4.433665143847975,11.669824147469535,3.972112016089597,9.547546632016532,-8.265555912838842,-6.338127686898979,3.414394931435404,-4.452034441609204,-0.6122680934371041,2.960861387801825,-2.7881305343973555,3.1908952409804594,-2.0896275680156196,6.744477324821454,0.38384296753320835,-4.204558811687669,-0.10494474818032883,-0.8466937661981763,-3.8324996104022255,-10.67510145748538,3.816023634620852,-7.765098979943893,-3.7229468564331984,-12.13209581927467,-3.891178651028576,-2.5888488150745004,-4.191538080474979,0.029817510262071825,-1.2329032759011502,-1.68506104476312,-6.379763117210311,-0.221148836301008,-8.589652435537193,-8.435738843456418,-4.490864125007763,-13.97346815207849,-0.47087413591299687,-0.7122655481951219,-1.4059733285141363
-4.553820443970231,2.656670875874795,-3.292028351880976,3.370585016835001,2.3837244628752536,-5.200208073158365,6.740121430315967,3.372370132216042,2.43091755764061,2.3957693353401712,0.8465098274501369,0.3658271932358866,0.9996062676995683,-1.7128569480878264,-2.8137041307237167,2.792653563171953,-9.210688703050714,4.487000319243066,0.5709082527174211,-4.4814978628971405,0.0,-0.7105156040669195,-4.324526629032064,-1.6614489810295268,5.076504621195308,-4.034778620510376,-2.4572115156394525,-1.0283673566100937,-0.6937626196287533,-3.965193304991239,-2.8564039329775865,1.992319458317824,0.7704121890857522,-0.7913540641775523,-11.07947605710924,-6.822988736463497,1.023461863503535,0.8604638010071174,0.5660015055588419,-0.05351610322719248,-1.597201738100304,0.37435191511949784,-2.2733694370267328,-7.40129628323667,1.91785593602266,2.682972128202656,-7.816761583044312,1.1654346380205927,3.7052855541926006,-4.709328791162256,-0.05479116839079815,-1.078120964197097,-5.789448226601627,3.2973567856249635,-0.03564226324452511,1.6499342902767349,-4.762577041125771,-2.1956186226575944,-1.127484162834184,0.6446064286506707,-6.887444310695542,-5.069682862078912,-1.208107756625065,0.4612200936162095,4.619154411112024,2.285352853685909,1.4238082558140928,8.07977179197005,-4.947743539114657,-2.363513611347804,4.4059089707147985,4.4798148037031185,-0.6652457988465564,8.842887241577746,1.2303185703104111,1.3074941235459778,5.71691588931395,-1.1013545448133275,-1.7926483751513265,7.257974265204669,-0.9098385510433461,-1.5767506779272895,-4.957945019042278,1.982949505470864,-3.253830845500276,-6.666953133325833,-1.1176274735788103,-10.219985859384659,-6.711913719025733,1.8502733741159505,-8.328733861583084,5.744330190900458,2.8455883137941567,-2.9205236838993933,-2.7526098102784182,-2.695768016891925,-0.428692649672922,-5.378618041600429,7.061106538194651,-0.6831133925373892
