0,1,2,3,4,5,6,7,8,9,10,11,12,13,14,15,16,17,18,19,20,21,22,23,24,25,26,27,28,29,30,31,32,33,34,35,36,37,38,39,40,41,42,43,44,45,46,47,48,49,50,51,52,53,54,55,56,57,58,59,60,61,62,63,64,65,66,67,68,69,70,71,72,73,74,75,76,77,78,79,80,81,82,83,84,85,86,87,88,89,90,91,92,93,94,95,96,97,98,99
0.0,-4.802828065229377,-3.5497438787486826,-1.8417005490758485,-6.4824708833993405,-5.493219203958944,-2.82954350465358,-1.0956323677888082,0.21016737906440508,-4.113637086874443,3.2170288641788,-1.1213805795606229,-7.534136865958658,-4.971459930781612,-5.857084448877453,-2.1832384175132247,-2.221338279395413,-0.9153543057333512,-0.23125456682616505,-3.1156050584958566,-4.0748138628167645,-6.110884399511684,-7.629996913511661,-3.745867709794686,-5.859568983378046,-4.815266706736921,-7.439936900831098,-1.9086172346692567,-8.40100226439693,-2.6406059812771403,-3.6045362168766584,0.7298500663684769,-0.42998556375762326,-2.1530150317233163,-4.467040220787434,-1.0576109953554202,-3.636573661196516,-2.805858029463148,-6.173128668146023,-2.6432825163235862,-3.0707881455302055,-9.999153245295815,-1.135296770970759,-2.7524034236104895,-2.8558502341344796,-5.6743245468886725,-7.672985341133475,1.5582669262441835,-1.4012203847627716,1.8954073381799184,-2.509076068131294,-0.9602011115101069,-4.80221378114807,-4.635064323645359,-5.703632132064193,-1.527797761588994,-5.225429364835873,-2.6775727201411272,-11.035822010137696,-4.425438958301138,-3.0717826818212495,-0.6719921129934819,-4.15368808202226,-7.549194388779615,-7.529914548940838,-7.178233686656297,-3.5658072278457618,-0.8536287532740486,-5.6559735070688415,-0.49623910398958593,0.7829912560896363,-3.5794066301604337,-4.368152018373652,-0.3078005543079424,-1.4025164400575199,-5.258723831688576,-5.50292382123676,-9.30298726404276,-7.210033874581874,-3.384166837037467,2.817102122617279,-1.138488295467056,-2.7130150015861143,4.429803205413817,-0.620395024961544,-6.59898927599146,1.5341245119922946,-5.1990607390694965,0.7359122998358231,-0.831445762323166,0.6014842864141817,1.3072598267210191,-3.405447713581275,-1.7866065473472719,-1.663655354071779,-2.818029350489963,-2.764339826376412,-9.242719890182368,-2.9302709915431926,1.4403515879643618
-4.802828065229377,0.0,-1.5554204167291656,-0.653627487575242,0.2125482298459414,-2.6417567177512895,-0.44950765376452073,-5.082626073021581,5.0114611961872,-2.7057488870406585,4.545852886473666,1.4215505588423196,-2.2992078296292537,-0.8551239818208521,-0.02991620468351513,4.698030039943129,5.767936301480626,-0.8513173462584781,7.979225410448947,-1.588253102817568,6.181773577815176,0.5301352259236226,-5.546904184616473,4.6886438779773645,-4.194454081107016,1.3837728826353959,-6.950828145813981,-0.18330142329424576,-2.703748133618935,-1.525380487013788,2.60982060922255,9.758592743039863,4.1965195225792895,1.9887261332185644,2.378240313424511,1.8686109863740217,2.1328189128207535,1.267833527529611,0.24099835696798805,-2.1651341938351902,1.337514053846653,-4.325350082594024,7.394672038637098,-2.903879103944469,1.9192223862131923,0.6264268376520107,-1.9838465999379653,4.69971925799947,-0.1570274885933242,2.437364233438849,4.711279233616633,0.2555838516463771,1.803201492205134,-1.8768302801927244,-2.5591562028725043,1.4332988548616474,-0.7813252190315337,-2.9330978747917302,-5.443185511198116,1.1178143561263476,2.317655475911164,1.218884588316859,-0.7567083271346273,-6.376109972244201,-3.1262530381120257,-5.824093201412449,-3.519836006265333,3.2823918432289587,-0.4936858520313885,2.651427712455664,4.358125361860389,-1.202042701583293,-0.437672624001015,0.9688436605474264,3.7574985249778856,-2.0275454465862666,-3.4757678356881416,-6.096557546474764,-0.13673361253779767,0.4718163238124145,5.07303788764801,1.0629780355686913,2.129187451228915,6.64097455835221,-0.6764868247216401,-3.429955511470112,3.794614418412237,-3.3869873204348657,0.33184759107624195,-3.3737525456989714,5.031453239103449,0.913263248360833,0.17961636783116683,1.3401643503324683,-3.712760363249607,-1.91755861047336,2.923970770809321,0.8740462310611773,-3.2343568074491498,2.958498853729267
-3.5497438787486826,-1.5554204167291656,0.0,0.4872301712046321,-0.21922839061503507,-3.580740951008407,4.060465487027972,0.6755588906889952,0.30063243031347053,-2.3795270958118504,-0.3489859159629736,-2.768742782969464,-0.3627688631880708,1.5094164140859467,-2.593868476400372,2.067965914337099,4.538198087608564,1.9200904321418588,6.0774177925587365,2.085823011273416,3.353171329025419,1.792476721143612,-0.4836975317562692,4.873523351744607,-5.387571938275264,3.718371806059144,-0.7026361405842613,0.11745665132159236,-2.2557701236338814,-0.46590350867620495,-0.3225646636446328,2.6935085359672426,8.887463162622035,4.418425466884844,6.230879322723964,2.9401058166919407,4.830699155135019,0.9237358445098942,1.2773726753618213,4.029410520291826,0.6149852700634961,-0.7387293239327594,3.048569399323505,-0.34634946536411404,4.679542977574533,4.608983516636497,-1.6981811557845063,9.240292112699487,3.7360753494059824,7.572039334562656,0.7890820807968979,-0.5806287495145696,1.4537222539057075,-2.8369487946091487,-1.4124539150957571,5.846341923829596,-0.5623554838405556,0.554978177689652,-3.780982876854447,-1.5279608761172865,-1.295879080717658,6.377580580830455,-0.26865147853165294,-2.1654649034441475,0.8779762865045497,-2.819981963627989,2.931154440474826,0.8130836019979003,-5.352448790336024,2.3993090133796686,-0.2950389917150719,2.591799568446582,1.5329775843381133,5.259614014219745,4.668422279965521,-4.782348855318849,-0.596972048395494,0.5810356340932887,1.4323409315044895,-2.851192323089924,-2.0433273983428135,1.1816121284072925,0.08893900328899627,2.6387440213570845,4.235826448167995,-2.4128222552988974,-1.242497285958758,-1.0069844149867948,2.3074876439343006,3.308875956726913,7.754530649922466,4.3153385434146525,0.9084085670309008,6.328077934638073,-6.124378890177969,0.9567828776120466,7.250601365994573,1.1544857393703545,0.403124240790444,8.565155246547546
-1.8417005490758485,-0.653627487575242,0.4872301712046321,0.0,1.291747263808244,-5.427721527184723,2.273334076616601,0.6058756337865038,2.3278730523712072,-0.9637441285185232,-1.8655856838802023,-3.055678166319616,3.7689283931424935,-0.07628679515899862,0.03776181361539632,4.342057628874123,5.869160669112963,0.7691918070759111,4.4818164726418495,-1.2849542642848093,0.30298180252038087,0.5075789568191952,-2.0335738448528735,7.20546662388056,-3.9520221612373816,4.836612167683845,-0.18744738311665063,-1.828894482257364,0.03945562541851914,0.09016055951337651,3.971304913473845,5.395940559579859,5.49931702760457,-0.7770182183116272,3.084397919111653,0.014626900220366876,3.873672207453121,-0.105837966805732,-2.3016809974095938,1.8766487366375304,-2.228064479710399,-4.722812119180049,1.9775462103570565,-4.133983860170119,4.56647039885798,-1.3500973206158713,-3.1758955606453574,3.327555796948652,0.26636770315216973,0.7050335435195725,3.4491847676546867,-0.33365365223447147,3.790751992594053,-0.1427792920027173,-3.1414796222316648,3.07645803135235,3.2013338272281624,0.08440582465190993,-6.77677020170924,-0.8086226902554204,-1.327222179679877,5.801507927937166,1.1109048180664338,-5.76599426859555,-0.7163382625928869,-3.629360698064161,0.7230318988687936,2.7209886717645086,-1.9905141397089317,0.8397904001128604,-0.5755130078004383,-1.0382353892896337,1.0676523607526012,7.359487942210605,4.135431505667151,-3.805956758441384,-2.9634047082210992,-2.381953418007901,3.192221864945297,2.0338823979122047,2.5762599386400327,-1.1321398605019088,-2.871177872830412,6.964838528687243,3.687811863010527,-1.8367650791927463,2.4226057067299305,-1.8519108353453764,-2.3777777915039735,-2.4153609011678827,2.2745652830889007,4.312209430481146,2.749887156941756,0.14734037423487695,-2.7509833626477125,-3.615361830893508,4.695928560456244,4.836471101884434,-5.683843633423224,1.1876007679708331
-6.4824708833993405,0.2125482298459414,-0.21922839061503507,1.291747263808244,0.0,-0.4043699226772018,5.504597733062448,-1.624642727491377,6.069717704656723,1.1221850802903803,-3.5594675534381617,-1.506362819320937,1.1928745441627115,2.2324890741905783,2.233015571737072,7.457562191693694,7.769822273154436,6.637834847978196,4.469996992442986,-0.43451996737167,5.327025988508409,0.7832705301850521,1.2693153824221663,5.390521960467036,-2.440617810287296,1.5278985555436029,-3.7533984683602273,-8.65590674506707,-0.9769624323625806,3.7308176501808528,-1.6774853621006307,6.829847821033388,3.6002225242885912,4.396708163740996,7.21044714174216,4.109108826435682,2.287818724494082,2.969124185806432,1.2460529840477534,3.1589331239472926,2.2225295890964607,2.712001099237595,1.685945907027622,-1.6475368049040342,3.4203676204238382,3.566965679637508,1.0747263583567144,7.205078315933834,1.340593697258372,1.5531796717973396,4.943727099575185,-0.7352229434674723,6.297348030094573,-3.384629575457025,1.340286182739436,8.218501099668073,1.7092033567045832,-0.10972345390776408,2.114777150320914,1.5702427535285992,-0.1485087025315127,4.631344977108324,1.1458130722580475,-2.8850046679884014,3.49697495324133,-0.7759542273602232,-0.09091948255672526,2.2159312643312585,-4.504370692491192,3.4606249511613676,0.552721746139266,-0.8156695855213952,1.621056961306034,2.6418582624698628,8.417593924676689,-3.845651132400691,-1.7311425038085675,0.271858626747201,0.04009736700676077,-0.2669404807644061,0.640278295704204,-0.4026852245802046,-3.0978405845778387,1.8482658847803768,-3.6366099573765704,-3.254845848738736,3.368987704059955,-3.524826829239735,1.4469190012967184,-2.284501513777979,3.74921744892288,1.3270812069836175,-3.887360137486175,5.37016694700706,-8.019705003147779,-0.8250369645930357,1.6899376068065095,0.1841143381848395,0.917713936376073,2.2750497821066533
-5.493219203958944,-2.6417567177512895,-3.580740951008407,-5.427721527184723,-0.4043699226772018,0.0,2.4067487906507443,-0.7887220514596059,3.973966557635327,3.850577970146993,0.08555363426570056,-1.2776981011544577,1.9969608206708147,9.163145682700595,8.616637133046101,3.9961529737193424,3.254377035845685,4.9773819105940795,6.200588656974298,2.720192237519538,2.952540630402473,1.1441542065743426,3.1770686628052687,2.006342539879727,1.0028256615429227,3.994596550624239,1.3792097280149775,-2.1854170065165808,-2.989327915855352,1.3968774188191893,4.222811179760281,3.996630125653268,7.5503935945118625,3.2556989954474695,1.678199025288184,-2.5961803894622455,3.079362516230619,2.105566228232272,0.16248462209520328,3.4306158448981017,2.118512558765972,-1.4373432318455093,0.9426772458465821,1.2450261134187948,6.471705558911681,4.961258856601847,4.569716837382245,9.493310767850483,4.709988370131107,7.052781455927028,5.503530005821129,1.7983887252332345,6.951797248278595,3.2380670935725826,0.13715368169525863,7.078504445143054,3.025680598009151,1.6381297751620023,0.43507088497760527,2.8615679226689905,-1.8024491121996091,1.5401875234907203,2.0078769197596533,0.975612100361128,3.0098793644494983,5.095285131410214,10.38955697823146,-0.29060370566703464,-0.13026328449885416,0.9990444093786627,1.9630908026459084,0.1163234011965188,3.2114569341107297,8.422591602800246,3.2666574175259684,1.5746818891629704,-5.507031251999368,4.01467403523138,1.8780259668431607,2.239690098539861,-1.727797128946194,1.335653359984418,3.276349383771416,3.1899948937198865,4.313425809226359,5.3181797051793565,0.06892923351008447,3.4809175456407497,-4.212094307872276,6.299592141278564,5.4122103909041375,7.01445730619423,0.6224286567061524,10.655059677104571,-0.5333285663515365,0.07028174619058972,5.902008925316305,1.3210087969725757,0.7954207809670859,7.963039011990157
-2.82954350465358,-0.44950765376452073,4.060465487027972,2.273334076616601,5.504597733062448,2.4067487906507443,0.0,2.0925482974251675,-3.2865226734552926,-7.231254576541089,-3.36252584365796,-2.2524790981420804,-7.052009153151416,2.779146639984209,-4.127132177412034,-4.786928977372291,-5.389081170610497,1.1049346892282115,0.8514888719447837,-0.743015015336152,-3.603798011543883,-1.6355198282308727,-6.92500560323747,-2.8852723856463367,-1.2837840527764994,-1.5351184900043964,-6.958774776308624,1.1484079349049279,-2.2562996048561663,-0.8524759489911247,1.0151614865118697,5.658945674459249,0.1235877978018804,0.19908300995003064,-0.621595869861487,-3.6386027126167937,5.794353261002179,-0.15062891518432875,-1.8669785475815943,-2.0834336725969806,-0.4061875739960579,-3.2202382775629754,-3.3905736502721537,-1.1077861326837484,1.4957132154132848,3.4408592751758063,-2.3973816543801707,-1.458195522945661,-6.031200259787943,4.136911563973925,0.49184929442529113,-6.506162365896783,-7.078432140631823,-3.470344732979877,-6.719754876362026,1.4762091216678415,-4.1640908217778945,-1.3183774090028524,-2.506660247003564,-4.713982287809044,-0.7880901920756899,6.15814602737263,-0.34081143803216724,1.6572755335578875,-2.4122996574293745,-3.0897152243545154,-4.019882038394228,-3.7260179272017577,-2.9875422415335886,0.9688344243094138,0.6025686530920621,0.9195880747052878,-7.623939922300573,1.3781615538487149,-2.117050828818513,-3.807796884675752,-5.46665312075098,-3.0501427919656914,-4.965734742022256,3.722376747590217,-2.3695468085757567,-0.9704486929327946,-0.7284006213822003,-0.08230161841764515,-2.657445438495144,-4.578381233962032,6.802211905167884,-0.1780268639603035,3.4566538770734625,-4.204464503900687,0.5587416199667777,-3.830981627386916,0.9773592161411944,-3.0205272905461396,-2.0276047890886035,-1.0091968983333937,0.3082200300452507,-10.769615336354248,-1.6858292156437609,4.775711520390637
-1.0956323677888082,-5.082626073021581,0.6755588906889952,0.6058756337865038,-1.624642727491377,-0.7887220514596059,2.0925482974251675,0.0,-0.6467144846849262,2.44893165473752,3.6211914184957568,1.834940362506832,-5.440708307539849,0.15604541417374895,-0.49597956294157497,2.721529574495793,4.812773218377541,6.131023133144385,2.6219728722077966,-2.8873456659603622,0.7740538521687633,3.6820841571523726,-4.369809034771749,5.3948854961897705,-5.385082542194144,4.253178677563133,-2.335326078520364,1.742272833952854,-1.640363567862469,2.2204279228253294,3.8961771585962657,7.845748059810659,7.5137795016191875,2.5498671854141164,5.846981308959809,-3.635586824227108,-0.8302381294295418,4.702765697258871,4.019997042111796,1.0941298386516805,-5.419379548292441,2.0533594511302953,4.067352997428195,-4.596685771211246,-1.7112879881789516,0.6958213573154584,-1.4266833858086354,0.7698082395572995,-5.577069063999163,1.9779440132261137,2.265316650826082,0.7510321280676291,0.4864641508058291,-3.681286820665436,-1.075277546225986,-1.7895986815459828,3.0342733602378646,-0.6060023037051305,-4.546362320703278,-4.212790822312373,-0.08297241462338562,2.797003276297488,1.9917536520649193,1.9312218306117024,-3.0290300815540494,-2.2762902224344024,-0.0006684264014336777,-1.4255644095581548,-2.0420033646580613,4.170981545303548,3.764957715273496,3.158669869555563,-2.846427152208861,1.1021516562527487,3.38711678639899,4.273799331932245,-1.9360748017494225,-3.480144875086463,3.81004194166726,2.5760750261887875,1.0300479036131942,5.0464692144150405,4.039851490891366,-1.0651658748925676,-2.361825047678205,0.47333329648901246,2.9579688297667,-1.6367872358239992,4.209522293779178,1.0985264545313913,6.797116251232965,1.6054272791147144,-3.293074328920312,0.7478962312051906,0.49668114159373217,-3.875230401791877,2.326695949608851,-0.5761484400214667,-4.86153225403892,4.564336954516849
0.21016737906440508,5.0114611961872,0.30063243031347053,2.3278730523712072,6.069717704656723,3.973966557635327,-3.2865226734552926,-0.6467144846849262,0.0,-3.340205121550256,1.853822674896601,-1.3560596169973256,-3.113599802980968,-0.8007579053562304,2.77002373229172,1.8992387666798864,4.444694796052522,5.095532419442137,1.8757932118805956,-0.5615986667317654,2.383291793571233,-0.2989848428655467,-3.457828192373257,-0.5642550770175497,0.3320003957504544,-4.7473271315988566,-6.322524560371425,-0.5751326439895024,1.0375864083025748,-1.3114780294561508,-0.8604214350400932,-0.37971849524283846,-3.4769143184386806,0.639527727885116,1.1789422582194635,1.1126422240333291,2.468563089555122,-3.27439700650457,-5.402495241703776,1.6253579649802907,0.9966969987298163,-3.974767861934621,-5.658642243292862,0.9046675552746729,-1.5708738986080812,1.4497526663910731,-2.5095549496492615,3.747414276141914,-2.464961710110946,0.2920622166611537,-1.2043453977089764,-0.8567455040549484,-0.398881587537004,-2.4508904672500966,-2.543406891960706,-0.6674666570165839,-5.559276450906079,-7.587183715945748,-2.026111098721995,-4.142130599370982,-1.1461394946430694,-0.1840986933570389,-0.6036728563904423,-1.5716886890308333,-1.4881801334620977,-0.7083510395546999,1.2869732195492942,-2.5410747066689736,-3.095218106180589,2.7547538043097783,2.6422343237781485,-4.515066966546888,-2.901103545303916,2.306528482657039,3.9656247589455447,-5.55499221125135,-2.292934218385339,-4.110707282116324,-3.00344511171262,-4.955631718421606,2.485207059182829,0.591099996305864,-4.873532823560886,0.8552729357445243,-4.97685103855866,-6.955924927468006,0.5902415019583724,-9.677984001074863,-2.0131619929581865,-4.5951847382204685,-2.1354218463448134,-2.4600529640893245,-1.0672867511770805,-2.380041437927833,-4.149408709271283,-4.717432078133784,-3.7101554980825937,-2.936174509367893,-7.871306792629428,0.2784087784163253
-4.113637086874443,-2.7057488870406585,-2.3795270958118504,-0.9637441285185232,1.1221850802903803,3.850577970146993,-7.231254576541089,2.44893165473752,-3.340205121550256,0.0,1.6817667429837433,-2.0470452201386142,-0.01187787259376334,2.7562864738868185,0.822571511326264,1.7936874529049889,1.8012456327259871,5.1249509131763356,-2.6793371755653026,-1.7392746399767403,0.17996909163680633,3.0384358811466696,1.9532729093954628,1.5524294269317802,-1.558684126078364,-3.704080731750019,-1.2605328060558878,-1.1823261503895963,-4.321152837085214,3.799752905002508,-2.180392052167011,7.25500248019803,2.617424219022769,1.9191769922893545,3.4268212409598338,6.030758685141572,3.79842188991324,3.0536462156883686,-1.4185256000090647,-2.502747889562803,3.126550457607938,1.137801142561144,0.26149991660196087,0.7374561564614046,1.548102145693728,0.1987317996559343,1.1733840416158312,5.7424083040182765,4.524537789560769,2.087510184824114,3.974440988763985,-3.764373577884715,2.1736031262425834,-4.822014856539088,0.8690326730414046,1.457865080362578,-5.375474739912562,-2.4558659776288807,1.3274821358792903,-1.7369228145082458,-2.540175165308127,3.8236454699719777,0.06721913287132927,2.9503046701702424,7.844614571906403,8.7857848006821,-0.7690935944857545,0.16180496350730955,-4.129293877428198,5.545123806182391,-4.313750062512334,7.865625992053933,5.39587990245798,-0.5237240152528341,0.5786141243102098,0.11238228895009204,-1.63585268636512,5.4168026448344495,-0.03028646397052276,1.4545860822342966,-1.830489118844144,-1.6543486700819132,-2.677149662692116,2.5327333536379193,3.860122290138459,-5.960258342819102,-0.190969066123176,-1.6885463521060893,4.29577718054963,-0.23794119618321344,5.898927645996364,6.362372378583686,6.960573799591965,2.8233882960463887,-4.171046656739276,-0.14157418234839858,-5.298710729931408,-0.2558967109538399,5.410738002721652,0.8281405579416146
3.2170288641788,4.545852886473666,-0.3489859159629736,-1.8655856838802023,-3.5594675534381617,0.08555363426570056,-3.36252584365796,3.6211914184957568,1.853822674896601,1.6817667429837433,0.0,-4.256327983238938,0.8835718557545339,-4.050106381947656,0.5849132717132103,4.43316918983765,3.1748779980037263,2.5949813062739007,3.2557162887485966,1.3499539725975565,2.157806367068684,4.346399534573613,-7.185704101385891,-2.7884443732086788,-8.243446100627105,0.03821391684874009,-4.6543629761344265,-3.89136967266036,4.6480813390093125,-2.37134350056959,-4.486733190819293,3.816614480541508,-0.6255945960529067,3.3519355179422226,2.0520457952801734,-2.135746451134924,-0.11498841737733503,-4.573532951450259,-1.4169701223650883,0.06677902901702691,-3.8138165384390534,-3.455634285707986,2.4259515187455567,-3.573851145528521,-4.647886407341249,-3.6490932832746337,-0.7968191643093265,-0.5941308436248486,-6.441489111935264,-5.158903961860401,-3.4093583041901794,-0.7404132847304179,0.5235836499904628,3.5182629580976847,0.7309255353057722,-0.5375974318060529,-1.9031967650125727,-6.998342293175537,2.2214340701704454,2.3008141712585948,-1.856188879380508,8.951256839643353,6.755815049961174,0.8390579194754942,3.395116176975401,-3.681114838507397,-3.666342085272301,5.426031822267817,6.068076287389434,2.6384212010061927,0.7738869597377781,2.554168063865715,-3.9941544570970446,-2.0673788985726222,-0.3686513470892421,-3.9308415640296626,3.5316441787118955,0.6619237932079093,-1.878489070000832,-2.1164796427999337,3.989507225519696,3.300686372377274,-4.409335606722509,4.1780575811060015,-1.6743050817109555,-4.976075728619123,7.894796086177398,-0.1676300041818652,0.2739227283455719,-1.6908825892938295,0.922298201278882,-1.3181206828974676,4.032137224679486,-1.1647517801665608,-0.10547823418551872,-3.9563524961697767,-0.8620856469902666,-2.109317081814277,-4.333476840471834,-1.425856098880868
-1.1213805795606229,1.4215505588423196,-2.768742782969464,-3.055678166319616,-1.506362819320937,-1.2776981011544577,-2.2524790981420804,1.834940362506832,-1.3560596169973256,-2.0470452201386142,-4.256327983238938,0.0,-3.859178074262167,-2.8577676193874826,2.1356565666649328,3.4213748692696755,6.157481964874564,3.3706769423079446,0.6323169674087092,-2.8138980394727167,-1.2403224464447775,2.86464249264765,-3.215803927961113,3.4373708355584895,-3.336214293875407,-0.8623453156188574,-9.598524617655773,1.9515711991821256,1.7252596929076378,-6.75989458230804,2.156533503921221,4.944140833540682,3.493302056639528,3.0583180746990974,4.648293629690512,3.721681647815263,2.0364303913668294,0.5874034591778283,-2.2051909210693537,1.06659010425021,-7.6471672607746175,-0.7901833844089708,-3.4253506423088926,-0.25377073243980064,1.2534492293655175,-2.5168213016334344,1.4892904388207135,1.76414600164195,0.5490235946120564,-3.074284131673387,-2.2779375962133366,1.6691049163513831,3.1572835980427807,3.570454967186727,2.3931627726120683,0.81321144352253,-4.003054780727944,-0.5263226994787276,-2.6011820766749927,-2.6704028708743315,-0.23633156954859136,2.5965120123660723,0.277309041644222,-8.628443629497554,1.6086207909208472,-1.289722839617803,-0.421153328312374,0.9530611740970493,-1.3569337259695347,3.182113305350948,-2.902735914340175,1.4402010974458739,0.5360758232369638,1.0779546462160907,2.065785319586942,-0.41527820459227777,1.081163461566306,-3.257153398035016,-0.07511398283076441,-1.7792006633858424,1.8195401365293913,2.470732725197794,1.4412070588354535,3.7593877242667615,1.9740302073487537,-6.432185460750611,1.7030400292258863,0.05910130446454917,4.70965017019911,0.5517593451558633,6.545557915136105,0.13138426109091494,3.694695484645268,2.905463643489356,-2.3735011977929905,-1.7769884604456427,-1.117451301956068,-1.2375899175557947,-3.565691263857753,1.4238712350814595
-7.534136865958658,-2.2992078296292537,-0.3627688631880708,3.7689283931424935,1.1928745441627115,1.9969608206708147,-7.052009153151416,-5.440708307539849,-3.113599802980968,-0.01187787259376334,0.8835718557545339,-3.859178074262167,0.0,6.6259187309344085,7.3826412561678305,5.53956422250164,1.91412541824802,-1.0192661989836311,-2.7044996908260885,0.012719251095001398,5.906266800053624,5.061743686328488,3.2842479769747657,5.650391750275458,2.0469934414381443,-0.5628716487920103,-2.6095951918797606,2.288050896906863,3.218882426568816,-2.2769217821985626,3.7717627775582567,6.146154742469002,6.098975431128576,-2.91733754645267,2.122149775354387,3.170981763281214,8.137386758405606,6.474514497823779,1.995320760733212,2.3378321174763497,-0.6638865576798016,7.233950381582144,1.082018650156656,3.749444312983905,3.1391502346095166,3.580277601674629,-1.9649969647829508,6.130078465858993,1.14641829671393,2.0510604371862247,-0.6178839835498572,4.587976472358812,3.4617722369153485,-2.780075752545673,0.33318818592940314,8.530499549760297,2.812899358302978,0.8952250743894502,0.010690306403092788,-3.9867314566950594,0.7085163709278379,6.381107643666128,-0.6643076134855274,3.2146112543372327,4.8140675572680856,4.3421408296247055,3.2585766231359887,-0.07674675285019322,-1.9452888961480432,3.3614663385984023,-0.2813377840055249,1.2791975299153386,4.2056840936728985,1.067077323811964,-0.2844150405496545,2.201191174724962,-0.5104539412455436,3.120505331693267,8.027392735872173,-1.776474722884756,-1.0458342205406763,5.867585909940886,4.546445302933844,2.3724911701044564,1.2302693917573015,-1.2388946975331556,2.686171663349725,1.8173700695169732,5.998530818971526,0.6029737334189663,6.471830272151284,-1.9209357040319293,-3.631260752565175,5.327794781568077,3.6883512020735,-0.3380697293946979,7.511593754243986,3.492683704242572,1.0336934161711844,8.232216813649059
-4.971459930781612,-0.8551239818208521,1.5094164140859467,-0.07628679515899862,2.2324890741905783,9.163145682700595,2.779146639984209,0.15604541417374895,-0.8007579053562304,2.7562864738868185,-4.050106381947656,-2.8577676193874826,6.6259187309344085,0.0,-2.473074943436586,4.558148912270672,1.7930921759595075,-0.057555698691527296,-1.532203784239795,-5.723525299472467,-2.576453700036264,-1.2128325130485826,-3.895339064973788,3.259311891129862,3.456076327195475,-0.32739396319897257,-2.8665078628918925,0.7641625684886449,-4.5760135849342785,-3.6665126947399895,1.2238382898407505,5.526723297450464,-0.9929638933257297,-0.437848730605617,2.471492593888984,3.282337107672321,4.738060553025713,-4.879059504112157,-2.3530649692039542,-4.1426818104122765,2.0739631714249382,-1.6225601650518107,-1.1165749572334904,-6.7513304017074445,-4.724318830014406,4.572987852583373,-2.65448638961052,1.307357281720801,0.7055719723586411,-1.4462292752222004,3.0159697903520137,0.22900322435152448,1.13227443515126,-1.067837859147429,-3.338400319754811,2.6414671300281047,1.4644983323967182,-2.727801701961433,0.16339474703830667,-2.7615504443675376,-0.6868255496469051,-2.502739864469768,-1.733073643258909,-3.0854961916471977,-2.5093567431544495,-2.929680619553648,3.0682841607704407,-2.3546358016754034,-10.618712952454372,-3.8426689101464273,-1.9274423410235255,0.6091011553814883,-3.5442824603119574,5.172558614235864,0.46428910526614814,-3.8325408844523112,-1.555417239410036,-3.193327125494367,-4.066493609646427,-4.9176779825386525,-0.022186989566196132,-5.648356999865819,-4.909802075631271,-5.159599023155607,0.04948134029910944,-5.872084071450288,-1.5665334465730725,0.7651440230889826,0.9937074378773011,-2.7428431976184235,-4.833853245716196,-4.330966780152742,-0.19882040037500293,-4.847703951809962,-2.2916457941466337,-7.502715934398042,2.8350173266521095,-3.2070156726146744,-1.2716445175415487,-3.4184671293324085
-5.857084448877453,-0.02991620468351513,-2.593868476400372,0.03776181361539632,2.233015571737072,8.616637133046101,-4.127132177412034,-0.49597956294157497,2.77002373229172,0.822571511326264,0.5849132717132103,2.1356565666649328,7.3826412561678305,-2.473074943436586,0.0,3.985986773283376,2.698350024230404,-1.9880786304241769,-1.4544779154126548,-5.774950718555384,1.5977316575386775,-2.655441141822424,-4.254145409556284,0.4247374130129302,4.707687796152227,1.780588502963376,-0.6947706298440194,-1.623947545877722,-2.714349386866572,-1.312601847766651,1.2264257647117467,6.868855778205254,-1.610313030129443,-2.774863290058892,0.6256482081499293,2.500245267153496,1.3772842012520434,-3.0375787958157767,-4.161252846859703,-2.2060410775851174,3.1495053204581245,-3.7540683702405704,-2.496692268716923,-1.3435504020885591,-1.1812003734180503,3.916217803506522,-4.94134529882812,2.85101177746846,5.002279334802063,1.9435666784787944,5.324854501251084,-2.338463876626432,0.8204354811977705,0.2913506644862626,-2.338063117593905,5.458342437122385,-5.378234904595024,-4.337294141203507,3.3685980726051903,0.5249022015082337,-2.283315605862413,-3.3098265409552927,-2.7574107997049895,-2.4315731127486213,0.5688552107926509,0.48075809455563245,4.962142989110867,-0.22988712517721868,-7.881413338808224,-2.5371007484643915,1.4182601981998664,-0.8586560880404865,-2.6262641575041394,7.952529651593767,-1.5425647527959672,-6.545697054058504,-3.201302300215818,-0.8133810346643888,-6.3078463606023565,-4.5606753381676635,-1.225853497933156,-5.568967029075237,-6.762260855405752,-4.822727306362109,3.370463740045684,-6.442129140462848,-1.2083878239348684,-2.291226960606408,-1.129481089033314,-1.7624614412362685,-4.249400489406911,-0.7332555452522393,2.560274434481677,-3.213414153923551,-5.548206029208648,-12.313209328617573,2.1369446428193535,-4.77595270992714,3.6098661228875457,-0.6212788834349212
-2.1832384175132247,4.698030039943129,2.067965914337099,4.342057628874123,7.457562191693694,3.9961529737193424,-4.786928977372291,2.721529574495793,1.8992387666798864,1.7936874529049889,4.43316918983765,3.4213748692696755,5.53956422250164,4.558148912270672,3.985986773283376,0.0,5.513407001340108,-5.873287091417003,-1.312895294891947,-4.6693203009435775,-1.4457034020412023,-6.430242506277491,-6.389219530245041,-3.133482372072498,-2.381408348237948,-3.9860440573808336,-6.826748249100145,-10.316903377967694,-3.5721333895415284,-3.8499747545012366,-6.278712463871084,1.8863799623110336,-4.424735128138529,-2.8685011985672326,-2.8706763856891753,1.0959111069177612,0.967399806771264,-1.2215437026681677,-4.3123404238991725,-0.5617071467181687,-2.5172019929381775,-4.8654635609331605,-3.4671178522438324,1.2632321359658547,1.998751809206084,-2.1682390009292263,-4.484237444915377,0.535018400324965,0.41337040826754,-2.2837424691102,-3.884901971178489,-4.0288374556617725,-4.070870749670343,-3.96832434315431,-2.577034006360162,2.589411212703283,-2.228191674078285,-1.0248428304053423,-0.35902842301895244,0.10498608373288072,-1.1231925438710644,2.847265387421291,-7.4486601453168175,-5.413961404478389,-3.532710421336013,-5.011252627328057,-4.601501630837936,-0.5305515790204357,-3.5013005597539846,-4.2612834883261,-2.3288212919179965,-4.587044524183701,-4.270640968286541,-0.0074527206571749485,-2.762427803774252,-7.173188628532419,-7.16845232600083,-5.5119177016900895,-6.2680706248809805,-0.706107050957701,0.9176376140316445,-2.122899240006657,-3.221784482132583,3.4707105425908793,-2.5227828014350275,-4.083167343329055,5.641311678440058,-8.389117511676838,-2.528074787390417,-9.787466301496883,0.42417748690703905,0.681646797876362,-1.2326191437921572,-2.5893100613331774,-6.43162202196434,-4.253219987081305,-2.7109488969585525,-6.921785975294709,3.0861418793243347,1.6872630466216416
-2.221338279395413,5.767936301480626,4.538198087608564,5.869160669112963,7.769822273154436,3.254377035845685,-5.389081170610497,4.812773218377541,4.444694796052522,1.8012456327259871,3.1748779980037263,6.157481964874564,1.91412541824802,1.7930921759595075,2.698350024230404,5.513407001340108,0.0,-4.572054883960067,1.1947443354686031,-3.5215355690609735,0.49095278650182206,-2.6171176164725223,-5.765111606483496,-1.4685974438838347,-3.032447353583141,-1.0098777819772016,-10.054395757338291,-11.233456541527907,-4.4271094108236015,-9.817301982251172,-1.4095693587093687,0.6064182553729411,-1.6433562120656084,-3.3211638089753217,1.3042170324306415,-2.098329094668277,-0.8955131385484638,-3.984413518976328,-0.3271912878662625,-0.3061477628991941,2.7823249419359666,-0.7993928173523612,-1.759441474945682,6.340190803782074,0.45472389452862927,-2.154345017912296,-10.040925616409346,4.786469075078539,-4.085995559080896,3.4367911578717703,0.5823251186777599,-3.686727883441916,-7.538879784907773,-6.602581383270334,-3.9602866397742935,-0.08474356383306404,-10.967640693487697,-8.628956810762883,-2.838441071199989,-0.04077874142212841,-2.5973138153962565,1.4112881077474209,-1.5244310226912927,-5.44977111953805,-3.2428046538937307,-7.341612016568399,-2.4113718223402008,-1.7233067364413748,-3.914680208584085,-1.796671283480166,-1.0464473679959685,-5.8134214845411165,-4.1724815267620015,-0.6237834586418917,1.219775865748036,-7.237347654222429,-4.008747132086513,-5.898197705051792,-3.238471184417435,-6.498102616795506,-1.3537379329781491,2.8890293886920086,-5.4462562075890135,-3.4185672673870044,-7.755812334282046,-6.223467231049315,-3.2473242076529467,-8.423163614609523,-7.995480124774642,-3.848429486990762,0.9312299688447568,-5.016315064503954,1.8942876938669448,1.9444157539807625,-12.230398794320564,-0.1647428373265968,-1.1121166383937142,-1.066304718000425,-0.8852171963290525,2.1359119988421598
-0.9153543057333512,-0.8513173462584781,1.9200904321418588,0.7691918070759111,6.637834847978196,4.9773819105940795,1.1049346892282115,6.131023133144385,5.095532419442137,5.1249509131763356,2.5949813062739007,3.3706769423079446,-1.0192661989836311,-0.057555698691527296,-1.9880786304241769,-5.873287091417003,-4.572054883960067,0.0,3.6047375343733,-5.222960222068667,-3.374321370802853,1.4774501144520447,-4.87745726268942,3.727262926038811,-4.632019546096164,-4.548562845155923,-8.772319302534195,-3.950210524716201,1.865183638976832,-5.032704931425652,6.495731672645202,6.229531576480936,5.65151252304836,2.96595833294565,3.60686658277325,-0.8246022513834654,2.1940043177749966,1.4709081093793164,-1.363310072098605,2.5985467959673527,-1.7782572550157074,1.3408863829207904,-2.098411608581467,-1.6317265733326636,2.3624268347876796,-2.3070644213079987,-2.4912083582579756,-1.9314437799008473,-3.170568465831771,2.3374863962913586,0.176458355017056,-1.6457815731247467,2.8232299042988744,0.6781808413654195,-0.908828624556648,-4.443228018981662,-3.7002147713278144,-9.416369050216181,-2.0884112284724767,-3.481546504669394,-2.153552577918147,4.654231465387204,-0.3725111066284293,-4.9524343489909,-0.9463093404968376,-5.489384007026335,-3.884155028114984,-3.4027218542010167,-0.9280538907629244,-0.08811381575505382,-6.798282562770792,-3.601105152595859,-4.776805254913217,-0.4364786683901733,2.3832992401798334,-4.681539399135105,0.38333144108433775,-2.770854770736804,6.483716994217475,3.390582154782503,2.324938726228232,2.4692337900154775,0.34036249507376365,-2.4848199945686,-6.4393823133514205,-5.871921555726059,3.6054254895435993,-3.630628234806697,-3.175122249645345,-7.718396430172558,4.757576367477105,-4.237970649885606,-0.40959435844870873,-0.6111806195549777,-4.4018236374429565,-1.555041437423164,-3.112503977642361,0.2800754668586013,-8.883245494858125,2.531620823292764
-0.23125456682616505,7.979225410448947,6.0774177925587365,4.4818164726418495,4.469996992442986,6.200588656974298,0.8514888719447837,2.6219728722077966,1.8757932118805956,-2.6793371755653026,3.2557162887485966,0.6323169674087092,-2.7044996908260885,-1.532203784239795,-1.4544779154126548,-1.312895294891947,1.1947443354686031,3.6047375343733,0.0,-2.092295334063904,3.5070862674788446,-4.652851683637961,-2.9354516661075016,2.152843380063501,1.3998228346210184,0.3666010723284626,1.8908623086675664,0.942557263252878,1.1723156367376335,-3.51532649183336,-2.0035297962489143,1.2523494168892486,-2.538756343985736,-4.149675581722796,2.3808905742806847,-0.12801934276176735,5.208360787409436,-7.601655563155379,-1.9241015872810037,-2.6893749661815725,-0.9714616498664158,0.5778391434786536,-4.70966087885038,-1.066245780770463,0.2987961470732922,5.308928640193477,3.565787835744074,4.729548207410288,3.082919718295489,-1.2950675984926072,1.5310273006342197,-3.920985418118396,-0.8009945269596013,-3.507954200385412,-7.662499127537528,1.4481875685102803,-1.4331376716732769,-3.6537679331316606,0.7190149521678404,-0.3626964832967193,-1.5913398741562588,-0.030390321413434594,2.1358399485187864,-3.870985325803984,-1.4340550998456951,-0.2980500682590389,-1.7503793049041836,1.1313400607840187,-6.236603172818206,-4.427944853432188,3.7062717531971217,-2.354814365944812,-2.3816033005573956,2.3673656078438126,2.841029995229442,-4.9125394378108656,-0.12127569951513736,-0.9138821216730376,-0.02093949700150465,-7.615900869716584,2.7080186907839727,-0.5088839421151247,-4.467556272603118,-4.824504908862722,3.543396081351851,0.8057292001219913,-5.577933534267603,1.1985070137185172,-3.2935523075283,-0.8855500695644389,-0.730967345879753,-6.704982947018291,-0.03176969751936156,-1.4080997634514203,-4.8590559359022105,-3.352882430034816,7.7850427306350864,6.346103913324983,-0.06558950830831331,-6.1525279355390285
-3.1156050584958566,-1.588253102817568,2.085823011273416,-1.2849542642848093,-0.43451996737167,2.720192237519538,-0.743015015336152,-2.8873456659603622,-0.5615986667317654,-1.7392746399767403,1.3499539725975565,-2.8138980394727167,0.012719251095001398,-5.723525299472467,-5.774950718555384,-4.6693203009435775,-3.5215355690609735,-5.222960222068667,-2.092295334063904,0.0,2.5523633863834214,-0.4831710004992384,-0.04492340469498059,1.2371286100609076,2.52019395767792,-0.26446480404430167,-7.7389509543486685,-0.5139804682865504,-0.26103329146103305,0.466363169977167,0.07587543656907819,3.005210797203195,5.240739443687288,-1.778819284144393,1.1931326466103862,3.229967011603989,3.2557463784370264,2.1944852917387956,2.1633590759733456,-1.6463400655800176,-0.020471231163347012,5.267386645282278,1.8243829469510309,5.415139871612934,6.429032820651368,0.525810541103971,-2.672931000639995,6.447535230540004,0.8991775636422499,1.4288154375654678,1.6805672369426663,1.5103885163116186,-3.999605965706909,-1.55232757798287,-3.9934585591757457,0.0064781810006431725,0.6977327758817943,-0.8735970137640283,-3.9845014141657296,-8.256404006810907,-7.957351189573357,2.851858645334904,4.2308722034984525,0.5947663143833987,2.8832072115990606,-1.2904786743934706,0.9007601128965204,-1.4933244171372935,0.02511221038376056,1.9615595566671529,0.48503213320544153,0.2448902345115865,2.545277253686132,-0.6124094325362435,2.0240402383912377,3.7972435521553742,-2.4864090105462,-3.0498432887906195,3.0144830923663513,0.5220228884218309,5.201719848609609,3.219240580043256,3.2851328319899875,-5.647029656231728,-3.142502725262973,-6.109341472136373,0.08506323853086614,0.05769961409957236,0.3344331656044416,4.897783335691267,8.563203534005282,-1.1509735863037636,2.615109763956013,9.118146354971069,-0.8279162010652675,4.54665813417091,1.759368561581887,-0.6895282805046297,0.1197737480129605,1.15485150460961
