0,1,2,3,4,5,6,7,8,9,10,11,12,13,14,15,16,17,18,19,20,21,22,23,24,25,26,27,28,29,30,31,32,33,34,35,36,37,38,39,40,41,42,43,44,45,46,47,48,49,50,51,52,53,54,55,56,57,58,59,60,61,62,63,64,65,66,67,68,69,70,71,72,73,74,75,76,77,78,79,80,81,82,83,84,85,86,87,88,89,90,91,92,93,94,95,96,97,98,99
0.0,-8.436447866278467,-4.066009342308702,-0.9949104874027064,-4.100671759143937,-3.930178669999045,2.894163771716464,0.1083331113579858,8.466710504313516,-0.45925370571587326,-0.12770122161893963,0.600524687673083,-2.29466225603671,2.3547800264184704,-1.6357530323076788,2.1524732472615447,-2.087872847997128,8.602785876376345,0.7610001634491192,2.860451771302768,0.25914636062227125,0.9849642849405058,5.54269552674308,-5.741126481006477,-1.598244622606419,2.356165829216613,2.888387333406836,1.3011741662062857,0.6218640600545178,2.835972348267888,2.291882644973142,4.179373012070148,4.931569063162385,-2.980767842745806,-2.413605614823419,3.058486792599449,0.584929640296924,3.903763951524452,-1.1417441158662796,-2.6382772088087965,-2.7500428669698973,-1.7989497677928057,-6.751195267783056,-1.8707025154602417,-4.707463444181378,-3.3882967591535404,-3.3183665938318017,-0.3624186446096384,0.9526066720807709,1.446942958014671,1.1903298348573508,-0.8440374654587256,0.9979745940468588,-1.179395296479013,-7.5797237835520255,3.353170399359638,-3.1045175509604377,-1.160326421117276,2.3383339816703983,-3.1184902916215655,1.8636919631471585,-5.097447625010784,-5.22298896700452,3.2295873508545894,-4.431448577330613,-1.5910870924619165,1.4687133197180104,-3.558242635776808,0.4837705612813504,11.571639676487706,0.6833510692453586,6.466209130277674,-4.04710002918106,4.070973098949652,7.181737534450956,2.5264778773114327,3.2074123541798407,-0.8514882876227696,1.754896048329308,-0.08320670065703091,2.3894715092510777,6.585255735812749,-3.4823754522381822,5.648994222517481,5.740049508529784,2.88759406918054,6.544253383678702,1.1232363563697267,-4.2407595769903965,2.263886554398898,2.541213594970311,1.898217546629276,3.5842180312035894,-3.184060003086809,2.9516812822272622,2.4847809281590525,-1.242580211717566,-0.1941123071752888,4.547514282754766,5.288441314660857
-8.436447866278467,0.0,2.16055539415498,-0.09992275732364618,1.9613319308609205,2.5559400823281577,-2.6839836759605062,1.7205587580076755,-2.5785009408709034,2.7113207428714814,7.887271188368318,2.6959145505839706,-2.195672267880944,7.12965135217704,-1.7108630094977788,-1.2480631665957285,-0.8613565346910224,1.099353372942608,1.3971252973871864,2.011186082916838,-3.372580321031858,4.946291355474398,7.027630983534939,4.917226534325028,4.4493135771975325,6.7301328721475775,3.0531224376391575,-6.692457726542745,-10.335931174986571,1.8780604438053663,1.432045568244649,-5.191147839647256,-5.105992376656751,-4.302927358884404,-1.2775854853015596,-0.7446618395247628,2.161397658788024,-2.1191253124724185,0.48601370501722607,-1.8287628429057297,2.261489748006152,2.5279543850588513,1.2318122364032675,1.121250795482513,2.1231329607360774,4.8950950873312,-3.146467405060952,-1.0240747294798949,5.393979295485722,5.797968590297118,4.154743080142128,5.142576122489338,-1.2773629396916748,-1.4502023142221088,6.114746588651077,-1.1165561062479423,-0.3467498476428308,-0.21746011261573672,2.4565633439650028,5.273867973767595,8.76393548719297,-2.7021994339879445,2.8736208007525326,1.9729319937282472,4.776406736219575,-0.23464958937548147,6.2327435740939485,4.746145968111542,-5.537277275048192,-3.494256938994844,-0.18058011117051948,5.236291113046487,9.125281949248384,0.10302646065936077,-0.10424313025604676,3.730318883918347,-2.0872286000604303,3.6351386438923607,1.1483170635111055,-6.389394794229051,1.1400534902198256,0.7506663536829251,2.416004643733372,-4.65184001629363,1.0643867014896544,0.48348898814471486,5.428766231547377,-5.466584978326865,0.45081810926331406,3.5135523300677316,2.7068053787946766,-1.6371873876280805,3.581677898550567,1.8975029062700828,-3.497019928713056,-1.8302846833314488,4.402278900344047,-0.5832395062590752,6.7953693140526354,6.155672467754973
-4.066009342308702,2.16055539415498,0.0,-0.15952658419361537,0.5497785750068606,-0.19177291494613047,1.5171884399695859,0.5950844901831844,-5.190181095553606,-0.30784875478329515,-1.9942979363940267,-5.924781825430476,-6.893536802375371,2.907771437820775,4.657186100895611,-1.3168018249559277,0.02689040153601105,-0.7833324707036161,5.417740070232467,-3.01996643118128,-2.40409985268018,-6.81671053597406,3.7448431141904015,-3.4391227358679624,0.7983544349231176,0.08889035428912342,-1.9814501039993615,-5.325810572613555,-2.918514266033741,2.587719692658843,-5.202627329405206,-3.901023083713543,-3.457462798353772,-7.283040437104595,-8.09385715763236,-1.8182992400693443,-2.914056396943721,0.95488650880746,-5.849765038437561,-6.2210337878851805,3.251678948004823,0.4933615652829896,-2.0358466383958014,-8.714691461074047,-3.0223686826551934,0.077598160973449,-2.9766910725557083,-6.716152244455226,7.841036945412647,-2.837559119788153,3.4026059308725247,2.2809485541144263,-5.344229102650259,-4.535836248399481,4.478479185856871,-7.762210508350349,-0.8909730713920491,0.08499369646042401,0.8759107564641881,-6.518834388703494,1.2113981358534542,-8.32140135385597,-0.4118345906101968,0.881776620460331,-0.7044963966221938,4.3983202449565635,2.427495783919675,3.6775062791638486,-0.1891490824292167,-4.637902564846496,0.7970897054829914,4.568196442869351,5.747588082246568,2.5504177609864844,-2.746171415788335,-3.061668862662386,1.1146916785675756,2.073811140319892,-5.022360311918708,-5.744036896563258,4.769344907344784,0.2647622753554971,-4.722812101111347,3.48467183801992,-2.70257088274536,7.0486608016789924,0.6809593441304319,-3.327006612704424,-5.753295921838772,1.703463423094872,-0.7433158384812032,-2.9323130127646904,2.263425466070983,-4.096933821819988,2.6119864461226863,-6.195560041908231,1.449008072302056,-0.9824140659133456,3.597679471658142,-1.6121831901074637
-0.9949104874027064,-0.09992275732364618,-0.15952658419361537,0.0,1.6305885870007175,4.658553531231343,0.40431292129491,1.56666134960585,1.820224676068706,5.004272774212598,6.13839844533445,-2.487144847748669,5.053135123400289,6.898125408630688,0.7840912845754204,-0.16048362139953556,0.645808093839781,5.577707518962037,1.3466192134608188,3.2900693771462866,3.81419432706936,10.529097584601532,2.409302942472481,1.0156256931098993,1.1367507757960205,12.325505364107093,1.6311458251433817,-5.228024294215261,-6.569949556298526,0.3825849531804045,-1.28016250248304,-10.69869164467246,-0.7707448164936597,0.5974836336432227,3.164664333720814,3.163174443288264,0.1825289558751041,-3.6994863518951298,1.3233154574907833,3.970940478303464,0.1681422727269558,-0.8517012634220313,-2.54580312911391,0.15596953959287824,-2.4596555334259516,-1.3653393192115795,1.0384635667500244,0.8519912633287677,1.8487025514226665,4.151871784505646,0.3404316737007903,5.458462841140801,-0.7021475732527387,-0.3453790967476027,2.9383381518064176,-2.9816677878651996,1.4613003293872884,7.54894918134899,4.194768321099689,2.7999976307075114,12.350496905083496,2.601960039606664,-2.1012918342638214,3.9260714149780225,5.524019942914307,3.5733842201136206,7.153303779736544,3.384173411651627,-5.625758800130735,0.41778847152807463,4.223009580008715,2.6615084165273006,9.29286763063104,0.7346105254192041,-2.7594395972524723,7.077422059421448,-6.260657405735939,-4.034016305652913,-1.03499966761936,-8.706786050483256,-2.719399509984284,2.7663138647356647,3.809113521580056,-2.6022205275335435,-3.5471029993842444,-5.131239300278811,2.433461697897122,2.5658613680409266,-4.079928046158055,-2.501176023062795,0.38425006719360955,-3.054449686617791,5.670440421037896,0.5795189367524585,-7.7278160992615215,-0.6559237539135355,-5.839721215067748,2.2941076516618883,5.118310553237006,2.0271027539223105
-4.100671759143937,1.9613319308609205,0.5497785750068606,1.6305885870007175,0.0,0.5570918351517007,-3.0407069271851923,-2.5602389506776304,-3.0518406606361275,-1.8827302475959349,9.657160237988741,0.38977210478753416,-4.0895270186436,6.383149571631806,-3.467515254449624,-3.454881149161497,1.4908703925837623,3.2432716475156105,0.19826189250861656,1.1716863395097004,-0.13795249297989715,3.1349288214720694,1.9983826122203916,1.777416000486944,0.7953861172780173,1.40663653733541,-0.8698892143836661,-10.072113346874056,-7.909261467372027,-0.7046559204389087,-2.500274559334899,-7.868060748526018,-7.906255329026643,-0.3889919803023826,-4.7132745931453774,-0.9700041546870627,-4.696336783708532,-7.514637007560212,0.7686008078490536,-1.9584764824209968,-3.3655687325143555,-3.2265120959200706,-2.1635433641953514,-5.28083270364487,-4.986114506134271,-0.1056936599928836,0.41110948906251743,-4.265879028303581,2.9909031541052604,2.464859403927372,2.098549533924285,3.120339835837355,-0.20542590532143903,-1.9173676486339184,3.280544820791357,-1.4912100234119123,-3.2514087412985178,-1.6365943711236883,2.036668192909909,5.49926777737093,8.749523517860272,2.86452728204059,-2.8003657191540245,3.4215083842396345,2.598604257878943,-1.1030545388971602,-0.45357560803073854,4.339020223172481,-9.806237447125588,0.4884773522357714,2.258774788866991,-4.529920247774444,4.945672186374284,-4.346093038785025,2.0167656936082974,9.138011195546083,-3.4950179908496715,-4.648593396643079,2.057955479112118,-9.590900060416836,-2.5956735987914112,-0.5537734603930629,-0.8177760649704594,-8.57672525525822,-4.690343837216336,-7.554136392514442,-1.0845050247342012,-6.406483416352507,-2.363490815431225,-2.3141619526859394,-1.689074591845677,-5.8589204609921675,4.090107144447093,2.39328421954312,-8.024670362508688,-4.711357441708584,-2.348325491540104,-3.850902866162373,5.438403482514674,-0.6390999943512279
-3.930178669999045,2.5559400823281577,-0.19177291494613047,4.658553531231343,0.5570918351517007,0.0,0.7640899055551104,-1.110132423196281,0.6332483375441793,-4.519995714694776,5.261490576006652,-2.2672319661638305,-7.505193182923944,2.212154361131493,5.297397643599408,-2.0926220423952686,0.12853432362218986,-2.8053952250265,4.616564367085338,1.6882911016672084,1.4057123379425769,-5.7352700036545405,-0.9380032063155473,-4.752672623998337,1.9915623513512417,-2.48639311831428,-4.29297123379055,-5.7389640527911245,-5.277817581251046,2.863939282192492,-0.3241383610986258,0.09334080632503337,-1.0569224773359391,1.802479101530298,-7.329014872226804,-1.688684196615767,1.5349433846702027,-2.880130975140188,0.5392959942926304,-4.0783536471716335,3.515614383055111,-5.26282472311497,-3.4645900122686015,-3.095158254347667,-0.026269025740018055,-0.4573734970256297,1.6247441161341951,-0.4447067939880571,0.31505520993658487,0.6270467966618776,3.902241843089131,3.681581117811543,-1.0696619443201023,-1.7668604742719662,1.2283412101080122,3.5809610550849102,-3.9984691256511384,-0.43329729266790623,-5.276681882635818,-1.6912229581890355,1.229146109560687,-2.364791204352563,-1.8229206337909225,-5.215208350777017,2.079701829245289,4.74815646810271,4.588917976772377,-0.385949726704224,-1.6778966805988489,-4.802134841055367,1.183890390193002,-6.351459381988102,4.545733891873691,7.459594340666815,0.3756167708668749,2.2811162832459484,-8.420847157921642,-6.600459581066903,-1.5782745517853238,-3.6164763341531714,-0.07937318535211886,-3.033173645063856,1.6029988215088735,1.4282467702975763,-7.831496300736525,-5.817337263392793,6.319524846958573,-1.5247864253834735,-1.7534468265853582,-2.932088136105836,-3.7636232751824874,4.4204769431362845,3.8222248805145167,-4.315442758519538,-4.168487288793926,-2.35323641609116,-2.297893787785476,-1.088154667430547,-1.7869581094826714,0.38679890040886894
2.894163771716464,-2.6839836759605062,1.5171884399695859,0.40431292129491,-3.0407069271851923,0.7640899055551104,0.0,-3.295640089378401,-2.483219199742449,-1.18678703734695,-4.332086557022361,-5.769216117548826,-4.765219958083176,3.2762453114022847,2.600484766855832,-2.641340798253314,-4.764222263868061,-4.611979156496999,-1.6055054998414249,-3.6019895617993223,-0.40809390512673016,0.12136499311569265,0.522093821207671,-11.429630427667364,-0.1841046344747002,0.5460512491814249,0.5556454357373384,-5.218807460869513,-2.9441747624680925,2.100940071458253,-1.6928149882667196,-4.448186650774513,1.2069347417840035,-2.0581073072837364,-2.7857888022278483,1.0654332125826242,-10.23337419440794,-3.1544426761769326,-0.01359007197830999,-1.8268590341694528,7.0591019006999485,-4.978318989052096,-8.991251888739212,-7.236423181387501,-1.6054346145927556,2.375195742240096,-0.3301588391478282,-5.496945599746057,-2.604618941553582,-0.47477971493031845,-1.2395652403981623,4.5921096825980925,-4.960461296789079,-1.2205128217671484,-1.844124909104336,-5.417706888916864,-3.1602867837174284,-2.6420522950811822,-5.1472663287167935,-6.473208765145146,0.768570834456678,-2.2054318556751173,-0.9071504366758129,-0.878852742709877,0.8788895651377863,0.09941196615981943,6.4111466813981055,-6.31914252951189,-3.6312823205656257,-9.142329835203991,2.7643798767105143,3.6748449542469617,4.080502005651844,2.8744630344108777,-7.98123008518871,-5.572681278094791,-8.545856506566528,-1.0686714912818531,-1.913079799416065,-8.362405242457555,-9.160560899875202,-6.4903734503277,-8.84847407436678,-6.155604123538061,-1.7549830687106651,-6.04928492211748,-5.147840370302314,-0.7196786691267179,-2.631672832251628,-0.2976115966625652,0.1337298183749227,0.838443124296253,-1.5913295274326866,-3.246063050626168,-7.281098658894593,-0.6589426899298478,-0.6902845166633865,0.9716198200661588,-1.7902517663981354,-4.286003139764095
0.1083331113579858,1.7205587580076755,0.5950844901831844,1.56666134960585,-2.5602389506776304,-1.110132423196281,-3.295640089378401,0.0,-4.142096689610989,-7.980695513737594,1.4720955635815167,-8.293070851738783,-3.337933757055147,8.022041808884241,6.05034645585887,0.06117218050184062,-0.6365192669962733,1.3647691978343512,0.6694280871355882,-1.4370895205756167,2.14461546375686,-2.432363995108318,2.191422617292753,-11.470027466129176,-0.874251011725165,-1.1522272944390115,-2.955105753590741,-0.5265971957474759,-5.833680318108117,0.753757761886706,-1.1011618632384834,-5.72335248799149,-7.028654577240347,-8.83035095862814,-7.300014116686482,-3.3585450424597623,-4.854108608727683,0.03916973655005258,-4.036736082477834,-3.3441900160946365,-0.18394051436361353,-4.137143340810727,-11.920383893262361,-9.443499218335992,0.9307806688148264,-7.760658089284851,-4.36649678250274,-4.0060512584034225,3.952663235210765,-2.704063423561817,3.151287758031388,6.809882598354296,-0.4062552450096316,-5.438463748647194,0.22542919364847683,-6.125766238438262,-1.7885089209743923,2.291050943032642,-4.070843390301186,-2.476949779898217,0.31557624532325207,-3.571509847355423,-0.3098381320189503,1.7111460391190627,2.107609965412845,3.933095459343908,0.5051620765104531,0.017893610697678634,-2.63560877841196,-4.216112790129133,2.7542992488872535,3.2360183076756184,0.8403368026587987,-1.1700435074037763,-3.2777683093821226,-1.6775560036966675,-3.6356258327541706,-2.47594740219529,-0.6797021600240926,-6.722506390250689,-0.06334459400708214,-5.50775344581692,-0.97355542049753,-2.1219898923670266,-8.513309396579638,-1.7198769697837244,-1.9232221366135007,-0.3180400575866372,-4.808145264995908,-6.586377363046424,-9.073795603570536,-1.6985323062792677,-3.1159121154876224,-3.8149842887049994,-3.181550051055265,-6.168715629494824,-4.360679291863665,3.0208348012162056,-1.3312910742678523,-1.9037597576463996
8.466710504313516,-2.5785009408709034,-5.190181095553606,1.820224676068706,-3.0518406606361275,0.6332483375441793,-2.483219199742449,-4.142096689610989,0.0,-1.5642431439353928,-3.2531754712391505,-7.998078299678074,-0.7643731196510188,12.9900005232634,7.225699703652919,-2.6465041702255827,-2.1005105180577295,-4.113519347437808,3.087368404819767,-0.7460809648181567,3.2772441093760545,-1.9547407918236164,4.940928507201333,-12.816910890941216,2.2578495198594144,-2.9428194460414208,-6.457853318137658,-0.38296429707499213,-1.6107061940401957,0.6319943471890456,-2.4627994764913455,-3.8309006587176406,0.18004681309305337,-3.347051545281329,-4.271617563749925,-0.7147234026291798,4.534823056274504,-0.6536076287686785,0.3553813235546506,-1.162188170614046,7.938799188238375,-6.1683309616207564,-1.6733152697062808,-3.641746455844809,-1.0988537610071984,-1.6089170131161714,1.2588815906134792,-4.023330504549808,-3.700484427266365,-0.9014659155397794,-4.241664035891085,9.02599803740696,-0.3796737012748565,0.55143954873608,1.3337384741599139,-0.529654351929796,-4.0042238111791,0.212032857512166,-0.3616438392030656,-3.143392889320719,-2.888412998100484,0.5823277615802079,-2.332097944099686,1.9078363559932057,8.153986095310971,8.637811238768132,2.6353672926215923,-2.4625000631378158,4.114962087230403,-5.575872046952163,2.9011162903059926,1.9248899369643768,1.3200866094470243,2.1605015788816746,-7.12224430843976,-4.633753889880213,-9.146375118890083,-4.869081294342445,1.1079556087302862,-7.272554319129479,2.224067259174399,1.4996086261677548,-5.187245156964496,3.8837904208716174,-0.7040285834625373,3.515669124505844,4.629385333064642,2.885375830315775,-4.544240652195558,-0.40257549397452747,-1.796182562335714,2.6626222862374047,-0.4683637714421154,-3.153287378984001,2.5404773476987255,-2.515370127808523,-1.8548000152619553,1.6212407720739888,-5.8470531776025565,-7.139046072114184
-0.45925370571587326,2.7113207428714814,-0.30784875478329515,5.004272774212598,-1.8827302475959349,-4.519995714694776,-1.18678703734695,-7.980695513737594,-1.5642431439353928,0.0,8.39616870316964,1.8102554369801345,1.5676076470873517,8.321162090214644,5.627824858780899,-7.704048890327349,3.318653082265591,-0.7982153343986461,4.743669439026813,6.6188939926359565,-2.9997904504714903,6.744316164542871,6.361394135729448,6.265972545608949,1.6217902024479025,1.9179334594928168,3.5313608989107648,-7.609127466450326,-4.216617974318398,8.989506737271334,-0.16711489360133353,-6.439957022767418,-7.500136029704786,-5.610016583496028,-0.7327164523116446,1.96234726177767,-3.7532460899698785,-4.85530362644171,-0.3800379816392981,2.1871247691735047,-0.47726472125935065,-5.324835615011485,-4.680406853734579,-4.065662226211671,-1.3196164315140824,5.4084286669701935,-1.3698608084481252,-6.972500858277807,-1.5469752661907867,-1.633256238485612,4.2072915820526084,3.5223607866513724,-10.691619096463988,-10.28337677733118,4.209704613724488,-2.496288117916694,4.199327486627042,0.6395965639144817,0.14207955809786435,2.277655103158777,4.704450498213535,-3.4491295232737462,7.297803446808778,3.586800720246164,2.8578362212650528,3.835529823771665,3.3258771680220423,3.55468981112284,0.2493708077287685,-1.6242211544644776,1.0039537909646683,-5.402275522241339,4.000123640879813,3.7843866177265935,5.95414812819039,6.976101314247542,3.2724067034331767,-2.640040005006208,2.3721815400443726,-4.835575209173135,5.91603797572076,0.3265878138903395,4.674499377676325,-4.740320490403998,1.789052559992924,1.2413734895790995,-2.04402643939683,-0.14918261130082294,-1.2992859676306383,2.8327739749297796,-4.185083969946476,2.0088145106129223,2.2164155964307763,-4.6469784976312525,-5.672697539329234,-4.95570579720569,-0.5946849883352446,0.109427276375819,7.218791425550829,2.8411119241236054
-0.12770122161893963,7.887271188368318,-1.9942979363940267,6.13839844533445,9.657160237988741,5.261490576006652,-4.332086557022361,1.4720955635815167,-3.2531754712391505,8.39616870316964,0.0,-1.1933778505818424,-1.4398535126505432,4.763461432991759,-1.4034863439735459,-4.935715147148491,-0.46071689952297057,3.3747636347279704,-2.487015530148573,-2.729188319374478,3.017040936095813,-5.5007936726316125,4.034672383344145,-7.087310522594431,-0.8336921748559237,5.722364798070988,-4.125993939972175,-6.401274607847696,-5.5832793985818885,-1.9170850858072113,-8.028941099112958,-8.299325043771887,-8.980251032513033,1.2428301650226703,-2.3286435444306393,0.8392018055066223,-3.7607788664536574,-8.141051801216985,4.172851845053767,-2.1872666430096506,-3.636820080339059,-11.037152424467372,-2.2536916087605494,-3.874985165737052,-6.61469902842984,0.6769567904381293,6.534601015590307,0.6756691533917796,-0.9813606061125784,1.628237854980068,-4.402455034725488,0.6373231548277173,-1.3553907114681871,-11.914135687935069,-4.8397517657425455,-5.589620763252593,-3.1080603798932622,-1.0775949689925632,-3.170878237483519,-2.3167309013527984,4.813013822608105,-1.5367582821077992,-3.7676073813757136,-2.9448698360893664,-3.680068030307991,1.2607735714206867,-1.9259053226927911,-4.94499524346619,-5.138439747475371,0.8676583766982136,-2.000856100501056,-10.235944388921016,-5.696886002257167,-0.7105323301460009,2.964552374796231,1.4833358625251925,-8.689982935084288,-11.655393139333794,-3.1024301942617756,-2.150026157188432,-5.323854239462718,-5.823658463704889,-1.0744088435576216,-2.3343131124010266,-6.910547841403155,-4.401689347320048,-2.428215410902298,-5.9112505330764415,-1.891932724793297,-1.8217849855672847,-1.2150111669138595,1.6883337902982665,-0.05227699684333195,-5.47840294771057,-11.354473264322207,-5.3842414743806835,-7.6602802264747565,1.1780666269818671,-0.4678254173066881,3.3679871832096913
0.600524687673083,2.6959145505839706,-5.924781825430476,-2.487144847748669,0.38977210478753416,-2.2672319661638305,-5.769216117548826,-8.293070851738783,-7.998078299678074,1.8102554369801345,-1.1933778505818424,0.0,0.4384196137846607,5.228598783061761,1.6724151095063509,-0.46299651645547296,3.9842984653576106,6.156214504202529,4.73404064607371,6.1014764138230015,6.388839356715049,3.14558356476314,6.959879513421816,-3.4935906749956893,0.243809248183902,6.583204477234572,-1.6816850938220436,-0.5833524680092661,0.2202982910700602,0.11954645626884852,-7.778887465233289,-6.096679561712915,-2.4474561508422266,5.024184615992088,-1.7278255575343715,6.61781379452065,-3.568964834200038,-0.8876546779298868,2.2811671628279,-5.3400849755498925,-1.8866326676688172,-7.988975416076562,-3.6860341921214466,0.8087164160439398,-0.6664382684290313,-1.2828185793802336,4.248213078877626,8.77098590007045,11.000752780480452,4.140745536866708,-4.332772715773972,5.6258297482549375,-2.061246600744825,-3.2343028455925986,0.7747661358894842,-1.7932146066861008,3.4088384269308385,5.76574166710738,0.9935808615242445,0.6257750278035564,2.6642505448762264,-5.141304108815456,-3.975756433437146,2.7926587007167165,1.1884706131610023,3.1145441782694343,5.667863442012793,1.9297691669269132,0.09212892408079972,4.8618768283198746,3.10276577714776,-4.152133751089036,-1.258695076963728,1.6304121962188682,5.024052798136948,1.0794645203390583,4.0757586920065085,-8.89159743040059,-1.1589756256293127,-3.556327123387751,-2.3956560093627415,3.6464327255501754,5.676093941593448,4.435331077246667,-4.3672637485171455,-0.17081129695921898,4.096315683187143,-2.2531131624876672,6.507168164109532,-1.0035307206886304,-2.3335814636405794,-0.3827217467791368,2.2769032265718696,-3.8348643649430554,-6.8866144915987695,-0.05349561574081947,-3.5831491749099262,10.788442564633137,7.5143090362650415,5.81598586534099
-2.29466225603671,-2.195672267880944,-6.893536802375371,5.053135123400289,-4.0895270186436,-7.505193182923944,-4.765219958083176,-3.337933757055147,-0.7643731196510188,1.5676076470873517,-1.4398535126505432,0.4384196137846607,0.0,3.64509594784308,2.7319729259389214,-4.708697618341728,-0.7939356921554525,1.1621753541436493,0.17742448806461247,-1.9255827906585496,-4.8873103476001045,2.139372055613605,-0.14013835449362455,4.982694382878317,-1.820259917020868,7.558086114685009,9.795029317141251,-8.163619205927214,-6.927358601230289,6.751446424376406,-12.420107020290024,-8.948666708707334,-7.009009022012009,10.176777250314895,2.933869516164516,-0.03459407982631099,-6.845785294048209,-11.956108830211695,2.005482427363936,-0.5038092515097699,-1.073521040245664,-2.815323018063176,-3.8987343043170655,-8.414578931850585,-1.92903168226836,-2.793971337885534,3.343517578601369,-3.2923543599603784,-3.0332393465940264,-4.988927715279192,-5.063074282285507,6.843712588543418,-7.991081239849843,-4.093392163193292,6.571271413922028,3.754665135126351,-0.9830029701119956,-4.166352396341191,-3.534222681106209,-2.0712835938759167,4.006494230400215,-0.16708068576972998,-0.5920301407667004,1.7442589973967293,1.2669806736126772,4.455130254842343,0.08325517766773198,-2.444349844595715,-2.4241411635847143,-1.3663091628299115,-0.14506690315220525,-8.795012469571065,0.4478619005756382,1.6308812058523439,1.0470213257278844,0.740764858648655,-4.679391711595509,-4.598259810334358,-8.659241493382073,-9.911476519256992,-4.953887025302105,-4.02326483401144,0.6922274150598278,-11.293351711385357,-4.727038241666488,-9.001505885571225,-3.552107117600095,-4.666633135363205,-1.2139808240308287,-3.3020559543741856,3.5395416378360225,0.6070534862325326,7.289261413680536,0.31342376313362563,-10.89557548200285,-10.043049340855978,-8.648535490784147,-5.394086198672026,2.082210764310013,-5.711446670866748
2.3547800264184704,7.12965135217704,2.907771437820775,6.898125408630688,6.383149571631806,2.212154361131493,3.2762453114022847,8.022041808884241,12.9900005232634,8.321162090214644,4.763461432991759,5.228598783061761,3.64509594784308,0.0,-5.635925539981152,-7.959946322625138,-3.2671279492310705,-5.455440595484691,-0.6985139277661769,-6.052902607943004,-3.028824194717328,-8.632429372441301,-0.8560925319634906,-5.170870007952084,-5.891653872778261,-1.3096862701421876,-9.5205643357766,-10.978082022565326,-11.1436300363396,-4.641969278495397,-6.695826149928261,-17.13139125149861,-11.197794361219616,-0.7575165506373621,-9.153683017708467,-10.341937993893103,-12.706080387475966,-16.75560509285405,0.6581129866451845,-6.542286364668173,-4.766464958952826,-4.195634399136631,-5.822722631726412,-7.223678618214347,-3.904638082010024,-6.8710227058120825,-2.766723805611897,-6.459064829637862,2.1521068143271527,-5.553147305020048,-8.390567929598383,-1.8429587028776448,-7.026557359580427,-8.973072547242918,1.903433302361348,-7.843980640548792,-7.778320797054472,-13.334693326130564,-12.382643767401026,-9.703676952999537,1.389601511783694,7.662879289745239,-2.3414039165733014,-3.902222490569725,3.3813183194548078,-2.4786006508599905,-1.7790195700090123,-2.3941207574666734,-6.254139505882217,-9.339871273863638,-4.214267263819039,-12.4704324048227,-7.156576795353133,-3.0652097267179443,-6.132874111237248,-2.5536011618478773,-12.022020057595272,-3.8912282573844776,-9.462382146716042,-14.693307964389707,-11.378062986880527,-14.73117909992992,-3.6375119652655945,-12.391422292983272,-13.364302950497391,-13.400162066804336,-9.038383087618994,-8.509978492636504,-9.87452507117651,-6.604050522124436,-4.354308328190344,-9.261361924929677,-0.4469569796259603,-8.279257923420131,-8.616650880831676,-8.243922735312397,-8.805942413545841,-8.245971393448372,-0.5467052589454126,-6.989672272038739
-1.6357530323076788,-1.7108630094977788,4.657186100895611,0.7840912845754204,-3.467515254449624,5.297397643599408,2.600484766855832,6.05034645585887,7.225699703652919,5.627824858780899,-1.4034863439735459,1.6724151095063509,2.7319729259389214,-5.635925539981152,0.0,-8.246496229131875,1.2283138264990472,3.2161675874292994,2.6615233505034768,-1.5875788198068514,0.3998478958574389,-5.481224663149718,0.3701301538537191,-1.21393904196008,-6.057148896418694,-8.673369368190878,4.043905422584352,-1.98315475859411,-7.406211051982174,0.08932275882488899,1.1618508782096284,-4.415228615225152,-6.950370217044039,-11.044453230398751,-7.86237415298711,-10.40254149062996,-10.385051871411802,-9.727265660756606,1.3028662133423603,2.5936320127469554,2.279917522015823,1.9942153277927908,-9.772708336539779,-4.351284754833559,0.08001664695621417,-1.1598870415386195,-3.1913166112364713,-0.4590009559692144,0.9476385905213888,-2.2780246218114297,6.6993946797764075,1.1101340870944896,3.794870048245592,-5.952433503916729,1.5425712881551363,-9.004610619485167,-3.8327011046978505,-10.946085213023068,-0.8740967127463248,-2.4038337863075347,2.7572215756957745,0.01690862836784529,0.00687587460975719,1.8413002951077388,3.8975621810404064,1.2533788642847499,-1.6313651556906774,2.694645228351296,-5.541718919619419,-3.0864412732979805,-1.4847102178494371,1.224555814486147,-0.26913072082329226,0.20766312744756185,-0.5748231036967214,-5.526323643879336,-5.558393552867588,-7.007745453227788,-2.4386613612202392,-4.724024278428007,0.36999983379852186,-4.212504627657059,-3.993535669860528,-7.30616027297203,-0.7441183734436185,1.4095578892792011,-11.522382854934683,-4.760720258171848,-5.830918215639641,2.222481399718298,-5.284473237001093,-2.7112502729634604,1.5883964997873348,-4.367110711129292,-8.547433577665242,-2.4638542268778068,-1.5294417653719623,1.5998166661092594,-3.6628947261740334,-2.574352306768044
2.1524732472615447,-1.2480631665957285,-1.3168018249559277,-0.16048362139953556,-3.454881149161497,-2.0926220423952686,-2.641340798253314,0.06117218050184062,-2.6465041702255827,-7.704048890327349,-4.935715147148491,-0.46299651645547296,-4.708697618341728,-7.959946322625138,-8.246496229131875,0.0,0.5984820166876033,-1.075290512273668,5.770896624209873,1.1163240611666871,4.751678764846293,3.8821971999887994,-1.5537128042025683,0.9414039933614734,7.300984926008616,4.929302931344786,-0.4343346613914565,-2.884812328359416,3.5874225734634515,-1.5230165549961991,1.8611994654110264,-4.23489028847,1.0295550136901814,-1.6134236480177413,-3.8650832408545694,2.040603614772066,-1.902867823288246,0.08253876038954899,8.037791649454183,6.560841017035907,-1.6272052584438854,4.554247452046656,-1.5622537699714925,0.5621493808938334,-2.525773555340539,-0.43920399609335686,3.31754141798184,-1.3547395758427423,-0.2444772177068091,-2.100493686803174,0.9685330184559614,3.5506959759758767,-1.6568684855878426,4.7786686152286,-0.6066971100595833,-1.098142493441654,-6.226550990186843,5.045970965666275,6.453451331531064,4.445645320121841,7.6840396794410735,4.09387163399952,2.594154536388736,5.551970199809105,8.817099961132316,9.857994027922256,0.6112635838721628,2.8015147452085225,-4.191785259353456,-4.2998240214177645,5.520381936748729,0.18505247667770897,12.106455872733363,9.040074663748563,0.4367426617274082,8.330399911906975,1.8492730422968768,-0.74043604228514,1.5056352498789216,-3.2519085597058184,1.8447864915084893,-1.7888636923366648,1.2537658518187986,3.054293842602063,1.1048009439470488,-5.217079624030224,1.6074189096722151,6.884126564995764,-6.884160236167888,0.024046016403471343,-0.8698683997671344,4.584203852533534,14.023817044169192,1.6786076392534668,-6.812971046940441,1.256534744857443,-3.924147555247641,2.3761103025614294,4.768259545276966,-3.1181537570792606
-2.087872847997128,-0.8613565346910224,0.02689040153601105,0.645808093839781,1.4908703925837623,0.12853432362218986,-4.764222263868061,-0.6365192669962733,-2.1005105180577295,3.318653082265591,-0.46071689952297057,3.9842984653576106,-0.7939356921554525,-3.2671279492310705,1.2283138264990472,0.5984820166876033,0.0,0.4311549858101545,0.113007838279364,2.018044056515804,-1.6873381648904549,0.6726016380955849,-8.459867794571474,1.8194049003179689,-2.861154124290873,-0.12792323601516503,0.5049888987057456,-4.563679412892257,-4.751539838677036,5.87654034650181,-2.880936711802316,-5.106996201052077,-5.326596502196355,-1.5324417631958775,-2.2359200928894447,3.62628491221118,-4.785147317538713,-10.29219144876426,2.290247926099136,0.8822312993668795,-0.9785808255278685,-1.5951869895335535,0.10009743328083633,-8.001224319132719,-0.8402195309188956,-3.3438583609943406,-0.9109871242608275,-1.823745580638248,2.543482791971364,-0.7125763203885713,0.22457288951994672,4.889797316698797,1.3368450162538543,-5.579623513737912,0.3541385361249599,0.939928925881016,-2.9531369968207444,-1.593527107185816,-5.20092960815935,-2.0709708353088425,1.8233862239883745,0.33473657200387985,0.5203395499029537,0.990236544933432,1.8199019975044124,-0.3779954235008111,0.9922240983113764,-1.5015914998711404,0.4470745103029614,-5.763337572809292,-2.6307578713545325,-3.9577743130492418,0.5183786971390798,-0.9637461467527666,1.8629253476536087,7.403381617092051,-3.3956811280595134,-5.244256861037531,-2.0192434673488258,-7.451708042828734,-2.041994254514992,-1.9176145186616396,6.511000199163932,-8.70401769035676,-5.392187504753829,-7.724551774957533,-3.966892956097857,-8.150226868058079,-0.5127690285181541,-2.3536270473520178,-2.7293129598911463,-1.5638953644225646,-0.04684180642555219,5.36292470083644,-8.458891405456416,-14.367985710886662,-4.849053352720888,1.8693284039003368,-0.24429432649887783,-2.495737414544108
8.602785876376345,1.099353372942608,-0.7833324707036161,5.577707518962037,3.2432716475156105,-2.8053952250265,-4.611979156496999,1.3647691978343512,-4.113519347437808,-0.7982153343986461,3.3747636347279704,6.156214504202529,1.1621753541436493,-5.455440595484691,3.2161675874292994,-1.075290512273668,0.4311549858101545,0.0,-0.48350635468995173,1.7398494062104883,-1.5754365757456616,-2.3746184811001494,1.6815242236858703,-11.65541731406871,3.1514534508208416,5.4141664040790545,-1.982932569264972,-4.856195924606032,-1.3224032460540556,-1.1514303692590815,5.271231913135219,-7.09138775072732,-0.4738673532950016,-6.159397101933223,-0.051298959222581965,5.004414223985337,3.2193888597513087,-3.0732232393095855,0.8147604613237784,-0.9061479886571496,1.3167521231692916,-6.552962584678993,-11.61539993010436,-5.599228005896347,-1.7894418586176843,-8.405406939264559,5.65065996949054,-3.0688792869523422,-0.5363238941327423,4.884875572910117,-9.884469871843518,0.5681648658691297,-2.4304111397790735,-1.8494833724122473,1.5184256533263605,-4.856430761275828,-4.437897677510461,3.3709359883474965,-6.681786097938345,-4.2513658849740406,-0.6348834984873104,3.401399653187063,-0.477374159578024,3.403443784408791,1.0025621423024296,0.23800104818711476,-0.06790513136632645,-0.9126862613697331,-11.589311397436475,-0.6657713088913856,-2.4863472300747773,-5.928954499385938,-5.687321254600029,-3.677873332184308,0.6555423124295382,-2.3172295245817267,-4.686467966158346,-5.779531720525359,0.1635145272742238,-8.063493385508796,-7.383954166467088,-2.6350025598828135,2.0069864933166346,-3.9830926321180673,-5.684645185798481,-8.970860632204614,1.6805875874160376,2.418987066963215,-1.2188586012303648,-3.4897373446844293,-4.955693614565414,-0.03235047768663756,0.17671583252252207,-1.22589854622984,-9.128044986258269,-0.07574489093094627,-10.003140393036611,0.2547704399112193,2.86722764888693,0.21824604730150776
0.7610001634491192,1.3971252973871864,5.417740070232467,1.3466192134608188,0.19826189250861656,4.616564367085338,-1.6055054998414249,0.6694280871355882,3.087368404819767,4.743669439026813,-2.487015530148573,4.73404064607371,0.17742448806461247,-0.6985139277661769,2.6615233505034768,5.770896624209873,0.113007838279364,-0.48350635468995173,0.0,-2.9006520742051114,-3.3209239592653974,0.9414825181254431,-2.0649546981266247,-1.930654290984468,-4.072635060587902,1.096561931031339,-5.718025237511283,-9.301838680918529,-8.687067728817441,2.6050930774820418,-6.4511293527658,-10.68509033609539,-8.25233234583335,-3.933129430676337,-2.268002114313683,-2.709369354177255,-9.368113069221993,-11.337834907731963,0.1921508847951987,0.4122362063596668,-1.7385402805038264,-4.703182512269443,-1.0265737947624691,-9.111050186558534,-10.05905845869828,-5.914322876604133,-0.6864709764528936,-6.91115227636449,1.689636778566614,-2.8561733580375455,-3.339236743957069,2.5415532556354576,-2.756852028195172,-2.871606432592644,1.2923737093135952,-3.288351875970572,-2.7702949414763447,-8.331889625239953,-4.173777449118043,-3.3372306349019487,0.9293912370044924,2.219853800331131,-3.580761687638428,0.8168883989169277,-2.089020452585827,-1.470384961747996,-3.0672276178757025,-1.8965524171074215,-2.284953982864921,-8.653303299135938,-1.7097060479693067,-5.395865846450339,-2.005743613875601,-1.1835939385229373,1.3379844582092195,5.940924760274864,-8.124576961870664,-4.9526221763477505,-2.2017200405616575,-10.106876252150421,-7.025236037412957,-5.567483556768027,-0.6421420801223896,-6.005703834549296,-7.119154991151613,-6.677163690080828,-10.818138652308408,-6.474551854299779,-6.341334127928658,-7.3253288876353135,-6.27294736445487,-2.0755395780317927,-1.3335621606828467,0.037116831302741696,-7.900247183918499,-13.648881034854236,-5.465861665490602,-4.215386330643799,-1.096627402136212,-6.585205967165911
2.860451771302768,2.011186082916838,-3.01996643118128,3.2900693771462866,1.1716863395097004,1.6882911016672084,-3.6019895617993223,-1.4370895205756167,-0.7460809648181567,6.6188939926359565,-2.729188319374478,6.1014764138230015,-1.9255827906585496,-6.052902607943004,-1.5875788198068514,1.1163240611666871,2.018044056515804,1.7398494062104883,-2.9006520742051114,0.0,1.9142530840228065,-5.346317917071828,-0.8742068524374755,-8.92974350734533,1.4955838573268219,-3.6454980405727935,-3.741689388889504,0.9654499264589683,-1.4955891246767987,-1.3698416365654735,6.336959802302268,-1.2046420525032395,-2.425924988491583,-8.525076264225948,-5.613568485066831,3.212583806023653,2.643344372799404,-2.007172057893028,1.340229306835662,-2.4904620142467686,4.003570564922364,-6.0813960807015475,-14.51532169914934,-1.6424258265311449,1.5206022767459264,-6.751091820703314,-6.76626036178928,0.9416160532024945,2.798227896961549,2.3939659966393894,-3.5546379053336605,0.19996756119779,0.0065507488146034215,0.9796948660658317,0.8802447518815107,1.5549991790589257,6.088075425953866,3.714771171695379,-1.9782793472097977,-2.1465554997947613,-1.8338265180213753,1.5891021635167892,-3.4777214658926736,7.622924558406343,1.6142666374172785,3.2605509678771045,2.8684172219079764,-0.3177367394064598,-3.8076428915629768,-0.6495459117366462,-2.951584242953873,-4.144616294310796,-1.5993734910065311,-2.1965523633736304,4.1297922545662065,2.071009955272252,-3.14614272159294,-6.1009592342816745,5.800791562087667,-2.172961097887712,-2.571278109126144,0.9010491181992816,1.346478346713489,-1.5736610386595296,-4.045802157534153,-2.594632162157609,2.629061641424344,-4.400435769803677,2.564817410604612,1.0777418596067032,-5.776556992144882,0.035669335200440515,0.5389761515167921,-1.064717344136944,-1.1051461922380479,-5.049320573105428,-3.51891867973741,1.2309814930223175,1.035252166838516,3.7596471299217504
