0.000000000000000000e+00,7.382987031984235671e+00,9.156095938338747464e-01,-4.934665458088632883e-01,6.461840882278361953e+00,-2.016933714920978171e-01,-5.752981261637208021e+00,4.879557983303820734e+00,-1.370351912385039839e+00,-2.039753710700910716e+00,-1.105717526098914050e+01,-4.136456963059998770e+00,-6.477394254048221889e+00,-1.525567252202722601e+00,-2.847596853013095508e+00,-4.944078705869620727e+00,-2.610993219260949516e+00,-4.643603575374849468e-01,-7.142170557633349404e-01,-5.171104779102838833e+00,1.269976665209917144e+00,-7.490440554481561541e+00,3.171727870472421440e+00,2.507206683927683866e+00,-4.805700038340403601e+00,-9.996741961819193278e+00,-8.630849574879212227e+00,-1.364227675196253653e+00,7.761698362096243198e-01,-4.276005857467965576e+00,-1.254365043849560379e+00,5.076777319073073891e-02,-1.171898782268748107e+00,-4.671230058691509868e+00,1.938565396175247368e+00,-4.608528871175482600e+00,6.112996880073191974e+00,-1.724574198245436785e+00,-3.412758455106152500e+00,3.268697545721201081e+00,3.760876184883477080e+00,4.450299717842191249e+00,4.861163025152916539e+00,6.448082418364206703e+00,-9.572087059865831193e+00,-5.379976656231674426e+00,-3.194246358510111961e+00,-3.181397518990317641e-01,6.211765448141438606e-01,-8.355556799585027727e-01,-1.039154091740669639e+00,1.931537187878636264e+00,4.756577045776837487e+00,7.493229503126687341e+00,5.099111103051829019e+00,-9.299446441998687973e+00,2.931015559132683634e+00,1.702427156528906416e+00,-1.187737161712863809e+01,-6.887127992753577566e+00,-1.070893160143731393e+01,-6.708763633646876556e+00,-4.205448854790958535e+00,1.053127667227640174e+00,-4.766870845342043417e+00,3.180719465763440779e-01,6.373089737567370072e+00,4.229288372149413444e-01,2.363716741356102435e+00,-2.235775793427768665e+00,-1.362385220412022147e+00,-1.713623655061868867e-01,-1.916560731264337347e+00,-2.022020965424148109e+00,-4.480436260932698644e+00,-6.640508787221783393e+00,-5.908566814355689090e+00,6.181112581728130662e-02,-9.880968826374070701e+00,-1.795909051266953327e+00,-8.326053911084509096e+00,3.411467200689247470e+00,-4.731762623914743671e+00,3.093003456621044034e+00,3.247128550464982499e+00,6.756740246683551554e+00,1.270771471574721367e+00,-2.918299399664502580e+00,-9.855088788753905149e+00,1.376491082669311306e+00,-4.985702088121937159e+00,8.614792936460256012e-01,-1.635729839852721579e+00,1.257196624296199161e+00,-2.316962406097884841e+00,-1.978400568294534367e-01,5.269858079189940980e+00,1.582056766121477720e+00,-4.661667383787782448e+00,-1.234693204631114760e+00
7.382987031984235671e+00,0.000000000000000000e+00,2.535861662786445425e+00,7.823790536285905262e+00,7.382163786396176874e+00,2.927525911296613437e+00,3.826347008007908279e+00,-2.182169460830874375e+00,7.111086758710151168e-01,-3.984009917388688926e+00,8.617217351012368409e-01,1.785859238313205255e+00,8.772598120791661458e+00,3.895424372907018373e+00,9.055599325492131868e+00,1.286504772729591517e+00,-4.591046762231668410e+00,-2.382152408414331290e+00,7.523762817962721394e-01,2.419064740841924355e+00,1.328220337338634316e+01,-1.111730130725309529e+01,1.221094729536972245e+01,-1.303873951133132314e+00,6.983818897663231162e+00,3.717565846353911407e+00,2.276260008852079242e+00,-3.950175463735513759e+00,1.300911083338780649e+01,1.578630319548987870e+01,4.317346145626184573e+00,4.450452415345638180e+00,4.176967217404690125e+00,3.479372032395349201e-01,-6.479621727133699771e+00,3.757261117275256801e-01,1.228411931484142627e+00,1.784817374944829727e+00,1.095136155029733827e+00,6.699187508116954959e+00,-2.597559483213900955e-01,9.193163608807756404e+00,1.012606295306215598e+00,1.026584641902028583e+00,4.346422699974045178e-01,-2.540432966703243811e-01,-7.216653828163620332e+00,-3.755415492001734634e+00,-2.692900018933769957e+00,-1.009459450243099177e+01,2.435036235697259244e+00,2.196996017216445996e+00,3.525056666404828398e+00,1.633389710185372268e+00,5.931526633059035492e-01,2.986921791652691560e+00,-4.096948162916158154e+00,1.042839131119480678e+00,9.733923786208678042e-01,1.032249280378122158e+01,-1.154297832636367094e+00,7.110341405213937094e+00,1.192898302024194024e+01,6.707711201160945214e-01,3.124861428780467243e+00,9.175871439382218497e+00,3.668177684615677947e+00,5.309080599039981863e+00,8.445237971167439683e-01,-4.705747533739701005e+00,1.172366892154840912e+01,4.373703610497178040e+00,9.158527417733694165e+00,4.793092130451042543e+00,6.372046059754370440e+00,4.563889375074341004e+00,8.263354866692509404e+00,4.877888249076397287e+00,6.981452526413214899e-02,3.145506490216701145e+00,-2.074077833787453695e+00,-1.152518007792458121e+01,1.461780786232071971e+00,1.413932309892386829e+00,-1.813096955504517771e+00,-4.397679611619034645e+00,2.326966597233985024e+00,-3.625868147209578396e+00,-6.352755774517456766e-01,4.526855786164775353e+00,4.998203595259277598e+00,1.421886227720782880e+00,2.876398888282338806e-01,-1.736753215939158768e+00,1.279079105569517871e+01,-2.116246786176793293e+00,-7.063737778369409970e-01,-2.536817958944735718e+00,3.864978523453646897e+00,-4.644914817314083955e+00
9.156095938338747464e-01,2.535861662786445425e+00,0.000000000000000000e+00,-3.894619046048004130e+00,3.630750956494098958e+00,2.259775801378395843e-01,-5.848373072489724267e-01,1.624945731625967893e+00,-7.130803850498328877e+00,-7.205540383530812498e+00,3.824307808739615955e-02,5.135783841645825021e+00,5.162628563204433974e+00,-3.575372429043448541e+00,2.349718416118788067e+00,-2.222622948361233863e+00,-2.725323806394992054e+00,-3.660292086470863460e+00,-5.652020387315747740e+00,-7.274112100503683509e-01,-1.605717571042375225e+00,-2.070835438636405179e+00,7.911391600658881806e+00,-2.998408526591600509e+00,-6.034146641300471181e+00,3.364877664401284107e+00,-5.773223990041350007e+00,-4.852626172510716707e+00,7.872595778721256821e+00,-4.002622352207185763e+00,1.874587208511955261e+00,1.689643396519352692e+00,-7.075968971710669964e-01,-8.638617047358701839e+00,1.831401606866594145e+00,-3.224416077288172922e+00,1.776591858079174246e-01,5.623233687048899476e+00,-7.009360277558085883e+00,4.532862168604970599e+00,1.554625860293722850e+00,3.381906243401479273e+00,7.252544215413467832e+00,4.903382224133975953e+00,-3.085894139870956288e+00,-3.215405988521735203e+00,-6.580261360732302833e+00,2.486016627848398830e+00,-1.987547908844856215e+00,-4.408668882322647420e+00,8.640341188740731093e-01,-2.147649514751559519e+00,3.368685737216352116e+00,2.805196634880567919e-01,3.367350917510002484e-01,-1.938783502118041513e+00,-3.811636064250654710e-01,-7.224292775433202252e+00,-2.969755577556062232e+00,5.872833118427736032e-01,2.899323240482713615e+00,1.640978353863217665e+00,1.683297724050009547e+00,-3.980668834037859316e+00,3.503622983665602986e-01,5.876196057928781968e+00,2.457772326639761307e+00,-4.149413891877084204e+00,-7.280414357236220546e+00,-7.035655250404504457e+00,7.858778575961342661e+00,4.386311967265608125e-01,3.146792047079530530e+00,-4.649417555341361918e+00,1.629269114462294610e+00,7.899634071336002206e-02,8.242307448106185319e+00,-4.713128937741084989e+00,1.281092173348296726e+00,2.646690328663382497e-01,-7.985028809002590933e+00,3.448111873191160637e+00,-5.831245690039917884e-01,6.750328505587543937e+00,1.182373198918964530e-01,3.120078719751506302e+00,-2.832164354229584347e-01,-4.401344936768345484e+00,-4.654437377677007603e+00,-1.623633233382965946e+00,4.907437514532083656e-01,-1.368170480200487482e+00,6.212347469450715254e-01,1.259780632527426114e+00,2.591574568441375792e+00,4.859457462536210137e+00,2.449043431733035181e+00,1.558328849771833502e+00,3.926030634161828403e-02,5.247010067674920952e-01
-4.934665458088632883e-01,7.823790536285905262e+00,-3.894619046048004130e+00,0.000000000000000000e+00,9.579309277820762247e-01,-3.328429734203537382e-01,3.957802910715926270e+00,2.441853431515952633e-01,4.241839706081684813e-01,-1.428355064897498972e+00,-5.505484558759581759e+00,1.419089811803130097e+00,-3.473484463083001961e-01,-8.845301197698237416e+00,9.187757702527166170e-01,-5.613998691108323946e+00,-4.775015161520502538e+00,-3.387378715976721022e+00,-6.772775923252674524e+00,-7.984851542455135842e+00,5.716145603893814986e+00,-9.525306749250303184e+00,-1.080379924339641251e+00,9.571709612005749879e-01,-4.073217837734521396e+00,5.951350045614805850e+00,5.485529617012742110e-01,-6.517281244236079907e+00,3.060867045149110233e+00,4.690743934071880616e+00,-7.506921440788171473e+00,-8.109120528570333830e-01,1.441022513675266348e+00,-8.618807979447444367e+00,-4.666816471506382236e+00,3.345292802370120055e-01,-2.441458632955524899e-01,6.110810782378374384e+00,4.647827018742681560e+00,-1.597712954755996229e-01,3.341750383604602526e+00,2.726666946220929866e+00,2.081228762461123871e+00,-5.614779315851575525e+00,-1.088637067703731276e+01,5.003370796486602545e-01,1.287919433368578948e-01,-8.223570475221082532e+00,-2.870332944201904102e+00,-7.740859192530573196e+00,9.357501018301261908e+00,1.038440336093565897e+00,-3.283297475489628248e-01,1.330498467957010433e+00,-2.346554099015194517e+00,-5.258438710849492992e+00,-1.465545286954743398e+00,-2.471481151986228308e+00,-8.366140425831121163e+00,-7.403822419874229732e-01,-1.010586846739653133e+01,-1.708266721086333817e+00,-1.823016203228288390e+00,-3.104967414353507316e+00,-1.088173582899743419e+00,-1.336881836122446154e+00,5.490558508710975616e+00,1.683759159523968929e+00,-4.394033267018436106e+00,-5.005687152850079258e+00,-1.583123561688639880e+00,-6.379406631682020823e-01,5.937182957586447651e-01,-2.278393569924455520e+00,3.996644921237216597e+00,6.927027697645116167e-01,2.056872116730688482e+00,-9.480886864249743695e+00,-1.129531571542274193e+01,4.241138374732990712e+00,2.078619053613838030e+00,-8.674236365926637493e-01,-2.203682224987633109e+00,-6.813025427225004371e+00,-1.926959556386574679e+00,4.396427383228612484e+00,2.566269843661318717e+00,-2.718266466922400149e+00,-4.622789591248360530e+00,-2.315881070188419599e+00,-4.271372120280299001e+00,-1.201026708899688877e+00,-2.474769442252237273e+00,-5.371603172944947602e+00,1.684969112821526727e+00,-5.187632987866042988e+00,8.620451051297679967e+00,2.552048007095423898e+00,-3.189589125106707446e+00,-6.586749995861159723e-01
6.461840882278361953e+00,7.382163786396176874e+00,3.630750956494098958e+00,9.579309277820762247e-01,0.000000000000000000e+00,-5.695395486595232981e+00,-1.603280313979839056e+00,-3.356535389424481486e-01,-1.002700568726527575e+00,-2.284539900892553099e+00,-3.711100449989250816e+00,7.778090825983576373e+00,5.105820311706212422e+00,-7.096782093885778409e+00,8.219538220118225880e+00,-1.657686404238934319e+00,-6.961972823525067078e+00,-3.230380130134646866e+00,-8.801278038265291315e+00,-8.495765945300927768e+00,5.537813663394715924e+00,-2.432871151143000787e+00,4.847924201816364409e+00,-4.670082843989318278e+00,-3.357805334515201690e+00,8.897283465315114270e+00,-6.531303958791288000e-01,2.857336647589757028e+00,9.072838186835404883e+00,1.133108661395869909e-01,1.640579347352282058e+00,-5.028105860817895234e+00,3.134164630573667676e+00,-3.671721065145576279e+00,-5.592891840777311607e+00,-9.332177782897510543e-01,-5.904178866982680018e-01,6.027102967129170707e+00,5.644915485790628296e+00,1.191224729308703045e+00,-4.386321659531649431e+00,2.894369308641211003e+00,9.016621414841999860e-01,-6.244148937309163649e+00,-5.608960044222575547e+00,-6.276387413583556230e-01,-4.836477327807144455e+00,-2.962285463258160778e+00,-2.902980682286535608e+00,-2.241950645413451682e+00,7.549428071327429990e+00,-3.828600146288599682e+00,1.213045233251089927e+00,1.044969813776405854e+00,-2.992753490356925283e+00,-6.829591607202723402e+00,-2.145908437547679792e+00,-5.301824398252143133e+00,-5.731734636371753844e+00,-2.276741998898542452e+00,-2.040972764613592894e+00,1.079627952582794675e-01,7.777440657348659858e-01,-9.260268267654069518e+00,3.442906904817883418e-01,3.059450717709315537e+00,7.625470299457488110e+00,-3.436720398197711024e+00,-1.125331580384848706e+01,-9.055085231362856035e+00,2.116457185045788503e+00,1.607754692746798497e+00,-5.226763172525840773e+00,-4.265217561542928415e+00,-3.157695827214775264e+00,3.811194022027088568e+00,8.693087232360120709e+00,-1.491194636737689194e+01,-3.441746282106314059e+00,-2.732555235175831321e+00,3.034940514044394799e+00,9.249413819096636402e+00,-3.092889701324147200e+00,1.661368785246076563e+00,-5.086195526985656024e+00,2.171397068446042633e-01,-1.093501770295508102e+00,-7.391711687277018328e+00,-4.004803641843285966e+00,-1.667703553233298441e+00,-1.096221838548185623e+01,2.254429770553552981e+00,-2.060757483959441583e+00,-1.901820416372191014e+00,-7.876776014805686899e+00,-4.938328582290788304e+00,5.461165563463669770e+00,1.936014238923778219e+00,1.308995694643236285e-01,-2.428655502957094647e+00
-2.016933714920978171e-01,2.927525911296613437e+00,2.259775801378395843e-01,-3.328429734203537382e-01,-5.695395486595232981e+00,0.000000000000000000e+00,1.762722081904664506e+00,8.210342702358494060e-01,-1.243448666262164659e-02,2.907937022571644103e+00,-1.391945910904814454e+00,6.325920980390565163e+00,-2.418954464166472029e-01,4.777705790444850997e+00,9.233234969165421191e+00,1.675903888399861430e-01,-4.914239520516245463e+00,7.413436569540298393e+00,-7.850973262228132243e-02,7.236751593761502122e+00,7.678545743244791666e+00,5.042560508007339237e+00,9.419022264925450472e+00,-2.746621429786064272e+00,2.985585878524698700e+00,6.632472424563478519e+00,-2.423446477382128261e+00,5.126139660908531681e+00,1.068999290854870132e+01,-4.875528056626091677e-01,6.665879484311767911e+00,4.049989848956349725e+00,3.711795511367134370e+00,-3.486201454297847557e-01,3.694474023909963378e+00,1.297048648354262035e+00,-2.026794414510655340e+00,3.016134877900992439e+00,-3.273499683387197212e+00,4.665076779148904507e+00,8.834801297314244906e+00,4.630906118343923517e+00,1.006942734935304351e+01,2.894696033317157191e+00,-7.305026571603380203e-01,-3.499412090399059316e+00,-4.461719919969699077e+00,8.427066820598600572e+00,-3.178851933709204158e-01,-2.633279809541535954e+00,4.499548871976438491e+00,2.251026529126394227e+00,5.749849459588139311e+00,1.186587074036296041e+00,2.722062126325448084e+00,2.194915678066434506e+00,1.828862985594427393e+00,-1.692590165825492932e+00,-2.776346136782646745e+00,2.662988571388942738e+00,-4.305003716739528308e+00,-2.576015083810623274e+00,6.069425807252319949e+00,2.980952455885631291e+00,3.779632146055999176e+00,5.877875847563168499e+00,6.270356964918692100e+00,-3.016390170368776769e+00,-4.450788397132257046e+00,-8.785979345783132999e+00,1.066874154145863685e+01,3.784204444899539332e-01,5.312137811445053259e+00,-5.449378923207546244e-01,-2.765093760891852437e-01,1.611498088493432901e+00,1.125681948448364089e+01,-7.125873101346617000e-01,-3.790068260989111759e-01,4.916542361995161592e+00,-4.226111958013237246e-01,8.068205489885139414e+00,3.282400958696643833e+00,1.420186860542095530e+01,3.494271708350823680e+00,7.163307839287889500e+00,1.866810602087682902e+00,-7.659868750228755463e-01,7.691277095936351671e+00,3.155622612194044940e+00,1.102731981121550575e+00,5.795348697894582735e+00,1.916853753916563763e+00,8.063882053342366518e+00,8.257338451537123092e+00,-1.426151601019480353e+00,5.376973470178572079e+00,5.853996770581556541e-01,4.111647374338478045e+00,3.108997424112895480e+00
-5.752981261637208021e+00,3.826347008007908279e+00,-5.848373072489724267e-01,3.957802910715926270e+00,-1.603280313979839056e+00,1.762722081904664506e+00,0.000000000000000000e+00,-8.907796224026226506e-01,-5.350512008766148853e+00,-3.309412610309095282e+00,1.942426391905220928e+00,-4.156091854431320343e+00,-5.863504333838753801e+00,-6.195616208264121738e+00,-4.040384818585376903e-01,-4.586139869009350889e+00,-3.589731545264874257e-01,1.448597527669879259e+00,-3.039294429778669038e+00,-2.405558370196009932e+00,5.909325466832905605e+00,-1.166636774574569158e+00,5.640327561210257912e+00,2.769245816638168378e-01,-6.966081577885459453e+00,-7.464423803327250084e+00,-3.502522244253640782e+00,-7.592118843071184564e+00,-3.529389872421508034e+00,8.113076175633961995e+00,1.079938943074041591e+00,-2.915487724395006808e+00,1.849457920919248544e+00,-7.049869593917885702e-01,-4.524970492798066957e+00,-5.483175820827400848e+00,-5.514343720103553892e+00,-1.044534271780711343e+00,-1.052701023194986973e+01,-3.609526743187247977e+00,-6.573182449523019777e+00,-2.925897592735582364e+00,7.437848030128884957e+00,3.178727753374828158e+00,-3.610288614376455651e+00,4.254876884942208726e+00,2.013470959797987625e+00,1.986748936150539269e+00,1.387660798666529693e+00,-1.433857313065456118e+01,2.603405509069019796e+00,4.360865920547039920e+00,4.742577169743186438e+00,1.680728405298394401e+00,-1.027633984770241149e+00,-6.731725234245694800e+00,3.442336001995092154e+00,1.673395268347046771e+00,-6.295954409835798904e-01,-7.790724763972407985e+00,-1.490735653527813653e+01,-1.007306052394024753e+01,2.606691659998087829e+00,4.119391877941963820e+00,7.411671011010191101e+00,6.701110741585195818e+00,1.363828555168126400e+00,1.212113099404170891e+00,5.027368970245522206e+00,-1.992359866296246729e+00,5.538475413748562559e+00,7.908207172016870068e-01,3.577777439344834054e+00,-1.667458295533582602e-01,-2.338324491343556133e+00,-6.484354601477656743e+00,-4.498772065031604761e+00,3.339088023294684238e+00,-7.925994406989624042e-02,5.133535399660334342e+00,-5.379187907393255585e+00,-4.462535615584260484e-01,-2.409219554779056249e+00,1.799851840979008077e+00,3.755080668394945143e+00,-9.640014928850080267e-01,-2.189506207239005242e+00,-1.144778217606122794e+01,-6.753334719031835576e+00,-6.794937155166295817e+00,3.540042706768738334e+00,-9.244195993005094536e+00,3.199872395298623218e+00,-1.491390637191980506e+00,5.773898395759135410e-02,-1.453607788568484827e+00,2.538335931468893580e+00,7.366235190559645707e-01,-1.442388700093016896e+00,-1.544332180010794886e+01
4.879557983303820734e+00,-2.182169460830874375e+00,1.624945731625967893e+00,2.441853431515952633e-01,-3.356535389424481486e-01,8.210342702358494060e-01,-8.907796224026226506e-01,0.000000000000000000e+00,-2.249680369442286221e+00,-5.151761148550928482e+00,5.813750120822087197e+00,8.061023356419543262e+00,5.498351151222312660e-01,-5.582357819920136244e-01,9.954158984726490189e+00,5.417212920388397857e-02,5.385948036353418900e+00,-2.291591084161101577e+00,3.853879035802934894e+00,4.731103783245713124e-01,9.694565085863523279e+00,-9.055350725762563613e+00,1.435087987316545632e+00,2.630332741419615150e+00,-6.913813184060068728e+00,-1.420055633262535255e-01,-2.222440490759076681e+00,-1.137021751318988372e+01,1.026730669188195222e+01,6.879853441516457835e+00,3.556144255251414421e+00,-6.086806254918210257e+00,-2.672544773905050075e+00,-6.565397296454126064e+00,-5.295145433656944789e+00,-7.639750342760494917e+00,-3.966862096030717932e+00,-7.797924011879133754e-01,1.918021957716622150e-01,-2.234363956667662965e+00,4.803235479659581308e+00,7.150320196000024886e+00,4.481688967825993686e+00,1.719622451359899440e+00,-9.971887400589945827e+00,9.610041716486140473e+00,3.539178627451383008e+00,-1.974427539721678171e-01,-2.494659983983914753e+00,2.205317126636052727e+00,7.248181750093851683e+00,-1.446190169739829390e+00,1.010020778278717946e-01,3.166125700337963700e+00,-4.427392894157301528e-01,1.425758923898812425e+00,4.693518039389332763e+00,-1.285171733858241572e+00,9.656411198685477260e-01,2.601905941900421126e+00,-9.001379340867616818e+00,1.019545063977281396e+00,9.901519801960000366e-01,-1.399634069137118075e+00,1.694859635497981687e+00,8.319042808450868520e+00,-3.066738504301413037e+00,2.690112615971496535e+00,3.078275607817099413e+00,-3.573975501844862457e+00,1.259716847114504468e+01,1.350677717325022176e+00,4.544075828702433206e+00,2.779586872041451162e+00,9.946352394438493505e+00,-1.388526628040194666e+00,4.216755624039940642e+00,3.400868829491898171e-01,-4.592449324360409868e+00,2.166249837144731405e+00,-1.371744772165888748e-01,5.014909968821626762e+00,-9.201828383914222087e+00,6.761340374674685627e+00,-9.385159634443398957e+00,5.807007909624848807e+00,6.040256812527196040e-01,-3.876826275389734899e+00,-1.337722236413242838e+00,5.890473906428198347e+00,8.428213650920634237e+00,-5.592656284931572408e+00,2.366384732237898803e+00,-4.802493683135582447e-01,9.759188670045171321e+00,-1.545255733270381793e+00,1.023348634555829761e+01,4.393364238994416304e+00,-1.696973915111635867e+00,3.399420765526272259e+00
-1.370351912385039839e+00,7.111086758710151168e-01,-7.130803850498328877e+00,4.241839706081684813e-01,-1.002700568726527575e+00,-1.243448666262164659e-02,-5.350512008766148853e+00,-2.249680369442286221e+00,0.000000000000000000e+00,-2.804341133268088537e+00,3.243430006254576892e+00,2.344416377506858495e+00,3.024475512773472818e+00,-4.211433934504734466e+00,5.678021217650133678e+00,-9.328346267543954351e-01,-4.026967905736104747e+00,-2.548145497087953792e+00,-1.678834492907805398e+00,3.014984622872109998e+00,4.184953691036606749e+00,9.586022151337243724e-02,-9.737213221121104878e-01,4.853387291248123958e+00,1.539849323651846014e+00,1.037172787470412239e+01,-6.532588878347682204e+00,-6.460306666252909835e+00,1.033685431513541531e+01,5.168113881501795071e+00,1.547621211104548244e+01,-2.670320403670911169e+00,3.350329014722477794e+00,-4.510313374527993524e+00,-1.434700312209316930e+00,-5.752694575658439113e+00,-1.189376265061840243e+00,-6.422118273503301111e+00,-4.040457271831816577e+00,8.193834775882972821e+00,8.505121223816054510e+00,1.453201059927147831e+01,1.104101334070833218e+01,-1.667209445388692979e+00,-5.065730815677341070e+00,5.007240541060010486e+00,3.814241436184438783e+00,7.540929545151063174e+00,1.581108416675248929e+00,-3.331674126970320393e-01,7.084608743502862183e+00,4.081018754435076445e+00,7.675551962521811156e+00,1.650742066810141573e+00,5.378269924677000269e+00,2.383603663638168335e+00,7.752678884785886737e+00,-2.495062472338687165e+00,-3.640137241309037819e+00,-2.164673352001816653e+00,-1.221870083941957574e+01,-5.167099035189517409e+00,-1.709861700582052224e+00,-4.702695242537214604e+00,-5.079428584860120388e+00,3.011350861284844527e+00,5.462764641939541477e+00,-1.005555440147899715e-01,-2.183466516901999999e+00,-8.825846173736527689e+00,9.796904664011529817e+00,1.483631475617483764e+00,-9.924933647520750579e-01,7.207935444234557565e+00,3.372806473967521423e+00,6.116275299619542416e+00,1.050677400670111616e+01,-6.229308949238038906e+00,-2.572099862930599556e+00,2.230283269491188936e+00,2.149656591759556076e-03,1.619735178927335895e+01,-5.192722618953345304e+00,1.307592011846791458e+01,-4.607221072492209579e+00,1.612435098591328853e+01,6.517571444214929066e+00,-1.303795860621664993e+01,3.243621076152438221e+00,9.512867318970837260e+00,-1.265516514270841331e+00,-1.063461336144077674e+00,1.771625659101082606e+00,7.325756597838028128e+00,2.034685742152634091e+00,3.906973906950852449e+00,5.829162715138066275e+00,5.293501921198606297e+00,5.327023669436524500e+00,-3.034336038115210687e-01
-2.039753710700910716e+00,-3.984009917388688926e+00,-7.205540383530812498e+00,-1.428355064897498972e+00,-2.284539900892553099e+00,2.907937022571644103e+00,-3.309412610309095282e+00,-5.151761148550928482e+00,-2.804341133268088537e+00,0.000000000000000000e+00,-3.564301563862327438e+00,-1.133334554987410980e+00,8.355393785712781352e-01,5.781046349162208386e+00,5.646371444936679751e+00,5.887602842916296320e-01,1.407273651497941425e-01,7.161571912586762068e+00,6.433179437488130148e+00,6.010080163737734793e+00,1.004849790785113406e+01,3.099677292173718346e+00,7.614578737653179275e+00,-1.376911834424707992e+00,2.469168416131680477e+00,-2.717210532353396157e+00,-1.878176803535448025e+00,3.097271995536794886e+00,1.025694310878954951e+01,3.657582802072548933e+00,3.309915352894944096e+00,5.275166843006066308e+00,-4.186900499016135702e-01,6.443483672542718033e+00,1.438826563414880688e+00,1.613099214950154403e+00,2.831288759091468155e+00,-9.004050207200220868e+00,4.663564694002917399e+00,2.090700679163862041e+00,1.126081428784830862e+01,6.289228011762351134e-01,-1.811579811633820425e+00,8.337980869397959793e+00,1.832178978020288507e-01,-3.198427118293242000e+00,1.188345269405638405e+01,3.637224989960093247e+00,-3.431348087614172204e-02,4.018991278708061721e+00,7.891733422044139523e+00,8.625672360379061931e-01,5.589038446021111994e+00,1.465087769408617957e+00,2.192250802322368131e+00,-7.084968383505838574e-01,3.989754593766963620e+00,-2.027868455167011863e+00,-6.036555086790222902e-01,-2.038831257913902295e+00,-6.981611077378819807e+00,9.229400480604732504e-01,7.366657355246377659e-01,2.254895636267879588e+00,2.266335246290686278e+00,5.873500593424910932e+00,2.042764922925899729e+00,3.131083955244784001e+00,1.110424065253769932e+01,8.451602040436505092e+00,1.069933016086819855e+01,5.398367979270250139e+00,4.979894609002627703e+00,6.144699565662188334e+00,-2.494851658045969423e+00,-5.252941805804498543e+00,6.391574078474301146e+00,1.825031978752772011e+00,-7.924550124730251888e-01,-2.161501862621467360e-02,3.819138459980422340e+00,2.294788461986583705e+00,1.046791320258436286e+01,8.633768942592906726e+00,8.112485139008368762e+00,2.256018192678518886e-02,3.625046855076520913e+00,7.215578688194279167e+00,8.191957155880739805e+00,-1.714903303043523675e+00,-4.657623131223028068e+00,7.581952446829528292e+00,1.805311200612510714e+00,4.834674127419655854e+00,3.178553167170701688e+00,6.339976361653436143e+00,-7.145009560622930245e-01,-2.611308347353987536e+00,9.041342874798749207e+00,5.425351124189499608e+00
-1.105717526098914050e+01,8.617217351012368409e-01,3.824307808739615955e-02,-5.505484558759581759e+00,-3.711100449989250816e+00,-1.391945910904814454e+00,1.942426391905220928e+00,5.813750120822087197e+00,3.243430006254576892e+00,-3.564301563862327438e+00,0.000000000000000000e+00,1.465194578977543349e+00,-4.358634401056385776e+00,-5.870907335783300596e+00,1.593000586271095864e+00,8.227844932589254867e+00,1.566972183360229920e+00,3.147601781736048210e+00,2.012104954504164933e+00,-1.746825806000862347e+00,7.601916418588588797e+00,3.644674867565162124e+00,9.120247584519737272e-01,-5.513623642929037949e+00,6.295201693066339033e-01,-1.195594623727714634e+00,-3.422483138615378007e+00,3.184870588477725306e+00,9.207932967818234005e+00,7.859724500754482257e+00,2.488876296991954506e-01,3.956730403442394906e+00,6.306603213299239563e+00,4.700017257899101963e+00,-9.650164381365705424e+00,-6.334385830744731827e+00,2.751405208139193537e+00,3.783629181990791235e+00,3.479237969108003092e+00,2.617295718803434479e+00,-6.137877167612920459e+00,2.741278395512305455e+00,-1.266459920581190168e+00,1.071956366592548626e+01,-3.144873325009461595e+00,3.130874448006984778e+00,-2.942885566205595715e+00,-5.512430350509032628e+00,4.787098696906752493e-02,-8.998218359226378027e+00,3.358121576825851662e+00,4.166886340656417165e-01,3.386292578452251067e+00,3.974572702896074006e+00,1.767429280947984349e+00,-9.398874434943501610e-01,-3.771797179667684574e+00,-5.479216053671659203e+00,-9.795992873707040083e-01,-4.516019295845877579e+00,-1.271667242492932282e+00,-3.750934655024443232e-01,7.931700442225992909e-01,4.389796727250549147e+00,7.957588299734832837e+00,2.720738894120886098e+00,3.291718644211889977e+00,-4.070808537836885233e-01,3.794791844355354105e+00,8.463127225296858569e+00,8.048449834653665036e+00,4.159441988164678250e+00,-4.035744809567007430e+00,6.327278347171590767e+00,9.727953022269919536e-02,3.989119904394555771e+00,5.974488698391372310e+00,-6.173028132199787521e+00,4.169300405453939540e+00,-1.790311656139961682e+00,5.956992923159077691e+00,-1.670729887802220093e+00,6.045768899209553737e-01,7.578053535805050700e+00,5.483830936322046767e+00,-2.590121281103922701e+00,4.793019501934634441e+00,2.855630836425369079e+00,-4.229487597090100692e+00,-3.777130916013698325e+00,-1.360139902790904909e+00,2.946051484161226197e-01,1.316624947694212455e+00,5.071003619378442906e+00,2.708981944256542373e+00,6.504839818562049736e+00,-2.530416226045631323e+00,5.868508504208564958e-01,6.733508169326585246e+00,-1.009004027727491248e+01
-4.136456963059998770e+00,1.785859238313205255e+00,5.135783841645825021e+00,1.419089811803130097e+00,7.778090825983576373e+00,6.325920980390565163e+00,-4.156091854431320343e+00,8.061023356419543262e+00,2.344416377506858495e+00,-1.133334554987410980e+00,1.465194578977543349e+00,0.000000000000000000e+00,-1.585631179111139266e+00,2.577783881479136951e+00,6.450811828060825093e+00,1.418170144377872699e+00,2.535103574028437223e-01,2.644653852357020440e+00,1.552468071777774128e+00,1.775284508171236952e+00,7.637030677534665912e+00,5.562628000647190873e+00,1.332743736252212097e+00,-1.399145563664384584e+00,-1.072371333649811964e+00,2.330537670453075028e-01,4.760464499599754151e-01,3.247884557597766758e-02,7.845317409855670832e+00,-1.466950843355939504e+00,3.823574720003265259e+00,3.553651241776892178e+00,-3.932171401874898775e-01,1.475524778757251187e-01,-9.202069251191831611e+00,5.720864074539896649e+00,3.085310389814817089e+00,-3.672780837941844179e-01,1.113746324706515578e+00,3.467276094149135623e+00,7.104796431686071223e+00,-5.335271364809990313e-03,2.814672648688035572e+00,1.010128800244258684e+01,-2.203360591304177163e+00,5.128701453247574094e+00,7.527367229121892045e+00,1.470213354514536608e+00,2.148221868560240111e+00,-1.862494818628280147e+00,-3.256335596517429209e+00,-5.405625150984025851e-01,1.933443571259876759e+00,-4.408953953121051761e+00,-1.033484659189420007e+01,-8.750108162746977891e-01,-2.926147769598532733e+00,-5.882208848425459102e+00,1.741836353465714415e+00,-1.339799730642629250e+00,-3.229581741754443236e+00,-3.510301290017577625e+00,-2.349543975533379569e+00,1.931890686074760888e+00,3.316610413727877127e+00,1.069403691769040821e+00,-2.647456564837980864e+00,7.970645698823711101e+00,3.627375475084374301e+00,9.374092268355902036e+00,5.918372931271768778e+00,3.504378013481444398e+00,1.018190216218513688e+00,-3.660535569075023532e-01,1.174841642805335207e+00,-3.899870122755744184e+00,1.065090821613834571e+01,-1.607518370176274081e+00,-2.721969600255580879e+00,-4.797266968123913844e-01,1.379150765579898463e+00,5.525039654646588971e+00,3.561026631030106859e+00,1.419805257541151100e+01,-3.491011266217742270e-01,-1.743430906365056821e+00,3.474597893387962877e+00,1.449167125121346489e+00,2.894903857950543724e-01,1.494470679670984570e+00,2.822588646639824894e+00,3.446266681644706842e-01,-5.527819811447644227e+00,1.201744064988006677e+01,1.491554766263960552e+00,1.012838659799509777e+01,-2.572597603986766401e+00,3.211368927781485194e+00,3.590994944088762519e+00,-6.959290057241450000e+00
-6.477394254048221889e+00,8.772598120791661458e+00,5.162628563204433974e+00,-3.473484463083001961e-01,5.105820311706212422e+00,-2.418954464166472029e-01,-5.863504333838753801e+00,5.498351151222312660e-01,3.024475512773472818e+00,8.355393785712781352e-01,-4.358634401056385776e+00,-1.585631179111139266e+00,0.000000000000000000e+00,1.725465108579638640e+00,-1.737840335944764503e+00,4.546331264963257013e+00,5.724186127320307627e-01,3.360277260187382709e+00,1.796097110650868078e+00,-5.116712831237130388e+00,8.274659730965007398e+00,-5.010797446637273111e+00,1.184333259836174435e+00,2.618989675955172292e+00,5.756371665497026946e+00,-4.828118097743886672e+00,4.294576545494201980e+00,5.426412692267011728e+00,-1.310337793791702010e+00,2.942801700728097547e+00,-7.022621414044909471e+00,7.795603559029462559e+00,-4.340528219025926226e+00,-2.419365367816180168e+00,3.744419998400082772e+00,2.139266603056399596e+00,5.797737859964408713e+00,2.564505505271963859e+00,-6.908694721131314331e-01,6.024394866715224062e+00,2.570911622863923385e-01,2.959332421270969515e+00,6.586681075436446875e+00,8.616515646949401974e-01,-6.282181159456717623e+00,7.305668496808920054e+00,7.751653814625204530e-01,1.451618819708760721e+00,-1.583811702136216359e+00,-9.265127049200616582e+00,8.686095700955718257e+00,2.875137458520604650e+00,1.836369954926306614e+00,-4.247332844017425835e+00,-6.553398653788765849e+00,1.306933780906459397e+00,-4.276847039334612965e+00,-3.723599030193553983e+00,-4.680200911502534034e+00,-8.182018135977070505e-02,-1.058354220987849370e+00,-1.501629592094862575e+00,-2.978975157428452203e+00,5.659088651928547709e-01,-2.866453196896157074e+00,-6.247583863427707662e+00,-6.049988009472549777e+00,4.317159488823885560e+00,2.189141591717008950e+00,4.693924801367155730e+00,-2.484405537271964004e+00,3.488320195767460774e+00,-4.907678025311309256e+00,6.035488607932020244e+00,3.960855890694221948e+00,3.904166244695718380e+00,4.606705085232661645e+00,3.821320440901029958e+00,-6.694215882956756403e+00,8.933181178441330417e+00,1.877965538682524249e+00,-9.500167396298097700e+00,-1.328250652337710003e+00,1.015917803980715028e+01,4.745307025591953831e+00,-3.900928057117693637e+00,6.240871103205400949e+00,4.765687690338897831e-01,-4.287483256096335182e+00,1.185835769471052403e+00,6.882395120863059601e-01,-4.317444991666118170e+00,-2.993510135662360128e+00,1.046647739629598917e+01,3.613789867359411545e+00,-5.373049823334482333e+00,-4.373594680727959094e-01,-1.468158989600390818e+00,-5.551852669076303926e+00,-1.470902976788726235e+01
-1.525567252202722601e+00,3.895424372907018373e+00,-3.575372429043448541e+00,-8.845301197698237416e+00,-7.096782093885778409e+00,4.777705790444850997e+00,-6.195616208264121738e+00,-5.582357819920136244e-01,-4.211433934504734466e+00,5.781046349162208386e+00,-5.870907335783300596e+00,2.577783881479136951e+00,1.725465108579638640e+00,0.000000000000000000e+00,3.856156554572891526e+00,-5.091185373792456836e+00,-2.686971447518163636e+00,-7.407596543481664852e-01,-3.487684303734476465e+00,1.056821138150198713e+01,-9.541562540121607539e-01,-5.751864985365134908e-01,7.143392461429247220e+00,9.876819254025019923e-01,-6.022335520139305842e+00,2.352726765843334622e+00,4.001856622747054004e+00,-5.712207585417229616e+00,7.126338201152561114e-01,3.234417355865299548e+00,8.726388095796610012e-01,-1.545133227273426169e+00,5.081144510197757036e+00,-1.698449412948857262e-01,5.819958687589276813e+00,3.277278077446490911e+00,-8.099962193050112447e+00,3.407576297731634174e+00,2.493691605955030255e+00,7.946166522863545190e+00,1.394342682889297436e+01,8.678717438764957492e+00,1.043599083221500479e+01,2.557857072200212745e+00,2.205505794789396568e+00,2.059638953458867050e+00,8.070959670930571761e+00,9.449297571015572217e+00,-3.721221683075827791e+00,4.388226623681433791e-01,-6.406425326266687037e+00,5.082415374994400992e+00,8.685245144680951768e+00,-6.337507837472624583e-01,-8.380542746510224461e-01,-2.735096229152952363e-01,5.605980232085014059e+00,-2.676264347784356179e+00,-1.646842496608592610e+00,4.568391940106499405e+00,3.953664803549858942e+00,-4.229198133475415844e+00,5.093102565798186543e-01,-4.024705803013302052e+00,6.442318157911869569e+00,4.281194937212458029e+00,4.145879018847237418e+00,-6.940176381729623145e+00,-4.689108163852109712e+00,-5.678047568261674449e+00,7.717687141868560197e+00,-7.572176101076288468e+00,3.823382598466314786e+00,-4.956714580063398268e-01,-7.838062390754306996e+00,-4.449406664631542219e-01,2.332724975947732649e+00,-6.303780960665990918e+00,-2.799385074895195391e+00,-3.451121951638879359e+00,7.119154650742289370e+00,8.332047542802513362e+00,-9.516522264215823146e-01,5.657539098876368522e-01,-2.099220734234449104e+00,8.369653891717849348e+00,3.646949273402862346e+00,-2.080703661329150883e-03,1.148366807699470860e+00,2.513879859468970857e+00,-1.421059107627267171e+00,5.785795604908522627e+00,1.473985058301402473e+00,1.026395983239771859e+01,7.414333630758633831e+00,2.398747947635389455e+00,1.919458719758232901e+00,3.912614427864456346e+00,1.151097120463536294e+00,1.368860260214471491e+00
-2.847596853013095508e+00,9.055599325492131868e+00,2.349718416118788067e+00,9.187757702527166170e-01,8.219538220118225880e+00,9.233234969165421191e+00,-4.040384818585376903e-01,9.954158984726490189e+00,5.678021217650133678e+00,5.646371444936679751e+00,1.593000586271095864e+00,6.450811828060825093e+00,-1.737840335944764503e+00,3.856156554572891526e+00,0.000000000000000000e+00,-9.297135999891148472e+00,-3.814996364783993066e+00,-4.177140654082379889e+00,3.936577865379078389e+00,3.214670232130718119e+00,1.910328566620955293e+00,-5.636587282781038155e+00,-1.218593262480229633e+01,-3.372629993983125463e+00,-9.459213492926257238e-01,-7.571139564926542498e+00,-4.459808167980352955e+00,1.286586775174718866e+00,-1.259029965196450718e+00,-1.260388814755198927e+00,-7.014376483780116800e+00,6.889120812146371620e+00,6.395025419008643297e+00,-5.124542243954737231e+00,2.271871164320009573e+00,2.945521612333833250e+00,-7.433282559895194597e-01,1.315450635613153008e+00,1.127881507163362329e+00,-1.634779155057711764e+00,6.562287021846484159e+00,-6.303942417969670142e-01,-1.434293373869301780e+00,-5.716442428148709176e+00,-7.807272600617044311e+00,2.139918375669189743e+00,1.642680294709504052e+00,6.324736965108074926e+00,2.034140221765600387e+00,2.603903013406124067e+00,-4.167174745113753076e+00,-8.670825099294104277e+00,-4.327261547558448052e-01,-8.475380569231477423e+00,-7.252519539369065349e+00,-1.077830748150172901e+01,-2.292063589165660886e+00,-5.336530389545630193e+00,-9.940785383529771480e+00,-3.146546224372743783e+00,-2.785965088769231102e+00,-1.204360172183628119e+00,-6.608889824704323956e+00,-5.147933281566522190e+00,-1.913289888044488185e+00,-9.884815712292296386e-01,5.510118278465854225e+00,-9.261776005889430508e+00,-2.157011892413278176e+00,-5.289394644534576528e+00,-1.036431940832619469e+00,-2.628804855027317089e+00,-1.109174502418402852e+01,-2.904607936186828887e+00,-1.257015422034506225e+00,-2.277840427514404631e+00,-9.584604965740227689e-01,-1.175851266497078917e+01,-6.406410541986845786e+00,-3.405817224840172575e+00,1.664401504537571741e+00,1.520682711232254070e-01,-6.963006416299701407e+00,-2.713850107451063032e+00,-4.658512536618987454e+00,5.863660930950667982e+00,9.202892537568851949e+00,-1.768027070241900534e+00,-3.150543444506654911e-01,2.459276755286395222e+00,-3.404107045915962804e+00,7.245123171294875597e+00,-1.771025052867677418e+00,-1.211479455681979012e+00,-4.658560664439564292e+00,4.037740666262815026e+00,3.760368179712893610e+00,5.375968715938919118e-01,-1.527967123438692232e+00,2.227138991861606243e+00
