0,1,2,3,4,5,6,7,8,9,10,11,12,13,14,15,16,17,18,19,20,21,22,23,24,25,26,27,28,29,30,31,32,33,34,35,36,37,38,39,40,41,42,43,44,45,46,47,48,49,50,51,52,53,54,55,56,57,58,59,60,61,62,63,64,65,66,67,68,69,70,71,72,73,74,75,76,77,78,79,80,81,82,83,84,85,86,87,88,89,90,91,92,93,94,95,96,97,98,99
0.0,-3.0863480914285324,-0.8549259877867158,4.516841221265064,1.8383147150739252,-3.4368438345944656,-12.763473571048204,2.284079632506361,-4.349983813514135,-3.789820023496131,-4.202367676290564,0.7256723336332169,4.926221704971093,-5.563109540273592,-5.9290930282032654,-3.258762527567245,-4.472265473608438,3.6071920875009864,-5.704454055852369,-2.527449925353052,-7.686797277383149,-3.231908160793652,-9.023652596809226,-0.16062476365238315,4.239710988595067,4.967325193725998,-1.1547692519247847,1.4796502233304478,-4.6374743398345455,-3.555465011492436,3.511365785160537,-3.10451112179205,-3.509859720072026,3.78122085741194,0.34438963191029304,-3.236567060787676,-4.591326782609572,2.9379350838913605,-6.09376367942723,-8.569678097677036,-1.6197625277650831,3.724198303859832,0.5834455458808966,2.9205188071734285,-6.778126965132192,3.3321844678073598,1.0193099785061714,-0.23737242252980653,-7.804025537931382,0.08223468853911187,1.990057512531081,-1.5899809924173331,1.0121357352805924,1.7890660590510667,-4.697651474327814,-2.2173810272670944,2.633098154721163,0.7062710278679916,-1.5007836510284152,-1.9803573198876745,2.534385724384412,4.033538971840406,1.9129755050389703,-9.223672078975952,-5.581713494548456,-7.874035967390741,-1.67192465708715,-3.1758590368754542,-4.135680145887491,0.8740357212975765,-7.505712064973154,-9.514366308767597,-7.08514017251799,0.2385881342385605,0.5218396452699868,-0.1850373025667486,-10.333942460670391,-9.421423877702487,-4.1904014403281895,-5.184824851464755,2.438487702565728,-10.354821247440253,-1.5472878023929852,5.327582470457954,2.947273066872328,2.375980440382228,-3.1424906566099264,3.9601462345754976,-0.5032113365062078,-5.040716852383611,2.372415128381208,0.14288731216349032,-9.419484854678862,3.613039003161988,-4.693848247461166,0.5163037977175278,6.178600876079504,-5.483796903915338,-5.922985224017667,0.9071690545777437
-3.0863480914285324,0.0,2.158669299761388,-1.1415758354472276,0.4065486141863918,-1.5091863458830548,1.6539818780419104,3.564582732726441,-0.57555211535827,11.154813679995865,2.7166351058779306,6.5442658822126045,-3.568513482387377,-0.6437071593419734,1.7663935530158148,-3.4069175251096833,1.0124643978623586,4.732040516795196,1.252348404961862,-1.6308806042358497,1.6453294302078103,8.444152078583697,-2.1115028786336847,-0.05552825691087081,10.91743628336345,0.7379727088952083,-1.6107151066354608,0.5651405799732612,0.4939956559235096,-2.4930471101279785,7.966034396869293,5.819880101538803,4.0182127806342045,10.063934963824227,8.845727221274766,4.970975198994076,4.898656631611318,0.28363479773148403,-2.546827550422024,9.849984368358951,5.123545009599315,-2.0992139926081923,0.7269400690903423,-0.028997905265444743,3.9971339358257754,1.2240083150315286,0.6082433459415019,2.13372283522513,-0.892554926517923,-0.17673708717395487,7.2249424075601425,2.2571054951167424,4.859072367137868,-0.19864587846868803,-0.048094774689149446,2.2979613394936047,5.263932166103665,1.8985177450479347,11.99460522715085,-2.2362763838343898,5.27130441666604,-1.3328998667824303,7.892747385310026,1.6643100033847225,6.789442247007047,0.3319181387474613,-2.013732783394928,-1.1105491051743503,7.317347698127023,1.8267132009206977,0.08652368426547088,4.079248086525416,1.577890182253092,-0.8945644554330439,-6.138518344085859,-1.3080153145633915,-3.958424496511436,-3.2349241208938846,1.0774818952916358,7.962170561952744,-2.535453438156668,-0.6678589260499462,4.670697065717746,4.739381278512422,6.733826316967754,4.824873848304402,-0.4776248105596901,-3.3676795127173222,3.8895874776454313,4.018661622517121,3.9638348307654367,7.323453055790497,-2.54067403367928,-3.722875094885015,2.848390521487742,2.985438232369498,4.5822357133663365,4.658818038291752,1.0145688300193878,-5.125771264776453
-0.8549259877867158,2.158669299761388,0.0,3.1348135414689846,-1.3570503299530428,-1.6473541378403875,-2.28827610914608,3.125690017023775,-1.79576419127371,8.90913471116995,-3.801931761517408,3.964784489364944,-1.6678614754112693,-3.4488531024029934,-4.57693444685133,-1.2679860632812363,-2.3024460275974215,-0.15397093719150207,-2.021885015810448,-3.1131859773358865,-0.4957768487341548,-2.760642258320749,-6.3028788393942765,-4.141445838723742,7.7384339292005295,-0.4227057748887572,1.9337413981456637,-0.7393064988377019,-2.765932643762147,-2.8421045444981914,2.6407233207966927,4.631581540137076,-1.346879377126207,4.012956051713984,6.229059290171908,5.333036419279365,1.5373786083109864,-0.8677012896205746,-4.291330762776301,6.088526929829771,-3.465398838189788,3.2026617680747527,0.007250339810351757,1.8260763849020825,-3.2894660408749727,1.4268845283391216,5.243877599890354,0.3685358998104458,0.3922880274131124,-3.920839616422042,3.0910939988425947,1.5617510144583628,2.0039903622379356,0.9731728614859773,-1.5459789115646128,-1.7207316966448705,3.943757960442485,-0.6294682648730108,13.463245422411674,-2.2050977730954373,4.19422405195742,0.4761514441025692,0.3860438356690311,-4.74272108887451,-4.430730445818348,-3.708134052597616,-2.351475667973886,-6.940514565492681,-1.8979875946075,0.041125577092753614,-7.395425322898141,-8.672032048453078,-3.0443038107983726,-0.08812702554055625,-5.466249488957313,-2.287134917596124,-6.793025924363947,-8.341257547151534,-0.5212967532295145,1.4889068291245906,0.2836005383111698,-2.9662962005933275,-0.5348888017751409,-2.5323242778517985,-4.229518060138833,4.028800575154886,-0.06749905959502019,0.06920129549479398,-2.573691335797975,1.0212972927870472,4.592126324359418,5.462034668934713,-3.574891124065864,-0.21828216844007484,1.6098457866086062,2.357110099991782,2.6672670492906256,-1.3315587701668183,-3.015920621756868,-1.93839209434398
4.516841221265064,-1.1415758354472276,3.1348135414689846,0.0,2.5412040031040326,-6.841503131080385,-0.7532273400732622,2.7892807493304352,-4.872463271333364,5.7184921521932415,4.195550555761261,5.581658640960816,-0.8010140700043555,-7.512099397303027,2.561536034824015,-3.947720630182829,-0.5248921712896923,1.1073109644731383,-4.833929631140308,-6.14122197466243,-0.8332187503831987,5.808224768559746,0.6503221931094514,0.40773124489607737,9.109105648591363,6.200461895413041,4.084733066744437,2.6150157192510832,4.711658309570667,1.9041618641581433,7.033536613235011,2.768302776522394,-3.722362999687604,6.736409277569342,10.882342637801083,3.0517142204805343,6.708650782756699,-1.1592200874318972,3.681918072820881,5.277464898937835,-0.12814208430735752,-2.6890551051909246,-4.619754358882298,0.45847376664244144,7.956864278584683,3.385579100484655,-2.7225097580084303,4.704481300117929,-10.024949594457988,-2.2546502744173225,-3.4230055113915188,1.3694030343534316,1.363124531545047,-0.8754673303391343,1.8325129924065635,-0.23240222847129197,2.6183174978147483,4.827363555181262,10.730988450954284,1.1511694466225593,1.7581938043653746,0.13410738877199935,5.646051311418819,-1.0279616048258249,4.089913356403429,3.5040487397013704,-3.281082954824998,2.745243768294649,-0.2452511309197062,-2.28845047685457,-0.9832837255596493,6.311131280811543,1.1811263816186888,-1.6060159347134977,0.9106815079751,-3.0733275708487064,4.734378886312538,4.7882541411361235,-4.59223221724536,5.991988847289823,-0.751604129253824,-3.437691336956654,1.8743983312982333,-2.170290002514302,4.651145809841601,-2.807855088985223,3.5382194594599783,5.38140135947949,-1.331669583625995,6.551628560700203,4.962243951540801,8.498553470834107,5.91916503258062,-3.003867862853068,2.5031531748549183,-2.9240613131611,0.7298313558218247,0.2831594170200575,-7.1086327811933465,3.0654919296904386
1.8383147150739252,0.4065486141863918,-1.3570503299530428,2.5412040031040326,0.0,-4.482348559081409,-2.068954834387746,2.9840205515725913,-4.48036350862938,-1.6975628393769147,-1.8645893220798408,-5.158284329891609,-2.528992867693335,-6.893755280172969,-5.427112616582655,-4.068189365676641,-6.978377042452992,-2.5182460119640995,-8.38336247794541,-2.225363594821373,-6.904286733864113,-2.4983779055706425,-2.7230774729965184,-10.718678291899153,1.1841273408858548,-3.6182448421364586,-0.5810674146459703,-4.660640995716702,1.2187982368791896,7.610107963920221,-3.0251654488637407,2.8504476942568577,-6.686334057730332,1.0952974411599943,4.73694092274987,1.1599741752420807,-0.27082914578514383,-2.412398814056623,5.5380660495251,2.496608492488513,-3.718471213975534,-3.4818263793846356,-0.9055527507966392,2.6560698516539927,-2.712832530714053,-2.2847304746075707,-11.547620363559934,1.143917649997142,-2.269160310461868,-8.589558334329562,-2.261083481128403,1.4978147151692172,-2.0237354299869046,-0.12728606200140435,-4.233035239732277,-3.5079918933450918,-3.0759194335663396,-2.8527045674084825,5.077608661354738,-3.8944764261552423,-2.497468325208847,-1.0508154403759364,5.480552968674269,-0.052925211417871695,-4.133325338329871,-1.3040066166099968,-4.507702714356388,-8.675836011750732,-4.3387935409382274,2.320105368069606,-5.6877389562949805,1.0268458923867179,-2.9203360261988998,-3.750708002217237,-8.537589666558809,-6.211807495683358,-2.720517652737392,-2.9374022119836174,-4.14437709047965,0.7550860999198123,-5.195960437808001,-6.960135735139704,-4.361394062299128,-4.204539726948491,-0.9161100356090531,-7.731342646113641,-1.0256034088489607,-3.453453806159328,-1.3005481167329824,3.7527923051371785,1.265916844153684,3.824800729642881,2.52322887280076,0.8052916321927187,-4.540215706543365,2.978165929485331,-4.892367805530673,-2.9429781885870208,-3.225591862440228,-5.1759984802309855
-3.4368438345944656,-1.5091863458830548,-1.6473541378403875,-6.841503131080385,-4.482348559081409,0.0,-7.845795748171891,5.8538095375671855,-0.44811977302633454,2.5962996806849348,-4.247427764254826,2.017547152913465,3.928048769515833,-7.758621611774487,-3.6057623702233257,0.6464258971178147,-2.050502004825491,3.8158239566548096,-5.350828806596171,1.5232788655195855,-2.8727311780518945,2.9202883113787848,-8.170850738224404,-3.6562130838680726,5.335610393269849,3.0482904098708463,0.4841981427545138,1.75161593782365,-3.8923014533069935,3.8683034423071536,7.790768129908453,0.6551499039748554,-3.4400121279383638,8.766492282936435,5.635157697391225,3.1528128237444135,2.616920367512344,8.131835817654437,-0.4086296026860117,1.0187546832855827,2.085211211825692,2.0418647188019126,4.222631462504747,9.214203544718671,-0.09095726590567528,8.463691381487186,4.385581960531025,-1.906295761535871,-2.017918710960158,-2.3821829973284485,2.046118777457941,2.763967454350339,2.7043088699084232,5.735115483914401,0.6576977362162635,-1.1151906959565008,6.838907800930068,4.150187666736933,3.241958267563352,-0.44018885954710274,4.036563648331711,5.019578492006105,9.438442392900551,-7.327425762450545,-5.307365749317641,-4.496465703610457,-2.7275534058317987,-3.604857494702228,3.7323652522004394,5.058689313759976,-5.3754639023382325,-3.6917686320254126,-4.529453150720693,-0.2791589343171588,-1.1573482331295732,-2.7580397177358766,-9.57294500054248,-10.955034335697327,2.9626458400005125,0.9854278450686237,5.2549117991706575,-1.7258100894167352,0.8578794122486122,1.1492668196868776,-0.40011964266688615,2.9894894474127476,0.3964183523263632,0.429320010838762,1.6797356706247972,-1.387435567997657,4.691530454677646,3.4799242888940647,-2.2395917188922407,6.578184429771369,-0.3033898968983859,10.84399466843586,5.675016507922713,-5.436344929513068,0.04441501488547429,1.3171403247116407
-12.763473571048204,1.6539818780419104,-2.28827610914608,-0.7532273400732622,-2.068954834387746,-7.845795748171891,0.0,4.826421629817178,-1.0998669371397647,4.175621217448351,-0.6493739447732904,2.3559252902628516,5.26530130981324,-7.564532650917747,-1.3351026959603791,-1.7775811486482715,-4.2577734027536716,-5.6723325333450205,-8.397886383203705,3.1677255258475574,-8.22469677970565,-1.6794263703797705,-6.098251382856424,1.2968571051574815,6.102236308035648,6.146444037809424,1.6433801137268491,1.8544327813000687,1.6498078581078104,10.232225889759876,7.17133678494327,5.8638031698792314,-5.42792617734106,-0.8246028723476697,3.1777916776549207,-1.8835310509055112,6.719092876730228,3.1041270278823268,1.3825156432757526,2.8653718286912304,0.5579533736642253,3.382249478133306,5.7677495537929,7.369399157746992,-3.3363251462325385,2.318418544148743,-5.737752150786976,-4.106575951054142,3.1601871766889604,-3.5140930779533694,5.1686365747235,2.636434251804379,2.8002334911452373,0.1532793609442106,0.6609833424827343,4.8617006885527365,4.090364938925874,-1.7235621349250343,2.892031284595152,-0.8531335881454184,1.5325736541629655,4.1379369117247355,2.7156278537819287,-5.28755118707885,-3.2102877474021434,-3.2069414891744366,1.1972519240395778,-5.1761069054788935,-3.930039000823175,-1.0773820435310664,-3.9226620724871424,-1.2768974959071555,-7.386740765188435,2.641436733126521,2.18124720983658,-0.7180909958463019,-3.868396535359772,1.1359940055003988,-0.14947117004752875,6.256459195567736,8.597083464290963,-0.30399719683819926,2.454706667351368,2.635162212388797,-2.3476500221389585,1.0132939081561607,4.417738403670305,2.0417634802536244,0.20693994175371389,1.3162080022646527,3.9922281715598182,5.007833946451448,-3.3344228071581985,5.272793999866983,-2.51639293921028,7.587206626168192,1.017085183020695,-4.3945010869942935,-1.012488838249206,2.0589050081221005
2.284079632506361,3.564582732726441,3.125690017023775,2.7892807493304352,2.9840205515725913,5.8538095375671855,4.826421629817178,0.0,-7.2760915661030685,0.026525184829885456,-3.420843822925737,-1.1653283400261767,-2.912895415206032,-8.563621048467905,-3.1703355317415887,-7.876018043207046,-5.713674707808807,-5.444412760214234,-11.12217289228116,-8.536072509645354,-11.410961896948915,-1.6045717731246254,-9.693027751783315,-6.6833741192081995,4.812824204074236,-3.66170243446868,-3.993327794836356,-2.845646219278643,-1.3155750669450943,6.4707975944044,4.752078104930497,0.7535054516053331,-7.044813635245654,-0.6989639875719768,3.636721687096357,-0.6231549938583665,5.2249712050692505,-3.6924213330359374,0.49460567574037495,-0.23751293080347363,-4.9612755049210415,-4.1241745547178015,-2.931787955666557,1.4494600369060375,-4.036658118227715,-3.2076227829472908,-8.720505544165404,-3.319039433968942,-4.333219999542219,-5.869262329834873,-3.087507729707782,-2.246905373439364,-4.615436716543579,-5.96228235197336,-3.3349326754742177,-5.836032177891405,-2.4967720027367686,-3.553037496555042,6.094349097353092,-4.35795050483351,-3.255644868469567,-1.0877696190655923,4.832171475783482,-5.736976305736428,-3.444348570195488,-3.7945481341945126,-7.7010346138142305,-9.208955078369025,-4.595592519159748,-6.2424429683785005,-12.529221799767814,-2.991517462058466,-6.54171798049826,-7.020427376083539,-6.576427204299487,-5.576563960764856,-7.23493885584147,-6.36833300674102,-1.2654725489583916,-1.623720245718952,-1.0552174859546728,-9.117538808563744,-3.194975764816393,-0.7191586699572523,-6.029795958903946,-3.8184715790867614,2.4020152498036595,-3.637935661878649,-5.3711815039303055,-0.9347392822881744,4.622467759879882,1.1513800146593172,-5.834499497259209,0.8768644647388921,-4.834695678589672,0.5836410812521129,-3.207134629603205,-5.441948070231828,-7.802950468741994,-3.2965052855720187
-4.349983813514135,-0.57555211535827,-1.79576419127371,-4.872463271333364,-4.48036350862938,-0.44811977302633454,-1.0998669371397647,-7.2760915661030685,0.0,12.932939641246575,0.27824262039608694,3.8460235338702216,-4.8729084732904,-0.503892664719687,3.2269086870407344,-2.4270996989150775,4.059201070393726,1.895713212403294,0.6290426139838763,-2.0479937376407653,2.954123274030848,1.3184192136666448,-3.485295209288641,-1.765415867377162,13.58551352256534,2.171478630733774,-2.1782558975509465,-2.8780153392521446,-5.1977250465066485,0.9745764862681946,9.210124033816856,2.3776777010214327,-1.3166693519386992,6.851103065208301,6.208627991276265,1.4173974545206303,3.0938189936801375,-0.4729828853296195,0.6830597200313262,13.824299965057389,2.154929779530803,2.5927611501577528,4.561871340550886,2.5486049454018764,2.048880075293447,0.8770031688847383,2.5712395056496584,3.3132952177208344,-0.031451512245394414,-3.3628834734358986,6.232632171485822,3.0573223743117515,4.816459927401899,3.1587361141280814,-0.4267790586244464,3.344456147979374,8.536766352467504,1.588198553463512,14.309227876051988,2.8531035319773768,3.1324294417140024,-2.4782814520048784,0.7899848100574115,2.8170689476472686,2.2022373055981337,4.368118363379434,-1.4028519792141516,-3.791526182240264,0.6536375193199806,1.365878494439001,-2.5958809170902444,0.34083764474464834,0.597152024626002,0.032700491318634686,-4.119899173879391,-0.666557502230281,-4.939013733167427,-5.058040126088153,6.699737033738577,4.92917222027181,4.090593201615941,-2.3447548810046994,6.820972759202208,0.5456084110796441,-2.4074166962941965,3.37523146036264,-1.9420753414897245,-2.117169181165943,1.1316791469887693,0.2848248018426541,5.866757707305529,8.746602568385187,-0.7718327899170494,0.7065649306358041,4.674563273875278,5.214358528317064,-2.1490152798819278,-2.1782866903088687,0.39329195566784386,-2.9368193943709118
-3.789820023496131,11.154813679995865,8.90913471116995,5.7184921521932415,-1.6975628393769147,2.5962996806849348,4.175621217448351,0.026525184829885456,12.932939641246575,0.0,-2.415044584094105,-2.58849703211613,-7.574173893601318,-10.590444342910455,-8.357389510102427,-4.121284498116145,-0.07772481798902389,-7.131516671596009,-4.5583677763273425,-5.481811968778308,-5.3822064648498165,2.3014086866142596,-1.02569992789213,-0.016716313711320627,-1.7263538312053512,3.251495030881124,1.138746618383612,4.454076862527418,-2.4238201111933844,6.092706688050296,-1.9956474583962536,0.8605680777752028,-2.345307265185672,7.388916259045704,4.768943011652303,-8.860786971350729,-0.8763912097854032,-1.197533323019386,5.650488532569634,0.34083606030069746,-5.519902501981371,-0.9891996315870402,0.09112101524593609,6.55754782031714,-4.184934375544502,-0.09155310072450336,-2.7735116074165744,4.091526589808316,-1.7545622051577308,-0.8952165646864235,5.431405555421332,-5.769142327488912,3.45930087732669,2.032602858741735,-10.274279339820415,-1.8235858821720028,-2.8796851294831503,-2.8957206809673344,2.609767020832192,-0.7597526160007809,0.9217512073196138,-9.27178405243636,-2.1170325554726417,-6.521703190013344,-7.292820373226144,-9.169184655240235,0.7064131861124884,-4.689142837879965,3.1127839552033225,-11.78130967986882,-6.62757412558617,-0.7958675401909554,-7.037416977005641,0.12791590280291149,5.30405316143696,-6.0115083678741685,-3.639763648748024,-1.9543148391201168,-5.905202920282356,1.626649854475662,0.6332327707661124,-1.4494293294036171,-3.3325512853280044,0.3961252899888047,0.6814568858545604,2.8269028173300654,0.20509883013426433,-1.564169452865949,-7.684076514700283,2.640858798924581,-1.558594903910676,1.2802695599659275,4.371971988779853,2.197543761250619,-3.1158816114693906,7.189387005389508,0.17599578974925387,-1.1569929850462584,-7.93476838517222,-0.3978357528277718
-4.202367676290564,2.7166351058779306,-3.801931761517408,4.195550555761261,-1.8645893220798408,-4.247427764254826,-0.6493739447732904,-3.420843822925737,0.27824262039608694,-2.415044584094105,0.0,0.9859533097924925,2.4630054161856063,-10.811624248380095,-4.672441509883148,-1.4781159417746088,-3.3719301118740095,-4.025902717454364,-6.959930426787226,0.34258941944190713,-3.825317356004859,-1.7644874348880955,2.463814934281724,-2.6650432334843344,-0.6260877522740198,-1.0549677148130063,1.6815950493235792,0.547595112935652,-4.318474869786711,0.2607187744354478,-0.715291772698365,3.73449503938352,-4.513196281642589,-3.4816394159583126,-3.029424447420386,4.51389839636308,-5.961929120886321,1.3179659983769172,5.285549484121059,4.531574660462786,-0.7405798406005561,4.872494513433087,1.5662426411675971,6.364701977728456,-2.3805690237404526,7.419499899218854,-0.22448074851028224,1.4427182020185758,2.328344080607301,-6.495501772201665,3.731918595460777,5.709903299092251,1.5529606659436028,-0.1231663634738898,0.17739172731667935,5.564485788692912,-1.2938463934362987,-0.5924326271432327,6.202154832851385,-2.0346754310762103,-0.4191957380162131,5.789264708488576,5.476589978118208,-4.153246140208911,-1.3696595305387111,-4.345974125389293,-0.8064216467033776,0.9117718435914484,-4.086502771553867,-4.018382113295919,-3.23783632881666,-1.7093621845558484,-3.2466704919164835,0.09369455396240185,-5.645498845320248,-1.6429534429652033,-4.381577981074905,-0.9935756482946944,-1.2190427245996107,2.081744089526977,3.8938731077054416,-8.133127917018719,-2.5258467217589864,-4.270453807969332,2.177094522592235,-4.078731163235322,-5.654367247403878,1.6457870364668383,2.740491629482672,-0.44518549600312046,-3.056267170027713,7.458172488398451,4.420920860308788,2.725483420910944,-2.1163814578475004,2.9216750657206343,-1.3509672110654505,0.8979779988623324,-1.6605543526443252,-14.112277564888636
0.7256723336332169,6.5442658822126045,3.964784489364944,5.581658640960816,-5.158284329891609,2.017547152913465,2.3559252902628516,-1.1653283400261767,3.8460235338702216,-2.58849703211613,0.9859533097924925,0.0,-5.14868562797095,-8.087009331535953,-3.7121272146527415,-10.503715757191053,2.647949302237113,-3.8577767300845207,-5.677203948745736,1.9018291401125815,-2.2877480531370247,0.3195538407179605,2.7584503561614793,0.027105072424130024,4.353902938720526,3.532105921378113,0.2974507378246399,-0.2320159257137051,-6.191783330718232,1.6672125903754793,4.781967623508136,-0.49873706348169894,-2.907858030369052,-0.4636702324958106,1.248294350960676,-5.535863400034911,-3.947091481940385,0.1666645498779635,5.895345779046347,7.334292950187453,0.3227835113210548,0.4412803342444448,0.24050399318004417,8.902140214263241,-2.5680908384205887,2.994486593746922,-2.9327080667100835,1.8721898022636432,-0.959837087384107,-3.076960592741005,3.9605719567958784,-6.023008725116111,3.992512796158635,2.5225764998353846,-3.84795464553954,-2.6488771917437006,-3.3996903518148334,-4.7242807249728695,3.8734551854203967,3.2798288047642603,5.255110851241497,-3.5979462588002264,-2.5706112718877727,-1.914613786625962,-8.756267385800115,-1.8213096799289945,2.136480077295199,-5.888821416005563,0.3633097472175525,-3.312334527631453,-2.9557134043873248,1.0989358731613112,-3.205225243300332,2.231489058284107,4.250088606005088,-0.3942007686519487,-7.814790073929198,0.890036093941888,1.727158945476823,-2.095597715517459,4.415712373922873,0.8667962503045966,-0.24019468090101428,3.537832666671497,0.5688620001125733,1.7502859027683273,-2.854533844960512,-0.9720425700612944,-4.963173905473995,4.049874121392601,-0.40451140393547824,1.9301610611771556,5.443636733925603,3.2730002026652314,4.716116834210555,6.405550300068556,-0.06186868327202292,-3.3376468074388006,-0.40032605010549294,0.8617728291032861
4.926221704971093,-3.568513482387377,-1.6678614754112693,-0.8010140700043555,-2.528992867693335,3.928048769515833,5.26530130981324,-2.912895415206032,-4.8729084732904,-7.574173893601318,2.4630054161856063,-5.14868562797095,0.0,3.85462659130676,1.142866647312513,3.8576063751025975,-0.9103259741528512,7.485952702522473,6.718058575737593,4.75386449247594,5.256065020638755,3.3620848816777134,3.5607094870248948,-2.028336388087628,2.212752001094985,6.829750402445962,-2.4446819038299137,-0.6469389823786048,0.771765301565372,-2.5615055005184444,4.221751048524268,-0.48976079790958266,-4.047663123263831,5.0225788166108165,0.5837378404434169,4.058826635653702,-3.3665940290790495,-6.812703598548479,-9.060656733824812,-1.0314521796809075,-3.475756561954177,0.199326608804181,-3.8624902933041647,2.228063414412217,-7.862990300823705,-0.6238012627997744,-0.8256232222357902,-0.45073278722905674,7.287519324146622,-1.6945057736920908,-1.1861204497190099,-2.0302361774170565,3.7693642420378506,3.430542308517347,-3.936402368707778,-2.5924202631487385,-4.050504418459856,-1.8998748764718136,6.0776724195903045,1.1365348513778795,-1.6515910780449403,2.4519828622192845,3.5484838053191767,6.036989852080156,4.513463583471647,4.699026430486721,2.9629545542962243,3.930216552475492,6.033242257356865,7.108987028261288,6.993173234700312,3.0634529766740304,5.25791782032372,0.8763223411804576,0.46622501553546625,-1.536711820703636,3.611676059124608,0.23180585335999612,2.1712321906073786,-2.5377443834532074,4.476142053102081,-1.7417242797709924,1.8323768527437787,0.1934345782805079,-1.0102155123087406,-3.855215819209445,-1.8351226485874328,1.951536809182017,10.34301423088464,-0.22313920688294664,2.2151185510595806,-1.5850154598523691,-4.794310767462379,-0.4018395230474543,0.03112224021478609,1.4860907212576115,3.2212784240212695,5.626084724252797,7.3304328236967695,3.865882510503328
-5.563109540273592,-0.6437071593419734,-3.4488531024029934,-7.512099397303027,-6.893755280172969,-7.758621611774487,-7.564532650917747,-8.563621048467905,-0.503892664719687,-10.590444342910455,-10.811624248380095,-8.087009331535953,3.85462659130676,0.0,6.5157114182091505,1.9750015093555624,5.749119888673542,0.5830593829720244,1.746420218971955,-0.878661787475436,2.6775534736825994,-0.6921190714326483,6.117692139938992,4.330262525685473,7.939186077134038,12.383642118803872,5.393962749239094,-5.17690939305275,-0.47764033910818393,-0.5939357618905264,3.208721707339833,-1.362151970466522,4.112293074413103,2.051481554374678,1.6198305920993767,-0.659527262592102,0.690692898091869,0.00590385828246277,5.320681254914206,11.460583423899148,2.455584708513781,10.897999965991652,2.188050221442466,4.521605679617212,8.979692964672893,7.435329145148832,3.06101258281812,5.774275686773064,2.425200930656189,2.0723752954529213,9.536216684617816,9.438963444858503,8.448331926403604,5.735312450156809,4.72906795488963,13.809152758404876,12.83326166644146,6.2059755304302096,14.33339531309928,-1.9601694193795425,10.146334704350746,-2.978807874683782,2.1548016454144245,-0.3663089338714198,0.7528451454552975,1.3280537688974967,6.653228394938729,0.6922281585576131,2.9514235890791527,0.04922550527712181,1.0433656966071605,-4.66715573893097,4.224339987405317,5.5933951983819785,4.016943367904298,9.930550854144894,2.425609826873158,7.183321412469461,-0.9108024750063181,2.583481451352954,2.3892636375536824,-0.42512272350169295,3.5360589973091394,3.897627713500912,4.447439063739376,8.12361318296146,-0.013255296720373488,0.7812651348704478,-0.22091764277847495,1.8254450648234135,-0.22778989378279887,9.914953200559362,3.647384778017552,5.780312555673177,6.643287478240893,7.012421067633476,4.991878582716421,4.563865260072711,5.605110128074188,-0.6941711529661216
-5.9290930282032654,1.7663935530158148,-4.57693444685133,2.561536034824015,-5.427112616582655,-3.6057623702233257,-1.3351026959603791,-3.1703355317415887,3.2269086870407344,-8.357389510102427,-4.672441509883148,-3.7121272146527415,1.142866647312513,6.5157114182091505,0.0,-3.750094990991832,2.0395609306967315,0.7178636877234382,-3.9412432510013815,-1.7222938088200912,1.5963894588332828,-5.156991507091805,2.3595895897518964,-0.49005469537795104,5.269589773293606,10.076351726830763,4.966077338099651,-4.704350686289327,-3.43041764874609,2.5987663960508436,4.195812614912916,-0.360708667243234,-4.066240560097167,2.252375584033616,1.7855209113964123,-6.6427781897610725,-0.7562832378236913,2.3245307282245258,2.534188473752976,4.325627338511304,2.2408485739071575,7.404572979358277,-1.0422814261590103,6.5429702131973695,1.0043561188829553,4.816766399799848,-6.246563922894811,7.781702708966257,-1.5133331752936257,-6.8038386476967565,11.473421458613904,4.969243736580812,4.126773428566297,4.99339443419831,-2.1884366034341998,7.539080843973426,6.094958832405873,1.7992047882593252,8.115473332259882,-2.3401074910737605,1.885942444443932,-2.239972532551329,0.7355112939164574,-0.5870476818706553,-2.9218775445821334,-0.008653138724120062,3.5217295643777984,-6.856038222067772,1.3394817000428163,-2.118029039640371,1.8582980021611883,-2.8101794721297817,-1.4575190080172205,6.014896457670141,-0.15946348379064507,0.07950398710660561,-4.13937743083388,-0.5737137994736904,2.352777828245636,7.248511051838968,0.6833842218344045,1.6277327256891498,1.6575274576680623,-2.421269668103649,7.111518275142704,1.7842340182351015,-2.635751262922401,-2.9422034613318093,-3.647318164000705,5.164405075586183,4.4629395718656655,4.631982464434351,1.7032275633234923,5.713020069458033,-0.3346165805900586,10.058377918030386,4.656738979604376,-0.5601815810621156,-0.7339599791668803,-5.219274252966665
-3.258762527567245,-3.4069175251096833,-1.2679860632812363,-3.947720630182829,-4.068189365676641,0.6464258971178147,-1.7775811486482715,-7.876018043207046,-2.4270996989150775,-4.121284498116145,-1.4781159417746088,-10.503715757191053,3.8576063751025975,1.9750015093555624,-3.750094990991832,0.0,-1.0555436641477345,5.470373727389954,-0.16746357641106654,2.173744273618724,0.11885642652799452,0.6147206181355204,-2.690811715765076,1.3090191420131123,11.272326939384483,6.678704662493095,-0.38854175222059933,-1.3403342955853608,-0.6208074419414661,-3.4278843971876705,7.159788864371833,-2.9571420672104245,-4.2516503712085605,5.614310456530515,1.0723514783314152,0.5924855972537718,1.7701373659429627,0.43722791842341935,-5.35498625962258,5.047296670050984,-2.203134100055487,7.534661059849653,-1.2007938723805196,1.145759975571231,-1.7233666524764053,0.6214375761890324,4.432573152804977,6.042321372694598,-1.3392215713427889,-2.4643262085190925,7.730089571478981,2.442357181303352,7.426264314715682,7.132834670304595,1.5190276651214192,2.854646581351836,7.061439549537366,4.831591995127951,7.615148886118471,2.3237470808044067,8.95331314092702,0.6223735776515054,6.3740163832157615,0.7180185305807065,3.1873399098479425,3.242784866195705,2.596258522622012,1.1601504605465889,0.00705880731113678,3.6944937207346418,2.669595306732429,-3.475013394984035,3.604282277250892,0.6852502286395497,1.2470349044749156,4.512919337951509,-0.4972399097588804,-2.0327490966650648,2.484411201054945,-0.17055246853834383,-2.235025904111928,-7.641842700870587,1.4931744574154027,3.1656192755774604,0.8049189587572757,5.1754763411881,1.2662068121313277,5.286375533704096,3.359415004749846,-4.7337020687093485,5.00070241963485,7.951633079874608,-5.9304424428838,2.215676849914409,0.45345764143457246,1.8032156458817583,9.707350721223156,5.086865653844665,0.4860963226638624,4.7697824430980855
-4.472265473608438,1.0124643978623586,-2.3024460275974215,-0.5248921712896923,-6.978377042452992,-2.050502004825491,-4.2577734027536716,-5.713674707808807,4.059201070393726,-0.07772481798902389,-3.3719301118740095,2.647949302237113,-0.9103259741528512,5.749119888673542,2.0395609306967315,-1.0555436641477345,0.0,-4.155531926388033,-1.0518758956508711,-2.697999807048095,-1.5006367335090018,-1.528718120865718,-3.2717955118504936,-0.4816936617548279,0.6254713966010332,8.031413715535928,-4.111522642030625,4.316901123430356,3.942439786063217,4.635418714847741,6.672716371549818,2.0766096647424472,-0.05329394229062661,4.622100880457183,5.38761807867807,-2.3579741529819445,1.1533238056025215,6.228764777656309,-2.099426423414615,3.181227917410184,1.7804186438489733,9.652165694982385,3.3962925728889246,12.709703856989355,-1.9411657318693325,4.879483298165974,1.068137368734262,6.76740281730628,2.366603219474927,6.080534437502245,5.948338621509404,1.0945016837402415,3.7461507367838656,-0.8060158883652148,-4.150314750638067,5.746793659553172,3.686299151883852,5.049120727760354,-1.6941906668289088,-3.5359556233270606,4.209530942544692,-0.28354671164450246,3.6732645833408815,-5.0250186341992045,-5.897838900589908,-6.931702311228289,6.61379098005229,-2.4693409141492015,-0.5039118126485653,-8.02593323211,-3.2142241767791138,-2.5639509132455824,-4.676878215446328,7.084911786467853,1.0679300861743164,6.402309381195079,2.2288340423143977,0.5323300094559329,4.636623284742098,2.994850913454001,2.793134205783669,0.15357674397949703,-3.671391832532168,1.7607733731613475,7.105013887509243,-2.158232197159176,6.5895728432655485,5.719977383963808,-1.149034045165939,6.299861349446573,1.6657917383263712,4.84725552469737,2.7800613406800885,2.6094087500869017,-2.6558020542726553,10.258644353398504,3.837968559517867,3.361515988891184,-2.523224756192848,2.749472649010387
3.6071920875009864,4.732040516795196,-0.15397093719150207,1.1073109644731383,-2.5182460119640995,3.8158239566548096,-5.6723325333450205,-5.444412760214234,1.895713212403294,-7.131516671596009,-4.025902717454364,-3.8577767300845207,7.485952702522473,0.5830593829720244,0.7178636877234382,5.470373727389954,-4.155531926388033,0.0,-0.2759518943099988,-2.1963853273622544,-5.631430891716679,-2.0614752387896567,2.4569219771879465,-0.6914951865705632,7.154506216112663,4.587899173558989,-5.274456379076331,-11.653815080718868,-1.233238613708585,-9.1221499900428,-2.191848233742673,-2.3324475367293207,0.3247319368527572,1.7082350327796887,3.571341923418475,-2.213405829920407,-2.0601735115380566,-7.009415283035576,-2.229307444400466,7.619291174416334,-2.406175298214423,-1.6613018418306964,-2.3279477180374055,-3.890744864343031,-4.141611480733571,-8.961374417875971,2.6056719078749286,7.470838095828719,-2.4658166552364156,-0.29729606253215585,6.226084912374254,-0.09728218905179149,4.496696475276379,0.3286428865286408,-1.2055963071235956,0.026381399750464024,3.4916193450229605,3.3982382022976543,10.277242560543032,-1.3675216902107927,4.255954843072038,-5.3836197301043525,-6.796979149597855,1.1984495724221471,-2.4529676376424594,-2.0412063693299225,2.522136471070866,-2.580546210214448,-1.1159259413666291,-1.5381675142275353,-1.4124955417468843,-6.263336757766536,2.688195733169767,-1.5031308177562424,-3.5645742370833675,-1.3600954946125865,1.0958683127630875,1.9673742004250587,-4.258677671092673,0.41986008972466166,-5.972115043556145,-5.674860101938764,-6.322908069453881,5.774762967932016,-1.1498295719961462,2.031900220114812,-1.3581440968464351,-0.9901764996583322,0.8254906601872728,0.9523233358122288,-3.1528292309207706,1.7176563000365075,-1.1876033026291724,-7.194348831166624,-0.8637531740773142,-7.793477360693395,-1.4422726671128243,5.286276564048049,-2.24073257754278,3.45178816490162
-5.704454055852369,1.252348404961862,-2.021885015810448,-4.833929631140308,-8.38336247794541,-5.350828806596171,-8.397886383203705,-11.12217289228116,0.6290426139838763,-4.5583677763273425,-6.959930426787226,-5.677203948745736,6.718058575737593,1.746420218971955,-3.9412432510013815,-0.16746357641106654,-1.0518758956508711,-0.2759518943099988,0.0,-3.4333271113497528,1.2565227225147155,-0.49957329749220153,5.380561604717256,2.045881691812657,4.709470960623452,9.617070926311492,3.98614184567558,-0.6421201051263482,2.0159146742273006,1.5205309601160308,5.072859815240232,-3.1108249148919502,1.4061618967683258,1.0284022659748746,1.5707341635032714,-1.7327009477537059,1.0740731676939703,4.915974802985305,6.371903513967872,9.011281210090353,4.758485963783719,12.522050927330667,7.543722965288317,12.319763311650291,6.66150216585606,11.216942899710684,1.1814857570251542,5.6267084068744495,4.134708161819077,3.6530199462749984,10.322771737361892,6.991107900241944,7.291021321093661,4.341997576018618,2.2642882504938617,12.10894520973042,8.375017623247873,7.557099425354589,8.102180692526243,-5.239459385541408,6.37542827723755,-3.8144639416545063,5.5481178066905485,-0.7381033970879446,0.7199401426096395,1.2862617031438595,7.905371502537555,1.067476037638155,1.951028562744154,-2.415006717020891,1.1184538333026324,-4.420596985677688,3.2636367957391625,7.743214513765037,3.013781293685872,9.975072271273087,1.9817821094215284,2.1149141374579767,2.443657103935772,3.88974530486588,1.986666698092532,-1.0753323239908088,4.794394234577457,5.328966711770559,8.704524628823307,7.009140465916594,2.4531830106230847,2.062508036933328,0.11688743882239096,5.014149509497483,2.5277518081597243,12.528279079925303,6.443422088425224,10.961853257978348,3.4010605544129935,12.707790011221382,9.866286710855656,7.023477433736976,4.310092851123351,-1.888830375910834
-2.527449925353052,-1.6308806042358497,-3.1131859773358865,-6.14122197466243,-2.225363594821373,1.5232788655195855,3.1677255258475574,-8.536072509645354,-2.0479937376407653,-5.481811968778308,0.34258941944190713,1.9018291401125815,4.75386449247594,-0.878661787475436,-1.7222938088200912,2.173744273618724,-2.697999807048095,-2.1963853273622544,-3.4333271113497528,0.0,3.046672128756761,-1.0283213173747692,0.29906504735613715,-0.8193565943785048,8.895637043247593,7.385414291088994,-2.227030339350092,-0.11792713694799764,-3.468948510186141,-2.7513821085445844,3.6719848029456887,0.34470916577214533,-3.538300178086786,6.6516892494353455,6.011125902552086,-0.29555293519196046,0.1462915686955941,1.077905637854791,-4.106558338043524,6.690142146497581,0.16514591548197377,0.4518508053740594,3.9212999127562735,-1.2086899134573927,-0.31664189695913386,-0.39792999050907146,2.709063421402328,-0.49384162757433486,-3.260039857713484,-6.791132803295155,6.030613173607333,4.058539644103202,7.3092216781204575,3.576330796146761,2.3998997343195114,0.18517621276401908,8.707313258343603,6.587929410331729,6.927802357335593,-0.8286191993012211,-0.24361678032994852,-1.996151925201976,2.862822916501941,4.0038458119213445,2.329849349780449,4.1903512316618325,-2.757204071386573,1.0499355001076496,1.950127620228872,2.6683070217322866,1.6756827961675975,1.5397763985711923,4.5721503509352095,-1.6828932820639435,-1.5124791664784791,-2.663839612015092,-0.1456553545413636,-2.716610695456185,8.235216694328441,6.628357345767752,5.2864043390622495,-2.181289135288356,6.236400579444335,-1.7469220576468703,-2.3549596187124684,1.7401766845784883,-1.594681960854883,1.8314272049103872,2.73123873090123,1.651950859290998,0.8422226221834582,1.731157246366724,-3.669398530296408,6.803198650642281,1.66383055982966,2.986293624186124,2.225719020244034,1.4810091224235107,1.9166033622762777,1.1917842455397896
-7.686797277383149,1.6453294302078103,-0.4957768487341548,-0.8332187503831987,-6.904286733864113,-2.8727311780518945,-8.22469677970565,-11.410961896948915,2.954123274030848,-5.3822064648498165,-3.825317356004859,-2.2877480531370247,5.256065020638755,2.6775534736825994,1.5963894588332828,0.11885642652799452,-1.5006367335090018,-5.631430891716679,1.2565227225147155,3.046672128756761,0.0,0.15821509739112002,3.657043942575452,-3.391620394705811,6.778000973354551,6.080944299737384,2.7809818659227874,0.48405086799407154,1.9516490686299384,2.3906809076419124,6.437896132211965,0.05471877712190964,-0.9134003767298952,2.2919714788931147,5.466412118961284,-0.20490335813541663,-1.1566864393318514,1.751992243569727,3.54593135279819,9.164106682169304,5.866499277022849,8.290541617789756,5.027489364405016,9.294335758120893,3.8566368346427207,9.246202707861732,3.08367664867894,7.383719670726737,0.6457624090567402,2.9675327152510045,9.57286418078458,3.731181990479844,6.656971707885649,9.823863270833684,-0.6431654908979023,8.378927085342035,8.5293508426349,4.161736759048157,9.29820953553274,-3.6820009360216046,-0.5805984293861554,-7.664638938972408,0.22198781133764767,-0.5452453930935027,-0.9019827057696096,-0.3708735589851718,4.826284111002093,-1.254814741148361,1.0311605226372202,-0.8112131094849221,-1.2945004387041985,-3.4683841534557582,0.8676059162876758,6.5383313244565935,0.16356149810655912,3.0139407482468568,1.3724910044847385,-1.7655277419326607,2.221041143369889,8.89104646118216,0.4466205222971384,-2.3812392225878614,3.07064914801755,4.825252435148949,10.09870332637504,2.602778143390484,-0.5782703258803905,-0.24435990864487284,0.8935056926737776,4.6137098008463,6.560272632060148,14.007999840482581,3.7051043476512944,5.763486134419828,2.542670080891118,11.468630388386735,9.447974539724296,4.654444526070566,1.7120236253465935,-2.175839291952204
