0.000000000000000000e+00,3.331065242015185390e+00,-1.428833412190266117e+01,3.878003995642143042e-01,-1.296805441954836446e+01,-4.781971692296648868e+00,-3.701163517239113521e+00,-6.303943422392030982e+00,-2.435713039902620558e+00,2.673841117342324658e+00,-5.330753929438187377e+00,-4.200414019773461405e+00,-4.504674840140948433e+00,2.092594503978724596e+00,1.609320087229306084e+00,2.312114374486472723e+00,-5.393388937397273430e+00,-3.120701770599535241e+00,-1.759886153095595063e+01,-2.919435477304354709e+00,-6.608964578360241759e+00,-1.297906147137040556e+01,-5.101647388292779972e+00,-5.021446177578410719e+00,-5.343267991108169745e+00,-4.691731035471146782e+00,-3.732733993483942636e-01,-2.006531580381675450e+00,-1.354522848690663395e+01,3.655617824698696783e+00,9.928927177266804183e-01,-1.865370671734558061e-01,-3.125507382753617058e+00,-6.431852293708232970e+00,-8.022071192130978190e+00,9.184158349327105064e-01,-4.109769602001256850e+00,-1.926906271155320205e+00,-3.664487829080643966e+00,-1.668013557692898274e+01,-2.509767173750975466e+00,3.066048611557763426e+00,8.668290472277465852e+00,-4.368320942467657453e+00,-1.180890231191586004e+01,1.300360746725421013e+00,4.560466857944209806e+00,1.399607635621401780e+00,-2.126517923776881647e-01,-1.401985486772020506e-01,-2.855166432785097186e+00,-5.825979853472977865e+00,-9.013197360015141157e+00,-8.772518775155893067e+00,5.566456960944347720e+00,-3.490278475712514705e+00,-1.282432491629691818e+01,-5.389156116172054922e+00,2.083965782038425640e+00,-7.626421865196046923e+00,1.024161434927448378e+00,4.026360619251168060e+00,2.940795530840671468e+00,-7.339575176119191857e-01,-1.227834243407408765e+00,9.129716090830779507e-01,-2.783664468352309296e+00,-4.636272326015328460e+00,-7.961789775038224937e-01,-1.836345180391570686e+00,-4.201141741246131822e+00,9.898000012018616900e+00,1.764849126553432734e+00,-6.106904216220108594e+00,1.257226051148655488e+00,-8.907619336827046652e+00,-8.567373813374707936e+00,-1.360573398670420708e+00,1.641324289725037078e+00,-5.253224711631609090e+00,-2.388577354361123284e+00,2.913330526722761604e+00,1.374500347336364570e+01,2.901426461052821981e+00,8.420528007443911278e+00,9.077403557605647322e+00,-6.965965323480808102e+00,1.011328845368239637e+00,-3.896218078881361180e+00,7.286991268560337076e+00,-3.433276174545038639e+00,-4.243044806086616383e+00,-8.036538623374127610e+00,-6.959154732267704979e+00,-2.850728880850680880e-01,-7.279945950769095120e+00,1.498841284308443100e+00,4.226229773807011370e+00,3.962476438811558310e+00,-5.548702252687546244e-01
3.331065242015185390e+00,0.000000000000000000e+00,-5.239086928942056076e-01,4.965195386828471058e+00,4.277440402893612159e+00,8.680179995802200565e+00,4.460931169919445161e+00,-2.406272782641594610e+00,-6.828591498581241481e+00,-2.241209933120945408e+00,-2.743184321495647726e+00,-6.740322725777965207e-01,-3.553895875989975028e+00,3.629409148354718173e+00,2.680664894396561859e+00,-1.640799317501360877e+00,-9.818207409885111758e+00,1.324939096199213573e+00,-8.187338748365668550e+00,5.556151368956793180e-01,-1.905277476244565005e+00,-3.479914692593049974e+00,3.459692705808428137e+00,-5.552564215258928293e+00,1.697661757382994852e+00,-5.392209100198294358e+00,4.928101753452984291e+00,4.145119899317995404e+00,-3.059136518279703232e+00,2.103299163196237664e+00,5.627111443215983222e+00,2.360197618917042828e+00,-8.742871844916960455e+00,-4.177700299572790321e+00,-7.346582539028966963e+00,-1.263976139628948170e+00,7.514919081141748336e+00,2.292190527847866477e+00,-1.540467454297828942e+00,-4.117019072533484980e+00,-8.292680315300996696e+00,1.168166069700898868e+00,1.022779598986442728e+01,3.209422561504070348e+00,5.273463981330754002e+00,-3.122385542745106601e+00,-2.033718859197848783e+00,-7.363866567010091124e+00,-6.636370023515255845e+00,-8.517924921626839563e+00,8.736695443530059890e+00,3.244943851671683532e+00,-2.235148450483739335e+00,-2.811394906750799283e+00,9.033485083966139584e+00,3.604664180825456921e+00,1.407323290916014935e+00,2.747748190543978009e+00,-9.465452135774886644e-01,-5.523816457691403059e+00,-3.319653493306946590e+00,-1.115573740776349826e-01,-3.063890453106479228e+00,1.661521798627698887e+00,1.968435366646472451e+00,2.533116707969000014e+00,1.257609559979198188e+01,-2.542098323169559304e+00,-1.627448539212395184e+00,2.637498656558369348e+00,2.902549226407442617e-01,4.181530857707114635e+00,6.779871920051443013e+00,6.020885593437580674e+00,-9.737444613536189175e-01,-7.062031551161810583e+00,6.768887137979850976e-01,1.690046975574188259e+00,1.171733747690749361e+01,7.512024676168924664e+00,1.921130489270836739e+00,5.666293178618777127e+00,1.352939482937844140e+01,-3.702802589948426704e+00,6.391623483699936159e+00,1.000795614379295451e+01,8.061204201527990776e+00,-2.243583171787319586e+00,-4.624958715163248080e+00,6.461686318739358725e+00,1.580448282044666009e+01,3.209226925198030766e+00,-1.839933629331303333e+00,5.223027284549121019e-01,1.332292933810072633e+01,8.632179176255153408e+00,2.772503507984507842e-01,3.950018727455058443e+00,-9.102213494071156319e+00,-6.413431473233307756e+00
-1.428833412190266117e+01,-5.239086928942056076e-01,0.000000000000000000e+00,4.227250688094154718e+00,6.434577796593024424e+00,1.017064984314556320e+01,1.065860102328026571e+01,1.354919785139487232e+01,1.540047710540719983e+00,8.529602774295385714e+00,-6.453518967562986708e-01,-2.366845312752309027e+00,2.214345012224748555e+00,-6.307834258946396488e-01,6.613531315013295497e+00,4.276915382196736282e+00,5.203123272376791952e+00,7.707835651281049749e+00,6.080881439720582371e+00,8.994392210154058986e+00,3.711232745904670782e+00,7.010711803242244855e+00,2.540050158094111499e+00,2.267677670003967361e+00,3.928480390978297265e+00,4.226168185695022395e+00,1.394516210592785299e+00,4.928511153137139722e+00,7.716944970815761806e+00,1.133555821903933003e+00,3.921324111183637662e+00,-4.438227846454532166e-01,2.497466450665447368e+00,5.409218962396344921e+00,5.071053201499087670e+00,7.300735895528710273e+00,7.608903062310698573e+00,1.197110138569526416e+00,-8.388913583966557397e+00,-4.694125194582213112e+00,3.572569104905533699e+00,-3.281925833221625677e+00,-1.230086972564034431e+00,-5.666221137865346869e+00,3.153120031179780458e+00,4.444559165707341108e+00,1.332440809254852088e+00,2.136950013476167420e+00,5.875478261396216872e+00,6.706153146709523227e+00,-5.678002121530216328e+00,3.111341318570829628e+00,3.232234824343103607e+00,4.125158702085541251e-01,1.148677841863140792e+01,7.478637914083782867e+00,7.628452311532889496e+00,6.177251138403685893e+00,1.397016423307698429e-01,3.919707056479389551e-01,2.087780958718854052e+00,-9.791389813420211752e+00,6.311967115997409117e+00,4.365429106862254827e+00,5.685271083772591716e+00,7.734984076202820802e+00,4.353752000774899322e+00,7.749435422261555795e-01,7.159845333212905283e-01,8.538666290850789764e+00,7.887751475700704340e+00,-4.104530707940003076e+00,1.031579042060126028e+01,-7.123515815931030559e+00,8.885865233782604955e-01,7.708784327396088543e+00,1.193754595507534866e+01,8.101025213424016158e+00,2.410449053733604075e+00,7.906431035324315015e-01,4.483309914183187139e+00,7.863012118120287219e-01,1.895380099618914072e+00,6.607773114400104397e+00,1.009684517359274780e+00,-1.005050191261826376e+00,6.242387778018304800e+00,5.812782263221562218e+00,5.202656952921390854e+00,-3.291898809870915876e+00,-7.109723835461891461e+00,-3.335782731654863831e+00,-6.507532614075588029e+00,-2.470765728208190293e+00,-4.805860689629137816e-01,-1.172253114583867450e+01,-3.127041772254262053e-01,1.655254848193456363e+00,2.439007501938707634e+00,-5.315919295480054929e-01
3.878003995642143042e-01,4.965195386828471058e+00,4.227250688094154718e+00,0.000000000000000000e+00,-3.431993966740545687e+00,2.910135652400755557e+00,4.244008673233148343e+00,-2.498131999839502626e+00,-3.099972595585610141e-02,-4.627928591483503773e+00,-3.702660357145917125e-01,-2.128685922689200483e-01,-2.012781100787185196e+00,-7.661530190341713231e-01,-1.005421300093888748e+00,-3.888667033717944754e+00,-6.642077436216899500e+00,-5.886292109773426873e+00,-6.847637436029987867e+00,-5.703481883952743026e+00,-1.160933243603999721e+01,-4.096608839189087803e+00,3.146428226054084565e+00,-7.013274111350110473e+00,-2.446600109053137739e+00,3.884526544832366479e+00,2.931058016027765945e+00,9.088671201323657911e+00,-2.996430088712921935e-01,9.645590367446670754e+00,5.196164514402665802e+00,-4.479245389413956113e-01,-4.435585331025644784e+00,-8.149784631533451673e+00,-7.932164356951993511e+00,-3.730785014962233248e+00,9.786227777453301968e+00,-2.103347589930715689e+00,-4.650217009848632621e+00,-5.917905743309654021e+00,-1.584902836226499634e+00,1.713335215734218542e+00,3.602384036699456171e+00,-4.634205086543767282e-01,2.950458800244947444e+00,3.250679302344539057e+00,-2.224959286358192678e-01,-2.485286866901219582e+00,2.768768596714462404e+00,-1.270573023054853090e+00,4.790823627712793353e+00,1.888905137377076660e+00,4.994100775005629878e-01,-1.156034774258285491e+00,8.996434817695467601e+00,2.833124239322006854e+00,2.303541614936457371e+00,1.714057508533256113e+00,6.477085296242739432e-01,-6.698230620941528102e+00,-1.743533767959576153e+00,-1.783918221100438961e+00,1.147578314101011798e-01,4.132987785870287034e+00,-2.857965047055285979e+00,-1.841673658950776504e+00,8.244387012444034823e+00,-2.633026632261051603e+00,-2.845385106392142038e+00,2.477524717543890365e+00,-3.638986364320642597e+00,1.853607020604599365e+00,-1.826868540467420310e+00,4.544330050674052046e+00,-3.362243527361147510e+00,-4.690433660473019906e+00,-3.271228782032554072e+00,6.041021973695537284e+00,3.141304763491096885e+00,5.328502715386616906e+00,6.986549039454380328e+00,3.330308002662185185e+00,8.577207944558031372e+00,-1.405248737405397907e+00,6.251327802301278602e+00,8.086518872950951842e-01,4.466108296573839453e+00,2.671676792263703248e+00,-6.720652844811166204e+00,3.369902726545227267e+00,8.663375632092320089e+00,-4.040123698025888999e+00,3.389753939973047525e-01,3.623259818643290497e+00,9.694268823046481742e+00,-6.828498349909930987e+00,-1.470166040660334072e+00,-4.767039877319614871e-01,-4.059071121134068427e+00,2.395295737053955154e+00
-1.296805441954836446e+01,4.277440402893612159e+00,6.434577796593024424e+00,-3.431993966740545687e+00,0.000000000000000000e+00,5.164868539392080571e+00,9.303950421665811987e+00,7.158587630883737951e+00,7.499969427153255985e+00,1.773684511604575853e+00,-7.383242087413872667e-01,5.877602735989545302e+00,-7.235845754946589992e+00,8.692656129850277580e+00,2.351985613436979428e+00,1.028343974695757446e+00,-3.922476628746438099e+00,1.252096584716372618e+01,1.315972761603841912e+00,9.399617640846829048e+00,-2.151180864411660565e+00,3.455520656013821856e+00,3.483051634761459958e+00,1.905264576082905004e+00,-1.912509573443227584e+00,2.509933904163612617e+00,3.675671518244649771e-01,1.108345379336411307e+00,3.244287363505833355e+00,1.309810545712710050e+00,-3.870477868715628933e+00,3.661833331038395478e+00,-1.772974861360905985e+00,-3.893933591357558566e+00,3.499781640195095189e+00,5.368800823406263412e+00,6.242699661174227366e+00,3.102037527260218308e+00,-3.052612066108826294e+00,-2.514537138829870955e+00,4.467682382266978003e+00,1.875752271061535748e+00,-4.672301166631556590e+00,2.461137330538929191e-01,7.500078221241776033e-01,3.614566652460915019e+00,-8.783990851708654013e-01,-1.782180321041656468e+00,5.500908246873816410e+00,1.966295366642321962e+00,-1.846736758882729923e+00,6.743268012327793492e+00,3.645524289781189697e+00,2.235964408531684988e+00,-7.999929363100265478e-01,2.883140027349593737e+00,5.241283222695597210e+00,1.641393926935898806e+00,3.664465883752442976e-01,-3.958191261847124665e+00,-2.757275931577487071e+00,-1.124607228417781268e+00,-2.290856864538574733e+00,2.262102626728999422e+00,3.568804698929088470e+00,5.095822360013598562e+00,4.131343809992633176e+00,-6.715795010293038381e+00,-2.170357406807618350e+00,2.023408744143677218e+00,2.220162375121334186e+00,5.656751947605057618e-01,4.543267415084314642e+00,3.935224789194313733e+00,-3.645499399885835934e-01,-7.089961538294911492e+00,-7.370946039622692236e-01,-2.217847306419030051e+00,5.136520855010880737e+00,1.981669411344312293e-01,4.208993607995771491e+00,-1.425754730650948376e+00,1.129127381724345192e+01,-8.192334803510696872e-01,7.575244699487063471e+00,-2.434492567717942979e+00,1.045611233840474696e+01,1.416411189110289959e+00,2.383534195715709014e+00,2.901284147070978481e+00,1.200618078695517177e+00,-2.199364616199065425e-01,-6.104511737272003025e+00,1.190925271883348957e+00,-3.672829223080925853e+00,-1.181113249139013277e+00,3.194621675146807505e+00,5.194559549120697284e+00,-2.528870379438287852e+00,1.629123048764015369e+00
-4.781971692296648868e+00,8.680179995802200565e+00,1.017064984314556320e+01,2.910135652400755557e+00,5.164868539392080571e+00,0.000000000000000000e+00,3.100831501506888355e+00,1.257971303206439240e+00,-2.725769427215497309e+00,-4.093038559494862061e-01,2.052320672018277836e+00,-7.712208090869289157e-01,-6.692145311944723396e+00,-2.025706768139836189e+00,5.095946141209769520e-01,2.031337160746437664e+00,-9.666831900935807909e+00,-3.925637136708008068e+00,-4.576867272859890257e+00,6.197596291354093845e-01,-7.630686551780321736e+00,-8.913170752545569897e+00,-1.411200525127882521e+01,-1.553491979552845959e-01,-4.009547430947544289e-01,-8.274161662062397227e+00,-6.091051534106913579e+00,-4.061862239549461684e+00,-4.242098595080764589e+00,-1.665825062379373556e+00,2.344466735001763114e-01,-6.636227044816659593e+00,-8.394275145897532653e+00,-1.030475680553955442e+01,-3.751693083080267055e+00,-1.144772592888458362e+01,-2.298239675685878503e+00,-5.217189244284486271e+00,-1.513595779376200268e+00,2.131983709053186793e+00,-1.925179464091791859e+00,-3.012548190717172947e+00,-9.789833442955321985e+00,-1.209893647174006048e+01,1.976825301297704174e+00,2.518571957318178622e+00,-7.835066958296200035e+00,-6.592913332175907470e+00,-2.183449924496587258e+00,-4.346466747624254445e+00,-3.502618561232749173e+00,4.414824046485766651e+00,2.324691377680084159e+00,1.479500488085148113e+00,-8.050135936518857394e-01,-2.562673178597651091e+00,6.795983401169397808e+00,5.512312220926028239e+00,-2.858942363504651585e+00,-1.658171393064473920e+00,-3.589836336667352690e+00,-4.129344298157834103e+00,-5.281221342696821530e+00,2.161059544717287562e-01,-2.794697811534570420e+00,-1.574158759507868099e+00,4.109379124153632823e+00,-2.517579447153185157e+00,-7.500748208076365664e+00,8.690100832589887636e-01,-3.561303276285871511e-01,-5.201215015663384733e+00,7.287091261867858494e-01,1.700457726351198184e+00,-2.281472873523377576e+00,-7.595641191157220362e+00,-2.829995751292277983e+00,-7.528121870076679656e+00,-2.982585756870860028e+00,2.004421180834699001e+00,7.582549358036522413e+00,1.267785604939945632e+00,1.340027746126788344e+01,-1.330891724136987753e-01,-5.368139217497742699e-01,-2.559852014942891163e+00,-7.345160804717710823e-01,-2.180454393950660652e+00,-5.409532380314424849e+00,5.822142576243979128e+00,1.354533207392095484e+00,-3.977437518644733938e+00,-5.015579433060821657e+00,-2.637367659356874006e-01,-6.900885284716543389e+00,-6.459783358468741632e+00,2.538520746342079359e+00,1.595537642583290672e-01,-8.137672800254453165e+00,-7.678516984814645063e+00
-3.701163517239113521e+00,4.460931169919445161e+00,1.065860102328026571e+01,4.244008673233148343e+00,9.303950421665811987e+00,3.100831501506888355e+00,0.000000000000000000e+00,5.618074615568706687e-01,-4.376703441550219509e+00,2.851875387651959581e+00,-2.482163758474831727e+00,-4.289165223186026665e+00,-2.584130572134311077e+00,-7.558774083228216867e+00,-6.038414447284928821e-01,-4.169804842809686996e+00,-5.754827460623814339e+00,-2.631346495410846198e-01,-8.736696913937883835e+00,-4.382565409230497977e+00,-7.471692884850034133e+00,-4.288934445250754735e+00,-8.277747494656628291e+00,-3.427805140761789549e+00,-2.647777048063121530e+00,-4.929024165093204957e+00,-8.983876542549527500e+00,-1.004022290015311070e+00,-5.501500285581599314e+00,-1.988974214739115176e+00,3.154664227061090731e+00,-5.712389750255884024e+00,-8.532141822663114050e-01,-1.737957833601919244e+00,-3.003096697870782261e+00,-1.992610575789855454e-01,6.914006175373852425e-01,-4.656624493017182509e+00,3.590033326595407193e+00,-5.380353259574136793e+00,3.938858889564533783e+00,4.973628219197968048e-01,-1.521216409190116359e+00,1.396173502459387317e+00,6.609654392611510332e-01,3.609563976082523773e+00,-1.364971998887936744e+00,6.440822355054395265e-01,8.960047450288952220e+00,2.615886565773029915e+00,1.531936471797928467e+00,-4.854489297224060529e+00,-6.639591460837087622e-01,-4.555212042344725099e+00,-1.952855347427656874e+00,-7.510263852235616433e+00,-3.694852954825919245e+00,-6.465320033619629925e+00,2.885011480323480981e+00,2.963835699238747790e+00,3.552020483684160124e-01,-8.693830435370974996e+00,-2.191233159061923619e+00,3.267264007384606206e+00,-2.778374943826246168e-01,-3.526219351242375843e+00,-1.588540118139678325e+00,2.000070637119606864e+00,-6.564510993138247263e-01,-4.783626124389982692e+00,-3.394034297994722449e-01,-7.792788077534654079e+00,-6.110924522180237517e+00,-8.652723866125914043e+00,-6.769409203250751350e-01,-1.099609141812688762e+00,-8.003714866009461915e+00,-7.389510682695263455e+00,-4.126307212355584952e-01,-5.158748398808936209e+00,-1.588958734465455214e+00,9.118686690672962669e+00,1.854712196138657010e+00,3.571864229041344374e-01,-3.301922519759556973e+00,1.242295889672037967e+00,5.806351762234570613e-01,-5.634556996723437017e+00,-1.910272661188911369e+00,2.782226659421006332e+00,-4.202968407189825228e+00,-2.760321425299754744e-02,-6.789241546233032443e-01,-8.510777841163754687e+00,3.065939783641031369e+00,-4.775175234810166813e+00,4.283422137467344903e+00,-5.166509224063115191e+00,3.446951920544629289e+00,3.420730239618473334e+00
-6.303943422392030982e+00,-2.406272782641594610e+00,1.354919785139487232e+01,-2.498131999839502626e+00,7.158587630883737951e+00,1.257971303206439240e+00,5.618074615568706687e-01,0.000000000000000000e+00,-3.838887297974745039e+00,7.134087694671310764e+00,9.280104030534703785e-01,-3.497983976284608332e+00,-5.925610229805988283e+00,-6.664537588512338573e+00,2.304689227733374146e+00,1.546471067617889217e+00,-6.054550869330971530e+00,6.862471099904354777e-01,-9.701753487334816128e+00,-2.627735279606474017e-01,-4.336552592080304080e+00,-5.093652902375586322e+00,-7.512261852805783846e+00,1.257748617224293763e+00,-8.734331016758940525e-01,-5.942014770548071922e+00,-5.010382434843362098e+00,-7.640952049308497029e-01,-4.856167816549483263e+00,3.016472799176304065e-01,9.533661658582296639e+00,3.337340515577481154e-02,-4.570031701172898586e+00,-2.371056568670132592e+00,-3.256440043032982068e+00,1.888387398140812579e+00,6.590406727650810481e+00,-6.869031192481887871e+00,-1.531527195406512387e+00,-6.476939013754688723e+00,1.753722368271293686e+00,9.679343517893642668e-01,-5.421409946540491909e+00,2.859303539959334284e+00,1.186815674043739666e+00,1.585984826696497096e+00,1.763922869540902383e+00,-6.448716076476563863e-01,6.112303447301157711e+00,-2.545707380927123342e+00,3.679804293768590195e+00,8.815448582404215860e-02,-2.664370642595324454e-02,5.117627317589948932e-01,-6.038358443176454760e-01,-1.079454259759468210e-01,9.419342941509470934e-01,-2.525067613623424911e+00,2.302644356603348097e+00,6.294671338736590016e+00,9.816238937063197501e-01,-4.855803343737366440e+00,3.246818695413070111e-01,9.497103542683055011e+00,-2.083845980339233683e-01,-5.623097661243698919e-01,-1.657960786989479240e+00,-1.057258708980126638e+00,1.456959603603988462e+00,1.309685031095860985e+00,-1.836318900173435464e+00,-5.699734711796944353e+00,-5.518016434174634277e+00,-4.727627988568723794e+00,-2.544724002276625097e+00,-4.405864580304995393e+00,-3.628310143569450030e+00,-7.689112845264424401e+00,1.071316816844447573e+01,-6.472055031037569073e+00,-6.648841928989603911e-01,5.111143570863246666e+00,5.834780649770562100e+00,5.115501640946251705e+00,8.844579189097466765e-01,2.484710324326276698e+00,1.909860533004138494e+00,-3.764071190436970582e+00,-2.796881325349163561e+00,4.423824707242816956e+00,-2.253308665757920715e-01,5.790904711027736740e-01,-3.665771331561463064e+00,-3.200459496811607796e+00,6.309447143641742084e-01,-2.120285379739475840e+00,4.258525691180185646e+00,-5.920387527462240840e+00,1.040652303694064251e+00,-1.749061898767193535e+00
-2.435713039902620558e+00,-6.828591498581241481e+00,1.540047710540719983e+00,-3.099972595585610141e-02,7.499969427153255985e+00,-2.725769427215497309e+00,-4.376703441550219509e+00,-3.838887297974745039e+00,0.000000000000000000e+00,5.821698248443745172e+00,9.486879488571583252e+00,5.190761874909317619e+00,1.749327682284246288e+00,-3.349869413338992241e-01,2.122582050248868146e+00,5.303742899525929921e+00,-1.990014339412614630e+00,1.275701434743753637e+00,-4.993921798415294155e+00,2.456496323388529746e+00,-2.263793485464758781e+00,-1.122464874650736411e+00,-3.117800496515058306e+00,-4.261535814132671796e+00,2.244505738258876004e+00,1.353874557001296441e+00,6.656289926582406480e+00,6.263687250460300504e+00,-6.193482071577879111e+00,1.190959881820461774e+01,1.086517812876513212e+01,2.471812589183139508e+00,1.310025293992182593e+00,3.023369203706212982e+00,-6.510084427155478082e+00,-1.736454018035069824e+00,2.269686320114792544e+00,-5.827894461259584880e+00,1.878084889464901819e+00,5.788423243691521947e+00,-4.422166122339162619e+00,1.471894312304453756e+01,1.839395207485988726e-01,-7.142624997536670683e-01,2.738526498384385999e+00,6.357112048783983838e+00,-2.447028094283368649e+00,-1.610220403537971023e+00,2.830807810984028450e+00,3.755979441025743881e+00,3.811270781905296445e+00,6.814987401697285563e+00,5.070377287822353196e+00,4.540295430202035298e+00,1.227658700064052155e+01,3.508311930280922364e-01,5.972832945461380660e+00,2.243404387133943523e+00,3.539642116749444511e+00,3.650565843717717307e+00,3.991547817438590329e+00,3.890310825017722518e+00,2.061681747318207414e+00,5.803713033868446836e+00,7.020385235883837893e+00,6.738633769312156296e+00,3.828723317998040887e+00,3.596985187955643593e+00,6.592641067602068361e+00,5.060259216138462968e+00,3.866920393661839039e+00,-5.609576568040527400e-01,-3.395484045374586479e+00,7.586211855466570952e+00,5.168793512592609218e+00,2.735363683163826387e+00,-2.520788285241701288e-01,3.553067625618683945e+00,8.999367402941938821e+00,4.859892561327671778e+00,7.071104714401264424e+00,1.185390159595704240e+01,1.232497874980552055e+01,8.330794686846711983e+00,1.024438512538697843e+01,9.294942928464731580e+00,7.604729020749436685e-01,7.485763555328513341e+00,-3.750145201662412608e-01,1.194621845385710834e+01,8.507305424762972024e+00,4.025596497859085687e+00,4.752515691459946012e+00,4.945156883112326263e+00,4.512218239657309837e+00,3.160164812423320591e+00,9.082528683308177975e+00,2.215572220080372912e+00,-3.429112849296369170e+00,1.157958043791273095e+00
2.673841117342324658e+00,-2.241209933120945408e+00,8.529602774295385714e+00,-4.627928591483503773e+00,1.773684511604575853e+00,-4.093038559494862061e-01,2.851875387651959581e+00,7.134087694671310764e+00,5.821698248443745172e+00,0.000000000000000000e+00,-8.700861699500462620e+00,-2.145385127375338818e+00,-2.714091155030747604e+00,-1.991423402512563889e+00,5.313930659670927703e+00,1.976279612382676465e+00,-9.065436893502489824e+00,-2.894047803485255255e+00,-1.746399589291382881e+01,-7.324208975768317309e+00,-5.275735873792186226e+00,-5.892653136164892835e+00,-1.596971972533931750e+00,-3.533442665802111193e-01,-1.792701251049184430e+00,-3.591217694847524733e+00,-3.769397637299074066e+00,1.334423350189765101e+00,-1.019632923831031412e+01,-7.520016780481396379e-02,1.347243569280681452e+00,-5.099232368914506708e+00,-3.321690625189580803e+00,8.015411698038601429e-01,-1.143803448670692546e+01,-6.826315409588459282e-01,5.017298711264634115e+00,-1.060784399244538001e+01,-9.052301537639998230e+00,-8.988058270316255260e+00,-7.399522097181826297e+00,9.754168536021333935e+00,-2.678102099675717440e+00,-5.174078252675949896e-01,-4.865279538687419802e-01,-1.777084512899633539e+00,-4.441617032079322236e+00,-6.349468957378758383e+00,2.474765262753492179e-01,-1.843865706478865274e+00,1.801395021434101684e+00,4.791836476939964840e+00,-2.285597649825916733e+00,2.101289279734038562e+00,2.443653238299060781e+00,7.401778031975262406e-01,-6.937048155417536499e+00,-1.999263510182285319e+00,4.202296240966873597e+00,-1.530576805723342382e+01,-3.749829677105951387e+00,-3.008164783191228930e-01,-2.863818837965474540e+00,1.355546615788359555e+00,3.368125594712273685e+00,2.805559609177250557e+00,-6.956762048299949264e+00,-4.819685883189950282e+00,-3.763082179769423607e+00,1.474231327300647099e+00,-9.175680491702451036e+00,-8.245296577733682852e+00,8.826981006975596067e-01,-7.948203265024433861e+00,-1.716229064731504161e+00,-8.633638696102460264e-01,-1.250196548671603125e+01,-5.019410559622907719e+00,4.729262450126494599e+00,-4.315122427135117178e+00,-9.617051783872382131e+00,1.191588163488306229e+01,1.319917281503832740e+01,-6.710422284815044769e+00,7.718222677711067403e-01,6.044736015163430842e+00,2.186415067738123330e+00,5.554285545045487549e-01,-3.032070938713106845e+00,-4.983265318232199093e+00,-3.697752523947286374e+00,1.177600699187712596e+00,-6.727543656073014411e+00,-9.433047461586937743e+00,-1.781588121704743011e-01,6.401145012322030148e+00,-6.434040349121024960e+00,3.393495001510197895e+00,-2.399429058899446687e+00,-4.901353683739250400e+00
-5.330753929438187377e+00,-2.743184321495647726e+00,-6.453518967562986708e-01,-3.702660357145917125e-01,-7.383242087413872667e-01,2.052320672018277836e+00,-2.482163758474831727e+00,9.280104030534703785e-01,9.486879488571583252e+00,-8.700861699500462620e+00,0.000000000000000000e+00,-4.480773099744600474e-01,1.641991436764715262e+00,-3.261246333599951086e+00,1.006900230365686655e+00,9.663747652493651641e-01,-1.030443942229150167e+01,8.108243718591582549e+00,-1.301889618698643281e+00,3.206705144862740386e+00,-2.606471584534456376e+00,-3.383318677060459301e+00,-5.242711336590473614e+00,5.677233423825102321e+00,1.745537888310241481e+00,-3.789913722937693130e+00,-1.293932477380018486e+00,-2.938127770416586237e+00,7.558893939746896606e+00,6.185808469582890545e+00,-1.336443109725968803e+00,2.058315542476838012e+00,-1.078743133231188978e+00,8.368035025497468915e-01,-4.122817455498045014e+00,3.696751629269791728e+00,8.239104909313587299e+00,-8.751172469053253522e+00,2.776206840310647905e+00,4.563637697030257456e+00,-4.740231419406863989e-01,1.203662609773016534e+01,-3.577837461509387307e+00,-6.695218267129244616e+00,-3.715869858776229773e+00,-1.403646860137117702e+00,-4.076416200681743263e+00,1.660314613281915763e+00,5.541482858343761642e+00,-7.659989157893807299e-01,-2.070456761924589717e+00,-2.250005414048322105e+00,-1.237428754799023034e+00,-2.074503369131327712e+00,7.647705234615283842e+00,-1.137646678028692016e+00,3.968232203154351545e+00,1.477471966499420697e+00,-2.355902585646834524e+00,-2.757028214022473112e+00,-2.576332660209365244e+00,3.534294400077161225e+00,-2.627489441448913610e+00,-3.106808062175303586e+00,6.553836515862447420e+00,-4.797624882865125784e-01,4.118044610541066852e+00,2.765779192689334476e+00,-2.563279216616229039e+00,3.343463864134280872e+00,1.277104994647462410e+00,-1.527106531647383081e+00,9.872685202159238449e-02,-4.549247058584660053e+00,-1.291470110165369445e-01,-1.024428745375607575e+00,6.464245614490007341e+00,-4.562678311808195275e+00,1.330237176923182574e+01,3.845213609709112745e+00,2.708191048271943124e+00,5.787400820741559038e+00,8.120309199161876990e+00,6.444535976141339439e+00,-1.936381296605855784e+00,5.299856601919316290e+00,6.531040000752079244e+00,7.815891849686947168e+00,2.855634841789747913e+00,-2.091789961761912231e+00,-1.742933952561724231e+00,4.539405791851152117e+00,-6.493211416592104435e+00,-2.711184397651705158e+00,-2.657995877805826357e+00,-1.199797049968888807e+00,2.633529839253171634e+00,7.754138506952093834e+00,-3.165118935764511754e+00,-1.612182644897321993e+00
-4.200414019773461405e+00,-6.740322725777965207e-01,-2.366845312752309027e+00,-2.128685922689200483e-01,5.877602735989545302e+00,-7.712208090869289157e-01,-4.289165223186026665e+00,-3.497983976284608332e+00,5.190761874909317619e+00,-2.145385127375338818e+00,-4.480773099744600474e-01,0.000000000000000000e+00,-2.542064570909225996e+00,-1.874609699140119545e+00,6.554919847030019397e+00,-2.874000178213415690e+00,-6.843159257562193787e+00,1.235517565115487493e+00,-9.407849726065951046e+00,9.062211806259501401e+00,5.858595195088186491e-01,-1.696363162696091331e+00,-5.435325688263927812e-01,-6.472176110925124348e+00,-2.215992225844469310e+00,3.617100879439171801e-01,-1.240740277664147961e-01,7.043508015847950610e+00,4.461359217784825582e+00,3.384051207562702945e+00,-2.661030702729587638e-01,-9.341258453282362595e+00,5.278736880570933376e-01,-4.606152005674212013e+00,9.482008158332312364e-01,-7.828333951734776974e+00,3.768053113181944358e+00,-1.213475175509984849e+00,-2.809960858047103827e+00,2.307915957999113754e+00,2.541484978868984612e+00,2.989635865059977693e+00,-2.675643809303485110e+00,1.840347240113734184e+00,-4.000273362878038697e+00,7.724611257060345793e+00,2.693492109752923636e+00,-3.313692717413939004e+00,-6.234319502092051657e+00,-5.874261471313895200e+00,1.045119391166076994e+01,1.542577102946143253e+00,-1.672772062831206163e+00,3.809857043548113831e-01,-1.659604091040665974e+00,-9.662187552913561461e+00,-9.022474101508844990e-01,-5.621991100281060305e+00,-2.513708096453553864e+00,-4.124134530168901414e+00,-4.555685407757066763e+00,1.506216860051106110e-01,3.317133567717188924e+00,6.254115878335275269e+00,5.140525524865701357e+00,3.086341203970180747e+00,1.101499879830980300e+00,-2.626824530762934540e+00,-6.084683384602075362e-01,-2.596542707726150034e+00,-1.420506679729774957e+00,-1.038725086884313420e+00,-1.985806782619988997e+00,-1.413578059153190347e+00,-2.237667024827801221e+00,2.299187056412248076e+00,-5.223942927479023446e+00,1.364168620352548444e+01,5.727115334927922241e+00,-6.824768475496464148e+00,3.181756872815466153e+00,5.119932387063082402e+00,-9.666826543112649883e-01,-1.020186953214232695e+00,6.589579652956118139e+00,9.562380729185741002e-01,-7.473921243602940079e-01,1.455298058144680162e+01,-8.474729488073963424e+00,6.279835900277674909e+00,3.216894666950407711e+00,-1.393897205990451127e+01,-4.784836397815690923e+00,-2.055321906729747461e+00,-5.350536977953605167e+00,3.594738165493280846e+00,3.441360146315802560e+00,-4.044164330571833332e+00,-1.690646010695871837e+01,-7.145968596745926327e+00
-4.504674840140948433e+00,-3.553895875989975028e+00,2.214345012224748555e+00,-2.012781100787185196e+00,-7.235845754946589992e+00,-6.692145311944723396e+00,-2.584130572134311077e+00,-5.925610229805988283e+00,1.749327682284246288e+00,-2.714091155030747604e+00,1.641991436764715262e+00,-2.542064570909225996e+00,0.000000000000000000e+00,4.612485908333188611e+00,1.893905195633687422e+00,5.971991927755053275e+00,-3.443843298367304850e+00,-1.874463854697136833e+00,-1.146012219112387154e+00,4.259664552196438692e+00,8.541015704008444231e+00,1.173211917447958719e+00,5.829315000263459723e+00,-1.960233896896056427e+00,-4.394526714856883842e+00,9.576307772533397156e+00,7.954687424868191137e+00,6.109376828730026965e+00,5.409928442607028209e-01,1.138174023295872850e+01,7.516654192146561719e+00,-4.982500704202776909e+00,1.258480313906952475e+00,5.416114081571028471e+00,7.774250664411287426e-01,-2.619213023126713669e+00,4.827437516985900068e+00,-2.628584362319996703e-01,-9.277710318464075456e+00,-1.055178000665565774e+00,-7.459383497209781666e+00,4.649421168573662833e+00,6.002586387949707891e+00,-4.451156367111922307e+00,4.458735821706024893e+00,5.823530891022744349e+00,-7.001409830341888130e-01,-3.502874996411840858e+00,-1.830565694371611540e+00,-9.751014503643531839e+00,4.473846134666149332e+00,1.264592496261827126e+00,7.765755307350686643e+00,5.312538866843238061e+00,6.389974626330069185e+00,-3.016722521800631274e+00,2.831658801778157208e+00,2.027954631620473569e-01,-2.060513182798459075e-01,-3.282827113139154207e+00,-2.474916877520793701e+00,-5.386379422600392708e+00,-7.383130411166404228e-01,-1.984908865763189700e+00,3.659696704348784468e+00,1.281298234061872376e+00,5.443860747980256320e+00,-2.069240773677686107e+00,2.444494932911413621e+00,3.646908271874421459e+00,4.468834463688572178e+00,-1.501079342741707512e+00,6.855785224948895085e+00,1.238017644604354928e+00,1.389343774470547466e+00,1.549773041739476609e+00,2.472740200318225945e+00,4.016914894018987603e+00,1.376760814684091505e-01,2.902348429745952085e+00,3.472999551467760071e+00,3.340146696062971987e+00,6.281592476949094284e+00,3.272443139854731564e-01,6.121639677341311980e+00,1.374736506882301645e+00,4.585834717026002316e+00,2.854323196711879618e+00,-4.282456960838170623e+00,2.575593764453092405e+00,1.124519636116585630e+01,8.628587786716877872e+00,4.330366730656121099e+00,-2.359162254391835578e+00,-2.511009316564408733e-01,1.876236333933826161e+00,-1.350128408654907020e+00,-2.544357360145258262e+00,-9.681039306038263348e+00,-1.150522308354582535e+01
2.092594503978724596e+00,3.629409148354718173e+00,-6.307834258946396488e-01,-7.661530190341713231e-01,8.692656129850277580e+00,-2.025706768139836189e+00,-7.558774083228216867e+00,-6.664537588512338573e+00,-3.349869413338992241e-01,-1.991423402512563889e+00,-3.261246333599951086e+00,-1.874609699140119545e+00,4.612485908333188611e+00,0.000000000000000000e+00,-2.897132168987317513e+00,2.702396742907164917e+00,-6.103044689626412556e+00,6.255549814785410501e-01,-6.597142190855891819e+00,-4.056871477017271133e+00,-7.508397876935809734e+00,-9.970308992800601899e+00,-1.302640859216483094e+00,1.628531919674663486e+00,-1.262526041657574816e-01,-3.225692013733082231e+00,-2.711770496945589581e+00,-6.114079613743811370e-01,-9.833488513434978984e+00,1.954784845432456564e+00,8.522813329161930129e-01,-6.523503097473092538e+00,-1.772893040887398713e-02,3.627345124123801945e+00,-3.714655724350576893e+00,-8.184180887204401955e+00,-5.349840115189397949e+00,-1.262760548450557296e+00,2.015779265979007029e+00,2.923294778159213902e-01,-1.078856251681397982e+00,-6.263448323526210615e-01,3.693098859379014165e+00,-4.256568036199747773e+00,-2.596235726695450996e+00,5.576969302499835024e+00,-4.477554423441937992e+00,-3.628810192323111306e+00,-7.618323183809359023e+00,-2.794870476850325747e-01,-8.233214150409954302e-01,-6.830462389354449160e-01,-2.065396030485897039e-01,-5.377885654828805428e+00,6.475996380228221661e+00,-7.959104951682562934e+00,1.650336102576301034e+00,4.526786454175492080e-01,5.918673155766199123e+00,-5.209257106072460175e+00,1.661468236457444014e+00,2.865882740972375498e+00,1.742097015475007726e+00,1.007773699955126501e-01,1.883631275031840024e+00,-6.477485738214915356e-01,6.416629548872428146e-02,1.504344018483099177e+00,-4.781726984536212033e-01,3.215429050297426095e+00,-1.128853763024178614e+00,2.949149074566926459e-02,5.338953748588289194e+00,-2.361943510884692454e+00,3.607518544858138387e+00,-3.226400167986212875e+00,-6.346563447032685268e+00,-1.418577421087411139e+00,2.263621071800499429e+00,2.528674372446324092e+00,3.590567859701592646e+00,-3.726343520010285126e-01,1.271206871690250484e+00,-3.669500498653731402e+00,-2.829507016069134462e+00,2.950209344736160144e+00,-8.570539391098020987e-01,2.667369104733967600e+00,-8.523574611671385526e+00,-7.365285961980928553e-01,5.012604821841727620e+00,4.765188074006128538e+00,-2.788495749398897772e+00,-2.427582414452111870e+00,4.032386281757793789e+00,1.372731039785973772e+00,-4.437472347032326958e+00,4.227669882647632771e-01,-8.212907378955993210e+00,-3.886358972064943629e+00
1.609320087229306084e+00,2.680664894396561859e+00,6.613531315013295497e+00,-1.005421300093888748e+00,2.351985613436979428e+00,5.095946141209769520e-01,-6.038414447284928821e-01,2.304689227733374146e+00,2.122582050248868146e+00,5.313930659670927703e+00,1.006900230365686655e+00,6.554919847030019397e+00,1.893905195633687422e+00,-2.897132168987317513e+00,0.000000000000000000e+00,-1.559210454128355794e+00,-1.153434473232828061e+01,-2.045367690159958229e+00,-5.903803264366915826e+00,-2.589629515121076864e+00,-1.334097730167131735e+00,-1.159960878549500762e+01,-6.102308855675604882e+00,-3.565965931154415625e+00,-4.041655175171198877e+00,5.513973317006234609e+00,4.843042354699646501e-01,-1.683951263897536799e-01,-5.651927096811593110e+00,5.129371114756391847e+00,-1.713557628506252595e+00,-6.883630573835159083e+00,-8.731870738255814501e+00,-5.757145578201807723e+00,-7.522316440174534158e+00,-6.531393276969032158e+00,3.878329277382820406e-01,-6.572537830924047420e+00,-3.383888395751345701e+00,3.575165968495293889e+00,-6.360596495765183711e+00,-2.685927610110140140e+00,-3.144921956589292300e+00,-7.077176110385751784e+00,4.521059058662221020e+00,-3.103843112215314837e-01,-5.159222236954373209e+00,-3.328976059987318159e+00,4.991103550225936658e+00,-3.762686609340608612e+00,4.305189908056727077e+00,-1.220276245140429427e+00,3.623888431563835333e+00,-6.173702061703018273e+00,5.338284716378259631e+00,-6.371798019827942028e+00,-8.345724033174994894e-01,-2.451829846325779272e+00,2.876700289652271980e+00,-9.401422244035231301e+00,-4.409334212884461479e+00,-2.911004568203685139e+00,-1.221974385927673490e+00,-4.926855240277742354e+00,8.154710808521988818e-01,-2.328461153480438917e-01,3.781885112792004566e+00,-1.606528077844468827e+00,7.455625947532884545e-01,-3.127940815959268761e+00,-1.027205635392150151e+00,-5.444655238355399440e+00,-6.226095103540931319e+00,1.696413558323732751e+00,-5.804555601406327092e+00,-1.500065338943788795e+00,-5.555252949085344838e+00,-1.062602349597466578e+00,4.630689419210777480e+00,5.333996003361822780e+00,4.777830640430917875e+00,-4.463676289670005737e+00,-4.561682455538635939e-01,-3.742910240500388230e+00,-3.316050145970652174e+00,-5.129022333653090904e+00,2.307806547886418702e+00,-4.995829522514834420e-02,-4.650364252558571998e+00,-5.594098647656410295e-01,6.814120312608513252e+00,1.147981418776630846e+00,-2.140529799832570301e+00,1.123837629083448419e+00,5.346518445506976747e+00,-1.645940542653202998e+00,-4.746368247663473205e+00,-1.665473202331474445e-01,-1.865142809417174474e+00,-1.354290446755645680e-02
