0,1,2,3,4,5,6,7,8,9,10,11,12,13,14,15,16,17,18,19,20,21,22,23,24,25,26,27,28,29,30,31,32,33,34,35,36,37,38,39,40,41,42,43,44,45,46,47,48,49,50,51,52,53,54,55,56,57,58,59,60,61,62,63,64,65,66,67,68,69,70,71,72,73,74,75,76,77,78,79,80,81,82,83,84,85,86,87,88,89,90,91,92,93,94,95,96,97,98,99
0.0,5.5597589532556135,-5.107719758176622,-1.8971299674229056,-1.786223433730738,-4.480944505579992,-6.458094399895932,1.4216842217183259,-4.678095668515985,-8.05675155357142,-5.464540714466487,-4.927755634917342,6.174280371819174,-5.622745732950605,0.8878114128662211,-6.286486181738129,-12.915927754430667,0.37844526677853835,-3.211652129921862,-9.45678528078103,3.848439507199133,-13.258760121378904,-3.546530067855302,-8.797444849962611,-12.678232425942587,-4.528948065251107,-3.892349382232372,-5.175848786303277,-1.4133613231748132,2.3742854297808007,-1.6136490000383215,-1.8467568104389789,-6.719759420799475,0.06183727738658382,-2.0645814650819485,-1.2301183569650511,-10.651419181767796,-11.493411405666624,-3.4307994305729146,-5.968284867486958,-0.4572556507782845,-2.2208306740369808,-2.206596260260517,-0.8071417719768662,-8.310646274180407,-0.7456547189091354,2.754104824598272,-6.76379974789928,-8.676067380527558,-1.1006064633866175,-3.536551634605296,1.8310759033693995,-3.9415641158307215,-2.5688038610230777,-4.796974451138004,2.009040391190294,-0.6242679793434897,-2.900966543959488,-7.695302239903779,-4.198550839306264,-11.06116109604862,-6.543148900738905,0.8341085201313848,3.552127628215859,-2.7803893142844047,8.17050532911585,-3.227446162513053,-3.0768241431280066,-7.411364036654912,5.969259437552649,-1.806636686649628,-7.162551799851231,-3.9898631710247465,-3.476366750709675,-11.73382113849852,-7.818471259533064,-6.176118733578078,-8.752423383141764,-6.911108951772969,-0.20390006637173672,-12.714906145735371,-9.176163906543868,3.147846829974061,-9.444553915181357,-6.0182558396904415,1.0427711827322572,-6.5397270062212565,-6.018336386239204,-1.323920813024432,-8.501906961808517,-8.610653797166268,-11.807996969618404,-15.31633349378186,-7.45249321357355,-13.587476772318416,-1.7492763388840276,1.8331422329253744,-9.425144102079646,-5.871797871966578,-4.633027392649857
5.5597589532556135,0.0,-0.23155318888648127,-5.043691661975857,-3.0168532046551215,-6.80971263299418,-3.1496777998240897,-8.53975197871298,-4.954674078830622,-1.9096979141509745,1.579949003600415,2.431714023337596,2.284065395714076,-0.8377576312093911,3.877188413447964,-1.1113306520306496,-5.689297263763434,3.032126419652336,-4.018479743121341,3.7854926897900785,0.32924936114653214,-1.9137207838201375,0.14100026768572763,-2.6885305241425934,-0.6437903044319606,-1.561701847597265,1.7698332850624707,1.4154748372497898,-6.21037986039439,3.073980389688712,-0.5205026287181737,-7.797586571030301,-10.9216402688346,-0.5124636914778731,-0.10284914141847055,-3.9467671280513694,-4.674543918146449,-9.690394313346253,-2.446263765138056,-6.814527312955557,-5.053385219377973,5.318218705039805,4.348784246427016,2.7172495085837327,2.62515667678658,-1.6441959903476215,-3.8161900400907585,-11.83008651489474,3.366717557958309,-2.7771356420612623,-1.3744861849371373,2.475967246155354,2.0088655962116846,-7.438389348393614,-7.277656876254331,-0.10647472303496816,2.100133640165947,-0.9966792405584072,-7.095679207470416,-2.8274034571176845,-2.229445132203747,5.898533673624185,-0.7038619747050595,-1.365475858205914,-7.424230084821384,5.033012765078864,2.948306282760312,-2.9701953091835858,-3.934913213216495,4.4309234611135455,-5.59619108501882,-6.5185162871333935,-1.516756294529596,-0.8284039686413971,-1.131205811370576,-16.1713345858362,-5.985400753742472,0.6991544451308875,-0.6681148603183015,-5.232178129380821,7.71581637661367,-6.8081645894478235,3.988953059298257,-1.5299436099513828,4.855584709447718,2.7915072432210386,0.2966217047236332,-7.992381073450896,-2.973673168060676,-2.681286816298154,-8.654153813075629,-2.5727628764122015,-10.352271537985015,0.5561315371529194,-4.44089720958274,1.0761737350422707,-2.114820979022411,-0.3656274132178655,-9.269044034245276,1.2687800461910739
-5.107719758176622,-0.23155318888648127,0.0,-3.1567292936132367,-0.7721426755693298,-4.512424262974913,3.3909774295198574,-3.7062048957159375,-6.371793010052897,-9.70388390065621,-10.004630169296908,-7.872656340039135,12.916224017886138,4.789651737912307,-3.247939537722232,-0.3603067431592976,-8.743861046570538,4.588519879026297,-0.3703015755419692,-7.39887087007199,-1.3931542869394216,3.1543003584526335,-1.7299366075502691,-3.54954568588085,-4.611692876482426,-2.481158208836073,1.2536291490076623,-2.291204851227479,-7.100711506056154,4.594258868803202,-11.098610027574436,-11.177836830658409,-8.761960754013268,1.2884723169993184,-0.4478238864981148,-0.8359044847617471,2.439248740507286,-1.9594061273310757,-0.8201404897687502,-7.6806730085725885,-5.209553630960653,1.3292992299273572,6.86902308172683,6.201165548767496,-7.373503621858435,10.409021391863556,-3.4279731350325244,-1.4447899232381631,9.963888085086928,5.3310153794065585,0.5451950966033098,4.327654399063416,3.231890417142373,-0.05734788895597849,0.42531657505133447,2.6526583195930105,1.1337690502223778,-5.040541552537852,2.849741574182429,1.5596738640416634,2.234565360281238,1.3522785857974549,-5.0857127624539125,2.536235291601942,-7.006604116976823,-2.675288780026664,7.145058809193648,-4.894201573881222,-0.3818914930552333,4.946639576405232,-4.57716675103143,-1.7521533905252895,0.7085976814085203,-5.409027487806017,-1.6985881651242607,-7.503491657260009,-8.650264156152037,1.0858432830532243,0.5848777324107957,-3.54435759310128,0.4210596142378056,-5.452517269039995,1.849213826951176,-3.3902189557839764,2.1464348765991743,-5.883022619793802,0.25020562488338954,-4.122261192927948,1.5498194129714482,-5.745941628379232,1.4045510020558527,6.273738033616437,-6.768377743324884,-2.7350250688638815,-9.390698425123654,1.8444478216068136,-1.7046358192817919,-1.2080160132518147,-1.1936901470148096,1.491911306500148
-1.8971299674229056,-5.043691661975857,-3.1567292936132367,0.0,2.227813377472507,-1.0974862886995684,-0.4715104635982681,-0.20485777466336613,-0.3372380997396967,-4.024495739281859,-7.681503923851219,-2.159157670892785,1.5320652917518065,-2.9998579171128865,-0.2280276257501704,0.4974771901718637,-6.8176730617488115,0.9747672841942954,-6.878093523564243,-2.7684790055135866,1.2232051340032155,4.715181007498558,1.7333949177654375,-7.0107532251153675,-4.702768702859951,-7.880703509548782,1.2286711337693896,-0.13265850200589635,-3.024967280451498,2.6367977918921546,-8.703796859394402,-3.5330271375379487,-4.945766531595786,-2.261241553090561,5.015531534789959,-8.50299192325239,1.4632851235557602,1.4843026961306407,-2.005304072955311,-2.463957782996794,-2.3783545918912887,4.175748056706668,4.1564189630767165,9.938496191602097,-3.057763742703683,14.255047729611112,-1.6895271911759207,0.858949527412966,4.472322845477246,1.929897207892272,-6.09503229427068,2.377160330751309,7.729509116661869,3.854766945246956,-0.6431450208723436,1.1735156653410324,0.02051526279136168,-0.8337120596097829,-3.457914168494131,4.790450390980694,-1.1672330943995428,-0.8432109031344822,0.9661741918051859,-1.8113563803570976,-1.511509556991266,4.49348551064851,-1.309933595754434,-1.786706127119464,-1.659433520166212,5.481759614154169,3.3240872329650406,-1.7579246409172462,0.6468654167578792,-6.6960032262703,2.2204616572208864,-5.552533660585029,-0.42236393407337386,2.546866010564244,7.9732758178177505,-0.6365469382186405,-3.4173864750154066,-5.74421297757084,5.7964680814272045,2.417059777646108,2.487723027896789,4.148243372800179,3.4379222538097225,-1.5359354598815296,-2.407714872346443,-2.740934247211414,-7.571306986477001,8.250031560491767,-3.76764812576561,-1.9527264401066144,-11.95598079177396,2.413673948971971,3.8766957043994497,5.3422650978074016,-5.277728190262365,6.885780058688626
-1.786223433730738,-3.0168532046551215,-0.7721426755693298,2.227813377472507,0.0,0.3267638935394686,-8.926925991825849,0.41752246346946287,-1.4313913206416726,-9.57252551200176,-7.058984415155607,-9.27529413555575,1.5151415546855098,-4.157212491228167,-1.7109115131956627,6.275558570704884,-9.588348682275072,2.522093579130168,-5.536704412898451,-1.4734128193954863,-2.5747072535829414,-2.642408694382413,-3.546981671967167,-1.0100026830407824,-9.762149674638064,-15.536779166764815,-3.8935137997241025,2.5309031401222524,-4.831347712436011,-0.757674729835723,-6.755794874559718,-2.1784286836781153,-5.826886050458989,-0.1878929062706937,4.1060255929454845,-3.7653739184180814,3.567340495133166,1.0301260666739136,-7.860469929660197,-8.31932114266275,-3.7303732706995616,6.244853991836063,-0.8659209444404216,7.63058614705393,-2.8393449120080407,7.971086590568077,-0.6664268013145005,-5.207362316250576,2.554276138013493,5.143426577517135,-6.182633743593016,0.9065075130934681,2.313846208957599,-1.9390934325233304,2.0157576371114945,6.396372434065557,1.451066387552638,-6.843664591622256,-4.5957094147891535,3.662005373542344,-1.7044591427575655,0.20633879631372443,3.3701256829176964,1.7804265167772406,-8.482531311091973,-4.068238697520633,4.866545256533668,-6.1267341585366495,-1.3258963074573167,6.370755266784551,-1.802081762147606,-4.666642613125614,-1.2158919704823812,-6.145528106592562,-4.141190994688604,-10.806358498883382,-6.968058737357295,-1.1808591505871415,-3.7588919677081463,-10.503047335941988,1.081043912394224,1.114946246097667,7.456207303235249,-0.04973941579226084,1.66622782129742,-0.893913514906709,4.952205818605863,3.3432487351081805,-2.19846632242532,3.638428847400881,-4.328825249403452,2.1200293013822646,-0.7490599547740106,-1.4682035912376323,-1.6532070506030818,-0.33621144226044875,-2.132639186849796,0.7722188261886661,-12.879347872174645,0.9832269535676211
-4.480944505579992,-6.80971263299418,-4.512424262974913,-1.0974862886995684,0.3267638935394686,0.0,3.903885182067936,3.0037690108041346,-3.237561267167949,1.478295985679429,0.4596164908602348,6.1266650085177385,7.5688673043630335,4.052799974535261,-1.1178303472790418,-4.306585207658305,1.0675688521147748,0.7580358513486118,3.8921167733538486,-1.184573634079999,0.9094177007644721,5.710811435548229,10.847507499642088,0.8127884070220771,0.7479486305343677,0.2080979461011748,6.281358442496244,-2.11823660582796,2.270852552401484,11.5644798501285,0.8480920751916167,-6.202872656337544,-2.103427142401249,8.006018740055758,-5.21528009538444,-2.849860691414417,-1.7564175451735102,4.561958458087461,7.510832766763861,-2.0155846312365298,6.043009995463655,8.233797909320307,4.107563256060679,8.764750013947534,9.21746377397395,10.74329740300711,-3.8877570061522007,-1.6450627597927012,5.115118020443834,8.354123175191651,10.132104943866135,5.364512896666921,6.859921034992998,2.277332091156384,-2.619728730953266,8.932428401148437,9.576760605633009,-3.9302556685270607,-0.6919772201599738,-3.922565354049056,6.221444513107089,1.3341279335641187,4.817908929871416,10.9710899278874,-9.217716861981256,-3.1450577704104647,5.125234686924671,-2.8481444421426807,5.864319967778253,9.571530291417636,-3.7803079598946017,12.028346485765232,4.811649728830544,-5.215289381158005,-4.078992055473353,-6.452480997899934,-4.560781739205018,3.699561088527149,3.506595054743936,-5.823237734202433,0.8360370829959565,1.5251694536141922,10.388487274557887,1.7171469719721133,8.496184122756876,-2.561462717823426,-8.395085773646938,-5.080306327752696,-2.4657658803301747,-5.570900309331509,11.832454813195834,10.08342487633042,-3.6603227024427065,4.4611643315223395,-0.7495247015215267,13.34021127112374,-2.151338146250711,2.17238809916628,3.213043405438292,1.0316837090264477
-6.458094399895932,-3.1496777998240897,3.3909774295198574,-0.4715104635982681,-8.926925991825849,3.903885182067936,0.0,-4.825311631171712,-1.194474759123714,-5.315430817923756,-0.004546378744621009,-3.0143994815302406,10.953964403615204,3.255084763812893,-3.737594090825594,1.5311980748700356,-5.856409228041224,6.203838046087274,0.8609654695538057,6.575209605409881,3.328185928599038,-1.4539807873581878,-4.507001734359435,3.9013551222693534,-0.08878426893590424,1.0594964691858817,7.228691050711576,8.703577477081218,-3.44312640717856,2.157073318346402,-2.636113480643999,-8.36069809941644,-3.613787662906117,-4.490124973927097,2.068821358434555,3.2680079630452608,1.727587808009433,2.8753556579864146,4.2140017320917105,-6.780880355536574,-3.169647099949741,10.29957408623331,3.4935452263555686,8.920968227223085,0.5486368459066302,1.3006587811028378,-10.426043853354496,2.288114746370334,6.118925403882262,4.59437498215016,-1.8636467464987243,5.481236560333254,3.69547247387952,3.5219167494449723,-1.427661032633262,-1.866234728445632,4.523489582288768,-0.8833965218666737,2.7564364426521624,4.279457885041984,0.7604371959682915,5.619579407112405,4.342854165683457,6.411114850292899,-4.5289390880221285,4.911269162456134,5.412470178050979,0.853451597249136,-10.423068265937964,4.30033796733463,-2.5828707278617244,1.2725310393698688,8.303778287164361,5.004723308190424,1.7543055448716804,-5.945238375677657,-0.24748464006963,3.9252063206731034,-1.699470661528299,0.7816060891943144,0.7818218290192259,-5.009300181384138,5.344401209513653,0.35469828529948205,3.692703288799264,0.15651875986682623,4.0217264605990835,-0.8801423953894177,3.248026003848268,0.6069749532503441,0.4271148514457674,1.2116400168971344,2.0554694373216984,-2.375809649319856,-0.3362270219278865,2.985839222580754,-0.6130527755137772,-4.670861653152492,-5.292418136944631,4.513197691557214
1.4216842217183259,-8.53975197871298,-3.7062048957159375,-0.20485777466336613,0.41752246346946287,3.0037690108041346,-4.825311631171712,0.0,5.7005524435565995,-2.8099002822464354,-4.95297924081888,-6.494069074583102,1.756124984685325,0.3185294210193864,2.0299951795120075,1.5232550448678477,-7.501334229346755,0.24104777487439333,-4.466346148698164,5.098328664687748,1.1966945903455175,3.304129935421066,0.7860654133960534,-5.50594866846486,1.0851875607403791,-1.4975613216794192,3.901588880974388,2.1918459607566225,0.46317763132593925,2.233862030073085,-8.035945310656803,2.2062898148868406,-5.464136315235629,-0.9496556054026168,2.4684115776528563,3.4147471180154105,3.5844986072909606,0.8225699803187486,8.92182146888862,-2.630793009555177,6.203705929485928,4.49623515158497,1.197145364889147,9.107981676421405,5.1887570721820255,6.429347803461685,-4.2841338634663035,-2.6392383204738605,3.7930516716727647,5.993032547771306,-0.9551849874799456,8.451082088382318,6.844349899419086,-3.9806638397579137,-5.796882247190445,-1.2341409063417488,3.2101183406723126,-1.9242847958618583,-7.2460930412965086,3.5039456553656527,10.10974628330743,8.38689905242872,6.042057054742637,3.1155587161420377,-5.487958596790376,0.9058781809059765,2.6085032994163675,6.930345526330746,-2.5973787092261054,7.870708889225621,2.5116039202319773,2.671907257753271,4.9212884072605965,3.561203786934648,-2.535613241233549,-10.424061177939587,-2.780789933387001,5.280219831760389,4.535691882668815,-2.187041011597175,4.321106724569246,-3.3088044193893014,15.996943670530756,3.1233744049769347,4.104266166412415,-0.10635980323859363,1.9810608720621348,-9.907450000587458,-1.524404403901938,-5.6911552219348875,-5.688522198597849,-2.8287856314933735,-3.8294987836675785,0.838295626600141,-6.2011309285288485,4.223846274647576,-1.6718497654737856,-0.5053488553886396,-4.369645242644729,4.128037307244265
-4.678095668515985,-4.954674078830622,-6.371793010052897,-0.3372380997396967,-1.4313913206416726,-3.237561267167949,-1.194474759123714,5.7005524435565995,0.0,1.3880854219760812,0.7008546935664793,3.5033548880402767,5.768221561599839,-3.0276965708791144,-2.841720025791306,1.5023053507648865,-4.842406318206864,0.9477029902758528,0.5223015866955598,1.8989984151765813,-6.9969499947618035,-1.82103767487082,5.6621437783222355,0.6220494530875659,4.047830045048796,1.2445495625694347,1.4050563891090389,1.4532681737182431,1.7989614628813508,10.89378148444952,-2.825318368627504,4.879278487440525,4.370831432072588,4.277694569589767,-7.2091458148744945,-1.3641494096983575,4.9334944115175725,8.166759785094163,4.751431264278294,2.9469619309865167,3.0353179107701664,11.641724870739658,-0.09133230001523161,4.947865798549362,7.058110085763359,5.289114678170763,-7.097272018865006,-7.07832755779811,8.416106671820945,1.4410409284017285,3.5408293795883807,1.1508438871672309,1.6911395376627927,0.9247870430701971,3.012222719316662,8.976769986250034,5.343094037212507,-1.7245706999200208,-0.21008818019613804,-1.0969259917536296,7.674621638369307,9.013383999619377,9.777014719779917,8.37925825713156,-7.129711291192673,-3.2900265717540518,6.831743196694389,2.453352899658063,5.107947820791701,12.169048315824746,-2.0589333993204435,10.521139563346463,4.496016858271552,-5.43034958083004,8.510817616917446,-0.5356826784457556,-0.8396118662852707,5.439663257349469,-7.090342612853542,-5.061792413598217,5.098027465801224,-7.794211989401495,9.064468578251834,9.085707191133853,5.171093492997652,1.0911503684617767,-3.8375051317592974,-8.185923402573488,-8.583746517322185,-3.256157053145875,7.57455830699041,5.987447691039363,2.510962566642733,1.4990952891896354,0.9676462802085424,3.270426774310978,-9.154707246887956,-0.05685309718486224,-1.2929802677602684,-0.5456220943198685
-8.05675155357142,-1.9096979141509745,-9.70388390065621,-4.024495739281859,-9.57252551200176,1.478295985679429,-5.315430817923756,-2.8099002822464354,1.3880854219760812,0.0,-5.595006788845229,2.8870462662238463,9.885332778665529,2.017494804086164,2.694644830881395,-1.6308637722206967,-1.609699775945615,5.7218475148814045,6.091003134886843,1.6344846497171632,-3.5097576331371982,-4.110370397724107,0.9092670916434926,3.33537366062098,2.4347909209305163,-3.3102500349633273,-0.2023964460738693,4.479976164322441,-2.3521123176660748,7.059189860827079,3.1752577375968167,1.3869298778733852,4.638269530262826,-2.8048036634796687,-6.313761544029652,4.164493756523066,6.51466575175842,9.407825723254945,-5.659707508040427,9.09872790144785,-2.068280191555593,3.6183018980709374,9.56691980820613,13.905884074621355,1.91529872305658,8.845959750585171,-4.822025146753761,-1.099594390284322,10.871866911340067,-0.08090642023473507,11.315224586866915,9.39371269613466,4.37272840229742,7.698537186954922,3.1592990993838415,-1.0361188296478905,11.239585755485912,-1.3549535986126355,3.424357226021261,4.244467200788046,0.14279634562513543,8.738189433391668,7.283181160607152,4.329318064298674,-4.109031851804916,1.5242013150920164,13.65123133398883,8.468887976198083,3.77172496875621,10.821183224325823,-1.7890395223994475,9.097270469103487,11.872271298645312,-2.708515696533356,2.3076319246578154,-10.44720071182564,5.323770564078147,2.146545464095541,-3.761420143718405,-3.330310008222626,7.453571943556237,-5.4373182920605325,0.9895488550553065,10.48878400250008,10.660014814253577,8.393717014819881,0.1110149127943782,-5.147239747817343,2.99974957401922,-5.458331276690789,2.7747930469888424,-2.519468840350507,-3.141484297729044,3.685215689776834,-1.6409857051736865,7.854850607233804,0.11742236869629388,3.0090880225044283,4.659577044107756,5.218250997839996
-5.464540714466487,1.579949003600415,-10.004630169296908,-7.681503923851219,-7.058984415155607,0.4596164908602348,-0.004546378744621009,-4.95297924081888,0.7008546935664793,-5.595006788845229,0.0,4.84362754687186,6.941002267864985,3.858254831680224,-1.293321648542362,0.5403520375175555,-3.322043543409378,1.1407906971466368,1.982488054994992,-7.477561005073861,1.1511192321146604,3.4057643324899796,-2.0882295836395506,4.754095109166904,-6.570961303603479,-1.470981784522281,7.9000781202906225,-4.056146202299662,7.682487649509682,3.123178503881108,0.22243663648894144,-1.0608972192815767,0.5549738218012977,0.21537038414873255,8.697119046272132,-10.225709693953524,-6.4146830773774575,4.7402100152789,5.9381035197171315,1.3220340644690687,4.891504222070409,0.6405137496771262,7.230325943663569,6.047544329245249,4.912438169476796,1.5986644670480963,-1.6936148851341692,-3.0512142760368106,0.6974705847015219,1.836459226019863,-0.334790834565488,5.539703889391867,0.20447452552774795,7.398134417844224,5.260211943753862,1.058918636741948,1.246787851118802,0.7399950952899323,1.815860060188822,3.5761403172058337,-0.5001158625551986,2.986829772345049,-1.904752984139361,7.224130203001283,-5.673386199949856,6.421455690946464,-7.2387653271360275,-0.5837733164959693,4.362207218625185,-0.7214005903670574,-5.50233847589075,2.415877410659508,3.7397545952697713,1.5274479595643915,4.527821415054956,4.06259112612995,3.0943512688713644,-0.47854888492690706,-0.06584697820652369,-2.301008523209876,-10.1115071233835,-3.76654386810234,-1.0872626823884255,2.1606744378418155,6.184143884717529,0.5668872618734794,-0.8883724839605117,-3.5211236161133606,-5.263253655835367,0.8651314488468126,0.9536932539739336,0.1566601855640307,4.678435439645116,9.345163269650621,-0.07179222527999984,6.675610283757186,5.042223414572997,-3.102662027892932,-1.6805367075302122,5.600565229177362
-4.927755634917342,2.431714023337596,-7.872656340039135,-2.159157670892785,-9.27529413555575,6.1266650085177385,-3.0143994815302406,-6.494069074583102,3.5033548880402767,2.8870462662238463,4.84362754687186,0.0,3.492453476684917,2.069456492622421,0.8784280320997646,0.30770332056042177,-6.6364303414105645,1.5568059748563523,-0.8927476662653124,-3.7765774112959742,3.245427657012645,-4.905588861156398,-0.6587783042956926,0.6554375256011813,-4.78261279791135,-5.696233081405717,3.6733740163012936,6.993028652629379,2.429151832559065,3.3892833449220054,-1.7071798957922963,-1.6670606977051643,-0.28432925275337406,-8.483646996622193,0.20990411122434427,-3.758979303688804,-7.652209512850723,3.1233972123709024,-3.4383767808107546,3.3001620924630526,-5.63332881865407,-3.2018380709126366,-3.2900878489467265,13.327181409037152,1.2182776349498792,4.519354435994422,-10.72045768281152,-0.8571147434558228,-6.607040466262599,-8.482545567772455,5.5196728802016155,8.652215028276359,-1.971882805547762,0.873764003286609,3.608991420388477,-1.915601697390434,6.463048953849507,0.10047948558589612,-1.4582532272104942,10.861848146067157,4.996799340069398,-5.742998959253329,6.729578359508232,-1.6165104331078963,-9.008629351839392,-2.5223148440475516,-0.7868959965318555,-4.2399345612805615,-6.437789701354694,4.88284210036858,-1.255152184737278,1.8677314817854775,5.0113958837484684,-3.295957522616499,-1.6296962812352815,-3.287594798429214,5.535094277410102,3.1692069545498773,-5.51778510392335,-9.187542682008536,2.6259503217812328,-14.400746372287639,-1.4196618924198308,5.029158110659741,3.0415359290359087,2.0871741031168365,-1.4932563839354385,1.7920981058859362,-2.026788632605841,0.28498536871069413,-4.781000253968668,-3.0216718676533927,2.5221154030321333,3.902282212347336,2.6642539667692247,6.76042938428408,3.9192019669399127,-0.5298875198579838,-6.730017867356284,-2.5750676349157127
6.174280371819174,2.284065395714076,12.916224017886138,1.5320652917518065,1.5151415546855098,7.5688673043630335,10.953964403615204,1.756124984685325,5.768221561599839,9.885332778665529,6.941002267864985,3.492453476684917,0.0,-6.934147891923511,-0.6768042393029328,-3.2629872059661182,-15.928163779357966,-2.996518917826896,-6.551700742604615,-3.590833955392761,-6.505935813857404,-15.127228582612668,-8.136602880770814,1.8763716299570008,-8.312827316015452,-12.7159209616089,-10.7618131020447,-3.225979682496474,-0.01838099423405527,1.2148589594370345,2.522208081458159,-11.711982704477307,-8.523615952907857,-2.277958740340259,-8.747308180898257,-9.180850251373272,-11.074785996734327,-4.052002800701096,-4.871614715518948,-12.050650812064932,-12.13495185585154,-1.9807856215838349,3.693186165706579,1.7301347608609952,-10.92932643041986,-6.393771152645318,-3.6436292244100055,-11.7233774481498,-2.9674642799241058,-9.641029882314724,0.6947221256323837,-0.4517701988471436,-4.0092711659274105,0.42588626822016207,-7.786646064421861,1.7013862233603791,4.361833839269353,-2.610055654547084,-3.3168927466761295,-1.33695595592386,-2.0544073384080583,-2.8364024241514367,-3.9087895599371767,-1.7905325234357647,-12.05225397656464,-3.6716527669177887,2.2997399511933394,-9.380506304396963,-8.130374047294902,3.0559183472650293,-7.909056574240422,-9.767545856275389,-7.867479043045661,-5.425005046333816,-3.2363134474343385,-7.3108503179221245,-4.600952956231208,-9.015937824612177,-9.048846791998018,-6.935595753305864,-0.0961934252518195,-11.63388651626451,-0.5469686593246728,-0.13799352784011104,-9.455063903516724,-7.758447820200035,-10.893685213684696,-3.988005680973109,-4.345294736512232,-7.544518903893205,-4.272787220345938,-2.348222830793861,-2.261585679736616,1.6767169598447096,-0.8964989175737806,-4.889536858332906,-10.912749479230888,-5.762244808588949,-9.050292235950607,-1.714985163202441
-5.622745732950605,-0.8377576312093911,4.789651737912307,-2.9998579171128865,-4.157212491228167,4.052799974535261,3.255084763812893,0.3185294210193864,-3.0276965708791144,2.017494804086164,3.858254831680224,2.069456492622421,-6.934147891923511,0.0,1.440292584147384,-2.446990746389071,-8.392997588225954,2.5877176571335094,-0.01384127701353418,-1.0283785016729374,-1.0509191204023065,-2.723504139980661,-3.538312344872163,2.450425424468076,-2.7142139733244464,-6.164047514776375,2.848487404363672,2.036603860460884,0.7364384859132865,9.794054462893383,0.8408919030247568,0.64464201822061,2.3613203275006422,4.134672497106529,3.323046521725522,3.51980471150572,-0.32581941498817824,1.6811052182700077,-5.191256862032665,-1.4619658565515945,1.9636000033635552,-5.923708671050432,7.977822109109894,7.918952694004965,1.1846844395572218,-2.376387709401162,1.355854887440662,-6.489303110129326,5.467760221497604,8.742396828409632,-0.1711586974048503,4.840798417423772,-4.947235940648205,3.529791148634003,0.32833102438392703,7.37467981920841,-0.876811057220278,1.808488512845264,-1.8840124233608952,2.988567834064385,-6.788143753461653,2.4610739817093488,1.7357691437328164,0.5340255261908774,-3.108770557432529,5.440383693856408,2.5920592977725367,-4.718521706498652,-3.651894708350609,-2.3648710189711646,-6.639983817074953,-3.0399079109651193,3.592262306397399,-6.735945692391,-3.6264519885165503,-12.45484700306352,-1.3966399676860266,2.763618254064648,3.669995088681461,1.4879421058123503,3.0257453242243684,3.0946429007663423,1.8646524231768573,3.0672700242376547,4.044368054644909,4.674662511761307,1.484402625759336,0.3538127121339061,2.1031876764101143,3.6845339614645902,-1.5989988332082847,-3.0151079161649594,-0.07389026846582013,-0.6727969011518923,-3.3857002004952137,6.250409041025948,-1.9291345168132257,-0.859102659544034,-2.1315475969399813,9.094984486428718
0.8878114128662211,3.877188413447964,-3.247939537722232,-0.2280276257501704,-1.7109115131956627,-1.1178303472790418,-3.737594090825594,2.0299951795120075,-2.841720025791306,2.694644830881395,-1.293321648542362,0.8784280320997646,-0.6768042393029328,1.440292584147384,0.0,2.753708014049012,3.6656859245897504,2.541352622018698,3.9519130321807334,-1.3232288401844412,0.36760229010488576,-6.553116220691,-0.4180016778153735,2.791621594827329,-0.006111848160448091,4.213373551460092,2.956952950555041,-1.4653020197945463,7.609435954234399,9.108903733879503,-1.8115749848520073,2.885750652307291,7.9024589065837665,3.8954413150911886,-2.531713782272017,-0.6795640215008738,-8.737066147608644,-3.4387338773222926,-5.982460664576352,4.794787093400039,-3.1617823626054697,4.287618141489516,10.384234583506895,1.9804851917662585,-1.682344369680403,-5.2976374006968365,-4.047684607758788,-3.301574884932217,6.165523738875055,5.555445103288335,1.612445335112933,0.581344856197176,-3.8546127959677343,-1.1274228854122137,-1.3457909702601556,3.773413007334576,-1.3431844969323596,2.8359808384589775,7.143744522000434,1.8771264395181395,-1.5958907615219573,4.486361802221142,5.658160253919038,1.3373025738033126,-0.2941382846053264,5.080977254091479,-4.477877817754663,6.166894416573082,-4.589923784441256,-0.47913290870334,-5.518166162792303,-5.9327894171167,-2.908023484579888,-1.8275133027724295,0.4388513917573592,-5.653874543245661,2.1685636593388744,1.6874086496015357,6.035275234795832,-0.7732381364430958,1.22780360465807,4.10724955304968,4.0522504569041455,3.8190994592749417,3.8055387814320074,2.582835424039793,-0.8352365035522875,1.587500047142675,-2.9564014659556364,10.252440380158786,-0.1215695452013849,0.27590030722941217,3.5289398859126333,1.3655066979453154,-0.1631003153846189,1.3338506398811636,-1.879209111672744,-5.128738381505774,1.1849582940650458,10.517282632296832
-6.286486181738129,-1.1113306520306496,-0.3603067431592976,0.4974771901718637,6.275558570704884,-4.306585207658305,1.5311980748700356,1.5232550448678477,1.5023053507648865,-1.6308637722206967,0.5403520375175555,0.30770332056042177,-3.2629872059661182,-2.446990746389071,2.753708014049012,0.0,-4.239953122578035,-4.897939666742383,-6.394511901659676,-0.14856150548208816,-1.9891602612866568,-0.6322422759662936,4.138452984010634,3.2625814296323865,3.2305053616294535,5.569848733017346,-5.881541497776888,-5.034558912234486,-1.3800806628351223,6.0805797757349085,-2.0226044859464847,0.9750248503008739,-1.9863810277968328,-1.7404316078578512,-1.692240197411885,0.8463664942457783,-1.9670870646964425,1.5011614298110367,2.527646264193387,-1.4379396086882767,2.861817975771848,14.245496420237991,2.3374661713362768,2.770810946062442,-3.54969993793888,4.411356700505777,4.992426815684056,-1.9065882312686369,-0.7119444633184345,6.126434786793787,0.071240248618931,7.1699758287003155,-0.010062065600974404,0.7671630629723017,-1.4095397179537719,6.100418860090516,1.8406231543368743,-5.3486276273252376,-1.7979186206261812,-7.177592669335048,-0.7539391952948672,2.192851292126832,2.301841432629846,6.1903163872958205,6.880705099119572,7.996288208485896,-4.42970345479486,-1.166202363271213,1.7141922651684756,1.7052279789357987,3.1152138030148895,1.9050808769974352,-4.092196261697708,-6.56661044514564,1.4159344025762015,4.786179226168337,0.05733985167665966,-7.366892025404299,1.978215784459376,2.5514171233441525,-4.359449159373296,-0.027135270941171075,6.980661942376802,-0.5707593571630873,-8.124690987904746,6.258971582501943,-5.495922578968473,-6.845049628754312,-3.0262367722496375,-3.4030632356783306,-0.9216449040152854,6.8062046391953155,-6.320307571825618,1.4802383653270934,-2.7437430747332647,-2.440889016679894,3.6050818896356978,2.5909297119085326,-2.69484462776288,-4.251053000865992
-12.915927754430667,-5.689297263763434,-8.743861046570538,-6.8176730617488115,-9.588348682275072,1.0675688521147748,-5.856409228041224,-7.501334229346755,-4.842406318206864,-1.609699775945615,-3.322043543409378,-6.6364303414105645,-15.928163779357966,-8.392997588225954,3.6656859245897504,-4.239953122578035,0.0,0.2957129427970026,0.070051017692604,-0.5230954008335934,2.6837921456978155,6.18124959752237,0.9251743277558867,1.3744826870984999,-8.423798438648065,-0.8207323404096416,6.701139561220397,6.41496349133494,7.8388012535737825,12.453748230752538,2.1772468455843725,5.488784451425478,6.636869900568841,5.591207411801837,7.349566849315046,4.296783071754926,-10.680225988234236,4.382751426093817,-4.263750416277524,0.5732423058143952,-1.8363737146940655,2.041176658068459,7.303622244067997,11.504779041833483,1.8058384687863165,5.163273061578809,-0.6759563253805793,0.3921508553176683,1.8223266122618995,4.910128760354786,5.714390636216493,5.878139983643167,2.440306664393049,3.0785724425368084,9.257564105283187,2.92609613235866,8.267614491951774,6.274855352943923,1.7977205683348818,12.217580211387904,8.916673090592242,7.953166562708992,3.994444010560785,11.653783755695173,-2.276707128111537,7.11574779538592,3.8715034717208017,6.923650341666328,2.0858311481279515,4.4020479083459145,-4.802021957891266,6.788201746141767,6.879605901940038,5.010799314569614,3.374361723615627,2.2943465401095815,8.541555165411669,5.3720969588417855,12.19362271468238,3.839099983858892,-2.398073583918195,-1.0620935134807992,0.22735872415710023,-0.7666178402692283,6.578901744333139,0.10948559728608397,0.2667737923900286,-4.052189105681579,-1.6023612670052712,1.2379857239421843,2.32508225655889,2.0938598922749674,0.6489122241851352,11.946952474457847,-0.3957979887580916,7.829111479379974,9.146542218482558,1.9048255379644403,-1.1276865138517171,-4.065763745565664
0.37844526677853835,3.032126419652336,4.588519879026297,0.9747672841942954,2.522093579130168,0.7580358513486118,6.203838046087274,0.24104777487439333,0.9477029902758528,5.7218475148814045,1.1407906971466368,1.5568059748563523,-2.996518917826896,2.5877176571335094,2.541352622018698,-4.897939666742383,0.2957129427970026,0.0,-0.2527267843374736,1.8800791853399788,0.04283968165390089,4.020040673498063,3.456773683958926,-3.6635246857381776,1.0298499480330952,3.418438808946287,-11.570304959465387,0.1698492676416102,7.25456162808061,4.0499826070462985,-6.571240488598454,-6.025594723348177,-1.8109281632863612,5.094831779709485,3.33896100777674,-7.010600302251033,-3.4656413521563865,1.7675354222307547,5.709620692200819,-5.582382325934842,-0.7887683464313124,14.4835609773999,5.118814211613475,0.16974582006178787,-3.558130954279733,-10.559543263960576,-2.10035819600782,-5.680061761027698,2.233345821866021,-2.693806931717796,-0.9143499525749095,-0.8778252048566217,-4.811027120039536,-3.82041520900274,-11.275409798912808,-3.177638157151465,3.0722787429039182,-4.240298795360294,6.480085026756056,6.088637472576001,4.071443292027042,2.725864265437073,-5.176661498867678,2.17782410901504,-3.3019659205445846,-2.494056027246123,-5.473018530007456,7.211248725890181,-1.0132103133970343,4.194072750460361,-6.0272628068109,-0.8954201140064592,1.0916816839872177,-6.2556804694960295,0.5560371713867389,-10.126753652466956,-4.865836134674753,-3.216317563206943,1.6902548806215543,-1.7441802584388435,5.090183320904686,-0.13964218029437936,1.8015701758719231,5.732430982128442,-1.6535242460607948,3.552293826177768,-6.536208447909987,-0.28458494221461134,-5.082634513867488,3.927502444592064,2.312775048710908,1.9563676528524567,1.9162303011609132,2.667888335646303,5.460708753230351,-5.01256678411004,-6.156943445348398,0.498020482883738,-2.2185586112439304,3.3868902614733414
-3.211652129921862,-4.018479743121341,-0.3703015755419692,-6.878093523564243,-5.536704412898451,3.8921167733538486,0.8609654695538057,-4.466346148698164,0.5223015866955598,6.091003134886843,1.982488054994992,-0.8927476662653124,-6.551700742604615,-0.01384127701353418,3.9519130321807334,-6.394511901659676,0.070051017692604,-0.2527267843374736,0.0,-1.1033740604081133,-1.7926480964817664,-2.13634473125232,-1.5327400335537664,5.210990364042443,1.2128126098974104,-8.526499721273721,-1.3229478702604307,4.464949277386332,8.277135937614954,7.646236437950858,-5.600473855459529,-3.442967001934843,-1.7782713426262224,-0.8922086334213939,2.3444102447165,-7.251896394438549,-2.993217555072381,4.339642917279702,3.1035417345497445,-8.821539499670672,-3.10765720571064,5.124360120513424,6.676297493421772,9.454305186112318,2.063249798729205,2.916192818256003,-6.506701709497367,-4.044552776831183,4.853221333983424,3.6609736083261537,3.8000818536554415,3.1891673617159815,-1.3998461241868605,5.076800437625795,-2.1377856057021174,-4.429204110770957,4.999943985815755,-4.609034220903053,-4.405829941202182,0.9639985608293642,1.6348436869258531,-1.2445042959206518,5.58446215366326,5.603051479682004,-5.107268107090692,-2.915536975795628,-0.6298983405871369,-6.611546033874348,-3.8849535471273433,6.569841474649213,-4.878427787511581,-2.1159573269427665,3.736615697993433,-4.004532345438415,-2.2932321445627606,-5.2251744514654925,2.3396346973577646,0.16771684586173344,4.619088321743099,-5.513250958063068,-2.1946739120298204,-0.7751200267817777,5.500748298965098,2.134255966786164,3.0574894411359144,5.207276133802269,3.0524180630948314,-1.3550238656975435,-8.18476494276805,2.1845357091072626,0.390423479983168,0.8237893535698271,1.760916786665515,0.43850611902207426,-0.5509727666268964,2.110551470824608,1.2918000464279973,-2.2854541849018886,-5.3818065396710795,8.456352686275155
-9.45678528078103,3.7854926897900785,-7.39887087007199,-2.7684790055135866,-1.4734128193954863,-1.184573634079999,6.575209605409881,5.098328664687748,1.8989984151765813,1.6344846497171632,-7.477561005073861,-3.7765774112959742,-3.590833955392761,-1.0283785016729374,-1.3232288401844412,-0.14856150548208816,-0.5230954008335934,1.8800791853399788,-1.1033740604081133,0.0,-2.0847774957104748,0.9766839209733312,-2.6907547664094658,1.6171338587668587,2.0492407512648234,6.201588877109602,-0.3109204846016551,6.743431580634261,1.4291770856376131,7.065183416045065,-1.1138802524476303,-3.1394958724757087,-6.058117236464788,10.279332752590111,3.0455810909414,-6.991860894943892,6.383939757175827,7.640650160094542,6.195670581209888,-5.47406052330256,4.309329530601492,11.032322639849776,14.422129006898162,5.426895422326671,4.092404206207108,-5.841370282246331,2.315630010313958,-7.066645092937317,4.76279508216951,4.329505077317437,6.491243204773912,1.7172671015316803,1.4068016271686634,4.186401003567838,2.154676115706962,4.544710114446737,1.227428421782345,-5.272134662141009,4.210310693208489,-2.5573639463202684,1.6799172376987583,9.958293428746591,5.415276010193595,12.150547481206193,1.037767475019141,7.191183053609157,3.978808137424784,-4.785929232696933,-3.8112910573518857,3.2396130599253627,-3.375433841470516,4.6795178310476055,6.224689213269944,3.6812931339234662,5.0818039510090935,-3.122293191643029,-0.27887815003348687,4.571465319605822,-0.7002176942235276,-2.332668761048845,2.8597829920959534,4.135477422622648,-0.4403498520975992,5.344506261250183,4.0758477132881294,8.613968396848618,4.386908823769118,1.4255721712288172,-3.0955259635632064,6.539849516004961,4.6736732658512015,2.013390626075766,2.6968580604186734,3.7695933493224736,4.488447509303118,3.876457511541571,0.4550615890816304,4.422535706664568,-2.0415387452950577,4.749859888981172
3.848439507199133,0.32924936114653214,-1.3931542869394216,1.2232051340032155,-2.5747072535829414,0.9094177007644721,3.328185928599038,1.1966945903455175,-6.9969499947618035,-3.5097576331371982,1.1511192321146604,3.245427657012645,-6.505935813857404,-1.0509191204023065,0.36760229010488576,-1.9891602612866568,2.6837921456978155,0.04283968165390089,-1.7926480964817664,-2.0847774957104748,0.0,-6.263028719687657,-3.85011461047116,3.139284660957028,5.720373769832407,-6.153093462375728,-2.1828830914752353,6.535738388389419,3.987690222643312,3.9366816572019143,-8.749507685603845,-6.435852894309864,-4.012302163052718,2.363980748512044,-0.24380107833752415,-8.126230530651007,-0.565332109372115,1.0686614441967164,6.8553124944936235,-3.275605596609724,-1.3998842615660647,5.9999365094479815,14.04886862791334,7.641876236787539,3.4299558718421754,-1.0166247519983047,-5.074389191676199,-3.539281443939632,3.916242084297523,2.2266963215263798,-2.6345948163255626,-1.1372812596070143,-1.8517653289154667,-3.0635140458375614,-2.123817726351456,1.6389364507884958,3.128785942538039,-1.8239956360708691,4.361932407541347,4.170897521991862,5.83158710626863,6.437871038801253,6.0020302968349135,-0.5192180968883926,-2.842975119908375,6.1819194401175,2.876361509926103,-3.416545290793138,-6.328147340354498,4.130736257242389,2.1041114438151207,-5.915459771183141,2.642230707703232,0.449135327318561,0.6123783403633745,-7.423178273127919,2.916183521706245,5.3699062180761965,-4.2069518347280965,1.654796938558029,7.681667164957184,-0.8344857717443934,-4.505065027254766,3.368983526377555,2.4670549567241116,6.796644822617401,3.173829173799864,4.740263071572088,-2.028629383330481,3.9952939788505,-1.6804139142853785,1.5956121337973077,6.984434091197736,-1.0300634600280136,-4.490317506235576,2.057857905179323,-4.855305581294082,7.570078585388481,-6.541605764382961,13.318774099242791
