0.000000000000000000e+00,1.499925848367763770e+00,-4.878973480840452792e-01,8.262501146381870387e-02,3.460238845576453226e+00,-1.346582773712724279e+00,6.974481746242138236e-01,3.891317096624409277e+00,2.350433968528225837e+00,7.926202068537339329e+00,-4.076542029853991167e+00,-4.201867531782366605e+00,-5.471809002705196434e+00,2.697785781774626468e+00,9.060027277650908872e-02,-2.703398223001804102e+00,-2.832517119688814589e+00,-8.825343390629234008e+00,-1.288355827859905656e+00,2.870611419976594192e+00,2.270408718192190589e-01,1.977739681628268897e+01,-3.932138288448640662e+00,3.644868832901487110e+00,7.913613814786567280e-02,-1.662889732915278751e+00,-3.420929982311464723e+00,9.366534274765280443e+00,-3.094645571843762655e-01,-3.262403386123329696e+00,1.276443364715393791e+01,6.059232408612220955e-02,1.164368008140443855e+01,7.644079659576841657e+00,1.110888462668816423e+01,-1.809583681112012787e-01,5.269423303506944656e+00,7.622185669756220250e+00,-7.203272089540578849e-01,-4.791180471637346727e+00,9.088070685740737176e+00,-1.304736281982701751e+00,2.555556118289843415e+00,3.603348785077248095e+00,1.085772272687016127e+01,2.252637604341193089e+00,5.215816852131735182e+00,6.572506335162292324e+00,1.922253718952269708e+00,2.938438319774157592e-01,-4.927471677836528841e+00,-3.226318537919566354e-01,-8.484457671199701068e+00,9.551916564846282820e-02,-4.082794262044264322e+00,-1.275923073804800106e-02,-4.158415742824226324e-01,-5.228736097183233511e+00,-5.331939233545009843e-02,7.142781327746314801e+00,4.084875929268423356e+00,-3.090425689566177470e-01,4.035225185548710236e+00,3.283242116180566939e+00,-7.775225709436170973e-01,-6.814602310543321551e+00,1.232492312009425994e+00,-1.269450576595230196e+01,7.177769115756476914e+00,7.053607863070946671e+00,1.257542860665230933e+01,-5.153884771550792721e+00,3.297242128630898605e+00,2.045982754594078301e+00,-4.142217672886696178e+00,2.625279578413954429e+00,3.783650829045800634e+00,3.287088257260477153e+00,7.762691066935250461e+00,6.696502348913581315e+00,-8.166522232126313341e+00,2.067933919172602497e+00,2.683281166635134607e+00,1.689696019562998419e+00,2.782567537368807464e+00,1.137310867559171257e+01,6.351212931694199426e+00,4.789492555313553446e+00,-2.433722724869024301e+00,6.522578738042186686e+00,-2.112879946000083997e+00,-1.500103276071662162e+00,-2.011067128602437304e+00,6.329550982577245577e+00,3.962413283245223905e+00,1.998471547361778011e+00,4.678218823657128711e-01,8.953427060095735524e-01,5.063898735423710384e+00,4.173342992222742076e+00
1.499925848367763770e+00,0.000000000000000000e+00,3.588610644337514088e+00,-1.152334816473882029e+00,1.460055539459346852e+00,-2.977928690593615091e+00,-3.282291286043905298e+00,2.170568592329751745e+00,-2.812875300292774217e+00,-1.211262283156798292e+00,-5.354412233424209688e+00,-7.256291823428106191e+00,-1.150081986144581947e+01,-1.481418347150289305e+00,-1.939300269342008276e+00,-2.806830051235883694e+00,-5.426803782987879465e+00,-3.100527534761974291e+00,1.629358736458859758e+00,5.685163910098293139e-01,6.770596703784306225e-01,7.000619109667176154e+00,-1.006680253699597216e+01,7.361098472814380234e-01,-4.257230490868233908e+00,-6.358081178305220682e+00,-3.144135797809243016e+00,3.540756998166344482e-01,-8.810637386726215325e+00,1.929055899137873120e-01,3.708301507143620501e+00,7.730377202557078498e+00,4.988814627985632910e+00,2.543070109917975330e+00,7.354024646429325074e+00,1.485272711520277511e+00,4.771757732192385859e+00,-7.609840903460250772e+00,-8.773510274868351999e+00,-1.053765124831065059e+01,2.088176341081073417e+00,-5.352603851426132486e+00,-6.560491399484076780e+00,-2.424282237347865188e+00,5.411203930015926922e+00,-5.211110720622965431e+00,-1.411430299071194383e-01,-1.912386418887914497e+00,3.390748783128296751e+00,2.248690830218434744e+00,-3.004854036923534366e+00,-6.592882437508342797e-01,-1.142956956767932297e+00,2.276752220078167355e+00,-8.209822649331917077e+00,-7.268412944646022389e+00,-8.422851154529387152e-01,1.385758504852108337e-02,-4.783330695680565903e+00,9.666868016108948192e-01,-5.643464736556356165e+00,-3.865532128619658114e-01,2.739866807131414728e+00,4.016577588563352563e-01,-1.104653683499247530e+00,-3.194395041250491563e+00,7.036446023950200690e+00,-1.100271693079019997e+01,-6.868595240896590015e-01,-4.548864151273619427e+00,4.288258465042455114e+00,-1.123333641279028328e+01,-2.695826691500802230e+00,-3.370065583929296338e+00,-6.332199882171258842e+00,6.215726417297303463e+00,-6.756212834719875993e+00,-3.553550341449956740e+00,2.211405118910549028e+00,-4.154643854916472812e+00,-2.345543403668567617e+00,1.230670830665029847e+01,1.832709785185479223e+00,-2.848090141887366755e+00,-3.958034085639734911e+00,8.137696175692187950e+00,7.851664125223875246e+00,7.235933275441971624e+00,-6.902610428732287584e-01,8.445438820093984944e+00,1.194679095031326632e+00,-5.569530511663300487e+00,-4.537579834390548683e+00,2.764542745276149738e+00,8.385895406163983878e+00,-2.725970118941885456e+00,-5.609441974371052630e+00,2.410618709284848560e+00,1.276950337866646246e+00,5.695115363817193632e+00
-4.878973480840452792e-01,3.588610644337514088e+00,0.000000000000000000e+00,-1.130451481283364146e+01,-8.296446836116598833e-01,-3.665014493646749916e+00,-2.337048817441063964e+00,1.800345208744472680e+00,1.260909267874098072e+00,1.650228846609381739e+00,6.838176287445976165e+00,-1.604178006137461754e+00,-8.597418520940026454e+00,4.505268791144014795e-01,-1.169769633113517004e+00,-1.058513020565263574e+01,-5.142249066590198758e-01,4.791532230430142647e+00,-5.472605385245651988e+00,-6.576479124219082317e-01,5.683882624486829904e+00,1.456752826144495927e+01,7.670710852504323274e-01,2.467339578073272310e+00,2.683320905453435046e+00,4.615067682643304359e+00,-7.311499975061721557e+00,6.657463933298249259e+00,-1.624138906046260100e+00,-5.899457396639769258e-02,1.770558435443264633e+00,6.822195151645829014e+00,3.066698947777809714e+00,-6.255877520980274831e+00,1.758153803739610721e+00,-2.700525602788785839e-01,5.581381235284114339e+00,-2.670162350476280366e+00,-1.708032811373982440e+00,-9.259906965057429495e-01,4.967701054206173694e+00,2.336344250627091945e+00,6.338456323963621131e+00,9.958158596561964560e-01,3.495884155594330078e+00,1.197131346916687544e+00,7.986869671366169321e+00,9.050492777910180919e+00,-4.613605577523359536e+00,6.477629267689819059e+00,3.461239617938186353e+00,-3.099884196056903463e+00,9.575384100772256213e-01,-5.256157003716086962e+00,-1.792190534548347314e+00,-7.785682279883177070e-01,-2.282173301700257007e+00,7.674367458493448479e-01,3.299653294749874455e+00,6.129009700517028314e+00,-3.466619808324436836e+00,-8.400435498895966191e+00,-4.814378533942895722e+00,-5.226052960043139350e+00,-3.752007091341595935e+00,-2.155272298705632306e+00,1.582851178965280603e+00,4.966809778972494649e-02,5.496165712727179908e+00,2.662371856320282060e+00,9.893404905984809483e-01,-6.824696803475673867e+00,-2.871027129554653445e+00,4.930711118424180306e+00,5.427571118568844000e+00,7.537771205425585208e+00,-2.514996712289262693e+00,-1.640615406993405800e+00,3.152042897640540797e+00,-2.069607325059029002e+00,-4.417584935472163465e+00,7.980381676223298193e-01,5.221410681536198695e+00,-3.359781196651056678e+00,-3.267239497895733535e+00,1.668995125418217151e+00,1.518823731826739465e+00,3.258070292917042643e+00,-1.208429468171815069e+00,5.021612973664554502e+00,-8.937792345298364305e-01,-6.424573979438131133e+00,-2.131044662240183740e+00,4.877995171056853430e+00,2.271871492975658491e+00,2.503763235107697493e+00,6.305560008843988484e+00,-4.744424734834867152e+00,-5.628680413524317139e+00,-2.212178286754100665e+00
8.262501146381870387e-02,-1.152334816473882029e+00,-1.130451481283364146e+01,0.000000000000000000e+00,2.473842347453426793e+00,-1.772712888601633896e+00,-4.129210523936352573e+00,-3.959422586770779517e+00,3.880288940569917022e-01,5.657334582415960433e+00,-3.484920885598201679e+00,-3.532660188181344196e+00,-1.886704959501020351e+00,-8.423594390752704442e+00,3.391156796944224117e-01,5.204678627400439517e+00,-8.869180034867019558e+00,-6.484766547051975749e+00,2.750744327752226770e+00,9.131390383488275919e-01,-6.608047708773641560e+00,-2.674979328713217530e+00,-4.368379795689564027e+00,-2.761623483224199482e+00,1.068082560850726503e+00,-5.149161752658386604e+00,9.526184384403835193e-01,6.283827360103538595e+00,-1.140684438265316913e+01,4.647935137176675724e+00,-7.736348695680264953e+00,-2.423963961184887328e+00,-6.060291688307772873e-01,-4.884320328433600089e+00,-2.847917624278847093e+00,-2.506096267247854836e-01,-1.362948869715393529e-01,2.761299998781401310e-01,1.443666561735935883e+00,5.543496902224711143e+00,-6.316981694567239458e+00,-4.282989243674385271e+00,-9.966516661156383794e-01,-6.515155104842979661e+00,7.184425293417935343e-01,1.743116179179030389e+00,-3.545689287002602885e+00,-7.356062455626383390e+00,-2.206623736084879717e+00,9.935996101343940179e-01,2.445516518843549036e+00,-6.197278224052003459e+00,-1.371148171819646988e+00,-3.047069207367855692e-01,-2.137552987374280011e+00,-4.034398880715249547e+00,-6.900223223700182373e+00,9.124274612713698662e-01,2.688167137260621509e+00,-1.775500464590498151e+00,-8.826837714671592394e+00,-3.411273510229692274e+00,1.820235220393160436e+00,-1.792941799872854070e+00,4.216481109074306843e+00,-1.046964590877164536e+00,1.126770730720277314e+01,5.038203886892427263e+00,7.035434607744353031e-01,-5.918128404057021008e+00,3.135914248913282076e+00,-3.349516604650657481e+00,-2.353894097060169610e+00,5.931153016105326969e+00,-1.003911042297104927e+01,1.906956242987152716e+00,-5.385956816909548195e+00,-2.917800973229286221e+00,8.981472073302558812e+00,-8.051750892819256933e+00,6.993688761949851118e-01,1.474671001685892691e+01,5.372810918281501813e+00,5.690340185900906178e+00,2.826729583731179218e+00,7.073688225942282415e+00,6.240917312730626776e+00,8.494857604525627437e+00,8.597246258506700656e+00,7.822566039550536310e+00,6.644840160041983523e+00,-5.340266161734895434e+00,2.172986654101424442e+00,6.361959915824225043e+00,-4.908361657745870410e+00,-2.212389110089985067e+00,-8.290183913233708068e+00,1.133548224880564348e+01,-4.186982573728457169e+00,1.045950309475966478e+01
3.460238845576453226e+00,1.460055539459346852e+00,-8.296446836116598833e-01,2.473842347453426793e+00,0.000000000000000000e+00,4.094883872726093332e-01,-4.813053803881123471e+00,-4.992664162287457685e+00,-2.720368203751869718e+00,1.719373940743814444e+00,-1.486808360325808209e+00,-3.805833007643794730e+00,1.333066697703692682e+00,-1.874563283723483798e+00,-1.531809899711733092e+00,4.324176057901638615e+00,-4.041634834081826888e+00,2.663925201980088087e+00,3.899602994842971349e+00,2.190438567811077597e+00,6.155049517449099561e+00,3.544820604516154106e+00,-1.331736105362038458e+00,-4.959953009291089288e-01,-1.292641973659300891e+00,-2.089739548166216210e-01,4.021661557340630466e+00,4.885801428168818905e-01,2.789716127824634295e+00,1.696608148631209012e+00,5.993882749832408763e-01,3.157198188512173154e+00,3.305007847427828160e+00,-2.573960234501978750e+00,-1.483156226231389652e-01,1.033277448928398901e+00,3.684415702433322171e+00,1.588687008321283178e+00,1.764889919321118716e+00,-7.651085342686710256e+00,-8.839662971999311836e+00,5.874176792071854614e+00,1.726604347545969365e+00,-1.120146738117740126e+00,-8.690595204481290637e+00,2.965435390686739225e+00,-7.949956782079087070e+00,-4.022991421646268329e+00,3.665346023774703532e+00,-2.206774650944513638e+00,4.021929108125022800e+00,-6.776157842686486354e+00,-3.149907779551984532e+00,1.287194965951313330e+00,-4.541656554706765547e+00,4.080232941696462778e-02,-7.542437342939365408e+00,-4.384995498888961951e-02,-4.100383086439957303e+00,3.739580895299366325e+00,-4.319877766400908925e+00,4.925220943808511720e+00,5.668259428428985558e+00,2.489392022751631295e+00,4.795487766667937635e+00,-6.052792226689530652e-01,2.732691273050877334e-01,1.200725559866392844e+00,2.003410471574182061e+00,-5.198999329141464898e+00,5.638038790855094184e+00,-7.062072475695037710e+00,-2.878759980342310509e+00,-7.471044546082215021e-01,-1.082556811929822338e+01,1.420423711928413768e+00,3.588285485199521063e-01,-3.728717218450971593e+00,1.194879685206468700e+00,2.299273357063523981e+00,-4.420974741110556216e+00,1.724200781406239447e+00,-4.075533586320186252e+00,7.913319173670831930e+00,-2.985501652515917925e+00,4.403901075600536785e+00,9.720141545770161429e+00,9.915291554550794473e+00,-2.241976126156909332e-01,5.437717274843935300e+00,5.343848738553938382e+00,-7.947603082020924248e+00,2.905337397120670406e+00,4.852196286174289774e+00,1.781089083575671861e+00,-4.629877819747675316e-01,-1.041565167312042917e+01,5.038132619974912130e-01,-4.728422107941704922e-01,-3.501579346245989210e+00
-1.346582773712724279e+00,-2.977928690593615091e+00,-3.665014493646749916e+00,-1.772712888601633896e+00,4.094883872726093332e-01,0.000000000000000000e+00,4.012820128025683886e+00,3.730043994724812517e+00,4.321703017785464951e+00,-3.293760270480227348e+00,9.300344724667260365e+00,-4.127941956530531975e+00,-3.584015372856382609e+00,2.827737549389039984e+00,2.150776275699484597e+00,-1.318197443669701707e+00,1.808213918683507115e+00,-3.247040458149108133e+00,-6.902934783713878808e-01,2.177106031400520170e+00,-6.950022741757716283e+00,3.299467331800259640e+00,-3.079619653580655481e+00,-5.744334136995617790e+00,-2.999821444586951547e+00,2.343438564542268399e+00,8.781061770684827295e+00,7.954680898121449850e+00,-1.071216575310515617e+00,1.587774607308033215e+00,1.358097899338670755e+00,-4.661934414819471684e+00,3.298197985905551910e+00,-5.776817913086804701e+00,-3.580692072857818431e+00,-4.245576672228875026e+00,-1.664204337836825198e+00,4.165592613171532399e+00,-7.155441032252651823e+00,-3.534127569071980890e+00,-5.528594127066738251e-01,1.137800992572127612e+01,2.117466315004216781e+00,6.897888618537425742e+00,4.128056989436364788e+00,6.332891846307184380e+00,1.928219771170404107e+00,-2.782103414004148401e-01,-7.326701987272020711e-01,4.522425904499688620e+00,2.165766380820863812e+00,1.626964003489201893e-01,-8.759872285812101422e-01,-5.402556410411326837e+00,-2.437553148537363157e+00,3.261570699269670914e+00,1.301474169527239821e+00,7.126055708419354318e+00,-5.091941757278604541e+00,4.672363127161156982e+00,-6.539598319437871510e+00,-7.293268437365709289e+00,-5.230637124761047474e+00,1.808464206188402645e+00,-7.962945702685779281e+00,-3.434815173395202148e+00,1.256082264574831076e+00,-1.109879530188424557e+00,5.288046964518026805e+00,4.094375943917399674e+00,-5.932156991025077097e+00,-4.131809993378171009e-01,1.429925212816136826e+00,5.358508428444093141e+00,-2.903742469840468576e+00,-1.518754907983675295e+00,1.083269511693155440e+00,-3.785471932270096040e+00,2.818363155455724911e+00,-6.178409784417882911e+00,-3.859290950491737426e+00,2.383360196149881816e+00,6.091443165136618099e+00,6.397918045954399169e+00,6.130934411154380648e+00,4.483219039056519084e-01,2.670842591216836759e+00,5.158792160293589113e+00,-8.109064146681488339e-01,8.234755745813622241e+00,1.887042348010649351e-01,-5.370836751667077635e+00,-9.170908026399363422e+00,4.260710199269472476e+00,6.116512775690337911e+00,2.290193943699209811e+00,-4.150425376103346942e+00,1.851294631387998546e+00,-2.198592096891728520e+00,5.784460280392491605e+00
6.974481746242138236e-01,-3.282291286043905298e+00,-2.337048817441063964e+00,-4.129210523936352573e+00,-4.813053803881123471e+00,4.012820128025683886e+00,0.000000000000000000e+00,2.354552081283876053e+00,-1.009200378207159909e+00,6.154605340997508556e+00,2.985070875736588025e+00,-2.147854917232882244e+00,-4.793692035656260231e+00,2.504557295848274023e+00,-3.562042578890697975e+00,-3.218524923431441698e-01,-3.127885904659925220e+00,1.398293174977281117e+00,-6.646419443454117726e+00,-4.182080895158900802e+00,3.594364573194288037e-01,4.071914212885869411e+00,2.519315632181884812e+00,4.672760505128409569e+00,-6.534744688936261703e+00,3.866840798777543275e-01,-4.027779686564204376e+00,-1.148237808859629228e+00,-5.884913628061168467e+00,-3.175878668140320826e+00,-5.782667960089678871e+00,-1.411135787539573139e+00,-1.253147499086852301e+00,-3.004778510146618675e+00,-4.705143904616574169e+00,7.928624619951758490e-01,-3.263597455525056645e+00,-2.663798383044322815e+00,-4.768141839976523855e+00,3.236310719598910701e+00,-8.807391648507717496e-01,-2.288339585842742996e-01,-6.031960323940739777e+00,-3.960741954216838945e+00,1.459615795771846614e+01,2.157068296043483713e+00,3.494343864902638597e+00,2.325973988577008100e+00,4.654538688320961626e+00,5.151817984801329686e+00,-3.817001066754866390e+00,-8.418898990282009942e-01,3.023742873706540379e+00,8.041710849542267781e+00,-4.034295067913017618e+00,-1.349042161382522531e+00,-1.536519732215673839e+00,4.293226348297417339e+00,-3.814418785923074928e+00,4.000278016963140892e+00,-5.049755758133942507e-01,-2.374751599336469177e+00,-1.828055387792989206e-01,4.230481933982107590e-01,-3.285869079450158381e+00,-6.978831712801195408e+00,6.181395313667797708e+00,-9.352044579112114286e-01,-1.193805437515867096e+00,9.614752750142050886e+00,-9.592246475336063227e+00,-5.111281987094488777e+00,-2.502145986178151649e+00,4.907739025932396970e+00,-1.712351484338582308e-01,3.475631016993688149e+00,-1.016308307161289903e+01,2.762482926907388503e+00,-2.255188550454118257e+00,-2.120228526382019307e+00,-4.506740571649979543e+00,-9.711215674222686278e-01,6.980651763476804383e+00,-6.731831724455717314e+00,-4.107795039540936000e-02,6.496201545670564848e+00,1.724075012135154017e+00,1.882988208896534177e+00,5.966835141448925683e-02,-1.504713601627061026e+00,-3.674580589183798818e+00,-4.593536351251940708e+00,-4.755816425607403808e+00,3.816173772681054288e+00,6.774825123007849115e+00,-2.937230470580191266e+00,1.022797001734326194e+01,6.250162050927977608e-01,3.324995311875033277e+00,6.486330269415281791e+00
3.891317096624409277e+00,2.170568592329751745e+00,1.800345208744472680e+00,-3.959422586770779517e+00,-4.992664162287457685e+00,3.730043994724812517e+00,2.354552081283876053e+00,0.000000000000000000e+00,3.738476061460170197e+00,-2.557404035633096484e+00,-7.515140170914467177e-01,-5.348807765591761409e+00,-1.150884345793629038e+01,-4.485251482629747599e+00,-8.289142562370750866e+00,-9.584133027023412632e-01,-4.224766665247946307e+00,2.881673023953529533e+00,-5.791003777036880962e+00,-1.513034264976839571e+00,2.130401426825263567e+00,5.406655634500959096e+00,-5.474546010715855893e+00,2.076352586750838947e-01,-8.084800171151339754e+00,-3.818390642678444191e+00,-6.191290368939560196e+00,-2.010037921187979748e+00,-3.835816214795139789e+00,-4.314160379789332644e+00,-2.179105440933027382e-01,2.581519230302563805e+00,4.660702100046297147e+00,5.753001289742862290e-02,3.182422236675980454e+00,1.337193816651131906e+00,1.076363697274677733e+00,-3.342661455006882942e+00,-8.934259831531678131e+00,-9.657047393985516592e+00,-3.251564574539593799e+00,-3.098271576919242154e+00,-8.474308525358486222e+00,-2.376925049449361005e+00,5.574044376964473635e+00,-6.024550326122737332e+00,-1.759547817825883209e+00,-2.592443488090289794e+00,1.174516265879668842e+00,9.434037404786368985e-02,-2.769049044805159898e+00,-4.521267631206011411e-02,2.908435026573991666e-01,6.820206950257253098e+00,-4.228645352208467934e+00,-3.184920135695870957e+00,-1.903488949559186905e+00,-1.562604578426845414e+00,-7.777872320936127792e-01,2.084362898621662019e+00,-7.724053400547187032e+00,-4.603204398983861800e+00,6.640798418573875539e-01,-6.125114689432480830e+00,2.057877131886948430e+00,-4.351913589038909791e+00,-1.233159228834893040e-02,-9.405632698564561522e+00,-3.695318356500334023e+00,-9.219478512333340037e-01,1.437478230529310119e+00,-8.920285923426899188e+00,-3.022548084261116763e+00,-5.483838126008792280e+00,-6.386347802620789160e+00,6.599031667346468844e-01,-6.441749354227458646e+00,-3.922946486475330730e+00,-5.989639871337747223e+00,-4.680670371175179034e-01,-1.051033233056235794e+01,-1.325703337962745199e+00,2.397365752297650587e+00,-3.830036237573026359e+00,-3.768178172410587390e+00,1.333139056755337837e+00,1.039392735622903796e+00,2.169385583614946711e+00,6.498975003174356502e-01,3.109175697409427563e+00,-1.415757664395413951e+00,-9.342986649420671696e+00,-1.091378600111832853e+01,-1.217009293515558532e+00,1.158474834941113407e+01,1.125091017248596170e-01,1.710668396493706833e+00,-3.882772670586643216e+00,3.861758908107766786e+00,-2.597007243310185842e+00
2.350433968528225837e+00,-2.812875300292774217e+00,1.260909267874098072e+00,3.880288940569917022e-01,-2.720368203751869718e+00,4.321703017785464951e+00,-1.009200378207159909e+00,3.738476061460170197e+00,0.000000000000000000e+00,-4.381761998094726884e+00,1.767676726717336555e+00,-2.500955999803674779e+00,5.947381026984065455e-01,-4.236039183247859441e+00,-5.775094900629518690e+00,-3.570724808795251448e+00,-5.299669371393507689e+00,4.178095772448506828e+00,8.526141836309385491e-01,2.349837864324955117e+00,2.147026583769214625e+00,2.801873578177642266e+00,2.309003427968661093e+00,-8.666324536768870601e+00,-2.725089697190385518e+00,-6.749293292537315025e+00,4.413587509257518526e+00,-3.065488765027441165e+00,-2.094105983415129213e+00,-5.022547408443619688e+00,2.258606125528786479e-02,-3.211067582476422544e+00,-5.125247225622831415e+00,-2.098823398011593622e-01,1.449116472203421102e-01,-3.449019743079171363e+00,-1.079284412039545060e+00,2.880573350827458912e-01,-1.002309892484663045e+01,-1.438670261847620502e+01,-5.069770624275792059e+00,3.015096793016652121e+00,-3.098789071292745501e+00,2.990662838777515820e+00,-1.174396658883265943e+00,2.801074465644106226e+00,2.690951885740699545e+00,-3.669365285423885070e-01,-1.544098521288421511e+00,-8.558389821372013317e-01,4.427670092697579829e-01,-4.202511075363325688e+00,-1.864924436028768229e+00,-1.337374604028061409e+00,-1.044833859408845633e+01,-4.249121674105802882e+00,-5.649939306600581190e+00,-3.250844927590979871e+00,-6.362755611805371636e+00,2.533473535082703343e+00,-6.814598840329064267e+00,-4.915680311782441692e+00,-2.437382897066731946e+00,-4.278609595703703583e+00,-4.483330352510728645e+00,-1.146757011843166252e+00,-5.364567762991536704e+00,1.910258193517075487e+00,-5.218587235024679138e+00,-1.955501454678270745e+00,7.525376789300129765e+00,-1.499350870785864043e+00,4.962398390752121635e+00,-6.615405887785994921e+00,-4.206144513320879241e+00,-1.769980402167196543e+00,-6.684951777209504620e+00,-5.764962408392324100e+00,-8.105281707758193122e+00,-1.415886661862575391e+00,-6.870707766043371301e+00,1.577664797370382121e+00,-1.727253132149730641e+00,7.357466749266238892e+00,8.871426865182383992e+00,3.686641807307790231e+00,1.768571785366428673e+00,5.280364035665850331e+00,7.888571884888153640e-01,1.265987147389052492e+00,3.107441479666282813e+00,-3.381059381553431109e+00,-1.195955348799433438e+01,-1.291918236129512287e+00,9.880615907136457210e+00,-3.293772273467248990e+00,-6.923305472091011659e+00,-1.341328536800410864e+00,1.276715247843636380e-01,-6.424113004172245844e+00
7.926202068537339329e+00,-1.211262283156798292e+00,1.650228846609381739e+00,5.657334582415960433e+00,1.719373940743814444e+00,-3.293760270480227348e+00,6.154605340997508556e+00,-2.557404035633096484e+00,-4.381761998094726884e+00,0.000000000000000000e+00,-2.090981622974426468e+00,-1.906400733022617089e-01,2.641653130898331092e+00,-4.253351532994173567e+00,-5.290281123600919067e+00,-4.510183266880774866e+00,8.472277277531549800e+00,6.473437013011139385e+00,8.250152142143759804e+00,-1.276873646151807096e+00,2.124642003274644697e+00,1.102167264746633890e+01,-4.115433247463469613e+00,1.819915261570859699e-01,-3.581061433200009692e+00,-6.155208663064187569e+00,-9.585609675476238323e+00,3.530043208228221374e+00,-8.045241540840790684e-01,6.691490837704175298e+00,1.980291726010437570e+00,-5.567968679369585949e+00,4.736679168684138297e+00,1.689857163001449392e+00,7.362755767643440308e+00,1.929572301080272112e+00,3.213642778068781958e+00,6.347141685913266329e+00,-3.766505742223421382e+00,1.054619844067111512e+00,3.903817819900779362e+00,3.814425999725618244e+00,-2.083100968188711377e+00,4.389170284660795396e+00,-8.140989180290894467e+00,9.561304602767776828e+00,9.079792532099268954e+00,3.594674872258329490e+00,5.421776559895698178e+00,1.096553171712628227e+01,-4.661913294175817235e+00,-1.616987174265734017e+00,-8.697557975398924057e+00,1.121187196595982760e+00,-3.956504095671134813e+00,6.845439291129287618e+00,-3.141792142970985524e-01,-4.114764743328726659e+00,-4.383775837246598250e+00,-3.016677681547246248e-01,3.472391915952822150e-01,5.363329316770294453e-01,-1.322397398649132194e+00,-6.791846066556050943e-01,3.910745053372406854e+00,-5.721804178726899615e+00,1.561998098314426375e+00,-2.268159783128985030e+00,7.616121134900826206e+00,4.262190438152105187e+00,-3.232087194069932501e+00,3.938781631168102759e+00,-2.240314802056224686e+00,4.782349213335286287e+00,4.988265547305351433e+00,6.035166133591917337e+00,5.516873789318115229e+00,1.507721272985425909e+00,2.321162711355760688e+00,-4.635706487749156612e-01,-1.512530392710771832e+00,5.437668987667927389e+00,-1.376067312797951137e-01,5.064345312690213596e+00,-9.706814961939720654e-02,9.407654686484434592e+00,7.014870538139322598e+00,6.884553190540418477e+00,-3.835140546250698446e+00,1.103062909238797351e+00,3.324028020520586324e+00,-5.051307566418986816e+00,-1.670012264469912244e-01,6.702326481812777459e+00,3.269482057261932084e+00,6.148686569110382472e+00,6.120076366015696934e+00,8.693504217333604345e+00,4.850332469918737566e+00,-1.635618970294521857e+00
-4.076542029853991167e+00,-5.354412233424209688e+00,6.838176287445976165e+00,-3.484920885598201679e+00,-1.486808360325808209e+00,9.300344724667260365e+00,2.985070875736588025e+00,-7.515140170914467177e-01,1.767676726717336555e+00,-2.090981622974426468e+00,0.000000000000000000e+00,-1.062139001261888005e+01,5.917751950203362199e+00,-2.784405111617199058e+00,1.003241452695898372e+00,-9.529462644249178993e+00,-3.389453683169290965e+00,2.315168003591923374e-01,-1.753946662250291499e+00,-8.030128705407422629e+00,3.479567112071737967e+00,2.566351614358618694e+00,-1.344633995520321701e+00,1.925862491891486838e+00,-5.102965053210899882e+00,-6.738461037940445486e+00,2.615348885711250571e+00,5.615158315396238997e+00,-3.061191675725166705e-01,1.399547532599035859e+00,5.774665710614654834e+00,-9.922392245852101667e+00,1.847367032519509955e+00,-3.147413376580723732e+00,2.765108819816381569e+00,1.679133465077217835e+00,5.106234474254197631e-01,-4.219388035122387137e+00,4.093866086438959329e+00,2.333722831875248094e+00,-2.745829280279203921e+00,2.537704510801946256e+00,5.887380890946192658e+00,-1.734190779454690912e+00,-1.721651234791021556e+00,4.414753921046849605e+00,-5.634776702806011173e+00,1.310756850824256192e+00,-2.003636635069220517e+00,-7.962084402022562735e+00,3.481672671808388575e+00,4.307343033475632410e+00,-8.876346928927225655e-01,3.617286140094820190e+00,-4.693557083012491304e+00,3.690089728473806008e-01,-2.375438699849954816e+00,-3.608523727110620527e+00,-3.001712193784395133e+00,5.321478165192321974e+00,-7.383801824381333923e+00,-2.151376105412495132e+00,-3.694795282474865772e+00,-1.160327044442009736e+00,-2.640289339453591566e+00,-7.178173820840579644e+00,-9.149493572335698488e-01,1.607278958102579258e+00,6.017403791840012062e+00,5.152652601415269373e+00,-1.683600161398510986e+00,1.239056888492450881e+00,-1.352062282561417383e+01,9.798082825905773063e+00,-4.907577133781627632e-01,4.586646244569837272e+00,6.961627454497058665e+00,3.100908984911268096e+00,3.377822425133103934e+00,-4.563406556414788540e+00,4.996418461791343191e+00,3.807151846687271579e+00,1.813103912783286420e+00,1.218689817370684558e+01,1.617127368787408148e+00,-8.054808123660862629e-01,1.774708928119826057e+00,2.235316563740315399e+00,-2.854894864283366029e+00,6.181931701082874042e+00,7.064459521747897597e+00,1.844815456082746330e+00,2.308599721513834524e+00,4.064651316998491914e+00,1.474986468568082110e+01,-7.215447282801298989e+00,-2.222064313614219522e+00,-3.306634484992296841e+00,1.250790566882746369e+00,2.163296117043347899e-01
-4.201867531782366605e+00,-7.256291823428106191e+00,-1.604178006137461754e+00,-3.532660188181344196e+00,-3.805833007643794730e+00,-4.127941956530531975e+00,-2.147854917232882244e+00,-5.348807765591761409e+00,-2.500955999803674779e+00,-1.906400733022617089e-01,-1.062139001261888005e+01,0.000000000000000000e+00,-2.018837675720018154e+00,1.711131007929199699e+00,1.062604280035589177e+01,7.643664176581453695e+00,8.081734329313727372e+00,6.661099604025303655e+00,8.149218172820750894e+00,-4.139990904381933845e+00,1.488051313928383745e+00,3.538979184173660780e-02,4.041037987109808327e+00,6.369041077731508738e-01,3.578222962646720795e+00,1.438311838949184462e-01,8.779519015452438069e+00,1.431371289830373428e+01,-5.080052009778460720e-01,9.418588719311845381e+00,4.053793329938082834e+00,-3.261043578420586009e-01,1.155295861771275767e+01,-2.726130955644502585e+00,4.155204929373003786e+00,7.921569312743736546e+00,3.991483439699810898e+00,2.529501973476099952e+00,6.251686852661729965e+00,1.150013944094311746e+01,-7.972696374075932679e-01,8.783090907297884442e+00,5.920914686502182889e+00,6.412276002792943075e+00,-1.735543477302358806e+00,7.892784650515372036e+00,1.800566113862887452e+00,-2.301036834873441350e+00,4.669752565561615221e+00,2.741875267411636674e+00,6.228473675729566672e+00,7.248331538113000683e+00,3.120603842252874571e+00,4.658675980294343155e+00,3.203279391331632198e+00,1.782234867044599014e+01,2.809417019369452095e+00,5.939079939566405564e+00,2.097264469743722604e+00,8.938842427893282760e+00,-5.417452635038256581e+00,1.254952501352205152e+00,-4.273922980398217497e+00,-1.732632743716252754e+00,-2.606647963902813725e+00,4.794029699611223272e+00,4.620888723555995448e+00,3.734577002667830214e+00,9.010940726410815671e+00,5.058170749017360635e+00,-3.261794370877577620e+00,1.387117990323949668e+00,4.518129171191051618e+00,5.992248622233466548e+00,-6.943591934216541084e+00,6.419245492949152698e-01,1.674225567454465935e+00,-5.282819080518073918e+00,2.115726301779649710e+00,-1.856632269937271984e-01,-3.044894968955449865e+00,3.401990364233395958e+00,3.434201169115128627e-01,4.098543887705952571e+00,2.260978048273833974e+00,-4.298522106314445201e-01,5.302943832784946743e+00,1.151212774201862565e+01,3.812910040764267094e+00,1.499744394145576010e+01,1.156944079101863743e+01,-3.688620338401482623e+00,1.357594889407527150e+00,1.013200892211921378e+01,2.752643352705292923e+00,4.644137120239930638e+00,-6.699870158273479523e-03,2.607810045991696413e+00,1.125307709044290050e+01,2.509173089434826309e+00
-5.471809002705196434e+00,-1.150081986144581947e+01,-8.597418520940026454e+00,-1.886704959501020351e+00,1.333066697703692682e+00,-3.584015372856382609e+00,-4.793692035656260231e+00,-1.150884345793629038e+01,5.947381026984065455e-01,2.641653130898331092e+00,5.917751950203362199e+00,-2.018837675720018154e+00,0.000000000000000000e+00,6.992190203267918847e+00,3.276399483403533264e+00,-4.051981282942018758e+00,5.066918156539559348e+00,1.966643134839512363e+00,7.941048982352947760e+00,6.230183699210393833e+00,2.710778443460291509e+00,9.457702952491478854e+00,2.345683374226176010e+00,6.545877559469791329e+00,-1.039924650040371240e-01,3.680707739844611304e+00,1.256554721139320918e+01,2.781664310162768494e+00,2.093105628056056045e+00,-4.496803250886095782e+00,1.505234005863832536e+01,1.585371495941647613e+00,3.660475926605578634e-01,3.911324550167790459e+00,4.876883934246715846e+00,6.658589612532068713e+00,2.309285425635077882e+00,-1.610066214330851508e+00,-3.647002706911579573e+00,5.813239233047029497e-02,-1.388417380254221678e+00,7.263152093568993273e+00,2.168665353974556176e+00,1.161091314161172861e+01,4.039786494121915261e+00,2.595534724561219697e+00,4.486657437208855792e-01,-4.760968837055234992e+00,-1.787459093723688386e-01,5.078696009809653411e-01,1.684381734603608738e+00,5.955111956781194316e+00,5.340068324585784509e+00,1.692582145503170210e+00,1.140420379798788408e+00,4.529525091041072926e+00,8.657491638623794117e+00,8.877959408267859232e+00,-6.199390049561891658e+00,5.843643146671509747e+00,-1.591326847299044056e+00,-5.112204573453558609e+00,-4.016845701381045686e+00,2.994386385787809690e+00,-7.580990464001204465e+00,2.255276514990529890e-01,8.696890703632895736e+00,-1.643306135381262356e+00,1.011692808438935920e+01,3.706587019465358512e+00,-2.661839943147993104e+00,7.236269762542345774e+00,-4.232021840363324294e+00,5.004054111987463749e+00,-2.720487766519056105e+00,5.813664186728780159e+00,1.755735819042301360e+00,-5.198809615963491559e+00,9.693558456571821358e-01,2.061305246741241604e+00,1.337247060030978485e+00,6.319227095580858489e+00,5.025488670168843264e+00,4.488382285573067954e+00,6.197755210112426028e+00,1.026945511318675663e+01,1.180432573019148101e+01,4.071897339409866312e+00,2.262496850716606556e+00,5.205910513587094002e+00,3.805629722984698482e+00,-3.344071568876492151e+00,2.990890502383293459e+00,5.061525367225864436e+00,3.393960108202135562e+00,1.394115537336727773e+00,-1.551287848617894038e+00,7.401708448933879581e+00,1.319668538947449621e+00,4.616093124024849281e+00
2.697785781774626468e+00,-1.481418347150289305e+00,4.505268791144014795e-01,-8.423594390752704442e+00,-1.874563283723483798e+00,2.827737549389039984e+00,2.504557295848274023e+00,-4.485251482629747599e+00,-4.236039183247859441e+00,-4.253351532994173567e+00,-2.784405111617199058e+00,1.711131007929199699e+00,6.992190203267918847e+00,0.000000000000000000e+00,-3.095109155277638191e+00,-6.871287572708657088e+00,7.614004735858285855e+00,5.928309624654705345e+00,1.322254671307455887e+01,5.060791564583363211e+00,7.034714941691618151e+00,1.184565376436872874e+01,-9.167129804626757306e+00,9.179052670289520321e+00,-1.475558567398443932e+00,4.243823792981316068e+00,1.810478402777564444e+00,7.105892771617938308e+00,3.924136290037969044e+00,-4.815080124442420839e+00,7.534343033655164668e+00,-3.030342713247443087e-01,7.869227409953374774e+00,8.718346371836668496e+00,9.647254046002480266e+00,6.840136228708017185e+00,4.460233569048951630e+00,4.098173401017431994e-01,-1.368539104345029012e+00,-7.449222304099234471e+00,6.531707981565166854e+00,1.174082647166372873e+01,3.675684115748367731e+00,7.536077226810309782e+00,-6.817513129651736614e-01,5.201878988283323402e+00,1.105604731200319080e+01,7.307531179256428366e+00,-4.645508669414136094e+00,6.724997842552259186e+00,2.994095157828259968e+00,-2.774672378217238222e+00,-3.080089864599317551e+00,2.744716258582453161e+00,-8.783341922841737315e+00,-1.891720809600687392e-01,-2.619383518790462606e+00,1.723466946155438384e+00,-7.467274788815259967e+00,5.587846927400029529e+00,-4.862062736926923145e-01,-3.966402790296831071e+00,-1.914114508900528033e+00,-5.960571124781488539e-01,-4.056748651202336298e+00,-8.398769786509686641e-01,3.261356031174008407e+00,3.453694576364136459e+00,8.388385870646583697e+00,3.211144123634622483e-02,-6.004580946990316193e+00,2.439567195624920082e+00,-7.812232523017466512e+00,1.209396085246281283e+00,8.947284832563115131e+00,1.130372478160975724e+01,3.414128537786802031e+00,-4.831040435791347676e+00,3.017073052196918570e-01,4.054260297013798642e+00,3.871401333859113558e-01,3.992776290199488098e+00,3.502929523222104269e+00,6.382892971977886631e+00,1.057727775530266712e+01,5.804404684375094270e+00,1.007786984887355608e+01,3.294521128782487818e+00,6.539947212792960762e+00,6.501110241794363809e+00,-1.886842010269051073e+00,-1.618693079885233699e+00,3.735900107989257979e+00,1.413247101025422836e+01,1.060063122820498194e+01,-3.905610604053658119e-01,3.435532476165787941e-01,4.904687370491743970e+00,9.583409934855233736e-01,-2.965220739653496640e+00
9.060027277650908872e-02,-1.939300269342008276e+00,-1.169769633113517004e+00,3.391156796944224117e-01,-1.531809899711733092e+00,2.150776275699484597e+00,-3.562042578890697975e+00,-8.289142562370750866e+00,-5.775094900629518690e+00,-5.290281123600919067e+00,1.003241452695898372e+00,1.062604280035589177e+01,3.276399483403533264e+00,-3.095109155277638191e+00,0.000000000000000000e+00,-4.170796633992673863e-01,1.020014847102049815e+00,2.134731758424966985e-01,8.991940966421859471e+00,-2.235715016990149628e+00,5.357244336957476705e+00,1.553788378898552480e+01,-1.053836982166206759e+01,2.597842406607561383e+00,1.174498145610381128e+00,-2.553191380694642909e+00,5.241754617928464199e+00,9.461908759262051660e+00,6.773767462015487517e-01,-2.866404898448619232e+00,1.126158730134255670e+01,4.808715090572819761e+00,1.412849183302332179e+01,1.088376886708647184e+01,5.077247033275896548e+00,4.213346854430048971e+00,9.059816908674845237e+00,2.531904853400208655e+00,2.392797027618075223e+00,-3.842778291313741157e+00,3.606970309798829266e+00,1.985864444803543183e+00,1.166419041710550530e+01,5.283446694062535087e+00,-6.289335444095145888e+00,6.258845997993888410e+00,8.876369738252527952e+00,3.105625286050442302e+00,2.141790212119996095e-01,4.544432263804067063e+00,1.254170887441534710e+01,-8.379561444560675865e-01,-8.222740678508156265e+00,-5.548615940915524014e+00,5.972286620598690199e+00,5.357524967468847876e+00,-6.035685963636255202e+00,2.167647677830940367e+00,3.417744121830165849e+00,1.236689402314561015e+01,-7.278077942856828741e+00,-1.546057750241295325e+00,-1.710627244417407322e+00,-8.205650543492789550e-01,-2.366290658604321084e+00,-2.905635280852413960e+00,8.617391921012472977e+00,-3.311546948230748466e+00,1.253511252838851142e+01,5.216229043067006188e+00,-1.088642641830999347e+00,2.589448444038022767e+00,-9.557775220282677120e-02,6.771227795083889056e+00,-5.774205123876688717e+00,1.161973254963799640e+01,5.824749885493404555e+00,2.150414330197616408e+00,-2.259543781735289691e+00,-8.305839262964380687e-01,-9.668705264790516951e-01,4.986149628035071224e+00,6.024022139156050670e+00,7.634737551004104006e+00,1.763027085952329376e+00,7.193887800383587106e+00,9.759230162180397627e+00,2.115999153500974561e+00,2.254038800569763357e+00,5.844725354884387158e+00,3.908063713734039712e+00,2.140171119603106464e-01,3.073876476546383962e+00,6.329297725336327396e+00,6.349046918454250843e+00,4.724515510476319791e-01,-2.378598163480583338e-01,3.489771238412767485e+00,3.052552258617042380e+00,1.452224347085592226e+00
