0,1,2,3,4,5,6,7,8,9,10,11,12,13,14,15,16,17,18,19,20,21,22,23,24,25,26,27,28,29,30,31,32,33,34,35,36,37,38,39,40,41,42,43,44,45,46,47,48,49,50,51,52,53,54,55,56,57,58,59,60,61,62,63,64,65,66,67,68,69,70,71,72,73,74,75,76,77,78,79,80,81,82,83,84,85,86,87,88,89,90,91,92,93,94,95,96,97,98,99
0.0,-7.065960904410387,2.7559744139016855,-4.3769719911630105,-4.2361294033698895,4.068310861208916,0.60341566695204,5.534819851938368,2.992897099062912,-1.264726118690248,0.9345324029502531,-6.169913260524128,-1.4202033174180813,-3.9558568004225094,-2.9628550829806297,-11.123890394072452,9.230746899143634,1.6145106915057335,5.806558807756605,1.3538497270434895,2.81815717606002,3.028675097734405,-0.303325600996224,-0.7173806186624326,-5.028542552856277,-3.3177693144136766,1.6274328284396544,0.16621666537567115,4.320637249826958,1.9508422975194848,4.138573765256905,-6.052527590475024,4.942677869774426,4.707814832945509,2.191987756527163,0.47626504132050096,1.2014449566757863,-1.953343113136224,1.6799852111479483,3.770696724198251,1.2925263815911943,-3.505165534084248,-6.4353251038981005,-4.697811644176236,-2.2947909479124498,0.46478737977857754,9.863416027317204,2.473604238870263,-0.6672287837678469,-0.5091110111172834,-0.6216383821202524,-6.381826910954274,-2.7928603490829236,-10.838144204851792,5.490005005423205,1.7565610305586448,5.65538906830038,4.962546649178797,0.3501334628156405,-3.9506422558774714,5.331557642145586,1.8946994922903848,-1.9226925788934888,-2.805245936121472,-7.70533592277426,3.120627334080586,-3.5139064061908254,1.354349264688067,6.5617020231336,6.344063191918776,3.999484615195795,0.7992343817915274,7.415452128691555,-6.854106038028062,8.738127355432262,3.6030678779493286,5.100073829890355,1.03278992166522,2.2632942494951305,-1.7483442210898275,3.633946673411281,2.505698530672366,11.245407119545831,8.510325736665541,2.0877560086949147,4.160081622507497,2.652084930258016,8.37648644856075,2.482820691501362,-1.727977436377515,-2.1918894061598313,-3.900875577851824,-1.4949605755729147,-7.0549421614496675,-2.5122336050875687,-3.5327027757950487,4.375244710421588,6.178133039985143,-5.097806774017352,-2.100173558955711
-7.065960904410387,0.0,7.7102940777049955,-3.235395527947501,-5.707175927469076,5.564375631558833,-2.235210498821599,6.57047327876856,-0.5456864357986255,-1.2685541895932513,-7.037143416460925,-2.1153970404321654,-1.705041127908675,-10.678445664331408,-2.557416383047672,-0.3730484859831956,1.620169041704406,5.776688985182429,-0.8510317550302976,-3.3149718464337425,0.5008484298158129,6.335124187521505,0.821450336475676,-2.428577622048061,-3.90043140391649,1.4180636787094527,0.5535484272962091,2.390857131332547,1.0775510862367423,0.11930493028188956,-2.750099119591488,-3.7958077341697374,0.05086798387805476,3.696532731856184,5.5853219466012,-1.565326206982216,-0.6904006605843374,-4.172859513722866,4.916900909610858,0.6630968875425916,-2.0810376892517963,-6.116833246864541,3.6202575246930055,0.6148380887938955,5.511158517693635,-4.270934901327198,3.5712910219370686,1.9908609492692304,3.921358592544228,-5.233049217954509,7.16740236752148,1.6378603540615655,1.0545116576654612,-5.159137349374312,2.2583706988601437,6.750267512627964,7.386150103361009,6.9148692950431885,0.10410514066042896,0.5475686445142544,-2.411186937358108,2.8731442864688828,4.550570543186352,0.9044104399666858,-2.1719386611415534,0.6379256783226932,0.6160292617753035,-0.08088343596788743,3.417465760330905,4.315892873706948,2.086802955504889,4.486162096133863,0.6324165101818009,4.705205764122088,2.704261274145942,-4.274509488086515,3.196748476326574,-0.4937416419409819,2.4186278645443875,-2.597073752407569,1.3573683027318308,0.051528936018223795,2.6452404613910785,4.624642755887008,0.961698144491796,0.6951420619515766,-2.0105531089104,3.3734384356863782,-4.696948358568873,1.2612950451774196,-1.2646770533110199,-3.110694303964803,3.4702264473885527,1.7296930725529556,-0.43991252016802695,-4.876381110639884,1.0319987771069887,-0.32720532427449606,-0.27372787868344617,-7.217860313515357
2.7559744139016855,7.7102940777049955,0.0,-10.913741097532096,-11.760053760240885,-2.5337895648749,-1.8449034893878224,1.885353771203164,-0.4292754785120248,-0.1841066819150512,-2.049500311094056,-7.9416124874113505,-2.0345985520741614,-2.012230541663179,-6.208467998002609,-9.638960186108424,2.981592352305078,-4.496662311291046,-1.472419661494037,-6.527083133884928,0.6628865612989061,2.4342456340398324,-0.5764285419980988,3.933118402097208,-10.222986400799426,-5.240267663667477,-3.9385659079710074,-2.0774962775470045,1.2958252490248587,-0.5063545429772409,-6.1090256131937295,-8.982242838409338,-0.11554662744899773,1.1070130144905956,-1.2450505607710252,-4.639847474632018,-5.984566152629148,-8.3166322357426,-0.9244552612881173,3.0108534810436782,-4.891787055345694,-5.541116931366489,-2.2736094524249055,-3.4071050277843886,0.27510396389165287,-4.191029588608451,1.414561043719342,-3.729239007468093,0.7563423150503606,-9.736603727517572,-0.4861515649020868,-6.826725852193689,-3.403966399440413,-9.66565502069324,0.3161549338370672,-1.7073326103134474,3.270410403941979,2.9962035600287305,0.6738983429471517,-9.576514050420004,-1.6829768991204344,-0.24929688516806103,-2.015134420771933,0.15520170337979505,-5.83053131291226,-0.28976469612520367,-0.8877926631081547,-0.5697890034810411,2.6060190030187504,-0.9865290477604935,1.5756803756414184,0.1602127371625274,3.622699968649324,-4.033261797063656,7.890440005961891,0.036630239320237776,-4.046820445170513,-3.1604321357272678,-6.123806595372376,-1.8905267184951209,3.87391279711488,-6.2371216322048415,2.8077452403403824,0.7244532306146932,-4.014519138203465,-6.085393738807686,-6.171893536044174,0.4989063495547135,-1.9268706353799308,-3.8033656759617624,0.2960161158206708,-2.2869322670900494,-2.040712412839211,-3.3375291024695617,-5.935567056258639,-7.965128444846237,2.843464314627892,0.7691612852504455,-6.063267540922007,-3.2020369912811337
-4.3769719911630105,-3.235395527947501,-10.913741097532096,0.0,-0.92419889338872,3.7768061409550633,3.2672961648166354,6.5215675537530915,-1.842309241052068,0.8679581669405501,-3.878320498965436,-3.2478219624616065,0.5013005257085908,-5.306946588923838,2.496750438377654,0.5497075353554771,2.655676256927729,5.540115889330729,1.2617837680862796,0.28136122819718706,-0.4676430746671951,4.809060547183544,-4.64556331105093,1.1327581811417469,-8.114894247129119,-7.448896138199322,2.5314692302286264,-2.76024133641121,-4.506905463299336,0.66896012169299,-7.994565566795837,-1.583670068452634,-5.561388124920786,0.7176745825276776,2.4367078079092948,2.4832251173834785,-5.653836438065651,2.1440455464214634,-1.9100869224956796,5.498102291228356,-3.4664377860503564,-5.650155758093505,-2.600883917305379,-6.0270019428198225,-6.20518083660872,-0.545973776029362,2.037563089914571,-3.084612336934951,2.185635356782344,0.27064798975348914,3.0661178103161686,4.361574799955352,4.445889055312209,-1.4376985324786111,4.31903595617858,5.791153352549315,7.03947828093802,7.92964700454937,-1.4036865704244732,1.52205451658668,4.445224688046498,3.215710746325761,3.411370192491495,2.981418808863299,1.961157432485348,4.1879281230286045,4.712325059045934,-1.6115990545800665,5.203851152399519,7.883859126529263,5.027398493511958,6.798077438368598,1.592211498810855,1.6274868500599344,-0.45946411360175426,-0.9639689483848263,0.0867264206768904,0.07323531886729769,-2.3181132028671887,3.063813463052816,0.8135869825668873,2.8673244144086247,6.250872438478737,4.014852484882808,2.7338437779474845,8.066058694858713,-0.8421642680496718,2.163383245595076,0.1289297357273251,5.742431490130096,-1.337285133323516,1.97612984758902,5.80063446909424,3.534757951533844,-2.575029812075466,-10.260474383292427,3.7115201293294673,1.3550629717739036,2.7134687349755575,-1.5821836028322127
-4.2361294033698895,-5.707175927469076,-11.760053760240885,-0.92419889338872,0.0,5.116410428200274,3.986593140534392,10.10389707208878,1.4671278858637535,6.036856078454681,-1.5018996019671642,1.3744843622570917,4.473435225312827,-0.3443501381159606,5.6081773746588,3.4615588483891124,5.658372857558884,8.43159363393726,4.165597910581215,2.7197610897731312,3.826359424251641,9.428094362522447,-0.33384593963195924,2.9372945626507247,-4.606913086483928,-5.220850166577409,6.609775789791541,0.3064340320047935,0.06216887434976762,3.1333040369494167,-3.6241875969771136,1.4082364693812444,2.085177172928731,3.403064825619586,3.798973177495641,4.834870959244183,-1.9581763981303564,3.7488155142092894,-1.5345974445374304,6.592650357863908,-1.2756621399804455,-1.9470132705308487,1.7315253468586562,-0.4442663263145501,-1.4219769841541772,0.567011924734991,5.956388833887443,2.109026522059121,2.671118800624156,3.483051148087307,-0.2272353706872003,5.104490844144335,4.379833819147099,-1.9880280493699167,7.648591532589194,7.498017473227946,11.37569286874633,13.046648452934939,1.1861217348829767,3.2088487355272046,7.491746557043955,8.545830401683324,10.601393363419971,3.1651453643451113,4.992680895319402,7.251504728426174,7.096374767456625,1.2177607488867228,8.236743762108972,9.097966785558445,6.917151114260713,11.13347925998355,4.1302443194992176,3.9121377077136232,1.1043002122434844,1.8664503234163567,3.8165462219629953,-0.09990768808317821,-0.24691294467004923,3.824936463382568,2.4591405457052224,3.6265452215768774,6.782400095159952,6.960364238353104,4.749876396213463,11.75486369861264,2.6273017657516498,7.120132873302759,2.2237069739574196,8.333653165206295,1.6812804159179648,6.077755835544285,9.321758675244064,7.841874058515147,1.8643802966830116,-5.220818306644334,8.427067898587119,5.524598159700183,4.411408460106311,2.0004301575440633
4.068310861208916,5.564375631558833,-2.5337895648749,3.7768061409550633,5.116410428200274,0.0,-2.2868016373479048,0.2100441723466384,4.791180832624478,3.97943865591974,0.7755222302214864,-4.611843387570115,-4.961625533783972,-4.005626171738307,-5.522555110909011,-5.953727103047043,-2.271829765773972,-3.476594199159159,-3.585015143747425,-2.5377954651494465,-1.179472768853484,0.11346690724655448,-5.676127752768322,-2.501389194530564,-4.818161808702588,-1.6967499789739282,-4.109111042417493,-4.651997090920864,-3.6493628124877615,-1.0713032074927071,-3.5299428390159453,-5.772323248463697,6.128886448864855,1.1580401103782783,-3.229511462678784,-1.4691541003510704,-2.5525948697773,-4.19434953608293,0.932932647079593,2.448595601763441,-3.3479699590415284,-4.063123792045558,-4.619328151826112,-5.715641949017384,-3.3222443128029484,1.7987234630632067,0.4597547913983691,-4.082826516837764,-3.6667127496384624,-6.421690135581659,-3.625520308498296,-4.173865825008206,-0.040676596028577434,-6.014740854035286,1.8740616498753937,-0.3018877690345519,0.5226228686796978,-0.18076624673230007,1.2016278353349295,-9.523435492047696,3.0107682536098497,2.2984331826021447,1.4345067301849908,2.6504604635057407,-3.112149323624328,1.9293923694961708,2.648111287845124,-1.649282940868699,4.89771891551379,3.4270931422088062,6.024741338917042,-0.659914395170392,2.899818776989439,-6.6136617723656155,5.2267299029253,-5.7323436499428215,-2.942487804076664,-4.686925993202176,-2.854229505047143,-1.0074648477552879,-4.312498497854575,-1.3451294996958962,0.13587610823006163,1.9766134224477088,1.3224545994400199,0.3443276209829881,-3.138598296543827,-1.2946675715668938,0.9462749655501971,5.143397973008056,3.5263976765255207,-0.1597382950879586,0.4925431203483172,-3.494033179944761,-5.772126079631825,-3.68598551555474,4.673582959982805,3.371842784797757,-4.506819612647424,-1.5943200819088363
0.60341566695204,-2.235210498821599,-1.8449034893878224,3.2672961648166354,3.986593140534392,-2.2868016373479048,0.0,0.7061034891824466,-4.048640900188293,-3.0527099544435377,-9.325382271976329,-5.48334812876369,-1.2369413369621975,-1.9204302389814651,-6.131587622609708,-2.74677258178706,5.63131541584589,3.042815235363748,1.4270968322512387,-0.5693728187323936,-5.232720155532033,4.607305563312329,1.0764798474474433,3.743957416652521,-4.006340485395559,2.502869017914144,3.706451339244628,1.0345735762081638,-2.1184769858473462,0.8451321757372777,-0.27268842899900225,-6.333555651637764,2.2702308927531307,7.594267524148317,1.239657533917208,-3.935575793797436,1.09826418817947,-6.02061936564674,5.5399670470824205,-2.4964541491068926,-0.6421536663729189,-2.29644713933701,-2.9230010356981104,-3.0273858092545796,-5.238026383894051,2.742043615759085,3.656375674453428,-1.5260719109360827,-1.847019291971029,-2.277407870822327,-1.3723626133794526,-0.4461036177500888,5.370278804378742,-6.064664200282513,4.4145445449049685,-0.7118195848494533,0.6811119099746256,1.6123206694699315,-7.278070002847853,-9.620965327637522,-1.9351383899874277,-1.5691992535304076,-3.328491114093272,-1.5272714620359804,-5.064643158007228,0.19201386048733127,-0.0035050564943828787,6.131852240052956,8.074838802744226,4.282105853756999,2.5603015926628867,2.5027042893624256,1.7709060524581932,1.5643510085131265,4.444668736588014,8.499177095453001,1.584212143882426,3.82343380556322,-2.569184195214073,-1.878999559719212,8.770419945881505,0.9981572288941128,6.959601597922038,4.2883483955337045,1.137466059630636,5.192749955604777,2.813027700262204,2.720077534927304,-3.71213392024036,2.580464758026938,-0.6729957313171062,-6.195298700557367,-1.2257990203996068,0.16227127525182747,2.775004004356608,-7.461358112933715,5.931082149963063,2.205549046075329,-4.306138788389231,-5.463458345759843
5.534819851938368,6.57047327876856,1.885353771203164,6.5215675537530915,10.10389707208878,0.2100441723466384,0.7061034891824466,0.0,0.2919999872070655,2.976960044397505,-7.280157894961656,-1.6288867527121138,-4.273946237819397,-4.672206073474368,-8.22734600755175,-0.8993017458639648,-3.1731596356788088,-2.558027555230653,-8.433661651965814,-2.8923004982367804,-3.9467339978536096,-2.48775965811931,-1.9058062079252764,-1.3840727226574692,-9.080557631265744,-4.869946326021733,-7.973444201934408,-4.342301493689446,-4.802935007185913,-5.856597305996673,-8.553160054609803,-4.744133713988208,-0.6629177240136107,-3.9992514650619855,-5.749801586680207,-1.1095994128157247,-10.534008272017696,-12.035478231194476,-3.3005012053430294,-0.4417346188932336,-10.583129340668222,-7.774174835017693,-7.560830855356768,-5.24015314300454,-4.716850014320848,-4.705315475082864,-10.050475654397893,-6.071948011790234,-3.198870827607161,-7.074203046110367,-3.856932809062792,-4.293699883934249,-2.758114090655477,-11.481944831617932,0.9533584516870973,-0.2729041923019267,0.06774556645813427,-0.46309708029467206,-5.178262600731406,-13.55118497090244,2.1556278654163634,-2.4123601203885383,-2.513676366215124,-2.0609071943102455,-5.943781972186615,-3.926532350929892,-0.8679413805739099,1.8888478176809609,5.444561546715224,0.06672146277346269,4.844711483195403,1.3404702806229047,0.01059629721605512,-1.1811600991165667,6.4447412124844,-7.264156989274166,-4.5107558804712555,-3.927284040052804,-3.8436552941876574,-2.404756882944672,4.240773049635187,-7.343357889819585,1.6596931398189947,3.575335381871959,-3.8791427642495626,1.4109501589278095,-6.876459147328944,-4.79037505002206,-0.4403557978901061,5.77451187528082,-1.7800440274147495,-4.728760216165006,0.11007299432977898,-1.6315235954337963,-2.832325535155773,-8.304032994746473,1.1006511105808099,1.5395301894438904,-3.0289490882150703,-1.8359250667380569
2.992897099062912,-0.5456864357986255,-0.4292754785120248,-1.842309241052068,1.4671278858637535,4.791180832624478,-4.048640900188293,0.2919999872070655,0.0,1.62199994181352,3.536296897995421,-6.431738208528105,-4.210904509233742,-5.421203089435411,0.9511643536476168,2.2980890813330688,-1.0589884892421075,4.882808769839877,-3.077547436000492,-2.0183342595162146,-2.000139256541324,4.676754783098998,-3.773455578465041,-1.7340271151690407,-2.1346917796514706,-4.90902161774556,-2.0885069758784938,-7.458122051394973,-4.761856593482639,-3.3813465291320686,-7.203500374159111,-5.045634155076369,0.4838189918829569,-0.9392605588429251,-0.6671712074374058,1.1131700505706499,-5.096672543564638,-1.8369204346086725,1.198955968507157,2.838152421892248,-7.624655970100318,-0.8327697412974,1.3599463534220584,1.8254868200247905,-0.47763532923214114,-1.5324830379125636,-3.570224405882611,-1.3643035540897404,-2.4619791819733443,-6.335034043930376,-0.19796978863026207,0.6955638404078219,2.0967850786508344,-4.893262840268921,-4.486914655501945,-2.066313032165594,2.0385226677619777,-1.1057096150511,-1.430399240906502,-5.1946668231341295,2.418191159834775,-0.9585539652759363,4.349830211236829,2.1761055219449137,2.753295124466958,4.072628812293798,2.036907091778166,-2.4296900810555666,4.898038749800616,6.12494289608568,5.908335005507838,1.59992262936379,-0.18228221765692487,3.5424353969921487,-3.547214287709867,-6.198462986559472,-7.901657711301216,-10.350081885977392,-0.4021077678935754,2.2908704503691326,-5.409946958807075,-3.091273405910744,-1.5885190587726024,-1.1168083758771175,0.4936699171245385,0.29174672051508366,-4.250974403915578,-2.099588349886977,0.3363586360059739,6.775350546615837,-0.6676390928362882,0.5482616837747344,6.80888177951154,4.541175005784609,-1.8673532389835092,-1.7415786827227564,7.088437428925167,0.9388859862250286,-4.217765796191812,-4.559355468455734
-1.264726118690248,-1.2685541895932513,-0.1841066819150512,0.8679581669405501,6.036856078454681,3.97943865591974,-3.0527099544435377,2.976960044397505,1.62199994181352,0.0,-4.761279116315408,1.132148607159382,-0.19031960136743484,-1.4813574239527314,-2.029798915398004,-0.6787183838498878,0.441401245450776,-0.2912829612138487,3.3462978364710034,-4.057208877892856,0.8028128919563402,8.607280449183673,-0.9973842079674776,3.711961752107824,-5.657318424519027,-3.340867378349203,-0.7406820775482356,-0.8098165163057155,-3.4003988426049108,0.3491244165047603,-7.129662621319655,-3.5100978168969283,0.811052605879026,0.18388798417845476,1.5165802345625183,-4.994373557030715,-6.7591786454187925,-4.504125300146216,2.6744517113560424,3.9975361066175887,-6.31413668052823,6.21358352544505,-0.19249943434314937,-1.924606673478355,-2.0683838716756937,-1.774106605960812,4.053464978553042,-3.081257866158773,-2.0801792572481723,-4.691262021192266,-0.6121187501199001,0.012690289977986968,1.8825828222525047,-4.1576437519021034,-5.723237662381754,-4.751223580511299,-2.395233129118531,-4.74198299421075,-0.2192807174551382,-4.259352320764852,-0.3766916599398101,0.06519825624222395,4.167599391442661,-0.4587051882027855,-1.2141893497567853,3.2259753307333865,1.6173451796038203,1.803374247622002,9.170391824873985,6.170945440604178,4.484562472876108,4.591618882758717,1.5105039745906559,1.9328980155948945,4.130787336265932,-0.4852239754199916,-6.4162255364318765,0.3613037964453391,-2.1537046964638438,-1.4246381211411547,3.054862696330184,0.34232917110060807,2.786988851868052,0.24837409086949871,2.284855591752055,-0.755142554480417,-6.112283252393142,1.8629066697428665,-4.931051175655139,5.604107076461424,0.9823998415709904,-3.156744027950916,7.8947872885076205,2.8326270804955453,0.6700493210729671,-1.8560273194732175,6.596929153401113,1.7532384118670579,-7.418153523427619,-4.879261884894151
0.9345324029502531,-7.037143416460925,-2.049500311094056,-3.878320498965436,-1.5018996019671642,0.7755222302214864,-9.325382271976329,-7.280157894961656,3.536296897995421,-4.761279116315408,0.0,3.2291803428534736,-3.891353276520817,-2.792435965440448,5.004297996454327,7.617071780782729,5.164406792414296,6.399111716031379,-0.2297172063657648,2.244659075530337,4.311742019163457,10.784389325042923,0.4471238914112387,4.651068403272798,-4.033834523646585,-1.073598373498734,-0.5598607324548119,6.349228190698131,1.7510161424922897,4.028018957958402,0.7339876019467334,-1.2123889114136543,5.694018625559436,-1.14546141570459,-7.368162947010741,4.73341127814161,-3.516236144213673,4.929078927078153,4.592692648595473,6.9967975936790285,-1.8773404552056536,-2.3313084043520687,-1.4139552559121111,-1.4151642016910433,2.865960509419782,-1.9938549371983612,1.9063669859837564,-9.12983088120608,0.7682785937929619,1.15271783510361,-2.7926992193707902,4.6047953115907365,5.013438717277068,-3.7654726469693247,1.7708502346849904,0.8786738324492518,8.417986173900136,3.3123414836296203,-1.5848148585798507,0.8944723708984125,5.656847624503697,-0.728060363925121,-9.95212604141904,6.229073376734975,3.781218923125848,1.755949573011888,10.062189174684155,4.85459567033296,11.110629006376612,12.556988152981575,7.441923203010717,5.705578954175591,3.8189818069227006,9.71848494286573,3.43826325085204,7.466014846542031,-4.6643956370253035,5.96145851687552,3.7540621845218753,9.232229372527817,3.051154734335363,-1.798609238047849,6.205132538659272,-3.9244056133850345,4.315118815810713,5.261345496484555,-2.444577290919551,2.7517873757058045,-3.6277821877805847,4.797924161994949,7.9617064946706515,-0.33679809387955273,3.535901336076324,2.9662545421214177,-3.4759517760426406,-2.6190311857594355,4.238722783800925,2.7289479867539,-3.1661927178050555,1.7994146683023169
-6.169913260524128,-2.1153970404321654,-7.9416124874113505,-3.2478219624616065,1.3744843622570917,-4.611843387570115,-5.48334812876369,-1.6288867527121138,-6.431738208528105,1.132148607159382,3.2291803428534736,0.0,-1.589749777203363,-0.9705422804057848,2.57403704657102,1.7835509621162855,3.72258844149612,6.9752795145852,-3.7134977209696,5.1493691838506015,0.7074568230652756,3.6417260800416686,2.7852946391184767,-0.2392003665009907,-3.2226715421246603,-4.072498161352384,7.658704083812592,1.9695815910200865,1.8022860652163593,1.1818544368254635,-0.03759681699223494,-1.8542886104435423,6.0314426935299945,2.670479402638212,1.1503604029331218,1.8486476145213735,3.872364078776512,6.725956733468624,7.777429172274317,4.700251209916904,-1.792938753060765,-1.962521891668345,7.080458149805001,10.114028439508745,7.043996062495005,3.5858807692143766,2.4789030926966182,3.5435397201069527,2.1891289320670926,-2.3877038608603613,5.092488564380985,2.1085808820183285,2.516153197487884,-2.0417385551185463,-2.0861789014402308,6.942551729732017,0.585354608685104,0.9059974985845923,-6.667771755927473,1.4854414556767463,3.0312843246279124,-5.725628755965803,1.195970649650367,-3.671098915791009,4.565179688821584,4.689626994328699,4.080444071674844,-0.09890931256174133,5.4261780618988205,1.7736341655544323,4.574382877001304,1.3720527914672136,3.200029867777024,4.505361369804743,-1.031799655858145,6.918164611104956,4.263793504017558,2.653701307190328,1.7711221615783308,3.1155465026483022,-1.473538824503416,-6.191365809327156,1.1685234223179437,-3.692183370748331,7.351853478484282,1.7279328955240378,6.800325143817802,4.489325377111587,-1.2328137862231705,1.87519279134779,-4.219034449236656,-0.4466956807072573,2.8243645246821454,-2.3319812511903,-1.8808056678907628,-2.1072454409192396,9.715284467722029,8.526042530458664,-0.8849337552669185,-0.43369489094803726
-1.4202033174180813,-1.705041127908675,-2.0345985520741614,0.5013005257085908,4.473435225312827,-4.961625533783972,-1.2369413369621975,-4.273946237819397,-4.210904509233742,-0.19031960136743484,-3.891353276520817,-1.589749777203363,0.0,-3.5925634601076233,-0.21291974136066344,1.8043089555591931,2.7840347969889407,8.457198553593278,1.2654849628513904,0.6394280969396064,3.1427238784771743,4.955306012946259,3.150110641864301,0.13297202939194638,-4.50957816012611,-6.694675105314504,4.218213046484113,0.5498027539741597,1.136480947479324,1.092415545765885,-3.790047886878024,2.272007143701979,-0.7184227999678592,6.792536677194389,3.78498690419756,4.615870921564928,1.8917077547296577,4.970294527582686,6.75878949319415,2.4438489984449814,5.800504123569628,2.43315825363655,-0.21389123249358216,3.996126327972167,2.0987376290920374,3.57694054480318,10.097870855727054,-1.3033004300718227,0.606454273221265,2.9313116978291105,-1.7441088893862655,1.6237126704239127,-3.932233228073156,-2.2979281416737254,-2.190331486669709,-0.0701006028362333,6.814562518936562,7.843113194097277,-3.3358621101985055,5.036716647424845,8.075257556771966,2.330012037111549,-3.40267701596803,-5.646802560297659,-2.926600243497289,0.8258928862846563,2.329557594139669,-0.4322074195085784,6.335961505197985,9.577491113234732,2.920947105628121,4.632107694227353,3.2422182413608343,-2.3567628664857447,-0.2607142570000185,4.696266419226572,-0.5976328582145629,-0.12825007137505806,-3.186788511610165,2.7524908682167606,-0.32757726474246646,0.829428729505304,4.698458106513545,0.12837794630256755,0.6149875099327425,1.1815670700408796,3.8614558928175327,6.702393455852628,-1.5741043145872105,3.7305546735031054,-2.3505245074336583,1.3905230168692064,1.7847408581432864,-1.2448472275699012,-1.320898661202582,1.7146439155649744,8.753377096880296,2.9552983769104104,-1.4964880413436779,-3.7586562125598575
-3.9558568004225094,-10.678445664331408,-2.012230541663179,-5.306946588923838,-0.3443501381159606,-4.005626171738307,-1.9204302389814651,-4.672206073474368,-5.421203089435411,-1.4813574239527314,-2.792435965440448,-0.9705422804057848,-3.5925634601076233,0.0,1.5484152892965675,7.133394336515352,7.191676508015865,9.5937065817324,4.123126777898609,0.7161596729443159,3.225882409456597,7.569310937911917,4.21355042701383,1.7781036719028251,-0.6844489894843261,-2.675741989043167,6.729487386835785,4.8087341541409,-1.0774209615811567,5.391700180245761,-2.398523032586167,4.656732523915934,1.7645535058338784,5.3685225030488635,4.362791240667396,-1.9992780315181444,0.5164697836334268,3.363371912014883,10.1787726209351,1.2107845462763507,3.948377110554092,1.3034591802716016,2.174276057090394,7.070927647296637,3.2315407076857285,2.5326889957915055,4.8933697569084975,-0.17466787537436743,1.2783070324389625,-3.0690631177683367,3.120499482198386,6.742299954815957,5.47408005538183,2.331367757013865,-0.9861707805913241,0.4054057770947128,4.085919415596711,9.189259998967785,-4.860890735315264,12.237694058846229,2.9973368082735443,5.0292161645718165,-1.9531688051850529,1.8364923832512128,1.3063226138300659,6.320075135330395,6.190264727774313,1.7981860977003563,6.694136530258735,8.482820985682036,4.2783712855894365,11.252409979117775,5.7436800366482474,1.93213582507808,0.48357387020421294,6.039733611206873,0.8887342391992241,3.7724049049926074,-0.09090254101285773,5.137369475911027,0.12172054797975931,2.3503084420056046,2.198942668661238,3.179494226409916,3.657689714450364,3.911412703019924,1.7670330903749585,6.390452252133688,-3.1885757009432782,6.413265425291768,-2.9559089592975334,4.519744801415758,3.995505427527276,1.0665874726579068,3.4961123058347487,2.000480690162604,11.997463147847784,3.730331620568669,-5.190853876790933,-4.875852852612639
-2.9628550829806297,-2.557416383047672,-6.208467998002609,2.496750438377654,5.6081773746588,-5.522555110909011,-6.131587622609708,-8.22734600755175,0.9511643536476168,-2.029798915398004,5.004297996454327,2.57403704657102,-0.21291974136066344,1.5484152892965675,0.0,1.5397343530387777,-1.3836373521207688,3.631745578353729,-1.0598764114351809,-0.25721496058491644,1.078370163245839,3.855366499903001,0.42834009861231376,1.6535548050051136,-8.828836417789146,-8.907671598893037,-0.6165710171553028,0.5191972445434739,-4.403067124309702,1.3082012820086908,-4.749228116113352,-0.018630640231574916,-0.14716877837846923,1.5795640402768372,-1.9316464462209653,-0.4816707170645594,-1.9684522206300217,-0.8109223990855638,6.750789903273681,2.1361379082655647,-3.040347154490451,-5.304056258757135,-5.091153746833272,-3.8617699722057486,-0.26741721162099386,-5.422629263353698,1.1476531011809548,-8.16682702014427,4.366714721250138,-4.214847149405361,3.7414934079729023,2.1695935265167208,2.0897647428310098,0.4541208102557005,2.8408815198112154,7.422314654454029,7.685698243376317,3.814732567316729,-3.4046764407188848,5.11342754064792,1.6266565629221204,0.7306114062704334,-2.2071542376101494,-2.319432980488001,3.429757199384707,-2.061179703893803,2.142496953030217,1.543314402707438,7.82922673113239,5.699534895878346,2.5853248694891713,3.918789698234229,2.6345779200235016,5.4919834683788205,4.437747715284162,4.4960226854668415,0.932713198812728,0.12217342140447356,-7.676847275156401,-0.440976381626272,6.6353112890406845,-1.9158453111058888,4.820609894354148,1.352725875304167,1.2272103896660707,1.7967315139893707,2.805547601206224,3.5107532606961094,-1.814198631183868,3.1411992460828633,-1.0108183912986144,-1.51767955600709,2.17785498555164,1.7641912550383418,-3.3939517275256614,-7.712877886539663,1.0933170089708233,0.4875534489690397,-1.5486933587984608,-3.521122599208045
-11.123890394072452,-0.3730484859831956,-9.638960186108424,0.5497075353554771,3.4615588483891124,-5.953727103047043,-2.74677258178706,-0.8993017458639648,2.2980890813330688,-0.6787183838498878,7.617071780782729,1.7835509621162855,1.8043089555591931,7.133394336515352,1.5397343530387777,0.0,3.673888685260158,3.6035103579162153,4.763228172175469,2.887528399133904,0.5258254843806331,5.271277399189874,-3.3247936060289813,-5.680065467014291,-5.682140892712371,0.8173243695672733,2.424326592619489,-1.5953244598094676,-5.258597686656108,-0.07244682415908797,-3.0609745675403888,-4.873077371025463,-6.025697847525699,5.105153711029108,5.822892532570712,-0.6303369748739088,-6.911970879574931,0.18077272817264112,4.807199541097115,3.3525470182752377,-0.848364914220187,1.4039293157541952,3.0075803398199974,-2.8567952058381336,-0.8159853997743517,0.7806465967160903,3.832358206993201,2.695584474518337,2.67167852382004,0.9536709397698953,10.961164900735092,5.159100986343796,6.924168391523664,-4.774801216044735,-0.5643568605113145,7.257454918412643,1.1486096130624335,-4.780071259911903,-1.276428018529375,-2.9485938051445935,-0.013253603012765776,-0.47871850775156755,2.5402053723670868,-5.217309760709845,-2.090429171271807,4.774062685130911,2.481446458463056,-1.7433024456364807,3.4781455539138126,-0.43202538521489503,2.9414948308870428,0.9791478508355655,1.9633578836285095,3.3754710400682724,2.92762945896144,1.635825255083516,-2.2126527286075364,-1.827822201667952,2.492071418247124,-2.4886648274832592,2.6254261849890765,-1.1323172224625873,7.217077753528958,4.845443721169201,1.9388151555135968,4.736673155384615,-5.287403438786119,-0.524330275720053,-2.4882304123376846,1.9384640354904603,3.5681088064517907,-0.4009072779196844,5.322706652570106,3.61183397771822,1.0662032516543518,-5.741664011516022,0.12222705566529962,4.158880359612219,3.337171368923976,-3.3143280618863775
9.230746899143634,1.620169041704406,2.981592352305078,2.655676256927729,5.658372857558884,-2.271829765773972,5.63131541584589,-3.1731596356788088,-1.0589884892421075,0.441401245450776,5.164406792414296,3.72258844149612,2.7840347969889407,7.191676508015865,-1.3836373521207688,3.673888685260158,0.0,6.501920244331493,-3.6535469039504167,-0.9444718923270794,-8.183072432382282,-2.712889527854184,-3.07929597554109,-5.231062446751147,-10.131282719127649,-6.330768212580152,4.833958925029366,-2.5184404155586977,-0.9655998485321411,-4.196193482505254,-11.383134724085775,-0.5427282329630566,-3.407768876062653,-0.9873198788159155,-0.887666414476917,2.1483456770612115,3.925161270509789,-1.5052430905764047,-0.7848599308676849,-4.138792643899212,-2.504772807640487,-9.17565380206082,-6.318609214463956,0.3297227976676659,-3.300819219425229,-0.010675619278375278,3.4464722586851715,-2.8600283320582385,-2.964292463444601,-2.0150799414049647,-11.23548029469508,-4.994584454722316,-5.372848118801786,-2.3928181381214566,1.9415815806506511,-3.568387992409464,4.2462830784230725,4.277628536101401,-6.303880636837371,-0.555526827737876,6.061079506158252,3.4962098243271784,-1.0687390612747252,-0.8390595555284209,-0.7607084315759441,0.13668050273474952,-5.585428016579072,-1.2600160822067803,6.132331590752533,4.3847780445783755,-3.245368095905433,1.302187256264293,1.2604346441318095,0.23468511435661488,-0.1145732956317602,0.72924670449928,-1.0267838581225295,-3.761164590634812,-2.6982604777711514,-0.01570049185879915,-1.4544007710139848,-6.486779456824599,4.818202481693168,1.8882579443599468,-1.2050417574585823,-1.8592996264854904,1.1175385039279804,2.8590433516576885,-1.8971471167218736,1.284926490346554,-7.006359347190785,-1.4215059452339411,-4.44775349536293,-4.3479373911912775,-5.621504365938381,-7.600751380736696,5.874833885187709,-4.795282442702329,-4.721009938793447,-5.646681879705679
1.6145106915057335,5.776688985182429,-4.496662311291046,5.540115889330729,8.43159363393726,-3.476594199159159,3.042815235363748,-2.558027555230653,4.882808769839877,-0.2912829612138487,6.399111716031379,6.9752795145852,8.457198553593278,9.5937065817324,3.631745578353729,3.6035103579162153,6.501920244331493,0.0,-5.185381789197031,-6.065998561884,-6.209525068216319,-0.39506828790943777,-6.638152159645385,-5.53633880440047,-4.6782994889314375,-8.016622250913708,-5.552501499236702,-8.562939535694662,-6.97438150279861,-4.57176863615722,-3.031980374987919,-6.131465929281019,2.847252017792945,-3.0076477503499315,-5.991151678872148,-3.6134121306903495,-0.6715978488009575,-4.513671613841337,-1.772161763938166,-1.8782438681929592,-6.531207213325442,-11.19033956909751,-8.07386535751772,-3.0010414824618827,-3.623940468863657,-7.315824181744053,-7.385752702867139,-9.478266829007328,-2.926813078575369,-6.479111142014306,1.3054274857664427,-4.805804974722572,-1.1770635285174131,-5.307082404501172,1.42054099458025,3.672211248861229,0.7527341147661057,-2.7368444741272615,-0.5827138196658466,-4.279367289857837,0.0028880651510660663,1.779123999875023,3.2985198215157814,-1.3873660400758931,1.8839555304183848,-2.3379330082741423,-3.0420923861530795,-3.0568013522065898,2.20436554128476,-0.7010480968819919,-3.42841732147617,-2.8088739979310517,-1.7498836557340964,0.9745977345432238,0.3920595034336512,-9.417238261123629,-4.658963858402485,-9.3489070707096,-7.34744000413567,0.41921398711127467,-1.2110140500568956,-5.899357952185615,-3.026352562682456,0.14797638753772246,0.6578031943049057,-1.3359913326302977,-0.9728292934606296,-3.902822114561976,-3.164807148106377,3.037487554698636,-4.478526128477922,-3.391593694619452,-2.520228411497233,1.7135906695398169,-10.431421830582298,-10.990312066088672,-3.2587305102294644,-5.234989040032088,-5.41626616322226,-4.414898307225144
5.806558807756605,-0.8510317550302976,-1.472419661494037,1.2617837680862796,4.165597910581215,-3.585015143747425,1.4270968322512387,-8.433661651965814,-3.077547436000492,3.3462978364710034,-0.2297172063657648,-3.7134977209696,1.2654849628513904,4.123126777898609,-1.0598764114351809,4.763228172175469,-3.6535469039504167,-5.185381789197031,0.0,-5.688781559639224,-6.3367998487229045,1.0145410297333228,-2.760316899922557,0.8622961430297897,-11.452294411436148,1.2540587856699827,2.3787791526549356,2.5411605202744934,3.27089404574916,-0.2757925522793721,-5.479447806526675,-6.336915112809844,-4.606460335528431,3.2462925742298268,-0.8263614037279936,-0.833058095191545,8.800698592053354,-1.2779165372718868,4.180334221088184,-3.725808295731977,-0.9405039562721245,-5.137477019413336,-5.783426251658567,-2.545930976220811,-0.19917528978153087,-2.521113893630955,1.8375634901949944,-4.322395183575987,2.092080305894161,-3.8942263347632458,-8.147314380226382,-4.042263126936125,-1.8779609596098288,0.12478095190147796,3.454390071693578,1.5127855458359345,10.161136367056356,7.528753191581158,-1.5442133329687162,6.378487066553416,-0.7499839789781548,4.693921328781993,-2.419183338120341,2.5052655269080497,-3.6830298536757264,0.9194604704559587,-0.39315287049344205,-1.8246591237026135,4.388657679696397,5.453644994081516,-2.1152636226286203,2.276705364444868,3.1104037239613684,3.82017546557426,0.1254162273297772,3.6774476255538704,-0.8823252649083042,2.4312305391516325,-2.7329632569771407,-3.880508407917113,0.2770850238160753,-0.25472876134088773,4.5303872281759165,4.333716139859381,-0.4144092167664189,0.7580709333044248,6.230580596155626,8.264229689961095,0.9182903775631092,1.5242794776516064,-6.443455951645766,-4.937249041489999,-5.616120833943957,-4.092837741621184,-6.6104430088331645,-7.29432339357211,0.8290111327338064,-9.10792533554818,-5.337555359682557,-5.456574761974223
1.3538497270434895,-3.3149718464337425,-6.527083133884928,0.28136122819718706,2.7197610897731312,-2.5377954651494465,-0.5693728187323936,-2.8923004982367804,-2.0183342595162146,-4.057208877892856,2.244659075530337,5.1493691838506015,0.6394280969396064,0.7161596729443159,-0.25721496058491644,2.887528399133904,-0.9444718923270794,-6.065998561884,-5.688781559639224,0.0,1.0096775193017613,8.302441321797556,4.3370425706048,1.950827401041828,-4.05014187106436,-7.658892877458885,-1.8542305128612075,2.1214254482635684,-0.27486435264658937,3.690251789092855,3.6719924963181936,0.9932041354051848,4.700412040671865,3.869796190444492,0.4724355298235116,1.0611348065709538,0.016894642644308105,0.3629268905451661,2.308058785171878,0.9010986398698696,0.4022505372738909,-2.0131928848786886,-3.176152504336045,-2.5374061574230127,-3.321084740803996,-1.6615368344727524,3.6913567716604785,-1.2043018767074651,-6.101533640326587,0.8914517863460163,-1.7314029021848851,1.29069210435357,0.9984006053717092,-2.291134475695378,1.6926633599308583,3.078770699598113,3.738429758982932,5.472201412572868,0.46957560974124046,0.8689504295063336,-0.5801227600079517,4.249752207217919,0.5210466433891059,-2.642914086119326,-1.1854391506059712,2.520965939838387,3.5805556311791498,6.363761902818441,13.119452805490736,7.045881601326647,2.9698342311149286,6.599588220603788,8.173363537289756,3.2761517735539507,5.029486325352295,-2.4929415299555084,3.3913859231732326,3.05007019348476,-3.1408042644776866,2.2282705923075072,7.97541716807214,3.395965305272631,5.216619678291312,4.120602948279395,6.320425872462732,6.111577549101488,2.5597224233926874,12.219091401458476,-2.0450236323626623,5.617629782421357,-0.7605229365819297,4.72222990934807,4.2818958922594605,-0.7405522070353124,-3.089620079165296,-6.225068064712554,5.274094132056558,3.4032898482681606,-3.4477575418470736,-3.839678922786349
2.81815717606002,0.5008484298158129,0.6628865612989061,-0.4676430746671951,3.826359424251641,-1.179472768853484,-5.232720155532033,-3.9467339978536096,-2.000139256541324,0.8028128919563402,4.311742019163457,0.7074568230652756,3.1427238784771743,3.225882409456597,1.078370163245839,0.5258254843806331,-8.183072432382282,-6.209525068216319,-6.3367998487229045,1.0096775193017613,0.0,8.101562796697774,-1.8411391563631407,4.482102541619346,-4.15363655204974,-2.881292803699389,5.462923929368235,0.24618735346147963,-3.5320139609671326,1.809364021714724,-0.40814681558919574,-4.244383245575504,3.6498728592268592,7.163810735832992,0.8019330238200317,-0.43057712800694886,-0.03489799629361316,-2.2668636448462745,6.927114176838665,5.587075207433161,2.05960346705308,-1.018320932543941,-6.244820019325363,0.1391002115556262,-3.014242642874388,3.627090700307379,2.678146797910096,-4.836152091205913,-7.667005901308961,-2.705633816678593,-5.2535158050171935,-1.2573957318019329,4.0857054416805365,-1.03105344402326,2.6891712147008007,0.6646070616702904,2.2760354450186244,5.027240670460835,-0.14545621576752443,0.1770067448865582,-1.4455699351998872,2.4571625582117846,-6.043528728089724,-3.4137016834291685,-3.091231385012159,2.832287292195895,3.3811720647733474,4.539755469116865,9.18910948726713,7.056646122334646,3.266408596596153,6.094471948987016,0.9442964874979347,-3.146089771744065,7.553741466997958,9.039037774242239,-5.639058396329504,1.732781835592214,-5.274860672546187,1.5448327948557132,5.3609903112558515,5.20846694211863,3.220494189345801,2.746346311272245,2.1908048441809265,1.8669803328395984,-0.056280192131519226,3.207466746599394,-3.967061066422736,5.668531923561372,1.43425983658887,-2.6626877285341592,-1.1849397541185736,-5.173333557612498,-0.2775143786684249,-1.3395128172429644,4.792547955301272,-0.92779883053673,-9.848246220645295,-4.134499851506501
