0.000000000000000000e+00,-2.977836643273087169e+00,1.665042153848903306e+00,-1.995077902367081490e+00,3.292712389274099483e+00,3.338579252676750819e+00,-4.419227824138227234e+00,-5.655031930008590280e+00,1.977044014886164547e+00,3.704516426587034950e+00,3.527001072094993805e+00,1.084864779365338627e+01,1.411602477609657180e+00,4.459291902948845809e+00,-2.222725246939644794e+00,-1.574823313573855188e+00,-3.946230474888101192e+00,3.998154121813213280e+00,2.592965035160467835e+00,4.280302916121628165e+00,1.851263240832552448e+00,-6.016958279640115315e+00,1.162845841362843524e+00,-1.755337520456285549e+00,-5.489093465869448352e+00,-1.675617440569964645e+00,2.925206192606250033e-01,-1.494184585073420779e+00,-2.312906021706578608e-01,6.727110003677667649e+00,2.319405106836122332e+00,-3.820456810062372588e-01,-4.061422875553878598e+00,-2.129140781447722564e+00,-1.457178608281610499e+00,4.110504698972722970e+00,-3.013146419469361348e+00,5.044512471483442617e+00,1.752937998608913972e+00,5.090513617048880057e+00,2.517910162854849698e+00,4.224951287434800307e+00,-9.308510281762547578e-01,-5.032210440670517926e+00,3.251999226255530284e-01,1.068545838669964887e+00,1.081431508413380982e+01,1.264641018542705275e+00,-4.424405433330843351e+00,-1.455179661819580472e+00,3.617036944847937946e-02,2.774282984409211839e+00,-2.218524595279395939e+00,2.909680050180941890e+00,3.465518486292699762e+00,-1.136863795787388609e+00,-1.828129809876085865e+00,2.259027908476490154e+00,-4.810601831521049698e-01,-3.055707929148646862e+00,6.553448845093125641e+00,2.024470115438919304e+00,8.195072532964499112e-01,-8.806050381395719162e-02,-4.838188544062467678e+00,-2.814963516830516710e+00,4.602009747467425527e+00,-2.711526983264381574e+00,-1.404731802402690466e+00,1.778776928495226173e+00,-2.987974228239995700e+00,-1.914603974814148124e+00,-5.721258069818673242e+00,2.728350587489796197e+00,-2.400395285468187367e+00,-6.733371325147181174e+00,-1.451524593326192436e+00,-5.968023295876688783e-01,3.967777664871748655e+00,-4.310721158459082325e+00,-3.487392718383953483e+00,1.624726863514901198e-01,-2.317268361143595801e+00,2.153406463586784891e+00,2.129596457825850275e-01,4.780481561802318424e+00,-4.762985244436697130e-01,7.646158304358324997e+00,1.116494033983828338e+01,-1.661531042859593743e+00,-5.495112862589918379e+00,-7.838171242903334779e+00,-8.314383208719906548e+00,-7.059873379818180972e+00,-5.819863187595956333e+00,-5.323177156444019786e+00,-3.135506722492405807e+00,5.918641738884234949e-01,5.406788119394686731e+00,1.900889370010186985e+00
-2.977836643273087169e+00,0.000000000000000000e+00,7.664380527291965173e-01,4.556101891488452793e+00,2.675514237750153512e+00,4.426062760175598854e+00,-1.056404321918098299e+00,4.234676815014090323e+00,3.048623854403311739e+00,6.249186840783150565e+00,1.063324572782135213e+01,4.889053156654474819e+00,3.825239129765432011e+00,-6.482215035193691577e+00,-6.192145474588608423e+00,5.026900244893989012e+00,3.149884166093535498e+00,1.013492667544510439e+01,-2.586871137805382137e-01,8.407215163318063844e+00,2.406381744173549109e+00,4.718701428117573204e-01,-4.002575034305147383e+00,-9.468835482384936331e-01,3.945531033005727384e+00,-3.778171767671647974e+00,2.042393406549739776e+00,-1.787852284383747659e+00,-1.335265907741557845e+00,3.127693607031521772e+00,3.321596357246473286e+00,-4.544985320544217000e-01,4.836310672867338845e+00,1.620848576863092916e+00,6.200520774323331707e+00,5.098598644197553931e+00,-1.988845435332098788e+00,1.464320421141206197e+00,4.613029291713872659e+00,8.788772166337833980e+00,5.472398248667770027e+00,-2.170820435894973865e+00,6.218836583725806832e+00,-7.567957634425480640e-01,6.702367317987259376e+00,-7.605838318236376461e-01,8.720286023451965463e+00,3.876513888111969841e+00,-4.704020217177414587e+00,-2.796068926859749393e+00,1.321725329534567805e+01,4.598235517229063873e+00,-2.154955618236896076e+00,1.082621417986966783e+01,1.293746148934370011e+00,-3.933418257699786480e+00,-3.290507655724492331e+00,-1.529779900818329930e+00,9.028615613932636563e+00,1.015458054735968618e+00,1.497372448980971438e+00,7.051281673863074140e+00,5.638593725732887307e+00,-5.699689434219594730e-01,6.737326898284320409e-01,2.031782736257941924e+00,7.769599651611367896e+00,8.393047409368987744e+00,4.476751499122864963e+00,5.249516852702496905e+00,8.589478359042053146e-01,-2.103376464427259229e+00,-3.016898216855709247e+00,-1.574294374770059735e+00,-2.805073678680272575e+00,2.367755168567691637e+00,5.164593788428339494e+00,4.488231629463073080e-01,-4.321121600268133633e+00,-1.144760169921693826e+00,3.870876377981027350e+00,4.706630919404008573e+00,1.681483306048557225e+00,6.595787720632006135e+00,1.502359994092932638e+00,6.801900379738528457e+00,6.038828885614802466e+00,1.063316323735953262e+01,2.663450247211664568e+00,-2.053513020591367644e-01,5.114078205272727384e-01,-4.695423228333505783e+00,-3.532728734187474129e-01,2.718407940644865572e+00,2.425379523542444904e+00,6.571309496597660171e+00,5.065521401020570691e-01,1.614593157718220651e+00,-9.978197044644844249e-01,-2.356544391613794254e+00
1.665042153848903306e+00,7.664380527291965173e-01,0.000000000000000000e+00,-1.432803481762659148e+00,7.239304919274515138e-01,9.931062784577961988e-01,2.722070629747559867e+00,-6.251116871043712386e+00,5.283311678457708105e+00,5.375511197826110532e+00,4.731801856216701907e+00,5.847540263425083040e+00,6.211471452588336994e+00,6.850598288855942464e+00,1.410861818510503012e-02,4.535453892898872574e+00,-2.969921885983987764e+00,7.256504514366243441e+00,6.407875537717751868e+00,2.785571600689751737e+00,3.020896521968752690e+00,2.720498587608975338e+00,-3.640420253981846987e-01,-3.047446266572362283e-01,-3.273564548752976311e+00,-3.556198446189498430e+00,3.369367345238817313e-01,1.254754177567384277e+00,1.747971051296401956e+00,7.145572903155182232e+00,-9.939752565083204150e-01,1.913234662539014419e+00,1.893148996182084209e+00,3.188432048495955407e+00,2.336093642013402860e+00,1.120657368924502739e+00,-1.145544185808135884e+00,1.407188672249978789e-01,4.285558552362477513e+00,3.227624711180189454e+00,6.735320471850605450e+00,-4.955288472382143539e+00,1.238660040088322845e+01,5.651375853242147862e+00,7.928957433618505135e+00,-5.402941298612722043e-02,3.419204037233729565e+00,-4.022323741362145988e+00,2.708299521718733338e+00,-1.526048490491537013e+00,-2.625754864785505571e+00,4.084212998966832764e+00,3.069049205652248924e-01,-1.381965207493316194e+00,1.011834761947553840e+00,4.368163576521337355e+00,2.135810100583205529e+00,-1.576249607307376732e-01,-1.515059124790929523e+00,5.129490488321305719e+00,4.503309649558971728e+00,-1.522613410364383801e+00,2.175206045893376849e+00,-6.945562262070016146e+00,-8.311908208460048186e+00,-3.533993345353350968e+00,-1.195979721657980166e+00,3.396213071276319440e+00,-3.284297516792489713e+00,2.016756975716733624e+00,-5.521396070635479880e+00,-3.040091004342940106e+00,-6.521215891691518607e+00,6.152193763385994885e+00,6.030185451343286651e+00,2.857466514684203762e+00,8.060462938914923825e+00,-4.053685425644872331e-01,1.690059242968394049e+00,1.309942966182443103e+00,-1.383764238159435056e+00,-1.921679519517267121e+00,-9.558695185222545465e-01,-8.872822856756985566e-01,-9.182873281340453442e-01,6.628442075567048120e-02,1.014972468943955874e+01,2.532137866909334178e+00,7.227695310970537967e+00,7.977593622034896415e-01,-4.685040611129455357e+00,-6.245707070930393456e+00,-2.211018196668074864e+00,2.042251762266348525e+00,-1.553358680449680396e+00,1.347359690842807600e+00,-4.385806988930271544e+00,4.408112605857007260e+00,9.979697653119083967e-01,-2.197715487105998733e+00
-1.995077902367081490e+00,4.556101891488452793e+00,-1.432803481762659148e+00,0.000000000000000000e+00,1.333208389000576088e-01,4.977257791805335785e+00,7.309903228846340584e-01,3.704815618197725979e-01,8.397659124020427912e-01,3.282602989256021342e+00,7.255184157279933821e+00,6.205194602030961626e+00,4.538406415027585794e+00,-6.807293750804527255e-01,-3.671478303168439206e-02,8.853300898077377523e-01,-2.332076755063488882e+00,-6.404156210552724993e+00,-8.771196602642236106e-01,-7.547173315083501866e-01,-3.229583491663626571e+00,4.656921506823906043e+00,5.876404333465897745e-01,-2.251791749622431116e+00,4.590225333406711683e-01,-9.439561813004881952e-01,5.254558176602769137e+00,5.746356123751632516e-01,2.433393319942964261e+00,2.503474027750636655e+00,4.951355958131713919e+00,4.686016992195109587e+00,4.192376938813031195e+00,-7.108974705156806628e+00,5.778528575445367466e+00,3.764324454724564450e+00,5.299477393680073867e+00,3.376348993096609963e+00,4.520022839757239730e+00,-2.743155221079784933e+00,5.363532943925915397e+00,-7.520944489256140564e+00,1.020819374585343553e+01,4.126516808327002295e+00,1.148955437770768917e+01,5.685678487560803518e+00,-1.187359903480920797e+00,3.040288134189563340e+00,-6.758536590151612566e-01,-1.103737057798378807e+01,2.560511851178486342e+00,-2.145227628424300370e+00,-2.811383966310175286e-01,3.974279422253839122e+00,-2.902819749330843635e+00,-4.876002355877660399e+00,2.605230497742708096e+00,5.888432424274526511e+00,4.219107290364040863e-01,2.127766899975096937e+00,5.748447340514999837e+00,-9.030045998122221418e-01,5.242370765539648758e+00,-3.176935569925148251e+00,2.098746409922515710e+00,2.355380463091548027e+00,-1.673199155074191369e+00,4.507093148850945141e+00,3.080375398144852728e+00,-6.145423340696966719e+00,2.506537451037214481e+00,3.152936772480557703e+00,-8.405217839251128975e-01,5.599967959486374269e+00,1.117686834688734088e+01,4.221909302985044299e+00,4.185529784456108793e+00,-1.940882408407636150e+00,2.331317882711926526e+00,6.100638944680818021e+00,6.752536216115636591e+00,-4.525305237425251370e+00,2.736471587778304126e+00,-3.719209020680613431e+00,-5.214334065504465876e+00,-5.819191777749709082e+00,1.109158546620134977e+01,-4.282727586586586810e+00,1.155454890944307866e+00,1.254489069256388367e+00,-4.501670133977372368e-01,2.868162672844912997e+00,3.130736988737688797e+00,2.251119936720964887e+00,-1.466504215366391417e+00,6.124024353909397256e+00,-1.354295366740135842e+00,-2.630577948912589559e+00,-4.726247103427412277e+00,-5.930586775301645908e+00
3.292712389274099483e+00,2.675514237750153512e+00,7.239304919274515138e-01,1.333208389000576088e-01,0.000000000000000000e+00,5.774879501207698773e+00,-4.116315351764695762e+00,-2.287983629090982962e+00,3.188237841138413242e-01,1.840027921154702595e+00,6.406393992248347047e+00,9.211013367109634586e+00,-2.286083059850733790e+00,1.791638217185006710e+00,-1.019330997302454467e+00,3.996041588416285428e+00,-6.711507862712419170e-01,-9.802638796335375604e-01,1.869550455388693799e-01,-2.453805202789272499e+00,-1.001361495786187161e+00,3.200348592972423134e+00,4.172949435094730930e+00,-3.820087073041776193e+00,-3.316178781744528070e+00,-8.730629171018422952e+00,-5.758025205840754168e+00,-4.070291994268153246e+00,-8.102773884979784791e-01,1.526633330302780422e-01,1.263357187202275078e+00,2.039843745358683069e+00,1.224532911837342253e+00,-3.967943856439069883e+00,3.725198974679868158e+00,3.527669492904555337e+00,-1.319346981405062236e+00,-6.672541245775146512e-01,-1.272586730797073740e+00,5.026855529818067408e-02,7.947218177512946014e+00,-3.204579751731667869e+00,1.264502237444630950e+01,2.022536676752226370e+00,1.370375990038386327e+01,-4.836549055197330027e+00,-2.621367935142345118e+00,4.165147628291231641e+00,4.234025004540234782e+00,-9.319670414698961736e+00,4.592592724740643284e+00,5.041050644374510448e+00,3.086961701431378824e+00,5.959745953279546704e+00,-5.904286669998007886e-01,-2.950381588847156067e+00,1.739033679681871447e-02,-2.879832772072727920e+00,-1.451821894178463856e-01,2.274738797023847958e+00,6.086022601844377711e+00,4.473862725434361920e+00,3.993670364160376796e+00,2.110585197694759607e+00,3.772142612682414686e+00,-6.737306477234861202e-01,-5.505827348280242006e+00,5.431958551825420756e+00,2.709538139975818716e+00,-6.429045032840224883e-01,-9.616312972172001983e-01,1.141729359161710589e+00,-2.935351136826361618e+00,3.504468050799995349e-01,5.371627070313374830e+00,2.005280446813013928e-01,3.112559531966980320e+00,-3.478482793658814298e+00,3.425019945408228850e+00,2.577048661714806954e+00,7.700198540004751457e+00,-3.274057850139004966e+00,9.208162454568900035e-01,-2.905923513257011148e+00,-5.258473248348383144e+00,-1.442458134367842870e+00,7.439257733700856967e+00,3.447909670187284448e+00,2.025427051318879013e+00,-9.494972289847963820e-02,-2.972660000936020452e+00,-9.599079931341710781e-01,1.527087051692101793e+00,-2.437271201595552217e+00,-5.002738513980712121e+00,3.837700627700755263e+00,-6.800905634872092875e+00,1.313474573373620169e+00,-3.538510530196830928e+00,-6.184560294377097200e+00
3.338579252676750819e+00,4.426062760175598854e+00,9.931062784577961988e-01,4.977257791805335785e+00,5.774879501207698773e+00,0.000000000000000000e+00,-4.405204224323609474e-01,-6.318136254855654776e+00,-6.802767950921110307e-01,-2.643870916406050764e+00,1.377524204771172123e+01,5.493371067133741015e+00,7.973171045220233122e-01,5.024810530448373669e-01,7.172060549256087825e+00,2.110448740018114222e+00,-6.280265546823662781e+00,6.860057946911818583e+00,9.981112969548283642e-01,-2.141364406960024169e+00,4.982433033913261866e+00,1.084497538625798896e+00,-8.307298192014425098e-01,1.765572687944047425e+00,-7.482220543041331773e+00,-3.828849374869653488e+00,4.783698780716258980e+00,6.563232577987439420e+00,-3.706016406792005391e+00,2.915284591284855731e-01,-3.374622214506493467e+00,3.233520666027828838e+00,-4.659052929272091248e+00,2.385878716926757459e+00,5.437124931029205577e+00,5.233660071092959498e+00,-4.135563494799223250e+00,-2.561828383395383657e+00,2.115954897390065703e+00,4.558137847281550137e+00,3.266674716098154185e+00,1.735560802533159253e+00,6.694668258665934069e+00,9.808076242503647180e+00,4.559211873968487261e+00,5.788997679234862304e+00,2.396117595797468969e+00,6.702266968779746925e+00,-7.941872370693256578e+00,-7.415241092335531192e+00,-4.302680158633971352e+00,-2.024560511075378599e+00,-4.512811497471446387e+00,1.190501475103527218e+00,-4.215540805912845634e+00,1.569629303250025698e+00,5.010816812880807269e+00,1.364028366395040326e+00,-7.979539386302894499e+00,-2.245622673848618689e+00,2.592310483934835652e+00,-2.078894953574341731e+00,-3.137116407608069313e+00,-6.365276528632441533e+00,3.288147085322446372e+00,3.825611452006522306e+00,-4.712253118049972933e+00,-5.302739384154723901e+00,-1.514458315723707482e+00,3.462321361583712287e-01,1.658278608708756874e+00,-6.097870657308046560e+00,-2.815138816132638055e+00,-2.355840505239833738e-01,2.378200022022871174e+00,1.963753533251130778e-01,3.336283597079958252e+00,6.836323639924653861e+00,-9.918099316199328053e-01,-5.819106157028969051e+00,-3.625329674219619491e+00,2.943928070354097759e+00,-1.864769942200166897e+00,-2.471833181674782054e+00,-6.769845630972389117e+00,-5.137339804350040673e+00,8.164620646999681819e-01,-1.348495405350829957e-01,-2.452209774307865686e+00,9.887464395039372023e-02,-5.751576158496048308e+00,-2.549644243512238617e+00,-1.101545577374638896e+01,-4.318333132082445402e+00,3.568086934801560695e+00,-2.135591973233752494e+00,-7.097295776862428518e+00,1.892335977545581915e+00,-1.142228188320461468e+00,-5.114966491489085776e+00
-4.419227824138227234e+00,-1.056404321918098299e+00,2.722070629747559867e+00,7.309903228846340584e-01,-4.116315351764695762e+00,-4.405204224323609474e-01,0.000000000000000000e+00,2.020901213041707223e+00,5.318947935478723466e+00,2.169489391085823282e+00,2.576211434827710978e+00,1.265724385425471610e+01,4.250465935904664150e+00,-3.741766821227275330e-01,-1.998300976361673476e+00,5.299504154736790262e+00,-5.337993621718318815e-01,1.496525579317964594e+00,-5.200087436045603972e+00,6.244247709881888042e+00,-2.424508950713281097e-01,6.188496903631888202e+00,4.533940647598425633e-01,6.809344093182665425e-01,-9.710324652613753216e+00,-4.142007316219920909e+00,2.013810039410874886e+00,3.996860698684798208e-01,-1.723476607105526026e-01,3.537928397315168283e+00,-1.917372537969223023e+00,2.604242349234215936e-01,1.877847501959369003e+00,-1.892970062928206021e+00,7.279417056165954136e+00,2.494501756105039103e+00,-5.027155570468496704e-01,3.651696009705779122e+00,6.693488542288177356e+00,7.795017331253424331e-01,1.110999346944992006e+01,-5.322472081602134253e+00,5.570720252417730833e+00,4.277402413894229483e+00,9.150889665243527205e+00,6.257828149053688449e+00,2.281954984159489275e+00,5.993971628613323777e-01,-1.226062205564242141e-01,-6.966986195663805503e+00,-2.427829504864073673e+00,8.501909972257870152e+00,4.179557952858820258e+00,2.218393740388539648e+00,3.489653139184146546e+00,-4.082957305608615250e+00,8.790534632314047414e+00,5.766197177642114369e+00,-6.583984868853856032e-01,-2.400811948447929278e-01,2.084998130848285225e+00,1.910505327953549159e-01,-4.839883320931124833e-01,-7.898813404672587524e+00,1.280189677492966360e-01,-2.395316508769919750e+00,-8.815358959404392403e-01,-8.558603642665051359e-01,7.201053916560755219e+00,8.001097380803445347e+00,3.453978468844681071e+00,-2.104735962152868733e+00,9.890870436240560837e-01,2.263004026043358152e+00,2.163291729088193449e+00,3.129020510764126684e+00,7.076092780442114538e+00,3.918595181265874583e+00,2.373279083827477542e+00,2.639561068753375039e+00,2.672491231562651226e+00,-2.889122695735772517e+00,-2.116368446835330985e+00,-6.041339659043849508e+00,-1.416166105793474017e+00,-1.532995945125780857e+00,7.992677364794050554e+00,-4.776817550257198342e+00,-1.836164858931588650e+00,-2.005670837462255385e+00,-1.805751513213419424e+00,-6.198997297462666367e+00,-6.654711450851353405e+00,-3.502117717187621437e+00,2.230473210302584552e-01,1.969888359263101130e+00,2.169224991638961375e-01,-4.082421685183456717e+00,5.193490023661422317e-01,-7.995533476183294574e+00
-5.655031930008590280e+00,4.234676815014090323e+00,-6.251116871043712386e+00,3.704815618197725979e-01,-2.287983629090982962e+00,-6.318136254855654776e+00,2.020901213041707223e+00,0.000000000000000000e+00,-3.365305648818614603e+00,3.522617042189860825e+00,7.331551914417102189e+00,7.369834932282900652e+00,6.407383577348999992e+00,2.403706576583115873e-01,-1.393688516837032765e+00,1.129108964003451954e+00,-1.949775487217446646e-01,-5.615392395702874850e+00,-5.266978958087773499e-01,1.545777178674555774e+00,-2.475726758451422871e+00,4.518207342421167283e+00,2.716157278334159209e+00,-7.743088675020332046e-01,3.267700441380265275e+00,8.471895396828285074e-01,6.014068016498916869e+00,1.659089089484788282e+00,4.463704811936335837e+00,1.528612807635591375e+00,5.094983338897979941e+00,2.837600362279581567e+00,2.117462624704077090e+00,-6.708514117781298580e+00,9.319179056438311903e+00,1.365919373830388750e+00,4.286231583424175540e+00,3.000828868215505540e+00,9.438728370345790708e+00,-1.395464812146937739e+00,7.140954903707087631e+00,-3.497310385064784644e+00,7.985194365095642510e+00,4.322600371209023074e+00,1.055228346557924368e+01,6.622015661902738159e+00,2.895231612061342830e+00,1.914052348495288047e+00,4.377829489532566676e+00,-6.615713602254511549e+00,2.448332181467884894e+00,-1.258089511642036529e-01,7.577824372877078885e-01,9.789000008778218742e+00,1.144384865294203246e+00,-4.382983770392388401e+00,1.295032133259540197e-01,1.698119557934165469e+00,1.578300259801838523e+00,1.301092318353100685e+00,8.599907410221158344e+00,1.516618853537426315e+00,5.227460783798508537e+00,-6.673897248063769716e+00,1.887461799120659034e+00,4.732942849966797816e+00,-5.782258911488901143e-01,4.638682081906384980e+00,3.394783590121290384e+00,-4.231018283263233926e+00,2.012365365492217784e+00,6.230922391770512547e+00,4.427899755884797672e-01,7.259597617388045876e+00,8.427180908309630070e+00,4.380879998407694487e+00,3.860999367997093312e+00,2.317172776698838366e+00,1.663260717875658878e+00,1.350999499031726891e+00,2.101950770959208015e+00,-6.859355206800993310e-01,5.656114903096774782e+00,-5.216603367343497943e+00,1.318647401636139582e+00,1.080678777549942016e+00,4.391520460903683087e+00,-3.819969865149183352e+00,-5.936541549958904707e-01,4.242556340210440702e+00,-2.382590732706968417e+00,4.900817727080275965e+00,1.189984909171395433e+00,-1.006266625059476505e+00,2.567771409821087758e+00,6.853239493675532756e+00,2.655845252446355165e+00,1.196740523217983965e+00,1.569732503610785868e+00,-6.485685472832683374e+00
1.977044014886164547e+00,3.048623854403311739e+00,5.283311678457708105e+00,8.397659124020427912e-01,3.188237841138413242e-01,-6.802767950921110307e-01,5.318947935478723466e+00,-3.365305648818614603e+00,0.000000000000000000e+00,2.152375277341867399e+00,1.118289255687304262e+01,9.134676477924436711e+00,5.192586131364286040e+00,2.529464891669179760e-01,-2.530828415098270057e+00,2.648063031120232669e+00,-4.265444606061823407e-01,-7.321596143786152311e+00,-2.726185277029886667e+00,3.488997806378622890e+00,-6.026886552072315162e+00,-1.681245306284993024e+00,6.384233931971150078e+00,-5.894961690242747743e+00,4.823518861239933564e+00,-1.263964046298084343e+00,5.412863178281823728e+00,1.704763018146474129e+00,1.275142352292670589e+00,-2.287113229588005225e+00,8.057421818464044705e+00,2.181900554605943565e+00,-3.228020465616167289e+00,-1.388582918850945092e+01,7.309857085185731407e+00,3.480666139469086762e+00,-2.566038196522640868e-01,3.475623099824094453e+00,1.584170342860027114e+00,-2.019028640891520898e-02,5.989722621223572574e+00,4.672670046627107054e-01,2.833133012312854415e+00,3.017861280374231292e+00,1.160619588192183294e+01,7.737766326860040067e+00,2.872449623242969263e+00,3.699491632419806386e+00,-2.708859973961637024e+00,-1.185011019009454536e+01,-5.953145162428845616e+00,1.304791585258951114e+00,6.228908941373000330e-01,8.270585419075560552e+00,6.068613284793643592e-01,-5.636464323541613197e+00,6.526755788828539906e+00,3.665158456600996928e+00,-2.944752267573474414e-01,-5.637048249433745717e+00,4.972380352314377028e+00,5.431394523704088928e-02,4.503149552171463732e+00,-3.489412464658501634e+00,5.337074322896044609e-02,6.062297663188638552e-02,-4.393246968889946480e+00,5.314148578645967014e+00,1.053640591336339760e+01,-2.193975061408947713e+00,-4.969749252244776705e-01,3.955788246685161824e-01,9.286439037693387633e+00,2.318622136668608391e+00,1.280855224731641151e+00,1.692041140961056955e-01,6.885839874679939854e+00,5.105624223872214706e+00,4.086008555236504414e+00,-2.742092750232661746e+00,2.855815846775012989e+00,3.335772485907089191e+00,2.341294943443928744e+00,-7.036442380223303594e+00,6.047265380977862925e+00,1.136459906297767330e-01,4.369258543266053785e+00,-1.906349086118473757e+00,9.981548224482930110e-01,2.216086877955038281e-01,-3.183761720581496313e+00,-4.600900418681821979e-01,-2.123743501761583996e+00,-8.142070682230638567e+00,-3.031182374317951123e+00,5.264820619620809161e+00,-1.595162501243119202e-01,-2.000098638789499783e-01,-3.138119272860814046e+00,-1.013230942446034355e+01
3.704516426587034950e+00,6.249186840783150565e+00,5.375511197826110532e+00,3.282602989256021342e+00,1.840027921154702595e+00,-2.643870916406050764e+00,2.169489391085823282e+00,3.522617042189860825e+00,2.152375277341867399e+00,0.000000000000000000e+00,1.031181215073151591e+01,9.072985651168439247e+00,8.686838323484430191e+00,-1.232393530818677085e+00,-1.985075344927396346e+00,-2.514300467134637174e+00,-6.927175404648700408e+00,1.736738063188952186e+00,-5.956986929619689342e+00,-2.376569224224613433e-02,-8.902421607165605266e+00,-3.041204276377651450e+00,-8.114729776006031514e+00,-1.054310788786284370e+00,-1.319126421430858898e+00,-4.080702537485258324e-02,5.556450341903046208e+00,-2.235541189323879685e+00,-2.597526705030314798e+00,1.602138531573818359e+00,1.544174476304757571e+00,4.807381842869383526e+00,-4.021604478556783491e+00,-7.614518971438264394e+00,1.058417319968134862e+01,-1.780543402272479536e+00,-6.774247409361925598e+00,4.395629054511807632e-01,2.574350981172738084e+00,3.166418748772215519e+00,-6.353136085816595280e-01,-7.375292952236778277e+00,3.349676725858587556e+00,8.033873641780619579e+00,1.040680735168869830e+01,5.688768568327385644e+00,-2.522161380635727479e+00,4.763774631351080924e-01,-7.724393018639503339e+00,-5.114607410820024569e+00,-1.714977110193028009e+00,3.578279391659837660e+00,-3.252040088477312074e-01,2.012570780470541720e+00,2.002097563288175452e-01,3.927680417902218224e+00,-7.187576075935759867e-01,7.006573813031883091e+00,-4.449572805687534327e+00,-6.662937024198334335e-01,1.998856613057602427e-01,-2.733849175214124294e+00,3.380919678095959835e+00,-7.514336147188000581e+00,-2.196790573323917695e+00,2.595899731520365794e+00,5.225154855901886108e+00,2.856727732042934509e+00,-3.392860560015071414e+00,-7.658431487314339148e-02,-3.722660421338956471e+00,-7.638304913906019067e+00,-3.254268648801241337e+00,5.965287829809575726e+00,3.903207600437899938e+00,2.459231793033640479e+00,2.599150990937783678e+00,5.206168245781631398e+00,7.298503329044366161e+00,4.301708488948189135e+00,-3.206405166237037974e-01,9.428439051351694689e-02,-5.758310473672164642e-01,3.015434901661562250e+00,3.827447185051251921e+00,-1.599976180677527005e-01,2.154719455012930940e+00,-2.715552789788577392e+00,5.064139909369002046e-01,6.248841020590332640e+00,1.389276027902450750e+00,-4.491450093921761422e+00,-1.746615712560396716e+00,-3.742731285492969739e+00,3.655387508916629447e+00,-3.825567191923020083e+00,8.249700785952618354e-01,-4.059191234128379122e+00,1.734548238651090646e+00,-5.106419769738154812e+00
3.527001072094993805e+00,1.063324572782135213e+01,4.731801856216701907e+00,7.255184157279933821e+00,6.406393992248347047e+00,1.377524204771172123e+01,2.576211434827710978e+00,7.331551914417102189e+00,1.118289255687304262e+01,1.031181215073151591e+01,0.000000000000000000e+00,-8.508642395171335693e+00,-1.683718433280745552e+00,-7.393171819216858287e-01,2.179200029285804696e+00,-1.061446584333259757e+01,-9.579790020472717771e+00,-2.913833821857167106e+00,-7.151587677145884392e+00,-4.639239534823563105e+00,-8.366433688702942462e+00,-5.590689679825727509e+00,-1.025964173759477571e+00,-8.619117945162940941e+00,-1.309143862815565207e+01,-4.539036287742806763e+00,-1.467886064966608783e+00,-3.388628614291399721e+00,-2.207941413666710595e+00,-5.068508220069793957e+00,-9.359659580121553191e+00,-1.318931931847944217e+00,2.268095169979548409e+00,-1.040425506309206050e+00,-4.661341595859489928e+00,-4.649910946173278603e+00,-5.344001688463407618e+00,-3.366447273209769442e+00,2.138742592914124163e+00,-7.529437508637544241e+00,-7.014028554145688155e+00,-4.842307394490189765e+00,-6.743979086498992359e-01,-2.611547338661117656e+00,-4.648520602435563198e+00,1.361080973319517273e+00,-7.925829710838275588e+00,-1.642614853175866918e-01,-4.177045277045372096e+00,-8.266153619076145986e+00,-3.744924179270533671e+00,-1.286129174655330942e+01,-7.743296123994370284e+00,-3.952818774024039250e+00,-1.287412959330882600e+01,-5.153662441217370827e+00,-3.100836687818285142e+00,-1.772700528081387228e+00,-8.962731280416472046e+00,-2.228755939745217685e+00,2.343798529528700936e+00,-3.023240779372910580e+00,-6.544301237830353557e+00,-1.108380469467353002e+01,-2.220508018146985840e+00,-1.410830565341272713e+00,-1.016683028909774755e+01,-8.027802124245853932e+00,-4.650970232269430404e+00,-9.352317014201586787e+00,-2.573398778474667026e+00,-9.396888693209564991e+00,-5.712293829588914740e+00,9.286871250218673435e-01,-7.983717219591113246e-01,-1.748418135601132462e-01,-1.899820741722247019e+00,-5.829041657560245504e+00,-7.720883112640316348e+00,-5.063111925608030361e+00,-9.553694437041041709e+00,-6.150627371826864476e+00,-5.702965716258580287e+00,-5.421768011503236728e+00,-4.216213117308628355e+00,-6.192961544556260911e+00,-2.286119040291444637e+00,-4.233451282513192915e+00,-7.973487605786861110e+00,-7.400527573219369160e+00,-1.268403466949280656e+01,-5.975953259669226192e+00,-4.606161858129739883e+00,-4.522532534096105117e+00,2.149684245078096467e-01,-3.226626837493355104e+00,-1.693900540921125186e+00,-1.394195430353808662e+00,-9.120871341500569329e+00,-7.035268376033323889e+00
1.084864779365338627e+01,4.889053156654474819e+00,5.847540263425083040e+00,6.205194602030961626e+00,9.211013367109634586e+00,5.493371067133741015e+00,1.265724385425471610e+01,7.369834932282900652e+00,9.134676477924436711e+00,9.072985651168439247e+00,-8.508642395171335693e+00,0.000000000000000000e+00,-3.094819656132538288e+00,-4.528227071415560800e+00,-5.729830265146535595e+00,1.826729574656774657e+00,-1.231668408927614067e+01,-7.603567065926992719e+00,-3.463656810010980358e+00,-4.675376617416413971e+00,-9.495860749477335716e+00,-1.267427045487591464e+01,-5.895982675286012942e+00,-4.610337602275628832e+00,-5.638712640220218120e+00,-5.068069349787600153e+00,7.752845519960294141e-01,3.803383939127739310e+00,-4.887587111740890222e+00,-1.730270433241516415e+00,-7.389390551560004461e-01,-1.095132979014077579e+00,-3.094646187010122507e+00,-9.367581504757996669e+00,2.571118630678633554e+00,-5.131473697615347440e-01,-4.767034451477044854e+00,-1.882492537829839829e+00,-5.242296478399882886e+00,-2.985563589151519537e+00,-4.109238685487463627e+00,-1.114987510126540471e+01,3.029276660974424829e+00,2.438939117505106946e+00,2.650139592928635324e-02,3.459374662647053622e+00,-4.353813115433416314e+00,-6.460711425301635558e+00,3.339269091834093928e-01,-1.289236228886480617e+01,4.232827610157597342e-01,-5.173442015820075568e-01,-2.094463049270432753e-01,6.652243871244443163e+00,-7.992766902665858986e+00,-6.398700174059977819e+00,-1.041403753080889594e+01,3.126496664242272572e-01,-7.814833468465304023e+00,-1.056508774945398343e+01,-1.029370800462301538e+01,-1.447337642082798581e+00,2.148104543510231945e-01,-1.315044379871066660e+01,-7.688229068154800672e+00,-1.626521457127262815e+00,-2.106145797261679053e+00,-5.308302444472328574e+00,-5.994342330577378419e+00,-1.233935855322902597e+01,-7.147499978379340924e+00,-1.075075226366996439e+01,-6.356370873887582817e+00,-2.994535383123777983e+00,-4.182637488239912216e+00,-2.311148645801520018e+00,-2.945301981394707447e+00,-2.475406569567808746e-01,-4.550915979375778520e+00,2.895628045789285121e+00,-1.258964746814316982e+01,-3.044363302125453252e+00,-9.112847607843006514e-01,-1.991954494540600695e+00,-6.621981810425350723e+00,-6.919423115102143473e-01,-3.446602702154002440e+00,-1.567836414744789408e+00,-3.333814130522046781e+00,-6.218682412861513242e+00,1.790269866935720655e+00,-3.483685024301758748e+00,-6.010000631520036940e+00,-3.511841292068602183e+00,1.334859058879364513e+00,1.397499655705386257e+00,-4.682727517858931598e+00,-2.768319235863209826e+00,-2.892351633975989600e+00,-6.089213771279018417e+00
1.411602477609657180e+00,3.825239129765432011e+00,6.211471452588336994e+00,4.538406415027585794e+00,-2.286083059850733790e+00,7.973171045220233122e-01,4.250465935904664150e+00,6.407383577348999992e+00,5.192586131364286040e+00,8.686838323484430191e+00,-1.683718433280745552e+00,-3.094819656132538288e+00,0.000000000000000000e+00,-2.864534036309918097e+00,-4.171677163893109608e+00,-4.135429829037414962e+00,-5.427305961031303916e+00,-2.987395418664227642e-01,-3.929754454391777951e+00,9.982534652328647340e+00,-6.869504376896280462e+00,-2.680559139821324877e+00,-2.435006998108604215e+00,-1.044127358822494189e+00,-5.206823059411003207e+00,-3.962449319158587002e+00,-4.011748938819646781e+00,-7.434463666265507698e+00,-3.441324103593708994e+00,-5.898319503355028415e-01,-3.000602274835472150e-01,-2.083291802430286666e+00,-1.910739575646607902e+00,-1.138947589116384229e+01,7.129670962308445326e-01,-2.822618733354065879e-01,-5.741082382566124132e+00,3.528718251637157799e+00,-2.401063631156881151e+00,-7.008684347623901800e+00,4.440064151944666193e+00,-7.226263803531881358e+00,3.211263419515108630e+00,-5.020724174899192427e+00,4.739888605878263661e+00,4.793153750546551350e+00,2.926122635500691516e+00,-2.089652366022251684e+00,-3.220480393130341845e+00,-6.377643079720536790e+00,5.862407680597775617e+00,3.176538923997415331e+00,1.150032930334413894e+00,6.389739088156319191e+00,-1.985035019036032633e+00,-2.149063135248804879e-03,-7.172386744421547000e+00,9.287631943336808193e-01,1.235124122495183219e+00,2.229720515621649746e+00,4.904072258629049164e-01,1.934557686547084820e+00,4.065442198998968415e+00,-2.196511637298333319e+00,-3.685202961258771559e+00,-1.350725601137560794e+00,3.367647590469203256e-01,2.012996231635931554e+00,1.017121803563443283e+00,-2.181636663786806984e+00,-4.593575246907221299e+00,-3.479179914931032513e+00,-6.130538748392623249e-01,1.003478914534795097e+00,2.296845748683489674e+00,-1.165580121032753214e+00,-1.028637032433686649e+00,-2.806104453134575571e+00,-3.461869601996521606e+00,-5.538074995249472332e-01,4.594830686996409952e+00,2.019578909136052758e+00,-2.247190225391827667e+00,1.472395351552659437e-01,2.254447230268262548e+00,8.306086212801867319e+00,2.467907460512614559e+00,3.994597052486192901e+00,-3.125998534513227956e-01,-5.754322148068746756e+00,8.284041095721925707e-01,-1.119121342406045727e+01,-1.232283252993499501e+00,-6.987701067973874913e+00,2.428446698108428947e+00,-5.445756973621883323e-02,1.862575551427276599e+00,2.599769780497203087e-01,-8.488372464182301513e+00,-6.322128496837247091e+00
4.459291902948845809e+00,-6.482215035193691577e+00,6.850598288855942464e+00,-6.807293750804527255e-01,1.791638217185006710e+00,5.024810530448373669e-01,-3.741766821227275330e-01,2.403706576583115873e-01,2.529464891669179760e-01,-1.232393530818677085e+00,-7.393171819216858287e-01,-4.528227071415560800e+00,-2.864534036309918097e+00,0.000000000000000000e+00,7.013052170815051056e+00,3.178215630062298236e-01,-6.071768299829152227e+00,-1.182987953009000837e+00,1.187071744936158302e+00,-5.181730637180437249e-01,-2.011692261032887341e+00,3.085863966654475377e+00,-3.037264045568120352e+00,6.852081875769513886e+00,-1.436924936354233795e+00,-6.404585038307911482e+00,5.597991782662754545e+00,-1.569126772143650150e+00,-5.682340254913266442e+00,-1.213370498665515385e+00,3.155715229323565740e+00,-2.703968670611729963e-01,2.855523800332374851e+00,-5.248958118127275974e+00,1.339171813207418538e+01,-1.627954748183169376e-01,6.072085682084906288e+00,5.682735844729373653e+00,-2.724150115370143954e+00,-1.324539666203120136e+00,1.208768672150339007e+00,-2.043997828765746316e+00,1.301652572581138934e+01,5.728943318028974829e+00,1.188799893343014702e+01,-3.025573830400711817e-01,-2.743119978939861370e-01,-4.864766594533976862e-01,-3.404352131770771450e+00,2.354576056374660720e+00,-7.307812194472477207e-01,9.504657080083572795e-01,3.566458844111408233e+00,2.306070694226266315e+00,-3.713724774437823228e+00,3.437371564187845063e+00,-1.245115270445920075e+00,4.250001639727807756e+00,-2.830630352745852729e+00,5.627562105261993963e+00,5.128085376179075672e-01,8.792911100117282164e-01,2.586380844450407945e+00,6.554577307621737292e-01,4.886548332863946520e+00,5.521646203260304198e-01,1.751580001450369961e+00,3.971087875323427441e-01,1.182962004635504494e+00,-3.065512539421337390e+00,2.906621600810634920e+00,2.858606090284646850e+00,-1.568414085733271790e+00,-4.671273834178958140e+00,5.119617746751701226e+00,4.190566680297489022e+00,-3.599349266253522917e+00,1.092940193099599444e+00,2.778292886781673410e+00,-2.460479287504208745e+00,1.845941416387854250e+00,-1.830475724853867447e+00,-3.174798344697151276e+00,2.969958127699552808e+00,-2.957831278674839304e+00,-1.047882706197746927e+00,8.589860219137332109e+00,-2.927591907996380804e+00,-9.209716880354832380e-01,-2.676044862411044889e+00,-2.942285648095411155e+00,-5.885070024995894045e+00,8.221321033163151437e-01,-1.629639416023771714e+00,1.990746588806004830e-02,-5.562584379545550739e+00,-4.879982599987092939e+00,-3.106274622714247924e-01,-5.016661646616774384e+00,-2.962894743273888132e+00
-2.222725246939644794e+00,-6.192145474588608423e+00,1.410861818510503012e-02,-3.671478303168439206e-02,-1.019330997302454467e+00,7.172060549256087825e+00,-1.998300976361673476e+00,-1.393688516837032765e+00,-2.530828415098270057e+00,-1.985075344927396346e+00,2.179200029285804696e+00,-5.729830265146535595e+00,-4.171677163893109608e+00,7.013052170815051056e+00,0.000000000000000000e+00,2.028577456975472426e+00,4.014314434200892734e+00,9.469124113741090865e-01,-1.092216176200432098e+00,-1.375130584028914082e+00,-1.316574557772784759e+00,-1.362896563442515641e+00,9.282391476657071427e-01,3.588579935429888401e+00,-2.384592836514887626e+00,-1.858203753067051989e-01,1.148150729550828153e+01,6.833021860307175288e+00,2.287689674108525917e-01,3.349194894711952308e+00,-6.075070908663509961e+00,-5.789604160145271905e+00,1.933430060916905058e+00,-1.886970449716890430e+00,6.353377051270904907e+00,-4.593907958936729763e+00,9.222322835404777042e-01,-4.496353115889817786e+00,5.630036411170929789e+00,6.995522541092658031e+00,7.029290558224296603e+00,-7.306527533002467045e+00,1.782282732968146544e+00,1.918206785813297843e+00,1.829048968473013348e+00,7.011456571201832411e+00,1.423642669695484919e+00,-5.608466590272606744e+00,-5.540435216925876816e+00,-5.463645750634504861e-01,4.246976928206025903e+00,3.071234423800719426e+00,1.634179044019330451e-01,-4.125242928951458943e+00,2.670702259291126701e+00,-7.624206857950065697e+00,1.221959863733928620e+00,1.936574656972019026e+00,4.851954281468953134e+00,3.240895464836380579e+00,3.598296233256691234e+00,4.917008241406446878e+00,4.463949043903348901e+00,6.059373677733296049e+00,5.121422958399454828e+00,5.353491158810486095e-01,-3.361217870620721027e-03,-7.139387228279820086e+00,-5.001195678026137514e+00,3.475214813189274388e+00,2.148035587095980414e+00,-2.359854196764756384e+00,5.667398949389692575e-01,-3.401246797251287202e-01,-5.732598756662058648e+00,-7.351873354583393638e-01,8.519590236068532718e-01,6.319268966666950149e+00,-2.424061389302929914e+00,-2.806707824808369334e-01,-4.171159278537592385e+00,-2.340952727640365438e+00,-5.973759571411269675e+00,5.573958803380550719e+00,2.976417780234060562e+00,4.734477007182096742e+00,-1.358424195958940039e+00,2.174898988963486213e-01,-5.524275200966681787e+00,-4.738192637055356649e+00,-7.060931746771942130e+00,-1.263140729414036212e+00,-1.309045718727321228e+00,8.529551556768378617e+00,2.243995035214916556e-01,-2.970347077937149027e+00,3.512490968027015104e+00,-1.724887883957385348e+00,-4.005525554237113761e-01,-3.851554097802655452e+00
