0.000000000000000000e+00,5.398282360282770753e+00,-3.668848398883190143e+00,1.852401492078021183e+00,4.105149563964975101e+00,3.160392821156408960e+00,3.264285709073224240e+00,-5.408903844375570813e+00,5.295620946957957820e+00,9.834058112842800625e-01,7.108465944557750937e+00,1.001466355488514459e+01,4.548939193192760300e+00,3.965121490417503392e+00,3.689641749804005499e+00,1.104493376000758698e+00,3.622524869018421967e+00,7.085628983085617172e+00,-6.393829522896994355e+00,1.928793014204294831e+00,4.402899181199329881e+00,8.341753615938509725e-01,-3.999538003964032473e+00,2.052480361210823112e+00,-2.731160733969694165e-01,6.474422786641450323e+00,-1.057938939367803144e+01,-1.848278720833843813e+00,-1.499132812043150853e+00,-2.634077441803330366e+00,9.660032456905425224e-01,1.505425567789522301e+00,-2.803503326548342084e-02,2.171733678500222364e+00,-1.110413811150219532e+00,4.225663102530730519e+00,1.750974320172984822e+00,2.658656128306658317e+00,-5.793958143804172956e+00,2.680896060487243382e+00,2.069682028693082820e+00,-3.534296418076241952e+00,-2.689766899933409006e-01,3.039299620827981552e-02,1.288743581304349295e+00,6.244718594416906576e+00,-1.301509747921801186e+00,2.202678879212600194e+00,1.950260884445795373e+00,-8.079489517808688959e-01,-5.926359146002414535e-01,-5.459229359568855244e+00,2.878006630071114458e+00,2.942523856160270679e+00,1.243576445316484147e+01,-1.020323305413104897e+00,-3.541748039367917489e+00,6.999893740035487699e-01,-3.953855133853774184e+00,7.859058238711445377e+00,2.412545244461945959e+00,2.208756946035514979e+00,9.914641609020423019e+00,4.367467489257754742e+00,2.054692784739757361e+00,3.680216294312495418e+00,-7.969880894867683807e+00,4.699571200145938654e+00,-8.552528884572455636e-01,-3.556648087236731648e+00,-2.808712522845755011e+00,5.639407912198225042e-02,1.784689578770757068e+00,-6.304122122875769563e+00,6.236983170182881508e+00,3.743659516733877535e+00,-4.615365903796752711e+00,2.766239550418548632e+00,4.587473115514823618e+00,1.271079902152939978e+00,1.518922610044618482e-01,-2.305792338479615733e+00,-4.961477532895964160e+00,-5.099483950671571009e+00,-6.803185110700939120e+00,-2.716972891235570842e+00,5.233479120058614598e+00,9.763786481341766299e-01,1.065827451730588571e+00,-3.018922293761058029e+00,-8.342641002695065922e-01,-6.087088580557595385e+00,-4.611518902921792673e+00,-4.019455808786693396e+00,-7.731760504951593838e+00,4.309556790011423111e+00,3.476640648522880461e+00,-6.958193035565522599e+00,1.817381118272370921e+00,-4.017901041145822916e+00
5.398282360282770753e+00,0.000000000000000000e+00,1.674536045840194110e+00,-5.024331589086334482e+00,4.144892486676665655e+00,-2.343735278383957343e+00,8.163762284636778332e+00,5.690415832157195153e-01,-2.476837851146182601e+00,-3.836634095762103236e+00,-2.617229174787508050e+00,5.663956211400639207e-01,-1.493138249946825979e+00,-9.714470765372713146e+00,-5.243860108586035018e+00,-2.646405958520089197e+00,-3.539095750834692078e-01,2.826845634323048806e+00,5.255824889462116012e+00,-1.694216264086951140e+00,3.027997284054269489e+00,-2.621933862157980855e+00,6.250488383487275534e+00,-3.799210060751416762e+00,-2.265376444576524317e+00,-2.966261540416788467e+00,6.838252687329308133e-01,-5.073722237902700272e-01,-4.921094810093137539e+00,2.942886489333440103e+00,-3.682797688935504521e+00,-1.330616343243776090e+00,2.373466484773259388e+00,-8.094933544756655053e-03,1.035575428833001022e+00,-5.340117739064473845e+00,7.495156938042024208e+00,-1.196089577592525321e+00,1.348362151668684339e+00,6.411680309507035602e+00,1.800975219397628724e+00,-5.585650798323732458e-01,3.411024633229336356e+00,1.645870747085852015e+00,-8.931824638818499196e+00,6.745656985405269479e-01,9.153790262530966615e+00,1.137373511485550281e+01,2.700263592586390260e+00,2.387915169401952920e+00,-3.222946124796004508e+00,-1.655216561142669907e+00,-1.380080586745261684e+00,4.115100413011388292e-01,1.077709101744440234e+00,-9.385383880832520731e-01,-5.625097679841140064e+00,-5.182683762165822827e+00,-2.041458105877055562e+00,1.454416833199914327e+00,-3.010667532464442075e+00,-4.836348355872857496e+00,-5.010950187397786415e+00,-4.505417431537982687e+00,-5.756930185965189573e+00,-3.497665918123618045e+00,-1.389356575961357620e+01,1.058771567501727739e+00,-3.520711599850575801e+00,-3.943506013227160434e+00,4.516520569128089413e+00,-4.023880470846805224e+00,-4.705759976838171710e+00,-2.476912009704263173e+00,4.481207950524987993e+00,-8.010010326769820832e-01,3.798977537292008155e-01,4.606752040542377635e+00,3.826414279874848390e+00,-1.461170727047274243e+00,-2.432864618517905253e+00,-9.014608535248878951e+00,-9.121497089120753188e+00,-9.193758950555627862e+00,-7.050256894193827506e+00,-2.241476342489948870e+00,4.742348901860003352e+00,2.058668814905882716e+00,-2.591204405301276381e+00,-6.141394726368417878e+00,-1.477209715056408967e+01,-9.981017770944678347e+00,-6.344574944056147636e+00,-1.354834924845076394e+00,-1.408448484680108193e+00,-4.597437689284887163e+00,-6.011405822799885890e+00,-9.371000091459430692e+00,2.281977372719020902e+00,-9.920765255327657073e+00
-3.668848398883190143e+00,1.674536045840194110e+00,0.000000000000000000e+00,-1.003748905350232690e+01,3.394951329518822281e+00,2.859612025883670583e+00,2.068966124455778655e+00,-2.222739584526347123e+00,-1.911056349873491600e+00,4.150153410191149028e+00,6.835512600257487748e+00,4.371577874002962716e+00,5.531283005895798688e+00,5.786677671662138422e+00,9.194578322197560993e+00,-5.764342129676784054e+00,7.898540534658351486e-01,7.516836198185448958e-02,7.134972179195979258e+00,2.432601546386731428e+00,-3.576831154597975182e+00,-4.031646691320414533e+00,-1.959557017132198542e+00,9.865009130149068328e-01,2.180433519659778163e+00,3.046069434351749705e-01,-3.499031424956168923e+00,3.725271125670225891e-01,5.844429164148889910e+00,1.239354880484471316e-01,-3.696081003717864855e-01,-4.745259175221247516e-01,-7.790048382063198495e+00,8.444541876304649808e-01,2.365486387752430808e+00,-1.795557045501254612e+00,-4.821170839658725171e+00,1.816413149075486455e+00,5.735820334001771492e+00,9.477625250546749536e-01,-1.575959912505120020e+00,-8.641295537367247093e+00,-8.293895005807245369e+00,1.076975684217148788e-01,-1.085928498614045523e+01,-3.779470771690693010e+00,5.442310787648288795e+00,9.968075600573907735e+00,2.962035378848301814e+00,-3.943999315819666784e-01,-1.357552933373209703e+00,-3.493246338357682834e+00,-4.982336261309868952e+00,-3.763878594226619523e+00,1.842245191932659232e+00,-1.463225565095316982e+00,-9.509503560391308064e-01,-2.070506150543761859e+00,1.135910223031163069e+00,2.920024883113927938e+00,3.482966685772014515e+00,8.877729749730457698e+00,-1.294953100960147263e-01,2.263725348625998723e+00,1.555067369151409640e+00,8.407271129522451147e+00,-1.726419060706426256e+00,6.619294676734950755e+00,-5.592998764897295416e+00,-8.205272678573180656e+00,-2.561446830032159117e+00,-5.529879279891114052e+00,1.955624140495195951e+00,-5.812848809169072872e+00,4.204322108154165072e+00,-1.773272151411397823e+00,3.271377288064557298e+00,3.285749391704640754e+00,3.111553990354809951e+00,4.147356557582281056e+00,-7.821037714889579329e-01,-5.862327710096917777e+00,-3.949023149058772386e+00,-2.606900166336622249e+00,4.741132069630379919e-01,-3.898588933321191163e+00,-4.061511069620849845e+00,-9.720027838882162596e-01,-6.411097612594717887e+00,-3.180662678176294111e+00,-4.781478870550076365e+00,-5.735641172955571854e+00,3.014829941098301713e+00,-5.291580885561216974e+00,-5.889558091652903116e+00,-2.043853239649910503e+00,2.022141763862747688e+00,-3.842000294330141674e+00,5.569712226540056044e+00,-9.026832424224448204e+00
1.852401492078021183e+00,-5.024331589086334482e+00,-1.003748905350232690e+01,0.000000000000000000e+00,-1.533637362693089479e+00,2.692632880265405149e+00,1.395583506767275672e+01,4.657192339967354933e+00,6.072779065412599486e+00,7.068741033465060219e+00,-4.721774624069940529e+00,3.914063474073808724e+00,1.793834938439262228e+00,5.411218920515663555e+00,5.809426257205119626e+00,2.691707493891398073e+00,1.531451874837681970e+00,9.214087948297390085e+00,2.770531152499687177e+00,1.279828662483228463e+01,9.193765828692294306e+00,5.762397365036690644e+00,6.064743117915333492e+00,4.363962316433637745e-01,1.805435178893598724e+00,2.125565906166563934e+00,2.327245128027271903e+00,3.106712181596610556e+00,-1.002182272009934394e+01,1.517035545635635252e+01,3.144456123900624789e+00,-5.011559410439044626e+00,-4.798888013943964026e+00,7.746177210347506836e+00,3.478843779136554792e-02,9.370644441026010796e+00,4.783634101934075566e+00,-3.451104464797575044e+00,6.146420258396522840e+00,7.501104598386856281e+00,6.348813869364891005e+00,8.020196516927603270e+00,1.099200303219347141e+01,2.149240589767255905e-01,-5.889914336447639620e+00,1.157649028184409978e+01,6.993543694015275314e+00,7.694586607061839167e+00,1.055463640087119792e+01,5.513753489810624409e+00,-1.343774033557231906e+00,-9.668286918405135655e-01,2.241288396735706012e+00,1.507055044124593790e+00,1.180220739492963133e+01,2.727280579576424557e+00,3.853076321121709835e+00,6.919899968366765464e+00,5.246640415773739186e+00,2.058216112982487467e-01,-1.069257773449614257e+00,-5.392522695052385018e+00,4.780751919936736982e+00,4.080517438825965293e+00,1.222264310112871177e+00,4.379237576117784414e+00,1.742827323101334924e+00,1.764504275416455714e+00,4.687633023640808361e+00,6.665248743823939392e+00,5.902221146523824125e+00,-3.763009527703714774e+00,-2.844145059165759992e+00,6.602862087500066757e+00,5.949531688222617909e+00,1.146789014670966722e+00,-2.999481629174257424e+00,6.488579535468560699e+00,3.987875669208076346e+00,-1.063695601234050825e+00,-2.108749076464601302e+00,2.600405505735786882e+00,2.127140336844143054e+00,-4.738330877998487289e-01,8.950490030351719639e+00,5.200838487233082397e+00,7.061685223397438094e+00,5.840378051293390271e+00,6.384177543594518056e+00,1.282350108469658689e+00,7.012652335993235786e-01,-2.605808375547912004e+00,4.296759560973072212e+00,3.393922629558680182e+00,8.301408924328827155e+00,6.029666406179138072e+00,8.759487006631236028e+00,4.641661464908119150e+00,1.318229975288110722e+01,-1.985064404990146025e+00
4.105149563964975101e+00,4.144892486676665655e+00,3.394951329518822281e+00,-1.533637362693089479e+00,0.000000000000000000e+00,3.266196441494912506e+00,1.125959803718435026e+01,4.058521789404189728e-01,-5.221251591017190830e-01,6.609455613437248189e+00,4.846292407242622224e-01,2.904973111916506312e+00,-9.396129067251617339e-01,-5.838106903260659175e-01,-1.058529244797107305e+00,-8.147356660479256885e-01,1.961920869363637521e-01,1.909771169110763278e+00,-5.977563813143852656e+00,4.654214074237387422e+00,1.791916029048454373e+00,-1.127325121824444887e+00,-9.602240578254247483e-01,-4.909226328855543997e+00,-8.422668277647402668e-01,-6.043195936417305347e+00,-8.532507236180276067e+00,4.746518957320786103e-02,-6.341509378605767466e+00,6.862988659712268458e+00,-8.577238669819474026e+00,-2.630357707626443720e+00,-1.377298261075903341e+01,5.675059725756723239e+00,6.169962689021455837e+00,-3.531482079615515079e+00,-2.125496367869613046e+00,1.989506356528381481e+00,4.025378627581411628e+00,3.338030944767417907e+00,-1.226882404991231468e+00,-6.223591881804173553e+00,1.345035730464420043e+00,-7.580178415770241429e+00,-7.464803827694288074e+00,6.035881427599736782e+00,5.511153883539241072e+00,4.212833334338793811e+00,9.015259136272380402e+00,2.067037974978884751e+00,-2.389620768158140063e+00,-7.941093922985088760e+00,-1.431633779797930828e+00,-1.678312320564518512e+00,2.970245205187997062e+00,3.443525438448460374e+00,-4.387262284544378943e+00,-2.316272403740958108e+00,-6.563357047095660923e-02,-8.955245968106515519e-01,-1.973895002002868271e+00,-1.145780972940348530e+00,-1.622475493940063851e+00,1.965598450086871729e+00,-7.820713231300143953e+00,-4.094472697191209876e-01,-3.621524123900205616e+00,3.008033118789219529e+00,7.168284385075821774e+00,3.490564912948582954e+00,2.462371076411671744e+00,-8.618023341286200179e+00,-2.728582458089035878e+00,-2.960009121537418242e+00,-4.912419151083663671e+00,-4.697960245722446082e+00,-9.144334796354982586e-01,-1.175362746885770804e+00,-8.637215447174344973e+00,-9.432958477689128429e+00,1.400853701296505660e+00,2.453592363217446337e+00,-6.784780559520569021e+00,-4.947809502141149451e+00,-4.909077582124306005e+00,7.527597306580934955e+00,2.787860157791138160e+00,2.383893905013488856e-01,4.928942451133149660e+00,-1.268419612032020360e+00,-3.442719421105715938e+00,-8.719626403259759684e+00,-4.489225592708445234e+00,7.407232029976029697e-01,-7.732739956796150338e+00,-4.455436451479702242e+00,-1.286391958291531523e+00,-1.177856207870803251e+00,4.720667835558642444e+00,-6.992427203349680376e+00
3.160392821156408960e+00,-2.343735278383957343e+00,2.859612025883670583e+00,2.692632880265405149e+00,3.266196441494912506e+00,0.000000000000000000e+00,1.369668768289005856e+00,2.794575715420629658e-01,-1.391791566895572707e+00,4.810613932332191034e+00,2.040597839147376469e+00,-1.988691623956753585e+00,1.162772645194622534e+00,5.759571640446649710e+00,6.464090650633757207e+00,-8.300727838171789719e-01,4.593271576151476410e+00,2.335191183685995320e+00,6.586680259474746002e+00,6.833320361626507911e+00,3.182597907758673017e+00,4.604834285851882925e+00,4.807874436476718971e-01,3.987077187086666363e+00,1.731612281254373054e+00,-1.228889796044758898e+00,1.600091446828298070e+00,3.044852895400949055e+00,2.077805822111667311e+00,2.924420751073911084e+00,-1.833399843176563238e+00,1.208339246394533495e+00,1.452374939425566946e+00,6.562738057459888141e-01,-7.327471971097456738e-01,8.018493763384679340e+00,-8.088410189636168202e-01,-7.639364477619844607e+00,2.543622598089261722e+00,-1.726486384378223660e+00,2.976586189292107054e+00,-1.310282062793404911e+01,-5.709971159125742934e-02,3.583729709392454499e+00,-2.011306981432186891e+00,1.210031614140768141e+01,8.829705932270146107e+00,8.295433256680370349e+00,7.644589001887739599e+00,2.564547390607490485e+00,3.215687087152311108e+00,-6.846514884071670526e-01,-4.704697528867348488e+00,-1.764675990427491126e-01,1.901459824780217245e+00,-1.870951576269305860e+00,-1.941468452355702978e-01,1.118196096427634956e+00,-7.013717303239351830e-01,-1.643328952928996500e+00,-9.291237288682840934e-01,-2.427825404019247291e+00,1.763077962802536813e+00,3.638184040036964717e+00,3.770558827908001565e+00,4.557091404944288549e+00,3.520717409289992439e+00,4.237736527033318268e+00,2.782485142175330495e+00,2.635583402380986318e+00,-1.796125487851243596e+00,3.053869570501875685e+00,-7.456622906334842149e-01,2.522021936580923551e+00,2.915439271723145875e+00,2.613167574703914586e-01,1.925992582316651713e+00,4.598001635114046692e+00,-1.239225647698805055e+00,1.017288924810034079e+00,-8.978733574178382471e-01,6.903814479328462816e-01,-3.991933554785200844e+00,1.158100319849022952e+00,7.868901010338209545e+00,5.081123740161728186e-01,-2.501891272449678905e+00,4.387900766260262486e+00,1.027333214489058122e+00,4.223499399107534025e+00,-8.632473924668239817e+00,-3.978421080848006497e+00,3.413473722745607120e+00,2.230871429014047891e+00,2.041567237046740813e-01,-3.131825936391584353e+00,8.388422456597986354e+00,7.766844070485725560e+00,4.119236774436657811e+00,-6.538926381953563904e+00
3.264285709073224240e+00,8.163762284636778332e+00,2.068966124455778655e+00,1.395583506767275672e+01,1.125959803718435026e+01,1.369668768289005856e+00,0.000000000000000000e+00,-1.539702978402403444e+00,-4.213900626198619825e+00,-1.661526430639960417e+00,6.371053201467135052e-01,-2.306995436160457214e+00,-1.116459963475061379e+01,-2.203169034359201695e-01,8.501300745927097280e-01,-1.906979905462670155e+00,-2.928949080508701286e+00,-1.943463519130385730e+00,-9.238882509588377090e+00,3.079904429941423771e+00,-7.088920913526293610e+00,-4.531868627346355427e-02,-3.041394358284287502e+00,-3.050970340638282874e+00,-2.044995147267706592e+00,-7.700751740422867364e+00,-1.509220963814418282e+00,-2.090279156246880543e+00,-1.327811263084043247e+01,-3.441890735605535934e+00,-7.866359684075355574e+00,-9.487163554106514241e+00,-4.844228364868463643e+00,-1.253331043150183455e-01,-3.700385713663806087e+00,1.221708983075211696e+00,1.079388870080529417e+00,-5.507708747866538523e+00,-2.498326871454850995e+00,1.582708886443122243e+00,3.678500004219174890e+00,-7.408874507751900040e+00,-6.619642616403536017e+00,-2.064526347323359712e+00,-2.607033254254452093e+00,3.147036835769922547e+00,3.609789790182753588e-01,9.482766410443576044e-01,-6.373569449104638629e+00,3.160408591334731732e+00,-5.378000702032198710e+00,-1.186180412316239696e+01,2.545345679172563713e-01,-1.330949743423489906e+01,5.670518437414729718e+00,-2.391004620545313042e+00,-7.819061020577628973e+00,-6.514055304779898137e+00,-8.673287741207815316e+00,-2.433225456087162897e+00,-1.119321275302423047e+01,-1.072491635371368091e+01,-2.200494781659399379e+00,-3.992901088781814489e-01,-2.227081489791246316e+00,-5.504235491039482397e+00,-5.501054507791883097e+00,-4.882838778380129141e-01,6.078252663820678414e+00,3.646609101173235445e-01,9.400063620565992650e-01,1.209091838082718029e+00,-6.071331144557786885e+00,-2.404254932178060411e+00,-1.891942332508473212e+00,7.343715226001150398e-02,-4.894109597686327362e+00,1.446990456000865621e-01,-4.407469757768923024e+00,-1.055279221024517788e+01,3.983925453352317625e+00,5.291734681347050717e+00,6.331727056341561521e+00,-1.629091848717098001e+00,1.417499386295286046e+00,8.855512217460344004e+00,-3.844827849585378932e+00,4.102781319316984643e+00,3.852229231349387550e+00,-3.357597464508456753e+00,-4.490086029716980676e+00,-1.681013495298839899e+01,-7.051349976793781948e+00,-1.238879956192952569e+01,-3.760741450070250291e+00,-1.958292250137263935e+00,-8.379194873886508077e+00,8.177107693026215429e+00,-4.954830459567039824e+00,-3.159254246660875509e+00
-5.408903844375570813e+00,5.690415832157195153e-01,-2.222739584526347123e+00,4.657192339967354933e+00,4.058521789404189728e-01,2.794575715420629658e-01,-1.539702978402403444e+00,0.000000000000000000e+00,5.895516497610147066e-01,-2.777370501092481625e+00,2.555719549926467327e+00,5.910585182680175187e+00,-3.368447597920913861e+00,5.504913024301381519e+00,1.307131140644830047e+00,-4.852471942297617247e+00,2.753537059285251054e+00,2.398803645175571209e+00,-9.050413437647798487e-01,-2.477583860963374462e+00,-5.650914052580828795e+00,-2.367697147423179160e+00,-7.967695985426874294e+00,-4.001914729583237573e+00,-2.951534139483189989e+00,-2.704768318380832870e+00,-7.799132496631450140e-01,5.175521144559082742e+00,-1.329119117526895155e-01,2.917403089691141371e+00,3.138223376400973041e+00,2.840406462035988788e+00,-2.921681873726937440e+00,4.850754212060686577e+00,9.327765060282605658e-01,3.512239981181285220e+00,-3.695978703765259166e+00,1.462483932519316632e+00,4.128719414141496458e+00,-2.435216182380358863e+00,-2.235366513790596255e+00,-5.520422695328103480e+00,3.367773139220812340e+00,8.246285383630509003e+00,-6.925160604258000951e+00,9.409359475261096506e+00,4.549397043957079667e+00,8.600869260608801525e+00,-3.745719907668028537e+00,-1.914975688504163331e+00,-1.110669497381643112e+00,-8.231825399106662999e+00,1.459167054505942973e+00,-4.538398388121370530e+00,1.637222549589175680e+00,-2.262403970712502765e+00,1.237441950580367989e-01,3.622661340409865649e-01,-2.684647721667532405e+00,-1.597783725551535250e+00,-8.094782065156994610e-01,-4.004444717500443396e+00,-5.191719726241045274e-01,1.902117468199109540e+00,-2.705512528115967541e+00,2.081769024806561508e-01,2.882011479960673306e+00,2.507810189189612071e+00,-1.696113400696658502e+00,-2.748940823883921691e+00,-3.748740682951974712e+00,-2.019623629575675317e+00,-2.293481286466710678e+00,9.047505076884956310e-01,4.362966495963879865e+00,-7.346668190115920538e+00,7.870353682729269273e+00,-1.987650280934976088e+00,2.657557501143142265e+00,-7.523695028934181295e+00,-2.012349470486372915e+00,-1.211071410959029482e+00,-1.734536615710993379e+00,-5.538984195914680164e+00,-1.098607936006373409e+00,9.752490563216211772e-01,-6.173701566648734484e+00,3.184468552074091630e+00,5.156293383226413951e+00,4.222485049437454840e+00,-4.233459513721295586e+00,-5.664879501669338069e+00,7.306844574165511919e-01,7.200839577554685178e-01,1.882911230707263073e+00,1.392365562037009230e+00,5.348505525985475906e+00,8.170373934612581435e-01,5.446781816106760488e+00,-1.357368308986353611e+01
5.295620946957957820e+00,-2.476837851146182601e+00,-1.911056349873491600e+00,6.072779065412599486e+00,-5.221251591017190830e-01,-1.391791566895572707e+00,-4.213900626198619825e+00,5.895516497610147066e-01,0.000000000000000000e+00,5.962037761028551763e+00,-2.222866260777474068e+00,-6.358296738687589933e-01,-3.963220027039817239e+00,1.721226948075534002e+00,-2.946910555449051117e+00,-4.317745599072210894e+00,3.733605812146283953e-01,3.326146780313626650e+00,1.040480810405937095e+00,4.984605462558477029e+00,6.804523866525177822e-02,-3.016629286385031694e+00,8.481886555230466751e-01,-1.853945476328518360e+00,3.665811467060908768e+00,1.888264661819712420e-01,-1.519092398305976407e-02,2.786687183111749566e-01,-2.439222874487601445e+00,-3.364839750597435897e-01,5.567868279720428193e-01,-3.888640310376122677e+00,-3.830748465344682607e+00,-6.271620127614852436e+00,-8.139788295598656021e+00,2.975562519703231157e+00,-6.119681615510764949e+00,-3.712838066790750791e+00,2.190459173679653482e+00,-1.378623014971066318e+00,1.113227414196773735e+00,-1.708781303656809136e+00,-3.970735192738369390e-01,1.048521667061046159e-02,-6.767968235817646949e+00,3.730288106220708499e+00,7.740801017762175107e+00,7.172149285283667020e+00,6.866112872001755463e+00,8.107795079755146170e-03,-9.124261646290289240e-01,-8.160848644783296191e-01,-4.794751888785931726e+00,-2.543944979450762922e+00,1.702295517690830096e+00,-1.943646294485584347e+00,-4.212101845691482715e-01,1.897863206631830613e+00,-5.830918010661075179e+00,1.793404534628409708e-01,-3.216914337399890744e+00,-5.824689094689190050e+00,-7.156663823784737311e+00,-5.856970495097300500e+00,-8.398763884015979286e+00,-3.151635325134053645e+00,-5.393263488106566639e-01,-3.745212544635899476e+00,-4.279870985290380681e+00,6.440393656464561412e-01,-2.896447739159157209e+00,-7.906262369073777663e+00,-1.437273907712444565e+00,-4.241945187957314012e+00,2.662964877195642011e+00,-3.022433604195800871e+00,-2.333217253021773185e+00,6.147640844475400712e+00,8.424957979044641609e-01,-4.667592840402449816e+00,-3.095449012425485869e+00,2.230143195884402463e+00,-1.009746775289145049e+01,-8.662483071640778576e-01,4.655505367125586602e+00,3.497946461586441680e-02,-4.190904123187254804e+00,4.918438412355794043e+00,-6.117289301255161682e+00,3.206711998430838761e+00,-1.075363617612442368e+01,-7.116786368411609054e+00,1.587560603991245989e+00,3.057164029644532821e+00,1.190670336634891191e+00,-5.535660025121345917e+00,4.002090638220500374e+00,-8.829782836335547946e-01,2.569024167541968495e+00,-1.178612002715748552e+01
9.834058112842800625e-01,-3.836634095762103236e+00,4.150153410191149028e+00,7.068741033465060219e+00,6.609455613437248189e+00,4.810613932332191034e+00,-1.661526430639960417e+00,-2.777370501092481625e+00,5.962037761028551763e+00,0.000000000000000000e+00,-2.691208437198596926e+00,-4.437362839127693803e+00,-3.209238098795581529e+00,-3.163843488219633127e-01,-4.602931146529392614e-01,-2.806372854490733371e+00,-1.540465815714314735e-01,5.147660739093268267e-01,-1.947932940523476208e+00,1.807314617400686663e+00,-4.739465509489257045e+00,-5.032960760789728205e+00,-1.331437726836963442e+01,-8.055029356446250510e-01,3.201993972204220551e+00,-6.115884927191900466e+00,-6.138216976239655231e+00,2.582954652795220962e+00,-5.958042013228825873e+00,-6.846312173640328735e-02,-9.473572055432404326e+00,7.589140829843190605e-01,-4.401510636076510607e+00,9.960624552781057739e-01,3.615430266296487005e+00,1.280272590394555987e+00,6.849084261632683024e-01,6.576302455449201112e+00,4.336030133148740084e+00,-1.056905586470761937e+00,4.566645995043893791e+00,-1.309071746540084458e-01,3.329949675172903856e+00,4.676125416539404611e+00,4.162089784136020931e+00,7.610587659038331232e+00,5.739317820998703468e+00,6.821685320211324566e+00,5.867354923636217690e-01,-1.395612212043331857e+00,7.799114734741677823e-01,-5.530175564775287711e+00,6.509837692575208834e+00,-3.695040090917731224e+00,-6.372256062139583399e+00,-1.925213730399929268e+00,2.236109625530377176e+00,-4.662569565992793486e+00,1.050506010737688900e+00,-1.020853252696786306e+01,-4.564566981813079849e+00,-2.645258018677258072e+00,9.253926240297666306e-01,2.789074323561446800e+00,-6.380901273749132407e+00,2.743950607399531894e+00,5.414220844004415056e+00,-4.988456065476621681e+00,4.124531664780532125e+00,8.423385145384289174e+00,-4.767801968196039297e+00,8.599237487843121031e+00,-6.881804141390006180e+00,2.762946501091282592e+00,-6.476473518383234484e+00,3.424970428573017589e+00,1.634027749952549513e+00,-7.422468111325342122e-01,-9.061385098917410730e+00,-3.117635189375108862e+00,1.251218265471787205e+01,1.492531724136123561e+00,-5.266843735380281721e+00,2.531992298854154111e+00,1.504587668886011587e+00,6.304136736639105898e+00,5.002222806947590472e-01,1.000661398128648294e+00,6.599754976076861013e+00,-5.294910666488014783e+00,1.124481025304847837e+00,2.005163371352476631e-01,1.508722710447494286e+00,-1.022350658444621252e-01,3.089705878296959418e-01,1.684668433269266963e+00,3.666022467244140604e+00,4.199642381609661079e+00,2.756942720831879523e+00,-2.695946375003356543e+00
7.108465944557750937e+00,-2.617229174787508050e+00,6.835512600257487748e+00,-4.721774624069940529e+00,4.846292407242622224e-01,2.040597839147376469e+00,6.371053201467135052e-01,2.555719549926467327e+00,-2.222866260777474068e+00,-2.691208437198596926e+00,0.000000000000000000e+00,-3.063049520549753435e+00,6.271774466531829795e-01,1.123973768247159022e+01,8.912409717981443436e+00,1.087580126746656717e+00,-3.030645374368257539e+00,-1.394105856946674882e+00,-2.080383458382113748e-01,-5.889891852479155254e+00,-4.566781769883070830e+00,-7.067849242244044206e-01,-1.228994130285179009e+00,-1.018826334967845249e+00,-1.260213763077044247e+00,2.001218698628867365e+00,1.617430756426857297e+00,6.451960750955960222e+00,1.299414833203763386e+00,6.519147247216584562e-01,-3.820436508003574705e+00,-6.248878381820047068e+00,6.357900076704763315e+00,9.566181078467787202e+00,3.365753934271019432e+00,-6.534487187363758665e+00,-1.825174102938634801e+00,1.701244305656554712e+00,6.854533617528599798e+00,1.127710409265601621e+00,4.446576306729438599e+00,-1.806388717045926517e+00,2.480199236067402779e+00,-3.960608095025732606e-02,6.581259767340125855e+00,9.311245129731444692e+00,5.777115272214900621e+00,2.040345081833288887e+00,1.677495243042300466e+00,-6.172648736639474443e+00,2.689490778975575758e+00,-2.389327794327754440e+00,8.131635785725151777e+00,2.139658811198172472e+00,-5.467366319936951546e-01,2.835271483628149999e-03,2.682874894866200677e+00,-4.602681080627942123e+00,1.946529475825832245e+00,-2.576515176306279908e+00,2.714067589163788430e+00,8.470985025832682147e-02,-1.868902377697846839e+00,8.342906099103720052e+00,2.073895600360990521e+00,3.490703898655258541e+00,2.467462300006092679e+00,-9.097473511697595328e+00,1.186047832591325957e+01,1.146086572926761882e+01,-3.099460346032990365e+00,6.907175216729661393e+00,-6.145778836673691181e+00,1.287604997773522086e+01,-2.743853417818912011e+00,-3.935735976558771831e+00,-3.476394136336102836e+00,5.248716198508124542e+00,-2.193929401442156202e+00,-1.046573454950140025e+01,5.428507728354397877e+00,2.782624374875082740e+00,-4.524750593212160110e-01,3.735311482808115091e+00,3.628408962721830555e+00,7.444998847565498679e+00,2.686881384571954134e-02,4.202209431254671834e+00,4.853188297891144032e+00,3.580630537450906203e+00,-2.379708729855435578e+00,1.683896134147959023e+00,8.787930302359734824e+00,1.235274953587921276e+00,4.745236129065514952e+00,4.159156632833386769e-01,3.994362828917239927e+00,9.304649104512455082e+00,1.664949594132338673e+00,-2.543322433437063546e-01
1.001466355488514459e+01,5.663956211400639207e-01,4.371577874002962716e+00,3.914063474073808724e+00,2.904973111916506312e+00,-1.988691623956753585e+00,-2.306995436160457214e+00,5.910585182680175187e+00,-6.358296738687589933e-01,-4.437362839127693803e+00,-3.063049520549753435e+00,0.000000000000000000e+00,-7.227030525042262843e-01,1.207236576476099943e+00,4.952578376707520214e+00,4.968042235183858235e-01,-4.492467725342332407e+00,-1.610599343201222000e+00,-4.589536460931948447e+00,-5.050736068482581942e+00,-4.092579219265741308e+00,-2.367383572889750543e+00,-6.246679081900918362e+00,-1.821725409764876291e+00,-4.070202258478646584e+00,4.060943642481680271e-01,1.270864731308764206e+00,2.036773795417952559e+00,-5.674142029005452059e+00,4.944939712942538534e+00,-9.450369120382436705e+00,-2.562003166897267814e+00,4.680233043124679249e+00,-2.755795218175945305e+00,-6.460907039334032320e-02,-5.145057325146537686e+00,4.397594356168837287e-02,-4.145708669254053902e+00,-1.563651632914213385e+00,5.152088457451964310e+00,-5.401688626715477753e-02,7.161886282571967577e-01,-4.449348624773650229e+00,-2.977347431167546521e+00,2.194207360217279579e+00,8.386423709907528945e+00,2.670469142228530490e+00,7.176192908524416048e+00,-4.137360000431193896e+00,-1.084656986423768643e+01,-5.022464384018503480e+00,-5.218168138513745724e+00,2.685765264765270111e+00,-7.103840150077487259e+00,6.467258295976806792e+00,2.892644881377698596e+00,1.432527189497516007e+00,-1.234644852678005833e+00,8.207133981750267537e-01,-2.048937884588012182e+00,-1.490320541510233410e+00,1.377037234328972959e+00,-9.898078126302709556e-01,2.370230943989293682e+00,-4.150212239277828452e+00,7.777021350755018991e-01,-1.711197806783486541e-01,-6.975691367577371516e+00,4.642056325432307062e+00,7.409570074836772768e+00,-4.068243002694008403e+00,4.562270029132613480e+00,-1.236458600180821144e+01,5.066317994973764449e+00,-4.241090862890850133e+00,-5.895718885153628186e+00,-2.313802923001585299e+00,1.578270684872389973e+00,-3.112347878700697290e+00,-6.827678152515188614e+00,9.282728860779574376e+00,8.427362132029246666e+00,2.044508757587971459e+00,4.636866764236033944e+00,-1.760448071173855489e+00,3.796012480171595982e+00,9.652407624166505329e+00,5.516995659754062586e+00,7.639929837972033511e+00,3.186592656108644395e+00,-8.452185825388372820e+00,-1.160835832931584122e+01,1.739570248326264279e+00,-2.151958991481618177e+00,6.678331879073458488e+00,-6.614274831195655402e+00,-4.229537571717557065e-01,7.401327035970815871e+00,-7.038625155478616113e-01,-6.192357113802391844e+00
4.548939193192760300e+00,-1.493138249946825979e+00,5.531283005895798688e+00,1.793834938439262228e+00,-9.396129067251617339e-01,1.162772645194622534e+00,-1.116459963475061379e+01,-3.368447597920913861e+00,-3.963220027039817239e+00,-3.209238098795581529e+00,6.271774466531829795e-01,-7.227030525042262843e-01,0.000000000000000000e+00,-3.507604627692173516e+00,2.410632431343228799e+00,2.413906898237826226e+00,-2.170001377297900547e+00,6.450340966316101543e+00,-3.159882680970016455e-01,3.524856759457124955e+00,-3.948158048632413930e+00,4.821356378360208694e+00,6.637379976677999505e-01,-2.384368667142047205e+00,-4.081513431234314204e+00,6.209644831501480056e+00,8.495131138920370972e+00,6.728420983663539801e+00,-5.506818624236743398e-01,4.541431095956300013e+00,-5.796541531377458867e+00,3.740173067927003547e+00,-1.024267703525404860e+00,4.160274168971021425e+00,5.070057415778557619e+00,2.157001889277129214e-01,-6.226917326141872877e+00,-1.039758648414875530e+00,5.668766976268057034e-01,7.543736745736399740e+00,5.765679872396698435e+00,5.489645755596179733e+00,3.134031384915117346e+00,2.847781557022805998e+00,4.638660753393621050e+00,2.860472626959646547e+00,9.126746806512286980e+00,2.175017198544537234e+00,1.904642763294996266e+00,-6.258158360691033373e+00,2.858190945544520023e+00,9.810528753419156534e-02,5.604089994439071631e+00,-7.741799195536638867e-02,2.558316845065419454e+00,6.233596330118981177e-01,9.191979228443008409e+00,3.623993465261009739e+00,-1.240814316078529655e+00,-3.098739254446808977e-01,-3.542691133428825356e+00,-8.214258603030509809e-01,-6.086986955646160879e+00,-7.006239263504698833e-01,-4.025633771176912568e+00,2.795123752417679519e+00,2.313299443545499212e+00,-4.876708212457088187e+00,7.429859431955873283e+00,1.508177231778580385e+01,-9.314683501806083621e-01,1.059342025390085595e+01,-3.680831005731129313e+00,4.998628662243256748e+00,2.052328405555330804e+00,-1.228636454571517334e+01,-6.006716997000404845e+00,-2.142951240694757620e-01,-1.403512479433889792e+00,3.158910046121871096e-01,-3.632956368143413606e+00,5.367087169538682645e-02,-1.723018539331039323e+00,-1.084901627914548916e+00,1.308479655434644284e+00,6.980903075721806239e+00,1.009705354830647162e+00,5.170113229940031196e+00,1.660384301890898362e+00,4.239079656641365546e+00,-7.736871724998353628e+00,-7.170706355528523979e+00,-1.638669246964509663e+00,3.629139334329877009e+00,1.051490181588720141e+01,1.348146527007619278e-01,5.096547362717489982e+00,5.360302961857092541e+00,7.121950299985428501e+00,-2.573623797194279028e+00
3.965121490417503392e+00,-9.714470765372713146e+00,5.786677671662138422e+00,5.411218920515663555e+00,-5.838106903260659175e-01,5.759571640446649710e+00,-2.203169034359201695e-01,5.504913024301381519e+00,1.721226948075534002e+00,-3.163843488219633127e-01,1.123973768247159022e+01,1.207236576476099943e+00,-3.507604627692173516e+00,0.000000000000000000e+00,9.489620932436843015e-01,-5.876587803844647517e+00,-6.113859571902096945e+00,-2.048176812914069611e+00,-3.890074756397145173e+00,-2.429940781632697000e+00,-5.963801732129547339e+00,-6.760547142555176414e+00,-1.612336551426710951e+00,-9.314101163169810960e+00,-4.295547694018884144e+00,-3.162353560100481964e+00,5.631995888104330827e-01,-3.509612787092268427e+00,-6.184173290201945505e+00,1.360490491295556437e+00,-1.189847639319812167e+01,-1.778928714081150053e+00,-3.045169033117600677e+00,-2.689728383927353583e+00,-3.352068471448897746e+00,-1.026922484997906615e+00,-9.205305469766850379e+00,-9.594875612567625112e+00,-4.284111526158313588e+00,-9.002255194805572458e+00,-6.288129875477389774e+00,-6.837337404486103942e+00,-1.531372864654047206e+00,-2.552712336173890151e+00,-9.764786398603655826e+00,4.163463720712341498e+00,1.285780201810503565e+00,-2.311295002016147571e+00,-2.004360709206210789e+00,-8.788348384492197241e+00,-8.823906092420066294e-01,-3.666854430975519996e+00,-4.812076020747874772e+00,-5.479965132795987515e+00,-2.949330636637617631e-02,-5.419572278966288792e+00,-1.158741764482171532e-01,-3.021603935158510001e+00,-6.479760440110506003e+00,-4.442279285098184261e+00,-4.722938713242862185e+00,-2.466887185666731153e+00,-4.183521801091922399e+00,1.083132947937452822e-01,-5.271512513131000333e+00,1.211702369854902761e+00,-7.927920458264607007e+00,-5.771132872654332502e+00,4.224012019580967170e+00,-1.187351731728120419e-01,-1.197006414294572352e+01,5.363957031772813799e+00,-1.026186971201626896e+01,3.819402130667432615e+00,-6.525000086305036362e+00,-1.014896955790667121e+01,-6.969849094351546093e+00,-2.328312705556183082e-01,-3.917991539931124922e+00,-4.008009357386779214e+00,3.557469052390012099e+00,-2.672868847388264246e+00,-5.039447561749391014e+00,-4.052152666450781204e+00,3.470123776332788790e+00,1.538692113944743589e+00,-3.661884350324010384e+00,1.513416669686822869e-01,-5.830083125672753219e+00,-9.424091657901828567e-01,-7.215193231948298092e+00,-7.418225902014190964e+00,1.109808118470613669e+00,3.822206347638701374e+00,2.644125041357748618e+00,-9.207277355733060276e+00,-1.768514541811790908e+00,2.677294233771653875e+00,-2.704363537281390339e+00,-1.550181741079472708e+01
3.689641749804005499e+00,-5.243860108586035018e+00,9.194578322197560993e+00,5.809426257205119626e+00,-1.058529244797107305e+00,6.464090650633757207e+00,8.501300745927097280e-01,1.307131140644830047e+00,-2.946910555449051117e+00,-4.602931146529392614e-01,8.912409717981443436e+00,4.952578376707520214e+00,2.410632431343228799e+00,9.489620932436843015e-01,0.000000000000000000e+00,-6.031638343855556528e+00,-1.019140560333411472e+01,-5.796064715068929285e-01,-2.441247883298924393e+00,-3.496819551375013546e+00,-8.288572651536656011e+00,-5.176950357049037166e-01,-2.190710462907405898e+00,-1.051287916372226583e+01,-4.553689971698396732e+00,-6.487135350386512123e+00,-1.778654023700690701e+00,-4.624799914049617655e+00,-2.719660062958736635e+00,-2.953188768773691741e+00,-1.130839992506562020e+01,-3.886899959623211220e-01,1.682150796537241755e+00,-1.727323031245258989e+00,-1.330261313936310641e+00,1.263632629709096733e+00,-6.539031467374546658e+00,-9.143960097975792678e+00,-4.336492412565760901e+00,-4.570575668706220895e+00,-4.045618025510584914e+00,-8.110092250161443417e+00,-4.941371048211836481e+00,-6.488431939329544207e-01,-7.011819830076633231e+00,1.142327447020160092e+00,5.601601411964235666e+00,6.020024780472601478e-01,-9.689785260360903152e+00,-5.399983196647963446e+00,-1.707815895001178585e+00,-1.150892389599683929e-01,-3.724482804402040603e+00,-7.490147983163958578e+00,3.739289848710017683e+00,-1.669369119859897221e+00,4.694706196162613310e+00,7.205090737857035021e-01,-5.651767882122530118e+00,-5.555403849364743074e+00,-3.918555859239859718e+00,-3.845581807138309216e+00,-3.874316680141869362e+00,2.486166192722530699e+00,-4.910357956071906393e+00,-7.446606436536795659e-01,-8.600467829556139421e+00,-5.532717792453066608e+00,4.986710868406548647e-01,5.510066470648298242e+00,-6.760750232169085550e+00,2.914956159230959187e+00,-7.194838753891212413e+00,6.415044050085263461e-01,-8.803290711207056418e+00,-9.932042252487379486e+00,-4.689118229258716575e+00,-3.627042485359925461e+00,-6.553337188507890154e+00,-1.123349197878784800e+01,-4.377432455906702380e+00,-4.569584317122055594e+00,-4.572662250310228771e+00,-1.208848638612797721e+01,2.623817783285485206e+00,-9.774891628511710451e-01,-6.312952425074997542e+00,-1.265950707515434703e-01,2.490515736845845929e+00,-1.277431446877942856e+00,-1.213507351621280606e+01,-1.013163756137052474e+01,-5.797856488346272208e+00,-6.371757415671426727e+00,6.391498182581571985e-01,-1.013104274318686748e+01,1.534867552772135046e-01,6.772473718431808010e+00,-2.878746895050410703e+00,-1.205950442643330511e+01
