0.000000000000000000e+00,-2.003344445765125492e+00,-8.391203350762594937e+00,4.112420848765700576e+00,9.233623510803162793e-01,-2.675755611260682842e-01,-2.378903868307590042e+00,-4.828450648749956220e-01,-1.523113644777803311e+00,-1.685026493864248520e+00,1.562623006469559428e+00,-1.749599673999913785e+00,9.976927508348666152e+00,7.935840136260970290e+00,1.422798831166029210e+01,4.764271356427696169e+00,4.655440370724737598e+00,7.064145407200366655e+00,5.436220271067469412e+00,-3.561250531830316923e+00,2.687578665366596731e+00,1.583859043537825473e+00,5.201515645202089644e+00,-6.871311187658704078e+00,-3.762378296440690217e+00,6.279042184291871109e+00,5.464244910617334083e-01,1.489073166606973642e+00,6.827581749779287001e+00,2.889972801088946941e+00,-4.826432264284869628e-02,6.725272380709527376e+00,-2.241271721209909362e+00,9.957393853915926796e-01,2.833092136903568647e+00,-1.701931890857168339e+00,6.811991309539272343e+00,2.238512132729014059e+00,6.378976345843917484e-01,3.429704433514204176e+00,-2.176793091908851174e+00,7.856525736031876317e-01,1.057749745816766174e+00,1.237682472702788417e+01,1.723872714667509909e+00,1.608710098151652224e-01,6.567236159881931101e+00,2.942096266851865760e+00,-9.852097977488824654e+00,2.454118538786017822e+00,8.020612969800833270e-01,-6.296533684776788320e-01,3.904427527923208796e+00,1.401273008238967721e+00,1.972975322277920496e+00,-2.487362690256769149e+00,1.619384250670650838e+00,-4.121409356845130989e-01,1.738610116074990941e+00,-2.111789037720174456e+00,-6.440896127008982397e+00,1.027677019450221252e+01,5.547924564863209618e+00,7.747926621176935313e+00,2.962423745166238742e+00,5.400740534119313097e+00,-6.276654408977484501e+00,3.801449175589922902e+00,1.470564234304085616e-01,3.848190642027936814e+00,1.147766657796895684e+00,1.265634266329358770e-01,2.273136419326327484e+00,3.156424378323058111e+00,-4.016942611928405071e+00,-1.336737029629661011e+00,5.999402744155151623e+00,7.428220175779234324e+00,-3.857059345230981484e-01,9.002899095506837313e+00,4.814823012942979652e+00,-2.400985538701929212e+00,-3.406938037176074019e+00,-5.982586256790636270e+00,-1.965852655015549511e+00,2.159358229800738993e+00,-3.108552175873624090e+00,2.930924473215322568e+00,4.788705850449601620e+00,-2.762083108784335383e+00,-6.034095188868795034e+00,-1.837523239589883728e+00,-1.434743229854231972e+00,-9.981547125529177222e+00,-5.360075764486734728e-01,6.743780899512506366e+00,6.102081317868710109e+00,-4.571467068799022204e-01,-1.957048123240410220e+00,3.817403294625195898e+00
-2.003344445765125492e+00,0.000000000000000000e+00,-1.005110670381949411e+01,1.986470026378283515e+00,1.592114660932592296e-01,-9.822563409288632696e-01,-8.496674700880615383e-01,4.145921836408541949e+00,-1.512100017502794991e+00,-8.063144466159331003e+00,-5.825373826713646785e+00,-7.620068893123087328e+00,2.545200936847492046e-01,5.094757665397910973e-01,1.661044010293160067e-01,3.775802992383159307e+00,2.310748470293067403e+00,5.417535814324924814e+00,-2.517272202783460977e-01,1.072638924679824024e+00,-1.676121982059197935e+00,-2.513245238511270685e+00,-6.172044233399224034e+00,2.704653011569828069e-01,-3.172247359335453876e+00,1.386585587530025698e+00,1.408844087014560209e+00,-4.028140963982713707e+00,-2.265468234532525216e+00,1.819136415026597620e-01,9.446371596974263429e-01,-1.812183684035433284e-01,-1.184862967969806613e+00,-4.694708716578143815e+00,1.216626068959845375e+00,-4.003959715630883487e+00,6.626084234220442903e-01,2.915966152366989750e+00,1.040510499161374086e-01,-3.306620945338714646e-01,-5.991675565396748837e+00,-3.276186926394513144e-01,4.813546742239420695e+00,-5.249809827756729774e+00,4.846467555869022448e+00,3.576985744569673997e+00,1.313035133771022656e+00,1.311897169583901679e+00,-4.063069006359259383e+00,-1.792888334100810388e+00,-3.127192667189894415e+00,-4.168619489843454762e-01,3.023980285973503435e+00,-1.623526787425352058e+00,1.264189737357611198e+00,-1.065124205547352432e+00,2.957834206465661975e+00,-4.319099117057708104e-01,1.318806559815768997e+00,-5.090174338078682581e+00,-1.201042433582272251e+00,1.341382161860870781e+00,7.984692368041383936e+00,3.545697645074116444e+00,-4.412195794876857313e+00,-5.084634495195182069e+00,-2.089654966349300258e-01,-2.186130511835657764e+00,7.675024522825353301e+00,4.683783278876865630e+00,1.689909516914336107e+00,-2.557996821109493002e+00,-1.761131269231907881e+00,-2.543290642416323522e+00,-3.211185573833236884e+00,-7.629447344397455311e+00,1.402991631876628453e+00,2.496419369189641912e+00,1.137439283932880851e+00,-5.951085323219397205e-01,-5.734285567748664825e+00,-3.975708912755425040e+00,-6.108833492457247383e-01,-6.227823491663956545e+00,-2.805416935711632753e+00,1.945606459645655928e+00,-1.120930333034320769e+00,-3.459948265206266527e+00,-6.172637374226973783e+00,-1.283301028383595721e+00,-3.033030381001212028e+00,-1.388312613813206031e+00,-4.639037610988667737e+00,-7.126330666768822653e+00,4.479931474640409306e+00,-1.110914388928589958e+01,-1.805041355363206534e+00,-1.088834066811689461e+01,-2.495591744518311117e+00,-3.213594356734185364e+00
-8.391203350762594937e+00,-1.005110670381949411e+01,0.000000000000000000e+00,1.159834878837697936e+01,1.037590702283671540e+01,8.395175993644620860e+00,1.040098491848418050e+01,1.396329752707369387e+01,4.227662295092393663e+00,6.529097068959044847e+00,6.907398675791185383e+00,1.985591762566400131e+00,3.742056507076145788e+00,4.640623549472474352e+00,1.953003765532575153e+00,1.485804109787449079e+01,3.123623713298794513e+00,1.212684624751013196e+01,3.022552266435340584e+00,3.908557607458030603e+00,-1.745081877767081235e-01,1.175584423351973307e+01,6.502376403958741058e+00,1.417760434424762295e+00,3.454019919225973734e+00,5.568649786569520366e+00,8.194195318746976042e+00,7.189431036511690465e+00,-3.553652295891698842e-01,1.280662544580024509e+01,2.477048704390043543e+00,4.301813099810366303e+00,4.854834548370914327e+00,7.850403838209535579e+00,1.393462909502493652e+01,7.066327758749483046e+00,4.296962205161791171e-01,8.309620743821302113e+00,8.836044971792670566e+00,1.249511260399644108e+01,3.553004225354487566e+00,4.511354747359257900e+00,1.672357275406621824e+01,2.025719192004538538e+00,5.847078682014468676e+00,1.150214788885895523e+01,8.675903888835394540e+00,7.380078354840879484e+00,4.731535939895850085e-01,5.351612002567773807e+00,6.949704494943582667e+00,8.712656744950647791e+00,1.469276346945197176e+01,8.301207096659757312e+00,7.104469388562606014e+00,2.096703038408448183e+00,1.029560511713524207e+01,5.195548695774122372e+00,1.502396760436179335e+01,6.526391342311939070e+00,5.255338398713242043e+00,4.427871937696850502e+00,1.201904463240945731e+01,6.470815373039182639e+00,3.936333393351064469e+00,2.470330830511104026e+00,5.870539477284647312e+00,5.536848833329194974e+00,8.748466899454433232e+00,8.142822204424122745e+00,1.260819389228918563e+00,5.349982848587401030e+00,3.375264364850900645e+00,6.435388121341361067e-01,5.303240783884058729e+00,8.951368589902800599e-01,5.273467390807510924e+00,4.041352476912506431e-01,2.453982515819522980e+00,2.061179626036544033e+00,8.936167306165174296e+00,1.530977412884793498e+00,2.017311117275100707e-01,2.518822354464241631e+00,-3.921149240587985529e-01,6.267983999159129738e+00,3.331455301927061630e+00,5.635575548263690671e+00,1.381712715058824426e+00,-5.243270389932337405e-01,8.166284913021678804e+00,5.741440903838128662e+00,6.817230689671998078e+00,5.618872642485430724e+00,1.267729518852197756e+01,2.631355393383448149e+00,1.238366575847055628e+01,1.492641928368920068e+00,5.943272223319962855e+00,4.622771833773086314e+00
4.112420848765700576e+00,1.986470026378283515e+00,1.159834878837697936e+01,0.000000000000000000e+00,-2.092946305120650496e+00,-2.707945905079660154e+00,4.858457810829420076e+00,1.410594889086321357e+00,-1.596836403940439908e+00,1.578529096867601067e-01,-4.646966412219766807e-01,1.186141993549891249e-01,-3.893606744419374266e+00,2.866857979367656739e+00,2.660030217580986900e+00,-5.092866044059694008e-01,3.132859584196705516e-01,-1.059740629998670247e+00,-2.307447340039508354e+00,-3.080660644722498787e-01,3.124119384994044513e+00,-9.974013047005583221e-01,2.991505009174276530e+00,-4.219681032649165608e+00,4.158037018876838409e-01,4.253658262809865698e-01,-3.078201069563855086e+00,2.660666515759128714e+00,-6.036228288096669170e-02,-3.533969832669442646e+00,-2.076108134826364637e-01,5.315110885964726251e+00,-6.538609203333201059e+00,2.764252527764273992e+00,-4.439312697963246457e+00,-1.486191377389611379e+00,-1.023693345197014937e+00,1.178702493982459520e+00,4.921053017466901380e+00,3.708563419171078124e+00,8.712476486465300596e+00,-1.898087938861855450e+00,-7.922551876257715175e-01,-6.040223613151651794e-01,5.549300942451147911e+00,-1.277629784954610548e+00,7.058333625243077947e+00,3.435206520788435025e+00,5.398539060933858380e+00,2.232888333090639055e+00,5.381095440682722719e-01,-6.518795191353715657e-01,4.776265293843854343e-01,2.344591503542118538e+00,-2.845541979181078318e+00,-4.544971744842007944e+00,-9.397009644314424648e-01,-4.337650928577437170e+00,4.686898391400389663e+00,-3.977787852312475447e+00,-7.431472103814235064e-01,-1.598992030749957216e+00,-1.458905685878712388e+00,6.339909781675928002e+00,-1.111946791431300152e+00,5.640578814692212006e+00,5.667246288660786391e+00,6.400575813261414559e+00,-4.160366562923573097e-01,3.254629619548289610e-02,-2.838803742177072875e-01,5.921369238372498067e+00,5.675267263383201310e+00,4.108568510666524287e-01,-3.870961987715175745e-01,-1.464289657318607718e+00,-1.413601126600281699e+00,4.515526693180839324e+00,6.384776336863853707e+00,2.068502891141986488e+00,3.693500460167430166e+00,1.510512938998406884e+00,-5.257763838415621116e+00,1.963797542312299083e+00,4.971836235547912430e+00,2.862757055571972575e+00,7.609878914899854685e-01,-3.698957882376994188e-01,-1.922288846560450404e-01,2.418350848611825477e+00,1.779285814424738099e+00,4.325061375646501283e+00,3.646304217463616659e+00,-2.025326824215342381e+00,1.426423422158432208e+00,-2.167555408865044164e+00,4.766403391690819724e+00,3.529758833179168942e+00,1.575724531893662572e+00,5.999809679632324144e-01
9.233623510803162793e-01,1.592114660932592296e-01,1.037590702283671540e+01,-2.092946305120650496e+00,0.000000000000000000e+00,-5.746806760181254470e-01,4.313825297037710449e+00,4.860913099421897421e+00,-4.876112637302880692e-01,-3.177705471972754658e+00,-2.322909485479281333e+00,-2.862019921545887691e+00,-6.468446223740047074e+00,1.035897675847601729e+00,-1.162645848969461548e+00,3.034633403226147053e+00,3.648554194102533899e+00,-8.363376939611445460e-01,9.941929568258879302e-01,1.514366432878780477e+00,1.395239691061350484e+00,8.783047563095163213e-01,-2.512866545877881830e+00,-4.433430329679014292e+00,-2.170377806708899904e+00,-3.087887465252144303e-01,-1.883619979928921495e+00,-1.040113160207875920e+00,-4.457308277935929652e+00,3.307292345819062174e+00,1.178747755337851011e+01,2.626960696933014816e+00,4.486177544752464996e+00,4.019653129157886973e+00,1.389673073908738399e+00,-1.137129001796615135e+00,-9.962960742182356277e-01,1.245228852523875318e+01,3.728323404169652910e+00,1.028048988824608934e+00,1.478865280125346349e+00,2.801685622879354742e+00,6.125730450306059893e+00,-3.703468114043587889e+00,3.937722906518077881e+00,4.428558239270069308e+00,8.343381126823629090e-01,-3.384004089158642259e+00,3.504016545802555616e+00,4.123702820947205083e+00,7.234207196145843177e+00,-5.643446936367283451e-01,2.492534878776258012e+00,-2.117832284832601303e-02,7.458555443270381557e-01,1.273283595492683773e+00,4.813154663198845329e-01,-2.594229550935310602e+00,3.779171777862240234e+00,-5.719467572126236021e+00,-1.786273282607951041e+00,-5.893403683166533291e+00,4.140577685443459721e+00,4.853854145181681901e+00,-2.312834591129634632e+00,-1.401206008789426471e+00,7.061268802824002044e+00,3.764194792894584918e+00,2.974654990084196537e+00,4.823205256152089948e-01,-2.321808763084111771e+00,-1.852802797964569592e+00,5.007229671578393715e-01,4.273253259084849320e-01,-8.263325883554224482e-01,-3.841807640192285156e+00,-1.117384040476210538e+00,-1.207051855310496080e+00,8.318715676466799991e+00,-4.113269543511401061e+00,-1.234339151109671739e+00,-5.789340147241327506e-01,4.743696486237674925e+00,2.731102192798090744e+00,3.927754895719052008e+00,4.797163378100494313e+00,1.186838372581456413e+00,-2.969943893661918022e+00,-5.812524542303656450e-01,8.382861548874551844e-03,-2.864066402313286686e-01,6.577743120142623745e+00,-3.112565772995838032e+00,2.963173127509725058e-01,5.300051151896626678e+00,-3.214657797580064535e+00,-1.537796991463628027e+00,-3.596636119547115484e+00,2.951370856198181070e+00,5.733550736996778419e+00
-2.675755611260682842e-01,-9.822563409288632696e-01,8.395175993644620860e+00,-2.707945905079660154e+00,-5.746806760181254470e-01,0.000000000000000000e+00,3.389520283499599884e+00,8.399843809741836864e+00,-2.673260016518033133e-01,-3.027995828497623165e+00,-2.878181390323780953e+00,-1.072647173505004270e+00,-3.293834335172663330e+00,-1.273009016703031460e+00,6.985117458382278377e-01,1.839827883517666907e+00,5.737316526560105601e+00,1.850934268595330945e+00,-2.060305225079069213e+00,-2.638451808311240154e-01,3.909651994646058171e+00,6.816834342440521333e+00,-1.255786011170428651e+00,-5.831575884821690536e+00,3.136041739457242183e+00,4.540726330535765243e+00,3.416253734841808942e+00,1.223399111855089982e+00,-5.664397871677680385e+00,3.604865700957162300e+00,6.872509208636165212e+00,3.858420437206444564e-01,2.228104720105276826e+00,3.381476214363723365e+00,-3.524370496020112764e-03,6.951567738817611142e-01,2.444072377865119106e-01,7.481666080818401454e+00,-2.156665669965396326e+00,-3.420035340212826735e+00,2.391076563847368774e+00,1.179417872784587068e-01,9.897458632265463407e+00,-4.472547160816521483e+00,7.404616392681313553e-01,5.746380875193317195e+00,5.743875222630632216e+00,-6.096599021486030168e+00,-5.609705508646053218e+00,-9.148667430414163526e-01,5.047608641927624262e+00,3.573626713373163621e-01,5.233867166897558043e+00,2.702313728795581849e+00,7.633103908057270459e-01,2.014011334094079064e+00,4.774882841894660501e+00,-1.798242368259722390e+00,5.952489016466365079e+00,-9.087723074903834020e-01,1.166646925420325775e+00,-6.685686612901001746e-01,7.801567690793175913e+00,6.700285286287810393e+00,-4.654735013380398634e+00,6.339414164172698651e-01,4.881141686050710859e+00,2.533666229218431543e+00,2.807314221039854285e+00,3.177199842469107249e+00,8.392225334119431945e-01,1.672755597734179478e+00,-8.622263949886880274e-01,-1.314743285019783769e+00,-2.021658216783358775e+00,-5.322966558290552541e+00,-1.776002059011396961e+00,1.331965216889118730e+00,3.363167345976237677e+00,-4.811408317205734808e-01,4.682176492769711373e+00,-3.669313986707134045e+00,2.283948341220974676e+00,-4.135134126383242403e+00,-6.582314593819361015e+00,2.993275286579081040e+00,-6.077641481634454834e-01,-1.369406341397714666e+00,1.040059183464496328e+00,3.323802039061283242e-01,-5.623453664976776345e+00,1.989089854332807716e+00,-1.183271004839064222e+00,-2.634479655198059156e+00,6.933558937670940558e+00,-3.618265518884652199e+00,1.337011552362734168e+00,-4.564231081021226544e+00,3.246610896577631244e+00,1.655897370366831989e-01
-2.378903868307590042e+00,-8.496674700880615383e-01,1.040098491848418050e+01,4.858457810829420076e+00,4.313825297037710449e+00,3.389520283499599884e+00,0.000000000000000000e+00,4.211905147577110320e+00,1.548466324318874543e+00,-6.758501536958252953e-02,-2.643779077210827388e+00,7.232885560737635500e-02,-3.686851784119577591e+00,3.484380683035591009e+00,2.298239249313147159e+00,3.445710196221675847e+00,-8.868037600962807687e+00,2.190159368392917028e+00,-8.400618789234731709e-01,4.132696816732240208e+00,5.440866721292282548e+00,1.842567521569241196e+00,2.377382576190307351e+00,2.763877139649133063e+00,2.244385974311483789e+00,7.370003273975746616e+00,1.966189699671056390e+00,3.533022721252236042e+00,-1.709529629021468988e+00,6.005159705386022395e+00,3.048598622620553034e+00,5.322325792837377278e+00,3.205984928175902748e+00,-4.107976312361908966e-01,1.572589784974234739e+00,-4.852169082741486505e-02,3.188197377925729548e+00,3.032758990710074265e+00,3.011647106663485118e+00,8.876207545774216001e+00,7.987166198672279727e+00,3.962187749263735848e-01,6.300696098879933205e-01,1.335548602998442469e+00,3.174576221865622827e+00,-6.237806198649915590e-01,5.196227746684654925e+00,-6.521693186946545540e-01,9.081506494476963010e-01,2.382803111481162361e-01,8.213363673541950405e+00,6.613588197502567878e-01,1.727405225048697979e+00,-6.843926701870226559e+00,-2.421119747065226147e+00,-2.301749437278968746e-01,2.203979774808313863e+00,-4.620201556142130572e-01,1.878615096541921270e+00,1.106079498585300636e+00,-3.852937488096361385e+00,-1.870983991723943252e+00,4.340517840092981694e-01,7.987257973919093423e+00,5.256873819723358210e+00,2.672445037710175608e+00,3.275838855908958624e+00,-1.907034649792311187e+00,-1.952702369276151595e+00,-4.055058592216471247e+00,4.943357515784070344e+00,-3.797196630422705610e+00,1.939989412987589201e+00,2.615063078413200515e+00,-2.709193353483134281e+00,1.057011203714627534e+00,-5.366129774404311270e+00,1.192946265322831989e+00,-3.994515881042849659e-02,2.528056603023524751e+00,1.054587878547450286e+00,1.463757832635141032e+00,-5.443359350089671089e+00,3.649266725263131228e+00,4.159458860132871472e+00,-9.430218424025175183e-01,3.102537299110466051e+00,-4.943672290708570616e-01,3.200452898289015691e-01,-7.741540313509990057e+00,2.825895057644199238e+00,4.881026272139449951e+00,1.035684589806814593e+01,6.929423564991140649e-01,8.942414181986064747e+00,-5.218735480337799437e+00,2.188388993462281107e+00,-1.249241780961318549e+00,-8.007673329770540471e-01,-6.797024880657959178e-01
-4.828450648749956220e-01,4.145921836408541949e+00,1.396329752707369387e+01,1.410594889086321357e+00,4.860913099421897421e+00,8.399843809741836864e+00,4.211905147577110320e+00,0.000000000000000000e+00,-2.358201187003740706e+00,-8.770400021650122113e+00,-1.183066760755417235e+01,-9.075794050178354055e+00,-3.578911541423447584e+00,-7.334172692043653408e-01,-3.436899888525803526e+00,2.409757163099508936e+00,-5.802329695642579388e+00,2.829553767482700710e+00,1.724975111390664173e+00,-3.955513494053167545e+00,-5.131024125609019215e+00,-6.556833526880432750e+00,-3.313959716286588364e+00,-2.844078927400993884e+00,-6.995889192324920458e+00,-9.819480659011765589e-01,-1.862302459133323262e+00,-2.794859608056367239e+00,-4.845519035392145568e+00,-4.641296942933448300e+00,-4.122019628435784178e+00,-2.768715771087640665e+00,-3.094005753651113189e+00,-3.035940449792978502e+00,-5.775726139224775402e+00,-1.483700074393253132e+00,-2.264140359067686070e+00,-4.158826579231476583e-01,2.119125867811126884e+00,-4.521725839711698836e-01,-1.387514244428698529e+00,-7.882643936730773682e+00,2.109576765655287733e+00,-3.697356869497350651e+00,8.509831384785444541e+00,1.503035160926099234e+00,2.210670691033628454e+00,-4.696603525784919242e-01,-6.568410179025793383e+00,-4.002955572156240649e+00,-6.017244697982349066e+00,-4.040172433463337320e+00,2.630865227713172771e+00,-1.451938333571211937e+00,-4.336812230490552089e+00,-4.546348405174605922e+00,-3.218663472014431370e-01,-3.380999302236666448e+00,-2.650948569224945484e+00,-7.243047083202186265e+00,-7.061606196957061599e+00,-4.052142374201505248e+00,2.440568051329374821e-01,-3.406545891330205189e-02,-5.726476419830371256e+00,-3.839621360899602820e+00,-1.356052752693706953e+00,-6.465157681523927558e+00,3.757715885595895422e+00,5.541567817404652319e-01,-5.462630324076329202e+00,-6.325111955710834621e+00,8.340999958235449652e-02,4.498975898412772345e+00,-5.933564461071000551e+00,-9.074674640115096835e+00,-4.570340258277293621e+00,6.882336663858900083e-01,-6.474454640425545193e+00,-5.504476541138197732e+00,-3.522465967120076979e-01,-6.108389173151364204e+00,-2.228813781566909569e-01,-1.006429958242850553e+01,-3.230774247917447828e-01,5.936501858061273396e+00,-1.377576881186613589e+00,-8.250944483837233889e+00,-4.016322831844152397e+00,2.328795313300842551e+00,-5.756257924654939018e+00,-1.687967251830041926e+00,1.387223409814811514e+00,-1.255580062791947249e+01,1.818511388280048324e+00,-1.043144668250390339e+01,2.225958862469676447e+00,-9.182899431030535631e-01,8.249330818720841396e-01,-8.023073588309864945e+00
-1.523113644777803311e+00,-1.512100017502794991e+00,4.227662295092393663e+00,-1.596836403940439908e+00,-4.876112637302880692e-01,-2.673260016518033133e-01,1.548466324318874543e+00,-2.358201187003740706e+00,0.000000000000000000e+00,-4.243305817785847367e+00,-8.541031742413183636e+00,-4.028368006342115670e+00,-3.652516025945541145e+00,1.482681001484809968e+00,1.716018582803720438e+00,1.226246587185190640e+00,1.785264049215804727e+00,2.033643524188855523e+00,6.570702652940643151e-01,1.228615845452568189e+00,4.377739914516443953e+00,1.832781360014621441e+00,-4.335613110208889620e-01,5.688027527512107273e-01,-2.287007826296700852e+00,3.399602909149713081e+00,4.437110466406876119e-01,-7.588947579412633537e+00,-2.639331110406597070e+00,5.558404348311987597e+00,4.287384996869587184e+00,2.290756756666069816e+00,2.184310635484849605e+00,4.793623446202625260e+00,5.892781311940822886e-02,-2.890517915032913443e+00,-3.417381210119406487e-02,9.156494762117524999e+00,4.020020558301203195e+00,-1.873741102207105325e+00,3.943292400722854474e+00,-3.374629989801586127e+00,7.471467514741418015e+00,-1.630660966763022968e+00,2.443496251055349067e+00,6.527615835720724569e+00,-5.200226376287351293e-01,1.339187379820533819e+00,1.639721181974851172e+00,4.577745711594106481e+00,-1.143333886039942016e+00,1.304504904564905754e+00,2.070376103328207262e-01,8.830037837009131474e-01,1.531994311576929668e+00,-4.272943752892460756e-01,2.197759961290762565e+00,-1.181475103399844517e+00,-5.611273263292522184e-01,-9.667289879899478855e-01,-4.334616339154914400e+00,-2.824309830202783811e+00,3.940664986399224912e+00,2.381854456594192815e+00,-3.462279856234756981e+00,-1.624750665374891323e+00,1.018516034789676450e+00,1.802105182574411657e+00,-2.966019261238878602e-01,-2.356262554670801312e-01,2.815917978920723375e-01,-4.170386731297563543e+00,2.299006455435227636e+00,-1.599423070102900191e+00,-3.187864739887446675e+00,-4.933245934154696144e+00,4.332070173793302614e-01,-1.895341968663083188e-01,5.239169175396670042e+00,-5.232853362599209746e+00,5.103205665777695854e-01,-5.059209079258311981e+00,-2.101951535279524830e+00,-4.105607616929435544e+00,6.194008243825469329e+00,6.356129114806024383e+00,-6.255240202730160348e+00,-9.326317917036385907e+00,-3.010107869142875536e+00,-1.206912348371936394e+00,-3.094996118062876556e-01,3.259691691328992391e+00,-1.006293408470729567e+00,-5.121452521643787392e+00,-7.243685570777760319e-01,-5.860833208235432856e+00,1.653635740365190232e+00,-5.546010536932747925e+00,4.048514035363677266e+00,7.559482496566750642e-01
-1.685026493864248520e+00,-8.063144466159331003e+00,6.529097068959044847e+00,1.578529096867601067e-01,-3.177705471972754658e+00,-3.027995828497623165e+00,-6.758501536958252953e-02,-8.770400021650122113e+00,-4.243305817785847367e+00,0.000000000000000000e+00,-2.067906173916309598e-01,-8.486749733781172589e-01,3.469360823600771138e+00,2.891023953029078886e+00,1.008866799696338967e+00,4.302003127607886945e+00,5.178284335731420995e+00,5.865057393334477176e+00,6.975478033958268931e+00,2.561813273511490241e+00,2.501135858295388203e+00,6.871762737462399073e+00,3.335004446152828983e+00,7.807021596230534488e-01,1.639751665811361114e+00,-8.808609438772743161e-01,-1.149765009829309292e+00,1.170299774386124092e+00,1.296822696548804998e+00,5.021098290994411073e+00,9.012356436898569356e+00,8.274291826112492032e+00,-8.786400295171921115e-01,3.736674184015751798e+00,3.776905603738226258e+00,6.495584671386031239e+00,6.718051469849549484e+00,9.007652633263875330e+00,6.143431113360046325e+00,1.250837513145832469e+00,2.603896284596161959e+00,-2.055575056151330404e+00,7.559455124994618469e-02,5.348525607130749648e+00,4.527549401901930004e+00,7.460748841435917100e+00,1.246304076048675880e+00,1.917286328476338841e+00,6.746450435067642637e+00,5.839701133586377324e+00,5.499601466216504697e+00,6.855384793292763845e+00,6.515642005100191980e+00,3.192084749102299668e+00,5.785852400438884935e+00,6.673237049295396517e+00,1.119504418950867297e+01,6.966862731930397956e+00,2.786443158084503491e+00,-3.284408187579166416e-01,-2.280526950370257211e+00,1.331630722436200287e+00,3.590671240346656301e+00,1.559149611969204541e+00,2.170360558804105278e-01,1.455589531899305289e+00,-3.563589936595852325e+00,3.782240821626745575e+00,7.851868401851005430e-01,6.681325760771528621e+00,9.274638781264200604e-01,-2.168856883793841561e+00,8.878195164911626414e-01,2.166899900134908297e+00,-1.145670962971442108e+00,1.254630074106589388e-01,-1.297492898660934646e-01,-7.055943300007679053e-02,5.144107389879486014e+00,2.698040158908053598e+00,2.833025487770946427e+00,7.971559224188438098e-01,4.463231374149822628e+00,4.476003747024051904e+00,2.289558515733886246e+00,6.526278147538911334e+00,6.287869005127147304e+00,-3.724609495824302563e+00,-2.931769312373764813e-01,-8.094782377080496971e+00,-6.942687994861813650e-01,7.055750771044383418e-01,1.616755554361178682e+00,-2.964804152161600648e+00,5.052222311350488271e-01,4.837259579676905119e+00,3.246390048752061830e+00,9.741732876601293389e-01,6.702031875274518491e+00,5.733794279481128520e+00
1.562623006469559428e+00,-5.825373826713646785e+00,6.907398675791185383e+00,-4.646966412219766807e-01,-2.322909485479281333e+00,-2.878181390323780953e+00,-2.643779077210827388e+00,-1.183066760755417235e+01,-8.541031742413183636e+00,-2.067906173916309598e-01,0.000000000000000000e+00,1.878000402056982709e+00,1.457491128166757077e+00,9.568764116515112050e+00,3.082496442159938344e+00,7.289584061579465590e+00,1.079528482784105492e+01,2.619735675107989881e+00,5.162200044739207350e+00,9.879807165219940401e-01,6.240725441144434171e+00,1.713708017384160120e+00,4.047086870613959775e+00,5.012816141369158096e+00,1.021128338255578916e+00,5.048315465303651273e+00,-2.780404155433553459e+00,-9.609881119592482701e-01,-2.932428328463508649e+00,9.090541956961862846e-01,4.827036756431974496e+00,1.335823428111881483e+00,-3.576627914516142814e-01,4.804241057209911681e+00,2.572732805225130814e-01,-1.487648859313752681e+00,6.626679278416451879e+00,9.572243703410753923e+00,4.298050447360147963e+00,1.134979945332455831e+00,4.742316657676602709e+00,-2.371464600322763072e+00,1.889391768590567011e+00,-3.688707448438819370e+00,2.212504314138536987e+00,3.411446485860916700e-01,9.471011634974688675e+00,-5.930898072374584551e+00,2.865567270713293091e+00,3.867448825304841797e+00,6.522696892637158683e+00,6.827771840140088422e+00,-3.130564821292384781e-01,2.503357382797441577e+00,7.657865598341531133e+00,6.292336971162209913e+00,1.314023626880196716e+01,1.107528585434408974e+01,-1.561873576214872106e+00,-2.004033722330519129e+00,-2.459995800798007615e+00,3.521918611477350858e+00,4.589869104176747427e+00,7.152316352667253962e-01,3.020196897038055717e+00,1.855942589301855961e+00,-1.793625382854266426e-01,8.122077239788271896e+00,9.038398386925567962e-01,4.289042969448685128e+00,1.167045175728085082e+00,-7.676753882411756491e-01,5.732890256995009537e+00,-9.224410434344434417e-01,1.396573573810639401e-01,1.112279635093380570e+00,-1.687700985016059141e+00,-3.632731715476443135e+00,1.027181059239650729e+01,-9.230188294640965241e-01,3.578626954959537976e+00,1.972510065326676720e+00,-1.033159169309854519e+00,5.978352459534497676e+00,3.944132268999521962e+00,2.586304111529346361e+00,3.821162088132407320e+00,1.432324251119580172e+00,-4.171166698267146700e+00,-2.510929607111914041e+00,9.706678063882441254e-01,2.656679560198406786e+00,4.352201259380046316e+00,3.643728761324438459e-01,4.675301808902299072e+00,-3.613838721819243816e+00,-2.316002313802877632e-01,4.479931800725858615e+00,2.333775953043879525e+00,-1.334175982441568598e-01
-1.749599673999913785e+00,-7.620068893123087328e+00,1.985591762566400131e+00,1.186141993549891249e-01,-2.862019921545887691e+00,-1.072647173505004270e+00,7.232885560737635500e-02,-9.075794050178354055e+00,-4.028368006342115670e+00,-8.486749733781172589e-01,1.878000402056982709e+00,0.000000000000000000e+00,-6.366449507746781755e+00,-2.024716982125624731e-01,2.737776483701440888e+00,1.100646199257644753e+01,4.206475425099656107e+00,8.903961780477967380e+00,-5.080816221082301576e-01,2.638523095939345975e+00,1.473498697791643330e+00,6.618543311014676078e+00,7.495146282188089870e+00,2.537516076520263120e+00,2.823225313106418444e+00,3.156655562925685832e+00,4.258126903842033073e+00,6.201241642183276781e+00,-4.928833826466890500e+00,2.609832467285717605e+00,3.932503763320722268e+00,3.719646190983964651e+00,2.661408158191150619e+00,1.307752018694027241e+00,-2.714416730304880065e+00,5.907711576045355351e+00,3.740818494093629099e+00,5.529717970618356127e+00,4.976447735464611277e+00,-3.114181719249940361e+00,-1.702131079355964915e-01,-2.412496444991844680e+00,1.971512745810946043e+00,5.619133157012193847e-01,4.950539736529155022e+00,4.711409855569375082e+00,2.477948328105993969e+00,8.385268220854038557e-01,4.382249605193813125e+00,7.164264078027550164e-01,6.926982963758997691e+00,7.286572378033856268e+00,2.952543838295524026e+00,3.393316859279699838e+00,7.821449520615693096e+00,8.542342445442452359e+00,1.280730827887990664e+01,7.695262698666011758e+00,5.556076650695674246e+00,1.736356621697198843e+00,-3.632796413316647932e-01,-2.900280414911296401e+00,9.335766520228609977e+00,9.642808832457869794e-01,3.643154982999150082e+00,3.895787589836306797e+00,-3.601824666511991069e+00,6.392143191268706559e+00,5.944512272559242305e+00,7.399017982806161520e+00,3.577182545254717461e+00,-3.865357094119827863e+00,4.484759502148402355e+00,3.435290960090197299e+00,-1.766837435078244978e+00,5.224090866227085739e-01,-1.373627742113289418e+00,-2.414066289878356031e+00,1.864545237502257757e+00,4.394802333484932322e-01,9.074175217599995680e-01,-2.404507678316584851e+00,-9.055882793653424745e-01,-4.688089466627275215e+00,-5.529827355696799174e-01,2.013236588587669740e+00,-1.596488623171304355e-01,5.730751916043386185e-02,-4.516916091533013322e+00,-3.735290918136278115e+00,8.867913390787572625e-02,1.639475122695022158e+00,5.858599526338890584e+00,-3.500640989944976855e+00,6.535247016795227459e+00,-1.963721526461500222e+00,1.035129964516033230e+00,9.079351976659871815e-01,7.310326675817854003e+00,2.070094764479735172e+00
9.976927508348666152e+00,2.545200936847492046e-01,3.742056507076145788e+00,-3.893606744419374266e+00,-6.468446223740047074e+00,-3.293834335172663330e+00,-3.686851784119577591e+00,-3.578911541423447584e+00,-3.652516025945541145e+00,3.469360823600771138e+00,1.457491128166757077e+00,-6.366449507746781755e+00,0.000000000000000000e+00,2.356335018688132443e+00,4.934398956071943232e+00,2.064276620157377895e+00,3.097388832134098102e+00,3.968117350952354183e+00,-2.230439413669990323e+00,5.778539792793671914e+00,6.377385608139986672e+00,1.838938749758789681e+00,5.409134601518712060e+00,-2.675071531535496927e+00,4.912891954861512644e+00,2.952202875860418629e+00,1.142781413234247978e+00,2.364395197972884333e+00,4.318558016212219464e+00,4.106056079809102144e+00,5.532807345612384964e+00,2.734369253173294934e-01,3.121377849712517527e+00,3.409097072738747958e+00,-1.873306218705683479e+00,7.016866892812699597e+00,-4.352851993752052673e-01,5.813855358096402526e+00,4.551452329824608789e+00,5.940919233856290643e-02,3.800351291779704876e+00,4.296535283265117577e+00,-4.176978585782918363e-01,1.180554214546147174e+00,-1.593385634905315262e+00,-1.058275206617599196e+01,2.348163541980629265e+00,-5.637999093247419324e+00,-2.292424010134433310e+00,3.445166172297337237e+00,4.903299592184944267e+00,2.087415037173939059e+00,5.967045143544661423e-01,3.036252385386916774e+00,5.636086397823660832e+00,2.566032950676660374e+00,1.946192985210780657e+00,3.103409022599744382e+00,1.275609282998479088e+00,1.432090943268399252e+00,-1.868227734269246598e+00,3.935041648541972581e-01,5.082394014011253347e+00,7.070704013628532181e+00,4.588604367668129846e+00,1.586733801316373871e+00,5.595176605563586536e-01,5.214884758705427004e+00,8.901768741912750471e+00,4.394634378531484309e+00,3.205710886692567096e-01,2.217411947283187246e+00,7.516747419356175186e+00,3.149506906728954281e+00,-1.766219129039056313e+00,2.932470711756655746e+00,-7.517807737971857751e-01,-2.050577909467407256e+00,4.114504398732872659e+00,-2.070076326157881397e+00,8.686578563667117336e+00,1.867011835203554737e+00,-7.487628570274439399e-01,5.635367127998086367e+00,2.945222365784909258e+00,3.114598083104995307e+00,2.290719201308318631e+00,3.065573846039509220e+00,3.668305041644681630e+00,7.919793686514290387e-01,1.997309625710566028e+00,8.070017795963508878e-01,8.234304409309656236e+00,1.849272633717865544e+00,1.537336987872952809e+00,-8.083562891805762263e-01,-9.210034992779105867e-01,2.106014556937070736e+00,3.760561741842723293e+00,9.685421860697347896e+00
7.935840136260970290e+00,5.094757665397910973e-01,4.640623549472474352e+00,2.866857979367656739e+00,1.035897675847601729e+00,-1.273009016703031460e+00,3.484380683035591009e+00,-7.334172692043653408e-01,1.482681001484809968e+00,2.891023953029078886e+00,9.568764116515112050e+00,-2.024716982125624731e-01,2.356335018688132443e+00,0.000000000000000000e+00,-2.786762144732485069e+00,5.047687537906634603e+00,-9.361453003510160631e-01,-3.353410178416515564e+00,-1.625947555106075360e+00,6.071327402491030201e-01,6.831057224482895984e-01,-2.558653442880395090e+00,-1.241838995347626762e+00,-4.991805383065464952e+00,-1.973812565576190003e+00,1.290429607536031087e-03,-1.189655894494568988e+00,-4.420719454597135112e+00,-2.881815750417416888e-01,2.478246395657108803e+00,1.121822802809393060e+00,-2.907882398707153926e-01,-2.768000468129342639e+00,2.511524388446316536e+00,9.987556623711849602e-01,-1.342162333617471948e+00,-8.162535997273721033e-01,1.094921677279982397e+01,1.397856412482610278e+00,-4.351899182176020564e-01,8.468036597638299412e+00,8.226278391071421003e-01,-1.140952042564050029e+00,-3.383082497701675795e+00,2.774219195708042207e+00,-5.348453200146979114e+00,-1.041220731766132612e+00,-4.286397213940352557e+00,-3.722843097497019471e+00,1.638257701511711240e+00,1.982886384241867805e+00,6.264839165889130035e-01,-1.000448416793955353e+00,-2.584823955730955802e+00,-2.543953392738574237e+00,-8.616346224429395351e-01,-3.359582277615991153e+00,-2.990713974476270742e+00,-8.146998850567340744e-01,-6.044426472473203305e+00,-5.492906517008210088e+00,-2.969329959293236065e+00,1.126757589414282501e+00,5.609615594149035545e-01,2.963617384678283173e+00,-3.460480635316526055e+00,3.172445418122181948e+00,6.623165457688992008e-01,2.152905946925568692e+00,2.908942159663220561e+00,-5.942768708063788097e+00,3.073474518334172512e+00,7.797726980174947364e+00,-4.634364419893236331e+00,-4.996883220679497306e+00,-3.856759054836585321e+00,-3.573600267620597126e+00,2.528898124012035176e+00,7.015520617493947064e+00,-4.608754317898322128e+00,3.367327930898795341e+00,-1.907767992703721660e+00,-8.741415831582974999e-03,6.370768262172913587e+00,8.483896891549617791e+00,3.151017925857234614e-01,3.465712144592408617e+00,1.074333409800074079e+00,-5.570743168672334100e-01,-1.353975158139581580e+00,5.433839171510866706e+00,2.863105579736028528e+00,3.688500699626324320e+00,-1.456356826073772925e+00,-3.865108868681282672e+00,-2.485336808044432466e+00,3.407085524649289265e+00,9.727089171545890700e-01,2.059456042745221538e+00,3.679394311911174498e+00
1.422798831166029210e+01,1.661044010293160067e-01,1.953003765532575153e+00,2.660030217580986900e+00,-1.162645848969461548e+00,6.985117458382278377e-01,2.298239249313147159e+00,-3.436899888525803526e+00,1.716018582803720438e+00,1.008866799696338967e+00,3.082496442159938344e+00,2.737776483701440888e+00,4.934398956071943232e+00,-2.786762144732485069e+00,0.000000000000000000e+00,5.131533801956469354e+00,1.299082869350167924e+00,-9.746710841445396234e-01,-1.017545642649229976e+00,-2.124863578896239780e+00,-1.610517422680530997e+00,1.785611349432548067e+00,3.802154528898045172e+00,-3.500354114196824185e+00,-3.208804392185650167e-01,3.304451046605268449e-01,-1.070163942269623014e+01,-2.218552005545692207e+00,1.321177442113016687e+00,-4.799679448285170125e+00,-1.955456882359479120e+00,-4.707141979069731974e+00,-7.878672377804953886e-01,1.166766916494014872e+00,-2.140201134354203116e+00,7.654802002017532248e-01,-8.408345502959324591e-01,5.504086127571604870e+00,-4.464455409793456897e-01,-4.935471274898793226e+00,3.847062869280422071e+00,1.807798628942347996e+00,-6.868037444735755059e+00,4.555382913588806870e-01,4.485717144826973923e-01,-8.223191562122107001e+00,-4.592377461657169424e-01,-8.147160274454616768e+00,-4.152994590204004410e+00,1.311695894256338146e+00,-4.435459580687670211e+00,1.065247814160066753e+00,-9.725614693106382491e-01,1.871503791417740370e+00,7.778870458707560775e-01,2.160182449160357177e+00,3.191462260251829997e-01,-2.298168977512465627e+00,-1.412901679280872402e+00,-2.796837604001635391e+00,-1.766633964335371454e+00,-1.021345019020184486e+00,2.954732102300902330e+00,1.556148514304097175e+00,1.172015926042407452e+00,-1.721084174462692573e-01,9.919250786101185824e-01,4.441915897633101906e+00,-4.092762494648558569e-01,-1.451463026819090452e+00,-4.985467958692492374e+00,-8.591835134151261100e-01,8.846761729958837250e+00,1.521241524804059608e+00,-5.997537074926820644e+00,3.946708626406101317e+00,-3.161248745744817068e+00,1.321436847734799747e+00,-4.062042567007413951e-01,-8.259920541005614680e+00,4.639763958260308963e-01,-4.434296827378058303e+00,-5.961351394850696872e-01,-3.109978156916238801e-01,2.015614929292835811e+00,-3.204657822901556763e+00,-4.853485152563518312e+00,-1.751614427031053856e+00,-7.124768204553464379e-01,2.692235499848944169e+00,9.580924389956138043e+00,7.021350751712298610e-01,5.544141531601125550e+00,-3.297414735875037195e+00,-1.438110419516892113e+00,9.556468725692159882e-01,3.062786373510597127e+00,2.102977315026484995e+00,5.715218455413497267e+00,4.444637413860213826e+00
