0,1,2,3,4,5,6,7,8,9,10,11,12,13,14,15,16,17,18,19,20,21,22,23,24,25,26,27,28,29,30,31,32,33,34,35,36,37,38,39,40,41,42,43,44,45,46,47,48,49,50,51,52,53,54,55,56,57,58,59,60,61,62,63,64,65,66,67,68,69,70,71,72,73,74,75,76,77,78,79,80,81,82,83,84,85,86,87,88,89,90,91,92,93,94,95,96,97,98,99
0.0,6.399712890545324,0.30441076841298076,12.124513112727932,2.518465834257594,1.8992079435767433,2.876825206667671,-2.7803239957595247,0.9741938857621698,2.1972327855227958,2.089259416140764,3.5158434241873464,-4.840627011936178,-4.8841148814466475,-1.6459514999138365,1.4509598220529203,1.0191775373058605,-0.8676188563688134,3.4856369223138,0.7830648283072646,1.1825047976564007,5.7193449328978945,-4.175527277178777,-8.065012834214588,-2.413026170460908,-1.2402369483145674,2.824847946947872,3.9270253064635567,-5.311655384790344,-0.25494360914929326,-1.7040453105645643,-0.47286982818349793,0.6719225364059094,-7.639033276960707,5.310099711618497,-1.0513061869868656,-0.48890054251877274,1.422801396725864,1.964138234372799,0.28690532000086694,-8.586294092460482,6.468065929429872,-1.5414163124452904,-3.7134851848071206,-4.327584303016024,-7.717429190968986,-7.4179561220340355,-4.769695718612171,-4.213720308838371,-7.8365198250734815,1.0872474063298314,3.8309811116918766,8.772165134176397,8.030569264788948,1.9536632345290144,-9.22389289950116,-1.0970153672276675,-3.772299452025092,0.13738046567004572,8.069062919378961,1.0524630219600928,-6.858664569931132,-3.265562367612736,-1.4732276707712744,4.346460427273819,-6.285917283034424,-0.5037307749786769,-8.110113394614634,-7.318655443667207,-3.719927905524852,-3.7535944468944984,-5.505520811768556,-1.7671148323152652,-9.1529447368612,-11.866011989847305,-7.833331557610695,-13.842172798325938,-13.171708798857331,-2.451203676251249,3.5973311744096064,-6.580545230928723,1.4184872740212937,1.875937781101158,-8.398009637950846,-4.6568109550475905,-1.2484244728243514,-1.862725791513648,-2.2792537442436385,-6.95436297025723,-1.3368541299604115,-4.031501243864724,-0.2525558452695444,7.11001305678522,3.3164197076620647,1.1788064079802496,-0.2996450076882075,-1.7242585400225037,-7.417280515308461,-8.032474490329156,-13.217489901003235
6.399712890545324,0.0,-0.6081014609231865,-1.0288402410264237,-6.676692054608215,5.640948732443476,-3.301809562663035,-1.5109510305138372,3.7567506981069574,-0.7732556358704605,1.221299061549112,8.150521055527232,-3.053284319580544,-0.5038875345588606,-4.499292949294966,5.412913375041434,-1.2200728154628935,0.9329272048785752,-1.2391423286249108,2.3234515538227742,-0.7529740399073802,3.2782414179959374,-3.4258065551213193,0.8778339918403475,5.745278209475988,4.773228559659155,0.4280563781846958,-1.0532461459770524,-10.89913594362574,9.742603040609175,-2.729007382249716,-3.6980846737048014,8.868335124930825,-7.263277518234176,2.907804888119736,-2.496484787886636,-9.239159668200113,1.28967533538525,1.028635090938066,5.819161757544964,-6.407374280410257,-0.42937622809747106,-2.4976674907986007,-4.415699542736646,-5.979630684367097,0.1839011411857578,5.739993045759314,2.928542434347674,-3.43195957309157,-7.2164668484366015,5.018816445574019,1.5747736917959445,7.295953447034061,1.617658017072866,1.3235494842736493,2.4363942687235016,4.349189016154544,-1.0483493693079236,-2.3877272854461573,5.972122031574161,3.6257011165520066,-2.8948988852061963,2.3856737847994074,5.235624090810298,3.119138187370555,-4.771664368787217,-4.842561633400555,-2.059311409493397,-7.489395821127,0.1108180785834333,-2.1148900751770965,-1.7690740765658135,-2.6995734815996086,-2.755153854866825,2.6095753480020374,-3.3345822486319565,-13.730175177266927,-2.875205575384284,2.2341993540546485,6.908805959516689,-4.404992304941596,-7.004824592914751,4.455649295925939,0.5969724694934374,-1.2605751704112684,-5.834909234104771,-6.060579263891702,-4.8654384831039295,-2.6474135547512394,-3.430332308123529,-2.530353793232663,-1.6559985426047015,-1.8973191892806127,2.2351691199149006,-6.383134709320333,3.725003819275361,-3.901296452748485,1.4180727196156182,-1.641488129592762,-12.1265782290562
0.30441076841298076,-0.6081014609231865,0.0,-4.683324629744204,-3.002130048478081,2.435149147864241,-6.422407931651217,-5.056368449198989,-0.285410373860402,-0.3101682842735405,-1.7600599043202063,0.00924449513139336,0.3814765135634689,-2.603893064474245,-3.8433243104909143,2.978910290287124,3.2527555755453346,1.5854250093025346,6.00523552562027,2.8629911567625403,-2.979789781586274,7.691373866444017,0.17687220202286574,1.5245703476483368,8.520103143001297,7.35724088642161,7.308433455391168,1.6511135804119543,-1.7585885641232544,5.678972664188431,-8.211745584860354,6.358378546529026,3.7710486356452826,-2.786548452008903,2.6978573745315586,-4.487686408287894,-8.964068136986869,1.5596948287286303,-0.5680644562179206,6.688632246489515,-8.54081851259503,3.8394838366380126,0.9835809501816336,-6.018841375615129,-4.340902347462697,-0.8247844826881222,4.0597974105340064,1.8945124443775567,-3.8653126074680446,-3.1238662252324647,7.816574432245303,-0.017093878946541154,0.4399206977992981,1.3236654834849528,2.3121886258054847,1.8936629858932472,-2.382043269559751,-0.7590325941277123,-0.12884133597171804,1.9367159835629368,-7.288922148693342,-2.376554938384121,-2.3291838108009286,-1.8014447662675748,-1.1035882960882655,-3.857433409428724,-8.590281886121977,5.827417618843471,-2.483774096980748,1.4109520366453239,-1.982139590437601,-2.9225812345693725,-6.459378080312516,-0.8678263719263538,3.988288109402243,-6.058213291202224,-10.232985989407164,0.9901233261391728,-0.5642625802073332,2.5453872501930745,-0.14744926006134537,-7.012580452697513,2.767733935862894,4.2083235706116495,-0.11380364222035128,-0.6963627747159076,-10.151471248156616,1.2139487184955875,-6.677441054686291,1.121271428732079,-3.5442465767567706,-1.374720407506124,-3.9894618912378847,-6.8561943666845595,-9.231956831040646,1.4396585813304608,-0.34488387642408697,1.6655894861845226,-4.192934568441077,-4.458199315496395
12.124513112727932,-1.0288402410264237,-4.683324629744204,0.0,-6.710658478625625,-6.906658886255016,-0.4603429491559656,-4.651962663786658,-6.876813250379174,1.3996784715410286,-0.07539682588657216,-4.736983883436955,-3.1875261001305857,-11.528614630050596,-2.8919138446650408,1.8888521169019068,-3.334631311889584,-4.985491030820269,-7.353490050527631,-1.5441794420048902,-7.110986373634759,0.024970405231479077,0.5836788332188448,1.670511187060286,0.1407377276840216,-3.191902033347268,-3.4544327647078488,-4.498880021980548,-7.1786691578031165,5.508004753012307,-0.9807657616767944,-10.582233282692515,0.9219490769919022,-1.6708852857632843,1.8676287423095277,-4.23595790799459,-2.082695191309529,0.7124697808272131,3.9817424674388926,7.520330406512554,-8.31087407690197,-2.3682491003497095,-1.7809862066971347,-10.463191865611984,-8.407514704771211,0.6597141748583489,3.652107677694048,3.5369904770265244,-3.0191200402391027,-8.390598790639617,-2.3695112388843342,0.318809018199096,3.4574445643152742,1.5807794342332864,-0.3706506676636535,-9.622721120638936,-4.680012923834032,-4.315846283293709,-6.3250255567059215,-3.2686386019548688,-2.1360851570883703,-1.3752363104845025,-5.214707540839806,-2.2818313872672693,-0.12414682329808954,-5.508031436186306,-2.255847072661298,-7.925676648412747,-11.123364602074808,-4.983686626760161,-2.8615756768841796,-13.782517708499643,-11.623094019683172,-5.923355517502545,-2.9864677284359757,-13.544176507040392,-15.339454553008748,-7.914280571871152,-0.8661153090206775,-0.18330945758275524,-3.4633305105063403,-6.477577592146706,5.20633563352777,-5.63026354531527,-3.010661024146205,-9.130691501342433,-2.684826119240185,-7.4231454734685105,-1.646923029043527,-7.812812645994928,-1.492012802049529,-3.984817753061437,4.638618033392551,-2.755232729904805,-6.148259682743586,5.916804013870385,-2.4769041142072727,-2.2647323820190004,-3.682651856734756,-5.4243081523533165
2.518465834257594,-6.676692054608215,-3.002130048478081,-6.710658478625625,0.0,4.550271793646012,8.103556352832225,3.643309607128405,2.965704548969196,4.988297020173835,-0.017937893953565244,-2.1207424173188967,4.380183504892254,0.2477490981132451,2.23852650080174,11.9996776472034,4.747771052987424,5.205113178780683,4.415784590308284,10.277649474359068,2.960287497593952,8.764608833475952,7.752290604130557,4.005613365411242,4.552951281508307,0.20090418646489852,0.5467416339517062,-3.088117825290157,-6.450323360952719,7.748067545989694,-0.7296727914312788,-0.973685000496563,-2.0785424689488834,1.0402857609824494,9.290173474841255,0.29122881518745763,-1.5854843047379303,2.99849626000684,3.2819835238602,6.2939073358841355,0.3528060834369173,-0.6369376410312763,1.3724608925302002,2.616124807905861,-5.571643681551142,-0.26056635484855334,0.7734218752939389,11.678992825362153,2.1746146397340214,2.968972855873176,-0.48049468784326593,3.3307145546021832,9.781911518603822,5.497841606200999,3.9179255885948865,-2.042327900590801,2.9290417839261678,3.424244873985388,-0.25992169955544614,4.341633189487177,1.6454291297889274,2.869066559425222,-0.4774393827514385,8.646232614937311,3.778140801646564,-5.53787112427929,2.949387724652662,2.2146640455744246,-0.7417139833476185,8.17520951150408,0.17400960134669763,-1.0945106020699067,-6.911668109820608,-7.684024800195431,3.973860600977973,-5.770865033387524,-6.769204540908713,-0.08620026223335545,-2.6231885435075166,3.7520632743136217,-2.4908035533499864,1.5357849959900027,6.164762284862619,4.830332156556747,-0.6778232831418712,-0.9183366427335784,-1.2981024776401426,0.9451643360429139,4.311826699804468,-2.206741566648806,-2.200341040023432,-2.223577877995594,1.8012893054122143,-1.1724635418487384,-0.4034031564155184,12.766513484400782,1.627977146162647,7.539322308864225,3.863817580091272,-1.1856696705395489
1.8992079435767433,5.640948732443476,2.435149147864241,-6.906658886255016,4.550271793646012,0.0,-5.025720639791554,0.4810636482183141,-2.441444844121897,0.8558937061397597,-2.203655626005297,3.210095648412965,6.4451840980030015,0.33310370638302034,0.2285208142933572,5.316500991178453,-0.17924571635154934,4.030854827405744,3.634375230626953,2.275442002789824,-0.07256809022241117,1.9146388633709976,-1.2477238329849925,-4.579966830060636,-1.0686547508893707,1.254939774719732,11.107637962751111,3.664409112417876,3.0911397332326542,7.8113358559936925,-1.3023778905975576,1.2911562068343658,2.72536751438325,-1.5749375613206693,6.227568594182304,-1.1131097078412315,-1.7284216220193376,2.45308119356143,2.357966006869306,8.687339842177876,-3.5477468051084404,2.36900876774988,6.094562315904899,2.3446541257005857,-1.7690732849785142,-1.216428332446199,2.9549585343780835,9.301024788537532,-0.7679921032128131,2.8886758397723975,0.4856160550008545,0.6054819686905222,8.538319039795082,-1.1384340248253324,0.6773861301854993,-0.037650506931081365,-0.3153308331785657,-2.045763557993653,1.335103344329227,5.6236709245847365,-7.6222660352603615,4.946196954144994,1.8775270872216083,-2.0681606084152127,-0.2488595706157219,-2.199914708271035,-2.340587426265235,1.5542678869390323,-3.255425344413572,1.6866846036477903,0.07377360086013397,-4.279320503725444,-4.984890251746976,-1.466557795517594,-0.5682595583230516,-1.2760854349275643,-2.8047605211627693,-1.24839411717621,-2.7850961189985366,1.1529750358788027,-0.012221811555857,2.222553428325905,2.0466784789528125,5.559477945291809,2.982444129175945,0.6556108017110822,-3.808872906101176,-0.8294715768052101,-1.8561439368821804,1.772756318022968,-4.44552516016624,4.973770944625437,9.58279578689479,3.957198532348968,2.7163531619183874,6.26191832004741,8.850138812940418,2.4012246052500164,2.165807850010227,-2.5110523380530716
2.876825206667671,-3.301809562663035,-6.422407931651217,-0.4603429491559656,8.103556352832225,-5.025720639791554,0.0,0.5241616404323213,6.166731343492112,-2.781150492739616,-2.393176692599461,-7.618188115754387,-0.9920120374445832,-0.6076549701835574,-5.655454186118744,9.39487371180568,0.11667520807253388,4.011203777348528,-4.095569526322663,-3.21651621067376,-5.302819081040802,-1.3684322421510045,-0.8212593769151597,-0.2563009621997607,-9.018602631251577,2.257103120538034,0.030773099751700422,-5.249413329650225,-10.596004888771915,4.5650196186113225,-0.02973320653233178,2.442894946423606,5.1915867436264955,-5.898919784581556,1.1410003412298209,-8.380569807297155,-3.627179444655847,2.8451259789756653,-0.8883101361183545,1.3812662666971567,-1.1385191673425847,-1.6261088272303967,-0.5421932937579529,-3.0891657392574454,1.3199249880518171,-1.8620734327731872,-0.9607719346361004,-2.609761311342939,-2.432700083714029,-3.944105127813885,-2.910828805181711,7.760652792912784,9.79198543177695,3.7854084109621886,2.876289694285032,-1.814895999136368,3.3315920309510676,-1.5989409922146491,1.9733235024789904,3.744829820707833,-4.219007132338442,7.910412235680157,8.948358640775139,-2.290792662770867,-0.4017304640359632,-5.659068660356065,2.121106219847753,-7.855351867500886,-11.034553264356123,-0.19507695736735717,-2.292658545952981,-3.2671429822413316,-8.29700534813884,-6.991309403196194,-4.316332787420781,-5.461494467368003,-7.615504361933514,-6.343334823844926,-5.581050082600677,2.8836817853305967,-12.021504810999987,-5.349848767359289,-4.26543007671694,-4.769313769459552,-5.125839633258972,-0.024318576775905813,2.897106059809835,-4.9003733162561245,-2.5010247311968863,2.266957544425789,-1.5033054727096953,9.229838236790464,3.4432095296654635,-8.84665674749579,-10.444422871144006,-0.2635154972640993,-6.466178835385386,-1.4565028177290007,-3.520299342169276,0.8533759096953752
-2.7803239957595247,-1.5109510305138372,-5.056368449198989,-4.651962663786658,3.643309607128405,0.4810636482183141,0.5241616404323213,0.0,-1.0107571445622936,7.444727958989738,3.8136053340085447,-0.006799676202514715,1.1153848973538727,-3.961751793053644,4.074112865950792,2.7079744967728545,3.447390412897232,0.09610592845452232,0.44432056999243263,2.8428308940450213,1.0154326782818803,4.753808136357085,-1.1888411770550584,4.587503006882413,4.182278195983342,-1.0945406511419071,-0.7271162412077986,-2.526240205865484,-4.342690551850905,4.906092462281585,6.867544634273076,7.420383536541911,5.706176552332257,1.5793794326187007,-0.11259777408471797,-2.023331601945577,3.1043599585462727,5.275101806461084,1.4745969851061171,15.217426200854232,-8.43545884261939,1.02318449749155,-0.6072801878464089,-6.46767745922677,-4.257011043396379,0.2261726789065872,-2.112128825800568,2.204982079405674,0.1132061330678002,-4.288454409018641,8.44072899763215,2.5193499968587703,3.5403876068096976,8.8678102397404,0.06862240379022758,-8.222422428422313,2.149758154234036,-3.244560397619639,4.049787074118862,3.050760721463847,-2.0704005643699936,-5.75224561483293,-2.817337527931546,5.974791693078205,6.766310203897476,4.1397495369326025,-2.40609708885232,1.8782334364380575,-8.51833001764103,0.505738728715691,3.550842540532365,-5.842950605096236,-3.971682982826147,-6.694351021568316,-3.812207801683343,-0.3750809307405101,-5.267409340756508,-1.4636585905596426,5.25395184929594,3.4605868388779784,-8.336933483648851,-5.037349172204585,4.857697126098522,-1.3885386433527585,-2.178957717222058,-9.067439857487752,6.513440533844745,-1.637199918815503,-1.7675388766505011,-3.47087170214988,-0.9774014676979536,5.184565679999705,0.11375275502951628,-3.8559442816084686,-3.1056854926837354,1.6626949481619515,-4.648990182055301,-1.847707545964888,2.2691492104119675,-2.8521621637012577
0.9741938857621698,3.7567506981069574,-0.285410373860402,-6.876813250379174,2.965704548969196,-2.441444844121897,6.166731343492112,-1.0107571445622936,0.0,-3.239558790542829,1.4575414111358695,2.618082814953855,2.084720998644153,-3.485051459956999,3.928121763528896,5.245104566237634,-3.4062037645682945,-0.3285782367089973,-0.4674457292243424,2.1097517819347047,1.3453486993148795,-0.24114973299272752,-0.9240810404036093,-2.932767162550004,1.6471737695379,2.9482550730248684,7.801542970020778,4.494178626499958,0.060128446856260856,7.270758408287466,-2.1467011854708327,-2.0522976279625085,4.878651329165944,1.3742032535498925,6.418447634431862,-1.7335564284732872,1.3908174100932724,7.608507378679774,5.851543991413268,7.867136994629571,-4.836816225172388,5.393316985608924,10.284117678802707,-1.4145613013351355,1.9043282392609768,-1.6282001585966603,3.0781442024623833,9.208400648225089,1.1546487855034957,-1.8473822628230008,4.649693156624622,-0.4074938909197245,7.0862285296329,1.2489237988217587,0.9191315272605008,2.1998645440257985,2.979464136241604,-2.629934569419541,0.33729696606789217,5.0818143361454,-7.650608206219038,3.39427665488494,1.115217240087726,2.5231970271976265,4.331322591841673,1.947343427682792,0.4940035021801424,1.865806788091612,-2.3254975972515406,-1.4232955215015268,2.875660949924759,-6.365498652055599,-3.652670638975639,-2.6030051970750465,-2.3597211479627407,0.560296456037437,-4.583315915870707,-0.16461243879062573,-1.9341451510848848,-0.4369103262213572,-0.8088529582317678,-1.9866931642528247,8.772081500487168,5.614600776982621,9.422550352088988,-0.08313670063443958,-5.687549677777849,-2.1665278760575593,-0.8706440221242489,1.723499441066158,-4.28348315898037,7.2395442115434365,13.538468024900288,0.6047577316469789,4.173763350236609,7.1549437785336325,6.440832170355009,2.9741164017724633,4.657634202405541,-7.868398437712158
2.1972327855227958,-0.7732556358704605,-0.3101682842735405,1.3996784715410286,4.988297020173835,0.8558937061397597,-2.781150492739616,7.444727958989738,-3.239558790542829,0.0,-7.066200456437803,-2.258496945740057,0.29435222072456607,-2.9999483051957734,4.714348734811191,1.3263620127029139,-9.781310702874087,-5.47926822110626,-13.904017124159184,-6.2234779076264415,-6.056304566549172,0.5793249667183723,-5.415281325746258,-9.476752539895017,-7.021127561011812,-3.7203964560128826,1.1264123626203704,-4.551197951528544,-8.205378705627309,5.186195087634774,-3.725457947607445,3.384106568579277,4.307464978157039,-7.728532758884298,-5.418697991092589,-9.77676284288587,-6.499141092082731,1.7935182527502012,1.796049264210832,-3.550256324252921,-8.703903332963264,-1.8184627409617244,-4.256297717627495,-7.280224534334,-3.8457828901927136,-4.043895149501775,-0.027649191760684023,-3.756573089866444,-4.627649048244914,-10.6051230796288,-8.756424987434706,0.46206440249563807,-3.196160822459324,2.1470014517657003,-0.21864408009547623,-4.754615622543334,-11.5837751586571,-4.838142359098503,4.8998287443952675,-0.39890614069626273,1.7336517086901673,2.3025109861254687,1.5880839396770983,-5.724154991059937,0.4011471948874512,-2.154375694282736,-4.944677481845381,-11.466704368146388,-13.35758339528392,-10.504677191462076,-3.0061630415851854,-14.8517604813835,-12.87528956936765,-16.508870145007187,-12.52714414195376,-3.646603559681997,-11.111941124496472,-9.982178621776889,-1.243546027009613,-0.06385156641586581,-15.852901479781428,-3.07621523949543,-9.092201281092173,-8.392842025501498,-6.98569375408448,1.6293262032538591,-0.8180853723846944,-1.588094371196089,-10.932973665799532,-9.748043532476515,-3.280236382585173,-2.3312839375295686,-0.7144501322989245,-8.514429674999523,-1.1722333496862565,4.045640517816065,-5.131825916550175,-1.3049384000093844,-6.60575029965371,-5.55318782800077
2.089259416140764,1.221299061549112,-1.7600599043202063,-0.07539682588657216,-0.017937893953565244,-2.203655626005297,-2.393176692599461,3.8136053340085447,1.4575414111358695,-7.066200456437803,0.0,-4.262037571798268,-2.2129653288413182,-5.656010540783363,1.230755741916796,3.5500451778259787,-0.40901892386580646,-4.403511705028765,1.2241335468356098,-1.247339573103873,-3.578269259683037,0.883510463181628,-1.659741152008125,-1.785969046040216,-0.8486782565649069,-1.6011016693835332,-3.9521063910357306,-0.9480871758448782,0.917373606332641,4.906281878265571,-4.355046555752556,2.2372582458465,6.509961968184077,-5.278306232016139,1.020286833715324,-7.53789906743721,-1.9147355424461576,-0.5576727142743622,-2.938128645610303,6.3475437465962345,-10.250489136573112,-1.8911496893671471,-2.6670097089036475,-1.480514447796586,-1.0959313849098067,-0.14866926442573475,-6.2094556278896285,1.860155451287817,0.29083922504969223,-12.698609311805686,-3.4875391398355697,1.026311522121816,-0.6221323394450693,2.6967920965649683,0.8557597173587441,0.17238029294113402,-7.443621060873118,-1.43100431472446,-1.1306939796691555,-5.042824824824982,-2.6070092124507607,0.5488317951326115,2.4718461561238767,-6.015983460410311,-2.2090107894644366,4.885814173379444,4.189965848827659,-4.5025020127570015,-10.115098804114131,-8.265796044185398,1.4065915713583332,-9.176320993073581,-4.004082398554408,-6.6034765715690495,-6.239761175021323,-8.396935451824193,-5.565477499130951,-10.924079016992003,3.9685825872462415,-3.7556502906797182,-4.586050908912496,-3.989247220157621,-1.6645650679174064,-1.7221257245873696,-2.1289030151758395,-0.886785680893929,-3.353482976738432,-1.0337792346858592,-9.327185713560036,-8.38808701779267,0.8815912730989917,1.2086201440505242,3.585721505063777,-8.637519616837142,-0.21071344601057657,7.8013958296143855,-1.392219121057848,-5.708025846946869,-1.0668122675781904,-7.299068277160091
3.5158434241873464,8.150521055527232,0.00924449513139336,-4.736983883436955,-2.1207424173188967,3.210095648412965,-7.618188115754387,-0.006799676202514715,2.618082814953855,-2.258496945740057,-4.262037571798268,0.0,2.3155191669729622,4.265818807540537,8.909707167512568,4.924988812791554,4.257978419966401,2.652973689461556,6.624317265233905,3.572752662481163,6.220038317525125,4.437125806857416,0.9978249320511254,-4.106869677295086,-2.3451191500106288,-5.276291349766946,6.035785632325328,10.473316055383751,-0.025064664702065687,2.005186823199912,7.738641815386429,4.353339163370112,5.932911330043065,-3.953656985437213,6.405833618791308,-2.942021691651072,-2.754447674973556,1.1913170793018704,-8.773833089839378,1.0750828619007164,-3.1193302285708664,0.9863871574323416,4.088095742364898,3.009399924667131,1.28205071229345,5.53810771126895,0.4451175322018022,10.806097975586464,2.2260535755835558,-1.8948196628127123,-8.903282762577389,3.3339326172498014,4.768111587277937,-0.014916831882949549,-2.118618261110353,-4.589507196811235,-2.8320185189296296,-5.546171022513386,4.08260334469376,0.3852315815615698,4.918803031112276,1.1580507403754845,-4.975491652384299,0.21197598301570872,5.341183701987222,6.0615731107663695,6.3793145441683885,-0.7477113923763715,-6.413283963071728,-9.203509761592876,8.32362312890757,-9.029092470642135,-0.9893387641877274,-8.057037731635457,4.623220939371027,-1.3964516634063369,-7.936786020979682,1.842866765850284,8.27978160917085,-3.4607461084337725,-3.5582498020732687,-3.6704660523881576,-0.18434444039676312,-1.8484794552144737,-0.2506228153117708,-4.924160631786672,5.369120681326924,-0.606327710788752,-9.81113413713337,-9.07929969199143,-7.478602436733382,-0.9950349750532008,5.255274536189255,2.3807987450003267,0.8289328807597539,5.265335802940478,-2.396324637633234,-4.770726961361375,6.756355780217735,-1.252440379942941
-4.840627011936178,-3.053284319580544,0.3814765135634689,-3.1875261001305857,4.380183504892254,6.4451840980030015,-0.9920120374445832,1.1153848973538727,2.084720998644153,0.29435222072456607,-2.2129653288413182,2.3155191669729622,0.0,4.680658521979342,4.918098425912051,2.586624701733225,1.3997241242640988,1.872819713951496,1.3323183819337647,1.3481243736656792,1.195428294392642,5.786741244924829,0.37103040140855087,-2.973008954102035,10.437821168923026,-4.556618184110169,15.726230678287756,5.4625010045882,-2.0200235577933072,-5.439052106850651,-2.5582982924864393,12.0479942534242,-3.952703043012684,4.197015555780104,1.2464859456654749,-4.696641831666566,0.6808315678905967,1.7880855019118198,2.737895954047181,-2.4421106740426817,-1.4831337710416348,8.105801803775602,5.700059110430935,8.707277424192723,0.8157939918621848,10.481387159114552,9.393756127465709,7.810503767348154,2.319705055318437,2.355681349330901,3.709430162994271,-3.254441005287521,-0.9066129635580509,0.6031301002888747,-9.378809551832928,1.6762418202430043,-2.1078299240062046,3.229812138748047,7.620212792010921,7.632575684598589,-0.5490990047403465,-0.887931048735953,-0.47196050993399136,5.589536345049025,6.506522182754127,-3.4239044110524217,2.8903484127680126,1.0064663663393951,-7.63801096653953,-3.384743773350213,-1.1679156069822691,-8.051666331730306,-6.964494881204412,-9.913862291498925,-1.2527372987329604,-4.810580813185041,-9.411527066207645,-7.024953554350665,-1.6145194987356335,1.5991231055415336,3.17330874996394,1.705486194321838,2.6352643953986337,7.742552614404411,7.087517573164937,1.474952249711723,-2.7031937426467434,2.67719511784334,-4.3168815329827055,-0.9051404147354029,-1.8573437930413272,4.328129729048448,2.5396214683482814,-5.614701738851376,-0.9918835672911734,8.002408593571225,7.910799736016893,6.861222673329159,-3.5732251115086937,-0.3568907101284975
-4.8841148814466475,-0.5038875345588606,-2.603893064474245,-11.528614630050596,0.2477490981132451,0.33310370638302034,-0.6076549701835574,-3.961751793053644,-3.485051459956999,-2.9999483051957734,-5.656010540783363,4.265818807540537,4.680658521979342,0.0,-1.1204535672615243,13.427820650964392,0.24710388461181013,1.4909326175071036,2.936331122773873,2.975929850809281,-1.2226160410827596,0.7766883047726916,-4.594056170695394,-8.098868904120762,-3.027280413381437,0.15731741309563832,-1.718730060846952,1.2467318971740684,-7.322956941787335,0.3861818252571975,9.694735142062914,5.419094283231847,6.380880619454318,-12.456351055430904,-0.1709478497807465,-3.444470605673805,5.3094912580907065,10.519810864656488,-0.10668418702760459,4.723229983209464,-2.7637092124977767,-1.2278282019498334,3.915299818008015,1.0611474774453755,-3.2808127787027006,-3.7106941722870177,-2.165269848773871,3.454025672030862,3.044062033229177,2.961906970544495,-0.9179330398559138,4.4101315112218415,12.991371674823032,0.6606048604401819,-2.96016619662107,-0.26588478990974257,4.657499511538525,-2.3422364382103864,2.2616174085633056,8.964839938811314,-4.3751437396988555,0.5135177503263127,6.498041549265973,5.867724078915116,5.110920756102521,1.038084677268886,6.1147081815132,-0.2939805537304807,-8.009060447521993,4.000885656573932,0.932923623061075,-11.077820598209287,-4.909770026635974,-6.068878700443179,-5.8792243515787685,-2.895686409072581,-7.059700517928153,-8.438691993610417,-0.5551226811808395,3.6777613524270647,-3.848019181061716,1.422996498695184,4.360570254418658,4.00907253256988,-5.1506729774414195,0.32072394527553577,4.48657211255106,1.3140459427092797,-4.094002299785099,2.0310495974679728,-2.7929125094788327,8.242792065991221,6.6233670071480715,5.344311227913568,4.413735583403904,8.63459797133027,2.9610140258532454,7.305458003782224,3.8351531462699047,3.186406387298656
-1.6459514999138365,-4.499292949294966,-3.8433243104909143,-2.8919138446650408,2.23852650080174,0.2285208142933572,-5.655454186118744,4.074112865950792,3.928121763528896,4.714348734811191,1.230755741916796,8.909707167512568,4.918098425912051,-1.1204535672615243,0.0,11.990500474173652,-5.69163813452327,4.282543807620969,-3.025197520905272,4.125022369877608,5.081126296037032,1.0309229870098493,-6.0971192749995895,-5.095464433682801,-6.11224300835051,-5.307746215449825,2.064514964214144,-4.2279569141356115,-7.642700383715215,0.7090734362752252,9.621307213353274,1.2596536998035743,4.848256463439153,-6.296823324830233,0.9078416476102923,2.046610955291819,0.01462450570578852,9.13410891433448,2.3818050476515658,5.280697386994258,-5.293926975119952,7.733453493211004,-1.8420996389397084,1.3230742925360408,2.198143189967273,-4.312794195613329,-3.3893384600016367,-2.486849158901721,0.9625261422883943,-4.400232511603838,-10.860505417074796,0.6431192391369491,8.67534224896002,4.973355565746438,-4.358172258147336,-0.4492460644939509,2.8297956859004727,-7.306686424741395,1.0153391919715893,9.419493354078448,-1.6028369647613847,-3.1316390929524545,-1.4579233921843469,-3.0998955507764507,-0.7519035308972681,1.7950697822573591,6.167557452130721,-13.89664236832914,-12.676050327804836,1.8909098593328513,3.7818892340052495,-8.61538428722444,-5.635430247136349,-9.995538774033708,-4.745999492980708,-3.166883849118684,-13.070972994639469,-13.15129888851712,2.8360671411901577,3.8381622882864472,-12.478155542581153,1.712228115834544,5.245365262673427,-9.44517841175394,-6.444192492404886,1.4475428382160511,2.024790992059697,-7.450878559849965,-3.1009964820736493,-4.535440437393992,-5.127182611423791,2.4828009082578526,7.580867448117166,5.848553681252449,-5.11084565674103,2.838647794902043,-3.000097234140843,0.0550403001321991,3.008388798760582,-4.876122435788464
1.4509598220529203,5.412913375041434,2.978910290287124,1.8888521169019068,11.9996776472034,5.316500991178453,9.39487371180568,2.7079744967728545,5.245104566237634,1.3263620127029139,3.5500451778259787,4.924988812791554,2.586624701733225,13.427820650964392,11.990500474173652,0.0,-8.890154572997588,-2.1195158200157356,-3.8870114297276976,-6.577315909841236,-13.116194235152179,3.847973382268648,-6.457686690248291,-7.431400697355552,-7.022594116157595,-0.3264401563618795,-2.945819745366041,-7.495708033482908,-9.649219582452872,3.352207212642868,-5.8849556449992635,-4.508208033428182,1.7701241318325667,-10.246105464822708,-4.418931554031343,-6.015066262992385,-8.47964790734523,-1.5896250656405817,-0.7596680053196011,-0.09744982719277481,-12.008672894231507,-1.00054491922047,-14.474989980100604,-11.565114513318033,-6.486554890593549,-10.58882361478662,-6.747510111866465,-8.823759860900113,-9.452694105582896,-11.195797933925592,-2.8638596858522782,-0.12552063649264192,1.767537750729821,-6.809453380802062,-5.386869059963416,-9.770978870758563,-2.8389132733600366,-7.6782446553863215,-3.009368556225985,2.9638727992877865,-9.303453750224534,-2.4657753391743236,2.1605769711256566,-2.2447808902618287,-5.308137523826673,-14.861604297090764,-6.873673297777232,-10.666610900328628,-7.357671184407724,-2.2092170290224864,-13.035674479244978,-5.531907686952338,-11.334203302997013,-7.943132915794213,-10.24528664725824,-11.085022456570876,-11.00981245054017,-1.4860505579145247,-6.89995934275519,-4.841894949673232,-5.336047966487803,-9.206368711796845,-2.864068351426863,-0.5176193177341248,-2.872707803774303,-4.619919025359967,-9.263932886863865,-5.991675893612168,-2.279442725852537,-1.8136586229333491,-9.560619892649523,-4.95807533665583,-4.0856213295208,-10.366066231966421,-12.99008284641124,-2.7341579983748416,-10.786091279845355,-7.991294654994757,-6.684910226431174,-9.65094916758062
1.0191775373058605,-1.2200728154628935,3.2527555755453346,-3.334631311889584,4.747771052987424,-0.17924571635154934,0.11667520807253388,3.447390412897232,-3.4062037645682945,-9.781310702874087,-0.40901892386580646,4.257978419966401,1.3997241242640988,0.24710388461181013,-5.69163813452327,-8.890154572997588,0.0,3.7919924326151264,1.3533691121450295,6.011722980969934,2.067919012057907,1.6711637648868711,-0.26425736743933403,-6.786719272929852,7.766768962668306,-0.08232936890064396,-3.987447185661382,5.505218403099691,-1.50553754129071,9.185198036667272,-2.9667006023023723,-0.07366710381048809,-2.9494915860465687,-9.060961801830441,8.337726540390024,0.8435702651527085,0.8072293481278718,5.3790851418329835,5.553789399048123,10.796939889125767,-0.9679745344662448,9.68170970118514,7.04987391182617,2.5038231289951205,-9.7097130914385,-2.4015729303694155,5.613146387932333,2.1330521062267125,-5.973250681806165,-1.4160635172032268,1.0508341198521247,-2.181955136711202,2.006424511248662,1.7258231184887636,-2.618441128477533,4.442035482295315,-4.273707656282733,-1.3136785444070187,1.15416528811197,-7.383754858762287,2.5073210611786343,7.067581752910023,4.761014610274247,-1.9697033758274292,3.9023566836626458,4.930994089320331,1.3508775019080432,3.9905780845124346,-1.8548665276417928,5.347999090161352,1.058077919421612,-0.7068008926516212,-0.9245161457207064,-1.410568760356992,-5.636158046830007,-3.3584671651239684,-2.156087137093034,-5.220822477853099,-2.000049235543943,0.6717794898255741,-2.8440418504115,2.3176540559425893,3.255113353902426,-1.7308070611797792,-11.994160170791416,10.638159992622327,-0.9910486086386319,2.2615930381222955,-5.17273152157009,2.9688403603785245,-0.6908219446922332,2.6029473214167655,8.742415082734478,-6.110850084046274,5.033726412513768,4.141452889443672,-1.4958019631984871,5.272512249197784,-4.811756619211674,-7.816860729062743
-0.8676188563688134,0.9329272048785752,1.5854250093025346,-4.985491030820269,5.205113178780683,4.030854827405744,4.011203777348528,0.09610592845452232,-0.3285782367089973,-5.47926822110626,-4.403511705028765,2.652973689461556,1.872819713951496,1.4909326175071036,4.282543807620969,-2.1195158200157356,3.7919924326151264,0.0,-1.9335930411363933,3.804147363173501,-3.351030017687084,0.8286804595741528,-4.70209819761865,-4.5701170661139,-1.0175907051258315,-0.21531251069906449,-0.694744395715334,6.004567275722985,-3.2370296536941137,-4.912126210594973,2.581844200553551,-1.0663042998607832,-5.998899400627429,-2.7822444054554447,-3.078696347506327,-5.03659054213102,-3.2404960748726097,-7.304605681126714,-6.111079122208214,3.732886012851522,-4.584028629528387,-1.7662029747740124,2.4953354531047944,3.7457052709495833,3.2153293920466646,-0.6655099781720938,-6.686700688690406,6.693258255299889,0.9766761309724225,1.6682090315708864,-1.6980019552500647,4.8882343658166105,5.182599821671414,-7.439419654521713,-9.589719605248742,1.0015158547994543,-1.1538607064686528,0.0600845063929809,0.24254781517385263,8.686172926185792,-7.7894184967553155,0.42154883976847246,4.4309204242047,13.466798742022219,8.040207242944158,-6.409599349750524,2.7002148511650406,0.4492745109183676,-2.5191106467810265,-1.4361592410666195,-2.9058542566873076,-6.155481063369085,-3.9037919973781774,-9.596877188061228,-2.0038959981590074,-6.515894439662705,-4.6142911475885295,-6.128093823665753,-3.2444590678474428,-9.810997718817596,-2.1441422513526662,-7.537014128963747,-0.8533997585644297,6.7342291080179875,6.07533625516103,-5.255727448604857,-3.396669894374713,-1.3933292126699293,-2.0212207891693734,1.6249142013526792,-6.651130087172863,1.7868060654891242,-1.9141150289602276,-4.782835630377504,-6.412532403932431,3.3623953618953726,4.89592394621959,1.0243088028225522,-0.5701486030360036,-2.1600943736549407
3.4856369223138,-1.2391423286249108,6.00523552562027,-7.353490050527631,4.415784590308284,3.634375230626953,-4.095569526322663,0.44432056999243263,-0.4674457292243424,-13.904017124159184,1.2241335468356098,6.624317265233905,1.3323183819337647,2.936331122773873,-3.025197520905272,-3.8870114297276976,1.3533691121450295,-1.9335930411363933,0.0,6.021674065734242,4.103282135763312,2.6601573680626305,-1.506478394288873,-10.485876129660134,7.7707897350134525,-0.8805014388218569,-7.145434345360039,0.5324752139124593,-4.558609260033199,-2.762378541659291,1.6140003428480558,10.449720534047636,-0.2127542122717552,-9.047165149867809,-0.4939337099238614,-7.1716972618148205,-2.821255573394246,1.553518944057976,-0.43948060143531353,9.056581515185472,-2.3806146894807205,-3.7263912234762726,3.318241946509859,-1.2169993104422507,-12.275399163499996,-8.648988693881355,-6.467436410650504,-3.44427149312818,-3.5461605683689754,0.8166169714907769,-4.317569705348527,-0.062034136235777776,4.938646271203268,-2.039237084242511,-8.891712436317825,-0.5516275043601382,0.0773763003001367,0.6640332156307227,8.230224913907673,1.7688794086223154,-0.05510966724819786,0.7158414895720947,0.1732666266075159,1.996728522061188,2.427421464986464,2.873724076954973,2.257778117972621,-4.552494289189748,-9.701011642286925,5.376024252593129,2.775058797906935,-1.113276492591532,-0.37562293477507874,-2.785590205831577,-4.848106898009116,-2.588294685480025,-0.167165095065531,-7.428242475054678,-7.664716007271519,2.77563412456746,-6.2652021196325585,0.9121575957081448,-7.1235974041358086,-1.9190352578175047,-13.452943256492812,-1.0693196061636003,-4.683637696900199,-2.504805316228827,-10.331533992264225,3.9040904922872985,-5.893986887934132,-1.1124721347083195,4.228560972367439,-2.571698019850907,1.8405717548340328,3.465299501407024,-2.173454753837124,-0.6758499177630789,-7.1726131914576206,-3.603693793833739
0.7830648283072646,2.3234515538227742,2.8629911567625403,-1.5441794420048902,10.277649474359068,2.275442002789824,-3.21651621067376,2.8428308940450213,2.1097517819347047,-6.2234779076264415,-1.247339573103873,3.572752662481163,1.3481243736656792,2.975929850809281,4.125022369877608,-6.577315909841236,6.011722980969934,3.804147363173501,6.021674065734242,0.0,1.4824583764410195,-4.737768002980203,1.965803257265948,-1.0142996284466703,-2.756202197737564,-4.355236118592231,-5.642066624242457,-1.271382579816888,-7.378230819008129,-3.012778257666752,4.814501487957533,-2.0213349127374087,-7.816494308958154,-4.4912983950407135,-2.5114209851612177,-6.199628987516329,-4.681896087857608,1.553072447255825,-0.2912845977861148,11.106887795850456,-3.3210406658768523,2.5707580601955318,3.9865051455071976,-1.2228537599617328,-4.343045341710175,-4.403518213637312,1.335970954563186,-0.5335251060910016,-5.07553050849083,-4.552150066866417,1.9010594924289572,-2.3645039006612,1.0476681696357932,-6.266168226626268,-10.127783077882315,-0.6236619444063115,-1.473866437192496,-11.309322285275448,0.05256382042128567,5.712779300661401,-0.6222529218816724,-4.513203231538837,-1.1491987284013725,0.30040908594159926,0.6793898276006205,3.004632055128912,7.0076986527077825,-9.926940572582085,-5.134449257510222,0.2765214684314905,-3.7617181185696418,-4.607495131509492,-8.990612463872186,1.371013087572278,-0.07180416523850011,-2.9275764068053016,-6.444368345779341,-4.430419610861085,10.450605399863171,2.826832131833832,-3.3443015273828647,-2.662562146298673,3.3747467623834466,0.2963047209199853,-5.690071879276367,-4.41489203928807,-6.19838642227264,0.8476658093938648,-3.213885972647313,0.414174694335074,1.776610377450854,-0.5315377171655402,1.069824642579705,-5.907129308181668,0.3097157370449884,5.354648150408805,-0.9721729092066173,-2.9067845485103447,1.076704773701876,-4.333189351426912
1.1825047976564007,-0.7529740399073802,-2.979789781586274,-7.110986373634759,2.960287497593952,-0.07256809022241117,-5.302819081040802,1.0154326782818803,1.3453486993148795,-6.056304566549172,-3.578269259683037,6.220038317525125,1.195428294392642,-1.2226160410827596,5.081126296037032,-13.116194235152179,2.067919012057907,-3.351030017687084,4.103282135763312,1.4824583764410195,0.0,1.3311540219811613,-4.84137448853204,-9.663296696982975,-3.210220867813125,-2.1244393536696924,-0.6923071955710894,-0.8001312571189848,-1.9219554605963087,-4.658841993614642,4.575297943326265,3.285611035210444,1.196200580593118,-4.778062325155798,3.0959027245745863,0.23701941014983968,5.692545890982379,4.928466037937649,1.4071312407633416,8.68191858180581,0.3080866311133131,-2.0407711571760894,1.3954935246365083,-4.190844552948854,-0.872892418925229,-4.776396177735774,-0.7907782454963745,-2.426810252507372,-2.3791093197434443,0.26802500224939085,-3.9612745866382286,2.6390390323744555,10.796381667593444,6.606383547448517,-3.5071939023699645,0.5114428493711708,5.226568967458598,-8.299345831829516,4.052685783729364,8.922923864679628,-1.0590329644726744,3.1162407916013017,2.715556110728586,-2.7169237180620534,-6.223495883043941,2.067935947025603,5.749433439032497,-12.211037752100948,-17.495240319564868,6.376442835921235,2.293450642929588,-3.4488929531253607,-8.146473891024732,-3.7739186593796865,-6.6670525686884,-1.9997684669197275,-5.548238699098089,-7.055203060262137,-0.6646288261824908,3.4362770358223935,-9.573865771891587,-4.773877254399174,0.29032566576601293,0.4219550966750388,-8.122256247277239,4.159797835437755,2.8857830286474218,1.0731599738704967,-3.701553508356637,-3.650727742117332,-2.9274601965256,0.785476670368954,1.9740103237977928,3.2324956663183864,0.6636037767718077,1.4860561979214888,-0.25957809186323216,1.3129294984404771,1.4431087186272071,1.5539133985118099
