0.000000000000000000e+00,-2.512127451748235707e+00,-1.130635477219553486e+00,3.604772284803446358e-01,2.147600000775214291e+00,-6.865754542713445652e+00,-5.804635102970366667e+00,-5.746383670334355820e+00,-2.655693587845109338e+00,-9.309426108831404534e+00,4.581853214958918841e+00,-1.087221052847578839e+01,-4.984259052184456529e+00,-8.302651111326131428e+00,-7.805356098009551324e+00,1.908837516834459791e+00,-4.379501276714247382e+00,2.641617686644068375e+00,-3.529724711112609992e+00,-1.229579766091798559e-01,-4.063458697027804156e+00,-8.371413404119396162e+00,7.629417550475163512e-02,-3.273281934107166613e+00,-1.718406297784873749e+00,-9.494643124439678949e-01,-1.661940018543768049e+00,-8.031090824600026323e+00,2.410368574714985890e+00,-2.078729045895459926e+00,-8.082615897446411068e+00,-3.975562390814893377e+00,-1.086762934418086246e+01,-4.546113968940119321e+00,-1.349130412358306152e+01,-8.254881890099523972e-03,-5.336212435358111073e+00,-1.347107439875317336e+00,1.873354434675688074e+00,-2.537705564143009518e+00,-2.085041299330478992e+00,1.771231566339895869e+00,3.726328342443388508e-01,-7.471696220754674655e+00,-6.995859696921136184e+00,-7.522428699964919474e+00,-1.151912678058046779e+01,-1.105311814183505348e+01,-1.696684659686534813e+00,-9.027923019977711405e+00,-4.304238876456743523e-01,-2.116666913322495347e+00,-4.201198517538839106e+00,2.230041102279927578e+00,-8.117024703694804444e+00,2.249684582192558846e+00,-8.348548992978633621e+00,1.354671144526986559e+00,3.173468019675073748e+00,6.266462690373090894e+00,-2.919830061363626328e+00,-4.287046701094467949e+00,-1.102140677439490268e+01,-3.547588884103851203e+00,-1.679112794208518666e+00,-5.993353603110803007e+00,-6.380983541172041917e+00,-2.583169073930352333e+00,-5.384562887319780167e+00,-3.972154072897890575e+00,-1.170104673629898784e+00,-1.586170551959266595e+00,1.573845652992161614e+00,-1.062257742735381250e+01,-2.674780260798892972e-01,-2.365230403635286915e+00,5.523542620762381894e+00,-6.140012043072271553e+00,-7.631263122866537962e+00,3.554335688289980144e+00,1.091838602880664533e-01,-3.872242386162570771e+00,-1.198256506268551291e+01,-7.607391646565655030e+00,-2.593720360913491785e-01,8.927549124336367825e+00,-1.736464639666608578e+00,-6.567335294056541706e+00,-9.352631596463556463e+00,-9.505955637504866829e+00,5.250596300666834360e+00,-1.581863591583972939e+00,1.836364600623760168e+00,2.757394716180404437e+00,-3.836812037371491346e+00,-7.092886358692938487e+00,-2.282138827191451114e+00,-5.194035581297997695e+00,8.688895873771063094e+00,-4.743949623428853180e+00
-2.512127451748235707e+00,0.000000000000000000e+00,-8.930048733984765619e+00,5.766824357793653988e-01,-4.247143934172452617e+00,-3.604666084407428528e+00,-3.453686613530574601e+00,-7.959719119561849077e+00,-7.791030661149083159e+00,-4.294460061007081997e+00,8.196744656769703319e-01,-1.249057707759541458e+01,2.082650084370220256e+00,-5.827599249495095890e+00,-4.156459374819990060e+00,-2.045279834461320723e-02,-6.460983794353428067e+00,-5.451040275027918547e-01,-3.873888834318791830e+00,3.957232924999401491e-01,3.773303393496412195e+00,-6.945241306622064181e-01,-3.958637181417304696e+00,-2.667629637265558351e+00,3.106631628350671637e+00,-1.985223778417158025e+00,-5.728675270151047272e+00,1.305320850097877683e+00,3.095836028381732774e+00,-7.092410928385360691e+00,-6.610763277584174702e+00,-8.582661193306634573e+00,-2.319840291504926544e+00,-6.562117840314279915e-02,-2.979413011532415778e-01,-2.778156413760120902e+00,8.415217738516290069e+00,-4.680525420169104223e+00,3.830861197959444464e+00,6.791465737600293373e+00,-5.587878939281450741e+00,-6.280839845245943742e+00,-3.658482467614777578e-01,-7.697231350374210912e+00,-4.904780473764352777e+00,-9.716373057715284034e+00,2.140047227313649270e+00,-2.785548341383759396e+00,-7.516088236268961609e+00,-4.774817451093812615e+00,-2.093972785898280620e+00,6.326958366190227778e+00,-9.668933432735480338e+00,-7.251585303918676173e-01,1.888052957030929457e+00,-4.621537707569184583e+00,-8.379986024463628169e+00,-4.881999248287128168e+00,-1.597329662633160119e+00,-2.588736814953192855e+00,-9.486753375480802219e+00,1.423042777597052000e+00,-1.345058110740729340e+01,-2.843834097159360308e+00,8.286945692082537951e-01,-4.585378894815402617e+00,-1.365848834942864354e+00,-1.135352013211932798e+00,7.083282740901428731e-01,-7.049074480800009646e+00,4.477479290941173140e+00,-9.083497825239790657e+00,1.293470844415921306e+00,-2.759775167541303365e+00,3.306962193266107519e+00,-1.347143622340828450e+01,3.649264879627492242e+00,1.237056495421215541e+00,-1.095115545236201626e+01,-1.103631344916783519e+01,-5.086967502944027331e+00,-4.027401472094363499e-01,-8.716302221625664259e+00,-1.072681139065700151e+01,-8.045135865735054681e-01,-1.610482862671621884e+00,5.020588359083252072e+00,-2.180994555325973305e+00,-1.206380285190823720e+01,-7.416357215805026826e+00,-1.144405985983289931e+01,-2.244148439461934430e+00,-3.890911625655852468e+00,-2.985689460738814471e+00,-1.171737201923143346e+01,-2.470715105385441479e+00,-2.509457565258129463e+00,-5.827088591961128827e+00,-1.787588517894079798e+00,-4.234089168979889628e+00
-1.130635477219553486e+00,-8.930048733984765619e+00,0.000000000000000000e+00,6.612828250408353092e+00,3.430592265377855110e+00,3.525020615098092946e+00,2.333448672698151150e+00,5.054164207734196390e-01,1.300000986390107194e+00,1.353141419785239918e+01,2.375803230119615250e+00,-1.818785573741561246e+00,8.459316476473375701e+00,-4.865349209647252815e-01,6.264186247584013767e-01,-4.496531618317378687e+00,3.053646159230281931e+00,7.038825269817277075e+00,-3.291423176594426625e+00,2.581005285905050517e+00,9.304261354297089781e+00,9.766400207185272464e+00,5.277794384358442947e+00,4.543815374987124400e+00,5.579821265556977217e+00,-2.861376370101557320e+00,7.893413859123094234e+00,5.131646445437024973e+00,9.102983226209747869e+00,8.331798860527257489e-01,-2.286690515654374867e+00,2.886948678121388223e+00,8.607400539426754094e+00,5.101849411656392164e+00,5.123487144487673284e+00,2.983740795035335847e+00,-1.792241420551992093e-01,3.653329266467050473e+00,6.410891317199529205e+00,4.726306391714361510e+00,-3.744368863261778202e+00,-3.757881714156128705e+00,6.389546694166993390e+00,1.813200044598875849e+00,8.975034539220180463e+00,2.058081389134227834e-01,9.676782215042695867e+00,9.278464513770481759e+00,-2.775928387113802409e-01,-5.425502474056740354e-01,2.295805135898575600e+00,6.100621548951776774e+00,-1.257636082514885512e-01,-2.251426661312176059e+00,3.706814019072352639e+00,-2.972643169968785415e+00,-4.042686639638051638e+00,2.719077977836551696e+00,7.047820357062914098e+00,1.260407016597727914e+00,-3.962648949033920065e+00,2.379104608615393079e+00,5.504485892085340559e+00,1.933778967500352941e+00,-2.310956856481434674e+00,1.080730146545744930e+01,7.288799028781016709e+00,-8.495040392057773282e-02,-1.592400294044212350e+00,3.726523201761157811e+00,8.957265589413347939e+00,1.032941063461220388e+00,1.088669993948393788e+01,6.901536110105216615e+00,9.664025522405529145e+00,-9.852422866977260441e+00,1.218658237876526584e+01,1.621335786710273563e+00,-5.414046518619076487e+00,1.963213923498322577e-01,-3.134728374307458321e+00,5.663973190586743200e+00,4.828288931396533812e+00,-2.677191220313826836e+00,5.650716108918698133e+00,4.757937543232021227e+00,-1.155642838092818758e+00,-4.606686084704214035e-01,1.195404068659517149e-01,-2.858382693657386842e+00,-8.311521508767169664e+00,1.020337539208961353e+01,7.512310203959302046e-02,-2.272073652644777120e+00,4.305524297114218246e-01,5.590695549974284972e+00,-5.079326839429696427e+00,2.592067843586870701e+00,-3.107871921871035337e+00,2.000615952235608397e+00
3.604772284803446358e-01,5.766824357793653988e-01,6.612828250408353092e+00,0.000000000000000000e+00,-2.068227518709123913e+00,2.153877936086802780e+00,2.054882807709004222e+00,-2.907554808020990311e+00,-2.138156934986017887e+00,1.773369366630200838e-01,5.210257349736105326e+00,-1.152950865712254469e+01,2.312593644717818808e+00,-9.878072447449889992e+00,-5.125811094444816085e+00,1.554561941854781248e-01,-3.389560808764362498e-01,6.587507177623831423e-01,-1.080359167886120275e+01,-6.467838177092605001e+00,4.736364310753766738e-01,-9.410530276031682462e+00,-9.068375736364449935e+00,-9.508530860586114741e+00,-9.481911004084524919e+00,9.928494306996674124e-03,5.872127922548202594e-01,-2.499508221807936081e+00,-7.184433345398243631e+00,-9.028671565950340039e+00,-6.368625808342703642e+00,-1.816048495596589873e+00,-3.154149398633788071e+00,-4.565713937925459653e+00,-2.151385310547716312e+00,1.150259369191327785e+01,5.671207789234737007e+00,1.070065323749971098e+00,5.314151639462433074e+00,-4.911614613461061651e+00,-1.830933506758389395e+00,-1.590348025147450550e-01,2.469652107897395144e-01,1.968463808383397629e+00,2.672600784333279744e+00,-4.524629148288995317e+00,1.721726492671914244e+00,-4.533227663860508017e+00,-6.102011452815254700e+00,2.269136246468418161e+00,2.754012527496271012e+00,4.157920489239679829e-01,-4.379648249924112058e+00,-1.264976095744537954e+00,-2.116349460237267888e+00,-3.299107971242789983e+00,2.525994647936993243e-01,-2.499112348203078149e+00,1.937100525883529878e+00,9.194630175554019402e-01,-1.219309141160454146e+01,3.059602359120108250e+00,-8.415558378983305943e+00,-6.297547573396176546e+00,-5.716176902197001475e+00,-2.247668318970462931e+00,-4.303019481523282508e+00,3.234016240193756664e-01,-7.139046776642057779e+00,-5.310877152023010250e-01,2.449514894323037595e+00,-1.127067544865304960e+01,-4.009715388065211883e+00,1.631278701108964890e+00,-5.591641742735146359e+00,-1.023695845783468705e+01,-6.980822768410070545e+00,-1.580609173993757111e+01,-8.492482808989441523e+00,-5.659262194614312236e+00,-9.385338602147859532e+00,-3.998961435964254463e+00,2.070595398265993925e+00,-9.414596980289024586e+00,-5.824006651453374594e+00,-5.047042223239516900e+00,8.888232757247440663e-01,-8.165725781589976862e+00,3.079487311189772480e+00,-1.173792107368426096e+00,-1.066979367744875162e+01,-1.287527655240221058e+00,-7.073906582174934066e+00,-8.407319253160077110e+00,-1.909479792435325729e+00,-3.741966644181304424e+00,-6.053235125258598082e+00,-1.163748064853620967e+01,2.140650004062889966e+00,-9.596347319267232168e-01
2.147600000775214291e+00,-4.247143934172452617e+00,3.430592265377855110e+00,-2.068227518709123913e+00,0.000000000000000000e+00,8.153859941269558931e+00,4.982033997946943238e+00,-1.684028800596773845e+00,-2.852831598412518266e-02,1.317192852994803687e+01,1.109850373055818729e+01,-3.659162055391011581e+00,-7.382754091537971353e-02,-2.210879989469877405e+00,3.274151763901620882e+00,-6.204456923380134992e-01,-6.694693220221219043e+00,6.202742281423701876e+00,-1.031169906284889137e+01,3.394271054904224094e+00,2.641502144416965958e+00,-8.469809861425243724e-01,-3.546863575597102081e+00,-4.495866199927706086e-01,-7.193476785136021512e+00,1.144254431504042202e+01,-2.071963694232853204e+00,1.876223121359004375e+00,3.275378759226250103e-01,-4.682475858578513339e+00,-2.494970280123664175e+00,8.311426302343674077e-01,6.366278021227044448e+00,3.255841602718129391e+00,1.807543827279117998e+00,9.272357556811702040e+00,2.646769154804266666e+00,3.824315617270013234e+00,6.810131476123133076e+00,7.776912084490838595e+00,-3.954181031447089545e+00,-1.394118622816447051e+00,4.522449434328242646e+00,1.946861566547130939e+00,4.547998973466656381e+00,3.099011024588397500e+00,1.151200564656099523e+01,6.804372274911335339e+00,-4.705014669583393427e+00,3.733117540621565755e+00,9.785437263597648538e+00,5.846440812023191214e+00,-2.114905783552976537e+00,-2.412888584934681779e-01,1.077947208280679359e+00,1.640702495764475022e-01,-1.685319835919817599e+00,6.972026073431102366e-01,3.613484491338291971e+00,4.475377482445433763e+00,-8.524354771822276078e+00,3.794640416462325749e+00,-1.103934984127848518e+00,1.355942015316438543e+00,1.331882472543828078e+00,7.976421912132147796e+00,5.248907331722039160e+00,2.133705978756577526e+00,-9.081185903472695387e+00,1.254856102901344306e+00,8.610574856731034288e+00,-1.056739554824679317e+01,2.865984342050778899e+00,1.235259471864579872e+01,1.523300808600651424e+00,-3.531851530733492783e+00,6.310023944449484334e-01,-9.088396816643825815e+00,-3.673788186355335217e+00,-4.599212150524000897e+00,-2.273137263496425309e+00,5.269965602331415866e+00,-2.774540347763978065e+00,-5.192916854519037173e+00,-1.902691071900461273e+00,-6.047307807365991800e-02,-1.866940597676978841e+00,-7.874394590430776830e+00,-2.019694068993253655e+00,-3.574649016366951315e+00,-6.067090863708475723e+00,2.684266016408352051e+00,-3.927776294164594173e+00,-9.472898606797906851e+00,-2.355302098280870116e+00,-4.084260998342553961e+00,-6.510438638670187572e+00,-2.911407869067812015e+00,2.652297884363760350e+00,6.634489948830681882e-01
-6.865754542713445652e+00,-3.604666084407428528e+00,3.525020615098092946e+00,2.153877936086802780e+00,8.153859941269558931e+00,0.000000000000000000e+00,-7.770668084218009142e+00,-8.836376445089127785e+00,2.425382215493213367e-01,-5.590199298521551619e+00,-4.506376126011968353e+00,-1.570563554949808527e+01,6.699386873305079426e+00,-4.186476937309597801e+00,-2.312626348130765397e+00,-1.633042598417128177e+00,-1.773013116120934818e+00,9.740901902838277060e-01,-1.377206082990334590e-01,-3.751099937718812782e+00,3.176176091015012748e+00,1.368308979825055616e+00,-3.454212786913845701e+00,-2.053841969946330892e-01,-5.580509720624859948e-01,-5.202796476270083126e+00,-3.510568982570291929e+00,3.328721016251015019e+00,-2.606119067746921480e+00,-5.355424032148015101e+00,-8.481180177195243530e+00,-1.049846047596966869e+01,1.760663474956385643e+00,-2.112309946490420032e+00,3.830559422323216001e+00,-5.084771518950681468e+00,3.312207719494440816e+00,-4.324964507156169091e+00,1.236491091767689676e+00,5.958857608948656015e+00,5.009293336370905791e-01,-2.814884765653736576e+00,6.840769021722420185e+00,-3.463078330255614734e+00,-5.356289241015033120e+00,-2.267998383423364572e+00,2.309314207348586834e+00,-5.532386030090578721e+00,-2.045279349619900877e+00,-5.828888083842429069e+00,3.544719461647645176e+00,-1.496396929055076264e+00,-5.899293560672607128e+00,-9.048550545789522559e+00,-3.546951452341845279e+00,1.727555021118531708e-01,-7.000931956776521581e+00,-3.518722721703694489e+00,-1.022936030321197842e+00,-3.209481101390271096e+00,-6.270206206799762150e+00,1.205004154638307012e+00,-6.295997759265890004e+00,-7.611729116480705493e+00,-5.840449970420227288e+00,-3.675438533917123163e+00,-5.019097151249977129e-01,-4.414543689858772879e+00,4.909043391703216130e-01,-1.091623068360257776e+01,-1.980340605294376832e+00,-1.456003679579963572e+00,5.915943224096281705e-01,-7.060704692174895492e+00,5.788794042221955927e+00,-1.433362431229169154e+01,4.209657500064926339e+00,2.426518908897222548e+00,-8.195256214962562069e+00,-5.222604125041735657e+00,-6.135682462249254954e+00,-1.697055444938398994e+00,-2.658115327180973431e+00,-4.753744406429587954e+00,-3.270260761470994426e-01,-3.230010869441368726e+00,1.120451208498282281e+00,-2.981169154199623250e+00,-9.270535837040144500e+00,-3.795088802345624401e+00,-3.906756789392895168e+00,-7.829804024150864628e+00,-2.296262570823647042e+00,-1.519862364862867521e+00,-8.249132464712511492e+00,2.704279284789137705e+00,-3.579079715733187061e+00,-5.938465950037392638e+00,1.467672785450832906e+00,-4.005457823703358677e+00
-5.804635102970366667e+00,-3.453686613530574601e+00,2.333448672698151150e+00,2.054882807709004222e+00,4.982033997946943238e+00,-7.770668084218009142e+00,0.000000000000000000e+00,-7.182211128286948743e+00,6.393123724205570513e-01,2.571259982590941462e+00,6.439457287443963729e+00,-2.013578988785428070e+00,-1.478010716706301464e+00,-2.371793753338489186e+00,-1.157093100845570488e+00,6.267060081873618849e+00,-4.008269643456785047e+00,-4.634433215385371341e+00,-6.770403199434746888e+00,-6.102267328627736021e+00,1.375290855807565160e+00,-6.071095737450706409e+00,-2.823025618349916055e+00,3.445375673120401050e-01,-8.647443692792304404e+00,-5.547137204763248342e-01,-6.779883674278600836e+00,-2.651905874241720085e+00,-1.090192310586877511e+01,1.510275741548934070e+00,5.207854971581252990e+00,6.926169208688572054e-02,4.650017615720619446e+00,-9.894091199724769359e-02,3.381036186558470380e+00,6.373199483502000717e+00,7.061706368289414115e+00,2.703478082316369324e+00,1.696148260359418902e+00,4.680151756669448382e+00,-2.747407692949341396e+00,6.136144929013513050e+00,3.279552315320187539e+00,5.024709464306610585e+00,1.045052455842956141e+00,2.341685219542946506e+00,1.049937633731488340e+01,8.004036888667672045e+00,-1.945786726203226902e+00,-7.539168210708311335e-01,5.408158082222919161e-01,4.641344635236676730e+00,2.950873903848777458e-01,-5.003020708094467750e+00,6.586673411629575092e+00,8.269470362046302370e+00,-8.316733489671644719e+00,-1.592945228584187412e+00,9.351727764375846519e+00,3.417250438092106268e+00,-4.404612068860399354e+00,-3.243233940287988837e+00,3.999386723081832518e+00,7.556628655246934834e+00,1.567777205035016719e+00,3.463305601302072656e+00,1.454656066412073789e+00,3.961017986748008646e+00,2.205790081782765810e+00,-5.506029764408006955e+00,-4.575977226282610388e+00,-2.823449229919339221e+00,1.740411047951501811e+00,1.234892838541558735e+00,2.461683767574008197e+00,8.701640660763466928e-02,-5.035076128313455079e+00,-6.719931263160320967e+00,-1.380698711559367742e-01,-8.844026039427002051e-01,-3.624296566104477701e+00,9.916444085071983494e+00,-1.554383677131470298e+00,-6.423242042215404624e-01,-5.264978790771508876e+00,3.503758814569653879e+00,9.258226818841881922e+00,4.106761995910654051e+00,2.634351160831685856e+00,-1.153385381931701037e+00,1.200617472185191437e-01,-4.636317028310261712e+00,-2.337686123730303489e+00,2.969867254067327877e+00,-5.399136066474926610e-01,7.329373654045007846e+00,-1.424047950514198524e+00,-1.858328178495824989e+00,6.986963938595430079e+00,1.752364042207260608e+00
-5.746383670334355820e+00,-7.959719119561849077e+00,5.054164207734196390e-01,-2.907554808020990311e+00,-1.684028800596773845e+00,-8.836376445089127785e+00,-7.182211128286948743e+00,0.000000000000000000e+00,-9.063148899476405340e-01,8.935468616911180106e+00,7.647182113988654883e+00,4.550489055688315077e+00,9.065006761839680127e-01,-7.573336357172371969e+00,-2.286591941404279016e+00,-1.592037838221004531e+00,6.021471598916680601e-02,1.286148421531032815e+00,-2.623648548894644605e+00,3.790885262232913888e+00,3.004028249644234094e+00,2.626148067689024312e+00,-1.065529264129698284e+00,6.240506229490797807e+00,1.657854453946349782e+00,7.138278049612840626e+00,-2.099203634847547129e+00,8.168764861753269102e+00,1.544076668791764861e+00,-5.388322045879666788e+00,-4.435219730439136754e+00,9.140975205954366967e-01,8.112101839304219908e+00,-1.125414366576986236e+00,2.628949716014939764e+00,4.233199522443334750e+00,7.526741491558212260e+00,4.689615453808311685e+00,-1.823118331242329637e-01,7.823546337385147709e+00,-8.670223117216950826e+00,-7.132660555431737492e+00,2.323747391726005418e+00,-3.374913345732942993e+00,3.132061972770077141e+00,-2.303897504847149946e+00,3.812704651100258246e+00,9.789222882925880498e+00,-5.670832202629024765e-01,2.283551525635885149e+00,6.263665027635785698e+00,7.536355525509556230e+00,-9.526665239868109536e-01,-2.565031987296186866e-01,3.674590679400893123e+00,1.219443254540254928e+00,2.068589605505111173e-02,-1.251276051721414539e+00,3.029821504148469735e+00,5.699357914440104089e+00,-1.043436349374017524e+00,4.172954243024736165e+00,-1.900749945526206908e+00,-1.413783455740249329e+00,3.652833351421992614e+00,5.144424271434605345e+00,1.059626560018184094e+01,2.246506718972095529e-01,-9.683109281218536424e+00,-4.818900358833464459e+00,5.863694631772021104e+00,-6.522614006317255075e+00,6.053486190951000712e-01,1.081689333538098374e+01,1.254526265988407774e+00,-3.475017125755266445e+00,-1.211623464017915985e+00,1.537772492410830472e-01,3.988069791011262577e+00,-1.481639117183036092e+00,-4.892291614799881394e+00,5.277957455503447193e+00,9.523013679053031755e-01,-6.878365009776919337e+00,1.341781107178967591e-01,6.187325837132646722e-01,-3.911055698104057843e-01,-9.708748191963585406e-01,-4.468876013893630095e+00,-1.465999047287855683e+00,-6.081467350263835669e+00,4.372751928627708118e+00,-2.899819516939432518e+00,-5.683287480166740124e+00,-6.920587705938282319e+00,-9.491717681459954647e-01,-6.789196755398392291e+00,7.254075945218846355e-02,2.281670557051655557e+00,3.068916826651381324e+00
-2.655693587845109338e+00,-7.791030661149083159e+00,1.300000986390107194e+00,-2.138156934986017887e+00,-2.852831598412518266e-02,2.425382215493213367e-01,6.393123724205570513e-01,-9.063148899476405340e-01,0.000000000000000000e+00,4.711713125137515945e+00,-1.430227582218148719e+00,-6.078324812494265039e+00,1.407590975914800424e+00,-4.521406136737595283e+00,2.209883061876899646e+00,-4.330613887293670139e+00,-5.982577329205655658e+00,5.392220847931930017e-01,-3.500104304276022926e+00,-2.343860164649499644e+00,2.020777690038982333e-01,6.784969485925657073e-01,1.883644050114022361e+00,1.481038528356495299e+00,-3.717386641684357507e+00,-2.125211058160727529e+00,-1.453679357653957949e+00,7.381314817470715717e+00,8.247186529173170300e+00,-1.992619893293174682e+00,-7.659000368542731252e+00,-5.233127031053789402e+00,-5.124234848269129117e+00,-4.759502086823404809e+00,-1.402721223128155614e+00,-2.381894564224552813e+00,-1.528203457376963170e+00,2.373556739419976136e+00,3.888489829614972138e+00,1.118545935906918531e+00,-3.620495039253915692e+00,-7.609851851592792649e+00,1.109248318541032452e+00,-4.421578135050828529e+00,1.690424079600600926e+00,4.503802242718450977e+00,5.031342440824986717e+00,-2.251513381967666927e+00,-8.048675657692296870e-01,-2.679701147649750315e+00,2.486040287356480416e+00,4.495218826956380198e+00,-5.218412822910943660e+00,-2.661051523576440481e+00,-1.454739688008977794e+00,7.654519999986435508e-01,-2.031769070887797568e+00,-1.138832916397398920e+00,1.358765558273261620e+00,5.758249451353442128e-01,-6.796589094725597135e+00,-3.428146502271804952e+00,-2.334875541722869929e+00,-4.511467455183670872e+00,-9.589491670329456374e-01,1.027488818793726583e-01,6.029376717972922073e+00,-6.026623589721099350e+00,-9.134461381610497810e+00,-6.692350609091453073e+00,5.174017917903873887e+00,-3.314120905555333785e+00,-2.048876355178276487e+00,2.161065020461832020e+00,3.174529167782888628e+00,-9.676947699433572581e+00,4.961101528088096124e+00,-6.302292595010661191e-01,-2.036439338403567501e+00,-1.021524011126356379e+00,-9.245381520974499168e+00,-6.592064424315987381e+00,-1.730679897160277925e+00,-8.584216612833118987e+00,-4.704302105685741253e+00,-4.139867073849851309e+00,6.583607823413391014e-01,-8.844028366162891786e+00,-9.383050605530845800e+00,-6.570058594054138723e+00,-6.735960468948354318e+00,-4.078649775470108985e+00,-4.849339989264993100e+00,-1.226688610562344017e+01,-1.148496360019730567e+01,-6.949760813830829775e-01,-2.864606112555584616e+00,-4.892620782379161426e+00,-3.854587418775281105e+00,-5.725640031107865902e+00
-9.309426108831404534e+00,-4.294460061007081997e+00,1.353141419785239918e+01,1.773369366630200838e-01,1.317192852994803687e+01,-5.590199298521551619e+00,2.571259982590941462e+00,8.935468616911180106e+00,4.711713125137515945e+00,0.000000000000000000e+00,3.791994616756844572e+00,-6.588342506173018975e+00,-1.704443184983219339e+00,-4.348302835871064254e+00,-3.212491915681564336e+00,1.869324904877313065e+00,-5.030397058042773040e+00,-7.439667302620754263e+00,-6.939710243036571136e+00,-4.817049900250066408e+00,2.355119365844240698e-01,-7.454000022530500313e-01,-8.150806345123264407e+00,-6.205584951851713882e+00,-9.695956895419726163e-01,-2.329829385496632599e-01,-1.069757558084356575e+01,-1.916240413213712079e+00,-4.901192926289422935e+00,-7.567367750877846078e+00,-3.454268974105281664e+00,-1.615516705030984212e+01,3.323521244158998966e-01,9.691407635355444583e+00,-2.253598061981321177e+00,5.231023134132747110e+00,5.779617516867221916e+00,-3.843555239844925975e+00,3.046784152001947632e+00,5.632991223185220164e+00,-4.780943566821454493e-01,-5.423194523613252827e+00,-3.441025017189416779e+00,1.551659370351155420e+00,-1.011414137816355030e+00,-9.990363470951933778e+00,4.421630418007311825e+00,-7.407492540938621417e+00,-4.346807076000868797e+00,-4.477524428407680723e+00,-4.069859112160240322e+00,3.364377856033470060e+00,-3.116927968125239534e+00,-3.648741564483612532e+00,3.000920389995106685e+00,1.622408630176176203e+00,-1.048825033102747106e+01,-6.811453386500017970e+00,4.596975070609218283e-01,-3.999179605525383874e+00,-3.522983495711864865e+00,1.241662044375218210e+00,-2.808428715472218506e+00,-3.204878547913290188e+00,-4.506285183983346876e+00,-2.597803667015316176e+00,-2.370731877704510548e+00,5.847670960877738189e+00,-2.983461504415330978e+00,-7.365084190809649378e+00,-5.301653250928991312e+00,-2.488553761706860268e+00,-2.125934650212071730e+00,1.634388125544494308e+00,3.680327824642052104e+00,-1.132262037824484224e+01,-2.314257543730275035e+00,-4.734970185485425809e+00,-2.777653828907761024e+00,-1.202003926963550384e+01,1.232562994751562835e+00,1.287199669394552259e+01,-6.823620398943890386e+00,-9.557475575656741995e+00,-9.379040996801677466e+00,-6.938369054961807336e+00,1.296324998755693159e+01,-6.996398019448641925e+00,1.640534322245668752e+00,-2.338893089486086208e+00,-2.058957665435250384e+00,6.547755961443876060e+00,9.651411109401711874e-01,-1.007510795913034940e+01,-5.183255083417793507e+00,4.936657424947929584e+00,-1.688297303867919297e+01,-2.590885193331814440e-01,-5.149586456020817771e+00,1.134973070358303193e+00
4.581853214958918841e+00,8.196744656769703319e-01,2.375803230119615250e+00,5.210257349736105326e+00,1.109850373055818729e+01,-4.506376126011968353e+00,6.439457287443963729e+00,7.647182113988654883e+00,-1.430227582218148719e+00,3.791994616756844572e+00,0.000000000000000000e+00,-1.000250515768535919e+01,-4.137104211894243377e+00,-1.113646115177860985e+01,-7.280045262277989870e+00,-2.143492268109718601e+00,-6.888819086208100906e+00,-8.691092466282528406e-01,-2.754346229168116000e+00,-7.690434518739833081e+00,-5.145618837873514373e+00,-4.722735016640172034e+00,-1.008006373635465103e+01,3.283513728318502967e+00,4.033576677671995014e+00,-2.761509621825864791e+00,-9.416552716303964843e+00,-5.319146467961225255e+00,-2.915316917456327150e+00,-2.224699800861094978e+00,-1.503743118226504194e+00,-1.034457687375884172e+00,-4.304530190196155459e+00,-9.762008041192644647e-01,-6.074659499737442125e+00,-8.128749088410083257e-01,3.154457040583138472e+00,-7.537215802151924215e-01,4.294833508071328687e+00,-1.552342671446143463e+00,1.364646253511843321e+00,-5.552585459170968463e+00,3.211538521196793727e+00,1.830755843340767353e+00,-5.119369956513962094e+00,-3.772744897226249172e+00,-2.362730874588195196e+00,-6.051282521928218472e+00,-6.646734342007468932e+00,-4.488653588427419017e+00,-5.700559979711171010e+00,-5.935386627510302660e+00,-1.084644853760099181e+01,-5.058262775762319308e+00,-2.231541947490351951e+00,5.831084102263022650e+00,-4.709266794589110461e+00,3.393229806271115923e+00,-1.421282089277005278e+00,-1.712744835287649314e+00,-7.749646192360552632e+00,-1.333103801798050658e-01,-1.308841131697773719e+01,-1.027042342626728910e+01,-4.477050412761273357e+00,-7.899835167355115928e+00,-1.004839439115590238e+01,-4.444840944374432112e+00,-8.763465680747534847e+00,-3.316823024031323008e+00,-4.505617552900549327e+00,-6.104249011148594306e+00,-3.244817800334776514e+00,-1.276229770148606235e+01,3.240606789741922178e+00,-4.241155556298854989e+00,4.161471891114650212e+00,-9.608423936494130402e+00,-3.265005379274258157e+00,3.414271660871244785e-01,2.956501073229383936e-02,1.305398370632604443e+00,-6.882110700813470316e+00,5.955431712438442604e-01,-1.761829732843506635e+00,3.358218093710750307e-01,3.028310087014116192e+00,-5.582813155348278045e+00,1.033262528473674280e+00,-1.236410011948815502e+00,-2.145802578444954423e-01,5.740293701105544599e+00,-7.295583474158184867e-01,-6.226957137241475593e+00,6.390338679434940161e+00,-2.279337114598189551e+00,1.313481714042249657e-02,-1.625311367831377751e+00,5.115016326839654237e-01,4.011335919873429745e+00
-1.087221052847578839e+01,-1.249057707759541458e+01,-1.818785573741561246e+00,-1.152950865712254469e+01,-3.659162055391011581e+00,-1.570563554949808527e+01,-2.013578988785428070e+00,4.550489055688315077e+00,-6.078324812494265039e+00,-6.588342506173018975e+00,-1.000250515768535919e+01,0.000000000000000000e+00,5.744511083779334726e+00,-2.396823399822419098e+00,-1.585277638018963486e+00,1.134681208063403890e+00,-4.291468778874741652e+00,-2.336430391348316982e-01,-1.240875548715202781e+00,1.132687605063306790e+00,3.305761229267819790e+00,-3.926822095267127999e+00,-1.441031924756200233e+00,-5.134743751961594604e+00,4.028570604296897173e+00,1.941937217466087162e+00,-9.240328112275271621e+00,-1.893815496598690196e+00,-4.105302060538931208e+00,5.157892631509948700e+00,-5.598962478274473575e+00,-6.886243703272937999e+00,-3.511911072073070184e+00,8.658705759793578594e+00,-3.837893147753198786e+00,6.169052409144077487e+00,5.565682855099463033e+00,4.575346580504902505e+00,8.071181862235176752e+00,1.066581940545428253e+01,7.823040320915932710e+00,3.420560899055326232e+00,9.986317981962391954e+00,4.841584567526698024e-02,-1.330841100796922083e+00,-5.274983512368828897e+00,1.313523460308053536e+01,1.042492387496507078e+00,4.401998667152268396e+00,7.939356934650068531e+00,2.375071720169132483e+00,8.958564897597872445e+00,-3.431609816152772829e+00,-1.518520749786514523e+00,8.170001136038667511e+00,3.801526216123345403e+00,-3.555042396672487559e+00,3.252187138295750124e+00,5.464903420970831149e+00,-1.218456505468725526e+00,-5.127299478161025270e+00,-6.881775078321142658e+00,-9.679444951998712909e+00,1.274757037438679852e+00,3.762850764767384781e+00,-7.859499325300127459e-02,4.145792224319102104e+00,4.465946703430480724e+00,-5.728454480674443072e-01,1.801758085078264626e+00,1.207486693185729321e+00,-1.767902078886756767e+00,1.134291071785531813e+01,6.876519439905204756e+00,1.090188474114798645e+01,-5.167218677558577333e+00,2.865107506572200258e+00,-4.417035043166703367e+00,-5.815217378273630722e+00,-4.231435393160871250e+00,-4.582644192374448089e+00,1.563140058765739582e+00,3.325245816450444813e+00,-4.411975002668657275e+00,-2.745352078477385493e+00,2.592068997313414336e+00,5.022445174469827300e+00,-6.072508424706276386e+00,7.420420711656621648e+00,4.875622579784324451e+00,-7.032958027390141531e-01,1.086021336881114507e+01,4.130268601437345311e+00,4.622942047972030011e+00,-2.273330688393375709e+00,6.169521929036922536e+00,4.138393817551758502e+00,3.198428060006583529e+00,3.674502278076351658e+00,1.117719092545881310e+01
-4.984259052184456529e+00,2.082650084370220256e+00,8.459316476473375701e+00,2.312593644717818808e+00,-7.382754091537971353e-02,6.699386873305079426e+00,-1.478010716706301464e+00,9.065006761839680127e-01,1.407590975914800424e+00,-1.704443184983219339e+00,-4.137104211894243377e+00,5.744511083779334726e+00,0.000000000000000000e+00,6.275407603870767126e+00,-4.927407940262194863e+00,4.688477217396585850e+00,-2.663398445005379589e+00,6.106321602288729444e+00,-4.258995280687522644e+00,1.386604188405015647e-01,3.974955529444432756e+00,2.427677722374394498e-01,-7.336262215495677808e+00,-7.254569930756729512e+00,3.816167090973103804e-01,-1.446595851832989998e+00,-1.033145042107857314e+01,-5.089723294394134179e+00,2.946442895345984248e+00,7.971699323907058821e-01,-5.681525483859958037e+00,-3.021692833655846400e+00,-3.914698707650674514e+00,1.088044823721701082e+00,1.959798479033331597e+00,1.294396064512927325e+01,-1.057048564718280625e-01,6.377109782523558756e+00,7.799356346199863843e-01,8.922022411598868885e+00,3.546318331864827478e+00,-8.083340255018745424e+00,4.456745963695607493e+00,2.533744589923045520e+00,-3.029243551057773765e+00,-7.107094499660816744e+00,2.678895396350653435e-01,-3.017117246038420575e+00,-3.947606276433531569e+00,4.485379933376703043e+00,-6.916599330202964913e-01,4.195462895551799853e+00,-2.300951719344553670e+00,-2.246971790413144987e+00,-3.113282337615598028e+00,-2.799614592716896055e+00,-5.277402604572985823e+00,-2.628298408024378752e+00,-3.654018235336450537e+00,-1.623695023638520585e+00,-4.822381342458358588e+00,-2.888276709172849177e+00,-4.846180510881052506e+00,-2.749750545569451532e+00,-1.850887167388457266e+00,-3.619710691288651638e+00,-5.425847446973933508e+00,3.364532950853301507e+00,-7.124924544106173152e-02,7.060200467453849882e-01,5.792101273699719055e-01,-4.663248194414705061e+00,9.500978355873105352e-01,8.510055722390372779e-01,-3.395564688638384343e+00,-1.499883770956705664e+00,7.533767935668576499e+00,-6.092930319762142943e+00,-7.114753844283874251e+00,-1.036959666891412901e+01,-2.335730286293655478e-01,4.924245263217436275e+00,-3.007387191364082057e-01,-4.536877885555266943e+00,2.410262395154049386e+00,-4.323145615326830615e+00,6.679972706811962979e+00,1.277445082593044567e+00,7.947834730924247637e+00,-8.400202602717726785e-01,-6.217286384271278443e+00,-5.043694296982341729e-01,7.771478240370896629e+00,-3.532418438348350787e+00,-9.523902149619347668e+00,-1.516446470162663873e+00,1.952100604579394716e+00,1.437372693037930915e+00,-2.096476885510976107e+00,4.190092723499205363e+00
-8.302651111326131428e+00,-5.827599249495095890e+00,-4.865349209647252815e-01,-9.878072447449889992e+00,-2.210879989469877405e+00,-4.186476937309597801e+00,-2.371793753338489186e+00,-7.573336357172371969e+00,-4.521406136737595283e+00,-4.348302835871064254e+00,-1.113646115177860985e+01,-2.396823399822419098e+00,6.275407603870767126e+00,0.000000000000000000e+00,-2.145685955354388330e+00,2.160395305571539026e+00,-3.007948066520585773e+00,2.090070539299695884e+00,3.171598778164127719e+00,-5.995156375874974408e+00,6.877279474834179673e+00,4.251373887481518565e+00,-4.632048297599692610e+00,-1.773940013479618161e+00,-1.936218938411824908e+00,5.066414847045448866e+00,-1.157847762652118462e+01,-2.225818108597477085e+00,4.975537525167973207e+00,5.282389543320688219e+00,4.563680495848156937e+00,-5.391759776388751035e+00,1.911684075084573387e+00,-1.648730486151634311e+00,-1.962816843828234792e-01,5.703099591140579960e+00,1.249171679875957564e+00,7.679548782353395886e+00,2.992278935631699888e+00,1.182893016031789557e+01,-5.427701562219241715e+00,-4.213540857599520351e+00,5.869235955503229185e-01,-7.321110788211674603e+00,-2.218582747186119253e+00,-1.421737759673959323e+00,2.655347678809994338e+00,2.090307657806854014e+00,-6.318196720636864328e+00,-4.452892354196099411e+00,6.523013684704325854e+00,4.956260229459418021e+00,3.442126310063553518e+00,7.335531955443610030e+00,5.141289609996793963e+00,-8.253832226848396847e-02,-3.654401747990950078e+00,4.767085809059475210e+00,-1.495715014020122247e-01,1.235782904400608473e+01,2.635064437756506450e+00,1.399816063854274706e+00,-8.401269344763017344e+00,2.895083613960031776e+00,3.281369810923280728e+00,-1.932879428251314868e+00,3.419773461067533216e+00,9.207072546357992771e-01,-9.272780910105938190e+00,6.407651751192089407e-01,-2.184734782756164062e+00,-3.777498959602256345e+00,-4.068379509981737030e+00,3.799940547054892370e+00,6.502073290791670956e+00,9.458548897071894501e+00,-5.005799067470214858e+00,-1.743237603368067656e+00,-1.249792367150876382e+00,-6.103138579870992508e+00,-8.191358495158326036e+00,5.645642933436056055e+00,-5.173640954116114798e+00,-4.889665648488302985e+00,-5.367947873382244772e+00,-2.224095746914463323e+00,5.105544025191168345e+00,1.283367322663942212e-01,4.577001777352930345e-01,-3.056606629701517974e+00,2.205630145080390569e+00,-2.443867397016707521e+00,5.984286659980523559e+00,6.301824811987951414e+00,-2.719099448289179932e+00,-5.542880578753263343e+00,4.511707002476797790e+00,-6.286790142940815507e+00,5.515873842227432711e+00,-4.390986609082733416e+00
-7.805356098009551324e+00,-4.156459374819990060e+00,6.264186247584013767e-01,-5.125811094444816085e+00,3.274151763901620882e+00,-2.312626348130765397e+00,-1.157093100845570488e+00,-2.286591941404279016e+00,2.209883061876899646e+00,-3.212491915681564336e+00,-7.280045262277989870e+00,-1.585277638018963486e+00,-4.927407940262194863e+00,-2.145685955354388330e+00,0.000000000000000000e+00,1.187535628686613620e+01,5.964727113821063575e+00,3.890239120959181562e+00,-1.127517703140592298e+00,7.713438328277438805e-02,7.777701957046451398e+00,8.839479057697435138e+00,-1.928808450262564866e+00,1.928648459799406911e+00,6.561996556034590533e+00,7.787205025938560787e+00,-1.066683309168414162e+01,-3.462762943596754406e-01,2.250393728574954011e+00,2.971817641492893625e+00,-3.164198409259529221e+00,-3.207773592604851842e+00,3.066813240599914447e+00,3.456732128888251321e+00,5.386164985170115216e+00,3.985372710856353251e+00,8.974789800294972864e+00,7.829502733872282683e+00,2.630363363114383901e+00,6.012241062688524096e+00,-8.508161540187220595e+00,-5.871197639213927566e+00,3.150365277204851377e+00,-3.960487512120522968e+00,-4.599384634421821438e+00,-2.504175576243229617e+00,2.171148982319498710e+00,-2.478141319127447950e+00,-7.184512628438301185e+00,-1.695926607520404472e+00,3.499691310537261568e+00,1.551733373736368993e+00,4.959278043564004257e+00,3.206085091293870537e+00,6.139100970151297965e+00,8.047829778501602860e-01,-1.334606902385405469e+00,5.675807835485063180e+00,-4.997273641071655170e+00,9.120805365131054998e+00,2.241972439974297071e+00,8.541831866986177246e+00,-6.233953513202257213e+00,5.041491834939151317e-01,2.974519968958649674e+00,-1.264886473359243604e-02,4.306435310129066885e+00,-3.451116560547333290e+00,-2.132975336753710316e+00,7.876915808457529700e-01,2.155829134479402054e+00,-6.925032331280910336e-01,-5.953933995962605863e+00,7.242162825093635625e+00,1.285268891134262237e+00,8.411574420031545429e+00,-1.641606015799836449e+00,3.867088737117836850e+00,-1.178633002154028331e+00,-5.971043221212116059e+00,-6.157588160929220678e+00,4.367555232299516810e+00,3.670230402920407475e-02,1.402846160271033815e+00,-4.465635659178230021e+00,1.757430411513026813e-01,7.708081447610160453e+00,1.593021302342485956e+00,1.724489437719529672e+00,-1.875237365725197280e+00,-1.255457741761895729e+00,-8.617954101713235504e-01,-3.177582974225254819e+00,1.055196061229927196e+01,-1.188847678516034845e-02,-5.490641272416557861e+00,8.604901292877995544e-01,-4.433478377757387179e+00,3.074254134312306874e+00,-8.817266784069976993e-01
