0,1,2,3,4,5,6,7,8,9,10,11,12,13,14,15,16,17,18,19,20,21,22,23,24,25,26,27,28,29,30,31,32,33,34,35,36,37,38,39,40,41,42,43,44,45,46,47,48,49,50,51,52,53,54,55,56,57,58,59,60,61,62,63,64,65,66,67,68,69,70,71,72,73,74,75,76,77,78,79,80,81,82,83,84,85,86,87,88,89,90,91,92,93,94,95,96,97,98,99
0.0,0.8785044404744254,1.3387794953955423,-1.0490659568416387,-4.802884664050213,2.6148727268434264,3.9669495718521306,-4.882448196014626,2.06726970067367,5.88492363810064,4.503027377596495,2.3632179294644753,3.4123372102281158,-0.7568463698088902,5.669966808165865,5.091419430379582,7.6612901394467245,-2.102365980546064,8.339368372050723,1.4402921763515075,1.8646714623195952,3.674509828020147,-0.8468454728657975,-0.4517763907432298,-3.8213244774923023,0.33909445344893263,-4.6740794299475406,6.455499433620726,3.815238249662867,-6.011388055209484,-5.854208113515408,-8.363489497115841,-7.861901036709022,-6.319155950016092,-4.878287943063488,7.221081569727107,2.1864191113750886,-0.7895317864169522,6.322374096233593,-8.629611326890542,3.6865405883356113,0.10836111309073299,11.90258333505572,6.676695895954968,0.9875907541247267,-1.209384027733253,4.350700272406728,4.21629474641458,-3.985045926696253,4.381604077133561,-4.205633324665642,-4.736520936772853,-6.103460056079805,0.08477060896360773,1.8412814198644265,2.1569976571113614,-9.302422339816099,5.798595717603968,-1.3167645145459452,-4.933229004033961,1.7322620488161804,3.6265022950257646,5.483057568586334,7.98521226825881,-0.48780083305712624,-2.28850925254071,0.9949776909726502,4.425320503798931,-1.2094368200538284,-6.76921774839416,2.7139498606868004,-8.453027799716759,-6.120995967949671,-3.5611080504834125,-1.4144905184497891,-2.537564584154448,6.1264048663467765,-4.545762011431941,-0.491923676970368,-9.774339116207328,0.6561160298518152,-4.601954177107157,-3.160020765784523,-2.162218855660355,-0.6621010752434929,4.841692529516473,-0.009361709483375715,2.000802624636416,0.8585961456083645,3.7400901570404184,-2.8127007884036055,-1.1620715746413948,-0.6413177741474064,-0.2188467842900812,-3.4558793762735136,7.963078664170927,1.376374737471454,1.5366678800029878,3.9035985819533545,1.8382118810926
0.8785044404744254,0.0,-6.680237759335361,1.0250100835210392,4.194436272862395,-8.929778256964113,5.9415913500838204,-0.16507207279575428,3.523871205784278,-0.14927790028504015,-2.9363562607767046,2.726537160962335,5.852596560643097,2.6408709050891885,-1.3896763692781275,-3.763919615499279,6.324146294330776,4.365457572799263,14.119679062321069,1.461965338378627,6.34536405265267,2.1400658007124975,-4.551806979887144,6.1918904449381165,1.0649955021938395,1.2913199861701727,3.0579213727673284,0.34061192294350956,-1.975010878846699,-2.590553178811089,-4.639729520007636,0.4172290753942102,10.287975271547696,-0.28468646455693447,2.509691698687167,1.4294900267344843,-9.401015193793453,-0.8049641781789869,1.576138411197034,-0.5000351680527111,-0.21343857637095157,-3.2104770317664366,9.564639106865169,2.628449477305151,2.439221607065565,-0.9857044347356392,-0.400812314770242,-1.2686702232469136,-0.9407198573122317,3.3660143001862775,-3.634876124788071,-9.218649878326499,-0.55562885875952,-1.0828259292777809,-9.961967184999798,-2.135001565659908,-0.7288044387266364,5.105676459682216,-5.086319098523214,-7.465584098274298,1.1721725818828896,6.834797892691968,5.424941427468292,-0.7846175947418996,-2.5488454419145263,-1.2855347585209331,6.303022142784926,3.0574261008624686,1.998198198198408,0.991798890019136,8.618436506431557,1.4198630920954152,4.5188005322174885,-0.44882177022742753,4.874244773467574,1.2039816850651128,-6.12432924852156,6.312312390223775,-2.745562128439701,2.381117781654536,3.057863629135984,-0.09543165832471959,-0.4770527112011988,-3.049186002286921,-0.5004578534814064,-3.639944203178059,-6.124544786507999,-3.2316766105300303,0.39012892869662336,5.590618705496094,0.1796769179443423,2.843952109271816,1.5787384825189348,-7.588933236204598,-4.296718457422967,1.8945715842008983,0.71685266755159,-1.8937382349703076,-0.5306400128998763,3.776144399740195
1.3387794953955423,-6.680237759335361,0.0,7.175702958653722,-0.2072641260799691,-6.469072602474639,1.3355386262262772,0.6235454429894788,-0.15655734253366654,-3.868024745064568,1.935401453886316,0.6412500906975903,2.504172795056824,-2.3325240519659287,-4.198785848415231,-2.954138778539756,-1.4073866349637656,0.15688032339815303,5.028223245951901,-4.109140523755795,-4.885158144448305,-6.349430891702957,2.1276906246643854,-0.9694240880427549,3.4607337718169084,-0.08440850176557059,3.0351081535281663,3.201625845272911,1.9202211524234596,-10.908242483480969,-3.656516532963024,-3.602581172753,-0.2095708375538456,-3.655767629757389,-9.327756595305322,-2.9293172830854948,6.104923133084561,-0.12099532335018005,1.4227686519668516,-2.743709536422503,-5.799509371031745,0.03567557492057009,2.265117378920863,5.82347388251361,3.9777690055034216,-3.3344943014167225,-4.87069800592692,-5.3906565001232,1.5742880655735956,-4.039286360934112,0.40573944274966967,0.833609093147063,-5.238370100254886,-0.21984102842276287,-3.134898791886671,-2.6919379067626985,-2.7547138461415615,-0.39004016516946,1.7050235890163496,-5.904778784670442,0.04994920293072968,1.90105693801924,-2.865759934649471,0.7245996889335106,-5.943678765071458,0.5565473033360832,1.0431095398065553,0.5594014385135069,-1.6239887392364365,-6.8273375984901294,-3.008270567613581,-8.341488338110532,-2.5247666816553105,3.9988890911187913,1.4943510002738036,-1.645028362847031,-1.7525529864752647,-1.5522786710456,-1.5922715086762562,0.3650061336866925,-0.36265350808222,-3.719244417077314,4.771200421757564,-2.7129764330275727,-0.9433426250561994,4.450184675447477,-0.5797088750118031,-0.8257791540848904,-2.035436303917837,5.906396796005902,0.3391625274011637,3.295379266498092,-0.8621122061330478,7.228808333107808,3.7990908144278306,3.229731562772305,4.952629009310069,2.810102659593977,-5.238771544522225,0.9977108125213892
-1.0490659568416387,1.0250100835210392,7.175702958653722,0.0,0.40558708979956143,-0.22816478428224524,-1.9283102096652491,-1.8730748966526227,6.397896351990396,-0.5149454320095677,-4.528550849609198,-4.415500563615347,-0.5293387656397002,-4.651189509928706,-5.529846522289534,-5.319847714021273,-11.685587088239364,-4.845085168165086,-1.155556227256595,-2.920440334810943,-0.6585542679923108,-1.9818267390333528,6.748435672019606,2.257269633703973,-3.2118242375256836,-2.642804150957736,-6.756725492015566,-2.65758933662348,-7.556057928217282,0.2509514641664452,-3.67686955734762,9.695650389444157,-0.5308308364292721,-4.383326730498569,1.1450180084912083,-2.44134591179604,-3.475471148095437,-3.911975851993119,-0.9870908270726072,-3.8564559549551416,-4.571233197782382,-2.3043474508100563,2.039142441840656,3.509633021991652,-2.2763887735825,-8.071963823817473,-7.951515813709961,-0.8108705673191439,-4.811140296723316,-2.654587543069181,-9.520111755579908,-5.047875687589812,-5.1254605207898685,-2.678628416714812,-1.7272933993203512,-1.971225958544268,-5.041332460479008,6.732552754870642,-6.928276967279219,-2.756179678424689,-3.412317392280042,0.40138694208297726,-0.8517730325681058,-3.1569571943385304,-2.633677270934908,-10.9041928191307,-0.9725449541783032,-5.339412322203926,-0.9113577588277016,-4.628029625892442,-0.25736100028702263,-2.502223075498881,-2.8111996655837315,-6.837068377565529,-0.5235753122144211,-2.3519192012882804,0.2544842540455428,-1.5604954742227635,-3.5146487665308794,-1.0215231785660737,4.895736679368394,-3.8134902228688414,3.430518335511754,2.9910091563936074,6.522536595207458,-5.682239459687065,-3.1854549308619724,-4.512732996980096,-4.183430727256052,0.6428688170633188,-3.434584401164994,3.689298849635932,-0.7407536552499743,0.9578939458912397,6.1681195329865295,5.845171686151101,-5.733917181361275,-8.118012084169113,0.04943277739636964,0.2692721577648943
-4.802884664050213,4.194436272862395,-0.2072641260799691,0.40558708979956143,0.0,-3.73765726300611,5.98268593486805,-0.7981845142849239,1.2008876209518955,5.82986396756942,0.6634998573185957,3.236001004866998,8.178575048498978,4.425521715074016,-3.075257425850719,3.9171011899328847,4.647956060812468,-0.16130967442266075,3.8130507157838847,6.529538923346824,2.9666209282160927,6.8994079019333,1.1590068221965593,5.346655116524772,-0.2748866915918338,5.322801345011508,1.2856455359913948,5.371274999466686,1.4924498683152723,6.289347872464483,-2.4127525490435806,2.58775346924344,8.035478278258395,0.7926064263935116,5.5085296638582015,6.944425201657513,0.5069336732688765,-0.232339173715828,2.7147644661268986,1.402951003396617,0.9524598340760925,-3.737159435935218,5.314578749233688,4.407700865803316,10.513890532854209,-1.582952213708816,-0.44952438656772814,0.4090090914650612,4.382418280505491,3.456724494316005,-2.087562707771664,1.3315277416871671,-0.3558625040790157,0.4613202523133063,-1.6195589248991995,-3.3450570458409907,-3.1292007767273486,2.482097734268519,-1.8419091811371415,-1.9268575357254287,4.129738164631848,8.569453614509273,11.07900533608911,-1.6558784529357191,-3.0986248748137832,-3.0941350317579124,4.633249097047854,6.9276097892835695,-0.3051764246121079,-0.8537076892557086,9.194691956344242,7.034323893633409,-0.04477440524868831,-0.9328359039325713,3.8260914865055247,5.505199053805065,11.030630584358223,7.871838903634619,0.27121757188343704,4.615366582766847,12.80389990344015,2.9504794115170503,1.9725981399512464,3.688645491914732,3.4762189305215694,2.644564806411551,3.738569011772857,-1.4499632592107947,4.877947082131852,1.1925964815041932,0.08705003359067554,5.94996135701594,-3.123684464738795,-0.5345653940107004,-1.8006927405799604,5.36034226368494,-1.9806126639488275,2.9094705909254595,5.625142203229426,6.672570218196765
2.6148727268434264,-8.929778256964113,-6.469072602474639,-0.22816478428224524,-3.73765726300611,0.0,-0.24825131195545913,-0.4479259766312108,-2.4618574623113467,-0.2569047473623904,-1.3935210237671896,1.989474629513292,-0.8240137507907436,0.5047906774511248,-3.5968171058421534,0.5105299252110814,-2.9367969171119928,-2.7055437003382234,-1.4355423423976,5.670994203081585,-0.12150484523794793,1.6399852284395464,-2.6142970767967078,4.739860527937959,4.0387957059869,-2.1845963309290966,-4.870965502887593,-4.763597753698832,-12.930802315772764,-7.572664590864026,-5.362545067122351,-5.602779827220892,1.84425360258378,-5.765821753147641,0.37147608659461706,-6.765084931951224,3.488273641808646,-3.4281741244320263,1.3661457742306815,-0.9426781970901352,5.20193731752396,-3.838747467135256,-4.655335232995303,1.570030173285888,-1.5266285438207183,-2.031931893886645,3.440802786529228,-5.383855325934837,-8.441743700659025,2.7684787296586144,-1.1005059974087756,1.1501943041845795,-3.6345569311510793,-0.6830177604782749,0.9783897642924275,-2.3727240759630854,-1.9754376780972271,5.012012444864421,1.4078544093282992,-3.225017578060675,-0.48241608308288025,2.7685249500955385,-3.2332474454387774,-3.3941215382596743,-9.141272096788489,-4.926560046551506,2.006952219437262,1.9988809163671968,-2.8188635713398806,-2.549502561247676,2.9626630301309924,0.07912957777656356,-5.697000994387407,-1.8482885681855492,2.440674846665811,-2.645108227940451,-0.8272814546717957,-1.7684941363922693,0.3442818556467626,-2.187492992771079,7.468012570059507,-0.3525288314692231,1.640162055926043,-1.4653471979591108,-0.12938310498594227,1.221875769753202,2.819999604205369,-2.880128800926933,-3.965809780450261,-2.4234598136005667,-3.521020718404064,11.713464640577234,-4.54466640619511,3.8063611615446926,-8.056461463895577,-0.5103896929380658,-2.514704304789773,-6.240755783030584,-2.255312260997981,2.773349456620158
3.9669495718521306,5.9415913500838204,1.3355386262262772,-1.9283102096652491,5.98268593486805,-0.24825131195545913,0.0,0.44518321787121445,0.1697236149957642,-3.7756633541116926,3.0343958246634903,0.3869316356689528,-2.1130079745734176,1.9780902292759248,2.3484313745132486,4.527883798399346,-0.7612531743405474,-4.099379801769951,3.950665038631056,-2.4627190534368504,10.132642810849555,1.4861628975503256,-1.3344448687295258,7.727192366731385,-1.2407828811207016,2.3709342028750253,0.226999707351396,-1.4256855555042742,1.8874864455783331,4.2135743782375386,0.8360151233159671,5.8858870848490845,7.248412738750787,-8.577426099837389,0.28844069046576537,2.100665095375447,-0.8649001139008464,6.518881246421482,1.0915043107240785,3.736906614054039,-10.288500501616443,-3.5075837253115054,0.9010618653140237,-3.0298620570000945,3.359933494901365,-2.353474893567527,-7.151495286570757,-2.0806743115251463,4.281589802413199,-8.782836663824359,-2.8594669801079826,1.3992670850883473,5.870808173936576,1.7460498485935199,-1.7645632612891589,2.867312571629877,2.409296771041412,-3.294219923899935,2.26142519921674,2.0782220883858287,-1.4496114061198269,5.392532726105328,2.1785163229172633,-4.097078166991588,-4.765292131695404,6.125948712395624,-0.14445317071616656,2.6253471174240945,-10.906279250219184,-1.8905087595180368,0.7122284584744287,-0.6258975828929374,-6.193407504512424,-4.657788114809681,9.135041208916324,4.890741786232644,4.94368916680585,-0.12901063384335107,1.5225367279126507,7.987585971292495,1.4298224698442532,-8.327026241384146,-0.32579405637878023,1.388664923831075,-2.4325959934055343,-5.9351795143739725,-0.645269315203504,-6.409290630444265,3.969586685198213,2.451026040189985,7.697233225334027,2.1713546405912743,-1.258737395278296,5.400068092684612,-0.48090065262838955,3.2393359691038643,2.1060156938340246,-2.1803764159483223,1.8329741428359667,-5.476635428069886
-4.882448196014626,-0.16507207279575428,0.6235454429894788,-1.8730748966526227,-0.7981845142849239,-0.4479259766312108,0.44518321787121445,0.0,-1.573249822908176,-1.560350152096709,-3.562114822291035,0.3772894862937892,-0.6323549209804067,1.4577792231002928,-4.78530907908206,1.199503700345641,-4.081719962310633,0.6917444397279932,-1.107524306781342,4.453639113192288,5.174693572059056,-1.436366289324252,2.0441857047604106,3.3863092300033943,-4.819010722208376,2.8606665324997236,-8.793541048823778,-0.4441659485443217,-3.738515736950263,-6.979889887356155,-5.045577960004279,3.30651012493063,3.9268171949407593,-4.593557884299698,-0.8397720460967667,-3.5902033474725186,-2.997288306388896,2.699823103374104,-2.2458294771345058,3.296842718784564,-4.290228021653048,-8.02780857277438,0.5427219039235186,-4.007315680849858,5.475800044710557,-6.393929604235989,-5.879620927109276,0.422693769385469,0.45927998766791567,-1.663909675819914,-4.68538622938016,-2.024846653750623,1.5836414950201758,-0.5193624225234555,-0.2807254500782172,-3.436991528155158,-0.26766738933639633,1.145469767516978,-6.128482860585077,-0.7689554221583575,3.7504783039870944,5.397172249054915,1.894361082599872,3.076892405336148,2.7392179768790115,-3.5065278552870605,0.8595320037539546,-1.993676298233929,-3.211339988288738,-0.8219723254755821,-0.036679154474055446,-1.1664926005614251,-2.1061445136392125,-10.900355185955128,4.578146946922455,5.4374950428081545,3.321723414165125,-0.4985689214049874,-12.42664947455822,-3.299585926728659,5.127557318406949,-3.7016051213390817,1.493511186926094,1.6360206948646752,4.101388404148375,-3.3231550706515702,-0.7998298116882867,-7.789000637873081,-0.507037117291506,0.38661814273155026,-5.118938440440082,3.2546048101789435,-0.5911685537112532,-0.9328598269962474,-2.147449329110074,2.119682702854147,-0.23153738727703108,0.8155614184286031,-0.8188777367072878,-0.1815869535094244
2.06726970067367,3.523871205784278,-0.15655734253366654,6.397896351990396,1.2008876209518955,-2.4618574623113467,0.1697236149957642,-1.573249822908176,0.0,-2.3163427897582167,0.8556922019762443,-1.7623039727412315,-3.01856237799046,-3.350971931996785,-3.551824555937184,2.973097348435383,-0.20734610365460088,-1.4616309808305135,-3.949115431675287,-3.8466398339428416,4.335672754917621,4.479565309683235,-3.412159066951141,-4.685390738449991,-8.248387927917456,1.0380997975006367,0.28815488623964125,-0.9440307073934648,-7.825350460251236,-6.979231703130183,-7.512094183555683,-0.8852588051603334,-2.7146685105847723,-4.179425182214705,4.92353786442024,4.013498610888934,-2.5460413861642,-1.9395528360532448,1.2387374664786657,-1.7047768447436384,-4.443523911306198,-4.3744334452125715,4.200792777578694,0.3147936855154102,1.2827685469652816,3.820960739067696,-2.477710377539855,-0.2532516419750435,-2.135139463968564,-2.270942488419883,0.017033786998183604,1.1737951690901725,-1.2220365610332946,-3.262221242108037,7.188223514081412,-0.6754794040092579,-3.423829992903737,1.6944563236578292,-2.094905967643249,2.5433745648750454,-0.4277814419941646,-2.0812321992871206,-1.6209355620801422,0.23751908376562172,-2.155080178225786,-0.9242608481407181,3.878860499711988,-4.060003449001425,-5.370789132756584,-0.7879585470980429,1.5012232821080655,-2.1786147969584566,2.432948373156368,-6.399401252271979,3.1558557211339795,-3.532890008691356,-2.0214300599036488,-6.370466499911709,-6.837051917281888,-4.500710546853694,-0.9358224173473512,-3.9194042125608335,-4.314694605831104,-3.4482673719234564,-1.979559375529807,0.6318849830806509,-0.931211486879096,-2.8677869101868003,8.604063377718166,-0.6898131725825548,-4.124179530494352,2.561731251585989,-7.205436474457731,-8.258069507738279,-8.100552683208726,-3.297761966716435,6.493869787247764,0.728666386839104,-0.5168217328473551,0.5657109213218476
5.88492363810064,-0.14927790028504015,-3.868024745064568,-0.5149454320095677,5.82986396756942,-0.2569047473623904,-3.7756633541116926,-1.560350152096709,-2.3163427897582167,0.0,-3.7069778843188153,-0.7174245148192017,-0.06394903300824838,5.297937722917975,0.8577422953554221,3.1010201135477167,2.676442435505895,-0.1702499396663606,7.691208632250238,-9.461809778129302,0.8566842176722189,6.628525801489629,0.5601201806944061,-0.3304549439239809,-1.7078012264271223,-0.08742819520555382,10.480511621467077,5.961301695562599,2.8967966754496364,8.73983043758799,8.009374479932374,-3.5135914147913754,-3.23136347262395,-1.8275767775318588,-3.445231083596721,4.352668294942959,-2.6857123291763023,2.663976229903943,8.099406014376001,3.104147050531006,-4.093755175761093,-8.693224793181619,4.189092632953888,-0.032398186097465906,0.9631234273270732,5.86988874646458,-6.066455256909633,0.9943865604615155,6.608750590300311,-3.690636881736832,0.2726440697054279,-2.963421396424375,-9.426654226643633,-6.010331103950164,-1.616302018199838,0.68180573690215,-4.302111432890538,2.0708571103349716,2.2544028160954728,-1.613218535433839,-4.3728891509290895,-0.28800117151775534,5.979328415853064,3.1257965561744605,0.7003375973308622,1.3470906340281763,3.03495306335313,6.328365400041686,-2.0567418589460127,0.7457240734336201,1.6510731801669443,1.278510839433728,6.785613804015665,6.955416978992027,2.48009266802292,-3.716850992551244,1.3323040848153775,2.376854764272417,6.7591442509501505,4.204882542046651,-1.6851768656608728,-4.752532929745266,-7.1548216973176055,-8.189836366894216,-6.897188588609635,-2.540745929202155,-2.9561333022758824,-4.601721572955472,3.189045923090412,3.4068478368413,4.7637778451198445,2.866420515187267,2.588932063683971,0.5389820801342522,3.9852769198090794,2.225511568070601,-0.8345372133276355,0.22539758658946835,0.4478110351055008,0.1415185314670855
4.503027377596495,-2.9363562607767046,1.935401453886316,-4.528550849609198,0.6634998573185957,-1.3935210237671896,3.0343958246634903,-3.562114822291035,0.8556922019762443,-3.7069778843188153,0.0,1.1678977062077875,-0.48363956282848686,5.348156369171908,-2.281288336478158,-2.868025803613823,-2.1734321772122316,2.153881400957822,-4.767305518695236,-2.1742993150140175,0.22354943393776305,-2.495746136465635,0.2407895950737605,4.721531625729802,-1.2430210932794563,-11.239818365448128,-9.06133673654572,-0.28612136104960273,-4.300334700796669,-10.736234936704156,-7.812542937752743,-1.598010701435555,4.170940706209171,-2.559310028564184,3.3929899842571376,-1.4116282996435408,2.4276163726833255,-3.163566616644252,-3.5844379177746046,1.4470715420863935,3.493417992840296,-0.8701806122145731,-3.818820785794663,-0.42446304737202073,2.7681273945887592,-2.879326965255651,1.5681687309247434,2.090345268637271,-10.499994146089728,-3.410647162932645,-5.115024976757434,-1.7363963188220664,-9.142462747292017,-1.7516536527148592,2.0535964612226367,-0.7869443479484369,-1.4666385180430652,2.4851747954476626,-1.7448857726190292,0.9636496508064056,-1.4885651777231783,-2.834305298341087,-6.557348933302193,-0.38424064546703257,-2.4079080614915966,-6.697857480937416,-3.7447434915321343,2.804719612300472,-3.936957528890313,1.3871904501896808,-3.394695143671244,-2.766010487544937,0.8974010144310289,-5.615097770698167,-1.2392789648387608,-5.138198183223545,-0.3233366400817258,-3.0500969757002587,-7.31517197800181,-0.4473365716850701,-4.079805104380106,-0.86313247503612,0.15816159741301436,-2.6739325263434273,0.2367307161936417,-1.0429247496063518,1.0088456114812596,-4.5364215405718635,-4.439942583613994,-0.2679799125110203,-2.719003852304136,1.9622706039355768,-10.287803083937824,-5.900268495144757,0.5042597776027115,-2.4656524824660195,2.832204440839682,-3.36949754835911,-1.787527713638458,-3.3036104552492622
2.3632179294644753,2.726537160962335,0.6412500906975903,-4.415500563615347,3.236001004866998,1.989474629513292,0.3869316356689528,0.3772894862937892,-1.7623039727412315,-0.7174245148192017,1.1678977062077875,0.0,-2.915387274706203,5.8210909011335685,-2.1037170086394275,2.618996175976437,-2.8074683859656457,4.816577961305597,6.235931535972156,-1.2816983402710855,-0.8662214422833342,4.5288869972909644,4.584889447679681,3.655440359432328,-5.414899422583424,2.2037569098490755,7.1737455422612655,2.1523824513901575,3.7759565724233246,7.570485359781736,0.9072533080555651,-4.1643351409179195,4.44637859648295,-0.5313975252808087,-4.1169432181259324,2.388646384299723,0.23091029961865425,2.5074613976777527,0.5022690007119908,1.0462553320390588,-5.625455742828881,-4.854736466767001,0.183044087531604,-3.905409414537373,2.430777267106631,-0.7483380619032779,-7.130329198958868,0.445944408468725,3.644754399862837,-6.290234986553022,-5.784294189870176,-4.173757174007715,-6.63255724043119,-4.9226488742497745,-0.22519991675723397,4.06951536395439,-4.68733895713262,3.1982380500364904,-0.28791235058423614,-0.7664860791529932,0.256665258026004,0.889769721324951,5.003577761217961,1.662569973852326,3.2140239765727814,0.8061448907313222,1.8334127773745252,7.619761121437315,-4.121629887887486,-4.997229615689031,6.183917573260701,-1.235277101526918,1.8117250661951951,8.072098589580003,1.1606694812727127,0.05040695730660322,-0.510035944827582,1.903210926126483,-0.4261519668226701,2.726328349803279,-1.7287141040314402,-2.220247151950563,-3.8020442203581455,-9.074102278301876,-5.438744267224347,-0.7443129643987718,0.4368311260788003,-10.052904337833576,5.135948880566145,-0.07891590470527082,1.4459398506241032,2.8535153132086912,-1.4404020686149996,-0.3770222751710992,4.429263117203924,-3.984554032088544,-1.1502487736113787,-2.1078090896246406,5.32435768723396,-1.0669367514377839
3.4123372102281158,5.852596560643097,2.504172795056824,-0.5293387656397002,8.178575048498978,-0.8240137507907436,-2.1130079745734176,-0.6323549209804067,-3.01856237799046,-0.06394903300824838,-0.48363956282848686,-2.915387274706203,0.0,-0.02642980228341381,9.027339760366594,3.472437814785717,-0.36853220156165983,5.5825815207041645,4.711288741022465,1.8247144950262464,5.78372391461152,-0.5282568036365975,0.18304489202116897,-2.903246294939132,-3.9705148629979448,-2.684751177117033,0.7665381952324134,-0.13529282879876453,1.5896014372309653,-4.83539680925244,-4.832846249300009,1.888321407810764,-3.324992796242107,1.2883188422969356,0.506588175411005,3.8330877479346825,6.987829123041091,4.311704205208454,5.7608023741564285,-1.760892488464597,-5.300787180216182,-1.1619935172640363,1.6885716296589508,-1.1014937969699985,4.898665999108458,1.3854961596490667,-4.102089780622332,1.4379996405921192,4.963419411269012,-2.968006142589499,-1.2833248031474311,0.1474423241308142,-0.6277168186803226,-3.166596279052023,-1.307093463832003,2.0800711091829958,-1.5233252868029707,2.936796095655433,-1.7199384260428088,2.3978029401598264,3.702790857206363,1.6507976997558265,2.503771329869408,4.191503534834991,0.2194046605530134,4.645371252976784,-1.4798642376811415,2.2519173861361734,-2.4514557799742716,-2.8491392286946167,4.510173797455842,-2.3853368899007625,-0.8219712830301078,-5.341588334347035,6.774815087062857,-1.588978332732308,2.6115892445225337,-5.158355813184912,3.533108494642398,-1.5459758703989217,-0.45082243208124223,-8.102460725880748,-1.88847748580344,-3.755225071618716,-1.3614509183258992,-1.9684072556051204,3.2855732938966105,2.9056492189092378,1.5683295059238387,0.17444926017076937,-3.170872540127314,3.246304178380581,-1.2792914580616888,-1.198519387313313,-0.621181415649391,3.689808172480876,8.613911546356553,-0.4003637186676656,-1.626330821891082,0.8998981657814494
-0.7568463698088902,2.6408709050891885,-2.3325240519659287,-4.651189509928706,4.425521715074016,0.5047906774511248,1.9780902292759248,1.4577792231002928,-3.350971931996785,5.297937722917975,5.348156369171908,5.8210909011335685,-0.02642980228341381,0.0,2.270074141523964,-2.7040109170417086,-4.1546911212803135,-1.763550255832148,4.122345443142198,-2.1984899673774585,-0.3625064056411745,-3.397106298755664,-0.0045490309501449305,-3.5877692289831558,-8.842092914419462,1.8965449211599643,-5.38320738581149,-13.649868728461204,-14.371547624966208,1.9291465012398936,-7.436651542905542,0.3578503335331128,-1.2145320029760316,-8.478036797789064,-13.17151096583375,-1.6978175427509647,-5.446623325365652,2.0147580178632585,1.6613461604620112,-5.604979310054398,-10.030900927708732,-4.581401338932197,2.524217264580956,-5.320357815216571,0.5942526508345731,-5.371568663253759,-11.676855078833807,-6.506870900291408,-4.368989536416654,-6.302649041876477,-8.011691730021665,-8.749013772682781,2.049868616300498,-6.759950039283766,-3.0768041404236306,3.7412580608328176,-8.740941507029428,1.3881743188790352,-8.328940349179888,-9.273925463360898,-5.575176891580265,3.383139556655149,1.9649353784258252,-3.0836648725034275,0.35767184079947734,3.173538394216153,0.07420033511086278,-4.048418396139182,-4.29245135633449,-7.571324703387069,2.5348166872120657,-2.683089093974541,-3.132659614886532,-5.850880262654783,-0.3342471742230356,-3.79102261223334,-6.67514770121474,1.232730265781226,-2.944605943994492,0.3130466303880023,-0.6017386093693127,-6.142689308917918,-3.483812249680338,-5.703611709732753,-3.636833485339386,-6.441375848394324,-2.0032237077513417,-3.161466830877037,1.4749324177501664,-7.472297625934661,-6.233629523548289,-2.7684972707776065,-1.4138032884807838,-0.8477884605992813,-4.842575841210583,-2.0721828904023365,-5.989673790450521,-10.408793559687352,-1.5510064222739828,-2.033054812090581
5.669966808165865,-1.3896763692781275,-4.198785848415231,-5.529846522289534,-3.075257425850719,-3.5968171058421534,2.3484313745132486,-4.78530907908206,-3.551824555937184,0.8577422953554221,-2.281288336478158,-2.1037170086394275,9.027339760366594,2.270074141523964,0.0,0.1665154432829654,-0.5606472736982071,2.429499877603531,8.711384164676588,-4.200204617755224,2.756708845877301,1.7699604997997687,-1.3415274068359335,4.965698338438177,-4.303925600943963,4.16506950883712,-1.1961198112551723,-6.463542188965615,-12.375232380970548,1.0651802694662584,0.5121758294342132,-1.3729660729926247,-5.533132905175419,-3.680538787348236,-5.935190426978129,0.0980068681431512,-2.317838847174748,0.6064838725329336,4.249487390524481,-2.3428838450442857,-5.28857040819112,-10.032483983964788,-4.804262743550707,-4.845762850690062,0.6959322686465911,-1.7532536284053475,-4.214426822389664,-4.0763246938912605,2.05544951258513,-2.701475704042786,-2.295348188367153,-5.51899199448208,-3.928481011572967,-0.32991153426929004,0.28470071285523385,9.699397890536208,-7.593483306425491,-1.3639236439307865,0.7720190125735874,-3.384184358184785,-6.876423619011173,-4.407356208393866,2.3238733531641,1.0231335430985715,-3.761192926734272,3.7256801129327166,0.3197915578821988,-0.8574800880131495,-8.164318054880756,-3.880797991238522,2.9597321430250627,-0.9583678038251418,-2.145893316897325,-0.901543165223692,-1.703449161439533,-2.912891962610471,-4.249486511134199,-1.9024537053344763,0.8311960838286355,-8.44939375575299,-0.01788184823318889,-6.27633841081238,-1.1528786165641272,-5.883452734541896,-0.5074751783504401,-7.15021405296357,-2.1489092989828937,-3.795433931688792,1.05827895026383,-2.3981428612657774,1.8667478703855511,6.431591876600325,7.017449833467797,3.280427112104817,-4.956893920670369,0.6892347005231553,-5.04817469677262,-12.601382831221047,2.194191829683069,1.9253843237865305
5.091419430379582,-3.763919615499279,-2.954138778539756,-5.319847714021273,3.9171011899328847,0.5105299252110814,4.527883798399346,1.199503700345641,2.973097348435383,3.1010201135477167,-2.868025803613823,2.618996175976437,3.472437814785717,-2.7040109170417086,0.1665154432829654,0.0,-4.320714418167795,0.572902392913924,-2.746747945624678,-1.1856445441629355,-0.15870711498913587,1.290675860496148,1.0338645440832217,1.0475614863916158,-2.301824396626356,-6.195546668839553,1.3136834316339876,-2.193515162330531,-11.39195379969218,-0.26409790996811966,1.1105059279327247,-6.667024568260976,-6.627001953138304,-5.317990595216568,-1.8280731438933184,-0.5642167500900496,-2.0535906949482383,5.050172081191409,-0.3793199219867794,-4.462286775414979,-6.5763687177796335,-11.819391584167295,-1.7049992326531695,-0.947406505116705,-0.2384558953219668,-2.541312078499572,-11.819607977505516,-3.2459599667522663,0.9452625757960602,-2.257411182127086,-4.235408534331542,-3.309086593946069,-6.573530753360662,1.0948615320851516,-3.6407416275569977,4.445217320648116,-5.632014139187528,-1.6294182795549383,-3.826148064370885,0.5647733570881662,-0.15982781310925714,4.742677232167841,3.8118427189584874,-0.6091063703738651,-2.2529174411063084,-3.7986215997680226,-4.328063956341036,-1.2863186827910589,-9.368143282846992,1.0578184654113114,-2.8919737989706142,3.2661634641273958,0.005511574046893233,-5.225575179977626,-2.483698706883921,-4.418936211116135,0.14623812253743063,-0.476672850198165,-4.637387244659192,-4.719061917936806,2.1875564155428315,-8.707886995251418,-6.340232888976235,-4.751306885265286,-3.340315158988609,-7.061031782124572,3.620700208313688,-5.724062298457024,-3.8737093204376967,-10.652829843824165,-4.542825204752927,4.264259298649836,-4.1596075759594,-5.566970432941009,-8.558203303139864,0.9473483846501555,-5.717890949192007,-1.87715355859454,4.732028379897041,0.45087869682407705
7.6612901394467245,6.324146294330776,-1.4073866349637656,-11.685587088239364,4.647956060812468,-2.9367969171119928,-0.7612531743405474,-4.081719962310633,-0.20734610365460088,2.676442435505895,-2.1734321772122316,-2.8074683859656457,-0.36853220156165983,-4.1546911212803135,-0.5606472736982071,-4.320714418167795,0.0,5.679975361562227,2.5074490636163658,6.274004938660348,5.247657874131916,0.4214961227923997,1.2131902751058588,3.805976117099121,-5.509197615804969,-6.7872293994105375,2.042814790034903,0.9530180724764679,0.5544588181669816,-0.1877503831569268,-2.546320693514801,-7.652828935024445,-2.1256045415522484,-6.606749511691028,-6.529928243097345,-2.41213250504018,4.410681745547056,0.7580689380220412,3.770626309489176,-0.912512127933,-5.99354391449675,-4.552673241409618,-0.2092510152246192,-6.339879690689004,4.624989272788286,-3.497087464389235,-4.45649345095324,-0.370026924716692,1.0278382933908798,-4.027953508028332,-5.908376813072149,-5.132725713818473,-1.623916705401894,4.115845720750315,-0.5556708598050454,7.025533571974084,-0.8461506503140118,1.772532367817569,1.4297925106777547,0.0669400910331948,-0.12539958404083917,1.8089426117262244,-0.02331543051489632,0.8438739061079977,-3.2057973746566666,-1.0037231235984805,-1.5409757762528022,2.798939478881848,-4.984524673705742,0.09079669124723105,-0.13078716016807931,-4.028070549514533,-2.126853421050925,-2.4942484665463973,3.3970266577051476,4.767402557382254,3.3974385362911073,-5.270752876699736,4.940154522406249,2.6682357565464465,2.34805273132538,-6.837907452019204,-4.679103139516864,-5.673805027239962,-5.822038665786083,-5.425075090235716,1.844702827438495,-5.852130716408081,-1.4023076183806396,0.48304619216159106,1.9220984345976937,-7.724474493811343,-2.829177431761271,-2.5559935358589128,-7.524007658827104,-2.5830420139141883,3.041551400245195,-5.456058677055533,-4.85468265464619,-3.810897338488621
-2.102365980546064,4.365457572799263,0.15688032339815303,-4.845085168165086,-0.16130967442266075,-2.7055437003382234,-4.099379801769951,0.6917444397279932,-1.4616309808305135,-0.1702499396663606,2.153881400957822,4.816577961305597,5.5825815207041645,-1.763550255832148,2.429499877603531,0.572902392913924,5.679975361562227,0.0,5.319885443355625,-5.896241270941159,-2.4687289591778097,-1.1906805363503754,-4.048349262426954,3.414956490178536,-1.9938222269893056,3.59083805111078,-0.25237930812768294,-0.6127934054492373,-3.5438317596900584,1.931981454771468,1.3191331146402363,-1.961183278147289,-0.11778452117174172,-1.0936841500248788,-4.64375013936034,1.3247716291667015,-1.6711499418805416,1.465863988701476,2.802475620728876,-0.5464830858248695,-1.7821885277081315,-5.499394431297172,-2.179316894237289,2.6795466817852356,1.78773749212762,-1.8142989704307713,-1.5578079080140355,1.9050557788241425,1.5526224024007282,-3.7765130810081047,-1.8835279993433631,-4.9259862402774175,-5.910641214151848,-0.3513327402272159,-1.0818369443645917,6.8336641755449135,-5.71258589040421,-4.928022799258744,4.971374973996507,-0.01054709482071186,-3.5369955319482886,1.5809226688801703,1.5011600130737748,-0.7768528069144206,-4.725014622199047,6.444147197879475,0.610082378894872,3.2571316522431766,-10.06231691160759,-4.909369292176345,1.7392338712751003,-2.0808180109421435,1.8985655018063416,0.6895520841021956,0.8118157957423806,-1.3369344545564303,0.7055407897706,-2.3641096749578345,-3.5797650301300483,-0.6166273368422657,0.7657492361520971,-0.31989809978853306,4.044869153716367,2.843978375828712,4.19295932717537,-3.791908808114512,-1.6584890619203447,-8.492569116960146,5.978970659714981,3.248670244472004,0.10693776983897876,5.014792506330196,4.927424110368121,0.22673598766479647,0.050510312876304655,4.346482400582709,-1.8486386341692875,-1.0736766271404572,-0.5948464805593132,-0.9580357106133213
8.339368372050723,14.119679062321069,5.028223245951901,-1.155556227256595,3.8130507157838847,-1.4355423423976,3.950665038631056,-1.107524306781342,-3.949115431675287,7.691208632250238,-4.767305518695236,6.235931535972156,4.711288741022465,4.122345443142198,8.711384164676588,-2.746747945624678,2.5074490636163658,5.319885443355625,0.0,-2.0941776517309294,-0.306672744376404,3.9064687257763406,-0.11200638475773173,10.678936765722847,-12.122640937925045,1.294102376353603,-6.907717349065009,-3.021268809879895,-5.897477223104851,0.426510300884468,1.1934138748094054,-2.1956661475585855,-5.297018587653506,-8.703744964991657,-3.4588313836302125,-5.365130925021953,-5.347897315212391,-4.558475411720768,-2.9621529275770473,3.626895005212009,-7.458841731049283,-1.6268746419095004,0.48118079412452885,-5.9452713064180776,0.40721093512429873,-3.6276574412676186,-6.641137778088689,2.2524914933877582,-8.53376518114291,-8.854429473588086,-5.869825132991459,-5.5375321432299645,-4.829296369175472,-1.0499880727755644,2.4253258496642727,3.553166737867904,-2.061719690903764,0.8022147765209059,-2.5399566132829867,-0.5023968275998587,-7.973327472918302,0.8243762470394628,-2.5583547618998166,-4.978209104187664,-7.368166513668864,-4.612554939003866,-4.9516348762669615,-2.8024648656601068,-6.458771520914904,-3.7215535314372814,-1.5661706494071803,-5.498719714752335,-7.176500090450776,-5.322108143471239,2.9144545330349043,3.0139722437487655,-0.5249358185793556,-6.198961661883184,-6.715230636425187,5.5462262637559965,0.9844625749497689,-6.46887565705893,-8.860993564760113,-10.40402054666487,-6.43844714575454,-9.225911149826052,-5.417190936911067,-13.886900302693576,-4.324386573159559,-8.439456593331915,-4.646284183131498,-3.75232495071902,2.310209404989903,-7.455283507858613,-7.982952277032122,-5.482998491363952,-5.789839311904913,-8.943223846399583,-1.2826619376050474,-7.59485720391599
1.4402921763515075,1.461965338378627,-4.109140523755795,-2.920440334810943,6.529538923346824,5.670994203081585,-2.4627190534368504,4.453639113192288,-3.8466398339428416,-9.461809778129302,-2.1742993150140175,-1.2816983402710855,1.8247144950262464,-2.1984899673774585,-4.200204617755224,-1.1856445441629355,6.274004938660348,-5.896241270941159,-2.0941776517309294,0.0,9.157370830085,-10.363088769019896,-0.06102895316205292,6.81222509244225,1.5214901105109715,6.65063881112856,-0.7936515002490029,-2.073278201239815,-1.8017227906091529,1.224768080922432,0.18039049746496796,-3.0715531797288014,6.5562265047032975,-4.482116873526553,-1.953058237893692,3.0334240238487222,2.42092930003071,3.6545058782739943,7.398259496385933,-3.9133006849371914,-4.312014734088071,-1.1313727292559739,3.195635461072776,7.0360245407508755,1.2118662574722745,-1.956894401885532,0.8292244930035619,2.2682909687656685,-0.24600519444599897,-4.368327303280014,-8.985343764551555,-0.413973715509136,0.018621121687984327,-3.5419910571154607,-9.550043734088009,2.434806549357788,-0.2897373910967457,0.6888392802075287,3.5804600615975555,-0.8273981023816922,-0.49993070958257696,1.572200393162799,2.906580785387469,-0.07981691532866836,3.641940674388224,3.898020489514725,-4.992744766706022,-2.062764782803004,-5.020700722875381,-0.38741742417323194,8.602821553212003,-1.5513447744641755,1.7114578536962326,0.1624038059709364,-0.27836576217854875,-1.2540718326151483,4.095491145561351,1.7795146050476691,1.3228680693370158,-1.6571711211102933,-2.7881031910141285,-6.665217739199006,-3.894225778532436,2.7486326769972464,-4.367616261554577,-3.4686085435378606,0.526017186227128,-2.3763032310482406,3.800454259335535,0.8365382754637988,2.272500863796872,3.753261277150101,1.7162410248395794,6.034023696186207,8.442908253358551,3.6025964321758934,-0.06746035425501205,-1.7933973889117103,-0.6839825130077892,-1.4946911388701507
1.8646714623195952,6.34536405265267,-4.885158144448305,-0.6585542679923108,2.9666209282160927,-0.12150484523794793,10.132642810849555,5.174693572059056,4.335672754917621,0.8566842176722189,0.22354943393776305,-0.8662214422833342,5.78372391461152,-0.3625064056411745,2.756708845877301,-0.15870711498913587,5.247657874131916,-2.4687289591778097,-0.306672744376404,9.157370830085,0.0,7.307842031972338,-1.85549939563188,1.933675353831128,1.1872750466159578,-0.467599210534872,2.5688159421292744,-3.952985943978725,-2.3225164689786166,-2.4431669793622435,-6.284474967019627,-3.116042151229013,-9.638655838382995,-3.7778110471531288,-4.926294967243806,0.791618083166092,1.52161942613089,1.037820182554068,-1.7351807989578154,-2.506867650330913,-8.359552659717233,-6.2191996520437005,3.2810968228373807,-8.801834878040786,1.7508048901666051,-1.1840690419225484,-7.860759755295295,-5.540215096849681,3.468690620557141,-6.593680578784431,-1.292319585769537,5.551799503024898,1.623344884146994,2.685373832578043,4.259598974726448,2.827354813176676,-5.733875282440898,-2.445326157224309,-1.358663425592958,-2.9073873560891257,0.7209923835320805,-4.2008491578477205,2.409229227067422,0.7029919711870778,-4.155485493703384,1.0946154904107999,-0.1572091665072739,-1.459881146832456,-6.104067758266321,-3.0202832106678787,-2.0557966279389706,-3.9447814653526887,-5.631811317768832,-1.2972332785639369,3.4720942162778283,2.434263832103692,-2.1480788223607856,1.0493404367375792,-7.134581993857018,-4.754268456862082,-3.0047213213196398,-4.549561481213414,-1.2173706710924348,-4.394491404678639,-0.2078138442080479,-1.4151818258216666,1.017145886873348,-2.832649543661527,-2.3618613177044794,-3.6771743741110776,2.677550699833733,3.4890767057559806,-5.840504147512024,-0.5788934973299901,0.5882706463196823,-2.55898970697265,-0.6823561948432516,-3.642592505904284,6.885615285781907,-1.8717271433978595
