0,1,2,3,4,5,6,7,8,9,10,11,12,13,14,15,16,17,18,19,20,21,22,23,24,25,26,27,28,29,30,31,32,33,34,35,36,37,38,39,40,41,42,43,44,45,46,47,48,49,50,51,52,53,54,55,56,57,58,59,60,61,62,63,64,65,66,67,68,69,70,71,72,73,74,75,76,77,78,79,80,81,82,83,84,85,86,87,88,89,90,91,92,93,94,95,96,97,98,99
0.0,9.379370332545603,-1.8439970797986636,4.687503649657623,-0.2352556810522304,1.6972000590704928,0.7117685134328238,4.03447994942808,0.7162724769446255,10.418735994669223,1.3602255975849415,12.916980832208216,-0.6649478529877955,-0.6880471749215701,5.842814286870005,9.660068611315639,1.9619322579614729,6.042078656352862,2.8262501474995783,3.033581615677517,4.264783726751156,11.268059668367712,6.284151024537314,2.610009247126168,2.3807866021310766,-5.119796923933761,7.94612714346903,8.341754663567873,4.466000883852059,7.483320661132329,8.520378453790366,10.628831067790385,13.434862881073292,7.3838853275109635,4.519964651372448,-0.8937410685485627,11.299830168482991,10.549890980713863,15.027836288872695,13.704531771688869,0.27470765259086594,-0.44571884835163406,7.053572747665534,9.661562032228886,3.7749889530449336,10.547909185210504,6.681550813952016,1.8370755962894632,4.557501930558113,6.7317026593403,1.3652303459179425,-0.23851186187352025,-1.2378077677288564,4.139200035257286,-2.1799887682679606,4.2025198202582095,-0.43787513739699463,1.858855876049684,6.964375498390544,4.296892280517634,17.56957862242179,6.328423786348536,5.258692587025681,1.9344583705720673,15.460783979904027,6.124914639265864,-2.450053145797824,9.34889256525008,9.330966393158954,1.676133874744893,4.280095276664997,1.348502302637994,6.361462606871675,-1.8787752763523728,7.723217477249605,5.800452467742494,5.4184906720815285,3.434372992956048,9.200393114585008,0.7570196099814698,-1.5069820047903495,-13.213966026994028,-2.898937344031814,-0.7762331291218358,-1.3291632784335996,-4.021091545705447,9.187073128074015,19.968461739065734,6.977566607551956,5.052615441606684,-1.793830395266491,14.03131910668317,11.878540137609184,4.859488478041431,9.584407979901469,11.966731053618455,10.84534289135235,9.061943910021919,5.205235605617248,8.01767288074928
9.379370332545603,0.0,7.125732451508869,-9.130973622400711,-7.432772330403761,-6.751667970441042,-0.8205563858905658,11.380658261142184,-2.60374577840221,1.1801275121002628,7.938577785613717,2.3492422273768394,9.565122443031871,0.742116773080672,8.297909252538009,2.768192910182066,-2.5537045614987264,-0.70876593314418,-6.945235213054237,1.3238431630163077,2.619397518367599,-1.1504669229931639,-0.004334210274479642,2.9428031280375104,3.5293160225620057,11.033762783541093,3.5636709386815686,2.0103165224007653,-5.806745024812745,5.7424160359944,0.6197157076506962,-6.071596412144025,3.54931583466292,5.328875049654208,-0.5816925092521585,3.693344262222888,8.861703898994215,-1.4342506217953819,-1.3620400181512247,0.1776239886085264,-9.089497624616415,0.33655561216107127,6.9723675434603924,3.3158760896238886,-8.400953742037828,13.47239280670653,-3.750088439493609,3.378863902031573,-1.1618566823192231,1.7530946980527746,-2.3625275090922595,-1.1034279593609717,2.441394856238556,-2.6474763695055072,-6.419421099764236,-5.016224309160066,2.8986811280380658,4.3973065257969965,0.33305015476449606,2.2201856186755,3.9874751198398335,-0.29240149696187795,-2.868677304235632,0.6606880016654434,6.297579239033221,-0.06476688167822663,4.377342232894659,-3.459437760663669,-4.033800906176845,-8.779486698642728,3.654671898686761,7.880138972879256,-1.1497617032430971,3.125993919841541,-1.849952980383156,6.6194273512652675,-0.832261969963949,4.4422192400541345,-1.8926491586946737,-0.6576771804949603,1.3949432739167371,-3.8554237313328,0.021614594906676197,0.778881928777764,-0.4078134070377365,1.4511623868280323,1.385453899746035,-2.899560102245045,-1.5658080371551883,-1.9689636502508607,2.354245330927708,4.116334933742668,3.0746457324176815,2.6435285157651767,-1.7688895828214386,-2.5510633583852527,7.8690413611690975,3.884055096181148,-8.45259086480755,-0.4334544671010027
-1.8439970797986636,7.125732451508869,0.0,-8.90789422288459,-2.995692528683511,-5.645359147698614,-8.444168099376322,3.057567632300022,0.026737817229148392,-4.24023079896406,5.882535266593204,2.561705088835788,2.0700591814178724,-0.9075740197342098,5.067644226336986,-0.6048032908321824,0.8063057639418421,3.0804128388231753,-4.290081795158029,5.206243712439317,-1.485906110533727,-0.5070510527942431,-1.997562741384084,0.8840272735224989,-0.8825703301497155,4.808730046311407,3.609662298737136,-0.6446939240602024,-6.877518101134779,3.60291104442178,3.2897137036667776,-0.03989791117600756,0.6291783265490266,-1.9596176936540068,-2.972716610759987,-3.541091115418029,2.524384138758436,-4.0319660606711585,0.7653120898373639,4.407190142536449,-3.0391323558233423,0.5379013835758489,4.649663992995321,-3.3361822738450098,2.9136865461320967,4.282642307264728,-3.436394087699546,7.147169760050308,-1.184569499059212,-5.706843868158537,-7.287278681512326,-8.304146348734998,-2.3260989392920486,-5.808646234831053,-9.77982666188006,-5.344834316156405,-5.807642012617646,-3.6337847282089726,1.2312086323378555,-0.736710417127262,1.0361946806563755,2.7678058986328775,-5.162375946479043,1.7636403310490238,9.165280510461741,6.815449099697067,0.2523670291918216,0.7630352062762259,-1.601115766963602,-1.899094090214552,5.010563607251637,-1.760034660592495,0.8439404524246977,4.432169430806896,-8.853059420820674,0.4518353540068467,-10.261153991876004,-1.1511244058857812,-1.052949600238736,-0.7250786291545979,5.277256787796043,-5.384978912557962,-6.733752092412465,-1.7685070084374448,-5.833389495535072,-5.262718105811121,0.0018960202180732571,-1.2360101557515375,1.2309200813864667,0.49636712094652147,-4.196129970926709,7.152053032430749,-4.301663812333634,-4.609041023128247,-7.998925116875421,0.060048530192945274,-0.12209565941618208,2.72133923242222,-4.049025401808671,-6.471239849524278
4.687503649657623,-9.130973622400711,-8.90789422288459,0.0,4.907454824716525,5.942077865737264,-1.684982892416282,5.389349103703046,2.0582309048341,0.6232226396282475,8.210709596935926,-0.2580515944613937,8.024115347304273,-2.124658085026152,2.9544560372217705,5.462074633809689,-3.1584565409177605,5.290542774508017,-6.304861207297131,-1.1500754471888777,-0.7675195796645508,2.054222623034747,11.899442024938168,6.216779325260264,12.81770418193483,3.747781996051585,12.408657637077008,12.675971870783968,4.1640987274496215,14.648096470437139,3.472446898363132,-1.8978513723887944,5.110757704429923,11.374712881014975,4.829557565919385,5.321288579022843,4.731092136274344,-2.7808563803656514,1.6018006187215887,11.382603880214004,1.9297824073794037,6.896614547514286,3.0147159158616867,3.311068485037715,4.491658089196513,12.462500020566255,4.1650773112013955,9.663537071546903,6.470008003886253,0.3696997794915136,6.439498265504061,-0.8989667815026608,5.830974014696087,5.184004932884188,3.060873907270671,1.3318878143048083,6.697531994998416,7.975451113097415,8.31808409143955,-2.433109831522678,12.39968390173173,-5.4923165987733755,-2.430847733536654,-2.2031282962944894,11.15862083286583,0.11563001942426313,5.483211406903401,-5.61329988840259,7.386774482496598,6.033049092850644,16.313999951880508,6.364192130421608,1.462923777470562,7.170276532309363,2.2944040882894776,-1.2504999332280367,3.665117443499295,14.85375513371893,0.9345943145875512,5.404916406229908,-1.4273659082120311,-3.8209362111906047,-11.029627044899817,7.602754473574622,1.467514429249184,-3.158279192582183,3.4679409655415427,7.5169787811118605,-3.7520798480878055,2.413923461458672,10.097434959432558,11.528800873042687,4.787886531696224,-1.1926932058977195,3.446405616642312,-3.0589581913296207,5.3067338362552725,1.3704754698977233,-1.9699016611133335,6.181540339988449
-0.2352556810522304,-7.432772330403761,-2.995692528683511,4.907454824716525,0.0,2.656816720583967,-0.175985610649423,8.867451190372954,6.718516188026569,11.82664151799272,6.994126346619408,4.652210572093932,8.838072842246152,-4.744856316827433,1.936585079268088,0.2137371166619096,4.5807647211299996,-4.983688993916901,-5.808766440419071,-3.1514455928595053,1.946586961487348,12.722855126752895,-1.9299174028177328,-4.91029164462939,0.8052339866880176,-1.366289602602025,-2.2308072869264906,-0.30708203105843773,1.1049222171698847,5.616303299599463,-1.5556365396136311,-2.2528330622814816,1.323483082000789,8.336076698371755,4.645327787910056,-0.6127302095641565,6.782230387932351,1.8809676661812933,4.384582181276003,16.69562472719221,0.4197253532649652,-1.6068834658495683,16.336625001645768,2.67810585727494,-1.2209297802842043,8.7653477465821,-0.3358898010033459,4.2389467334912005,-3.1308240560672886,-5.863987949019302,-3.701118094387279,-2.2443696556249506,2.250349589565081,-1.5933243888137882,1.1653502670207039,-0.656866327068416,5.300904141841576,7.7206586317282655,9.58550014503496,1.4174971643074672,1.8890052014488183,4.961931498738419,4.858733881934228,2.552055477022018,12.815790853239912,7.19455009292348,2.360484902498421,2.261326776549235,2.6437828920496407,3.087681288451505,4.057770389671745,-2.237354553166084,0.3613430441561925,8.989014562754017,-6.581089590507996,1.4142234681843007,0.05926596314389728,2.460522784405277,2.474058658748036,0.49664051828467776,7.091142841774089,-5.459790602268197,-3.4576209752334366,-1.9360142348146876,-2.9391795973060497,2.312194544599589,1.342748182214254,6.697149651476934,-3.989149514181244,1.7200703313750412,-0.21992515564416348,15.50173244209036,5.50913682749948,-2.722039537311744,6.926715652216619,2.4830409558898188,4.427467534733062,6.019705939883218,-1.3690473127788096,-1.432953762303058
1.6972000590704928,-6.751667970441042,-5.645359147698614,5.942077865737264,2.656816720583967,0.0,-5.331626124195326,5.143207590100191,10.075765211981844,11.976257367447232,4.42650094171596,6.790567093178514,2.200919397091156,3.442334984574934,5.382043210932583,-1.1559995967515755,6.267099397714277,2.713452786286079,-0.013774276377204768,4.216354697076885,-1.627006599062917,10.049237136870136,1.5475267146621279,2.3596577163428303,10.362417262837722,2.38035241957708,2.4796170031815894,2.616538739299656,4.608080268724614,5.441274735462418,2.016595446430052,-0.8060396400437256,4.894129631840684,-1.7784625795997044,2.254521797772336,-1.6240035170507732,8.028200166617475,3.345869652837821,4.028947285192057,14.501145300543511,-3.5191088472366996,1.6151459229978284,7.980439533958254,1.833307527093796,5.912576265181847,2.604097670062176,-5.064116532079109,3.433795145327253,-2.461234817864969,3.738382985737697,-6.645183305430924,-4.071879586140836,-6.147672172838603,-5.636655186289159,-1.869356525120769,-4.21756820674942,-2.1635302194292048,1.6889658748803464,6.915810754020037,6.709934000081638,7.560045260527031,2.4673356382446907,8.843434171860574,14.782096342327195,18.353370005815645,8.317104442980742,2.012661380628187,10.746594482123477,4.498323444570386,4.602475810763138,1.612485909322925,3.0614154659212063,10.707804542146867,4.858446590641996,5.053652675175916,7.701301257068914,0.7563586134258402,1.9434815793225253,-0.6303046141244488,1.1365545199943403,4.603397299727316,-3.5435428615748763,-3.6195931759231934,2.2589337020186635,-0.19919116153267408,-0.375501459250587,1.8569053540828824,7.566708924952774,2.541520056432189,0.08603592634912768,-0.042128202361441824,9.700445515965793,12.392463957885017,4.533143707673576,6.295205098106555,6.912452529081941,3.4774970466832,1.7152736540556834,-3.24805058113585,4.535372180602023
0.7117685134328238,-0.8205563858905658,-8.444168099376322,-1.684982892416282,-0.175985610649423,-5.331626124195326,0.0,5.41776323795486,3.539567385281701,2.365805676803019,5.151678406748162,0.8128456282585836,0.540532505200746,0.7003457006623317,0.6576939885805619,0.2334995357346173,1.8067927077735897,-1.7748471044141012,-12.837477102125703,-3.929841247614726,1.069693627573438,-0.5693181968309777,-2.3846644685795475,-0.6193878987583072,4.5718624346066115,0.9000078141486738,-2.758453626366111,6.229581014472992,-0.5949033899295503,-1.8127149161228633,2.140590254554504,-3.4786559741653735,-1.1864376344968468,3.7492840544845314,-1.0865474374023107,-0.515863889060295,4.421384318343477,-1.2066283093046652,0.22863133221256549,1.0539410997965115,-1.6875614468452895,-6.099260830943139,6.544826358790499,7.6384077045707,-8.610855968183833,5.708510865170346,-1.2141397130115792,-0.2381608630055148,1.610220883960034,7.556840301908046,-0.09401768567298392,-2.497488115327334,4.563506714003977,10.020638112829069,5.629527318803704,-5.278219645113266,12.657058808420288,12.3260075020787,4.2313048340320965,-1.7640864858887535,0.17780269740411891,-2.1140837784200484,3.611990593125632,5.815602780031009,-0.4505168600734673,-2.0162905906236324,2.560613375876659,1.29098562000944,8.263019644522249,-2.8013159754797594,2.292771521909793,-8.080661818198646,3.34225768857535,6.5277191386130555,0.046450990430510965,-6.635392016967684,4.935600425891804,2.2738276134092974,10.308231408320747,0.4416109772933218,-3.107631304201344,-2.8399324191162822,0.7332926956290153,9.71895100939473,5.679273782523174,-1.5384854164743669,2.846442153552166,6.110403793705127,-0.6456533614472113,-1.2592436247756051,0.8593186060725302,7.341853040014253,5.621345484377008,-0.9469857615396045,9.421623913575193,1.43049771039967,5.182813071649334,2.159756493153992,-0.30632657067820446,1.4548019594954302
4.03447994942808,11.380658261142184,3.057567632300022,5.389349103703046,8.867451190372954,5.143207590100191,5.41776323795486,0.0,-10.480988286582143,5.574011998538614,-1.299635248143581,2.1743118610959824,-2.5683274611558327,6.310970202683728,9.454191734830674,-2.643108868491405,-5.245624803527371,-6.31471954468218,-9.644557492611295,-2.539131349090902,4.037011444405552,-8.133923738932145,-2.2340491916503527,2.3372101624025907,1.0251465262746593,-3.026988566778136,-2.4044506292045607,4.517161884416073,-8.693809745455283,0.08237391834345892,-3.153068818868595,-0.23873223150588807,-6.276820594027907,-1.5385091653017653,-3.0182687709149847,-6.373185008374608,3.5315397876540855,3.5487683620460846,-1.288190373797917,0.46425525464868495,-11.540556859641589,-7.896312352344403,-3.4373386725138224,4.079480824386791,-5.064526042663415,7.662518439076238,-2.5852382812324906,-4.232548337437606,1.2259806531989592,1.6369429548415055,-2.848645780256708,-11.00652921082334,2.810144621820416,-2.375798844829136,-13.283376972301992,-7.438056498935642,0.7217446585112782,-3.4157395170115654,-0.324288696193662,-5.11656480081073,-5.175697641224022,-3.3356820596416488,-3.7106883347779966,-0.3129209105579034,2.3910887313643743,0.2139253618638089,-0.8599382865681422,1.99291580114648,-0.5088046831052012,-4.013087109459506,1.188934650153254,-0.48971266655442,4.302361856141044,8.096479392711988,-9.857617064109393,-3.959747964319881,-13.426395526637927,-2.2314604086985006,0.12928662538410235,0.1276561438159377,0.04758371982516461,-12.791396969108005,-6.104623052513161,0.3479195798429646,-7.674855951518629,-11.562320115347392,-0.716838558517249,-3.2338525098478366,-7.570716993365709,-14.84379014300164,-8.53425254677714,0.2382055633675118,-4.318617872357936,-1.6226912726103908,-0.6576073264887881,1.3919235122169131,0.03214869901719648,-7.680670539087679,-4.6399244360668,-0.6689009241993665
0.7162724769446255,-2.60374577840221,0.026737817229148392,2.0582309048341,6.718516188026569,10.075765211981844,3.539567385281701,-10.480988286582143,0.0,7.796200419466554,3.1763426047275662,2.436515707973365,-4.229641257104668,2.879608488797149,1.6177501682240976,4.717641334740704,-10.178068381614699,5.33627023151945,-5.406385657382288,2.8502821471969915,4.262526610119918,-4.611058693838347,-2.2339364877306918,3.079808494726612,5.360117750683089,-5.630752120478345,2.8853256739932087,-0.31629401751197933,2.379930883377442,7.245512453117376,8.795407139824862,-7.5924502867341666,11.806351321182579,4.7167504111205725,0.11312561073552904,-8.630918711081433,2.8527484982100515,0.33152956305166004,6.0868232121250285,4.835234086590966,-6.910041028891799,2.2383915767664213,-3.444058554212272,-4.3551741241097055,3.198547545572808,4.713003170521875,2.4415799214289464,-7.399142169491214,-7.359826569789096,1.0616483267994987,1.8685901550075823,0.08803120237091758,4.7607060824268,-8.765129235431726,-6.836789058394172,-0.7816798130880698,4.069043976555816,4.9977351170497935,6.820274971011334,2.3420836450720066,-3.079501623955903,-2.3393295885647185,-5.713095085505057,-6.720831021842269,8.383498337606222,-7.650521743276002,-1.2478131819766864,-0.0005080926512553534,1.9354287349390351,5.652836192578777,8.3091273684728,7.263969279849913,6.968082854174061,-0.448694052283549,-2.261475992194801,-0.18210126059678888,-2.4606120479354967,6.895522057902784,13.080569905380708,7.110912041219724,5.10973124910062,-1.234526726891398,-11.968971268347785,5.471051971774709,-5.404214806282811,-9.00509616539592,-2.9579093464219017,3.8514965335488633,-8.52910393996466,8.666711691967933,-3.124633348606692,-4.694930000453675,2.014376192335852,9.633748651652423,2.415101928668881,1.9572885107917932,7.514295713918165,2.155716117785899,-1.50002480407807,-5.819955089004377
10.418735994669223,1.1801275121002628,-4.24023079896406,0.6232226396282475,11.82664151799272,11.976257367447232,2.365805676803019,5.574011998538614,7.796200419466554,0.0,2.1722035457286704,-2.603609941435131,4.424179029731507,2.278230033827776,9.87620779852725,-0.950697052206953,-2.3991848083345784,-8.980150019705302,-5.072582872559789,-0.35201400065102106,-5.676086057085863,2.004493095788147,-2.9459803696813047,4.359246001473349,3.83383879209873,0.28724361452512265,-1.685821623717596,0.36587196703942426,-3.516446922370628,0.33061751448135523,1.2341584694253809,3.779887052264908,-0.5628840955868057,11.64401460879327,1.0758330498959594,4.028239271176028,5.445368955799227,12.106292508951247,2.1433428683095705,7.251600321823757,-5.60142256275778,-2.7579176476785143,2.8825838125935337,1.8000620021665874,-3.9117433313044794,10.572646968521504,0.371913170785013,0.8464974500468352,-3.3154348857492564,5.862736521406169,-1.7343838168189107,-5.401675057991801,-12.414181248127171,4.085505287684878,-23.06630567565461,-3.594005492498552,-5.765606377660766,-0.6379920606565679,2.82460630859057,-1.6792206040603048,5.650855485858217,-0.39509717999762817,6.875492188474767,7.418498222646543,2.176740243798981,5.947925179401925,-8.927291831874173,3.257374976519687,7.479244944648824,-4.963189034858658,1.1145657717907622,3.3944071767556934,2.7064189129922958,6.278080811058895,1.0801721986266624,4.830816861471817,-1.5725706281813703,-1.3217191671020092,-2.7657206827822347,-2.7248003130789806,-4.135861348949927,-7.551145659921636,-1.6780672298717199,0.7989958087810761,6.356870628465403,-2.023532652550528,4.631590243314427,6.81499587780849,4.32500855544215,-4.196874871026545,-2.7292379758450145,13.558434617017232,6.741837101118925,0.1591871200122548,3.418169533408664,8.46988160395166,10.626471257071845,7.190256854887366,0.2618874909036076,10.958297328561306
1.3602255975849415,7.938577785613717,5.882535266593204,8.210709596935926,6.994126346619408,4.42650094171596,5.151678406748162,-1.299635248143581,3.1763426047275662,2.1722035457286704,0.0,-0.25653788357636886,3.130611445334428,-7.949497539734253,-5.923359515242216,-6.143645245404776,0.11553588093251792,-1.327483648067323,-6.106242292030509,-3.4319626288486864,-5.3191145855922,-1.7030967883881463,-3.868081744611664,-3.4894424023199604,-3.86451869298242,-1.1600579711906425,3.676807778109026,-3.198850686293912,-4.187203719813458,-5.058928084333149,-8.958640925614148,-0.5654338282604641,-5.935390829516216,5.088159895281476,-3.912323149876008,-0.3385736151525304,-5.388778849510218,-5.828880419768331,3.061339484365803,9.131304677637267,4.603186110087966,-3.477253024750229,16.255275482923157,-2.350956985594318,2.0757946067204727,0.1151862722793912,-3.372270797862449,3.8946881944908145,-4.60319207593907,5.1560962336394685,-11.886543220629996,-12.08126991334606,-5.331628305923166,-2.250937412077688,-7.326841184951438,-7.391663560051698,-1.9463935169567064,-0.9932233669233215,2.49498940749724,-5.957688733002481,8.865212649382382,0.6129986286576306,-4.493286843006736,-4.504017957013117,-2.1593851366039583,-1.7493052706041499,-5.522385523535761,-9.13576254037907,5.097240100676687,-11.790303852256788,-12.373803908326073,-2.955577117003675,-2.551395129675486,-1.2441537090119483,-5.593320457438724,-6.476830918835057,-2.258521335202801,1.433442342933206,-0.3807801943260926,1.338765698803898,-11.237928645363327,-5.025705248416577,0.1950869523577192,-2.0803486279769543,-0.5171699375466076,-5.145693087358894,-4.488909143374238,5.763465629509835,-3.001912683367403,0.22253238462370625,-0.9487480060594397,3.3083480353235006,6.5564815528240015,-3.8343440382372,3.9589479972969257,-0.20142070170472892,2.5768210315815168,-2.277788163623258,-7.92125181377049,8.246133499685385
12.916980832208216,2.3492422273768394,2.561705088835788,-0.2580515944613937,4.652210572093932,6.790567093178514,0.8128456282585836,2.1743118610959824,2.436515707973365,-2.603609941435131,-0.25653788357636886,0.0,-1.9435002158436052,-6.004575864389221,-1.01759741286236,-0.717581195792289,-2.3053649186120277,-5.0542335863656,-10.149625944866447,-11.182708055353803,-1.813765056845636,3.244267395536675,-3.1978439236805185,-3.1058768865028807,-4.9819183515262555,-12.926309769218792,-5.6905342152905884,-5.0433384836815485,-5.319790484393971,-0.548139174665373,-4.159399380562965,4.112837531555782,-7.318517450458013,9.181994287639373,0.39610939162074504,-9.10769130501812,0.1564890527265586,-0.1996526339036964,-4.377083631211137,6.765563844671483,-4.3188964801704754,-10.271534036367695,-1.7917821392834052,2.7425262071663727,-2.280220365376364,-0.35149256991633515,-3.27656022407766,1.6130084519076824,-5.991977403862808,-5.854432829145786,-5.666990719022597,-6.294706663997998,-9.491002869296642,3.941685299256667,-11.240366713639483,-3.1192732489329007,-6.541470250990185,-4.023294857016121,2.570503558173269,-7.928066426742931,3.5211281462038646,-5.970428255915243,1.3056905712941076,2.4217700992552764,0.10571754274257111,-1.4771490999588295,-2.958362662121739,-2.971379452509982,9.439918683806455,-11.043773716989696,0.713511842633728,-3.3755948451205446,-4.770139439265076,-5.310639169330573,-1.5434688162749255,-1.1283590795232852,-5.488528844880747,-3.1597821137230166,-8.531118128257889,-4.307829501368899,-11.896776000497312,-10.85530592644096,-8.634003353499516,-6.211742158115853,-2.2635723890476265,-2.3458829551047544,-4.944143605381909,6.762042962041536,-1.9315196155625785,-9.27663448834715,-9.921421514415789,6.262299721926734,-4.457147848154771,0.4789924663547645,-4.425072657457921,1.0110737861705248,3.8232920104772496,6.211015062533441,-2.731534944142866,3.5372263312929086
-0.6649478529877955,9.565122443031871,2.0700591814178724,8.024115347304273,8.838072842246152,2.200919397091156,0.540532505200746,-2.5683274611558327,-4.229641257104668,4.424179029731507,3.130611445334428,-1.9435002158436052,0.0,-0.47066366234912416,1.5269742260898576,0.1778949840975262,4.80106762513573,-2.400968716986745,-7.300153033329091,1.0755125742143479,-1.17912890083279,-5.325754015232547,-3.775211517752594,-0.4230570389285652,1.6011224965273023,4.032311202327508,2.3866153206762006,-0.2921148266492635,1.5939211939246751,2.684809589657754,2.9778405861162183,-5.312948941051641,3.5669518503796542,5.490822231972,2.997328240822752,-0.4246137767235297,-5.1759230961569616,-8.890000966518082,3.31846853876518,1.9618108034727977,-1.6464721739213244,-2.6684186120077533,-2.3055657682987967,-3.657599026989356,-7.871964113778039,-2.818838134499756,-2.946660371067942,-0.5289529379068261,1.3454154208165816,0.5530510117690169,-6.012394195545704,-4.62862209777531,-2.749293481134698,-2.38518078453326,-4.95482678454678,-4.104154728696825,-2.458706964301524,8.031545909372474,4.035511846422549,-1.53380315821515,3.665813821431133,1.1278367697596243,10.01879177696076,2.382342583239513,-0.6915150815111126,4.027737888678128,-2.1761628366021952,4.0321081138813915,2.874616601241492,-4.754521993581083,0.5175618394006328,8.253142419507913,-1.86403747284716,1.1401059863740433,0.11475126006473747,8.33720875635525,-6.246912332577028,1.2963951046327615,5.32123938154632,3.9724034961993455,-3.754068939110127,-13.615481253083107,-3.512803443759568,2.730327790434176,1.4970072965647867,-7.724885232767795,-5.1038066518408165,5.890324662488314,0.35709315586210544,-7.428061914912579,3.561089290725714,-7.229001108006447,-4.115327301015098,1.3149639191267797,8.078734974435282,-2.6862497386896,0.9556449272389088,-5.5547715517490115,9.778171897034422,2.44557703289878
-0.6880471749215701,0.742116773080672,-0.9075740197342098,-2.124658085026152,-4.744856316827433,3.442334984574934,0.7003457006623317,6.310970202683728,2.879608488797149,2.278230033827776,-7.949497539734253,-6.004575864389221,-0.47066366234912416,0.0,4.478897649231724,2.028268694763468,-0.6873230151379047,-0.18459637255520284,-2.204166625673606,7.811350497446447,2.580284743497221,13.774637261612995,9.658347221211825,5.529745565080666,4.690370174649491,7.6887093130352175,-1.2137781964430663,1.7693791654722164,-4.721153903128524,6.250290479686052,6.709342309080324,10.503432854077747,0.5927749538582964,7.9643654135886015,4.855687973574075,0.05217824657247935,0.04312762698476872,6.262152229019505,5.867784741470567,3.4915104272811663,-6.100766417725987,2.889021674483202,2.4365946782583467,2.7794574907178724,1.519506957277819,1.7558211336922087,3.388485030733043,-0.000570042359478632,-0.8140313178280372,-5.503574310061756,0.1729150902728438,-3.1209864337269377,-7.607133589883843,6.948946323459979,-10.037768160210739,2.458647654770582,-7.244809830239149,-0.5664606879655086,6.782454267801117,-3.1879832122710887,5.634587959525176,2.987313032616727,1.9679307991121513,1.1904342952438558,5.101158011651589,6.090554824015681,3.090369253116499,2.608459760645651,5.0696773556378005,-7.362763953515328,7.0873149717861565,4.4013442330783645,5.0840694587815065,1.858264227099392,0.1264620219496123,3.9840024568079615,-6.6029854838197695,0.5494961805095496,7.950208335196107,1.676022664851541,1.3132475701686763,-10.317343648335603,-3.8160582598175674,0.5383371722010396,2.686878290719447,0.18424084189091355,-0.13776242318559156,1.3135435138240528,8.75085730811487,-1.5523909668010836,-2.6150555680289678,9.754854311630284,1.8611148188869528,1.2089771876972564,8.493518705848457,10.869438509772248,7.423245045614955,0.3011605208750822,2.624727898830421,1.2014360786087788
5.842814286870005,8.297909252538009,5.067644226336986,2.9544560372217705,1.936585079268088,5.382043210932583,0.6576939885805619,9.454191734830674,1.6177501682240976,9.87620779852725,-5.923359515242216,-1.01759741286236,1.5269742260898576,4.478897649231724,0.0,-2.600875016293215,-1.9421857467796917,-6.090594004277901,-3.030949283450866,0.6155469349283564,-0.11571157351014878,3.309035376271445,8.002171332366947,-1.9105511709910183,-1.9687839427362208,3.4452422670305807,-0.6677065296620661,1.012315516362219,-13.851532754777311,4.444982509614109,-2.8727510586633103,8.96276815331597,-5.9506008327561135,2.855413442267684,0.741751862923325,-3.0401044587642585,-5.516495969878961,-0.7740737461230529,0.9724084248448821,5.138597183046068,-5.368792479569336,-2.039083839364447,2.2399968893744373,-3.115059793503994,-1.2083758356433367,-2.9052029590258233,1.9566898915971491,4.888672178410151,-7.185026455856735,-10.489680101988412,-2.701632793272916,-11.381322386254768,-2.5508191126289583,0.5539974763092369,-14.16927702730696,0.8374695024758699,-13.975072881587176,-2.4251270148136044,4.572470975905861,-3.6160944053717943,2.0030472198729936,1.8330885315224108,-4.948008465299301,-1.9542871383185263,-3.77289387490334,0.1643199593377409,1.2760094518191272,-4.93288689655947,0.23305279315403385,-6.900624497773546,2.6802309006895424,0.5208927419288412,0.0457566457450452,1.2078152425277275,-4.661721929025373,-0.5317166881304624,-6.843878453404488,-7.831720637907843,-1.4815997604553244,4.784312745552149,-6.4073418922897,-9.140401243425394,-8.160640542570777,-0.796162742596468,2.1077862370080918,-7.881882249393384,1.170527502644758,-5.781042943838648,1.3257427361482714,-7.50539684632973,3.8989749808083753,4.065005118097748,-3.7037177682510327,-8.63696493300739,3.356040223168508,6.634184328941123,-1.3538016613162267,-2.613031374681319,-1.4964051412101829,-2.3465778258808614
9.660068611315639,2.768192910182066,-0.6048032908321824,5.462074633809689,0.2137371166619096,-1.1559995967515755,0.2334995357346173,-2.643108868491405,4.717641334740704,-0.950697052206953,-6.143645245404776,-0.717581195792289,0.1778949840975262,2.028268694763468,-2.600875016293215,0.0,5.7133570276428465,0.21826999973894687,-5.089530959433604,-1.4420261004186754,-3.0141395804274036,3.1939080069489902,1.6360510083312043,1.6772358252093988,5.974825689660038,2.9966393033783705,0.05956831098874557,11.951951145442264,-0.9753119420202417,9.122211629898748,0.5048014315596608,-1.6715886988771036,-5.747241422496807,-1.9491500905647905,0.7689212531621891,-4.141336229418747,3.320543828751199,2.4744030683339484,2.8890359312909286,11.338521703522764,-4.439193187363625,-5.3675276711647015,-0.7712299426580307,1.826601674927708,-2.521626078326904,10.542663484284496,3.841031126988392,1.6641235257885807,-8.04130859931163,0.8856436316114142,-0.6605869252218656,-4.4301791323472735,-1.0749019682232008,-4.160055064103064,-10.653394042800542,-13.18265716817476,0.5292896235016645,5.060687424079724,-9.082771097348003,8.807502197505983,3.716879501207416,-0.6259996681828137,-5.60912393171917,-1.098277771674299,8.729994098800443,3.477967445446153,0.20780858798510277,7.102656284318295,-0.8414379503654092,2.4713317393430225,2.2868457271265794,3.4195360836564967,2.132449647210764,13.191104865941536,1.6043303456422755,1.4962629141680024,-5.922210897943774,7.076158695996304,-0.020285200341860928,-3.6079887302911535,-0.840326517638427,-6.934854561490773,2.2018927785355316,9.3252782131253,1.0709536925424183,-2.8807641365081498,3.1517936383435146,1.0604923327142253,-2.5277902866071367,-3.514868746052376,4.047530914782193,0.9584265257296297,8.51839164407839,-0.7815348742534615,-7.505740935264918,3.6975364366989214,6.667853925325105,-0.4167515007193343,-10.142571333478712,-0.10803017781239892
1.9619322579614729,-2.5537045614987264,0.8063057639418421,-3.1584565409177605,4.5807647211299996,6.267099397714277,1.8067927077735897,-5.245624803527371,-10.178068381614699,-2.3991848083345784,0.11553588093251792,-2.3053649186120277,4.80106762513573,-0.6873230151379047,-1.9421857467796917,5.7133570276428465,0.0,2.8114350718601235,1.8232793116416937,-1.7861389392570723,-4.317214067986942,2.6113699622590647,0.5395793400898161,8.906585501312678,5.4953270594013235,-0.8188023251106462,2.6732994587173358,2.6633593865373992,1.1379273270537444,4.510915724358245,-3.1849610489169846,3.1295729563258363,-7.800847568112919,7.739068084845224,8.016287011794033,-1.6951381403556127,0.931301106901334,1.534520140478608,4.3486834032143,10.76962986300237,-7.721428006347942,-5.195952634330469,6.05306788176454,0.7985599104586899,-5.862230162094999,4.819289963777798,-3.222014391584029,1.6225287724114543,5.173516194720702,0.13403060217702975,-4.7780143264761605,1.8751253640995609,5.171524066166368,2.1542529647578235,-9.66785008998668,-9.571996483736289,-1.4873631760965924,2.668023203808326,5.260995790310786,-4.153972245350218,3.403944984148609,-0.26290053255078977,6.630991261281925,0.7898971672000831,9.035826910252554,1.288818456043936,-9.221207188305229,-0.3936669673918425,-0.6183976149817373,-2.08130717725022,-1.6453915187123769,15.5027987036072,1.8988574699663228,6.047104414189125,0.5352355315600118,5.734847312443354,-9.529304029166916,-1.8501942220441676,-1.6047026964533957,9.683555359162362,-3.7667225567269433,-7.158239169328477,-1.7059742807026854,-4.92739899486024,-1.478447337136914,-3.8714075492578175,0.05547235639991952,4.404231528233954,3.2219749364140284,-4.590731801235534,5.735813283159553,9.334937065705729,-0.3728677799114655,-5.931931696933723,-1.4930264409910023,-0.28746652075392726,1.8571946083816104,-2.0919295448473254,0.7300986459638701,5.355711411621615
6.042078656352862,-0.70876593314418,3.0804128388231753,5.290542774508017,-4.983688993916901,2.713452786286079,-1.7748471044141012,-6.31471954468218,5.33627023151945,-8.980150019705302,-1.327483648067323,-5.0542335863656,-2.400968716986745,-0.18459637255520284,-6.090594004277901,0.21826999973894687,2.8114350718601235,0.0,6.418961261434625,-4.712557400561341,1.0351599211797442,-2.0812875091355134,3.582913381338624,2.667581907584844,-8.247773678977383,-2.5256034901521396,0.3751286581923544,5.407763445910385,-1.347592884963401,11.695509880090931,5.654298713895038,-1.312961157334206,1.5189563865082691,-3.9035099667058177,-1.8393583238248084,-5.802229480506539,-1.4888243342691605,-0.341475375413517,6.886476834276674,4.1754793346265915,-4.645234456924054,-7.182408036882,0.8779768927074663,3.6330699786041514,-6.243918014256791,11.347920694782609,-0.8401104856889559,2.907672297580271,1.4291098343354403,3.3376372194283306,3.0218026573807344,-10.115829747322476,-1.428168661638656,0.6163989038603993,-4.225525058524898,-11.40714001919448,-2.75449964920907,0.1777191943584927,-0.48835565094341654,5.259980408167849,9.86536343901519,2.321671883026944,5.215452822736526,1.376144084447504,4.251640257299831,5.502620242003366,5.9234781168574475,7.178808717976996,-0.35758167644150435,3.2304010487638664,7.223368028815283,4.444782087396005,-0.7429873577139903,2.976372980767814,-0.5608341070368779,1.5176552873610647,-0.2027208376439188,6.492933069502132,5.400038391488859,1.7578421385480707,-3.031240790743244,-11.120365707744048,1.8031417920364503,8.404496749769974,-7.906133985534011,-6.9583234364233215,-0.6845035048564632,-0.3767815382373281,-4.3313626767551,-10.396924455992279,1.0652647323703928,0.4803075499502896,0.8508309866043355,6.671331909617087,-4.3959103108504936,6.988227151097067,9.985316924546712,-2.8039212992382945,-2.267919508159763,4.4738126404251215
2.8262501474995783,-6.945235213054237,-4.290081795158029,-6.304861207297131,-5.808766440419071,-0.013774276377204768,-12.837477102125703,-9.644557492611295,-5.406385657382288,-5.072582872559789,-6.106242292030509,-10.149625944866447,-7.300153033329091,-2.204166625673606,-3.030949283450866,-5.089530959433604,1.8232793116416937,6.418961261434625,0.0,2.99108976074348,-9.466519662732274,3.610341289652717,5.861348449105969,9.02893976061076,4.717777311910164,0.33237838422196875,1.1024064126332007,1.7436808352250384,3.713550069735215,11.700295871549164,5.98859404863035,12.670622386928548,1.2049066754323539,-1.1510246160422615,3.796865532175912,0.8075276605854963,0.4056961117326406,6.896415700840985,11.013829196514815,12.33154719561674,-4.472068937778262,6.522767980692293,2.618215305276336,0.6423028504090775,-7.669188626854517,13.162624388007863,15.298241274183146,-0.6264377570110106,-1.5966382761960265,-3.2192629181386687,6.246568757875353,6.97120668934559,8.639218835273406,7.578943659018045,-4.7316641980897005,-6.765418135463734,5.801261039116088,11.519842401510317,8.71081177536984,4.249864995591625,3.4299039159591556,5.034151496547959,4.768972668064026,2.835001321612999,13.745941349453664,2.0831361953657406,-9.943412671370742,9.659404929135455,4.943897912517208,-3.143837526537351,2.80227334380296,9.940930100085984,7.704541890660317,1.3182399345057607,0.6200033075681393,4.915403003347381,-0.28199742043200526,7.222954380653254,6.092472102529032,9.647302090099176,7.7275805785335505,-0.18181754336689643,-6.026886628787838,4.266732731433414,-1.0832344250939407,4.4543141180624835,5.352241856233643,5.12159790064907,4.259365792773036,3.701987558075736,9.020878652566008,8.329734687641144,0.7017582528847718,5.619596177555684,4.565069811537373,1.0220484921362731,6.664990897743242,3.252841363057824,0.5564309231186564,5.340892919375781
3.033581615677517,1.3238431630163077,5.206243712439317,-1.1500754471888777,-3.1514455928595053,4.216354697076885,-3.929841247614726,-2.539131349090902,2.8502821471969915,-0.35201400065102106,-3.4319626288486864,-11.182708055353803,1.0755125742143479,7.811350497446447,0.6155469349283564,-1.4420261004186754,-1.7861389392570723,-4.712557400561341,2.99108976074348,0.0,-6.167602336916985,-2.0452910240201283,0.3152697785844474,3.248880126650162,-9.815343741036807,-0.8779434329089507,1.5116281846090291,-4.706836280176664,-4.358270764500916,5.602033394131414,-2.808255060572307,-2.645945536802032,0.24809098259892673,5.212915265950779,-4.276038771295076,-10.514488546221829,-4.412034111752241,1.5052572959434911,2.262649465633048,10.100643053516743,5.2217230306803515,1.7442821132111743,-4.850979518893098,-3.764704371830939,4.41939084688312,2.730793698338234,4.747713222999043,5.347980466222186,-0.01855174878539704,-11.8292078979156,-4.778104365489152,-2.907275745477184,-1.030167068614737,0.5355850442623313,-4.007742447494543,-5.850045608524832,-2.7669907879009594,-2.096319235414204,2.834855517778595,1.487062171359012,10.97708119220217,0.6276362008016513,2.460181469153057,-2.880621780464369,4.2666794648794175,2.5564310153943564,-1.6109742469198622,0.9052636597666815,2.0715428978596515,-8.412582226737046,6.297420639160557,0.4640681991366884,1.0191083328038055,0.1638794255624831,0.41760073139360654,4.924191509370693,-8.568000711826818,8.52200047492613,-11.325542291818685,-15.298974371387072,5.964573237843422,-7.0887738301056045,-10.19907992533568,0.08022954062709634,-1.5387282751518303,0.6393636284612382,0.16652053095633076,3.8417746308639247,-4.999601491850088,-3.095744842990004,-6.071810412142344,3.7789620375602415,-1.021141833430432,1.589874769055007,-9.94739157809644,0.5886255009132018,-4.081291524068756,2.475618256853811,-0.315942438926088,-6.385182938387688
4.264783726751156,2.619397518367599,-1.485906110533727,-0.7675195796645508,1.946586961487348,-1.627006599062917,1.069693627573438,4.037011444405552,4.262526610119918,-5.676086057085863,-5.3191145855922,-1.813765056845636,-1.17912890083279,2.580284743497221,-0.11571157351014878,-3.0141395804274036,-4.317214067986942,1.0351599211797442,-9.466519662732274,-6.167602336916985,0.0,0.9572515145887692,-0.11078554789899278,9.776240718907982,10.462231169383724,5.8587211705972955,3.6806722145790625,0.911174200095376,-2.8774632209068765,9.768684486263806,2.0322260815029995,1.1161178702505257,3.367299679878987,4.782272308455614,9.070790782468812,13.23318394068457,5.2672451338977755,12.618646599911465,9.940573140729306,16.28416700230664,5.355344032379097,-10.023279429701407,8.67472474630223,11.067918038001965,9.996811276232767,2.459492663686604,7.334845057269742,7.214149654146478,3.2271460962530223,9.930812494009713,14.2817844972277,0.6220636294049677,8.101086063331412,0.4450683875971424,-10.707551156823836,1.7021605615021576,-1.2654941759831495,-2.4373571378230983,9.834829636279217,4.294378830293452,2.796631582828313,5.2183663524597215,-4.580394671612512,-1.4494914655491151,2.6941565093721622,1.853746186213644,2.317057373148992,7.890483073221055,6.663433589066898,3.033474389785978,1.7779072136569047,1.69801518836828,-0.7013607204207599,2.4650216906000173,6.685623058027776,6.833216245425652,-3.8730557546208018,6.2158955943508705,6.87640741749552,5.476545016910248,2.4584284254021784,0.40396746478241774,-3.17790220228686,0.048083388776817504,6.3935169775254606,1.769794552651346,4.709402973024341,-1.253690575075152,9.850618297814355,-2.451326484196709,6.020415449461281,5.362159562519032,4.2060379442690286,1.9990576439639844,0.8903182099998574,10.003853059020807,11.356919381265744,6.833353092573626,3.168299333806324,8.459197346726764
