0.000000000000000000e+00,1.466726240789751001e+00,6.691378294950522942e-01,2.776325502254434863e+00,-4.480820634881587106e-01,-5.680474889378638537e+00,5.221865834607772427e+00,-4.095033092386108464e+00,-3.548706687267016768e+00,7.594512002668878381e+00,-4.097507938915929238e+00,-3.716724881203226083e-01,-2.700011407171129196e+00,-6.714824128572593587e+00,-1.270998127031131553e+01,6.486621748219264738e+00,-5.595345030272327325e-01,5.392866699587052892e+00,-4.650505096199597510e-01,8.850312551973930297e+00,-5.945674347231523882e+00,4.509585992717984659e+00,-8.853126491251090968e-01,-7.511874417162951456e-01,2.966750977740225892e+00,9.391270234737998379e+00,3.844182322625719017e+00,8.939402726138789834e-01,5.424507334807754155e+00,1.586266075744896975e+00,-1.105467901085835702e+00,-2.738512736107573620e+00,5.035013333360186749e+00,3.791993806594624594e+00,-2.443478836502506746e-01,-3.090170886889566759e+00,-3.765422208033957219e+00,3.623916901764314247e+00,6.804787651936942794e+00,8.321081724607305219e+00,5.703562644401626969e+00,1.381749591303762514e+00,-5.169382304132958961e-01,-3.110697639271879034e+00,6.556960325351725016e-01,7.171130040687687668e+00,9.492545332253580881e+00,5.592999232001096832e-01,-7.886876039271486505e+00,1.332887639412166259e+00,1.012762363178736358e+00,9.197764167525814827e-01,-3.335416619415399353e+00,1.090163543564791837e+00,-5.067623342071497561e+00,-6.909075501321118473e+00,1.569748084774085894e+00,-8.041053734896184135e-01,-1.230915362944574376e+00,-5.045587212870702665e+00,-5.011203145194786046e+00,1.916125806715779145e+00,8.832346011305324041e+00,7.078791021516011917e+00,-2.951661099939511423e+00,-7.844184744682250354e+00,-3.271429844781092999e-01,-7.668338829394016898e-01,1.080124624162744240e+01,-4.016266664292859723e+00,-4.175758047223372404e-01,2.369724749613701942e-01,2.839754080138643832e+00,4.575267768025327975e+00,-1.456429276987095123e-01,1.829417110420138659e+00,2.246516656041356974e+00,-1.003105289472909223e-01,5.487400038982216399e-01,3.618201170053343407e+00,-5.038467794027569724e+00,1.050654709691795219e+01,9.345064595867782486e+00,-5.250283060544091995e-01,1.030962388487401515e+00,7.663004820311160259e+00,9.207906427019940665e+00,6.918289605579714951e+00,2.658306843417056697e+00,5.564006557479873827e+00,2.056284585306184187e+00,-3.357823645164482507e+00,7.454778498890729743e+00,-5.447240626751258752e+00,1.720389435155303959e-01,-7.297044874099167799e+00,1.333138613143001017e+01,7.005421553776085553e+00,-1.349536461579275759e+00,-3.387110862297025626e+00
1.466726240789751001e+00,0.000000000000000000e+00,2.445789033171817728e+00,2.832298674257941684e+00,-4.598126819087031691e+00,3.169264901465219886e+00,4.567573871712857780e+00,-2.586862587104263422e+00,-8.406697266166739624e+00,7.338826143559756154e+00,6.561155379422880074e+00,5.049370041578993273e-01,-9.676967822078902159e+00,-1.145335342931565492e+01,-1.720037456119296948e+01,-4.504439001169082246e+00,4.986563589392314810e+00,4.485924847254460168e+00,-2.250428070080701115e+00,4.489708079484283409e+00,6.228227825762839842e+00,-4.437269534474322263e+00,7.855783921915764356e-01,9.006450144018675275e+00,2.460292927661958284e+00,1.075391386792049708e+01,-3.487473417507382045e+00,-3.003501398229870389e+00,3.617469176968647560e+00,1.467631586656835685e+00,9.470258008429627283e-01,5.657903305316437370e-01,9.779803267417189971e+00,-3.734913749403771632e+00,-2.882074318860205153e+00,1.329118768198800371e+00,9.787802048688272194e+00,1.088553855202670739e+01,7.102116921637180447e+00,5.946197251937827138e-02,-4.181759617155261788e-01,-1.385532916457561159e+00,5.764756227473028183e+00,6.874966789339605810e+00,5.485436626072210053e+00,3.681823581201582041e+00,-3.845718016485393242e+00,1.590252047523009749e+00,1.839786473698675540e+00,6.885585241413196833e+00,-2.695387967256340556e+00,2.374548237253506500e+00,-2.461330816502422802e+00,-1.685062906062537724e+00,-5.361596523193560060e+00,4.360184896725646908e+00,-3.772801607802810930e-01,-1.810909095228929511e+00,-1.071540979798425886e+00,2.148918455199846367e+00,-7.134932838254730569e+00,1.357037659029755927e+00,-2.215765139727430000e-01,1.165365173158607215e+00,-9.465411261738740478e+00,-1.823055228553561724e+00,2.059293769436958854e+00,-2.276062429175837176e-01,-5.240383887241845784e+00,-3.743731100273981482e+00,-2.635905849276481305e+00,6.782637431235679637e-01,5.226418486322674362e+00,-4.683274074221634997e+00,-1.631552410816256682e+00,5.602487399120577471e+00,1.670104975376013601e-01,2.026148907064005300e+00,1.266953614008253570e+00,3.034703904135731101e+00,2.175986789655003584e+00,7.389294140547851164e+00,1.146981791413016616e+01,2.829028185765291026e-01,-5.337043197671881289e-01,-6.191926083741030595e-01,1.556979484152302717e+01,3.308143221191938821e+00,6.968460233776875512e+00,5.771325371870423382e+00,-3.550258779525409469e+00,-4.468359774912261884e+00,3.801751579986789142e+00,-6.605131547122597091e+00,5.464309189465562433e+00,2.079792969700152483e+00,3.998644762411684428e-01,2.122300045692576465e+00,-5.040174619902503927e+00,1.894618861744140847e+00
6.691378294950522942e-01,2.445789033171817728e+00,0.000000000000000000e+00,6.763164912645466265e-01,-1.099776460040583004e+01,-8.858849467870728578e-01,-9.545767954298233215e-01,-4.473212780083725804e+00,-6.921203861231801646e+00,1.885196701612292358e+00,-4.228988283914705271e+00,-6.029842133814901750e+00,-6.552646741423667542e+00,-1.347446468863569535e+01,-1.323349997395889766e+01,-6.012806671450831253e+00,-1.676954313781496175e+00,-4.772415817714509956e+00,-6.102913550241933827e+00,-3.461366839370140003e+00,-3.191704130516452409e+00,-6.952033960890872777e+00,-1.151680386591212368e+01,-6.084378758729426906e+00,-2.192887064683323839e+00,1.594833718174665238e+00,-4.961378435346497362e+00,-6.081204615566779381e+00,3.925548211425875955e+00,-4.908234588974044854e+00,-1.157961835986775334e+01,-1.221045919115915979e+00,1.279513922674496706e+00,-3.198192217243100544e+00,-1.995081647515063006e+00,-5.116494029854385062e+00,-6.391944989956335199e+00,2.446216116102325699e+00,3.708238718507488318e+00,-4.311898122661220079e+00,-4.027444851284418981e+00,-6.642458102547949217e+00,-1.450019598997222436e+00,-5.043541860683996347e+00,6.156462568651962286e+00,2.678787783518743026e+00,-7.348446300069711334e+00,-6.849676278461824808e+00,-5.151857265310185952e+00,-1.299441167656193663e+00,-2.650186817962953523e+00,-3.273763126498272058e+00,-7.872440859379526978e-01,-5.703514726100345378e+00,-8.257085343890105955e-01,2.622498580075943941e+00,-3.965309433414875961e+00,-5.002320848424224309e+00,1.453920828492819117e+00,-4.577840876394985159e+00,-3.810443325615001875e+00,-1.142943327676972709e+00,4.726280555516036763e+00,-3.154321650114634945e+00,-1.644943479713592538e+01,-1.391760713419591866e+01,2.023635420303492527e+00,2.845745278482221252e-01,-5.825892937845160269e+00,-5.072763591308355302e+00,-6.292210481625976293e+00,-3.427996735673441098e+00,-5.321126266877636013e+00,1.782697023841121498e+00,-3.969266362324904041e+00,-1.695195041605977337e+00,-4.728419312459732460e+00,-3.215598204962682782e+00,-6.819170662636794056e+00,-5.327504393062858057e+00,-3.683559336711418553e+00,6.789260590091517500e+00,2.491150369282772115e+00,-3.558671040258040374e+00,2.440756186905147285e+00,-2.780359207859266490e+00,-2.559335460801505757e+00,1.422414793641211928e+00,-8.508151359612075026e+00,2.761618569419998170e+00,-9.551971459576485302e+00,-3.689469411702882340e+00,4.120541281869760653e+00,-6.813923631185459406e+00,2.484034606847915327e+00,4.316170825891658680e+00,1.598285841288792586e+00,-1.989392184695169430e+00,3.150476069496983111e+00,-1.549831123179838288e+00
2.776325502254434863e+00,2.832298674257941684e+00,6.763164912645466265e-01,0.000000000000000000e+00,-6.718245674292473879e+00,-7.228586573737791898e-01,-1.899171505049146225e+00,-3.926612442731204577e+00,-6.334051484707358348e+00,4.901554981288094304e+00,-4.132473430795555736e+00,-9.913014773430536830e-02,-9.552699047773449692e+00,-1.670899236878545580e+01,-1.703091882710756622e+01,-2.144985555958895063e+00,2.357296459053948467e+00,8.630155924818955215e-01,-7.996988086935810536e+00,2.149399092021896107e-01,-1.391140128490045147e-01,1.513917979137072489e+00,6.168701078390751436e-01,2.811086408724911667e+00,1.660936296744430551e+00,7.935010710107929910e+00,3.742930938573166610e+00,2.835599958683469257e+00,-3.282510832681183044e-01,-2.116737626433923491e+00,-3.445954009512747884e+00,1.999721203373135525e+00,9.244297297781601586e+00,-2.211042953606276118e+00,-1.556994000299753766e+00,2.534513943546959247e+00,-3.493489296537401145e+00,5.113307558112190065e+00,7.186040078694192701e+00,-1.978837021359215464e+00,3.287367852444082139e+00,1.060221707417853931e+00,-2.505998382383197054e+00,6.135480682203816372e+00,-4.445242508226153078e+00,6.884957612537894178e-01,1.733786489617906268e+00,1.872734417562264886e+00,-7.635857092721899164e+00,2.629266877218392917e+00,-3.540313724613234569e+00,-1.009022185165451280e+00,-1.533677533272932658e+00,-2.591049855891221387e+00,-1.302671098109347625e+01,1.778065400103131521e+00,7.828703048138851983e-01,-2.818817899394896465e+00,-5.452010848845093349e+00,-1.002529969416343114e+01,-6.355759012274441844e+00,-2.911140282097699039e+00,-2.072529109055693208e+00,1.217402138804997591e+01,-3.732805969102865884e+00,-3.769242721253424300e+00,-4.165789130438541932e+00,-1.094445326871928525e+00,-2.677769354248693112e+00,-5.932512674558420684e+00,-5.749556297899830248e+00,-3.546876019723504747e+00,2.537490565984340307e+00,-5.624000363127714230e+00,-3.306228080534835634e+00,5.943565554757480385e+00,-5.104783876092981565e+00,-3.791307773987324659e+00,-4.198159408591333630e+00,4.318313947136172892e+00,-3.299870345320576881e+00,6.949889330206430849e+00,5.358613842075516054e+00,-4.723307693467242885e+00,-1.429657993542084338e+00,5.019925359233443629e+00,1.039320496672388927e+01,1.549156671863020973e+00,3.310535574770691714e+00,3.665802909344519911e+00,3.546585386466168721e+00,-1.594432215331380132e+00,3.373454094668254299e+00,-4.828593620298470945e+00,5.090928313390492121e+00,-1.114117657481845380e-01,-1.946432451224844762e+00,7.899872150268677728e+00,-5.247063580773254632e-01,1.022677102311936093e+00
-4.480820634881587106e-01,-4.598126819087031691e+00,-1.099776460040583004e+01,-6.718245674292473879e+00,0.000000000000000000e+00,1.124561169490751311e+01,-3.100936262220080675e+00,1.293224435179405329e+00,2.170534380561333077e+00,8.312504593877944714e+00,1.083887341687369776e+01,2.168383149123148002e+00,3.458769809678361895e+00,-5.473595171716658214e+00,-9.082356335843105200e+00,-6.671740115145925465e+00,4.292357873508104937e+00,6.194469219151872430e+00,3.606241356613467453e+00,3.505128076659078218e+00,8.009120141023100103e+00,3.112115012915945389e+00,6.871589798933189108e+00,6.672251749846563662e+00,1.494639266140570300e+01,3.489387538999486615e+00,3.696789331831979109e+00,2.837039867159291129e-01,3.020417832747874787e+00,5.486337992574882527e+00,-4.905864409604149934e+00,-1.542478087659240105e+00,1.184990677225972533e+01,4.804146511653875962e+00,6.559926162848716658e+00,3.868873644778882959e-01,3.827896654009593114e+00,1.081991215838196752e+01,1.207770175212215769e+01,7.442869337125894269e+00,7.805182246840315585e+00,6.519787210748424933e+00,6.999776452037487218e+00,1.202350562017476499e+01,5.889937028300932020e+00,6.197015536722926043e+00,4.337131241843428242e+00,-1.420805852152208448e+00,3.363940119565699050e+00,9.528946369326895649e+00,4.443839907144200296e+00,8.894809427450445227e+00,6.920928750742307400e+00,1.570080351705797517e+00,4.573121059308067338e+00,7.143758447866827233e+00,4.192692833516129092e+00,6.007631820788545518e+00,1.025783616362577355e+01,5.323501904978942711e+00,6.596706439584693271e+00,1.095792010722221477e+01,1.330254148151695404e+01,6.494361994604502808e-02,-5.908294410508600158e+00,6.273411186551213214e-01,4.318129175567719358e+00,5.282541581768061434e+00,-3.977934039577803518e-03,6.290186652757601138e+00,1.402835060409049595e+00,7.420861957398979136e+00,7.782560311662185093e+00,3.550131368394564113e+00,5.668384459342563630e+00,1.101925857997205105e+00,4.888087836649471996e+00,5.102559092672288799e+00,2.158323123341100158e-01,-5.648305441638379332e-01,5.321669576369472132e+00,1.356224721261253841e+01,8.258839453079717785e+00,-1.242316769398334797e+00,-3.220105028310268125e+00,6.246514842753321695e+00,7.864107261536046778e+00,7.242732199513987723e+00,5.865789279777820830e+00,1.197436495879471963e+01,4.668852221902023203e+00,4.959691180578950309e+00,9.249527798492744424e+00,4.550922568774094401e+00,1.055475256479154567e+01,1.221007268811334079e+01,1.371740597338293899e+00,1.488868028328659721e+00,5.586337730785579936e+00,6.653330246366887302e+00
-5.680474889378638537e+00,3.169264901465219886e+00,-8.858849467870728578e-01,-7.228586573737791898e-01,1.124561169490751311e+01,0.000000000000000000e+00,1.199665849237062876e+00,-6.771332680293355999e+00,-5.330363034408633460e+00,5.317139077125005997e+00,-1.209273795447213251e+00,-5.032778619491232952e+00,-8.476325497874110937e+00,-1.198748172658068967e+01,-1.158065693197332990e+01,-5.789556798568655793e+00,-2.953970981750210445e+00,-5.697930038211210579e+00,-7.071873968279854594e+00,-2.934399160760713610e+00,-3.412756646791054838e+00,-1.092592449022397361e+01,-6.195103918407833810e+00,-5.740783878598440637e+00,7.500179742096489965e-01,-6.628398390364919068e-01,-6.458855639035382623e+00,-1.993855584274987880e+00,4.608890856851361462e-01,-3.316225932454676784e+00,-1.061159613507821220e+01,-3.987213304017556137e+00,5.779274969562711917e+00,-3.584591300192457197e+00,-6.419492359071189647e+00,-7.006270745454947324e+00,-4.622480769095095532e+00,5.544988593519802222e+00,8.866629054945555310e+00,-1.444797939794417729e+00,1.450558735657981657e+00,-3.424845785843395163e+00,-3.773420073454735846e+00,6.324167111327920754e-01,-1.020475390805795968e+00,-2.437487610657124160e-01,-5.020572306860702660e+00,-2.217468278789830993e+00,-5.190053553769283567e+00,1.897673367353718499e+00,2.821990070402927930e+00,-6.937892922963359688e+00,-2.851810991110996341e+00,-8.612088055276769794e+00,-1.362727594869840075e+00,5.419093231195665217e-01,-2.027867877301168686e+00,-5.817900546662751360e+00,-2.375073246192136001e+00,-5.111993164720639804e+00,-5.954205865368026984e+00,-1.436377317659220054e+00,4.957486873056420329e+00,-3.815519478129103081e+00,-1.383327821462848739e+01,-1.024644717876831024e+01,1.266054869724488885e-01,-8.929004935896257822e-02,-3.743550589400611361e+00,-4.940874201053651937e+00,-9.468225018354246458e+00,-1.863994777117709889e+00,-3.520287171453599928e+00,-3.466262215008868885e+00,-4.846823354132267170e+00,-2.277439299905688941e+00,-7.236630015450528752e+00,-3.870326768287093988e-03,-6.228800162560264475e+00,-7.189163683578708053e+00,-2.726891337798496906e+00,8.499722538327645793e+00,4.623309391149421632e-01,-4.195830225551713255e+00,-2.444500667734524679e+00,-4.556821902600566854e-01,3.130060895478435246e+00,6.331265098338193731e+00,-3.050266353469838432e+00,4.796796962540737397e+00,-3.595773675053683061e+00,-2.882773398098586348e+00,2.979846688160810442e-01,-7.208217930097448267e+00,4.473369240571805960e+00,6.877679641622107987e+00,-1.698681031692458182e-03,-3.030256420461710842e+00,-1.568328827509446688e+00,2.004935028488666227e+00
5.221865834607772427e+00,4.567573871712857780e+00,-9.545767954298233215e-01,-1.899171505049146225e+00,-3.100936262220080675e+00,1.199665849237062876e+00,0.000000000000000000e+00,-3.665663111437653221e+00,2.247965420530864122e+00,4.754636806023205153e+00,-1.808149216349096866e+00,-4.756308391890147647e+00,-7.071095732406821099e+00,-1.135325634496956759e+01,-1.384796889329915892e+01,-1.264105420782369427e+00,5.868423244704588981e+00,-6.139501923939328698e+00,-4.509545334579012077e-01,-2.302269524895739217e-01,-1.787149012675075976e+00,-5.902552129008809878e+00,-2.383916033166493254e+00,1.651400106896255826e+00,-9.746649064839262300e-01,6.804639903153649527e+00,-8.951421811979923149e+00,1.163321180264652366e+00,9.738954224112165159e-01,3.818855549464546417e+00,-3.333207747984120672e+00,1.643050714571981041e+00,6.591003884433887627e+00,-4.564389451694483846e+00,-7.107171020072157397e+00,9.628349005132834648e-01,7.359651064271778509e+00,4.087576125460361531e+00,9.511378100795432999e+00,-1.410681277141740297e+00,2.827144706031826438e+00,-1.213740182229605225e+01,-2.708397550074835625e+00,5.190911076960636805e+00,6.090087036840279744e+00,4.899751028698348776e+00,-9.023954493514315667e-01,2.030229697489472240e+00,2.411080030124084672e+00,4.407371315486960484e+00,-7.199249926551231304e+00,-1.742088150760498833e+00,-2.192812103861239148e+00,-3.244209623394888720e+00,-1.723424570717189575e+00,4.738717733710694269e+00,-2.643337415123726331e+00,3.574406994066626098e+00,-1.963576749114289033e+00,-8.928481035507425112e-01,-5.004241143964963889e+00,-4.725432171528581304e-01,6.959665940033239462e-01,9.677728173551701119e+00,-4.044635543487931528e+00,-4.866195726192747983e+00,1.717147753723109460e+00,-5.214484897907438743e+00,-1.351431785478665937e+00,-3.854762840622192321e+00,-3.076048683155573560e+00,1.146288956457097497e+00,-3.888540243422180964e+00,-3.495095548463465374e+00,-3.025057365979026081e+00,5.833793623233192172e+00,8.356520984568890142e+00,2.933528009972620199e-01,7.827288348972895049e-01,-3.476703921216324655e+00,-1.156375550093866833e+00,7.166227017736392924e+00,8.517761989391816613e+00,2.781610946067812673e+00,-6.487031855367034083e+00,-6.623402569032921683e+00,1.176974439782871862e+01,1.652716685424221676e+00,1.633707624497971800e+00,3.815229596618076702e+00,-9.788627762103800922e-01,-5.088667740964511133e+00,2.999322329500188289e+00,-1.225170063295190204e+01,6.252388075082959240e+00,7.146217930163897059e+00,2.667571235138641583e+00,-3.104152804710308633e+00,-1.411699939116082936e+00,-8.789490427554548235e-01
-4.095033092386108464e+00,-2.586862587104263422e+00,-4.473212780083725804e+00,-3.926612442731204577e+00,1.293224435179405329e+00,-6.771332680293355999e+00,-3.665663111437653221e+00,0.000000000000000000e+00,-1.471232749979918930e+00,5.690120530475059724e+00,4.457634895056593827e+00,-3.598622323710882309e+00,-1.056984892197645998e+01,-9.082935193738768120e+00,-9.657327679941278831e+00,-4.337027816404399161e+00,5.364219319091540150e+00,7.994437563806572555e+00,-6.445703133766150783e-01,5.211140488458477549e+00,5.730745387846103434e+00,-6.148423573199370828e-01,5.955743489335005858e-01,8.880408843352359805e-01,3.378677623258877910e-02,1.110869092601892305e+01,2.390018955173599746e+00,2.098567201589168540e+00,7.731447133768061697e+00,7.933592917498791586e+00,-7.836168598149165554e+00,-6.367218082296928205e-01,8.822126311333192916e+00,-2.303879455763090167e+00,-1.516742176992202484e+00,9.263790901618322859e-01,9.413508504568957491e+00,6.271252193482352411e+00,1.158029670591395366e+01,6.338301348030386806e-02,2.888262531692961321e+00,-1.406596377523421926e-01,6.279691088839455482e+00,8.943969551604835644e+00,8.733388812044196925e+00,7.452417150153085146e+00,3.831867986982739893e-02,7.585718103607418605e+00,3.483449250110374873e+00,6.299584027308426037e+00,-2.024811766049820605e+00,1.842359435423527980e+00,3.289029696567276062e+00,2.521291603580521290e+00,-4.251545027818187106e-01,1.174679922512719354e+00,3.169391016810892747e+00,2.948261339205375808e+00,1.713851713118080156e+00,-3.237901665560190434e+00,-5.131034442235446136e+00,-1.163710986859132657e+00,4.717153643406799546e+00,1.339820969738033440e+00,-1.278377037136112371e+01,-5.679682122519499110e+00,4.459736960554363527e+00,1.126814582858627345e+00,-3.934875447445385532e+00,-1.520503691484485165e+00,-3.750806407204839044e+00,9.956434898547081858e-01,6.151423568011150422e+00,-2.594148356509812903e+00,-4.627312291207226203e+00,4.442685186061176239e+00,3.458565493507459010e+00,6.672868332048571993e+00,2.548455892329596906e-01,1.057119992881237147e+00,-3.496638872043888124e+00,1.008701153570060960e+01,1.224469199822519094e+01,4.164610635983850173e+00,3.865724679906331840e+00,2.117913997501211121e+00,1.467626973524243184e+01,8.823245866070280385e+00,3.217688342250209832e+00,4.632166138658370791e+00,1.248218120131434627e+00,-1.506015289512757871e+00,5.405880239387544250e+00,-2.340415608427470318e+00,7.396115435593339171e+00,5.643253487538366642e+00,9.768899901379887396e+00,4.408851302785337545e+00,-1.831986446067482843e+00,-3.035674356858876141e-02
-3.548706687267016768e+00,-8.406697266166739624e+00,-6.921203861231801646e+00,-6.334051484707358348e+00,2.170534380561333077e+00,-5.330363034408633460e+00,2.247965420530864122e+00,-1.471232749979918930e+00,0.000000000000000000e+00,1.484975519463890237e+01,-2.410958957357090426e+00,-1.096762922390076112e+00,-3.073353724428463885e+00,-1.140583476036855259e+01,-9.540109862381536132e+00,-3.144883999516479900e+00,-1.353627119117202460e+00,-1.173326448928325716e+00,-7.340161269071985295e+00,-2.026917317631871107e+00,1.271792325860010009e-01,-7.229393726739021808e-01,-1.339961890319961046e+00,-1.806539062400166928e+00,5.222765586739184229e+00,1.612680431724076602e+00,6.466495446835265781e+00,5.790801700542973940e+00,4.933043297338644884e+00,-4.404250133581214754e+00,-8.394910756074159153e+00,-4.231700311347248999e-01,6.216609027273416466e+00,-1.031895746605810515e+00,2.064884690458871352e-01,3.022807830738816204e+00,4.211727184609391550e+00,9.877746240395014254e+00,1.288122942476537425e+01,3.318523755735552250e+00,1.118724080744044436e+01,3.989546312541180306e+00,4.046062729390510704e+00,2.467521821859789188e+00,2.678086291251496665e+00,9.385437196497310453e+00,2.137351342449770097e+00,2.838116364664111213e+00,2.401106929291700887e-01,9.019714171501567179e+00,5.522429342246408801e+00,4.360328856375740081e+00,9.312435742243682313e+00,8.870192317087233214e-01,2.758375645679576049e+00,4.273071646188310702e+00,3.215002692334412160e+00,1.022990256028368794e+00,6.996723353603818474e+00,-5.213079338633796328e-02,4.392363244073471229e+00,5.148025415242948988e+00,6.657778518729091211e+00,4.872858641449074213e+00,-1.028782778495634531e+01,-1.268228799506841042e+01,-2.079190005025233212e+00,7.317487536706577256e-01,-2.748417342812538688e+00,6.769800101688331351e-01,-5.719414663832578682e+00,1.988819401578125090e+00,-3.478467719957929027e+00,6.066814856973354431e+00,-1.570680037738635182e+00,-5.426082150738082976e-01,-1.075922077534930965e+00,2.201624599910444680e+00,-7.008359925007314750e+00,7.018555942384691049e-02,-3.403360518095005727e+00,1.365020621491979824e+01,4.762729669912308061e+00,-1.308887748290020747e+00,7.226821244521985932e+00,6.179847791757410391e+00,5.869898079300080340e+00,8.995266128630456492e+00,-4.406646414003176915e+00,1.065120703331283636e+01,1.551410546511043265e+00,7.881891465774384375e-01,8.037045591000778089e+00,2.137484038657202490e+00,5.780030587065517089e+00,6.882321873669267731e+00,8.914106923726082599e+00,1.014553921708905726e+01,6.898420390424337079e+00,1.804420394113529058e+00
7.594512002668878381e+00,7.338826143559756154e+00,1.885196701612292358e+00,4.901554981288094304e+00,8.312504593877944714e+00,5.317139077125005997e+00,4.754636806023205153e+00,5.690120530475059724e+00,1.484975519463890237e+01,0.000000000000000000e+00,-4.531378249082767873e+00,2.960696097498341506e-01,-2.158601157266719195e+00,-7.619178839636086664e+00,-1.912701671088666444e+01,-3.724781059270905637e+00,6.357979785470068812e+00,-4.419719397600212929e+00,6.511017407525614864e+00,-3.352736167529666744e+00,-2.679678063243851938e+00,-2.547569803576017922e+00,-2.422536164183291874e+00,1.796463548190215587e+00,3.223905345260146937e+00,-1.659231907719336818e-01,-7.524724619192656228e+00,-1.592073668401567721e+00,-6.134921848924090426e+00,-6.123321985592817818e+00,-3.790297506561258967e+00,-7.189279578876697663e+00,3.191777830808270267e+00,2.081228449681215231e+00,-3.900536989817837696e+00,-4.766375442091395520e+00,-8.755589945022030918e+00,3.804501992252133924e+00,-4.153339291764329033e+00,2.372244364612890344e+00,-1.062432185145772090e+00,-1.059489838060197364e+01,-5.002203615027767114e+00,-4.114515850251136087e+00,1.365848073017787767e+00,-8.070422213279451640e+00,-8.725551509838000541e+00,-7.739194385649229346e+00,-5.146117599501861761e+00,-2.752041595672300556e+00,-3.590531671633466093e+00,-6.107826913444376338e+00,-1.705108943693001367e+00,-8.270876984880963789e+00,3.470960423665875316e-01,2.860187293949183474e+00,-3.937246245709128623e+00,-6.121360732804735250e+00,-8.511899584646364092e-01,-6.657541203394570672e+00,-4.487612067044710606e+00,2.051192328109297858e+00,6.756330223473583807e+00,6.164602262240504338e+00,1.206319864717639634e+00,-9.027644898578641275e+00,-6.278848972258090910e+00,6.207976424149922678e+00,-9.373018748992071991e+00,-6.180383375137468605e+00,-4.435744224355993914e+00,-5.264291668275912883e+00,-3.260288206137820222e+00,-5.163469095514559015e+00,6.659492072877748470e-01,-1.668702761871202478e+00,-7.164083258925756148e+00,-7.519646369086877558e-01,-2.741830315646891059e+00,-6.647574261466488110e+00,-1.759029226927977696e+00,-2.664016386352575871e+00,7.194298036437519528e+00,-4.523730858181308712e+00,-4.070441586444451865e+00,-2.847212457522873663e+00,1.874712741440394348e+00,-3.967109796710529768e+00,-2.718101216394736230e+00,2.098800494875491029e+00,-1.162720843687684891e+01,-3.898952282583990847e+00,-2.392319859272245886e+00,-8.158689519862573292e+00,1.625893995998472841e+00,-6.263797941413462134e+00,-7.779419301592394476e+00,-2.689049921674476096e+00,4.769750532016058031e+00,-2.038719125912684227e+00
-4.097507938915929238e+00,6.561155379422880074e+00,-4.228988283914705271e+00,-4.132473430795555736e+00,1.083887341687369776e+01,-1.209273795447213251e+00,-1.808149216349096866e+00,4.457634895056593827e+00,-2.410958957357090426e+00,-4.531378249082767873e+00,0.000000000000000000e+00,-1.512421765030365295e+00,2.099065271776939579e+00,-5.192040867915094893e+00,-8.221162651346437755e+00,4.231671332544252095e+00,1.133596713203338435e+00,2.320291397524396171e+00,-7.151070266522117969e+00,-9.268128584653877178e-02,-1.002295052007694309e+01,-4.766505382178442218e+00,-3.267059369570727512e+00,-3.576879274299233025e+00,1.126090068425824953e+01,4.573986937260585250e+00,4.799659857019563880e+00,4.336263738904340137e+00,3.655113709616687467e-01,8.649352439317856689e-01,-8.603301606795097367e-01,2.574818482198040659e+00,1.266389489320064676e+01,1.802131177897503100e+00,-3.049527033753801408e+00,6.656562784350110284e+00,6.051605633600611434e+00,5.248675191089296810e+00,8.254685292512691674e+00,8.553217907699840694e+00,1.751126831652709770e+00,3.555857996675967581e+00,-4.167315206079762469e+00,-3.490433020804891928e+00,2.251367015761693846e+00,7.766126535702542633e+00,4.826969401767766676e-01,4.057136794634062404e+00,1.086711457403725545e+00,7.114802950468840592e+00,1.516115852534544617e+00,-3.509539931768306698e+00,3.932743704664531936e+00,-6.828526733334085108e+00,-1.618962944947438531e+00,4.587746969955905918e-01,1.145402679176543148e-01,1.510366676470455305e+00,1.544820346731171190e+00,-4.271627609278446869e+00,-2.205155483734644761e+00,3.747001108679485881e+00,1.231501278247533548e+01,7.960572924231944292e+00,3.169585884323901315e+00,1.100538515921081650e+00,-2.390054838280058006e-02,2.499723703276886866e+00,-4.468679095742365881e+00,-1.476099549640709885e+00,-5.447435056644113871e+00,4.605219394532334753e+00,-4.029386600686937214e+00,4.439514894977614645e+00,-8.885754881712696340e-01,3.110127261858157244e+00,-1.056996290210795308e+01,6.617221051464698967e+00,5.148791950934984207e+00,3.142254875959323179e+00,1.048194404828850290e+00,1.991839605854290207e+00,2.123908810185436202e+00,-5.772613077023406980e+00,7.698442475428971754e+00,6.865278243540873238e-01,9.046918473665504834e+00,9.432027568030905584e+00,6.603219704425007386e+00,7.036627639562611058e+00,9.487309582747155190e+00,2.921054536436931581e+00,1.056153201425298960e+01,5.813829121478966577e+00,2.534777612831016214e+00,-1.587033343756723225e+00,7.029946050924580803e+00,9.761738470986530913e+00,2.047950455080306043e+00,-1.033629130309553723e+00
-3.716724881203226083e-01,5.049370041578993273e-01,-6.029842133814901750e+00,-9.913014773430536830e-02,2.168383149123148002e+00,-5.032778619491232952e+00,-4.756308391890147647e+00,-3.598622323710882309e+00,-1.096762922390076112e+00,2.960696097498341506e-01,-1.512421765030365295e+00,0.000000000000000000e+00,1.508577307485112096e+00,-1.045101055573375426e+01,-1.156657405003507399e+01,4.534375252917183907e+00,1.678787834895171249e+00,2.611796263477708546e+00,-1.277422803311840660e+00,3.444364639894675229e+00,1.053663475416577455e+00,-1.869756086804894801e+00,-5.681115609320509741e+00,-3.740127789387466262e+00,-1.073833740920924762e-01,8.221623734716597909e+00,-1.929241194794457881e+00,2.347720497992481725e+00,3.092716228781541288e-01,-1.000785631225404426e+00,-5.102721643954234665e+00,3.213988790088022185e+00,9.464008899184729984e+00,7.186638559521847658e-02,-8.025862142947250977e-01,8.280674043963939468e+00,6.715694224300472470e+00,3.137229949539549700e+00,1.008475651584046090e-01,1.473354912631373859e-01,-1.420303501532202750e+00,-4.293219966903914497e-01,1.171147703498801040e-02,2.304969440021596316e+00,2.022045597848896925e+00,5.393524191119712263e+00,-7.921121232719182004e+00,5.140045596393295391e+00,1.124598425981268868e+01,1.210527548516779817e+01,1.806283025622899441e+00,1.808901645634839239e+00,-1.857505231144777280e+00,-6.192720985385260057e+00,1.169239680223034261e+00,2.372810089595702276e+00,2.587233050093842301e+00,5.123953595770577962e+00,-3.681704675803974869e+00,2.373113051648060967e+00,1.904135098830521011e+00,1.589687457726743247e+00,5.871016069480044841e+00,9.128449566008940863e+00,4.638984851513713870e-02,-4.157921609999422508e+00,7.482511047023660211e+00,2.864559259607385222e+00,-4.523628806709524497e+00,5.602760312128337361e+00,-8.278539712716833643e-01,1.239801717799712044e+00,-4.594117638747430732e+00,1.663001857179523313e+00,6.475385110236819841e-01,-9.702680133746012237e-01,-7.792207466944214289e+00,4.087247148677854547e+00,1.989497616319372275e-01,-4.957476140656536856e+00,1.087387449453874888e+00,3.751488833681511648e-01,3.381801397283052513e+00,3.535762173944809097e-03,6.344258214391932604e+00,-3.564952906502656393e+00,5.018483205713279993e+00,1.414090616071387974e+00,4.591087745838358103e+00,-2.282037763362326110e+00,1.265560190671662255e+00,-7.591196228474217378e-01,2.818709348270920234e+00,3.084767255418577214e+00,6.285934765507826150e+00,1.686615627012960861e+00,2.796897862218251873e+00,3.651528333353233791e+00,9.309759774510649066e+00,3.865120040787798583e+00
-2.700011407171129196e+00,-9.676967822078902159e+00,-6.552646741423667542e+00,-9.552699047773449692e+00,3.458769809678361895e+00,-8.476325497874110937e+00,-7.071095732406821099e+00,-1.056984892197645998e+01,-3.073353724428463885e+00,-2.158601157266719195e+00,2.099065271776939579e+00,1.508577307485112096e+00,0.000000000000000000e+00,-4.167089647629215854e+00,-1.322781013888206836e+01,4.672559579866065960e+00,2.457180235838147375e+00,1.977534504644956836e+00,1.972165424397847922e+00,1.085175062030801385e+01,-1.516006037872092427e-01,-4.072044538756602883e+00,-9.951227627984994939e+00,-2.770278449386754271e+00,1.527177984285091217e+00,-3.568661236189311081e-01,2.613415056774023082e+00,-1.431143901791294581e+00,8.254416994499194971e+00,-2.644080475459191781e+00,-7.524561068711446588e+00,5.308980919888997008e+00,2.842501102853170813e+00,-6.242059671160927081e+00,-6.169850850604448489e+00,-4.197423543174620519e+00,-1.489283875225097420e+00,3.262135375717455599e+00,-1.481108252580167539e+00,5.089440430844546781e-02,-5.113370747123984650e+00,-1.300974450188663534e+00,4.444834925487734623e+00,5.129863254427276864e+00,2.315422359284850629e+00,6.647075883047597777e+00,-2.854115598301526280e+00,-7.502360344043383922e-01,2.292401262833932307e+00,-1.911973325558766978e+00,6.887717874819993646e+00,9.854533050195984245e+00,-1.894542100660638217e+00,7.208083334494634009e+00,1.126867557640764339e+01,1.173046798029664295e+01,8.083330699907634198e+00,1.014345967615410515e+01,-3.706941855887577297e+00,-5.529675059814295857e+00,-2.614669824906011630e+00,1.903345890783933347e+00,9.941033722051127342e+00,4.747796819688303138e+00,-1.551161130886697048e+00,-4.248729056593951725e+00,5.349925785801895373e+00,-2.470514885946250239e+00,-1.552962130930907403e+00,4.440691287576649771e+00,3.244999893103417410e+00,1.769224573133743927e+00,-1.094234722548839578e+01,6.409740808879844209e+00,3.178849646678474361e+00,1.817025746023595678e+00,-5.091796609797384354e-01,-3.098049609984068642e+00,-1.369744258469037135e+00,5.729646044378407410e+00,2.671335910650484813e+00,-5.268784457022234413e+00,3.692777370295039940e+00,2.724684083750212871e+00,9.854814132665193682e+00,-5.039219854036423918e+00,-1.890822298881582153e+00,3.050247745161142721e+00,-3.870987200345510360e+00,2.663695639177284136e+00,-2.988911572061012656e+00,-4.561772311108271083e+00,7.466474512750955306e+00,1.067126486379897932e-01,2.615562299796756918e+00,6.340693273235515903e+00,2.210403997994825787e+00,3.903836883359246279e+00,6.564142204981380679e+00,-8.916030541256919406e+00
-6.714824128572593587e+00,-1.145335342931565492e+01,-1.347446468863569535e+01,-1.670899236878545580e+01,-5.473595171716658214e+00,-1.198748172658068967e+01,-1.135325634496956759e+01,-9.082935193738768120e+00,-1.140583476036855259e+01,-7.619178839636086664e+00,-5.192040867915094893e+00,-1.045101055573375426e+01,-4.167089647629215854e+00,0.000000000000000000e+00,-1.592319247262439896e+00,1.023751498357603573e+01,3.200162289571004681e+00,4.887083448380043826e+00,4.430302321776888874e+00,2.335514807996573516e+00,2.210536930021346880e+00,1.537089633029227853e+00,4.810742431348130843e+00,5.495154204911194995e+00,1.593000739280480360e+01,5.056895634572319054e+00,-1.849669411644648820e+00,2.321333684333809710e+00,2.004294249809750461e+00,3.169411759949681606e+00,1.087355793304607943e+01,9.538755701721745694e+00,5.112079286386293830e+00,-3.893918306737438773e+00,-2.260059048987698160e-01,-7.472670215647740921e-01,6.211228771278163308e+00,8.816179411806556843e+00,6.538452150741764335e+00,6.695861593388795718e+00,3.756087594834912835e+00,9.989344819901521788e+00,1.929758131935712484e+01,1.337388683704198478e+01,5.571520054025322466e+00,3.675986429851997084e+00,6.860486171913337650e+00,-2.698179929568227831e+00,3.792065931979044180e+00,7.286807771295833902e+00,1.440210558136556607e+01,9.134255469941427563e+00,7.365639507217029980e+00,1.143835681864340259e+01,9.838030529945589464e+00,8.442682029206793004e+00,9.057706811620464649e+00,1.289893088464255655e+01,7.803907096802443100e+00,7.974173396834543404e+00,2.640467799236464685e+00,9.054763335879854935e+00,1.237579360102122905e+01,-4.250933006438240708e-02,-4.170259735913437460e-01,5.499966411200548855e+00,3.276786367635837305e+00,1.963602446115936706e+00,6.580294586051613770e-01,4.440652794184449803e+00,1.372729623019499634e+00,1.072536049350996556e+01,3.318456976391959579e+00,1.003420977306844186e+01,7.605879626588594178e+00,-1.619887222777844915e-01,-4.709654903598962328e+00,3.525315382785620955e+00,2.146879286375598994e+00,1.151235455747369052e+01,7.377349692382934698e+00,5.802578209163681500e+00,7.573567775022362447e+00,-5.263231316426807638e+00,-4.216398823278598940e+00,-5.325271762621818006e+00,7.495961412816218861e+00,1.362339834388915261e+00,2.724865629249532795e+00,5.632567379641796101e+00,2.279756567453062877e-01,9.628831985739166655e+00,1.064254531719561925e+01,5.839078423535292828e+00,1.185300458280891966e+01,1.056314304973839668e+01,6.453954593749490876e+00,5.064242355476670232e-01,7.894741497945505948e+00,5.146104669982361379e+00
-1.270998127031131553e+01,-1.720037456119296948e+01,-1.323349997395889766e+01,-1.703091882710756622e+01,-9.082356335843105200e+00,-1.158065693197332990e+01,-1.384796889329915892e+01,-9.657327679941278831e+00,-9.540109862381536132e+00,-1.912701671088666444e+01,-8.221162651346437755e+00,-1.156657405003507399e+01,-1.322781013888206836e+01,-1.592319247262439896e+00,0.000000000000000000e+00,5.788168917185161355e+00,1.642786263254020085e+01,1.027997712124482454e+01,1.275317201363153963e+01,-6.500228358700202991e-01,7.485965744518961351e+00,1.416977438283329072e+01,1.165418959266048837e+01,9.773307689871893800e+00,1.392243619988259340e+01,1.372531625041935222e+01,6.176438410997991291e+00,1.077541486914912383e+01,-2.284325496921362220e+00,5.977704191662566835e+00,1.474755161048134866e+01,1.204896264035417097e+01,1.728615538723782308e+01,7.225608596553885654e+00,1.286041465465509503e+01,4.089685854212780747e+00,8.914114067985131840e+00,1.898356442399784783e+01,1.894036254006125830e+01,1.550430715604839094e+01,1.420463096775013234e+01,6.969516835817766598e+00,1.735930311570339768e+01,2.150385128586286854e+01,1.497778845774473133e+01,7.947373489561706528e+00,9.665279695885102385e+00,4.327756562993438472e+00,7.631558749587068036e+00,9.045255093001268065e+00,1.302863559591004616e+01,1.507253419403069117e+01,1.429478982136126319e+01,1.119124549103762867e+01,8.953223829239583154e+00,1.796102507562925510e+01,1.253037782148911994e+01,1.952241906353431133e+01,1.250018086371172465e+01,1.021421316274471813e+01,9.430789391092003981e+00,1.651581563944019493e+01,1.785565878825215336e+01,1.492041771535188310e+01,6.972656129675125491e+00,6.166861810743672123e+00,1.265108872992813893e+01,1.962251549263125838e+01,1.035311275690511046e+01,8.571999142063733146e+00,3.260365414444731158e+00,1.243429748828645209e+01,1.496750926461428044e+01,1.050860647474685017e+01,1.508128557399128766e+01,1.117932287018680881e+01,3.031113699587939081e+00,8.027805111719423792e+00,6.551111802938248907e+00,3.743195701925342789e+00,7.753697581612582823e+00,1.898224735553994691e+01,2.191699703686576228e+01,9.155957687631200770e+00,1.037910910811822163e+01,8.987360226724948831e+00,7.434244349591384804e+00,1.474241459321492975e+01,3.771923147380908503e+00,1.351674250819212375e+01,6.778573780578121877e+00,1.047962475029473239e+01,8.478468081932877709e+00,6.491430556488160697e+00,9.205416538598491627e+00,2.411828530548041982e+01,5.033469921045487183e+00,9.528806992995503933e+00,9.360089864995750020e+00,1.044112851817431853e+01
