0,1,2,3,4,5,6,7,8,9,10,11,12,13,14,15,16,17,18,19,20,21,22,23,24,25,26,27,28,29,30,31,32,33,34,35,36,37,38,39,40,41,42,43,44,45,46,47,48,49,50,51,52,53,54,55,56,57,58,59,60,61,62,63,64,65,66,67,68,69,70,71,72,73,74,75,76,77,78,79,80,81,82,83,84,85,86,87,88,89,90,91,92,93,94,95,96,97,98,99
0.0,11.488480513925236,7.003681002528132,-2.35710052360496,2.5639641988507904,2.624118131733132,-2.759219455028284,7.921166768797409,0.09877687312686978,2.4419789611766096,3.69835703539446,10.603658221925908,0.33341590571282664,-4.660692552604589,6.409726997278465,-7.667134185674451,7.527528757309168,7.54717011402666,10.155246819383231,1.6802025665644789,6.184326045556852,5.611086129584352,7.997151493810349,11.013527139890394,6.972237285075935,3.9115226154285128,5.404036707812815,-5.130381721065691,4.562458966237609,5.480221316080818,4.658283286705967,4.749344580726704,1.0631975008794343,5.23326898296435,11.191712960543066,13.535382804112915,12.243159101400632,8.94992704614094,1.299697647746418,3.25723531030132,1.0522701043037355,-6.555410689477206,0.12897833033694775,8.067708224926646,5.806751373887182,10.961772286573453,2.2235969115863528,0.4008345619994214,-0.463755374181176,1.3458991948725807,1.0788482801096633,11.534516235982812,-5.456280518111211,1.2471333324677718,13.36208833762378,-8.103960262908707,3.475259616007872,1.0101183248745091,13.843168736224248,-0.2770974097658823,5.96859370814056,0.42109562199204936,4.321983883036435,3.4228282867583375,6.713032288269166,-0.889521464183438,3.567453140799022,6.405986757048681,-1.5521400299143067,-5.4218821711048175,2.7373550064443046,-2.0078976834253455,13.329661525206168,3.314721422482032,3.8364407030614434,5.125930941586974,10.453213092088877,9.729507449034397,0.8620309733873963,3.5862485461500913,4.604220989586491,8.543300449221855,4.054082225059156,5.016159166927468,7.680065961272946,-3.792736842370688,3.0419972874935657,-0.5972412259930208,10.815008926734137,2.6777643544535863,13.059557610162488,3.6479704174722567,7.895191275067203,7.446547079362147,-3.586496773846595,13.255789616566943,-1.6747327304245283,0.11090891788198948,3.0226008419151205,4.258680909308198
11.488480513925236,0.0,-3.947143897510216,7.667134626117533,0.08755393368359032,0.6000645232165978,7.342347110826414,1.3289389206177276,-2.9179690652452153,-0.7885232235021196,-10.79259288471597,0.13712206634789567,-0.07828215278849747,-13.473756757740505,-9.20502954453178,-0.7944634075265012,-6.806266624361384,2.099045374269828,-4.675875403262703,-6.802472169369452,2.6187615299126574,0.4943364510624392,-3.1528201756201195,-1.7916178140018668,-4.956462247778984,-4.5067294217685,-2.913113143880589,-5.487792093090992,-9.650671079623766,-7.726472952956426,-6.383463817526912,-4.745987725257715,-9.621388527442125,-0.9683365108121261,-6.980086408005586,-0.37410029713082815,-2.7846679176850295,-0.6342713203168344,-7.733274725172357,-10.107262388848188,-6.365415674572952,3.9934768261615754,14.362067076530987,-3.182883719373988,1.331252346418776,-10.248810186021135,-2.571836456482166,0.14983956199217857,1.234984821762187,5.668110213001337,-5.910743533870473,-0.15789908309749787,8.352604390069004,-1.337404970696144,-7.4802678059499454,1.033014442297345,1.7465091767159513,-0.5603701907292625,0.28609871777949114,-15.99441870475952,-8.459790393251158,-0.826178241841182,-8.732777847465616,1.916014995492148,2.651275580299804,-1.693241026049205,2.3337437403516064,-0.44116272828373976,-3.3336315294957433,-4.003845530286887,6.68954124269891,-1.9660434601225627,4.166260204646133,-4.905286665996679,-4.446149401879094,-4.819909124376528,-5.967561542841897,-0.09960354857843769,-0.1466020632367631,3.8542348650716094,-0.45773669047955545,-2.1210460992709406,-6.118779056542519,-1.9671275441890013,-3.517534207065556,-2.915874347207408,-1.3218130798806211,-5.909100144580653,0.7172340163494384,4.980757113522189,-0.01432496077508366,-9.181492704026311,-3.820350691082672,0.6177238158761241,6.482554611804923,-9.06559609155074,-5.5722999371533515,2.552048078679965,6.95572298256035,1.6521561057293843
7.003681002528132,-3.947143897510216,0.0,14.67327371876456,4.178435814223786,-0.19714659676152024,10.067073936267976,2.4756900879503543,5.69739268228686,4.420613340578067,-1.2832717510949228,4.9741219717656415,0.10383503233393332,-5.487292766346497,-4.099809836559263,-4.283141954547275,-1.512825178596588,8.970878397819302,6.677636091544149,6.5997946401525365,4.70836305203813,-2.63362803005672,-2.786383486466184,5.413913225826943,-7.6218690568014384,1.2971702899311732,5.853778441785142,-5.108598484553418,0.46799218666037823,1.761051246397398,5.390273299797077,2.7841185833282838,-3.148938924576204,2.770251175923512,1.656690361595481,-3.0513928485473145,5.5866458909414956,-0.060711603342676,1.5594647580778238,0.23362957960434952,-6.250526474027041,8.630144303794115,8.643419039555202,10.027849195007596,8.332104954124373,1.14229094208475,2.711700859614841,9.154929777986052,0.8760493760267821,-3.013866001058178,1.937989006798368,0.9430360416445775,9.695887509106477,5.249382670798052,1.663684486468993,3.450439481912313,1.7676821398981852,5.257646657533072,3.97862450543088,-4.388449498438923,-1.2778333586796786,-3.34569055676488,-12.948352125267435,-0.5924765832696988,6.31281147458026,2.4198857559393607,7.866779157184045,3.957977149226216,8.634307937422667,1.7873068833081955,6.147833350651331,0.3095271906543102,6.226126956195049,10.80773417982212,-2.290008495838421,3.328911689497948,-3.1699382654726236,-1.9421191246349647,1.358467847725798,8.156564521827832,-0.6407562456449675,-3.335276596808636,-1.5950417642478376,1.772378824426532,3.3597508471270667,-0.889016731875433,3.6917463090190017,-2.410688240145328,4.382647035817417,3.235575585710668,11.316036319387665,-0.6577569802778064,2.1332980205700194,8.049870904639082,5.254796785657142,2.7880509721749767,1.0123931825718255,5.003906597405031,1.8888027739933884,-2.8150261331214894
-2.35710052360496,7.667134626117533,14.67327371876456,0.0,-0.6205783934933977,-5.1941611986950145,-5.434138887735814,2.2727046885088766,-1.407682789453279,-9.78877704061637,-11.805137914205101,-10.199390139298837,-2.4978711114644927,4.636424721135342,-2.581871876111693,-1.0494212539027115,-6.798009855339454,3.579478407174978,-7.5646415310782515,-1.016487836624667,-4.291827538192963,0.8243595592750664,-2.782702635345713,1.0253129134018235,-7.353284671529473,-3.070802575954729,-2.892600525316292,3.646154728027436,-14.256351826493578,-4.4783929269632585,-4.258257854879027,-3.7062385526166577,-3.039086250443817,-5.191883090529476,8.831131316145507,10.032050758524008,-1.6854231135314364,7.487580867886034,-8.820318023218942,-13.452881651318192,-3.1220759099122337,-3.593753540855892,7.182108284913054,0.08780675665909665,3.1316826777381768,-7.578571000196755,-6.252271382978098,-1.609009405191412,3.4597435678297943,-5.945610662596488,-7.92391879191391,-6.305851295747387,-4.946305299647913,-1.6869334563194043,-8.809604858657375,-3.6207598655620807,9.228569996259196,-8.622063081065157,-6.318996532937438,-4.145732326721491,0.950266174876225,-0.5605039497340883,-4.2215385819784,-2.790826826490949,-3.6135768525538383,-4.409812051892366,0.98316924744234,-1.0563001687793339,-4.616741220065444,9.596176387668772,0.24754701172931043,0.1258363006757706,-3.835624330815401,-10.677434588991918,-4.2538021428351485,-6.18488951012372,-1.012375007603089,-1.6216062727939444,-4.467183036983256,-0.854693573080541,-0.03173900645396499,-4.537075562847069,7.58345869228986,5.133309539894265,2.7829001504969217,0.38231824311801343,-0.8018836671023312,-6.452432941609691,4.574109627631262,-3.9933382351757474,-16.390884092284654,-6.456452735537792,-12.75233255812638,-7.073971203066372,-6.066217240058633,2.7772346163246526,3.4348148310192883,2.348470337305703,8.358019012217566,-1.9259959534948785
2.5639641988507904,0.08755393368359032,4.178435814223786,-0.6205783934933977,0.0,1.384720312143742,0.5956528452633643,2.232164771903496,3.0201813437444502,-9.811646705818353,2.633842616513946,0.6906676140547547,-2.618502974309044,-3.3024918186635683,-3.3734205213205035,-8.351559528384318,-4.857921582576967,2.4270910326325974,-9.941793485314154,3.8094590817349054,-8.378979488743113,-4.491500095893697,-10.10449466415784,-0.4971038116251572,-9.350162906264051,-3.1784761542838007,-6.726142756249965,-5.384527128765847,1.1300984404450911,-7.196032858057612,-5.532957239085667,-8.250528499662833,-6.506438226733001,1.9279917375053428,8.003159229285894,-2.9785313500018007,-6.462743095721694,-6.233541514602988,-10.414071529525417,-7.038143355585087,-8.316761734166985,-3.8561126306867854,2.7948254357594293,-7.568168356388447,-6.5913383311674805,-12.710221016826136,-2.3326460968168243,-3.1951454360208724,-4.65578469480345,-6.160510787064146,-1.5992182710989207,0.4684886659163689,-1.4985701367165338,-3.2152756388839565,-5.177915064581196,4.717848074635709,2.9401378351449576,1.5986323981271826,-3.634836828244107,3.536197797904663,-9.018411917278474,-0.575983886257851,-8.860920029124241,-2.9594562891515386,7.174543146308074,-7.536246620518319,2.5523253788205342,-0.34445736257443527,2.72209588602167,0.8731087773138246,0.8816660895558586,-4.541312781742065,-9.01144504760876,-6.507077332660953,-4.504170400019098,1.9119836673317916,3.8668757042329034,-2.8903418595581556,4.015269151493524,-0.7284248454380333,-6.571538202615616,-13.62838848144543,-4.7438504737668525,-1.45972604359166,-1.90270288229031,-2.03099246471627,-1.943284386823746,-10.773575716502934,-12.347140073347912,-2.6180318349078866,-12.86175654097716,4.352993544625357,-11.444735511181484,-4.128089232413477,-8.023764311293458,-8.87262660354811,-2.018347244647152,-6.357963583633544,-0.06301637714615294,-6.2451059604447225
2.624118131733132,0.6000645232165978,-0.19714659676152024,-5.1941611986950145,1.384720312143742,0.0,-0.6266285857901134,-5.741401126152772,4.77460171287587,-6.1413624364444095,1.5250776715730918,4.119882393372865,0.10320067137782096,3.32070177230079,-3.9776236403609566,-4.705270524506688,-6.72759746327947,4.554264216467153,-4.0034189695829685,-0.505021463581896,4.468216393266387,-2.9417909349326377,-3.242695600886159,-5.1108055004261,-4.08031631734015,0.06301062234680832,1.466262524087424,-1.5619022183409457,-7.407236705200878,0.9629297005282252,8.281041339365046,-6.247442250480803,2.702043424389036,3.5386475124174206,1.3183762921832167,-0.09759932314083984,15.6457224779374,-12.370216174169448,-2.518766092052811,1.946533167472248,-2.395985993897119,9.53338258808866,1.3514402889146884,7.017542217420625,3.122830338027794,-3.574239902896436,-9.714132677743116,9.720217803741468,-1.2974309049420507,-3.385500992170088,3.052938231490333,5.973872235399793,6.7022363482965135,-8.035887299974732,-3.6257537633670736,-0.4861872701160533,5.312808411885913,3.349405999874574,-0.2567930608592006,-3.670775316561609,5.755369162757264,1.2450083344709453,-10.434731718327123,-5.3898413322772525,-3.9659621321826095,5.3036710387706325,7.216742143410246,6.887592454148071,-0.3265011395236847,11.007886740123515,11.428482002619814,-4.961909472891354,-1.9121542792930155,6.551426450378751,-0.18541993756935105,3.604523725397996,0.823409749474872,3.7936556989781103,3.304633964080664,7.428388016577939,4.363374345384028,-0.19365296486539108,3.839434532009824,-1.400001844354823,8.97301495298184,-5.734439800479574,13.678229335771082,0.6562663843426616,7.082330093956228,2.0440842356542146,-2.97762627545562,0.1178888014459134,-6.425430980381714,-4.290273503937128,-1.7778390141773175,-0.3451382030879655,-2.2041271225198624,4.50314497620937,5.114177109308655,1.0666430350993183
-2.759219455028284,7.342347110826414,10.067073936267976,-5.434138887735814,0.5956528452633643,-0.6266285857901134,0.0,-1.0221458144259263,0.6821026861758267,3.9263259841423217,3.349767776624067,5.51279809044394,1.2134944313091716,-4.70358846648785,8.709297391118286,-2.0634070572550254,-1.0704097330971711,-1.8114725505736196,3.5385120058769286,-1.0471063589832763,10.357010967164358,-4.276879728067004,4.008683877606151,9.502519320340813,5.466232320130375,8.140326919748569,6.502384173254068,0.7674751889194974,1.4345096362639782,-3.2050152039215103,-4.672376310499707,3.6083184440281335,-2.242574081498121,1.9154419482409757,0.00955865309020254,2.9947872552859844,12.882553247730556,0.9604650607797521,-11.362759821688435,-1.1245046606653235,-6.765574409977936,4.216335690182992,9.634014833090813,8.893096490926377,4.071367675825555,-2.922624981818239,-4.495515064809793,4.049444768151778,7.424479488330334,2.2594560831968,-5.721490533302664,-0.9645929744292456,4.519806777873326,-2.516940703383203,-4.140733979176756,6.347062746385696,4.877603041870854,-4.746516162718848,4.774099670950249,0.3367946940121479,-0.5556318905190147,0.6833413202018996,-5.823783977246817,4.707224697459552,3.990647427967696,10.32187325700719,3.515182656379816,-3.4383355937358315,5.158055787755873,-1.133167182868153,14.429444937005295,-3.2571807688275944,6.277641596584433,3.8348234335932694,9.068555297791555,4.752798521675298,2.770353501235502,5.077715733403693,2.916420395770948,7.182437866057855,4.405683831361509,-4.159703134956374,4.060497427214761,5.062157344034619,0.0739234076026124,6.706156922149416,11.253400299919832,0.4512297503293301,10.091198039116383,3.5345344882116474,5.077009109209508,-6.291465518536422,2.487894014518597,5.152304713193856,2.103008116896535,3.3941703368558294,-1.187319583713269,1.130629287440434,10.984155761586347,2.6410794206991346
7.921166768797409,1.3289389206177276,2.4756900879503543,2.2727046885088766,2.232164771903496,-5.741401126152772,-1.0221458144259263,0.0,1.2478510341816615,0.7562589767513899,-4.316804403161095,1.8845083377724865,-0.622989892623246,-4.312450498515412,2.271246969703881,-0.5779144168634676,2.0563308646983107,1.6655995797637388,4.744288798451377,6.161826545727443,4.106388664776289,1.4284181282535275,0.363451768169076,1.1093447146766875,-0.5889075910079078,-8.225513386817537,0.12637521518294548,2.350415023584764,5.105140857359086,-6.667798388365681,1.2475262645281595,2.152810706907825,-2.9329187901553166,-1.2553614315240855,-2.17074467850844,-2.632264303526585,0.9960630258788472,5.254788610080947,-3.98552744350592,5.60552591124871,-7.911603098963571,9.770952690478403,9.391520243967776,-0.6687134671306025,4.027722083657933,-5.8982930897378365,-4.91552126494325,2.6861504937587406,1.977517962190796,0.55757456557115,-5.791469630451646,0.6371492757777296,4.1298560999473874,-10.935379258898651,-7.076296918149706,3.437191152584562,5.338256761538238,-2.5541244960701017,-5.889534192205654,-8.582353258391741,-12.973903402954434,1.892888794635432,-5.5821686348428585,1.150977501751996,6.217825409010937,0.1224558760299882,2.3812898761771004,-0.7664154807139459,4.160603696277041,1.0198999989681643,-0.4270082159795535,-3.903125387984516,1.6222657481968004,2.797082300740397,-9.405216155324583,5.141442478858544,6.224074464125102,-9.194417514482431,-4.444643492561358,2.3055492826037485,1.6701786080105645,-6.805603089078788,-5.718268395102115,-2.9363855489313964,-1.9379044813269857,3.1167640501440164,5.583206978563938,-0.4693662981297216,-0.5084827188414911,-1.0393577862434336,-7.879794296677677,-3.6570619101252286,-3.327799536711963,0.686298789117304,-8.686493612307649,-0.251936332502287,-0.39823635773794985,1.7556479668723983,-1.1818167577357257,3.038485305563276
0.09877687312686978,-2.9179690652452153,5.69739268228686,-1.407682789453279,3.0201813437444502,4.77460171287587,0.6821026861758267,1.2478510341816615,0.0,-8.278719036001249,-0.8547069089043694,-3.033637233700783,-8.18659448854803,2.5987428176018748,-3.5231168832579995,-2.141763013123472,-4.632521850956064,4.4372713025651285,-2.312518608130551,-2.1120240733244007,-0.973894667415301,1.1989262066209465,-2.065576585462173,-8.560779704528713,-3.809493061436051,-2.6197540655635607,0.14012237692773935,-5.766300973043742,-10.08685573268518,-5.646682823617072,-1.864997971428892,-2.583202646830544,-2.634499925263241,2.491700206998744,0.534860602116555,2.2721657948942906,2.0612811969612888,-7.803359729810839,-10.1007415190692,3.609366086322901,-5.265312511675802,-1.634242581004091,-2.5402373978380433,6.895771255680078,0.10243126054316176,-5.388478553466382,-9.345236030702809,-0.3921625811123641,2.1092663806875964,2.722698230395334,1.8526838993134347,3.7012395746192546,6.291381206014625,-9.417295063556761,-12.095456386880665,-5.120652175963838,3.4322837555815253,-1.329693905214013,-9.380765168229651,-2.326609787700895,-3.355070574547504,-0.7987451378629745,-10.36082782231594,1.9210392782604633,-0.109029922241952,-3.756485780534709,4.055849178064118,7.961411139278587,-2.979427121356254,3.7947982637976088,3.1369031391026008,-4.689820414312273,-3.4637523312592937,-0.8788957781773059,-4.013152289014217,6.8041910999071575,-4.269090738420312,-6.322861454156296,-2.0677498768630174,-11.06301832006774,0.7100133219620475,-1.3378350664025955,-0.5336144955109936,4.4382917631654895,1.4100378338297304,-7.552091514551806,7.324073502514285,-8.340673237185458,-1.194804608170481,2.754922493917534,3.8310346415315006,-1.1792256963156296,-0.28598975736442345,-0.7098510740815502,-7.880429717372019,3.208438086781475,-7.847036022613233,-7.3311104246548275,6.442289092396575,2.5170328541205502
2.4419789611766096,-0.7885232235021196,4.420613340578067,-9.78877704061637,-9.811646705818353,-6.1413624364444095,3.9263259841423217,0.7562589767513899,-8.278719036001249,0.0,-0.024607381663864863,3.370275145865192,1.3483054939720185,-7.693396080850875,-7.162001144819795,3.997007450983349,-3.0728552514300276,0.8293013227746442,-6.504088913610467,2.5870878594021085,3.207913802752413,1.3969664402737856,-5.279123177037333,4.90454899695834,-8.848197455051386,0.08722605409567707,0.5907777763443185,-12.257672616026039,-7.664040007640736,-5.2209246987104265,-6.829200223988365,4.312551723002067,-6.05233973358974,-0.2601152403928491,7.327249629710473,6.082969985739806,-5.0098379562942075,-0.1785294467280618,-7.553445370043467,-3.003450003083356,-2.286117434007852,3.258720547253992,-3.8593044345349408,-4.8612964523383635,4.266263982526418,-8.483451981304091,-5.120757691834516,-1.0354182580005826,-7.570934978502934,-7.0864844918895376,1.5467736277931015,1.743324402712734,13.285525114533073,5.8284187846166455,1.2621063298104083,1.531352262482036,6.342311998302744,10.764528574229615,5.932607066713746,-0.3091394363179595,-0.44841421136692466,6.719863377406631,-5.881756021230267,-8.449221631568028,-2.248806415373003,0.34045097400321694,4.261044857250531,2.3466004673751875,-1.4124360442640824,-0.9263819408990435,-1.0537423923778244,-3.178205981070683,-2.268653899053373,1.6740021512243528,-1.3529403030463358,0.3538251578950544,-3.1507860813931967,-3.1035955419443018,-0.5547587469395041,9.408663909349972,-5.789932537156636,-0.3976612020277533,0.06664652608466891,3.726995506773272,1.3491759001295942,4.9445608074408645,-2.8112216375508976,-1.0641711238884033,3.2231319544572656,1.8297221924024756,0.7693295791148342,-3.690919067573116,-8.306175325761004,1.832803504343384,5.6589433669297415,-5.9246980331112145,-2.6621503151203942,-2.0452253407235284,5.0060768670439275,-6.005579419634109
3.69835703539446,-10.79259288471597,-1.2832717510949228,-11.805137914205101,2.633842616513946,1.5250776715730918,3.349767776624067,-4.316804403161095,-0.8547069089043694,-0.024607381663864863,0.0,4.684578524059037,2.181624460470723,-5.32601544013894,-10.248924816290128,-5.429922605814703,-0.4909926765241725,3.3671879150483486,1.6884117615943195,8.831213448011177,1.3124011673327303,-4.99395771702696,4.4172174178053085,2.4869205486967627,-1.80042308946173,-1.1402801937594302,-1.1300046596398055,-5.492899028420423,-1.5798092905913852,-11.989385511324953,9.139615629842318,-6.685828367595888,-10.258063017637344,-6.281657577655185,-2.2363784623474383,9.093858757753651,-4.478885621762364,2.0887089031966526,1.1711638763763779,4.398164348737817,9.833280450887791,4.042498906346801,-0.3327032433343714,-4.318585051287067,3.8330280470901994,0.17894781055207923,1.531823920384192,2.6812032320399304,2.1680634808625086,9.888711301425847,9.806211516786618,7.3621926513880895,1.0688323044452424,-6.678352682246693,-1.0503977441324432,-7.3667641841589475,-1.573974928516349,-2.346236676450372,9.03033929048004,-0.8545955979451093,-2.5735482318439007,-0.3853694786905826,1.509237979266474,9.134055441512755,4.22762234651903,-1.70767706865034,2.490018343425409,2.2487262442159803,-7.274084017019006,-1.6568118447732123,8.480922866853156,1.4510406938686484,2.683932463203373,-3.148756773444079,6.811657369066809,2.1429161762523576,3.6248978388758872,1.1880855503175172,-3.341704449070556,-5.787207580598231,1.9668331049207517,-1.8204530366959049,8.291048377720731,-1.3763679391552437,6.36614818583332,1.861978604651636,-2.432631122115116,0.1696181378233773,6.52622802303978,0.577275516151966,-0.31783316613443907,-5.57673625468992,10.762027792465064,3.0486919739833973,7.404006869722769,-2.0888411437514756,-2.263834640766337,5.543452304515561,9.073418776220324,5.14002206883316
10.603658221925908,0.13712206634789567,4.9741219717656415,-10.199390139298837,0.6906676140547547,4.119882393372865,5.51279809044394,1.8845083377724865,-3.033637233700783,3.370275145865192,4.684578524059037,0.0,-9.067582747863444,-8.61644001475778,-8.623319756697036,-7.705029523762125,-4.222930585490657,-1.7530323218553723,1.6701045352143171,-1.4003090079119735,-0.7399166703305821,-1.8848635750659757,0.6607492991970195,1.647367513590977,-8.212189721660218,-7.638904579343738,0.28405524640390345,-10.081339215508205,-0.9388229250904029,-15.758240253592268,-4.495472223849028,-3.946089625501788,-11.51341585524302,2.1517967815955727,3.923575361679769,6.784174733895059,-2.455064912980469,-4.012865143643944,-2.5989065629350114,2.987316344284576,3.5892819105750964,-7.691948744325479,3.251256584613763,-5.5985605469191935,9.57548810828874,-6.173102839791282,-0.6350959044031378,2.6125339817051527,-9.152645097087053,5.652735103686389,-0.7004110407220229,-3.674525915479741,-0.5496376870072777,-3.356398677799579,-2.7442577756781183,-1.6529638491533802,-0.890688384807034,7.0628982950828565,-0.09357529623176275,-2.9756988996346663,1.2010990423819607,-8.016318954769222,-11.362117073646187,-3.481358496379229,0.8419297064017495,1.5414140564841967,-4.494188334169784,3.8993391213881616,0.4560844784520064,-1.35066805813458,3.8549895070114815,-3.3125035574638195,-0.24067428476154087,-4.825074256235744,5.215122849837074,0.4148091572193,5.465804679830331,0.11972572742484744,-1.8667326891558471,3.8844371485803375,0.07055736365699665,-0.7112028328228193,7.669370229957149,5.51738927772843,3.551026573678307,0.02108203832142319,-0.9598923675462976,-0.8955673898554701,-0.7203758470676234,-3.115386280019649,-1.8292302925423056,0.3653590553791813,-5.654161022340074,4.0229435013829535,3.2036379563357484,-8.197083790854268,-5.117156283163816,7.535790059981392,-2.066354488706154,0.16048407180956747
0.33341590571282664,-0.07828215278849747,0.10383503233393332,-2.4978711114644927,-2.618502974309044,0.10320067137782096,1.2134944313091716,-0.622989892623246,-8.18659448854803,1.3483054939720185,2.181624460470723,-9.067582747863444,0.0,4.177687596328097,-1.9196335714125763,0.9447451915149514,5.897157283907301,0.24625742731102393,6.143025991525575,0.7374610723726343,1.7419615304180596,-0.03435880950827047,0.6705595505187257,11.415935659897912,6.092000046327092,4.305859259962891,2.397059251979285,-4.420462424683945,-2.2837948226031592,-5.9856096533655325,-0.583613157530992,8.173364415721522,-4.514331560185339,2.8152757634043257,1.0867090936288804,7.253693261342563,2.6666894551039575,16.06782305084297,3.6564662820610785,-2.3686623126412223,-0.8946912399300794,8.13850663087599,7.736455764449524,6.49161761560582,17.580303037416776,5.0929891276261365,-0.251586710724057,5.536297400716609,6.601831438154636,7.038718697444667,-1.3976866472586695,5.48152017054026,6.483595785887486,-3.008126880089927,-0.10010004321033016,8.66433426814299,5.655747567679603,8.827161357379644,5.571812136017902,-5.237674673368267,2.926693886838201,-0.42477815902473015,-5.0204028418719275,-5.771885566823888,-3.2990013432809135,-0.9054391900127482,3.3261057683717112,2.6670523700988884,3.5360209021352054,-1.6925827511985507,8.221051244242254,-0.5895047634090889,14.781042233989524,-2.1781380475614247,3.2458462807561075,4.079141300552919,4.988624491986489,4.083711908745311,2.24327099679722,6.632322010842521,1.9580034386316985,2.490266394948189,5.296641371209523,2.01626768425272,-3.4643444871886304,-2.2172848902680258,5.499920764079065,9.159004243590644,2.7261121414863845,2.130092311150316,10.66728653401072,0.6571415784012555,10.122981542645052,1.7724057228008427,3.4261146147965142,0.5859001104073046,-0.9029076299906653,-2.2436663344989864,5.339465353057103,6.028042250748001
-4.660692552604589,-13.473756757740505,-5.487292766346497,4.636424721135342,-3.3024918186635683,3.32070177230079,-4.70358846648785,-4.312450498515412,2.5987428176018748,-7.693396080850875,-5.32601544013894,-8.61644001475778,4.177687596328097,0.0,-1.129005883298127,2.7286571048678216,1.6575757668058777,3.5625530932878795,6.954369160385116,-4.8483515699935085,0.2277661330320294,-5.824410770105388,13.554370316923661,4.717629955830748,9.450250017508706,0.29092575536432014,-0.31610395819760384,14.71298251055731,-6.281218410796047,-4.014277380280327,1.0799331733207826,-0.5774439041753027,2.7135254523531582,-6.021118817573536,3.381880855442721,5.112634363929928,-0.1373514175901397,0.05134392329168114,0.0617787982464042,-1.8464750418856053,8.92610190619363,7.108141710352824,8.62684634437822,3.6338119374751336,11.594560110435076,5.722697786690164,-3.236178091520592,0.33006220605097086,5.577166084560806,7.044627489477609,6.384390989596136,13.195799443879716,2.9423758834587987,3.4825345613544703,3.9552538993514896,-1.725062164976381,11.800273426554504,1.2242718470763212,3.3990998654509386,5.8977163271505,11.821593108470134,-0.5990261983733083,-3.885735228162993,4.446183590161865,-4.938456887356916,-0.270540594713958,-1.626137783918416,0.8615957245081804,-5.447013187585239,11.067962683290515,5.337299967721046,7.282360582210845,5.9815267855015,2.6313835331307835,1.9108893760591183,13.81468586239441,5.461663218936128,4.414766922370089,4.462314009408632,5.668958678069895,6.68916533044068,3.8755506445724777,-1.8445959855987235,0.40621782974319515,2.6353898219511973,4.515878392414296,4.849145070985363,8.0576285922816,5.687577047996385,-4.321057142833066,1.4936001902166605,-3.4474795617593954,-1.179888348649333,12.943755348896806,-3.253167077320718,5.987606673769824,0.5488787954252602,-0.7646145136867392,4.244616170765305,8.853067103388973
6.409726997278465,-9.20502954453178,-4.099809836559263,-2.581871876111693,-3.3734205213205035,-3.9776236403609566,8.709297391118286,2.271246969703881,-3.5231168832579995,-7.162001144819795,-10.248924816290128,-8.623319756697036,-1.9196335714125763,-1.129005883298127,0.0,-5.19811841970278,4.831453754881873,-4.8701466133408235,-0.23794654818196925,-0.26393894617399805,-1.4398727677956196,3.1236913625351854,4.437601522951613,1.3978495428443451,-4.516330847874343,-1.4184731452959642,-2.3177022704645034,-0.3203515777938251,-5.3036672193421035,-2.642899485673025,-2.504103344581635,-6.130810358574442,-2.3874754134792537,-1.24433860783435,1.7122391011826987,2.1858023043987087,-5.477304974164771,-5.203988121149792,-1.7769734560012556,3.828546690490089,10.281668221882896,3.226541218195514,11.718869454126715,-6.05156548833239,-4.467667288460378,3.116592250777961,7.560868084850205,3.4474911648862747,1.004370440244512,2.926382734047048,1.4603250895422848,4.607409585817967,6.657072319067838,0.2822980092468396,-1.9993388627361004,-5.654848491773045,8.24826515810316,2.176893451569611,4.185120521121462,8.24824319362661,9.978641394199274,1.0985141296269596,-7.150122409801492,1.587427593911204,-1.654470158048197,2.487153989135611,-2.73876177730396,5.320550820152481,2.606606062678656,3.5295668435426224,3.4482716704362497,5.611808123741988,-1.0140250980802428,2.861911302247909,2.6790846590071213,4.691874192590428,-2.7501540903079045,0.3423532026149797,-7.285448965761419,2.6115800889375653,0.9688194081377532,1.2323772041463252,-9.749400731334225,-8.552526064145683,-0.08871368072696105,3.2305863284205367,2.5839891953607554,-4.201850268173072,6.464228592314656,4.1240404529778285,3.2524242694794734,1.9391435730958049,7.701322223783863,9.63614236452739,8.157595002749554,-7.43317367990167,-2.584880929393976,2.3698338925028857,7.942793008456767,4.6803460818350135
-7.667134185674451,-0.7944634075265012,-4.283141954547275,-1.0494212539027115,-8.351559528384318,-4.705270524506688,-2.0634070572550254,-0.5779144168634676,-2.141763013123472,3.997007450983349,-5.429922605814703,-7.705029523762125,0.9447451915149514,2.7286571048678216,-5.19811841970278,0.0,9.80956015361268,2.829953416306058,6.631821914696729,5.607573977949101,6.315858148364195,-2.33276169385798,3.449651065665895,-8.512046692414376,5.77507047246188,4.637266971836687,4.705394908666973,-1.4314289890208707,1.208859627591001,4.100708843341267,2.051446762460859,1.4139252016542472,1.1983653075603475,2.444943608496187,0.943452378774481,6.584433046621312,8.026161506915793,-6.073316446544763,3.2235147428691318,0.07329686447769693,1.0911465964936296,2.940211379909099,-4.136232107497084,10.844159919775713,0.10180218617351598,4.507366783015698,10.45292494909088,6.61855480715719,0.17043972810223668,3.47257235315076,9.347768047172126,1.368392076122675,-0.37047549194476687,3.892839031649728,3.73100638630598,-7.146426985375132,-2.4280678970563887,2.1594794745229127,9.726885182295923,6.393259051120565,6.850070650784909,3.4014892240473165,0.5060232454056721,2.791463945749232,5.823687571528708,7.554415675518214,0.9152702808245032,6.591107168529188,0.5651920856564913,-6.986922668000614,5.7070563389805535,2.7839669960933966,-5.327073420404733,2.6393992896348606,6.290751815679259,9.528198955211247,2.583443739369375,3.3271216721517125,3.445824235060364,-0.4595897357479132,1.6968935496487214,1.3759514748188288,1.2329408787431344,-7.382493938105403,-2.735420219347773,-8.073564612931106,9.502943380591985,-2.4656205243839064,10.23683266179791,10.937416224055616,7.0577918967549165,-1.1433968498541063,-1.5784793493436755,-9.097115055689745,4.7835767289453806,6.43290567717849,3.7259701370046656,-3.228818539402872,3.225924474834565,5.758031151011855
7.527528757309168,-6.806266624361384,-1.512825178596588,-6.798009855339454,-4.857921582576967,-6.72759746327947,-1.0704097330971711,2.0563308646983107,-4.632521850956064,-3.0728552514300276,-0.4909926765241725,-4.222930585490657,5.897157283907301,1.6575757668058777,4.831453754881873,9.80956015361268,0.0,-4.649867485774961,2.7794640927464207,8.773879011820522,-5.866353047736959,-5.40501985376985,-7.372506174753184,1.6517824689566984,-8.36875290873619,-3.0604773470584674,-7.041987910584616,3.706529245830784,-5.904736280304708,-3.1174745237790225,0.3441257822540388,-9.496788643720745,-4.0881128185512035,-3.8380545432406294,2.2534141274611166,3.7629089266810904,-0.7140700942796692,0.3985447390450193,-2.638260049571828,-2.105830097906672,0.4284926880131331,1.2174027371098155,6.968723325872596,-1.3444857056528807,2.0783433711635473,0.37941744147589546,-5.927048675820404,-1.7212810984518638,11.44404057582335,-0.13801063781871437,4.193804806661409,9.034684012825624,1.011632967204462,9.958944558674077,-4.817833989683456,-0.6968946254520091,4.343633209624432,6.934236550498873,5.660674249539594,-1.651418143054041,0.3104833687587611,-7.0356007535227,-2.7914246998445087,1.9461482868891808,-7.963702223835283,4.400252320670582,5.4536004729050065,0.434610895563902,-5.899984765242502,-3.1086874213595763,-0.658153095709294,-3.755884211744061,-5.5163721359560975,11.856702356628752,1.025244707351887,5.05017796753982,-5.7884245289534215,-3.7311271591299753,3.8951188895363593,-0.08278017853304624,-2.525243988376067,-7.279639818845857,5.7670370595422815,-3.878916647863292,-1.6029834510008358,-4.2350223274625245,-1.8512274911372495,-0.7226786668658077,6.51295932460539,-14.612167257405607,6.8372917699351135,-2.6405801276059124,2.8425448514033818,1.705508656627187,-5.087155317071752,-8.684640631368163,-5.250720441249832,-2.94004653078814,9.026444430432884,-3.666076568333764
7.54717011402666,2.099045374269828,8.970878397819302,3.579478407174978,2.4270910326325974,4.554264216467153,-1.8114725505736196,1.6655995797637388,4.4372713025651285,0.8293013227746442,3.3671879150483486,-1.7530323218553723,0.24625742731102393,3.5625530932878795,-4.8701466133408235,2.829953416306058,-4.649867485774961,0.0,3.6940068259318624,4.75184295757848,9.421951415650335,3.263806718622502,-3.2446244937135647,4.3800834479471265,-14.581469540995636,-0.7338056194368067,-6.260521343767711,-3.676795718762912,4.367568778982215,-0.20146051626832628,-3.214953583438956,0.9241153104648039,-3.3537220147762903,-0.16490489033046843,-2.59662618224902,7.763483137621054,8.167848644664067,-2.40725868048804,-2.3906331321885608,-5.062064994219859,0.9232488117615667,-1.1405451847120507,3.2782083829683795,-1.298192428524404,5.305061703822168,-11.326666418050015,-6.250820789869185,6.865309445798892,12.18707824685848,3.351233706311412,-3.3223247855367446,0.5884196008547574,1.9456000343974953,-9.620184547371014,-13.060781621806573,-10.42323813667523,-0.4427387659555692,-2.486111379211512,-3.7667725529296736,-7.447548485151808,-8.386009931720496,-3.768243302105544,-5.222436983718564,0.5770526870179897,10.053024621615112,3.6437838690225193,4.683077756281511,2.6868983661624295,-2.9157778930394183,-1.2398519154370249,1.032128551644575,0.1025484950006698,0.48058453812938096,1.2400050653802495,-5.622922571422645,-3.817119449794889,-0.347785526409542,-0.8473363955751325,-1.6264206769005178,-0.8700335979540401,-7.639665908395218,-1.2026481948882408,-1.3341322084708969,-1.3124885594562323,-2.2196621576126008,6.679106884973448,4.0410545549289445,-2.186032300453965,4.342820299181951,4.567457082019012,-3.442131581196815,-8.946485271892291,2.644068575915776,-0.5692966296827128,-3.7594605860069135,-8.383587028758054,-5.44553997330614,0.04361186594480357,6.9172846660180465,5.31756940995384
10.155246819383231,-4.675875403262703,6.677636091544149,-7.5646415310782515,-9.941793485314154,-4.0034189695829685,3.5385120058769286,4.744288798451377,-2.312518608130551,-6.504088913610467,1.6884117615943195,1.6701045352143171,6.143025991525575,6.954369160385116,-0.23794654818196925,6.631821914696729,2.7794640927464207,3.6940068259318624,0.0,0.7733619489019454,0.984217885762072,6.239642558360986,1.8825114945646069,3.853975900298279,-6.29767776078055,-2.119791018748296,-2.878583032427185,-3.8752228274795737,0.29311469356484265,5.819064154366922,-1.9721168606355493,1.6003474153866004,-5.542891777088135,5.18235255438004,8.20655800755637,0.7669382606278657,-5.024171358738558,3.310864811191342,2.1325819580073206,-4.8038936146863565,7.768077969769607,7.093154963605558,14.983513439921518,0.6066512140411375,5.23681475565244,-1.7553048697610885,5.773190159253423,8.017498688932724,4.591961173493531,-7.0591528887213615,-10.354039766846698,1.561508198211789,5.943877632081508,7.051187238207972,-1.881400765333364,-5.7169543164641725,5.088178554454426,1.259551473675306,2.085007664685383,-0.8765986949153216,0.4975939895751081,-8.881432228686942,-5.798083397366046,-0.1747644634135984,-0.3925843225041972,2.390768678844047,1.9472937369493035,3.514507332386504,4.121190759420648,6.967927289266805,-2.463884833650525,13.735398571644192,-3.250354516517259,9.48419129564986,-2.5356136674231293,6.125198485946528,6.217021570447075,4.404397587626661,-4.299697468665884,2.0939170218819534,-0.7886668657681916,-4.894143292910341,-3.8700490885730985,0.9757956796081546,2.4020851941580457,3.457111226779936,-6.734997409158503,-5.967630234150811,-0.059106746340602256,-8.993860453534948,-1.7569108377827591,-4.1514609177449024,-5.003393455326807,5.749211854048784,1.2365518859656413,0.8356781038774885,-4.8044530447019405,-1.091872511752155,8.646646863446113,-6.0409199462232746
1.6802025665644789,-6.802472169369452,6.5997946401525365,-1.016487836624667,3.8094590817349054,-0.505021463581896,-1.0471063589832763,6.161826545727443,-2.1120240733244007,2.5870878594021085,8.831213448011177,-1.4003090079119735,0.7374610723726343,-4.8483515699935085,-0.26393894617399805,5.607573977949101,8.773879011820522,4.75184295757848,0.7733619489019454,0.0,2.7562335924912236,2.5611069324268354,-3.4859929067546047,-2.4665487113814337,-4.130828470533364,0.015236712513559568,-6.358520649190595,-3.400506066873117,-5.54965061280415,4.447802299503465,-0.9328698006111682,-6.907567771402273,-1.502507883694728,-1.6606326787961527,-1.1771429608095638,-4.739811350817023,7.361403951311715,-2.896526944743456,-0.36848166461843257,-11.629319583108582,2.7139650668814728,6.44487171264927,0.8070931345342509,3.44479060035774,2.41781052293678,-5.325059515917653,1.9198920466986575,10.390159896306958,3.033427282875186,-2.2268947364817064,0.6276219562574458,10.15837900644962,0.5500416997544402,-2.3179189814166903,-10.438242641393783,-4.4877670663126485,2.391522877414004,0.4093423017744613,-10.357108115049416,-9.299998876341162,-5.478782439003051,-3.861962000990806,-9.291972457009143,-1.5908768483056508,6.916067802051634,0.5371846747257342,4.140126880803355,1.3642170370328572,-3.9992098036308334,2.177907487764278,2.134569403737504,-2.681912727980152,-4.750569724802713,3.149281066986532,-4.638370724824446,-3.958770326900836,1.0161011441028567,4.453137074526879,3.1903596220473878,2.957184329898277,-1.3936272722125715,-5.349696573771689,0.5316655140551669,-3.188776499673635,8.522848800372838,-2.947914660953165,8.02929908327432,-10.214037896462516,4.052376691774585,3.943319918357032,-1.5498314477937183,-5.596080609459857,-2.277820935754566,-1.1315867438855411,1.960676923862596,6.026332773253912,-3.5322398497097294,-2.141819275744444,2.0169206303685137,2.3649152129811095
6.184326045556852,2.6187615299126574,4.70836305203813,-4.291827538192963,-8.378979488743113,4.468216393266387,10.357010967164358,4.106388664776289,-0.973894667415301,3.207913802752413,1.3124011673327303,-0.7399166703305821,1.7419615304180596,0.2277661330320294,-1.4398727677956196,6.315858148364195,-5.866353047736959,9.421951415650335,0.984217885762072,2.7562335924912236,0.0,4.404845769377489,-1.6399544849833882,-5.1790755318919635,-8.908093439661442,-6.870817328353882,-1.1921591320416138,-5.908283052752441,0.07415255712818097,4.344639334253266,-1.0259746429540868,2.3989628316090967,-13.749056585127292,5.9547095966254915,7.052967755036843,-0.7229207210671331,1.9022908916508103,-4.27868568070623,-5.273235905646245,-9.701832558235994,-2.5713343571061476,-7.770463111421104,12.816025710570637,-3.330502956968328,0.17199492265665922,-7.179260835018261,-3.1365254160808167,11.138262631876083,2.4381953878226734,-5.938352220640585,-4.105296810342991,-3.1647148904281868,1.0358364819508823,-4.230058330027214,-4.421644749442473,-10.34656596364999,4.67807947281236,2.0748096704903967,0.9821324301015373,1.334257973430634,0.36345693655722366,-0.5038299563427715,-9.912521372175233,-4.271129379776074,-4.789395116408419,1.311965255527114,-0.7475584735474774,11.790852583715488,-4.783167746406129,-3.464489673400206,-0.6597878438905403,-1.9352576947691649,-2.494681668391329,7.332028803481885,0.3409412963650508,0.39043072798053746,0.974979575608596,4.761971155459077,-8.114581422271568,8.53773379535615,2.4054038061201424,-9.680302824276295,-11.527104689331788,-1.8840920884290624,0.6133001284043361,-4.293515080518425,4.352932859682392,-7.8867209398126095,0.1967540529656563,-7.069653834009402,-2.022483309254534,-3.848310492210591,-6.966364743012703,1.41227696396416,3.2234439738233704,-5.044585003627117,-7.615031298172992,-9.216198477992048,0.06055806452747614,-2.519674616551002
