0.000000000000000000e+00,5.554006352039464467e+00,9.885334076511844259e+00,4.441858858787840703e+00,8.410877185654051402e+00,4.776438241780262217e+00,-4.249170946368250767e+00,4.355532540968549249e+00,1.330950795214315585e+00,3.239726480601439196e+00,5.431774186308495622e+00,5.358545779957445632e+00,1.033245164395838955e+01,5.045343026541755371e+00,6.435993885350606902e+00,9.526149684689638519e+00,5.541453198956144632e+00,8.078359254028011804e+00,3.907258148678912413e+00,5.714131591901974172e-01,-2.469733117370735531e+00,2.431005838351964154e+00,5.373870922223026980e+00,5.932511043958182961e-01,1.109271729556339459e+01,1.149436854346292503e+00,-1.729693884170116158e+00,3.030752740953027935e+00,1.053573306792402242e+01,9.052800378546383087e+00,4.169197980665098946e+00,-6.702855779038711104e-01,7.226946019659223452e+00,5.999373747101024001e+00,-9.861664048366096669e-01,1.403276869230073443e+00,6.818892839045658683e+00,1.791440645759245776e+00,1.113895854560792742e+01,4.137693486186751812e+00,-2.354695873724764077e+00,-2.853304897075602309e+00,-3.828287241148273790e+00,4.333435700455023465e+00,3.656046856969931369e+00,4.183624843955973116e-01,5.603012681913451587e+00,6.789733821956147608e+00,-2.443341917559794130e+00,-1.150095771031375502e+00,-4.325510454902051549e+00,1.193125626411291051e+01,4.067719606892613804e+00,4.577567090475824330e+00,1.063905726603069146e+00,1.397168835350432792e+00,-3.200222011829038760e+00,-2.796217990316176571e+00,-2.897831916421760301e+00,5.000502159691607496e+00,-3.823777629188166993e-01,-1.610030449385003060e+00,1.864753739456848081e-01,-1.138999741144987476e+00,-1.359258290549544945e+00,-1.445121135607767782e+00,-1.514181046754990101e+00,-1.291768480571518296e+01,2.150176882299399406e+00,3.578943049077122129e+00,4.722275886414998070e+00,-5.006015412764996952e+00,1.418431349168211897e+00,-9.875773479572715896e-01,7.592430935655138935e-01,3.904740569708775144e+00,1.922904984178217980e+00,4.901226247369503852e+00,5.380798290265489392e+00,-8.900355125399747047e-01,7.929149426340185158e+00,8.655493399607642857e+00,2.320690623267439356e+00,-8.850084558116398936e-01,1.369965159358189410e+00,-8.507219256592993273e-02,1.237083167989687738e+01,3.248867994714423446e+00,6.125479595842130642e+00,-1.431027323168870158e+00,2.411887851837013041e+00,8.705902459351007039e+00,3.733380729613240412e+00,3.392823762330116732e+00,-1.752443234092296187e+00,2.215851636119775758e+00,4.303450280248291904e+00,-5.316453793747515810e+00,7.713433949923380849e-03,4.421280783272390380e+00
5.554006352039464467e+00,0.000000000000000000e+00,-5.677298151812462113e-01,-2.586999092333754469e+00,1.199890343228676270e+00,-5.028584300213148062e+00,-6.261080060725641161e+00,-4.176887934290097193e-01,-2.305845439003878283e+00,2.729279744500305860e+00,-5.190560621605908587e+00,2.284651537711515967e+00,1.385059488264332783e+00,-1.408521833422067049e+00,5.639894670094578455e-01,-1.137349692522655387e+00,-6.355343423782533918e+00,-1.178651980071514949e+01,-5.509981411258331463e-02,-1.765652111104889954e+00,-2.761646442807236035e+00,-6.091443080699554535e-01,3.672139028094863367e+00,-4.888606717295887805e+00,1.711171281625904816e+00,-3.357160141995535252e+00,4.143583227278771375e+00,7.514145148575045674e+00,6.600047564869037764e+00,1.424115677737019325e+01,6.085935354062367963e+00,-5.513122752575164931e+00,3.040873587656244048e+00,-5.103150357641631274e+00,9.541641277275388910e-01,-5.857770084848417547e+00,3.645639660356402079e+00,1.462253462167546036e+00,-6.719477170587051518e+00,3.325842974434960908e+00,-3.525943510448689144e-01,-1.085917330419709226e-01,-5.002411745486854411e-01,-2.432469087434870669e+00,1.223370962569717335e+00,1.447423926487247936e+00,4.299327629497255998e+00,9.830106525758759872e+00,-8.354005823965968247e+00,-2.254369140410615202e+00,-4.190634868012822700e+00,3.049153868565510073e-01,2.175060318296921036e+00,3.756383541422361749e-01,-3.251189896132969270e+00,-6.190415872639871253e+00,3.416923729190314951e+00,-4.878667257207714436e-01,7.164526211976117942e+00,-2.901944340035221837e-01,-4.032912521442741371e-02,-2.547413822299763986e+00,-2.515086235498558143e+00,-3.368853452160639250e+00,-1.685474134320059658e+00,-2.288606012120364408e+00,-8.443371551632804284e+00,-1.175477081939165913e+01,9.923226019549802324e-01,-1.503150921238149307e+00,-6.921676657666080423e-01,9.171914864922888100e+00,4.096672821825683153e-01,-1.698507406557886235e+00,5.873657410287106195e+00,-1.442287270955945777e+00,3.662630850825514539e+00,6.432183837699874118e+00,1.044927449384305707e+00,-6.854105441801551457e+00,-4.285130803479321182e-01,1.523916161830588312e+00,-5.767205848048444494e+00,7.795408808406566692e+00,1.163062880805948218e+00,-8.231426703794644695e+00,8.029117773715011452e+00,7.133592970265054678e-01,-4.428797568555650876e+00,-4.744992903664936312e-01,-5.816956139524905645e+00,1.638662966244917696e+00,2.637610884712834891e-01,-3.732469585213253005e+00,9.833500083752330645e-02,7.380031008362600842e-01,-5.083254483466698836e+00,-9.908383159092309711e+00,-1.176141384147551427e+01,-4.766969641650636191e+00
9.885334076511844259e+00,-5.677298151812462113e-01,0.000000000000000000e+00,6.093137525127282572e+00,4.261383087880418863e+00,-1.366929727432855346e+00,4.223296114261549938e+00,2.192335004624575312e+00,2.756180720137884510e+00,-2.689038120293028022e-01,1.629778165200130413e+00,-4.517109210616580661e+00,-1.971011435507973752e+00,-3.866629927391228794e+00,-2.026461921209315786e+00,6.070132194684143556e+00,7.541069784315274305e+00,8.403776511482154987e+00,-2.022576687104021165e+00,-1.528665561519514160e+00,4.157271320690767880e+00,3.457929460619222795e+00,1.070775307631012696e+00,-7.421453596840728029e-01,6.264918944042337401e+00,-6.765067089075149198e+00,1.322246732000231795e+00,5.006012886153590635e+00,-3.868343852762079926e+00,5.710543706735358604e+00,9.020766090872589515e-01,-7.767758050753677423e+00,-1.542463445202262529e+00,8.595378291699672602e+00,-4.006218848490417095e+00,-1.961026409689026195e+00,-9.516874752312768138e+00,-8.088180573028369125e+00,1.095963257547613923e+00,-3.390289321192066385e+00,-6.253981222578361532e+00,-7.846637258015347172e+00,-1.472386529847636183e+00,2.333417550847430300e-01,-4.173133509701487220e+00,-1.010970143258287157e+00,5.108974329685584514e+00,5.203556786944925072e+00,-3.286966081297130415e+00,-3.781252921132939537e+00,-8.411314623614803310e+00,1.827355417328101028e+00,-1.960784705739816669e+00,6.946037485385147647e+00,-1.739312613544530928e+00,-3.172133659030818453e+00,3.587767662937304536e-01,3.813379822475673198e-01,1.308027401781250543e+00,3.526913063248361624e+00,-7.479148123067716369e+00,-1.940536524148179343e+00,-1.066006069503876719e-01,1.379042975301635554e+00,6.303349586782806213e+00,-1.044730605686140096e-02,-7.498690085912201875e-01,5.994813139173851724e+00,5.639608485962920525e+00,8.114297228650901861e-01,2.899552041454236839e+00,5.537694311926101953e+00,-1.717148709728549827e+00,-1.831865733456028211e+00,-5.830775288292778136e+00,-6.619666761476927341e+00,-4.764909563657777625e+00,5.589080098526972407e+00,1.588095441939926689e+00,-8.673330910298117757e+00,-2.168382639233105424e-01,-4.778062235280607084e-02,-1.448355836109472161e+00,-8.595684909914513838e-01,1.830596911954365691e+00,-8.504059262687116316e+00,3.990802820745920521e+00,-4.144415633961631151e+00,-1.771174612976854412e+00,-1.698581468372299064e+00,-8.054090759834110713e+00,9.610486221205592761e-02,1.491728699657816071e+00,-5.086739798639401400e+00,-5.687881758524358844e+00,2.893976354506011095e+00,-2.772374163114395884e+00,-4.950612474077125569e+00,-4.795935927532254395e-01,-2.230814365038324532e+00
4.441858858787840703e+00,-2.586999092333754469e+00,6.093137525127282572e+00,0.000000000000000000e+00,5.864160683690370135e+00,-1.730615712288842367e+00,1.721024158371219359e+00,-2.445871293284902048e+00,-5.448933219046432797e+00,-2.528526024500096892e+00,-7.082936745803378287e+00,-4.787576365316460247e+00,-1.527881826881200000e+00,-4.693780660890453760e+00,-8.525452187936242154e+00,-1.714120981082701611e+00,-9.489501873588164216e+00,-1.016802250397302565e+01,-1.524347498921150734e+00,-1.796379357772859731e+00,1.687647048001840178e-01,-3.187714434895285276e+00,-1.601285463373326889e+00,-2.295064744784639288e+00,3.707603207388912914e+00,-2.584923881397967360e+00,5.266634941941006787e+00,7.454082315953249882e+00,-8.083144253357235076e-01,6.339323980748179821e+00,-3.755471487067310488e+00,-1.528158601004030004e+00,2.544541840059876825e-01,-3.469122230435150112e+00,1.585537855410164676e+00,-2.047931277058862687e+00,1.314535814241226452e+00,-2.142193320184436089e+00,-3.073438231367672246e-01,-1.114262170319446854e+00,1.473030021227245134e+00,7.016728184180065497e-01,-2.279129039638445153e+00,2.764013611660606440e+00,-9.121910900424320401e-01,6.587353238827041935e+00,5.483650065328549594e+00,7.387476174823022212e+00,-6.219457810088234950e+00,-1.692736941280587493e+00,-6.219085963609312095e+00,6.190267349262325247e+00,-1.172472341004168195e+00,4.796512362091888804e+00,-4.773257091842874722e+00,-4.760906706507547881e+00,2.913215287826782518e+00,-6.906526278679288922e+00,-8.734849305930829644e-01,-6.118258563077948464e-01,-9.552598103455176570e+00,6.951777818524335073e-01,-4.016628418844971016e+00,-9.320758405739818286e+00,1.916809706860891804e+00,-8.853902422344389622e-01,-3.864926997717548662e+00,-5.589505491541134852e+00,5.772875264495415770e+00,4.193575312542433764e+00,6.770831263146709134e+00,1.003970022437306042e+01,-1.275000919973601432e+00,-2.433705478236972475e+00,-4.461034744769914795e+00,9.178218609641897174e-01,-1.715769136504472936e+00,3.130694734536341617e+00,-2.526145834733698248e+00,-2.888033166431047238e+00,8.262716688601871695e+00,2.799032610178159075e+00,-1.037346945907332696e+01,3.673955605919884793e+00,2.372926023276225038e+00,-1.919556840248575424e+00,8.527863246992284374e+00,1.286139917242720809e+00,-4.776621592749211942e+00,-5.115735550774155982e+00,-6.582729154496423263e+00,4.174626409992078457e+00,4.568346995640832908e+00,-8.461001870011520154e+00,1.248275013088520291e+00,6.935562973622404925e+00,8.553444854181465606e-01,-4.264749884991350548e+00,-9.329820604897179237e+00,-8.344509168807078936e+00
8.410877185654051402e+00,1.199890343228676270e+00,4.261383087880418863e+00,5.864160683690370135e+00,0.000000000000000000e+00,2.185471251119176284e+00,2.982026619641350296e-01,-2.789290148602418640e+00,3.155071422196494835e-01,2.837463016467645649e-01,-2.230618401284262475e+00,-4.634231626238779711e+00,-1.062723246234481111e+00,-4.569634046945802552e+00,-8.426906834616184838e+00,-4.628337218984142076e+00,-5.829666013799580604e+00,-6.837362558542933400e+00,-9.513779189627420418e-01,-2.263737391712911329e+00,-2.279639070763605613e+00,-7.207024803251679046e+00,-3.622188323731697857e+00,-5.816396923511828021e+00,-1.553740620073352341e+00,-4.092696465398132588e+00,5.046966239104598628e+00,2.670261845146328028e+00,9.366760885461961061e-02,4.750471300951882192e+00,5.301289358408862312e-02,-1.501981836498672562e+00,4.924677773949619031e+00,-3.178523834070604348e+00,-3.829369106649301635e+00,-4.113873620958910848e+00,-1.006759951475390658e+00,-1.469819923015871721e+00,2.292455139179933266e+00,3.171049256764236990e+00,-2.612541466853205208e+00,7.270022057780379798e-01,-4.112829912897466578e+00,1.790937634578821269e+00,-5.334944875498605299e+00,1.165847698447956438e+00,4.065232502511356039e+00,-7.475408835469266045e-01,-4.939237517966100555e+00,-5.668018529431456010e+00,-4.838888238569710509e+00,-7.636237560682190839e-01,2.465202696962744966e+00,-1.625980583818751324e+00,-3.737416684899240504e+00,-2.278463825900630457e+00,3.390149379945126107e+00,-1.779709495760498861e+00,1.547120934710608298e+00,1.078272892844762687e+00,-6.826790672980346919e+00,-3.434116310429301322e+00,-1.026138533776604217e-01,-2.934127160362340003e+00,-3.728641566497403748e+00,-3.663481163315774669e+00,-9.125011509594246562e+00,-9.247468358059046878e+00,2.293021769818165634e+00,3.264361236677147282e+00,1.634587206932517134e+00,1.066172556295406970e+00,-6.847062399335308136e+00,-6.344238497710025904e+00,-8.224282307599844799e+00,5.742602481860655805e-01,-5.083267291925361420e+00,-7.209035143276785185e-01,-4.194136119172518384e+00,-5.188870713550822522e+00,9.453519704746948804e+00,1.804082310110207032e+00,-1.061159316247553441e+01,2.209182792636557924e+00,8.277663656515398261e-01,-1.372156018267035016e+01,4.600147811993392288e+00,-2.553460330957299629e+00,-2.146433651351249861e+00,1.186751014893035139e+00,-4.419821288259798031e+00,6.431147338079992171e-01,2.331530780786674306e+00,-9.060006338690631544e-01,-5.148737495714639234e-01,4.124295056284513983e+00,-3.049939663299881420e+00,-1.346383916607449827e+01,-1.012262000786984650e+01,-6.194996890949243884e+00
4.776438241780262217e+00,-5.028584300213148062e+00,-1.366929727432855346e+00,-1.730615712288842367e+00,2.185471251119176284e+00,0.000000000000000000e+00,-5.223127535521838727e-01,6.968537568101242918e-01,-2.651077138600485217e+00,1.943827684971681569e+00,-2.878599196797643867e+00,5.440711572461209400e+00,7.119993307816461225e+00,-5.269380956051147535e+00,-1.064289177648613416e+00,-1.624191501329079079e+00,2.876669876696617556e-01,5.031652318486131037e+00,2.606966705173818788e+00,-6.452163496785639829e+00,-3.363214637411009900e+00,-2.608446207803658101e+00,7.208532712491874106e-01,-3.881566726130976530e+00,2.260416223040647488e+00,6.481087345743097305e-02,-3.568224922128915289e-01,5.692272941688770738e-01,-3.281450059672438968e+00,5.259405048670706684e+00,3.951893125452705657e+00,-4.030160121864725831e+00,-8.313596122850419601e-01,-2.939879140713262728e+00,1.744093640553646962e-02,-4.262563898313689315e+00,4.782279877848242933e+00,-3.772186598053056006e+00,4.055123350709189722e+00,3.662507805392534621e+00,-5.253576764246719044e+00,-1.642515562428291442e+00,-3.736740840814535503e+00,4.860737940237461530e+00,-1.844833928982891003e+00,2.779879535558783310e+00,-3.441580381824135504e+00,-1.753846291873423224e+00,-3.986973236494155248e+00,-2.664174865108887236e+00,3.247390950777276242e+00,-1.352937155014047210e+00,-3.892063076403167621e+00,-1.285029026111514705e+00,-3.716699067686114244e+00,3.518885577380391094e+00,8.603852580245998638e+00,1.396777711683725665e+00,-3.631010378682702378e+00,1.331354760525073511e+00,-6.628702941894582423e+00,-3.536989462907695003e+00,7.956601809991242780e-01,-1.020731622051651799e+00,-3.474456104751234342e+00,-3.084968716220032103e+00,-4.850299553413643938e-01,-6.245075982083001520e+00,-2.233908715836142367e+00,-3.629562265197525811e-02,-1.675863664079926263e+00,3.720797685555193191e+00,-1.928387291609163556e+00,1.188375177863537635e+00,-1.009234473982350799e+01,5.279495656916801671e-01,-1.188077883651235922e+01,1.036432276133279595e+00,2.615857666009685500e-01,-6.204303836659400773e+00,1.786282334970509034e+00,-1.345014922553187775e+00,-2.377699202323664718e+00,2.912380942896943825e+00,-1.275177367612488233e+00,-6.715870069067181980e+00,3.850065978053703653e+00,-1.360775204408324557e+00,-6.030308800752740339e+00,-3.096733835104372723e+00,-2.062088147248424708e+00,3.278372117150487153e+00,4.872583430039031605e+00,-1.018284135666876811e+00,4.736182124605640142e-01,6.845311872441782519e+00,-7.036539093824535351e-01,-8.003894687813252418e+00,-5.310098701408224819e+00,2.054721380342606540e+00
-4.249170946368250767e+00,-6.261080060725641161e+00,4.223296114261549938e+00,1.721024158371219359e+00,2.982026619641350296e-01,-5.223127535521838727e-01,0.000000000000000000e+00,3.277625156616939539e-01,-3.647190489680261827e+00,5.985157092348532437e+00,-2.535486727695610565e-01,5.621239667379132499e+00,2.287745534305565709e+00,-2.444415042169838070e+00,3.740595290444934662e-01,5.085776445203269880e+00,1.640247471130935608e+00,1.647752432440540593e+00,1.354877465785122359e+00,-1.910397280259793051e+00,-3.460429226236499733e+00,8.109997241245743282e-01,4.582539239307251044e+00,2.325375232787367796e+00,9.155230581516507371e+00,5.137730671695273088e+00,-4.549150561122287245e-02,2.242315641170712581e+00,3.993315557238542590e-01,4.570147842315455122e+00,-2.885354455980728705e+00,1.165726854469778750e+00,-2.598687267004728074e+00,5.341922697437449408e+00,6.260121904308554974e+00,5.168756776611924231e+00,-1.390785246578331691e+00,-4.052582205202887700e+00,3.356383152068803888e+00,-2.544675700174006128e+00,-2.890866826739722395e+00,-7.138303090418173902e+00,-4.938650867662936150e+00,3.855466948116067716e+00,-1.068823923582362667e-01,3.651030395034190690e+00,2.285913049785797568e+00,5.520306587131520004e+00,1.319236578831952889e+00,-7.601332454032084129e+00,-3.515732778728283936e+00,5.443611328124980275e+00,3.291947912899976902e+00,-2.049562863680249425e+00,-2.128480502202506841e+00,-2.090897072312911220e+00,2.896262640977738112e+00,-1.375419825051413358e+00,9.619635164015338802e-01,-1.161271314913923369e+01,8.558616792439819321e+00,-8.748794677901310379e-01,1.722056549872369224e+00,1.027946503159879565e+00,7.483218036871247314e+00,5.007915267436398032e+00,-2.044663963689600461e+00,-3.620751214802913065e-01,5.464602272144571948e+00,-3.707860887247813042e-01,1.061776814642224487e+01,-1.112605826212728299e+00,6.127298382967759416e+00,-5.163931612372284263e+00,-4.175138472927419353e-01,6.031286750611261738e+00,2.050503361336659669e+00,5.404020434881757318e+00,3.073124919616709305e-01,-4.912969002114809136e+00,7.835266316039561474e+00,-8.072938086235893484e-01,-3.923270167818894372e+00,-3.214673960261752672e+00,-3.457788682190752194e+00,9.728249480252795789e-02,4.113542579639593910e+00,-4.116555545938040517e+00,-1.710202895529256528e+00,-1.085501930086539613e+00,-3.248935716472949764e+00,-5.887770677406123809e+00,-5.042695717129944910e+00,-1.161853513128848192e+01,-8.391068487253878772e+00,7.344485942682336344e+00,-3.153665639468032023e+00,3.003748884993586721e+00,-2.130260386249599236e+00,-5.100117941212604755e+00
4.355532540968549249e+00,-4.176887934290097193e-01,2.192335004624575312e+00,-2.445871293284902048e+00,-2.789290148602418640e+00,6.968537568101242918e-01,3.277625156616939539e-01,0.000000000000000000e+00,-2.310303501143623262e+00,4.035101575343047919e+00,6.302537186456479645e+00,3.540182427848068136e-01,1.106336188218520356e+01,-3.590666535494893452e+00,-2.482233454613854917e+00,8.872272980562349032e-01,5.210840790308808312e-01,-2.383151469952301760e+00,-1.789554857096930407e+00,4.295080398318899206e+00,-1.553122919530832036e+00,-1.435719846814084155e-01,1.797659162098121932e+00,2.211564882839521240e-01,2.950133930673820792e+00,4.042809945991009180e+00,-7.096993758173772093e+00,-5.298676640603496857e+00,-1.093938101120927806e-02,-2.595611470050219083e+00,6.266771128609362584e+00,-3.423621435472388619e+00,2.658432887652019350e+00,-6.685293480206940586e+00,-2.316420451023995852e+00,-3.753766007410385352e+00,-8.155509330498819098e-01,-4.132766672076654046e+00,4.342429453196088751e+00,-2.091584482696904779e+00,7.855523340356789230e-01,-3.122361998068400535e+00,2.982057658326697780e+00,-1.049624544546583316e+01,2.128073483950875477e+00,-2.892106231021694285e+00,-2.438018856849395455e+00,5.069977775244460805e-01,-2.656538164562635806e+00,-4.776197525629958029e+00,-4.667577031021839851e+00,4.603900726945304278e+00,-3.743110372527505447e+00,1.711899676200782761e+00,-5.175377793310351748e+00,-4.048950083087826002e+00,-9.610638761428095256e-01,-2.181288352477440018e+00,-4.909670998933965080e+00,-4.475096710358863028e+00,-1.957389408749115045e+00,5.918472752713556106e-01,-1.588936842536520899e+00,-3.338401176860164021e+00,-2.829755288015427528e+00,-2.137938115114442983e+00,-8.394437365159566511e+00,-1.165920352973091934e+00,8.945513066860616647e+00,-1.044353509450727913e+00,-1.687197304307655354e+00,-2.879096773581096613e+00,3.541269257724514730e-01,3.520386635731928004e-01,-7.330443128368321126e+00,2.274074463936303303e+00,-5.634990216017893516e+00,-1.213627768835053855e+00,8.400024951329136957e-01,-2.356186704107239738e+00,5.653217204612609237e+00,8.565388117448049954e+00,-3.178806155259057853e+00,8.125250935074020964e-01,-5.628509639376611418e+00,-7.074652187309105500e+00,-1.087619348558521715e-01,-7.014096086359952409e+00,6.597790922944455794e+00,-7.327329895708766250e-01,-1.039304325793626838e+01,1.995103111145132280e+00,2.499786005902998820e+00,-2.436297440377650503e+00,-1.518867854245854687e+00,-1.320752003555637266e+00,4.075914932857346962e+00,-5.042106418000488866e+00,-8.374751332846368967e+00,2.661050122990608058e-01
1.330950795214315585e+00,-2.305845439003878283e+00,2.756180720137884510e+00,-5.448933219046432797e+00,3.155071422196494835e-01,-2.651077138600485217e+00,-3.647190489680261827e+00,-2.310303501143623262e+00,0.000000000000000000e+00,-1.674047648179331493e-01,-3.901120363086426845e+00,7.292675467062961214e-01,1.225137233193714259e+01,2.274638169754275019e+00,4.322932804680573504e+00,2.326393059136892649e+00,2.916162052316847220e+00,2.569885813142870623e-02,8.942634052569193415e+00,5.005110388950257949e+00,-4.376041955381007598e-01,6.360324479220900606e+00,-5.784106370598904867e+00,-6.264835408492148261e+00,-2.934685711339170222e+00,2.898546236880599203e+00,-5.902859447978757501e+00,-4.318069713808782240e+00,2.016924681673618380e+00,1.175352239843656665e+00,6.105145058261341795e+00,3.286253477251302346e+00,3.112863118073010416e+00,2.486591690866987392e+00,2.622495289190153400e+00,2.893290669479829269e+00,-9.534522072106548229e-01,-5.778694856424314352e+00,6.682046521802086581e+00,-2.122768392056602504e+00,-9.910679651774612076e-02,-1.690425458184624530e+00,9.721211166422017991e-01,-8.068904789277061340e+00,-4.127989046628469105e-01,-6.396674477084699717e+00,2.138554120090989219e+00,2.005088180515583129e+00,2.304659032138561159e+00,-2.712785706987339562e-01,-3.668589665682417511e+00,2.251904777745586728e+00,1.075874137704399658e+00,2.381385713765472811e+00,7.923545942392585140e+00,1.987471549260323433e-01,3.420568961487658655e+00,5.887146980784178751e+00,-3.594631463562215856e+00,-5.390340271734842759e+00,-6.676888104927461320e+00,5.838055068568506201e+00,-4.164261534538532317e+00,-6.145336671144160157e+00,-2.725887794862988045e+00,-2.777483630269287129e+00,3.490294891762340423e+00,8.489358070446605398e-01,-2.112766888797631193e+00,1.302889400461638703e+00,-3.891063843017224411e+00,6.355503676630011256e+00,-1.672466306659508239e+00,5.010605752959242487e+00,-8.345088935926142426e+00,6.737263135942993530e-01,-1.330405700725204099e+01,-1.410340885583794002e+00,3.339088152069232596e+00,-9.471494173905897762e-01,3.005439223587861086e+00,8.399003712559727219e+00,-4.822313125880514306e+00,-1.086185164233693490e+00,-1.608495736218091388e+00,2.946753658512413776e-01,3.483497250843502702e+00,-2.914589274648785366e+00,1.233106072931450470e+00,8.538743468245927559e+00,-3.571886982583233561e+00,1.730645743431259653e+00,6.177059141889740701e+00,-5.434851476404278792e-01,3.023924857201906846e+00,-2.252298201600128280e+00,-5.521470450613334080e+00,1.399766088963843913e+00,1.596761850239268421e+00,9.364050319496049823e+00
3.239726480601439196e+00,2.729279744500305860e+00,-2.689038120293028022e-01,-2.528526024500096892e+00,2.837463016467645649e-01,1.943827684971681569e+00,5.985157092348532437e+00,4.035101575343047919e+00,-1.674047648179331493e-01,0.000000000000000000e+00,6.805343685623361338e+00,4.125767132199215759e+00,5.692540022487966311e+00,-8.980386562863182931e+00,3.292135566870162400e-01,2.325196151388956523e+00,2.316257250481204899e+00,-4.851922872607396187e+00,-9.278500294545249716e+00,1.036557865124494882e+00,-1.740939733753556151e+00,3.576533323978793533e+00,3.868190251285098746e+00,-3.503926118005758372e+00,-2.744678487677631118e+00,1.832034969495577315e+00,4.353649798102528834e+00,-1.187831091395641581e+00,-1.791695301462170153e+00,-3.153983573408150609e-01,-1.694577179983610460e+00,-1.079746169016610757e+01,-1.686302784478424521e-01,-5.392428450204826973e+00,9.398733949022218814e-01,4.883320948884085633e-01,-2.960028043400085629e+00,-1.008228553310462239e+01,7.615882768972318750e+00,-5.136413029168657163e-01,-1.470167843702880450e+00,-4.585963232387438637e+00,-7.287734205942270727e+00,-1.171932016137143678e-01,1.914968863412939371e+00,2.896448019272598096e+00,4.245269181431010175e+00,-5.012442651354583667e+00,-1.993514103432184603e+00,-7.732090501777169500e+00,-7.975663959722322893e+00,3.078097861101330324e+00,4.033842422449571252e+00,4.432641821413006444e-01,-7.885681111112040398e+00,-4.640759471320786034e+00,-7.778696660565463938e-01,1.789501334274194555e+00,-2.194706727802556490e+00,2.625504134941529344e+00,-4.536706552735515707e+00,-5.670069478508309446e-01,-5.523737958348395871e-01,-2.653104093212923065e+00,-2.278191967496375203e-01,-1.740723555569748393e-01,-7.269202198099151246e+00,1.126492995087023052e+00,9.287740760487580571e-01,-2.035633704398022381e+00,3.351348767144045615e-01,-1.776638226178284263e+00,2.346784249180100534e+00,-4.194349174546411874e+00,2.037476419320268128e+00,7.450101645696834973e-01,8.012611745099231797e+00,-8.841786021221959002e-01,6.037024431604882224e+00,-1.066206393384773321e+01,1.914914806996108165e+00,-1.559089059070301042e+00,1.743442395829429836e+00,5.235547239290102794e+00,1.993858844529877050e+00,-5.029539472208667483e+00,7.481025949311589374e-01,9.619515098538360398e-01,-2.472974956536166502e+00,-6.723963674340434515e+00,-5.079473602822417888e+00,-1.981950404514968289e+00,-2.839087435162898299e+00,-1.321549266898551345e+00,-1.079152100193766017e+01,-1.619720078027921284e+00,9.277428313681554961e-01,-2.816937455820203162e+00,1.987787284579619826e-02,-5.268351145036611616e-01
5.431774186308495622e+00,-5.190560621605908587e+00,1.629778165200130413e+00,-7.082936745803378287e+00,-2.230618401284262475e+00,-2.878599196797643867e+00,-2.535486727695610565e-01,6.302537186456479645e+00,-3.901120363086426845e+00,6.805343685623361338e+00,0.000000000000000000e+00,1.790861675027604294e+00,-2.407215549132513566e+00,-4.137775270466608646e+00,3.728042460812614145e+00,-1.422354276935361206e+00,1.277236640882592589e+00,-5.811818544094021988e+00,-8.313344303722105977e+00,-3.687319474909198092e-02,-5.206360921085615878e+00,3.159920096855275418e-01,4.123994399119403909e+00,1.278121932307723085e+00,6.769250588618437092e+00,-1.350398016160487824e+00,1.127525043266188742e+00,6.704108439755650295e+00,4.272698885065923102e-01,1.047200602826128701e+01,4.132981676974583962e+00,-2.449404976287518743e+00,2.742203746531245656e+00,-4.566456426662831802e+00,3.410967916580409209e+00,4.764411839249900638e+00,-1.565022596725519799e+00,-3.770006975517555592e+00,1.374495025091074130e+00,3.808795579014265797e+00,-6.578873051959983620e+00,2.247917517135347154e+00,-7.545985355354553725e+00,5.547389973232804472e+00,-5.358177980999466072e+00,4.430462442671940337e+00,5.800430248638394737e+00,-3.904309856227445863e+00,-2.345292888523695218e+00,3.995876756162006771e-01,-7.000266116393606630e+00,8.942161752397785435e+00,3.615687666529898148e-01,-1.261100443115098058e+00,1.664526121684165583e+00,3.483629590340445503e+00,-1.193500944956437770e+00,-1.139474144461914307e+01,2.038168192412898261e+00,-4.629686943484660588e+00,1.174577192254862984e-01,-3.327281954116096063e+00,-1.518286274718168682e+00,2.094167216230306661e+00,5.631646150994355615e+00,1.040972404200872958e+01,-2.454352517996905014e-01,2.539562668799649536e+00,2.733614725298020520e+00,4.934239462588950076e+00,3.304771021168603440e+00,-3.139508688032124795e+00,3.883137030308493109e+00,-3.194024147991224361e+00,-7.219810375880741482e+00,-4.217514476040610916e+00,-4.084643164648101843e-01,5.521142294917604332e+00,-5.323837239777263752e-01,-4.848415175508300479e+00,2.903504835738158096e+00,4.121279518039699497e+00,-9.172945179107948377e+00,-1.806025477415094116e+00,1.351816767602602720e+00,-7.323523143098577215e+00,4.887982020442092512e+00,-2.322770858227482638e+00,3.397096292733951639e+00,-1.682201392793453820e+00,2.935591832119167410e+00,2.348101482304917553e+00,-4.710035660420721193e+00,-3.862563739468687779e-02,-7.173102825299329521e-02,6.097297889533240145e+00,2.624536180383984174e+00,-5.138011422701610265e+00,-3.125062064998371802e-01,4.507186954954193858e+00
5.358545779957445632e+00,2.284651537711515967e+00,-4.517109210616580661e+00,-4.787576365316460247e+00,-4.634231626238779711e+00,5.440711572461209400e+00,5.621239667379132499e+00,3.540182427848068136e-01,7.292675467062961214e-01,4.125767132199215759e+00,1.790861675027604294e+00,0.000000000000000000e+00,4.155223308216484668e+00,-5.337650858473891979e+00,-8.830252168528684109e+00,3.500029415357952089e+00,-1.129388060600347021e+00,-4.890260122459356040e+00,-2.867892301183826653e+00,1.567798894991025538e+00,4.990906811528566522e-01,-4.927092363948970544e+00,-2.187486401608544462e+00,-3.874518213667916822e-01,5.526927559570504300e+00,-3.163871876203067757e+00,3.077932672998722197e+00,-1.178683343606837575e+00,-8.768319110136962635e+00,4.093743403638212541e-01,-1.078406859062229772e+00,2.964984750436886474e-01,-8.430643576594357924e+00,-5.670974263478588462e+00,-7.150648210772677871e+00,-2.854104184076827089e+00,-5.810109548561895210e+00,-8.788606031816382114e+00,-4.066662042649466180e+00,-8.128908167141654317e+00,-1.172229392247241009e+01,-3.688482436775103235e+00,-8.709674388942373113e+00,1.065723249140479556e+00,7.228363196229981025e-02,3.442687288654798117e+00,-4.389417335917452867e+00,-2.160897798088233568e+00,-1.119684481416488175e+01,-8.012592286560527910e+00,-6.755190470148993320e+00,2.251218609072327403e+00,4.192765942778115651e+00,6.431651578938613056e-02,-4.672315085168191051e-02,-6.655882495995950165e+00,3.198063348123078242e+00,2.283824983371064654e+00,-6.244050450274620800e+00,-6.536438250287664786e+00,-8.414681555869981677e-01,6.989320137038598446e+00,2.527774366241073989e-01,1.196901893875199852e+00,-6.416784319915793677e-01,-4.359096673075316453e+00,-4.585629032551568507e+00,-8.184747681382459561e+00,-2.485154152843334519e+00,-1.540114554134675240e+00,1.009298334928273810e+00,-7.479507409245121252e+00,-2.461723680197003716e+00,-1.800039710643942081e+00,-4.587800190539373268e+00,-4.137086155695993916e+00,-9.622655854882241622e-01,-1.106654265037663176e+00,-3.423854818526240962e+00,-3.538211413598048694e+00,8.678938642090093580e+00,4.349996162069381944e-02,2.530740898693682794e+00,-6.476143651094552478e-01,4.297174076190080072e+00,-4.876498356678035329e+00,4.285052473647522397e+00,-6.489738983125339367e+00,-4.344057094390474938e-01,7.447282809579989227e+00,-6.777467868170830911e+00,6.011025976613773913e+00,-6.610662341229360806e+00,-4.041226843720414408e+00,-3.627855954856671783e+00,2.056002472996190544e+00,-1.901344927175541377e+00,5.158167176752751631e-02,-3.489813919681946430e+00,-2.982947894093243235e+00
1.033245164395838955e+01,1.385059488264332783e+00,-1.971011435507973752e+00,-1.527881826881200000e+00,-1.062723246234481111e+00,7.119993307816461225e+00,2.287745534305565709e+00,1.106336188218520356e+01,1.225137233193714259e+01,5.692540022487966311e+00,-2.407215549132513566e+00,4.155223308216484668e+00,0.000000000000000000e+00,-9.431344236206928855e+00,-7.797391271719043893e+00,2.521053423917858360e+00,1.517155412558592431e+00,-2.069540937457878371e+00,-4.249272860349180725e+00,-3.865616456469782136e+00,2.196340134037980452e+00,-7.123389262295032331e+00,-3.178758027235206729e+00,-8.366391197189601669e+00,-2.312187362386712922e-02,8.324494658276501147e-01,3.373424489702387508e+00,1.239106558804156322e+00,1.475831989709406322e+00,3.921153514433300291e+00,3.987440107433869674e+00,-3.381930836381994432e+00,-4.407324964522211452e+00,-8.721959738320085975e+00,-7.032117011578438159e+00,-1.000844059730698454e+01,-1.580032976434669667e+00,-9.908566353220852108e+00,-8.943855481353844006e-01,-5.646843172924419230e-02,-4.708277693472100900e+00,-6.524167197245589911e+00,-4.043288606980446787e+00,7.588809051809735085e-01,1.738136936420735523e+00,8.789083301141788596e+00,3.538784443200331697e+00,9.528602197294128162e-01,-2.264144486283695135e-02,-6.398378876579946528e+00,-1.920869998168300841e+00,1.123915011201717329e+00,-2.940145168061096381e+00,-4.041965833100005234e+00,-5.794093689182817641e+00,-9.698051877204763471e+00,-2.917778544822578368e+00,-3.659296000722496611e+00,1.616322420259307391e+00,-6.624532784318099665e+00,-3.920879260239573227e+00,-3.140547492021482423e+00,-2.907959197743162694e+00,5.912147853230306893e+00,3.672790257436191474e+00,4.096510824800009054e+00,-1.234516273218722482e+01,6.260346500677455017e-01,-2.509525679624208028e+00,-1.457516026418549870e+01,-4.476990823327748004e+00,-4.955050930498682504e+00,7.237936400343963905e-01,-3.840748575482915594e+00,-4.324567992251634685e+00,-3.369250087101275160e+00,1.887351905175197186e-01,6.709347817531082780e-01,-8.158373238677196326e+00,-3.031218140640785208e+00,-1.517762582088302725e+00,-9.626031411502799173e+00,2.378486828376296103e+00,-7.191897402498835135e+00,-4.543131592128740515e+00,-8.652000803867160528e+00,1.460252712076105963e+00,-2.308627684964123628e+00,-5.611551104659678657e+00,-5.994176399956396395e+00,-4.264487310535949760e+00,-2.912075096002095353e+00,-4.155367703491990028e+00,1.034283157990178337e+00,-3.279091794455711195e+00,6.281379154532898745e+00,1.788265755807671997e+00,-2.409323171666009955e+00,-4.385836643760669951e+00,-3.039921818908554840e+00
5.045343026541755371e+00,-1.408521833422067049e+00,-3.866629927391228794e+00,-4.693780660890453760e+00,-4.569634046945802552e+00,-5.269380956051147535e+00,-2.444415042169838070e+00,-3.590666535494893452e+00,2.274638169754275019e+00,-8.980386562863182931e+00,-4.137775270466608646e+00,-5.337650858473891979e+00,-9.431344236206928855e+00,0.000000000000000000e+00,4.779606963172237322e+00,8.278344382945844515e+00,2.290239285787285084e+00,2.609221367212808840e+00,4.285350456942400577e+00,2.849349761315859819e+00,4.972983478249104472e+00,-8.619519925296844631e-01,4.640493694051937901e+00,2.784643121925413300e+00,9.583813297712731938e+00,6.319240984093266178e+00,2.597683724579497255e+00,6.988221735224491304e+00,2.392943829608038975e+00,1.312660056534094721e+01,7.108805126564611498e+00,1.158656725356207451e+00,-1.879532559897686694e-01,-1.275503252749464744e+00,1.166311487516451528e+00,2.558951835550644649e+00,-2.118220334925366988e+00,1.798807347327549655e+00,1.170193050451278793e+01,1.188317814204532041e+01,2.760174746502873089e-01,4.074165043908412720e+00,2.087983317499274349e+00,8.800010798589276817e+00,8.568791502195304943e+00,1.093747607929222276e+01,9.692220837956893931e+00,5.486485440185560947e+00,8.035478918925710090e+00,-4.996271998400962921e+00,-5.962274659697564871e+00,6.515384570418675914e+00,9.455559735285323342e+00,3.232327637168158407e+00,-5.060325329589089316e-01,-1.512120244386942591e+00,1.171014461209847823e+01,3.546264689794683012e+00,1.023250585938418666e+01,-2.130147765720801778e-01,4.185023504309805631e+00,3.518268348084610420e+00,6.010876187383859204e+00,8.499605169757476375e+00,6.100857108026358055e+00,9.160045728913118523e+00,1.475915517970659563e+00,-6.611440983071156241e-01,5.097076603396011762e+00,-1.107525617556174513e+00,9.392351748571312609e-01,6.856653795918959959e-02,5.617827457614342102e+00,-1.497888685499328743e+00,1.557133707174276793e+00,9.309489276871968144e+00,-4.490586123095673621e+00,8.259273405051239081e+00,8.261654940752313436e+00,9.515988885337970382e-01,7.792265545363461499e+00,4.281505264096728602e+00,6.238982832862303596e+00,4.478139037869316219e+00,4.955551361192010340e+00,-1.996380298203373593e+00,-1.216147144541398939e+00,2.395121814432171981e+00,9.547605760380198925e-01,-4.276949775207083526e+00,7.291506711594038848e+00,6.561332653678209503e+00,1.855874468933932819e+00,7.791099087025477488e+00,6.197110633674122404e+00,1.357729667827132403e+01,4.919782175795678114e+00,6.196552712184330014e-01,-4.421418702920631993e-01,-1.135153413208915607e+00
6.435993885350606902e+00,5.639894670094578455e-01,-2.026461921209315786e+00,-8.525452187936242154e+00,-8.426906834616184838e+00,-1.064289177648613416e+00,3.740595290444934662e-01,-2.482233454613854917e+00,4.322932804680573504e+00,3.292135566870162400e-01,3.728042460812614145e+00,-8.830252168528684109e+00,-7.797391271719043893e+00,4.779606963172237322e+00,0.000000000000000000e+00,8.622938537456064090e-01,7.609300898854646888e+00,-2.867337366301002000e+00,1.799294605986046625e+00,9.840829854458042758e-02,3.684454539685650398e-01,7.016057040924756905e+00,2.707511411860843875e+00,-6.694253870830381148e-01,8.561256785086735377e+00,7.390833599256930952e+00,2.255408140032880981e-01,4.866205664199633185e-01,5.337967969067460849e+00,9.476260925534125690e+00,2.276026555859964162e+00,5.527949355634110162e+00,-3.165530786357306225e-01,8.071233445292900655e+00,1.980230770273366581e+00,3.304786359477464242e+00,2.739235378578128710e+00,-4.048226688635152115e+00,1.385722404215554704e+01,4.724651341996757736e+00,-6.285517460933014000e+00,-3.873704910777351351e+00,-5.380580222263400714e+00,1.747461653528987080e+00,7.772122242210794951e+00,-1.905214769683657439e-01,2.002033689280740436e+00,2.176941953203280100e+00,-2.196984822819245675e+00,-4.563471349435357233e-02,-5.480865603582129042e-01,6.398622115175395919e+00,4.335287145007391985e+00,1.096053854048987652e+01,-2.269954896364498598e-01,-3.524886190259681307e+00,3.557666096296821401e+00,-1.317519006220791322e+00,-4.948438717791414199e+00,-3.923387896782373652e+00,7.541044411960180494e-01,2.062323087794428300e+00,1.941753615199513616e+00,3.302523425067267482e-01,6.701508311919767813e+00,-2.247672758371157264e-01,7.935380649195197256e-01,4.238138852030834514e+00,-1.257835779267223231e+00,-6.025459674862330139e-01,-5.793724483267602032e+00,1.000151388199650437e+00,8.270244103686172465e+00,-1.638056227426720968e+00,-2.914611386578138674e+00,2.507403023513572915e+00,1.025494279237355366e+00,7.312660237137438735e+00,5.930253501776694414e+00,2.184384844540283588e+00,6.306788797035856042e+00,5.406523569967450982e+00,-4.177129089602159007e-01,6.160207676007378730e+00,4.529713276675058076e+00,2.169829287691466657e+00,1.005300413737862542e+01,4.441075299793840969e+00,-1.396147320919589374e+00,1.750792184814017549e+00,-2.392330438435104956e+00,-2.248924718265367939e-01,-6.474548628914528203e-01,3.573143466470261598e-01,6.193700010495372110e-01,4.939306452545170423e+00,3.473126936934603504e-01,2.807025384679635582e+00,-4.524090203704004831e-01,4.959606047599899981e+00
