0,1,2,3,4,5,6,7,8,9,10,11,12,13,14,15,16,17,18,19,20,21,22,23,24,25,26,27,28,29,30,31,32,33,34,35,36,37,38,39,40,41,42,43,44,45,46,47,48,49,50,51,52,53,54,55,56,57,58,59,60,61,62,63,64,65,66,67,68,69,70,71,72,73,74,75,76,77,78,79,80,81,82,83,84,85,86,87,88,89,90,91,92,93,94,95,96,97,98,99
0.0,-6.098712083440558,-3.105881251066009,0.6026155364290822,3.2626914551046413,-2.430676791597016,0.1191459537846528,-3.3720381749766872,-5.365005205185123,-7.130061718844844,-4.751378137331812,-9.449017939456931,-7.583765351881975,5.387449210528432,-8.681150801035502,1.4971496085704683,-0.7503766693038755,-9.410731137621955,0.5151477805093131,-0.7491942921601787,-0.226381687458672,-1.8625642725005784,-6.388010222184887,-3.4638470829703905,-3.928868078954968,-5.493829083603341,-9.757387545669118,1.7373401787558715,-10.200768099400499,-6.071991403699707,-3.969305440539339,6.527659640120446,3.3120270720180325,-0.4673931575638378,-1.134584107188816,-5.136635220011153,-0.31400724329593727,-1.2068703478618434,-6.013645135122564,0.8041849866037561,0.582794519689255,-9.058646747404042,-5.874794353400379,-10.825243524206053,-1.8818742471490064,-7.823364941536447,0.4430192742820092,-1.1311188478937255,-2.0234721594926106,3.1101667489445584,-4.215664691082507,-4.3276502133515375,0.8075306134514297,-5.90055092055756,-6.367069192938764,-0.5233386798743409,2.9749105748876934,-7.897708454348589,-2.761069517553613,1.1963430971125109,-8.389733408477458,-4.260563156394615,-4.2056262935594475,0.8584958888687177,4.512855033916208,-12.927680437963438,-3.380565630999239,-1.7811815266418167,1.0668465782199237,-10.44795409489656,-4.828143869297689,5.1795411709392765,-5.051841594493685,-10.87660789549682,-1.9466752045959512,-3.2981504009427436,-5.901059702767825,-10.862036996874949,-10.495853434517407,2.7548500996016494,-3.3835776038467484,-0.27356058000790967,2.786781390485925,2.391809529482966,-4.768599152856915,2.143522706081204,-4.701897389207408,-2.4586241671927302,1.5040294926225133,-3.3017716876850924,-2.294518620215571,0.9281384606903774,-0.04015555407454392,-7.803986639979974,-7.441627178809026,-3.709126692704196,-11.500537858729597,-2.6231961075684294,2.373019064940399,2.1394371958240193
-6.098712083440558,0.0,1.64237606744023,-3.6774739865059,-1.140273493902465,-2.6203184988779333,-6.293595714359651,1.2393101987975077,-0.7253121413837722,4.861091990769194,5.171879455534403,-0.7734196385475945,0.12504408988755195,-4.70851994025002,-5.344114123516284,-0.39530963185560314,1.049653990469129,-2.9874050053147507,3.848643998044997,-4.720184213238687,-8.571164252877324,-4.673062737751488,-3.1369490296204487,6.411474463981609,-3.595620374221925,3.871200868661024,-5.706784848442881,-5.689928093289373,-3.71510582003312,4.412066297080301,-5.43909412939889,5.568955974110076,6.348651797933614,-2.8199074990977806,1.7204024758905543,-6.992364406634721,5.005110449620396,-0.26356486513015287,-5.751590524125261,0.3712941895880544,-2.713690984341809,-3.6952852643786698,-2.8979027094637995,-0.12936578928198625,-4.434291885784156,-1.1929082231668968,2.3200564524856446,0.06472225212767252,-4.512627118358269,3.563283912731446,-5.822191367890796,2.6851871450693183,-1.6862339049736819,-3.835060560381784,1.7394403419418598,-4.286825271623319,2.875854848012147,-6.3271756717520455,-4.496255515412771,-0.47673196355305014,0.7363794154192538,3.730932940136418,-2.3096920919119728,-4.227773083895617,0.5447234509728824,-11.14211444065966,-1.181715281662984,0.46226650613159087,-3.9494411734875614,-6.460175879821684,-6.2361275506319975,-1.3944236864796027,-2.529899397279362,-5.384645523030864,2.7520986491605863,2.7088479176504046,-2.9286416711746943,-3.3030280398648473,-5.515579488481988,3.849685161522383,-9.243448801783,-6.724237853556556,1.1948966817924822,-4.852528312028006,-7.035231074137425,-0.07429847127155936,-0.4132742547190862,-11.032969663995788,-4.867052266975633,1.1846616158366163,-11.115496387210339,0.6389290749340897,-6.8616709374899365,-0.6115491375205677,-5.0644639914893075,-0.47430717771890446,-2.556398312730488,0.5774239912831169,-3.704991370079916,-0.8520815593091139
-3.105881251066009,1.64237606744023,0.0,1.4031915427650756,5.364386155851575,-0.3129582806249453,-5.844849451674594,3.774947619356344,-2.766158745160776,0.8598262829792607,5.568888818924449,-0.7328560551833717,-1.9234745614781177,-6.684309114431996,-7.599992673701783,-1.1055425131364531,0.12743458737880045,-5.583121070335282,-5.9557020816243424,-5.242895452731828,-6.752162237040282,-2.5324881883683683,-4.459530465850366,5.692858817958588,-1.8651441394264403,1.3856092884951263,3.482848987798758,6.469080180279568,-8.206423972034163,6.797599706772757,4.89459087329663,7.877012092653395,4.48859440314399,-0.09579670925169693,6.788594491410386,0.2871043483997844,1.7162769954400443,8.357189225593187,-6.5480269225431,-5.536903319263574,-3.1491356604672767,2.25942962045805,6.487094280023315,1.288468342696337,1.1302008286621756,2.425130849039518,9.90672287924347,1.102232242925622,-3.210820614275112,3.965443661579207,-3.3343231847798585,-0.9476105691859018,-1.5881274282235047,2.4115893245942503,0.6998464161273252,-1.482866775185563,9.298989541502115,1.5598523431583509,-3.0149301149044496,-6.828473254682216,1.6898988592167024,1.1578176194916412,-2.5478935861317,2.9112631375867744,1.6818057846523342,-12.7407922759825,8.07670789073181,0.3773519380839618,4.273995298852273,-3.6220827246949785,-3.615312332125764,-1.3325099112294818,0.5582787120322849,-6.452251820585041,-1.5858759474980924,0.9414205909865242,-8.430544623880818,-2.8350930480082948,3.3275086393029984,3.6580771583179534,2.9024593454972516,-0.8125598559749928,7.499009683505904,-3.9520609738308905,-3.0338181842996055,-1.0588364573762343,4.510222036150502,-2.287190924120068,1.9071383946057416,-0.13720080514879823,-2.726780309223469,3.619133390974607,-4.5567834220693255,-4.350956555158667,-0.49887751853808504,-0.5122150088356633,0.9321223664657817,-2.0026984145173063,2.4918340911306585,5.838235438385394
0.6026155364290822,-3.6774739865059,1.4031915427650756,0.0,-0.5230364478781995,-7.69473427231981,-3.619812202067655,0.4404470585710454,-8.217379210630476,-1.9901945281815916,3.9770586629060025,-11.901455486860792,-6.494872431249918,-2.1398738191277054,-2.2279520473150063,-5.871815065937831,-4.7245367518754895,-6.221367402804273,-5.56919179255891,3.1077816254015933,-1.0870478273017592,-7.499464822283435,0.7127948497442086,-0.4145267655615026,2.917800577682095,-2.093618474471046,-7.997446721177683,-2.7626789716732527,0.01145203845735028,3.5609606544897607,-4.576664035571865,-2.332956152985153,7.840370803008237,-0.34915456947967666,-4.5043404077069695,0.6373314904273237,9.295951777635581,-5.681615930440592,-3.9407317292484647,-8.399053030179205,6.975790786080391,-10.320842197720294,2.010829235706557,-1.8155991086069931,-12.489965821570118,-13.119881309990015,2.8705358609286904,-3.0559442517328086,2.438558411581237,-0.9144463069489372,-1.3689712085748067,-1.4723435332059502,-9.307001392573367,0.15278817318896093,2.70215419071271,-0.7337721940932238,-3.8232180988396713,-10.36367830687942,-4.742041244692698,-9.902290234816647,-6.348064836328208,-3.323524431091497,1.3156459318589548,0.16958398759783017,1.7394144388851016,-13.882296877675076,0.3960618896303335,3.40081986451858,0.512154120954915,-4.268392005954449,6.407349589929962,-6.297545691310207,1.0950351635060427,-4.588276345496888,-1.5175792926936122,-5.788947309214892,4.94815331146302,-5.9693379466239085,-2.82341525687267,0.6883199044231432,-6.4227196292903805,4.944081106167216,1.9418417230726768,-1.0830782306114783,4.164495924616704,-3.215408362788297,10.907526404672543,-5.086974394159482,7.192801638940634,1.6473380675754634,-5.314077553853222,2.534741361387192,3.6097813793195295,5.261646271503046,-6.483215951127815,4.478182172458268,-5.115240068858952,5.724209124878657,9.648251092156116,-0.3484418665954045
3.2626914551046413,-1.140273493902465,5.364386155851575,-0.5230364478781995,0.0,-7.038325165820775,-5.418863646976119,0.06625504767551926,-3.4934830039460287,-3.697849191055679,9.716539668635194,-7.766270023501954,3.7114122635782576,1.4226461956913976,3.8093525460185633,-7.257592804569587,-6.685615698625253,-5.619860540343928,-2.494143125400755,-4.978075338317144,1.7954633500621635,-4.705407885031731,-2.567328520065013,-1.1391565259666168,0.18510838026187723,-5.1507786766009,-7.363698710516899,-6.729385647978018,-2.762614980381033,-0.7198982569554748,4.23783835743253,-2.735193469706531,1.308323333985464,-9.099215728697654,-7.455586461977174,-6.030792239925652,0.3585765151241526,-1.6577393780098009,-5.105254350872368,-7.500434558360001,-2.8811014913025974,-5.675389849860481,-5.219278967191435,5.190387211018648,-4.562738702654627,-6.873976237683656,-6.76073709070778,-4.3799982267573405,-5.904744300380142,2.819450787367741,-7.150094646510301,-6.8333933342058,-11.703134717747096,2.157102850259504,1.2092542696401118,-3.3898323334088296,-3.6212794622542352,-6.6223442601991485,-2.560759242730043,-6.025158225302831,-5.9615423579638955,0.9575703229784676,4.786125396235735,1.4665218829467244,-3.4606324457169326,-5.574534286145738,0.9465151303512416,-3.422057118295061,-11.579660205422048,-7.076286130841227,1.6397154104083582,0.4336843463570496,-1.0654054426364699,-3.254657473596099,-3.9960673016488166,-10.012684701232322,-8.179377281271648,-4.846542207031371,4.037426179684572,-7.320260667817639,-6.4934256623025295,-4.5473458360185885,8.51122414350544,-3.7942618515319246,-4.735116684539056,0.7853494332668042,5.313909947023603,-6.857105231857826,-5.042293919883991,5.579116143468215,-4.931857733015041,-2.651399137506409,1.5425462645255203,-3.639705721592712,-0.7192703647638912,1.7374606728037842,-2.367570917804276,0.32502079066479206,1.1933509933062685,6.390534537756944
-2.430676791597016,-2.6203184988779333,-0.3129582806249453,-7.69473427231981,-7.038325165820775,0.0,-1.7656736498099543,3.2903149457968968,-4.623177563142633,3.262805389388179,9.584585472641598,1.748068422081972,0.5235336230645555,-4.094758950374644,-2.191164492974373,7.274950968094825,1.941343807190738,2.1305254623691283,0.3742014882719288,-1.0915446845124632,-3.52851610403897,-0.27744433423082204,-0.6656669093742078,2.8617591637379247,-6.99083179032209,3.304867919843982,1.0890335108129383,6.0360132113331,-9.744797150474536,3.5807334321066255,1.2206812045190443,14.92640791009168,5.289020876334036,5.863496207632712,6.101741357856934,8.870304622321969,2.3289790963196983,10.675430086811694,-4.223897008353729,-2.034772394917027,-1.9677949314914729,3.573343104827188,2.2705132432921125,-3.81745917534473,-3.2948705654111903,7.000459173319077,7.151337255350692,2.2416767052358866,-3.2291134253401874,0.9392028431410456,0.3980333270357009,1.6076572934417692,4.789511686102665,7.834235882904635,5.878069182312653,-1.7086008060895923,13.022699147191902,2.1987624767908227,-1.8830362063014463,-3.4242148429951063,-1.0081346090836376,-4.742238854581503,-1.0165060035143516,-2.019981410171793,4.194369542210214,-3.551472488443869,9.169450012654265,2.837826011401291,12.297472043323308,6.3390060535041,6.198365753649517,-8.163678727087706,3.4049171137363983,-7.536526313697443,-1.1240925366420111,-6.734522724223164,-6.856332427709793,2.1619758792055808,0.7647346507784535,10.250736394621995,3.9759418236518846,1.7877240646324952,9.880966439212115,7.88573366050081,4.801268889344509,-0.8015995371815544,-2.4771760109035257,2.7033846331894167,-0.31531320074551494,3.723320924304921,4.045440794386679,7.380237988867042,-0.2380425171981028,-8.199799012811708,0.05602470793068373,-2.298003409762187,-3.4333274884943425,-1.3554814060173048,-2.798078784778599,0.20050042387816452
0.1191459537846528,-6.293595714359651,-5.844849451674594,-3.619812202067655,-5.418863646976119,-1.7656736498099543,0.0,-0.2530349419990379,1.4019319309469722,5.651425187168533,12.297529518024632,-2.886504479400013,-1.5161066866556043,4.781090257620038,-0.3432831096363768,8.969139388220288,4.66702495513675,0.22262621336753927,5.875196526472019,-5.376968015362278,1.2230293695802892,6.796289764318979,7.098754025621404,-7.206675018768518,2.945196598121732,-6.184743162704626,0.2972645166628498,-9.405279457035315,-0.5808166011900845,7.1328985908176366,1.430736849870796,6.042133951285433,-2.3567569376136164,11.420490710681705,13.883788468075435,-1.0422737645245879,3.743295023408705,2.000338478358165,-1.42378394489749,6.6429277868017165,6.894375467002185,-0.8680894025478637,0.9359730972547319,12.163415089311764,0.010602548527697184,1.7090938051138547,3.390686568215645,11.253655735943799,4.877226777372798,3.117344248375008,2.709537260636288,1.9253907675573156,3.3937823275331476,1.94262505365258,4.9081133507335775,-2.741481848226391,-4.368805778403591,-7.3222345252298355,7.231580994114735,2.0275959017969565,-1.2375271975217963,-4.891362754317701,9.824481828708109,5.429264831007672,2.3554650389452,-13.183560122035251,-1.8916897701736364,6.831670913028945,-0.35855211129328,-10.483779917821268,7.654345181554342,5.413644412151425,2.2274942754182265,-6.522997933758969,-0.7697454719647623,-2.9138428323994328,0.30269474548650255,-2.7278631358457766,8.84576556217262,2.5344632498052104,-10.678664583802531,-3.3430786225344375,7.198101104832447,3.7043795563966166,3.46905041682362,5.309307505144372,2.241374956170304,3.1214015027530886,1.3479054436602667,5.283020480411014,-12.491753935536037,1.995066878322879,-13.52593024296277,-5.911356663299785,2.8118346784829926,2.9474919978119862,4.908989220552995,3.2551542972425738,5.74226079927967,0.33696741810538616
-3.3720381749766872,1.2393101987975077,3.774947619356344,0.4404470585710454,0.06625504767551926,3.2903149457968968,-0.2530349419990379,0.0,-1.388711940473785,6.651878297469246,5.677612655138331,2.8435140628081474,-0.467888092330132,-6.055868974102203,-2.6673333096873044,4.923126214842841,2.428277203916524,-2.975831389937152,1.5067356277405604,-4.147229976255,-3.7004944603956815,-1.9501949422113256,-8.946268202356377,5.683013824221213,-0.39867158815309994,3.5697873896566454,2.132610472293542,2.293349124777494,-2.6037853756690463,3.5881740061713128,8.125397973289422,1.0935309086851557,2.6586536836234766,-3.929178968842335,-0.6183080199916785,-7.757108596703392,-7.100381897316158,-0.4248993231132673,-11.243221837461148,4.628196792609971,-4.4545258881893375,0.8335616775548035,-0.3263669508760366,1.3264685375577088,-5.211342848942349,1.3943497238844018,-3.5376702583065676,3.3552829459387903,-5.3040154961437445,1.5735432166638887,-2.8053056747016663,0.9912984550480632,-2.0459436336889145,-2.4512982007513555,-0.8033985802481349,-9.587662226443465,-9.493914341628503,-4.76083265393688,-0.2916594430987436,1.763688187606178,-5.102734374310603,-1.191656725739073,-0.3224809262815273,1.7136879836002732,4.332567884857515,-3.798915248236955,3.457760267903411,1.6966217605693357,2.050253197234916,-8.763066255880414,1.4641110951073253,-0.4530767355434553,4.189822991742992,-6.900138613389172,-2.8126436661218435,-0.6297101697128079,-1.6522164861973478,-3.979889997386472,1.4189815745445147,4.676169089515838,-11.807370464181377,-1.5191052886971774,2.7455386639938024,-1.8778234733053665,-8.872177463517076,-0.3554160636878981,-0.06212997616596683,3.890734362916916,-2.393349343664089,0.05010302189755839,-3.915885955833488,1.5452901853238004,-10.159987099514048,5.165988260874559,-3.528357987929845,-1.4539727746419713,0.08357788106807659,4.832766199192347,-2.068878178819382,1.7910851524726938
-5.365005205185123,-0.7253121413837722,-2.766158745160776,-8.217379210630476,-3.4934830039460287,-4.623177563142633,1.4019319309469722,-1.388711940473785,0.0,8.23238753043693,14.279511345026112,2.371631200465565,0.18797579725030247,4.980128306940292,7.027778071069858,5.276785734110184,4.671191062325586,0.3714485077401264,5.200683485759468,4.286176258057753,2.9705449017275813,2.642313934888729,3.6225496727351856,3.8556843294228327,0.7452445737774162,-0.1697983308315021,3.9890419546727616,5.316538142449432,-6.024256454216533,7.278469006170894,3.4471619406012235,10.684870167134306,-2.791702235766745,3.1051270426433897,7.596985653600688,2.5616052516969283,2.6655616599217953,2.624796839640781,7.002628725311387,4.387054901800806,5.42039776788069,4.844225934209967,4.604038729647176,7.173328953978612,-1.5977394460066758,6.962072831460698,2.6121392528226526,5.8801033863286,-0.49474942703122976,7.333743422432103,3.8982582823864336,0.7421878287396588,5.067522963532194,9.83188656398241,3.082459126957053,-2.861729327514125,5.474088023336302,2.1307257254382006,2.995203409820239,1.1222828251920502,3.363689268292555,-3.1385169213259294,4.778858608408931,7.101334436944778,7.28534549302495,1.66773244527465,10.405708826055916,4.40260700354121,7.876783466466828,-0.5458819022487321,7.41800233212154,1.4385227572144836,2.057727574336756,-3.922075975650876,-2.3835141818492143,1.641657328461389,-2.496698984782589,-3.2960879401245076,4.231669674075301,9.872979410240536,4.5078975600921645,5.45430176063363,10.293284216277623,8.723584534888369,5.070727861495465,5.991597462013349,4.4240866612476655,8.328312788004613,0.6945971934297921,9.668435987622061,6.257894178530986,7.5320219088840865,-1.1884128303763588,7.072293433162835,7.205949879143696,2.8597216763977835,3.1321855345544103,5.534366961792704,6.082250354514777,8.576481643448332
-7.130061718844844,4.861091990769194,0.8598262829792607,-1.9901945281815916,-3.697849191055679,3.262805389388179,5.651425187168533,6.651878297469246,8.23238753043693,0.0,3.383431350940808,-2.2827097722320526,2.3742967657698886,-2.7156498539530864,-4.54723154027953,1.4913710503735227,3.4200401880898927,-2.7077095922153447,-3.398544100580376,-1.4759189380371147,0.48394348136620735,-6.637848797665503,1.0803596256219616,-1.3746704985057387,2.312727787838537,-0.7634297408838541,-3.8511353798481065,0.3171238013790969,-3.482040152813173,3.581848702291837,-4.971893764972632,0.2922597542851876,7.839567156296942,0.6124598888928684,-2.9915803214669543,1.0473815674279434,1.563318062103972,-1.8950588101337515,-11.072232412757442,-6.297454763233897,6.353249170457523,-4.258358462607701,-4.240041965333576,-0.3618744061580147,-5.495385002779751,-7.947474025407971,-2.8818796989534605,-0.605919464030306,-1.9612369231470352,-0.011924547978447587,-5.222087352778725,-3.9288158842837464,-3.947103478356039,-0.7836950363309543,-4.9241852115283296,-4.934446010665245,5.5491111577194125,-9.935630027818851,-0.7315476528996288,0.7832201435008193,0.4037824804841132,7.376585298812967,1.608875227431135,-4.217254168915996,-1.659357858432751,-12.822182227194844,-0.9202770066686707,0.38855652946886304,-1.558323198757145,-6.803517885481428,-3.3596864855096795,1.50761659805131,-1.4518375234247358,-8.673170522605233,-1.0531619749882648,-3.813805789568805,-0.5690837140207935,-2.664747041419343,-6.6807861026727995,2.4582306011337756,2.297653935972973,-1.604380828468368,2.0112700150786944,-2.817901050909539,2.4446146633223558,6.058314984110095,0.9204177507267198,3.776712387512808,3.1226470760054634,-1.0012699456500365,-4.534656539676882,2.966539444251907,-2.7504547283421354,-4.6294296963238475,-13.977928981419042,-0.28125413339475636,-1.1365730546919073,2.48347007060652,0.795197984840732,-3.211068602646863
-4.751378137331812,5.171879455534403,5.568888818924449,3.9770586629060025,9.716539668635194,9.584585472641598,12.297529518024632,5.677612655138331,14.279511345026112,3.383431350940808,0.0,-0.07219999162693086,-3.7358184725378254,1.386121441925288,-0.5091476367177974,-1.6907226275991463,8.911698000695129,-3.7563454705962633,1.87105463173902,-6.292063891413884,-1.422404983783166,-3.9787495681086633,6.716281377373777,-8.533255846033228,-0.450106677751658,-2.556214081967185,-7.449451016875005,-5.172659193522354,-7.678280098801436,3.021080899659818,-3.846344569819548,3.9860673852726394,1.8780601148793363,-5.3395623765483,-1.9675465968598156,-10.515434999561302,5.190051849778053,-3.896689482993932,-6.164746351338659,-4.275916351468288,0.755616502314031,-5.284711845232013,-0.16100825297749935,-4.281855357167257,-5.977782519096583,-4.629234184318851,-1.502539404061171,-0.7127143949666812,-8.415455366282435,6.078614777288785,-10.994490337794156,-7.093435998547415,-4.902391431841924,1.5202337458361728,-6.1173274006768095,-14.752143079742059,-4.81069313564023,-9.96568763871184,-5.07516571934391,0.3412985462133744,-6.461404424599763,-4.983345020590141,-10.864935731852304,1.8286526769578304,-0.59729870073504,-8.142966622178756,-7.985406378466349,-3.9630309864832656,-5.628058337408368,-2.039706416443215,-8.060614089361103,0.019503089243422186,-0.009603214024499904,-2.2599316193127272,-11.475519267115992,-4.507543057477889,-4.525169831716651,-5.038526066846682,-6.461076231911504,5.822096210168963,-4.954087509924947,-6.895777331347048,3.17342834537,-2.182581370463535,-2.9718231632963183,-0.02053495900322281,-2.924407368332041,1.050622781589008,-5.63345308279684,-6.410049008703395,-4.663238541118986,0.31962916039252554,-4.849869264604392,-8.508338427097847,-10.39460442553828,-2.6464052229455537,-8.401326247960755,-1.3440293447868068,-5.296752751585001,-1.964923768834818
-9.449017939456931,-0.7734196385475945,-0.7328560551833717,-11.901455486860792,-7.766270023501954,1.748068422081972,-2.886504479400013,2.8435140628081474,2.371631200465565,-2.2827097722320526,-0.07219999162693086,0.0,1.5064354062625651,4.469954745829591,1.6856046831829563,1.576121544279938,5.036369509571488,4.739629403486103,7.175175233685072,8.605993420392478,10.307910841850484,-3.3173530526151622,3.2872048604393567,3.7699062366995735,-3.0731888209637575,5.881031965787315,-4.169599149963777,6.012005604320906,-2.8290915857724963,1.2298262405127025,-1.756472073241593,10.023770923570163,2.2965237251472175,0.756584147829191,-6.464142165608616,5.087202891585465,5.350647212524329,-2.1586994887338276,-5.6733795395277,3.8897237929240207,6.660217222610421,0.6717685375945477,1.6040706228261203,0.6673210131280727,-8.833430509514404,4.5364839847682745,-3.9827433223896342,-0.5681926925642736,5.627811853535102,8.51123847791615,0.1768071186038515,0.26186708536205633,2.497216272253881,6.523915856641976,5.276798455471022,-4.122756401270512,3.6783968717981734,-5.710930478908942,-0.03182194527770535,7.084708610101687,-1.6696278587371172,5.38882210190258,-1.0118033181191086,-0.5549339431458724,8.457677392490439,-5.208741781439732,0.9857365408773857,7.891489672010888,4.947299640191991,-1.9926691685199016,13.142406718083128,-4.151435919805673,5.966640391269595,3.375260558993531,0.5995702507288254,0.6108086973707371,1.7366720742840285,-3.5101158735396027,4.179500157132876,10.247050849374688,-7.258890605008627,-7.549689414662008,3.060662747643398,0.5736246204305229,-0.24794312209410777,-1.4597581891396956,-2.1142396725877814,3.648044011948541,5.37235361341479,1.55468685173796,-0.8884925047789749,3.4238884661737816,-5.577616942642222,8.70727502696278,-6.499283771600898,1.5206416297978005,-0.0955392025229612,5.041071708729924,-0.2163392251274748,-2.430567031969455
-7.583765351881975,0.12504408988755195,-1.9234745614781177,-6.494872431249918,3.7114122635782576,0.5235336230645555,-1.5161066866556043,-0.467888092330132,0.18797579725030247,2.3742967657698886,-3.7358184725378254,1.5064354062625651,0.0,3.4805210868705903,-2.6141092230230507,0.9299368666991928,-1.5769592444838552,-0.8160138869413278,-0.13235424269542814,11.530503541362616,-1.2115153058502437,-0.45072835278668666,-3.690105680371537,0.2538575524503148,1.5894812871859951,-2.8871160910782043,2.0461747668148,3.13468845256277,-4.495659426691392,-2.1932696784923333,-1.8456647455801811,5.782573931414387,7.988329088012692,3.0932766403010623,2.4809571869030527,5.032426594765801,5.856331858624745,2.187652721479063,-8.162315991325286,-6.488653643260625,4.03009308576574,5.58978779298444,6.05947591552632,-0.31387254994421127,-3.1062043161543995,1.96493781692407,3.2841526352980153,5.641300969103464,3.20211310453402,2.5500833299618875,0.4754896591645696,4.292173433486396,-0.9687577305833008,4.470103602900212,0.40952719048194314,0.7991679766161789,-0.7185673108336509,-5.277700776810678,-9.354103711051492,-8.052758453130668,-6.987037678025017,0.1762189280366431,-1.133275516963602,-6.34339730321613,2.048317956842728,-5.451008512745447,0.5098879066966109,-3.241885287665032,-1.6498154170338464,-0.9510767054179136,9.744152695296615,-4.907921929679556,2.316069618115965,-3.064019069178387,-5.631959469046848,2.747071920409625,-0.9579849016188403,1.408708764216952,-0.7250831544698823,4.654361466163435,-10.352836209958957,-2.229552874294244,3.114909372175639,3.5644157530967746,-1.3842841703335305,-2.996947990750418,-4.814654897966113,-11.558446070083212,4.19545581039233,-0.6818098657726224,-6.424061445539529,2.283959145709412,-6.229513423965696,5.521588344490353,0.8865126635353977,3.4490407749315204,-2.888053028021491,7.5241705125573235,-3.310151183821673,-6.921299199339937
5.387449210528432,-4.70851994025002,-6.684309114431996,-2.1398738191277054,1.4226461956913976,-4.094758950374644,4.781090257620038,-6.055868974102203,4.980128306940292,-2.7156498539530864,1.386121441925288,4.469954745829591,3.4805210868705903,0.0,-2.931607133916587,3.140053483662736,-0.47526942308887554,1.5338717655738607,-3.2099091304138305,3.5761460212857767,2.3941014906984606,-0.3193430013528983,3.8161925840441127,8.334639594124285,0.4399787867973176,0.25407324043699764,2.6804530331810343,-0.14342564729578683,-4.101333320138406,4.285774206021091,-12.77468195082926,3.369998744403694,3.52521501037749,6.214458308558769,5.668230990843356,-3.504741581352637,7.250830239935534,-1.7278848870368788,0.17104359137054648,-5.482044006325094,6.269031470195507,-5.745060561122785,5.063654101881017,6.2368632685377845,2.4686672319064167,-4.709901294424816,2.134832883155201,1.736017521226514,0.9220175322360769,1.5028376798299277,-0.4764043811182736,1.6373537428088747,6.4179990765915536,-2.0698881829748665,2.5404923077302666,-2.6950410421455264,3.0856092988092247,0.8163595493900494,-0.5517256314392123,0.4336031648561586,-5.153311267789026,4.3657011088416215,-6.819310092820109,2.58067589617824,-2.807262788575249,-5.231564275629547,-1.562903201079418,2.840077013188082,5.255575264330022,-4.173201876048863,1.9766723386543412,1.3535588868291644,0.6016744014409405,-2.5734236775377135,-0.3307440503912736,-0.6388143932745982,-1.944915526261332,-4.305899651909163,-8.387962965630432,-4.688332630097923,-3.518267760216137,-0.20435447784519908,6.637272784933045,4.515335280453824,9.906470525544925,8.552130027330945,8.679925720891081,0.6901893794366689,3.2837329882337247,5.013384159910467,-10.8983525315969,0.6288162041091646,-6.05942549119051,-2.3511532345606745,-0.3112943270792825,4.279403719849437,-2.861725685766003,0.2146542772253106,6.338255106668059,1.450373120304021
-8.681150801035502,-5.344114123516284,-7.599992673701783,-2.2279520473150063,3.8093525460185633,-2.191164492974373,-0.3432831096363768,-2.6673333096873044,7.027778071069858,-4.54723154027953,-0.5091476367177974,1.6856046831829563,-2.6141092230230507,-2.931607133916587,0.0,3.102706037388937,0.9215059862124688,-2.327629570584256,-5.141127641286691,-0.07997129222570602,-1.005274277645632,-0.7900131281970402,-0.6413975378282234,1.4991033814661707,7.3572800214344065,-4.40475555530112,-1.5398112614692474,1.909186995877324,-7.955674430084112,2.990759837897992,-4.632900361608444,2.6992520325107536,7.456257014066594,4.251812124151919,3.5391029582103255,-1.6670459487457383,4.986571580024452,0.5706855341181687,-3.4349166786679497,-2.0994284479515906,11.510225598248944,-6.611930125928252,1.2936541300648918,2.002048638048054,-3.649357949490304,-0.364207674255021,-1.1611219855271924,-8.113817131960932,8.485923949814946,-4.31557441998793,-0.22773345377540513,0.582867531360034,6.20706927832104,3.8501585928037154,-1.0553901278092892,2.2279083264269497,3.953590350916997,-7.1832098315405615,-1.4160639337556256,-3.5771494585590515,-7.828990673618894,0.9983785922387908,7.74179825791088,4.8911086604968,-0.0863379332660642,-4.190006617213983,0.8435301899480417,-2.057677478028436,-4.934451489655483,-11.488862882442444,1.876404394918272,-4.572770834713406,2.2214843547736938,-2.0346282724003206,-9.644432522324657,-7.20622383465706,-7.486919490591427,-2.7142171595818096,-3.905173508998303,-0.5342651795629557,-9.192867314717985,8.490561777493456,2.3966787409300543,6.651100455248882,12.107230323382588,-0.7332553844558907,5.650047729782571,5.232167590969937,2.0260015301625223,6.0127338126254,-4.516087673194773,3.7434523552058914,-5.640309928396901,2.047412306950032,-1.2177535558181198,0.3371329076319468,1.0266723521344723,7.73164703502247,13.778350556373907,3.1928382943973914
1.4971496085704683,-0.39530963185560314,-1.1055425131364531,-5.871815065937831,-7.257592804569587,7.274950968094825,8.969139388220288,4.923126214842841,5.276785734110184,1.4913710503735227,-1.6907226275991463,1.576121544279938,0.9299368666991928,3.140053483662736,3.102706037388937,0.0,1.5044011080278819,-4.638565998316255,-2.582074533649328,0.7880294541273732,1.7948578879203276,-0.6059818130949379,-1.9313476693875409,-10.773948781263565,-2.9207584788267,-1.7963071716223582,0.23019516565730597,-2.672089840146992,-5.146247471424182,-4.366413173751552,-0.25638184563963934,-3.5175983747711768,-0.16026640482458643,-1.70093453537708,4.972681228701935,1.57388959918538,9.173844153750716,-5.681111791260663,-7.162699766914767,-1.8350756936382833,10.266275643763619,-1.1680182940813415,-6.240540498232843,-0.478917307240144,2.838321796076979,-7.161081285452712,0.903399711503153,0.4781037107132641,1.3183087455934723,3.223318837624056,-6.118328810618029,-1.3254873558210387,-6.718205788493886,4.916444275839281,-7.079081480171126,-8.497585288203473,-4.022861505574023,-12.054566680413728,0.6808429560066206,3.811193487627501,-2.1510067569358715,-0.7005515699280033,3.620969289448272,10.055504697418591,5.6692950982375825,-14.519150101553183,-9.913130044609604,4.017185006466794,-3.1436693636674526,-10.2004678406936,1.6516730320020483,-2.603959725010508,-1.6537870104591308,-5.248055042944779,0.3851246018736736,-0.5312043066022984,2.3368326296213,-10.396441602218491,2.6435714390972893,2.560648348297392,-8.738928136600212,0.7105598791543107,10.58351998312962,-0.2259338805770704,1.5835587457527704,2.7568272459295207,2.6190052945205897,5.681633370021498,-5.650710447485747,-0.9835821006787446,-5.1633438716763695,6.355806295555823,-3.0498089670192363,-5.625900983027331,-5.76610829679922,-1.8965480383993856,0.9307919805642471,-0.45015504817769897,-0.15932987141819463,-1.508910085719413
-0.7503766693038755,1.049653990469129,0.12743458737880045,-4.7245367518754895,-6.685615698625253,1.941343807190738,4.66702495513675,2.428277203916524,4.671191062325586,3.4200401880898927,8.911698000695129,5.036369509571488,-1.5769592444838552,-0.47526942308887554,0.9215059862124688,1.5044011080278819,0.0,-0.563851220556286,-1.3457321838112464,9.561985415486138,6.592445945728691,-3.9163666778946866,0.8431343403558701,3.6296360938356305,-0.7755180764596886,4.655515506463676,3.0170046636123535,1.000849871972387,1.16354427256502,3.666058783973772,-2.9729249095797208,-4.792426602723108,-0.9915608964124861,4.638577617771597,4.695793984052633,-1.4998642496809524,4.575410668550906,-4.687673319348735,-6.766236536467272,-3.0812965779766146,4.936499695798317,-4.49374905679708,0.1055897637929843,5.788232253711304,-4.665245916723247,-7.312708972414035,0.5159199696670892,0.03310679542337994,2.177079534930987,1.2314730949126125,-1.3870442030419474,-0.29519206746506577,6.769513161998669,1.1281423019898489,1.160360071060774,-1.749851378162052,-2.1537953066570448,-7.728206354340827,-8.651448592193221,-4.2337469270369805,-7.267156001020044,6.929644899181121,-2.822122524238351,-3.8413618680662815,-0.8587470943993043,-8.858362734857733,4.181089389679308,-1.738384387562644,8.266766551595797,-6.658050389750043,6.084978697760868,6.759096447339345,-4.299443789174132,-3.197048167187329,-0.6195597190725192,-6.568771783225598,-3.3221566277831567,-3.5621756225848755,-1.6461478294047163,-2.6984615965752377,-10.473247368015548,-2.572798760410113,5.88393107059983,15.69712886653726,3.650497328000785,2.378061243417702,2.3626573063160192,1.206735820270143,-2.0812497921648,-1.7987146808185284,-4.904693918935617,7.262933629542416,-3.773669992534369,-5.341620479204252,-5.98993782371309,4.420187173675515,1.3208368643541326,2.721330395872463,8.040162531558797,-2.914548922247364
-9.410731137621955,-2.9874050053147507,-5.583121070335282,-6.221367402804273,-5.619860540343928,2.1305254623691283,0.22262621336753927,-2.975831389937152,0.3714485077401264,-2.7077095922153447,-3.7563454705962633,4.739629403486103,-0.8160138869413278,1.5338717655738607,-2.327629570584256,-4.638565998316255,-0.563851220556286,0.0,-3.115589607855284,2.4466489335724235,1.4192386808994553,0.5838917210386395,1.984448453106625,0.917487894892092,0.967983215726915,14.37770485110698,1.1601266332332285,-1.4750234071114618,8.08354911934353,7.626191048523467,0.016827452677351584,-7.658571391852304,6.124962388701864,2.11708050746254,10.247987134536483,0.7748625491552886,4.160270526417715,-0.0507996055610364,-7.243816230881146,0.8697639229450318,8.629706369194642,-1.560188719128306,2.068333867493255,4.960048212775483,-4.513543590619386,-2.872618592319802,2.578035925115791,-0.8427870884171738,0.7736041669905789,2.2113148079132983,3.2784184094353814,6.578336678182064,3.020903356596084,8.922545203641372,0.24178474661193003,-2.6563493362188395,5.005319437852372,-6.516024817344506,5.452021577508017,0.0435933861740929,2.023612015296915,2.0243719786462586,-3.6189048773299657,-1.5650625420215631,0.13319097027926763,-4.781564568819921,-4.4072993778168685,3.1042701575915843,7.606649918118608,-6.627441104482382,2.7202961296943298,0.6857759073562862,3.2113958123573267,-10.432998842288498,-1.9558912385659624,1.2620001362765527,1.766096030111998,0.12587713322298366,3.566790032345175,-0.21349475239676008,-2.149593303945831,2.625051952798892,5.523603453275677,7.058537571232015,7.460143469722798,4.957132040212261,-3.1442508704140835,4.095489383523256,-0.1758370771767936,2.0061617222343022,-6.4347161740188925,8.377381627223217,0.8293774348033256,-10.50789412337706,0.3020569912639268,6.540130862243577,0.9484822985525235,5.8764240169067135,6.165987327279184,1.9585100310188943
0.5151477805093131,3.848643998044997,-5.9557020816243424,-5.56919179255891,-2.494143125400755,0.3742014882719288,5.875196526472019,1.5067356277405604,5.200683485759468,-3.398544100580376,1.87105463173902,7.175175233685072,-0.13235424269542814,-3.2099091304138305,-5.141127641286691,-2.582074533649328,-1.3457321838112464,-3.115589607855284,0.0,3.864833066283688,0.9625082106648732,-0.2817413574983443,3.0525908640090647,5.180081115084755,1.8962680073841205,4.795984489374004,0.9368676517616723,-4.4738990394356835,4.936597200450705,1.6838782390712328,-9.310932474262202,0.8076767500665507,1.5218843422429569,3.537444044978183,6.950494335950342,-0.4155417581862564,14.968244914518207,-12.241709368359327,-3.1356009942867926,-0.49233171259693753,8.080454172943638,-5.548448379354514,3.298331428182019,5.2091328526055936,-3.683648038901412,-9.289965775685886,7.764584720309953,1.6468452286159962,0.2878148214832818,5.219797098841444,0.947704583313488,2.75875609744589,3.3554072012791605,2.642813966783,3.5582987819565512,-0.45320626877318165,3.9551315327399177,-2.962666284876585,-2.137089906067028,2.10889021626211,-5.258753272892588,0.8625541488273089,-0.4691305462259776,3.5655223611406868,-4.0534022132069225,-7.270575091156971,0.5808762794732849,0.9174955876337858,10.556361817703843,1.6833469888376846,4.900124728386484,4.535559984167668,-5.312129864149249,-6.007817894393424,3.060248643497452,-5.610962814594154,1.5496829550747295,-7.7881291202994545,-6.621792879829821,3.0375237747461195,-8.49072193901901,-6.359715241265905,5.929815993392191,8.513456114438652,5.7221191902235695,7.749291411434888,9.999694022329049,2.879451251871312,-1.2780483832576035,-7.789488085162851,-6.828705485518688,-4.4574964281945295,-4.844895362497485,-4.304337597082904,-2.293648216053748,3.3325679447795453,1.1727528732977803,1.0385828001304007,3.5135104070021907,7.278483125571797
-0.7491942921601787,-4.720184213238687,-5.242895452731828,3.1077816254015933,-4.978075338317144,-1.0915446845124632,-5.376968015362278,-4.147229976255,4.286176258057753,-1.4759189380371147,-6.292063891413884,8.605993420392478,11.530503541362616,3.5761460212857767,-0.07997129222570602,0.7880294541273732,9.561985415486138,2.4466489335724235,3.864833066283688,0.0,2.6392677734755488,0.6205323579152231,-1.4815190622569652,-4.368167547872618,-14.836829440327556,-4.7619760633787696,-14.519491608681268,0.32616405342908045,-10.417658008804104,-2.983780832277588,-3.6144392634814624,3.2210668368697815,-13.11952801023995,-6.8415908241994075,-1.1710929292137071,0.014617037568000637,-4.459973254460257,5.570300713704036,-4.6180903593693845,-8.203349127241095,-4.5916439217935086,-0.4684287739358564,-6.754316921536895,-2.412759662458777,-4.584363128054441,-7.3874243138056785,2.8004263882305342,2.8151104027215306,-6.618053347521219,-9.001525281906181,-8.650508495067582,-1.6698318838724366,0.043901277657658416,-7.255188201086717,1.1457757349118882,-0.1361359304928413,-2.246398791385445,-0.5714777266299936,-4.610233501999329,-6.934322287004636,-10.370194437060379,-6.6141327224290185,-8.491791984019203,-9.558294327016652,-0.1562279598644223,-4.51402147025371,-1.8428198349568363,-6.140703839079062,-7.240167167813594,-2.6750785893792965,5.850747230764563,-2.3470794596297564,0.054723134985691445,-10.334716643267884,-4.281309538692651,-8.481940020629583,-6.256247680097336,-7.223390975103945,-12.547948889368707,-7.015219601441137,-4.739255816386788,-4.610837959946439,1.3896859222253914,0.4678951173766712,-0.445388494626527,-2.7520817736677805,-3.67381220770336,-3.7463069024888136,4.419551569922817,1.8562743588906343,-5.29487503744532,-2.142460163961227,-7.144797971771596,-2.431805416425754,-4.697577388753821,-6.4549514335307725,-7.825599827355789,-6.44161601554025,-1.0513725158960872,-5.911893009412728
-0.226381687458672,-8.571164252877324,-6.752162237040282,-1.0870478273017592,1.7954633500621635,-3.52851610403897,1.2230293695802892,-3.7004944603956815,2.9705449017275813,0.48394348136620735,-1.422404983783166,10.307910841850484,-1.2115153058502437,2.3941014906984606,-1.005274277645632,1.7948578879203276,6.592445945728691,1.4192386808994553,0.9625082106648732,2.6392677734755488,0.0,-4.632599429009112,0.009715144236234097,6.282181483538344,1.3617989446472747,-1.5592547765109217,-7.897554064105379,-9.808303935307976,-7.477092337559792,-3.491666900384171,-8.834527469871107,2.5242910721816716,8.642625916016078,2.0710220504988515,2.21675466384806,-1.896659599995257,7.459107108841526,-2.0784724774324967,3.4020767804094456,5.4963905566024,8.938656886081787,-3.138828409435519,5.352437888170561,0.8418098796030221,-8.918414514072634,-2.004226855976328,-3.273572631568251,-2.676997776511543,-1.0591233398842157,0.9859163022051448,5.031078265435742,4.050753919424247,10.024128107210572,0.9407754357028448,6.591146418071005,-1.301855310953224,-1.0544073618392105,-3.0747868267770078,-2.3161077154178145,-0.9489711863151482,-8.192199562879818,-8.493492074085047,4.897279275829169,-5.961598166919734,-6.603377039896063,-8.910794973389022,0.8092701462389553,1.3945295031621543,7.7147557050198445,-2.8108167597625364,6.092815681552483,-10.630618781116763,-1.5017314523311331,-3.772331352551524,1.8237508385234196,-8.173962826186886,-0.13139179727665967,-6.3474916604362335,-9.403905729389372,1.9350856229364932,-5.864070510419396,-2.813593247717812,7.356366604718339,7.571092815383171,3.5094991491549887,-4.080593863277758,11.015433661525291,-1.3236026782059862,2.4929822803474875,-0.2635635913954817,-7.055136117142196,1.5804908806918696,-1.8398944236198889,2.339273335869801,6.8165443996744175,-4.643944083948849,0.6975803043536883,3.662396502684736,1.735080184704542,5.278666692626228
