0.000000000000000000e+00,-6.170615060534844432e+00,-1.698684222885204487e-01,-3.515439710337743939e+00,-7.546428479713385151e-02,7.538333093398666307e+00,-1.093038834671900439e+01,-4.107345715950162734e+00,2.295203211028137846e-01,-2.780719412604675256e+00,2.725800372452996445e+00,-4.844836902663568479e-01,1.981728004226755768e+00,-2.012186358279077769e+00,6.120246236959861363e+00,6.516858342414814098e-01,-2.439309397761304510e+00,-1.092733814942006720e+00,2.780400355733107620e+00,-6.873513183814649041e-01,8.035615797825901990e-03,4.096061757020290628e+00,-3.983914090656645701e+00,-2.231434485986252270e+00,-4.009088210722872248e+00,5.790026791059507794e+00,-7.063056261655332513e+00,2.486930260958477135e+00,-4.533095235138257517e-01,5.829696984669779702e+00,-2.086870950338948649e+00,5.454058394668982679e+00,3.412756127808706630e+00,1.713743171565058621e-01,1.046420432677612844e+01,-1.742924103869968322e-01,3.099670210652889946e+00,-3.648535841302686045e+00,1.727627669365254526e-01,-1.677465590305142085e+00,7.121205037005724492e+00,-1.895088703109202077e+00,-1.828817534449551419e+00,6.444317268695621159e+00,-2.730922683852030630e+00,-2.740932631019386445e+00,5.754905637655891582e+00,2.188256794806678229e+00,1.842311823168954130e-03,-3.514556653902710881e+00,4.052443602453029925e+00,1.097059792463335848e+00,1.201558098892662185e+00,-6.238550360211148949e+00,2.526225594809302422e+00,4.917266545045688719e-01,-3.036835108932651739e+00,-2.517456775841038219e+00,4.414150175181727143e+00,-9.574195462368455978e+00,-2.812988706132493189e+00,1.711557631399366786e+00,5.578850136484405198e+00,6.818405858763468608e+00,6.522740516092960128e+00,4.398713276346962076e+00,-5.071001196119857557e-01,2.197419540147739880e+00,-2.307564049512780269e+00,6.240760206546063671e+00,-6.991832172171079662e+00,5.041565251243651069e+00,2.656370650020959623e+00,-8.371940733047745553e+00,-2.316638293416844352e+00,5.833294398538446668e-01,-1.610664338448140942e+00,1.541698619523481417e+00,-1.962952961390680873e+00,-2.211163065839749198e+00,-3.313067086204587675e+00,9.003257811564282065e+00,-1.869722397441833550e+00,-1.199101297779064712e+00,-3.648812145206479229e+00,4.141554078244987558e+00,5.107124604536739554e+00,-6.102194052793957768e-01,-2.836808318770592141e+00,-8.078405278300738956e+00,-2.415539252325868524e+00,-3.476155045716269321e+00,-8.237261011643312258e+00,-2.963743062184055699e+00,3.561011442073893640e+00,1.426353728610917582e+00,5.296358349253677211e+00,1.146052554498193432e+00,9.659486623904965930e-01,-6.445768625631703719e-01
-6.170615060534844432e+00,0.000000000000000000e+00,-4.746560839857760783e+00,-1.468882692674131718e+01,2.284680752870800635e+00,2.116336761170971859e-01,-4.144231619233651465e+00,1.744256801881785668e+00,-7.776301586379979369e+00,-2.914167140324580352e+00,6.525383845642465097e+00,-6.122987300562757085e+00,-2.936943407646296578e+00,2.520457788387086229e+00,-1.094438249914607297e+01,-2.096842680948141968e+00,1.575987926771547754e+00,-2.877867457186841893e+00,6.517432027856581378e+00,3.622961691645854021e+00,-7.603511608448762615e+00,-1.199169501285904937e+00,2.411144930757027627e+00,-1.406036422716784973e+00,-5.602723740231069227e-01,-2.754226585096782642e+00,4.462875790100345519e+00,1.409792661133614899e+00,4.297537637287502932e+00,-4.569430846551300718e+00,1.652072824783576088e+00,7.001810592607865757e+00,5.468493121447792760e+00,3.746770200255741479e+00,2.297141146216192809e+00,3.872666128688720955e-01,1.526012402213307251e+00,-6.016450790259768588e+00,5.058769018532897732e+00,-7.988362447499163466e+00,3.128695966921205329e+00,1.861108834283451974e-01,-4.780876125003729271e+00,2.059919248270805525e+00,-1.905866666942175547e+00,-3.214271335723623557e-01,-1.882783893831818656e+00,6.563025123629823376e+00,7.788546135036266138e-01,-1.649371874217638867e+00,-3.180210067901276361e+00,-6.268871508036342632e+00,-7.290145179273175735e+00,-7.337018217989346169e+00,9.883656259686592893e-01,-2.030276472853743908e+00,-2.813247766599563882e+00,-5.470064389087392343e+00,-7.152167512119803616e-01,-5.357273033223077796e+00,-5.185379875392464477e+00,-6.950180921273239498e+00,-2.153031875786585836e+00,8.099745114723712336e-02,3.355959581403803238e+00,2.956294033554513145e+00,5.550511141761875322e+00,-1.049276112216306345e+00,8.943183205818150405e-01,-8.436473142933843539e-01,2.879213538514710180e+00,6.692995970272961337e+00,2.730370846796656537e+00,-1.105057497158201407e+01,2.084442577354502557e+00,-4.194956256957463658e+00,-7.720732852989212747e-01,-2.712464400089347194e+00,1.201267711198119814e+00,2.479259732559541796e+00,3.173507497890048490e-01,-2.787663947297754241e+00,-6.712706162064431936e+00,5.166496994249205610e-01,9.834834921307939126e+00,-2.500841964019823394e+00,-2.648841953112096581e-01,5.728071579811532921e+00,-2.097975709893979079e+00,-4.071942671791542345e+00,-3.692181398685531857e+00,-1.477760927100699728e-01,-1.160872761796635899e+00,3.864018948556783961e+00,-3.762076677448600304e+00,4.733986205493601496e+00,-7.147777869458033173e+00,-1.439437681174811356e-01,1.048474425182122260e+01,-8.794339496869844064e-01
-1.698684222885204487e-01,-4.746560839857760783e+00,0.000000000000000000e+00,-5.178196866705892631e+00,-9.004462913477775388e+00,2.745688881100556866e+00,-4.110452155446486344e+00,5.895846652522910070e+00,2.841154796615830147e+00,-5.437884834277101120e+00,9.469232665949354200e+00,-6.541664463898255732e+00,4.197648330039577935e+00,-4.919229494108018130e+00,-1.091023286146794113e+01,-5.502142658034442135e+00,-1.667131006902976997e+00,-2.681890957533366926e+00,-4.678177561862988831e+00,-8.246108977512189853e+00,-4.529277381420323323e+00,-6.822979241012804508e+00,2.757368873136976095e+00,-3.726439629096251593e+00,1.595551054938870450e-01,-7.633280057875441171e-01,2.002900587175880265e+00,3.653392992732356070e+00,3.976286683248387632e+00,-4.749447108339941437e+00,7.414470491478878600e+00,-8.877835614076506898e-01,5.983634282297058959e+00,-9.322874254185645526e+00,-4.974345233419460222e+00,-7.537636600443313739e+00,-2.180238787691620050e+00,3.497208855618157308e+00,3.994058928295273425e+00,-1.557668071293707712e-01,-4.746734257730545470e-01,-3.576311137832724363e+00,-3.905717482916531758e+00,1.305937946274239758e+00,-2.009282296266384549e+00,-1.450220585583811062e+00,-6.232072761467748911e+00,-3.176974946098297448e+00,2.344140518122005190e+00,-1.671466816258313282e+00,-3.427583585266522626e+00,3.749175425851781540e+00,-3.941011602997286811e+00,-4.392159659366243751e+00,5.353060012249170718e+00,9.371140794752683689e+00,7.255001690188477070e+00,7.274806818252432805e+00,4.776236363738178170e+00,4.634529013608855053e+00,-7.173040327572852703e+00,8.593578265551441442e-01,1.479856671413410485e+00,-1.556452265216255182e-01,-8.379416321176444526e+00,6.182648461284325769e+00,-2.338970671586999561e+00,3.564363530182982354e-01,6.519901312930950210e-01,3.088789137863952927e+00,-3.260668748940629857e+00,-6.310602744897576555e-01,4.211527605327936019e-01,-4.994417086633681002e+00,2.410610304911845247e+00,-3.744189888810299571e+00,-4.565900338530291869e+00,-5.488517395564009860e+00,-2.217539777395749034e+00,-5.436168334176323391e+00,-1.302217706480352177e+00,-2.953937202756457658e+00,-1.317412100501834438e+00,-9.847505439053003684e+00,4.625934729512938937e+00,-1.134489583179482564e+00,-4.888635205643042880e+00,-3.046433694072205434e+00,-6.902076844645160136e+00,-7.071909222061222522e+00,1.195820307367689850e-01,-5.862047163495667235e-01,-3.043786071459977816e+00,1.761685341214669132e+00,-2.201894802071761692e+00,-6.794960423536861027e-01,-2.366046455655008707e+00,-2.105213317532223627e+00,5.551251180578048228e+00,2.729593825007853858e-01
-3.515439710337743939e+00,-1.468882692674131718e+01,-5.178196866705892631e+00,0.000000000000000000e+00,2.489657399852247099e+00,3.095304471185517770e+00,-1.771002862507911280e+00,6.941545906805864696e+00,6.329766054133577846e+00,-2.168507250097168271e+00,6.278018740355325811e+00,5.086713049655732455e+00,5.816789897989549374e+00,3.951397458666145113e+00,1.415716765633549423e+00,-1.333912230399423082e+00,-6.032477667382857511e+00,-1.953395932270264979e+00,-1.387100292672348800e+00,3.259137791955665442e+00,-8.475767220398365609e+00,1.795382065831217622e+00,1.566166010788731189e+00,1.520718820897238865e-01,1.006704161016475929e+01,5.932652163655419919e+00,8.204082408937537707e+00,1.047936967844815470e+01,3.285992063938037333e+00,4.038036842972467788e+00,1.026384877495423886e+01,5.313653303468051092e+00,9.381452572831488368e+00,6.234247457613609100e+00,4.348509222841263622e+00,1.657018847504874437e-01,2.994543264893727130e+00,2.793935385991074050e+00,7.921435473822466822e-01,5.811765139028841176e+00,-2.380081951962221609e+00,1.294186658260280121e+00,2.279012509020701849e+00,9.267514102241950269e+00,4.101540787685019396e+00,-1.394701173530847882e+00,-7.126352542164574588e-01,2.322043568412671011e+00,-2.659982374472319666e+00,3.339798652413224378e+00,8.965085701999867540e-01,1.333213673840368685e+01,-4.082699988846675510e+00,-1.654298516347741721e+00,2.738607461733471027e+00,3.958819236408003928e+00,2.805689868230745176e+00,8.149912431749985586e+00,1.206392769765726847e+00,6.671878021993603802e+00,4.966959892151379563e+00,8.442476524661548964e+00,3.778689449464549099e+00,5.832076585662223422e+00,2.197125765141594744e+00,1.176645416124567056e+01,4.884768633329810150e+00,-2.269621482342671026e+00,2.401320965217538461e+00,-1.310958688725430754e+00,-1.012978391105260023e+01,3.801370964690132137e+00,1.030190894178096706e+01,8.560182215571009445e-01,-3.704980463882066921e+00,8.995838519263543276e+00,1.740878325205733379e+00,1.068925434636533645e+01,6.928346081826000535e+00,3.188527256198232518e+00,4.616778889392682217e+00,2.757665182661135361e+00,-4.089540612147644971e+00,1.353170324718733575e+01,9.511708897131187612e+00,1.125204534383201427e+01,8.996982374591850018e+00,6.440290304969056301e+00,4.739980560364283946e+00,-1.583340832828908251e+00,-4.592534070375856037e-02,6.416654398607636978e+00,-9.953272256225655923e+00,5.846185505239992253e+00,-2.818908638411518730e+00,1.560081062151539655e+01,6.212346300067537186e+00,1.240065362153736395e+01,-1.029780502373213835e+00,1.269309521395366680e+00
-7.546428479713385151e-02,2.284680752870800635e+00,-9.004462913477775388e+00,2.489657399852247099e+00,0.000000000000000000e+00,-2.565592092417541270e+00,-4.178969133548402937e+00,-8.330600971971053870e-01,-9.937903770291988792e+00,-1.397640225940277592e+00,1.893148511777271281e+01,-4.498891960376949051e+00,3.394978705684643661e+00,-1.479921271216651668e+01,-2.239661933844042885e+00,-7.074736653385338414e+00,-4.682521937330289319e+00,-7.277696461641871561e-01,6.213445863824748727e+00,3.396081815196535736e+00,-1.461309916705169742e+00,2.187954398881568174e+00,4.216282866468047175e+00,-1.819755341100065815e-01,-7.559588199080095050e-01,8.842183859920847766e+00,2.394308597888481049e+00,4.564015678866160997e+00,4.939080930275696169e+00,-9.060912826810281206e-01,3.396205552503995140e+00,1.591324315448892524e+00,3.906216670781270106e-01,-8.305848375493473768e+00,7.742778571590632097e+00,-3.386973931646910518e-01,6.641952687393460231e+00,-3.186336434698025410e+00,-2.430133793933685615e-01,-3.061254121614499280e+00,-3.504268958829551139e-01,9.233719052245181746e-02,6.526089106890699654e+00,-1.778242746570303234e+00,9.302401550142837650e+00,3.711136534393474906e-02,-2.308404343741103038e+00,3.919543200780999381e+00,5.262402127827316534e+00,1.374127955167971649e-01,1.363941769669712034e+00,1.749364241475949711e-01,-3.024964524851148084e+00,-5.654805450313430626e+00,-1.311390356280910385e+00,4.863615936429203757e+00,-1.717569382447696524e+00,-4.363741925731761562e+00,1.217368965022695981e+00,-1.952850902363592711e+00,-1.248490093731943057e-01,4.804431073889149140e+00,8.094024642868975050e+00,9.455916964902463251e-01,-2.632582182871226362e+00,-1.466021641313933754e+00,-5.064763862051034904e-01,1.099631762077074582e+00,7.909009669571654300e+00,2.868870065467441943e+00,-5.502946994872907061e-01,2.169930605710284066e-01,-5.360033365025734575e+00,-1.229207564628868887e+01,4.232284322764657603e+00,-1.738242372474294140e+00,6.034478734463205818e+00,2.426840772718228401e-01,-2.046924054187400976e+00,2.575856683631684962e+00,8.674003319660725353e+00,8.889705397491578509e+00,6.809961270666877731e-01,-2.518248047184468597e+00,5.175475154449385329e+00,5.018850319730733034e+00,3.433172634009788560e+00,-1.825987131733244784e+00,2.383569068469165941e+00,-1.761646951328485144e+00,1.311206231373952757e+00,-1.428412527855577263e+00,5.674262521713512308e-01,2.509545344810140577e+00,5.870825609623114616e+00,-1.386166761359949984e+00,-1.376012099882177431e+00,6.394539260885275800e-01,1.108504540317273701e+01,-8.635989277430407285e-02
7.538333093398666307e+00,2.116336761170971859e-01,2.745688881100556866e+00,3.095304471185517770e+00,-2.565592092417541270e+00,0.000000000000000000e+00,6.864941482755268609e+00,-1.324568435443641690e+01,-6.365523318235839056e+00,5.097206684655256836e+00,-6.268744239689161279e-02,-4.767806017539739649e+00,-1.060165860194879883e+01,-7.684852376974061983e+00,-1.582023612300946347e+00,-2.894225876329576952e+00,-2.527447667303822088e-01,-1.062573940390530547e+00,4.302163421889887651e+00,6.510339474423901818e-01,-6.545173727414432818e+00,7.157443481110409067e+00,5.439372371017210384e+00,-9.773355778940628014e+00,4.074209114873455384e+00,-1.717793827429759723e+00,-5.636401607267883307e+00,-3.498002750839940944e+00,1.886753293097902962e+00,-6.249184341073157789e+00,4.468970042546070331e+00,2.644014522264607425e+00,-2.073876471310574399e+00,3.244818688790630734e+00,5.081245325456430706e+00,6.825963405807204953e-01,-3.903447945265749564e+00,-4.529314750141047341e+00,-1.836052470196849917e+00,3.818940219546605341e+00,-8.266228094457337416e-01,-4.065260907693125425e+00,-3.275399237761730475e+00,-2.830270726337360099e+00,3.673444347524941644e+00,-2.664626972916964931e+00,-2.316359281325184316e+00,-2.576394724979030215e+00,-1.011679979605320412e+01,-5.698143117049230710e+00,4.757357603005816671e+00,-4.424769825688390057e+00,-1.270530778314182374e+00,-7.314696010357528699e+00,-6.095071445886700801e+00,4.105100094594092419e-01,-3.503129168969268292e+00,-1.106607745124211739e+01,8.504659416263944394e+00,-4.895412417765456325e+00,-6.706776797674542046e+00,-9.218800566660286577e+00,-8.399207078597379805e+00,-8.986570585186901994e+00,-1.165259972916052789e+01,2.681421360964280076e+00,-1.456306569992184885e+00,9.109205657773145504e+00,1.220607614546469266e+00,-3.166021857699087505e+00,-3.593857065464509115e-02,-3.801354386323641865e+00,2.877104511604009929e+00,-8.131824039107229396e+00,-6.911536370997389156e+00,3.661848701109429616e+00,5.671908618611313457e+00,1.745977220366023708e-01,1.500007129106296189e+00,-7.395105189960247127e-01,-2.816635421296796338e+00,-5.791572417413848761e+00,-5.048820128128439499e+00,-2.491623405982814177e+00,-1.030302944025334733e-01,-7.478766666117221684e-02,-1.094227237667807273e+01,7.563564023353627763e-02,-1.762020141983578814e+00,1.663687676456892417e+00,-9.927249917177213945e+00,6.333026278036302692e+00,-4.815667090295074892e+00,-1.158666377413336696e-01,-6.207815475854394194e+00,-9.100084611112745137e+00,1.820941539180935598e+00,-1.934161262537761994e+00,-1.116492149325470917e-01,-1.797467325071292699e+00
-1.093038834671900439e+01,-4.144231619233651465e+00,-4.110452155446486344e+00,-1.771002862507911280e+00,-4.178969133548402937e+00,6.864941482755268609e+00,0.000000000000000000e+00,7.648382371545519476e+00,5.460445057125132173e+00,-3.230733517038707259e+00,3.185138559229257371e+00,1.287429662552087128e+00,2.494072033951685086e+00,-2.530283544870986390e+00,-1.066748913887051131e+01,5.719017562231941021e+00,7.948439719301301665e+00,7.826295192653141441e+00,1.706112740714244236e+00,-1.595407082889670480e+00,2.816571266686707542e+00,-1.001453332677518349e+00,-5.333829375061930334e-01,-2.126831383144993648e+00,-4.111655058126841844e-01,7.220845800864748865e-02,-5.652566897500713172e-02,6.646472135349045018e+00,3.152072435978594989e+00,5.280464814966615572e-01,-3.395894746403227415e+00,-4.476367404693984753e+00,9.231353710255936207e+00,8.070438976579112023e+00,6.114815778833395665e-01,-3.734677870930819488e+00,-4.140315184681015559e+00,1.061751189110935556e+01,-3.411757281996841140e+00,-5.360352838731738956e+00,-1.070250059660699193e+00,6.676669437345678082e-01,-8.090628284863045361e-03,2.755175620555306182e+00,7.784466572770473158e-01,-4.180944919456664466e-01,1.727727747878056830e+00,-1.115595256197220309e+01,-4.435319408388493478e+00,-4.838025913872761485e+00,3.365950039427608065e+00,8.410835041859593408e-01,4.346701247340767349e-02,-6.422347122427384924e+00,2.228002630028856235e+00,8.022006078328081102e+00,3.074810398930669653e+00,2.363704847252324992e+00,-3.501070317040318458e-01,5.419528684704748578e+00,6.406784537999557827e+00,1.336419509801978212e+00,5.665252086196221448e+00,1.008575116832985952e+00,-2.105616640730408329e-01,-3.781301960722711630e+00,4.453130735016829433e+00,1.283844785793322174e+00,9.201463951070273595e+00,2.570338653718156063e+00,7.071684965593365568e+00,8.508422426219153678e+00,2.206518404994185278e+00,8.130164744346167760e-01,1.801041469634465098e-01,-2.948089361112792850e-01,7.906146599847303058e+00,2.038992485291802326e-01,1.081126212940483056e+00,1.249831155703158059e+00,2.200850785030270096e+00,2.563321896921162413e+00,5.476753990369757297e+00,2.768496341379811376e+00,1.228569267856247826e+01,1.843266654439736363e-01,-4.533087660347802084e-01,1.609075160646075808e+00,-2.790020140647411218e+00,3.416135081732841527e+00,7.641465831016067689e+00,-6.816119493096738147e+00,1.869197370758429955e+00,-4.072686873829013399e-01,1.434563007721291861e+01,1.258985304558752238e+00,-1.186894565294239534e+00,3.552337620684275610e+00,2.717379475987432791e+00,2.733249439138935699e+00
-4.107345715950162734e+00,1.744256801881785668e+00,5.895846652522910070e+00,6.941545906805864696e+00,-8.330600971971053870e-01,-1.324568435443641690e+01,7.648382371545519476e+00,0.000000000000000000e+00,6.003655282921098291e+00,-1.199418330610460881e+00,2.152064923143760744e+00,3.861851988717157624e+00,2.372665718807995816e+00,4.262949981106987529e+00,-6.728838550106817529e+00,1.188353833313656738e+00,2.225085695017807730e+00,3.430917598202526175e+00,3.062435674029650112e+00,-1.888118828219790934e+00,-1.399777235256853603e+00,-1.633961542007461576e+00,-6.895738890658022591e+00,-3.339110775215026639e+00,-3.522565335253034391e+00,2.980374696718975702e+00,-4.016587083019594218e+00,1.152779217525768118e-01,-1.675123393347535572e+00,-6.331541433637670468e-02,3.637202762542231405e+00,2.852428038174685376e+00,-8.591004438007362465e-01,5.285038771510282452e+00,3.636878845655714620e+00,-1.147206832150553107e-01,-1.629114747175244071e+00,-1.871484054038552225e+00,-2.518846410477395992e+00,2.603838572423739173e+00,4.298279438322111012e+00,-1.883953454318808562e+00,1.102453580348580875e+00,-2.065629163140196844e+00,-2.776257876567041372e+00,-1.812122479933849561e+00,-1.544290614231299097e+00,-8.526832253028944208e-01,-1.461979968386744932e+00,4.680348378218451844e-01,1.070910841203860153e+00,-3.926382505501101239e+00,-2.458460323574291007e+00,-1.642302215130934551e+00,4.685849677200455865e+00,2.743242346198908166e+00,-1.133128106674958779e+00,-1.704101634118387221e+00,6.220144025409930499e-01,-7.312012810010357633e+00,3.958305940909301768e+00,4.649880335807162091e+00,-2.621260233266589079e+00,-2.905491360467069573e+00,-9.861790187108274708e-01,-3.517713779531968399e+00,1.826249300584622759e+00,7.105938977890075670e+00,9.783880586639668309e+00,-3.718959828107143428e-01,-2.919405908032127517e+00,9.606093589999412430e+00,4.785960112465516225e+00,2.413695236273348144e+00,2.210258123626333226e+00,1.511659917503007655e-01,-1.239906925919127545e+00,-2.206771254713766894e-01,3.807786914000648171e+00,-4.241318808618776970e+00,6.546652557795892946e+00,4.838343181953542960e+00,-2.199578723309858486e+00,2.223311458609888158e-01,7.610715080502766794e-02,5.009216310700482566e+00,-2.315064065575477947e+00,-1.545657426247870614e-01,-7.138540951111166599e+00,-9.245386404698418659e+00,-1.047168410760948021e+01,-1.087289456161594892e+00,-5.501388301076832743e-01,4.709709721990225084e+00,2.831695638784228475e+00,-3.906993425204028814e+00,3.061387910374608445e+00,-2.940864743151200944e+00,4.865058564260745122e+00,-2.264842286872684962e+00
2.295203211028137846e-01,-7.776301586379979369e+00,2.841154796615830147e+00,6.329766054133577846e+00,-9.937903770291988792e+00,-6.365523318235839056e+00,5.460445057125132173e+00,6.003655282921098291e+00,0.000000000000000000e+00,4.770071533129316421e-01,2.396973897375189733e+00,-6.773112283518095467e+00,1.571815419613749709e+00,-2.870075720019946708e+00,-3.738564528510644802e+00,-1.290631171526261500e+00,-1.711900576130598761e+00,7.480729928233476045e+00,2.230720853832824258e+00,3.142888497293718775e+00,-1.122282917849914741e+00,1.954319168920214400e+00,1.274410451658615218e+00,-3.514961512382276165e+00,-4.379732797839971603e+00,4.915033651161065720e+00,-3.566511308798776092e+00,-3.852024379650285102e+00,6.064426004194126030e+00,-1.326230217820004165e-02,9.523203212462162170e+00,4.612618026568458873e+00,1.018180257618368501e+00,1.020913687494769739e+01,1.088664738518480668e+01,-2.814915482370129673e+00,-5.920000691248309410e-01,-3.952601866371426187e+00,7.274524286321843114e+00,5.292767518267134541e+00,-3.527293441504346649e-01,-3.858790938415959104e+00,-5.096870377107146077e-02,4.796518316344325350e-02,-6.028797888873008715e-01,-2.725069928385083884e+00,4.359550616578801829e+00,4.068957391826961256e+00,-2.913998794033019202e-01,-4.287436655718038558e+00,5.673520197310404356e+00,4.021873193806635882e+00,2.893604037010121033e+00,-2.247158593630410817e+00,4.483605764144948047e+00,7.309033786518216225e+00,-9.994356193851547943e-01,-1.617952667415940793e+00,6.518005269371489163e+00,-1.441456500582878997e+00,-1.566874631415347885e+00,2.937614380193876773e+00,8.807563051552679267e-01,-1.681607430454440832e+00,-3.138817061492437777e+00,1.933033651143910792e+00,-3.077161650309671592e-01,8.958876660816629922e+00,4.148932173679723334e+00,1.178657824553038802e+00,6.117781370163885013e-01,2.241891187494733373e+00,9.085101714311182519e+00,-8.098804802540888303e+00,-2.502425073593208982e+00,1.559930918280027223e-01,3.923633904022086227e+00,4.138715875508093944e+00,-1.272858148412238544e+00,4.745934308806339708e+00,3.942441780805533202e+00,-1.742110028893627982e+00,-4.033371096176396442e+00,3.199615042601215098e+00,8.119585812485619059e+00,5.067090813634317570e+00,1.753916165142076489e+00,2.632746789904687468e+00,3.820606345360705092e+00,-4.935981271093419664e+00,-5.092024627159898564e+00,8.238568238288323187e+00,2.762308694611949722e+00,-1.965092014250666708e+00,-2.050896658619103974e+00,-2.218182443331706999e+00,-2.239925595732019659e+00,5.716109077946499584e-01,1.035406535640904835e+01,-7.411390614299836477e-01
-2.780719412604675256e+00,-2.914167140324580352e+00,-5.437884834277101120e+00,-2.168507250097168271e+00,-1.397640225940277592e+00,5.097206684655256836e+00,-3.230733517038707259e+00,-1.199418330610460881e+00,4.770071533129316421e-01,0.000000000000000000e+00,1.894042102150394591e+00,-1.221612024792988027e+00,-3.394152642906139938e+00,-6.622625710000574983e+00,-4.951461468919680087e+00,1.014463453234841772e+01,1.668106151243935686e+00,6.360142135446277267e-01,4.660243498185055344e+00,-9.209773560277699778e-01,7.379759111263731519e+00,7.407047089019859420e+00,1.713703567365329583e+00,-8.917148641368034534e-01,1.240084984982962935e+00,2.458183162969856728e+00,-1.529431751902529335e+00,8.614560248410768395e+00,2.575873623611451002e+00,-5.290897937179566135e+00,-7.324640444755997848e+00,7.148462102026919673e+00,3.720963308381678214e+00,4.670621090900389127e+00,1.050014604720468725e+01,9.271069728519794051e-01,2.563448096605848381e+00,-4.723593872508508595e-01,5.490778163996724359e+00,2.356678496333424189e-01,1.055533476095920342e+01,3.399911203943903004e+00,1.093874190539962044e+01,1.198319331242278452e+01,2.106688130271367143e+00,6.320261356274429865e+00,4.011495732230798694e+00,1.834362108498423849e+00,-1.647083186803092625e+00,6.900548818031254861e+00,2.305566962381304652e+00,1.946901311588920436e+00,-1.195758625840430467e+00,-4.471051270995282323e+00,1.234548258173048696e+00,3.737195001779111680e-01,-5.981030009469590070e-01,-3.820415771147661399e+00,5.930689251835350895e+00,-1.960557358987679022e+00,1.037651901363211948e+01,-4.548967082120007888e+00,2.656706772624307877e+00,7.808019318069406189e+00,4.021351021723132413e-01,5.268250606238489731e+00,1.229286504159512639e+01,-1.864471188310744820e-01,5.581046304109713141e+00,6.430186704572745882e+00,4.070140478386260696e+00,9.307126478582071982e+00,1.300119827433936504e-01,-1.953390429202712664e+00,2.652587322747975040e+00,4.647196460196086676e+00,2.305292564987775794e+00,-3.609742046952649552e+00,3.655128948981595238e-01,-6.542402105171099436e+00,8.639132766793277796e+00,1.360845954616400277e+01,1.932905299630607088e+00,-3.369057952121214505e+00,8.350524676998492879e+00,3.423990767639520261e+00,6.393271117179361029e-01,1.462370992382963530e+00,1.637462826126912185e+00,4.301751436903289871e+00,4.066677691063590672e+00,2.454510731732724091e-02,-1.700614241034270613e+00,-4.992063712851206869e-01,5.986247029326769997e+00,8.355131884699568801e+00,-9.047920483119841206e-01,4.698883303731376415e+00,9.097558099252506025e+00,5.677711447902534125e+00
2.725800372452996445e+00,6.525383845642465097e+00,9.469232665949354200e+00,6.278018740355325811e+00,1.893148511777271281e+01,-6.268744239689161279e-02,3.185138559229257371e+00,2.152064923143760744e+00,2.396973897375189733e+00,1.894042102150394591e+00,0.000000000000000000e+00,-8.727133855713683275e+00,-4.855797899237678239e-01,-4.580262652197717443e+00,-3.870660741834327290e+00,1.797502618078595349e+00,4.354909672636662954e+00,-7.896238487950936857e+00,-1.708434333154809526e+00,-6.641525308650581216e+00,-6.575828432541285018e+00,6.864873545085425910e+00,-5.265003015387073937e+00,1.737722391395731369e+00,-9.032383728438347914e-01,-3.891310208317019903e+00,1.266834268493065574e+00,9.610550672227105906e+00,8.136535510522042713e+00,-1.204254191625680370e+00,-4.441661180023793953e+00,2.382746012574343819e+00,2.811198532580017950e+00,-1.555822708833492385e+00,4.824391129518402543e+00,5.554176798844433272e+00,-1.616147752475625587e+00,-5.339727160831454711e+00,-6.545279171535621998e+00,2.422119300048053425e+00,9.372672546444668074e-01,-6.320229446266297124e+00,-4.698029190018575996e+00,3.383994932130168110e+00,-7.385045718302984952e+00,-4.225632566976925020e+00,1.658138182609886435e+00,1.623737918907493638e+00,3.463334016620174538e-02,-5.501051601994566553e+00,-2.939887457358521416e+00,-7.009491279434859834e+00,-9.500877788914772637e+00,-1.574922887168465024e+01,-8.490847487840907704e+00,-6.694368538124093604e-01,-8.391641157828612307e+00,-4.803746237312020995e+00,-1.011217431548101287e+00,-4.661417080830538295e-01,-2.764326886136528660e+00,-2.792285591182761095e+00,2.239642427483765186e+00,1.617941492810678339e+00,-1.125656479132021381e+01,7.828669401514939397e-01,-2.719478703969228639e-01,-1.248140676934814230e+01,3.567384350875400401e+00,-1.238681557000117373e+01,-7.853864984132907345e+00,8.014825287217517413e+00,4.952457851406136591e+00,-2.814189058330862636e+00,-1.224324320984188974e+00,-2.823538534204025119e+00,-3.572455584627908909e+00,-5.837916625820491312e+00,-6.600347080580374337e-01,-5.050794818156129296e+00,-1.096707283574327674e+00,-5.256212139940084960e+00,-5.332640677150958020e+00,-6.381740437770239360e+00,-3.531973319222117436e+00,-2.290762100366892540e+00,-4.029291836369019109e+00,-2.974780360734581741e+00,-1.005350477202940906e+00,-2.005379095909614939e+00,-7.714984054781620415e+00,-4.069369175737634237e+00,-5.189057453460941716e+00,-6.693161340987251684e+00,3.088822397895556016e+00,3.022475256995809101e+00,-8.751079779763442090e+00,-5.403067701393426958e+00,3.643461676005447458e+00,5.314682486624341173e+00
-4.844836902663568479e-01,-6.122987300562757085e+00,-6.541664463898255732e+00,5.086713049655732455e+00,-4.498891960376949051e+00,-4.767806017539739649e+00,1.287429662552087128e+00,3.861851988717157624e+00,-6.773112283518095467e+00,-1.221612024792988027e+00,-8.727133855713683275e+00,0.000000000000000000e+00,3.404497684361622589e+00,-7.109576221493752790e+00,-8.732853594423071186e+00,-3.023330482853292089e+00,-7.285447947357844178e+00,7.030522970381398729e-01,-1.747025730108448804e-01,1.138259207220884939e+01,-3.839440734206026051e-01,5.924730287577067323e+00,-3.394598031652589221e+00,-9.562215346296257801e-01,5.529037494304430922e+00,1.678574427046374495e+00,8.799995578949384445e-01,3.913020064912318130e+00,7.219729164519523401e+00,-1.308983304809925752e+00,2.780959490437538317e+00,-4.726501079830440766e+00,3.563228342787317704e+00,-1.377732253526682715e+00,8.290023497682064146e+00,3.885342080136672038e+00,6.433089980489907767e+00,7.530932598247860876e-02,7.951836537649546344e+00,1.827860743917051556e+00,9.657121333029177634e+00,2.230988911253130702e+00,1.127295052540233833e+01,1.505822029610834356e+01,1.274702986701266383e+01,-1.183441765767228926e+00,9.373560940436673761e+00,1.154251279486940440e+01,6.289531577311842092e+00,1.121103044693477213e-01,-5.808559287144230865e+00,3.264721577708862843e-01,-2.846524682653392535e+00,-6.560322592517862539e+00,4.111375648945262640e+00,3.045960002213404572e+00,6.120719695328999954e-01,-5.555925303745263832e-01,1.607245469487479372e+00,-4.566257450138512475e+00,4.954023597490739839e+00,-3.150164863278033800e-01,3.736937903978762687e+00,1.699233057754577114e+00,-1.853865897696476583e+00,3.793608468322023697e+00,1.297046874756707879e+01,-1.818218810095254767e+00,5.104340686972583363e+00,6.478296503984070753e+00,-3.720063039048888243e+00,6.369131894107633585e+00,7.408510118678186984e+00,-8.804306714664150491e+00,4.733889368107047524e+00,4.195139712158001188e+00,4.871549182651303767e+00,-3.833235275690544785e+00,7.419105559419488793e-01,-4.078012692148074159e+00,8.582092875131332121e+00,8.089126366105626076e+00,1.890309241492017067e+00,4.101566333172433687e+00,7.406948884263170108e+00,9.423984146165988562e+00,2.656522968332018397e+00,1.393422999295492737e+00,8.848157808007746539e+00,3.488962516027585004e+00,4.870082091400756319e+00,6.321325251339204421e+00,-9.104612045626243599e-01,-3.827669620857548249e+00,-1.418260521769408311e-01,8.119226001533917270e+00,-1.358436788067823864e+00,6.269343141991820190e+00,5.664038075710316811e+00,6.497952949251971866e+00
1.981728004226755768e+00,-2.936943407646296578e+00,4.197648330039577935e+00,5.816789897989549374e+00,3.394978705684643661e+00,-1.060165860194879883e+01,2.494072033951685086e+00,2.372665718807995816e+00,1.571815419613749709e+00,-3.394152642906139938e+00,-4.855797899237678239e-01,3.404497684361622589e+00,0.000000000000000000e+00,-2.088778196041954360e-01,-4.696304662480860870e+00,9.821294610839699235e-01,-5.030352462024894500e+00,-2.549202557376310629e+00,-1.229913943148425393e+00,-2.615681556850812495e+00,-5.680421162165703919e+00,3.671120192812936889e+00,2.717917941138058957e+00,7.670091299819128849e+00,6.404061654866117337e+00,1.546805156153662208e+00,2.602294943774793978e+00,7.492814389055290292e+00,1.312399633131060561e+01,-6.594646352300738812e+00,3.785630442289731779e+00,3.782013577257833603e+00,-1.651325538345247423e+00,4.852504964651758179e-01,1.022690838863668716e+01,6.222324359837809737e+00,4.503004758993409684e-01,-1.504129621581953291e-01,1.774502543144361155e+01,4.468252054043611921e+00,1.387632308959936012e+01,-3.326351142349079026e+00,1.195325034020635613e+01,6.941939209018498147e+00,3.566458837691611539e+00,2.129091686825308027e+00,1.042067290591588957e+01,1.128868974722985463e+01,1.151692883147273916e+00,4.676946659102271475e+00,-2.972843247914686682e+00,-3.875400477620061235e-01,-7.450737382848523715e+00,-4.102817366111366049e+00,-4.988767323680465715e+00,1.336270895303982353e+00,-6.022453155960228344e+00,-3.883683189956655291e+00,4.470894866051632555e+00,9.394158492295301421e-01,2.008289682364727380e+00,3.327751992582106411e+00,-2.658405196056393915e+00,-1.282042398596568544e+00,-6.952510822218700426e+00,5.541224273793581290e+00,5.047846179542873735e+00,-3.266831276615745239e+00,-4.584452653935911393e+00,-7.906832250836083098e+00,-4.282030633018063526e+00,4.118262500619735533e+00,-2.953315767875875686e+00,-5.933900913053202331e+00,3.337381292545321454e+00,-4.508459871852871004e+00,-4.625806487114245691e+00,-5.613928541725132781e+00,1.011558853330518648e+00,5.851808786234203197e+00,-4.253828308211747178e+00,2.706122005240343964e-01,-2.040574949738413579e+00,-8.366515723940390004e+00,-2.715463758099590841e+00,-1.575774323729405735e+00,-4.629866176836834768e+00,4.551697889451379098e+00,2.004672647729274004e+00,4.454884701429834060e+00,-1.905652253389397144e-01,1.396063501633738824e+00,5.147330167414279067e-01,2.298855262072162786e-01,-5.076286519097160443e+00,4.813427979000421075e+00,2.013910493708805038e+00,-1.113749239653549106e+00,2.447283740466220880e+00,7.642410856600124758e-01
-2.012186358279077769e+00,2.520457788387086229e+00,-4.919229494108018130e+00,3.951397458666145113e+00,-1.479921271216651668e+01,-7.684852376974061983e+00,-2.530283544870986390e+00,4.262949981106987529e+00,-2.870075720019946708e+00,-6.622625710000574983e+00,-4.580262652197717443e+00,-7.109576221493752790e+00,-2.088778196041954360e-01,0.000000000000000000e+00,-1.420094271910120165e+00,4.999354198884569556e+00,6.339901627231944836e+00,2.046850068419892921e+00,1.287216796133274599e+01,4.406713944875356503e+00,-6.131578395346255483e-01,7.024407371211899509e+00,1.302131053947012784e+00,3.339819582257295139e+00,3.432334226527742782e+00,7.890092624835219226e+00,4.540161639747416267e+00,1.735276907158580739e+00,1.219436146186234282e+01,4.462769455247260098e+00,3.983673854391207136e+00,-7.312981436778870359e-01,1.084962233351622984e+01,7.247138799914135454e+00,1.047092135597583429e+01,2.248725946915065332e+00,4.456756081586013885e+00,5.079032904415935690e+00,8.032003536627483342e+00,-2.068052841683005294e+00,5.361011697346833582e-01,-3.840425952987873703e+00,7.361242713364060108e+00,4.249503057393936523e+00,8.496779339115994034e+00,4.238268670969075558e+00,1.161027099674567964e+01,1.497759189621883813e+00,-1.315183558598637947e-01,-2.508229908219635762e-01,-6.183575451091470887e-01,1.904518492720997491e+00,-2.500352666849506189e+00,-1.372702862916287625e+00,1.019523541205885131e+01,4.755276177083310962e+00,3.175403871574173031e+00,3.248983656425129762e+00,5.059804235782635828e+00,-2.175979111596103799e+00,1.204652511955311756e+00,1.390387491826186706e+00,2.923138830518547060e+00,4.850825931192948026e+00,4.347398795297488405e+00,5.397719377778990690e+00,3.776514279375203120e+00,3.211462086184462272e+00,1.300394509171720081e+01,4.315515516927988848e+00,3.401942229486761171e+00,1.157701735332893023e+01,2.535758217829291894e+00,-2.888964184504774657e+00,3.292782869004892365e+00,-1.009249271607173259e+00,5.926200581675413304e+00,3.590228585045640575e-01,-3.980233430211810752e+00,-1.291238655114532063e+00,8.733020794233933515e+00,1.380246143016215044e+01,1.076296303984579339e+01,4.848130521739268950e+00,6.111588649445554466e+00,9.964483975304432306e+00,3.264371765765953004e+00,-5.744671943968988614e+00,3.806868368424544347e+00,5.899898556266528260e+00,4.761528976701820959e-01,-2.274287120189480427e-01,5.512393513448961890e+00,2.115383671717060654e+00,7.693235518451151833e+00,1.532723854761405491e+00,4.727973379371648299e+00,7.423376428981270259e+00,1.012886152117799421e+00,2.458815148161723751e+00
6.120246236959861363e+00,-1.094438249914607297e+01,-1.091023286146794113e+01,1.415716765633549423e+00,-2.239661933844042885e+00,-1.582023612300946347e+00,-1.066748913887051131e+01,-6.728838550106817529e+00,-3.738564528510644802e+00,-4.951461468919680087e+00,-3.870660741834327290e+00,-8.732853594423071186e+00,-4.696304662480860870e+00,-1.420094271910120165e+00,0.000000000000000000e+00,1.625793131398131308e+01,-2.067309617109963416e+00,1.779078260734736183e+00,8.143284821002048091e-01,8.465813855961054069e-01,6.885720203217016611e+00,5.379452834121438265e+00,9.718960216081525827e-01,8.535369200726148353e-01,1.784969419018998638e+00,1.361862627345849042e+01,7.998724520955414974e+00,2.906413887833583232e+00,4.639263875822377869e+00,-1.156551953646285380e+00,2.093776515742809874e+00,-5.927885707644646729e+00,1.050935675761822807e+01,1.015447531920058921e+01,1.134147603600525045e+01,-3.481091188386625124e+00,1.066672322591255995e+00,-5.868508716225060873e+00,-5.711981074048998686e+00,-5.411574021097416143e+00,9.796064465170783109e+00,-2.762153136503412210e+00,3.619697318706459610e-01,1.023196822220547730e+01,6.798605855515516438e+00,3.394972420040154759e+00,9.415733408339390209e+00,7.182812216235903158e+00,-5.936429898673292627e+00,-3.286004975969687436e+00,4.775314452635279761e-01,1.717438566908717545e+00,5.834172849493286517e-01,3.298752668512196617e+00,-6.280879602603640643e-01,-2.508242443284963485e+00,-2.740048409120427575e+00,-3.991020178371691429e+00,9.265352860567299231e+00,7.576293291306165356e-01,3.471774813904826562e+00,4.611292959506125833e+00,6.554148836157316360e+00,2.052155376079690008e+00,3.050013031726133583e+00,-1.456382847055528229e+00,4.006126486815250409e+00,1.765679660430169218e+00,-3.471441827644062172e+00,3.756715073377738801e-01,-8.610241382953253142e-01,-2.783955008508078421e+00,1.673657125113806377e+00,-1.003462529095269318e+01,-1.547800786834896858e+00,9.793712441307039995e+00,5.274338622680497579e+00,9.286298022456238144e+00,1.049353839308913550e+01,5.569232647638321376e-01,3.760316072677460486e+00,8.650058228112794012e+00,8.483372792577799970e+00,1.601738810066272389e+00,9.377012564791995075e+00,2.448392191943969287e+00,-5.003875271445401118e+00,-3.458523936236369334e+00,4.236823304022232506e+00,7.960007929272724603e+00,9.049307020930983825e+00,-8.413873969135018394e-01,-3.018180186571925550e+00,-3.531393913488172220e+00,5.086406172108567603e+00,1.148214870769453633e+01,9.754726919050627387e+00,5.267383077752605836e+00,-2.454402703287668963e+00,2.424890269937218790e+00
