0,1,2,3,4,5,6,7,8,9,10,11,12,13,14,15,16,17,18,19,20,21,22,23,24,25,26,27,28,29,30,31,32,33,34,35,36,37,38,39,40,41,42,43,44,45,46,47,48,49,50,51,52,53,54,55,56,57,58,59,60,61,62,63,64,65,66,67,68,69,70,71,72,73,74,75,76,77,78,79,80,81,82,83,84,85,86,87,88,89,90,91,92,93,94,95,96,97,98,99
0.0,-1.9895347167558903,-2.9864019120027736,-4.448313092212113,-8.030378052991304,3.8628349198836784,2.113530292140693,0.7159486902599294,-2.948280208243009,-2.599577867064283,-1.9267489534683848,-3.666397799597484,1.1165260863016793,-4.364501382690164,0.4068593049619422,-0.41289491498237246,0.24131928875323536,-8.574769760133371,1.6466563115450215,-7.3870487484371905,-0.2782086316513103,8.016929783082308,2.0738018728298444,0.9158305607347731,3.0644324750861167,-6.0078028275567545,5.742738670231307,6.131648220822473,-0.33907614974810174,-7.755743578018184,-12.317818884584202,-2.9907680978051414,0.13242454388190222,-0.9992815416729804,3.859335082490921,-1.3439985481757306,19.49948028133601,-0.3661172307896536,2.107100167426404,6.724698838671239,2.3433432219434027,-1.3502412694582595,4.226809133868527,-3.46911706996058,1.966868781834486,-2.428118613370332,6.831016272683046,-0.6177700728354673,-0.33956468830050884,9.670012370724475,-5.686828367088405,6.568992816265671,-0.40108755016617526,0.7006550414568957,-0.396407137091807,3.4721432315535714,-2.966079499415813,-8.851463245547805,-2.527930606040392,-2.706638842042316,-1.3822094884817768,1.786445105370518,-0.5695075649451584,-0.5208748089330145,-2.9897112138743904,-2.773424178076941,6.53259511955682,-2.886632365907423,0.7492649407904731,-11.991981335931161,-5.845075936664654,0.9478291534666061,-1.0962267085859743,-0.1995533516640526,0.2976439789236719,-3.6575721708502655,8.478507884749337,0.5092141367470565,13.46013554601854,2.4206571225656255,-1.664232082703352,11.024592338986064,1.5056078040007888,2.780254744516252,9.072566509886316,13.464712532539949,1.621619215608648,10.078552292679452,0.40328980830466377,0.2122906784233608,-2.7670382800651687,-0.8598525881899107,2.5100341781209896,-2.4195723748843414,-0.6098363458960959,-1.1303291480497653,9.017087269483424,7.782602379388401,1.2659625084960728,10.792511295903166
-1.9895347167558903,0.0,1.86047719365222,-3.4150682046483287,-8.958622552629134,-0.6293433896297078,2.3367924373219835,-6.559844278636641,-2.9487202257460607,-2.903186597076817,-3.083694240685181,3.227282456285505,4.840074213656456,-4.542475223214465,5.527683787046585,5.6513451096075915,-0.4041505730283277,6.366081552632573,-1.435319947314492,3.441033487759523,1.8060170096283656,8.355693271037747,3.9092544280876154,0.6061136888477264,0.11610590150155208,3.554959176480699,-9.184185159589564,2.8440174724408425,1.275524389665532,1.7424833016828702,-5.921878017655208,-3.641845269105081,0.3170718210584934,1.6677407514631988,7.7347986875885315,-5.302317292423743,-5.578625480039034,6.8762585238209715,0.4311698162464141,8.51153793508832,3.2727444316048975,2.280341517744856,2.8071455316546383,-5.6949686278086205,-2.0806524406560376,-6.006371790716273,-2.065387086438139,-3.698163008718687,-1.850496075085956,-4.009049664167565,-3.586421041486952,0.36200659688113057,0.2964313552089939,2.6458114512130657,-1.5245826479567823,-3.639038509240305,-6.321334593430343,-5.470080392114479,-0.8404226758851003,-1.2739230058945055,1.409824061688364,2.771106688982336,-9.433571147878297,-1.9869809978674196,-8.8357969290029,2.5911137841319354,1.456691001521487,-2.258181284546276,-1.0505026782765792,-1.273065861615781,5.4172893400223066,3.3431182861623086,0.5918508740643412,5.894792556508701,2.204212233042412,0.808263737938932,-11.493931353325063,-1.3852163768862475,0.46434921039171473,3.8605202788148025,-0.9276843131963864,2.887485106696084,0.30820786918820275,-3.1024453360726687,-1.5605960088679027,1.3485514593515415,-1.4147654921796793,1.1291552581832212,2.6453019711821275,-9.055811885983903,2.9208668974726746,-6.611243513820227,0.0638282585998269,-6.051458644728132,-3.4062733417751003,-2.499749126609283,-5.372582400662271,-0.5904351457365937,4.896608795448258,2.2524244367303483
-2.9864019120027736,1.86047719365222,0.0,-3.08916451339872,-2.0043222442821755,3.866585861438675,-0.3961689757715487,-0.09069918437524167,0.010456117070792456,-6.484724314181096,-5.229779685088549,0.6009422619990421,-0.6757053214596839,-3.796208538189628,4.0063708474588795,3.4665446612268367,-6.10665538513005,-4.5254466680412735,3.755026620310381,2.479797531970996,-5.9953193676167995,6.748501744277463,3.3612796400141924,-2.565600144091634,-4.700961570530554,4.6234386655339845,-4.727645908627771,-0.47911884548827527,-1.265570812563266,-3.524155682096008,-7.801133579397717,-2.781020548903129,-4.517027451785343,-1.8892905328908765,2.5992550021655405,-0.6270057628821025,-3.409238095488585,1.455426190526519,1.0818077817711649,3.515793713127842,2.254601957506949,-9.69427306321694,-1.4499475396396948,-5.611547495635766,-3.2417705420154306,1.9078595563166756,3.1170878086631117,1.6936467097289347,-5.441601415802721,-6.2268875913139,0.31882116328656673,2.5438658275795167,-5.185685520633071,-4.388657257377496,5.058879664060573,4.155207525544989,-3.904151914424151,-0.8027146735809222,-1.8224592561300887,0.9397683514534483,1.012183027697362,-2.003847059072774,-8.752199276289433,-1.9438476305692585,-6.081779802230966,3.7929764761592657,-7.587106125204959,-5.059250987957268,-3.1563543861607735,-0.6234559070564346,-3.3915407622088463,-2.399149501901196,-7.0436418191857335,-5.7478408646772925,-1.4143223678387002,-4.421807169937583,-9.310465586831134,-2.9240745301129767,2.9772612903839044,5.47448917203999,-8.024655216506792,1.683763212015528,-2.448179779239924,-8.485239086347208,-4.921077031561726,-5.2338239410869285,-3.297666277421703,0.5151670519733521,-4.001613493899835,-9.666491121331651,-3.835852547663979,-2.821807378672967,-3.3741074030694205,-1.864865828962169,-7.485897111558357,-4.1012019110417,-7.286522914322995,1.8332122126221415,0.8989137312057165,-4.042134348170144
-4.448313092212113,-3.4150682046483287,-3.08916451339872,0.0,-2.285855902210072,1.8144131200985172,1.2517386624999371,-0.9657873294796177,3.947991071107241,6.7233155682991965,0.38956666166556736,-1.0009147219666747,13.529903365819957,-6.892172697509152,6.776725155581598,6.86690494870871,2.8061609171888047,8.554623093494351,5.452799004806156,9.746381082569025,1.9144892361531296,3.242389507484072,-0.9363406363982832,0.2326267029322459,-0.6233395791410109,6.381895340389999,-4.061051151422101,10.501450151645123,13.832312496160515,7.5384359860625105,-7.579988547229054,1.3507973638161255,-3.9934382046345753,5.3079468721231455,9.23158415790774,3.7849965507660617,-1.1358636625835867,10.039483970656216,3.840111182327443,0.1928322907116478,8.026394454772124,-3.807936609139032,4.378324879640063,0.12481871802883464,-4.4393044028820645,4.0311624849667655,5.956083548923798,4.243702249771071,7.3054791979493885,0.5213708540261959,1.4879238453513715,3.5542892925141136,3.911361290469136,8.046024192532652,2.0221159627766996,-0.09966507694883488,-2.0124247237920927,1.291801521372654,7.652107222060443,3.0054344524624934,7.175260859962528,5.158904544830426,-4.032925075172542,-2.5863717638800665,-2.1190268855271746,2.2398357679135703,5.469086644358791,2.6648814054354704,4.5391737768906735,4.885057971300744,8.018307789479625,6.488701882742909,-2.445959401923872,9.347105823924684,6.297905855866748,9.341781181668852,-6.018600109300582,3.2188250434549857,-1.4811261234351243,6.378428147421945,1.7525847712233948,-0.8023531293916606,2.332684310250076,3.154330693922763,0.5025056938843688,8.737747231727543,3.385198741200215,8.30753806163537,5.260486862284898,-1.951650527942273,4.427317161471205,-3.1863465159681685,0.7900513995923174,-8.017024487697777,3.5991080997509646,-2.727381286973619,-0.460663000770461,1.2116429833316695,6.718426495030007,7.715264328833568
-8.030378052991304,-8.958622552629134,-2.0043222442821755,-2.285855902210072,0.0,-0.5871017548058542,12.836585248517384,0.4049525315933463,1.5527232306351126,-2.286434840528074,3.9777781904803327,-1.700093730047084,7.836721317916769,-1.690245883431776,5.107847600226415,6.058669120056633,-2.974379431843059,3.779334120609948,1.479644187922465,8.871144038213929,-3.557838762155409,-0.48996020198595913,3.9582483984163352,5.184310771544875,1.1560393062340744,0.4275478763152675,-6.321161309637752,6.2818632082035375,9.093399559997572,10.013368505372583,-9.439129405746913,4.630100788018056,-2.26877797498318,6.273573818581244,6.13158606919849,3.0162650037264807,-0.5480447212931552,5.031216855051045,0.3317380092813678,10.496225241510947,3.4157768886935544,-5.337136830364325,-2.024322616099956,1.747704095277806,-3.8810784094499153,-4.013874616671797,-3.1732412588280736,2.031139285461392,-3.879992530241185,-3.705463363386949,5.508211142327627,3.3689050400412346,4.073997193418131,-1.2248931158695828,2.62968898079048,0.5956933857925126,-0.014222071039232507,2.876511597701674,7.423517561599724,-4.110162574139002,0.6059514473404727,2.869413173833541,-7.863350196710034,-4.688430215012163,-9.381617223916807,3.2059305451566704,7.2611543387255235,4.634799483422034,-0.907798208708444,1.3682420453017288,9.934333616782483,1.797529736527612,6.967373907093701,1.390558515878208,3.776292679283361,5.279446864861908,-8.545167576825897,7.173750483150405,-4.0997991469737425,6.44391998837986,-6.3932596874570065,-0.4186633287384439,0.7471393443275862,-9.699223960002124,2.787909427092495,-5.8834640321180975,1.2742884752330714,2.681370780917805,6.883059402747072,-7.622137249259161,-1.6780428589299847,-0.4165668209529877,-1.7792006657800352,-6.649816444920037,-10.78702304393016,6.095454519912846,-2.5583993414466244,-4.420433566285452,0.49655007082865366,-1.4696173191669863
3.8628349198836784,-0.6293433896297078,3.866585861438675,1.8144131200985172,-0.5871017548058542,0.0,3.586822431263217,-0.32612321967482805,-4.8038015524697215,-11.754625064246028,-1.5065523381212642,-3.9247019339539575,-6.207696123482134,-5.079415551722624,2.230629517971467,3.6568763413139056,-12.462698838392583,-7.359810954892362,-0.026883784909826677,-0.4686192137177663,-7.4011762183810434,-2.5584622219123307,8.22428245088443,0.03029471493013804,-9.830996738341183,-2.449285016608093,-6.246880426780779,0.30167937424167246,-3.8919662504257215,-0.38601803665437223,-12.642453929183654,-3.45841184868562,0.9336788124906563,-4.092299966534108,4.003556007782936,-4.430146096548352,-9.033612123496221,-6.769639815742023,-7.1879508057723696,2.183837108795984,0.6056151188622155,-10.642041538729721,-5.09137518258368,-3.0853947462930367,-2.9950752181170044,-4.850460428380838,-2.7831888383032846,1.0287014758646706,1.4441382971751375,3.415582538107016,-9.35190380146554,1.9290614742642973,-0.13340085334005444,1.4377942088865816,-4.997591784890758,0.5966278755719873,2.420379059662499,-3.8132445524514775,-6.374257654378159,-0.44271836280246135,-4.158678980070548,-12.340985158605289,-12.17821488950762,-8.79193736262239,-15.22538736249769,-0.5182857938968445,-4.513629460719076,-10.468908969117072,-8.383241538490706,-4.04244459392332,0.5585325876552455,-3.6921769027470392,-3.8429192653162247,-0.9396766579032042,-0.7023824462571395,-9.15380129754424,-3.623429869869198,-3.822091743831721,-1.9734902612679324,4.132201550227956,-16.241155117706167,-3.8593401106228815,-1.8841183480145685,-8.24068932352027,-3.749755104525064,-8.930988789651517,-3.7019491918617193,-9.572465444934815,-3.613829740609903,-11.19603127872007,-2.1974192131379766,-10.390120052001318,-8.863379669442812,-6.860765173793475,-12.156826346378036,-2.022546193326593,-1.9675393280323263,-2.235471039834949,-3.2640301789198625,1.59935517479659
2.113530292140693,2.3367924373219835,-0.3961689757715487,1.2517386624999371,12.836585248517384,3.586822431263217,0.0,0.07142556643501947,-0.8975191663924672,-3.5434093486594582,-9.74914529752904,0.7569431755007184,-3.336186472841281,-1.2585970646515559,1.8739064962538348,-1.154277943371393,-5.989807637328016,-1.9419430992518127,-1.2776921289355008,0.9744976229801315,-3.571317577342164,-5.207936379669984,-6.755177255948529,1.1642488012600098,0.40062152454937255,0.41276747419772686,-16.815616773514144,-0.9795958360049832,-0.18874364310353592,-0.3077487413993959,-6.18913255928722,-7.072732462528214,-9.586750051559935,-1.7615290955695573,-2.228157228547453,-2.446073532556193,-8.743201839651425,-1.803788761490792,-9.330027594455592,3.2155207622627873,-1.8920539929144844,-6.320237410542971,-5.587459628918208,-6.089643618680941,-12.768613559388177,-10.826557473719951,-8.176763395470438,-11.826098627326951,-5.307566217458715,-4.632492630739209,-7.269324907741403,6.654050498670069,-3.618724319864084,-7.053420701175376,-3.2805902922933874,1.0995609118432244,-0.5589601209308537,-0.08791549021336854,-2.220700668419308,-7.472519273709267,-4.5080307687986405,-3.371013523469496,-7.62332741127807,-2.9882620556413966,-5.079905372107819,-5.6661599772517475,-0.6279629248989255,-4.058379444415076,-5.435710012263003,-4.898379234816607,-1.9068984541908491,-1.9435549148177211,0.33123891301993635,-1.3144859196519332,-6.994387699741714,-5.261392162232718,-8.700071383944445,-4.390035576847221,-11.112415496511964,-6.19148647840226,-9.342183184493736,-9.054217258463085,-0.10448963265495746,-16.26769641372881,-1.1270775445513734,-8.19021818471093,-7.6866311944572,-4.868809587407072,-1.6694842006045167,-16.81854929451541,-15.106141709374027,-7.052431776511707,-8.72494426254605,-11.643968507425685,-6.247821740969635,-8.579668836208862,-12.538448167041416,-16.152438570438484,-10.638618850288559,-5.622191232182988
0.7159486902599294,-6.559844278636641,-0.09069918437524167,-0.9657873294796177,0.4049525315933463,-0.32612321967482805,0.07142556643501947,0.0,4.38427832070616,0.2842846296472207,-2.7836074142496003,2.022100698128607,7.104185797548228,-5.980739190816898,3.195642592383304,3.3548840352269567,-3.355151801120316,0.7146729305645341,2.1547087767132327,5.225055115357951,-9.781868621348663,3.1979598394468502,-3.709892673934825,-0.1926199455090186,-4.447469464845409,3.652079855764179,-7.979224775864878,2.341493078472819,3.2805351222376804,-2.282624238487475,-3.3913420479174863,-2.606367148026674,-4.845177684257342,3.608211347170099,8.280140321447242,5.316282434135938,-5.732181784737836,1.3476364286131843,-2.0848184165598855,4.131169591081713,2.8490395566092395,-9.638878056544366,-1.5947178055428397,1.1202491807043833,-2.5237975801784187,-1.94941266341052,3.563364425327807,3.914069734923285,-2.8506528370156943,5.459652286258077,3.0585267636341595,1.562744265771252,4.768648483458913,4.375007241049841,3.790783246664134,4.608122750011104,3.08467719501568,-0.20196805573964424,3.7767766133019984,4.014960812470984,-0.7188399727700523,6.7798341626659955,-6.520471582425274,-3.4744877872484494,-2.050711442169348,0.738225745030339,0.2903532152273725,-3.0692198458760096,-6.342982566490128,6.390109623171977,5.703224094331622,2.046321913885771,-1.4052795767669808,4.329804125016188,-1.3445325382582227,0.26612563003542955,-0.7904544654540494,-3.631950642155676,4.3956068581759755,9.1327373844178,-5.355382064999237,1.5393139445537651,1.792895881993792,-10.738415980680845,3.46772737261863,-4.802108330769474,2.120434254298856,-0.7031835523139163,8.68942061777,-8.70229857889072,-1.1275261422052503,-0.6046071911465168,3.1167235279850973,-2.0131440995447627,1.1600477464101948,-1.234907424889237,-3.974355311073504,7.492169718214669,5.66809845522144,3.1675205965193296
-2.948280208243009,-2.9487202257460607,0.010456117070792456,3.947991071107241,1.5527232306351126,-4.8038015524697215,-0.8975191663924672,4.38427832070616,0.0,-3.0881915760132603,2.2480486526808106,-0.10150240471008742,-1.59499820742948,-4.938443139014471,2.832271233541893,2.935724173054463,-7.391212310301775,-0.7533048834641438,2.191817586321826,4.6670954443310135,-5.033748684665145,2.2709506325952025,6.282055228532519,7.611422128758541,-7.110196284825916,2.4513375987054324,-10.327985636281392,5.656601265472533,8.560243746495459,4.211858044862642,-6.052399856116256,-1.1024773259516518,-3.0782592387397307,0.7268180920629278,5.436515007058441,0.9912540874040275,1.0974570509471515,3.669544473586269,-5.4823381003287,10.36546743601738,-1.8984989148045264,-8.621554736439728,-1.3280170051574332,-3.7001796106988967,1.9680938680043545,-10.812938610735708,-6.223763076062653,-0.3622474184952912,-5.008412843102314,-7.409536534082637,-1.4101381477267132,3.4025987986282367,-1.3507353261763855,-4.806630099533174,-0.4570395474952828,0.2209773797797666,-0.3090853839810896,0.7328010655881008,4.961774565542934,-2.499974096995996,2.289105048946633,-2.855875535282728,-5.779532173479594,-7.368059542165217,-13.056027458078592,0.04206761827553922,-2.73054833519055,-6.894173531028828,-1.8414122455127615,-3.633947779602309,10.284599602677064,-1.5957885204977091,-4.569307985718195,2.274307587857151,1.935015833147374,-1.5669807753163263,-3.219892300896397,3.0570504386770647,8.302268022395618,8.786427954764061,-4.0789873536834405,-0.7059427432430218,-1.3341242054955686,-0.21829929724669372,-4.314131941547172,-3.0479445500463487,-1.7582701379869108,7.084533191486229,-1.6383014145344532,-8.892422511910302,1.0015027826267884,-0.5405677701930424,-1.0404593382548348,-1.8318364785869616,-13.169575772426683,-1.5903431089203324,-5.218069335241236,-2.6498929299198,-3.441990233731328,-1.8999449657695835
-2.599577867064283,-2.903186597076817,-6.484724314181096,6.7233155682991965,-2.286434840528074,-11.754625064246028,-3.5434093486594582,0.2842846296472207,-3.0881915760132603,0.0,-6.2065317572020575,0.6835054585740713,3.769032833472072,0.13979622536694095,9.370117961627248,12.172954295221748,-0.48236083428841126,4.649305283561699,1.586448301362116,8.75921877898828,-0.3848432069210555,6.086196876141014,-2.8690195450012554,1.3723778813819902,-1.289834003885168,3.2941503025739607,-1.374092735914546,1.6226631405057423,9.4413373227704,4.877803541003489,-8.443838400754796,-0.5454873855153265,2.71921691342171,9.301118879896569,4.332037018966593,-3.308601902276634,4.240484373819226,6.784005349194869,1.7358828408138225,3.7094452249354504,1.9760189914138095,-8.880748640337611,4.61846060057306,-2.1204403452560183,-6.25250394477902,-1.043493541710932,0.2709793596689888,2.819076623470526,7.529058393174965,1.1396695335866631,-1.7389275159801683,15.179688466848464,4.2168268036187415,12.258879432875055,1.9953712148646097,3.133497354479407,-3.408398985745551,2.8095659802504,0.5193556143097796,3.515086838443061,-0.40639156126651926,-0.08068396216690622,-2.175268075438124,-1.7201518917010044,-4.4699132157723485,6.402948932491316,6.962941639931248,-6.541712917667547,-0.7559494510768098,4.682707542568704,8.81132555310295,5.005991759191289,-3.41410357782514,2.5523236193687975,0.030751585841989063,0.6572685311673881,6.1725140894349515,0.015933285102300625,-2.9016338325827356,5.322661833347538,-4.7799416012431255,3.689217551235112,-3.248615524288329,2.60086149990166,0.5120174634146365,5.829688382767174,3.2307871581769048,6.234870672614632,3.52925042055265,-4.5395465308548735,-1.8426728170023157,-5.8293687986992655,-3.7378744743739944,-6.067216837300136,0.6816737880965846,-5.432943353408932,-2.999379948158537,9.86260451274008,3.876670387057654,2.0007419122786123
-1.9267489534683848,-3.083694240685181,-5.229779685088549,0.38956666166556736,3.9777781904803327,-1.5065523381212642,-9.74914529752904,-2.7836074142496003,2.2480486526808106,-6.2065317572020575,0.0,-0.6287072488717774,10.6546529304314,3.754422435999913,13.926035198607032,8.761861996447454,-4.555943613305875,-2.9633978965675887,-1.2641114487420708,-0.5192466298323892,-10.972630179455061,1.285034226296626,-3.9951776284412865,0.7928348285277037,1.4094582487536642,0.17536712060223753,4.876118181294941,9.200187079821779,0.13920798256635972,3.523236429398896,-7.558188720349863,-0.11624463430216898,0.15821328619683245,2.225614127459415,-2.441492294063728,-3.394088332901924,5.694636178633188,2.870394550042216,3.706081573958629,7.834160446575726,0.1420933450003777,-5.221788719531154,5.510145886182057,6.3000783820013115,0.27546476898945693,-0.451347862617002,1.3776637184354263,0.6127788973994773,7.120332563232598,7.6776253218954045,-7.70724275731556,8.543302342844001,4.480243296628211,4.500039712938918,-3.2810475622763344,2.630225494272432,-1.2912920685563765,-1.4262395327115038,6.034084492751612,5.1212284418714695,3.7512397740042713,11.133971347637424,2.5885107473208766,5.76996147153583,1.9891770549598424,8.590098164844502,-0.8895131175943661,-7.118081503021595,-3.4815971404294217,-7.42169393958885,-4.311547790578976,-0.04545129797620505,-3.600521770271329,2.56894697699708,3.751576429547356,5.881684559412688,7.364919081608495,6.140681076180714,6.047638512205995,5.699315480937714,-2.1443402188116645,2.365555377944685,1.035955915989646,-3.016161554463788,1.5379744401335913,4.377625159580708,-0.6206053687807918,7.3912576536199905,0.5686843090493895,-2.559801953474639,-8.261816871198564,-5.204841898914143,7.238495901496399,-2.812936190572483,1.7854165581317962,3.343804540378242,1.9971726204032163,8.264524457854817,8.472353762818484,8.560053290586499
-3.666397799597484,3.227282456285505,0.6009422619990421,-1.0009147219666747,-1.700093730047084,-3.9247019339539575,0.7569431755007184,2.022100698128607,-0.10150240471008742,0.6835054585740713,-0.6287072488717774,0.0,-2.02612323277466,2.1027612499526436,-0.2986860873272888,-0.7458098012335728,-8.412726497566782,-0.5637150251390517,3.2641691962902217,-0.16335726576898588,-1.1197147640073737,0.9818203928635738,1.7387731474825223,-1.671184552734684,1.568905098015748,2.2127432446923696,-7.480487159776958,10.13281249275166,5.264930157561476,6.688324743059416,-4.615676700328576,5.357099648833298,1.1556800873811903,5.371837260658201,1.7614407237994127,-1.8309465166359264,-1.1098407168615363,-1.1153889458602273,3.4282222654394134,8.042252376371186,8.134851684370936,-7.31913230093339,3.4249733609681488,0.5526847172008932,-2.650809754377234,-0.1057305931117384,-0.38652276249942735,2.654705628588464,9.612888697115082,-0.6783535114639626,-2.154090691445094,1.8283333196699385,-2.0127875988187887,1.754994413141933,2.203243225610636,-1.601580512954497,-9.854749345348834,3.985567490993332,-1.3126446837530623,-2.5435716337317062,1.3590842552705191,-0.5372970869072674,-2.4507723025546784,2.859511371332889,0.9392834944713907,0.00935171347253576,0.9534047725127474,-8.978469565653503,2.867311839987456,-0.9296706845977472,2.610440877700841,-0.026916153155483007,0.5157873920331821,8.079657974425034,2.653317710566024,5.171588764570401,-3.791174962140981,7.569538076935046,6.001343025311336,3.6192039533715574,-4.579530491281948,1.79704656152171,-3.9748666879685386,3.057869735491599,-0.44564272699807855,2.069782372559111,-0.6631395820487627,0.9738053877867235,-5.8485860289747125,4.218860452857516,-6.436718251599886,1.6257692031760436,-6.2960639671854475,-4.336105187492921,-2.791875341977325,-3.6998578935641304,-1.4757387640106983,-2.5468636978514327,1.2394633217771691,0.06757940401238424
1.1165260863016793,4.840074213656456,-0.6757053214596839,13.529903365819957,7.836721317916769,-6.207696123482134,-3.336186472841281,7.104185797548228,-1.59499820742948,3.769032833472072,10.6546529304314,-2.02612323277466,0.0,4.111427033989171,2.6311807394538924,3.6282432817381647,-0.5294036354793001,-2.5155093724420294,4.725139804262141,5.517784321774218,1.932007143495112,-1.5676422035771655,-5.725419264036264,-5.186974183831323,1.5237955701091608,-1.1131158037776367,-11.268178814650003,8.177588527412004,4.2765154543506,3.396971363854558,-7.672833899144147,5.804841731650345,0.46563427577976846,4.2988247400855535,-0.0953290230569633,0.08652092296278703,1.8375896955646092,-3.802914751401643,4.46145683956362,3.4067349486011875,-4.706907848927036,-7.930421278298029,7.118449758182268,-2.1998257055552766,-14.297865797195882,-3.2784858341170344,-6.032194354544074,-6.474571855557126,2.3880403438567934,-1.9930417092392891,3.2665518750568827,2.759334870911099,-5.127767318293459,-4.835573014829807,-0.47499560839578975,2.9338617533621862,-6.815472242431352,-0.22400034693174148,-0.8105722612119282,-7.4928230656295804,-2.196136968598754,-1.2843131302564423,-2.286906426816433,-1.7113614928008165,-3.5348854878990474,1.9573150594716076,-0.4492706759378144,-4.398354011036628,-2.449028285398012,-8.265769500697436,0.7596303129974491,-6.812686450372196,-5.362441523610538,0.28068613071338283,-1.5170665612795988,2.3655448485193924,2.895948262367481,2.290151863942564,-6.068783634648934,3.5563664073161996,-10.449394164472654,-5.360271536603183,-6.06864266453502,-1.3780216071559312,-6.839813692003006,2.2755347541320754,2.6155348554762785,-0.2912053237046403,4.449500796944896,-8.691351548826585,0.8056875945156121,-5.9968442587182,0.9956007957684913,-11.77588128048306,-2.987810822272852,-5.80498550919871,-8.419555117409079,-3.768362810419567,4.539121705638549,0.44157140251656984
-4.364501382690164,-4.542475223214465,-3.796208538189628,-6.892172697509152,-1.690245883431776,-5.079415551722624,-1.2585970646515559,-5.980739190816898,-4.938443139014471,0.13979622536694095,3.754422435999913,2.1027612499526436,4.111427033989171,0.0,5.011840832549968,13.980967028801079,-2.367818603082764,-1.9788508524489696,1.561105064791387,3.928396408966965,-4.682927557448322,-6.96055609320956,-2.125995740255943,-2.2123730825979284,-7.215647119673757,4.261074264954174,-11.144293561763009,6.711932216690644,-6.159143014450245,2.753698170294333,-7.972448140560699,-6.708943521305683,-6.024011481981625,-1.713385345883574,-2.959990331961622,-6.263124797713789,-3.021187384592843,1.302217239091673,-1.0512372794608706,4.59955784770596,-2.0826647707762844,-6.258498666345408,0.4774281522182111,-8.347697029684781,-6.084877312176045,0.9259435825974536,-2.429609076684017,-5.874639180849716,2.5629710782326796,-6.601886418082941,-0.17793863198405285,11.491700969663887,4.206427239550383,2.07637546217579,2.191453118086317,-1.6681477611751812,3.181704188641556,5.20264277044644,-5.779343552413402,-3.253678756470016,1.2038093247829316,-6.9120709226124415,-4.755581833149529,-0.7761272341210637,-0.11380236501627292,3.583760060678954,-10.958317976607992,-12.291567377671976,-8.511314719913772,-0.0686123669583774,3.3311854807604404,1.8099237535061028,-10.988309766325647,9.614683485814217,-6.194900711356783,-0.09861816658403906,0.9695217962345415,2.070795649994104,-4.686227528063048,5.25823142765439,-12.660063874527117,-7.96301345860307,-3.623485284988417,-0.8419420638699631,-0.7745056886964842,-4.3515322059577315,6.7811972823710365,5.463503031304345,-0.4658935865061776,-4.949644437915236,-1.9099991592212455,-1.452437689179745,5.093972456328651,-0.6385625219381902,-1.4134374980424451,-5.006195333169984,-7.827068745080537,-7.642477070325686,-4.411526309327615,0.2315569411607108
0.4068593049619422,5.527683787046585,4.0063708474588795,6.776725155581598,5.107847600226415,2.230629517971467,1.8739064962538348,3.195642592383304,2.832271233541893,9.370117961627248,13.926035198607032,-0.2986860873272888,2.6311807394538924,5.011840832549968,0.0,7.369956521721659,-3.0539329893944944,-1.7516347043460652,0.4783938563968,4.494886458934856,-8.292122965225003,-4.675969436495057,-8.174846716473281,-9.081556320998413,-1.847570483581904,1.9769345182928328,-4.032790042875694,6.35054115000977,3.6020103155348178,0.10884295180764758,-10.517170657526629,-7.824543522562194,-9.575537372297887,-0.45698926316158733,-4.857396992399935,0.8418490909146121,1.3529885785192928,1.1838779587544779,-6.220057443351951,-3.802022344605768,-1.4906852551698655,-11.776344818791552,-0.18958630937921128,-6.472747073183299,-12.25255828829866,-3.0350543535126406,0.02985721880573068,-7.448107261377584,-9.30956991814812,-5.155361566181726,-4.4846840432166815,3.238796886373374,-7.029120165589792,2.722341828018965,-7.944744980224333,-3.9810767967173586,-4.968165536246516,-7.744046174667237,-8.451668537892594,-4.023104291500047,-4.578918924663096,-7.1895578772504445,-7.153972222179293,-2.4718586099239306,-3.8053593496584015,-0.6419688803993573,-4.1658884770966464,-6.92181472567292,3.0492576376170897,-0.7434697803692779,-2.2982325575510254,-6.067011175186024,-10.534341708248336,-3.883704783051484,-11.201573581052031,-2.890458484083508,4.991047583386938,-6.582579175518619,1.290083532134673,0.2535853260656068,-17.87148813303885,-6.206751360036137,-3.6384465236850945,-2.0388115898789576,-5.771394813497833,1.1261879001924022,2.6424707995759165,8.209407296390077,3.011718498977464,-7.570751325748113,-11.292493111465099,-12.813431567639917,-8.478159473302265,-8.609018952022353,-4.012175299854326,-5.963275537156206,-5.981744304788632,-3.723535588685407,-4.696196010472532,3.185614970858328
-0.41289491498237246,5.6513451096075915,3.4665446612268367,6.86690494870871,6.058669120056633,3.6568763413139056,-1.154277943371393,3.3548840352269567,2.935724173054463,12.172954295221748,8.761861996447454,-0.7458098012335728,3.6282432817381647,13.980967028801079,7.369956521721659,0.0,-5.835213674468823,-2.7533486843866086,-4.238864326491084,-2.412549055278946,-3.270664757085796,4.574669545201302,1.530164371072104,-6.03601167328896,-4.4534326224839615,-1.6385159827812388,-9.697049810794931,-0.963741013639376,-6.942421522995061,-3.943058960067732,-9.122723768496467,-8.379573604555343,-12.790019482135111,0.4953770252244668,0.2598211681992505,-0.823401391575336,-2.5008666910889708,-10.258268765670405,-5.353007751601577,5.24602728003478,-0.2828811490383084,-5.420624018106194,3.0784730999485683,-7.528170481331162,-9.281202183445505,0.3908134641474395,0.2629233826920154,-1.750114694571259,0.8585783563327822,-1.7447288789426227,-3.425181850652132,1.340421671495734,-0.9701514186647587,-6.499016038099639,-2.1161317425536668,0.27020820133530565,-5.43514319955064,-6.787450027423908,-8.335930407612361,-4.595647386697583,-2.427493318934361,-2.4656194080432083,-7.4666627952917555,-5.082896020993945,-3.6664820919228664,-7.2059346152322945,-3.576809378589109,-2.322773989064549,-4.614903043144202,-3.8366248055987167,-2.4918610169638478,-1.4055080171366947,0.6519044054002987,-3.2941667114633,2.0713741044578,-2.7637615546786853,-4.851941265898377,-0.8603165694469146,-3.2542106463112166,-2.403233129147172,1.6243939160455263,-1.9277034724555095,-9.292692825025943,-2.633096572837899,-0.04476063608447575,-2.5295760823349527,-2.77027125804496,-1.5488990109150929,-5.402837861722822,-2.2097255574505406,-8.009479425010314,-7.594358115529896,-7.716149048357798,-4.773166590491911,-1.3917540394065075,-5.306903186566291,-6.807547843442502,-4.576092747623104,-1.6577097472885007,-0.3918619047168749
0.24131928875323536,-0.4041505730283277,-6.10665538513005,2.8061609171888047,-2.974379431843059,-12.462698838392583,-5.989807637328016,-3.355151801120316,-7.391212310301775,-0.48236083428841126,-4.555943613305875,-8.412726497566782,-0.5294036354793001,-2.367818603082764,-3.0539329893944944,-5.835213674468823,0.0,1.8926435249612767,3.552197137976296,4.5480440348057245,1.2686060011354958,0.1035583598253452,1.5537836401885334,-0.05280949200624904,2.0736590256740626,10.244499892795247,-4.709731167740449,3.142038615854504,1.5776584649594818,-0.1606974373117359,-5.8255048113966605,-3.4879133857196054,3.1292369315618567,1.2715333495169434,5.127937705215329,-2.064906868016392,-1.4599893053175035,-0.15811232265090164,2.853915582790511,6.864883569647176,4.634203409869597,1.9724833925536984,7.0869839560170576,-6.35182594477284,-6.280420753470078,3.9412422230533073,0.5281741333483457,-1.479601672886635,-1.8366236280277055,-1.2624384245742136e-05,-0.28477475750006764,11.860828395777336,0.6792960950235308,0.7381820647570573,6.062658474792637,5.87046925235918,0.9146298666071708,0.859266883308343,6.0440161227962514,5.513002655686553,1.1897860018685635,-0.27024213359905436,-4.64445891905264,-1.2531756858417205,-6.615921678576769,0.35737447004289913,5.2315117317639555,-4.735671632885335,-1.6159455041560102,-4.397290676783687,3.9230495123431575,0.3793680657528198,-2.341411356835666,9.440761824864657,2.6168782475263295,4.294222286278809,-6.731106049067355,-7.415007429108581,-4.621006954497209,0.07228547499238044,-5.968750166640686,1.537006004240581,7.909108691489136,1.3689485647655253,1.8294182643619192,-7.993405545513525,-3.3734650243079427,0.9704908492434291,-4.201574304073306,-2.576261330768173,-8.671112524088894,-9.048765110783933,-2.9917031108331447,-4.564545418197499,0.8453316951507645,-3.2316669928071784,2.7690569429485508,-4.916710510750401,-2.8929536778182126,-2.5049845543982374
-8.574769760133371,6.366081552632573,-4.5254466680412735,8.554623093494351,3.779334120609948,-7.359810954892362,-1.9419430992518127,0.7146729305645341,-0.7533048834641438,4.649305283561699,-2.9633978965675887,-0.5637150251390517,-2.5155093724420294,-1.9788508524489696,-1.7516347043460652,-2.7533486843866086,1.8926435249612767,0.0,9.651404532733988,2.6862857792978097,1.2519178494249517,-1.551518284147495,2.5026085749601625,3.1583622769473805,5.624224037770687,2.9907899378018126,-7.684452238885354,2.105362236329653,1.7711558919414347,-0.3347711941237079,-2.6092655522658443,0.7524283720020568,-3.190614932466775,3.9935909476442135,2.5364239549213616,-1.0396587390814809,5.742972198993046,1.5333110285797542,2.1312403522012735,3.0307758872014894,-0.22641574862145483,-4.545568229825728,-4.3356043629830445,-0.13898024701121747,-8.269991315504578,-0.11898395638557809,0.6212334817319439,-1.6893800508869743,2.331673702214108,-5.032777274819677,5.065943657926272,3.7460350674145415,1.3600595763835415,2.982588949437108,2.78965458358128,5.756687178756161,1.530891192439244,-3.466164866260739,2.1606337495165144,0.34815801329064944,0.04806669277141264,1.543990057501394,-5.196748250434637,-1.4920163253364442,4.203274597719068,-0.3616802701395284,-3.5795108248200758,1.8951826147517905,0.820842801313025,-0.5302594959516889,-0.6449593291493796,3.192463766413365,-0.037033757528826886,-3.3168654484350784,4.884577404831137,0.7169493727683814,7.197448418561905,-1.246146962184625,0.549453125962047,10.470218475113088,2.941774176514763,6.33568307875216,-3.4204281598799726,4.583134410305198,8.668260931402902,3.2329604170353727,-2.334522030699262,12.399521278962684,-6.150319831680155,-3.38982548800852,-6.732390466422382,2.5226078566244614,-4.23954302102096,-6.363022539180442,-3.8824286878236305,5.422102498283697,-5.0054882294460015,2.059821521694614,-0.6671295801204846,-3.134541432031249
1.6466563115450215,-1.435319947314492,3.755026620310381,5.452799004806156,1.479644187922465,-0.026883784909826677,-1.2776921289355008,2.1547087767132327,2.191817586321826,1.586448301362116,-1.2641114487420708,3.2641691962902217,4.725139804262141,1.561105064791387,0.4783938563968,-4.238864326491084,3.552197137976296,9.651404532733988,0.0,-3.9655128139550193,-2.663708898830181,-7.782723889682803,1.9811011620774623,1.44129639341426,-3.414251261657403,2.955369788112472,-9.793678249539338,5.524729059038068,-4.252020647957202,-0.34417195370538145,7.773471146735805,-1.1546856286841258,-1.2605756246562043,-10.353719576657705,1.9743442072346868,-1.2757288382140723,2.928846303250028,-3.079416643507402,-3.0365193832794968,-3.645256733397417,-4.2160306915081565,-4.952431573920016,5.204083647936697,1.4990606953852774,-6.955098749403691,0.431797061384484,-13.906580441490588,-4.37862351948162,0.3746626231191372,-2.122696087345102,0.479373252933592,2.3280090511588343,-1.4903671690741935,-0.4788239320469527,-3.196328085198814,-4.553699633986035,-2.1615261264628822,-2.675987099154667,-0.10970997637551808,5.032849852694495,-5.60535157218744,-6.024637517209624,-5.848052236229929,-6.133708430342176,-1.4072948214345835,-1.3478684996697805,-11.279148265209027,-8.197495316444577,-0.9878475070193647,-5.283933604177619,-3.858795626762788,-5.058836508664835,-5.9237761714095996,1.454289763394905,-3.7675810005934207,-12.737029513404568,3.287627501092937,-2.6282992627792447,-0.046943789546493635,4.4777482495447645,0.8850319900575832,2.352299199500015,0.2625271791263558,-0.47822342278055424,-9.59788954434461,-4.856189757042944,-2.000079471301107,11.7911161283845,-9.409191517898272,3.3282113867662537,-0.9107276081722064,-4.6869957749992075,2.5604101050410963,3.865029645367099,-0.014570932832578244,-0.07435695182684403,0.5892237557567884,-8.90732088605368,-5.155941794950375,-8.961200241843358
-7.3870487484371905,3.441033487759523,2.479797531970996,9.746381082569025,8.871144038213929,-0.4686192137177663,0.9744976229801315,5.225055115357951,4.6670954443310135,8.75921877898828,-0.5192466298323892,-0.16335726576898588,5.517784321774218,3.928396408966965,4.494886458934856,-2.412549055278946,4.5480440348057245,2.6862857792978097,-3.9655128139550193,0.0,-2.5410218324201783,-2.0972494120219936,2.378933481811883,3.458189951086133,0.8909221679137873,4.576210631048854,-5.880727246093491,5.082010947544419,4.946195953684857,10.138220705757,-3.6187786930720054,1.8843587277460172,-2.990495582454777,-3.6039517226422784,-1.2807528027200952,-3.313257700410995,5.459888374350933,2.4014591295781598,-8.180435670830033,10.804544457536224,0.5396834055710097,-2.6296996384590816,-1.4943722118673035,-1.9987825451158376,1.45884044759839,-1.9618798991901136,-4.609700730315184,-2.770626531205732,6.437227109870816,-2.8560546667196895,0.1545319125516759,2.161307404410825,-5.810274889518751,0.7287329901186341,-7.996819068818247,0.820369167510405,0.8014008614631731,-5.005311946071792,1.155635489921791,-4.234834889559341,0.841194527473563,-5.7245229242662,-1.7599308351398608,-4.320202989619453,-4.583218238839061,-7.638713034635377,-0.021788816886540684,-4.563839964095987,-1.6226074129832504,-3.1506532350035665,3.377556798365119,-4.947033771654588,-3.141969738187501,-0.7812862084767985,7.344296688542372,-2.328298204611112,1.47560026750971,7.676078425696939,-4.774165977807068,-0.8631671096525472,-0.5342041173350803,-3.2624429782574715,1.890296773925905,2.011340180878856,-3.6918285387322434,-7.518000432985267,-5.670905250858474,3.589692887065591,-8.28056407996645,-5.308377577568485,-8.83293504261966,-3.562001104122229,-14.145988154941728,-1.0544250332812228,-1.8887027915635095,2.3366401044966487,-6.588044336024496,-3.671608743409223,0.16197400464696293,-0.1928779699574554
-0.2782086316513103,1.8060170096283656,-5.9953193676167995,1.9144892361531296,-3.557838762155409,-7.4011762183810434,-3.571317577342164,-9.781868621348663,-5.033748684665145,-0.3848432069210555,-10.972630179455061,-1.1197147640073737,1.932007143495112,-4.682927557448322,-8.292122965225003,-3.270664757085796,1.2686060011354958,1.2519178494249517,-2.663708898830181,-2.5410218324201783,0.0,7.567633178971818,4.579842220124236,5.2330033082741085,-1.0017191610474074,7.520392689403331,-2.645986556375654,12.803369009183072,2.3552625353900574,2.9573282538956662,0.2997008305220095,-4.740350760715385,-4.431683739201093,-1.0421820657259588,0.5756464270319859,10.935515867770276,2.7882405627855613,4.689921251592224,6.156573109251256,5.99947169350683,-5.9155458591574845,-1.0841293118388156,0.7231653269265226,-7.458944398205402,-5.159781327708863,-0.2947283826459633,-0.714860373680143,-3.4285903006781,-0.9961015468309545,-3.1556135080991736,3.0691741501495966,7.39072912267221,-1.3512845376676936,-3.311159525326236,6.446437330227712,2.70587522192376,8.96012303599383,4.860943532747046,4.836363916466919,9.900437079036754,6.973080826888024,-2.260422213440113,0.20362413508501828,-5.229589749536193,-4.337108927493234,6.87917640520556,0.1763558391337494,-8.263542003238046,-2.9332898642968934,5.395821955586169,2.550761293766638,13.162066053818068,-1.1381388221126443,11.92950957870232,1.2197917661514988,6.475799422698297,-5.043842972993877,13.539319852547875,9.507010765011994,4.624323363588011,-3.0837291304213608,0.022977668569631248,0.473373366518518,1.0882195107158883,1.6010832326181423,-2.438511544857523,2.3079384294609633,5.325707709761479,-1.04522475517058,-7.905288962663827,0.767686493588642,0.353839912425153,11.014826518434592,3.5301327741899584,-1.4384519039661137,0.2747778245973492,3.394496223618927,4.134306161809208,-2.965453296182486,0.5337731330257816
