1,0.794115,0.715776,0.735977,0.750737,0.675594,0.787548,0.761308,0.709522,0.755917,0.879928,0.73479,0.720755,0.770549,0.668761,0.8419,0.716745,0.787609,0.748995,0.779771,0.685265,0.83359,0.771979,0.794438,0.7065551,0.692382,0.755354,0.855009,0.765628,0.73170083,0.746728,0.695696,0.810885,0.789861,0.738964,0.740033,0.7986984,0.832132,0.911803,0.7553261,0.741448,0.792399,0.709103,0.734866,0.668668,0.810707,0.635769,0.692281,0.753284,0.717691,0.676321,0.794824,0.790718,0.737324,0.722906,0.643418,0.767806,0.856475,0.736935,0.708537,0.734206,0.740826,0.663396,0.615267,0.693533,0.794401,0.757532,0.638563,0.746622,0.77397,0.8107,0.727435,0.77673,0.693424,0.750903,0.750067,0.758209,0.713371,0.688418,0.6507988,0.7222649,0.751615,0.820145,0.762512,0.724745,0.705627,0.811812,0.839513,0.809955,0.697645,0.698503,0.666393,0.74945,0.876235,0.753726,0.789137,0.803752,0.83847,0.7556834,0.757956
0.794115,1,0.855843,0.837451,0.727286,0.730128,0.925951,0.742856,0.716966,0.802873,0.775929,0.828129,0.7473,0.823756,0.796231,0.847202,0.833025,0.884389,0.914458,0.861844,0.819979,0.841056,0.845307,0.807764,0.711506,0.786157,0.801355,0.85065,0.785047,0.879796,0.773314,0.784679,0.845333,0.819017,0.764556,0.821099,0.738631,0.77894,0.853167,0.780921,0.736814,0.725101,0.742733,0.789506,0.815933,0.924037,0.772217,0.798762,0.619554,0.863836,0.769775,0.825202,0.789955,0.784627,0.770344,0.684235,0.809588,0.776454,0.796777,0.819631,0.821649,0.734923,0.785145,0.804734,0.79401,0.820842,0.870636,0.742441,0.914734,0.8072373,0.830186,0.728606,0.795595,0.867782,0.84337,0.782463,0.811602,0.881364,0.837022,0.779305,0.769508,0.830259,0.802202,0.886656,0.767401,0.746625,0.800837,0.749126,0.830335,0.851558,0.780653,0.82255,0.860147,0.747176,0.82635,0.845234,0.813248,0.696333,0.736589,0.80473
0.715776,0.855843,1,0.7453487,0.73921,0.627458,0.767174,0.688375,0.637986,0.803564,0.745489,0.836823,0.720603,0.771428,0.733302,0.769125,0.754903,0.829868,0.780639,0.841241,0.727936,0.758785,0.811714,0.815666,0.749705,0.751166,0.722815,0.727043,0.814339,0.835463,0.670511,0.847269,0.770734,0.743693,0.739842,0.783731,0.646281,0.805128,0.773877,0.848304,0.685138,0.6351058,0.627025,0.656026,0.66671,0.810705,0.714152,0.684775,0.714831,0.791413,0.65076,0.717036,0.773736,0.754573,0.660218,0.607946,0.730623,0.764206,0.783125,0.748338,0.777725,0.693854,0.719376,0.726226,0.783398,0.804356,0.836451,0.734209,0.78659,0.798936,0.830174,0.694307,0.758073,0.841896,0.742447,0.804612,0.780612,0.798018,0.731398,0.713348,0.693673,0.733338,0.837886,0.79745,0.703877,0.658914,0.703818,0.767507,0.815541,0.804457,0.693335,0.745321,0.773904,0.682414,0.779809,0.8136,0.774408,0.586443,0.693898,0.732317
0.735977,0.837451,0.7453487,1,0.80523,0.799943,0.868227,0.777272,0.826919,0.837104,0.748524,0.808347,0.779013,0.801887,0.780071,0.875857,0.802011,0.848208,0.829342,0.791134,0.774494,0.764051,0.854224,0.877663,0.726094,0.814457,0.811966,0.798486,0.742664,0.867637,0.857543,0.719592,0.884585,0.75033,0.6516221,0.801822,0.695299,0.804844,0.78296,0.752031,0.741185,0.730745,0.740132,0.744555,0.74853,0.807908,0.743479,0.907056,0.740972,0.884313,0.762511,0.775616,0.821369,0.914177,0.839643,0.759749,0.857758,0.749289,0.714072,0.899617,0.89688,0.750248,0.785074,0.756116,0.740715,0.726842,0.826636,0.895594,0.897321,0.768839,0.75493,0.716924,0.789462,0.819653,0.85391,0.856143,0.803603,0.863484,0.942343,0.888875,0.838164,0.861914,0.82051,0.945501,0.837403,0.913596,0.844514,0.763253,0.761986,0.86355,0.939833,0.755332,0.900663,0.703742,0.723881,0.824205,0.899937,0.620888,0.750986,0.852895
0.750737,0.727286,0.73921,0.80523,1,0.7476233,0.715789,0.829395,0.839994,0.772814,0.750742,0.701982,0.757498,0.743764,0.68339,0.74099,0.762944,0.766293,0.745529,0.746986,0.71336,0.720351,0.75437,0.794171,0.853777,0.696672,0.668288,0.77107,0.712652,0.789309,0.770513,0.772113,0.8338,0.732966,0.607219,0.821597,0.770941,0.903099,0.780993,0.78065,0.716952,0.781629,0.6257447,0.635249,0.683714,0.68047,0.682001,0.696967,0.71192,0.751795,0.843985,0.6925171,0.866527,0.785305,0.798447,0.668149,0.800463,0.807053,0.763704,0.811666,0.800432,0.709898,0.733426,0.724988,0.739435,0.707517,0.764552,0.754404,0.79708,0.747711,0.734284,0.761005,0.773655,0.78545,0.79893,0.827011,0.66387,0.710413,0.754812,0.844293,0.735402,0.792227,0.691618,0.757334,0.815077,0.794302,0.788204,0.795837,0.757469,0.763171,0.771769,0.769863,0.730135,0.690186,0.667723,0.807455,0.860659,0.650583,0.703963,0.705057
0.675594,0.730128,0.627458,0.799943,0.7476233,1,0.677145,0.848446,0.895104,0.749659,0.740163,0.7189908,0.7364841,0.716168,0.719883,0.745175,0.649087,0.703599,0.754269,0.701975,0.750187,0.771836,0.765361,0.788198,0.800106,0.770653,0.695779,0.754017,0.675353,0.792915,0.747423,0.786569,0.844378,0.620035,0.579032,0.775301,0.684742,0.8132,0.719665,0.614133,0.660601,0.880076,0.789337,0.78629,0.759072,0.753728,0.743879,0.744287,0.851644,0.753386,0.912502,0.814611,0.72524,0.751176,0.847945,0.791991,0.845733,0.73308,0.674228,0.822304,0.8144,0.761542,0.849897,0.775406,0.751504,0.66449,0.787985,0.804921,0.741675,0.749209,0.736616,0.776149,0.721588,0.78506,0.751886,0.766928,0.621656,0.7039048,0.745938,0.770084,0.858984,0.784052,0.672002,0.767463,0.913434,0.911599,0.769534,0.6791454,0.694915,0.768024,0.823329,0.773674,0.776463,0.747407,0.658034,0.7269079,0.749482,0.685123,0.76122,0.6644602
0.787548,0.925951,0.767174,0.868227,0.715789,0.677145,1,0.834045,0.7185096,0.703648,0.713394,0.690274,0.702498,0.782086,0.718888,0.917919,0.816134,0.869325,0.845527,0.803586,0.787845,0.782422,0.821472,0.787597,0.6470147,0.75057,0.79139,0.847506,0.723355,0.819453,0.733969,0.721991,0.824572,0.826551,0.716758,0.777453,0.788026,0.777523,0.846662,0.715847,0.767545,0.663462,0.659082,0.644748,0.768423,0.815162,0.712895,0.812377,0.635466,0.796363,0.704854,0.734745,0.727661,0.815193,0.732082,0.712896,0.777138,0.790071,0.759917,0.807115,0.811943,0.714206,0.737549,0.775052,0.767147,0.769195,0.804095,0.734536,0.910565,0.789169,0.779334,0.740306,0.776404,0.80061,0.816394,0.753826,0.789625,0.887884,0.847605,0.796367,0.734037,0.802684,0.766936,0.886062,0.71928,0.781293,0.800017,0.724847,0.75523,0.799707,0.849437,0.783749,0.814749,0.625899,0.766002,0.794359,0.794937,0.633932,0.728354,0.795634
0.761308,0.742856,0.688375,0.777272,0.829395,0.848446,0.834045,1,0.841492,0.733683,0.7715,0.663202,0.740415,0.728371,0.726446,0.825041,0.734857,0.786814,0.719192,0.799054,0.745454,0.797041,0.761586,0.828725,0.815973,0.745707,0.769465,0.802716,0.664806,0.758039,0.730531,0.839169,0.778175,0.720392,0.684247,0.834152,0.78747,0.833359,0.795813,0.682494,0.759811,0.718054,0.741229,0.657877,0.708578,0.684811,0.714349,0.7612633,0.813347,0.697209,0.806545,0.789853,0.67822,0.809185,0.80737,0.7781452,0.806654,0.919656,0.695452,0.817324,0.808415,0.752037,0.79183,0.808951,0.757675,0.742707,0.74957,0.724417,0.798381,0.788363,0.740701,0.773478,0.774211,0.751523,0.754065,0.761555,0.637117,0.738824,0.774215,0.806083,0.779101,0.756874,0.683361,0.752227,0.779721,0.826363,0.85513,0.715788,0.761875,0.767071,0.830175,0.829389,0.757399,0.611506,0.612678,0.77428,0.770623,0.5633341,0.741169,0.6935966
0.709522,0.716966,0.637986,0.826919,0.839994,0.895104,0.7185096,0.841492,1,0.710023,0.729825,0.680431,0.719723,0.695841,0.714643,0.815588,0.683693,0.69502,0.692375,0.660833,0.741609,0.713591,0.743991,0.733354,0.736451,0.719118,0.657439,0.787588,0.615025,0.78846,0.843799,0.756081,0.781031,0.610657,0.634108,0.727593,0.740073,0.759724,0.621529,0.61155,0.674137,0.818897,0.749125,0.780581,0.7190565,0.776251,0.717104,0.74141,0.731208,0.695058,0.897699,0.754212,0.756266,0.725808,0.852453,0.747672,0.754473,0.7711931,0.647732,0.806768,0.781267,0.691524,0.726683,0.72795,0.669553,0.618768,0.699843,0.7505282,0.754812,0.682289,0.625367,0.735548,0.731613,0.732319,0.787935,0.790749,0.666904,0.759174,0.80556,0.912545,0.835109,0.737511,0.664198,0.777727,0.804094,0.880798,0.80803,0.679678,0.638268,0.783335,0.87909,0.736919,0.7114716,0.690116,0.665653,0.730287,0.772813,0.695038,0.743666,0.634651
0.755917,0.802873,0.803564,0.837104,0.772814,0.749659,0.703648,0.733683,0.710023,1,0.784654,0.912106,0.685754,0.743859,0.659511,0.705873,0.720606,0.7487196,0.808443,0.775851,0.707932,0.751923,0.747418,0.834724,0.860398,0.708696,0.753219,0.6772157,0.73746,0.782305,0.818017,0.828773,0.821785,0.731083,0.677308,0.74629,0.652401,0.790555,0.790368,0.813814,0.679041,0.719088,0.721197,0.738844,0.707129,0.809799,0.668247,0.779456,0.707593,0.888759,0.724892,0.804723,0.791762,0.832016,0.874051,0.692974,0.851932,0.748685,0.838958,0.7441697,0.766444,0.6549008,0.6895,0.6627612,0.724387,0.759036,0.815222,0.804376,0.783086,0.763619,0.798776,0.6699248,0.736244,0.798432,0.73049,0.751389,0.708301,0.679198,0.731817,0.796146,0.691898,0.735009,0.792738,0.814015,0.802748,0.796455,0.861051,0.7206085,0.7831903,0.727973,0.767334,0.765244,0.833992,0.796895,0.752939,0.799024,0.808182,0.765052,0.6459521,0.851765
0.879928,0.775929,0.745489,0.748524,0.750742,0.740163,0.713394,0.7715,0.729825,0.784654,1,0.831332,0.859038,0.753598,0.810778,0.715604,0.624733,0.790169,0.777029,0.838097,0.677315,0.952101,0.826277,0.86598,0.75727,0.78985,0.888794,0.896385,0.715979,0.752114,0.725784,0.710201,0.817435,0.726757,0.859492,0.85055,0.746696,0.810589,0.877627,0.746825,0.658931,0.857172,0.868733,0.862135,0.673481,0.885856,0.715514,0.771906,0.753515,0.828202,0.757866,0.843788,0.796984,0.823263,0.776085,0.685721,0.729643,0.880971,0.662943,0.763619,0.748868,0.81808,0.794595,0.759245,0.82248,0.810963,0.810133,0.729734,0.790857,0.877507,0.819949,0.764456,0.723512,0.766743,0.781773,0.785052,0.623099,0.681826,0.738671,0.63169,0.794317,0.810171,0.702159,0.717659,0.827935,0.780213,0.806179,0.758867,0.822181,0.797247,0.702667,0.663284,0.856631,0.828345,0.632823,0.75733,0.8503,0.740502,0.850514,0.841816
0.73479,0.828129,0.836823,0.808347,0.701982,0.7189908,0.690274,0.663202,0.680431,0.912106,0.831332,1,0.7409535,0.766696,0.779736,0.66711,0.687181,0.779143,0.826109,0.841037,0.711213,0.836299,0.775715,0.872116,0.860475,0.785851,0.770797,0.684439,0.78555,0.798516,0.753322,0.774086,0.768826,0.789544,0.775515,0.786438,0.627532,0.78037,0.815765,0.856693,0.622568,0.761465,0.778886,0.776399,0.722157,0.866123,0.775081,0.759305,0.742644,0.875786,0.743661,0.740307,0.733592,0.826814,0.821994,0.6423632,0.784539,0.760012,0.755549,0.7598251,0.752549,0.728482,0.70064,0.761757,0.835161,0.817527,0.8106,0.822264,0.774774,0.842566,0.839971,0.725649,0.703209,0.790305,0.757764,0.764161,0.722542,0.722198,0.769723,0.720955,0.773632,0.759737,0.822758,0.810363,0.788135,0.7292343,0.777482,0.704602,0.833175,0.795357,0.751594,0.722,0.813577,0.774293,0.6991163,0.776342,0.794635,0.693983,0.743504,0.810436
0.720755,0.7473,0.720603,0.779013,0.757498,0.7364841,0.702498,0.740415,0.719723,0.685754,0.859038,0.7409535,1,0.734686,0.826555,0.742865,0.7519384,0.752927,0.7227,0.788457,0.71108,0.863903,0.791229,0.820404,0.722759,0.857226,0.888678,0.88948,0.671748,0.847786,0.651515,0.719988,0.874337,0.640478,0.813241,0.884769,0.668197,0.769775,0.758602,0.759661,0.625986,0.845222,0.849978,0.739549,0.768813,0.815562,0.820273,0.853415,0.799873,0.7758357,0.757615,0.723765,0.619183,0.833247,0.6900429,0.6211334,0.697053,0.74496,0.6942023,0.880549,0.886479,0.763171,0.802526,0.804846,0.799131,0.771836,0.803523,0.825695,0.833764,0.825173,0.730863,0.745019,0.71669,0.842251,0.847132,0.911237,0.740149,0.7662,0.7821,0.667756,0.879484,0.820786,0.646365,0.713975,0.807898,0.743019,0.643625,0.649118,0.79521,0.890278,0.723817,0.721178,0.864389,0.657337,0.685404,0.770415,0.731257,0.645795,0.748504,0.786977
0.770549,0.823756,0.771428,0.801887,0.743764,0.716168,0.782086,0.728371,0.695841,0.743859,0.753598,0.766696,0.734686,1,0.8434401,0.710734,0.80293,0.936597,0.858878,0.928298,0.936942,0.800888,0.938541,0.871332,0.712211,0.811302,0.759132,0.81326,0.951751,0.924219,0.777612,0.814508,0.833946,0.908695,0.755121,0.86086,0.747984,0.831302,0.84704,0.841224,0.870851,0.733432,0.759741,0.745354,0.812808,0.804165,0.8451,0.750513,0.720965,0.814267,0.739966,0.801987,0.714918,0.75148,0.768675,0.820725,0.844376,0.780065,0.875148,0.859915,0.85418,0.81181,0.860382,0.850121,0.873597,0.866208,0.925937,0.742953,0.85744,0.88197,0.919733,0.843886,0.95769,0.918544,0.901082,0.83743,0.80269,0.866291,0.863087,0.748437,0.771886,0.925278,0.771221,0.766375,0.797586,0.753831,0.773557,0.900722,0.919238,0.881372,0.74529,0.905317,0.822392,0.841366,0.841802,0.965679,0.85164,0.74924,0.690813,0.768183
0.668761,0.796231,0.733302,0.780071,0.68339,0.719883,0.718888,0.726446,0.714643,0.659511,0.810778,0.779736,0.826555,0.8434401,1,0.687741,0.715951,0.823386,0.76667,0.900598,0.867108,0.859505,0.874494,0.887164,0.652322,0.880479,0.811247,0.776061,0.806368,0.862192,0.755999,0.717232,0.766374,0.737452,0.814778,0.919684,0.61798,0.717505,0.788736,0.753267,0.724551,0.745789,0.828348,0.773194,0.78812,0.806879,0.877772,0.816596,0.759467,0.786646,0.740346,0.717322,0.655502,0.795482,0.744616,0.75457,0.7057679,0.785186,0.703877,0.856151,0.814325,0.864498,0.88378,0.880078,0.860786,0.883929,0.85742,0.750312,0.832213,0.88585,0.826465,0.790011,0.8178654,0.861013,0.853053,0.82209,0.709981,0.835444,0.853418,0.715817,0.836891,0.892143,0.693191,0.729276,0.810089,0.770295,0.737086,0.7420965,0.886881,0.91163,0.7426284,0.756997,0.794192,0.671254,0.7408681,0.8255269,0.818701,0.5641714,0.757299,0.732737
0.8419,0.847202,0.769125,0.875857,0.74099,0.745175,0.917919,0.825041,0.815588,0.705873,0.715604,0.66711,0.742865,0.710734,0.687741,1,0.816335,0.796526,0.737039,0.737055,0.736165,0.71826,0.760484,0.772522,0.654501,0.701969,0.773312,0.838735,0.664274,0.797252,0.733338,0.723388,0.840981,0.690839,0.656589,0.731451,0.775157,0.783954,0.801661,0.671253,0.770716,0.721309,0.630026,0.650783,0.732372,0.774696,0.637196,0.789147,0.754869,0.7084752,0.6692852,0.746491,0.730256,0.795788,0.6933863,0.654983,0.771217,0.797155,0.733779,0.807635,0.820797,0.6342212,0.736887,0.680065,0.648321,0.750815,0.748837,0.748561,0.818918,0.688741,0.720087,0.641123,0.755917,0.769929,0.746156,0.804683,0.791808,0.857451,0.776515,0.817163,0.752501,0.7333,0.827508,0.91164,0.714369,0.77772,0.801418,0.744616,0.716118,0.76811,0.831233,0.74456,0.78668,0.651891,0.761615,0.762231,0.765708,0.6626404,0.751698,0.725809
0.716745,0.833025,0.754903,0.802011,0.762944,0.649087,0.816134,0.734857,0.683693,0.720606,0.624733,0.687181,0.7519384,0.80293,0.715951,0.816335,1,0.87205,0.744432,0.797976,0.744146,0.659521,0.752178,0.782181,0.646666,0.690027,0.64382,0.731063,0.746857,0.828118,0.690897,0.747267,0.741037,0.755891,0.637835,0.778489,0.769795,0.712828,0.741921,0.752587,0.790869,0.632708,0.653404,0.634475,0.803533,0.717728,0.717955,0.748195,0.670524,0.706758,0.667788,0.757422,0.697005,0.710465,0.719662,0.665798,0.80048,0.713078,0.845487,0.808537,0.825795,0.649404,0.686244,0.683635,0.685864,0.781076,0.774156,0.683733,0.761681,0.707936,0.744875,0.737614,0.799103,0.811868,0.81801,0.802486,0.878559,0.880254,0.771377,0.768976,0.688787,0.775439,0.814039,0.845355,0.70226,0.693611,0.763725,0.778258,0.793473,0.800649,0.737031,0.845089,0.809979,0.670854,0.818297,0.855218,0.765254,0.6292245,0.581288,0.643285
0.787609,0.884389,0.829868,0.848208,0.766293,0.703599,0.869325,0.786814,0.69502,0.7487196,0.790169,0.779143,0.752927,0.936597,0.823386,0.796526,0.87205,1,0.859932,0.957182,0.872091,0.836198,0.921009,0.90121,0.708037,0.816272,0.783557,0.829407,0.890568,0.906063,0.760442,0.810547,0.837441,0.889709,0.749205,0.887167,0.759909,0.840479,0.857725,0.822505,0.840906,0.717991,0.748004,0.713783,0.766417,0.810944,0.809074,0.767886,0.715656,0.825158,0.732647,0.841398,0.755747,0.812031,0.773495,0.796462,0.851473,0.805607,0.8579,0.867486,0.856673,0.839208,0.839317,0.840089,0.879079,0.884597,0.911307,0.731559,0.864901,0.903641,0.915522,0.847807,0.903805,0.887723,0.887585,0.847654,0.82649,0.902882,0.867489,0.772862,0.763318,0.912686,0.813399,0.867296,0.806913,0.776405,0.81559,0.855625,0.920067,0.855065,0.779993,0.885493,0.847447,0.794767,0.832905,0.940838,0.882003,0.674927,0.6650192,0.786275
0.748995,0.914458,0.780639,0.829342,0.745529,0.754269,0.845527,0.719192,0.692375,0.808443,0.777029,0.826109,0.7227,0.858878,0.76667,0.737039,0.744432,0.859932,1,0.834762,0.862805,0.83308,0.900967,0.825222,0.736454,0.813338,0.8278,0.805477,0.830761,0.897224,0.776005,0.733114,0.831041,0.890486,0.719747,0.798114,0.716359,0.806091,0.863651,0.779832,0.722335,0.7445824,0.720961,0.805811,0.801077,0.880124,0.799162,0.790193,0.646874,0.917862,0.807759,0.809778,0.801224,0.832829,0.802374,0.797762,0.85975,0.743113,0.805579,0.88433,0.871354,0.723896,0.828642,0.859628,0.893042,0.772883,0.885109,0.823135,0.911074,0.855884,0.870116,0.773457,0.811645,0.872565,0.887997,0.818798,0.765865,0.830064,0.843344,0.748733,0.768086,0.863934,0.750161,0.832298,0.778203,0.738826,0.782508,0.781602,0.797504,0.855019,0.778686,0.841463,0.839844,0.799791,0.778833,0.847827,0.80525,0.660174,0.798757,0.891446
0.779771,0.861844,0.841241,0.791134,0.746986,0.701975,0.803586,0.799054,0.660833,0.775851,0.838097,0.841037,0.788457,0.928298,0.900598,0.737055,0.797976,0.957182,0.834762,1,0.868427,0.883147,0.890919,0.925677,0.760791,0.887925,0.815623,0.788693,0.90006,0.866769,0.749807,0.843026,0.812103,0.880138,0.828977,0.941003,0.729124,0.835255,0.872304,0.840923,0.809914,0.726854,0.81859,0.747029,0.762535,0.822217,0.89015,0.800198,0.7712,0.811792,0.721733,0.799959,0.729686,0.829185,0.777962,0.781916,0.824889,0.860699,0.829128,0.845364,0.811842,0.88804,0.871605,0.898154,0.91585,0.937234,0.893024,0.711455,0.823961,0.944988,0.93047,0.845187,0.893695,0.865911,0.848965,0.814439,0.759673,0.841111,0.819936,0.750373,0.784155,0.899025,0.786481,0.79693,0.804879,0.730064,0.810112,0.841045,0.96773,0.854882,0.737032,0.875006,0.807862,0.779919,0.791856,0.92491,0.868088,0.646381,0.72921,0.778214
0.685265,0.819979,0.727936,0.774494,0.71336,0.750187,0.787845,0.745454,0.741609,0.707932,0.677315,0.711213,0.71108,0.936942,0.867108,0.736165,0.744146,0.872091,0.862805,0.868427,1,0.756069,0.917824,0.799124,0.70296,0.851678,0.769817,0.792887,0.87729,0.902975,0.799295,0.803425,0.820513,0.850094,0.762702,0.840841,0.713611,0.767972,0.766285,0.73927,0.893435,0.717196,0.795832,0.767497,0.869138,0.799493,0.880385,0.776189,0.685944,0.770946,0.754681,0.756752,0.695244,0.716159,0.763018,0.877516,0.806608,0.761606,0.846592,0.850376,0.848352,0.765978,0.911341,0.906625,0.861208,0.825765,0.884053,0.75478,0.850985,0.835383,0.858121,0.778777,0.956207,0.88565,0.864021,0.789232,0.72997,0.825449,0.838978,0.790214,0.756868,0.881378,0.684017,0.750792,0.752425,0.749709,0.728789,0.853319,0.847779,0.880465,0.799983,0.903865,0.774652,0.745931,0.830252,0.915681,0.781819,0.688229,0.753771,0.74432
0.83359,0.841056,0.758785,0.764051,0.720351,0.771836,0.782422,0.797041,0.713591,0.751923,0.952101,0.836299,0.863903,0.800888,0.859505,0.71826,0.659521,0.836198,0.83308,0.883147,0.756069,1,0.866862,0.87127,0.754835,0.85483,0.920099,0.92018,0.744927,0.823391,0.713109,0.72964,0.832951,0.772771,0.883643,0.909377,0.7088187,0.807298,0.901148,0.767921,0.68624,0.85617,0.881362,0.865068,0.753331,0.905288,0.795814,0.823981,0.746009,0.877639,0.794147,0.82297,0.7121528,0.868541,0.789461,0.7096527,0.740197,0.857881,0.710501,0.825795,0.802646,0.892128,0.845893,0.84429,0.892556,0.847875,0.857593,0.7602845,0.881658,0.944251,0.84783,0.843418,0.760828,0.827377,0.849924,0.808298,0.676619,0.747345,0.786266,0.632449,0.8536,0.861475,0.680698,0.721978,0.846805,0.798963,0.780505,0.755472,0.861169,0.856768,0.730206,0.70916,0.865973,0.790957,0.713185,0.812755,0.832464,0.720544,0.833777,0.876298
0.771979,0.845307,0.811714,0.854224,0.75437,0.765361,0.821472,0.761586,0.743991,0.747418,0.826277,0.775715,0.791229,0.938541,0.874494,0.760484,0.752178,0.921009,0.900967,0.890919,0.917824,0.866862,1,0.912271,0.723439,0.89182,0.859814,0.874434,0.881303,0.954192,0.802067,0.782416,0.869568,0.860833,0.813906,0.873616,0.722014,0.842503,0.863785,0.820872,0.816989,0.813682,0.830848,0.806416,0.823578,0.864905,0.848836,0.816472,0.7127707,0.887533,0.785937,0.832247,0.766373,0.834173,0.796875,0.862947,0.848796,0.777309,0.846527,0.924496,0.917131,0.847682,0.902674,0.900714,0.927814,0.848464,0.959094,0.845362,0.906772,0.916103,0.932573,0.824332,0.911656,0.936774,0.926404,0.893676,0.778859,0.864645,0.898099,0.734768,0.830935,0.936529,0.778438,0.824686,0.810806,0.810756,0.76642,0.847625,0.860372,0.946743,0.809198,0.848025,0.887027,0.811445,0.81845,0.920821,0.862725,0.68286,0.806063,0.862486
0.794438,0.807764,0.815666,0.877663,0.794171,0.788198,0.787597,0.828725,0.733354,0.834724,0.86598,0.872116,0.820404,0.871332,0.887164,0.772522,0.782181,0.90121,0.825222,0.925677,0.799124,0.87127,0.912271,1,0.798342,0.873463,0.83631,0.793494,0.823237,0.881113,0.814536,0.779116,0.828005,0.800973,0.791134,0.919517,0.741159,0.812079,0.880951,0.820671,0.798403,0.770685,0.835157,0.765767,0.7470814,0.782647,0.810844,0.836532,0.848198,0.87247,0.744623,0.818861,0.760786,0.882937,0.885454,0.807026,0.873023,0.872565,0.787219,0.915136,0.886317,0.875359,0.857275,0.835206,0.862223,0.908138,0.904502,0.839424,0.838339,0.899349,0.898243,0.824791,0.857854,0.873517,0.870405,0.876259,0.729814,0.821379,0.856557,0.771422,0.843002,0.911611,0.833288,0.841085,0.836488,0.85785,0.876446,0.836592,0.921337,0.896827,0.788956,0.798683,0.889415,0.772376,0.730286,0.893347,0.928223,0.660282,0.803943,0.8160661
0.7065551,0.711506,0.749705,0.726094,0.853777,0.800106,0.6470147,0.815973,0.736451,0.860398,0.75727,0.860475,0.722759,0.712211,0.652322,0.654501,0.646666,0.708037,0.736454,0.760791,0.70296,0.754835,0.723439,0.798342,1,0.764889,0.699997,0.675946,0.748868,0.701699,0.697123,0.886205,0.784872,0.747353,0.687886,0.7493416,0.6282487,0.88528,0.810211,0.830798,0.662898,0.759224,0.727504,0.670104,0.710033,0.725095,0.763836,0.706169,0.829094,0.786018,0.842024,0.738959,0.744971,0.767437,0.834631,0.7238609,0.828154,0.740605,0.802027,0.77388,0.773446,0.6999213,0.740765,0.778126,0.790026,0.741354,0.73212,0.822446,0.724627,0.75641,0.784858,0.753106,0.697504,0.7298,0.715848,0.724079,0.674664,0.616727,0.644796,0.769727,0.727235,0.701208,0.720145,0.727569,0.832868,0.77137,0.777041,0.692674,0.76187,0.690434,0.734858,0.808324,0.735007,0.74582,0.621734,0.717592,0.763574,0.654121,0.723547,0.743844
0.692382,0.786157,0.751166,0.814457,0.696672,0.770653,0.75057,0.745707,0.719118,0.708696,0.78985,0.785851,0.857226,0.811302,0.880479,0.701969,0.690027,0.816272,0.813338,0.887925,0.851678,0.85483,0.89182,0.873463,0.764889,1,0.824221,0.794133,0.830429,0.867168,0.769999,0.746901,0.828223,0.782873,0.799494,0.915935,0.558501,0.800498,0.834391,0.775118,0.7132053,0.788893,0.865952,0.755655,0.833658,0.79192,0.952663,0.896088,0.771884,0.803029,0.77542,0.713055,0.671265,0.862961,0.705328,0.784617,0.7920869,0.760149,0.775982,0.899566,0.902451,0.860411,0.904786,0.938945,0.907786,0.882765,0.828917,0.832351,0.887114,0.895634,0.841943,0.744585,0.822154,0.820378,0.844619,0.820695,0.764884,0.750145,0.864426,0.743644,0.826278,0.865765,0.731166,0.759949,0.758048,0.730162,0.653406,0.741493,0.893748,0.917295,0.823617,0.774448,0.812394,0.658829,0.773476,0.811166,0.738162,0.5217114,0.774048,0.814733
0.755354,0.801355,0.722815,0.811966,0.668288,0.695779,0.79139,0.769465,0.657439,0.753219,0.888794,0.770797,0.888678,0.759132,0.811247,0.773312,0.64382,0.783557,0.8278,0.815623,0.769817,0.920099,0.859814,0.83631,0.699997,0.824221,1,0.901567,0.6536471,0.833864,0.712912,0.679783,0.825733,0.705539,0.906835,0.856758,0.7128494,0.724771,0.810414,0.687418,0.683479,0.795959,0.820702,0.775857,0.713795,0.879833,0.749211,0.904438,0.771738,0.869047,0.691948,0.728996,0.685578,0.905081,0.733177,0.694035,0.727934,0.802507,0.705575,0.865182,0.860621,0.819304,0.845811,0.820492,0.848733,0.790531,0.842025,0.810287,0.871265,0.886905,0.781279,0.749074,0.756081,0.828428,0.81382,0.828013,0.633826,0.73208,0.7561153,0.678456,0.801708,0.808088,0.647437,0.723985,0.7607139,0.739627,0.737375,0.729362,0.778929,0.858387,0.762654,0.686608,0.868909,0.674287,0.720567,0.795072,0.783109,0.677767,0.86546,0.9296
0.855009,0.85065,0.727043,0.798486,0.77107,0.754017,0.847506,0.802716,0.787588,0.6772157,0.896385,0.684439,0.88948,0.81326,0.776061,0.838735,0.731063,0.829407,0.805477,0.788693,0.792887,0.92018,0.874434,0.793494,0.675946,0.794133,0.901567,1,0.72017,0.837636,0.733515,0.724016,0.890163,0.751549,0.851112,0.845027,0.815295,0.824935,0.842098,0.72257,0.715287,0.867094,0.851696,0.851107,0.786833,0.910281,0.740961,0.799059,0.701041,0.819256,0.797292,0.838872,0.755388,0.808719,0.737211,0.717562,0.751922,0.807065,0.733371,0.824253,0.834339,0.774995,0.810419,0.80641,0.825041,0.729001,0.85031,0.752905,0.898064,0.856919,0.789666,0.77165,0.798374,0.837814,0.845941,0.823788,0.713531,0.776605,0.801399,0.692049,0.807714,0.832773,0.668574,0.765796,0.782387,0.767467,0.731267,0.760647,0.743223,0.844308,0.756382,0.774178,0.881905,0.812441,0.729289,0.815112,0.800124,0.765622,0.828654,0.83928
0.765628,0.785047,0.814339,0.742664,0.712652,0.675353,0.723355,0.664806,0.615025,0.73746,0.715979,0.78555,0.671748,0.951751,0.806368,0.664274,0.746857,0.890568,0.830761,0.90006,0.87729,0.744927,0.881303,0.823237,0.748868,0.830429,0.6536471,0.72017,1,0.85771,0.743599,0.799559,0.770487,0.912255,0.699855,0.806615,0.669517,0.849707,0.854687,0.892037,0.807674,0.670832,0.728387,0.679425,0.778137,0.772032,0.842403,0.705826,0.730888,0.769889,0.689044,0.751905,0.694167,0.699556,0.702121,0.772959,0.844159,0.770968,0.852545,0.794176,0.810561,0.764402,0.793705,0.821262,0.838393,0.853472,0.861306,0.732056,0.793611,0.818683,0.920696,0.748805,0.903225,0.828741,0.823241,0.765605,0.825593,0.779131,0.816607,0.701825,0.707258,0.859697,0.803983,0.742971,0.738089,0.6666732,0.709048,0.918601,0.921618,0.819968,0.747724,0.860926,0.760349,0.824095,0.809607,0.903326,0.77835,0.693708,0.716088,0.727249
0.73170083,0.879796,0.835463,0.867637,0.789309,0.792915,0.819453,0.758039,0.78846,0.782305,0.752114,0.798516,0.847786,0.924219,0.862192,0.797252,0.828118,0.906063,0.897224,0.866769,0.902975,0.823391,0.954192,0.881113,0.701699,0.867168,0.833864,0.837636,0.85771,1,0.802811,0.810377,0.873102,0.818405,0.787634,0.865769,0.706328,0.812224,0.810033,0.819315,0.7903,0.831417,0.757876,0.775907,0.830246,0.861351,0.850396,0.818531,0.762374,0.868113,0.814421,0.773147,0.756067,0.808132,0.809909,0.773738,0.837837,0.745678,0.87466,0.949353,0.939192,0.814307,0.875247,0.862246,0.870833,0.842719,0.956633,0.83704,0.902527,0.874956,0.893255,0.825552,0.905037,0.968727,0.958779,0.948602,0.824972,0.904557,0.888717,0.786099,0.892394,0.936193,0.802603,0.845983,0.855658,0.839851,0.767311,0.843574,0.861127,0.971444,0.81862,0.844684,0.850149,0.781255,0.881306,0.950077,0.859187,0.706984,0.751621,0.821075
0.746728,0.773314,0.670511,0.857543,0.770513,0.747423,0.733969,0.730531,0.843799,0.818017,0.725784,0.753322,0.651515,0.777612,0.755999,0.733338,0.690897,0.760442,0.776005,0.749807,0.799295,0.713109,0.802067,0.814536,0.697123,0.769999,0.712912,0.733515,0.743599,0.802811,1,0.657749,0.768125,0.72838,0.668969,0.755412,0.724609,0.709819,0.7154758,0.718471,0.776288,0.70812,0.817009,0.817833,0.824199,0.795527,0.72099239,0.814187,0.6633624,0.789566,0.710207,0.763358,0.816933,0.727788,0.859784,0.839651,0.798639,0.797493,0.699611,0.77872,0.768193,0.716572,0.779855,0.755446,0.658917,0.766084,0.785452,0.784606,0.77454,0.68119,0.743005,0.628171,0.840541,0.747315,0.763701,0.722539,0.6913693,0.720373,0.901108,0.894782,0.769435,0.838223,0.741444,0.788638,0.750916,0.843724,0.84168,0.830911,0.781237,0.813353,0.904305,0.734507,0.810863,0.752918,0.748718,0.795988,0.879666,0.706293,0.784869,0.7570932
0.695696,0.784679,0.847269,0.719592,0.772113,0.786569,0.721991,0.839169,0.756081,0.828773,0.710201,0.774086,0.719988,0.814508,0.717232,0.723388,0.747267,0.810547,0.733114,0.843026,0.803425,0.72964,0.782416,0.779116,0.886205,0.746901,0.679783,0.724016,0.799559,0.810377,0.657749,1,0.820317,0.755015,0.720011,0.801769,0.69833,0.857165,0.754413,0.805784,0.718087,0.672556,0.703203,0.709529,0.752071,0.733273,0.797744,0.691231,0.782669,0.72115,0.801388,0.781728,0.682726,0.713205,0.787684,0.725258,0.786647,0.741833,0.863712,0.747926,0.772915,0.737906,0.7776409,0.771354,0.773956,0.793467,0.835702,0.687475,0.766571,0.792945,0.812834,0.814675,0.809893,0.850477,0.736544,0.738231,0.701041,0.72941,0.663571,0.773118,0.683261,0.735729,0.735075,0.733992,0.782127,0.745146,0.783665,0.699768,0.830714,0.765977,0.743215,0.901585,0.714653,0.742,0.747643,0.828481,0.661729,0.63487,0.605233,0.657957
0.810885,0.845333,0.770734,0.884585,0.8338,0.844378,0.824572,0.778175,0.781031,0.821785,0.817435,0.768826,0.874337,0.833946,0.766374,0.840981,0.741037,0.837441,0.831041,0.812103,0.820513,0.832951,0.869568,0.828005,0.784872,0.828223,0.825733,0.890163,0.770487,0.873102,0.768125,0.820317,1,0.764046,0.69507,0.858027,0.709595,0.912884,0.866992,0.808943,0.728347,0.860009,0.784498,0.751871,0.799566,0.824897,0.773515,0.784774,0.764266,0.852855,0.839623,0.807178,0.797425,0.850798,0.795062,0.71727,0.865276,0.75855,0.821172,0.860902,0.8525627,0.738382,0.864609,0.813364,0.796344,0.781017,0.89955,0.855637,0.920872,0.824093,0.829235,0.713975,0.823118,0.890564,0.8283347,0.884296,0.770236,0.7727012,0.81521,0.789764,0.818042,0.852959,0.754357,0.864139,0.863864,0.812639,0.740176,0.766538,0.807129,0.847467,0.81241,0.824641,0.849657,0.758033,0.749844,0.840942,0.818573,0.687681,0.727363,0.794912
0.789861,0.819017,0.743693,0.75033,0.732966,0.620035,0.826551,0.720392,0.610657,0.731083,0.726757,0.789544,0.640478,0.908695,0.737452,0.690839,0.755891,0.889709,0.890486,0.880138,0.850094,0.772771,0.860833,0.800973,0.747353,0.782873,0.705539,0.751549,0.912255,0.818405,0.72838,0.755015,0.764046,1,0.737622,0.795161,0.780736,0.839025,0.890967,0.834878,0.791644,0.671956,0.68784,0.688345,0.76397,0.757472,0.836432,0.684695,0.647921,0.786179,0.723125,0.726093,0.722255,0.753055,0.754571,0.796047,0.804066,0.810664,0.85441,0.78697,0.782199,0.797854,0.755315,0.813595,0.877694,0.829637,0.809542,0.717776,0.841445,0.87075,0.882718,0.843954,0.874889,0.773317,0.855176,0.757695,0.818895,0.772483,0.775455,0.703956,0.701385,0.832859,0.767081,0.744614,0.711383,0.706176,0.769458,0.859338,0.872666,0.764883,0.749596,0.853293,0.7218393,0.819097,0.775002,0.876762,0.768067,0.68369,0.706701,0.787106
0.738964,0.764556,0.739842,0.6516221,0.607219,0.579032,0.716758,0.684247,0.634108,0.677308,0.859492,0.775515,0.813241,0.755121,0.814778,0.656589,0.637835,0.749205,0.719747,0.828977,0.762702,0.883643,0.813906,0.791134,0.687886,0.799494,0.906835,0.851112,0.699855,0.787634,0.668969,0.720011,0.69507,0.737622,1,0.833767,0.760826,0.642368,0.747409,0.727785,0.637492,0.741103,0.825788,0.80747,0.76724,0.87259,0.807368,0.791301,0.689126,0.727844,0.669736,0.6336419,0.682257,0.757045,0.681196,0.673531,0.589427,0.776831,0.726163,0.742934,0.726073,0.842105,0.800405,0.814922,0.842128,0.819363,0.760805,0.717719,0.80142,0.887237,0.757279,0.783676,0.755653,0.764097,0.794831,0.738163,0.639571,0.660023,0.722488,0.623127,0.777516,0.763954,0.626286,0.597851,0.693611,0.669255,0.668296,0.693408,0.803727,0.84876,0.65752,0.704587,0.745575,0.682561,0.737586,0.776378,0.711532,0.673152,0.814563,0.793951
0.740033,0.821099,0.783731,0.801822,0.821597,0.775301,0.777453,0.834152,0.727593,0.74629,0.85055,0.786438,0.884769,0.86086,0.919684,0.731451,0.778489,0.887167,0.798114,0.941003,0.840841,0.909377,0.873616,0.919517,0.7493416,0.915935,0.856758,0.845027,0.806615,0.865769,0.755412,0.801769,0.858027,0.795161,0.833767,1,0.73154,0.813089,0.852373,0.77973,0.768795,0.777105,0.874489,0.773061,0.839472,0.807833,0.912581,0.850542,0.818296,0.818024,0.79249,0.765294,0.6818034,0.861304,0.808996,0.773606,0.794943,0.874652,0.786406,0.88458,0.856567,0.877031,0.936714,0.941043,0.898628,0.905971,0.885607,0.775723,0.893643,0.938123,0.857855,0.826515,0.853286,0.872456,0.87745,0.853503,0.704229,0.800561,0.836218,0.743029,0.835188,0.919438,0.714936,0.742152,0.846767,0.785134,0.774025,0.808172,0.935669,0.910749,0.762555,0.850235,0.83235,0.677867,0.73096,0.875797,0.854069,0.593487,0.813203,0.778488
0.7986984,0.738631,0.646281,0.695299,0.770941,0.684742,0.788026,0.78747,0.740073,0.652401,0.746696,0.627532,0.668197,0.747984,0.61798,0.775157,0.769795,0.759909,0.716359,0.729124,0.713611,0.7088187,0.722014,0.741159,0.6282487,0.558501,0.7128494,0.815295,0.669517,0.706328,0.724609,0.69833,0.709595,0.780736,0.760826,0.73154,1,0.701908,0.764884,0.644461,0.716467,0.699571,0.660329,0.720297,0.750678,0.690112,0.621434,0.603127,0.710716,0.665608,0.707379,0.722224,0.774773,0.690137,0.78476,0.71577,0.734047,0.807002,0.705835,0.704422,0.683051,0.702682,0.692845,0.688902,0.681595,0.693909,0.708393,0.616391,0.722078,0.717466,0.692042,0.785138,0.773507,0.685306,0.741067,0.689432,0.672786,0.683368,0.634734,0.702484,0.6253141,0.696679,0.711268,0.687162,0.654636,0.70876,0.797895,0.768484,0.704811,0.664693,0.703845,0.80354,0.6694773,0.736811,0.696322,0.763195,0.751119,0.718221,0.722743,0.714989
0.832132,0.77894,0.805128,0.804844,0.903099,0.8132,0.777523,0.833359,0.759724,0.790555,0.810589,0.78037,0.769775,0.831302,0.717505,0.783954,0.712828,0.840479,0.806091,0.835255,0.767972,0.807298,0.842503,0.812079,0.88528,0.800498,0.724771,0.824935,0.849707,0.812224,0.709819,0.857165,0.912884,0.839025,0.642368,0.813089,0.701908,1,0.908177,0.874974,0.724505,0.819256,0.710827,0.644094,0.698796,0.751427,0.763465,0.681487,0.768268,0.799336,0.841784,0.799762,0.801,0.829863,0.733086,0.701229,0.852131,0.848465,0.80973,0.819779,0.830611,0.751612,0.805437,0.79007,0.829,0.783603,0.843853,0.791746,0.849627,0.821014,0.870912,0.765624,0.7842692,0.820244,0.801968,0.813274,0.767481,0.739224,0.779666,0.7739,0.742071,0.831928,0.762328,0.811763,0.831994,0.770086,0.749839,0.844691,0.833319,0.760238,0.785302,0.811901,0.79261,0.77965,0.692994,0.809767,0.802651,0.640516,0.720072,0.757839
0.911803,0.853167,0.773877,0.78296,0.780993,0.719665,0.846662,0.795813,0.621529,0.790368,0.877627,0.815765,0.758602,0.84704,0.788736,0.801661,0.741921,0.857725,0.863651,0.872304,0.766285,0.901148,0.863785,0.880951,0.810211,0.834391,0.810414,0.842098,0.854687,0.810033,0.7154758,0.754413,0.866992,0.890967,0.747409,0.852373,0.764884,0.908177,1,0.863116,0.738284,0.809551,0.783902,0.6907612,0.745833,0.811339,0.763273,0.741058,0.727251,0.849757,0.728619,0.813266,0.75278,0.8471,0.775889,0.725335,0.871974,0.867481,0.802713,0.826139,0.821849,0.807652,0.778662,0.810391,0.852766,0.869297,0.861486,0.7447599,0.8614,0.875358,0.914235,0.755643,0.807138,0.800802,0.82418,0.77854,0.785878,0.779446,0.772469,0.6604065,0.747895,0.85431,0.822775,0.80567,0.775244,0.724783,0.794049,0.840203,0.888852,0.783128,0.740864,0.773215,0.829054,0.818912,0.738509,0.831785,0.820094,0.714355,0.802164,0.839762
0.7553261,0.780921,0.848304,0.752031,0.78065,0.614133,0.715847,0.682494,0.61155,0.813814,0.746825,0.856693,0.759661,0.841224,0.753267,0.671253,0.752587,0.822505,0.779832,0.840923,0.73927,0.767921,0.820872,0.820671,0.830798,0.775118,0.687418,0.72257,0.892037,0.819315,0.718471,0.805784,0.808943,0.834878,0.727785,0.77973,0.644461,0.874974,0.863116,1,0.66055,0.687733,0.7097,0.635292,0.709893,0.774738,0.7646,0.64647,0.748506,0.832619,0.6601829,0.708589,0.666507,0.758201,0.721281,0.658632,0.752412,0.779565,0.821066,0.75491,0.766708,0.723223,0.706605,0.77084,0.824243,0.833042,0.865332,0.794509,0.788655,0.801019,0.907207,0.730895,0.774056,0.823851,0.818991,0.819433,0.837972,0.757366,0.792343,0.694248,0.731041,0.841573,0.787045,0.757779,0.767276,0.702196,0.707705,0.830916,0.869407,0.787085,0.740358,0.769759,0.789643,0.772093,0.725457,0.807425,0.789987,0.652575,0.705074,0.750614
0.741448,0.736814,0.685138,0.741185,0.716952,0.660601,0.767545,0.759811,0.674137,0.679041,0.658931,0.622568,0.625986,0.870851,0.724551,0.770716,0.790869,0.840906,0.722335,0.809914,0.893435,0.68624,0.816989,0.798403,0.662898,0.7132053,0.683479,0.715287,0.807674,0.7903,0.776288,0.718087,0.728347,0.791644,0.637492,0.768795,0.716467,0.724505,0.738284,0.66055,1,0.626746,0.688779,0.646693,0.765121,0.662097,0.719886,0.706302,0.641432,0.662075,0.631842,0.718925,0.682987,0.674912,0.70822,0.814075,0.769324,0.767815,0.800104,0.77391,0.777478,0.728974,0.770112,0.748629,0.743462,0.797148,0.768104,0.635236,0.722693,0.761214,0.786217,0.741184,0.900621,0.761227,0.767885,0.726176,0.707838,0.792901,0.757695,0.740814,0.677738,0.791584,0.739193,0.764111,0.656251,0.700344,0.726891,0.881472,0.799594,0.770215,0.726685,0.79142,0.728434,0.719446,0.765523,0.857119,0.794961,0.734147,0.605348,0.663695
0.792399,0.725101,0.6351058,0.730745,0.781629,0.880076,0.663462,0.718054,0.818897,0.719088,0.857172,0.761465,0.845222,0.733432,0.745789,0.721309,0.632708,0.717991,0.7445824,0.726854,0.717196,0.85617,0.813682,0.770685,0.759224,0.788893,0.795959,0.867094,0.670832,0.831417,0.70812,0.672556,0.860009,0.671956,0.741103,0.777105,0.699571,0.819256,0.809551,0.687733,0.626746,1,0.864849,0.819838,0.775392,0.843652,0.741305,0.710943,0.741388,0.7870048,0.871497,0.795566,0.695501,0.735908,0.797965,0.709057,0.778898,0.746617,0.7097542,0.832417,0.805452,0.766822,0.771129,0.744216,0.807902,0.75191,0.804517,0.766173,0.738237,0.809285,0.807875,0.749524,0.706812,0.780095,0.832692,0.851984,0.670947,0.724449,0.706974,0.640321,0.852376,0.807356,0.659817,0.734662,0.855301,0.805084,0.653787,0.692487,0.740203,0.803945,0.676934,0.667781,0.802957,0.820444,0.744649,0.749518,0.756893,0.788524,0.75525,0.768218
0.709103,0.742733,0.627025,0.740132,0.6257447,0.789337,0.659082,0.741229,0.749125,0.721197,0.868733,0.778886,0.849978,0.759741,0.828348,0.630026,0.653404,0.748004,0.720961,0.81859,0.795832,0.881362,0.830848,0.835157,0.727504,0.865952,0.820702,0.851696,0.728387,0.757876,0.817009,0.703203,0.784498,0.68784,0.825788,0.874489,0.660329,0.710827,0.783902,0.7097,0.688779,0.864849,1,0.912356,0.882272,0.869789,0.842766,0.832353,0.747073,0.804331,0.779596,0.835277,0.626223,0.755857,0.801595,0.830265,0.737827,0.766337,0.685666,0.770063,0.799821,0.759917,0.867397,0.869813,0.837865,0.810421,0.798536,0.774788,0.787508,0.837219,0.78258,0.736718,0.773603,0.756383,0.781274,0.6876457,0.665612,0.664873,0.805568,0.662647,0.737843,0.831671,0.614793,0.677194,0.785828,0.738421,0.697936,0.678512,0.821775,0.827983,0.728201,0.75952,0.875153,0.7757309,0.668818,0.726202,0.738453,0.730525,0.803021,0.790122
0.734866,0.789506,0.656026,0.744555,0.635249,0.78629,0.644748,0.657877,0.780581,0.738844,0.862135,0.776399,0.739549,0.745354,0.773194,0.650783,0.634475,0.713783,0.805811,0.747029,0.767497,0.865068,0.806416,0.765767,0.670104,0.755655,0.775857,0.851107,0.679425,0.775907,0.817833,0.709529,0.751871,0.688345,0.80747,0.773061,0.720297,0.644094,0.6907612,0.635292,0.646693,0.819838,0.912356,1,0.821141,0.879855,0.780392,0.759209,0.704655,0.784846,0.854703,0.863857,0.769497,0.718177,0.820152,0.815917,0.693315,0.6647809,0.692961,0.735198,0.7100576,0.785964,0.813726,0.768457,0.768609,0.728823,0.797099,0.706042,0.752143,0.780712,0.706954,0.806118,0.732776,0.772804,0.792056,0.688554,0.648041,0.680298,0.760871,0.676568,0.779359,0.775099,0.639714,0.720995,0.796666,0.780779,0.757213,0.664548,0.735617,0.799719,0.718581,0.740716,0.819362,0.866455,0.708974,0.725041,0.6996901,0.762318,0.785674,0.758535
0.668668,0.815933,0.66671,0.74853,0.683714,0.759072,0.768423,0.708578,0.7190565,0.707129,0.673481,0.722157,0.768813,0.812808,0.78812,0.732372,0.803533,0.766417,0.801077,0.762535,0.869138,0.753331,0.823578,0.7470814,0.710033,0.833658,0.713795,0.786833,0.778137,0.830246,0.824199,0.752071,0.799566,0.76397,0.76724,0.839472,0.750678,0.698796,0.745833,0.709893,0.765121,0.775392,0.882272,0.821141,1,0.808148,0.864402,0.769736,0.675893,0.735224,0.776658,0.734595,0.650686,0.646054,0.781452,0.814698,0.809737,0.694726,0.829434,0.810723,0.825916,0.692595,0.845135,0.867092,0.788575,0.801176,0.808256,0.758841,0.818696,0.751832,0.756349,0.698173,0.858237,0.787678,0.824349,0.719619,0.813047,0.779056,0.78801,0.761014,0.7239075,0.815737,0.721993,0.738765,0.724584,0.74241,0.690761,0.745045,0.796744,0.855646,0.764417,0.858019,0.791908,0.710862,0.807038,0.805643,0.708504,0.679734,0.737595,0.6437451
