0,1,2,3,4,5,6,7,8,9,10,11,12,13,14,15,16,17,18,19,20,21,22,23,24,25,26,27,28,29,30,31,32,33,34,35,36,37,38,39,40,41,42,43,44,45,46,47,48,49,50,51,52,53,54,55,56,57,58,59,60,61,62,63,64,65,66,67,68,69,70,71,72,73,74,75,76,77,78,79,80,81,82,83,84,85,86,87,88,89,90,91,92,93,94,95,96,97,98,99
1.0,0.84547,0.797296,0.813431,0.865893,0.833133,0.767454,0.76281,0.742774,0.78246,0.688418,0.734684,0.760768,0.826261,0.662011,0.78886,0.733246,0.730798,0.788493,0.749385,0.715758,0.794813,0.706091,0.788403,0.817578,0.737308,0.772727,0.790506,0.776954,0.758389,0.762877,0.895898,0.932875,0.831849,0.798029,0.8016742,0.788342,0.898503,0.763908,0.790347,0.844733,0.76272,0.676877,0.711554,0.727905,0.662206,0.739736,0.778519,0.690659,0.848218,0.760714,0.879441,0.739331,0.786172,0.896001,0.803151,0.847617,0.86935,0.775486,0.652799,0.780204,0.821338,0.724181,0.730713,0.765163,0.621713,0.858193,0.824867,0.790021,0.826103,0.718305,0.726991,0.72276,0.89025,0.783575,0.790595,0.819865,0.6422823,0.718364,0.801271,0.753258,0.817645,0.616377,0.801311,0.816012,0.7850256,0.796054,0.652852,0.732157,0.783481,0.774329,0.788747,0.87523,0.71679,0.722615,0.796222,0.72418,0.638427,0.6811104,0.819871
0.84547,1.0,0.872423,0.873896,0.942917,0.752838,0.835538,0.79302,0.772098,0.85383,0.78912,0.6999,0.799351,0.876973,0.753121,0.799805,0.838082,0.797426,0.887853,0.866747,0.856059,0.858151,0.769916,0.779393,0.873842,0.791944,0.748461,0.82274,0.877367,0.820101,0.737529,0.767359,0.837202,0.941794,0.800254,0.754488,0.868427,0.849845,0.798666,0.834828,0.836522,0.829434,0.76955,0.842664,0.689284,0.733154,0.718518,0.899497,0.749347,0.863927,0.843165,0.939133,0.855454,0.829071,0.848478,0.77693,0.821339,0.840163,0.751744,0.823014,0.742975,0.79789,0.683019,0.874388,0.870428,0.729514,0.827093,0.805474,0.773675,0.868277,0.832798,0.780661,0.8165,0.86364,0.83116,0.827016,0.877087,0.772769,0.712668,0.805814,0.871765,0.801413,0.739919,0.769792,0.692825,0.799796,0.865562,0.67041,0.769823,0.771873,0.797236,0.750164,0.857307,0.798902,0.814055,0.837464,0.715433,0.704289,0.757945,0.870662
0.797296,0.872423,1.0,0.89014,0.881882,0.873944,0.868865,0.811858,0.830437,0.798847,0.778197,0.766495,0.878447,0.91851,0.804194,0.870588,0.814814,0.807535,0.806379,0.75654,0.810259,0.7855,0.796086,0.706375,0.885946,0.843151,0.753771,0.812125,0.885289,0.818395,0.812564,0.7566662,0.866892,0.809814,0.742496,0.82068,0.792433,0.878762,0.896237,0.906354,0.847786,0.903125,0.69199,0.850963,0.737409,0.761487,0.73346,0.809781,0.749176,0.818465,0.770883,0.894528,0.7109132,0.880451,0.864098,0.82946,0.880611,0.90982,0.734996,0.81875,0.79799,0.818349,0.724596,0.787745,0.88179,0.807814,0.82574,0.800997,0.83682,0.816278,0.851649,0.742995,0.776288,0.854791,0.767801,0.874558,0.88434,0.858793,0.772761,0.742925,0.765805,0.832535,0.796816,0.811886,0.800321,0.787918,0.819287,0.694645,0.792143,0.749376,0.828331,0.702054,0.803872,0.826161,0.84738,0.850415,0.717588,0.750397,0.744268,0.8232641
0.813431,0.873896,0.89014,1.0,0.901579,0.787723,0.826807,0.908834,0.79241,0.841318,0.855568,0.790106,0.878217,0.84712,0.704869,0.840346,0.833137,0.736437,0.829742,0.802441,0.786432,0.780341,0.708755,0.788465,0.952166,0.847947,0.822975,0.8378381,0.84815,0.891698,0.754366,0.785478,0.823163,0.832091,0.826574,0.77035,0.885748,0.8537088,0.810505,0.816979,0.852552,0.840337,0.763399,0.853812,0.654515,0.811195,0.6541467,0.830377,0.762835,0.804668,0.765887,0.89573,0.840867,0.924396,0.836125,0.743516,0.934896,0.918762,0.649026,0.78046,0.790023,0.758641,0.699832,0.771226,0.836693,0.715075,0.878836,0.799973,0.744323,0.843107,0.810231,0.719695,0.668139,0.850072,0.707239,0.947947,0.873809,0.813445,0.757736,0.706815,0.82769,0.838582,0.725251,0.7859662,0.845133,0.788782,0.861666,0.71034,0.734466,0.784887,0.809946,0.674658,0.847637,0.826056,0.7982133,0.868586,0.801067,0.725629,0.718073,0.817105
0.865893,0.942917,0.881882,0.901579,1.0,0.741644,0.859781,0.848764,0.817506,0.839353,0.784454,0.729436,0.812435,0.892256,0.779113,0.814719,0.81479,0.812196,0.882586,0.880272,0.866828,0.822993,0.733559,0.842898,0.913736,0.770464,0.831375,0.866328,0.920558,0.847552,0.822996,0.801849,0.862341,0.913508,0.857172,0.761595,0.91082,0.891156,0.822045,0.849546,0.934558,0.835204,0.765808,0.853924,0.733169,0.820576,0.747113,0.892088,0.75095,0.880515,0.875791,0.945377,0.892488,0.887184,0.875831,0.809384,0.863797,0.862153,0.758374,0.802424,0.745281,0.83099,0.700485,0.802791,0.904962,0.72956,0.842403,0.877989,0.816156,0.892973,0.84449,0.826172,0.75886,0.881047,0.78522,0.858528,0.904204,0.757263,0.789131,0.827302,0.843849,0.902972,0.785142,0.809816,0.7391739,0.829045,0.890286,0.730141,0.817032,0.856682,0.827008,0.722805,0.875026,0.785873,0.812233,0.853026,0.792577,0.761636,0.757371,0.886309
0.833133,0.752838,0.873944,0.787723,0.741644,1.0,0.772564,0.770587,0.785992,0.764812,0.67826,0.79532,0.834271,0.798721,0.713276,0.825628,0.775244,0.702406,0.741045,0.66746,0.7030607,0.790381,0.726656,0.734499,0.745106,0.752544,0.739138,0.768762,0.761022,0.713381,0.795993,0.80231,0.804481,0.741415,0.707648,0.838753,0.7005,0.831773,0.826037,0.858742,0.772309,0.796612,0.736899,0.745311,0.6370649,0.615501,0.6843,0.68333,0.6411804,0.756732,0.651761,0.741861,0.6349512,0.724193,0.820788,0.873445,0.865034,0.8237,0.760184,0.695948,0.771135,0.817794,0.83563,0.727535,0.750219,0.735249,0.790436,0.776406,0.735441,0.781931,0.804022,0.74083,0.729962,0.866367,0.783397,0.796549,0.795846,0.787804,0.673629,0.735642,0.739111,0.757222,0.675491,0.909799,0.802503,0.773844,0.687413,0.703216,0.791861,0.679699,0.841659,0.814665,0.812541,0.702161,0.820431,0.790704,0.6264791,0.732371,0.729844,0.758082
0.767454,0.835538,0.868865,0.826807,0.859781,0.772564,1.0,0.848676,0.869211,0.786941,0.686488,0.711634,0.785677,0.814578,0.67298,0.764344,0.882599,0.740792,0.832113,0.743185,0.811473,0.734053,0.809976,0.756054,0.809007,0.714209,0.746207,0.772647,0.821866,0.701843,0.721652,0.734943,0.820178,0.842705,0.722311,0.782627,0.803281,0.865994,0.876949,0.837839,0.881014,0.781953,0.665908,0.767145,0.702848,0.719044,0.699964,0.776884,0.705101,0.829392,0.7068122,0.832499,0.758473,0.831572,0.769973,0.836809,0.815048,0.868702,0.6266999,0.712379,0.6385398,0.809653,0.733611,0.798651,0.796439,0.677204,0.750082,0.781651,0.778723,0.810619,0.768545,0.768627,0.830046,0.799682,0.672611,0.796657,0.849413,0.690854,0.664745,0.726896,0.836233,0.880479,0.766152,0.769184,0.712849,0.817629,0.795725,0.685697,0.814157,0.809099,0.80722,0.684147,0.801643,0.672109,0.833839,0.780187,0.693794,0.816604,0.772392,0.819037
0.76281,0.79302,0.811858,0.908834,0.848764,0.770587,0.848676,1.0,0.891089,0.857393,0.819846,0.807739,0.800651,0.802581,0.700826,0.816145,0.7678912,0.6990434,0.789921,0.797197,0.734615,0.770469,0.707137,0.780781,0.877491,0.781942,0.865379,0.824521,0.814818,0.76297,0.748413,0.80783,0.827404,0.79463,0.802994,0.713687,0.810464,0.901127,0.844198,0.876258,0.818217,0.780122,0.743398,0.801232,0.6913022,0.779425,0.734692,0.799691,0.741793,0.813528,0.7478449,0.815229,0.755494,0.870945,0.790757,0.786677,0.951252,0.871927,0.61887,0.777648,0.742526,0.752354,0.739798,0.695927,0.795453,0.732073,0.7622864,0.801265,0.755805,0.812781,0.786205,0.797517,0.694665,0.852595,0.675972,0.93155,0.796502,0.753679,0.7103661,0.734038,0.848711,0.850752,0.795859,0.778695,0.755924,0.808325,0.807183,0.661103,0.772561,0.80563,0.885437,0.5892051,0.804231,0.758901,0.888054,0.791613,0.821206,0.764376,0.739358,0.827348
0.742774,0.772098,0.830437,0.79241,0.817506,0.785992,0.869211,0.891089,1.0,0.761328,0.738658,0.713756,0.811574,0.830755,0.697028,0.818955,0.7709481,0.797983,0.787969,0.8319,0.720574,0.720007,0.670266,0.729675,0.798058,0.761528,0.792572,0.80349,0.821443,0.674499,0.772959,0.740573,0.80816,0.83592,0.728277,0.743542,0.790082,0.849625,0.956942,0.838046,0.863371,0.83296,0.609398,0.739254,0.714809,0.738307,0.740994,0.702612,0.780081,0.813015,0.783051,0.769429,0.686842,0.780075,0.800859,0.851399,0.85225,0.829186,0.760146,0.803644,0.627913,0.839873,0.784705,0.704143,0.832054,0.710244,0.746923,0.780517,0.835296,0.767161,0.763534,0.847923,0.728895,0.792394,0.620645,0.77235,0.83191,0.68176,0.720372,0.76683,0.79729,0.873557,0.80373,0.795135,0.754619,0.801425,0.818335,0.7162918,0.83315,0.821133,0.823151,0.712532,0.727686,0.7548,0.892229,0.7798,0.739731,0.774359,0.824647,0.844125
0.78246,0.85383,0.798847,0.841318,0.839353,0.764812,0.786941,0.857393,0.761328,1.0,0.756985,0.821986,0.798665,0.800628,0.742493,0.81751,0.812025,0.790315,0.834421,0.799497,0.819185,0.798404,0.697333,0.831067,0.836231,0.822631,0.765836,0.783101,0.826271,0.753627,0.721972,0.860256,0.832193,0.865599,0.794116,0.812144,0.781633,0.876495,0.760915,0.867258,0.773787,0.764098,0.79921,0.769994,0.688678,0.719642,0.699662,0.800606,0.776647,0.764242,0.831587,0.79307,0.819917,0.833149,0.784212,0.757134,0.852375,0.746363,0.7178465,0.784422,0.787272,0.773443,0.751867,0.767811,0.801441,0.710407,0.687482,0.795366,0.745115,0.872011,0.828778,0.768938,0.715511,0.809927,0.813063,0.918816,0.773559,0.775667,0.707548,0.789985,0.866917,0.776303,0.766954,0.768527,0.649908,0.7776089,0.717209,0.613809,0.761866,0.718761,0.866161,0.748911,0.847322,0.822563,0.840554,0.728285,0.716092,0.740939,0.817592,0.773288
0.688418,0.78912,0.778197,0.855568,0.784454,0.67826,0.686488,0.819846,0.738658,0.756985,1.0,0.87719,0.849449,0.807961,0.828351,0.760851,0.75581,0.686722,0.760328,0.770218,0.733564,0.767944,0.743378,0.751359,0.861347,0.789396,0.841568,0.7828939,0.808588,0.843339,0.714238,0.657802,0.695703,0.73275,0.797489,0.588539,0.822425,0.746442,0.742552,0.747311,0.685444,0.809467,0.723333,0.850589,0.733185,0.833654,0.79528,0.820438,0.758962,0.763668,0.735115,0.788105,0.734493,0.820904,0.707837,0.6057465,0.798114,0.731862,0.740187,0.887779,0.814636,0.770543,0.751672,0.728743,0.790347,0.806603,0.778157,0.692181,0.761677,0.744696,0.803876,0.6623059,0.683371,0.748055,0.701072,0.849774,0.813103,0.84905,0.769746,0.657921,0.854719,0.704802,0.820417,0.673877,0.743608,0.762702,0.844222,0.712223,0.730782,0.822371,0.765075,0.718374,0.722297,0.801893,0.793518,0.839835,0.875693,0.681863,0.702681,0.800159
0.734684,0.6999,0.766495,0.790106,0.729436,0.79532,0.711634,0.807739,0.713756,0.821986,0.87719,1.0,0.839229,0.783212,0.787266,0.767377,0.790332,0.651253,0.771049,0.672829,0.671635,0.725462,0.781103,0.839826,0.754724,0.773729,0.829998,0.784599,0.722492,0.736254,0.6536432,0.713218,0.754556,0.715253,0.747089,0.747473,0.695038,0.755547,0.736507,0.815309,0.6805027,0.756631,0.7445194,0.74262,0.744596,0.740348,0.788284,0.730023,0.661254,0.67718,0.6422923,0.689002,0.666949,0.788756,0.696851,0.778627,0.776683,0.680613,0.764961,0.751528,0.848824,0.821157,0.780147,0.660658,0.695109,0.779759,0.724994,0.715409,0.799227,0.702092,0.734244,0.765998,0.708151,0.734405,0.755385,0.827429,0.764171,0.842839,0.69999,0.658747,0.831601,0.746,0.803514,0.750905,0.735716,0.766479,0.675643,0.686497,0.731346,0.758068,0.842026,0.816843,0.765068,0.721618,0.785789,0.730765,0.808673,0.768716,0.669859,0.714275
0.760768,0.799351,0.878447,0.878217,0.812435,0.834271,0.785677,0.800651,0.811574,0.798665,0.849449,0.839229,1.0,0.87038,0.764721,0.88772,0.872349,0.738769,0.836889,0.778399,0.769712,0.844095,0.6799602,0.746998,0.862844,0.860117,0.85422,0.870072,0.882913,0.747025,0.7506342,0.785619,0.847405,0.758893,0.819701,0.838518,0.851571,0.819047,0.867791,0.86421,0.781636,0.89309,0.7235807,0.824402,0.751858,0.785903,0.70491,0.752579,0.810042,0.803924,0.714481,0.767302,0.694207,0.813082,0.747643,0.751812,0.839485,0.79235,0.752119,0.841244,0.809018,0.848876,0.869973,0.748832,0.873775,0.749236,0.803596,0.748111,0.763244,0.773428,0.852195,0.828128,0.759794,0.830584,0.737381,0.892946,0.920141,0.820246,0.733272,0.694351,0.770155,0.835826,0.813884,0.798222,0.786087,0.780471,0.871504,0.726944,0.845957,0.721581,0.850027,0.785688,0.83196,0.860789,0.866471,0.819356,0.761091,0.757096,0.795001,0.857991
0.826261,0.876973,0.91851,0.84712,0.892256,0.798721,0.814578,0.802581,0.830755,0.800628,0.807961,0.783212,0.87038,1.0,0.838871,0.837555,0.841375,0.840635,0.901463,0.821974,0.861117,0.83581,0.785187,0.800431,0.870967,0.857706,0.80638,0.822359,0.927782,0.758204,0.841754,0.804492,0.892297,0.876468,0.804245,0.774153,0.82596,0.892879,0.885672,0.910651,0.87279,0.909899,0.681782,0.799196,0.769033,0.754507,0.82276,0.780351,0.771942,0.837317,0.84068,0.847752,0.718702,0.823324,0.831036,0.804928,0.8156533,0.853056,0.846811,0.830053,0.790772,0.894579,0.760714,0.860967,0.937716,0.7909302,0.768052,0.875241,0.892729,0.85282,0.881483,0.752963,0.792927,0.8228981,0.796755,0.824662,0.903497,0.783568,0.854722,0.806177,0.794347,0.848084,0.771856,0.780265,0.734438,0.818992,0.851668,0.668649,0.820579,0.814624,0.827636,0.806535,0.820933,0.886698,0.855092,0.862535,0.742808,0.765602,0.780899,0.866352
0.662011,0.753121,0.804194,0.704869,0.779113,0.713276,0.67298,0.700826,0.697028,0.742493,0.828351,0.787266,0.764721,0.838871,1.0,0.768915,0.685263,0.808094,0.721246,0.712424,0.843993,0.762051,0.875534,0.6797849,0.741707,0.732166,0.791376,0.748761,0.885775,0.710695,0.843627,0.721451,0.715389,0.717331,0.78298,0.681917,0.711963,0.722738,0.755231,0.795429,0.756764,0.798905,0.6764602,0.835822,0.6680968,0.775153,0.740915,0.7561912,0.6447883,0.716332,0.847057,0.713367,0.714903,0.709803,0.725896,0.71255,0.731723,0.669785,0.861723,0.838209,0.795022,0.781911,0.768916,0.779999,0.870226,0.977361,0.651699,0.805237,0.828423,0.810077,0.856629,0.682967,0.750465,0.765268,0.798728,0.760579,0.77525,0.781777,0.810821,0.805637,0.699389,0.698003,0.8131903,0.726821,0.652519,0.731815,0.697204,0.681075,0.718556,0.762149,0.814716,0.763984,0.748972,0.806068,0.783275,0.774712,0.749807,0.717107,0.671028,0.72822
0.78886,0.799805,0.870588,0.840346,0.814719,0.825628,0.764344,0.816145,0.818955,0.81751,0.760851,0.767377,0.88772,0.837555,0.768915,1.0,0.748271,0.85561,0.748226,0.807083,0.711089,0.776891,0.763039,0.714675,0.7747591,0.870226,0.818141,0.919675,0.843216,0.74984,0.781257,0.768474,0.890896,0.821897,0.818315,0.780307,0.789113,0.810064,0.880755,0.887695,0.804791,0.83329,0.708816,0.825537,0.682706,0.772496,0.719483,0.798356,0.825438,0.839794,0.84563,0.772428,0.700119,0.850289,0.883102,0.812649,0.886475,0.779535,0.77276,0.779269,0.738294,0.781993,0.761942,0.753587,0.856809,0.795233,0.75911,0.807543,0.841997,0.808485,0.806321,0.868946,0.774581,0.855417,0.682179,0.848647,0.816208,0.767079,0.714023,0.796257,0.760254,0.830579,0.78367,0.755788,0.757736,0.823109,0.791125,0.7124512,0.799308,0.678185,0.816095,0.749943,0.843513,0.808277,0.855781,0.824028,0.773666,0.756485,0.80458,0.863042
0.733246,0.838082,0.814814,0.833137,0.81479,0.775244,0.882599,0.7678912,0.7709481,0.812025,0.75581,0.790332,0.872349,0.841375,0.685263,0.748271,1.0,0.743165,0.94727,0.83957,0.858698,0.801016,0.756238,0.742771,0.816833,0.854031,0.766698,0.804479,0.819427,0.663747,0.652646,0.728263,0.764891,0.84214,0.740584,0.758734,0.805137,0.773438,0.77417,0.856885,0.765847,0.813451,0.71566,0.748097,0.675542,0.678996,0.681226,0.735924,0.737693,0.773606,0.744339,0.76782,0.6848991,0.768216,0.693006,0.841022,0.767841,0.768505,0.687482,0.72039,0.724312,0.801184,0.748148,0.808865,0.813648,0.697828,0.74855,0.770968,0.773848,0.766658,0.781291,0.7736616,0.84589,0.770906,0.713444,0.814462,0.877176,0.72188,0.658258,0.753604,0.788981,0.794204,0.73114,0.711202,0.671302,0.744141,0.80104,0.638887,0.786957,0.707561,0.82491,0.816831,0.83871,0.808211,0.786782,0.722179,0.668765,0.809118,0.76541,0.801265
0.730798,0.797426,0.807535,0.736437,0.812196,0.702406,0.740792,0.6990434,0.797983,0.790315,0.686722,0.651253,0.738769,0.840635,0.808094,0.85561,0.743165,1.0,0.804405,0.880557,0.83053,0.776135,0.78061,0.663955,0.749305,0.824632,0.742992,0.791901,0.859646,0.673378,0.79975,0.750025,0.784278,0.844736,0.803619,0.657012,0.760129,0.768815,0.851548,0.824865,0.81381,0.8075,0.63286,0.80704,0.656702,0.812222,0.70997,0.828512,0.842991,0.83918,0.929412,0.764676,0.746407,0.785859,0.827023,0.790856,0.771321,0.709913,0.801594,0.759004,0.687988,0.742658,0.73091,0.791981,0.902466,0.799259,0.668896,0.875449,0.835277,0.840958,0.837746,0.769073,0.808241,0.785579,0.663319,0.766634,0.767281,0.689602,0.75257,0.855444,0.731561,0.745688,0.720172,0.65288,0.677545,0.844651,0.76305,0.689414,0.799006,0.682983,0.736417,0.78171,0.837336,0.807675,0.758586,0.813873,0.753826,0.6812672,0.859239,0.828637
0.788493,0.887853,0.806379,0.829742,0.882586,0.741045,0.832113,0.789921,0.787969,0.834421,0.760328,0.771049,0.836889,0.901463,0.721246,0.748226,0.94727,0.804405,1.0,0.889292,0.909284,0.833467,0.73856,0.816941,0.822801,0.83178,0.783917,0.791115,0.868396,0.686854,0.718296,0.729167,0.785514,0.926585,0.782878,0.713915,0.836547,0.803997,0.77523,0.865588,0.820544,0.806382,0.723782,0.766695,0.710188,0.693472,0.744904,0.770785,0.769965,0.828151,0.82573,0.805233,0.748102,0.781066,0.730469,0.812546,0.7690296,0.78016,0.763676,0.745624,0.728509,0.831229,0.695034,0.865199,0.863987,0.697613,0.729795,0.843229,0.801512,0.827267,0.830826,0.787314,0.817862,0.788878,0.764463,0.800688,0.878614,0.692871,0.72855,0.777536,0.828557,0.817995,0.710282,0.698444,0.637239,0.783019,0.832371,0.609569,0.792081,0.761867,0.814577,0.822195,0.85504,0.824677,0.764124,0.792768,0.705635,0.756081,0.769241,0.843487
0.749385,0.866747,0.75654,0.802441,0.880272,0.66746,0.743185,0.797197,0.8319,0.799497,0.770218,0.672829,0.778399,0.821974,0.712424,0.807083,0.83957,0.880557,0.889292,1.0,0.867259,0.782473,0.652849,0.724114,0.831301,0.849686,0.718229,0.796412,0.861003,0.718965,0.752452,0.747072,0.7340905,0.860488,0.789511,0.635424,0.847482,0.767577,0.810582,0.811038,0.78431,0.830634,0.716802,0.804457,0.711449,0.7778,0.694235,0.830953,0.858164,0.85256,0.905908,0.815933,0.786651,0.779467,0.787169,0.797832,0.757521,0.723023,0.757019,0.828439,0.585694,0.749451,0.693162,0.758795,0.897092,0.720745,0.687933,0.857889,0.774145,0.836522,0.858082,0.830834,0.792976,0.793238,0.695745,0.790664,0.81756,0.742801,0.735459,0.839479,0.786702,0.745367,0.757808,0.664396,0.610229,0.789457,0.833608,0.68648,0.826924,0.699716,0.782528,0.743611,0.784943,0.848242,0.7800411,0.774494,0.686631,0.695802,0.842309,0.868696
0.715758,0.856059,0.810259,0.786432,0.866828,0.7030607,0.811473,0.734615,0.720574,0.819185,0.733564,0.671635,0.769712,0.861117,0.843993,0.711089,0.858698,0.83053,0.909284,0.867259,1.0,0.823485,0.77709,0.739982,0.800909,0.762471,0.701783,0.734887,0.874602,0.738036,0.763799,0.756694,0.737153,0.854472,0.77406,0.66699,0.792275,0.782617,0.73954,0.833822,0.792804,0.771045,0.711838,0.806895,0.6208362,0.702544,0.713311,0.794277,0.673375,0.786455,0.868855,0.796205,0.786956,0.763323,0.735474,0.791919,0.7465,0.732508,0.784435,0.765906,0.70879,0.746055,0.716761,0.847519,0.863111,0.793702,0.706674,0.854154,0.723716,0.84939,0.864409,0.738453,0.747003,0.780274,0.764605,0.777963,0.801198,0.741269,0.714896,0.833988,0.74527,0.718706,0.723172,0.706069,0.608052,0.78408,0.759203,0.564256,0.72903,0.734077,0.775327,0.799832,0.798361,0.812549,0.756422,0.813314,0.655703,0.746392,0.684336,0.778737
0.794813,0.858151,0.7855,0.780341,0.822993,0.790381,0.734053,0.770469,0.720007,0.798404,0.767944,0.725462,0.844095,0.83581,0.762051,0.776891,0.801016,0.776135,0.833467,0.782473,0.823485,1.0,0.717369,0.706099,0.778044,0.786202,0.791536,0.851201,0.836412,0.751155,0.737334,0.79839,0.803479,0.801229,0.886877,0.753333,0.823402,0.795615,0.780556,0.849604,0.748759,0.8381,0.760003,0.862364,0.6564549,0.737862,0.7338039,0.866267,0.722171,0.834793,0.752581,0.830243,0.758896,0.763614,0.746006,0.736362,0.812254,0.755237,0.729627,0.805414,0.763707,0.7605921,0.827741,0.723791,0.813468,0.744878,0.80747,0.765884,0.646084,0.842399,0.842542,0.800241,0.74319,0.844811,0.800965,0.789033,0.841899,0.758175,0.639543,0.748438,0.736086,0.7132756,0.753134,0.792892,0.7230875,0.864542,0.822758,0.705093,0.80067,0.638771,0.843638,0.76107,0.839063,0.773446,0.814045,0.839505,0.721394,0.741951,0.742208,0.836325
0.706091,0.769916,0.796086,0.708755,0.733559,0.726656,0.809976,0.707137,0.670266,0.697333,0.743378,0.781103,0.6799602,0.785187,0.875534,0.763039,0.756238,0.78061,0.73856,0.652849,0.77709,0.717369,1.0,0.679348,0.665829,0.73477,0.737546,0.768635,0.755027,0.677736,0.660467,0.597175,0.728236,0.782219,0.691349,0.654774,0.666687,0.702037,0.744559,0.797923,0.697867,0.716154,0.721218,0.809932,0.644691,0.693076,0.734985,0.801727,0.694695,0.765324,0.747678,0.7619,0.6466071,0.747435,0.727356,0.737585,0.744775,0.695073,0.757449,0.660741,0.737671,0.691072,0.677717,0.809196,0.74709,0.898752,0.655369,0.733836,0.816442,0.718216,0.716752,0.659189,0.856051,0.744024,0.695088,0.706141,0.727103,0.768297,0.67961,0.687372,0.762391,0.699621,0.766914,0.695427,0.66443,0.761319,0.665323,0.701003,0.661005,0.727012,0.798636,0.766557,0.809413,0.6423799,0.703642,0.73647,0.741406,0.73727,0.690285,0.719063
0.788403,0.779393,0.706375,0.788465,0.842898,0.734499,0.756054,0.780781,0.729675,0.831067,0.751359,0.839826,0.746998,0.800431,0.6797849,0.714675,0.742771,0.663955,0.816941,0.724114,0.739982,0.706099,0.679348,1.0,0.784024,0.652709,0.772025,0.79237,0.791106,0.714315,0.706291,0.730278,0.780883,0.851109,0.745495,0.760012,0.828603,0.828131,0.759291,0.79681,0.868905,0.655724,0.773036,0.6701479,0.657982,0.70035,0.782179,0.7396812,0.735071,0.738493,0.729123,0.74191,0.809638,0.787689,0.745415,0.746736,0.773921,0.729285,0.780878,0.719967,0.726646,0.827179,0.721848,0.729156,0.754253,0.6207669,0.73679,0.819886,0.769629,0.855244,0.749758,0.727878,0.643025,0.74218,0.73668,0.771044,0.767231,0.661795,0.720634,0.664543,0.879697,0.86394,0.692953,0.748874,0.647626,0.846765,0.75039,0.703385,0.727976,0.842422,0.723839,0.774366,0.7307619,0.690345,0.77956,0.741594,0.794888,0.739839,0.664301,0.768391
0.817578,0.873842,0.885946,0.952166,0.913736,0.745106,0.809007,0.877491,0.798058,0.836231,0.861347,0.754724,0.862844,0.870967,0.741707,0.7747591,0.816833,0.749305,0.822801,0.831301,0.800909,0.778044,0.665829,0.784024,1.0,0.855547,0.792111,0.829794,0.890342,0.909125,0.82289,0.810772,0.847506,0.802467,0.81832,0.7485172,0.901139,0.892496,0.80479,0.809414,0.87171,0.891389,0.729302,0.839037,0.7185,0.852663,0.728794,0.836156,0.776033,0.820105,0.794653,0.896227,0.825134,0.889332,0.824075,0.725209,0.887536,0.882418,0.6978526,0.843015,0.783375,0.808293,0.7300729,0.756574,0.87848,0.715597,0.853272,0.81217,0.749073,0.85878,0.852425,0.699349,0.680494,0.828106,0.735421,0.946932,0.878805,0.830196,0.835961,0.742164,0.79058,0.833864,0.79294,0.784322,0.811062,0.768835,0.898388,0.731352,0.802729,0.804102,0.799879,0.676842,0.8029,0.87449,0.810418,0.84041,0.798724,0.716657,0.76762,0.851797
0.737308,0.791944,0.843151,0.847947,0.770464,0.752544,0.714209,0.781942,0.761528,0.822631,0.789396,0.773729,0.860117,0.857706,0.732166,0.870226,0.854031,0.824632,0.83178,0.849686,0.762471,0.786202,0.73477,0.652709,0.855547,1.0,0.754906,0.824401,0.818409,0.761443,0.753374,0.755095,0.80458,0.785526,0.825812,0.716155,0.763102,0.788894,0.806274,0.860272,0.738787,0.937302,0.716573,0.77924,0.6928949,0.777084,0.678167,0.746001,0.791995,0.733049,0.817823,0.762592,0.6441307,0.793748,0.821572,0.777664,0.813969,0.81342,0.759917,0.7915,0.702948,0.728252,0.7161189,0.743872,0.851606,0.751419,0.757893,0.752927,0.796346,0.754578,0.793478,0.706842,0.7632,0.775671,0.709415,0.864493,0.808649,0.790522,0.7525615,0.787293,0.6684991,0.746463,0.78375,0.706951,0.785027,0.731088,0.779295,0.675144,0.755672,0.5962938,0.826519,0.778595,0.818381,0.943867,0.787656,0.781813,0.716587,0.724749,0.7745923,0.784809
0.772727,0.748461,0.753771,0.822975,0.831375,0.739138,0.746207,0.865379,0.792572,0.765836,0.841568,0.829998,0.85422,0.80638,0.791376,0.818141,0.766698,0.742992,0.783917,0.718229,0.701783,0.791536,0.737546,0.772025,0.792111,0.754906,1.0,0.845909,0.813233,0.73548,0.79593,0.746969,0.779794,0.753924,0.919113,0.726617,0.804826,0.798977,0.77277,0.790478,0.822985,0.800283,0.706894,0.854048,0.74296,0.904406,0.788808,0.856126,0.726397,0.785893,0.767028,0.76525,0.731624,0.791826,0.795777,0.753752,0.862554,0.778027,0.705415,0.752099,0.773924,0.762199,0.800798,0.6519095,0.794442,0.799287,0.844308,0.76821,0.763078,0.754972,0.773652,0.760037,0.7222,0.821394,0.655696,0.86544,0.790109,0.690997,0.73476,0.729102,0.778108,0.873889,0.815596,0.811784,0.820504,0.762529,0.795929,0.725761,0.777374,0.757825,0.890293,0.704798,0.812689,0.767209,0.829548,0.779972,0.957694,0.774021,0.730248,0.792731
0.790506,0.82274,0.812125,0.8378381,0.866328,0.768762,0.772647,0.824521,0.80349,0.783101,0.7828939,0.784599,0.870072,0.822359,0.748761,0.919675,0.804479,0.791901,0.791115,0.796412,0.734887,0.851201,0.768635,0.79237,0.829794,0.824401,0.845909,1.0,0.851555,0.791186,0.748423,0.760256,0.849985,0.806997,0.884596,0.760369,0.899521,0.816333,0.846273,0.866555,0.81719,0.820871,0.812724,0.876661,0.716287,0.806339,0.778168,0.868371,0.864417,0.854034,0.798583,0.845732,0.779725,0.873911,0.83097,0.760351,0.878413,0.76321,0.748352,0.788035,0.706734,0.788814,0.835791,0.681018,0.84694,0.791643,0.827506,0.7810814,0.832081,0.822739,0.790811,0.856796,0.812831,0.823706,0.677029,0.82217,0.869116,0.777976,0.703759,0.724837,0.791601,0.852246,0.83256,0.774344,0.808794,0.914779,0.882533,0.849781,0.83137,0.73709,0.844381,0.725906,0.819335,0.757147,0.824249,0.855231,0.810072,0.798901,0.800695,0.897712
0.776954,0.877367,0.885289,0.84815,0.920558,0.761022,0.821866,0.814818,0.821443,0.826271,0.808588,0.722492,0.882913,0.927782,0.885775,0.843216,0.819427,0.859646,0.868396,0.861003,0.874602,0.836412,0.755027,0.791106,0.890342,0.818409,0.813233,0.851555,1.0,0.764528,0.861305,0.787755,0.850391,0.846843,0.863765,0.765562,0.909047,0.862144,0.879435,0.885538,0.896046,0.878696,0.7183842,0.844056,0.772473,0.851099,0.7187155,0.839979,0.846988,0.889415,0.902922,0.854974,0.811631,0.855634,0.794244,0.754012,0.832971,0.792259,0.815151,0.91325,0.748105,0.907745,0.811578,0.828755,0.986876,0.843937,0.755673,0.896464,0.874052,0.914126,0.939953,0.811547,0.786498,0.857682,0.824509,0.855137,0.94577,0.790202,0.831396,0.808769,0.782721,0.842492,0.887527,0.749463,0.668834,0.812066,0.906116,0.710338,0.89574,0.852936,0.839994,0.744611,0.838869,0.857392,0.867854,0.830634,0.751381,0.730951,0.850771,0.927138
0.758389,0.820101,0.818395,0.891698,0.847552,0.713381,0.701843,0.76297,0.674499,0.753627,0.843339,0.736254,0.747025,0.758204,0.710695,0.74984,0.663747,0.673378,0.686854,0.718965,0.738036,0.751155,0.677736,0.714315,0.909125,0.761443,0.73548,0.791186,0.764528,1.0,0.774111,0.718038,0.758238,0.726459,0.7896836,0.770476,0.864505,0.795629,0.666038,0.733706,0.799249,0.821097,0.783889,0.828958,0.6412835,0.843805,0.703404,0.848414,0.702178,0.764662,0.732726,0.895878,0.850213,0.885344,0.813853,0.593184,0.80012,0.836466,0.631609,0.815108,0.707368,0.629843,0.670753,0.64135,0.752639,0.720478,0.867958,0.661985,0.651758,0.755327,0.755197,0.595148,0.599739,0.755476,0.691856,0.836192,0.76127,0.898087,0.722329,0.650485,0.717788,0.756749,0.743698,0.798281,0.890044,0.741863,0.868198,0.767633,0.687951,0.6994386,0.736474,0.603876,0.726777,0.758548,0.729142,0.863971,0.800536,0.73369,0.606787,0.766062
0.762877,0.737529,0.812564,0.754366,0.822996,0.795993,0.721652,0.748413,0.772959,0.721972,0.714238,0.6536432,0.7506342,0.841754,0.843627,0.781257,0.652646,0.79975,0.718296,0.752452,0.763799,0.737334,0.660467,0.706291,0.82289,0.753374,0.79593,0.748423,0.861305,0.774111,1.0,0.806173,0.751826,0.72865,0.812174,0.71827,0.745598,0.781787,0.787415,0.758223,0.888635,0.860847,0.620208,0.803057,0.747536,0.850115,0.75766,0.722119,0.679976,0.764449,0.818389,0.720534,0.755613,0.755963,0.832379,0.753586,0.813486,0.815071,0.854924,0.810726,0.78565,0.854795,0.845714,0.807658,0.874318,0.784006,0.703297,0.881452,0.800205,0.804749,0.876,0.711495,0.642129,0.864649,0.723373,0.815014,0.772243,0.734755,0.937574,0.872272,0.636571,0.788054,0.8048,0.818463,0.804691,0.72229,0.73583,0.716536,0.856337,0.793057,0.801908,0.769821,0.792997,0.835147,0.801077,0.846894,0.748649,0.709093,0.825468,0.783738
0.895898,0.767359,0.7566662,0.785478,0.801849,0.80231,0.734943,0.80783,0.740573,0.860256,0.657802,0.713218,0.785619,0.804492,0.721451,0.768474,0.728263,0.750025,0.729167,0.747072,0.756694,0.79839,0.597175,0.730278,0.810772,0.755095,0.746969,0.760256,0.787755,0.718038,0.806173,1.0,0.883509,0.735113,0.818255,0.79403,0.720918,0.902206,0.745424,0.798688,0.786853,0.767133,0.634789,0.73335,0.733121,0.696001,0.719625,0.740296,0.6612871,0.74449,0.790552,0.783145,0.692877,0.77057,0.809915,0.794348,0.857312,0.820934,0.769557,0.681106,0.808792,0.788838,0.826121,0.721214,0.766597,0.6609926,0.751041,0.855811,0.722799,0.846526,0.785124,0.74902,0.588654,0.838921,0.797127,0.868941,0.76734,0.670453,0.785758,0.886188,0.691345,0.754366,0.673805,0.754766,0.734009,0.768011,0.706126,0.5735293,0.728977,0.713723,0.814629,0.745334,0.806433,0.81447,0.801966,0.76348,0.663403,0.652576,0.719028,0.7214553
0.932875,0.837202,0.866892,0.823163,0.862341,0.804481,0.820178,0.827404,0.80816,0.832193,0.695703,0.754556,0.847405,0.892297,0.715389,0.890896,0.764891,0.784278,0.785514,0.7340905,0.737153,0.803479,0.728236,0.780883,0.847506,0.80458,0.779794,0.849985,0.850391,0.758238,0.751826,0.883509,1.0,0.800086,0.814211,0.846653,0.8006833,0.94089,0.877713,0.881435,0.860817,0.837296,0.694132,0.737095,0.784786,0.717297,0.758463,0.794455,0.77958,0.867444,0.787593,0.886815,0.732665,0.839472,0.863869,0.78942,0.87863,0.847726,0.732721,0.752097,0.75998,0.847908,0.7291714,0.714817,0.841474,0.696928,0.775694,0.821475,0.841309,0.859047,0.790182,0.796441,0.7409353,0.864218,0.782467,0.851178,0.846456,0.717454,0.719069,0.759027,0.758377,0.883223,0.733915,0.763843,0.761753,0.841294,0.823592,0.675847,0.7846947,0.757588,0.824915,0.701279,0.843421,0.786207,0.839672,0.761802,0.716852,0.7115958,0.760962,0.863657
0.831849,0.941794,0.809814,0.832091,0.913508,0.741415,0.842705,0.79463,0.83592,0.865599,0.73275,0.715253,0.758893,0.876468,0.717331,0.821897,0.84214,0.844736,0.926585,0.860488,0.854472,0.801229,0.782219,0.851109,0.802467,0.785526,0.753924,0.806997,0.846843,0.726459,0.72865,0.735113,0.800086,1.0,0.7728,0.725058,0.836336,0.834472,0.840959,0.849847,0.870712,0.772781,0.769888,0.777282,0.683384,0.702005,0.741211,0.82529,0.795148,0.846576,0.863421,0.855908,0.839841,0.809721,0.83443,0.793795,0.799657,0.803941,0.791893,0.75007,0.657657,0.801702,0.670881,0.891913,0.853979,0.710361,0.741384,0.847516,0.83723,0.876421,0.802611,0.770652,0.800737,0.812612,0.775785,0.774561,0.830783,0.683872,0.727165,0.776381,0.906801,0.846504,0.677375,0.755915,0.662946,0.844262,0.808842,0.662589,0.750093,0.802021,0.787738,0.788056,0.863988,0.768216,0.79273,0.830899,0.720936,0.723838,0.790934,0.84293
0.798029,0.800254,0.742496,0.826574,0.857172,0.707648,0.722311,0.802994,0.728277,0.794116,0.797489,0.747089,0.819701,0.804245,0.78298,0.818315,0.740584,0.803619,0.782878,0.789511,0.77406,0.886877,0.691349,0.745495,0.81832,0.825812,0.919113,0.884596,0.863765,0.7896836,0.812174,0.818255,0.814211,0.7728,1.0,0.71652,0.879443,0.833211,0.755512,0.794488,0.844654,0.832982,0.784737,0.868517,0.692944,0.89824,0.74959,0.896458,0.764131,0.830611,0.84618,0.832252,0.831007,0.82155,0.804917,0.686763,0.840168,0.795487,0.737508,0.779242,0.729626,0.741079,0.804394,0.67494,0.843157,0.753262,0.848878,0.810159,0.710194,0.868841,0.826256,0.751454,0.673786,0.85011,0.75721,0.843817,0.822464,0.735251,0.740189,0.776155,0.703007,0.811521,0.784203,0.766009,0.813748,0.818087,0.845929,0.749864,0.798528,0.737835,0.8210046,0.677867,0.858905,0.806447,0.785125,0.831197,0.881005,0.700123,0.757177,0.842658
0.8016742,0.754488,0.82068,0.77035,0.761595,0.838753,0.782627,0.713687,0.743542,0.812144,0.588539,0.747473,0.838518,0.774153,0.681917,0.780307,0.758734,0.657012,0.713915,0.635424,0.66699,0.753333,0.654774,0.760012,0.7485172,0.716155,0.726617,0.760369,0.765562,0.770476,0.71827,0.79403,0.846653,0.725058,0.71652,1.0,0.7927,0.803717,0.804541,0.833339,0.835905,0.808985,0.756347,0.678996,0.690244,0.705644,0.598413,0.6885685,0.673044,0.74165,0.6532295,0.78006,0.788861,0.755529,0.725242,0.771747,0.782268,0.777616,0.657023,0.709384,0.781025,0.802663,0.7657,0.643953,0.74365,0.640466,0.776453,0.67466,0.705187,0.757603,0.757738,0.778031,0.7037619,0.774814,0.845544,0.778997,0.798622,0.760822,0.649603,0.692681,0.690877,0.877487,0.718991,0.873702,0.777344,0.733353,0.739906,0.755077,0.799587,0.672644,0.808887,0.685248,0.777686,0.713475,0.828428,0.6246694,0.666101,0.801233,0.742378,0.75542
0.788342,0.868427,0.792433,0.885748,0.91082,0.7005,0.803281,0.810464,0.790082,0.781633,0.822425,0.695038,0.851571,0.82596,0.711963,0.789113,0.805137,0.760129,0.836547,0.847482,0.792275,0.823402,0.666687,0.828603,0.901139,0.763102,0.804826,0.899521,0.909047,0.864505,0.745598,0.720918,0.8006833,0.836336,0.879443,0.7927,1.0,0.826658,0.808239,0.813991,0.893216,0.806519,0.82091,0.844925,0.723157,0.874203,0.721405,0.884469,0.873906,0.894829,0.814542,0.887744,0.896318,0.886648,0.741778,0.660073,0.808201,0.789521,0.709412,0.846919,0.648232,0.805955,0.776442,0.732758,0.889182,0.698462,0.835961,0.802022,0.747084,0.870288,0.856732,0.781971,0.734079,0.796424,0.755479,0.823085,0.910557,0.819633,0.722979,0.683538,0.806216,0.873161,0.815143,0.795457,0.756077,0.819047,0.966796,0.857325,0.862745,0.819,0.779733,0.678373,0.804772,0.753032,0.822062,0.832296,0.801263,0.769168,0.79736,0.927245
0.898503,0.849845,0.878762,0.8537088,0.891156,0.831773,0.865994,0.901127,0.849625,0.876495,0.746442,0.755547,0.819047,0.892879,0.722738,0.810064,0.773438,0.768815,0.803997,0.767577,0.782617,0.795615,0.702037,0.828131,0.892496,0.788894,0.798977,0.816333,0.862144,0.795629,0.781787,0.902206,0.94089,0.834472,0.833211,0.803717,0.826658,1.0,0.877137,0.890385,0.885434,0.826651,0.71012,0.751337,0.73239,0.74878,0.785281,0.787049,0.772992,0.8121836,0.797301,0.887345,0.776203,0.846226,0.86169,0.777014,0.912059,0.906328,0.747256,0.777843,0.757779,0.82496,0.788839,0.735262,0.845312,0.687342,0.797119,0.835968,0.809123,0.871301,0.802324,0.74371,0.709765,0.860104,0.767489,0.902,0.845891,0.74904,0.757994,0.764638,0.837688,0.889036,0.754234,0.817786,0.788645,0.843375,0.824441,0.6708462,0.787187,0.844051,0.843073,0.706238,0.821689,0.797946,0.858716,0.798005,0.731481,0.72371,0.785227,0.827487
0.763908,0.798666,0.896237,0.810505,0.822045,0.826037,0.876949,0.844198,0.956942,0.760915,0.742552,0.736507,0.867791,0.885672,0.755231,0.880755,0.77417,0.851548,0.77523,0.810582,0.73954,0.780556,0.744559,0.759291,0.80479,0.806274,0.77277,0.846273,0.879435,0.666038,0.787415,0.745424,0.877713,0.840959,0.755512,0.804541,0.808239,0.877137,1.0,0.91113,0.877456,0.866716,0.6581773,0.782362,0.757163,0.740188,0.750398,0.740637,0.823342,0.885315,0.792952,0.78501,0.679586,0.796465,0.818199,0.8144233,0.856582,0.836149,0.792168,0.82967,0.66906,0.88503,0.814778,0.767156,0.889227,0.760497,0.73166,0.831138,0.872763,0.839897,0.842552,0.853656,0.803896,0.8239,0.698283,0.793206,0.869706,0.737176,0.727413,0.740273,0.814681,0.885818,0.822985,0.810366,0.737257,0.879741,0.828692,0.744072,0.881114,0.809766,0.825034,0.731628,0.772799,0.78326,0.924122,0.829901,0.6984206,0.7796,0.853955,0.903024
0.790347,0.834828,0.906354,0.816979,0.849546,0.858742,0.837839,0.876258,0.838046,0.867258,0.747311,0.815309,0.86421,0.910651,0.795429,0.887695,0.856885,0.824865,0.865588,0.811038,0.833822,0.849604,0.797923,0.79681,0.809414,0.860272,0.790478,0.866555,0.885538,0.733706,0.758223,0.798688,0.881435,0.849847,0.794488,0.833339,0.813991,0.890385,0.91113,1.0,0.8171425,0.86784,0.782012,0.79927,0.732647,0.71841,0.733202,0.781054,0.801667,0.855775,0.814531,0.811298,0.751698,0.833127,0.840696,0.864965,0.888043,0.814165,0.759639,0.814299,0.726914,0.844021,0.774579,0.7487,0.883429,0.817356,0.73452,0.848577,0.852548,0.864121,0.870053,0.813989,0.84456,0.847723,0.781514,0.857191,0.851419,0.817639,0.681488,0.768739,0.825818,0.8286751,0.81843,0.845903,0.710366,0.877591,0.78922,0.731741,0.844085,0.72912,0.896016,0.75676,0.819989,0.812049,0.90765,0.794946,0.706021,0.876034,0.801937,0.877139
0.844733,0.836522,0.847786,0.852552,0.934558,0.772309,0.881014,0.818217,0.863371,0.773787,0.685444,0.6805027,0.781636,0.87279,0.756764,0.804791,0.765847,0.81381,0.820544,0.78431,0.792804,0.748759,0.697867,0.868905,0.87171,0.738787,0.822985,0.81719,0.896046,0.799249,0.888635,0.786853,0.860817,0.870712,0.844654,0.835905,0.893216,0.885434,0.877456,0.8171425,1.0,0.842881,0.748558,0.791928,0.751743,0.839063,0.758876,0.81447,0.756578,0.867869,0.834184,0.860499,0.871901,0.856407,0.852506,0.801397,0.842579,0.86197,0.761536,0.757153,0.675132,0.881139,0.766882,0.775039,0.888184,0.701098,0.789817,0.898149,0.841082,0.896143,0.83426,0.754548,0.732371,0.850491,0.752751,0.814422,0.866434,0.731411,0.824969,0.787856,0.805251,0.953773,0.795268,0.870717,0.780892,0.84941,0.851997,0.7701113,0.888703,0.881991,0.812672,0.713701,0.849244,0.74672,0.835127,0.841277,0.78552,0.796503,0.805854,0.864173
0.76272,0.829434,0.903125,0.840337,0.835204,0.796612,0.781953,0.780122,0.83296,0.764098,0.809467,0.756631,0.89309,0.909899,0.798905,0.83329,0.813451,0.8075,0.806382,0.830634,0.771045,0.8381,0.716154,0.655724,0.891389,0.937302,0.800283,0.820871,0.878696,0.821097,0.860847,0.767133,0.837296,0.772781,0.832982,0.808985,0.806519,0.826651,0.866716,0.86784,0.842881,1.0,0.716029,0.834152,0.7550204,0.831687,0.731659,0.788109,0.740376,0.791819,0.791868,0.819525,0.740462,0.801878,0.811074,0.778983,0.812503,0.859663,0.775845,0.862379,0.742832,0.818123,0.784544,0.749607,0.902112,0.801745,0.800382,0.770896,0.798486,0.783857,0.868711,0.717247,0.760439,0.818934,0.758935,0.856009,0.868286,0.855153,0.819883,0.787156,0.684713,0.828341,0.854619,0.827264,0.850189,0.75504,0.846215,0.775052,0.847879,0.6849976,0.876405,0.750743,0.806478,0.930171,0.861996,0.833433,0.7132781,0.785945,0.80362,0.839745
0.676877,0.76955,0.69199,0.763399,0.765808,0.736899,0.665908,0.743398,0.609398,0.79921,0.723333,0.7445194,0.7235807,0.681782,0.6764602,0.708816,0.71566,0.63286,0.723782,0.716802,0.711838,0.760003,0.721218,0.773036,0.729302,0.716573,0.706894,0.812724,0.7183842,0.783889,0.620208,0.634789,0.694132,0.769888,0.784737,0.756347,0.82091,0.71012,0.6581773,0.782012,0.748558,0.716029,1.0,0.766123,0.676107,0.728401,0.624737,0.796921,0.668261,0.7438724,0.692216,0.767101,0.8589,0.757739,0.679957,0.6407724,0.743516,0.671839,0.6008725,0.702635,0.576571,0.639516,0.694282,0.597783,0.6831716,0.736369,0.705996,0.642213,0.6487781,0.806471,0.79988,0.6528593,0.716883,0.7020717,0.796615,0.7412302,0.6672315,0.838126,0.5161821,0.594232,0.771808,0.761131,0.7749842,0.80657,0.71074,0.767014,0.707684,0.795553,0.762914,0.647445,0.82246,0.605146,0.736556,0.650008,0.773991,0.71742,0.708173,0.732573,0.6462893,0.7483245
0.711554,0.842664,0.850963,0.853812,0.853924,0.745311,0.767145,0.801232,0.739254,0.769994,0.850589,0.74262,0.824402,0.799196,0.835822,0.825537,0.748097,0.80704,0.766695,0.804457,0.806895,0.862364,0.809932,0.6701479,0.839037,0.77924,0.854048,0.876661,0.844056,0.828958,0.803057,0.73335,0.737095,0.777282,0.868517,0.678996,0.844925,0.751337,0.782362,0.79927,0.791928,0.834152,0.766123,1.0,0.696259,0.879215,0.764148,0.937282,0.732385,0.852744,0.769272,0.851502,0.783723,0.864345,0.769361,0.754814,0.859216,0.803003,0.680368,0.81523,0.715215,0.697343,0.7411915,0.722319,0.834279,0.868284,0.812021,0.776836,0.699089,0.832107,0.867295,0.765052,0.73412,0.826793,0.672305,0.852695,0.805322,0.827668,0.754032,0.736489,0.755514,0.765769,0.80625,0.739833,0.760854,0.858503,0.834626,0.7237937,0.78273,0.695419,0.833705,0.6082202,0.800732,0.77793,0.812283,0.918802,0.854526,0.705245,0.72147,0.831422
