0,1,2,3,4,5,6,7,8,9,10,11,12,13,14,15,16,17,18,19,20,21,22,23,24,25,26,27,28,29,30,31,32,33,34,35,36,37,38,39,40,41,42,43,44,45,46,47,48,49,50,51,52,53,54,55,56,57,58,59,60,61,62,63,64,65,66,67,68,69,70,71,72,73,74,75,76,77,78,79,80,81,82,83,84,85,86,87,88,89,90,91,92,93,94,95,96,97,98,99
1.0,0.927157,0.914373,0.874621,0.911284,0.891246,0.854669,0.901456,0.935083,0.867118,0.922029,0.877706,0.918788,0.868113,0.911206,0.898673,0.889823,0.872527,0.911043,0.960081,0.836884,0.911199,0.901012,0.879329,0.845174,0.927483,0.881664,0.802959,0.886869,0.903543,0.921937,0.922803,0.881855,0.843216,0.870597,0.920625,0.928861,0.939294,0.935169,0.904175,0.974427,0.896317,0.914021,0.922285,0.89085,0.850336,0.876025,0.87208,0.919167,0.928905,0.952752,0.966621,0.843681,0.803288,0.884012,0.909817,0.918477,0.891016,0.833958,0.951046,0.961685,0.898065,0.956569,0.86597,0.942729,0.855934,0.91536,0.87158,0.847141,0.831916,0.861501,0.916966,0.883764,0.966348,0.908142,0.892207,0.842952,0.914117,0.927816,0.897862,0.956484,0.896391,0.980174,0.881766,0.827879,0.945462,0.934637,0.8518716,0.985054,0.902556,0.923724,0.897419,0.827818,0.874569,0.911437,0.916987,0.869809,0.935051,0.897243,0.928088
0.927157,1.0,0.932913,0.966891,0.981006,0.862326,0.938058,0.970752,0.851295,0.781642,0.880817,0.840564,0.870609,0.816994,0.874269,0.935927,0.895596,0.931562,0.945142,0.942113,0.892639,0.883274,0.879875,0.845748,0.815512,0.99653,0.931332,0.806186,0.783655,0.980714,0.929945,0.935524,0.797195,0.928171,0.864777,0.978858,0.928282,0.984608,0.926056,0.809996,0.898131,0.954143,0.955424,0.992218,0.8793,0.833614,0.837639,0.898473,0.901948,0.93088,0.833455,0.903079,0.864643,0.864933,0.968306,0.896645,0.955502,0.860781,0.754961,0.984725,0.98401,0.925934,0.904996,0.930888,0.907182,0.837221,0.891438,0.952119,0.951987,0.908005,0.872676,0.905704,0.943477,0.944103,0.82485,0.988426,0.87057,0.938217,0.944221,0.906872,0.990028,0.85007,0.907454,0.95057,0.918462,0.982083,0.985909,0.820702,0.932907,0.87426,0.913129,0.916132,0.881204,0.913142,0.9474,0.943783,0.910296,0.954176,0.85823,0.948223
0.914373,0.932913,1.0,0.88454,0.961599,0.968205,0.897735,0.938766,0.897505,0.843709,0.87302,0.894496,0.905351,0.816751,0.874072,0.972572,0.828355,0.927574,0.974965,0.884229,0.848704,0.855643,0.825528,0.939162,0.903218,0.944359,0.91839,0.879687,0.826662,0.914066,0.996665,0.950075,0.826421,0.875027,0.803676,0.977937,0.982923,0.933731,0.872406,0.822121,0.910671,0.967666,0.987429,0.958714,0.854708,0.92047,0.840223,0.83904,0.986991,0.987408,0.855523,0.917431,0.902593,0.852225,0.962466,0.985317,0.967455,0.941794,0.827845,0.905612,0.915653,0.984916,0.885613,0.919904,0.885886,0.89411,0.842624,0.896692,0.889506,0.871876,0.90906,0.853933,0.935795,0.912935,0.845454,0.940815,0.883456,0.856223,0.993336,0.951017,0.919333,0.950399,0.901568,0.972311,0.884126,0.90508,0.937322,0.801993,0.922904,0.892884,0.975478,0.860194,0.86077,0.972474,0.992115,0.995947,0.93659,0.895015,0.952873,0.994131
0.874621,0.966891,0.88454,1.0,0.965478,0.792151,0.888348,0.916463,0.778335,0.736296,0.911646,0.854843,0.855526,0.881918,0.900146,0.937413,0.93231,0.964307,0.93644,0.87967,0.950695,0.932031,0.923943,0.809401,0.800461,0.959127,0.856774,0.859041,0.730417,0.989173,0.872456,0.884227,0.809213,0.983643,0.937262,0.932046,0.863895,0.938345,0.858373,0.772395,0.839387,0.957821,0.93433,0.951166,0.915721,0.790308,0.814257,0.876934,0.84166,0.869051,0.767478,0.842638,0.911045,0.933706,0.947346,0.82714,0.891891,0.822317,0.787637,0.969349,0.930011,0.917742,0.919723,0.968326,0.92795,0.857529,0.837315,0.987199,0.993733,0.970048,0.872253,0.952521,0.966371,0.914647,0.821743,0.963591,0.82082,0.975828,0.899837,0.899422,0.94049,0.80203,0.836235,0.92377,0.934024,0.965002,0.943509,0.888985,0.902349,0.852395,0.866043,0.875119,0.945129,0.91526,0.92426,0.909728,0.84181,0.882363,0.812868,0.898649
0.911284,0.981006,0.961599,0.965478,1.0,0.885639,0.915754,0.962086,0.850386,0.783857,0.901839,0.876767,0.890782,0.845478,0.896895,0.97985,0.875204,0.974039,0.985846,0.900547,0.908194,0.896374,0.863712,0.88951,0.848648,0.987238,0.918235,0.85833,0.784083,0.984409,0.957391,0.956816,0.802785,0.951956,0.861224,0.989528,0.952903,0.974376,0.875211,0.791906,0.889662,0.990968,0.988348,0.991752,0.883153,0.858113,0.829727,0.857701,0.932948,0.956299,0.833214,0.891918,0.909293,0.901957,0.982374,0.921247,0.963526,0.883686,0.781429,0.956226,0.942668,0.969297,0.916311,0.972356,0.917922,0.87317,0.840523,0.972184,0.966265,0.939511,0.896469,0.903012,0.982464,0.921179,0.821922,0.98205,0.876224,0.925682,0.975397,0.954055,0.95602,0.888563,0.878713,0.970525,0.927454,0.948382,0.979031,0.839957,0.927928,0.878874,0.949242,0.908649,0.912828,0.955904,0.982015,0.97687,0.909092,0.910124,0.888344,0.97521
0.891246,0.862326,0.968205,0.792151,0.885639,1.0,0.852431,0.881433,0.945133,0.906659,0.829888,0.905745,0.916716,0.811109,0.840909,0.907867,0.809293,0.854867,0.911762,0.862363,0.810743,0.797863,0.809748,0.943777,0.911742,0.877017,0.892093,0.880971,0.871474,0.831355,0.971583,0.913245,0.85817,0.801291,0.75932,0.918126,0.960594,0.880277,0.856068,0.834569,0.901381,0.891097,0.925024,0.892548,0.782891,0.940016,0.826366,0.820007,0.983706,0.962766,0.874365,0.908855,0.880346,0.796566,0.883046,0.989191,0.928477,0.965018,0.901065,0.838049,0.868699,0.935851,0.836249,0.845403,0.827055,0.896758,0.832241,0.817244,0.791742,0.809574,0.890073,0.793592,0.859874,0.859254,0.862641,0.859288,0.848565,0.79099,0.952301,0.901678,0.868869,0.977117,0.895661,0.902237,0.798408,0.836264,0.879989,0.773229,0.882267,0.885971,0.951688,0.820561,0.822175,0.918514,0.936142,0.948837,0.913211,0.872538,0.980959,0.953132
0.854669,0.938058,0.897735,0.888348,0.915754,0.852431,1.0,0.958381,0.834077,0.768976,0.8105,0.778399,0.79873,0.760788,0.803666,0.8794,0.87936,0.897084,0.885859,0.893602,0.846206,0.804871,0.856335,0.778658,0.79425,0.934088,0.981513,0.746824,0.742394,0.906079,0.901175,0.887832,0.79904,0.875943,0.779765,0.938488,0.901674,0.914959,0.920494,0.817629,0.855436,0.890809,0.899669,0.937757,0.806241,0.90006,0.903271,0.907538,0.868901,0.899733,0.797132,0.874603,0.847597,0.840773,0.941443,0.888668,0.942651,0.815055,0.748661,0.899094,0.927052,0.86552,0.847163,0.890987,0.833234,0.775263,0.879175,0.902422,0.883069,0.861171,0.858743,0.824831,0.900102,0.889943,0.82371,0.954931,0.841283,0.868994,0.895564,0.90918,0.924093,0.796626,0.886688,0.937843,0.919014,0.907827,0.911984,0.751372,0.856615,0.847764,0.8618978,0.879528,0.841898,0.850813,0.893502,0.895933,0.964134,0.945803,0.804697,0.90534
0.901456,0.970752,0.938766,0.916463,0.962086,0.881433,0.958381,1.0,0.849903,0.789945,0.836196,0.814175,0.848424,0.780792,0.836576,0.923561,0.870343,0.908792,0.935467,0.932526,0.873973,0.830792,0.847591,0.846248,0.844071,0.978077,0.964518,0.78056,0.782685,0.940191,0.946406,0.944877,0.794091,0.89036,0.799398,0.977176,0.943874,0.964315,0.925098,0.820668,0.906576,0.935858,0.950914,0.974369,0.831019,0.882235,0.848977,0.899763,0.919085,0.944606,0.834701,0.902165,0.866569,0.837953,0.956752,0.920412,0.981659,0.858177,0.755037,0.935753,0.949041,0.915666,0.854628,0.895551,0.86204,0.812299,0.88291,0.908706,0.904638,0.876793,0.892177,0.840682,0.918837,0.913924,0.830724,0.971329,0.882606,0.873197,0.950953,0.897446,0.959788,0.856512,0.90435,0.947722,0.88989,0.935014,0.956226,0.766203,0.900874,0.865547,0.924371,0.899662,0.866496,0.88769,0.941229,0.944655,0.952084,0.952658,0.86054,0.955613
0.935083,0.851295,0.897505,0.778335,0.850386,0.945133,0.834077,0.849903,1.0,0.938003,0.89039,0.912402,0.948586,0.87755,0.899032,0.842502,0.826532,0.810973,0.852503,0.877012,0.790879,0.847287,0.838135,0.875809,0.830111,0.856325,0.868903,0.848881,0.927986,0.812229,0.90208,0.871082,0.925477,0.777865,0.792558,0.879989,0.905078,0.864585,0.872514,0.894788,0.95948,0.838656,0.866235,0.866593,0.830879,0.873047,0.887731,0.822874,0.911025,0.904556,0.943438,0.973365,0.829132,0.751041,0.841128,0.9181,0.890924,0.952578,0.920531,0.847254,0.881312,0.86046,0.886686,0.807816,0.876147,0.894084,0.853441,0.794784,0.767159,0.782222,0.842414,0.827379,0.817532,0.895697,0.928244,0.832474,0.807227,0.807118,0.890013,0.835345,0.872532,0.924699,0.939676,0.848225,0.762548,0.847918,0.865222,0.835551,0.932603,0.930035,0.883928,0.805766,0.7922,0.843356,0.871477,0.881201,0.872242,0.877442,0.951227,0.894677
0.867118,0.781642,0.843709,0.736296,0.783857,0.906659,0.768976,0.789945,0.938003,1.0,0.854081,0.88368,0.899774,0.889148,0.862711,0.803478,0.814964,0.785566,0.807728,0.828751,0.808718,0.821068,0.829011,0.866626,0.88224,0.794773,0.806172,0.855046,0.960324,0.762164,0.85312,0.842847,0.939452,0.767405,0.801996,0.81603,0.848489,0.803347,0.863173,0.937536,0.900698,0.78639,0.811091,0.801331,0.7920238,0.84704,0.866671,0.853115,0.868678,0.850176,0.880317,0.90512,0.841359,0.777642,0.774508,0.871709,0.82607,0.907807,0.952305,0.781885,0.812486,0.815207,0.838555,0.777656,0.835195,0.868534,0.881646,0.760211,0.732358,0.783965,0.875803,0.796653,0.781593,0.83237,0.94227,0.767897,0.875667,0.772033,0.83685,0.814672,0.801702,0.8918,0.898856,0.78643,0.743599,0.778065,0.794624,0.851768,0.86389,0.876903,0.853974,0.799091,0.812874,0.797656,0.815677,0.829543,0.850394,0.833142,0.911211,0.837795
0.922029,0.880817,0.87302,0.911646,0.901839,0.829888,0.8105,0.836196,0.89039,0.854081,1.0,0.959598,0.96284,0.974785,0.996355,0.917045,0.891595,0.921324,0.911107,0.839217,0.869963,0.988313,0.915775,0.836259,0.804372,0.875642,0.800593,0.924424,0.842721,0.907799,0.861407,0.844061,0.915321,0.906318,0.938858,0.873205,0.844393,0.859688,0.830725,0.851698,0.922699,0.918801,0.904279,0.87455,0.966853,0.81019,0.902598,0.816804,0.847132,0.85069,0.862871,0.925345,0.885346,0.870271,0.882697,0.832288,0.841328,0.909271,0.896986,0.917566,0.877284,0.909504,0.98583,0.920665,0.992645,0.953424,0.813986,0.911563,0.906904,0.900379,0.839524,0.969065,0.919891,0.942723,0.916938,0.874602,0.775271,0.940598,0.879429,0.888378,0.872577,0.85122,0.885303,0.876453,0.84864,0.916031,0.864562,0.958259,0.964384,0.945615,0.858819,0.804174,0.879012,0.905832,0.901685,0.891626,0.81289,0.819919,0.8873,0.873948
0.877706,0.840564,0.894496,0.854843,0.876767,0.905745,0.778399,0.814175,0.912402,0.88368,0.959598,1.0,0.988993,0.932923,0.974125,0.914332,0.818377,0.893001,0.905666,0.795211,0.812767,0.919617,0.837804,0.903294,0.833186,0.845219,0.774128,0.973805,0.861525,0.86636,0.882295,0.836602,0.883502,0.855225,0.850248,0.856995,0.853194,0.832528,0.776766,0.802435,0.900158,0.900361,0.898595,0.848742,0.899806,0.829919,0.869692,0.757229,0.888668,0.861351,0.845979,0.900453,0.857441,0.820606,0.8566,0.873276,0.830794,0.971619,0.919264,0.860427,0.827314,0.926954,0.932401,0.886565,0.935714,0.994363,0.757055,0.867831,0.854415,0.850126,0.81497,0.892749,0.893489,0.885271,0.874452,0.839133,0.759776,0.870004,0.887337,0.896286,0.828659,0.931387,0.838095,0.860673,0.80367,0.855212,0.836815,0.895477,0.919395,0.949694,0.877861,0.774398,0.827917,0.919927,0.903887,0.90065,0.793984,0.776451,0.962666,0.878797
0.918788,0.870609,0.905351,0.855526,0.890782,0.916716,0.79873,0.848424,0.948586,0.899774,0.96284,0.988993,1.0,0.918987,0.977495,0.906953,0.808088,0.877507,0.904776,0.835197,0.794754,0.919943,0.827762,0.895777,0.820614,0.872917,0.801601,0.940112,0.889325,0.871953,0.896428,0.857934,0.880553,0.838176,0.842696,0.884058,0.873824,0.861304,0.817476,0.831515,0.941866,0.900333,0.906489,0.876901,0.914359,0.808778,0.885185,0.767968,0.896373,0.880346,0.887783,0.944501,0.828423,0.803522,0.878052,0.884519,0.860875,0.983628,0.896365,0.886125,0.870195,0.918117,0.942032,0.871289,0.946898,0.98307,0.791664,0.858196,0.850321,0.82869,0.810191,0.891893,0.883331,0.924312,0.881886,0.866318,0.780825,0.868444,0.900241,0.886654,0.865959,0.932532,0.884809,0.880446,0.81735,0.885252,0.864184,0.892077,0.953989,0.976197,0.885577,0.798799,0.804553,0.908238,0.909417,0.90876,0.810861,0.816864,0.969882,0.895897
0.868113,0.816994,0.816751,0.881918,0.845478,0.811109,0.760788,0.780792,0.87755,0.889148,0.974785,0.932923,0.918987,1.0,0.97035,0.866724,0.908163,0.894606,0.857147,0.805171,0.903097,0.97605,0.931622,0.789191,0.858388,0.812975,0.792227,0.93474,0.838939,0.859598,0.811698,0.812981,0.95795,0.904439,0.954009,0.813993,0.808505,0.803312,0.82703,0.878803,0.883194,0.871764,0.846763,0.812301,0.953672,0.818542,0.858443,0.845656,0.809359,0.81076,0.840776,0.892442,0.914677,0.89565,0.82392,0.807066,0.805424,0.863512,0.95526,0.854217,0.812727,0.8576,0.942382,0.898681,0.953505,0.931396,0.819012,0.885673,0.887772,0.911767,0.883156,0.951492,0.884644,0.87355,0.957108,0.811274,0.775722,0.912084,0.823443,0.833454,0.81174,0.815208,0.871591,0.814929,0.835596,0.852582,0.805113,0.981017,0.902637,0.896376,0.81633,0.79061,0.911288,0.859937,0.844253,0.831903,0.819358,0.810777,0.846311,0.819565
0.911206,0.874269,0.874072,0.900146,0.896895,0.840909,0.803666,0.836576,0.899032,0.862711,0.996355,0.974125,0.977495,0.97035,1.0,0.913112,0.864652,0.910893,0.906406,0.823784,0.852654,0.976116,0.889068,0.838903,0.794399,0.870016,0.784633,0.939454,0.850282,0.896775,0.861539,0.838349,0.903908,0.892374,0.9201,0.871046,0.839994,0.850715,0.813614,0.839207,0.92217,0.914099,0.902279,0.870238,0.963003,0.795188,0.900282,0.793286,0.846635,0.846945,0.858583,0.925547,0.869872,0.864174,0.884166,0.831265,0.837517,0.932068,0.900094,0.90544,0.8671,0.908349,0.973187,0.908791,0.984326,0.971886,0.794368,0.897846,0.897901,0.886071,0.824364,0.950502,0.90995,0.937944,0.90337,0.874263,0.767597,0.920498,0.877515,0.882585,0.861732,0.864192,0.872766,0.880033,0.849166,0.905965,0.855201,0.953854,0.958697,0.964073,0.856004,0.79411,0.863483,0.904217,0.900444,0.891403,0.797076,0.804251,0.906829,0.871892
0.898673,0.935927,0.972572,0.937413,0.97985,0.907867,0.8794,0.923561,0.842502,0.803478,0.917045,0.914332,0.906953,0.866724,0.913112,1.0,0.859148,0.9828,0.997878,0.857697,0.892435,0.90853,0.860483,0.922587,0.886893,0.947933,0.873926,0.912089,0.793507,0.957355,0.965667,0.944859,0.817771,0.939889,0.864155,0.965696,0.949222,0.932948,0.83614,0.794267,0.880237,0.994875,0.993512,0.95615,0.889159,0.880927,0.849085,0.826467,0.949881,0.955295,0.821016,0.878586,0.930384,0.909446,0.964954,0.93318,0.937745,0.911501,0.818696,0.92315,0.897586,0.994602,0.927235,0.976013,0.928383,0.91298,0.811041,0.956043,0.945454,0.933946,0.903954,0.907143,0.985757,0.910944,0.832558,0.946486,0.867236,0.912137,0.980535,0.982132,0.908286,0.923338,0.861514,0.965327,0.912595,0.914983,0.937503,0.854865,0.922616,0.884274,0.964489,0.87522,0.909645,0.981557,0.992126,0.987859,0.889596,0.857515,0.920701,0.97515
0.889823,0.895596,0.828355,0.93231,0.875204,0.809293,0.87936,0.870343,0.826532,0.814964,0.891595,0.818377,0.808088,0.908163,0.864652,0.859148,1.0,0.912096,0.861422,0.916866,0.961158,0.926702,0.995753,0.774575,0.850027,0.892137,0.90261,0.826788,0.774922,0.92369,0.836824,0.863708,0.904833,0.948618,0.954801,0.863019,0.850108,0.898739,0.942205,0.878564,0.865503,0.867407,0.848271,0.877186,0.867875,0.853831,0.847489,0.96747,0.828572,0.848935,0.815068,0.876312,0.928477,0.877287,0.822454,0.83811,0.877756,0.769802,0.861719,0.916528,0.909661,0.837132,0.91539,0.91605,0.902021,0.799921,0.924275,0.940101,0.913719,0.945304,0.915676,0.955648,0.906035,0.863579,0.926353,0.84959,0.834007,0.968753,0.843538,0.850755,0.915427,0.782885,0.915618,0.798992,0.813063,0.90294,0.893205,0.884889,0.875663,0.768229,0.837781,0.880449,0.944996,0.82508,0.839389,0.833602,0.901108,0.944812,0.780853,0.847288
0.872527,0.931562,0.927574,0.964307,0.974039,0.854867,0.897084,0.908792,0.810973,0.785566,0.921324,0.893001,0.877507,0.894606,0.910893,0.9828,0.912096,1.0,0.981035,0.852761,0.946472,0.924488,0.90629,0.878239,0.869303,0.941677,0.901376,0.901313,0.76551,0.974484,0.921884,0.927033,0.846621,0.981921,0.897262,0.944623,0.916215,0.928386,0.842761,0.799617,0.853142,0.985981,0.968461,0.9446,0.887103,0.889645,0.842252,0.870172,0.903662,0.920607,0.794689,0.852235,0.961159,0.932624,0.943933,0.889406,0.919985,0.856221,0.834264,0.921296,0.881869,0.963958,0.929025,0.997159,0.928078,0.887218,0.821638,0.987862,0.971691,0.978039,0.921955,0.927871,0.998563,0.882477,0.856232,0.935509,0.860615,0.940507,0.945945,0.963288,0.900422,0.869209,0.843944,0.932331,0.908107,0.907714,0.933142,0.873419,0.898241,0.847008,0.927967,0.876192,0.958471,0.953075,0.961379,0.95089,0.912113,0.86634,0.865022,0.941043
0.911043,0.945142,0.974965,0.93644,0.985846,0.911762,0.885859,0.935467,0.852503,0.807728,0.911107,0.905666,0.904776,0.857147,0.906406,0.997878,0.861422,0.981035,1.0,0.876123,0.893487,0.900684,0.859846,0.927809,0.891422,0.959149,0.889568,0.894133,0.800965,0.962653,0.971863,0.960686,0.818598,0.937549,0.854139,0.974683,0.961426,0.949319,0.851193,0.801007,0.890745,0.994025,0.995239,0.966708,0.877991,0.885714,0.847606,0.83522,0.957275,0.966219,0.83787,0.886136,0.926352,0.897287,0.9649,0.940378,0.95112,0.907055,0.813359,0.928655,0.908753,0.990974,0.927367,0.973963,0.924509,0.89995,0.823731,0.957656,0.941836,0.93031,0.910032,0.901195,0.986329,0.91183,0.835043,0.950351,0.880033,0.910963,0.987397,0.98519,0.921671,0.927484,0.875151,0.963324,0.909381,0.91796,0.952478,0.840598,0.927215,0.879195,0.973786,0.894793,0.907585,0.974179,0.992437,0.989831,0.899313,0.875669,0.920477,0.982722
0.960081,0.942113,0.884229,0.87967,0.900547,0.862363,0.893602,0.932526,0.877012,0.828751,0.839217,0.795211,0.835197,0.805171,0.823784,0.857697,0.916866,0.852761,0.876123,1.0,0.868925,0.846539,0.908286,0.862348,0.824754,0.944362,0.918011,0.740609,0.858246,0.910028,0.897736,0.913896,0.831059,0.854083,0.850055,0.918113,0.917232,0.962011,0.959628,0.89116,0.93396,0.863475,0.883388,0.929288,0.811256,0.836476,0.824976,0.919314,0.896245,0.915529,0.906249,0.917699,0.838478,0.792515,0.865352,0.892495,0.934177,0.823827,0.782296,0.945076,0.967873,0.852952,0.888666,0.844475,0.868395,0.770723,0.962428,0.875763,0.842705,0.842246,0.863417,0.876643,0.86432,0.919711,0.865861,0.898851,0.883582,0.903471,0.90237,0.857936,0.974766,0.84831,0.953142,0.852515,0.808348,0.936877,0.95283,0.791178,0.922364,0.822115,0.893379,0.902617,0.846417,0.821637,0.87581,0.882681,0.889579,0.973545,0.842264,0.907865
0.836884,0.892639,0.848704,0.950695,0.908194,0.810743,0.846206,0.873973,0.790879,0.808718,0.869963,0.812767,0.794754,0.903097,0.852654,0.892435,0.961158,0.946472,0.893487,0.868925,1.0,0.903294,0.94744,0.790689,0.903657,0.899206,0.891019,0.856357,0.76021,0.932739,0.856732,0.904258,0.878704,0.983246,0.936089,0.887785,0.874797,0.901962,0.885413,0.83941,0.819208,0.910139,0.883132,0.894594,0.873849,0.853634,0.787164,0.942033,0.847995,0.873287,0.779446,0.824686,0.972223,0.961879,0.871186,0.848124,0.89294,0.766814,0.864327,0.883949,0.863764,0.869236,0.867658,0.952997,0.869826,0.81003,0.874424,0.960543,0.959004,0.989954,0.96533,0.917152,0.938732,0.816946,0.894511,0.877922,0.876478,0.931195,0.871236,0.871784,0.883599,0.798663,0.85599,0.845931,0.907193,0.871227,0.898293,0.896325,0.831985,0.764977,0.871189,0.90339,0.996244,0.864586,0.872665,0.862401,0.904916,0.906795,0.783372,0.873452
0.911199,0.883274,0.855643,0.932031,0.896374,0.797863,0.804871,0.830792,0.847287,0.821068,0.988313,0.919617,0.919943,0.97605,0.976116,0.90853,0.926702,0.924488,0.900684,0.846539,0.903294,1.0,0.949604,0.808078,0.824277,0.872212,0.798409,0.905227,0.802726,0.913905,0.843128,0.829315,0.912079,0.927053,0.977774,0.862021,0.828449,0.854334,0.843402,0.85228,0.89899,0.915677,0.894283,0.866788,0.979295,0.803283,0.876343,0.845388,0.825557,0.834254,0.835776,0.90221,0.905859,0.901251,0.879341,0.813513,0.831397,0.860174,0.884385,0.927898,0.88125,0.897838,0.979837,0.926555,0.989167,0.91718,0.83046,0.922325,0.925484,0.923422,0.860308,0.991288,0.920105,0.940622,0.919348,0.874755,0.770307,0.963913,0.863176,0.871781,0.876507,0.811369,0.880928,0.870293,0.864973,0.928594,0.858701,0.973219,0.950451,0.911481,0.83907,0.801272,0.908064,0.89833,0.890378,0.876909,0.811007,0.829991,0.838886,0.858341
0.901012,0.879875,0.825528,0.923943,0.863712,0.809748,0.856335,0.847591,0.838135,0.829011,0.915775,0.837804,0.827762,0.931622,0.889068,0.860483,0.995753,0.90629,0.859846,0.908286,0.94744,0.949604,1.0,0.779446,0.853247,0.87413,0.88032,0.843147,0.789748,0.911238,0.832295,0.850787,0.922547,0.937287,0.969965,0.847297,0.842139,0.8802,0.934981,0.891559,0.878407,0.865385,0.845776,0.859136,0.894157,0.851813,0.861526,0.953037,0.826737,0.841756,0.829379,0.888012,0.926032,0.875461,0.813295,0.83454,0.860091,0.781293,0.878133,0.914511,0.900436,0.841507,0.935168,0.909886,0.924415,0.82073,0.919402,0.927738,0.904936,0.934951,0.907646,0.971188,0.89905,0.876993,0.942314,0.833998,0.819848,0.971646,0.83897,0.849232,0.902514,0.78829,0.923615,0.793608,0.809299,0.902699,0.875097,0.910843,0.892619,0.788426,0.835083,0.864399,0.934306,0.832103,0.83891,0.832217,0.885373,0.928214,0.789114,0.840694
0.879329,0.845748,0.939162,0.809401,0.88951,0.943777,0.778658,0.846248,0.875809,0.866626,0.836259,0.903294,0.895777,0.789191,0.838903,0.922587,0.774575,0.878239,0.927809,0.862348,0.790689,0.808078,0.779446,1.0,0.877547,0.867559,0.818869,0.876124,0.869042,0.853839,0.941202,0.904819,0.778476,0.814674,0.754904,0.895663,0.938123,0.881056,0.798647,0.833377,0.87249,0.902582,0.92348,0.876271,0.776561,0.860619,0.775417,0.760015,0.961602,0.942702,0.850855,0.853643,0.851891,0.78819,0.857327,0.94421,0.898578,0.922336,0.829879,0.836705,0.833808,0.938788,0.857591,0.867161,0.83795,0.886341,0.81778,0.842941,0.807783,0.81314,0.845946,0.807487,0.887968,0.831804,0.788283,0.835001,0.866552,0.810639,0.942638,0.929135,0.84965,0.960021,0.839319,0.868259,0.787891,0.822207,0.883745,0.7521065,0.869066,0.834246,0.945887,0.813703,0.806049,0.914622,0.92956,0.935778,0.833246,0.814984,0.952963,0.937698
0.845174,0.815512,0.903218,0.800461,0.848648,0.911742,0.79425,0.844071,0.830111,0.88224,0.804372,0.833186,0.820614,0.858388,0.794399,0.886893,0.850027,0.869303,0.891422,0.824754,0.903657,0.824277,0.853247,0.877547,1.0,0.843018,0.843536,0.876841,0.812561,0.82206,0.917462,0.925722,0.883942,0.860343,0.858168,0.871314,0.91559,0.854573,0.847963,0.847882,0.846207,0.862629,0.884419,0.850793,0.826111,0.901015,0.813318,0.862974,0.928654,0.917744,0.810613,0.829791,0.94089,0.923344,0.835463,0.921082,0.877217,0.855871,0.908499,0.798675,0.813985,0.888081,0.817144,0.860196,0.803985,0.818317,0.835044,0.834421,0.82847,0.886114,0.958538,0.817348,0.864763,0.803817,0.883383,0.816076,0.899662,0.802421,0.910648,0.915474,0.822162,0.915676,0.865037,0.853162,0.872845,0.785792,0.841646,0.866738,0.824469,0.792102,0.940941,0.880762,0.917802,0.871893,0.886569,0.898637,0.892678,0.847851,0.889407,0.906971
0.927483,0.99653,0.944359,0.959127,0.987238,0.877017,0.934088,0.978077,0.856325,0.794773,0.875642,0.845219,0.872917,0.812975,0.870016,0.947933,0.892137,0.941677,0.959149,0.944362,0.899206,0.872212,0.87413,0.867559,0.843018,1.0,0.937483,0.808526,0.797157,0.981752,0.945363,0.957469,0.801742,0.929049,0.846824,0.987407,0.946972,0.992572,0.923402,0.814688,0.90229,0.961576,0.966057,0.996728,0.863438,0.848311,0.831316,0.899584,0.921325,0.949003,0.843455,0.901831,0.878689,0.865567,0.968603,0.913213,0.969448,0.86639,0.766945,0.975007,0.975694,0.936239,0.901943,0.937585,0.900138,0.837704,0.891325,0.954615,0.946067,0.91116,0.894414,0.89198,0.953735,0.932018,0.830473,0.985322,0.891331,0.927726,0.96028,0.928374,0.986532,0.870502,0.907495,0.952435,0.916731,0.968196,0.991899,0.806706,0.928511,0.86813,0.93593,0.930512,0.889635,0.917346,0.957239,0.955705,0.920782,0.954892,0.871476,0.963254
0.881664,0.931332,0.91839,0.856774,0.918235,0.892093,0.981513,0.964518,0.868903,0.806172,0.800593,0.774128,0.801601,0.792227,0.784633,0.873926,0.90261,0.901376,0.889568,0.918011,0.891019,0.798409,0.88032,0.818869,0.843536,0.937483,1.0,0.755416,0.787743,0.889366,0.931098,0.93377,0.840074,0.886803,0.785936,0.950775,0.945072,0.936549,0.931519,0.851988,0.880768,0.886173,0.907527,0.944145,0.762765,0.941981,0.874674,0.925594,0.912785,0.940241,0.854067,0.89418,0.899194,0.7923171,0.921066,0.92943,0.971231,0.826533,0.79901,0.882642,0.924785,0.870503,0.836594,0.895494,0.811514,0.755702,0.894742,0.89908,0.8490691,0.885877,0.910149,0.818711,0.898583,0.868549,0.862066,0.930933,0.872004,0.857151,0.923805,0.893417,0.929856,0.846114,0.912396,0.918612,0.854958,0.883708,0.930727,0.731071,0.861105,0.823427,0.907382,0.889408,0.887953,0.846513,0.902595,0.910678,0.981836,0.962877,0.835852,0.933118
0.802959,0.806186,0.879687,0.859041,0.85833,0.880971,0.746824,0.78056,0.848881,0.855046,0.924424,0.973805,0.940112,0.93474,0.939454,0.912089,0.826788,0.901313,0.894133,0.740609,0.856357,0.905227,0.843147,0.876124,0.876841,0.808526,0.755416,1.0,0.799597,0.847933,0.862254,0.802246,0.873679,0.880016,0.871887,0.8292,0.828378,0.786721,0.736729,0.768791,0.823618,0.900672,0.88777,0.815768,0.891316,0.840396,0.798731,0.759422,0.866747,0.837043,0.766859,0.831127,0.90746,0.884252,0.850634,0.85728,0.802644,0.933343,0.941567,0.821276,0.774438,0.927032,0.881113,0.899494,0.894828,0.982061,0.725021,0.869895,0.873676,0.886738,0.852776,0.882941,0.893367,0.83005,0.857219,0.82066,0.743884,0.85695,0.865403,0.876422,0.779028,0.895604,0.775481,0.85788,0.827685,0.82006,0.794027,0.907826,0.852394,0.904771,0.852357,0.730096,0.87741,0.932035,0.896055,0.887407,0.791227,0.738219,0.923004,0.85592
0.886869,0.783655,0.826662,0.730417,0.784083,0.871474,0.742394,0.782685,0.927986,0.960324,0.842721,0.861525,0.889325,0.838939,0.850282,0.793507,0.774922,0.76551,0.800965,0.858246,0.76021,0.802726,0.789748,0.869042,0.812561,0.797157,0.787743,0.799597,1.0,0.764306,0.832713,0.820167,0.8738,0.73316,0.763384,0.81213,0.850709,0.816944,0.828183,0.909652,0.910601,0.780539,0.806774,0.7986,0.7868,0.785547,0.8225632,0.805459,0.855807,0.849514,0.96111,0.90195,0.786026,0.738937,0.768682,0.848592,0.828291,0.880407,0.876967,0.789707,0.811102,0.800589,0.842008,0.753877,0.829428,0.839297,0.884794,0.745397,0.714925,0.740303,0.822174,0.782946,0.77124,0.836068,0.891291,0.764689,0.887966,0.762746,0.82961,0.80376,0.810253,0.878164,0.873864,0.773945,0.724885,0.785681,0.815002,0.816739,0.872226,0.861556,0.834446,0.780302,0.760315,0.77681,0.807839,0.816216,0.802676,0.809512,0.889048,0.833425
0.903543,0.980714,0.914066,0.989173,0.984409,0.831355,0.906079,0.940191,0.812229,0.762164,0.907799,0.86636,0.871953,0.859598,0.896775,0.957355,0.92369,0.974484,0.962653,0.910028,0.932739,0.913905,0.911238,0.853839,0.82206,0.981752,0.889366,0.847933,0.764306,1.0,0.908923,0.929178,0.809168,0.9734,0.899287,0.959172,0.907389,0.97143,0.881248,0.784929,0.867593,0.970778,0.956826,0.975279,0.885715,0.825652,0.83232,0.884033,0.884566,0.911234,0.806958,0.864208,0.906566,0.900432,0.952846,0.86759,0.927448,0.844344,0.781471,0.975749,0.947002,0.93714,0.929278,0.974122,0.926212,0.858274,0.856361,0.991167,0.978938,0.956584,0.883069,0.935655,0.98093,0.917221,0.825634,0.96901,0.857206,0.968418,0.935581,0.9363,0.961935,0.846004,0.86471,0.931025,0.916841,0.964037,0.974436,0.85023,0.918002,0.85216,0.910616,0.913329,0.928036,0.924169,0.946264,0.936927,0.873807,0.910471,0.847247,0.934039
0.921937,0.929945,0.996665,0.872456,0.957391,0.971583,0.901175,0.946406,0.90208,0.85312,0.861407,0.882295,0.896428,0.811698,0.861539,0.965667,0.836824,0.921884,0.971863,0.897736,0.856732,0.843128,0.832295,0.941202,0.917462,0.945363,0.931098,0.862254,0.832713,0.908923,1.0,0.965916,0.833468,0.868662,0.794856,0.977563,0.991572,0.940892,0.888226,0.837883,0.916643,0.958297,0.982113,0.958074,0.835816,0.936057,0.83801,0.852678,0.993337,0.994114,0.87175,0.918752,0.906996,0.850957,0.951952,0.991269,0.97622,0.933896,0.834508,0.900746,0.91689,0.975928,0.880059,0.911692,0.876726,0.877862,0.856218,0.890126,0.874828,0.867701,0.922792,0.842738,0.93007,0.907031,0.856025,0.933427,0.895305,0.8488,0.995678,0.953136,0.922312,0.956911,0.915333,0.961659,0.875207,0.897108,0.940376,0.7856635,0.919808,0.881742,0.985833,0.881547,0.86668,0.955341,0.98521,0.992523,0.946346,0.909404,0.951206,0.995987
0.922803,0.935524,0.950075,0.884227,0.956816,0.913245,0.887832,0.944877,0.871082,0.842847,0.844061,0.836602,0.857934,0.812981,0.838349,0.944859,0.863708,0.927033,0.960686,0.913896,0.904258,0.829315,0.850787,0.904819,0.925722,0.957469,0.93377,0.802246,0.820167,0.929178,0.965916,1.0,0.834843,0.891095,0.81798,0.967165,0.978669,0.969579,0.904462,0.853835,0.894051,0.940161,0.956358,0.96303,0.809455,0.911603,0.820733,0.888122,0.960365,0.976347,0.885963,0.883632,0.910986,0.893945,0.927489,0.947419,0.966252,0.866024,0.820241,0.904625,0.918152,0.934203,0.877378,0.917709,0.864929,0.820632,0.873006,0.911933,0.881877,0.89188,0.945051,0.83631,0.935932,0.879833,0.857833,0.926163,0.922532,0.861963,0.975249,0.9597,0.932836,0.92745,0.914896,0.923956,0.900108,0.887821,0.962281,0.810306,0.901021,0.833311,0.986154,0.963611,0.905632,0.903492,0.950091,0.958596,0.931286,0.930628,0.895455,0.97328
0.881855,0.797195,0.826421,0.809213,0.802785,0.85817,0.79904,0.794091,0.925477,0.939452,0.915321,0.883502,0.880553,0.95795,0.903908,0.817771,0.904833,0.846621,0.818598,0.831059,0.878704,0.912079,0.922547,0.778476,0.883942,0.801742,0.840074,0.873679,0.8738,0.809168,0.833468,0.834843,1.0,0.852605,0.898975,0.818369,0.840186,0.810084,0.879889,0.928358,0.912623,0.815051,0.812153,0.808093,0.8703,0.860447,0.89586,0.887951,0.836269,0.840625,0.870363,0.926169,0.90268,0.832668,0.770885,0.849271,0.82937,0.853293,0.968553,0.812234,0.83055,0.811785,0.901705,0.849854,0.89105,0.862066,0.868545,0.836705,0.81154,0.867201,0.898901,0.895349,0.836936,0.839116,0.985367,0.766778,0.826532,0.861779,0.82461,0.820998,0.821103,0.829256,0.920493,0.77273,0.761903,0.805863,0.805758,0.924968,0.881756,0.84162,0.831637,0.806497,0.882577,0.815013,0.813135,0.815225,0.874551,0.861294,0.852048,0.829425
0.843216,0.928171,0.875027,0.983643,0.951956,0.801291,0.875943,0.89036,0.777865,0.767405,0.906318,0.855225,0.838176,0.904439,0.892374,0.939889,0.948618,0.981921,0.937549,0.854083,0.983246,0.927053,0.937287,0.814674,0.860343,0.929049,0.886803,0.880016,0.73316,0.9734,0.868662,0.891095,0.852605,1.0,0.93358,0.914172,0.870479,0.914643,0.853132,0.796794,0.819865,0.95635,0.926443,0.925675,0.894209,0.850096,0.800655,0.902843,0.847367,0.873045,0.762737,0.82455,0.962233,0.955343,0.921308,0.839045,0.89124,0.803408,0.837987,0.923985,0.879688,0.916101,0.906693,0.986302,0.911244,0.854176,0.836616,0.992559,0.988589,0.997175,0.927251,0.939859,0.977867,0.861558,0.861476,0.926211,0.842216,0.958849,0.89524,0.907035,0.898673,0.805082,0.827664,0.898411,0.918163,0.912759,0.919249,0.894379,0.867765,0.815539,0.872177,0.870666,0.984526,0.912667,0.916185,0.900663,0.889107,0.877265,0.805173,0.892994
0.870597,0.864777,0.803676,0.937262,0.861224,0.75932,0.779765,0.799398,0.792558,0.801996,0.938858,0.850248,0.842696,0.954009,0.9201,0.864155,0.954801,0.897262,0.854139,0.850055,0.936089,0.977774,0.969965,0.754904,0.858168,0.846824,0.785936,0.871887,0.763384,0.899287,0.794856,0.81798,0.898975,0.93358,1.0,0.819657,0.797092,0.834308,0.862817,0.848422,0.841557,0.878202,0.847561,0.834543,0.963952,0.7854,0.8205793,0.886693,0.787304,0.798231,0.800695,0.844889,0.910951,0.924011,0.849637,0.781591,0.79982,0.784055,0.871887,0.912345,0.861591,0.85092,0.933155,0.905336,0.946157,0.855682,0.855039,0.913975,0.930191,0.932952,0.884285,0.983715,0.889194,0.900806,0.912464,0.855301,0.778139,0.963912,0.813162,0.8208,0.860184,0.762108,0.872947,0.836063,0.887538,0.914972,0.834953,0.967973,0.893941,0.847451,0.804858,0.846609,0.929811,0.858051,0.842689,0.826229,0.799278,0.852071,0.768812,0.809624
0.920625,0.978858,0.977937,0.932046,0.989528,0.918126,0.938488,0.977176,0.879989,0.81603,0.873205,0.856995,0.884058,0.813993,0.871046,0.965696,0.863019,0.944623,0.974683,0.918113,0.887785,0.862021,0.847297,0.895663,0.871314,0.987407,0.950775,0.8292,0.81213,0.959172,0.977563,0.967165,0.818369,0.914172,0.819657,1.0,0.975925,0.97697,0.902972,0.823816,0.910934,0.975316,0.986543,0.994843,0.860401,0.89182,0.842232,0.88158,0.955552,0.978363,0.85274,0.916503,0.900059,0.870509,0.982896,0.952653,0.986682,0.893788,0.789056,0.942544,0.951372,0.96199,0.890979,0.939591,0.891759,0.852584,0.870503,0.937233,0.931067,0.904273,0.915092,0.867337,0.955442,0.922949,0.843207,0.980915,0.902827,0.888849,0.985324,0.942378,0.961457,0.900091,0.907566,0.977183,0.916655,0.938914,0.979127,0.804535,0.927259,0.882163,0.960103,0.905467,0.888896,0.946065,0.982323,0.982602,0.949718,0.937198,0.900961,0.989177
0.928861,0.928282,0.982923,0.863895,0.952903,0.960594,0.901674,0.943874,0.905078,0.848489,0.844393,0.853194,0.873824,0.808505,0.839994,0.949222,0.850108,0.916215,0.961426,0.917232,0.874797,0.828449,0.842139,0.938123,0.91559,0.946972,0.945072,0.828378,0.850709,0.907389,0.991572,0.978669,0.840186,0.870479,0.797092,0.975925,1.0,0.955218,0.892068,0.852687,0.915916,0.94453,0.968969,0.959505,0.808949,0.936435,0.817928,0.865051,0.990768,0.999428,0.897749,0.914479,0.913809,0.857943,0.935973,0.987811,0.982767,0.902943,0.830809,0.893417,0.917134,0.95468,0.872759,0.908168,0.858749,0.839205,0.872424,0.891335,0.863796,0.873677,0.931939,0.832986,0.925398,0.888221,0.860329,0.922268,0.905636,0.844432,0.990454,0.947616,0.927881,0.948831,0.920876,0.941308,0.864339,0.884733,0.954577,0.790273,0.910486,0.850684,0.986637,0.901332,0.881779,0.930862,0.969765,0.977915,0.94838,0.923757,0.930346,0.992622
0.939294,0.984608,0.933731,0.938345,0.974376,0.880277,0.914959,0.964315,0.864585,0.803347,0.859688,0.832528,0.861304,0.803312,0.850715,0.932948,0.898739,0.928386,0.949319,0.962011,0.901962,0.854334,0.8802,0.881056,0.854573,0.992572,0.936549,0.786721,0.816944,0.97143,0.940892,0.969579,0.810084,0.914643,0.834308,0.97697,0.955218,1.0,0.927196,0.828466,0.903907,0.943021,0.951089,0.988316,0.833589,0.853868,0.812035,0.903216,0.9279,0.954778,0.872342,0.89659,0.877714,0.853824,0.941563,0.91664,0.967338,0.85306,0.777237,0.965132,0.972035,0.920424,0.898096,0.92436,0.884219,0.815407,0.904656,0.94391,0.920849,0.899216,0.900127,0.87952,0.9422,0.914122,0.835886,0.96129,0.897061,0.919557,0.956766,0.929784,0.986542,0.882962,0.916589,0.924361,0.895934,0.952077,0.997734,0.7845962,0.921981,0.840705,0.94449,0.949984,0.888843,0.896482,0.941927,0.943315,0.911979,0.962688,0.870652,0.959363
0.935169,0.926056,0.872406,0.858373,0.875211,0.856068,0.920494,0.925098,0.872514,0.863173,0.830725,0.776766,0.817476,0.82703,0.813614,0.83614,0.942205,0.842761,0.851193,0.959628,0.885413,0.843402,0.934981,0.798647,0.847963,0.923402,0.931519,0.736729,0.828183,0.881248,0.888226,0.904462,0.879889,0.853132,0.862817,0.902972,0.892068,0.927196,1.0,0.913868,0.914097,0.840397,0.862264,0.912515,0.7998461,0.882967,0.889812,0.967399,0.8721,0.890341,0.859776,0.916769,0.860247,0.792315,0.861949,0.881782,0.915267,0.817233,0.822118,0.926013,0.963166,0.831053,0.871697,0.835994,0.861846,0.760313,0.972965,0.859692,0.826732,0.849137,0.894859,0.870788,0.842959,0.92238,0.911344,0.89436,0.895218,0.893931,0.880805,0.836838,0.954241,0.821049,0.972915,0.856645,0.814175,0.924613,0.912912,0.799684,0.907871,0.832591,0.876828,0.913313,0.864923,0.803263,0.856606,0.868233,0.926932,0.985826,0.821516,0.886418
0.904175,0.809996,0.822121,0.772395,0.791906,0.834569,0.817629,0.820668,0.894788,0.937536,0.851698,0.802435,0.831515,0.878803,0.839207,0.794267,0.878564,0.799617,0.801007,0.89116,0.83941,0.85228,0.891559,0.833377,0.847882,0.814688,0.851988,0.768791,0.909652,0.784929,0.837883,0.853835,0.928358,0.796794,0.848422,0.823816,0.852687,0.828466,0.913868,1.0,0.903544,0.786267,0.805705,0.814508,0.812209,0.837857,0.898576,0.92148,0.841209,0.848564,0.906668,0.908637,0.854569,0.778837,0.784705,0.845602,0.842757,0.815532,0.882863,0.822685,0.856263,0.788522,0.860529,0.791785,0.854618,0.7841,0.941531,0.785018,0.757663,0.809283,0.893557,0.845788,0.79164,0.868841,0.960152,0.789475,0.869436,0.824937,0.828103,0.80348,0.840438,0.817812,0.939045,0.790327,0.733845,0.823597,0.816213,0.846699,0.879877,0.832733,0.843273,0.822074,0.834761,0.766735,0.803683,0.815153,0.876498,0.88248,0.816296,0.831651
0.974427,0.898131,0.910671,0.839387,0.889662,0.901381,0.855436,0.906576,0.95948,0.900698,0.922699,0.900158,0.941866,0.883194,0.92217,0.880237,0.865503,0.853142,0.890745,0.93396,0.819208,0.89899,0.878407,0.87249,0.846207,0.90229,0.880768,0.823618,0.910601,0.867593,0.916643,0.894051,0.912623,0.819865,0.841557,0.910934,0.915916,0.903907,0.914097,0.903544,1.0,0.87935,0.902482,0.900026,0.886734,0.851774,0.900129,0.853811,0.911888,0.918396,0.944737,0.989848,0.840837,0.779638,0.87392,0.910128,0.918798,0.92134,0.86973,0.909778,0.92576,0.88506,0.933871,0.839538,0.927518,0.88027,0.894968,0.839457,0.817213,0.814448,0.856248,0.886526,0.861815,0.952901,0.93072,0.87658,0.843823,0.87019,0.915019,0.869202,0.921268,0.886523,0.967538,0.876887,0.79602,0.911324,0.897162,0.8521593,0.973831,0.936913,0.900297,0.836332,0.815794,0.864049,0.900254,0.90615,0.884651,0.909486,0.915479,0.918507
0.896317,0.954143,0.967666,0.957821,0.990968,0.891097,0.890809,0.935858,0.838656,0.78639,0.918801,0.900361,0.900333,0.871764,0.914099,0.994875,0.867407,0.985981,0.994025,0.863475,0.910139,0.915677,0.865385,0.902582,0.862629,0.961576,0.886173,0.900672,0.780539,0.970778,0.958297,0.940161,0.815051,0.95635,0.878202,0.975316,0.94453,0.943021,0.840397,0.786267,0.87935,1.0,0.994066,0.970022,0.901845,0.862266,0.836253,0.83207,0.935763,0.950399,0.814501,0.881871,0.932131,0.925628,0.979233,0.921898,0.943592,0.897234,0.806257,0.935433,0.910464,0.987639,0.925053,0.983452,0.929884,0.901235,0.812287,0.969456,0.966853,0.949715,0.899814,0.914925,0.989858,0.916254,0.826864,0.96536,0.864819,0.921781,0.975557,0.965953,0.921889,0.898297,0.858814,0.974404,0.927678,0.929723,0.94986,0.868272,0.924399,0.886417,0.949805,0.874713,0.924494,0.980166,0.991065,0.983739,0.892771,0.867978,0.900672,0.972775
0.914021,0.955424,0.987429,0.93433,0.988348,0.925024,0.899669,0.950914,0.866235,0.811091,0.904279,0.898595,0.906489,0.846763,0.902279,0.993512,0.848271,0.968461,0.995239,0.883388,0.883132,0.894283,0.845776,0.92348,0.884419,0.966057,0.907527,0.88777,0.806774,0.956826,0.982113,0.956358,0.812153,0.926443,0.847561,0.986543,0.968969,0.951089,0.862264,0.805705,0.902482,0.994066,1.0,0.975551,0.886393,0.882831,0.841988,0.837312,0.963625,0.974182,0.839906,0.903961,0.916104,0.897278,0.980221,0.953145,0.96464,0.917381,0.803092,0.932292,0.92192,0.992173,0.915868,0.961903,0.918526,0.897785,0.832402,0.945737,0.940268,0.919007,0.906217,0.893036,0.975241,0.924354,0.832766,0.964862,0.882999,0.899791,0.992187,0.970065,0.931214,0.924233,0.885272,0.980559,0.915751,0.927966,0.955187,0.841053,0.932659,0.894552,0.970204,0.881731,0.896185,0.978943,0.998757,0.996643,0.917882,0.888225,0.925118,0.990736
0.922285,0.992218,0.958714,0.951166,0.991752,0.892548,0.937757,0.974369,0.866593,0.801331,0.87455,0.848742,0.876901,0.812301,0.870238,0.95615,0.877186,0.9446,0.966708,0.929288,0.894594,0.866788,0.859136,0.876271,0.850793,0.996728,0.944145,0.815768,0.7986,0.975279,0.958074,0.96303,0.808093,0.925675,0.834543,0.994843,0.959505,0.988316,0.912515,0.814508,0.900026,0.970022,0.975551,1.0,0.861411,0.86671,0.832701,0.889866,0.933986,0.96145,0.845914,0.904528,0.886587,0.869978,0.978594,0.928163,0.974684,0.876284,0.773399,0.962726,0.967163,0.947659,0.896408,0.942747,0.895909,0.843223,0.878941,0.951112,0.945103,0.910839,0.900551,0.880605,0.956552,0.925718,0.830737,0.986937,0.895982,0.912038,0.970878,0.933642,0.977154,0.881656,0.904074,0.966073,0.922993,0.956808,0.990597,0.806548,0.926774,0.87286,0.94563,0.923545,0.889983,0.933563,0.96909,0.967685,0.931684,0.947094,0.881616,0.974362
