1,0.898924,0.898067,0.94755,0.856067,0.839097,0.8901,0.894296,0.876687,0.866036,0.79669,0.793846,0.82908,0.897931,0.895214,0.892825,0.816577,0.821474,0.777718,0.812091,0.945231,0.895516,0.983456,0.890168,0.872373,0.812375,0.813905,0.838845,0.809729,0.943802,0.761888,0.834866,0.865209,0.925199,0.839501,0.776004,0.805985,0.903551,0.908315,0.895682,0.833883,0.772554,0.855595,0.942639,0.859782,0.733684,0.825527,0.815189,0.86778,0.973554,0.924249,0.881285,0.783682,0.851313,0.822788,0.92539,0.913316,0.857329,0.840915,0.751154,0.789371,0.827679,0.8168,0.791406,0.76675,0.922837,0.851681,0.846024,0.857211,0.768932,0.86753,0.89314,0.956656,0.881769,0.805995,0.913997,0.819211,0.912094,0.813796,0.872457,0.851559,0.87936,0.881017,0.886675,0.835852,0.801048,0.947831,0.826127,0.88433,0.910457,0.90413,0.86334,0.873355,0.809475,0.842526,0.936587,0.778913,0.814108,0.812877,0.811835
0.898924,1,0.924868,0.907448,0.985419,0.978255,0.920497,0.969908,0.96129,0.96636,0.827031,0.882321,0.908006,0.99715,0.972036,0.956931,0.962219,0.901785,0.916442,0.925152,0.941319,0.913886,0.913285,0.891944,0.83905,0.835263,0.873612,0.942648,0.9073,0.978807,0.849061,0.901345,0.86482,0.988953,0.912688,0.873497,0.872847,0.991966,0.920284,0.961456,0.881659,0.902026,0.910344,0.943546,0.914887,0.853155,0.846986,0.857913,0.843975,0.909669,0.883053,0.979097,0.888229,0.919081,0.90002,0.859629,0.957785,0.948146,0.914084,0.893868,0.940107,0.912797,0.899778,0.937233,0.858819,0.892425,0.938944,0.909784,0.917907,0.900579,0.908013,0.986076,0.893506,0.932168,0.889966,0.8663617,0.957792,0.991643,0.884851,0.8837445,0.939268,0.875806,0.908994,0.902606,0.954354,0.937926,0.902114,0.968947,0.893575,0.881532,0.855279,0.875176,0.910955,0.816517,0.924263,0.8406558,0.875552,0.9305,0.827894,0.889754
0.898067,0.924868,1,0.885182,0.883917,0.857598,0.929256,0.93605,0.845916,0.92802,0.777662,0.778175,0.809759,0.924838,0.905664,0.978706,0.841252,0.844408,0.845215,0.824646,0.917455,0.862311,0.884495,0.89714,0.885411,0.757839,0.827991,0.856599,0.805134,0.920167,0.803293,0.87512,0.886654,0.924325,0.934513,0.768118,0.794956,0.936303,0.938459,0.969644,0.885518,0.764821,0.917315,0.962937,0.929262,0.832068,0.824865,0.818278,0.866972,0.939842,0.928738,0.965448,0.766382,0.847024,0.873497,0.918052,0.913121,0.842416,0.814672,0.747568,0.812443,0.808337,0.798699,0.815272,0.851915,0.847525,0.890852,0.804584,0.844815,0.880133,0.825284,0.88405,0.849789,0.877315,0.78113,0.892904,0.844549,0.912768,0.862971,0.91731,0.909054,0.929509,0.916915,0.889024,0.890267,0.873058,0.85963,0.871974,0.79619,0.903504,0.864511,0.790272,0.906916,0.81256,0.848939,0.893117,0.819868,0.872161,0.769126,0.778405
0.94755,0.907448,0.885182,1,0.877252,0.86286,0.863561,0.910203,0.874897,0.868755,0.822017,0.864839,0.897876,0.90637,0.896042,0.890191,0.846612,0.827089,0.812024,0.858594,0.909727,0.958258,0.954435,0.849627,0.912991,0.85376,0.894806,0.84629,0.864965,0.933007,0.829597,0.806154,0.923926,0.923392,0.831357,0.840874,0.854556,0.901722,0.877406,0.903269,0.845431,0.820318,0.823426,0.906356,0.844253,0.761704,0.92738,0.904871,0.903152,0.923954,0.886996,0.899837,0.852546,0.913632,0.830787,0.895821,0.918008,0.853068,0.915126,0.770372,0.828705,0.897168,0.890126,0.831844,0.799696,0.949677,0.87547,0.927922,0.922527,0.820757,0.843243,0.89513,0.934952,0.871447,0.879826,0.863382,0.847715,0.913632,0.863375,0.838997,0.852422,0.848911,0.855108,0.882684,0.854354,0.83121,0.980451,0.858758,0.928061,0.844392,0.913395,0.918637,0.854297,0.849451,0.821463,0.890835,0.862271,0.850115,0.850756,0.881728
0.856067,0.985419,0.883917,0.877252,1,0.992906,0.884963,0.960209,0.939505,0.930372,0.859024,0.899288,0.918521,0.989924,0.980063,0.923002,0.992545,0.908079,0.963966,0.953641,0.91475,0.905566,0.885732,0.89489,0.823131,0.845443,0.887046,0.951512,0.939823,0.95384,0.865429,0.937801,0.827505,0.97245,0.932107,0.901477,0.901807,0.976336,0.880766,0.9419,0.890012,0.938821,0.934315,0.904183,0.917619,0.879208,0.846961,0.855802,0.809087,0.864758,0.835731,0.959469,0.913132,0.914756,0.885629,0.833,0.941566,0.948653,0.917005,0.923572,0.974435,0.916345,0.913179,0.977657,0.86363,0.878646,0.945121,0.911036,0.914479,0.935164,0.904733,0.970515,0.875271,0.922777,0.90309,0.866817,0.991722,0.978072,0.87964,0.90343,0.9535,0.861142,0.911465,0.899073,0.970393,0.976629,0.881661,0.98752,0.885439,0.848402,0.85381,0.87625,0.89777,0.798132,0.943577,0.834947,0.898074,0.958762,0.838588,0.901556
0.839097,0.978255,0.857598,0.86286,0.992906,1,0.8753605,0.948259,0.95974,0.924511,0.880534,0.916469,0.916346,0.977259,0.959584,0.898963,0.992264,0.883328,0.964627,0.932351,0.909169,0.894632,0.876134,0.929662,0.838187,0.867896,0.89462,0.964842,0.923174,0.950576,0.833988,0.96306,0.820535,0.967521,0.942221,0.913039,0.886397,0.960903,0.858787,0.91351,0.847072,0.933086,0.955818,0.8801385,0.937077,0.871505,0.846019,0.847678,0.812649,0.84282,0.850144,0.937139,0.91811,0.900616,0.881288,0.857751,0.938651,0.975775,0.919787,0.931765,0.965818,0.915944,0.918097,0.969853,0.829582,0.865988,0.927878,0.923014,0.901889,0.920606,0.935162,0.980048,0.874477,0.9184,0.918479,0.905767,0.986297,0.977438,0.84649,0.933887,0.967589,0.861347,0.929921,0.921312,0.983028,0.977838,0.871839,0.991676,0.909107,0.855847,0.87147,0.902249,0.900523,0.780026,0.971216,0.872408,0.901872,0.941015,0.841437,0.915562
0.8901,0.920497,0.929256,0.863561,0.884963,0.8753605,1,0.883831,0.8449218,0.928977,0.85275,0.825579,0.801754,0.926345,0.924369,0.968227,0.865574,0.943479,0.891964,0.853023,0.954542,0.826369,0.862428,0.96412,0.912107,0.837236,0.825306,0.874492,0.808422,0.891878,0.777132,0.946635,0.902856,0.90586,0.953059,0.81998,0.777135,0.93079,0.98452,0.935058,0.903013,0.7941996,0.959459,0.979257,0.931094,0.910223,0.800902,0.804358,0.920345,0.926504,0.947249,0.91941,0.800496,0.838444,0.900036,0.932547,0.877162,0.895322,0.806292,0.810818,0.829551,0.803829,0.806301,0.8354714,0.876464,0.860695,0.916462,0.812488,0.839746,0.8156307,0.869323,0.873496,0.842897,0.959102,0.820627,0.941888,0.860892,0.894715,0.860358,0.977838,0.92831,0.912387,0.918298,0.892162,0.910116,0.896944,0.819527,0.880232,0.818556,0.945091,0.854234,0.826897,0.985096,0.87046,0.919121,0.922502,0.822384,0.855964,0.848896,0.812952
0.894296,0.969908,0.93605,0.910203,0.960209,0.948259,0.883831,1,0.92169,0.910879,0.803019,0.85714,0.888971,0.971355,0.962915,0.930338,0.933584,0.850283,0.901092,0.891401,0.938664,0.920794,0.929934,0.875171,0.819716,0.811588,0.877737,0.927574,0.882733,0.972054,0.843122,0.877568,0.824208,0.983868,0.900941,0.846997,0.873903,0.960175,0.920561,0.976742,0.851633,0.854422,0.889538,0.930512,0.918528,0.794128,0.899294,0.901605,0.824329,0.918309,0.87101,0.969343,0.858491,0.890525,0.879229,0.84709,0.987523,0.922983,0.894023,0.837729,0.896638,0.882028,0.882271,0.906375,0.807328,0.896839,0.965681,0.891498,0.898776,0.946403,0.887277,0.955128,0.909586,0.912153,0.867044,0.855203,0.933547,0.977219,0.842628,0.8597299,0.936973,0.888277,0.912567,0.905875,0.943802,0.926798,0.905727,0.951188,0.875945,0.860383,0.86238,0.856744,0.882275,0.836832,0.896176,0.8304684,0.871795,0.958714,0.814745,0.866614
0.876687,0.96129,0.845916,0.874897,0.939505,0.95974,0.8449218,0.92169,1,0.944545,0.860607,0.900913,0.892125,0.944218,0.901273,0.874672,0.927411,0.821477,0.87336,0.868907,0.914635,0.87581,0.900805,0.917614,0.798433,0.875162,0.859668,0.939913,0.869946,0.963035,0.78447,0.909543,0.811629,0.957273,0.868156,0.887365,0.831523,0.937544,0.85742,0.880878,0.776744,0.88721,0.900746,0.879075,0.901852,0.778419,0.820609,0.821425,0.795238,0.871272,0.8498485,0.910035,0.892478,0.886372,0.892535,0.858655,0.935368,0.982084,0.904458,0.905779,0.903271,0.904854,0.893327,0.893955,0.791893,0.854442,0.874323,0.913232,0.883003,0.827677,0.961404,0.990495,0.894075,0.892554,0.903753,0.920062,0.913104,0.969201,0.822656,0.887389,0.922197,0.835274,0.911571,0.926707,0.940124,0.895507,0.884458,0.936074,0.94149,0.827011,0.871784,0.92065,0.855077,0.771775,0.951247,0.890373,0.859243,0.859086,0.834776,0.901974
0.866036,0.96636,0.92802,0.868755,0.930372,0.924511,0.928977,0.910879,0.944545,1,0.76046,0.82932,0.855537,0.955466,0.910549,0.961882,0.901115,0.870525,0.856901,0.873303,0.890544,0.85699,0.860383,0.849154,0.853954,0.78328,0.822118,0.887239,0.850264,0.935265,0.801435,0.845208,0.897627,0.939634,0.900507,0.818254,0.804875,0.964897,0.924943,0.925999,0.863413,0.85865,0.88783,0.925941,0.88953,0.876284,0.804781,0.805756,0.843419,0.881095,0.899845,0.95028,0.837237,0.885662,0.956607,0.877665,0.902518,0.898558,0.864106,0.882576,0.891233,0.872534,0.844902,0.874719,0.90292,0.841598,0.886278,0.858431,0.874436,0.829247,0.859368,0.952701,0.849276,0.888623,0.836659,0.841454,0.89336,0.944533,0.886813,0.875333,0.8966,0.902006,0.88296,0.867322,0.900763,0.878836,0.853704,0.910009,0.848932,0.863606,0.828553,0.825682,0.886141,0.8104,0.86407,0.838608,0.823401,0.862521,0.765946,0.838724
0.79669,0.827031,0.777662,0.822017,0.859024,0.880534,0.85275,0.803019,0.860607,0.76046,1,0.977742,0.945388,0.828359,0.841185,0.804073,0.893036,0.889554,0.910908,0.909945,0.869732,0.874774,0.792366,0.906469,0.906949,0.983685,0.920292,0.858184,0.933702,0.819422,0.836125,0.914236,0.841193,0.828838,0.86442,0.983859,0.903466,0.807376,0.820691,0.795526,0.8936,0.945966,0.890811,0.854772,0.855875,0.861733,0.826737,0.858666,0.941079,0.818607,0.830865,0.78819,0.971668,0.910311,0.792123,0.842101,0.812275,0.898124,0.939613,0.910256,0.913429,0.94257,0.957273,0.917784,0.8079923,0.876564,0.816723,0.934004,0.915643,0.802602,0.875452,0.856345,0.795894,0.8681,0.97032,0.890602,0.890454,0.839548,0.850283,0.898048,0.87457,0.793751,0.858532,0.858593,0.878921,0.884917,0.805118,0.867866,0.873455,0.834218,0.843817,0.894558,0.888815,0.878467,0.910543,0.86587,0.951356,0.82097,0.972666,0.964525
0.793846,0.882321,0.778175,0.864839,0.899288,0.916469,0.825579,0.85714,0.900913,0.82932,0.977742,1,0.985535,0.87642,0.86005,0.801785,0.913878,0.832196,0.911051,0.92856,0.847568,0.937823,0.830577,0.889487,0.913227,0.964676,0.964306,0.897129,0.960151,0.878637,0.863298,0.904495,0.867856,0.883684,0.874399,0.995383,0.93511,0.856634,0.788776,0.804843,0.851979,0.953155,0.896181,0.833412,0.880606,0.848917,0.883086,0.903532,0.916009,0.80059,0.823991,0.827961,0.991242,0.956844,0.804887,0.846508,0.866556,0.921906,0.987014,0.885214,0.927268,0.98373,0.993123,0.930113,0.815443,0.901198,0.830713,0.983122,0.960609,0.835516,0.898067,0.907504,0.839081,0.841692,0.999011,0.884021,0.910757,0.896351,0.872495,0.883868,0.902438,0.809717,0.885959,0.892156,0.912815,0.902908,0.874267,0.90555,0.919254,0.809993,0.883596,0.93427,0.847877,0.844903,0.914291,0.86763,0.979336,0.850253,0.931761,0.994763
0.82908,0.908006,0.809759,0.897876,0.918521,0.916346,0.801754,0.888971,0.892125,0.855537,0.945388,0.985535,1,0.906575,0.895354,0.837762,0.921752,0.85826,0.914597,0.96304,0.851785,0.966476,0.861431,0.843008,0.887399,0.931928,0.962491,0.890011,0.986389,0.90373,0.911687,0.869018,0.876992,0.908864,0.859943,0.984708,0.963504,0.891971,0.80429,0.853896,0.889753,0.963207,0.868687,0.830788,0.866699,0.85923,0.893288,0.926296,0.8772212,0.816295,0.797098,0.871892,0.990562,0.988594,0.815877,0.817849,0.889483,0.898426,0.996578,0.875767,0.9462,0.996784,0.997815,0.947848,0.866082,0.928539,0.85988,0.979256,0.991181,0.862117,0.870018,0.912814,0.857532,0.844088,0.988498,0.838052,0.92556,0.915172,0.926127,0.842312,0.892751,0.812424,0.871418,0.876715,0.904989,0.90496,0.901887,0.910193,0.900974,0.7687081,0.869842,0.908539,0.811955,0.872682,0.880228,0.826254,0.983207,0.881198,0.91797,0.986477
0.897931,0.99715,0.924838,0.90637,0.989924,0.977259,0.926345,0.971355,0.944218,0.955466,0.828359,0.87642,0.906575,1,0.985716,0.957943,0.968807,0.918512,0.928406,0.938613,0.946292,0.9139,0.911262,0.894615,0.839964,0.835225,0.869615,0.935663,0.916253,0.970662,0.858888,0.902906,0.859012,0.985922,0.914765,0.870788,0.882188,0.993654,0.925532,0.968171,0.900606,0.909845,0.908365,0.948251,0.908399,0.861721,0.847642,0.860217,0.851724,0.907888,0.881443,0.980167,0.88642,0.9184,0.897712,0.852249,0.953478,0.936474,0.909901,0.89843,0.948445,0.908666,0.897108,0.94804,0.868546,0.900376,0.952695,0.904021,0.918803,0.912482,0.892493,0.97522,0.892266,0.94072,0.884362,0.860336,0.966985,0.985655,0.889881,0.893637,0.937308,0.872971,0.899235,0.889599,0.950546,0.945122,0.89783,0.970188,0.879194,0.895365,0.847033,0.862779,0.92642,0.823982,0.919444,0.835668,0.873448,0.943358,0.837904,0.885873
0.895214,0.972036,0.905664,0.896042,0.980063,0.959584,0.924369,0.962915,0.901273,0.910549,0.841185,0.86005,0.895354,0.985716,1,0.936504,0.964629,0.93763,0.940591,0.946535,0.956694,0.907552,0.912985,0.90285,0.834445,0.846468,0.859607,0.913824,0.922242,0.946408,0.864483,0.906367,0.833252,0.969594,0.904812,0.862215,0.896677,0.97409,0.926126,0.962439,0.915987,0.908187,0.8930477,0.945226,0.88959,0.86417,0.851233,0.86511,0.858173,0.902806,0.866674,0.957186,0.876479,0.902432,0.902589,0.835598,0.942252,0.909477,0.892392,0.901868,0.943422,0.888766,0.885134,0.951357,0.871581,0.91605,0.971773,0.885131,0.908844,0.924368,0.863682,0.940188,0.901359,0.95714,0.867553,0.858987,0.968589,0.962072,0.879843,0.903375,0.928035,0.871584,0.878966,0.8662,0.93474,0.946845,0.884273,0.957,0.848844,0.910846,0.832452,0.837198,0.944363,0.843024,0.908828,0.831922,0.865044,0.958551,0.869092,0.87047
0.892825,0.956931,0.978706,0.890191,0.923002,0.898963,0.968227,0.930338,0.874672,0.961882,0.804073,0.801785,0.837762,0.957943,0.936504,1,0.887275,0.912203,0.882338,0.875621,0.932018,0.868645,0.874608,0.918423,0.899617,0.784729,0.837541,0.878873,0.843297,0.928744,0.823867,0.905808,0.91397,0.940423,0.955053,0.794677,0.821843,0.968524,0.945086,0.970455,0.920072,0.817557,0.939694,0.974515,0.936008,0.893728,0.808942,0.816027,0.88798,0.928086,0.933412,0.978336,0.803302,0.875383,0.909761,0.920659,0.908271,0.8596565,0.841359,0.805883,0.866278,0.840927,0.82595,0.865461,0.899857,0.85451,0.903787,0.830873,0.872006,0.875785,0.835404,0.911275,0.845774,0.920268,0.806039,0.901625,0.887704,0.932989,0.901187,0.944195,0.92164,0.922223,0.914017,0.885415,0.908385,0.901267,0.857804,0.909509,0.808392,0.924324,0.85529,0.799897,0.946261,0.81358,0.872983,0.896164,0.838015,0.887423,0.8009,0.804635
0.816577,0.962219,0.841252,0.846612,0.992545,0.992264,0.865574,0.933584,0.927411,0.901115,0.893036,0.913878,0.921752,0.968807,0.964629,0.887275,1,0.901211,0.984201,0.959882,0.889124,0.885326,0.85475,0.909658,0.829936,0.861862,0.887562,0.946084,0.950956,0.925042,0.861078,0.959733,0.808563,0.948082,0.939019,0.924784,0.913796,0.950663,0.844484,0.904681,0.878567,0.957981,0.946911,0.8648536,0.919764,0.897216,0.837012,0.8431,0.809345,0.816985,0.829694,0.925452,0.932449,0.905637,0.872095,0.834998,0.916909,0.950349,0.914279,0.941241,0.984618,0.917223,0.920439,0.990995,0.858637,0.860139,0.930993,0.911412,0.906419,0.933435,0.905168,0.954545,0.856402,0.908617,0.913526,0.878181,0.99832,0.956104,0.869919,0.923252,0.955714,0.844573,0.908028,0.896554,0.969768,0.986619,0.853629,0.9886,0.88437,0.847398,0.854336,0.880715,0.898595,0.789103,0.954809,0.847377,0.91281,0.952656,0.854357,0.912618
0.821474,0.901785,0.844408,0.827089,0.908079,0.883328,0.943479,0.850283,0.821477,0.870525,0.889554,0.832196,0.85826,0.918512,0.93763,0.912203,0.901211,1,0.8756989,0.941212,0.906828,0.825315,0.81141,0.898119,0.842303,0.865097,0.776815,0.814038,0.902293,0.848246,0.855361,0.907991,0.84441,0.872478,0.880455,0.853733,0.857795,0.912916,0.922471,0.894686,0.943576,0.899228,0.885083,0.90665,0.821869,0.926562,0.763995,0.814073,0.89476,0.843133,0.841961,0.900578,0.861713,0.88585,0.862533,0.821564,0.833085,0.837985,0.841143,0.888014,0.914195,0.860932,0.841559,0.910247,0.912687,0.850493,0.924504,0.814682,0.88503,0.842469,0.795556,0.851031,0.796958,0.950388,0.825725,0.852204,0.90343,0.866972,0.91843,0.914136,0.8242013,0.801494,0.796434,0.768064,0.8319579,0.8613449,0.789277,0.876711,0.76379,0.882569,0.737239,0.766503,0.963753,0.918651,0.873074,0.821806,0.825387,0.883013,0.910644,0.821833
0.777718,0.916442,0.845215,0.812024,0.963966,0.964627,0.891964,0.901092,0.87336,0.856901,0.910908,0.911051,0.914597,0.928406,0.940591,0.882338,0.984201,0.8756989,1,0.945577,0.852411,0.862158,0.824521,0.912193,0.864569,0.859578,0.894748,0.926556,0.945974,0.883136,0.848813,0.965246,0.823978,0.912184,0.959215,0.930373,0.922317,0.904792,0.845719,0.868694,0.906422,0.940225,0.95783,0.878134,0.929111,0.933002,0.839821,0.839129,0.849114,0.806872,0.850228,0.878261,0.930571,0.883282,0.878119,0.858952,0.8895,0.922474,0.898115,0.914608,0.962938,0.898589,0.91843,0.98215,0.885737,0.839898,0.912994,0.893337,0.890031,0.938746,0.879949,0.90742,0.844756,0.880813,0.907667,0.880838,0.986661,0.916988,0.860235,0.939985,0.960076,0.872475,0.914216,0.896391,0.96133,0.992034,0.817625,0.971429,0.859091,0.871678,0.864609,0.863013,0.917052,0.78116,0.938907,0.859363,0.930393,0.947534,0.859486,0.905645
0.812091,0.925152,0.824646,0.858594,0.953641,0.932351,0.853023,0.891401,0.868907,0.873303,0.909945,0.92856,0.96304,0.938613,0.946535,0.875621,0.959882,0.941212,0.945577,1,0.864363,0.908036,0.830892,0.823183,0.821967,0.887138,0.887052,0.868041,0.99087,0.884173,0.92427,0.872727,0.836373,0.903863,0.860759,0.947535,0.956604,0.927388,0.845033,0.892949,0.944798,0.981341,0.853155,0.857858,0.833522,0.902951,0.830163,0.884102,0.870511,0.812653,0.792489,0.906458,0.963773,0.968552,0.827319,0.771057,0.872612,0.869065,0.944455,0.924886,0.984916,0.96245,0.951001,0.983231,0.915018,0.886189,0.913573,0.911954,0.968048,0.892412,0.824908,0.898161,0.820771,0.883285,0.928767,0.786313,0.964966,0.905293,0.953786,0.8234575,0.870572,0.784739,0.820792,0.818264,0.887298,0.928649,0.845765,0.931738,0.834588,0.815306,0.792849,0.830946,0.881318,0.887221,0.865844,0.760783,0.94046,0.92875,0.913171,0.930029
0.945231,0.941319,0.917455,0.909727,0.91475,0.909169,0.954542,0.938664,0.914635,0.890544,0.869732,0.847568,0.851785,0.946292,0.956694,0.932018,0.889124,0.906828,0.852411,0.864363,1,0.885239,0.946148,0.969891,0.87663,0.886026,0.823317,0.890309,0.84374,0.949853,0.796396,0.930703,0.849922,0.958338,0.899343,0.837249,0.826338,0.937882,0.957271,0.942299,0.863996,0.830701,0.923945,0.98006,0.902734,0.79979,0.834098,0.849778,0.900084,0.958453,0.935116,0.922114,0.832705,0.86373,0.904321,0.916486,0.942168,0.930522,0.859312,0.862353,0.852945,0.850104,0.845898,0.858258,0.804046,0.922812,0.940522,0.862953,0.875418,0.832115,0.911636,0.927773,0.932064,0.976821,0.84941,0.953279,0.885223,0.944399,0.827241,0.951795,0.8998165,0.894702,0.899293,0.887678,0.898668,0.866154,0.883145,0.893473,0.868006,0.94579,0.850124,0.859313,0.959922,0.856779,0.935806,0.932361,0.812453,0.883079,0.892337,0.848168
0.895516,0.913886,0.862311,0.958258,0.905566,0.894632,0.826369,0.920794,0.87581,0.85699,0.874774,0.937823,0.966476,0.9139,0.907552,0.868645,0.885326,0.825315,0.862158,0.908036,0.885239,1,0.919799,0.820786,0.901081,0.893403,0.959419,0.880861,0.934652,0.926633,0.884343,0.826042,0.905474,0.926632,0.846406,0.920489,0.933595,0.905818,0.844416,0.898203,0.871997,0.885777,0.84054,0.874948,0.862908,0.787816,0.937671,0.950059,0.894023,0.883259,0.811304,0.89822,0.928565,0.965954,0.825189,0.828067,0.920468,0.873575,0.975694,0.804655,0.880213,0.959972,0.961269,0.885951,0.8271,0.965406,0.877611,0.970748,0.972393,0.861802,0.851117,0.906133,0.900761,0.85431,0.948705,0.815244,0.890029,0.925417,0.898142,0.8061505,0.884097,0.845728,0.870773,0.878138,0.892673,0.879825,0.964795,0.894193,0.907891,0.810335,0.89555,0.913298,0.822932,0.867149,0.846448,0.8161369,0.941549,0.888505,0.881149,0.945972
0.983456,0.913285,0.884495,0.954435,0.885732,0.876134,0.862428,0.929934,0.900805,0.860383,0.792366,0.830577,0.861431,0.911262,0.912985,0.874608,0.85475,0.81141,0.824521,0.830892,0.946148,0.919799,1,0.870216,0.843689,0.822371,0.857019,0.87695,0.838791,0.965838,0.789444,0.820443,0.838947,0.950127,0.828251,0.812643,0.839939,0.903696,0.892254,0.902612,0.809421,0.797542,0.8266677,0.921523,0.871144,0.733393,0.884016,0.863077,0.838216,0.96054,0.886262,0.886336,0.819713,0.863228,0.857442,0.896108,0.954774,0.889054,0.872826,0.777117,0.817081,0.852814,0.855369,0.827844,0.760346,0.931075,0.885725,0.881292,0.87423,0.827649,0.886241,0.918247,0.986157,0.89168,0.844433,0.888281,0.857807,0.939488,0.800906,0.841204,0.888707,0.891573,0.896211,0.920625,0.884512,0.848318,0.964555,0.868478,0.920815,0.869406,0.919523,0.898687,0.851495,0.809957,0.850915,0.898236,0.826578,0.864813,0.82367,0.84567
0.890168,0.891944,0.89714,0.849627,0.89489,0.929662,0.96412,0.875171,0.917614,0.849154,0.906469,0.889487,0.843008,0.894615,0.90285,0.918423,0.909658,0.898119,0.912193,0.823183,0.969891,0.820786,0.870216,1,0.903262,0.903827,0.863075,0.928057,0.821929,0.890788,0.743721,0.981516,0.852409,0.901208,0.950516,0.880465,0.792993,0.883769,0.939013,0.896254,0.852721,0.841989,0.976824,0.966252,0.949502,0.849325,0.806657,0.793551,0.907424,0.925672,0.945479,0.876657,0.861593,0.812761,0.864951,0.941451,0.883614,0.968251,0.852301,0.879104,0.857725,0.838198,0.862,0.871622,0.784333,0.860633,0.887691,0.876222,0.821592,0.827725,0.946489,0.916604,0.858958,0.959115,0.886085,0.985211,0.896544,0.904574,0.785642,0.991212,0.958724,0.902702,0.95125,0.939467,0.952158,0.921686,0.813237,0.915479,0.896204,0.93999,0.892175,0.899535,0.973197,0.824544,0.981068,0.953996,0.856946,0.842574,0.887036,0.88003
0.872373,0.83905,0.885411,0.912991,0.823131,0.838187,0.912107,0.819716,0.798433,0.853954,0.906949,0.913227,0.887399,0.839964,0.834445,0.899617,0.829936,0.842303,0.864569,0.821967,0.87663,0.901081,0.843689,0.903262,1,0.896079,0.942019,0.851211,0.84414,0.841152,0.800319,0.889039,0.97496,0.843871,0.914119,0.89533,0.840759,0.841656,0.887117,0.856918,0.886699,0.799414,0.914202,0.912424,0.907782,0.86561,0.899813,0.869118,0.972313,0.889863,0.904933,0.841606,0.87532,0.880159,0.844187,0.935242,0.832584,0.857863,0.899303,0.73835,0.795046,0.871732,0.904952,0.818612,0.86383,0.898668,0.809398,0.919152,0.885963,0.798924,0.845125,0.825471,0.845948,0.854486,0.914929,0.908098,0.829457,0.840984,0.874921,0.918089,0.904346,0.902488,0.911532,0.907146,0.887039,0.870894,0.876465,0.845764,0.887393,0.869491,0.933447,0.913967,0.894758,0.864925,0.866589,0.920071,0.918743,0.80534,0.876944,0.906214
0.812375,0.835263,0.757839,0.85376,0.845443,0.867896,0.837236,0.811588,0.875162,0.78328,0.983685,0.964676,0.931928,0.835225,0.846468,0.784729,0.861862,0.865097,0.859578,0.887138,0.886026,0.893403,0.822371,0.903827,0.896079,1,0.911682,0.850625,0.907059,0.833885,0.820386,0.894644,0.827258,0.839793,0.830923,0.959714,0.872698,0.81428,0.814798,0.795975,0.844194,0.918221,0.865189,0.844707,0.825789,0.796463,0.843237,0.877538,0.928692,0.824369,0.810866,0.791376,0.947583,0.909661,0.840348,0.82741,0.823875,0.89663,0.936018,0.905827,0.878178,0.934704,0.941038,0.875641,0.805252,0.906481,0.82931,0.936169,0.916467,0.764863,0.879624,0.860881,0.828012,0.889916,0.959717,0.8878,0.855923,0.845822,0.828837,0.881566,0.851947,0.783725,0.840416,0.84446,0.861443,0.845843,0.834275,0.843916,0.880514,0.815978,0.831238,0.902815,0.873784,0.8848,0.908766,0.855646,0.91745,0.802561,0.982755,0.952668
0.813905,0.873612,0.827991,0.894806,0.887046,0.89462,0.825306,0.877737,0.859668,0.822118,0.920292,0.964306,0.962491,0.869615,0.859607,0.837541,0.887562,0.776815,0.894748,0.887052,0.823317,0.959419,0.857019,0.863075,0.942019,0.911682,1,0.921817,0.925988,0.88698,0.830932,0.879542,0.917611,0.891214,0.903091,0.950687,0.926839,0.854423,0.797005,0.827981,0.85905,0.880167,0.900396,0.839909,0.892337,0.836685,0.925162,0.923926,0.902911,0.827398,0.834489,0.836768,0.945014,0.932905,0.828369,0.8739,0.889746,0.8918,0.969755,0.804401,0.874974,0.948655,0.970604,0.890239,0.824021,0.908535,0.837098,0.970624,0.942661,0.862308,0.895729,0.885362,0.866343,0.814052,0.968297,0.87244,0.889983,0.897522,0.861765,0.874412,0.9155,0.877355,0.91927,0.911977,0.921161,0.907419,0.904124,0.898019,0.912687,0.807324,0.91911,0.929443,0.818967,0.816147,0.885631,0.874177,0.96926,0.865363,0.869644,0.960337
0.838845,0.942648,0.856599,0.84629,0.951512,0.964842,0.874492,0.927574,0.939913,0.887239,0.858184,0.897129,0.890011,0.935663,0.913824,0.878873,0.946084,0.814038,0.926556,0.868041,0.890309,0.880861,0.87695,0.928057,0.851211,0.850625,0.921817,1,0.873998,0.941716,0.7831,0.943476,0.836311,0.950804,0.947473,0.886911,0.867539,0.92657,0.839015,0.873026,0.819217,0.86315,0.957052,0.884501,0.934404,0.828234,0.834454,0.824088,0.816152,0.852116,0.873589,0.894545,0.884789,0.863229,0.867455,0.887982,0.933706,0.96488,0.897946,0.865612,0.903999,0.8836,0.896659,0.914292,0.775953,0.847436,0.88526,0.905694,0.868713,0.890177,0.975151,0.959219,0.882351,0.881465,0.899826,0.926358,0.940427,0.960118,0.799928,0.930374,0.966122,0.896683,0.96283,0.943124,0.979135,0.95318,0.860832,0.960494,0.909242,0.879276,0.89467,0.901341,0.877199,0.74384,0.963154,0.905109,0.884982,0.894914,0.806854,0.895012
0.809729,0.9073,0.805134,0.864965,0.939823,0.923174,0.808422,0.882733,0.869946,0.850264,0.933702,0.960151,0.986389,0.916253,0.922242,0.843297,0.950956,0.902293,0.945974,0.99087,0.84374,0.934652,0.838791,0.821929,0.84414,0.907059,0.925988,0.873998,1,0.886032,0.928659,0.873878,0.841011,0.897506,0.86078,0.973794,0.969854,0.901426,0.805491,0.864521,0.924417,0.983983,0.860528,0.828817,0.844962,0.889827,0.853338,0.89961,0.859964,0.803105,0.774173,0.881795,0.984531,0.980286,0.810518,0.78302,0.872336,0.876171,0.971455,0.910497,0.979485,0.982244,0.978806,0.98065,0.897493,0.900216,0.881366,0.941127,0.980384,0.891513,0.84029,0.896597,0.831818,0.849798,0.960829,0.805206,0.958496,0.9025,0.9422,0.829946,0.878582,0.792072,0.843965,0.844028,0.894035,0.929534,0.866811,0.922153,0.859601,0.774744,0.827801,0.862637,0.83593,0.871007,0.868333,0.787403,0.969673,0.915308,0.914238,0.959605
0.943802,0.978807,0.920167,0.933007,0.95384,0.950576,0.891878,0.972054,0.963035,0.935265,0.819422,0.878637,0.90373,0.970662,0.946408,0.928744,0.925042,0.848246,0.883136,0.884173,0.949853,0.926633,0.965838,0.890788,0.841152,0.833885,0.88698,0.941716,0.886032,1,0.832084,0.878334,0.853846,0.993318,0.893013,0.864242,0.862612,0.961404,0.906854,0.944051,0.839803,0.860951,0.896371,0.939157,0.921497,0.797076,0.87266,0.870247,0.834758,0.946438,0.89522,0.95164,0.874229,0.906717,0.886201,0.893314,0.981571,0.950126,0.913408,0.838963,0.891899,0.902477,0.897872,0.894955,0.803192,0.906047,0.91707,0.912541,0.909881,0.879479,0.929951,0.982756,0.947115,0.914044,0.88882,0.895752,0.922575,0.993365,0.848671,0.8647284,0.940378,0.902571,0.937861,0.945334,0.949826,0.912293,0.939944,0.939749,0.929778,0.863044,0.905177,0.905418,0.875578,0.801831,0.911595,0.8775135,0.873754,0.907911,0.822122,0.886572
0.761888,0.849061,0.803293,0.829597,0.865429,0.833988,0.777132,0.843122,0.78447,0.801435,0.836125,0.863298,0.911687,0.858888,0.864483,0.823867,0.861078,0.855361,0.848813,0.92427,0.796396,0.884343,0.789444,0.743721,0.800319,0.820386,0.830932,0.7831,0.928659,0.832084,1,0.763071,0.788007,0.837484,0.777168,0.875057,0.934464,0.842817,0.774225,0.853935,0.882954,0.904989,0.758819,0.805282,0.794253,0.825452,0.821593,0.873593,0.834069,0.785951,0.732463,0.858268,0.892752,0.926253,0.750558,0.727278,0.823012,0.77458,0.897896,0.814347,0.898351,0.908696,0.895546,0.895385,0.859946,0.837796,0.831527,0.856106,0.923296,0.840871,0.71757,0.818503,0.758565,0.792272,0.867893,0.719748,0.873826,0.838811,0.916645,0.752918,0.784292,0.74766,0.756134,0.754053,0.802713,0.837119,0.828302,0.844509,0.764891,0.753092,0.737609,0.767479,0.797904,0.815481,0.758718,0.701897,0.896134,0.87699,0.845964,0.86054
0.834866,0.901345,0.87512,0.806154,0.937801,0.96306,0.946635,0.877568,0.909543,0.845208,0.914236,0.904495,0.869018,0.902906,0.906367,0.905808,0.959733,0.907991,0.965246,0.872727,0.930703,0.826042,0.820443,0.981516,0.889039,0.894644,0.879542,0.943476,0.873878,0.878334,0.763071,1,0.83323,0.8994,0.970426,0.904083,0.836195,0.876978,0.904925,0.880072,0.882074,0.896924,0.989122,0.938671,0.945632,0.892155,0.812904,0.795576,0.884859,0.880117,0.903726,0.86454,0.89154,0.82613,0.862913,0.903871,0.876808,0.964598,0.871814,0.918533,0.919933,0.861043,0.884495,0.934382,0.811398,0.827711,0.88335,0.887517,0.832183,0.883639,0.931124,0.921741,0.83072,0.935556,0.900373,0.952766,0.951988,0.912678,0.787935,0.989351,0.969801,0.88602,0.942411,0.922741,0.97227,0.970051,0.798329,0.954002,0.885234,0.921995,0.877773,0.893401,0.972142,0.78793,0.988609,0.915773,0.882436,0.892455,0.87346,0.894186
0.865209,0.86482,0.886654,0.923926,0.827505,0.820535,0.902856,0.824208,0.811629,0.897627,0.841193,0.867856,0.876992,0.859012,0.833252,0.91397,0.808563,0.84441,0.823978,0.836373,0.849922,0.905474,0.838947,0.852409,0.97496,0.827258,0.917611,0.836311,0.841011,0.853846,0.788007,0.83323,1,0.854674,0.887708,0.848171,0.834955,0.873887,0.880933,0.855487,0.885292,0.791397,0.874536,0.893328,0.872646,0.871721,0.870926,0.856408,0.949241,0.866638,0.892696,0.86825,0.845469,0.901522,0.866728,0.913692,0.829485,0.810802,0.890087,0.722859,0.797857,0.877883,0.878711,0.801815,0.88857,0.892092,0.807806,0.897885,0.901136,0.779666,0.812246,0.837759,0.838341,0.840411,0.873235,0.86134,0.808059,0.850454,0.912877,0.876131,0.864143,0.880116,0.874701,0.869464,0.848908,0.833295,0.884994,0.831851,0.858341,0.853688,0.900493,0.871583,0.865636,0.878422,0.806495,0.89007,0.888034,0.786023,0.833294,0.870406
0.925199,0.988953,0.924325,0.923392,0.97245,0.967521,0.90586,0.983868,0.957273,0.939634,0.828838,0.883684,0.908864,0.985922,0.969594,0.940423,0.948082,0.872478,0.912184,0.903863,0.958338,0.926632,0.950127,0.901208,0.843871,0.839793,0.891214,0.950804,0.897506,0.993318,0.837484,0.8994,0.854674,1,0.912394,0.872112,0.878793,0.975731,0.917807,0.957257,0.855858,0.875237,0.912782,0.945995,0.93365,0.823108,0.876489,0.877908,0.842157,0.929443,0.896535,0.963944,0.882403,0.909568,0.905119,0.882442,0.982965,0.954229,0.915855,0.859357,0.911486,0.905606,0.903938,0.918351,0.822801,0.914626,0.944503,0.91657,0.916071,0.908449,0.924651,0.983945,0.938067,0.934198,0.893344,0.889584,0.945307,0.996825,0.858392,0.8830346,0.955803,0.901664,0.935711,0.93535,0.961951,0.934987,0.919697,0.961826,0.912298,0.884771,0.891871,0.891004,0.897465,0.815774,0.923597,0.8691082,0.88351,0.930975,0.836792,0.894117
0.839501,0.912688,0.934513,0.831357,0.932107,0.942221,0.953059,0.900941,0.868156,0.900507,0.86442,0.874399,0.859943,0.914765,0.904812,0.955053,0.939019,0.880455,0.959215,0.860759,0.899343,0.846406,0.828251,0.950516,0.914119,0.830923,0.903091,0.947473,0.86078,0.893013,0.777168,0.970426,0.887708,0.912394,1,0.871057,0.841011,0.906852,0.910603,0.916134,0.908176,0.843697,0.991347,0.948199,0.966664,0.917926,0.841859,0.817378,0.880902,0.899505,0.919555,0.908024,0.860674,0.833788,0.894605,0.929598,0.89756,0.928135,0.861936,0.832505,0.890096,0.842685,0.872428,0.913829,0.871834,0.810551,0.878718,0.870205,0.838523,0.921345,0.905495,0.903467,0.84094,0.887505,0.873217,0.935015,0.938197,0.918327,0.838833,0.979177,0.979626,0.943948,0.967222,0.936806,0.9761,0.975257,0.818075,0.95217,0.862442,0.912254,0.897742,0.868358,0.949806,0.763778,0.946266,0.913739,0.892205,0.913259,0.805599,0.863382
0.776004,0.873497,0.768118,0.840874,0.901477,0.913039,0.81998,0.846997,0.887365,0.818254,0.983859,0.995383,0.984708,0.870788,0.862215,0.794677,0.924784,0.853733,0.930373,0.947535,0.837249,0.920489,0.812643,0.880465,0.89533,0.959714,0.950687,0.886911,0.973794,0.864242,0.875057,0.904083,0.848171,0.872112,0.871057,1,0.946509,0.850591,0.780946,0.797737,0.872848,0.971206,0.89052,0.824417,0.870749,0.871657,0.861224,0.891682,0.908334,0.786337,0.812051,0.821141,0.997377,0.955798,0.796589,0.831157,0.853495,0.910538,0.978584,0.90552,0.948341,0.981788,0.990503,0.951484,0.834926,0.884344,0.830341,0.966414,0.958652,0.84622,0.884432,0.895322,0.821798,0.836052,0.992186,0.870918,0.924974,0.884495,0.883866,0.878029,0.893914,0.797116,0.872852,0.876761,0.904359,0.911031,0.849615,0.904977,0.89744,0.804886,0.862698,0.911048,0.850015,0.846303,0.906587,0.852272,0.982023,0.860671,0.937184,0.98823
0.805985,0.872847,0.794956,0.854556,0.901807,0.886397,0.777135,0.873903,0.831523,0.804875,0.903466,0.93511,0.963504,0.882188,0.896677,0.821843,0.913796,0.857795,0.922317,0.956604,0.826338,0.933595,0.839939,0.792993,0.840759,0.872698,0.926839,0.867539,0.969854,0.862612,0.934464,0.836195,0.834955,0.878793,0.841011,0.946509,1,0.879563,0.781818,0.845878,0.904861,0.935664,0.832021,0.809172,0.861284,0.856099,0.85481,0.903344,0.838612,0.786339,0.755448,0.853504,0.957168,0.950315,0.787921,0.781172,0.870463,0.845675,0.947273,0.851766,0.932243,0.951972,0.95925,0.945215,0.874164,0.896387,0.859131,0.924333,0.959459,0.884227,0.82961,0.861153,0.834129,0.814804,0.935911,0.778737,0.921109,0.875211,0.929203,0.805305,0.866977,0.787919,0.829126,0.833527,0.866529,0.901471,0.857265,0.90968,0.837634,0.7846383,0.833243,0.837472,0.788939,0.847131,0.824733,0.79457,0.966952,0.902016,0.884618,0.937122
0.903551,0.991966,0.936303,0.901722,0.976336,0.960903,0.93079,0.960175,0.937544,0.964897,0.807376,0.856634,0.891971,0.993654,0.97409,0.968524,0.950663,0.912916,0.904792,0.927388,0.937882,0.905818,0.903696,0.883769,0.841656,0.81428,0.854423,0.92657,0.901426,0.961404,0.842817,0.876978,0.873887,0.975731,0.906852,0.850591,0.879563,1,0.930314,0.96754,0.910324,0.895053,0.894928,0.952041,0.897779,0.855944,0.821667,0.838489,0.853304,0.909111,0.885726,0.982277,0.870098,0.913146,0.894288,0.854794,0.93988,0.917572,0.894958,0.88663,0.934935,0.897995,0.879732,0.930414,0.88337,0.891491,0.935309,0.887874,0.910886,0.891931,0.883331,0.966122,0.877956,0.924613,0.864696,0.85203,0.947611,0.974121,0.904531,0.891792,0.917515,0.866894,0.88239,0.869595,0.928118,0.923201,0.891151,0.957671,0.862227,0.911702,0.834417,0.841388,0.921422,0.820206,0.896312,0.844013,0.855956,0.922335,0.817257,0.868916
0.908315,0.920284,0.938459,0.877406,0.880766,0.858787,0.98452,0.920561,0.85742,0.924943,0.820691,0.788776,0.80429,0.925532,0.926126,0.945086,0.844484,0.922471,0.845719,0.845033,0.957271,0.844416,0.892254,0.939013,0.887117,0.814798,0.797005,0.839015,0.805491,0.906854,0.774225,0.904925,0.880933,0.917807,0.910603,0.780946,0.781818,0.930314,1,0.953199,0.878759,0.788666,0.919389,0.975035,0.899862,0.867403,0.831206,0.838753,0.911677,0.93874,0.943282,0.911778,0.7690572,0.840667,0.890904,0.912161,0.911806,0.866673,0.810731,0.791574,0.820403,0.809183,0.79086,0.817961,0.847979,0.882114,0.940732,0.80614,0.844464,0.844856,0.845015,0.884264,0.86973,0.950348,0.7851466,0.920076,0.844242,0.902579,0.842683,0.943191,0.896864,0.896815,0.892632,0.867171,0.871045,0.852608,0.842163,0.849177,0.7921812,0.9354,0.836677,0.797118,0.962546,0.893903,0.884635,0.907106,0.78373,0.872989,0.836511,0.7807649
0.895682,0.961456,0.969644,0.903269,0.9419,0.91351,0.935058,0.976742,0.880878,0.925999,0.795526,0.804843,0.853896,0.968171,0.962439,0.970455,0.904681,0.894686,0.868694,0.892949,0.942299,0.898203,0.902612,0.896254,0.856918,0.795975,0.827981,0.873026,0.864521,0.944051,0.853935,0.880072,0.855487,0.957257,0.916134,0.797737,0.845878,0.96754,0.953199,1,0.908785,0.838784,0.899386,0.964027,0.896763,0.825201,0.85875,0.877067,0.867136,0.938912,0.899615,0.984571,0.816589,0.882723,0.871707,0.869545,0.951697,0.867573,0.856905,0.826627,0.884746,0.853106,0.837598,0.885197,0.855179,0.877676,0.959919,0.842975,0.884193,0.913163,0.823737,0.919441,0.862128,0.92051,0.814877,0.869867,0.907847,0.947882,0.875422,0.909362,0.892926,0.891836,0.877532,0.848893,0.894559,0.892771,0.88564,0.916406,0.812016,0.896939,0.817438,0.792923,0.931271,0.843389,0.865259,0.855031,0.826831,0.945785,0.811517,0.813459
0.833883,0.881659,0.885518,0.845431,0.890012,0.847072,0.903013,0.851633,0.776744,0.863413,0.8936,0.851979,0.889753,0.900606,0.915987,0.920072,0.878567,0.943576,0.906422,0.944798,0.863996,0.871997,0.809421,0.852721,0.886699,0.844194,0.85905,0.819217,0.924417,0.839803,0.882954,0.882074,0.885292,0.855858,0.908176,0.872848,0.904861,0.910324,0.878759,0.908785,1,0.889233,0.890558,0.902619,0.847967,0.920167,0.777562,0.829869,0.91787,0.859524,0.842661,0.905396,0.871855,0.925627,0.808251,0.834494,0.822063,0.790367,0.868863,0.833546,0.906538,0.886911,0.872036,0.904829,0.947558,0.857964,0.872343,0.825822,0.920251,0.855245,0.777293,0.821173,0.776628,0.861689,0.844125,0.826938,0.891583,0.848015,0.966813,0.889026,0.853572,0.833811,0.836741,0.804555,0.845431,0.894712,0.816734,0.863746,0.749756,0.875887,0.800344,0.763719,0.919715,0.876739,0.830655,0.826018,0.895751,0.880403,0.878929,0.840678
0.772554,0.902026,0.764821,0.820318,0.938821,0.933086,0.7941996,0.854422,0.88721,0.85865,0.945966,0.953155,0.963207,0.909845,0.908187,0.817557,0.957981,0.899228,0.940225,0.981341,0.830701,0.885777,0.797542,0.841989,0.799414,0.918221,0.880167,0.86315,0.983983,0.860951,0.904989,0.896924,0.791397,0.875237,0.843697,0.971206,0.935664,0.895053,0.788666,0.838784,0.889233,1,0.86177,0.803461,0.822756,0.872638,0.803937,0.851553,0.834446,0.762446,0.7476968,0.865495,0.980395,0.956181,0.8007513,0.751204,0.838879,0.88998,0.947299,0.957758,0.989088,0.968315,0.957137,0.981051,0.883134,0.859691,0.868263,0.920217,0.950415,0.861629,0.844503,0.899382,0.794524,0.850364,0.949694,0.812256,0.958731,0.887005,0.91774,0.842542,0.863116,0.742347,0.815887,0.818386,0.885536,0.921782,0.824564,0.920247,0.852003,0.77388,0.790623,0.855144,0.850907,0.84785,0.894217,0.778705,0.938382,0.892596,0.917209,0.950111
0.855595,0.910344,0.917315,0.823426,0.934315,0.955818,0.959459,0.889538,0.900746,0.88783,0.890811,0.896181,0.868687,0.908365,0.8930477,0.939694,0.946911,0.885083,0.95783,0.853155,0.923945,0.84054,0.8266677,0.976824,0.914202,0.865189,0.900396,0.957052,0.860528,0.896371,0.758819,0.989122,0.874536,0.912782,0.991347,0.89052,0.832021,0.894928,0.919389,0.899386,0.890558,0.86177,1,0.95684,0.967535,0.900182,0.831222,0.803329,0.892459,0.907679,0.929365,0.885942,0.877009,0.829944,0.877762,0.935058,0.893833,0.958523,0.873583,0.863273,0.89697,0.855749,0.884217,0.916601,0.836558,0.812038,0.8644234,0.887574,0.835291,0.894903,0.934348,0.92365,0.84809,0.911699,0.894641,0.960998,0.941921,0.924535,0.811883,0.992506,0.985507,0.928634,0.972507,0.947941,0.984015,0.972797,0.815916,0.953265,0.888947,0.928026,0.905899,0.895036,0.96345,0.776335,0.975907,0.932799,0.890276,0.893539,0.836369,0.886603
0.942639,0.943546,0.962937,0.906356,0.904183,0.8801385,0.979257,0.930512,0.879075,0.925941,0.854772,0.833412,0.830788,0.948251,0.945226,0.974515,0.8648536,0.90665,0.878134,0.857858,0.98006,0.874948,0.921523,0.966252,0.912424,0.844707,0.839909,0.884501,0.828817,0.939157,0.805282,0.938671,0.893328,0.945995,0.948199,0.824417,0.809172,0.952041,0.975035,0.964027,0.902619,0.803461,0.95684,1,0.945665,0.847885,0.817425,0.826098,0.917011,0.968737,0.961752,0.946667,0.8044901,0.864819,0.878853,0.945606,0.921921,0.909449,0.836765,0.813026,0.83681,0.831412,0.8198266,0.838021,0.844181,0.898106,0.919994,0.8299449,0.86869,0.838327,0.892006,0.907297,0.890873,0.947718,0.82974,0.954548,0.866739,0.931952,0.860837,0.969904,0.936831,0.924087,0.937632,0.915986,0.916391,0.893498,0.87482,0.882843,0.842383,0.960248,0.886642,0.845887,0.968499,0.843762,0.923342,0.944456,0.83085,0.871555,0.849088,0.824357
0.859782,0.914887,0.929262,0.844253,0.917619,0.937077,0.931094,0.918528,0.901852,0.88953,0.855875,0.880606,0.866699,0.908399,0.88959,0.936008,0.919764,0.821869,0.929111,0.833522,0.902734,0.862908,0.871144,0.949502,0.907782,0.825789,0.892337,0.934404,0.844962,0.921497,0.794253,0.945632,0.872646,0.93365,0.966664,0.870749,0.861284,0.897779,0.899862,0.896763,0.847967,0.822756,0.967535,0.945665,1,0.865527,0.861511,0.836116,0.869654,0.904169,0.931533,0.889877,0.862053,0.833077,0.885642,0.952621,0.932129,0.948944,0.872002,0.804199,0.85828,0.85066,0.881011,0.885077,0.8196,0.825162,0.868327,0.889156,0.845249,0.901719,0.919478,0.92567,0.886383,0.866023,0.882121,0.947417,0.913239,0.935574,0.813994,0.961718,0.98335,0.93719,0.970013,0.965581,0.968686,0.945101,0.845579,0.95375,0.898658,0.915531,0.928372,0.891655,0.913572,0.738879,0.932541,0.946814,0.900463,0.897837,0.796411,0.875596
