0,1,2,3,4,5,6,7,8,9,10,11,12,13,14,15,16,17,18,19,20,21,22,23,24,25,26,27,28,29,30,31,32,33,34,35,36,37,38,39,40,41,42,43,44,45,46,47,48,49,50,51,52,53,54,55,56,57,58,59,60,61,62,63,64,65,66,67,68,69,70,71,72,73,74,75,76,77,78,79,80,81,82,83,84,85,86,87,88,89,90,91,92,93,94,95,96,97,98,99
1.0,0.827264,0.856372,0.799325,0.829096,0.76422,0.808967,0.868824,0.818682,0.775737,0.853319,0.837673,0.838936,0.897093,0.85838,0.825374,0.792341,0.778121,0.683662,0.893233,0.809413,0.751818,0.804495,0.803302,0.643983,0.758905,0.825489,0.783968,0.811624,0.844898,0.807286,0.806985,0.899097,0.784328,0.817265,0.810324,0.912897,0.935247,0.725447,0.7526495,0.842562,0.679156,0.763604,0.831832,0.869081,0.786553,0.838531,0.802946,0.890557,0.917537,0.849981,0.867102,0.808731,0.799311,0.861671,0.774554,0.877384,0.828246,0.619808,0.833595,0.792758,0.768037,0.794844,0.812932,0.752064,0.879546,0.8296371,0.828461,0.816154,0.797371,0.895285,0.766901,0.804098,0.699171,0.822916,0.739367,0.800435,0.755492,0.783007,0.848237,0.817797,0.830757,0.731361,0.791607,0.778667,0.842266,0.779696,0.754405,0.824836,0.748985,0.7838407,0.779245,0.894776,0.738085,0.805287,0.722132,0.820081,0.801516,0.833153,0.834588
0.827264,1.0,0.916553,0.950625,0.951247,0.740095,0.81726,0.908988,0.886884,0.637996,0.795939,0.732435,0.780899,0.90915,0.888585,0.806764,0.828487,0.766235,0.64384722,0.824196,0.832172,0.79876,0.866094,0.743739,0.764858,0.7627172,0.7772,0.720876,0.849712,0.759764,0.88261,0.800685,0.743399,0.778363,0.77628,0.801439,0.887082,0.862467,0.696521,0.752562,0.918241,0.624186,0.751488,0.815266,0.865559,0.8184099,0.81102,0.779014,0.7789536,0.7925323,0.822422,0.861709,0.903985,0.954519,0.850724,0.876344,0.936359,0.852047,0.71615,0.7761,0.847727,0.805209,0.760136,0.865288,0.761878,0.844219,0.857445,0.761236,0.786588,0.820348,0.840813,0.8084664,0.785343,0.731173,0.761815,0.707295,0.792008,0.817496,0.862681,0.740577,0.773429,0.91274,0.858694,0.837013,0.864624,0.799098,0.82634,0.744432,0.799887,0.625172,0.832683,0.792692,0.861932,0.846446,0.795311,0.793601,0.841783,0.810113,0.754191,0.839085
0.856372,0.916553,1.0,0.820749,0.923987,0.784908,0.860429,0.926625,0.892156,0.713404,0.877189,0.782837,0.856045,0.902832,0.907974,0.854906,0.840741,0.84629,0.724476,0.860704,0.907456,0.81406,0.890069,0.730572,0.807457,0.805796,0.87625,0.858153,0.933143,0.837982,0.886978,0.789732,0.787684,0.876396,0.839435,0.841019,0.856738,0.816166,0.6793638,0.6572536,0.82421,0.674525,0.810381,0.824752,0.833371,0.814668,0.902258,0.803725,0.823581,0.851172,0.843142,0.948219,0.949062,0.873954,0.954679,0.873619,0.957707,0.906017,0.756835,0.880048,0.815727,0.832853,0.82123,0.851221,0.82126,0.920195,0.837282,0.883435,0.886717,0.907749,0.922972,0.827904,0.894754,0.69608,0.808327,0.73018,0.838421,0.858553,0.8389,0.868321,0.848713,0.828655,0.866991,0.864037,0.846223,0.86731,0.855435,0.844768,0.892337,0.726411,0.847355,0.699033,0.928168,0.794777,0.728735,0.744597,0.891711,0.869042,0.789311,0.774027
0.799325,0.950625,0.820749,1.0,0.868379,0.672701,0.787981,0.868094,0.80082,0.653972,0.755737,0.756859,0.764387,0.859786,0.823483,0.767464,0.7602048,0.740199,0.673606,0.780364,0.784252,0.805019,0.828385,0.745702,0.758793,0.783006,0.742324,0.6801476,0.790827,0.732729,0.790993,0.779039,0.73204,0.753205,0.738065,0.7443032,0.868029,0.834937,0.702246,0.799952,0.868998,0.622112,0.720657,0.70393,0.807719,0.815402,0.795991,0.76281,0.785985,0.795168,0.820927,0.795718,0.850761,0.975617,0.759829,0.79846,0.874021,0.779517,0.723617,0.7538906,0.850101,0.75031,0.753026,0.84852,0.735329,0.80666,0.821456,0.750708,0.76518,0.774215,0.791953,0.790854,0.740737,0.734521,0.722183,0.720125,0.839519,0.7559338,0.77695,0.691767,0.7563976,0.870837,0.82943,0.807134,0.855519,0.829222,0.837833,0.751199,0.754707,0.586889,0.762268,0.848124,0.818458,0.792187,0.817358,0.732363,0.855054,0.765632,0.730913,0.805499
0.829096,0.951247,0.923987,0.868379,1.0,0.749378,0.798015,0.86513,0.913911,0.666793,0.792803,0.701559,0.791074,0.886806,0.910326,0.78424,0.840503,0.736416,0.675775,0.812075,0.839503,0.771545,0.880246,0.715945,0.736724,0.777004,0.790425,0.768866,0.859897,0.762202,0.847438,0.783064,0.745676,0.757499,0.765664,0.762637,0.821951,0.871927,0.672452,0.754326,0.873522,0.633266,0.801783,0.778642,0.81109,0.822246,0.808418,0.746824,0.771168,0.798779,0.777676,0.848934,0.891263,0.888242,0.874565,0.865433,0.910919,0.80688,0.667198,0.767276,0.790109,0.818928,0.752364,0.856166,0.804538,0.850877,0.84908,0.791259,0.7955805,0.812876,0.83569,0.850231,0.802777,0.749796,0.76829,0.687954,0.742393,0.83758,0.810696,0.815543,0.756284,0.870478,0.828643,0.818495,0.833142,0.78225,0.801073,0.752224,0.789641,0.623266,0.850597,0.725416,0.877935,0.782449,0.68855,0.749714,0.792507,0.810689,0.735434,0.817077
0.76422,0.740095,0.784908,0.672701,0.749378,1.0,0.874803,0.833593,0.829355,0.842024,0.724201,0.778891,0.831595,0.757158,0.778963,0.889632,0.728877,0.871028,0.760705,0.883224,0.835846,0.731385,0.779701,0.700784,0.704527,0.777663,0.857524,0.844094,0.753421,0.853644,0.715088,0.671019,0.850529,0.82726,0.784755,0.884946,0.718675,0.7610658,0.92332,0.653929,0.755963,0.700052,0.814927,0.782976,0.728844,0.6912559,0.780567,0.811447,0.856937,0.810643,0.674819,0.837408,0.855323,0.703382,0.883834,0.771012,0.818494,0.78386,0.657585,0.764731,0.753973,0.851385,0.842115,0.774438,0.81658,0.820424,0.777814,0.852755,0.847192,0.812666,0.7687896,0.741364,0.867169,0.621978,0.8438,0.757747,0.762468,0.766237,0.707339,0.776888,0.840007,0.758287,0.753637,0.840314,0.701968,0.777174,0.772188,0.824974,0.800069,0.743417,0.6839786,0.760488,0.805427,0.667806,0.720502,0.753517,0.744652,0.788945,0.882885,0.746186
0.808967,0.81726,0.860429,0.787981,0.798015,0.874803,1.0,0.888856,0.784252,0.807054,0.77918,0.803278,0.855733,0.8321729,0.785194,0.905427,0.694599,0.910697,0.718074,0.894447,0.880377,0.829267,0.743371,0.757153,0.797991,0.777128,0.86156,0.819879,0.76907,0.911362,0.741247,0.698698,0.810159,0.945159,0.792674,0.93376,0.873653,0.751722,0.82831,0.700266,0.813357,0.698249,0.794129,0.707586,0.71999,0.742302,0.867177,0.923321,0.898873,0.891785,0.817835,0.93475,0.89875,0.766942,0.923839,0.865817,0.870734,0.863912,0.759002,0.838449,0.720182,0.838885,0.87602,0.847658,0.86848,0.815318,0.861822,0.79795,0.834045,0.880112,0.852617,0.677462,0.932446,0.606945,0.795484,0.706141,0.813244,0.797953,0.6693331,0.730534,0.795755,0.798074,0.816139,0.892848,0.789475,0.789028,0.822325,0.810594,0.889162,0.632142,0.666023,0.740722,0.834773,0.683796,0.753254,0.754232,0.7284405,0.840486,0.926339,0.810867
0.868824,0.908988,0.926625,0.868094,0.86513,0.833593,0.888856,1.0,0.845321,0.68909,0.785841,0.838163,0.843948,0.880469,0.840027,0.864863,0.79769,0.845107,0.684977,0.909652,0.865243,0.8571,0.845334,0.774973,0.780582,0.790406,0.850349,0.846241,0.821525,0.812681,0.875288,0.819238,0.870304,0.885776,0.839416,0.869345,0.901157,0.827373,0.749283,0.746074,0.835274,0.689089,0.787232,0.855199,0.855846,0.785465,0.912373,0.833613,0.899594,0.879519,0.845029,0.925846,0.907446,0.89571,0.935582,0.870889,0.976096,0.932774,0.741166,0.873858,0.814586,0.821885,0.817,0.838175,0.774336,0.879144,0.841348,0.865565,0.868959,0.890091,0.903503,0.753562,0.881892,0.616459,0.839904,0.667464,0.865144,0.813295,0.826122,0.752903,0.842232,0.865649,0.83488,0.872106,0.836795,0.858502,0.828417,0.794119,0.888568,0.713083,0.796296,0.817413,0.925837,0.776506,0.81737,0.820045,0.851792,0.819037,0.850095,0.790173
0.818682,0.886884,0.892156,0.80082,0.913911,0.829355,0.784252,0.845321,1.0,0.67276,0.76555,0.718005,0.790338,0.866156,0.902383,0.88013,0.841657,0.853358,0.622668,0.832116,0.826722,0.746768,0.894849,0.70094,0.673259,0.734893,0.839071,0.758426,0.883977,0.7947,0.836112,0.771247,0.792174,0.784553,0.815643,0.790336,0.784698,0.873957,0.708604,0.653179,0.844893,0.641095,0.810915,0.839509,0.840199,0.833659,0.787262,0.781019,0.768721,0.813347,0.6971639,0.835717,0.861425,0.815026,0.868833,0.874651,0.893515,0.870253,0.5864608,0.820126,0.771831,0.786456,0.789154,0.820685,0.732723,0.873825,0.823437,0.820199,0.801742,0.786736,0.847356,0.830375,0.809627,0.738072,0.760776,0.700683,0.7425883,0.791531,0.790425,0.812845,0.768105,0.916782,0.790101,0.803345,0.830841,0.787076,0.729696,0.751419,0.799272,0.68021,0.795001,0.661214,0.861493,0.786102,0.670476,0.727982,0.807573,0.825968,0.754049,0.795172
0.775737,0.637996,0.713404,0.653972,0.666793,0.842024,0.807054,0.68909,0.67276,1.0,0.817621,0.70105,0.776856,0.658551,0.674132,0.778498,0.558371,0.800972,0.739862,0.739651,0.722066,0.584444,0.591864,0.738309,0.651254,0.762139,0.742792,0.751314,0.635016,0.749345,0.5423265,0.52519,0.739939,0.699972,0.65302,0.747153,0.761252,0.6951569,0.827009,0.775812,0.639335,0.818529,0.749022,0.664473,0.567849,0.645878,0.6866073,0.715818,0.725704,0.81979,0.712299,0.786749,0.763237,0.640107,0.777879,0.7022465,0.702209,0.728544,0.664694,0.6945285,0.666276,0.732705,0.755915,0.701298,0.67401,0.707735,0.771182,0.689912,0.688595,0.706293,0.667714,0.585016,0.746825,0.73464,0.772518,0.772091,0.666437,0.621706,0.561424,0.763352,0.729156,0.64438,0.6715,0.743523,0.601442,0.664225,0.771136,0.725779,0.748832,0.790349,0.643525,0.734282,0.720689,0.576326,0.666611,0.705329,0.627499,0.726408,0.732857,0.80752
0.853319,0.795939,0.877189,0.755737,0.792803,0.724201,0.77918,0.785841,0.76555,0.817621,1.0,0.760114,0.783678,0.788901,0.82777,0.806297,0.6915237,0.806699,0.7069806,0.718419,0.778736,0.674854,0.771423,0.729145,0.736143,0.710386,0.796082,0.725631,0.878899,0.709151,0.752002,0.6696266,0.717077,0.811727,0.774681,0.767856,0.833383,0.757875,0.628059,0.716953,0.738868,0.664531,0.6671695,0.736856,0.761101,0.792183,0.789594,0.743897,0.736285,0.847501,0.849098,0.896712,0.872604,0.775098,0.839668,0.707178,0.818808,0.762263,0.668083,0.771183,0.826126,0.719331,0.6888123,0.756915,0.68256,0.87021,0.779637,0.7598943,0.7724653,0.813985,0.802299,0.696119,0.77889,0.752143,0.764275,0.876207,0.773556,0.711068,0.726461,0.812727,0.785911,0.741859,0.779429,0.810386,0.7065,0.782081,0.822188,0.783673,0.830174,0.701059,0.745312,0.72671,0.795277,0.709667,0.720884,0.710664,0.8138,0.763647,0.711555,0.799784
0.837673,0.732435,0.782837,0.756859,0.701559,0.778891,0.803278,0.838163,0.718005,0.70105,0.760114,1.0,0.853701,0.797008,0.75219,0.7564623,0.7564205,0.7527514,0.824452,0.86513,0.839353,0.833454,0.763139,0.89255,0.694332,0.828371,0.833815,0.819184,0.783689,0.839114,0.794846,0.799421,0.826909,0.795408,0.751633,0.844945,0.82419,0.789398,0.765901,0.733207,0.86639,0.680743,0.765256,0.776011,0.841706,0.719361,0.83063,0.837665,0.926437,0.810966,0.853228,0.81947,0.75265,0.727732,0.798166,0.754432,0.790321,0.76924,0.702339,0.847144,0.714583,0.855043,0.855315,0.855781,0.812333,0.812349,0.81568,0.862985,0.860549,0.855043,0.848133,0.770796,0.814168,0.6451606,0.919385,0.721848,0.859891,0.822422,0.760088,0.768921,0.853512,0.795115,0.78301,0.841737,0.810399,0.845594,0.772299,0.822505,0.77448,0.769898,0.731159,0.760648,0.807239,0.775381,0.921987,0.772415,0.814804,0.816579,0.867888,0.772378
0.838936,0.780899,0.856045,0.764387,0.791074,0.831595,0.855733,0.843948,0.790338,0.776856,0.783678,0.853701,1.0,0.823242,0.835255,0.826827,0.81207,0.835585,0.812284,0.788783,0.934221,0.891586,0.817878,0.836442,0.795138,0.880518,0.936787,0.900357,0.851319,0.888573,0.766042,0.7583025,0.836176,0.843153,0.858944,0.779008,0.822386,0.826367,0.795872,0.75517,0.823371,0.723613,0.906747,0.700371,0.7747369,0.76845,0.907279,0.777833,0.837221,0.862874,0.83228,0.8804,0.821315,0.730894,0.89338,0.866724,0.838552,0.848286,0.650573,0.907222,0.690333,0.917758,0.906692,0.927706,0.833677,0.854517,0.889435,0.869579,0.917982,0.908313,0.846595,0.792487,0.922926,0.692855,0.889695,0.696196,0.893181,0.89479,0.697757,0.806616,0.888416,0.815221,0.821999,0.938788,0.832404,0.815029,0.8050447,0.874559,0.86084,0.751127,0.720268,0.741216,0.861134,0.6696342,0.812469,0.741166,0.808835,0.90798,0.800374,0.813945
0.897093,0.90915,0.902832,0.859786,0.886806,0.757158,0.8321729,0.880469,0.866156,0.658551,0.788901,0.797008,0.823242,1.0,0.919113,0.857961,0.875088,0.805968,0.651417,0.904399,0.855499,0.851121,0.899883,0.766986,0.700017,0.764212,0.831067,0.788299,0.890803,0.906961,0.904967,0.86059,0.811387,0.852104,0.85339,0.855678,0.865342,0.919295,0.714915,0.710219,0.894646,0.596414,0.796757,0.778878,0.900181,0.819976,0.836324,0.824794,0.852602,0.826344,0.811118,0.85201,0.826592,0.865908,0.865079,0.857273,0.919952,0.863842,0.702999,0.83665,0.761416,0.808983,0.860605,0.901363,0.873252,0.90988,0.86299,0.844409,0.851068,0.829487,0.950911,0.85615,0.821798,0.665771,0.806244,0.652017,0.844203,0.845944,0.821085,0.805977,0.829834,0.892383,0.807859,0.816394,0.91262,0.905579,0.739645,0.799735,0.81901,0.674865,0.808876,0.740023,0.895928,0.763656,0.785151,0.717959,0.892995,0.844231,0.819313,0.795048
0.85838,0.888585,0.907974,0.823483,0.910326,0.778963,0.785194,0.840027,0.902383,0.674132,0.82777,0.75219,0.835255,0.919113,1.0,0.799837,0.916049,0.757995,0.766743,0.797844,0.897003,0.799737,0.952598,0.787542,0.723256,0.829077,0.876615,0.810716,0.939227,0.809714,0.871312,0.86362,0.794118,0.798284,0.832241,0.748244,0.844231,0.90506,0.707115,0.692525,0.873156,0.610844,0.835972,0.763005,0.864199,0.938413,0.8208797,0.737814,0.788977,0.796528,0.801326,0.845692,0.82184,0.838835,0.902594,0.911592,0.903631,0.860036,0.69125,0.831801,0.758923,0.857217,0.816586,0.930437,0.811554,0.972518,0.911066,0.89914,0.870241,0.846719,0.924194,0.930173,0.864225,0.706262,0.821864,0.709104,0.856798,0.878853,0.816368,0.892083,0.868561,0.895677,0.872251,0.866775,0.917035,0.898511,0.852076,0.84049,0.82683,0.654481,0.845394,0.755361,0.905388,0.836534,0.792031,0.7388404,0.910813,0.835649,0.761542,0.856251
0.825374,0.806764,0.854906,0.767464,0.78424,0.889632,0.905427,0.864863,0.88013,0.778498,0.806297,0.7564623,0.826827,0.857961,0.799837,1.0,0.71078,0.976191,0.612936,0.903706,0.81031,0.71493699,0.774643,0.680726,0.745362,0.682834,0.840768,0.753455,0.794029,0.880158,0.775994,0.69433,0.825025,0.903025,0.823704,0.92321,0.796347,0.793258,0.769793,0.63219,0.756936,0.634858,0.756066,0.805605,0.776287,0.731589,0.817578,0.890943,0.842538,0.874189,0.742094,0.917005,0.902232,0.790501,0.89001,0.7616967,0.874585,0.859061,0.652583,0.803564,0.769641,0.75895,0.804743,0.749375,0.782328,0.842417,0.742885,0.787674,0.799082,0.81703,0.835623,0.661286,0.863394,0.629997,0.77174,0.751069,0.74979,0.711016,0.73183,0.698841,0.782256,0.817592,0.711918,0.828309,0.7071841,0.779735,0.726416,0.742666,0.846095,0.6699757,0.692089,0.675234,0.82396,0.697823,0.718923,0.699967,0.7542754,0.828053,0.871476,0.7197373
0.792341,0.828487,0.840741,0.7602048,0.840503,0.728877,0.694599,0.79769,0.841657,0.558371,0.6915237,0.7564205,0.81207,0.875088,0.916049,0.71078,1.0,0.657588,0.761994,0.764268,0.859303,0.866985,0.94914,0.857561,0.729145,0.880544,0.822171,0.81555,0.879716,0.783102,0.902505,0.95193,0.770817,0.761184,0.793472,0.678537,0.779554,0.865005,0.697466,0.760711,0.843463,0.650316,0.839447,0.779526,0.899068,0.839719,0.814774,0.689649,0.754736,0.708194,0.775302,0.760597,0.73166,0.81448,0.823741,0.880578,0.863415,0.79632,0.646499,0.7858024,0.711364,0.877322,0.790452,0.881746,0.794545,0.887066,0.838086,0.911974,0.848921,0.791266,0.869423,0.941557,0.812134,0.73266,0.841251,0.695592,0.842375,0.907016,0.836332,0.820413,0.84811,0.86689,0.837865,0.810817,0.903975,0.867046,0.775593,0.786258,0.744564,0.77466,0.897645,0.7380158,0.892878,0.845796,0.846142,0.772733,0.91036,0.775181,0.714301,0.755948
0.778121,0.766235,0.84629,0.740199,0.736416,0.871028,0.910697,0.845107,0.853358,0.800972,0.806699,0.7527514,0.835585,0.805968,0.757995,0.976191,0.657588,1.0,0.627208,0.857059,0.811403,0.7216236,0.726053,0.687185,0.746211,0.682832,0.840315,0.761451,0.770593,0.856356,0.746093,0.640903,0.786542,0.904742,0.808057,0.899446,0.802233,0.720329,0.759791,0.62976,0.712821,0.663436,0.76912,0.77503,0.724727,0.709491,0.806798,0.875838,0.806456,0.864337,0.756028,0.912216,0.886662,0.750276,0.883201,0.781737,0.856272,0.887771,0.677075,0.833051,0.7273754,0.761261,0.82813,0.762007,0.768841,0.817422,0.776079,0.761961,0.785762,0.827746,0.806231,0.599646,0.86221,0.632555,0.76762,0.727845,0.759554,0.716299,0.676376,0.672013,0.774323,0.791407,0.743031,0.861049,0.695187,0.745542,0.755104,0.745751,0.866483,0.658659,0.636729,0.660336,0.794909,0.649886,0.711417,0.711247,0.7198425,0.823088,0.832459,0.737876
0.683662,0.64384722,0.724476,0.673606,0.675775,0.760705,0.718074,0.684977,0.622668,0.739862,0.7069806,0.824452,0.812284,0.651417,0.766743,0.612936,0.761994,0.627208,1.0,0.661275,0.849027,0.728447,0.7012502,0.832156,0.777696,0.842382,0.780881,0.859546,0.7651,0.679809,0.67895,0.731937,0.760043,0.744379,0.7230602,0.676693,0.760723,0.684708,0.780247,0.688088,0.732545,0.763146,0.789401,0.645606,0.687894,0.735262,0.808183,0.693646,0.725207,0.751801,0.841598,0.733985,0.666729,0.676519,0.775403,0.771478,0.683253,0.670788,0.688851,0.743423,0.5640783,0.878928,0.723444,0.822947,0.745629,0.770141,0.85005,0.819666,0.830932,0.865094,0.738688,0.81022,0.830131,0.6671,0.86257,0.651142,0.821572,0.803197,0.699205,0.817648,0.800915,0.723543,0.837419,0.828389,0.782651,0.784091,0.878184,0.896007,0.794542,0.695881,0.772033,0.765515,0.77738,0.749176,0.813653,0.783507,0.73196,0.794173,0.73221,0.82927
0.893233,0.824196,0.860704,0.780364,0.812075,0.883224,0.894447,0.909652,0.832116,0.739651,0.718419,0.86513,0.788783,0.904399,0.797844,0.903706,0.764268,0.857059,0.661275,1.0,0.827429,0.805211,0.80934,0.72884,0.693626,0.739126,0.815608,0.825501,0.805623,0.900792,0.856176,0.776025,0.899765,0.872245,0.808539,0.944125,0.83929,0.870222,0.832745,0.662896,0.855274,0.709044,0.752756,0.829873,0.866921,0.685476,0.848695,0.914789,0.949356,0.860275,0.789966,0.844072,0.826309,0.805712,0.855008,0.7404651,0.882319,0.7966263,0.729542,0.826931,0.7750411,0.772342,0.851764,0.802581,0.858979,0.837155,0.779083,0.83995,0.860219,0.852096,0.912489,0.769247,0.834765,0.580298,0.813641,0.672475,0.816914,0.786259,0.784229,0.77068,0.824331,0.836235,0.775787,0.785979,0.801417,0.872249,0.734684,0.820961,0.809448,0.7139093,0.753727,0.762503,0.875142,0.717526,0.778269,0.726355,0.825875,0.836802,0.922504,0.72927
0.809413,0.832172,0.907456,0.784252,0.839503,0.835846,0.880377,0.865243,0.826722,0.722066,0.778736,0.839353,0.934221,0.855499,0.897003,0.81031,0.859303,0.811403,0.849027,0.827429,1.0,0.889925,0.88208,0.838205,0.816362,0.916715,0.944806,0.907595,0.917915,0.889804,0.818645,0.815696,0.835306,0.882397,0.851156,0.823129,0.840535,0.815167,0.799819,0.713887,0.859417,0.724834,0.928994,0.719047,0.806018,0.801004,0.928356,0.827707,0.85108,0.833025,0.851373,0.894258,0.852933,0.7605034,0.936068,0.91755,0.8677,0.855248,0.76823,0.929675,0.721042,0.940262,0.898678,0.961387,0.907509,0.902032,0.929,0.913194,0.955372,0.954402,0.902974,0.865018,0.970985,0.688329,0.875097,0.687375,0.933049,0.960822,0.745791,0.855864,0.912853,0.865235,0.933715,0.94862,0.906889,0.854926,0.887402,0.930835,0.88026,0.730544,0.787709,0.752781,0.89227,0.771807,0.809261,0.756727,0.862194,0.933663,0.831918,0.824688
0.751818,0.79876,0.81406,0.805019,0.771545,0.731385,0.829267,0.8571,0.746768,0.584444,0.674854,0.833454,0.891586,0.851121,0.799737,0.71493699,0.866985,0.7216236,0.728447,0.805211,0.889925,1.0,0.856934,0.873331,0.821395,0.894845,0.881574,0.884897,0.828682,0.888132,0.799164,0.888298,0.802521,0.845233,0.816838,0.758426,0.81256,0.777972,0.769491,0.80142,0.813444,0.760866,0.860935,0.661688,0.826722,0.765641,0.93191,0.809655,0.830065,0.778351,0.8289,0.79281,0.738059,0.790465,0.822209,0.880292,0.838915,0.825169,0.746154,0.896884,0.717822,0.848863,0.914089,0.899045,0.868078,0.787879,0.836877,0.850542,0.895576,0.875853,0.849451,0.793459,0.867147,0.664351,0.815805,0.676192,0.918087,0.913177,0.701437,0.70838,0.840088,0.83213,0.844523,0.865449,0.910512,0.854322,0.770405,0.84058,0.76936,0.794196,0.740444,0.763726,0.85799,0.720506,0.832793,0.775206,0.871776,0.849158,0.788645,0.725253
0.804495,0.866094,0.890069,0.828385,0.880246,0.779701,0.743371,0.845334,0.894849,0.591864,0.771423,0.763139,0.817878,0.899883,0.952598,0.774643,0.94914,0.726053,0.7012502,0.80934,0.88208,0.856934,1.0,0.811061,0.73658,0.860466,0.864322,0.827209,0.928896,0.822418,0.884057,0.911705,0.793411,0.793888,0.842192,0.733503,0.767378,0.889427,0.716826,0.723718,0.845886,0.637231,0.837692,0.781257,0.863508,0.880793,0.822574,0.707092,0.795111,0.732466,0.7209054,0.803267,0.808857,0.84501,0.879663,0.898048,0.898341,0.851676,0.706417,0.826962,0.830064,0.83896,0.824134,0.892125,0.8126804,0.932944,0.834899,0.928052,0.883356,0.818672,0.910703,0.930707,0.849026,0.751203,0.841049,0.767047,0.853127,0.890952,0.829109,0.834227,0.891877,0.868529,0.845188,0.828061,0.921544,0.892334,0.770786,0.819523,0.782503,0.758812,0.85923,0.76434,0.902209,0.824359,0.813184,0.727912,0.931724,0.804111,0.752919,0.748872
0.803302,0.743739,0.730572,0.745702,0.715945,0.700784,0.757153,0.774973,0.70094,0.738309,0.729145,0.89255,0.836442,0.766986,0.787542,0.680726,0.857561,0.687185,0.832156,0.72884,0.838205,0.873331,0.811061,1.0,0.701993,0.923815,0.824853,0.82853,0.741596,0.780794,0.782945,0.878064,0.768674,0.752976,0.727832,0.683848,0.845088,0.770651,0.683853,0.894525,0.836043,0.783964,0.850014,0.718656,0.792231,0.767656,0.820777,0.722199,0.833103,0.791532,0.858877,0.771711,0.66067,0.705907,0.770125,0.842301,0.761647,0.776182,0.716338,0.8413,0.686401,0.883629,0.828871,0.868976,0.752222,0.765075,0.853746,0.843278,0.80621,0.802118,0.793036,0.791717,0.817036,0.752382,0.902156,0.688375,0.847875,0.880105,0.78667,0.77732,0.82782,0.804647,0.819499,0.842424,0.835554,0.780423,0.808247,0.749182,0.753665,0.80469,0.803646,0.820869,0.811562,0.852428,0.931688,0.82598,0.797584,0.772975,0.773091,0.826375
0.643983,0.764858,0.807457,0.758793,0.736724,0.704527,0.797991,0.780582,0.673259,0.651254,0.736143,0.694332,0.795138,0.700017,0.723256,0.745362,0.729145,0.746211,0.777696,0.693626,0.816362,0.821395,0.73658,0.701993,1.0,0.81932,0.798119,0.831552,0.767314,0.7257797,0.684415,0.695814,0.734548,0.798785,0.78874,0.753438,0.736104,0.659915,0.756049,0.672697,0.703012,0.728344,0.757077,0.620094,0.650383,0.713227,0.871726,0.783779,0.684571,0.759685,0.766577,0.808783,0.808934,0.764304,0.778097,0.804971,0.756251,0.732648,0.75582,0.784257,0.709024,0.74096,0.751077,0.761642,0.779603,0.727052,0.728253,0.76456,0.787174,0.835035,0.72478,0.715178,0.822712,0.666235,0.708375,0.692461,0.796119,0.817592,0.670526,0.672563,0.785714,0.709189,0.805556,0.7697044,0.793524,0.759754,0.796644,0.834981,0.783642,0.724608,0.698225,0.671785,0.751024,0.686187,0.73058,0.71725,0.784276,0.836932,0.732222,0.694666
0.758905,0.7627172,0.805796,0.783006,0.777004,0.777663,0.777128,0.790406,0.734893,0.762139,0.710386,0.828371,0.880518,0.764212,0.829077,0.682834,0.880544,0.682832,0.842382,0.739126,0.916715,0.894845,0.860466,0.923815,0.81932,1.0,0.882607,0.906001,0.80688,0.826708,0.726454,0.828285,0.809221,0.759187,0.782867,0.696029,0.777296,0.795418,0.764652,0.867322,0.79884,0.738042,0.928755,0.649972,0.713772,0.781302,0.886858,0.705077,0.812154,0.757529,0.782728,0.753962,0.749409,0.783662,0.839689,0.907712,0.789844,0.811074,0.729611,0.887288,0.682847,0.916015,0.869833,0.908351,0.822051,0.801708,0.874184,0.90338,0.879449,0.82589,0.825333,0.867619,0.889279,0.721,0.910461,0.649946,0.889482,0.946232,0.758235,0.833736,0.911705,0.776534,0.867837,0.849462,0.874223,0.792671,0.860979,0.829017,0.779003,0.842423,0.81566,0.799085,0.876568,0.777414,0.859787,0.767638,0.828165,0.812579,0.77018,0.776979
0.825489,0.7772,0.87625,0.742324,0.790425,0.857524,0.86156,0.850349,0.839071,0.742792,0.796082,0.833815,0.936787,0.831067,0.876615,0.840768,0.822171,0.840315,0.780881,0.815608,0.944806,0.881574,0.864322,0.824853,0.798119,0.882607,1.0,0.920248,0.894541,0.894678,0.780447,0.761996,0.874138,0.862597,0.917336,0.78218,0.827097,0.819812,0.797985,0.699189,0.818885,0.749053,0.921067,0.731829,0.780999,0.818213,0.920109,0.814316,0.841857,0.891584,0.812565,0.867634,0.822008,0.6997918,0.912793,0.89735,0.851631,0.870595,0.732785,0.936479,0.743783,0.898737,0.941724,0.928767,0.865917,0.902408,0.912133,0.896366,0.921596,0.905622,0.888035,0.811147,0.93678,0.687171,0.868954,0.722927,0.911638,0.919015,0.717756,0.847006,0.919809,0.83996,0.881603,0.934283,0.862238,0.836031,0.868859,0.896901,0.902997,0.787602,0.755357,0.721843,0.872759,0.73311,0.780466,0.769512,0.848774,0.914593,0.827578,0.84226
0.783968,0.720876,0.858153,0.6801476,0.768866,0.844094,0.819879,0.846241,0.758426,0.751314,0.725631,0.819184,0.900357,0.788299,0.810716,0.753455,0.81555,0.761451,0.859546,0.825501,0.907595,0.884897,0.827209,0.82853,0.831552,0.906001,0.920248,1.0,0.843003,0.851047,0.759794,0.781664,0.799708,0.796237,0.830384,0.764091,0.791099,0.757634,0.83986,0.740237,0.734171,0.7887368,0.871159,0.718829,0.741464,0.783363,0.929842,0.74027,0.803517,0.801678,0.800101,0.818411,0.772652,0.730478,0.888487,0.868824,0.853261,0.842654,0.6725,0.888022,0.688479,0.882985,0.910818,0.858949,0.851825,0.848715,0.847121,0.902322,0.900901,0.896456,0.871363,0.810559,0.899664,0.5932832,0.854388,0.656545,0.89925,0.890937,0.711629,0.838285,0.891239,0.750692,0.840452,0.863843,0.855677,0.869544,0.860116,0.917322,0.861859,0.806272,0.798872,0.713543,0.910559,0.690904,0.778265,0.811892,0.863572,0.871247,0.726885,0.783524
0.811624,0.849712,0.933143,0.790827,0.859897,0.753421,0.76907,0.821525,0.883977,0.635016,0.878899,0.783689,0.851319,0.890803,0.939227,0.794029,0.879716,0.770593,0.7651,0.805623,0.917915,0.828682,0.928896,0.741596,0.767314,0.80688,0.894541,0.843003,1.0,0.835563,0.862283,0.831201,0.769611,0.8326,0.845412,0.763155,0.7916829,0.844372,0.709865,0.6324196,0.81078,0.659358,0.82133,0.758126,0.852035,0.876822,0.864297,0.770174,0.775045,0.792836,0.821312,0.863585,0.851373,0.827604,0.885576,0.867742,0.876137,0.822212,0.727369,0.873516,0.7584344,0.825519,0.835281,0.890833,0.835222,0.944426,0.857227,0.890392,0.891435,0.890228,0.915399,0.878251,0.880917,0.733381,0.791495,0.762245,0.875016,0.872674,0.799736,0.873307,0.874973,0.859931,0.88273,0.866171,0.906466,0.897851,0.840516,0.89457,0.841211,0.735766,0.823702,0.69469,0.873252,0.791324,0.7324464,0.71127,0.923965,0.877191,0.732491,0.788458
0.844898,0.759764,0.837982,0.732729,0.762202,0.853644,0.911362,0.812681,0.7947,0.749345,0.709151,0.839114,0.888573,0.906961,0.809714,0.880158,0.783102,0.856356,0.679809,0.900792,0.889804,0.888132,0.822418,0.780794,0.7257797,0.826708,0.894678,0.851047,0.835563,1.0,0.77703,0.752406,0.858011,0.879068,0.86494,0.881199,0.789239,0.858072,0.831146,0.692833,0.824786,0.701348,0.872517,0.73065,0.790192,0.701243,0.855923,0.897184,0.884859,0.845009,0.758048,0.835095,0.796819,0.709048,0.856163,0.829543,0.812577,0.814226,0.7390112,0.900445,0.699606,0.839395,0.954882,0.89335,0.926039,0.831311,0.841185,0.834532,0.88185,0.842397,0.896658,0.771635,0.899673,0.64687,0.841897,0.689784,0.848601,0.87606,0.707878,0.803788,0.86016,0.802388,0.790956,0.848342,0.842012,0.818959,0.731367,0.840573,0.81326,0.777305,0.723978,0.671238,0.827609,0.65015,0.735255,0.680143,0.808483,0.881325,0.88762,0.734763
0.807286,0.88261,0.886978,0.790993,0.847438,0.715088,0.741247,0.875288,0.836112,0.5423265,0.752002,0.794846,0.766042,0.904967,0.871312,0.775994,0.902505,0.746093,0.67895,0.856176,0.818645,0.799164,0.884057,0.782945,0.684415,0.726454,0.780447,0.759794,0.862283,0.77703,1.0,0.89813,0.768176,0.840094,0.793908,0.801898,0.816407,0.808495,0.656133,0.668174,0.878043,0.652824,0.720407,0.838842,0.922349,0.7627,0.792699,0.750249,0.837117,0.771314,0.821415,0.839094,0.810229,0.834209,0.844284,0.79378,0.897097,0.832878,0.758241,0.78239,0.7781,0.798866,0.746353,0.824738,0.78876,0.872969,0.785155,0.861738,0.832159,0.84378,0.888617,0.84448,0.788117,0.718517,0.804572,0.664142,0.803168,0.833959,0.875334,0.722554,0.793709,0.882676,0.829568,0.81765,0.858061,0.862876,0.743454,0.761019,0.802589,0.71958,0.829447,0.786271,0.849868,0.865235,0.817978,0.759494,0.873135,0.770522,0.775393,0.737298
0.806985,0.800685,0.789732,0.779039,0.783064,0.671019,0.698698,0.819238,0.771247,0.52519,0.6696266,0.799421,0.7583025,0.86059,0.86362,0.69433,0.95193,0.640903,0.731937,0.776025,0.815696,0.888298,0.911705,0.878064,0.695814,0.828285,0.761996,0.781664,0.831201,0.752406,0.89813,1.0,0.773863,0.788106,0.777526,0.680588,0.806586,0.845497,0.691044,0.771172,0.829413,0.680962,0.779599,0.768429,0.898248,0.798821,0.830199,0.670236,0.780378,0.728898,0.823332,0.755475,0.694247,0.815261,0.793222,0.82928,0.848081,0.776825,0.678144,0.783048,0.771478,0.805165,0.758529,0.851718,0.786286,0.859899,0.817864,0.882776,0.827344,0.7660955,0.86825,0.864039,0.7689214,0.714341,0.806587,0.720726,0.860729,0.858066,0.801461,0.7226318,0.823265,0.851584,0.818515,0.785285,0.895641,0.889847,0.759627,0.757285,0.733158,0.754818,0.850054,0.787974,0.865526,0.830356,0.898954,0.776604,0.909706,0.732645,0.70663,0.747724
0.899097,0.743399,0.787684,0.73204,0.745676,0.850529,0.810159,0.870304,0.792174,0.739939,0.717077,0.826909,0.836176,0.811387,0.794118,0.825025,0.770817,0.786542,0.760043,0.899765,0.835306,0.802521,0.793411,0.768674,0.734548,0.809221,0.874138,0.799708,0.769611,0.858011,0.768176,0.773863,1.0,0.80672,0.883477,0.803554,0.829714,0.869377,0.788388,0.697988,0.814727,0.6580917,0.825095,0.807452,0.822826,0.730064,0.853315,0.840554,0.915847,0.899235,0.773477,0.81798,0.792672,0.748535,0.857023,0.777623,0.838824,0.813633,0.713055,0.852255,0.7363607,0.817872,0.838445,0.826323,0.796851,0.850713,0.836985,0.878078,0.871492,0.827982,0.866172,0.770334,0.846375,0.624534,0.855318,0.668747,0.835554,0.808055,0.704179,0.81749,0.891632,0.799781,0.792825,0.821886,0.76026,0.829432,0.793755,0.794774,0.825736,0.811751,0.720579,0.809385,0.858535,0.677042,0.799632,0.72339,0.819027,0.822173,0.90093,0.799103
0.784328,0.778363,0.876396,0.753205,0.757499,0.82726,0.945159,0.885776,0.784553,0.699972,0.811727,0.795408,0.843153,0.852104,0.798284,0.903025,0.761184,0.904742,0.744379,0.872245,0.882397,0.845233,0.793888,0.752976,0.798785,0.759187,0.862597,0.796237,0.8326,0.879068,0.840094,0.788106,0.80672,1.0,0.830528,0.910126,0.861219,0.719591,0.754258,0.621622,0.766755,0.672844,0.767546,0.750084,0.809056,0.747349,0.886355,0.911928,0.859748,0.86979,0.856987,0.932303,0.882036,0.779163,0.919824,0.830695,0.889291,0.860467,0.787376,0.856893,0.711346,0.817477,0.817555,0.828221,0.855621,0.867985,0.832074,0.850624,0.871765,0.913047,0.888791,0.704543,0.942067,0.664602,0.785886,0.73081,0.865492,0.824395,0.701003,0.729279,0.810037,0.803985,0.855962,0.896508,0.799153,0.827587,0.831909,0.816542,0.899819,0.694174,0.699368,0.739769,0.850706,0.681375,0.757911,0.727033,0.828084,0.830691,0.880826,0.75457
0.817265,0.77628,0.839435,0.738065,0.765664,0.784755,0.792674,0.839416,0.815643,0.65302,0.774681,0.751633,0.858944,0.85339,0.832241,0.823704,0.793472,0.808057,0.7230602,0.808539,0.851156,0.816838,0.842192,0.727832,0.78874,0.782867,0.917336,0.830384,0.845412,0.86494,0.793908,0.777526,0.883477,0.830528,1.0,0.7601462,0.781894,0.79956,0.67257,0.646751,0.766571,0.685206,0.84624,0.725296,0.785294,0.75753,0.826484,0.804924,0.805128,0.873322,0.751415,0.831485,0.815978,0.755852,0.865017,0.781149,0.860255,0.849011,0.685076,0.860716,0.76484,0.800215,0.837497,0.836386,0.794506,0.875887,0.820844,0.839694,0.840701,0.7985588,0.872745,0.725787,0.840061,0.651966,0.819052,0.705284,0.821093,0.830614,0.699958,0.760225,0.890787,0.80281,0.780225,0.880021,0.760355,0.788017,0.749526,0.792598,0.902173,0.745268,0.708022,0.682174,0.836625,0.650226,0.692458,0.656458,0.819286,0.825672,0.806673,0.743074
0.810324,0.801439,0.841019,0.7443032,0.762637,0.884946,0.93376,0.869345,0.790336,0.747153,0.767856,0.844945,0.779008,0.855678,0.748244,0.92321,0.678537,0.899446,0.676693,0.944125,0.823129,0.758426,0.733503,0.683848,0.753438,0.696029,0.78218,0.764091,0.763155,0.881199,0.801898,0.680588,0.803554,0.910126,0.7601462,1.0,0.800666,0.775908,0.833115,0.5935663,0.835944,0.659768,0.703528,0.758166,0.793878,0.633501,0.778769,0.936103,0.920638,0.835851,0.775565,0.902501,0.896183,0.762345,0.8664,0.7305,0.837832,0.791182,0.765571,0.775026,0.765567,0.772231,0.80653,0.779529,0.845089,0.792031,0.755038,0.772577,0.807106,0.827933,0.844596,0.671909,0.865273,0.597863,0.788804,0.730053,0.759009,0.742349,0.743386,0.667356,0.777206,0.778111,0.761573,0.830143,0.717478,0.789315,0.738052,0.785074,0.838193,0.661333,0.677064,0.709045,0.784203,0.701238,0.758061,0.688461,0.7328636,0.7910162,0.933556,0.716818
0.912897,0.887082,0.856738,0.868029,0.821951,0.718675,0.873653,0.901157,0.784698,0.761252,0.833383,0.82419,0.822386,0.865342,0.844231,0.796347,0.779554,0.802233,0.760723,0.83929,0.840535,0.81256,0.767378,0.845088,0.736104,0.777296,0.827097,0.791099,0.7916829,0.789239,0.816407,0.806586,0.829714,0.861219,0.781894,0.800666,1.0,0.81839,0.6571787,0.822525,0.868748,0.708366,0.765379,0.779469,0.857421,0.85272,0.893799,0.849473,0.862754,0.943421,0.947832,0.885717,0.814711,0.871782,0.865827,0.881943,0.903803,0.864191,0.727221,0.874644,0.714219,0.802982,0.802058,0.873598,0.745104,0.859886,0.938991,0.798693,0.803887,0.864707,0.88027,0.743,0.848725,0.69218,0.7716904,0.676238,0.878713,0.809011,0.782175,0.80776,0.768873,0.893234,0.887957,0.861529,0.8651,0.838846,0.923624,0.792614,0.894162,0.688029,0.7817621,0.813348,0.895242,0.803821,0.813095,0.825231,0.838775,0.821524,0.816697,0.930242
0.935247,0.862467,0.816166,0.834937,0.871927,0.7610658,0.751722,0.827373,0.873957,0.6951569,0.757875,0.789398,0.826367,0.919295,0.90506,0.793258,0.865005,0.720329,0.684708,0.870222,0.815167,0.777972,0.889427,0.770651,0.659915,0.795418,0.819812,0.757634,0.844372,0.858072,0.808495,0.845497,0.869377,0.719591,0.79956,0.775908,0.81839,1.0,0.793249,0.722507,0.899981,0.638688,0.812146,0.801492,0.888065,0.837697,0.774357,0.762286,0.8521,0.820096,0.722235,0.779371,0.773912,0.837417,0.806852,0.826779,0.849318,0.792503,0.639473,0.799268,0.775119,0.789226,0.824454,0.87644,0.794288,0.880511,0.850956,0.846121,0.822058,0.754207,0.878881,0.885737,0.767708,0.750774,0.821513,0.691193,0.792504,0.808127,0.806983,0.855646,0.831231,0.878647,0.766737,0.771001,0.86022,0.863978,0.738353,0.781972,0.725937,0.767967,0.803769,0.781857,0.858443,0.789013,0.802769,0.678866,0.869327,0.804869,0.807578,0.821761
0.725447,0.696521,0.6793638,0.702246,0.672452,0.92332,0.82831,0.749283,0.708604,0.827009,0.628059,0.765901,0.795872,0.714915,0.707115,0.769793,0.697466,0.759791,0.780247,0.832745,0.799819,0.769491,0.716826,0.683853,0.756049,0.764652,0.797985,0.83986,0.709865,0.831146,0.656133,0.691044,0.788388,0.754258,0.67257,0.833115,0.6571787,0.793249,1.0,0.630271,0.78325,0.778483,0.782779,0.659223,0.711393,0.656846,0.765128,0.774088,0.841435,0.715543,0.64871,0.736984,0.752203,0.663224,0.773147,0.742785,0.685686,0.690415,0.73328,0.751031,0.74796,0.796526,0.837454,0.773412,0.836141,0.713919,0.750947,0.778636,0.830626,0.796403,0.724938,0.755089,0.804122,0.651322,0.768877,0.715987,0.781661,0.770966,0.653586,0.717536,0.783952,0.732831,0.775214,0.79504,0.772205,0.761408,0.76416,0.870533,0.689041,0.766075,0.671747,0.766427,0.706639,0.674689,0.747419,0.721835,0.721634,0.786378,0.839229,0.734974
0.7526495,0.752562,0.6572536,0.799952,0.754326,0.653929,0.700266,0.746074,0.653179,0.775812,0.716953,0.733207,0.75517,0.710219,0.692525,0.63219,0.760711,0.62976,0.688088,0.662896,0.713887,0.80142,0.723718,0.894525,0.672697,0.867322,0.699189,0.740237,0.6324196,0.692833,0.668174,0.771172,0.697988,0.621622,0.646751,0.5935663,0.822525,0.722507,0.630271,1.0,0.722476,0.749977,0.795028,0.681708,0.687216,0.6613779,0.74502,0.638938,0.691113,0.743215,0.797685,0.6900682,0.6481778,0.788614,0.707546,0.78626,0.756612,0.72951,0.665258,0.7197836,0.648631,0.77489,0.729799,0.741293,0.605024,0.650631,0.789435,0.702845,0.662109,0.680197,0.690501,0.677836,0.702481,0.713425,0.788698,0.642996,0.7077224,0.735357,0.693182,0.706622,0.706429,0.7116526,0.702921,0.700803,0.7086695,0.6583621,0.777392,0.6239371,0.670106,0.784276,0.804139,0.823787,0.805261,0.669081,0.771122,0.807377,0.703661,0.6754219,0.6328308,0.807433
0.842562,0.918241,0.82421,0.868998,0.873522,0.755963,0.813357,0.835274,0.844893,0.639335,0.738868,0.86639,0.823371,0.894646,0.873156,0.756936,0.843463,0.712821,0.732545,0.855274,0.859417,0.813444,0.845886,0.836043,0.703012,0.79884,0.818885,0.734171,0.81078,0.824786,0.878043,0.829413,0.814727,0.766755,0.766571,0.835944,0.868748,0.899981,0.78325,0.722476,1.0,0.637118,0.786448,0.798523,0.930471,0.789507,0.793099,0.856743,0.898375,0.829868,0.843912,0.800133,0.797738,0.834934,0.788668,0.822256,0.828015,0.759651,0.75429,0.795932,0.771426,0.861016,0.820756,0.921431,0.839893,0.825616,0.895221,0.791473,0.838859,0.843948,0.819607,0.856636,0.799994,0.738999,0.84125,0.662598,0.836267,0.861476,0.858618,0.726265,0.80671,0.949044,0.862585,0.876675,0.867714,0.801738,0.7802207,0.796455,0.765796,0.67296,0.781596,0.8294,0.776352,0.853187,0.885194,0.807795,0.793719,0.833067,0.862339,0.876503
0.679156,0.624186,0.674525,0.622112,0.633266,0.700052,0.698249,0.689089,0.641095,0.818529,0.664531,0.680743,0.723613,0.596414,0.610844,0.634858,0.650316,0.663436,0.763146,0.709044,0.724834,0.760866,0.637231,0.783964,0.728344,0.738042,0.749053,0.7887368,0.659358,0.701348,0.652824,0.680962,0.6580917,0.672844,0.685206,0.659768,0.708366,0.638688,0.778483,0.749977,0.637118,1.0,0.712039,0.615723,0.6253632,0.602858,0.752912,0.66064,0.674719,0.709672,0.684769,0.6754,0.644062,0.61482,0.692583,0.716909,0.658065,0.669567,0.68207,0.734473,0.6530322,0.665564,0.754971,0.673869,0.682755,0.617069,0.721486,0.656989,0.704414,0.751112,0.65489,0.588579,0.700683,0.73331,0.656924,0.720789,0.722225,0.710007,0.5795,0.680655,0.660833,0.667129,0.736455,0.709715,0.704339,0.671944,0.724983,0.777936,0.695615,0.829682,0.671506,0.706346,0.693852,0.66444,0.711986,0.721699,0.652238,0.769959,0.615214,0.746878
0.763604,0.751488,0.810381,0.720657,0.801783,0.814927,0.794129,0.787232,0.810915,0.749022,0.6671695,0.765256,0.906747,0.796757,0.835972,0.756066,0.839447,0.76912,0.789401,0.752756,0.928994,0.860935,0.837692,0.850014,0.757077,0.928755,0.921067,0.871159,0.82133,0.872517,0.720407,0.779599,0.825095,0.767546,0.84624,0.703528,0.765379,0.812146,0.782779,0.795028,0.786448,0.712039,1.0,0.705656,0.727091,0.760758,0.864031,0.744355,0.774443,0.795953,0.7481,0.774888,0.735675,0.6899983,0.85611,0.90873,0.791051,0.842217,0.713418,0.919893,0.632111,0.92486,0.896823,0.91849,0.829499,0.815094,0.893978,0.856501,0.869898,0.825358,0.82424,0.835439,0.886447,0.705032,0.868373,0.614815,0.863527,0.941748,0.709987,0.839193,0.870592,0.832254,0.859755,0.884719,0.85439,0.745946,0.819856,0.820656,0.802305,0.803498,0.779311,0.72631,0.836707,0.716789,0.748806,0.751408,0.785538,0.872432,0.74795,0.775852
0.831832,0.815266,0.824752,0.70393,0.778642,0.782976,0.707586,0.855199,0.839509,0.664473,0.736856,0.776011,0.700371,0.778878,0.763005,0.805605,0.779526,0.77503,0.645606,0.829873,0.719047,0.661688,0.781257,0.718656,0.620094,0.649972,0.731829,0.718829,0.758126,0.73065,0.838842,0.768429,0.807452,0.750084,0.725296,0.758166,0.779469,0.801492,0.659223,0.681708,0.798523,0.615723,0.705656,1.0,0.839868,0.6992,0.730333,0.729171,0.787918,0.778396,0.760214,0.806226,0.803729,0.758738,0.801663,0.750642,0.84321,0.802151,0.642762,0.731302,0.796593,0.765027,0.687712,0.682353,0.646011,0.773803,0.68814,0.797304,0.725806,0.727746,0.773749,0.752149,0.725072,0.702331,0.808495,0.6888172,0.682512,0.709697,0.914611,0.813896,0.7229333,0.803927,0.710243,0.697508,0.713543,0.714563,0.6789696,0.65069,0.742254,0.753234,0.876374,0.69646,0.796443,0.846841,0.734361,0.849023,0.74656,0.729922,0.751013,0.7098134
