0,1,2,3,4,5,6,7,8,9,10,11,12,13,14,15,16,17,18,19,20,21,22,23,24,25,26,27,28,29,30,31,32,33,34,35,36,37,38,39,40,41,42,43,44,45,46,47,48,49,50,51,52,53,54,55,56,57,58,59,60,61,62,63,64,65,66,67,68,69,70,71,72,73,74,75,76,77,78,79,80,81,82,83,84,85,86,87,88,89,90,91,92,93,94,95,96,97,98,99
1.0,0.91121,0.993206,0.91414,0.929129,0.987987,0.831574,0.926536,0.900826,0.875542,0.887677,0.838384,0.869818,0.837483,0.846751,0.943011,0.965273,0.920007,0.922034,0.910994,0.908309,0.897432,0.895196,0.898119,0.784923,0.849714,0.860783,0.885923,0.921502,0.854095,0.812907,0.89584,0.98803,0.928385,0.885178,0.923067,0.924768,0.833949,0.921484,0.835391,0.917265,0.90079,0.953837,0.88374,0.901623,0.855693,0.790995,0.810989,0.98667,0.91773,0.981666,0.97829,0.950676,0.948184,0.893931,0.990484,0.914114,0.912567,0.995989,0.825164,0.891742,0.984395,0.89466,0.833284,0.911468,0.882123,0.842363,0.911486,0.927705,0.925061,0.903513,0.909342,0.886649,0.92299,0.985635,0.908781,0.926256,0.85778,0.900885,0.802515,0.876076,0.922574,0.908008,0.917456,0.900482,0.888818,0.956904,0.916263,0.92095,0.812377,0.916007,0.908149,0.876559,0.833828,0.795589,0.889647,0.796067,0.881043,0.896174,0.921237
0.91121,1.0,0.93234,0.997178,0.990757,0.922678,0.815939,0.9872,0.980152,0.885116,0.77745,0.833254,0.927909,0.857988,0.872871,0.980297,0.938976,0.984409,0.96726,0.980372,0.955568,0.94892,0.9485,0.905178,0.81858,0.907694,0.953341,0.850477,0.989665,0.817606,0.832694,0.937442,0.937929,0.955757,0.934704,0.995119,0.951588,0.778784,0.83459,0.882756,0.972447,0.985489,0.906412,0.861126,0.971562,0.823819,0.878971,0.86063,0.918592,0.991179,0.896432,0.95276,0.976179,0.979088,0.854012,0.899754,0.990115,0.982636,0.904627,0.762217,0.786705,0.894486,0.917247,0.837142,0.960711,0.896923,0.92503,0.973386,0.96012,0.972135,0.967965,0.976397,0.911623,0.826253,0.936475,0.874666,0.930127,0.877697,0.905684,0.838522,0.865398,0.95154,0.956234,0.982815,0.948978,0.907885,0.966936,0.994314,0.969026,0.782706,0.992942,0.978789,0.964047,0.841974,0.802782,0.842017,0.846292,0.924684,0.993165,0.975997
0.993206,0.93234,1.0,0.939559,0.947112,0.987273,0.834247,0.942793,0.908262,0.880763,0.86167,0.837267,0.869713,0.836059,0.844562,0.963887,0.972463,0.926932,0.933655,0.917418,0.907592,0.895407,0.896299,0.889437,0.7829204,0.872128,0.870889,0.90107,0.933863,0.854429,0.812223,0.912301,0.998092,0.931547,0.884088,0.944779,0.93005,0.820119,0.917887,0.835088,0.92453,0.916635,0.971368,0.889396,0.915674,0.851824,0.7959604,0.813498,0.984592,0.931304,0.979809,0.993611,0.974249,0.970604,0.877232,0.979372,0.930733,0.921462,0.987396,0.812569,0.870167,0.975492,0.897865,0.835856,0.911401,0.875811,0.853235,0.91378,0.929212,0.932213,0.912502,0.918227,0.882667,0.92277,0.991182,0.902192,0.925233,0.855641,0.924606,0.801827,0.866529,0.926269,0.911251,0.928556,0.904201,0.882939,0.976212,0.931475,0.923687,0.796338,0.928986,0.913351,0.886796,0.833174,0.793127,0.903388,0.8071594,0.886105,0.915463,0.927455
0.91414,0.997178,0.939559,1.0,0.993253,0.931159,0.801337,0.990099,0.972781,0.865769,0.767305,0.819239,0.919361,0.84726,0.861261,0.989235,0.949755,0.972863,0.971578,0.969536,0.943061,0.937257,0.937476,0.892572,0.811439,0.912124,0.946786,0.864336,0.985792,0.808376,0.824123,0.926202,0.947425,0.940701,0.923142,0.997804,0.935142,0.774062,0.833403,0.87208,0.959776,0.973257,0.917285,0.870708,0.974238,0.807338,0.876218,0.852651,0.926508,0.989501,0.898318,0.963354,0.985592,0.988055,0.846524,0.901998,0.983076,0.979568,0.909174,0.7495472,0.776847,0.900204,0.92341,0.822576,0.948432,0.884353,0.917753,0.963686,0.944199,0.958089,0.95718,0.975206,0.899158,0.829369,0.945183,0.861383,0.913546,0.867846,0.909827,0.8289,0.854593,0.936969,0.944381,0.982263,0.936457,0.89483,0.974702,0.985941,0.954574,0.778299,0.989435,0.971191,0.957726,0.829574,0.791086,0.854987,0.840094,0.914036,0.990766,0.962056
0.929129,0.990757,0.947112,0.993253,1.0,0.948055,0.816287,0.99909,0.9767,0.871346,0.783022,0.837984,0.941433,0.860742,0.873282,0.994383,0.971967,0.975106,0.989956,0.970357,0.952799,0.950917,0.943789,0.909389,0.805019,0.909169,0.942522,0.853425,0.994415,0.810898,0.830302,0.911107,0.956265,0.944462,0.932138,0.997655,0.93685,0.76507,0.821142,0.887184,0.95623,0.963033,0.920024,0.889684,0.983303,0.820368,0.871126,0.846507,0.941645,0.996608,0.896135,0.97078,0.987886,0.992051,0.859522,0.910143,0.981476,0.991365,0.928871,0.773438,0.788813,0.926845,0.953837,0.839147,0.95746,0.900898,0.90532,0.976313,0.949201,0.956179,0.95055,0.989646,0.911155,0.848747,0.963229,0.870994,0.922845,0.873828,0.916186,0.831974,0.872154,0.937437,0.946687,0.994996,0.936371,0.908754,0.983632,0.984236,0.957611,0.789238,0.994732,0.981883,0.953113,0.837971,0.804887,0.851474,0.823367,0.910421,0.982402,0.960557
0.987987,0.922678,0.987273,0.931159,0.948055,1.0,0.828014,0.950343,0.926702,0.851965,0.835847,0.849,0.888787,0.870217,0.881169,0.965501,0.984839,0.927045,0.949665,0.928346,0.929072,0.921662,0.923704,0.91716,0.821712,0.846563,0.897876,0.871953,0.932499,0.825462,0.847776,0.893304,0.987673,0.928214,0.916841,0.942049,0.911458,0.802585,0.874927,0.864962,0.928869,0.897768,0.940275,0.89052,0.938332,0.830238,0.833342,0.851428,0.999033,0.939226,0.952768,0.98386,0.96095,0.962123,0.900741,0.979123,0.912232,0.937014,0.989765,0.815609,0.841618,0.98264,0.933568,0.843965,0.930509,0.91038,0.880687,0.926193,0.930888,0.926741,0.923556,0.937814,0.916477,0.906494,0.990852,0.887249,0.915304,0.892003,0.88841,0.833725,0.896163,0.92902,0.927078,0.942622,0.921698,0.917119,0.960617,0.916287,0.931061,0.836545,0.9347,0.928717,0.910837,0.837002,0.817859,0.8723314,0.831493,0.909351,0.919849,0.928243
0.831574,0.815939,0.834247,0.801337,0.816287,0.828014,1.0,0.818205,0.857501,0.968479,0.907832,0.988249,0.851412,0.962125,0.926976,0.802962,0.833996,0.867389,0.833672,0.860924,0.894448,0.894212,0.904765,0.91012,0.918192,0.833699,0.877245,0.841861,0.84382,0.96753,0.916162,0.889917,0.840695,0.900845,0.916086,0.800558,0.922421,0.810353,0.849848,0.952905,0.864168,0.815329,0.890079,0.751263,0.833268,0.973784,0.903687,0.930943,0.82664,0.824627,0.838302,0.825123,0.820501,0.816842,0.87809,0.808258,0.870798,0.838623,0.842909,0.964009,0.911085,0.845635,0.845132,0.987514,0.889707,0.928886,0.909212,0.868359,0.882043,0.882463,0.873869,0.843803,0.928505,0.914695,0.832264,0.916749,0.923978,0.938555,0.87762,0.852797,0.914523,0.876186,0.888558,0.831567,0.88736,0.926317,0.837928,0.843384,0.868602,0.892964,0.832606,0.858532,0.881956,0.879651,0.840244,0.865018,0.940753,0.908394,0.817892,0.860697
0.926536,0.9872,0.942793,0.990099,0.99909,0.950343,0.818205,1.0,0.980513,0.864112,0.775449,0.84504,0.945234,0.871086,0.882802,0.993896,0.974113,0.97379,0.992918,0.972058,0.957315,0.956634,0.950116,0.915167,0.814894,0.899619,0.949169,0.845347,0.992642,0.802856,0.840283,0.90516,0.952489,0.94215,0.940089,0.995929,0.930518,0.757498,0.809649,0.897302,0.956099,0.95707,0.911468,0.886585,0.98857,0.814973,0.881373,0.85623,0.944541,0.997469,0.888257,0.967239,0.983473,0.988794,0.86445,0.908979,0.975484,0.994255,0.928226,0.778512,0.781029,0.927319,0.962703,0.844971,0.961264,0.909302,0.912401,0.978167,0.948222,0.95344,0.952477,0.993682,0.919438,0.846943,0.962047,0.865741,0.918646,0.88312,0.907161,0.840272,0.879268,0.93689,0.949688,0.997556,0.940033,0.917031,0.978443,0.979019,0.958219,0.799168,0.99498,0.984823,0.958805,0.836107,0.810388,0.8409859,0.832539,0.915908,0.982636,0.959471
0.900826,0.980152,0.908262,0.972781,0.9767,0.926702,0.857501,0.980513,1.0,0.883352,0.767101,0.892008,0.949369,0.923382,0.933726,0.961771,0.93454,0.98811,0.969758,0.996452,0.988305,0.986075,0.988423,0.94948,0.877472,0.8649992,0.984992,0.837132,0.979946,0.803707,0.895444,0.928261,0.913326,0.964241,0.982708,0.976744,0.9441,0.765288,0.790542,0.940099,0.985373,0.965534,0.859958,0.843244,0.984238,0.838276,0.92639,0.917086,0.926012,0.989886,0.864545,0.924577,0.941013,0.94939,0.892006,0.897176,0.966119,0.992108,0.901602,0.815141,0.775688,0.894601,0.942448,0.890711,0.98988,0.952301,0.963125,0.988026,0.973816,0.975365,0.987406,0.988781,0.964978,0.835901,0.92141,0.873116,0.934068,0.935918,0.85888,0.89071,0.914352,0.967352,0.983238,0.987322,0.97938,0.962307,0.930848,0.974228,0.986516,0.844115,0.991524,0.994049,0.992416,0.862055,0.850104,0.825216,0.894441,0.963265,0.989962,0.984974
0.875542,0.885116,0.880763,0.865769,0.871346,0.851965,0.968479,0.864112,0.883352,1.0,0.900634,0.981992,0.865866,0.949337,0.907987,0.849126,0.854629,0.918033,0.860176,0.895049,0.907283,0.90325,0.906723,0.901766,0.905666,0.870805,0.895361,0.858717,0.900143,0.935394,0.911177,0.908901,0.880679,0.937844,0.916796,0.863269,0.966954,0.804723,0.872932,0.96082,0.903621,0.899772,0.903887,0.80134,0.852469,0.975268,0.912981,0.926719,0.84721,0.875206,0.881455,0.872144,0.872669,0.867974,0.852214,0.846704,0.930398,0.879378,0.870928,0.936957,0.909561,0.864956,0.846216,0.977349,0.908603,0.911207,0.912849,0.903745,0.926118,0.930648,0.8838731,0.872983,0.919381,0.916409,0.872503,0.929507,0.955616,0.922894,0.921841,0.869964,0.875553,0.911393,0.893893,0.871534,0.886907,0.919562,0.888719,0.914541,0.910001,0.841245,0.884189,0.891425,0.889938,0.878698,0.811476,0.866566,0.927108,0.892881,0.8521401,0.912135
0.887677,0.77745,0.86167,0.767305,0.783022,0.835847,0.907832,0.775449,0.767101,0.900634,1.0,0.894301,0.771187,0.838947,0.814854,0.778308,0.817451,0.813366,0.780426,0.785507,0.805055,0.797669,0.7956,0.842227,0.850344,0.785425,0.775192,0.829947,0.803139,0.957097,0.812723,0.829339,0.852854,0.855828,0.806235,0.770097,0.877998,0.885866,0.934594,0.830748,0.804082,0.785783,0.86658,0.784597,0.750261,0.950492,0.801218,0.840095,0.833333,0.775296,0.908698,0.831439,0.806209,0.799729,0.898888,0.886469,0.820527,0.777663,0.884672,0.967698,0.994217,0.873591,0.777135,0.874638,0.806299,0.832515,0.803582,0.803774,0.839651,0.833695,0.7772199,0.77405,0.830031,0.905359,0.846545,0.954441,0.895348,0.855313,0.839337,0.769592,0.858683,0.833917,0.797022,0.776459,0.78608,0.836388,0.829413,0.806648,0.812111,0.886911,0.780823,0.78592,0.768885,0.805769,0.7651729,0.839598,0.854209,0.80437,0.745509,0.811732
0.838384,0.833254,0.837267,0.819239,0.837984,0.849,0.988249,0.84504,0.892008,0.981992,0.894301,1.0,0.857531,0.97889,0.938057,0.825832,0.845823,0.885877,0.852341,0.892019,0.9185,0.91644,0.931346,0.923703,0.918916,0.843321,0.906461,0.843703,0.860788,0.942787,0.942818,0.8663,0.843099,0.907191,0.941996,0.826111,0.926391,0.796606,0.840381,0.977057,0.890821,0.82544,0.877221,0.76902,0.862748,0.976145,0.91871,0.943183,0.851327,0.854775,0.834751,0.830826,0.825684,0.825512,0.884261,0.821414,0.879487,0.871175,0.847762,0.959843,0.901865,0.84702,0.863783,0.995164,0.915205,0.941951,0.925854,0.888542,0.897355,0.894002,0.902015,0.872468,0.948663,0.911632,0.842275,0.904951,0.923031,0.953578,0.886837,0.899482,0.90893,0.892684,0.904988,0.860707,0.905109,0.946907,0.842031,0.854079,0.893877,0.884694,0.860228,0.885225,0.912704,0.880137,0.832816,0.856441,0.93696,0.920429,0.851722,0.884051
0.869818,0.927909,0.869713,0.919361,0.941433,0.888787,0.851412,0.945234,0.949369,0.865866,0.771187,0.857531,1.0,0.880838,0.926552,0.918161,0.928151,0.951417,0.964872,0.946128,0.96013,0.972503,0.945289,0.927968,0.830265,0.89132,0.91952,0.813577,0.956529,0.800769,0.812389,0.894336,0.880114,0.933712,0.943756,0.925789,0.915197,0.761562,0.745205,0.909498,0.928416,0.905491,0.847311,0.875004,0.936491,0.825211,0.885887,0.863301,0.878965,0.948595,0.81784,0.886378,0.902296,0.911973,0.847413,0.844156,0.934217,0.954946,0.88652,0.780371,0.761042,0.905648,0.957648,0.863486,0.956908,0.941197,0.885782,0.975937,0.935809,0.930772,0.923548,0.965829,0.931079,0.840008,0.901474,0.847599,0.917727,0.882564,0.842444,0.842262,0.916918,0.914392,0.942028,0.958416,0.923873,0.926688,0.908521,0.933369,0.937248,0.816036,0.951931,0.972203,0.927701,0.894268,0.905382,0.839659,0.851289,0.900042,0.923041,0.932158
0.837483,0.857988,0.836059,0.84726,0.860742,0.870217,0.962125,0.871086,0.923382,0.949337,0.838947,0.97889,0.880838,1.0,0.9674,0.851967,0.860402,0.904546,0.876473,0.921598,0.943809,0.943814,0.960087,0.937118,0.932793,0.8412,0.935994,0.849116,0.87222,0.898407,0.976301,0.878178,0.842723,0.913235,0.967296,0.854359,0.904356,0.804412,0.808093,0.982411,0.918862,0.843671,0.848499,0.766534,0.898347,0.924768,0.933213,0.953679,0.87419,0.882972,0.812564,0.837022,0.831477,0.838426,0.900981,0.839578,0.870574,0.897911,0.847668,0.92672,0.857344,0.842285,0.877325,0.98714,0.940274,0.963289,0.950696,0.908094,0.91428,0.908091,0.930646,0.898624,0.969631,0.886833,0.844196,0.871694,0.902904,0.972021,0.870631,0.933872,0.931192,0.918185,0.939328,0.886316,0.941783,0.967385,0.83126,0.860814,0.921393,0.906784,0.886967,0.909355,0.941665,0.913059,0.876921,0.85147,0.942722,0.953015,0.882068,0.910188
0.846751,0.872871,0.844562,0.861261,0.873282,0.881169,0.926976,0.882802,0.933726,0.907987,0.814854,0.938057,0.926552,0.9674,1.0,0.865444,0.876496,0.915984,0.892897,0.935877,0.95868,0.963821,0.968149,0.949281,0.954771,0.847876,0.947967,0.854539,0.881412,0.851989,0.932865,0.90287,0.84812,0.927446,0.978046,0.867357,0.896322,0.800559,0.770509,0.953184,0.934961,0.86595,0.810251,0.786348,0.904931,0.893082,0.941133,0.971557,0.882721,0.892709,0.808034,0.847054,0.838613,0.847416,0.916418,0.847955,0.865688,0.903208,0.856626,0.883911,0.820321,0.860443,0.90213,0.941279,0.950489,0.98929,0.950236,0.924464,0.932253,0.919902,0.945406,0.909909,0.985916,0.870915,0.858489,0.867329,0.908278,0.984811,0.822543,0.924213,0.964777,0.935913,0.951077,0.89787,0.952382,0.982659,0.834621,0.870216,0.935482,0.93605,0.897122,0.926341,0.949226,0.918482,0.934866,0.862631,0.956983,0.963648,0.897355,0.9262
0.943011,0.980297,0.963887,0.989235,0.994383,0.965501,0.802962,0.993896,0.961771,0.849126,0.778308,0.825832,0.918161,0.851967,0.865444,1.0,0.981319,0.955685,0.983736,0.953999,0.935201,0.931394,0.929412,0.896156,0.806949,0.899372,0.932486,0.873957,0.978968,0.803821,0.828161,0.904465,0.972182,0.928913,0.918078,0.993924,0.917837,0.767997,0.834152,0.870504,0.942496,0.94703,0.933781,0.893122,0.9797,0.804033,0.861957,0.844452,0.960462,0.985673,0.912064,0.985319,0.994462,0.997019,0.861621,0.926418,0.963624,0.977977,0.941739,0.769111,0.786604,0.937392,0.950296,0.824958,0.939355,0.890632,0.898661,0.955001,0.933089,0.939915,0.939213,0.977405,0.901619,0.857422,0.975868,0.863925,0.906652,0.872605,0.916444,0.824977,0.867407,0.927228,0.932715,0.984493,0.925336,0.899231,0.987643,0.967341,0.941186,0.794825,0.981366,0.963748,0.942072,0.821614,0.798435,0.865208,0.82619,0.905873,0.973806,0.944561
0.965273,0.938976,0.972463,0.949755,0.971967,0.984839,0.833996,0.974113,0.93454,0.854629,0.817451,0.845823,0.928151,0.860402,0.876496,0.981319,1.0,0.934266,0.982322,0.928818,0.930895,0.930536,0.919801,0.91576,0.803573,0.884737,0.895475,0.872758,0.959297,0.825798,0.823158,0.885677,0.981139,0.925023,0.912463,0.960768,0.910677,0.7787,0.834325,0.869289,0.91994,0.899442,0.94491,0.905118,0.956414,0.833,0.83943,0.834291,0.977589,0.960369,0.917878,0.984328,0.976735,0.979902,0.877503,0.941075,0.933259,0.958866,0.974402,0.803179,0.81661,0.980459,0.969562,0.843205,0.932501,0.907958,0.86516,0.946236,0.925147,0.922235,0.912644,0.964784,0.908098,0.902052,0.992405,0.877795,0.915323,0.873573,0.909206,0.812956,0.893519,0.916083,0.922655,0.968222,0.910006,0.907798,0.980106,0.932177,0.924668,0.81621,0.954996,0.948471,0.908722,0.843702,0.821836,0.885557,0.815286,0.891605,0.928883,0.921713
0.920007,0.984409,0.926932,0.972863,0.975106,0.927045,0.867389,0.97379,0.98811,0.918033,0.813366,0.885877,0.951417,0.904546,0.915984,0.955685,0.934266,1.0,0.962524,0.995123,0.987571,0.981097,0.978218,0.9548,0.84488,0.885609,0.955035,0.823902,0.987889,0.857859,0.872913,0.95618,0.930581,0.988279,0.967158,0.973107,0.980399,0.796816,0.833521,0.917242,0.992345,0.976967,0.895077,0.849723,0.95879,0.869825,0.884989,0.885776,0.923413,0.98443,0.895575,0.935222,0.948676,0.953796,0.895774,0.908954,0.9873,0.983748,0.919822,0.815919,0.817718,0.912486,0.920361,0.886665,0.990912,0.945082,0.934214,0.992976,0.990123,0.994736,0.985156,0.978186,0.953527,0.838743,0.932364,0.914403,0.969902,0.915449,0.878727,0.872295,0.915851,0.980169,0.984377,0.978953,0.974152,0.951361,0.944757,0.988375,0.992991,0.824214,0.989966,0.991167,0.971463,0.885067,0.849012,0.826384,0.862995,0.950922,0.97942,0.994732
0.922034,0.96726,0.933655,0.971578,0.989956,0.949665,0.833672,0.992918,0.969758,0.860176,0.780426,0.852341,0.964872,0.876473,0.892897,0.983736,0.982322,0.962524,1.0,0.95891,0.955865,0.961603,0.946427,0.920307,0.815672,0.906345,0.934892,0.845402,0.986189,0.806721,0.83169,0.890785,0.946733,0.933346,0.939101,0.979827,0.918646,0.757546,0.790319,0.90283,0.939462,0.928217,0.909744,0.889466,0.98155,0.820828,0.882032,0.853357,0.941183,0.987719,0.872181,0.95835,0.971598,0.978692,0.862896,0.898853,0.961275,0.988539,0.932356,0.788163,0.780886,0.940541,0.982272,0.854584,0.95796,0.918622,0.896734,0.97866,0.936896,0.938484,0.935553,0.993944,0.920957,0.865492,0.961585,0.858829,0.913655,0.880436,0.901211,0.8248171,0.890575,0.921788,0.94314,0.993868,0.928495,0.918194,0.9715,0.960709,0.944617,0.809353,0.984983,0.9822,0.945371,0.855433,0.831156,0.85977,0.831659,0.904419,0.961725,0.942361
0.910994,0.980372,0.917418,0.969536,0.970357,0.928346,0.860924,0.972058,0.996452,0.895049,0.785507,0.892019,0.946128,0.921598,0.935877,0.953999,0.928818,0.995123,0.95891,1.0,0.992679,0.986799,0.990146,0.958342,0.877424,0.865422,0.977315,0.827168,0.978269,0.829559,0.895148,0.950703,0.919979,0.981121,0.982489,0.971081,0.963871,0.788535,0.81337,0.931155,0.995774,0.973731,0.870323,0.837509,0.969699,0.847421,0.912168,0.916043,0.927675,0.983734,0.881908,0.9267,0.938312,0.945087,0.904593,0.907294,0.97186,0.984627,0.909947,0.817736,0.792818,0.900443,0.923947,0.889755,0.994399,0.95788,0.960004,0.988835,0.987703,0.989633,0.994731,0.979387,0.969276,0.82799,0.923495,0.898158,0.95513,0.93956,0.854117,0.890893,0.925162,0.982609,0.990545,0.978634,0.986046,0.96688,0.929365,0.97867,0.995555,0.847459,0.987919,0.991543,0.988449,0.876667,0.860461,0.8136597,0.895027,0.969875,0.986435,0.995451
0.908309,0.955568,0.907592,0.943061,0.952799,0.929072,0.894448,0.957315,0.988305,0.907283,0.805055,0.9185,0.96013,0.943809,0.95868,0.935201,0.930895,0.987571,0.955865,0.992679,1.0,0.997439,0.996522,0.978557,0.890522,0.848968,0.967499,0.813768,0.965916,0.848647,0.906738,0.944408,0.911807,0.982951,0.992431,0.947241,0.96093,0.788629,0.799269,0.947784,0.988729,0.945642,0.863455,0.828041,0.957036,0.875086,0.914496,0.926056,0.927337,0.968989,0.868019,0.91312,0.916718,0.925044,0.921032,0.901917,0.953895,0.975702,0.915398,0.849179,0.807904,0.912963,0.93504,0.91671,0.99944,0.981484,0.954675,0.989958,0.987163,0.983506,0.987974,0.974785,0.986009,0.848589,0.920531,0.906955,0.962076,0.954915,0.841481,0.893548,0.952661,0.980803,0.993435,0.969267,0.985854,0.984008,0.912163,0.957011,0.991415,0.873065,0.974124,0.989036,0.980932,0.898472,0.887904,0.817521,0.905519,0.972785,0.963681,0.986834
0.897432,0.94892,0.895407,0.937257,0.950917,0.921662,0.894212,0.956634,0.986075,0.90325,0.797669,0.91644,0.972503,0.943814,0.963821,0.931394,0.930536,0.981097,0.961603,0.986799,0.997439,1.0,0.994133,0.973403,0.893701,0.862557,0.967614,0.819057,0.964367,0.837847,0.897846,0.930995,0.901385,0.972226,0.99236,0.94272,0.948861,0.781327,0.782585,0.952606,0.978248,0.934247,0.854661,0.82989,0.959256,0.869576,0.924831,0.928223,0.918833,0.967329,0.851769,0.903576,0.910125,0.919952,0.909525,0.888753,0.947606,0.97563,0.907723,0.843339,0.799021,0.909817,0.947536,0.917567,0.995785,0.981963,0.951408,0.99039,0.976945,0.972134,0.978675,0.977926,0.983747,0.853556,0.913449,0.890055,0.950416,0.95125,0.843242,0.8837017,0.949447,0.967698,0.987442,0.970459,0.978298,0.98101,0.907282,0.950096,0.982501,0.874316,0.971778,0.989471,0.978353,0.905694,0.89575,0.829273,0.907577,0.964906,0.957977,0.976496
0.895196,0.9485,0.896299,0.937476,0.943789,0.923704,0.904765,0.950116,0.988423,0.906723,0.7956,0.931346,0.945289,0.960087,0.968149,0.929412,0.919801,0.978218,0.946427,0.990146,0.996522,0.994133,1.0,0.973402,0.912948,0.8439617,0.979351,0.838309,0.952854,0.838253,0.928399,0.938357,0.900513,0.971621,0.998054,0.941152,0.94535,0.777675,0.788776,0.960475,0.985812,0.937009,0.848526,0.818313,0.959308,0.877844,0.934144,0.946776,0.924483,0.962494,0.856341,0.902867,0.906312,0.91533,0.921024,0.895656,0.939839,0.969829,0.901412,0.861713,0.80314,0.895478,0.928711,0.930652,0.995301,0.983192,0.971995,0.979039,0.9778,0.974729,0.990406,0.968609,0.990918,0.857121,0.906955,0.890464,0.944984,0.968922,0.836537,0.910429,0.949878,0.976018,0.992206,0.961948,0.988776,0.988206,0.897002,0.944756,0.986292,0.886553,0.966923,0.98145,0.98978,0.892435,0.889376,0.836714,0.928047,0.982159,0.964547,0.981114
0.898119,0.905178,0.889437,0.892572,0.909389,0.91716,0.91012,0.915167,0.94948,0.901766,0.842227,0.923703,0.927968,0.937118,0.949281,0.896156,0.91576,0.9548,0.920307,0.958342,0.978557,0.973403,0.973402,1.0,0.905593,0.813222,0.926089,0.801515,0.926431,0.879763,0.905283,0.924034,0.894456,0.970002,0.971764,0.899604,0.947672,0.807239,0.792783,0.919771,0.962633,0.896106,0.852988,0.855089,0.915117,0.903961,0.896372,0.924506,0.914166,0.926489,0.851504,0.890116,0.880405,0.88811,0.942278,0.890341,0.911787,0.938249,0.911739,0.880951,0.83298,0.916432,0.914925,0.91758,0.977707,0.979798,0.930274,0.960209,0.970742,0.959735,0.95906,0.937427,0.979315,0.838539,0.90719,0.928739,0.964856,0.958155,0.815884,0.8901098,0.968951,0.968816,0.97628,0.929991,0.967417,0.982381,0.881154,0.912198,0.968075,0.912445,0.931745,0.95264,0.942764,0.898707,0.90072,0.804215,0.902865,0.96104,0.914213,0.958938
0.784923,0.81858,0.7829204,0.811439,0.805019,0.821712,0.918192,0.814894,0.877472,0.905666,0.850344,0.918916,0.830265,0.932793,0.954771,0.806949,0.803573,0.84488,0.815672,0.877424,0.890522,0.893701,0.912948,0.905593,1.0,0.881397,0.927005,0.904338,0.805241,0.866876,0.934463,0.868723,0.7834274,0.858975,0.927907,0.811903,0.858931,0.844237,0.776702,0.905141,0.883377,0.825412,0.801184,0.797743,0.859007,0.914213,0.956099,0.991183,0.827543,0.827254,0.774575,0.785604,0.776288,0.78375,0.876833,0.796296,0.8030047,0.836157,0.789696,0.891459,0.845817,0.792792,0.836505,0.919087,0.882501,0.930793,0.953261,0.845305,0.868902,0.855771,0.90272,0.837321,0.937186,0.870381,0.788478,0.843878,0.862518,0.968921,0.825526,0.926933,0.904496,0.88773,0.900088,0.827238,0.91572,0.937091,0.777448,0.8057098,0.878934,0.947749,0.829037,0.849902,0.912757,0.897207,0.898869,0.901377,0.990113,0.944577,0.858523,0.870627
0.849714,0.907694,0.872128,0.912124,0.909169,0.846563,0.833699,0.899619,0.8649992,0.870805,0.785425,0.843321,0.89132,0.8412,0.847876,0.899372,0.884737,0.885609,0.906345,0.865422,0.848968,0.862557,0.8439617,0.813222,0.881397,1.0,0.904362,0.954182,0.914616,0.802086,0.808317,0.856712,0.883598,0.865124,0.85469,0.905712,0.88393,0.823532,0.786332,0.872028,0.859434,0.885285,0.884607,0.906261,0.8772739,0.834542,0.929896,0.897005,0.832551,0.896395,0.836935,0.892215,0.912579,0.91311,0.755745,0.815001,0.916847,0.885062,0.849154,0.783397,0.786283,0.858225,0.873177,0.845263,0.852761,0.828471,0.901994,0.887128,0.857605,0.870458,0.856477,0.887378,0.834402,0.884595,0.879295,0.812553,0.8642,0.844603,0.906006,0.801785,0.781511,0.839192,0.839786,0.892042,0.8309749,0.828858,0.922048,0.909332,0.854664,0.785089,0.897958,0.879057,0.885639,0.894107,0.79664,0.951615,0.906537,0.842247,0.898259,0.864257
0.860783,0.953341,0.870889,0.946786,0.942522,0.897876,0.877245,0.949169,0.984992,0.895361,0.775192,0.906461,0.91952,0.935994,0.947967,0.932486,0.895475,0.955035,0.934892,0.977315,0.967499,0.967614,0.979351,0.926089,0.927005,0.904362,1.0,0.887634,0.938622,0.788163,0.912658,0.91152,0.872862,0.929018,0.980717,0.949383,0.899593,0.778025,0.755444,0.950303,0.966063,0.945905,0.8106972,0.808635,0.974653,0.855952,0.964291,0.956141,0.901689,0.960445,0.828704,0.887165,0.902791,0.911847,0.874831,0.868035,0.923041,0.962893,0.857835,0.832012,0.783361,0.847743,0.920038,0.906995,0.965877,0.947085,0.98897,0.953269,0.944833,0.944348,0.978158,0.960148,0.963523,0.862296,0.878831,0.826275,0.889064,0.953549,0.854912,0.901169,0.90401,0.94733,0.968483,0.956835,0.975288,0.96005,0.885072,0.940174,0.96448,0.867042,0.960683,0.965663,0.994698,0.846477,0.856084,0.875645,0.942232,0.972926,0.978424,0.962041
0.885923,0.850477,0.90107,0.864336,0.853425,0.871953,0.841861,0.845347,0.837132,0.858717,0.829947,0.843703,0.813577,0.849116,0.854539,0.873957,0.872758,0.823902,0.845402,0.827168,0.813768,0.819057,0.838309,0.801515,0.904338,0.954182,0.887634,1.0,0.843706,0.813523,0.839987,0.844908,0.902365,0.830817,0.849236,0.86064,0.851869,0.859227,0.83718,0.844897,0.832299,0.838288,0.911955,0.884904,0.872374,0.84067,0.902688,0.904861,0.875211,0.834516,0.884319,0.898968,0.888241,0.882955,0.781772,0.860888,0.849716,0.8196197,0.879647,0.811835,0.833029,0.883552,0.849808,0.845178,0.8082064,0.832788,0.902499,0.813063,0.823112,0.829919,0.84724,0.8240165,0.845632,0.938973,0.887599,0.813925,0.842512,0.871248,0.90725,0.81615,0.800128,0.826476,0.829487,0.8265436,0.846917,0.843572,0.899557,0.848242,0.820482,0.833818,0.830981,0.8070163,0.867877,0.87788,0.779478,0.989666,0.918726,0.870614,0.862646,0.828125
0.921502,0.989665,0.933863,0.985792,0.994415,0.932499,0.84382,0.992642,0.979946,0.900143,0.803139,0.860788,0.956529,0.87222,0.881412,0.978968,0.959297,0.987889,0.986189,0.978269,0.965916,0.964367,0.952854,0.926431,0.805241,0.914616,0.938622,0.843706,1.0,0.834191,0.83484,0.921442,0.942741,0.96182,0.940886,0.989209,0.958713,0.774135,0.820692,0.90063,0.965932,0.967803,0.912682,0.883488,0.972255,0.850185,0.872305,0.847499,0.924968,0.995319,0.889381,0.954228,0.974397,0.979323,0.863089,0.900405,0.991617,0.992771,0.923396,0.793469,0.805223,0.923181,0.947999,0.862281,0.970799,0.912734,0.903094,0.989626,0.964216,0.970689,0.956604,0.990243,0.920265,0.851498,0.950619,0.888015,0.945027,0.875932,0.91222,0.838741,0.881957,0.947871,0.957373,0.993531,0.943105,0.918227,0.974045,0.990906,0.969273,0.789214,0.996643,0.989821,0.953053,0.860772,0.81395,0.848172,0.8215493,0.91265,0.977714,0.971579
0.854095,0.817606,0.854429,0.808376,0.810898,0.825462,0.96753,0.802856,0.803707,0.935394,0.957097,0.942787,0.800769,0.898407,0.851989,0.803821,0.825798,0.857859,0.806721,0.829559,0.848647,0.837847,0.838253,0.879763,0.866876,0.802086,0.788163,0.813523,0.834191,1.0,0.866224,0.902309,0.858225,0.902233,0.839313,0.801085,0.920892,0.866809,0.914277,0.876297,0.853909,0.814094,0.893835,0.762302,0.767439,0.967107,0.826614,0.865995,0.8188,0.805737,0.877264,0.841213,0.832375,0.826945,0.900691,0.847854,0.863815,0.805921,0.859375,0.973771,0.960403,0.851069,0.7822,0.936999,0.851145,0.867751,0.833442,0.840528,0.877269,0.883328,0.833459,0.803092,0.861092,0.882648,0.840955,0.964454,0.930102,0.87883,0.851968,0.800545,0.886384,0.877257,0.852581,0.80207,0.834246,0.862604,0.843923,0.838496,0.851578,0.876644,0.816746,0.821184,0.7957454,0.85536,0.796245,0.834348,0.889012,0.8346247,0.786515,0.854374
0.812907,0.832694,0.812223,0.824123,0.830302,0.847776,0.916162,0.840283,0.895444,0.911177,0.812723,0.942818,0.812389,0.976301,0.932865,0.828161,0.823158,0.872913,0.83169,0.895148,0.906738,0.897846,0.928399,0.905283,0.934463,0.808317,0.912658,0.839987,0.83484,0.866224,1.0,0.85424,0.81698,0.8826,0.931085,0.831475,0.870011,0.796244,0.775083,0.937827,0.898747,0.823979,0.806656,0.742174,0.872434,0.893612,0.915489,0.935633,0.855611,0.85444,0.786786,0.813857,0.805464,0.81224,0.889878,0.827232,0.832473,0.8671,0.81659,0.906448,0.837065,0.80051,0.820168,0.949326,0.906741,0.920446,0.937092,0.86427,0.888029,0.882256,0.911119,0.859071,0.934853,0.834931,0.813311,0.850946,0.868827,0.951674,0.834681,0.976312,0.896324,0.902151,0.913964,0.851128,0.924264,0.935532,0.79651,0.830852,0.899376,0.912789,0.856729,0.867808,0.917526,0.881116,0.848482,0.818819,0.921715,0.939313,0.863043,0.888859
0.89584,0.937442,0.912301,0.926202,0.911107,0.893304,0.889917,0.90516,0.928261,0.908901,0.829339,0.8663,0.894336,0.878178,0.90287,0.904465,0.885677,0.95618,0.890785,0.950703,0.944408,0.930995,0.938357,0.924034,0.868723,0.856712,0.91152,0.844908,0.921442,0.902309,0.85424,1.0,0.912388,0.973587,0.924864,0.916547,0.965819,0.856491,0.866899,0.856941,0.968854,0.947697,0.900749,0.815557,0.890555,0.877107,0.844025,0.885279,0.89035,0.914948,0.901737,0.910043,0.910217,0.90933,0.902302,0.893626,0.941445,0.906391,0.890506,0.830861,0.838905,0.876383,0.835663,0.87564,0.944935,0.923909,0.920397,0.931084,0.967178,0.97415,0.963175,0.900201,0.927139,0.841638,0.894511,0.931011,0.960677,0.909889,0.852464,0.83226,0.92449,0.97464,0.964404,0.902601,0.960783,0.923661,0.902459,0.942851,0.960723,0.841558,0.924873,0.925317,0.92749,0.904848,0.881739,0.853628,0.901974,0.954514,0.931296,0.966881
0.98803,0.937929,0.998092,0.947425,0.956265,0.987673,0.840695,0.952489,0.913326,0.880679,0.852854,0.843099,0.880114,0.842723,0.84812,0.972182,0.981139,0.930581,0.946733,0.919979,0.911807,0.901385,0.900513,0.894456,0.7834274,0.883598,0.872862,0.902365,0.942741,0.858225,0.81698,0.912388,1.0,0.932829,0.887842,0.952251,0.930773,0.811989,0.905342,0.842438,0.924944,0.913372,0.976389,0.898223,0.924005,0.852901,0.803491,0.814807,0.983323,0.939641,0.970282,0.996982,0.981883,0.9792,0.875062,0.970966,0.937151,0.930453,0.986013,0.813399,0.86043,0.977465,0.911793,0.842395,0.915826,0.879853,0.853712,0.921079,0.928642,0.933032,0.913529,0.929124,0.885345,0.922318,0.994219,0.900044,0.92612,0.856464,0.929042,0.806399,0.86881,0.924569,0.91396,0.938353,0.904048,0.884917,0.983446,0.934545,0.923498,0.795837,0.937009,0.920672,0.89101,0.838927,0.79631,0.907569,0.8074939,0.885616,0.920392,0.926941
0.928385,0.955757,0.931547,0.940701,0.944462,0.928214,0.900845,0.94215,0.964241,0.937844,0.855828,0.907191,0.933712,0.913235,0.927446,0.928913,0.925023,0.988279,0.933346,0.981121,0.982951,0.972226,0.971621,0.970002,0.858975,0.865124,0.929018,0.830817,0.96182,0.902233,0.8826,0.973587,0.932829,1.0,0.96155,0.940798,0.992456,0.835733,0.854391,0.907401,0.990168,0.959053,0.901004,0.838951,0.922899,0.910305,0.861483,0.890064,0.924324,0.953661,0.907256,0.930079,0.927804,0.930536,0.92745,0.916775,0.966905,0.9539,0.928405,0.85813,0.857942,0.921288,0.892465,0.904441,0.98486,0.959304,0.919625,0.976091,0.997299,0.99682,0.979379,0.947602,0.962554,0.855104,0.931981,0.954001,0.992828,0.931313,0.866004,0.87162,0.944564,0.992626,0.983288,0.947829,0.973936,0.962395,0.928237,0.966443,0.990724,0.853832,0.961609,0.968761,0.949149,0.909471,0.874864,0.837718,0.8702905,0.956965,0.94844,0.991252
0.885178,0.934704,0.884088,0.923142,0.932138,0.916841,0.916086,0.940089,0.982708,0.916796,0.806235,0.941996,0.943756,0.967296,0.978046,0.918078,0.912463,0.967158,0.939101,0.982489,0.992431,0.99236,0.998054,0.971764,0.927907,0.85469,0.980717,0.849236,0.940886,0.839313,0.931085,0.924864,0.887842,0.96155,1.0,0.928649,0.933438,0.7674134,0.778326,0.968978,0.976682,0.924293,0.835699,0.811549,0.955126,0.890746,0.946185,0.959104,0.918282,0.952538,0.842519,0.890292,0.891656,0.901325,0.919016,0.885584,0.924748,0.961901,0.892251,0.873711,0.812381,0.888722,0.930702,0.941171,0.989694,0.987787,0.974235,0.971443,0.969381,0.963191,0.983371,0.962171,0.994636,0.869731,0.897519,0.881089,0.9356,0.976963,0.841612,0.910431,0.95234,0.96789,0.985677,0.953996,0.984178,0.992183,0.883567,0.930955,0.97844,0.898637,0.956274,0.97476,0.987152,0.89436,0.894923,0.849432,0.940005,0.981156,0.954603,0.971463
0.923067,0.995119,0.944779,0.997804,0.997655,0.942049,0.800558,0.995929,0.976744,0.863269,0.770097,0.826111,0.925789,0.854359,0.867357,0.993924,0.960768,0.973107,0.979827,0.971081,0.947241,0.94272,0.941152,0.899604,0.811903,0.905712,0.949383,0.86064,0.989209,0.801085,0.831475,0.916547,0.952251,0.940798,0.928649,1.0,0.933253,0.767645,0.825863,0.879125,0.958924,0.971701,0.915104,0.880518,0.983139,0.806458,0.875592,0.852286,0.937357,0.99458,0.897795,0.968618,0.987499,0.990778,0.854343,0.908735,0.980372,0.98678,0.918456,0.758802,0.778982,0.911631,0.938248,0.827231,0.952311,0.891954,0.91586,0.96814,0.94705,0.956348,0.955252,0.982659,0.90621,0.832452,0.955091,0.864088,0.915374,0.874043,0.912456,0.834427,0.862601,0.938955,0.945897,0.989643,0.939322,0.903479,0.979184,0.985996,0.957683,0.785498,0.992747,0.976048,0.957801,0.827414,0.795931,0.848929,0.83397,0.915843,0.989391,0.962593
0.924768,0.951588,0.93005,0.935142,0.93685,0.911458,0.922421,0.930518,0.9441,0.966954,0.877998,0.926391,0.915197,0.904356,0.896322,0.917837,0.910677,0.980399,0.918646,0.963871,0.96093,0.948861,0.94535,0.947672,0.858931,0.88393,0.899593,0.851869,0.958713,0.920892,0.870011,0.965819,0.930773,0.992456,0.933438,0.933253,1.0,0.836852,0.873721,0.908714,0.974894,0.958721,0.917446,0.845899,0.901135,0.937084,0.867628,0.876884,0.905897,0.942535,0.914623,0.926552,0.92747,0.927444,0.899379,0.90667,0.974384,0.940272,0.921363,0.880024,0.881848,0.912964,0.869802,0.92337,0.965386,0.928445,0.889623,0.963212,0.986205,0.990019,0.957963,0.930785,0.932281,0.879959,0.925006,0.956567,0.993595,0.89958,0.897825,0.856838,0.911056,0.977471,0.961409,0.93388,0.949302,0.933026,0.932646,0.969106,0.976081,0.82052,0.951472,0.952237,0.921953,0.904143,0.841619,0.857935,0.890602,0.92576,0.933302,0.979578
0.833949,0.778784,0.820119,0.774062,0.76507,0.802585,0.810353,0.757498,0.765288,0.804723,0.885866,0.796606,0.761562,0.804412,0.800559,0.767997,0.7787,0.796816,0.757546,0.788535,0.788629,0.781327,0.777675,0.807239,0.844237,0.823532,0.778025,0.859227,0.774135,0.866809,0.796244,0.856491,0.811989,0.835733,0.7674134,0.767645,0.836852,1.0,0.889817,0.760092,0.815559,0.797017,0.794225,0.754622,0.738462,0.837503,0.767708,0.823859,0.801096,0.7624,0.85957,0.799669,0.780561,0.777719,0.883875,0.852783,0.783939,0.754724,0.825574,0.855658,0.888295,0.812551,0.714522,0.7949,0.789825,0.806807,0.816249,0.779039,0.827197,0.82152,0.807239,0.7488,0.7927367,0.802886,0.796597,0.896316,0.853816,0.829717,0.750361,0.739684,0.841194,0.839762,0.805605,0.752992,0.808062,0.7997763,0.785979,0.788956,0.810266,0.858304,0.76785,0.762856,0.774134,0.92266,0.797033,0.839244,0.857951,0.825156,0.778412,0.813553
0.921484,0.83459,0.917887,0.833403,0.821142,0.874927,0.849848,0.809649,0.790542,0.872932,0.934594,0.840381,0.745205,0.808093,0.770509,0.834152,0.834325,0.833521,0.790319,0.81337,0.799269,0.782585,0.788776,0.792783,0.776702,0.786332,0.755444,0.83718,0.820692,0.914277,0.775083,0.866899,0.905342,0.854391,0.778326,0.825863,0.873721,0.889817,1.0,0.803845,0.834762,0.839278,0.918527,0.771747,0.772414,0.864612,0.765978,0.779709,0.878038,0.805917,0.974128,0.887496,0.865268,0.854299,0.867023,0.936466,0.852564,0.792084,0.905064,0.894807,0.95431,0.873017,0.74777,0.844199,0.804698,0.781762,0.769423,0.800308,0.841059,0.854735,0.818326,0.782281,0.784885,0.902755,0.874459,0.909362,0.862125,0.785501,0.878992,0.732567,0.798083,0.844318,0.810641,0.793432,0.803302,0.786066,0.867077,0.843255,0.826901,0.811209,0.811178,0.79312,0.776075,0.7866186,0.724112,0.844319,0.796768,0.790685,0.806313,0.838094
0.835391,0.882756,0.835088,0.87208,0.887184,0.864962,0.952905,0.897302,0.940099,0.96082,0.830748,0.977057,0.909498,0.982411,0.953184,0.870504,0.869289,0.917242,0.90283,0.931155,0.947784,0.952606,0.960475,0.919771,0.905141,0.872028,0.950303,0.844897,0.90063,0.876297,0.937827,0.856941,0.842438,0.907401,0.968978,0.879125,0.908714,0.760092,0.803845,1.0,0.916436,0.862119,0.856263,0.769093,0.919848,0.921587,0.947443,0.941851,0.867828,0.907697,0.812014,0.840971,0.849322,0.856756,0.861539,0.827531,0.899478,0.9225,0.845799,0.904938,0.844542,0.84482,0.908622,0.981375,0.944539,0.950497,0.947442,0.92824,0.909625,0.907602,0.929257,0.925865,0.959084,0.901059,0.850358,0.848728,0.896514,0.947985,0.896611,0.906632,0.901147,0.90142,0.93009,0.913906,0.92835,0.954119,0.85408,0.884928,0.919993,0.859626,0.910761,0.933057,0.953258,0.882298,0.848047,0.854871,0.925957,0.931083,0.903722,0.911026
0.917265,0.972447,0.92453,0.959776,0.95623,0.928869,0.864168,0.956099,0.985373,0.903621,0.804082,0.890821,0.928416,0.918862,0.934961,0.942496,0.91994,0.992345,0.939462,0.995774,0.988729,0.978248,0.985812,0.962633,0.883377,0.859434,0.966063,0.832299,0.965932,0.853909,0.898747,0.968854,0.924944,0.990168,0.976682,0.958924,0.974894,0.815559,0.834762,0.916436,1.0,0.973502,0.878802,0.832388,0.950146,0.860337,0.897451,0.917737,0.92867,0.969182,0.89636,0.927766,0.931922,0.936551,0.918435,0.915315,0.966847,0.96833,0.913746,0.824171,0.811301,0.900999,0.898011,0.887329,0.990554,0.958701,0.957229,0.978247,0.993982,0.996012,0.997171,0.960722,0.96979,0.8215575,0.922839,0.919962,0.968472,0.944938,0.848216,0.892257,0.933207,0.993335,0.991958,0.961055,0.988794,0.96814,0.922983,0.973189,0.997429,0.856644,0.975248,0.978424,0.979914,0.887659,0.866838,0.819671,0.900702,0.976014,0.97702,0.998647
0.90079,0.985489,0.916635,0.973257,0.963033,0.897768,0.815329,0.95707,0.965534,0.899772,0.785783,0.82544,0.905491,0.843671,0.86595,0.94703,0.899442,0.976967,0.928217,0.973731,0.945642,0.934247,0.937009,0.896106,0.825412,0.885285,0.945905,0.838288,0.967803,0.814094,0.823979,0.947697,0.913372,0.959053,0.924293,0.971701,0.958721,0.797017,0.839278,0.862119,0.973502,1.0,0.880014,0.827907,0.945757,0.835034,0.860365,0.859163,0.896144,0.96809,0.893915,0.926253,0.944857,0.945968,0.850122,0.891075,0.977079,0.958005,0.883908,0.763289,0.796865,0.868287,0.87168,0.829935,0.950153,0.889693,0.923208,0.956089,0.967944,0.974312,0.965179,0.945694,0.906679,0.815265,0.909768,0.884463,0.938155,0.87657,0.89304,0.826435,0.863261,0.962849,0.953435,0.954833,0.954853,0.905549,0.938299,0.990913,0.973359,0.773369,0.971591,0.959629,0.949168,0.847038,0.804072,0.82461,0.852951,0.93114,0.978173,0.980774
0.953837,0.906412,0.971368,0.917285,0.920024,0.940275,0.890079,0.911468,0.859958,0.903887,0.86658,0.877221,0.847311,0.848499,0.810251,0.933781,0.94491,0.895077,0.909744,0.870323,0.863455,0.854661,0.848526,0.852988,0.801184,0.884607,0.8106972,0.911955,0.912682,0.893835,0.806656,0.900749,0.976389,0.901004,0.835699,0.915104,0.917446,0.794225,0.918527,0.856263,0.878802,0.880014,1.0,0.871277,0.873271,0.876509,0.82848,0.814825,0.932271,0.896764,0.957037,0.969163,0.960506,0.953556,0.819613,0.92879,0.925018,0.885071,0.95442,0.848375,0.876267,0.948384,0.874227,0.884445,0.869133,0.832275,0.819069,0.882674,0.886775,0.900139,0.862637,0.884739,0.832614,0.954039,0.95951,0.883453,0.905194,0.810525,0.960071,0.767295,0.824407,0.880152,0.872033,0.89418,0.855724,0.831528,0.966346,0.909981,0.876165,0.762756,0.896847,0.876037,0.834145,0.822143,0.751117,0.927099,0.837469,0.833154,0.873666,0.883238
0.88374,0.861126,0.889396,0.870708,0.889684,0.89052,0.751263,0.886585,0.843244,0.80134,0.784597,0.76902,0.875004,0.766534,0.786348,0.893122,0.905118,0.849723,0.889466,0.837509,0.828041,0.82989,0.818313,0.855089,0.797743,0.906261,0.808635,0.884904,0.883488,0.762302,0.742174,0.815557,0.898223,0.838951,0.811549,0.880518,0.845899,0.754622,0.771747,0.769093,0.832388,0.827907,0.871277,1.0,0.864353,0.800841,0.808223,0.796851,0.880272,0.878785,0.84183,0.902235,0.898495,0.90072,0.781484,0.852474,0.863545,0.876475,0.88909,0.739802,0.766686,0.904925,0.874554,0.763224,0.835341,0.795385,0.776099,0.856714,0.838863,0.838008,0.817163,0.872722,0.801206,0.831465,0.907359,0.812709,0.847088,0.785997,0.864283,0.764377,0.787014,0.827616,0.823729,0.880281,0.811352,0.80654,0.908002,0.862706,0.837861,0.756835,0.872504,0.850488,0.812905,0.820493,0.876347,0.894604,0.795753,0.790723,0.844544,0.83678
0.901623,0.971562,0.915674,0.974238,0.983303,0.938332,0.833268,0.98857,0.984238,0.852469,0.750261,0.862748,0.936491,0.898347,0.904931,0.9797,0.956414,0.95879,0.98155,0.969699,0.957036,0.959256,0.959308,0.915117,0.859007,0.8772739,0.974653,0.872374,0.972255,0.767439,0.872434,0.890555,0.924005,0.922899,0.955126,0.983139,0.901135,0.738462,0.772414,0.919848,0.950146,0.945757,0.873271,0.864353,1.0,0.810197,0.919712,0.89221,0.936096,0.988626,0.855992,0.94184,0.957556,0.965366,0.864092,0.892887,0.947718,0.989005,0.902683,0.795455,0.75976,0.90094,0.965294,0.865387,0.958713,0.920375,0.945821,0.966722,0.936784,0.936725,0.95441,0.988753,0.933865,0.857929,0.936446,0.834287,0.89118,0.909193,0.88843,0.85988,0.886983,0.93165,0.954264,0.989924,0.953515,0.932215,0.947759,0.960167,0.954611,0.826999,0.983921,0.978157,0.973207,0.826401,0.821187,0.860033,0.874424,0.938133,0.981626,0.951727
0.855693,0.823819,0.851824,0.807338,0.820368,0.830238,0.973784,0.814973,0.838276,0.975268,0.950492,0.976145,0.825211,0.924768,0.893082,0.804033,0.833,0.869825,0.820828,0.847421,0.875086,0.869576,0.877844,0.903961,0.914213,0.834542,0.855952,0.84067,0.850185,0.967107,0.893612,0.877107,0.852901,0.910305,0.890746,0.806458,0.937084,0.837503,0.864612,0.921587,0.860337,0.835034,0.876509,0.800841,0.810197,1.0,0.880526,0.919867,0.825606,0.821919,0.856234,0.839693,0.829893,0.824874,0.886731,0.82626,0.874875,0.831556,0.857795,0.976526,0.946577,0.857794,0.826051,0.958297,0.873948,0.905071,0.882438,0.861016,0.892935,0.890197,0.8514559,0.828944,0.908733,0.902692,0.85038,0.954214,0.945208,0.924837,0.874947,0.858685,0.892026,0.882116,0.85976,0.824426,0.858565,0.911641,0.851836,0.854584,0.868157,0.887138,0.830171,0.845203,0.855366,0.86031,0.8100569,0.852098,0.922751,0.88003,0.8017884,0.866061
0.790995,0.878971,0.7959604,0.876218,0.871126,0.833342,0.903687,0.881373,0.92639,0.912981,0.801218,0.91871,0.885887,0.933213,0.941133,0.861957,0.83943,0.884989,0.882032,0.912168,0.914496,0.924831,0.934144,0.896372,0.956099,0.929896,0.964291,0.902688,0.872305,0.826614,0.915489,0.844025,0.803491,0.861483,0.946185,0.875592,0.867628,0.767708,0.765978,0.947443,0.897451,0.860365,0.82848,0.808223,0.919712,0.880526,1.0,0.974455,0.837038,0.8918,0.776132,0.812156,0.8281199,0.838759,0.820427,0.793201,0.866602,0.900275,0.800136,0.843994,0.799165,0.807747,0.898932,0.925453,0.909631,0.918439,0.969519,0.896979,0.872087,0.87115,0.919074,0.904977,0.929962,0.879043,0.812432,0.793979,0.850324,0.938295,0.876921,0.92633,0.864874,0.873397,0.911153,0.894342,0.916108,0.925487,0.828839,0.8597305,0.893121,0.887068,0.892066,0.906632,0.953655,0.864803,0.831128,0.899588,0.959867,0.92749,0.914755,0.887756
0.810989,0.86063,0.813498,0.852651,0.846507,0.851428,0.930943,0.85623,0.917086,0.926719,0.840095,0.943183,0.863301,0.953679,0.971557,0.844452,0.834291,0.885776,0.853357,0.916043,0.926056,0.928223,0.946776,0.924506,0.991183,0.897005,0.956141,0.904861,0.847499,0.865995,0.935633,0.885279,0.814807,0.890064,0.959104,0.852286,0.876884,0.823859,0.779709,0.941851,0.917737,0.859163,0.814825,0.796851,0.89221,0.919867,0.974455,1.0,0.857256,0.869128,0.7850885,0.818267,0.813501,0.821706,0.883979,0.822453,0.8356051,0.877673,0.815959,0.893447,0.840494,0.814525,0.865305,0.941302,0.919291,0.952417,0.972678,0.885223,0.899367,0.89179,0.936633,0.878918,0.961414,0.885488,0.819499,0.840827,0.875623,0.980614,0.841428,0.928351,0.91359,0.912079,0.927775,0.868621,0.938176,0.958714,0.8021469,0.845346,0.911308,0.934378,0.872106,0.892178,0.94887,0.895488,0.894374,0.903812,0.990708,0.959771,0.897968,0.904969
0.98667,0.918592,0.984592,0.926508,0.941645,0.999033,0.82664,0.944541,0.926012,0.84721,0.833333,0.851327,0.878965,0.87419,0.882721,0.960462,0.977589,0.923413,0.941183,0.927675,0.927337,0.918833,0.924483,0.914166,0.827543,0.832551,0.901689,0.875211,0.924968,0.8188,0.855611,0.89035,0.983323,0.924324,0.918282,0.937357,0.905897,0.801096,0.878038,0.867828,0.92867,0.896144,0.932271,0.880272,0.936096,0.825606,0.837038,0.857256,1.0,0.934438,0.954089,0.979005,0.954245,0.955349,0.903845,0.982676,0.905345,0.932461,0.986754,0.81974,0.841616,0.976303,0.925713,0.845393,0.928622,0.909743,0.886709,0.920411,0.928402,0.924225,0.925165,0.932201,0.917872,0.905412,0.985255,0.883108,0.909057,0.896922,0.880217,0.841138,0.894764,0.928504,0.926186,0.936926,0.923173,0.918479,0.951926,0.91101,0.930183,0.841489,0.929925,0.924328,0.913582,0.828549,0.815545,0.8640873,0.837566,0.912978,0.919068,0.927285
0.91773,0.991179,0.931304,0.989501,0.996608,0.939226,0.824627,0.997469,0.989886,0.875206,0.775296,0.854775,0.948595,0.882972,0.892709,0.985673,0.960369,0.98443,0.987719,0.983734,0.968989,0.967329,0.962494,0.926489,0.827254,0.896395,0.960445,0.834516,0.995319,0.805737,0.85444,0.914948,0.939641,0.953661,0.952538,0.99458,0.942535,0.7624,0.805917,0.907697,0.969182,0.96809,0.896764,0.878785,0.988626,0.821919,0.8918,0.869128,0.934438,1.0,0.88143,0.954279,0.973502,0.979684,0.86981,0.903482,0.981172,0.998081,0.918003,0.782889,0.781287,0.914835,0.954402,0.855172,0.973132,0.919092,0.926881,0.98619,0.960973,0.965848,0.965454,0.995156,0.930856,0.833854,0.948616,0.871775,0.929053,0.894053,0.89775,0.855939,0.885439,0.949547,0.962451,0.998129,0.953956,0.928789,0.967744,0.986094,0.971768,0.804742,0.999203,0.991547,0.969863,0.84707,0.817111,0.8268645,0.844305,0.929147,0.988834,0.972707
0.981666,0.896432,0.979809,0.898318,0.896135,0.952768,0.838302,0.888257,0.864545,0.881455,0.908698,0.834751,0.81784,0.812564,0.808034,0.912064,0.917878,0.895575,0.872181,0.881908,0.868019,0.851769,0.856341,0.851504,0.774575,0.836935,0.828704,0.884319,0.889381,0.877264,0.786786,0.901737,0.970282,0.907256,0.842519,0.897795,0.914623,0.85957,0.974128,0.812014,0.89636,0.893915,0.957037,0.84183,0.855992,0.856234,0.776132,0.7850885,0.954089,0.88143,1.0,0.957066,0.931762,0.924526,0.878229,0.9842,0.902976,0.869055,0.969281,0.843024,0.921936,0.944957,0.826863,0.834697,0.872835,0.835702,0.822141,0.870866,0.900979,0.908811,0.882315,0.861501,0.843034,0.925624,0.950874,0.906045,0.905602,0.823029,0.904389,0.771233,0.835176,0.900696,0.87673,0.872902,0.870277,0.843378,0.933543,0.900915,0.892087,0.795278,0.883257,0.866998,0.84711,0.811969,0.761363,0.887531,0.807375,0.853635,0.875719,0.899643
0.97829,0.95276,0.993611,0.963354,0.97078,0.98386,0.825123,0.967239,0.924577,0.872144,0.831439,0.830826,0.886378,0.837022,0.847054,0.985319,0.984328,0.935222,0.95835,0.9267,0.91312,0.903576,0.902867,0.890116,0.785604,0.892215,0.887165,0.898968,0.954228,0.841213,0.813857,0.910043,0.996982,0.930079,0.890292,0.968618,0.926552,0.799669,0.887496,0.840971,0.927766,0.926253,0.969163,0.902235,0.94184,0.839693,0.812156,0.818267,0.979005,0.954279,0.957066,1.0,0.991913,0.990017,0.868318,0.95925,0.945759,0.943918,0.974565,0.795948,0.839636,0.967204,0.922342,0.830155,0.917389,0.877454,0.862291,0.927095,0.928695,0.933242,0.917754,0.94226,0.885119,0.905777,0.993975,0.89095,0.920327,0.857358,0.934657,0.805638,0.86441,0.925148,0.915044,0.952591,0.907233,0.884683,0.991424,0.946306,0.926453,0.790154,0.950139,0.93026,0.901386,0.830463,0.792372,0.899617,0.8053059,0.888803,0.936746,0.930467
0.950676,0.976179,0.974249,0.985592,0.987886,0.96095,0.820501,0.983473,0.941013,0.872669,0.806209,0.825684,0.902296,0.831477,0.838613,0.994462,0.976735,0.948676,0.971598,0.938312,0.916718,0.910125,0.906312,0.880405,0.776288,0.912579,0.902791,0.888241,0.974397,0.832375,0.805464,0.910217,0.981883,0.927804,0.891656,0.987499,0.92747,0.780561,0.865268,0.849322,0.931922,0.944857,0.960506,0.898495,0.957556,0.829893,0.8281199,0.813501,0.954245,0.973502,0.931762,0.991913,1.0,0.999341,0.84786,0.929371,0.968859,0.962105,0.947223,0.78086,0.815461,0.941496,0.928611,0.828459,0.922496,0.867217,0.870844,0.942171,0.926721,0.937381,0.923329,0.959953,0.876803,0.88432,0.979217,0.876404,0.913282,0.845596,0.943479,0.802666,0.848731,0.919703,0.917062,0.969936,0.906709,0.874662,0.996595,0.967534,0.929286,0.770195,0.970403,0.947273,0.916493,0.823821,0.780206,0.888584,0.804715,0.883868,0.959169,0.935834
0.948184,0.979088,0.970604,0.988055,0.992051,0.962123,0.816842,0.988794,0.94939,0.867974,0.799729,0.825512,0.911973,0.838426,0.847416,0.997019,0.979902,0.953796,0.978692,0.945087,0.925044,0.919952,0.91533,0.88811,0.78375,0.91311,0.911847,0.882955,0.979323,0.826945,0.81224,0.90933,0.9792,0.930536,0.901325,0.990778,0.927444,0.777719,0.854299,0.856756,0.936551,0.945968,0.953556,0.90072,0.965366,0.824874,0.838759,0.821706,0.955349,0.979684,0.924526,0.990017,0.999341,1.0,0.852699,0.927457,0.970548,0.969845,0.946406,0.776759,0.807894,0.942007,0.938022,0.82795,0.930514,0.875967,0.878494,0.950088,0.930508,0.940241,0.929046,0.968429,0.885328,0.876552,0.978846,0.874475,0.914114,0.85314,0.936055,0.809949,0.855632,0.922753,0.923823,0.977107,0.913086,0.883056,0.995511,0.969776,0.934612,0.777475,0.976512,0.955484,0.925252,0.827872,0.787667,0.883047,0.806608,0.890124,0.964559,0.940036
0.893931,0.854012,0.877232,0.846524,0.859522,0.900741,0.87809,0.86445,0.892006,0.852214,0.898888,0.884261,0.847413,0.900981,0.916418,0.861621,0.877503,0.895774,0.862896,0.904593,0.921032,0.909525,0.921024,0.942278,0.876833,0.755745,0.874831,0.781772,0.863089,0.900691,0.889878,0.902302,0.875062,0.92745,0.919016,0.854343,0.899379,0.883875,0.867023,0.861539,0.918435,0.850122,0.819613,0.781484,0.864092,0.886731,0.820427,0.883979,0.903845,0.86981,0.878229,0.868318,0.84786,0.852699,1.0,0.91891,0.850283,0.875861,0.89609,0.920021,0.90341,0.882202,0.847999,0.871033,0.919051,0.943554,0.88003,0.889558,0.926975,0.912835,0.915885,0.873272,0.942266,0.820736,0.879124,0.958195,0.926525,0.946745,0.774127,0.851196,0.968228,0.940124,0.923414,0.870222,0.923762,0.946551,0.844918,0.855487,0.91946,0.948755,0.872847,0.886447,0.890243,0.867293,0.874309,0.778023,0.872745,0.931361,0.864629,0.911934
0.990484,0.899754,0.979372,0.901998,0.910143,0.979123,0.808258,0.908979,0.897176,0.846704,0.886469,0.821414,0.844156,0.839578,0.847955,0.926418,0.941075,0.908954,0.898853,0.907294,0.901917,0.888753,0.895656,0.890341,0.796296,0.815001,0.868035,0.860888,0.900405,0.847854,0.827232,0.893626,0.970966,0.916775,0.885584,0.908735,0.90667,0.852783,0.936466,0.827531,0.915315,0.891075,0.92879,0.852474,0.892887,0.82626,0.793201,0.822453,0.982676,0.903482,0.9842,0.95925,0.929371,0.927457,0.91891,1.0,0.894783,0.898425,0.9837,0.824622,0.895739,0.962194,0.868571,0.817402,0.904791,0.878685,0.857455,0.895314,0.917806,0.91667,0.907057,0.893242,0.88709,0.892114,0.962661,0.904261,0.907323,0.868214,0.864386,0.813528,0.876255,0.919606,0.906686,0.900203,0.903643,0.888598,0.9284,0.899661,0.915378,0.84199,0.902609,0.894942,0.883025,0.818562,0.794607,0.856647,0.806113,0.891202,0.893923,0.915829
0.914114,0.990115,0.930733,0.983076,0.981476,0.912232,0.870798,0.975484,0.966119,0.930398,0.820527,0.879487,0.934217,0.870574,0.865688,0.963624,0.933259,0.9873,0.961275,0.97186,0.953895,0.947606,0.939839,0.911787,0.8030047,0.916847,0.923041,0.849716,0.991617,0.863815,0.832473,0.941445,0.937151,0.966905,0.924748,0.980372,0.974384,0.783939,0.852564,0.899478,0.966847,0.977079,0.925018,0.863545,0.947718,0.874875,0.866602,0.8356051,0.905345,0.981172,0.902976,0.945759,0.968859,0.970548,0.850283,0.894783,1.0,0.974562,0.910775,0.81455,0.82801,0.903585,0.908955,0.883983,0.96029,0.894923,0.89568,0.976977,0.964688,0.977665,0.95484,0.967995,0.904148,0.863334,0.934008,0.899751,0.953206,0.861693,0.928067,0.834087,0.864877,0.949881,0.951346,0.973499,0.936895,0.9013,0.967637,0.995193,0.966279,0.770067,0.98583,0.974593,0.941094,0.861452,0.801046,0.854906,0.844012,0.90559,0.971434,0.973148
0.912567,0.982636,0.921462,0.979568,0.991365,0.937014,0.838623,0.994255,0.992108,0.879378,0.777663,0.871175,0.954946,0.897911,0.903208,0.977977,0.958866,0.983748,0.988539,0.984627,0.975702,0.97563,0.969829,0.938249,0.836157,0.885062,0.962893,0.8196197,0.992771,0.805921,0.8671,0.906391,0.930453,0.9539,0.961901,0.98678,0.940272,0.754724,0.792084,0.9225,0.96833,0.958005,0.885071,0.876475,0.989005,0.831556,0.900275,0.877673,0.932461,0.998081,0.869055,0.943918,0.962105,0.969845,0.875861,0.898425,0.974562,1.0,0.916275,0.798689,0.782008,0.915573,0.96319,0.870816,0.979251,0.930586,0.93056,0.990173,0.961926,0.963942,0.965405,0.998086,0.941235,0.838188,0.943352,0.871239,0.930167,0.903433,0.889521,0.867188,0.894918,0.949289,0.966121,0.998651,0.957026,0.939724,0.957614,0.978797,0.973173,0.815171,0.997282,0.994698,0.972399,0.851448,0.822969,0.8173208,0.851209,0.932827,0.983183,0.971391
0.995989,0.904627,0.987396,0.909174,0.928871,0.989765,0.842909,0.928226,0.901602,0.870928,0.884672,0.847762,0.88652,0.847668,0.856626,0.941739,0.974402,0.919822,0.932356,0.909947,0.915398,0.907723,0.901412,0.911739,0.789696,0.849154,0.857835,0.879647,0.923396,0.859375,0.81659,0.890506,0.986013,0.928405,0.892251,0.918456,0.921363,0.825574,0.905064,0.845799,0.913746,0.883908,0.95442,0.88909,0.902683,0.857795,0.800136,0.815959,0.986754,0.918003,0.969281,0.974565,0.947223,0.946406,0.89609,0.9837,0.910775,0.916275,1.0,0.830274,0.883834,0.994661,0.913539,0.842799,0.917772,0.893901,0.840757,0.919158,0.925093,0.921972,0.901174,0.917146,0.894224,0.925586,0.987143,0.90579,0.926941,0.861277,0.890953,0.808623,0.887954,0.917428,0.911596,0.921826,0.899061,0.895671,0.954454,0.908059,0.91789,0.821664,0.916611,0.914056,0.877354,0.841435,0.805419,0.890125,0.8009369,0.879786,0.890471,0.916012
0.825164,0.762217,0.812569,0.7495472,0.773438,0.815609,0.964009,0.778512,0.815141,0.936957,0.967698,0.959843,0.780371,0.92672,0.883911,0.769111,0.803179,0.815919,0.788163,0.817736,0.849179,0.843339,0.861713,0.880951,0.891459,0.783397,0.832012,0.811835,0.793469,0.973771,0.906448,0.830861,0.813399,0.85813,0.873711,0.758802,0.880024,0.855658,0.894807,0.904938,0.824171,0.763289,0.848375,0.739802,0.795455,0.976526,0.843994,0.893447,0.81974,0.782889,0.843024,0.795948,0.78086,0.776759,0.920021,0.824622,0.81455,0.798689,0.830274,1.0,0.973062,0.823551,0.805871,0.947418,0.845596,0.894176,0.860084,0.815141,0.843154,0.834908,0.83341,0.799328,0.896728,0.890696,0.808734,0.936759,0.892407,0.922595,0.846826,0.850116,0.900227,0.845898,0.84065,0.790204,0.845672,0.899574,0.801471,0.790247,0.829779,0.917299,0.786474,0.808663,0.836025,0.839417,0.806891,0.824614,0.898043,0.872081,0.775549,0.818343
0.891742,0.786705,0.870167,0.776847,0.788813,0.841618,0.911085,0.781029,0.775688,0.909561,0.994217,0.901865,0.761042,0.857344,0.820321,0.786604,0.81661,0.817718,0.780886,0.792818,0.807904,0.799021,0.80314,0.83298,0.845817,0.786283,0.783361,0.833029,0.805223,0.960403,0.837065,0.838905,0.86043,0.857942,0.812381,0.778982,0.881848,0.888295,0.95431,0.844542,0.811301,0.796865,0.876267,0.766686,0.75976,0.946577,0.799165,0.840494,0.841616,0.781287,0.921936,0.839636,0.815461,0.807894,0.90341,0.895739,0.82801,0.782008,0.883834,0.973062,1.0,0.865108,0.770616,0.88748,0.809558,0.833214,0.809885,0.802042,0.842504,0.839604,0.7864366,0.776325,0.834167,0.911006,0.847457,0.954167,0.892315,0.862432,0.857225,0.778868,0.855187,0.839973,0.80202,0.779598,0.795192,0.839508,0.835142,0.814432,0.817771,0.881363,0.786473,0.787369,0.777235,0.810244,0.763007,0.841454,0.854567,0.811154,0.753199,0.818467
0.984395,0.894486,0.975492,0.900204,0.926845,0.98264,0.845635,0.927319,0.894601,0.864956,0.873591,0.84702,0.905648,0.842285,0.860443,0.937392,0.980459,0.912486,0.940541,0.900443,0.912963,0.909817,0.895478,0.916432,0.792792,0.858225,0.847743,0.883552,0.923181,0.851069,0.80051,0.876383,0.977465,0.921288,0.888722,0.911631,0.912964,0.812551,0.873017,0.84482,0.900999,0.868287,0.948384,0.904925,0.90094,0.857794,0.807747,0.814525,0.976303,0.914835,0.944957,0.967204,0.941496,0.942007,0.882202,0.962194,0.903585,0.915573,0.994661,0.823551,0.865108,1.0,0.932489,0.841196,0.914088,0.897411,0.828114,0.921569,0.917318,0.910794,0.887279,0.920758,0.892191,0.926418,0.98611,0.895617,0.923793,0.854637,0.887422,0.804643,0.892592,0.905439,0.904988,0.923502,0.888758,0.894095,0.95302,0.89938,0.908216,0.820816,0.912555,0.914606,0.866251,0.84778,0.822645,0.896866,0.805773,0.867949,0.878497,0.904074
0.89466,0.917247,0.897865,0.92341,0.953837,0.933568,0.845132,0.962703,0.942448,0.846216,0.777135,0.863783,0.957648,0.877325,0.90213,0.950296,0.969562,0.920361,0.982272,0.923947,0.93504,0.947536,0.928711,0.914925,0.836505,0.873177,0.920038,0.849808,0.947999,0.7822,0.820168,0.835663,0.911793,0.892465,0.930702,0.938248,0.869802,0.714522,0.74777,0.908622,0.898011,0.87168,0.874227,0.874554,0.965294,0.826051,0.898932,0.865305,0.925713,0.954402,0.826863,0.922342,0.928611,0.938022,0.847999,0.868571,0.908955,0.96319,0.913539,0.805871,0.770616,0.932489,1.0,0.862897,0.933589,0.92012,0.885115,0.952364,0.899328,0.89179,0.899573,0.974875,0.917743,0.88293,0.939084,0.822252,0.876165,0.883017,0.885636,0.849729,0.89084,0.883519,0.914857,0.96978,0.902097,0.916268,0.932284,0.909138,0.908497,0.832624,0.948601,0.95775,0.922672,0.829418,0.83441,0.863635,0.84403,0.885955,0.9209,0.899512
0.833284,0.837142,0.835856,0.822576,0.839147,0.843965,0.987514,0.844971,0.890711,0.977349,0.874638,0.995164,0.863486,0.98714,0.941279,0.824958,0.843205,0.886665,0.854584,0.889755,0.91671,0.917567,0.930652,0.91758,0.919087,0.845263,0.906995,0.845178,0.862281,0.936999,0.949326,0.87564,0.842395,0.904441,0.941171,0.827231,0.92337,0.7949,0.844199,0.981375,0.887329,0.829935,0.884445,0.763224,0.865387,0.958297,0.925453,0.941302,0.845393,0.855172,0.834697,0.830155,0.828459,0.82795,0.871033,0.817402,0.883983,0.870816,0.842799,0.947418,0.88748,0.841196,0.862897,1.0,0.913517,0.939197,0.928977,0.889009,0.893991,0.893862,0.897209,0.872787,0.944518,0.909787,0.836454,0.891306,0.91535,0.949077,0.895663,0.897493,0.904982,0.888837,0.907251,0.860291,0.906626,0.942036,0.841786,0.858947,0.891595,0.881599,0.861259,0.884599,0.911508,0.895505,0.839779,0.858662,0.937818,0.92052,0.848035,0.882291
0.911468,0.960711,0.911401,0.948432,0.95746,0.930509,0.889707,0.961264,0.98988,0.908603,0.806299,0.915205,0.956908,0.940274,0.950489,0.939355,0.932501,0.990912,0.95796,0.994399,0.99944,0.995785,0.995301,0.977707,0.882501,0.852761,0.965877,0.8082064,0.970799,0.851145,0.906741,0.944935,0.915826,0.98486,0.989694,0.952311,0.965386,0.789825,0.804698,0.944539,0.990554,0.950153,0.869133,0.835341,0.958713,0.873948,0.909631,0.919291,0.928622,0.973132,0.872835,0.917389,0.922496,0.930514,0.919051,0.904791,0.96029,0.979251,0.917772,0.845596,0.809558,0.914088,0.933589,0.913517,1.0,0.975924,0.952354,0.991735,0.988695,0.986484,0.988626,0.976991,0.981806,0.84411,0.923375,0.909721,0.964578,0.949371,0.846832,0.896564,0.946314,0.981779,0.993419,0.97239,0.985227,0.980108,0.917857,0.962588,0.993152,0.865225,0.978236,0.990444,0.980666,0.895918,0.877461,0.8114282,0.897538,0.970126,0.967014,0.989231
0.882123,0.896923,0.875811,0.884353,0.900898,0.91038,0.928886,0.909302,0.952301,0.911207,0.832515,0.941951,0.941197,0.963289,0.98929,0.890632,0.907958,0.945082,0.918622,0.95788,0.981484,0.981963,0.983192,0.979798,0.930793,0.828471,0.947085,0.832788,0.912734,0.867751,0.920446,0.923909,0.879853,0.959304,0.987787,0.891954,0.928445,0.806807,0.781762,0.950497,0.958701,0.889693,0.832275,0.795385,0.920375,0.905071,0.918439,0.952417,0.909743,0.919092,0.835702,0.877454,0.867217,0.875967,0.943554,0.878685,0.894923,0.930586,0.893901,0.894176,0.833214,0.897411,0.92012,0.939197,0.975924,1.0,0.946466,0.953358,0.962674,0.949234,0.962517,0.934889,0.996889,0.867489,0.893332,0.907082,0.945073,0.98293,0.820712,0.898642,0.982831,0.96333,0.973707,0.924666,0.970434,0.995922,0.865737,0.898656,0.962321,0.927903,0.923871,0.951582,0.955788,0.917637,0.92767,0.841429,0.937507,0.973085,0.914175,0.952539
0.842363,0.92503,0.853235,0.917753,0.90532,0.880687,0.909212,0.912401,0.963125,0.912849,0.803582,0.925854,0.885782,0.950696,0.950236,0.898661,0.86516,0.934214,0.896734,0.960004,0.954675,0.951408,0.971995,0.930274,0.953261,0.901994,0.98897,0.902499,0.903094,0.833442,0.937092,0.920397,0.853712,0.919625,0.974235,0.91586,0.889623,0.816249,0.769423,0.947442,0.957229,0.923208,0.819069,0.776099,0.945821,0.882438,0.969519,0.972678,0.886709,0.926881,0.822141,0.862291,0.870844,0.878494,0.88003,0.857455,0.89568,0.93056,0.840757,0.860084,0.809885,0.828114,0.885115,0.928977,0.952354,0.946466,1.0,0.92664,0.933074,0.933382,0.973018,0.926631,0.963255,0.872426,0.851274,0.824843,0.880699,0.964988,0.849438,0.914446,0.910302,0.944215,0.966511,0.92103,0.97637,0.960598,0.849118,0.911606,0.952238,0.889628,0.929232,0.937052,0.984829,0.87105,0.85304,0.890471,0.969544,0.983826,0.956272,0.949256
0.911486,0.973386,0.91378,0.963686,0.976313,0.926193,0.868359,0.978167,0.988026,0.903745,0.803774,0.888542,0.975937,0.908094,0.924464,0.955001,0.946236,0.992976,0.97866,0.988835,0.989958,0.99039,0.979039,0.960209,0.845305,0.887128,0.953269,0.813063,0.989626,0.840528,0.86427,0.931084,0.921079,0.976091,0.971443,0.96814,0.963212,0.779039,0.800308,0.92824,0.978247,0.956089,0.882674,0.856714,0.966722,0.861016,0.896979,0.885223,0.920411,0.98619,0.870866,0.927095,0.942171,0.950088,0.889558,0.895314,0.976977,0.990173,0.919158,0.815141,0.802042,0.921569,0.952364,0.889009,0.991735,0.953358,0.92664,1.0,0.97912,0.979428,0.972142,0.990174,0.956725,0.843529,0.932824,0.896716,0.958258,0.91311,0.871496,0.8623487,0.922712,0.964004,0.979518,0.987471,0.965635,0.954617,0.941866,0.977011,0.983269,0.830414,0.989983,0.997872,0.967862,0.886786,0.858375,0.82483,0.861168,0.940801,0.970162,0.981019
0.927705,0.96012,0.929212,0.944199,0.949201,0.930888,0.882043,0.948222,0.973816,0.926118,0.839651,0.897355,0.935809,0.91428,0.932253,0.933089,0.925147,0.990123,0.936896,0.987703,0.987163,0.976945,0.9778,0.970742,0.868902,0.857605,0.944833,0.823112,0.964216,0.877269,0.888029,0.967178,0.928642,0.997299,0.969381,0.94705,0.986205,0.827197,0.841059,0.909625,0.993982,0.967944,0.886775,0.838863,0.936784,0.892935,0.872087,0.899367,0.928402,0.960973,0.900979,0.928695,0.926721,0.930508,0.926975,0.917806,0.964688,0.961926,0.925093,0.843154,0.842504,0.917318,0.899328,0.893991,0.988695,0.962674,0.933074,0.97912,1.0,0.996295,0.984719,0.954486,0.968732,0.841855,0.93125,0.943773,0.986605,0.938865,0.860777,0.877633,0.945363,0.996248,0.988007,0.955225,0.983128,0.969539,0.926099,0.970638,0.996967,0.856409,0.967262,0.974523,0.95913,0.901879,0.87473,0.823688,0.879462,0.966471,0.957458,0.9961
0.925061,0.972135,0.932213,0.958089,0.956179,0.926741,0.882463,0.95344,0.975365,0.930648,0.833695,0.894002,0.930772,0.908091,0.919902,0.939915,0.922235,0.994736,0.938484,0.989633,0.983506,0.972134,0.974729,0.959735,0.855771,0.870458,0.944348,0.829919,0.970689,0.883328,0.882256,0.97415,0.933032,0.99682,0.963191,0.956348,0.990019,0.82152,0.854735,0.907602,0.996012,0.974312,0.900139,0.838008,0.936725,0.890197,0.87115,0.89179,0.924225,0.965848,0.908811,0.933242,0.937381,0.940241,0.912835,0.91667,0.977665,0.963942,0.921972,0.834908,0.839604,0.910794,0.89179,0.893862,0.986484,0.949234,0.933382,0.979428,0.996295,1.0,0.987602,0.955898,0.957394,0.843181,0.92923,0.937334,0.982831,0.926127,0.871542,0.876789,0.92757,0.991846,0.985699,0.957451,0.978082,0.956082,0.933397,0.978876,0.994528,0.838521,0.973319,0.975414,0.962679,0.895216,0.859424,0.830805,0.874414,0.959869,0.96681,0.997116
0.903513,0.967965,0.912502,0.95718,0.95055,0.923556,0.873869,0.952477,0.987406,0.8838731,0.7772199,0.902015,0.923548,0.930646,0.945406,0.939213,0.912644,0.985156,0.935553,0.994731,0.987974,0.978675,0.990406,0.95906,0.90272,0.856477,0.978158,0.84724,0.956604,0.833459,0.911119,0.963175,0.913529,0.979379,0.983371,0.955252,0.957963,0.807239,0.818326,0.929257,0.997171,0.965179,0.862637,0.817163,0.95441,0.8514559,0.919074,0.936633,0.925165,0.965454,0.882315,0.917754,0.923329,0.929046,0.915885,0.907057,0.95484,0.965405,0.901174,0.83341,0.7864366,0.887279,0.899573,0.897209,0.988626,0.962517,0.973018,0.972142,0.984719,0.987602,1.0,0.959328,0.975157,0.831632,0.911051,0.900153,0.950956,0.95583,0.827823,0.901979,0.93349,0.987007,0.99187,0.957866,0.990904,0.972135,0.909563,0.962412,0.992205,0.867858,0.97104,0.975772,0.989888,0.8754,0.869462,0.834663,0.922107,0.983522,0.979981,0.992968
0.909342,0.976397,0.918227,0.975206,0.989646,0.937814,0.843803,0.993682,0.988781,0.872983,0.77405,0.872468,0.965829,0.898624,0.909909,0.977405,0.964784,0.978186,0.993944,0.979387,0.974785,0.977926,0.968609,0.937427,0.837321,0.887378,0.960148,0.8240165,0.990243,0.803092,0.859071,0.900201,0.929124,0.947602,0.962171,0.982659,0.930785,0.7488,0.782281,0.925865,0.960722,0.945694,0.884739,0.872722,0.988753,0.828944,0.904977,0.878918,0.932201,0.995156,0.861501,0.94226,0.959953,0.968429,0.873272,0.893242,0.967995,0.998086,0.917146,0.799328,0.776325,0.920758,0.974875,0.872787,0.976991,0.934889,0.926631,0.990174,0.954486,0.955898,0.959328,1.0,0.942016,0.847508,0.944503,0.862754,0.923234,0.902951,0.886025,0.856126,0.900111,0.940504,0.962511,0.998732,0.951128,0.939448,0.956178,0.970421,0.965463,0.82053,0.994096,0.994855,0.969842,0.85391,0.832189,0.828567,0.853773,0.92815,0.977654,0.962804
0.886649,0.911623,0.882667,0.899158,0.911155,0.916477,0.928505,0.919438,0.964978,0.919381,0.830031,0.948663,0.931079,0.969631,0.985916,0.901619,0.908098,0.953527,0.920957,0.969276,0.986009,0.983747,0.990918,0.979315,0.937186,0.834402,0.963523,0.845632,0.920265,0.861092,0.934853,0.927139,0.885345,0.962554,0.994636,0.90621,0.932281,0.7927367,0.784885,0.959084,0.96979,0.906679,0.832614,0.801206,0.933865,0.908733,0.929962,0.961414,0.917872,0.930856,0.843034,0.885119,0.876803,0.885328,0.942266,0.88709,0.904148,0.941235,0.894224,0.896728,0.834167,0.892191,0.917743,0.944518,0.981806,0.996889,0.963255,0.956725,0.968732,0.957394,0.975157,0.942016,1.0,0.871438,0.896452,0.903326,0.943882,0.988602,0.830424,0.908195,0.973407,0.971345,0.980431,0.933504,0.98058,0.999244,0.871508,0.910756,0.972209,0.922653,0.93495,0.957848,0.970701,0.904228,0.910473,0.846721,0.944831,0.983181,0.931798,0.963565
0.92299,0.826253,0.92277,0.829369,0.848747,0.906494,0.914695,0.846943,0.835901,0.916409,0.905359,0.911632,0.840008,0.886833,0.870915,0.857422,0.902052,0.838743,0.865492,0.82799,0.848589,0.853556,0.857121,0.838539,0.870381,0.884595,0.862296,0.938973,0.851498,0.882648,0.834931,0.841638,0.922318,0.855104,0.869731,0.832452,0.879959,0.802886,0.902755,0.901059,0.8215575,0.815265,0.954039,0.831465,0.857929,0.902692,0.879043,0.885488,0.905412,0.833854,0.925624,0.905777,0.88432,0.876552,0.820736,0.892114,0.863334,0.838188,0.925586,0.890696,0.911006,0.926418,0.88293,0.909787,0.84411,0.867489,0.872426,0.843529,0.841855,0.843181,0.831632,0.847508,0.871438,1.0,0.913627,0.857815,0.873536,0.876854,0.936543,0.7798435,0.842518,0.827181,0.837354,0.84483,0.84004,0.868463,0.906898,0.845573,0.829729,0.834677,0.832221,0.839596,0.852903,0.826868,0.793975,0.960739,0.895578,0.855852,0.818514,0.825761
0.985635,0.936475,0.991182,0.945183,0.963229,0.990852,0.832264,0.962047,0.92141,0.872503,0.846545,0.842275,0.901474,0.844196,0.858489,0.975868,0.992405,0.932364,0.961585,0.923495,0.920531,0.913449,0.906955,0.90719,0.788478,0.879295,0.878831,0.887599,0.950619,0.840955,0.813311,0.894511,0.994219,0.931981,0.897519,0.955091,0.925006,0.796597,0.874459,0.850358,0.922839,0.909768,0.95951,0.907359,0.936446,0.85038,0.812432,0.819499,0.985255,0.948616,0.950874,0.993975,0.979217,0.978846,0.879124,0.962661,0.934008,0.943352,0.987143,0.808734,0.847457,0.98611,0.939084,0.836454,0.923375,0.893332,0.851274,0.932824,0.93125,0.92923,0.911051,0.944503,0.896452,0.913627,1.0,0.896923,0.927166,0.863181,0.920163,0.806951,0.881497,0.923451,0.915255,0.952222,0.904848,0.897403,0.984274,0.934185,0.926307,0.802713,0.94414,0.933347,0.893979,0.835238,0.803446,0.893319,0.7978617,0.884739,0.920912,0.92625
0.908781,0.874666,0.902192,0.861383,0.870994,0.887249,0.916749,0.865741,0.873116,0.929507,0.954441,0.904951,0.847599,0.871694,0.867329,0.863925,0.877795,0.914403,0.858829,0.898158,0.906955,0.890055,0.890464,0.928739,0.843878,0.812553,0.826275,0.813925,0.888015,0.964454,0.850946,0.931011,0.900044,0.954001,0.881089,0.864088,0.956567,0.896316,0.909362,0.848728,0.919962,0.884463,0.883453,0.812709,0.834287,0.954214,0.793979,0.840827,0.883108,0.871775,0.906045,0.89095,0.876404,0.874475,0.958195,0.904261,0.899751,0.871239,0.90579,0.936759,0.954167,0.895617,0.822252,0.891306,0.909721,0.907082,0.824843,0.896716,0.943773,0.937334,0.900153,0.862754,0.903326,0.857815,0.896923,1.0,0.973673,0.891767,0.848656,0.823552,0.931916,0.946243,0.910094,0.866674,0.901396,0.90904,0.885993,0.894545,0.922905,0.87558,0.87895,0.883022,0.850483,0.877447,0.8376738,0.821073,0.860545,0.89083,0.855392,0.922663
0.926256,0.930127,0.925233,0.913546,0.922845,0.915304,0.923978,0.918646,0.934068,0.955616,0.895348,0.923031,0.917727,0.902904,0.908278,0.906652,0.915323,0.969902,0.913655,0.95513,0.962076,0.950416,0.944984,0.964856,0.862518,0.8642,0.889064,0.842512,0.945027,0.930102,0.868827,0.960677,0.92612,0.992828,0.9356,0.915374,0.993595,0.853816,0.862125,0.896514,0.968472,0.938155,0.905194,0.847088,0.89118,0.945208,0.850324,0.875623,0.909057,0.929053,0.905602,0.920327,0.913282,0.914114,0.926525,0.907323,0.953206,0.930167,0.926941,0.892407,0.892315,0.923793,0.876165,0.91535,0.964578,0.945073,0.880699,0.958258,0.986605,0.982831,0.950956,0.923234,0.943882,0.873536,0.927166,0.973673,1.0,0.913654,0.87456,0.854041,0.939871,0.979999,0.961199,0.924528,0.949355,0.946613,0.921699,0.949527,0.972516,0.851036,0.937353,0.945377,0.911198,0.912096,0.862193,0.85023,0.886565,0.930173,0.914237,0.972242
0.85778,0.877697,0.855641,0.867846,0.873828,0.892003,0.938555,0.88312,0.935918,0.922894,0.855313,0.953578,0.882564,0.972021,0.984811,0.872605,0.873573,0.915449,0.880436,0.93956,0.954915,0.95125,0.968922,0.958155,0.968921,0.844603,0.953549,0.871248,0.875932,0.87883,0.951674,0.909889,0.856464,0.931313,0.976963,0.874043,0.89958,0.829717,0.785501,0.947985,0.944938,0.87657,0.810525,0.785997,0.909193,0.924837,0.938295,0.980614,0.896922,0.894053,0.823029,0.857358,0.845596,0.85314,0.946745,0.868214,0.861693,0.903433,0.861277,0.922595,0.862432,0.854637,0.883017,0.949077,0.949371,0.98293,0.964988,0.91311,0.938865,0.926127,0.95583,0.902951,0.988602,0.876854,0.863181,0.891767,0.913654,1.0,0.832154,0.920937,0.964877,0.951756,0.955695,0.894687,0.963948,0.988824,0.836137,0.871708,0.943909,0.954505,0.896786,0.917419,0.954429,0.896607,0.907472,0.866675,0.968337,0.980057,0.906618,0.935057
0.900885,0.905684,0.924606,0.909827,0.916186,0.88841,0.87762,0.907161,0.85888,0.921841,0.839337,0.886837,0.842444,0.870631,0.822543,0.916444,0.909206,0.878727,0.901211,0.854117,0.841481,0.843242,0.836537,0.815884,0.825526,0.906006,0.854912,0.90725,0.91222,0.851968,0.834681,0.852464,0.929042,0.866004,0.841612,0.912456,0.897825,0.750361,0.878992,0.896611,0.848216,0.89304,0.960071,0.864283,0.88843,0.874947,0.876921,0.841428,0.880217,0.89775,0.904389,0.934657,0.943479,0.936055,0.774127,0.864386,0.928067,0.889521,0.890953,0.846826,0.857225,0.887422,0.885636,0.895663,0.846832,0.820712,0.849438,0.871496,0.860777,0.871542,0.827823,0.886025,0.830424,0.936543,0.920163,0.848656,0.87456,0.832154,1.0,0.788553,0.788626,0.846982,0.836165,0.895679,0.827405,0.831475,0.955456,0.919275,0.855425,0.763776,0.894384,0.870561,0.837583,0.806894,0.734228,0.90946,0.845334,0.8129,0.865306,0.861716
0.802515,0.838522,0.801827,0.8289,0.831974,0.833725,0.852797,0.840272,0.89071,0.869964,0.769592,0.899482,0.842262,0.933872,0.924213,0.824977,0.812956,0.872295,0.8248171,0.890893,0.893548,0.8837017,0.910429,0.8901098,0.926933,0.801785,0.901169,0.81615,0.838741,0.800545,0.976312,0.83226,0.806399,0.87162,0.910431,0.834427,0.856838,0.739684,0.732567,0.906632,0.892257,0.826435,0.767295,0.764377,0.85988,0.858685,0.92633,0.928351,0.841138,0.855939,0.771233,0.805638,0.802666,0.809949,0.851196,0.813528,0.834087,0.867188,0.808623,0.850116,0.778868,0.804643,0.849729,0.897493,0.896564,0.898642,0.914446,0.8623487,0.877633,0.876789,0.901979,0.856126,0.908195,0.7798435,0.806951,0.823552,0.854041,0.920937,0.788553,1.0,0.86692,0.885019,0.89443,0.850549,0.900179,0.907426,0.789811,0.832981,0.890089,0.904352,0.85902,0.865742,0.908381,0.852183,0.830921,0.79369,0.8977,0.908067,0.865422,0.883326
0.876076,0.865398,0.866529,0.854593,0.872154,0.896163,0.914523,0.879268,0.914352,0.875553,0.858683,0.90893,0.916918,0.931192,0.964777,0.867407,0.893519,0.915851,0.890575,0.925162,0.952661,0.949447,0.949878,0.968951,0.904496,0.781511,0.90401,0.800128,0.881957,0.886384,0.896324,0.92449,0.86881,0.944564,0.95234,0.862601,0.911056,0.841194,0.798083,0.901147,0.933207,0.863261,0.824407,0.787014,0.886983,0.892026,0.864874,0.91359,0.894764,0.885439,0.835176,0.86441,0.848731,0.855632,0.968228,0.876255,0.864877,0.894918,0.887954,0.900227,0.855187,0.892592,0.89084,0.904982,0.946314,0.982831,0.910302,0.922712,0.945363,0.92757,0.93349,0.900111,0.973407,0.842518,0.881497,0.931916,0.939871,0.964877,0.788626,0.86692,1.0,0.952548,0.953771,0.891754,0.951426,0.975141,0.849024,0.870677,0.93826,0.942757,0.88998,0.918137,0.914328,0.90268,0.939446,0.810882,0.909899,0.957538,0.877917,0.927914
0.922574,0.95154,0.926269,0.936969,0.937437,0.92902,0.876186,0.93689,0.967352,0.911393,0.833917,0.892684,0.914392,0.918185,0.935913,0.927228,0.916083,0.980169,0.921788,0.982609,0.980803,0.967698,0.976018,0.968816,0.88773,0.839192,0.94733,0.826476,0.947871,0.877257,0.902151,0.97464,0.924569,0.992626,0.96789,0.938955,0.977471,0.839762,0.844318,0.90142,0.993335,0.962849,0.880152,0.827616,0.93165,0.882116,0.873397,0.912079,0.928504,0.949547,0.900696,0.925148,0.919703,0.922753,0.940124,0.919606,0.949881,0.949289,0.917428,0.845898,0.839973,0.905439,0.883519,0.888837,0.981779,0.96333,0.944215,0.964004,0.996248,0.991846,0.987007,0.940504,0.971345,0.827181,0.923451,0.946243,0.979999,0.951756,0.846982,0.885019,0.952548,1.0,0.988597,0.941818,0.988672,0.972621,0.915025,0.959071,0.994057,0.87482,0.955455,0.961186,0.959611,0.897591,0.880159,0.816259,0.899038,0.979205,0.954025,0.993224
0.908008,0.956234,0.911251,0.944381,0.946687,0.927078,0.888558,0.949688,0.983238,0.893893,0.797022,0.904988,0.942028,0.939328,0.951077,0.932715,0.922655,0.984377,0.94314,0.990545,0.993435,0.987442,0.992206,0.97628,0.900088,0.839786,0.968483,0.829487,0.957373,0.852581,0.913964,0.964404,0.91396,0.983288,0.985677,0.945897,0.961409,0.805605,0.810641,0.93009,0.991958,0.953435,0.872033,0.823729,0.954264,0.85976,0.911153,0.927775,0.926186,0.962451,0.87673,0.915044,0.917062,0.923823,0.923414,0.906686,0.951346,0.966121,0.911596,0.84065,0.80202,0.904988,0.914857,0.907251,0.993419,0.973707,0.966511,0.979518,0.988007,0.985699,0.99187,0.962511,0.980431,0.837354,0.915255,0.910094,0.961199,0.955695,0.836165,0.89443,0.953771,0.988597,1.0,0.958786,0.996575,0.979318,0.908917,0.958256,0.993194,0.87848,0.967921,0.978321,0.979951,0.896658,0.883081,0.8210134,0.916354,0.986631,0.965543,0.989821
0.917456,0.982815,0.928556,0.982263,0.994996,0.942622,0.831567,0.997556,0.987322,0.871534,0.776459,0.860707,0.958416,0.886316,0.89787,0.984493,0.968222,0.978953,0.993868,0.978634,0.969267,0.970459,0.961948,0.929991,0.827238,0.892042,0.956835,0.8265436,0.993531,0.80207,0.851128,0.902601,0.938353,0.947829,0.953996,0.989643,0.93388,0.752992,0.793432,0.913906,0.961055,0.954833,0.89418,0.880281,0.989924,0.824426,0.894342,0.868621,0.936926,0.998129,0.872902,0.952591,0.969936,0.977107,0.870222,0.900203,0.973499,0.998651,0.921826,0.790204,0.779598,0.923502,0.96978,0.860291,0.97239,0.924666,0.92103,0.987471,0.955225,0.957451,0.957866,0.998732,0.933504,0.84483,0.952222,0.866674,0.924528,0.894687,0.895679,0.850549,0.891754,0.941818,0.958786,1.0,0.948601,0.931527,0.966336,0.977453,0.965688,0.810164,0.996443,0.992726,0.965857,0.846285,0.821691,0.8281338,0.843104,0.924004,0.981186,0.964506
0.900482,0.948978,0.904201,0.936457,0.936371,0.921698,0.88736,0.940033,0.97938,0.886907,0.78608,0.905109,0.923873,0.941783,0.952382,0.925336,0.910006,0.974152,0.928495,0.986046,0.985854,0.978298,0.988776,0.967417,0.91572,0.8309749,0.975288,0.846917,0.943105,0.834246,0.924264,0.960783,0.904048,0.973936,0.984178,0.939322,0.949302,0.808062,0.803302,0.92835,0.988794,0.954853,0.855724,0.811352,0.953515,0.858565,0.916108,0.938176,0.923173,0.953956,0.870277,0.907233,0.906709,0.913086,0.923762,0.903643,0.936895,0.957026,0.899061,0.845672,0.795192,0.888758,0.902097,0.906626,0.985227,0.970434,0.97637,0.965635,0.983128,0.978082,0.990904,0.951128,0.98058,0.84004,0.904848,0.901396,0.949355,0.963948,0.827405,0.900179,0.951426,0.988672,0.996575,0.948601,1.0,0.980513,0.896259,0.950516,0.990641,0.88459,0.958135,0.967357,0.980331,0.884574,0.883108,0.834732,0.930338,0.994594,0.963549,0.986741
0.888818,0.907885,0.882939,0.89483,0.908754,0.917119,0.926317,0.917031,0.962307,0.919562,0.836388,0.946907,0.926688,0.967385,0.982659,0.899231,0.907798,0.951361,0.918194,0.96688,0.984008,0.98101,0.988206,0.982381,0.937091,0.828858,0.96005,0.843572,0.918227,0.862604,0.935532,0.923661,0.884917,0.962395,0.992183,0.903479,0.933026,0.7997763,0.786066,0.954119,0.96814,0.905549,0.831528,0.80654,0.932215,0.911641,0.925487,0.958714,0.918479,0.928789,0.843378,0.884683,0.874662,0.883056,0.946551,0.888598,0.9013,0.939724,0.895671,0.899574,0.839508,0.894095,0.916268,0.942036,0.980108,0.995922,0.960598,0.954617,0.969539,0.956082,0.972135,0.939448,0.999244,0.868463,0.897403,0.90904,0.946613,0.988824,0.831475,0.907426,0.975141,0.972621,0.979318,0.931527,0.980513,1.0,0.870889,0.909359,0.972351,0.925953,0.932333,0.954977,0.966186,0.904636,0.905588,0.841794,0.941631,0.982846,0.927761,0.96282
0.956904,0.966936,0.976212,0.974702,0.983632,0.960617,0.837928,0.978443,0.930848,0.888719,0.829413,0.842031,0.908521,0.83126,0.834621,0.987643,0.980106,0.944757,0.9715,0.929365,0.912163,0.907282,0.897002,0.881154,0.777448,0.922048,0.885072,0.899557,0.974045,0.843923,0.79651,0.902459,0.983446,0.928237,0.883567,0.979184,0.932646,0.785979,0.867077,0.85408,0.922983,0.938299,0.966346,0.908002,0.947759,0.851836,0.828839,0.8021469,0.951926,0.967744,0.933543,0.991424,0.996595,0.995511,0.844918,0.9284,0.967637,0.957614,0.954454,0.801471,0.835142,0.95302,0.932284,0.841786,0.917857,0.865737,0.849118,0.941866,0.926099,0.933397,0.909563,0.956178,0.871508,0.906898,0.984274,0.885993,0.921699,0.836137,0.955456,0.789811,0.849024,0.915025,0.908917,0.966336,0.896259,0.870889,1.0,0.965115,0.924377,0.765437,0.964501,0.943491,0.898813,0.832478,0.780665,0.904183,0.810906,0.869436,0.943893,0.929655
0.916263,0.994314,0.931475,0.985941,0.984236,0.916287,0.843384,0.979019,0.974228,0.914541,0.806648,0.854079,0.933369,0.860814,0.870216,0.967341,0.932177,0.988375,0.960709,0.97867,0.957011,0.950096,0.944756,0.912198,0.8057098,0.909332,0.940174,0.848242,0.990906,0.838496,0.830852,0.942851,0.934545,0.966443,0.930955,0.985996,0.969106,0.788956,0.843255,0.884928,0.973189,0.990913,0.909981,0.862706,0.960167,0.854584,0.8597305,0.845346,0.91101,0.986094,0.900915,0.946306,0.967534,0.969776,0.855487,0.899661,0.995193,0.978797,0.908059,0.790247,0.814432,0.89938,0.909138,0.858947,0.962588,0.898656,0.911606,0.977011,0.970638,0.978876,0.962412,0.970421,0.910756,0.845573,0.934185,0.894545,0.949527,0.871708,0.919275,0.832981,0.870677,0.959071,0.958256,0.977453,0.950516,0.909359,0.965115,1.0,0.974975,0.776944,0.989021,0.977402,0.950305,0.858457,0.807454,0.845431,0.8376348,0.921069,0.980913,0.980749
0.92095,0.969026,0.923687,0.954574,0.957611,0.931061,0.868602,0.958219,0.986516,0.910001,0.812111,0.893877,0.937248,0.921393,0.935482,0.941186,0.924668,0.992991,0.944617,0.995555,0.991415,0.982501,0.986292,0.968075,0.878934,0.854664,0.96448,0.820482,0.969273,0.851578,0.899376,0.960723,0.923498,0.990724,0.97844,0.957683,0.976081,0.810266,0.826901,0.919993,0.997429,0.973359,0.876165,0.837861,0.954611,0.868157,0.893121,0.911308,0.930183,0.971768,0.892087,0.926453,0.929286,0.934612,0.91946,0.915378,0.966279,0.973173,0.91789,0.829779,0.817771,0.908216,0.908497,0.891595,0.993152,0.962321,0.952238,0.983269,0.996967,0.994528,0.992205,0.965463,0.972209,0.829729,0.926307,0.922905,0.972516,0.943909,0.855425,0.890089,0.93826,0.994057,0.993194,0.965688,0.990641,0.972351,0.924377,0.974975,1.0,0.855629,0.976782,0.982259,0.975523,0.890613,0.868114,0.809731,0.892011,0.974807,0.972243,0.998731
0.812377,0.782706,0.796338,0.778299,0.789238,0.836545,0.892964,0.799168,0.844115,0.841245,0.886911,0.884694,0.816036,0.906784,0.93605,0.794825,0.81621,0.824214,0.809353,0.847459,0.873065,0.874316,0.886553,0.912445,0.947749,0.785089,0.867042,0.833818,0.789214,0.876644,0.912789,0.841558,0.795837,0.853832,0.898637,0.785498,0.82052,0.858304,0.811209,0.859626,0.856644,0.773369,0.762756,0.756835,0.826999,0.887138,0.887068,0.934378,0.841489,0.804742,0.795278,0.790154,0.770195,0.777475,0.948755,0.84199,0.770067,0.815171,0.821664,0.917299,0.881363,0.820816,0.832624,0.881599,0.865225,0.927903,0.889628,0.830414,0.856409,0.838521,0.867858,0.82053,0.922653,0.834677,0.802713,0.87558,0.851036,0.954505,0.763776,0.904352,0.942757,0.87482,0.87848,0.810164,0.88459,0.925953,0.765437,0.776944,0.855629,1.0,0.80617,0.830013,0.866362,0.861998,0.878005,0.829505,0.924777,0.911602,0.812089,0.844119
0.916007,0.992942,0.928986,0.989435,0.994732,0.9347,0.832606,0.99498,0.991524,0.884189,0.780823,0.860228,0.951931,0.886967,0.897122,0.981366,0.954996,0.989966,0.984983,0.987919,0.974124,0.971778,0.966923,0.931745,0.829037,0.897958,0.960683,0.830981,0.996643,0.816746,0.856729,0.924873,0.937009,0.961609,0.956274,0.992747,0.951472,0.76785,0.811178,0.910761,0.975248,0.971591,0.896847,0.872504,0.983921,0.830171,0.892066,0.872106,0.929925,0.999203,0.883257,0.950139,0.970403,0.976512,0.872847,0.902609,0.98583,0.997282,0.916611,0.786474,0.786473,0.912555,0.948601,0.861259,0.978236,0.923871,0.929232,0.989983,0.967262,0.973319,0.97104,0.994096,0.93495,0.832221,0.94414,0.87895,0.937353,0.896786,0.894384,0.85902,0.88998,0.955455,0.967921,0.996443,0.958135,0.932333,0.964501,0.989021,0.976782,0.80617,1.0,0.993885,0.972349,0.855177,0.822956,0.826954,0.847571,0.933007,0.989694,0.978363
0.908149,0.978789,0.913351,0.971191,0.981883,0.928717,0.858532,0.984823,0.994049,0.891425,0.78592,0.885225,0.972203,0.909355,0.926341,0.963748,0.948471,0.991167,0.9822,0.991543,0.989036,0.989471,0.98145,0.95264,0.849902,0.879057,0.965663,0.8070163,0.989821,0.821184,0.867808,0.925317,0.920672,0.968761,0.97476,0.976048,0.952237,0.762856,0.79312,0.933057,0.978424,0.959629,0.876037,0.850488,0.978157,0.845203,0.906632,0.892178,0.924328,0.991547,0.866998,0.93026,0.947273,0.955484,0.886447,0.894942,0.974593,0.994698,0.914056,0.808663,0.787369,0.914606,0.95775,0.884599,0.990444,0.951582,0.937052,0.997872,0.974523,0.975414,0.975772,0.994855,0.957848,0.839596,0.933347,0.883022,0.945377,0.917419,0.870561,0.865742,0.918137,0.961186,0.978321,0.992726,0.967357,0.954977,0.943491,0.977402,0.982259,0.830013,0.993885,1.0,0.977347,0.869719,0.854454,0.8142396,0.86782,0.944819,0.979792,0.980367
0.876559,0.964047,0.886796,0.957726,0.953113,0.910837,0.881956,0.958805,0.992416,0.889938,0.768885,0.912704,0.927701,0.941665,0.949226,0.942072,0.908722,0.971463,0.945371,0.988449,0.980932,0.978353,0.98978,0.942764,0.912757,0.885639,0.994698,0.867877,0.953053,0.7957454,0.917526,0.92749,0.89101,0.949149,0.987152,0.957801,0.921953,0.774134,0.776075,0.953258,0.979914,0.949168,0.834145,0.812905,0.973207,0.855366,0.953655,0.94887,0.913582,0.969863,0.84711,0.901386,0.916493,0.925252,0.890243,0.883025,0.941094,0.972399,0.877354,0.836025,0.777235,0.866251,0.922672,0.911508,0.980666,0.955788,0.984829,0.967862,0.95913,0.962679,0.989888,0.969842,0.970701,0.852903,0.893979,0.850483,0.911198,0.954429,0.837583,0.908381,0.914328,0.959611,0.979951,0.965857,0.980331,0.966186,0.898813,0.950305,0.975523,0.866362,0.972349,0.977347,1.0,0.85122,0.856785,0.857801,0.931809,0.975097,0.98466,0.974332
0.833828,0.841974,0.833174,0.829574,0.837971,0.837002,0.879651,0.836107,0.862055,0.878698,0.805769,0.880137,0.894268,0.913059,0.918482,0.821614,0.843702,0.885067,0.855433,0.876667,0.898472,0.905694,0.892435,0.898707,0.897207,0.894107,0.846477,0.87788,0.860772,0.85536,0.881116,0.904848,0.838927,0.909471,0.89436,0.827414,0.904143,0.92266,0.7866186,0.882298,0.887659,0.847038,0.822143,0.820493,0.826401,0.86031,0.864803,0.895488,0.828549,0.84707,0.811969,0.830463,0.823821,0.827872,0.867293,0.818562,0.861452,0.851448,0.841435,0.839417,0.810244,0.84778,0.829418,0.895505,0.895918,0.917637,0.87105,0.886786,0.901879,0.895216,0.8754,0.85391,0.904228,0.826868,0.835238,0.877447,0.912096,0.896607,0.806894,0.852183,0.90268,0.897591,0.896658,0.846285,0.884574,0.904636,0.832478,0.858457,0.890613,0.861998,0.855177,0.869719,0.85122,1.0,0.899946,0.873856,0.915225,0.877069,0.835119,0.886538
0.795589,0.802782,0.793127,0.791086,0.804887,0.817859,0.840244,0.810388,0.850104,0.811476,0.7651729,0.832816,0.905382,0.876921,0.934866,0.798435,0.821836,0.849012,0.831156,0.860461,0.887904,0.89575,0.889376,0.90072,0.898869,0.79664,0.856084,0.779478,0.81395,0.796245,0.848482,0.881739,0.79631,0.874864,0.894923,0.795931,0.841619,0.797033,0.724112,0.848047,0.866838,0.804072,0.751117,0.876347,0.821187,0.8100569,0.831128,0.894374,0.815545,0.817111,0.761363,0.792372,0.780206,0.787667,0.874309,0.794607,0.801046,0.822969,0.805419,0.806891,0.763007,0.822645,0.83441,0.839779,0.877461,0.92767,0.85304,0.858375,0.87473,0.859424,0.869462,0.832189,0.910473,0.793975,0.803446,0.8376738,0.862193,0.907472,0.734228,0.830921,0.939446,0.880159,0.883081,0.821691,0.883108,0.905588,0.780665,0.807454,0.868114,0.878005,0.822956,0.854454,0.856785,0.899946,1.0,0.809001,0.888408,0.892605,0.814815,0.860251
0.889647,0.842017,0.903388,0.854987,0.851474,0.8723314,0.865018,0.8409859,0.825216,0.866566,0.839598,0.856441,0.839659,0.85147,0.862631,0.865208,0.885557,0.826384,0.85977,0.8136597,0.817521,0.829273,0.836714,0.804215,0.901377,0.951615,0.875645,0.989666,0.848172,0.834348,0.818819,0.853628,0.907569,0.837718,0.849432,0.848929,0.857935,0.839244,0.844319,0.854871,0.819671,0.82461,0.927099,0.894604,0.860033,0.852098,0.899588,0.903812,0.8640873,0.8268645,0.887531,0.899617,0.888584,0.883047,0.778023,0.856647,0.854906,0.8173208,0.890125,0.824614,0.841454,0.896866,0.863635,0.858662,0.8114282,0.841429,0.890471,0.82483,0.823688,0.830805,0.834663,0.828567,0.846721,0.960739,0.893319,0.821073,0.85023,0.866675,0.90946,0.79369,0.810882,0.816259,0.8210134,0.8281338,0.834732,0.841794,0.904183,0.845431,0.809731,0.829505,0.826954,0.8142396,0.857801,0.873856,0.809001,1.0,0.923455,0.860253,0.845126,0.818522
0.796067,0.846292,0.8071594,0.840094,0.823367,0.831493,0.940753,0.832539,0.894441,0.927108,0.854209,0.93696,0.851289,0.942722,0.956983,0.82619,0.815286,0.862995,0.831659,0.895027,0.905519,0.907577,0.928047,0.902865,0.990113,0.906537,0.942232,0.918726,0.8215493,0.889012,0.921715,0.901974,0.8074939,0.8702905,0.940005,0.83397,0.890602,0.857951,0.796768,0.925957,0.900702,0.852951,0.837469,0.795753,0.874424,0.922751,0.959867,0.990708,0.837566,0.844305,0.807375,0.8053059,0.804715,0.806608,0.872745,0.806113,0.844012,0.851209,0.8009369,0.898043,0.854567,0.805773,0.84403,0.937818,0.897538,0.937507,0.969544,0.861168,0.879462,0.874414,0.922107,0.853773,0.944831,0.895578,0.7978617,0.860545,0.886565,0.968337,0.845334,0.8977,0.909899,0.899038,0.916354,0.843104,0.930338,0.941631,0.810906,0.8376348,0.892011,0.924777,0.847571,0.86782,0.931809,0.915225,0.888408,0.923455,1.0,0.957306,0.882631,0.887078
0.881043,0.924684,0.886105,0.914036,0.910421,0.909351,0.908394,0.915908,0.963265,0.892881,0.80437,0.920429,0.900042,0.953015,0.963648,0.905873,0.891605,0.950922,0.904419,0.969875,0.972785,0.964906,0.982159,0.96104,0.944577,0.842247,0.972926,0.870614,0.91265,0.8346247,0.939313,0.954514,0.885616,0.956965,0.981156,0.915843,0.92576,0.825156,0.790685,0.931083,0.976014,0.93114,0.833154,0.790723,0.938133,0.88003,0.92749,0.959771,0.912978,0.929147,0.853635,0.888803,0.883868,0.890124,0.931361,0.891202,0.90559,0.932827,0.879786,0.872081,0.811154,0.867949,0.885955,0.92052,0.970126,0.973085,0.983826,0.940801,0.966471,0.959869,0.983522,0.92815,0.983181,0.855852,0.884739,0.89083,0.930173,0.980057,0.8129,0.908067,0.957538,0.979205,0.986631,0.924004,0.994594,0.982846,0.869436,0.921069,0.974807,0.911602,0.933007,0.944819,0.975097,0.877069,0.892605,0.860253,0.957306,1.0,0.947411,0.970009
0.896174,0.993165,0.915463,0.990766,0.982402,0.919849,0.817892,0.982636,0.989962,0.8521401,0.745509,0.851722,0.923041,0.882068,0.897355,0.973806,0.928883,0.97942,0.961725,0.986435,0.963681,0.957977,0.964547,0.914213,0.858523,0.898259,0.978424,0.862646,0.977714,0.786515,0.863043,0.931296,0.920392,0.94844,0.954603,0.989391,0.933302,0.778412,0.806313,0.903722,0.97702,0.978173,0.873666,0.844544,0.981626,0.8017884,0.914755,0.897968,0.919068,0.988834,0.875719,0.936746,0.959169,0.964559,0.864629,0.893923,0.971434,0.983183,0.890471,0.775549,0.753199,0.878497,0.9209,0.848035,0.967014,0.914175,0.956272,0.970162,0.957458,0.96681,0.979981,0.977654,0.931798,0.818514,0.920912,0.855392,0.914237,0.906618,0.865306,0.865422,0.877917,0.954025,0.965543,0.981186,0.963549,0.927761,0.943893,0.980913,0.972243,0.812089,0.989694,0.979792,0.98466,0.835119,0.814815,0.845126,0.882631,0.947411,1.0,0.976726
0.921237,0.975997,0.927455,0.962056,0.960557,0.928243,0.860697,0.959471,0.984974,0.912135,0.811732,0.884051,0.932158,0.910188,0.9262,0.944561,0.921713,0.994732,0.942361,0.995451,0.986834,0.976496,0.981114,0.958938,0.870627,0.864257,0.962041,0.828125,0.971579,0.854374,0.888859,0.966881,0.926941,0.991252,0.971463,0.962593,0.979578,0.813553,0.838094,0.911026,0.998647,0.980774,0.883238,0.83678,0.951727,0.866061,0.887756,0.904969,0.927285,0.972707,0.899643,0.930467,0.935834,0.940036,0.911934,0.915829,0.973148,0.971391,0.916012,0.818343,0.818467,0.904074,0.899512,0.882291,0.989231,0.952539,0.949256,0.981019,0.9961,0.997116,0.992968,0.962804,0.963565,0.825761,0.92625,0.922663,0.972242,0.935057,0.861716,0.883326,0.927914,0.993224,0.989821,0.964506,0.986741,0.96282,0.929655,0.980749,0.998731,0.844119,0.978363,0.980367,0.974332,0.886538,0.860251,0.818522,0.887078,0.970009,0.976726,1.0
