1,0.795798,0.827968,0.818196,0.732658,0.739958,0.683059,0.727147,0.752221,0.848904,0.87692,0.899274,0.870029,0.720962,0.78152,0.696395,0.800749,0.747626,0.775382,0.726658,0.745305,0.770686,0.819223,0.757099,0.949896,0.753798,0.872197,0.730223,0.756141,0.822422,0.684105,0.6641005,0.687089,0.733636,0.772077,0.673538,0.738205,0.705106,0.818144,0.782474,0.736307,0.890296,0.82897,0.790277,0.7778163,0.865881,0.754915,0.778303,0.767063,0.665236,0.862532,0.752678,0.6595987,0.745728,0.723285,0.764209,0.751655,0.758224,0.8765,0.927623,0.891836,0.84872,0.702798,0.746991,0.717292,0.726502,0.754718,0.823968,0.752905,0.649129,0.728347,0.856701,0.828344,0.673827,0.760349,0.923027,0.770296,0.732076,0.768809,0.803073,0.793253,0.729883,0.826282,0.792269,0.851291,0.841854,0.752294,0.915812,0.779279,0.726238,0.67327,0.819528,0.823001,0.9024,0.764151,0.793647,0.875659,0.865997,0.739629,0.832041
0.795798,1,0.832679,0.89956,0.866427,0.891211,0.80955,0.792107,0.821358,0.751708,0.742519,0.783316,0.744967,0.70105,0.766742,0.817234,0.732517,0.731072,0.685799,0.634443,0.6424823,0.669877,0.676281,0.651793,0.772038,0.715462,0.718077,0.603731,0.734022,0.713975,0.845001,0.775545,0.690683,0.772435,0.805466,0.72341,0.678373,0.757328,0.723889,0.911613,0.721063,0.792407,0.762194,0.910468,0.91696,0.718367,0.655236,0.665765,0.842683,0.701739,0.800558,0.944903,0.741498,0.809977,0.750659,0.853198,0.831874,0.708094,0.798371,0.787953,0.784064,0.793177,0.720458,0.64747,0.673688,0.746461,0.808993,0.714677,0.784003,0.738811,0.645504,0.788118,0.674556,0.727737,0.736167,0.817453,0.72823,0.725085,0.85214,0.805774,0.802884,0.6394469,0.796422,0.699507,0.723371,0.756501,0.744395,0.708491,0.775485,0.723411,0.733649,0.804906,0.877605,0.784912,0.747166,0.914937,0.702212,0.767181,0.791698,0.765583
0.827968,0.832679,1,0.902749,0.829287,0.865876,0.735313,0.741277,0.793419,0.737817,0.727442,0.800393,0.806264,0.800751,0.855786,0.769034,0.797604,0.729238,0.7652399,0.748491,0.835422,0.788037,0.725329,0.6410945,0.794976,0.758815,0.759604,0.661555,0.747889,0.715729,0.792164,0.666442,0.710338,0.759919,0.845434,0.720738,0.6335068,0.785074,0.765395,0.793062,0.797577,0.849543,0.83554,0.863884,0.8130021,0.738095,0.742128,0.627334,0.883619,0.642464,0.748924,0.803324,0.668755,0.733461,0.712335,0.896641,0.777129,0.675233,0.72491,0.792491,0.804493,0.887026,0.756941,0.70935,0.802821,0.798927,0.816161,0.724814,0.843687,0.710649,0.731072,0.802788,0.717413,0.672045,0.698794,0.85246,0.820905,0.727343,0.837416,0.797228,0.771705,0.6324283,0.804362,0.797445,0.843044,0.790657,0.736623,0.800782,0.7416927,0.789744,0.676733,0.793551,0.759519,0.814883,0.70617,0.873436,0.760541,0.774258,0.838157,0.774266
0.818196,0.89956,0.902749,1,0.93117,0.92069,0.784067,0.740332,0.820979,0.844959,0.71977,0.850651,0.812954,0.78169,0.833459,0.82388,0.826288,0.688845,0.763535,0.6704517,0.803726,0.730177,0.737007,0.71574,0.757641,0.674498,0.777553,0.709174,0.728452,0.805954,0.794775,0.776395,0.6187191,0.691003,0.8303416,0.651074,0.700676,0.820978,0.755033,0.807511,0.748667,0.783995,0.7721894,0.942207,0.877921,0.762272,0.744609,0.625959,0.934233,0.711422,0.797888,0.883611,0.704061,0.830106,0.753371,0.927477,0.728981,0.6908202,0.824118,0.851098,0.862604,0.872731,0.770424,0.677415,0.73731,0.834452,0.776655,0.754068,0.6913331,0.628595,0.6493929,0.791929,0.714255,0.696394,0.770764,0.879505,0.7482279,0.858172,0.915038,0.879455,0.7197349,0.611609,0.811531,0.664706,0.793511,0.810977,0.743164,0.796112,0.756397,0.69406,0.7331,0.778798,0.83252,0.79729,0.655502,0.951381,0.751206,0.857133,0.851836,0.787329
0.732658,0.866427,0.829287,0.93117,1,0.973548,0.830755,0.771517,0.942603,0.811489,0.6307983,0.806939,0.814672,0.666755,0.791327,0.834358,0.742903,0.773715,0.760985,0.748971,0.738898,0.786469,0.726484,0.6615,0.697677,0.661195,0.786543,0.727476,0.800071,0.793078,0.800571,0.855233,0.670279,0.751975,0.83595,0.713458,0.668875,0.834344,0.7364546,0.793553,0.750208,0.765364,0.726261,0.903116,0.822844,0.679401,0.747075,0.601384,0.944612,0.708835,0.736699,0.87412,0.730916,0.820624,0.880644,0.947991,0.694206,0.811456,0.802137,0.78609,0.777372,0.743278,0.7801,0.62489,0.694221,0.78633,0.781981,0.7135,0.681352,0.7104762,0.688369,0.799949,0.707287,0.842694,0.717687,0.798333,0.869457,0.844981,0.878309,0.827443,0.797654,0.679951,0.766965,0.621374,0.771177,0.784494,0.80666,0.757917,0.839122,0.666298,0.719507,0.664694,0.813853,0.75336,0.611235,0.933821,0.691992,0.861286,0.918999,0.785258
0.739958,0.891211,0.865876,0.92069,0.973548,1,0.877435,0.836778,0.957761,0.826563,0.666558,0.829375,0.856819,0.733384,0.820377,0.883819,0.793127,0.789619,0.785543,0.767324,0.750665,0.787106,0.747618,0.723949,0.7038391,0.695543,0.810102,0.765681,0.792474,0.833347,0.86469,0.835432,0.741196,0.770228,0.868844,0.714555,0.691307,0.883693,0.785812,0.859997,0.803709,0.807108,0.780905,0.927293,0.878507,0.71275,0.778799,0.6017256,0.96073,0.701618,0.747394,0.869471,0.724334,0.820522,0.877669,0.961591,0.737779,0.810648,0.786184,0.794917,0.819678,0.776288,0.819103,0.681585,0.740891,0.837217,0.835744,0.72272,0.733372,0.6986707,0.711025,0.811456,0.724067,0.815034,0.783426,0.831049,0.895393,0.850438,0.907515,0.838892,0.796886,0.699998,0.794039,0.664868,0.803795,0.818151,0.800455,0.776244,0.860726,0.713807,0.736194,0.6746541,0.84832,0.783895,0.664755,0.953634,0.713581,0.847443,0.955408,0.794997
0.683059,0.80955,0.735313,0.784067,0.830755,0.877435,1,0.897594,0.902311,0.786653,0.700575,0.792878,0.779491,0.743072,0.799374,0.91396,0.760281,0.819991,0.785097,0.789921,0.745927,0.717423,0.776474,0.800339,0.709297,0.681651,0.798311,0.770574,0.806957,0.863637,0.852926,0.806524,0.82039,0.771783,0.788096,0.74082,0.791211,0.793406,0.833342,0.872762,0.841482,0.755384,0.733334,0.794303,0.773375,0.737935,0.813981,0.724477,0.821082,0.759425,0.762706,0.76398,0.699425,0.717496,0.833453,0.862089,0.739753,0.812078,0.741108,0.761083,0.75621,0.771209,0.826995,0.761356,0.79578,0.832881,0.861448,0.714455,0.661429,0.706504,0.717139,0.769841,0.804742,0.787449,0.844717,0.799988,0.820813,0.725592,0.846044,0.796854,0.778529,0.7097814,0.712361,0.66688,0.790493,0.79478,0.809184,0.790799,0.904628,0.771641,0.64844,0.669423,0.808582,0.731216,0.673246,0.834885,0.771181,0.826062,0.856159,0.890154
0.727147,0.792107,0.741277,0.740332,0.771517,0.836778,0.897594,1,0.853489,0.789247,0.773855,0.785925,0.763824,0.799577,0.757127,0.899745,0.784188,0.799786,0.783687,0.727826,0.73921,0.633367,0.791571,0.876167,0.751079,0.669113,0.792947,0.759065,0.797175,0.853429,0.827821,0.758825,0.832295,0.866328,0.821728,0.799663,0.843687,0.762715,0.827739,0.796332,0.852304,0.788436,0.774874,0.816338,0.805741,0.810399,0.744998,0.804444,0.794135,0.670533,0.808483,0.743439,0.785123,0.796241,0.878797,0.812217,0.873364,0.877182,0.715689,0.796896,0.778625,0.7469607,0.768344,0.758292,0.763826,0.777341,0.833625,0.685907,0.719102,0.755899,0.690477,0.7606177,0.783078,0.808732,0.882647,0.77503,0.795625,0.779225,0.837433,0.793126,0.864408,0.789835,0.777248,0.753894,0.841936,0.825192,0.845546,0.774841,0.896358,0.883662,0.676978,0.694955,0.842868,0.759729,0.70441,0.803295,0.834207,0.754751,0.862714,0.849184
0.752221,0.821358,0.793419,0.820979,0.942603,0.957761,0.902311,0.853489,1,0.7950436,0.683617,0.800055,0.830052,0.715105,0.759312,0.869198,0.772402,0.867099,0.841532,0.854427,0.77928,0.806115,0.796658,0.746184,0.764974,0.740924,0.848644,0.784804,0.836326,0.849935,0.833504,0.866124,0.795697,0.81488,0.833089,0.779266,0.739697,0.839591,0.814177,0.834513,0.821665,0.800378,0.718453,0.840378,0.814152,0.754827,0.830961,0.6845343,0.914788,0.745177,0.787411,0.821978,0.7524092,0.753531,0.902152,0.930856,0.742204,0.886247,0.753282,0.764329,0.758252,0.760411,0.803899,0.744699,0.816735,0.816677,0.811819,0.7699342,0.710714,0.7450122,0.789089,0.790138,0.8033,0.895289,0.795346,0.778222,0.933273,0.810645,0.860661,0.786319,0.851319,0.734492,0.818429,0.718205,0.819956,0.802771,0.827262,0.81702,0.91167,0.724439,0.685732,0.66392,0.807843,0.743372,0.639776,0.880245,0.783076,0.857203,0.94583,0.868947
0.848904,0.751708,0.737817,0.844959,0.811489,0.826563,0.786653,0.789247,0.7950436,1,0.833054,0.952253,0.891931,0.720255,0.80347,0.768691,0.848749,0.685991,0.795866,0.737592,0.74955,0.770452,0.862991,0.879904,0.815336,0.702392,0.857609,0.842201,0.75244,0.937133,0.746356,0.815842,0.677059,0.688034,0.805151,0.611846,0.818703,0.742808,0.829104,0.815592,0.7025226,0.791244,0.757125,0.851433,0.780092,0.86555,0.801586,0.750088,0.823899,0.692618,0.827015,0.73388,0.634376,0.793068,0.815242,0.854948,0.656214,0.795079,0.960087,0.931617,0.968728,0.749207,0.819841,0.75624,0.731267,0.86078,0.737518,0.808229,0.667883,0.6121071,0.690986,0.871989,0.856981,0.741106,0.87927,0.92121,0.825383,0.874732,0.794217,0.899165,0.714863,0.758971,0.7025917,0.634061,0.820911,0.881082,0.757303,0.885943,0.785303,0.694132,0.723962,0.743931,0.910547,0.794948,0.667239,0.813878,0.85643,0.959576,0.7888204,0.797839
0.87692,0.742519,0.727442,0.71977,0.6307983,0.666558,0.700575,0.773855,0.683617,0.833054,1,0.879498,0.763328,0.7201917,0.777375,0.674093,0.71607,0.744432,0.759302,0.758869,0.749462,0.72406,0.82299,0.818098,0.867263,0.801859,0.756785,0.710976,0.694586,0.777402,0.673111,0.723607,0.726612,0.76093,0.710758,0.778869,0.814751,0.671502,0.816523,0.773495,0.711596,0.856455,0.797339,0.76716,0.709545,0.823089,0.67777,0.873489,0.633426,0.605255,0.810854,0.748189,0.689411,0.783742,0.7189489,0.657359,0.853232,0.750709,0.864817,0.887497,0.822354,0.731343,0.740676,0.756395,0.753342,0.776771,0.803731,0.727196,0.775857,0.750636,0.794513,0.803227,0.831626,0.724032,0.773385,0.838919,0.659623,0.697954,0.6653623,0.80601,0.803916,0.73169,0.679573,0.6985114,0.802211,0.807194,0.748001,0.786667,0.773421,0.768877,0.741309,0.791703,0.859129,0.809227,0.816553,0.69539,0.860494,0.815697,0.653113,0.75024
0.899274,0.783316,0.800393,0.850651,0.806939,0.829375,0.792878,0.785925,0.800055,0.952253,0.879498,1,0.948134,0.727376,0.842901,0.785074,0.788398,0.738731,0.841435,0.766404,0.77685,0.738881,0.866978,0.882747,0.852893,0.779075,0.861419,0.802255,0.706026,0.889475,0.750269,0.73467,0.688954,0.687787,0.809349,0.646027,0.788661,0.778334,0.844432,0.821158,0.733513,0.873492,0.815535,0.852619,0.760414,0.843787,0.811131,0.718384,0.833662,0.5980998,0.767323,0.736512,0.565878,0.781138,0.813575,0.821702,0.70333,0.7127293,0.917101,0.977036,0.93509,0.792251,0.821541,0.734192,0.75031,0.871165,0.817482,0.787796,0.660591,0.6615118,0.739026,0.86806,0.8454943,0.691714,0.848078,0.958257,0.760765,0.819623,0.793155,0.866292,0.723002,0.713702,0.785604,0.644929,0.882997,0.902925,0.752612,0.870622,0.815761,0.676977,0.6978,0.751795,0.845795,0.865487,0.736762,0.834795,0.847481,0.948415,0.83355,0.7911182
0.870029,0.744967,0.806264,0.812954,0.814672,0.856819,0.779491,0.763824,0.830052,0.891931,0.763328,0.948134,1,0.720069,0.7915159,0.79383,0.818158,0.742391,0.877799,0.80479,0.784788,0.738052,0.836358,0.828756,0.803835,0.745142,0.870204,0.802628,0.685103,0.845326,0.74272,0.679799,0.726186,0.65434,0.813933,0.61553,0.735688,0.840588,0.811544,0.766417,0.773929,0.817853,0.817738,0.780718,0.774794,0.817643,0.86595,0.6222127,0.864003,0.6225421,0.726393,0.696911,0.5680849,0.722563,0.788465,0.831698,0.665517,0.701741,0.824921,0.92413,0.888274,0.805307,0.801228,0.749006,0.785376,0.826068,0.806617,0.813431,0.63783,0.652439,0.74419601,0.840796,0.815936,0.643286,0.787365,0.922763,0.792398,0.780802,0.80722,0.777661,0.673969,0.701191,0.842316,0.759887,0.873411,0.864815,0.718202,0.875429,0.803315,0.6352891,0.606832,0.644233,0.7378,0.814935,0.707621,0.828748,0.832607,0.894449,0.876665,0.816009
0.720962,0.70105,0.800751,0.78169,0.666755,0.733384,0.743072,0.799577,0.715105,0.720255,0.7201917,0.727376,0.720069,1,0.878184,0.770033,0.792869,0.728385,0.841502,0.769681,0.926067,0.797024,0.740419,0.798392,0.721265,0.82934,0.718536,0.75203,0.724048,0.781827,0.787477,0.654857,0.785517,0.788195,0.841394,0.750094,0.843807,0.774549,0.788622,0.723776,0.853319,0.730048,0.836716,0.771685,0.770842,0.777302,0.784925,0.69787,0.6981481,0.6474323,0.799913,0.688505,0.729887,0.785487,0.703864,0.682772,0.787913,0.744126,0.619702,0.73241,0.732907,0.847917,0.897848,0.916667,0.911621,0.9098,0.763654,0.7301235,0.785578,0.66133,0.70052,0.704554,0.743934,0.6387574,0.818815,0.740716,0.701236,0.80005,0.745841,0.759876,0.722112,0.682433,0.687333,0.758842,0.809759,0.732372,0.795566,0.796696,0.746701,0.852678,0.67554,0.699672,0.692236,0.678405,0.691101,0.706594,0.818755,0.68434,0.694633,0.681265
0.78152,0.766742,0.855786,0.833459,0.791327,0.820377,0.799374,0.757127,0.759312,0.80347,0.777375,0.842901,0.7915159,0.878184,1,0.771085,0.805769,0.747689,0.771275,0.784265,0.874026,0.866306,0.742,0.789653,0.778626,0.812826,0.738569,0.7568,0.79476,0.817813,0.732723,0.776039,0.701052,0.7243903,0.900829,0.739077,0.807852,0.765977,0.847921,0.813361,0.833956,0.842746,0.896633,0.833099,0.7276294,0.692801,0.6887156,0.6140734,0.781825,0.61764,0.726577,0.740622,0.642138,0.794718,0.753456,0.791246,0.757234,0.694369,0.753342,0.820832,0.807699,0.858355,0.959034,0.744616,0.822683,0.952502,0.869835,0.681355,0.774658,0.703658,0.692247,0.869288,0.718779,0.691751,0.800684,0.843769,0.789804,0.80205,0.760135,0.848084,0.756081,0.677442,0.699898,0.670513,0.817073,0.802743,0.849296,0.812679,0.805193,0.767463,0.73182,0.734601,0.789655,0.817999,0.73477,0.790695,0.736907,0.814888,0.766625,0.686725
0.696395,0.817234,0.769034,0.82388,0.834358,0.883819,0.91396,0.899745,0.869198,0.768691,0.674093,0.785074,0.79383,0.770033,0.771085,1,0.802552,0.778266,0.783416,0.767225,0.744434,0.66587,0.749064,0.810855,0.6940967,0.760424,0.786625,0.820527,0.730934,0.87687,0.902856,0.726224,0.792699,0.709701,0.794573,0.728782,0.732168,0.903742,0.773006,0.795632,0.804531,0.830495,0.778017,0.844771,0.857186,0.762324,0.798275,0.6955584,0.845146,0.723928,0.80532,0.760791,0.698999,0.793514,0.868565,0.83926,0.776281,0.865323,0.68237,0.789911,0.780277,0.720923,0.785398,0.728713,0.755889,0.803282,0.823308,0.744259,0.5900589,0.6303609,0.693144,0.7148598,0.777307,0.74877,0.879437,0.785211,0.780249,0.8031951,0.952625,0.853104,0.765809,0.716605,0.782146,0.658493,0.832465,0.771875,0.783099,0.770954,0.896151,0.719533,0.648063,0.5740042,0.787219,0.740868,0.763783,0.871086,0.802332,0.759035,0.884456,0.84223
0.800749,0.732517,0.797604,0.826288,0.742903,0.793127,0.760281,0.784188,0.772402,0.848749,0.71607,0.788398,0.818158,0.792869,0.805769,0.802552,1,0.6481499,0.794038,0.714313,0.832304,0.747184,0.775077,0.869417,0.79768,0.744552,0.770278,0.772319,0.732933,0.86946,0.781291,0.684022,0.682771,0.694299,0.833968,0.639105,0.751681,0.716623,0.723806,0.734006,0.753269,0.752615,0.850715,0.821705,0.852695,0.827401,0.807475,0.6657912,0.818245,0.764444,0.846904,0.731794,0.703514,0.840672,0.754864,0.813699,0.672622,0.784005,0.757464,0.801888,0.889141,0.825177,0.769555,0.7196259,0.787564,0.793344,0.705748,0.812588,0.654534,0.5273377,0.664771,0.804219,0.755342,0.681808,0.870511,0.832531,0.828649,0.881599,0.83539,0.857793,0.761253,0.781897,0.75855,0.717371,0.747775,0.763055,0.77141,0.848187,0.725495,0.774259,0.6123362,0.711483,0.804692,0.714076,0.747959,0.788163,0.808494,0.772984,0.782317,0.80168
0.747626,0.731072,0.729238,0.688845,0.773715,0.789619,0.819991,0.799786,0.867099,0.685991,0.744432,0.738731,0.742391,0.728385,0.747689,0.778266,0.6481499,1,0.810646,0.835041,0.753439,0.734659,0.775517,0.71698,0.753896,0.729207,0.816075,0.674421,0.770041,0.74658,0.640154,0.857569,0.869252,0.871882,0.729655,0.938511,0.724455,0.751231,0.837591,0.748597,0.879999,0.81754,0.7127706,0.716954,0.702945,0.705917,0.750927,0.6883355,0.741417,0.712532,0.770833,0.7271,0.72981,0.702919,0.783352,0.769453,0.85364,0.830738,0.666361,0.706822,0.629893,0.674452,0.768136,0.745551,0.798799,0.752551,0.876352,0.69577,0.773852,0.928736,0.773993,0.651279,0.807146,0.852507,0.753054,0.734953,0.810805,0.69443,0.736736,0.656464,0.814088,0.656003,0.837107,0.735081,0.787974,0.740735,0.767418,0.766442,0.838169,0.773387,0.605896,0.677738,0.695164,0.718461,0.707298,0.740535,0.76924,0.788693,0.776095,0.854929
0.775382,0.685799,0.7652399,0.763535,0.760985,0.785543,0.785097,0.783687,0.841532,0.795866,0.759302,0.841435,0.877799,0.841502,0.771275,0.783416,0.794038,0.810646,1,0.895381,0.915303,0.7746511,0.877978,0.852837,0.747406,0.823392,0.846642,0.785383,0.637751,0.845248,0.754168,0.700687,0.846817,0.692439,0.711028,0.717356,0.760669,0.800718,0.793884,0.735439,0.815752,0.790818,0.789776,0.78094,0.762161,0.829911,0.904283,0.7123607,0.84398,0.69608,0.776971,0.693964,0.620103,0.689517,0.759574,0.775605,0.702588,0.779207,0.700265,0.827975,0.749236,0.822093,0.797979,0.8523,0.945939,0.882114,0.771074,0.859061,0.647488,0.6709627,0.850732,0.658565,0.882541,0.720078,0.789209,0.790638,0.800303,0.807197,0.768779,0.696561,0.709315,0.68707,0.78476,0.7178352,0.89224,0.757108,0.711122,0.827347,0.81542,0.720493,0.626553,0.626164,0.63238,0.6907,0.682928,0.769935,0.896415,0.803229,0.83337,0.835828
0.726658,0.634443,0.748491,0.6704517,0.748971,0.767324,0.789921,0.727826,0.854427,0.737592,0.758869,0.766404,0.80479,0.769681,0.784265,0.767225,0.714313,0.835041,0.895381,1,0.903971,0.777059,0.826088,0.739986,0.731979,0.85511,0.791797,0.771864,0.7020553,0.775335,0.726714,0.724702,0.760863,0.714138,0.724807,0.776123,0.754046,0.774735,0.796251,0.702758,0.774695,0.786162,0.75026,0.668813,0.664207,0.773327,0.867141,0.733872,0.737967,0.654507,0.722467,0.640734,0.621708,0.631176,0.746808,0.735906,0.70128,0.764804,0.673332,0.727028,0.668459,0.732256,0.832486,0.781699,0.925415,0.839958,0.755737,0.788441,0.6717,0.733933,0.942406,0.691941,0.8180885,0.764531,0.725372,0.707392,0.825615,0.733099,0.715653,0.658145,0.753593,0.638147,0.715265,0.732711,0.84266,0.703307,0.781879,0.786779,0.864619,0.684216,0.631428,0.624334,0.606523,0.665187,0.683941,0.670039,0.847395,0.779647,0.815178,0.825639
0.745305,0.6424823,0.835422,0.803726,0.738898,0.750665,0.745927,0.73921,0.77928,0.74955,0.749462,0.77685,0.784788,0.926067,0.874026,0.744434,0.832304,0.753439,0.915303,0.903971,1,0.859864,0.847943,0.804058,0.737864,0.844913,0.78899,0.762914,0.709888,0.817553,0.755648,0.693214,0.794549,0.739762,0.806609,0.74976,0.778276,0.756923,0.786786,0.713411,0.827693,0.760195,0.832344,0.759976,0.6848523,0.772635,0.852427,0.700235,0.808548,0.68637132,0.775968,0.699319,0.683916,0.730616,0.702482,0.761285,0.707247,0.724211,0.670189,0.740116,0.71195,0.877347,0.877728,0.853234,0.964528,0.922024,0.7574,0.818622,0.74755,0.6575917,0.834775,0.740327,0.829756,0.682742,0.762185,0.738438,0.770967,0.855119,0.7428062,0.752071,0.756046,0.67028,0.711341,0.779728,0.87995,0.766859,0.777057,0.835656,0.80354,0.787217,0.659439,0.702964,0.645967,0.66857,0.663747,0.731644,0.841424,0.779081,0.754697,0.755852
0.770686,0.669877,0.788037,0.730177,0.786469,0.787106,0.717423,0.633367,0.806115,0.770452,0.72406,0.738881,0.738052,0.797024,0.866306,0.66587,0.747184,0.734659,0.7746511,0.777059,0.859864,1,0.709505,0.719259,0.784877,0.802787,0.746517,0.781884,0.769469,0.805062,0.721225,0.752091,0.767498,0.761179,0.7793426,0.75009,0.770165,0.719178,0.783127,0.736637,0.812722,0.785552,0.802299,0.742384,0.664146,0.693893,0.729887,0.604494,0.741237,0.700236,0.756822,0.672753,0.7018403,0.718024,0.754053,0.778426,0.658505,0.762533,0.715457,0.728094,0.754727,0.800131,0.832245,0.774657,0.816498,0.867432,0.769027,0.798352,0.799068,0.668107,0.6632039,0.807009,0.753208,0.757101,0.6937185,0.734557,0.883693,0.751331,0.64552,0.782427,0.753201,0.809648,0.672549,0.760237,0.774795,0.7369599,0.762463,0.813467,0.770426,0.788143,0.701627,0.665735,0.722704,0.708938,0.6970923,0.692416,0.743386,0.788913,0.739525,0.693048
0.819223,0.676281,0.725329,0.737007,0.726484,0.747618,0.776474,0.791571,0.796658,0.862991,0.82299,0.866978,0.836358,0.740419,0.742,0.749064,0.775077,0.775517,0.877978,0.826088,0.847943,0.709505,1,0.869416,0.811952,0.743743,0.905771,0.735155,0.705147,0.859377,0.701842,0.6829047,0.7580709,0.779046,0.744292,0.698232,0.801199,0.69684,0.797919,0.707673,0.765644,0.773551,0.734791,0.727414,0.686565,0.884188,0.826836,0.802144,0.786677,0.70603,0.798128,0.712124,0.63108,0.669614,0.740241,0.757228,0.67181,0.752468,0.803415,0.821306,0.788406,0.77301,0.74472,0.790198,0.840116,0.811812,0.731258,0.792381,0.663539,0.683932,0.797246,0.765338,0.946757,0.712242,0.797002,0.829655,0.707645,0.814798,0.746847,0.733588,0.778907,0.698903,0.810332,0.6504089,0.910245,0.890997,0.764845,0.884967,0.852173,0.7265,0.654817,0.745273,0.706639,0.752191,0.634949,0.734551,0.916885,0.883013,0.758649,0.867001
0.757099,0.651793,0.6410945,0.71574,0.6615,0.723949,0.800339,0.876167,0.746184,0.879904,0.818098,0.882747,0.828756,0.798392,0.789653,0.810855,0.869417,0.71698,0.852837,0.739986,0.804058,0.719259,0.869416,1,0.774152,0.758886,0.793788,0.819777,0.6754134,0.886399,0.742132,0.736631,0.743575,0.720126,0.798908,0.6374913,0.87335,0.728501,0.795944,0.753696,0.767717,0.751473,0.820547,0.77385,0.734696,0.850227,0.795915,0.787745,0.704921,0.713295,0.795877,0.639855,0.730651,0.833743,0.785332,0.694276,0.716703,0.8037,0.787782,0.871148,0.849749,0.821758,0.786035,0.803923,0.794596,0.84699,0.77967,0.766267,0.5922367,0.587412,0.684161,0.757995,0.883741,0.752509,0.941725,0.823615,0.730362,0.831959,0.734804,0.821896,0.751808,0.808942,0.674033,0.649248,0.816717,0.802002,0.779103,0.811861,0.804864,0.817442,0.709473,0.66984,0.811663,0.716613,0.751966,0.704396,0.865913,0.819838,0.756474,0.801574
0.949896,0.772038,0.794976,0.757641,0.697677,0.7038391,0.709297,0.751079,0.764974,0.815336,0.867263,0.852893,0.803835,0.721265,0.778626,0.6940967,0.79768,0.753896,0.747406,0.731979,0.737864,0.784877,0.811952,0.774152,1,0.787576,0.839774,0.781966,0.82694,0.839431,0.707578,0.729572,0.695654,0.8009176,0.795681,0.7105948,0.807834,0.650037,0.851555,0.801097,0.750379,0.924291,0.83143,0.777016,0.782011,0.85286,0.725708,0.795953,0.700903,0.652571,0.914155,0.6982471,0.738767,0.750421,0.765508,0.745721,0.771353,0.830777,0.827532,0.892228,0.858935,0.843454,0.721131,0.767329,0.73523,0.716363,0.732353,0.791062,0.782575,0.661162,0.732408,0.869731,0.823999,0.752269,0.793061,0.887974,0.810783,0.727403,0.719409,0.806249,0.865532,0.80176,0.797235,0.798658,0.820212,0.828911,0.819013,0.916694,0.825044,0.78019,0.670834,0.812748,0.834292,0.875408,0.766569,0.728791,0.856869,0.843239,0.71832,0.821508
0.753798,0.715462,0.758815,0.674498,0.661195,0.695543,0.681651,0.669113,0.740924,0.702392,0.801859,0.779075,0.745142,0.82934,0.812826,0.760424,0.744552,0.729207,0.823392,0.85511,0.844913,0.802787,0.743743,0.758886,0.787576,1,0.693555,0.772484,0.643347,0.788622,0.813575,0.666428,0.727633,0.6248265,0.671275,0.723582,0.761694,0.762821,0.710503,0.722489,0.719166,0.868358,0.802629,0.743239,0.781439,0.747461,0.808114,0.665072,0.642308,0.597598,0.761813,0.664891,0.676365,0.758985,0.688934,0.642367,0.7161476,0.777094,0.67038,0.769925,0.746882,0.740184,0.807149,0.86959,0.876731,0.823561,0.721939,0.789005,0.706184,0.620565,0.812154,0.648456,0.7809234,0.750856,0.753038,0.756855,0.757451,0.700662,0.726262,0.770454,0.716955,0.68166,0.65049,0.695893,0.781386,0.659702,0.673417,0.750891,0.764493,0.675531,0.652863,0.5881258,0.691363,0.677805,0.751102,0.674734,0.799954,0.704238,0.701171,0.688812
0.872197,0.718077,0.759604,0.777553,0.786543,0.810102,0.798311,0.792947,0.848644,0.857609,0.756785,0.861419,0.870204,0.718536,0.738569,0.786625,0.770278,0.816075,0.846642,0.791797,0.78899,0.746517,0.905771,0.793788,0.839774,0.693555,1,0.738452,0.77772,0.853202,0.727743,0.695193,0.748457,0.793701,0.810478,0.703152,0.762591,0.750788,0.809562,0.727524,0.814928,0.774509,0.777858,0.738698,0.756248,0.930101,0.837359,0.854103,0.832922,0.698969,0.803907,0.709622,0.6722035,0.6290205,0.774562,0.826145,0.6558747,0.776105,0.805162,0.850021,0.814658,0.798264,0.733012,0.745571,0.776998,0.76038,0.744291,0.809694,0.696111,0.695898,0.770996,0.811527,0.874314,0.728231,0.773733,0.872539,0.7607569,0.788518,0.806833,0.719048,0.788258,0.726019,0.883191,0.702564,0.905725,0.883255,0.800767,0.919256,0.868817,0.702517,0.674203,0.793684,0.6989849,0.842981,0.642559,0.78141,0.893873,0.901477,0.820929,0.892648
0.730223,0.603731,0.661555,0.709174,0.727476,0.765681,0.770574,0.759065,0.784804,0.842201,0.710976,0.802255,0.802628,0.75203,0.7568,0.820527,0.772319,0.674421,0.785383,0.771864,0.762914,0.781884,0.735155,0.819777,0.781966,0.772484,0.738452,1,0.773894,0.846985,0.761472,0.797832,0.743087,0.690169,0.785285,0.623856,0.87192,0.757224,0.73967,0.717483,0.7705,0.7167701,0.821896,0.737228,0.652262,0.795742,0.795143,0.6843053,0.725466,0.746384,0.84472,0.615844,0.690292,0.767693,0.860052,0.75297,0.602989,0.875268,0.767655,0.829079,0.85011,0.688235,0.787101,0.818857,0.73504,0.829928,0.709361,0.804559,0.663015,0.5536315,0.699298,0.789538,0.766785,0.785915,0.884248,0.762653,0.807571,0.871101,0.790025,0.87112,0.711102,0.818436,0.641545,0.657182,0.763746,0.749682,0.801613,0.823753,0.8005571,0.710609,0.750315,0.636742,0.806524,0.662863,0.7514448,0.70544,0.806929,0.782718,0.833985,0.691992
0.756141,0.734022,0.747889,0.728452,0.800071,0.792474,0.806957,0.797175,0.836326,0.75244,0.694586,0.706026,0.685103,0.724048,0.79476,0.730934,0.732933,0.770041,0.637751,0.7020553,0.709888,0.769469,0.705147,0.6754134,0.82694,0.643347,0.77772,0.773894,1,0.788895,0.740835,0.788095,0.605799,0.900929,0.870334,0.782043,0.861101,0.59647,0.831588,0.770633,0.741541,0.783272,0.6727585,0.739396,0.739091,0.731866,0.692382,0.734211,0.721127,0.6905654,0.811546,0.706493,0.757127,0.77837,0.89116,0.818089,0.750538,0.891425,0.73764,0.733684,0.720739,0.75954,0.77405,0.773504,0.690225,0.712661,0.700513,0.717239,0.736397,0.763971,0.64126,0.849719,0.697723,0.846883,0.748413,0.74569,0.845033,0.708277,0.725952,0.787395,0.901039,0.810648,0.768452,0.754357,0.752906,0.778929,0.959263,0.807022,0.872886,0.773008,0.637781,0.723321,0.796137,0.812751,0.6262059,0.710014,0.74916,0.788502,0.777669,0.83753
0.822422,0.713975,0.715729,0.805954,0.793078,0.833347,0.863637,0.853429,0.849935,0.937133,0.777402,0.889475,0.845326,0.781827,0.817813,0.87687,0.86946,0.74658,0.845248,0.775335,0.817553,0.805062,0.859377,0.886399,0.839431,0.788622,0.853202,0.846985,0.788895,1,0.816148,0.794023,0.761322,0.726553,0.814001,0.683209,0.813218,0.785252,0.84855,0.799201,0.766943,0.826382,0.791936,0.824323,0.802347,0.889857,0.852694,0.78282,0.800228,0.744744,0.874417,0.708698,0.694533,0.77153,0.842869,0.7712355,0.704315,0.838757,0.861022,0.897936,0.906645,0.786196,0.833205,0.810226,0.799313,0.873083,0.739135,0.863489,0.644391,0.6083179,0.704365,0.845652,0.884507,0.737016,0.89294,0.861263,0.825035,0.878035,0.838617,0.874653,0.790855,0.806905,0.738617,0.674003,0.869442,0.868163,0.80463,0.901929,0.872686,0.713135,0.65434,0.687428,0.841533,0.775963,0.701972,0.787713,0.914618,0.891218,0.822622,0.83434
0.684105,0.845001,0.792164,0.794775,0.800571,0.86469,0.852926,0.827821,0.833504,0.746356,0.673111,0.750269,0.74272,0.787477,0.732723,0.902856,0.781291,0.640154,0.754168,0.726714,0.755648,0.721225,0.701842,0.742132,0.707578,0.813575,0.727743,0.761472,0.740835,0.816148,1,0.642862,0.748215,0.72241,0.843243,0.650927,0.737538,0.826337,0.736213,0.856288,0.724532,0.777785,0.755679,0.868751,0.897034,0.760271,0.818686,0.6796052,0.791958,0.651742,0.755844,0.756418,0.749546,0.789428,0.81701,0.795959,0.713449,0.785124,0.665734,0.763829,0.797356,0.767773,0.764689,0.744215,0.763742,0.784839,0.729363,0.716859,0.6667544,0.589177,0.670889,0.774896,0.701351,0.739597,0.791345,0.786221,0.767886,0.76535,0.854158,0.839123,0.738468,0.72786,0.703445,0.734934,0.790481,0.777176,0.776578,0.763079,0.84742,0.734498,0.693434,0.667651,0.775622,0.735057,0.6998537,0.820494,0.764168,0.712869,0.844513,0.742753
0.6641005,0.775545,0.666442,0.776395,0.855233,0.835432,0.806524,0.758825,0.866124,0.815842,0.723607,0.73467,0.679799,0.654857,0.776039,0.726224,0.684022,0.857569,0.700687,0.724702,0.693214,0.752091,0.6829047,0.736631,0.729572,0.666428,0.695193,0.797832,0.788095,0.794023,0.642862,1,0.750888,0.753026,0.767276,0.79385,0.778425,0.717901,0.73566,0.773908,0.792572,0.701823,0.715339,0.797024,0.681826,0.702003,0.650365,0.669578,0.769226,0.786272,0.80972,0.825296,0.774431,0.82557,0.827298,0.799274,0.748691,0.82491,0.839873,0.730751,0.7536,0.631582,0.792704,0.700783,0.694175,0.797408,0.787541,0.740626,0.750076,0.7983474,0.656481,0.726125,0.720384,0.899903,0.765073,0.700962,0.804146,0.817897,0.7253236,0.81602,0.787447,0.686736,0.701654,0.563667,0.64807,0.661936,0.779395,0.68923,0.778741,0.701952,0.782318,0.683924,0.854281,0.660975,0.6916276,0.800617,0.715193,0.7996956,0.791401,0.726563
0.687089,0.690683,0.710338,0.6187191,0.670279,0.741196,0.82039,0.832295,0.795697,0.677059,0.726612,0.688954,0.726186,0.785517,0.701052,0.792699,0.682771,0.869252,0.846817,0.760863,0.794549,0.767498,0.7580709,0.743575,0.695654,0.727633,0.748457,0.743087,0.605799,0.761322,0.748215,0.750888,1,0.815873,0.681847,0.823459,0.698404,0.790909,0.775785,0.765006,0.904582,0.720546,0.748191,0.715838,0.700798,0.705872,0.782347,0.691027,0.731619,0.761907,0.725129,0.682688,0.739232,0.628716,0.671136,0.708514,0.805384,0.709088,0.589066,0.654761,0.641259,0.727039,0.719774,0.798054,0.827079,0.785928,0.830421,0.731384,0.776353,0.785352,0.725124,0.643322,0.824429,0.721673,0.741033,0.678365,0.752335,0.707457,0.684344,0.621507,0.750034,0.65329,0.771909,0.749694,0.785377,0.75999,0.641428,0.732974,0.758721,0.843738,0.659779,0.67102,0.667171,0.613556,0.752378,0.691361,0.770603,0.710487,0.740163,0.772986
0.733636,0.772435,0.759919,0.691003,0.751975,0.770228,0.771783,0.866328,0.81488,0.688034,0.76093,0.687787,0.65434,0.788195,0.7243903,0.709701,0.694299,0.871882,0.692439,0.714138,0.739762,0.761179,0.779046,0.720126,0.8009176,0.6248265,0.793701,0.690169,0.900929,0.726553,0.72241,0.753026,0.815873,1,0.855635,0.904947,0.82983,0.674602,0.804761,0.752107,0.855926,0.766085,0.6967993,0.73551,0.715467,0.742426,0.68282,0.752594,0.72818,0.695236,0.782394,0.754095,0.841704,0.756609,0.821372,0.784949,0.861537,0.838009,0.660099,0.689943,0.659601,0.78652,0.706218,0.716201,0.734077,0.6790302,0.783214,0.649468,0.86034,0.871872,0.692046,0.794687,0.722114,0.848739,0.742986,0.722381,0.781027,0.676029,0.71158,0.703314,0.948967,0.813404,0.864112,0.821929,0.795776,0.836659,0.910352,0.76749,0.885462,0.902086,0.695798,0.805823,0.775138,0.797917,0.621223,0.7086234,0.748898,0.745074,0.768609,0.823458
0.772077,0.805466,0.845434,0.8303416,0.83595,0.868844,0.788096,0.821728,0.833089,0.805151,0.710758,0.809349,0.813933,0.841394,0.900829,0.794573,0.833968,0.729655,0.711028,0.724807,0.806609,0.7793426,0.744292,0.798908,0.795681,0.671275,0.810478,0.785285,0.870334,0.814001,0.843243,0.767276,0.681847,0.855635,1,0.6984519,0.849852,0.757009,0.824644,0.823548,0.852296,0.752951,0.894602,0.86795,0.809218,0.75927,0.732198,0.680456,0.831624,0.674162,0.803001,0.734064,0.808044,0.850449,0.850702,0.86574,0.728199,0.805205,0.74318,0.820107,0.826274,0.887435,0.863509,0.721919,0.763766,0.835589,0.827815,0.693464,0.768133,0.668538,0.632037,0.910429,0.703879,0.799782,0.835979,0.847407,0.825149,0.812528,0.820599,0.860914,0.854988,0.7588167,0.796399,0.766964,0.820411,0.854555,0.936319,0.857324,0.86313,0.856831,0.745175,0.754771,0.824783,0.814386,0.705466,0.832832,0.754566,0.818639,0.850558,0.766889
0.673538,0.72341,0.720738,0.651074,0.713458,0.714555,0.74082,0.799663,0.779266,0.611846,0.778869,0.646027,0.61553,0.750094,0.739077,0.728782,0.639105,0.938511,0.717356,0.776123,0.74976,0.75009,0.698232,0.6374913,0.7105948,0.723582,0.703152,0.623856,0.782043,0.683209,0.650927,0.79385,0.823459,0.904947,0.6984519,1,0.730875,0.731198,0.823429,0.70568,0.838687,0.808351,0.6863814,0.698374,0.657556,0.659275,0.626573,0.752175,0.642474,0.67557,0.761579,0.729059,0.70774,0.6637206,0.7456967,0.686148,0.90266,0.790069,0.6104655,0.630608,0.577373,0.646373,0.749377,0.706991,0.769546,0.725612,0.84711,0.634266,0.820984,0.943277,0.742296,0.665064,0.725116,0.8072939,0.719673,0.651209,0.733614,0.642648,0.691884,0.661763,0.869655,0.659466,0.787254,0.744588,0.752912,0.737081,0.797553,0.698893,0.818325,0.816516,0.632099,0.718354,0.6917911,0.690474,0.701294,0.679777,0.735427,0.697088,0.660863,0.747347
0.738205,0.678373,0.6335068,0.700676,0.668875,0.691307,0.791211,0.843687,0.739697,0.818703,0.814751,0.788661,0.735688,0.843807,0.807852,0.732168,0.751681,0.724455,0.760669,0.754046,0.778276,0.770165,0.801199,0.87335,0.807834,0.761694,0.762591,0.87192,0.861101,0.813218,0.737538,0.778425,0.698404,0.82983,0.849852,0.730875,1,0.631013,0.773007,0.747984,0.78602,0.698591,0.774797,0.687331,0.665697,0.80002,0.777519,0.794728,0.625675,0.65497,0.852494,0.635094,0.77202,0.7749893,0.843812,0.696952,0.742881,0.870133,0.775266,0.782468,0.769866,0.817056,0.831009,0.87408,0.805065,0.825187,0.745937,0.7457713,0.721263,0.691537,0.696003,0.799456,0.788076,0.813182,0.87591,0.732557,0.735971,0.77116,0.68888,0.819172,0.82557,0.82004,0.664058,0.75282,0.777507,0.784187,0.905218,0.804495,0.84339,0.848085,0.71639,0.737541,0.807709,0.678756,0.67031,0.626563,0.814919,0.804666,0.717474,0.75673
0.705106,0.757328,0.785074,0.820978,0.834344,0.883693,0.793406,0.762715,0.839591,0.742808,0.671502,0.778334,0.840588,0.774549,0.765977,0.903742,0.716623,0.751231,0.800718,0.774735,0.756923,0.719178,0.69684,0.728501,0.650037,0.762821,0.750788,0.757224,0.59647,0.785252,0.826337,0.717901,0.790909,0.674602,0.757009,0.731198,0.631013,1,0.735471,0.761009,0.808115,0.767716,0.802275,0.847649,0.810257,0.702631,0.76082,0.590829,0.865526,0.6347593,0.707569,0.71243,0.624752,0.73514,0.754778,0.802323,0.750238,0.730159,0.652857,0.7488183,0.751889,0.674958,0.783036,0.697584,0.750536,0.816569,0.826623,0.757812,0.673397,0.677607,0.716658,0.67075,0.713281,0.703217,0.80863,0.756881,0.739354,0.789013,0.899107,0.767323,0.6375258,0.648242,0.806566,0.702479,0.82099,0.757609,0.666014,0.74165,0.812869,0.68746,0.6483177,0.525671,0.698738,0.684966,0.727329,0.88458,0.770382,0.737349,0.879859,0.740202
0.818144,0.723889,0.765395,0.755033,0.7364546,0.785812,0.833342,0.827739,0.814177,0.829104,0.816523,0.844432,0.811544,0.788622,0.847921,0.773006,0.723806,0.837591,0.793884,0.796251,0.786786,0.783127,0.797919,0.795944,0.851555,0.710503,0.809562,0.73967,0.831588,0.84855,0.736213,0.73566,0.775785,0.804761,0.824644,0.823429,0.773007,0.735471,1,0.873119,0.803117,0.880205,0.767897,0.80011,0.711508,0.778971,0.74029,0.814876,0.745716,0.63586,0.799087,0.6500371,0.676553,0.699951,0.82943,0.788677,0.809584,0.805258,0.785748,0.839961,0.800474,0.747192,0.862442,0.782101,0.797546,0.833017,0.83845,0.681832,0.734551,0.7533904,0.779673,0.845765,0.814111,0.748752,0.811788,0.832445,0.791538,0.744146,0.700412,0.749704,0.817925,0.757457,0.694578,0.750995,0.860738,0.812791,0.843545,0.88515,0.85525,0.772896,0.612286,0.717916,0.796917,0.789434,0.75142,0.712326,0.855855,0.853264,0.78254,0.842067
0.782474,0.911613,0.793062,0.807511,0.793553,0.859997,0.872762,0.796332,0.834513,0.815592,0.773495,0.821158,0.766417,0.723776,0.813361,0.795632,0.734006,0.748597,0.735439,0.702758,0.713411,0.736637,0.707673,0.753696,0.801097,0.722489,0.727524,0.717483,0.770633,0.799201,0.856288,0.773908,0.765006,0.752107,0.823548,0.70568,0.747984,0.761009,0.873119,1,0.74909,0.800197,0.753573,0.901137,0.875661,0.736318,0.712051,0.7036869,0.763207,0.687501,0.783942,0.817717,0.66955,0.7431987,0.786861,0.808722,0.76311,0.724806,0.806182,0.831664,0.828541,0.770986,0.820218,0.713655,0.750642,0.835953,0.834112,0.701799,0.753746,0.7010827,0.674761,0.829999,0.72161,0.735242,0.817956,0.845822,0.784115,0.716069,0.750276,0.80713,0.75502,0.711713,0.68471,0.653069,0.726839,0.77255,0.779262,0.78669,0.80456,0.738645,0.727592,0.824531,0.885506,0.813794,0.804293,0.826819,0.753531,0.793377,0.782413,0.753532
0.736307,0.721063,0.797577,0.748667,0.750208,0.803709,0.841482,0.852304,0.821665,0.7025226,0.711596,0.733513,0.773929,0.853319,0.833956,0.804531,0.753269,0.879999,0.815752,0.774695,0.827693,0.812722,0.765644,0.767717,0.750379,0.719166,0.814928,0.7705,0.741541,0.766943,0.724532,0.792572,0.904582,0.855926,0.852296,0.838687,0.78602,0.808115,0.803117,0.74909,1,0.725511,0.890413,0.765117,0.7296,0.727618,0.755046,0.680821,0.797798,0.79537,0.792911,0.719462,0.78846,0.728633,0.729596,0.797961,0.835816,0.771263,0.634494,0.700308,0.701924,0.811595,0.817826,0.7379889,0.825192,0.830291,0.914024,0.731136,0.838635,0.791219,0.711067,0.736131,0.793582,0.776733,0.813991,0.761649,0.775879,0.766152,0.792082,0.734334,0.802375,0.7227918,0.821402,0.758303,0.826391,0.768951,0.803376,0.806254,0.83388,0.914793,0.708265,0.660823,0.720961,0.669763,0.738831,0.784183,0.767605,0.764408,0.792745,0.823521
0.890296,0.792407,0.849543,0.783995,0.765364,0.807108,0.755384,0.788436,0.800378,0.791244,0.856455,0.873492,0.817853,0.730048,0.842746,0.830495,0.752615,0.81754,0.790818,0.786162,0.760195,0.785552,0.773551,0.751473,0.924291,0.868358,0.774509,0.7167701,0.783272,0.826382,0.777785,0.701823,0.720546,0.766085,0.752951,0.808351,0.698591,0.767716,0.880205,0.800197,0.725511,1,0.80828,0.843461,0.783647,0.783487,0.738648,0.751162,0.753912,0.639774,0.82637,0.750543,0.675143,0.764269,0.814637,0.771836,0.83598,0.832324,0.776706,0.890532,0.835002,0.762988,0.784979,0.720363,0.783479,0.803788,0.816137,0.75649,0.731368,0.723607,0.783667,0.829734,0.817247,0.754834,0.758685,0.858536,0.801915,0.681495,0.804892,0.818855,0.857315,0.742893,0.777103,0.696365,0.855641,0.810741,0.777309,0.831385,0.843566,0.69714,0.622022,0.7058782,0.81546,0.865138,0.799082,0.786105,0.844647,0.807418,0.788231,0.82346
0.82897,0.762194,0.83554,0.7721894,0.726261,0.780905,0.733334,0.774874,0.718453,0.757125,0.797339,0.815535,0.817738,0.836716,0.896633,0.778017,0.850715,0.7127706,0.789776,0.75026,0.832344,0.802299,0.734791,0.820547,0.83143,0.802629,0.777858,0.821896,0.6727585,0.791936,0.755679,0.715339,0.748191,0.6967993,0.894602,0.6863814,0.774797,0.802275,0.767897,0.753573,0.890413,0.80828,1,0.810845,0.763302,0.750676,0.7050745,0.670047,0.776953,0.66862,0.811831,0.724103,0.743781,0.815069,0.697796,0.768498,0.789119,0.706699,0.683521,0.825762,0.811437,0.842566,0.837225,0.688582,0.791341,0.856113,0.881309,0.778293,0.774084,0.619756,0.692964,0.842031,0.712761,0.6647528,0.829005,0.843708,0.737344,0.811417,0.799065,0.833183,0.748369,0.755889,0.782829,0.760874,0.823906,0.791825,0.782279,0.830825,0.78226,0.831397,0.740535,0.692324,0.7757,0.789423,0.856927,0.790846,0.777182,0.765089,0.7612047,0.697826
0.790277,0.910468,0.863884,0.942207,0.903116,0.927293,0.794303,0.816338,0.840378,0.851433,0.76716,0.852619,0.780718,0.771685,0.833099,0.844771,0.821705,0.716954,0.78094,0.668813,0.759976,0.742384,0.727414,0.77385,0.777016,0.743239,0.738698,0.737228,0.739396,0.824323,0.868751,0.797024,0.715838,0.73551,0.86795,0.698374,0.687331,0.847649,0.80011,0.901137,0.765117,0.843461,0.810845,1,0.922912,0.786804,0.723886,0.672249,0.908608,0.703168,0.789775,0.878587,0.710555,0.858518,0.824849,0.884128,0.780525,0.749171,0.816882,0.856867,0.884776,0.821684,0.790429,0.672699,0.730586,0.838485,0.820654,0.735918,0.758005,0.6558514,0.663843,0.802403,0.724167,0.776367,0.822943,0.871579,0.798625,0.833482,0.884065,0.891945,0.790462,0.6669165,0.787834,0.643223,0.778318,0.799001,0.765139,0.764007,0.788061,0.756446,0.771488,0.782043,0.882346,0.809297,0.720934,0.936248,0.774564,0.818047,0.852691,0.748407
