1,0.889912,0.950836,0.926228,0.962085,0.908331,0.923329,0.865486,0.819239,0.887622,0.819795,0.822761,0.926074,0.858618,0.918371,0.986687,0.843458,0.833358,0.81953,0.892296,0.846108,0.981258,0.827831,0.98128,0.863563,0.823289,0.976197,0.904936,0.901443,0.879829,0.852598,0.918319,0.94191,0.954751,0.974321,0.812435,0.89686,0.990461,0.839306,0.857142,0.844271,0.870159,0.898763,0.977389,0.895518,0.871652,0.901629,0.921235,0.927719,0.822369,0.824332,0.876628,0.893705,0.825259,0.890657,0.888041,0.897228,0.894968,0.885907,0.954486,0.826034,0.852982,0.924253,0.888515,0.853471,0.852214,0.902451,0.94687,0.9806,0.874183,0.823666,0.883638,0.879145,0.894054,0.828034,0.760675,0.847451,0.846762,0.885034,0.869124,0.980165,0.827075,0.975844,0.875296,0.900844,0.792069,0.904179,0.969518,0.847052,0.887707,0.907095,0.894031,0.779315,0.910014,0.973014,0.835559,0.970722,0.838577,0.830794,0.819599
0.889912,1,0.848876,0.920888,0.917959,0.872465,0.934029,0.928862,0.822648,0.900585,0.896752,0.925524,0.875068,0.988693,0.969045,0.866192,0.913117,0.823282,0.868758,0.946401,0.923535,0.897186,0.907274,0.908604,0.871253,0.780772,0.883577,0.863943,0.870567,0.847058,0.827357,0.851378,0.795155,0.865889,0.890816,0.929867,0.831675,0.899412,0.930321,0.818099,0.864989,0.894865,0.947098,0.898375,0.862446,0.916004,0.972288,0.895049,0.830395,0.880723,0.914532,0.981235,0.850838,0.8525,0.86821,0.8263,0.879679,0.875017,0.861926,0.924202,0.922914,0.877738,0.85984,0.875376,0.80802,0.898964,0.967101,0.849014,0.874269,0.848953,0.963957,0.868093,0.899462,0.822936,0.917629,0.822046,0.863002,0.824443,0.827148,0.814675,0.886511,0.881426,0.906932,0.922142,0.936998,0.870263,0.845815,0.836319,0.977065,0.85935,0.818131,0.965465,0.90096,0.837613,0.865874,0.902463,0.920303,0.928566,0.866915,0.875497
0.950836,0.848876,1,0.895784,0.927281,0.95142,0.858942,0.868897,0.859076,0.833676,0.811298,0.852022,0.884993,0.831101,0.870742,0.938097,0.810792,0.830752,0.789815,0.834181,0.872387,0.923937,0.8964,0.956957,0.834938,0.884448,0.910586,0.900088,0.878698,0.870067,0.861817,0.950708,0.972787,0.911,0.932121,0.816691,0.909819,0.956511,0.808335,0.799922,0.862525,0.83721,0.850387,0.89551,0.888438,0.85474,0.900282,0.912689,0.894408,0.77977,0.827439,0.847566,0.889565,0.853576,0.874543,0.906557,0.884158,0.916349,0.907964,0.949285,0.807608,0.786269,0.970496,0.894049,0.817393,0.792201,0.835676,0.871386,0.948064,0.888827,0.811355,0.842976,0.855072,0.817916,0.815195,0.749682,0.848138,0.87147,0.906806,0.858063,0.912958,0.802186,0.955418,0.82424,0.896755,0.788409,0.915595,0.888585,0.815948,0.922398,0.884799,0.865292,0.745927,0.839957,0.91311,0.801399,0.945664,0.777944,0.756539,0.773311
0.926228,0.920888,0.895784,1,0.906331,0.926537,0.985777,0.836122,0.877911,0.795772,0.876385,0.883392,0.913456,0.88616,0.96696,0.917091,0.916183,0.829659,0.856305,0.927832,0.91245,0.901852,0.888724,0.898188,0.930339,0.797115,0.904748,0.822511,0.807402,0.808219,0.81179,0.867816,0.899394,0.899031,0.901812,0.867562,0.868341,0.916653,0.916123,0.80076,0.782945,0.945762,0.949113,0.894452,0.857769,0.887353,0.925382,0.838498,0.880722,0.877725,0.878961,0.888617,0.810325,0.882343,0.828606,0.843198,0.839349,0.852986,0.8048,0.872613,0.883608,0.908562,0.860434,0.806598,0.791978,0.886805,0.933187,0.886214,0.921433,0.807682,0.892507,0.81389,0.902987,0.851928,0.859518,0.780124,0.860794,0.804551,0.814538,0.798353,0.912293,0.894043,0.897229,0.934827,0.952198,0.844674,0.831744,0.905532,0.892939,0.812942,0.835198,0.928561,0.84335,0.856913,0.912518,0.90459,0.888431,0.902119,0.87212,0.874259
0.962085,0.917959,0.927281,0.906331,1,0.937618,0.919736,0.938458,0.838681,0.87464,0.85242,0.849287,0.966057,0.909853,0.917012,0.921416,0.840597,0.766728,0.780431,0.877245,0.830574,0.974267,0.817204,0.946629,0.834027,0.750842,0.94528,0.871845,0.890656,0.861086,0.890231,0.934082,0.907065,0.883896,0.949267,0.837401,0.916004,0.944674,0.8375,0.814823,0.846686,0.857525,0.894839,0.945588,0.943576,0.846832,0.957079,0.94046,0.869116,0.85525,0.836926,0.945152,0.852139,0.820318,0.841703,0.901251,0.88339,0.905069,0.87622,0.977072,0.855236,0.834206,0.894316,0.878803,0.812736,0.850691,0.893319,0.906758,0.929679,0.87908,0.849909,0.868775,0.842718,0.839497,0.871242,0.723252,0.8779342,0.796265,0.875503,0.832665,0.939938,0.823395,0.977427,0.877697,0.874119,0.792616,0.893111,0.897713,0.87806,0.893219,0.830633,0.883411,0.775727,0.86244,0.932067,0.859917,0.937948,0.83745,0.818218,0.853606
0.908331,0.872465,0.95142,0.926537,0.937618,1,0.917731,0.904273,0.932699,0.783883,0.871166,0.89313,0.938902,0.868033,0.891304,0.867621,0.863274,0.747274,0.764021,0.827386,0.848259,0.911827,0.875448,0.892381,0.852808,0.800529,0.889926,0.864071,0.848398,0.840938,0.886415,0.972416,0.927248,0.857746,0.90723,0.864739,0.964568,0.897723,0.871285,0.783963,0.841394,0.913842,0.876203,0.87366,0.916119,0.827096,0.941529,0.897505,0.898726,0.840598,0.872231,0.889804,0.84917,0.905328,0.827317,0.940941,0.867255,0.894038,0.875577,0.920698,0.864408,0.815343,0.93106,0.859994,0.791949,0.810929,0.839077,0.860378,0.913445,0.87743,0.848064,0.82567,0.846182,0.808406,0.870615,0.722974,0.928085,0.840993,0.901463,0.837234,0.890835,0.873858,0.932262,0.866488,0.860499,0.817342,0.904287,0.8425,0.838198,0.90401,0.807818,0.852368,0.778574,0.82931,0.895761,0.903246,0.891045,0.823915,0.789537,0.836226
0.923329,0.934029,0.858942,0.985777,0.919736,0.917731,1,0.85947,0.916501,0.819004,0.898141,0.88794,0.936778,0.906735,0.966707,0.909196,0.931674,0.797067,0.840701,0.926024,0.87932,0.918287,0.849059,0.887683,0.91816,0.74394,0.917418,0.831803,0.830744,0.831452,0.835631,0.8838,0.879198,0.883631,0.911071,0.889094,0.883861,0.905421,0.933414,0.826167,0.812633,0.957605,0.954646,0.913754,0.879128,0.869348,0.935154,0.854935,0.8894,0.906264,0.89043,0.912599,0.828375,0.915641,0.826231,0.854217,0.851862,0.846875,0.82013,0.876721,0.906211,0.912943,0.849146,0.824337,0.810702,0.89811,0.935628,0.900184,0.912873,0.828084,0.902537,0.839307,0.885808,0.865885,0.882016,0.790369,0.878427,0.80249,0.819797,0.802701,0.922636,0.916987,0.90304,0.94973,0.927031,0.859231,0.834932,0.912239,0.904838,0.825618,0.840257,0.91663,0.850239,0.877454,0.920315,0.935163,0.884649,0.918985,0.897953,0.906446
0.865486,0.928862,0.868897,0.836122,0.938458,0.904273,0.85947,1,0.857086,0.902699,0.832541,0.875369,0.8854127,0.959095,0.870139,0.815527,0.849496,0.728495,0.764376,0.82832,0.846159,0.895883,0.826255,0.885587,0.7726963,0.743779,0.858026,0.84543,0.888672,0.83591,0.840362,0.894434,0.8043154,0.800042,0.88279,0.878498,0.922675,0.867644,0.88783,0.759236,0.916381,0.864784,0.852027,0.859825,0.928099,0.826601,0.964594,0.956902,0.85795,0.823957,0.824697,0.966961,0.819754,0.812216,0.827809,0.912722,0.913305,0.932224,0.874293,0.959003,0.859286,0.779289,0.859004,0.891224,0.750316,0.812783,0.848713,0.837664,0.84712,0.88248,0.922701,0.865058,0.794271,0.774104,0.918695,0.734621,0.953466,0.775491,0.843898,0.790004,0.851101,0.804763,0.926116,0.831791,0.825358,0.762582,0.847968,0.787435,0.916518,0.880046,0.765802,0.859704,0.849752,0.784224,0.837507,0.918164,0.898899,0.848907,0.752891,0.820292
0.819239,0.822648,0.859076,0.877911,0.838681,0.932699,0.916501,0.857086,1,0.75688,0.876662,0.891669,0.89451,0.850165,0.855537,0.828983,0.885718,0.7384,0.776744,0.853081,0.847795,0.838166,0.864254,0.775214,0.851884,0.791103,0.836039,0.829295,0.859993,0.822098,0.833136,0.917267,0.900979,0.770953,0.837465,0.893972,0.91176,0.788796,0.925777,0.783755,0.881928,0.938058,0.856454,0.828926,0.835969,0.754893,0.858642,0.812684,0.868777,0.852118,0.858999,0.8299663,0.839187,0.953163,0.783203,0.854815,0.864712,0.846113,0.840839,0.791628,0.883403,0.838484,0.866367,0.850214,0.771136,0.80088,0.832967,0.84325,0.840629,0.839762,0.891635,0.814936,0.787956,0.803469,0.906902,0.806649,0.927912,0.80378,0.811687,0.765102,0.837445,0.897335,0.828889,0.873684,0.83075,0.820561,0.820196,0.86935,0.868662,0.843209,0.839124,0.79044,0.834473,0.819464,0.847946,0.956827,0.787094,0.864686,0.807488,0.848867
0.887622,0.900585,0.833676,0.795772,0.87464,0.783883,0.819004,0.902699,0.75688,1,0.807764,0.821852,0.826115,0.907975,0.865807,0.869541,0.836587,0.830885,0.816189,0.825031,0.828918,0.903687,0.807809,0.916646,0.812206,0.825844,0.91213,0.893709,0.882213,0.894933,0.804683,0.814515,0.756147,0.895505,0.920419,0.837348,0.813604,0.919305,0.862408,0.887433,0.914199,0.810122,0.860171,0.918687,0.864701,0.888554,0.879768,0.939172,0.896055,0.819466,0.793876,0.893582,0.883768,0.7299,0.914064,0.829174,0.920379,0.881591,0.877623,0.915838,0.83118,0.832473,0.867204,0.902429,0.880031,0.864391,0.846194,0.902857,0.899288,0.865391,0.888678,0.911025,0.854059,0.904219,0.837047,0.796202,0.853913,0.862546,0.819872,0.8512,0.910766,0.7622367,0.91137,0.845322,0.817207,0.793566,0.836974,0.850749,0.886302,0.850037,0.844657,0.869885,0.886991,0.915585,0.894732,0.84777,0.949298,0.850548,0.808585,0.814222
0.819795,0.896752,0.811298,0.876385,0.85242,0.871166,0.898141,0.832541,0.876662,0.807764,1,0.980742,0.911673,0.884163,0.885555,0.788313,0.966399,0.77793,0.859365,0.857357,0.898136,0.855939,0.869416,0.830372,0.881408,0.775928,0.862251,0.861657,0.853828,0.924775,0.953254,0.848098,0.7499054,0.794001,0.856609,0.972666,0.846201,0.816526,0.947642,0.89582,0.837137,0.893223,0.892565,0.840381,0.888093,0.805341,0.893671,0.806991,0.812599,0.98194,0.98568,0.899606,0.833328,0.848356,0.882112,0.827607,0.88362,0.870109,0.89199,0.840525,0.992472,0.896639,0.845509,0.886794,0.909877,0.869452,0.861215,0.880649,0.832948,0.915787,0.928554,0.907256,0.820229,0.864423,0.916722,0.834245,0.880935,0.827365,0.898666,0.904398,0.854113,0.91367,0.842447,0.938992,0.845761,0.965191,0.890787,0.791022,0.93048,0.903032,0.779481,0.859892,0.850289,0.880573,0.866805,0.94015,0.832659,0.946081,0.877937,0.972164
0.822761,0.925524,0.852022,0.883392,0.849287,0.89313,0.88794,0.875369,0.891669,0.821852,0.980742,1,0.879239,0.923309,0.887699,0.797395,0.961027,0.815869,0.883692,0.881141,0.943972,0.835622,0.924694,0.861875,0.87234,0.832387,0.837851,0.893225,0.886123,0.918341,0.925685,0.869586,0.783909,0.817696,0.840259,0.990909,0.857725,0.834574,0.959858,0.87848,0.883462,0.905291,0.877851,0.824662,0.832705,0.844445,0.920379,0.809528,0.830354,0.935089,0.983251,0.921709,0.868261,0.866219,0.906648,0.831001,0.907173,0.903702,0.920833,0.871226,0.986676,0.879416,0.884065,0.918459,0.884279,0.830923,0.880309,0.861032,0.837354,0.924734,0.962359,0.908692,0.853335,0.842973,0.949544,0.859644,0.903853,0.861774,0.892045,0.880004,0.83658,0.915349,0.844159,0.90433,0.882196,0.944439,0.893306,0.783594,0.956475,0.925625,0.805648,0.895418,0.8824,0.853027,0.847865,0.945985,0.866103,0.941558,0.84667,0.924768
0.926074,0.875068,0.884993,0.913456,0.966057,0.938902,0.936778,0.8854127,0.89451,0.826115,0.911673,0.879239,1,0.862566,0.902432,0.874366,0.910678,0.728651,0.779624,0.829521,0.82726,0.959682,0.789324,0.882531,0.87543,0.712406,0.943274,0.828259,0.856715,0.889995,0.933226,0.92086,0.875263,0.836898,0.938603,0.867501,0.919618,0.896222,0.904664,0.854691,0.848056,0.888193,0.899816,0.924282,0.953841,0.800448,0.923192,0.89756,0.874678,0.912991,0.862535,0.905478,0.806135,0.835931,0.827125,0.882667,0.906821,0.914033,0.858537,0.917986,0.907163,0.883372,0.858521,0.862368,0.847599,0.861846,0.849997,0.940375,0.915419,0.907867,0.874348,0.896103,0.807813,0.880329,0.867357,0.718884,0.94128,0.767617,0.854061,0.839531,0.934276,0.855433,0.945277,0.916035,0.825582,0.837112,0.86367,0.879792,0.88042,0.877982,0.776647,0.836653,0.814639,0.897149,0.944766,0.934913,0.87836,0.896858,0.858066,0.911766
0.858618,0.988693,0.831101,0.88616,0.909853,0.868033,0.906735,0.959095,0.850165,0.907975,0.884163,0.923309,0.862566,1,0.937671,0.829752,0.905302,0.79083,0.83958,0.911895,0.90909,0.874456,0.885729,0.886871,0.827486,0.766027,0.856309,0.856169,0.870059,0.839824,0.818497,0.848513,0.76766,0.830002,0.869603,0.932084,0.853025,0.872448,0.938318,0.801172,0.888805,0.895775,0.914168,0.869486,0.872553,0.883633,0.974089,0.906285,0.836698,0.867364,0.892765,0.98836,0.840446,0.830192,0.854104,0.848409,0.88979,0.889915,0.863321,0.92117,0.917695,0.848134,0.844807,0.879888,0.781631,0.870786,0.92951,0.835945,0.84564,0.853166,0.973108,0.867043,0.857354,0.800064,0.937965,0.805323,0.910849,0.80485,0.810408,0.790253,0.855272,0.856983,0.89254,0.891996,0.902139,0.836872,0.829735,0.800042,0.977801,0.857932,0.792603,0.93198,0.906092,0.811211,0.83336,0.932991,0.902246,0.917924,0.829356,0.866316
0.918371,0.969045,0.870742,0.96696,0.917012,0.891304,0.966707,0.870139,0.855537,0.865807,0.885555,0.887699,0.902432,0.937671,1,0.89321,0.912561,0.836437,0.875196,0.946512,0.90712,0.921852,0.916079,0.90427,0.949489,0.792464,0.920916,0.848816,0.828011,0.834575,0.81916,0.865771,0.833889,0.892752,0.922185,0.883212,0.848574,0.919218,0.908789,0.826964,0.798652,0.939505,0.99217,0.919474,0.877399,0.944552,0.943554,0.885638,0.872532,0.905179,0.896322,0.92828,0.840727,0.869893,0.842632,0.833223,0.836142,0.828858,0.82896,0.900262,0.895234,0.941062,0.867828,0.832901,0.822384,0.956438,0.965206,0.883906,0.917376,0.816825,0.904276,0.832763,0.941633,0.866488,0.856973,0.815176,0.820271,0.835471,0.82142,0.812021,0.923309,0.905292,0.919309,0.970728,0.944388,0.885887,0.8431,0.880357,0.922099,0.830758,0.821344,0.975387,0.870353,0.878186,0.91296,0.875662,0.91431,0.915798,0.926472,0.901837
0.986687,0.866192,0.938097,0.917091,0.921416,0.867621,0.909196,0.815527,0.828983,0.869541,0.788313,0.797395,0.874366,0.829752,0.89321,1,0.810215,0.872978,0.834843,0.906775,0.845548,0.943292,0.822108,0.974709,0.833201,0.871394,0.945728,0.910028,0.906055,0.851211,0.807522,0.883838,0.949547,0.970181,0.93794,0.797409,0.859193,0.981029,0.810886,0.847174,0.836811,0.851945,0.865921,0.957594,0.83152,0.862175,0.864481,0.871087,0.912474,0.780975,0.806916,0.842491,0.915804,0.847201,0.893086,0.849557,0.867677,0.864721,0.871906,0.916025,0.798557,0.824575,0.899309,0.877004,0.841707,0.818264,0.903214,0.918961,0.96112,0.835716,0.799057,0.855938,0.876459,0.878331,0.826138,0.802562,0.798636,0.851559,0.861175,0.858993,0.956229,0.814114,0.933409,0.835392,0.914394,0.772049,0.882357,0.986075,0.826535,0.862628,0.955895,0.882068,0.759299,0.88821,0.943737,0.807958,0.954635,0.809526,0.801727,0.778122
0.843458,0.913117,0.810792,0.916183,0.840597,0.863274,0.931674,0.849496,0.885718,0.836587,0.966399,0.961027,0.910678,0.905302,0.912561,0.810215,1,0.806507,0.88405,0.864107,0.930987,0.869251,0.877596,0.838277,0.938599,0.772525,0.88301,0.822686,0.844346,0.910312,0.896339,0.826991,0.76997,0.811364,0.875194,0.956877,0.829081,0.836176,0.984428,0.891059,0.857241,0.921082,0.925188,0.860565,0.85368,0.844904,0.889382,0.794415,0.850819,0.941946,0.948751,0.898852,0.800148,0.851917,0.879741,0.791766,0.908427,0.894591,0.866689,0.846959,0.974817,0.940565,0.828956,0.872251,0.879169,0.884507,0.889685,0.911552,0.864733,0.910054,0.96354,0.910303,0.846781,0.8961,0.896047,0.825995,0.888533,0.807691,0.836151,0.84748,0.882968,0.915362,0.852684,0.957091,0.871761,0.931275,0.831315,0.820002,0.956428,0.867621,0.755321,0.893735,0.90737,0.900706,0.900187,0.952287,0.846246,0.982534,0.921251,0.938025
0.833358,0.823282,0.830752,0.829659,0.766728,0.747274,0.797067,0.728495,0.7384,0.830885,0.77793,0.815869,0.728651,0.79083,0.836437,0.872978,0.806507,1,0.968252,0.894631,0.914831,0.771255,0.893394,0.878909,0.857235,0.96073,0.793359,0.844119,0.836601,0.805428,0.741416,0.724713,0.80546,0.926278,0.785962,0.811691,0.690476,0.86461,0.811132,0.85442,0.787655,0.768494,0.821491,0.800572,0.680387,0.927476,0.784408,0.726006,0.785221,0.741766,0.80736,0.776711,0.857741,0.748425,0.916243,0.687868,0.818464,0.830315,0.812156,0.805552,0.799186,0.859961,0.813357,0.824031,0.841065,0.823877,0.874033,0.808255,0.832037,0.786096,0.827469,0.808623,0.927259,0.862532,0.81155,0.939749,0.730428,0.88203,0.758216,0.791629,0.808329,0.762277,0.780991,0.787306,0.913713,0.805074,0.777822,0.849511,0.836075,0.793904,0.905342,0.910975,0.879291,0.834354,0.802412,0.764545,0.863411,0.815882,0.810339,0.732712
0.81953,0.868758,0.789815,0.856305,0.780431,0.764021,0.840701,0.764376,0.776744,0.816189,0.859365,0.883692,0.779624,0.83958,0.875196,0.834843,0.88405,0.968252,1,0.924834,0.939847,0.786461,0.89397,0.858983,0.898845,0.877153,0.801308,0.857617,0.861211,0.844449,0.802489,0.763855,0.761231,0.881306,0.789534,0.892404,0.740953,0.830883,0.895164,0.86728,0.820682,0.845926,0.869601,0.799704,0.713841,0.920714,0.813859,0.736211,0.792696,0.825085,0.884078,0.8189,0.852265,0.771336,0.90762,0.715294,0.855819,0.846826,0.852468,0.811302,0.878908,0.919986,0.80457,0.861555,0.856176,0.866729,0.914088,0.832655,0.811823,0.83283,0.895716,0.840803,0.932567,0.872664,0.868671,0.954992,0.792119,0.880224,0.795342,0.809586,0.808966,0.836973,0.784306,0.861189,0.917377,0.889341,0.806653,0.823778,0.897505,0.837203,0.852376,0.937318,0.931381,0.845036,0.815407,0.844721,0.841772,0.895014,0.869283,0.814876
0.892296,0.946401,0.834181,0.927832,0.877245,0.827386,0.926024,0.82832,0.853081,0.825031,0.857357,0.881141,0.829521,0.911895,0.946512,0.906775,0.864107,0.894631,0.924834,1,0.918861,0.8587,0.902506,0.904466,0.857998,0.836039,0.848941,0.881774,0.893418,0.80959,0.792357,0.842012,0.856174,0.8863,0.840391,0.895963,0.805243,0.885176,0.88881,0.795758,0.835781,0.891534,0.91535,0.874205,0.764974,0.90124,0.897844,0.809757,0.808217,0.833697,0.893207,0.90355,0.889312,0.88218,0.851795,0.783349,0.836751,0.825083,0.853582,0.866013,0.879826,0.878722,0.844508,0.864419,0.791182,0.868808,0.986997,0.829351,0.848404,0.800466,0.901818,0.817497,0.916315,0.799366,0.908696,0.903151,0.792995,0.833576,0.814957,0.803819,0.858525,0.869888,0.851215,0.881964,0.975019,0.867559,0.836479,0.888389,0.927717,0.843314,0.898846,0.960355,0.868771,0.802044,0.839098,0.859039,0.881917,0.890692,0.849988,0.826638
0.846108,0.923535,0.872387,0.91245,0.830574,0.848259,0.87932,0.846159,0.847795,0.828918,0.898136,0.943972,0.82726,0.90909,0.90712,0.845548,0.930987,0.914831,0.939847,0.918861,1,0.814384,0.955555,0.892145,0.905903,0.877422,0.82065,0.848315,0.850863,0.855383,0.827619,0.805137,0.825455,0.85447,0.82531,0.925692,0.77968,0.866348,0.938776,0.818604,0.844915,0.87134,0.886581,0.805255,0.776713,0.905962,0.901123,0.80395,0.802121,0.851614,0.909416,0.889724,0.82421,0.815334,0.88987,0.7486217,0.889528,0.911457,0.866596,0.874268,0.916089,0.895211,0.856812,0.873269,0.816258,0.835604,0.919294,0.846355,0.845433,0.863708,0.951312,0.851031,0.892922,0.826863,0.899629,0.851486,0.856505,0.831597,0.806042,0.796697,0.826386,0.838153,0.839349,0.882631,0.962605,0.880585,0.817113,0.80456,0.947853,0.861733,0.807315,0.947078,0.905389,0.820104,0.839165,0.89107,0.879644,0.919374,0.828555,0.840692
0.981258,0.897186,0.923937,0.901852,0.974267,0.911827,0.918287,0.895883,0.838166,0.903687,0.855939,0.835622,0.959682,0.874456,0.921852,0.943292,0.869251,0.771255,0.786461,0.8587,0.814384,1,0.814932,0.952352,0.875766,0.770676,0.991331,0.891746,0.890265,0.911427,0.896599,0.930581,0.893616,0.912237,0.99118,0.829686,0.912676,0.967791,0.86052,0.881486,0.85866,0.876805,0.917003,0.986727,0.943647,0.858306,0.913407,0.953479,0.927245,0.872162,0.838923,0.897074,0.875835,0.823966,0.873989,0.898916,0.911018,0.892009,0.890724,0.959357,0.856137,0.874753,0.919289,0.892758,0.880496,0.884249,0.882876,0.963882,0.972116,0.90294,0.835667,0.913085,0.857511,0.911293,0.821056,0.736889,0.877195,0.833953,0.887547,0.876722,0.987402,0.848364,0.989741,0.909587,0.850897,0.825159,0.905407,0.937457,0.853675,0.896681,0.855599,0.878273,0.796989,0.934862,0.983619,0.862275,0.958684,0.865565,0.864731,0.869438
0.827831,0.907274,0.8964,0.888724,0.817204,0.875448,0.849059,0.826255,0.864254,0.807809,0.869416,0.924694,0.789324,0.885729,0.916079,0.822108,0.877596,0.893394,0.89397,0.902506,0.955555,0.814932,1,0.866039,0.899346,0.918148,0.814191,0.882103,0.862327,0.841665,0.808108,0.866583,0.848113,0.848924,0.836261,0.910401,0.814137,0.858392,0.89642,0.798786,0.855398,0.883095,0.907773,0.812762,0.782362,0.933704,0.891655,0.826908,0.822029,0.829576,0.910686,0.859495,0.886248,0.888512,0.866123,0.805687,0.848741,0.84911,0.880767,0.857783,0.880272,0.866881,0.910328,0.875431,0.80974,0.866458,0.900148,0.789981,0.852624,0.841154,0.905483,0.811717,0.930421,0.794099,0.868256,0.902048,0.807303,0.903311,0.842286,0.814699,0.820929,0.874614,0.849682,0.880112,0.939568,0.897226,0.85231,0.785642,0.896185,0.879173,0.859644,0.945247,0.887345,0.800344,0.815315,0.844642,0.877589,0.865749,0.841352,0.820322
0.98128,0.908604,0.956957,0.898188,0.946629,0.892381,0.887683,0.885587,0.775214,0.916646,0.830372,0.861875,0.882531,0.886871,0.90427,0.974709,0.838277,0.878909,0.858983,0.904466,0.892145,0.952352,0.866039,1,0.830905,0.87107,0.945136,0.938753,0.935146,0.900626,0.859618,0.907355,0.917014,0.960261,0.950071,0.850839,0.870106,0.988762,0.844898,0.865998,0.890966,0.838059,0.874462,0.9533,0.862921,0.8897,0.911655,0.918742,0.901402,0.801938,0.851021,0.89571,0.921368,0.791775,0.937397,0.875399,0.92756,0.932792,0.927156,0.969689,0.845165,0.823919,0.942261,0.932082,0.867253,0.826014,0.909212,0.915478,0.960695,0.900867,0.868492,0.904409,0.889524,0.870598,0.868286,0.799095,0.841103,0.879404,0.901786,0.890178,0.950754,0.811015,0.963149,0.842269,0.918975,0.808396,0.921599,0.936837,0.88727,0.923385,0.916253,0.912958,0.816139,0.885356,0.937644,0.824267,0.988377,0.837237,0.797024,0.79657
0.863563,0.871253,0.834938,0.930339,0.834027,0.852808,0.91816,0.7726963,0.851884,0.812206,0.881408,0.87234,0.87543,0.827486,0.949489,0.833201,0.938599,0.857235,0.898845,0.857998,0.905903,0.875766,0.899346,0.830905,1,0.826892,0.894249,0.79017,0.774936,0.847482,0.818195,0.818798,0.806996,0.858657,0.893994,0.861638,0.809448,0.865351,0.930074,0.856621,0.796385,0.918623,0.972445,0.867457,0.846834,0.930041,0.852373,0.822497,0.866975,0.892363,0.870635,0.818821,0.781326,0.837353,0.83843,0.779097,0.851871,0.83551,0.797379,0.819941,0.884383,0.978735,0.830404,0.804125,0.849765,0.96175,0.882915,0.890514,0.897165,0.829957,0.895064,0.836292,0.931039,0.915306,0.793713,0.823846,0.826545,0.842467,0.778787,0.800426,0.895633,0.879817,0.867304,0.969717,0.88061,0.898586,0.787745,0.836101,0.878596,0.796794,0.749403,0.924251,0.92548,0.905611,0.906013,0.877836,0.848539,0.930398,0.951149,0.885508
0.823289,0.780772,0.884448,0.797115,0.750842,0.800529,0.74394,0.743779,0.791103,0.825844,0.775928,0.832387,0.712406,0.766027,0.792464,0.871394,0.772525,0.96073,0.877153,0.836039,0.877422,0.770676,0.918148,0.87107,0.826892,1,0.797121,0.900052,0.860952,0.845572,0.762805,0.817891,0.846381,0.911751,0.814767,0.813862,0.754448,0.871572,0.788702,0.848119,0.855016,0.761227,0.788157,0.792057,0.714596,0.906317,0.788474,0.782216,0.831595,0.729057,0.80727,0.749599,0.929164,0.802681,0.913257,0.750182,0.832996,0.826024,0.872269,0.812629,0.781196,0.793895,0.907325,0.870187,0.858225,0.791755,0.793684,0.785525,0.858399,0.819863,0.795277,0.806842,0.897914,0.842248,0.784145,0.919979,0.747927,0.956789,0.818412,0.823891,0.809204,0.763726,0.807675,0.759024,0.872211,0.798745,0.831402,0.848954,0.782324,0.85557,0.939732,0.851907,0.834614,0.83684,0.803716,0.754197,0.879191,0.752191,0.758794,0.717734
0.976197,0.883577,0.910586,0.904748,0.94528,0.889926,0.917418,0.858026,0.836039,0.91213,0.862251,0.837851,0.943274,0.856309,0.920916,0.945728,0.88301,0.793359,0.801308,0.848941,0.82065,0.991331,0.814191,0.945136,0.894249,0.797121,1,0.895975,0.87626,0.923878,0.884366,0.90763,0.875856,0.930458,0.99525,0.831347,0.890746,0.971481,0.875032,0.914917,0.861419,0.882283,0.921213,0.99099,0.923794,0.86619,0.889974,0.93663,0.946338,0.880967,0.841465,0.870922,0.884335,0.818781,0.895988,0.875383,0.918045,0.883153,0.884597,0.931007,0.862461,0.894654,0.916704,0.889639,0.912586,0.896226,0.872683,0.981212,0.985284,0.897815,0.842541,0.923307,0.867046,0.948312,0.804908,0.748839,0.868051,0.855121,0.873904,0.892862,0.99794,0.850331,0.974601,0.919487,0.844273,0.836433,0.895108,0.949648,0.851204,0.881869,0.864289,0.873113,0.820938,0.966887,0.996093,0.867091,0.958873,0.87855,0.877752,0.877639
0.904936,0.863943,0.900088,0.822511,0.871845,0.864071,0.831803,0.84543,0.829295,0.893709,0.861657,0.893225,0.828259,0.856169,0.848816,0.910028,0.822686,0.844119,0.857617,0.881774,0.848315,0.891746,0.882103,0.938753,0.79017,0.900052,0.895975,1,0.96254,0.939089,0.880817,0.923538,0.845691,0.915884,0.900581,0.901471,0.883228,0.916683,0.849368,0.906929,0.935396,0.857094,0.829382,0.903699,0.802998,0.846186,0.858444,0.882059,0.907844,0.821912,0.892241,0.850483,0.990848,0.835339,0.952881,0.869845,0.92603,0.883024,0.978107,0.899366,0.874311,0.803148,0.965287,0.977034,0.916259,0.801412,0.859229,0.881886,0.908173,0.919992,0.862233,0.928134,0.867899,0.861699,0.899244,0.879452,0.851351,0.943576,0.933708,0.928985,0.897993,0.866472,0.895767,0.818277,0.838007,0.860513,0.955779,0.905792,0.861886,0.961944,0.953225,0.858911,0.830614,0.883085,0.887632,0.845756,0.941473,0.820536,0.778594,0.811612
0.901443,0.870567,0.878698,0.807402,0.890656,0.848398,0.830744,0.888672,0.859993,0.882213,0.853828,0.886123,0.856715,0.870059,0.828011,0.906055,0.844346,0.836601,0.861211,0.893418,0.850863,0.890265,0.862327,0.935146,0.774936,0.860952,0.87626,0.96254,1,0.929389,0.889495,0.912145,0.877214,0.868449,0.877002,0.900691,0.865866,0.891664,0.883393,0.866055,0.971235,0.829876,0.804434,0.889096,0.809406,0.807023,0.866997,0.88477,0.858989,0.797861,0.86541,0.874371,0.952392,0.828699,0.920748,0.834099,0.963909,0.929788,0.974295,0.923886,0.873207,0.803534,0.929624,0.985294,0.864351,0.7631,0.877834,0.89815,0.867001,0.940405,0.887589,0.930006,0.817222,0.838983,0.927997,0.869835,0.906374,0.871193,0.901743,0.870825,0.877108,0.81694,0.895107,0.801238,0.855974,0.825488,0.913379,0.895185,0.88921,0.960919,0.927311,0.852392,0.843691,0.853182,0.877752,0.889775,0.919705,0.848647,0.758503,0.787487
0.879829,0.847058,0.870067,0.808219,0.861086,0.840938,0.831452,0.83591,0.822098,0.894933,0.924775,0.918341,0.889995,0.839824,0.834575,0.851211,0.910312,0.805428,0.844449,0.80959,0.855383,0.911427,0.841665,0.900626,0.847482,0.845572,0.923878,0.939089,0.929389,1,0.951404,0.884375,0.7955153,0.854231,0.921652,0.917582,0.852626,0.88538,0.899994,0.962415,0.925602,0.837811,0.846046,0.906602,0.883654,0.809524,0.840074,0.870578,0.88563,0.901817,0.918067,0.847872,0.914054,0.781621,0.950557,0.846086,0.959942,0.921108,0.971097,0.891689,0.926429,0.863396,0.919608,0.965216,0.966256,0.838308,0.814294,0.944439,0.900327,0.981645,0.883316,0.979178,0.814422,0.922271,0.869667,0.840097,0.880738,0.890859,0.940751,0.954088,0.915214,0.860509,0.90072,0.881419,0.794248,0.908394,0.94004,0.856666,0.880264,0.96538,0.855753,0.828004,0.847762,0.943647,0.927925,0.884472,0.908659,0.89414,0.855184,0.897603
0.852598,0.827357,0.861817,0.81179,0.890231,0.886415,0.835631,0.840362,0.833136,0.804683,0.953254,0.925685,0.933226,0.818497,0.81916,0.807522,0.896339,0.741416,0.802489,0.792357,0.827619,0.896599,0.808108,0.859618,0.818195,0.762805,0.884366,0.880817,0.889495,0.951404,1,0.898102,0.8003634,0.792655,0.884101,0.909607,0.895831,0.835774,0.872467,0.893584,0.857665,0.82517,0.828563,0.858222,0.936868,0.753392,0.862836,0.858006,0.819803,0.935794,0.930098,0.861064,0.843112,0.791458,0.88211,0.89745,0.910195,0.906825,0.928797,0.883478,0.934607,0.833156,0.880724,0.91619,0.918505,0.819193,0.793575,0.897659,0.847385,0.961463,0.851539,0.928671,0.774825,0.852078,0.877746,0.780298,0.893181,0.821334,0.959671,0.938903,0.868895,0.850625,0.886919,0.875144,0.780942,0.911643,0.945628,0.800492,0.857087,0.952363,0.785456,0.795592,0.779711,0.877076,0.885331,0.889851,0.848243,0.872008,0.819399,0.926555
0.918319,0.851378,0.950708,0.867816,0.934082,0.972416,0.8838,0.894434,0.917267,0.814515,0.848098,0.869586,0.92086,0.848513,0.865771,0.883838,0.826991,0.724713,0.763855,0.842012,0.805137,0.930581,0.866583,0.907355,0.818798,0.817891,0.90763,0.923538,0.912145,0.884375,0.898102,1,0.925008,0.860567,0.922325,0.8581,0.976904,0.901516,0.845964,0.823089,0.887393,0.901629,0.854249,0.904879,0.901596,0.811996,0.904007,0.918169,0.924178,0.816623,0.862624,0.866548,0.914459,0.888746,0.852545,0.962162,0.892901,0.885854,0.932206,0.925256,0.846925,0.800987,0.966363,0.914932,0.826387,0.804794,0.834841,0.878028,0.918033,0.909317,0.819446,0.866448,0.839247,0.816591,0.873488,0.775452,0.921194,0.876638,0.939428,0.878508,0.905569,0.881754,0.941178,0.842037,0.808157,0.819853,0.94857,0.889486,0.81778,0.949814,0.880714,0.833592,0.775968,0.845641,0.90577,0.880924,0.907912,0.801639,0.794149,0.816631
0.94191,0.795155,0.972787,0.899394,0.907065,0.927248,0.879198,0.8043154,0.900979,0.756147,0.7499054,0.783909,0.875263,0.76766,0.833889,0.949547,0.76997,0.80546,0.761231,0.856174,0.825455,0.893616,0.848113,0.917014,0.806996,0.846381,0.875856,0.845691,0.877214,0.7955153,0.8003634,0.925008,1,0.882163,0.882807,0.760539,0.885441,0.921808,0.76186989,0.745104,0.840499,0.817894,0.805917,0.872931,0.854707,0.792034,0.847359,0.849494,0.8421754,0.7338617,0.7534751,0.799206,0.863698,0.88535,0.793582,0.859891,0.8178452,0.87294,0.842445,0.89161,0.7508307,0.760092,0.917873,0.835279,0.7377752,0.743846,0.83173,0.851838,0.9087,0.818929,0.744127,0.791854,0.798334,0.778241,0.807956,0.764076,0.832162,0.806603,0.839681,0.7794069,0.880137,0.792262,0.905417,0.781483,0.886691,0.7197899,0.8438783,0.931945,0.758664,0.854976,0.905668,0.812151,0.6955909,0.790088,0.883347,0.807665,0.878632,0.748664,0.728597,0.73171
0.954751,0.865889,0.911,0.899031,0.883896,0.857746,0.883631,0.800042,0.770953,0.895505,0.794001,0.817696,0.836898,0.830002,0.892752,0.970181,0.811364,0.926278,0.881306,0.8863,0.85447,0.912237,0.848924,0.960261,0.858657,0.911751,0.930458,0.915884,0.868449,0.854231,0.792655,0.860567,0.882163,1,0.926438,0.804702,0.835722,0.972479,0.810137,0.883997,0.815145,0.846674,0.872494,0.940393,0.804502,0.929587,0.860871,0.856414,0.929697,0.77493,0.821603,0.833582,0.91961,0.797203,0.94,0.835137,0.858926,0.845914,0.866294,0.894075,0.80282,0.848293,0.913826,0.86892,0.881685,0.854451,0.889142,0.900816,0.961643,0.826926,0.810935,0.850505,0.943872,0.916473,0.808669,0.832824,0.774249,0.927096,0.859292,0.877937,0.945973,0.809887,0.910776,0.835151,0.898536,0.792757,0.881057,0.954533,0.83022,0.855988,0.940032,0.901876,0.810573,0.914693,0.928858,0.788116,0.962315,0.807,0.822688,0.768836
0.974321,0.890816,0.932121,0.901812,0.949267,0.90723,0.911071,0.88279,0.837465,0.920419,0.856609,0.840259,0.938603,0.869603,0.922185,0.93794,0.875194,0.785962,0.789534,0.840391,0.82531,0.99118,0.836261,0.950071,0.893994,0.814767,0.99525,0.900581,0.877002,0.921652,0.884101,0.922325,0.882807,0.926438,1,0.830196,0.90038,0.97513,0.86468,0.89682,0.859878,0.881358,0.923482,0.983461,0.9406,0.876681,0.90615,0.958957,0.946718,0.876896,0.839875,0.879598,0.886325,0.827629,0.891049,0.891052,0.91141,0.885263,0.892144,0.948005,0.852813,0.878306,0.93533,0.892754,0.902252,0.894978,0.867796,0.964365,0.98777,0.89992,0.836373,0.909429,0.870277,0.931244,0.807183,0.739158,0.86254,0.864126,0.882411,0.886801,0.992844,0.846185,0.986933,0.917944,0.846715,0.835176,0.900079,0.931724,0.84528,0.891605,0.854672,0.879486,0.804372,0.955697,0.990132,0.855475,0.968725,0.859471,0.868304,0.87295
0.812435,0.929867,0.816691,0.867562,0.837401,0.864739,0.889094,0.878498,0.893972,0.837348,0.972666,0.990909,0.867501,0.932084,0.883212,0.797409,0.956877,0.811691,0.892404,0.895963,0.925692,0.829686,0.910401,0.850839,0.861638,0.813862,0.831347,0.901471,0.900691,0.917582,0.909607,0.8581,0.760539,0.804702,0.830196,1,0.84853,0.81829,0.965044,0.880541,0.900208,0.914849,0.875883,0.8234,0.813301,0.835714,0.908669,0.81211,0.828086,0.924011,0.978926,0.924076,0.877219,0.86901,0.899357,0.807436,0.907894,0.888717,0.924952,0.858531,0.987761,0.881657,0.867966,0.927056,0.877041,0.834948,0.884046,0.858352,0.819051,0.920688,0.969241,0.918918,0.844345,0.840046,0.967473,0.893549,0.905129,0.854038,0.875303,0.866573,0.828815,0.929988,0.829911,0.903204,0.872514,0.940996,0.880869,0.795754,0.960677,0.92039,0.826469,0.890659,0.900905,0.851762,0.83869,0.956472,0.854943,0.948764,0.854239,0.913426
0.89686,0.831675,0.909819,0.868341,0.916004,0.964568,0.883861,0.922675,0.91176,0.813604,0.846201,0.857725,0.919618,0.853025,0.848574,0.859193,0.829081,0.690476,0.740953,0.805243,0.77968,0.912676,0.814137,0.870106,0.809448,0.754448,0.890746,0.883228,0.865866,0.852626,0.895831,0.976904,0.885441,0.835722,0.90038,0.84853,1,0.87211,0.857967,0.804146,0.909162,0.920525,0.840385,0.879424,0.895015,0.77802,0.884543,0.918322,0.930531,0.8122369,0.857523,0.853674,0.862841,0.886423,0.826865,0.975139,0.897337,0.890348,0.88833,0.89294,0.845045,0.799535,0.927637,0.882325,0.814823,0.792957,0.794383,0.874272,0.89646,0.88914,0.853388,0.86777,0.817124,0.809897,0.860332,0.738464,0.952801,0.840046,0.942031,0.884993,0.887586,0.891058,0.912703,0.833845,0.77964,0.818194,0.944698,0.868362,0.822637,0.91238,0.833607,0.800354,0.809871,0.83223,0.893438,0.904387,0.871356,0.817553,0.769905,0.8028588
0.990461,0.899412,0.956511,0.916653,0.944674,0.897723,0.905421,0.867644,0.788796,0.919305,0.816526,0.834574,0.896222,0.872448,0.919218,0.981029,0.836176,0.86461,0.830883,0.885176,0.866348,0.967791,0.858392,0.988762,0.865351,0.871572,0.971481,0.916683,0.891664,0.88538,0.835774,0.901516,0.921808,0.972479,0.97513,0.81829,0.87211,1,0.829718,0.868492,0.851468,0.855484,0.899489,0.971554,0.885151,0.902082,0.907216,0.927381,0.930035,0.815409,0.828314,0.880796,0.903223,0.796458,0.918702,0.872414,0.896701,0.896189,0.891406,0.95604,0.824352,0.845503,0.93964,0.89457,0.868743,0.858764,0.897874,0.933025,0.987233,0.870317,0.838886,0.882814,0.898605,0.902131,0.82444,0.764837,0.815127,0.880941,0.881236,0.877695,0.977042,0.815389,0.972725,0.870703,0.907154,0.7941,0.902821,0.954076,0.858441,0.887904,0.90564,0.907427,0.792945,0.917871,0.965635,0.810198,0.989388,0.827325,0.823339,0.811177
0.839306,0.930321,0.808335,0.916123,0.8375,0.871285,0.933414,0.88783,0.925777,0.862408,0.947642,0.959858,0.904664,0.938318,0.908789,0.810886,0.984428,0.811132,0.895164,0.88881,0.938776,0.86052,0.89642,0.844898,0.930074,0.788702,0.875032,0.849368,0.883393,0.899994,0.872467,0.845964,0.76186989,0.810137,0.86468,0.965044,0.857967,0.829718,1,0.874627,0.903291,0.949076,0.916503,0.854159,0.824646,0.850476,0.899054,0.823045,0.874772,0.914015,0.932307,0.917593,0.833374,0.880541,0.881362,0.808552,0.929136,0.905399,0.882554,0.857918,0.9676,0.941015,0.839739,0.8999,0.854886,0.872958,0.89946,0.910188,0.86219,0.90269,0.986535,0.908663,0.85145,0.886519,0.932767,0.858158,0.923521,0.815323,0.818693,0.817159,0.875259,0.916865,0.84223,0.943822,0.872357,0.90754,0.825995,0.83766,0.975617,0.873141,0.786968,0.903093,0.940559,0.889265,0.89435,0.978896,0.852695,0.978857,0.898705,0.907716
0.857142,0.818099,0.799922,0.80076,0.814823,0.783963,0.826167,0.759236,0.783755,0.887433,0.89582,0.87848,0.854691,0.801172,0.826964,0.847174,0.891059,0.85442,0.86728,0.795758,0.818604,0.881486,0.798786,0.865998,0.856621,0.848119,0.914917,0.906929,0.866055,0.962415,0.893584,0.823089,0.745104,0.883997,0.89682,0.880541,0.804146,0.868492,0.874627,1,0.869361,0.827363,0.842882,0.90752,0.825689,0.839099,0.790483,0.803156,0.893061,0.885389,0.889921,0.807546,0.898187,0.741937,0.958823,0.806697,0.909772,0.853989,0.91338,0.824058,0.902166,0.893852,0.86773,0.91068,0.983675,0.869418,0.805078,0.939877,0.890795,0.921797,0.852024,0.955127,0.854119,0.969274,0.820314,0.86498,0.826471,0.914867,0.890832,0.942013,0.913114,0.859796,0.850301,0.872691,0.777141,0.886374,0.899503,0.87024,0.857103,0.900783,0.856051,0.818228,0.870096,0.971628,0.917652,0.853029,0.881031,0.889802,0.895929,0.887543
0.844271,0.864989,0.862525,0.782945,0.846686,0.841394,0.812633,0.916381,0.881928,0.914199,0.837137,0.883462,0.848056,0.888805,0.798652,0.836811,0.857241,0.787655,0.820682,0.835781,0.844915,0.85866,0.855398,0.890966,0.796385,0.855016,0.861419,0.935396,0.971235,0.925602,0.857665,0.887393,0.840499,0.815145,0.859878,0.900208,0.909162,0.851468,0.903291,0.869361,1,0.873602,0.786452,0.855403,0.804555,0.800229,0.856432,0.914477,0.917332,0.771821,0.842336,0.871862,0.921907,0.820484,0.91058,0.879001,0.973746,0.9319,0.960737,0.908368,0.869712,0.814183,0.910158,0.97869,0.846779,0.7520811,0.821706,0.903913,0.85481,0.94285,0.910891,0.944874,0.786132,0.854221,0.911471,0.849624,0.938411,0.858168,0.869231,0.837205,0.858706,0.841173,0.873945,0.800698,0.793664,0.79561,0.882826,0.863664,0.89282,0.941368,0.876611,0.825057,0.881461,0.866293,0.87906,0.910806,0.902824,0.862405,0.764087,0.763257
0.870159,0.894865,0.83721,0.945762,0.857525,0.913842,0.957605,0.864784,0.938058,0.810122,0.893223,0.905291,0.888193,0.895775,0.939505,0.851945,0.921082,0.768494,0.845926,0.891534,0.87134,0.876805,0.883095,0.838059,0.918623,0.761227,0.882283,0.857094,0.829876,0.837811,0.82517,0.901629,0.817894,0.846674,0.881358,0.914849,0.920525,0.855484,0.949076,0.827363,0.873602,1,0.94024,0.869626,0.836064,0.856453,0.885848,0.854294,0.919934,0.882982,0.909737,0.858812,0.847395,0.933588,0.829967,0.882441,0.870825,0.839293,0.844342,0.823522,0.909262,0.914339,0.877607,0.851885,0.814786,0.89603,0.8816,0.873816,0.886648,0.839035,0.933262,0.854543,0.892607,0.849661,0.888873,0.832633,0.906872,0.845392,0.855972,0.833025,0.884748,0.968962,0.861176,0.938789,0.866386,0.884564,0.871065,0.874032,0.902004,0.844567,0.830254,0.888205,0.911304,0.862467,0.888901,0.948259,0.848595,0.917907,0.886917,0.876034
0.898763,0.947098,0.850387,0.949113,0.894839,0.876203,0.954646,0.852027,0.856454,0.860171,0.892565,0.877851,0.899816,0.914168,0.99217,0.865921,0.925188,0.821491,0.869601,0.91535,0.886581,0.917003,0.907773,0.874462,0.972445,0.788157,0.921213,0.829382,0.804434,0.846046,0.828563,0.854249,0.805917,0.872494,0.923482,0.875883,0.840385,0.899489,0.916503,0.842882,0.786452,0.94024,1,0.912209,0.886046,0.945145,0.920473,0.884714,0.87514,0.920898,0.891704,0.901762,0.820898,0.867475,0.829953,0.822226,0.833432,0.812106,0.816266,0.878041,0.89531,0.961238,0.855734,0.818448,0.842655,0.978857,0.940492,0.889453,0.911425,0.821174,0.889856,0.836395,0.939675,0.8866,0.827624,0.818136,0.820238,0.836592,0.806791,0.815127,0.921422,0.909517,0.910837,0.987349,0.911011,0.907387,0.825081,0.863481,0.89853,0.817269,0.79609,0.961192,0.88498,0.897096,0.915911,0.878894,0.895129,0.924083,0.953076,0.91638
0.977389,0.898375,0.89551,0.894452,0.945588,0.87366,0.913754,0.859825,0.828926,0.918687,0.840381,0.824662,0.924282,0.869486,0.919474,0.957594,0.860565,0.800572,0.799704,0.874205,0.805255,0.986727,0.812762,0.9533,0.867457,0.792057,0.99099,0.903699,0.889096,0.906602,0.858222,0.904879,0.872931,0.940393,0.983461,0.8234,0.879424,0.971554,0.854159,0.90752,0.855403,0.869626,0.912209,1,0.896817,0.871046,0.891115,0.926603,0.939194,0.854832,0.835198,0.884327,0.903672,0.822584,0.896732,0.872665,0.899574,0.859926,0.883993,0.933701,0.848041,0.877593,0.916237,0.888557,0.895647,0.884038,0.898314,0.966183,0.974023,0.880514,0.830773,0.91453,0.874709,0.934601,0.805823,0.760034,0.83904,0.865316,0.875613,0.883644,0.993058,0.852505,0.968151,0.899088,0.853872,0.817023,0.898381,0.960674,0.855614,0.880566,0.894998,0.883396,0.803275,0.951854,0.981545,0.844745,0.964997,0.867463,0.87482,0.855086
0.895518,0.862446,0.888438,0.857769,0.943576,0.916119,0.879128,0.928099,0.835969,0.864701,0.888093,0.832705,0.953841,0.872553,0.877399,0.83152,0.85368,0.680387,0.713841,0.764974,0.776713,0.943647,0.782362,0.862921,0.846834,0.714596,0.923794,0.802998,0.809406,0.883654,0.936868,0.901596,0.854707,0.804502,0.9406,0.813301,0.895015,0.885151,0.824646,0.825689,0.804555,0.836064,0.886046,0.896817,1,0.804001,0.922747,0.957627,0.851018,0.920235,0.843556,0.895218,0.778269,0.800636,0.782261,0.908982,0.842715,0.857296,0.833572,0.926918,0.853944,0.822502,0.858709,0.822855,0.859038,0.867663,0.79962,0.883224,0.898744,0.878632,0.803876,0.84048,0.781866,0.837339,0.804897,0.666703,0.865483,0.753802,0.89072,0.882359,0.909317,0.798251,0.953677,0.901738,0.785913,0.853851,0.861179,0.816006,0.811377,0.854199,0.730085,0.815051,0.736267,0.874123,0.913732,0.849026,0.880881,0.812036,0.831263,0.918579
