1,0.83291,0.926117,0.894287,0.933645,0.850156,0.833466,0.847556,0.897063,0.8861,0.86677,0.83814,0.856727,0.901761,0.873376,0.903033,0.846541,0.919419,0.854892,0.806156,0.860978,0.88748,0.854421,0.857258,0.826778,0.816437,0.879873,0.842632,0.892932,0.868155,0.884051,0.868811,0.885953,0.869748,0.917608,0.842083,0.896562,0.841239,0.875364,0.883709,0.884421,0.832343,0.818288,0.924711,0.844025,0.840537,0.913664,0.936344,0.91175,0.844131,0.928015,0.905999,0.915439,0.912564,0.852083,0.906927,0.846938,0.798438,0.841005,0.876304,0.883143,0.871097,0.889381,0.900465,0.914587,0.891594,0.840723,0.876789,0.826502,0.896547,0.799975,0.87652,0.879898,0.857074,0.843901,0.915011,0.853311,0.897898,0.85058,0.848508,0.842216,0.900678,0.961204,0.826148,0.77661,0.849387,0.880914,0.853749,0.915027,0.860086,0.850596,0.828409,0.85129,0.85134,0.855284,0.947643,0.866451,0.804578,0.897938,0.846646
0.83291,1,0.910068,0.84366,0.827839,0.869163,0.834376,0.908827,0.870328,0.937419,0.861889,0.797777,0.742455,0.859441,0.812557,0.836165,0.808442,0.910043,0.919322,0.929132,0.944144,0.874684,0.915373,0.940505,0.932413,0.854812,0.880177,0.934705,0.916818,0.770471,0.941622,0.951222,0.931987,0.958105,0.877676,0.930528,0.823837,0.933019,0.914434,0.88516,0.839605,0.873158,0.86733,0.893164,0.95584,0.925644,0.861593,0.846372,0.851307,0.936755,0.898104,0.942644,0.90961,0.849519,0.968014,0.864784,0.822046,0.874849,0.949491,0.844774,0.892509,0.812078,0.846734,0.908469,0.869746,0.849686,0.824826,0.942446,0.806095,0.793092,0.922659,0.851087,0.898593,0.931035,0.86945,0.862542,0.932072,0.87651,0.886996,0.961844,0.929698,0.860024,0.84832,0.850036,0.777046,0.862399,0.854417,0.956369,0.82163,0.90959,0.941174,0.896694,0.923636,0.85811,0.91603,0.861685,0.930908,0.825038,0.814544,0.945264
0.926117,0.910068,1,0.927559,0.950699,0.90236,0.825493,0.880236,0.806273,0.834005,0.7937333,0.803645,0.771858,0.846791,0.782757,0.87294,0.867976,0.974899,0.91302,0.838108,0.912833,0.898426,0.867964,0.87252,0.870701,0.861661,0.893858,0.872104,0.829178,0.776713,0.949123,0.943539,0.957753,0.920556,0.952379,0.833432,0.805176,0.901705,0.841619,0.92831,0.843554,0.8369,0.896233,0.994447,0.932173,0.925021,0.973282,0.973199,0.864628,0.887095,0.982578,0.974103,0.943111,0.946754,0.931898,0.941918,0.860023,0.863396,0.897862,0.840341,0.924698,0.825583,0.843904,0.91545,0.828213,0.817546,0.746818,0.947583,0.818617,0.808821,0.835239,0.88259,0.824798,0.865854,0.88596,0.863291,0.84673,0.886944,0.913505,0.921176,0.882903,0.845402,0.918356,0.86553,0.825395,0.901254,0.81785,0.931441,0.881418,0.855872,0.892698,0.879214,0.889504,0.836086,0.866873,0.983023,0.945395,0.843343,0.826887,0.889007
0.894287,0.84366,0.927559,1,0.975278,0.914793,0.858683,0.879325,0.825517,0.800735,0.809072,0.893008,0.871723,0.833234,0.820897,0.966746,0.964225,0.890397,0.916776,0.819292,0.885514,0.915674,0.888393,0.891594,0.835409,0.904001,0.891898,0.881705,0.831623,0.849527,0.892004,0.896582,0.887281,0.871162,0.988478,0.841734,0.835918,0.908665,0.863857,0.869658,0.804488,0.829738,0.898896,0.943776,0.898643,0.882424,0.9242,0.9682,0.851518,0.896905,0.965012,0.880946,0.931051,0.994828,0.898227,0.989476,0.896141,0.884646,0.887719,0.827616,0.891115,0.808971,0.835752,0.859784,0.81514,0.846661,0.7638,0.873102,0.88378,0.821712,0.837787,0.875743,0.833594,0.889847,0.920074,0.838931,0.854753,0.871505,0.923047,0.898823,0.900903,0.81172,0.939131,0.932675,0.897788,0.923099,0.852444,0.894183,0.923453,0.88603,0.902551,0.898956,0.910976,0.876471,0.887614,0.963307,0.884163,0.898573,0.853284,0.895148
0.933645,0.827839,0.950699,0.975278,1,0.910496,0.833015,0.849341,0.81071,0.790526,0.79677,0.848395,0.810768,0.859906,0.815069,0.916072,0.924704,0.926467,0.913504,0.811003,0.892538,0.898123,0.851636,0.864275,0.830291,0.862631,0.902822,0.871717,0.821419,0.802587,0.881997,0.905997,0.909438,0.859434,0.976906,0.817939,0.819497,0.883932,0.829836,0.912551,0.826607,0.835619,0.90653,0.964884,0.886513,0.896356,0.952948,0.992503,0.888613,0.871464,0.972857,0.910146,0.933756,0.989186,0.890651,0.976289,0.904507,0.852373,0.857457,0.850264,0.910983,0.871153,0.872852,0.88895,0.838377,0.825754,0.750161,0.890031,0.860936,0.839144,0.824737,0.902359,0.801836,0.8599,0.906439,0.870517,0.837075,0.897761,0.918562,0.8816,0.882768,0.846927,0.924794,0.88359,0.881879,0.919381,0.830617,0.885242,0.903495,0.852802,0.876592,0.867342,0.884695,0.833749,0.851239,0.986818,0.892805,0.866024,0.850862,0.874096
0.850156,0.869163,0.90236,0.914793,0.910496,1,0.903991,0.917545,0.883165,0.825398,0.8498306,0.832618,0.845054,0.889727,0.877619,0.871556,0.951782,0.887014,0.963556,0.854667,0.934917,0.843993,0.926862,0.927886,0.87384,0.961806,0.971087,0.936913,0.877519,0.868301,0.87008,0.934432,0.918765,0.86818,0.917555,0.878956,0.897145,0.955195,0.90178,0.905256,0.878811,0.896408,0.967904,0.906647,0.930057,0.895569,0.872567,0.91338,0.918375,0.938782,0.909646,0.882876,0.871809,0.91629,0.937928,0.922576,0.975054,0.944172,0.915254,0.912061,0.953611,0.865979,0.906209,0.912302,0.861208,0.896879,0.813904,0.893064,0.920974,0.902751,0.885347,0.954334,0.860422,0.938774,0.982258,0.913521,0.898811,0.935611,0.982556,0.929208,0.965785,0.856692,0.87062,0.973555,0.936661,0.991684,0.914132,0.907249,0.848541,0.936115,0.940187,0.95112,0.960508,0.930777,0.930118,0.914922,0.91995,0.952302,0.918644,0.935575
0.833466,0.834376,0.825493,0.858683,0.833015,0.903991,1,0.96649,0.934622,0.863174,0.968571,0.784064,0.827007,0.944323,0.962312,0.885916,0.836577,0.8195885,0.933766,0.829616,0.877175,0.81351,0.972216,0.937257,0.893873,0.952445,0.897785,0.889474,0.879198,0.867197,0.89946,0.879849,0.857477,0.877216,0.860783,0.89421,0.910299,0.956316,0.962174,0.859213,0.866169,0.953605,0.938609,0.850212,0.925367,0.903652,0.822705,0.848803,0.929846,0.952477,0.846333,0.822089,0.852029,0.862442,0.899105,0.859369,0.8696294,0.980449,0.948461,0.915653,0.878478,0.891245,0.940537,0.868413,0.932325,0.953351,0.905362,0.83439,0.855318,0.867239,0.838048,0.8780409,0.964569,0.935267,0.899838,0.922866,0.880014,0.916514,0.937195,0.926452,0.925208,0.919289,0.899364,0.904122,0.883667,0.920511,0.88789,0.915974,0.819344,0.955109,0.952384,0.978236,0.952578,0.975545,0.97168,0.831029,0.872191,0.954137,0.934214,0.93843
0.847556,0.908827,0.880236,0.879325,0.849341,0.917545,0.96649,1,0.934744,0.903635,0.949636,0.759905,0.830043,0.919749,0.935429,0.898213,0.852742,0.875057,0.964983,0.87833,0.902869,0.859277,0.986756,0.959806,0.896491,0.937369,0.884145,0.90732,0.910016,0.850604,0.950904,0.941972,0.92221,0.947985,0.894201,0.926307,0.897841,0.985159,0.973727,0.901248,0.889315,0.906669,0.934004,0.89137,0.977886,0.939631,0.856953,0.870902,0.902925,0.985149,0.885008,0.876765,0.88242,0.881801,0.960845,0.891221,0.861899,0.971224,0.987795,0.895299,0.916134,0.855135,0.906201,0.887201,0.930134,0.943686,0.889384,0.912025,0.781032,0.841665,0.886447,0.88238,0.971143,0.959943,0.90709,0.909823,0.923748,0.889992,0.950373,0.977963,0.947728,0.927903,0.912934,0.907217,0.855813,0.924307,0.891568,0.968437,0.851402,0.969723,0.981594,0.983173,0.972254,0.958059,0.985892,0.865084,0.948549,0.927948,0.908217,0.978447
0.897063,0.870328,0.806273,0.825517,0.81071,0.883165,0.934622,0.934744,1,0.937091,0.97307,0.798094,0.878037,0.947329,0.964068,0.878779,0.82974,0.827494,0.899941,0.893768,0.884006,0.847669,0.955211,0.948703,0.877459,0.913507,0.907624,0.922072,0.972924,0.905076,0.871566,0.873245,0.848148,0.880681,0.846226,0.953877,0.975735,0.927174,0.97792,0.840531,0.920932,0.925004,0.846721,0.813499,0.891094,0.84432,0.784884,0.812987,0.938438,0.941169,0.831124,0.828332,0.864763,0.826564,0.891219,0.840215,0.878471,0.921022,0.925567,0.924996,0.869827,0.88773,0.934018,0.889708,0.973711,0.965734,0.960357,0.853816,0.870741,0.939443,0.900069,0.890299,0.970003,0.956303,0.892228,0.947661,0.952879,0.919428,0.888448,0.906653,0.92756,0.933149,0.898711,0.890791,0.822922,0.884401,0.967939,0.888365,0.872125,0.962751,0.938075,0.933009,0.941055,0.958033,0.958262,0.819027,0.859586,0.9043,0.949345,0.934968
0.8861,0.937419,0.834005,0.800735,0.790526,0.825398,0.863174,0.903635,0.937091,1,0.911135,0.829839,0.792564,0.90504,0.881461,0.838025,0.777143,0.8633,0.888238,0.895872,0.899611,0.845595,0.920351,0.935318,0.938438,0.83603,0.864458,0.92671,0.966445,0.817939,0.907021,0.905497,0.881534,0.936766,0.831884,0.93189,0.894286,0.905462,0.943806,0.871929,0.895447,0.888215,0.845875,0.831915,0.91269,0.886054,0.804852,0.802542,0.899556,0.920358,0.840295,0.885446,0.893303,0.807883,0.920366,0.816025,0.808978,0.861225,0.933783,0.872681,0.86739,0.860449,0.889929,0.897861,0.948662,0.90536,0.87119,0.900715,0.789731,0.87297,0.886825,0.84585,0.948403,0.927275,0.843958,0.910004,0.943416,0.887458,0.851474,0.926051,0.896142,0.920343,0.851953,0.823761,0.752367,0.831623,0.90588,0.924344,0.834424,0.915707,0.924466,0.879794,0.906459,0.876922,0.918351,0.810274,0.885571,0.822552,0.865298,0.927237
0.86677,0.861889,0.7937333,0.809072,0.79677,0.8498306,0.968571,0.949636,0.97307,0.911135,1,0.784522,0.830507,0.960099,0.957897,0.867723,0.784281,0.844905,0.889299,0.881116,0.903706,0.822595,0.959447,0.933329,0.911331,0.913929,0.9069,0.905825,0.932449,0.873801,0.887203,0.876065,0.854517,0.875369,0.824321,0.936745,0.930856,0.929565,0.973626,0.842501,0.903653,0.972089,0.877758,0.802931,0.900279,0.852111,0.7677816,0.7916573,0.940285,0.942266,0.810088,0.853224,0.839339,0.808552,0.882729,0.819681,0.864251,0.94976,0.934188,0.934119,0.862444,0.905104,0.948403,0.902382,0.968707,0.950776,0.963299,0.870792,0.88165,0.90196,0.882806,0.876363,0.981433,0.934828,0.853126,0.946437,0.922612,0.931423,0.881326,0.908365,0.903833,0.947423,0.891151,0.858928,0.815369,0.859396,0.908503,0.894366,0.825798,0.950657,0.936212,0.950196,0.929255,0.961044,0.962192,0.803341,0.8532787,0.908599,0.928524,0.929342
0.83814,0.797777,0.803645,0.893008,0.848395,0.832618,0.784064,0.759905,0.798094,0.829839,0.784522,1,0.851221,0.771645,0.743051,0.861412,0.879981,0.768091,0.792096,0.781343,0.801453,0.806623,0.789415,0.805664,0.872323,0.841339,0.819556,0.861172,0.850683,0.837527,0.769833,0.78842,0.76809,0.764401,0.870207,0.793624,0.829428,0.805964,0.777146,0.753771,0.747557,0.858753,0.83208,0.815633,0.791237,0.7495,0.789259,0.839736,0.778761,0.793344,0.841851,0.773145,0.855982,0.874047,0.800889,0.876446,0.82946,0.82733,0.791643,0.764652,0.808389,0.722927,0.761482,0.7600819,0.777812,0.764962,0.732475,0.776709,0.890107,0.831576,0.781889,0.7663405,0.770009,0.806909,0.844925,0.785799,0.836352,0.785813,0.814836,0.792503,0.809674,0.748249,0.795581,0.868532,0.819595,0.829199,0.870823,0.781443,0.88718,0.787289,0.799603,0.807307,0.811672,0.802958,0.78814,0.840328,0.764504,0.836578,0.793862,0.791473
0.856727,0.742455,0.771858,0.871723,0.810768,0.845054,0.827007,0.830043,0.878037,0.792564,0.830507,0.851221,1,0.822572,0.850652,0.920936,0.907372,0.730449,0.813947,0.813634,0.761104,0.842096,0.849775,0.823551,0.760125,0.879539,0.835166,0.788736,0.849547,0.973474,0.793382,0.766817,0.751385,0.797646,0.852448,0.832426,0.940852,0.827067,0.847476,0.736997,0.789905,0.792942,0.764609,0.779408,0.789083,0.749929,0.742506,0.797588,0.839327,0.813805,0.808354,0.739864,0.807676,0.844255,0.786463,0.853639,0.831278,0.829755,0.81726,0.831412,0.771128,0.764526,0.812628,0.776012,0.846028,0.894386,0.883031,0.734786,0.852229,0.86402,0.82343,0.790368,0.844268,0.836681,0.854793,0.85118,0.815418,0.808939,0.817421,0.800189,0.832812,0.822269,0.893586,0.901878,0.835908,0.840243,0.923807,0.783654,0.92981,0.853394,0.825623,0.838794,0.84258,0.881344,0.849354,0.799704,0.754511,0.873214,0.919265,0.80778
0.901761,0.859441,0.846791,0.833234,0.859906,0.889727,0.944323,0.919749,0.947329,0.90504,0.960099,0.771645,0.822572,1,0.962348,0.868622,0.844871,0.88385,0.911896,0.858488,0.953333,0.836988,0.938747,0.931172,0.88476,0.895791,0.961055,0.922815,0.919709,0.88736,0.865924,0.918276,0.908095,0.881446,0.849802,0.898887,0.926547,0.905287,0.955124,0.900109,0.936183,0.940023,0.8541087,0.841042,0.880522,0.860329,0.843186,0.852391,0.988371,0.912671,0.856588,0.90255,0.843291,0.845174,0.902471,0.83678,0.906033,0.903898,0.906212,0.972727,0.920923,0.944554,0.985789,0.961212,0.966552,0.972722,0.90157,0.893357,0.886399,0.941289,0.877329,0.937262,0.963545,0.927454,0.902434,0.984805,0.90028,0.988245,0.896848,0.898745,0.903151,0.968349,0.899047,0.865684,0.811838,0.895207,0.899491,0.886449,0.808968,0.93766,0.920815,0.915887,0.918744,0.942785,0.938507,0.865166,0.883576,0.885036,0.963915,0.911916
0.873376,0.812557,0.782757,0.820897,0.815069,0.877619,0.962312,0.935429,0.964068,0.881461,0.957897,0.743051,0.850652,0.962348,1,0.884606,0.842699,0.830414,0.898475,0.82132,0.874192,0.838771,0.945518,0.925665,0.833064,0.915968,0.92093,0.888476,0.899958,0.899457,0.858747,0.853841,0.828026,0.868238,0.838777,0.893901,0.940579,0.913114,0.960576,0.842065,0.914301,0.914618,0.853671,0.801308,0.870357,0.849293,0.79244,0.812108,0.956601,0.926196,0.817659,0.817992,0.839882,0.825089,0.862474,0.835184,0.907023,0.924713,0.904743,0.957913,0.846384,0.898242,0.971622,0.873351,0.950976,0.977652,0.906178,0.842202,0.872032,0.935514,0.847639,0.907504,0.95451,0.93678,0.891766,0.950196,0.885585,0.936785,0.884667,0.884475,0.917277,0.934636,0.899626,0.891775,0.839021,0.88507,0.916228,0.871774,0.81171,0.956939,0.921387,0.931478,0.928175,0.959784,0.947992,0.809412,0.843069,0.917857,0.967132,0.920734
0.903033,0.836165,0.87294,0.966746,0.916072,0.871556,0.885916,0.898213,0.878779,0.838025,0.867723,0.861412,0.920936,0.868622,0.884606,1,0.937014,0.83448,0.89101,0.806979,0.83706,0.930559,0.915403,0.907117,0.795514,0.908487,0.851652,0.855504,0.857005,0.912523,0.900302,0.850089,0.828021,0.886649,0.964852,0.859292,0.877795,0.903668,0.910933,0.805735,0.798652,0.81935,0.846898,0.893907,0.879112,0.853324,0.862328,0.910529,0.856549,0.904088,0.927402,0.828199,0.924903,0.954828,0.870971,0.961149,0.848969,0.889775,0.897355,0.848506,0.822113,0.808086,0.855004,0.814389,0.862752,0.908198,0.815166,0.832497,0.836387,0.851435,0.831278,0.820667,0.893615,0.911256,0.889978,0.858211,0.85929,0.844155,0.881767,0.889523,0.900735,0.855583,0.969283,0.92552,0.874279,0.881114,0.872082,0.882764,0.920503,0.919699,0.908745,0.905446,0.913713,0.913713,0.915851,0.902923,0.841035,0.904612,0.896377,0.901439
0.846541,0.808442,0.867976,0.964225,0.924704,0.951782,0.836577,0.852742,0.82974,0.777143,0.784281,0.879981,0.907372,0.844871,0.842699,0.937014,1,0.846849,0.908365,0.800871,0.877056,0.869769,0.869888,0.880367,0.805502,0.929294,0.928738,0.882453,0.821899,0.899515,0.835636,0.873215,0.856249,0.840223,0.938546,0.820485,0.876818,0.889848,0.85003,0.844657,0.81012,0.820201,0.885732,0.880922,0.865798,0.848213,0.859054,0.907547,0.872466,0.877047,0.904809,0.841986,0.868935,0.944242,0.875705,0.946096,0.954951,0.867776,0.855453,0.866579,0.873492,0.816612,0.860768,0.846403,0.809149,0.868553,0.7455048,0.843551,0.927744,0.887637,0.838206,0.894509,0.808197,0.891243,0.963444,0.859701,0.838522,0.885963,0.921056,0.871062,0.913706,0.812466,0.882207,0.977436,0.938915,0.950659,0.889628,0.858197,0.880297,0.889325,0.883341,0.882148,0.906474,0.886007,0.87134,0.903308,0.855669,0.926732,0.909328,0.879537
0.919419,0.910043,0.974899,0.890397,0.926467,0.887014,0.8195885,0.875057,0.827494,0.8633,0.844905,0.768091,0.730449,0.88385,0.830414,0.83448,0.846849,1,0.911486,0.877082,0.928753,0.896631,0.849859,0.868679,0.885664,0.820403,0.903307,0.887547,0.834267,0.759558,0.933718,0.958184,0.966297,0.931177,0.921739,0.855812,0.797566,0.888653,0.843132,0.952016,0.894231,0.860328,0.877533,0.972157,0.932263,0.939421,0.955782,0.948355,0.893906,0.888959,0.954429,0.984271,0.925378,0.913815,0.938331,0.915186,0.876961,0.836303,0.889171,0.886559,0.921909,0.850649,0.895022,0.927325,0.862554,0.826589,0.781782,0.980993,0.838498,0.837017,0.87004,0.907264,0.842852,0.864245,0.874837,0.887558,0.85959,0.912433,0.895012,0.920919,0.876369,0.883725,0.887627,0.838241,0.787228,0.884051,0.808015,0.935192,0.837958,0.849092,0.884668,0.853039,0.875441,0.804147,0.849704,0.957333,0.967992,0.805039,0.837322,0.897936
0.854892,0.919322,0.91302,0.916776,0.913504,0.963556,0.933766,0.964983,0.899941,0.888238,0.889299,0.792096,0.813947,0.911896,0.898475,0.89101,0.908365,0.911486,1,0.905345,0.965723,0.881006,0.968322,0.973049,0.911346,0.942636,0.953416,0.95603,0.910259,0.825206,0.930664,0.978387,0.959677,0.943712,0.927952,0.924802,0.884875,0.988036,0.947155,0.950942,0.887858,0.895796,0.965733,0.921649,0.980415,0.964441,0.900055,0.919739,0.931661,0.98098,0.925689,0.921904,0.905306,0.925585,0.983016,0.921883,0.931993,0.951329,0.972522,0.90444,0.963171,0.895689,0.920626,0.937892,0.904877,0.919905,0.83687,0.934909,0.852683,0.856862,0.926042,0.947272,0.9209,0.968787,0.964477,0.918899,0.932681,0.94594,0.987729,0.984119,0.977746,0.904127,0.890412,0.938308,0.908824,0.974147,0.900876,0.973973,0.858472,0.963417,0.985466,0.970505,0.985165,0.935178,0.967081,0.914398,0.959237,0.936695,0.903547,0.98334
0.806156,0.929132,0.838108,0.819292,0.811003,0.854667,0.829616,0.87833,0.893768,0.895872,0.881116,0.781343,0.813634,0.858488,0.82132,0.806979,0.800871,0.877082,0.905345,1,0.926753,0.90286,0.888414,0.931428,0.925948,0.836759,0.872177,0.940273,0.927084,0.751099,0.878185,0.918986,0.890137,0.924351,0.84815,0.980447,0.860501,0.907481,0.899591,0.86303,0.832483,0.900276,0.857308,0.841766,0.916239,0.887682,0.818571,0.820836,0.846032,0.929325,0.851842,0.884152,0.869775,0.827403,0.928749,0.838162,0.842463,0.855321,0.90861,0.868187,0.872491,0.818029,0.864377,0.871166,0.876653,0.830574,0.922196,0.918006,0.857765,0.813332,0.992918,0.84997,0.868149,0.928905,0.871839,0.83965,0.96339,0.876487,0.876921,0.925314,0.916049,0.839643,0.796015,0.836193,0.779504,0.86123,0.892952,0.919507,0.88554,0.903743,0.920765,0.875424,0.909898,0.84204,0.891196,0.824528,0.90127,0.823076,0.79824,0.938929
0.860978,0.944144,0.912833,0.885514,0.892538,0.934917,0.877175,0.902869,0.884006,0.899611,0.903706,0.801453,0.761104,0.953333,0.874192,0.83706,0.877056,0.928753,0.965723,0.926753,1,0.86895,0.913872,0.947074,0.932919,0.883336,0.970931,0.96807,0.909847,0.810919,0.893509,0.982193,0.967042,0.924457,0.901907,0.919646,0.856306,0.945585,0.90989,0.938654,0.912441,0.934741,0.921024,0.903966,0.952714,0.929347,0.892603,0.89552,0.951502,0.939372,0.914492,0.956356,0.883622,0.895287,0.976849,0.891174,0.912272,0.89162,0.931425,0.941968,0.962926,0.909419,0.946998,0.976196,0.906025,0.896088,0.844104,0.952001,0.887331,0.877462,0.939882,0.945747,0.901084,0.938887,0.939454,0.947475,0.931394,0.97847,0.951624,0.959007,0.947239,0.922466,0.851721,0.893973,0.841677,0.938234,0.874028,0.946802,0.821416,0.91696,0.947175,0.909886,0.944291,0.8690472,0.913466,0.906817,0.949979,0.861637,0.894635,0.948904
0.88748,0.874684,0.898426,0.915674,0.898123,0.843993,0.81351,0.859277,0.847669,0.845595,0.822595,0.806623,0.842096,0.836988,0.838771,0.930559,0.869769,0.896631,0.881006,0.90286,0.86895,1,0.874806,0.904486,0.811421,0.847308,0.857412,0.886392,0.849861,0.787752,0.910641,0.866435,0.84372,0.924659,0.952352,0.906866,0.810717,0.877726,0.879352,0.813678,0.797755,0.789434,0.80952,0.914876,0.873273,0.864825,0.897047,0.911121,0.827663,0.892343,0.947662,0.880268,0.950119,0.925817,0.879918,0.934224,0.831512,0.829534,0.875322,0.847974,0.810745,0.765434,0.8393,0.813091,0.812795,0.860045,0.855011,0.889765,0.829941,0.817504,0.912734,0.827322,0.841536,0.910119,0.875519,0.821045,0.887021,0.845547,0.856482,0.886494,0.896424,0.812282,0.923448,0.864884,0.790561,0.855367,0.838336,0.890115,0.914737,0.899059,0.891231,0.855997,0.893733,0.850466,0.876039,0.910865,0.864327,0.832542,0.83189,0.90193
0.854421,0.915373,0.867964,0.888393,0.851636,0.926862,0.972216,0.986756,0.955211,0.920351,0.959447,0.789415,0.849775,0.938747,0.945518,0.915403,0.869888,0.849859,0.968322,0.888414,0.913872,0.874806,1,0.985495,0.896147,0.964536,0.903552,0.932637,0.940117,0.879045,0.940149,0.931003,0.902533,0.94059,0.902485,0.945338,0.929207,0.990583,0.992469,0.876809,0.870705,0.920082,0.933917,0.880583,0.966875,0.925981,0.847214,0.866881,0.917603,0.989526,0.891515,0.864657,0.898848,0.888765,0.95621,0.892867,0.874152,0.979853,0.988531,0.904889,0.905419,0.871993,0.916876,0.889116,0.941417,0.967911,0.90383,0.887477,0.8103804,0.870496,0.903161,0.882733,0.982096,0.983865,0.933862,0.922978,0.944673,0.90646,0.957935,0.975872,0.969238,0.927142,0.917124,0.933715,0.884497,0.939535,0.927318,0.9614,0.860405,0.990375,0.993177,0.991886,0.990476,0.982834,0.999484,0.861177,0.916258,0.954308,0.932761,0.983181
0.857258,0.940505,0.87252,0.891594,0.864275,0.927886,0.937257,0.959806,0.948703,0.935318,0.933329,0.805664,0.823551,0.931172,0.925665,0.907117,0.880367,0.868679,0.973049,0.931428,0.947074,0.904486,0.985495,1,0.906659,0.948774,0.927464,0.968196,0.956369,0.851836,0.93095,0.944073,0.911537,0.950351,0.910305,0.970365,0.920038,0.982655,0.985164,0.888153,0.869635,0.8792838,0.920182,0.882175,0.961865,0.933125,0.857212,0.872324,0.917371,0.986935,0.904194,0.888569,0.917043,0.894678,0.965469,0.895549,0.893796,0.948127,0.978788,0.90014,0.910446,0.877361,0.913973,0.905996,0.931272,0.952627,0.902289,0.904407,0.849283,0.880635,0.946587,0.904739,0.959955,0.995606,0.95103,0.914668,0.967082,0.922765,0.954882,0.977348,0.982825,0.908054,0.897633,0.9354,0.883826,0.942848,0.935726,0.964062,0.853293,0.988774,0.993202,0.969262,0.991738,0.960053,0.985425,0.869703,0.9154,0.935743,0.918686,0.988544
0.826778,0.932413,0.870701,0.835409,0.830291,0.87384,0.893873,0.896491,0.877459,0.938438,0.911331,0.872323,0.760125,0.88476,0.833064,0.795514,0.805502,0.885664,0.911346,0.925948,0.932919,0.811421,0.896147,0.906659,1,0.861038,0.896739,0.9549,0.934947,0.772124,0.889413,0.939015,0.917556,0.900315,0.851253,0.912904,0.850196,0.919466,0.878433,0.88626,0.862331,0.966156,0.901317,0.869504,0.935046,0.900087,0.844854,0.845543,0.885352,0.914422,0.865912,0.909558,0.885653,0.844036,0.943389,0.845125,0.850085,0.912451,0.92466,0.861773,0.90222,0.842272,0.876748,0.900336,0.892362,0.838866,0.847585,0.928392,0.850129,0.803352,0.90655,0.862112,0.898681,0.895972,0.874942,0.886152,0.943072,0.900095,0.899508,0.932076,0.893414,0.886935,0.795385,0.841494,0.794084,0.878385,0.89214,0.928277,0.859862,0.872389,0.915766,0.903501,0.904787,0.864216,0.892339,0.85107,0.919015,0.852044,0.826618,0.916265
0.816437,0.854812,0.861661,0.904001,0.862631,0.961806,0.952445,0.937369,0.913507,0.83603,0.913929,0.841339,0.879539,0.895791,0.915968,0.908487,0.929294,0.820403,0.942636,0.836759,0.883336,0.847308,0.964536,0.948774,0.861038,1,0.907772,0.911921,0.887579,0.907943,0.891874,0.88897,0.865429,0.871606,0.899862,0.893719,0.928175,0.961573,0.945316,0.838795,0.802326,0.906094,0.945476,0.877212,0.920771,0.877387,0.848448,0.87538,0.871685,0.94828,0.88809,0.825923,0.875691,0.896888,0.91032,0.894467,0.91552,0.974981,0.937628,0.866397,0.894755,0.820488,0.868593,0.842745,0.872576,0.942667,0.863565,0.835986,0.876536,0.872779,0.860769,0.880854,0.921583,0.953337,0.968054,0.873863,0.899794,0.8672871,0.965885,0.926792,0.955082,0.853806,0.894005,0.982622,0.945577,0.97178,0.930404,0.90795,0.845745,0.962949,0.955093,0.977719,0.972085,0.986102,0.965438,0.868615,0.869812,0.991545,0.937378,0.936151
0.879873,0.880177,0.893858,0.891898,0.902822,0.971087,0.897785,0.884145,0.907624,0.864458,0.9069,0.819556,0.835166,0.961055,0.92093,0.851652,0.928738,0.903307,0.953416,0.872177,0.970931,0.857412,0.903552,0.927464,0.896739,0.907772,1,0.958654,0.899067,0.888712,0.848809,0.945044,0.926825,0.877804,0.904778,0.883648,0.910041,0.927903,0.907674,0.90987,0.922342,0.934187,0.922691,0.891087,0.911603,0.884994,0.872208,0.899787,0.972435,0.91692,0.905992,0.913603,0.870776,0.899633,0.939205,0.900888,0.966931,0.892429,0.893952,0.972026,0.949584,0.91323,0.966393,0.950798,0.909302,0.935088,0.841233,0.91438,0.933008,0.934799,0.906199,0.968101,0.897181,0.93428,0.970209,0.968209,0.907358,0.986455,0.956952,0.918752,0.951425,0.920288,0.873653,0.936369,0.883533,0.965886,0.913605,0.898665,0.8446,0.923123,0.923817,0.903605,0.940193,0.904884,0.905952,0.909519,0.916691,0.892358,0.955875,0.924202
0.842632,0.934705,0.872104,0.881705,0.871717,0.936913,0.889474,0.90732,0.922072,0.92671,0.905825,0.861172,0.788736,0.922815,0.888476,0.855504,0.882453,0.887547,0.95603,0.940273,0.96807,0.886392,0.932637,0.968196,0.9549,0.911921,0.958654,1,0.949344,0.814039,0.881851,0.947616,0.912891,0.914712,0.900151,0.952472,0.897476,0.952204,0.933643,0.891777,0.883083,0.955516,0.9222,0.87823,0.938394,0.911202,0.855869,0.875805,0.923144,0.953429,0.899734,0.90113,0.911432,0.888252,0.958546,0.891475,0.926868,0.916242,0.936979,0.920319,0.921283,0.871507,0.926441,0.913362,0.900986,0.900644,0.868195,0.922036,0.911668,0.876985,0.955054,0.929748,0.900821,0.967155,0.954799,0.914152,0.968309,0.945716,0.945837,0.949648,0.967806,0.881974,0.846333,0.920584,0.862293,0.942581,0.935379,0.934446,0.85678,0.944718,0.957077,0.927034,0.962405,0.901635,0.933081,0.878595,0.916124,0.898037,0.89325,0.96038
0.892932,0.916818,0.829178,0.831623,0.821419,0.877519,0.879198,0.910016,0.972924,0.966445,0.932449,0.850683,0.849547,0.919709,0.899958,0.857005,0.821899,0.834267,0.910259,0.927084,0.909847,0.849861,0.940117,0.956369,0.934947,0.887579,0.899067,0.949344,1,0.864448,0.878827,0.901522,0.877929,0.900175,0.852968,0.966066,0.952038,0.927993,0.960509,0.861171,0.892228,0.910734,0.861232,0.829149,0.908756,0.86097,0.803514,0.822372,0.918268,0.938487,0.84895,0.857581,0.88687,0.83498,0.919225,0.840924,0.857077,0.890681,0.931803,0.882953,0.891082,0.889791,0.896637,0.907738,0.963373,0.92742,0.928155,0.875177,0.847581,0.907218,0.925027,0.870057,0.947846,0.954215,0.893636,0.927915,0.982212,0.90799,0.893125,0.925344,0.928767,0.921717,0.866694,0.876166,0.821977,0.883452,0.966156,0.91022,0.881623,0.944238,0.942456,0.911484,0.939173,0.917519,0.941058,0.830315,0.873559,0.877802,0.904403,0.939131
0.868155,0.770471,0.776713,0.849527,0.802587,0.868301,0.867197,0.850604,0.905076,0.817939,0.873801,0.837527,0.973474,0.88736,0.899457,0.912523,0.899515,0.759558,0.825206,0.751099,0.810919,0.787752,0.879045,0.851836,0.772124,0.907943,0.888712,0.814039,0.864448,1,0.800955,0.787142,0.775102,0.795397,0.833447,0.802731,0.953369,0.845949,0.886261,0.757592,0.835541,0.847456,0.786051,0.772011,0.797966,0.749597,0.734018,0.784144,0.894013,0.836828,0.798771,0.775071,0.795384,0.820607,0.800797,0.835476,0.868492,0.862953,0.832764,0.891109,0.80562,0.828471,0.874296,0.834784,0.883437,0.936422,0.86654,0.758322,0.88135,0.926445,0.764633,0.836462,0.884499,0.867188,0.870461,0.911368,0.816285,0.870833,0.833201,0.81326,0.860954,0.869498,0.894368,0.912042,0.847926,0.855477,0.921979,0.789534,0.865756,0.888755,0.847721,0.868632,0.866418,0.923682,0.882226,0.797625,0.764219,0.89672,0.961208,0.82848
0.884051,0.941622,0.949123,0.892004,0.881997,0.87008,0.89946,0.950904,0.871566,0.907021,0.887203,0.769833,0.793382,0.865924,0.858747,0.900302,0.835636,0.933718,0.930664,0.878185,0.893509,0.910641,0.940149,0.93095,0.889413,0.891874,0.848809,0.881851,0.878827,0.800955,1,0.942766,0.936912,0.981349,0.922656,0.900154,0.843067,0.943808,0.926875,0.90569,0.822419,0.842553,0.883631,0.955259,0.969645,0.957558,0.927536,0.913913,0.849132,0.946442,0.945072,0.9397,0.952876,0.905594,0.952999,0.905621,0.820258,0.909473,0.966809,0.823957,0.881886,0.816324,0.843013,0.874825,0.883939,0.88469,0.823753,0.943351,0.760722,0.786952,0.868233,0.833904,0.927655,0.920545,0.87652,0.850859,0.895563,0.849531,0.906133,0.967252,0.90876,0.888123,0.928806,0.87184,0.826513,0.883265,0.848619,0.980778,0.86442,0.920693,0.948581,0.927961,0.930634,0.901056,0.937245,0.912174,0.947138,0.881254,0.84967,0.946454
0.868811,0.951222,0.943539,0.896582,0.905997,0.934432,0.879849,0.941972,0.873245,0.905497,0.876065,0.78842,0.766817,0.918276,0.853841,0.850089,0.873215,0.958184,0.978387,0.918986,0.982193,0.866435,0.931003,0.944073,0.939015,0.88897,0.945044,0.947616,0.901522,0.787142,0.942766,1,0.992643,0.955509,0.91314,0.915362,0.84578,0.96386,0.912787,0.972012,0.910218,0.909094,0.939482,0.938614,0.985844,0.969291,0.918805,0.917834,0.931397,0.958467,0.928976,0.973671,0.904601,0.908671,0.993843,0.906578,0.903655,0.909908,0.960764,0.90791,0.972433,0.89695,0.921756,0.969072,0.902617,0.87419,0.818281,0.97849,0.849732,0.842369,0.921132,0.93624,0.896919,0.934279,0.927193,0.925015,0.926796,0.95248,0.959297,0.983071,0.942698,0.918922,0.868467,0.891072,0.849285,0.938326,0.86514,0.980777,0.843308,0.919198,0.960979,0.930674,0.949778,0.877032,0.929111,0.923275,0.987007,0.874658,0.869131,0.964445
0.885953,0.931987,0.957753,0.887281,0.909438,0.918765,0.857477,0.92221,0.848148,0.881534,0.854517,0.76809,0.751385,0.908095,0.828026,0.828021,0.856249,0.966297,0.959677,0.890137,0.967042,0.84372,0.902533,0.911537,0.917556,0.865429,0.926825,0.912891,0.877929,0.775102,0.936912,0.992643,1,0.938613,0.900973,0.882227,0.828263,0.939782,0.881327,0.981462,0.908323,0.8845,0.931868,0.94873,0.972208,0.960946,0.935804,0.924941,0.923205,0.92974,0.927425,0.981031,0.889417,0.90269,0.977129,0.893705,0.88279,0.885972,0.937977,0.888875,0.977884,0.894935,0.905227,0.9762,0.895472,0.851192,0.796142,0.971809,0.826153,0.839616,0.885111,0.926813,0.8738,0.898167,0.903531,0.918701,0.893901,0.942186,0.946685,0.964296,0.908566,0.915275,0.863497,0.865612,0.831901,0.923118,0.837714,0.966944,0.831716,0.884404,0.933862,0.906822,0.920308,0.848202,0.899825,0.932738,0.984334,0.849794,0.854413,0.934559
0.869748,0.958105,0.920556,0.871162,0.859434,0.86818,0.877216,0.947985,0.880681,0.936766,0.875369,0.764401,0.797646,0.881446,0.868238,0.886649,0.840223,0.931177,0.943712,0.924351,0.924457,0.924659,0.94059,0.950351,0.900315,0.871606,0.877804,0.914712,0.900175,0.795397,0.981349,0.955509,0.938613,1,0.907369,0.928687,0.842263,0.945553,0.936538,0.91055,0.857418,0.826206,0.865773,0.923293,0.96931,0.958552,0.897995,0.88346,0.877239,0.955443,0.923283,0.944152,0.938013,0.882826,0.967316,0.888683,0.834118,0.887207,0.968108,0.863416,0.883129,0.835635,0.875409,0.89448,0.894779,0.896646,0.840973,0.958874,0.777937,0.810079,0.922225,0.855612,0.927628,0.943217,0.885297,0.875795,0.920611,0.883533,0.901292,0.975517,0.928559,0.904461,0.899587,0.86905,0.808277,0.879613,0.85503,0.983801,0.850327,0.934882,0.957422,0.915003,0.93842,0.886406,0.937868,0.884182,0.952783,0.859277,0.855796,0.965105
0.917608,0.877676,0.952379,0.988478,0.976906,0.917555,0.860783,0.894201,0.846226,0.831884,0.824321,0.870207,0.852448,0.849802,0.838777,0.964852,0.938546,0.921739,0.927952,0.84815,0.901907,0.952352,0.902485,0.910305,0.851253,0.899862,0.904778,0.900151,0.852968,0.833447,0.922656,0.91314,0.900973,0.907369,1,0.866003,0.842237,0.921284,0.884339,0.878405,0.823674,0.837671,0.897022,0.965752,0.915409,0.899553,0.93885,0.978272,0.866155,0.914667,0.986966,0.909821,0.962101,0.993474,0.917992,0.995582,0.89224,0.889218,0.904479,0.853095,0.892449,0.819421,0.856072,0.86963,0.833942,0.864749,0.781558,0.905405,0.86356,0.824589,0.868472,0.882438,0.852534,0.912073,0.920702,0.857692,0.876523,0.884332,0.924533,0.917219,0.921701,0.83443,0.957798,0.91667,0.872763,0.922174,0.860632,0.914298,0.929751,0.906601,0.918235,0.906596,0.924893,0.884003,0.902913,0.976605,0.905083,0.891005,0.860262,0.916411
0.842083,0.930528,0.833432,0.841734,0.817939,0.878956,0.89421,0.926307,0.953877,0.93189,0.936745,0.793624,0.832426,0.898887,0.893901,0.859292,0.820485,0.855812,0.924802,0.980447,0.919646,0.906866,0.945338,0.970365,0.912904,0.893719,0.883648,0.952472,0.966066,0.802731,0.900154,0.915362,0.882227,0.928687,0.866003,1,0.91337,0.943633,0.960715,0.856084,0.860586,0.887391,0.874514,0.842623,0.931562,0.891432,0.816255,0.827664,0.87739,0.964168,0.859781,0.86361,0.889208,0.845094,0.935667,0.855724,0.857735,0.905053,0.945503,0.879149,0.877052,0.844828,0.885128,0.877336,0.925939,0.902081,0.955751,0.90012,0.85436,0.866154,0.980819,0.863352,0.934541,0.969831,0.899284,0.878076,0.986059,0.887757,0.90324,0.945277,0.945664,0.881089,0.853037,0.879786,0.819037,0.888888,0.935073,0.933867,0.880253,0.956526,0.958242,0.92595,0.951407,0.915217,0.948043,0.828604,0.897433,0.880961,0.865554,0.966385
0.896562,0.823837,0.805176,0.835918,0.819497,0.897145,0.910299,0.897841,0.975735,0.894286,0.930856,0.829428,0.940852,0.926547,0.940579,0.877795,0.876818,0.797566,0.884875,0.860501,0.856306,0.810717,0.929207,0.920038,0.850196,0.928175,0.910041,0.897476,0.952038,0.953369,0.843067,0.84578,0.828263,0.842263,0.842237,0.91337,1,0.901473,0.943218,0.822538,0.883703,0.894485,0.837098,0.812219,0.857783,0.817144,0.791917,0.819787,0.930217,0.901339,0.830572,0.806426,0.852462,0.832773,0.859334,0.832751,0.892608,0.898377,0.891133,0.897049,0.860506,0.872917,0.905166,0.872921,0.947847,0.962242,0.939453,0.809745,0.887519,0.9439,0.862819,0.88238,0.934668,0.925834,0.91294,0.935376,0.918625,0.905668,0.890511,0.873363,0.905816,0.906583,0.895147,0.920408,0.862332,0.902749,0.988648,0.85594,0.893312,0.934762,0.908618,0.911516,0.922756,0.953055,0.930111,0.824306,0.823094,0.921177,0.971495,0.89287
0.841239,0.933019,0.901705,0.908665,0.883932,0.955195,0.956316,0.985159,0.927174,0.905462,0.929565,0.805964,0.827067,0.905287,0.913114,0.903668,0.889848,0.888653,0.988036,0.907481,0.945585,0.877726,0.990583,0.982655,0.919466,0.961573,0.927903,0.952204,0.927993,0.845949,0.943808,0.96386,0.939782,0.945553,0.921284,0.943633,0.901473,1,0.972903,0.915126,0.870359,0.90715,0.962393,0.910091,0.986287,0.94823,0.876323,0.897807,0.900291,0.994849,0.914749,0.899653,0.906518,0.911561,0.981132,0.916337,0.904767,0.979096,0.991067,0.880144,0.944235,0.85598,0.890557,0.910042,0.910837,0.935992,0.875507,0.922501,0.839474,0.842866,0.921678,0.914208,0.953522,0.980941,0.95146,0.900006,0.948691,0.911926,0.980388,0.989805,0.979876,0.898471,0.90332,0.941531,0.895941,0.962041,0.91507,0.975303,0.86398,0.980439,0.996564,0.992014,0.994624,0.963788,0.990329,0.894547,0.950928,0.950058,0.904481,0.990754
0.875364,0.914434,0.841619,0.863857,0.829836,0.90178,0.962174,0.973727,0.97792,0.943806,0.973626,0.777146,0.847476,0.955124,0.960576,0.910933,0.85003,0.843132,0.947155,0.899591,0.90989,0.879352,0.992469,0.985164,0.878433,0.945316,0.907674,0.933643,0.960509,0.886261,0.926875,0.912787,0.881327,0.936538,0.884339,0.960715,0.943218,0.972903,1,0.859916,0.894155,0.922472,0.897232,0.852809,0.945757,0.904467,0.818859,0.839843,0.935097,0.98131,0.870741,0.858034,0.894453,0.863868,0.939294,0.873118,0.867332,0.959385,0.97545,0.926228,0.88216,0.890532,0.93749,0.89711,0.964043,0.976961,0.929718,0.880495,0.835512,0.904384,0.912592,0.881146,0.990216,0.985866,0.916336,0.941873,0.956034,0.922136,0.928396,0.960271,0.962234,0.942459,0.914688,0.916042,0.857982,0.912715,0.938894,0.945316,0.852156,0.99157,0.982907,0.973717,0.97914,0.977862,0.99346,0.837828,0.895425,0.934921,0.941853,0.977134
0.883709,0.88516,0.92831,0.869658,0.912551,0.905256,0.859213,0.901248,0.840531,0.871929,0.842501,0.753771,0.736997,0.900109,0.842065,0.805735,0.844657,0.952016,0.950942,0.86303,0.938654,0.813678,0.876809,0.888153,0.88626,0.838795,0.90987,0.891777,0.861171,0.757592,0.90569,0.972012,0.981462,0.91055,0.878405,0.856084,0.822538,0.915126,0.859916,1,0.912032,0.861813,0.930714,0.928143,0.946866,0.969924,0.920821,0.919702,0.929393,0.906532,0.900939,0.951429,0.868955,0.891035,0.948875,0.875676,0.8916,0.86389,0.90854,0.878914,0.966389,0.919377,0.915218,0.956583,0.903625,0.842052,0.78576,0.943126,0.807059,0.844542,0.856483,0.945514,0.855399,0.87328,0.890081,0.912652,0.860931,0.932266,0.933553,0.936883,0.891233,0.91055,0.844928,0.843502,0.840263,0.914019,0.826024,0.945011,0.812622,0.8619,0.909481,0.88311,0.89705,0.823865,0.87383,0.916733,0.963316,0.836532,0.851901,0.91365
0.884421,0.839605,0.843554,0.804488,0.826607,0.878811,0.866169,0.889315,0.920932,0.895447,0.903653,0.747557,0.789905,0.936183,0.914301,0.798652,0.81012,0.894231,0.887858,0.832483,0.912441,0.797755,0.870705,0.869635,0.862331,0.802326,0.922342,0.883083,0.892228,0.835541,0.822419,0.910218,0.908323,0.857418,0.823674,0.860586,0.883703,0.870359,0.894155,0.912032,1,0.880076,0.842371,0.833605,0.874372,0.866787,0.818973,0.833617,0.942078,0.875132,0.826892,0.882726,0.791094,0.814954,0.894695,0.826224,0.870198,0.8206511,0.861705,0.94952,0.924064,0.924019,0.939716,0.93468,0.925043,0.907672,0.858476,0.905824,0.831945,0.907782,0.843832,0.95561,0.905408,0.876246,0.852851,0.951132,0.872886,0.942542,0.875555,0.875844,0.864648,0.929077,0.856753,0.816612,0.774272,0.863179,0.865613,0.859875,0.806596,0.87599,0.870197,0.845455,0.867609,0.853514,0.872668,0.851673,0.921048,0.774318,0.904919,0.879569
0.832343,0.873158,0.8369,0.829738,0.835619,0.896408,0.953605,0.906669,0.925004,0.888215,0.972089,0.858753,0.792942,0.940023,0.914618,0.81935,0.820201,0.860328,0.895796,0.900276,0.934741,0.789434,0.920082,0.8792838,0.966156,0.906094,0.934187,0.955516,0.910734,0.847456,0.842553,0.909094,0.8845,0.826206,0.837671,0.887391,0.894485,0.90715,0.922472,0.861813,0.880076,1,0.911794,0.839017,0.892015,0.849855,0.815254,0.838332,0.92831,0.898142,0.843927,0.875315,0.843412,0.837564,0.905422,0.838899,0.89546,0.94923,0.895999,0.918987,0.900423,0.884725,0.929763,0.906009,0.923904,0.911529,0.919537,0.892061,0.913043,0.867385,0.901615,0.894077,0.943172,0.8773344,0.891438,0.928696,0.920026,0.93758,0.90575,0.887777,0.888524,0.913221,0.842949,0.855109,0.823316,0.895977,0.891753,0.872571,0.832385,0.895475,0.895508,0.932547,0.896898,0.935952,0.920565,0.845459,0.879319,0.901122,0.902099,0.88646
0.818288,0.86733,0.896233,0.898896,0.90653,0.967904,0.938609,0.934004,0.846721,0.845875,0.877758,0.83208,0.764609,0.8541087,0.853671,0.846898,0.885732,0.877533,0.965733,0.857308,0.921024,0.80952,0.933917,0.920182,0.901317,0.945476,0.922691,0.9222,0.861232,0.786051,0.883631,0.939482,0.931868,0.865773,0.897022,0.874514,0.837098,0.962393,0.897232,0.930714,0.842371,0.911794,1,0.906195,0.9472,0.920022,0.875897,0.912298,0.884961,0.945578,0.89345,0.874667,0.863976,0.90734,0.940046,0.903447,0.927182,0.966927,0.932959,0.858487,0.967081,0.865344,0.872833,0.906013,0.843629,0.862923,0.810591,0.886899,0.85386,0.835915,0.873215,0.927476,0.873024,0.919171,0.941194,0.87335,0.893774,0.905024,0.983103,0.939478,0.942631,0.8365463,0.848347,0.922918,0.922535,0.970883,0.861063,0.924489,0.814899,0.919699,0.94529,0.96548,0.952362,0.9234,0.934529,0.904951,0.926508,0.946645,0.853499,0.937322
0.924711,0.893164,0.994447,0.943776,0.964884,0.906647,0.850212,0.89137,0.813499,0.831915,0.802931,0.815633,0.779408,0.841042,0.801308,0.893907,0.880922,0.972157,0.921649,0.841766,0.903966,0.914876,0.880583,0.882175,0.869504,0.877212,0.891087,0.87823,0.829149,0.772011,0.955259,0.938614,0.94873,0.923293,0.965752,0.842623,0.812219,0.910091,0.852809,0.928143,0.833605,0.839017,0.906195,1,0.933931,0.932994,0.982608,0.986801,0.861494,0.898781,0.989958,0.961177,0.959074,0.963965,0.928026,0.95569,0.874055,0.878262,0.904553,0.833899,0.91818,0.824796,0.844561,0.897676,0.826845,0.826208,0.756898,0.944023,0.824089,0.805059,0.840105,0.884297,0.83316,0.875941,0.898701,0.851374,0.854203,0.882528,0.923095,0.923427,0.889124,0.83817,0.929711,0.878961,0.847706,0.913497,0.828313,0.936844,0.892951,0.869169,0.902111,0.89268,0.900931,0.853772,0.878795,0.988611,0.94333,0.867325,0.830144,0.899091
0.844025,0.95584,0.932173,0.898643,0.886513,0.930057,0.925367,0.977886,0.891094,0.91269,0.900279,0.791237,0.789083,0.880522,0.870357,0.879112,0.865798,0.932263,0.980415,0.916239,0.952714,0.873273,0.966875,0.961865,0.935046,0.920771,0.911603,0.938394,0.908756,0.797966,0.969645,0.985844,0.972208,0.96931,0.915409,0.931562,0.857783,0.986287,0.945757,0.946866,0.874372,0.892015,0.9472,0.933931,1,0.973701,0.903678,0.905876,0.887773,0.983081,0.923545,0.94388,0.914466,0.906252,0.993905,0.909405,0.881398,0.949552,0.990538,0.862382,0.950636,0.850662,0.876064,0.927092,0.895188,0.893578,0.842699,0.961316,0.817991,0.806543,0.915729,0.904475,0.933813,0.953758,0.922353,0.884188,0.935976,0.907235,0.96189,0.997224,0.953851,0.893742,0.889,0.904856,0.860172,0.936215,0.876586,0.994204,0.853849,0.947874,0.983167,0.965867,0.969922,0.920113,0.964965,0.905612,0.980846,0.908242,0.861365,0.98273
