1,0.898738,0.844064,0.993818,0.967765,0.838953,0.859499,0.875886,0.893057,0.927476,0.964048,0.905536,0.896688,0.845186,0.83327,0.957085,0.968087,0.972523,0.850597,0.90064,0.912402,0.996422,0.802201,0.975568,0.966546,0.973493,0.844164,0.935293,0.809871,0.809189,0.875123,0.866714,0.896443,0.882966,0.925499,0.830146,0.916804,0.945463,0.877196,0.970373,0.916835,0.888415,0.980246,0.896418,0.907305,0.854747,0.874201,0.82197,0.814002,0.893718,0.951514,0.833711,0.973953,0.990493,0.902795,0.907699,0.905475,0.908089,0.861319,0.890226,0.873726,0.904791,0.840341,0.831547,0.833277,0.851516,0.91583,0.999276,0.884769,0.886385,0.905588,0.985506,0.872933,0.848135,0.880511,0.851341,0.946816,0.819833,0.859542,0.897899,0.961132,0.896898,0.931183,0.867824,0.842646,0.848061,0.870702,0.912318,0.861397,0.916947,0.882152,0.906705,0.864362,0.939643,0.9433,0.877727,0.861257,0.838562,0.961563,0.876993
0.898738,1,0.795147,0.913719,0.886147,0.877671,0.903638,0.8586,0.976381,0.838823,0.880719,0.873946,0.894723,0.868356,0.882259,0.895293,0.881497,0.892163,0.880923,0.859028,0.788905,0.903844,0.847629,0.8903,0.865841,0.874025,0.873174,0.957718,0.80218,0.763999,0.840408,0.908241,0.977952,0.857413,0.846478,0.851517,0.815507,0.890338,0.866069,0.888474,0.955895,0.827045,0.868185,0.982982,0.895969,0.924994,0.760292,0.917455,0.805468,0.916183,0.903229,0.836089,0.918784,0.906325,0.976126,0.966753,0.965798,0.953557,0.944473,0.885149,0.916373,0.929711,0.874042,0.915424,0.874815,0.853374,0.984652,0.89826,0.820336,0.934669,0.799751,0.898333,0.875589,0.903462,0.857315,0.905413,0.889637,0.861748,0.860702,0.972582,0.913416,0.949605,0.81203,0.942133,0.888705,0.878652,0.845224,0.827167,0.902422,0.96115,0.967221,0.933183,0.911632,0.89404,0.837969,0.873923,0.882623,0.902917,0.896271,0.886672
0.844064,0.795147,1,0.844953,0.843879,0.885466,0.879093,0.821152,0.790095,0.890999,0.893466,0.932285,0.950123,0.923064,0.919131,0.840007,0.9044,0.866776,0.92494,0.86081,0.898222,0.827321,0.86338,0.892038,0.908722,0.909841,0.835429,0.779068,0.906212,0.943008,0.82653,0.929647,0.825409,0.892065,0.860741,0.944449,0.917099,0.862477,0.904087,0.888369,0.848189,0.909566,0.874065,0.803953,0.818387,0.849781,0.901694,0.863205,0.963403,0.896054,0.835703,0.962334,0.838548,0.83595,0.837263,0.851792,0.782918,0.783772,0.781272,0.910707,0.882155,0.918156,0.898054,0.854595,0.921238,0.905954,0.774867,0.837354,0.859083,0.896077,0.887585,0.828528,0.851709,0.776071,0.915478,0.867976,0.866914,0.873764,0.872909,0.799247,0.824641,0.892965,0.818925,0.82732,0.88835,0.833102,0.83517,0.887472,0.914339,0.870962,0.850167,0.91905,0.816837,0.867489,0.927253,0.909434,0.926086,0.897304,0.869911,0.756803
0.993818,0.913719,0.844953,1,0.979517,0.835719,0.865454,0.863154,0.900543,0.918495,0.971939,0.912076,0.897907,0.841504,0.849375,0.97248,0.976638,0.966636,0.848214,0.910884,0.901469,0.987632,0.798748,0.98579,0.965263,0.977361,0.831355,0.93692,0.829307,0.806545,0.894298,0.878248,0.9082,0.906751,0.916378,0.829223,0.90965,0.96369,0.903916,0.981417,0.90958,0.902369,0.976133,0.907537,0.924547,0.849655,0.866147,0.842497,0.819375,0.892671,0.968453,0.831115,0.987603,0.995427,0.914592,0.917211,0.91014,0.913026,0.869346,0.904862,0.875139,0.906555,0.837457,0.835192,0.837069,0.879917,0.92389,0.991279,0.892599,0.891819,0.897798,0.98034,0.856951,0.849624,0.894952,0.847401,0.969052,0.818976,0.890151,0.904168,0.977935,0.910401,0.90826,0.873293,0.837468,0.84351,0.880968,0.907894,0.878426,0.926809,0.894804,0.910739,0.874158,0.965108,0.942699,0.88693,0.852822,0.850341,0.972462,0.857188
0.967765,0.886147,0.843879,0.979517,1,0.836638,0.866876,0.849647,0.887445,0.907009,0.937786,0.91093,0.867637,0.813097,0.856628,0.9818,0.947092,0.91615,0.846449,0.879078,0.914704,0.956516,0.778814,0.96837,0.92727,0.953797,0.808233,0.907967,0.812171,0.822584,0.862886,0.835504,0.888082,0.897796,0.902598,0.8293,0.891487,0.971372,0.919271,0.97409,0.865035,0.934914,0.962167,0.907051,0.905009,0.843292,0.865007,0.831237,0.837727,0.87386,0.962343,0.838503,0.958832,0.988324,0.904775,0.907107,0.894382,0.895226,0.881798,0.917046,0.874144,0.86994,0.810001,0.823509,0.824797,0.903902,0.898753,0.963662,0.846881,0.84367,0.913667,0.962889,0.819375,0.878927,0.908224,0.816628,0.969972,0.814584,0.911627,0.875036,0.956749,0.875954,0.891288,0.866694,0.815373,0.837235,0.872339,0.89594,0.856559,0.907255,0.852734,0.871752,0.817314,0.961714,0.930774,0.907789,0.845183,0.809618,0.930131,0.822041
0.838953,0.877671,0.885466,0.835719,0.836638,1,0.977794,0.866996,0.9072,0.893585,0.813313,0.841379,0.867328,0.96228,0.946266,0.871473,0.812611,0.825849,0.981281,0.838297,0.858278,0.846343,0.977455,0.805687,0.831806,0.806023,0.874345,0.85743,0.779749,0.922077,0.741296,0.896364,0.862227,0.783032,0.880517,0.970127,0.887806,0.874889,0.858845,0.81747,0.858427,0.896451,0.805003,0.915222,0.872369,0.970085,0.805712,0.921986,0.946484,0.869697,0.857764,0.956381,0.814071,0.846416,0.937953,0.939663,0.889057,0.887638,0.908548,0.877212,0.971206,0.885392,0.964665,0.941246,0.970278,0.871459,0.861232,0.845085,0.758521,0.875689,0.862265,0.873876,0.88446,0.865913,0.879757,0.895647,0.792945,0.989396,0.816823,0.82802,0.829395,0.878202,0.853952,0.928,0.918017,0.876166,0.835143,0.864322,0.854792,0.907714,0.862237,0.888068,0.816728,0.813238,0.781728,0.898043,0.956548,0.905435,0.815215,0.851192
0.859499,0.903638,0.879093,0.865454,0.866876,0.977794,1,0.833437,0.926354,0.876908,0.81326,0.886012,0.882444,0.934844,0.96524,0.899641,0.822105,0.821785,0.982687,0.824975,0.86678,0.864547,0.930105,0.832576,0.821677,0.817453,0.84365,0.885025,0.790291,0.886899,0.743316,0.896226,0.881994,0.832359,0.880338,0.96789,0.857703,0.903415,0.905569,0.854663,0.867377,0.896022,0.831339,0.939177,0.882891,0.956706,0.811032,0.933288,0.933461,0.869193,0.889922,0.958231,0.837736,0.874088,0.966549,0.97156,0.909926,0.907906,0.918772,0.930312,0.991549,0.8878,0.917413,0.922171,0.957481,0.905659,0.885981,0.863577,0.744406,0.88042,0.864788,0.893251,0.845714,0.899188,0.929616,0.866451,0.823011,0.976845,0.863374,0.840457,0.867179,0.896188,0.860846,0.949667,0.891965,0.861751,0.834283,0.861227,0.871138,0.945952,0.859148,0.900462,0.801465,0.851085,0.804518,0.947034,0.941665,0.893673,0.819283,0.853237
0.875886,0.8586,0.821152,0.863154,0.849647,0.866996,0.833437,1,0.91578,0.952125,0.867289,0.776707,0.80845,0.836006,0.812503,0.868038,0.83164,0.895896,0.853638,0.922329,0.856401,0.89509,0.858827,0.82114,0.865488,0.830829,0.977141,0.930616,0.700812,0.841859,0.732139,0.836172,0.830792,0.717183,0.959537,0.82953,0.860489,0.849124,0.766254,0.810693,0.86379,0.836039,0.840775,0.884523,0.877934,0.901295,0.789005,0.799929,0.817192,0.83581,0.843863,0.829421,0.851091,0.877169,0.863473,0.858891,0.92977,0.934611,0.911358,0.79068,0.858349,0.839605,0.848458,0.861664,0.84028,0.765461,0.904118,0.883426,0.772419,0.828506,0.88362,0.918569,0.952523,0.804121,0.784437,0.954954,0.788804,0.84421,0.724674,0.868215,0.827274,0.81262,0.88567,0.909504,0.931325,0.958579,0.811796,0.928515,0.776899,0.828418,0.853167,0.821689,0.903069,0.785047,0.795134,0.807436,0.909637,0.860886,0.85933,0.876516
0.893057,0.976381,0.790095,0.900543,0.887445,0.9072,0.926354,0.91578,1,0.885557,0.845081,0.839031,0.843149,0.863515,0.885129,0.912322,0.843235,0.8743,0.903232,0.857289,0.832399,0.907009,0.86965,0.85749,0.839432,0.839925,0.916662,0.981045,0.737564,0.787163,0.771726,0.85501,0.932683,0.803168,0.902576,0.870068,0.831197,0.902209,0.850569,0.866603,0.919598,0.857941,0.852698,0.986357,0.909619,0.960651,0.757998,0.894345,0.823188,0.867175,0.902114,0.85754,0.88728,0.906714,0.971265,0.960897,0.996542,0.991137,0.983432,0.87196,0.938767,0.878091,0.866202,0.925746,0.882546,0.842914,0.988085,0.897278,0.740995,0.874703,0.841651,0.923144,0.910595,0.899641,0.859298,0.925836,0.84789,0.890203,0.820328,0.941682,0.893756,0.889504,0.855973,0.976591,0.902998,0.928212,0.837158,0.862718,0.833011,0.930198,0.913942,0.880275,0.882363,0.862542,0.803311,0.875806,0.905283,0.86705,0.856667,0.910952
0.927476,0.838823,0.890999,0.918495,0.907009,0.893585,0.876908,0.952125,0.885557,1,0.931743,0.822423,0.848748,0.880737,0.863673,0.932318,0.9117,0.937812,0.903967,0.949806,0.934943,0.93112,0.870119,0.894126,0.942424,0.90736,0.930007,0.903511,0.79607,0.868342,0.832574,0.871466,0.827729,0.796826,0.984781,0.888929,0.958287,0.924979,0.838137,0.885528,0.852099,0.923865,0.900526,0.866145,0.933426,0.906757,0.87433,0.847012,0.872287,0.853959,0.9165,0.891829,0.902985,0.927497,0.873882,0.875766,0.897641,0.910482,0.881855,0.835127,0.896551,0.867176,0.877512,0.879244,0.886385,0.84068,0.868955,0.930312,0.863994,0.858279,0.954092,0.954885,0.944823,0.813638,0.852424,0.926821,0.862403,0.871356,0.792846,0.838725,0.896617,0.841694,0.934379,0.894017,0.919449,0.928651,0.90326,0.981483,0.816733,0.850124,0.849382,0.856982,0.886238,0.862187,0.864127,0.846848,0.933823,0.883497,0.922804,0.84668
0.964048,0.880719,0.893466,0.971939,0.937786,0.813313,0.81326,0.867289,0.845081,0.931743,1,0.898472,0.914771,0.86219,0.819719,0.921276,0.993674,0.980666,0.82632,0.960705,0.907188,0.952478,0.80983,0.983276,0.993003,0.989396,0.86054,0.885286,0.856785,0.825298,0.915495,0.918336,0.900985,0.903424,0.919748,0.822361,0.936143,0.917938,0.87133,0.959783,0.906173,0.88473,0.955136,0.856626,0.891762,0.819409,0.90489,0.810787,0.837169,0.912361,0.923812,0.824655,0.981437,0.954407,0.863546,0.865764,0.85301,0.856338,0.818702,0.863111,0.825377,0.92604,0.862752,0.838212,0.845016,0.846737,0.878848,0.958469,0.934348,0.917533,0.929723,0.926409,0.879454,0.80079,0.848606,0.889566,0.964963,0.789067,0.869767,0.900355,0.943772,0.919717,0.884087,0.837472,0.880451,0.879155,0.87637,0.950908,0.900728,0.893198,0.916458,0.922546,0.915403,0.943388,0.950921,0.839758,0.874021,0.904842,0.993712,0.834636
0.905536,0.873946,0.932285,0.912076,0.91093,0.841379,0.886012,0.776707,0.839031,0.822423,0.898472,1,0.974982,0.874111,0.912376,0.881594,0.921861,0.876838,0.884217,0.817411,0.850106,0.891576,0.794711,0.941095,0.8949,0.9344,0.774279,0.849075,0.889888,0.886187,0.830557,0.919956,0.889568,0.954542,0.813557,0.890541,0.841903,0.897165,0.956034,0.953693,0.901492,0.869572,0.935557,0.87173,0.817198,0.813728,0.861177,0.862049,0.898554,0.919802,0.887594,0.906007,0.892092,0.904208,0.901417,0.917434,0.83353,0.824803,0.801492,0.983692,0.884045,0.938384,0.846734,0.811686,0.871053,0.931884,0.852455,0.89932,0.837208,0.912119,0.817426,0.8794,0.782844,0.844565,0.960216,0.80539,0.924251,0.834468,0.945378,0.854363,0.894675,0.936028,0.810121,0.836434,0.827477,0.765718,0.791565,0.812694,0.94307,0.952098,0.872776,0.94969,0.79892,0.934905,0.965298,0.967335,0.861666,0.856557,0.883102,0.793654
0.896688,0.894723,0.950123,0.897907,0.867637,0.867328,0.882444,0.80845,0.843149,0.848748,0.914771,0.974982,1,0.927851,0.904322,0.844807,0.916335,0.909221,0.901156,0.873972,0.817901,0.889435,0.848571,0.914432,0.913033,0.920123,0.830385,0.847855,0.883764,0.88103,0.8313,0.97586,0.926841,0.917479,0.831728,0.906732,0.85974,0.845809,0.90352,0.905779,0.941709,0.827842,0.897181,0.879987,0.81584,0.841355,0.848321,0.875549,0.908451,0.969471,0.848551,0.911289,0.900948,0.88272,0.908071,0.921485,0.833756,0.822258,0.808353,0.942751,0.888287,0.986889,0.910605,0.863947,0.912581,0.88259,0.862054,0.892681,0.8489,0.965587,0.831023,0.861042,0.840695,0.849286,0.904631,0.876978,0.894188,0.85277,0.902205,0.892568,0.867507,0.976595,0.808459,0.848201,0.897185,0.829979,0.797979,0.856908,0.974659,0.962264,0.930276,0.989754,0.861936,0.886219,0.932841,0.925724,0.916172,0.933449,0.906944,0.823735
0.845186,0.868356,0.923064,0.841504,0.813097,0.96228,0.934844,0.836006,0.863515,0.880737,0.86219,0.874111,0.927851,1,0.947698,0.836271,0.86272,0.879143,0.963657,0.858441,0.823846,0.846867,0.956868,0.841501,0.887042,0.857168,0.859496,0.827183,0.862293,0.907108,0.821145,0.939773,0.884227,0.813086,0.850167,0.969795,0.912128,0.847256,0.859455,0.82948,0.895441,0.880567,0.818202,0.878253,0.878339,0.930573,0.819965,0.947213,0.957168,0.92244,0.837771,0.953481,0.843572,0.830563,0.906466,0.909101,0.844389,0.843448,0.859674,0.868877,0.932078,0.939394,0.986993,0.963727,0.992386,0.877507,0.839016,0.84798,0.826799,0.923603,0.839185,0.835417,0.89794,0.831669,0.86376,0.901506,0.81776,0.952164,0.827728,0.854159,0.822923,0.922276,0.8102564,0.883503,0.917387,0.856059,0.877003,0.855554,0.906298,0.908726,0.901545,0.941052,0.846324,0.817605,0.836018,0.874262,0.944005,0.926368,0.861132,0.855698
0.83327,0.882259,0.919131,0.849375,0.856628,0.946266,0.96524,0.812503,0.885129,0.863673,0.819719,0.912376,0.904322,0.947698,1,0.887965,0.828979,0.818011,0.976823,0.801421,0.817883,0.831255,0.897535,0.840549,0.828796,0.829227,0.811208,0.84582,0.901864,0.912627,0.817814,0.890184,0.860854,0.894169,0.839157,0.982303,0.868396,0.906365,0.958646,0.863268,0.842696,0.921442,0.826419,0.902716,0.905348,0.91438,0.779976,0.972484,0.964553,0.868113,0.894965,0.978821,0.835706,0.853088,0.938739,0.943987,0.867464,0.86879,0.87611,0.953352,0.958364,0.88913,0.911169,0.931862,0.975192,0.971151,0.854637,0.832395,0.773282,0.867924,0.816519,0.852256,0.839756,0.856727,0.958692,0.837662,0.845499,0.946939,0.932234,0.814396,0.874508,0.895604,0.782473,0.893462,0.86183,0.809484,0.881321,0.822799,0.89014,0.933675,0.838849,0.899436,0.767311,0.885556,0.84056,0.95363,0.915873,0.852509,0.817112,0.780406
0.957085,0.895293,0.840007,0.97248,0.9818,0.871473,0.899641,0.868038,0.912322,0.932318,0.921276,0.881594,0.844807,0.836271,0.887965,1,0.928369,0.906549,0.880049,0.884118,0.910493,0.950592,0.822067,0.947593,0.91421,0.929288,0.82142,0.923144,0.809876,0.827889,0.846931,0.832202,0.863963,0.876783,0.926204,0.858898,0.906862,0.988378,0.922971,0.95747,0.848133,0.953067,0.935673,0.912282,0.949707,0.879023,0.849246,0.867466,0.850129,0.834224,0.97388,0.863891,0.949175,0.983876,0.921856,0.921817,0.918499,0.924634,0.897242,0.912191,0.906372,0.85308,0.829314,0.861084,0.860762,0.916055,0.909809,0.954935,0.8201,0.826889,0.90955,0.969779,0.845937,0.849336,0.917432,0.835447,0.942053,0.862463,0.88956,0.851169,0.96221,0.864688,0.887029,0.894498,0.825608,0.858377,0.898373,0.914676,0.829123,0.906467,0.843207,0.858514,0.821489,0.95698,0.889899,0.893398,0.865407,0.821853,0.920952,0.826092
0.968087,0.881497,0.9044,0.976638,0.947092,0.812611,0.822105,0.83164,0.843235,0.9117,0.993674,0.921861,0.916335,0.86272,0.828979,0.928369,1,0.96915,0.828449,0.935764,0.906089,0.952853,0.806468,0.994164,0.99131,0.996872,0.831436,0.879492,0.883478,0.8319,0.927417,0.910836,0.89791,0.933914,0.894901,0.828043,0.939491,0.933262,0.901276,0.979505,0.900792,0.89837,0.9687,0.856599,0.886881,0.816958,0.916879,0.81349,0.850788,0.902361,0.937607,0.833852,0.977654,0.958448,0.867497,0.870823,0.848151,0.850204,0.811243,0.888488,0.829526,0.918941,0.858955,0.831756,0.844337,0.874704,0.874606,0.961926,0.942361,0.913584,0.91992,0.928461,0.858984,0.806189,0.880909,0.865807,0.977056,0.793113,0.898926,0.891963,0.956017,0.916962,0.879489,0.828562,0.85862,0.849016,0.879216,0.930076,0.9014,0.898069,0.907713,0.921071,0.895047,0.964283,0.968518,0.862918,0.856975,0.891744,0.987691,0.833458
0.972523,0.892163,0.866776,0.966636,0.91615,0.825849,0.821785,0.895896,0.8743,0.937812,0.980666,0.876838,0.909221,0.879143,0.818011,0.906549,0.96915,1,0.838036,0.963038,0.86417,0.975564,0.824668,0.955355,0.983694,0.965349,0.888774,0.925643,0.820456,0.800109,0.888159,0.908292,0.903335,0.856967,0.92474,0.831979,0.934458,0.894215,0.82972,0.930447,0.921574,0.856985,0.939215,0.868662,0.905008,0.842667,0.861173,0.819889,0.825388,0.914453,0.907109,0.826692,0.975097,0.950825,0.870189,0.872647,0.889671,0.895,0.847338,0.842085,0.836634,0.926629,0.878099,0.859913,0.857346,0.807453,0.911123,0.973062,0.904652,0.916328,0.897242,0.945704,0.928022,0.813434,0.8211,0.910828,0.926201,0.80119,0.821928,0.922847,0.927452,0.913207,0.902948,0.845468,0.883754,0.897015,0.886146,0.938951,0.883864,0.895178,0.916724,0.923197,0.935472,0.902885,0.919951,0.827709,0.875588,0.894642,0.982998,0.886506
0.850597,0.880923,0.92494,0.848214,0.846449,0.981281,0.982687,0.853638,0.903232,0.903967,0.82632,0.884217,0.901156,0.963657,0.976823,0.880049,0.828449,0.838036,1,0.833482,0.860045,0.853229,0.942723,0.826055,0.846648,0.826592,0.869171,0.859892,0.839941,0.917806,0.776771,0.907796,0.866379,0.834523,0.88215,0.993471,0.896468,0.891381,0.90483,0.841265,0.870737,0.905582,0.831434,0.914126,0.892288,0.961874,0.806226,0.952091,0.959315,0.886527,0.882072,0.987698,0.82387,0.855224,0.94551,0.951019,0.885728,0.885668,0.898692,0.918339,0.984598,0.902793,0.941755,0.941782,0.980411,0.915744,0.860717,0.853329,0.766927,0.891498,0.863466,0.876847,0.887392,0.885911,0.927978,0.891353,0.810169,0.97389,0.866057,0.828169,0.856656,0.891436,0.84763,0.92503,0.917918,0.860802,0.866453,0.871142,0.874114,0.927287,0.856373,0.90717,0.801543,0.838414,0.821615,0.935077,0.966392,0.898122,0.822925,0.826669
0.90064,0.859028,0.86081,0.910884,0.879078,0.838297,0.824975,0.922329,0.857289,0.949806,0.960705,0.817411,0.873972,0.858441,0.801421,0.884118,0.935764,0.963038,0.833482,1,0.915659,0.904542,0.825456,0.907746,0.950381,0.919242,0.909167,0.88673,0.802973,0.801236,0.886112,0.914192,0.88596,0.820989,0.962128,0.824079,0.9108,0.863532,0.79204,0.870899,0.862427,0.859102,0.860349,0.845483,0.879165,0.847573,0.893301,0.791676,0.832977,0.895546,0.86268,0.820494,0.949893,0.89746,0.836869,0.836035,0.873713,0.884302,0.867343,0.79227,0.836651,0.900585,0.867552,0.847771,0.846841,0.777697,0.876099,0.899796,0.912952,0.899954,0.949375,0.907235,0.917947,0.792617,0.774498,0.928345,0.905829,0.808876,0.798802,0.908597,0.877297,0.897633,0.932669,0.866858,0.897834,0.95701,0.856723,0.975256,0.889698,0.846924,0.917123,0.892319,0.967865,0.865196,0.85668,0.797655,0.894014,0.925881,0.969583,0.876284
0.912402,0.788905,0.898222,0.901469,0.914704,0.858278,0.86678,0.856401,0.832399,0.934943,0.907188,0.850106,0.817901,0.823846,0.817883,0.910493,0.906089,0.86417,0.860045,0.915659,1,0.905901,0.821656,0.8870896,0.907698,0.8886939,0.856851,0.847483,0.839694,0.871481,0.890396,0.865927,0.7931425,0.850682,0.946229,0.849471,0.913637,0.917208,0.855842,0.90657,0.801209,0.919425,0.91671,0.83053,0.83381,0.855838,0.974263,0.756781,0.874327,0.809806,0.894992,0.864257,0.860355,0.910979,0.83835,0.846473,0.839241,0.847812,0.833199,0.858241,0.870574,0.821011,0.818351,0.792207,0.826429,0.834729,0.808447,0.915668,0.938586,0.847835,0.991847,0.934155,0.831266,0.812415,0.883108,0.857109,0.8737427,0.843965,0.818058,0.7865694,0.874972,0.820123,0.964606,0.870313,0.872863,0.882093,0.835069,0.963942,0.836678,0.824564,0.829876,0.82095,0.862594,0.871462,0.8800571,0.880504,0.885491,0.88718,0.903463,0.86392
0.996422,0.903844,0.827321,0.987632,0.956516,0.846343,0.864547,0.89509,0.907009,0.93112,0.952478,0.891576,0.889435,0.846867,0.831255,0.950592,0.952853,0.975564,0.853229,0.904542,0.905901,1,0.80811,0.958945,0.955782,0.956776,0.860595,0.9528,0.789771,0.801308,0.861585,0.862288,0.896963,0.860284,0.937341,0.8304,0.906361,0.934109,0.858514,0.952663,0.916933,0.875341,0.964585,0.902336,0.910948,0.863834,0.862893,0.821024,0.808637,0.890895,0.941897,0.83102,0.970507,0.985411,0.905425,0.909846,0.922903,0.927132,0.87803,0.879539,0.878347,0.901293,0.842696,0.836244,0.835073,0.833595,0.930449,0.998492,0.872222,0.88298,0.903857,0.990173,0.887987,0.850615,0.865387,0.860994,0.929308,0.827232,0.83941,0.907336,0.951306,0.893792,0.941629,0.877004,0.845638,0.869759,0.865043,0.916447,0.855236,0.91604,0.882657,0.903514,0.876969,0.921031,0.921488,0.871615,0.864265,0.835622,0.955258,0.898008
0.802201,0.847629,0.86338,0.798748,0.778814,0.977455,0.930105,0.858827,0.86965,0.870119,0.80983,0.794711,0.848571,0.956868,0.897535,0.822067,0.806468,0.824668,0.942723,0.825456,0.821656,0.80811,1,0.783439,0.832202,0.795039,0.874144,0.820512,0.761838,0.907719,0.739232,0.887333,0.836926,0.74081,0.854709,0.935385,0.886793,0.825312,0.800255,0.780927,0.847757,0.854863,0.763117,0.867301,0.841323,0.943985,0.780274,0.89049,0.912806,0.850485,0.808521,0.917147,0.790793,0.799727,0.89093,0.89029,0.851048,0.848959,0.860608,0.813389,0.917512,0.875696,0.977645,0.929578,0.947175,0.815864,0.826522,0.807034,0.761374,0.870422,0.82857,0.828967,0.883752,0.811638,0.817048,0.896282,0.757009,0.958832,0.753146,0.813235,0.786042,0.86182,0.81276,0.894298,0.914514,0.860855,0.815985,0.841176,0.828715,0.862025,0.863197,0.876196,0.819314,0.771257,0.756563,0.829094,0.93425,0.898125,0.810888,0.815988
0.975568,0.8903,0.892038,0.98579,0.96837,0.805687,0.832576,0.82114,0.85749,0.894126,0.983276,0.941095,0.914432,0.841501,0.840549,0.947593,0.994164,0.955355,0.826055,0.907746,0.8870896,0.958945,0.783439,1,0.97691,0.995977,0.808931,0.891214,0.878515,0.829572,0.914791,0.892486,0.89838,0.945254,0.877529,0.820954,0.917924,0.951986,0.925874,0.993957,0.901127,0.90367,0.982601,0.873735,0.891545,0.813765,0.898285,0.824604,0.841973,0.895841,0.953969,0.832036,0.976512,0.973666,0.88421,0.888238,0.862168,0.861977,0.822154,0.917609,0.840684,0.911092,0.835467,0.817966,0.829634,0.899377,0.88573,0.968759,0.921286,0.899829,0.89064,0.94218,0.834405,0.821959,0.909407,0.839839,0.984456,0.78895,0.919932,0.888297,0.967884,0.912157,0.872661,0.83577,0.83494,0.81834,0.8670511,0.89993,0.89459,0.910899,0.89506,0.914533,0.868283,0.978892,0.976579,0.891169,0.838957,0.864395,0.974649,0.824815
0.966546,0.865841,0.908722,0.965263,0.92727,0.831806,0.821677,0.865488,0.839432,0.942424,0.993003,0.8949,0.913033,0.887042,0.828796,0.91421,0.99131,0.983694,0.846648,0.950381,0.907698,0.955782,0.832202,0.97691,1,0.989284,0.864342,0.877382,0.86608,0.837328,0.913082,0.911261,0.886702,0.89224,0.918039,0.846782,0.963807,0.914224,0.862857,0.954786,0.905157,0.899347,0.956796,0.845739,0.895703,0.837589,0.906646,0.823645,0.857663,0.907867,0.916481,0.848018,0.967196,0.947644,0.855484,0.858852,0.846772,0.851491,0.815121,0.855544,0.834733,0.922579,0.882979,0.859861,0.867117,0.843509,0.866355,0.962706,0.933674,0.912367,0.927801,0.927672,0.900524,0.796255,0.850257,0.894153,0.948855,0.808543,0.851928,0.888063,0.931808,0.907282,0.891232,0.833063,0.884145,0.873106,0.905171,0.948747,0.886481,0.882797,0.904504,0.919651,0.903167,0.928989,0.953912,0.836195,0.882986,0.898144,0.984935,0.850103
0.973493,0.874025,0.909841,0.977361,0.953797,0.806023,0.817453,0.830829,0.839925,0.90736,0.989396,0.9344,0.920123,0.857168,0.829227,0.929288,0.996872,0.965349,0.826592,0.919242,0.8886939,0.956776,0.795039,0.995977,0.989284,1,0.825586,0.877176,0.878752,0.839481,0.910817,0.899037,0.890461,0.930578,0.882661,0.826386,0.937136,0.932805,0.903898,0.983801,0.905023,0.898747,0.980679,0.855445,0.878339,0.812158,0.906945,0.808781,0.851229,0.903476,0.934177,0.837449,0.969652,0.963007,0.865675,0.870734,0.845518,0.84532,0.80615,0.899294,0.829024,0.917769,0.851479,0.826886,0.838971,0.877747,0.870145,0.967021,0.926505,0.90395,0.902205,0.932733,0.855707,0.806793,0.890193,0.857853,0.973021,0.786159,0.897575,0.88395,0.95013,0.908806,0.875906,0.822976,0.852552,0.831355,0.874136,0.914887,0.892063,0.897782,0.895431,0.917645,0.874679,0.960804,0.980561,0.873232,0.85268,0.874768,0.97687,0.830816
0.844164,0.873174,0.835429,0.831355,0.808233,0.874345,0.84365,0.977141,0.916662,0.930007,0.86054,0.774279,0.830385,0.859496,0.811208,0.82142,0.831436,0.888774,0.869171,0.909167,0.856851,0.860595,0.874144,0.808931,0.864342,0.825586,1,0.914398,0.720213,0.833411,0.755576,0.870322,0.867973,0.733149,0.940148,0.846165,0.857159,0.81913,0.754769,0.793639,0.898685,0.811093,0.822805,0.89185,0.848351,0.925549,0.791736,0.812847,0.819624,0.871791,0.821879,0.839744,0.829773,0.832785,0.870738,0.864013,0.920433,0.921393,0.914623,0.774985,0.868788,0.867149,0.867148,0.883343,0.855166,0.748949,0.896264,0.850279,0.791747,0.882635,0.883698,0.882623,0.959689,0.848584,0.778048,0.980497,0.776807,0.84741,0.720673,0.899591,0.809644,0.839885,0.879401,0.930383,0.972705,0.960387,0.807326,0.915939,0.806787,0.832708,0.893024,0.851062,0.918423,0.765266,0.799031,0.807575,0.932698,0.89789,0.853801,0.882398
0.935293,0.957718,0.779068,0.93692,0.907967,0.85743,0.885025,0.930616,0.981045,0.903511,0.885286,0.849075,0.847855,0.827183,0.84582,0.923144,0.879492,0.925643,0.859892,0.88673,0.847483,0.9528,0.820512,0.891214,0.877382,0.877176,0.914398,1,0.72882,0.770958,0.795383,0.843205,0.918181,0.814596,0.930192,0.828714,0.837163,0.907348,0.841347,0.892794,0.917842,0.842287,0.889743,0.956985,0.918398,0.912391,0.77812,0.848612,0.789268,0.862869,0.915596,0.821011,0.927321,0.93805,0.938291,0.931797,0.991511,0.99216,0.957288,0.864762,0.896945,0.873449,0.827557,0.872765,0.83686,0.822474,0.98998,0.940539,0.781689,0.868029,0.857862,0.958442,0.910791,0.875089,0.848745,0.909495,0.871918,0.838735,0.814593,0.947509,0.917465,0.880496,0.892863,0.944194,0.874884,0.924133,0.837907,0.886118,0.828677,0.915733,0.902155,0.876806,0.899507,0.877041,0.837742,0.865201,0.870077,0.837035,0.898603,0.918338
0.809871,0.80218,0.906212,0.829307,0.812171,0.779749,0.790291,0.700812,0.737564,0.79607,0.856785,0.889888,0.883764,0.862293,0.901864,0.809876,0.883478,0.820456,0.839941,0.802973,0.839694,0.789771,0.761838,0.878515,0.86608,0.878752,0.720213,0.72882,1,0.831956,0.945527,0.869647,0.813157,0.956606,0.754873,0.873978,0.864216,0.859481,0.926852,0.877474,0.788544,0.875669,0.84185,0.760158,0.85843,0.755699,0.921523,0.909102,0.885576,0.824117,0.869922,0.879397,0.845132,0.802078,0.796263,0.798688,0.721909,0.725979,0.713415,0.875521,0.785653,0.84779,0.813723,0.840628,0.869911,0.942002,0.755088,0.802917,0.937465,0.851682,0.822253,0.758144,0.766436,0.722709,0.888306,0.762367,0.898679,0.771738,0.950643,0.779866,0.877588,0.864726,0.797544,0.718892,0.773142,0.735526,0.91824,0.80486,0.904091,0.836176,0.822595,0.863324,0.797206,0.918466,0.889929,0.845313,0.796791,0.839176,0.857197,0.773603
0.809189,0.763999,0.943008,0.806545,0.822584,0.922077,0.886899,0.841859,0.787163,0.868342,0.825298,0.886187,0.88103,0.907108,0.912627,0.827889,0.8319,0.800109,0.917806,0.801236,0.871481,0.801308,0.907719,0.829572,0.837328,0.839481,0.833411,0.770958,0.831956,1,0.736967,0.866583,0.766547,0.834069,0.848393,0.934859,0.873546,0.85364,0.887654,0.844037,0.80092,0.902739,0.838376,0.7966,0.799267,0.853376,0.8491,0.839211,0.964159,0.83036,0.822904,0.944662,0.775209,0.812725,0.831914,0.845767,0.778613,0.781323,0.775959,0.893804,0.872378,0.850571,0.897928,0.828742,0.908845,0.894128,0.75397,0.808789,0.773729,0.827966,0.852499,0.828705,0.815867,0.767674,0.904735,0.829031,0.802036,0.925154,0.843083,0.735472,0.794706,0.826212,0.798216,0.820588,0.872353,0.79787,0.789807,0.841198,0.840336,0.842092,0.780768,0.852237,0.748888,0.828195,0.867844,0.906406,0.899638,0.838718,0.796351,0.740004
0.875123,0.840408,0.82653,0.894298,0.862886,0.741296,0.743316,0.732139,0.771726,0.832574,0.915495,0.830557,0.8313,0.821145,0.817814,0.846931,0.927417,0.888159,0.776771,0.886112,0.890396,0.861585,0.739232,0.914791,0.913082,0.910817,0.755576,0.795383,0.945527,0.736967,1,0.857549,0.859374,0.932534,0.820241,0.792785,0.887418,0.881729,0.874283,0.901025,0.814662,0.857829,0.877618,0.792156,0.907774,0.751933,0.935415,0.876511,0.7954,0.832002,0.915455,0.78099,0.922384,0.864655,0.80391,0.797747,0.76664,0.774119,0.749467,0.805969,0.744105,0.837227,0.79417,0.837357,0.816607,0.877799,0.810557,0.870158,0.988399,0.86807,0.893525,0.829336,0.797923,0.762441,0.816985,0.788848,0.942013,0.720675,0.914669,0.846347,0.935239,0.864118,0.888797,0.7274428,0.785314,0.79382,0.96698,0.874739,0.877385,0.826988,0.862304,0.847236,0.872439,0.935733,0.882381,0.782719,0.774844,0.858672,0.931388,0.825916
0.866714,0.908241,0.929647,0.878248,0.835504,0.896364,0.896226,0.836172,0.85501,0.871466,0.918336,0.919956,0.97586,0.939773,0.890184,0.832202,0.910836,0.908292,0.907796,0.914192,0.865927,0.862288,0.887333,0.892486,0.911261,0.899037,0.870322,0.843205,0.869647,0.866583,0.857549,1,0.942929,0.887287,0.877631,0.90517,0.862347,0.832188,0.863465,0.869589,0.935214,0.818805,0.850722,0.8843,0.822539,0.874317,0.871665,0.8752174,0.902945,0.96581,0.836561,0.900023,0.903337,0.855218,0.908509,0.914936,0.841226,0.833582,0.833953,0.89125,0.899656,0.985764,0.933308,0.889707,0.924858,0.844325,0.864898,0.863426,0.881574,0.986097,0.882289,0.840249,0.857584,0.842237,0.855541,0.918122,0.882314,0.879567,0.868647,0.910579,0.858503,0.986843,0.851713,0.891542,0.937388,0.892315,0.808558,0.901559,0.980422,0.946592,0.965473,0.987713,0.913605,0.864993,0.876984,0.882899,0.946912,0.98514,0.921906,0.849355
0.896443,0.977952,0.825409,0.9082,0.888082,0.862227,0.881994,0.830792,0.932683,0.827729,0.900985,0.889568,0.926841,0.884227,0.860854,0.863963,0.89791,0.903335,0.866379,0.88596,0.7931425,0.896963,0.836926,0.89838,0.886702,0.890461,0.867973,0.918181,0.813157,0.766547,0.859374,0.942929,1,0.869049,0.829685,0.846579,0.824414,0.860978,0.850359,0.887258,0.966629,0.808065,0.875591,0.965536,0.851076,0.893336,0.796086,0.89346,0.818984,0.968606,0.881473,0.828576,0.923992,0.89523,0.955161,0.949761,0.919234,0.903383,0.91703,0.875569,0.892429,0.95958,0.890898,0.891421,0.871297,0.831632,0.950618,0.894701,0.847513,0.969745,0.826412,0.877676,0.859967,0.934208,0.834804,0.907064,0.907828,0.835574,0.872978,0.984162,0.898734,0.972171,0.823056,0.90969,0.907206,0.875178,0.823905,0.839029,0.947073,0.961919,0.982333,0.958953,0.919418,0.884625,0.863032,0.878578,0.889389,0.936786,0.91096,0.879123
0.882966,0.857413,0.892065,0.906751,0.897796,0.783032,0.832359,0.717183,0.803168,0.796826,0.903424,0.954542,0.917479,0.813086,0.894169,0.876783,0.933914,0.856967,0.834523,0.820989,0.850682,0.860284,0.74081,0.945254,0.89224,0.930578,0.733149,0.814596,0.956606,0.834069,0.932534,0.887287,0.869049,1,0.786108,0.85149,0.840145,0.918372,0.970681,0.956667,0.84393,0.879116,0.92349,0.829013,0.859503,0.773821,0.890123,0.876004,0.859771,0.859745,0.929729,0.861814,0.904124,0.883841,0.856861,0.863991,0.794318,0.795121,0.768487,0.942471,0.823221,0.876019,0.782657,0.781364,0.821862,0.953248,0.824537,0.872482,0.918729,0.889937,0.841892,0.846739,0.74193,0.820399,0.945623,0.759596,0.956325,0.786715,0.983518,0.838864,0.9413,0.89976,0.790316,0.779617,0.778792,0.735092,0.885935,0.820456,0.92857,0.898619,0.852941,0.896244,0.809167,0.972405,0.949091,0.924907,0.790926,0.837018,0.902283,0.739325
0.925499,0.846478,0.860741,0.916378,0.902598,0.880517,0.880338,0.959537,0.902576,0.984781,0.919748,0.813557,0.831728,0.850167,0.839157,0.926204,0.894901,0.92474,0.88215,0.962128,0.946229,0.937341,0.854709,0.877529,0.918039,0.882661,0.940148,0.930192,0.754873,0.848393,0.820241,0.877631,0.829685,0.786108,1,0.860441,0.913072,0.912272,0.819458,0.875014,0.844894,0.890939,0.8905,0.876513,0.908602,0.895152,0.888466,0.809326,0.845975,0.838513,0.903045,0.86154,0.898805,0.927557,0.878244,0.881485,0.919653,0.932317,0.896349,0.833672,0.893284,0.853881,0.850742,0.847283,0.857448,0.807746,0.887564,0.93254,0.872212,0.861679,0.964304,0.96803,0.923269,0.825073,0.842058,0.928077,0.849327,0.859367,0.771518,0.848493,0.88694,0.841512,0.961655,0.916955,0.918425,0.952426,0.85433,0.987987,0.82214,0.853217,0.858788,0.847413,0.917163,0.848019,0.837277,0.853653,0.921636,0.897196,0.920545,0.88901
0.830146,0.851517,0.944449,0.829223,0.8293,0.970127,0.96789,0.82953,0.870068,0.888929,0.822361,0.890541,0.906732,0.969795,0.982303,0.858898,0.828043,0.831979,0.993471,0.824079,0.849471,0.8304,0.935385,0.820954,0.846782,0.826386,0.846165,0.828714,0.873978,0.934859,0.792785,0.90517,0.846579,0.85149,0.860441,1,0.901236,0.879553,0.918074,0.836588,0.847464,0.913654,0.818425,0.882615,0.883403,0.937729,0.812631,0.950235,0.979518,0.881977,0.86907,0.995259,0.811098,0.831637,0.917232,0.924109,0.852405,0.855549,0.8715,0.917475,0.96264,0.896231,0.942177,0.932491,0.983411,0.932933,0.828978,0.831839,0.779872,0.883356,0.851706,0.84974,0.875834,0.862229,0.933176,0.87042,0.808638,0.963621,0.885066,0.80841,0.8424,0.882144,0.824583,0.89239,0.897566,0.835893,0.872479,0.853965,0.880162,0.907579,0.83966,0.902448,0.787785,0.838063,0.835597,0.935158,0.947755,0.883603,0.816871,0.793109
0.916804,0.815507,0.917099,0.90965,0.891487,0.887806,0.857703,0.860489,0.831197,0.958287,0.936143,0.841903,0.85974,0.912128,0.868396,0.906862,0.939491,0.934458,0.896468,0.9108,0.913637,0.906361,0.886793,0.917924,0.963807,0.937136,0.857159,0.837163,0.864216,0.873546,0.887418,0.862347,0.824414,0.840145,0.913072,0.901236,1,0.921484,0.863202,0.906236,0.839721,0.952127,0.904345,0.823394,0.924967,0.886633,0.88338,0.861766,0.903388,0.855294,0.912985,0.900369,0.901238,0.901391,0.837833,0.837714,0.83238,0.845372,0.832174,0.827007,0.864822,0.867334,0.907455,0.893199,0.903805,0.874959,0.821157,0.914331,0.896892,0.856199,0.92639,0.899727,0.922204,0.780581,0.857785,0.881905,0.89122,0.866557,0.830757,0.824938,0.896268,0.842191,0.877591,0.830838,0.871608,0.858433,0.943174,0.933981,0.827072,0.83027,0.842089,0.863689,0.848504,0.886272,0.901687,0.825603,0.895411,0.860149,0.925929,0.811983
0.945463,0.890338,0.862477,0.96369,0.971372,0.874889,0.903415,0.849124,0.902209,0.924979,0.917938,0.897165,0.845809,0.847256,0.906365,0.988378,0.933262,0.894215,0.891381,0.863532,0.917208,0.934109,0.825312,0.951986,0.914224,0.932805,0.81913,0.907348,0.859481,0.85364,0.881729,0.832188,0.860978,0.918372,0.912272,0.879553,0.921484,1,0.956366,0.968524,0.84333,0.971455,0.943808,0.903466,0.955562,0.882746,0.846797,0.885091,0.876926,0.827668,0.991468,0.884873,0.938048,0.967076,0.917786,0.91695,0.902704,0.911282,0.885707,0.92594,0.905354,0.844523,0.828947,0.867211,0.87317,0.949287,0.89421,0.941468,0.842249,0.83576,0.911274,0.954955,0.841318,0.843884,0.946905,0.824768,0.950053,0.868726,0.926824,0.843663,0.977257,0.859395,0.87509,0.888366,0.827691,0.830638,0.928644,0.901603,0.833807,0.901015,0.835505,0.853993,0.805967,0.97472,0.910298,0.915465,0.859798,0.812026,0.915151,0.802758
0.877196,0.866069,0.904087,0.903916,0.919271,0.858845,0.905569,0.766254,0.850569,0.838137,0.87133,0.956034,0.90352,0.859455,0.958646,0.922971,0.901276,0.82972,0.90483,0.79204,0.855842,0.858514,0.800255,0.925874,0.862857,0.903898,0.754769,0.841347,0.926852,0.887654,0.874283,0.863465,0.850359,0.970681,0.819458,0.918074,0.863202,0.956366,1,0.951412,0.826445,0.942296,0.909223,0.868514,0.8933,0.837075,0.8154956,0.9119,0.921169,0.839065,0.944747,0.928906,0.883449,0.899122,0.900444,0.907943,0.840745,0.843381,0.826531,0.979402,0.894503,0.862513,0.818002,0.843073,0.890946,0.993753,0.84425,0.868868,0.838485,0.8524,0.83506,0.871884,0.77331,0.828911,0.988193,0.771507,0.933706,0.865338,0.982173,0.812808,0.934078,0.884522,0.775539,0.841578,0.792318,0.752224,0.886145,0.815218,0.898445,0.917883,0.823933,0.881891,0.762034,0.968905,0.921285,0.966398,0.83659,0.804686,0.864059,0.732968
0.970373,0.888474,0.888369,0.981417,0.97409,0.81747,0.854663,0.810693,0.866603,0.885528,0.959783,0.953693,0.905779,0.82948,0.863268,0.95747,0.979505,0.930447,0.841265,0.870899,0.90657,0.952663,0.780927,0.993957,0.954786,0.983801,0.793639,0.892794,0.877474,0.844037,0.901025,0.869589,0.887258,0.956667,0.875014,0.836588,0.906236,0.968524,0.951412,1,0.887503,0.920179,0.984288,0.881126,0.894954,0.825266,0.887501,0.835595,0.852974,0.875902,0.966988,0.852516,0.960501,0.973088,0.8943,0.899013,0.869262,0.869666,0.832245,0.942512,0.858427,0.89132,0.818364,0.811898,0.82731,0.926301,0.884639,0.963481,0.898685,0.881438,0.887707,0.946242,0.814234,0.836693,0.942262,0.814534,0.979833,0.804035,0.938474,0.872749,0.973209,0.896492,0.87287,0.847282,0.816023,0.795931,0.875429,0.878377,0.882276,0.913303,0.871495,0.8995,0.832733,0.985937,0.975242,0.921864,0.832931,0.83321,0.950642,0.813905
0.916835,0.955895,0.848189,0.90958,0.865035,0.858427,0.867377,0.86379,0.919598,0.852099,0.906173,0.901492,0.941709,0.895441,0.842696,0.848133,0.900792,0.921574,0.870737,0.862427,0.801209,0.916933,0.847757,0.901127,0.905157,0.905023,0.898685,0.917842,0.788544,0.80092,0.814662,0.935214,0.966629,0.84393,0.844894,0.847464,0.839721,0.84333,0.826445,0.887503,1,0.784851,0.906539,0.939592,0.829391,0.893426,0.791056,0.860207,0.812968,0.963729,0.860852,0.838804,0.903026,0.895381,0.940884,0.941109,0.909762,0.892323,0.877593,0.87358,0.891861,0.969138,0.894151,0.889721,0.87399,0.799699,0.934486,0.916056,0.82607,0.967272,0.8050355,0.893224,0.887276,0.903373,0.837651,0.924716,0.868227,0.838731,0.820087,0.956752,0.880959,0.955919,0.839687,0.909252,0.933307,0.859926,0.794796,0.842748,0.909728,0.955127,0.96279,0.964028,0.893299,0.856909,0.892073,0.868802,0.90974,0.921735,0.901538,0.896127
0.888415,0.827045,0.909566,0.902369,0.934914,0.896451,0.896022,0.836039,0.857941,0.923865,0.88473,0.869572,0.827842,0.880567,0.921442,0.953067,0.89837,0.856985,0.905582,0.859102,0.919425,0.875341,0.854863,0.90367,0.899347,0.898747,0.811093,0.842287,0.875669,0.902739,0.857829,0.818805,0.808065,0.879116,0.890939,0.913654,0.952127,0.971455,0.942296,0.920179,0.784851,1,0.892366,0.860412,0.92919,0.885543,0.871564,0.87643,0.939738,0.808462,0.947234,0.923885,0.877003,0.912711,0.87245,0.870991,0.854303,0.865373,0.869727,0.902511,0.893668,0.816647,0.86514,0.883653,0.901743,0.954591,0.83124,0.885493,0.829787,0.797385,0.916532,0.902577,0.854124,0.811335,0.932299,0.827601,0.907729,0.886427,0.912769,0.789461,0.915237,0.813531,0.858007,0.85668,0.827557,0.831237,0.92575,0.89418,0.811218,0.845244,0.794709,0.819277,0.782101,0.930146,0.881486,0.904008,0.867871,0.812764,0.871164,0.778812
0.980246,0.868185,0.874065,0.976133,0.962167,0.805003,0.831339,0.840775,0.852698,0.900526,0.955136,0.935557,0.897181,0.818202,0.826419,0.935673,0.9687,0.939215,0.831434,0.860349,0.91671,0.964585,0.763117,0.982601,0.956796,0.980679,0.822805,0.889743,0.84185,0.838376,0.877618,0.850722,0.875591,0.92349,0.8905,0.818425,0.904345,0.943808,0.909223,0.984288,0.906539,0.892366,1,0.866665,0.871943,0.822114,0.883736,0.802327,0.824235,0.883783,0.949241,0.835216,0.945912,0.968787,0.876367,0.883285,0.859026,0.859059,0.818664,0.911151,0.8483,0.887999,0.801793,0.795148,0.808672,0.879374,0.872097,0.974789,0.885232,0.876621,0.898211,0.954133,0.829961,0.84564,0.913256,0.820055,0.953825,0.791748,0.895542,0.867463,0.957151,0.876463,0.897889,0.837839,0.832785,0.796743,0.857532,0.88642,0.854326,0.897963,0.85389,0.889966,0.816984,0.952421,0.982812,0.899291,0.841104,0.813838,0.938649,0.825699
0.896418,0.982982,0.803953,0.907537,0.907051,0.915222,0.939177,0.884523,0.986357,0.866145,0.856626,0.87173,0.879987,0.878253,0.902716,0.912282,0.856599,0.868662,0.914126,0.845483,0.83053,0.902336,0.867301,0.873735,0.845739,0.855445,0.89185,0.956985,0.760158,0.7966,0.792156,0.8843,0.965536,0.829013,0.876513,0.882615,0.823394,0.903466,0.868514,0.881126,0.939592,0.860412,0.866665,1,0.890614,0.952361,0.76046,0.914048,0.838321,0.914774,0.905038,0.868383,0.89667,0.913078,0.98899,0.981719,0.975157,0.963151,0.976583,0.897101,0.950364,0.913222,0.879734,0.928365,0.895541,0.859721,0.975687,0.897787,0.759848,0.907311,0.840742,0.914069,0.876066,0.94339,0.87197,0.908011,0.875031,0.893699,0.855453,0.952371,0.89889,0.926203,0.843174,0.972008,0.906468,0.900373,0.835532,0.845853,0.880383,0.961168,0.933536,0.914297,0.864763,0.87729,0.826617,0.90586,0.915076,0.881906,0.863551,0.8911
0.907305,0.895969,0.818387,0.924547,0.905009,0.872369,0.882891,0.877934,0.909619,0.933426,0.891762,0.817198,0.81584,0.878339,0.905348,0.949707,0.886881,0.905008,0.892288,0.879165,0.83381,0.910948,0.841323,0.891545,0.895703,0.878339,0.848351,0.918398,0.85843,0.799267,0.907774,0.822539,0.851076,0.859503,0.908602,0.883403,0.924967,0.955562,0.8933,0.894954,0.829391,0.92919,0.871943,0.890614,1,0.892143,0.783346,0.924618,0.849608,0.812403,0.964531,0.870771,0.925368,0.923081,0.903633,0.896356,0.914536,0.930386,0.896131,0.854936,0.890126,0.832382,0.85432,0.916836,0.901289,0.902122,0.908123,0.907208,0.864621,0.827141,0.856558,0.923851,0.906815,0.815162,0.872681,0.855095,0.896234,0.864725,0.872042,0.851956,0.955639,0.84738,0.837989,0.874454,0.833458,0.850942,0.969508,0.887758,0.814197,0.876109,0.837028,0.836479,0.840069,0.922181,0.828786,0.844523,0.856867,0.806947,0.902628,0.824046
