0,1,2,3,4,5,6,7,8,9,10,11,12,13,14,15,16,17,18,19,20,21,22,23,24,25,26,27,28,29,30,31,32,33,34,35,36,37,38,39,40,41,42,43,44,45,46,47,48,49,50,51,52,53,54,55,56,57,58,59,60,61,62,63,64,65,66,67,68,69,70,71,72,73,74,75,76,77,78,79,80,81,82,83,84,85,86,87,88,89,90,91,92,93,94,95,96,97,98,99
1.0,0.842221,0.820954,0.817972,0.803734,0.814507,0.924185,0.85042,0.875237,0.841048,0.9034,0.868938,0.725392,0.767983,0.820527,0.892754,0.844769,0.920135,0.918724,0.899255,0.892445,0.976357,0.835885,0.834881,0.87927,0.895196,0.951683,0.971656,0.797054,0.787431,0.871524,0.842331,0.831422,0.916656,0.933243,0.886661,0.834511,0.792316,0.784436,0.819429,0.87305,0.883267,0.909829,0.866256,0.933531,0.913033,0.823043,0.839083,0.749846,0.859561,0.822095,0.751955,0.796583,0.86686,0.866682,0.822701,0.83975,0.820412,0.866937,0.812131,0.799207,0.818268,0.798697,0.783044,0.834192,0.791129,0.947049,0.855401,0.878829,0.942777,0.916424,0.797602,0.862703,0.840867,0.981706,0.837633,0.907567,0.810471,0.79974,0.825779,0.84214,0.796235,0.919847,0.811621,0.82156,0.898379,0.887079,0.956833,0.83624,0.89306,0.849239,0.82358,0.849172,0.80557,0.946927,0.862752,0.893852,0.801058,0.813864,0.79814
0.842221,1.0,0.986077,0.975211,0.918144,0.982731,0.912587,0.872959,0.861427,0.840496,0.792953,0.826077,0.920164,0.941603,0.906167,0.925574,0.969181,0.86176,0.912337,0.902852,0.805003,0.882164,0.8645,0.871041,0.970796,0.870113,0.817437,0.785365,0.899186,0.955859,0.889321,0.889662,0.958202,0.909806,0.883142,0.917552,0.980557,0.897887,0.893018,0.828444,0.838621,0.899666,0.8979,0.885564,0.865751,0.800675,0.867676,0.85146,0.936277,0.893158,0.855909,0.913919,0.865338,0.921341,0.924202,0.930298,0.9508,0.854873,0.814429,0.892697,0.91291,0.970748,0.904246,0.914832,0.848033,0.869437,0.853871,0.807514,0.954018,0.896933,0.898889,0.914748,0.837527,0.845724,0.857002,0.863147,0.944938,0.904397,0.912956,0.911472,0.857408,0.924473,0.783457,0.926784,0.892591,0.874811,0.921787,0.891319,0.965578,0.731259,0.834084,0.86427,0.832289,0.865339,0.831806,0.928465,0.873526,0.878434,0.913509,0.90212
0.820954,0.986077,1.0,0.981573,0.962658,0.999122,0.905781,0.914336,0.903902,0.884479,0.752971,0.862009,0.939342,0.967978,0.879733,0.922597,0.931222,0.879344,0.883689,0.876042,0.81702,0.870577,0.907626,0.877698,0.951065,0.873241,0.801577,0.755983,0.879851,0.974286,0.863972,0.910247,0.966473,0.874275,0.839654,0.945184,0.984948,0.94647,0.923634,0.861763,0.883032,0.878168,0.897952,0.907097,0.825657,0.833936,0.911422,0.827116,0.964283,0.879352,0.836704,0.936646,0.891433,0.926908,0.954953,0.966234,0.975487,0.895544,0.839634,0.916098,0.958431,0.983884,0.915613,0.943014,0.883845,0.8546739,0.863951,0.79042,0.912952,0.905676,0.875067,0.96274,0.859407,0.890199,0.838317,0.886659,0.910951,0.897589,0.933888,0.901967,0.904561,0.950339,0.816911,0.917152,0.903715,0.854914,0.924448,0.899091,0.985363,0.711481,0.880277,0.91126,0.875151,0.892703,0.84757,0.933585,0.861082,0.930264,0.935003,0.897061
0.817972,0.975211,0.981573,1.0,0.940522,0.982007,0.917732,0.908197,0.888401,0.867871,0.776392,0.856685,0.95729,0.963891,0.851018,0.951675,0.921203,0.845929,0.903114,0.849538,0.839026,0.866513,0.886382,0.903502,0.957431,0.849374,0.806533,0.747937,0.846167,0.98131,0.879642,0.936751,0.96475,0.88758,0.854342,0.917677,0.985155,0.933218,0.913611,0.895785,0.875102,0.892587,0.897389,0.874036,0.836458,0.840352,0.889052,0.8062582,0.975885,0.843754,0.848482,0.952183,0.923049,0.953629,0.922441,0.948133,0.942687,0.882894,0.824271,0.944887,0.939502,0.968812,0.907416,0.935702,0.853312,0.844552,0.879541,0.819421,0.914557,0.894873,0.842228,0.928644,0.83695,0.862484,0.84294,0.918736,0.922054,0.900152,0.953045,0.89675,0.890585,0.970895,0.82789,0.888531,0.926908,0.848631,0.943046,0.88531,0.942451,0.696755,0.861725,0.897168,0.857454,0.93109,0.86124,0.9546,0.824554,0.911887,0.968192,0.87446
0.803734,0.918144,0.962658,0.940522,1.0,0.961945,0.871025,0.961083,0.957693,0.948215,0.763717,0.946577,0.927846,0.970955,0.874799,0.895349,0.858447,0.882924,0.828731,0.877129,0.863918,0.863128,0.967369,0.890605,0.875119,0.925793,0.76938,0.780524,0.87527,0.947765,0.861494,0.915314,0.907722,0.818282,0.805714,0.966506,0.928668,0.991272,0.958565,0.899422,0.949563,0.8195542,0.90596,0.912947,0.800838,0.906008,0.963382,0.868445,0.95693,0.903718,0.826883,0.931102,0.893694,0.913258,0.976792,0.983628,0.969238,0.924036,0.907784,0.919782,0.994783,0.966552,0.890903,0.915005,0.947601,0.897475,0.861109,0.81447,0.831281,0.912088,0.867897,0.994016,0.931005,0.963392,0.822857,0.908779,0.846727,0.861139,0.924173,0.900549,0.975895,0.942081,0.876552,0.849695,0.88253,0.855023,0.902487,0.904897,0.967695,0.74105,0.93518,0.979716,0.946603,0.914017,0.857281,0.911962,0.873578,0.991874,0.928982,0.907102
0.814507,0.982731,0.999122,0.982007,0.961945,1.0,0.906967,0.910511,0.905322,0.883786,0.7459801,0.862058,0.941076,0.96502,0.8681,0.923322,0.924347,0.88092,0.879348,0.863406,0.824873,0.861916,0.907317,0.884756,0.95067,0.867232,0.798224,0.750592,0.873999,0.973487,0.86558,0.916826,0.966845,0.869919,0.835346,0.942019,0.98833,0.945749,0.926025,0.871191,0.885737,0.878425,0.888403,0.900914,0.820995,0.836897,0.913953,0.819667,0.965651,0.871409,0.840353,0.933771,0.900669,0.930689,0.952478,0.962048,0.971794,0.893148,0.838502,0.923546,0.956625,0.978069,0.915611,0.946312,0.884982,0.8499781,0.865199,0.795579,0.909638,0.899461,0.865221,0.964455,0.859291,0.89273,0.830454,0.89378,0.908339,0.897102,0.943185,0.902782,0.9051,0.957447,0.820819,0.913304,0.908663,0.845227,0.92765,0.894841,0.982699,0.706101,0.882638,0.910398,0.875991,0.901558,0.84969,0.937064,0.850801,0.930069,0.940862,0.894371
0.924185,0.912587,0.905781,0.917732,0.871025,0.906967,1.0,0.875579,0.884347,0.852642,0.85678,0.831287,0.837521,0.850138,0.814339,0.984881,0.875583,0.894501,0.973368,0.864392,0.909498,0.902567,0.863369,0.887104,0.956502,0.854681,0.93877,0.877866,0.804164,0.874712,0.91622,0.952224,0.918184,0.964396,0.952177,0.91564,0.939086,0.846868,0.825948,0.892619,0.862913,0.951096,0.883258,0.888102,0.935516,0.850954,0.864736,0.810495,0.856438,0.838468,0.872593,0.836239,0.905195,0.978951,0.910081,0.878867,0.900639,0.849663,0.83087,0.902521,0.861758,0.88034,0.858051,0.87743,0.83715,0.79408,0.975214,0.887455,0.927815,0.915347,0.87571,0.869455,0.838764,0.840177,0.914398,0.924998,0.972212,0.865738,0.931618,0.855606,0.853823,0.90403,0.882305,0.861292,0.932764,0.845889,0.990175,0.917517,0.898924,0.780445,0.864584,0.842805,0.841939,0.869474,0.956575,0.975139,0.862857,0.850982,0.930102,0.814875
0.85042,0.872959,0.914336,0.908197,0.961083,0.910511,0.875579,1.0,0.971102,0.967884,0.782389,0.954606,0.868446,0.924441,0.863621,0.908516,0.83746,0.920174,0.863455,0.883541,0.84752,0.916527,0.963241,0.884136,0.871358,0.929396,0.80262,0.801742,0.840483,0.926059,0.850107,0.913395,0.896637,0.842348,0.811719,0.969629,0.894512,0.961663,0.911711,0.866791,0.954999,0.83605,0.953706,0.932991,0.813064,0.926348,0.951522,0.87126,0.90645,0.88972,0.824389,0.916959,0.88675,0.896003,0.964282,0.979122,0.936169,0.982378,0.931906,0.907879,0.96451,0.930135,0.845387,0.886124,0.936772,0.876961,0.875718,0.809788,0.828998,0.952852,0.883103,0.951684,0.926192,0.942236,0.865595,0.90343,0.855797,0.820455,0.892429,0.859537,0.96416,0.908643,0.897033,0.826584,0.882124,0.870437,0.893557,0.935221,0.926808,0.778559,0.949692,0.959916,0.967126,0.888268,0.879281,0.901944,0.870839,0.958756,0.921495,0.8708
0.875237,0.861427,0.903902,0.888401,0.957693,0.905322,0.884347,0.971102,1.0,0.976804,0.815226,0.968163,0.850717,0.894051,0.853276,0.893215,0.822126,0.948177,0.84557,0.883805,0.886703,0.919495,0.971359,0.898305,0.865711,0.947158,0.80951,0.855463,0.837729,0.883035,0.871022,0.924983,0.877982,0.838618,0.821471,0.979536,0.897197,0.947881,0.905332,0.894906,0.993217,0.827869,0.924423,0.926713,0.828691,0.968507,0.971551,0.882154,0.886516,0.892023,0.847263,0.860706,0.900269,0.906467,0.973988,0.942675,0.931687,0.926519,0.960182,0.916649,0.954527,0.899206,0.82464,0.879854,0.955709,0.871803,0.895653,0.832344,0.832804,0.957449,0.89791,0.959759,0.954474,0.974042,0.881565,0.917885,0.854992,0.798038,0.911933,0.868749,0.983076,0.917152,0.944962,0.810594,0.881811,0.885215,0.904288,0.958781,0.925123,0.832244,0.98271,0.964814,0.974586,0.8958,0.907312,0.910669,0.878944,0.965812,0.919327,0.862599
0.841048,0.840496,0.884479,0.867871,0.948215,0.883786,0.852642,0.967884,0.976804,1.0,0.805593,0.976639,0.833855,0.878621,0.884997,0.864132,0.840253,0.885293,0.844775,0.897745,0.886732,0.882858,0.98446,0.919004,0.851989,0.952098,0.795149,0.847716,0.887443,0.867354,0.891374,0.919663,0.881434,0.841986,0.819856,0.948775,0.865746,0.959054,0.931226,0.882845,0.963275,0.840181,0.889385,0.930818,0.827368,0.946565,0.925702,0.894348,0.87333,0.927508,0.894505,0.876205,0.906921,0.872696,0.943351,0.935905,0.923485,0.925082,0.984628,0.923936,0.955627,0.88096,0.8246145,0.890251,0.981461,0.891016,0.856389,0.854866,0.835675,0.926512,0.899319,0.949122,0.97292,0.972551,0.829845,0.919461,0.840819,0.808803,0.874418,0.901574,0.972415,0.910412,0.915645,0.846277,0.883514,0.855891,0.867821,0.911213,0.898419,0.826069,0.982825,0.976891,0.991623,0.896499,0.864486,0.874797,0.899733,0.959826,0.907018,0.902696
0.9034,0.792953,0.752971,0.776392,0.763717,0.7459801,0.85678,0.782389,0.815226,0.805593,1.0,0.798747,0.814734,0.790937,0.871691,0.847165,0.830326,0.803553,0.85444,0.844456,0.878047,0.877985,0.830235,0.810044,0.796599,0.805812,0.872333,0.911064,0.807463,0.765905,0.800903,0.850998,0.749077,0.857728,0.897527,0.784702,0.7702935,0.759554,0.775863,0.82607,0.823322,0.81157,0.85429,0.775066,0.940319,0.871588,0.791448,0.894224,0.777977,0.837056,0.773563,0.708021,0.793584,0.8372613,0.7727808,0.7568754,0.7466033,0.736556,0.801248,0.799339,0.754607,0.793491,0.752447,0.799814,0.803064,0.882442,0.888534,0.876493,0.835004,0.826157,0.859167,0.7556,0.842139,0.782842,0.933178,0.825661,0.860394,0.74816,0.80378,0.746913,0.784084,0.786335,0.901452,0.726078,0.840195,0.925054,0.8444203,0.844114,0.758271,0.851056,0.802868,0.772467,0.806924,0.786907,0.892983,0.837519,0.789737,0.776383,0.803765,0.821985
0.868938,0.826077,0.862009,0.856685,0.946577,0.862058,0.831287,0.954606,0.968163,0.976639,0.798747,1.0,0.846729,0.88253,0.875411,0.850306,0.848392,0.865108,0.852222,0.921237,0.910317,0.8858,0.969782,0.930388,0.847625,0.980017,0.827724,0.897509,0.886562,0.863923,0.918959,0.908013,0.83346,0.863447,0.857889,0.927346,0.845991,0.9604,0.933148,0.915558,0.975365,0.875353,0.884906,0.880509,0.844662,0.960597,0.939095,0.891472,0.883761,0.940736,0.882717,0.860581,0.885209,0.863505,0.924177,0.923847,0.885747,0.901485,0.97252,0.924482,0.95218,0.867223,0.874668,0.848574,0.972818,0.874176,0.837291,0.85751,0.856303,0.901566,0.916596,0.941392,0.981552,0.985956,0.828596,0.924296,0.849745,0.871177,0.882706,0.919225,0.988404,0.911002,0.924913,0.837934,0.855152,0.849382,0.852719,0.895343,0.873835,0.844256,0.951152,0.983335,0.987183,0.92651,0.84517,0.865988,0.949954,0.971633,0.908121,0.902517
0.725392,0.920164,0.939342,0.95729,0.927846,0.941076,0.837521,0.868446,0.850717,0.833855,0.814734,0.846729,1.0,0.979628,0.885652,0.88703,0.860539,0.785862,0.798829,0.769114,0.814803,0.786885,0.86761,0.867979,0.870014,0.795459,0.750589,0.701399,0.823898,0.963118,0.829428,0.885411,0.898956,0.778033,0.743644,0.869543,0.932038,0.923128,0.897609,0.900051,0.856327,0.838289,0.855455,0.828519,0.755167,0.808239,0.891473,0.851423,0.987711,0.804457,0.782712,0.909256,0.874184,0.899819,0.882579,0.922317,0.890346,0.836649,0.77721,0.906817,0.925744,0.951779,0.929105,0.930272,0.834393,0.913283,0.812136,0.767781,0.817217,0.822612,0.775202,0.913655,0.82787,0.852591,0.778538,0.879376,0.8263,0.911099,0.933133,0.863598,0.879264,0.937453,0.794518,0.832525,0.888218,0.851907,0.882036,0.817906,0.90317,0.635631,0.821896,0.882583,0.833617,0.926549,0.796566,0.902544,0.79526,0.914736,0.931981,0.864018
0.767983,0.941603,0.967978,0.963891,0.970955,0.96502,0.850138,0.924441,0.894051,0.878621,0.790937,0.88253,0.979628,1.0,0.896057,0.895666,0.877834,0.83188,0.817787,0.833557,0.805117,0.838289,0.903349,0.854491,0.877464,0.856641,0.751001,0.700966,0.8311032,0.981225,0.819214,0.881229,0.910401,0.797745,0.770566,0.924113,0.938462,0.962093,0.916782,0.876402,0.890009,0.812195,0.907368,0.876959,0.776239,0.834379,0.927788,0.852767,0.988675,0.837833,0.775909,0.937362,0.860864,0.901423,0.93703,0.974086,0.940265,0.898682,0.82155,0.897818,0.970411,0.98817,0.90348,0.912952,0.870251,0.915743,0.829066,0.746674,0.829734,0.874796,0.82575,0.95606,0.851908,0.892044,0.815504,0.875032,0.841721,0.878151,0.919512,0.86826,0.921335,0.931098,0.812999,0.84809,0.869626,0.872241,0.88901,0.864978,0.95256,0.674055,0.860673,0.926289,0.875406,0.903427,0.815625,0.906835,0.8181115,0.95383,0.925241,0.864933
0.820527,0.906167,0.879733,0.851018,0.874799,0.8681,0.814339,0.863621,0.853276,0.884997,0.871691,0.875411,0.885652,0.896057,1.0,0.824826,0.944247,0.80863,0.841251,0.954136,0.80853,0.867094,0.926931,0.842162,0.857062,0.905973,0.770207,0.822307,0.955435,0.862187,0.835071,0.834698,0.844196,0.849405,0.862311,0.874017,0.844343,0.880537,0.919248,0.788025,0.835876,0.827221,0.902098,0.865065,0.872411,0.833922,0.8278226,0.978384,0.853779,0.972967,0.819013,0.826358,0.805489,0.806669,0.876088,0.878263,0.885407,0.841776,0.863395,0.827759,0.866512,0.916308,0.858093,0.887625,0.915338,0.988839,0.775688,0.847623,0.891497,0.860627,0.947159,0.872874,0.93072,0.878092,0.841938,0.806244,0.871302,0.841842,0.7866512,0.865211,0.862137,0.837131,0.79894,0.864777,0.842488,0.933518,0.811538,0.847178,0.893777,0.786239,0.850606,0.88067,0.891542,0.813491,0.773748,0.815523,0.900836,0.870432,0.808384,0.96826
0.892754,0.925574,0.922597,0.951675,0.895349,0.923322,0.984881,0.908516,0.893215,0.864132,0.847165,0.850306,0.88703,0.895666,0.824826,1.0,0.886104,0.881099,0.964993,0.855461,0.897092,0.900533,0.872802,0.901903,0.955817,0.85381,0.903643,0.829259,0.804786,0.924698,0.902451,0.964274,0.927054,0.948625,0.930254,0.920112,0.9545,0.878827,0.847662,0.915775,0.877567,0.935205,0.913648,0.883265,0.919043,0.855644,0.886428,0.812819,0.905516,0.832349,0.85817,0.875008,0.921891,0.987795,0.915631,0.913246,0.899508,0.885737,0.828422,0.930197,0.890483,0.911504,0.856882,0.884151,0.83801,0.8102517,0.957148,0.875384,0.920783,0.914831,0.860907,0.884822,0.834696,0.848153,0.90033,0.9441,0.965788,0.867259,0.955468,0.851195,0.876348,0.933368,0.872818,0.849111,0.944493,0.860797,0.991671,0.91062,0.902578,0.754799,0.863942,0.864736,0.857346,0.909614,0.936971,0.988175,0.84426,0.877497,0.96408,0.824833
0.844769,0.969181,0.931222,0.921203,0.858447,0.924347,0.875583,0.83746,0.822126,0.840253,0.830326,0.848392,0.860539,0.877834,0.944247,0.886104,1.0,0.812794,0.915434,0.929193,0.834391,0.871398,0.863424,0.906365,0.952835,0.897165,0.818335,0.832803,0.954778,0.907458,0.920576,0.866785,0.924254,0.924062,0.910213,0.863304,0.929203,0.864405,0.905023,0.818481,0.804104,0.904606,0.878606,0.856983,0.903535,0.799089,0.795526,0.893053,0.87027,0.941469,0.891102,0.861052,0.844088,0.862052,0.863326,0.880256,0.893749,0.824846,0.836171,0.885837,0.862229,0.920646,0.894151,0.896234,0.87184,0.901073,0.807961,0.852118,0.976237,0.862037,0.921907,0.859789,0.879803,0.847185,0.84421,0.852387,0.94621,0.910402,0.847648,0.940992,0.833225,0.89153,0.772699,0.926294,0.877833,0.878388,0.869379,0.851479,0.909051,0.790612,0.807719,0.850073,0.849608,0.869654,0.785979,0.876339,0.899094,0.832569,0.870722,0.953614
0.920135,0.86176,0.879344,0.845929,0.882924,0.88092,0.894501,0.920174,0.948177,0.885293,0.803553,0.865108,0.785862,0.83188,0.80863,0.881099,0.812794,1.0,0.852506,0.863518,0.806226,0.9455,0.884653,0.802247,0.874464,0.878176,0.853608,0.858357,0.773324,0.848233,0.813656,0.856485,0.857636,0.844693,0.824188,0.959458,0.887533,0.844974,0.801845,0.799674,0.93129,0.840986,0.934272,0.909451,0.82044,0.903649,0.939972,0.83059,0.811989,0.834229,0.782456,0.812156,0.824517,0.876138,0.951311,0.893824,0.901822,0.928927,0.870299,0.823622,0.866332,0.864195,0.801655,0.827095,0.866656,0.797018,0.899164,0.769982,0.842901,0.958428,0.906372,0.896829,0.865958,0.886788,0.918923,0.828743,0.869876,0.789544,0.873021,0.791422,0.89353,0.837027,0.894228,0.815938,0.83501,0.893547,0.890861,0.973631,0.91879,0.812336,0.922648,0.854613,0.889491,0.790974,0.912493,0.885446,0.869405,0.871324,0.84812,0.783882
0.918724,0.912337,0.883689,0.903114,0.828731,0.879348,0.973368,0.863455,0.84557,0.844775,0.85444,0.852222,0.798829,0.817787,0.841251,0.964993,0.915434,0.852506,1.0,0.899451,0.906755,0.91082,0.842032,0.917173,0.968812,0.885154,0.923295,0.889923,0.835785,0.861069,0.956632,0.92306,0.920234,0.995968,0.971819,0.884407,0.915216,0.823566,0.824111,0.878171,0.818955,0.96354,0.888604,0.874322,0.947231,0.825481,0.798693,0.823464,0.822512,0.86909,0.916583,0.835847,0.878163,0.937307,0.87157,0.859178,0.879384,0.850392,0.85519,0.895929,0.831821,0.864108,0.865253,0.865102,0.837594,0.807701,0.928622,0.888889,0.963433,0.910462,0.899101,0.821814,0.850274,0.831061,0.900331,0.910093,0.987807,0.885284,0.874041,0.90257,0.830014,0.878041,0.833013,0.873442,0.904843,0.84462,0.95044,0.896395,0.867646,0.806163,0.829338,0.834568,0.842915,0.879828,0.903306,0.938719,0.887448,0.808993,0.902289,0.834891
0.899255,0.902852,0.876042,0.849538,0.877129,0.863406,0.864392,0.883541,0.883805,0.897745,0.844456,0.921237,0.769114,0.833557,0.954136,0.855461,0.929193,0.863518,0.899451,1.0,0.845592,0.935837,0.917578,0.863863,0.895676,0.964668,0.841614,0.896056,0.92847,0.826499,0.89084,0.84008,0.854365,0.909898,0.913481,0.91494,0.850576,0.877879,0.891538,0.816304,0.873662,0.883196,0.925838,0.906787,0.898344,0.875815,0.840175,0.949771,0.796035,0.976899,0.846625,0.838835,0.80425,0.840926,0.907842,0.879284,0.910729,0.855357,0.908643,0.837344,0.874715,0.89038,0.860049,0.837123,0.917399,0.924551,0.824223,0.853443,0.921383,0.928058,0.984698,0.867892,0.945405,0.909029,0.893711,0.833465,0.914008,0.862242,0.793007,0.888662,0.898303,0.830628,0.834477,0.880731,0.833994,0.930679,0.845691,0.91676,0.900822,0.8462,0.870227,0.907819,0.902881,0.832508,0.815188,0.838773,0.967807,0.87994,0.818956,0.928092
0.892445,0.805003,0.81702,0.839026,0.863918,0.824873,0.909498,0.84752,0.886703,0.886732,0.878047,0.910317,0.814803,0.805117,0.80853,0.897092,0.834391,0.806226,0.906755,0.845592,1.0,0.823027,0.888358,0.953848,0.867431,0.894411,0.90978,0.934293,0.834921,0.809404,0.952805,0.954907,0.816595,0.921759,0.941343,0.84172,0.848146,0.875352,0.87585,0.973345,0.899396,0.920128,0.781724,0.795303,0.935629,0.915593,0.856223,0.821875,0.840668,0.868889,0.910155,0.797271,0.916153,0.918982,0.840687,0.82676,0.81248,0.788697,0.888096,0.941158,0.865293,0.787457,0.840203,0.827868,0.896271,0.802328,0.918074,0.940868,0.882276,0.819313,0.846995,0.867229,0.907814,0.908559,0.835271,0.970884,0.899814,0.857593,0.916645,0.899298,0.902063,0.916588,0.942928,0.804444,0.889747,0.782875,0.915974,0.830641,0.804688,0.841499,0.872961,0.896098,0.897284,0.943334,0.91128,0.912631,0.869511,0.885984,0.925214,0.851066
0.976357,0.882164,0.870577,0.866513,0.863128,0.861916,0.902567,0.916527,0.919495,0.882858,0.877985,0.8858,0.786885,0.838289,0.867094,0.900533,0.871398,0.9455,0.91082,0.935837,0.823027,1.0,0.878058,0.825766,0.899098,0.919746,0.902848,0.926732,0.82153,0.848109,0.858505,0.85027,0.866424,0.903548,0.891701,0.942313,0.87027,0.842007,0.810253,0.7807287,0.904149,0.87432,0.970464,0.914639,0.88733,0.911983,0.880285,0.881853,0.810809,0.885443,0.815221,0.818046,0.808869,0.876226,0.923838,0.890065,0.893623,0.88976,0.890449,0.823825,0.858187,0.88261,0.817503,0.815763,0.856278,0.844123,0.917593,0.807544,0.889546,0.985239,0.947089,0.849552,0.879802,0.859595,0.980912,0.828713,0.909778,0.822069,0.826379,0.830728,0.877079,0.825367,0.900237,0.834525,0.838681,0.94345,0.88571,0.986338,0.888612,0.86636,0.888852,0.858444,0.878899,0.796069,0.924138,0.878707,0.916832,0.851171,0.845156,0.823643
0.835885,0.8645,0.907626,0.886382,0.967369,0.907317,0.863369,0.963241,0.971359,0.98446,0.830235,0.969782,0.86761,0.903349,0.926931,0.872802,0.863424,0.884653,0.842032,0.917578,0.888358,0.878058,1.0,0.909989,0.863379,0.950834,0.79949,0.844031,0.910523,0.883287,0.881543,0.925429,0.887661,0.840682,0.837535,0.955879,0.882586,0.969711,0.960246,0.888804,0.95964,0.849665,0.887267,0.929529,0.838824,0.941921,0.936713,0.936999,0.892108,0.951471,0.867065,0.892383,0.903868,0.88648,0.9558,0.94783,0.942614,0.921435,0.956319,0.918575,0.962863,0.901454,0.864065,0.921583,0.984034,0.937681,0.863391,0.871191,0.847368,0.920429,0.913942,0.965673,0.982996,0.974472,0.824134,0.910676,0.849634,0.8293678,0.887958,0.898394,0.97342,0.92109,0.910337,0.853895,0.900549,0.870269,0.878538,0.910997,0.920585,0.792142,0.968672,0.979191,0.982034,0.901378,0.869031,0.88045,0.909218,0.972443,0.908384,0.938997
0.834881,0.871041,0.877698,0.903502,0.890605,0.884756,0.887104,0.884136,0.898305,0.919004,0.810044,0.930388,0.867979,0.854491,0.842162,0.901903,0.906365,0.802247,0.917173,0.863863,0.953848,0.825766,0.909989,1.0,0.921878,0.915231,0.847466,0.866419,0.891338,0.883186,0.98771,0.967639,0.895141,0.92894,0.910228,0.860127,0.906283,0.915432,0.925376,0.9631,0.900314,0.938099,0.812315,0.828712,0.896719,0.894119,0.858345,0.832977,0.902497,0.895446,0.965395,0.866103,0.950465,0.911817,0.857237,0.8715,0.848915,0.836737,0.91645,0.990434,0.902503,0.839387,0.891876,0.896225,0.920469,0.824504,0.856955,0.913046,0.931965,0.838551,0.860991,0.894861,0.922617,0.921757,0.78852,0.98172,0.919725,0.912746,0.935374,0.97019,0.916573,0.970358,0.881141,0.871026,0.919146,0.791376,0.903099,0.83098,0.840543,0.798717,0.890307,0.920124,0.926066,0.982877,0.843574,0.917758,0.883779,0.903822,0.965229,0.903231
0.87927,0.970796,0.951065,0.957431,0.875119,0.95067,0.956502,0.871358,0.865711,0.851989,0.796599,0.847625,0.870014,0.877464,0.857062,0.955817,0.952835,0.874464,0.968812,0.895676,0.867431,0.899098,0.863379,0.921878,1.0,0.879548,0.879882,0.841866,0.872605,0.918212,0.954744,0.927767,0.972371,0.965905,0.931739,0.909209,0.974378,0.861655,0.874042,0.865488,0.837012,0.967793,0.885234,0.894156,0.896617,0.821712,0.838609,0.828158,0.889559,0.880403,0.922807,0.880613,0.901766,0.941611,0.903872,0.893866,0.924207,0.854735,0.845659,0.917749,0.870963,0.914366,0.924999,0.927734,0.853092,0.820027,0.894781,0.862835,0.980399,0.913373,0.900383,0.875121,0.855601,0.845527,0.865891,0.90036,0.981346,0.936425,0.915931,0.939406,0.844083,0.927196,0.809596,0.932304,0.928989,0.842181,0.947761,0.903826,0.922692,0.75745,0.849379,0.847753,0.846806,0.895347,0.872646,0.944828,0.893289,0.841711,0.928044,0.876717
0.895196,0.870113,0.873241,0.849374,0.925793,0.867232,0.854681,0.929396,0.947158,0.952098,0.805812,0.980017,0.795459,0.856641,0.905973,0.85381,0.897165,0.878176,0.885154,0.964668,0.894411,0.919746,0.950834,0.915231,0.879548,1.0,0.836378,0.906814,0.914828,0.848452,0.920467,0.888709,0.843162,0.900195,0.892156,0.930074,0.854875,0.936094,0.915603,0.88716,0.950234,0.87372,0.907657,0.896462,0.888012,0.933243,0.910672,0.90813,0.851961,0.961351,0.871987,0.842112,0.849192,0.853525,0.923683,0.908638,0.896389,0.878557,0.962612,0.90029,0.933299,0.874578,0.853583,0.840806,0.955631,0.875853,0.833327,0.842073,0.899956,0.921,0.956227,0.924699,0.972982,0.972957,0.868251,0.900728,0.89515,0.859464,0.856001,0.919264,0.969473,0.8877,0.896352,0.851468,0.841022,0.895007,0.853837,0.916103,0.895304,0.890074,0.921965,0.962928,0.962963,0.894982,0.828132,0.863835,0.967428,0.947745,0.880828,0.91598
0.951683,0.817437,0.801577,0.806533,0.76938,0.798224,0.93877,0.80262,0.80951,0.795149,0.872333,0.827724,0.750589,0.751001,0.770207,0.903643,0.818335,0.853608,0.923295,0.841614,0.90978,0.902848,0.79949,0.847466,0.879882,0.836378,1.0,0.950293,0.804493,0.769979,0.887325,0.858701,0.839612,0.916951,0.931176,0.837123,0.82927,0.7497033,0.763651,0.873091,0.800663,0.931073,0.83149,0.879395,0.924527,0.848284,0.77678,0.787122,0.754116,0.82373,0.849493,0.737051,0.79069,0.881566,0.820955,0.790446,0.810328,0.781363,0.807378,0.809195,0.75756,0.778849,0.838728,0.810777,0.788659,0.756456,0.946236,0.850902,0.86374,0.877802,0.838929,0.762425,0.817237,0.796482,0.917216,0.846422,0.907151,0.861859,0.815339,0.823606,0.788985,0.786768,0.875576,0.851704,0.890238,0.806063,0.901623,0.894521,0.800208,0.862302,0.796633,0.779506,0.794965,0.833782,0.938505,0.870107,0.885181,0.7712591,0.818963,0.78925
0.971656,0.785365,0.755983,0.747937,0.780524,0.750592,0.877866,0.801742,0.855463,0.847716,0.911064,0.897509,0.701399,0.700966,0.822307,0.829259,0.832803,0.858357,0.889923,0.896056,0.934293,0.926732,0.844031,0.866419,0.841866,0.906814,0.950293,1.0,0.82766,0.711594,0.889676,0.836379,0.782389,0.902211,0.932705,0.824864,0.77215,0.799104,0.808524,0.868591,0.882703,0.882896,0.833792,0.832646,0.93588,0.93189,0.794439,0.849734,0.724964,0.878474,0.837324,0.70681,0.788851,0.809397,0.802885,0.757876,0.782952,0.752882,0.883201,0.830077,0.78454,0.736376,0.812836,0.771466,0.856087,0.799226,0.899238,0.876694,0.868033,0.883839,0.903891,0.77989,0.897407,0.868577,0.927015,0.857897,0.878674,0.828879,0.776785,0.844611,0.858103,0.798613,0.936955,0.800801,0.803594,0.860726,0.8283,0.900876,0.770399,0.922302,0.834488,0.842848,0.865161,0.842256,0.898269,0.801458,0.908782,0.819287,0.798195,0.825779
0.797054,0.899186,0.879851,0.846167,0.87527,0.873999,0.804164,0.840483,0.837729,0.887443,0.807463,0.886562,0.823898,0.8311032,0.955435,0.804786,0.954778,0.773324,0.835785,0.92847,0.834921,0.82153,0.910523,0.891338,0.872605,0.914828,0.804493,0.82766,1.0,0.84527,0.883158,0.846397,0.864725,0.85059,0.857433,0.845266,0.855368,0.891527,0.942326,0.825089,0.832109,0.858877,0.82816,0.879142,0.868732,0.825258,0.805253,0.923769,0.834527,0.968463,0.880249,0.834187,0.811519,0.798036,0.848427,0.865174,0.868213,0.812255,0.870473,0.867829,0.876199,0.863815,0.878984,0.886863,0.913766,0.918805,0.760263,0.83195,0.901641,0.819587,0.902497,0.879965,0.922428,0.88994,0.78185,0.837412,0.869043,0.895285,0.807724,0.925234,0.86577,0.870557,0.793063,0.922877,0.864181,0.857047,0.799809,0.812268,0.873945,0.814199,0.838735,0.886856,0.889615,0.860227,0.751446,0.803599,0.922181,0.876566,0.832577,0.98785
0.787431,0.955859,0.974286,0.98131,0.947765,0.973487,0.874712,0.926059,0.883035,0.867354,0.765905,0.863923,0.963118,0.981225,0.862187,0.924698,0.907458,0.848233,0.861069,0.826499,0.809404,0.848109,0.883287,0.883186,0.918212,0.848452,0.769979,0.711594,0.84527,1.0,0.847048,0.904143,0.941063,0.840457,0.804512,0.911814,0.965325,0.944664,0.912322,0.872071,0.871456,0.844078,0.908634,0.867599,0.802916,0.824823,0.906548,0.80298,0.983717,0.838636,0.812219,0.947785,0.883977,0.912671,0.920134,0.971735,0.925983,0.919562,0.813986,0.922592,0.950524,0.976862,0.894526,0.919626,0.855033,0.862167,0.841899,0.769415,0.873608,0.875217,0.822458,0.939499,0.829771,0.868131,0.819929,0.892433,0.880597,0.884053,0.936117,0.885579,0.89541,0.949951,0.807258,0.865677,0.894449,0.84305,0.906929,0.86355,0.945644,0.688834,0.846548,0.898592,0.869456,0.916586,0.826961,0.925805,0.807915,0.920375,0.94887,0.872103
0.871524,0.889321,0.863972,0.879642,0.861494,0.86558,0.91622,0.850107,0.871022,0.891374,0.800903,0.918959,0.829428,0.819214,0.835071,0.902451,0.920576,0.813656,0.956632,0.89084,0.952805,0.858505,0.881543,0.98771,0.954744,0.920467,0.887325,0.889676,0.883158,0.847048,1.0,0.941435,0.904874,0.96751,0.946092,0.848984,0.895887,0.886463,0.900813,0.954336,0.877213,0.970536,0.819453,0.847391,0.91563,0.876343,0.831549,0.82203,0.867443,0.899097,0.968826,0.832112,0.918565,0.895874,0.841297,0.83862,0.84836,0.805191,0.906429,0.966102,0.874064,0.822871,0.909072,0.87827,0.902067,0.799403,0.858075,0.91176,0.962588,0.859945,0.888993,0.864744,0.910929,0.908572,0.81885,0.965362,0.956019,0.930748,0.908062,0.971346,0.898804,0.940333,0.861047,0.895674,0.887498,0.791209,0.896795,0.849528,0.838595,0.808923,0.859454,0.902168,0.902263,0.96727,0.83533,0.900776,0.908826,0.879949,0.934936,0.886015
0.842331,0.889662,0.910247,0.936751,0.915314,0.916826,0.952224,0.913395,0.924983,0.919663,0.850998,0.908013,0.885411,0.881229,0.834698,0.964274,0.866785,0.856485,0.92306,0.84008,0.954907,0.85027,0.925429,0.967639,0.927767,0.888709,0.858701,0.836379,0.846397,0.904143,0.941435,1.0,0.919242,0.91603,0.901573,0.91173,0.942465,0.916496,0.907909,0.96583,0.916494,0.908859,0.854419,0.872717,0.903383,0.903372,0.89319,0.844624,0.912052,0.860849,0.913666,0.884735,0.963388,0.976047,0.908782,0.903278,0.894605,0.86981,0.895048,0.982767,0.91541,0.877081,0.854921,0.921901,0.903742,0.845391,0.937388,0.913085,0.897393,0.885091,0.837963,0.914765,0.903457,0.910842,0.835925,0.989191,0.926635,0.8515719,0.968491,0.906775,0.919764,0.97534,0.91027,0.830732,0.962612,0.813251,0.971155,0.882841,0.883271,0.777868,0.90949,0.915927,0.913964,0.962481,0.922717,0.974272,0.830987,0.915368,0.985294,0.874192
0.831422,0.958202,0.966473,0.96475,0.907722,0.966845,0.918184,0.896637,0.877982,0.881434,0.749077,0.83346,0.898956,0.910401,0.844196,0.927054,0.924254,0.857636,0.920234,0.854365,0.816595,0.866424,0.887661,0.895141,0.972371,0.843162,0.839612,0.782389,0.864725,0.941063,0.904874,0.919242,1.0,0.906335,0.855026,0.91217,0.970686,0.906155,0.894636,0.842884,0.844415,0.933453,0.865941,0.917591,0.824644,0.813781,0.845701,0.799867,0.922293,0.863961,0.896909,0.919804,0.929718,0.916272,0.911354,0.926819,0.951641,0.88624,0.840128,0.92253,0.91131,0.935143,0.941208,0.962536,0.871948,0.827643,0.870708,0.831532,0.934615,0.904831,0.863565,0.910458,0.845827,0.844822,0.823576,0.888652,0.923332,0.925052,0.907256,0.922136,0.855502,0.939771,0.804105,0.952412,0.934089,0.802559,0.91774,0.884729,0.936204,0.6957656,0.885707,0.872319,0.863884,0.881058,0.85443,0.920204,0.864966,0.872394,0.932516,0.878524
0.916656,0.909806,0.874275,0.88758,0.818282,0.869919,0.964396,0.842348,0.838618,0.841986,0.857728,0.863447,0.778033,0.797745,0.849405,0.948625,0.924062,0.844693,0.995968,0.909898,0.921759,0.903548,0.840682,0.92894,0.965905,0.900195,0.916951,0.902211,0.85059,0.840457,0.96751,0.91603,0.906335,1.0,0.981062,0.873634,0.906687,0.821254,0.831355,0.894337,0.821384,0.960885,0.872825,0.860659,0.957385,0.830687,0.7868,0.832861,0.803771,0.881932,0.923302,0.815354,0.869837,0.923774,0.861091,0.839445,0.869116,0.822317,0.864325,0.900128,0.823521,0.849519,0.864716,0.85825,0.846779,0.813624,0.913564,0.894872,0.973427,0.898403,0.909067,0.816097,0.865158,0.847559,0.892402,0.915256,0.990192,0.887701,0.863445,0.914678,0.839438,0.875418,0.832852,0.867951,0.893242,0.845848,0.938372,0.887766,0.861327,0.829641,0.821275,0.842434,0.846715,0.891978,0.885652,0.926749,0.897095,0.81199,0.889975,0.846969
0.933243,0.883142,0.839654,0.854342,0.805714,0.835346,0.952177,0.811719,0.821471,0.819856,0.897527,0.857889,0.743644,0.770566,0.862311,0.930254,0.910213,0.824188,0.971819,0.913481,0.941343,0.891701,0.837535,0.910228,0.931739,0.892156,0.931176,0.932705,0.857433,0.804512,0.946092,0.901573,0.855026,0.981062,1.0,0.845049,0.870227,0.809132,0.838509,0.896923,0.819551,0.947183,0.854229,0.826282,0.979096,0.847137,0.779588,0.861563,0.774492,0.893345,0.886991,0.779623,0.855573,0.909599,0.835739,0.809148,0.835906,0.783208,0.838078,0.879001,0.802182,0.821828,0.845217,0.820146,0.842589,0.827488,0.915302,0.935847,0.951709,0.868183,0.909723,0.799946,0.870223,0.842558,0.904133,0.903881,0.973296,0.875411,0.848238,0.884752,0.833689,0.856786,0.860839,0.840639,0.876583,0.850074,0.922944,0.86853,0.833107,0.84496,0.799743,0.833819,0.834871,0.884734,0.894454,0.902993,0.895699,0.80848,0.865538,0.861634
0.886661,0.917552,0.945184,0.917677,0.966506,0.942019,0.91564,0.969629,0.979536,0.948775,0.784702,0.927346,0.869543,0.924113,0.874017,0.920112,0.863304,0.959458,0.884407,0.91494,0.84172,0.942313,0.955879,0.860127,0.909209,0.930074,0.837123,0.824864,0.845266,0.911814,0.848984,0.91173,0.91217,0.873634,0.845049,1.0,0.928953,0.942629,0.891918,0.863133,0.960688,0.868414,0.955843,0.958492,0.838304,0.917352,0.968833,0.877901,0.900091,0.89599,0.817297,0.88254,0.879896,0.923383,0.997577,0.966113,0.970852,0.93891,0.916873,0.890536,0.958766,0.946885,0.86293,0.894027,0.927524,0.872489,0.899219,0.803724,0.872132,0.97801,0.927642,0.965342,0.920361,0.943612,0.900686,0.889678,0.89767,0.837922,0.912211,0.848538,0.95997,0.905108,0.89373,0.865605,0.889946,0.912822,0.926264,0.974338,0.971092,0.790498,0.957695,0.94495,0.93974,0.863127,0.897826,0.92815,0.907323,0.957269,0.911834,0.862724
0.834511,0.980557,0.984948,0.985155,0.928668,0.98833,0.939086,0.894512,0.897197,0.865746,0.7702935,0.845991,0.932038,0.938462,0.844343,0.9545,0.929203,0.887533,0.915216,0.850576,0.848146,0.87027,0.882586,0.906283,0.974378,0.854875,0.82927,0.77215,0.855368,0.965325,0.895887,0.942465,0.970686,0.906687,0.870227,0.928953,1.0,0.911604,0.896981,0.89285,0.878994,0.91242,0.8869,0.888152,0.855184,0.835596,0.900431,0.806927,0.953741,0.848475,0.865797,0.909538,0.9214,0.957233,0.933119,0.933853,0.942476,0.87652,0.827908,0.941094,0.9237,0.952672,0.906354,0.940405,0.85889,0.8204092,0.889467,0.821981,0.937245,0.899796,0.860293,0.93309,0.842512,0.87004,0.845977,0.918024,0.943796,0.902671,0.966446,0.901645,0.884721,0.966165,0.827839,0.906027,0.935721,0.84703,0.957131,0.898974,0.957242,0.72322,0.872064,0.878981,0.859016,0.916565,0.869583,0.96604,0.842241,0.898562,0.962133,0.872408
0.792316,0.897887,0.94647,0.933218,0.991272,0.945749,0.846868,0.961663,0.947881,0.959054,0.759554,0.9604,0.923128,0.962093,0.880537,0.878827,0.864405,0.844974,0.823566,0.877879,0.875352,0.842007,0.969711,0.915432,0.861655,0.936094,0.7497033,0.799104,0.891527,0.944664,0.886463,0.916496,0.906155,0.821254,0.809132,0.942629,0.911604,1.0,0.970465,0.90444,0.941583,0.828558,0.884538,0.896715,0.801503,0.906325,0.937451,0.863416,0.957826,0.918457,0.855793,0.943352,0.904449,0.893643,0.951152,0.977694,0.952674,0.924917,0.92376,0.93568,0.996099,0.950497,0.899756,0.91786,0.96013,0.892924,0.843178,0.827743,0.835148,0.891351,0.861045,0.984335,0.943331,0.965774,0.796944,0.919127,0.832227,0.876853,0.908349,0.930963,0.975548,0.948538,0.875779,0.844594,0.87919,0.822778,0.880025,0.877073,0.940798,0.752284,0.933789,0.989522,0.95938,0.929999,0.838584,0.894013,0.89076,0.989336,0.932636,0.922358
0.784436,0.893018,0.923634,0.913611,0.958565,0.926025,0.825948,0.911711,0.905332,0.931226,0.775863,0.933148,0.897609,0.916782,0.919248,0.847662,0.905023,0.801845,0.824111,0.891538,0.87585,0.810253,0.960246,0.925376,0.874042,0.915603,0.763651,0.808524,0.942326,0.912322,0.900813,0.907909,0.894636,0.831355,0.838509,0.891918,0.896981,0.970465,1.0,0.886797,0.899139,0.857825,0.826362,0.855639,0.818902,0.890778,0.88595,0.899702,0.923637,0.94727,0.88975,0.916944,0.902013,0.864733,0.903139,0.933413,0.92048,0.878167,0.9042,0.931123,0.952594,0.904167,0.902934,0.927051,0.955749,0.907624,0.811454,0.876468,0.866467,0.841589,0.872109,0.953911,0.94413,0.939966,0.757961,0.901671,0.841511,0.903868,0.887363,0.950397,0.933419,0.947336,0.854543,0.881208,0.879222,0.801291,0.848327,0.831475,0.905476,0.736619,0.896669,0.957234,0.937627,0.930654,0.81485,0.854826,0.891673,0.950318,0.909344,0.971342
0.819429,0.828444,0.861763,0.895785,0.899422,0.871191,0.892619,0.866791,0.894906,0.882845,0.82607,0.915558,0.900051,0.876402,0.788025,0.915775,0.818481,0.799674,0.878171,0.816304,0.973345,0.7807287,0.888804,0.9631,0.865488,0.88716,0.873091,0.868591,0.825089,0.872071,0.954336,0.96583,0.842884,0.894337,0.896923,0.863133,0.89285,0.90444,0.886797,1.0,0.912029,0.925416,0.79934,0.814208,0.876751,0.891335,0.895911,0.803938,0.913883,0.84449,0.897748,0.84573,0.928742,0.947004,0.867209,0.863943,0.8354,0.804897,0.869744,0.966161,0.900283,0.841616,0.888473,0.862384,0.883755,0.814258,0.891628,0.895038,0.868454,0.815373,0.805915,0.896235,0.894826,0.915714,0.778429,0.982486,0.877376,0.902538,0.965638,0.91167,0.922266,0.954743,0.899911,0.813227,0.920889,0.7744059,0.933212,0.822121,0.834869,0.787066,0.868916,0.911971,0.890518,0.979804,0.876462,0.94429,0.871128,0.920003,0.966073,0.844939
0.87305,0.838621,0.883032,0.875102,0.949563,0.885737,0.862913,0.954999,0.993217,0.963275,0.823322,0.975365,0.856327,0.890009,0.835876,0.877567,0.804104,0.93129,0.818955,0.873662,0.899396,0.904149,0.95964,0.900314,0.837012,0.950234,0.800663,0.882703,0.832109,0.871456,0.877213,0.916494,0.844415,0.821384,0.819551,0.960688,0.878994,0.941583,0.899139,0.912029,1.0,0.821114,0.909632,0.89973,0.826473,0.979477,0.974241,0.8743,0.887953,0.885606,0.838267,0.847055,0.886739,0.898214,0.95586,0.925256,0.902561,0.899848,0.952463,0.913991,0.945973,0.882016,0.827617,0.855194,0.945627,0.861239,0.889294,0.82884,0.814963,0.935491,0.881127,0.948861,0.954491,0.975695,0.875266,0.918475,0.833436,0.817466,0.913209,0.869882,0.985936,0.913541,0.958689,0.777672,0.871226,0.879412,0.891496,0.944856,0.900725,0.848438,0.967377,0.962414,0.966654,0.907453,0.903304,0.901183,0.894334,0.967362,0.91592,0.855665
0.883267,0.899666,0.878168,0.892587,0.8195542,0.878425,0.951096,0.83605,0.827869,0.840181,0.81157,0.875353,0.838289,0.812195,0.827221,0.935205,0.904606,0.840986,0.96354,0.883196,0.920128,0.87432,0.849665,0.938099,0.967793,0.87372,0.931073,0.882896,0.858877,0.844078,0.970536,0.908859,0.933453,0.960885,0.947183,0.868414,0.91242,0.828558,0.857825,0.925416,0.821114,1.0,0.839592,0.894722,0.901805,0.82982,0.800799,0.82295,0.836465,0.882546,0.943521,0.816503,0.881085,0.915291,0.858492,0.838203,0.874541,0.823987,0.850154,0.905888,0.8113844,0.838931,0.936892,0.905907,0.859584,0.81102,0.896955,0.908429,0.951687,0.88534,0.88478,0.8160415,0.872339,0.855777,0.83837,0.911296,0.960442,0.953441,0.877093,0.929613,0.844065,0.8796855,0.816289,0.927388,0.93812,0.791317,0.92403,0.874672,0.856251,0.77214,0.827567,0.848771,0.85107,0.93117,0.878888,0.905296,0.917996,0.830789,0.8848001,0.862251
0.909829,0.8979,0.897952,0.897389,0.90596,0.888403,0.883258,0.953706,0.924423,0.889385,0.85429,0.884906,0.855455,0.907368,0.902098,0.913648,0.878606,0.934272,0.888604,0.925838,0.781724,0.970464,0.887267,0.812315,0.885234,0.907657,0.83149,0.833792,0.82816,0.908634,0.819453,0.854419,0.865941,0.872825,0.854229,0.955843,0.8869,0.884538,0.826362,0.79934,0.909632,0.839592,1.0,0.915102,0.858025,0.881212,0.926342,0.901731,0.872896,0.883144,0.775941,0.865,0.811324,0.885742,0.945617,0.942472,0.905225,0.938945,0.867047,0.835672,0.903249,0.93288,0.80482,0.816779,0.854276,0.892402,0.87149,0.776143,0.869134,0.968944,0.932241,0.88731,0.861072,0.866427,0.941173,0.836281,0.895265,0.803795,0.860492,0.803872,0.902587,0.846024,0.856911,0.820232,0.841106,0.95601,0.890804,0.960454,0.916703,0.804843,0.8827,0.881531,0.887793,0.815406,0.872731,0.896644,0.890514,0.893297,0.874438,0.835143
0.866256,0.885564,0.907097,0.874036,0.912947,0.900914,0.888102,0.932991,0.926713,0.930818,0.775066,0.880509,0.828519,0.876959,0.865065,0.883265,0.856983,0.909451,0.874322,0.906787,0.795303,0.914639,0.929529,0.828712,0.894156,0.896462,0.879395,0.832646,0.879142,0.867599,0.847391,0.872717,0.917591,0.860659,0.826282,0.958492,0.888152,0.896715,0.855639,0.814208,0.89973,0.894722,0.915102,1.0,0.821953,0.858808,0.900654,0.866989,0.852488,0.898839,0.838615,0.85327,0.854387,0.874015,0.950595,0.926757,0.943127,0.909267,0.88924,0.847042,0.910002,0.904281,0.887436,0.893455,0.900579,0.864648,0.865451,0.78325,0.860841,0.952424,0.90894,0.912216,0.895398,0.885553,0.861323,0.839783,0.876609,0.870752,0.851403,0.845593,0.896874,0.853984,0.842274,0.927697,0.91085,0.867709,0.881726,0.939204,0.928387,0.790757,0.936688,0.894313,0.905431,0.809416,0.861188,0.876384,0.941697,0.905066,0.864546,0.869112
