1,0.7191081,0.745202,0.74232,0.80186,0.650788,0.690982,0.752303,0.759169,0.719255,0.694523,0.693349,0.820558,0.698856,0.638629,0.786267,0.738786,0.73215,0.744655,0.705386,0.668427,0.69668,0.639868,0.694399,0.7002997,0.682685,0.761509,0.654023,0.669286,0.609513,0.7223,0.831166,0.76372,0.741356,0.780699,0.784332,0.692839,0.708262,0.754549,0.750563,0.7298643,0.593922,0.715411,0.69538,0.734276,0.700142,0.752014,0.67912,0.612269,0.6937648,0.7015056,0.741229,0.749747,0.6536242,0.673192,0.749449,0.765247,0.749554,0.685138,0.677038,0.696019,0.669718,0.757113,0.5433586,0.62971,0.670089,0.7134759,0.650602,0.680778,0.721299,0.667599,0.776471,0.602049,0.7174614,0.803819,0.705867,0.695997,0.590896,0.667239,0.704563,0.7061979,0.6562996,0.700287,0.688195,0.748732,0.763028,0.690402,0.65843,0.789172,0.702237,0.725777,0.739138,0.770037,0.718854,0.731462,0.710895,0.7006768,0.652496,0.654134,0.741129
0.7191081,1,0.923073,0.808569,0.76513,0.876826,0.874922,0.98074,0.961691,0.904376,0.897592,0.896421,0.797189,0.792768,0.857256,0.926722,0.721879,0.909215,0.7536136,0.904927,0.821536,0.860963,0.80158,0.888724,0.789726,0.858701,0.887801,0.784327,0.848792,0.820289,0.846838,0.887202,0.7256521,0.898574,0.908781,0.841908,0.780134,0.815663,0.81751,0.926862,0.842037,0.769785,0.704221,0.821654,0.851086,0.829259,0.788181,0.781367,0.792725,0.791752,0.77434,0.976353,0.957326,0.728713,0.853313,0.93533,0.974878,0.962288,0.834645,0.754828,0.857201,0.879584,0.848775,0.722451,0.866156,0.874423,0.950815,0.818867,0.889984,0.92373,0.831933,0.723044,0.852383,0.959824,0.930988,0.683625,0.876317,0.812193,0.834717,0.840361,0.894393,0.746765,0.829705,0.8016033,0.877379,0.892396,0.793669,0.785466,0.84711,0.797032,0.922643,0.894527,0.8071697,0.811152,0.813132,0.929554,0.855551,0.717495,0.74451,0.813448
0.745202,0.923073,1,0.811599,0.694247,0.840206,0.896943,0.922587,0.939225,0.849897,0.864016,0.903694,0.774661,0.832537,0.875757,0.852677,0.770762,0.894524,0.773716,0.953452,0.92214,0.771938,0.788878,0.914253,0.782356,0.8689,0.926864,0.827586,0.902407,0.819822,0.815317,0.884155,0.766548,0.877161,0.890248,0.865858,0.850962,0.7850663,0.761739,0.926584,0.826798,0.722635,0.773865,0.885332,0.828778,0.848541,0.719159,0.75823,0.817231,0.810735,0.758554,0.938196,0.930515,0.750049,0.847964,0.910932,0.940604,0.933502,0.88281,0.750097,0.846348,0.829699,0.843391,0.607892,0.804236,0.885048,0.955542,0.804446,0.843762,0.928665,0.914022,0.717546,0.756478,0.8705,0.866577,0.738729,0.893721,0.8032045,0.7801,0.83508,0.898699,0.799913,0.89587,0.769159,0.882442,0.894516,0.863799,0.775629,0.906199,0.852034,0.944451,0.921667,0.738336,0.814464,0.831201,0.929502,0.874419,0.759426,0.782316,0.893077
0.74232,0.808569,0.811599,1,0.839448,0.89833,0.8087,0.830773,0.863479,0.882388,0.803525,0.832727,0.772642,0.843268,0.852606,0.764695,0.733016,0.728574,0.801717,0.817685,0.809969,0.799427,0.760362,0.822904,0.814514,0.788892,0.83636,0.795324,0.816072,0.824509,0.759424,0.847109,0.727462,0.889971,0.845726,0.870861,0.87657,0.743059,0.837656,0.825981,0.865283,0.758977,0.770999,0.838703,0.835921,0.653281,0.791597,0.786874,0.889016,0.805289,0.795825,0.825201,0.852783,0.892493,0.816774,0.897891,0.82266,0.834611,0.861272,0.689323,0.799328,0.759489,0.7787354,0.6806633,0.85708,0.892012,0.857763,0.788316,0.852973,0.796148,0.809411,0.6768831,0.773335,0.807713,0.742318,0.734002,0.841757,0.801908,0.860856,0.81357,0.825262,0.826497,0.79841,0.742126,0.811147,0.713735,0.846362,0.806329,0.882422,0.805497,0.842065,0.878098,0.7670854,0.809193,0.812885,0.80369,0.700418,0.7404,0.794329,0.847883
0.80186,0.76513,0.694247,0.839448,1,0.802398,0.710521,0.742867,0.755231,0.807551,0.784192,0.763451,0.744597,0.749836,0.721234,0.749296,0.696151,0.652538,0.813874,0.668463,0.669351,0.730032,0.688151,0.712933,0.700966,0.693127,0.732933,0.689847,0.69318,0.730523,0.786381,0.771524,0.766575,0.780554,0.740757,0.777931,0.772244,0.795173,0.909688,0.708507,0.743475,0.800089,0.70106,0.73845,0.719566,0.612237,0.804844,0.734722,0.765808,0.69514,0.784622,0.751863,0.753326,0.722812,0.772954,0.788855,0.715267,0.749721,0.748525,0.699315,0.720242,0.723157,0.707125,0.691774,0.731293,0.768757,0.754407,0.77088,0.739957,0.704943,0.677084,0.6949059,0.728843,0.749514,0.768432,0.612258,0.71551,0.6792646,0.79602,0.743536,0.700061,0.77711,0.725575,0.727139,0.7456711,0.677913,0.732322,0.713464,0.789442,0.754334,0.728939,0.772428,0.89018,0.779182,0.66497,0.711844,0.622591,0.694857,0.710382,0.755304
0.650788,0.876826,0.840206,0.89833,0.802398,1,0.918583,0.903843,0.918514,0.936612,0.910859,0.923012,0.718648,0.868926,0.893169,0.816335,0.749326,0.849975,0.845742,0.868868,0.871169,0.881948,0.838911,0.913973,0.823755,0.898899,0.850069,0.794926,0.829814,0.853325,0.857237,0.826119,0.665025,0.939739,0.875908,0.86928,0.885992,0.738692,0.818682,0.866472,0.88625,0.781748,0.758208,0.917528,0.774488,0.7072415,0.769035,0.798357,0.965612,0.833231,0.800517,0.888003,0.917551,0.745961,0.946832,0.917272,0.88584,0.905404,0.925651,0.734834,0.889227,0.81984,0.78445,0.745271,0.948801,0.91731,0.90252,0.891117,0.914234,0.848724,0.881964,0.677552,0.830315,0.887756,0.789364,0.76329,0.865767,0.880842,0.903423,0.848617,0.862709,0.871444,0.766005,0.762266,0.830637,0.797518,0.857654,0.81185,0.860747,0.84775,0.896865,0.920516,0.765074,0.823049,0.8618,0.85893,0.731775,0.821396,0.856328,0.813657
0.690982,0.874922,0.896943,0.8087,0.710521,0.918583,1,0.919777,0.904596,0.910177,0.884093,0.892382,0.695882,0.761974,0.861699,0.85537,0.715747,0.809584,0.730756,0.859971,0.844952,0.803606,0.803225,0.887621,0.797431,0.813575,0.822701,0.681571,0.819895,0.804752,0.873462,0.852651,0.673297,0.903721,0.85401,0.8104,0.814139,0.6859054,0.753972,0.90081,0.840718,0.716175,0.825324,0.847139,0.791218,0.774242,0.767185,0.807685,0.886637,0.760994,0.80866,0.894003,0.911459,0.6611361,0.869374,0.890483,0.910202,0.898394,0.939543,0.739623,0.819848,0.805005,0.74481,0.675683,0.888628,0.862744,0.883708,0.893531,0.845,0.866307,0.823025,0.614669,0.781848,0.880291,0.834751,0.656271,0.828568,0.823022,0.799433,0.859986,0.8465,0.824188,0.749568,0.709182,0.817637,0.85532,0.808552,0.70103,0.804927,0.850412,0.867594,0.878338,0.740887,0.759517,0.843813,0.863257,0.80002,0.799168,0.789464,0.79048
0.752303,0.98074,0.922587,0.830773,0.742867,0.903843,0.919777,1,0.982552,0.931358,0.911831,0.926171,0.783874,0.80364,0.878098,0.943357,0.755511,0.916185,0.766705,0.930555,0.855556,0.889707,0.813877,0.92608,0.7910648,0.869272,0.908347,0.764813,0.857424,0.832408,0.873542,0.916644,0.737014,0.934161,0.944657,0.876709,0.807502,0.799474,0.828246,0.950575,0.891901,0.75095,0.743108,0.869777,0.868709,0.84666,0.802789,0.800072,0.837456,0.82648,0.800298,0.978138,0.978514,0.720131,0.864562,0.94617,0.992889,0.977125,0.890729,0.750404,0.874593,0.875063,0.821756,0.6834096,0.89091,0.881036,0.950227,0.838202,0.904702,0.934625,0.845064,0.728965,0.832793,0.953212,0.924159,0.684053,0.88441,0.830294,0.853436,0.88143,0.911114,0.783612,0.82399,0.799858,0.897446,0.90903,0.819974,0.782945,0.860693,0.815334,0.94176,0.92438,0.800395,0.829425,0.863581,0.944944,0.871523,0.751185,0.74449,0.825632
0.759169,0.961691,0.939225,0.863479,0.755231,0.918514,0.904596,0.982552,1,0.927149,0.896466,0.931111,0.815959,0.842459,0.875007,0.915676,0.790221,0.922609,0.788178,0.957761,0.886355,0.87942,0.7976739,0.940518,0.803206,0.910123,0.937038,0.818496,0.878143,0.82281,0.842194,0.906119,0.73892,0.95142,0.947841,0.932582,0.855394,0.804546,0.829137,0.951492,0.922682,0.733908,0.738592,0.901927,0.845086,0.851635,0.793605,0.76702,0.874471,0.888928,0.790622,0.972637,0.990265,0.755631,0.885866,0.955367,0.984889,0.987772,0.919378,0.753214,0.902045,0.861662,0.841288,0.6758744,0.88835,0.892042,0.963711,0.824573,0.916906,0.923635,0.886181,0.756247,0.801948,0.933022,0.905546,0.747843,0.905614,0.834761,0.860469,0.880675,0.9284,0.828504,0.847482,0.789498,0.888751,0.909843,0.859013,0.814179,0.897733,0.844802,0.964522,0.954519,0.765576,0.855079,0.874453,0.953937,0.866523,0.767331,0.779786,0.867544
0.719255,0.904376,0.849897,0.882388,0.807551,0.936612,0.910177,0.931358,0.927149,1,0.909222,0.916604,0.783733,0.805124,0.870165,0.902331,0.785419,0.844342,0.78208,0.878998,0.861182,0.869225,0.814613,0.91528,0.856727,0.874195,0.849065,0.751807,0.862425,0.842794,0.843112,0.855704,0.695201,0.92107,0.8562,0.870237,0.887876,0.760404,0.880803,0.94638,0.931,0.721339,0.796655,0.863527,0.834399,0.78843,0.857317,0.824587,0.908934,0.843472,0.800937,0.88608,0.927419,0.764873,0.883825,0.870099,0.907029,0.91346,0.911131,0.805008,0.919541,0.841829,0.801433,0.7306898,0.931657,0.898667,0.909535,0.897624,0.938926,0.905265,0.866799,0.689124,0.814274,0.951609,0.895162,0.738749,0.919388,0.874524,0.881878,0.867198,0.908711,0.86994,0.805622,0.7353237,0.832478,0.80899,0.877703,0.77836,0.870575,0.896718,0.895595,0.930709,0.77545,0.831923,0.869022,0.881409,0.79773,0.774698,0.844594,0.843311
0.694523,0.897592,0.864016,0.803525,0.784192,0.910859,0.884093,0.911831,0.896466,0.909222,1,0.979009,0.766521,0.835666,0.899157,0.86309,0.82257,0.918659,0.84275,0.891929,0.901357,0.81739,0.856305,0.960001,0.731066,0.910901,0.80581,0.74951,0.781785,0.869115,0.866173,0.802647,0.6624338,0.874204,0.815925,0.80253,0.830707,0.764382,0.805954,0.861016,0.805259,0.819376,0.788539,0.92612,0.75025,0.793445,0.749367,0.78802,0.810346,0.734502,0.836897,0.913472,0.920236,0.706307,0.926583,0.880014,0.895586,0.923707,0.868799,0.720825,0.888434,0.80916,0.793695,0.724735,0.901569,0.887196,0.914997,0.872185,0.866448,0.879614,0.905043,0.733239,0.820745,0.890841,0.866781,0.748552,0.814155,0.89353,0.868125,0.878684,0.847352,0.832043,0.751174,0.755479,0.836208,0.908929,0.823969,0.721368,0.83907,0.767538,0.930582,0.932741,0.780392,0.879677,0.793678,0.883608,0.749814,0.802324,0.812751,0.786715
0.693349,0.896421,0.903694,0.832727,0.763451,0.923012,0.892382,0.926171,0.931111,0.916604,0.979009,1,0.7584037,0.857067,0.917273,0.862291,0.846903,0.931164,0.838006,0.951853,0.9435,0.810573,0.854948,0.986837,0.748977,0.946399,0.853298,0.777735,0.820085,0.884086,0.822759,0.814959,0.690894,0.90173,0.834647,0.854937,0.860267,0.770742,0.81542,0.888114,0.825275,0.782795,0.77261,0.96656,0.780028,0.836789,0.725468,0.775676,0.841828,0.793022,0.863275,0.930001,0.952102,0.724248,0.934547,0.889634,0.920588,0.952268,0.894791,0.720913,0.925541,0.820954,0.799083,0.685608,0.912785,0.903295,0.948991,0.864497,0.880532,0.8999,0.943809,0.768524,0.795189,0.86989,0.857298,0.792282,0.843433,0.904549,0.878314,0.868388,0.884973,0.868176,0.811959,0.74712,0.850482,0.909888,0.863178,0.730777,0.869828,0.790178,0.972886,0.971718,0.779128,0.875446,0.806302,0.941263,0.783224,0.800273,0.815319,0.828308
0.820558,0.797189,0.774661,0.772642,0.744597,0.718648,0.695882,0.783874,0.815959,0.783733,0.766521,0.7584037,1,0.816532,0.714281,0.855686,0.88105,0.769828,0.831152,0.810331,0.768253,0.799818,0.653437,0.778344,0.679763,0.737372,0.7660759,0.678126,0.761316,0.698567,0.721063,0.746006,0.716386,0.828438,0.790386,0.870527,0.771405,0.811968,0.838511,0.836147,0.878196,0.686645,0.796027,0.727753,0.705444,0.794934,0.7772847,0.642176,0.736223,0.8364,0.688981,0.78105,0.816526,0.724041,0.754924,0.7175745,0.7717451,0.825169,0.737524,0.705938,0.79094,0.703107,0.756713,0.703697,0.732976,0.744577,0.764429,0.802374,0.771597,0.81397,0.7767,0.877967,0.6198497,0.773673,0.854485,0.74497,0.803794,0.676716,0.869934,0.707565,0.784267,0.751809,0.732317,0.702414,0.763715,0.804423,0.778594,0.679159,0.815891,0.829421,0.7890567,0.824826,0.739998,0.882525,0.78364,0.7557262,0.773221,0.631507,0.804946,0.792868
0.698856,0.792768,0.832537,0.843268,0.749836,0.868926,0.761974,0.80364,0.842459,0.805124,0.835666,0.857067,0.816532,1,0.912054,0.787259,0.772439,0.83093,0.942392,0.873289,0.873357,0.794213,0.895353,0.873006,0.748809,0.806365,0.775356,0.850367,0.783256,0.7967,0.792031,0.776389,0.725389,0.85437,0.807946,0.866874,0.852882,0.746933,0.783867,0.810401,0.774357,0.827059,0.848281,0.864559,0.768958,0.799877,0.790726,0.875376,0.842866,0.793072,0.731467,0.849193,0.857608,0.731857,0.872586,0.848398,0.80915,0.872801,0.80899,0.65684,0.821931,0.624954,0.770528,0.760747,0.869028,0.929243,0.857892,0.77591,0.788571,0.808246,0.893212,0.726669,0.801302,0.744404,0.756335,0.780671,0.776242,0.79963,0.909631,0.772362,0.753387,0.804326,0.760127,0.656927,0.707481,0.836226,0.829256,0.777013,0.897398,0.715439,0.878009,0.894824,0.744164,0.852702,0.691597,0.780252,0.752157,0.855685,0.897975,0.819957
0.638629,0.857256,0.875757,0.852606,0.721234,0.893169,0.861699,0.878098,0.875007,0.870165,0.899157,0.917273,0.714281,0.912054,1,0.834552,0.814911,0.86817,0.829517,0.901381,0.926684,0.789336,0.940391,0.918353,0.795515,0.856288,0.836194,0.842545,0.84349,0.890181,0.818748,0.839129,0.739613,0.872384,0.83225,0.8064,0.853676,0.7246857,0.761605,0.870758,0.809987,0.838798,0.845153,0.901991,0.805494,0.831456,0.782442,0.909804,0.838996,0.748963,0.805049,0.886251,0.888608,0.747365,0.871681,0.911892,0.874062,0.887703,0.861067,0.771358,0.836422,0.777539,0.779417,0.730763,0.91417,0.982566,0.922959,0.804307,0.853017,0.864352,0.917562,0.700996,0.901617,0.833567,0.775826,0.795502,0.832417,0.893154,0.852969,0.833158,0.831972,0.80685,0.842696,0.780491,0.854044,0.843285,0.858968,0.749427,0.880317,0.736141,0.906034,0.911917,0.739419,0.845919,0.776328,0.850775,0.831876,0.869334,0.839552,0.846
0.786267,0.926722,0.852677,0.764695,0.749296,0.816335,0.85537,0.943357,0.915676,0.902331,0.86309,0.862291,0.855686,0.787259,0.834552,1,0.773619,0.879638,0.781725,0.856968,0.788206,0.852024,0.803734,0.869335,0.771786,0.791221,0.825482,0.697063,0.76011,0.757782,0.881552,0.882069,0.784483,0.871514,0.894509,0.814099,0.774213,0.809907,0.889778,0.923425,0.852891,0.77966,0.759613,0.771774,0.836859,0.862381,0.836448,0.805552,0.753963,0.764537,0.714257,0.908716,0.921997,0.665662,0.801829,0.860952,0.931063,0.923793,0.802875,0.716534,0.842155,0.75411,0.7605388,0.752745,0.840884,0.83617,0.866425,0.852366,0.827763,0.888054,0.791203,0.686744,0.788705,0.919935,0.960302,0.6195711,0.804996,0.765847,0.855706,0.847671,0.834969,0.7754,0.773182,0.759914,0.818592,0.864358,0.764552,0.720271,0.798888,0.799876,0.86937,0.869374,0.80553,0.835222,0.768479,0.851358,0.869435,0.764454,0.759465,0.7661138
0.738786,0.721879,0.770762,0.733016,0.696151,0.749326,0.715747,0.755511,0.790221,0.785419,0.82257,0.846903,0.88105,0.772439,0.814911,0.773619,1,0.808245,0.786645,0.836034,0.853933,0.688315,0.758276,0.867375,0.655471,0.841377,0.777285,0.716792,0.732859,0.794915,0.705791,0.735007,0.738334,0.785552,0.717322,0.821478,0.796476,0.764278,0.774668,0.781748,0.8097285,0.730415,0.776713,0.83264,0.676766,0.832518,0.656743,0.6682831,0.7033517,0.790385,0.727658,0.75409,0.812869,0.678365,0.803401,0.722151,0.75963,0.818512,0.765519,0.782201,0.84412,0.6874267,0.668237,0.71328,0.773806,0.793404,0.805042,0.785498,0.743838,0.774923,0.837017,0.815513,0.662867,0.722185,0.761686,0.8915,0.72863,0.784755,0.82951,0.729726,0.742603,0.874945,0.741983,0.671579,0.772749,0.813143,0.809115,0.664081,0.798305,0.758903,0.832909,0.852745,0.679306,0.923599,0.6795149,0.791207,0.792771,0.732454,0.776709,0.814781
0.73215,0.909215,0.894524,0.728574,0.652538,0.849975,0.809584,0.916185,0.922609,0.844342,0.918659,0.931164,0.769828,0.83093,0.86817,0.879638,0.808245,1,0.83975,0.932428,0.918053,0.825863,0.903194,0.950397,0.761033,0.943803,0.866589,0.842102,0.752801,0.79837,0.801604,0.842516,0.6834937,0.8227115,0.898075,0.833069,0.746468,0.759013,0.7169832,0.872103,0.835491,0.761006,0.7476268,0.913845,0.799623,0.874226,0.750147,0.795042,0.749292,0.853016,0.729269,0.92024,0.917782,0.613928,0.924528,0.850595,0.935929,0.933365,0.80526,0.690127,0.934932,0.801444,0.751374,0.6250324,0.869218,0.838637,0.874912,0.793427,0.845715,0.852753,0.937055,0.771451,0.782686,0.904092,0.896781,0.767408,0.797826,0.868479,0.810757,0.7905663,0.82731,0.74701,0.759987,0.701682,0.811981,0.916746,0.747944,0.795662,0.806983,0.728656,0.928163,0.886829,0.6843438,0.833033,0.794309,0.897271,0.854312,0.850795,0.803954,0.746814
0.744655,0.7536136,0.773716,0.801717,0.813874,0.845742,0.730756,0.766705,0.788178,0.78208,0.84275,0.838006,0.831152,0.942392,0.829517,0.781725,0.786645,0.83975,1,0.80667,0.815934,0.830108,0.860187,0.845712,0.715987,0.800498,0.714855,0.763284,0.691401,0.761083,0.812408,0.741314,0.65671,0.838482,0.80348,0.811379,0.799345,0.738845,0.8003,0.748357,0.762911,0.821498,0.843651,0.827816,0.6779037,0.7389322,0.813013,0.847542,0.783261,0.75704,0.626999,0.803172,0.816704,0.649167,0.886864,0.790928,0.76541,0.834958,0.74245,0.584321,0.7994596,0.621268,0.724498,0.6888081,0.855446,0.859647,0.791155,0.804116,0.77739,0.772924,0.854477,0.780288,0.76374,0.759817,0.7385485,0.721421,0.723508,0.786996,0.925264,0.698563,0.696979,0.777152,0.657928,0.67964,0.69308,0.798976,0.771554,0.74372,0.832587,0.690183,0.840183,0.858537,0.712633,0.859974,0.670229,0.729071,0.667666,0.833812,0.890415,0.724438
0.705386,0.904927,0.953452,0.817685,0.668463,0.868868,0.859971,0.930555,0.957761,0.878998,0.891929,0.951853,0.810331,0.873289,0.901381,0.856968,0.836034,0.932428,0.80667,1,0.972557,0.786871,0.841849,0.972017,0.761127,0.933156,0.926886,0.843916,0.891743,0.85111,0.767923,0.861408,0.756628,0.899279,0.893481,0.918729,0.86527,0.793735,0.788338,0.941825,0.875218,0.7212642,0.802884,0.943856,0.8182503,0.885578,0.740197,0.763504,0.830543,0.892754,0.796231,0.938681,0.957877,0.746714,0.887278,0.897601,0.948131,0.959317,0.89803,0.730804,0.932267,0.837868,0.815388,0.6240498,0.874918,0.896704,0.964788,0.780501,0.8576011,0.913297,0.964297,0.773468,0.7250761,0.865639,0.85715,0.826118,0.893325,0.86809,0.842235,0.819035,0.910776,0.849666,0.878256,0.726419,0.858351,0.899594,0.883851,0.779923,0.911592,0.81796,0.978756,0.965918,0.729101,0.866024,0.842865,0.96309,0.862059,0.780263,0.823332,0.89464
0.668427,0.821536,0.92214,0.809969,0.669351,0.871169,0.844952,0.855556,0.886355,0.861182,0.901357,0.9435,0.768253,0.873357,0.926684,0.788206,0.853933,0.918053,0.815934,0.972557,1,0.754663,0.868633,0.959485,0.750488,0.934954,0.882234,0.864516,0.868713,0.884138,0.763641,0.823351,0.749195,0.855042,0.819845,0.858046,0.888446,0.756764,0.75044,0.881306,0.829344,0.7476164,0.861042,0.947751,0.762699,0.861935,0.720749,0.815463,0.826427,0.87263,0.775304,0.874471,0.895446,0.718627,0.875831,0.847391,0.879474,0.898415,0.873765,0.726311,0.914408,0.795166,0.765058,0.6337334,0.907051,0.921354,0.929029,0.787571,0.863834,0.86331,0.98522,0.74688,0.75447,0.823469,0.787108,0.854814,0.857603,0.929441,0.822892,0.775648,0.850621,0.86655,0.842748,0.703435,0.836641,0.874331,0.903115,0.785379,0.894647,0.765982,0.942141,0.946133,0.701156,0.856467,0.792137,0.90822,0.825565,0.829034,0.875673,0.890167
0.69668,0.860963,0.771938,0.799427,0.730032,0.881948,0.803606,0.889707,0.87942,0.869225,0.81739,0.810573,0.799818,0.794213,0.789336,0.852024,0.688315,0.825863,0.830108,0.786871,0.754663,1,0.774748,0.81359,0.74427,0.816059,0.813215,0.728282,0.79916,0.81375,0.823004,0.807295,0.649561,0.918775,0.926412,0.820151,0.790603,0.757509,0.800054,0.862218,0.89188,0.73732,0.773436,0.796873,0.75666,0.745631,0.806705,0.790475,0.834905,0.809541,0.670058,0.836119,0.862816,0.706244,0.86106,0.833998,0.861993,0.85453,0.778904,0.685242,0.826457,0.79873,0.734602,0.745593,0.886011,0.825883,0.805824,0.82997,0.901592,0.862844,0.793049,0.740548,0.825972,0.879912,0.810484,0.667536,0.852633,0.812803,0.888652,0.787975,0.82005,0.740255,0.6979054,0.733272,0.837097,0.751121,0.78425,0.831402,0.802633,0.770093,0.811726,0.826371,0.7146775,0.790485,0.83573,0.798034,0.778859,0.723447,0.795443,0.741912
0.639868,0.80158,0.788878,0.760362,0.688151,0.838911,0.803225,0.813877,0.7976739,0.814613,0.856305,0.854948,0.653437,0.895353,0.940391,0.803734,0.758276,0.903194,0.860187,0.841849,0.868633,0.774748,1,0.870319,0.815624,0.838008,0.769875,0.855345,0.717408,0.798424,0.798606,0.810322,0.673249,0.787674,0.825923,0.73278,0.74205,0.652586,0.748287,0.806837,0.763189,0.827802,0.813544,0.852317,0.808061,0.853193,0.817198,0.943994,0.769199,0.767611,0.722248,0.817564,0.806756,0.632981,0.858425,0.838968,0.8092785,0.833468,0.785395,0.723747,0.848176,0.678356,0.696541,0.730268,0.874972,0.902353,0.811341,0.746648,0.765786,0.764848,0.884403,0.685693,0.868428,0.817477,0.788547,0.772686,0.72988,0.842286,0.803407,0.768562,0.720238,0.710529,0.747796,0.709522,0.760061,0.820064,0.726721,0.749049,0.783123,0.636329,0.826764,0.818257,0.70067,0.767665,0.706801,0.761459,0.819692,0.9297,0.819733,0.724369
0.694399,0.888724,0.914253,0.822904,0.712933,0.913973,0.887621,0.92608,0.940518,0.91528,0.960001,0.986837,0.778344,0.873006,0.918353,0.869335,0.867375,0.950397,0.845712,0.972017,0.959485,0.81359,0.870319,1,0.736324,0.944687,0.860297,0.801259,0.831425,0.863035,0.824674,0.824313,0.713409,0.906848,0.854426,0.894943,0.862908,0.7647938,0.804075,0.91225,0.854781,0.776142,0.797205,0.96107,0.774669,0.865887,0.727265,0.785182,0.847358,0.839554,0.813775,0.936469,0.961289,0.720312,0.938713,0.889058,0.929447,0.964678,0.91388,0.73366,0.947364,0.7922,0.787403,0.673087,0.913973,0.906605,0.943877,0.851182,0.875944,0.908317,0.957623,0.772902,0.775168,0.8596245,0.861701,0.799259,0.843441,0.893332,0.880115,0.871142,0.877702,0.871826,0.80519,0.719669,0.828223,0.922508,0.867774,0.750542,0.894637,0.806144,0.979569,0.976961,0.725803,0.892818,0.809768,0.930231,0.813532,0.817981,0.837315,0.848469
0.7002997,0.789726,0.782356,0.814514,0.700966,0.823755,0.797431,0.7910648,0.803206,0.856727,0.731066,0.748977,0.679763,0.748809,0.795515,0.771786,0.655471,0.761033,0.715987,0.761127,0.750488,0.74427,0.815624,0.736324,1,0.817469,0.826512,0.798617,0.797757,0.728485,0.777573,0.841148,0.71442,0.824886,0.831301,0.772268,0.787445,0.7166943,0.746412,0.798492,0.797765,0.653838,0.755205,0.780935,0.856165,0.772558,0.845136,0.837198,0.834248,0.78226,0.761496,0.760114,0.79435,0.72176,0.776071,0.826046,0.797985,0.7597,0.7456314,0.840899,0.816975,0.792888,0.824267,0.707374,0.764354,0.814517,0.804671,0.738487,0.817391,0.767252,0.771612,0.750081,0.7763532,0.850621,0.776522,0.765383,0.826231,0.730305,0.73011,0.7118436,0.787785,0.747593,0.822451,0.714632,0.794982,0.697815,0.745382,0.7514862,0.780752,0.79445,0.773446,0.761954,0.785267,0.692807,0.854201,0.788071,0.794586,0.835194,0.719639,0.773541
0.682685,0.858701,0.8689,0.788892,0.693127,0.898899,0.813575,0.869272,0.910123,0.874195,0.910901,0.946399,0.737372,0.806365,0.856288,0.791221,0.841377,0.943803,0.800498,0.933156,0.934954,0.816059,0.838008,0.944687,0.817469,1,0.899285,0.849685,0.789467,0.857037,0.746725,0.809292,0.65046,0.84986,0.866786,0.838125,0.832769,0.733377,0.736843,0.839817,0.861555,0.727005,0.730526,0.96154,0.787645,0.840022,0.735099,0.7279569,0.828659,0.899583,0.799282,0.858768,0.891656,0.713859,0.918781,0.828467,0.888115,0.893387,0.827014,0.729439,0.9502,0.858742,0.765824,0.672496,0.885815,0.843005,0.872964,0.803241,0.892749,0.804572,0.949398,0.803201,0.755291,0.884099,0.832533,0.852068,0.852463,0.912842,0.810983,0.776341,0.870811,0.847558,0.788892,0.70961,0.84878,0.852598,0.823882,0.823708,0.801223,0.767104,0.925297,0.907223,0.6872,0.824867,0.84231,0.922413,0.810047,0.825751,0.810255,0.7766036
0.761509,0.887801,0.926864,0.83636,0.732933,0.850069,0.822701,0.908347,0.937038,0.849065,0.80581,0.853298,0.7660759,0.775356,0.836194,0.825482,0.777285,0.866589,0.714855,0.926886,0.882234,0.813215,0.769875,0.860297,0.826512,0.899285,1,0.876541,0.926647,0.850748,0.810918,0.956088,0.822895,0.902253,0.943011,0.888299,0.892569,0.847461,0.827182,0.887285,0.874552,0.7062408,0.74288,0.880604,0.911644,0.822522,0.7567175,0.775122,0.826313,0.893312,0.753262,0.903388,0.912734,0.779452,0.801416,0.92634,0.930632,0.89771,0.847408,0.750221,0.837345,0.9016,0.834772,0.6800143,0.829526,0.863433,0.93788,0.704603,0.895225,0.863387,0.871692,0.732215,0.749949,0.847262,0.826382,0.788517,0.923697,0.84402,0.766258,0.802763,0.910092,0.843935,0.931269,0.81886,0.956182,0.844267,0.899366,0.87886,0.895457,0.791922,0.914682,0.89684,0.781994,0.835674,0.868526,0.936615,0.895289,0.788126,0.750456,0.928304
0.654023,0.784327,0.827586,0.795324,0.689847,0.794926,0.681571,0.764813,0.818496,0.751807,0.74951,0.777735,0.678126,0.850367,0.842545,0.697063,0.716792,0.842102,0.763284,0.843916,0.864516,0.728282,0.855345,0.801259,0.798617,0.849685,0.876541,1,0.821901,0.762185,0.706021,0.827998,0.715177,0.77037,0.833179,0.82005,0.814249,0.725112,0.728217,0.776736,0.788627,0.784168,0.721624,0.852949,0.852766,0.793476,0.7334143,0.803541,0.773002,0.876299,0.65818,0.791876,0.771359,0.786428,0.793963,0.836734,0.794938,0.784035,0.727619,0.708566,0.815931,0.756056,0.739642,0.695854,0.774326,0.848779,0.7915863,0.642279,0.80592,0.727005,0.88789,0.684651,0.760042,0.763622,0.742553,0.805251,0.827963,0.827172,0.711815,0.725835,0.759011,0.733538,0.836246,0.6643747,0.801829,0.734401,0.78789,0.929118,0.842223,0.680718,0.807422,0.778212,0.692584,0.745903,0.724682,0.78228,0.833735,0.818685,0.814202,0.843414
0.669286,0.848792,0.902407,0.816072,0.69318,0.829814,0.819895,0.857424,0.878143,0.862425,0.781785,0.820085,0.761316,0.783256,0.84349,0.76011,0.732859,0.752801,0.691401,0.891743,0.868713,0.79916,0.717408,0.831425,0.797757,0.789467,0.926647,0.821901,1,0.843761,0.747126,0.880536,0.768914,0.893533,0.857523,0.858869,0.889542,0.77203,0.782997,0.904487,0.873304,0.673314,0.797558,0.820708,0.829925,0.799248,0.769878,0.781048,0.83778,0.841442,0.702354,0.848198,0.859047,0.792728,0.757184,0.861089,0.862996,0.847924,0.824774,0.832761,0.785844,0.866664,0.793422,0.682088,0.847376,0.883347,0.912819,0.75776,0.904376,0.912591,0.842921,0.645935,0.73552,0.857098,0.785447,0.729382,0.968585,0.838892,0.77535,0.732535,0.888707,0.82322,0.911735,0.829044,0.912363,0.763794,0.908522,0.828616,0.925383,0.85811,0.861081,0.879137,0.742975,0.781122,0.834754,0.869897,0.854545,0.670029,0.803384,0.952689
0.609513,0.820289,0.819822,0.824509,0.730523,0.853325,0.804752,0.832408,0.82281,0.842794,0.869115,0.884086,0.698567,0.7967,0.890181,0.757782,0.794915,0.79837,0.761083,0.85111,0.884138,0.81375,0.798424,0.863035,0.728485,0.857037,0.850748,0.762185,0.843761,1,0.754036,0.778868,0.708396,0.847533,0.835205,0.724857,0.858457,0.755693,0.738057,0.832536,0.785457,0.816317,0.765968,0.873094,0.7680549,0.744494,0.695676,0.789639,0.789874,0.722015,0.817625,0.811977,0.825573,0.762857,0.8039,0.835464,0.824882,0.806293,0.784148,0.726863,0.784764,0.887651,0.765873,0.761998,0.892492,0.907373,0.879052,0.765528,0.86761,0.830451,0.872934,0.69395,0.871595,0.820519,0.726907,0.786062,0.848248,0.935535,0.832145,0.797922,0.845943,0.830283,0.83019,0.802708,0.908392,0.742513,0.869137,0.801044,0.805032,0.709578,0.864248,0.865618,0.741077,0.835466,0.818211,0.865421,0.764957,0.722283,0.784412,0.81184
0.7223,0.846838,0.815317,0.759424,0.786381,0.857237,0.873462,0.873542,0.842194,0.843112,0.866173,0.822759,0.721063,0.792031,0.818748,0.881552,0.705791,0.801604,0.812408,0.767923,0.763641,0.823004,0.798606,0.824674,0.777573,0.746725,0.810918,0.706021,0.747126,0.754036,1,0.842706,0.802932,0.862652,0.864901,0.780618,0.855369,0.844647,0.836172,0.809606,0.771571,0.833528,0.810289,0.80677,0.768075,0.771201,0.832164,0.817773,0.81401,0.68735,0.691849,0.873059,0.860599,0.624328,0.840933,0.864196,0.864765,0.850643,0.831062,0.710065,0.740105,0.744088,0.791887,0.795545,0.817214,0.830732,0.816869,0.8285,0.764356,0.805448,0.746816,0.6049121,0.781839,0.82802,0.848817,0.606244,0.724896,0.756169,0.816718,0.858368,0.739544,0.842373,0.716175,0.749662,0.797747,0.870077,0.811536,0.810244,0.807451,0.7232205,0.817833,0.806679,0.817663,0.849283,0.7889667,0.770792,0.813078,0.862473,0.740463,0.777103
0.831166,0.887202,0.884155,0.847109,0.771524,0.826119,0.852651,0.916644,0.906119,0.855704,0.802647,0.814959,0.746006,0.776389,0.839129,0.882069,0.735007,0.842516,0.741314,0.861408,0.823351,0.807295,0.810322,0.824313,0.841148,0.809292,0.956088,0.827998,0.880536,0.778868,0.842706,1,0.817862,0.888048,0.936848,0.863347,0.864251,0.816771,0.867266,0.874848,0.828773,0.749527,0.780728,0.84531,0.923126,0.823141,0.813223,0.833413,0.793349,0.81848,0.698169,0.896041,0.885686,0.7515246,0.7736753,0.932656,0.922961,0.885123,0.830942,0.76687,0.795737,0.81656,0.850397,0.719527,0.802263,0.856255,0.897412,0.713138,0.843413,0.837175,0.7845235,0.709598,0.77668,0.868086,0.873305,0.693137,0.862681,0.765997,0.741747,0.79808,0.845984,0.833213,0.905584,0.818164,0.922706,0.837909,0.866332,0.834317,0.897425,0.76684,0.863273,0.85791,0.8146813,0.799836,0.806049,0.850529,0.88648,0.794775,0.691896,0.909028
0.76372,0.7256521,0.766548,0.727462,0.766575,0.665025,0.673297,0.737014,0.73892,0.695201,0.6624338,0.690894,0.716386,0.725389,0.739613,0.784483,0.738334,0.6834937,0.65671,0.756628,0.749195,0.649561,0.673249,0.713409,0.71442,0.65046,0.822895,0.715177,0.768914,0.708396,0.802932,0.817862,1,0.733406,0.767254,0.758181,0.788017,0.952543,0.855058,0.7080071,0.705416,0.743397,0.719984,0.730894,0.78922,0.75313,0.704167,0.716449,0.662299,0.700599,0.65191,0.766949,0.748449,0.731808,0.634862,0.788184,0.758586,0.730738,0.739108,0.713655,0.646183,0.73176,0.766612,0.745148,0.638829,0.742556,0.785156,0.6037295,0.653957,0.687258,0.684092,0.6796464,0.658073,0.664069,0.753776,0.723756,0.70797,0.64018,0.730893,0.723527,0.687858,0.785302,0.8196,0.696282,0.776008,0.792864,0.776753,0.732471,0.797023,0.695873,0.761284,0.73855,0.879195,0.822427,0.733335,0.740062,0.792343,0.695352,0.5877582,0.853322
0.741356,0.898574,0.877161,0.889971,0.780554,0.939739,0.903721,0.934161,0.95142,0.92107,0.874204,0.90173,0.828438,0.85437,0.872384,0.871514,0.785552,0.8227115,0.838482,0.899279,0.855042,0.918775,0.787674,0.906848,0.824886,0.84986,0.902253,0.77037,0.893533,0.847533,0.862652,0.888048,0.733406,1,0.936658,0.919613,0.887548,0.815587,0.851495,0.911223,0.929085,0.7391122,0.792958,0.892558,0.808859,0.787456,0.7837553,0.79659,0.901211,0.854006,0.754189,0.91558,0.954251,0.767688,0.892646,0.923955,0.924705,0.936268,0.896015,0.751465,0.840427,0.840615,0.807877,0.709219,0.924648,0.902684,0.917793,0.879806,0.931317,0.915952,0.854588,0.727823,0.789454,0.901362,0.832997,0.710836,0.904736,0.853466,0.917343,0.853117,0.911443,0.871379,0.808321,0.760713,0.882908,0.835753,0.886524,0.829126,0.909728,0.860781,0.924431,0.942231,0.777346,0.881204,0.873302,0.888286,0.81604,0.768619,0.823956,0.866433
0.780699,0.908781,0.890248,0.845726,0.740757,0.875908,0.85401,0.944657,0.947841,0.8562,0.815925,0.834647,0.790386,0.807946,0.83225,0.894509,0.717322,0.898075,0.80348,0.893481,0.819845,0.926412,0.825923,0.854426,0.831301,0.866786,0.943011,0.833179,0.857523,0.835205,0.864901,0.936848,0.767254,0.936658,1,0.883782,0.842054,0.824112,0.819855,0.911115,0.894202,0.734121,0.758555,0.8430033,0.904932,0.830317,0.822477,0.826078,0.829954,0.857959,0.681179,0.920745,0.92687,0.726129,0.845615,0.933191,0.950641,0.921124,0.843535,0.693791,0.831484,0.846969,0.7970242,0.686821,0.864468,0.861233,0.89233,0.75631,0.884812,0.879896,0.839257,0.746287,0.803315,0.88601,0.861663,0.711033,0.863602,0.814617,0.840128,0.833629,0.865027,0.783311,0.850043,0.80718,0.910862,0.846781,0.834461,0.878213,0.870551,0.764566,0.900217,0.874629,0.771085,0.827363,0.871546,0.889527,0.870892,0.804077,0.75765,0.840911
0.784332,0.841908,0.865858,0.870861,0.777931,0.86928,0.8104,0.876709,0.932582,0.870237,0.80253,0.854937,0.870527,0.866874,0.8064,0.814099,0.821478,0.833069,0.811379,0.918729,0.858046,0.820151,0.73278,0.894943,0.772268,0.838125,0.888299,0.82005,0.858869,0.724857,0.780618,0.863347,0.758181,0.919613,0.883782,1,0.873939,0.782529,0.839406,0.891666,0.931642,0.70538,0.756018,0.876979,0.817279,0.802089,0.7544948,0.690585,0.882753,0.92553,0.721135,0.885906,0.923371,0.79507,0.851737,0.886915,0.88161,0.927186,0.90637,0.744567,0.874498,0.753287,0.783589,0.66127,0.808842,0.841588,0.886336,0.774706,0.860402,0.852851,0.853504,0.780509,0.67617,0.820843,0.822249,0.769784,0.874002,0.72715,0.853417,0.828077,0.85476,0.853923,0.802372,0.680609,0.798662,0.832918,0.860551,0.812861,0.93909,0.850486,0.907893,0.922661,0.769564,0.869292,0.837619,0.859969,0.798016,0.720289,0.769657,0.902147
0.692839,0.780134,0.850962,0.87657,0.772244,0.885992,0.814139,0.807502,0.855394,0.887876,0.830707,0.860267,0.771405,0.852882,0.853676,0.774213,0.796476,0.746468,0.799345,0.86527,0.888446,0.790603,0.74205,0.862908,0.787445,0.832769,0.892569,0.814249,0.889542,0.858457,0.855369,0.864251,0.788017,0.887548,0.842054,0.873939,1,0.792904,0.82218,0.852501,0.863301,0.7406844,0.817201,0.882707,0.840048,0.763264,0.786223,0.80051,0.905069,0.822486,0.738281,0.808962,0.851516,0.802069,0.809088,0.85637,0.81159,0.832747,0.884908,0.775457,0.813743,0.787859,0.762238,0.767684,0.860797,0.902198,0.882194,0.804282,0.870522,0.814863,0.867369,0.647734,0.703214,0.803851,0.801176,0.792712,0.892758,0.8541,0.84956,0.810955,0.869619,0.946119,0.842834,0.758223,0.856945,0.762648,0.968415,0.841612,0.915948,0.820767,0.866731,0.91064,0.77255,0.858863,0.839412,0.831252,0.767827,0.810015,0.86013,0.928563
0.708262,0.815663,0.7850663,0.743059,0.795173,0.738692,0.6859054,0.799474,0.804546,0.760404,0.764382,0.770742,0.811968,0.746933,0.7246857,0.809907,0.764278,0.759013,0.738845,0.793735,0.756764,0.757509,0.652586,0.7647938,0.7166943,0.733377,0.847461,0.725112,0.77203,0.755693,0.844647,0.816771,0.952543,0.815587,0.824112,0.782529,0.792904,1,0.895822,0.763054,0.766565,0.752256,0.705322,0.772455,0.76519,0.774044,0.738891,0.684674,0.691255,0.724047,0.708034,0.841689,0.828425,0.6996024,0.722754,0.7966392,0.811929,0.806667,0.734895,0.691187,0.725194,0.821942,0.821003,0.734918,0.706372,0.747474,0.8224749,0.703217,0.737499,0.774537,0.722352,0.767099,0.682948,0.743132,0.809056,0.699506,0.736501,0.690949,0.823576,0.75205,0.760824,0.805898,0.81061,0.717326,0.814038,0.826315,0.782495,0.79178,0.79479,0.732194,0.830162,0.788252,0.885176,0.894186,0.785859,0.8082111,0.792701,0.688754,0.637382,0.819994
0.754549,0.81751,0.761739,0.837656,0.909688,0.818682,0.753972,0.828246,0.829137,0.880803,0.805954,0.81542,0.838511,0.783867,0.761605,0.889778,0.774668,0.7169832,0.8003,0.788338,0.75044,0.800054,0.748287,0.804075,0.746412,0.736843,0.827182,0.728217,0.782997,0.738057,0.836172,0.867266,0.855058,0.851495,0.819855,0.839406,0.82218,0.895822,1,0.833571,0.842457,0.792455,0.729986,0.798694,0.815588,0.750396,0.805269,0.773261,0.787754,0.768337,0.7205404,0.808133,0.841012,0.701219,0.77991,0.819266,0.78712444,0.836303,0.769878,0.715823,0.806327,0.755078,0.7331534,0.769442,0.793758,0.801979,0.827655,0.825934,0.821245,0.808468,0.757108,0.713773,0.690478,0.835084,0.883537,0.641463,0.808185,0.725878,0.849838,0.77873,0.805549,0.839845,0.824622,0.733354,0.815451,0.7262682,0.808046,0.748778,0.85069,0.822151,0.82655,0.848156,0.921739,0.8623,0.720257,0.792454,0.74122,0.714552,0.757039,0.851355
0.750563,0.926862,0.926584,0.825981,0.708507,0.866472,0.90081,0.950575,0.951492,0.94638,0.861016,0.888114,0.836147,0.810401,0.870758,0.923425,0.781748,0.872103,0.748357,0.941825,0.881306,0.862218,0.806837,0.91225,0.798492,0.839817,0.887285,0.776736,0.904487,0.832536,0.809606,0.874848,0.7080071,0.911223,0.911115,0.891666,0.852501,0.763054,0.833571,1,0.935067,0.694383,0.830023,0.829355,0.8544,0.87606,0.839697,0.822986,0.844929,0.869166,0.751587,0.919256,0.943361,0.768809,0.7995003,0.884875,0.949868,0.939839,0.89342,0.796054,0.882009,0.849947,0.800572,0.671388,0.893697,0.893258,0.933074,0.846052,0.915836,0.936781,0.8671393,0.707133,0.787567,0.935015,0.916594,0.723854,0.936902,0.844521,0.846234,0.840399,0.932315,0.803266,0.839809,0.737001,0.84854,0.852787,0.875774,0.777741,0.886865,0.890908,0.920009,0.927577,0.7112846,0.824891,0.863693,0.917641,0.880021,0.715699,0.830598,0.876959
0.7298643,0.842037,0.826798,0.865283,0.743475,0.88625,0.840718,0.891901,0.922682,0.931,0.805259,0.825275,0.878196,0.774357,0.809987,0.852891,0.8097285,0.835491,0.762911,0.875218,0.829344,0.89188,0.763189,0.854781,0.797765,0.861555,0.874552,0.788627,0.873304,0.785457,0.771571,0.828773,0.705416,0.929085,0.894202,0.931642,0.863301,0.766565,0.842457,0.935067,1,0.671038,0.822844,0.821467,0.792622,0.805584,0.8291,0.748739,0.889073,0.94166,0.735336,0.842976,0.901872,0.792214,0.837827,0.852922,0.885382,0.886781,0.894212,0.786305,0.907809,0.815954,0.749914,0.702763,0.889984,0.843741,0.852467,0.823213,0.928864,0.864272,0.844655,0.772859,0.745473,0.887935,0.841004,0.798159,0.919595,0.820804,0.861725,0.834096,0.895235,0.822591,0.769373,0.70282,0.824585,0.7736167,0.863679,0.811078,0.868202,0.883191,0.856041,0.888064,0.711249,0.837356,0.900477,0.848524,0.822375,0.720866,0.831094,0.862198
0.593922,0.769785,0.722635,0.758977,0.800089,0.781748,0.716175,0.75095,0.733908,0.721339,0.819376,0.782795,0.686645,0.827059,0.838798,0.77966,0.730415,0.761006,0.821498,0.7212642,0.7476164,0.73732,0.827802,0.776142,0.653838,0.727005,0.7062408,0.784168,0.673314,0.816317,0.833528,0.749527,0.743397,0.7391122,0.734121,0.70538,0.7406844,0.752256,0.792455,0.694383,0.671038,1,0.691034,0.80092,0.707876,0.720041,0.690908,0.793328,0.707024,0.6093806,0.74278,0.794808,0.755561,0.695693,0.788537,0.805092,0.737918,0.772947,0.720837,0.643914,0.70395,0.673481,0.7212541,0.827843,0.769126,0.835103,0.768567,0.7244421,0.6721048,0.7013479,0.7400336,0.651329,0.801518,0.716238,0.722837,0.656184,0.629894,0.74163,0.806348,0.870354,0.644395,0.743303,0.690381,0.676412,0.761967,0.76929,0.7072268,0.756638,0.762801,0.591521,0.7539544,0.73799,0.775197,0.827867,0.65289,0.701746,0.732629,0.802916,0.712437,0.733882
0.715411,0.704221,0.773865,0.770999,0.70106,0.758208,0.825324,0.743108,0.738592,0.796655,0.788539,0.77261,0.796027,0.848281,0.845153,0.759613,0.776713,0.7476268,0.843651,0.802884,0.861042,0.773436,0.813544,0.797205,0.755205,0.730526,0.74288,0.721624,0.797558,0.765968,0.810289,0.780728,0.719984,0.792958,0.758555,0.756018,0.817201,0.705322,0.729986,0.830023,0.822844,0.691034,1,0.776985,0.719854,0.821651,0.88227,0.883668,0.784676,0.750791,0.692654,0.726023,0.7327957,0.698639,0.739156,0.740727,0.747343,0.7282505,0.816449,0.709589,0.774807,0.690593,0.719856,0.6472707,0.81975,0.839745,0.765112,0.773207,0.769919,0.76367,0.826904,0.727172,0.728133,0.7222072,0.725726,0.729335,0.777393,0.801625,0.809815,0.705473,0.744968,0.759411,0.7071476,0.6558444,0.755746,0.819964,0.824794,0.699908,0.81419,0.736723,0.746863,0.788303,0.684689,0.810752,0.791287,0.708704,0.791358,0.807504,0.849045,0.807493
0.69538,0.821654,0.885332,0.838703,0.73845,0.917528,0.847139,0.869777,0.901927,0.863527,0.92612,0.96656,0.727753,0.864559,0.901991,0.771774,0.83264,0.913845,0.827816,0.943856,0.947751,0.796873,0.852317,0.96107,0.780935,0.96154,0.880604,0.852949,0.820708,0.873094,0.80677,0.84531,0.730894,0.892558,0.8430033,0.876979,0.882707,0.772455,0.798694,0.829355,0.821467,0.80092,0.776985,1,0.797047,0.813833,0.6908061,0.789738,0.854111,0.845866,0.846687,0.889019,0.913396,0.7285091,0.922595,0.883127,0.8801,0.911525,0.884395,0.691147,0.913314,0.805885,0.792403,0.689073,0.883512,0.886211,0.916545,0.799104,0.866375,0.846434,0.947351,0.778722,0.765727,0.806968,0.767976,0.825696,0.8294,0.89638,0.845312,0.851286,0.850439,0.879393,0.828421,0.725025,0.858843,0.868186,0.873426,0.801556,0.88363,0.751925,0.955215,0.947494,0.756591,0.873414,0.814182,0.920181,0.778314,0.85759,0.806355,0.849894
0.734276,0.851086,0.828778,0.835921,0.719566,0.774488,0.791218,0.868709,0.845086,0.834399,0.75025,0.780028,0.705444,0.768958,0.805494,0.836859,0.676766,0.799623,0.6779037,0.8182503,0.762699,0.75666,0.808061,0.774669,0.856165,0.787645,0.911644,0.852766,0.829925,0.7680549,0.768075,0.923126,0.78922,0.808859,0.904932,0.817279,0.840048,0.76519,0.815588,0.8544,0.792622,0.707876,0.719854,0.797047,1,0.842965,0.819942,0.837624,0.7729,0.790262,0.718376,0.840773,0.8105111,0.828673,0.7059806,0.886424,0.86861,0.829079,0.777826,0.750946,0.790032,0.7725895,0.824153,0.74148,0.747966,0.804588,0.840995,0.674716,0.807229,0.775087,0.764173,0.688675,0.74924,0.845643,0.85047,0.735265,0.849916,0.7230386,0.735013,0.782266,0.828471,0.774921,0.934291,0.778387,0.866645,0.763692,0.817454,0.829613,0.853451,0.73997,0.8291,0.823655,0.792237,0.742512,0.767017,0.840879,0.870516,0.782862,0.684509,0.856057
