1,0.908655,0.827425,0.876689,0.920943,0.8177,0.903895,0.856256,0.890785,0.952701,0.954215,0.885024,0.924441,0.930641,0.860873,0.888427,0.6515354,0.912258,0.89704,0.80886,0.895911,0.878849,0.823695,0.886303,0.923982,0.880616,0.87295,0.871691,0.819451,0.899947,0.82293,0.903918,0.882191,0.773909,0.943243,0.870995,0.934744,0.907711,0.90633,0.909733,0.738395,0.912776,0.881428,0.837002,0.980303,0.917509,0.729538,0.94364,0.846145,0.954516,0.936221,0.879507,0.804908,0.869203,0.897554,0.7993,0.862946,0.949929,0.944836,0.933091,0.903111,0.879629,0.914138,0.927376,0.895555,0.868178,0.843338,0.776755,0.891946,0.909439,0.884119,0.880705,0.928949,0.829121,0.895596,0.886362,0.817504,0.891854,0.899989,0.872738,0.868314,0.824596,0.864908,0.906017,0.949729,0.870987,0.849443,0.877146,0.904329,0.895092,0.837992,0.888198,0.88754,0.860416,0.92364,0.852481,0.952354,0.850968,0.89048,0.904004
0.908655,1,0.871645,0.817912,0.929219,0.856275,0.928422,0.851131,0.927758,0.930814,0.922699,0.872083,0.970884,0.871548,0.866122,0.868325,0.768982,0.869164,0.889359,0.836908,0.848965,0.888081,0.883828,0.895275,0.956873,0.863549,0.877674,0.855034,0.822015,0.901618,0.914956,0.957146,0.899725,0.811666,0.88901,0.916677,0.990578,0.874913,0.891066,0.87549,0.827056,0.953107,0.897141,0.842074,0.923342,0.883099,0.853679,0.854302,0.870695,0.955464,0.95599,0.868469,0.908368,0.8669,0.911429,0.936821,0.841171,0.87251,0.868249,0.867247,0.840783,0.909409,0.850578,0.877455,0.888677,0.832752,0.86393,0.783265,0.854369,0.914392,0.875506,0.882592,0.938268,0.866029,0.867151,0.886428,0.887372,0.876537,0.931193,0.896118,0.878135,0.841162,0.835607,0.880083,0.902408,0.910351,0.881755,0.86904,0.883961,0.93784,0.906811,0.888457,0.915332,0.893458,0.950975,0.894684,0.908362,0.890058,0.878964,0.914368
0.827425,0.871645,1,0.784069,0.826711,0.847661,0.917717,0.869489,0.926787,0.924955,0.848944,0.881625,0.8361962,0.853066,0.822771,0.876064,0.789517,0.866292,0.857725,0.872752,0.883033,0.860338,0.756596,0.848625,0.894603,0.856898,0.813385,0.888028,0.783121,0.827141,0.979371,0.906496,0.8469,0.833824,0.879562,0.813698,0.879587,0.862546,0.847895,0.861557,0.693961,0.901135,0.850031,0.869867,0.882139,0.884437,0.737201,0.817267,0.820022,0.899599,0.82197,0.852334,0.828777,0.7545162,0.953896,0.876929,0.861171,0.894248,0.845661,0.879637,0.882752,0.798282,0.884301,0.854389,0.85038,0.90718,0.838615,0.827493,0.840824,0.9283,0.852774,0.86133,0.932618,0.834713,0.87218,0.859428,0.972248,0.868182,0.877994,0.84241,0.865808,0.860076,0.878264,0.864155,0.920247,0.902375,0.787606,0.878691,0.853821,0.916465,0.829838,0.852904,0.812519,0.834969,0.920562,0.804476,0.918323,0.824847,0.861463,0.936037
0.876689,0.817912,0.784069,1,0.844511,0.857879,0.84944,0.907326,0.7572723,0.84482,0.840912,0.790222,0.826281,0.888316,0.855925,0.919835,0.7356296,0.841733,0.918855,0.919748,0.848812,0.922256,0.869543,0.918442,0.856254,0.918448,0.913222,0.903989,0.86257,0.898557,0.7424347,0.852869,0.923854,0.842944,0.860203,0.898637,0.821138,0.901698,0.909399,0.904155,0.713617,0.85522,0.921571,0.873893,0.851668,0.825335,0.7546959,0.918516,0.883268,0.842609,0.851065,0.922458,0.831357,0.881569,0.791591,0.782948,0.947737,0.829272,0.906963,0.861185,0.856586,0.916565,0.86874,0.876977,0.915329,0.844574,0.896685,0.855396,0.894596,0.820741,0.897918,0.925196,0.85883,0.868695,0.908909,0.922673,0.805694,0.915836,0.861503,0.915656,0.923343,0.886968,0.879457,0.911673,0.840373,0.845874,0.878949,0.919423,0.914012,0.852401,0.800801,0.920928,0.913657,0.911238,0.8542,0.904102,0.837706,0.906409,0.91682,0.829486
0.920943,0.929219,0.826711,0.844511,1,0.85008,0.865464,0.860992,0.887754,0.903537,0.963039,0.926123,0.908262,0.953262,0.917326,0.915206,0.75382,0.925637,0.931171,0.84603,0.915065,0.915773,0.870578,0.933867,0.891911,0.885984,0.947983,0.911644,0.84033,0.954253,0.859613,0.889678,0.918847,0.819319,0.947184,0.93719,0.941318,0.945597,0.950543,0.944003,0.846477,0.890299,0.924396,0.870859,0.936047,0.905022,0.821164,0.927809,0.854835,0.927878,0.88505,0.879018,0.922245,0.912121,0.860592,0.863442,0.8928,0.894287,0.938935,0.939464,0.866986,0.957988,0.929051,0.950602,0.941577,0.907731,0.855929,0.846863,0.922273,0.88423,0.931884,0.914407,0.889838,0.836396,0.931592,0.914499,0.82128,0.933074,0.866349,0.906974,0.899256,0.82936,0.897568,0.94167,0.905303,0.85034,0.844556,0.914472,0.931609,0.871142,0.953894,0.908048,0.933285,0.895505,0.891084,0.897252,0.909177,0.880189,0.911325,0.86785
0.8177,0.856275,0.847661,0.857879,0.85008,1,0.862814,0.965988,0.894801,0.859424,0.83017,0.898885,0.826809,0.904702,0.835076,0.930982,0.891955,0.906623,0.917626,0.911781,0.911078,0.924644,0.901583,0.908136,0.859814,0.963407,0.837027,0.945605,0.890287,0.883668,0.817032,0.847961,0.926273,0.834009,0.863553,0.912909,0.845835,0.90111,0.895021,0.903705,0.806832,0.861787,0.922558,0.857782,0.840936,0.784539,0.8511154,0.827808,0.909738,0.847685,0.802718,0.936536,0.933001,0.865788,0.908314,0.869113,0.940045,0.892581,0.876271,0.883291,0.832507,0.878228,0.905685,0.869468,0.900297,0.897036,0.927042,0.878181,0.922231,0.904708,0.861024,0.933985,0.868298,0.900203,0.925325,0.934076,0.873169,0.914189,0.856756,0.923923,0.931622,0.93339,0.841385,0.913205,0.875764,0.859559,0.880308,0.940396,0.910329,0.851093,0.900476,0.928391,0.919862,0.92105,0.855979,0.912721,0.849544,0.911839,0.913947,0.868442
0.903895,0.928422,0.917717,0.84944,0.865464,0.862814,1,0.910167,0.883146,0.966173,0.912037,0.819483,0.934286,0.903609,0.862665,0.92261,0.719675,0.882525,0.921681,0.88246,0.877049,0.923983,0.855878,0.918656,0.992398,0.91066,0.868553,0.905749,0.845173,0.906168,0.8712018,0.988606,0.924055,0.832347,0.91266,0.902858,0.936329,0.912607,0.915189,0.915806,0.708123,0.994907,0.921912,0.879357,0.931975,0.899842,0.7564248,0.860372,0.904893,0.959753,0.897066,0.917015,0.830793,0.867368,0.918764,0.897611,0.885531,0.898624,0.899784,0.904323,0.824002,0.888464,0.897856,0.907363,0.916866,0.863196,0.909175,0.839425,0.893386,0.928373,0.899805,0.924313,0.983219,0.927216,0.91546,0.925532,0.916505,0.918209,0.984562,0.919756,0.921697,0.912875,0.883594,0.920616,0.939617,0.987898,0.899758,0.918577,0.911407,0.994048,0.816601,0.922173,0.913062,0.912997,0.991202,0.901875,0.945227,0.902715,0.911804,0.960491
0.856256,0.851131,0.869489,0.907326,0.860992,0.965988,0.910167,1,0.849643,0.906417,0.876151,0.853313,0.85055,0.93149,0.865379,0.97144,0.829163,0.894845,0.966358,0.966289,0.902852,0.975338,0.890198,0.956325,0.905902,0.993381,0.877516,0.965549,0.893216,0.923413,0.812166,0.901081,0.975613,0.901451,0.90137,0.939294,0.856659,0.943515,0.941287,0.945273,0.747655,0.90984,0.97162,0.931102,0.886841,0.854377,0.831421,0.866048,0.967757,0.894237,0.810154,0.98485,0.891515,0.882055,0.884597,0.835693,0.948963,0.887341,0.920837,0.912797,0.823145,0.904855,0.925837,0.916686,0.94798,0.901436,0.985123,0.895536,0.931546,0.893428,0.920178,0.980411,0.915019,0.963951,0.959238,0.98167,0.873347,0.959011,0.90449,0.976113,0.98403,0.985495,0.908042,0.955085,0.902069,0.919506,0.928161,0.97602,0.956203,0.90899,0.853091,0.978663,0.95153,0.975321,0.908733,0.949921,0.896618,0.96682,0.965195,0.903018
0.890785,0.927758,0.926787,0.7572723,0.887754,0.894801,0.883146,0.849643,1,0.920741,0.885774,0.946298,0.890805,0.874033,0.801646,0.850831,0.805023,0.924585,0.841819,0.80987,0.920448,0.83708,0.807647,0.83625,0.889022,0.852659,0.837774,0.873277,0.778926,0.83832,0.912708,0.883659,0.835958,0.744666,0.897007,0.840479,0.932453,0.85329,0.843343,0.853422,0.7553675,0.88603,0.837411,0.78763,0.91106,0.8536,0.789897,0.831791,0.806618,0.918735,0.874519,0.834807,0.881819,0.808876,0.988934,0.906626,0.851384,0.95118,0.854439,0.893521,0.903546,0.834714,0.892521,0.857559,0.837688,0.904507,0.811084,0.813894,0.8557,0.967149,0.819707,0.83957,0.912253,0.79936,0.859586,0.842022,0.923807,0.846947,0.862725,0.829323,0.833651,0.816034,0.803195,0.853093,0.935013,0.851272,0.795971,0.856685,0.845096,0.872852,0.896185,0.838246,0.839312,0.821289,0.898795,0.817351,0.916158,0.803474,0.838698,0.909399
0.952701,0.930814,0.924955,0.84482,0.903537,0.859424,0.966173,0.906417,0.920741,1,0.966926,0.874176,0.945613,0.938214,0.886832,0.927003,0.727539,0.93668,0.925366,0.885579,0.925763,0.922229,0.836734,0.920332,0.966182,0.908509,0.908142,0.917966,0.835493,0.917201,0.8679906,0.967553,0.918864,0.839138,0.969056,0.899648,0.952622,0.933255,0.927985,0.934004,0.721888,0.96584,0.919752,0.889818,0.985389,0.954956,0.747232,0.912409,0.880539,0.992005,0.904344,0.909765,0.829282,0.868026,0.945577,0.851218,0.89382,0.957044,0.928729,0.95633,0.889187,0.898793,0.940812,0.943446,0.924139,0.910152,0.894825,0.840158,0.909166,0.966554,0.916197,0.92255,0.992706,0.884053,0.929214,0.9236,0.914689,0.928123,0.935929,0.913346,0.918623,0.889097,0.905945,0.933168,0.989472,0.938315,0.853759,0.923759,0.92006,0.96364,0.836411,0.918896,0.905028,0.904734,0.984708,0.887441,0.994765,0.88821,0.916519,0.95798
0.954215,0.922699,0.848944,0.840912,0.963039,0.83017,0.912037,0.876151,0.885774,0.966926,1,0.895198,0.93166,0.963405,0.928947,0.928756,0.702275,0.94786,0.935684,0.871398,0.937222,0.926684,0.847963,0.939536,0.922301,0.888421,0.952406,0.923818,0.838247,0.956896,0.823465,0.930799,0.921399,0.843501,0.987981,0.925525,0.944948,0.962596,0.958158,0.960606,0.786295,0.924382,0.929006,0.897179,0.981246,0.962392,0.761463,0.942971,0.859551,0.972605,0.889763,0.888399,0.85879,0.902576,0.887844,0.825905,0.894017,0.936861,0.956404,0.977008,0.880994,0.942263,0.958508,0.97672,0.949647,0.928428,0.874108,0.840423,0.926341,0.929018,0.949469,0.923804,0.948853,0.85661,0.946062,0.921574,0.849201,0.946454,0.887234,0.913559,0.914039,0.855528,0.926867,0.9532,0.962692,0.888868,0.836562,0.927092,0.934279,0.9182,0.89105,0.913073,0.920818,0.902579,0.942126,0.897047,0.974338,0.879194,0.919254,0.907903
0.885024,0.872083,0.881625,0.790222,0.926123,0.898885,0.819483,0.853313,0.946298,0.874176,0.895198,1,0.836326,0.925069,0.820828,0.879086,0.839514,0.953629,0.866555,0.823655,0.958216,0.852293,0.809956,0.858211,0.825623,0.87135,0.86067,0.92033,0.79271,0.868679,0.878634,0.814384,0.843136,0.772738,0.919734,0.850269,0.87815,0.901476,0.879025,0.898177,0.824204,0.825529,0.852501,0.816897,0.894909,0.837879,0.770132,0.891167,0.78786,0.869916,0.833813,0.829457,0.9112,0.839764,0.936345,0.849315,0.903396,0.95066,0.899006,0.934181,0.942635,0.862487,0.942374,0.895187,0.869743,0.96407,0.798587,0.817593,0.897254,0.926887,0.851274,0.858986,0.853187,0.769734,0.905944,0.856539,0.891552,0.88501,0.803848,0.829335,0.84404,0.803313,0.844743,0.892996,0.909971,0.794205,0.775077,0.890206,0.877381,0.805549,0.950902,0.8437,0.851237,0.813819,0.831049,0.81368,0.886435,0.789152,0.85887,0.869707
0.924441,0.970884,0.8361962,0.826281,0.908262,0.826809,0.934286,0.85055,0.890805,0.945613,0.93166,0.836326,1,0.881446,0.850722,0.874898,0.709308,0.879238,0.884477,0.831971,0.859685,0.883901,0.898553,0.890518,0.954419,0.860497,0.886867,0.851528,0.856193,0.896333,0.87979,0.947545,0.894792,0.803827,0.907494,0.889363,0.968197,0.879831,0.893171,0.884301,0.810521,0.950518,0.889877,0.820363,0.935149,0.897532,0.842953,0.861723,0.851147,0.95554,0.948136,0.872927,0.835805,0.914984,0.887837,0.867595,0.844989,0.885377,0.873025,0.884689,0.8204,0.911666,0.862486,0.886288,0.890373,0.827672,0.861842,0.80522,0.874351,0.912545,0.871724,0.882846,0.94837,0.856133,0.872001,0.883817,0.861555,0.87736,0.925667,0.886559,0.874817,0.839432,0.836953,0.884759,0.923952,0.904438,0.849938,0.868078,0.872646,0.933545,0.849656,0.88204,0.909956,0.881643,0.951924,0.891059,0.927801,0.884475,0.864269,0.900636
0.930641,0.871548,0.853066,0.888316,0.953262,0.904702,0.903609,0.93149,0.874033,0.938214,0.963405,0.925069,0.881446,1,0.923489,0.974833,0.783353,0.973309,0.970665,0.904326,0.97129,0.95605,0.860325,0.962214,0.904917,0.948075,0.954337,0.97686,0.892903,0.964514,0.8028899,0.898852,0.949016,0.860165,0.983321,0.932772,0.891784,0.989448,0.979898,0.989256,0.810527,0.906446,0.955053,0.917266,0.955553,0.927684,0.764672,0.954321,0.881693,0.932058,0.841635,0.931439,0.885982,0.921446,0.891114,0.815289,0.959925,0.952091,0.979641,0.990529,0.891442,0.951621,0.991535,0.985357,0.97376,0.960515,0.900224,0.882758,0.978664,0.922842,0.9605,0.961725,0.924781,0.870877,0.987654,0.959419,0.857637,0.980096,0.885713,0.93501,0.947211,0.89208,0.949389,0.987602,0.954321,0.887376,0.844788,0.972547,0.968727,0.89726,0.909786,0.948088,0.940286,0.919302,0.912881,0.905165,0.949061,0.899148,0.953576,0.903123
0.860873,0.866122,0.822771,0.855925,0.917326,0.835076,0.862665,0.865379,0.801646,0.886832,0.928947,0.820828,0.850722,0.923489,1,0.939438,0.825982,0.8709525,0.94366,0.871491,0.887986,0.936275,0.909763,0.95668,0.864453,0.868943,0.930446,0.907175,0.8470453,0.974002,0.799095,0.889546,0.930674,0.854942,0.927659,0.942182,0.86293,0.948532,0.963583,0.951253,0.8489948,0.866238,0.934967,0.93389,0.902825,0.963219,0.790764,0.876493,0.847187,0.880601,0.814372,0.908269,0.878216,0.919794,0.792496,0.797848,0.883959,0.843885,0.947366,0.921317,0.780527,0.960145,0.916218,0.955732,0.962437,0.892722,0.870771,0.868083,0.909562,0.8273,0.985677,0.927793,0.882137,0.850386,0.933347,0.924014,0.772668,0.948709,0.851749,0.923707,0.925149,0.852241,0.985383,0.946702,0.880878,0.860174,0.818652,0.922384,0.930524,0.887655,0.886299,0.924728,0.935344,0.916135,0.886239,0.924913,0.904581,0.900989,0.928497,0.811047
0.888427,0.868325,0.876064,0.919835,0.915206,0.930982,0.92261,0.97144,0.850831,0.927003,0.928756,0.879086,0.874898,0.974833,0.939438,1,0.804212,0.932974,0.994049,0.949017,0.945542,0.992172,0.914552,0.99101,0.91705,0.974442,0.936111,0.987937,0.919362,0.978329,0.820658,0.918908,0.986918,0.901022,0.950453,0.965033,0.876254,0.989239,0.989964,0.991742,0.775513,0.920422,0.9886,0.953852,0.921509,0.917075,0.799968,0.911477,0.924622,0.914209,0.830283,0.979064,0.897139,0.937351,0.880366,0.824246,0.969992,0.908915,0.971608,0.960357,0.844743,0.96076,0.969888,0.973574,0.992572,0.944263,0.950971,0.924815,0.973789,0.902366,0.978921,0.994653,0.931389,0.921292,0.994361,0.992343,0.86608,0.996106,0.906109,0.979029,0.989398,0.943261,0.969008,0.995094,0.927409,0.915658,0.88129,0.995213,0.983208,0.924346,0.885736,0.985912,0.974429,0.968897,0.926368,0.959462,0.929013,0.953292,0.98188,0.897015
0.6515354,0.768982,0.789517,0.7356296,0.75382,0.891955,0.719675,0.829163,0.805023,0.727539,0.702275,0.839514,0.709308,0.783353,0.825982,0.804212,1,0.807618,0.7817325,0.824863,0.816174,0.795233,0.866856,0.7864968,0.6996903,0.830121,0.721955,0.847171,0.784804,0.781368,0.785945,0.7221551,0.7809767,0.812753,0.751079,0.806828,0.7439,0.785102,0.7687399,0.78179,0.878293,0.7103185,0.7876311,0.836494,0.697795,0.757313,0.856963,0.726246,0.74229,0.709011,0.692102,0.7845937,0.903651,0.795905,0.807368,0.80837,0.847053,0.774811,0.743495,0.774779,0.766494,0.779544,0.799761,0.747861,0.7779891,0.82687,0.774148,0.836482,0.7959713,0.797467,0.7960983,0.800234,0.740607,0.7406583,0.811092,0.792121,0.822501,0.797149,0.6986368,0.7830912,0.803572,0.79212,0.815582,0.786878,0.748986,0.7161876,0.723815,0.827697,0.776882,0.7254185,0.863957,0.7810698,0.7991,0.7832723,0.719967,0.816218,0.725737,0.785448,0.790297,0.777713
0.912258,0.869164,0.866292,0.841733,0.925637,0.906623,0.882525,0.894845,0.924585,0.93668,0.94786,0.953629,0.879238,0.973309,0.8709525,0.932974,0.807618,1,0.912588,0.859157,0.993335,0.903737,0.834075,0.909309,0.874083,0.903229,0.923876,0.951157,0.876374,0.915383,0.824002,0.871631,0.893209,0.795101,0.977092,0.876325,0.887211,0.95104,0.932418,0.952019,0.806604,0.879279,0.900008,0.845672,0.942096,0.915203,0.739258,0.932737,0.820257,0.920929,0.831893,0.878692,0.875899,0.895466,0.931973,0.832405,0.94628,0.977589,0.932321,0.98174,0.923555,0.90817,0.981226,0.948517,0.92615,0.968918,0.85355,0.871629,0.968294,0.968861,0.909683,0.913003,0.922009,0.822588,0.952796,0.904586,0.880974,0.93614,0.848755,0.876932,0.89721,0.857002,0.905248,0.944757,0.970584,0.853292,0.78447,0.934241,0.906208,0.869223,0.907329,0.886671,0.885323,0.862298,0.89405,0.861483,0.950113,0.843647,0.888267,0.885567
0.89704,0.889359,0.857725,0.918855,0.931171,0.917626,0.921681,0.966358,0.841819,0.925366,0.935684,0.866555,0.884477,0.970665,0.94366,0.994049,0.7817325,0.912588,1,0.951133,0.921774,0.995407,0.920566,0.995867,0.926501,0.9745,0.941152,0.978031,0.904552,0.986205,0.812564,0.927543,0.993524,0.916055,0.944632,0.983321,0.8953,0.987867,0.992904,0.988594,0.790927,0.927161,0.995358,0.966844,0.927187,0.911543,0.827081,0.913929,0.940837,0.923842,0.849422,0.979847,0.909576,0.933528,0.864337,0.832766,0.953298,0.892428,0.975989,0.95178,0.829608,0.970092,0.957898,0.975409,0.993794,0.924646,0.953962,0.906152,0.956248,0.883141,0.981222,0.994708,0.927149,0.928268,0.988766,0.996461,0.849545,0.994625,0.914068,0.988268,0.990387,0.93845,0.962481,0.993895,0.91483,0.918104,0.904712,0.990417,0.994663,0.927526,0.897722,0.994104,0.986008,0.978856,0.930373,0.964615,0.923818,0.960827,0.993346,0.903366
0.80886,0.836908,0.872752,0.919748,0.84603,0.911781,0.88246,0.966289,0.80987,0.885579,0.871398,0.823655,0.831971,0.904326,0.871491,0.949017,0.824863,0.859157,0.951133,1,0.87576,0.964537,0.856076,0.949345,0.877569,0.957335,0.910377,0.953434,0.851226,0.91681,0.833836,0.896858,0.959375,0.957543,0.89059,0.934425,0.833573,0.934583,0.930731,0.930458,0.727464,0.889001,0.962654,0.959055,0.863214,0.850515,0.827627,0.880375,0.943182,0.88177,0.78987,0.948412,0.869793,0.848759,0.846325,0.8193,0.934761,0.838774,0.89637,0.896212,0.832415,0.907585,0.905252,0.902217,0.937866,0.903377,0.960742,0.884635,0.888868,0.859017,0.925007,0.962746,0.897453,0.938835,0.943739,0.961092,0.893452,0.950423,0.870695,0.960879,0.972016,0.959681,0.911063,0.938825,0.870587,0.896738,0.899949,0.96428,0.94501,0.895129,0.831167,0.955982,0.928638,0.962105,0.89355,0.928489,0.875015,0.942963,0.957405,0.895563
0.895911,0.848965,0.883033,0.848812,0.915065,0.911078,0.877049,0.902852,0.920448,0.925763,0.937222,0.958216,0.859685,0.97129,0.887986,0.945542,0.816174,0.993335,0.921774,0.87576,1,0.914021,0.8386,0.920006,0.862531,0.906977,0.926096,0.9624,0.882917,0.922584,0.84157,0.866183,0.900681,0.811315,0.97357,0.878429,0.863334,0.958061,0.940504,0.959383,0.795622,0.869511,0.908244,0.866176,0.931121,0.921161,0.740212,0.923866,0.822242,0.903789,0.805594,0.890883,0.87466,0.899761,0.930063,0.829558,0.955559,0.970852,0.941033,0.981062,0.921211,0.912722,0.985493,0.951294,0.936279,0.98506,0.859969,0.893541,0.970116,0.958119,0.925516,0.92183,0.913614,0.827086,0.960963,0.912289,0.887788,0.946788,0.843466,0.883978,0.908838,0.867024,0.92723,0.952022,0.961865,0.853386,0.781201,0.945119,0.914394,0.867696,0.902968,0.895674,0.888765,0.869681,0.885836,0.868973,0.942966,0.851121,0.900396,0.876262
0.878849,0.888081,0.860338,0.922256,0.915773,0.924644,0.923983,0.975338,0.83708,0.922229,0.926684,0.852293,0.883901,0.95605,0.936275,0.992172,0.795233,0.903737,0.995407,0.964537,0.914021,1,0.925882,0.996325,0.924338,0.977011,0.931995,0.977404,0.904155,0.980306,0.8129727,0.931562,0.997894,0.922495,0.934444,0.984006,0.891069,0.981019,0.98632,0.981926,0.776168,0.929226,0.999202,0.965467,0.91286,0.904944,0.83507,0.89795,0.948765,0.919332,0.840681,0.983625,0.911373,0.929673,0.862634,0.838196,0.953604,0.87928,0.958437,0.94002,0.81883,0.963238,0.946072,0.961996,0.99106,0.919095,0.969741,0.914813,0.949763,0.885101,0.976439,0.998791,0.93075,0.943935,0.984523,0.997757,0.857522,0.992013,0.911782,0.995156,0.998297,0.95598,0.956223,0.987424,0.908284,0.922242,0.910829,0.992457,0.984853,0.932189,0.886485,0.993742,0.986389,0.989512,0.932321,0.97916,0.916969,0.972472,0.987818,0.900816
0.823695,0.883828,0.756596,0.869543,0.870578,0.901583,0.855878,0.890198,0.807647,0.836734,0.847963,0.809956,0.898553,0.860325,0.909763,0.914552,0.866856,0.834075,0.920566,0.856076,0.8386,0.925882,1,0.934059,0.871564,0.888709,0.856911,0.868775,0.920677,0.934126,0.788284,0.8684,0.939776,0.842107,0.837694,0.938014,0.862672,0.887327,0.920393,0.897976,0.910367,0.865518,0.929032,0.860061,0.835154,0.853896,0.929132,0.797795,0.885372,0.836448,0.860663,0.935922,0.895365,0.964738,0.796275,0.823935,0.876704,0.79968,0.883118,0.83384,0.727071,0.944537,0.838508,0.879075,0.926788,0.80357,0.905785,0.877924,0.896399,0.820941,0.913609,0.922232,0.849882,0.887084,0.887397,0.923279,0.757343,0.903754,0.870053,0.936516,0.920621,0.878682,0.885085,0.903048,0.82303,0.852352,0.873155,0.894699,0.898166,0.868754,0.872393,0.93081,0.96433,0.936357,0.862407,0.964998,0.830557,0.948651,0.901765,0.775796
0.886303,0.895275,0.848625,0.918442,0.933867,0.908136,0.918656,0.956325,0.83625,0.920332,0.939536,0.858211,0.890518,0.962214,0.95668,0.99101,0.7864968,0.909309,0.995867,0.949345,0.920006,0.996325,0.934059,1,0.921746,0.961634,0.947192,0.973147,0.905826,0.992926,0.81208,0.931296,0.99384,0.913187,0.943568,0.987535,0.896678,0.987012,0.994963,0.988224,0.800778,0.925877,0.996608,0.963295,0.919607,0.919983,0.828536,0.907351,0.931717,0.919709,0.846905,0.974122,0.915171,0.945311,0.853998,0.83862,0.950156,0.879511,0.969079,0.946889,0.818602,0.979137,0.95045,0.972874,0.997746,0.922666,0.952446,0.913879,0.954657,0.880081,0.988527,0.993599,0.926901,0.926707,0.985656,0.991913,0.843073,0.994542,0.909012,0.988558,0.990459,0.935146,0.967074,0.991339,0.908001,0.915644,0.897362,0.987902,0.985946,0.929766,0.900459,0.988125,0.988965,0.981068,0.930118,0.977424,0.919089,0.963373,0.985181,0.889715
0.923982,0.956873,0.894603,0.856254,0.891911,0.859814,0.992398,0.905902,0.889022,0.966182,0.922301,0.825623,0.954419,0.904917,0.864453,0.91705,0.6996903,0.874083,0.926501,0.877569,0.862531,0.924338,0.871564,0.921746,1,0.912678,0.874995,0.895888,0.844102,0.914267,0.884188,0.990627,0.929599,0.835633,0.91074,0.919153,0.963769,0.911063,0.918707,0.913568,0.739428,0.997569,0.926235,0.880381,0.943235,0.895422,0.791517,0.87225,0.917034,0.971332,0.930489,0.918904,0.851665,0.876318,0.911805,0.909411,0.876146,0.893051,0.906308,0.899259,0.82479,0.902011,0.889359,0.910174,0.91796,0.846729,0.910564,0.82105,0.886395,0.919043,0.899062,0.92312,0.978352,0.924814,0.910313,0.928425,0.89767,0.915451,0.988847,0.926486,0.919387,0.903465,0.873639,0.920104,0.933982,0.980396,0.918579,0.912309,0.92147,0.989792,0.841112,0.929014,0.927521,0.920466,0.991396,0.907776,0.942941,0.912533,0.919486,0.962208
0.880616,0.863549,0.856898,0.918448,0.885984,0.963407,0.91066,0.993381,0.852659,0.908509,0.888421,0.87135,0.860497,0.948075,0.868943,0.974442,0.830121,0.903229,0.9745,0.957335,0.906977,0.977011,0.888709,0.961634,0.912678,1,0.8871,0.971419,0.896024,0.932345,0.8074597,0.901606,0.977999,0.897338,0.910003,0.946388,0.87053,0.953384,0.950433,0.954017,0.774249,0.914295,0.975897,0.933039,0.900403,0.851408,0.82734,0.890966,0.959937,0.903452,0.827804,0.981843,0.90267,0.89215,0.885301,0.836204,0.95702,0.897724,0.93825,0.922235,0.837902,0.915375,0.933999,0.926119,0.9546,0.904808,0.971136,0.887645,0.939348,0.891255,0.92417,0.982715,0.914022,0.945007,0.967317,0.985363,0.868546,0.965426,0.906999,0.974783,0.981412,0.965728,0.907012,0.964083,0.903886,0.909261,0.925732,0.980344,0.970653,0.904434,0.872061,0.982069,0.958899,0.969751,0.909275,0.945091,0.896856,0.957175,0.974428,0.915444
0.87295,0.877674,0.813385,0.913222,0.947983,0.837027,0.868553,0.877516,0.837774,0.908142,0.952406,0.86067,0.886867,0.954337,0.930446,0.936111,0.721955,0.923876,0.941152,0.910377,0.926096,0.931995,0.856911,0.947192,0.874995,0.8871,1,0.934634,0.853136,0.956933,0.7814256,0.892844,0.926192,0.872717,0.95947,0.927843,0.884722,0.9615,0.961129,0.958874,0.79824,0.881722,0.935233,0.906464,0.92161,0.921621,0.778217,0.961149,0.849207,0.914746,0.846538,0.887388,0.867234,0.909466,0.834524,0.806372,0.921119,0.883493,0.934346,0.952503,0.873685,0.971659,0.945424,0.95852,0.955272,0.925002,0.868561,0.858056,0.927634,0.877831,0.955456,0.929722,0.899294,0.8436,0.9503,0.925077,0.832242,0.953734,0.851554,0.912959,0.920302,0.85286,0.932649,0.955588,0.911782,0.858813,0.814032,0.937925,0.934962,0.878873,0.89009,0.914249,0.922408,0.902363,0.89331,0.892033,0.918474,0.880276,0.921668,0.859993
0.871691,0.855034,0.888028,0.903989,0.911644,0.945605,0.905749,0.965549,0.873277,0.917966,0.923818,0.92033,0.851528,0.97686,0.907175,0.987937,0.847171,0.951157,0.978031,0.953434,0.9624,0.977404,0.868775,0.973147,0.895888,0.971419,0.934634,1,0.891764,0.956425,0.842954,0.900759,0.966313,0.900356,0.953246,0.944046,0.862789,0.98645,0.97436,0.984939,0.789925,0.90485,0.973662,0.945255,0.910617,0.892623,0.795666,0.919584,0.903383,0.906505,0.803442,0.951356,0.914502,0.906226,0.901469,0.838152,0.979369,0.921688,0.956943,0.968175,0.878453,0.937856,0.98027,0.962882,0.976028,0.971053,0.931864,0.916724,0.967226,0.917771,0.958442,0.981861,0.921626,0.89804,0.994954,0.976934,0.899812,0.989235,0.880406,0.956838,0.975184,0.931038,0.949261,0.987099,0.926373,0.897079,0.855555,0.995557,0.972704,0.903274,0.909068,0.963439,0.946416,0.944728,0.909369,0.928633,0.919782,0.918184,0.96811,0.912195
0.819451,0.822015,0.783121,0.86257,0.84033,0.890287,0.845173,0.893216,0.778926,0.835493,0.838247,0.79271,0.856193,0.892903,0.8470453,0.919362,0.784804,0.876374,0.904552,0.851226,0.882917,0.904155,0.920677,0.905826,0.844102,0.896024,0.853136,0.891764,1,0.8979,0.773343,0.832505,0.910049,0.874217,0.855041,0.88566,0.808417,0.89342,0.905288,0.903456,0.857756,0.843464,0.902759,0.842378,0.828176,0.828086,0.836941,0.818865,0.837365,0.819421,0.805907,0.908273,0.822533,0.928247,0.803604,0.758554,0.910304,0.838703,0.875364,0.863177,0.75403,0.907514,0.873641,0.873469,0.910222,0.845522,0.874856,0.920033,0.954196,0.845239,0.882062,0.913723,0.848259,0.841536,0.902924,0.906912,0.776107,0.902183,0.837221,0.896379,0.901522,0.865819,0.875426,0.906426,0.852153,0.829855,0.808281,0.902384,0.882718,0.838015,0.824848,0.899993,0.915445,0.888178,0.83888,0.903593,0.832523,0.906256,0.877626,0.784809
0.899947,0.901618,0.827141,0.898557,0.954253,0.883668,0.906168,0.923413,0.83832,0.917201,0.956896,0.868679,0.896333,0.964514,0.974002,0.978329,0.781368,0.915383,0.986205,0.91681,0.922584,0.980306,0.934126,0.992926,0.914267,0.932345,0.956933,0.956425,0.8979,1,0.807731,0.923785,0.977993,0.890469,0.953228,0.98329,0.904515,0.986019,0.996456,0.987593,0.831614,0.915863,0.981996,0.949675,0.929967,0.938259,0.815229,0.914945,0.905807,0.919766,0.858101,0.951958,0.914285,0.954139,0.841817,0.834053,0.931969,0.881654,0.976095,0.953233,0.819747,0.988214,0.9518,0.983538,0.995327,0.919775,0.923318,0.896758,0.95262,0.87424,0.993327,0.975798,0.916416,0.900457,0.977192,0.974513,0.816615,0.986764,0.898994,0.971078,0.969073,0.901255,0.97094,0.987147,0.908261,0.901193,0.877587,0.969935,0.977881,0.920063,0.917681,0.971488,0.982829,0.961399,0.922359,0.964235,0.923648,0.943539,0.97129,0.87026
0.82293,0.914956,0.979371,0.7424347,0.859613,0.817032,0.8712018,0.812166,0.912708,0.8679906,0.823465,0.878634,0.87979,0.8028899,0.799095,0.820658,0.785945,0.824002,0.812564,0.833836,0.84157,0.8129727,0.788284,0.81208,0.884188,0.8074597,0.7814256,0.842954,0.773343,0.807731,1,0.878683,0.819488,0.813744,0.825537,0.809598,0.908768,0.8087532,0.810893,0.8086937,0.75627,0.883385,0.813125,0.831731,0.8322588,0.8458,0.7874,0.7724609,0.784627,0.868208,0.867676,0.8007,0.859411,0.772232,0.923708,0.884089,0.816481,0.84358,0.789255,0.826648,0.863492,0.812367,0.832073,0.798852,0.813249,0.880958,0.7941679,0.768329,0.801594,0.889008,0.814005,0.8146037,0.8820519,0.795614,0.818077,0.8106215,0.964746,0.8149614,0.862264,0.810662,0.8153721,0.807349,0.839026,0.8107471,0.863794,0.855574,0.790954,0.826434,0.7915442,0.87607,0.863653,0.807201,0.82198,0.807282,0.878937,0.805905,0.859125,0.822145,0.7988543,0.89613
0.903918,0.957146,0.906496,0.852869,0.889678,0.847961,0.988606,0.901081,0.883659,0.967553,0.930799,0.814384,0.947545,0.898852,0.889546,0.918908,0.7221551,0.871631,0.927543,0.896858,0.866183,0.931562,0.8684,0.931296,0.990627,0.901606,0.892844,0.900759,0.832505,0.923785,0.878683,1,0.932506,0.859188,0.917673,0.926168,0.958054,0.917339,0.92477,0.918025,0.744765,0.994779,0.932774,0.901418,0.939185,0.916204,0.798431,0.86808,0.910461,0.972108,0.909114,0.913561,0.856361,0.870301,0.906384,0.912636,0.875761,0.882051,0.902758,0.90187,0.818152,0.910962,0.889587,0.912685,0.926303,0.860028,0.913243,0.838539,0.879248,0.919424,0.917546,0.926452,0.984046,0.92543,0.913644,0.927502,0.907286,0.923246,0.977086,0.930414,0.927214,0.907193,0.894102,0.922187,0.932235,0.980178,0.905838,0.918393,0.919266,0.996251,0.840059,0.926242,0.924838,0.927249,0.995245,0.917087,0.945862,0.914103,0.921025,0.958348
0.882191,0.899725,0.8469,0.923854,0.918847,0.926273,0.924055,0.975613,0.835958,0.918864,0.921399,0.843136,0.894792,0.949016,0.930674,0.986918,0.7809767,0.893209,0.993524,0.959375,0.900681,0.997894,0.939776,0.99384,0.929599,0.977999,0.926192,0.966313,0.910049,0.977993,0.819488,0.932506,1,0.917735,0.924739,0.986992,0.900552,0.972368,0.982074,0.974281,0.787247,0.931926,0.99855,0.957303,0.911103,0.897456,0.848737,0.891276,0.958287,0.919304,0.855777,0.987814,0.916401,0.934156,0.856415,0.843943,0.945407,0.871206,0.953218,0.928152,0.806327,0.965551,0.933109,0.954294,0.986835,0.900293,0.974822,0.904388,0.944972,0.878408,0.969451,0.996716,0.92769,0.951354,0.975763,0.997464,0.844216,0.984891,0.918601,0.99804,0.996508,0.958019,0.945547,0.9813,0.902132,0.923167,0.925603,0.985201,0.982266,0.932036,0.889155,0.996133,0.992666,0.99398,0.932186,0.984584,0.910951,0.982459,0.985867,0.895788
0.773909,0.811666,0.833824,0.842944,0.819319,0.834009,0.832347,0.901451,0.744666,0.839138,0.843501,0.772738,0.803827,0.860165,0.854942,0.901022,0.812753,0.795101,0.916055,0.957543,0.811315,0.922495,0.842107,0.913187,0.835633,0.897338,0.872717,0.900356,0.874217,0.890469,0.813744,0.859188,0.917735,1,0.845742,0.912483,0.80146,0.896546,0.89652,0.889688,0.8013749,0.843796,0.923268,0.960069,0.825435,0.819163,0.834237,0.820533,0.893146,0.843475,0.764674,0.894226,0.825423,0.824457,0.779837,0.763741,0.858907,0.778872,0.866714,0.851582,0.75963,0.877825,0.857429,0.87199,0.900724,0.855069,0.901334,0.893303,0.840261,0.789583,0.898766,0.916173,0.845305,0.880032,0.897229,0.917242,0.846178,0.909483,0.818764,0.921209,0.92496,0.891443,0.884897,0.897939,0.814142,0.844531,0.850491,0.913826,0.916052,0.852074,0.7968141,0.915809,0.894693,0.920006,0.850818,0.881812,0.829537,0.900405,0.928213,0.85574
0.943243,0.88901,0.879562,0.860203,0.947184,0.863553,0.91266,0.90137,0.897007,0.969056,0.987981,0.919734,0.907494,0.983321,0.927659,0.950453,0.751079,0.977092,0.944632,0.89059,0.97357,0.934444,0.837694,0.943568,0.91074,0.910003,0.95947,0.953246,0.855041,0.953228,0.825537,0.917673,0.924739,0.845742,1,0.911831,0.914224,0.9759,0.96459,0.974904,0.767607,0.914731,0.932497,0.902885,0.979128,0.965068,0.739385,0.954367,0.857453,0.961097,0.855917,0.903197,0.85305,0.905303,0.911426,0.813439,0.931758,0.964767,0.965639,0.996035,0.909488,0.938859,0.986193,0.982967,0.957144,0.964102,0.881134,0.868801,0.95415,0.94971,0.955151,0.936263,0.951113,0.857266,0.966937,0.931714,0.877736,0.961334,0.881945,0.912868,0.925564,0.874208,0.945682,0.96782,0.980638,0.889408,0.821059,0.94861,0.941151,0.911887,0.88429,0.919956,0.913939,0.899959,0.934589,0.889277,0.981574,0.877011,0.927065,0.911632
0.870995,0.916677,0.813698,0.898637,0.93719,0.912909,0.902858,0.939294,0.840479,0.899648,0.925525,0.850269,0.889363,0.932772,0.942182,0.965033,0.806828,0.876325,0.983321,0.934425,0.878429,0.984006,0.938014,0.987535,0.919153,0.946388,0.927843,0.944046,0.88566,0.98329,0.809598,0.926168,0.986992,0.912483,0.911831,1,0.914677,0.962422,0.976934,0.962121,0.83718,0.919524,0.988588,0.956957,0.901682,0.890542,0.872231,0.882334,0.942276,0.914249,0.864036,0.960668,0.945225,0.925381,0.839216,0.865621,0.914631,0.843587,0.945887,0.912815,0.791374,0.970782,0.914829,0.952855,0.978831,0.881297,0.946325,0.888489,0.920059,0.858909,0.968473,0.977324,0.905177,0.927376,0.958375,0.981101,0.815408,0.971902,0.903418,0.987747,0.97644,0.91999,0.935416,0.968623,0.874516,0.904421,0.917718,0.964019,0.978414,0.91899,0.924682,0.982346,0.991193,0.982575,0.919673,0.976502,0.893125,0.962875,0.978742,0.879579
0.934744,0.990578,0.879587,0.821138,0.941318,0.845835,0.936329,0.856659,0.932453,0.952622,0.944948,0.87815,0.968197,0.891784,0.86293,0.876254,0.7439,0.887211,0.8953,0.833573,0.863334,0.891069,0.862672,0.896678,0.963769,0.87053,0.884722,0.862789,0.808417,0.904515,0.908768,0.958054,0.900552,0.80146,0.914224,0.914677,1,0.887938,0.898425,0.88815,0.792722,0.958121,0.89882,0.842945,0.949678,0.899062,0.81802,0.880343,0.872994,0.976513,0.955,0.872692,0.89131,0.864494,0.918222,0.921758,0.845034,0.894041,0.884528,0.893037,0.859053,0.903462,0.873281,0.899436,0.893401,0.844917,0.864426,0.798333,0.863487,0.926951,0.878301,0.886972,0.951688,0.863887,0.878714,0.892625,0.879418,0.884617,0.932736,0.897448,0.880703,0.840962,0.840618,0.891382,0.927204,0.911906,0.877596,0.875629,0.893677,0.940228,0.895471,0.893244,0.912586,0.892057,0.961171,0.888836,0.935728,0.881984,0.885362,0.929498
0.907711,0.874913,0.862546,0.901698,0.945597,0.90111,0.912607,0.943515,0.85329,0.933255,0.962596,0.901476,0.879831,0.989448,0.948532,0.989239,0.785102,0.95104,0.987867,0.934583,0.958061,0.981019,0.887327,0.987012,0.911063,0.953384,0.9615,0.98645,0.89342,0.986019,0.8087532,0.917339,0.972368,0.896546,0.9759,0.962422,0.887938,1,0.995404,0.999284,0.788355,0.916418,0.979707,0.951717,0.94155,0.933548,0.785795,0.939695,0.901394,0.927986,0.833623,0.949397,0.895543,0.933037,0.874772,0.820655,0.961212,0.921791,0.982192,0.982991,0.866809,0.968256,0.985346,0.991385,0.993297,0.961148,0.924399,0.906347,0.971106,0.905156,0.985126,0.981744,0.929019,0.89596,0.997156,0.97829,0.863104,0.99685,0.892713,0.962688,0.972698,0.91328,0.970162,0.998197,0.93658,0.903562,0.86138,0.988473,0.982874,0.916591,0.904655,0.968177,0.962859,0.94972,0.92377,0.939741,0.941487,0.925155,0.973716,0.901957
0.90633,0.891066,0.847895,0.909399,0.950543,0.895021,0.915189,0.941287,0.843343,0.927985,0.958158,0.879025,0.893171,0.979898,0.963583,0.989964,0.7687399,0.932418,0.992904,0.930731,0.940504,0.98632,0.920393,0.994963,0.918707,0.950433,0.961129,0.97436,0.905288,0.996456,0.810893,0.92477,0.982074,0.89652,0.96459,0.976934,0.898425,0.995404,1,0.996628,0.805844,0.921247,0.986376,0.953331,0.937516,0.936921,0.803809,0.928519,0.911413,0.925693,0.850659,0.960347,0.904065,0.95076,0.858421,0.827236,0.951886,0.902325,0.982673,0.968114,0.84045,0.983439,0.969433,0.988963,0.998867,0.938929,0.931582,0.906473,0.967283,0.889433,0.992466,0.984979,0.926779,0.905694,0.990596,0.983052,0.840211,0.995786,0.903671,0.973393,0.977196,0.914967,0.974071,0.996793,0.92476,0.908381,0.877092,0.983752,0.98515,0.923367,0.90773,0.977435,0.97979,0.962341,0.92744,0.958623,0.934215,0.943893,0.978137,0.887929
0.909733,0.87549,0.861557,0.904155,0.944003,0.903705,0.915806,0.945273,0.853422,0.934004,0.960606,0.898177,0.884301,0.989256,0.951253,0.991742,0.78179,0.952019,0.988594,0.930458,0.959383,0.981926,0.897976,0.988224,0.913568,0.954017,0.958874,0.984939,0.903456,0.987593,0.8086937,0.918025,0.974281,0.889688,0.974904,0.962121,0.88815,0.999284,0.996628,1,0.787246,0.91799,0.980122,0.946842,0.941408,0.936563,0.781925,0.936176,0.901722,0.926391,0.837534,0.954371,0.893311,0.941888,0.874924,0.819069,0.962417,0.923018,0.983102,0.981768,0.8625,0.970669,0.984511,0.991474,0.995006,0.958069,0.926763,0.909687,0.976457,0.906478,0.986195,0.983221,0.930656,0.898378,0.996991,0.979587,0.858564,0.996922,0.896713,0.964174,0.973832,0.915654,0.972235,0.99885,0.9384,0.905921,0.862179,0.98809,0.981311,0.918966,0.901819,0.970096,0.966474,0.951388,0.925266,0.944805,0.942591,0.93016,0.972387,0.896709
0.738395,0.827056,0.693961,0.713617,0.846477,0.806832,0.708123,0.747655,0.7553675,0.721888,0.786295,0.824204,0.810521,0.810527,0.8489948,0.775513,0.878293,0.806604,0.790927,0.727464,0.795622,0.776168,0.910367,0.800778,0.739428,0.774249,0.79824,0.789925,0.857756,0.831614,0.75627,0.744765,0.787247,0.8013749,0.767607,0.83718,0.792722,0.788355,0.805844,0.787246,1,0.732412,0.788166,0.789936,0.743686,0.7805703,0.881029,0.751898,0.720845,0.743294,0.795607,0.755362,0.904986,0.889496,0.7243827,0.791064,0.795063,0.765783,0.780173,0.77999,0.722537,0.855011,0.784459,0.786447,0.799719,0.765815,0.719034,0.795009,0.832768,0.7517715,0.814303,0.774086,0.717729,0.700094,0.789231,0.773252,0.743398,0.781437,0.718788,0.781308,0.758917,0.701791,0.7981441,0.788558,0.743269,0.698523,0.722466,0.778644,0.788537,0.724099,0.917243,0.775321,0.829249,0.774202,0.727269,0.801203,0.7189927,0.782834,0.777293,0.72702
0.912776,0.953107,0.901135,0.85522,0.890299,0.861787,0.994907,0.90984,0.88603,0.96584,0.924382,0.825529,0.950518,0.906446,0.866238,0.920422,0.7103185,0.879279,0.927161,0.889001,0.869511,0.929226,0.865518,0.925877,0.997569,0.914295,0.881722,0.90485,0.843464,0.915863,0.883385,0.994779,0.931926,0.843796,0.914731,0.919524,0.958121,0.916418,0.921247,0.91799,0.732412,1,0.930604,0.88487,0.937571,0.896258,0.789373,0.871346,0.917201,0.970094,0.915649,0.916702,0.853589,0.874438,0.912635,0.914409,0.883515,0.89139,0.902347,0.903344,0.824248,0.903198,0.893596,0.90999,0.922077,0.857857,0.916526,0.831266,0.889884,0.923475,0.90344,0.927933,0.982414,0.931243,0.916436,0.930045,0.910325,0.921211,0.986685,0.928462,0.925147,0.912892,0.87793,0.923443,0.934101,0.985315,0.915999,0.920015,0.91977,0.993914,0.840002,0.927219,0.925469,0.923446,0.993038,0.912062,0.941715,0.91328,0.918313,0.966175
0.881428,0.897141,0.850031,0.921571,0.924396,0.922558,0.921912,0.97162,0.837411,0.919752,0.929006,0.852501,0.889877,0.955053,0.934967,0.9886,0.7876311,0.900008,0.995358,0.962654,0.908244,0.999202,0.929032,0.996608,0.926235,0.975897,0.935233,0.973662,0.902759,0.981996,0.813125,0.932774,0.99855,0.923268,0.932497,0.988588,0.89882,0.979707,0.986376,0.980122,0.788166,0.930604,1,0.96421,0.913454,0.900305,0.844483,0.899676,0.951001,0.921519,0.847979,0.981284,0.918778,0.931505,0.85847,0.844941,0.949443,0.874665,0.957962,0.936804,0.815044,0.967658,0.941531,0.960755,0.990507,0.912841,0.968356,0.908909,0.946168,0.880593,0.974912,0.997346,0.928049,0.943372,0.981965,0.997095,0.851623,0.990254,0.913229,0.995853,0.996407,0.951811,0.950366,0.986016,0.903553,0.920524,0.916417,0.989852,0.986321,0.930789,0.894688,0.993718,0.989777,0.990402,0.931681,0.98032,0.912943,0.973184,0.988339,0.901482
0.837002,0.842074,0.869867,0.873893,0.870859,0.857782,0.879357,0.931102,0.78763,0.889818,0.897179,0.816897,0.820363,0.917266,0.93389,0.953852,0.836494,0.845672,0.966844,0.959055,0.866176,0.965467,0.860061,0.963295,0.880381,0.933039,0.906464,0.945255,0.842378,0.949675,0.831731,0.901418,0.957303,0.960069,0.902885,0.956957,0.842945,0.951717,0.953331,0.946842,0.789936,0.88487,0.96421,1,0.886641,0.892953,0.816213,0.869092,0.917131,0.889332,0.787825,0.9397,0.860082,0.853667,0.82092,0.793899,0.903477,0.836035,0.938858,0.910255,0.799272,0.921889,0.91668,0.938254,0.955193,0.903313,0.92344,0.885713,0.881362,0.826957,0.961826,0.957592,0.890034,0.901176,0.949287,0.960861,0.853109,0.961432,0.865868,0.958973,0.963234,0.911473,0.955719,0.952844,0.866329,0.88618,0.874951,0.957685,0.96923,0.898755,0.8368,0.96202,0.937737,0.952658,0.897517,0.921582,0.888691,0.922313,0.97797,0.887428
0.980303,0.923342,0.882139,0.851668,0.936047,0.840936,0.931975,0.886841,0.91106,0.985389,0.981246,0.894909,0.935149,0.955553,0.902825,0.921509,0.697795,0.942096,0.927187,0.863214,0.931121,0.91286,0.835154,0.919607,0.943235,0.900403,0.92161,0.910617,0.828176,0.929967,0.8322588,0.939185,0.911103,0.825435,0.979128,0.901682,0.949678,0.94155,0.937516,0.941408,0.743686,0.937571,0.913454,0.886641,1,0.958535,0.743226,0.944542,0.871461,0.984759,0.909159,0.901852,0.830655,0.88129,0.923516,0.827977,0.889897,0.963897,0.958301,0.967178,0.904053,0.912987,0.949998,0.960222,0.927804,0.913479,0.873622,0.827214,0.912943,0.944302,0.924932,0.912148,0.964248,0.859823,0.929717,0.916199,0.868321,0.92815,0.915728,0.903156,0.904332,0.860492,0.910355,0.937776,0.981721,0.90406,0.853854,0.914485,0.93184,0.929894,0.856645,0.915476,0.906322,0.892222,0.957052,0.875952,0.988325,0.874455,0.921839,0.935178
