0,1,2,3,4,5,6,7,8,9,10,11,12,13,14,15,16,17,18,19,20,21,22,23,24,25,26,27,28,29,30,31,32,33,34,35,36,37,38,39,40,41,42,43,44,45,46,47,48,49,50,51,52,53,54,55,56,57,58,59,60,61,62,63,64,65,66,67,68,69,70,71,72,73,74,75,76,77,78,79,80,81,82,83,84,85,86,87,88,89,90,91,92,93,94,95,96,97,98,99
1.0,0.831266,0.900005,0.84972,0.83177,0.851568,0.891799,0.86521,0.895164,0.932159,0.906158,0.907658,0.820922,0.811812,0.863155,0.796988,0.866043,0.8563,0.8004014,0.834834,0.819925,0.884008,0.848331,0.862356,0.82275,0.836063,0.831598,0.873875,0.823537,0.895595,0.932489,0.804727,0.882822,0.880014,0.838896,0.923786,0.834083,0.847353,0.937846,0.860991,0.851716,0.940556,0.845941,0.852893,0.817015,0.905925,0.814326,0.812203,0.848061,0.772033,0.891502,0.91696,0.865033,0.82984,0.820736,0.893722,0.865953,0.861695,0.832291,0.833638,0.90884,0.83496,0.86083,0.829091,0.822031,0.849085,0.896652,0.818641,0.828275,0.8123186,0.7846523,0.7948083,0.803551,0.972031,0.830628,0.894567,0.79629,0.85786,0.889158,0.824597,0.834402,0.850598,0.872962,0.873209,0.8142299,0.860872,0.853837,0.894705,0.816461,0.858358,0.858913,0.806571,0.887674,0.867239,0.946366,0.86234,0.859295,0.867762,0.916689,0.835402
0.831266,1.0,0.921677,0.881878,0.886551,0.893348,0.837361,0.872929,0.869174,0.915258,0.863858,0.912681,0.949761,0.843247,0.822565,0.891721,0.949386,0.924233,0.893151,0.93647,0.858703,0.966249,0.92069,0.926757,0.86516,0.926106,0.878007,0.863917,0.907874,0.8036193,0.832894,0.90258,0.840771,0.918675,0.867414,0.895873,0.88767,0.881054,0.841236,0.882005,0.799452,0.843381,0.876335,0.820561,0.730349,0.785748,0.817192,0.830085,0.910492,0.870704,0.840501,0.917251,0.791892,0.920011,0.995879,0.883512,0.928098,0.894459,0.957077,0.789469,0.873832,0.978383,0.898638,0.906426,0.960572,0.900474,0.869885,0.915237,0.889655,0.925627,0.949613,0.950886,0.968986,0.885944,0.905329,0.848609,0.871578,0.836989,0.864887,0.810701,0.868606,0.882744,0.830761,0.850146,0.942403,0.815118,0.864059,0.829694,0.995366,0.87621,0.867753,0.960433,0.794655,0.900403,0.880355,0.816822,0.817798,0.88939,0.821504,0.849931
0.900005,0.921677,1.0,0.863601,0.86167,0.967201,0.915912,0.822988,0.946369,0.990386,0.922992,0.967322,0.880495,0.830351,0.861771,0.807982,0.865764,0.846716,0.868607,0.856261,0.834586,0.888451,0.857586,0.869322,0.81235,0.937881,0.854898,0.912552,0.856566,0.7691204,0.89611,0.842654,0.894788,0.848293,0.835859,0.969351,0.867514,0.840451,0.914244,0.83366,0.810513,0.887388,0.827694,0.828799,0.695792,0.758331,0.788736,0.817467,0.830948,0.81002,0.914558,0.979075,0.867079,0.890719,0.916606,0.956999,0.896632,0.972052,0.9559,0.79291,0.927897,0.898031,0.97156,0.844215,0.87521,0.831893,0.948907,0.856206,0.822561,0.866981,0.894844,0.878771,0.886316,0.958574,0.844861,0.919916,0.801488,0.879199,0.926659,0.818156,0.818451,0.83883,0.874464,0.896692,0.887179,0.828678,0.807328,0.861099,0.91317,0.830609,0.932695,0.885385,0.857211,0.951035,0.954966,0.830639,0.785274,0.83303,0.864527,0.892717
0.84972,0.881878,0.863601,1.0,0.937667,0.826886,0.810054,0.940437,0.853121,0.881455,0.84475,0.837104,0.868736,0.884576,0.856924,0.854721,0.882513,0.856494,0.929252,0.847586,0.894143,0.870443,0.908699,0.908043,0.941309,0.792758,0.921543,0.778087,0.870215,0.889309,0.844179,0.906249,0.881395,0.887267,0.892012,0.86012,0.919781,0.895972,0.844161,0.915378,0.901189,0.8593,0.880509,0.900299,0.861026,0.893744,0.854681,0.952429,0.852256,0.7502813,0.851889,0.849134,0.805449,0.954014,0.878708,0.855608,0.966857,0.851993,0.818703,0.860692,0.844083,0.866357,0.831477,0.801979,0.88953,0.885757,0.8226,0.862974,0.857435,0.868078,0.795921,0.811279,0.877889,0.883582,0.859894,0.816763,0.902763,0.87488,0.855167,0.893083,0.889155,0.888623,0.845305,0.86145,0.904892,0.897113,0.890119,0.933358,0.872642,0.893051,0.841531,0.871895,0.778247,0.789676,0.850089,0.898783,0.912732,0.882334,0.881206,0.812987
0.83177,0.886551,0.86167,0.937667,1.0,0.812612,0.894161,0.894787,0.821627,0.858434,0.902387,0.839719,0.950414,0.970275,0.929431,0.85341,0.860875,0.940192,0.982772,0.938484,0.977992,0.833275,0.960445,0.892179,0.897131,0.871269,0.99624,0.860944,0.965418,0.941463,0.895661,0.913167,0.896797,0.920251,0.976344,0.829556,0.979069,0.978776,0.84727,0.929084,0.932101,0.87437,0.949686,0.965878,0.861061,0.92886,0.927832,0.939408,0.902055,0.837238,0.863965,0.83103,0.852192,0.988009,0.903618,0.832649,0.934344,0.855591,0.863622,0.935942,0.806957,0.920275,0.895931,0.860718,0.873936,0.904431,0.895884,0.959034,0.920461,0.960556,0.886789,0.903217,0.908507,0.837998,0.95321,0.897023,0.864256,0.911791,0.921805,0.949966,0.926466,0.969018,0.91387,0.925014,0.977118,0.958431,0.932354,0.860263,0.906566,0.954759,0.853151,0.946739,0.84196,0.863601,0.875374,0.959383,0.94508,0.947541,0.895363,0.798552
0.851568,0.893348,0.967201,0.826886,0.812612,1.0,0.860052,0.79588,0.963141,0.942849,0.85597,0.929077,0.820485,0.76212,0.800768,0.784325,0.849744,0.814186,0.812234,0.822047,0.769383,0.859143,0.810381,0.875744,0.783696,0.88598,0.809871,0.888183,0.794593,0.738395,0.883223,0.826691,0.865382,0.835711,0.786043,0.945698,0.80151,0.808933,0.890318,0.813651,0.778182,0.818067,0.790594,0.781571,0.644366,0.730619,0.704881,0.786438,0.800333,0.749711,0.876499,0.949038,0.818796,0.838801,0.880207,0.954117,0.873293,0.989427,0.901391,0.721122,0.903731,0.841494,0.92466,0.809948,0.852726,0.805307,0.883284,0.797129,0.787519,0.809397,0.846725,0.821559,0.847048,0.922283,0.795931,0.847511,0.774732,0.828296,0.886935,0.780666,0.787866,0.800199,0.804088,0.830678,0.836334,0.786376,0.771226,0.822955,0.881342,0.797812,0.904515,0.839319,0.838476,0.886766,0.887967,0.788371,0.74672,0.826144,0.839524,0.863453
0.891799,0.837361,0.915912,0.810054,0.894161,0.860052,1.0,0.844344,0.891739,0.905665,0.96116,0.890733,0.90949,0.91544,0.960777,0.881602,0.846233,0.906852,0.877351,0.907461,0.906495,0.803704,0.871715,0.847588,0.808103,0.931411,0.906197,0.955968,0.924807,0.854361,0.958892,0.827136,0.911453,0.887788,0.92274,0.910794,0.894874,0.904476,0.924144,0.89652,0.919688,0.898281,0.921803,0.925362,0.741668,0.827163,0.887654,0.824476,0.904709,0.893352,0.905211,0.895074,0.984478,0.879953,0.851735,0.904045,0.831412,0.8955,0.901246,0.896085,0.911427,0.880688,0.963474,0.902111,0.799825,0.900053,0.980244,0.92147,0.916865,0.920008,0.903355,0.900805,0.844988,0.897626,0.926256,0.984199,0.870723,0.902974,0.96095,0.863849,0.91234,0.923338,0.950458,0.960169,0.907361,0.928194,0.849152,0.876845,0.858288,0.917926,0.895478,0.892711,0.925305,0.949872,0.940579,0.928222,0.829374,0.884136,0.951533,0.928111
0.86521,0.872929,0.822988,0.940437,0.894787,0.79588,0.844344,1.0,0.870044,0.849105,0.813649,0.828043,0.88272,0.884636,0.847023,0.935553,0.946236,0.900811,0.870493,0.886999,0.891887,0.901783,0.895353,0.946573,0.97204,0.798623,0.897661,0.831298,0.901759,0.911235,0.855407,0.916207,0.848252,0.943691,0.922657,0.879407,0.879705,0.908911,0.851962,0.975973,0.915514,0.808587,0.947078,0.888588,0.850992,0.911259,0.856829,0.913627,0.937852,0.84725,0.844543,0.852079,0.863555,0.903703,0.864044,0.871685,0.941611,0.810778,0.79945,0.858899,0.893813,0.867639,0.808462,0.89155,0.874722,0.964072,0.815457,0.899855,0.941237,0.895372,0.833551,0.845727,0.860006,0.8925,0.917597,0.815674,0.961074,0.792523,0.822185,0.81798,0.961765,0.93462,0.814576,0.82516,0.898809,0.888504,0.906642,0.92834,0.864907,0.952925,0.831336,0.863841,0.834379,0.78827,0.817326,0.886214,0.901946,0.904076,0.899792,0.87496
0.895164,0.869174,0.946369,0.853121,0.821627,0.963141,0.891739,0.870044,1.0,0.943207,0.894002,0.937224,0.835827,0.798865,0.843592,0.838037,0.892367,0.820192,0.801013,0.821059,0.793789,0.845419,0.791206,0.89683,0.843264,0.863679,0.815864,0.880037,0.822852,0.780377,0.882778,0.821913,0.877678,0.857035,0.819134,0.983942,0.828692,0.807331,0.893026,0.86837,0.8371,0.860183,0.835476,0.817145,0.687707,0.777704,0.748308,0.814923,0.843992,0.782706,0.887363,0.969342,0.874886,0.846081,0.853604,0.995004,0.887637,0.964576,0.872311,0.760489,0.952167,0.848604,0.905484,0.833666,0.792666,0.860197,0.90507,0.827908,0.836633,0.835697,0.843759,0.828425,0.802493,0.959083,0.829057,0.880934,0.838126,0.803078,0.870096,0.755295,0.844324,0.831963,0.848787,0.864998,0.842332,0.824996,0.804028,0.912131,0.860705,0.841677,0.894717,0.813867,0.851706,0.892838,0.919597,0.825457,0.758573,0.80679,0.89532,0.912825
0.932159,0.915258,0.990386,0.881455,0.858434,0.942849,0.905665,0.849105,0.943207,1.0,0.924778,0.97514,0.877507,0.826416,0.856562,0.810478,0.873199,0.838259,0.865494,0.843546,0.836285,0.903733,0.868432,0.862865,0.84555,0.931887,0.846477,0.901642,0.851483,0.7952542,0.890061,0.856422,0.90969,0.849109,0.828308,0.972349,0.869016,0.829013,0.91747,0.837341,0.807773,0.908549,0.822895,0.821511,0.738045,0.797252,0.797312,0.839671,0.830703,0.8036,0.937529,0.980556,0.860507,0.8925,0.912604,0.959037,0.896332,0.948666,0.954033,0.80632,0.940187,0.898357,0.963535,0.839791,0.885526,0.834527,0.948346,0.850856,0.816712,0.860301,0.882938,0.871646,0.891947,0.973783,0.836206,0.919332,0.81473,0.878414,0.916716,0.804582,0.816456,0.831174,0.874798,0.895016,0.882863,0.822384,0.825097,0.888828,0.904427,0.828217,0.945623,0.874735,0.863098,0.949201,0.96425,0.823337,0.814481,0.825911,0.866531,0.898057
0.906158,0.863858,0.922992,0.84475,0.902387,0.85597,0.96116,0.813649,0.894002,0.924778,1.0,0.922393,0.922645,0.923809,0.969651,0.823658,0.81631,0.869073,0.90082,0.878187,0.917334,0.81527,0.872678,0.817843,0.808006,0.896738,0.903334,0.895807,0.921258,0.840312,0.910405,0.841551,0.933766,0.828166,0.900022,0.899177,0.932408,0.879586,0.8515674,0.842835,0.895922,0.977292,0.882327,0.916806,0.764284,0.833075,0.906063,0.855774,0.852266,0.857978,0.900096,0.910066,0.938501,0.913817,0.874202,0.900316,0.87099,0.905938,0.888125,0.920347,0.839527,0.909635,0.943139,0.836655,0.812964,0.843696,0.983947,0.920261,0.87421,0.924126,0.886229,0.898476,0.85126,0.925564,0.903757,0.991629,0.815262,0.91775,0.956901,0.869224,0.863933,0.890829,0.988549,0.989571,0.918313,0.920062,0.8486,0.879379,0.880653,0.875849,0.888755,0.885484,0.871675,0.941045,0.985499,0.917845,0.838351,0.83596,0.914045,0.851128
0.907658,0.912681,0.967322,0.837104,0.839719,0.929077,0.890733,0.828043,0.937224,0.97514,0.922393,1.0,0.878048,0.819401,0.844445,0.799293,0.870662,0.827294,0.849683,0.8425,0.83771,0.902566,0.836769,0.843381,0.808917,0.938492,0.831931,0.911764,0.849433,0.76886,0.865881,0.81455,0.875947,0.832703,0.817103,0.962246,0.862252,0.819494,0.892298,0.817394,0.785306,0.909959,0.811485,0.800507,0.689953,0.785004,0.803884,0.797325,0.822348,0.830919,0.906668,0.984262,0.847889,0.873506,0.911797,0.956512,0.875634,0.932165,0.949614,0.801519,0.922542,0.903536,0.956923,0.840018,0.852702,0.813738,0.948331,0.855821,0.810642,0.864041,0.908205,0.894662,0.874156,0.958783,0.835128,0.91257,0.775705,0.838321,0.901621,0.776304,0.799477,0.820029,0.873609,0.883486,0.874774,0.804183,0.790676,0.852631,0.909506,0.813311,0.926408,0.858909,0.889342,0.962515,0.955003,0.801211,0.775856,0.796992,0.83765,0.891985
0.820922,0.949761,0.880495,0.868736,0.950414,0.820485,0.90949,0.88272,0.835827,0.877507,0.922645,0.878048,1.0,0.946666,0.909436,0.916703,0.906236,0.968952,0.944913,0.976968,0.955174,0.894717,0.96018,0.894295,0.878329,0.922903,0.951519,0.88646,0.990432,0.894508,0.869818,0.918736,0.873042,0.929543,0.960463,0.852138,0.960116,0.952719,0.820874,0.922195,0.879445,0.890065,0.957801,0.908445,0.808911,0.865769,0.935356,0.869876,0.949048,0.930666,0.857773,0.867514,0.87892,0.96084,0.963198,0.851842,0.913352,0.856803,0.924771,0.90393,0.823111,0.989515,0.910116,0.930062,0.912035,0.934741,0.923621,0.992764,0.958928,0.995482,0.965036,0.980886,0.950146,0.855721,0.98323,0.922971,0.897636,0.868175,0.905575,0.865635,0.939315,0.964264,0.912527,0.92,0.992292,0.900936,0.922951,0.824632,0.968928,0.950972,0.85496,0.981621,0.838664,0.913641,0.909242,0.90007,0.892725,0.930229,0.865207,0.837349
0.811812,0.843247,0.830351,0.884576,0.970275,0.76212,0.91544,0.884636,0.798865,0.826416,0.923809,0.819401,0.946666,1.0,0.958669,0.87729,0.833019,0.914863,0.960302,0.914835,0.991009,0.788672,0.912672,0.857117,0.855744,0.855202,0.979203,0.858678,0.973034,0.917119,0.872046,0.87107,0.864958,0.893503,0.98403,0.812031,0.987036,0.954946,0.816812,0.928004,0.960149,0.898431,0.960234,0.97842,0.835097,0.903354,0.975134,0.906622,0.90676,0.880031,0.826952,0.812023,0.903135,0.961974,0.860001,0.810691,0.901183,0.810876,0.83804,0.974867,0.797271,0.906757,0.875316,0.872454,0.812315,0.911842,0.90987,0.96426,0.937216,0.963381,0.882908,0.903366,0.853206,0.818351,0.958753,0.92597,0.889185,0.88126,0.894215,0.916783,0.94636,0.967401,0.949673,0.946963,0.955005,0.971126,0.894551,0.84846,0.869867,0.957905,0.812331,0.911176,0.8251,0.873966,0.888997,0.969866,0.910098,0.907487,0.906678,0.82329
0.863155,0.822565,0.861771,0.856924,0.929431,0.800768,0.960777,0.847023,0.843592,0.856562,0.969651,0.844445,0.909436,0.958669,1.0,0.858863,0.822552,0.893673,0.916331,0.8942,0.945898,0.777864,0.875162,0.831258,0.815246,0.869673,0.939967,0.889797,0.928634,0.871405,0.935244,0.830644,0.920622,0.872782,0.938406,0.849349,0.93811,0.915073,0.876624,0.892771,0.970336,0.938004,0.920796,0.978899,0.779178,0.863182,0.915304,0.881003,0.887056,0.861554,0.863443,0.839532,0.948124,0.912441,0.839412,0.849358,0.854709,0.856885,0.843517,0.960828,0.836131,0.876363,0.908786,0.864453,0.78956,0.885182,0.945873,0.923758,0.906802,0.922431,0.871782,0.883694,0.833386,0.862289,0.922748,0.968333,0.856488,0.933722,0.95097,0.922302,0.907832,0.926502,0.990371,0.992563,0.9131,0.982507,0.853393,0.904424,0.847374,0.918845,0.844706,0.882815,0.876629,0.892798,0.923364,0.981299,0.863583,0.877358,0.967963,0.853001
0.796988,0.891721,0.807982,0.854721,0.85341,0.784325,0.881602,0.935553,0.838037,0.810478,0.823658,0.799293,0.916703,0.87729,0.858863,1.0,0.960372,0.943839,0.830006,0.942017,0.873539,0.903833,0.878773,0.918752,0.913015,0.878286,0.869196,0.886858,0.926899,0.844399,0.855133,0.87839,0.811863,0.950485,0.919167,0.857981,0.843716,0.899385,0.84018,0.958693,0.890477,0.75779,0.957069,0.864759,0.785778,0.817271,0.882801,0.825722,0.984155,0.964044,0.814803,0.834711,0.905703,0.845504,0.891354,0.850644,0.858303,0.790817,0.857469,0.831331,0.903606,0.898282,0.832858,0.976794,0.874414,0.983766,0.840472,0.933586,0.981268,0.926958,0.92934,0.932215,0.887287,0.831877,0.953163,0.850036,0.986012,0.772234,0.826898,0.786023,0.97078,0.936964,0.833889,0.83451,0.899449,0.865535,0.879221,0.873276,0.8939,0.949302,0.81817,0.903302,0.834027,0.84933,0.788289,0.86338,0.82329,0.90093,0.888051,0.924002
0.866043,0.949386,0.865764,0.882513,0.860875,0.849744,0.846233,0.946236,0.892367,0.873199,0.81631,0.870662,0.906236,0.833019,0.822552,0.960372,1.0,0.945779,0.834554,0.936444,0.840499,0.967359,0.88286,0.97,0.900873,0.871843,0.863619,0.87133,0.896037,0.869796,0.86984,0.882958,0.815119,0.974786,0.893671,0.911941,0.842919,0.896238,0.873194,0.957798,0.86605,0.80632,0.932245,0.847147,0.744663,0.856136,0.792498,0.824178,0.971956,0.891285,0.818477,0.903696,0.841669,0.872406,0.933711,0.896289,0.924688,0.846976,0.880196,0.78273,0.923871,0.923197,0.83575,0.956304,0.903076,0.972189,0.822213,0.904002,0.947922,0.90209,0.911934,0.911172,0.903445,0.903122,0.924562,0.810473,0.940293,0.774351,0.826583,0.790673,0.940441,0.921002,0.79458,0.811788,0.901102,0.848947,0.876674,0.879472,0.935577,0.936447,0.829183,0.905056,0.834386,0.837584,0.836269,0.849832,0.820587,0.919224,0.888121,0.892465
0.8563,0.924233,0.846716,0.856494,0.940192,0.814186,0.906852,0.900811,0.820192,0.838259,0.869073,0.827294,0.968952,0.914863,0.893673,0.943839,0.945779,1.0,0.917605,0.997659,0.928526,0.921529,0.959388,0.937038,0.867701,0.924501,0.946765,0.908028,0.970602,0.915079,0.916493,0.898561,0.858816,0.98379,0.960587,0.846924,0.907533,0.972302,0.885371,0.955305,0.89547,0.818106,0.972238,0.91315,0.797399,0.889019,0.886042,0.845845,0.98127,0.925889,0.843281,0.836891,0.876193,0.920074,0.939636,0.830962,0.887024,0.836208,0.906152,0.869634,0.861461,0.948603,0.896595,0.964638,0.905705,0.966151,0.884353,0.973758,0.974726,0.970774,0.957234,0.964178,0.946327,0.848614,0.983473,0.883987,0.917169,0.866721,0.908567,0.884751,0.957166,0.976808,0.868237,0.88369,0.96947,0.909387,0.923442,0.828177,0.942543,0.971827,0.841432,0.979982,0.874738,0.879827,0.839678,0.910622,0.886814,0.979359,0.899423,0.856234
0.8004014,0.893151,0.868607,0.929252,0.982772,0.812234,0.877351,0.870493,0.801013,0.865494,0.90082,0.849683,0.944913,0.960302,0.916331,0.830006,0.834554,0.917605,1.0,0.920057,0.97796,0.844121,0.954529,0.862371,0.869908,0.863923,0.982555,0.832097,0.953077,0.897718,0.877,0.891437,0.883098,0.88867,0.958929,0.817915,0.976703,0.967158,0.844234,0.899942,0.908175,0.887809,0.926612,0.946041,0.864387,0.885402,0.918389,0.913908,0.875227,0.821081,0.833124,0.83008,0.834339,0.985324,0.908999,0.815406,0.936139,0.852549,0.86603,0.933907,0.778276,0.919787,0.893374,0.835106,0.89943,0.877187,0.891145,0.945551,0.8976,0.949657,0.874768,0.893206,0.914209,0.836045,0.934575,0.891514,0.839537,0.932103,0.917965,0.959261,0.902228,0.94617,0.908771,0.920048,0.968635,0.937535,0.899599,0.842895,0.912267,0.928484,0.833506,0.945034,0.830031,0.859866,0.881443,0.93799,0.921784,0.931202,0.866782,0.779509
0.834834,0.93647,0.856261,0.847586,0.938484,0.822047,0.907461,0.886999,0.821059,0.843546,0.878187,0.8425,0.976968,0.914835,0.8942,0.942017,0.936444,0.997659,0.920057,1.0,0.928814,0.909531,0.95795,0.92476,0.86123,0.936181,0.945024,0.91342,0.972333,0.89893,0.908091,0.896801,0.856559,0.973139,0.956157,0.842062,0.912519,0.967153,0.870699,0.944044,0.887228,0.827348,0.966188,0.907751,0.786475,0.870545,0.887076,0.840593,0.976039,0.932583,0.842977,0.841097,0.874762,0.924367,0.952955,0.834872,0.880654,0.847367,0.921409,0.868812,0.853675,0.961781,0.905223,0.964112,0.910583,0.957774,0.892456,0.976698,0.97138,0.97576,0.970129,0.975442,0.953845,0.833175,0.983163,0.889933,0.911548,0.867631,0.909923,0.878253,0.949866,0.971732,0.87404,0.889194,0.974336,0.903872,0.915246,0.819298,0.957451,0.963646,0.844389,0.985702,0.872235,0.893668,0.851394,0.904658,0.878181,0.970451,0.889409,0.858664
0.819925,0.858703,0.834586,0.894143,0.977992,0.769383,0.906495,0.891887,0.793789,0.836285,0.917334,0.83771,0.955174,0.991009,0.945898,0.873539,0.840499,0.928526,0.97796,0.928814,1.0,0.815173,0.938812,0.859778,0.867988,0.867741,0.985851,0.862997,0.976379,0.916891,0.881006,0.874314,0.868208,0.905171,0.985474,0.809813,0.985927,0.97079,0.833698,0.929734,0.946653,0.902564,0.962033,0.969449,0.856092,0.911337,0.964774,0.904434,0.910021,0.872315,0.834888,0.816785,0.886904,0.970999,0.879919,0.809645,0.906442,0.816474,0.849873,0.975334,0.794277,0.917293,0.88593,0.872353,0.847974,0.910966,0.90908,0.969258,0.937255,0.968193,0.889633,0.910454,0.882086,0.823073,0.962454,0.918685,0.880572,0.898799,0.904273,0.928691,0.943099,0.971711,0.937044,0.938062,0.967405,0.963537,0.899194,0.844701,0.887589,0.960544,0.818714,0.927057,0.8555,0.875746,0.886795,0.96115,0.927715,0.927375,0.896918,0.815351
0.884008,0.966249,0.888451,0.870443,0.833275,0.859143,0.803704,0.901783,0.845419,0.903733,0.81527,0.902566,0.894717,0.788672,0.777864,0.903833,0.967359,0.921529,0.844121,0.909531,0.815173,1.0,0.890349,0.92391,0.865268,0.886648,0.83007,0.853506,0.855444,0.852248,0.857744,0.866851,0.808573,0.944512,0.842635,0.895946,0.833106,0.868151,0.885396,0.900587,0.805078,0.834201,0.875092,0.799732,0.751081,0.849742,0.766274,0.798995,0.927452,0.84596,0.818686,0.910302,0.781669,0.86752,0.956459,0.865242,0.906084,0.841313,0.917793,0.757555,0.905562,0.933176,0.851335,0.923317,0.955054,0.917685,0.82179,0.862438,0.887632,0.867317,0.897726,0.899116,0.938339,0.901099,0.873021,0.797853,0.877948,0.799092,0.818526,0.789872,0.875437,0.869872,0.778141,0.795387,0.884074,0.801123,0.846858,0.845174,0.950017,0.882723,0.842686,0.904465,0.832653,0.859866,0.853399,0.803075,0.811561,0.912147,0.841301,0.862859
0.848331,0.92069,0.857586,0.908699,0.960445,0.810381,0.871715,0.895353,0.791206,0.868432,0.872678,0.836769,0.96018,0.912672,0.875162,0.878773,0.88286,0.959388,0.954529,0.95795,0.938812,0.890349,1.0,0.879902,0.923988,0.895827,0.952635,0.857062,0.954821,0.93544,0.879963,0.945034,0.901757,0.928602,0.940572,0.814666,0.930741,0.95749,0.849214,0.91023,0.859398,0.854415,0.931361,0.896469,0.901966,0.918273,0.892837,0.913854,0.917082,0.859693,0.891015,0.820777,0.827415,0.958266,0.943278,0.813102,0.897499,0.841143,0.899559,0.890296,0.811829,0.945334,0.895499,0.887845,0.950799,0.909688,0.88028,0.952323,0.918605,0.952786,0.9079,0.925749,0.972897,0.830995,0.946684,0.876435,0.890522,0.908283,0.908849,0.903345,0.909412,0.945805,0.863767,0.882841,0.975182,0.888664,0.959283,0.845804,0.936515,0.932654,0.873393,0.975911,0.839809,0.861637,0.862419,0.889484,0.959167,0.955851,0.852571,0.803557
0.862356,0.926757,0.869322,0.908043,0.892179,0.875744,0.847588,0.946573,0.89683,0.862865,0.817843,0.843381,0.894295,0.857117,0.831258,0.918752,0.97,0.937038,0.862371,0.92476,0.859778,0.92391,0.879902,1.0,0.88728,0.817561,0.898912,0.840429,0.898669,0.889517,0.885355,0.866394,0.795431,0.978156,0.915612,0.899961,0.868177,0.924422,0.877684,0.968534,0.88812,0.810414,0.940163,0.878427,0.747966,0.873802,0.8040859,0.832506,0.944892,0.831024,0.788763,0.879306,0.832776,0.89927,0.904999,0.884045,0.96417,0.879877,0.827422,0.795727,0.885048,0.895774,0.825577,0.905953,0.87796,0.960449,0.812484,0.898943,0.935902,0.899234,0.860353,0.86362,0.867528,0.900008,0.92239,0.805308,0.921164,0.789931,0.835843,0.826737,0.943899,0.938403,0.795411,0.816684,0.908479,0.876089,0.864629,0.867013,0.915211,0.948783,0.785263,0.898282,0.821001,0.794535,0.838507,0.879351,0.829416,0.948898,0.89713,0.841316
0.82275,0.86516,0.81235,0.941309,0.897131,0.783696,0.808103,0.97204,0.843264,0.84555,0.808006,0.808917,0.878329,0.855744,0.815246,0.913015,0.900873,0.867701,0.869908,0.86123,0.867988,0.865268,0.923988,0.88728,1.0,0.796666,0.881385,0.802278,0.880707,0.909609,0.806849,0.965234,0.890224,0.886239,0.883409,0.839646,0.877787,0.874183,0.789611,0.925616,0.864402,0.806364,0.900989,0.846595,0.919455,0.902936,0.863684,0.95554,0.891147,0.829239,0.895151,0.82097,0.836399,0.912095,0.869409,0.851144,0.906865,0.798485,0.811717,0.838759,0.857362,0.871948,0.808163,0.847779,0.892555,0.920145,0.80867,0.87893,0.900244,0.878392,0.81863,0.835417,0.888858,0.85355,0.882718,0.80036,0.954619,0.804099,0.821778,0.806223,0.919928,0.892259,0.797691,0.812855,0.899775,0.844056,0.948686,0.919542,0.860281,0.90373,0.877112,0.869291,0.77935,0.784223,0.813457,0.841311,0.946573,0.861223,0.844914,0.852009
0.836063,0.926106,0.937881,0.792758,0.871269,0.88598,0.931411,0.798623,0.863679,0.931887,0.896738,0.938492,0.922903,0.855202,0.869673,0.878286,0.871843,0.924501,0.863923,0.936181,0.867741,0.886648,0.895827,0.817561,0.796666,1.0,0.873106,0.974709,0.901055,0.819472,0.895162,0.840485,0.869301,0.87472,0.875036,0.905148,0.862804,0.878102,0.87423,0.842815,0.820934,0.847834,0.874735,0.847061,0.73858,0.794362,0.828614,0.796047,0.902804,0.927321,0.915967,0.928108,0.889677,0.870771,0.943455,0.899378,0.815899,0.888166,0.988856,0.83115,0.906423,0.93881,0.979372,0.942424,0.886052,0.865937,0.947538,0.906869,0.885088,0.907736,0.978254,0.96509,0.938176,0.868759,0.903159,0.91855,0.822157,0.859122,0.91644,0.819691,0.854665,0.882299,0.867347,0.883931,0.908257,0.846176,0.847197,0.795864,0.938436,0.869724,0.931794,0.932402,0.904546,0.982929,0.907839,0.845922,0.822011,0.87095,0.847967,0.916284
0.831598,0.878007,0.854898,0.921543,0.99624,0.809871,0.906197,0.897661,0.815864,0.846477,0.903334,0.831931,0.951519,0.979203,0.939967,0.869196,0.863619,0.946765,0.982555,0.945024,0.985851,0.83007,0.952635,0.898912,0.881385,0.873106,1.0,0.871677,0.971304,0.9355,0.906102,0.896487,0.884085,0.930408,0.986854,0.826381,0.978464,0.98681,0.858359,0.94155,0.948916,0.871742,0.963128,0.977016,0.844645,0.922501,0.932741,0.923135,0.91462,0.849147,0.847661,0.823829,0.870275,0.980836,0.895371,0.825733,0.92755,0.852196,0.85826,0.946081,0.811675,0.915539,0.896628,0.874602,0.864099,0.917669,0.898518,0.96412,0.935116,0.964766,0.89093,0.905963,0.89869,0.832047,0.962676,0.902895,0.875428,0.912093,0.922918,0.952972,0.942212,0.979516,0.919603,0.930009,0.975617,0.970362,0.918211,0.855635,0.901695,0.966894,0.837244,0.945858,0.854494,0.864923,0.870917,0.970917,0.933714,0.956822,0.909553,0.81097
0.873875,0.863917,0.912552,0.778087,0.860944,0.888183,0.955968,0.831298,0.880037,0.901642,0.895807,0.911764,0.88646,0.858678,0.889797,0.886858,0.87133,0.908028,0.832097,0.91342,0.862997,0.853506,0.857062,0.840429,0.802278,0.974709,0.871677,1.0,0.889613,0.83252,0.932628,0.81973,0.874272,0.885632,0.884467,0.915023,0.844836,0.88247,0.901568,0.873186,0.862354,0.833149,0.89202,0.86831,0.720912,0.814752,0.828233,0.795007,0.904543,0.915141,0.919363,0.913216,0.932208,0.843227,0.878728,0.904823,0.802105,0.891118,0.94016,0.841895,0.939913,0.881407,0.966993,0.940833,0.811685,0.881687,0.947992,0.892533,0.894711,0.889187,0.947067,0.926918,0.870428,0.885542,0.899782,0.926161,0.845232,0.836981,0.92491,0.812761,0.880472,0.894771,0.875526,0.888594,0.881936,0.872895,0.833292,0.828689,0.877849,0.890778,0.926708,0.884668,0.940226,0.964164,0.890801,0.8711,0.816845,0.872894,0.897327,0.945284
0.823537,0.907874,0.856566,0.870215,0.965418,0.794593,0.924807,0.901759,0.822852,0.851483,0.921258,0.849433,0.990432,0.973034,0.928634,0.926899,0.896037,0.970602,0.953077,0.972333,0.976379,0.855444,0.954821,0.898669,0.880707,0.901055,0.971304,0.889613,1.0,0.920873,0.889532,0.910786,0.873112,0.943822,0.987077,0.838175,0.97068,0.973225,0.840808,0.950771,0.919101,0.880751,0.983177,0.94041,0.824132,0.894503,0.959054,0.882159,0.958906,0.927405,0.850942,0.841697,0.904604,0.962219,0.924825,0.837915,0.905089,0.836206,0.888862,0.930048,0.827807,0.961903,0.901376,0.929679,0.875716,0.953141,0.922389,0.998701,0.976275,0.997868,0.94285,0.961411,0.918456,0.836395,0.994952,0.928818,0.920453,0.868489,0.909213,0.888203,0.968104,0.987383,0.922228,0.926546,0.989409,0.93276,0.92916,0.833021,0.932724,0.978367,0.84305,0.966753,0.852162,0.900047,0.896228,0.931834,0.907788,0.946341,0.8934,0.84683
0.895595,0.8036193,0.7691204,0.889309,0.941463,0.738395,0.854361,0.911235,0.780377,0.7952542,0.840312,0.76886,0.894508,0.917119,0.871405,0.844399,0.869796,0.915079,0.897718,0.89893,0.916891,0.852248,0.93544,0.889517,0.909609,0.819472,0.9355,0.83252,0.920873,1.0,0.871354,0.929769,0.888913,0.916018,0.931587,0.804602,0.911664,0.933128,0.837277,0.917273,0.891275,0.847255,0.921942,0.916342,0.908224,0.99005,0.910921,0.940082,0.892917,0.824583,0.871959,0.781107,0.823772,0.910653,0.823234,0.77948,0.885359,0.752288,0.802306,0.896133,0.818707,0.858395,0.827483,0.853419,0.817731,0.899066,0.839162,0.912375,0.896366,0.906123,0.831524,0.852883,0.860528,0.852193,0.915166,0.847125,0.867488,0.837232,0.866468,0.887676,0.906615,0.934934,0.851733,0.85551,0.915017,0.907073,0.975028,0.845579,0.819093,0.932584,0.849597,0.89432,0.812779,0.80801,0.836205,0.909403,0.965297,0.928555,0.870234,0.782935
0.932489,0.832894,0.89611,0.844179,0.895661,0.883223,0.958892,0.855407,0.882778,0.890061,0.910405,0.865881,0.869818,0.872046,0.935244,0.855133,0.86984,0.916493,0.877,0.908091,0.881006,0.857744,0.879963,0.885355,0.806849,0.895162,0.906102,0.932628,0.889532,0.871354,1.0,0.824262,0.922724,0.918716,0.905269,0.906864,0.852699,0.926791,0.978454,0.902744,0.916925,0.864007,0.90783,0.921926,0.742474,0.861407,0.822492,0.828126,0.896507,0.826752,0.887141,0.884982,0.930844,0.86207,0.839272,0.880721,0.860092,0.902468,0.856689,0.857762,0.905058,0.837505,0.935396,0.8766,0.821591,0.892693,0.925249,0.887475,0.89491,0.883156,0.859672,0.856948,0.84848,0.931988,0.902164,0.927022,0.842417,0.928004,0.977468,0.916168,0.894439,0.916228,0.906826,0.924449,0.888063,0.930104,0.852789,0.891719,0.841391,0.91425,0.884705,0.887586,0.947549,0.884054,0.8770126,0.931422,0.833649,0.929301,0.966183,0.881794
0.804727,0.90258,0.842654,0.906249,0.913167,0.826691,0.827136,0.916207,0.821913,0.856422,0.841551,0.81455,0.918736,0.87107,0.830644,0.87839,0.882958,0.898561,0.891437,0.896801,0.874314,0.866851,0.945034,0.866394,0.965234,0.840485,0.896487,0.81973,0.910786,0.929769,0.824262,1.0,0.91967,0.88053,0.886736,0.824642,0.898948,0.892469,0.788452,0.888061,0.826012,0.818491,0.888696,0.847541,0.886938,0.899474,0.862533,0.953181,0.88607,0.825949,0.908524,0.819622,0.799605,0.926755,0.908946,0.832731,0.89567,0.8386,0.861493,0.838601,0.826015,0.916591,0.843562,0.854048,0.905103,0.894944,0.843378,0.909074,0.8856,0.910637,0.864138,0.883938,0.923278,0.841114,0.900634,0.836525,0.909433,0.823641,0.865113,0.845068,0.886635,0.896014,0.827045,0.840747,0.930581,0.837989,0.979455,0.872609,0.900315,0.892518,0.90689,0.924491,0.760882,0.825747,0.843232,0.838953,0.940648,0.885102,0.820009,0.813151
0.882822,0.840771,0.894788,0.881395,0.896797,0.865382,0.911453,0.848252,0.877678,0.90969,0.933766,0.875947,0.873042,0.864958,0.920622,0.811863,0.815119,0.858816,0.883098,0.856559,0.868208,0.808573,0.901757,0.795431,0.890224,0.869301,0.884085,0.874272,0.873112,0.888913,0.922724,0.91967,1.0,0.832168,0.861797,0.871129,0.881045,0.871537,0.878376,0.83893,0.869601,0.911632,0.8502,0.888695,0.825049,0.878525,0.833948,0.931348,0.834532,0.790065,0.960605,0.866895,0.87695,0.894812,0.856056,0.886607,0.843156,0.894929,0.865653,0.870562,0.858235,0.864134,0.916319,0.810738,0.847526,0.834617,0.926616,0.871187,0.838023,0.871209,0.834659,0.846363,0.875307,0.899301,0.861364,0.925732,0.832877,0.928367,0.962488,0.897358,0.837569,0.862815,0.921884,0.934207,0.889426,0.893201,0.920524,0.932473,0.846301,0.855134,0.954415,0.876751,0.862586,0.882272,0.920919,0.892838,0.89857,0.852505,0.906011,0.843214
0.880014,0.918675,0.848293,0.887267,0.920251,0.835711,0.887788,0.943691,0.857035,0.849109,0.828166,0.832703,0.929543,0.893503,0.872782,0.950485,0.974786,0.98379,0.88867,0.973139,0.905171,0.944512,0.928602,0.978156,0.886239,0.87472,0.930408,0.885632,0.943822,0.916018,0.918716,0.88053,0.832168,1.0,0.952498,0.881464,0.875956,0.963809,0.903804,0.981412,0.908796,0.80549,0.974323,0.907997,0.781397,0.898563,0.85665,0.838128,0.982982,0.892625,0.817682,0.863135,0.870067,0.898243,0.911217,0.855596,0.931343,0.842538,0.854303,0.84595,0.888664,0.906249,0.858917,0.953231,0.894428,0.982818,0.844497,0.945585,0.973652,0.939839,0.911395,0.917123,0.905973,0.890754,0.966642,0.846559,0.937166,0.834123,0.880141,0.868128,0.96953,0.973048,0.832491,0.849945,0.938516,0.906635,0.90367,0.862034,0.915422,0.978714,0.812211,0.941054,0.871193,0.828558,0.820966,0.908133,0.870208,0.980333,0.916864,0.861084
0.838896,0.867414,0.835859,0.892012,0.976344,0.786043,0.92274,0.922657,0.819134,0.828308,0.900022,0.817103,0.960463,0.98403,0.938406,0.919167,0.893671,0.960587,0.958929,0.956157,0.985474,0.842635,0.940572,0.915612,0.883409,0.875036,0.986854,0.884467,0.987077,0.931587,0.905269,0.886736,0.861797,0.952498,1.0,0.835708,0.96788,0.985892,0.865,0.971115,0.957903,0.856062,0.99117,0.970938,0.827095,0.913941,0.95145,0.89268,0.952762,0.894982,0.833703,0.821542,0.906359,0.958345,0.884283,0.829116,0.910742,0.825016,0.850206,0.945859,0.839577,0.917817,0.88615,0.914981,0.848097,0.957408,0.902107,0.981496,0.972856,0.978365,0.906723,0.923337,0.884835,0.834911,0.985832,0.912224,0.923505,0.875731,0.905194,0.919177,0.978907,0.995877,0.916155,0.921542,0.972294,0.964753,0.914597,0.854596,0.892792,0.991024,0.821413,0.941054,0.860592,0.87111,0.864278,0.964215,0.915494,0.958078,0.920128,0.846778
0.923786,0.895873,0.969351,0.86012,0.829556,0.945698,0.910794,0.879407,0.983942,0.972349,0.899177,0.962246,0.852138,0.812031,0.849349,0.857981,0.911941,0.846924,0.817915,0.842062,0.809813,0.895946,0.814666,0.899961,0.839646,0.905148,0.826381,0.915023,0.838175,0.804602,0.906864,0.824642,0.871129,0.881464,0.835708,1.0,0.838604,0.827029,0.929427,0.882802,0.846252,0.869781,0.854162,0.829092,0.681947,0.798732,0.766658,0.809239,0.871132,0.825131,0.901013,0.990987,0.892843,0.855888,0.881366,0.990465,0.895633,0.943112,0.916701,0.775226,0.980779,0.870805,0.931129,0.880387,0.831269,0.879957,0.922886,0.841252,0.855102,0.847375,0.8778,0.858662,0.838311,0.979178,0.845589,0.894701,0.84743,0.817427,0.882783,0.772623,0.860679,0.849439,0.852107,0.869128,0.853781,0.835087,0.801429,0.903691,0.881078,0.861294,0.913986,0.836552,0.882323,0.92617,0.935289,0.836206,0.767492,0.833229,0.905226,0.941797
0.834083,0.88767,0.867514,0.919781,0.979069,0.80151,0.894874,0.879705,0.828692,0.869016,0.932408,0.862252,0.960116,0.987036,0.93811,0.843716,0.842919,0.907533,0.976703,0.912519,0.985927,0.833106,0.930741,0.868177,0.877787,0.862804,0.978464,0.844836,0.97068,0.911664,0.852699,0.898948,0.881045,0.875956,0.96788,0.838604,1.0,0.948122,0.796922,0.903316,0.921907,0.919699,0.936885,0.954699,0.838981,0.901457,0.962621,0.924767,0.883059,0.855605,0.846922,0.85112,0.864919,0.988366,0.899195,0.838938,0.942656,0.846692,0.863486,0.957621,0.788578,0.935486,0.888065,0.845906,0.853257,0.885312,0.915959,0.963831,0.911956,0.967569,0.888904,0.911049,0.884194,0.858848,0.947548,0.921544,0.851239,0.886869,0.899196,0.912995,0.915812,0.951437,0.942628,0.943098,0.971635,0.945692,0.906712,0.848493,0.906348,0.935375,0.838218,0.926893,0.809228,0.884499,0.914839,0.944469,0.91871,0.896492,0.87188,0.793887
0.847353,0.881054,0.840451,0.895972,0.978776,0.808933,0.904476,0.908911,0.807331,0.829013,0.879586,0.819494,0.952719,0.954946,0.915073,0.899385,0.896238,0.972302,0.967158,0.967153,0.97079,0.868151,0.95749,0.924422,0.874183,0.878102,0.98681,0.88247,0.973225,0.933128,0.926791,0.892469,0.871537,0.963809,0.985892,0.827029,0.948122,1.0,0.892119,0.960671,0.933013,0.838118,0.97744,0.954594,0.826582,0.918683,0.915661,0.887044,0.944261,0.867846,0.833503,0.815484,0.873251,0.955721,0.89899,0.815449,0.913222,0.841834,0.854572,0.913141,0.828372,0.913768,0.891995,0.903505,0.876167,0.943922,0.885623,0.969455,0.957256,0.967014,0.902262,0.915988,0.908562,0.839036,0.97544,0.888138,0.897484,0.895685,0.92476,0.944,0.959153,0.989098,0.888861,0.900948,0.973585,0.949391,0.919986,0.838865,0.905379,0.981154,0.830931,0.957656,0.881752,0.856029,0.844746,0.949891,0.914692,0.985714,0.908565,0.823634
0.937846,0.841236,0.914244,0.844161,0.84727,0.890318,0.924144,0.851962,0.893026,0.91747,0.8515674,0.892298,0.820874,0.816812,0.876624,0.84018,0.873194,0.885371,0.844234,0.870699,0.833698,0.885396,0.849214,0.877684,0.789611,0.87423,0.858359,0.901568,0.840808,0.837277,0.978454,0.788452,0.878376,0.903804,0.865,0.929427,0.796922,0.892119,1.0,0.886793,0.876822,0.851143,0.875552,0.872391,0.756525,0.830005,0.765356,0.782639,0.875986,0.797827,0.853139,0.911614,0.901054,0.823851,0.830284,0.89514,0.866538,0.891563,0.847742,0.803172,0.923545,0.804962,0.908941,0.862573,0.842881,0.877724,0.880658,0.838302,0.864914,0.832503,0.824196,0.813847,0.832101,0.946094,0.860413,0.875118,0.828712,0.902218,0.936204,0.886675,0.869286,0.878697,0.83888,0.862474,0.840289,0.879969,0.813203,0.88216,0.82868,0.884082,0.862942,0.852648,0.93248,0.851924,0.87994,0.882741,0.796098,0.90899,0.936109,0.889576
0.860991,0.882005,0.83366,0.915378,0.929084,0.813651,0.89652,0.975973,0.86837,0.837341,0.842835,0.817394,0.922195,0.928004,0.892771,0.958693,0.957798,0.955305,0.899942,0.944044,0.929734,0.900587,0.91023,0.968534,0.925616,0.842815,0.94155,0.873186,0.950771,0.917273,0.902744,0.888061,0.83893,0.981412,0.971115,0.882802,0.903316,0.960671,0.886793,1.0,0.946342,0.793164,0.98903,0.932332,0.801853,0.902805,0.894707,0.876417,0.97545,0.890044,0.820593,0.852971,0.899429,0.913086,0.877046,0.868268,0.939133,0.829684,0.820485,0.881257,0.895001,0.887237,0.846425,0.934251,0.862164,0.990846,0.851954,0.949256,0.982502,0.943168,0.885005,0.895115,0.869075,0.883306,0.969033,0.859993,0.966613,0.822459,0.86699,0.86784,0.993316,0.98191,0.854915,0.864515,0.93449,0.930489,0.904473,0.898805,0.883856,0.991999,0.811995,0.910497,0.861159,0.824029,0.816948,0.930071,0.88238,0.954612,0.93037,0.88177
0.851716,0.799452,0.810513,0.901189,0.932101,0.778182,0.919688,0.915514,0.8371,0.807773,0.895922,0.785306,0.879445,0.960149,0.970336,0.890477,0.86605,0.89547,0.908175,0.887228,0.946653,0.805078,0.859398,0.88812,0.864402,0.820934,0.948916,0.862354,0.919101,0.891275,0.916925,0.826012,0.869601,0.908796,0.957903,0.846252,0.921907,0.933013,0.876822,0.946342,1.0,0.855203,0.948124,0.988977,0.7770591,0.889064,0.908886,0.892517,0.90933,0.847461,0.812027,0.81162,0.923226,0.902377,0.805777,0.835239,0.89164,0.815232,0.785814,0.948546,0.855851,0.832559,0.849262,0.873593,0.780039,0.924228,0.876371,0.911661,0.928191,0.90624,0.839052,0.849079,0.802648,0.856738,0.925305,0.901513,0.902611,0.886536,0.897771,0.921799,0.947028,0.94784,0.9373,0.938769,0.89498,0.991852,0.851327,0.929045,0.814694,0.951673,0.795602,0.857112,0.857086,0.82631,0.835977,0.990799,0.869617,0.900294,0.975144,0.85742
0.940556,0.843381,0.887388,0.8593,0.87437,0.818067,0.898281,0.808587,0.860183,0.908549,0.977292,0.909959,0.890065,0.898431,0.938004,0.75779,0.80632,0.818106,0.887809,0.827348,0.902564,0.834201,0.854415,0.810414,0.806364,0.847834,0.871742,0.833149,0.880751,0.847255,0.864007,0.818491,0.911632,0.80549,0.856062,0.869781,0.919699,0.838118,0.851143,0.793164,0.855203,1.0,0.827449,0.883619,0.804245,0.87217,0.893407,0.854947,0.791374,0.808137,0.873965,0.886355,0.875807,0.899182,0.851764,0.862778,0.870662,0.86557,0.849822,0.926167,0.804736,0.88596,0.894632,0.771304,0.813628,0.784292,0.945037,0.878894,0.814073,0.883513,0.836661,0.856857,0.832384,0.927833,0.852334,0.95531,0.7534728,0.904772,0.913817,0.847621,0.803292,0.839475,0.970511,0.96622,0.884885,0.887612,0.826573,0.877692,0.854447,0.820971,0.853056,0.843606,0.83293,0.898722,0.971971,0.883215,0.846823,0.802473,0.8648544,0.778308
0.845941,0.876335,0.827694,0.880509,0.949686,0.790594,0.921803,0.947078,0.835476,0.822895,0.882327,0.811485,0.957801,0.960234,0.920796,0.957069,0.932245,0.972238,0.926612,0.966188,0.962033,0.875092,0.931361,0.940163,0.900989,0.874735,0.963128,0.89202,0.983177,0.921942,0.90783,0.888696,0.8502,0.974323,0.99117,0.854162,0.936885,0.97744,0.875552,0.98903,0.948124,0.827449,1.0,0.948195,0.799989,0.900721,0.937102,0.86986,0.980185,0.92047,0.827445,0.829943,0.917039,0.930525,0.887239,0.842603,0.907735,0.81921,0.846935,0.916553,0.869392,0.916835,0.874439,0.944874,0.855953,0.985424,0.889961,0.981347,0.993296,0.976052,0.917691,0.931873,0.885782,0.851494,0.992584,0.900637,0.957816,0.846603,0.892088,0.884895,0.995691,0.99667,0.894577,0.89993,0.962438,0.944076,0.913142,0.868202,0.895989,0.998676,0.8179,0.939192,0.869569,0.863133,0.843807,0.943132,0.89367,0.961273,0.925572,0.875366
0.852893,0.820561,0.828799,0.900299,0.965878,0.781571,0.925362,0.888588,0.817145,0.821511,0.916806,0.800507,0.908445,0.97842,0.978899,0.864759,0.847147,0.91315,0.946041,0.907751,0.969449,0.799732,0.896469,0.878427,0.846595,0.847061,0.977016,0.86831,0.94041,0.916342,0.921926,0.847541,0.888695,0.907997,0.970938,0.829092,0.954699,0.954594,0.872391,0.932332,0.988977,0.883619,0.948195,1.0,0.80779,0.909432,0.923269,0.909912,0.901751,0.843665,0.831065,0.806859,0.907004,0.938429,0.835725,0.820367,0.894207,0.827772,0.81977,0.963829,0.827265,0.865153,0.877045,0.867455,0.799903,0.90854,0.897061,0.931347,0.921538,0.928764,0.858901,0.871268,0.837395,0.84205,0.936884,0.917249,0.871009,0.919281,0.922605,0.951734,0.934891,0.958229,0.951872,0.957261,0.927463,0.998682,0.877745,0.895364,0.843749,0.952452,0.814508,0.893826,0.856355,0.849756,0.864252,0.999046,0.899904,0.920229,0.959923,0.828925
