1,0.82251,0.859658,0.930387,0.843452,0.841113,0.896119,0.774812,0.898883,0.828204,0.892734,0.848626,0.943153,0.887287,0.88046,0.978062,0.942729,0.785267,0.91317,0.858259,0.856829,0.906274,0.890038,0.806445,0.938804,0.905205,0.922203,0.978285,0.8883,0.823376,0.98846,0.844695,0.918052,0.911532,0.853847,0.806386,0.876581,0.789447,0.933809,0.967624,0.980322,0.985177,0.924317,0.87809,0.917928,0.87356,0.958456,0.942296,0.881797,0.967015,0.909906,0.797615,0.800257,0.957888,0.833716,0.887963,0.910281,0.796493,0.88876,0.870111,0.873778,0.885943,0.843824,0.901962,0.851048,0.830598,0.92172,0.910497,0.87755,0.856746,0.839012,0.883995,0.842454,0.870979,0.890948,0.970916,0.855331,0.83864,0.900702,0.826608,0.815409,0.910917,0.953176,0.877775,0.943499,0.839516,0.933214,0.911873,0.836672,0.982872,0.830079,0.902469,0.830889,0.891357,0.8358661,0.865127,0.889943,0.873888,0.885739,0.866881
0.82251,1,0.869817,0.808955,0.863531,0.838344,0.941286,0.8659,0.898278,0.884658,0.871875,0.8310781,0.8952,0.86378,0.836772,0.832871,0.835395,0.843543,0.831854,0.959865,0.881708,0.884463,0.8371185,0.897096,0.880083,0.842406,0.880319,0.79391027,0.947491,0.86458386,0.818865,0.887837,0.880206,0.840208,0.881457,0.870811,0.8521583,0.900555,0.861771,0.803378,0.782,0.847383,0.851481,0.888673,0.8788,0.789227,0.7445617,0.821361,0.909213,0.781617,0.884349,0.95775,0.944238,0.840344,0.939546,0.825582,0.7669553,0.937543,0.850137,0.857421,0.841532,0.817698,0.8627951,0.898937,0.8704427,0.854959,0.880545,0.875744,0.914102,0.907768,0.91971,0.878877,0.81773,0.835444,0.890541,0.866581,0.835244,0.855331,0.78277936,0.911855,0.854154,0.836361,0.832819,0.808059,0.852703,0.891741,0.884172,0.891359,0.970636,0.765634,0.920535,0.834354,0.895537,0.871958,0.7660361,0.916855,0.849941,0.843839,0.916046,0.841361
0.859658,0.869817,1,0.87241,0.911696,0.924634,0.839646,0.891667,0.913814,0.852671,0.859534,0.961527,0.923339,0.890625,0.920023,0.871739,0.867258,0.8694753,0.873325,0.842049,0.874237,0.944153,0.834766,0.895225,0.786097,0.869967,0.91094,0.892685,0.815243,0.862323,0.847168,0.847264,0.92397,0.855551,0.924342,0.856082,0.870826,0.903058,0.891433,0.885205,0.85568,0.861735,0.885007,0.976162,0.928216,0.80327,0.867952,0.864815,0.947201,0.815193,0.898416,0.964514,0.910397,0.913545,0.943631,0.910819,0.873429,0.882493,0.80812,0.940249,0.938167,0.927684,0.907395,0.851118,0.885066,0.875896,0.896809,0.838414,0.867105,0.855539,0.852906,0.902831,0.853333,0.882714,0.942097,0.802613,0.855431,0.863373,0.943766,0.866529,0.917029,0.922187,0.890185,0.739994,0.900469,0.99492,0.778564,0.90653,0.866936,0.853873,0.858056,0.8842,0.890839,0.838349,0.8085541,0.962096,0.80303,0.946327,0.905685,0.791136
0.930387,0.808955,0.87241,1,0.900836,0.811213,0.869317,0.812668,0.941751,0.820501,0.854719,0.874292,0.947596,0.938335,0.88594,0.950401,0.956074,0.791827,0.957327,0.870861,0.891725,0.94374,0.899303,0.83601,0.871169,0.880871,0.968198,0.961421,0.872713,0.842172,0.903506,0.854671,0.956522,0.911436,0.886996,0.843366,0.897384,0.820776,0.968539,0.973337,0.96126,0.942379,0.92842,0.890119,0.964594,0.848614,0.907082,0.950232,0.940624,0.862627,0.966973,0.868936,0.82847,0.963336,0.909889,0.860949,0.907874,0.859871,0.820412,0.86204,0.907691,0.910263,0.926813,0.907681,0.906312,0.845101,0.972383,0.912052,0.887606,0.889637,0.87057,0.956379,0.823719,0.892602,0.935686,0.903625,0.849065,0.861942,0.881706,0.878449,0.830277,0.887691,0.978004,0.869656,0.973491,0.869919,0.886722,0.964958,0.891793,0.921611,0.865246,0.971847,0.874481,0.942998,0.923617,0.925146,0.89358,0.904,0.953432,0.823424
0.843452,0.863531,0.911696,0.900836,1,0.857103,0.789471,0.890882,0.888089,0.942971,0.916693,0.917295,0.875085,0.871841,0.818483,0.846017,0.866825,0.884558,0.886133,0.856719,0.841623,0.902471,0.861038,0.856796,0.82794,0.909013,0.9144,0.874612,0.874286,0.840618,0.831276,0.845009,0.903294,0.834551,0.824409,0.82536,0.846142,0.909021,0.914772,0.900247,0.84401,0.837874,0.827726,0.864112,0.901982,0.860329,0.901131,0.900282,0.904473,0.841949,0.925765,0.914119,0.951038,0.891791,0.889247,0.90242,0.947246,0.839329,0.909071,0.831453,0.982742,0.978932,0.897811,0.826809,0.865803,0.808043,0.92496,0.827247,0.826216,0.843454,0.831264,0.915049,0.92692,0.973451,0.891755,0.841565,0.831613,0.809208,0.932356,0.87561,0.902621,0.921577,0.904309,0.847523,0.909513,0.908169,0.873155,0.917928,0.891725,0.8551,0.865845,0.890025,0.988864,0.854383,0.827104,0.898643,0.899347,0.980956,0.920618,0.909312
0.841113,0.838344,0.924634,0.811213,0.857103,1,0.825794,0.892407,0.828247,0.913066,0.888696,0.914828,0.864303,0.819566,0.881831,0.842646,0.807545,0.934653,0.80379,0.745851,0.807404,0.843741,0.866096,0.915617,0.832284,0.853111,0.811282,0.823242,0.769311,0.897013,0.873017,0.913949,0.825213,0.815819,0.867994,0.845072,0.831988,0.91853,0.794896,0.809441,0.838315,0.845971,0.861622,0.934116,0.838688,0.792974,0.811764,0.771428,0.842546,0.861633,0.811172,0.844809,0.833285,0.845972,0.829216,0.965341,0.813528,0.812575,0.882421,0.94186,0.858717,0.855285,0.844122,0.81109,0.832248,0.850602,0.80566,0.802794,0.825648,0.776789,0.80343,0.810996,0.917778,0.807219,0.862618,0.843703,0.903338,0.850833,0.912928,0.875103,0.889109,0.909647,0.807229,0.770943,0.807091,0.910713,0.812226,0.802681,0.77612,0.832034,0.887172,0.816422,0.841881,0.791142,0.745835,0.860344,0.737151,0.864147,0.80702,0.865152
0.896119,0.941286,0.839646,0.869317,0.789471,0.825794,1,0.850863,0.93843,0.860032,0.867531,0.825226,0.944085,0.928011,0.869388,0.9024,0.916425,0.839612,0.921066,0.960913,0.89643,0.888771,0.920905,0.894204,0.928087,0.881158,0.882242,0.887757,0.952396,0.9058,0.889541,0.904323,0.884264,0.948479,0.886572,0.918342,0.944454,0.851397,0.858343,0.862162,0.870443,0.919475,0.916579,0.892235,0.901063,0.866486,0.815535,0.823341,0.888231,0.840263,0.887183,0.850451,0.866152,0.90976,0.871825,0.844797,0.829037,0.913998,0.863366,0.874463,0.824978,0.838021,0.889072,0.986116,0.940772,0.869281,0.864821,0.977088,0.98337,0.922581,0.94193,0.847846,0.839346,0.7843005,0.913479,0.905805,0.89239,0.883131,0.835162,0.905061,0.888538,0.862284,0.876361,0.859691,0.878114,0.837244,0.896596,0.877786,0.934733,0.848609,0.912342,0.897295,0.830181,0.947575,0.785771,0.878411,0.83247,0.824495,0.870525,0.853499
0.774812,0.8659,0.891667,0.812668,0.890882,0.892407,0.850863,1,0.868481,0.855794,0.834249,0.868706,0.827278,0.833698,0.882951,0.782763,0.824396,0.980025,0.836965,0.888015,0.915242,0.839066,0.882178,0.890524,0.763782,0.864813,0.85352,0.827641,0.860615,0.899111,0.763254,0.871078,0.853459,0.844728,0.895919,0.852018,0.856231,0.900034,0.84388,0.822074,0.771417,0.786752,0.779121,0.840871,0.849812,0.830188,0.812162,0.822331,0.850345,0.762671,0.851206,0.891969,0.927057,0.818568,0.864529,0.850127,0.860944,0.912611,0.816264,0.844955,0.91113,0.904894,0.844544,0.872867,0.866918,0.915081,0.841835,0.860597,0.885452,0.914683,0.923927,0.815648,0.919149,0.871709,0.842467,0.758841,0.884702,0.92223,0.893521,0.854554,0.943146,0.854855,0.838966,0.739633,0.847364,0.915813,0.784617,0.854756,0.860064,0.78249,0.844292,0.810718,0.89627,0.880675,0.7584393,0.856367,0.816881,0.913454,0.848123,0.81724
0.898883,0.898278,0.913814,0.941751,0.888089,0.828247,0.93843,0.868481,1,0.837499,0.865609,0.897629,0.981753,0.979845,0.913646,0.923504,0.954832,0.858568,0.970913,0.920104,0.915021,0.970122,0.929841,0.920177,0.848951,0.893827,0.952339,0.924792,0.893553,0.935007,0.86905,0.921341,0.951587,0.925492,0.925251,0.916753,0.939645,0.885434,0.929652,0.925353,0.89126,0.915649,0.92888,0.938942,0.966711,0.854701,0.866179,0.893016,0.973008,0.817166,0.97111,0.911896,0.8345101,0.965978,0.938501,0.844401,0.89488,0.934702,0.822483,0.90628,0.901631,0.910948,0.975807,0.958051,0.972919,0.911201,0.947902,0.946682,0.96256,0.919029,0.943615,0.948999,0.849302,0.873082,0.989182,0.870203,0.916482,0.912512,0.876111,0.942101,0.89579,0.889036,0.937117,0.822812,0.942373,0.907578,0.854991,0.951939,0.904015,0.866209,0.927352,0.971517,0.862409,0.962962,0.8449072,0.963038,0.824795,0.900467,0.958854,0.81622
0.828204,0.884658,0.852671,0.820501,0.942971,0.913066,0.860032,0.855794,0.837499,1,0.934339,0.875301,0.838642,0.846522,0.763633,0.810212,0.840898,0.881361,0.854011,0.847847,0.770503,0.82562,0.870638,0.886324,0.870928,0.904916,0.846662,0.811065,0.873964,0.855963,0.850479,0.888323,0.82924,0.815416,0.745617,0.858653,0.836559,0.951251,0.845057,0.82428,0.792907,0.834772,0.819625,0.840921,0.835618,0.877914,0.820728,0.827845,0.840279,0.859363,0.869647,0.866605,0.934905,0.82436,0.832112,0.915126,0.875045,0.802339,0.946501,0.838549,0.909953,0.907807,0.848692,0.845082,0.864554,0.760025,0.862564,0.847557,0.831795,0.789349,0.790263,0.835666,0.947465,0.906218,0.834946,0.864663,0.845186,0.76505,0.877362,0.908411,0.912569,0.894738,0.839388,0.889656,0.840468,0.842981,0.88965,0.852788,0.872005,0.813244,0.911706,0.811097,0.954469,0.813252,0.768687,0.836619,0.863539,0.907577,0.867458,0.945249
0.892734,0.871875,0.859534,0.854719,0.916693,0.888696,0.867531,0.834249,0.865609,0.934339,1,0.879812,0.895774,0.869382,0.787956,0.90534,0.887768,0.848933,0.86873,0.851726,0.771193,0.835572,0.816296,0.805421,0.879481,0.97823,0.833308,0.852454,0.871311,0.791747,0.881457,0.825182,0.825367,0.828711,0.784051,0.768403,0.810564,0.846273,0.826754,0.845923,0.872713,0.904064,0.879068,0.876848,0.845724,0.934013,0.890711,0.814856,0.833345,0.902733,0.847299,0.820588,0.908247,0.877406,0.799889,0.944849,0.918865,0.792362,0.947771,0.834404,0.908357,0.926455,0.829258,0.853936,0.826726,0.7297192,0.844908,0.853783,0.832082,0.803761,0.800768,0.821366,0.895963,0.89894,0.867118,0.914212,0.80071,0.74180314,0.921698,0.82353,0.853093,0.976825,0.847407,0.842724,0.83781,0.833231,0.884349,0.830721,0.85471,0.891682,0.82707,0.855518,0.929379,0.842934,0.7363298,0.827276,0.860563,0.904066,0.839651,0.927761
0.848626,0.8310781,0.961527,0.874292,0.917295,0.914828,0.825226,0.868706,0.897629,0.875301,0.879812,1,0.900277,0.876861,0.849816,0.851987,0.862866,0.868497,0.863671,0.800444,0.817917,0.90709,0.817862,0.866443,0.764202,0.884748,0.877,0.86326,0.7740561,0.834992,0.831875,0.824165,0.882852,0.828662,0.856419,0.821072,0.836317,0.890392,0.864794,0.875472,0.841557,0.851929,0.829409,0.939656,0.891123,0.826772,0.857373,0.845329,0.907253,0.812524,0.875813,0.914233,0.875188,0.900061,0.892518,0.922313,0.883062,0.865481,0.807445,0.881766,0.925913,0.922605,0.911748,0.840973,0.868798,0.806185,0.873366,0.833107,0.846085,0.808737,0.819103,0.885498,0.848182,0.873567,0.930613,0.812495,0.815712,0.800915,0.922286,0.849413,0.90719,0.911801,0.867864,0.739245,0.871446,0.947252,0.768887,0.871776,0.815695,0.842379,0.836688,0.894355,0.879871,0.832498,0.866419,0.917361,0.777598,0.932041,0.871102,0.785555
0.943153,0.8952,0.923339,0.947596,0.875085,0.864303,0.944085,0.827278,0.981753,0.838642,0.895774,0.900277,1,0.966772,0.936249,0.964167,0.963006,0.821968,0.961031,0.907617,0.902203,0.977591,0.916392,0.891871,0.892873,0.906489,0.958346,0.952792,0.899523,0.901339,0.925975,0.904681,0.963597,0.937616,0.931011,0.892021,0.937222,0.851032,0.936617,0.941981,0.931977,0.955463,0.966527,0.958041,0.976736,0.853257,0.892832,0.902325,0.969299,0.871888,0.960572,0.893024,0.8220469,0.987031,0.930125,0.889447,0.891872,0.894401,0.848328,0.936759,0.903218,0.910713,0.941801,0.947351,0.940989,0.891096,0.949618,0.937863,0.946223,0.901257,0.910254,0.947652,0.84481,0.868544,0.9804,0.915775,0.905176,0.891194,0.909814,0.910041,0.866299,0.922258,0.948157,0.822812,0.95223,0.909472,0.876571,0.953014,0.8897103,0.908556,0.904413,0.965202,0.8531,0.936532,0.8514488,0.95996,0.824868,0.903977,0.950334,0.828255
0.887287,0.86378,0.890625,0.938335,0.871841,0.819566,0.928011,0.833698,0.979845,0.846522,0.869382,0.876861,0.966772,1,0.889279,0.925741,0.973708,0.821347,0.991254,0.888948,0.881253,0.949067,0.906347,0.896709,0.829616,0.899436,0.940909,0.912822,0.861957,0.905037,0.857572,0.905779,0.936546,0.89416,0.898418,0.91597,0.911719,0.884877,0.915317,0.91231,0.882437,0.915425,0.934365,0.927448,0.957693,0.889484,0.849147,0.879679,0.959683,0.804889,0.959106,0.88821,0.809626,0.947669,0.923448,0.825883,0.888712,0.901594,0.812932,0.888289,0.884734,0.896763,0.960004,0.959738,0.983003,0.866307,0.938851,0.957676,0.945568,0.882252,0.905444,0.925167,0.82681,0.86011,0.97124,0.863337,0.885515,0.872899,0.861008,0.943875,0.889043,0.885972,0.933212,0.861516,0.932549,0.883392,0.842237,0.938534,0.884082,0.860886,0.925594,0.956071,0.845642,0.946895,0.856265,0.948469,0.815483,0.883582,0.947887,0.813251
0.88046,0.836772,0.920023,0.88594,0.818483,0.881831,0.869388,0.882951,0.913646,0.763633,0.787956,0.849816,0.936249,0.889279,1,0.896522,0.881195,0.858959,0.883795,0.89776,0.968921,0.955202,0.89657,0.868358,0.810951,0.814483,0.938614,0.923924,0.855213,0.918437,0.889378,0.917549,0.959605,0.881733,0.991053,0.8475598,0.887263,0.7980248,0.913902,0.898592,0.884457,0.888133,0.927046,0.932283,0.955532,0.761195,0.85125,0.877795,0.944131,0.833523,0.909608,0.904784,0.822213,0.931525,0.944744,0.860657,0.823128,0.924416,0.781138,0.963078,0.872199,0.859802,0.869458,0.8825,0.882419,0.981404,0.912983,0.868882,0.88877,0.944248,0.935993,0.908953,0.836312,0.831261,0.911622,0.817173,0.947714,0.977776,0.908387,0.8557685,0.817102,0.859196,0.909014,0.743042,0.924921,0.92754,0.7768386,0.932195,0.890523,0.866949,0.860812,0.886142,0.813356,0.876771,0.8413365,0.944708,0.801099,0.878735,0.919153,0.764762
0.978062,0.832871,0.871739,0.950401,0.846017,0.842646,0.9024,0.782763,0.923504,0.810212,0.90534,0.851987,0.964167,0.925741,0.896522,1,0.967215,0.799709,0.941931,0.870409,0.867719,0.925909,0.896594,0.823487,0.930491,0.90338,0.936224,0.969448,0.884503,0.839116,0.960059,0.85702,0.933435,0.939103,0.880002,0.833525,0.90664,0.784092,0.933435,0.956618,0.972514,0.984442,0.95489,0.905451,0.942726,0.861971,0.921775,0.919492,0.910333,0.918657,0.926822,0.818063,0.791227,0.967126,0.862139,0.883236,0.887319,0.813819,0.850525,0.88961,0.87903,0.890594,0.865828,0.905428,0.869872,0.8403,0.934031,0.907449,0.889822,0.870108,0.853826,0.898891,0.832388,0.852065,0.915799,0.960965,0.869705,0.852025,0.897148,0.835752,0.810547,0.928373,0.957249,0.857521,0.94906,0.853881,0.906839,0.926757,0.8420263,0.954919,0.834693,0.924923,0.824075,0.904264,0.854332,0.895668,0.848025,0.878101,0.907508,0.826742
0.942729,0.835395,0.867258,0.956074,0.866825,0.807545,0.916425,0.824396,0.954832,0.840898,0.887768,0.862866,0.963006,0.973708,0.881195,0.967215,1,0.806802,0.98639,0.886549,0.887013,0.93164,0.907585,0.844386,0.886634,0.912166,0.951559,0.956258,0.882123,0.860871,0.913652,0.870206,0.94084,0.915714,0.881759,0.855419,0.900231,0.835543,0.944065,0.95283,0.934821,0.955445,0.952639,0.899209,0.955787,0.892507,0.894288,0.922757,0.930023,0.865195,0.955773,0.844993,0.7975039,0.959039,0.884896,0.836258,0.897839,0.862297,0.829893,0.863435,0.892088,0.904167,0.904724,0.948206,0.937148,0.850812,0.95185,0.954479,0.920402,0.892231,0.892092,0.918019,0.82835,0.868771,0.934595,0.920754,0.862068,0.865881,0.877867,0.894606,0.856201,0.904853,0.96674,0.879836,0.958396,0.858749,0.887687,0.945908,0.8618352,0.920169,0.878153,0.940294,0.845419,0.944251,0.905028,0.914526,0.856009,0.888783,0.934285,0.822623
0.785267,0.843543,0.8694753,0.791827,0.884558,0.934653,0.839612,0.980025,0.858568,0.881361,0.848933,0.868497,0.821968,0.821347,0.858959,0.799709,0.806802,1,0.818925,0.835867,0.862831,0.815023,0.898233,0.928872,0.788262,0.85112,0.816376,0.79133,0.812162,0.922503,0.804824,0.897126,0.807625,0.856826,0.859925,0.877398,0.873386,0.928684,0.80693,0.794973,0.77398,0.790435,0.795995,0.854647,0.816165,0.80748,0.790688,0.783431,0.830729,0.802403,0.835889,0.862702,0.888177,0.806731,0.822842,0.897596,0.842757,0.872479,0.849054,0.888344,0.887579,0.890038,0.849676,0.855017,0.863674,0.890182,0.815011,0.842082,0.881322,0.861361,0.8906,0.795484,0.948457,0.846524,0.843539,0.77893,0.910169,0.894184,0.869725,0.871517,0.956274,0.877756,0.809802,0.743042,0.812923,0.881861,0.776323,0.81972,0.812586,0.777535,0.870125,0.801175,0.875018,0.857253,0.7062887,0.836043,0.769782,0.887169,0.823946,0.845235
0.91317,0.831854,0.873325,0.957327,0.886133,0.80379,0.921066,0.836965,0.970913,0.854011,0.86873,0.863671,0.961031,0.991254,0.883795,0.941931,0.98639,0.818925,1,0.887879,0.893091,0.945527,0.92227,0.876663,0.850624,0.902995,0.957369,0.939503,0.8702036,0.893316,0.882958,0.897148,0.947297,0.908135,0.885129,0.905776,0.913914,0.874428,0.943124,0.942526,0.90752,0.933644,0.929358,0.897929,0.960659,0.895397,0.873738,0.915941,0.949082,0.829757,0.97237,0.86997,0.816062,0.958174,0.908927,0.826285,0.903825,0.884506,0.823695,0.86604,0.89603,0.907812,0.945609,0.963341,0.972156,0.868043,0.959452,0.968741,0.940081,0.892794,0.905932,0.930448,0.840425,0.877583,0.953513,0.88351,0.882253,0.878427,0.868158,0.933491,0.886176,0.88753,0.959246,0.89732,0.956675,0.866408,0.872933,0.954757,0.886791,0.887255,0.915497,0.957431,0.861652,0.957369,0.871981,0.930742,0.85367,0.894596,0.95489,0.826972
0.858259,0.959865,0.842049,0.870861,0.856719,0.745851,0.960913,0.888015,0.920104,0.847847,0.851726,0.800444,0.907617,0.888948,0.89776,0.870409,0.886549,0.835867,0.887879,1,0.962825,0.91143,0.888767,0.850901,0.901782,0.849937,0.934917,0.876164,0.990176,0.881612,0.835182,0.8581356,0.933396,0.897152,0.925695,0.862564,0.897882,0.830657,0.923365,0.874332,0.827098,0.883857,0.857302,0.843722,0.923013,0.810239,0.800312,0.88758,0.919331,0.78398,0.92258,0.9216,0.919337,0.886091,0.941372,0.779196,0.813197,0.95819,0.833209,0.817043,0.8594,0.841957,0.865353,0.944316,0.896053,0.927057,0.929177,0.928646,0.944912,0.980667,0.975921,0.905372,0.800037,0.856267,0.886364,0.889367,0.866934,0.935454,0.817718,0.885193,0.841643,0.823179,0.898955,0.838423,0.916859,0.868831,0.916749,0.941893,0.988317,0.808291,0.88761,0.871844,0.893181,0.932584,0.8284209,0.911361,0.897426,0.861126,0.944866,0.82801
0.856829,0.881708,0.874237,0.891725,0.841623,0.807404,0.89643,0.915242,0.915021,0.770503,0.771193,0.817917,0.902203,0.881253,0.968921,0.867719,0.887013,0.862831,0.893091,0.962825,1,0.931115,0.908614,0.847942,0.807626,0.81327,0.949075,0.920939,0.938659,0.902004,0.839134,0.880729,0.956719,0.892153,0.972646,0.857195,0.893113,0.80593,0.939052,0.909669,0.860846,0.863348,0.871027,0.861816,0.942832,0.774436,0.841601,0.90962,0.923964,0.780289,0.925831,0.902852,0.875136,0.909994,0.935567,0.790663,0.830474,0.955862,0.7329841,0.88169,0.876171,0.86147,0.865669,0.914823,0.890562,0.983476,0.932024,0.903212,0.918124,0.994329,0.981101,0.911419,0.818274,0.852834,0.884611,0.805865,0.913534,0.988371,0.874329,0.864714,0.837336,0.815138,0.92333,0.779579,0.939103,0.897769,0.844939,0.948535,0.940902,0.845983,0.851613,0.878919,0.855932,0.924485,0.8544576,0.916779,0.87058,0.879922,0.932297,0.745459
0.906274,0.884463,0.944153,0.94374,0.902471,0.843741,0.888771,0.839066,0.970122,0.82562,0.835572,0.90709,0.977591,0.949067,0.955202,0.925909,0.93164,0.815023,0.945527,0.91143,0.931115,1,0.907249,0.894308,0.841059,0.8599,0.981092,0.948033,0.896972,0.901674,0.889279,0.892511,0.989347,0.919322,0.951524,0.893497,0.931976,0.860525,0.961196,0.947538,0.902486,0.911971,0.930387,0.949987,0.990329,0.805331,0.889658,0.926534,0.992884,0.833748,0.976828,0.946718,0.870925,0.979622,0.974492,0.858548,0.88725,0.915919,0.807634,0.936849,0.922392,0.917345,0.94904,0.91141,0.934613,0.917809,0.972501,0.899857,0.921069,0.91767,0.913995,0.977369,0.836347,0.895776,0.976186,0.855013,0.897198,0.909196,0.912041,0.914202,0.860816,0.887808,0.954418,0.809943,0.967535,0.939164,0.851003,0.979501,0.937662,0.884382,0.903726,0.956617,0.886651,0.909476,0.881416,0.985796,0.858411,0.925882,0.979766,0.79755
0.890038,0.8371185,0.834766,0.899303,0.861038,0.866096,0.920905,0.882178,0.929841,0.870638,0.816296,0.817862,0.916392,0.906347,0.89657,0.896594,0.907585,0.898233,0.92227,0.888767,0.908614,0.907249,1,0.945997,0.915165,0.83087,0.925643,0.905445,0.885948,0.969512,0.91017,0.970479,0.913085,0.966425,0.871604,0.955911,0.97498,0.900493,0.91868,0.904315,0.87605,0.894712,0.892859,0.860341,0.919334,0.808786,0.839891,0.889717,0.907548,0.867493,0.944596,0.849078,0.825272,0.912518,0.87569,0.850154,0.847805,0.883857,0.866226,0.915292,0.864668,0.869315,0.902712,0.946358,0.941767,0.92847,0.928538,0.94164,0.958559,0.906048,0.937493,0.899696,0.925656,0.852564,0.896693,0.886076,0.976319,0.937492,0.839245,0.953072,0.900344,0.840832,0.919858,0.885777,0.923801,0.82979,0.904614,0.928962,0.894542,0.858166,0.956297,0.895054,0.861136,0.940092,0.8148758,0.889768,0.856718,0.860543,0.929625,0.870469
0.806445,0.897096,0.895225,0.83601,0.856796,0.915617,0.894204,0.890524,0.920177,0.886324,0.805421,0.866443,0.891871,0.896709,0.868358,0.823487,0.844386,0.928872,0.876663,0.850901,0.847942,0.894308,0.945997,1,0.850504,0.807112,0.873492,0.828511,0.840166,0.984028,0.827971,0.975725,0.870091,0.911657,0.860999,0.977731,0.951379,0.968539,0.848474,0.823871,0.796121,0.823102,0.861427,0.917217,0.889027,0.783844,0.778566,0.809012,0.917116,0.796292,0.899868,0.913288,0.861596,0.856179,0.90462,0.851932,0.81203,0.891417,0.843516,0.945103,0.853952,0.852952,0.926181,0.904037,0.949853,0.890639,0.870971,0.886662,0.938724,0.843989,0.897113,0.866683,0.912148,0.826148,0.914014,0.812357,0.958908,0.888771,0.824793,0.974299,0.942225,0.830125,0.848808,0.82285,0.857206,0.891661,0.834269,0.879361,0.886636,0.782433,0.977706,0.860986,0.856845,0.884683,0.757182,0.921101,0.791384,0.852872,0.90299,0.850429
0.938804,0.880083,0.786097,0.871169,0.82794,0.832284,0.928087,0.763782,0.848951,0.870928,0.879481,0.764202,0.892873,0.829616,0.810951,0.930491,0.886634,0.788262,0.850624,0.901782,0.807626,0.841059,0.915165,0.850504,1,0.847755,0.882074,0.902316,0.939311,0.846459,0.954411,0.888028,0.864322,0.917309,0.7798966,0.864859,0.895893,0.831585,0.895162,0.886818,0.917524,0.937202,0.906366,0.832481,0.867176,0.812287,0.857808,0.884239,0.837267,0.929681,0.882751,0.807194,0.851533,0.878941,0.820488,0.860109,0.814218,0.78447,0.909697,0.853028,0.82013,0.820977,0.794018,0.897474,0.831959,0.7696641,0.894814,0.900795,0.883743,0.850598,0.839579,0.847607,0.869809,0.83348,0.824508,0.976528,0.864942,0.792771,0.822612,0.869753,0.80955,0.861506,0.895708,0.916905,0.890674,0.772032,0.969395,0.885772,0.902165,0.903773,0.889419,0.83342,0.860693,0.871224,0.81045,0.823549,0.914664,0.813818,0.880489,0.904638
0.905205,0.842406,0.869967,0.880871,0.909013,0.853111,0.881158,0.864813,0.893827,0.904916,0.97823,0.884748,0.906489,0.899436,0.814483,0.90338,0.912166,0.85112,0.902995,0.849937,0.81327,0.8599,0.83087,0.807112,0.847755,1,0.861833,0.884572,0.853448,0.803381,0.875392,0.813792,0.856049,0.840838,0.817662,0.793829,0.828917,0.840395,0.852209,0.880468,0.892943,0.909106,0.881217,0.875834,0.873919,0.976543,0.936258,0.857636,0.858069,0.909649,0.868497,0.803564,0.871361,0.894772,0.814443,0.922481,0.968978,0.818589,0.937399,0.822157,0.937012,0.958133,0.856878,0.892484,0.869246,0.778665,0.85968,0.894516,0.86691,0.829867,0.832275,0.833455,0.893705,0.923472,0.886551,0.890092,0.798237,0.792562,0.94161,0.828393,0.887756,0.973951,0.880039,0.838772,0.869728,0.854352,0.861004,0.854045,0.826991,0.927043,0.820592,0.881153,0.897375,0.883231,0.771838,0.849252,0.855294,0.93254,0.846722,0.92279
0.922203,0.880319,0.91094,0.968198,0.9144,0.811282,0.882242,0.85352,0.952339,0.846662,0.833308,0.877,0.958346,0.940909,0.938614,0.936224,0.951559,0.816376,0.957369,0.934917,0.949075,0.981092,0.925643,0.873492,0.882074,0.861833,1,0.973975,0.935993,0.884647,0.902888,0.884539,0.996598,0.932692,0.936292,0.885235,0.932707,0.855455,0.99314,0.975522,0.926099,0.92828,0.924307,0.909143,0.993207,0.819074,0.906009,0.967194,0.976888,0.849855,0.990435,0.927358,0.889236,0.970942,0.961452,0.841414,0.898759,0.905243,0.825097,0.895267,0.932341,0.925383,0.921415,0.919551,0.926447,0.910772,0.996617,0.916168,0.914744,0.942249,0.920784,0.970087,0.84938,0.916424,0.9413,0.884364,0.879634,0.915518,0.907373,0.911006,0.858404,0.879398,0.988376,0.865977,0.995905,0.914228,0.90543,0.999246,0.953657,0.909622,0.900363,0.943658,0.910898,0.926022,0.8951661,0.963447,0.918808,0.933062,0.990143,0.826153
0.978285,0.79391027,0.892685,0.961421,0.874612,0.823242,0.887757,0.827641,0.924792,0.811065,0.852454,0.86326,0.952792,0.912822,0.923924,0.969448,0.956258,0.79133,0.939503,0.876164,0.920939,0.948033,0.905445,0.828511,0.902316,0.884572,0.973975,1,0.8740203,0.840257,0.957581,0.845136,0.970036,0.933215,0.90795,0.842454,0.908962,0.810634,0.980348,0.991123,0.974996,0.972044,0.930702,0.895292,0.965279,0.851533,0.955975,0.977948,0.932615,0.921889,0.954082,0.864749,0.827614,0.970614,0.903569,0.864099,0.914111,0.847379,0.838284,0.882362,0.911611,0.912494,0.874401,0.916012,0.887015,0.885176,0.968356,0.921227,0.89732,0.9094,0.88328,0.925775,0.836747,0.898788,0.911891,0.925585,0.854407,0.893903,0.916123,0.854186,0.84136,0.899176,0.989995,0.863163,0.987439,0.887574,0.900379,0.966758,0.877505,0.971477,0.846742,0.922216,0.861835,0.914979,0.8800086,0.917574,0.9155,0.912777,0.940848,0.828173
0.8883,0.947491,0.815243,0.872713,0.874286,0.769311,0.952396,0.860615,0.893553,0.873964,0.871311,0.7740561,0.899523,0.861957,0.855213,0.884503,0.882123,0.812162,0.8702036,0.990176,0.938659,0.896972,0.885948,0.840166,0.939311,0.853448,0.935993,0.8740203,1,0.84986,0.880126,0.873273,0.926047,0.883152,0.879722,0.84711,0.8752271,0.839975,0.936185,0.885823,0.842929,0.904807,0.857495,0.812809,0.910118,0.808396,0.8019882,0.908493,0.901905,0.833639,0.930579,0.901426,0.921405,0.8777254,0.91704,0.804034,0.8045215,0.92178,0.867917,0.803714,0.859267,0.839485,0.839872,0.92931,0.8597701,0.88999,0.940819,0.919801,0.920539,0.96276,0.950375,0.907354,0.827988,0.868519,0.856873,0.928675,0.8458937,0.900645,0.7996454,0.890203,0.814737,0.829669,0.907821,0.881357,0.923781,0.83789,0.95833,0.944817,0.983636,0.824581,0.897266,0.8531178,0.909262,0.917145,0.8247203,0.887771,0.926677,0.859553,0.946731,0.861451
0.823376,0.86458386,0.862323,0.842172,0.840618,0.897013,0.9058,0.899111,0.935007,0.855963,0.791747,0.834992,0.901339,0.905037,0.918437,0.839116,0.860871,0.922503,0.893316,0.881612,0.902004,0.901674,0.969512,0.984028,0.846459,0.803381,0.884647,0.840257,0.84986,1,0.849403,0.987679,0.881337,0.919144,0.906481,0.965706,0.954734,0.93325,0.860517,0.837436,0.803918,0.836915,0.866727,0.890748,0.894001,0.777333,0.782808,0.821165,0.914905,0.808495,0.914925,0.887046,0.827266,0.876158,0.895493,0.837885,0.814289,0.91967,0.834391,0.948899,0.83932,0.84373,0.926757,0.921777,0.952828,0.948118,0.882253,0.9039,0.954206,0.892965,0.942945,0.876152,0.907865,0.819099,0.915161,0.818121,0.988554,0.943638,0.814428,0.969752,0.914547,0.817764,0.858595,0.817276,0.869205,0.860924,0.841013,0.890492,0.886539,0.788767,0.97118,0.875099,0.83704,0.910646,0.7618218,0.908028,0.789696,0.838299,0.910264,0.836697
0.98846,0.818865,0.847168,0.903506,0.831276,0.873017,0.889541,0.763254,0.86905,0.850479,0.881457,0.831875,0.925975,0.857572,0.889378,0.960059,0.913652,0.804824,0.882958,0.835182,0.839134,0.889279,0.91017,0.827971,0.954411,0.875392,0.902888,0.957581,0.880126,0.849403,1,0.881631,0.901627,0.903676,0.850652,0.82034,0.875484,0.806123,0.914708,0.943814,0.965474,0.969208,0.92106,0.871134,0.89952,0.8377,0.932371,0.919266,0.861693,0.977664,0.890792,0.786329,0.795783,0.939413,0.818266,0.902522,0.872672,0.761853,0.904018,0.892697,0.850803,0.858048,0.821796,0.883648,0.834457,0.844813,0.904379,0.892171,0.86445,0.821913,0.806834,0.871986,0.869942,0.847858,0.866045,0.972052,0.891034,0.851217,0.893822,0.842638,0.805599,0.8953,0.928371,0.886446,0.92104,0.825673,0.940695,0.893403,0.834993,0.966442,0.856271,0.875056,0.828694,0.860893,0.824995,0.847382,0.881218,0.851521,0.870879,0.883241
0.844695,0.887837,0.847264,0.854671,0.845009,0.913949,0.904323,0.871078,0.921341,0.888323,0.825182,0.824165,0.904681,0.905779,0.917549,0.85702,0.870206,0.897126,0.897148,0.8581356,0.880729,0.892511,0.970479,0.975725,0.888028,0.813792,0.884539,0.845136,0.873273,0.987679,0.881631,1,0.87673,0.908552,0.894832,0.956773,0.94319,0.932034,0.86238,0.840418,0.828817,0.862913,0.893224,0.895898,0.894087,0.786783,0.7851,0.822964,0.907657,0.841811,0.917641,0.868865,0.827286,0.876539,0.884596,0.863584,0.812443,0.890726,0.871426,0.955284,0.831982,0.837133,0.917364,0.911469,0.944919,0.926908,0.88891,0.897186,0.933967,0.864997,0.912259,0.87367,0.913645,0.822122,0.903854,0.863519,0.983691,0.927615,0.826386,0.980348,0.888577,0.830614,0.864279,0.856302,0.870586,0.8345883,0.88327,0.890751,0.897398,0.810582,0.986356,0.873067,0.84949,0.899323,0.769573,0.898305,0.8108,0.828808,0.914647,0.873243
0.918052,0.880206,0.92397,0.956522,0.903294,0.825213,0.884264,0.853459,0.951587,0.82924,0.825367,0.882852,0.963597,0.936546,0.959605,0.933435,0.94084,0.807625,0.947297,0.933396,0.956719,0.989347,0.913085,0.870091,0.864322,0.856049,0.996598,0.970036,0.926047,0.881337,0.901627,0.87673,1,0.928151,0.954641,0.88212,0.930473,0.844896,0.984555,0.966709,0.920038,0.9241,0.928838,0.923028,0.995362,0.807717,0.901344,0.955114,0.981957,0.84511,0.982028,0.933783,0.883464,0.97411,0.969662,0.848624,0.889435,0.913626,0.810943,0.91489,0.928721,0.919919,0.91885,0.915112,0.921713,0.927494,0.98817,0.908416,0.914459,0.944813,0.923891,0.96987,0.837141,0.907114,0.94603,0.868183,0.878657,0.927526,0.916562,0.901396,0.852617,0.881349,0.977867,0.836824,0.988868,0.926535,0.87973,0.994615,0.949749,0.904131,0.891085,0.940572,0.898664,0.915311,0.8944296,0.971115,0.897648,0.931476,0.985504,0.806762
0.911532,0.840208,0.855551,0.911436,0.834551,0.815819,0.948479,0.844728,0.925492,0.815416,0.828711,0.828662,0.937616,0.89416,0.881733,0.939103,0.915714,0.856826,0.908135,0.897152,0.892153,0.919322,0.966425,0.911657,0.917309,0.840838,0.932692,0.933215,0.883152,0.919144,0.903676,0.908552,0.928151,1,0.881968,0.952444,0.990005,0.855386,0.924216,0.919412,0.905287,0.917456,0.911528,0.882417,0.935676,0.82703,0.86512,0.894289,0.91235,0.856153,0.928404,0.844802,0.806053,0.930305,0.880047,0.836504,0.842949,0.860652,0.826799,0.888197,0.871227,0.873552,0.871724,0.959763,0.92593,0.872121,0.924869,0.9579,0.968304,0.901829,0.917219,0.89901,0.880776,0.841672,0.898776,0.894195,0.919735,0.886722,0.860621,0.90345,0.896345,0.866999,0.931703,0.86403,0.934312,0.852118,0.864531,0.930781,0.873818,0.885854,0.906258,0.893818,0.830935,0.931238,0.8351454,0.900622,0.837323,0.86728,0.916849,0.824238
0.853847,0.881457,0.924342,0.886996,0.824409,0.867994,0.886572,0.895919,0.925251,0.745617,0.784051,0.856419,0.931011,0.898418,0.991053,0.880002,0.881759,0.859925,0.885129,0.925695,0.972646,0.951524,0.871604,0.860999,0.7798966,0.817662,0.936292,0.90795,0.879722,0.906481,0.850652,0.894832,0.954641,0.881968,1,0.865691,0.892612,0.809086,0.90974,0.886988,0.866905,0.866836,0.918471,0.938173,0.955743,0.767107,0.835528,0.869599,0.950751,0.79692,0.909847,0.929163,0.850664,0.916822,0.960126,0.838968,0.821662,0.951913,0.744206,0.952866,0.87467,0.860412,0.884049,0.894262,0.896802,0.97551,0.911058,0.875654,0.906674,0.95823,0.950313,0.912804,0.80437,0.834577,0.92066,0.794254,0.926594,0.97551,0.894655,0.863506,0.834231,0.849449,0.903563,0.71917,0.918784,0.940491,0.763609,0.932328,0.916671,0.846701,0.8476596,0.889653,0.825412,0.893182,0.8464569,0.956677,0.809273,0.878913,0.923738,0.730455
0.806386,0.870811,0.856082,0.843366,0.82536,0.845072,0.918342,0.852018,0.916753,0.858653,0.768403,0.821072,0.892021,0.91597,0.8475598,0.833525,0.855419,0.877398,0.905776,0.862564,0.857195,0.893497,0.955911,0.977731,0.864859,0.793829,0.885235,0.842454,0.84711,0.965706,0.82034,0.956773,0.88212,0.952444,0.865691,1,0.98146,0.935578,0.861248,0.833312,0.799802,0.820922,0.861562,0.885141,0.897979,0.811761,0.775956,0.818813,0.909749,0.780795,0.903306,0.883344,0.823265,0.860207,0.895848,0.804348,0.804258,0.881657,0.821181,0.908464,0.837062,0.834443,0.920836,0.934648,0.966101,0.877315,0.87759,0.924888,0.960752,0.85745,0.902607,0.87235,0.888356,0.813092,0.898681,0.808322,0.942034,0.880958,0.805453,0.971001,0.92407,0.799028,0.859264,0.865165,0.869354,0.86021,0.826058,0.890256,0.887721,0.781693,0.972383,0.867888,0.830614,0.90416,0.779069,0.908573,0.792424,0.833556,0.903933,0.835689
0.876581,0.8521583,0.870826,0.897384,0.846142,0.831988,0.944454,0.856231,0.939645,0.836559,0.810564,0.836317,0.937222,0.911719,0.887263,0.90664,0.900231,0.873386,0.913914,0.897882,0.893113,0.931976,0.97498,0.951379,0.895893,0.828917,0.932707,0.908962,0.8752271,0.954734,0.875484,0.94319,0.930473,0.990005,0.892612,0.98146,1,0.893286,0.914472,0.896748,0.870571,0.88839,0.905618,0.899077,0.940878,0.816549,0.840096,0.875661,0.934108,0.828003,0.937538,0.879831,0.827043,0.919879,0.90948,0.830966,0.838709,0.883617,0.830251,0.912735,0.873665,0.873546,0.904499,0.957782,0.952701,0.891865,0.924198,0.948946,0.977134,0.898243,0.926711,0.908311,0.89429,0.84741,0.916531,0.860845,0.945823,0.900168,0.852968,0.943583,0.911442,0.851621,0.916235,0.857264,0.924287,0.869669,0.855554,0.934188,0.900983,0.850701,0.945914,0.897677,0.847605,0.929756,0.826239,0.925539,0.830195,0.87026,0.933951,0.834697
0.789447,0.900555,0.903058,0.820776,0.909021,0.91853,0.851397,0.900034,0.885434,0.951251,0.846273,0.890392,0.851032,0.884877,0.7980248,0.784092,0.835543,0.928684,0.874428,0.830657,0.80593,0.860525,0.900493,0.968539,0.831585,0.840395,0.855455,0.810634,0.839975,0.93325,0.806123,0.932034,0.844896,0.855386,0.809086,0.935578,0.893286,1,0.840002,0.815691,0.7703,0.803514,0.816398,0.890338,0.857445,0.824609,0.78146,0.813047,0.888407,0.788541,0.883999,0.919121,0.915553,0.826439,0.883306,0.867985,0.842792,0.850472,0.87263,0.889717,0.887771,0.884922,0.913311,0.869275,0.928704,0.828092,0.860196,0.863342,0.885741,0.800111,0.839171,0.840366,0.927447,0.860276,0.88736,0.798579,0.895774,0.825783,0.844467,0.95684,0.967866,0.847691,0.838934,0.858342,0.844509,0.900765,0.842995,0.861522,0.871773,0.770781,0.95539,0.835628,0.90696,0.850752,0.747865,0.894198,0.813866,0.889627,0.884214,0.882722
0.933809,0.861771,0.891433,0.968539,0.914772,0.794896,0.858343,0.84388,0.929652,0.845057,0.826754,0.864794,0.936617,0.915317,0.913902,0.933435,0.944065,0.80693,0.943124,0.923365,0.939052,0.961196,0.91868,0.848474,0.895162,0.852209,0.99314,0.980348,0.936185,0.860517,0.914708,0.86238,0.984555,0.924216,0.90974,0.861248,0.914472,0.840002,1,0.988882,0.937541,0.926556,0.902351,0.879168,0.97596,0.814452,0.926817,0.987892,0.952248,0.873066,0.981321,0.90683,0.885501,0.961784,0.93517,0.832824,0.904189,0.88411,0.830935,0.866787,0.927748,0.920264,0.899134,0.900716,0.899478,0.890937,0.994752,0.903324,0.8914,0.934868,0.904772,0.962799,0.846391,0.920891,0.916595,0.899815,0.861407,0.89805,0.898346,0.888017,0.844063,0.867382,0.993678,0.885263,0.997205,0.894909,0.926014,0.992251,0.939531,0.92782,0.878058,0.9298,0.911245,0.915479,0.8973339,0.937027,0.946332,0.927465,0.975472,0.832715
0.967624,0.803378,0.885205,0.973337,0.900247,0.809441,0.862162,0.822074,0.925353,0.82428,0.845923,0.875472,0.941981,0.91231,0.898592,0.956618,0.95283,0.794973,0.942526,0.874332,0.909669,0.947538,0.904315,0.823871,0.886818,0.880468,0.975522,0.991123,0.885823,0.837436,0.943814,0.840418,0.966709,0.919412,0.886988,0.833312,0.896748,0.815691,0.988882,1,0.968183,0.952774,0.906418,0.879181,0.960527,0.851843,0.959673,0.990421,0.931052,0.914468,0.963266,0.869671,0.841515,0.971015,0.900241,0.855759,0.928371,0.852014,0.837017,0.861381,0.919212,0.919655,0.892153,0.901026,0.885483,0.864955,0.978107,0.909229,0.882906,0.901992,0.876576,0.947257,0.838,0.917159,0.916765,0.917745,0.848295,0.872979,0.905653,0.858827,0.836196,0.887695,0.992355,0.880681,0.988829,0.879459,0.907961,0.970508,0.887184,0.964228,0.847492,0.936295,0.881814,0.915038,0.899086,0.914614,0.933203,0.918694,0.94661,0.831605
0.980322,0.782,0.85568,0.96126,0.84401,0.838315,0.870443,0.771417,0.89126,0.792907,0.872713,0.841557,0.931977,0.882437,0.884457,0.972514,0.934821,0.77398,0.90752,0.827098,0.860846,0.902486,0.87605,0.796121,0.917524,0.892943,0.926099,0.974996,0.842929,0.803918,0.965474,0.828817,0.920038,0.905287,0.866905,0.799802,0.870571,0.7703,0.937541,0.968183,1,0.972101,0.938508,0.878434,0.924118,0.863025,0.95287,0.943048,0.884675,0.947645,0.908163,0.803337,0.7664099,0.948136,0.844583,0.892413,0.910713,0.790341,0.868147,0.86862,0.876325,0.884361,0.851583,0.883611,0.840996,0.829282,0.92388,0.891954,0.859398,0.852432,0.821271,0.892174,0.825819,0.872404,0.887811,0.948717,0.842979,0.844971,0.89632,0.811363,0.799084,0.906187,0.958003,0.854185,0.946473,0.844892,0.899738,0.91588,0.811321,0.978078,0.812581,0.921645,0.820056,0.901782,0.893738,0.871816,0.881262,0.87383,0.887276,0.855304
0.985177,0.847383,0.861735,0.942379,0.837874,0.845971,0.919475,0.786752,0.915649,0.834772,0.904064,0.851929,0.955463,0.915425,0.888133,0.984442,0.955445,0.790435,0.933644,0.883857,0.863348,0.911971,0.894712,0.823102,0.937202,0.909106,0.92828,0.972044,0.904807,0.836915,0.969208,0.862913,0.9241,0.917456,0.866836,0.820922,0.88839,0.803514,0.926556,0.952774,0.972101,1,0.936297,0.895051,0.931586,0.877668,0.92467,0.921,0.899897,0.932994,0.91919,0.806432,0.813587,0.955504,0.856326,0.886967,0.891621,0.817885,0.871449,0.876371,0.868858,0.882384,0.860315,0.925097,0.878117,0.832631,0.925543,0.929101,0.895889,0.868861,0.854568,0.872189,0.835446,0.849363,0.90343,0.970793,0.856496,0.846698,0.892566,0.849073,0.825253,0.915549,0.954073,0.878201,0.944829,0.843009,0.932487,0.918337,0.861158,0.962648,0.851263,0.911131,0.830396,0.90994,0.8315867,0.881725,0.875733,0.87002,0.902202,0.853875
0.924317,0.851481,0.885007,0.92842,0.827726,0.861622,0.916579,0.779121,0.92888,0.819625,0.879068,0.829409,0.966527,0.934365,0.927046,0.95489,0.952639,0.795995,0.929358,0.857302,0.871027,0.930387,0.892859,0.861427,0.906366,0.881217,0.924307,0.930702,0.857495,0.866727,0.92106,0.893224,0.928838,0.911528,0.918471,0.861562,0.905618,0.816398,0.902351,0.906418,0.938508,0.936297,1,0.937088,0.948038,0.829907,0.86207,0.865409,0.924882,0.868483,0.916228,0.845439,0.78201,0.945969,0.886333,0.883724,0.848262,0.822532,0.849864,0.933165,0.865596,0.870519,0.883326,0.911687,0.897065,0.869354,0.911669,0.90584,0.904058,0.859779,0.849605,0.904816,0.832121,0.828184,0.9262,0.906851,0.896644,0.875976,0.890317,0.877071,0.82201,0.912605,0.92225,0.813277,0.921029,0.877279,0.861189,0.916572,0.853884,0.89652,0.880347,0.934811,0.814978,0.909463,0.910977,0.921347,0.798968,0.863657,0.90724,0.836882
0.87809,0.888673,0.976162,0.890119,0.864112,0.934116,0.892235,0.840871,0.938942,0.840921,0.876848,0.939656,0.958041,0.927448,0.932283,0.905451,0.899209,0.854647,0.897929,0.843722,0.861816,0.949987,0.860341,0.917217,0.832481,0.875834,0.909143,0.895292,0.812809,0.890748,0.871134,0.895898,0.923028,0.882417,0.938173,0.885141,0.899077,0.890338,0.879168,0.879181,0.878434,0.895051,0.937088,1,0.942904,0.815386,0.851329,0.842974,0.958061,0.832266,0.902311,0.937132,0.846141,0.926432,0.942824,0.907738,0.853012,0.881169,0.821909,0.969149,0.896568,0.893737,0.921366,0.885151,0.912006,0.872146,0.893616,0.86803,0.899936,0.846144,0.853204,0.90413,0.840128,0.843778,0.964176,0.850741,0.892084,0.866297,0.914343,0.895348,0.8903,0.918438,0.891332,0.751663,0.896289,0.967517,0.799453,0.903098,0.859067,0.863635,0.89349,0.908195,0.842301,0.861913,0.8115081,0.971248,0.774755,0.900794,0.908803,0.802422
0.917928,0.8788,0.928216,0.964594,0.901982,0.838688,0.901063,0.849812,0.966711,0.835618,0.845724,0.891123,0.976736,0.957693,0.955532,0.942726,0.955787,0.816165,0.960659,0.923013,0.942832,0.990329,0.919334,0.889027,0.867176,0.873919,0.993207,0.965279,0.910118,0.894001,0.89952,0.894087,0.995362,0.935676,0.955743,0.897979,0.940878,0.857445,0.97596,0.960527,0.924118,0.931586,0.948038,0.942904,1,0.827906,0.896324,0.942033,0.989504,0.844871,0.983907,0.935159,0.872989,0.975345,0.972729,0.857993,0.894539,0.912981,0.818722,0.926318,0.928341,0.923211,0.934562,0.927914,0.939657,0.91591,0.984894,0.919347,0.927808,0.932547,0.919254,0.969465,0.843368,0.90408,0.962243,0.87663,0.889638,0.918995,0.914918,0.917828,0.862435,0.894958,0.97642,0.835009,0.984179,0.92942,0.872216,0.990992,0.944439,0.904157,0.907104,0.952721,0.893747,0.926535,0.8923446,0.981048,0.883796,0.929035,0.986447,0.815449
