0,1,2,3,4,5,6,7,8,9,10,11,12,13,14,15,16,17,18,19,20,21,22,23,24,25,26,27,28,29,30,31,32,33,34,35,36,37,38,39,40,41,42,43,44,45,46,47,48,49,50,51,52,53,54,55,56,57,58,59,60,61,62,63,64,65,66,67,68,69,70,71,72,73,74,75,76,77,78,79,80,81,82,83,84,85,86,87,88,89,90,91,92,93,94,95,96,97,98,99
1.0,0.848258,0.889472,0.944476,0.959026,0.924067,0.795273,0.935958,0.927503,0.89041,0.807701,0.86699,0.797183,0.8099465,0.848927,0.809414,0.875831,0.827531,0.903637,0.858958,0.909366,0.921702,0.941649,0.870164,0.875117,0.839995,0.820359,0.856914,0.83805,0.858883,0.945673,0.930876,0.983933,0.816887,0.874269,0.92026,0.926673,0.80256,0.774175,0.779417,0.831254,0.875137,0.992402,0.79178,0.819694,0.940392,0.849327,0.801784,0.879487,0.829521,0.909701,0.88343,0.867353,0.85486,0.905075,0.905184,0.900004,0.8456076,0.900408,0.812949,0.958484,0.821407,0.779487,0.922084,0.889316,0.847036,0.9076,0.955425,0.900614,0.837791,0.919416,0.861388,0.8947,0.913296,0.896766,0.783282,0.975141,0.832481,0.975614,0.927901,0.900986,0.973032,0.815382,0.891051,0.976863,0.929354,0.937211,0.818256,0.872705,0.948421,0.890119,0.858013,0.883589,0.795134,0.862511,0.931772,0.915279,0.908707,0.860479,0.887975
0.848258,1.0,0.915155,0.857849,0.861659,0.923614,0.948588,0.820486,0.805007,0.9118,0.967264,0.880141,0.898671,0.849737,0.864204,0.95181,0.906135,0.817085,0.950152,0.8884,0.873402,0.846815,0.84695,0.866541,0.907926,0.796367,0.878201,0.912572,0.966057,0.929047,0.890024,0.931358,0.853319,0.867342,0.859896,0.872797,0.836042,0.960269,0.820699,0.900901,0.931955,0.804873,0.847801,0.870649,0.946851,0.857917,0.887029,0.822483,0.953963,0.903059,0.928935,0.787054,0.8545416,0.893221,0.921973,0.921446,0.80886,0.817382,0.914667,0.900259,0.90744,0.972996,0.83581,0.879796,0.896896,0.9479,0.956512,0.844437,0.862366,0.88694,0.943584,0.901692,0.828865,0.934893,0.926189,0.769163,0.870396,0.828934,0.886013,0.906808,0.887524,0.889165,0.906399,0.915508,0.840916,0.87354,0.922711,0.951477,0.91401,0.881728,0.902301,0.845979,0.8859,0.858833,0.805996,0.853282,0.904225,0.900658,0.979402,0.91546
0.889472,0.915155,1.0,0.828826,0.89833,0.820736,0.880099,0.841167,0.848039,0.913085,0.929336,0.957907,0.922292,0.783448,0.884237,0.882325,0.861112,0.820598,0.824727,0.897702,0.857602,0.887953,0.852904,0.799151,0.815795,0.857875,0.811152,0.971844,0.918943,0.931799,0.917488,0.912006,0.872925,0.894481,0.860629,0.863628,0.886822,0.8993,0.834745,0.829106,0.888985,0.874969,0.902902,0.800791,0.933013,0.913512,0.918479,0.908112,0.916242,0.891579,0.99251,0.82443,0.971054,0.793531,0.863748,0.821477,0.822884,0.817921,0.930648,0.925059,0.937161,0.875645,0.865849,0.869324,0.83082,0.931673,0.847231,0.917451,0.890164,0.812633,0.825847,0.794052,0.853849,0.910593,0.830163,0.80211,0.903323,0.892772,0.854766,0.797084,0.832757,0.910228,0.912847,0.810379,0.879762,0.871404,0.912134,0.966647,0.790965,0.885197,0.954448,0.928693,0.824226,0.750056,0.878613,0.87906,0.958355,0.973595,0.884071,0.949749
0.944476,0.857849,0.828826,1.0,0.928394,0.944791,0.843409,0.969654,0.924732,0.915312,0.833072,0.858589,0.768617,0.861731,0.841376,0.809264,0.816538,0.87381,0.894053,0.855106,0.955089,0.922512,0.894925,0.81849,0.945934,0.857479,0.902385,0.816855,0.883408,0.808207,0.90275,0.906841,0.96429,0.84232,0.8638,0.887026,0.944991,0.833916,0.832392,0.850926,0.873729,0.878782,0.93059,0.853705,0.791184,0.924537,0.878797,0.805554,0.900472,0.865498,0.845134,0.907876,0.839527,0.93811,0.943211,0.941139,0.954464,0.860022,0.916406,0.795817,0.900227,0.825428,0.776051,0.881561,0.947392,0.796949,0.897658,0.914154,0.892961,0.902097,0.915292,0.930157,0.918045,0.832078,0.940617,0.794204,0.918503,0.838567,0.956281,0.947304,0.957297,0.89606,0.864291,0.905139,0.980729,0.869801,0.916841,0.804096,0.847266,0.867975,0.890369,0.851705,0.948554,0.886906,0.882418,0.967704,0.899414,0.869926,0.885784,0.89346
0.959026,0.861659,0.89833,0.928394,1.0,0.9069,0.821421,0.937188,0.950692,0.863262,0.843587,0.84844,0.866829,0.885935,0.935037,0.867679,0.889739,0.894556,0.851666,0.922662,0.915879,0.957166,0.924893,0.89189,0.895257,0.885074,0.858246,0.852864,0.848303,0.8998,0.977168,0.872268,0.938448,0.804381,0.948785,0.965483,0.956398,0.828724,0.828299,0.811713,0.820593,0.915196,0.950008,0.836956,0.869688,0.951348,0.82963,0.791475,0.853061,0.817286,0.904022,0.916259,0.849117,0.873915,0.926911,0.912423,0.9191,0.894103,0.875749,0.875954,0.917059,0.857628,0.87436,0.961956,0.903096,0.888414,0.87222,0.952345,0.976417,0.890502,0.858243,0.888416,0.952301,0.907813,0.916622,0.853767,0.961831,0.842248,0.918777,0.881901,0.900514,0.939408,0.827449,0.926792,0.953333,0.917313,0.895579,0.862816,0.854158,0.936822,0.882644,0.871901,0.891766,0.852795,0.873285,0.939675,0.907337,0.880959,0.841926,0.866275
0.924067,0.923614,0.820736,0.944791,0.9069,1.0,0.883901,0.893224,0.867158,0.867224,0.887124,0.838212,0.804785,0.896458,0.845772,0.869699,0.867025,0.840399,0.967871,0.881102,0.929315,0.866572,0.895169,0.912315,0.953947,0.782153,0.890755,0.830349,0.900022,0.840274,0.921052,0.914723,0.948535,0.839887,0.877951,0.919312,0.883205,0.887368,0.803322,0.871391,0.883436,0.802514,0.922148,0.883315,0.846752,0.898662,0.840984,0.795247,0.90729,0.864811,0.84117,0.825295,0.811415,0.932259,0.981713,0.990568,0.867448,0.845435,0.870714,0.813913,0.886499,0.896803,0.790536,0.923371,0.950574,0.857534,0.975484,0.89559,0.870687,0.923114,0.960861,0.953561,0.874223,0.890781,0.987993,0.7458191,0.922641,0.760878,0.969406,0.979387,0.95128,0.893423,0.848101,0.975791,0.932512,0.866451,0.898587,0.855655,0.936531,0.877509,0.857174,0.785868,0.940953,0.895772,0.841226,0.911031,0.848617,0.849062,0.925021,0.871773
0.795273,0.948588,0.880099,0.843409,0.821421,0.883901,1.0,0.798103,0.77278,0.914449,0.983091,0.916222,0.916333,0.84648,0.869499,0.95037,0.830274,0.820181,0.884954,0.884917,0.874992,0.825422,0.777839,0.809992,0.896572,0.843251,0.935909,0.856709,0.945393,0.861468,0.839533,0.877993,0.820272,0.943351,0.813194,0.819595,0.845159,0.896544,0.889304,0.980109,0.980204,0.852557,0.790503,0.919166,0.902043,0.815981,0.927855,0.891976,0.950208,0.967681,0.868607,0.759645,0.854107,0.90033,0.886485,0.893744,0.79807,0.778068,0.91841,0.930313,0.839239,0.935703,0.886373,0.820049,0.894447,0.88262,0.884795,0.788468,0.845492,0.859619,0.881768,0.883783,0.804607,0.853453,0.898,0.7712388,0.807694,0.846695,0.84143,0.861381,0.885168,0.810801,0.937956,0.882294,0.815233,0.803423,0.875251,0.94641,0.850928,0.805301,0.931515,0.893861,0.893,0.880562,0.855547,0.845391,0.897724,0.856708,0.951294,0.937111
0.935958,0.820486,0.841167,0.969654,0.937188,0.893224,0.798103,1.0,0.97881,0.917167,0.79209,0.839057,0.801453,0.8272425,0.856103,0.787783,0.817155,0.879283,0.839978,0.85645,0.933492,0.95987,0.90854,0.7635572,0.905686,0.917892,0.871318,0.792581,0.834601,0.839263,0.912157,0.877549,0.950893,0.812624,0.914569,0.898497,0.953133,0.797291,0.835847,0.819482,0.838641,0.910934,0.916832,0.824839,0.814401,0.921163,0.869294,0.778703,0.865409,0.83481,0.852259,0.967335,0.825232,0.918873,0.897095,0.894153,0.991094,0.934702,0.907016,0.809934,0.895782,0.800486,0.822303,0.897122,0.913029,0.798971,0.845021,0.911186,0.914277,0.868068,0.859136,0.881927,0.949444,0.823482,0.895415,0.888137,0.927911,0.879539,0.921124,0.909539,0.924164,0.897644,0.834739,0.861567,0.955852,0.860726,0.89721,0.77947,0.803004,0.863902,0.879049,0.884885,0.913231,0.8236,0.872082,0.959248,0.90755,0.859603,0.84118,0.87545
0.927503,0.805007,0.848039,0.924732,0.950692,0.867158,0.77278,0.97881,1.0,0.878271,0.792573,0.815015,0.8448,0.826159,0.867312,0.801717,0.838166,0.878342,0.817456,0.86282,0.890883,0.948753,0.934939,0.810893,0.859365,0.911174,0.827902,0.798939,0.805863,0.878663,0.925075,0.846235,0.930242,0.778315,0.962879,0.942858,0.93055,0.808546,0.826714,0.77589,0.793111,0.894324,0.909922,0.811863,0.868514,0.910528,0.818145,0.750347,0.826808,0.790361,0.855169,0.964149,0.813891,0.871781,0.879278,0.87242,0.968089,0.966735,0.866939,0.840793,0.887559,0.810484,0.860476,0.94313,0.875077,0.844543,0.828495,0.912307,0.93131,0.870184,0.821336,0.845842,0.962428,0.856477,0.877587,0.91223,0.935603,0.867137,0.895513,0.884359,0.880636,0.906667,0.795526,0.867951,0.928825,0.872697,0.872899,0.807032,0.804694,0.885286,0.855679,0.869721,0.871052,0.808029,0.838291,0.917216,0.89084,0.845381,0.807164,0.840808
0.89041,0.9118,0.913085,0.915312,0.863262,0.867224,0.914449,0.917167,0.878271,1.0,0.898843,0.939679,0.857643,0.79262,0.807932,0.878419,0.838483,0.826106,0.87927,0.809702,0.900409,0.885993,0.860611,0.738856,0.877146,0.874628,0.87659,0.873716,0.939021,0.870769,0.838664,0.946005,0.901534,0.911579,0.810423,0.815379,0.897101,0.873797,0.855569,0.888819,0.95228,0.878996,0.87233,0.818631,0.860708,0.858598,0.960097,0.882613,0.969499,0.94153,0.916606,0.86947,0.916171,0.888059,0.862853,0.861412,0.909688,0.830754,0.995755,0.877552,0.936471,0.882053,0.803575,0.811342,0.883816,0.844272,0.873188,0.846165,0.844153,0.829031,0.905002,0.846704,0.862961,0.850969,0.860545,0.801115,0.855953,0.933801,0.901993,0.890578,0.891922,0.899012,0.941375,0.820517,0.896534,0.877502,0.961612,0.87331,0.823694,0.866907,0.974749,0.943192,0.885155,0.793658,0.857833,0.910797,0.982987,0.933642,0.941665,0.975999
0.807701,0.967264,0.929336,0.833072,0.843587,0.887124,0.983091,0.79209,0.792573,0.898843,1.0,0.911893,0.943327,0.827468,0.879084,0.948316,0.844159,0.815862,0.891191,0.898234,0.85687,0.831693,0.804485,0.841354,0.889832,0.836023,0.901299,0.908081,0.966383,0.910815,0.875295,0.879675,0.814484,0.916168,0.856379,0.851103,0.833177,0.933615,0.880881,0.944756,0.960641,0.835583,0.81545,0.900535,0.949052,0.850546,0.911087,0.867647,0.942133,0.942097,0.917819,0.776376,0.877505,0.872217,0.901462,0.895209,0.791568,0.795804,0.906857,0.941405,0.857252,0.947737,0.898174,0.860331,0.881296,0.934773,0.899598,0.837281,0.860729,0.869344,0.880466,0.879441,0.820658,0.890423,0.904766,0.801584,0.843878,0.856997,0.838183,0.858773,0.865284,0.835749,0.938393,0.885588,0.818816,0.816812,0.874378,0.978477,0.850931,0.828137,0.921913,0.889214,0.871461,0.861228,0.832472,0.835384,0.897486,0.886555,0.950728,0.924709
0.86699,0.880141,0.957907,0.858589,0.84844,0.838212,0.916222,0.839057,0.815015,0.939679,0.911893,1.0,0.883168,0.849421,0.82598,0.8806,0.81019,0.823879,0.858653,0.846218,0.902484,0.85311,0.821729,0.743287,0.86397,0.846633,0.849468,0.920681,0.899154,0.863702,0.855687,0.932958,0.885005,0.978728,0.796275,0.81133,0.893376,0.832213,0.871947,0.894647,0.962453,0.869543,0.885026,0.874664,0.862323,0.898851,0.965461,0.975901,0.967241,0.97029,0.948666,0.791547,0.981725,0.849332,0.824228,0.854128,0.826091,0.803083,0.954489,0.900606,0.913003,0.885141,0.843974,0.802971,0.888265,0.850882,0.826393,0.893368,0.840275,0.80726,0.84703,0.849772,0.837778,0.823193,0.846812,0.758604,0.854732,0.876154,0.878022,0.817922,0.893484,0.86345,0.916042,0.807614,0.885615,0.835743,0.91769,0.899501,0.834901,0.828014,0.981997,0.924468,0.889731,0.817079,0.92941,0.898041,0.951262,0.970245,0.931637,0.988943
0.797183,0.898671,0.922292,0.768617,0.866829,0.804785,0.916333,0.801453,0.8448,0.857643,0.943327,0.883168,1.0,0.823703,0.903532,0.942229,0.882797,0.842313,0.813577,0.867051,0.800014,0.832277,0.846593,0.840902,0.810295,0.881687,0.827988,0.860212,0.888919,0.957045,0.852734,0.822728,0.781328,0.867137,0.894335,0.884317,0.833551,0.878333,0.886859,0.877141,0.889411,0.852595,0.796697,0.861641,0.949213,0.81921,0.870308,0.8361527,0.869853,0.881147,0.896718,0.839542,0.860063,0.788206,0.820179,0.823191,0.810642,0.831845,0.864846,0.984202,0.852436,0.925613,0.967337,0.885635,0.810236,0.9437,0.81816,0.817164,0.892837,0.827901,0.782498,0.815202,0.875035,0.872929,0.833505,0.871638,0.827315,0.917745,0.784106,0.775252,0.789604,0.849681,0.878881,0.845774,0.787794,0.852577,0.838068,0.947183,0.822406,0.86067,0.906771,0.909711,0.795876,0.805053,0.810952,0.802343,0.894357,0.861888,0.871259,0.884478
0.8099465,0.849737,0.783448,0.861731,0.885935,0.896458,0.84648,0.8272425,0.826159,0.79262,0.827468,0.849421,0.823703,1.0,0.881448,0.902092,0.896808,0.904725,0.880074,0.837146,0.930156,0.848642,0.824955,0.82856,0.944105,0.799984,0.86636,0.785231,0.804948,0.832297,0.84303,0.851539,0.858896,0.880157,0.877579,0.900257,0.8670075,0.789612,0.822849,0.865821,0.853721,0.809278,0.83665,0.94499,0.800929,0.872747,0.803503,0.885497,0.868628,0.856288,0.783464,0.822891,0.852009,0.903101,0.869024,0.939573,0.8291685,0.840542,0.804116,0.846687,0.7976803,0.907188,0.853682,0.878431,0.950546,0.805623,0.842406,0.864459,0.902049,0.887657,0.835528,0.969877,0.894267,0.781814,0.930989,0.793285,0.814533,0.746333,0.856868,0.845801,0.95022,0.80538,0.777122,0.939412,0.861483,0.843587,0.809025,0.768417,0.917606,0.829598,0.813649,0.763083,0.952814,0.942989,0.913055,0.894928,0.7849659,0.841089,0.887794,0.838992
0.848927,0.864204,0.884237,0.841376,0.935037,0.845772,0.869499,0.856103,0.867312,0.807932,0.879084,0.82598,0.903532,0.881448,1.0,0.869323,0.847784,0.904041,0.800475,0.974886,0.891187,0.941141,0.827226,0.840435,0.89933,0.927084,0.916595,0.844461,0.850619,0.880436,0.93559,0.803718,0.82515,0.833127,0.92935,0.906327,0.931732,0.838435,0.890111,0.897568,0.841803,0.942335,0.849041,0.899706,0.87435,0.899439,0.837321,0.80407,0.813097,0.849106,0.873173,0.871807,0.811861,0.883254,0.891131,0.86757,0.86725,0.868255,0.823479,0.916803,0.8428,0.854812,0.956086,0.904332,0.885872,0.88256,0.827224,0.882558,0.980331,0.89227,0.800007,0.880518,0.911825,0.867317,0.882192,0.911885,0.878995,0.822465,0.810108,0.802593,0.860372,0.853574,0.844161,0.88248,0.853835,0.837233,0.819591,0.893784,0.801719,0.857418,0.850326,0.895636,0.872616,0.867526,0.894567,0.905393,0.851792,0.829102,0.819065,0.828925
0.809414,0.95181,0.882325,0.809264,0.867679,0.869699,0.95037,0.787783,0.801717,0.878419,0.948316,0.8806,0.942229,0.902092,0.869323,1.0,0.935727,0.83098,0.900175,0.838681,0.838189,0.819919,0.83638,0.852995,0.873985,0.802806,0.847647,0.828121,0.91261,0.932879,0.842564,0.876181,0.803402,0.893924,0.857942,0.881027,0.817459,0.896303,0.830304,0.897312,0.923937,0.812629,0.79596,0.881683,0.931713,0.801947,0.869235,0.892605,0.927876,0.904118,0.877305,0.777786,0.848912,0.840389,0.850767,0.890677,0.783386,0.799441,0.887656,0.952007,0.865189,0.986528,0.880639,0.873317,0.867535,0.929349,0.883125,0.784332,0.876626,0.848318,0.875594,0.896699,0.840308,0.89414,0.88793,0.778185,0.815509,0.848952,0.825558,0.83984,0.859745,0.862992,0.871687,0.914152,0.802335,0.891123,0.875713,0.920482,0.917842,0.88959,0.894628,0.863852,0.863502,0.878972,0.798635,0.813688,0.897683,0.857096,0.95251,0.898277
0.875831,0.906135,0.861112,0.816538,0.889739,0.867025,0.830274,0.817155,0.838166,0.838483,0.844159,0.81019,0.882797,0.896808,0.847784,0.935727,1.0,0.862517,0.919363,0.799072,0.8055,0.818099,0.940154,0.867809,0.82797,0.774883,0.763947,0.845785,0.851585,0.94762,0.844102,0.889315,0.848501,0.788302,0.869142,0.921893,0.820263,0.890163,0.80527,0.782346,0.814868,0.779093,0.863714,0.819517,0.89313,0.819031,0.802171,0.829669,0.856907,0.791801,0.876588,0.811588,0.848114,0.7956,0.82507,0.86487,0.809593,0.825744,0.846013,0.893277,0.923722,0.951427,0.833648,0.914705,0.82198,0.914508,0.902091,0.833618,0.874634,0.854069,0.884626,0.868963,0.881852,0.911078,0.856458,0.773355,0.865116,0.821125,0.875944,0.855769,0.818223,0.939408,0.822669,0.907926,0.83978,0.970718,0.901644,0.843525,0.966579,0.960434,0.84798,0.80352,0.814343,0.828057,0.767307,0.815805,0.870702,0.87147,0.896533,0.835969
0.827531,0.817085,0.820598,0.87381,0.894556,0.840399,0.820181,0.879283,0.878342,0.826106,0.815862,0.823879,0.842313,0.904725,0.904041,0.83098,0.862517,1.0,0.797485,0.890256,0.911095,0.871266,0.880504,0.781602,0.888216,0.862583,0.888381,0.861423,0.853059,0.84092,0.8424872,0.827828,0.84036,0.842894,0.891858,0.894442,0.917728,0.874278,0.96734,0.862018,0.828675,0.86882,0.828806,0.870143,0.819782,0.870646,0.818274,0.837067,0.829412,0.83994,0.81374,0.881829,0.845253,0.895502,0.875532,0.856354,0.912481,0.892122,0.832834,0.871216,0.834145,0.824052,0.898612,0.868353,0.901488,0.80973,0.806425,0.869493,0.923421,0.963842,0.792091,0.863151,0.965924,0.774463,0.869078,0.86193,0.814342,0.812402,0.845388,0.816049,0.886945,0.827489,0.881374,0.850029,0.858168,0.871437,0.843213,0.843222,0.802987,0.838298,0.853651,0.827604,0.893067,0.847202,0.898899,0.910425,0.830786,0.831378,0.814953,0.833512
0.903637,0.950152,0.824727,0.894053,0.851666,0.967871,0.884954,0.839978,0.817456,0.87927,0.891191,0.858653,0.813577,0.880074,0.800475,0.900175,0.919363,0.797485,1.0,0.824192,0.893385,0.811149,0.8994,0.897541,0.91488,0.742995,0.851239,0.839749,0.914705,0.876528,0.855347,0.961439,0.920286,0.852031,0.828648,0.879267,0.836242,0.912716,0.776584,0.851904,0.890944,0.761009,0.903401,0.86462,0.860789,0.84792,0.845413,0.822173,0.933721,0.87064,0.858946,0.773625,0.846028,0.886004,0.923591,0.950031,0.817805,0.793052,0.884714,0.817166,0.9241,0.939194,0.770605,0.88367,0.914039,0.888464,0.989464,0.850967,0.823468,0.869269,0.984408,0.919249,0.829786,0.915964,0.943153,0.713007,0.87828,0.759628,0.960433,0.96428,0.913455,0.914005,0.838866,0.942203,0.892366,0.896547,0.936756,0.848273,0.974879,0.901321,0.867705,0.773571,0.906553,0.867632,0.823308,0.869362,0.861993,0.888932,0.961018,0.887948
0.858958,0.8884,0.897702,0.855106,0.922662,0.881102,0.884917,0.85645,0.86282,0.809702,0.898234,0.846218,0.867051,0.837146,0.974886,0.838681,0.799072,0.890256,0.824192,1.0,0.903216,0.951883,0.800547,0.837659,0.918307,0.916817,0.943614,0.882206,0.877036,0.857027,0.960608,0.814451,0.853163,0.837096,0.919134,0.888212,0.934865,0.866482,0.888304,0.916731,0.849011,0.933703,0.873756,0.910509,0.874027,0.942959,0.833236,0.805173,0.828282,0.848637,0.897561,0.86721,0.843655,0.922209,0.936751,0.895217,0.857455,0.865968,0.818816,0.876194,0.845454,0.841231,0.921378,0.896007,0.90822,0.876975,0.861797,0.92167,0.961507,0.915186,0.83059,0.885348,0.881808,0.874846,0.913516,0.874151,0.909775,0.801413,0.823168,0.843351,0.88747,0.845308,0.869942,0.886687,0.872874,0.792985,0.816821,0.912309,0.784545,0.825566,0.841829,0.879331,0.898022,0.879686,0.916797,0.910449,0.848461,0.860566,0.840077,0.836484
0.909366,0.873402,0.857602,0.955089,0.915879,0.929315,0.874992,0.933492,0.890883,0.900409,0.85687,0.902484,0.800014,0.930156,0.891187,0.838189,0.8055,0.911095,0.893385,0.903216,1.0,0.935893,0.851457,0.80723,0.981643,0.879191,0.944526,0.831167,0.881771,0.817149,0.905987,0.919252,0.940013,0.915872,0.871028,0.874991,0.976528,0.834595,0.882918,0.915617,0.909383,0.910587,0.916428,0.941072,0.801929,0.945223,0.895932,0.875853,0.924376,0.917628,0.869211,0.881766,0.882846,0.971057,0.931097,0.951157,0.932637,0.877146,0.909341,0.824613,0.893182,0.859234,0.844373,0.860153,0.992794,0.80717,0.87907,0.925355,0.920617,0.919953,0.891559,0.954954,0.923341,0.812182,0.950195,0.819382,0.888436,0.804799,0.930734,0.901917,0.991632,0.864857,0.862861,0.901422,0.947297,0.837071,0.908032,0.811278,0.859117,0.833748,0.908783,0.859098,0.992103,0.918574,0.967921,0.990852,0.892341,0.900495,0.911662,0.918255
0.921702,0.846815,0.887953,0.922512,0.957166,0.866572,0.825422,0.95987,0.948753,0.885993,0.831693,0.85311,0.832277,0.848642,0.941141,0.819919,0.818099,0.871266,0.811149,0.951883,0.935893,1.0,0.855589,0.793714,0.903444,0.96193,0.902579,0.833565,0.820913,0.850755,0.958872,0.857742,0.920266,0.830368,0.922598,0.895923,0.979715,0.784007,0.830297,0.859155,0.834645,0.97106,0.911942,0.863307,0.835959,0.952021,0.866605,0.794552,0.849017,0.842332,0.894995,0.955352,0.83819,0.91434,0.901984,0.880399,0.955071,0.916628,0.885792,0.849532,0.89428,0.818087,0.88129,0.89744,0.910399,0.834031,0.831306,0.928045,0.967243,0.846571,0.82731,0.877574,0.927517,0.86509,0.88655,0.912523,0.938725,0.872307,0.876592,0.851772,0.913517,0.895018,0.811349,0.86738,0.933343,0.843024,0.876191,0.847776,0.791985,0.865587,0.879076,0.918146,0.910219,0.846134,0.915783,0.962349,0.910751,0.874041,0.829377,0.873364
0.941649,0.84695,0.852904,0.894925,0.924893,0.895169,0.777839,0.90854,0.934939,0.860611,0.804485,0.821729,0.846593,0.824955,0.827226,0.83638,0.940154,0.880504,0.8994,0.800547,0.851457,0.855589,1.0,0.857748,0.830925,0.818551,0.77788,0.836184,0.845822,0.915003,0.879035,0.906752,0.924297,0.779644,0.911252,0.955164,0.865512,0.88436,0.831453,0.748011,0.799471,0.813413,0.929103,0.78231,0.873433,0.874004,0.797886,0.771295,0.84973,0.790543,0.868519,0.888958,0.840295,0.804605,0.868563,0.875152,0.897259,0.891598,0.862317,0.855835,0.939406,0.858269,0.822625,0.952234,0.846163,0.8737,0.900383,0.899132,0.883245,0.886211,0.887085,0.834819,0.935783,0.894979,0.872621,0.820093,0.921535,0.846626,0.941147,0.908666,0.846374,0.961894,0.825533,0.886048,0.915466,0.963822,0.917834,0.809894,0.89811,0.959143,0.859677,0.821763,0.834118,0.779677,0.800113,0.867873,0.877629,0.877083,0.8479,0.844732
0.870164,0.866541,0.799151,0.81849,0.89189,0.912315,0.809992,0.7635572,0.810893,0.738856,0.841354,0.743287,0.840902,0.82856,0.840435,0.852995,0.867809,0.781602,0.897541,0.837659,0.80723,0.793714,0.857748,1.0,0.853426,0.7192665,0.801636,0.800681,0.841641,0.883031,0.892018,0.816881,0.832013,0.730036,0.876513,0.907886,0.79364,0.845598,0.737339,0.7701,0.772264,0.768184,0.865869,0.806269,0.837611,0.82897,0.712578,0.683938,0.799831,0.751255,0.814942,0.827489,0.729774,0.79747,0.900457,0.905831,0.758293,0.797427,0.76161,0.800666,0.828275,0.864308,0.818197,0.918341,0.840369,0.910319,0.911812,0.846556,0.858202,0.853443,0.892278,0.863096,0.830237,0.919084,0.909131,0.746407,0.869787,0.780435,0.864295,0.87611,0.821599,0.8689,0.755138,0.934022,0.832552,0.862268,0.819304,0.828704,0.885163,0.899045,0.763292,0.72085,0.818492,0.830829,0.732748,0.792051,0.775691,0.775078,0.837415,0.759407
0.875117,0.907926,0.815795,0.945934,0.895257,0.953947,0.896572,0.905686,0.859365,0.877146,0.889832,0.86397,0.810295,0.944105,0.89933,0.873985,0.82797,0.888216,0.91488,0.918307,0.981643,0.903444,0.830925,0.853426,1.0,0.845542,0.951301,0.812296,0.899903,0.821241,0.901741,0.899198,0.909187,0.893068,0.881894,0.883619,0.935314,0.861014,0.86149,0.926024,0.91041,0.867111,0.878325,0.951787,0.830124,0.903725,0.875267,0.843509,0.916369,0.906666,0.828197,0.851022,0.834585,0.973089,0.957024,0.975969,0.904549,0.857574,0.885838,0.826809,0.855445,0.893501,0.84417,0.875796,0.992169,0.836416,0.908625,0.879067,0.906733,0.93361,0.908152,0.985288,0.89818,0.833887,0.977798,0.813526,0.86485,0.77363,0.915983,0.917988,0.984738,0.834828,0.853177,0.943428,0.918827,0.81472,0.881983,0.843255,0.885219,0.817812,0.874606,0.819222,0.987331,0.943117,0.924403,0.962939,0.85406,0.854238,0.924779,0.889575
0.839995,0.796367,0.857875,0.857479,0.885074,0.782153,0.843251,0.917892,0.911174,0.874628,0.836023,0.846633,0.881687,0.799984,0.927084,0.802806,0.774883,0.862583,0.742995,0.916817,0.879191,0.96193,0.818551,0.7192665,0.845542,1.0,0.90015,0.780258,0.791152,0.835675,0.878031,0.795408,0.837002,0.851662,0.900308,0.84271,0.933009,0.756362,0.877156,0.876951,0.850349,0.981371,0.821182,0.862116,0.841164,0.869618,0.88433,0.810056,0.810609,0.865105,0.842817,0.945272,0.804873,0.870893,0.819777,0.799794,0.936695,0.888207,0.867428,0.894179,0.83506,0.78649,0.93142,0.846789,0.850146,0.803251,0.759673,0.84105,0.932077,0.796369,0.756871,0.813801,0.903523,0.806949,0.810503,0.952836,0.860527,0.925033,0.794521,0.786033,0.845424,0.834135,0.82765,0.790518,0.853282,0.791975,0.821468,0.844219,0.728567,0.807639,0.876182,0.966981,0.854768,0.804906,0.892185,0.90679,0.888022,0.818487,0.781509,0.856386
0.820359,0.878201,0.811152,0.902385,0.858246,0.890755,0.935909,0.871318,0.827902,0.87659,0.901299,0.849468,0.827988,0.86636,0.916595,0.847647,0.763947,0.888381,0.851239,0.943614,0.944526,0.902579,0.77788,0.801636,0.951301,0.90015,1.0,0.814621,0.890838,0.782994,0.874967,0.847773,0.844859,0.908664,0.846582,0.816177,0.920417,0.841617,0.913795,0.974885,0.925424,0.92054,0.805667,0.944743,0.819512,0.849025,0.876879,0.838391,0.884258,0.930731,0.809523,0.847523,0.793197,0.963506,0.918872,0.907129,0.893846,0.7956993,0.877688,0.852703,0.81658,0.841887,0.876492,0.817396,0.948807,0.810909,0.862862,0.81056,0.902855,0.899242,0.870625,0.909753,0.861952,0.826867,0.917018,0.8368,0.821471,0.818173,0.852747,0.878913,0.935703,0.798958,0.900877,0.877255,0.85322,0.785463,0.856729,0.870831,0.800404,0.78695,0.879544,0.882222,0.951581,0.913738,0.908415,0.923143,0.851016,0.799764,0.881945,0.875334
0.856914,0.912572,0.971844,0.816855,0.852864,0.830349,0.856709,0.792581,0.798939,0.873716,0.908081,0.920681,0.860212,0.785231,0.844461,0.828121,0.845785,0.861423,0.839749,0.882206,0.831167,0.833565,0.836184,0.800681,0.812296,0.780258,0.814621,1.0,0.950211,0.898686,0.897388,0.901062,0.842872,0.855621,0.825523,0.819275,0.836708,0.945399,0.861602,0.809004,0.854767,0.805824,0.883997,0.7627122,0.910251,0.894606,0.851402,0.892088,0.891595,0.843916,0.97489,0.765641,0.968382,0.807466,0.880027,0.812361,0.785861,0.776442,0.887649,0.849217,0.91055,0.832995,0.799816,0.835791,0.816023,0.924209,0.872793,0.909459,0.842101,0.865489,0.859873,0.768992,0.824888,0.909501,0.831301,0.747194,0.878191,0.812307,0.842805,0.831518,0.815393,0.879892,0.942364,0.788359,0.847295,0.876949,0.898582,0.955299,0.7736543,0.854682,0.901086,0.843521,0.810074,0.729946,0.854638,0.840228,0.899992,0.961705,0.876488,0.901819
0.83805,0.966057,0.918943,0.883408,0.848303,0.900022,0.945393,0.834601,0.805863,0.939021,0.966383,0.899154,0.888919,0.804948,0.850619,0.91261,0.851585,0.853059,0.914705,0.877036,0.881771,0.820913,0.845822,0.841641,0.899903,0.791152,0.890838,0.950211,1.0,0.902232,0.872547,0.931211,0.84416,0.893786,0.830645,0.829982,0.844539,0.959528,0.882208,0.899875,0.948282,0.806598,0.826625,0.850111,0.923745,0.830245,0.90213,0.856409,0.962602,0.927326,0.91807,0.77472,0.900267,0.878385,0.917362,0.894424,0.835604,0.763103,0.94807,0.882769,0.898119,0.922218,0.825814,0.840219,0.892459,0.936411,0.924649,0.833672,0.845845,0.887323,0.927512,0.869628,0.844789,0.915376,0.904953,0.759059,0.837969,0.838075,0.887518,0.898015,0.878803,0.86798,0.96499,0.8682,0.848344,0.878741,0.941195,0.959607,0.844336,0.863249,0.939262,0.857555,0.881267,0.833178,0.819096,0.868216,0.919685,0.890759,0.962077,0.93612
0.858883,0.929047,0.931799,0.808207,0.8998,0.840274,0.861468,0.839263,0.878663,0.870769,0.910815,0.863702,0.957045,0.832297,0.880436,0.932879,0.94762,0.84092,0.876528,0.857027,0.817149,0.850755,0.915003,0.883031,0.821241,0.835675,0.782994,0.898686,0.902232,1.0,0.884518,0.891081,0.833922,0.809108,0.913904,0.915652,0.84176,0.917719,0.820948,0.800006,0.845019,0.814234,0.856254,0.814133,0.959277,0.853483,0.838809,0.795175,0.882502,0.826589,0.936186,0.866379,0.874846,0.791279,0.847034,0.844753,0.83847,0.849899,0.876225,0.934546,0.928358,0.945701,0.899003,0.920856,0.822714,0.984898,0.881402,0.859012,0.90244,0.840702,0.850055,0.830024,0.899542,0.941657,0.854044,0.838602,0.877855,0.897655,0.845802,0.827845,0.807645,0.928728,0.847385,0.869355,0.835794,0.927316,0.904631,0.926276,0.880679,0.935454,0.892752,0.862345,0.805782,0.803228,0.787858,0.828603,0.910528,0.908815,0.89642,0.877575
0.945673,0.890024,0.917488,0.90275,0.977168,0.921052,0.839533,0.912157,0.925075,0.838664,0.875295,0.855687,0.852734,0.84303,0.93559,0.842564,0.844102,0.8424872,0.855347,0.960608,0.905987,0.958872,0.879035,0.892018,0.901741,0.878031,0.874967,0.897388,0.872547,0.884518,1.0,0.859504,0.933202,0.801108,0.939242,0.942835,0.94243,0.86148,0.800463,0.830626,0.817839,0.902325,0.954197,0.845426,0.877855,0.976099,0.828621,0.787854,0.843026,0.809802,0.92561,0.89368,0.865025,0.884068,0.962089,0.921814,0.884879,0.877063,0.851172,0.853406,0.900658,0.847643,0.861374,0.951757,0.898783,0.895563,0.89579,0.975776,0.958798,0.895966,0.862356,0.887921,0.90914,0.915428,0.93284,0.839764,0.978756,0.814022,0.898244,0.889497,0.895631,0.91523,0.842157,0.923863,0.944708,0.857589,0.86437,0.90069,0.830564,0.893649,0.86174,0.859366,0.886515,0.84787,0.883726,0.928809,0.886334,0.894131,0.843839,0.85801
0.930876,0.931358,0.912006,0.906841,0.872268,0.914723,0.877993,0.877549,0.846235,0.946005,0.879675,0.932958,0.822728,0.851539,0.803718,0.876181,0.889315,0.827828,0.961439,0.814451,0.919252,0.857742,0.906752,0.816881,0.899198,0.795408,0.847773,0.901062,0.931211,0.891081,0.859504,1.0,0.935578,0.897442,0.810343,0.84813,0.890761,0.901553,0.812488,0.845175,0.919547,0.82615,0.932498,0.844548,0.855304,0.890847,0.909456,0.882233,0.972609,0.909797,0.938566,0.812547,0.934605,0.879103,0.881752,0.902971,0.859785,0.806212,0.955263,0.836455,0.980078,0.913457,0.770841,0.843297,0.912203,0.877424,0.940535,0.893342,0.842892,0.848282,0.961664,0.881679,0.858274,0.89705,0.895802,0.733337,0.887174,0.834347,0.959397,0.923547,0.916444,0.946939,0.88569,0.865373,0.918686,0.924433,0.987617,0.842757,0.920106,0.917105,0.943032,0.854058,0.908341,0.82689,0.879813,0.915003,0.944299,0.969411,0.967607,0.955369
0.983933,0.853319,0.872925,0.96429,0.938448,0.948535,0.820272,0.950893,0.930242,0.901534,0.814484,0.885005,0.781328,0.858896,0.82515,0.803402,0.848501,0.84036,0.920286,0.853163,0.940013,0.920266,0.924297,0.832013,0.909187,0.837002,0.844859,0.842872,0.84416,0.833922,0.933202,0.935578,1.0,0.847874,0.862551,0.908277,0.935504,0.80904,0.790554,0.816971,0.860167,0.860696,0.985045,0.831936,0.796538,0.95684,0.871901,0.828694,0.902327,0.857032,0.894363,0.886061,0.877055,0.904399,0.921215,0.937075,0.917147,0.876485,0.903521,0.800471,0.94101,0.8309,0.7719,0.905776,0.928377,0.810967,0.913653,0.962762,0.883964,0.86809,0.923366,0.900019,0.901403,0.863718,0.927347,0.774323,0.968728,0.819015,0.986081,0.948056,0.944917,0.941825,0.829044,0.903132,0.986231,0.892403,0.928177,0.799894,0.889036,0.901956,0.895094,0.846819,0.926894,0.83871,0.887849,0.949211,0.90558,0.913386,0.885317,0.904068
0.816887,0.867342,0.894481,0.84232,0.804381,0.839887,0.943351,0.812624,0.778315,0.911579,0.916168,0.978728,0.867137,0.880157,0.833127,0.893924,0.788302,0.842894,0.852031,0.837096,0.915872,0.830368,0.779644,0.730036,0.893068,0.851662,0.908664,0.855621,0.893786,0.809108,0.801108,0.897442,0.847874,1.0,0.774492,0.778942,0.888312,0.81987,0.902718,0.946099,0.978435,0.873584,0.834677,0.938932,0.823064,0.855023,0.954542,0.983073,0.951084,0.990521,0.877734,0.769342,0.942466,0.880978,0.824606,0.864068,0.818456,0.776836,0.926241,0.888863,0.854013,0.886223,0.860546,0.76604,0.909825,0.799577,0.818554,0.842889,0.82727,0.816042,0.834529,0.87375,0.82322,0.763595,0.858682,0.781182,0.792627,0.84515,0.851048,0.81395,0.904252,0.801641,0.91292,0.820616,0.847677,0.785505,0.875128,0.850394,0.834605,0.770851,0.958476,0.904663,0.91391,0.859261,0.955137,0.893556,0.903639,0.915296,0.923393,0.966012
0.874269,0.859896,0.860629,0.8638,0.948785,0.877951,0.813194,0.914569,0.962879,0.810423,0.856379,0.796275,0.894335,0.877579,0.92935,0.857942,0.869142,0.891858,0.828648,0.919134,0.871028,0.922598,0.911252,0.876513,0.881894,0.900308,0.846582,0.825523,0.830645,0.913904,0.939242,0.810343,0.862551,0.774492,1.0,0.974899,0.900847,0.871037,0.838643,0.807754,0.790568,0.878075,0.871791,0.874694,0.922861,0.910926,0.772634,0.734242,0.806937,0.782203,0.858911,0.942591,0.799901,0.845063,0.906246,0.901362,0.918814,0.958846,0.810588,0.889608,0.849379,0.872223,0.920629,0.976402,0.881447,0.899109,0.846924,0.907398,0.958983,0.916102,0.799703,0.891318,0.960182,0.875758,0.912272,0.936985,0.912093,0.846876,0.844053,0.848845,0.867405,0.87424,0.787776,0.918229,0.877668,0.855646,0.821652,0.872408,0.841914,0.875312,0.820922,0.839812,0.867384,0.860891,0.83471,0.882554,0.841824,0.830221,0.822772,0.805539
0.92026,0.872797,0.863628,0.887026,0.965483,0.919312,0.819595,0.898497,0.942858,0.815379,0.851103,0.81133,0.884317,0.900257,0.906327,0.881027,0.921893,0.894442,0.879267,0.888212,0.874991,0.895923,0.955164,0.907886,0.883619,0.84271,0.816177,0.819275,0.829982,0.915652,0.942835,0.84813,0.908277,0.778942,0.974899,1.0,0.893123,0.864914,0.824407,0.798037,0.805787,0.842696,0.918286,0.851373,0.906067,0.919619,0.800997,0.7537079,0.831897,0.793487,0.866983,0.905431,0.81213,0.848908,0.915207,0.927674,0.889411,0.937946,0.825027,0.893839,0.884287,0.892405,0.882438,0.995554,0.884792,0.893095,0.889203,0.925655,0.943238,0.918692,0.849185,0.909436,0.954682,0.888897,0.92786,0.872882,0.940308,0.829687,0.903668,0.878985,0.880082,0.916824,0.794381,0.953854,0.914817,0.91091,0.852577,0.860182,0.907844,0.924595,0.838477,0.820893,0.869622,0.861,0.820467,0.886406,0.851339,0.848007,0.847078,0.8282
0.926673,0.836042,0.886822,0.944991,0.956398,0.883205,0.845159,0.953133,0.93055,0.897101,0.833177,0.893376,0.833551,0.8670075,0.931732,0.817459,0.820263,0.917728,0.836242,0.934865,0.976528,0.979715,0.865512,0.79364,0.935314,0.933009,0.920417,0.836708,0.844539,0.84176,0.94243,0.890761,0.935504,0.888312,0.900847,0.893123,1.0,0.790819,0.885001,0.883786,0.877007,0.961177,0.924007,0.895807,0.811229,0.959038,0.891519,0.852138,0.886526,0.891561,0.891405,0.923878,0.871773,0.939787,0.900845,0.901785,0.952602,0.891888,0.904933,0.857369,0.905255,0.816642,0.881155,0.88213,0.9532,0.822364,0.83439,0.937761,0.965504,0.891357,0.847684,0.899413,0.944932,0.83893,0.904077,0.870358,0.919832,0.849014,0.908296,0.863902,0.95351,0.893676,0.856403,0.865377,0.950644,0.860134,0.902295,0.828102,0.800163,0.867138,0.913441,0.909781,0.952978,0.874943,0.956936,0.98848,0.915103,0.894308,0.857755,0.906423
0.80256,0.960269,0.8993,0.833916,0.828724,0.887368,0.896544,0.797291,0.808546,0.873797,0.933615,0.832213,0.878333,0.789612,0.838435,0.896303,0.890163,0.874278,0.912716,0.866482,0.834595,0.784007,0.88436,0.845598,0.861014,0.756362,0.841617,0.945399,0.959528,0.917719,0.86148,0.901553,0.80904,0.81987,0.871037,0.864914,0.790819,1.0,0.872356,0.847493,0.881176,0.751542,0.8029951,0.823475,0.959595,0.828963,0.83114,0.792437,0.910099,0.852538,0.906571,0.779865,0.87465,0.849619,0.900077,0.876681,0.815713,0.82447,0.878244,0.875573,0.873759,0.922146,0.821124,0.877177,0.856415,0.941599,0.928017,0.83787,0.833496,0.923364,0.905481,0.847524,0.856491,0.916591,0.888496,0.793574,0.836566,0.811995,0.865004,0.879261,0.842737,0.858855,0.917022,0.870558,0.80214,0.891406,0.904246,0.950414,0.863713,0.867867,0.870965,0.787929,0.842155,0.809665,0.76835,0.814536,0.854503,0.874237,0.931201,0.869453
0.774175,0.820699,0.834745,0.832392,0.828299,0.803322,0.889304,0.835847,0.826714,0.855569,0.880881,0.871947,0.886859,0.822849,0.890111,0.830304,0.80527,0.96734,0.776584,0.888304,0.882918,0.830297,0.831453,0.737339,0.86149,0.877156,0.913795,0.861602,0.882208,0.820948,0.800463,0.812488,0.790554,0.902718,0.838643,0.824407,0.885001,0.872356,1.0,0.912462,0.896937,0.873184,0.772966,0.887933,0.837934,0.813159,0.87272,0.879375,0.852566,0.907169,0.805152,0.838031,0.860699,0.876097,0.841676,0.816237,0.87932,0.833747,0.860619,0.909912,0.805606,0.807277,0.916884,0.806106,0.874512,0.809968,0.785911,0.810572,0.879039,0.917293,0.774282,0.815325,0.914665,0.761198,0.832305,0.855002,0.7528692,0.858016,0.805351,0.790544,0.853481,0.785287,0.939615,0.790818,0.805056,0.825014,0.829311,0.894424,0.739095,0.789092,0.899148,0.879722,0.869767,0.817923,0.897402,0.873267,0.846556,0.821093,0.824558,0.872877
0.779417,0.900901,0.829106,0.850926,0.811713,0.871391,0.980109,0.819482,0.77589,0.888819,0.944756,0.894647,0.877141,0.865821,0.897568,0.897312,0.782346,0.862018,0.851904,0.916731,0.915617,0.859155,0.748011,0.7701,0.926024,0.876951,0.974885,0.809004,0.899875,0.800006,0.830626,0.845175,0.816971,0.946099,0.807754,0.798037,0.883786,0.847493,0.912462,1.0,0.967864,0.886037,0.775215,0.95187,0.842159,0.81826,0.923608,0.885639,0.914107,0.967114,0.814185,0.785418,0.82359,0.947795,0.882214,0.888848,0.835641,0.803807,0.889589,0.901674,0.802555,0.881699,0.893556,0.792785,0.92524,0.817044,0.85247,0.776504,0.866417,0.877202,0.851631,0.895598,0.821672,0.798289,0.894692,0.810126,0.786634,0.822585,0.827379,0.845633,0.912312,0.772732,0.918192,0.863779,0.813136,0.760829,0.839733,0.903057,0.81562,0.759076,0.907676,0.890548,0.927949,0.901315,0.902706,0.884111,0.861673,0.816587,0.908578,0.91202
0.831254,0.931955,0.888985,0.873729,0.820593,0.883436,0.980204,0.838641,0.793111,0.95228,0.960641,0.962453,0.889411,0.853721,0.841803,0.923937,0.814868,0.828675,0.890944,0.849011,0.909383,0.834645,0.799471,0.772264,0.91041,0.850349,0.925424,0.854767,0.948282,0.845019,0.817839,0.919547,0.860167,0.978435,0.790568,0.805787,0.877007,0.881176,0.896937,0.967864,1.0,0.863066,0.832666,0.915076,0.870376,0.837135,0.97217,0.940697,0.978065,0.995958,0.878937,0.781047,0.915548,0.90247,0.875427,0.893604,0.835001,0.786612,0.959787,0.911087,0.875031,0.92024,0.857697,0.797611,0.912138,0.849012,0.876591,0.819353,0.829241,0.850401,0.888822,0.890161,0.824128,0.820056,0.89246,0.7693393,0.805939,0.869931,0.875466,0.865614,0.907864,0.82814,0.946738,0.857059,0.856029,0.81257,0.908797,0.911032,0.851447,0.8039,0.969409,0.915442,0.910635,0.854044,0.904228,0.89113,0.930101,0.907749,0.961526,0.977874
0.875137,0.804873,0.874969,0.878782,0.915196,0.802514,0.852557,0.910934,0.894324,0.878996,0.835583,0.869543,0.852595,0.809278,0.942335,0.812629,0.779093,0.86882,0.761009,0.933703,0.910587,0.97106,0.813413,0.768184,0.867111,0.981371,0.92054,0.805824,0.806598,0.814234,0.902325,0.82615,0.860696,0.873584,0.878075,0.842696,0.961177,0.751542,0.873184,0.886037,0.863066,1.0,0.858218,0.866857,0.820004,0.895855,0.885834,0.834913,0.833895,0.88319,0.866295,0.928945,0.829048,0.881001,0.839089,0.819855,0.924536,0.859463,0.884178,0.884861,0.861425,0.784999,0.902856,0.839683,0.877184,0.805082,0.775175,0.866856,0.950179,0.809451,0.788922,0.827343,0.89258,0.83395,0.826127,0.908259,0.872354,0.907504,0.825263,0.79559,0.873204,0.858039,0.840111,0.807694,0.882041,0.821308,0.854681,0.844097,0.739034,0.840818,0.89722,0.964168,0.881858,0.823244,0.92401,0.933746,0.90574,0.844142,0.800099,0.877212
0.992402,0.847801,0.902902,0.93059,0.950008,0.922148,0.790503,0.916832,0.909922,0.87233,0.81545,0.885026,0.796697,0.83665,0.849041,0.79596,0.863714,0.828806,0.903401,0.873756,0.916428,0.911942,0.929103,0.865869,0.878325,0.821182,0.805667,0.883997,0.826625,0.856254,0.954197,0.932498,0.985045,0.834677,0.871791,0.918286,0.924007,0.8029951,0.772966,0.775215,0.832666,0.858218,1.0,0.806915,0.82174,0.959962,0.851763,0.829874,0.882136,0.835192,0.921724,0.858368,0.893043,0.850686,0.908267,0.909806,0.877785,0.84973,0.886579,0.808605,0.951412,0.819419,0.780918,0.920441,0.897471,0.848758,0.901332,0.977769,0.893696,0.838113,0.904809,0.868469,0.888666,0.902482,0.90017,0.766214,0.97876,0.802953,0.973143,0.911026,0.909842,0.958513,0.804923,0.886037,0.976749,0.908404,0.923126,0.834158,0.876386,0.927021,0.887687,0.840533,0.89157,0.799132,0.885114,0.933165,0.900551,0.925835,0.862044,0.891961
0.79178,0.870649,0.800791,0.853705,0.836956,0.883315,0.919166,0.824839,0.811863,0.818631,0.900535,0.874664,0.861641,0.94499,0.899706,0.881683,0.819517,0.870143,0.86462,0.910509,0.941072,0.863307,0.78231,0.806269,0.951787,0.862116,0.944743,0.7627122,0.850111,0.814133,0.845426,0.844548,0.831936,0.938932,0.874694,0.851373,0.895807,0.823475,0.887933,0.95187,0.915076,0.866857,0.806915,1.0,0.833913,0.867927,0.862909,0.900103,0.879581,0.927399,0.801229,0.822601,0.830427,0.932674,0.887313,0.922868,0.848332,0.84047,0.82762,0.878159,0.799536,0.892031,0.912328,0.842423,0.958397,0.818045,0.846148,0.835168,0.893089,0.883736,0.82955,0.943575,0.869182,0.786362,0.926386,0.852324,0.803393,0.780455,0.836057,0.835715,0.942447,0.774746,0.834026,0.899427,0.839395,0.757954,0.815478,0.836738,0.861895,0.764565,0.856443,0.835759,0.958765,0.948129,0.940199,0.905043,0.807302,0.829046,0.890212,0.86569
