0,1,2,3,4,5,6,7,8,9,10,11,12,13,14,15,16,17,18,19,20,21,22,23,24,25,26,27,28,29,30,31,32,33,34,35,36,37,38,39,40,41,42,43,44,45,46,47,48,49,50,51,52,53,54,55,56,57,58,59,60,61,62,63,64,65,66,67,68,69,70,71,72,73,74,75,76,77,78,79,80,81,82,83,84,85,86,87,88,89,90,91,92,93,94,95,96,97,98,99
1.0,0.750429,0.812911,0.743225,0.786908,0.6406171,0.760193,0.790656,0.717108,0.769978,0.696379,0.67419,0.927973,0.796984,0.90279,0.876164,0.806794,0.775052,0.736763,0.854127,0.888032,0.847935,0.808323,0.667701,0.825412,0.738719,0.888447,0.884185,0.739407,0.902274,0.810333,0.815447,0.7662546,0.7397031,0.860973,0.662475,0.803872,0.736034,0.729338,0.769926,0.727412,0.687338,0.650391,0.697561,0.724601,0.688526,0.76028,0.7472554,0.868712,0.739352,0.6975081,0.820371,0.876293,0.736775,0.708118,0.863006,0.818117,0.769684,0.767492,0.755973,0.687025,0.861954,0.899306,0.783874,0.857357,0.886786,0.728897,0.814168,0.715449,0.742502,0.718624,0.883995,0.795875,0.702706,0.720935,0.785964,0.871928,0.91583,0.749444,0.693423,0.788245,0.647337,0.6840676,0.78942,0.825131,0.825536,0.807037,0.819187,0.715311,0.696843,0.738943,0.701016,0.732513,0.750558,0.726126,0.760584,0.781929,0.721931,0.803899,0.816513
0.750429,1.0,0.849727,0.784719,0.811268,0.658509,0.697445,0.769324,0.769352,0.7409812,0.631896,0.675965,0.789859,0.798157,0.815976,0.771005,0.716559,0.730802,0.791651,0.826101,0.759524,0.706144,0.710119,0.620832,0.702699,0.741998,0.6941788,0.768692,0.71077,0.753045,0.696137,0.675398,0.825774,0.732526,0.764907,0.696469,0.777774,0.745632,0.658934,0.751645,0.738355,0.738546,0.763274,0.695852,0.798124,0.774953,0.747199,0.710037,0.821333,0.778915,0.745419,0.743541,0.87551,0.755252,0.648605,0.807613,0.812414,0.774823,0.786459,0.740368,0.61324,0.798488,0.815478,0.768408,0.796442,0.711133,0.806772,0.73253,0.611904,0.744359,0.73935,0.747937,0.71332,0.735571,0.740895,0.7107424,0.736358,0.725227,0.77804,0.603507,0.695535,0.791646,0.796903,0.716598,0.816736,0.749053,0.765911,0.791871,0.675582,0.78453,0.824132,0.666081,0.724663,0.6894049,0.7330585,0.678101,0.757009,0.621494,0.772967,0.741854
0.812911,0.849727,1.0,0.875459,0.908203,0.739179,0.781147,0.823169,0.735093,0.800507,0.714613,0.662653,0.847837,0.907278,0.860904,0.889982,0.756461,0.804908,0.816223,0.860556,0.816966,0.824019,0.804158,0.675569,0.817026,0.754412,0.803769,0.84545,0.787037,0.85162,0.759951,0.738565,0.876403,0.79553,0.867717,0.772823,0.814858,0.735899,0.75679,0.821333,0.746334,0.752082,0.783089,0.705215,0.845216,0.764238,0.849745,0.812875,0.84289,0.799175,0.763839,0.786416,0.877937,0.834983,0.698374,0.850968,0.804,0.750573,0.890199,0.7011,0.7070596,0.874171,0.90746,0.792977,0.844131,0.782483,0.801866,0.807322,0.708059,0.810807,0.751964,0.807495,0.7981,0.808527,0.843904,0.760712,0.812607,0.85257,0.781377,0.722129,0.838769,0.731501,0.836173,0.829763,0.823071,0.817526,0.821696,0.827818,0.742786,0.834871,0.845661,0.788353,0.747699,0.757267,0.801039,0.6918359,0.807884,0.75435,0.858228,0.816707
0.743225,0.784719,0.875459,1.0,0.870935,0.668923,0.641855,0.7041,0.753799,0.814144,0.684075,0.663399,0.737716,0.931829,0.829356,0.884826,0.685126,0.712027,0.813977,0.847989,0.770696,0.818225,0.745866,0.59326,0.7839,0.69836,0.753676,0.825978,0.69523,0.7380338,0.6174744,0.758787,0.735561,0.737921,0.8156,0.696868,0.750917,0.66841,0.610702,0.720243,0.619428,0.672336,0.645482,0.640773,0.775238,0.6766511,0.756616,0.727372,0.778159,0.780839,0.737832,0.658927,0.835972,0.712306,0.601075,0.805493,0.717754,0.70359,0.831348,0.67309,0.733739,0.74867,0.831933,0.6438737,0.853235,0.714099,0.769417,0.752238,0.645499,0.712895,0.747018,0.775401,0.657639,0.715984,0.7405,0.729131,0.737553,0.792863,0.671654,0.671207,0.770186,0.5806525,0.827732,0.773025,0.787995,0.756275,0.760407,0.837942,0.682658,0.782171,0.760322,0.758026,0.732592,0.6563747,0.66763,0.6094654,0.69955,0.708482,0.722514,0.792865
0.786908,0.811268,0.908203,0.870935,1.0,0.754987,0.724659,0.76817,0.774238,0.826464,0.740668,0.706423,0.834855,0.90023,0.806553,0.878006,0.734017,0.765648,0.853841,0.863607,0.827348,0.852802,0.798307,0.692226,0.836822,0.7573329,0.863566,0.757078,0.73497,0.874901,0.762582,0.77126,0.840476,0.772679,0.891522,0.859421,0.780709,0.732052,0.757902,0.744804,0.686511,0.791067,0.748268,0.70629,0.853688,0.642665,0.871673,0.822109,0.7501,0.772048,0.721184,0.695166,0.805396,0.785953,0.708943,0.841426,0.753718,0.7632,0.878634,0.753305,0.703983,0.829041,0.879506,0.7067178,0.785654,0.777183,0.808058,0.84216,0.742532,0.806345,0.687736,0.823531,0.791362,0.76512,0.797039,0.767027,0.772426,0.874463,0.75013,0.789933,0.832578,0.64949,0.783297,0.8279,0.770366,0.846283,0.816376,0.731622,0.768502,0.801222,0.870834,0.794752,0.786469,0.802428,0.771483,0.768377,0.752954,0.772927,0.778503,0.784219
0.6406171,0.658509,0.739179,0.668923,0.754987,1.0,0.591437,0.739482,0.65593,0.723294,0.720129,0.737143,0.698304,0.662493,0.654322,0.712347,0.700814,0.666547,0.618897,0.636084,0.67284,0.695984,0.639058,0.601684,0.721256,0.647375,0.711301,0.616102,0.684836,0.746275,0.763471,0.77499,0.735757,0.714914,0.772856,0.709422,0.6007558,0.725453,0.678342,0.717903,0.674601,0.728224,0.711936,0.665169,0.729713,0.647175,0.731133,0.69258,0.6821613,0.698674,0.741152,0.763822,0.720337,0.736247,0.735437,0.771537,0.757606,0.692539,0.712011,0.744501,0.738881,0.718072,0.689958,0.753865,0.714957,0.673994,0.658459,0.657394,0.644739,0.683295,0.621682,0.665293,0.689486,0.666638,0.723877,0.682607,0.693626,0.671261,0.62617,0.789088,0.725121,0.686537,0.661312,0.654419,0.683157,0.65874,0.671847,0.564058,0.631669,0.751152,0.852636,0.636308,0.736964,0.752928,0.748829,0.792927,0.696907,0.677239,0.764032,0.6130945
0.760193,0.697445,0.781147,0.641855,0.724659,0.591437,1.0,0.842418,0.653812,0.784722,0.766177,0.615913,0.805365,0.722282,0.82304,0.771291,0.717184,0.815992,0.806744,0.804716,0.774923,0.842254,0.839072,0.707965,0.86681,0.765437,0.80195,0.700333,0.720365,0.7864,0.809607,0.637448,0.806205,0.735929,0.756415,0.828775,0.744979,0.721259,0.932761,0.6784576,0.758675,0.736039,0.662213,0.7571433,0.7249,0.725819,0.746494,0.835593,0.773276,0.776184,0.66878,0.853035,0.767333,0.750939,0.819619,0.628862,0.789982,0.77252,0.799649,0.719794,0.700372,0.747127,0.788789,0.79182,0.696443,0.739713,0.802127,0.782231,0.753543,0.864811,0.6902795,0.823361,0.874834,0.783325,0.7241898,0.832221,0.801882,0.727236,0.816663,0.668934,0.783468,0.738174,0.666394,0.756349,0.701365,0.828954,0.659267,0.746202,0.831717,0.803323,0.702728,0.773631,0.773587,0.731713,0.647225,0.733601,0.75353,0.795296,0.78162,0.835257
0.790656,0.769324,0.823169,0.7041,0.76817,0.739482,0.842418,1.0,0.76753,0.839463,0.862526,0.6290513,0.809945,0.7511,0.816631,0.827276,0.810928,0.836255,0.73384,0.772994,0.794647,0.876964,0.828969,0.735258,0.908628,0.766215,0.882762,0.7191455,0.751928,0.785197,0.801398,0.730532,0.89298,0.776128,0.83793,0.769381,0.775306,0.7901,0.846772,0.6954,0.835715,0.835727,0.7404722,0.793993,0.86526,0.81537,0.719798,0.834172,0.908275,0.807961,0.823212,0.878046,0.865948,0.8267595,0.830577,0.821303,0.957856,0.913602,0.916647,0.823967,0.67926,0.839168,0.752345,0.907388,0.775138,0.8230211,0.792283,0.820454,0.787527,0.925386,0.741868,0.858106,0.913515,0.755715,0.853651,0.891162,0.870971,0.825556,0.769228,0.6796735,0.844583,0.836718,0.733174,0.830978,0.818444,0.902572,0.786257,0.771282,0.861163,0.85728,0.754612,0.867315,0.83453,0.816543,0.760241,0.722834,0.772841,0.806533,0.885151,0.82971
0.717108,0.769352,0.735093,0.753799,0.774238,0.65593,0.653812,0.76753,1.0,0.775675,0.809726,0.797008,0.6802642,0.761847,0.702071,0.7285927,0.6287178,0.77529,0.747469,0.72088,0.706715,0.80383,0.829879,0.57803,0.785792,0.823612,0.803782,0.734298,0.600406,0.774612,0.75227,0.684929,0.815651,0.7600386,0.823458,0.657353,0.618821,0.654512,0.717961,0.610235,0.729231,0.893443,0.842911,0.793539,0.73315,0.783052,0.721085,0.761388,0.801248,0.710635,0.794476,0.738623,0.754833,0.885984,0.632333,0.790336,0.765719,0.896293,0.75448,0.72401,0.654908,0.726087,0.723897,0.772721,0.665457,0.651693,0.6967632,0.706289,0.69025,0.78206,0.539688,0.725738,0.821844,0.755294,0.69652,0.835769,0.707135,0.798558,0.716953,0.686975,0.6933066,0.637607,0.640359,0.74644,0.910021,0.79166,0.669776,0.679797,0.675145,0.670453,0.730792,0.6473102,0.71179,0.88338,0.828111,0.768274,0.721097,0.797535,0.747458,0.714652
0.769978,0.7409812,0.800507,0.814144,0.826464,0.723294,0.784722,0.839463,0.775675,1.0,0.837246,0.840101,0.732573,0.756065,0.7728841,0.844614,0.6364432,0.805505,0.849896,0.780712,0.722021,0.926891,0.808651,0.652735,0.929171,0.871032,0.84705,0.770061,0.677148,0.841046,0.762536,0.665836,0.769336,0.785651,0.902372,0.764349,0.663018,0.761957,0.721627,0.739792,0.631804,0.800083,0.739542,0.865909,0.770906,0.779368,0.68069,0.738713,0.838282,0.759723,0.718452,0.846126,0.861728,0.723195,0.798818,0.737853,0.826923,0.78874,0.92411,0.805031,0.722479,0.676305,0.77015,0.76343,0.749517,0.708612,0.798373,0.697094,0.633557,0.822347,0.66157,0.857873,0.804986,0.761362,0.788055,0.899038,0.723396,0.771098,0.676091,0.637897,0.760982,0.6853356,0.7187347,0.828761,0.718556,0.83505,0.701745,0.814886,0.742623,0.791945,0.729508,0.814919,0.751098,0.84725,0.763322,0.843801,0.744403,0.6432279,0.760966,0.831535
0.696379,0.631896,0.714613,0.684075,0.740668,0.720129,0.766177,0.862526,0.809726,0.837246,1.0,0.808522,0.733283,0.700797,0.6623469,0.721738,0.7700115,0.754711,0.759177,0.733813,0.714778,0.818101,0.713912,0.786074,0.857442,0.804845,0.845438,0.69045,0.710347,0.792291,0.780698,0.672666,0.796013,0.763479,0.833641,0.817128,0.734012,0.691761,0.819271,0.630016,0.733922,0.914997,0.767884,0.898554,0.741855,0.758597,0.65224,0.738245,0.746512,0.685204,0.814577,0.778446,0.733286,0.80126,0.911926,0.687627,0.797448,0.802594,0.809234,0.815837,0.785071,0.750735,0.713576,0.756709,0.682508,0.750207,0.6406826,0.787399,0.762978,0.834226,0.743055,0.750883,0.873632,0.740772,0.758163,0.86943,0.774298,0.760115,0.700772,0.728506,0.695946,0.648374,0.65018,0.794001,0.76842,0.791904,0.726385,0.718102,0.766866,0.684034,0.63582,0.84361,0.708166,0.882851,0.743887,0.758796,0.714301,0.803479,0.7171702,0.696058
0.67419,0.675965,0.662653,0.663399,0.706423,0.737143,0.615913,0.6290513,0.797008,0.840101,0.808522,1.0,0.602919,0.631278,0.578955,0.703638,0.5463778,0.727212,0.752017,0.698675,0.556334,0.765453,0.743239,0.6235289,0.732718,0.828684,0.730094,0.6224999,0.676605,0.810791,0.803396,0.578743,0.676,0.766904,0.814028,0.65036,0.52373,0.6057128,0.591177,0.708023,0.580365,0.805292,0.7498425,0.834646,0.655905,0.719279,0.599031,0.5905329,0.641743,0.612712,0.736694,0.693591,0.6409065,0.676279,0.714049,0.6075408,0.638098,0.6503191,0.686652,0.688093,0.616113,0.602002,0.6797066,0.638337,0.645515,0.564828,0.594814,0.611738,0.5758,0.704085,0.5738694,0.640197,0.67447,0.707152,0.59826,0.725581,0.535998,0.695204,0.701607,0.610394,0.582981,0.5552322,0.672772,0.742696,0.684424,0.678396,0.567308,0.6232758,0.539185,0.5686245,0.6156305,0.6562739,0.6089583,0.8198997,0.775905,0.893753,0.713654,0.603752,0.6073355,0.6137949
0.927973,0.789859,0.847837,0.737716,0.834855,0.698304,0.805365,0.809945,0.6802642,0.732573,0.733283,0.602919,1.0,0.847098,0.941106,0.83633,0.878655,0.77251,0.783557,0.908385,0.945959,0.850003,0.815388,0.749515,0.850792,0.719631,0.914053,0.77852,0.791468,0.9231,0.825147,0.806161,0.843018,0.718508,0.879225,0.81519,0.895032,0.791387,0.811962,0.77423,0.822366,0.769931,0.686793,0.714981,0.724741,0.657681,0.743714,0.801997,0.818963,0.7710522,0.75356,0.820909,0.81118,0.776654,0.780323,0.818292,0.805129,0.7402286,0.7376391,0.773597,0.706293,0.945262,0.94632,0.791719,0.838352,0.923007,0.759029,0.917568,0.812437,0.777323,0.751918,0.90072,0.857856,0.737078,0.770483,0.808945,0.918027,0.907189,0.842085,0.769125,0.809273,0.747977,0.692331,0.732003,0.817054,0.833757,0.837475,0.7206494,0.801888,0.776109,0.753463,0.681369,0.759536,0.748956,0.681774,0.733099,0.81153,0.747705,0.808838,0.815414
0.796984,0.798157,0.907278,0.931829,0.90023,0.662493,0.722282,0.7511,0.761847,0.756065,0.700797,0.631278,0.847098,1.0,0.864968,0.817052,0.769368,0.772637,0.882447,0.920719,0.864047,0.815827,0.793659,0.661758,0.799881,0.713135,0.840161,0.77063,0.691559,0.835211,0.7307507,0.780879,0.80096,0.727825,0.851564,0.749291,0.783317,0.669632,0.703976,0.76025,0.6947,0.765976,0.707462,0.690989,0.795158,0.638447,0.758776,0.753936,0.785718,0.785653,0.738655,0.68884,0.789652,0.731687,0.637636,0.850591,0.74494,0.774615,0.834126,0.660413,0.726719,0.853106,0.921557,0.690356,0.889539,0.774234,0.727794,0.87311,0.750256,0.801771,0.793104,0.803853,0.784511,0.725978,0.7465151,0.721228,0.7395116,0.862053,0.771332,0.711804,0.816779,0.657893,0.839147,0.788585,0.798089,0.779066,0.794325,0.736719,0.710456,0.781698,0.7512157,0.756995,0.758025,0.726573,0.709778,0.644164,0.745217,0.7002141,0.730519,0.806363
0.90279,0.815976,0.860904,0.829356,0.806553,0.654322,0.82304,0.816631,0.702071,0.7728841,0.6623469,0.578955,0.941106,0.864968,1.0,0.877071,0.792245,0.749181,0.767832,0.878064,0.898946,0.859939,0.805756,0.675545,0.856558,0.734426,0.858909,0.835717,0.803372,0.87399,0.806214,0.778032,0.776462,0.717115,0.860125,0.754983,0.861197,0.767732,0.76097,0.784264,0.804166,0.715396,0.6482247,0.747621,0.718741,0.738279,0.725107,0.784292,0.821081,0.790404,0.734712,0.839387,0.885106,0.762913,0.73993,0.823909,0.819018,0.750657,0.797749,0.746442,0.731886,0.858158,0.93761,0.744859,0.840309,0.915897,0.80583,0.858964,0.745656,0.774968,0.771021,0.912482,0.816282,0.780267,0.794025,0.824609,0.897666,0.866232,0.7928,0.721309,0.824507,0.758162,0.767407,0.751017,0.792367,0.849355,0.817047,0.824539,0.7654736,0.825459,0.744544,0.722689,0.814233,0.722644,0.664369,0.72617,0.809637,0.702661,0.7459653,0.8602144
0.876164,0.771005,0.889982,0.884826,0.878006,0.712347,0.771291,0.827276,0.7285927,0.844614,0.721738,0.703638,0.83633,0.817052,0.877071,1.0,0.755822,0.77492,0.709914,0.788909,0.7575271,0.88537,0.840692,0.5772734,0.852191,0.745097,0.862637,0.852261,0.76153,0.908011,0.791727,0.775656,0.793106,0.771678,0.892457,0.72697,0.767377,0.780535,0.743651,0.747922,0.66873,0.709664,0.688089,0.72463,0.782625,0.780511,0.79525,0.804747,0.857112,0.729186,0.757123,0.862956,0.909212,0.785792,0.724139,0.862106,0.873326,0.764194,0.865187,0.754923,0.648349,0.805555,0.854734,0.800288,0.816753,0.802024,0.847435,0.734041,0.668074,0.768339,0.681695,0.850732,0.812228,0.76272,0.7957073,0.829277,0.868633,0.867358,0.698982,0.686739,0.806845,0.690317,0.726162,0.787807,0.863786,0.864786,0.768772,0.843225,0.739035,0.802796,0.819331,0.75436,0.777211,0.725884,0.672994,0.766164,0.7424,0.747038,0.85327,0.795521
0.806794,0.716559,0.756461,0.685126,0.734017,0.700814,0.717184,0.810928,0.6287178,0.6364432,0.7700115,0.5463778,0.878655,0.769368,0.792245,0.755822,1.0,0.7299116,0.667765,0.80311,0.867677,0.72977,0.742917,0.742116,0.720735,0.622682,0.825513,0.76607,0.809551,0.766454,0.724373,0.848325,0.797931,0.682553,0.763058,0.760009,0.887598,0.762957,0.813178,0.628151,0.787029,0.703648,0.623039,0.721217,0.698875,0.702692,0.677445,0.783182,0.752117,0.716866,0.758656,0.718301,0.760297,0.740445,0.834341,0.761787,0.815862,0.723402,0.706781,0.780704,0.744861,0.915793,0.799253,0.747919,0.842867,0.892338,0.638384,0.905825,0.886047,0.796716,0.929938,0.773482,0.821341,0.745256,0.714278,0.736518,0.863463,0.851621,0.770215,0.81864,0.711958,0.733512,0.69643,0.735523,0.765147,0.766267,0.831743,0.738081,0.747153,0.729629,0.692869,0.778358,0.756155,0.670999,0.62005,0.627453,0.729971,0.753643,0.77485,0.70877
0.775052,0.730802,0.804908,0.712027,0.765648,0.666547,0.815992,0.836255,0.77529,0.805505,0.754711,0.727212,0.77251,0.772637,0.749181,0.77492,0.7299116,1.0,0.845282,0.824563,0.809809,0.863333,0.947985,0.6714,0.827455,0.804395,0.801561,0.797811,0.62237,0.786425,0.785396,0.730306,0.798637,0.941141,0.84116,0.633415,0.6386125,0.829306,0.826705,0.660479,0.813455,0.771948,0.6640281,0.750744,0.835808,0.855204,0.833532,0.888542,0.843021,0.872547,0.721048,0.802205,0.805565,0.838859,0.653691,0.721237,0.845684,0.834747,0.873925,0.751242,0.608636,0.801375,0.806467,0.877808,0.843278,0.7002686,0.683889,0.776847,0.80072,0.894866,0.72879,0.780642,0.87614,0.848286,0.778174,0.809764,0.682347,0.841674,0.824525,0.601303,0.803909,0.810411,0.775481,0.85508,0.793334,0.8567,0.668064,0.698067,0.714919,0.857768,0.7350089,0.776988,0.839206,0.750583,0.72714,0.685872,0.902316,0.864448,0.872096,0.849258
0.736763,0.791651,0.816223,0.813977,0.853841,0.618897,0.806744,0.73384,0.747469,0.849896,0.759177,0.752017,0.783557,0.882447,0.767832,0.709914,0.667765,0.845282,1.0,0.88326,0.806552,0.8331608,0.847655,0.744878,0.84006,0.804126,0.804275,0.692156,0.64444,0.828884,0.76583,0.5803263,0.750617,0.754105,0.850953,0.776062,0.692324,0.654559,0.733181,0.758625,0.651993,0.787226,0.734085,0.819453,0.722388,0.735636,0.701261,0.741635,0.790601,0.796729,0.646167,0.753614,0.770186,0.6616464,0.740285,0.757433,0.702318,0.774993,0.856356,0.693977,0.697795,0.728163,0.8749,0.752906,0.777349,0.6983872,0.714381,0.7914978,0.718795,0.830455,0.74419,0.809928,0.80478,0.81371,0.716016,0.740057,0.621857,0.76693,0.764276,0.608693,0.77928,0.6827209,0.818918,0.816489,0.680159,0.749348,0.722417,0.744192,0.697874,0.783588,0.736442,0.80147,0.73217,0.788834,0.749306,0.7534511,0.764666,0.710674,0.746024,0.845299
0.854127,0.826101,0.860556,0.847989,0.863607,0.636084,0.804716,0.772994,0.72088,0.780712,0.733813,0.698675,0.908385,0.920719,0.878064,0.788909,0.80311,0.824563,0.88326,1.0,0.933365,0.872197,0.840453,0.655819,0.84682,0.751722,0.879525,0.747798,0.647496,0.870811,0.835855,0.761214,0.838931,0.754672,0.887812,0.796226,0.773508,0.745869,0.769935,0.741573,0.751494,0.809202,0.705846,0.735206,0.7671483,0.6659141,0.706376,0.7807174,0.826235,0.799709,0.795301,0.7412064,0.816346,0.7178581,0.705504,0.77992,0.757287,0.715964,0.820265,0.700599,0.658086,0.851317,0.94155,0.776642,0.883792,0.805756,0.695823,0.888316,0.764611,0.815069,0.776016,0.849497,0.831107,0.764123,0.717246,0.757809,0.786485,0.876574,0.814021,0.664925,0.771518,0.69415,0.7515631,0.794512,0.790039,0.7638997,0.764896,0.690871,0.757865,0.7705486,0.734593,0.719802,0.7203442,0.739475,0.6849192,0.738118,0.778935,0.7123613,0.8092,0.818926
0.888032,0.759524,0.816966,0.770696,0.827348,0.67284,0.774923,0.794647,0.706715,0.722021,0.714778,0.556334,0.945959,0.864047,0.898946,0.7575271,0.867677,0.809809,0.806552,0.933365,1.0,0.856663,0.84664,0.704031,0.843713,0.701493,0.893218,0.74789,0.697564,0.843965,0.807721,0.815181,0.847015,0.723803,0.836319,0.794512,0.850457,0.7471741,0.810287,0.769472,0.779017,0.724965,0.712893,0.675431,0.755045,0.629215,0.6826101,0.7888011,0.837174,0.85159,0.744413,0.744598,0.768749,0.75979,0.728362,0.78088,0.7382298,0.738381,0.8118,0.730704,0.721566,0.879962,0.922411,0.768466,0.886456,0.88924,0.685844,0.918744,0.861675,0.805768,0.805132,0.897798,0.838587,0.725394,0.716076,0.774858,0.846317,0.880766,0.800413,0.794595,0.850242,0.67749,0.75107,0.782934,0.740909,0.800665,0.843693,0.657704,0.857847,0.813705,0.724808,0.727369,0.733602,0.751345,0.715926,0.692636,0.763237,0.775287,0.787903,0.872915
0.847935,0.706144,0.824019,0.818225,0.852802,0.695984,0.842254,0.876964,0.80383,0.926891,0.818101,0.765453,0.850003,0.815827,0.859939,0.88537,0.72977,0.863333,0.8331608,0.872197,0.856663,1.0,0.886657,0.664046,0.974287,0.792546,0.94948,0.772478,0.708175,0.917894,0.832755,0.709974,0.837058,0.848341,0.960255,0.771509,0.71525,0.737232,0.813012,0.729575,0.749072,0.822176,0.7314278,0.804381,0.820765,0.778636,0.729749,0.762576,0.871836,0.786823,0.783109,0.826699,0.838882,0.796159,0.762675,0.813307,0.836463,0.814192,0.927061,0.732734,0.6331817,0.793029,0.890132,0.809159,0.816038,0.832059,0.726223,0.836727,0.753862,0.875799,0.703957,0.944817,0.879738,0.778956,0.8247944,0.887133,0.803889,0.916672,0.782669,0.643534,0.891802,0.676437,0.767204,0.89593,0.800515,0.919191,0.743065,0.755777,0.844146,0.819514,0.698763,0.840249,0.827238,0.826025,0.741448,0.775259,0.829267,0.739854,0.798623,0.887879
0.808323,0.710119,0.804158,0.745866,0.798307,0.639058,0.839072,0.828969,0.829879,0.808651,0.713912,0.743239,0.815388,0.793659,0.805756,0.840692,0.742917,0.947985,0.847655,0.840453,0.84664,0.886657,1.0,0.635979,0.84723,0.802241,0.864844,0.7789181,0.607661,0.832403,0.822714,0.769864,0.827471,0.869607,0.8413613,0.646012,0.643507,0.800967,0.84197,0.66691,0.785463,0.776588,0.681208,0.758708,0.769588,0.851042,0.79424,0.88356,0.872549,0.844574,0.674473,0.820441,0.812796,0.858769,0.63781,0.736958,0.839621,0.829877,0.838246,0.719796,0.635497,0.808425,0.834044,0.865517,0.823282,0.751063,0.72533,0.805098,0.803223,0.883257,0.683762,0.837187,0.899675,0.882543,0.7232321,0.825551,0.735629,0.872324,0.810924,0.67001,0.808071,0.752281,0.728817,0.837677,0.835954,0.881407,0.675915,0.730045,0.75734,0.826974,0.775999,0.739099,0.830629,0.783059,0.747254,0.728411,0.860561,0.856394,0.86629,0.892415
0.667701,0.620832,0.675569,0.59326,0.692226,0.601684,0.707965,0.735258,0.57803,0.652735,0.786074,0.6235289,0.749515,0.661758,0.675545,0.5772734,0.742116,0.6714,0.744878,0.655819,0.704031,0.664046,0.635979,1.0,0.721669,0.692629,0.722993,0.617511,0.741807,0.713191,0.5973382,0.625515,0.723699,0.702034,0.665983,0.782783,0.822284,0.6909559,0.703901,0.752188,0.781339,0.735959,0.693232,0.695022,0.744678,0.72644,0.678739,0.694934,0.707526,0.788061,0.61622,0.688085,0.663272,0.664317,0.735741,0.68463,0.675616,0.701797,0.752298,0.782009,0.785377,0.755025,0.703385,0.748392,0.65554,0.772063,0.705526,0.781603,0.78518,0.754056,0.720848,0.737139,0.709145,0.6244903,0.791678,0.6793157,0.739497,0.6586836,0.689672,0.668399,0.743688,0.669294,0.734418,0.7207911,0.552363,0.714539,0.853058,0.720439,0.809988,0.735176,0.6064436,0.785446,0.670654,0.734852,0.703574,0.602599,0.735146,0.79648,0.693877,0.775276
0.825412,0.702699,0.817026,0.7839,0.836822,0.721256,0.86681,0.908628,0.785792,0.929171,0.857442,0.732718,0.850792,0.799881,0.856558,0.852191,0.720735,0.827455,0.84006,0.84682,0.843713,0.974287,0.84723,0.721669,1.0,0.816431,0.93258,0.709104,0.7117031,0.895346,0.8384712,0.655577,0.806942,0.799459,0.934587,0.837688,0.732417,0.74136,0.826343,0.766864,0.765575,0.859649,0.77632,0.847009,0.796623,0.766546,0.721872,0.791674,0.868465,0.80078,0.796757,0.878602,0.847987,0.793838,0.819248,0.803409,0.859576,0.839973,0.939105,0.77983,0.710761,0.767951,0.885094,0.81761,0.767978,0.837371,0.772592,0.832113,0.741746,0.877328,0.693695,0.939941,0.899435,0.788272,0.840067,0.91229,0.821166,0.858646,0.747474,0.659944,0.887548,0.692175,0.743853,0.843756,0.777468,0.900887,0.751294,0.732112,0.863141,0.846375,0.705644,0.844852,0.813212,0.874608,0.7369481,0.803691,0.786591,0.757483,0.795893,0.895213
0.738719,0.741998,0.754412,0.69836,0.7573329,0.647375,0.765437,0.766215,0.823612,0.871032,0.804845,0.828684,0.719631,0.713135,0.734426,0.745097,0.622682,0.804395,0.804126,0.751722,0.701493,0.792546,0.802241,0.692629,0.816431,1.0,0.747549,0.78026,0.615096,0.780178,0.800191,0.71838,0.768809,0.760494,0.764669,0.739656,0.645968,0.805132,0.774353,0.736048,0.6674,0.855346,0.792633,0.898875,0.769636,0.77634,0.804931,0.851665,0.74535,0.690135,0.643512,0.854348,0.76358,0.778485,0.698183,0.657045,0.780052,0.79439,0.821114,0.826076,0.717156,0.712865,0.737032,0.798476,0.708963,0.63954,0.842411,0.643727,0.56896,0.807358,0.594033,0.708333,0.857808,0.815565,0.756313,0.91787,0.655682,0.68264,0.673121,0.678505,0.639256,0.6351571,0.6387597,0.748972,0.693594,0.7687,0.6784556,0.721186,0.645079,0.718808,0.744446,0.685256,0.750106,0.906397,0.849078,0.899058,0.747343,0.757116,0.788305,0.730644
0.888447,0.6941788,0.803769,0.753676,0.863566,0.711301,0.80195,0.882762,0.803782,0.84705,0.845438,0.730094,0.914053,0.840161,0.858909,0.862637,0.825513,0.801561,0.804275,0.879525,0.893218,0.94948,0.864844,0.722993,0.93258,0.747549,1.0,0.724232,0.736019,0.949656,0.837442,0.771866,0.883385,0.764818,0.948919,0.788295,0.778723,0.707222,0.813907,0.720505,0.770881,0.863962,0.749691,0.773781,0.791315,0.717618,0.691468,0.763805,0.869677,0.753315,0.797918,0.789383,0.797515,0.7943,0.825956,0.865612,0.833052,0.815011,0.861064,0.742775,0.683276,0.862398,0.89077,0.818351,0.80255,0.907087,0.674246,0.907486,0.816337,0.865942,0.737258,0.931342,0.892672,0.74071,0.811968,0.842875,0.863502,0.954278,0.798122,0.752306,0.86271,0.671532,0.691328,0.849284,0.822982,0.899815,0.801238,0.6893231,0.847517,0.739868,0.707712,0.831135,0.779058,0.834564,0.759832,0.778743,0.788921,0.767269,0.800726,0.837799
0.884185,0.768692,0.84545,0.825978,0.757078,0.616102,0.700333,0.7191455,0.734298,0.770061,0.69045,0.6224999,0.77852,0.77063,0.835717,0.852261,0.76607,0.797811,0.692156,0.747798,0.74789,0.772478,0.7789181,0.617511,0.709104,0.78026,0.724232,1.0,0.782823,0.785054,0.6352131,0.7918,0.695252,0.765599,0.793521,0.591176,0.788429,0.659298,0.658925,0.646536,0.6319588,0.616984,0.587595,0.73683,0.697382,0.782087,0.792499,0.737638,0.799553,0.660924,0.601185,0.772075,0.893079,0.730539,0.68682,0.779834,0.72785,0.7082764,0.762791,0.708735,0.69316,0.763771,0.806138,0.717093,0.824308,0.825043,0.741423,0.693476,0.62411,0.710392,0.771433,0.778727,0.709725,0.758104,0.688963,0.740367,0.787778,0.821218,0.642739,0.655101,0.70815,0.662162,0.745107,0.7992537,0.781643,0.762764,0.788414,0.953091,0.60712,0.658242,0.726263,0.7238627,0.705726,0.693822,0.740598,0.669788,0.766287,0.670857,0.772822,0.7413311
0.739407,0.71077,0.787037,0.69523,0.73497,0.684836,0.720365,0.751928,0.600406,0.677148,0.710347,0.676605,0.791468,0.691559,0.803372,0.76153,0.809551,0.62237,0.64444,0.647496,0.697564,0.708175,0.607661,0.741807,0.7117031,0.615096,0.736019,0.782823,1.0,0.755966,0.666321,0.744056,0.723524,0.653479,0.732943,0.818931,0.900074,0.627898,0.717467,0.703139,0.757036,0.651212,0.643731,0.733408,0.629092,0.682058,0.660147,0.641078,0.648563,0.649388,0.682835,0.72589,0.787084,0.698933,0.795396,0.735974,0.681622,0.636557,0.701125,0.65409,0.690311,0.825971,0.789732,0.622862,0.641638,0.857259,0.74888,0.808386,0.754153,0.708278,0.772228,0.756103,0.715691,0.6842087,0.722497,0.702628,0.884465,0.747916,0.684601,0.702506,0.753513,0.622002,0.720318,0.726393,0.692865,0.731936,0.80828,0.847963,0.804073,0.675484,0.631513,0.785005,0.657007,0.596721,0.597534,0.718817,0.703825,0.644351,0.646282,0.713826
0.902274,0.753045,0.85162,0.7380338,0.874901,0.746275,0.7864,0.785197,0.774612,0.841046,0.792291,0.810791,0.9231,0.835211,0.87399,0.908011,0.766454,0.786425,0.828884,0.870811,0.843965,0.917894,0.832403,0.713191,0.895346,0.780178,0.949656,0.785054,0.755966,1.0,0.877477,0.7260891,0.84361,0.793382,0.960437,0.785541,0.777686,0.7005048,0.76403,0.777899,0.743016,0.85258,0.786944,0.789841,0.745337,0.711919,0.769335,0.758241,0.788677,0.71907,0.784574,0.839621,0.828518,0.790207,0.79014,0.841673,0.791724,0.744628,0.793573,0.746897,0.65761,0.881746,0.928461,0.771309,0.790349,0.842544,0.747219,0.85469,0.735821,0.789469,0.675169,0.893605,0.836835,0.772899,0.773373,0.801428,0.854616,0.92672,0.828186,0.720624,0.815728,0.666226,0.68418,0.818848,0.835942,0.854332,0.766437,0.724942,0.743581,0.707921,0.772786,0.726302,0.759055,0.85553,0.779914,0.847328,0.823741,0.7003117,0.79791,0.792677
0.810333,0.696137,0.759951,0.6174744,0.762582,0.763471,0.809607,0.801398,0.75227,0.762536,0.780698,0.803396,0.825147,0.7307507,0.806214,0.791727,0.724373,0.785396,0.76583,0.835855,0.807721,0.832755,0.822714,0.5973382,0.8384712,0.800191,0.837442,0.6352131,0.666321,0.877477,1.0,0.65203314,0.806585,0.72621,0.832425,0.763964,0.654729,0.729159,0.805958,0.793849,0.736991,0.865225,0.827236,0.843318,0.723385,0.688132,0.715612,0.800415,0.774038,0.722317,0.853936,0.847967,0.766501,0.745265,0.780213,0.798088,0.805982,0.739522,0.751208,0.774272,0.685091,0.790755,0.828847,0.796473,0.767674,0.783438,0.671262,0.772359,0.698782,0.794018,0.667332,0.801224,0.881958,0.841331,0.729676,0.826424,0.760738,0.791952,0.77991,0.710036,0.771442,0.667233,0.721393,0.725297,0.80103,0.809245,0.671506,0.595695,0.723707,0.764066,0.75858,0.693906,0.809691,0.873932,0.762837,0.90318,0.733218,0.715349,0.802488,0.774818
0.815447,0.675398,0.738565,0.758787,0.77126,0.77499,0.637448,0.730532,0.684929,0.665836,0.672666,0.578743,0.806161,0.780879,0.778032,0.775656,0.848325,0.730306,0.5803263,0.761214,0.815181,0.709974,0.769864,0.625515,0.655577,0.71838,0.771866,0.7918,0.744056,0.7260891,0.65203314,1.0,0.752533,0.677494,0.709749,0.680276,0.79748,0.803364,0.757757,0.643841,0.698211,0.657014,0.61027,0.653733,0.74643,0.590183,0.771659,0.816092,0.675716,0.728123,0.61693,0.667877,0.684094,0.711946,0.635459,0.748355,0.748466,0.739133,0.719947,0.763787,0.756434,0.825888,0.748204,0.675893,0.853056,0.806377,0.714402,0.818229,0.799657,0.744654,0.758784,0.702012,0.775815,0.721718,0.698351,0.748853,0.769783,0.843584,0.628368,0.882743,0.710862,0.652988,0.668105,0.6807168,0.707162,0.787034,0.78216,0.683628,0.707471,0.729664,0.751111,0.655968,0.700993,0.651764,0.665771,0.726916,0.720427,0.767712,0.697886,0.724581
0.7662546,0.825774,0.876403,0.735561,0.840476,0.735757,0.806205,0.89298,0.815651,0.769336,0.796013,0.676,0.843018,0.80096,0.776462,0.793106,0.797931,0.798637,0.750617,0.838931,0.847015,0.837058,0.827471,0.723699,0.806942,0.768809,0.883385,0.695252,0.723524,0.84361,0.806585,0.752533,1.0,0.807685,0.852081,0.788677,0.778801,0.836481,0.844053,0.772243,0.835067,0.824769,0.821697,0.7198,0.898447,0.767746,0.79923,0.828034,0.901065,0.818109,0.834611,0.797434,0.80776,0.892692,0.748811,0.828516,0.877472,0.831187,0.859983,0.726285,0.705007,0.891864,0.814211,0.889748,0.771897,0.782609,0.783844,0.853155,0.780461,0.860681,0.706139,0.7997918,0.87849,0.755476,0.868088,0.809654,0.809653,0.868489,0.846212,0.757621,0.7712975,0.797148,0.734031,0.8158,0.868165,0.826885,0.7657,0.694217,0.815047,0.807082,0.807254,0.793933,0.758083,0.777338,0.788938,0.70509,0.830551,0.7687068,0.898179,0.790101
0.7397031,0.732526,0.79553,0.737921,0.772679,0.714914,0.735929,0.776128,0.7600386,0.785651,0.763479,0.766904,0.718508,0.727825,0.717115,0.771678,0.682553,0.941141,0.754105,0.754672,0.723803,0.848341,0.869607,0.702034,0.799459,0.760494,0.764818,0.765599,0.653479,0.793382,0.72621,0.677494,0.807685,1.0,0.845426,0.623861,0.616277,0.811772,0.734468,0.688221,0.834615,0.736959,0.708827,0.712053,0.866596,0.883289,0.84776,0.821846,0.776242,0.863947,0.768498,0.761968,0.792872,0.855406,0.669793,0.71365,0.775341,0.76424,0.838429,0.708094,0.624855,0.736323,0.75701,0.850243,0.792319,0.682877,0.6513237,0.704143,0.764242,0.842601,0.691794,0.764814,0.768225,0.787175,0.815342,0.767377,0.672209,0.818808,0.826582,0.581999,0.811154,0.7763526,0.772602,0.90025,0.77835,0.813836,0.641979,0.698168,0.695924,0.805001,0.778112,0.807609,0.805828,0.746542,0.763872,0.662312,0.948429,0.829489,0.828042,0.812342
0.860973,0.764907,0.867717,0.8156,0.891522,0.772856,0.756415,0.83793,0.823458,0.902372,0.833641,0.814028,0.879225,0.851564,0.860125,0.892457,0.763058,0.84116,0.850953,0.887812,0.836319,0.960255,0.8413613,0.665983,0.934587,0.764669,0.948919,0.793521,0.732943,0.960437,0.832425,0.709749,0.852081,0.845426,1.0,0.7423293,0.707903,0.705921,0.740782,0.70552,0.751996,0.865929,0.751391,0.798359,0.7936,0.776839,0.725644,0.7147577,0.839515,0.743303,0.821276,0.7862195,0.85722,0.820919,0.799176,0.859723,0.804575,0.787295,0.880823,0.739786,0.678937,0.846296,0.911662,0.786429,0.805044,0.834082,0.671453,0.848722,0.746266,0.844621,0.714303,0.907828,0.831772,0.768097,0.809345,0.816299,0.821793,0.934554,0.815461,0.68347,0.831782,0.692308,0.738026,0.871088,0.850295,0.85848,0.739561,0.735988,0.752319,0.741148,0.779253,0.801762,0.772179,0.85304,0.784746,0.792015,0.842943,0.703485,0.79154,0.807584
0.662475,0.696469,0.772823,0.696868,0.859421,0.709422,0.828775,0.769381,0.657353,0.764349,0.817128,0.65036,0.81519,0.749291,0.754983,0.72697,0.760009,0.633415,0.776062,0.796226,0.794512,0.771509,0.646012,0.782783,0.837688,0.739656,0.788295,0.591176,0.818931,0.785541,0.763964,0.680276,0.788677,0.623861,0.7423293,1.0,0.829979,0.712532,0.853393,0.678717,0.711116,0.800791,0.692091,0.819631,0.723793,0.579167,0.75574,0.788454,0.673292,0.693933,0.731317,0.724597,0.715238,0.705526,0.851874,0.714949,0.692523,0.670243,0.784652,0.7386923,0.787615,0.785046,0.791447,0.681333,0.621472,0.783388,0.751107,0.829769,0.740801,0.78125,0.733914,0.789971,0.826452,0.7292,0.717376,0.824119,0.833972,0.705314,0.715188,0.82067,0.7449653,0.60621,0.692991,0.719471,0.640065,0.741185,0.792552,0.706748,0.877614,0.748525,0.7194289,0.824185,0.734811,0.77675,0.676339,0.766093,0.617544,0.743832,0.726705,0.732412
0.803872,0.777774,0.814858,0.750917,0.780709,0.6007558,0.744979,0.775306,0.618821,0.663018,0.734012,0.52373,0.895032,0.783317,0.861197,0.767377,0.887598,0.6386125,0.692324,0.773508,0.850457,0.71525,0.643507,0.822284,0.732417,0.645968,0.778723,0.788429,0.900074,0.777686,0.654729,0.79748,0.778801,0.616277,0.707903,0.829979,1.0,0.708624,0.755494,0.723581,0.77906,0.676187,0.680384,0.69782,0.712864,0.634062,0.725919,0.726448,0.743953,0.7246948,0.6619264,0.708489,0.788844,0.714961,0.7480974,0.791776,0.743048,0.6680503,0.731645,0.783082,0.753309,0.903156,0.831251,0.662923,0.792679,0.915268,0.762433,0.886331,0.812888,0.730069,0.846977,0.835998,0.759158,0.683232,0.740668,0.749882,0.92771,0.788707,0.708092,0.780289,0.77852,0.686557,0.767098,0.7103864,0.723906,0.783095,0.942872,0.870489,0.835603,0.739218,0.655692,0.776935,0.725789,0.663819,0.668455,0.627945,0.689945,0.724872,0.705547,0.764711
0.736034,0.745632,0.735899,0.66841,0.732052,0.725453,0.721259,0.7901,0.654512,0.761957,0.691761,0.6057128,0.791387,0.669632,0.767732,0.780535,0.762957,0.829306,0.654559,0.745869,0.7471741,0.737232,0.800967,0.6909559,0.74136,0.805132,0.707222,0.659298,0.627898,0.7005048,0.729159,0.803364,0.836481,0.811772,0.705921,0.712532,0.708624,1.0,0.809022,0.734209,0.872241,0.6922799,0.668526,0.657258,0.850565,0.800447,0.830299,0.90831,0.798902,0.846499,0.738815,0.765853,0.723565,0.812481,0.6454,0.669812,0.869389,0.7117823,0.809702,0.810328,0.673904,0.797253,0.712318,0.84136,0.790182,0.720013,0.77133,0.715885,0.792728,0.763101,0.645672,0.689241,0.808074,0.782969,0.870766,0.849478,0.721356,0.763231,0.766908,0.693456,0.718753,0.823744,0.657417,0.649199,0.715636,0.820957,0.676335,0.619121,0.755074,0.878448,0.77833,0.649127,0.839418,0.678364,0.666289,0.715093,0.879532,0.846702,0.860895,0.786342
0.729338,0.658934,0.75679,0.610702,0.757902,0.678342,0.932761,0.846772,0.717961,0.721627,0.819271,0.591177,0.811962,0.703976,0.76097,0.743651,0.813178,0.826705,0.733181,0.769935,0.810287,0.813012,0.84197,0.703901,0.826343,0.774353,0.813907,0.658925,0.717467,0.76403,0.805958,0.757757,0.844053,0.734468,0.740782,0.853393,0.755494,0.809022,1.0,0.644243,0.789941,0.782889,0.686058,0.796773,0.785074,0.725328,0.768214,0.890412,0.785569,0.776597,0.709505,0.797848,0.732487,0.77767,0.833031,0.683107,0.814734,0.80291,0.7835728,0.755945,0.746751,0.821888,0.756655,0.823283,0.719982,0.75331,0.742187,0.794501,0.831686,0.888972,0.747813,0.773266,0.938757,0.82751,0.743335,0.869891,0.824272,0.771293,0.822632,0.775083,0.791041,0.6979601,0.652757,0.771777,0.715498,0.862585,0.708736,0.648608,0.880786,0.815426,0.7040171,0.77849,0.822697,0.750803,0.672665,0.722719,0.760771,0.875523,0.824083,0.81235
0.769926,0.751645,0.821333,0.720243,0.744804,0.717903,0.6784576,0.6954,0.610235,0.739792,0.630016,0.708023,0.77423,0.76025,0.784264,0.747922,0.628151,0.660479,0.758625,0.741573,0.769472,0.729575,0.66691,0.752188,0.766864,0.736048,0.720505,0.646536,0.703139,0.777899,0.793849,0.643841,0.772243,0.688221,0.70552,0.678717,0.723581,0.734209,0.644243,1.0,0.734672,0.732069,0.829893,0.685028,0.82214,0.670038,0.755839,0.736038,0.761672,0.812638,0.763126,0.794871,0.732059,0.692897,0.637697,0.773208,0.721061,0.6492494,0.781675,0.674029,0.671512,0.725391,0.784874,0.730098,0.800242,0.728705,0.752662,0.695535,0.603466,0.658782,0.668416,0.786865,0.6642454,0.751044,0.807661,0.689218,0.726688,0.6826878,0.728335,0.639726,0.81521,0.674221,0.844391,0.691021,0.621802,0.715195,0.78681,0.694935,0.690741,0.801155,0.78326,0.702693,0.69274,0.758574,0.805389,0.781325,0.765557,0.701244,0.7426718,0.800282
0.727412,0.738355,0.746334,0.619428,0.686511,0.674601,0.758675,0.835715,0.729231,0.631804,0.733922,0.580365,0.822366,0.6947,0.804166,0.66873,0.787029,0.813455,0.651993,0.751494,0.779017,0.749072,0.785463,0.781339,0.765575,0.6674,0.770881,0.6319588,0.757036,0.743016,0.736991,0.698211,0.835067,0.834615,0.751996,0.711116,0.77906,0.872241,0.789941,0.734672,1.0,0.759343,0.783537,0.63836,0.825524,0.82227,0.755503,0.852217,0.774801,0.883467,0.817412,0.765931,0.708545,0.870251,0.674776,0.731054,0.8177659,0.776032,0.763648,0.701043,0.63556,0.830413,0.763874,0.845582,0.745592,0.817751,0.686173,0.797624,0.881702,0.802365,0.701016,0.769495,0.821482,0.754566,0.854547,0.759731,0.806688,0.80333,0.823826,0.624284,0.854128,0.850446,0.73979,0.744293,0.783728,0.832062,0.7171963,0.642569,0.823621,0.882084,0.7043608,0.742667,0.825121,0.701715,0.73662,0.601071,0.897774,0.858083,0.822953,0.836896
0.687338,0.738546,0.752082,0.672336,0.791067,0.728224,0.736039,0.835727,0.893443,0.800083,0.914997,0.805292,0.769931,0.765976,0.715396,0.709664,0.703648,0.771948,0.787226,0.809202,0.724965,0.822176,0.776588,0.735959,0.859649,0.855346,0.863962,0.616984,0.651212,0.85258,0.865225,0.657014,0.824769,0.736959,0.865929,0.800791,0.676187,0.6922799,0.782889,0.732069,0.759343,1.0,0.904805,0.868877,0.750824,0.720687,0.688941,0.786801,0.748536,0.691011,0.875655,0.795191,0.680295,0.822492,0.795442,0.748479,0.789205,0.846953,0.782566,0.782419,0.68769,0.791215,0.789932,0.795933,0.674707,0.722081,0.701358,0.796838,0.719257,0.83765,0.6135647,0.754749,0.890594,0.762984,0.750529,0.873623,0.739023,0.793621,0.789049,0.697411,0.723428,0.679072,0.696867,0.721096,0.836208,0.799541,0.718361,0.576983,0.727314,0.6869176,0.677405,0.70773,0.747698,0.948548,0.851251,0.835448,0.740675,0.782403,0.754525,0.707902
0.650391,0.763274,0.783089,0.645482,0.748268,0.711936,0.662213,0.7404722,0.842911,0.739542,0.767884,0.7498425,0.686793,0.707462,0.6482247,0.688089,0.623039,0.6640281,0.734085,0.705846,0.712893,0.7314278,0.681208,0.693232,0.77632,0.792633,0.749691,0.587595,0.643731,0.786944,0.827236,0.61027,0.821697,0.708827,0.751391,0.692091,0.680384,0.668526,0.686058,0.829893,0.783537,0.904805,1.0,0.765842,0.779175,0.713079,0.698372,0.718533,0.7438,0.729366,0.87828,0.772552,0.6635683,0.790947,0.643914,0.790078,0.734921,0.788419,0.760697,0.670125,0.65148,0.722427,0.719538,0.749421,0.69827,0.6506511,0.72956,0.6979239,0.667238,0.721683,0.589349,0.738454,0.777506,0.728946,0.739776,0.764384,0.676984,0.6886659,0.772435,0.678095,0.794217,0.665325,0.768135,0.708692,0.764639,0.6971449,0.766418,0.574187,0.725509,0.708178,0.735293,0.670868,0.659037,0.909439,0.927406,0.776835,0.713615,0.673561,0.730827,0.6959973
0.697561,0.695852,0.705215,0.640773,0.70629,0.665169,0.7571433,0.793993,0.793539,0.865909,0.898554,0.834646,0.714981,0.690989,0.747621,0.72463,0.721217,0.750744,0.819453,0.735206,0.675431,0.804381,0.758708,0.695022,0.847009,0.898875,0.773781,0.73683,0.733408,0.789841,0.843318,0.653733,0.7198,0.712053,0.798359,0.819631,0.69782,0.657258,0.796773,0.685028,0.63836,0.868877,0.765842,1.0,0.620569,0.755371,0.668021,0.746844,0.715632,0.647869,0.712892,0.84973,0.782342,0.702525,0.871481,0.6395085,0.746257,0.764621,0.75551,0.782613,0.760805,0.709633,0.744332,0.731166,0.681371,0.731906,0.748137,0.720815,0.636818,0.819301,0.708107,0.733913,0.858557,0.841421,0.670173,0.867092,0.736352,0.6570802,0.6619336,0.724022,0.64513,0.622991,0.669433,0.754313,0.690224,0.732244,0.679704,0.732144,0.714125,0.680618,0.694622,0.761351,0.718677,0.885868,0.764894,0.880644,0.689838,0.681445,0.702084,0.749401
