1,0.684411,0.747013,0.75787,0.735507,0.810384,0.688405,0.862005,0.664155,0.846189,0.669197,0.785772,0.826133,0.740399,0.608339,0.6451558,0.834427,0.6311831,0.663299,0.667932,0.717026,0.671975,0.7099053,0.701339,0.687053,0.646038,0.743576,0.840519,0.679289,0.747688,0.738195,0.678585,0.602702,0.728013,0.772789,0.805101,0.762806,0.5756217,0.720984,0.801488,0.642484,0.757579,0.698463,0.827458,0.779785,0.825091,0.702625,0.761428,0.752392,0.717254,0.826972,0.722457,0.722024,0.85849,0.661383,0.732355,0.659638,0.695009,0.749513,0.636594,0.68528,0.697406,0.751469,0.80301,0.6616259,0.7353623,0.68841,0.640444,0.743442,0.688807,0.734459,0.744113,0.5715402,0.692288,0.746481,0.61808,0.65968,0.729358,0.770067,0.702759,0.752662,0.75946,0.658671,0.729733,0.739052,0.762999,0.755354,0.795853,0.80376,0.728005,0.740051,0.742374,0.855023,0.720356,0.695848,0.830356,0.771682,0.817708,0.838951,0.753181
0.684411,1,0.861347,0.703111,0.763302,0.746296,0.55687,0.704836,0.765304,0.76092,0.5186931,0.5877169,0.773698,0.687641,0.62247,0.5921291,0.689844,0.770547,0.672538,0.566374,0.6018256,0.768072,0.6211797,0.728664,0.769721,0.696369,0.689397,0.7315684,0.641638,0.709803,0.6409769,0.5173434,0.627817,0.863574,0.717726,0.775296,0.689295,0.657364,0.689162,0.766783,0.670087,0.818846,0.606624,0.758701,0.80272,0.679486,0.700725,0.776866,0.675508,0.643597,0.6467855,0.701279,0.696127,0.754694,0.635822,0.640754,0.762538,0.746936,0.614,0.491155,0.708119,0.649777,0.59894,0.655968,0.706793,0.596349,0.726339,0.588304,0.685409,0.6183515,0.658945,0.585542,0.613722,0.743191,0.537499,0.5985114,0.608121,0.797907,0.719666,0.641585,0.673243,0.624888,0.632061,0.685582,0.590893,0.661374,0.678129,0.691176,0.673064,0.697536,0.682273,0.669792,0.708731,0.640989,0.674142,0.731332,0.6171185,0.619972,0.72191,0.692636
0.747013,0.861347,1,0.742856,0.74092,0.845031,0.661054,0.795692,0.877252,0.790783,0.644254,0.689156,0.792293,0.717738,0.558768,0.704799,0.76833,0.783087,0.685638,0.6339686,0.671305,0.821027,0.6747807,0.732351,0.748072,0.727615,0.770852,0.791875,0.711768,0.784903,0.706551,0.627627,0.634974,0.876665,0.723181,0.781195,0.748879,0.660135,0.722841,0.738428,0.622463,0.786951,0.733661,0.802759,0.82949,0.787037,0.762328,0.859385,0.775014,0.659014,0.663744,0.76764,0.724055,0.786091,0.781807,0.764047,0.726483,0.832719,0.760944,0.633701,0.760598,0.647292,0.703433,0.742603,0.764964,0.648454,0.775286,0.628153,0.754559,0.626468,0.651355,0.637427,0.689773,0.818331,0.683047,0.724026,0.654078,0.846783,0.728018,0.658217,0.7386,0.631531,0.793385,0.669734,0.610561,0.6361993,0.6313123,0.756028,0.7438914,0.680044,0.712726,0.75838,0.724049,0.608927,0.814813,0.777405,0.77342,0.701145,0.770235,0.69496
0.75787,0.703111,0.742856,1,0.660769,0.755537,0.758739,0.836761,0.772281,0.776232,0.761046,0.686671,0.738909,0.771625,0.587195,0.825836,0.795955,0.660353,0.765447,0.644271,0.703384,0.687606,0.703252,0.656848,0.679775,0.781443,0.873706,0.738824,0.728552,0.816082,0.706985,0.744466,0.6452458,0.72582,0.6722651,0.731449,0.674141,0.807412,0.684396,0.763192,0.706311,0.781172,0.76917,0.868394,0.737695,0.850898,0.61218,0.747913,0.707965,0.781073,0.774949,0.774972,0.641732,0.746236,0.762559,0.750526,0.6042843,0.771039,0.671441,0.7524,0.654593,0.64589331,0.74292,0.760728,0.620866,0.684764,0.7113369,0.734036,0.733508,0.6562459,0.798575,0.766769,0.800577,0.6973528,0.6886251,0.695112,0.72697,0.772026,0.732979,0.5627643,0.727791,0.670636,0.711277,0.815439,0.72896,0.75143,0.763018,0.7113548,0.728686,0.699866,0.6486469,0.693679,0.6983,0.658926,0.693255,0.761629,0.735494,0.701229,0.745404,0.72965
0.735507,0.763302,0.74092,0.660769,1,0.818587,0.732787,0.707514,0.749814,0.75348,0.6764823,0.768237,0.7778617,0.641394,0.7313807,0.765238,0.760838,0.690499,0.794678,0.717268,0.644762,0.6646319,0.763922,0.570411,0.58425,0.731201,0.786712,0.781389,0.767023,0.757608,0.647017,0.689325,0.777362,0.701411,0.708583,0.75814,0.700519,0.741067,0.813356,0.702021,0.654292,0.709833,0.653075,0.701047,0.667486,0.780557,0.788301,0.7060993,0.831315,0.719312,0.713322,0.688571,0.678816,0.844609,0.740721,0.76486,0.74793,0.743188,0.780131,0.697118,0.733667,0.70853,0.704668,0.807555,0.67142,0.697008,0.638064,0.745703,0.827808,0.669868,0.646583,0.714363,0.685846,0.755497,0.699454,0.73305,0.6791,0.703752,0.669711,0.81828,0.760935,0.67131,0.733305,0.709431,0.603491,0.674398,0.621756,0.774006,0.756641,0.705891,0.816621,0.789604,0.7693632,0.683003,0.802904,0.687473,0.793613,0.764792,0.793157,0.705566
0.810384,0.746296,0.845031,0.755537,0.818587,1,0.806466,0.79631,0.861818,0.756338,0.719645,0.811015,0.82097,0.752146,0.671457,0.834105,0.720289,0.812967,0.745281,0.786309,0.724383,0.807003,0.80394,0.681563,0.708855,0.776531,0.807335,0.831428,0.812186,0.850261,0.768056,0.673884,0.729761,0.773783,0.831504,0.874228,0.798282,0.728699,0.839255,0.714179,0.748921,0.798366,0.824909,0.782889,0.799605,0.807901,0.838557,0.90302,0.921947,0.801326,0.777256,0.799063,0.776439,0.852869,0.860824,0.889647,0.739669,0.808146,0.755625,0.700652,0.758133,0.757398,0.833349,0.884224,0.717048,0.799741,0.751468,0.700062,0.863756,0.731098,0.725588,0.741196,0.726348,0.877527,0.756272,0.7453,0.7501609,0.800431,0.698452,0.772576,0.767401,0.787671,0.787461,0.788145,0.680162,0.795696,0.713028,0.804936,0.875565,0.760505,0.841465,0.878778,0.828353,0.773308,0.878535,0.743478,0.831044,0.86459,0.889198,0.862134
0.688405,0.55687,0.661054,0.758739,0.732787,0.806466,1,0.709427,0.824839,0.699644,0.872879,0.833269,0.708193,0.813299,0.642179,0.877791,0.680574,0.701702,0.805898,0.791477,0.778599,0.624074,0.926457,0.638934,0.770568,0.7914745,0.793773,0.807945,0.876171,0.845059,0.7887,0.828283,0.771008,0.653002,0.81756,0.803482,0.747741,0.806101,0.826046,0.672028,0.832409,0.6950916,0.852208,0.759737,0.796582,0.815053,0.753889,0.77024,0.842002,0.872687,0.856569,0.773157,0.767724,0.768792,0.732237,0.883955,0.68075,0.723429,0.775288,0.923667,0.787481,0.878287,0.891401,0.831353,0.661033,0.717091,0.799001,0.800809,0.83877,0.847412,0.704259,0.78789,0.861766,0.815103,0.901777,0.87118,0.812069,0.770124,0.742403,0.755242,0.748155,0.836949,0.901162,0.780647,0.797673,0.800631,0.712729,0.847113,0.874511,0.76076,0.858427,0.822745,0.745912,0.74429,0.864024,0.808978,0.86291,0.854443,0.810994,0.896262
0.862005,0.704836,0.795692,0.836761,0.707514,0.79631,0.709427,1,0.709468,0.776768,0.717409,0.79089,0.767012,0.75974,0.6171439,0.6582948,0.795915,0.72629,0.687339,0.711042,0.736762,0.747954,0.722964,0.66991,0.749425,0.755471,0.7279108,0.801092,0.66546,0.734785,0.745693,0.640843,0.634983,0.765671,0.742558,0.760782,0.668149,0.673779,0.663072,0.765612,0.588927,0.791289,0.683746,0.873159,0.841132,0.874436,0.703897,0.820484,0.744439,0.7459,0.770611,0.723358,0.71424,0.778189,0.683847,0.754025,0.636343,0.761669,0.672081,0.673386,0.763647,0.696907,0.74508,0.742932,0.611567,0.801846,0.751877,0.720364,0.748391,0.667496,0.821806,0.722761,0.733392,0.755596,0.701488,0.704746,0.631883,0.732551,0.770572,0.6029601,0.843876,0.664843,0.704398,0.787221,0.694864,0.736559,0.75817,0.772223,0.755902,0.788752,0.713508,0.705627,0.775363,0.663132,0.72011,0.805382,0.7036485,0.75229,0.775471,0.74175
0.664155,0.765304,0.877252,0.772281,0.749814,0.861818,0.824839,0.709468,1,0.686309,0.7648,0.720191,0.7019974,0.775311,0.598546,0.889922,0.686313,0.773339,0.74856,0.760353,0.777239,0.786256,0.804183,0.731276,0.648288,0.734009,0.759675,0.736911,0.813549,0.787855,0.761122,0.670837,0.745677,0.852321,0.773593,0.824587,0.7545915,0.789633,0.773644,0.665181,0.814169,0.716862,0.857377,0.722457,0.781689,0.7155768,0.772671,0.821885,0.811213,0.6729982,0.766985,0.849235,0.808474,0.797064,0.874907,0.87888,0.77028,0.92097,0.8254,0.769893,0.787564,0.751522,0.826565,0.840736,0.830541,0.712608,0.828821,0.691028,0.800465,0.770621,0.624682,0.668137,0.733259,0.90731,0.786169,0.853825,0.799835,0.850007,0.712476,0.71891,0.765551,0.740232,0.906219,0.726112,0.728536,0.726491,0.68858,0.750059,0.752067,0.69816,0.843708,0.860146,0.728234,0.681113,0.934657,0.6992375,0.830025,0.741143,0.774133,0.771484
0.846189,0.76092,0.790783,0.776232,0.75348,0.756338,0.699644,0.776768,0.686309,1,0.673063,0.666962,0.913366,0.78081,0.53977,0.718324,0.810163,0.6270477,0.720957,0.661823,0.738598,0.632311,0.682248,0.669917,0.749908,0.5954934,0.841543,0.794187,0.753777,0.785384,0.676519,0.746614,0.622345,0.734361,0.69419,0.827602,0.753737,0.671421,0.759062,0.917172,0.613359,0.80539,0.699207,0.825509,0.711193,0.842032,0.664209,0.748605,0.753313,0.697273,0.796306,0.602101,0.681097,0.808127,0.609304,0.688542,0.680485,0.719645,0.737832,0.727983,0.6086848,0.742738,0.703281,0.77092,0.703212,0.610462,0.724435,0.62871,0.798431,0.734123,0.752832,0.703199,0.702084,0.684572,0.714889,0.69028,0.625842,0.742959,0.830905,0.666079,0.764607,0.6689604,0.738467,0.652206,0.747205,0.6701142,0.76243,0.810642,0.799487,0.744149,0.700861,0.696941,0.834013,0.728978,0.693282,0.844163,0.810164,0.751003,0.875199,0.697607
0.669197,0.5186931,0.644254,0.761046,0.6764823,0.719645,0.872879,0.717409,0.7648,0.673063,1,0.799538,0.720449,0.701377,0.752054,0.831634,0.823251,0.694106,0.736256,0.765269,0.809945,0.697664,0.8165289,0.699445,0.732324,0.768678,0.71335,0.721784,0.754354,0.719686,0.730856,0.814207,0.6992116,0.5907497,0.780062,0.744281,0.704813,0.7493964,0.726415,0.7089084,0.753508,0.693114,0.782969,0.680162,0.683033,0.724994,0.713943,0.708262,0.6899624,0.790005,0.833624,0.77326,0.799813,0.682742,0.733147,0.877525,0.686804,0.687963,0.798857,0.904352,0.799202,0.792296,0.806814,0.76074,0.731138,0.796705,0.6987997,0.781566,0.737652,0.7378,0.743207,0.720447,0.83284,0.779911,0.887485,0.890279,0.729572,0.712058,0.791434,0.728094,0.790142,0.6862077,0.870041,0.7399326,0.7370972,0.763331,0.786741,0.736378,0.753339,0.754353,0.7501474,0.803824,0.712719,0.748519,0.844554,0.690615,0.791711,0.782392,0.769536,0.76969
0.785772,0.5877169,0.689156,0.686671,0.768237,0.811015,0.833269,0.79089,0.720191,0.666962,0.799538,1,0.762692,0.730807,0.749712,0.706776,0.748298,0.769017,0.748286,0.722947,0.792543,0.721878,0.852054,0.639811,0.737922,0.79582,0.707727,0.82439,0.798319,0.738648,0.742741,0.824545,0.683888,0.681911,0.778474,0.799243,0.774723,0.674661,0.759777,0.701464,0.707344,0.684836,0.804544,0.750534,0.75345,0.746651,0.815379,0.822119,0.822664,0.821299,0.788666,0.760261,0.769621,0.740117,0.704652,0.827287,0.715634,0.684059,0.764313,0.804869,0.850821,0.83615,0.854919,0.848668,0.664324,0.785726,0.722467,0.803989,0.769058,0.739284,0.769587,0.782846,0.744633,0.783754,0.850312,0.761936,0.748349,0.696261,0.752575,0.870882,0.7398055,0.790784,0.767812,0.81277,0.674994,0.829822,0.745284,0.81774,0.835745,0.73614,0.800598,0.770096,0.766934,0.690285,0.818846,0.775377,0.830913,0.861276,0.842006,0.842362
0.826133,0.773698,0.792293,0.738909,0.7778617,0.82097,0.708193,0.767012,0.7019974,0.913366,0.720449,0.762692,1,0.743616,0.601886,0.741071,0.789745,0.585558,0.744121,0.629075,0.723572,0.635928,0.780398,0.632922,0.73916,0.6144971,0.84064,0.825555,0.774457,0.773156,0.690683,0.748734,0.5845767,0.722389,0.6248223,0.860931,0.74994,0.568711,0.71512,0.909497,0.622901,0.722193,0.678253,0.79514,0.728932,0.855246,0.5909056,0.72896,0.803826,0.715983,0.812654,0.6002031,0.659681,0.845001,0.646047,0.75998,0.700481,0.722111,0.745252,0.752043,0.715778,0.779732,0.73015,0.818437,0.78781,0.665828,0.792763,0.657468,0.7827315,0.692472,0.74084,0.694827,0.673796,0.748185,0.730661,0.740042,0.619205,0.7327955,0.844242,0.715981,0.793219,0.709755,0.78428,0.738124,0.700786,0.71926,0.784996,0.779558,0.864893,0.7783823,0.77611,0.767759,0.908367,0.718992,0.735545,0.809214,0.836578,0.843804,0.909463,0.775026
0.740399,0.687641,0.717738,0.771625,0.641394,0.752146,0.813299,0.75974,0.775311,0.78081,0.701377,0.730807,0.743616,1,0.656008,0.718812,0.712464,0.758372,0.75603,0.789539,0.836352,0.697024,0.850478,0.764957,0.710791,0.653777,0.744278,0.888458,0.811864,0.776014,0.818826,0.797221,0.723741,0.776897,0.840438,0.794987,0.776579,0.694954,0.732921,0.829683,0.74902,0.758866,0.867382,0.923902,0.812063,0.775283,0.745904,0.834452,0.7574463,0.708419,0.852838,0.816464,0.839624,0.795486,0.751909,0.771829,0.678537,0.741024,0.694728,0.6728096,0.76659,0.881181,0.874422,0.82986,0.693421,0.715148,0.757335,0.810599,0.766176,0.821633,0.744253,0.796847,0.732845,0.712726,0.768603,0.683161,0.854477,0.826601,0.838626,0.849303,0.741902,0.826075,0.792678,0.776521,0.896707,0.826955,0.835077,0.924815,0.850696,0.765513,0.79863,0.807333,0.723577,0.774232,0.809397,0.945631,0.788874,0.838571,0.838922,0.846943
0.608339,0.62247,0.558768,0.587195,0.7313807,0.671457,0.642179,0.6171439,0.598546,0.53977,0.752054,0.749712,0.601886,0.656008,1,0.6224549,0.646777,0.758801,0.683641,0.779927,0.692725,0.752479,0.681129,0.725363,0.657927,0.702285,0.516553,0.693038,0.650391,0.63981,0.665867,0.6129692,0.7009036,0.558161,0.7597174,0.624437,0.627221,0.699903,0.718557,0.706939,0.643145,0.6515408,0.637158,0.606195,0.569294,0.616885,0.738913,0.692403,0.624019,0.6271033,0.745796,0.693407,0.784327,0.574559,0.6583542,0.711939,0.632246,0.618594,0.711609,0.628928,0.676013,0.68771,0.627979,0.607708,0.61581,0.78533,0.606869,0.685252,0.682507,0.719369,0.7312473,0.614801,0.6456852,0.669813,0.665101,0.616883,0.648997,0.551129,0.716888,0.819429,0.754548,0.65125,0.6165753,0.568589,0.5862452,0.678331,0.622078,0.695115,0.570811,0.715992,0.669266,0.7258185,0.66827,0.806809,0.729847,0.634717,0.601895,0.6593602,0.621141,0.605411
0.6451558,0.5921291,0.704799,0.825836,0.765238,0.834105,0.877791,0.6582948,0.889922,0.718324,0.831634,0.706776,0.741071,0.718812,0.6224549,1,0.669555,0.687512,0.838684,0.795218,0.729251,0.6274856,0.797746,0.6275542,0.630244,0.756451,0.815116,0.705479,0.829953,0.824725,0.817745,0.779602,0.7603185,0.692981,0.758432,0.7605,0.702328,0.836882,0.812154,0.642658,0.790878,0.674155,0.805886,0.677916,0.683599,0.75955,0.692419,0.70089,0.780718,0.818569,0.817169,0.817472,0.740835,0.764137,0.829612,0.874376,0.707851,0.846879,0.836355,0.825118,0.691474,0.793866,0.790032,0.814672,0.74586,0.7092397,0.771311,0.776044,0.84791,0.786913,0.69121,0.778177,0.819881,0.817824,0.834504,0.874644,0.777547,0.757876,0.736057,0.687073,0.788004,0.767756,0.860964,0.776481,0.721666,0.767352,0.675652,0.733474,0.785833,0.751874,0.816799,0.881345,0.787243,0.732301,0.874136,0.665257,0.829196,0.778281,0.77026,0.812388
0.834427,0.689844,0.76833,0.795955,0.760838,0.720289,0.680574,0.795915,0.686313,0.810163,0.823251,0.748298,0.789745,0.712464,0.646777,0.669555,1,0.650496,0.652024,0.662759,0.710516,0.729874,0.722686,0.667594,0.764153,0.720196,0.728624,0.8042,0.661686,0.696084,0.669545,0.76221,0.6148221,0.660568,0.700728,0.802236,0.729792,0.691942,0.599751,0.807721,0.5825944,0.728403,0.644104,0.779017,0.722475,0.768193,0.6533524,0.775271,0.66924,0.696112,0.781653,0.6784839,0.726832,0.770473,0.652194,0.776855,0.592791,0.651331,0.800794,0.746172,0.6678375,0.6749559,0.709893,0.753867,0.644581,0.674904,0.628693,0.656309,0.680677,0.604329,0.670167,0.694322,0.691181,0.689546,0.754033,0.762222,0.6045489,0.769362,0.802495,0.734991,0.735371,0.600361,0.751356,0.743039,0.66449,0.698529,0.773317,0.768299,0.785402,0.663718,0.660173,0.661172,0.756547,0.653628,0.6814998,0.748654,0.791688,0.762138,0.80871,0.69858
0.6311831,0.770547,0.783087,0.660353,0.690499,0.812967,0.701702,0.72629,0.773339,0.6270477,0.694106,0.769017,0.585558,0.758372,0.758801,0.687512,0.650496,1,0.74426,0.796307,0.806369,0.764013,0.755768,0.752825,0.773744,0.78502,0.620125,0.750004,0.674664,0.653505,0.771562,0.654575,0.795525,0.775674,0.899028,0.73095,0.709729,0.776477,0.806734,0.6577,0.705898,0.805823,0.71909,0.709907,0.764489,0.662628,0.930041,0.889427,0.790762,0.792469,0.696873,0.835496,0.865384,0.669805,0.826585,0.721805,0.89621,0.794956,0.694108,0.584683,0.773788,0.749999,0.771424,0.717473,0.7313,0.74463,0.6372992,0.807708,0.7237271,0.880343,0.765541,0.7004911,0.753425,0.769902,0.710391,0.694164,0.709712,0.72871,0.726715,0.765781,0.7107537,0.679721,0.659436,0.727917,0.633616,0.76331,0.644071,0.773143,0.69511,0.695001,0.80978,0.788277,0.644032,0.754409,0.80675,0.696149,0.627555,0.732581,0.654637,0.764932
0.663299,0.672538,0.685638,0.765447,0.794678,0.745281,0.805898,0.687339,0.74856,0.720957,0.736256,0.748286,0.744121,0.75603,0.683641,0.838684,0.652024,0.74426,1,0.75218,0.715474,0.702263,0.815636,0.691168,0.659143,0.764002,0.78599,0.798799,0.757104,0.886193,0.693468,0.807255,0.764451,0.631098,0.746585,0.669282,0.6589814,0.792542,0.847336,0.726192,0.783237,0.634415,0.745159,0.727758,0.654007,0.809852,0.684253,0.704604,0.745105,0.778796,0.7789364,0.716077,0.822257,0.827043,0.702642,0.737738,0.745179,0.729942,0.787813,0.710566,0.702298,0.773003,0.733655,0.806695,0.699797,0.708888,0.730748,0.892435,0.877674,0.785542,0.801065,0.814974,0.802982,0.751631,0.702268,0.734098,0.741159,0.774462,0.740275,0.699268,0.731642,0.7355005,0.749704,0.860282,0.648297,0.783482,0.661626,0.796462,0.760472,0.726015,0.818044,0.821336,0.797509,0.661303,0.851438,0.711326,0.80095,0.807147,0.697372,0.753855
0.667932,0.566374,0.6339686,0.644271,0.717268,0.786309,0.791477,0.711042,0.760353,0.661823,0.765269,0.722947,0.629075,0.789539,0.779927,0.795218,0.662759,0.796307,0.75218,1,0.737735,0.684168,0.775315,0.746066,0.5895073,0.788458,0.685074,0.797042,0.742017,0.6499115,0.899738,0.698407,0.756924,0.695055,0.879955,0.7006453,0.704052,0.72614,0.791275,0.721312,0.7168478,0.754864,0.711734,0.739504,0.690578,0.703235,0.75589,0.774033,0.8035596,0.789853,0.869464,0.705587,0.82429,0.711191,0.781226,0.771238,0.718051,0.706913,0.720456,0.682994,0.77377,0.841163,0.739739,0.752941,0.677621,0.777064,0.681674,0.793927,0.718885,0.776575,0.725652,0.702473,0.754923,0.760105,0.778796,0.714562,0.723693,0.7154716,0.836467,0.7079052,0.814721,0.68805,0.722581,0.709713,0.705355,0.709097,0.728157,0.859579,0.6911456,0.799821,0.808054,0.818956,0.796028,0.774475,0.816479,0.821706,0.69713,0.766655,0.688356,0.762584
0.717026,0.6018256,0.671305,0.703384,0.644762,0.724383,0.778599,0.736762,0.777239,0.738598,0.809945,0.792543,0.723572,0.836352,0.692725,0.729251,0.710516,0.806369,0.715474,0.737735,1,0.763182,0.776004,0.770704,0.761121,0.672529,0.644909,0.724631,0.775524,0.672848,0.747688,0.77745,0.654674,0.683497,0.80745,0.67336,0.675807,0.658687,0.763068,0.794403,0.615027,0.764148,0.826293,0.77224,0.680064,0.63875,0.766372,0.800927,0.748128,0.718918,0.794744,0.847326,0.857455,0.676547,0.788938,0.831624,0.74837,0.756242,0.787869,0.737015,0.789486,0.857224,0.847365,0.786407,0.867331,0.826003,0.746238,0.821504,0.766558,0.890265,0.763944,0.668677,0.748788,0.702138,0.822026,0.775352,0.773848,0.778401,0.815922,0.770776,0.755264,0.74254,0.797298,0.680999,0.777891,0.789986,0.747009,0.835648,0.6998079,0.695895,0.731743,0.7912565,0.656795,0.809935,0.856081,0.794646,0.763406,0.800247,0.785622,0.78948
0.671975,0.768072,0.821027,0.687606,0.6646319,0.807003,0.624074,0.747954,0.786256,0.632311,0.697664,0.721878,0.635928,0.697024,0.752479,0.6274856,0.729874,0.764013,0.702263,0.684168,0.763182,1,0.696661,0.823182,0.671765,0.676349,0.6245356,0.750618,0.628486,0.745598,0.658985,0.607654,0.5908,0.733132,0.6712872,0.7011798,0.58819,0.603183,0.610639,0.697246,0.602638,0.705356,0.718676,0.721929,0.678669,0.703048,0.6910603,0.83869,0.686586,0.6385228,0.65141,0.701727,0.80696,0.698173,0.737351,0.797134,0.711742,0.708604,0.694084,0.58871,0.707114,0.647522,0.699207,0.66875,0.746053,0.79467,0.68842,0.677024,0.724979,0.688978,0.625836,0.5348505,0.617665,0.737475,0.645426,0.640349,0.645996,0.796382,0.715538,0.701872,0.725347,0.619852,0.721885,0.659266,0.5203771,0.633435,0.541013,0.709521,0.649244,0.577901,0.699929,0.764811,0.576557,0.694483,0.808987,0.633787,0.660448,0.640944,0.702042,0.702586
0.7099053,0.6211797,0.6747807,0.703252,0.763922,0.80394,0.926457,0.722964,0.804183,0.682248,0.8165289,0.852054,0.780398,0.850478,0.681129,0.797746,0.722686,0.755768,0.815636,0.775315,0.776004,0.696661,1,0.746216,0.751531,0.827811,0.755531,0.863841,0.844599,0.803418,0.767183,0.800082,0.7725327,0.741382,0.829352,0.852533,0.806211,0.76259,0.835967,0.735897,0.846793,0.744418,0.825689,0.794938,0.822052,0.791641,0.791983,0.81238,0.840859,0.843434,0.842168,0.77133,0.791319,0.843466,0.732447,0.871986,0.782488,0.749333,0.719316,0.819335,0.884084,0.875882,0.940317,0.835354,0.653915,0.742909,0.8039417,0.853251,0.836095,0.802349,0.715174,0.79503,0.816347,0.830048,0.881433,0.826841,0.84766,0.793791,0.744101,0.803536,0.759373,0.885652,0.847061,0.781929,0.823123,0.820912,0.760853,0.880919,0.917898,0.826532,0.889675,0.817336,0.748168,0.68636,0.840539,0.819354,0.8364665,0.852744,0.863811,0.935658
0.701339,0.728664,0.732351,0.656848,0.570411,0.681563,0.638934,0.66991,0.731276,0.669917,0.699445,0.639811,0.632922,0.764957,0.725363,0.6275542,0.667594,0.752825,0.691168,0.746066,0.770704,0.823182,0.746216,1,0.682801,0.672763,0.567732,0.686898,0.689749,0.63793,0.694427,0.641728,0.618235,0.784078,0.761423,0.679146,0.710652,0.6386447,0.685591,0.6871035,0.770183,0.765962,0.739904,0.683353,0.692448,0.61256,0.738502,0.6982124,0.642633,0.5715472,0.7084739,0.710605,0.813566,0.74244,0.6651,0.722191,0.752484,0.766145,0.738367,0.543458,0.725686,0.710123,0.781534,0.695829,0.79835,0.76559,0.811838,0.71029,0.659815,0.696604,0.748714,0.595825,0.67163,0.743885,0.733636,0.62669,0.75098,0.780703,0.75651,0.668228,0.737141,0.737607,0.674578,0.622151,0.728693,0.726947,0.680506,0.721866,0.649687,0.7391849,0.714426,0.777459,0.6635026,0.736131,0.7506464,0.718459,0.6761174,0.680283,0.708656,0.6922111
0.687053,0.769721,0.748072,0.679775,0.58425,0.708855,0.770568,0.749425,0.648288,0.749908,0.732324,0.737922,0.73916,0.710791,0.657927,0.630244,0.764153,0.773744,0.659143,0.5895073,0.761121,0.671765,0.751531,0.682801,1,0.7421,0.679959,0.729887,0.664398,0.753115,0.664259,0.699743,0.66929,0.667899,0.763881,0.734006,0.667102,0.676883,0.73461,0.766295,0.660224,0.772773,0.671439,0.725047,0.840734,0.779974,0.744166,0.766796,0.687098,0.774954,0.74162,0.728626,0.76874,0.650347,0.5331137,0.705703,0.714064,0.632444,0.684327,0.691637,0.689047,0.719423,0.748401,0.688063,0.685545,0.595112,0.750113,0.639759,0.698753,0.796987,0.734414,0.65148,0.806589,0.738392,0.781914,0.757086,0.591935,0.696937,0.698297,0.669931,0.649909,0.686647,0.703942,0.680858,0.640567,0.726737,0.6750276,0.727622,0.763214,0.702276,0.689129,0.665051,0.687305,0.715995,0.686856,0.708871,0.668873,0.783237,0.6858511,0.763717
0.646038,0.696369,0.727615,0.781443,0.731201,0.776531,0.7914745,0.755471,0.734009,0.5954934,0.768678,0.79582,0.6144971,0.653777,0.702285,0.756451,0.720196,0.78502,0.764002,0.788458,0.672529,0.676349,0.827811,0.672763,0.7421,1,0.774441,0.747639,0.780533,0.740328,0.753522,0.744218,0.742025,0.678562,0.829918,0.732688,0.758187,0.786395,0.846969,0.635785,0.758498,0.819629,0.700095,0.7281329,0.868178,0.78927,0.741544,0.791759,0.791011,0.867857,0.775393,0.771999,0.701744,0.704883,0.747054,0.762548,0.701793,0.690828,0.611886,0.732644,0.840851,0.740992,0.790304,0.789603,0.648852,0.755527,0.680092,0.82061,0.717315,0.685066,0.753339,0.789106,0.79695,0.796237,0.827182,0.789923,0.754358,0.798688,0.627929,0.661366,0.6478974,0.7233457,0.696733,0.837731,0.6569626,0.790922,0.712006,0.756507,0.774141,0.7019,0.748939,0.771936,0.677108,0.621617,0.781432,0.708357,0.769816,0.742539,0.725624,0.777868
0.743576,0.689397,0.770852,0.873706,0.786712,0.807335,0.793773,0.7279108,0.759675,0.841543,0.71335,0.707727,0.84064,0.744278,0.516553,0.815116,0.728624,0.620125,0.78599,0.685074,0.644909,0.6245356,0.755531,0.567732,0.679959,0.774441,1,0.817941,0.815916,0.840918,0.719852,0.824524,0.69893,0.733391,0.68061,0.808215,0.800706,0.72163,0.784253,0.791951,0.68883,0.821314,0.767615,0.828745,0.766966,0.898688,0.660755,0.717745,0.850488,0.83149,0.773603,0.661956,0.592581,0.801131,0.747305,0.787724,0.621361,0.719704,0.67368,0.796404,0.657765,0.701672,0.74862,0.827997,0.587019,0.6110515,0.707906,0.690447,0.792682,0.658614,0.694469,0.815841,0.784015,0.728386,0.76242,0.704206,0.718255,0.785202,0.685048,0.643472,0.726688,0.7123558,0.777656,0.7669363,0.734397,0.731869,0.7161609,0.777965,0.860442,0.709616,0.724681,0.762086,0.759156,0.665577,0.761841,0.786843,0.8798,0.772545,0.84039,0.780708
0.840519,0.7315684,0.791875,0.738824,0.781389,0.831428,0.807945,0.801092,0.736911,0.794187,0.721784,0.82439,0.825555,0.888458,0.693038,0.705479,0.8042,0.750004,0.798799,0.797042,0.724631,0.750618,0.863841,0.686898,0.729887,0.747639,0.817941,1,0.774301,0.839231,0.8331,0.779975,0.695145,0.770114,0.844645,0.856641,0.8235,0.657589,0.782906,0.846658,0.717309,0.750032,0.755618,0.888772,0.817535,0.875588,0.758224,0.870774,0.811607,0.786081,0.89329,0.712981,0.827195,0.865518,0.661439,0.788363,0.69498,0.693305,0.734059,0.721547,0.772518,0.857745,0.801984,0.8358,0.616236,0.677067,0.753384,0.757641,0.815893,0.755769,0.729897,0.791211,0.678115,0.728481,0.77141,0.694455,0.732148,0.834262,0.859903,0.865561,0.76913,0.774826,0.777923,0.767293,0.75309,0.772367,0.783742,0.93277,0.890007,0.774897,0.81397,0.792304,0.829412,0.693905,0.790735,0.9204,0.838238,0.853336,0.867212,0.856771
0.679289,0.641638,0.711768,0.728552,0.767023,0.812186,0.876171,0.66546,0.813549,0.753777,0.754354,0.798319,0.774457,0.811864,0.650391,0.829953,0.661686,0.674664,0.757104,0.742017,0.775524,0.628486,0.844599,0.689749,0.664398,0.780533,0.815916,0.774301,1,0.756181,0.7565,0.832381,0.788484,0.734361,0.786424,0.815243,0.819361,0.821446,0.776831,0.684538,0.835899,0.745664,0.819624,0.721398,0.732736,0.718305,0.707869,0.718863,0.812636,0.736634,0.815454,0.800942,0.728127,0.807691,0.787528,0.822481,0.712188,0.783952,0.736541,0.83005,0.824732,0.893331,0.826794,0.87514,0.748367,0.741928,0.730652,0.754792,0.832302,0.808968,0.6202539,0.733981,0.82092,0.761508,0.873325,0.823325,0.8516,0.787958,0.716856,0.820027,0.77854,0.838197,0.810693,0.788361,0.819654,0.81153,0.736491,0.835129,0.799784,0.774353,0.888184,0.835577,0.757886,0.71879,0.842357,0.792003,0.901482,0.829269,0.836704,0.813787
0.747688,0.709803,0.784903,0.816082,0.757608,0.850261,0.845059,0.734785,0.787855,0.785384,0.719686,0.738648,0.773156,0.776014,0.63981,0.824725,0.696084,0.653505,0.886193,0.6499115,0.672848,0.745598,0.803418,0.63793,0.753115,0.740328,0.840918,0.839231,0.756181,1,0.631711,0.743716,0.6727937,0.652763,0.6897134,0.764245,0.700951,0.713109,0.811913,0.775301,0.69508,0.659455,0.808505,0.784997,0.761305,0.908521,0.646151,0.793001,0.809431,0.84113,0.784474,0.675731,0.7319,0.81007,0.7137,0.80042,0.5898801,0.678324,0.740026,0.799423,0.599907,0.711977,0.749053,0.760399,0.624998,0.679762,0.755509,0.752723,0.910398,0.784382,0.702197,0.802952,0.752799,0.743483,0.72289,0.71931,0.717994,0.770639,0.673237,0.699786,0.692322,0.773142,0.84738,0.781155,0.676389,0.720451,0.618556,0.7905,0.855567,0.6635525,0.739203,0.78468,0.748208,0.674617,0.814859,0.746539,0.819303,0.805056,0.798364,0.811246
0.738195,0.6409769,0.706551,0.706985,0.647017,0.768056,0.7887,0.745693,0.761122,0.676519,0.730856,0.742741,0.690683,0.818826,0.665867,0.817745,0.669545,0.771562,0.693468,0.899738,0.747688,0.658985,0.767183,0.694427,0.664259,0.753522,0.719852,0.8331,0.7565,0.631711,1,0.72063,0.714635,0.7203582,0.842355,0.693068,0.669778,0.674055,0.727515,0.761214,0.6408062,0.818259,0.668135,0.780247,0.739598,0.713903,0.706324,0.757938,0.75345,0.776638,0.846318,0.787563,0.756356,0.704493,0.797824,0.781695,0.748932,0.763429,0.752893,0.717096,0.821223,0.881327,0.714992,0.723293,0.76107,0.738708,0.724516,0.743714,0.692636,0.754913,0.668348,0.711596,0.787459,0.701025,0.795137,0.7444393,0.724404,0.733267,0.882747,0.73723,0.812887,0.716915,0.708584,0.687866,0.711366,0.693392,0.689856,0.850522,0.719292,0.766001,0.800947,0.832454,0.802967,0.805992,0.771671,0.867275,0.71338,0.751081,0.672674,0.785484
0.678585,0.5173434,0.627627,0.744466,0.689325,0.673884,0.828283,0.640843,0.670837,0.746614,0.814207,0.824545,0.748734,0.797221,0.6129692,0.779602,0.76221,0.654575,0.807255,0.698407,0.77745,0.607654,0.800082,0.641728,0.699743,0.744218,0.824524,0.779975,0.832381,0.743716,0.72063,1,0.751446,0.6240393,0.73364,0.714183,0.750872,0.770215,0.763991,0.78267,0.734676,0.684767,0.812735,0.751,0.6401348,0.744278,0.677547,0.6449104,0.73778,0.782209,0.796441,0.744824,0.6833709,0.6961087,0.666186,0.716348,0.672241,0.6350219,0.818655,0.852747,0.737808,0.816523,0.78103,0.825892,0.6858465,0.637849,0.682932,0.819206,0.730567,0.728461,0.806297,0.839832,0.832435,0.677308,0.829214,0.732296,0.791075,0.754981,0.756152,0.768416,0.653362,0.757243,0.759978,0.799718,0.763514,0.840386,0.78873,0.814189,0.816839,0.706641,0.73688,0.705206,0.729073,0.6707619,0.774033,0.7784614,0.841723,0.837886,0.793452,0.7168005
0.602702,0.627817,0.634974,0.6452458,0.777362,0.729761,0.771008,0.634983,0.745677,0.622345,0.6992116,0.683888,0.5845767,0.723741,0.7009036,0.7603185,0.6148221,0.795525,0.764451,0.756924,0.654674,0.5908,0.7725327,0.618235,0.66929,0.742025,0.69893,0.695145,0.788484,0.6727937,0.714635,0.751446,1,0.772967,0.815927,0.759996,0.761859,0.927793,0.814775,0.582657,0.797062,0.703521,0.685058,0.642204,0.725283,0.6626747,0.76593,0.709266,0.796432,0.7801674,0.699688,0.75239,0.720545,0.7289387,0.731549,0.703339,0.80969,0.778917,0.702874,0.733828,0.762162,0.716951,0.7210662,0.7034627,0.581261,0.667679,0.626589,0.755232,0.7593914,0.789957,0.714098,0.813803,0.7695233,0.728484,0.6944524,0.726444,0.818669,0.6557645,0.620026,0.74294,0.763556,0.7976534,0.691701,0.691112,0.731283,0.7668477,0.702425,0.735186,0.743318,0.802092,0.840968,0.747229,0.73239,0.665899,0.780898,0.702684,0.719672,0.7600683,0.687225,0.736128
0.728013,0.863574,0.876665,0.72582,0.701411,0.773783,0.653002,0.765671,0.852321,0.734361,0.5907497,0.681911,0.722389,0.776897,0.558161,0.692981,0.660568,0.775674,0.631098,0.695055,0.683497,0.733132,0.741382,0.784078,0.667899,0.678562,0.733391,0.770114,0.734361,0.652763,0.7203582,0.6240393,0.772967,1,0.750756,0.826949,0.798772,0.716881,0.708353,0.697857,0.764818,0.797382,0.721461,0.808886,0.8118633,0.711259,0.773993,0.784243,0.800281,0.696382,0.713012,0.800626,0.67286,0.776359,0.744727,0.697255,0.827076,0.865666,0.682973,0.578209,0.821139,0.68703,0.7616218,0.763019,0.721069,0.631861,0.820973,0.66187,0.655535,0.673489,0.692192,0.70626,0.6575383,0.790897,0.674927,0.695634,0.731599,0.85156,0.699663,0.677877,0.788378,0.736996,0.693083,0.751061,0.771334,0.770147,0.768455,0.734139,0.765882,0.842688,0.797676,0.7035742,0.773053,0.611769,0.757878,0.805377,0.70684,0.734951,0.760991,0.786156
0.772789,0.717726,0.723181,0.6722651,0.708583,0.831504,0.81756,0.742558,0.773593,0.69419,0.780062,0.778474,0.6248223,0.840438,0.7597174,0.758432,0.700728,0.899028,0.746585,0.879955,0.80745,0.6712872,0.829352,0.761423,0.763881,0.829918,0.68061,0.844645,0.786424,0.6897134,0.842355,0.73364,0.815927,0.750756,1,0.736513,0.786143,0.799292,0.884341,0.749289,0.776051,0.867063,0.803311,0.781017,0.825989,0.710384,0.882778,0.845542,0.828142,0.818678,0.856049,0.878644,0.864883,0.76412,0.836647,0.789973,0.791013,0.760032,0.71341,0.666534,0.817246,0.820938,0.829592,0.787886,0.706156,0.806015,0.67263,0.793014,0.7462035,0.850328,0.801165,0.801607,0.772611,0.76962,0.830463,0.751456,0.838567,0.775887,0.758171,0.81904,0.725866,0.839407,0.73572,0.749169,0.773074,0.845759,0.776357,0.868932,0.7694203,0.747611,0.839694,0.854405,0.744542,0.826125,0.840762,0.844064,0.727299,0.818775,0.760691,0.829615
0.805101,0.775296,0.781195,0.731449,0.75814,0.874228,0.803482,0.760782,0.824587,0.827602,0.744281,0.799243,0.860931,0.794987,0.624437,0.7605,0.802236,0.73095,0.669282,0.7006453,0.67336,0.7011798,0.852533,0.679146,0.734006,0.732688,0.808215,0.856641,0.815243,0.764245,0.693068,0.714183,0.759996,0.826949,0.736513,1,0.896771,0.724621,0.722529,0.799007,0.823142,0.759248,0.777075,0.795534,0.809022,0.787793,0.780413,0.841469,0.889599,0.768881,0.802933,0.69348,0.700426,0.843099,0.734101,0.817417,0.775656,0.756071,0.709347,0.743731,0.760315,0.721105,0.831463,0.83636,0.6139506,0.653811,0.768784,0.6039693,0.772668,0.715966,0.643926,0.72017,0.660364,0.875012,0.784361,0.756105,0.721787,0.798554,0.733263,0.768527,0.760064,0.764716,0.752234,0.745407,0.761041,0.73675,0.778821,0.795296,0.892546,0.796834,0.830037,0.731639,0.807494,0.661577,0.773369,0.790434,0.830954,0.795515,0.898608,0.841877
0.762806,0.689295,0.748879,0.674141,0.700519,0.798282,0.747741,0.668149,0.7545915,0.753737,0.704813,0.774723,0.74994,0.776579,0.627221,0.702328,0.729792,0.709729,0.6589814,0.704052,0.675807,0.58819,0.806211,0.710652,0.667102,0.758187,0.800706,0.8235,0.819361,0.700951,0.669778,0.750872,0.761859,0.798772,0.786143,0.896771,1,0.718739,0.800849,0.743174,0.852892,0.722962,0.795165,0.771398,0.803022,0.72553,0.807461,0.773306,0.858214,0.746553,0.821731,0.730488,0.700438,0.771959,0.756203,0.699502,0.729397,0.762405,0.65468,0.663945,0.785254,0.722165,0.824396,0.835009,0.630216,0.645303,0.6825,0.674022,0.652214,0.681149,0.6184458,0.820897,0.687934,0.796241,0.819888,0.69283,0.81678,0.750887,0.679808,0.780939,0.753934,0.83836,0.705838,0.719197,0.835041,0.789122,0.792808,0.785444,0.858067,0.799725,0.776595,0.717356,0.778013,0.630379,0.73333,0.810052,0.835238,0.772743,0.858432,0.797194
0.5756217,0.657364,0.660135,0.807412,0.741067,0.728699,0.806101,0.673779,0.789633,0.671421,0.7493964,0.674661,0.568711,0.694954,0.699903,0.836882,0.691942,0.776477,0.792542,0.72614,0.658687,0.603183,0.76259,0.6386447,0.676883,0.786395,0.72163,0.657589,0.821446,0.713109,0.674055,0.770215,0.927793,0.716881,0.799292,0.724621,0.718739,1,0.811649,0.578724,0.837975,0.719209,0.741697,0.658139,0.692383,0.682616,0.751119,0.693724,0.72853,0.766286,0.7044454,0.826677,0.68192,0.704109,0.787519,0.730239,0.713226,0.7779,0.73315,0.765759,0.703213,0.702964,0.713519,0.714059,0.592108,0.645789,0.646407,0.758524,0.768054,0.762101,0.748967,0.778061,0.82635,0.726114,0.711208,0.763955,0.817857,0.715572,0.628385,0.682705,0.709474,0.770669,0.714849,0.7522,0.718373,0.799048,0.668907,0.693147,0.683472,0.735646,0.78872,0.705064,0.704504,0.667676,0.765012,0.6315076,0.707905,0.683649,0.6262492,0.705724
0.720984,0.689162,0.722841,0.684396,0.813356,0.839255,0.826046,0.663072,0.773644,0.759062,0.726415,0.759777,0.71512,0.732921,0.718557,0.812154,0.599751,0.806734,0.847336,0.791275,0.763068,0.610639,0.835967,0.685591,0.73461,0.846969,0.784253,0.782906,0.776831,0.811913,0.727515,0.763991,0.814775,0.708353,0.884341,0.722529,0.800849,0.811649,1,0.729806,0.778862,0.762244,0.795678,0.694763,0.771293,0.762248,0.824114,0.779573,0.866803,0.877915,0.809108,0.786752,0.777356,0.776558,0.736662,0.7471504,0.75545,0.759678,0.718982,0.70903,0.761707,0.768773,0.826451,0.812735,0.677216,0.699732,0.735988,0.822461,0.839514,0.844858,0.807617,0.887715,0.810449,0.796061,0.790867,0.762358,0.804281,0.763122,0.6403931,0.746581,0.7075791,0.868376,0.755971,0.774592,0.715329,0.835376,0.716107,0.821692,0.827335,0.756268,0.808158,0.803729,0.821599,0.684993,0.828271,0.754326,0.7541801,0.845005,0.773866,0.82997
0.801488,0.766783,0.738428,0.763192,0.702021,0.714179,0.672028,0.765612,0.665181,0.917172,0.7089084,0.701464,0.909497,0.829683,0.706939,0.642658,0.807721,0.6577,0.726192,0.721312,0.794403,0.697246,0.735897,0.6871035,0.766295,0.635785,0.791951,0.846658,0.684538,0.775301,0.761214,0.78267,0.582657,0.697857,0.749289,0.799007,0.743174,0.578724,0.729806,1,0.585214,0.793892,0.673549,0.823297,0.716589,0.825167,0.593295,0.771339,0.693359,0.672525,0.86188,0.629563,0.785607,0.76977,0.551738,0.690257,0.657604,0.652928,0.732604,0.699875,0.638419,0.810365,0.68911,0.746694,0.6873129,0.658473,0.734162,0.675863,0.752054,0.77132,0.783508,0.685059,0.6520501,0.670996,0.725086,0.650069,0.600677,0.773526,0.922257,0.725983,0.747512,0.6583414,0.744128,0.659973,0.737205,0.682702,0.797365,0.835843,0.783546,0.768929,0.676139,0.712787,0.845009,0.798241,0.711221,0.856189,0.785769,0.760652,0.847261,0.696215
0.642484,0.670087,0.622463,0.706311,0.654292,0.748921,0.832409,0.588927,0.814169,0.613359,0.753508,0.707344,0.622901,0.74902,0.643145,0.790878,0.5825944,0.705898,0.783237,0.7168478,0.615027,0.602638,0.846793,0.770183,0.660224,0.758498,0.68883,0.717309,0.835899,0.69508,0.6408062,0.734676,0.797062,0.764818,0.776051,0.823142,0.852892,0.837975,0.778862,0.585214,1,0.739503,0.817488,0.647261,0.778482,0.629139,0.772875,0.669989,0.800202,0.738748,0.786718,0.777084,0.724904,0.823558,0.774472,0.772295,0.786189,0.815939,0.666214,0.742491,0.751961,0.706632,0.833194,0.804075,0.614081,0.696168,0.744518,0.70714,0.6774697,0.749994,0.677636,0.752828,0.714259,0.84544,0.776903,0.731488,0.836293,0.708222,0.642435,0.685935,0.728936,0.827585,0.725293,0.751462,0.804899,0.815637,0.765714,0.736459,0.761565,0.805818,0.875409,0.76581,0.722995,0.679253,0.788734,0.700402,0.793941,0.750152,0.738056,0.817345
0.757579,0.818846,0.786951,0.781172,0.709833,0.798366,0.6950916,0.791289,0.716862,0.80539,0.693114,0.684836,0.722193,0.758866,0.6515408,0.674155,0.728403,0.805823,0.634415,0.754864,0.764148,0.705356,0.744418,0.765962,0.772773,0.819629,0.821314,0.750032,0.745664,0.659455,0.818259,0.684767,0.703521,0.797382,0.867063,0.759248,0.722962,0.719209,0.762244,0.793892,0.739503,1,0.676933,0.783055,0.861483,0.75367,0.755205,0.784659,0.756235,0.756108,0.757525,0.800807,0.702755,0.750958,0.7420098,0.77027,0.782254,0.76925,0.6114786,0.629958,0.761777,0.741362,0.754999,0.771997,0.700627,0.768553,0.687547,0.6498708,0.712956,0.748526,0.753024,0.6503768,0.732093,0.739328,0.768343,0.666773,0.72674,0.773762,0.762724,0.6473469,0.717532,0.733854,0.639858,0.722297,0.749488,0.781863,0.762643,0.7448979,0.730484,0.737603,0.746295,0.794404,0.722461,0.838605,0.717836,0.788357,0.753779,0.719935,0.749521,0.767743
0.698463,0.606624,0.733661,0.76917,0.653075,0.824909,0.852208,0.683746,0.857377,0.699207,0.782969,0.804544,0.678253,0.867382,0.637158,0.805886,0.644104,0.71909,0.745159,0.711734,0.826293,0.718676,0.825689,0.739904,0.671439,0.700095,0.767615,0.755618,0.819624,0.808505,0.668135,0.812735,0.685058,0.721461,0.803311,0.777075,0.795165,0.741697,0.795678,0.673549,0.817488,0.676933,1,0.804841,0.778261,0.709771,0.79948,0.810319,0.836807,0.756273,0.76888,0.84961,0.781621,0.75559,0.799761,0.846386,0.6110339,0.773216,0.750447,0.783643,0.743042,0.75707,0.933866,0.880951,0.740058,0.734531,0.773802,0.746388,0.77201,0.773429,0.775587,0.827599,0.734864,0.825266,0.803604,0.733571,0.915018,0.789995,0.668448,0.816763,0.665924,0.869838,0.860743,0.781116,0.842807,0.880406,0.80096,0.801473,0.842149,0.665126,0.760262,0.809237,0.699169,0.727194,0.869109,0.802933,0.821471,0.839954,0.842977,0.847687
0.827458,0.758701,0.802759,0.868394,0.701047,0.782889,0.759737,0.873159,0.722457,0.825509,0.680162,0.750534,0.79514,0.923902,0.606195,0.677916,0.779017,0.709907,0.727758,0.739504,0.77224,0.721929,0.794938,0.683353,0.725047,0.7281329,0.828745,0.888772,0.721398,0.784997,0.780247,0.751,0.642204,0.808886,0.781017,0.795534,0.771398,0.658139,0.694763,0.823297,0.647261,0.783055,0.804841,1,0.865598,0.854945,0.691764,0.847237,0.805607,0.761391,0.822803,0.746898,0.747571,0.829468,0.716942,0.748738,0.600845,0.710075,0.639846,0.674854,0.762999,0.793954,0.835568,0.823213,0.630764,0.6767381,0.77724,0.755473,0.763966,0.741166,0.77307,0.805309,0.703966,0.6904154,0.731463,0.655138,0.790267,0.826309,0.800273,0.75309,0.768228,0.780021,0.758191,0.829204,0.814241,0.824565,0.840092,0.894751,0.850396,0.759162,0.70913,0.713053,0.786024,0.656232,0.715558,0.951355,0.769318,0.829356,0.856803,0.845777
