0,1,2,3,4,5,6,7,8,9,10,11,12,13,14,15,16,17,18,19,20,21,22,23,24,25,26,27,28,29,30,31,32,33,34,35,36,37,38,39,40,41,42,43,44,45,46,47,48,49,50,51,52,53,54,55,56,57,58,59,60,61,62,63,64,65,66,67,68,69,70,71,72,73,74,75,76,77,78,79,80,81,82,83,84,85,86,87,88,89,90,91,92,93,94,95,96,97,98,99
1.0,0.880662,0.965207,0.879288,0.87044,0.887574,0.879093,0.856771,0.744912,0.832571,0.929851,0.879356,0.909916,0.868273,0.871636,0.905381,0.900735,0.899564,0.922927,0.884587,0.826766,0.850137,0.847996,0.854274,0.861553,0.914892,0.833261,0.888177,0.813469,0.911901,0.906808,0.902054,0.875815,0.902827,0.89187,0.874219,0.878446,0.943463,0.890919,0.908439,0.88875,0.906703,0.813092,0.851159,0.800983,0.813867,0.841316,0.84765,0.933385,0.795826,0.957208,0.90902,0.917032,0.853847,0.884738,0.923312,0.939763,0.885844,0.792216,0.873377,0.904845,0.952853,0.89465,0.918214,0.909523,0.850246,0.910689,0.912936,0.88566,0.897966,0.841194,0.884258,0.885374,0.797439,0.841607,0.887281,0.975639,0.818401,0.909865,0.989314,0.983072,0.9174,0.852444,0.946616,0.85111,0.907539,0.837002,0.821533,0.852406,0.834181,0.894673,0.944427,0.876618,0.895023,0.863734,0.912908,0.86827,0.852104,0.933911,0.882031
0.880662,1.0,0.86584,0.997305,0.986014,0.878446,0.886505,0.873978,0.794132,0.930914,0.917976,0.903907,0.908759,0.984282,0.966633,0.915649,0.969352,0.865389,0.922842,0.890556,0.880793,0.965925,0.952641,0.884569,0.958824,0.928283,0.939515,0.902444,0.954895,0.881307,0.909974,0.918779,0.87461,0.913543,0.901555,0.930213,0.871557,0.882646,0.849801,0.850767,0.966352,0.967717,0.902685,0.983021,0.867378,0.891412,0.934219,0.964756,0.864219,0.870268,0.929442,0.92375,0.964543,0.973999,0.84116,0.870629,0.926332,0.878053,0.884579,0.97768,0.908638,0.898453,0.865615,0.961395,0.886502,0.955357,0.910589,0.923479,0.952894,0.860457,0.921391,0.883589,0.945303,0.834474,0.947735,0.987415,0.874249,0.868338,0.917672,0.855348,0.875699,0.931027,0.970757,0.897164,0.977541,0.927148,0.922509,0.909546,0.885545,0.814892,0.860567,0.915525,0.870755,0.915972,0.879894,0.925514,0.866362,0.885464,0.889445,0.862464
0.965207,0.86584,1.0,0.854267,0.85268,0.948844,0.8489415,0.852945,0.774323,0.864732,0.900525,0.9128,0.959714,0.857999,0.826984,0.912537,0.933574,0.903741,0.898006,0.922127,0.817652,0.868225,0.851671,0.89347,0.829915,0.966222,0.851556,0.920194,0.845073,0.90274,0.884233,0.843025,0.936907,0.84132,0.893642,0.829898,0.94268,0.895606,0.841356,0.878187,0.843465,0.898555,0.865535,0.881021,0.848023,0.810979,0.89533,0.887675,0.895137,0.802013,0.912196,0.929286,0.918506,0.863681,0.869201,0.978448,0.890578,0.8353286,0.821838,0.920811,0.957465,0.985547,0.925288,0.872486,0.917049,0.863462,0.880588,0.931917,0.925184,0.894645,0.893055,0.94099,0.846848,0.856861,0.89229,0.902905,0.937304,0.800473,0.899329,0.981434,0.950104,0.924169,0.903929,0.962735,0.887441,0.941552,0.896632,0.865414,0.813197,0.800903,0.944507,0.903015,0.832137,0.91082,0.924138,0.943323,0.826373,0.881609,0.895995,0.891209
0.879288,0.997305,0.854267,1.0,0.99367,0.875523,0.890898,0.878183,0.804742,0.940482,0.916831,0.90472,0.903731,0.991593,0.976722,0.916183,0.952415,0.878121,0.927168,0.896023,0.900045,0.959499,0.962027,0.88943,0.958234,0.913943,0.951407,0.902699,0.960852,0.895736,0.915425,0.921226,0.872433,0.921584,0.897314,0.944241,0.868069,0.892767,0.863101,0.863791,0.978342,0.954808,0.911849,0.985648,0.875538,0.905091,0.935057,0.967746,0.876441,0.881203,0.927822,0.922676,0.950329,0.982622,0.860878,0.865301,0.922048,0.8867,0.89418,0.964884,0.904,0.880453,0.851083,0.952868,0.901372,0.963026,0.914927,0.92155,0.936183,0.875104,0.928686,0.881328,0.959537,0.837755,0.953934,0.974739,0.87371,0.884184,0.921083,0.857874,0.879661,0.924669,0.969941,0.88685,0.979895,0.91124,0.929239,0.919316,0.903372,0.83313,0.858074,0.920056,0.880971,0.917403,0.878722,0.92144,0.878129,0.888388,0.895781,0.862905
0.87044,0.986014,0.85268,0.99367,1.0,0.879786,0.881239,0.866844,0.811232,0.962174,0.922795,0.910283,0.908523,0.998281,0.968127,0.917417,0.934812,0.89471,0.929022,0.90918,0.913074,0.955232,0.978548,0.912639,0.959495,0.90721,0.968042,0.910131,0.95733,0.908483,0.921767,0.908795,0.876287,0.910849,0.862399,0.952931,0.870759,0.892494,0.870003,0.859495,0.981079,0.941883,0.935968,0.988908,0.895444,0.92159,0.95169,0.979751,0.873633,0.900022,0.923097,0.925638,0.931787,0.994038,0.872835,0.871112,0.906105,0.879569,0.925611,0.95232,0.90799,0.868593,0.845236,0.924238,0.915143,0.97767,0.91112,0.926085,0.926105,0.894003,0.946772,0.888628,0.972321,0.846291,0.969421,0.957024,0.874082,0.90789,0.926827,0.857706,0.868839,0.924038,0.973078,0.869334,0.982954,0.901591,0.944647,0.940904,0.923432,0.860776,0.867355,0.922816,0.880946,0.919779,0.887266,0.92368,0.880068,0.891473,0.88366,0.871286
0.887574,0.878446,0.948844,0.875523,0.879786,1.0,0.933745,0.931984,0.872209,0.901627,0.903684,0.987199,0.985276,0.886062,0.845183,0.970791,0.912492,0.86681,0.951152,0.906023,0.794712,0.865008,0.876275,0.894671,0.825365,0.954733,0.897981,0.974936,0.889744,0.861066,0.95339,0.786459,0.996772,0.787224,0.836749,0.831654,0.987405,0.916362,0.893265,0.897095,0.852988,0.880565,0.908083,0.908479,0.936833,0.897731,0.901339,0.908206,0.905017,0.830546,0.90476,0.974423,0.907223,0.899321,0.830574,0.989549,0.89296,0.922414,0.857259,0.907269,0.98738,0.914713,0.899456,0.841301,0.883634,0.888821,0.950538,0.964879,0.895155,0.85834,0.91866,0.994141,0.846213,0.950833,0.918399,0.892691,0.867795,0.877615,0.961404,0.927854,0.880354,0.930692,0.919028,0.879014,0.912852,0.918896,0.920371,0.90257,0.82466,0.834537,0.989629,0.928684,0.919511,0.97805,0.993802,0.971053,0.909773,0.977356,0.895236,0.93195
0.879093,0.886505,0.8489415,0.890898,0.881239,0.933745,1.0,0.982078,0.899218,0.857072,0.915069,0.953669,0.933914,0.881934,0.917265,0.973267,0.885804,0.767189,0.965865,0.811695,0.849432,0.831349,0.849245,0.805831,0.831287,0.909388,0.881714,0.937212,0.915223,0.800228,0.957016,0.807863,0.931174,0.838681,0.878783,0.84913,0.926053,0.954485,0.920311,0.954815,0.877075,0.880776,0.849436,0.880549,0.883775,0.894276,0.825123,0.856592,0.956367,0.808879,0.947642,0.955279,0.908629,0.88362,0.780911,0.903867,0.946915,0.978678,0.799403,0.858494,0.936471,0.8191084,0.905798,0.91384,0.820822,0.857038,0.989861,0.942725,0.84411,0.764796,0.859497,0.929976,0.847563,0.916094,0.863796,0.87935,0.849699,0.863379,0.958367,0.87426,0.921327,0.918936,0.865601,0.818053,0.880648,0.882514,0.857496,0.852303,0.828858,0.802942,0.911321,0.955325,0.960865,0.964012,0.928815,0.945136,0.941773,0.956463,0.984548,0.912897
0.856771,0.873978,0.852945,0.878183,0.866844,0.931984,0.982078,1.0,0.925799,0.857834,0.905445,0.949272,0.927991,0.865387,0.90511,0.950958,0.879079,0.7635518,0.952348,0.813934,0.839738,0.818022,0.835974,0.800783,0.810632,0.908655,0.869039,0.925298,0.910362,0.775298,0.943136,0.79206,0.938833,0.815982,0.87629,0.83321,0.941565,0.932398,0.897543,0.941032,0.858611,0.864934,0.84077,0.869267,0.882195,0.883213,0.822598,0.846358,0.937289,0.813161,0.92191,0.948797,0.906761,0.871773,0.756753,0.903657,0.953021,0.983848,0.78208,0.856987,0.935069,0.824138,0.911372,0.902071,0.807014,0.847179,0.971543,0.928739,0.839549,0.754553,0.855289,0.92452,0.825749,0.903537,0.86281,0.872718,0.824096,0.845258,0.945418,0.855337,0.908249,0.900918,0.859484,0.806145,0.869593,0.872157,0.863012,0.844449,0.813628,0.790281,0.916204,0.931171,0.945899,0.959421,0.925499,0.93379,0.925333,0.948095,0.969514,0.899951
0.744912,0.794132,0.774323,0.804742,0.811232,0.872209,0.899218,0.925799,1.0,0.865633,0.781954,0.881029,0.844888,0.818681,0.851451,0.852167,0.785862,0.7776271,0.851375,0.811808,0.840149,0.785255,0.839815,0.826356,0.745678,0.807406,0.878194,0.864909,0.869665,0.763863,0.859663,0.72071,0.880629,0.756084,0.827949,0.801468,0.863238,0.85084,0.880491,0.90279,0.81213,0.753901,0.889142,0.823833,0.924765,0.916916,0.818719,0.829348,0.875706,0.878193,0.798046,0.846182,0.792047,0.837469,0.778128,0.836696,0.830203,0.927683,0.814618,0.787318,0.845282,0.757578,0.859434,0.802767,0.811045,0.85264,0.875317,0.837232,0.793425,0.791819,0.877547,0.874733,0.807571,0.920683,0.852453,0.780141,0.754505,0.895737,0.851888,0.76077,0.805981,0.796035,0.820758,0.739543,0.830098,0.799902,0.869952,0.893725,0.847535,0.899321,0.891381,0.817588,0.915113,0.867497,0.879602,0.834143,0.902635,0.913169,0.873592,0.877635
0.832571,0.930914,0.864732,0.940482,0.962174,0.901627,0.857072,0.857834,0.865633,1.0,0.891107,0.915486,0.913538,0.962632,0.915239,0.906486,0.903255,0.912468,0.899176,0.943896,0.891258,0.895113,0.950959,0.965742,0.898423,0.904733,0.986367,0.899049,0.944481,0.906731,0.902761,0.822745,0.904222,0.833055,0.812123,0.911867,0.900701,0.858856,0.872334,0.830008,0.926657,0.887714,0.984016,0.966247,0.958479,0.959671,0.951687,0.969656,0.835791,0.895967,0.878496,0.918187,0.896298,0.981411,0.874776,0.889958,0.869155,0.861381,0.966284,0.926319,0.915392,0.862342,0.836408,0.854997,0.927679,0.958905,0.887588,0.907919,0.888781,0.908525,0.98657,0.899949,0.925778,0.91009,0.990187,0.909473,0.819151,0.927288,0.90983,0.841988,0.815204,0.889149,0.963825,0.837982,0.966243,0.87602,0.985044,0.972926,0.91845,0.876699,0.888685,0.890196,0.877082,0.913902,0.907246,0.913224,0.877741,0.903424,0.837564,0.848319
0.929851,0.917976,0.900525,0.916831,0.922795,0.903684,0.915069,0.905445,0.781954,0.891107,1.0,0.940906,0.946124,0.916187,0.889,0.953454,0.931467,0.826256,0.971295,0.823575,0.859698,0.889609,0.89476,0.828901,0.912654,0.947528,0.885479,0.940841,0.865438,0.843416,0.964017,0.864933,0.900809,0.858518,0.841024,0.88405,0.909679,0.934346,0.885802,0.890043,0.897443,0.963333,0.859558,0.899978,0.851328,0.863244,0.868263,0.892564,0.914541,0.793475,0.981208,0.968514,0.956425,0.911023,0.799251,0.904281,0.964468,0.912197,0.856929,0.897411,0.947683,0.886389,0.875073,0.919764,0.843322,0.889909,0.948533,0.967573,0.904825,0.824544,0.857897,0.914848,0.894795,0.822398,0.884656,0.928816,0.934353,0.863771,0.970852,0.916474,0.93366,0.971796,0.882561,0.864368,0.890236,0.928036,0.85725,0.854993,0.86016,0.817656,0.890138,0.974827,0.897687,0.957326,0.911863,0.965443,0.889577,0.903771,0.931817,0.897244
0.879356,0.903907,0.9128,0.90472,0.910283,0.987199,0.953669,0.949272,0.881029,0.915486,0.940906,1.0,0.982762,0.912108,0.87736,0.987651,0.917959,0.836259,0.981144,0.873743,0.816305,0.876049,0.8946,0.87908,0.860082,0.951321,0.914032,0.983081,0.898355,0.835734,0.986517,0.80377,0.987957,0.801828,0.814664,0.85586,0.976335,0.946933,0.927975,0.921647,0.882167,0.907105,0.910309,0.91935,0.945569,0.924052,0.893311,0.91374,0.929006,0.83595,0.937659,0.990178,0.925571,0.920271,0.803152,0.964275,0.924293,0.956015,0.874174,0.905969,0.985823,0.881493,0.886672,0.871023,0.853024,0.902122,0.976843,0.978841,0.893351,0.831106,0.911828,0.986991,0.871022,0.945554,0.919852,0.907686,0.871358,0.908113,0.989927,0.900298,0.87669,0.948496,0.916341,0.84018,0.918476,0.917124,0.911289,0.902847,0.845697,0.85319,0.97352,0.962453,0.954399,0.996493,0.99181,0.980478,0.944747,0.989582,0.923899,0.935634
0.909916,0.908759,0.959714,0.903731,0.908523,0.985276,0.933914,0.927991,0.844888,0.913538,0.946124,0.982762,1.0,0.914252,0.866234,0.980354,0.950104,0.854817,0.969094,0.895998,0.8084908,0.900444,0.905136,0.897102,0.866986,0.984425,0.910493,0.984953,0.898503,0.854298,0.96023,0.818197,0.976895,0.809713,0.865327,0.858994,0.974711,0.915885,0.873897,0.876776,0.882485,0.929246,0.909086,0.928623,0.909854,0.883584,0.917987,0.92957,0.89468,0.852301,0.944608,0.990973,0.94891,0.921478,0.817769,0.986598,0.930528,0.913495,0.875214,0.931136,0.998854,0.936165,0.937154,0.880866,0.878737,0.915466,0.956978,0.990686,0.935636,0.846901,0.922343,0.988558,0.875321,0.9088,0.929309,0.929386,0.901758,0.868542,0.973466,0.932015,0.900511,0.970695,0.93292,0.89647,0.930614,0.960514,0.920644,0.91059,0.84425,0.822486,0.978537,0.952363,0.901103,0.982473,0.977538,0.995031,0.891171,0.958717,0.912269,0.950197
0.868273,0.984282,0.857999,0.991593,0.998281,0.886062,0.881934,0.865387,0.818681,0.962632,0.916187,0.912108,0.914252,1.0,0.962816,0.918077,0.936588,0.897218,0.929075,0.914676,0.901902,0.962352,0.98593,0.918135,0.956683,0.910365,0.972151,0.919038,0.957244,0.910892,0.919416,0.91127,0.87978,0.912025,0.8586269,0.960213,0.874093,0.888122,0.866135,0.854745,0.985254,0.937347,0.941847,0.992412,0.900224,0.923632,0.957631,0.985782,0.869652,0.915191,0.918638,0.925975,0.929607,0.995071,0.880518,0.879291,0.901119,0.875609,0.928561,0.954044,0.911813,0.873491,0.859102,0.917449,0.91711,0.986744,0.909724,0.931234,0.933796,0.897463,0.954138,0.897385,0.977782,0.852008,0.972843,0.956436,0.877427,0.914334,0.925294,0.858106,0.864932,0.92746,0.977585,0.873481,0.988653,0.912619,0.949912,0.95247,0.933598,0.870596,0.877799,0.918505,0.877651,0.919532,0.890943,0.927516,0.880648,0.896701,0.880281,0.888159
0.871636,0.966633,0.826984,0.976722,0.968127,0.845183,0.917265,0.90511,0.851451,0.915239,0.889,0.87736,0.866234,0.962816,1.0,0.902381,0.904953,0.858722,0.909893,0.8681716,0.939822,0.900676,0.923538,0.8530869,0.923308,0.871737,0.93708,0.863451,0.977068,0.890994,0.8952,0.902794,0.845137,0.927532,0.935919,0.928027,0.839999,0.899187,0.869728,0.895396,0.963054,0.909751,0.886664,0.952443,0.858164,0.903739,0.8941515,0.924525,0.898895,0.860546,0.919084,0.895706,0.914775,0.958484,0.863021,0.8237135,0.921019,0.908439,0.856797,0.915681,0.869155,0.84822,0.877292,0.957191,0.91756,0.924574,0.920087,0.885513,0.872886,0.853949,0.905457,0.842991,0.935128,0.838684,0.925445,0.930243,0.842289,0.866685,0.897464,0.853484,0.901632,0.88415,0.931657,0.880225,0.947394,0.85688,0.908157,0.89231,0.887641,0.810758,0.824554,0.90936,0.895122,0.896,0.844724,0.888037,0.88112,0.87144,0.929412,0.825746
0.905381,0.915649,0.912537,0.916183,0.917417,0.970791,0.973267,0.950958,0.852167,0.906486,0.953454,0.987651,0.980354,0.918077,0.902381,1.0,0.929847,0.82532,0.987671,0.865046,0.839548,0.872747,0.889974,0.872681,0.875472,0.956423,0.911702,0.97271,0.911822,0.836237,0.985414,0.820903,0.96685,0.826865,0.831717,0.861783,0.954861,0.960687,0.926638,0.928828,0.893915,0.923486,0.89322,0.919411,0.913148,0.906837,0.879153,0.908009,0.940765,0.831848,0.968904,0.992547,0.941968,0.922186,0.799885,0.951716,0.946012,0.957649,0.86971,0.906628,0.981051,0.883342,0.890063,0.907034,0.847194,0.897895,0.992092,0.982092,0.894194,0.823075,0.902726,0.969072,0.876531,0.926381,0.910855,0.917131,0.888718,0.882609,0.991125,0.90858,0.909177,0.957989,0.911793,0.841272,0.918326,0.924264,0.897676,0.888178,0.843326,0.827062,0.950617,0.983366,0.953282,0.992466,0.968596,0.985375,0.935138,0.973087,0.955337,0.933396
0.900735,0.969352,0.933574,0.952415,0.934812,0.912492,0.885804,0.879079,0.785862,0.903255,0.931467,0.917959,0.950104,0.936588,0.904953,0.929847,1.0,0.840877,0.922978,0.883084,0.805733,0.952026,0.909962,0.877087,0.923477,0.982684,0.902519,0.921885,0.918357,0.844093,0.903472,0.879651,0.904839,0.857592,0.908461,0.871839,0.908377,0.861309,0.815436,0.818152,0.905946,0.980662,0.884206,0.950964,0.858771,0.856387,0.919329,0.938602,0.835926,0.841493,0.940476,0.94589,0.991814,0.931426,0.796077,0.920354,0.943204,0.862084,0.856887,0.98743,0.948186,0.957853,0.927146,0.953688,0.858657,0.919667,0.909386,0.949313,0.982636,0.83088,0.906129,0.915003,0.885391,0.842391,0.924915,0.993631,0.890761,0.828782,0.920104,0.885698,0.878722,0.960035,0.952564,0.930638,0.949333,0.975558,0.907673,0.8887,0.834099,0.776059,0.898305,0.913861,0.845623,0.927221,0.902857,0.958379,0.834864,0.890594,0.883818,0.886569
0.899564,0.865389,0.903741,0.878121,0.89471,0.86681,0.767189,0.7635518,0.7776271,0.912468,0.826256,0.836259,0.854817,0.897218,0.858722,0.82532,0.840877,1.0,0.830201,0.98458,0.846391,0.853783,0.903645,0.934905,0.849191,0.848873,0.897514,0.834278,0.867452,0.991423,0.828057,0.883374,0.866929,0.900271,0.821744,0.917667,0.870037,0.853258,0.84386,0.835547,0.909007,0.814691,0.902118,0.898097,0.866382,0.857078,0.905478,0.905895,0.850967,0.875015,0.827713,0.837995,0.822367,0.901515,0.966053,0.883164,0.808081,0.789253,0.860333,0.879179,0.855813,0.892802,0.798962,0.804108,0.977642,0.904765,0.809565,0.835156,0.840117,0.99832,0.931549,0.848849,0.932121,0.847815,0.925011,0.8415,0.89362,0.86204,0.829968,0.91816,0.87107,0.822227,0.913757,0.896011,0.904133,0.827779,0.93864,0.903936,0.922282,0.907641,0.857804,0.835638,0.809382,0.831586,0.846517,0.839028,0.817578,0.821796,0.805326,0.822858
0.922927,0.922842,0.898006,0.927168,0.929022,0.951152,0.965865,0.952348,0.851375,0.899176,0.971295,0.981144,0.969094,0.929075,0.909893,0.987671,0.922978,0.830201,1.0,0.842744,0.852759,0.889691,0.908317,0.842711,0.888307,0.946415,0.912841,0.978358,0.897072,0.846068,0.993612,0.857174,0.94747,0.855191,0.84309,0.893409,0.939059,0.972746,0.936402,0.943743,0.920617,0.934016,0.884116,0.918447,0.902318,0.908137,0.871152,0.905418,0.958072,0.841037,0.977948,0.989431,0.94461,0.925284,0.826547,0.934167,0.961778,0.965907,0.858833,0.895082,0.96986,0.869825,0.884498,0.912161,0.853343,0.908858,0.989269,0.986988,0.894485,0.832052,0.886721,0.959387,0.908039,0.894032,0.900743,0.919756,0.923422,0.905702,0.996009,0.9203,0.934163,0.97206,0.900524,0.848309,0.914098,0.927854,0.882938,0.887931,0.873997,0.858478,0.93703,0.989462,0.956595,0.990817,0.954737,0.982829,0.951426,0.966316,0.963591,0.942406
0.884587,0.890556,0.922127,0.896023,0.90918,0.906023,0.811695,0.813934,0.811808,0.943896,0.823575,0.873743,0.895998,0.914676,0.8681716,0.865046,0.883084,0.98458,0.842744,1.0,0.863516,0.871689,0.910067,0.967817,0.852692,0.889724,0.929497,0.863947,0.921671,0.97614,0.839938,0.853678,0.903084,0.873284,0.849177,0.893337,0.900575,0.844156,0.832393,0.83503,0.897936,0.835332,0.939333,0.936019,0.902933,0.88266,0.943084,0.942084,0.843167,0.869601,0.831756,0.87297,0.854691,0.930948,0.943633,0.916369,0.812673,0.797417,0.89495,0.921628,0.896218,0.916666,0.833702,0.816626,0.983078,0.922932,0.837057,0.864939,0.877479,0.978929,0.970681,0.888743,0.907714,0.890423,0.963518,0.877431,0.860111,0.854719,0.849778,0.911001,0.862218,0.842669,0.956204,0.910368,0.944493,0.860365,0.9749,0.937051,0.890833,0.866547,0.895809,0.840465,0.816558,0.865272,0.886569,0.876468,0.814336,0.861329,0.812175,0.829464
0.826766,0.880793,0.817652,0.900045,0.913074,0.794712,0.849432,0.839738,0.840149,0.891258,0.859698,0.816305,0.8084908,0.901902,0.939822,0.839548,0.805733,0.846391,0.852759,0.863516,1.0,0.826935,0.877573,0.911669,0.881941,0.7892122,0.897934,0.8056829,0.90598,0.866344,0.854842,0.845972,0.7812709,0.85776,0.875194,0.878605,0.7761909,0.863923,0.861341,0.865383,0.897379,0.837318,0.8748007,0.875356,0.8315595,0.883882,0.916932,0.887104,0.865006,0.837703,0.871659,0.832532,0.828016,0.904364,0.848731,0.825769,0.852748,0.852843,0.896429,0.81566248,0.7996433,0.827313,0.848016,0.881263,0.921314,0.876823,0.85792,0.820202,0.828275,0.840767,0.878778,0.812198,0.888873,0.794036,0.8770631,0.833058,0.798199,0.860946,0.850699,0.824796,0.858971,0.819783,0.8623519,0.846078,0.8665827,0.793012,0.8684975,0.879005,0.856856,0.814056,0.83097,0.875587,0.858208,0.834163,0.7978943,0.818584,0.854004,0.807212,0.874491,0.785396
0.850137,0.965925,0.868225,0.959499,0.955232,0.865008,0.831349,0.818022,0.785255,0.895113,0.889609,0.876049,0.900444,0.962352,0.900676,0.872747,0.952026,0.853783,0.889691,0.871689,0.826935,1.0,0.96924,0.861279,0.935007,0.917401,0.913395,0.911785,0.905442,0.866749,0.8703,0.910916,0.849003,0.891371,0.918223,0.923966,0.849942,0.821113,0.78566,0.787609,0.946671,0.953703,0.894596,0.966638,0.842895,0.849219,0.956032,0.965599,0.8072,0.89766,0.883751,0.893207,0.930882,0.946806,0.839824,0.875755,0.869798,0.807457,0.86798,0.961859,0.89427,0.905294,0.911878,0.897499,0.871368,0.965552,0.854467,0.918466,0.978955,0.852369,0.90414,0.888264,0.946688,0.796123,0.928232,0.967323,0.887578,0.86704,0.881803,0.839683,0.83721,0.936342,0.959056,0.910193,0.962421,0.948074,0.901525,0.916671,0.890486,0.833101,0.869998,0.862659,0.804127,0.880189,0.869696,0.911609,0.818389,0.85573,0.823517,0.900864
0.847996,0.952641,0.851671,0.962027,0.978548,0.876275,0.849245,0.835974,0.839815,0.950959,0.89476,0.8946,0.905136,0.98593,0.923538,0.889974,0.909962,0.903645,0.908317,0.910067,0.877573,0.96924,1.0,0.909741,0.933824,0.894125,0.96643,0.921845,0.931029,0.912199,0.895588,0.900726,0.864427,0.898028,0.87026,0.962498,0.860121,0.854751,0.837583,0.823811,0.976565,0.912273,0.948047,0.978466,0.899406,0.913151,0.966923,0.98397,0.840723,0.947677,0.886369,0.904626,0.896039,0.981441,0.892313,0.877864,0.862776,0.838589,0.925518,0.929278,0.899285,0.862043,0.884723,0.865473,0.915856,0.996839,0.87591,0.924116,0.932843,0.908716,0.953374,0.897279,0.985325,0.839648,0.966021,0.927626,0.88493,0.929526,0.902379,0.84853,0.84247,0.922255,0.965238,0.863152,0.976166,0.911971,0.946102,0.967498,0.952536,0.904107,0.88315,0.88511,0.844373,0.896563,0.883092,0.914154,0.857705,0.880665,0.841361,0.912639
0.854274,0.884569,0.89347,0.88943,0.912639,0.894671,0.805831,0.800783,0.826356,0.965742,0.828901,0.87908,0.897102,0.918135,0.8530869,0.872681,0.877087,0.934905,0.842711,0.967817,0.911669,0.861279,0.909741,1.0,0.858828,0.882349,0.938569,0.865925,0.902234,0.929179,0.850584,0.793805,0.89007,0.823031,0.834903,0.861974,0.878876,0.833819,0.837766,0.818874,0.878768,0.834451,0.955006,0.93457,0.917812,0.897267,0.950993,0.95218,0.824031,0.878963,0.828346,0.877673,0.848033,0.937977,0.894854,0.900825,0.79548,0.793433,0.963727,0.911817,0.893894,0.892527,0.83526,0.7965748,0.961868,0.926605,0.834565,0.869072,0.87535,0.929239,0.973597,0.887196,0.885177,0.886999,0.96706,0.868692,0.814567,0.861893,0.860821,0.872912,0.829881,0.840555,0.951068,0.879489,0.941485,0.854984,0.966602,0.944468,0.867605,0.846461,0.891632,0.84847,0.813292,0.867305,0.886964,0.87922,0.812343,0.862377,0.803202,0.830005
0.861553,0.958824,0.829915,0.958234,0.959495,0.825365,0.831287,0.810632,0.745678,0.898423,0.912654,0.860082,0.866986,0.956683,0.923308,0.875472,0.923477,0.849191,0.888307,0.852692,0.881941,0.935007,0.933824,0.858828,1.0,0.877405,0.894537,0.872097,0.895029,0.867713,0.881756,0.957674,0.818583,0.933166,0.861243,0.942637,0.812258,0.857692,0.827153,0.819131,0.949864,0.936124,0.859722,0.940159,0.821456,0.843241,0.910222,0.936567,0.841325,0.851876,0.903841,0.880662,0.915352,0.938175,0.831894,0.824716,0.87527,0.828919,0.900412,0.930601,0.861791,0.866626,0.829736,0.919937,0.868322,0.935941,0.865921,0.888797,0.921609,0.850057,0.87798,0.840938,0.939225,0.777397,0.904804,0.939319,0.872592,0.850889,0.88639,0.83817,0.866083,0.892987,0.924984,0.875471,0.934958,0.904623,0.869259,0.877928,0.891973,0.812294,0.824865,0.896032,0.829909,0.868157,0.829815,0.883038,0.825647,0.8396,0.847011,0.848346
0.914892,0.928283,0.966222,0.913943,0.90721,0.954733,0.909388,0.908655,0.807406,0.904733,0.947528,0.951321,0.984425,0.910365,0.871737,0.956423,0.982684,0.848873,0.946415,0.889724,0.7892122,0.917401,0.894125,0.882349,0.877405,1.0,0.900691,0.954618,0.901048,0.845451,0.928366,0.834259,0.94684,0.814196,0.88782,0.848775,0.953388,0.88124,0.830468,0.837185,0.875856,0.962399,0.894612,0.928589,0.879528,0.862946,0.911177,0.922837,0.856424,0.833727,0.948333,0.975402,0.981152,0.916374,0.804543,0.96545,0.949444,0.88404,0.857102,0.958925,0.984332,0.962014,0.94294,0.919127,0.865792,0.903703,0.93239,0.976173,0.962311,0.838398,0.910792,0.955481,0.863518,0.870953,0.923302,0.964086,0.902731,0.836542,0.946618,0.922031,0.895255,0.975726,0.933996,0.923421,0.928778,0.97729,0.914469,0.894034,0.826754,0.784498,0.940575,0.933014,0.86356,0.958304,0.943366,0.985888,0.852401,0.920045,0.901019,0.914756
0.833261,0.939515,0.851556,0.951407,0.968042,0.897981,0.881714,0.869039,0.878194,0.986367,0.885479,0.914032,0.910493,0.972151,0.93708,0.911702,0.902519,0.897514,0.912841,0.929497,0.897934,0.913395,0.96643,0.938569,0.894537,0.900691,1.0,0.912288,0.956292,0.901009,0.906883,0.844363,0.894117,0.853121,0.822904,0.93271,0.885689,0.8706,0.885847,0.855458,0.952257,0.893499,0.987797,0.972127,0.962713,0.977845,0.943922,0.968559,0.85656,0.91697,0.891088,0.917686,0.898655,0.986169,0.893448,0.884532,0.880005,0.876944,0.949977,0.918121,0.91028,0.847883,0.842394,0.871902,0.918392,0.969598,0.902642,0.917818,0.891577,0.898811,0.984183,0.90286,0.948047,0.918299,0.983703,0.914154,0.832718,0.955999,0.912421,0.835983,0.832111,0.906966,0.960725,0.833088,0.972338,0.887897,0.98022,0.986452,0.940175,0.900312,0.88436,0.895455,0.897193,0.916243,0.903389,0.918308,0.907428,0.914964,0.86562,0.872146
0.888177,0.902444,0.920194,0.902699,0.910131,0.974936,0.937212,0.925298,0.864909,0.899049,0.940841,0.983081,0.984953,0.919038,0.863451,0.97271,0.921885,0.834278,0.978358,0.863947,0.8056829,0.911785,0.921845,0.865925,0.872097,0.954618,0.912288,1.0,0.881214,0.841834,0.971049,0.838776,0.9638,0.826455,0.850445,0.887428,0.957291,0.927079,0.895153,0.897223,0.902129,0.914365,0.905741,0.923625,0.917838,0.898238,0.908631,0.92562,0.913426,0.867674,0.935797,0.981135,0.923198,0.91842,0.826954,0.968179,0.915633,0.923656,0.874454,0.903962,0.981972,0.893322,0.925359,0.860776,0.858048,0.925957,0.958207,0.991541,0.921252,0.833318,0.907168,0.990547,0.899875,0.907446,0.913654,0.911038,0.906714,0.911046,0.977901,0.909122,0.890309,0.971553,0.917313,0.866384,0.924597,0.952897,0.901603,0.918724,0.876851,0.866403,0.975429,0.950984,0.918946,0.980576,0.976057,0.985521,0.925115,0.971726,0.912877,0.975613
0.813469,0.954895,0.845073,0.960852,0.95733,0.889744,0.915223,0.910362,0.869665,0.944481,0.865438,0.898355,0.898503,0.957244,0.977068,0.911822,0.918357,0.867452,0.897072,0.921671,0.90598,0.905442,0.931029,0.902234,0.895029,0.901048,0.956292,0.881214,1.0,0.865677,0.883251,0.841045,0.889717,0.862299,0.895233,0.89705,0.886238,0.856964,0.833156,0.854108,0.933237,0.895437,0.927954,0.968309,0.897921,0.916723,0.927124,0.949593,0.850898,0.892508,0.889613,0.908863,0.913329,0.967742,0.822377,0.872476,0.899399,0.892837,0.882964,0.939027,0.901848,0.851905,0.870032,0.926488,0.8747452,0.940215,0.91304,0.895949,0.893122,0.858855,0.951276,0.879995,0.906029,0.88964,0.962177,0.931387,0.786496,0.862427,0.892874,0.807541,0.842344,0.883025,0.962943,0.8280008,0.968557,0.87394,0.956691,0.928845,0.86983,0.803202,0.864003,0.883153,0.877848,0.907147,0.882867,0.905245,0.857203,0.892313,0.899934,0.847716
0.911901,0.881307,0.90274,0.895736,0.908483,0.861066,0.800228,0.775298,0.763863,0.906731,0.843416,0.835734,0.854298,0.910892,0.890994,0.836237,0.844093,0.991423,0.846068,0.97614,0.866344,0.866749,0.912199,0.929179,0.867713,0.845451,0.901009,0.841834,0.865677,1.0,0.841456,0.901415,0.855009,0.933366,0.846662,0.938926,0.862393,0.873962,0.859448,0.857295,0.927553,0.830195,0.897833,0.904115,0.856494,0.861843,0.910357,0.910938,0.874872,0.856112,0.853083,0.840896,0.82936,0.908237,0.971949,0.882227,0.830982,0.812363,0.856315,0.878895,0.852161,0.896152,0.809004,0.836472,0.982817,0.912813,0.832171,0.843847,0.848812,0.989429,0.926053,0.84981,0.945422,0.837385,0.919861,0.849555,0.901907,0.869511,0.841121,0.923606,0.891491,0.834694,0.914118,0.909691,0.909271,0.837442,0.927759,0.904981,0.937533,0.90274,0.859201,0.855532,0.829687,0.834996,0.842355,0.843706,0.838049,0.823733,0.840018,0.833507
0.906808,0.909974,0.884233,0.915425,0.921767,0.95339,0.957016,0.943136,0.859663,0.902761,0.964017,0.986517,0.96023,0.919416,0.8952,0.985414,0.903472,0.828057,0.993612,0.839938,0.854842,0.8703,0.895588,0.850584,0.881756,0.928366,0.906883,0.971049,0.883251,0.841456,1.0,0.83352,0.95425,0.835164,0.812914,0.875729,0.940226,0.978087,0.957305,0.950855,0.902908,0.917028,0.887244,0.907818,0.921769,0.921706,0.866415,0.898028,0.961975,0.823212,0.96361,0.983702,0.923986,0.918489,0.815251,0.9282,0.939615,0.967871,0.869647,0.882818,0.962545,0.853387,0.857183,0.889919,0.850115,0.896118,0.985398,0.974151,0.873706,0.829603,0.882909,0.958566,0.893565,0.912645,0.896692,0.901652,0.902813,0.91779,0.998068,0.909511,0.913237,0.951482,0.891781,0.829314,0.902308,0.900733,0.878404,0.880666,0.861419,0.870531,0.938559,0.987199,0.969889,0.990597,0.964192,0.970202,0.963119,0.974368,0.946924,0.926312
0.902054,0.918779,0.843025,0.921226,0.908795,0.786459,0.807863,0.79206,0.72071,0.822745,0.864933,0.80377,0.818197,0.91127,0.902794,0.820903,0.879651,0.883374,0.857174,0.853678,0.845972,0.910916,0.900726,0.793805,0.957674,0.834259,0.844363,0.838776,0.841045,0.901415,0.83352,1.0,0.775855,0.977179,0.899302,0.953455,0.775151,0.852676,0.81303,0.831713,0.949037,0.887168,0.796989,0.887963,0.763164,0.798358,0.8539,0.877711,0.853892,0.839557,0.875355,0.827005,0.879514,0.879985,0.888419,0.806849,0.87066,0.82033,0.829994,0.879602,0.810837,0.873659,0.823798,0.906431,0.881586,0.898977,0.833474,0.848435,0.88604,0.885949,0.827025,0.801225,0.939126,0.728036,0.841485,0.89757,0.90742,0.831106,0.834226,0.876593,0.904282,0.86445,0.870193,0.906807,0.886778,0.885906,0.821572,0.83892,0.904819,0.826635,0.79976,0.85487,0.809859,0.81776,0.772378,0.836287,0.816995,0.797699,0.85254,0.841785
0.875815,0.87461,0.936907,0.872433,0.876287,0.996772,0.931174,0.938833,0.880629,0.904222,0.900809,0.987957,0.976895,0.87978,0.845137,0.96685,0.904839,0.866929,0.94747,0.903084,0.7812709,0.849003,0.864427,0.89007,0.818583,0.94684,0.894117,0.9638,0.889717,0.855009,0.95425,0.775855,1.0,0.776191,0.816928,0.822227,0.99082,0.916104,0.899393,0.895093,0.843983,0.872619,0.904691,0.901801,0.943789,0.904739,0.889094,0.89858,0.900909,0.819528,0.897515,0.971692,0.903695,0.89568,0.81938,0.979034,0.89433,0.931991,0.852749,0.902195,0.981923,0.901273,0.88038,0.838964,0.873934,0.877612,0.949737,0.954352,0.879469,0.857741,0.914165,0.985772,0.834671,0.956933,0.915662,0.886868,0.852136,0.876971,0.960405,0.916833,0.862926,0.91687,0.912337,0.860361,0.905148,0.900717,0.919237,0.892994,0.816328,0.831577,0.981785,0.925188,0.927786,0.97863,0.992802,0.96235,0.913961,0.978987,0.891724,0.912881
0.902827,0.913543,0.84132,0.921584,0.910849,0.787224,0.838681,0.815982,0.756084,0.833055,0.858518,0.801828,0.809713,0.912025,0.927532,0.826865,0.857592,0.900271,0.855191,0.873284,0.85776,0.891371,0.898028,0.823031,0.933166,0.814196,0.853121,0.826455,0.862299,0.933366,0.835164,0.977179,0.776191,1.0,0.913591,0.963932,0.787133,0.868947,0.833703,0.85451,0.950304,0.867005,0.805314,0.886743,0.769982,0.813347,0.861166,0.875168,0.875403,0.81671,0.874173,0.821758,0.860646,0.884646,0.901156,0.811127,0.873271,0.839708,0.805369,0.86599,0.802644,0.868131,0.828608,0.907955,0.909339,0.897249,0.849051,0.83555,0.863282,0.89921,0.839324,0.797091,0.941511,0.744432,0.848063,0.878931,0.893887,0.832826,0.833334,0.880446,0.910026,0.843033,0.870186,0.904076,0.886158,0.855617,0.83161,0.842239,0.924786,0.833292,0.808774,0.856588,0.829174,0.817313,0.772452,0.824633,0.828824,0.798954,0.876321,0.83292
0.89187,0.901555,0.893642,0.897314,0.862399,0.836749,0.878783,0.87629,0.827949,0.812123,0.841024,0.814664,0.865327,0.8586269,0.935919,0.831717,0.908461,0.821744,0.84309,0.849177,0.875194,0.918223,0.87026,0.834903,0.861243,0.88782,0.822904,0.850445,0.895233,0.846662,0.812914,0.899302,0.816928,0.913591,1.0,0.853713,0.824955,0.846662,0.79502,0.859045,0.882267,0.882096,0.820286,0.879821,0.77707,0.783888,0.907164,0.890933,0.864178,0.851412,0.888397,0.835142,0.897941,0.848265,0.820679,0.872574,0.912508,0.858843,0.77494,0.913417,0.854926,0.93307,0.961542,0.963693,0.880894,0.884785,0.858797,0.851755,0.949181,0.810989,0.851933,0.85406,0.857428,0.764965,0.857405,0.903836,0.870404,0.7591749,0.817386,0.871229,0.924303,0.8566191,0.895598,0.950675,0.886052,0.921453,0.847375,0.852523,0.807375,0.762885,0.869553,0.847259,0.821392,0.823839,0.819232,0.855577,0.809168,0.803142,0.916892,0.871303
0.874219,0.930213,0.829898,0.944241,0.952931,0.831654,0.84913,0.83321,0.801468,0.911867,0.88405,0.85586,0.858994,0.960213,0.928027,0.861783,0.871839,0.917667,0.893409,0.893337,0.878605,0.923966,0.962498,0.861974,0.942637,0.848775,0.93271,0.887428,0.89705,0.938926,0.875729,0.953455,0.822227,0.963932,0.853713,1.0,0.829529,0.870725,0.850008,0.848247,0.983337,0.875084,0.893218,0.938639,0.854443,0.88959,0.901156,0.935143,0.869062,0.894351,0.881048,0.868876,0.871064,0.945158,0.931986,0.834869,0.874502,0.850653,0.889371,0.884499,0.852809,0.836387,0.823903,0.873452,0.915871,0.96182,0.868848,0.888744,0.87988,0.92286,0.909188,0.850589,0.98458,0.800856,0.91698,0.893045,0.89334,0.913524,0.876698,0.864835,0.881135,0.886828,0.916275,0.862094,0.939642,0.886572,0.901324,0.929305,0.983003,0.897662,0.838124,0.877749,0.848141,0.864465,0.828059,0.875128,0.868011,0.85516,0.864901,0.885712
0.878446,0.871557,0.94268,0.868069,0.870759,0.987405,0.926053,0.941565,0.863238,0.900701,0.909679,0.976335,0.974711,0.874093,0.839999,0.954861,0.908377,0.870037,0.939059,0.900575,0.7761909,0.849942,0.860121,0.878876,0.812258,0.953388,0.885689,0.957291,0.886238,0.862393,0.940226,0.775151,0.99082,0.787133,0.824955,0.829529,1.0,0.896712,0.867236,0.873132,0.836876,0.877037,0.892948,0.898502,0.918471,0.879261,0.887682,0.894964,0.884208,0.798919,0.893946,0.96791,0.909861,0.889784,0.818593,0.977103,0.906234,0.918289,0.835015,0.904654,0.981118,0.907948,0.88711,0.83948,0.870765,0.873293,0.938559,0.95201,0.882974,0.85666,0.907048,0.977084,0.829779,0.929215,0.912976,0.890244,0.855085,0.85079,0.950128,0.918975,0.868196,0.91942,0.910104,0.868362,0.901885,0.907716,0.91701,0.88505,0.823509,0.804552,0.971397,0.913023,0.900322,0.970963,0.980578,0.961202,0.889438,0.959752,0.888358,0.905231
0.943463,0.882646,0.895606,0.892767,0.892494,0.916362,0.954485,0.932398,0.85084,0.858856,0.934346,0.946933,0.915885,0.888122,0.899187,0.960687,0.861309,0.853258,0.972746,0.844156,0.863923,0.821113,0.854751,0.833819,0.857692,0.88124,0.8706,0.927079,0.856964,0.873962,0.978087,0.852676,0.916104,0.868947,0.846662,0.870725,0.896712,1.0,0.979135,0.983964,0.897052,0.877818,0.839745,0.865066,0.882012,0.898867,0.823439,0.849569,0.99377,0.791011,0.95837,0.945781,0.89082,0.880706,0.85602,0.909196,0.932128,0.973372,0.823232,0.837143,0.916668,0.8635,0.851222,0.894104,0.886467,0.855555,0.977018,0.932853,0.824329,0.855247,0.844498,0.915445,0.883751,0.886464,0.849763,0.861108,0.917094,0.894674,0.969929,0.946438,0.952611,0.909689,0.846262,0.862617,0.860856,0.856743,0.836424,0.836851,0.853997,0.872949,0.917737,0.981935,0.977458,0.956143,0.917715,0.92789,0.96666,0.943445,0.9664,0.893898
0.890919,0.849801,0.841356,0.863101,0.870003,0.893265,0.920311,0.897543,0.880491,0.872334,0.885802,0.927975,0.873897,0.866135,0.869728,0.926638,0.815436,0.84386,0.936402,0.832393,0.861341,0.78566,0.837583,0.837766,0.827153,0.830468,0.885847,0.895153,0.833156,0.859448,0.957305,0.81303,0.899393,0.833703,0.79502,0.850008,0.867236,0.979135,1.0,0.97939,0.872998,0.829746,0.875493,0.841271,0.924928,0.94563,0.799745,0.829525,0.976984,0.790586,0.907635,0.905944,0.84046,0.866075,0.862231,0.867425,0.876663,0.958484,0.850102,0.801365,0.875389,0.810884,0.789461,0.844912,0.875559,0.838364,0.9444,0.888938,0.780595,0.852128,0.853486,0.890222,0.865125,0.917514,0.841786,0.81923,0.864859,0.938422,0.940869,0.89628,0.896554,0.858284,0.821617,0.812679,0.837555,0.805282,0.839907,0.856956,0.866266,0.918636,0.893529,0.943051,0.987393,0.92645,0.906249,0.882546,0.983117,0.944543,0.918051,0.858414
0.908439,0.850767,0.878187,0.863791,0.859495,0.897095,0.954815,0.941032,0.90279,0.830008,0.890043,0.921647,0.876776,0.854745,0.895396,0.928828,0.818152,0.835547,0.943743,0.83503,0.865383,0.787609,0.823811,0.818874,0.819131,0.837185,0.855458,0.897223,0.854108,0.857295,0.950855,0.831713,0.895093,0.85451,0.859045,0.848247,0.873132,0.983964,0.97939,1.0,0.872639,0.835033,0.833593,0.832984,0.887541,0.912562,0.821762,0.815548,0.995537,0.7710831,0.921506,0.908612,0.85176,0.850152,0.853391,0.903154,0.908458,0.979975,0.785189,0.797623,0.878201,0.848428,0.863122,0.878618,0.884278,0.823734,0.960296,0.892911,0.795997,0.834889,0.827167,0.899028,0.854813,0.896381,0.82027,0.824074,0.87328,0.904531,0.937343,0.921398,0.937962,0.868539,0.813471,0.853398,0.829097,0.816174,0.818481,0.82857,0.839256,0.875318,0.927444,0.94485,0.98584,0.929202,0.898307,0.887175,0.975862,0.936241,0.962088,0.864375
0.88875,0.966352,0.843465,0.978342,0.981079,0.852988,0.877075,0.858611,0.81213,0.926657,0.897443,0.882167,0.882485,0.985254,0.963054,0.893915,0.905946,0.909007,0.920617,0.897936,0.897379,0.946671,0.976565,0.878768,0.949864,0.875856,0.952257,0.902129,0.933237,0.927553,0.902908,0.949037,0.843983,0.950304,0.882267,0.983337,0.836876,0.897052,0.872998,0.872639,1.0,0.911182,0.9083,0.965997,0.870511,0.908874,0.91923,0.955194,0.888457,0.920801,0.912231,0.898075,0.906283,0.971338,0.917689,0.851619,0.899107,0.878693,0.891071,0.916603,0.877446,0.856003,0.837538,0.914312,0.924405,0.975061,0.89986,0.911572,0.906043,0.914845,0.924408,0.868623,0.991972,0.820521,0.93728,0.929532,0.901679,0.917053,0.904602,0.873827,0.893803,0.911397,0.942955,0.878221,0.963714,0.897987,0.916931,0.934746,0.956822,0.893691,0.853818,0.908766,0.877051,0.893899,0.852245,0.901384,0.886837,0.877055,0.89288,0.891149
0.906703,0.967717,0.898555,0.954808,0.941883,0.880565,0.880776,0.864934,0.753901,0.887714,0.963333,0.907105,0.929246,0.937347,0.909751,0.923486,0.980662,0.814691,0.934016,0.835332,0.837318,0.953703,0.912273,0.834451,0.936124,0.962399,0.893499,0.914365,0.895437,0.830195,0.917028,0.887168,0.872619,0.867005,0.882096,0.875084,0.877037,0.877818,0.829746,0.835033,0.911182,1.0,0.86711,0.936116,0.837491,0.85254,0.901003,0.920953,0.855262,0.814676,0.962016,0.941518,0.98641,0.926986,0.788183,0.886979,0.951219,0.862553,0.847396,0.959929,0.928929,0.920032,0.897774,0.95809,0.835275,0.908088,0.911118,0.948005,0.964082,0.810419,0.870758,0.89149,0.898566,0.805663,0.9012,0.986247,0.91301,0.842243,0.929446,0.877757,0.897228,0.973352,0.924631,0.902364,0.926105,0.955059,0.872567,0.864825,0.837376,0.78616,0.862646,0.931501,0.852032,0.923961,0.885926,0.950991,0.846618,0.872119,0.894304,0.872591
0.813092,0.902685,0.865535,0.911849,0.935968,0.908083,0.849436,0.84077,0.889142,0.984016,0.859558,0.910309,0.909086,0.941847,0.886664,0.89322,0.884206,0.902118,0.884116,0.939333,0.8748007,0.894596,0.948047,0.955006,0.859722,0.894612,0.987797,0.905741,0.927954,0.897833,0.887244,0.796989,0.904691,0.805314,0.820286,0.893218,0.892948,0.839745,0.875493,0.833593,0.9083,0.86711,1.0,0.952056,0.979997,0.972371,0.952508,0.960099,0.828652,0.904753,0.853861,0.902682,0.870023,0.964237,0.88789,0.898986,0.836001,0.847038,0.955364,0.905584,0.908684,0.858785,0.846263,0.821363,0.929109,0.952773,0.872086,0.902846,0.884878,0.900813,0.98842,0.91141,0.914912,0.939005,0.980846,0.887655,0.810696,0.953325,0.893009,0.835803,0.802773,0.886829,0.951805,0.841173,0.954053,0.875789,0.983984,0.989618,0.916325,0.902675,0.901715,0.863757,0.882616,0.901559,0.918481,0.905482,0.893613,0.917415,0.818772,0.862585
0.851159,0.983021,0.881021,0.985648,0.988908,0.908479,0.880549,0.869267,0.823833,0.966247,0.899978,0.91935,0.928623,0.992412,0.952443,0.919411,0.950964,0.898097,0.918447,0.936019,0.875356,0.966638,0.978466,0.93457,0.940159,0.928589,0.972127,0.923625,0.968309,0.904115,0.907818,0.887963,0.901801,0.886743,0.879821,0.938639,0.898502,0.865066,0.841271,0.832984,0.965997,0.936116,0.952056,1.0,0.908852,0.918145,0.975136,0.99404,0.845388,0.910192,0.902395,0.929895,0.935016,0.993545,0.868021,0.90453,0.892746,0.86543,0.92608,0.974308,0.927479,0.898697,0.876324,0.911422,0.919434,0.983723,0.903719,0.932436,0.948965,0.89161,0.968681,0.914786,0.954934,0.870254,0.985742,0.965703,0.852155,0.896455,0.918019,0.853478,0.841039,0.925943,0.994959,0.890876,0.998784,0.923847,0.968819,0.959816,0.910472,0.842927,0.897709,0.901157,0.864053,0.922791,0.908999,0.93413,0.864488,0.903536,0.86599,0.885759
