1,0.857721,0.832937,0.907548,0.937185,0.920351,0.897472,0.889495,0.896829,0.826135,0.964593,0.950121,0.831582,0.875887,0.811271,0.805081,0.915312,0.87745,0.901076,0.798012,0.969132,0.839311,0.924372,0.969938,0.832608,0.908614,0.966198,0.86605,0.864806,0.945981,0.934421,0.879944,0.890407,0.81427,0.87761,0.789929,0.902598,0.924317,0.890019,0.920808,0.877525,0.891331,0.983392,0.809199,0.955808,0.953338,0.93667,0.915039,0.782221,0.792199,0.886419,0.821665,0.836665,0.919586,0.905266,0.886716,0.881065,0.901098,0.755152,0.981873,0.963364,0.829859,0.87092,0.830674,0.88122,0.810165,0.864655,0.866737,0.835931,0.841174,0.896013,0.796205,0.94868,0.810921,0.93629,0.96928,0.912125,0.846579,0.964719,0.898252,0.936582,0.895308,0.934165,0.754681,0.871645,0.975472,0.785996,0.87216,0.82579,0.902298,0.891532,0.878241,0.83898,0.893033,0.831333,0.816196,0.931325,0.927351,0.840141,0.791006
0.857721,1,0.867902,0.884932,0.913532,0.94616,0.900813,0.973757,0.881037,0.867402,0.867555,0.84085,0.894579,0.941661,0.853503,0.899594,0.858541,0.972553,0.912239,0.805674,0.914158,0.968563,0.93242,0.841159,0.90228,0.773076,0.849497,0.784712,0.96846,0.870724,0.910208,0.879315,0.943494,0.872204,0.897086,0.779475,0.965566,0.848704,0.8311428,0.891117,0.774038,0.91428,0.868745,0.959428,0.852441,0.796103,0.770832,0.837723,0.800303,0.841136,0.941131,0.891681,0.984296,0.967136,0.975386,0.92703,0.974715,0.953811,0.886232,0.87282,0.820199,0.832092,0.786847,0.862524,0.921855,0.853937,0.812681,0.793487,0.838888,0.98915,0.870395,0.861978,0.930252,0.75621,0.859499,0.840793,0.856566,0.909915,0.855031,0.937755,0.866935,0.826109,0.855667,0.813428,0.890425,0.881507,0.943043,0.848448,0.83438,0.784891,0.822373,0.760014,0.808539,0.792532,0.805325,0.870715,0.790867,0.851596,0.801649,0.82214
0.832937,0.867902,1,0.817628,0.852257,0.90486,0.90075,0.920063,0.943879,0.974556,0.843753,0.875496,0.933591,0.831819,0.928185,0.87441,0.90656,0.908204,0.877373,0.916072,0.805038,0.82628,0.919369,0.820207,0.909035,0.878581,0.848811,0.898694,0.802183,0.864545,0.87759,0.748306,0.879796,0.88059,0.731566,0.894827,0.869565,0.899215,0.879507,0.936691,0.8815826,0.939487,0.837463,0.847478,0.873198,0.86846,0.859356,0.923783,0.878953,0.893786,0.909906,0.943705,0.868447,0.879114,0.910978,0.965689,0.921254,0.924705,0.762789,0.838467,0.814426,0.939915,0.820889,0.91285,0.918021,0.908143,0.910006,0.886736,0.872665,0.85735,0.858112,0.858308,0.851298,0.8531566,0.877777,0.827369,0.936343,0.818758,0.83974,0.90208,0.883508,0.90732,0.814648,0.88931,0.782234,0.807886,0.812386,0.894146,0.908725,0.885663,0.954778,0.860512,0.963097,0.912401,0.90521,0.870863,0.885917,0.852433,0.911506,0.935871
0.907548,0.884932,0.817628,1,0.91947,0.931358,0.885375,0.896408,0.872044,0.808912,0.860042,0.928013,0.829914,0.869068,0.817541,0.824535,0.947894,0.89852,0.956586,0.826146,0.905025,0.881837,0.877683,0.91264,0.811647,0.850124,0.935102,0.89315,0.841275,0.952706,0.893336,0.857803,0.896102,0.867451,0.7777274,0.894789,0.8727201,0.938596,0.964331,0.927551,0.903244,0.909083,0.88256,0.853377,0.92839,0.877812,0.859492,0.916541,0.896304,0.873044,0.91184,0.824081,0.87607,0.919402,0.912337,0.88277,0.889785,0.888745,0.916942,0.89267,0.902699,0.841087,0.856421,0.872789,0.911518,0.870916,0.935977,0.900966,0.893958,0.879177,0.826919,0.836499,0.870483,0.776682,0.94149,0.914958,0.831761,0.83027,0.913769,0.880351,0.920901,0.802857,0.898431,0.861988,0.884582,0.924726,0.862896,0.858215,0.910655,0.83577,0.826508,0.866859,0.814916,0.8236,0.898131,0.824713,0.864926,0.942515,0.916967,0.836279
0.937185,0.913532,0.852257,0.91947,1,0.977639,0.874136,0.946845,0.950787,0.890785,0.933348,0.909523,0.8512,0.877305,0.821362,0.839822,0.925296,0.916479,0.930774,0.781345,0.942968,0.855662,0.95528,0.930578,0.859145,0.876016,0.91954,0.866555,0.881764,0.976337,0.991157,0.868291,0.874569,0.844959,0.823946,0.812279,0.922591,0.946721,0.918403,0.936862,0.895462,0.902369,0.937987,0.831424,0.911712,0.890113,0.8628065,0.923025,0.800894,0.816365,0.923255,0.851433,0.88042,0.982192,0.957246,0.925224,0.934302,0.955085,0.777483,0.930482,0.923738,0.821487,0.831465,0.840447,0.896197,0.825208,0.863172,0.878916,0.860185,0.87669,0.894876,0.797376,0.949213,0.75572,0.954006,0.908382,0.917565,0.907686,0.921434,0.922034,0.969788,0.893338,0.888842,0.769678,0.826827,0.930379,0.804398,0.842302,0.838661,0.842317,0.837005,0.85848,0.801902,0.816537,0.832398,0.824737,0.88303,0.915461,0.844766,0.801223
0.920351,0.94616,0.90486,0.931358,0.977639,1,0.931582,0.982329,0.965263,0.918321,0.919444,0.90311,0.885128,0.896974,0.848499,0.844754,0.909352,0.946349,0.913902,0.81469,0.927483,0.880871,0.971299,0.918757,0.888028,0.873487,0.910384,0.849637,0.893178,0.960369,0.976274,0.842525,0.925041,0.835959,0.821759,0.826334,0.941871,0.932723,0.925134,0.971767,0.88446,0.921409,0.921462,0.853782,0.906338,0.893127,0.874127,0.913989,0.834832,0.8128948,0.92726,0.884807,0.909075,0.990818,0.988151,0.971212,0.974454,0.982558,0.808737,0.911387,0.903388,0.824899,0.836234,0.83977,0.92002,0.828412,0.895189,0.869385,0.843541,0.905146,0.891978,0.824823,0.946772,0.764298,0.950273,0.91178,0.921281,0.894692,0.918587,0.953164,0.967355,0.882139,0.879542,0.797651,0.817703,0.918491,0.827925,0.842099,0.850799,0.832101,0.864153,0.851418,0.828635,0.832305,0.863526,0.834316,0.883521,0.915999,0.877872,0.831075
0.897472,0.900813,0.90075,0.885375,0.874136,0.931582,1,0.944927,0.895448,0.874556,0.896828,0.897378,0.878003,0.870257,0.843579,0.842355,0.892544,0.928731,0.89237,0.837643,0.890414,0.867961,0.924853,0.912982,0.864013,0.883023,0.912684,0.811319,0.846367,0.873191,0.883465,0.794925,0.980441,0.832465,0.784294,0.830962,0.90799,0.873233,0.882457,0.931426,0.823273,0.921041,0.90543,0.849973,0.906589,0.906222,0.892163,0.864755,0.857102,0.836397,0.91922,0.877235,0.894074,0.911257,0.938212,0.949967,0.946518,0.936285,0.830643,0.913509,0.905834,0.831106,0.802855,0.855693,0.922244,0.844975,0.900444,0.7994243,0.824268,0.885348,0.84113,0.832178,0.898693,0.866828,0.879612,0.918364,0.873777,0.803121,0.880566,0.927196,0.892433,0.832824,0.919729,0.82749,0.841445,0.906865,0.825711,0.866629,0.883877,0.860408,0.904411,0.836771,0.852033,0.90859,0.874704,0.824465,0.905234,0.844719,0.903838,0.847602
0.889495,0.973757,0.920063,0.896408,0.946845,0.982329,0.944927,1,0.938067,0.914273,0.902965,0.88129,0.915972,0.932908,0.880418,0.884151,0.905596,0.987386,0.933272,0.846652,0.911673,0.929409,0.974367,0.878777,0.915435,0.82941,0.884457,0.817044,0.917907,0.914349,0.951872,0.821042,0.957779,0.875107,0.842079,0.814632,0.968417,0.8995,0.8817529,0.942669,0.824616,0.959283,0.900397,0.905549,0.889754,0.85048,0.826646,0.890537,0.82985,0.863719,0.971601,0.918265,0.959331,0.983256,0.997025,0.97985,0.998496,0.992441,0.840322,0.899717,0.860281,0.862819,0.797328,0.883778,0.959686,0.875968,0.8672,0.823228,0.852328,0.953886,0.880136,0.865575,0.947518,0.792255,0.906996,0.876815,0.90405,0.879117,0.884636,0.968928,0.919219,0.861189,0.875104,0.838571,0.835001,0.892549,0.8842,0.864356,0.884523,0.816682,0.878988,0.79979,0.849689,0.849663,0.839673,0.859795,0.848474,0.882726,0.857157,0.86664
0.896829,0.881037,0.943879,0.872044,0.950787,0.965263,0.895448,0.938067,1,0.963524,0.911365,0.886518,0.882385,0.849665,0.879218,0.825055,0.904485,0.898826,0.872558,0.86798,0.883098,0.822458,0.963811,0.899997,0.879342,0.916149,0.88548,0.878079,0.838397,0.943743,0.964791,0.812195,0.866986,0.826437,0.775835,0.85189,0.896759,0.93261,0.912636,0.973218,0.9312,0.909196,0.905433,0.803859,0.882984,0.913696,0.898884,0.927136,0.831547,0.820871,0.894455,0.884144,0.843428,0.945122,0.94292,0.965707,0.925541,0.960207,0.735568,0.883479,0.886014,0.851858,0.822538,0.840666,0.902373,0.834755,0.912571,0.888405,0.835641,0.841799,0.893057,0.818925,0.916871,0.790899,0.932958,0.881593,0.973283,0.87916,0.895157,0.931756,0.962865,0.93865,0.837559,0.808731,0.764501,0.874346,0.784053,0.831065,0.8634632,0.86263,0.891515,0.900057,0.864819,0.8638,0.883427,0.810949,0.912469,0.881423,0.902028,0.887251
0.826135,0.867402,0.974556,0.808912,0.890785,0.918321,0.874556,0.914273,0.963524,1,0.836374,0.837318,0.927118,0.819635,0.920699,0.854368,0.848221,0.884548,0.825564,0.889047,0.811931,0.807934,0.919319,0.808045,0.916225,0.877116,0.82373,0.867035,0.808617,0.87063,0.914617,0.756019,0.844456,0.849158,0.745948,0.862223,0.862994,0.86678,0.844312,0.937598,0.88309,0.899879,0.831319,0.822346,0.834375,0.852183,0.854722,0.882946,0.852872,0.864219,0.877352,0.934072,0.845194,0.904055,0.911351,0.944051,0.909703,0.922324,0.714505,0.811482,0.806037,0.917779,0.828052,0.885865,0.881384,0.88252,0.881344,0.879142,0.835449,0.838827,0.885562,0.843609,0.858093,0.831255,0.86058,0.809175,0.951043,0.870768,0.828849,0.889989,0.901958,0.930001,0.777977,0.858329,0.746565,0.794436,0.788478,0.855917,0.855078,0.867508,0.897214,0.883519,0.917286,0.850931,0.89875,0.840315,0.867085,0.827326,0.875887,0.9048
0.964593,0.867555,0.843753,0.860042,0.933348,0.919444,0.896828,0.902965,0.911365,0.836374,1,0.935711,0.84587,0.923962,0.85306,0.807614,0.902456,0.896767,0.900832,0.851564,0.972666,0.867167,0.949198,0.963045,0.833366,0.898303,0.948832,0.839533,0.890054,0.923437,0.937983,0.873995,0.887513,0.823822,0.886303,0.758606,0.932759,0.900382,0.853008,0.908703,0.856843,0.88727,0.993669,0.809538,0.944018,0.94285,0.921073,0.902961,0.7601919,0.815986,0.898471,0.836877,0.844993,0.923577,0.917317,0.898216,0.891552,0.927503,0.762257,0.986297,0.945276,0.794783,0.857815,0.830304,0.905169,0.823464,0.819088,0.835649,0.830781,0.852506,0.909723,0.839695,0.977852,0.805465,0.912083,0.953788,0.930446,0.846802,0.966558,0.940173,0.920422,0.919541,0.948241,0.800532,0.852176,0.967188,0.813902,0.861411,0.846939,0.899138,0.902368,0.862493,0.840569,0.919895,0.800192,0.811039,0.919727,0.907515,0.811004,0.849227
0.950121,0.84085,0.875496,0.928013,0.909523,0.90311,0.897378,0.88129,0.886518,0.837318,0.935711,1,0.854327,0.841254,0.820505,0.845042,0.964975,0.89645,0.944355,0.808057,0.919914,0.829361,0.895726,0.933126,0.826904,0.929154,0.992321,0.89905,0.815187,0.955835,0.898864,0.839729,0.889907,0.869235,0.803134,0.843666,0.871109,0.954446,0.931033,0.929551,0.898659,0.927385,0.948612,0.839849,0.998814,0.949531,0.927888,0.97198,0.822781,0.841133,0.915281,0.853193,0.858963,0.887337,0.88736,0.897879,0.883126,0.886983,0.781074,0.950209,0.922348,0.858093,0.919416,0.87481,0.910703,0.854023,0.893536,0.891923,0.886174,0.850586,0.851198,0.80398,0.894039,0.875299,0.951537,0.950524,0.881909,0.808786,0.969951,0.896044,0.945408,0.854528,0.960259,0.808936,0.898517,0.942836,0.798708,0.908186,0.881232,0.91206,0.930456,0.919314,0.915612,0.89625,0.846725,0.873845,0.946719,0.98231,0.872448,0.833236
0.831582,0.894579,0.933591,0.829914,0.8512,0.885128,0.878003,0.915972,0.882385,0.927118,0.84587,0.854327,1,0.88435,0.973585,0.945076,0.893363,0.923514,0.893459,0.911556,0.839858,0.890811,0.916187,0.814806,0.988039,0.827867,0.846182,0.920337,0.871994,0.858429,0.86712,0.846891,0.88713,0.966521,0.81575,0.911587,0.90818,0.875351,0.86729,0.877891,0.857634,0.925732,0.846269,0.91605,0.856956,0.820797,0.801201,0.87498,0.9158,0.972901,0.91979,0.995813,0.892811,0.884687,0.912399,0.919195,0.915051,0.919102,0.826088,0.842877,0.799511,0.955233,0.877995,0.987135,0.92792,0.983299,0.846482,0.923122,0.959428,0.901909,0.949275,0.96661,0.881478,0.882337,0.85619,0.819966,0.902235,0.902022,0.83244,0.915178,0.843375,0.90786,0.826015,0.950043,0.848449,0.825196,0.909194,0.957509,0.89167,0.900553,0.873417,0.841874,0.915684,0.845329,0.897942,0.924672,0.830808,0.837232,0.851146,0.923099
0.875887,0.941661,0.831819,0.869068,0.877305,0.896974,0.870257,0.932908,0.849665,0.819635,0.923962,0.841254,0.88435,1,0.900278,0.825595,0.874392,0.954625,0.909146,0.89216,0.937194,0.979515,0.94523,0.857766,0.876504,0.76667,0.852346,0.788878,0.966128,0.851154,0.890225,0.859077,0.908322,0.851895,0.943794,0.824608,0.990041,0.847017,0.862589,0.854726,0.782598,0.917753,0.918609,0.889925,0.851761,0.811538,0.786746,0.828427,0.818166,0.881526,0.931397,0.864888,0.922224,0.924937,0.942089,0.893879,0.927795,0.937126,0.906621,0.903546,0.836605,0.832822,0.770679,0.867979,0.955257,0.883186,0.81135,0.79351,0.840171,0.94837,0.884417,0.911561,0.971059,0.741943,0.837444,0.851582,0.881171,0.833736,0.883884,0.962399,0.825906,0.853588,0.862076,0.882964,0.838362,0.891396,0.940167,0.814763,0.907488,0.789053,0.8041158,0.749627,0.778375,0.837277,0.779947,0.792389,0.790726,0.835553,0.811784,0.889116
0.811271,0.853503,0.928185,0.817541,0.821362,0.848499,0.843579,0.880418,0.879218,0.920699,0.85306,0.820505,0.973585,0.900278,1,0.876225,0.879207,0.896321,0.867406,0.972086,0.833485,0.882029,0.910949,0.806538,0.947113,0.83327,0.814275,0.919359,0.858289,0.83415,0.845927,0.814385,0.850778,0.921763,0.819937,0.943334,0.906576,0.857641,0.867033,0.853127,0.88575,0.906514,0.847425,0.852066,0.82066,0.821379,0.809325,0.855652,0.92177,0.976679,0.894268,0.96417,0.845234,0.851807,0.881357,0.892174,0.874917,0.897487,0.818281,0.826345,0.791728,0.95334,0.830274,0.965466,0.925515,0.980276,0.857821,0.917829,0.926724,0.864691,0.933481,0.963658,0.888081,0.8614,0.827572,0.801574,0.931393,0.844382,0.819376,0.911427,0.814365,0.938245,0.796578,0.979831,0.782661,0.806911,0.884371,0.902399,0.925233,0.890162,0.857811,0.850503,0.89888,0.846547,0.89868,0.846752,0.82729,0.796946,0.87288,0.974427
0.805081,0.899594,0.87441,0.824535,0.839822,0.844754,0.842355,0.884151,0.825055,0.854368,0.807614,0.845042,0.945076,0.825595,0.876225,1,0.882463,0.900423,0.898391,0.806284,0.81263,0.885617,0.850502,0.790404,0.958348,0.817694,0.839118,0.886741,0.873705,0.869848,0.82573,0.890866,0.866334,0.98135,0.814009,0.839963,0.851596,0.883605,0.856371,0.810652,0.826966,0.898565,0.80845,0.972121,0.849936,0.808507,0.789699,0.877076,0.846355,0.917575,0.907429,0.95501,0.931808,0.847996,0.868721,0.875449,0.892918,0.869981,0.853364,0.829433,0.777996,0.895384,0.870636,0.949652,0.878293,0.927454,0.781155,0.898064,0.958123,0.924381,0.894978,0.917668,0.821487,0.839676,0.879627,0.820375,0.809455,0.914659,0.790417,0.844406,0.858002,0.817222,0.82351,0.865646,0.914143,0.818292,0.92982,0.957326,0.830791,0.860584,0.845146,0.785252,0.871204,0.807326,0.79909,0.986074,0.828794,0.846528,0.780512,0.829955
0.915312,0.858541,0.90656,0.947894,0.925296,0.909352,0.892544,0.905596,0.904485,0.848221,0.902456,0.964975,0.893363,0.874392,0.879207,0.882463,1,0.938801,0.980225,0.8863,0.887799,0.871868,0.915683,0.91739,0.868908,0.917082,0.955939,0.932898,0.822411,0.979521,0.904776,0.838475,0.901508,0.914825,0.762158,0.909557,0.897753,0.9905,0.984241,0.918616,0.949953,0.975069,0.911768,0.867705,0.96238,0.930782,0.908628,0.984526,0.87845,0.909873,0.966509,0.896907,0.89378,0.888405,0.896789,0.924291,0.910064,0.912446,0.842017,0.92227,0.907516,0.905268,0.859904,0.922837,0.965748,0.914539,0.9333,0.927095,0.928554,0.886315,0.845731,0.867134,0.886692,0.833446,0.976865,0.928253,0.887561,0.815261,0.917047,0.913381,0.95703,0.855663,0.920785,0.884403,0.864113,0.914933,0.853884,0.911012,0.958421,0.888666,0.922321,0.894828,0.90194,0.899165,0.873949,0.875276,0.934212,0.949644,0.924574,0.91171
0.87745,0.972553,0.908204,0.89852,0.916479,0.946349,0.928731,0.987386,0.898826,0.884548,0.896767,0.89645,0.923514,0.954625,0.896321,0.900423,0.938801,1,0.969949,0.866324,0.908299,0.958432,0.962078,0.863507,0.916262,0.820593,0.895848,0.852615,0.93,0.914746,0.919063,0.833277,0.959402,0.906171,0.858887,0.841263,0.977906,0.921957,0.911708,0.90285,0.836797,0.974539,0.89509,0.931467,0.904381,0.841459,0.812463,0.908454,0.83439,0.897842,0.991508,0.92429,0.976718,0.957343,0.981316,0.961308,0.989485,0.97841,0.874173,0.903452,0.844646,0.883031,0.794075,0.912041,0.9797,0.906608,0.849277,0.853288,0.891291,0.97497,0.868946,0.890484,0.943574,0.80219,0.914268,0.874369,0.884097,0.852874,0.875033,0.969319,0.891419,0.84448,0.892269,0.869581,0.870205,0.89276,0.921522,0.884183,0.913119,0.825155,0.877791,0.78267,0.858228,0.852046,0.816086,0.873825,0.845535,0.895213,0.845042,0.888335
0.901076,0.912239,0.877373,0.956586,0.930774,0.913902,0.89237,0.933272,0.872558,0.825564,0.900832,0.944355,0.893459,0.909146,0.867406,0.898391,0.980225,0.969949,1,0.84707,0.909992,0.918608,0.913501,0.905642,0.873103,0.87015,0.943419,0.907283,0.873345,0.967512,0.897747,0.859378,0.927993,0.920921,0.805665,0.877473,0.929041,0.96797,0.959863,0.882868,0.904349,0.966064,0.905768,0.910315,0.948608,0.890132,0.863403,0.954383,0.858748,0.905255,0.984211,0.90008,0.947646,0.911881,0.92371,0.916162,0.940097,0.926033,0.878475,0.926674,0.890521,0.880165,0.843745,0.917959,0.964298,0.908519,0.881156,0.907245,0.925761,0.937901,0.842096,0.866564,0.905171,0.811584,0.96578,0.921152,0.848831,0.823944,0.904907,0.924969,0.937065,0.828128,0.931704,0.87055,0.89595,0.928136,0.893982,0.905813,0.923422,0.864185,0.885812,0.844262,0.871471,0.860973,0.83681,0.886118,0.891822,0.946638,0.87231,0.877411
0.798012,0.805674,0.916072,0.826146,0.781345,0.81469,0.837643,0.846652,0.86798,0.889047,0.851564,0.808057,0.911556,0.89216,0.972086,0.806284,0.8863,0.866324,0.84707,1,0.807344,0.856855,0.899003,0.791365,0.881887,0.836421,0.798198,0.896919,0.821097,0.827321,0.818402,0.759236,0.833469,0.858699,0.809692,0.952967,0.884878,0.864269,0.895499,0.847473,0.90472,0.905035,0.842734,0.793701,0.803096,0.829294,0.820486,0.85669,0.91742,0.938852,0.87273,0.899615,0.800404,0.808897,0.845895,0.883746,0.840731,0.872532,0.82982,0.813048,0.781092,0.92599,0.755753,0.913074,0.924634,0.937451,0.908669,0.886973,0.871694,0.82233,0.868835,0.925651,0.871065,0.826016,0.823063,0.787933,0.92971,0.762474,0.798499,0.895528,0.803651,0.910564,0.766113,0.967279,0.731942,0.779288,0.8465,0.844247,0.967668,0.844542,0.889303,0.836875,0.874109,0.914236,0.896109,0.773304,0.834999,0.772948,0.924745,0.990843
0.969132,0.914158,0.805038,0.905025,0.942968,0.927483,0.890414,0.911673,0.883098,0.811931,0.972666,0.919914,0.839858,0.937194,0.833485,0.81263,0.887799,0.908299,0.909992,0.807344,1,0.912994,0.935105,0.961271,0.837563,0.873019,0.94574,0.835416,0.941337,0.925037,0.934036,0.927292,0.90829,0.822067,0.927188,0.76562,0.951336,0.889339,0.856423,0.894945,0.842666,0.873376,0.983201,0.855586,0.930424,0.917363,0.895944,0.873633,0.756527,0.807244,0.897364,0.825314,0.884004,0.946661,0.931234,0.874495,0.901297,0.919649,0.7767067,0.9792,0.943354,0.794453,0.858784,0.827149,0.892626,0.817929,0.809808,0.84072,0.833013,0.899525,0.910608,0.830982,0.980014,0.79213,0.907781,0.954943,0.899873,0.872589,0.958864,0.929975,0.910423,0.893409,0.948256,0.778869,0.9028,0.986882,0.861388,0.850414,0.816865,0.880568,0.839912,0.854391,0.799417,0.852346,0.805172,0.807188,0.891218,0.90504,0.791427,0.804153
0.839311,0.968563,0.82628,0.881837,0.855662,0.880871,0.867961,0.929409,0.822458,0.807934,0.867167,0.829361,0.890811,0.979515,0.882029,0.885617,0.871868,0.958432,0.918608,0.856855,0.912994,1,0.915748,0.826563,0.892464,0.752163,0.840576,0.802415,0.98437,0.844517,0.85826,0.896149,0.924848,0.887634,0.941249,0.820144,0.976169,0.84445,0.856925,0.832114,0.78208,0.909513,0.869886,0.954278,0.839324,0.782864,0.757077,0.821755,0.815723,0.881656,0.932693,0.874689,0.961123,0.914145,0.934019,0.8808,0.92949,0.91956,0.935084,0.865256,0.805976,0.838033,0.768752,0.880944,0.938222,0.885873,0.7996,0.806351,0.865203,0.985131,0.871669,0.912856,0.934266,0.757977,0.834265,0.829777,0.843523,0.872376,0.840878,0.937004,0.807657,0.816371,0.852284,0.866931,0.899048,0.872835,0.984369,0.843314,0.881462,0.778791,0.790757,0.738788,0.781752,0.78053,0.781409,0.847427,0.773498,0.827836,0.798233,0.861547
0.924372,0.93242,0.919369,0.877683,0.95528,0.971299,0.924853,0.974367,0.963811,0.919319,0.949198,0.895726,0.916187,0.94523,0.910949,0.850502,0.915683,0.962078,0.913501,0.899003,0.935105,0.915748,1,0.918943,0.911643,0.862968,0.899579,0.834568,0.914276,0.928044,0.972414,0.843863,0.922305,0.863835,0.858383,0.822424,0.974187,0.912005,0.8801137,0.954766,0.866236,0.956733,0.94577,0.858914,0.899117,0.893553,0.870901,0.903555,0.821716,0.875034,0.953952,0.906591,0.902586,0.970723,0.980136,0.97471,0.963867,0.991879,0.801943,0.925253,0.903315,0.867301,0.814575,0.883846,0.970702,0.885422,0.879726,0.839471,0.851499,0.913975,0.919228,0.88984,0.977929,0.789084,0.909883,0.897441,0.962669,0.884343,0.923401,0.985121,0.928714,0.919859,0.877561,0.858677,0.805629,0.910313,0.869309,0.853159,0.916451,0.84312,0.880344,0.845487,0.843684,0.868307,0.845427,0.822051,0.877479,0.880608,0.871251,0.910771
0.969938,0.841159,0.820207,0.91264,0.930578,0.918757,0.912982,0.878777,0.899997,0.808045,0.963045,0.933126,0.814806,0.857766,0.806538,0.790404,0.91739,0.863507,0.905642,0.791365,0.961271,0.826563,0.918943,1,0.80207,0.929955,0.957482,0.868674,0.850477,0.9389,0.921113,0.889539,0.890092,0.815911,0.822156,0.81766,0.891094,0.918973,0.901882,0.919489,0.902027,0.869167,0.973967,0.784928,0.939782,0.9748,0.969144,0.902436,0.809378,0.810525,0.877152,0.807454,0.816971,0.905408,0.896315,0.880681,0.86649,0.898718,0.770135,0.975289,0.995883,0.789106,0.855769,0.824626,0.87553,0.813298,0.87481,0.867989,0.844067,0.820768,0.887818,0.790682,0.940645,0.80567,0.937758,0.992531,0.90399,0.834869,0.954349,0.90039,0.934178,0.898316,0.94639,0.772487,0.851388,0.984448,0.780862,0.852419,0.844551,0.901814,0.861207,0.883666,0.814368,0.871086,0.849236,0.798936,0.949997,0.903294,0.864717,0.804497
0.832608,0.90228,0.909035,0.811647,0.859145,0.888028,0.864013,0.915435,0.879342,0.916225,0.833366,0.826904,0.988039,0.876504,0.947113,0.958348,0.868908,0.916262,0.873103,0.881887,0.837563,0.892464,0.911643,0.80207,1,0.803656,0.824517,0.885037,0.886108,0.850466,0.876126,0.859857,0.878417,0.959543,0.84373,0.872312,0.903043,0.863223,0.84874,0.868882,0.82088,0.918774,0.836671,0.930309,0.831002,0.800135,0.779009,0.852899,0.882507,0.947963,0.910743,0.98339,0.897885,0.892253,0.910858,0.910688,0.914814,0.915759,0.827965,0.83106,0.788335,0.939499,0.858232,0.969441,0.912028,0.961031,0.824041,0.896659,0.94241,0.907291,0.952969,0.961808,0.87847,0.85332,0.84781,0.803702,0.888308,0.932058,0.812209,0.901139,0.84305,0.888456,0.793844,0.917526,0.849596,0.813719,0.918766,0.94297,0.866621,0.867207,0.845025,0.80568,0.876109,0.816047,0.865015,0.93175,0.809302,0.81916,0.819571,0.887534
0.908614,0.773076,0.878581,0.850124,0.876016,0.873487,0.883023,0.82941,0.916149,0.877116,0.898303,0.929154,0.827867,0.76667,0.83327,0.817694,0.917082,0.820593,0.87015,0.836421,0.873019,0.752163,0.862968,0.929955,0.803656,1,0.94059,0.921237,0.754599,0.924461,0.871335,0.823695,0.849985,0.826301,0.730311,0.870858,0.804647,0.932625,0.900762,0.906459,0.93843,0.868043,0.912463,0.768826,0.925659,0.982774,0.976001,0.927285,0.831129,0.829771,0.852184,0.837089,0.785307,0.842834,0.832585,0.865381,0.824639,0.846386,0.713312,0.908546,0.924746,0.860746,0.872044,0.850537,0.847066,0.836752,0.88979,0.912834,0.854258,0.767793,0.849352,0.775483,0.847776,0.902713,0.933484,0.940251,0.911668,0.793499,0.893049,0.835645,0.944959,0.908153,0.913725,0.808829,0.826899,0.908547,0.735503,0.868725,0.861667,0.950999,0.902042,0.964031,0.888566,0.8966,0.88412,0.814958,0.994103,0.872788,0.891738,0.854393
0.966198,0.849497,0.848811,0.935102,0.91954,0.910384,0.912684,0.884457,0.88548,0.82373,0.948832,0.992321,0.846182,0.852346,0.814275,0.839118,0.955939,0.895848,0.943419,0.798198,0.94574,0.840576,0.899579,0.957482,0.824517,0.94059,1,0.894688,0.834587,0.959388,0.904295,0.862606,0.910551,0.859209,0.826749,0.83739,0.882188,0.949295,0.926519,0.924219,0.894256,0.91468,0.964911,0.838924,0.994468,0.962372,0.940684,0.950671,0.822207,0.836331,0.913652,0.843237,0.861449,0.899495,0.892978,0.886775,0.883363,0.890577,0.793928,0.968063,0.944849,0.841576,0.911281,0.867663,0.90431,0.846779,0.887051,0.890388,0.879841,0.855655,0.863443,0.803087,0.91141,0.876446,0.953209,0.972784,0.880664,0.818528,0.969032,0.900006,0.948664,0.859928,0.974448,0.801009,0.910277,0.968891,0.804226,0.902512,0.870058,0.920297,0.90903,0.917988,0.88541,0.89159,0.8493,0.854074,0.957518,0.968777,0.867864,0.819214
0.86605,0.784712,0.898694,0.89315,0.866555,0.849637,0.811319,0.817044,0.878079,0.867035,0.839533,0.89905,0.920337,0.788878,0.919359,0.886741,0.932898,0.852615,0.907283,0.896919,0.835416,0.802415,0.834568,0.868674,0.885037,0.921237,0.894688,1,0.763367,0.918428,0.845074,0.84627,0.827793,0.929267,0.713832,0.970523,0.812821,0.929941,0.923006,0.873134,0.97273,0.893014,0.852598,0.838395,0.895683,0.899033,0.888667,0.930048,0.94523,0.950156,0.884004,0.92849,0.823104,0.828323,0.817674,0.839945,0.820743,0.82529,0.812495,0.865993,0.860925,0.95439,0.901942,0.96033,0.878496,0.954393,0.913773,0.994734,0.959932,0.817999,0.885035,0.881122,0.813721,0.892848,0.914438,0.874809,0.882057,0.838607,0.855791,0.821664,0.899821,0.910222,0.858676,0.934933,0.844774,0.865514,0.820666,0.947214,0.903267,0.959956,0.894031,0.943423,0.935268,0.874062,0.949814,0.882864,0.910545,0.880475,0.91728,0.9129
0.864806,0.96846,0.802183,0.841275,0.881764,0.893178,0.846367,0.917907,0.838397,0.808617,0.890054,0.815187,0.871994,0.966128,0.858289,0.873705,0.822411,0.93,0.873345,0.821097,0.941337,0.98437,0.914276,0.850477,0.886108,0.754599,0.834587,0.763367,1,0.836011,0.882241,0.934796,0.89794,0.861823,0.961534,0.7553,0.967524,0.808541,0.78899,0.840819,0.750701,0.867144,0.892343,0.939888,0.827395,0.793176,0.769479,0.792509,0.76412,0.837675,0.894433,0.852352,0.939978,0.930167,0.931284,0.863416,0.912616,0.91238,0.890421,0.883303,0.828999,0.798905,0.793751,0.843754,0.898602,0.84568,0.75745,0.773736,0.829422,0.968761,0.902428,0.894856,0.947229,0.730539,0.815213,0.83901,0.857243,0.920894,0.864123,0.92406,0.820381,0.842821,0.849897,0.819516,0.897328,0.894309,0.967302,0.824442,0.823636,0.784985,0.762931,0.752671,0.753166,0.765632,0.762919,0.840714,0.770617,0.815447,0.750435,0.821822
0.945981,0.870724,0.864545,0.952706,0.976337,0.960369,0.873191,0.914349,0.943743,0.87063,0.923437,0.955835,0.858429,0.851154,0.83415,0.869848,0.979521,0.914746,0.967512,0.827321,0.925037,0.844517,0.928044,0.9389,0.850466,0.924461,0.959388,0.918428,0.836011,1,0.959973,0.861783,0.874664,0.888926,0.786047,0.875152,0.889418,0.991677,0.973934,0.949061,0.940916,0.945227,0.935719,0.845995,0.95522,0.936364,0.912791,0.973037,0.851109,0.87007,0.946489,0.865213,0.87971,0.94541,0.924625,0.914487,0.905977,0.924664,0.815278,0.936678,0.925834,0.875133,0.864017,0.89015,0.926602,0.87606,0.918004,0.924918,0.908171,0.865819,0.874716,0.823382,0.91343,0.805553,0.991586,0.941638,0.906286,0.871333,0.932041,0.900555,0.989073,0.87829,0.917364,0.8328,0.858692,0.93878,0.819692,0.888423,0.909241,0.882772,0.882488,0.898231,0.858242,0.851759,0.869449,0.862892,0.936091,0.951907,0.900197,0.852378
0.934421,0.910208,0.87759,0.893336,0.991157,0.976274,0.883465,0.951872,0.964791,0.914617,0.937983,0.898864,0.86712,0.890225,0.845927,0.82573,0.904776,0.919063,0.897747,0.818402,0.934036,0.85826,0.972414,0.921113,0.876126,0.871335,0.904295,0.845074,0.882241,0.959973,1,0.848902,0.873084,0.825,0.830618,0.796532,0.931677,0.930175,0.89989,0.948654,0.88494,0.908516,0.939876,0.820194,0.899656,0.887427,0.8626499,0.912472,0.789388,0.801887,0.914563,0.862232,0.869378,0.979456,0.961407,0.942589,0.938731,0.965946,0.747879,0.921439,0.915273,0.824394,0.825624,0.830293,0.908454,0.819224,0.86556,0.858694,0.833681,0.872311,0.904317,0.81732,0.95651,0.750207,0.93505,0.89262,0.943474,0.906768,0.924574,0.937423,0.962326,0.909185,0.86738,0.771285,0.796556,0.912014,0.80409,0.828664,0.8299401,0.834124,0.851746,0.857132,0.808761,0.836792,0.831039,0.808609,0.877758,0.899082,0.846651,0.82919
0.879944,0.879315,0.748306,0.857803,0.868291,0.842525,0.794925,0.821042,0.812195,0.756019,0.873995,0.839729,0.846891,0.859077,0.814385,0.890866,0.838475,0.833277,0.859378,0.759236,0.927292,0.896149,0.843863,0.889539,0.859857,0.823695,0.862606,0.84627,0.934796,0.861783,0.848902,1,0.8292,0.895314,0.901341,0.788835,0.869053,0.83666,0.8143,0.814196,0.828123,0.803784,0.888734,0.906479,0.847082,0.854599,0.841461,0.817489,0.787906,0.840974,0.830966,0.833327,0.865544,0.864186,0.842192,0.787704,0.811899,0.826225,0.84196,0.891418,0.877276,0.7929,0.878002,0.860231,0.818128,0.845474,0.764368,0.855086,0.894916,0.887995,0.931077,0.86962,0.885588,0.770113,0.847109,0.88386,0.832402,0.940811,0.866554,0.830091,0.840623,0.857552,0.873281,0.792208,0.937947,0.916213,0.911909,0.887423,0.776464,0.864038,0.761471,0.821092,0.763157,0.765703,0.800725,0.878247,0.832646,0.822974,0.755935,0.764266
0.890407,0.943494,0.879796,0.896102,0.874569,0.925041,0.980441,0.957779,0.866986,0.844456,0.887513,0.889907,0.88713,0.908322,0.850778,0.866334,0.901508,0.959402,0.927993,0.833469,0.90829,0.924848,0.922305,0.890092,0.878417,0.849985,0.910551,0.827793,0.89794,0.874664,0.873084,0.8292,1,0.857155,0.831179,0.829754,0.938767,0.880516,0.879543,0.896027,0.806157,0.929663,0.897386,0.9049,0.902089,0.871378,0.847229,0.859558,0.852331,0.855576,0.946516,0.886563,0.945172,0.923338,0.95058,0.935958,0.961763,0.94054,0.888785,0.917711,0.874548,0.840861,0.788117,0.874529,0.935005,0.863197,0.87034,0.818753,0.848326,0.941168,0.841714,0.851571,0.910502,0.863452,0.884921,0.904871,0.849823,0.815183,0.86289,0.933589,0.866527,0.815994,0.92625,0.839454,0.891214,0.91497,0.886154,0.879296,0.881526,0.85185,0.881593,0.802067,0.836657,0.886901,0.852204,0.840387,0.874569,0.851698,0.873414,0.842923
0.81427,0.872204,0.88059,0.867451,0.844959,0.835959,0.832465,0.875107,0.826437,0.849158,0.823822,0.869235,0.966521,0.851895,0.921763,0.98135,0.914825,0.906171,0.920921,0.858699,0.822067,0.887634,0.863835,0.815911,0.959543,0.826301,0.859209,0.929267,0.861823,0.888926,0.825,0.895314,0.857155,1,0.799235,0.90188,0.868679,0.901728,0.893622,0.815929,0.87712,0.9122,0.824612,0.950074,0.870191,0.822908,0.801155,0.896677,0.902563,0.96713,0.917419,0.968763,0.90308,0.836762,0.864285,0.873981,0.880538,0.873108,0.864244,0.838978,0.80236,0.919129,0.898345,0.982208,0.908808,0.970968,0.831381,0.936938,0.992212,0.906896,0.912407,0.954819,0.836779,0.848601,0.88905,0.83185,0.830884,0.894688,0.82265,0.871003,0.862886,0.844345,0.840937,0.924894,0.902018,0.832215,0.93554,0.970199,0.880477,0.885215,0.849963,0.833645,0.888577,0.819687,0.857636,0.966435,0.834032,0.865631,0.831429,0.883526
0.87761,0.897086,0.731566,0.7777274,0.823946,0.821759,0.784294,0.842079,0.775835,0.745948,0.886303,0.803134,0.81575,0.943794,0.819937,0.814009,0.762158,0.858887,0.805665,0.809692,0.927188,0.941249,0.858383,0.822156,0.84373,0.730311,0.826749,0.713832,0.961534,0.786047,0.830618,0.901341,0.831179,0.799235,1,0.720966,0.922047,0.758672,0.740196,0.782898,0.687728,0.812686,0.890338,0.875683,0.819183,0.778834,0.75549,0.751096,0.735191,0.792476,0.822425,0.786809,0.866964,0.866532,0.860002,0.786858,0.837384,0.842969,0.888087,0.885711,0.803098,0.763068,0.79213,0.790079,0.842446,0.797877,0.710078,0.729874,0.772346,0.9024,0.878241,0.873137,0.918831,0.718512,0.769127,0.821936,0.820084,0.869248,0.85393,0.8752,0.774043,0.813578,0.827708,0.797773,0.890433,0.878983,0.92096,0.798674,0.791797,0.786144,0.780964,0.718264,0.729944,0.805534,0.6933184,0.806726,0.754054,0.801384,0.70294,0.784294
0.789929,0.779475,0.894827,0.894789,0.812279,0.826334,0.830962,0.814632,0.85189,0.862223,0.758606,0.843666,0.911587,0.824608,0.943334,0.839963,0.909557,0.841263,0.877473,0.952967,0.76562,0.820144,0.822424,0.81766,0.872312,0.870858,0.83739,0.970523,0.7553,0.875152,0.796532,0.788835,0.829754,0.90188,0.720966,1,0.820485,0.894483,0.928036,0.866021,0.961222,0.880426,0.775108,0.807666,0.836823,0.844425,0.838956,0.884304,0.98346,0.963724,0.861108,0.908955,0.796082,0.79455,0.811995,0.848115,0.813929,0.820882,0.857612,0.789004,0.812198,0.936135,0.837631,0.944993,0.888165,0.958563,0.946813,0.9654,0.935065,0.805876,0.8255208,0.912959,0.774318,0.860195,0.868937,0.817457,0.8436981,0.786897,0.791994,0.831971,0.848064,0.848382,0.799462,0.978549,0.78699,0.799204,0.835445,0.895646,0.943782,0.895162,0.874259,0.911071,0.894749,0.883619,0.974576,0.822142,0.85702,0.825678,0.958787,0.953303
0.902598,0.965566,0.869565,0.8727201,0.922591,0.941871,0.90799,0.968417,0.896759,0.862994,0.932759,0.871109,0.90818,0.990041,0.906576,0.851596,0.897753,0.977906,0.929041,0.884878,0.951336,0.976169,0.974187,0.891094,0.903043,0.804647,0.882188,0.812821,0.967524,0.889418,0.931677,0.869053,0.938767,0.868679,0.922047,0.820485,1,0.877748,0.871458,0.900021,0.805078,0.942617,0.93216,0.904003,0.880419,0.843983,0.818879,0.861196,0.815692,0.884258,0.957592,0.893825,0.943403,0.962708,0.975808,0.93416,0.962525,0.971475,0.87603,0.91873,0.871409,0.854971,0.794458,0.885083,0.969572,0.891342,0.829685,0.816431,0.855102,0.962469,0.904681,0.906074,0.983353,0.773954,0.873828,0.880202,0.910248,0.867146,0.904106,0.981003,0.87288,0.878023,0.883724,0.871754,0.853021,0.914363,0.931263,0.844568,0.905456,0.816186,0.83098,0.78972,0.810109,0.8213743,0.808177,0.818807,0.825856,0.863991,0.82504,0.890433
0.924317,0.848704,0.899215,0.938596,0.946721,0.932723,0.873233,0.8995,0.93261,0.86678,0.900382,0.954446,0.875351,0.847017,0.857641,0.883605,0.9905,0.921957,0.96797,0.864269,0.889339,0.84445,0.912005,0.918973,0.863223,0.932625,0.949295,0.929941,0.808541,0.991677,0.930175,0.83666,0.880516,0.901728,0.758672,0.894483,0.877748,1,0.98352,0.935475,0.952597,0.967242,0.911885,0.853331,0.951975,0.938254,0.918603,0.98769,0.858297,0.887616,0.955295,0.884846,0.884024,0.908869,0.897213,0.916142,0.902193,0.907967,0.814082,0.918447,0.910332,0.904075,0.853011,0.90676,0.943409,0.894463,0.927839,0.932103,0.916072,0.867152,0.850894,0.840654,0.88391,0.819151,0.992833,0.930468,0.898197,0.837853,0.910255,0.891119,0.982431,0.867059,0.901667,0.85664,0.84777,0.913401,0.827079,0.897921,0.936952,0.885305,0.911407,0.895295,0.890835,0.879744,0.867486,0.877385,0.945679,0.947927,0.913138,0.888891
0.890019,0.8311428,0.879507,0.964331,0.918403,0.925134,0.882457,0.8817529,0.912636,0.844312,0.853008,0.931033,0.86729,0.862589,0.867033,0.856371,0.984241,0.911708,0.959863,0.895499,0.856423,0.856925,0.8801137,0.901882,0.84874,0.900762,0.926519,0.923006,0.78899,0.973934,0.89989,0.8143,0.879543,0.893622,0.740196,0.928036,0.871458,0.98352,1,0.939628,0.953101,0.958277,0.870117,0.83752,0.926451,0.909674,0.89307,0.962816,0.905209,0.905821,0.940556,0.869004,0.865611,0.891279,0.884068,0.905271,0.884513,0.8829269,0.867612,0.878069,0.895462,0.893078,0.831089,0.905126,0.949462,0.904876,0.965651,0.926383,0.914406,0.85901,0.819719,0.865374,0.849123,0.796045,0.972558,0.907883,0.864492,0.812289,0.884697,0.882869,0.954907,0.825916,0.874968,0.895394,0.827531,0.887579,0.842831,0.875274,0.968106,0.851559,0.886518,0.884247,0.86124,0.875981,0.903433,0.844763,0.912911,0.927294,0.95477,0.909556
0.920808,0.891117,0.936691,0.927551,0.936862,0.971767,0.931426,0.942669,0.973218,0.937598,0.908703,0.929551,0.877891,0.854726,0.853127,0.810652,0.918616,0.90285,0.882868,0.847473,0.894945,0.832114,0.954766,0.919489,0.868882,0.906459,0.924219,0.873134,0.840819,0.949061,0.948654,0.814196,0.896027,0.815929,0.782898,0.866021,0.900021,0.935475,0.939628,1,0.920196,0.911379,0.914427,0.81344,0.925121,0.924736,0.914305,0.935944,0.861825,0.8123663,0.885235,0.870935,0.848629,0.944834,0.951701,0.971313,0.933914,0.95364,0.783777,0.894873,0.912878,0.836399,0.8692,0.830329,0.905375,0.8224003,0.951699,0.884356,0.840333,0.8513,0.879377,0.8145,0.911197,0.794291,0.940233,0.911125,0.945724,0.859978,0.936548,0.939185,0.962518,0.896076,0.86953,0.815326,0.804201,0.898313,0.78787,0.843463,0.883243,0.858259,0.906893,0.910853,0.87527,0.871233,0.909092,0.818222,0.913471,0.926198,0.932656,0.859716
0.877525,0.774038,0.8815826,0.903244,0.895462,0.88446,0.823273,0.824616,0.9312,0.88309,0.856843,0.898659,0.857634,0.782598,0.88575,0.826966,0.949953,0.836797,0.904349,0.90472,0.842666,0.78208,0.866236,0.902027,0.82088,0.93843,0.894256,0.97273,0.750701,0.940916,0.88494,0.828123,0.806157,0.87712,0.687728,0.961222,0.805078,0.952597,0.953101,0.920196,1,0.896792,0.867318,0.785191,0.890873,0.929719,0.923294,0.945951,0.921624,0.909979,0.879115,0.865749,0.789801,0.853309,0.840001,0.867251,0.8070224,0.850275,0.802544,0.867293,0.897719,0.912,0.845857,0.905351,0.88646,0.908032,0.955094,0.965059,0.912223,0.785768,0.856008,0.837143,0.831473,0.831562,0.934061,0.890982,0.918165,0.823495,0.870932,0.830013,0.929477,0.917729,0.848473,0.903604,0.794027,0.871837,0.787684,0.877153,0.936463,0.919294,0.882688,0.944186,0.892109,0.875539,0.946338,0.815864,0.930857,0.876927,0.95823,0.923608
0.891331,0.91428,0.939487,0.909083,0.902369,0.921409,0.921041,0.959283,0.909196,0.899879,0.88727,0.927385,0.925732,0.917753,0.906514,0.898565,0.975069,0.974539,0.966064,0.905035,0.873376,0.909513,0.956733,0.869167,0.918774,0.868043,0.91468,0.893014,0.867144,0.945227,0.908516,0.803784,0.929663,0.9122,0.812686,0.880426,0.942617,0.967242,0.958277,0.911379,0.896792,1,0.892224,0.892303,0.927809,0.882988,0.859664,0.958362,0.851323,0.910203,0.98511,0.926688,0.930308,0.91658,0.948607,0.969424,0.96274,0.960503,0.838691,0.897889,0.860157,0.924755,0.81452,0.927381,0.987863,0.921128,0.899193,0.892853,0.908123,0.924726,0.858541,0.893159,0.914431,0.816961,0.949696,0.886674,0.905831,0.820629,0.880716,0.95157,0.92344,0.852733,0.875951,0.887239,0.839823,0.876661,0.879665,0.89921,0.956258,0.847889,0.920976,0.826074,0.897834,0.889566,0.832053,0.882248,0.892308,0.92097,0.889139,0.921809
0.983392,0.868745,0.837463,0.88256,0.937987,0.921462,0.90543,0.900397,0.905433,0.831319,0.993669,0.948612,0.846269,0.918609,0.847425,0.80845,0.911768,0.89509,0.905768,0.842734,0.983201,0.869886,0.94577,0.973967,0.836671,0.912463,0.964911,0.852598,0.892343,0.935719,0.939876,0.888734,0.897386,0.824612,0.890338,0.775108,0.93216,0.911885,0.870117,0.914427,0.867318,0.892224,1,0.814511,0.955771,0.955316,0.934671,0.908023,0.7590393,0.815677,0.898826,0.834216,0.846235,0.925792,0.916452,0.893349,0.88969,0.920516,0.751569,0.991886,0.95875,0.811659,0.872878,0.836975,0.904792,0.827005,0.83196,0.850303,0.838096,0.855739,0.913071,0.83561,0.976129,0.819972,0.923118,0.968694,0.929107,0.849409,0.9753,0.932119,0.92927,0.915593,0.956393,0.793873,0.869428,0.980541,0.815647,0.86813,0.84738,0.908309,0.895112,0.880307,0.840076,0.91015,0.812647,0.812079,0.932896,0.917362,0.816638,0.83626
0.809199,0.959428,0.847478,0.853377,0.831424,0.853782,0.849973,0.905549,0.803859,0.822346,0.809538,0.839849,0.91605,0.889925,0.852066,0.972121,0.867705,0.931467,0.910315,0.793701,0.855586,0.954278,0.858914,0.784928,0.930309,0.768826,0.838924,0.838395,0.939888,0.845995,0.820194,0.906479,0.9049,0.950074,0.875683,0.807666,0.904003,0.853331,0.83752,0.81344,0.785191,0.892303,0.814511,1,0.848212,0.77726,0.751621,0.846625,0.818816,0.883234,0.914276,0.915047,0.977085,0.877996,0.898744,0.870886,0.914678,0.880019,0.909264,0.838,0.767874,0.858559,0.833659,0.913121,0.888453,0.894121,0.776642,0.843869,0.918314,0.981272,0.871108,0.905025,0.852292,0.794272,0.847708,0.810654,0.797425,0.910104,0.80159,0.870108,0.819724,0.785999,0.84324,0.83959,0.950497,0.841667,0.972245,0.921678,0.826065,0.815661,0.824171,0.749711,0.834684,0.791719,0.782354,0.953303,0.787921,0.841557,0.773292,0.812775
0.955808,0.852441,0.873198,0.92839,0.911712,0.906338,0.906589,0.889754,0.882984,0.834375,0.944018,0.998814,0.856956,0.851761,0.82066,0.849936,0.96238,0.904381,0.948608,0.803096,0.930424,0.839324,0.899117,0.939782,0.831002,0.925659,0.994468,0.895683,0.827395,0.95522,0.899656,0.847082,0.902089,0.870191,0.819183,0.836823,0.880419,0.951975,0.926451,0.925121,0.890873,0.927809,0.955771,0.848212,1,0.950601,0.929194,0.966888,0.81925,0.840546,0.920435,0.856534,0.870379,0.893455,0.894734,0.900408,0.892323,0.892636,0.788945,0.960355,0.929146,0.854459,0.916403,0.875126,0.912329,0.853468,0.88313,0.889203,0.88547,0.861137,0.855627,0.805911,0.903821,0.872302,0.952685,0.958483,0.878827,0.811003,0.971297,0.901175,0.9449,0.855127,0.967718,0.80684,0.906649,0.953069,0.805725,0.911826,0.875417,0.914625,0.931297,0.909068,0.911915,0.900599,0.839111,0.876839,0.946309,0.980654,0.862512,0.827847
