1,0.710955,0.694717,0.700293,0.66318,0.659952,0.636537,0.610428,0.6158483,0.653085,0.792812,0.737544,0.743411,0.741209,0.71717,0.643611,0.676522,0.656867,0.693022,0.711867,0.67526,0.600911,0.633523,0.735926,0.698227,0.606133,0.718805,0.661867,0.678278,0.668078,0.658177,0.69052,0.733105,0.702778,0.664831,0.631972,0.732876,0.677315,0.762592,0.800184,0.699172,0.72591,0.651005,0.718186,0.629807,0.683992,0.716149,0.742788,0.740362,0.6491516,0.766699,0.705255,0.699891,0.672132,0.5709956,0.712159,0.688989,0.627794,0.749042,0.730715,0.713569,0.724664,0.627117,0.653762,0.620753,0.72569,0.6673472,0.720172,0.5925808,0.582226,0.720118,0.651187,0.673452,0.732709,0.737436,0.67866,0.735628,0.693844,0.639663,0.666627,0.754513,0.726241,0.718738,0.683775,0.696551,0.728682,0.6836792,0.648597,0.635411,0.771163,0.762089,0.754391,0.756913,0.716941,0.687924,0.712165,0.782463,0.6229232,0.738102,0.705985
0.710955,1,0.761697,0.741937,0.856078,0.802477,0.776809,0.779156,0.720545,0.806957,0.841001,0.747781,0.756403,0.88407,0.575755,0.906358,0.716149,0.870187,0.865958,0.81183,0.821142,0.820712,0.80867,0.791766,0.762883,0.805345,0.830662,0.663479,0.7743,0.705462,0.816405,0.724298,0.741727,0.868768,0.752791,0.785564,0.848063,0.709073,0.839237,0.76336,0.891406,0.854093,0.762786,0.765405,0.730556,0.748906,0.869289,0.863843,0.827594,0.864139,0.824073,0.880435,0.847671,0.915848,0.788749,0.768842,0.810732,0.820195,0.834179,0.835093,0.853832,0.784975,0.744026,0.871726,0.686267,0.6888,0.833585,0.859886,0.747355,0.816799,0.782173,0.802034,0.733584,0.759829,0.789727,0.615649,0.777024,0.743883,0.823062,0.814983,0.698411,0.787621,0.821828,0.72024,0.816716,0.708444,0.702115,0.701718,0.805681,0.722394,0.830362,0.859882,0.779254,0.757573,0.738824,0.798991,0.779928,0.77364,0.856303,0.838223
0.694717,0.761697,1,0.890107,0.829381,0.832209,0.764536,0.884991,0.609676,0.735404,0.749184,0.771469,0.821452,0.765787,0.737724,0.752935,0.816406,0.742933,0.7568605,0.773322,0.751772,0.736034,0.754043,0.859845,0.7875325,0.713925,0.813529,0.772186,0.66519,0.773164,0.699809,0.861172,0.868914,0.699709,0.775055,0.770957,0.753634,0.659504,0.830358,0.728651,0.805784,0.766753,0.734338,0.75935,0.790931,0.747295,0.681794,0.6611651,0.789643,0.739388,0.792327,0.772802,0.768427,0.824983,0.842993,0.775891,0.907893,0.802979,0.715726,0.713931,0.777893,0.776279,0.834892,0.798238,0.792197,0.806929,0.761351,0.760858,0.727425,0.837796,0.762491,0.715842,0.871522,0.891136,0.708893,0.655326,0.744488,0.859096,0.775086,0.825754,0.750555,0.748715,0.735172,0.713939,0.81133,0.769346,0.643652,0.775501,0.746427,0.735241,0.747319,0.787703,0.722024,0.858073,0.772238,0.829802,0.790609,0.6325012,0.771018,0.767053
0.700293,0.741937,0.890107,1,0.827172,0.730617,0.789381,0.8508,0.735331,0.690333,0.809862,0.770841,0.758461,0.789456,0.800461,0.768634,0.68644,0.739873,0.822775,0.764995,0.738805,0.759967,0.712639,0.814563,0.8291638,0.721098,0.823579,0.763617,0.693855,0.728455,0.765901,0.93195,0.843665,0.802793,0.750832,0.76477,0.709895,0.65302,0.878973,0.783287,0.794204,0.8074,0.791426,0.66913,0.735661,0.772433,0.688635,0.678902,0.821138,0.739571,0.737215,0.796918,0.827534,0.831026,0.746586,0.806186,0.890932,0.726603,0.734367,0.704631,0.825187,0.773051,0.8017471,0.754544,0.78784,0.828694,0.768697,0.812938,0.709903,0.720675,0.793658,0.625382,0.849267,0.754238,0.705353,0.615729,0.818272,0.895399,0.732619,0.847849,0.697892,0.74347,0.77065,0.64112,0.800448,0.687627,0.6709979,0.757938,0.670093,0.785401,0.697186,0.803639,0.757381,0.768908,0.747734,0.771457,0.799531,0.687067,0.853565,0.809954
0.66318,0.856078,0.829381,0.827172,1,0.7989574,0.786983,0.836488,0.783238,0.736526,0.83649,0.85965,0.749967,0.800287,0.732564,0.833552,0.825652,0.758277,0.816106,0.768536,0.80741,0.704136,0.728639,0.78385,0.751047,0.698532,0.831205,0.718076,0.659665,0.731188,0.714745,0.773551,0.715887,0.760779,0.746682,0.737685,0.786349,0.65557,0.844191,0.761358,0.827197,0.747504,0.674478,0.782221,0.770796,0.779049,0.73466,0.71212,0.837728,0.833897,0.800806,0.823526,0.878424,0.877921,0.840353,0.771855,0.898138,0.82376,0.794353,0.76555,0.762189,0.6969397,0.799728,0.83976,0.755091,0.781306,0.838826,0.787334,0.686087,0.745013,0.732605,0.723285,0.854129,0.736091,0.679475,0.62313,0.71514,0.8583,0.767336,0.804695,0.772092,0.79045,0.783818,0.727532,0.815985,0.782281,0.758587,0.763399,0.7083471,0.677915,0.786193,0.783966,0.763366,0.880852,0.835406,0.882967,0.839092,0.661388,0.827178,0.805549
0.659952,0.802477,0.832209,0.730617,0.7989574,1,0.690723,0.72832,0.795366,0.685955,0.787501,0.750862,0.800294,0.749779,0.668592,0.830864,0.776337,0.829952,0.7051,0.805253,0.839356,0.694856,0.785641,0.814562,0.73214,0.751657,0.856149,0.735851,0.750673,0.811709,0.622607,0.767515,0.76744,0.718018,0.77638,0.797589,0.822908,0.603261,0.779799,0.780239,0.833115,0.802126,0.669379,0.815295,0.652254,0.614832,0.738907,0.735059,0.869496,0.860723,0.787203,0.801809,0.826316,0.774722,0.918848,0.911967,0.744025,0.815389,0.803588,0.871449,0.812501,0.756828,0.676376,0.791495,0.667324,0.706908,0.812224,0.768767,0.71294,0.809891,0.743516,0.72336,0.732013,0.84694,0.759851,0.562196,0.734816,0.753673,0.736703,0.776619,0.778471,0.813075,0.705113,0.769113,0.873018,0.789427,0.782307,0.761102,0.779585,0.721611,0.907148,0.762005,0.853139,0.718049,0.779624,0.910432,0.786046,0.629148,0.788215,0.821289
0.636537,0.776809,0.764536,0.789381,0.786983,0.690723,1,0.869722,0.693162,0.70528,0.71806,0.638163,0.696154,0.712684,0.617813,0.754778,0.72006,0.671399,0.721966,0.650085,0.694767,0.632619,0.736705,0.703432,0.725646,0.669584,0.717491,0.690509,0.666896,0.718469,0.669745,0.762308,0.654163,0.759542,0.675788,0.641148,0.739764,0.6045213,0.792275,0.667086,0.733267,0.643587,0.720133,0.716228,0.6825936,0.676908,0.666279,0.644312,0.738527,0.689989,0.666579,0.709062,0.68772,0.812924,0.66976,0.748943,0.859799,0.758228,0.67028,0.688227,0.702627,0.706348,0.845594,0.867358,0.814633,0.703732,0.640018,0.6403786,0.743064,0.715814,0.61236,0.693958,0.799891,0.660931,0.595109,0.665482,0.69974,0.794529,0.695437,0.751797,0.6991,0.639375,0.663283,0.761531,0.685959,0.62397,0.640933,0.601228,0.666585,0.704989,0.708608,0.753932,0.67304,0.702002,0.764679,0.752473,0.672583,0.619729,0.761769,0.760107
0.610428,0.779156,0.884991,0.8508,0.836488,0.72832,0.869722,1,0.65987,0.771786,0.758288,0.739455,0.806508,0.787763,0.715254,0.776772,0.778762,0.760988,0.819044,0.792251,0.764676,0.785564,0.794671,0.867466,0.7522075,0.746657,0.813769,0.756465,0.686946,0.753588,0.700769,0.785695,0.737786,0.773185,0.781936,0.732656,0.724935,0.631885,0.840662,0.697686,0.802407,0.751026,0.792392,0.76987,0.8193,0.797001,0.698041,0.704514,0.746774,0.7158091,0.739171,0.789614,0.751277,0.848023,0.786374,0.728312,0.958315,0.871396,0.736728,0.6576218,0.743638,0.795858,0.888545,0.852687,0.76963,0.701863,0.710151,0.775379,0.749142,0.85301,0.7421011,0.782721,0.857127,0.784428,0.69807,0.635596,0.689343,0.866534,0.777858,0.803678,0.706002,0.741729,0.777804,0.734555,0.79388,0.753118,0.6102523,0.751448,0.776516,0.674162,0.690094,0.763712,0.715028,0.786374,0.736748,0.75789684,0.778054,0.683672,0.766079,0.764627
0.6158483,0.720545,0.609676,0.735331,0.783238,0.795366,0.693162,0.65987,1,0.674489,0.672547,0.709451,0.694542,0.687326,0.722652,0.703842,0.648603,0.747625,0.680865,0.681944,0.766743,0.659291,0.679641,0.63853,0.732866,0.709328,0.719404,0.651604,0.699757,0.678218,0.675838,0.752201,0.672008,0.803561,0.644181,0.625079,0.685069,0.5072521,0.728907,0.705877,0.687431,0.69518,0.681513,0.650804,0.546079,0.617747,0.667132,0.671792,0.758775,0.710619,0.624966,0.702604,0.715296,0.78309,0.716114,0.765387,0.73242,0.719147,0.7431,0.753245,0.760027,0.697939,0.704958,0.703992,0.665888,0.647855,0.67973,0.722007,0.695353,0.635919,0.669037,0.680989,0.731579,0.583949,0.626522,0.594405,0.712037,0.723492,0.594901,0.717147,0.6026171,0.634641,0.600811,0.67238,0.704703,0.66891,0.684486,0.678237,0.625172,0.669951,0.708441,0.718326,0.773186,0.644701,0.78335,0.706416,0.643223,0.576519,0.733816,0.748206
0.653085,0.806957,0.735404,0.690333,0.736526,0.685955,0.70528,0.771786,0.674489,1,0.705606,0.736877,0.768791,0.730721,0.699868,0.849434,0.699638,0.800602,0.75735,0.80937,0.687372,0.855179,0.77593,0.759054,0.872733,0.736736,0.769559,0.750599,0.652805,0.640561,0.756484,0.749083,0.677026,0.796668,0.820994,0.805505,0.777704,0.726101,0.693797,0.740068,0.856734,0.82268,0.807528,0.765808,0.882655,0.852138,0.836412,0.815494,0.707625,0.769322,0.7965986,0.775216,0.701124,0.759558,0.792492,0.643125,0.771618,0.786457,0.841185,0.661406,0.800346,0.747931,0.77159,0.701133,0.675682,0.596995,0.718621,0.739642,0.701119,0.810939,0.702232,0.811019,0.708652,0.656676,0.730104,0.572878,0.646734,0.748193,0.868649,0.815454,0.615259,0.81135,0.848192,0.653343,0.791338,0.740853,0.571754,0.738294,0.811928,0.6323294,0.737397,0.87765,0.772186,0.800008,0.648016,0.688486,0.758027,0.776138,0.692333,0.745522
0.792812,0.841001,0.749184,0.809862,0.83649,0.787501,0.71806,0.758288,0.672547,0.705606,1,0.846977,0.828964,0.863234,0.758312,0.784927,0.795824,0.842785,0.875304,0.833055,0.84273,0.780714,0.786172,0.822748,0.7149563,0.747784,0.871386,0.758562,0.747503,0.753184,0.708322,0.80032,0.743693,0.787298,0.817735,0.730129,0.740811,0.6632858,0.840092,0.767475,0.874073,0.832958,0.7553977,0.792828,0.7897,0.811295,0.794731,0.774691,0.896126,0.820867,0.774339,0.853366,0.881475,0.834297,0.799184,0.805412,0.817804,0.733967,0.802141,0.790269,0.840187,0.794639,0.726228,0.776526,0.704569,0.781234,0.842239,0.87967,0.697118,0.756169,0.818971,0.76994,0.768821,0.811427,0.830273,0.710064,0.831681,0.791156,0.783778,0.843827,0.816314,0.854144,0.836346,0.74648,0.879398,0.819686,0.84096,0.831018,0.75928,0.815204,0.756652,0.792787,0.770072,0.804299,0.7101895,0.860847,0.885276,0.794808,0.899613,0.850103
0.737544,0.747781,0.771469,0.770841,0.85965,0.750862,0.638163,0.739455,0.709451,0.736877,0.846977,1,0.824733,0.823768,0.818912,0.680984,0.765918,0.782383,0.78413,0.8135,0.826813,0.754674,0.721538,0.798096,0.7045409,0.73107,0.77284,0.678686,0.693406,0.73176,0.729502,0.758994,0.7080711,0.675692,0.8093,0.711181,0.738836,0.584951,0.737751,0.744787,0.789347,0.76394,0.716131,0.749733,0.818202,0.83469,0.773185,0.753652,0.76959,0.730735,0.785704,0.79932,0.777909,0.818821,0.74266,0.703961,0.759251,0.717876,0.83145,0.691932,0.769675,0.798262,0.731547,0.732992,0.756225,0.801096,0.762937,0.823759,0.663277,0.707483,0.782875,0.737375,0.798673,0.785359,0.827159,0.673032,0.795708,0.74336,0.789134,0.808125,0.733546,0.782861,0.816257,0.730724,0.810413,0.81068,0.760963,0.827214,0.712057,0.690483,0.667852,0.771169,0.7362283,0.903591,0.786389,0.78733,0.846113,0.748668,0.767754,0.754717
0.743411,0.756403,0.821452,0.758461,0.749967,0.800294,0.696154,0.806508,0.694542,0.768791,0.828964,0.824733,1,0.866639,0.782648,0.759127,0.844462,0.840291,0.816782,0.850711,0.901182,0.825681,0.815117,0.857639,0.750042,0.79608,0.892124,0.856874,0.726437,0.798932,0.668398,0.785738,0.776847,0.797497,0.910121,0.722388,0.696963,0.661259,0.804832,0.770068,0.766873,0.813996,0.81836,0.848814,0.843018,0.824249,0.823663,0.8211863,0.765195,0.666045,0.805964,0.82599,0.799431,0.783285,0.822114,0.711799,0.830527,0.827285,0.831823,0.782853,0.809893,0.9635,0.777298,0.723219,0.700237,0.733783,0.794043,0.882076,0.736165,0.82488,0.820175,0.832828,0.823242,0.884228,0.86318,0.69648,0.792074,0.807673,0.739937,0.775446,0.721005,0.794643,0.825651,0.825818,0.905334,0.904597,0.777037,0.908209,0.772563,0.702207,0.75551,0.821467,0.832268,0.773155,0.691363,0.777644,0.886882,0.757095,0.777156,0.825106
0.741209,0.88407,0.765787,0.789456,0.800287,0.749779,0.712684,0.787763,0.687326,0.730721,0.863234,0.823768,0.866639,1,0.6906989,0.834501,0.724107,0.911726,0.933345,0.85538,0.87199,0.88143,0.919292,0.849125,0.680297,0.7909406,0.875686,0.738234,0.775764,0.760258,0.789117,0.751886,0.772695,0.799195,0.851425,0.722546,0.729945,0.729193,0.812912,0.7835742,0.803531,0.828151,0.823882,0.830081,0.771855,0.774439,0.86399,0.862707,0.86191,0.766507,0.775845,0.91241,0.878748,0.885455,0.792636,0.742181,0.781649,0.816014,0.832876,0.807456,0.811735,0.91673,0.79798,0.872753,0.705912,0.755653,0.844582,0.937028,0.795784,0.830324,0.86655,0.872157,0.756121,0.796778,0.898153,0.645185,0.853301,0.757431,0.74091,0.824632,0.73324,0.777414,0.826733,0.791595,0.8811,0.783185,0.7832,0.826932,0.833611,0.717713,0.750676,0.815042,0.796766,0.745041,0.678323,0.79928,0.866218,0.832298,0.915106,0.80493
0.71717,0.575755,0.737724,0.800461,0.732564,0.668592,0.617813,0.715254,0.722652,0.699868,0.758312,0.818912,0.782648,0.6906989,1,0.631763,0.732697,0.703524,0.710031,0.783057,0.790925,0.706906,0.719568,0.794365,0.765606,0.744162,0.7497973,0.774086,0.759995,0.719695,0.664369,0.814283,0.632263,0.67763,0.80223,0.694609,0.645281,0.546423,0.7492682,0.786234,0.7219617,0.783292,0.822379,0.690862,0.81543,0.810008,0.649166,0.673434,0.780284,0.644672,0.735128,0.715352,0.700697,0.70715,0.715222,0.728973,0.76037,0.623128,0.7157371,0.693884,0.746319,0.76249,0.730201,0.5923583,0.723272,0.762659,0.682932,0.7718887,0.68025,0.685678,0.812271,0.691925,0.799983,0.701372,0.773843,0.676781,0.75831,0.73531,0.653497,0.765469,0.715181,0.750478,0.737123,0.718709,0.7494289,0.806812,0.765252,0.815756,0.652342,0.78591,0.638996,0.745054,0.782238,0.728702,0.805856,0.761709,0.78564,0.702016,0.76286,0.768742
0.643611,0.906358,0.752935,0.768634,0.833552,0.830864,0.754778,0.776772,0.703842,0.849434,0.784927,0.680984,0.759127,0.834501,0.631763,1,0.719214,0.904357,0.87671,0.858939,0.832907,0.87662,0.837097,0.832952,0.808085,0.698783,0.912591,0.767301,0.680424,0.696945,0.765764,0.755764,0.653369,0.878503,0.853846,0.874342,0.752334,0.732493,0.789942,0.87588,0.861954,0.81262,0.7436144,0.803664,0.789764,0.775239,0.873995,0.867641,0.836594,0.858327,0.846615,0.892341,0.904872,0.850109,0.891472,0.77708,0.7753559,0.856061,0.843121,0.7610438,0.810089,0.751985,0.792497,0.836851,0.673542,0.6144491,0.812912,0.840149,0.681943,0.843647,0.81913,0.821085,0.736899,0.701398,0.745124,0.487535,0.671953,0.826338,0.830988,0.835865,0.672372,0.895084,0.858815,0.69812,0.898346,0.819198,0.643326,0.770348,0.874064,0.683957,0.848998,0.849057,0.874991,0.730328,0.658552,0.819623,0.867407,0.712777,0.8136808,0.84305
0.676522,0.716149,0.816406,0.68644,0.825652,0.776337,0.72006,0.778762,0.648603,0.699638,0.795824,0.765918,0.844462,0.724107,0.732697,0.719214,1,0.78375,0.700935,0.761767,0.830326,0.702137,0.803649,0.779724,0.727806,0.754659,0.772098,0.762454,0.746253,0.897832,0.700277,0.722373,0.723619,0.694841,0.759038,0.696141,0.730518,0.664648,0.745598,0.733073,0.751607,0.712006,0.785069,0.836189,0.804157,0.744196,0.711895,0.695739,0.687065,0.688189,0.829164,0.723918,0.735678,0.743871,0.750895,0.718082,0.824714,0.694555,0.6885165,0.750361,0.681443,0.790084,0.814345,0.773095,0.804675,0.773568,0.791123,0.743647,0.862923,0.855973,0.69522945,0.842674,0.882192,0.883044,0.712261,0.6813644,0.773998,0.817253,0.764285,0.754917,0.783814,0.792186,0.728278,0.896129,0.751397,0.85951,0.705367,0.765208,0.802859,0.701261,0.638502,0.748505,0.677071,0.774431,0.761867,0.807131,0.793933,0.680697,0.685216,0.854886
0.656867,0.870187,0.742933,0.739873,0.758277,0.829952,0.671399,0.760988,0.747625,0.800602,0.842785,0.782383,0.840291,0.911726,0.703524,0.904357,0.78375,1,0.909824,0.905819,0.90164,0.923279,0.930484,0.84516,0.696301,0.777262,0.874696,0.745843,0.79376,0.758081,0.725737,0.770916,0.721218,0.876315,0.858129,0.829535,0.731642,0.664239,0.767578,0.787905,0.845095,0.835827,0.832115,0.817756,0.760616,0.707337,0.876854,0.890205,0.853866,0.783732,0.74317,0.889015,0.88949,0.869695,0.856919,0.785887,0.739924,0.811692,0.80584,0.793649,0.803109,0.838436,0.733967,0.81311,0.647354,0.6923838,0.844266,0.943914,0.780943,0.913011,0.897,0.905081,0.696327,0.764883,0.861837,0.577151,0.792236,0.6938493,0.755879,0.829776,0.691971,0.847072,0.785305,0.772813,0.904438,0.8394376,0.707705,0.834556,0.927241,0.710329,0.76827,0.788974,0.825291,0.686479,0.623286,0.790467,0.836982,0.787802,0.881175,0.79585
0.693022,0.865958,0.7568605,0.822775,0.816106,0.7051,0.721966,0.819044,0.680865,0.75735,0.875304,0.78413,0.816782,0.933345,0.710031,0.87671,0.700935,0.909824,1,0.830382,0.791214,0.921237,0.867394,0.819129,0.664077,0.762828,0.856329,0.812057,0.771299,0.676692,0.768973,0.773985,0.743018,0.892637,0.8076408,0.817882,0.704837,0.755558,0.875205,0.776682,0.809035,0.764117,0.842074,0.760219,0.782431,0.77178,0.819768,0.834539,0.84633,0.759146,0.684544,0.873998,0.931411,0.897591,0.85203,0.75043,0.812959,0.766768,0.727477,0.7296055,0.748698,0.82037,0.808162,0.881227,0.670577,0.712955,0.794061,0.933079,0.706982,0.86321,0.900791,0.840331,0.695606,0.71117,0.798425,0.656605,0.760734,0.7715695,0.740329,0.793723,0.67144,0.831585,0.813729,0.682798,0.873857,0.78523,0.719015,0.816036,0.872635,0.662096,0.6995694,0.735897,0.755554,0.733063,0.636023,0.766646,0.879866,0.772993,0.906698,0.732676
0.711867,0.81183,0.773322,0.764995,0.768536,0.805253,0.650085,0.792251,0.681944,0.80937,0.833055,0.8135,0.850711,0.85538,0.783057,0.858939,0.761767,0.905819,0.830382,1,0.872591,0.866948,0.841775,0.949112,0.7787,0.771874,0.921128,0.780766,0.760679,0.809454,0.729052,0.800702,0.673313,0.838009,0.946212,0.845702,0.763307,0.563765,0.798469,0.839945,0.855494,0.856862,0.773766,0.7687272,0.845453,0.863603,0.918055,0.919487,0.835677,0.765623,0.829687,0.932555,0.866863,0.814948,0.815915,0.827839,0.798792,0.789461,0.858828,0.773688,0.7577447,0.842244,0.721273,0.761594,0.727232,0.722571,0.817982,0.912492,0.702385,0.816197,0.890229,0.855638,0.768952,0.750272,0.871649,0.576062,0.756449,0.801987,0.790714,0.864951,0.645691,0.93446,0.910131,0.758625,0.952364,0.896236,0.6802,0.896094,0.8421241,0.737474,0.787023,0.802817,0.885842,0.716895,0.662433,0.765167,0.905192,0.7773702,0.863671,0.805815
0.67526,0.821142,0.751772,0.738805,0.80741,0.839356,0.694767,0.764676,0.766743,0.687372,0.84273,0.826813,0.901182,0.87199,0.790925,0.832907,0.830326,0.90164,0.791214,0.872591,1,0.768651,0.850253,0.847993,0.688169,0.73806,0.912446,0.743043,0.728673,0.865239,0.680868,0.754545,0.674765,0.771579,0.869339,0.676904,0.66261,0.589486,0.7375402,0.785027,0.794294,0.816622,0.759763,0.834046,0.750424,0.721099,0.826453,0.834739,0.834808,0.743661,0.733275,0.863427,0.813328,0.870957,0.815797,0.804147,0.774885,0.804158,0.852262,0.822856,0.839487,0.887052,0.769449,0.739528,0.769045,0.761438,0.801494,0.889933,0.753213,0.804372,0.815166,0.798461,0.853426,0.83441,0.84998,0.670409,0.835362,0.786016,0.6923047,0.802205,0.756633,0.79771,0.774493,0.840109,0.904961,0.895038,0.772611,0.844215,0.76038,0.770441,0.778736,0.791582,0.865424,0.723761,0.761708,0.820487,0.85152,0.77197,0.855178,0.869646
0.600911,0.820712,0.736034,0.759967,0.704136,0.694856,0.632619,0.785564,0.659291,0.855179,0.780714,0.754674,0.825681,0.88143,0.706906,0.87662,0.702137,0.923279,0.921237,0.866948,0.768651,1,0.84696,0.8100226,0.7334427,0.817302,0.833009,0.865663,0.764751,0.647661,0.771957,0.78708,0.736711,0.895002,0.87729,0.878443,0.720122,0.7013943,0.785071,0.755113,0.822232,0.846013,0.90531,0.7100843,0.848923,0.806937,0.879107,0.870996,0.773696,0.726192,0.762735,0.855248,0.870913,0.817816,0.833081,0.675821,0.776403,0.784275,0.788321,0.721432,0.771789,0.854903,0.789682,0.808461,0.641079,0.6239129,0.800372,0.906916,0.699218,0.877036,0.880353,0.887923,0.669613,0.709941,0.851316,0.58096,0.697973,0.760927,0.779696,0.815363,0.564012,0.873236,0.837733,0.6423901,0.862725,0.79007,0.642766,0.853246,0.904095,0.655091,0.704216,0.77788,0.793422,0.708353,0.5877831,0.681172,0.847697,0.7989,0.811369,0.7151781
0.633523,0.80867,0.754043,0.712639,0.728639,0.785641,0.736705,0.794671,0.679641,0.77593,0.786172,0.721538,0.815117,0.919292,0.719568,0.837097,0.803649,0.930484,0.867394,0.841775,0.850253,0.84696,1,0.852716,0.703057,0.759547,0.859265,0.749392,0.794974,0.804391,0.719557,0.733179,0.697294,0.769123,0.825017,0.700598,0.639202,0.686946,0.7165592,0.776591,0.757283,0.768447,0.843742,0.909969,0.786863,0.693644,0.755278,0.7807,0.833303,0.735585,0.728444,0.826318,0.79457,0.838697,0.851327,0.779258,0.772417,0.797278,0.733173,0.735224,0.760192,0.856688,0.803255,0.815861,0.690259,0.6821815,0.748047,0.884139,0.890759,0.917061,0.856773,0.899788,0.757155,0.77418,0.844688,0.693787,0.832316,0.74116,0.737714,0.810591,0.76076,0.780548,0.714734,0.8695,0.842552,0.843693,0.704692,0.763731,0.896879,0.705814,0.734287,0.771344,0.765834,0.674506,0.639657,0.818675,0.80559,0.848569,0.855733,0.773355
0.735926,0.791766,0.859845,0.814563,0.78385,0.814562,0.703432,0.867466,0.63853,0.759054,0.822748,0.798096,0.857639,0.849125,0.794365,0.832952,0.779724,0.84516,0.819129,0.949112,0.847993,0.8100226,0.852716,1,0.751706,0.7753,0.922808,0.772819,0.774782,0.827583,0.69581,0.797847,0.739356,0.797995,0.907293,0.851553,0.741284,0.609857,0.859553,0.859558,0.815538,0.829074,0.771112,0.804801,0.828943,0.825776,0.805793,0.810382,0.804928,0.728436,0.795299,0.871546,0.827164,0.839753,0.839057,0.799784,0.86786,0.80573,0.832855,0.722372,0.742934,0.840293,0.781302,0.805556,0.721007,0.707071,0.759198,0.884793,0.738743,0.868796,0.908445,0.847292,0.812754,0.82597,0.860872,0.583069,0.751776,0.848152,0.749315,0.834481,0.6503129,0.905874,0.853829,0.75348,0.91839,0.881604,0.657147,0.870971,0.86694,0.721281,0.754563,0.789295,0.847739,0.740076,0.683877,0.784042,0.899342,0.7141898,0.822621,0.805283
0.698227,0.762883,0.7875325,0.8291638,0.751047,0.73214,0.725646,0.7522075,0.732866,0.872733,0.7149563,0.7045409,0.750042,0.680297,0.765606,0.808085,0.727806,0.696301,0.664077,0.7787,0.688169,0.7334427,0.703057,0.751706,1,0.658604,0.784211,0.756867,0.60394,0.70881,0.798771,0.904212,0.71874,0.765761,0.76221,0.759466,0.741447,0.646909,0.767165,0.812608,0.823253,0.843244,0.710562,0.770294,0.830244,0.822902,0.760127,0.741185,0.794774,0.809923,0.8833,0.818202,0.745225,0.731757,0.7595,0.768815,0.810775,0.785221,0.824015,0.707471,0.860193,0.728674,0.824282,0.668489,0.826079,0.759567,0.724581,0.692695,0.717395,0.69344,0.672196,0.635759,0.868802,0.713806,0.682395,0.62141,0.780845,0.878033,0.864158,0.897654,0.648523,0.760305,0.820409,0.677828,0.793527,0.665387,0.659389,0.70807,0.653332,0.751393,0.775147,0.905911,0.798896,0.7258963,0.7097251,0.717497,0.722059,0.6451318,0.760552,0.798574
0.606133,0.805345,0.713925,0.721098,0.698532,0.751657,0.669584,0.746657,0.709328,0.736736,0.747784,0.73107,0.79608,0.7909406,0.744162,0.698783,0.754659,0.777262,0.762828,0.771874,0.73806,0.817302,0.759547,0.7753,0.658604,1,0.712007,0.741073,0.925932,0.784815,0.672115,0.738933,0.754408,0.814004,0.784043,0.791021,0.80939,0.643535,0.832667,0.6548443,0.823257,0.801472,0.917302,0.633859,0.713742,0.731418,0.749158,0.742691,0.705075,0.700767,0.641951,0.703681,0.752943,0.711683,0.681934,0.701219,0.759084,0.658459,0.720687,0.8028,0.751617,0.87187,0.653049,0.828627,0.653284,0.714123,0.793485,0.854397,0.840158,0.834933,0.842148,0.89084,0.652421,0.768006,0.8274574,0.693173,0.810412,0.663081,0.644495,0.703633,0.665825,0.7496643,0.707253,0.796639,0.6994383,0.710735,0.747969,0.780187,0.797727,0.756728,0.683139,0.701109,0.664663,0.668515,0.709694,0.709457,0.714036,0.797639,0.718978,0.789409
0.718805,0.830662,0.813529,0.823579,0.831205,0.856149,0.717491,0.813769,0.719404,0.769559,0.871386,0.77284,0.892124,0.875686,0.7497973,0.912591,0.772098,0.874696,0.856329,0.921128,0.912446,0.833009,0.859265,0.922808,0.784211,0.712007,1,0.822737,0.702741,0.802559,0.700424,0.812408,0.72682,0.820305,0.92094,0.819714,0.721401,0.681329,0.823974,0.866655,0.849152,0.859917,0.763099,0.836254,0.805546,0.814783,0.84867,0.828347,0.878326,0.796675,0.817683,0.908851,0.914835,0.853842,0.897368,0.821866,0.819538,0.844256,0.867696,0.805083,0.829803,0.869201,0.779185,0.792613,0.71037,0.725703,0.848094,0.916567,0.718106,0.834608,0.885955,0.821787,0.803613,0.809737,0.834083,0.507164,0.781563,0.860192,0.7564925,0.853961,0.724543,0.907597,0.866172,0.754652,0.966977,0.89802,0.753612,0.880575,0.833168,0.744498,0.828363,0.834419,0.913933,0.748402,0.691972,0.832331,0.94644,0.742114,0.877031,0.86578
0.661867,0.663479,0.772186,0.763617,0.718076,0.735851,0.690509,0.756465,0.651604,0.750599,0.758562,0.678686,0.856874,0.738234,0.774086,0.767301,0.762454,0.745843,0.812057,0.780766,0.743043,0.865663,0.749392,0.772819,0.756867,0.741073,0.822737,1,0.652924,0.68142,0.655805,0.816557,0.666264,0.78836,0.913147,0.742104,0.552036,0.776291,0.790162,0.713647,0.770188,0.762706,0.860013,0.701748,0.845233,0.82966,0.758495,0.720573,0.778121,0.681298,0.75559,0.7567035,0.828967,0.65194,0.816447,0.754119,0.805285,0.736335,0.707831,0.762627,0.749726,0.813217,0.761705,0.735739,0.648586,0.666252,0.802641,0.786417,0.69041,0.779488,0.779383,0.824656,0.746984,0.716352,0.715432,0.649026,0.684427,0.80068,0.678775,0.80398,0.6150501,0.833333,0.798805,0.713109,0.841513,0.839818,0.722231,0.925598,0.75434,0.762922,0.715617,0.727794,0.788055,0.702492,0.707318,0.751057,0.859285,0.742185,0.738294,0.836125
0.678278,0.7743,0.66519,0.693855,0.659665,0.750673,0.666896,0.686946,0.699757,0.652805,0.747503,0.693406,0.726437,0.775764,0.759995,0.680424,0.746253,0.79376,0.771299,0.760679,0.728673,0.764751,0.794974,0.774782,0.60394,0.925932,0.702741,0.652924,1,0.760333,0.648711,0.742217,0.701895,0.837341,0.703009,0.804426,0.787233,0.598758,0.868763,0.710836,0.757286,0.7300033,0.862925,0.657364,0.624445,0.629294,0.673403,0.699501,0.748635,0.65822,0.5850797,0.705189,0.774113,0.712591,0.6702368,0.777385,0.71585,0.583693,0.651167,0.753805,0.662424,0.797806,0.625686,0.810692,0.629527,0.752747,0.726597,0.857721,0.837925,0.850161,0.902766,0.858283,0.64259,0.715319,0.7890243,0.677883,0.842487,0.64993,0.541005,0.664657,0.6051674,0.772787,0.63926,0.832075,0.698167,0.718039,0.754737,0.714716,0.84535,0.730784,0.672914,0.622879,0.677374,0.571432,0.655562,0.683917,0.715636,0.716262,0.786506,0.738431
0.668078,0.705462,0.773164,0.728455,0.731188,0.811709,0.718469,0.753588,0.678218,0.640561,0.753184,0.73176,0.798932,0.760258,0.719695,0.696945,0.897832,0.758081,0.676692,0.809454,0.865239,0.647661,0.804391,0.827583,0.70881,0.784815,0.802559,0.68142,0.760333,1,0.65602,0.743981,0.720241,0.653309,0.807262,0.638162,0.744031,0.605832,0.770135,0.748288,0.70687,0.694496,0.730804,0.824729,0.729756,0.707059,0.7243353,0.7352528,0.731799,0.6940863,0.71611,0.757444,0.725611,0.6909397,0.726092,0.834,0.771509,0.677695,0.69917,0.80448,0.665736,0.805,0.724763,0.738611,0.815853,0.792586,0.727226,0.790521,0.860065,0.760505,0.735497,0.760155,0.836051,0.833534,0.753774,0.681628,0.831071,0.755775,0.674385,0.738749,0.785182,0.745912,0.716125,0.884633,0.774679,0.819392,0.783265,0.770458,0.710569,0.7235548,0.710938,0.724677,0.69322,0.650561,0.711312,0.823399,0.77862,0.6828956,0.762978,0.837187
0.658177,0.816405,0.699809,0.765901,0.714745,0.622607,0.669745,0.700769,0.675838,0.756484,0.708322,0.729502,0.668398,0.789117,0.664369,0.765764,0.700277,0.725737,0.768973,0.729052,0.680868,0.771957,0.719557,0.69581,0.798771,0.672115,0.700424,0.655805,0.648711,0.65602,1,0.756665,0.81121,0.730407,0.676292,0.6828089,0.75806,0.829012,0.711908,0.711717,0.775305,0.799395,0.746133,0.690375,0.795099,0.819099,0.809994,0.780036,0.717571,0.753586,0.84676,0.823698,0.7457,0.793216,0.606679,0.640948,0.738672,0.675138,0.757555,0.712661,0.793624,0.727561,0.823837,0.81006,0.768992,0.740307,0.744641,0.736923,0.74519,0.654434,0.672185,0.660237,0.788526,0.713224,0.690144,0.58925,0.834684,0.79755,0.84683,0.876007,0.5867179,0.6730389,0.855018,0.667998,0.708174,0.562766,0.693592,0.607849,0.681515,0.6162848,0.687175,0.862576,0.715409,0.672354,0.727584,0.641739,0.698484,0.748338,0.765909,0.765339
0.69052,0.724298,0.861172,0.93195,0.773551,0.767515,0.762308,0.785695,0.752201,0.749083,0.80032,0.758994,0.785738,0.751886,0.814283,0.755764,0.722373,0.770916,0.773985,0.800702,0.754545,0.78708,0.733179,0.797847,0.904212,0.738933,0.812408,0.816557,0.742217,0.743981,0.756665,1,0.800838,0.836247,0.791831,0.775174,0.718347,0.603811,0.845051,0.7291727,0.8505,0.800191,0.808627,0.677689,0.751422,0.764215,0.731751,0.720156,0.855145,0.761617,0.757665,0.818848,0.830623,0.756015,0.761438,0.851917,0.85995,0.682977,0.709882,0.729314,0.83667,0.787242,0.7464966,0.721181,0.806562,0.840055,0.775957,0.786224,0.747441,0.7241779,0.785765,0.680199,0.835012,0.739722,0.715887,0.666193,0.850932,0.843267,0.781044,0.902919,0.6700603,0.782399,0.755852,0.711612,0.831022,0.739518,0.703079,0.789758,0.702545,0.818642,0.7097821,0.795236,0.786445,0.724522,0.745919,0.76183,0.776255,0.691574,0.857206,0.814716
0.733105,0.741727,0.868914,0.843665,0.715887,0.76744,0.654163,0.737786,0.672008,0.677026,0.743693,0.7080711,0.776847,0.772695,0.632263,0.653369,0.723619,0.721218,0.743018,0.673313,0.674765,0.736711,0.697294,0.739356,0.71874,0.754408,0.72682,0.666264,0.701895,0.720241,0.81121,0.800838,1,0.705138,0.6407137,0.711262,0.760405,0.784406,0.771182,0.686515,0.760192,0.789852,0.755641,0.688235,0.652471,0.660751,0.649813,0.6400824,0.706262,0.669377,0.752514,0.699935,0.745902,0.752119,0.724238,0.703139,0.751391,0.721781,0.705062,0.786471,0.808993,0.778771,0.711252,0.75711,0.694939,0.762532,0.825422,0.754647,0.745617,0.760192,0.725573,0.69494,0.71096,0.861292,0.742314,0.577367,0.835118,0.751568,0.708364,0.770289,0.69537,0.665886,0.674314,0.626413,0.717498,0.645957,0.725835,0.69969,0.701311,0.700918,0.679535,0.793127,0.669051,0.791743,0.724028,0.71182,0.712337,0.682596,0.70616,0.781911
0.702778,0.868768,0.699709,0.802793,0.760779,0.718018,0.759542,0.773185,0.803561,0.796668,0.787298,0.675692,0.797497,0.799195,0.67763,0.878503,0.694841,0.876315,0.892637,0.838009,0.771579,0.895002,0.769123,0.797995,0.765761,0.814004,0.820305,0.78836,0.837341,0.653309,0.730407,0.836247,0.705138,1,0.794568,0.895237,0.779243,0.638553,0.886659,0.787678,0.8131,0.775101,0.851532,0.644346,0.691528,0.724107,0.827632,0.860163,0.789542,0.70934,0.687676,0.806012,0.86785,0.837017,0.778334,0.758954,0.810356,0.708946,0.720645,0.745639,0.749391,0.823559,0.76368,0.806896,0.618216,0.657745,0.768886,0.894671,0.702255,0.848926,0.892157,0.825655,0.691236,0.66388,0.75746,0.594396,0.725876,0.793462,0.690579,0.741637,0.564721,0.833526,0.774515,0.702719,0.838977,0.785486,0.627608,0.776808,0.854935,0.689387,0.713381,0.753353,0.809446,0.620965,0.651112,0.6626435,0.800258,0.671022,0.814193,0.7627052
0.664831,0.752791,0.775055,0.750832,0.746682,0.77638,0.675788,0.781936,0.644181,0.820994,0.817735,0.8093,0.910121,0.851425,0.80223,0.853846,0.759038,0.858129,0.8076408,0.946212,0.869339,0.87729,0.825017,0.907293,0.76221,0.784043,0.92094,0.913147,0.703009,0.807262,0.676292,0.791831,0.6407137,0.794568,1,0.814526,0.679065,0.672433,0.794851,0.786425,0.822794,0.826581,0.829374,0.771573,0.890608,0.892086,0.908705,0.882066,0.794849,0.7302,0.788584,0.893393,0.85138,0.759207,0.837151,0.766165,0.807071,0.77751,0.837155,0.771667,0.768738,0.886945,0.730496,0.747688,0.718302,0.693983,0.808584,0.878881,0.684348,0.814715,0.854427,0.867516,0.753765,0.745583,0.845835,0.593023,0.724798,0.776899,0.767283,0.843305,0.650863,0.909532,0.903736,0.7366394,0.945338,0.915499,0.720413,0.951809,0.824197,0.718464,0.770923,0.790265,0.87309,0.756727,0.667635,0.773603,0.936066,0.7939176,0.809713,0.822597
0.631972,0.785564,0.770957,0.76477,0.737685,0.797589,0.641148,0.732656,0.625079,0.805505,0.730129,0.711181,0.722388,0.722546,0.694609,0.874342,0.696141,0.829535,0.817882,0.845702,0.676904,0.878443,0.700598,0.851553,0.759466,0.791021,0.819714,0.742104,0.804426,0.638162,0.6828089,0.775174,0.711262,0.895237,0.814526,1,0.857443,0.632584,0.831812,0.834844,0.811294,0.806133,0.786342,0.648844,0.762278,0.768489,0.77679,0.786765,0.704747,0.736669,0.768893,0.768835,0.841788,0.736745,0.835042,0.707861,0.757268,0.722,0.764684,0.661811,0.690064,0.715367,0.721312,0.78807,0.594668,0.668121,0.75722,0.831352,0.605892,0.841763,0.875999,0.792993,0.680965,0.6929139,0.755554,0.467074,0.619672,0.814276,0.727696,0.696535,0.5196271,0.904084,0.818424,0.625091,0.842093,0.779656,0.567024,0.781453,0.892418,0.616719,0.764524,0.717577,0.799288,0.6854,0.587107,0.685939,0.809205,0.6002751,0.713955,0.721411
0.732876,0.848063,0.753634,0.709895,0.786349,0.822908,0.739764,0.724935,0.685069,0.777704,0.740811,0.738836,0.696963,0.729945,0.645281,0.752334,0.730518,0.731642,0.704837,0.763307,0.66261,0.720122,0.639202,0.741284,0.741447,0.80939,0.721401,0.552036,0.787233,0.744031,0.75806,0.718347,0.760405,0.779243,0.679065,0.857443,1,0.639288,0.849111,0.769756,0.853058,0.793877,0.724707,0.754074,0.714921,0.736183,0.795556,0.785986,0.73274,0.830664,0.808909,0.753828,0.748451,0.750976,0.719203,0.740029,0.737578,0.74593,0.811587,0.812193,0.758536,0.705899,0.671359,0.812668,0.715912,0.756857,0.772566,0.743548,0.66964,0.726094,0.727257,0.701273,0.698738,0.762624,0.728002,0.489711,0.760502,0.718406,0.793928,0.734459,0.753233,0.76901,0.786003,0.736759,0.730741,0.653325,0.755703,0.648204,0.739107,0.692407,0.853301,0.805751,0.736716,0.790449,0.761086,0.774308,0.726991,0.61382,0.71612,0.768435
0.677315,0.709073,0.659504,0.65302,0.65557,0.603261,0.6045213,0.631885,0.5072521,0.726101,0.6632858,0.584951,0.661259,0.729193,0.546423,0.732493,0.664648,0.664239,0.755558,0.563765,0.589486,0.7013943,0.686946,0.609857,0.646909,0.643535,0.681329,0.776291,0.598758,0.605832,0.829012,0.603811,0.784406,0.638553,0.672433,0.632584,0.639288,1,0.680709,0.685646,0.649481,0.617906,0.730983,0.690651,0.750213,0.721497,0.692606,0.668039,0.5783233,0.63926,0.752225,0.665712,0.753443,0.652564,0.677922,0.628942,0.64008,0.6435747,0.605224,0.682742,0.648647,0.617389,0.691188,0.755802,0.6076681,0.6269327,0.705375,0.698943,0.662411,0.694978,0.681498,0.702799,0.618683,0.656417,0.5225796,0.584134,0.721964,0.69848,0.752666,0.701125,0.66288,0.6390498,0.724725,0.638673,0.618427,0.679005,0.670182,0.648245,0.669544,0.577409,0.680513,0.711694,0.614687,0.654245,0.595201,0.691794,0.770309,0.666426,0.639649,0.736997
0.762592,0.839237,0.830358,0.878973,0.844191,0.779799,0.792275,0.840662,0.728907,0.693797,0.840092,0.737751,0.804832,0.812912,0.7492682,0.789942,0.745598,0.767578,0.875205,0.798469,0.7375402,0.785071,0.7165592,0.859553,0.767165,0.832667,0.823974,0.790162,0.868763,0.770135,0.711908,0.845051,0.771182,0.886659,0.794851,0.831812,0.849111,0.680709,1,0.808726,0.819523,0.758971,0.83868,0.704153,0.725879,0.77802,0.722496,0.736993,0.816447,0.708927,0.735976,0.785038,0.888251,0.811112,0.773689,0.818187,0.888079,0.73522,0.731249,0.79356,0.739109,0.812795,0.7171158,0.855569,0.720621,0.794126,0.781473,0.882957,0.7274,0.790277,0.895735,0.762241,0.787169,0.750423,0.7148188,0.609915,0.818451,0.834869,0.677684,0.757737,0.686,0.812573,0.776604,0.754639,0.799906,0.786295,0.744498,0.791509,0.772625,0.734394,0.7849,0.758389,0.760284,0.724651,0.759123,0.779799,0.857163,0.673808,0.852543,0.834391
0.800184,0.76336,0.728651,0.783287,0.761358,0.780239,0.667086,0.697686,0.705877,0.740068,0.767475,0.744787,0.770068,0.7835742,0.786234,0.87588,0.733073,0.787905,0.776682,0.839945,0.785027,0.755113,0.776591,0.859558,0.812608,0.6548443,0.866655,0.713647,0.710836,0.748288,0.711717,0.7291727,0.686515,0.787678,0.786425,0.834844,0.769756,0.685646,0.808726,1,0.730768,0.844211,0.712438,0.815222,0.738776,0.761062,0.802114,0.809477,0.771626,0.750624,0.878297,0.828355,0.813642,0.745929,0.777356,0.770647,0.737943,0.798226,0.88042,0.70771,0.770738,0.76097,0.767537,0.741358,0.659099,0.726553,0.741581,0.830715,0.652418,0.72162,0.83422,0.744144,0.783361,0.732027,0.773778,0.552128,0.737468,0.853843,0.7167819,0.736832,0.638632,0.851022,0.834767,0.71925,0.814812,0.806602,0.662864,0.755806,0.772565,0.717465,0.819656,0.821393,0.884494,0.684898,0.629582,0.769216,0.873782,0.652459,0.775966,0.792142
0.699172,0.891406,0.805784,0.794204,0.827197,0.833115,0.733267,0.802407,0.687431,0.856734,0.874073,0.789347,0.766873,0.803531,0.7219617,0.861954,0.751607,0.845095,0.809035,0.855494,0.794294,0.822232,0.757283,0.815538,0.823253,0.823257,0.849152,0.770188,0.757286,0.70687,0.775305,0.8505,0.760192,0.8131,0.822794,0.811294,0.853058,0.649481,0.819523,0.730768,1,0.894187,0.814803,0.707056,0.825891,0.837502,0.844229,0.812618,0.859713,0.877989,0.819905,0.866456,0.861825,0.799895,0.805737,0.807836,0.82028,0.777887,0.831702,0.834269,0.890089,0.7523338,0.711117,0.812771,0.724847,0.741906,0.874635,0.833456,0.690416,0.807712,0.779511,0.800349,0.714019,0.769607,0.814972,0.616531,0.784233,0.769155,0.878106,0.898132,0.754567,0.899078,0.870639,0.697311,0.86228,0.779671,0.718787,0.799116,0.803433,0.840966,0.80936,0.849006,0.782643,0.812789,0.788456,0.81226,0.828798,0.826246,0.849629,0.862184
0.72591,0.854093,0.766753,0.8074,0.747504,0.802126,0.643587,0.751026,0.69518,0.82268,0.832958,0.76394,0.813996,0.828151,0.783292,0.81262,0.712006,0.835827,0.764117,0.856862,0.816622,0.846013,0.768447,0.829074,0.843244,0.801472,0.859917,0.762706,0.7300033,0.694496,0.799395,0.800191,0.789852,0.775101,0.826581,0.806133,0.793877,0.617906,0.758971,0.844211,0.894187,1,0.834288,0.709307,0.757937,0.781496,0.845392,0.808809,0.843653,0.833019,0.856472,0.837108,0.805757,0.811651,0.785001,0.734476,0.773935,0.803874,0.926065,0.7974743,0.947705,0.862934,0.7013127,0.734413,0.5971339,0.660122,0.870417,0.846872,0.707035,0.769195,0.79804,0.765784,0.6871973,0.796154,0.89378,0.59103,0.764022,0.7686201,0.792446,0.862216,0.64706,0.857469,0.855716,0.6346402,0.845324,0.733448,0.684747,0.808766,0.749495,0.820094,0.7942,0.901888,0.885817,0.739763,0.714152,0.74923,0.807669,0.826056,0.816729,0.867891
0.651005,0.762786,0.734338,0.791426,0.674478,0.669379,0.720133,0.792392,0.681513,0.807528,0.7553977,0.716131,0.81836,0.823882,0.822379,0.7436144,0.785069,0.832115,0.842074,0.773766,0.759763,0.90531,0.843742,0.771112,0.710562,0.917302,0.763099,0.860013,0.862925,0.730804,0.746133,0.808627,0.755641,0.851532,0.829374,0.786342,0.724707,0.730983,0.83868,0.712438,0.814803,0.834288,1,0.711562,0.822042,0.776659,0.745379,0.732872,0.757601,0.6493722,0.690152,0.72449,0.776543,0.75784,0.73251,0.698469,0.793667,0.682139,0.728853,0.781597,0.786651,0.863966,0.763211,0.807261,0.687287,0.692253,0.787546,0.869172,0.828778,0.87544,0.86325,0.884187,0.703567,0.737034,0.831088,0.679078,0.816074,0.721133,0.6625423,0.79593,0.670204,0.790704,0.726998,0.75059,0.751718,0.766185,0.711458,0.812101,0.823273,0.778403,0.667726,0.779667,0.7051836,0.6719038,0.721558,0.708165,0.777768,0.812983,0.78018,0.813825
0.718186,0.765405,0.75935,0.66913,0.782221,0.815295,0.716228,0.76987,0.650804,0.765808,0.792828,0.749733,0.848814,0.830081,0.690862,0.803664,0.836189,0.817756,0.760219,0.7687272,0.834046,0.7100843,0.909969,0.804801,0.770294,0.633859,0.836254,0.701748,0.657364,0.824729,0.690375,0.677689,0.688235,0.644346,0.771573,0.648844,0.754074,0.690651,0.704153,0.815222,0.707056,0.709307,0.711562,1,0.806302,0.734207,0.783318,0.806084,0.785671,0.793356,0.859845,0.803425,0.726531,0.781023,0.814834,0.758492,0.763553,0.87224,0.803546,0.793893,0.765416,0.827432,0.819177,0.768052,0.744181,0.6674397,0.70988,0.757734,0.807564,0.810009,0.6910475,0.79024,0.827268,0.846845,0.76867,0.679657,0.778696,0.773116,0.840862,0.788588,0.868084,0.714989,0.76758,0.873137,0.814794,0.818412,0.797735,0.736187,0.784388,0.655633,0.832673,0.843616,0.751538,0.759772,0.740676,0.886161,0.818001,0.750688,0.759038,0.765235
0.629807,0.730556,0.790931,0.735661,0.770796,0.652254,0.6825936,0.8193,0.546079,0.882655,0.7897,0.818202,0.843018,0.771855,0.81543,0.789764,0.804157,0.760616,0.782431,0.845453,0.750424,0.848923,0.786863,0.828943,0.830244,0.713742,0.805546,0.845233,0.624445,0.729756,0.795099,0.751422,0.652471,0.691528,0.890608,0.762278,0.714921,0.750213,0.725879,0.738776,0.825891,0.757937,0.822042,0.806302,1,0.965809,0.849124,0.811946,0.733628,0.752288,0.869029,0.824939,0.740889,0.779666,0.755146,0.669143,0.821148,0.733522,0.776987,0.664743,0.716879,0.786575,0.833679,0.771901,0.792552,0.699773,0.719022,0.760109,0.695166,0.794101,0.729357,0.810918,0.827652,0.776595,0.753351,0.653163,0.716497,0.799433,0.902852,0.881169,0.6841609,0.838583,0.921953,0.74568,0.832409,0.830292,0.677795,0.851555,0.77938,0.668381,0.685012,0.842106,0.715533,0.813886,0.765036,0.746378,0.859155,0.79552,0.726673,0.750675
