0,1,2,3,4,5,6,7,8,9,10,11,12,13,14,15,16,17,18,19,20,21,22,23,24,25,26,27,28,29,30,31,32,33,34,35,36,37,38,39,40,41,42,43,44,45,46,47,48,49,50,51,52,53,54,55,56,57,58,59,60,61,62,63,64,65,66,67,68,69,70,71,72,73,74,75,76,77,78,79,80,81,82,83,84,85,86,87,88,89,90,91,92,93,94,95,96,97,98,99
1.0,0.784487,0.6726502,0.7161604,0.665216,0.779736,0.740368,0.749403,0.617019,0.774719,0.741763,0.85377,0.847024,0.748381,0.762546,0.693894,0.822491,0.792727,0.728167,0.797849,0.826441,0.804459,0.782125,0.794178,0.734147,0.874844,0.8327,0.692589,0.719866,0.793228,0.833896,0.789557,0.827467,0.768205,0.843534,0.766956,0.655978,0.838876,0.825638,0.640557,0.826137,0.627721,0.750202,0.7527041,0.860009,0.714915,0.80981,0.781174,0.833457,0.750782,0.859121,0.807293,0.635038,0.704842,0.773445,0.709167,0.735256,0.688168,0.715225,0.752534,0.645147,0.727961,0.748548,0.748202,0.740203,0.6463588,0.733334,0.686345,0.687171,0.74108,0.706935,0.717531,0.708795,0.679636,0.753118,0.708625,0.772829,0.764163,0.830291,0.650261,0.688456,0.735179,0.7327803,0.721337,0.6864,0.674725,0.707544,0.7274041,0.752952,0.724668,0.682072,0.677059,0.679714,0.69045,0.752334,0.753006,0.771023,0.696959,0.808807,0.73694
0.784487,1.0,0.736637,0.7239716,0.857288,0.746566,0.6800133,0.78572,0.864403,0.761649,0.750898,0.654702,0.610226,0.737843,0.760926,0.906959,0.797415,0.874927,0.851299,0.800817,0.754293,0.751733,0.737123,0.765512,0.805119,0.654303,0.772647,0.640725,0.757287,0.69535,0.71077,0.803044,0.84076,0.75848,0.842447,0.71099,0.6508819,0.808567,0.765998,0.697765,0.65118,0.629812,0.664328,0.732109,0.68955,0.601861,0.754285,0.728789,0.656104,0.628993,0.740586,0.949848,0.872066,0.709758,0.794963,0.717375,0.772,0.796827,0.901548,0.741741,0.676595,0.700032,0.785005,0.6911161,0.691366,0.650706,0.710676,0.670238,0.801994,0.852993,0.780215,0.77017,0.620585,0.703871,0.72466,0.6248663,0.707036,0.647501,0.804469,0.770576,0.682769,0.657815,0.640452,0.777706,0.695395,0.693821,0.587424,0.646436,0.671485,0.631011,0.79,0.856863,0.784777,0.812903,0.661668,0.678602,0.687823,0.730696,0.683836,0.619645
0.6726502,0.736637,1.0,0.752483,0.699729,0.745815,0.720126,0.644006,0.667908,0.790495,0.728605,0.707399,0.739901,0.842145,0.806755,0.6292844,0.730088,0.674249,0.722518,0.629245,0.770091,0.801438,0.802859,0.748555,0.786228,0.661213,0.679243,0.632088,0.730927,0.748195,0.662183,0.677637,0.765169,0.747769,0.706567,0.614387,0.777411,0.750425,0.804867,0.738575,0.706038,0.784875,0.734931,0.676382,0.608563,0.677799,0.691027,0.69633,0.642983,0.678419,0.654106,0.787076,0.669674,0.71261,0.741698,0.75393,0.634938,0.5727979,0.744832,0.782525,0.770233,0.762733,0.73694,0.709453,0.716126,0.700547,0.624157,0.705683,0.838787,0.772891,0.778567,0.834749,0.680875,0.591056,0.847787,0.667088,0.788154,0.665802,0.6419218,0.788201,0.829193,0.699738,0.594496,0.784746,0.664861,0.811127,0.745443,0.692159,0.729169,0.752661,0.675301,0.664764,0.734533,0.812727,0.600275,0.554592,0.579875,0.648283,0.706379,0.64922
0.7161604,0.7239716,0.752483,1.0,0.84657,0.786154,0.730994,0.883226,0.766023,0.733769,0.759158,0.699636,0.70472,0.843923,0.760586,0.793958,0.716509,0.67067,0.685255,0.617298,0.731926,0.791667,0.780657,0.768232,0.753055,0.754861,0.760488,0.770862,0.750619,0.738568,0.792784,0.834397,0.843442,0.641148,0.805881,0.753323,0.842117,0.76822,0.734907,0.70719,0.671803,0.827814,0.694442,0.829283,0.787286,0.744238,0.7424667,0.6743045,0.781698,0.723961,0.666112,0.7945009,0.74728,0.932465,0.826096,0.840227,0.810275,0.85132,0.776591,0.661623,0.777223,0.771322,0.83361,0.6693924,0.679957,0.737701,0.67805,0.663631,0.796447,0.704979,0.714456,0.743986,0.72849,0.573295,0.727232,0.748228,0.895445,0.769363,0.837233,0.720732,0.824101,0.72676,0.788158,0.818172,0.77635,0.860809,0.834926,0.761123,0.7776,0.802849,0.837197,0.798367,0.675573,0.834289,0.739222,0.809023,0.775741,0.848603,0.771183,0.706482
0.665216,0.857288,0.699729,0.84657,1.0,0.786308,0.850575,0.920006,0.859252,0.662332,0.619266,0.583718,0.602019,0.74876,0.713967,0.944055,0.676937,0.808738,0.77955,0.719935,0.665942,0.739308,0.720744,0.780728,0.652987,0.622804,0.711318,0.691395,0.743646,0.62946,0.736599,0.871956,0.853672,0.700007,0.809426,0.773136,0.781249,0.699494,0.665387,0.808034,0.625131,0.711104,0.621084,0.708573,0.709435,0.613204,0.702623,0.668723,0.687762,0.701148,0.623345,0.814287,0.896247,0.877213,0.848296,0.751844,0.827186,0.881328,0.786449,0.517005,0.6252308,0.713111,0.797383,0.617047,0.6032472,0.628992,0.759556,0.613868,0.736577,0.760126,0.663498,0.695661,0.6085224,0.689506,0.607861,0.6618242,0.732144,0.631397,0.780815,0.765032,0.700912,0.68474,0.771977,0.729566,0.706726,0.735748,0.692249,0.733254,0.70563,0.740604,0.807064,0.808931,0.774445,0.883698,0.676623,0.739825,0.755291,0.777514,0.615636,0.713312
0.779736,0.746566,0.745815,0.786154,0.786308,1.0,0.88637,0.750464,0.761764,0.705705,0.687409,0.772074,0.749284,0.753644,0.831158,0.821054,0.757384,0.754452,0.75216,0.7582252,0.77647,0.722894,0.801756,0.690445,0.758198,0.726002,0.815774,0.678411,0.773779,0.630171,0.721963,0.806056,0.756563,0.569729,0.693062,0.803029,0.668533,0.858171,0.778669,0.7957681,0.644045,0.66597,0.6134454,0.6629253,0.718071,0.662915,0.726335,0.821035,0.806423,0.620588,0.731187,0.7604559,0.781799,0.777135,0.929195,0.846072,0.760306,0.673653,0.740163,0.786205,0.734281,0.779117,0.771882,0.6632211,0.729645,0.772675,0.805938,0.759918,0.7118403,0.801613,0.836845,0.642797,0.66677,0.728905,0.750348,0.774056,0.791985,0.662565,0.805072,0.769079,0.736466,0.736161,0.753348,0.78114,0.760386,0.716578,0.638125,0.788114,0.814186,0.739581,0.801514,0.724597,0.821021,0.77488,0.694266,0.697034,0.748127,0.746875,0.715028,0.606949
0.740368,0.6800133,0.720126,0.730994,0.850575,0.88637,1.0,0.813255,0.779325,0.666866,0.621892,0.733105,0.685571,0.715394,0.727976,0.801644,0.705405,0.789087,0.736332,0.753812,0.701905,0.736384,0.768083,0.774225,0.674176,0.658026,0.735465,0.635449,0.636577,0.602085,0.687599,0.841249,0.756075,0.5677198,0.705498,0.677556,0.661371,0.779349,0.708579,0.901824,0.600012,0.634388,0.5987907,0.680375,0.717198,0.631334,0.6704701,0.786452,0.720726,0.644412,0.617929,0.70307,0.780952,0.803132,0.901476,0.706213,0.76829,0.728611,0.71168,0.674617,0.640181,0.711823,0.768876,0.618652,0.678261,0.645826,0.791732,0.669564,0.639068,0.726254,0.734011,0.605082,0.547428,0.723207,0.701593,0.70714,0.671114,0.575304,0.726704,0.710468,0.609567,0.61243,0.752113,0.723098,0.679811,0.622415,0.58354,0.794392,0.686759,0.667522,0.711197,0.68944,0.810331,0.732905,0.624286,0.706699,0.742199,0.61612,0.608482,0.621188
0.749403,0.78572,0.644006,0.883226,0.920006,0.750464,0.813255,1.0,0.860381,0.761919,0.748697,0.765538,0.728583,0.738327,0.692231,0.904917,0.755804,0.865689,0.741428,0.7285349,0.722565,0.780765,0.76794,0.86653,0.716958,0.786552,0.789386,0.765715,0.666402,0.711426,0.771206,0.895639,0.868346,0.712312,0.901592,0.715305,0.782759,0.768289,0.705608,0.743869,0.6738,0.767848,0.622868,0.852067,0.765697,0.720839,0.748644,0.663332,0.684641,0.697127,0.5738476,0.83602,0.878853,0.93748,0.835882,0.743072,0.955755,0.953851,0.750115,0.615606,0.729203,0.739643,0.827267,0.6401777,0.648627,0.683902,0.793454,0.6628076,0.780984,0.77914,0.716912,0.737967,0.719264,0.679604,0.722145,0.786012,0.799795,0.758827,0.809752,0.81279,0.675265,0.648481,0.80081,0.700156,0.712887,0.726702,0.75747,0.804649,0.676979,0.705796,0.815224,0.808753,0.748402,0.766416,0.721873,0.825182,0.829454,0.71955,0.669956,0.712534
0.617019,0.864403,0.667908,0.766023,0.859252,0.761764,0.779325,0.860381,1.0,0.707704,0.718107,0.7036959,0.626784,0.708735,0.667031,0.880952,0.773939,0.834996,0.83297,0.727815,0.656037,0.669255,0.702379,0.785915,0.696607,0.668249,0.653303,0.668493,0.655639,0.601529,0.69407,0.76037,0.700766,0.686315,0.770781,0.708017,0.78549,0.6250409,0.589219,0.756418,0.590335,0.63492,0.582967,0.792894,0.716582,0.632814,0.605214,0.5896098,0.5153806,0.616846,0.626449,0.829782,0.863261,0.824915,0.819155,0.654276,0.84881,0.931493,0.897797,0.708213,0.702187,0.761425,0.825964,0.703333,0.627933,0.639721,0.790466,0.727125,0.724711,0.781719,0.69894,0.644382,0.602961,0.6117798,0.694522,0.771305,0.684459,0.661966,0.716891,0.77297,0.568859,0.696619,0.819446,0.73197,0.5990539,0.689295,0.653553,0.731033,0.665937,0.679184,0.784501,0.842827,0.684847,0.827223,0.7068891,0.835617,0.815339,0.732851,0.566694,0.60736
0.774719,0.761649,0.790495,0.733769,0.662332,0.705705,0.666866,0.761919,0.707704,1.0,0.898811,0.835772,0.7330085,0.783965,0.836798,0.713903,0.843198,0.714374,0.790389,0.66218,0.855032,0.776872,0.7618965,0.897713,0.908419,0.775998,0.815945,0.699363,0.73595,0.845415,0.759412,0.733042,0.802883,0.728792,0.806739,0.650094,0.68833,0.8525,0.823855,0.619901,0.732466,0.754755,0.683124,0.739296,0.693945,0.698594,0.758515,0.704659,0.601351,0.731257,0.689537,0.843217,0.688009,0.710774,0.753936,0.778768,0.754172,0.742641,0.797617,0.859401,0.846884,0.774642,0.833564,0.814098,0.697838,0.805071,0.674243,0.722668,0.873854,0.777604,0.887851,0.843516,0.725836,0.613654,0.908764,0.768786,0.764658,0.780215,0.675304,0.771578,0.763214,0.71122,0.635636,0.772388,0.746061,0.7080891,0.677522,0.666832,0.6767326,0.692252,0.747979,0.706334,0.754832,0.734187,0.662736,0.675084,0.713138,0.635477,0.77085,0.669979
0.741763,0.750898,0.728605,0.759158,0.619266,0.687409,0.621892,0.748697,0.718107,0.898811,1.0,0.792244,0.772711,0.815879,0.836902,0.672266,0.799981,0.695081,0.704424,0.676362,0.826455,0.754673,0.782627,0.826584,0.969358,0.79376,0.858207,0.753666,0.744406,0.859052,0.787881,0.6865,0.768828,0.736712,0.833359,0.681018,0.746022,0.875973,0.855157,0.615999,0.708886,0.809715,0.779519,0.80829,0.774892,0.800507,0.821148,0.751253,0.6797318,0.723012,0.715014,0.760621,0.6785917,0.754042,0.669743,0.772935,0.750859,0.788866,0.829134,0.827818,0.927855,0.799982,0.821371,0.788405,0.696879,0.860061,0.68041,0.7355653,0.871005,0.725588,0.900435,0.780243,0.801885,0.709988,0.929142,0.831688,0.794843,0.859901,0.802302,0.731195,0.763352,0.720704,0.726938,0.800892,0.814716,0.761103,0.723332,0.773545,0.726931,0.692884,0.820181,0.798964,0.785197,0.714351,0.725971,0.777052,0.80435,0.682455,0.838343,0.692958
0.85377,0.654702,0.707399,0.699636,0.583718,0.772074,0.733105,0.765538,0.7036959,0.835772,0.792244,1.0,0.865413,0.761086,0.75998,0.6091987,0.894475,0.774427,0.726938,0.694603,0.848629,0.690738,0.759974,0.841376,0.775036,0.894215,0.817551,0.6825581,0.615212,0.764577,0.733616,0.698665,0.710605,0.71117,0.806291,0.663771,0.638006,0.791294,0.751649,0.713229,0.774982,0.692875,0.719202,0.834618,0.796684,0.776693,0.806038,0.746221,0.743791,0.731602,0.701655,0.732361,0.5923358,0.730647,0.723892,0.70036,0.798056,0.754954,0.734543,0.859996,0.7749082,0.771427,0.770178,0.831903,0.78073,0.766782,0.712689,0.801626,0.785049,0.77984,0.83559,0.801532,0.766525,0.69106,0.871776,0.880717,0.753675,0.843777,0.720274,0.679219,0.682326,0.721688,0.787577,0.761807,0.632412,0.6489333,0.626119,0.813711,0.645469,0.61688,0.717856,0.660732,0.733014,0.649935,0.825099,0.771347,0.805457,0.5943897,0.791517,0.68726
0.847024,0.610226,0.739901,0.70472,0.602019,0.749284,0.685571,0.728583,0.626784,0.7330085,0.772711,0.865413,1.0,0.7781629,0.755983,0.595959,0.775543,0.6905975,0.644153,0.648465,0.786798,0.765407,0.766851,0.723591,0.693145,0.954218,0.717713,0.828651,0.698289,0.875829,0.879564,0.644185,0.697561,0.811219,0.740857,0.681907,0.6903898,0.716962,0.755269,0.585162,0.799383,0.771717,0.812072,0.768148,0.783748,0.824434,0.7786,0.747754,0.774164,0.728863,0.777627,0.705716,0.597416,0.729479,0.694094,0.716246,0.751632,0.693731,0.665062,0.727605,0.772586,0.866955,0.7177406,0.786305,0.679133,0.761068,0.7253,0.715862,0.738462,0.689209,0.710463,0.760949,0.818997,0.69585,0.797636,0.812843,0.821427,0.868487,0.7546573,0.698447,0.7253413,0.740866,0.745699,0.7089495,0.695436,0.749666,0.73919,0.804955,0.688244,0.713779,0.726474,0.640242,0.637062,0.661461,0.795294,0.744942,0.759375,0.63067,0.775201,0.720037
0.748381,0.737843,0.842145,0.843923,0.74876,0.753644,0.715394,0.738327,0.708735,0.783965,0.815879,0.761086,0.7781629,1.0,0.932992,0.753743,0.81158,0.66142,0.791046,0.653316,0.858579,0.881815,0.928051,0.802447,0.827734,0.7494305,0.824909,0.76845,0.830746,0.855123,0.806018,0.731859,0.809962,0.794943,0.798139,0.749352,0.857723,0.829918,0.869435,0.637642,0.653147,0.827493,0.838763,0.7322707,0.769451,0.793646,0.857025,0.699865,0.743642,0.681236,0.761592,0.742155,0.724836,0.818658,0.822872,0.791047,0.696236,0.71953,0.844393,0.801709,0.834039,0.849706,0.91756,0.831409,0.770681,0.834294,0.698275,0.720663,0.864167,0.762207,0.864585,0.806441,0.756597,0.582212,0.838814,0.729221,0.846165,0.764239,0.786649,0.73406,0.845274,0.812848,0.718287,0.848377,0.793742,0.865388,0.810887,0.746632,0.749117,0.818911,0.78469,0.708704,0.797451,0.839856,0.694972,0.724615,0.76636,0.768323,0.758361,0.678846
0.762546,0.760926,0.806755,0.760586,0.713967,0.831158,0.727976,0.692231,0.667031,0.836798,0.836902,0.75998,0.755983,0.932992,1.0,0.725646,0.791417,0.675577,0.794331,0.729911,0.902497,0.794821,0.85873,0.777034,0.866706,0.719368,0.872721,0.763068,0.929681,0.847238,0.778073,0.677645,0.778914,0.793178,0.75492,0.802605,0.768182,0.880986,0.882392,0.6132821,0.658193,0.838381,0.784069,0.650636,0.763665,0.754058,0.829142,0.744511,0.725573,0.692483,0.810212,0.760136,0.726953,0.732793,0.786921,0.907152,0.677469,0.67313,0.800078,0.827077,0.879717,0.824155,0.873523,0.826734,0.774416,0.934783,0.756174,0.764437,0.900008,0.809173,0.937165,0.813345,0.81827,0.668271,0.827726,0.75378,0.863021,0.794234,0.749001,0.762055,0.830141,0.784375,0.658489,0.790003,0.829912,0.800814,0.750391,0.70068,0.846026,0.770148,0.818992,0.695857,0.831364,0.851223,0.681114,0.684807,0.749793,0.750602,0.767072,0.664498
0.693894,0.906959,0.6292844,0.793958,0.944055,0.821054,0.801644,0.904917,0.880952,0.713903,0.672266,0.6091987,0.595959,0.753743,0.725646,1.0,0.812628,0.895478,0.875469,0.784015,0.705975,0.79386,0.810332,0.821222,0.70897,0.669877,0.715814,0.691998,0.742762,0.665006,0.747381,0.858823,0.833243,0.714727,0.877448,0.752353,0.719527,0.737893,0.689006,0.739313,0.579649,0.675102,0.585621,0.764471,0.654159,0.595943,0.700486,0.671067,0.639726,0.608875,0.671701,0.882726,0.942422,0.8277,0.868662,0.718175,0.898118,0.883067,0.828966,0.594673,0.648135,0.686764,0.83487,0.666323,0.680367,0.670268,0.790319,0.678551,0.774024,0.819532,0.721375,0.705319,0.622952,0.674286,0.627328,0.696689,0.73603,0.653241,0.804675,0.765062,0.63858,0.701696,0.723816,0.713461,0.69919,0.699659,0.639528,0.713698,0.652106,0.709592,0.838173,0.836792,0.788737,0.835164,0.6414759,0.749121,0.722872,0.752291,0.621315,0.638537
0.822491,0.797415,0.730088,0.716509,0.676937,0.757384,0.705405,0.755804,0.773939,0.843198,0.799981,0.894475,0.775543,0.81158,0.791417,0.812628,1.0,0.839759,0.886083,0.750679,0.891374,0.82436,0.88469,0.878976,0.78844,0.808081,0.773051,0.690719,0.660737,0.771399,0.759732,0.716415,0.721693,0.74367,0.869725,0.679945,0.674417,0.7654284,0.733534,0.6541,0.654874,0.6721838,0.667797,0.838825,0.724241,0.708828,0.748893,0.652588,0.5893036,0.595139,0.748128,0.826395,0.78443,0.766483,0.800911,0.650682,0.810192,0.786702,0.848183,0.805052,0.734309,0.765694,0.873107,0.83147,0.796588,0.7040442,0.720162,0.797021,0.850843,0.857589,0.847869,0.82451,0.700314,0.5771614,0.85018,0.778598,0.793836,0.743723,0.693895,0.703176,0.677386,0.74001,0.683152,0.721166,0.657355,0.693961,0.669027,0.736198,0.654728,0.653382,0.7161952,0.673874,0.69756,0.79254,0.676271,0.74785,0.760739,0.662692,0.674161,0.5593601
0.792727,0.874927,0.674249,0.67067,0.808738,0.754452,0.789087,0.865689,0.834996,0.714374,0.695081,0.774427,0.6905975,0.66142,0.675577,0.895478,0.839759,1.0,0.836691,0.929685,0.744374,0.734543,0.750593,0.856189,0.703926,0.715687,0.75549,0.6385982,0.6350084,0.640066,0.6580132,0.857913,0.742906,0.801895,0.88782,0.714366,0.671064,0.785366,0.68994,0.718977,0.630118,0.648462,0.563015,0.812162,0.689822,0.5491171,0.686307,0.70041,0.596937,0.592881,0.677574,0.8295868,0.898691,0.770485,0.803791,0.63566,0.902819,0.828326,0.77678,0.70263,0.648641,0.65783,0.780312,0.662727,0.719674,0.648248,0.900323,0.735772,0.777466,0.944739,0.769074,0.763089,0.657334,0.709605,0.68216,0.752693,0.6459403,0.697719,0.738416,0.813085,0.540376,0.588291,0.710415,0.579913,0.5317051,0.55344,0.5614093,0.6917431,0.714204,0.5023353,0.743624,0.731461,0.771247,0.736231,0.68626,0.797355,0.756814,0.5635097,0.530229,0.635608
0.728167,0.851299,0.722518,0.685255,0.77955,0.75216,0.736332,0.741428,0.83297,0.790389,0.704424,0.726938,0.644153,0.791046,0.794331,0.875469,0.886083,0.836691,1.0,0.727126,0.758236,0.792572,0.782561,0.85218,0.704512,0.679198,0.617064,0.6366098,0.725607,0.769062,0.738218,0.698679,0.66751,0.750675,0.761977,0.680118,0.689252,0.669727,0.649057,0.625651,0.611122,0.6206063,0.6446,0.73584,0.618121,0.574465,0.616096,0.61058,0.526002,0.662987,0.744232,0.842045,0.804207,0.6808146,0.812723,0.654225,0.746731,0.792076,0.874335,0.761263,0.678239,0.750314,0.869562,0.843579,0.77449,0.6580233,0.710586,0.775922,0.828551,0.832803,0.794374,0.818492,0.628319,0.6399085,0.735039,0.6667576,0.676588,0.660114,0.686568,0.722628,0.584931,0.676536,0.628332,0.688761,0.598565,0.609689,0.553921,0.604495,0.608466,0.635287,0.7215892,0.753863,0.728803,0.82359,0.599437,0.696454,0.651356,0.648721,0.572895,0.642371
0.797849,0.800817,0.629245,0.617298,0.719935,0.7582252,0.753812,0.7285349,0.727815,0.66218,0.676362,0.694603,0.648465,0.653316,0.729911,0.784015,0.750679,0.929685,0.727126,1.0,0.744655,0.641639,0.733265,0.74749,0.6925507,0.657052,0.768421,0.609808,0.715611,0.599262,0.616727,0.796455,0.656607,0.767894,0.766552,0.835251,0.648418,0.790359,0.698079,0.714378,0.618764,0.652516,0.562632,0.65481,0.727353,0.543127,0.6628,0.7029482,0.6775,0.611549,0.757957,0.761748,0.866671,0.717948,0.779568,0.654782,0.802589,0.698157,0.71776,0.699641,0.615186,0.5799144,0.727064,0.6222851,0.761412,0.66302,0.940195,0.716851,0.699448,0.912929,0.768951,0.65474,0.690029,0.687347,0.61893,0.681888,0.660687,0.661935,0.692158,0.763483,0.575907,0.628316,0.6966257,0.5251713,0.5843163,0.564007,0.580058,0.695884,0.839393,0.5202,0.676161,0.627747,0.777135,0.703782,0.665821,0.733064,0.718469,0.611817,0.534576,0.684016
0.826441,0.754293,0.770091,0.731926,0.665942,0.77647,0.701905,0.722565,0.656037,0.855032,0.826455,0.848629,0.786798,0.858579,0.902497,0.705975,0.891374,0.744374,0.758236,0.744655,1.0,0.766214,0.859946,0.812035,0.835782,0.762374,0.890646,0.693692,0.806411,0.816763,0.710329,0.664917,0.816024,0.766025,0.824809,0.722325,0.714844,0.863057,0.851204,0.66432,0.711871,0.76823,0.729819,0.734883,0.826377,0.766749,0.870869,0.700635,0.647285,0.6077296,0.757414,0.78616,0.731653,0.771795,0.750033,0.824586,0.7117502,0.708832,0.810989,0.791829,0.805429,0.769638,0.864684,0.826214,0.758723,0.846377,0.70197,0.731119,0.874029,0.833629,0.911608,0.818351,0.785601,0.654622,0.856065,0.789161,0.879515,0.783293,0.665695,0.781353,0.832999,0.784184,0.702853,0.7979165,0.800708,0.805107,0.762788,0.747257,0.756404,0.714204,0.771892,0.650936,0.801086,0.7949,0.762007,0.721106,0.797281,0.737356,0.777512,0.5543812
0.804459,0.751733,0.801438,0.791667,0.739308,0.722894,0.736384,0.780765,0.669255,0.776872,0.754673,0.690738,0.765407,0.881815,0.794821,0.79386,0.82436,0.734543,0.792572,0.641639,0.766214,1.0,0.925454,0.834124,0.766741,0.783934,0.73063,0.7705602,0.735492,0.861975,0.857242,0.798987,0.843468,0.788063,0.864788,0.663052,0.762618,0.798856,0.86357,0.617107,0.749559,0.808281,0.791425,0.829693,0.699989,0.735282,0.780539,0.710992,0.694211,0.697868,0.760219,0.808761,0.74049,0.772344,0.801737,0.701878,0.775009,0.708496,0.726809,0.650882,0.71046,0.730426,0.831476,0.707399,0.73029,0.680612,0.675028,0.686349,0.798404,0.7126137,0.705503,0.787151,0.652651,0.585401,0.766135,0.6109,0.814801,0.686919,0.818083,0.649199,0.7317604,0.745147,0.628873,0.702669,0.68219,0.767449,0.766069,0.748938,0.66348,0.793702,0.757238,0.714857,0.712534,0.759948,0.567619,0.699142,0.643452,0.652499,0.751764,0.720685
0.782125,0.737123,0.802859,0.780657,0.720744,0.801756,0.768083,0.76794,0.702379,0.7618965,0.782627,0.759974,0.766851,0.928051,0.85873,0.810332,0.88469,0.750593,0.782561,0.733265,0.859946,0.925454,1.0,0.821223,0.819525,0.753908,0.838997,0.7478996,0.748536,0.81494,0.800322,0.8058,0.82193,0.766189,0.860445,0.699828,0.76457,0.885652,0.887418,0.688093,0.677298,0.775549,0.748275,0.775785,0.698872,0.752171,0.846698,0.740245,0.701153,0.582895,0.746001,0.762966,0.795269,0.823956,0.865599,0.713452,0.782238,0.730354,0.803982,0.731379,0.738433,0.766693,0.884495,0.769382,0.787265,0.741964,0.743343,0.724862,0.827597,0.804681,0.837392,0.767032,0.701358,0.5840918,0.823603,0.703381,0.841293,0.697679,0.77522,0.724991,0.796474,0.760144,0.659765,0.758501,0.756569,0.786441,0.740352,0.797377,0.717037,0.729564,0.736125,0.676653,0.795978,0.795991,0.623726,0.71055,0.715852,0.677391,0.724685,0.600194
0.794178,0.765512,0.748555,0.768232,0.780728,0.690445,0.774225,0.86653,0.785915,0.897713,0.826584,0.841376,0.723591,0.802447,0.777034,0.821222,0.878976,0.856189,0.85218,0.74749,0.812035,0.834124,0.821223,1.0,0.812842,0.768501,0.776624,0.702618,0.666164,0.822243,0.765128,0.854758,0.783481,0.789168,0.896372,0.700297,0.770636,0.798833,0.744332,0.6716,0.70786,0.739629,0.674223,0.830939,0.713086,0.656209,0.741294,0.705603,0.626107,0.759311,0.666873,0.83922,0.793602,0.811302,0.826231,0.682355,0.847278,0.853751,0.796357,0.803089,0.766584,0.775387,0.908177,0.829412,0.747568,0.685083,0.721427,0.759748,0.869839,0.836201,0.837657,0.869476,0.662587,0.646312,0.832033,0.730898,0.71435,0.721057,0.720456,0.794703,0.64371,0.64436,0.689926,0.668034,0.651261,0.620622,0.673533,0.6775,0.6732934,0.635842,0.714652,0.720404,0.772374,0.755137,0.67011,0.751456,0.756226,0.576736,0.688382,0.744951
0.734147,0.805119,0.786228,0.753055,0.652987,0.758198,0.674176,0.716958,0.696607,0.908419,0.969358,0.775036,0.693145,0.827734,0.866706,0.70897,0.78844,0.703926,0.704512,0.6925507,0.835782,0.766741,0.819525,0.812842,1.0,0.7005924,0.882437,0.695907,0.766632,0.801711,0.742673,0.755263,0.813183,0.723081,0.843071,0.717312,0.727961,0.917774,0.878731,0.66077,0.700768,0.770205,0.75492,0.761205,0.690853,0.755817,0.833955,0.7761993,0.699973,0.699908,0.725223,0.799067,0.706648,0.738255,0.71986,0.809105,0.731238,0.74962,0.820335,0.819182,0.91148,0.76481,0.809954,0.769488,0.72545,0.85876,0.694513,0.727726,0.881876,0.758286,0.925066,0.793071,0.761559,0.712798,0.928535,0.799661,0.80665,0.783749,0.770537,0.772899,0.806274,0.727389,0.651299,0.81711,0.805289,0.776253,0.710156,0.738611,0.773459,0.707589,0.811461,0.799359,0.82309,0.748546,0.670053,0.682481,0.738947,0.6549076,0.850263,0.6338532
0.874844,0.654303,0.661213,0.754861,0.622804,0.726002,0.658026,0.786552,0.668249,0.775998,0.79376,0.894215,0.954218,0.7494305,0.719368,0.669877,0.808081,0.715687,0.679198,0.657052,0.762374,0.783934,0.753908,0.768501,0.7005924,1.0,0.731452,0.795274,0.660859,0.866027,0.889301,0.700844,0.734558,0.763949,0.79338,0.71718,0.684367,0.730691,0.737845,0.572124,0.796842,0.7275658,0.799444,0.804974,0.806527,0.833137,0.763787,0.712205,0.784932,0.799984,0.817831,0.757596,0.5867083,0.770024,0.713799,0.688933,0.805964,0.757954,0.69804,0.776612,0.755138,0.823359,0.7483279,0.81831,0.6821135,0.731694,0.715516,0.767614,0.729394,0.684175,0.6966394,0.762351,0.77977,0.60539,0.783634,0.827657,0.796796,0.865103,0.817832,0.646352,0.66366,0.749954,0.739121,0.6975549,0.663856,0.733649,0.720241,0.812496,0.658687,0.696588,0.7202581,0.687868,0.573756,0.63949,0.809681,0.791648,0.7541647,0.653731,0.799914,0.782867
0.8327,0.772647,0.679243,0.760488,0.711318,0.815774,0.735465,0.789386,0.653303,0.815945,0.858207,0.817551,0.717713,0.824909,0.872721,0.715814,0.773051,0.75549,0.617064,0.768421,0.890646,0.73063,0.838997,0.776624,0.882437,0.731452,1.0,0.698007,0.822501,0.748675,0.68735,0.761908,0.86633,0.762691,0.86904,0.802782,0.701804,0.955974,0.900209,0.698295,0.779352,0.7615,0.759372,0.75532,0.840594,0.770829,0.943252,0.803713,0.812522,0.716025,0.744692,0.769227,0.719712,0.777459,0.753731,0.850917,0.756777,0.763204,0.741989,0.734392,0.808237,0.719829,0.792057,0.731104,0.754939,0.838434,0.764824,0.702771,0.824692,0.790213,0.898446,0.737745,0.739503,0.694735,0.83091,0.754656,0.835432,0.752373,0.798757,0.785133,0.816216,0.778769,0.760265,0.779882,0.833466,0.742003,0.748758,0.772693,0.835588,0.698796,0.790917,0.722951,0.850187,0.748658,0.757882,0.743441,0.851801,0.74612,0.844095,0.696599
0.692589,0.640725,0.632088,0.770862,0.691395,0.678411,0.635449,0.765715,0.668493,0.699363,0.753666,0.6825581,0.828651,0.76845,0.763068,0.691998,0.690719,0.6385982,0.6366098,0.609808,0.693692,0.7705602,0.7478996,0.702618,0.695907,0.795274,0.698007,1.0,0.772664,0.836585,0.896418,0.693791,0.718217,0.802822,0.7115572,0.626877,0.72059,0.7246262,0.768758,0.576621,0.727023,0.845648,0.799597,0.6898339,0.65464,0.869242,0.755894,0.738737,0.741177,0.690657,0.7047826,0.703568,0.705263,0.770032,0.691306,0.71103,0.782917,0.72975,0.643291,0.644124,0.772588,0.812589,0.717805,0.73837,0.723864,0.776331,0.737939,0.699625,0.744908,0.630869,0.691597,0.714682,0.884517,0.687247,0.681928,0.697147,0.809646,0.873123,0.825512,0.638471,0.733483,0.6548888,0.616367,0.674211,0.779912,0.815463,0.770456,0.817612,0.658842,0.72543,0.800654,0.672923,0.6041747,0.754448,0.666732,0.6613109,0.69755,0.692975,0.69436,0.660653
0.719866,0.757287,0.730927,0.750619,0.743646,0.773779,0.636577,0.666402,0.655639,0.73595,0.744406,0.615212,0.698289,0.830746,0.929681,0.742762,0.660737,0.6350084,0.725607,0.715611,0.806411,0.735492,0.748536,0.666164,0.766632,0.660859,0.822501,0.772664,1.0,0.759868,0.706038,0.62015,0.759341,0.795307,0.685318,0.853775,0.74644,0.803617,0.812392,0.558421,0.666628,0.850732,0.786216,0.602147,0.78209,0.708157,0.781493,0.72027,0.72311,0.759251,0.850879,0.740511,0.747242,0.675797,0.695204,0.920961,0.634712,0.68706,0.740011,0.697113,0.790813,0.7282277,0.78023,0.757899,0.747064,0.852741,0.750271,0.6878549,0.816297,0.743309,0.821396,0.748262,0.747432,0.6381154,0.685893,0.670804,0.81974,0.725539,0.738042,0.723622,0.834052,0.791238,0.642534,0.748615,0.794324,0.778018,0.749159,0.609646,0.879809,0.7707558,0.835208,0.716695,0.752095,0.825132,0.698107,0.664652,0.693894,0.830874,0.75078,0.740936
0.793228,0.69535,0.748195,0.738568,0.62946,0.630171,0.602085,0.711426,0.601529,0.845415,0.859052,0.764577,0.875829,0.855123,0.847238,0.665006,0.771399,0.640066,0.769062,0.599262,0.816763,0.861975,0.81494,0.822243,0.801711,0.866027,0.748675,0.836585,0.759868,1.0,0.898884,0.639141,0.74772,0.790962,0.773377,0.620175,0.734585,0.770669,0.846296,0.530596,0.742317,0.777333,0.816407,0.726436,0.735708,0.795696,0.773771,0.653491,0.703067,0.77188,0.787665,0.748444,0.63523,0.695977,0.688766,0.726674,0.680678,0.687435,0.757039,0.773184,0.817148,0.797769,0.799769,0.800055,0.651067,0.7895286,0.599832,0.6499688,0.80593,0.645511,0.770631,0.802952,0.796152,0.618544,0.834997,0.694238,0.791279,0.845131,0.764607,0.651417,0.7382697,0.680466,0.643858,0.7084,0.77105,0.754159,0.742302,0.6978727,0.640522,0.746148,0.681232,0.700776,0.7015711,0.715248,0.67658,0.660842,0.698161,0.638191,0.778335,0.744585
0.833896,0.71077,0.662183,0.792784,0.736599,0.721963,0.687599,0.771206,0.69407,0.759412,0.787881,0.733616,0.879564,0.806018,0.778073,0.747381,0.759732,0.6580132,0.738218,0.616727,0.710329,0.857242,0.800322,0.765128,0.742673,0.889301,0.68735,0.896418,0.706038,0.898884,1.0,0.762904,0.780438,0.763583,0.773675,0.777156,0.752104,0.747154,0.757997,0.540987,0.75248,0.740885,0.755192,0.720019,0.699741,0.760136,0.697473,0.779271,0.81,0.774031,0.816758,0.768488,0.656463,0.754693,0.755604,0.710145,0.769758,0.731164,0.686216,0.6741016,0.77023,0.882446,0.790488,0.775079,0.686001,0.774745,0.712596,0.691624,0.74718,0.645692,0.699273,0.707708,0.80436,0.689182,0.720674,0.712241,0.78696,0.845611,0.892687,0.6068882,0.68663,0.747017,0.692144,0.667823,0.779809,0.769739,0.767141,0.733714,0.699313,0.815461,0.784089,0.680116,0.606282,0.767819,0.611911,0.710142,0.719182,0.69987,0.752433,0.756331
0.789557,0.803044,0.677637,0.834397,0.871956,0.806056,0.841249,0.895639,0.76037,0.733042,0.6865,0.698665,0.644185,0.731859,0.677645,0.858823,0.716415,0.857913,0.698679,0.796455,0.664917,0.798987,0.8058,0.854758,0.755263,0.700844,0.761908,0.693791,0.62015,0.639141,0.762904,1.0,0.843622,0.729266,0.880416,0.7375479,0.724009,0.818238,0.738505,0.763122,0.695976,0.692756,0.648513,0.763114,0.663015,0.576732,0.754002,0.848444,0.7362524,0.701053,0.650029,0.847499,0.811295,0.857891,0.893655,0.699901,0.879137,0.81188,0.674105,0.642895,0.665983,0.693163,0.806408,0.653148,0.7046056,0.619495,0.790909,0.699343,0.707475,0.777345,0.716386,0.724631,0.629301,0.721029,0.652451,0.709066,0.6882127,0.676391,0.846579,0.752459,0.647295,0.629118,0.73228,0.666606,0.6381512,0.64926,0.669434,0.722325,0.7231001,0.666824,0.715463,0.747237,0.758105,0.729628,0.656023,0.745688,0.717739,0.625453,0.69087,0.701963
0.827467,0.84076,0.765169,0.843442,0.853672,0.756563,0.756075,0.868346,0.700766,0.802883,0.768828,0.710605,0.697561,0.809962,0.778914,0.833243,0.721693,0.742906,0.66751,0.656607,0.816024,0.843468,0.82193,0.783481,0.813183,0.734558,0.86633,0.718217,0.759341,0.74772,0.780438,0.843622,1.0,0.726284,0.896578,0.723983,0.713966,0.862981,0.856292,0.7223137,0.737763,0.756418,0.755904,0.787765,0.803011,0.739193,0.875797,0.754782,0.784452,0.736855,0.686962,0.866212,0.803871,0.844837,0.803799,0.78748,0.791702,0.758,0.765427,0.635067,0.692684,0.71328,0.790041,0.651475,0.659959,0.701547,0.674195,0.632408,0.782071,0.732216,0.742311,0.76788,0.666602,0.648613,0.746215,0.674449,0.826401,0.714278,0.839163,0.73878,0.819991,0.738728,0.718539,0.824331,0.806094,0.803467,0.754493,0.811779,0.704067,0.77635,0.810028,0.782618,0.755903,0.806512,0.701874,0.714101,0.755561,0.778957,0.801299,0.69955
0.768205,0.75848,0.747769,0.641148,0.700007,0.569729,0.5677198,0.712312,0.686315,0.728792,0.736712,0.71117,0.811219,0.794943,0.793178,0.714727,0.74367,0.801895,0.750675,0.767894,0.766025,0.788063,0.766189,0.789168,0.723081,0.763949,0.762691,0.802822,0.795307,0.790962,0.763583,0.729266,0.726284,1.0,0.82074,0.763073,0.805677,0.757144,0.796651,0.510776,0.77143,0.798979,0.84122,0.706212,0.713536,0.6442758,0.77537,0.70652,0.662602,0.737655,0.781985,0.734762,0.736946,0.684567,0.609601,0.695901,0.726297,0.69622,0.689892,0.71278,0.718673,0.682538,0.754528,0.768091,0.767005,0.702675,0.782772,0.703858,0.814736,0.831149,0.751967,0.860509,0.806316,0.660819,0.692185,0.693819,0.725546,0.796848,0.738273,0.699954,0.713111,0.7238,0.638615,0.667382,0.587211,0.701476,0.738911,0.651205,0.794708,0.633462,0.696813,0.613394,0.680232,0.727979,0.722824,0.704644,0.675243,0.611362,0.649607,0.764439
0.843534,0.842447,0.706567,0.805881,0.809426,0.693062,0.705498,0.901592,0.770781,0.806739,0.833359,0.806291,0.740857,0.798139,0.75492,0.877448,0.869725,0.88782,0.761977,0.766552,0.824809,0.864788,0.860445,0.896372,0.843071,0.79338,0.86904,0.7115572,0.685318,0.773377,0.773675,0.880416,0.896578,0.82074,1.0,0.730373,0.733953,0.857988,0.817086,0.652829,0.723883,0.76763,0.73538,0.900386,0.753964,0.695107,0.873698,0.742998,0.74303,0.67641,0.701855,0.872758,0.837013,0.85704,0.785038,0.713336,0.896219,0.85809,0.772418,0.691925,0.743582,0.697664,0.835162,0.716971,0.722144,0.699114,0.7235207,0.704116,0.84903,0.846207,0.802224,0.832672,0.703783,0.685464,0.797308,0.744557,0.804543,0.761179,0.835045,0.767299,0.712965,0.705117,0.71,0.76308,0.703094,0.731487,0.737857,0.752575,0.702507,0.658485,0.802634,0.804501,0.768842,0.737195,0.740041,0.804489,0.7549378,0.682181,0.78184,0.698699
0.766956,0.71099,0.614387,0.753323,0.773136,0.803029,0.677556,0.715305,0.708017,0.650094,0.681018,0.663771,0.681907,0.749352,0.802605,0.752353,0.679945,0.714366,0.680118,0.835251,0.722325,0.663052,0.699828,0.700297,0.717312,0.71718,0.802782,0.626877,0.853775,0.620175,0.777156,0.7375479,0.723983,0.763073,0.730373,1.0,0.820131,0.786293,0.697858,0.610342,0.635648,0.717472,0.673444,0.577327,0.7212961,0.55509,0.716649,0.77787,0.795027,0.7341214,0.852494,0.699271,0.686305,0.721621,0.734872,0.813042,0.734928,0.735706,0.645558,0.711721,0.735759,0.748889,0.754679,0.732267,0.734496,0.7233936,0.835356,0.713057,0.705722,0.76026,0.7585933,0.669541,0.713818,0.678087,0.613254,0.729995,0.740621,0.677239,0.809696,0.706936,0.745439,0.851623,0.781626,0.695292,0.716514,0.706569,0.75768,0.581042,0.952799,0.797034,0.788798,0.627284,0.667529,0.791171,0.717536,0.767055,0.756296,0.811149,0.720659,0.781914
0.655978,0.6508819,0.777411,0.842117,0.781249,0.668533,0.661371,0.782759,0.78549,0.68833,0.746022,0.638006,0.6903898,0.857723,0.768182,0.719527,0.674417,0.671064,0.689252,0.648418,0.714844,0.762618,0.76457,0.770636,0.727961,0.684367,0.701804,0.72059,0.74644,0.734585,0.752104,0.724009,0.713966,0.805677,0.733953,0.820131,1.0,0.695631,0.710092,0.604299,0.623335,0.851363,0.792167,0.691647,0.775477,0.760663,0.710174,0.5934079,0.618126,0.707066,0.71574,0.700937,0.708391,0.879155,0.726358,0.803995,0.741938,0.844702,0.754241,0.754281,0.773458,0.802403,0.8715,0.750897,0.6687251,0.7203946,0.704145,0.7020506,0.795263,0.750859,0.740652,0.78786,0.693789,0.532509,0.72713,0.789535,0.853557,0.682141,0.699682,0.728882,0.795945,0.825125,0.797101,0.785392,0.6686804,0.880192,0.930013,0.711477,0.817832,0.832527,0.76893,0.69076,0.6548495,0.823335,0.784177,0.835169,0.808986,0.761546,0.6627559,0.752668
0.838876,0.808567,0.750425,0.76822,0.699494,0.858171,0.779349,0.768289,0.6250409,0.8525,0.875973,0.791294,0.716962,0.829918,0.880986,0.737893,0.7654284,0.785366,0.669727,0.790359,0.863057,0.798856,0.885652,0.798833,0.917774,0.730691,0.955974,0.7246262,0.803617,0.770669,0.747154,0.818238,0.862981,0.757144,0.857988,0.786293,0.695631,1.0,0.950493,0.7140559,0.79204,0.752882,0.72007,0.7283557,0.784791,0.731741,0.885657,0.871659,0.794747,0.69621,0.767,0.799673,0.7617717,0.769833,0.832336,0.840929,0.758706,0.730457,0.750899,0.743929,0.810662,0.719792,0.802949,0.719712,0.780129,0.832904,0.763454,0.720404,0.832458,0.810732,0.902315,0.735092,0.75347,0.730884,0.853638,0.726599,0.845667,0.7436059,0.816396,0.772167,0.808771,0.749524,0.691715,0.760391,0.816973,0.740996,0.734052,0.790599,0.832602,0.70686,0.797197,0.708533,0.85211,0.797121,0.665288,0.707365,0.784075,0.721691,0.798803,0.662081
0.825638,0.765998,0.804867,0.734907,0.665387,0.778669,0.708579,0.705608,0.589219,0.823855,0.855157,0.751649,0.755269,0.869435,0.882392,0.689006,0.733534,0.68994,0.649057,0.698079,0.851204,0.86357,0.887418,0.744332,0.878731,0.737845,0.900209,0.768758,0.812392,0.846296,0.757997,0.738505,0.856292,0.796651,0.817086,0.697858,0.710092,0.950493,1.0,0.677294,0.833681,0.786668,0.811999,0.723748,0.784367,0.791124,0.886241,0.79817,0.767401,0.694852,0.769325,0.754626,0.72212,0.710053,0.746448,0.79685,0.674929,0.647189,0.729418,0.719916,0.804321,0.698866,0.750054,0.695996,0.73444,0.818371,0.672101,0.6566934,0.798779,0.716306,0.832718,0.720505,0.723195,0.671205,0.864411,0.645685,0.840588,0.720021,0.775567,0.708252,0.829969,0.773591,0.652169,0.776645,0.818984,0.791698,0.772962,0.785509,0.761087,0.769237,0.739547,0.685572,0.799717,0.763029,0.639281,0.623515,0.72753,0.718361,0.816514,0.685237
0.640557,0.697765,0.738575,0.70719,0.808034,0.7957681,0.901824,0.743869,0.756418,0.619901,0.615999,0.713229,0.585162,0.637642,0.6132821,0.739313,0.6541,0.718977,0.625651,0.714378,0.66432,0.617107,0.688093,0.6716,0.66077,0.572124,0.698295,0.576621,0.558421,0.530596,0.540987,0.763122,0.7223137,0.510776,0.652829,0.610342,0.604299,0.7140559,0.677294,1.0,0.586238,0.632677,0.587148,0.640147,0.697287,0.633109,0.660311,0.691542,0.717856,0.622853,0.5103935,0.644379,0.774487,0.784976,0.790715,0.668377,0.687419,0.668505,0.723277,0.689183,0.617715,0.571128,0.660209,0.523753,0.608131,0.581674,0.697601,0.634604,0.617059,0.68621,0.671129,0.60119,0.546279,0.681876,0.710885,0.667133,0.676913,0.536266,0.589471,0.664072,0.661435,0.5366815,0.748885,0.72311,0.68688,0.658589,0.589285,0.808269,0.669596,0.596405,0.592452,0.685567,0.773619,0.751687,0.717634,0.675797,0.718432,0.62786,0.606884,0.589105
0.826137,0.65118,0.706038,0.671803,0.625131,0.644045,0.600012,0.6738,0.590335,0.732466,0.708886,0.774982,0.799383,0.653147,0.658193,0.579649,0.654874,0.630118,0.611122,0.618764,0.711871,0.749559,0.677298,0.70786,0.700768,0.796842,0.779352,0.727023,0.666628,0.742317,0.75248,0.695976,0.737763,0.77143,0.723883,0.635648,0.623335,0.79204,0.833681,0.586238,1.0,0.662087,0.823274,0.764257,0.784021,0.734823,0.808791,0.840002,0.799895,0.854693,0.744347,0.652906,0.607278,0.624356,0.61246,0.692286,0.601494,0.651322,0.606995,0.624733,0.683351,0.692295,0.651256,0.769429,0.763732,0.6460946,0.627328,0.693539,0.684857,0.615535,0.670974,0.719534,0.74428,0.797359,0.757464,0.695285,0.675772,0.779081,0.741935,0.689541,0.699574,0.729032,0.655549,0.675221,0.605491,0.6160607,0.706114,0.728974,0.70212,0.6791355,0.644428,0.587254,0.562327,0.640548,0.667893,0.67699,0.666801,0.627326,0.849882,0.84374
0.627721,0.629812,0.784875,0.827814,0.711104,0.66597,0.634388,0.767848,0.63492,0.754755,0.809715,0.692875,0.771717,0.827493,0.838381,0.675102,0.6721838,0.648462,0.6206063,0.652516,0.76823,0.808281,0.775549,0.739629,0.770205,0.7275658,0.7615,0.845648,0.850732,0.777333,0.740885,0.692756,0.756418,0.798979,0.76763,0.717472,0.851363,0.752882,0.786668,0.632677,0.662087,1.0,0.851983,0.779264,0.763179,0.809779,0.727892,0.638587,0.682239,0.774258,0.720782,0.704282,0.6742073,0.811399,0.658141,0.827824,0.748745,0.751914,0.677285,0.726611,0.865982,0.74265,0.785027,0.731381,0.751377,0.830722,0.731896,0.794449,0.860417,0.733329,0.776216,0.835339,0.771348,0.5313861,0.768858,0.777362,0.863278,0.773943,0.709751,0.700756,0.813828,0.7234425,0.710916,0.764851,0.758517,0.855715,0.856025,0.760744,0.819134,0.788524,0.850845,0.723036,0.669807,0.769368,0.773296,0.766369,0.736689,0.74327,0.761156,0.795385
0.750202,0.664328,0.734931,0.694442,0.621084,0.6134454,0.5987907,0.622868,0.582967,0.683124,0.779519,0.719202,0.812072,0.838763,0.784069,0.585621,0.667797,0.563015,0.6446,0.562632,0.729819,0.791425,0.748275,0.674223,0.75492,0.799444,0.759372,0.799597,0.786216,0.816407,0.755192,0.648513,0.755904,0.84122,0.73538,0.673444,0.792167,0.72007,0.811999,0.587148,0.823274,0.851983,1.0,0.752393,0.810298,0.871724,0.850003,0.743014,0.813252,0.806727,0.7364763,0.66974,0.592285,0.671743,0.601292,0.732502,0.574281,0.602982,0.69894,0.701479,0.80099,0.723439,0.739178,0.796126,0.764793,0.763467,0.610339,0.761925,0.764327,0.589822,0.711302,0.803533,0.773505,0.637723,0.790913,0.682647,0.778702,0.760048,0.765635,0.5960357,0.774525,0.797021,0.70197,0.816662,0.7005849,0.816046,0.786683,0.777482,0.69462,0.791255,0.7254,0.691005,0.640253,0.678399,0.766782,0.705097,0.712779,0.69039,0.838165,0.80727
0.7527041,0.732109,0.676382,0.829283,0.708573,0.6629253,0.680375,0.852067,0.792894,0.739296,0.80829,0.834618,0.768148,0.7322707,0.650636,0.764471,0.838825,0.812162,0.73584,0.65481,0.734883,0.829693,0.775785,0.830939,0.761205,0.804974,0.75532,0.6898339,0.602147,0.726436,0.720019,0.763114,0.787765,0.706212,0.900386,0.577327,0.691647,0.7283557,0.723748,0.640147,0.764257,0.779264,0.752393,1.0,0.802959,0.752496,0.798513,0.678274,0.6891,0.690975,0.603627,0.770391,0.744311,0.822549,0.731986,0.681186,0.835638,0.855605,0.786305,0.654856,0.760146,0.732451,0.807597,0.746175,0.731483,0.711337,0.684012,0.770519,0.781629,0.755188,0.69751,0.784556,0.686857,0.636722,0.796115,0.788475,0.751031,0.770139,0.788569,0.714445,0.6269385,0.664547,0.795252,0.737131,0.650475,0.666657,0.719968,0.780353,0.588933,0.647548,0.801329,0.814168,0.693481,0.628194,0.741297,0.889051,0.80685,0.661957,0.7903,0.680246
