0,1,2,3,4,5,6,7,8,9,10,11,12,13,14,15,16,17,18,19,20,21,22,23,24,25,26,27,28,29,30,31,32,33,34,35,36,37,38,39,40,41,42,43,44,45,46,47,48,49,50,51,52,53,54,55,56,57,58,59,60,61,62,63,64,65,66,67,68,69,70,71,72,73,74,75,76,77,78,79,80,81,82,83,84,85,86,87,88,89,90,91,92,93,94,95,96,97,98,99
1.0,0.646194,0.763272,0.712494,0.75891,0.680293,0.67656,0.650315,0.660893,0.707537,0.696751,0.719175,0.671499,0.648289,0.629208,0.687252,0.739215,0.697389,0.705525,0.635197,0.6441947,0.708084,0.6233297,0.771058,0.747248,0.658366,0.80531,0.647417,0.7074,0.782367,0.747895,0.684548,0.753795,0.670043,0.803851,0.664677,0.733881,0.706117,0.6125019,0.765507,0.800561,0.710165,0.740613,0.695922,0.671531,0.783571,0.648885,0.606189,0.675125,0.671853,0.687876,0.702642,0.653379,0.714674,0.657631,0.68915,0.659629,0.690409,0.688078,0.630104,0.736292,0.606654,0.701736,0.645414,0.649197,0.596658,0.5880275,0.712419,0.770421,0.674892,0.675565,0.756963,0.658839,0.778653,0.737232,0.768251,0.763587,0.822351,0.710208,0.643463,0.792039,0.73722,0.719219,0.76425,0.728078,0.825199,0.710582,0.697969,0.657407,0.780549,0.66122,0.700345,0.599722,0.660673,0.731901,0.7231515,0.733128,0.731622,0.675164,0.675519
0.646194,1.0,0.72157,0.721203,0.655414,0.744393,0.692813,0.760502,0.783747,0.723895,0.679112,0.781055,0.652764,0.722538,0.784028,0.8234566,0.772961,0.772574,0.803532,0.787429,0.742174,0.813108,0.791703,0.68578,0.746401,0.753946,0.662929,0.762907,0.719154,0.729543,0.73821,0.766686,0.782025,0.697266,0.706821,0.742543,0.6071514,0.7517104,0.771165,0.724888,0.702522,0.798487,0.732308,0.714659,0.834753,0.638629,0.740785,0.794887,0.768206,0.665209,0.828762,0.89504,0.845207,0.673772,0.867128,0.758426,0.772017,0.762503,0.687375,0.723389,0.705736,0.762175,0.767995,0.728309,0.838296,0.784267,0.814724,0.709288,0.703831,0.815561,0.726354,0.700098,0.849931,0.716212,0.77302,0.783322,0.683714,0.716089,0.679046,0.771356,0.638983,0.732324,0.734332,0.698231,0.685698,0.602551,0.669805,0.63292,0.786742,0.629047,0.772112,0.715271,0.77632,0.656457,0.614129,0.713108,0.682675,0.720224,0.744203,0.705192
0.763272,0.72157,1.0,0.892575,0.849852,0.920647,0.855323,0.825469,0.905761,0.831464,0.822092,0.853591,0.876192,0.831493,0.782867,0.775389,0.721737,0.769253,0.757509,0.866149,0.8202,0.826288,0.808766,0.853593,0.844336,0.846511,0.855459,0.79696,0.7751094,0.808412,0.877494,0.760972,0.73111,0.791758,0.832412,0.759634,0.820596,0.82767,0.809091,0.834707,0.7928,0.817973,0.794096,0.884273,0.838582,0.829523,0.770293,0.845287,0.856655,0.822186,0.858629,0.805995,0.812306,0.860298,0.821926,0.926405,0.85123,0.904461,0.831013,0.755313,0.839461,0.876899,0.865768,0.820199,0.770541,0.738643,0.790731,0.813641,0.800633,0.795131,0.80872,0.840695,0.777367,0.828448,0.870321,0.848426,0.890314,0.809735,0.832131,0.837243,0.811104,0.815955,0.832062,0.801076,0.825184,0.85688,0.765568,0.764621,0.787611,0.72700139,0.853371,0.882828,0.815857,0.712447,0.789578,0.897144,0.827339,0.880778,0.806675,0.831613
0.712494,0.721203,0.892575,1.0,0.963903,0.854682,0.936043,0.846373,0.878718,0.856396,0.907485,0.865191,0.855119,0.866955,0.845991,0.764701,0.789989,0.780723,0.825512,0.888563,0.826347,0.86727,0.851694,0.909205,0.854092,0.935748,0.789545,0.767704,0.795434,0.831466,0.911103,0.839478,0.691711,0.729832,0.838145,0.798,0.734388,0.916231,0.795992,0.856865,0.802623,0.860721,0.860993,0.941357,0.814625,0.863046,0.725994,0.879511,0.836893,0.812855,0.931468,0.815906,0.876524,0.98642,0.830884,0.859424,0.804909,0.859005,0.827603,0.747798,0.859458,0.871392,0.889156,0.828536,0.81386,0.781822,0.784741,0.874393,0.743085,0.87188,0.84544,0.856546,0.894672,0.827178,0.869887,0.862707,0.946897,0.777603,0.830733,0.873491,0.823796,0.732473,0.774818,0.877357,0.94065,0.886733,0.7310259,0.739995,0.788792,0.75672,0.914137,0.957758,0.860852,0.69804,0.789221,0.946074,0.932775,0.821319,0.838378,0.794491
0.75891,0.655414,0.849852,0.963903,1.0,0.802446,0.913889,0.823425,0.817499,0.837447,0.880867,0.850882,0.845595,0.833349,0.797846,0.760698,0.800532,0.79603,0.853606,0.834621,0.802713,0.839347,0.828595,0.919621,0.851411,0.90518,0.8461,0.718985,0.798008,0.858613,0.883523,0.881474,0.671836,0.7307408,0.889716,0.798663,0.775866,0.91623,0.746597,0.869795,0.838234,0.818915,0.88302,0.907763,0.774783,0.933295,0.6920527,0.824595,0.799544,0.769889,0.856114,0.767538,0.813461,0.982998,0.758067,0.792884,0.744483,0.813097,0.816734,0.7345601,0.848135,0.824528,0.861903,0.799374,0.744852,0.727993,0.720382,0.89823,0.780937,0.815458,0.822592,0.881248,0.859527,0.845882,0.866365,0.876969,0.953165,0.798347,0.857287,0.817843,0.859144,0.75975,0.822319,0.922426,0.96513,0.937644,0.790663,0.795162,0.776026,0.83738,0.831784,0.891972,0.781138,0.666043,0.802355,0.915247,0.963021,0.823592,0.78644,0.727685
0.680293,0.744393,0.920647,0.854682,0.802446,1.0,0.833101,0.851225,0.8143533,0.828749,0.803521,0.869991,0.8004733,0.790673,0.809202,0.837847,0.753067,0.841716,0.819821,0.855659,0.804571,0.856544,0.828735,0.807325,0.790316,0.830484,0.731219,0.827189,0.817,0.789635,0.824064,0.732725,0.721619,0.791966,0.76758,0.821657,0.698888,0.814196,0.861233,0.794442,0.801592,0.80766,0.756275,0.848554,0.805112,0.729046,0.780375,0.853143,0.955587,0.858066,0.84634,0.787459,0.788695,0.816205,0.814514,0.94237,0.802354,0.8121157,0.805171,0.7354631,0.812335,0.935514,0.891678,0.747826,0.766151,0.786679,0.801754,0.811745,0.761717,0.804502,0.790471,0.776904,0.770954,0.861464,0.867598,0.833917,0.832503,0.776743,0.743426,0.818653,0.759932,0.759102,0.746731,0.757303,0.789436,0.759804,0.743644,0.742751,0.841085,0.766333,0.868249,0.846538,0.82266,0.804985,0.6842325,0.838702,0.795745,0.801788,0.93231,0.870131
0.67656,0.692813,0.855323,0.936043,0.913889,0.833101,1.0,0.92245,0.83096,0.932079,0.972415,0.896613,0.788353,0.785179,0.786062,0.757241,0.786448,0.763048,0.81342,0.905539,0.762554,0.84027,0.814535,0.954678,0.921985,0.964967,0.814139,0.767918,0.834661,0.8007722,0.896199,0.837192,0.621349,0.765309,0.842008,0.774487,0.813112,0.923165,0.759928,0.930002,0.786306,0.864737,0.875016,0.887121,0.833529,0.817386,0.765989,0.888017,0.836376,0.767256,0.880159,0.813362,0.841825,0.913319,0.818781,0.798622,0.767044,0.810517,0.923675,0.876731,0.93964,0.84957,0.861176,0.782209,0.81299,0.728649,0.735326,0.853351,0.759701,0.85164,0.825363,0.88081,0.851655,0.833296,0.908231,0.895103,0.928577,0.784713,0.816603,0.912798,0.7723411,0.747379,0.773335,0.871987,0.89068,0.835514,0.796107,0.795515,0.799565,0.758619,0.889439,0.910051,0.896882,0.759974,0.818715,0.90352,0.904163,0.836136,0.814645,0.749609
0.650315,0.760502,0.825469,0.846373,0.823425,0.851225,0.92245,1.0,0.841682,0.959062,0.918969,0.957286,0.788453,0.727889,0.736019,0.763895,0.71875,0.816581,0.797757,0.841698,0.711459,0.907672,0.768595,0.880957,0.915585,0.914204,0.806676,0.824599,0.783603,0.844072,0.815629,0.784078,0.639401,0.841677,0.847428,0.791627,0.810024,0.82753,0.743926,0.920269,0.804226,0.7741917,0.778817,0.826085,0.856086,0.7594517,0.768443,0.827425,0.861397,0.780905,0.807431,0.787651,0.777197,0.818182,0.781254,0.78758,0.806897,0.823535,0.931118,0.901212,0.936006,0.860356,0.845369,0.713681,0.722142,0.711099,0.773262,0.861429,0.767708,0.796708,0.739388,0.894132,0.784401,0.860834,0.927011,0.923166,0.861959,0.853634,0.725107,0.870058,0.809354,0.789197,0.765437,0.784698,0.80693,0.799428,0.8192,0.801176,0.819423,0.754232,0.827766,0.827233,0.838144,0.760016,0.7577013,0.839284,0.811253,0.87703,0.811566,0.755109
0.660893,0.783747,0.905761,0.878718,0.817499,0.8143533,0.83096,0.841682,1.0,0.811129,0.806522,0.827429,0.905658,0.922079,0.866382,0.739887,0.789479,0.807773,0.778431,0.926913,0.870946,0.825946,0.862184,0.799676,0.803772,0.831186,0.795473,0.796844,0.771185,0.81574,0.883388,0.791915,0.753928,0.795215,0.776722,0.851754,0.738158,0.869214,0.826278,0.776955,0.720651,0.816769,0.798832,0.894588,0.895106,0.835136,0.830505,0.884706,0.806952,0.805551,0.881269,0.848988,0.821326,0.835896,0.901854,0.896543,0.946418,0.98601,0.804166,0.822149,0.791563,0.865514,0.852184,0.900693,0.845589,0.852141,0.893167,0.840906,0.762296,0.886133,0.886932,0.741036,0.8375,0.758636,0.813876,0.802259,0.837661,0.786927,0.849219,0.857356,0.773796,0.844058,0.829156,0.800527,0.797652,0.775059,0.6955729,0.728888,0.84414,0.6536824,0.865417,0.908689,0.851894,0.771639,0.733503,0.9051,0.813664,0.86369,0.78441,0.809396
0.707537,0.723895,0.831464,0.856396,0.837447,0.828749,0.932079,0.959062,0.811129,1.0,0.956469,0.983118,0.7545,0.749239,0.754008,0.73225,0.706661,0.715887,0.76005,0.814533,0.726989,0.818856,0.733757,0.941375,0.935837,0.896705,0.819263,0.761463,0.74473,0.820949,0.855339,0.7623042,0.587229,0.780096,0.868834,0.6864931,0.812232,0.849586,0.747284,0.931819,0.853322,0.793922,0.8348,0.858441,0.814216,0.787475,0.691636,0.797527,0.851592,0.779373,0.831173,0.778961,0.787511,0.834056,0.760255,0.791501,0.817232,0.795074,0.971158,0.929179,0.987172,0.84697,0.83907,0.755642,0.770987,0.729691,0.797061,0.858895,0.779659,0.7876535,0.758567,0.885823,0.7695044,0.888048,0.962466,0.943491,0.896904,0.8017552,0.778868,0.846765,0.795107,0.764621,0.747115,0.838236,0.841138,0.828728,0.816507,0.792946,0.7127428,0.796874,0.842603,0.841613,0.830916,0.726621,0.792189,0.861091,0.847081,0.859845,0.839782,0.74045
0.696751,0.679112,0.822092,0.907485,0.880867,0.803521,0.972415,0.918969,0.806522,0.956469,1.0,0.921299,0.751759,0.796357,0.806428,0.688632,0.764263,0.714202,0.784668,0.88713,0.764638,0.793826,0.793861,0.965004,0.914438,0.948656,0.782746,0.7109723,0.797437,0.7768957,0.893755,0.780006,0.576584,0.733119,0.833672,0.73586,0.783494,0.887442,0.7524284,0.905692,0.814475,0.826094,0.862468,0.875901,0.797716,0.796255,0.732851,0.870435,0.824838,0.751121,0.877772,0.801428,0.843289,0.885964,0.802485,0.763027,0.764158,0.780416,0.936584,0.891665,0.964303,0.826067,0.831985,0.787932,0.831903,0.752016,0.752035,0.810426,0.713799,0.851156,0.830493,0.871174,0.857839,0.846299,0.929531,0.892222,0.911209,0.77146,0.802781,0.899263,0.749049,0.7109931,0.748074,0.850959,0.859296,0.814512,0.792777,0.75812,0.739665,0.779262,0.892218,0.897267,0.909256,0.776186,0.8193076,0.880814,0.870339,0.806559,0.824605,0.7240928
0.719175,0.781055,0.853591,0.865191,0.850882,0.869991,0.896613,0.957286,0.827429,0.983118,0.921299,1.0,0.756038,0.75899,0.769522,0.798096,0.737855,0.761425,0.79627,0.813006,0.742817,0.882885,0.759528,0.930134,0.928221,0.87592,0.81757,0.80673,0.755389,0.839132,0.854913,0.795093,0.629365,0.780909,0.890465,0.761157,0.811678,0.859707,0.781668,0.933429,0.871062,0.801467,0.82991,0.8661,0.827268,0.797225,0.701604,0.792798,0.899977,0.806761,0.840093,0.818498,0.791365,0.842484,0.794028,0.831647,0.823515,0.810407,0.946606,0.887164,0.968578,0.865268,0.851885,0.767256,0.757792,0.736338,0.807875,0.858825,0.774769,0.804897,0.748448,0.904681,0.785195,0.921527,0.985066,0.968837,0.901712,0.828814,0.775733,0.8258,0.7736053,0.750447,0.769392,0.842832,0.848905,0.825003,0.825892,0.777014,0.777851,0.824445,0.844703,0.842378,0.802401,0.682091,0.7790305,0.863492,0.856867,0.844604,0.883966,0.775085
0.671499,0.652764,0.876192,0.855119,0.845595,0.8004733,0.788353,0.788453,0.905658,0.7545,0.751759,0.756038,1.0,0.924319,0.8145,0.6413168,0.680717,0.796323,0.757276,0.824523,0.861325,0.733638,0.816995,0.755006,0.706537,0.7553,0.802162,0.748684,0.742778,0.778813,0.7770873,0.72578,0.738941,0.788358,0.73802,0.849194,0.781998,0.762971,0.754819,0.71316,0.750958,0.760704,0.752488,0.817716,0.776983,0.872982,0.766282,0.761223,0.753082,0.835608,0.807213,0.710177,0.738594,0.864076,0.770185,0.826504,0.885828,0.933152,0.723228,0.71077,0.72825,0.879392,0.860452,0.877503,0.715236,0.813057,0.832567,0.801732,0.731973,0.7529695,0.84751,0.7145729,0.766367,0.7069461,0.7506,0.723978,0.827122,0.765483,0.802073,0.746432,0.792059,0.813472,0.820624,0.754407,0.799814,0.840653,0.729497,0.742583,0.811862,0.737055,0.796667,0.826164,0.746017,0.741957,0.762079,0.827841,0.791778,0.839083,0.742424,0.81833
0.648289,0.722538,0.831493,0.866955,0.833349,0.790673,0.785179,0.727889,0.922079,0.749239,0.796357,0.75899,0.924319,1.0,0.928076,0.722821,0.763673,0.759603,0.752218,0.848739,0.922069,0.737573,0.905222,0.781331,0.757425,0.774595,0.708509,0.732596,0.713186,0.774757,0.851516,0.776187,0.713628,0.687835,0.754029,0.817472,0.673756,0.850044,0.807144,0.725828,0.723585,0.793101,0.814274,0.902262,0.793147,0.832891,0.739345,0.859933,0.760154,0.78838,0.857368,0.798423,0.804632,0.864932,0.831015,0.866382,0.902106,0.932623,0.760791,0.7316581,0.753973,0.841535,0.828969,0.967536,0.840344,0.906515,0.880818,0.8018,0.699214,0.865779,0.894186,0.69206,0.867052,0.701282,0.765702,0.750513,0.833319,0.730992,0.871856,0.810358,0.709679,0.761482,0.812463,0.816227,0.820162,0.771844,0.677031,0.642102,0.791162,0.709298,0.844557,0.847119,0.805649,0.739746,0.767439,0.863496,0.83001,0.728607,0.786413,0.814253
0.629208,0.784028,0.782867,0.845991,0.797846,0.809202,0.786062,0.736019,0.866382,0.754008,0.806428,0.769522,0.8145,0.928076,1.0,0.770319,0.849654,0.768662,0.80986,0.876003,0.967494,0.764519,0.92931,0.773196,0.7402352,0.791235,0.691407,0.75874,0.764658,0.742356,0.857921,0.780023,0.734331,0.69116,0.722615,0.797442,0.63296,0.861014,0.87071,0.7069379,0.729576,0.820614,0.798888,0.868236,0.822537,0.784246,0.7608405,0.91112,0.803141,0.813863,0.883274,0.867831,0.846301,0.826202,0.88919,0.817526,0.90342,0.872649,0.745504,0.777544,0.760238,0.868076,0.851758,0.910742,0.902851,0.950709,0.906189,0.797685,0.730981,0.933628,0.920042,0.65623,0.908962,0.706818,0.780259,0.755076,0.803332,0.682591,0.826211,0.856682,0.707533,0.757611,0.785607,0.801151,0.789748,0.721446,0.672626,0.668674,0.787333,0.679285,0.887028,0.830249,0.876214,0.734941,0.749463,0.833385,0.807825,0.723633,0.819383,0.804173
0.687252,0.8234566,0.775389,0.764701,0.760698,0.837847,0.757241,0.763895,0.739887,0.73225,0.688632,0.798096,0.6413168,0.722821,0.770319,1.0,0.801348,0.792654,0.78118,0.753133,0.720071,0.856182,0.792586,0.721948,0.721014,0.747183,0.682892,0.7884558,0.765098,0.792942,0.739972,0.868364,0.82174,0.6902936,0.768991,0.728052,0.650986,0.840012,0.732525,0.768627,0.732391,0.826114,0.795567,0.761173,0.784606,0.726121,0.7107998,0.77748,0.847069,0.750029,0.757597,0.794537,0.772858,0.762261,0.78466,0.812731,0.745317,0.738364,0.743484,0.736704,0.714998,0.794597,0.798339,0.765427,0.757614,0.774309,0.75655,0.791083,0.842307,0.764266,0.716449,0.746122,0.788732,0.826328,0.784756,0.819916,0.747617,0.725982,0.761006,0.727945,0.717795,0.7239611,0.782539,0.79857,0.79172,0.679266,0.719613,0.742153,0.778411,0.735734,0.7060188,0.712105,0.7088292,0.714322,0.719595,0.74739,0.806142,0.73731,0.840494,0.756419
0.739215,0.772961,0.721737,0.789989,0.800532,0.753067,0.786448,0.71875,0.789479,0.706661,0.764263,0.737855,0.680717,0.763673,0.849654,0.801348,1.0,0.84871,0.914287,0.842492,0.847585,0.872589,0.894892,0.801085,0.7306636,0.755407,0.777083,0.803858,0.889495,0.852769,0.788092,0.793345,0.701973,0.756872,0.810996,0.856423,0.7006536,0.813814,0.885445,0.7222224,0.803664,0.769549,0.731669,0.777125,0.880365,0.784835,0.848047,0.884403,0.760265,0.741539,0.768643,0.81483,0.724856,0.778217,0.817766,0.757709,0.739209,0.780735,0.728499,0.759489,0.750752,0.734311,0.854292,0.730389,0.778319,0.797555,0.704973,0.858792,0.756073,0.806991,0.836008,0.745836,0.804501,0.803806,0.771663,0.773838,0.763174,0.80384,0.722057,0.855329,0.822747,0.8032837,0.854597,0.761217,0.760301,0.777789,0.748128,0.801191,0.873438,0.831153,0.827329,0.777247,0.853419,0.707222,0.672673,0.76065,0.780462,0.777187,0.806472,0.794741
0.697389,0.772574,0.769253,0.780723,0.79603,0.841716,0.763048,0.816581,0.807773,0.715887,0.714202,0.761425,0.796323,0.759603,0.768662,0.792654,0.84871,1.0,0.93025,0.8030742,0.780499,0.90482,0.901754,0.732644,0.7126348,0.753263,0.830435,0.934659,0.926801,0.916749,0.737094,0.751424,0.812835,0.946655,0.82961,0.937904,0.856369,0.755908,0.824428,0.716564,0.778315,0.757368,0.690504,0.729235,0.832377,0.832355,0.922597,0.80633,0.839603,0.816269,0.736112,0.743862,0.692994,0.785562,0.762993,0.793669,0.73888,0.815239,0.706774,0.7426991,0.696704,0.817457,0.851669,0.682945,0.681391,0.732385,0.699197,0.859672,0.821523,0.76706,0.840457,0.787165,0.802585,0.802405,0.761743,0.758568,0.764725,0.902588,0.689072,0.766146,0.92035,0.920926,0.833452,0.727613,0.746542,0.847812,0.890968,0.925383,0.9398,0.801049,0.74892,0.734246,0.756029,0.806933,0.677171,0.741904,0.755063,0.853581,0.831869,0.850981
0.705525,0.803532,0.757509,0.825512,0.853606,0.819821,0.81342,0.797757,0.778431,0.76005,0.784668,0.79627,0.757276,0.752218,0.80986,0.78118,0.914287,0.93025,1.0,0.822459,0.806857,0.911423,0.883263,0.831875,0.770796,0.78656,0.827873,0.849353,0.907719,0.900599,0.763764,0.747222,0.761309,0.855356,0.858291,0.899354,0.803807,0.793613,0.846732,0.768498,0.814781,0.746002,0.74135,0.766273,0.865129,0.850818,0.849131,0.839398,0.831509,0.736281,0.780042,0.7819958,0.756848,0.825898,0.785874,0.786297,0.728951,0.767938,0.729121,0.737293,0.764979,0.846392,0.888461,0.694466,0.731138,0.772365,0.709051,0.89651,0.780487,0.780108,0.81399,0.823138,0.858362,0.814502,0.835509,0.821707,0.827036,0.858008,0.683153,0.797527,0.876234,0.86568,0.866287,0.769377,0.792486,0.848141,0.8579,0.875057,0.913378,0.83932,0.790409,0.761706,0.822431,0.746425,0.679228,0.77645,0.804654,0.825233,0.846275,0.768728
0.635197,0.787429,0.866149,0.888563,0.834621,0.855659,0.905539,0.841698,0.926913,0.814533,0.88713,0.813006,0.824523,0.848739,0.876003,0.753133,0.842492,0.8030742,0.822459,1.0,0.872891,0.841513,0.922909,0.855573,0.870466,0.906483,0.796594,0.861,0.882907,0.80932,0.922291,0.781801,0.688137,0.812156,0.764608,0.851813,0.741276,0.908353,0.864807,0.832478,0.754587,0.832172,0.814728,0.901434,0.941336,0.796283,0.884485,0.979994,0.83979,0.803981,0.901696,0.899606,0.868808,0.847944,0.926279,0.836925,0.888319,0.912433,0.855559,0.877633,0.834555,0.860198,0.840919,0.838996,0.907381,0.820077,0.829677,0.845153,0.78411,0.945138,0.956648,0.754833,0.894251,0.767165,0.825605,0.806956,0.845295,0.749948,0.863507,0.948107,0.790326,0.868147,0.825434,0.82073,0.814442,0.78027,0.729791,0.793491,0.880045,0.683761,0.91776,0.917978,0.950498,0.761733,0.737525,0.904822,0.844229,0.849685,0.816448,0.830942
0.6441947,0.742174,0.8202,0.826347,0.802713,0.804571,0.762554,0.711459,0.870946,0.726989,0.764638,0.742817,0.861325,0.922069,0.967494,0.720071,0.847585,0.780499,0.806857,0.872891,1.0,0.737393,0.928753,0.755256,0.7229815,0.763279,0.719079,0.748743,0.771479,0.747418,0.846674,0.754974,0.726461,0.735107,0.719481,0.843771,0.671344,0.831266,0.884159,0.6924772,0.749131,0.776007,0.778302,0.851615,0.839727,0.798718,0.796474,0.897996,0.759354,0.82165,0.853057,0.850954,0.821654,0.813792,0.866836,0.788279,0.911405,0.899953,0.733892,0.7424107,0.732495,0.84765,0.851788,0.892214,0.862785,0.91248,0.877858,0.793529,0.714446,0.885831,0.91453,0.658869,0.855372,0.688144,0.75976,0.740753,0.807742,0.722914,0.827591,0.849411,0.709622,0.798957,0.8328,0.787074,0.782553,0.756303,0.672011,0.671695,0.830652,0.731423,0.867479,0.802448,0.856571,0.671896,0.734798,0.799867,0.799045,0.747256,0.771875,0.7958093
0.708084,0.813108,0.826288,0.86727,0.839347,0.856544,0.84027,0.907672,0.825946,0.818856,0.793826,0.882885,0.733638,0.737573,0.764519,0.856182,0.872589,0.90482,0.911423,0.841513,0.737393,1.0,0.851636,0.820206,0.841186,0.878702,0.793819,0.87748,0.884614,0.913893,0.830525,0.828745,0.709208,0.817399,0.889247,0.863001,0.826989,0.843739,0.824222,0.865601,0.829967,0.802261,0.747272,0.830257,0.856068,0.7694808,0.811507,0.852564,0.879969,0.829771,0.836738,0.840606,0.817266,0.842267,0.82458,0.808678,0.749263,0.80346,0.788224,0.766195,0.80297,0.816039,0.836403,0.7151,0.721984,0.693047,0.724161,0.854141,0.757758,0.797768,0.76758,0.905591,0.820331,0.886725,0.876862,0.900009,0.839155,0.874472,0.732172,0.857905,0.867307,0.777204,0.773053,0.782485,0.813385,0.816731,0.863278,0.860337,0.868846,0.799387,0.845012,0.82866,0.832032,0.744503,0.710351,0.829604,0.821966,0.809656,0.861742,0.831596
0.6233297,0.791703,0.808766,0.851694,0.828595,0.828735,0.814535,0.768595,0.862184,0.733757,0.793861,0.759528,0.816995,0.905222,0.92931,0.792586,0.894892,0.901754,0.883263,0.922909,0.928753,0.851636,1.0,0.785655,0.779691,0.798782,0.784574,0.89442,0.907315,0.862105,0.848089,0.799673,0.756125,0.801066,0.776678,0.882743,0.697637,0.86836,0.848761,0.734437,0.724027,0.802546,0.773437,0.863691,0.871089,0.808941,0.876212,0.944075,0.798854,0.794276,0.838343,0.856454,0.809118,0.836475,0.867878,0.812665,0.834863,0.871576,0.7602782,0.808252,0.740789,0.817585,0.827297,0.853005,0.860563,0.861026,0.798459,0.835812,0.810357,0.911864,0.954704,0.698347,0.90995,0.730728,0.7572316,0.755462,0.80297,0.808729,0.818681,0.85821,0.821364,0.854076,0.830517,0.799305,0.797146,0.796356,0.744475,0.81217,0.870347,0.722714,0.841594,0.817963,0.863807,0.744123,0.6636912,0.84491,0.823348,0.81084,0.812891,0.875105
0.771058,0.68578,0.853593,0.909205,0.919621,0.807325,0.954678,0.880957,0.799676,0.941375,0.965004,0.930134,0.755006,0.781331,0.773196,0.721948,0.801085,0.732644,0.831875,0.855573,0.755256,0.820206,0.785655,1.0,0.945129,0.93617,0.84184,0.729765,0.790483,0.832296,0.889399,0.803972,0.613884,0.7282661,0.893688,0.759453,0.808668,0.884965,0.757642,0.938183,0.851334,0.819957,0.860806,0.874626,0.807417,0.848038,0.718678,0.830105,0.830723,0.743756,0.857036,0.801416,0.824577,0.89697,0.78789,0.766844,0.753641,0.783606,0.928668,0.84624,0.970856,0.826135,0.851467,0.772403,0.780697,0.719323,0.728539,0.8510479,0.752283,0.819363,0.800932,0.916559,0.838632,0.879052,0.955182,0.938512,0.938968,0.817078,0.799762,0.861416,0.795906,0.747101,0.803229,0.87336,0.881541,0.869131,0.814513,0.7540997,0.749813,0.824156,0.863082,0.872144,0.853273,0.709827,0.8191602,0.879336,0.893746,0.826116,0.83678,0.718386
0.747248,0.746401,0.844336,0.854092,0.851411,0.790316,0.921985,0.915585,0.803772,0.935837,0.914438,0.928221,0.706537,0.757425,0.7402352,0.721014,0.7306636,0.7126348,0.770796,0.870466,0.7229815,0.841186,0.779691,0.945129,1.0,0.928607,0.846803,0.773164,0.767271,0.821243,0.889022,0.759162,0.584448,0.748583,0.890495,0.696421,0.829882,0.863451,0.7532164,0.969141,0.841887,0.804841,0.823792,0.879325,0.877255,0.802993,0.7092224,0.867738,0.796573,0.713466,0.846944,0.861243,0.831511,0.830862,0.804839,0.790653,0.777874,0.781636,0.959621,0.887427,0.958489,0.782838,0.792997,0.754857,0.78954,0.6923374,0.736823,0.857522,0.762302,0.824151,0.782204,0.921046,0.809221,0.841963,0.929116,0.948051,0.904217,0.817403,0.827093,0.901865,0.786226,0.775949,0.79003,0.834402,0.822626,0.831877,0.844352,0.777449,0.755951,0.779502,0.850926,0.85606,0.834389,0.66977,0.7906535,0.873802,0.843199,0.840441,0.783074,0.7115192
0.658366,0.753946,0.846511,0.935748,0.90518,0.830484,0.964967,0.914204,0.831186,0.896705,0.948656,0.87592,0.7553,0.774595,0.791235,0.747183,0.755407,0.753263,0.78656,0.906483,0.763279,0.878702,0.798782,0.93617,0.928607,1.0,0.760322,0.751799,0.773025,0.755914,0.920411,0.791733,0.621405,0.7289803,0.812918,0.768412,0.783899,0.894806,0.7993,0.920678,0.783669,0.817214,0.8257407,0.89732,0.831756,0.777464,0.735241,0.892669,0.844627,0.7562294,0.932345,0.855902,0.918435,0.91008,0.844956,0.794946,0.759543,0.799136,0.88821,0.825996,0.914646,0.821251,0.819894,0.759142,0.825747,0.719332,0.736942,0.836966,0.6693518,0.865047,0.813849,0.906499,0.879743,0.817153,0.890406,0.889209,0.922111,0.752899,0.807614,0.925077,0.733338,0.700092,0.721935,0.844292,0.883424,0.803459,0.80526,0.735142,0.78513,0.730431,0.921345,0.926177,0.907972,0.738224,0.762543,0.893949,0.885416,0.771657,0.824429,0.746307
0.80531,0.662929,0.855459,0.789545,0.8461,0.731219,0.814139,0.806676,0.795473,0.819263,0.782746,0.81757,0.802162,0.708509,0.691407,0.682892,0.777083,0.830435,0.827873,0.796594,0.719079,0.793819,0.784574,0.84184,0.846803,0.760322,1.0,0.81054,0.888557,0.903389,0.81144,0.762799,0.694769,0.869099,0.929546,0.800017,0.919089,0.8031,0.711802,0.876941,0.848271,0.76559,0.806411,0.797338,0.853747,0.941996,0.853144,0.754465,0.75465,0.758243,0.738403,0.773807,0.717194,0.806669,0.730609,0.73308,0.769406,0.783634,0.809167,0.793268,0.812008,0.753916,0.769502,0.683896,0.7187691,0.637944,0.707737,0.776074,0.89622,0.750303,0.807127,0.875277,0.765566,0.831371,0.849365,0.866215,0.865037,0.859222,0.823961,0.790551,0.901321,0.913625,0.89911,0.858039,0.82063,0.924474,0.873908,0.917608,0.80007,0.828856,0.719297,0.768522,0.757718,0.6285161,0.81433,0.853561,0.84281,0.961948,0.717691,0.742351
0.647417,0.762907,0.79696,0.767704,0.718985,0.827189,0.767918,0.824599,0.796844,0.761463,0.7109723,0.80673,0.748684,0.732596,0.75874,0.7884558,0.803858,0.934659,0.849353,0.861,0.748743,0.87748,0.89442,0.729765,0.773164,0.751799,0.81054,1.0,0.918495,0.880006,0.714203,0.746278,0.753278,0.936064,0.787147,0.889628,0.840119,0.773845,0.793223,0.740611,0.767436,0.79744,0.6427022,0.720703,0.873023,0.748938,0.915835,0.864753,0.812257,0.83164,0.725432,0.774326,0.701448,0.727422,0.773599,0.791608,0.756152,0.789996,0.77073,0.820297,0.741474,0.806903,0.829456,0.702415,0.704111,0.707573,0.703915,0.813844,0.821366,0.822062,0.845178,0.763329,0.805481,0.802169,0.805107,0.776886,0.700849,0.857581,0.675977,0.772342,0.871279,0.916153,0.808042,0.667648,0.668101,0.77437,0.842732,0.897052,0.914956,0.75829,0.749248,0.725895,0.769577,0.738481,0.689426,0.741886,0.691793,0.854624,0.798869,0.85293
0.7074,0.719154,0.7751094,0.795434,0.798008,0.817,0.834661,0.783603,0.771185,0.74473,0.797437,0.755389,0.742778,0.713186,0.764658,0.765098,0.889495,0.926801,0.907719,0.882907,0.771479,0.884614,0.907315,0.790483,0.767271,0.773025,0.888557,0.918495,1.0,0.916306,0.774679,0.750512,0.697045,0.906979,0.84869,0.894877,0.866011,0.808352,0.8091478,0.784653,0.808539,0.773227,0.740557,0.754543,0.873932,0.823982,0.941909,0.882484,0.812951,0.819125,0.746243,0.7817963,0.7141453,0.781904,0.783061,0.767938,0.729366,0.763953,0.76029,0.800032,0.749284,0.770728,0.801155,0.672271,0.767354,0.691859,0.654691,0.817749,0.860873,0.807074,0.88514,0.809458,0.811408,0.821321,0.780239,0.785959,0.784352,0.864661,0.744267,0.826975,0.907625,0.913833,0.840911,0.777066,0.772473,0.839226,0.859695,0.947521,0.907053,0.818708,0.792134,0.774671,0.843532,0.725401,0.706965,0.791836,0.794691,0.891102,0.819406,0.861682
0.782367,0.729543,0.808412,0.831466,0.858613,0.789635,0.8007722,0.844072,0.81574,0.820949,0.7768957,0.839132,0.778813,0.774757,0.742356,0.792942,0.852769,0.916749,0.900599,0.80932,0.747418,0.913893,0.862105,0.832296,0.821243,0.755914,0.903389,0.880006,0.916306,1.0,0.791952,0.823776,0.723827,0.866795,0.954695,0.858876,0.893195,0.837248,0.737146,0.85837,0.860772,0.784318,0.835636,0.812056,0.836917,0.89162,0.826163,0.798307,0.809386,0.781892,0.739366,0.782103,0.709625,0.837179,0.752153,0.778361,0.749566,0.808057,0.807919,0.804116,0.810902,0.789244,0.872045,0.730599,0.726356,0.721907,0.691608,0.903694,0.863611,0.767161,0.812961,0.891563,0.812566,0.898686,0.857936,0.873887,0.874807,0.951823,0.774927,0.770043,0.932552,0.860744,0.835148,0.868647,0.855881,0.911253,0.919699,0.921477,0.851527,0.865762,0.739351,0.778105,0.748016,0.702681,0.775218,0.844076,0.869074,0.900868,0.819121,0.812747
0.747895,0.73821,0.877494,0.911103,0.883523,0.824064,0.896199,0.815629,0.883388,0.855339,0.893755,0.854913,0.7770873,0.851516,0.857921,0.739972,0.788092,0.737094,0.763764,0.922291,0.846674,0.830525,0.848089,0.889399,0.889022,0.920411,0.81144,0.714203,0.774679,0.791952,1.0,0.77111,0.652074,0.6635303,0.86506,0.763695,0.788442,0.911405,0.838609,0.891101,0.829505,0.815628,0.876146,0.960823,0.821819,0.856749,0.726329,0.904697,0.860199,0.852177,0.93504,0.89981,0.897962,0.895287,0.89853,0.84321,0.868495,0.867474,0.858659,0.808736,0.86674,0.810738,0.801003,0.840973,0.907903,0.793767,0.815,0.813075,0.741686,0.904346,0.89894,0.868798,0.854749,0.847295,0.880003,0.878235,0.940919,0.755659,0.932261,0.937763,0.762942,0.722638,0.730032,0.903599,0.897335,0.860515,0.800161,0.714908,0.745881,0.750305,0.939077,0.955374,0.916977,0.729799,0.836988,0.948127,0.911732,0.792718,0.844673,0.843229
0.684548,0.766686,0.760972,0.839478,0.881474,0.732725,0.837192,0.784078,0.791915,0.7623042,0.780006,0.795093,0.72578,0.776187,0.780023,0.868364,0.793345,0.751424,0.747222,0.781801,0.754974,0.828745,0.799673,0.803972,0.759162,0.791733,0.762799,0.746278,0.750512,0.823776,0.77111,1.0,0.690115,0.696261,0.81037,0.746088,0.68907,0.944027,0.695693,0.816729,0.770701,0.919963,0.907565,0.808501,0.773359,0.85698,0.710092,0.798746,0.758876,0.755925,0.772559,0.792284,0.769049,0.859913,0.77051,0.745951,0.737858,0.774283,0.767392,0.776655,0.764593,0.747158,0.809066,0.810519,0.765978,0.720832,0.729091,0.831762,0.784415,0.817594,0.750517,0.738312,0.834026,0.805934,0.790264,0.811004,0.825387,0.715951,0.824595,0.765166,0.745876,0.714171,0.807132,0.903114,0.883629,0.762727,0.681749,0.730048,0.760069,0.771254,0.735867,0.756337,0.709249,0.684621,0.825887,0.823323,0.912226,0.79521,0.755602,0.710401
0.753795,0.782025,0.73111,0.691711,0.671836,0.721619,0.621349,0.639401,0.753928,0.587229,0.576584,0.629365,0.738941,0.713628,0.734331,0.82174,0.701973,0.812835,0.761309,0.688137,0.726461,0.709208,0.756125,0.613884,0.584448,0.621405,0.694769,0.753278,0.697045,0.723827,0.652074,0.690115,1.0,0.74972,0.639249,0.724506,0.621269,0.656878,0.6413802,0.569389,0.609005,0.710439,0.639177,0.639009,0.754939,0.715135,0.731328,0.657429,0.686449,0.629287,0.697839,0.680149,0.664356,0.691045,0.720988,0.737767,0.746647,0.787279,0.549237,0.6113949,0.59661,0.746586,0.765673,0.705074,0.6733457,0.713397,0.701599,0.709092,0.80322,0.727358,0.745848,0.5895143,0.746347,0.603515,0.635929,0.605929,0.63948,0.775964,0.621982,0.627528,0.765193,0.813478,0.751079,0.644432,0.647362,0.711266,0.648392,0.672843,0.751193,0.600665,0.644458,0.657405,0.661368,0.696527,0.5928439,0.661458,0.629257,0.736214,0.669092,0.688359
0.670043,0.697266,0.791758,0.729832,0.7307408,0.791966,0.765309,0.841677,0.795215,0.780096,0.733119,0.780909,0.788358,0.687835,0.69116,0.6902936,0.756872,0.946655,0.855356,0.812156,0.735107,0.817399,0.801066,0.7282661,0.748583,0.7289803,0.869099,0.936064,0.906979,0.866795,0.6635303,0.696261,0.74972,1.0,0.805788,0.904937,0.917799,0.724011,0.802844,0.748695,0.728659,0.731713,0.663298,0.67391,0.853255,0.822523,0.937449,0.795089,0.769868,0.782311,0.67255,0.692117,0.639125,0.706847,0.705292,0.753031,0.757973,0.796839,0.775391,0.836863,0.761273,0.816226,0.823903,0.644678,0.634865,0.690849,0.689932,0.843393,0.846909,0.742125,0.798148,0.779809,0.723656,0.743317,0.791897,0.781594,0.750133,0.866042,0.649902,0.7510763,0.929272,0.953425,0.833567,0.6785127,0.6841397,0.844674,0.898987,0.951435,0.925416,0.76827,0.73208,0.6955978,0.744808,0.780163,0.711502,0.71979,0.6943091,0.921395,0.753476,0.775802
0.803851,0.706821,0.832412,0.838145,0.889716,0.76758,0.842008,0.847428,0.776722,0.868834,0.833672,0.890465,0.73802,0.754029,0.722615,0.768991,0.810996,0.82961,0.858291,0.764608,0.719481,0.889247,0.776678,0.893688,0.890495,0.812918,0.929546,0.787147,0.84869,0.954695,0.86506,0.81037,0.639249,0.805788,1.0,0.796685,0.909252,0.8557,0.745991,0.940826,0.873528,0.779921,0.887601,0.875185,0.798632,0.925209,0.761642,0.746754,0.824477,0.776511,0.785485,0.799367,0.753467,0.855377,0.738532,0.773554,0.75018,0.758066,0.857249,0.794398,0.865006,0.759093,0.800885,0.751812,0.741512,0.696787,0.696366,0.861362,0.855643,0.745716,0.767099,0.955903,0.768503,0.911752,0.914713,0.949421,0.944958,0.905021,0.852298,0.811624,0.898403,0.814534,0.805998,0.931567,0.90748,0.933871,0.928333,0.89764,0.775253,0.860028,0.783627,0.808921,0.741092,0.657526,0.828713,0.886092,0.920727,0.885389,0.819511,0.762692
0.664677,0.742543,0.759634,0.798,0.798663,0.821657,0.774487,0.791627,0.851754,0.6864931,0.73586,0.761157,0.849194,0.817472,0.797442,0.728052,0.856423,0.937904,0.899354,0.851813,0.843771,0.863001,0.882743,0.759453,0.696421,0.768412,0.800017,0.889628,0.894877,0.858876,0.763695,0.746088,0.724506,0.904937,0.796685,1.0,0.824415,0.790851,0.894488,0.707249,0.801631,0.766011,0.725286,0.77249,0.837046,0.842484,0.939582,0.838773,0.812945,0.884221,0.781901,0.768933,0.724759,0.785516,0.811356,0.761827,0.805438,0.861227,0.6638284,0.727939,0.6853846,0.809316,0.8119033,0.761107,0.733179,0.786543,0.74696,0.825476,0.760818,0.79841,0.854773,0.741522,0.769939,0.783047,0.779202,0.748142,0.793451,0.813425,0.7282684,0.779331,0.839565,0.889203,0.849549,0.753302,0.756963,0.809247,0.820974,0.856755,0.972632,0.832559,0.805874,0.78518,0.788992,0.782895,0.718235,0.752073,0.772092,0.833757,0.828296,0.89096
0.733881,0.6071514,0.820596,0.734388,0.775866,0.698888,0.813112,0.810024,0.738158,0.812232,0.783494,0.811678,0.781998,0.673756,0.63296,0.650986,0.7006536,0.856369,0.803807,0.741276,0.671344,0.826989,0.697637,0.808668,0.829882,0.783899,0.919089,0.840119,0.866011,0.893195,0.788442,0.68907,0.621269,0.917799,0.909252,0.824415,1.0,0.726933,0.747723,0.866605,0.833817,0.722658,0.748058,0.744673,0.789698,0.892265,0.836497,0.716938,0.723393,0.774905,0.6935388,0.725349,0.690251,0.75634,0.657628,0.702275,0.715568,0.727543,0.801321,0.758033,0.81438,0.742001,0.763756,0.665091,0.641233,0.609771,0.672124,0.804536,0.816407,0.66184,0.719294,0.900407,0.681058,0.822514,0.829924,0.846775,0.842269,0.875598,0.773445,0.785522,0.904653,0.87374,0.848374,0.791683,0.781057,0.895752,0.966275,0.934807,0.841083,0.846385,0.743785,0.71825,0.729256,0.694752,0.864622,0.780677,0.779241,0.889616,0.6917217,0.7325255
0.706117,0.7517104,0.82767,0.916231,0.91623,0.814196,0.923165,0.82753,0.869214,0.849586,0.887442,0.859707,0.762971,0.850044,0.861014,0.840012,0.813814,0.755908,0.793613,0.908353,0.831266,0.843739,0.86836,0.884965,0.863451,0.894806,0.8031,0.773845,0.808352,0.837248,0.911405,0.944027,0.656878,0.724011,0.8557,0.790851,0.726933,1.0,0.799559,0.898205,0.816778,0.907332,0.945282,0.922998,0.834652,0.87158,0.764269,0.907427,0.849095,0.788694,0.880831,0.879722,0.854989,0.912681,0.868738,0.821851,0.828866,0.842865,0.857035,0.836555,0.854644,0.822636,0.843328,0.869892,0.880663,0.794609,0.781166,0.858217,0.809262,0.917061,0.86811,0.798596,0.893273,0.849073,0.866242,0.874056,0.917155,0.716402,0.905677,0.880751,0.764465,0.756138,0.785548,0.950909,0.933929,0.815554,0.749144,0.755048,0.802993,0.771089,0.869574,0.891805,0.849671,0.699957,0.822555,0.927449,0.962652,0.828255,0.840391,0.77194
0.6125019,0.771165,0.809091,0.795992,0.746597,0.861233,0.759928,0.743926,0.826278,0.747284,0.7524284,0.781668,0.754819,0.807144,0.87071,0.732525,0.885445,0.824428,0.846732,0.864807,0.884159,0.824222,0.848761,0.757642,0.7532164,0.7993,0.711802,0.793223,0.8091478,0.737146,0.838609,0.695693,0.6413802,0.802844,0.745991,0.894488,0.747723,0.799559,1.0,0.7421431,0.789563,0.776954,0.744533,0.8594,0.845597,0.753183,0.902645,0.897929,0.856373,0.862062,0.864882,0.867833,0.822983,0.761678,0.868708,0.846283,0.833804,0.812378,0.755455,0.7312979,0.756779,0.829264,0.795304,0.789257,0.825428,0.820467,0.834604,0.743197,0.6437799,0.833731,0.79604,0.7111811,0.751393,0.769864,0.801682,0.778736,0.808589,0.708153,0.771231,0.884201,0.691598,0.794513,0.7739114,0.734641,0.73775,0.703272,0.754395,0.759176,0.896663,0.781222,0.914969,0.833893,0.877052,0.806883,0.720023,0.803071,0.756007,0.724342,0.876061,0.835129
0.765507,0.724888,0.834707,0.856865,0.869795,0.794442,0.930002,0.920269,0.776955,0.931819,0.905692,0.933429,0.71316,0.725828,0.7069379,0.768627,0.7222224,0.716564,0.768498,0.832478,0.6924772,0.865601,0.734437,0.938183,0.969141,0.920678,0.876941,0.740611,0.784653,0.85837,0.891101,0.816729,0.569389,0.748695,0.940826,0.707249,0.866605,0.898205,0.7421431,1.0,0.858158,0.823832,0.879876,0.881551,0.839536,0.84393,0.700698,0.830105,0.823476,0.749986,0.83328,0.854718,0.814647,0.843266,0.786366,0.781339,0.759699,0.756085,0.930595,0.852016,0.93807,0.780494,0.783725,0.755415,0.782751,0.6625859,0.723376,0.83621,0.797348,0.79255,0.744409,0.94744,0.773455,0.880008,0.935505,0.973565,0.935161,0.828365,0.844633,0.887858,0.790297,0.749229,0.792143,0.900406,0.874373,0.85249,0.871544,0.809836,0.752907,0.809613,0.842438,0.844918,0.815571,0.681694,0.82816,0.885558,0.897386,0.856805,0.809106,0.72634
0.800561,0.702522,0.7928,0.802623,0.838234,0.801592,0.786306,0.804226,0.720651,0.853322,0.814475,0.871062,0.750958,0.723585,0.729576,0.732391,0.803664,0.778315,0.814781,0.754587,0.749131,0.829967,0.724027,0.851334,0.841887,0.783669,0.848271,0.767436,0.808539,0.860772,0.829505,0.770701,0.609005,0.728659,0.873528,0.801631,0.833817,0.816778,0.789563,0.858158,1.0,0.76435,0.826922,0.823141,0.745688,0.875684,0.723359,0.72925,0.835414,0.867818,0.77463,0.82651,0.742262,0.823327,0.745658,0.751118,0.708064,0.6962073,0.828444,0.718829,0.845353,0.74274,0.824136,0.688326,0.727169,0.711254,0.732704,0.814571,0.739063,0.759269,0.741817,0.834336,0.7476,0.959649,0.858851,0.868075,0.855132,0.792935,0.812476,0.746929,0.772898,0.754026,0.838034,0.838631,0.822516,0.833417,0.848836,0.783751,0.792623,0.962764,0.758757,0.802248,0.705966,0.65343,0.87008,0.831278,0.842935,0.781789,0.839793,0.825318
0.710165,0.798487,0.817973,0.860721,0.818915,0.80766,0.864737,0.7741917,0.816769,0.793922,0.826094,0.801467,0.760704,0.793101,0.820614,0.826114,0.769549,0.757368,0.746002,0.832172,0.776007,0.802261,0.802546,0.819957,0.804841,0.817214,0.76559,0.79744,0.773227,0.784318,0.815628,0.919963,0.710439,0.731713,0.779921,0.766011,0.722658,0.907332,0.776954,0.823832,0.76435,1.0,0.89189,0.841341,0.808464,0.803971,0.760208,0.848323,0.81387,0.827963,0.842864,0.841139,0.781492,0.823254,0.826407,0.805795,0.77012,0.792747,0.794871,0.781637,0.803741,0.814311,0.841176,0.827648,0.839224,0.782212,0.803629,0.787193,0.749662,0.856237,0.77143,0.716608,0.814889,0.802149,0.824942,0.80318,0.832323,0.731596,0.8042017,0.840319,0.719124,0.742516,0.78985,0.844656,0.808338,0.73449,0.680625,0.698,0.790469,0.725763,0.844355,0.836244,0.792004,0.729455,0.875357,0.862562,0.837483,0.802715,0.81159,0.791113
0.740613,0.732308,0.794096,0.860993,0.88302,0.756275,0.875016,0.778817,0.798832,0.8348,0.862468,0.82991,0.752488,0.814274,0.798888,0.795567,0.731669,0.690504,0.74135,0.814728,0.778302,0.747272,0.773437,0.860806,0.823792,0.8257407,0.806411,0.6427022,0.740557,0.835636,0.876146,0.907565,0.639177,0.663298,0.887601,0.725286,0.748058,0.945282,0.744533,0.879876,0.826922,0.89189,1.0,0.883764,0.751015,0.882821,0.650793,0.806577,0.797366,0.749073,0.869547,0.809729,0.863666,0.876324,0.787056,0.776674,0.755769,0.773977,0.831764,0.780337,0.828196,0.772872,0.812839,0.826019,0.845412,0.761599,0.741875,0.805216,0.768994,0.823838,0.792579,0.825626,0.842633,0.861657,0.845578,0.868128,0.916512,0.763731,0.902919,0.821907,0.730325,0.6888198,0.762275,0.977916,0.946548,0.829535,0.771812,0.712698,0.707177,0.817343,0.829132,0.850836,0.784327,0.675866,0.883666,0.887029,0.956773,0.793993,0.79352,0.713519
0.695922,0.714659,0.884273,0.941357,0.907763,0.848554,0.887121,0.826085,0.894588,0.858441,0.875901,0.8661,0.817716,0.902262,0.868236,0.761173,0.777125,0.729235,0.766273,0.901434,0.851615,0.830257,0.863691,0.874626,0.879325,0.89732,0.797338,0.720703,0.754543,0.812056,0.960823,0.808501,0.639009,0.67391,0.875185,0.77249,0.744673,0.922998,0.8594,0.881551,0.823141,0.841341,0.883764,1.0,0.799636,0.861798,0.7112,0.903882,0.863727,0.834243,0.930974,0.87539,0.87888,0.925581,0.875441,0.893171,0.865681,0.86907,0.867233,0.788148,0.856121,0.837674,0.822603,0.888558,0.883683,0.831146,0.82255,0.829538,0.760872,0.887622,0.866756,0.857961,0.854148,0.852474,0.877655,0.8748,0.951899,0.750407,0.925964,0.901904,0.771346,0.704623,0.739988,0.906677,0.917885,0.860699,0.7706971,0.710076,0.758015,0.74723,0.928885,0.957069,0.869152,0.724389,0.793036,0.983208,0.931128,0.806412,0.865963,0.849408
