0,1,2,3,4,5,6,7,8,9,10,11,12,13,14,15,16,17,18,19,20,21,22,23,24,25,26,27,28,29,30,31,32,33,34,35,36,37,38,39,40,41,42,43,44,45,46,47,48,49,50,51,52,53,54,55,56,57,58,59,60,61,62,63,64,65,66,67,68,69,70,71,72,73,74,75,76,77,78,79,80,81,82,83,84,85,86,87,88,89,90,91,92,93,94,95,96,97,98,99
1.0,0.783437,0.845043,0.874705,0.733845,0.759999,0.738361,0.826823,0.667679,0.673636,0.79198,0.788146,0.655433,0.6497834,0.7387815,0.748259,0.638413,0.648963,0.6531366,0.526302,0.6782608,0.694628,0.59201,0.757417,0.674644,0.769822,0.727884,0.773592,0.602179,0.712583,0.665445,0.728658,0.755418,0.674074,0.760256,0.4472919,0.662733,0.851064,0.684171,0.609207,0.609896,0.711692,0.76197,0.767158,0.818093,0.829434,0.818364,0.841124,0.6103961,0.644856,0.780748,0.637632,0.769118,0.786911,0.736919,0.758974,0.73561733,0.721985,0.819421,0.6547,0.719013,0.605378,0.610016,0.743065,0.665978,0.7380105,0.737108,0.736954,0.656268,0.658176,0.668259,0.6806182,0.661743,0.5508428,0.615259,0.668067,0.637694,0.65755,0.705797,0.599875,0.741943,0.64344,0.804848,0.707309,0.872654,0.687353,0.646091,0.659904,0.544321,0.62054,0.807092,0.6772896,0.613849,0.5492161,0.567476,0.73655,0.880549,0.650116,0.66022,0.649936
0.783437,1.0,0.810094,0.815214,0.788823,0.785497,0.811793,0.834864,0.824426,0.74936,0.810686,0.799578,0.720596,0.663325,0.737079,0.968052,0.613374,0.709281,0.637722,0.624903,0.623826,0.756867,0.6454489,0.797542,0.826066,0.853248,0.6573228,0.74052,0.571959,0.705783,0.857437,0.7661141,0.794437,0.698987,0.879731,0.63447,0.775096,0.85372,0.7433232,0.736888,0.635233,0.7576722,0.728622,0.685188,0.713504,0.753638,0.722795,0.683366,0.735739,0.775033,0.745799,0.842702,0.838464,0.873548,0.863539,0.812574,0.829191,0.83151,0.7828486,0.743817,0.7539772,0.700944,0.639049,0.694555,0.651728,0.729579,0.723052,0.683153,0.675953,0.69528,0.614616,0.6461572,0.725347,0.821211,0.817951,0.823721,0.625125,0.689777,0.736949,0.60909,0.62475,0.811714,0.838974,0.725905,0.803272,0.736728,0.6424135,0.757583,0.727049,0.848242,0.701017,0.630142,0.586706,0.696544,0.823116,0.754594,0.78897,0.66822,0.6572056,0.6132541
0.845043,0.810094,1.0,0.849717,0.765299,0.743613,0.841195,0.870597,0.596365,0.6031159,0.726745,0.749553,0.765422,0.739105,0.85141,0.72657,0.653814,0.682958,0.752453,0.559052,0.75007,0.668234,0.530387,0.693405,0.5875528,0.773646,0.711602,0.845412,0.715797,0.696943,0.778253,0.790951,0.877989,0.7035522,0.733265,0.651676,0.6139333,0.845552,0.792454,0.628293,0.736479,0.686355,0.825292,0.791131,0.856825,0.874957,0.721296,0.679577,0.725851,0.617961,0.674406,0.698741,0.703661,0.824729,0.7962,0.81061,0.766634,0.736125,0.715906,0.627452,0.72584,0.664178,0.616554,0.842002,0.810066,0.806849,0.750572,0.730402,0.5381833,0.611687,0.656429,0.664299,0.5532728,0.663732,0.661607,0.676669,0.664833,0.6045467,0.815665,0.675555,0.56538,0.6978413,0.729997,0.696141,0.847102,0.642486,0.664355,0.655375,0.579005,0.73116,0.665858,0.783575,0.64575,0.610894,0.716116,0.763683,0.7914329,0.674428,0.732649,0.718011
0.874705,0.815214,0.849717,1.0,0.858166,0.76909,0.854398,0.931979,0.641691,0.7479,0.711925,0.7731,0.830685,0.812776,0.869523,0.798836,0.732201,0.64018,0.7482265,0.553187,0.703936,0.760184,0.624873,0.79545,0.659784,0.723651,0.755352,0.829324,0.631197,0.852597,0.737107,0.835031,0.915946,0.68007,0.873115,0.571214,0.636873,0.973224,0.785332,0.702813,0.67991,0.6727297,0.876792,0.7203,0.873577,0.912214,0.746894,0.829856,0.663433,0.680857,0.862841,0.637442,0.656546,0.911829,0.748268,0.664656,0.850307,0.800112,0.810177,0.771058,0.827102,0.680342,0.655146,0.829199,0.830637,0.816679,0.824301,0.907562,0.6725932,0.6496272,0.6884318,0.781739,0.720395,0.615794,0.743287,0.655875,0.776381,0.713901,0.783675,0.739437,0.692982,0.679858,0.774374,0.736947,0.972141,0.642238,0.5568632,0.6114304,0.594864,0.782448,0.675618,0.662553,0.533381,0.5914894,0.687025,0.65007,0.89079,0.692379,0.6513,0.696311
0.733845,0.788823,0.765299,0.858166,1.0,0.631645,0.755735,0.7397314,0.677946,0.800474,0.77101,0.851995,0.892638,0.785514,0.832303,0.745703,0.734072,0.643744,0.768115,0.652658,0.729474,0.800099,0.623592,0.663873,0.807907,0.79038,0.642631,0.820902,0.767513,0.890163,0.767808,0.87198,0.834061,0.789491,0.909146,0.617709,0.6635849,0.846973,0.814559,0.63929,0.656533,0.827198,0.89182,0.705922,0.74462,0.848632,0.683438,0.674009,0.695467,0.682132,0.799244,0.6018365,0.746905,0.92685,0.869407,0.5821955,0.903042,0.686014,0.729232,0.776284,0.777227,0.739849,0.727894,0.824443,0.782213,0.78255,0.860221,0.901559,0.703064,0.743642,0.742598,0.937669,0.709495,0.656088,0.81035,0.839308,0.816497,0.6617265,0.922798,0.753866,0.711184,0.744625,0.895819,0.779814,0.809882,0.622252,0.692135,0.63976,0.72661,0.84003,0.840435,0.62565,0.639745,0.729687,0.768981,0.697109,0.736488,0.641289,0.642522,0.614241
0.759999,0.785497,0.743613,0.76909,0.631645,1.0,0.6985443,0.745829,0.735831,0.563072,0.766224,0.627843,0.6045675,0.728475,0.710199,0.739993,0.703268,0.746266,0.704468,0.717469,0.648966,0.724835,0.648546,0.765912,0.789503,0.772715,0.693045,0.719273,0.615621,0.760567,0.854708,0.753204,0.794965,0.656172,0.646752,0.710558,0.696882,0.72152,0.625232,0.724174,0.685979,0.718108,0.693282,0.694859,0.804931,0.725589,0.688125,0.701098,0.840163,0.7255897,0.65801,0.828037,0.799626,0.679285,0.850189,0.896039,0.642667,0.804929,0.721984,0.7684,0.858188,0.680726,0.687311,0.739698,0.737869,0.6760997,0.653789,0.688012,0.732625,0.68437,0.683227,0.6425988,0.805165,0.828512,0.685781,0.736846,0.669186,0.726721,0.706353,0.760728,0.6629244,0.780638,0.669998,0.7444396,0.780312,0.747835,0.6912924,0.718066,0.724616,0.698835,0.710258,0.805544,0.591546,0.680965,0.735033,0.761164,0.720865,0.6627615,0.834426,0.75068
0.738361,0.811793,0.841195,0.854398,0.755735,0.6985443,1.0,0.949604,0.788486,0.749656,0.6541105,0.795934,0.7693548,0.73465,0.800484,0.829435,0.741084,0.72249,0.6854302,0.5435936,0.682626,0.869943,0.618346,0.704537,0.692051,0.726549,0.725268,0.831501,0.707461,0.789892,0.700858,0.853533,0.807191,0.703299,0.787342,0.4637772,0.789319,0.856234,0.721865,0.715349,0.682347,0.771254,0.7740371,0.718295,0.801226,0.779066,0.654831,0.755301,0.636023,0.631168,0.768457,0.729032,0.700309,0.762683,0.694632,0.705572,0.765929,0.802904,0.784628,0.711884,0.689257,0.702855,0.6691,0.728563,0.733324,0.787275,0.74958,0.7354401,0.755127,0.655988,0.708737,0.7961,0.689705,0.556762,0.658007,0.6382466,0.658354,0.712837,0.841081,0.646886,0.702361,0.668238,0.757433,0.809918,0.904456,0.76811,0.802117,0.737031,0.639491,0.712691,0.750695,0.664049,0.676167,0.551079,0.5796234,0.781594,0.848209,0.6721146,0.703659,0.706897
0.826823,0.834864,0.870597,0.931979,0.7397314,0.745829,0.949604,1.0,0.6705378,0.74195,0.683708,0.763933,0.760151,0.737402,0.810289,0.822249,0.719744,0.742194,0.678541,0.510696,0.637048,0.788368,0.5910316,0.730748,0.5901207,0.6968156,0.711873,0.80957,0.621192,0.765328,0.733168,0.863453,0.910805,0.6949116,0.801853,0.5041447,0.694239,0.915442,0.761097,0.689025,0.696738,0.730436,0.780011,0.769778,0.851969,0.812754,0.672534,0.777603,0.689365,0.635955,0.811089,0.701928,0.73201,0.839413,0.74422,0.7139672,0.849576,0.841758,0.779031,0.704317,0.790395,0.677486,0.65242,0.762794,0.773642,0.757987,0.775009,0.779204,0.7141,0.62214,0.651604,0.783248,0.666952,0.606273,0.735362,0.646187,0.6153349,0.69405,0.838194,0.71591,0.692186,0.627118,0.749867,0.78573,0.933553,0.684764,0.682483,0.652097,0.526139,0.751741,0.722419,0.6764263,0.680413,0.561611,0.635765,0.791785,0.861734,0.631045,0.7010479,0.727437
0.667679,0.824426,0.596365,0.641691,0.677946,0.735831,0.788486,0.6705378,1.0,0.711062,0.717739,0.69143,0.607923,0.654578,0.6234743,0.896693,0.751928,0.800337,0.647081,0.817928,0.621762,0.80823,0.7202137,0.687254,0.819972,0.725167,0.680359,0.692465,0.773536,0.784418,0.741163,0.6268943,0.6451462,0.782805,0.74492,0.655436,0.894655,0.673643,0.555263,0.80796,0.58405369,0.67242,0.6412786,0.67624,0.620133,0.667926,0.588255075,0.659088,0.830509,0.74899,0.78584,0.789463,0.658889,0.667944,0.6891524,0.6316829,0.67338,0.770197,0.810008,0.783169,0.701991,0.6722395,0.730843,0.642098,0.630957,0.68936,0.674959,0.612729,0.80508,0.815055,0.6523546,0.745804,0.83701,0.740234,0.756579,0.779202,0.754752,0.759908,0.697442,0.651859,0.634987,0.838222,0.764917,0.754045,0.674399,0.801427,0.912544,0.785642,0.855468,0.737477,0.703869,0.753123,0.804165,0.781369,0.785057,0.762569,0.688176,0.686083,0.788518,0.686331
0.673636,0.74936,0.6031159,0.7479,0.800474,0.563072,0.749656,0.74195,0.711062,1.0,0.691864,0.826497,0.687994,0.698801,0.665568,0.794673,0.630853,0.638416,0.649742,0.744626,0.673779,0.737776,0.707836,0.691401,0.741378,0.667078,0.708529,0.607111,0.594015,0.703393,0.6871959,0.694515,0.741361,0.654402,0.852566,0.649396,0.744952,0.763177,0.8242259,0.790446,0.710314,0.793859,0.7406308,0.687804,0.682064,0.634135,0.651358,0.7012546,0.645614,0.6562936,0.824434,0.666009,0.732773,0.781736,0.720788,0.570502,0.809768,0.65669,0.808132,0.804448,0.690236,0.661422,0.644694,0.630682,0.740614,0.650529,0.750037,0.718985,0.6675313,0.660185,0.705502,0.745711,0.6393855,0.623319,0.806056,0.74423,0.635498,0.6839598,0.774283,0.645653,0.75952,0.567009,0.81956,0.650528,0.753093,0.644546,0.618475,0.644935,0.717254,0.740321,0.769154,0.618487,0.743756,0.757079,0.693258,0.739109,0.766747,0.553089,0.6255834,0.671404
0.79198,0.810686,0.726745,0.711925,0.77101,0.766224,0.6541105,0.683708,0.717739,0.691864,1.0,0.87039,0.69625,0.708768,0.733409,0.757648,0.755683,0.666435,0.787163,0.729601,0.771406,0.742483,0.747643,0.801253,0.833761,0.837024,0.7256,0.854087,0.715548,0.716168,0.752811,0.753082,0.708696,0.694301,0.778912,0.649672,0.779907,0.692524,0.721713,0.603944,0.639475,0.870107,0.772486,0.678144,0.793728,0.783111,0.878817,0.788843,0.765929,0.794661,0.624209,0.757424,0.829732,0.73132,0.78558,0.763587,0.754927,0.644958,0.686462,0.665989,0.662995,0.76762,0.672379,0.7024924,0.683557,0.741033,0.785843,0.696157,0.750472,0.716375,0.746541,0.735855,0.7467,0.670865,0.737827,0.804722,0.741151,0.764278,0.777043,0.616728,0.6699292,0.720236,0.804707,0.760706,0.732122,0.720487,0.7030722,0.774393,0.69911,0.715368,0.76202,0.786292,0.6552206,0.721468,0.75032,0.685835,0.779002,0.746131,0.783584,0.742269
0.788146,0.799578,0.749553,0.7731,0.851995,0.627843,0.795934,0.763933,0.69143,0.826497,0.87039,1.0,0.787477,0.754016,0.759645,0.785829,0.709685,0.614239,0.729643,0.5960047,0.774738,0.855249,0.721761,0.800946,0.75441,0.780252,0.725925,0.860241,0.722393,0.771171,0.731791,0.822594,0.75414,0.765447,0.857493,0.594301,0.711607,0.777619,0.813259,0.5648752,0.659488,0.815552,0.898807,0.688573,0.790921,0.801868,0.758658,0.742319,0.6528495,0.812451,0.776912,0.592783,0.709211,0.795608,0.759284,0.654087,0.784759,0.664416,0.695776,0.740872,0.58883,0.668901,0.643805,0.731512,0.75157,0.781509,0.804626,0.766714,0.739306,0.7117,0.784067,0.798766,0.699103,0.566839,0.656978,0.785333,0.735848,0.711069,0.828395,0.666733,0.68341,0.729025,0.846328,0.845616,0.757736,0.744143,0.672818,0.750147,0.6663984,0.728623,0.807859,0.619436,0.627125,0.714215,0.716284,0.746021,0.81809,0.695737,0.668784,0.59849
0.655433,0.720596,0.765422,0.830685,0.892638,0.6045675,0.7693548,0.760151,0.607923,0.687994,0.69625,0.787477,1.0,0.897457,0.921495,0.698386,0.796995,0.660928,0.837881,0.641906,0.86358,0.799767,0.740219,0.73855,0.725538,0.714761,0.832668,0.848647,0.808823,0.855159,0.671056,0.879451,0.760932,0.697828,0.757994,0.600605,0.664399,0.855286,0.781745,0.600812,0.700285,0.694448,0.896201,0.680105,0.753539,0.852478,0.6692518,0.754002,0.664678,0.697883,0.728155,0.676218,0.6827685,0.814273,0.764609,0.585682,0.808554,0.722727,0.723902,0.709514,0.67395,0.859777,0.770349,0.841986,0.839678,0.887637,0.789803,0.905454,0.734231,0.697121,0.835864,0.868524,0.753861,0.520882,0.739334,0.717717,0.884359,0.791828,0.813175,0.678822,0.768341,0.690857,0.728012,0.793144,0.824971,0.709394,0.684646,0.689371,0.5922689,0.797604,0.750839,0.672229,0.60795,0.639692,0.618874,0.661579,0.795698,0.773672,0.648582,0.72695
0.6497834,0.663325,0.739105,0.812776,0.785514,0.728475,0.73465,0.737402,0.654578,0.698801,0.708768,0.754016,0.897457,1.0,0.915679,0.645535,0.867205,0.69216,0.889177,0.785828,0.893058,0.820656,0.83467,0.787545,0.631573,0.642224,0.921122,0.838072,0.79691,0.891259,0.6769754,0.703516,0.809137,0.696257,0.728534,0.670013,0.657952,0.771058,0.845647,0.6011578,0.778571,0.6474116,0.927302,0.6773227,0.854504,0.864597,0.71954,0.815635,0.705244,0.674425,0.75538,0.706725,0.689651,0.695914,0.719105,0.615691,0.697725,0.676042,0.69875,0.682993,0.694883,0.805558,0.837553,0.859224,0.964071,0.913379,0.809431,0.891137,0.81363,0.741494,0.934472,0.738721,0.868931,0.532905,0.614908,0.6596864,0.89502,0.848369,0.6882244,0.732544,0.800348,0.643041,0.678538,0.685588,0.823125,0.731813,0.660357,0.671208,0.593303,0.655522,0.717129,0.738821,0.527289,0.636056,0.568362,0.659798,0.820014,0.802045,0.72339,0.857563
0.7387815,0.737079,0.85141,0.869523,0.832303,0.710199,0.800484,0.810289,0.6234743,0.665568,0.733409,0.759645,0.921495,0.915679,1.0,0.6899226,0.761003,0.6961842,0.84601,0.684646,0.873444,0.773873,0.748977,0.765952,0.677161,0.780564,0.877818,0.820763,0.776322,0.86677,0.734731,0.823694,0.83956,0.750168,0.74085,0.646239,0.649596,0.850063,0.828317,0.622781,0.733354,0.596389,0.914394,0.709082,0.846383,0.933026,0.747208,0.842759,0.673348,0.63742,0.764172,0.692839,0.643827,0.767538,0.819883,0.652816,0.732478,0.776274,0.74721,0.732789,0.757525,0.783038,0.768553,0.939749,0.913097,0.947098,0.777015,0.897452,0.728931,0.759807,0.828594,0.785573,0.761093,0.548239,0.670208,0.747466,0.892484,0.840235,0.770784,0.750815,0.768091,0.74283,0.669356,0.710687,0.887422,0.693406,0.66439133,0.621154,0.606013,0.761334,0.70801,0.740313,0.5377781,0.644348,0.634394,0.699299,0.837584,0.806232,0.688476,0.774148
0.748259,0.968052,0.72657,0.798836,0.745703,0.739993,0.829435,0.822249,0.896693,0.794673,0.757648,0.785829,0.698386,0.645535,0.6899226,1.0,0.627549,0.751049,0.629483,0.696629,0.612798,0.765937,0.693181,0.748876,0.800898,0.773805,0.670268,0.697674,0.618257,0.731095,0.830854,0.75716,0.775486,0.736888,0.880208,0.650381,0.857519,0.85668,0.6875475,0.807528,0.644228,0.733405,0.701487,0.691886,0.679332,0.699097,0.70929,0.71031,0.758957,0.791193,0.795996,0.829709,0.770639,0.853346,0.802876,0.732052,0.804016,0.847437,0.837764,0.75972,0.761554,0.704626,0.674832,0.64778,0.631027,0.708172,0.710253,0.6671714,0.717945,0.713107,0.616279,0.69771,0.764357,0.806241,0.843004,0.820352,0.638185,0.744967,0.708013,0.593688,0.656706,0.813741,0.861003,0.73106,0.80029,0.794929,0.738859,0.814298,0.77989,0.859354,0.6786723,0.6158589,0.676343,0.706772,0.827405,0.7411181,0.805031,0.694119,0.6731205,0.621871
0.638413,0.613374,0.653814,0.732201,0.734072,0.703268,0.741084,0.719744,0.751928,0.630853,0.755683,0.709685,0.796995,0.867205,0.761003,0.627549,1.0,0.814233,0.925127,0.845761,0.85415,0.853446,0.859284,0.757644,0.684793,0.625034,0.849398,0.824036,0.78783,0.809861,0.615719,0.696125,0.728816,0.789803,0.737594,0.6502365,0.724418,0.671425,0.743411,0.593705,0.769663,0.802643,0.77461,0.729571,0.779563,0.783023,0.681591,0.830881,0.759417,0.714916,0.70498,0.758823,0.771305,0.6122466,0.656098,0.634964,0.73659,0.621886,0.688461,0.5616217,0.673944,0.862134,0.831872,0.790858,0.811804,0.807713,0.847484,0.883473,0.923168,0.825716,0.890075,0.765756,0.872025,0.569467,0.6945248,0.6086356,0.826758,0.752911,0.74551,0.771872,0.844811,0.6360704,0.674899,0.750422,0.739079,0.77344,0.765685,0.741395,0.620446,0.665225,0.762731,0.824784,0.611615,0.72041,0.5916076,0.649044,0.765123,0.6938414,0.781606,0.906623
0.648963,0.709281,0.682958,0.64018,0.643744,0.746266,0.72249,0.742194,0.800337,0.638416,0.666435,0.614239,0.660928,0.69216,0.6961842,0.751049,0.814233,1.0,0.757461,0.802399,0.724487,0.703014,0.796913,0.650136,0.662533,0.685024,0.764506,0.631405,0.719972,0.747427,0.793873,0.712571,0.7205902,0.929928,0.694626,0.7223,0.732663,0.609456,0.758922,0.712381,0.6943849,0.7033292,0.667878,0.837047,0.699963,0.7085062,0.663356,0.7739,0.819648,0.728502,0.787389,0.79156,0.730961,0.586254,0.687693,0.715317,0.695458,0.815855,0.752992,0.6689895,0.693743,0.762381,0.881324,0.776061,0.717417,0.701643,0.708949,0.706832,0.896545,0.902946,0.6955142,0.753718,0.806669,0.654224,0.725373,0.6494244,0.73527,0.837371,0.711112,0.652766,0.822869,0.794407,0.69771,0.764336,0.701915,0.678942,0.774904,0.675143,0.716091,0.701051,0.76859,0.798462,0.790038,0.752586,0.704388,0.880374,0.705697,0.70989,0.818669,0.77378
0.6531366,0.637722,0.752453,0.7482265,0.768115,0.704468,0.6854302,0.678541,0.647081,0.649742,0.787163,0.729643,0.837881,0.889177,0.84601,0.629483,0.925127,0.757461,1.0,0.785935,0.951132,0.760949,0.802479,0.720402,0.686823,0.684855,0.844998,0.840982,0.82007,0.819618,0.608256,0.762599,0.734185,0.821821,0.717291,0.66794,0.704376,0.748666,0.807607,0.56969,0.7319379,0.807028,0.846503,0.7275107,0.771032,0.861958,0.736243,0.846959,0.724268,0.635253,0.729358,0.733393,0.744419,0.683849,0.641344,0.608676,0.736273,0.580036,0.65242,0.5846164,0.63062,0.905598,0.842353,0.846844,0.862217,0.866604,0.820722,0.895792,0.847499,0.777773,0.931991,0.748651,0.783925,0.5366785,0.6965,0.595303,0.854744,0.736567,0.734153,0.724113,0.7398534,0.6237345,0.652333,0.6879248,0.76935,0.698088,0.731376,0.736144,0.6140034,0.706861,0.755788,0.815587,0.620931,0.6452932,0.58674,0.623131,0.7414549,0.758559,0.739194,0.840209
0.526302,0.624903,0.559052,0.553187,0.652658,0.717469,0.5435936,0.510696,0.817928,0.744626,0.729601,0.5960047,0.641906,0.785828,0.684646,0.696629,0.845761,0.802399,0.785935,1.0,0.750802,0.682821,0.86703,0.680834,0.758433,0.6149886,0.781061,0.638363,0.739627,0.7039333,0.744027,0.576438,0.6678158,0.786409,0.682617,0.814308,0.812898,0.546427,0.705823,0.718789,0.691125,0.66212,0.651786,0.707225,0.6261409,0.617227,0.574047,0.6928274,0.831409,0.726562,0.712418,0.7401134,0.685165,0.612151,0.7226755,0.59492,0.631831,0.5592,0.714083,0.682888,0.711244,0.750126,0.80343,0.733889,0.794854,0.684289,0.6850713,0.6896364,0.775981,0.805521,0.812138,0.6714206,0.850744,0.703741,0.79126,0.791434,0.800423,0.755405,0.669548,0.785977,0.73718,0.702389,0.7064067,0.591837,0.5045853,0.766718,0.813983,0.733805,0.795849,0.681978,0.629169,0.81103,0.772331,0.855055,0.774979,0.6212684,0.537069,0.656227,0.759881,0.81532
0.6782608,0.623826,0.75007,0.703936,0.729474,0.648966,0.682626,0.637048,0.621762,0.673779,0.771406,0.774738,0.86358,0.893058,0.873444,0.612798,0.85415,0.724487,0.951132,0.750802,1.0,0.7489795,0.799476,0.735993,0.6446898,0.656357,0.859329,0.803935,0.835018,0.768552,0.5736029,0.798752,0.637311,0.774658,0.635466,0.6098726,0.697767,0.736442,0.805851,0.599517,0.74141,0.763249,0.858854,0.76099,0.698901,0.811541,0.731981,0.832839,0.674798,0.593046,0.679668,0.731212,0.719517,0.642881,0.643168,0.568371,0.652626,0.574227,0.623053,0.562313,0.5145178,0.896373,0.840699,0.835303,0.852114,0.913861,0.759884,0.845818,0.804004,0.74625,0.962448,0.711722,0.75255,0.4905388,0.65729,0.621138,0.839166,0.754499,0.682978,0.671275,0.789402,0.610218,0.634477,0.666141,0.72869,0.71178,0.718913,0.732584,0.58854,0.689633,0.739584,0.785856,0.602172,0.634871,0.5194076,0.622381,0.748854,0.748646,0.702995,0.775323
0.694628,0.756867,0.668234,0.760184,0.800099,0.724835,0.869943,0.788368,0.80823,0.737776,0.742483,0.855249,0.799767,0.820656,0.773873,0.765937,0.853446,0.703014,0.760949,0.682821,0.7489795,1.0,0.768283,0.792542,0.729156,0.767079,0.747728,0.850349,0.765131,0.874512,0.665883,0.780312,0.746473,0.722392,0.847004,0.559973,0.698988,0.7354044,0.761972,0.683461,0.709547,0.767672,0.860707,0.614256,0.776014,0.789928,0.720262,0.742081,0.646349,0.736213,0.797784,0.750551,0.715572,0.705294,0.652197,0.6327663,0.7322937,0.746119,0.666512,0.762137,0.679917,0.721119,0.732722,0.703808,0.780389,0.815768,0.834485,0.813753,0.883105,0.754307,0.835159,0.840912,0.848415,0.509563,0.610182,0.668224,0.816405,0.797345,0.792218,0.649334,0.819535,0.701636,0.771431,0.843772,0.794555,0.75457,0.775633,0.701981,0.645271,0.6405879,0.83779,0.59581,0.621425,0.6144638,0.604308,0.708399,0.789019,0.727919,0.646609,0.714941
0.59201,0.6454489,0.530387,0.624873,0.623592,0.648546,0.618346,0.5910316,0.7202137,0.707836,0.747643,0.721761,0.740219,0.83467,0.748977,0.693181,0.859284,0.796913,0.802479,0.86703,0.799476,0.768283,1.0,0.770095,0.636188,0.62279,0.86628,0.694407,0.760504,0.754116,0.718395,0.625294,0.657625,0.751869,0.718558,0.749118,0.746132,0.604837,0.6991822,0.692026,0.69696,0.625842,0.715616,0.703974,0.731181,0.658058,0.66527,0.842476,0.697174,0.793301,0.714007,0.7545895,0.708488,0.5435403,0.680575,0.619522,0.6561,0.6723317,0.744078,0.66652,0.676676,0.810874,0.897394,0.728944,0.754242,0.768029,0.786061,0.761704,0.849629,0.832849,0.865835,0.706945,0.921556,0.599008,0.7575,0.775408,0.810041,0.866548,0.564063,0.668653,0.847514,0.706511,0.680261,0.747238,0.640038,0.838374,0.73781,0.748078,0.658254,0.707237,0.670221,0.732338,0.659687,0.729954,0.690331,0.685297,0.745987,0.753599,0.665649,0.860708
0.757417,0.797542,0.693405,0.79545,0.663873,0.765912,0.704537,0.730748,0.687254,0.691401,0.801253,0.800946,0.73855,0.787545,0.765952,0.748876,0.757644,0.650136,0.720402,0.680834,0.735993,0.792542,0.770095,1.0,0.663305,0.739885,0.869925,0.756856,0.633435,0.69695,0.731526,0.737955,0.684086,0.562393,0.758864,0.626175,0.671027,0.786455,0.716071,0.67291,0.57427,0.719019,0.740098,0.5513486,0.761751,0.7564,0.760667,0.839558,0.742757,0.816635,0.704835,0.841563,0.774033,0.703094,0.693813,0.719416,0.691476,0.720955,0.757895,0.670904,0.651757,0.733231,0.6447829,0.69404,0.713195,0.7295209,0.655426,0.773218,0.7453217,0.713718,0.75103,0.620571,0.789474,0.676707,0.69901,0.656569,0.7708,0.789227,0.66234,0.673566,0.815391,0.693161,0.688753,0.718055,0.816999,0.718836,0.604521,0.702462,0.5636,0.674393,0.6418418,0.776415,0.602287,0.728626,0.691619,0.6437227,0.827809,0.711288,0.75166,0.737667
0.674644,0.826066,0.5875528,0.659784,0.807907,0.789503,0.692051,0.5901207,0.819972,0.741378,0.833761,0.75441,0.725538,0.631573,0.677161,0.800898,0.684793,0.662533,0.686823,0.758433,0.6446898,0.729156,0.636188,0.663305,1.0,0.847131,0.636769,0.668861,0.610423,0.6764632,0.718363,0.771653,0.6550701,0.663577,0.758897,0.59652,0.794629,0.689674,0.604271,0.732177,0.555579,0.831387,0.661738,0.674941,0.6310429,0.655745,0.715773,0.690929,0.787092,0.688663,0.703136,0.722081,0.783426,0.717517,0.820978,0.694719,0.706973,0.718682,0.75525,0.846652,0.792566,0.75903,0.62793,0.670197,0.603275,0.754162,0.6065779,0.716164,0.727867,0.741154,0.660707,0.789123,0.735617,0.734656,0.788806,0.838595,0.64356,0.727397,0.754125,0.717394,0.705332,0.76193,0.773206,0.741459,0.661466,0.708545,0.747429,0.690007,0.801333,0.760756,0.777807,0.680412,0.710387,0.7166522,0.733999,0.65689,0.647518,0.636048,0.736743,0.620342
0.769822,0.853248,0.773646,0.723651,0.79038,0.772715,0.726549,0.6968156,0.725167,0.667078,0.837024,0.780252,0.714761,0.642224,0.780564,0.773805,0.625034,0.685024,0.684855,0.6149886,0.656357,0.767079,0.62279,0.739885,0.847131,1.0,0.598847,0.719034,0.593297,0.672487,0.808216,0.748357,0.725723,0.738852,0.807438,0.610598,0.605849,0.730029,0.742074,0.673721,0.515242,0.745375,0.752371,0.703645,0.715863,0.747245,0.751827,0.706279,0.6273584,0.692176,0.680532,0.794509,0.746785,0.769438,0.824572,0.787308,0.703692,0.730098,0.752582,0.76311,0.778764,0.664659,0.653719,0.794681,0.641956,0.749536,0.686913,0.721733,0.682618,0.76453,0.622896,0.680151,0.709862,0.743393,0.714607,0.810193,0.6514562,0.709351,0.731666,0.620166,0.666941,0.817011,0.741476,0.739629,0.727047,0.628913,0.634337,0.557194,0.65664,0.731738,0.738064,0.584184,0.5744793,0.656994,0.730131,0.706298,0.6755855,0.6583251,0.5601289,0.56967
0.727884,0.6573228,0.711602,0.755352,0.642631,0.693045,0.725268,0.711873,0.680359,0.708529,0.7256,0.725925,0.832668,0.921122,0.877818,0.670268,0.849398,0.764506,0.844998,0.781061,0.859329,0.747728,0.86628,0.869925,0.636769,0.598847,1.0,0.782116,0.741481,0.7672,0.67202,0.650493,0.6860231,0.689879,0.638013,0.680606,0.7140089,0.722875,0.732072,0.5728956,0.667691,0.6236836,0.806698,0.68263,0.813505,0.831278,0.75273,0.91911,0.743368,0.7152215,0.685394,0.739815,0.755836,0.578331,0.685785,0.668428,0.629909,0.667118,0.792768,0.63741,0.595569,0.809699,0.825324,0.841162,0.861357,0.901088,0.739888,0.828425,0.824178,0.774558,0.867477,0.630885,0.837188,0.578222,0.613545,0.648432,0.816296,0.867874,0.58445,0.717795,0.856276,0.65447,0.6050491,0.666266,0.812814,0.817025,0.663027,0.741817,0.593433,0.6030862,0.658481,0.831469,0.58977,0.680113,0.600816,0.67207,0.869611,0.814644,0.748761,0.873843
0.773592,0.74052,0.845412,0.829324,0.820902,0.719273,0.831501,0.80957,0.692465,0.607111,0.854087,0.860241,0.848647,0.838072,0.820763,0.697674,0.824036,0.631405,0.840982,0.638363,0.803935,0.850349,0.694407,0.756856,0.668861,0.719034,0.782116,1.0,0.836071,0.822453,0.6657797,0.792244,0.843931,0.700652,0.776639,0.607049,0.721623,0.816499,0.715791,0.541354,0.777986,0.791433,0.897649,0.709729,0.905098,0.879294,0.764486,0.732899,0.725775,0.785296,0.644973,0.692489,0.731407,0.795475,0.713269,0.7354,0.7712714,0.6385533,0.643328,0.601537,0.646062,0.790699,0.697026,0.783157,0.815618,0.828107,0.880444,0.811866,0.753182,0.602846,0.796378,0.778034,0.763898,0.594291,0.661547,0.68322,0.780672,0.710991,0.814422,0.715764,0.673178,0.6350728,0.809428,0.775349,0.852197,0.786515,0.734981,0.815619,0.6150258,0.735738,0.713251,0.776341,0.5588957,0.554169,0.664456,0.612096,0.852728,0.818102,0.751201,0.776397
0.602179,0.571959,0.715797,0.631197,0.767513,0.615621,0.707461,0.621192,0.773536,0.594015,0.715548,0.722393,0.808823,0.79691,0.776322,0.618257,0.78783,0.719972,0.82007,0.739627,0.835018,0.765131,0.760504,0.633435,0.610423,0.593297,0.741481,0.836071,1.0,0.829712,0.646314,0.78351,0.647432,0.748888,0.63713,0.71835,0.740463,0.65037,0.68255,0.688271,0.71442,0.65892,0.801273,0.652182,0.686161,0.775047,0.6040707,0.636831,0.746459,0.660722,0.68564,0.589875,0.574758,0.662839,0.688466,0.5389161,0.660138,0.624653,0.581166,0.585287,0.584717,0.812199,0.787296,0.736209,0.754306,0.770615,0.749224,0.7633,0.741403,0.752177,0.827716,0.803094,0.762065,0.5922619,0.643637,0.703343,0.838472,0.744634,0.754516,0.719889,0.614384,0.784834,0.64441,0.71383,0.644855,0.734605,0.855787,0.7068653,0.800005,0.74525,0.702813,0.812353,0.719964,0.749426,0.7080604,0.681821,0.656698,0.800847,0.771403,0.764041
0.712583,0.705783,0.696943,0.852597,0.890163,0.760567,0.789892,0.765328,0.784418,0.703393,0.716168,0.771171,0.855159,0.891259,0.86677,0.731095,0.809861,0.747427,0.819618,0.7039333,0.768552,0.874512,0.754116,0.69695,0.6764632,0.672487,0.7672,0.822453,0.829712,1.0,0.740377,0.773522,0.8219,0.812552,0.831849,0.608049,0.673997,0.792022,0.761729,0.65996,0.688918,0.679959,0.918233,0.662232,0.807258,0.903093,0.706169,0.744832,0.705515,0.645562,0.844006,0.6328468,0.6599062,0.779389,0.763068,0.5790192,0.765201,0.77735,0.713873,0.822517,0.819866,0.718076,0.860305,0.848291,0.855604,0.836682,0.869613,0.899094,0.851186,0.828807,0.838778,0.891573,0.894125,0.587857,0.67563,0.756711,0.908239,0.838201,0.786139,0.735379,0.737673,0.778333,0.7192311,0.730635,0.841999,0.675683,0.787316,0.646743,0.705472,0.75558,0.846814,0.703957,0.622746,0.650803,0.661842,0.694041,0.770882,0.785646,0.718279,0.701593
0.665445,0.857437,0.778253,0.737107,0.767808,0.854708,0.700858,0.733168,0.741163,0.6871959,0.752811,0.731791,0.671056,0.6769754,0.734731,0.830854,0.615719,0.793873,0.608256,0.744027,0.5736029,0.665883,0.718395,0.731526,0.718363,0.808216,0.67202,0.6657797,0.646314,0.740377,1.0,0.755418,0.851502,0.7562194,0.810076,0.763333,0.6801575,0.705643,0.7976352,0.746589,0.723176,0.731506,0.726872,0.790672,0.750808,0.696574,0.655932,0.626044,0.846336,0.818706,0.6665754,0.783274,0.747916,0.808891,0.889872,0.804585,0.735853,0.801539,0.786162,0.806165,0.862841,0.633244,0.759673,0.77617,0.75067,0.635129,0.727194,0.684828,0.696535,0.745782,0.594664,0.684655,0.803707,0.847364,0.768397,0.847063,0.674002,0.777522,0.770624,0.691236,0.651111,0.827425,0.795941,0.741484,0.710939,0.695821,0.652551,0.686632,0.752145,0.779227,0.674541,0.760442,0.6600666,0.770969,0.894079,0.850937,0.668007,0.663351,0.815417,0.678829
0.728658,0.7661141,0.790951,0.835031,0.87198,0.753204,0.853533,0.863453,0.6268943,0.694515,0.753082,0.822594,0.879451,0.703516,0.823694,0.75716,0.696125,0.712571,0.762599,0.576438,0.798752,0.780312,0.625294,0.737955,0.771653,0.748357,0.650493,0.792244,0.78351,0.773522,0.755418,1.0,0.806089,0.753424,0.76001,0.617642,0.667036,0.876994,0.6816,0.690217,0.722967,0.830546,0.813217,0.714368,0.689082,0.805683,0.641043,0.712549,0.750532,0.669627,0.687502,0.74155,0.775114,0.858421,0.839438,0.680392,0.86492,0.773691,0.700647,0.6727482,0.766297,0.835875,0.701363,0.77098,0.6889886,0.822956,0.736502,0.830932,0.729606,0.684221,0.742023,0.901385,0.6542296,0.690186,0.802235,0.708271,0.73853,0.698349,0.915294,0.747357,0.690964,0.694879,0.761691,0.842709,0.823717,0.676556,0.709797,0.663307,0.67846,0.808214,0.794312,0.704809,0.681483,0.700052,0.693561,0.778398,0.742332,0.689557,0.749027,0.6212577
0.755418,0.794437,0.877989,0.915946,0.834061,0.794965,0.807191,0.910805,0.6451462,0.741361,0.708696,0.75414,0.760932,0.809137,0.83956,0.775486,0.728816,0.7205902,0.734185,0.6678158,0.637311,0.746473,0.657625,0.684086,0.6550701,0.725723,0.6860231,0.843931,0.647432,0.8219,0.851502,0.806089,1.0,0.727879,0.865236,0.702245,0.582232,0.865441,0.836338,0.690354,0.802829,0.690946,0.88176,0.782948,0.915637,0.868558,0.657182,0.698103,0.833129,0.694421,0.81162,0.650464,0.678163,0.883572,0.831706,0.696663,0.855741,0.834811,0.710431,0.792879,0.875016,0.646432,0.68596,0.83548,0.885584,0.75763,0.884786,0.805935,0.646342,0.638138,0.68655,0.771807,0.706649,0.725811,0.800058,0.735297,0.723381,0.706572,0.845888,0.803883,0.626567,0.679128,0.808048,0.696711,0.884156,0.613015,0.596498,0.5637365,0.675025,0.816534,0.634773,0.761973,0.676996,0.649542,0.78827,0.76143,0.799858,0.659369,0.767383,0.75444
0.674074,0.698987,0.7035522,0.68007,0.789491,0.656172,0.703299,0.6949116,0.782805,0.654402,0.694301,0.765447,0.697828,0.696257,0.750168,0.736888,0.789803,0.929928,0.821821,0.786409,0.774658,0.722392,0.751869,0.562393,0.663577,0.738852,0.689879,0.700652,0.748888,0.812552,0.7562194,0.753424,0.727879,1.0,0.765337,0.718408,0.653654,0.661529,0.77298,0.601654,0.64031,0.731486,0.786706,0.838509,0.6619633,0.776032,0.639162,0.697091,0.798191,0.690997,0.828177,0.666748,0.676193,0.702822,0.754994,0.62794,0.732451,0.719569,0.723812,0.672585,0.6681872,0.724483,0.882236,0.87419,0.720606,0.776166,0.721002,0.77403,0.820077,0.90985,0.749761,0.795066,0.783196,0.631604,0.7020229,0.751304,0.7487747,0.78577,0.794423,0.744716,0.713004,0.828918,0.757623,0.809749,0.650324,0.686732,0.788977,0.635473,0.723405,0.713831,0.817912,0.787219,0.762126,0.775465,0.738704,0.860667,0.639115,0.672482,0.758408,0.6758465
0.760256,0.879731,0.733265,0.873115,0.909146,0.646752,0.787342,0.801853,0.74492,0.852566,0.778912,0.857493,0.757994,0.728534,0.74085,0.880208,0.737594,0.694626,0.717291,0.682617,0.635466,0.847004,0.718558,0.758864,0.758897,0.807438,0.638013,0.776639,0.63713,0.831849,0.810076,0.76001,0.865236,0.765337,1.0,0.635923,0.715212,0.849493,0.850144,0.6966844,0.668533,0.79005,0.838021,0.707186,0.731919,0.808281,0.691563,0.703076,0.708527,0.742281,0.879744,0.723954,0.711292,0.901383,0.784947,0.584498,0.897365,0.771237,0.757649,0.798908,0.807543,0.657482,0.694906,0.732263,0.749426,0.691447,0.892475,0.837701,0.701254,0.7069865,0.724674,0.829421,0.738319,0.673514,0.854354,0.778388,0.712968,0.675463,0.828051,0.688319,0.682752,0.695732,0.903133,0.724854,0.817887,0.651688,0.626102,0.684801,0.669333,0.844613,0.744402,0.585315,0.703226,0.726583,0.806166,0.676674,0.746362,0.610248,0.594506,0.652464
0.4472919,0.63447,0.651676,0.571214,0.617709,0.710558,0.4637772,0.5041447,0.655436,0.649396,0.649672,0.594301,0.600605,0.670013,0.646239,0.650381,0.6502365,0.7223,0.66794,0.814308,0.6098726,0.559973,0.749118,0.626175,0.59652,0.610598,0.680606,0.607049,0.71835,0.608049,0.763333,0.617642,0.702245,0.718408,0.635923,1.0,0.656381,0.558477,0.727838,0.621124,0.660304,0.566823,0.657194,0.633721,0.629628,0.585188,0.594096,0.617523,0.808676,0.730402,0.62957,0.64204,0.569608,0.669633,0.723787,0.651579,0.559967,0.585986,0.618006,0.611866,0.634887,0.633741,0.731002,0.691906,0.747583,0.5716254,0.614275,0.648076,0.623181,0.703344,0.6194878,0.590859,0.673278,0.828625,0.690526,0.678877,0.694127,0.713006,0.604538,0.798027,0.601804,0.770102,0.666115,0.571402,0.546315,0.683722,0.629808,0.693468,0.824936,0.676135,0.473361,0.748609,0.690846,0.768965,0.784824,0.623319,0.541485,0.667908,0.716349,0.690782
0.662733,0.775096,0.6139333,0.636873,0.6635849,0.696882,0.789319,0.694239,0.894655,0.744952,0.779907,0.711607,0.664399,0.657952,0.649596,0.857519,0.724418,0.732663,0.704376,0.812898,0.697767,0.698988,0.746132,0.671027,0.794629,0.605849,0.7140089,0.721623,0.740463,0.673997,0.6801575,0.667036,0.582232,0.653654,0.715212,0.656381,1.0,0.684744,0.5479949,0.805684,0.6059325,0.733824,0.596241,0.718823,0.5933619,0.646028,0.731489,0.718245,0.807306,0.74512,0.65464,0.750941,0.725415,0.670738,0.656214,0.694485,0.676927,0.707834,0.824882,0.724889,0.580751,0.776295,0.681844,0.600943,0.578016,0.693732,0.634906,0.64413,0.7124675,0.632424,0.698724,0.72858,0.734005,0.680749,0.792389,0.75365,0.659301,0.785775,0.676446,0.569377,0.714943,0.68028,0.775461,0.658593,0.72371,0.802603,0.870703,0.884623,0.843468,0.775222,0.699908,0.804611,0.837368,0.708835,0.737963,0.741609,0.741295,0.70952,0.825355,0.685113
0.851064,0.85372,0.845552,0.973224,0.846973,0.72152,0.856234,0.915442,0.673643,0.763177,0.692524,0.777619,0.855286,0.771058,0.850063,0.85668,0.671425,0.609456,0.748666,0.546427,0.736442,0.7354044,0.604837,0.786455,0.689674,0.730029,0.722875,0.816499,0.65037,0.792022,0.705643,0.876994,0.865441,0.661529,0.849493,0.558477,0.684744,1.0,0.751422,0.744058,0.700998,0.695911,0.854817,0.712572,0.811566,0.864154,0.744881,0.79585,0.642467,0.699164,0.837938,0.67783,0.653359,0.93049,0.740295,0.671882,0.862326,0.771646,0.814874,0.714756,0.758948,0.748199,0.596946,0.778084,0.784473,0.810909,0.766604,0.870002,0.6309672,0.591283,0.6824795,0.785243,0.644864,0.652049,0.790957,0.679513,0.751533,0.68997,0.78796,0.673761,0.682164,0.692615,0.806591,0.7784,0.950744,0.694754,0.589665,0.676801,0.627162,0.819499,0.652659,0.609576,0.566738,0.6099559,0.707294,0.665147,0.892113,0.695154,0.5980628,0.649338
0.684171,0.7433232,0.792454,0.785332,0.814559,0.625232,0.721865,0.761097,0.555263,0.8242259,0.721713,0.813259,0.781745,0.845647,0.828317,0.6875475,0.743411,0.758922,0.807607,0.705823,0.805851,0.761972,0.6991822,0.716071,0.604271,0.742074,0.732072,0.715791,0.68255,0.761729,0.7976352,0.6816,0.836338,0.77298,0.850144,0.727838,0.5479949,0.751422,1.0,0.713978,0.815284,0.755317,0.871771,0.784066,0.76688,0.777208,0.700526,0.695361,0.62503,0.642582,0.794247,0.742249,0.744884,0.77312,0.784282,0.655159,0.77745,0.6977304,0.702483,0.748707,0.73756,0.73102,0.7267304,0.812705,0.899011,0.781085,0.838183,0.819851,0.6796353,0.749658,0.816634,0.702647,0.666248,0.658257,0.730657,0.68944,0.722316,0.666382,0.751914,0.691624,0.722584,0.650242,0.7228,0.656181,0.760561,0.561511,0.5327262,0.572074,0.657394,0.764667,0.742658,0.6404149,0.610127,0.74341,0.757392,0.74234,0.741803,0.5726248,0.601091,0.76954
0.609207,0.736888,0.628293,0.702813,0.63929,0.724174,0.715349,0.689025,0.80796,0.790446,0.603944,0.5648752,0.600812,0.6011578,0.622781,0.807528,0.593705,0.712381,0.56969,0.718789,0.599517,0.683461,0.692026,0.67291,0.732177,0.673721,0.5728956,0.541354,0.688271,0.65996,0.746589,0.690217,0.690354,0.601654,0.6966844,0.621124,0.805684,0.744058,0.713978,1.0,0.743612,0.612589,0.593116,0.671136,0.56436,0.584816,0.5635043,0.619814,0.669109,0.6261,0.777293,0.790004,0.605648,0.720375,0.633351,0.61268,0.664161,0.821273,0.698185,0.781449,0.759459,0.737175,0.638342,0.545295,0.64006,0.561408,0.653374,0.657934,0.673355,0.675563,0.642354,0.6408963,0.6596863,0.762331,0.813011,0.648439,0.623137,0.6503788,0.603762,0.541159,0.6365,0.697522,0.617614,0.571387,0.711103,0.591853,0.72361,0.660773,0.810163,0.816142,0.593205,0.6033638,0.725613,0.6823263,0.789589,0.668123,0.642179,0.5214607,0.630118,0.63066
0.609896,0.635233,0.736479,0.67991,0.656533,0.685979,0.682347,0.696738,0.58405369,0.710314,0.639475,0.659488,0.700285,0.778571,0.733354,0.644228,0.769663,0.6943849,0.7319379,0.691125,0.74141,0.709547,0.69696,0.57427,0.555579,0.515242,0.667691,0.777986,0.71442,0.688918,0.723176,0.722967,0.802829,0.64031,0.668533,0.660304,0.6059325,0.700998,0.815284,0.743612,1.0,0.718138,0.764755,0.7676,0.790139,0.731404,0.682111,0.625177,0.72333,0.729711,0.623594,0.623735,0.6008805,0.755241,0.668359,0.670768,0.76294,0.704538,0.596214,0.593782,0.675665,0.728006,0.668079,0.656506,0.816576,0.727831,0.805484,0.693773,0.643146,0.588348,0.768016,0.689424,0.642526,0.633429,0.744378,0.624861,0.6336976,0.648514,0.758696,0.65159,0.646589,0.588068,0.737491,0.636323,0.688709,0.615021,0.664595,0.6192437,0.696391,0.740907,0.568246,0.664583,0.646259,0.658244,0.732319,0.711556,0.70962,0.662343,0.7042772,0.839629
0.711692,0.7576722,0.686355,0.6727297,0.827198,0.718108,0.771254,0.730436,0.67242,0.793859,0.870107,0.815552,0.694448,0.6474116,0.596389,0.733405,0.802643,0.7033292,0.807028,0.66212,0.763249,0.767672,0.625842,0.719019,0.831387,0.745375,0.6236836,0.791433,0.65892,0.679959,0.731506,0.830546,0.690946,0.731486,0.79005,0.566823,0.733824,0.695911,0.755317,0.612589,0.718138,1.0,0.718685,0.744196,0.69829,0.705417,0.76662,0.702031,0.717606,0.71847,0.641355,0.79692,0.873901,0.778898,0.77051,0.763182,0.859513,0.619268,0.673818,0.603816,0.628646,0.836572,0.645585,0.632209,0.598339,0.709987,0.7172689,0.752973,0.811748,0.688138,0.754278,0.801927,0.663166,0.680408,0.799458,0.716946,0.5804803,0.661441,0.891694,0.627404,0.767379,0.640682,0.841043,0.766468,0.701152,0.63157,0.6735099,0.735385,0.665424,0.728376,0.863079,0.703517,0.679832,0.756421,0.731391,0.774705,0.725053,0.623719,0.737872,0.692963
0.76197,0.728622,0.825292,0.876792,0.89182,0.693282,0.7740371,0.780011,0.6412786,0.7406308,0.772486,0.898807,0.896201,0.927302,0.914394,0.701487,0.77461,0.667878,0.846503,0.651786,0.858854,0.860707,0.715616,0.740098,0.661738,0.752371,0.806698,0.897649,0.801273,0.918233,0.726872,0.813217,0.88176,0.786706,0.838021,0.657194,0.596241,0.854817,0.871771,0.593116,0.764755,0.718685,1.0,0.732183,0.881843,0.925418,0.750155,0.775075,0.676524,0.681292,0.819454,0.626316,0.651964,0.829671,0.766443,0.610202,0.784442,0.691479,0.673653,0.758964,0.704875,0.738366,0.764246,0.876878,0.931667,0.915271,0.874206,0.889522,0.766743,0.697063,0.880061,0.824611,0.77842,0.523745,0.633433,0.719684,0.864164,0.767072,0.7827235,0.737165,0.729103,0.6811484,0.77295,0.760175,0.872129,0.69718,0.673449,0.665252,0.663441,0.746723,0.778556,0.676687,0.557872,0.614857,0.661036,0.715354,0.85685,0.786738,0.661059,0.717046
0.767158,0.685188,0.791131,0.7203,0.705922,0.694859,0.718295,0.769778,0.67624,0.687804,0.678144,0.688573,0.680105,0.6773227,0.709082,0.691886,0.729571,0.837047,0.7275107,0.707225,0.76099,0.614256,0.703974,0.5513486,0.674941,0.703645,0.68263,0.709729,0.652182,0.662232,0.790672,0.714368,0.782948,0.838509,0.707186,0.633721,0.718823,0.712572,0.784066,0.671136,0.7676,0.744196,0.732183,1.0,0.759769,0.711387,0.672837,0.717026,0.775184,0.656106,0.6880771,0.638698,0.675465,0.749397,0.712833,0.698142,0.747473,0.752713,0.809396,0.647511,0.657052,0.723501,0.808671,0.768366,0.707787,0.764769,0.758735,0.698703,0.708393,0.738777,0.744787,0.676235,0.704924,0.5511932,0.720656,0.703955,0.596706,0.726621,0.729553,0.595891,0.712743,0.670691,0.794762,0.741842,0.6742827,0.61253,0.6653775,0.5996558,0.608881,0.717742,0.719693,0.791463,0.7097015,0.6624616,0.672488,0.893003,0.698254,0.652523,0.793747,0.732645
