1,0.972195,0.893589,0.855386,0.939122,0.870617,0.891024,0.896232,0.855716,0.84375,0.914771,0.830738,0.959334,0.9221,0.818053,0.833559,0.848984,0.889784,0.837691,0.818665,0.889784,0.930766,0.838526,0.966354,0.826351,0.876599,0.900325,0.855436,0.887363,0.835565,0.985013,0.824531,0.798373,0.936223,0.839615,0.806781,0.818614,0.901846,0.852259,0.843979,0.854248,0.825,0.861844,0.854928,0.961124,0.845897,0.895413,0.870908,0.808335,0.887981,0.907362,0.88397,0.885794,0.816407,0.891278,0.889096,0.849306,0.833574,0.855013,0.885098,0.829692,0.917477,0.791079,0.873945,0.896508,0.804025,0.817218,0.816028,0.884423,0.809236,0.873277,0.945696,0.817137,0.796196,0.873824,0.894332,0.822712,0.841648,0.980652,0.967825,0.899013,0.787787,0.882746,0.878406,0.880064,0.919715,0.838868,0.847151,0.873471,0.802611,0.890617,0.865449,0.830484,0.86638,0.803906,0.794922,0.871937,0.876684,0.841378,0.881138
0.972195,1,0.915048,0.886487,0.915427,0.874948,0.903127,0.886153,0.868337,0.819572,0.915883,0.838837,0.894359,0.904881,0.853353,0.875133,0.878104,0.888107,0.814367,0.811868,0.825873,0.882252,0.846884,0.970704,0.828,0.872212,0.925321,0.855485,0.873067,0.852671,0.95052,0.850296,0.809339,0.878635,0.82433,0.801396,0.84906,0.90776,0.825775,0.818307,0.870856,0.819346,0.868968,0.847208,0.952477,0.836947,0.884506,0.889064,0.826551,0.878327,0.905265,0.90775,0.904838,0.826357,0.816339,0.904406,0.818758,0.834091,0.835254,0.882394,0.845401,0.891025,0.819878,0.847947,0.89944,0.824943,0.807732,0.860014,0.811994,0.842664,0.809038,0.946822,0.820059,0.777179,0.89299,0.886694,0.808331,0.842362,0.933858,0.981973,0.910327,0.821349,0.876501,0.899388,0.920299,0.910533,0.845038,0.906931,0.889657,0.821679,0.898329,0.878718,0.835131,0.864038,0.804937,0.7819,0.884791,0.88866,0.836183,0.892661
0.893589,0.915048,1,0.961614,0.95304,0.940625,0.973654,0.952609,0.93978,0.903242,0.868392,0.905268,0.870038,0.817269,0.826704,0.847856,0.833946,0.961144,0.870706,0.88084,0.894857,0.804169,0.839359,0.893119,0.842262,0.839462,0.878952,0.800399,0.816283,0.863454,0.867662,0.934917,0.88574,0.813401,0.912016,0.869359,0.916626,0.986744,0.911465,0.901534,0.919308,0.904564,0.952912,0.852557,0.879719,0.927401,0.866554,0.864047,0.927239,0.959707,0.985261,0.996114,0.992269,0.903369,0.860396,0.986473,0.851073,0.89765,0.919717,0.850517,0.829734,0.809636,0.851261,0.852457,0.822418,0.84415,0.89608,0.923034,0.850301,0.903272,0.862426,0.901211,0.842985,0.8546559,0.855984,0.841923,0.877252,0.870945,0.859572,0.924746,0.91302,0.902453,0.962899,0.980154,0.873417,0.884404,0.916102,0.937544,0.970329,0.894178,0.987412,0.977489,0.916024,0.953524,0.875119,0.843754,0.87313,0.880406,0.904831,0.979121
0.855386,0.886487,0.961614,1,0.945222,0.97035,0.975671,0.933735,0.96427,0.898612,0.848969,0.895624,0.869861,0.778118,0.78727,0.911945,0.785707,0.922582,0.829349,0.838148,0.856062,0.761943,0.840874,0.850763,0.804578,0.818794,0.806119,0.7917953,0.775565,0.84561,0.834034,0.963087,0.947367,0.776035,0.88139,0.834467,0.906062,0.97737,0.893661,0.884334,0.863646,0.86541,0.949313,0.821954,0.852278,0.892542,0.815219,0.845145,0.969112,0.928361,0.954303,0.953411,0.962939,0.958785,0.848044,0.981134,0.933647,0.925817,0.91113,0.829588,0.797407,0.81767,0.784999,0.807333,0.784585,0.80026,0.912622,0.859231,0.818326,0.839505,0.829461,0.863844,0.797991,0.864776,0.863987,0.815547,0.837239,0.830802,0.825492,0.894687,0.857398,0.80665929,0.914324,0.937638,0.80899,0.836199,0.854463,0.887387,0.926159,0.841475,0.949794,0.964792,0.936409,0.902874,0.835017,0.848311,0.852413,0.860625,0.861457,0.96201
0.939122,0.915427,0.95304,0.945222,1,0.949348,0.96765,0.959675,0.925016,0.880467,0.843745,0.836875,0.94669,0.833242,0.791484,0.839513,0.803458,0.944552,0.882123,0.864879,0.915138,0.858343,0.809373,0.8883,0.792116,0.813901,0.844024,0.7849416,0.796643,0.822975,0.910388,0.875387,0.846878,0.872808,0.860181,0.801318,0.86804,0.975527,0.880985,0.87458,0.921528,0.842621,0.905975,0.810446,0.880131,0.865847,0.830363,0.838534,0.86799,0.9354,0.967752,0.931836,0.934772,0.860194,0.903018,0.955744,0.919503,0.909813,0.888224,0.822944,0.79138,0.890385,0.780986,0.902207,0.812475,0.788926,0.847082,0.872587,0.892341,0.871709,0.893654,0.880133,0.788779,0.8317463,0.839272,0.818519,0.866414,0.816117,0.922567,0.908656,0.862354,0.810452,0.91883,0.924064,0.838768,0.85056,0.890473,0.871839,0.910659,0.820152,0.932087,0.910948,0.85983,0.880075,0.80462,0.776413,0.844521,0.85065,0.819684,0.9321
0.870617,0.874948,0.940625,0.97035,0.949348,1,0.988879,0.968614,0.994923,0.923818,0.86565,0.897409,0.905109,0.824038,0.826232,0.902482,0.824344,0.946953,0.880859,0.877469,0.90311,0.818152,0.887329,0.870347,0.835651,0.844252,0.824348,0.846115,0.82104,0.87825,0.870997,0.918089,0.946241,0.819048,0.91548,0.861411,0.897124,0.971565,0.919623,0.904635,0.883929,0.900867,0.963458,0.852724,0.88723,0.921402,0.859953,0.870203,0.917383,0.960691,0.969253,0.926979,0.948086,0.9372,0.891685,0.9758,0.959779,0.979342,0.931843,0.85243,0.811141,0.861955,0.808271,0.854597,0.829846,0.837732,0.940434,0.864952,0.871417,0.844397,0.887924,0.891331,0.844773,0.921922,0.901457,0.846123,0.854403,0.880933,0.869567,0.901362,0.85151,0.801659,0.937451,0.933231,0.817687,0.863979,0.859771,0.855708,0.933898,0.868216,0.953506,0.915157,0.941097,0.91752,0.863398,0.870271,0.891077,0.891637,0.846797,0.965496
0.891024,0.903127,0.973654,0.975671,0.96765,0.988879,1,0.985028,0.984879,0.906879,0.863078,0.889796,0.906389,0.835233,0.834174,0.883782,0.836478,0.972334,0.887161,0.888736,0.911418,0.826603,0.869893,0.895748,0.845822,0.852481,0.853036,0.836969,0.825056,0.885275,0.887221,0.926261,0.922409,0.822998,0.925609,0.878104,0.893528,0.991177,0.916818,0.910264,0.902496,0.912908,0.973247,0.85655,0.903072,0.934602,0.867028,0.87884,0.913968,0.978666,0.988542,0.960941,0.975338,0.917166,0.889165,0.99319,0.922395,0.953082,0.921104,0.855086,0.821469,0.860866,0.826785,0.864263,0.838102,0.846518,0.909804,0.895589,0.868734,0.88059,0.887885,0.907992,0.856152,0.899853,0.879102,0.851831,0.862773,0.875015,0.884447,0.922909,0.87347,0.822911,0.961282,0.96493,0.849815,0.874314,0.866045,0.894081,0.962002,0.879441,0.977069,0.944056,0.921642,0.938888,0.876622,0.855243,0.897856,0.900587,0.852674,0.984752
0.896232,0.886153,0.952609,0.933735,0.959675,0.968614,0.985028,1,0.964012,0.923652,0.867939,0.869216,0.921372,0.862086,0.84942,0.848531,0.855982,0.990878,0.919498,0.913604,0.946317,0.86821,0.861361,0.911696,0.869776,0.88104,0.873052,0.873025,0.853,0.888194,0.910221,0.874908,0.883431,0.851542,0.947321,0.902771,0.870963,0.970466,0.936334,0.942619,0.913014,0.930472,0.95884,0.875159,0.917718,0.940465,0.888975,0.875572,0.858613,0.992018,0.983481,0.935514,0.951004,0.889467,0.932689,0.96827,0.894916,0.937018,0.925855,0.874537,0.832989,0.876203,0.839228,0.89701,0.864111,0.862114,0.880103,0.903826,0.902022,0.902624,0.926856,0.917176,0.883203,0.926971,0.844803,0.876938,0.872944,0.870509,0.917912,0.913199,0.866077,0.814081,0.976273,0.955792,0.868918,0.876494,0.871424,0.870611,0.962768,0.886596,0.964023,0.906517,0.894904,0.935003,0.894396,0.860289,0.90193,0.901611,0.848829,0.967003
0.855716,0.868337,0.93978,0.96427,0.925016,0.994923,0.984879,0.964012,1,0.917513,0.859713,0.908233,0.877104,0.826152,0.83623,0.902144,0.830971,0.945645,0.870774,0.874628,0.886199,0.808594,0.897837,0.869704,0.847171,0.843779,0.825491,0.860553,0.820868,0.893205,0.864171,0.925612,0.957369,0.797394,0.927337,0.885969,0.896384,0.961957,0.912764,0.8963931,0.871977,0.918486,0.975681,0.857204,0.88937,0.937367,0.864006,0.874158,0.922914,0.963275,0.963121,0.932086,0.954478,0.941913,0.867802,0.975247,0.941102,0.978311,0.92534,0.848814,0.810694,0.848728,0.82651,0.836929,0.833937,0.85479,0.949633,0.870995,0.847395,0.843125,0.870359,0.892334,0.86706,0.933442,0.905591,0.845142,0.837577,0.89719,0.855732,0.898589,0.852735,0.811392,0.942861,0.94131,0.819744,0.867571,0.848466,0.865184,0.946562,0.887091,0.960836,0.917761,0.950191,0.934013,0.884716,0.889129,0.900599,0.899336,0.863511,0.973531
0.84375,0.819572,0.903242,0.898612,0.880467,0.923818,0.906879,0.923652,0.917513,1,0.917125,0.938259,0.88383,0.829268,0.811313,0.862299,0.839743,0.934665,0.910475,0.914644,0.946226,0.842413,0.858922,0.86152,0.891431,0.916416,0.838761,0.916689,0.874226,0.837232,0.850282,0.859491,0.926795,0.859987,0.947322,0.916955,0.924395,0.91102,0.991003,0.995024,0.879624,0.922136,0.905367,0.901036,0.860912,0.911711,0.882037,0.827967,0.867855,0.936829,0.933844,0.897319,0.90439,0.926,0.959923,0.910832,0.924278,0.956131,0.994204,0.920275,0.88003,0.775993,0.838719,0.855896,0.849426,0.845194,0.975559,0.881069,0.921573,0.869337,0.93195,0.881257,0.86826,0.987595,0.913178,0.909516,0.913654,0.859429,0.855465,0.860385,0.870584,0.855952,0.940325,0.905293,0.832587,0.860393,0.883948,0.822807,0.913703,0.87367,0.92134,0.882226,0.949142,0.906414,0.904604,0.877637,0.84435,0.853148,0.873682,0.903536
0.914771,0.915883,0.868392,0.848969,0.843745,0.86565,0.863078,0.867939,0.859713,0.917125,1,0.927396,0.871018,0.898954,0.881894,0.932776,0.912953,0.876641,0.852416,0.857064,0.884098,0.885444,0.915037,0.944879,0.929914,0.973986,0.920266,0.948074,0.947847,0.887706,0.915997,0.827557,0.87415,0.908649,0.885965,0.88726,0.891345,0.862112,0.924708,0.914845,0.841665,0.87091,0.864154,0.949618,0.942259,0.865929,0.95137,0.897642,0.836143,0.882621,0.891345,0.869005,0.870387,0.893598,0.894286,0.864814,0.852272,0.853735,0.930062,0.987299,0.954519,0.814124,0.866524,0.816525,0.922728,0.880194,0.901623,0.835021,0.881801,0.809154,0.87632,0.964671,0.897734,0.883317,0.954122,0.97872,0.885583,0.904481,0.897737,0.94928,0.951835,0.854602,0.887215,0.86904,0.911459,0.940342,0.859668,0.864543,0.876038,0.842716,0.885274,0.845295,0.908945,0.884675,0.879,0.881519,0.914567,0.919469,0.907455,0.863484
0.830738,0.838837,0.905268,0.895624,0.836875,0.897409,0.889796,0.869216,0.908233,0.938259,0.927396,1,0.815088,0.794762,0.842575,0.934787,0.845654,0.889544,0.829833,0.846391,0.860799,0.781866,0.916511,0.859833,0.929412,0.908692,0.862569,0.877992,0.852608,0.899989,0.826375,0.915441,0.955809,0.809331,0.920691,0.937324,0.937296,0.883534,0.939266,0.929095,0.837388,0.913583,0.92516,0.937765,0.849564,0.921603,0.900853,0.858263,0.912981,0.898807,0.907949,0.923976,0.927938,0.952459,0.868127,0.905272,0.864598,0.889731,0.953229,0.923491,0.914446,0.733179,0.891972,0.780166,0.822357,0.894943,0.96463,0.863433,0.84149,0.830823,0.844864,0.891318,0.903645,0.910932,0.922609,0.896254,0.868573,0.934104,0.814196,0.876734,0.927746,0.909862,0.918599,0.923687,0.86299,0.874609,0.86314,0.916227,0.932012,0.902154,0.935118,0.904011,0.980262,0.95,0.928634,0.943707,0.896096,0.904967,0.956087,0.915667
0.959334,0.894359,0.870038,0.869861,0.94669,0.905109,0.906389,0.921372,0.877104,0.88383,0.871018,0.815088,1,0.922836,0.819804,0.816022,0.843695,0.894838,0.912341,0.884036,0.955005,0.954952,0.834218,0.896837,0.833849,0.869054,0.809384,0.841211,0.880197,0.838518,0.957276,0.828217,0.832472,0.953045,0.873852,0.822298,0.804779,0.914237,0.894451,0.888331,0.880379,0.858303,0.877754,0.850916,0.922349,0.867749,0.861511,0.864567,0.812532,0.90766,0.918101,0.851811,0.868048,0.804429,0.949812,0.894688,0.90167,0.864376,0.885233,0.868896,0.81991,0.95283,0.798673,0.921875,0.892268,0.81893,0.842177,0.813214,0.9444,0.790323,0.945437,0.89909,0.812166,0.843858,0.837276,0.882152,0.853549,0.827772,0.963222,0.904946,0.841571,0.754463,0.878901,0.851181,0.78769,0.88168,0.829203,0.783926,0.850494,0.824535,0.880432,0.852045,0.826572,0.857144,0.831033,0.799799,0.858432,0.863042,0.800544,0.882848
0.9221,0.904881,0.817269,0.778118,0.833242,0.824038,0.835233,0.862086,0.826152,0.829268,0.898954,0.794762,0.922836,1,0.916821,0.800434,0.945451,0.845626,0.902819,0.904676,0.901127,0.984143,0.883421,0.918447,0.896644,0.927593,0.843304,0.895056,0.945087,0.898228,0.950401,0.766829,0.792259,0.944994,0.892237,0.867793,0.80177,0.827181,0.858653,0.857008,0.877143,0.894303,0.854085,0.894649,0.955615,0.881265,0.913391,0.921225,0.738399,0.872629,0.847026,0.81057,0.821369,0.7704,0.888019,0.828588,0.778165,0.789753,0.83542,0.915198,0.879339,0.955773,0.892223,0.921688,0.981619,0.889861,0.794748,0.866264,0.886041,0.815609,0.900596,0.93131,0.891722,0.822409,0.831951,0.946104,0.81384,0.866789,0.938473,0.916383,0.853412,0.793158,0.846712,0.817217,0.844016,0.924466,0.821108,0.810083,0.826838,0.876022,0.840425,0.794446,0.786835,0.850249,0.881397,0.840966,0.910519,0.905378,0.810448,0.84349
0.818053,0.853353,0.826704,0.78727,0.791484,0.826232,0.834174,0.84942,0.83623,0.811313,0.881894,0.842575,0.819804,0.916821,1,0.8623,0.958822,0.837783,0.877524,0.892801,0.860632,0.874648,0.93793,0.859511,0.949465,0.932836,0.84624,0.88486,0.912099,0.96779,0.848101,0.811937,0.825494,0.821967,0.895837,0.910357,0.819391,0.822981,0.843884,0.83924,0.871681,0.910544,0.870314,0.940078,0.893751,0.901904,0.928373,0.959507,0.7621528,0.867481,0.840216,0.830645,0.837981,0.789783,0.821058,0.833305,0.741271,0.788936,0.822384,0.9196,0.916332,0.858559,0.955951,0.861316,0.93636,0.970014,0.815412,0.883089,0.816282,0.826117,0.852702,0.913096,0.951772,0.803108,0.847935,0.929114,0.792382,0.931444,0.824712,0.883287,0.892971,0.836704,0.843486,0.817394,0.870154,0.919031,0.830386,0.892986,0.845799,0.916811,0.850006,0.81465,0.820138,0.884516,0.927926,0.904282,0.957058,0.951705,0.869797,0.855765
0.833559,0.875133,0.847856,0.911945,0.839513,0.902482,0.883782,0.848531,0.902144,0.862299,0.932776,0.934787,0.816022,0.800434,0.8623,1,0.851612,0.841987,0.772267,0.77521,0.798421,0.769624,0.939376,0.876883,0.89668,0.907098,0.868936,0.878992,0.853549,0.908596,0.839965,0.929515,0.929109,0.780826,0.844196,0.863667,0.865241,0.868464,0.86199,0.846738,0.781049,0.834211,0.889696,0.920589,0.879052,0.852041,0.909557,0.893115,0.918906,0.852668,0.862479,0.853107,0.87356,0.920951,0.815222,0.884107,0.883491,0.875464,0.879037,0.921978,0.891788,0.785395,0.834984,0.74279,0.833766,0.871103,0.900743,0.783748,0.786775,0.759007,0.791153,0.911331,0.879938,0.832386,0.947469,0.896921,0.791535,0.921546,0.817808,0.90594,0.910071,0.804672,0.849187,0.856496,0.868899,0.882597,0.808566,0.885164,0.865994,0.821835,0.869638,0.877742,0.92757,0.874852,0.854294,0.915553,0.922391,0.926557,0.921262,0.877427
0.848984,0.878104,0.833946,0.785707,0.803458,0.824344,0.836478,0.855982,0.830971,0.839743,0.912953,0.845654,0.843695,0.945451,0.958822,0.851612,1,0.850524,0.917429,0.91014,0.883763,0.916379,0.935112,0.887209,0.96119,0.956866,0.883016,0.902636,0.967361,0.951384,0.876539,0.798033,0.811844,0.866608,0.909496,0.914348,0.836465,0.829157,0.874314,0.868354,0.891147,0.921892,0.870373,0.943854,0.919382,0.904372,0.942573,0.964684,0.7577497,0.875472,0.851973,0.83311,0.838472,0.788347,0.855203,0.835752,0.745046,0.785529,0.850015,0.946676,0.941403,0.877638,0.957483,0.892059,0.979761,0.966734,0.811271,0.908064,0.866115,0.859185,0.893276,0.933628,0.944364,0.832247,0.859905,0.961015,0.831529,0.922272,0.852444,0.904134,0.899577,0.835675,0.852992,0.847734,0.897295,0.937111,0.830349,0.887757,0.850966,0.916898,0.853898,0.813873,0.810234,0.878413,0.932237,0.891338,0.957548,0.952365,0.862206,0.85349
0.889784,0.888107,0.961144,0.922582,0.944552,0.946953,0.972334,0.990878,0.945645,0.934665,0.876641,0.889544,0.894838,0.845626,0.837783,0.841987,0.850524,1,0.905013,0.901024,0.933057,0.845681,0.852706,0.922161,0.870532,0.880681,0.908392,0.870231,0.850189,0.878421,0.90385,0.868732,0.879058,0.826244,0.951694,0.908392,0.895084,0.961795,0.941653,0.948016,0.916422,0.931267,0.954009,0.881283,0.90923,0.945398,0.901061,0.866488,0.8492263,0.991237,0.981283,0.94747,0.956348,0.899964,0.921478,0.961823,0.862419,0.905692,0.936356,0.876549,0.830304,0.835251,0.841845,0.882291,0.854018,0.859492,0.893537,0.928194,0.882403,0.939307,0.908914,0.919335,0.881068,0.924136,0.835954,0.873945,0.8742,0.868065,0.909277,0.91202,0.877463,0.854967,0.992204,0.972607,0.904607,0.877171,0.88979,0.891663,0.979639,0.893938,0.969742,0.91216,0.906997,0.944642,0.896307,0.873665,0.893582,0.895418,0.866929,0.963663
0.837691,0.814367,0.870706,0.829349,0.882123,0.880859,0.887161,0.919498,0.870774,0.910475,0.852416,0.829833,0.912341,0.902819,0.877524,0.772267,0.917429,0.905013,1,0.983767,0.972601,0.925031,0.846329,0.824788,0.892295,0.887194,0.806172,0.836916,0.904294,0.868526,0.851764,0.783387,0.828624,0.909346,0.943499,0.889189,0.874887,0.883561,0.94129,0.934786,0.956809,0.942129,0.884669,0.866424,0.856502,0.913623,0.856991,0.869677,0.7777102,0.922757,0.906927,0.854088,0.858785,0.830032,0.954181,0.873421,0.835131,0.843701,0.916416,0.881109,0.881023,0.892957,0.899356,0.977539,0.916927,0.896754,0.855177,0.949273,0.968752,0.922791,0.98729,0.855748,0.872181,0.892853,0.786776,0.898186,0.928235,0.843888,0.861748,0.833174,0.821947,0.838388,0.89098,0.867093,0.820228,0.856723,0.897371,0.821922,0.867692,0.91088,0.87975,0.830018,0.839722,0.870359,0.915587,0.843231,0.865142,0.860831,0.811145,0.876752
0.818665,0.811868,0.88084,0.838148,0.864879,0.877469,0.888736,0.913604,0.874628,0.914644,0.857064,0.846391,0.884036,0.904676,0.892801,0.77521,0.91014,0.901024,0.983767,1,0.96497,0.898337,0.853238,0.820689,0.899001,0.892177,0.794178,0.835081,0.882964,0.880269,0.833449,0.8027,0.848135,0.895232,0.954036,0.902091,0.879635,0.886085,0.944219,0.938597,0.944488,0.95287,0.895008,0.876892,0.854917,0.925221,0.857887,0.870231,0.7953382,0.924689,0.908576,0.869319,0.873241,0.845619,0.938115,0.882156,0.824339,0.8380033,0.922972,0.88687,0.892805,0.862263,0.919904,0.95071,0.90482,0.892829,0.869843,0.952457,0.941715,0.923789,0.963245,0.856488,0.885113,0.89488,0.794294,0.902343,0.932034,0.854652,0.835206,0.834889,0.832775,0.849506,0.896129,0.871002,0.821702,0.859497,0.89763,0.828762,0.873364,0.922223,0.89219,0.847844,0.855293,0.886476,0.92732,0.856933,0.869096,0.866321,0.828911,0.888743
0.889784,0.825873,0.894857,0.856062,0.915138,0.90311,0.911418,0.946317,0.886199,0.946226,0.884098,0.860799,0.955005,0.901127,0.860632,0.798421,0.883763,0.933057,0.972601,0.96497,1,0.933076,0.856311,0.860185,0.89325,0.906056,0.815532,0.865782,0.894326,0.868279,0.898832,0.821335,0.855471,0.932533,0.947875,0.895886,0.864794,0.919493,0.963734,0.959983,0.928034,0.93297,0.901667,0.895982,0.88785,0.922385,0.892821,0.871255,0.825444,0.950274,0.942395,0.879233,0.888718,0.854994,0.983844,0.903576,0.880122,0.87358,0.947522,0.902727,0.870548,0.892386,0.872196,0.944718,0.894224,0.871258,0.895753,0.889495,0.973067,0.857545,0.988108,0.893605,0.878775,0.921178,0.836344,0.911003,0.917663,0.862222,0.913569,0.86925,0.867021,0.835627,0.928902,0.881458,0.803642,0.890158,0.896737,0.801579,0.888155,0.891855,0.911707,0.873078,0.871615,0.901724,0.904168,0.860585,0.875237,0.877212,0.855602,0.903428
0.930766,0.882252,0.804169,0.761943,0.858343,0.818152,0.826603,0.86821,0.808594,0.842413,0.885444,0.781866,0.954952,0.984143,0.874648,0.769624,0.916379,0.845681,0.925031,0.898337,0.933076,1,0.841413,0.902351,0.875141,0.908369,0.821177,0.883833,0.943433,0.85787,0.954369,0.744611,0.769102,0.969601,0.878945,0.850342,0.785285,0.824634,0.869403,0.866865,0.877909,0.877996,0.83275,0.869415,0.939916,0.859946,0.886588,0.88123,0.731739,0.867324,0.845867,0.793635,0.804581,0.75666,0.930415,0.814896,0.800189,0.787166,0.84418,0.899014,0.861594,0.961057,0.856363,0.946711,0.966562,0.866402,0.793906,0.846125,0.937364,0.80274,0.943087,0.907711,0.862172,0.831614,0.806427,0.929518,0.837936,0.831558,0.952064,0.893151,0.831321,0.773457,0.838512,0.802954,0.807384,0.898257,0.820339,0.773776,0.813286,0.846547,0.826605,0.782867,0.776372,0.831898,0.863725,0.811012,0.872453,0.868025,0.792285,0.825603
0.838526,0.846884,0.839359,0.840874,0.809373,0.887329,0.869893,0.861361,0.897837,0.858922,0.915037,0.916511,0.834218,0.883421,0.93793,0.939376,0.935112,0.852706,0.846329,0.853238,0.856311,0.841413,1,0.873942,0.947311,0.933127,0.87162,0.879113,0.89798,0.97527,0.863136,0.871618,0.916509,0.809346,0.902483,0.912786,0.85337,0.851726,0.870424,0.855022,0.845297,0.906187,0.912709,0.966966,0.902282,0.923197,0.961198,0.967699,0.853611,0.884022,0.870339,0.848656,0.86856,0.863055,0.833469,0.868926,0.843305,0.869823,0.871036,0.93243,0.899228,0.840569,0.930667,0.818261,0.903347,0.945431,0.896654,0.831412,0.812749,0.764709,0.841136,0.937264,0.944464,0.841995,0.947941,0.925066,0.778939,0.98839,0.840128,0.906701,0.928034,0.845443,0.873567,0.856471,0.864158,0.951591,0.822928,0.874523,0.870731,0.919069,0.883888,0.842743,0.894283,0.92044,0.918781,0.96367,0.980863,0.979958,0.929548,0.888034
0.966354,0.970704,0.893119,0.850763,0.8883,0.870347,0.895748,0.911696,0.869704,0.86152,0.944879,0.859833,0.896837,0.918447,0.859511,0.876883,0.887209,0.922161,0.824788,0.820689,0.860185,0.902351,0.873942,1,0.875316,0.924966,0.963543,0.922294,0.910614,0.878563,0.979029,0.815749,0.819077,0.885504,0.874986,0.862071,0.840125,0.886623,0.868521,0.871786,0.849558,0.857155,0.882372,0.901786,0.982935,0.873806,0.942931,0.895772,0.7842336,0.91231,0.908048,0.885822,0.89124,0.843826,0.863448,0.888279,0.806708,0.827777,0.868087,0.925531,0.865632,0.873156,0.825789,0.835406,0.917468,0.847215,0.829153,0.85653,0.831833,0.863158,0.839418,0.978777,0.877321,0.843904,0.889067,0.929931,0.816384,0.870737,0.967395,0.979438,0.915051,0.811416,0.918362,0.90594,0.9546,0.93051,0.831478,0.881206,0.913326,0.828654,0.902322,0.849327,0.852111,0.889049,0.84365,0.845094,0.91545,0.91698,0.857793,0.891699
0.826351,0.828,0.842262,0.804578,0.792116,0.835651,0.845822,0.869776,0.847171,0.891431,0.929914,0.929412,0.833849,0.896644,0.949465,0.89668,0.96119,0.870532,0.892295,0.899001,0.89325,0.875141,0.947311,0.875316,1,0.975009,0.868054,0.923584,0.939879,0.970702,0.859201,0.849546,0.881164,0.849798,0.939002,0.977244,0.842578,0.835261,0.915605,0.912185,0.844365,0.948559,0.902401,0.98669,0.904335,0.93378,0.953379,0.938501,0.821665,0.896127,0.867594,0.856724,0.869864,0.841475,0.878864,0.851755,0.77436,0.8015362,0.899089,0.969421,0.965766,0.814885,0.971607,0.842833,0.930778,0.98174,0.887185,0.874206,0.866647,0.819825,0.889941,0.931425,0.986408,0.883024,0.893009,0.964195,0.84178,0.954109,0.840339,0.887239,0.929282,0.852446,0.887828,0.871187,0.870823,0.922331,0.808854,0.890511,0.892795,0.928229,0.88837,0.850743,0.881283,0.933963,0.977548,0.948805,0.964142,0.964008,0.92994,0.880619
0.876599,0.872212,0.839462,0.818794,0.813901,0.844252,0.852481,0.88104,0.843779,0.916416,0.973986,0.908692,0.869054,0.927593,0.932836,0.907098,0.956866,0.880681,0.887194,0.892177,0.906056,0.908369,0.933127,0.924966,0.975009,1,0.897023,0.972793,0.967247,0.93725,0.907698,0.825319,0.867463,0.89245,0.922181,0.938201,0.842475,0.844516,0.928011,0.92865,0.839982,0.915085,0.879109,0.981271,0.947526,0.900803,0.96864,0.933877,0.80606,0.898761,0.876023,0.840445,0.853984,0.84276,0.904628,0.852057,0.815821,0.842081,0.917021,0.996288,0.963227,0.840901,0.918753,0.841925,0.955392,0.936749,0.893837,0.848433,0.882132,0.809108,0.89848,0.964519,0.954674,0.905507,0.939388,0.995482,0.854124,0.921832,0.888739,0.926151,0.931743,0.819991,0.889419,0.856051,0.89201,0.942588,0.814274,0.850699,0.874631,0.880095,0.875328,0.830062,0.874369,0.897215,0.930349,0.909105,0.950575,0.951864,0.896944,0.865645
0.900325,0.925321,0.878952,0.806119,0.844024,0.824348,0.853036,0.873052,0.825491,0.838761,0.920266,0.862569,0.809384,0.843304,0.84624,0.868936,0.883016,0.908392,0.806172,0.794178,0.815532,0.821177,0.87162,0.963543,0.868054,0.897023,1,0.886303,0.879558,0.863581,0.910752,0.7856,0.79211,0.79134,0.850719,0.846213,0.85468,0.852002,0.84065,0.842309,0.855702,0.830886,0.846446,0.897746,0.918899,0.855551,0.948197,0.885176,0.788322,0.882847,0.87875,0.874106,0.867775,0.839346,0.814263,0.851373,0.761055,0.781817,0.845764,0.899781,0.851125,0.775157,0.83798,0.815711,0.872688,0.848212,0.816688,0.882543,0.779659,0.903408,0.796922,0.949607,0.867365,0.812336,0.881535,0.891542,0.812071,0.873117,0.898524,0.938994,0.923311,0.85505,0.910069,0.899079,0.99208,0.916983,0.848977,0.905862,0.905332,0.8228564,0.878086,0.834246,0.843495,0.875686,0.825998,0.861555,0.90164,0.904545,0.876612,0.856886
0.855436,0.855485,0.800399,0.7917953,0.7849416,0.846115,0.836969,0.873025,0.860553,0.916689,0.948074,0.877992,0.841211,0.895056,0.88486,0.878992,0.902636,0.870231,0.836916,0.835081,0.865782,0.883833,0.879113,0.922294,0.923584,0.972793,0.886303,1,0.932507,0.881213,0.89882,0.789236,0.846636,0.855554,0.883279,0.904707,0.808907,0.8040087,0.902318,0.918493,0.788411,0.870076,0.83946,0.93398,0.937085,0.850212,0.925241,0.870185,0.77172,0.874478,0.836573,0.796912,0.812498,0.815328,0.884218,0.8150341,0.843143,0.898152,0.89788,0.964277,0.909667,0.831682,0.844473,0.799058,0.922916,0.881268,0.900785,0.809401,0.838017,0.79294,0.855936,0.931701,0.916701,0.92827,0.964559,0.962808,0.803801,0.8553505,0.884063,0.895315,0.879111,0.760263,0.866202,0.827656,0.880996,0.88992,0.764528,0.804642,0.856322,0.816872,0.834042,0.787575,0.856491,0.845289,0.881061,0.847275,0.899701,0.894852,0.836278,0.83322
0.887363,0.873067,0.816283,0.775565,0.796643,0.82104,0.825056,0.853,0.820868,0.874226,0.947847,0.852608,0.880197,0.945087,0.912099,0.853549,0.967361,0.850189,0.904294,0.882964,0.894326,0.943433,0.89798,0.910614,0.939879,0.967247,0.879558,0.932507,1,0.897571,0.913854,0.77441,0.816519,0.915199,0.900894,0.895866,0.819963,0.820763,0.903675,0.894567,0.842768,0.901059,0.853125,0.931474,0.942062,0.879323,0.938943,0.917945,0.768957,0.872787,0.852396,0.81444,0.825091,0.802602,0.887134,0.824805,0.772889,0.780249,0.883404,0.965287,0.935211,0.874321,0.894017,0.865159,0.982657,0.923438,0.845075,0.856899,0.900372,0.811556,0.910474,0.945327,0.9087,0.85954,0.881909,0.979699,0.851223,0.885243,0.893584,0.91518,0.894559,0.800436,0.855811,0.835562,0.859528,0.935838,0.799917,0.8163,0.843391,0.864779,0.84844,0.805204,0.830987,0.863264,0.904827,0.86195,0.918892,0.91636,0.852771,0.839286
0.835565,0.852671,0.863454,0.84561,0.822975,0.87825,0.885275,0.888194,0.893205,0.837232,0.887706,0.899989,0.838518,0.898228,0.96779,0.908596,0.951384,0.878421,0.868526,0.880269,0.868279,0.85787,0.97527,0.878563,0.970702,0.93725,0.863581,0.881213,0.897571,1,0.867831,0.892448,0.896144,0.809954,0.928771,0.956544,0.830432,0.869267,0.867304,0.862403,0.858158,0.942976,0.937465,0.967119,0.912459,0.950939,0.948821,0.97586,0.841065,0.909527,0.883774,0.875731,0.897048,0.831234,0.832808,0.889729,0.791422,0.837788,0.851948,0.925159,0.912631,0.856836,0.964328,0.839241,0.916912,0.979442,0.859581,0.86683,0.815344,0.794936,0.852454,0.936654,0.979535,0.833144,0.891564,0.924992,0.783667,0.97615,0.84564,0.907033,0.917382,0.847284,0.893577,0.884275,0.864767,0.931394,0.804199,0.909988,0.90451,0.945343,0.907745,0.873443,0.869084,0.946775,0.960605,0.952894,0.991822,0.990375,0.914593,0.917064
0.985013,0.95052,0.867662,0.834034,0.910388,0.870997,0.887221,0.910221,0.864171,0.850282,0.915997,0.826375,0.957276,0.950401,0.848101,0.839965,0.876539,0.90385,0.851764,0.833449,0.898832,0.954369,0.863136,0.979029,0.859201,0.907698,0.910752,0.89882,0.913854,0.867831,1,0.80311,0.811136,0.931402,0.87423,0.849255,0.794236,0.880707,0.863769,0.864372,0.838335,0.85909,0.876892,0.882973,0.983088,0.873231,0.922117,0.890717,0.7742546,0.906414,0.897715,0.857656,0.870288,0.812113,0.904937,0.876958,0.839153,0.830362,0.855743,0.9038,0.834919,0.935648,0.811446,0.877622,0.928418,0.837307,0.817585,0.813747,0.882302,0.813358,0.88598,0.960663,0.860739,0.83185,0.8643,0.919735,0.798854,0.858133,0.996372,0.961622,0.88103,0.7543208,0.898466,0.875269,0.891791,0.924727,0.801058,0.824881,0.883388,0.828668,0.885382,0.835322,0.827059,0.875301,0.838866,0.830843,0.900478,0.900987,0.831991,0.881386
0.824531,0.850296,0.934917,0.963087,0.875387,0.918089,0.926261,0.874908,0.925612,0.859491,0.827557,0.915441,0.828217,0.766829,0.811937,0.929515,0.798033,0.868732,0.783387,0.8027,0.821335,0.744611,0.871618,0.815749,0.849546,0.825319,0.7856,0.789236,0.77441,0.892448,0.80311,1,0.96459,0.743104,0.874392,0.871144,0.852129,0.936549,0.85834,0.850063,0.79187,0.875965,0.951634,0.860337,0.832863,0.910503,0.830045,0.87662,0.988286,0.891989,0.912621,0.948311,0.958642,0.935149,0.788711,0.954311,0.871501,0.867213,0.871517,0.830827,0.814558,0.787325,0.843084,0.739944,0.776515,0.850686,0.903481,0.814409,0.762685,0.770762,0.780796,0.857727,0.837957,0.833811,0.858962,0.812379,0.76968,0.878626,0.782372,0.8795,0.898864,0.822581,0.883819,0.920674,0.779269,0.865692,0.799727,0.910187,0.913126,0.868374,0.942206,0.982429,0.926255,0.935555,0.8741,0.897041,0.88259,0.894428,0.932563,0.954511
0.798373,0.809339,0.88574,0.947367,0.846878,0.946241,0.922409,0.883431,0.957369,0.926795,0.87415,0.955809,0.832472,0.792259,0.825494,0.929109,0.811844,0.879058,0.828624,0.848135,0.855471,0.769102,0.916509,0.819077,0.881164,0.867463,0.79211,0.846636,0.816519,0.896144,0.811136,0.96459,1,0.775058,0.925249,0.905204,0.902827,0.905476,0.925569,0.914537,0.818212,0.913512,0.95452,0.896608,0.83705,0.930841,0.867547,0.860403,0.968224,0.906489,0.903485,0.894082,0.920821,0.960857,0.859678,0.931963,0.916414,0.927968,0.938147,0.87433,0.838448,0.786521,0.849601,0.775984,0.806354,0.864261,0.973668,0.830343,0.818855,0.789671,0.838418,0.860262,0.866592,0.91143,0.900967,0.858731,0.818026,0.914726,0.798385,0.850845,0.849459,0.841262,0.903936,0.897127,0.788764,0.846684,0.828027,0.849128,0.908039,0.898647,0.924099,0.921396,0.975041,0.926624,0.905036,0.947826,0.886009,0.891256,0.91421,0.935311
0.936223,0.878635,0.813401,0.776035,0.872808,0.819048,0.822998,0.851542,0.797394,0.859987,0.908649,0.809331,0.953045,0.944994,0.821967,0.780826,0.866608,0.826244,0.909346,0.895232,0.932533,0.969601,0.809346,0.885504,0.849798,0.89245,0.79134,0.855554,0.915199,0.809954,0.931402,0.743104,0.775058,1,0.846434,0.816764,0.80706,0.832406,0.883826,0.871408,0.848149,0.839988,0.806377,0.848962,0.915137,0.817839,0.849459,0.82647,0.737481,0.844938,0.854415,0.803891,0.806921,0.79019,0.9408,0.814317,0.837062,0.787916,0.871978,0.90086,0.885037,0.910297,0.820884,0.914242,0.920019,0.813935,0.808895,0.810846,0.962257,0.795266,0.94209,0.886821,0.819246,0.823019,0.820127,0.919613,0.905264,0.804367,0.930706,0.885534,0.843524,0.783833,0.819696,0.793648,0.780795,0.870188,0.83359,0.756301,0.794488,0.7933,0.82463,0.790202,0.803761,0.814038,0.830129,0.77533,0.826844,0.827863,0.79711,0.810176
0.839615,0.82433,0.912016,0.88139,0.860181,0.91548,0.925609,0.947321,0.927337,0.947322,0.885965,0.920691,0.873852,0.892237,0.895837,0.844196,0.909496,0.951694,0.943499,0.954036,0.947875,0.878945,0.902483,0.874986,0.939002,0.922181,0.850719,0.883279,0.900894,0.928771,0.87423,0.874392,0.925249,0.846434,1,0.97246,0.898331,0.911126,0.969084,0.968348,0.91354,0.994742,0.964696,0.929834,0.897086,0.987681,0.917633,0.899171,0.870627,0.973822,0.94099,0.912891,0.929464,0.900684,0.926949,0.927117,0.837337,0.8675528,0.953223,0.912395,0.880783,0.841467,0.929698,0.8932,0.906803,0.933774,0.934687,0.930321,0.899621,0.882645,0.935278,0.908882,0.939167,0.93919,0.845617,0.91904,0.87175,0.91566,0.868167,0.875437,0.871227,0.885504,0.967303,0.935622,0.844474,0.894643,0.873685,0.861245,0.952949,0.966607,0.952148,0.898143,0.924618,0.963935,0.975992,0.941986,0.918995,0.918722,0.899518,0.948943
0.806781,0.801396,0.869359,0.834467,0.801318,0.861411,0.878104,0.902771,0.885969,0.916955,0.88726,0.937324,0.822298,0.867793,0.910357,0.863667,0.914348,0.908392,0.889189,0.902091,0.895886,0.850342,0.912786,0.862071,0.977244,0.938201,0.846213,0.904707,0.895866,0.956544,0.849255,0.871144,0.905204,0.816764,0.97246,1,0.856237,0.856426,0.934689,0.939294,0.847803,0.978842,0.941675,0.959432,0.886322,0.967159,0.921414,0.898964,0.850277,0.93211,0.890945,0.884688,0.903012,0.86613,0.883303,0.883478,0.77469,0.850676,0.918449,0.927251,0.915881,0.80245,0.9527,0.833149,0.892904,0.964257,0.915923,0.887834,0.853124,0.832588,0.885542,0.902303,0.981484,0.925782,0.858379,0.922627,0.832311,0.933462,0.837214,0.858968,0.88728,0.868477,0.930676,0.912801,0.846133,0.87754,0.807875,0.883315,0.938076,0.950516,0.923013,0.872612,0.903747,0.961224,0.992032,0.95511,0.939229,0.938183,0.919172,0.919159
0.818614,0.84906,0.916626,0.906062,0.86804,0.897124,0.893528,0.870963,0.896384,0.924395,0.891345,0.937296,0.804779,0.80177,0.819391,0.865241,0.836465,0.895084,0.874887,0.879635,0.864794,0.785285,0.85337,0.840125,0.842578,0.842475,0.85468,0.808907,0.819963,0.830432,0.794236,0.852129,0.902827,0.80706,0.898331,0.856237,1,0.886515,0.926007,0.910567,0.93672,0.894077,0.88078,0.844973,0.804707,0.88933,0.830402,0.829901,0.880061,0.882736,0.909566,0.916805,0.904156,0.960323,0.866512,0.893811,0.874501,0.885265,0.944838,0.860152,0.851782,0.76503,0.852542,0.859617,0.823691,0.844914,0.923185,0.926014,0.857812,0.902013,0.86207,0.834854,0.816927,0.88216,0.855494,0.845843,0.91716,0.847265,0.790734,0.842773,0.859269,0.963602,0.902299,0.91424,0.862717,0.821559,0.961351,0.890706,0.908226,0.923392,0.908323,0.863936,0.953192,0.880159,0.874042,0.881404,0.82154,0.822445,0.869916,0.882686
0.901846,0.90776,0.986744,0.97737,0.975527,0.971565,0.991177,0.970466,0.961957,0.91102,0.862112,0.883534,0.914237,0.827181,0.822981,0.868464,0.829157,0.961795,0.883561,0.886085,0.919493,0.824634,0.851726,0.886623,0.835261,0.844516,0.852002,0.8040087,0.820763,0.869267,0.880707,0.936549,0.905476,0.832406,0.911126,0.856426,0.886515,1,0.915354,0.906354,0.905312,0.898466,0.960416,0.852789,0.890801,0.925389,0.865371,0.878684,0.92906,0.968054,0.991999,0.974888,0.981385,0.89395,0.886535,0.994621,0.90605,0.928499,0.921199,0.851756,0.819446,0.852093,0.825188,0.860631,0.826849,0.833439,0.899402,0.889091,0.873618,0.872949,0.887065,0.904781,0.834181,0.8720955,0.868848,0.845815,0.869707,0.867116,0.878103,0.926702,0.897719,0.840884,0.954558,0.962187,0.842705,0.889204,0.884778,0.899135,0.951545,0.87324,0.978939,0.967436,0.904455,0.938757,0.861669,0.832247,0.884055,0.890943,0.876749,0.981337
0.852259,0.825775,0.911465,0.893661,0.880985,0.919623,0.916818,0.936334,0.912764,0.991003,0.924708,0.939266,0.894451,0.858653,0.843884,0.86199,0.874314,0.941653,0.94129,0.944219,0.963734,0.869403,0.870424,0.868521,0.915605,0.928011,0.84065,0.902318,0.903675,0.867304,0.863769,0.85834,0.925569,0.883826,0.969084,0.934689,0.926007,0.915354,1,0.99559,0.897813,0.951472,0.925176,0.914976,0.879894,0.93658,0.897443,0.850286,0.876448,0.953849,0.945671,0.906742,0.914871,0.928803,0.965624,0.917694,0.900874,0.920946,0.995722,0.932809,0.90429,0.80466,0.87447,0.881625,0.880756,0.880664,0.965618,0.903038,0.946076,0.87622,0.956936,0.897588,0.891751,0.969738,0.889207,0.927894,0.936749,0.876695,0.864667,0.871872,0.88329,0.87447,0.950135,0.917354,0.8316,0.878737,0.894482,0.834186,0.926745,0.902195,0.936367,0.890431,0.948972,0.927903,0.933377,0.896651,0.871038,0.875777,0.890984,0.919681
0.843979,0.818307,0.901534,0.884334,0.87458,0.904635,0.910264,0.942619,0.8963931,0.995024,0.914845,0.929095,0.888331,0.857008,0.83924,0.846738,0.868354,0.948016,0.934786,0.938597,0.959983,0.866865,0.855022,0.871786,0.912185,0.92865,0.842309,0.918493,0.894567,0.862403,0.864372,0.850063,0.914537,0.871408,0.968348,0.939294,0.910567,0.906354,0.99559,1,0.890408,0.948913,0.91793,0.911492,0.881297,0.931692,0.892426,0.841126,0.856946,0.955189,0.937083,0.895095,0.90525,0.910515,0.966479,0.908692,0.897156,0.934602,0.99028,0.928086,0.892881,0.803785,0.866506,0.878142,0.876992,0.874484,0.96333,0.900243,0.933566,0.880903,0.94964,0.89269,0.895857,0.985539,0.892945,0.923598,0.918039,0.859389,0.867766,0.863201,0.867794,0.855173,0.951612,0.914557,0.836964,0.864,0.877206,0.826547,0.927652,0.89434,0.927307,0.878402,0.934716,0.919245,0.930754,0.885647,0.86491,0.869074,0.872344,0.91256
0.854248,0.870856,0.919308,0.863646,0.921528,0.883929,0.902496,0.913014,0.871977,0.879624,0.841665,0.837388,0.880379,0.877143,0.871681,0.781049,0.891147,0.916422,0.956809,0.944488,0.928034,0.877909,0.845297,0.849558,0.844365,0.839982,0.855702,0.788411,0.842768,0.858158,0.838335,0.79187,0.818212,0.848149,0.91354,0.847803,0.93672,0.905312,0.897813,0.890408,1,0.913288,0.876789,0.838247,0.834927,0.906113,0.847096,0.878562,0.7810413,0.909804,0.920659,0.901821,0.887673,0.863354,0.900834,0.890824,0.835502,0.847305,0.892175,0.836256,0.821667,0.879405,0.880255,0.969207,0.881253,0.871239,0.836421,0.964676,0.898977,0.943119,0.926536,0.844942,0.837505,0.841631,0.789391,0.846359,0.891226,0.83693,0.848218,0.849883,0.833346,0.91164,0.895889,0.90166,0.871682,0.846155,0.965358,0.884799,0.890524,0.932652,0.893044,0.848901,0.853536,0.862868,0.876564,0.844019,0.854124,0.850195,0.80846,0.880393
0.825,0.819346,0.904564,0.86541,0.842621,0.900867,0.912908,0.930472,0.918486,0.922136,0.87091,0.913583,0.858303,0.894303,0.910544,0.834211,0.921892,0.931267,0.942129,0.95287,0.93297,0.877996,0.906187,0.857155,0.948559,0.915085,0.830886,0.870076,0.901059,0.942976,0.85909,0.875965,0.913512,0.839988,0.994742,0.978842,0.894077,0.898466,0.951472,0.948913,0.913288,1,0.963545,0.928166,0.888115,0.989579,0.907446,0.907501,0.8545003,0.960191,0.926051,0.910441,0.925915,0.881749,0.903514,0.918362,0.805973,0.859455,0.931376,0.903883,0.889979,0.845377,0.952127,0.89309,0.912269,0.954818,0.914096,0.941221,0.888764,0.878092,0.925113,0.898078,0.950228,0.919888,0.824211,0.912848,0.867502,0.923707,0.848764,0.866061,0.867611,0.89502,0.94931,0.928154,0.82698,0.889379,0.866806,0.879838,0.945033,0.978445,0.94582,0.897793,0.909401,0.965354,0.988843,0.94276,0.925686,0.923709,0.899843,0.945537
0.861844,0.868968,0.952912,0.949313,0.905975,0.963458,0.973247,0.95884,0.975681,0.905367,0.864154,0.92516,0.877754,0.854085,0.870314,0.889696,0.870373,0.954009,0.884669,0.895008,0.901667,0.83275,0.912709,0.882372,0.902401,0.879109,0.846446,0.83946,0.853125,0.937465,0.876892,0.951634,0.95452,0.806377,0.964696,0.941675,0.88078,0.960416,0.925176,0.91793,0.876789,0.963545,1,0.90367,0.903275,0.983215,0.894779,0.911739,0.926378,0.976597,0.966182,0.956075,0.977721,0.912396,0.869923,0.980511,0.87261,0.919027,0.921572,0.874814,0.843653,0.851386,0.891659,0.84017,0.864155,0.910622,0.928267,0.891009,0.846855,0.853961,0.878336,0.914298,0.912051,0.888582,0.874637,0.874272,0.83075,0.926563,0.863736,0.909997,0.880136,0.846669,0.965591,0.968523,0.839286,0.891718,0.826656,0.903222,0.97433,0.943212,0.984084,0.952061,0.936618,0.979732,0.943356,0.925407,0.932443,0.935172,0.895277,0.993052
0.854928,0.847208,0.852557,0.821954,0.810446,0.852724,0.85655,0.875159,0.857204,0.901036,0.949618,0.937765,0.850916,0.894649,0.940078,0.920589,0.943854,0.881283,0.866424,0.876892,0.895982,0.869415,0.966966,0.901786,0.98669,0.981271,0.897746,0.93398,0.931474,0.967119,0.882973,0.860337,0.896608,0.848962,0.929834,0.959432,0.844973,0.852789,0.914976,0.911492,0.838247,0.928166,0.90367,1,0.920577,0.931178,0.980875,0.952357,0.834172,0.902744,0.882521,0.863775,0.877658,0.855963,0.881132,0.86442,0.808643,0.826754,0.906958,0.976981,0.946515,0.812174,0.944947,0.820933,0.919199,0.957361,0.902501,0.837531,0.852379,0.79192,0.87601,0.956608,0.973191,0.882345,0.932333,0.967556,0.823854,0.968193,0.865196,0.914052,0.952383,0.854864,0.902994,0.873362,0.891941,0.950998,0.818336,0.880274,0.893922,0.91819,0.896361,0.862218,0.894973,0.937625,0.951532,0.960165,0.971648,0.975603,0.944857,0.886013
0.961124,0.952477,0.879719,0.852278,0.880131,0.88723,0.903072,0.917718,0.88937,0.860912,0.942259,0.849564,0.922349,0.955615,0.893751,0.879052,0.919382,0.90923,0.856502,0.854917,0.88785,0.939916,0.902282,0.982935,0.904335,0.947526,0.918899,0.937085,0.942062,0.912459,0.983088,0.832863,0.83705,0.915137,0.897086,0.886322,0.804707,0.890801,0.879894,0.881297,0.834927,0.888115,0.903275,0.920577,1,0.896138,0.94861,0.928037,0.799576,0.921403,0.909054,0.873558,0.889727,0.827158,0.878661,0.895756,0.818934,0.852305,0.868105,0.942029,0.886619,0.918305,0.854195,0.845703,0.952753,0.881427,0.830874,0.828367,0.860136,0.808155,0.872411,0.986108,0.905866,0.858577,0.894887,0.955669,0.81298,0.895936,0.966761,0.980022,0.911439,0.773794,0.907804,0.889702,0.904216,0.95019,0.794932,0.850966,0.899895,0.852484,0.904347,0.853929,0.843896,0.899588,0.876706,0.857424,0.942996,0.941752,0.858129,0.904431
