0,1,2,3,4,5,6,7,8,9,10,11,12,13,14,15,16,17,18,19,20,21,22,23,24,25,26,27,28,29,30,31,32,33,34,35,36,37,38,39,40,41,42,43,44,45,46,47,48,49,50,51,52,53,54,55,56,57,58,59,60,61,62,63,64,65,66,67,68,69,70,71,72,73,74,75,76,77,78,79,80,81,82,83,84,85,86,87,88,89,90,91,92,93,94,95,96,97,98,99
1.0,0.789949,0.881266,0.858054,0.737856,0.6527742,0.854114,0.8166,0.85247,0.750922,0.836205,0.796913,0.831324,0.799729,0.75579,0.7859,0.827074,0.824396,0.739665,0.75214,0.757893,0.846432,0.833268,0.78339,0.731611,0.807362,0.806904,0.6466292,0.799141,0.808014,0.900486,0.821265,0.892153,0.759716,0.824978,0.732989,0.761298,0.811562,0.730208,0.833046,0.851756,0.750867,0.723266,0.866294,0.856815,0.782684,0.866982,0.733877,0.772325,0.874391,0.788405,0.7831,0.834822,0.848187,0.750258,0.669264,0.684085,0.758328,0.76233,0.739124,0.748825,0.822506,0.777071,0.866751,0.756663,0.803585,0.769485,0.728587,0.81332,0.851036,0.711869,0.623787,0.727673,0.75547,0.774028,0.746526,0.797065,0.800604,0.802304,0.712676,0.783487,0.80106,0.826899,0.766946,0.84299,0.720161,0.749557,0.721152,0.76766,0.858058,0.851827,0.758404,0.835172,0.720528,0.594002,0.892108,0.716324,0.859777,0.827944,0.777163
0.789949,1.0,0.914093,0.892216,0.84724,0.667588,0.758301,0.887864,0.776117,0.803838,0.787646,0.863667,0.7862508,0.740598,0.888243,0.7824,0.721223,0.811503,0.76165,0.734065,0.749038,0.818413,0.838355,0.815779,0.659431,0.709027,0.78456,0.72944,0.83132,0.6957858,0.797316,0.703172,0.799056,0.725609,0.775018,0.692475,0.802934,0.768125,0.719851,0.751078,0.798958,0.745539,0.712594,0.8363,0.836865,0.723734,0.76396,0.820207,0.830161,0.74365,0.734051,0.927522,0.714391,0.875849,0.807537,0.646043,0.765695,0.745302,0.848764,0.853667,0.89378,0.747434,0.80806,0.772698,0.820308,0.820486,0.849092,0.730022,0.775038,0.715403,0.736283,0.779719,0.712331,0.83282,0.812494,0.705057,0.801101,0.73174,0.80552,0.731551,0.695204,0.691599,0.745302,0.693208,0.724552,0.684764,0.693437,0.718254,0.801531,0.770625,0.7949,0.725165,0.783832,0.6710021,0.721398,0.804562,0.74962,0.785183,0.809047,0.775829
0.881266,0.914093,1.0,0.838195,0.798438,0.710525,0.780229,0.933494,0.827553,0.782142,0.857482,0.858305,0.8785,0.805532,0.901127,0.743873,0.74425,0.848184,0.780615,0.750766,0.817463,0.7644696,0.887796,0.815415,0.6981064,0.814122,0.827905,0.731898,0.849472,0.782886,0.842102,0.710331,0.816443,0.6863844,0.785047,0.752156,0.81551,0.761665,0.709809,0.819485,0.749706,0.723691,0.723407,0.788556,0.78523,0.726735,0.825137,0.779792,0.837986,0.758282,0.675482,0.855503,0.737732,0.840472,0.831253,0.687558,0.744936,0.776933,0.845233,0.848606,0.8557,0.807369,0.807369,0.809224,0.8139,0.863423,0.83852,0.6771389,0.770755,0.764045,0.77224,0.691384,0.695261,0.829533,0.824459,0.747217,0.871753,0.768408,0.758955,0.700124,0.756257,0.729219,0.758173,0.710505,0.81099,0.690028,0.758336,0.729346,0.779691,0.831905,0.811767,0.764692,0.839331,0.676217,0.638047,0.826792,0.725211,0.769487,0.808935,0.747301
0.858054,0.892216,0.838195,1.0,0.75456,0.675018,0.834725,0.887609,0.814662,0.809911,0.774314,0.86713,0.815303,0.81261,0.827115,0.860121,0.800867,0.894387,0.865826,0.737979,0.73114,0.933835,0.887901,0.79603,0.756765,0.7032923,0.780415,0.682427,0.790804,0.726439,0.772237,0.760081,0.792721,0.872086,0.89264,0.734405,0.770631,0.71814,0.660307,0.773698,0.90746,0.798881,0.776896,0.890711,0.905999,0.656864,0.750915,0.826877,0.783448,0.837216,0.82131,0.807762,0.798244,0.956593,0.724971,0.650799,0.81044,0.794005,0.75132,0.785424,0.824789,0.761881,0.82108,0.817664,0.845451,0.837208,0.831148,0.764496,0.875313,0.866726,0.640853,0.741419,0.757824,0.762882,0.819815,0.764033,0.772289,0.739322,0.825187,0.776997,0.797359,0.719349,0.836255,0.781785,0.756647,0.669963,0.728558,0.734242,0.762276,0.771716,0.751643,0.719957,0.832233,0.696547,0.662612,0.84177,0.7169,0.827611,0.78514,0.74045
0.737856,0.84724,0.798438,0.75456,1.0,0.771996,0.690821,0.780438,0.747337,0.654183,0.714497,0.70166,0.709324,0.805435,0.739736,0.67357,0.646683,0.721277,0.727306,0.779285,0.645867,0.751501,0.7393334,0.720122,0.593072,0.666375,0.748921,0.690533,0.807099,0.685471,0.673679,0.586405,0.703726,0.684225,0.730215,0.608598,0.730137,0.718666,0.692276,0.720071,0.700451,0.608282,0.656395,0.817931,0.662729,0.611762,0.677404,0.766232,0.748344,0.6229592,0.614627,0.807001,0.656466,0.777881,0.916898,0.67956,0.621928,0.808795,0.705358,0.7683075,0.707535,0.597426,0.725248,0.771774,0.80395,0.694097,0.750881,0.622811,0.703615,0.6565531,0.59403,0.757149,0.692864,0.707596,0.717689,0.6834111,0.7981689,0.709084,0.592908,0.634466,0.694404,0.750432,0.683146,0.706905,0.670693,0.785847,0.662628,0.678935,0.686557,0.743597,0.692842,0.644251,0.72544,0.697111,0.758361,0.754416,0.6691228,0.708576,0.726389,0.763234
0.6527742,0.667588,0.710525,0.675018,0.771996,1.0,0.70029,0.738634,0.79286,0.6077428,0.707845,0.652827,0.666798,0.762727,0.769478,0.577753,0.777597,0.738891,0.804624,0.822127,0.71551,0.6609147,0.71241,0.690347,0.6157258,0.695603,0.6810292,0.634801,0.655756,0.663904,0.751135,0.604482,0.633363,0.709345,0.722462,0.754745,0.689434,0.762085,0.692819,0.810557,0.663881,0.744912,0.773707,0.6568284,0.631481,0.708972,0.748155,0.658057,0.762656,0.6132832,0.671468,0.6449761,0.657537,0.664317,0.901266,0.920927,0.663674,0.863072,0.52032,0.61838269,0.55222,0.6155765,0.712735,0.789233,0.723229,0.763481,0.6643433,0.672517,0.746982,0.737017,0.634364,0.6107524,0.59074,0.652114,0.721065,0.77494,0.700628,0.693607,0.665025,0.646865,0.755457,0.644025,0.702999,0.752167,0.672679,0.764611,0.6333877,0.753768,0.613937,0.679543,0.687635,0.710255,0.720598,0.660507,0.648795,0.695077,0.693164,0.663419,0.720048,0.785643
0.854114,0.758301,0.780229,0.834725,0.690821,0.70029,1.0,0.7904,0.769085,0.740845,0.683065,0.772033,0.824884,0.812142,0.725179,0.839725,0.756152,0.887765,0.741107,0.753679,0.752148,0.858317,0.856469,0.806448,0.812189,0.769708,0.881293,0.688279,0.814659,0.780366,0.82694,0.807465,0.788642,0.837079,0.892949,0.711794,0.823689,0.723219,0.65621,0.772108,0.814629,0.80868,0.7565,0.810622,0.894446,0.772658,0.81132,0.766608,0.770182,0.815245,0.747378,0.791653,0.803002,0.886661,0.687569,0.691433,0.734335,0.703745,0.719701,0.757527,0.782184,0.803667,0.79511,0.815078,0.758335,0.780983,0.807574,0.701901,0.864232,0.824271,0.815458,0.733509,0.84904,0.638387,0.780766,0.735548,0.735483,0.786439,0.785033,0.784221,0.826985,0.81238,0.782036,0.761678,0.831634,0.748708,0.78992,0.843513,0.660553,0.842777,0.787394,0.663631,0.766673,0.665088,0.728044,0.854382,0.697318,0.801159,0.761348,0.734021
0.8166,0.887864,0.933494,0.887609,0.780438,0.738634,0.7904,1.0,0.801981,0.779622,0.799832,0.863728,0.845006,0.801394,0.881776,0.803285,0.796032,0.87938,0.864232,0.721489,0.804309,0.781777,0.903772,0.784183,0.744166,0.803818,0.786277,0.725217,0.7732,0.824571,0.813053,0.669213,0.785617,0.754113,0.822215,0.709875,0.765977,0.748756,0.704421,0.831073,0.785841,0.802234,0.810411,0.849278,0.844328,0.70331,0.779469,0.819606,0.791357,0.757429,0.705057,0.80149,0.730978,0.865572,0.825644,0.681922,0.831598,0.854816,0.781423,0.786381,0.846675,0.749358,0.801527,0.806482,0.87405,0.88986,0.845023,0.774251,0.790787,0.773389,0.7361514,0.766604,0.728295,0.800695,0.816014,0.81473,0.843766,0.817383,0.783301,0.747613,0.784885,0.704486,0.777871,0.728608,0.812965,0.704278,0.763535,0.720026,0.754976,0.776695,0.769923,0.755793,0.88734,0.648489,0.725947,0.7892203,0.727519,0.727939,0.773752,0.719133
0.85247,0.776117,0.827553,0.814662,0.747337,0.79286,0.769085,0.801981,1.0,0.846565,0.774783,0.835734,0.799701,0.745396,0.80396,0.761029,0.799234,0.828093,0.773793,0.780554,0.769652,0.837929,0.823436,0.792821,0.684385,0.762726,0.815308,0.635917,0.800479,0.751653,0.819674,0.705336,0.811174,0.748811,0.855208,0.903367,0.804933,0.831443,0.777332,0.851471,0.782855,0.816382,0.815747,0.747939,0.767069,0.697871,0.762058,0.746565,0.792114,0.720745,0.788294,0.758601,0.753044,0.808204,0.791666,0.823834,0.691787,0.845783,0.7164327,0.7013507,0.734213,0.705639,0.786351,0.847505,0.732677,0.777318,0.714055,0.719167,0.806834,0.83018,0.676234,0.7256255,0.6805565,0.787441,0.731725,0.75713,0.784605,0.755015,0.767144,0.696563,0.734409,0.740569,0.786792,0.774493,0.796804,0.737586,0.746007,0.750208,0.780688,0.762203,0.759718,0.70445,0.820105,0.708249,0.695903,0.80994,0.75316,0.741985,0.749327,0.712388
0.750922,0.803838,0.782142,0.809911,0.654183,0.6077428,0.740845,0.779622,0.846565,1.0,0.755597,0.941144,0.7502574,0.706758,0.758035,0.805243,0.796041,0.845918,0.738934,0.691506,0.711065,0.826653,0.866359,0.862227,0.741662,0.754829,0.77975,0.729883,0.80148,0.776954,0.782583,0.783355,0.787384,0.789553,0.834487,0.813531,0.849256,0.799409,0.7594013,0.801887,0.757458,0.779145,0.797204,0.688319,0.776372,0.707232,0.788581,0.810164,0.813723,0.777378,0.754971,0.732247,0.685193,0.785128,0.652381,0.6515067,0.717496,0.653862,0.85238,0.773222,0.850434,0.753205,0.845695,0.804056,0.731434,0.72737,0.755424,0.7567518,0.792398,0.735048,0.71176,0.7380252,0.728086,0.902467,0.803901,0.775598,0.765481,0.794903,0.766937,0.714491,0.694821,0.735994,0.73887,0.687005,0.824132,0.640179,0.856275,0.725087,0.788161,0.828482,0.801066,0.679216,0.851083,0.766424,0.697483,0.717089,0.728271,0.773696,0.772599,0.717341
0.836205,0.787646,0.857482,0.774314,0.714497,0.707845,0.683065,0.799832,0.774783,0.755597,1.0,0.845503,0.896007,0.81343,0.781139,0.710424,0.794544,0.812108,0.791407,0.782506,0.7124703,0.715963,0.842784,0.777348,0.7103919,0.759472,0.674886,0.781036,0.838571,0.759071,0.821061,0.731226,0.790543,0.769023,0.742408,0.670488,0.756024,0.76339,0.768349,0.796585,0.812808,0.720904,0.687158,0.776834,0.798418,0.794531,0.845381,0.83736,0.774847,0.787354,0.716612,0.724575,0.73474,0.772816,0.738409,0.71164,0.744833,0.7133399,0.827527,0.837056,0.778042,0.815286,0.87597,0.794849,0.845595,0.773021,0.777087,0.772184,0.793085,0.786027,0.723985,0.6191858,0.6681046,0.858049,0.844382,0.860871,0.773302,0.788225,0.782531,0.69943,0.75339,0.718803,0.811175,0.746428,0.7566,0.693806,0.767033,0.762116,0.789681,0.759763,0.815184,0.833721,0.819198,0.768158,0.596645,0.855977,0.810385,0.787674,0.761944,0.794969
0.796913,0.863667,0.858305,0.86713,0.70166,0.652827,0.772033,0.863728,0.835734,0.941144,0.845503,1.0,0.845721,0.804245,0.813769,0.853223,0.824829,0.925862,0.795069,0.753205,0.76543,0.855081,0.94714,0.91602,0.784522,0.795375,0.797179,0.790299,0.84695,0.841875,0.829753,0.797691,0.833786,0.832025,0.870715,0.791954,0.872964,0.784652,0.764136,0.8425,0.773439,0.802285,0.831293,0.760064,0.838277,0.741839,0.840771,0.901445,0.862111,0.811139,0.7579366,0.763415,0.665572,0.857378,0.713027,0.692881,0.789541,0.710602,0.867238,0.833931,0.884959,0.806288,0.925437,0.845219,0.844577,0.784273,0.84379,0.802673,0.83991,0.7630151,0.715502,0.7537027,0.759609,0.936589,0.902464,0.86909,0.823208,0.869242,0.772755,0.758601,0.776729,0.774621,0.800869,0.745532,0.871699,0.718428,0.860319,0.7503867,0.839784,0.880587,0.838299,0.770041,0.908698,0.808858,0.689117,0.825948,0.772241,0.774039,0.764854,0.760558
0.831324,0.7862508,0.8785,0.815303,0.709324,0.666798,0.824884,0.845006,0.799701,0.7502574,0.896007,0.845721,1.0,0.843529,0.858753,0.784499,0.772995,0.903613,0.743593,0.811459,0.801113,0.796708,0.889553,0.794985,0.765925,0.765469,0.786001,0.728027,0.849157,0.808219,0.841906,0.747101,0.791929,0.806282,0.803901,0.746699,0.808854,0.753055,0.77502,0.768053,0.805249,0.698686,0.726979,0.753678,0.814111,0.745797,0.796487,0.845233,0.777304,0.698049,0.735583,0.790628,0.726223,0.829973,0.731823,0.706735,0.732883,0.692191,0.845733,0.804907,0.823616,0.902346,0.907453,0.811339,0.801507,0.819208,0.820083,0.748353,0.816922,0.774836,0.808381,0.736484,0.750723,0.768467,0.774499,0.778859,0.81974,0.81748,0.769007,0.741743,0.74766,0.802442,0.78233,0.729971,0.823201,0.749948,0.762962,0.752884,0.727949,0.764926,0.778931,0.768705,0.835765,0.773761,0.689491,0.839518,0.865668,0.743454,0.737836,0.726453
0.799729,0.740598,0.805532,0.81261,0.805435,0.762727,0.812142,0.801394,0.745396,0.706758,0.81343,0.804245,0.843529,1.0,0.759236,0.772571,0.747582,0.841462,0.828395,0.86248,0.740172,0.802314,0.898304,0.842388,0.6509831,0.723586,0.74986,0.673277,0.769717,0.84338,0.784765,0.658495,0.795036,0.759827,0.799474,0.623078,0.764284,0.722868,0.698383,0.81098,0.829985,0.682601,0.716391,0.758457,0.818426,0.73946,0.786945,0.886182,0.852615,0.7402618,0.671922,0.765851,0.718586,0.830327,0.800481,0.738053,0.716902,0.697481,0.690766,0.780819,0.726854,0.740894,0.885756,0.839501,0.879463,0.782136,0.850482,0.716789,0.793109,0.744891,0.702274,0.739824,0.736429,0.749108,0.858348,0.886695,0.798234,0.859947,0.678074,0.636749,0.797151,0.834389,0.757861,0.775888,0.803311,0.839167,0.736565,0.6623579,0.652632,0.813568,0.803801,0.74841,0.874068,0.805202,0.712887,0.839683,0.6932539,0.775474,0.74394,0.777169
0.75579,0.888243,0.901127,0.827115,0.739736,0.769478,0.725179,0.881776,0.80396,0.758035,0.781139,0.813769,0.858753,0.759236,1.0,0.728201,0.75563,0.805803,0.805507,0.819332,0.79687,0.7460418,0.81851,0.794368,0.669005,0.838716,0.817322,0.691368,0.77988,0.765411,0.764043,0.647887,0.731828,0.682028,0.75962,0.808012,0.809698,0.755306,0.643084,0.7686644,0.7056845,0.6552944,0.698819,0.693645,0.7019851,0.684776,0.739004,0.762086,0.789001,0.670859,0.6551298,0.802352,0.7160735,0.786238,0.764509,0.688369,0.687908,0.7699536,0.773368,0.769085,0.80474,0.716897,0.762647,0.810271,0.789689,0.916168,0.784587,0.702261,0.7221821,0.699378,0.763588,0.719184,0.670245,0.817449,0.782827,0.701464,0.910871,0.737336,0.690205,0.641101,0.705203,0.716442,0.682515,0.750798,0.748615,0.709984,0.707677,0.763567,0.771718,0.708917,0.755126,0.717051,0.813312,0.670959,0.674664,0.696451,0.765329,0.728738,0.710851,0.699377
0.7859,0.7824,0.743873,0.860121,0.67357,0.577753,0.839725,0.803285,0.761029,0.805243,0.710424,0.853223,0.784499,0.772571,0.728201,1.0,0.773403,0.84021,0.742094,0.753574,0.825294,0.891228,0.821141,0.807423,0.773512,0.670679,0.773076,0.673809,0.770479,0.851895,0.785288,0.754866,0.832786,0.815668,0.872292,0.724053,0.739012,0.705583,0.604524,0.767321,0.769245,0.772292,0.804935,0.736612,0.911995,0.735182,0.727421,0.753288,0.749177,0.728781,0.770545,0.786396,0.714379,0.910818,0.614417,0.594965,0.799143,0.661072,0.754288,0.736787,0.84445,0.78301,0.760879,0.790326,0.732411,0.771133,0.757915,0.809927,0.821625,0.782289,0.731892,0.838136,0.88196,0.761648,0.776552,0.748815,0.729298,0.862054,0.813393,0.750535,0.759031,0.782323,0.812955,0.818196,0.822991,0.752565,0.696384,0.72748,0.786616,0.762574,0.752378,0.648412,0.82907,0.710583,0.681674,0.765037,0.649953,0.698506,0.697631,0.631504
0.827074,0.721223,0.74425,0.800867,0.646683,0.777597,0.756152,0.796032,0.799234,0.796041,0.794544,0.824829,0.772995,0.747582,0.75563,0.773403,1.0,0.84434,0.865719,0.780178,0.794738,0.786436,0.831038,0.736901,0.789938,0.746088,0.81699,0.743182,0.703906,0.841404,0.880669,0.768348,0.888514,0.80494,0.807628,0.753072,0.780015,0.840775,0.774602,0.821974,0.752447,0.7783236,0.827333,0.707279,0.801787,0.634989,0.790661,0.754797,0.70674,0.659179,0.787133,0.667233,0.645438,0.766651,0.700171,0.731564,0.710019,0.7427182,0.762322,0.723835,0.761617,0.784875,0.768824,0.934626,0.785641,0.796414,0.728413,0.87948,0.83501,0.83723,0.664922,0.667073,0.734048,0.780329,0.771677,0.827959,0.744934,0.821156,0.841204,0.755902,0.81571,0.730451,0.858847,0.818801,0.8487,0.7259385,0.74751,0.771161,0.742334,0.791626,0.823351,0.737833,0.851469,0.721603,0.632312,0.714457,0.735416,0.693038,0.63967,0.725752
0.824396,0.811503,0.848184,0.894387,0.721277,0.738891,0.887765,0.87938,0.828093,0.845918,0.812108,0.925862,0.903613,0.841462,0.805803,0.84021,0.84434,1.0,0.850194,0.775423,0.801865,0.90153,0.965547,0.847143,0.859394,0.806384,0.86004,0.801855,0.869185,0.825359,0.831769,0.7523563,0.816529,0.918087,0.927306,0.772132,0.894606,0.766549,0.774579,0.841634,0.826534,0.851858,0.878101,0.829227,0.864638,0.69155,0.829949,0.865102,0.810816,0.748928,0.795124,0.743373,0.691972,0.899774,0.734702,0.725452,0.822424,0.765808,0.808663,0.850413,0.830737,0.856653,0.933513,0.855349,0.850457,0.820842,0.87946,0.799028,0.936663,0.869314,0.757771,0.773449,0.798154,0.794607,0.843798,0.854178,0.830955,0.84668,0.791785,0.819681,0.849055,0.812182,0.846262,0.806796,0.857019,0.744225,0.838347,0.835936,0.770294,0.839541,0.793986,0.796905,0.870474,0.744166,0.736988,0.875649,0.820182,0.75768,0.751962,0.750869
0.739665,0.76165,0.780615,0.865826,0.727306,0.804624,0.741107,0.864232,0.773793,0.738934,0.791407,0.795069,0.743593,0.828395,0.805507,0.742094,0.865719,0.850194,1.0,0.747034,0.723285,0.836169,0.856386,0.699126,0.777796,0.756712,0.788823,0.770467,0.733874,0.750898,0.770992,0.671435,0.760354,0.848239,0.854487,0.707093,0.763545,0.770221,0.6506683,0.835137,0.83226,0.774161,0.793162,0.764,0.781967,0.634155,0.763268,0.810253,0.695574,0.716383,0.807214,0.656654,0.735944,0.833889,0.778215,0.787756,0.81086,0.801899,0.670566,0.77072,0.724451,0.652343,0.791222,0.864802,0.914541,0.795385,0.83409,0.859464,0.890661,0.863471,0.639725,0.695429,0.707739,0.78498,0.815399,0.881181,0.817047,0.762066,0.77826,0.740479,0.880482,0.713381,0.857181,0.835962,0.747656,0.734681,0.764986,0.755404,0.708952,0.774675,0.745113,0.793299,0.822645,0.671552,0.685919,0.764924,0.741182,0.772588,0.692283,0.778232
0.75214,0.734065,0.750766,0.737979,0.779285,0.822127,0.753679,0.721489,0.780554,0.691506,0.782506,0.753205,0.811459,0.86248,0.819332,0.753574,0.780178,0.775423,0.747034,1.0,0.749534,0.714963,0.791798,0.814835,0.614673,0.766249,0.718526,0.610008,0.71441,0.797831,0.806225,0.690739,0.69167,0.712419,0.729783,0.770875,0.655778,0.738936,0.719966,0.751231,0.708177,0.721694,0.642838,0.6677682,0.768064,0.791858,0.768283,0.795525,0.797576,0.67975,0.6414295,0.767816,0.670203,0.780768,0.791596,0.768159,0.631008,0.762747,0.699067,0.69687,0.698799,0.796977,0.792832,0.828497,0.75918,0.762998,0.731119,0.666468,0.725703,0.737269,0.647654,0.667399,0.650117,0.725038,0.815586,0.786336,0.832541,0.808107,0.696297,0.639868,0.777581,0.798665,0.747449,0.74984,0.80275,0.858939,0.595405,0.741772,0.693252,0.770059,0.791656,0.698838,0.805956,0.839278,0.652799,0.812325,0.782168,0.7131211,0.705213,0.801202
0.757893,0.749038,0.817463,0.73114,0.645867,0.71551,0.752148,0.804309,0.769652,0.711065,0.7124703,0.76543,0.801113,0.740172,0.79687,0.825294,0.794738,0.801865,0.723285,0.749534,1.0,0.758552,0.759753,0.746474,0.787475,0.761232,0.789311,0.683889,0.682392,0.856461,0.820184,0.686888,0.861231,0.747832,0.768807,0.806418,0.774193,0.690983,0.686877,0.770284,0.686962,0.793537,0.813364,0.6335747,0.797899,0.718308,0.785548,0.646505,0.741381,0.6588147,0.676416,0.732048,0.66027,0.754376,0.68621,0.690532,0.745635,0.720086,0.665401,0.670227,0.746381,0.765983,0.737642,0.746054,0.676737,0.762714,0.724655,0.77427,0.7717152,0.809577,0.816249,0.6963902,0.791769,0.679545,0.692162,0.740996,0.728671,0.828613,0.783784,0.656618,0.757634,0.746571,0.796152,0.806911,0.813141,0.799605,0.711478,0.72658,0.777903,0.734543,0.785107,0.710774,0.758668,0.585073,0.616298,0.6723755,0.732804,0.6115099,0.659741,0.643934
0.846432,0.818413,0.7644696,0.933835,0.751501,0.6609147,0.858317,0.781777,0.837929,0.826653,0.715963,0.855081,0.796708,0.802314,0.7460418,0.891228,0.786436,0.90153,0.836169,0.714963,0.758552,1.0,0.879619,0.806032,0.830278,0.7022847,0.851734,0.694415,0.859111,0.748299,0.795198,0.799267,0.796223,0.901726,0.952602,0.783822,0.822306,0.745096,0.634703,0.800202,0.902127,0.78712,0.817433,0.795967,0.857588,0.622156,0.779299,0.800917,0.752958,0.758611,0.866637,0.790044,0.762932,0.948494,0.724187,0.654618,0.767162,0.704617,0.746792,0.805582,0.792582,0.786783,0.83474,0.826152,0.800049,0.77814,0.836375,0.787254,0.922634,0.872932,0.633104,0.795815,0.867736,0.744655,0.783033,0.733348,0.748851,0.736576,0.810074,0.790534,0.823547,0.789656,0.886031,0.873807,0.801363,0.721946,0.783253,0.770949,0.7008239,0.846197,0.748578,0.693545,0.784445,0.71035,0.708266,0.810936,0.714042,0.814374,0.735771,0.714278
0.833268,0.838355,0.887796,0.887901,0.7393334,0.71241,0.856469,0.903772,0.823436,0.866359,0.842784,0.94714,0.889553,0.898304,0.81851,0.821141,0.831038,0.965547,0.856386,0.791798,0.759753,0.879619,1.0,0.888459,0.799436,0.801033,0.850677,0.772887,0.863017,0.840678,0.836957,0.737261,0.827556,0.851575,0.899996,0.754757,0.880462,0.771281,0.747788,0.856277,0.832584,0.788991,0.842141,0.810045,0.859639,0.711054,0.841556,0.914096,0.861126,0.7623724,0.754139,0.772285,0.68018,0.900429,0.762385,0.719264,0.809548,0.737025,0.817294,0.84797,0.853392,0.83124,0.948432,0.8688,0.888125,0.825721,0.88816,0.79666,0.878042,0.817537,0.739032,0.785653,0.766406,0.861677,0.900889,0.890149,0.847397,0.86358,0.749626,0.769831,0.827292,0.841272,0.846868,0.796933,0.900827,0.76003,0.861041,0.764488,0.752094,0.8948,0.831634,0.79484,0.92684,0.785911,0.748455,0.868604,0.765975,0.78415,0.774238,0.764819
0.78339,0.815779,0.815415,0.79603,0.720122,0.690347,0.806448,0.784183,0.792821,0.862227,0.777348,0.91602,0.794985,0.842388,0.794368,0.807423,0.736901,0.847143,0.699126,0.814835,0.746474,0.806032,0.888459,1.0,0.720333,0.809023,0.782646,0.704777,0.75137,0.827267,0.84773,0.809788,0.793778,0.792948,0.819053,0.735557,0.852045,0.770784,0.756404,0.856129,0.780922,0.767561,0.7310516,0.794113,0.829427,0.824384,0.877503,0.868137,0.956078,0.925105,0.708316,0.817138,0.78962,0.797802,0.748373,0.689322,0.716812,0.707135,0.767546,0.745417,0.824528,0.761923,0.888136,0.817547,0.788522,0.78286,0.823164,0.706349,0.788937,0.744877,0.74532,0.6845151,0.748369,0.863558,0.893671,0.842063,0.783285,0.875014,0.782794,0.701462,0.788606,0.821497,0.726036,0.721775,0.864463,0.748266,0.841612,0.715284,0.782575,0.888387,0.909395,0.756018,0.898859,0.835925,0.6412736,0.7962164,0.716865,0.823875,0.862364,0.828464
0.731611,0.659431,0.6981064,0.756765,0.593072,0.6157258,0.812189,0.744166,0.684385,0.741662,0.7103919,0.784522,0.765925,0.6509831,0.669005,0.773512,0.789938,0.859394,0.777796,0.614673,0.787475,0.830278,0.799436,0.720333,1.0,0.755356,0.787896,0.78743,0.789385,0.767966,0.801019,0.826043,0.780193,0.905812,0.909008,0.629732,0.7946,0.705008,0.631555,0.721953,0.750552,0.790554,0.860756,0.708993,0.795699,0.629306,0.811907,0.722284,0.697393,0.700881,0.784965,0.642155,0.60043,0.774495,0.627947,0.60121,0.810275,0.635246,0.743069,0.702048,0.740316,0.773683,0.778613,0.7460488,0.736519,0.676122,0.709228,0.794785,0.873032,0.786083,0.722001,0.71098,0.802408,0.658901,0.709984,0.7389397,0.676579,0.716636,0.859224,0.888826,0.809171,0.703887,0.822782,0.791843,0.825074,0.622982,0.806044,0.750694,0.64766,0.790686,0.763037,0.725933,0.739652,0.71107,0.665022,0.697467,0.7054691,0.653109,0.644423,0.6155281
0.807362,0.709027,0.814122,0.7032923,0.666375,0.695603,0.769708,0.803818,0.762726,0.754829,0.759472,0.795375,0.765469,0.723586,0.838716,0.670679,0.746088,0.806384,0.756712,0.766249,0.761232,0.7022847,0.801033,0.809023,0.755356,1.0,0.772214,0.629649,0.732715,0.848104,0.78511,0.720835,0.759869,0.696218,0.799812,0.75669,0.7515954,0.766318,0.72002,0.798156,0.772244,0.764013,0.758918,0.721923,0.725422,0.826965,0.854761,0.731328,0.761918,0.815554,0.674781,0.642227,0.749083,0.716878,0.73031,0.690557,0.639944,0.7136,0.6350983,0.692353,0.6633568,0.634265,0.75055,0.800315,0.747559,0.765077,0.728548,0.697785,0.745266,0.7614,0.753462,0.697024,0.696453,0.808926,0.751383,0.778904,0.914925,0.800679,0.688608,0.61904,0.793014,0.804097,0.757293,0.722473,0.812199,0.771488,0.825546,0.73026,0.6893953,0.7436151,0.845544,0.72635,0.816026,0.687402,0.685424,0.796967,0.838972,0.866268,0.698879,0.80382
0.806904,0.78456,0.827905,0.780415,0.748921,0.6810292,0.881293,0.786277,0.815308,0.77975,0.674886,0.797179,0.786001,0.74986,0.817322,0.773076,0.81699,0.86004,0.788823,0.718526,0.789311,0.851734,0.850677,0.782646,0.787896,0.772214,1.0,0.710872,0.83578,0.823629,0.814258,0.723764,0.808572,0.773949,0.841411,0.814367,0.910416,0.729398,0.654598,0.757173,0.728666,0.775936,0.78531,0.817789,0.754177,0.604801,0.742144,0.719478,0.777348,0.718678,0.763722,0.75,0.65709,0.848331,0.716843,0.6570303,0.655762,0.745817,0.742084,0.802816,0.748241,0.792922,0.796156,0.829344,0.773336,0.767095,0.797957,0.72821,0.862405,0.825596,0.6958128,0.701884,0.824772,0.689993,0.725905,0.753411,0.77982,0.777269,0.754517,0.75764,0.829255,0.865234,0.827616,0.819426,0.869667,0.753477,0.839941,0.862065,0.784134,0.867636,0.75727,0.6271441,0.759028,0.645637,0.722459,0.786482,0.672548,0.755104,0.762798,0.7020961
0.6466292,0.72944,0.731898,0.682427,0.690533,0.634801,0.688279,0.725217,0.635917,0.729883,0.781036,0.790299,0.728027,0.673277,0.691368,0.673809,0.743182,0.801855,0.770467,0.610008,0.683889,0.694415,0.772887,0.704777,0.78743,0.629649,0.710872,1.0,0.77325,0.659741,0.740586,0.721479,0.776212,0.810842,0.721994,0.559508,0.821388,0.757413,0.756487,0.731828,0.735103,0.719463,0.662038,0.7023,0.700896,0.585619,0.731593,0.768001,0.717239,0.615738,0.724092,0.713651,0.62393,0.685014,0.6559679,0.601303,0.830453,0.667641,0.797572,0.774324,0.801091,0.723851,0.806939,0.744365,0.7674301,0.658834,0.806584,0.828559,0.788035,0.68364,0.745705,0.6312751,0.674319,0.742594,0.710319,0.7382286,0.695739,0.692272,0.735867,0.804348,0.689292,0.662395,0.723378,0.669655,0.679873,0.630497,0.770617,0.761071,0.727447,0.687218,0.716946,0.8476,0.682286,0.721536,0.652336,0.700591,0.787442,0.683901,0.716532,0.686958
0.799141,0.83132,0.849472,0.790804,0.807099,0.655756,0.814659,0.7732,0.800479,0.80148,0.838571,0.84695,0.849157,0.769717,0.77988,0.770479,0.703906,0.869185,0.733874,0.71441,0.682392,0.859111,0.863017,0.75137,0.789385,0.732715,0.83578,0.77325,1.0,0.686725,0.771618,0.747978,0.772213,0.804189,0.85814,0.722491,0.860713,0.72632,0.6596731,0.741509,0.820952,0.709848,0.763904,0.819094,0.786602,0.690924,0.799002,0.805821,0.756106,0.758002,0.765082,0.762916,0.710756,0.864699,0.758344,0.671089,0.742123,0.675408,0.848468,0.905251,0.761318,0.821158,0.886294,0.770371,0.792939,0.722714,0.833566,0.74198,0.851425,0.745653,0.724488,0.788969,0.851552,0.816038,0.765778,0.756795,0.792206,0.731875,0.756947,0.767766,0.754393,0.803631,0.830195,0.810571,0.755234,0.694671,0.844856,0.802445,0.700291,0.842525,0.742824,0.695737,0.735114,0.727641,0.756259,0.830914,0.760597,0.80581,0.769932,0.787287
0.808014,0.6957858,0.782886,0.726439,0.685471,0.663904,0.780366,0.824571,0.751653,0.776954,0.759071,0.841875,0.808219,0.84338,0.765411,0.851895,0.841404,0.825359,0.750898,0.797831,0.856461,0.748299,0.840678,0.827267,0.767966,0.848104,0.823629,0.659741,0.686725,1.0,0.838627,0.712454,0.869876,0.705698,0.786914,0.748847,0.775859,0.751688,0.740558,0.818544,0.736257,0.774369,0.818884,0.720579,0.817486,0.793746,0.829142,0.77644,0.819838,0.745852,0.66976,0.70914,0.684888,0.797631,0.679703,0.672639,0.708719,0.688524,0.713976,0.671299,0.769038,0.741655,0.778203,0.826084,0.769322,0.736706,0.776505,0.811807,0.740126,0.79182,0.737008,0.754881,0.825077,0.776154,0.771077,0.881239,0.815047,0.967074,0.724102,0.630001,0.810161,0.912318,0.833154,0.80551,0.946018,0.898559,0.816227,0.712342,0.756936,0.837311,0.863442,0.710697,0.904538,0.712466,0.693846,0.768935,0.71797,0.68958,0.712381,0.717166
0.900486,0.797316,0.842102,0.772237,0.673679,0.751135,0.82694,0.813053,0.819674,0.782583,0.821061,0.829753,0.841906,0.784765,0.764043,0.785288,0.880669,0.831769,0.770992,0.806225,0.820184,0.795198,0.836957,0.84773,0.801019,0.78511,0.814258,0.740586,0.771618,0.838627,1.0,0.907478,0.9076,0.767372,0.827871,0.71918,0.766632,0.878156,0.77478,0.898356,0.81714,0.823778,0.80754,0.762413,0.836598,0.80977,0.922928,0.784228,0.79819,0.761763,0.811894,0.829193,0.753627,0.800542,0.756255,0.707142,0.731329,0.755439,0.811747,0.729383,0.810757,0.843105,0.823499,0.921183,0.779082,0.838007,0.798423,0.813426,0.830102,0.817745,0.791883,0.69679,0.772279,0.760545,0.803746,0.790491,0.758165,0.848763,0.912502,0.800859,0.829086,0.776948,0.851491,0.815377,0.885092,0.748796,0.769559,0.767722,0.69347,0.860861,0.932746,0.795402,0.846757,0.774733,0.6145924,0.824564,0.794503,0.746965,0.743612,0.727488
0.821265,0.703172,0.710331,0.760081,0.586405,0.604482,0.807465,0.669213,0.705336,0.783355,0.731226,0.797691,0.747101,0.658495,0.647887,0.754866,0.768348,0.7523563,0.671435,0.690739,0.686888,0.799267,0.737261,0.809788,0.826043,0.720835,0.723764,0.721479,0.747978,0.712454,0.907478,1.0,0.808586,0.821402,0.815165,0.6325313,0.730638,0.847794,0.740228,0.770276,0.796135,0.802847,0.693788,0.711036,0.815416,0.743151,0.860106,0.765775,0.736492,0.77636,0.8902,0.763121,0.723051,0.771902,0.630241,0.627284,0.763858,0.650802,0.80357,0.644233,0.781896,0.7796622,0.769782,0.774513,0.748309,0.673697,0.739563,0.719938,0.811666,0.789391,0.742091,0.589762,0.7544043,0.687122,0.747855,0.708541,0.647553,0.726779,0.923717,0.879871,0.780667,0.722263,0.813803,0.735515,0.810353,0.622733,0.746581,0.720033,0.688468,0.828611,0.887855,0.749617,0.724438,0.804273,0.557993,0.723671,0.721303,0.73393,0.733905,0.688674
0.892153,0.799056,0.816443,0.792721,0.703726,0.633363,0.788642,0.785617,0.811174,0.787384,0.790543,0.833786,0.791929,0.795036,0.731828,0.832786,0.888514,0.816529,0.760354,0.69167,0.861231,0.796223,0.827556,0.793778,0.780193,0.759869,0.808572,0.776212,0.772213,0.869876,0.9076,0.808586,1.0,0.784907,0.797285,0.717608,0.828595,0.86,0.737815,0.851112,0.82581,0.75752,0.807035,0.761276,0.88247,0.762576,0.866292,0.76552,0.780122,0.780415,0.756677,0.783317,0.739962,0.775853,0.720167,0.6201833,0.778222,0.69817,0.793106,0.748672,0.797696,0.745505,0.813226,0.889911,0.751441,0.753897,0.770045,0.8824,0.806783,0.780506,0.781353,0.7092636,0.833709,0.790074,0.784415,0.80298,0.725304,0.867693,0.859407,0.753897,0.726074,0.783493,0.840447,0.788815,0.84765,0.75424,0.82398,0.694089,0.764665,0.824742,0.902821,0.782454,0.850094,0.717694,0.67834,0.786301,0.751813,0.776268,0.738835,0.705238
0.759716,0.725609,0.6863844,0.872086,0.684225,0.709345,0.837079,0.754113,0.748811,0.789553,0.769023,0.832025,0.806282,0.759827,0.682028,0.815668,0.80494,0.918087,0.848239,0.712419,0.747832,0.901726,0.851575,0.792948,0.905812,0.696218,0.773949,0.810842,0.804189,0.705698,0.767372,0.821402,0.784907,1.0,0.91965,0.646543,0.821584,0.73308,0.7053743,0.764623,0.863433,0.82664,0.829156,0.804053,0.856815,0.624646,0.792176,0.809963,0.754836,0.758403,0.824458,0.703119,0.735953,0.847399,0.679458,0.689324,0.828479,0.702803,0.755425,0.76046,0.787423,0.788935,0.846384,0.782932,0.797788,0.683817,0.816296,0.823064,0.952234,0.882886,0.728346,0.719389,0.786009,0.695085,0.776923,0.793375,0.71527,0.7343261,0.831776,0.848384,0.822416,0.75365,0.839952,0.779417,0.750313,0.645577,0.805435,0.766684,0.713452,0.805076,0.775582,0.776553,0.773649,0.734517,0.6971264,0.794571,0.772947,0.732154,0.707139,0.7261966
0.824978,0.775018,0.785047,0.89264,0.730215,0.722462,0.892949,0.822215,0.855208,0.834487,0.742408,0.870715,0.803901,0.799474,0.75962,0.872292,0.807628,0.927306,0.854487,0.729783,0.768807,0.952602,0.899996,0.819053,0.909008,0.799812,0.841411,0.721994,0.85814,0.786914,0.827871,0.815165,0.797285,0.91965,1.0,0.757597,0.834569,0.7516695,0.6429078,0.84119,0.854702,0.862469,0.895932,0.794533,0.871773,0.690914,0.830339,0.809878,0.7961,0.7746293,0.829285,0.740669,0.721227,0.914036,0.744289,0.736257,0.796732,0.756648,0.740197,0.774841,0.779102,0.763174,0.846448,0.845854,0.810658,0.792924,0.814446,0.771062,0.936765,0.858693,0.703473,0.805907,0.845388,0.745891,0.790474,0.796375,0.778764,0.773534,0.83966,0.81834,0.873666,0.7837141,0.86311,0.86903,0.852705,0.723431,0.8061505,0.794529,0.691068,0.862577,0.7787812,0.70972,0.829663,0.71838,0.724216,0.818163,0.730875,0.75624,0.738261,0.714103
0.732989,0.692475,0.752156,0.734405,0.608598,0.754745,0.711794,0.709875,0.903367,0.813531,0.670488,0.791954,0.746699,0.623078,0.808012,0.724053,0.753072,0.772132,0.707093,0.770875,0.806418,0.783822,0.754757,0.735557,0.629732,0.75669,0.814367,0.559508,0.722491,0.748847,0.71918,0.6325313,0.717608,0.646543,0.757597,1.0,0.775832,0.699132,0.674826,0.732875,0.644755,0.753575,0.785105,0.618814,0.628723,0.604066,0.663596,0.657486,0.698732,0.634456,0.711053,0.648167,0.662498,0.742558,0.66604,0.736479,0.5823458,0.7480013,0.661294,0.661783,0.674079,0.70691,0.714852,0.756827,0.641896,0.784477,0.670165,0.670136,0.718777,0.763355,0.648428,0.700055,0.685875,0.783468,0.679648,0.665096,0.765951,0.704194,0.648075,0.626232,0.703677,0.731936,0.726695,0.793319,0.782481,0.775868,0.712412,0.799747,0.814487,0.732103,0.665336,0.605546,0.725836,0.635557,0.6279341,0.692232,0.721353,0.659675,0.644472,0.657547
0.761298,0.802934,0.81551,0.770631,0.730137,0.689434,0.823689,0.765977,0.804933,0.849256,0.756024,0.872964,0.808854,0.764284,0.809698,0.739012,0.780015,0.894606,0.763545,0.655778,0.774193,0.822306,0.880462,0.852045,0.7946,0.7515954,0.910416,0.821388,0.860713,0.775859,0.766632,0.730638,0.828595,0.821584,0.834569,0.775832,1.0,0.719765,0.706546,0.798114,0.765141,0.766142,0.809286,0.798371,0.770107,0.643786,0.775906,0.77385,0.87325,0.784406,0.714238,0.728454,0.64445,0.781224,0.732405,0.682017,0.766674,0.694061,0.749469,0.819768,0.752017,0.750286,0.907326,0.801889,0.773011,0.756813,0.806167,0.796874,0.851531,0.73985,0.745582,0.700278,0.774436,0.788032,0.771822,0.807033,0.733326,0.796975,0.714916,0.762358,0.742186,0.753235,0.754917,0.729508,0.792556,0.679029,0.905294,0.842424,0.799626,0.821649,0.761576,0.714139,0.78795,0.672956,0.722246,0.782199,0.749407,0.779934,0.82064,0.750656
0.811562,0.768125,0.761665,0.71814,0.718666,0.762085,0.723219,0.748756,0.831443,0.799409,0.76339,0.784652,0.753055,0.722868,0.755306,0.705583,0.840775,0.766549,0.770221,0.738936,0.690983,0.745096,0.771281,0.770784,0.705008,0.766318,0.729398,0.757413,0.72632,0.751688,0.878156,0.847794,0.86,0.73308,0.7516695,0.699132,0.719765,1.0,0.815274,0.896383,0.822104,0.729255,0.715283,0.698847,0.763657,0.654282,0.822848,0.758252,0.718284,0.686267,0.877194,0.729719,0.733006,0.72591,0.753438,0.703646,0.789216,0.797208,0.7775,0.674151,0.741548,0.691833,0.752062,0.886882,0.724483,0.743553,0.7428818,0.830684,0.776389,0.770092,0.671057,0.679667,0.710806,0.754656,0.67276,0.733456,0.793384,0.76628,0.844388,0.793857,0.705782,0.740354,0.792156,0.768527,0.751188,0.679713,0.761914,0.670142,0.6615107,0.74979,0.867254,0.883316,0.789264,0.788102,0.665009,0.725409,0.774543,0.731984,0.630153,0.648671
0.730208,0.719851,0.709809,0.660307,0.692276,0.692819,0.65621,0.704421,0.777332,0.7594013,0.768349,0.764136,0.77502,0.698383,0.643084,0.604524,0.774602,0.774579,0.6506683,0.719966,0.686877,0.634703,0.747788,0.756404,0.631555,0.72002,0.654598,0.756487,0.6596731,0.740558,0.77478,0.740228,0.737815,0.7053743,0.6429078,0.674826,0.706546,0.815274,1.0,0.787712,0.72482,0.773006,0.740011,0.734689,0.662737,0.789636,0.743232,0.717856,0.746937,0.685594,0.7069166,0.7284,0.629477,0.649066,0.725579,0.700588,0.665666,0.655962,0.753596,0.672183,0.702308,0.740739,0.775346,0.7606847,0.677765,0.667506,0.71173,0.71739,0.735302,0.747828,0.688833,0.687202,0.621828,0.767802,0.656943,0.731815,0.692289,0.78474,0.741391,0.680549,0.665304,0.739119,0.687986,0.652686,0.722942,0.725882,0.716963,0.684204,0.690117,0.678983,0.759944,0.775505,0.783584,0.735443,0.705088,0.776846,0.887333,0.724869,0.771272,0.790335
0.833046,0.751078,0.819485,0.773698,0.720071,0.810557,0.772108,0.831073,0.851471,0.801887,0.796585,0.8425,0.768053,0.81098,0.7686644,0.767321,0.821974,0.841634,0.835137,0.751231,0.770284,0.800202,0.856277,0.856129,0.721953,0.798156,0.757173,0.731828,0.741509,0.818544,0.898356,0.770276,0.851112,0.764623,0.84119,0.732875,0.798114,0.896383,0.787712,1.0,0.854554,0.80356,0.845469,0.779823,0.792301,0.777672,0.896075,0.824876,0.822007,0.759259,0.786133,0.756905,0.787943,0.775598,0.810725,0.721415,0.777583,0.831648,0.6789001,0.71914,0.761834,0.694516,0.844593,0.909899,0.821792,0.854053,0.856771,0.851609,0.844924,0.798029,0.76799,0.759156,0.791734,0.82249,0.807097,0.85082,0.816941,0.860987,0.775422,0.6874908,0.817063,0.773246,0.812769,0.839024,0.799986,0.767177,0.805191,0.741528,0.697802,0.799925,0.866272,0.852779,0.879887,0.697504,0.706416,0.823912,0.78786,0.74484,0.738352,0.696876
0.851756,0.798958,0.749706,0.90746,0.700451,0.663881,0.814629,0.785841,0.782855,0.757458,0.812808,0.773439,0.805249,0.829985,0.7056845,0.769245,0.752447,0.826534,0.83226,0.708177,0.686962,0.902127,0.832584,0.780922,0.750552,0.772244,0.728666,0.735103,0.820952,0.736257,0.81714,0.796135,0.82581,0.863433,0.854702,0.644755,0.765141,0.822104,0.72482,0.854554,1.0,0.751549,0.74193,0.848615,0.866344,0.732415,0.875118,0.826672,0.742075,0.849214,0.840654,0.768594,0.854368,0.88506,0.741307,0.64974,0.825468,0.6588669,0.720141,0.737541,0.716477,0.713956,0.84204,0.826914,0.837129,0.732931,0.861252,0.829203,0.869625,0.816373,0.739875,0.759592,0.791212,0.748122,0.752774,0.796924,0.754283,0.756459,0.811282,0.763865,0.785825,0.793453,0.871036,0.792968,0.707083,0.729397,0.80576,0.687688,0.688143,0.776841,0.827392,0.835905,0.78604,0.712574,0.758045,0.864144,0.800952,0.892041,0.773148,0.778779
0.750867,0.745539,0.723691,0.798881,0.608282,0.744912,0.80868,0.802234,0.816382,0.779145,0.720904,0.802285,0.698686,0.682601,0.6552944,0.772292,0.7783236,0.851858,0.774161,0.721694,0.793537,0.78712,0.788991,0.767561,0.790554,0.764013,0.775936,0.719463,0.709848,0.774369,0.823778,0.802847,0.75752,0.82664,0.862469,0.753575,0.766142,0.729255,0.773006,0.80356,0.751549,1.0,0.871965,0.80248,0.803899,0.74687,0.796629,0.722247,0.7566,0.757731,0.779675,0.69648,0.665036,0.80131,0.694538,0.778212,0.784556,0.7366971,0.657476,0.69603,0.710998,0.721835,0.761609,0.776127,0.775706,0.760482,0.771642,0.70626,0.860523,0.827513,0.706393,0.704183,0.753945,0.678477,0.747385,0.789241,0.675857,0.787837,0.861383,0.779274,0.87264,0.738421,0.801086,0.782495,0.792638,0.754361,0.731183,0.82053,0.77359,0.782754,0.766186,0.715857,0.748199,0.661038,0.64459,0.81092,0.753258,0.659324,0.76603,0.763016
0.723266,0.712594,0.723407,0.776896,0.656395,0.773707,0.7565,0.810411,0.815747,0.797204,0.687158,0.831293,0.726979,0.716391,0.698819,0.804935,0.827333,0.878101,0.793162,0.642838,0.813364,0.817433,0.842141,0.7310516,0.860756,0.758918,0.78531,0.662038,0.763904,0.818884,0.80754,0.693788,0.807035,0.829156,0.895932,0.785105,0.809286,0.715283,0.740011,0.845469,0.74193,0.871965,1.0,0.751497,0.79095,0.728867,0.812292,0.724678,0.71542629,0.680819,0.696938,0.650725,0.579139,0.782677,0.738054,0.763206,0.76901,0.712176,0.674538,0.716539,0.692059,0.716829,0.791682,0.796535,0.754722,0.769313,0.731463,0.813357,0.825555,0.762285,0.738147,0.849939,0.867878,0.761002,0.759868,0.816748,0.690774,0.817241,0.766027,0.749195,0.7738773,0.750634,0.818139,0.841045,0.802292,0.790508,0.828711,0.750273,0.6634811,0.77629,0.755476,0.668527,0.826527,0.600393,0.774793,0.750424,0.75132,0.637041,0.6586,0.698968
0.866294,0.8363,0.788556,0.890711,0.817931,0.6568284,0.810622,0.849278,0.747939,0.688319,0.776834,0.760064,0.753678,0.758457,0.693645,0.736612,0.707279,0.829227,0.764,0.6677682,0.6335747,0.795967,0.810045,0.794113,0.708993,0.721923,0.817789,0.7023,0.819094,0.720579,0.762413,0.711036,0.761276,0.804053,0.794533,0.618814,0.798371,0.698847,0.734689,0.779823,0.848615,0.80248,0.751497,1.0,0.8239985,0.743524,0.769428,0.744615,0.787481,0.868091,0.720725,0.776012,0.822287,0.859704,0.783303,0.607315,0.729981,0.81634,0.713523,0.819093,0.748992,0.740395,0.791052,0.780736,0.786941,0.780538,0.845692,0.689017,0.851276,0.826751,0.668122,0.704692,0.763375,0.695323,0.757425,0.768773,0.761189,0.767969,0.772273,0.750288,0.831241,0.804478,0.779562,0.702248,0.724081,0.669409,0.791866,0.751975,0.785677,0.806753,0.785059,0.748818,0.753332,0.646225,0.736046,0.946108,0.715359,0.787369,0.863753,0.854925
