0,1,2,3,4,5,6,7,8,9,10,11,12,13,14,15,16,17,18,19,20,21,22,23,24,25,26,27,28,29,30,31,32,33,34,35,36,37,38,39,40,41,42,43,44,45,46,47,48,49,50,51,52,53,54,55,56,57,58,59,60,61,62,63,64,65,66,67,68,69,70,71,72,73,74,75,76,77,78,79,80,81,82,83,84,85,86,87,88,89,90,91,92,93,94,95,96,97,98,99
1.0,0.73935,0.766456,0.827056,0.8572,0.697576,0.749193,0.815845,0.765819,0.796105,0.75763,0.777599,0.825063,0.830006,0.79208,0.725928,0.706046,0.765954,0.765989,0.767835,0.7999,0.639493,0.78754,0.830014,0.826461,0.797394,0.783383,0.677185,0.73255,0.792691,0.818884,0.682765,0.795172,0.693237,0.676972,0.841817,0.880377,0.87857,0.78698,0.624202,0.831939,0.745648,0.788075,0.73483,0.691647,0.848495,0.790311,0.77341,0.765949,0.849012,0.737799,0.855496,0.790049,0.79902,0.72634,0.839553,0.862481,0.767015,0.836056,0.839722,0.826421,0.736459,0.830369,0.822572,0.73715,0.776791,0.796422,0.819103,0.922171,0.797568,0.690404,0.812511,0.777947,0.801149,0.750453,0.71755,0.80079,0.82527,0.778405,0.881066,0.746048,0.881453,0.736941,0.695256,0.835829,0.862451,0.842168,0.69351,0.83082,0.821209,0.844871,0.736666,0.84888,0.75725,0.840882,0.773884,0.878204,0.8574,0.693884,0.794432
0.73935,1.0,0.810951,0.852743,0.84566,0.647214,0.742551,0.811299,0.821159,0.725853,0.749361,0.793475,0.74006,0.767692,0.761652,0.814066,0.821309,0.763021,0.767586,0.67985,0.793613,0.819679,0.828764,0.85338,0.702266,0.904364,0.815569,0.797998,0.765536,0.777718,0.756578,0.72874,0.691642,0.822885,0.754039,0.686548,0.724655,0.693262,0.60401,0.5619697,0.806928,0.682858,0.844086,0.774122,0.619263,0.785897,0.760345,0.7064557,0.833539,0.630817,0.821117,0.832342,0.75277,0.722924,0.739796,0.741008,0.77061,0.863294,0.713487,0.760579,0.792658,0.714335,0.790791,0.811471,0.78182,0.753691,0.786123,0.800213,0.770535,0.79386,0.801504,0.793985,0.7650921,0.75614,0.795039,0.726019,0.776784,0.819707,0.76047,0.720194,0.764423,0.775819,0.649374,0.6648214,0.7206875,0.77304,0.690999,0.850651,0.709991,0.766963,0.77822,0.84703,0.71791,0.776097,0.777715,0.739218,0.709783,0.749293,0.816234,0.651756
0.766456,0.810951,1.0,0.75364,0.833214,0.806395,0.832119,0.823459,0.909041,0.794719,0.835761,0.880593,0.814824,0.819043,0.946069,0.868713,0.81116,0.726618,0.911892,0.84564,0.770811,0.837537,0.763199,0.881626,0.810042,0.816587,0.907232,0.858377,0.853166,0.928937,0.861443,0.755575,0.818585,0.723642,0.88002,0.871324,0.815482,0.715425,0.787694,0.688158,0.826821,0.718788,0.783075,0.857441,0.828754,0.861652,0.8230495,0.835553,0.802727,0.769084,0.77173,0.897242,0.585396,0.752687,0.763747,0.8208058,0.829892,0.862362,0.804207,0.845199,0.84009,0.804916,0.861898,0.787546,0.738171,0.847476,0.818301,0.868596,0.818626,0.78813,0.713666,0.856704,0.7899,0.890663,0.745558,0.759294,0.880683,0.827297,0.889071,0.771327,0.89464,0.836354,0.786088,0.835295,0.85476,0.854764,0.856992,0.936024,0.880939,0.824579,0.798136,0.774551,0.844031,0.793205,0.820228,0.862169,0.821963,0.837057,0.771096,0.807446
0.827056,0.852743,0.75364,1.0,0.837453,0.718117,0.787303,0.827284,0.786899,0.787618,0.733386,0.826763,0.850733,0.794975,0.799038,0.761111,0.722241,0.799896,0.750297,0.757264,0.750615,0.752545,0.768205,0.86169,0.749866,0.831874,0.792752,0.722738,0.756536,0.754882,0.812429,0.6509483,0.754652,0.814557,0.814673,0.767002,0.852654,0.804748,0.6851706,0.601152,0.847657,0.736693,0.89551,0.795033,0.623476,0.864606,0.828792,0.748361,0.702615,0.706151,0.738873,0.817691,0.809378,0.743267,0.738614,0.727722,0.759687,0.799537,0.801109,0.811568,0.776095,0.80804,0.772984,0.829705,0.739268,0.876756,0.742467,0.74002,0.826185,0.824911,0.698682,0.841259,0.703042,0.792828,0.7284532,0.713484,0.774155,0.837744,0.799287,0.703348,0.854956,0.840144,0.63442,0.742617,0.849483,0.851078,0.828994,0.777165,0.708238,0.815416,0.732239,0.80052,0.785787,0.863423,0.870978,0.77011,0.836914,0.824282,0.6288453,0.715263
0.8572,0.84566,0.833214,0.837453,1.0,0.639712,0.737746,0.795421,0.799031,0.769721,0.753355,0.800845,0.801098,0.798915,0.815678,0.791048,0.779881,0.722367,0.795716,0.73582,0.847293,0.737944,0.773116,0.801408,0.826772,0.826136,0.793052,0.754426,0.758875,0.828552,0.780051,0.711736,0.746034,0.747736,0.763935,0.829309,0.797386,0.7659297,0.759626,0.619512,0.874047,0.697808,0.820957,0.745814,0.659432,0.828255,0.867411,0.778751,0.81988,0.732378,0.7558723,0.880757,0.729449,0.804154,0.731929,0.833926,0.885681,0.839462,0.800981,0.859737,0.836591,0.712089,0.834015,0.845202,0.773261,0.782852,0.799471,0.785821,0.92195,0.826406,0.784089,0.924601,0.829694,0.750254,0.784368,0.719858,0.766026,0.763216,0.778331,0.814586,0.878392,0.912209,0.707802,0.762544,0.773119,0.906426,0.81382,0.783258,0.786284,0.883812,0.852779,0.813565,0.789714,0.776914,0.837165,0.749664,0.786813,0.818521,0.701844,0.731708
0.697576,0.647214,0.806395,0.718117,0.639712,1.0,0.757673,0.767334,0.838128,0.722041,0.845561,0.811038,0.763071,0.778532,0.829344,0.742689,0.709892,0.727941,0.843692,0.798544,0.6949911,0.75853,0.68944,0.797275,0.824875,0.6375849,0.793828,0.861092,0.768626,0.7785357,0.825301,0.660506,0.635046,0.683012,0.810916,0.769331,0.776729,0.645398,0.6695587,0.751464,0.727067,0.833284,0.694871,0.830587,0.788123,0.751198,0.698758,0.825013,0.686142,0.830524,0.74184,0.76498,0.6216711,0.8152,0.904579,0.786296,0.751246,0.783402,0.79878,0.795134,0.799381,0.715596,0.796172,0.739591,0.779605,0.805064,0.785318,0.781478,0.725698,0.756745,0.717895,0.738922,0.674356,0.772675,0.670421,0.7274133,0.842599,0.788772,0.834195,0.700754,0.77887,0.712532,0.745556,0.784197,0.702155,0.744409,0.81483,0.817271,0.782048,0.751302,0.761618,0.665743,0.781334,0.800958,0.799961,0.850084,0.774196,0.806705,0.708516,0.844544
0.749193,0.742551,0.832119,0.787303,0.737746,0.757673,1.0,0.783154,0.761394,0.762401,0.771154,0.837375,0.765355,0.76027,0.840026,0.851253,0.791337,0.750409,0.832899,0.85109,0.71478,0.783146,0.792287,0.82902,0.791158,0.7006649,0.797919,0.756797,0.794079,0.885888,0.807712,0.7609496,0.814363,0.7007313,0.8446,0.883994,0.816479,0.757326,0.758136,0.75545,0.827717,0.659123,0.772963,0.813986,0.771938,0.8215716,0.81311,0.815159,0.722726,0.828677,0.743807,0.777833,0.6827885,0.694213,0.726882,0.761015,0.811729,0.754854,0.781349,0.769173,0.748598,0.692876,0.724852,0.772207,0.665455,0.756766,0.827712,0.782169,0.732092,0.842991,0.677777,0.801924,0.64016,0.746903,0.6744072,0.753167,0.718252,0.787024,0.774139,0.721009,0.849761,0.776686,0.753235,0.831216,0.844052,0.788069,0.834089,0.827657,0.750705,0.751944,0.766624,0.751937,0.772655,0.794795,0.821765,0.792845,0.850646,0.7146047,0.714019,0.797195
0.815845,0.811299,0.823459,0.827284,0.795421,0.767334,0.783154,1.0,0.934704,0.846282,0.841171,0.883277,0.798374,0.910653,0.873697,0.847351,0.792342,0.886937,0.90632,0.829578,0.8789,0.824508,0.77152,0.94069,0.76445,0.800099,0.891191,0.872166,0.8084236,0.877267,0.909299,0.733771,0.753441,0.749058,0.768656,0.841962,0.824864,0.723744,0.682501,0.670178,0.849615,0.764423,0.809583,0.890368,0.678006,0.84151,0.809973,0.849269,0.795626,0.786331,0.8277,0.930575,0.740035,0.869272,0.792514,0.846783,0.806655,0.915191,0.851691,0.838562,0.847587,0.839897,0.837746,0.824468,0.81665,0.849908,0.808539,0.860648,0.861987,0.857869,0.823164,0.831045,0.735927,0.77456,0.824719,0.7026475,0.887953,0.882042,0.886179,0.80866,0.803744,0.835017,0.779127,0.749108,0.787684,0.865433,0.833561,0.823228,0.820107,0.822855,0.835914,0.850069,0.822414,0.796247,0.883233,0.86602,0.796094,0.844403,0.752153,0.792321
0.765819,0.821159,0.909041,0.786899,0.799031,0.838128,0.761394,0.934704,1.0,0.843902,0.850499,0.87213,0.845971,0.910446,0.91849,0.873965,0.801243,0.864737,0.951265,0.825646,0.86099,0.901639,0.833681,0.950583,0.823737,0.818891,0.952242,0.94736,0.891983,0.888449,0.886755,0.730812,0.793923,0.755872,0.874073,0.801227,0.810104,0.70252,0.751666,0.743195,0.86004,0.794195,0.832225,0.935236,0.753361,0.841959,0.827443,0.886438,0.840142,0.790612,0.823429,0.922539,0.66466,0.834188,0.801886,0.836685,0.79731,0.939895,0.849076,0.865366,0.912255,0.839095,0.886177,0.828764,0.825328,0.893951,0.854821,0.866731,0.853491,0.831931,0.782038,0.851629,0.75287,0.841694,0.832349,0.773887,0.950039,0.902,0.932904,0.758854,0.844836,0.827238,0.754289,0.765752,0.833644,0.873853,0.811084,0.938165,0.863712,0.861156,0.801304,0.763525,0.799593,0.790437,0.856273,0.894594,0.794666,0.881598,0.799671,0.837099
0.796105,0.725853,0.794719,0.787618,0.769721,0.722041,0.762401,0.846282,0.843902,1.0,0.839463,0.877201,0.846324,0.900124,0.856627,0.866933,0.805472,0.798563,0.889352,0.768958,0.841234,0.818713,0.773154,0.911901,0.802486,0.693055,0.852293,0.752517,0.86694,0.859945,0.792091,0.677967,0.813808,0.730469,0.738587,0.804238,0.760474,0.76981,0.81317,0.732776,0.770092,0.728103,0.783948,0.842968,0.708687,0.797822,0.744286,0.781965,0.805644,0.758977,0.796701,0.835773,0.725652,0.793629,0.637216,0.802503,0.805323,0.806358,0.88652,0.83689,0.835085,0.842585,0.821828,0.812164,0.783615,0.836361,0.839767,0.797536,0.787972,0.804335,0.7006921,0.74277,0.652844,0.706589,0.847026,0.804467,0.840707,0.902608,0.876043,0.747,0.6911122,0.782612,0.740255,0.716672,0.805506,0.783137,0.833635,0.759867,0.820765,0.7178817,0.812071,0.690655,0.721335,0.784629,0.771357,0.803086,0.778446,0.847969,0.74104,0.81796
0.75763,0.749361,0.835761,0.733386,0.753355,0.845561,0.771154,0.841171,0.850499,0.839463,1.0,0.914813,0.854096,0.82357,0.843218,0.821428,0.724936,0.78453,0.894103,0.826283,0.794369,0.795903,0.741582,0.832259,0.800941,0.754012,0.830461,0.836073,0.798084,0.79891,0.851262,0.6538025,0.745348,0.784825,0.759475,0.84408,0.814292,0.650464,0.78887,0.730364,0.811549,0.80651,0.719975,0.811568,0.706643,0.79892,0.771173,0.808291,0.7478958,0.834894,0.865317,0.864947,0.621578,0.822195,0.765836,0.948233,0.847836,0.843206,0.891491,0.840484,0.822945,0.847157,0.788442,0.816868,0.865529,0.785177,0.846896,0.902258,0.756191,0.84621,0.831712,0.789605,0.719426,0.724642,0.788705,0.7389175,0.828979,0.799551,0.854645,0.795269,0.741454,0.818113,0.685532,0.680583,0.713073,0.812189,0.836966,0.787053,0.80198,0.801551,0.874951,0.77299,0.79797,0.828045,0.785102,0.820507,0.77738,0.831249,0.738945,0.85293
0.777599,0.793475,0.880593,0.826763,0.800845,0.811038,0.837375,0.883277,0.87213,0.877201,0.914813,1.0,0.862238,0.867002,0.925878,0.882807,0.804258,0.801243,0.92419,0.820594,0.801239,0.831584,0.774201,0.909265,0.759666,0.836343,0.879408,0.797816,0.871585,0.883613,0.902052,0.786067,0.818975,0.788047,0.838497,0.811275,0.837062,0.740002,0.775218,0.743076,0.866388,0.823631,0.850556,0.908597,0.752176,0.89901,0.816032,0.829633,0.798882,0.803465,0.820968,0.87383,0.717194,0.864966,0.723159,0.838347,0.854111,0.826799,0.861943,0.891967,0.839059,0.860977,0.787461,0.847381,0.806498,0.866136,0.84998,0.878946,0.785768,0.906337,0.786309,0.791723,0.689815,0.800809,0.837057,0.7721942,0.808607,0.822323,0.91038,0.787512,0.805364,0.79662,0.750601,0.766254,0.830674,0.822786,0.875583,0.836226,0.803616,0.778514,0.8503,0.820162,0.823604,0.891837,0.862269,0.901517,0.85817,0.814068,0.762757,0.823607
0.825063,0.74006,0.814824,0.850733,0.801098,0.763071,0.765355,0.798374,0.845971,0.846324,0.854096,0.862238,1.0,0.830229,0.868903,0.825769,0.748708,0.788533,0.848028,0.849892,0.804163,0.819478,0.790451,0.815585,0.85144,0.752467,0.839346,0.817345,0.787733,0.776417,0.867081,0.672728,0.852426,0.801266,0.847237,0.837204,0.948889,0.838115,0.86621,0.7479982,0.89365,0.858087,0.894858,0.840137,0.729177,0.922645,0.804583,0.869556,0.804626,0.862289,0.849638,0.821493,0.789195,0.797256,0.685118,0.815909,0.761079,0.840596,0.880705,0.88999,0.924669,0.854491,0.81155,0.869041,0.860458,0.918061,0.822917,0.79989,0.839693,0.913585,0.752907,0.881051,0.752935,0.804646,0.787283,0.8030667,0.814543,0.80335,0.881228,0.817087,0.850048,0.876471,0.740634,0.771247,0.871065,0.895293,0.915657,0.805129,0.832498,0.895685,0.840155,0.697386,0.879356,0.898015,0.916043,0.848493,0.905499,0.959452,0.766317,0.907556
0.830006,0.767692,0.819043,0.794975,0.798915,0.778532,0.76027,0.910653,0.910446,0.900124,0.82357,0.867002,0.830229,1.0,0.880855,0.851112,0.818249,0.907018,0.916176,0.78761,0.883498,0.812206,0.842163,0.946566,0.824415,0.79025,0.882098,0.826651,0.780434,0.866825,0.840818,0.697798,0.835275,0.764476,0.756268,0.797526,0.785291,0.797898,0.783044,0.719014,0.810151,0.757067,0.833668,0.854242,0.709313,0.819493,0.761391,0.81242,0.81524,0.780324,0.818261,0.887867,0.778006,0.822148,0.777368,0.824955,0.811301,0.873447,0.937914,0.822403,0.866813,0.822042,0.930517,0.851573,0.83806,0.846049,0.84848,0.806985,0.881135,0.827329,0.764603,0.813328,0.718079,0.777014,0.860448,0.7437698,0.924833,0.920625,0.881557,0.768515,0.725762,0.826737,0.732113,0.699825,0.833879,0.824131,0.7958472,0.815482,0.780246,0.800194,0.812425,0.695575,0.756383,0.793594,0.820039,0.828579,0.810739,0.876068,0.734474,0.791485
0.79208,0.761652,0.946069,0.799038,0.815678,0.829344,0.840026,0.873697,0.91849,0.856627,0.843218,0.925878,0.868903,0.880855,1.0,0.867131,0.810912,0.74167,0.951885,0.866728,0.801007,0.819631,0.731925,0.907507,0.806395,0.79656,0.910833,0.832878,0.871109,0.939967,0.928944,0.793492,0.856517,0.68621,0.870279,0.862155,0.848644,0.779067,0.825664,0.71957,0.8673,0.788361,0.857659,0.901705,0.814208,0.905093,0.849451,0.866025,0.834613,0.81456,0.790914,0.892175,0.681189,0.833803,0.711731,0.811433,0.843483,0.845435,0.836236,0.899625,0.884183,0.835124,0.855545,0.851081,0.769544,0.931767,0.838101,0.869241,0.831533,0.861744,0.720873,0.834067,0.766197,0.869161,0.781924,0.784776,0.882062,0.829209,0.935085,0.787002,0.866115,0.815039,0.824946,0.853722,0.885554,0.856402,0.906086,0.896464,0.872646,0.798655,0.825066,0.780008,0.858123,0.860619,0.881102,0.901965,0.862952,0.877798,0.759156,0.868422
0.725928,0.814066,0.868713,0.761111,0.791048,0.742689,0.851253,0.847351,0.873965,0.866933,0.821428,0.882807,0.825769,0.851112,0.867131,1.0,0.851156,0.780223,0.893775,0.761128,0.782452,0.902669,0.79912,0.884065,0.824739,0.78,0.873472,0.849166,0.843921,0.857235,0.797532,0.780619,0.794944,0.834235,0.847839,0.7709198,0.740276,0.683815,0.726421,0.775726,0.803237,0.729543,0.803617,0.8564,0.7137568,0.820553,0.776794,0.821271,0.848081,0.788463,0.902185,0.835914,0.615298,0.726554,0.703153,0.784567,0.766545,0.862141,0.843534,0.80012,0.840701,0.789095,0.817662,0.808126,0.793606,0.795108,0.878347,0.819944,0.794262,0.836325,0.716409,0.810096,0.747935,0.708377,0.826915,0.803614,0.801743,0.839204,0.848426,0.760222,0.818189,0.778711,0.729287,0.773781,0.776693,0.787561,0.795855,0.874777,0.803205,0.764456,0.820445,0.748104,0.751176,0.771527,0.793883,0.815177,0.739019,0.83927,0.823575,0.807976
0.706046,0.821309,0.81116,0.722241,0.779881,0.709892,0.791337,0.792342,0.801243,0.805472,0.724936,0.804258,0.748708,0.818249,0.810912,0.851156,1.0,0.6684372,0.828285,0.679682,0.865428,0.832539,0.842539,0.817447,0.747002,0.834843,0.832891,0.826177,0.813123,0.802742,0.811373,0.7288539,0.745888,0.805881,0.817425,0.722543,0.712948,0.67579,0.664164,0.689583,0.766537,0.731341,0.797494,0.802455,0.72193,0.757698,0.74472,0.745301,0.817266,0.683282,0.865821,0.799734,0.709241,0.785677,0.731348,0.732753,0.7568278,0.81222,0.758309,0.768375,0.814195,0.717568,0.810437,0.838743,0.752455,0.763187,0.864249,0.764507,0.759704,0.76184,0.729245,0.7969645,0.76615,0.782845,0.837896,0.7729677,0.753242,0.760095,0.822658,0.770788,0.781127,0.782951,0.734148,0.775216,0.733391,0.744755,0.732104,0.870793,0.758826,0.786686,0.83711,0.723407,0.797108,0.81937,0.782622,0.810088,0.703368,0.785284,0.836896,0.700509
0.765954,0.763021,0.726618,0.799896,0.722367,0.727941,0.750409,0.886937,0.864737,0.798563,0.78453,0.801243,0.788533,0.907018,0.74167,0.780223,0.6684372,1.0,0.820176,0.789258,0.829196,0.81501,0.872801,0.882537,0.784914,0.758596,0.815922,0.822216,0.739173,0.761888,0.77991,0.68971,0.765965,0.811501,0.743828,0.734065,0.798419,0.742441,0.689763,0.740842,0.798833,0.748649,0.768502,0.804282,0.655821,0.797222,0.727431,0.784565,0.742216,0.79584,0.786158,0.836339,0.830516,0.732355,0.786344,0.751219,0.741323,0.881976,0.877419,0.723179,0.790517,0.832806,0.847,0.760614,0.797154,0.7505817,0.815282,0.748938,0.809483,0.82384,0.783589,0.760165,0.675879,0.698043,0.801472,0.6325903,0.883651,0.897836,0.770051,0.681381,0.73443,0.76392,0.666882,0.653484,0.769811,0.782886,0.78426,0.751298,0.730102,0.80151,0.730188,0.701074,0.707187,0.743958,0.795763,0.763609,0.800631,0.799312,0.7000624,0.778741
0.765989,0.767586,0.911892,0.750297,0.795716,0.843692,0.832899,0.90632,0.951265,0.889352,0.894103,0.92419,0.848028,0.916176,0.951885,0.893775,0.828285,0.820176,1.0,0.837039,0.854956,0.880518,0.77415,0.938772,0.833662,0.77031,0.945586,0.912025,0.891864,0.933323,0.893134,0.7678312,0.866982,0.710558,0.836907,0.848142,0.776798,0.73267,0.836725,0.787642,0.836049,0.79487,0.81624,0.940718,0.818716,0.837332,0.811303,0.878014,0.825684,0.839692,0.823982,0.909751,0.680226,0.877896,0.745883,0.865224,0.882506,0.886822,0.865952,0.891737,0.904071,0.828446,0.855939,0.853849,0.820484,0.883956,0.886907,0.86748,0.82682,0.852968,0.773629,0.81856,0.70264,0.813172,0.836731,0.7938391,0.912554,0.8788,0.958112,0.76793,0.7886157,0.814009,0.826435,0.81043,0.840291,0.849555,0.838577,0.906377,0.859964,0.799993,0.8461,0.722466,0.777239,0.846558,0.838738,0.91989,0.8023687,0.862396,0.799221,0.875037
0.767835,0.67985,0.84564,0.757264,0.73582,0.798544,0.85109,0.829578,0.825646,0.768958,0.826283,0.820594,0.849892,0.78761,0.866728,0.761128,0.679682,0.789258,0.837039,1.0,0.724272,0.77381,0.711469,0.801947,0.779322,0.650772,0.839305,0.79938,0.791207,0.892936,0.869367,0.696792,0.856007,0.707307,0.844721,0.931375,0.909367,0.773875,0.859096,0.7004737,0.824526,0.748069,0.746975,0.805381,0.759181,0.853081,0.792831,0.89047,0.716228,0.876933,0.735123,0.84344,0.719494,0.753816,0.76873,0.80344,0.756977,0.817493,0.851065,0.7431073,0.78003,0.780229,0.788849,0.73416,0.733884,0.819455,0.727474,0.83705,0.778152,0.837371,0.682374,0.801504,0.725068,0.832971,0.670302,0.682624,0.863776,0.77303,0.826502,0.786305,0.833503,0.808957,0.819284,0.791962,0.881038,0.84351,0.93962,0.79959,0.834469,0.793335,0.75327,0.702283,0.831669,0.795247,0.877883,0.85145,0.894159,0.842665,0.70062,0.887663
0.7999,0.793613,0.770811,0.750615,0.847293,0.6949911,0.71478,0.8789,0.86099,0.841234,0.794369,0.801239,0.804163,0.883498,0.801007,0.782452,0.865428,0.829196,0.854956,0.724272,1.0,0.818022,0.868312,0.858608,0.805755,0.817143,0.851677,0.825454,0.745172,0.7755994,0.827309,0.72817,0.738468,0.801158,0.731333,0.758447,0.7597113,0.796581,0.737761,0.710166,0.829348,0.803992,0.818338,0.874248,0.707274,0.7868332,0.748584,0.838953,0.853704,0.764348,0.882023,0.845341,0.816843,0.864208,0.76111,0.849968,0.84694,0.865929,0.838585,0.8133062,0.85516,0.815399,0.845695,0.874108,0.891501,0.846179,0.908369,0.764558,0.838845,0.82713,0.905736,0.872459,0.776241,0.748329,0.929848,0.7560354,0.841146,0.842904,0.8665,0.832075,0.784815,0.856335,0.809535,0.730847,0.733585,0.82305,0.748943,0.805047,0.7541817,0.90305,0.889428,0.754842,0.787614,0.768396,0.836736,0.834927,0.7409509,0.841159,0.800431,0.773644
0.639493,0.819679,0.837537,0.752545,0.737944,0.75853,0.783146,0.824508,0.901639,0.818713,0.795903,0.831584,0.819478,0.812206,0.819631,0.902669,0.832539,0.81501,0.880518,0.77381,0.818022,1.0,0.848793,0.8683,0.796134,0.767466,0.897746,0.883963,0.834236,0.819523,0.7704744,0.737509,0.767038,0.823044,0.909064,0.71602,0.74669,0.611525,0.711358,0.823132,0.807982,0.736718,0.811066,0.871748,0.7093,0.793086,0.7600688,0.85784,0.7699346,0.764485,0.841992,0.774272,0.646012,0.724519,0.692644,0.71526,0.740643,0.856689,0.78416,0.815273,0.854738,0.800535,0.749589,0.811266,0.778928,0.816315,0.867656,0.819124,0.7240575,0.838178,0.741409,0.793014,0.702455,0.720405,0.784775,0.7174853,0.832598,0.829707,0.842213,0.649145,0.814991,0.747708,0.677867,0.731523,0.773313,0.789962,0.766733,0.905129,0.790057,0.821209,0.764537,0.689667,0.6901315,0.782249,0.783572,0.813869,0.7147903,0.818235,0.888164,0.799995
0.78754,0.828764,0.763199,0.768205,0.773116,0.68944,0.792287,0.77152,0.833681,0.773154,0.741582,0.774201,0.790451,0.842163,0.731925,0.79912,0.842539,0.872801,0.77415,0.711469,0.868312,0.848793,1.0,0.855697,0.821587,0.81524,0.840566,0.805183,0.747604,0.739132,0.724674,0.696576,0.788219,0.867288,0.791231,0.6743539,0.781724,0.74211,0.730866,0.764679,0.803642,0.747243,0.826818,0.798047,0.731468,0.800859,0.759845,0.7664,0.834625,0.7856,0.859536,0.806434,0.838421,0.74633,0.774909,0.761133,0.775875,0.861065,0.805605,0.775577,0.82999,0.73807,0.886781,0.836852,0.782228,0.728151,0.90559,0.739538,0.813747,0.771625,0.737337,0.782704,0.759906,0.781297,0.880535,0.7347732,0.83189,0.876117,0.768532,0.773022,0.7229661,0.801599,0.6437435,0.682316,0.815473,0.769835,0.702824,0.836274,0.747734,0.82704,0.813872,0.667964,0.735369,0.718605,0.777677,0.762779,0.800215,0.823326,0.799929,0.742508
0.830014,0.85338,0.881626,0.86169,0.801408,0.797275,0.82902,0.94069,0.950583,0.911901,0.832259,0.909265,0.815585,0.946566,0.907507,0.884065,0.817447,0.882537,0.938772,0.801947,0.858608,0.8683,0.855697,1.0,0.805868,0.841452,0.944393,0.880433,0.857987,0.919334,0.894715,0.738319,0.816202,0.742978,0.834258,0.82367,0.806181,0.772894,0.753603,0.693553,0.854076,0.776249,0.855092,0.924861,0.748747,0.866452,0.817971,0.851098,0.810278,0.763358,0.817855,0.917262,0.739976,0.839448,0.795077,0.834975,0.827443,0.906029,0.860038,0.861697,0.877542,0.832835,0.888816,0.85351,0.790993,0.880912,0.86272,0.865721,0.860533,0.84556,0.770988,0.805345,0.723506,0.845038,0.846058,0.798379,0.931037,0.963505,0.92929,0.773619,0.792184,0.836087,0.771141,0.78048,0.86086,0.852284,0.815661,0.898714,0.828907,0.809159,0.822719,0.775439,0.801147,0.829675,0.866699,0.895041,0.839831,0.863307,0.769775,0.775997
0.826461,0.702266,0.810042,0.749866,0.826772,0.824875,0.791158,0.76445,0.823737,0.802486,0.800941,0.759666,0.85144,0.824415,0.806395,0.824739,0.747002,0.784914,0.833662,0.779322,0.805755,0.796134,0.821587,0.805868,1.0,0.669768,0.792938,0.837142,0.765944,0.784216,0.745313,0.759901,0.698559,0.753027,0.774327,0.815707,0.812125,0.7365598,0.731426,0.860823,0.804241,0.74553,0.736128,0.767612,0.831446,0.769725,0.731733,0.819992,0.767664,0.882388,0.813794,0.817911,0.685439,0.713886,0.797119,0.797228,0.832976,0.842763,0.857592,0.819143,0.890126,0.741066,0.882709,0.806131,0.815324,0.815928,0.910332,0.729701,0.891066,0.809033,0.751615,0.857264,0.75737,0.711706,0.764297,0.7897347,0.842087,0.845016,0.780272,0.732154,0.839073,0.817503,0.744825,0.801739,0.740263,0.829541,0.857079,0.79976,0.859772,0.863596,0.813002,0.68175,0.747844,0.784332,0.81022,0.72077,0.774117,0.880729,0.754043,0.893255
0.797394,0.904364,0.816587,0.831874,0.826136,0.6375849,0.7006649,0.800099,0.818891,0.693055,0.754012,0.836343,0.752467,0.79025,0.79656,0.78,0.834843,0.758596,0.77031,0.650772,0.817143,0.767466,0.81524,0.841452,0.669768,1.0,0.800099,0.774421,0.725271,0.764273,0.808569,0.762815,0.742671,0.797136,0.763291,0.702043,0.78841,0.793294,0.677301,0.603765,0.834368,0.743897,0.843754,0.776665,0.6489497,0.82651,0.779783,0.692152,0.776946,0.650905,0.772968,0.817309,0.757966,0.728021,0.692023,0.75257,0.792248,0.801818,0.7144885,0.785287,0.793569,0.76945,0.778398,0.781405,0.725298,0.789082,0.748686,0.801956,0.818946,0.769581,0.781458,0.7966338,0.741427,0.824618,0.790681,0.6480568,0.750632,0.775464,0.786324,0.772154,0.782929,0.820099,0.698055,0.660489,0.779782,0.805218,0.700062,0.822794,0.687859,0.809773,0.769585,0.857399,0.834056,0.804233,0.794433,0.785063,0.793029,0.755676,0.767675,0.627664
0.783383,0.815569,0.907232,0.792752,0.793052,0.793828,0.797919,0.891191,0.952242,0.852293,0.830461,0.879408,0.839346,0.882098,0.910833,0.873472,0.832891,0.815922,0.945586,0.839305,0.851677,0.897746,0.840566,0.944393,0.792938,0.800099,1.0,0.921096,0.914865,0.914263,0.911229,0.731267,0.873414,0.731534,0.878483,0.815462,0.83138,0.764918,0.830963,0.697513,0.86448,0.802766,0.838455,0.960491,0.786091,0.88204,0.845159,0.927632,0.82369,0.765874,0.807508,0.907272,0.705013,0.855621,0.773487,0.835997,0.80529,0.896355,0.810502,0.875012,0.900634,0.823212,0.851452,0.841893,0.780348,0.874997,0.847508,0.885903,0.839829,0.842969,0.753014,0.812362,0.767634,0.899262,0.84677,0.7726381,0.925286,0.9035,0.968911,0.806394,0.8042533,0.849534,0.823446,0.828851,0.899255,0.877077,0.804855,0.949675,0.870487,0.832639,0.82337,0.722621,0.827467,0.831635,0.894294,0.957129,0.858922,0.884416,0.803526,0.795162
0.677185,0.797998,0.858377,0.722738,0.754426,0.861092,0.756797,0.872166,0.94736,0.752517,0.836073,0.797816,0.817345,0.826651,0.832878,0.849166,0.826177,0.822216,0.912025,0.79938,0.825454,0.883963,0.805183,0.880433,0.837142,0.774421,0.921096,1.0,0.85848,0.823737,0.845853,0.6954898,0.716087,0.767899,0.863359,0.76177,0.777269,0.6092,0.677262,0.79636,0.835662,0.829971,0.779611,0.915654,0.78343,0.779423,0.786411,0.872221,0.825007,0.805791,0.837938,0.893614,0.6235486,0.818691,0.86853,0.815609,0.7722769,0.939573,0.794146,0.808267,0.895913,0.796442,0.848177,0.8128,0.842245,0.819301,0.873165,0.792655,0.78993,0.832625,0.800473,0.858541,0.726144,0.781745,0.7932571,0.7792832,0.889822,0.851851,0.886738,0.738934,0.844354,0.793783,0.759461,0.775408,0.717608,0.833897,0.768912,0.940273,0.805183,0.860213,0.809233,0.714095,0.7817,0.791143,0.841705,0.879907,0.711817,0.834036,0.818569,0.833902
0.73255,0.765536,0.853166,0.756536,0.758875,0.768626,0.794079,0.8084236,0.891983,0.86694,0.798084,0.871585,0.787733,0.780434,0.871109,0.843921,0.813123,0.739173,0.891864,0.791207,0.745172,0.834236,0.747604,0.857987,0.765944,0.725271,0.914865,0.85848,1.0,0.856392,0.873755,0.713237,0.819949,0.6529531,0.83263,0.769807,0.755188,0.695703,0.78532,0.6793123,0.832321,0.771693,0.788072,0.92393,0.753879,0.835859,0.816336,0.857551,0.820247,0.743022,0.766025,0.853416,0.625773,0.82556,0.6760188,0.795148,0.792113,0.832043,0.733599,0.857897,0.850805,0.761678,0.763859,0.758155,0.716483,0.824356,0.822366,0.859671,0.746733,0.810379,0.702485,0.71663,0.716912,0.814876,0.795498,0.72573571,0.834002,0.820024,0.91345,0.778929,0.75906,0.755395,0.750473,0.795536,0.835413,0.811372,0.803787,0.868532,0.886664,0.734102,0.800338,0.768698,0.807679,0.791907,0.811247,0.904863,0.799217,0.780355,0.779459,0.775531
0.792691,0.777718,0.928937,0.754882,0.828552,0.7785357,0.885888,0.877267,0.888449,0.859945,0.79891,0.883613,0.776417,0.866825,0.939967,0.857235,0.802742,0.761888,0.933323,0.892936,0.7755994,0.819523,0.739132,0.919334,0.784216,0.764273,0.914263,0.823737,0.856392,1.0,0.881401,0.783684,0.874339,0.655859,0.816401,0.916123,0.82437,0.7555345,0.832369,0.6567027,0.852278,0.71384,0.803505,0.862215,0.810847,0.869857,0.84559,0.891413,0.76742,0.836832,0.754433,0.889895,0.6615593,0.814427,0.7617071,0.817954,0.864717,0.827623,0.794292,0.872952,0.845785,0.725783,0.825961,0.842994,0.708888,0.840294,0.817754,0.887231,0.838376,0.857787,0.707316,0.813972,0.745522,0.849881,0.716333,0.739423,0.871493,0.848607,0.890637,0.793672,0.81857,0.836099,0.844038,0.830763,0.890501,0.870799,0.877108,0.880713,0.871368,0.776322,0.829644,0.79608,0.824106,0.803718,0.875407,0.883927,0.859736,0.834295,0.743334,0.816195
0.818884,0.756578,0.861443,0.812429,0.780051,0.825301,0.807712,0.909299,0.886755,0.792091,0.851262,0.902052,0.867081,0.840818,0.928944,0.797532,0.811373,0.77991,0.893134,0.869367,0.827309,0.7704744,0.724674,0.894715,0.745313,0.808569,0.911229,0.845853,0.873755,0.881401,1.0,0.718741,0.835606,0.712332,0.874012,0.86153,0.900947,0.774518,0.805205,0.685695,0.908239,0.83837,0.859595,0.9245,0.696614,0.921154,0.873641,0.90638,0.811545,0.809386,0.753954,0.900909,0.6918,0.909075,0.753436,0.850006,0.811192,0.836181,0.836445,0.851906,0.839532,0.834924,0.781295,0.800139,0.804129,0.884423,0.778683,0.913752,0.839142,0.882239,0.750319,0.864455,0.715247,0.879333,0.787967,0.7160665,0.829916,0.792122,0.939722,0.860689,0.852631,0.853212,0.80397,0.793758,0.863605,0.902652,0.860887,0.866199,0.801471,0.847268,0.824741,0.758983,0.923379,0.85602,0.926523,0.954082,0.896788,0.838092,0.744632,0.823318
0.682765,0.72874,0.755575,0.6509483,0.711736,0.660506,0.7609496,0.733771,0.730812,0.677967,0.6538025,0.786067,0.672728,0.697798,0.793492,0.780619,0.7288539,0.68971,0.7678312,0.696792,0.72817,0.737509,0.696576,0.738319,0.759901,0.762815,0.731267,0.6954898,0.713237,0.783684,0.718741,1.0,0.716649,0.674784,0.6660218,0.708108,0.678703,0.806626,0.692295,0.800244,0.6737589,0.651504,0.679784,0.7533884,0.867896,0.689733,0.6533125,0.743254,0.7368415,0.738538,0.716844,0.698421,0.672444,0.653909,0.634334,0.632686,0.723166,0.708571,0.627722,0.742199,0.778802,0.704137,0.683539,0.6851884,0.651314,0.790214,0.745692,0.698214,0.745469,0.6874334,0.729211,0.6670478,0.702252,0.72617,0.725635,0.69155,0.711293,0.694008,0.742571,0.661347,0.738777,0.6061257,0.855241,0.816999,0.746229,0.67964,0.732799,0.7354375,0.791719,0.629038,0.633168,0.785669,0.64227,0.754233,0.740261,0.7171244,0.711429,0.695319,0.77255,0.7300704
0.795172,0.691642,0.818585,0.754652,0.746034,0.635046,0.814363,0.753441,0.793923,0.813808,0.745348,0.818975,0.852426,0.835275,0.856517,0.794944,0.745888,0.765965,0.866982,0.856007,0.738468,0.767038,0.788219,0.816202,0.698559,0.742671,0.873414,0.716087,0.819949,0.874339,0.835606,0.716649,1.0,0.679099,0.78012,0.793557,0.863532,0.864435,0.943616,0.700788,0.780977,0.703833,0.80848,0.822311,0.743656,0.859752,0.755238,0.786223,0.746344,0.793278,0.69207,0.7758,0.753382,0.762724,0.5623138,0.697502,0.774724,0.723956,0.795691,0.796741,0.782359,0.77526,0.775979,0.75087,0.655577,0.793665,0.732625,0.79955,0.771106,0.779637,0.600708,0.720486,0.658538,0.840442,0.74445,0.6731448,0.778652,0.795591,0.876194,0.791954,0.716746,0.796652,0.775294,0.745176,0.951122,0.785963,0.807213,0.805501,0.752399,0.71285,0.725535,0.613271,0.805763,0.778962,0.813235,0.854489,0.911587,0.821884,0.674361,0.792177
0.693237,0.822885,0.723642,0.814557,0.747736,0.683012,0.7007313,0.749058,0.755872,0.730469,0.784825,0.788047,0.801266,0.764476,0.68621,0.834235,0.805881,0.811501,0.710558,0.707307,0.801158,0.823044,0.867288,0.742978,0.753027,0.797136,0.731534,0.767899,0.6529531,0.655859,0.712332,0.674784,0.679099,1.0,0.800124,0.663354,0.769757,0.693721,0.6513,0.690919,0.753288,0.800783,0.752873,0.6885748,0.5748787,0.747178,0.7062,0.705862,0.787666,0.708443,0.904584,0.7669,0.821371,0.725332,0.717953,0.742235,0.666389,0.819198,0.838951,0.6599,0.731091,0.799757,0.79329,0.725932,0.798939,0.712178,0.803164,0.70123,0.752795,0.777036,0.736594,0.799527,0.717199,0.659284,0.811882,0.736281,0.731016,0.754202,0.704454,0.734905,0.76545,0.765876,0.650651,0.602682,0.683336,0.726326,0.756316,0.762686,0.692061,0.805489,0.768042,0.709224,0.725606,0.774578,0.757636,0.71786,0.72741,0.784687,0.805984,0.704425
0.676972,0.754039,0.88002,0.814673,0.763935,0.810916,0.8446,0.768656,0.874073,0.738587,0.759475,0.838497,0.847237,0.756268,0.870279,0.847839,0.817425,0.743828,0.836907,0.844721,0.731333,0.909064,0.791231,0.834258,0.774327,0.763291,0.878483,0.863359,0.83263,0.816401,0.874012,0.6660218,0.78012,0.800124,1.0,0.80618,0.837414,0.674323,0.741556,0.73867,0.899894,0.827563,0.887002,0.875929,0.726829,0.900135,0.91792,0.882764,0.759216,0.758545,0.7815,0.794108,0.684012,0.763052,0.773453,0.731404,0.733852,0.826592,0.783501,0.814912,0.824321,0.770777,0.77877,0.82282,0.735099,0.861524,0.804686,0.810035,0.755227,0.85934,0.652815,0.878171,0.743555,0.856456,0.7173152,0.7347241,0.822245,0.773336,0.853378,0.687091,0.928011,0.812796,0.713039,0.841355,0.853469,0.87739,0.841838,0.935413,0.781076,0.856691,0.7312,0.686394,0.827141,0.84095,0.875337,0.874656,0.838225,0.833254,0.793808,0.811745
0.841817,0.686548,0.871324,0.767002,0.829309,0.769331,0.883994,0.841962,0.801227,0.804238,0.84408,0.811275,0.837204,0.797526,0.862155,0.7709198,0.722543,0.734065,0.848142,0.931375,0.758447,0.71602,0.6743539,0.82367,0.815707,0.702043,0.815462,0.76177,0.769807,0.916123,0.86153,0.708108,0.793557,0.663354,0.80618,1.0,0.882874,0.745403,0.851068,0.67282,0.873718,0.694206,0.759953,0.771115,0.7364135,0.858032,0.868167,0.8676,0.734567,0.878399,0.757873,0.872719,0.673577,0.780567,0.747743,0.878252,0.867196,0.789355,0.842668,0.83866,0.813889,0.755586,0.789373,0.828095,0.723213,0.7843765,0.793213,0.866626,0.837003,0.854939,0.714475,0.876463,0.747347,0.791391,0.659332,0.6907476,0.813854,0.776637,0.781832,0.838113,0.872408,0.889512,0.802271,0.790751,0.825836,0.90576,0.914163,0.7673816,0.853964,0.839644,0.863123,0.783863,0.868239,0.775299,0.872185,0.805823,0.851541,0.854512,0.678542,0.871124
0.880377,0.724655,0.815482,0.852654,0.797386,0.776729,0.816479,0.824864,0.810104,0.760474,0.814292,0.837062,0.948889,0.785291,0.848644,0.740276,0.712948,0.798419,0.776798,0.909367,0.7597113,0.74669,0.781724,0.806181,0.812125,0.78841,0.83138,0.777269,0.755188,0.82437,0.900947,0.678703,0.863532,0.769757,0.837414,0.882874,1.0,0.861825,0.872593,0.71079,0.904153,0.827567,0.858714,0.821083,0.733783,0.94101,0.832881,0.889964,0.738641,0.892469,0.788974,0.834742,0.801447,0.803284,0.712225,0.810104,0.765776,0.794403,0.842253,0.8293,0.85587,0.822586,0.790265,0.806685,0.780762,0.878001,0.746684,0.840451,0.865214,0.881457,0.713221,0.873202,0.747487,0.884896,0.699223,0.714695,0.797643,0.781566,0.849013,0.886527,0.857286,0.922662,0.768018,0.749743,0.912707,0.92177,0.901518,0.775153,0.813741,0.904401,0.836314,0.759311,0.950456,0.85785,0.957218,0.879909,0.9658,0.943013,0.701522,0.869619
0.87857,0.693262,0.715425,0.804748,0.7659297,0.645398,0.757326,0.723744,0.70252,0.76981,0.650464,0.740002,0.838115,0.797898,0.779067,0.683815,0.67579,0.742441,0.73267,0.773875,0.796581,0.611525,0.74211,0.772894,0.7365598,0.793294,0.764918,0.6092,0.695703,0.7555345,0.774518,0.806626,0.864435,0.693721,0.674323,0.745403,0.861825,1.0,0.848327,0.65733,0.787835,0.730599,0.829413,0.743311,0.756141,0.863108,0.722556,0.7853,0.748633,0.831541,0.649288,0.73675,0.854812,0.701275,0.629454,0.658878,0.749597,0.677904,0.765903,0.776751,0.777836,0.807471,0.751297,0.769918,0.674958,0.831822,0.722773,0.704592,0.817586,0.791089,0.700126,0.7056071,0.696129,0.782894,0.766498,0.6294529,0.74095,0.788737,0.785063,0.785858,0.69753,0.769493,0.814373,0.735535,0.88426,0.780174,0.820432,0.658869,0.729871,0.742931,0.707756,0.714611,0.791836,0.764397,0.84425,0.766118,0.900462,0.820057,0.622561,0.783983
0.78698,0.60401,0.787694,0.6851706,0.759626,0.6695587,0.758136,0.682501,0.751666,0.81317,0.78887,0.775218,0.86621,0.783044,0.825664,0.726421,0.664164,0.689763,0.836725,0.859096,0.737761,0.711358,0.730866,0.753603,0.731426,0.677301,0.830963,0.677262,0.78532,0.832369,0.805205,0.692295,0.943616,0.6513,0.741556,0.851068,0.872593,0.848327,1.0,0.716881,0.787658,0.736561,0.760023,0.763824,0.736178,0.830757,0.800634,0.792549,0.709534,0.850839,0.688778,0.746279,0.730863,0.772236,0.5395856,0.771435,0.791051,0.667201,0.802969,0.810128,0.782612,0.768337,0.746494,0.757054,0.681844,0.776417,0.72577,0.812295,0.771618,0.7493676,0.628478,0.75243,0.675433,0.804811,0.700139,0.6297413,0.765804,0.748491,0.849563,0.7614683,0.70421,0.839314,0.768967,0.68279,0.901145,0.834381,0.805944,0.739368,0.760631,0.764266,0.744725,0.559744,0.804336,0.719101,0.762659,0.818347,0.901922,0.852524,0.630944,0.847804
0.624202,0.5619697,0.688158,0.601152,0.619512,0.751464,0.75545,0.670178,0.743195,0.732776,0.730364,0.743076,0.7479982,0.719014,0.71957,0.775726,0.689583,0.740842,0.787642,0.7004737,0.710166,0.823132,0.764679,0.693553,0.860823,0.603765,0.697513,0.79636,0.6793123,0.6567027,0.685695,0.800244,0.700788,0.690919,0.73867,0.67282,0.71079,0.65733,0.716881,1.0,0.672191,0.737226,0.65303,0.752844,0.845428,0.664784,0.6028018,0.71847,0.684455,0.7863024,0.686782,0.665031,0.625002,0.6474806,0.699938,0.652197,0.689661,0.725795,0.739645,0.689881,0.779594,0.698896,0.735342,0.6519035,0.793398,0.72707,0.793871,0.606736,0.705393,0.730246,0.722023,0.747291,0.587821,0.681857,0.706887,0.719752,0.696424,0.68765,0.7174016,0.591402,0.724054,0.642298,0.69975,0.71671,0.6640574,0.660801,0.713612,0.747832,0.718999,0.745242,0.632356,0.5146803,0.663701,0.701989,0.6641455,0.697099,0.6919553,0.6989245,0.6987395,0.818926
0.831939,0.806928,0.826821,0.847657,0.874047,0.727067,0.827717,0.849615,0.86004,0.770092,0.811549,0.866388,0.89365,0.810151,0.8673,0.803237,0.766537,0.798833,0.836049,0.824526,0.829348,0.807982,0.803642,0.854076,0.804241,0.834368,0.86448,0.835662,0.832321,0.852278,0.908239,0.6737589,0.780977,0.753288,0.899894,0.873718,0.904153,0.787835,0.787658,0.672191,1.0,0.804887,0.93306,0.872192,0.661736,0.972775,0.964497,0.912987,0.838331,0.816698,0.794812,0.882365,0.745454,0.819569,0.698502,0.839939,0.843918,0.844466,0.812898,0.895867,0.892849,0.792557,0.780753,0.862315,0.794345,0.856846,0.834946,0.872367,0.863746,0.943008,0.791349,0.931282,0.755066,0.831733,0.768321,0.7067327,0.792084,0.78287,0.840064,0.824157,0.913685,0.926086,0.728817,0.779933,0.85829,0.973103,0.860298,0.823355,0.816948,0.936203,0.848356,0.806378,0.909166,0.830776,0.934215,0.875488,0.904704,0.874185,0.773149,0.825168
0.745648,0.682858,0.718788,0.736693,0.697808,0.833284,0.659123,0.764423,0.794195,0.728103,0.80651,0.823631,0.858087,0.757067,0.788361,0.729543,0.731341,0.748649,0.79487,0.748069,0.803992,0.736718,0.747243,0.776249,0.74553,0.743897,0.802766,0.829971,0.771693,0.71384,0.83837,0.651504,0.703833,0.800783,0.827563,0.694206,0.827567,0.730599,0.736561,0.737226,0.804887,1.0,0.810488,0.85692,0.696042,0.823111,0.766599,0.819041,0.796202,0.795829,0.777092,0.794262,0.74648,0.872784,0.796106,0.780539,0.761106,0.800089,0.795079,0.805864,0.8158932,0.740631,0.765288,0.789369,0.873634,0.834526,0.781131,0.71542,0.768805,0.824427,0.757568,0.804225,0.69772,0.8008,0.81843,0.7576579,0.762659,0.711869,0.85101,0.799886,0.77218,0.75482,0.785498,0.721411,0.73651,0.781334,0.808351,0.764008,0.726966,0.806426,0.773277,0.6015643,0.827512,0.822547,0.844026,0.891005,0.813813,0.822999,0.788037,0.834085
0.788075,0.844086,0.783075,0.89551,0.820957,0.694871,0.772963,0.809583,0.832225,0.783948,0.719975,0.850556,0.894858,0.833668,0.857659,0.803617,0.797494,0.768502,0.81624,0.746975,0.818338,0.811066,0.826818,0.855092,0.736128,0.843754,0.838455,0.779611,0.788072,0.803505,0.859595,0.679784,0.80848,0.752873,0.887002,0.759953,0.858714,0.829413,0.760023,0.65303,0.93306,0.810488,1.0,0.863125,0.646666,0.949045,0.888294,0.849731,0.826314,0.745157,0.792017,0.815502,0.798526,0.801961,0.685368,0.735212,0.759283,0.810344,0.77538,0.880326,0.887947,0.777348,0.777038,0.914153,0.775639,0.897752,0.829763,0.771338,0.81441,0.918188,0.758165,0.855003,0.731188,0.828845,0.807495,0.738711,0.77162,0.795246,0.849451,0.747763,0.847517,0.836273,0.706271,0.785365,0.881094,0.881554,0.825337,0.8138275,0.745114,0.849645,0.795996,0.726148,0.8431,0.87344,0.903594,0.837183,0.885584,0.858369,0.766496,0.764752
0.73483,0.774122,0.857441,0.795033,0.745814,0.830587,0.813986,0.890368,0.935236,0.842968,0.811568,0.908597,0.840137,0.854242,0.901705,0.8564,0.802455,0.804282,0.940718,0.805381,0.874248,0.871748,0.798047,0.924861,0.767612,0.776665,0.960491,0.915654,0.92393,0.862215,0.9245,0.7533884,0.822311,0.6885748,0.875929,0.771115,0.821083,0.743311,0.763824,0.752844,0.872192,0.85692,0.863125,1.0,0.786392,0.886698,0.828589,0.894032,0.839301,0.772033,0.793362,0.876414,0.719728,0.888747,0.761969,0.812401,0.793112,0.874362,0.760951,0.887087,0.897448,0.834405,0.789278,0.839308,0.789109,0.903775,0.854942,0.82885,0.778446,0.872128,0.783658,0.790331,0.681316,0.846193,0.881406,0.7913965,0.867326,0.862788,0.971956,0.779902,0.831692,0.797522,0.814622,0.831677,0.841504,0.843508,0.8138,0.921261,0.823323,0.808823,0.819177,0.730161,0.824473,0.8664,0.898426,0.968833,0.834313,0.837004,0.783453,0.796974
