1,0.743338,0.830606,0.648047,0.70907,0.718365,0.743908,0.736937,0.885532,0.569581,0.640426,0.720474,0.783033,0.6454055,0.715056,0.6591811,0.698067,0.526167,0.724005,0.70369,0.6205867,0.713223,0.768868,0.68979,0.685639,0.665876,0.7017667,0.744539,0.5369784,0.5938036,0.661162,0.855647,0.676465,0.670746,0.720663,0.73377,0.694741,0.668064,0.618797,0.708553,0.717861,0.688039,0.754236,0.721491,0.671466,0.668529,0.714603,0.683187,0.773502,0.71428,0.708751,0.825469,0.743381,0.610686,0.874324,0.917076,0.653389,0.812053,0.711329,0.715767,0.6090591,0.641351,0.642124,0.678559,0.562399,0.711547,0.722986,0.641453,0.722142,0.550549,0.607294,0.710386,0.638399,0.783043,0.673718,0.67261,0.675591,0.713869,0.633157,0.828306,0.712767,0.692224,0.605788,0.783827,0.66994,0.75544,0.674649,0.688092,0.574413,0.826867,0.696526,0.652979,0.701425,0.67299,0.610421,0.674788,0.6315,0.755533,0.766132,0.774835
0.743338,1,0.728829,0.813544,0.836513,0.591413,0.66445,0.888503,0.787304,0.809989,0.624561,0.752905,0.633405,0.709623,0.598802,0.769413,0.753648,0.5791212,0.737592,0.603544,0.579778,0.598308,0.766493,0.720015,0.679476,0.693393,0.848142,0.646383,0.613047,0.601506,0.6499154,0.831617,0.6880633,0.602174,0.793248,0.645942,0.779828,0.837367,0.797509,0.770231,0.665974,0.740526,0.601752,0.879495,0.893998,0.705855,0.64606,0.800878,0.765616,0.830938,0.707795,0.848706,0.694333,0.81747,0.788448,0.697239,0.757941,0.744458,0.784516,0.831388,0.80697,0.81281,0.743215,0.812838,0.60973,0.719235,0.637466,0.561514,0.7233751,0.707829,0.583713,0.777664,0.7200298,0.893783,0.673686,0.818711,0.759505,0.655334,0.721596,0.655201,0.810172,0.673947,0.719429,0.823987,0.703709,0.776684,0.779345,0.4642041,0.716718,0.914227,0.5497812,0.829327,0.722637,0.701598,0.709072,0.871032,0.731468,0.644364,0.682279,0.710939
0.830606,0.728829,1,0.750521,0.778037,0.860919,0.645735,0.763749,0.843575,0.512805,0.5710222,0.659432,0.702375,0.55437,0.72309,0.672959,0.730146,0.673876,0.543145,0.768588,0.648175,0.692494,0.685242,0.681802,0.651743,0.590622,0.600975,0.71187,0.616117,0.694535,0.801936,0.816647,0.669568,0.664079,0.69069,0.751887,0.636631,0.689518,0.577989,0.618249,0.5588409,0.658682,0.804645,0.675181,0.669793,0.647135,0.6097197,0.561723,0.709337,0.630123,0.687342,0.776416,0.695036,0.706716,0.912027,0.913809,0.651766,0.778058,0.6141711,0.61105,0.513119,0.4848759,0.744165,0.653586,0.645687,0.590315,0.72366,0.79585,0.638996,0.675597,0.754731,0.633034,0.741948,0.704807,0.809469,0.650071,0.613569,0.62766,0.707399,0.796166,0.715568,0.677431,0.5964711,0.676559,0.652774,0.619131,0.708553,0.748307,0.648747,0.766781,0.861589,0.653988,0.68201,0.4864194,0.692267,0.680805,0.613396,0.598783,0.727432,0.715165
0.648047,0.813544,0.750521,1,0.874524,0.716031,0.717931,0.781284,0.647017,0.659641,0.73308,0.641652,0.595432,0.655293,0.601676,0.662589,0.760321,0.76857,0.610267,0.701683,0.613535,0.719652,0.804826,0.697233,0.762338,0.714083,0.74861,0.703546,0.747748,0.756349,0.63804,0.653624,0.81796,0.616672,0.851567,0.776875,0.80816,0.907525,0.853498,0.859863,0.75452,0.6128057,0.678066,0.712883,0.801217,0.719406,0.73526,0.624974,0.7807593,0.818592,0.675275,0.715698,0.70608,0.958407,0.763322,0.663552,0.644292,0.5853053,0.689571,0.638147,0.632452,0.604879,0.737529,0.68953,0.68554,0.68698,0.671785,0.669405,0.741023,0.767262,0.625737,0.781338,0.737431,0.709275,0.742673,0.765688,0.811093,0.5950742,0.774394,0.6867,0.733674,0.711779,0.746286,0.783591,0.713801,0.69881,0.702802,0.672871,0.769563,0.797508,0.626242,0.677373,0.723841,0.708337,0.801838,0.715303,0.723139,0.670277,0.677726,0.716116
0.70907,0.836513,0.778037,0.874524,1,0.6185574,0.607341,0.800603,0.806322,0.691065,0.633452,0.637748,0.676352,0.568672,0.569602,0.558405,0.830267,0.646871,0.5421153,0.786199,0.522586,0.660092,0.71497,0.761318,0.676163,0.612335,0.684742,0.660495,0.673004,0.663161,0.701084,0.787925,0.710024,0.645956,0.761274,0.840166,0.71764,0.826661,0.837623,0.755659,0.682254,0.569844,0.62018,0.64757,0.751638,0.6534,0.698291,0.5546099,0.701622,0.75764,0.5436648,0.869365,0.630115,0.929317,0.82841,0.702553,0.671559,0.73141,0.828395,0.611098,0.664121,0.706555,0.658389,0.617373,0.558341,0.605618,0.734442,0.629876,0.639715,0.696606,0.644786,0.710736,0.673461,0.809827,0.597673,0.670372,0.719298,0.63929,0.639743,0.750839,0.656481,0.60079,0.671373,0.712431,0.6563818,0.673847,0.667608,0.672859,0.804105,0.749534,0.639682,0.707441,0.732665,0.635536,0.729723,0.656015,0.656074,0.588953,0.784922,0.758982
0.718365,0.591413,0.860919,0.716031,0.6185574,1,0.704403,0.710138,0.670169,0.508699,0.717058,0.6142967,0.667218,0.767196,0.790854,0.726139,0.669991,0.812665,0.764427,0.666901,0.785957,0.733804,0.769374,0.64156,0.781447,0.6861654,0.601322,0.770536,0.78109,0.806381,0.678837,0.636944,0.714915,0.716027,0.725874,0.702929,0.66489,0.704933,0.613785,0.660008,0.6692327,0.763753,0.809498,0.614211,0.608895,0.715583,0.685835,0.623654,0.692684,0.633005,0.678178,0.631632,0.725028,0.629889,0.763542,0.834832,0.602108,0.59465,0.536436,0.6308411,0.565775,0.502985,0.707574,0.68278,0.844,0.745954,0.633594,0.811753,0.7292651,0.784586,0.760369,0.749011,0.827477,0.552619,0.820272,0.629493,0.682197,0.598219,0.690942,0.721678,0.712502,0.760726,0.743267,0.751802,0.6344651,0.666184,0.66633,0.738673,0.653007,0.693051,0.78398,0.521842,0.645765,0.674456,0.82835,0.649783,0.59972,0.710447,0.667935,0.629806
0.743908,0.66445,0.645735,0.717931,0.607341,0.704403,1,0.666683,0.668155,0.694008,0.708847,0.647575,0.679866,0.869504,0.692231,0.689832,0.706838,0.771911,0.769117,0.68558,0.834096,0.85407,0.882718,0.567508,0.884301,0.849017,0.800673,0.863242,0.805386,0.782482,0.612158,0.5899815,0.78532,0.693883,0.803035,0.785384,0.853803,0.834179,0.703399,0.828993,0.807138,0.740384,0.881584,0.742954,0.812644,0.715693,0.711199,0.744914,0.853461,0.897981,0.717993,0.673994,0.747905,0.680734,0.700908,0.732837,0.641866,0.646389,0.715029,0.700998,0.77725,0.674656,0.6643087,0.73749,0.758674,0.626546,0.680455,0.739272,0.869026,0.655109,0.658128,0.70946,0.6124071,0.611367,0.859714,0.836145,0.826168,0.56741,0.776774,0.67099,0.6916551,0.764165,0.698991,0.817653,0.6727218,0.732003,0.811151,0.666001,0.710656,0.78029,0.66792,0.688042,0.793991,0.82053,0.644031,0.731856,0.783209,0.816775,0.658784,0.758949
0.736937,0.888503,0.763749,0.781284,0.800603,0.710138,0.666683,1,0.807811,0.667935,0.734998,0.62499,0.5739509,0.672166,0.700355,0.741832,0.804952,0.695291,0.6448009,0.717606,0.635835,0.61535,0.667508,0.631862,0.655247,0.700782,0.755574,0.574671,0.526509,0.783933,0.76239,0.772803,0.78592,0.512927,0.754751,0.69503,0.720711,0.795222,0.702541,0.628098,0.613401,0.759365,0.542818,0.791343,0.739553,0.752994,0.602166,0.77843,0.709152,0.692169,0.608398,0.824369,0.68529,0.788243,0.788066,0.811776,0.871184,0.800693,0.697128,0.684936,0.61714,0.721757,0.836034,0.859682,0.681852,0.685743,0.5257373,0.547089,0.654514,0.86983,0.73277,0.606852,0.795923,0.780958,0.678418,0.757839,0.5146416,0.752724,0.6437158,0.723483,0.729033,0.742353,0.7604592,0.772657,0.682559,0.648117,0.679764,0.672229,0.772522,0.826864,0.675226,0.815234,0.6760992,0.712242,0.700589,0.793149,0.592976,0.597048,0.612961,0.629054
0.885532,0.787304,0.843575,0.647017,0.806322,0.670169,0.668155,0.807811,1,0.720313,0.6389868,0.713459,0.839463,0.5899996,0.69663,0.621907,0.712507,0.521281,0.5956935,0.770931,0.673416,0.691263,0.6914,0.730263,0.583694,0.666581,0.6597099,0.679404,0.504106,0.599426,0.705253,0.86995,0.647179,0.671048,0.724525,0.702379,0.597043,0.6074019,0.653197,0.693256,0.704149,0.701583,0.704438,0.750325,0.707949,0.704548,0.742522,0.693067,0.7763,0.674541,0.687956,0.891225,0.730362,0.664521,0.813787,0.902531,0.757975,0.958688,0.801277,0.697383,0.67172,0.724397,0.732668,0.738269,0.6001,0.633309,0.714819,0.634935,0.578679,0.555029,0.68126,0.63012,0.644285,0.75651,0.653065,0.70029,0.649188,0.697326,0.588259,0.864639,0.729783,0.706056,0.640694,0.723569,0.585812,0.713173,0.726275,0.674543,0.5720084,0.80958,0.741289,0.806182,0.690776,0.64741,0.617001,0.709117,0.640709,0.607657,0.782457,0.686539
0.569581,0.809989,0.512805,0.659641,0.691065,0.508699,0.694008,0.667935,0.720313,1,0.674963,0.687756,0.684661,0.768654,0.579384,0.691221,0.646724,0.735444,0.720021,0.63522,0.711281,0.6626,0.712029,0.653573,0.715211,0.711617,0.811065,0.661469,0.664057,0.7043207,0.653422,0.6625505,0.646943,0.695797,0.702747,0.587621,0.695085,0.653537,0.796883,0.776424,0.73088,0.702518,0.667548,0.776338,0.824032,0.655466,0.633984,0.832448,0.762833,0.747321,0.660367,0.701075,0.617398,0.697307,0.502144,0.522602,0.769865,0.710917,0.843682,0.774437,0.889358,0.892241,0.668448,0.76604,0.674848,0.689594,0.595833,0.588481,0.696014,0.634312,0.52895,0.714068,0.651817,0.701431,0.694642,0.821798,0.766244,0.694719,0.800378,0.553582,0.729711,0.630199,0.648967,0.699561,0.503308,0.764737,0.690799,0.515865,0.667203,0.758524,0.656717,0.902308,0.80488,0.676902,0.655602,0.729102,0.775345,0.562435,0.656492,0.577245
0.640426,0.624561,0.5710222,0.73308,0.633452,0.717058,0.708847,0.734998,0.6389868,0.674963,1,0.635323,0.736969,0.719019,0.874407,0.735881,0.59802,0.710034,0.733699,0.645126,0.862793,0.67053,0.704374,0.726751,0.673626,0.740367,0.711483,0.5744289,0.720955,0.843713,0.72626,0.5620217,0.808282,0.5537421,0.731045,0.639332,0.688117,0.763612,0.753124,0.783513,0.734686,0.834871,0.606853,0.719157,0.689505,0.831818,0.761088,0.737041,0.741124,0.675872,0.632201,0.608447,0.692182,0.734413,0.604512,0.6441495,0.678439,0.743163,0.4541468,0.685851,0.6075659,0.6158074,0.829485,0.855254,0.790424,0.820153,0.655561,0.6138626,0.655366,0.815481,0.830942,0.667664,0.698414,0.595498,0.7021905,0.659116,0.7078973,0.789763,0.6994251,0.713638,0.7855895,0.771937,0.870655,0.701094,0.797405,0.795912,0.65322,0.775403,0.66078,0.6353683,0.675934,0.63702,0.680387,0.799327,0.701354,0.755977,0.742703,0.699144,0.672462,0.692696
0.720474,0.752905,0.659432,0.641652,0.637748,0.6142967,0.647575,0.62499,0.713459,0.687756,0.635323,1,0.768537,0.737068,0.730845,0.811054,0.622769,0.571336,0.813088,0.63425,0.695715,0.727406,0.758607,0.758704,0.763823,0.746913,0.756318,0.831714,0.730385,0.544509,0.573067,0.688282,0.664202,0.797725,0.565061,0.687677,0.785498,0.72921,0.634456,0.651655,0.815867,0.729378,0.70433,0.859237,0.801288,0.782606,0.74991,0.715136,0.769385,0.769249,0.707913,0.692871,0.776194,0.597068,0.748852,0.6810496,0.563909,0.764953,0.713091,0.857321,0.73738,0.758972,0.62242,0.730539,0.707715,0.711703,0.639034,0.63822,0.686988,0.4923505,0.678419,0.725998,0.646435,0.67418,0.644166,0.673789,0.732466,0.625673,0.695368,0.566576,0.719202,0.566191,0.68037,0.709749,0.773386,0.68429,0.83085,0.521322,0.579553,0.705952,0.606145,0.621485,0.556353,0.692983,0.659094,0.798236,0.625795,0.741193,0.750133,0.662812
0.783033,0.633405,0.702375,0.595432,0.676352,0.667218,0.679866,0.5739509,0.839463,0.684661,0.736969,0.768537,1,0.724806,0.864272,0.691104,0.521018,0.661407,0.69991,0.71451,0.808657,0.7424332,0.648084,0.796821,0.566803,0.753975,0.652725,0.6965148,0.744744,0.678162,0.653508,0.699371,0.728159,0.764339,0.630072,0.7433506,0.5746811,0.5969823,0.65839,0.758629,0.734209,0.831765,0.760523,0.699073,0.697326,0.750919,0.776482,0.730389,0.745744,0.700173,0.703861,0.755133,0.647435,0.612919,0.663363,0.774955,0.706441,0.837237,0.669065,0.667873,0.724433,0.774505,0.699912,0.796795,0.791564,0.78552,0.730194,0.694029,0.532476,0.588317,0.780436,0.625746,0.548334,0.603012,0.623155,0.613044,0.726921,0.746682,0.619136,0.778675,0.753942,0.64408909,0.647286,0.550185,0.605115,0.674841,0.713334,0.829384,0.5471111,0.711424,0.823056,0.621413,0.63697,0.702681,0.598621,0.612751,0.639896,0.5951219,0.822788,0.7264
0.6454055,0.709623,0.55437,0.655293,0.568672,0.767196,0.869504,0.672166,0.5899996,0.768654,0.719019,0.737068,0.724806,1,0.70656,0.825252,0.693032,0.893858,0.945786,0.677423,0.87986,0.859741,0.901707,0.722516,0.847759,0.897032,0.818549,0.845669,0.864504,0.866433,0.599167,0.531357,0.723983,0.808069,0.648037,0.65669,0.83212,0.745881,0.804322,0.788741,0.861369,0.839455,0.808469,0.783733,0.794594,0.781023,0.737196,0.855145,0.814661,0.80287,0.725786,0.705534,0.753828,0.650207,0.634801,0.608325,0.762443,0.644804,0.703617,0.810595,0.862451,0.833876,0.706575,0.84711,0.919685,0.767088,0.583016,0.773307,0.901614,0.809363,0.713917,0.826902,0.759541,0.58383,0.834899,0.765621,0.808366,0.575748,0.828674,0.625195,0.718557,0.794733,0.71824,0.697277,0.5932778,0.724542,0.704826,0.684229,0.720374,0.72858,0.729321,0.706368,0.79501,0.853776,0.760988,0.705725,0.744214,0.800557,0.6077581,0.591206
0.715056,0.598802,0.72309,0.601676,0.569602,0.790854,0.692231,0.700355,0.69663,0.579384,0.874407,0.730845,0.864272,0.70656,1,0.778237,0.542526,0.699407,0.686011,0.6584,0.891372,0.705056,0.5827098,0.659652,0.6522621,0.737431,0.572156,0.617322,0.755349,0.745287,0.72498,0.601927,0.878797,0.5840338,0.647996,0.725546,0.655796,0.708181,0.56179,0.639742,0.711242,0.898103,0.670348,0.701125,0.605346,0.857118,0.781997,0.720065,0.726503,0.68811,0.730254,0.647114,0.6787,0.576036,0.721525,0.801514,0.717466,0.769576,0.446613,0.643685,0.573928,0.606162,0.79055,0.867878,0.83804,0.830237,0.710035,0.706253,0.558615,0.722804,0.862793,0.586397,0.597631,0.542304,0.699815,0.5404981,0.668267,0.75622,0.657827,0.767511,0.848347,0.755189,0.759488,0.633451,0.743822,0.686869,0.699976,0.863356,0.580088,0.698187,0.769797,0.542228,0.567597,0.719331,0.646759,0.685929,0.664327,0.632425,0.742827,0.738979
0.6591811,0.769413,0.672959,0.662589,0.558405,0.726139,0.689832,0.741832,0.621907,0.691221,0.735881,0.811054,0.691104,0.825252,0.778237,1,0.5063172,0.759294,0.822451,0.529318,0.759352,0.686205,0.662273,0.733841,0.691833,0.85531,0.839747,0.629606,0.71444,0.704712,0.687278,0.690945,0.803684,0.71209,0.647254,0.559653,0.669517,0.739504,0.63883,0.630517,0.774209,0.832205,0.6052238,0.872098,0.775159,0.919623,0.697848,0.906326,0.668865,0.71193,0.846077,0.697473,0.768209,0.611791,0.618127,0.673509,0.756719,0.648935,0.579445,0.836011,0.764541,0.753045,0.691171,0.869684,0.850019,0.819057,0.599328,0.6430769,0.674924,0.693292,0.702877,0.689205,0.688976,0.647299,0.715193,0.711055,0.671425,0.760607,0.684829,0.640638,0.751979,0.82326,0.724764,0.6442793,0.777403,0.763272,0.717946,0.714404,0.5329449,0.782338,0.725572,0.691466,0.618486,0.748711,0.648566,0.811632,0.711078,0.780235,0.60502,0.58262
0.698067,0.753648,0.730146,0.760321,0.830267,0.669991,0.706838,0.804952,0.712507,0.646724,0.59802,0.622769,0.521018,0.693032,0.542526,0.5063172,1,0.790186,0.681,0.906813,0.552794,0.596525,0.770021,0.638313,0.812558,0.559013,0.608953,0.761679,0.711675,0.789293,0.675606,0.687214,0.660863,0.740832,0.696014,0.820434,0.859216,0.789531,0.734246,0.62807,0.548571,0.546932,0.677969,0.657315,0.687047,0.4619066,0.481771,0.567951,0.753129,0.721075,0.489551,0.670569,0.5363496,0.793773,0.826373,0.71575,0.69098,0.687614,0.87373,0.750111,0.742996,0.737641,0.781426,0.619801,0.620369,0.5024935,0.689905,0.683144,0.831423,0.774543,0.606758,0.796018,0.722001,0.809504,0.784319,0.61919,0.700563,0.5925693,0.715521,0.642592,0.526625,0.620386,0.640415,0.771123,0.686577,0.645904,0.65502,0.657575,0.937517,0.62082,0.718682,0.632398,0.764202,0.57543,0.778459,0.675139,0.717875,0.603051,0.699363,0.728682
0.526167,0.5791212,0.673876,0.76857,0.646871,0.812665,0.771911,0.695291,0.521281,0.735444,0.710034,0.571336,0.661407,0.893858,0.699407,0.759294,0.790186,1,0.82958,0.780378,0.790034,0.730154,0.824591,0.667768,0.855455,0.757533,0.6296024,0.784135,0.868448,0.927033,0.657534,0.497572,0.774466,0.796881,0.721381,0.744213,0.82005,0.790974,0.788333,0.740806,0.68958,0.789602,0.783449,0.658089,0.666736,0.676138,0.5426014,0.777569,0.749366,0.695297,0.728423,0.5109985,0.566394,0.761392,0.625504,0.638732,0.742768,0.522602,0.680112,0.727474,0.828511,0.746241,0.771435,0.771237,0.913349,0.774671,0.631418,0.802988,0.87249,0.880624,0.668394,0.820514,0.804797,0.536782,0.878678,0.662722,0.80043,0.706319,0.840419,0.627624,0.637183,0.811999,0.760043,0.716441,0.568341,0.626298,0.602727,0.742264,0.83953,0.6084838,0.832461,0.606014,0.782482,0.713379,0.850871,0.603835,0.802714,0.661257,0.568592,0.582065
0.724005,0.737592,0.543145,0.610267,0.5421153,0.764427,0.769117,0.6448009,0.5956935,0.720021,0.733699,0.813088,0.69991,0.945786,0.686011,0.822451,0.681,0.82958,1,0.681611,0.793489,0.766346,0.843563,0.797893,0.831002,0.783076,0.832581,0.82835,0.76821,0.76535,0.496779,0.575553,0.704236,0.823216,0.691366,0.59809,0.838755,0.692021,0.781642,0.686189,0.835662,0.8098969,0.740826,0.778432,0.809108,0.764138,0.710711,0.7831743,0.824189,0.781851,0.730732,0.722177,0.741079,0.589366,0.666902,0.634057,0.692036,0.645829,0.682867,0.882417,0.812049,0.816232,0.665347,0.798937,0.84755,0.819908,0.571528,0.74728,0.889294,0.710158,0.5991617,0.866677,0.763513,0.643363,0.776293,0.749049,0.773498,0.645773,0.814972,0.638437,0.760771,0.780715,0.71196,0.708525,0.660862,0.760961,0.6976882,0.616929,0.659534,0.746972,0.661406,0.673516,0.709848,0.821479,0.765162,0.7227597,0.731733,0.826107,0.682088,0.598869
0.70369,0.603544,0.768588,0.701683,0.786199,0.666901,0.68558,0.717606,0.770931,0.63522,0.645126,0.63425,0.71451,0.677423,0.6584,0.529318,0.906813,0.780378,0.681611,1,0.63392619,0.659345,0.691428,0.716006,0.745898,0.541837,0.542861,0.755917,0.719234,0.741151,0.649634,0.6054614,0.6586941,0.762994,0.705381,0.863586,0.792134,0.718403,0.682223,0.61239,0.549274,0.633688,0.738047,0.601419,0.651327,0.5289444,0.532952,0.5215362,0.804847,0.705452,0.585288,0.680798,0.558382,0.754463,0.779781,0.792144,0.692685,0.755338,0.772945,0.67296,0.647946,0.676338,0.773239,0.635014,0.668069,0.597988,0.75865,0.714773,0.710058,0.686971,0.660413,0.638629,0.650507,0.648474,0.8053,0.574707,0.680808,0.735433,0.709142,0.780775,0.5759223,0.67829,0.652086,0.583751,0.678631,0.5364833,0.627661,0.738768,0.865707,0.602132,0.842419,0.602178,0.72089,0.5395168,0.643679,0.583782,0.770509,0.581293,0.807917,0.747842
0.6205867,0.579778,0.648175,0.613535,0.522586,0.785957,0.834096,0.635835,0.673416,0.711281,0.862793,0.695715,0.808657,0.87986,0.891372,0.759352,0.552794,0.790034,0.793489,0.63392619,1,0.842335,0.783775,0.631174,0.711842,0.865878,0.675431,0.75181,0.875383,0.825749,0.702859,0.544918,0.764495,0.6649305,0.623232,0.664362,0.672575,0.701078,0.712423,0.779621,0.849426,0.84858,0.798131,0.689978,0.673247,0.845806,0.822678,0.774043,0.768985,0.739925,0.745329,0.66065,0.755088,0.593699,0.594531,0.690591,0.712311,0.746043,0.546327,0.6527268,0.712355,0.653244,0.746286,0.840299,0.880907,0.733285,0.676061,0.74447,0.735838,0.76511,0.8649,0.6825962,0.678517,0.4677848,0.814437,0.6397955,0.826021,0.640228,0.751243,0.722536,0.7861614,0.803087,0.721588,0.5782675,0.651999,0.73576,0.6408796,0.805946,0.629017,0.694455,0.779692,0.692664,0.723553,0.828298,0.677039,0.624713,0.725268,0.714244,0.64575,0.628196
0.713223,0.598308,0.692494,0.719652,0.660092,0.733804,0.85407,0.61535,0.691263,0.6626,0.67053,0.727406,0.7424332,0.859741,0.705056,0.686205,0.596525,0.730154,0.766346,0.659345,0.842335,1,0.865295,0.742376,0.769347,0.886909,0.737204,0.895225,0.768688,0.749947,0.63499,0.531724,0.679992,0.789228,0.66568,0.711865,0.70613,0.713329,0.760355,0.774946,0.922851,0.736589,0.922428,0.690723,0.700298,0.747443,0.860357,0.685515,0.767605,0.726387,0.66098,0.743899,0.811532,0.686317,0.711447,0.724845,0.660697,0.727317,0.647701,0.594442,0.695155,0.688621,0.731247,0.749957,0.834319,0.597178,0.5778,0.850926,0.767275,0.678657,0.797779,0.669133,0.60570751,0.485396,0.715591,0.755451,0.70189,0.489236,0.783044,0.674323,0.680545,0.704006,0.73166,0.673101,0.6547331,0.647667,0.701609,0.608913,0.543589,0.697123,0.7288,0.691126,0.783981,0.743165,0.602238,0.626395,0.568147,0.797316,0.652357,0.593293
0.768868,0.766493,0.685242,0.804826,0.71497,0.769374,0.882718,0.667508,0.6914,0.712029,0.704374,0.758607,0.648084,0.901707,0.5827098,0.662273,0.770021,0.824591,0.843563,0.691428,0.783775,0.865295,1,0.644817,0.873681,0.827026,0.783166,0.859076,0.817643,0.866951,0.5783144,0.666036,0.673707,0.72057,0.6802494,0.736879,0.848847,0.869249,0.83589,0.877253,0.860672,0.705415,0.822916,0.758024,0.769064,0.655149,0.766422,0.722226,0.85074,0.819148,0.6187801,0.686835,0.833903,0.794597,0.734645,0.673853,0.589094,0.666001,0.733829,0.805022,0.809415,0.756698,0.725517,0.719286,0.803498,0.681166,0.56353,0.733603,0.904096,0.771568,0.686064,0.861287,0.78195,0.693353,0.827403,0.765927,0.81559,0.5330709,0.758511,0.5648649,0.720622,0.688277,0.750342,0.845721,0.682066,0.803034,0.690387,0.575713,0.753307,0.791348,0.651573,0.698534,0.839337,0.803936,0.800711,0.687659,0.646949,0.832,0.605756,0.624292
0.68979,0.720015,0.681802,0.697233,0.761318,0.64156,0.567508,0.631862,0.730263,0.653573,0.726751,0.758704,0.796821,0.722516,0.659652,0.733841,0.638313,0.667768,0.797893,0.716006,0.631174,0.742376,0.644817,1,0.661118,0.754355,0.75593,0.768323,0.642684,0.629681,0.736319,0.6273111,0.580088,0.887419,0.677173,0.654331,0.684278,0.639664,0.77077,0.68774,0.742149,0.6597845,0.752314,0.804164,0.80514,0.729712,0.657804,0.695391,0.756119,0.726101,0.553393,0.773942,0.546186,0.710385,0.72793,0.613831,0.613706,0.785643,0.7020035,0.742823,0.688031,0.749151,0.656942,0.69751,0.745694,0.736841,0.732895,0.81407,0.6885,0.588492,0.717223,0.713905,0.599617,0.6835727,0.650545,0.694183,0.677449,0.721367,0.747849,0.65916,0.625435,0.598213,0.715158,0.571159,0.727722,0.601712,0.730292,0.679134,0.5829039,0.618896,0.755621,0.670721,0.650214,0.651336,0.601284,0.788309,0.67629,0.624428,0.820431,0.772677
0.685639,0.679476,0.651743,0.762338,0.676163,0.781447,0.884301,0.655247,0.583694,0.715211,0.673626,0.763823,0.566803,0.847759,0.6522621,0.691833,0.812558,0.855455,0.831002,0.745898,0.711842,0.769347,0.873681,0.661118,1,0.731198,0.757806,0.884202,0.859814,0.795492,0.4994341,0.568763,0.783127,0.787255,0.755705,0.824911,0.939908,0.880518,0.761913,0.743373,0.795719,0.742009,0.816295,0.732854,0.807742,0.632473,0.6623343,0.658472,0.8069396,0.867071,0.659196,0.629226,0.686528,0.688758,0.751987,0.675348,0.59046,0.5792137,0.793576,0.830653,0.806282,0.708338,0.764935,0.702691,0.756432,0.654158,0.737965,0.739281,0.905233,0.789572,0.61292,0.8589,0.713574,0.675254,0.845338,0.782625,0.845175,0.5533456,0.784491,0.594305,0.619812,0.6833665,0.727359,0.87437,0.734697,0.761188,0.819238,0.657008,0.837682,0.66277,0.677918,0.638645,0.751115,0.729807,0.861845,0.751559,0.796483,0.811836,0.763688,0.766683
0.665876,0.693393,0.590622,0.714083,0.612335,0.6861654,0.849017,0.700782,0.666581,0.711617,0.740367,0.746913,0.753975,0.897032,0.737431,0.85531,0.559013,0.757533,0.783076,0.541837,0.865878,0.886909,0.827026,0.754355,0.731198,1,0.847339,0.785711,0.834527,0.781354,0.657208,0.566957,0.73479,0.735885,0.645907,0.622108,0.719868,0.731709,0.790734,0.852063,0.925326,0.773694,0.792721,0.866782,0.787836,0.912677,0.819336,0.882059,0.759869,0.776174,0.733581,0.683326,0.777769,0.673501,0.603943,0.639895,0.737397,0.714689,0.636712,0.731732,0.766768,0.738854,0.689017,0.846238,0.880781,0.727881,0.596807,0.730123,0.810283,0.739912,0.775408,0.758232,0.656653,0.569302,0.746563,0.77481,0.818961,0.5819643,0.749745,0.607304,0.666074,0.763139,0.736658,0.683462,0.675377,0.6956386,0.711134,0.704917,0.592942,0.7049382,0.67232,0.739859,0.73118,0.844135,0.665481,0.772548,0.697463,0.742943,0.607314,0.609142
0.7017667,0.848142,0.600975,0.74861,0.684742,0.601322,0.800673,0.755574,0.6597099,0.811065,0.711483,0.756318,0.652725,0.818549,0.572156,0.839747,0.608953,0.6296024,0.832581,0.542861,0.675431,0.737204,0.783166,0.75593,0.757806,0.847339,1,0.739914,0.626593,0.6596825,0.5530101,0.698065,0.719597,0.690025,0.851325,0.638576,0.751874,0.787913,0.764017,0.820592,0.816024,0.722461,0.724028,0.904393,0.946058,0.853901,0.669942,0.882276,0.794383,0.882526,0.711529,0.747852,0.772,0.747233,0.583051,0.631552,0.710014,0.667574,0.737127,0.806383,0.843168,0.816253,0.689652,0.7636814,0.688718,0.7058538,0.593589,0.576737,0.772209,0.608061,0.610856,0.6915599,0.662541,0.724808,0.669181,0.947722,0.720149,0.60583,0.722366,0.613243,0.686725,0.746044,0.7295511,0.769605,0.687542,0.736108,0.807837,0.560297,0.59169,0.844011,0.536895,0.856677,0.744553,0.8262991,0.5674443,0.855209,0.699605,0.778365,0.664631,0.700802
0.744539,0.646383,0.71187,0.703546,0.660495,0.770536,0.863242,0.574671,0.679404,0.661469,0.5744289,0.831714,0.6965148,0.845669,0.617322,0.629606,0.761679,0.784135,0.82835,0.755917,0.75181,0.895225,0.859076,0.768323,0.884202,0.785711,0.739914,1,0.818198,0.68908,0.537899,0.563229,0.681219,0.90471,0.735116,0.810909,0.872489,0.754583,0.706362,0.693379,0.8452,0.6483573,0.944374,0.7421407,0.80388,0.62964,0.716516,0.60769,0.839374,0.829563,0.602971,0.70003,0.71346,0.647018,0.804324,0.736881,0.543685,0.7015063,0.779493,0.780553,0.753051,0.707119,0.686922,0.6496818,0.7957,0.576713,0.673831,0.905811,0.857628,0.57465,0.62734,0.787603,0.5847277,0.579807,0.810211,0.762972,0.775464,0.430752,0.796046,0.631237,0.616643,0.608209,0.6319527,0.77338,0.676687,0.629605,0.850137,0.610587,0.679964,0.643082,0.718002,0.631292,0.689433,0.671807,0.710647,0.725855,0.6744357,0.724296,0.739484,0.734391
0.5369784,0.613047,0.616117,0.747748,0.673004,0.78109,0.805386,0.526509,0.504106,0.664057,0.720955,0.730385,0.744744,0.864504,0.755349,0.71444,0.711675,0.868448,0.76821,0.719234,0.875383,0.768688,0.817643,0.642684,0.859814,0.834527,0.626593,0.818198,1,0.816409,0.562454,0.586093,0.754004,0.777735,0.654147,0.815219,0.836796,0.832083,0.758797,0.826126,0.813351,0.72869,0.767876,0.646235,0.718374,0.727414,0.759482,0.704931,0.723683,0.808845,0.758998,0.549264,0.705372,0.693471,0.647246,0.550822,0.618748,0.5075504,0.695875,0.73812,0.781347,0.687281,0.6237,0.678082,0.877464,0.745836,0.781705,0.744575,0.813562,0.801949,0.762038,0.847683,0.766682,0.640573,0.79228,0.574126,0.936149,0.562833,0.700919,0.614411,0.660302,0.737433,0.683204,0.730345,0.702715,0.720178,0.737113,0.798713,0.804629,0.573358,0.737985,0.52221,0.63366,0.788855,0.876191,0.622671,0.780415,0.711896,0.70685,0.760619
0.5938036,0.601506,0.694535,0.756349,0.663161,0.806381,0.782482,0.783933,0.599426,0.7043207,0.843713,0.544509,0.678162,0.866433,0.745287,0.704712,0.789293,0.927033,0.76535,0.741151,0.825749,0.749947,0.866951,0.629681,0.795492,0.781354,0.6596825,0.68908,0.816409,1,0.752835,0.576112,0.750783,0.665107,0.680404,0.742603,0.737081,0.829327,0.800284,0.797722,0.6822042,0.795163,0.737421,0.671832,0.624775,0.719692,0.598185,0.788707,0.719464,0.656542,0.5793167,0.536245,0.624613,0.7817,0.637251,0.667719,0.748752,0.612882,0.628826,0.648799,0.755757,0.705084,0.7809386,0.81634,0.887653,0.722051,0.542313,0.701587,0.805667,0.940066,0.796668,0.753306,0.851001,0.616271,0.841249,0.6412224,0.747281,0.741456,0.773011,0.595862,0.6421008,0.745119,0.840792,0.73236,0.665115,0.6647153,0.539375,0.756311,0.837506,0.621847,0.809118,0.672041,0.863393,0.777782,0.805497,0.6467969,0.684943,0.655273,0.53997,0.600868
0.661162,0.6499154,0.801936,0.63804,0.701084,0.678837,0.612158,0.76239,0.705253,0.653422,0.72626,0.573067,0.653508,0.599167,0.72498,0.687278,0.675606,0.657534,0.496779,0.649634,0.702859,0.63499,0.5783144,0.736319,0.4994341,0.657208,0.5530101,0.537899,0.562454,0.752835,1,0.790777,0.637563,0.671561,0.536119,0.635259,0.531021,0.622468,0.668117,0.543074,0.553333,0.657286,0.648331,0.677589,0.5322957,0.692348,0.4801398,0.647116,0.513114,0.467253,0.5504981,0.6168213,0.562978,0.687549,0.762935,0.700836,0.712708,0.767215,0.628618,0.578083,0.578772,0.622099,0.658351,0.706652,0.708586,0.602757,0.602467,0.727544,0.603315,0.731399,0.840965,0.50225831,0.699437,0.736336,0.699387,0.5759418,0.5243701,0.818667,0.7387085,0.6147338,0.640856,0.561835,0.711583,0.600366,0.699503,0.589772,0.590814,0.793135,0.601043,0.573564,0.830078,0.730145,0.766415,0.5455199,0.530921,0.712682,0.5998932,0.563721,0.5020352,0.5944365
0.855647,0.831617,0.816647,0.653624,0.787925,0.636944,0.5899815,0.772803,0.86995,0.6625505,0.5620217,0.688282,0.699371,0.531357,0.601927,0.690945,0.687214,0.497572,0.575553,0.6054614,0.544918,0.531724,0.666036,0.6273111,0.568763,0.566957,0.698065,0.563229,0.586093,0.576112,0.790777,1,0.592699,0.6077274,0.691517,0.715094,0.616626,0.665976,0.589777,0.710709,0.581743,0.588679,0.593108,0.71173,0.716026,0.577874,0.625405,0.64804,0.5750094,0.680832,0.763243,0.831234,0.714999,0.691951,0.79253,0.79112,0.704567,0.767336,0.805026,0.696292,0.712797,0.724874,0.558552,0.593767,0.525567,0.678585,0.746682,0.522093,0.591056,0.619739,0.641601,0.664924,0.715281,0.902699,0.559883,0.692669,0.672531,0.769376,0.5523017,0.762942,0.684592,0.634101,0.659507,0.785053,0.697896,0.736941,0.728816,0.5986461,0.674215,0.793444,0.713855,0.771744,0.6814,0.564918,0.667079,0.72979,0.642988,0.642837,0.701124,0.752619
0.676465,0.6880633,0.669568,0.81796,0.710024,0.714915,0.78532,0.78592,0.647179,0.646943,0.808282,0.664202,0.728159,0.723983,0.878797,0.803684,0.660863,0.774466,0.704236,0.6586941,0.764495,0.679992,0.673707,0.580088,0.783127,0.73479,0.719597,0.681219,0.754004,0.750783,0.637563,0.592699,1,0.5388734,0.822978,0.75973,0.778843,0.861539,0.69086,0.727926,0.721857,0.903809,0.665204,0.693311,0.733939,0.83625,0.743063,0.776046,0.802826,0.829753,0.799909,0.6756,0.725263,0.7683,0.697375,0.748777,0.799,0.672086,0.603949,0.6159286,0.653019,0.685085,0.857545,0.897553,0.779757,0.858255,0.697178,0.632954,0.66389,0.804987,0.71506,0.647334,0.6606543,0.561625,0.748228,0.737093,0.722845,0.733611,0.731084,0.771748,0.867039,0.83963,0.742947,0.736456,0.709701,0.718015,0.723663,0.81361,0.709487,0.820555,0.68763,0.650341,0.655599,0.794461,0.737107,0.670521,0.716253,0.703159,0.706567,0.722711
0.670746,0.602174,0.664079,0.616672,0.645956,0.716027,0.693883,0.512927,0.671048,0.695797,0.5537421,0.797725,0.764339,0.808069,0.5840338,0.71209,0.740832,0.796881,0.823216,0.762994,0.6649305,0.789228,0.72057,0.887419,0.787255,0.735885,0.690025,0.90471,0.777735,0.665107,0.671561,0.6077274,0.5388734,1,0.613086,0.753145,0.784507,0.593151,0.710733,0.607412,0.759081,0.662979,0.851566,0.737295,0.734221,0.636327,0.61884,0.681335,0.6886421,0.683455,0.636292,0.694269,0.5544391,0.5896696,0.741643,0.6093,0.606212,0.746954,0.821646,0.801197,0.785896,0.780592,0.599716,0.650623,0.799999,0.668276,0.771432,0.915118,0.803921,0.583093,0.633564,0.780076,0.596082,0.6137091,0.725072,0.662585,0.738353,0.638593,0.779313,0.624064,0.5271732,0.642781,0.624068,0.656775,0.639877,0.591736,0.778117,0.698634,0.683873,0.508577,0.822358,0.647713,0.647918,0.634727,0.701732,0.711524,0.735596,0.671824,0.7603,0.722455
0.720663,0.793248,0.69069,0.851567,0.761274,0.725874,0.803035,0.754751,0.724525,0.702747,0.731045,0.565061,0.630072,0.648037,0.647996,0.647254,0.696014,0.721381,0.691366,0.705381,0.623232,0.66568,0.6802494,0.677173,0.755705,0.645907,0.851325,0.735116,0.654147,0.680404,0.536119,0.691517,0.822978,0.613086,1,0.744043,0.744884,0.786945,0.716876,0.795289,0.6711536,0.7043543,0.757209,0.736007,0.885794,0.688405,0.704252,0.62047,0.855683,0.859873,0.783801,0.742473,0.70562,0.8139,0.641892,0.751287,0.697888,0.670359,0.689398,0.632581,0.700373,0.6037624,0.784809,0.697628,0.5952192,0.715032,0.663704,0.636051,0.68906,0.685788,0.551011,0.687992,0.760316,0.70239,0.7432,0.919671,0.745582,0.611224,0.723216,0.803412,0.783356,0.801713,0.714123,0.811341,0.6038524,0.732698,0.793642,0.657398,0.708094,0.842593,0.631615,0.769892,0.705796,0.789717,0.756939,0.766889,0.715403,0.668917,0.707925,0.730027
0.73377,0.645942,0.751887,0.776875,0.840166,0.702929,0.785384,0.69503,0.702379,0.587621,0.639332,0.687677,0.7433506,0.65669,0.725546,0.559653,0.820434,0.744213,0.59809,0.863586,0.664362,0.711865,0.736879,0.654331,0.824911,0.622108,0.638576,0.810909,0.815219,0.742603,0.635259,0.715094,0.75973,0.753145,0.744043,1,0.800232,0.857082,0.680594,0.727878,0.650806,0.660126,0.784957,0.623623,0.740997,0.645245,0.625606,0.538085,0.747932,0.82177,0.568443,0.70608,0.594445,0.761179,0.805089,0.805803,0.607756,0.687225,0.814362,0.615096,0.67364,0.628542,0.680768,0.646247,0.681556,0.601972,0.799632,0.700592,0.682069,0.710132,0.767503,0.655608,0.645369,0.677769,0.714025,0.656511,0.768159,0.642423,0.603389,0.724166,0.534725,0.599535,0.682876,0.75016,0.6807998,0.591917,0.767457,0.829076,0.832331,0.59928,0.790294,0.540443,0.659033,0.630103,0.739675,0.632682,0.653209,0.587588,0.886186,0.881702
0.694741,0.779828,0.636631,0.80816,0.71764,0.66489,0.853803,0.720711,0.597043,0.695085,0.688117,0.785498,0.5746811,0.83212,0.655796,0.669517,0.859216,0.82005,0.838755,0.792134,0.672575,0.70613,0.848847,0.684278,0.939908,0.719868,0.751874,0.872489,0.836796,0.737081,0.531021,0.616626,0.778843,0.784507,0.744884,0.800232,1,0.89264,0.746181,0.735171,0.723763,0.69014,0.748255,0.796367,0.844214,0.5879134,0.596131,0.661629,0.854071,0.895819,0.630649,0.630943,0.6472814,0.747417,0.807372,0.651147,0.584949,0.634086,0.789166,0.86692,0.770039,0.718103,0.812858,0.73059,0.731377,0.677046,0.750265,0.724854,0.921592,0.746351,0.600387,0.854229,0.73151,0.755392,0.847276,0.751399,0.854311,0.528402,0.827706,0.562867,0.6217134,0.6655274,0.771467,0.861503,0.838894,0.696297,0.841753,0.607606,0.846294,0.6590124,0.624122,0.612659,0.678553,0.707997,0.824485,0.83431,0.824022,0.777875,0.7354,0.808869
0.668064,0.837367,0.689518,0.907525,0.826661,0.704933,0.834179,0.795222,0.6074019,0.653537,0.763612,0.72921,0.5969823,0.745881,0.708181,0.739504,0.789531,0.790974,0.692021,0.718403,0.701078,0.713329,0.869249,0.639664,0.880518,0.731709,0.787913,0.754583,0.832083,0.829327,0.622468,0.665976,0.861539,0.593151,0.786945,0.857082,0.89264,1,0.81662,0.850855,0.738612,0.728963,0.685346,0.795089,0.853092,0.7752,0.664795,0.697242,0.80926,0.916251,0.585588,0.704439,0.699403,0.873573,0.775911,0.669632,0.619291,0.600904,0.728234,0.748442,0.715854,0.652727,0.768129,0.790957,0.739714,0.710096,0.670241,0.618355,0.801554,0.829864,0.724142,0.784998,0.748613,0.7542,0.76363,0.753631,0.845772,0.639996,0.703978,0.564906,0.666225,0.670317,0.830531,0.843608,0.7738903,0.726862,0.755616,0.690417,0.833058,0.772628,0.647891,0.624756,0.743329,0.750911,0.820014,0.772146,0.698887,0.714053,0.749343,0.795082
0.618797,0.797509,0.577989,0.853498,0.837623,0.613785,0.703399,0.702541,0.653197,0.796883,0.753124,0.634456,0.65839,0.804322,0.56179,0.63883,0.734246,0.788333,0.781642,0.682223,0.712423,0.760355,0.83589,0.77077,0.761913,0.790734,0.764017,0.706362,0.758797,0.800284,0.668117,0.589777,0.69086,0.710733,0.716876,0.680594,0.746181,0.81662,1,0.86959,0.837473,0.659229,0.684327,0.693905,0.754423,0.688603,0.740471,0.754856,0.7561054,0.764765,0.5246277,0.764935,0.640841,0.890915,0.681109,0.5107377,0.720708,0.662041,0.762855,0.709155,0.78408,0.817812,0.643697,0.716826,0.732028,0.7611,0.591462,0.672365,0.817181,0.784492,0.652675,0.829186,0.749981,0.717104,0.6919154,0.745697,0.812894,0.7099,0.812364,0.617999,0.740463,0.5970291,0.69994,0.700173,0.54456,0.727138,0.587812,0.594173,0.770557,0.745162,0.631795,0.785476,0.86359,0.80779,0.7455583,0.643182,0.751174,0.702422,0.690772,0.63119
0.708553,0.770231,0.618249,0.859863,0.755659,0.660008,0.828993,0.628098,0.693256,0.776424,0.783513,0.651655,0.758629,0.788741,0.639742,0.630517,0.62807,0.740806,0.686189,0.61239,0.779621,0.774946,0.877253,0.68774,0.743373,0.852063,0.820592,0.693379,0.826126,0.797722,0.543074,0.710709,0.727926,0.607412,0.795289,0.727878,0.735171,0.850855,0.86959,1,0.849444,0.697916,0.709826,0.6946659,0.823336,0.726956,0.821342,0.739984,0.795055,0.859192,0.759447,0.706174,0.792759,0.856629,0.606756,0.5656607,0.65544,0.643008,0.698536,0.677917,0.806062,0.745531,0.667096,0.709466,0.747275,0.759394,0.694684,0.5762839,0.773699,0.7374941,0.671522,0.812153,0.73526,0.727622,0.6639443,0.81096,0.898566,0.6097605,0.6544494,0.66936,0.766064,0.731174,0.760834,0.798265,0.677093,0.814532,0.713078,0.658596,0.717872,0.822279,0.594552,0.734225,0.740751,0.838997,0.764502,0.676014,0.740914,0.74047596,0.652589,0.724433
0.717861,0.665974,0.5588409,0.75452,0.682254,0.6692327,0.807138,0.613401,0.704149,0.73088,0.734686,0.815867,0.734209,0.861369,0.711242,0.774209,0.548571,0.68958,0.835662,0.549274,0.849426,0.922851,0.860672,0.742149,0.795719,0.925326,0.816024,0.8452,0.813351,0.6822042,0.553333,0.581743,0.721857,0.759081,0.6711536,0.650806,0.723763,0.738612,0.837473,0.849444,1,0.748022,0.809388,0.780045,0.740674,0.854031,0.9346,0.793652,0.801833,0.785044,0.712945,0.7357514,0.860266,0.701904,0.655967,0.658026,0.68493,0.739844,0.69524,0.743206,0.759274,0.753618,0.654789,0.742986,0.784451,0.721843,0.600815,0.727444,0.800555,0.679383,0.721375,0.782525,0.645533,0.56843,0.667744,0.78827,0.827838,0.5216224,0.747605,0.692957,0.750702,0.756011,0.670955,0.748738,0.5718967,0.742524,0.732344,0.607591,0.554667,0.727139,0.581931,0.730954,0.72177,0.882831,0.688114,0.669906,0.661327,0.8489,0.6615803,0.625098
0.688039,0.740526,0.658682,0.6128057,0.569844,0.763753,0.740384,0.759365,0.701583,0.702518,0.834871,0.729378,0.831765,0.839455,0.898103,0.832205,0.546932,0.789602,0.8098969,0.633688,0.84858,0.736589,0.705415,0.6597845,0.742009,0.773694,0.722461,0.6483573,0.72869,0.795163,0.657286,0.588679,0.903809,0.662979,0.7043543,0.660126,0.69014,0.728963,0.659229,0.697916,0.748022,1,0.686959,0.756662,0.732086,0.828845,0.779291,0.829623,0.771675,0.727521,0.804091,0.759881,0.730935,0.5917032,0.684681,0.735471,0.792866,0.744495,0.5399936,0.74194,0.733124,0.750391,0.851913,0.944966,0.87277,0.83834,0.613359,0.695859,0.652902,0.764594,0.733112,0.690968,0.699454,0.588302,0.7163837,0.701738,0.711954,0.723622,0.750461,0.771512,0.911288,0.844439,0.762255,0.6520553,0.677024,0.75446,0.6645141,0.779525,0.596174,0.838187,0.758524,0.6324261,0.699008,0.820695,0.712326,0.696224,0.6663918,0.732126,0.666171,0.597774
0.754236,0.601752,0.804645,0.678066,0.62018,0.809498,0.881584,0.542818,0.704438,0.667548,0.606853,0.70433,0.760523,0.808469,0.670348,0.6052238,0.677969,0.783449,0.740826,0.738047,0.798131,0.922428,0.822916,0.752314,0.816295,0.792721,0.724028,0.944374,0.767876,0.737421,0.648331,0.593108,0.665204,0.851566,0.757209,0.784957,0.748255,0.685346,0.684327,0.709826,0.809388,0.686959,1,0.696276,0.767438,0.603431,0.679117,0.611614,0.81742,0.780257,0.675874,0.697864,0.681533,0.62418,0.764889,0.768603,0.558358,0.698569,0.692306,0.605931,0.714313,0.634363,0.683894,0.644684,0.7984,0.5390849,0.652196,0.917362,0.793587,0.589629,0.678057,0.676931,0.59148,0.532949,0.836172,0.786249,0.735506,0.519274,0.796849,0.693093,0.668692,0.6188255,0.621687,0.675131,0.5496191,0.61378,0.796772,0.674722,0.605921,0.698796,0.823127,0.682612,0.78135,0.637951,0.603588,0.666905,0.653783,0.713338,0.6880349,0.704675
0.721491,0.879495,0.675181,0.712883,0.64757,0.614211,0.742954,0.791343,0.750325,0.776338,0.719157,0.859237,0.699073,0.783733,0.701125,0.872098,0.657315,0.658089,0.778432,0.601419,0.689978,0.690723,0.758024,0.804164,0.732854,0.866782,0.904393,0.7421407,0.646235,0.671832,0.677589,0.71173,0.693311,0.737295,0.736007,0.623623,0.796367,0.795089,0.693905,0.6946659,0.780045,0.756662,0.696276,1,0.925819,0.85828,0.636226,0.888837,0.829852,0.832309,0.709106,0.69907,0.71923,0.654805,0.720305,0.680645,0.690141,0.774994,0.728201,0.909479,0.808506,0.773554,0.732387,0.853243,0.785734,0.722085,0.619309,0.65573,0.724613,0.6099361,0.658793,0.730419,0.6462378,0.75943,0.736457,0.85167,0.7237537,0.676848,0.743144,0.552371,0.738542,0.6715837,0.78253,0.80108,0.795852,0.728408,0.870952,0.589779,0.606951,0.812407,0.635223,0.777566,0.637388,0.747981,0.635513,0.956458,0.744673,0.715455,0.66359,0.677216
