1,0.841475,0.773837,0.727119,0.785075,0.769561,0.847313,0.815313,0.834316,0.862646,0.936771,0.860547,0.871943,0.91768,0.892468,0.890079,0.875583,0.897756,0.875712,0.921552,0.911246,0.817467,0.886297,0.864199,0.888038,0.92407,0.768473,0.840859,0.928317,0.835738,0.771159,0.81312,0.765666,0.925261,0.845584,0.889723,0.888974,0.788905,0.831321,0.842598,0.868926,0.895434,0.772771,0.868711,0.850043,0.951896,0.863639,0.904936,0.776118,0.888523,0.90043,0.761185,0.781744,0.823417,0.783926,0.759816,0.751923,0.843039,0.856041,0.850118,0.858116,0.909509,0.948576,0.952384,0.915962,0.879505,0.779907,0.915453,0.91433,0.854551,0.922238,0.909673,0.916677,0.800328,0.879318,0.865844,0.938023,0.938957,0.814995,0.806505,0.890555,0.882286,0.770801,0.892985,0.842349,0.936319,0.900972,0.869698,0.870684,0.872391,0.803028,0.90718,0.816322,0.808928,0.889429,0.868821,0.9306,0.909295,0.86508,0.867394
0.841475,1,0.908519,0.899928,0.942473,0.905409,0.825492,0.859436,0.860859,0.904904,0.909197,0.887117,0.879494,0.955288,0.974198,0.905367,0.882345,0.852345,0.89163,0.948396,0.950789,0.915361,0.93195,0.889499,0.866868,0.879602,0.932261,0.919829,0.933983,0.837635,0.918473,0.896495,0.904216,0.866495,0.977059,0.848822,0.886813,0.860115,0.901471,0.843611,0.852018,0.831835,0.954144,0.785213,0.849508,0.857843,0.988324,0.962964,0.881731,0.868846,0.962589,0.910245,0.909064,0.916325,0.916481,0.876296,0.895548,0.847161,0.980666,0.979099,0.829889,0.860814,0.913951,0.920609,0.958313,0.981883,0.886113,0.867401,0.868381,0.845712,0.950072,0.873629,0.947211,0.871183,0.84589,0.853101,0.91901,0.868585,0.82718,0.899744,0.866723,0.792046,0.911983,0.884666,0.993928,0.937382,0.877292,0.839652,0.857367,0.838804,0.838592,0.937533,0.819814,0.92625,0.945641,0.863515,0.91901,0.955331,0.829331,0.84851
0.773837,0.908519,1,0.943553,0.920355,0.998147,0.877628,0.908251,0.880061,0.921738,0.822974,0.898296,0.904603,0.875616,0.884753,0.836129,0.900797,0.855972,0.914499,0.865818,0.867106,0.961884,0.835109,0.915547,0.882019,0.793077,0.89439,0.860374,0.860118,0.808,0.990616,0.866253,0.988093,0.855438,0.899843,0.847398,0.891304,0.925121,0.88237,0.882674,0.862081,0.816409,0.929854,0.842329,0.892114,0.777921,0.902176,0.883547,0.936692,0.882822,0.890607,0.98466,0.970812,0.972045,0.993437,0.946414,0.955352,0.881368,0.875191,0.871812,0.846728,0.841251,0.844276,0.8488,0.876671,0.892653,0.92679,0.854108,0.855547,0.859192,0.86997,0.850162,0.867005,0.907037,0.864887,0.879693,0.851292,0.774537,0.901022,0.917368,0.876649,0.800399,0.986506,0.879806,0.913655,0.862868,0.883885,0.877222,0.870036,0.861861,0.904837,0.8676,0.914209,0.960302,0.859235,0.919497,0.835334,0.884047,0.863099,0.898014
0.727119,0.899928,0.943553,1,0.976107,0.945955,0.899981,0.94401,0.912952,0.807098,0.790665,0.847636,0.791096,0.787379,0.815201,0.846971,0.784739,0.750731,0.792291,0.777345,0.785848,0.864531,0.817237,0.797052,0.789155,0.807303,0.979759,0.922779,0.765488,0.783381,0.935795,0.850909,0.931459,0.745153,0.857366,0.771887,0.771601,0.961856,0.872992,0.912068,0.780941,0.800535,0.963912,0.738236,0.899787,0.77809,0.854458,0.805535,0.96372,0.788734,0.827188,0.966973,0.955553,0.879748,0.934607,0.986311,0.957617,0.908658,0.89698,0.880804,0.835462,0.744598,0.7518,0.760341,0.790285,0.830261,0.948605,0.745387,0.745046,0.761185,0.77989,0.738184,0.77542,0.941736,0.79391,0.791831,0.751855,0.777303,0.933109,0.910996,0.767239,0.713707,0.947359,0.760887,0.884307,0.777311,0.767293,0.860058,0.77745,0.843496,0.949932,0.787875,0.885697,0.901847,0.807606,0.800004,0.78667,0.816003,0.868722,0.841856
0.785075,0.942473,0.920355,0.976107,1,0.911934,0.88222,0.91882,0.895066,0.830594,0.842462,0.894109,0.816365,0.845504,0.875594,0.915834,0.812848,0.781928,0.815264,0.842615,0.843578,0.863229,0.873617,0.822288,0.808063,0.86086,0.985038,0.977849,0.821881,0.825266,0.937039,0.839229,0.912463,0.782342,0.908184,0.787489,0.803199,0.947287,0.885886,0.895154,0.81117,0.84147,0.99387,0.742421,0.898355,0.837929,0.902486,0.853267,0.923907,0.812161,0.884745,0.957066,0.933592,0.855833,0.906058,0.95515,0.906412,0.893911,0.939786,0.943152,0.81578,0.788441,0.808954,0.818822,0.850504,0.890893,0.907058,0.784676,0.784334,0.792437,0.84131,0.784528,0.837652,0.906605,0.808437,0.814002,0.807794,0.846207,0.93521,0.901944,0.797353,0.752885,0.932217,0.797342,0.934166,0.838527,0.798814,0.871647,0.808098,0.851484,0.939049,0.831495,0.892909,0.917729,0.859817,0.805895,0.847804,0.874289,0.86281,0.835363
0.769561,0.905409,0.998147,0.945955,0.911934,1,0.872418,0.910778,0.885256,0.915841,0.809214,0.891987,0.895574,0.869831,0.877518,0.820188,0.894108,0.850402,0.90955,0.856654,0.859429,0.958082,0.830656,0.907586,0.872406,0.790779,0.894073,0.84685,0.853239,0.804134,0.982001,0.87888,0.985816,0.851518,0.891257,0.836879,0.888385,0.922971,0.885775,0.882293,0.854871,0.813269,0.919709,0.837579,0.888432,0.772564,0.899274,0.881607,0.943964,0.873878,0.883935,0.979273,0.970965,0.976371,0.9943,0.949617,0.966392,0.881871,0.876531,0.864156,0.832871,0.832283,0.837809,0.84333,0.869783,0.885358,0.937203,0.84878,0.849971,0.851881,0.862555,0.842641,0.859486,0.915529,0.853725,0.872222,0.844866,0.769053,0.890848,0.92068,0.871244,0.793484,0.983412,0.874958,0.905874,0.858448,0.880697,0.871657,0.86173,0.85529,0.901372,0.863831,0.916649,0.952419,0.854012,0.914007,0.822965,0.879828,0.856477,0.886409
0.847313,0.825492,0.877628,0.899981,0.88222,0.872418,1,0.98725,0.986251,0.920421,0.901972,0.838005,0.947674,0.851727,0.844755,0.901391,0.936005,0.907056,0.924383,0.866106,0.840197,0.906278,0.822465,0.941998,0.953552,0.879149,0.876883,0.886886,0.849763,0.842525,0.868955,0.829373,0.882747,0.888,0.818314,0.937446,0.902626,0.962138,0.909882,0.996805,0.942978,0.934324,0.8524,0.877465,0.989213,0.891338,0.824618,0.829154,0.958188,0.951416,0.853707,0.898529,0.931886,0.885163,0.892281,0.948543,0.921331,0.995761,0.865965,0.836103,0.968469,0.905482,0.861977,0.863677,0.855176,0.844706,0.953691,0.89335,0.89252,0.92672,0.858929,0.885655,0.856371,0.973502,0.955435,0.955487,0.854561,0.863054,0.975788,0.939446,0.922357,0.878655,0.903861,0.892202,0.825971,0.862341,0.909245,0.98238,0.942129,0.985727,0.974381,0.821693,0.883888,0.839466,0.811786,0.933384,0.899862,0.851055,0.995415,0.985163
0.815313,0.859436,0.908251,0.94401,0.91882,0.910778,0.98725,1,0.992315,0.881864,0.86681,0.819567,0.904657,0.817402,0.820988,0.873366,0.892778,0.862392,0.882763,0.825671,0.808901,0.898983,0.853391,0.899715,0.910181,0.884365,0.911427,0.899221,0.812044,0.86426,0.881385,0.870564,0.915849,0.843685,0.809782,0.893542,0.860441,0.984525,0.936356,0.994342,0.904512,0.919479,0.895578,0.837726,0.987422,0.873813,0.828039,0.811746,0.98957,0.909063,0.822575,0.94367,0.971905,0.897111,0.928696,0.982745,0.965172,0.993927,0.898443,0.870505,0.937397,0.860884,0.820201,0.822854,0.819815,0.823408,0.984593,0.848505,0.847301,0.883974,0.820587,0.839598,0.817441,0.993599,0.915581,0.915484,0.813586,0.856842,0.972056,0.968037,0.878429,0.840468,0.945807,0.848739,0.834785,0.822976,0.866036,0.96813,0.900935,0.96071,0.984833,0.809058,0.889104,0.830736,0.82988,0.892396,0.858435,0.818769,0.975472,0.951177
0.834316,0.860859,0.880061,0.912952,0.895066,0.885256,0.986251,0.992315,1,0.900406,0.883453,0.800451,0.92278,0.830095,0.828955,0.877954,0.913869,0.888849,0.902034,0.840427,0.821961,0.896618,0.864722,0.916866,0.934496,0.903457,0.898419,0.890137,0.82918,0.881325,0.846087,0.894107,0.892767,0.872395,0.809446,0.925078,0.886682,0.962838,0.955008,0.99455,0.927291,0.942532,0.872179,0.848597,0.984352,0.893568,0.832356,0.820726,0.979885,0.932546,0.828556,0.913911,0.955796,0.895091,0.910985,0.959902,0.956792,0.996314,0.905179,0.873419,0.958177,0.890597,0.837303,0.838122,0.832279,0.829867,0.983152,0.877502,0.876354,0.905911,0.834532,0.869366,0.832047,0.993647,0.936368,0.932477,0.832515,0.871086,0.948273,0.971664,0.903353,0.861042,0.923364,0.876254,0.833608,0.83628,0.892049,0.971341,0.922904,0.976746,0.965577,0.82366,0.859294,0.800673,0.840035,0.900922,0.873767,0.825624,0.985224,0.959901
0.862646,0.904904,0.921738,0.807098,0.830594,0.915841,0.920421,0.881864,0.900406,1,0.913761,0.842048,0.993494,0.928926,0.931168,0.881625,0.993218,0.965294,0.995,0.931509,0.931467,0.983446,0.888225,0.996568,0.986075,0.864133,0.792282,0.830561,0.933226,0.890434,0.906482,0.895333,0.925938,0.964261,0.910777,0.969465,0.985693,0.857611,0.926674,0.909989,0.971281,0.919566,0.846894,0.896308,0.912434,0.87575,0.916637,0.919299,0.869819,0.988068,0.915855,0.904878,0.918301,0.967792,0.942342,0.846408,0.883853,0.909975,0.872641,0.890053,0.950925,0.969268,0.918679,0.912989,0.931272,0.930073,0.876801,0.967324,0.969194,0.965195,0.930498,0.969496,0.930098,0.873193,0.972194,0.972426,0.930473,0.848038,0.872638,0.918621,0.979128,0.913547,0.930133,0.984666,0.915914,0.912922,0.981598,0.930028,0.978593,0.952767,0.855915,0.936115,0.837906,0.878569,0.919659,0.968514,0.913342,0.909621,0.94037,0.967008
0.936771,0.909197,0.822974,0.790665,0.842462,0.809214,0.901972,0.86681,0.883453,0.913761,1,0.85562,0.925463,0.973573,0.966737,0.952485,0.922953,0.912824,0.91469,0.985671,0.970754,0.880008,0.907253,0.922593,0.927716,0.922906,0.841468,0.887226,0.974826,0.810918,0.838307,0.816681,0.823791,0.924708,0.925204,0.920015,0.912182,0.838617,0.846641,0.894043,0.920887,0.89338,0.832544,0.830532,0.888166,0.9562,0.930995,0.953228,0.827481,0.929955,0.94882,0.813666,0.821376,0.854635,0.832106,0.813839,0.794313,0.892884,0.905358,0.904932,0.90993,0.941387,0.976896,0.974656,0.976999,0.958278,0.829697,0.930015,0.9297,0.910189,0.980538,0.939026,0.978994,0.852751,0.925593,0.9199,0.973811,0.933628,0.869643,0.844338,0.917603,0.8635,0.827039,0.920465,0.922505,0.96669,0.915094,0.900086,0.923557,0.920178,0.848767,0.945165,0.791088,0.855285,0.937068,0.894952,0.990295,0.944748,0.915353,0.921368
0.860547,0.887117,0.898296,0.847636,0.894109,0.891987,0.838005,0.819567,0.800451,0.842048,0.85562,1,0.84674,0.877421,0.867764,0.933075,0.850779,0.839583,0.861798,0.873178,0.841646,0.843348,0.790183,0.845863,0.841886,0.794267,0.85614,0.91472,0.849441,0.742543,0.923382,0.763073,0.864241,0.849124,0.908362,0.820207,0.850322,0.841056,0.776179,0.826877,0.829218,0.810725,0.893985,0.863109,0.84446,0.821463,0.895997,0.875983,0.79374,0.843678,0.946498,0.869246,0.829444,0.867867,0.862037,0.827847,0.802361,0.823022,0.836646,0.865556,0.80628,0.818015,0.871829,0.890616,0.879634,0.886293,0.774371,0.839115,0.839728,0.818481,0.876595,0.825446,0.864319,0.784592,0.829062,0.837089,0.85608,0.826314,0.893706,0.785333,0.849324,0.769073,0.850681,0.841111,0.91073,0.91252,0.857145,0.849094,0.831402,0.834511,0.862491,0.822783,0.961096,0.970999,0.801218,0.883718,0.887058,0.948598,0.833905,0.84958
0.871943,0.879494,0.904603,0.791096,0.816365,0.895574,0.947674,0.904657,0.92278,0.993494,0.925463,0.84674,1,0.92152,0.919415,0.902926,0.995784,0.967758,0.992709,0.929407,0.919872,0.97213,0.864587,0.998531,0.991197,0.866816,0.785689,0.841636,0.925354,0.872297,0.895355,0.852285,0.904533,0.961155,0.894746,0.972723,0.978957,0.869073,0.899528,0.937011,0.98382,0.936411,0.824434,0.901434,0.936989,0.891913,0.896105,0.90275,0.866027,0.995783,0.912151,0.885839,0.897172,0.949789,0.921601,0.844253,0.85477,0.935708,0.846993,0.868735,0.962728,0.97321,0.918431,0.91357,0.924832,0.917716,0.868898,0.965631,0.967008,0.973464,0.926082,0.966789,0.925132,0.888613,0.982096,0.985905,0.925722,0.859308,0.90285,0.900289,0.981924,0.931058,0.910647,0.978546,0.897658,0.911344,0.978811,0.955046,0.990453,0.973222,0.87988,0.915812,0.844157,0.871448,0.897748,0.971503,0.923751,0.906092,0.965298,0.983201
0.91768,0.955288,0.875616,0.787379,0.845504,0.869831,0.851727,0.817402,0.830095,0.928926,0.973573,0.877421,0.92152,1,0.993697,0.922483,0.927219,0.915201,0.92879,0.997029,0.99149,0.914894,0.934955,0.925675,0.916179,0.896292,0.820609,0.858116,0.99338,0.818121,0.879207,0.865628,0.873386,0.936188,0.95482,0.906549,0.935075,0.798803,0.856657,0.839735,0.909926,0.856637,0.865621,0.831402,0.845209,0.920005,0.978416,0.992653,0.807317,0.91972,0.974515,0.851757,0.853518,0.91005,0.88513,0.794607,0.824424,0.841123,0.932382,0.932628,0.870922,0.932791,0.988165,0.988721,0.999287,0.988886,0.812297,0.938039,0.937377,0.902152,0.998972,0.943399,0.998734,0.807453,0.896061,0.907698,0.990066,0.903795,0.824283,0.843403,0.923038,0.853291,0.870525,0.936129,0.963004,0.988818,0.931118,0.861278,0.912629,0.884127,0.802037,0.9787,0.812616,0.898744,0.967005,0.906244,0.976026,0.973976,0.868665,0.898137
0.892468,0.974198,0.884753,0.815201,0.875594,0.877518,0.844755,0.820988,0.828955,0.931168,0.966737,0.867764,0.919415,0.993697,1,0.922153,0.919781,0.894864,0.92194,0.992786,0.992259,0.924649,0.951107,0.924978,0.910944,0.89535,0.848317,0.877356,0.984152,0.841233,0.891317,0.871233,0.887359,0.912945,0.967108,0.899442,0.922419,0.814717,0.876454,0.834752,0.89786,0.85169,0.897886,0.812166,0.844089,0.904209,0.986791,0.988436,0.827798,0.912619,0.969936,0.874868,0.875629,0.910709,0.896619,0.815828,0.842972,0.836208,0.953154,0.961365,0.87316,0.91939,0.96819,0.968716,0.995164,0.99743,0.83209,0.917072,0.91738,0.891612,0.992421,0.928564,0.992886,0.819701,0.891697,0.897764,0.974184,0.898893,0.821083,0.865675,0.906679,0.842297,0.890381,0.924169,0.978534,0.973684,0.914345,0.85687,0.903893,0.875221,0.805244,0.975261,0.804286,0.900448,0.976158,0.892588,0.968326,0.965677,0.861014,0.892235
0.890079,0.905367,0.836129,0.846971,0.915834,0.820188,0.901391,0.873366,0.877954,0.881625,0.952485,0.933075,0.902926,0.922483,0.922153,1,0.896715,0.872929,0.886429,0.935162,0.901361,0.855495,0.855321,0.897807,0.900548,0.888812,0.89622,0.96618,0.903969,0.812273,0.877695,0.765353,0.824302,0.87284,0.927755,0.884245,0.877278,0.868876,0.83668,0.894981,0.903678,0.899986,0.90218,0.814614,0.904554,0.919681,0.914476,0.904888,0.829058,0.904951,0.955989,0.839243,0.830443,0.839472,0.823821,0.840203,0.790039,0.89421,0.898548,0.907661,0.878047,0.893482,0.913839,0.922972,0.928277,0.931343,0.822405,0.877441,0.87664,0.889841,0.92819,0.879877,0.922905,0.847206,0.901879,0.907914,0.903688,0.91304,0.919003,0.843301,0.885671,0.856637,0.830188,0.875182,0.927791,0.936364,0.881502,0.916277,0.905273,0.913425,0.88495,0.863458,0.87183,0.91696,0.861735,0.873375,0.96537,0.952637,0.90915,0.906839
0.875583,0.882345,0.900797,0.784739,0.812848,0.894108,0.936005,0.892778,0.913869,0.993218,0.922953,0.850779,0.995784,0.927219,0.919781,0.896715,1,0.984695,0.997136,0.931505,0.921366,0.965039,0.862405,0.996621,0.990128,0.86884,0.783524,0.833096,0.932438,0.866819,0.889439,0.870278,0.900563,0.97763,0.899397,0.972983,0.98986,0.857314,0.905436,0.925274,0.989357,0.931504,0.819934,0.902331,0.924929,0.893171,0.901669,0.91273,0.856812,0.995299,0.919608,0.875838,0.890589,0.9531,0.918311,0.834233,0.854602,0.925411,0.851068,0.861484,0.953009,0.979884,0.930632,0.9248,0.929093,0.918361,0.863138,0.981098,0.981876,0.98321,0.930684,0.977301,0.92951,0.878293,0.980297,0.98852,0.936095,0.854403,0.887685,0.899642,0.994109,0.939386,0.902764,0.988408,0.899797,0.920886,0.991328,0.943183,0.992779,0.968577,0.864624,0.924147,0.842166,0.87453,0.899137,0.975766,0.924387,0.915227,0.95583,0.974964
0.897756,0.852345,0.855972,0.750731,0.781928,0.850402,0.907056,0.862392,0.888849,0.965294,0.912824,0.839583,0.967758,0.915201,0.894864,0.872929,0.984695,1,0.979766,0.918047,0.905802,0.918295,0.838379,0.968634,0.968887,0.865562,0.761739,0.802836,0.929217,0.837259,0.845924,0.86525,0.850801,0.990758,0.876136,0.956258,0.98175,0.822435,0.884503,0.896638,0.982243,0.909046,0.778189,0.900182,0.890916,0.892972,0.874427,0.900849,0.821727,0.976562,0.907377,0.824751,0.84438,0.918079,0.872455,0.79836,0.815628,0.897509,0.827439,0.820584,0.927579,0.97846,0.941151,0.931603,0.915344,0.890079,0.832336,0.992229,0.992219,0.983062,0.920007,0.980619,0.918112,0.849095,0.961333,0.974646,0.94082,0.840781,0.852115,0.869228,0.996451,0.954681,0.851429,0.98361,0.869766,0.91634,0.990357,0.907864,0.980482,0.945208,0.825946,0.91794,0.817715,0.848027,0.880602,0.961095,0.912952,0.904882,0.929133,0.944507
0.875712,0.89163,0.914499,0.792291,0.815264,0.90955,0.924383,0.882763,0.902034,0.995,0.91469,0.861798,0.992709,0.92879,0.92194,0.886429,0.997136,0.979766,1,0.930814,0.923273,0.972547,0.863762,0.994685,0.986004,0.857468,0.781594,0.824837,0.932452,0.861716,0.899455,0.882996,0.912591,0.976476,0.906845,0.967316,0.98963,0.852784,0.908907,0.91373,0.976976,0.917443,0.825957,0.920044,0.914547,0.878185,0.909181,0.91811,0.85804,0.989429,0.924171,0.886669,0.900133,0.965859,0.931474,0.835159,0.868341,0.913173,0.855284,0.868465,0.947205,0.970787,0.929316,0.924976,0.930734,0.92149,0.864636,0.977135,0.978975,0.972109,0.931454,0.973606,0.928587,0.870629,0.974541,0.976998,0.935528,0.845786,0.876843,0.903062,0.989737,0.92082,0.912131,0.988997,0.906255,0.923176,0.990244,0.932576,0.982162,0.956544,0.856877,0.928375,0.852292,0.883858,0.900675,0.983833,0.916621,0.919881,0.944306,0.968618
0.921552,0.948396,0.865818,0.777345,0.842615,0.856654,0.866106,0.825671,0.840427,0.931509,0.985671,0.873178,0.929407,0.997029,0.992786,0.935162,0.931505,0.918047,0.930814,1,0.992534,0.911991,0.932332,0.931491,0.923113,0.89883,0.813399,0.865392,0.993301,0.820707,0.874373,0.850693,0.863488,0.935016,0.95566,0.911751,0.931166,0.804374,0.852724,0.853755,0.916541,0.865542,0.860346,0.834165,0.855779,0.928331,0.969529,0.985187,0.800261,0.926814,0.971906,0.847035,0.846895,0.898547,0.87483,0.788521,0.808459,0.85326,0.923543,0.932992,0.885356,0.94017,0.987672,0.986278,0.998595,0.986781,0.803093,0.938575,0.93876,0.90973,0.999204,0.947743,0.998327,0.810119,0.90992,0.914647,0.989481,0.910415,0.837133,0.841576,0.924828,0.862582,0.86384,0.936943,0.958768,0.983763,0.928804,0.872866,0.921127,0.894721,0.810417,0.974696,0.805521,0.891073,0.964853,0.90776,0.98309,0.968592,0.882739,0.907343
0.911246,0.950789,0.867106,0.785848,0.843578,0.859429,0.840197,0.808901,0.821961,0.931467,0.970754,0.841646,0.919872,0.99149,0.992259,0.901361,0.921366,0.905802,0.923273,0.992534,1,0.916834,0.961696,0.923873,0.913331,0.912214,0.81223,0.849112,0.995469,0.848934,0.868474,0.885641,0.869635,0.932062,0.946263,0.907853,0.929459,0.799897,0.878408,0.83018,0.900663,0.859884,0.865208,0.816776,0.836744,0.921943,0.96558,0.982679,0.811704,0.91581,0.948987,0.857325,0.861206,0.899476,0.881649,0.795817,0.825859,0.830161,0.934755,0.944159,0.875378,0.940441,0.97703,0.970978,0.992221,0.982073,0.816635,0.935947,0.936847,0.893237,0.992417,0.951728,0.994129,0.805337,0.896467,0.894283,0.987719,0.912198,0.808298,0.857352,0.912798,0.845704,0.874343,0.939858,0.95307,0.964796,0.922359,0.852517,0.906974,0.873026,0.791162,0.991797,0.785389,0.870214,0.987775,0.890512,0.959585,0.944484,0.859273,0.888051
0.817467,0.915361,0.961884,0.864531,0.863229,0.958082,0.906278,0.898983,0.896618,0.983446,0.880008,0.843348,0.97213,0.914894,0.924649,0.855495,0.965039,0.918295,0.972547,0.911991,0.916834,1,0.888851,0.977441,0.954183,0.845024,0.825455,0.837232,0.909015,0.878046,0.942891,0.886651,0.963143,0.918788,0.902497,0.932383,0.955505,0.889634,0.923121,0.900204,0.933601,0.886316,0.880042,0.881025,0.912731,0.834421,0.91904,0.907878,0.915628,0.956082,0.902344,0.950926,0.959136,0.984026,0.978578,0.898616,0.929725,0.900544,0.887686,0.902765,0.925468,0.920824,0.887334,0.886254,0.916366,0.926342,0.91575,0.921335,0.923031,0.921892,0.912554,0.924201,0.913165,0.901285,0.931741,0.940347,0.900799,0.827316,0.879958,0.93408,0.941158,0.87282,0.971176,0.949497,0.920722,0.893449,0.946397,0.917986,0.942803,0.923454,0.877934,0.917236,0.863938,0.89821,0.91149,0.956455,0.881954,0.895754,0.916662,0.951835
0.886297,0.93195,0.835109,0.817237,0.873617,0.830656,0.822465,0.853391,0.864722,0.888225,0.907253,0.790183,0.864587,0.934955,0.951107,0.855321,0.862405,0.838379,0.863762,0.932332,0.961696,0.888851,1,0.87045,0.860225,0.971738,0.85069,0.885646,0.943515,0.91689,0.826529,0.905822,0.852044,0.874264,0.889571,0.865614,0.880414,0.843608,0.923217,0.846529,0.847471,0.894974,0.885883,0.755563,0.862894,0.938514,0.925122,0.931353,0.858043,0.861097,0.876855,0.862908,0.882447,0.860129,0.862455,0.83867,0.850746,0.851937,0.957782,0.961887,0.839589,0.89128,0.909077,0.902415,0.933968,0.938021,0.862188,0.878576,0.878528,0.830533,0.931977,0.899419,0.938983,0.859843,0.837112,0.83534,0.928416,0.954971,0.806889,0.89329,0.850243,0.797365,0.87604,0.889327,0.914708,0.896966,0.867122,0.858893,0.850549,0.841855,0.832409,0.963787,0.785001,0.805793,0.989742,0.816957,0.890219,0.875153,0.832429,0.828538
0.864199,0.889499,0.915547,0.797052,0.822288,0.907586,0.941998,0.899715,0.916866,0.996568,0.922593,0.845863,0.998531,0.925675,0.924978,0.897807,0.996621,0.968634,0.994685,0.931491,0.923873,0.977441,0.87045,1,0.990372,0.862686,0.786925,0.838396,0.928325,0.877583,0.904528,0.866626,0.919058,0.961311,0.904699,0.970689,0.981622,0.869586,0.909441,0.930638,0.981631,0.929795,0.834113,0.898769,0.931467,0.885531,0.906039,0.912311,0.866241,0.993227,0.915651,0.896479,0.907744,0.959141,0.933013,0.845648,0.86699,0.929932,0.856832,0.875143,0.958517,0.971027,0.919709,0.914732,0.928694,0.923768,0.870002,0.965909,0.967316,0.975844,0.929046,0.966698,0.928293,0.884416,0.982146,0.985224,0.927491,0.853391,0.897515,0.909126,0.982304,0.928852,0.922036,0.979849,0.906045,0.914183,0.98007,0.949077,0.987888,0.968891,0.876039,0.921468,0.845598,0.878428,0.904177,0.973547,0.922784,0.909703,0.959012,0.980186
0.888038,0.866868,0.882019,0.789155,0.808063,0.872406,0.953552,0.910181,0.934496,0.986075,0.927716,0.841886,0.991197,0.916179,0.910944,0.900548,0.990128,0.968887,0.986004,0.923113,0.913331,0.954183,0.860225,0.990372,1,0.875521,0.800997,0.838438,0.921917,0.868592,0.873734,0.848005,0.894558,0.966105,0.881917,0.992571,0.981868,0.869371,0.899607,0.942174,0.979467,0.9433,0.812683,0.90921,0.935261,0.903829,0.891936,0.901661,0.86958,0.996532,0.904826,0.864307,0.87785,0.932649,0.901061,0.844824,0.843325,0.943636,0.841156,0.857979,0.978878,0.97396,0.919067,0.915703,0.91769,0.909814,0.876354,0.968807,0.969606,0.972097,0.91981,0.966924,0.919015,0.900754,0.988348,0.982676,0.924468,0.862402,0.899544,0.891296,0.9808,0.91199,0.890305,0.975261,0.885138,0.915243,0.981083,0.951746,0.982759,0.981968,0.888974,0.912971,0.834455,0.857506,0.893207,0.966925,0.930744,0.902682,0.971795,0.985946
0.92407,0.879602,0.793077,0.807303,0.86086,0.790779,0.879149,0.884365,0.903457,0.864133,0.922906,0.794267,0.866816,0.896292,0.89535,0.888812,0.86884,0.865562,0.857468,0.89883,0.912214,0.845024,0.971738,0.862686,0.875521,1,0.845061,0.897619,0.912153,0.922531,0.779798,0.898707,0.80944,0.890994,0.837036,0.881769,0.878912,0.863984,0.932621,0.894078,0.891127,0.952839,0.854234,0.772977,0.90608,0.987526,0.868695,0.887976,0.863856,0.882371,0.850638,0.829417,0.8645,0.827132,0.823389,0.842663,0.838183,0.898698,0.932414,0.917764,0.853517,0.914875,0.903345,0.896158,0.893957,0.880498,0.869105,0.895049,0.892873,0.865778,0.897613,0.904052,0.902026,0.881128,0.87402,0.873863,0.91109,0.98358,0.853249,0.899557,0.870948,0.846607,0.841386,0.885607,0.8572,0.881612,0.87837,0.910083,0.884568,0.903372,0.864498,0.921261,0.796269,0.771785,0.944875,0.818951,0.897423,0.854175,0.894101,0.86265
0.768473,0.932261,0.89439,0.979759,0.985038,0.894073,0.876883,0.911427,0.898419,0.792282,0.841468,0.85614,0.785689,0.820609,0.848317,0.89622,0.783524,0.761739,0.781594,0.813399,0.81223,0.825455,0.85069,0.786925,0.800997,0.845061,1,0.95335,0.792858,0.791444,0.902108,0.854371,0.890217,0.759183,0.883684,0.797487,0.777112,0.929748,0.877196,0.888073,0.792447,0.819948,0.975222,0.7187,0.875542,0.824824,0.892522,0.840132,0.923062,0.796781,0.861167,0.926162,0.909799,0.838421,0.882574,0.950085,0.912384,0.889491,0.940566,0.920018,0.834732,0.766614,0.788791,0.800893,0.822994,0.865854,0.914676,0.761477,0.759868,0.773712,0.813484,0.755114,0.808544,0.913223,0.801371,0.795551,0.781828,0.821664,0.913624,0.888585,0.774488,0.722915,0.900933,0.763652,0.913122,0.82226,0.773846,0.84532,0.784864,0.848078,0.927731,0.807576,0.860562,0.890325,0.834631,0.775763,0.845919,0.85339,0.859496,0.829813
0.840859,0.919829,0.860374,0.922779,0.977849,0.84685,0.886886,0.899221,0.890137,0.830561,0.887226,0.91472,0.841636,0.858116,0.877356,0.96618,0.833096,0.802836,0.824837,0.865392,0.849112,0.837232,0.885646,0.838396,0.838438,0.897619,0.95335,1,0.836931,0.854972,0.890373,0.80205,0.855816,0.803654,0.89742,0.821852,0.815246,0.921632,0.877007,0.895904,0.846253,0.892012,0.968725,0.762495,0.910847,0.893207,0.889355,0.853299,0.880205,0.843203,0.899341,0.905167,0.887525,0.819818,0.848265,0.906743,0.847468,0.896097,0.930972,0.945586,0.82916,0.826782,0.837295,0.848309,0.863782,0.89008,0.867499,0.807672,0.80653,0.825489,0.859521,0.810164,0.855177,0.879566,0.844294,0.848201,0.830274,0.906433,0.936814,0.884102,0.818632,0.801882,0.880899,0.811143,0.916694,0.866246,0.816585,0.904649,0.844253,0.880177,0.924983,0.825025,0.896875,0.897381,0.858066,0.811969,0.894256,0.894667,0.882984,0.856984
0.928317,0.933983,0.860118,0.765488,0.821881,0.853239,0.849763,0.812044,0.82918,0.933226,0.974826,0.849441,0.925354,0.99338,0.984152,0.903969,0.932438,0.929217,0.932452,0.993301,0.995469,0.909015,0.943515,0.928325,0.921917,0.912153,0.792858,0.836931,1,0.833943,0.860548,0.882178,0.858557,0.954125,0.936678,0.917416,0.943837,0.791648,0.866608,0.838762,0.917697,0.869547,0.840181,0.829393,0.842044,0.934378,0.956369,0.983055,0.796687,0.92656,0.95226,0.839367,0.844092,0.899491,0.87255,0.78096,0.81095,0.839116,0.915773,0.917189,0.876355,0.955559,0.990923,0.984404,0.992619,0.972741,0.802512,0.956783,0.956856,0.91039,0.994739,0.966321,0.995883,0.801154,0.905336,0.90927,0.997871,0.912379,0.815321,0.842773,0.932137,0.863163,0.858947,0.952908,0.940088,0.9741,0.940666,0.859886,0.920891,0.885169,0.792462,0.991081,0.791769,0.870684,0.976436,0.902593,0.965435,0.950211,0.869372,0.895757
0.835738,0.837635,0.808,0.783381,0.825266,0.804134,0.842525,0.86426,0.881325,0.890434,0.810918,0.742543,0.872297,0.818121,0.841233,0.812273,0.866819,0.837259,0.861716,0.820707,0.848934,0.878046,0.91689,0.877583,0.868592,0.922531,0.791444,0.854972,0.833943,1,0.789119,0.879932,0.833386,0.84745,0.815533,0.861422,0.867577,0.858124,0.943457,0.865886,0.859267,0.945716,0.828855,0.823201,0.890973,0.888378,0.819807,0.819276,0.854862,0.870118,0.791428,0.845009,0.87767,0.847774,0.84383,0.829005,0.842218,0.871689,0.86087,0.881417,0.850187,0.87308,0.801517,0.794014,0.819958,0.833522,0.86352,0.850901,0.850735,0.851376,0.817048,0.860894,0.823607,0.866153,0.866078,0.860824,0.821001,0.90859,0.816914,0.91966,0.849398,0.827809,0.863857,0.86949,0.825987,0.790329,0.860535,0.898572,0.864437,0.867466,0.837014,0.861598,0.792191,0.749334,0.893203,0.80621,0.803986,0.790727,0.857531,0.835263
0.771159,0.918473,0.990616,0.935795,0.937039,0.982001,0.868955,0.881385,0.846087,0.906482,0.838307,0.923382,0.895355,0.879207,0.891317,0.877695,0.889439,0.845924,0.899455,0.874373,0.868474,0.942891,0.826529,0.904528,0.873734,0.779798,0.902108,0.890373,0.860548,0.789119,1,0.82579,0.975432,0.84427,0.923708,0.841214,0.876169,0.911008,0.850334,0.861595,0.854365,0.800583,0.950665,0.825871,0.875149,0.775452,0.910062,0.881794,0.902169,0.874479,0.912056,0.97888,0.947797,0.942991,0.97228,0.925844,0.915755,0.858089,0.868808,0.883746,0.84256,0.837316,0.847136,0.852604,0.882372,0.904303,0.88519,0.845098,0.84641,0.851551,0.87572,0.843889,0.872124,0.868035,0.859118,0.871626,0.851481,0.772037,0.9096,0.883903,0.865516,0.79477,0.972497,0.867391,0.935616,0.869625,0.869753,0.864428,0.862959,0.85174,0.89524,0.858844,0.915838,0.981247,0.852737,0.905716,0.854953,0.901478,0.853847,0.893658
0.81312,0.896495,0.866253,0.850909,0.839229,0.87888,0.829373,0.870564,0.894107,0.895333,0.816681,0.763073,0.852285,0.865628,0.871233,0.765353,0.870278,0.86525,0.882996,0.850693,0.885641,0.886651,0.905822,0.866626,0.848005,0.898707,0.854371,0.80205,0.882178,0.879932,0.82579,1,0.87151,0.88721,0.867371,0.8373291,0.895341,0.854566,0.962265,0.858378,0.846115,0.863953,0.83615,0.761494,0.844787,0.854042,0.879898,0.889567,0.899834,0.851866,0.836404,0.861612,0.89846,0.915323,0.896708,0.868048,0.921795,0.863037,0.907244,0.870134,0.833506,0.871602,0.851601,0.839577,0.863229,0.863431,0.920225,0.884451,0.886341,0.843916,0.859163,0.888266,0.860233,0.903435,0.841331,0.833296,0.873583,0.840339,0.777496,0.935031,0.868049,0.787846,0.87889,0.901658,0.869379,0.83226,0.886539,0.82878,0.845148,0.843225,0.818646,0.924219,0.771105,0.803381,0.915465,0.834663,0.794755,0.833691,0.837917,0.808968
0.765666,0.904216,0.988093,0.931459,0.912463,0.985816,0.882747,0.915849,0.892767,0.925938,0.823791,0.864241,0.904533,0.873386,0.887359,0.824302,0.900563,0.850801,0.912591,0.863488,0.869635,0.963143,0.852044,0.919058,0.894558,0.80944,0.890217,0.855816,0.858557,0.833386,0.975432,0.87151,1,0.849471,0.895176,0.868739,0.895308,0.935829,0.906123,0.88955,0.861712,0.832543,0.926667,0.836154,0.900366,0.789426,0.906925,0.88949,0.940209,0.885397,0.874061,0.981355,0.973957,0.966801,0.989381,0.945477,0.953795,0.892206,0.884403,0.879578,0.866841,0.84308,0.836238,0.84003,0.873379,0.894664,0.932878,0.850276,0.851985,0.868186,0.86625,0.850598,0.865783,0.917604,0.880537,0.882001,0.846559,0.784797,0.897229,0.932871,0.872141,0.79483,0.989068,0.877475,0.906142,0.859278,0.881636,0.884233,0.868216,0.873867,0.918862,0.870684,0.892166,0.935538,0.870664,0.914085,0.838366,0.870251,0.869869,0.903893
0.925261,0.866495,0.855438,0.745153,0.782342,0.851518,0.888,0.843685,0.872395,0.964261,0.924708,0.849124,0.961155,0.936188,0.912945,0.87284,0.97763,0.990758,0.976476,0.935016,0.932062,0.918788,0.874264,0.961311,0.966105,0.890994,0.759183,0.803654,0.954125,0.84745,0.84427,0.88721,0.849471,1,0.881048,0.962327,0.988778,0.80413,0.887595,0.878162,0.969241,0.913798,0.786451,0.895906,0.876022,0.915636,0.891422,0.922247,0.810364,0.97258,0.915462,0.822206,0.839831,0.920161,0.871986,0.785735,0.813821,0.879643,0.842385,0.839527,0.918406,0.984524,0.960213,0.950496,0.933714,0.904918,0.821187,0.998704,0.998538,0.961202,0.938969,0.990822,0.938398,0.833111,0.949685,0.95674,0.964771,0.872591,0.834948,0.858236,0.989962,0.921976,0.847984,0.991914,0.880154,0.933489,0.993899,0.896499,0.967862,0.932792,0.813107,0.949242,0.818458,0.853089,0.912048,0.951604,0.919793,0.915513,0.91405,0.932658
0.845584,0.977059,0.899843,0.857366,0.908184,0.891257,0.818314,0.809782,0.809446,0.910777,0.925204,0.908362,0.894746,0.95482,0.967108,0.927755,0.899397,0.876136,0.906845,0.95566,0.946263,0.902497,0.889571,0.904699,0.881917,0.837036,0.883684,0.89742,0.936678,0.815533,0.923708,0.867371,0.895176,0.881048,1,0.855559,0.892387,0.831968,0.870393,0.813933,0.866109,0.818176,0.923103,0.807678,0.825314,0.844102,0.977459,0.964917,0.823194,0.881892,0.977256,0.887123,0.871614,0.906626,0.896165,0.825581,0.845338,0.813211,0.933069,0.946721,0.835038,0.878346,0.925614,0.929808,0.961375,0.975348,0.826717,0.882543,0.885135,0.876082,0.955239,0.889849,0.94851,0.809741,0.883934,0.87331,0.925903,0.848985,0.82252,0.871344,0.883886,0.812763,0.886217,0.897681,0.986521,0.945186,0.888385,0.834166,0.875127,0.842421,0.803271,0.925101,0.832315,0.942998,0.91948,0.886396,0.936697,0.967751,0.829331,0.861304
0.889723,0.848822,0.847398,0.771887,0.787489,0.836879,0.937446,0.893542,0.925078,0.969465,0.920015,0.820207,0.972723,0.906549,0.899442,0.884245,0.972983,0.956258,0.967316,0.911751,0.907853,0.932383,0.865614,0.970689,0.992571,0.881769,0.797487,0.821852,0.917416,0.861422,0.841214,0.8373291,0.868739,0.962327,0.855559,1,0.976592,0.843857,0.885633,0.92595,0.965948,0.939134,0.79587,0.892228,0.914083,0.909423,0.87925,0.889913,0.854841,0.98569,0.884145,0.833625,0.846727,0.90339,0.86956,0.82596,0.820417,0.929767,0.826718,0.847842,0.977334,0.970258,0.912826,0.908152,0.905372,0.897212,0.864436,0.964767,0.96465,0.953358,0.908813,0.963609,0.91087,0.891031,0.97226,0.962981,0.921225,0.861588,0.876042,0.863307,0.968329,0.890043,0.861207,0.967273,0.866787,0.90608,0.97304,0.930781,0.966366,0.97215,0.874497,0.913528,0.805153,0.830313,0.895562,0.942969,0.921812,0.884587,0.9591,0.97091
0.888974,0.886813,0.891304,0.771601,0.803199,0.888385,0.902626,0.860441,0.886682,0.985693,0.912182,0.850322,0.978957,0.935075,0.922419,0.877278,0.98986,0.98175,0.98963,0.931166,0.929459,0.955505,0.880414,0.981622,0.981868,0.878912,0.777112,0.815246,0.943837,0.867577,0.876169,0.895341,0.895308,0.988778,0.892387,0.976592,1,0.823361,0.907756,0.891319,0.977285,0.923823,0.819088,0.893554,0.893434,0.898596,0.912489,0.925881,0.837489,0.984874,0.918771,0.86029,0.876858,0.952221,0.910809,0.812172,0.851286,0.894892,0.857835,0.860741,0.932933,0.980762,0.939682,0.93347,0.932447,0.92067,0.848302,0.98944,0.989163,0.968362,0.934245,0.983745,0.935443,0.852725,0.958757,0.97034,0.949126,0.857578,0.851262,0.882608,0.990787,0.919199,0.890283,0.993808,0.900993,0.929744,0.99765,0.914406,0.977426,0.948796,0.835303,0.945076,0.832296,0.872874,0.915993,0.961609,0.917015,0.919135,0.927595,0.952385
0.788905,0.860115,0.925121,0.961856,0.947287,0.922971,0.962138,0.984525,0.962838,0.857611,0.838617,0.841056,0.869073,0.798803,0.814717,0.868876,0.857314,0.822435,0.852784,0.804374,0.799897,0.889634,0.843608,0.869586,0.869371,0.863984,0.929748,0.921632,0.791648,0.858124,0.911008,0.854566,0.935829,0.80413,0.831968,0.843857,0.823361,1,0.925124,0.971177,0.86127,0.891787,0.928217,0.811676,0.971501,0.849295,0.826422,0.807251,0.977019,0.865757,0.813731,0.963648,0.973848,0.887099,0.933062,0.985622,0.953081,0.968531,0.886977,0.871998,0.892955,0.82202,0.791113,0.793459,0.80323,0.818613,0.964611,0.808172,0.808589,0.852586,0.800509,0.804388,0.796097,0.971012,0.891215,0.877975,0.786934,0.844401,0.974902,0.963847,0.836502,0.802046,0.956321,0.815677,0.842222,0.798474,0.826339,0.948097,0.860235,0.9238,0.988033,0.798414,0.904164,0.860982,0.823309,0.866622,0.829334,0.806942,0.941324,0.914592
0.831321,0.901471,0.88237,0.872992,0.885886,0.885775,0.909882,0.936356,0.955008,0.926674,0.846641,0.776179,0.899528,0.856657,0.876454,0.83668,0.905436,0.884503,0.908907,0.852724,0.878408,0.923121,0.923217,0.909441,0.899607,0.932621,0.877196,0.877007,0.866608,0.943457,0.850334,0.962265,0.906123,0.887595,0.870393,0.885633,0.907756,0.925124,1,0.933585,0.898215,0.942838,0.881199,0.808994,0.934496,0.896895,0.879348,0.871412,0.939201,0.899859,0.837207,0.907848,0.945952,0.919142,0.918175,0.911842,0.934814,0.938507,0.924184,0.910762,0.890603,0.894504,0.839537,0.83168,0.858317,0.873637,0.95109,0.889819,0.891424,0.89139,0.853802,0.894139,0.855143,0.949456,0.905994,0.892591,0.8562,0.887634,0.868207,0.984744,0.893592,0.842051,0.924468,0.908183,0.878937,0.831637,0.900277,0.924868,0.895737,0.923301,0.902084,0.902077,0.811647,0.804025,0.915035,0.871276,0.830928,0.831829,0.918755,0.883578
0.842598,0.843611,0.882674,0.912068,0.895154,0.882293,0.996805,0.994342,0.99455,0.909989,0.894043,0.826877,0.937011,0.839735,0.834752,0.894981,0.925274,0.896638,0.91373,0.853755,0.83018,0.900204,0.846529,0.930638,0.942174,0.894078,0.888073,0.895904,0.838762,0.865886,0.861595,0.858378,0.88955,0.878162,0.813933,0.92595,0.891319,0.971177,0.933585,1,0.935336,0.941286,0.867706,0.867074,0.993683,0.894754,0.823587,0.821411,0.972439,0.941458,0.842328,0.914551,0.95022,0.889027,0.904801,0.959739,0.940511,0.999227,0.886078,0.859654,0.960525,0.897298,0.8496,0.850688,0.843397,0.834688,0.969564,0.883392,0.882692,0.916131,0.846762,0.876405,0.843624,0.985011,0.947407,0.944769,0.843036,0.873378,0.971042,0.960374,0.91179,0.872229,0.919823,0.883149,0.827337,0.848289,0.898478,0.983657,0.933632,0.981916,0.976561,0.818122,0.881771,0.824126,0.822494,0.920237,0.886255,0.838948,0.9927,0.973874
0.868926,0.852018,0.862081,0.780941,0.81117,0.854871,0.942978,0.904512,0.927291,0.971281,0.920887,0.829218,0.98382,0.909926,0.89786,0.903678,0.989357,0.982243,0.976976,0.916541,0.900663,0.933601,0.847471,0.981631,0.979467,0.891127,0.792447,0.846253,0.917697,0.859267,0.854365,0.846115,0.861712,0.969241,0.866109,0.965948,0.977285,0.86127,0.898215,0.935336,1,0.950443,0.802441,0.868144,0.936543,0.915114,0.873331,0.888342,0.860086,0.989343,0.899205,0.842145,0.867315,0.917964,0.880729,0.837216,0.837143,0.937611,0.843704,0.834554,0.942429,0.981879,0.921686,0.914003,0.910645,0.895133,0.867022,0.97652,0.975182,0.989368,0.914302,0.970496,0.915844,0.888445,0.96989,0.994562,0.924686,0.867658,0.896628,0.892948,0.989544,0.967497,0.870583,0.973608,0.87151,0.906061,0.981195,0.953276,0.998332,0.977198,0.871876,0.901999,0.823419,0.846028,0.878899,0.949981,0.921678,0.896403,0.962413,0.968916
0.895434,0.831835,0.816409,0.800535,0.84147,0.813269,0.934324,0.919479,0.942532,0.919566,0.89338,0.810725,0.936411,0.856637,0.85169,0.899986,0.931504,0.909046,0.917443,0.865542,0.859884,0.886316,0.894974,0.929795,0.9433,0.952839,0.819948,0.892012,0.869547,0.945716,0.800583,0.863953,0.832543,0.913798,0.818176,0.939134,0.923823,0.891787,0.942838,0.941286,0.950443,1,0.830385,0.843776,0.956554,0.9531,0.831796,0.841861,0.88343,0.947614,0.844307,0.838548,0.880206,0.868084,0.845803,0.857509,0.849745,0.945818,0.86803,0.86554,0.917082,0.943475,0.865505,0.860657,0.856732,0.847439,0.889101,0.918312,0.91685,0.92963,0.860629,0.920598,0.862988,0.909415,0.944019,0.945007,0.87343,0.939021,0.899028,0.923685,0.923051,0.911968,0.857921,0.920293,0.828206,0.856694,0.925067,0.972062,0.948261,0.966159,0.900916,0.865634,0.8321,0.791449,0.871549,0.883226,0.88489,0.847383,0.954242,0.933062
0.772771,0.954144,0.929854,0.963912,0.99387,0.919709,0.8524,0.895578,0.872179,0.846894,0.832544,0.893985,0.824434,0.865621,0.897886,0.90218,0.819934,0.778189,0.825957,0.860346,0.865208,0.880042,0.885883,0.834113,0.812683,0.854234,0.975222,0.968725,0.840181,0.828855,0.950665,0.83615,0.926667,0.786451,0.923103,0.79587,0.819088,0.928217,0.881199,0.867706,0.802441,0.830385,1,0.736006,0.876626,0.82545,0.924951,0.873945,0.907861,0.812547,0.896372,0.959663,0.929015,0.867062,0.913288,0.939994,0.896547,0.868705,0.941498,0.95359,0.798905,0.791906,0.816132,0.825754,0.869549,0.914105,0.890921,0.789402,0.789683,0.788253,0.85927,0.795644,0.858129,0.88651,0.795604,0.805048,0.822251,0.839767,0.911506,0.889287,0.798294,0.74387,0.937992,0.810948,0.952004,0.851386,0.807026,0.851696,0.803134,0.829868,0.921752,0.851376,0.884136,0.933052,0.878253,0.807543,0.846557,0.886536,0.834819,0.818782
0.868711,0.785213,0.842329,0.738236,0.742421,0.837579,0.877465,0.837726,0.848597,0.896308,0.830532,0.863109,0.901434,0.831402,0.812166,0.814614,0.902331,0.900182,0.920044,0.834165,0.816776,0.881025,0.755563,0.898769,0.90921,0.772977,0.7187,0.762495,0.829393,0.823201,0.825871,0.761494,0.836154,0.895906,0.807678,0.892228,0.893554,0.811676,0.808994,0.867074,0.868144,0.843776,0.736006,1,0.863667,0.79613,0.809013,0.822082,0.805805,0.900103,0.852346,0.81023,0.820819,0.885076,0.849131,0.787329,0.791731,0.862819,0.752559,0.781551,0.899539,0.855825,0.852226,0.860162,0.833701,0.814847,0.803839,0.882492,0.886831,0.867834,0.83672,0.867614,0.823861,0.822399,0.899906,0.878129,0.842085,0.805336,0.83665,0.815785,0.902026,0.863946,0.822528,0.89073,0.799044,0.86118,0.903532,0.876041,0.873215,0.885744,0.836036,0.816386,0.858397,0.825219,0.776451,0.962012,0.837267,0.854797,0.888376,0.906757
0.850043,0.849508,0.892114,0.899787,0.898355,0.888432,0.989213,0.987422,0.984352,0.912434,0.888166,0.84446,0.936989,0.845209,0.844089,0.904554,0.924929,0.890916,0.914547,0.855779,0.836744,0.912731,0.862894,0.931467,0.935261,0.90608,0.875542,0.910847,0.842044,0.890973,0.875149,0.844787,0.900366,0.876022,0.825314,0.914083,0.893434,0.971501,0.934496,0.993683,0.936543,0.956554,0.876626,0.863667,1,0.906274,0.834272,0.831048,0.960463,0.93749,0.849909,0.922606,0.952563,0.89882,0.911527,0.950554,0.92627,0.993411,0.885699,0.873108,0.938509,0.897452,0.848968,0.851177,0.84816,0.844427,0.954707,0.880729,0.879915,0.917477,0.85015,0.875522,0.847757,0.971155,0.942205,0.946367,0.844719,0.893683,0.974964,0.95999,0.908463,0.883047,0.929769,0.8843,0.839567,0.85237,0.898777,0.994861,0.935478,0.978657,0.976532,0.827393,0.902629,0.840021,0.839678,0.917277,0.883052,0.849018,0.986033,0.966227
