1,0.789998,0.835041,0.896475,0.88441,0.9801,0.888038,0.940295,0.986457,0.923802,0.913424,0.935019,0.89573,0.87543,0.957827,0.970436,0.903878,0.870862,0.760109,0.827394,0.880766,0.87952,0.826328,0.953336,0.901812,0.818486,0.925818,0.908006,0.870523,0.931521,0.910132,0.887713,0.852552,0.862213,0.824304,0.982888,0.890278,0.941272,0.832147,0.879565,0.835065,0.906268,0.958989,0.986506,0.881849,0.939333,0.869585,0.82496,0.909254,0.909261,0.905367,0.856589,0.756508,0.880025,0.905894,0.918253,0.850656,0.897177,0.977077,0.889177,0.81541,0.942422,0.826821,0.847128,0.937823,0.912697,0.913566,0.860446,0.98335,0.870966,0.903696,0.814612,0.966965,0.927356,0.863032,0.836913,0.900069,0.978304,0.901062,0.84094,0.835671,0.940636,0.973233,0.82885,0.942191,0.860313,0.99116,0.901238,0.910515,0.912145,0.832653,0.936357,0.879011,0.811975,0.865145,0.838729,0.841634,0.791395,0.914705,0.930814
0.789998,1,0.930861,0.883525,0.877023,0.819259,0.810662,0.799343,0.811167,0.794922,0.916251,0.789129,0.757571,0.90784,0.79165,0.81477,0.863238,0.820173,0.7123,0.768147,0.848334,0.792289,0.864131,0.819297,0.849418,0.838127,0.804194,0.759899,0.8500327,0.795631,0.772964,0.847022,0.925382,0.93415,0.728836,0.80945,0.797723,0.808763,0.884236,0.882724,0.850373,0.859555,0.806111,0.818216,0.904402,0.869434,0.938083,0.914258,0.79153,0.900045,0.857541,0.930427,0.827486,0.823321,0.793887,0.765536,0.918029,0.882456,0.833691,0.85001,0.920188,0.840715,0.901874,0.786067,0.806595,0.907047,0.831553,0.838126,0.784234,0.908569,0.864992,0.840254,0.829751,0.815273,0.917242,0.792742,0.876054,0.823449,0.837715,0.869977,0.981701,0.798698,0.804295,0.927409,0.809759,0.829703,0.787101,0.775547,0.785031,0.894657,0.823849,0.860294,0.900661,0.825061,0.902611,0.848707,0.924944,0.946968,0.877291,0.847186
0.835041,0.930861,1,0.839498,0.935784,0.857397,0.864101,0.832917,0.830491,0.800876,0.908743,0.804586,0.76946,0.935735,0.813818,0.83032,0.889741,0.839871,0.78438,0.821203,0.862167,0.867132,0.917793,0.832114,0.873274,0.904363,0.85759,0.791272,0.903358,0.846484,0.822282,0.874309,0.859337,0.950752,0.79513,0.830715,0.847283,0.827762,0.897433,0.894967,0.845479,0.929169,0.819661,0.841415,0.96207,0.882187,0.884582,0.978706,0.837714,0.934779,0.840648,0.870974,0.886095,0.871327,0.808068,0.802377,0.972461,0.903137,0.838962,0.918594,0.953464,0.89776,0.9626,0.870617,0.832324,0.906663,0.855681,0.85522,0.831267,0.924857,0.868793,0.926569,0.874959,0.882415,0.987942,0.857852,0.89396,0.83488,0.917445,0.939161,0.902272,0.841463,0.87179,0.944141,0.848255,0.8768,0.832665,0.796162,0.791686,0.87668,0.855305,0.864946,0.909489,0.906838,0.975901,0.913364,0.956549,0.966929,0.908654,0.900379
0.896475,0.883525,0.839498,1,0.863799,0.902306,0.874127,0.907771,0.887707,0.827752,0.863768,0.847036,0.798625,0.813686,0.870213,0.88632,0.845167,0.813389,0.773625,0.853494,0.876218,0.883239,0.813601,0.894029,0.816242,0.796433,0.934007,0.863567,0.850029,0.919482,0.907422,0.970143,0.940895,0.817846,0.808368,0.884749,0.911912,0.909924,0.863541,0.847801,0.839414,0.921878,0.862548,0.90844,0.875534,0.949416,0.885863,0.803288,0.836083,0.861554,0.853298,0.964137,0.828935,0.904615,0.805873,0.805409,0.803552,0.840065,0.908497,0.89517,0.790049,0.917856,0.830447,0.829519,0.84814,0.84359,0.812794,0.873557,0.894358,0.885527,0.802431,0.794938,0.920435,0.84263,0.856959,0.758829,0.843725,0.902875,0.890282,0.866516,0.895227,0.827533,0.891057,0.805162,0.895924,0.896088,0.897537,0.807856,0.822613,0.902447,0.784178,0.894129,0.885723,0.791976,0.840263,0.829932,0.881924,0.842335,0.847133,0.877489
0.88441,0.877023,0.935784,0.863799,1,0.88748,0.848042,0.799931,0.846613,0.782866,0.873234,0.808323,0.735825,0.810043,0.922309,0.853634,0.86636,0.752304,0.68788,0.765842,0.850439,0.791903,0.846341,0.790374,0.798523,0.770406,0.826637,0.738531,0.793677,0.797603,0.770311,0.890642,0.847479,0.842397,0.694524,0.84797,0.833832,0.812057,0.863302,0.863525,0.767043,0.960625,0.816723,0.868918,0.976469,0.908918,0.860375,0.87789,0.832808,0.94243,0.926094,0.906898,0.796043,0.855291,0.782302,0.801083,0.873411,0.840718,0.863871,0.904348,0.843109,0.964736,0.921839,0.798866,0.948789,0.855662,0.850287,0.833414,0.832035,0.85291,0.89316,0.814652,0.935771,0.839854,0.960789,0.745276,0.818015,0.86136,0.877254,0.912494,0.876752,0.787518,0.908335,0.918668,0.791824,0.864436,0.908875,0.742925,0.73984,0.925428,0.732278,0.833606,0.886753,0.811183,0.932847,0.852458,0.87018,0.954897,0.88336,0.974346
0.9801,0.819259,0.857397,0.902306,0.88748,1,0.848512,0.895273,0.989875,0.946986,0.917823,0.960357,0.887358,0.858295,0.910537,0.989996,0.861075,0.839043,0.790333,0.842499,0.830664,0.891135,0.798148,0.9243,0.881267,0.813908,0.883077,0.881128,0.831809,0.895781,0.874464,0.912452,0.876364,0.853981,0.833977,0.991928,0.843398,0.893312,0.869877,0.847304,0.793749,0.926417,0.978063,0.957507,0.902118,0.968199,0.862858,0.831131,0.955169,0.922055,0.848027,0.86078,0.761255,0.923557,0.925216,0.936462,0.841844,0.859283,0.986974,0.878952,0.819583,0.95317,0.823689,0.889198,0.893038,0.903707,0.879454,0.807845,0.949099,0.83268,0.870881,0.837947,0.975601,0.911143,0.891768,0.858967,0.859829,0.95459,0.939574,0.836221,0.854336,0.9345,0.993557,0.829757,0.910281,0.812568,0.957499,0.893554,0.905862,0.913693,0.839323,0.923556,0.86744,0.852885,0.892576,0.886587,0.84318,0.800509,0.925962,0.923283
0.888038,0.810662,0.864101,0.874127,0.848042,0.848512,1,0.952151,0.856965,0.795125,0.842537,0.800883,0.784296,0.885456,0.909543,0.838363,0.893616,0.812371,0.843271,0.923907,0.96416,0.880808,0.951801,0.930716,0.818406,0.858829,0.934486,0.849297,0.885401,0.913321,0.896149,0.891692,0.837507,0.880938,0.804225,0.848118,0.972956,0.917961,0.836477,0.968523,0.878099,0.918396,0.83139,0.909672,0.857752,0.899161,0.905412,0.870119,0.771387,0.838619,0.905297,0.879714,0.893861,0.883314,0.776643,0.774045,0.901543,0.862257,0.876871,0.976271,0.833085,0.882304,0.933659,0.856895,0.895493,0.848419,0.830956,0.932421,0.896868,0.883214,0.814174,0.831362,0.885501,0.896603,0.848599,0.833943,0.882704,0.901192,0.88955,0.959748,0.851055,0.838291,0.831062,0.792482,0.932782,0.968203,0.906891,0.796614,0.806065,0.897914,0.819562,0.93797,0.920884,0.819714,0.811099,0.795396,0.90338,0.87519,0.81304,0.870442
0.940295,0.799343,0.832917,0.907771,0.799931,0.895273,0.952151,1,0.92072,0.864743,0.863125,0.874628,0.867764,0.889691,0.914498,0.888013,0.905891,0.877731,0.847161,0.916792,0.9432,0.918095,0.899421,0.988997,0.868617,0.836672,0.976287,0.94481,0.922712,0.980871,0.969949,0.878422,0.868572,0.872267,0.871178,0.912054,0.977002,0.96356,0.864572,0.909782,0.912133,0.873063,0.899519,0.952411,0.818934,0.889371,0.877781,0.845472,0.823496,0.829058,0.885637,0.86572,0.842179,0.859141,0.840345,0.843164,0.867131,0.892781,0.916911,0.925267,0.834104,0.861218,0.858262,0.864631,0.885031,0.876074,0.871437,0.933338,0.964969,0.897056,0.845709,0.818019,0.896007,0.909233,0.812988,0.844321,0.923298,0.936412,0.891965,0.870141,0.833865,0.902341,0.874946,0.778849,0.990787,0.943911,0.933856,0.883384,0.897654,0.86425,0.834135,0.922579,0.907879,0.814722,0.800391,0.793731,0.890278,0.818917,0.835163,0.845874
0.986457,0.811167,0.830491,0.887707,0.846613,0.989875,0.856965,0.92072,1,0.962934,0.919273,0.968883,0.919769,0.882265,0.912995,0.989537,0.886359,0.875318,0.796518,0.830749,0.850254,0.896863,0.806949,0.952451,0.907436,0.828428,0.902944,0.920503,0.855936,0.921349,0.899314,0.87879,0.874285,0.874856,0.858528,0.999386,0.857134,0.924562,0.85452,0.863738,0.82098,0.887631,0.989091,0.972847,0.869246,0.940854,0.87004,0.831305,0.944431,0.905416,0.853568,0.845312,0.752828,0.890937,0.941226,0.947462,0.855968,0.889794,0.986206,0.870976,0.834189,0.918749,0.816968,0.879628,0.888326,0.917435,0.892552,0.831739,0.973622,0.847095,0.870007,0.833312,0.951657,0.929727,0.855174,0.881362,0.887185,0.970403,0.916122,0.822303,0.851553,0.963582,0.974766,0.787874,0.937814,0.822872,0.96233,0.929926,0.941701,0.903878,0.859795,0.938432,0.884707,0.842686,0.855239,0.85906,0.830178,0.780936,0.917147,0.904907
0.923802,0.794922,0.800876,0.827752,0.782866,0.946986,0.795125,0.864743,0.962934,1,0.901657,0.992467,0.9635,0.88073,0.830526,0.957816,0.840435,0.918128,0.837055,0.800268,0.797434,0.879264,0.773627,0.913867,0.930507,0.840425,0.838106,0.907996,0.856038,0.871133,0.846819,0.816036,0.835789,0.852186,0.891031,0.967332,0.793706,0.855587,0.844635,0.816052,0.799324,0.82018,0.987286,0.905285,0.823722,0.883207,0.835255,0.819779,0.978974,0.867414,0.780329,0.794141,0.714962,0.838364,0.993322,0.99094,0.829919,0.851115,0.933961,0.809416,0.86629,0.85105,0.772315,0.887273,0.80938,0.891829,0.887877,0.780853,0.918943,0.804447,0.842595,0.889897,0.884893,0.866749,0.818521,0.935839,0.862162,0.904025,0.883767,0.769509,0.824334,0.925996,0.925288,0.757209,0.894172,0.763923,0.887226,0.97596,0.978373,0.852246,0.918769,0.882559,0.833773,0.905168,0.840168,0.918122,0.810555,0.747301,0.914823,0.842271
0.913424,0.916251,0.908743,0.863768,0.873234,0.917823,0.842537,0.863125,0.919273,0.901657,1,0.8944,0.863456,0.961234,0.866703,0.913026,0.9376,0.909754,0.742794,0.769931,0.88481,0.827626,0.884931,0.883853,0.955296,0.902141,0.852409,0.828209,0.920764,0.852649,0.832465,0.859357,0.839903,0.960434,0.797466,0.918155,0.830223,0.865627,0.805985,0.906948,0.904676,0.867422,0.909141,0.91845,0.937591,0.907794,0.950006,0.911736,0.886976,0.977923,0.857914,0.889321,0.825861,0.842634,0.914769,0.898655,0.936779,0.948101,0.926814,0.853006,0.914131,0.889185,0.879022,0.805345,0.870779,0.991247,0.933202,0.875948,0.886024,0.90424,0.911012,0.879889,0.909361,0.875794,0.932269,0.849925,0.954755,0.914972,0.847831,0.863641,0.946873,0.878548,0.897022,0.850978,0.868454,0.842951,0.904351,0.880049,0.878898,0.945879,0.911607,0.906327,0.866744,0.852191,0.927498,0.89764,0.913684,0.8554,0.986057,0.929109
0.935019,0.789129,0.804586,0.847036,0.808323,0.960357,0.800883,0.874628,0.968883,0.992467,0.8944,1,0.951935,0.85645,0.843559,0.972867,0.845104,0.890738,0.824917,0.812801,0.803625,0.877995,0.772945,0.919292,0.905242,0.813305,0.847072,0.913005,0.839834,0.882023,0.851275,0.833224,0.84566,0.838281,0.877702,0.972877,0.80619,0.859454,0.846533,0.81427,0.799754,0.840902,0.985403,0.909634,0.83763,0.899397,0.836388,0.818472,0.97846,0.873121,0.787057,0.808938,0.708878,0.864035,0.978027,0.984429,0.817651,0.841481,0.945612,0.814624,0.840338,0.87383,0.767319,0.892819,0.822406,0.882978,0.877114,0.786945,0.926804,0.803931,0.839805,0.866752,0.906712,0.858584,0.830181,0.911494,0.852053,0.91468,0.897369,0.772251,0.822988,0.916117,0.945331,0.768763,0.897514,0.772941,0.897582,0.963636,0.963475,0.858268,0.890876,0.881825,0.834862,0.889026,0.846217,0.910201,0.809751,0.751502,0.90401,0.855508
0.89573,0.757571,0.76946,0.798625,0.735825,0.887358,0.784296,0.867764,0.919769,0.9635,0.863456,0.951935,1,0.861714,0.801279,0.905914,0.82659,0.936986,0.814154,0.777763,0.79553,0.856417,0.769955,0.905619,0.925364,0.812831,0.846491,0.915875,0.86927,0.880556,0.854711,0.757003,0.794418,0.809987,0.87089,0.920451,0.795938,0.861184,0.797521,0.791581,0.815752,0.762907,0.940436,0.879485,0.765582,0.809431,0.794174,0.796017,0.921928,0.81292,0.77261,0.756476,0.6945057,0.741544,0.958848,0.958188,0.800266,0.853991,0.861993,0.778969,0.844647,0.804898,0.736826,0.825127,0.783697,0.852791,0.886221,0.784691,0.912533,0.820126,0.844977,0.86179,0.815514,0.826355,0.766893,0.899553,0.861014,0.863252,0.834182,0.736533,0.773795,0.89465,0.865465,0.737924,0.886382,0.768992,0.862896,0.979993,0.971235,0.792314,0.869066,0.841681,0.797972,0.8733,0.797595,0.868753,0.803219,0.719538,0.872041,0.79342
0.87543,0.90784,0.935735,0.813686,0.810043,0.858295,0.885456,0.889691,0.882265,0.88073,0.961234,0.85645,0.861714,1,0.842331,0.861938,0.928551,0.929252,0.815773,0.816977,0.897831,0.881403,0.923483,0.901707,0.957049,0.961313,0.887307,0.850225,0.963867,0.885303,0.870099,0.825548,0.844499,0.983093,0.857916,0.877148,0.868335,0.876753,0.853644,0.923454,0.911787,0.850722,0.877811,0.895846,0.87195,0.854676,0.927975,0.960326,0.839239,0.906985,0.846934,0.830712,0.865651,0.824682,0.896474,0.869771,0.97578,0.942595,0.886267,0.899669,0.966239,0.821879,0.919844,0.859616,0.830545,0.965845,0.927565,0.887231,0.884603,0.919858,0.891675,0.943671,0.843764,0.906017,0.89855,0.916873,0.963885,0.891683,0.874254,0.898915,0.91807,0.886934,0.830196,0.865072,0.902135,0.873395,0.868978,0.889405,0.887527,0.891128,0.955469,0.918022,0.901429,0.91249,0.90226,0.887163,0.938413,0.886044,0.936505,0.852145
0.957827,0.79165,0.813818,0.870213,0.922309,0.910537,0.909543,0.914498,0.912995,0.830526,0.866703,0.843559,0.801279,0.842331,1,0.889303,0.926787,0.826824,0.704881,0.789145,0.909252,0.819367,0.851619,0.901103,0.85548,0.789589,0.911008,0.845871,0.864362,0.891651,0.877081,0.865565,0.835614,0.837782,0.759037,0.907014,0.904516,0.913469,0.792155,0.897416,0.815283,0.895076,0.871159,0.952926,0.889427,0.892544,0.866719,0.798712,0.825558,0.895143,0.978315,0.871765,0.770139,0.847747,0.829449,0.845378,0.837947,0.884528,0.920469,0.893609,0.762501,0.921687,0.852503,0.794478,0.993355,0.880689,0.90934,0.890874,0.940856,0.89454,0.913062,0.770424,0.942902,0.89084,0.851737,0.765885,0.890415,0.948529,0.832879,0.875729,0.81865,0.863369,0.916255,0.860677,0.90588,0.90559,0.982028,0.82513,0.833926,0.913903,0.78725,0.89125,0.84377,0.754376,0.839793,0.782947,0.839849,0.8144936,0.872216,0.951299
0.970436,0.81477,0.83032,0.88632,0.853634,0.989996,0.838363,0.888013,0.989537,0.957816,0.913026,0.972867,0.905914,0.861938,0.889303,1,0.862879,0.839315,0.791519,0.830626,0.824072,0.882896,0.789804,0.922748,0.885918,0.816542,0.874935,0.887224,0.823542,0.89484,0.859656,0.889853,0.880239,0.856126,0.840497,0.990233,0.829727,0.887087,0.8404447,0.848507,0.79177,0.897707,0.97772,0.947892,0.874741,0.951192,0.860591,0.833743,0.948466,0.906971,0.825171,0.845411,0.746409,0.909876,0.931612,0.942046,0.841523,0.856991,0.98165,0.860552,0.821007,0.92966,0.798897,0.880627,0.86611,0.900869,0.875328,0.800592,0.947953,0.822986,0.853932,0.831167,0.95055,0.905252,0.863774,0.868315,0.851725,0.958187,0.92349,0.817923,0.849137,0.939405,0.979453,0.785634,0.902585,0.795428,0.943919,0.908777,0.912974,0.903351,0.851185,0.931177,0.872457,0.841329,0.864742,0.869864,0.822308,0.7736986,0.915357,0.901888
0.903878,0.863238,0.889741,0.845167,0.86636,0.861075,0.893616,0.905891,0.886359,0.840435,0.9376,0.845104,0.82659,0.928551,0.926787,0.862879,1,0.897608,0.71777037,0.771938,0.952274,0.824015,0.926757,0.902824,0.922135,0.86743,0.902536,0.873847,0.937511,0.896445,0.876309,0.823216,0.804707,0.944588,0.792623,0.878606,0.896699,0.910856,0.775953,0.9417,0.929797,0.845855,0.858857,0.92056,0.906649,0.842387,0.949242,0.901544,0.800553,0.933455,0.944092,0.892173,0.8445226,0.80578,0.845614,0.840654,0.933665,0.978913,0.885756,0.876668,0.858865,0.842914,0.905973,0.795116,0.929754,0.961583,0.931224,0.952825,0.91499,0.961224,0.911905,0.823845,0.86833,0.873612,0.888954,0.800227,0.973127,0.925234,0.815725,0.899412,0.913468,0.865686,0.847505,0.82182,0.901322,0.928793,0.917512,0.863118,0.861935,0.928224,0.851936,0.884799,0.862202,0.791432,0.854204,0.798528,0.906383,0.870533,0.90569,0.926723
0.870862,0.820173,0.839871,0.813389,0.752304,0.839043,0.812371,0.877731,0.875318,0.918128,0.909754,0.890738,0.936986,0.929252,0.826824,0.839315,0.897608,1,0.822096,0.7469724,0.848654,0.845102,0.828456,0.892297,0.984205,0.902876,0.878849,0.916967,0.956581,0.888288,0.883854,0.779595,0.792094,0.889362,0.885184,0.870665,0.82963,0.903319,0.795534,0.831199,0.893612,0.775814,0.885593,0.885896,0.801214,0.79336,0.851106,0.864023,0.875064,0.847156,0.814244,0.790014,0.796769,0.753387,0.940738,0.92454,0.866196,0.938722,0.8459,0.806012,0.915702,0.781221,0.80347,0.817614,0.808635,0.917408,0.936968,0.850006,0.897831,0.897985,0.89002,0.899255,0.810388,0.851761,0.816608,0.892894,0.947037,0.875139,0.804329,0.788442,0.833066,0.885927,0.819258,0.796348,0.885186,0.820635,0.860107,0.968622,0.961718,0.811597,0.917328,0.841432,0.825659,0.888076,0.850512,0.879894,0.875264,0.781661,0.912766,0.809314
0.760109,0.7123,0.78438,0.773625,0.68788,0.790333,0.843271,0.847161,0.796518,0.837055,0.742794,0.824917,0.814154,0.815773,0.704881,0.791519,0.71777037,0.822096,1,0.954616,0.76984,0.919197,0.844092,0.845255,0.794528,0.89583,0.828683,0.862891,0.828297,0.853243,0.857122,0.806228,0.744576,0.781952,0.962986,0.800825,0.845173,0.782975,0.827128,0.787359,0.833617,0.778962,0.8261,0.745313,0.722817,0.790854,0.731725,0.811952,0.844073,0.719732,0.697371,0.712312,0.88051,0.850121,0.831137,0.827865,0.805784,0.744353,0.776444,0.823984,0.826053,0.738887,0.790346,0.925535,0.67961,0.7282711,0.763888,0.786682,0.800547,0.768039,0.724811,0.899223,0.750618,0.785378,0.76032,0.932796,0.771335,0.74421,0.87916,0.815279,0.696864,0.795884,0.780333,0.740966,0.847939,0.809456,0.730581,0.8401924,0.8450677,0.704707,0.878689,0.807352,0.775595,0.914009,0.774258,0.868074,0.83029,0.72589,0.760796,0.685873
0.827394,0.768147,0.821203,0.853494,0.765842,0.842499,0.923907,0.916792,0.830749,0.800268,0.769931,0.812801,0.777763,0.816977,0.789145,0.830626,0.771938,0.7469724,0.954616,1,0.841563,0.926206,0.89494,0.899904,0.747136,0.866813,0.878643,0.8478558,0.83473,0.891704,0.892875,0.87714,0.822317,0.799725,0.911224,0.830913,0.922852,0.8299675,0.85361,0.847031,0.855511,0.863034,0.830252,0.813283,0.788812,0.877952,0.78248,0.829155,0.816415,0.77139,0.77901,0.805826,0.916754,0.919018,0.772131,0.780815,0.832454,0.759246,0.836584,0.902908,0.793115,0.828221,0.845288,0.918906,0.76348,0.757916,0.76369,0.840409,0.846352,0.8028006,0.748362,0.834267,0.840617,0.830163,0.809829,0.870777,0.8034,0.803628,0.919206,0.879871,0.755391,0.810076,0.832861,0.766904,0.906736,0.884489,0.807234,0.782466,0.794005,0.778602,0.798511,0.85963,0.836798,0.851399,0.795321,0.818446,0.876756,0.781519,0.768334,0.759111
0.880766,0.848334,0.862167,0.876218,0.850439,0.830664,0.96416,0.9432,0.850254,0.797434,0.88481,0.803625,0.79553,0.897831,0.909252,0.824072,0.952274,0.848654,0.76984,0.841563,1,0.846973,0.953511,0.923018,0.847271,0.839673,0.934326,0.864377,0.908082,0.912937,0.902849,0.861975,0.82336,0.91147,0.795911,0.840677,0.961836,0.926861,0.793722,0.978212,0.934553,0.872151,0.826465,0.915718,0.875197,0.861255,0.956893,0.863898,0.75416,0.876743,0.918896,0.914468,0.866151,0.807558,0.785729,0.777654,0.912898,0.921166,0.868,0.931279,0.827414,0.853304,0.925857,0.791403,0.907425,0.89852,0.847769,0.988986,0.888849,0.91542,0.825104,0.797188,0.867579,0.869698,0.84943,0.793261,0.9303,0.904863,0.823206,0.932244,0.905684,0.82195,0.804703,0.761281,0.919185,0.979443,0.904559,0.813992,0.822784,0.932547,0.826185,0.914533,0.898229,0.774555,0.799267,0.760728,0.893266,0.883087,0.834818,0.898451
0.87952,0.792289,0.867132,0.883239,0.791903,0.891135,0.880808,0.918095,0.896863,0.879264,0.827626,0.877995,0.856417,0.881403,0.819367,0.882896,0.824015,0.845102,0.919197,0.926206,0.846973,1,0.837043,0.931614,0.82609,0.906808,0.94618,0.942626,0.873849,0.959357,0.963238,0.920586,0.861178,0.86928,0.966465,0.896513,0.88712,0.911283,0.919643,0.854297,0.830097,0.886385,0.901569,0.87797,0.819113,0.892732,0.820192,0.872024,0.877032,0.808786,0.792508,0.805573,0.862689,0.917814,0.852993,0.852507,0.887642,0.836136,0.887383,0.916923,0.861586,0.848347,0.869766,0.959488,0.786444,0.823448,0.811158,0.846882,0.91402,0.86169,0.788956,0.899905,0.85666,0.915185,0.842052,0.940708,0.844896,0.864206,0.962412,0.883236,0.7903,0.902789,0.881613,0.797366,0.943435,0.852367,0.854699,0.875226,0.889068,0.813168,0.885351,0.914211,0.896619,0.910464,0.834815,0.865817,0.86745,0.824879,0.814951,0.795039
0.826328,0.864131,0.917793,0.813601,0.846341,0.798148,0.951801,0.899421,0.806949,0.773627,0.884931,0.772945,0.769955,0.923483,0.851619,0.789804,0.926757,0.828456,0.844092,0.89494,0.953511,0.837043,1,0.882881,0.841381,0.893347,0.869993,0.808523,0.922861,0.860269,0.840079,0.826788,0.787115,0.927919,0.787062,0.800654,0.923824,0.848767,0.800349,0.962655,0.938998,0.866153,0.794062,0.842697,0.891983,0.838078,0.929132,0.919815,0.753851,0.882012,0.897507,0.867673,0.958972,0.832552,0.771689,0.761929,0.949279,0.904449,0.817953,0.92287,0.866409,0.825224,0.950858,0.82898,0.860284,0.893087,0.859791,0.939987,0.841328,0.929139,0.850156,0.852942,0.823539,0.832792,0.90071,0.826347,0.927417,0.833209,0.848753,0.959205,0.888291,0.78976,0.781098,0.838529,0.885662,0.956051,0.838257,0.785811,0.787306,0.88641,0.833427,0.871967,0.8612,0.831913,0.857268,0.815736,0.955682,0.898804,0.846778,0.8602
0.953336,0.819297,0.832114,0.894029,0.790374,0.9243,0.930716,0.988997,0.952451,0.913867,0.883853,0.919292,0.905619,0.901707,0.901103,0.922748,0.902824,0.892297,0.845255,0.899904,0.923018,0.931614,0.882881,1,0.887477,0.84781,0.959206,0.962048,0.914111,0.974917,0.964901,0.865147,0.887121,0.886835,0.888027,0.946458,0.942009,0.961738,0.88472,0.905838,0.893938,0.860701,0.942743,0.958525,0.817984,0.898856,0.889006,0.849779,0.869273,0.844211,0.863526,0.851185,0.80002,0.867133,0.887364,0.88864,0.874504,0.899397,0.941769,0.911636,0.848879,0.85984,0.852727,0.891071,0.870169,0.892632,0.875356,0.904998,0.974288,0.881626,0.842856,0.83214,0.903756,0.913572,0.813248,0.884993,0.923453,0.945047,0.905689,0.856778,0.852674,0.929943,0.897511,0.767415,0.99363,0.905991,0.934128,0.919997,0.936349,0.870989,0.85908,0.936347,0.910126,0.839879,0.804719,0.812073,0.875583,0.81147,0.856786,0.846675
0.901812,0.849418,0.873274,0.816242,0.798523,0.881267,0.818406,0.868617,0.907436,0.930507,0.955296,0.905242,0.925364,0.957049,0.85548,0.885918,0.922135,0.984205,0.794528,0.747136,0.847271,0.82609,0.841381,0.887477,1,0.909719,0.86665,0.883256,0.94981,0.873812,0.853038,0.788942,0.808345,0.925701,0.843625,0.903049,0.822549,0.894592,0.797184,0.856268,0.88585,0.813483,0.903413,0.910969,0.851719,0.837774,0.877966,0.900645,0.893889,0.904435,0.837022,0.81076,0.798442,0.784798,0.955214,0.938678,0.903901,0.952928,0.889929,0.827386,0.934558,0.827289,0.831061,0.815789,0.840839,0.959721,0.961286,0.84468,0.908646,0.903557,0.918625,0.91654,0.853552,0.881712,0.862388,0.897429,0.95634,0.910189,0.828256,0.812787,0.867632,0.902274,0.863328,0.8157552,0.878326,0.817779,0.892415,0.95667,0.945674,0.863485,0.933041,0.877338,0.849709,0.893819,0.890431,0.899561,0.884628,0.809065,0.959667,0.861183
0.818486,0.838127,0.904363,0.796433,0.770406,0.813908,0.858829,0.836672,0.828428,0.840425,0.902141,0.813305,0.812831,0.961313,0.789589,0.816542,0.86743,0.902876,0.89583,0.866813,0.839673,0.906808,0.893347,0.84781,0.909719,1,0.880057,0.849905,0.929726,0.875521,0.880142,0.851072,0.783699,0.939239,0.918612,0.825055,0.825073,0.853914,0.819311,0.879059,0.899785,0.829979,0.826582,0.83248,0.830501,0.82519,0.868899,0.937315,0.818536,0.853484,0.788162,0.768156,0.930098,0.846309,0.858914,0.83583,0.945255,0.88921,0.836386,0.87552,0.935049,0.785755,0.889966,0.875248,0.772773,0.897179,0.885372,0.852984,0.83838,0.888858,0.84851,0.95433,0.796162,0.869972,0.869059,0.926406,0.903991,0.832559,0.867853,0.891707,0.847479,0.837858,0.79666,0.836181,0.853713,0.819123,0.812477,0.853338,0.848596,0.830385,0.967742,0.889034,0.854035,0.918487,0.879749,0.886967,0.901458,0.835111,0.891328,0.796462
0.925818,0.804194,0.85759,0.934007,0.826637,0.883077,0.934486,0.976287,0.902944,0.838106,0.852409,0.847072,0.846491,0.887307,0.911008,0.874935,0.902536,0.878849,0.828683,0.878643,0.934326,0.94618,0.869993,0.959206,0.86665,0.880057,1,0.943225,0.915093,0.991581,0.980279,0.929028,0.875815,0.875606,0.892282,0.893341,0.967959,0.979677,0.873672,0.905924,0.889302,0.90369,0.872039,0.945242,0.835846,0.897195,0.86978,0.865118,0.808265,0.828783,0.885894,0.881947,0.857142,0.880183,0.816663,0.817677,0.884036,0.902109,0.899549,0.942058,0.848278,0.87833,0.880393,0.871144,0.881436,0.860181,0.861558,0.93408,0.95869,0.917225,0.841195,0.843056,0.886512,0.921731,0.834485,0.845679,0.903606,0.933545,0.908912,0.900198,0.828415,0.898359,0.87187,0.796409,0.968629,0.941872,0.929854,0.866286,0.874258,0.865864,0.844241,0.937319,0.92777,0.826117,0.820054,0.805426,0.886506,0.851751,0.826737,0.854068
0.908006,0.759899,0.791272,0.863567,0.738531,0.881128,0.849297,0.94481,0.920503,0.907996,0.828209,0.913005,0.915875,0.850225,0.845871,0.887224,0.873847,0.916967,0.862891,0.8478558,0.864377,0.942626,0.808523,0.962048,0.883256,0.849905,0.943225,1,0.891628,0.971269,0.968736,0.841936,0.842181,0.834474,0.941757,0.91552,0.884933,0.953003,0.863188,0.829035,0.863684,0.800039,0.917768,0.910033,0.76289,0.829432,0.82481,0.815058,0.863009,0.787225,0.809548,0.793166,0.792036,0.833961,0.88978,0.893447,0.823605,0.891256,0.884847,0.841662,0.820379,0.794689,0.788459,0.889472,0.809986,0.8435,0.852319,0.865355,0.958149,0.870463,0.81391,0.826448,0.836134,0.876523,0.767806,0.883923,0.888047,0.90412,0.876149,0.798853,0.787494,0.936245,0.865114,0.730339,0.957776,0.847592,0.880928,0.949601,0.955643,0.791338,0.860097,0.872157,0.852873,0.841576,0.771561,0.806285,0.827287,0.764007,0.80985,0.78517
0.870523,0.8500327,0.903358,0.850029,0.793677,0.831809,0.885401,0.922712,0.855936,0.856038,0.920764,0.839834,0.86927,0.963867,0.864362,0.823542,0.937511,0.956581,0.828297,0.83473,0.908082,0.873849,0.922861,0.914111,0.94981,0.929726,0.915093,0.891628,1,0.916717,0.906521,0.832866,0.8056094,0.931101,0.865482,0.849506,0.906097,0.897975,0.821597,0.886317,0.944873,0.830861,0.847103,0.882951,0.855033,0.829599,0.887085,0.922147,0.827074,0.874194,0.880661,0.843477,0.876298,0.81714,0.878977,0.865465,0.925371,0.944767,0.848792,0.874438,0.924506,0.803962,0.877205,0.843874,0.851743,0.930602,0.953067,0.91236,0.901504,0.958223,0.924495,0.915665,0.830378,0.855685,0.876477,0.878592,0.981505,0.870558,0.84769,0.870387,0.861685,0.845193,0.816684,0.871832,0.923805,0.908239,0.868488,0.905423,0.900088,0.842327,0.918845,0.857446,0.85133,0.892422,0.886063,0.884478,0.961436,0.843132,0.910066,0.830929
0.931521,0.795631,0.846484,0.919482,0.797603,0.895781,0.913321,0.980871,0.921349,0.871133,0.852649,0.882023,0.880556,0.885303,0.891651,0.89484,0.896445,0.888288,0.853243,0.891704,0.912937,0.959357,0.860269,0.974917,0.873812,0.875521,0.991581,0.971269,0.916717,1,0.985915,0.906297,0.877296,0.869377,0.917859,0.913249,0.952533,0.973592,0.884941,0.881547,0.892623,0.876865,0.899071,0.939464,0.815871,0.885468,0.854925,0.861605,0.835753,0.820915,0.862075,0.854411,0.845408,0.875431,0.844387,0.849507,0.874029,0.899808,0.905786,0.916503,0.846727,0.858031,0.850988,0.890281,0.857912,0.860711,0.867452,0.914091,0.971426,0.910511,0.842764,0.843683,0.876801,0.911245,0.821442,0.867377,0.905306,0.929228,0.916622,0.867852,0.817357,0.91463,0.882952,0.786527,0.980299,0.917141,0.920053,0.899471,0.90689,0.841506,0.850063,0.924562,0.91076,0.836749,0.813496,0.809392,0.880571,0.827079,0.827962,0.830112
0.910132,0.772964,0.822282,0.907422,0.770311,0.874464,0.896149,0.969949,0.899314,0.846819,0.832465,0.851275,0.854711,0.870099,0.877081,0.859656,0.876309,0.883854,0.857122,0.892875,0.902849,0.963238,0.840079,0.964901,0.853038,0.880142,0.980279,0.968736,0.906521,0.985915,1,0.906349,0.847251,0.858854,0.928884,0.892385,0.937693,0.971175,0.869835,0.86437,0.887255,0.853057,0.88288,0.924252,0.795067,0.869633,0.844349,0.827222,0.81731,0.799463,0.845821,0.835055,0.850871,0.878953,0.824432,0.825741,0.856702,0.889834,0.890847,0.899416,0.821161,0.829026,0.843832,0.890485,0.84308,0.842856,0.841076,0.907852,0.950805,0.891481,0.816729,0.827057,0.861884,0.892557,0.798568,0.86173,0.898472,0.903041,0.896342,0.857021,0.802394,0.904717,0.857482,0.76545,0.973965,0.902209,0.898534,0.877778,0.897023,0.824282,0.853813,0.905433,0.883742,0.821812,0.78729,0.790247,0.862015,0.79452,0.806682,0.807807
0.887713,0.847022,0.874309,0.970143,0.890642,0.912452,0.891692,0.878422,0.87879,0.816036,0.859357,0.833224,0.757003,0.825548,0.865565,0.889853,0.823216,0.779595,0.806228,0.87714,0.861975,0.920586,0.826788,0.865147,0.788942,0.851072,0.929028,0.841936,0.832866,0.906297,0.906349,1,0.889328,0.822856,0.839789,0.879723,0.892852,0.889573,0.860146,0.861272,0.797921,0.95866,0.856187,0.888527,0.90233,0.970231,0.869274,0.843055,0.850493,0.880422,0.83393,0.930235,0.860458,0.949752,0.797017,0.799898,0.851952,0.812102,0.91339,0.936197,0.806422,0.94066,0.884857,0.878103,0.850236,0.82968,0.796346,0.854807,0.869333,0.863144,0.786004,0.846483,0.934591,0.885498,0.890778,0.811528,0.814349,0.88307,0.930481,0.920817,0.869196,0.827845,0.908365,0.814153,0.876409,0.880404,0.892163,0.768979,0.78285,0.914375,0.810886,0.903643,0.878202,0.836061,0.868562,0.858537,0.877011,0.852903,0.858041,0.897741
0.852552,0.925382,0.859337,0.940895,0.847479,0.876364,0.837507,0.868572,0.874285,0.835789,0.839903,0.84566,0.794418,0.844499,0.835614,0.880239,0.804707,0.792094,0.744576,0.822317,0.82336,0.861178,0.787115,0.887121,0.808345,0.783699,0.875815,0.842181,0.8056094,0.877296,0.847251,0.889328,1,0.858134,0.78575,0.870387,0.851054,0.874291,0.955457,0.842175,0.787504,0.892384,0.861155,0.871951,0.829326,0.915124,0.86528,0.857786,0.825759,0.81518,0.836881,0.910933,0.7437389,0.881588,0.80219,0.79047,0.842613,0.815549,0.890703,0.883747,0.873726,0.8767,0.841068,0.849908,0.817813,0.833797,0.796979,0.806694,0.8599138,0.847334,0.824471,0.808906,0.875547,0.874225,0.838823,0.815363,0.812543,0.884388,0.903818,0.827779,0.902764,0.86871,0.866284,0.871044,0.88019,0.823376,0.841517,0.810811,0.82885,0.851529,0.788493,0.906405,0.95237,0.816387,0.841454,0.818185,0.854475,0.896216,0.810122,0.806258
0.862213,0.93415,0.950752,0.817846,0.842397,0.853981,0.880938,0.872267,0.874856,0.852186,0.960434,0.838281,0.809987,0.983093,0.837782,0.856126,0.944588,0.889362,0.781952,0.799725,0.91147,0.86928,0.927919,0.886835,0.925701,0.939239,0.875606,0.834474,0.931101,0.869377,0.858854,0.822856,0.858134,1,0.832236,0.869884,0.859446,0.872734,0.867684,0.943791,0.904021,0.860184,0.867988,0.893763,0.895734,0.85683,0.959465,0.963452,0.811174,0.923983,0.849018,0.864034,0.874316,0.828642,0.85697,0.828243,0.988675,0.951361,0.891128,0.904286,0.95037,0.822489,0.953021,0.853978,0.832733,0.973021,0.884746,0.904684,0.867423,0.914685,0.850717,0.906479,0.848196,0.909355,0.914255,0.88095,0.953455,0.894942,0.869363,0.919219,0.955079,0.884639,0.824129,0.860286,0.88825,0.881718,0.858557,0.846042,0.853359,0.922456,0.923583,0.920047,0.916347,0.873716,0.895405,0.846338,0.919571,0.926596,0.918049,0.876214
0.824304,0.728836,0.79513,0.808368,0.694524,0.833977,0.804225,0.871178,0.858528,0.891031,0.797466,0.877702,0.87089,0.857916,0.759037,0.840497,0.792623,0.885184,0.962986,0.911224,0.795911,0.966465,0.787062,0.888027,0.843625,0.918612,0.892282,0.941757,0.865482,0.917859,0.928884,0.839789,0.78575,0.832236,1,0.86033,0.840763,0.863516,0.855748,0.79352,0.846277,0.783855,0.88406,0.82225,0.737516,0.804545,0.776712,0.822726,0.868001,0.751947,0.729809,0.731122,0.851168,0.847832,0.880882,0.873088,0.837,0.808956,0.837411,0.82711,0.846017,0.74645,0.795355,0.934143,0.72493,0.795454,0.808435,0.82333,0.87026,0.815116,0.761389,0.910162,0.773782,0.850683,0.762451,0.954703,0.825095,0.81329,0.890206,0.808592,0.746415,0.860983,0.814815,0.730684,0.896695,0.80146,0.793482,0.905623,0.91436,0.754219,0.9334,0.855916,0.8169,0.912445,0.772965,0.859806,0.801593,0.741508,0.793159,0.724734
0.982888,0.80945,0.830715,0.884749,0.84797,0.991928,0.848118,0.912054,0.999386,0.967332,0.918155,0.972877,0.920451,0.877148,0.907014,0.990233,0.878606,0.870665,0.800825,0.830913,0.840677,0.896513,0.800654,0.946458,0.903049,0.825055,0.893341,0.91552,0.849506,0.913249,0.892385,0.879723,0.870387,0.869884,0.86033,1,0.847255,0.914174,0.853286,0.855687,0.81333,0.887997,0.992091,0.966429,0.871864,0.942011,0.865558,0.82653,0.953658,0.906653,0.847492,0.842219,0.75097,0.894333,0.94638,0.953032,0.850672,0.882318,0.985214,0.864798,0.829908,0.919033,0.812476,0.884388,0.883625,0.914244,0.889054,0.822043,0.967563,0.840717,0.868141,0.835081,0.951804,0.923189,0.858694,0.8845,0.880671,0.963414,0.918918,0.818239,0.849407,0.959931,0.977573,0.792247,0.931573,0.813593,0.956801,0.93026,0.942662,0.901649,0.860036,0.931595,0.875952,0.849091,0.859534,0.867901,0.828724,0.775271,0.918511,0.903721
0.890278,0.797723,0.847283,0.911912,0.833832,0.843398,0.972956,0.977002,0.857134,0.793706,0.830223,0.80619,0.795938,0.868335,0.904516,0.829727,0.896699,0.82963,0.845173,0.922852,0.961836,0.88712,0.923824,0.942009,0.822549,0.825073,0.967959,0.884933,0.906097,0.952533,0.937693,0.892852,0.851054,0.859446,0.840763,0.847255,1,0.930978,0.84436,0.926533,0.908148,0.899707,0.830361,0.918234,0.840874,0.879265,0.875031,0.847991,0.766691,0.816563,0.896632,0.896622,0.886898,0.848277,0.773719,0.772299,0.868258,0.863415,0.870306,0.947389,0.823804,0.866741,0.890911,0.832861,0.883111,0.84521,0.833045,0.959935,0.913363,0.895376,0.813471,0.808672,0.877656,0.898875,0.82827,0.801522,0.894963,0.903916,0.873804,0.90701,0.826484,0.846082,0.830339,0.781216,0.954673,0.984403,0.904398,0.814874,0.825919,0.870999,0.801855,0.902702,0.912181,0.797939,0.801624,0.782371,0.897909,0.859411,0.799573,0.850929
0.941272,0.808763,0.827762,0.909924,0.812057,0.893312,0.917961,0.96356,0.924562,0.855587,0.865627,0.859454,0.861184,0.876753,0.913469,0.887087,0.910856,0.903319,0.782975,0.8299675,0.926861,0.911283,0.848767,0.961738,0.894592,0.853914,0.979677,0.953003,0.897975,0.973592,0.971175,0.889573,0.874291,0.872734,0.863516,0.914174,0.930978,1,0.853344,0.903827,0.873817,0.870971,0.89143,0.9674,0.818154,0.880132,0.884495,0.836742,0.809398,0.83434,0.873827,0.863681,0.807844,0.844898,0.83821,0.834552,0.861833,0.928245,0.913875,0.91066,0.838906,0.867252,0.856943,0.834252,0.88331,0.881106,0.8613,0.915647,0.966992,0.896074,0.832204,0.803754,0.89119,0.934327,0.808035,0.821018,0.911178,0.958265,0.870202,0.866941,0.845269,0.942533,0.87599,0.756603,0.95795,0.905387,0.943166,0.885359,0.895975,0.870978,0.828168,0.935425,0.921504,0.791069,0.79805,0.774589,0.848695,0.828454,0.838584,0.863227
0.832147,0.884236,0.897433,0.863541,0.863302,0.869877,0.836477,0.864572,0.85452,0.844635,0.805985,0.846533,0.797521,0.853644,0.792155,0.8404447,0.775953,0.795534,0.827128,0.85361,0.793722,0.919643,0.800349,0.88472,0.797184,0.819311,0.873672,0.863188,0.821597,0.884941,0.869835,0.860146,0.955457,0.867684,0.855748,0.853286,0.84436,0.853344,1,0.819773,0.756946,0.904641,0.86837,0.844697,0.840018,0.878313,0.819818,0.883968,0.865819,0.794441,0.789287,0.827508,0.764356,0.892518,0.809525,0.804063,0.867327,0.798651,0.859686,0.900258,0.903421,0.874692,0.873191,0.933996,0.788702,0.809888,0.760366,0.779605,0.853548,0.815611,0.805527,0.871448,0.87085,0.897298,0.869671,0.895901,0.799095,0.839294,0.956559,0.84249,0.856973,0.890489,0.892805,0.892077,0.899997,0.813676,0.803846,0.828038,0.84722,0.791796,0.817518,0.882751,0.945257,0.899927,0.881736,0.868886,0.850124,0.899955,0.7860791,0.795136
0.879565,0.882724,0.894967,0.847801,0.863525,0.847304,0.968523,0.909782,0.863738,0.816052,0.906948,0.81427,0.791581,0.923454,0.897416,0.848507,0.9417,0.831199,0.787359,0.847031,0.978212,0.854297,0.962655,0.905838,0.856268,0.879059,0.905924,0.829035,0.886317,0.881547,0.86437,0.861272,0.842175,0.943791,0.79352,0.855687,0.926533,0.903827,0.819773,1,0.894594,0.893931,0.842918,0.912607,0.891711,0.882234,0.973374,0.90237,0.773723,0.899995,0.90427,0.900705,0.881426,0.832904,0.803735,0.789638,0.950984,0.916755,0.885071,0.953452,0.864151,0.868509,0.960971,0.82051,0.896672,0.915064,0.843718,0.947637,0.875963,0.899196,0.819856,0.834571,0.873859,0.895847,0.876191,0.833072,0.913488,0.911441,0.853084,0.964059,0.933656,0.846053,0.817734,0.78522,0.897699,0.948989,0.901559,0.806561,0.814249,0.953964,0.852166,0.950146,0.926904,0.809662,0.824415,0.785023,0.893885,0.915436,0.857347,0.910198
0.835065,0.850373,0.845479,0.839414,0.767043,0.793749,0.878099,0.912133,0.82098,0.799324,0.904676,0.799754,0.815752,0.911787,0.815283,0.79177,0.929797,0.893612,0.833617,0.855511,0.934553,0.830097,0.938998,0.893938,0.88585,0.899785,0.889302,0.863684,0.944873,0.892623,0.887255,0.797921,0.787504,0.904021,0.846277,0.81333,0.908148,0.873817,0.756946,0.894594,1,0.76698,0.808025,0.858991,0.828553,0.787895,0.909505,0.860313,0.75036,0.859861,0.838939,0.861593,0.930166,0.7300248,0.805175,0.789605,0.886534,0.92723,0.820734,0.822046,0.847985,0.765094,0.83947,0.741641,0.814568,0.914888,0.876139,0.95686,0.855622,0.912772,0.845141,0.805522,0.797493,0.806031,0.824064,0.777264,0.957901,0.842303,0.765575,0.829355,0.879211,0.796057,0.765682,0.758537,0.888536,0.91814,0.831515,0.838188,0.838523,0.855192,0.856853,0.828902,0.815535,0.771144,0.809477,0.770852,0.901535,0.819598,0.861085,0.821979
0.906268,0.859555,0.929169,0.921878,0.960625,0.926417,0.918396,0.873063,0.887631,0.82018,0.867422,0.840902,0.762907,0.850722,0.895076,0.897707,0.845855,0.775814,0.778962,0.863034,0.872151,0.886385,0.866153,0.860701,0.813483,0.829979,0.90369,0.800039,0.830861,0.876865,0.853057,0.95866,0.892384,0.860184,0.783855,0.887997,0.899707,0.870971,0.904641,0.893931,0.76698,1,0.861348,0.906878,0.94874,0.971215,0.859095,0.895747,0.864366,0.911467,0.8543994,0.918536,0.829178,0.938434,0.806094,0.814407,0.893025,0.830051,0.915194,0.972046,0.867754,0.983172,0.937761,0.884413,0.89553,0.848456,0.813146,0.84584,0.874672,0.861774,0.823045,0.869031,0.963925,0.920656,0.939964,0.825642,0.821203,0.903392,0.952187,0.947971,0.865855,0.860076,0.936895,0.873514,0.874313,0.898424,0.917041,0.775556,0.781375,0.926805,0.792306,0.909263,0.940118,0.865327,0.919794,0.883321,0.894543,0.929895,0.878141,0.943619
0.958989,0.806111,0.819661,0.862548,0.816723,0.978063,0.83139,0.899519,0.989091,0.987286,0.909141,0.985403,0.940436,0.877811,0.871159,0.97772,0.858857,0.885593,0.8261,0.830252,0.826465,0.901569,0.794062,0.942743,0.903413,0.826582,0.872039,0.917768,0.847103,0.899071,0.88288,0.856187,0.861155,0.867988,0.88406,0.992091,0.830361,0.89143,0.86837,0.842918,0.808025,0.861348,1,0.943836,0.851788,0.922722,0.857291,0.821096,0.971301,0.888381,0.813594,0.823306,0.735002,0.879554,0.970624,0.971331,0.845623,0.866152,0.970408,0.848112,0.842841,0.888902,0.804879,0.900158,0.847974,0.904744,0.872506,0.807637,0.94794,0.819455,0.842473,0.858408,0.927982,0.907407,0.841149,0.918674,0.872345,0.937566,0.913038,0.801303,0.844227,0.954304,0.957397,0.769845,0.92727,0.796842,0.925135,0.951759,0.965184,0.882854,0.886735,0.914994,0.866376,0.881203,0.8447,0.890923,0.821503,0.768505,0.908855,0.874976
0.986506,0.818216,0.841415,0.90844,0.868918,0.957507,0.909672,0.952411,0.972847,0.905285,0.91845,0.909634,0.879485,0.895846,0.952926,0.947892,0.92056,0.885896,0.745313,0.813283,0.915718,0.87797,0.842697,0.958525,0.910969,0.83248,0.945242,0.910033,0.882951,0.939464,0.924252,0.888527,0.871951,0.893763,0.82225,0.966429,0.918234,0.9674,0.844697,0.912607,0.858991,0.906878,0.943836,1,0.876577,0.934526,0.901027,0.840969,0.874277,0.902036,0.9004,0.884171,0.767118,0.867683,0.88886,0.887746,0.875589,0.918887,0.973752,0.914404,0.844618,0.928596,0.863426,0.836082,0.930388,0.927268,0.892541,0.899692,0.975377,0.875734,0.869533,0.818096,0.956617,0.955993,0.851014,0.836056,0.915743,0.991016,0.88737,0.863372,0.868921,0.952502,0.940178,0.779272,0.950724,0.89372,0.986818,0.892132,0.905573,0.932172,0.843533,0.959519,0.924903,0.805812,0.841728,0.817357,0.844796,0.826061,0.903663,0.930319
0.881849,0.904402,0.96207,0.875534,0.976469,0.902118,0.857752,0.818934,0.869246,0.823722,0.937591,0.83763,0.765582,0.87195,0.889427,0.874741,0.906649,0.801214,0.722817,0.788812,0.875197,0.819113,0.891983,0.817984,0.851719,0.830501,0.835846,0.76289,0.855033,0.815871,0.795067,0.90233,0.829326,0.895734,0.737516,0.871864,0.840874,0.818154,0.840018,0.891711,0.828553,0.94874,0.851788,0.876577,1,0.923533,0.919268,0.909183,0.861666,0.984677,0.892508,0.929149,0.849256,0.877614,0.827792,0.830344,0.917333,0.891286,0.889561,0.901998,0.862861,0.944925,0.938684,0.826651,0.915843,0.922637,0.868311,0.863884,0.838437,0.904645,0.888981,0.856349,0.931178,0.850939,0.989753,0.785367,0.87897,0.872028,0.887216,0.932605,0.927742,0.814481,0.907527,0.909365,0.821496,0.88184,0.89316,0.779602,0.782042,0.958157,0.800145,0.851092,0.855984,0.844896,0.956079,0.890413,0.924042,0.936415,0.934862,0.976916
