0,1,2,3,4,5,6,7,8,9,10,11,12,13,14,15,16,17,18,19,20,21,22,23,24,25,26,27,28,29,30,31,32,33,34,35,36,37,38,39,40,41,42,43,44,45,46,47,48,49,50,51,52,53,54,55,56,57,58,59,60,61,62,63,64,65,66,67,68,69,70,71,72,73,74,75,76,77,78,79,80,81,82,83,84,85,86,87,88,89,90,91,92,93,94,95,96,97,98,99
1.0,0.865545,0.814379,0.85531,0.828355,0.813263,0.6890563,0.808473,0.813544,0.887307,0.833208,0.775196,0.83419,0.919673,0.914034,0.910452,0.847766,0.780542,0.899173,0.83451,0.88808,0.968764,0.846349,0.858052,0.922183,0.830651,0.82945,0.898159,0.906765,0.764993,0.854219,0.889563,0.989441,0.861569,0.806277,0.893591,0.844772,0.875274,0.774366,0.93274,0.879798,0.849117,0.796641,0.853843,0.950061,0.906225,0.866358,0.786481,0.839552,0.815777,0.851924,0.877037,0.87396,0.850148,0.810113,0.804998,0.75992,0.821557,0.84521,0.924821,0.830147,0.861342,0.874424,0.897733,0.831161,0.870984,0.818285,0.906997,0.866967,0.800171,0.841256,0.903651,0.87774,0.73234,0.95126,0.841094,0.921039,0.838851,0.862692,0.882693,0.819346,0.862485,0.904364,0.790912,0.864166,0.732636,0.901938,0.905208,0.851874,0.918187,0.833804,0.853351,0.862885,0.83638,0.90247,0.884583,0.849164,0.834987,0.792198,0.7221828
0.865545,1.0,0.928313,0.910302,0.908603,0.905895,0.816645,0.893325,0.913481,0.962603,0.826718,0.872588,0.897276,0.973627,0.902137,0.903302,0.923336,0.920119,0.895273,0.91676,0.894132,0.877735,0.966556,0.959428,0.873379,0.90584,0.905408,0.892774,0.927287,0.909672,0.909329,0.886368,0.906576,0.909929,0.915874,0.909323,0.902297,0.91769,0.893333,0.953276,0.883304,0.876055,0.911582,0.90813,0.909675,0.894954,0.949823,0.893879,0.966781,0.851166,0.981189,0.972902,0.816758,0.911468,0.911061,0.929327,0.867802,0.911275,0.980087,0.943103,0.968578,0.910122,0.849398,0.895244,0.88899,0.901435,0.877247,0.897579,0.83389,0.902134,0.907378,0.909912,0.894356,0.75516,0.930426,0.881682,0.950495,0.938297,0.917289,0.909831,0.9111,0.889874,0.854886,0.897169,0.925945,0.879861,0.967136,0.972656,0.973178,0.833867,0.84744,0.923585,0.855006,0.917786,0.891871,0.901322,0.964902,0.908981,0.917567,0.80654
0.814379,0.928313,1.0,0.932615,0.901024,0.989998,0.874963,0.939573,0.936812,0.897732,0.837089,0.905613,0.910028,0.923928,0.852588,0.829838,0.919755,0.92534,0.890217,0.911942,0.842842,0.843818,0.936556,0.899012,0.829551,0.892569,0.934933,0.847668,0.83626,0.949999,0.911074,0.858271,0.849075,0.928636,0.932688,0.850837,0.958229,0.901676,0.877908,0.897398,0.865275,0.824115,0.985676,0.906921,0.856954,0.841943,0.982372,0.924525,0.977373,0.844517,0.936959,0.930411,0.800683,0.931042,0.992561,0.992826,0.919283,0.920753,0.939892,0.873765,0.935476,0.905289,0.860829,0.900698,0.868603,0.886523,0.861834,0.88528,0.824688,0.964105,0.896566,0.871826,0.874768,0.752041,0.824719,0.869467,0.877143,0.881425,0.903643,0.908775,0.923927,0.898989,0.882322,0.926414,0.846286,0.909188,0.925731,0.921621,0.917259,0.832834,0.856319,0.906651,0.80315,0.889865,0.892274,0.890959,0.942521,0.900811,0.982785,0.848957
0.85531,0.910302,0.932615,1.0,0.984494,0.962153,0.869987,0.977995,0.987924,0.87126,0.875882,0.823658,0.976615,0.924505,0.917682,0.845008,0.984912,0.884889,0.951827,0.985823,0.904343,0.898192,0.915013,0.902376,0.914915,0.980441,0.99474,0.922162,0.88133,0.89895,0.994113,0.914265,0.885728,0.99884,0.971212,0.834219,0.987398,0.971083,0.853723,0.916406,0.950728,0.83813,0.943098,0.992301,0.910553,0.921291,0.926298,0.970978,0.925147,0.815628,0.915042,0.915384,0.904358,0.999464,0.950377,0.939271,0.896968,0.982203,0.915335,0.898735,0.907294,0.972493,0.956948,0.980041,0.948387,0.966689,0.955101,0.951928,0.872406,0.976311,0.972924,0.836332,0.949416,0.838593,0.834577,0.966524,0.902614,0.888668,0.980531,0.985945,0.980427,0.963513,0.951512,0.96951,0.874988,0.842395,0.904645,0.928379,0.910032,0.923395,0.896549,0.975134,0.853636,0.966937,0.978311,0.97974,0.919978,0.985772,0.947266,0.855146
0.828355,0.908603,0.901024,0.984494,1.0,0.931753,0.898922,0.978097,0.979685,0.878216,0.838397,0.814449,0.968162,0.908444,0.920232,0.819968,0.968934,0.909067,0.928901,0.982859,0.910656,0.86941,0.919243,0.913523,0.926125,0.992941,0.987371,0.931831,0.897744,0.91065,0.991256,0.901893,0.866263,0.982096,0.961361,0.832071,0.956327,0.957446,0.894909,0.907942,0.958577,0.85722,0.92668,0.991715,0.898679,0.933762,0.901561,0.977951,0.912711,0.817364,0.916131,0.907425,0.916922,0.987598,0.926306,0.920895,0.917906,0.976193,0.919651,0.885632,0.918267,0.960389,0.952763,0.96157,0.959252,0.968338,0.978204,0.931038,0.868445,0.964591,0.975593,0.797336,0.949294,0.874298,0.847045,0.982489,0.899216,0.913868,0.973875,0.974662,0.987138,0.944327,0.910273,0.96392,0.899313,0.863757,0.887333,0.924283,0.920712,0.91077,0.870784,0.962323,0.832557,0.971236,0.962398,0.976091,0.926225,0.992709,0.935304,0.869572
0.813263,0.905895,0.989998,0.962153,0.931753,1.0,0.889193,0.968658,0.965519,0.871931,0.842996,0.878133,0.935975,0.91119,0.861733,0.817657,0.939239,0.910042,0.901525,0.9355,0.851302,0.847477,0.918047,0.887525,0.844492,0.920242,0.966211,0.86019,0.835617,0.942147,0.939095,0.864411,0.846816,0.956595,0.956933,0.829536,0.983414,0.9158,0.862961,0.89182,0.884669,0.809621,0.988547,0.934767,0.860626,0.854296,0.961216,0.954593,0.954529,0.825932,0.914871,0.91259,0.822846,0.961239,0.995859,0.987069,0.924316,0.947212,0.917816,0.869127,0.913693,0.922914,0.891099,0.921717,0.890374,0.905737,0.889233,0.896325,0.833466,0.987352,0.91849,0.844168,0.890563,0.783352,0.811076,0.897093,0.873134,0.870402,0.92249,0.931752,0.953267,0.920126,0.903259,0.954455,0.843593,0.889343,0.904266,0.909385,0.900124,0.85333,0.867255,0.922614,0.80213,0.908898,0.914259,0.912683,0.923257,0.92848,0.986164,0.862266
0.6890563,0.816645,0.874963,0.869987,0.898922,0.889193,1.0,0.932228,0.892939,0.831297,0.807002,0.93488,0.847398,0.805319,0.786016,0.837988,0.844073,0.932675,0.795563,0.867046,0.784558,0.729545,0.866116,0.860062,0.803756,0.893396,0.902541,0.807288,0.775855,0.936467,0.872574,0.784851,0.720186,0.860361,0.888709,0.853403,0.872517,0.81797,0.928092,0.807878,0.83229,0.898001,0.903408,0.873526,0.754947,0.806896,0.840651,0.938348,0.860356,0.853461,0.851371,0.819091,0.869041,0.877042,0.893782,0.894386,0.97016,0.869087,0.861857,0.76887,0.879901,0.824325,0.852076,0.809608,0.820453,0.835751,0.901359,0.790987,0.864254,0.917556,0.854744,0.844264,0.812106,0.877986,0.786537,0.884462,0.795697,0.89504,0.835729,0.828684,0.902377,0.80995,0.800625,0.888515,0.865845,0.961659,0.788466,0.835218,0.86668,0.740774,0.892056,0.832041,0.825082,0.852089,0.803902,0.832548,0.876846,0.887796,0.913779,0.965089
0.808473,0.893325,0.939573,0.977995,0.978097,0.968658,0.932228,1.0,0.979822,0.881912,0.806222,0.842973,0.948729,0.897771,0.881238,0.821783,0.94426,0.933003,0.888888,0.961096,0.872254,0.829663,0.920648,0.908045,0.886134,0.970314,0.9917,0.892937,0.861423,0.949397,0.971409,0.849454,0.839844,0.969622,0.971777,0.823644,0.966224,0.920611,0.903361,0.896313,0.920309,0.848786,0.968804,0.970508,0.864231,0.893811,0.920833,0.994073,0.929409,0.831993,0.917789,0.898624,0.882809,0.982376,0.968031,0.961895,0.958519,0.961666,0.921348,0.860672,0.923589,0.927138,0.928531,0.929224,0.92094,0.932232,0.949985,0.889761,0.834797,0.992387,0.945281,0.789346,0.910661,0.85778,0.838439,0.953304,0.881976,0.908681,0.941824,0.943457,0.98583,0.91527,0.885951,0.969151,0.888253,0.893459,0.870482,0.916812,0.917456,0.869582,0.847557,0.930776,0.797283,0.943351,0.928696,0.942306,0.931837,0.972075,0.977775,0.878564
0.813544,0.913481,0.936812,0.987924,0.979685,0.965519,0.892939,0.979822,1.0,0.8911,0.878009,0.832988,0.981741,0.919859,0.914089,0.835984,0.980174,0.898736,0.937973,0.986966,0.913119,0.862683,0.927732,0.919533,0.898342,0.979282,0.992538,0.920301,0.88265,0.923956,0.983652,0.89471,0.850305,0.985341,0.984968,0.834182,0.981424,0.958082,0.858573,0.909795,0.946492,0.825536,0.957506,0.981665,0.890304,0.912616,0.916213,0.983383,0.925331,0.788813,0.921732,0.925045,0.87921,0.988709,0.95594,0.945164,0.906182,0.994275,0.923413,0.897663,0.918703,0.971604,0.939136,0.956764,0.944956,0.963358,0.960143,0.931285,0.875409,0.987327,0.979382,0.824587,0.950101,0.818684,0.857591,0.960748,0.903192,0.901937,0.971903,0.961977,0.980739,0.951352,0.91267,0.991368,0.888259,0.864989,0.900564,0.921154,0.921681,0.882244,0.895069,0.967185,0.839062,0.971527,0.947438,0.959618,0.920109,0.98351,0.95593,0.852493
0.887307,0.962603,0.897732,0.87126,0.878216,0.871931,0.831297,0.881912,0.8911,1.0,0.812091,0.89332,0.861871,0.924846,0.859886,0.904723,0.888066,0.940564,0.842541,0.89501,0.862536,0.8159462,0.957456,0.953492,0.835195,0.892354,0.881456,0.863812,0.890872,0.930036,0.878453,0.827494,0.854,0.866654,0.916588,0.937273,0.852157,0.874971,0.905147,0.906547,0.85582,0.86747,0.896273,0.87914,0.848379,0.864677,0.912334,0.897248,0.949057,0.855104,0.982406,0.938477,0.813437,0.876658,0.885491,0.91456,0.881532,0.88328,0.97927,0.893683,0.976894,0.870785,0.828682,0.841378,0.854611,0.870849,0.871801,0.844781,0.872598,0.884804,0.883129,0.923795,0.861669,0.740164,0.967098,0.864165,0.910622,0.938545,0.885318,0.851326,0.887347,0.831139,0.854463,0.88402,0.919917,0.90323,0.909068,0.940878,0.97335,0.818849,0.856789,0.890479,0.832182,0.915021,0.837638,0.862621,0.957995,0.89257,0.91147,0.806903
0.833208,0.826718,0.837089,0.875882,0.838397,0.842996,0.807002,0.806222,0.878009,0.812091,1.0,0.845113,0.908181,0.84802,0.886071,0.818376,0.925384,0.766219,0.95362,0.89269,0.898508,0.907,0.812786,0.811273,0.845573,0.863072,0.850329,0.873833,0.839423,0.777479,0.873389,0.919398,0.844763,0.889516,0.86296,0.840164,0.892094,0.929948,0.724877,0.823168,0.886994,0.794189,0.818333,0.871454,0.881786,0.861961,0.829227,0.823073,0.815674,0.707979,0.810105,0.85139,0.839787,0.866214,0.819025,0.80731,0.733186,0.901985,0.808091,0.88534,0.797826,0.92905,0.85894,0.913643,0.872891,0.901791,0.854912,0.938846,0.944018,0.831723,0.905944,0.87666,0.918321,0.795396,0.824821,0.858501,0.840787,0.786772,0.91076,0.893921,0.823589,0.930938,0.920568,0.87914,0.782106,0.808458,0.863663,0.811055,0.80658,0.863936,0.956641,0.924852,0.915305,0.89409,0.895493,0.88979,0.789111,0.867189,0.798189,0.821984
0.775196,0.872588,0.905613,0.823658,0.814449,0.878133,0.93488,0.842973,0.832988,0.89332,0.845113,1.0,0.804025,0.850735,0.770762,0.862081,0.835018,0.932309,0.822051,0.818682,0.76907,0.795665,0.880375,0.862665,0.744154,0.822458,0.826014,0.771586,0.774133,0.916481,0.811134,0.81116,0.781776,0.822479,0.847867,0.927428,0.85425,0.825582,0.924342,0.814967,0.778975,0.896421,0.878684,0.809603,0.775694,0.771055,0.898118,0.853074,0.898267,0.857002,0.890076,0.859081,0.790039,0.823017,0.879583,0.892383,0.911978,0.820684,0.893998,0.807037,0.90314,0.813586,0.7430866,0.805571,0.774098,0.796594,0.820123,0.820264,0.886749,0.852163,0.809658,0.934308,0.788621,0.790115,0.842016,0.799658,0.805195,0.890469,0.816247,0.818475,0.827607,0.82,0.843858,0.824713,0.846917,0.979811,0.865521,0.848222,0.883222,0.741105,0.902759,0.832264,0.845059,0.821794,0.795272,0.794796,0.888063,0.819534,0.884026,0.910239
0.83419,0.897276,0.910028,0.976615,0.968162,0.935975,0.847398,0.948729,0.981741,0.861871,0.908181,0.804025,1.0,0.917278,0.924541,0.822705,0.977608,0.867101,0.954423,0.976555,0.932097,0.885209,0.912637,0.904302,0.909271,0.968427,0.970601,0.925563,0.901593,0.886062,0.976226,0.90785,0.865439,0.977481,0.954645,0.815113,0.966577,0.963243,0.837453,0.908576,0.954568,0.814792,0.930355,0.974925,0.90176,0.918263,0.904204,0.948077,0.904487,0.770791,0.900376,0.932525,0.887926,0.97561,0.925566,0.911761,0.86694,0.994662,0.901384,0.900689,0.893181,0.977011,0.951233,0.96648,0.977058,0.968084,0.952696,0.945493,0.876194,0.955277,0.982304,0.819655,0.964823,0.850135,0.831114,0.961986,0.896272,0.885186,0.972275,0.971153,0.967116,0.981742,0.924706,0.985978,0.866864,0.827654,0.922579,0.910862,0.899796,0.92624,0.896765,0.966438,0.849284,0.961948,0.958495,0.965178,0.901522,0.972364,0.917615,0.833062
0.919673,0.973627,0.923928,0.924505,0.908444,0.91119,0.805319,0.897771,0.919859,0.924846,0.84802,0.850735,0.917278,1.0,0.938713,0.917658,0.924406,0.903643,0.915759,0.923799,0.928487,0.924149,0.974074,0.974676,0.91963,0.911689,0.917045,0.925115,0.937829,0.900579,0.923773,0.881084,0.95202,0.927331,0.895145,0.904558,0.916868,0.920187,0.875558,0.993621,0.910983,0.89857,0.916845,0.92221,0.952424,0.92341,0.959417,0.891234,0.959982,0.830005,0.967596,0.988287,0.84832,0.922085,0.917319,0.922886,0.863401,0.922161,0.966055,0.969531,0.953062,0.925474,0.89637,0.922936,0.885519,0.920595,0.89497,0.913915,0.82852,0.90803,0.921843,0.910123,0.918535,0.74338,0.909362,0.90364,0.979951,0.951451,0.923418,0.916873,0.901111,0.904092,0.886644,0.90461,0.950043,0.860342,0.975862,0.992089,0.969816,0.861523,0.844019,0.917679,0.858493,0.906857,0.915529,0.91926,0.962816,0.916561,0.908909,0.77629
0.914034,0.902137,0.852588,0.917682,0.920232,0.861733,0.786016,0.881238,0.914089,0.859886,0.886071,0.770762,0.924541,0.938713,1.0,0.87887,0.939772,0.845312,0.966055,0.945822,0.99329,0.958854,0.90497,0.92191,0.988893,0.938912,0.908335,0.997219,0.972492,0.847432,0.939083,0.935058,0.947526,0.925268,0.883996,0.839137,0.888321,0.960804,0.817404,0.952514,0.985444,0.841167,0.863769,0.940764,0.989322,0.994402,0.874962,0.884094,0.882643,0.754167,0.897302,0.917996,0.91346,0.915834,0.860892,0.860509,0.821354,0.927612,0.896671,0.983237,0.887226,0.964877,0.924747,0.953398,0.915094,0.979469,0.943028,0.967407,0.86563,0.881702,0.962384,0.823595,0.987116,0.74577,0.897029,0.946314,0.979615,0.897317,0.962372,0.926816,0.891426,0.905914,0.88632,0.896493,0.935768,0.799647,0.89666,0.928932,0.908852,0.898867,0.85089,0.947696,0.913705,0.948195,0.945124,0.962494,0.892812,0.939834,0.859183,0.7419998
0.910452,0.903302,0.829838,0.845008,0.819968,0.817657,0.837988,0.821783,0.835984,0.904723,0.818376,0.862081,0.822705,0.917658,0.87887,1.0,0.857643,0.824101,0.845997,0.844616,0.870461,0.869892,0.885209,0.895772,0.87491,0.835925,0.835678,0.867736,0.873055,0.811909,0.844066,0.798764,0.893659,0.843337,0.853154,0.878072,0.82551,0.855676,0.846034,0.919633,0.842294,0.968823,0.822005,0.843914,0.892168,0.871238,0.863055,0.815718,0.871986,0.885884,0.904448,0.896055,0.90067,0.84548,0.820291,0.832541,0.814384,0.833815,0.893337,0.917505,0.876226,0.845493,0.863966,0.842632,0.788166,0.843307,0.825816,0.855614,0.818244,0.820707,0.839146,0.899595,0.849581,0.805264,0.916563,0.838235,0.914622,0.884763,0.853239,0.823752,0.812718,0.808085,0.817879,0.820521,0.885669,0.837297,0.874061,0.91365,0.893868,0.810812,0.839612,0.863448,0.925718,0.856012,0.841898,0.84558,0.880718,0.840306,0.82409,0.844566
0.847766,0.923336,0.919755,0.984912,0.968934,0.939239,0.844073,0.94426,0.980174,0.888066,0.925384,0.835018,0.977608,0.924406,0.939772,0.857643,1.0,0.864802,0.979628,0.99095,0.933169,0.917374,0.909774,0.900279,0.921267,0.974842,0.973395,0.941341,0.903117,0.877039,0.985247,0.946303,0.883487,0.988313,0.970815,0.848258,0.972211,0.993505,0.826289,0.907261,0.961267,0.82977,0.918359,0.983801,0.927459,0.937548,0.912802,0.947614,0.918863,0.791835,0.917277,0.919997,0.901998,0.982725,0.923487,0.91835,0.853441,0.984019,0.915733,0.924053,0.9044,0.991445,0.939751,0.982761,0.954276,0.979251,0.950678,0.9777,0.909283,0.950571,0.98359,0.861247,0.970496,0.80841,0.859761,0.95908,0.91041,0.875609,0.994314,0.983563,0.960259,0.970033,0.948772,0.963256,0.867328,0.835787,0.91272,0.919034,0.909027,0.917625,0.932456,0.997324,0.904882,0.98558,0.975751,0.981691,0.907045,0.980327,0.921302,0.857355
0.780542,0.920119,0.92534,0.884889,0.909067,0.910042,0.932675,0.933003,0.898736,0.940564,0.766219,0.932309,0.867101,0.903643,0.845312,0.824101,0.864802,1.0,0.818834,0.891462,0.842775,0.772637,0.966422,0.948533,0.849596,0.911643,0.908,0.858365,0.855459,0.989555,0.893842,0.795879,0.809531,0.877824,0.895323,0.897783,0.868841,0.85041,0.981542,0.898586,0.870136,0.907666,0.946992,0.895697,0.825835,0.861016,0.939165,0.933084,0.961866,0.873982,0.962385,0.921972,0.84013,0.891752,0.934956,0.954042,0.980824,0.884048,0.969351,0.842796,0.981161,0.85596,0.853371,0.844987,0.853341,0.873805,0.907972,0.819648,0.834405,0.925036,0.884875,0.85141,0.856886,0.810527,0.876211,0.900004,0.880249,0.967206,0.87255,0.856913,0.911263,0.827834,0.791827,0.893109,0.926142,0.974868,0.883474,0.935904,0.964941,0.783235,0.824357,0.858246,0.766491,0.887033,0.841909,0.871411,0.979555,0.907207,0.956892,0.867327
0.899173,0.895273,0.890217,0.951827,0.928901,0.901525,0.795563,0.888888,0.937973,0.842541,0.95362,0.822051,0.954423,0.915759,0.966055,0.845997,0.979628,0.818834,1.0,0.962967,0.956433,0.969089,0.880037,0.870942,0.9452,0.94055,0.928435,0.958949,0.920982,0.829066,0.957091,0.973022,0.925821,0.961665,0.913278,0.849284,0.942291,0.991888,0.779881,0.904069,0.967783,0.810883,0.877227,0.955864,0.964676,0.953875,0.895949,0.888094,0.888678,0.75808,0.880296,0.90325,0.902859,0.945697,0.885709,0.877356,0.79796,0.952888,0.878714,0.951463,0.864331,0.988973,0.934095,0.986061,0.933193,0.978378,0.925897,0.997412,0.930336,0.900289,0.969021,0.873273,0.980523,0.761528,0.846864,0.937513,0.923447,0.843228,0.982369,0.970019,0.908462,0.962385,0.959718,0.917696,0.849492,0.805812,0.907609,0.897897,0.873644,0.934064,0.936345,0.982685,0.932869,0.957455,0.977279,0.975342,0.87219,0.946628,0.870766,0.815522
0.83451,0.91676,0.911942,0.985823,0.982859,0.9355,0.867046,0.961096,0.986966,0.89501,0.89269,0.818682,0.976555,0.923799,0.945822,0.844616,0.99095,0.891462,0.962967,1.0,0.939465,0.897499,0.927151,0.922784,0.936554,0.992149,0.984724,0.954777,0.905394,0.903003,0.994413,0.92704,0.871676,0.988462,0.969855,0.846015,0.962589,0.982301,0.85521,0.915196,0.974778,0.833732,0.925851,0.994133,0.92458,0.95033,0.909534,0.968916,0.923407,0.78645,0.926866,0.920948,0.909826,0.985446,0.926772,0.923409,0.885025,0.986923,0.927766,0.916595,0.922588,0.988137,0.950429,0.977623,0.953758,0.987513,0.978102,0.960599,0.894083,0.961075,0.992459,0.829494,0.974267,0.81368,0.867018,0.979724,0.91813,0.904877,0.993699,0.974124,0.967638,0.949444,0.927831,0.969465,0.89913,0.85257,0.895798,0.929978,0.928295,0.904537,0.902916,0.986009,0.8725,0.991272,0.970399,0.985768,0.924019,0.995378,0.931408,0.8278423
0.88808,0.894132,0.842842,0.904343,0.910656,0.851302,0.784558,0.872254,0.913119,0.862536,0.898508,0.76907,0.932097,0.928487,0.99329,0.870461,0.933169,0.842775,0.956433,0.939465,1.0,0.935966,0.903257,0.922813,0.975417,0.933015,0.898333,0.989945,0.972238,0.848654,0.927108,0.92048,0.922449,0.911523,0.883716,0.832771,0.877615,0.950115,0.807972,0.941714,0.979437,0.828957,0.862857,0.929254,0.972496,0.98448,0.860507,0.880446,0.872371,0.723809,0.891579,0.922258,0.899516,0.903327,0.85145,0.85126,0.813797,0.932976,0.891358,0.976099,0.883236,0.959343,0.91565,0.936347,0.918812,0.972857,0.939842,0.95297,0.86827,0.876378,0.963238,0.81299,0.987759,0.753925,0.901241,0.942257,0.970862,0.896093,0.953223,0.910176,0.883783,0.908898,0.862044,0.909239,0.930224,0.798902,0.895652,0.915466,0.905011,0.8792,0.849274,0.939624,0.904172,0.94601,0.925266,0.948265,0.883845,0.93243,0.851466,0.7360291
0.968764,0.877735,0.843818,0.898192,0.86941,0.847477,0.729545,0.829663,0.862683,0.8159462,0.907,0.795665,0.885209,0.924149,0.958854,0.869892,0.917374,0.772637,0.969089,0.897499,0.935966,1.0,0.845814,0.852427,0.949445,0.878079,0.86695,0.943705,0.926757,0.768677,0.90302,0.961759,0.980791,0.909376,0.832823,0.883079,0.887591,0.948446,0.744445,0.928241,0.932851,0.817558,0.81963,0.902248,0.984393,0.94644,0.872644,0.815574,0.853848,0.757943,0.849075,0.882841,0.887559,0.890888,0.835032,0.828511,0.749136,0.876871,0.8453,0.962312,0.826233,0.933875,0.900046,0.953234,0.875722,0.933516,0.86407,0.974913,0.910628,0.8336,0.905305,0.898857,0.940792,0.719104,0.896901,0.884726,0.942009,0.821702,0.93131,0.930178,0.845914,0.911092,0.942466,0.833783,0.859744,0.762413,0.90219,0.899704,0.847382,0.929371,0.891977,0.927134,0.925213,0.891304,0.952458,0.93944,0.844203,0.884677,0.81544,0.759422
0.846349,0.966556,0.936556,0.915013,0.919243,0.918047,0.866116,0.920648,0.927732,0.957456,0.812786,0.880375,0.912637,0.974074,0.90497,0.885209,0.909774,0.966422,0.880037,0.927151,0.903257,0.845814,1.0,0.991068,0.891776,0.926949,0.924007,0.905307,0.906259,0.964184,0.922633,0.836975,0.881605,0.914246,0.907525,0.896593,0.899555,0.897852,0.938018,0.966741,0.910046,0.908651,0.946967,0.9227,0.895968,0.900721,0.966207,0.922128,0.981209,0.85092,0.988957,0.98387,0.848952,0.916677,0.937576,0.951141,0.927139,0.925087,0.991603,0.920612,0.990493,0.912106,0.891134,0.896609,0.883317,0.917426,0.921144,0.875444,0.822693,0.927279,0.926811,0.869113,0.908464,0.7646316,0.910794,0.918268,0.94776,0.983672,0.913926,0.892119,0.912505,0.874959,0.837023,0.919424,0.958411,0.922791,0.948289,0.985343,0.993139,0.825261,0.821766,0.9013,0.80406,0.915296,0.887247,0.907645,0.9923,0.927592,0.942609,0.788983
0.858052,0.959428,0.899012,0.902376,0.913523,0.887525,0.860062,0.908045,0.919533,0.953492,0.811273,0.862665,0.904302,0.974676,0.92191,0.895772,0.900279,0.948533,0.870942,0.922784,0.922813,0.852427,0.991068,1.0,0.908557,0.925555,0.914396,0.921131,0.928799,0.942152,0.915354,0.831117,0.891291,0.902275,0.89829,0.91345,0.880548,0.888729,0.922308,0.975538,0.910207,0.919577,0.917576,0.91623,0.91151,0.917586,0.932613,0.916794,0.95421,0.821211,0.979017,0.978941,0.850178,0.904663,0.904445,0.918012,0.905736,0.918267,0.980685,0.938292,0.979301,0.904515,0.884445,0.884344,0.87605,0.914279,0.924796,0.866305,0.833183,0.910074,0.923907,0.873524,0.908416,0.7624182,0.93646,0.918374,0.967317,0.989993,0.907045,0.877914,0.901889,0.860396,0.819207,0.912669,0.983772,0.90794,0.936967,0.984452,0.993251,0.80881,0.82355,0.892627,0.814668,0.91405,0.873876,0.900082,0.976863,0.924622,0.9141,0.789378
0.922183,0.873379,0.829551,0.914915,0.926125,0.844492,0.803756,0.886134,0.898342,0.835195,0.845573,0.744154,0.909271,0.91963,0.988893,0.87491,0.921267,0.849596,0.9452,0.936554,0.975417,0.949445,0.891776,0.908557,1.0,0.942655,0.907815,0.991325,0.9566,0.841783,0.941076,0.911332,0.948709,0.921806,0.863541,0.811239,0.872649,0.944518,0.836861,0.944946,0.985512,0.869659,0.849906,0.944214,0.981573,0.993721,0.863806,0.883216,0.868115,0.78151,0.880055,0.892303,0.948666,0.914141,0.848229,0.847567,0.840829,0.909229,0.880843,0.957472,0.875537,0.946067,0.944714,0.951267,0.905041,0.972787,0.953175,0.951002,0.833596,0.87194,0.950938,0.782876,0.974211,0.785564,0.870882,0.960192,0.964405,0.899191,0.952063,0.923306,0.888177,0.888645,0.883127,0.876626,0.935535,0.795952,0.866424,0.922263,0.895859,0.911566,0.812841,0.929242,0.893089,0.934412,0.949471,0.966318,0.890073,0.941152,0.850118,0.766318
0.830651,0.90584,0.892569,0.980441,0.992941,0.920242,0.893396,0.970314,0.979282,0.892354,0.863072,0.822458,0.968427,0.911689,0.938912,0.835925,0.974842,0.911643,0.94055,0.992149,0.933015,0.878079,0.926949,0.925555,0.942655,1.0,0.984334,0.952412,0.904938,0.912952,0.994034,0.905125,0.864211,0.98046,0.961537,0.845917,0.946466,0.966466,0.886978,0.911887,0.975381,0.85983,0.92039,0.99537,0.912411,0.952389,0.898072,0.976873,0.914164,0.803348,0.923963,0.910865,0.928549,0.983001,0.916772,0.914999,0.910519,0.978423,0.926527,0.89845,0.926165,0.971331,0.958478,0.966424,0.952747,0.982347,0.991267,0.941188,0.889879,0.957585,0.98767,0.806565,0.966873,0.849824,0.865528,0.992505,0.90987,0.922372,0.984033,0.967549,0.97386,0.938175,0.909086,0.963836,0.911107,0.868405,0.879507,0.928263,0.930555,0.903764,0.885304,0.970629,0.853981,0.985839,0.963711,0.983969,0.92993,0.999262,0.928753,0.850508
0.82945,0.905408,0.934933,0.99474,0.987371,0.966211,0.902541,0.9917,0.992538,0.881456,0.850329,0.826014,0.970601,0.917045,0.908335,0.835678,0.973395,0.908,0.928435,0.984724,0.898333,0.86695,0.924007,0.914396,0.907815,0.984334,1.0,0.917542,0.875975,0.925043,0.99072,0.887767,0.863491,0.991246,0.977828,0.830655,0.98094,0.953687,0.874913,0.912268,0.945345,0.843162,0.956212,0.9894,0.893828,0.915781,0.922091,0.989135,0.928609,0.812044,0.920918,0.912761,0.896799,0.996127,0.958955,0.949968,0.925095,0.981201,0.922869,0.887249,0.919845,0.96018,0.948377,0.961392,0.939357,0.959509,0.963416,0.927273,0.856538,0.988486,0.969842,0.811975,0.93998,0.843131,0.843849,0.968935,0.900762,0.904866,0.970153,0.968624,0.985893,0.94274,0.922022,0.977479,0.891472,0.866734,0.889016,0.928022,0.921032,0.895094,0.876144,0.961034,0.827908,0.965424,0.958164,0.968229,0.928347,0.98804,0.962586,0.8506293
0.898159,0.892774,0.847668,0.922162,0.931831,0.86019,0.807288,0.892937,0.920301,0.863812,0.873833,0.771586,0.925563,0.925115,0.997219,0.867736,0.941341,0.858365,0.958949,0.954777,0.989945,0.943705,0.905307,0.921131,0.991325,0.952412,0.917542,1.0,0.968312,0.858978,0.94772,0.927344,0.931609,0.929022,0.891839,0.83641,0.885649,0.960079,0.832588,0.941205,0.990769,0.844165,0.864874,0.950063,0.980949,0.997761,0.868445,0.899614,0.881881,0.758215,0.898391,0.906606,0.924053,0.921544,0.860992,0.862473,0.838151,0.931123,0.89878,0.971472,0.893197,0.965258,0.929989,0.952835,0.920563,0.984241,0.959534,0.961188,0.871281,0.888365,0.968366,0.806095,0.987209,0.766581,0.897568,0.958935,0.972346,0.902295,0.966647,0.927276,0.900922,0.898338,0.879717,0.901317,0.939749,0.813135,0.878143,0.923556,0.911489,0.896369,0.85019,0.949094,0.905224,0.958323,0.94513,0.96757,0.896663,0.95216,0.865255,0.754654
0.906765,0.927287,0.83626,0.88133,0.897744,0.835617,0.775855,0.861423,0.88265,0.890872,0.839423,0.774133,0.901593,0.937829,0.972492,0.873055,0.903117,0.855459,0.920982,0.905394,0.972238,0.926757,0.906259,0.928799,0.9566,0.904938,0.875975,0.968312,1.0,0.842507,0.899173,0.9081,0.939709,0.883208,0.871306,0.862461,0.851978,0.924007,0.848011,0.946124,0.940845,0.83918,0.844863,0.901214,0.96427,0.972203,0.861237,0.864777,0.880282,0.771969,0.912855,0.931537,0.864291,0.883382,0.837611,0.847644,0.817633,0.897384,0.910704,0.974477,0.90017,0.918741,0.861693,0.901368,0.924064,0.935332,0.89996,0.927665,0.845312,0.856227,0.919828,0.83775,0.946795,0.772898,0.929395,0.901985,0.974135,0.905851,0.923411,0.900146,0.893555,0.884503,0.831091,0.879825,0.941614,0.804664,0.925307,0.933153,0.921922,0.883445,0.825463,0.91515,0.902362,0.921126,0.898059,0.919795,0.899362,0.904409,0.847497,0.7582647
0.764993,0.909672,0.949999,0.89895,0.91065,0.942147,0.936467,0.949397,0.923956,0.930036,0.777479,0.916481,0.886062,0.900579,0.847432,0.811909,0.877039,0.989555,0.829066,0.903003,0.848654,0.768677,0.964184,0.942152,0.841783,0.912952,0.925043,0.858978,0.842507,1.0,0.900288,0.792664,0.794758,0.890961,0.917401,0.869371,0.896808,0.855415,0.956746,0.892595,0.874332,0.874066,0.974759,0.90038,0.821665,0.85433,0.94557,0.949525,0.964634,0.849037,0.953408,0.922346,0.823978,0.904492,0.962916,0.973414,0.980469,0.905812,0.960609,0.842922,0.971683,0.871717,0.859221,0.852372,0.855065,0.881278,0.908491,0.824145,0.825953,0.954392,0.897257,0.829479,0.866235,0.788899,0.862698,0.898023,0.875171,0.950309,0.878569,0.858252,0.920891,0.837664,0.79593,0.921948,0.91055,0.965469,0.878809,0.924768,0.953917,0.777355,0.819864,0.86474,0.753738,0.891831,0.843259,0.870934,0.968703,0.911548,0.976977,0.855549
0.854219,0.909329,0.911074,0.994113,0.991256,0.939095,0.872574,0.971409,0.983652,0.878453,0.873389,0.811134,0.976226,0.923773,0.939083,0.844066,0.985247,0.893842,0.957091,0.994413,0.927108,0.90302,0.922633,0.915354,0.941076,0.994034,0.99072,0.94772,0.899173,0.900288,1.0,0.92015,0.886152,0.995119,0.962412,0.834203,0.968106,0.977398,0.867195,0.920444,0.973042,0.848946,0.927809,0.999823,0.924166,0.947166,0.91573,0.970193,0.921434,0.810535,0.920188,0.915909,0.925577,0.994246,0.931386,0.924639,0.898062,0.982276,0.921438,0.906101,0.916252,0.98044,0.966848,0.984437,0.956332,0.983708,0.978412,0.957954,0.876108,0.963886,0.986389,0.818778,0.967212,0.842423,0.8471,0.985702,0.912334,0.905811,0.990077,0.984267,0.975692,0.95565,0.941297,0.964001,0.895155,0.847358,0.896101,0.933504,0.921142,0.926703,0.887841,0.979188,0.861059,0.980513,0.982469,0.991627,0.926619,0.996839,0.93373,0.832905
0.889563,0.886368,0.858271,0.914265,0.901893,0.864411,0.784851,0.849454,0.89471,0.827494,0.919398,0.81116,0.90785,0.881084,0.935058,0.798764,0.946303,0.795879,0.973022,0.92704,0.92048,0.961759,0.836975,0.831117,0.911332,0.905125,0.887767,0.927344,0.9081,0.792664,0.92015,1.0,0.91665,0.925885,0.875744,0.87384,0.909163,0.967444,0.758994,0.865762,0.926429,0.764091,0.829949,0.918936,0.944882,0.928645,0.860453,0.853572,0.856975,0.71392,0.849845,0.863431,0.84412,0.90837,0.844101,0.841828,0.767882,0.908071,0.850753,0.927958,0.83883,0.950072,0.873084,0.953741,0.904177,0.940214,0.884246,0.975104,0.937327,0.856531,0.926092,0.877047,0.940632,0.723375,0.858472,0.892918,0.899114,0.807813,0.950357,0.951581,0.879304,0.934808,0.947929,0.868831,0.82764,0.803774,0.885386,0.862747,0.844773,0.906443,0.921971,0.954723,0.909887,0.926925,0.952758,0.943616,0.83839,0.910089,0.834786,0.79683
0.989441,0.906576,0.849075,0.885728,0.866263,0.846816,0.720186,0.839844,0.850305,0.854,0.844763,0.781776,0.865439,0.95202,0.947526,0.893659,0.883487,0.809531,0.925821,0.871676,0.922449,0.980791,0.881605,0.891291,0.948709,0.864211,0.863491,0.931609,0.939709,0.794758,0.886152,0.91665,1.0,0.892005,0.822547,0.88939,0.873911,0.909119,0.801476,0.961064,0.910603,0.853136,0.832125,0.8857,0.978258,0.938841,0.894823,0.818929,0.877252,0.804615,0.879943,0.912475,0.87273,0.881057,0.843982,0.842296,0.78577,0.857186,0.877114,0.960279,0.859143,0.895149,0.884445,0.920288,0.861106,0.904168,0.84908,0.933916,0.852904,0.836131,0.875951,0.898884,0.911236,0.734163,0.922582,0.871313,0.957327,0.869268,0.897417,0.909064,0.853438,0.885222,0.90538,0.825032,0.896893,0.762813,0.929798,0.937743,0.883576,0.914839,0.833198,0.888995,0.88484,0.859959,0.92247,0.91327,0.882758,0.868718,0.829059,0.734267
0.861569,0.909929,0.928636,0.99884,0.982096,0.956595,0.860361,0.969622,0.985341,0.866654,0.889516,0.822479,0.977481,0.927331,0.925268,0.843337,0.988313,0.877824,0.961665,0.988462,0.911523,0.909376,0.914246,0.902275,0.921806,0.98046,0.991246,0.929022,0.883208,0.890961,0.995119,0.925885,0.892005,1.0,0.964661,0.840716,0.985964,0.977335,0.845142,0.918626,0.956988,0.83447,0.935927,0.993387,0.919199,0.927315,0.925966,0.963781,0.923583,0.806259,0.912582,0.916525,0.906447,0.997082,0.944039,0.932916,0.885728,0.98219,0.913105,0.904314,0.904472,0.978811,0.959949,0.986577,0.947857,0.972477,0.956916,0.960673,0.883651,0.969275,0.976741,0.843933,0.95637,0.826612,0.831503,0.968721,0.905848,0.886534,0.985011,0.988859,0.973233,0.966807,0.959669,0.965314,0.874803,0.838423,0.906758,0.929021,0.908773,0.927698,0.904414,0.979202,0.8596,0.968552,0.983739,0.984497,0.917351,0.985976,0.938793,0.844675
0.806277,0.915874,0.932688,0.971212,0.961361,0.956933,0.888709,0.971777,0.984968,0.916588,0.86296,0.847867,0.954645,0.895145,0.883996,0.853154,0.970815,0.895323,0.913278,0.969855,0.883716,0.832823,0.907525,0.89829,0.863541,0.961537,0.977828,0.891839,0.871306,0.917401,0.962412,0.875744,0.822547,0.964661,1.0,0.842024,0.965052,0.945573,0.851863,0.878016,0.912481,0.819765,0.946179,0.960539,0.861912,0.888717,0.899384,0.978876,0.919233,0.810805,0.923388,0.901501,0.86344,0.974502,0.944928,0.943313,0.898558,0.972399,0.921796,0.881639,0.916292,0.946283,0.90073,0.926134,0.928379,0.934401,0.93036,0.912132,0.882471,0.977046,0.952296,0.837463,0.919696,0.823042,0.88257,0.931134,0.882374,0.877931,0.956397,0.942666,0.976385,0.927571,0.885038,0.976994,0.864815,0.862864,0.880479,0.900654,0.912741,0.859078,0.901998,0.963127,0.85487,0.970468,0.919978,0.935542,0.908899,0.965908,0.957226,0.886656
0.893591,0.909323,0.850837,0.834219,0.832071,0.829536,0.853403,0.823644,0.834182,0.937273,0.840164,0.927428,0.815113,0.904558,0.839137,0.878072,0.848258,0.897783,0.849284,0.846015,0.832771,0.883079,0.896593,0.91345,0.811239,0.845917,0.830655,0.83641,0.862461,0.869371,0.834203,0.87384,0.88939,0.840716,0.842024,1.0,0.844935,0.849381,0.872864,0.88145,0.810583,0.876718,0.821855,0.833575,0.86413,0.840942,0.876167,0.850121,0.88359,0.761459,0.91836,0.891365,0.748577,0.831361,0.825653,0.843362,0.838624,0.828292,0.917432,0.882044,0.920402,0.833413,0.759202,0.839278,0.799602,0.82621,0.836117,0.850592,0.915672,0.822121,0.830989,0.97498,0.819199,0.725166,0.949882,0.817091,0.88982,0.914169,0.842355,0.848984,0.828421,0.835875,0.888668,0.819429,0.918256,0.921233,0.901613,0.899231,0.926928,0.793372,0.900059,0.848552,0.85489,0.856625,0.835074,0.827921,0.895947,0.844189,0.836993,0.833027
0.844772,0.902297,0.958229,0.987398,0.956327,0.983414,0.872517,0.966224,0.981424,0.852157,0.892094,0.85425,0.966577,0.916868,0.888321,0.82551,0.972211,0.868841,0.942291,0.962589,0.877615,0.887591,0.899555,0.880548,0.872649,0.946466,0.98094,0.885649,0.851978,0.896808,0.968106,0.909163,0.873911,0.985964,0.965052,0.844935,1.0,0.952648,0.824072,0.900159,0.91519,0.808892,0.957848,0.964055,0.888283,0.880624,0.933837,0.955887,0.923099,0.794056,0.896494,0.91041,0.856027,0.98461,0.967713,0.951196,0.884471,0.972791,0.897507,0.887061,0.887808,0.956446,0.927031,0.961137,0.921014,0.937059,0.914317,0.936715,0.883268,0.97945,0.948363,0.862166,0.923316,0.798424,0.81828,0.926953,0.883294,0.859516,0.955553,0.970112,0.964584,0.96283,0.952027,0.967397,0.842576,0.852666,0.909975,0.907842,0.88723,0.897763,0.912749,0.957135,0.837584,0.93624,0.955249,0.948211,0.899302,0.954649,0.95418,0.868701
0.875274,0.91769,0.901676,0.971083,0.957446,0.9158,0.81797,0.920611,0.958082,0.874971,0.929948,0.825582,0.963243,0.920187,0.960804,0.855676,0.993505,0.85041,0.991888,0.982301,0.950115,0.948446,0.897852,0.888729,0.944518,0.966466,0.953687,0.960079,0.924007,0.855415,0.977398,0.967444,0.909119,0.977335,0.945573,0.849381,0.952648,1.0,0.815372,0.905572,0.971809,0.824554,0.894028,0.97681,0.954212,0.958917,0.904669,0.922227,0.908568,0.787697,0.907537,0.910238,0.91215,0.968087,0.901254,0.898958,0.83224,0.966609,0.905734,0.942148,0.893265,0.992168,0.937418,0.988106,0.950895,0.985209,0.945887,0.99354,0.916849,0.923925,0.979668,0.862704,0.980241,0.796154,0.85735,0.956247,0.921408,0.865075,0.996006,0.982917,0.940686,0.96424,0.953104,0.936317,0.863469,0.821404,0.908367,0.914151,0.898944,0.931228,0.929278,0.997332,0.928167,0.98167,0.983228,0.987691,0.898052,0.97131,0.898331,0.836575
0.774366,0.893333,0.877908,0.853723,0.894909,0.862961,0.928092,0.903361,0.858573,0.905147,0.724877,0.924342,0.837453,0.875558,0.817404,0.846034,0.826289,0.981542,0.779881,0.85521,0.807972,0.744445,0.938018,0.922308,0.836861,0.886978,0.874913,0.832588,0.848011,0.956746,0.867195,0.758994,0.801476,0.845142,0.851863,0.872864,0.824072,0.815372,1.0,0.878518,0.845161,0.934312,0.90177,0.869945,0.799854,0.839113,0.904883,0.898465,0.925449,0.926831,0.931407,0.89195,0.858326,0.861877,0.89157,0.910838,0.969134,0.846524,0.939126,0.811048,0.9521,0.819751,0.843754,0.817485,0.855444,0.844241,0.890512,0.786334,0.813213,0.883492,0.850834,0.850124,0.821386,0.873945,0.84284,0.88118,0.85311,0.956096,0.83914,0.836897,0.896266,0.796513,0.751741,0.850933,0.914311,0.961432,0.863965,0.915329,0.938049,0.799792,0.819863,0.822236,0.795905,0.850778,0.819669,0.846871,0.956644,0.880153,0.914503,0.904368
0.93274,0.953276,0.897398,0.916406,0.907942,0.89182,0.807878,0.896313,0.909795,0.906547,0.823168,0.814967,0.908576,0.993621,0.952514,0.919633,0.907261,0.898586,0.904069,0.915196,0.941714,0.928241,0.966741,0.975538,0.944946,0.911887,0.912268,0.941205,0.946124,0.892595,0.920444,0.865762,0.961064,0.918626,0.878016,0.88145,0.900159,0.905572,0.878518,1.0,0.920871,0.913109,0.903436,0.919936,0.962346,0.940864,0.940663,0.887954,0.940272,0.828903,0.952713,0.977074,0.869598,0.915011,0.901064,0.903952,0.867152,0.912343,0.951843,0.969842,0.940932,0.91415,0.908928,0.916338,0.876559,0.920397,0.903336,0.90428,0.80148,0.8989,0.917604,0.875984,0.92199,0.7545707,0.905522,0.91204,0.986264,0.958397,0.913411,0.905148,0.893892,0.888409,0.87168,0.895009,0.964846,0.844253,0.95637,0.989638,0.962821,0.861211,0.809769,0.900251,0.852636,0.896283,0.910728,0.917384,0.955013,0.914709,0.894071,0.757881
0.879798,0.883304,0.865275,0.950728,0.958577,0.884669,0.83229,0.920309,0.946492,0.85582,0.886994,0.778975,0.954568,0.910983,0.985444,0.842294,0.961267,0.870136,0.967783,0.974778,0.979437,0.932851,0.910046,0.910207,0.985512,0.975381,0.945345,0.990769,0.940845,0.874332,0.973042,0.926429,0.910603,0.956988,0.912481,0.810583,0.91519,0.971809,0.845161,0.920871,1.0,0.843898,0.887826,0.975001,0.96337,0.987117,0.883841,0.923696,0.890644,0.777061,0.896408,0.904613,0.944328,0.94986,0.88408,0.879629,0.860456,0.958099,0.898488,0.943489,0.894595,0.981229,0.964555,0.974543,0.939424,0.996583,0.981122,0.966938,0.87491,0.91458,0.987885,0.788327,0.994589,0.7976596,0.855427,0.983826,0.941226,0.900774,0.98191,0.951976,0.925569,0.928634,0.90764,0.929471,0.908521,0.822777,0.875083,0.915561,0.905398,0.918728,0.863081,0.963406,0.889771,0.970312,0.96755,0.985722,0.903471,0.975058,0.884186,0.784415
0.849117,0.876055,0.824115,0.83813,0.85722,0.809621,0.898001,0.848786,0.825536,0.86747,0.794189,0.896421,0.814792,0.89857,0.841167,0.968823,0.82977,0.907666,0.810883,0.833732,0.828957,0.817558,0.908651,0.919577,0.869659,0.85983,0.843162,0.844165,0.83918,0.874066,0.848946,0.764091,0.853136,0.83447,0.819765,0.876718,0.808892,0.824554,0.934312,0.913109,0.843898,1.0,0.831871,0.8517,0.846436,0.849628,0.867615,0.843787,0.872815,0.911307,0.895183,0.885182,0.914583,0.840959,0.824818,0.835386,0.899995,0.821525,0.892452,0.862344,0.895329,0.820975,0.882508,0.828573,0.790223,0.83493,0.880571,0.819086,0.813808,0.825677,0.834549,0.901227,0.823703,0.843737,0.848871,0.879049,0.881942,0.953014,0.830978,0.811798,0.828044,0.788268,0.787962,0.810916,0.935642,0.907616,0.857036,0.918,0.909091,0.797694,0.84418,0.831404,0.883852,0.826453,0.830448,0.841048,0.91125,0.853769,0.831722,0.881304
0.796641,0.911582,0.985676,0.943098,0.92668,0.988547,0.903408,0.968804,0.957506,0.896273,0.818333,0.878684,0.930355,0.916845,0.863769,0.822005,0.918359,0.946992,0.877227,0.925851,0.862857,0.81963,0.946967,0.917576,0.849906,0.92039,0.956212,0.864874,0.844863,0.974759,0.927809,0.829949,0.832125,0.935927,0.946179,0.821855,0.957848,0.894028,0.90177,0.903436,0.887826,0.831871,1.0,0.925196,0.851056,0.858237,0.96758,0.956877,0.967899,0.834314,0.935321,0.931719,0.825341,0.944764,0.996245,0.992978,0.953392,0.942071,0.940192,0.865779,0.941464,0.908601,0.890389,0.899251,0.882889,0.901879,0.900156,0.870026,0.803586,0.984924,0.9182,0.817598,0.891101,0.7790274,0.827535,0.904524,0.880758,0.90836,0.908332,0.905053,0.944937,0.900115,0.859522,0.956641,0.871753,0.912435,0.906529,0.922683,0.925904,0.827476,0.82731,0.901464,0.777471,0.90309,0.890616,0.900367,0.949068,0.924799,0.992849,0.8293588
0.853843,0.90813,0.906921,0.992301,0.991715,0.934767,0.873526,0.970508,0.981665,0.87914,0.871454,0.809603,0.974925,0.92221,0.940764,0.843914,0.983801,0.895697,0.955864,0.994133,0.929254,0.902248,0.9227,0.91623,0.944214,0.99537,0.9894,0.950063,0.901214,0.90038,0.999823,0.918936,0.8857,0.993387,0.960539,0.833575,0.964055,0.97681,0.869945,0.919936,0.975001,0.8517,0.925196,1.0,0.924912,0.950071,0.913321,0.969835,0.920059,0.810571,0.920231,0.914767,0.929169,0.992726,0.927891,0.922072,0.899155,0.980847,0.921612,0.905737,0.917014,0.979431,0.967696,0.98348,0.956171,0.984588,0.980925,0.957112,0.87552,0.961354,0.9868,0.814734,0.968386,0.843781,0.848447,0.988194,0.912554,0.907983,0.990077,0.982961,0.974631,0.953829,0.938223,0.962368,0.897245,0.848119,0.893555,0.933329,0.921956,0.92626,0.884994,0.978424,0.861415,0.981382,0.981921,0.992435,0.927252,0.997568,0.931648,0.8328079
