0,1,2,3,4,5,6,7,8,9,10,11,12,13,14,15,16,17,18,19,20,21,22,23,24,25,26,27,28,29,30,31,32,33,34,35,36,37,38,39,40,41,42,43,44,45,46,47,48,49,50,51,52,53,54,55,56,57,58,59,60,61,62,63,64,65,66,67,68,69,70,71,72,73,74,75,76,77,78,79,80,81,82,83,84,85,86,87,88,89,90,91,92,93,94,95,96,97,98,99
1.0,0.804795,0.811328,0.885839,0.730905,0.852117,0.868602,0.824492,0.81138,0.664698,0.755093,0.778752,0.760338,0.847447,0.886511,0.801871,0.657722,0.851842,0.763755,0.770476,0.853418,0.770202,0.709534,0.815252,0.782708,0.765238,0.82702,0.806182,0.704585,0.734165,0.788654,0.888468,0.874304,0.833882,0.645402,0.871421,0.74874,0.914914,0.717853,0.862167,0.818216,0.834771,0.7581381,0.815755,0.774989,0.662542,0.699461,0.662621,0.719418,0.845066,0.766611,0.797324,0.859884,0.803311,0.831086,0.867856,0.815361,0.808745,0.773729,0.81493,0.760627,0.82415,0.7976965,0.883711,0.769117,0.765213,0.789704,0.785028,0.833622,0.769288,0.7598293,0.841691,0.913658,0.7498,0.759776,0.739818,0.678862,0.726278,0.724739,0.868324,0.603276,0.856184,0.798058,0.786644,0.754562,0.790505,0.726503,0.81084,0.811355,0.795822,0.814999,0.803908,0.776476,0.866147,0.841717,0.828516,0.822937,0.770391,0.672667,0.895676
0.804795,1.0,0.757603,0.852103,0.595344,0.6882179,0.731133,0.735872,0.779449,0.6506784,0.8076294,0.696025,0.731202,0.755452,0.772232,0.857472,0.709586,0.898343,0.745379,0.841651,0.84679,0.674497,0.727215,0.847526,0.770306,0.882972,0.759963,0.830978,0.686216,0.644928,0.883931,0.840872,0.7149398,0.77713,0.641993,0.759453,0.795274,0.797074,0.63062,0.771974,0.696705,0.788261,0.741945,0.925924,0.754655,0.604037,0.651686,0.734756,0.760818,0.770357,0.796875,0.777415,0.894275,0.74902,0.689685,0.68968,0.782148,0.816876,0.760695,0.739737,0.633644,0.767769,0.787715,0.823869,0.623348,0.673955,0.855273,0.732801,0.822513,0.779617,0.7373307,0.800992,0.848984,0.777804,0.6927,0.696491,0.739422,0.785731,0.717891,0.821205,0.774953,0.877195,0.752916,0.791943,0.778869,0.842259,0.808285,0.778556,0.842351,0.798574,0.746549,0.757587,0.757512,0.794434,0.753609,0.915209,0.784846,0.764326,0.751401,0.772504
0.811328,0.757603,1.0,0.831947,0.724918,0.822852,0.784567,0.86222,0.899377,0.789894,0.757863,0.764702,0.818575,0.830132,0.833775,0.7695456,0.818653,0.771473,0.757359,0.77784,0.698977,0.744016,0.684594,0.734952,0.697909,0.831673,0.865468,0.709511,0.652824,0.857443,0.775151,0.831891,0.864373,0.818631,0.807655,0.844269,0.841055,0.823719,0.767526,0.8001,0.797532,0.813719,0.816965,0.784523,0.745946,0.629032,0.717266,0.802831,0.758712,0.852485,0.808461,0.78894,0.774113,0.753986,0.798295,0.888664,0.750934,0.892743,0.783143,0.884779,0.804447,0.902111,0.832424,0.831862,0.746628,0.896936,0.785888,0.809966,0.820167,0.738313,0.81605,0.832725,0.828941,0.811247,0.872209,0.777974,0.783966,0.830217,0.7994675,0.757222,0.709796,0.885427,0.862005,0.827991,0.842153,0.837487,0.801696,0.765653,0.850153,0.795209,0.763188,0.779612,0.777687,0.816624,0.841314,0.83843,0.766475,0.850377,0.744425,0.756596
0.885839,0.852103,0.831947,1.0,0.731999,0.765859,0.774444,0.852093,0.834022,0.732585,0.752874,0.684661,0.886701,0.880672,0.902393,0.816501,0.733639,0.818166,0.748553,0.831933,0.803048,0.801949,0.6564163,0.799995,0.762598,0.834247,0.859543,0.797601,0.717141,0.705555,0.844806,0.905374,0.866892,0.87946,0.718682,0.748919,0.740032,0.852377,0.736043,0.917348,0.845707,0.791966,0.809507,0.898731,0.772743,0.678221,0.795123,0.760639,0.778401,0.816712,0.819121,0.894397,0.909184,0.862706,0.760921,0.870316,0.867063,0.869518,0.770529,0.778022,0.756718,0.870126,0.899446,0.926574,0.729375,0.765054,0.840501,0.85419,0.840701,0.724537,0.805939,0.891488,0.888854,0.775266,0.758584,0.738817,0.722079,0.702581,0.720464,0.796572,0.742341,0.886932,0.869983,0.800817,0.818897,0.815824,0.780234,0.88248,0.885245,0.884,0.836329,0.799667,0.757658,0.786226,0.83372,0.922652,0.858384,0.826866,0.773853,0.867725
0.730905,0.595344,0.724918,0.731999,1.0,0.859723,0.706836,0.681575,0.747124,0.699401,0.681745,0.6476217,0.691138,0.7663,0.796306,0.636578,0.65067,0.704651,0.747583,0.767966,0.64908,0.759705,0.643845,0.739365,0.853497,0.679228,0.721973,0.629824,0.837265,0.699083,0.668886,0.7275921,0.793509,0.718481,0.688256,0.648519,0.602778,0.737632,0.689543,0.842342,0.780803,0.729286,0.6616852,0.661128,0.634524,0.767223,0.749327,0.669642,0.711229,0.741064,0.685586,0.694109,0.6226563,0.713551,0.764328,0.776368,0.691761,0.703576,0.810321,0.641299,0.825868,0.694198,0.716625,0.724545,0.774085,0.744742,0.739828,0.740106,0.679133,0.6477947,0.667144,0.641616,0.681765,0.757292,0.750997,0.867476,0.7397385,0.617394,0.701792,0.771806,0.565701,0.745096,0.679389,0.716791,0.761665,0.669539,0.646543,0.678539,0.637057,0.7198616,0.696833,0.824319,0.748539,0.743262,0.710019,0.687396,0.677881,0.725337,0.595735,0.745463
0.852117,0.6882179,0.822852,0.765859,0.859723,1.0,0.802075,0.755458,0.756612,0.749781,0.768075,0.716321,0.721703,0.791759,0.859084,0.75049,0.730715,0.784954,0.7125079,0.762293,0.711935,0.887785,0.650676,0.891448,0.783385,0.783576,0.795294,0.796405,0.807098,0.802028,0.745006,0.803866,0.876735,0.743034,0.791621,0.820347,0.731883,0.817729,0.715304,0.795578,0.784602,0.829138,0.802238,0.769808,0.806099,0.728458,0.648446,0.749713,0.746106,0.832409,0.72584,0.698627,0.743121,0.802727,0.947331,0.861923,0.707258,0.719291,0.845269,0.804518,0.828835,0.778553,0.786732,0.803584,0.863466,0.862126,0.794669,0.812707,0.790649,0.744277,0.824127,0.787524,0.822203,0.8004023,0.797228,0.82219,0.80302,0.735631,0.787829,0.900866,0.687193,0.806569,0.772651,0.803098,0.72086,0.742272,0.742964,0.827559,0.738399,0.789796,0.784966,0.870854,0.858625,0.890966,0.865672,0.768104,0.810433,0.722294,0.680642,0.854567
0.868602,0.731133,0.784567,0.774444,0.706836,0.802075,1.0,0.918554,0.816119,0.688225,0.698218,0.72964,0.760142,0.80603,0.836275,0.6785914,0.752095,0.754542,0.740894,0.659703,0.765247,0.780071,0.734053,0.750318,0.746283,0.64923,0.726417,0.771898,0.675537,0.751179,0.712045,0.825783,0.826567,0.823511,0.655309,0.870993,0.736175,0.818921,0.732858,0.839471,0.810136,0.705994,0.828241,0.74903,0.826928,0.690447,0.718545,0.699462,0.705898,0.793596,0.5966818,0.740701,0.79245,0.804335,0.777994,0.795224,0.832459,0.772823,0.7150311,0.789856,0.673549,0.770375,0.6996816,0.745597,0.692607,0.799751,0.704728,0.702766,0.778799,0.713145,0.6901767,0.819541,0.800085,0.637972,0.7488793,0.726878,0.610507,0.643012,0.6726795,0.7834153,0.716916,0.725257,0.731519,0.775507,0.792117,0.76667,0.713306,0.735728,0.822323,0.754901,0.780174,0.721241,0.717718,0.837019,0.820205,0.75177,0.792003,0.697809,0.744188,0.815941
0.824492,0.735872,0.86222,0.852093,0.681575,0.755458,0.918554,1.0,0.934979,0.671534,0.6828362,0.776781,0.844437,0.865809,0.894241,0.6932607,0.761107,0.74048,0.752509,0.74764,0.804669,0.802639,0.698956,0.722942,0.6590637,0.80047,0.827847,0.790749,0.676737,0.785491,0.739755,0.820513,0.879884,0.86166,0.722855,0.885593,0.822197,0.794198,0.709482,0.872722,0.85994,0.712497,0.798869,0.809555,0.814574,0.705737,0.790452,0.799072,0.713028,0.797261,0.712908,0.869649,0.788957,0.806682,0.743678,0.85286,0.894691,0.929574,0.695789,0.822252,0.737405,0.848997,0.772688,0.803992,0.627838,0.839542,0.71661,0.6976837,0.758114,0.67755,0.695206,0.86824,0.78911,0.6546603,0.832739,0.71446,0.655362,0.70018,0.712338,0.779249,0.68146,0.775404,0.832428,0.718147,0.873139,0.807546,0.729486,0.777411,0.882792,0.784623,0.812875,0.691162,0.7444872,0.854132,0.823543,0.846155,0.837623,0.761095,0.835544,0.785418
0.81138,0.779449,0.899377,0.834022,0.747124,0.756612,0.816119,0.934979,1.0,0.702622,0.743941,0.828731,0.786038,0.884314,0.858001,0.754963,0.737348,0.798423,0.849491,0.836752,0.818611,0.739445,0.726516,0.781202,0.763222,0.855055,0.837393,0.772029,0.787854,0.783053,0.802216,0.819393,0.859592,0.876632,0.720122,0.879516,0.836597,0.762005,0.6905,0.851111,0.818086,0.831221,0.816398,0.815736,0.807789,0.678747,0.783444,0.793595,0.779007,0.813484,0.829437,0.870942,0.74903,0.775344,0.711935,0.851941,0.867372,0.969053,0.813456,0.739529,0.792755,0.825024,0.782881,0.78672,0.650238,0.803448,0.82221,0.725246,0.714584,0.702106,0.673973,0.807203,0.753855,0.770218,0.838195,0.801794,0.736951,0.721087,0.757564,0.830711,0.663148,0.828353,0.833411,0.687311,0.853415,0.81324,0.803973,0.790984,0.846433,0.841431,0.779566,0.832082,0.823771,0.850949,0.818286,0.880068,0.777996,0.767237,0.859878,0.759757
0.664698,0.6506784,0.789894,0.732585,0.699401,0.749781,0.688225,0.671534,0.702622,1.0,0.704643,0.750065,0.759823,0.798475,0.687414,0.732358,0.761845,0.752889,0.749526,0.69758,0.709043,0.769475,0.700829,0.680446,0.696261,0.694256,0.6680111,0.6948059,0.758291,0.795187,0.729837,0.810858,0.765091,0.741114,0.814537,0.66895,0.673469,0.777817,0.897874,0.706005,0.7659253,0.718147,0.832066,0.779025,0.797074,0.633459,0.6795928,0.750859,0.751687,0.81177,0.703854,0.721057,0.769913,0.704182,0.750959,0.753326,0.666598,0.666638,0.785687,0.769092,0.770687,0.746167,0.801221,0.71513,0.639226,0.7540082,0.7221,0.840571,0.82788,0.770489,0.852375,0.760768,0.695738,0.709689,0.756595,0.780536,0.766541,0.823239,0.786172,0.680171,0.809554,0.764682,0.700375,0.716943,0.731681,0.747485,0.702505,0.756881,0.702726,0.6879107,0.694987,0.731885,0.7246,0.6302824,0.709357,0.784269,0.64417,0.731057,0.6407582,0.704698
0.755093,0.8076294,0.757863,0.752874,0.681745,0.768075,0.698218,0.6828362,0.743941,0.704643,1.0,0.787011,0.767406,0.721778,0.749007,0.738452,0.758417,0.936842,0.782722,0.834975,0.739217,0.743451,0.82673,0.849176,0.850656,0.777984,0.669378,0.767341,0.820425,0.654217,0.849229,0.811826,0.726509,0.71679,0.726664,0.717239,0.722634,0.842684,0.6599065,0.71108,0.728129,0.864284,0.719783,0.815158,0.702789,0.715765,0.630273,0.731295,0.826507,0.812282,0.774653,0.783622,0.756781,0.731956,0.747864,0.778695,0.79688,0.72588106,0.895515,0.736659,0.760174,0.786351,0.788087,0.781248,0.772165,0.79162,0.93009,0.844402,0.810563,0.855537,0.788712,0.746633,0.717822,0.874857,0.714714,0.759038,0.828674,0.753878,0.76801,0.855065,0.796794,0.850103,0.76017,0.749875,0.730342,0.753559,0.815467,0.687042,0.768968,0.845534,0.842896,0.877298,0.821534,0.777935,0.749534,0.824963,0.707742,0.743262,0.738321,0.718903
0.778752,0.696025,0.764702,0.684661,0.6476217,0.716321,0.72964,0.776781,0.828731,0.750065,0.787011,1.0,0.7308788,0.815356,0.780814,0.787847,0.713479,0.800774,0.795249,0.685889,0.852971,0.751424,0.927301,0.725492,0.698656,0.717807,0.663479,0.70058,0.766696,0.753629,0.721988,0.783454,0.797093,0.798577,0.733773,0.80439,0.697335,0.809834,0.728906,0.722416,0.755863,0.800903,0.735279,0.751,0.761487,0.615932,0.722135,0.736765,0.740367,0.770688,0.692988,0.79935,0.704665,0.693841,0.674711,0.779872,0.787775,0.792994,0.723046,0.790523,0.755589,0.716393,0.7063321,0.73907,0.73111,0.797278,0.708536,0.721065,0.760664,0.808941,0.719041,0.689217,0.739116,0.6523249,0.791683,0.6730531,0.712053,0.752466,0.791254,0.746941,0.696867,0.814006,0.66437,0.710478,0.768957,0.76799,0.721829,0.704247,0.672499,0.731859,0.795479,0.728115,0.758649,0.697655,0.652796,0.731093,0.655037,0.705257,0.739165,0.684094
0.760338,0.731202,0.818575,0.886701,0.691138,0.721703,0.760142,0.844437,0.786038,0.759823,0.767406,0.7308788,1.0,0.856186,0.835299,0.718177,0.691455,0.761081,0.749314,0.701837,0.713167,0.72395,0.733582,0.736318,0.6596315,0.759528,0.767759,0.698895,0.693794,0.679396,0.767171,0.780311,0.84954,0.855737,0.685148,0.731531,0.745413,0.817389,0.780874,0.882932,0.85575,0.739176,0.678128,0.805831,0.6534573,0.717855,0.804547,0.764805,0.78154,0.779158,0.764662,0.920445,0.7506834,0.752349,0.673935,0.7723576,0.865372,0.823146,0.693656,0.828935,0.726784,0.816626,0.800864,0.842596,0.746913,0.826896,0.775522,0.769462,0.780764,0.726753,0.735177,0.871213,0.844934,0.72153,0.805518,0.686536,0.642054,0.77313,0.773652,0.720122,0.731442,0.788915,0.835828,0.820053,0.837786,0.831802,0.718452,0.779573,0.820263,0.867566,0.858109,0.738586,0.744879,0.772802,0.751942,0.843145,0.832287,0.74156,0.707338,0.799105
0.847447,0.755452,0.830132,0.880672,0.7663,0.791759,0.80603,0.865809,0.884314,0.798475,0.721778,0.815356,0.856186,1.0,0.91373,0.679524,0.747698,0.813693,0.865037,0.79402,0.846184,0.794661,0.770971,0.741072,0.817922,0.799637,0.784293,0.738002,0.762992,0.702042,0.786945,0.922466,0.905557,0.955091,0.758975,0.739707,0.6532054,0.849967,0.811487,0.918219,0.919946,0.788109,0.81092,0.842225,0.816327,0.734921,0.857954,0.799019,0.694302,0.848315,0.761211,0.8911,0.821647,0.877515,0.720285,0.86912,0.874845,0.862971,0.837395,0.750018,0.833859,0.81987,0.745492,0.886411,0.708073,0.809375,0.787056,0.781273,0.825684,0.757088,0.7267442,0.812386,0.807342,0.77409,0.868948,0.843429,0.678484,0.667505,0.796704,0.814273,0.75875,0.872169,0.761077,0.763559,0.820593,0.800836,0.680017,0.777181,0.781595,0.820842,0.822572,0.830052,0.784055,0.778746,0.764474,0.877592,0.832583,0.7292075,0.728149,0.857984
0.886511,0.772232,0.833775,0.902393,0.796306,0.859084,0.836275,0.894241,0.858001,0.687414,0.749007,0.780814,0.835299,0.91373,1.0,0.75725,0.740631,0.810943,0.75449,0.808889,0.843991,0.841423,0.6963045,0.790382,0.771143,0.87759,0.888213,0.759262,0.771211,0.822046,0.726342,0.877294,0.911971,0.866829,0.733942,0.841138,0.784008,0.852058,0.741556,0.928502,0.871126,0.773658,0.753068,0.80503,0.784253,0.695466,0.827876,0.771684,0.713918,0.80212,0.737666,0.892258,0.836906,0.839526,0.807038,0.920855,0.90328,0.854154,0.796265,0.775932,0.813491,0.869003,0.796398,0.941437,0.754419,0.869148,0.766452,0.75381,0.807442,0.732555,0.740568,0.814121,0.835507,0.788208,0.831078,0.775062,0.732378,0.6922827,0.716886,0.838802,0.680272,0.879517,0.817447,0.763483,0.808013,0.800646,0.705225,0.780575,0.857533,0.78691,0.859934,0.78887,0.778073,0.842134,0.798152,0.833872,0.883774,0.841898,0.751641,0.87741
0.801871,0.857472,0.7695456,0.816501,0.636578,0.75049,0.6785914,0.6932607,0.754963,0.732358,0.738452,0.787847,0.718177,0.679524,0.75725,1.0,0.742584,0.778125,0.685379,0.684151,0.789384,0.748089,0.726988,0.760114,0.593998,0.759785,0.780385,0.770065,0.701047,0.767545,0.779716,0.809806,0.7500789,0.6877994,0.731835,0.850321,0.832114,0.822331,0.753266,0.731952,0.682758,0.759256,0.791797,0.845166,0.785278,0.579849,0.65504,0.757018,0.820591,0.806055,0.803175,0.744328,0.886028,0.68478,0.808499,0.799523,0.739007,0.740674,0.670904,0.831412,0.689552,0.825413,0.857178,0.839102,0.730064,0.738841,0.773463,0.839852,0.854236,0.75113,0.868205,0.79182,0.866542,0.762238,0.730282,0.5858,0.759161,0.842231,0.74762,0.719129,0.740534,0.869552,0.766683,0.769282,0.761781,0.869047,0.791169,0.808332,0.766269,0.76745,0.7571205,0.672188,0.718688,0.735895,0.759618,0.803749,0.6819742,0.833389,0.768426,0.7232
0.657722,0.709586,0.818653,0.733639,0.65067,0.730715,0.752095,0.761107,0.737348,0.761845,0.758417,0.713479,0.691455,0.747698,0.740631,0.742584,1.0,0.68282,0.685881,0.722073,0.636205,0.708984,0.699933,0.698343,0.638065,0.688249,0.694144,0.5727523,0.628076,0.7321549,0.745983,0.806707,0.738163,0.731791,0.727528,0.714693,0.709222,0.73456,0.703571,0.67086,0.67102,0.698917,0.765966,0.7235036,0.718206,0.58718,0.568966,0.688754,0.694687,0.761981,0.745365,0.651103,0.712861,0.796278,0.744876,0.806001,0.642507,0.702308,0.7324781,0.795164,0.726917,0.796066,0.725534,0.697332,0.702144,0.758117,0.741594,0.838339,0.823818,0.728907,0.83175,0.759115,0.676279,0.7881702,0.708797,0.710063,0.793669,0.722726,0.704304,0.6422922,0.833448,0.814923,0.730824,0.776837,0.724673,0.737718,0.719981,0.6231174,0.7563,0.772185,0.684987,0.681361,0.6858668,0.624596,0.763382,0.740014,0.660335,0.740547,0.749228,0.636391
0.851842,0.898343,0.771473,0.818166,0.704651,0.784954,0.754542,0.74048,0.798423,0.752889,0.936842,0.800774,0.761081,0.813693,0.810943,0.778125,0.68282,1.0,0.827668,0.876319,0.847519,0.746593,0.80092,0.825827,0.88154,0.804441,0.733357,0.855853,0.826136,0.708792,0.885301,0.889947,0.805596,0.776248,0.701992,0.811303,0.7585328,0.90333,0.722857,0.803423,0.784717,0.885948,0.814721,0.872634,0.806528,0.701551,0.686053,0.763376,0.793602,0.879605,0.797821,0.779596,0.855197,0.71759,0.737352,0.762728,0.857874,0.786951,0.884964,0.748973,0.787608,0.799752,0.818789,0.800854,0.730157,0.750992,0.939649,0.805237,0.836186,0.907953,0.749545,0.7514716,0.7768,0.84033,0.696551,0.80315,0.80073,0.774838,0.783196,0.898432,0.708941,0.888386,0.7290533,0.706028,0.773249,0.747255,0.844084,0.764011,0.821304,0.83401,0.845992,0.876969,0.804855,0.847899,0.770856,0.883077,0.78051,0.745927,0.713203,0.828869
0.763755,0.745379,0.757359,0.748553,0.747583,0.7125079,0.740894,0.752509,0.849491,0.749526,0.782722,0.795249,0.749314,0.865037,0.75449,0.685379,0.685881,0.827668,1.0,0.878332,0.744854,0.705797,0.84183,0.786022,0.860562,0.699778,0.701915,0.7416,0.777981,0.6421041,0.832667,0.82463,0.771061,0.883897,0.680562,0.721818,0.650918,0.757174,0.704013,0.786863,0.802998,0.832507,0.820243,0.791703,0.78272,0.792862,0.776147,0.772025,0.714815,0.806313,0.7762858,0.799044,0.683664,0.797237,0.653028,0.764311,0.770277,0.826883,0.854902,0.642133,0.776826,0.705826,0.716912,0.713784,0.699728,0.708183,0.843126,0.755042,0.729466,0.708005,0.645119,0.748569,0.711805,0.745909,0.745358,0.8344,0.721055,0.6618996,0.747083,0.817358,0.745953,0.782008,0.712758,0.682241,0.793646,0.776536,0.742427,0.732022,0.742258,0.853673,0.75813,0.872113,0.763498,0.774366,0.7418898,0.84476,0.757441,0.695798,0.774731,0.784843
0.770476,0.841651,0.77784,0.831933,0.767966,0.762293,0.659703,0.74764,0.836752,0.69758,0.834975,0.685889,0.701837,0.79402,0.808889,0.684151,0.722073,0.876319,0.878332,1.0,0.746038,0.729668,0.73679,0.810235,0.882886,0.843857,0.806062,0.766245,0.804331,0.719851,0.871185,0.799352,0.762959,0.766787,0.708111,0.730411,0.737479,0.754321,0.609475,0.793505,0.734156,0.848025,0.785546,0.83902,0.747422,0.718222,0.738432,0.748956,0.758483,0.775879,0.826645,0.765648,0.78121,0.766735,0.764886,0.812649,0.776388,0.867826,0.896392,0.6057898,0.857249,0.765705,0.780232,0.79824,0.68515,0.708673,0.892699,0.758859,0.699928,0.750682,0.687054,0.761002,0.722928,0.854734,0.716716,0.882278,0.876507,0.669729,0.712971,0.836202,0.6465428,0.840536,0.804434,0.664036,0.77123,0.726204,0.804982,0.774601,0.831598,0.818854,0.723512,0.886187,0.785252,0.799206,0.786641,0.88124,0.790854,0.775877,0.815862,0.781937
0.853418,0.84679,0.698977,0.803048,0.64908,0.711935,0.765247,0.804669,0.818611,0.709043,0.739217,0.852971,0.713167,0.846184,0.843991,0.789384,0.636205,0.847519,0.744854,0.746038,1.0,0.720211,0.78871,0.838618,0.725691,0.82173,0.725226,0.781936,0.747383,0.665852,0.812813,0.831452,0.779126,0.799909,0.6045617,0.753975,0.672467,0.806492,0.6804989,0.840655,0.754616,0.784147,0.710817,0.884754,0.799064,0.597542,0.707214,0.648679,0.711273,0.754441,0.687054,0.833551,0.813686,0.766245,0.6692182,0.693141,0.817827,0.797549,0.702874,0.703408,0.679244,0.729583,0.73458,0.812752,0.662348,0.6333796,0.7523,0.707343,0.773958,0.777199,0.740873,0.748042,0.800428,0.677248,0.71187,0.673036,0.686954,0.753765,0.742917,0.823193,0.6487543,0.829643,0.738466,0.6718123,0.772782,0.807755,0.704724,0.771504,0.7527926,0.787004,0.730348,0.722636,0.787793,0.762801,0.669354,0.843795,0.748536,0.715674,0.68847,0.787022
0.770202,0.674497,0.744016,0.801949,0.759705,0.887785,0.780071,0.802639,0.739445,0.769475,0.743451,0.751424,0.72395,0.794661,0.841423,0.748089,0.708984,0.746593,0.705797,0.729668,0.720211,1.0,0.694743,0.80289,0.714816,0.704895,0.755312,0.854044,0.770179,0.732537,0.731262,0.82756,0.857133,0.745692,0.898141,0.741085,0.6380011,0.778298,0.6902143,0.764768,0.824538,0.765026,0.833951,0.794966,0.853334,0.750165,0.743386,0.887626,0.7085511,0.832084,0.657885,0.749193,0.769657,0.810367,0.846699,0.822204,0.817982,0.721432,0.773364,0.812331,0.81079,0.687318,0.710798,0.744632,0.731259,0.839652,0.7260939,0.80065,0.760039,0.767059,0.757405,0.780893,0.739826,0.730109,0.763078,0.752027,0.794227,0.6748192,0.807337,0.826011,0.690017,0.765403,0.752419,0.692716,0.674565,0.695983,0.720241,0.845049,0.769085,0.763185,0.834627,0.746655,0.815555,0.787712,0.768946,0.761505,0.836265,0.653301,0.756252,0.84647
0.709534,0.727215,0.684594,0.6564163,0.643845,0.650676,0.734053,0.698956,0.726516,0.700829,0.82673,0.927301,0.733582,0.770971,0.6963045,0.726988,0.699933,0.80092,0.84183,0.73679,0.78871,0.694743,1.0,0.686853,0.792832,0.6361133,0.555369,0.651128,0.745832,0.650092,0.742907,0.798568,0.70163,0.787692,0.682796,0.703237,0.588116,0.805893,0.699231,0.707329,0.741051,0.703881,0.687333,0.708746,0.689664,0.707054,0.675981,0.684867,0.739117,0.758434,0.6425405,0.705176,0.69283,0.704825,0.63279,0.701152,0.760048,0.700491,0.762984,0.750299,0.729404,0.701274,0.675266,0.695547,0.710194,0.72035,0.763981,0.726578,0.809436,0.794865,0.731194,0.670157,0.701832,0.717041,0.730933,0.684181,0.727721,0.71752,0.730428,0.700389,0.713163,0.783443,0.564401,0.768148,0.780105,0.7350175,0.682451,0.626056,0.6474868,0.751658,0.767261,0.724015,0.69257,0.628884,0.636076,0.705769,0.6302512,0.725702,0.744687,0.677413
0.815252,0.847526,0.734952,0.799995,0.739365,0.891448,0.750318,0.722942,0.781202,0.680446,0.849176,0.725492,0.736318,0.741072,0.790382,0.760114,0.698343,0.825827,0.786022,0.810235,0.838618,0.80289,0.686853,1.0,0.806512,0.765862,0.771782,0.819902,0.804003,0.68896,0.832738,0.740845,0.809266,0.739603,0.644671,0.772183,0.703321,0.751044,0.6411623,0.761838,0.6803969,0.833356,0.739341,0.885467,0.775189,0.69374,0.604042,0.670745,0.795234,0.775188,0.768276,0.794663,0.762948,0.793003,0.86267,0.798078,0.7365825,0.764776,0.853977,0.709213,0.790057,0.703955,0.779702,0.818795,0.814878,0.734658,0.862693,0.765943,0.703732,0.709458,0.755773,0.842061,0.826492,0.822492,0.746133,0.767346,0.757228,0.735179,0.759309,0.908046,0.736243,0.779649,0.838791,0.764246,0.7063204,0.758633,0.6883879,0.813089,0.732867,0.897399,0.774711,0.878233,0.927295,0.882607,0.837171,0.859473,0.845934,0.698413,0.739027,0.804946
0.782708,0.770306,0.697909,0.762598,0.853497,0.783385,0.746283,0.6590637,0.763222,0.696261,0.850656,0.698656,0.6596315,0.817922,0.771143,0.593998,0.638065,0.88154,0.860562,0.882886,0.725691,0.714816,0.792832,0.806512,1.0,0.706846,0.670324,0.739351,0.828798,0.63668,0.776704,0.817357,0.731686,0.810172,0.681693,0.660179,0.596322,0.786291,0.687549,0.766723,0.740341,0.786244,0.72364,0.775415,0.686232,0.780403,0.710285,0.671933,0.715015,0.764397,0.765092,0.702618,0.733833,0.780889,0.725203,0.781624,0.740269,0.748299,0.936012,0.608588,0.862076,0.709971,0.736563,0.780624,0.733671,0.698138,0.858187,0.749653,0.73389,0.764142,0.706318,0.715538,0.6940731,0.83339,0.758231,0.91792,0.768971,0.613895,0.701362,0.869953,0.689948,0.784097,0.687646,0.727792,0.7183745,0.682098,0.678655,0.696537,0.678867,0.787162,0.72562,0.935876,0.798869,0.79685,0.753786,0.800171,0.735119,0.677765,0.688114,0.739122
0.765238,0.882972,0.831673,0.834247,0.679228,0.783576,0.64923,0.80047,0.855055,0.694256,0.777984,0.717807,0.759528,0.799637,0.87759,0.759785,0.688249,0.804441,0.699778,0.843857,0.82173,0.704895,0.6361133,0.765862,0.706846,1.0,0.893943,0.691729,0.724386,0.789409,0.78514,0.772163,0.786754,0.775792,0.724502,0.769203,0.811142,0.732861,0.654959,0.790162,0.7104692,0.730303,0.689552,0.791318,0.729556,0.634469,0.745607,0.758747,0.744287,0.721184,0.746416,0.824114,0.810767,0.656912,0.752889,0.805637,0.812824,0.866595,0.779346,0.706208,0.747224,0.822517,0.79241,0.891161,0.653207,0.822006,0.819743,0.712313,0.73879,0.705059,0.712568,0.748683,0.794017,0.832386,0.825491,0.73154,0.778898,0.698014,0.685218,0.757014,0.697615,0.886322,0.804717,0.7143315,0.762756,0.788517,0.784781,0.7035605,0.866953,0.745459,0.742785,0.7216476,0.7084246,0.800038,0.775555,0.84011,0.848267,0.800961,0.801228,0.788779
0.82702,0.759963,0.865468,0.859543,0.721973,0.795294,0.726417,0.827847,0.837393,0.6680111,0.669378,0.663479,0.767759,0.784293,0.888213,0.780385,0.694144,0.733357,0.701915,0.806062,0.725226,0.755312,0.555369,0.771782,0.670324,0.893943,1.0,0.751289,0.698644,0.844965,0.780503,0.77165,0.85253,0.773035,0.743496,0.806823,0.852585,0.768579,0.761027,0.81501,0.751568,0.751062,0.743332,0.761411,0.786476,0.677633,0.772018,0.796657,0.742182,0.791218,0.842993,0.817262,0.807884,0.687752,0.783557,0.838917,0.819817,0.871733,0.72272,0.773452,0.761595,0.853531,0.772915,0.873544,0.645816,0.796279,0.793153,0.692312,0.731279,0.633546,0.676944,0.789218,0.779703,0.83352,0.80231,0.679133,0.71658,0.6865755,0.737515,0.764251,0.6186483,0.840982,0.906182,0.679962,0.736401,0.733072,0.775482,0.75433,0.86083,0.803804,0.802207,0.721989,0.742266,0.829989,0.814983,0.804595,0.888247,0.858063,0.768515,0.864898
0.806182,0.830978,0.709511,0.797601,0.629824,0.796405,0.771898,0.790749,0.772029,0.6948059,0.767341,0.70058,0.698895,0.738002,0.759262,0.770065,0.5727523,0.855853,0.7416,0.766245,0.781936,0.854044,0.651128,0.819902,0.739351,0.691729,0.751289,1.0,0.65829,0.730393,0.815085,0.818935,0.786021,0.726174,0.782933,0.806374,0.7661147,0.79213,0.761127,0.747588,0.772903,0.868542,0.897376,0.885939,0.923613,0.706718,0.75091,0.854979,0.742612,0.852171,0.761181,0.73639,0.806126,0.753443,0.75235,0.684922,0.797378,0.751694,0.750796,0.749142,0.678461,0.689492,0.701311,0.727938,0.658196,0.758226,0.812681,0.690709,0.731412,0.784847,0.640255,0.780318,0.787887,0.6656195,0.6652,0.699822,0.699969,0.720995,0.759702,0.92342,0.648172,0.73649,0.750216,0.668218,0.729883,0.758737,0.816649,0.920731,0.7984,0.737939,0.819358,0.808748,0.803348,0.905129,0.7484,0.848084,0.829055,0.677588,0.746593,0.856572
0.704585,0.686216,0.652824,0.717141,0.837265,0.807098,0.675537,0.676737,0.787854,0.758291,0.820425,0.766696,0.693794,0.762992,0.771211,0.701047,0.628076,0.826136,0.777981,0.804331,0.747383,0.770179,0.745832,0.804003,0.828798,0.724386,0.698644,0.65829,1.0,0.7031076,0.727334,0.750091,0.766936,0.692441,0.714052,0.701131,0.639944,0.769433,0.697336,0.773434,0.727253,0.752628,0.70259,0.75234,0.682579,0.69389,0.693745,0.712727,0.828303,0.764128,0.706423,0.7577,0.72643,0.683513,0.720212,0.784355,0.79999,0.695174,0.871553,0.653859,0.865839,0.710034,0.810029,0.731862,0.721467,0.716561,0.851781,0.760142,0.721063,0.754696,0.745728,0.691833,0.651699,0.829787,0.713617,0.820936,0.806463,0.741799,0.752807,0.787441,0.678549,0.7714,0.749304,0.655694,0.717751,0.6423717,0.747172,0.705189,0.698482,0.773111,0.777476,0.833998,0.826981,0.729116,0.731659,0.713386,0.695987,0.715921,0.754892,0.693945
0.734165,0.644928,0.857443,0.705555,0.699083,0.802028,0.751179,0.785491,0.783053,0.795187,0.654217,0.753629,0.679396,0.702042,0.822046,0.767545,0.7321549,0.708792,0.6421041,0.719851,0.665852,0.732537,0.650092,0.68896,0.63668,0.789409,0.844965,0.730393,0.7031076,1.0,0.654327,0.702431,0.783463,0.6450886,0.7473702,0.865786,0.867591,0.726261,0.75838,0.704822,0.699304,0.6738081,0.836663,0.677648,0.767452,0.524672,0.6876586,0.7024,0.732075,0.701785,0.738249,0.679408,0.698845,0.623962,0.832682,0.842166,0.733812,0.783223,0.748653,0.809591,0.811105,0.819438,0.790024,0.7486646,0.679444,0.867873,0.66144,0.689078,0.734308,0.664259,0.789392,0.746949,0.75062,0.74024,0.773491,0.762832,0.738055,0.842728,0.685847,0.715845,0.646642,0.7285104,0.795264,0.702708,0.759227,0.731058,0.7062444,0.773531,0.762261,0.652839,0.736911,0.712839,0.681701,0.799237,0.786153,0.695794,0.732432,0.842276,0.697611,0.713579
0.788654,0.883931,0.775151,0.844806,0.668886,0.745006,0.712045,0.739755,0.802216,0.729837,0.849229,0.721988,0.767171,0.786945,0.726342,0.779716,0.745983,0.885301,0.832667,0.871185,0.812813,0.731262,0.742907,0.832738,0.776704,0.78514,0.780503,0.815085,0.727334,0.654327,1.0,0.843463,0.760027,0.78193,0.682036,0.711056,0.732824,0.820338,0.675383,0.760033,0.7104811,0.875961,0.818565,0.937901,0.837085,0.682785,0.645993,0.779222,0.761914,0.889121,0.80492,0.773296,0.841155,0.752037,0.721659,0.698198,0.7078451,0.826299,0.784896,0.70611,0.720277,0.768839,0.78827,0.7626,0.685733,0.703186,0.89158,0.828827,0.768305,0.844273,0.716051,0.774655,0.778859,0.806469,0.679455,0.73177,0.805215,0.768,0.83417,0.823106,0.761719,0.839162,0.814713,0.702363,0.790153,0.742081,0.846165,0.800064,0.7998302,0.863128,0.793157,0.813239,0.766504,0.758441,0.747802,0.942039,0.75382,0.737091,0.726929,0.796247
0.888468,0.840872,0.831891,0.905374,0.7275921,0.803866,0.825783,0.820513,0.819393,0.810858,0.811826,0.783454,0.780311,0.922466,0.877294,0.809806,0.806707,0.889947,0.82463,0.799352,0.831452,0.82756,0.798568,0.740845,0.817357,0.772163,0.77165,0.818935,0.750091,0.702431,0.843463,1.0,0.851141,0.892984,0.784128,0.781691,0.722954,0.920605,0.814426,0.873789,0.867869,0.835579,0.869767,0.886626,0.840474,0.726994,0.719589,0.796913,0.691971,0.918285,0.783014,0.803632,0.904666,0.892754,0.767932,0.868781,0.833738,0.794147,0.842644,0.768954,0.773323,0.847811,0.7815921,0.877535,0.7294,0.772437,0.84751,0.895782,0.931661,0.875791,0.821674,0.806608,0.82988,0.807992,0.783198,0.786685,0.782619,0.704196,0.803631,0.833868,0.776318,0.935227,0.739877,0.791524,0.797204,0.828005,0.802835,0.792518,0.851782,0.81615,0.822552,0.817257,0.745202,0.762514,0.791393,0.894313,0.789299,0.776062,0.73725,0.865412
0.874304,0.7149398,0.864373,0.866892,0.793509,0.876735,0.826567,0.879884,0.859592,0.765091,0.726509,0.797093,0.84954,0.905557,0.911971,0.7500789,0.738163,0.805596,0.771061,0.762959,0.779126,0.857133,0.70163,0.809266,0.731686,0.786754,0.85253,0.786021,0.766936,0.783463,0.760027,0.851141,1.0,0.852516,0.779757,0.815598,0.723581,0.879509,0.752858,0.899717,0.92979,0.757867,0.794229,0.812307,0.78739,0.76218,0.793813,0.814584,0.798888,0.881632,0.776888,0.843378,0.848634,0.796729,0.840417,0.899247,0.881627,0.841958,0.7767,0.904518,0.864584,0.809321,0.818043,0.84088,0.741152,0.84271,0.776424,0.769807,0.812627,0.731141,0.807945,0.891307,0.820479,0.765072,0.81093,0.808669,0.699598,0.798334,0.842219,0.831912,0.652261,0.821827,0.86446,0.763534,0.740424,0.743583,0.696299,0.799958,0.783712,0.841229,0.865161,0.770771,0.879896,0.878403,0.865632,0.812124,0.891106,0.726847,0.737782,0.877137
0.833882,0.77713,0.818631,0.87946,0.718481,0.743034,0.823511,0.86166,0.876632,0.741114,0.71679,0.798577,0.855737,0.955091,0.866829,0.6877994,0.731791,0.776248,0.883897,0.766787,0.799909,0.745692,0.787692,0.739603,0.810172,0.775792,0.773035,0.726174,0.692441,0.6450886,0.78193,0.892984,0.852516,1.0,0.703839,0.722966,0.644632,0.794138,0.772007,0.879442,0.872165,0.752404,0.789504,0.817406,0.773313,0.751612,0.856671,0.768798,0.70641,0.814534,0.7590069,0.893304,0.759575,0.906122,0.660991,0.842912,0.854635,0.861205,0.800355,0.719309,0.730232,0.756661,0.703584,0.845966,0.693191,0.77276,0.814168,0.757469,0.791151,0.70185,0.6740497,0.814054,0.813223,0.727633,0.865846,0.754429,0.594643,0.5841668,0.7315954,0.779219,0.768284,0.832061,0.709682,0.816798,0.815203,0.869087,0.6679875,0.751176,0.747317,0.87574,0.810853,0.810077,0.741607,0.772683,0.7823168,0.868532,0.837142,0.738639,0.765401,0.856134
0.645402,0.641993,0.807655,0.718682,0.688256,0.791621,0.655309,0.722855,0.720122,0.814537,0.726664,0.733773,0.685148,0.758975,0.733942,0.731835,0.727528,0.701992,0.680562,0.708111,0.6045617,0.898141,0.682796,0.644671,0.681693,0.724502,0.743496,0.782933,0.714052,0.7473702,0.682036,0.784128,0.779757,0.703839,1.0,0.671556,0.683628,0.750082,0.811714,0.669148,0.799326,0.6993495,0.811771,0.701409,0.821226,0.743802,0.757758,0.939694,0.708529,0.847956,0.711888,0.672291,0.739998,0.718227,0.764925,0.76157,0.720471,0.691861,0.731447,0.809485,0.792428,0.743948,0.708478,0.726748,0.645288,0.858422,0.669174,0.7600712,0.795802,0.750913,0.787728,0.680755,0.642445,0.722186,0.780616,0.745073,0.799372,0.746896,0.851565,0.729084,0.778415,0.7540772,0.7031,0.672673,0.694278,0.669711,0.74912,0.729642,0.72969,0.605503,0.770907,0.678769,0.726904,0.709773,0.680043,0.69847,0.693314,0.721573,0.740834,0.720893
0.871421,0.759453,0.844269,0.748919,0.648519,0.820347,0.870993,0.885593,0.879516,0.66895,0.717239,0.80439,0.731531,0.739707,0.841138,0.850321,0.714693,0.811303,0.721818,0.730411,0.753975,0.741085,0.703237,0.772183,0.660179,0.769203,0.806823,0.806374,0.701131,0.865786,0.711056,0.781691,0.815598,0.722966,0.671556,1.0,0.925693,0.798217,0.702589,0.7563,0.749853,0.7946804,0.841185,0.750805,0.847403,0.585376,0.692956,0.738746,0.767893,0.786324,0.749106,0.768218,0.764307,0.6816057,0.802894,0.848663,0.812432,0.844312,0.723611,0.7672122,0.736191,0.81884,0.796774,0.766662,0.724874,0.826824,0.757589,0.717255,0.756597,0.75486,0.730471,0.79414,0.817736,0.6767194,0.757305,0.708552,0.7116579,0.79629,0.71123,0.828914,0.640621,0.753567,0.774696,0.698899,0.797023,0.792023,0.817839,0.772087,0.862765,0.742986,0.799731,0.7366295,0.757192,0.893362,0.844999,0.759285,0.788115,0.746236,0.800894,0.805336
0.74874,0.795274,0.841055,0.740032,0.602778,0.731883,0.736175,0.822197,0.836597,0.673469,0.722634,0.697335,0.745413,0.6532054,0.784008,0.832114,0.709222,0.7585328,0.650918,0.737479,0.672467,0.6380011,0.588116,0.703321,0.596322,0.811142,0.852585,0.7661147,0.639944,0.867591,0.732824,0.722954,0.723581,0.644632,0.683628,0.925693,1.0,0.751379,0.7270122,0.711299,0.684169,0.758585,0.808187,0.758889,0.797736,0.547868,0.6584884,0.768711,0.717661,0.748036,0.797617,0.77383,0.796937,0.59822,0.733129,0.787382,0.776423,0.831758,0.70539,0.755038,0.719889,0.901666,0.809091,0.779601,0.635731,0.817283,0.757836,0.690116,0.755821,0.696415,0.71389,0.766473,0.784207,0.797923,0.748868,0.667686,0.745941,0.807806,0.734244,0.745387,0.713446,0.795193,0.812015,0.695823,0.799827,0.774421,0.855903,0.7468559,0.866602,0.700845,0.745758,0.701495,0.689387,0.839255,0.794126,0.7523494,0.7442722,0.828403,0.780613,0.726412
0.914914,0.797074,0.823719,0.852377,0.737632,0.817729,0.818921,0.794198,0.762005,0.777817,0.842684,0.809834,0.817389,0.849967,0.852058,0.822331,0.73456,0.90333,0.757174,0.754321,0.806492,0.778298,0.805893,0.751044,0.786291,0.732861,0.768579,0.79213,0.769433,0.726261,0.820338,0.920605,0.879509,0.794138,0.750082,0.798217,0.751379,1.0,0.828277,0.882171,0.897438,0.828871,0.790031,0.831136,0.765857,0.740026,0.727416,0.77946,0.774716,0.936888,0.749473,0.798197,0.917868,0.76535,0.777735,0.8334,0.847677,0.751673,0.798885,0.888574,0.808902,0.897016,0.859357,0.855533,0.785532,0.811357,0.827991,0.837995,0.94031,0.866053,0.860572,0.850707,0.871938,0.80488,0.7537,0.756811,0.763597,0.83344,0.864151,0.836979,0.724811,0.903251,0.791108,0.830644,0.817519,0.802283,0.80334,0.766069,0.816525,0.801838,0.88463,0.791847,0.797678,0.822175,0.785811,0.793615,0.791285,0.803271,0.637088,0.839482
0.717853,0.63062,0.767526,0.736043,0.689543,0.715304,0.732858,0.709482,0.6905,0.897874,0.6599065,0.728906,0.780874,0.811487,0.741556,0.753266,0.703571,0.722857,0.704013,0.609475,0.6804989,0.6902143,0.699231,0.6411623,0.687549,0.654959,0.761027,0.761127,0.697336,0.75838,0.675383,0.814426,0.752858,0.772007,0.811714,0.702589,0.7270122,0.828277,1.0,0.769994,0.833075,0.732376,0.834896,0.747493,0.837608,0.720378,0.815789,0.797816,0.724227,0.861654,0.709951,0.766564,0.742935,0.702548,0.623698,0.717397,0.728994,0.636124,0.706625,0.746669,0.717461,0.790399,0.745848,0.801657,0.666713,0.790357,0.683326,0.752806,0.831458,0.751531,0.781126,0.702368,0.683489,0.728381,0.821992,0.696867,0.692835,0.726618,0.864992,0.718302,0.762499,0.7363698,0.696427,0.691019,0.733429,0.759008,0.754538,0.6964483,0.714311,0.717416,0.757534,0.700944,0.728817,0.684319,0.626512,0.696243,0.692209,0.7785835,0.629736,0.796923
0.862167,0.771974,0.8001,0.917348,0.842342,0.795578,0.839471,0.872722,0.851111,0.706005,0.71108,0.722416,0.882932,0.918219,0.928502,0.731952,0.67086,0.803423,0.786863,0.793505,0.840655,0.764768,0.707329,0.761838,0.766723,0.790162,0.81501,0.747588,0.773434,0.704822,0.760033,0.873789,0.899717,0.879442,0.669148,0.7563,0.711299,0.882171,0.769994,1.0,0.927959,0.764265,0.762237,0.845727,0.734592,0.761598,0.83482,0.728995,0.728351,0.833613,0.74197,0.887069,0.849072,0.836225,0.725016,0.845812,0.877436,0.846108,0.746557,0.743655,0.759915,0.84949,0.801655,0.883134,0.743604,0.790807,0.773504,0.746237,0.812652,0.699806,0.737287,0.836634,0.847381,0.736142,0.819281,0.79001,0.689143,0.6913971,0.764212,0.818734,0.663247,0.851914,0.795043,0.813006,0.872061,0.840874,0.71194,0.79476,0.819651,0.818092,0.833809,0.775196,0.768326,0.812624,0.762338,0.851162,0.836892,0.805959,0.681504,0.851887
0.818216,0.696705,0.797532,0.845707,0.780803,0.784602,0.810136,0.85994,0.818086,0.7659253,0.728129,0.755863,0.85575,0.919946,0.871126,0.682758,0.67102,0.784717,0.802998,0.734156,0.754616,0.824538,0.741051,0.6803969,0.740341,0.7104692,0.751568,0.772903,0.727253,0.699304,0.7104811,0.867869,0.92979,0.872165,0.799326,0.749853,0.684169,0.897438,0.833075,0.927959,1.0,0.727524,0.807562,0.785723,0.785103,0.876258,0.870801,0.825343,0.712014,0.889409,0.679208,0.864249,0.830237,0.826391,0.758622,0.851546,0.885092,0.806691,0.765464,0.815902,0.817537,0.829679,0.763633,0.819801,0.729844,0.807488,0.729609,0.745812,0.845471,0.727014,0.7505869,0.856212,0.801421,0.706792,0.807227,0.808229,0.687747,0.7201989,0.839159,0.791673,0.733646,0.788287,0.745277,0.778593,0.843381,0.81855,0.677585,0.764701,0.773732,0.7731523,0.86106,0.73371,0.806966,0.807055,0.792421,0.78981,0.833464,0.752918,0.714899,0.84664
0.834771,0.788261,0.813719,0.791966,0.729286,0.829138,0.705994,0.712497,0.831221,0.718147,0.864284,0.800903,0.739176,0.788109,0.773658,0.759256,0.698917,0.885948,0.832507,0.848025,0.784147,0.765026,0.703881,0.833356,0.786244,0.730303,0.751062,0.868542,0.752628,0.6738081,0.875961,0.835579,0.757867,0.752404,0.6993495,0.7946804,0.758585,0.828871,0.732376,0.764265,0.727524,1.0,0.85728,0.840401,0.859183,0.638158,0.679378,0.738234,0.766498,0.864975,0.83411,0.775104,0.734666,0.765791,0.728715,0.776983,0.731741,0.825249,0.855636,0.671197,0.735529,0.781193,0.752977,0.746076,0.789644,0.747621,0.893735,0.796436,0.722228,0.833567,0.6741968,0.705531,0.732737,0.808096,0.741803,0.769572,0.834891,0.746374,0.840818,0.913792,0.655573,0.838706,0.777924,0.649541,0.750688,0.749867,0.892018,0.841351,0.809172,0.817456,0.813572,0.912199,0.806709,0.82606,0.73707,0.873109,0.722144,0.74073,0.692585,0.834464
0.7581381,0.741945,0.816965,0.809507,0.6616852,0.802238,0.828241,0.798869,0.816398,0.832066,0.719783,0.735279,0.678128,0.81092,0.753068,0.791797,0.765966,0.814721,0.820243,0.785546,0.710817,0.833951,0.687333,0.739341,0.72364,0.689552,0.743332,0.897376,0.70259,0.836663,0.818565,0.869767,0.794229,0.789504,0.811771,0.841185,0.808187,0.790031,0.834896,0.762237,0.807562,0.85728,1.0,0.865988,0.95161,0.690424,0.775979,0.821892,0.772141,0.88313,0.818698,0.696832,0.818386,0.82097,0.735437,0.781733,0.747679,0.777792,0.779404,0.749577,0.724212,0.807045,0.816869,0.715233,0.708304,0.762885,0.814765,0.830899,0.7896,0.76799,0.777925,0.77701,0.7109699,0.713936,0.722119,0.766524,0.762146,0.7198786,0.81655,0.827836,0.73775,0.773637,0.774838,0.6646449,0.763733,0.769441,0.859551,0.884899,0.816832,0.774983,0.799818,0.816727,0.74076,0.812415,0.816841,0.854706,0.77379,0.762355,0.77243,0.829785
0.815755,0.925924,0.784523,0.898731,0.661128,0.769808,0.74903,0.809555,0.815736,0.779025,0.815158,0.751,0.805831,0.842225,0.80503,0.845166,0.7235036,0.872634,0.791703,0.83902,0.884754,0.794966,0.708746,0.885467,0.775415,0.791318,0.761411,0.885939,0.75234,0.677648,0.937901,0.886626,0.812307,0.817406,0.701409,0.750805,0.758889,0.831136,0.747493,0.845727,0.785723,0.840401,0.865988,1.0,0.870685,0.653563,0.69185,0.78335,0.769333,0.863602,0.812606,0.835469,0.907032,0.796892,0.730588,0.723691,0.796475,0.833297,0.783666,0.753484,0.731926,0.803959,0.833934,0.837764,0.711852,0.706769,0.858051,0.835825,0.816727,0.802609,0.778116,0.843073,0.841971,0.771022,0.724602,0.756394,0.7915,0.777843,0.838124,0.856799,0.776131,0.869178,0.842262,0.745576,0.837395,0.824607,0.811772,0.870842,0.851991,0.873405,0.774992,0.815809,0.83683,0.802169,0.763871,0.97444,0.803845,0.767717,0.729457,0.80831
