1,0.849986,0.80514,0.876209,0.805535,0.830118,0.7750116,0.792443,0.805393,0.708564,0.753605,0.766961,0.83205,0.732478,0.7379337,0.861921,0.850767,0.799567,0.831252,0.700892,0.880461,0.628659,0.668011,0.815527,0.692321,0.809661,0.7951081,0.703639,0.857727,0.836433,0.665526,0.8274523,0.914765,0.670302,0.838905,0.787421,0.772334,0.75814,0.761655,0.879647,0.728091,0.802336,0.726481,0.825172,0.702719,0.7062166,0.824577,0.806675,0.801974,0.738322,0.92895,0.864522,0.825276,0.803086,0.790791,0.854479,0.918201,0.809748,0.683926,0.739522,0.795649,0.860316,0.866843,0.718098,0.750467,0.789652,0.820426,0.870849,0.691155,0.5854106,0.825085,0.81257,0.733348,0.723615,0.785152,0.665131,0.937746,0.839546,0.603489,0.909385,0.867526,0.711844,0.726615,0.764463,0.759831,0.752704,0.772813,0.877801,0.741482,0.84993,0.690259,0.956003,0.762859,0.708432,0.851848,0.804467,0.746339,0.7062339,0.745549,0.704636
0.849986,1,0.885411,0.968308,0.944173,0.824537,0.880001,0.928384,0.906239,0.676541,0.783697,0.841946,0.74498,0.800333,0.824684,0.924213,0.80671,0.894735,0.750544,0.786284,0.77212,0.718628,0.82956,0.755538,0.732391,0.855262,0.757139,0.72205,0.787527,0.885548,0.701753,0.771071,0.876901,0.820178,0.830186,0.865092,0.812456,0.864757,0.87189,0.855315,0.906378,0.719209,0.763833,0.788948,0.770613,0.820173,0.783148,0.764711,0.844955,0.860109,0.781277,0.877156,0.864799,0.784589,0.892155,0.941222,0.839148,0.898865,0.684661,0.746833,0.764536,0.801465,0.7513804,0.758432,0.737086,0.839975,0.90475,0.659355,0.710274,0.75358,0.787246,0.772137,0.82061,0.7013517,0.756516,0.760593,0.785265,0.777209,0.693282,0.92766,0.825664,0.781509,0.777677,0.807127,0.866065,0.732765,0.82383,0.812535,0.875226,0.748692,0.699934,0.785961,0.732744,0.782806,0.909814,0.795034,0.86564,0.806386,0.848735,0.845393
0.80514,0.885411,1,0.904141,0.810399,0.836248,0.835024,0.829182,0.882806,0.707022,0.722037,0.751325,0.764207,0.79317,0.816007,0.904408,0.810026,0.84448,0.634911,0.858083,0.750483,0.792778,0.863945,0.763635,0.75636,0.872226,0.729769,0.746863,0.828919,0.790919,0.765854,0.760282,0.823493,0.778144,0.843876,0.79114,0.738876,0.881522,0.836594,0.8526,0.753345,0.824114,0.745881,0.7822896,0.718699,0.85172,0.798397,0.865451,0.882178,0.877598,0.715163,0.849867,0.842005,0.745568,0.850703,0.943895,0.82096,0.854233,0.623468,0.804389,0.719666,0.723951,0.862989,0.745873,0.799963,0.824309,0.906873,0.636489,0.693181,0.744202,0.805253,0.80546,0.862143,0.730668,0.760887,0.717897,0.751633,0.831871,0.810183,0.828127,0.857173,0.673598,0.772819,0.763591,0.839568,0.698652,0.843107,0.748608,0.820973,0.743424,0.663697,0.777983,0.784644,0.711889,0.948399,0.839556,0.808732,0.853313,0.826434,0.868365
0.876209,0.968308,0.904141,1,0.945465,0.869391,0.883521,0.931236,0.943983,0.701648,0.753771,0.820136,0.746005,0.850165,0.84816,0.94575,0.813764,0.898338,0.759553,0.777401,0.813967,0.707641,0.804474,0.792317,0.748909,0.87593,0.7455725,0.6755305,0.829231,0.851393,0.677231,0.811316,0.914151,0.780828,0.85026,0.842204,0.813736,0.827385,0.846807,0.84998,0.874137,0.763454,0.790442,0.824172,0.776029,0.851149,0.756942,0.794833,0.820225,0.823953,0.787632,0.8506,0.832442,0.826006,0.934688,0.934805,0.864564,0.883174,0.684097,0.766641,0.750028,0.776881,0.811648,0.811697,0.749858,0.857644,0.91918,0.676881,0.652478,0.762025,0.797183,0.790247,0.814595,0.741267,0.743411,0.729329,0.826538,0.806958,0.694627,0.902875,0.816844,0.754521,0.751788,0.760529,0.838397,0.713007,0.769675,0.836354,0.858388,0.773333,0.665026,0.82735,0.720588,0.7246,0.913284,0.842203,0.826312,0.830367,0.816563,0.821433
0.805535,0.944173,0.810399,0.945465,1,0.839049,0.903089,0.951365,0.896154,0.742948,0.775766,0.811779,0.722434,0.834523,0.841926,0.861099,0.698732,0.853724,0.76907,0.739818,0.80574,0.701398,0.839167,0.726859,0.688033,0.7763,0.814732,0.708106,0.722998,0.838449,0.636563,0.81582,0.879056,0.783582,0.751158,0.891961,0.765535,0.808325,0.839186,0.762328,0.886084,0.719357,0.762663,0.795667,0.768383,0.773997,0.702084,0.747129,0.822141,0.825138,0.742111,0.76777,0.73433,0.827599,0.905607,0.869227,0.779983,0.927977,0.67202,0.739448,0.735653,0.759667,0.737139,0.837979,0.723144,0.851451,0.842418,0.625231,0.653064,0.779415,0.810785,0.701479,0.842549,0.694947,0.672229,0.70471,0.743869,0.71561,0.677029,0.908791,0.750773,0.741291,0.77811,0.74954,0.835616,0.639321,0.774745,0.761241,0.825549,0.727599,0.6463633,0.741737,0.742183,0.765701,0.818331,0.786033,0.772146,0.823717,0.853562,0.814796
0.830118,0.824537,0.836248,0.869391,0.839049,1,0.803898,0.849713,0.849405,0.680267,0.712812,0.78891,0.836374,0.753801,0.685976,0.817542,0.793903,0.801799,0.818926,0.734661,0.760806,0.751181,0.815372,0.828165,0.696792,0.735519,0.815408,0.780682,0.832191,0.811619,0.616601,0.784045,0.807269,0.7104691,0.877107,0.838563,0.736811,0.838397,0.784177,0.899175,0.700539,0.661936,0.724088,0.812027,0.736362,0.744575,0.680259,0.761409,0.857534,0.854532,0.745954,0.811522,0.74244,0.696074,0.900911,0.850871,0.801311,0.859479,0.644015,0.669626,0.762945,0.787962,0.822348,0.809049,0.781806,0.704919,0.744127,0.697324,0.765152,0.720963,0.732781,0.887141,0.829087,0.764653,0.79943,0.708104,0.79178,0.859581,0.774234,0.834304,0.898802,0.67481,0.751943,0.764983,0.810765,0.673149,0.792467,0.788662,0.714869,0.774569,0.72717,0.736134,0.714011,0.711808,0.839596,0.819947,0.684966,0.780229,0.826867,0.828521
0.7750116,0.880001,0.835024,0.883521,0.903089,0.803898,1,0.937818,0.947204,0.827872,0.774825,0.877678,0.712835,0.837685,0.787055,0.923819,0.820731,0.838529,0.708507,0.711984,0.761258,0.821626,0.799269,0.783476,0.786575,0.895139,0.804822,0.83376,0.82579,0.831442,0.666509,0.873014,0.860481,0.770885,0.863814,0.971574,0.843582,0.7710806,0.762367,0.769881,0.840572,0.819354,0.696015,0.689954,0.749939,0.843038,0.735632,0.73244,0.741923,0.761437,0.736795,0.782475,0.781526,0.760074,0.830637,0.853967,0.764614,0.959139,0.727371,0.808839,0.748944,0.7961239,0.7208263,0.755826,0.71145,0.801492,0.858003,0.6065791,0.677583,0.793244,0.801586,0.785072,0.847709,0.797092,0.761579,0.855452,0.768129,0.7316553,0.798039,0.857617,0.755855,0.745174,0.824079,0.732403,0.806526,0.693391,0.747504,0.841063,0.818131,0.748404,0.651353,0.80919,0.771399,0.846605,0.861742,0.739115,0.756053,0.797292,0.81283,0.744931
0.792443,0.928384,0.829182,0.931236,0.951365,0.849713,0.937818,1,0.952412,0.757172,0.759147,0.836026,0.72589,0.816985,0.770741,0.941888,0.794453,0.902755,0.751856,0.6829927,0.720312,0.7680791,0.766105,0.757155,0.726496,0.833848,0.843151,0.741101,0.78421,0.845717,0.680999,0.822037,0.914356,0.720756,0.884374,0.928318,0.797096,0.843035,0.822232,0.794903,0.842191,0.757541,0.762462,0.789839,0.793446,0.796019,0.685114,0.718617,0.788917,0.767043,0.725547,0.76695,0.774187,0.752558,0.891237,0.826976,0.754944,0.954243,0.670986,0.828304,0.6852351,0.7997,0.7156093,0.803309,0.7442973,0.793511,0.833129,0.5997749,0.625819,0.82323,0.77089,0.825126,0.844512,0.782296,0.796048,0.770856,0.785648,0.739604,0.698835,0.866572,0.775079,0.768702,0.779235,0.7039756,0.760196,0.650061,0.766639,0.795284,0.7808364,0.805185,0.631302,0.791823,0.769923,0.776695,0.850603,0.809876,0.753735,0.835099,0.830188,0.78348
0.805393,0.906239,0.882806,0.943983,0.896154,0.849405,0.947204,0.952412,1,0.729245,0.699421,0.848919,0.75713,0.836151,0.792228,0.946501,0.825853,0.891979,0.715003,0.763114,0.717653,0.78689,0.77678,0.827837,0.707425,0.890915,0.788442,0.754401,0.875015,0.854321,0.673386,0.844658,0.878268,0.773034,0.894816,0.925743,0.794066,0.820178,0.839085,0.795743,0.832086,0.781805,0.774175,0.796402,0.809653,0.860057,0.718502,0.724871,0.800227,0.780251,0.726027,0.827091,0.827869,0.792539,0.907936,0.885796,0.782449,0.925257,0.675559,0.792208,0.757406,0.790726,0.796013,0.753321,0.692737,0.796654,0.878475,0.66033,0.647408,0.817591,0.76719,0.845081,0.855643,0.804806,0.787595,0.797232,0.811481,0.815122,0.742295,0.855902,0.791326,0.776303,0.824938,0.727598,0.81029,0.711454,0.767448,0.829256,0.791389,0.804594,0.581798,0.797599,0.747501,0.741238,0.859888,0.825229,0.754903,0.848323,0.813179,0.826539
0.708564,0.676541,0.707022,0.701648,0.742948,0.680267,0.827872,0.757172,0.729245,1,0.910131,0.7088639,0.563647,0.668696,0.6617,0.753543,0.6597166,0.673504,0.593549,0.58106,0.791428,0.699275,0.628585,0.6177,0.726737,0.736124,0.7150599,0.70763,0.659606,0.709337,0.765118,0.759954,0.778114,0.644097,0.676041,0.787318,0.775617,0.596631,0.568632,0.658747,0.72564,0.910085,0.624505,0.598096,0.587234,0.741845,0.757058,0.742605,0.63023,0.594622,0.686512,0.664559,0.696784,0.706551,0.6605686,0.671019,0.736402,0.795238,0.795451,0.878743,0.582284,0.665611,0.654563,0.790589,0.721534,0.707142,0.72904,0.611999,0.575188,0.633745,0.704723,0.594693,0.657062,0.639109,0.63553,0.669949,0.672429,0.592324,0.71264,0.683389,0.5978504,0.524142,0.631996,0.638869,0.73124,0.6579706,0.72661,0.67978,0.654494,0.719657,0.679827,0.791099,0.670557,0.873618,0.710236,0.621281,0.682272,0.6303998,0.693328,0.614478
0.753605,0.783697,0.722037,0.753771,0.775766,0.712812,0.774825,0.759147,0.699421,0.910131,1,0.780328,0.615864,0.70598,0.707935,0.736069,0.665489,0.748177,0.673926,0.601638,0.830254,0.629992,0.624419,0.683871,0.669359,0.665089,0.691989,0.59949,0.617731,0.735233,0.7229554,0.739852,0.786894,0.691435,0.653888,0.77737,0.743004,0.706636,0.697154,0.6908911,0.763266,0.838822,0.681125,0.665795,0.636242,0.688832,0.753899,0.652081,0.730587,0.696945,0.771749,0.71115,0.721642,0.78238,0.730609,0.706473,0.7270524,0.790488,0.829045,0.821597,0.661889,0.735968,0.637884,0.850973,0.791852,0.7243198,0.67659,0.6297342,0.681108,0.607735,0.68542,0.656845,0.698856,0.663686,0.683713,0.611529,0.699805,0.641359,0.675777,0.771412,0.68388,0.604863,0.666225,0.731745,0.790844,0.693055,0.74595,0.675832,0.699345,0.702245,0.686031,0.749885,0.646912,0.845906,0.727948,0.676437,0.765216,0.651836,0.774932,0.690366
0.766961,0.841946,0.751325,0.820136,0.811779,0.78891,0.877678,0.836026,0.848919,0.7088639,0.780328,1,0.779573,0.703286,0.648144,0.837561,0.817711,0.825066,0.666988,0.678816,0.781439,0.696428,0.745606,0.868549,0.709948,0.809016,0.711417,0.772244,0.829475,0.715858,0.579922,0.746145,0.79367,0.75309,0.832119,0.899046,0.798284,0.814818,0.812789,0.788749,0.801121,0.709515,0.651102,0.686347,0.806745,0.784688,0.707548,0.639491,0.761683,0.796182,0.786792,0.798289,0.731583,0.660148,0.797618,0.808116,0.692222,0.847593,0.773785,0.72363,0.778679,0.850559,0.724548,0.735537,0.641869,0.713163,0.752816,0.64792,0.809024,0.734852,0.70292,0.824539,0.822817,0.787403,0.866115,0.818761,0.782545,0.830571,0.769013,0.813818,0.811168,0.738593,0.811868,0.82248,0.803761,0.658313,0.736012,0.80943,0.718837,0.694352,0.661182,0.736861,0.766251,0.787046,0.7923,0.73077,0.75865,0.761049,0.835636,0.800793
0.83205,0.74498,0.764207,0.746005,0.722434,0.836374,0.712835,0.72589,0.75713,0.563647,0.615864,0.779573,1,0.556827,0.646593,0.717582,0.892204,0.78025,0.71416,0.855904,0.648054,0.670018,0.754467,0.787682,0.601744,0.726575,0.802345,0.833775,0.89541,0.785854,0.5783218,0.697007,0.739587,0.750629,0.832327,0.759648,0.665004,0.87713,0.827748,0.823488,0.679326,0.634476,0.686964,0.869295,0.7875183,0.722233,0.710618,0.7036741,0.819782,0.81318,0.787561,0.815069,0.748951,0.605586,0.725872,0.804385,0.756627,0.788899,0.653919,0.5836288,0.834528,0.900375,0.851912,0.61635,0.608536,0.719742,0.723325,0.780997,0.839337,0.713029,0.685909,0.820502,0.762468,0.701657,0.802686,0.796602,0.871408,0.865013,0.748284,0.83185,0.881554,0.814759,0.751868,0.766897,0.791413,0.6683234,0.732798,0.876073,0.704902,0.736747,0.651003,0.791239,0.757784,0.631882,0.787686,0.850843,0.736671,0.743621,0.818703,0.86569
0.732478,0.800333,0.79317,0.850165,0.834523,0.753801,0.837685,0.816985,0.836151,0.668696,0.70598,0.703286,0.556827,1,0.941773,0.803151,0.676391,0.766107,0.872459,0.725088,0.790197,0.745038,0.808251,0.754141,0.8233,0.813849,0.743717,0.664919,0.682463,0.703156,0.686955,0.813553,0.8000697,0.745079,0.7167219,0.812056,0.753803,0.703858,0.702164,0.687323,0.741154,0.735539,0.791217,0.702191,0.660013,0.773436,0.720002,0.785455,0.716536,0.769034,0.6534948,0.6466323,0.685891,0.836454,0.791608,0.786669,0.775866,0.824759,0.647855,0.748709,0.718209,0.657279,0.659778,0.82802,0.768562,0.908365,0.808599,0.641031,0.622429,0.762414,0.884227,0.758226,0.776802,0.840461,0.668287,0.66059,0.70154,0.6486136,0.660167,0.77113,0.660872,0.714013,0.820071,0.734114,0.722772,0.637433,0.687771,0.710891,0.858284,0.730552,0.689585,0.705593,0.668946,0.750265,0.806295,0.742383,0.751798,0.824749,0.721208,0.700089
0.7379337,0.824684,0.816007,0.84816,0.841926,0.685976,0.787055,0.770741,0.792228,0.6617,0.707935,0.648144,0.646593,0.941773,1,0.780213,0.700629,0.744793,0.833365,0.827516,0.782185,0.726524,0.797401,0.686093,0.786892,0.778809,0.759808,0.656202,0.68191,0.733111,0.747595,0.810837,0.7798152,0.789807,0.679461,0.75266,0.708915,0.691602,0.75811,0.677105,0.7528,0.754344,0.834639,0.730706,0.708528,0.786851,0.760488,0.814199,0.706127,0.736255,0.638199,0.6689161,0.72012,0.836747,0.778907,0.795997,0.803638,0.785905,0.660051,0.701319,0.703224,0.691735,0.714263,0.810247,0.722611,0.966024,0.8321,0.6536665,0.615161,0.723007,0.876134,0.697325,0.773203,0.765551,0.589955,0.638294,0.730544,0.6588459,0.685538,0.806656,0.653583,0.732407,0.789414,0.728215,0.760167,0.697411,0.678618,0.74631,0.897627,0.716859,0.705667,0.7167035,0.721261,0.72413,0.813332,0.772997,0.797022,0.78061,0.707875,0.701407
0.861921,0.924213,0.904408,0.94575,0.861099,0.817542,0.923819,0.941888,0.946501,0.753543,0.736069,0.837561,0.717582,0.803151,0.780213,1,0.872455,0.903199,0.727004,0.749921,0.809368,0.759896,0.764081,0.842262,0.763698,0.932005,0.765011,0.736517,0.863368,0.817341,0.698256,0.811171,0.90566,0.755701,0.916822,0.877531,0.839254,0.821524,0.80779,0.88919,0.846526,0.821702,0.807511,0.800402,0.775167,0.853493,0.769127,0.762052,0.82698,0.813797,0.799066,0.873581,0.860004,0.743406,0.879632,0.921109,0.832404,0.883932,0.662936,0.83578,0.791735,0.791398,0.7958553,0.79268,0.757582,0.808751,0.923657,0.694867,0.713933,0.800716,0.806379,0.866951,0.831102,0.789682,0.849074,0.773424,0.844809,0.855086,0.698259,0.834852,0.856098,0.752415,0.788685,0.807446,0.855785,0.740342,0.748556,0.846164,0.830129,0.796346,0.695148,0.86897,0.759791,0.764728,0.922955,0.819628,0.820141,0.846749,0.794101,0.803367
0.850767,0.80671,0.810026,0.813764,0.698732,0.793903,0.820731,0.794453,0.825853,0.6597166,0.665489,0.817711,0.892204,0.676391,0.700629,0.872455,1,0.889631,0.68487,0.859415,0.75868,0.730682,0.723586,0.804657,0.69707,0.873086,0.777864,0.801535,0.940762,0.708643,0.651024,0.737121,0.826494,0.743693,0.909715,0.810985,0.856865,0.870627,0.819264,0.851162,0.732734,0.75017,0.70606,0.834125,0.743867,0.781339,0.798724,0.733377,0.757713,0.780772,0.811161,0.824337,0.774262,0.707591,0.753857,0.864644,0.839387,0.769643,0.697703,0.746074,0.86656,0.911549,0.825552,0.687987,0.639679,0.754527,0.827319,0.705853,0.730307,0.799318,0.724957,0.851156,0.765791,0.74607,0.835698,0.798332,0.907334,0.893169,0.713189,0.776993,0.845279,0.815029,0.705191,0.754231,0.798754,0.749199,0.735592,0.952135,0.832998,0.83532,0.722571,0.864877,0.749083,0.6827436,0.87156,0.876752,0.853111,0.789572,0.699335,0.787762
0.799567,0.894735,0.84448,0.898338,0.853724,0.801799,0.838529,0.902755,0.891979,0.673504,0.748177,0.825066,0.78025,0.766107,0.744793,0.903199,0.889631,1,0.692747,0.814796,0.751367,0.771406,0.771372,0.743135,0.74512,0.826555,0.753097,0.68999,0.777427,0.763077,0.709614,0.705542,0.838955,0.792072,0.896055,0.815522,0.84849,0.917678,0.809345,0.858726,0.817688,0.715633,0.818582,0.829056,0.744488,0.807163,0.799913,0.746265,0.856354,0.825188,0.7881,0.858698,0.846731,0.747902,0.878182,0.882476,0.806948,0.830206,0.735321,0.803721,0.804748,0.804955,0.6889077,0.820644,0.723926,0.800344,0.8572141,0.657261,0.718044,0.840358,0.706071,0.819933,0.761231,0.76429,0.79164,0.796479,0.76828,0.767445,0.697507,0.806655,0.843797,0.807187,0.775633,0.789995,0.844603,0.743833,0.703633,0.815589,0.852378,0.834968,0.6999364,0.764922,0.807269,0.730876,0.919733,0.841043,0.838023,0.876309,0.85924,0.862543
0.831252,0.750544,0.634911,0.759553,0.76907,0.818926,0.708507,0.751856,0.715003,0.593549,0.673926,0.666988,0.71416,0.872459,0.833365,0.727004,0.68487,0.692747,1,0.594311,0.799286,0.754664,0.738835,0.758249,0.765587,0.654237,0.806716,0.6383405,0.693513,0.765175,0.626109,0.778541,0.777043,0.6969644,0.742975,0.750807,0.702152,0.65223,0.683632,0.792657,0.6492573,0.593018,0.80452,0.777968,0.690565,0.641034,0.602465,0.709493,0.746413,0.72216,0.767933,0.710339,0.684424,0.754864,0.763466,0.703724,0.725645,0.733939,0.6547884,0.628494,0.692634,0.758621,0.696825,0.759794,0.743146,0.795913,0.651299,0.756006,0.663265,0.6346416,0.803149,0.801372,0.703423,0.782046,0.708661,0.59724256,0.818856,0.730484,0.5929415,0.828542,0.769166,0.755801,0.724693,0.7700038,0.7005541,0.675332,0.650557,0.748782,0.749871,0.765215,0.764313,0.743498,0.632287,0.7030858,0.679124,0.743506,0.639817,0.701017,0.706716,0.651491
0.700892,0.786284,0.858083,0.777401,0.739818,0.734661,0.711984,0.6829927,0.763114,0.58106,0.601638,0.678816,0.855904,0.725088,0.827516,0.749921,0.859415,0.814796,0.594311,1,0.6230826,0.764801,0.852757,0.677551,0.695073,0.779851,0.746259,0.783079,0.806162,0.736349,0.768687,0.67342,0.705528,0.83578,0.77293,0.68671,0.727458,0.89345,0.859892,0.72763,0.721035,0.694392,0.741867,0.814306,0.762752,0.798884,0.781985,0.778144,0.765142,0.830695,0.590872,0.779742,0.784799,0.68251,0.773514,0.859269,0.742592,0.74833,0.631356,0.659554,0.765153,0.775392,0.778421,0.70321,0.65697,0.824732,0.826715,0.60137,0.721756,0.800272,0.722258,0.740973,0.776639,0.68723,0.678725,0.746814,0.738497,0.803314,0.780084,0.771738,0.743268,0.784421,0.714348,0.708971,0.797209,0.708245,0.786435,0.810587,0.873243,0.6868197,0.713907,0.69531,0.76848,0.644028,0.859144,0.841438,0.854658,0.828122,0.743977,0.859975
0.880461,0.77212,0.750483,0.813967,0.80574,0.760806,0.761258,0.720312,0.717653,0.791428,0.830254,0.781439,0.648054,0.790197,0.782185,0.809368,0.75868,0.751367,0.799286,0.6230826,1,0.620686,0.669377,0.804019,0.686825,0.777677,0.700193,0.609626,0.723322,0.723198,0.685115,0.798943,0.814569,0.70383,0.725649,0.749013,0.77466,0.707683,0.65217,0.803141,0.723482,0.798362,0.804204,0.735811,0.644445,0.738118,0.768524,0.726752,0.752342,0.731133,0.816964,0.781337,0.750791,0.821974,0.811035,0.776514,0.826924,0.7375,0.6820582,0.742542,0.791046,0.716368,0.758225,0.844858,0.725275,0.765023,0.772246,0.78109,0.735188,0.686908,0.80805,0.723922,0.701854,0.674563,0.718537,0.628674,0.827891,0.78302,0.574056,0.792454,0.762879,0.578372,0.755266,0.786564,0.800646,0.664274,0.764936,0.770273,0.734958,0.82719,0.7362969,0.860943,0.706958,0.759846,0.790344,0.702374,0.737421,0.760372,0.764535,0.671045
0.628659,0.718628,0.792778,0.707641,0.701398,0.751181,0.821626,0.7680791,0.78689,0.699275,0.629992,0.696428,0.670018,0.745038,0.726524,0.759896,0.730682,0.771406,0.754664,0.764801,0.620686,1,0.7824499,0.678767,0.756093,0.809503,0.774408,0.851642,0.734304,0.786479,0.740505,0.72002,0.64264,0.765959,0.77226,0.812591,0.797491,0.7516067,0.663708,0.705597,0.695538,0.746621,0.734474,0.629024,0.611069,0.772664,0.749672,0.822737,0.700929,0.713562,0.600258,0.763333,0.80292,0.566478,0.716719,0.790002,0.698293,0.810416,0.611773,0.741876,0.696556,0.690741,0.647337,0.662119,0.622408,0.692694,0.826288,0.5598305,0.677237,0.812593,0.771806,0.751124,0.756399,0.735211,0.692892,0.826393,0.606138,0.678932,0.796184,0.71622,0.691885,0.764817,0.760978,0.715627,0.7028244,0.723976,0.732912,0.6680754,0.788511,0.665411,0.685343,0.654385,0.731438,0.80916,0.795493,0.679934,0.678272,0.805072,0.763343,0.734929
0.668011,0.82956,0.863945,0.804474,0.839167,0.815372,0.799269,0.766105,0.77678,0.628585,0.624419,0.745606,0.754467,0.808251,0.797401,0.764081,0.723586,0.771372,0.738835,0.852757,0.669377,0.7824499,1,0.6552838,0.777128,0.80198,0.73003,0.780904,0.718445,0.735422,0.654413,0.682599,0.663467,0.830446,0.727124,0.773802,0.659608,0.860778,0.842548,0.798802,0.776462,0.6471664,0.701312,0.796615,0.697934,0.793874,0.761659,0.823362,0.871758,0.930413,0.592036,0.754553,0.707609,0.673152,0.793893,0.87428,0.724033,0.797301,0.569308,0.650085,0.6824941,0.69238,0.719562,0.727763,0.729922,0.790235,0.839167,0.5198774,0.746721,0.751315,0.768121,0.7118387,0.819148,0.71674,0.688427,0.635498,0.628135,0.741872,0.800539,0.796432,0.801871,0.691222,0.804679,0.83327,0.839896,0.659149,0.780417,0.651734,0.821473,0.631424,0.781707,0.632024,0.752926,0.722888,0.873266,0.806999,0.769608,0.905918,0.853481,0.911178
0.815527,0.755538,0.763635,0.792317,0.726859,0.828165,0.783476,0.757155,0.827837,0.6177,0.683871,0.868549,0.787682,0.754141,0.686093,0.842262,0.804657,0.743135,0.758249,0.677551,0.804019,0.678767,0.6552838,1,0.747544,0.822899,0.72154,0.7150943,0.886535,0.715841,0.626133,0.765868,0.764382,0.753292,0.885156,0.805536,0.747383,0.755052,0.723626,0.863157,0.704506,0.669169,0.766978,0.712781,0.714311,0.809962,0.686538,0.660292,0.771674,0.764118,0.80026,0.834279,0.760517,0.64717,0.780841,0.797803,0.689474,0.754894,0.738147,0.674101,0.85277,0.787572,0.811088,0.749538,0.704884,0.688968,0.743362,0.779632,0.82296,0.637975,0.70593,0.928446,0.79294,0.895562,0.931005,0.754758,0.859814,0.917076,0.661926,0.765965,0.884953,0.697528,0.795598,0.835195,0.782383,0.692142,0.670665,0.808531,0.677986,0.742016,0.69766,0.799949,0.794042,0.663175,0.783385,0.720753,0.669057,0.746166,0.740004,0.704002
0.692321,0.732391,0.75636,0.748909,0.688033,0.696792,0.786575,0.726496,0.707425,0.726737,0.669359,0.709948,0.601744,0.8233,0.786892,0.763698,0.69707,0.74512,0.765587,0.695073,0.686825,0.756093,0.777128,0.747544,1,0.846312,0.765848,0.731301,0.623565,0.62629,0.783993,0.739594,0.737622,0.78145,0.728384,0.74511,0.788919,0.701763,0.583837,0.734985,0.7835,0.708186,0.677579,0.643096,0.5651958,0.877524,0.699519,0.795894,0.691611,0.710124,0.678854,0.663918,0.669569,0.635336,0.668063,0.725499,0.711471,0.761972,0.805775,0.829597,0.756662,0.636654,0.585019,0.677401,0.766965,0.783832,0.78833,0.6035249,0.697704,0.741443,0.800133,0.74727,0.714808,0.896542,0.7294,0.808395,0.6397557,0.655186,0.693676,0.662787,0.704115,0.651325,0.813475,0.771453,0.698142,0.691366,0.600017,0.6760331,0.785584,0.67144,0.744828,0.680583,0.6901196,0.826177,0.832422,0.6822,0.762095,0.791164,0.632967,0.653359
0.809661,0.855262,0.872226,0.87593,0.7763,0.735519,0.895139,0.833848,0.890915,0.736124,0.665089,0.809016,0.726575,0.813849,0.778809,0.932005,0.873086,0.826555,0.654237,0.779851,0.777677,0.809503,0.80198,0.822899,0.846312,1,0.694637,0.759105,0.876607,0.76129,0.729601,0.785894,0.820805,0.8035,0.892586,0.831023,0.850522,0.808462,0.767117,0.849527,0.860086,0.829332,0.737866,0.741744,0.743526,0.902914,0.814789,0.800699,0.789634,0.800515,0.772833,0.852343,0.840932,0.727777,0.797008,0.883525,0.827141,0.831457,0.683776,0.835993,0.818024,0.749037,0.785248,0.67419,0.654665,0.793658,0.915367,0.675402,0.696935,0.820561,0.826299,0.839768,0.81236,0.825865,0.819338,0.823016,0.794484,0.830354,0.714759,0.7554877,0.832265,0.773088,0.853513,0.80908,0.807743,0.81495,0.714463,0.832542,0.798282,0.787313,0.73582,0.843531,0.710891,0.810894,0.910539,0.766591,0.810127,0.864436,0.737573,0.793687
0.7951081,0.757139,0.729769,0.7455725,0.814732,0.815408,0.804822,0.843151,0.788442,0.7150599,0.691989,0.711417,0.802345,0.743717,0.759808,0.765011,0.777864,0.753097,0.806716,0.746259,0.700193,0.774408,0.73003,0.72154,0.765848,0.694637,1,0.784405,0.749412,0.802073,0.676803,0.854969,0.826291,0.642144,0.80051,0.852645,0.733332,0.731534,0.731585,0.736418,0.70174,0.7110352,0.713495,0.790495,0.689603,0.743431,0.732328,0.781487,0.739418,0.729208,0.724604,0.6746643,0.69705,0.6334298,0.725934,0.733196,0.757493,0.854008,0.663054,0.701252,0.704902,0.859314,0.725082,0.678155,0.65535,0.790233,0.742024,0.69071,0.61855,0.680603,0.795115,0.777752,0.798456,0.811486,0.718054,0.7012418,0.818122,0.714876,0.6486913,0.841961,0.737834,0.725076,0.781971,0.673656,0.706278,0.646071,0.71203,0.814316,0.766129,0.826082,0.624701,0.80461,0.808469,0.6951588,0.778573,0.774568,0.686436,0.760711,0.760022,0.708057
0.703639,0.72205,0.746863,0.6755305,0.708106,0.780682,0.83376,0.741101,0.754401,0.70763,0.59949,0.772244,0.833775,0.664919,0.656202,0.736517,0.801535,0.68999,0.6383405,0.783079,0.609626,0.851642,0.780904,0.7150943,0.731301,0.759105,0.784405,1,0.824157,0.784191,0.668023,0.770789,0.673454,0.751122,0.778637,0.842902,0.756523,0.775729,0.73891,0.738369,0.68225,0.682962,0.5555378,0.666033,0.70317,0.751777,0.701497,0.739986,0.69358,0.743508,0.660558,0.761706,0.708919,0.548685,0.701461,0.802426,0.690799,0.825937,0.5918745,0.612945,0.697735,0.811691,0.743173,0.56344149,0.589805,0.687398,0.727094,0.604009,0.746189,0.7912242,0.754214,0.709866,0.799171,0.677413,0.745047,0.875754,0.73825,0.788624,0.807085,0.770268,0.749593,0.743034,0.739627,0.715026,0.765335,0.614882,0.774895,0.820963,0.778151,0.656769,0.694032,0.706605,0.706564,0.757734,0.768545,0.726745,0.715212,0.733611,0.718348,0.719932
0.857727,0.787527,0.828919,0.829231,0.722998,0.832191,0.82579,0.78421,0.875015,0.659606,0.617731,0.829475,0.89541,0.682463,0.68191,0.863368,0.940762,0.777427,0.693513,0.806162,0.723322,0.734304,0.718445,0.886535,0.623565,0.876607,0.749412,0.824157,1,0.773579,0.602784,0.767223,0.821647,0.710464,0.909609,0.821312,0.770232,0.824344,0.833158,0.846789,0.682618,0.753972,0.659368,0.799624,0.801752,0.775158,0.762144,0.721678,0.754116,0.767703,0.787318,0.866125,0.811605,0.665769,0.788812,0.865405,0.776472,0.793251,0.625221,0.693465,0.828345,0.894995,0.913039,0.673001,0.632521,0.738775,0.810204,0.740176,0.736164,0.724739,0.721744,0.889737,0.822359,0.763859,0.860386,0.772717,0.93961,0.945662,0.736218,0.809197,0.867149,0.782548,0.707702,0.74691,0.774293,0.715275,0.74172,0.945843,0.747424,0.7441215,0.6566242,0.878573,0.735713,0.620265,0.8334,0.845189,0.771826,0.743925,0.704709,0.7745698
0.836433,0.885548,0.790919,0.851393,0.838449,0.811619,0.831442,0.845717,0.854321,0.709337,0.735233,0.715858,0.785854,0.703156,0.733111,0.817341,0.708643,0.763077,0.765175,0.736349,0.723198,0.786479,0.735422,0.715841,0.62629,0.76129,0.802073,0.784191,0.773579,1,0.804589,0.863802,0.809023,0.721018,0.792344,0.813335,0.748765,0.758382,0.818419,0.779604,0.767791,0.753578,0.747112,0.763939,0.779062,0.70223,0.705363,0.690619,0.774916,0.742102,0.727776,0.831836,0.871401,0.759509,0.831913,0.822388,0.7496668,0.862251,0.657517,0.716267,0.677143,0.80131,0.762588,0.654199,0.707176,0.73884,0.768819,0.727078,0.641789,0.6936511,0.772956,0.754074,0.761461,0.661191,0.69304,0.778517,0.802831,0.754157,0.6943876,0.935975,0.770368,0.745841,0.767245,0.7091,0.73506,0.732337,0.852337,0.810576,0.6844647,0.819176,0.602818,0.784057,0.668945,0.764684,0.768415,0.739465,0.70503,0.697223,0.775285,0.723455
0.665526,0.701753,0.765854,0.677231,0.636563,0.616601,0.666509,0.680999,0.673386,0.765118,0.7229554,0.579922,0.5783218,0.686955,0.747595,0.698256,0.651024,0.709614,0.626109,0.768687,0.685115,0.740505,0.654413,0.626133,0.783993,0.729601,0.676803,0.668023,0.602784,0.804589,1,0.763083,0.722362,0.745884,0.65001,0.591951,0.771608,0.658237,0.664058,0.627109,0.725494,0.795042,0.728286,0.689636,0.661277,0.781031,0.791946,0.725121,0.641029,0.632617,0.61273,0.694962,0.815035,0.730149,0.669342,0.659461,0.7072392,0.69133,0.804058,0.867039,0.615818,0.608048,0.599209,0.622424,0.723314,0.732513,0.745525,0.674854,0.602073,0.734776,0.741799,0.666436,0.60569,0.694978,0.59358,0.728465,0.644792,0.625274,0.648758,0.653133,0.5871018,0.687388,0.687105,0.615903,0.655177,0.780286,0.712319,0.677055,0.699528,0.775729,0.617563,0.69966,0.612513,0.824389,0.741888,0.690308,0.730468,0.750054,0.581043,0.649668
0.8274523,0.771071,0.760282,0.811316,0.81582,0.784045,0.873014,0.822037,0.844658,0.759954,0.739852,0.746145,0.697007,0.813553,0.810837,0.811171,0.737121,0.705542,0.778541,0.67342,0.798943,0.72002,0.682599,0.765868,0.739594,0.785894,0.854969,0.770789,0.767223,0.863802,0.763083,1,0.852972,0.633497,0.772763,0.872783,0.784685,0.6308245,0.675956,0.686721,0.690811,0.808578,0.711594,0.694228,0.728613,0.78229,0.778923,0.747184,0.657365,0.659322,0.7088294,0.709104,0.732906,0.814154,0.793749,0.76006,0.814966,0.86281,0.719052,0.744166,0.69481,0.783428,0.735302,0.669907,0.687793,0.804708,0.765637,0.722539,0.5776267,0.703839,0.870459,0.735274,0.782461,0.75302,0.673507,0.757304,0.826422,0.7060579,0.646866,0.871601,0.679907,0.66365,0.783531,0.6264292,0.683829,0.702581,0.787301,0.841481,0.736599,0.814533,0.536805,0.821589,0.713959,0.718489,0.780375,0.714904,0.647505,0.736316,0.69614,0.612379
0.914765,0.876901,0.823493,0.914151,0.879056,0.807269,0.860481,0.914356,0.878268,0.778114,0.786894,0.79367,0.739587,0.8000697,0.7798152,0.90566,0.826494,0.838955,0.777043,0.705528,0.814569,0.64264,0.663467,0.764382,0.737622,0.820805,0.826291,0.673454,0.821647,0.809023,0.722362,0.852972,1,0.638262,0.828298,0.831444,0.797295,0.774987,0.810875,0.782839,0.786987,0.808028,0.732149,0.824877,0.794198,0.77334,0.74877,0.784757,0.7450544,0.710105,0.814664,0.7469,0.7495627,0.813242,0.841986,0.806957,0.84665,0.877163,0.689495,0.834798,0.68612,0.869669,0.825698,0.755863,0.776928,0.827835,0.815642,0.691579,0.569163,0.702878,0.792162,0.789935,0.740303,0.722567,0.776214,0.672301,0.900163,0.790388,0.6274307,0.869516,0.768332,0.724967,0.662007,0.683005,0.732941,0.657241,0.74988,0.85986,0.765604,0.825944,0.5992,0.915317,0.756383,0.751007,0.85974,0.850398,0.758827,0.761327,0.730662,0.718572
0.670302,0.820178,0.778144,0.780828,0.783582,0.7104691,0.770885,0.720756,0.773034,0.644097,0.691435,0.75309,0.750629,0.745079,0.789807,0.755701,0.743693,0.792072,0.6969644,0.83578,0.70383,0.765959,0.830446,0.753292,0.78145,0.8035,0.642144,0.751122,0.710464,0.721018,0.745884,0.633497,0.638262,1,0.754281,0.717872,0.760737,0.806929,0.742233,0.788276,0.885098,0.655477,0.8136,0.658451,0.68746,0.841223,0.768764,0.756692,0.7813696,0.79015,0.684807,0.807696,0.800163,0.735578,0.742802,0.820017,0.744223,0.771805,0.748988,0.658633,0.842762,0.654651,0.624174,0.755829,0.685482,0.794658,0.825484,0.701952,0.886585,0.802041,0.746696,0.748345,0.73988,0.752874,0.698308,0.793596,0.596749,0.683294,0.731881,0.720297,0.79609,0.80029,0.808379,0.884919,0.89547,0.829942,0.674034,0.70753,0.82265,0.668802,0.801843,0.623366,0.73132,0.839789,0.812274,0.6386344,0.785089,0.78736,0.784278,0.809871
0.838905,0.830186,0.843876,0.85026,0.751158,0.877107,0.863814,0.884374,0.894816,0.676041,0.653888,0.832119,0.832327,0.7167219,0.679461,0.916822,0.909715,0.896055,0.742975,0.77293,0.725649,0.77226,0.727124,0.885156,0.728384,0.892586,0.80051,0.778637,0.909609,0.792344,0.65001,0.772763,0.828298,0.754281,1,0.866811,0.847818,0.855035,0.737729,0.922791,0.75576,0.766631,0.766819,0.802071,0.736839,0.7832279,0.7585949,0.725428,0.844682,0.798919,0.813884,0.875071,0.843728,0.635581,0.833878,0.859083,0.784311,0.850959,0.701588,0.78214,0.8518,0.836515,0.797265,0.764687,0.728083,0.718429,0.829949,0.733183,0.73542,0.794952,0.740681,0.961784,0.80414,0.869503,0.906589,0.797358,0.833171,0.877873,0.6800541,0.776297,0.920614,0.745964,0.824162,0.824126,0.812201,0.769469,0.732124,0.865114,0.72835,0.881874,0.707905,0.845836,0.814855,0.70615,0.900589,0.804354,0.741441,0.832192,0.785713,0.79229
0.787421,0.865092,0.79114,0.842204,0.891961,0.838563,0.971574,0.928318,0.925743,0.787318,0.77737,0.899046,0.759648,0.812056,0.75266,0.877531,0.810985,0.815522,0.750807,0.68671,0.749013,0.812591,0.773802,0.805536,0.74511,0.831023,0.852645,0.842902,0.821312,0.813335,0.591951,0.872783,0.831444,0.717872,0.866811,1,0.797721,0.815425,0.786367,0.771727,0.768937,0.770154,0.664423,0.692043,0.737221,0.795536,0.723946,0.708785,0.759382,0.777581,0.760558,0.757064,0.724464,0.725396,0.832001,0.838537,0.74057,0.950739,0.700328,0.757603,0.746016,0.844948,0.712687,0.758927,0.676453,0.785696,0.790344,0.641358,0.696549,0.772568,0.802047,0.820276,0.894256,0.84077,0.798764,0.843596,0.762227,0.75354,0.772845,0.86806,0.780895,0.739997,0.838476,0.7142566,0.795939,0.62545,0.776121,0.833548,0.807333,0.772693,0.6019546,0.778324,0.794545,0.793646,0.814844,0.730654,0.738959,0.802122,0.840781,0.769842
0.772334,0.812456,0.738876,0.813736,0.765535,0.736811,0.843582,0.797096,0.794066,0.775617,0.743004,0.798284,0.665004,0.753803,0.708915,0.839254,0.856865,0.84849,0.702152,0.727458,0.77466,0.797491,0.659608,0.747383,0.788919,0.850522,0.733332,0.756523,0.770232,0.748765,0.771608,0.784685,0.797295,0.760737,0.847818,0.797721,1,0.765601,0.658044,0.755263,0.824783,0.82297,0.725673,0.622707,0.637764,0.792914,0.781261,0.708707,0.66523,0.656949,0.771292,0.819946,0.841007,0.696617,0.813109,0.775431,0.737201,0.799807,0.84265,0.838048,0.791457,0.775999,0.6485031,0.713334,0.676626,0.689146,0.84021,0.601474,0.63903,0.834503,0.770734,0.786109,0.677996,0.747314,0.725174,0.817823,0.745068,0.756699,0.641915,0.742157,0.706407,0.679837,0.755918,0.708038,0.740733,0.79853,0.756176,0.833541,0.752603,0.839316,0.643874,0.792896,0.743889,0.877912,0.855712,0.634634,0.801179,0.76347,0.667637,0.648797
0.75814,0.864757,0.881522,0.827385,0.808325,0.838397,0.7710806,0.843035,0.820178,0.596631,0.706636,0.814818,0.87713,0.703858,0.691602,0.821524,0.870627,0.917678,0.65223,0.89345,0.707683,0.7516067,0.860778,0.755052,0.701763,0.808462,0.731534,0.775729,0.824344,0.758382,0.658237,0.6308245,0.774987,0.806929,0.855035,0.815425,0.765601,1,0.879384,0.849266,0.772961,0.657338,0.733132,0.830761,0.7595,0.773702,0.781495,0.787555,0.904857,0.920775,0.732024,0.850164,0.795549,0.655807,0.858821,0.898665,0.773448,0.85173,0.620199,0.699129,0.799292,0.856903,0.76995,0.777503,0.721266,0.726597,0.813643,0.589832,0.791451,0.808435,0.68605,0.821019,0.797091,0.713879,0.828544,0.763928,0.749271,0.837894,0.777913,0.796302,0.878897,0.791065,0.77504,0.826737,0.867531,0.693911,0.81385,0.787941,0.822848,0.717926,0.692037,0.707359,0.789303,0.7001,0.917771,0.871604,0.820097,0.870228,0.904868,0.940641
0.761655,0.87189,0.836594,0.846807,0.839186,0.784177,0.762367,0.822232,0.839085,0.568632,0.697154,0.812789,0.827748,0.702164,0.75811,0.80779,0.819264,0.809345,0.683632,0.859892,0.65217,0.663708,0.842548,0.723626,0.583837,0.767117,0.731585,0.73891,0.833158,0.818419,0.664058,0.675956,0.810875,0.742233,0.737729,0.786367,0.658044,0.879384,1,0.745517,0.7634832,0.62331,0.689414,0.880732,0.858668,0.74208,0.689479,0.674273,0.816409,0.897963,0.629648,0.779438,0.752965,0.7134551,0.8059,0.873678,0.737675,0.811989,0.515865,0.641684,0.722147,0.868832,0.804049,0.678123,0.637852,0.810011,0.783046,0.626004,0.727694,0.758853,0.700467,0.733954,0.833424,0.616859,0.740422,0.698677,0.81277,0.850917,0.746649,0.887537,0.758967,0.861378,0.697629,0.738131,0.8098,0.632363,0.833931,0.821089,0.851477,0.645731,0.659213,0.711285,0.639398,0.641726,0.798044,0.916767,0.849727,0.805847,0.822446,0.913265
0.879647,0.855315,0.8526,0.84998,0.762328,0.899175,0.769881,0.794903,0.795743,0.658747,0.6908911,0.788749,0.823488,0.687323,0.677105,0.88919,0.851162,0.858726,0.792657,0.72763,0.803141,0.705597,0.798802,0.863157,0.734985,0.849527,0.736418,0.738369,0.846789,0.779604,0.627109,0.686721,0.782839,0.788276,0.922791,0.771727,0.755263,0.849266,0.745517,1,0.778672,0.73107,0.7752,0.838876,0.653467,0.762562,0.789312,0.776148,0.918881,0.88597,0.867211,0.929351,0.863887,0.640554,0.801008,0.905914,0.838494,0.795918,0.6252878,0.730685,0.86405,0.758771,0.7980307,0.781224,0.792876,0.6843248,0.856789,0.793684,0.861203,0.679315,0.745926,0.911156,0.767968,0.786948,0.874978,0.713915,0.806391,0.881635,0.653985,0.814621,0.97947,0.709256,0.805146,0.898164,0.878552,0.780891,0.761769,0.78613,0.74871,0.820678,0.829483,0.833493,0.747485,0.718734,0.893899,0.796286,0.771267,0.828017,0.850043,0.839111
0.728091,0.906378,0.753345,0.874137,0.886084,0.700539,0.840572,0.842191,0.832086,0.72564,0.763266,0.801121,0.679326,0.741154,0.7528,0.846526,0.732734,0.817688,0.6492573,0.721035,0.723482,0.695538,0.776462,0.704506,0.7835,0.860086,0.70174,0.68225,0.682618,0.767791,0.725494,0.690811,0.786987,0.885098,0.75576,0.768937,0.824783,0.772961,0.7634832,0.778672,1,0.703721,0.750785,0.719853,0.726406,0.843526,0.72854,0.728968,0.778348,0.768524,0.714797,0.778339,0.796423,0.741794,0.798594,0.811758,0.758208,0.80265,0.763293,0.752443,0.752667,0.705196,0.634691,0.694853,0.621666,0.777586,0.866232,0.60229,0.7007797,0.788401,0.735786,0.684714,0.694995,0.690987,0.699424,0.726826,0.694144,0.65878,0.615255,0.800821,0.745669,0.792922,0.764384,0.807717,0.83902,0.859912,0.668378,0.751755,0.790886,0.705928,0.678755,0.714916,0.649353,0.849808,0.830747,0.687283,0.821748,0.773713,0.780592,0.782344
0.802336,0.719209,0.824114,0.763454,0.719357,0.661936,0.819354,0.757541,0.781805,0.910085,0.838822,0.709515,0.634476,0.735539,0.754344,0.821702,0.75017,0.715633,0.593018,0.694392,0.798362,0.746621,0.6471664,0.669169,0.708186,0.829332,0.7110352,0.682962,0.753972,0.753578,0.795042,0.808578,0.808028,0.655477,0.766631,0.770154,0.82297,0.657338,0.62331,0.73107,0.703721,1,0.659936,0.690953,0.638423,0.717775,0.848408,0.789243,0.703535,0.651555,0.782622,0.740382,0.80632,0.757874,0.676985,0.763202,0.818192,0.790102,0.747398,0.899456,0.677894,0.707185,0.738746,0.729727,0.737064,0.776554,0.815106,0.6762,0.584328,0.660046,0.803071,0.706421,0.709407,0.692914,0.662499,0.678365,0.764219,0.689228,0.722566,0.732491,0.704233,0.58858,0.751641,0.643654,0.691703,0.760438,0.798023,0.753145,0.6807553,0.805409,0.644266,0.880865,0.70086,0.857314,0.79765,0.683952,0.753417,0.70131,0.701096,0.650612
0.726481,0.763833,0.745881,0.790442,0.762663,0.724088,0.696015,0.762462,0.774175,0.624505,0.681125,0.651102,0.686964,0.791217,0.834639,0.807511,0.70606,0.818582,0.80452,0.741867,0.804204,0.734474,0.701312,0.766978,0.677579,0.737866,0.713495,0.5555378,0.659368,0.747112,0.728286,0.711594,0.732149,0.8136,0.766819,0.664423,0.725673,0.733132,0.689414,0.7752,0.750785,0.659936,1,0.802656,0.745478,0.776956,0.679087,0.6596393,0.800169,0.743598,0.665422,0.763029,0.777199,0.775498,0.855182,0.771419,0.708632,0.671414,0.66467,0.688498,0.790394,0.684285,0.681084,0.820206,0.722197,0.754603,0.792878,0.708583,0.723157,0.731735,0.721283,0.769402,0.688743,0.716942,0.761384,0.671282,0.737442,0.7287247,0.572282,0.752488,0.764159,0.698187,0.760456,0.85265,0.851986,0.732764,0.664134,0.695365,0.744506,0.805539,0.718044,0.706207,0.716268,0.635282,0.775894,0.75561,0.650403,0.781449,0.762522,0.719333
0.825172,0.788948,0.7822896,0.824172,0.795667,0.812027,0.689954,0.789839,0.796402,0.598096,0.665795,0.686347,0.869295,0.702191,0.730706,0.800402,0.834125,0.829056,0.777968,0.814306,0.735811,0.629024,0.796615,0.712781,0.643096,0.741744,0.790495,0.666033,0.799624,0.763939,0.689636,0.694228,0.824877,0.658451,0.802071,0.692043,0.622707,0.830761,0.880732,0.838876,0.719853,0.690953,0.802656,1,0.811016,0.693799,0.721778,0.755716,0.880265,0.870251,0.747692,0.769025,0.766116,0.7084769,0.785648,0.805431,0.778676,0.747819,0.56753,0.743159,0.738325,0.803249,0.835152,0.744914,0.729527,0.785717,0.794789,0.746432,0.712813,0.73966,0.737998,0.797553,0.771963,0.680577,0.774007,0.5792328,0.853336,0.820967,0.649915,0.856404,0.857825,0.800919,0.727864,0.768431,0.773471,0.691516,0.717768,0.771887,0.732301,0.816302,0.730338,0.790407,0.716765,0.589874,0.817241,0.966815,0.740737,0.866628,0.804075,0.872493
0.702719,0.770613,0.718699,0.776029,0.768383,0.736362,0.749939,0.793446,0.809653,0.587234,0.636242,0.806745,0.7875183,0.660013,0.708528,0.775167,0.743867,0.744488,0.690565,0.762752,0.644445,0.611069,0.697934,0.714311,0.5651958,0.743526,0.689603,0.70317,0.801752,0.779062,0.661277,0.728613,0.794198,0.68746,0.736839,0.737221,0.637764,0.7595,0.858668,0.653467,0.726406,0.638423,0.745478,0.811016,1,0.742477,0.578483,0.624902,0.7009798,0.730958,0.572025,0.667318,0.683419,0.6371059,0.787004,0.711429,0.64489,0.753134,0.600999,0.690744,0.628811,0.810139,0.809881,0.666638,0.576012,0.788414,0.705869,0.614711,0.637356,0.800664,0.685207,0.746218,0.7976,0.61824,0.702236,0.673543,0.812818,0.793411,0.756062,0.824248,0.669396,0.753508,0.721971,0.712291,0.726452,0.580342,0.71921,0.793318,0.636283,0.70269,0.518425,0.704823,0.6003787,0.639295,0.692899,0.845084,0.687481,0.718791,0.749234,0.804903
