0,1,2,3,4,5,6,7,8,9,10,11,12,13,14,15,16,17,18,19,20,21,22,23,24,25,26,27,28,29,30,31,32,33,34,35,36,37,38,39,40,41,42,43,44,45,46,47,48,49,50,51,52,53,54,55,56,57,58,59,60,61,62,63,64,65,66,67,68,69,70,71,72,73,74,75,76,77,78,79,80,81,82,83,84,85,86,87,88,89,90,91,92,93,94,95,96,97,98,99
1.0,0.917617,0.786516,0.873272,0.851285,0.972941,0.803746,0.788513,0.942267,0.887455,0.843682,0.916971,0.886983,0.832164,0.845893,0.872846,0.84595,0.840929,0.894596,0.856627,0.827148,0.815253,0.835163,0.765495,0.948514,0.789368,0.757615,0.853578,0.863848,0.840066,0.894783,0.82147,0.852722,0.825165,0.897813,0.940453,0.960597,0.898728,0.920159,0.815186,0.924111,0.842394,0.932541,0.877812,0.879268,0.913916,0.772705,0.788457,0.905979,0.814156,0.836045,0.917686,0.859207,0.933672,0.937114,0.881932,0.877062,0.884466,0.843517,0.785907,0.74989,0.886989,0.886161,0.891887,0.892825,0.891189,0.905189,0.936446,0.859391,0.874899,0.870424,0.854619,0.911752,0.905074,0.755053,0.912108,0.905787,0.875715,0.844549,0.7849923,0.889209,0.845023,0.988176,0.799654,0.957707,0.951208,0.770671,0.87659,0.890198,0.83561,0.897817,0.918364,0.832746,0.849711,0.895527,0.828805,0.843426,0.881148,0.798714,0.820514
0.917617,1.0,0.872818,0.861457,0.800854,0.913213,0.77701,0.797129,0.908423,0.853866,0.837364,0.876518,0.813839,0.835068,0.850559,0.820082,0.788022,0.790858,0.869158,0.810131,0.812809,0.873904,0.786835,0.874363,0.960413,0.812768,0.789693,0.813024,0.810919,0.796468,0.859809,0.78895,0.868398,0.811688,0.843996,0.919119,0.983509,0.807056,0.858587,0.782066,0.842766,0.857115,0.91933,0.919681,0.816912,0.878344,0.8599,0.885517,0.984082,0.747908,0.767521,0.861219,0.871496,0.930825,0.844453,0.812986,0.891152,0.842198,0.852471,0.837837,0.817294,0.820497,0.812141,0.962088,0.832128,0.826737,0.841581,0.84294,0.833032,0.806402,0.809542,0.866042,0.841442,0.836219,0.793843,0.937556,0.822636,0.818819,0.882799,0.742993,0.8809,0.863553,0.911111,0.842058,0.896612,0.913026,0.825803,0.84238,0.835495,0.898327,0.863273,0.890558,0.783831,0.822035,0.870925,0.856511,0.785186,0.841309,0.843767,0.757142
0.786516,0.872818,1.0,0.836893,0.930464,0.781553,0.826351,0.957479,0.807025,0.902213,0.832957,0.88789,0.921401,0.849313,0.961617,0.896538,0.920336,0.903913,0.903411,0.878585,0.927221,0.857401,0.858712,0.968611,0.830862,0.97699,0.889679,0.872043,0.933033,0.848709,0.851921,0.868075,0.886255,0.821104,0.836028,0.832309,0.842811,0.888222,0.888486,0.8211544,0.803887,0.88933,0.834863,0.91923,0.925032,0.852451,0.965188,0.972039,0.883374,0.892873,0.886514,0.891817,0.795744,0.836611,0.861662,0.900228,0.891358,0.843481,0.864577,0.848491,0.954402,0.902084,0.908718,0.852706,0.893494,0.922325,0.897603,0.882339,0.862239,0.917208,0.907766,0.908895,0.89286,0.895257,0.940577,0.895928,0.899195,0.893166,0.810733,0.778019,0.904492,0.901206,0.813389,0.907433,0.824674,0.812647,0.891477,0.888102,0.893517,0.945287,0.861841,0.828721,0.864512,0.834276,0.82604,0.928442,0.786504,0.894409,0.984337,0.891307
0.873272,0.861457,0.836893,1.0,0.897718,0.8662,0.854156,0.861259,0.931026,0.9345,0.987259,0.908493,0.873061,0.974855,0.847035,0.935298,0.894018,0.925725,0.927555,0.949791,0.900663,0.917423,0.96092,0.872263,0.930536,0.825311,0.874404,0.958269,0.886016,0.964607,0.86745,0.902677,0.925512,0.941675,0.954684,0.961337,0.863772,0.875885,0.915164,0.898453,0.784574,0.960878,0.970249,0.804441,0.868951,0.874288,0.870588,0.878498,0.836503,0.827962,0.802435,0.831674,0.737228,0.893477,0.880597,0.907305,0.904829,0.960734,0.984637,0.925125,0.823206,0.916561,0.897215,0.792112,0.918135,0.862324,0.922851,0.853325,0.895147,0.895083,0.91806,0.945426,0.916359,0.894523,0.822552,0.829359,0.832203,0.9216,0.922657,0.830869,0.905473,0.94797,0.866423,0.921304,0.884651,0.93043,0.862866,0.927685,0.922734,0.843831,0.916067,0.969574,0.956362,0.98673,0.984767,0.746836,0.950982,0.936053,0.824293,0.897175
0.851285,0.800854,0.930464,0.897718,1.0,0.854119,0.899695,0.975333,0.888648,0.958282,0.907781,0.920637,0.977498,0.910543,0.969302,0.983238,0.992741,0.989206,0.939807,0.972353,0.986265,0.809355,0.957742,0.906071,0.844356,0.96804,0.893529,0.964089,0.993566,0.939909,0.896247,0.944382,0.923751,0.843733,0.918023,0.89604,0.803673,0.958571,0.943113,0.931107,0.850268,0.912645,0.881362,0.821854,0.978216,0.901847,0.935983,0.915451,0.808228,0.937674,0.903587,0.928706,0.78758,0.855658,0.93089,0.982133,0.92111,0.925859,0.900903,0.835488,0.9168,0.983272,0.983282,0.763505,0.971394,0.969945,0.967405,0.939732,0.927298,0.989873,0.992814,0.919999,0.962801,0.960985,0.929299,0.821227,0.936552,0.979391,0.827746,0.841087,0.909175,0.921846,0.875862,0.924976,0.899069,0.892911,0.905203,0.958223,0.970352,0.859301,0.924335,0.907279,0.960812,0.926453,0.905503,0.870586,0.868253,0.967561,0.954751,0.974127
0.972941,0.913213,0.781553,0.8662,0.854119,1.0,0.839391,0.809651,0.969309,0.882255,0.864381,0.916299,0.893388,0.856114,0.83606,0.873634,0.868253,0.850585,0.89081,0.865906,0.813209,0.790943,0.85364,0.760808,0.936886,0.809687,0.79999,0.864947,0.870243,0.860178,0.92383,0.852211,0.843316,0.769682,0.874459,0.939429,0.944685,0.919981,0.914338,0.864125,0.941311,0.826925,0.916649,0.853294,0.868061,0.931128,0.761894,0.777166,0.90825,0.843764,0.87268,0.887953,0.831807,0.923161,0.950627,0.897524,0.873328,0.902272,0.833746,0.747567,0.767728,0.894212,0.896718,0.888397,0.902827,0.889554,0.89063,0.918018,0.899528,0.887044,0.876793,0.831465,0.905529,0.882025,0.784968,0.891183,0.922654,0.892024,0.884111,0.840131,0.900298,0.851415,0.978557,0.79428,0.975267,0.971523,0.73969,0.893574,0.89981,0.823272,0.920759,0.930875,0.850943,0.865621,0.90821,0.850571,0.798566,0.884927,0.807814,0.859521
0.803746,0.77701,0.826351,0.854156,0.899695,0.839391,1.0,0.872221,0.867434,0.926667,0.885032,0.915331,0.901335,0.895087,0.861104,0.922522,0.922763,0.903376,0.921222,0.915848,0.878433,0.764742,0.888252,0.8053585,0.83466,0.868324,0.851638,0.912618,0.908013,0.866795,0.844769,0.90631,0.813253,0.769463,0.827622,0.858321,0.795283,0.91995,0.914693,0.973627,0.810178,0.885386,0.844121,0.834152,0.890185,0.820087,0.817185,0.833344,0.736083,0.923571,0.932668,0.853698,0.817351,0.834337,0.897279,0.932467,0.803972,0.857098,0.867187,0.80046,0.911585,0.927055,0.922554,0.714716,0.933627,0.890775,0.920696,0.861618,0.956423,0.921474,0.923125,0.891254,0.920581,0.91977,0.919369,0.844547,0.869177,0.936624,0.847826,0.806162,0.915917,0.907678,0.839872,0.783799,0.833813,0.860789,0.844954,0.940211,0.934117,0.851013,0.849887,0.86896,0.885538,0.882335,0.867272,0.826688,0.776659,0.930574,0.854763,0.936489
0.788513,0.797129,0.957479,0.861259,0.975333,0.809651,0.872221,1.0,0.849273,0.902475,0.882098,0.858598,0.947396,0.883191,0.956799,0.94456,0.978793,0.975264,0.88235,0.942693,0.97273,0.810226,0.948893,0.943549,0.792441,0.985631,0.947327,0.93438,0.970922,0.93674,0.903115,0.897302,0.915019,0.814995,0.874481,0.845323,0.766407,0.926032,0.881252,0.916183,0.842305,0.880152,0.827598,0.842662,0.950556,0.899454,0.961666,0.937203,0.81953,0.945897,0.915194,0.882815,0.739032,0.811061,0.879186,0.945204,0.912464,0.905982,0.870243,0.834029,0.97073,0.937216,0.947497,0.773478,0.923364,0.939232,0.908574,0.890372,0.880013,0.958506,0.959992,0.882466,0.904104,0.903183,0.975641,0.804986,0.917638,0.940792,0.778798,0.828826,0.853651,0.887292,0.814842,0.941738,0.87073,0.85157,0.897577,0.911648,0.922087,0.858116,0.912136,0.865569,0.954608,0.904107,0.869505,0.893811,0.825331,0.92058,0.979095,0.973367
0.942267,0.908423,0.807025,0.931026,0.888648,0.969309,0.867434,0.849273,1.0,0.910992,0.923962,0.909714,0.896846,0.908481,0.850252,0.910449,0.901369,0.893865,0.910923,0.908655,0.857116,0.855923,0.909402,0.800768,0.961781,0.837959,0.863287,0.90949,0.896684,0.923843,0.956662,0.885475,0.908743,0.831102,0.93763,0.986702,0.91495,0.912237,0.914709,0.899736,0.897946,0.873193,0.969159,0.805922,0.880749,0.959111,0.802329,0.812509,0.897372,0.866307,0.859538,0.84948,0.773915,0.947288,0.915146,0.920286,0.928389,0.965215,0.889482,0.803429,0.805165,0.918354,0.913775,0.859767,0.923219,0.884794,0.910698,0.878573,0.914305,0.909475,0.910424,0.871286,0.915456,0.889859,0.823312,0.84069,0.881597,0.921644,0.936804,0.892408,0.902256,0.890258,0.936261,0.857449,0.9789,0.999114,0.7808404,0.92164,0.923485,0.821386,0.970418,0.986918,0.906328,0.925901,0.971267,0.800568,0.861828,0.917185,0.831735,0.897524
0.887455,0.853866,0.902213,0.9345,0.958282,0.882255,0.926667,0.902475,0.910992,1.0,0.939315,0.979392,0.948296,0.948884,0.918999,0.986954,0.958172,0.954997,0.995549,0.975657,0.932638,0.850356,0.935925,0.896114,0.910819,0.895001,0.819133,0.974167,0.956942,0.910184,0.848891,0.961462,0.868874,0.88528,0.901851,0.928672,0.876684,0.951082,0.985753,0.948718,0.820286,0.968262,0.929361,0.862487,0.94088,0.856227,0.895273,0.916642,0.831604,0.900117,0.878323,0.898062,0.786322,0.878365,0.950758,0.979527,0.865425,0.906552,0.950616,0.879897,0.870962,0.987766,0.971174,0.801986,0.99002,0.937833,0.992833,0.920424,0.970337,0.968603,0.979522,0.978392,0.988529,0.967146,0.871603,0.885882,0.900332,0.987797,0.880657,0.806862,0.976532,0.977964,0.904947,0.8607,0.880605,0.912409,0.869108,0.993435,0.9927,0.914273,0.886699,0.928249,0.932911,0.939781,0.927217,0.810229,0.883959,0.996416,0.893877,0.943826
0.843682,0.837364,0.832957,0.987259,0.907781,0.864381,0.885032,0.882098,0.923962,0.939315,1.0,0.908198,0.8759,0.995394,0.840674,0.948644,0.916587,0.944274,0.929816,0.969268,0.903866,0.898039,0.978005,0.88032,0.899352,0.837004,0.890964,0.978148,0.894622,0.972345,0.860532,0.929612,0.898137,0.918205,0.920714,0.937255,0.836554,0.887663,0.912119,0.941912,0.781961,0.963868,0.937712,0.780963,0.863656,0.860143,0.874805,0.883872,0.814225,0.85207,0.822671,0.808268,0.727154,0.86772,0.884629,0.921723,0.875903,0.951297,0.983845,0.908013,0.829864,0.925871,0.906275,0.775802,0.928798,0.859957,0.918395,0.836629,0.922739,0.906118,0.932028,0.945006,0.914242,0.881866,0.845805,0.807033,0.835305,0.940259,0.921351,0.838953,0.912412,0.965364,0.847328,0.909126,0.872376,0.919355,0.874953,0.946976,0.93452,0.83699,0.904599,0.954628,0.973366,0.996861,0.974281,0.736413,0.924279,0.94877,0.82786,0.933654
0.916971,0.876518,0.88789,0.908493,0.920637,0.916299,0.915331,0.858598,0.909714,0.979392,0.908198,1.0,0.950371,0.91208,0.914516,0.953417,0.926835,0.910292,0.988675,0.935951,0.885162,0.845917,0.892979,0.869491,0.907518,0.866293,0.79189,0.932782,0.937381,0.877006,0.843293,0.922328,0.846362,0.845342,0.875056,0.920562,0.914715,0.965183,0.995856,0.922741,0.86582,0.926805,0.916913,0.914682,0.934686,0.850375,0.859828,0.891197,0.857918,0.895528,0.905143,0.922095,0.830365,0.884131,0.97953,0.96678,0.848312,0.889679,0.9097,0.835053,0.848971,0.970102,0.963948,0.849522,0.981184,0.946212,0.982517,0.942846,0.970424,0.953534,0.949085,0.942319,0.987892,0.969637,0.845215,0.938744,0.927721,0.965444,0.872004,0.788081,0.987165,0.944373,0.943525,0.826141,0.880806,0.910627,0.833146,0.975879,0.980461,0.943485,0.872806,0.91782,0.888979,0.905647,0.914682,0.8413363,0.847628,0.972141,0.879325,0.906739
0.886983,0.813839,0.921401,0.873061,0.977498,0.893388,0.901335,0.947396,0.896846,0.948296,0.8759,0.950371,1.0,0.871949,0.980112,0.9596,0.978802,0.955115,0.94342,0.938651,0.948557,0.791474,0.920409,0.870967,0.84743,0.959162,0.876673,0.927655,0.992313,0.913672,0.908393,0.91399,0.911862,0.798264,0.904721,0.895531,0.836718,0.992124,0.966414,0.914507,0.909589,0.87144,0.876869,0.86954,0.993351,0.912904,0.899633,0.883448,0.824857,0.951867,0.949585,0.966566,0.827171,0.859671,0.974265,0.986063,0.916114,0.921221,0.858079,0.786827,0.904021,0.981473,0.994477,0.796576,0.977366,0.9976,0.971902,0.979712,0.939681,0.99342,0.976633,0.885232,0.977947,0.979035,0.914613,0.870139,0.983923,0.970769,0.818526,0.836133,0.928345,0.888597,0.923698,0.891561,0.912239,0.9009,0.857265,0.951112,0.971598,0.885493,0.926547,0.906533,0.923078,0.893959,0.900234,0.919049,0.831985,0.953486,0.958922,0.951065
0.832164,0.835068,0.849313,0.974855,0.910543,0.856114,0.895087,0.883191,0.908481,0.948884,0.995394,0.91208,0.871949,1.0,0.843633,0.953748,0.919361,0.944154,0.940311,0.973036,0.903311,0.883904,0.97064,0.896822,0.88791,0.840206,0.86967,0.982353,0.894192,0.955418,0.834879,0.944898,0.873714,0.91363,0.895735,0.918033,0.833179,0.885195,0.915547,0.952921,0.764118,0.972873,0.92082,0.780735,0.859147,0.835637,0.892586,0.906043,0.811444,0.849015,0.815506,0.800504,0.74348,0.847511,0.883982,0.92505,0.851777,0.926761,0.985983,0.916974,0.831795,0.930832,0.906466,0.772773,0.933903,0.853799,0.921454,0.827849,0.935325,0.907,0.935713,0.95772,0.916611,0.876481,0.844105,0.805097,0.826033,0.947261,0.915239,0.81896,0.925894,0.980776,0.83661,0.900541,0.853251,0.90296,0.897188,0.957949,0.941043,0.843115,0.879227,0.934142,0.965774,0.988794,0.954232,0.731127,0.910987,0.957337,0.831226,0.937586
0.845893,0.850559,0.961617,0.847035,0.969302,0.83606,0.861104,0.956799,0.850252,0.918999,0.840674,0.914516,0.980112,0.843633,1.0,0.934778,0.958018,0.941986,0.917466,0.910988,0.963565,0.807074,0.895006,0.926784,0.830288,0.969756,0.872336,0.89727,0.981413,0.889566,0.89012,0.870189,0.926826,0.796766,0.889396,0.863108,0.836281,0.95199,0.928879,0.861944,0.877861,0.869392,0.851982,0.892617,0.987447,0.899718,0.9521,0.942086,0.855185,0.929327,0.915662,0.967961,0.851082,0.843738,0.92515,0.951941,0.929351,0.893306,0.848676,0.833839,0.918353,0.947944,0.965583,0.819793,0.939326,0.985868,0.94184,0.960164,0.886246,0.968642,0.9538,0.886525,0.941791,0.959874,0.917473,0.875427,0.958275,0.934832,0.801049,0.792538,0.91379,0.886235,0.87996,0.920862,0.880947,0.858041,0.908389,0.912625,0.934332,0.91063,0.906406,0.868892,0.900493,0.85922,0.863174,0.917094,0.815266,0.922069,0.980768,0.920011
0.872846,0.820082,0.896538,0.935298,0.983238,0.873634,0.922522,0.94456,0.910449,0.986954,0.948644,0.953417,0.9596,0.953748,0.934778,1.0,0.983178,0.988475,0.972937,0.995135,0.96914,0.842053,0.970542,0.898925,0.881178,0.922536,0.870952,0.990994,0.977998,0.946271,0.879112,0.956197,0.898024,0.88221,0.91479,0.9224,0.83735,0.954958,0.966472,0.958994,0.839009,0.958052,0.913406,0.829583,0.957613,0.885633,0.911555,0.908289,0.811904,0.928501,0.891961,0.903299,0.763164,0.876737,0.939627,0.986869,0.892406,0.927414,0.946242,0.859035,0.887818,0.98979,0.980017,0.776608,0.986941,0.949535,0.984252,0.922211,0.953117,0.981619,0.996356,0.962548,0.97735,0.964903,0.906226,0.847542,0.911085,0.993911,0.856257,0.819108,0.94145,0.966111,0.890058,0.898719,0.8943,0.912562,0.889578,0.98726,0.989492,0.880454,0.910197,0.929122,0.969902,0.95835,0.93182,0.814624,0.897751,0.994813,0.915207,0.973982
0.84595,0.788022,0.920336,0.894018,0.992741,0.868253,0.922763,0.978793,0.901369,0.958172,0.916587,0.926835,0.978802,0.919361,0.958018,0.983178,1.0,0.989095,0.941805,0.97576,0.97082,0.798941,0.96294,0.893183,0.841016,0.968982,0.911109,0.968389,0.99323,0.945136,0.910151,0.948238,0.907885,0.823979,0.901674,0.895886,0.796253,0.971457,0.945329,0.958988,0.865347,0.906837,0.875607,0.812696,0.973077,0.908482,0.918207,0.895565,0.798353,0.959446,0.932679,0.910434,0.758417,0.850586,0.939708,0.989919,0.908169,0.929779,0.895703,0.809502,0.935156,0.985438,0.988238,0.759118,0.97819,0.967732,0.964094,0.929399,0.948175,0.993404,0.993852,0.91088,0.963082,0.953134,0.949424,0.813027,0.943772,0.987509,0.834856,0.855055,0.914955,0.92361,0.8751,0.906939,0.903929,0.902197,0.875812,0.968477,0.976954,0.853824,0.929683,0.912551,0.965258,0.932684,0.911028,0.878336,0.848651,0.971507,0.95742,0.991297
0.840929,0.790858,0.903913,0.925725,0.989206,0.850585,0.903376,0.975264,0.893865,0.954997,0.944274,0.910292,0.955115,0.944154,0.941986,0.988475,0.989095,1.0,0.933211,0.990276,0.986413,0.827152,0.986189,0.907992,0.844429,0.945814,0.918072,0.985376,0.979552,0.968446,0.895347,0.94,0.922495,0.866254,0.916465,0.900373,0.794075,0.942425,0.929496,0.950392,0.840111,0.9341,0.885382,0.7948,0.956445,0.898707,0.933922,0.909019,0.795031,0.934303,0.89249,0.895104,0.751191,0.854626,0.912993,0.973545,0.911392,0.936891,0.930565,0.85079,0.917723,0.972362,0.969276,0.751506,0.963479,0.945548,0.955249,0.909578,0.922611,0.975815,0.990562,0.931233,0.947911,0.942185,0.93453,0.802715,0.911272,0.978456,0.830453,0.83264,0.896512,0.938727,0.860847,0.936645,0.892591,0.896105,0.907897,0.960453,0.965105,0.842199,0.922014,0.916028,0.987948,0.960909,0.924081,0.832261,0.890909,0.97073,0.934684,0.985055
0.894596,0.869158,0.903411,0.927555,0.939807,0.89081,0.921222,0.88235,0.910923,0.995549,0.929816,0.988675,0.94342,0.940311,0.917466,0.972937,0.941805,0.933211,1.0,0.959183,0.910664,0.847955,0.915118,0.895467,0.914779,0.8822,0.798942,0.958581,0.945047,0.891925,0.840315,0.94771,0.858004,0.874565,0.888515,0.925781,0.892045,0.951537,0.991671,0.939781,0.827723,0.960021,0.930163,0.879767,0.93494,0.849791,0.89303,0.920422,0.84466,0.89346,0.877637,0.900148,0.814066,0.869986,0.959113,0.972883,0.857241,0.896543,0.941594,0.879609,0.859094,0.980415,0.965156,0.816624,0.987264,0.934116,0.989442,0.921441,0.975101,0.958921,0.965398,0.972432,0.988486,0.961394,0.852337,0.901795,0.901361,0.979579,0.886023,0.788942,0.990115,0.975022,0.911675,0.849769,0.874282,0.911328,0.868242,0.990741,0.98948,0.926916,0.875291,0.924401,0.911307,0.926392,0.923108,0.818347,0.874582,0.989965,0.889989,0.924593
0.856627,0.810131,0.878585,0.949791,0.972353,0.865906,0.915848,0.942693,0.908655,0.975657,0.969268,0.935951,0.938651,0.973036,0.910988,0.995135,0.97576,0.990276,0.959183,1.0,0.963789,0.852058,0.985827,0.898038,0.873008,0.907903,0.889792,0.998824,0.962317,0.96329,0.874277,0.954293,0.896334,0.892846,0.911153,0.918126,0.823308,0.937588,0.947825,0.965478,0.823944,0.963942,0.909011,0.805622,0.935241,0.87847,0.9071,0.902353,0.802219,0.918292,0.877563,0.873533,0.731671,0.86819,0.921251,0.974068,0.884275,0.93292,0.960728,0.869659,0.886522,0.975991,0.963607,0.765863,0.973488,0.926045,0.966126,0.895127,0.944769,0.966235,0.987639,0.960907,0.958471,0.940883,0.906069,0.824898,0.889799,0.985978,0.862452,0.820426,0.927017,0.970724,0.870804,0.908541,0.885357,0.908826,0.885154,0.980665,0.977659,0.859972,0.906145,0.929709,0.984593,0.977233,0.939986,0.79139,0.907499,0.987642,0.897529,0.977405
0.827148,0.812809,0.927221,0.900663,0.986265,0.813209,0.878433,0.97273,0.857116,0.932638,0.903866,0.885162,0.948557,0.903311,0.963565,0.96914,0.97082,0.986413,0.910664,0.963789,1.0,0.821098,0.959361,0.933709,0.829823,0.949405,0.897762,0.955206,0.974532,0.943838,0.878652,0.902438,0.938233,0.860577,0.916656,0.878017,0.795018,0.917874,0.907634,0.902535,0.824466,0.920002,0.868148,0.812482,0.962101,0.888982,0.966451,0.943752,0.808617,0.910893,0.865093,0.918642,0.796745,0.844509,0.885414,0.949564,0.925552,0.914774,0.910304,0.883082,0.91305,0.951141,0.952253,0.758018,0.936978,0.947349,0.940867,0.91594,0.875887,0.960985,0.974356,0.9227,0.929211,0.943019,0.921783,0.809013,0.90192,0.949867,0.796404,0.797177,0.876107,0.918147,0.845844,0.954859,0.874479,0.86421,0.948836,0.925923,0.937633,0.851634,0.907171,0.887161,0.963346,0.925678,0.892761,0.834852,0.883743,0.944573,0.945578,0.952478
0.815253,0.873904,0.857401,0.917423,0.809355,0.790943,0.764742,0.810226,0.855923,0.850356,0.898039,0.845917,0.791474,0.883904,0.807074,0.842053,0.798941,0.827152,0.847955,0.852058,0.821098,1.0,0.857634,0.891236,0.871236,0.806081,0.859448,0.857893,0.80535,0.868473,0.802852,0.810646,0.870659,0.957049,0.876226,0.896605,0.844295,0.786137,0.833538,0.796527,0.713808,0.88072,0.902006,0.842887,0.787004,0.808771,0.840893,0.869163,0.87662,0.742219,0.748082,0.773296,0.760444,0.914528,0.794222,0.814264,0.859303,0.87655,0.899383,0.870724,0.816303,0.821437,0.806631,0.887027,0.827391,0.791684,0.836572,0.771785,0.812879,0.805178,0.821319,0.875701,0.827048,0.81971,0.800595,0.839497,0.762986,0.824591,0.880232,0.760197,0.837348,0.869216,0.789891,0.87397,0.808398,0.855166,0.873305,0.839069,0.832889,0.892145,0.844887,0.892414,0.853624,0.889676,0.904264,0.782822,0.914662,0.844441,0.821211,0.792715
0.835163,0.786835,0.858712,0.96092,0.957742,0.85364,0.888252,0.948893,0.909402,0.935925,0.978005,0.892979,0.920409,0.97064,0.895006,0.970542,0.96294,0.986189,0.915118,0.985827,0.959361,0.857634,1.0,0.882892,0.856208,0.904911,0.938764,0.98699,0.944624,0.992971,0.896565,0.929462,0.930441,0.88951,0.931217,0.916919,0.791113,0.917081,0.908531,0.948344,0.823321,0.938882,0.905503,0.764443,0.91677,0.896191,0.901891,0.876715,0.78617,0.906284,0.86733,0.853399,0.710665,0.857785,0.89351,0.948384,0.909969,0.961518,0.953347,0.862914,0.889294,0.947038,0.93997,0.742671,0.941186,0.907575,0.929084,0.874772,0.910916,0.945132,0.965944,0.923567,0.923101,0.908506,0.910115,0.781688,0.881331,0.958609,0.866615,0.849486,0.882207,0.939391,0.847897,0.94315,0.890331,0.908305,0.881019,0.9458,0.944234,0.812805,0.929175,0.939473,0.999734,0.98989,0.957218,0.795711,0.915933,0.953989,0.890631,0.972919
0.765495,0.874363,0.968611,0.872263,0.906071,0.760808,0.8053585,0.943549,0.800768,0.896114,0.88032,0.869491,0.870967,0.896822,0.926784,0.898925,0.893183,0.907992,0.895467,0.898038,0.933709,0.891236,0.882892,1.0,0.832547,0.934814,0.891654,0.89712,0.900217,0.867652,0.825851,0.850496,0.882589,0.865353,0.818392,0.832033,0.833517,0.837258,0.863458,0.833761,0.771504,0.931225,0.839653,0.888598,0.887103,0.82969,0.986294,0.991412,0.873391,0.867655,0.8309,0.847604,0.768493,0.827382,0.817595,0.870743,0.875257,0.83589,0.911752,0.900817,0.941794,0.873695,0.870839,0.84778,0.871742,0.875462,0.876092,0.829625,0.850642,0.878717,0.893407,0.935121,0.863216,0.86607,0.927631,0.867696,0.835891,0.879948,0.822425,0.7098404,0.88753,0.934622,0.778157,0.927853,0.793867,0.804062,0.932398,0.887605,0.8778,0.933543,0.833041,0.828509,0.886122,0.874543,0.839969,0.855859,0.822693,0.897286,0.950413,0.873318
0.948514,0.960413,0.830862,0.930536,0.844356,0.936886,0.83466,0.792441,0.961781,0.910819,0.899352,0.907518,0.84743,0.88791,0.830288,0.881178,0.841016,0.844429,0.914779,0.873008,0.829823,0.871236,0.856208,0.832547,1.0,0.792303,0.7766465,0.877547,0.846341,0.865267,0.886229,0.857367,0.88209,0.86043,0.917265,0.978073,0.967035,0.854106,0.905929,0.843008,0.838374,0.90469,0.98218,0.85282,0.841068,0.898326,0.826423,0.85362,0.926282,0.78447,0.78264,0.839333,0.830182,0.942472,0.877036,0.872243,0.89588,0.910805,0.908796,0.874722,0.793221,0.883847,0.865297,0.890237,0.890541,0.842788,0.902183,0.855086,0.877708,0.859031,0.869099,0.907179,0.899666,0.880484,0.77801,0.891646,0.823619,0.881179,0.923438,0.821833,0.9059,0.899536,0.934962,0.837372,0.934809,0.965868,0.805223,0.895663,0.8933,0.863832,0.911395,0.958247,0.850725,0.89253,0.940508,0.784932,0.859945,0.899321,0.80532,0.823962
0.789368,0.812768,0.97699,0.825311,0.96804,0.809687,0.868324,0.985631,0.837959,0.895001,0.837004,0.866293,0.959162,0.840206,0.969756,0.922536,0.968982,0.945814,0.8822,0.907903,0.949405,0.806081,0.904911,0.934814,0.792303,1.0,0.919744,0.897184,0.970188,0.89631,0.899728,0.894199,0.902327,0.785422,0.85858,0.833404,0.785274,0.936107,0.887607,0.891559,0.85378,0.851731,0.817477,0.881725,0.957191,0.892487,0.945923,0.932079,0.834335,0.948986,0.932181,0.902414,0.763315,0.808742,0.891821,0.942289,0.907945,0.886728,0.83217,0.806985,0.964147,0.935408,0.949963,0.797331,0.920827,0.952749,0.908399,0.90859,0.88301,0.960222,0.945905,0.86494,0.908832,0.909642,0.965026,0.842199,0.938571,0.929159,0.787594,0.843859,0.86736,0.86386,0.822988,0.911885,0.867925,0.841109,0.872345,0.899502,0.916293,0.889447,0.906027,0.849832,0.911396,0.857974,0.844822,0.938758,0.784049,0.904673,0.990118,0.951437
0.757615,0.789693,0.889679,0.874404,0.893529,0.79999,0.851638,0.947327,0.863287,0.819133,0.890964,0.79189,0.876673,0.86967,0.872336,0.870952,0.911109,0.918072,0.798942,0.889792,0.897762,0.859448,0.938764,0.891654,0.7766465,0.919744,1.0,0.888147,0.893602,0.955998,0.927022,0.82496,0.927222,0.817184,0.883716,0.852394,0.748167,0.870783,0.80768,0.889699,0.829563,0.8217468,0.829713,0.825933,0.873534,0.910785,0.896051,0.866958,0.81698,0.904778,0.89459,0.803522,0.668257,0.8127405,0.823258,0.875414,0.918101,0.937454,0.8423255,0.807986,0.938969,0.859808,0.876251,0.768193,0.850962,0.865184,0.82619,0.818752,0.825912,0.884714,0.883884,0.815452,0.827312,0.822268,0.945263,0.792505,0.868733,0.869928,0.799112,0.861119,0.77258,0.814614,0.773,0.943745,0.865583,0.859046,0.827714,0.840849,0.848823,0.811033,0.929797,0.886385,0.942826,0.911169,0.900455,0.864216,0.823983,0.844173,0.915271,0.930267
0.853578,0.813024,0.872043,0.958269,0.964089,0.864947,0.912618,0.93438,0.90949,0.974167,0.978148,0.932782,0.927655,0.982353,0.89727,0.990994,0.968389,0.985376,0.958581,0.998824,0.955206,0.857893,0.98699,0.89712,0.877547,0.897184,0.888147,1.0,0.951702,0.965195,0.867119,0.957348,0.892002,0.901425,0.910373,0.919274,0.825397,0.929072,0.943916,0.965891,0.812601,0.970426,0.913202,0.798561,0.922446,0.870615,0.902429,0.902044,0.800998,0.906634,0.865682,0.859275,0.7162705,0.8628,0.915539,0.967387,0.877399,0.933338,0.970278,0.882526,0.876499,0.970643,0.955036,0.764034,0.968718,0.91336,0.960705,0.88367,0.945237,0.957579,0.981235,0.964412,0.953215,0.930288,0.896485,0.819631,0.87846,0.981948,0.87406,0.821221,0.928954,0.976813,0.865478,0.9068,0.88034,0.908738,0.878638,0.979549,0.973589,0.855545,0.901755,0.93185,0.985019,0.983445,0.944558,0.779929,0.913181,0.985523,0.885311,0.973372
0.863848,0.810919,0.933033,0.886016,0.993566,0.870243,0.908013,0.970922,0.896684,0.956942,0.894622,0.937381,0.992313,0.894192,0.981413,0.977998,0.99323,0.979552,0.945047,0.962317,0.974532,0.80535,0.944624,0.900217,0.846341,0.970188,0.893602,0.951702,1.0,0.931303,0.911149,0.927037,0.922396,0.820385,0.911725,0.898981,0.816019,0.978742,0.956083,0.931901,0.882579,0.896222,0.881017,0.847343,0.991661,0.91573,0.928274,0.909674,0.820493,0.957891,0.935195,0.946128,0.802985,0.86203,0.951288,0.989887,0.924546,0.928137,0.881105,0.813016,0.92427,0.985976,0.99405,0.781821,0.979051,0.98747,0.97275,0.956994,0.93658,0.996903,0.991299,0.907327,0.97218,0.972922,0.93549,0.844512,0.960516,0.98121,0.819895,0.836332,0.91923,0.910383,0.894197,0.912681,0.908075,0.900467,0.88996,0.960423,0.976103,0.879009,0.931038,0.911002,0.947716,0.913606,0.906783,0.892691,0.849908,0.966523,0.967323,0.971149
0.840066,0.796468,0.848709,0.964607,0.939909,0.860178,0.866795,0.93674,0.923843,0.910184,0.972345,0.877006,0.913672,0.955418,0.889566,0.946271,0.945136,0.968446,0.891925,0.96329,0.943838,0.868473,0.992971,0.867652,0.865267,0.89631,0.955998,0.965195,0.931303,1.0,0.921464,0.902681,0.956221,0.882681,0.951484,0.931807,0.793067,0.909725,0.892951,0.923627,0.835208,0.913331,0.919106,0.7614,0.909276,0.919713,0.889375,0.857895,0.79925,0.895753,0.865497,0.853617,0.714591,0.871059,0.885942,0.931371,0.937463,0.982662,0.938707,0.853185,0.878352,0.928062,0.926837,0.751626,0.922298,0.902703,0.910255,0.873504,0.890558,0.931011,0.945003,0.893768,0.907289,0.89684,0.897974,0.775448,0.884086,0.93622,0.879385,0.87296,0.862496,0.909935,0.849974,0.956661,0.906897,0.922596,0.868981,0.920335,0.923333,0.799486,0.953693,0.95656,0.993027,0.986044,0.972438,0.805998,0.916955,0.928153,0.884571,0.953859
0.894783,0.859809,0.851921,0.86745,0.896247,0.92383,0.844769,0.903115,0.956662,0.848891,0.860532,0.843293,0.908393,0.834879,0.89012,0.879112,0.910151,0.895347,0.840315,0.874277,0.878652,0.802852,0.896565,0.825851,0.886229,0.899728,0.927022,0.867119,0.911149,0.921464,1.0,0.822088,0.937656,0.763232,0.917255,0.934441,0.841287,0.906859,0.859176,0.869775,0.941112,0.799282,0.90518,0.82748,0.906381,0.994879,0.845004,0.818334,0.881867,0.916147,0.90718,0.865156,0.76055,0.904736,0.879902,0.901235,0.961814,0.957242,0.812966,0.752705,0.886719,0.887852,0.906003,0.834283,0.884611,0.902441,0.868406,0.881545,0.852784,0.907413,0.896354,0.797219,0.872843,0.871453,0.897267,0.7968066,0.907846,0.888876,0.854801,0.8881362,0.818439,0.809094,0.895569,0.893951,0.974784,0.958475,0.791022,0.864511,0.880328,0.789498,0.984733,0.943317,0.89925,0.880241,0.925814,0.877709,0.810069,0.866689,0.899361,0.902416
0.82147,0.78895,0.868075,0.902677,0.944382,0.852211,0.90631,0.897302,0.885475,0.961462,0.929612,0.922328,0.91399,0.944898,0.870189,0.956197,0.948238,0.94,0.94771,0.954293,0.902438,0.810646,0.929462,0.850496,0.857367,0.894199,0.82496,0.957348,0.927037,0.902681,0.822088,1.0,0.834101,0.846157,0.869519,0.884995,0.807642,0.919706,0.932907,0.946376,0.773601,0.927297,0.876578,0.774163,0.889005,0.817404,0.848824,0.864891,0.772554,0.875117,0.841808,0.831317,0.726309,0.828468,0.911339,0.952931,0.827104,0.886817,0.921526,0.831697,0.831569,0.962958,0.939399,0.743138,0.956625,0.892621,0.942706,0.864867,0.96301,0.94492,0.953794,0.927747,0.943122,0.904408,0.850047,0.797601,0.867846,0.96481,0.909479,0.884163,0.939887,0.949585,0.846225,0.836991,0.854905,0.882329,0.833727,0.966381,0.959211,0.838743,0.869821,0.896504,0.926923,0.927053,0.897081,0.797037,0.835829,0.960614,0.858531,0.949002
0.852722,0.868398,0.886255,0.925512,0.923751,0.843316,0.813253,0.915019,0.908743,0.868874,0.898137,0.846362,0.911862,0.873714,0.926826,0.898024,0.907885,0.922495,0.858004,0.896334,0.938233,0.870659,0.930441,0.882589,0.88209,0.902327,0.927222,0.892002,0.922396,0.956221,0.937656,0.834101,1.0,0.856039,0.97412,0.932278,0.830145,0.883068,0.865903,0.828875,0.842393,0.862331,0.923964,0.80682,0.92146,0.946655,0.913443,0.888936,0.865669,0.859303,0.834731,0.899672,0.796355,0.893842,0.858316,0.895163,0.992445,0.972042,0.885666,0.873143,0.857777,0.89461,0.904415,0.803846,0.882563,0.913518,0.887236,0.895415,0.823508,0.909779,0.90845,0.855277,0.882629,0.899217,0.862947,0.801833,0.887138,0.885457,0.866358,0.860612,0.841003,0.855262,0.855453,0.980164,0.921933,0.914813,0.895854,0.861152,0.879856,0.821251,0.969086,0.943228,0.933798,0.918212,0.944182,0.834369,0.894044,0.876451,0.904387,0.885252
0.825165,0.811688,0.821104,0.941675,0.843733,0.769682,0.769463,0.814995,0.831102,0.88528,0.918205,0.845342,0.798264,0.91363,0.796766,0.88221,0.823979,0.866254,0.874565,0.892846,0.860577,0.957049,0.88951,0.865353,0.86043,0.785422,0.817184,0.901425,0.820385,0.882681,0.763232,0.846157,0.856039,1.0,0.901131,0.881353,0.813617,0.78909,0.852937,0.818091,0.683442,0.930407,0.906258,0.777976,0.805373,0.774753,0.839553,0.863957,0.797288,0.740052,0.709805,0.780753,0.749916,0.861127,0.799669,0.833678,0.828834,0.866842,0.944919,0.927139,0.801796,0.851286,0.822474,0.814108,0.848855,0.7921,0.870309,0.790454,0.816857,0.823135,0.85623,0.923943,0.85368,0.835918,0.789769,0.78942,0.750104,0.85354,0.841523,0.725404,0.845559,0.907207,0.79028,0.868647,0.786826,0.833274,0.901166,0.86394,0.856491,0.835364,0.816806,0.87858,0.885407,0.915265,0.897812,0.71877,0.975642,0.879267,0.789277,0.822532
0.897813,0.843996,0.836028,0.954684,0.918023,0.874459,0.827622,0.874481,0.93763,0.901851,0.920714,0.875056,0.904721,0.895735,0.889396,0.91479,0.901674,0.916465,0.888515,0.911153,0.916656,0.876226,0.931217,0.818392,0.917265,0.85858,0.883716,0.910373,0.911725,0.951484,0.917255,0.869519,0.97412,0.901131,1.0,0.964942,0.84402,0.887924,0.896783,0.845037,0.822551,0.881187,0.962449,0.77868,0.908246,0.930634,0.853124,0.835103,0.835117,0.831079,0.812043,0.887874,0.789791,0.916385,0.880156,0.907131,0.966591,0.976578,0.908422,0.85718,0.8032442,0.914657,0.909859,0.778714,0.904962,0.899833,0.915891,0.898344,0.85358,0.911575,0.916573,0.877596,0.910426,0.912178,0.817863,0.799823,0.871107,0.904074,0.877655,0.878107,0.857191,0.86758,0.887702,0.937014,0.931521,0.942776,0.86595,0.888873,0.904049,0.796248,0.962992,0.969656,0.931204,0.936113,0.967613,0.786443,0.935486,0.902224,0.852443,0.881565
0.940453,0.919119,0.832309,0.961337,0.89604,0.939429,0.858321,0.845323,0.986702,0.928672,0.937255,0.920562,0.895531,0.918033,0.863108,0.9224,0.895886,0.900373,0.925781,0.918126,0.878017,0.896605,0.916919,0.832033,0.978073,0.833404,0.852394,0.919274,0.898981,0.931807,0.934441,0.884995,0.932278,0.881353,0.964942,1.0,0.923359,0.900173,0.925751,0.88187,0.862486,0.906721,0.993293,0.831655,0.88768,0.942325,0.83132,0.843907,0.900614,0.847088,0.834313,0.864246,0.7691671,0.960017,0.90598,0.917891,0.941013,0.970409,0.922106,0.849778,0.807645,0.922908,0.912705,0.85981,0.925927,0.887853,0.928833,0.885138,0.900608,0.908598,0.916245,0.906244,0.926792,0.91242,0.813402,0.861971,0.867089,0.921697,0.934912,0.872736,0.907106,0.906812,0.930046,0.883682,0.960487,0.988965,0.814289,0.923608,0.927397,0.852818,0.963695,0.994747,0.913276,0.939937,0.984054,0.780017,0.903965,0.928052,0.834146,0.883072
0.960597,0.983509,0.842811,0.863772,0.803673,0.944685,0.795283,0.766407,0.91495,0.876684,0.836554,0.914715,0.836718,0.833179,0.836281,0.83735,0.796253,0.794075,0.892045,0.823308,0.795018,0.844295,0.791113,0.833517,0.967035,0.785274,0.748167,0.825397,0.816019,0.793067,0.841287,0.807642,0.830145,0.813617,0.84402,0.923359,1.0,0.847558,0.899268,0.795714,0.863989,0.862117,0.923459,0.933816,0.827239,0.861371,0.818747,0.852045,0.961078,0.752838,0.797306,0.884338,0.886443,0.928951,0.897424,0.837352,0.852322,0.837289,0.854454,0.825471,0.79334,0.846968,0.837221,0.947925,0.859848,0.846779,0.874328,0.884524,0.853273,0.825596,0.825507,0.874052,0.87962,0.869924,0.772352,0.962357,0.854994,0.839846,0.867442,0.743364,0.903709,0.864221,0.957426,0.797157,0.910051,0.921936,0.792289,0.860421,0.860493,0.900788,0.850334,0.892138,0.786335,0.825837,0.870712,0.863418,0.797915,0.860532,0.813666,0.770032
0.898728,0.807056,0.888222,0.875885,0.958571,0.919981,0.91995,0.926032,0.912237,0.951082,0.887663,0.965183,0.992124,0.885195,0.95199,0.954958,0.971457,0.942425,0.951537,0.937588,0.917874,0.786137,0.917081,0.837258,0.854106,0.936107,0.870783,0.929072,0.978742,0.909725,0.906859,0.919706,0.883068,0.78909,0.887924,0.900173,0.847558,1.0,0.975068,0.935434,0.921381,0.869484,0.879393,0.857124,0.976759,0.906474,0.858163,0.847466,0.815811,0.955559,0.963785,0.947026,0.807551,0.860124,0.989177,0.987863,0.889953,0.919033,0.859398,0.764633,0.891443,0.980626,0.992272,0.798603,0.982869,0.985929,0.970011,0.970127,0.96322,0.987569,0.969353,0.88114,0.98061,0.969611,0.905643,0.874585,0.98384,0.974412,0.839331,0.841505,0.944966,0.895159,0.935267,0.858004,0.914106,0.912648,0.81442,0.961993,0.97745,0.877446,0.920566,0.913238,0.917812,0.899785,0.907538,0.911599,0.820994,0.956851,0.934795,0.953181
0.920159,0.858587,0.888486,0.915164,0.943113,0.914338,0.914693,0.881252,0.914709,0.985753,0.912119,0.995856,0.966414,0.915547,0.928879,0.966472,0.945329,0.929496,0.991671,0.947825,0.907634,0.833538,0.908531,0.863458,0.905929,0.887607,0.80768,0.943916,0.956083,0.892951,0.859176,0.932907,0.865903,0.852937,0.896783,0.925751,0.899268,0.975068,1.0,0.92586,0.872835,0.929727,0.923541,0.895056,0.954931,0.868447,0.865544,0.886653,0.842601,0.908359,0.907619,0.934788,0.8154401,0.878339,0.98441,0.979469,0.867702,0.904805,0.914113,0.839249,0.845018,0.983773,0.978236,0.82411,0.990315,0.960702,0.993006,0.957519,0.970359,0.969915,0.965509,0.944643,0.997051,0.979191,0.850852,0.918451,0.939858,0.976903,0.869848,0.799286,0.984162,0.945441,0.944226,0.843373,0.892853,0.916787,0.833131,0.981222,0.989057,0.923511,0.889409,0.925314,0.905767,0.914321,0.921745,0.847303,0.866375,0.980406,0.893632,0.921877
0.815186,0.782066,0.8211544,0.898453,0.931107,0.864125,0.973627,0.916183,0.899736,0.948718,0.941912,0.922741,0.914507,0.952921,0.861944,0.958994,0.958988,0.950392,0.939781,0.965478,0.902535,0.796527,0.948344,0.833761,0.843008,0.891559,0.889699,0.965891,0.931901,0.923627,0.869775,0.946376,0.828875,0.818091,0.845037,0.88187,0.795714,0.935434,0.92586,1.0,0.821693,0.92188,0.8653,0.789425,0.898384,0.852733,0.8345362,0.849608,0.753733,0.938566,0.920997,0.825714,0.757357,0.832038,0.911916,0.959624,0.823531,0.897074,0.914644,0.820264,0.910838,0.952908,0.944133,0.729126,0.957744,0.894978,0.932247,0.853424,0.971665,0.945271,0.956416,0.918698,0.932515,0.903256,0.928183,0.805701,0.878385,0.970567,0.871808,0.831023,0.926978,0.948782,0.839341,0.82469,0.861234,0.891925,0.86382,0.972003,0.960923,0.833408,0.880781,0.900635,0.945864,0.940868,0.906182,0.807252,0.825516,0.962751,0.87261,0.979886
0.924111,0.842766,0.803887,0.784574,0.850268,0.941311,0.810178,0.842305,0.897946,0.820286,0.781961,0.86582,0.909589,0.764118,0.877861,0.839009,0.865347,0.840111,0.827723,0.823944,0.824466,0.713808,0.823321,0.771504,0.838374,0.85378,0.829563,0.812601,0.882579,0.835208,0.941112,0.773601,0.842393,0.683442,0.822551,0.862486,0.863989,0.921381,0.872835,0.821693,1.0,0.748027,0.830959,0.879031,0.904769,0.945143,0.79043,0.768742,0.867226,0.911177,0.932579,0.915049,0.811949,0.855127,0.924406,0.878427,0.875258,0.865366,0.744078,0.679368,0.835049,0.861575,0.892189,0.84532,0.867776,0.915858,0.857003,0.930992,0.833902,0.882611,0.857912,0.755702,0.872264,0.878635,0.845917,0.8508386,0.951368,0.855722,0.783008,0.858795,0.822899,0.763916,0.937385,0.802967,0.945551,0.904629,0.729501,0.835037,0.859228,0.801374,0.899423,0.860458,0.826002,0.802625,0.83994,0.916106,0.73777,0.835119,0.86556,0.846012
0.842394,0.857115,0.88933,0.960878,0.912645,0.826925,0.885386,0.880152,0.873193,0.968262,0.963868,0.926805,0.87144,0.972873,0.869392,0.958052,0.906837,0.9341,0.960021,0.963942,0.920002,0.88072,0.938882,0.931225,0.90469,0.851731,0.8217468,0.970426,0.896222,0.913331,0.799282,0.927297,0.862331,0.930407,0.881187,0.906721,0.862117,0.869484,0.929727,0.92188,0.748027,1.0,0.922461,0.831195,0.874674,0.809042,0.924503,0.943531,0.821616,0.833907,0.794597,0.830532,0.770061,0.846588,0.873149,0.917702,0.84118,0.883063,0.991575,0.954226,0.874019,0.931306,0.902601,0.788025,0.933938,0.862237,0.943277,0.843139,0.916296,0.902557,0.935701,0.995278,0.929861,0.905875,0.860488,0.852473,0.813744,0.941263,0.873653,0.749291,0.93454,0.990672,0.844023,0.888692,0.827093,0.874199,0.908387,0.955863,0.941992,0.892222,0.842119,0.90498,0.934144,0.957782,0.919622,0.760481,0.914199,0.966,0.859255,0.905198
0.932541,0.91933,0.834863,0.970249,0.881362,0.916649,0.844121,0.827598,0.969159,0.929361,0.937712,0.916913,0.876869,0.92082,0.851982,0.913406,0.875607,0.885382,0.930163,0.909011,0.868148,0.902006,0.905503,0.839653,0.98218,0.817477,0.829713,0.913202,0.881017,0.919106,0.90518,0.876578,0.923964,0.906258,0.962449,0.993293,0.923459,0.879393,0.923541,0.8653,0.830959,0.922461,1.0,0.830431,0.874681,0.916812,0.839307,0.857226,0.891597,0.822347,0.804867,0.852232,0.778353,0.938319,0.891911,0.902456,0.927865,0.955944,0.937964,0.888923,0.80579,0.912521,0.896266,0.847026,0.916063,0.869084,0.926624,0.872273,0.890176,0.891097,0.902828,0.921424,0.921925,0.902844,0.796436,0.859041,0.842638,0.909785,0.934784,0.840801,0.911542,0.915579,0.913607,0.88324,0.933801,0.97172,0.825284,0.917239,0.918793,0.853619,0.939987,0.985495,0.900972,0.937097,0.978522,0.770288,0.922901,0.923938,0.823647,0.859818
0.877812,0.919681,0.91923,0.804441,0.821854,0.853294,0.834152,0.842662,0.805922,0.862487,0.780963,0.914682,0.86954,0.780735,0.892617,0.829583,0.812696,0.7948,0.879767,0.805622,0.812482,0.842887,0.764443,0.888598,0.85282,0.881725,0.825933,0.798561,0.847343,0.7614,0.82748,0.774163,0.80682,0.777976,0.77868,0.831655,0.933816,0.857124,0.895056,0.789425,0.879031,0.831195,0.830431,1.0,0.869276,0.82457,0.86368,0.888584,0.927619,0.864832,0.91559,0.899906,0.848077,0.872037,0.884064,0.839487,0.823293,0.782222,0.806508,0.774864,0.89388,0.843079,0.850677,0.932913,0.855083,0.883883,0.873304,0.89285,0.831636,0.840904,0.825966,0.857431,0.877269,0.890478,0.877167,0.990424,0.894432,0.829381,0.776948,0.701849,0.888613,0.833628,0.898367,0.805557,0.821927,0.81452,0.789205,0.842176,0.853106,0.966417,0.796556,0.80868,0.763896,0.777303,0.801881,0.956057,0.751195,0.846263,0.911528,0.781999
