0,1,2,3,4,5,6,7,8,9,10,11,12,13,14,15,16,17,18,19,20,21,22,23,24,25,26,27,28,29,30,31,32,33,34,35,36,37,38,39,40,41,42,43,44,45,46,47,48,49,50,51,52,53,54,55,56,57,58,59,60,61,62,63,64,65,66,67,68,69,70,71,72,73,74,75,76,77,78,79,80,81,82,83,84,85,86,87,88,89,90,91,92,93,94,95,96,97,98,99
1.0,0.885127,0.8068,0.923282,0.85639,0.915534,0.79763,0.854872,0.898677,0.8988,0.886775,0.903375,0.900782,0.906229,0.903098,0.836015,0.890749,0.893584,0.890415,0.896281,0.910467,0.894221,0.892123,0.892576,0.959064,0.88614,0.911568,0.909531,0.881103,0.888545,0.893533,0.883056,0.969755,0.970934,0.894239,0.872621,0.985162,0.8269643,0.876394,0.821652,0.902776,0.882289,0.86946,0.883392,0.916841,0.921079,0.905509,0.918304,0.806815,0.86311,0.786095,0.863726,0.984943,0.902393,0.918868,0.819536,0.885598,0.798269,0.886322,0.905326,0.888053,0.900125,0.901936,0.902659,0.886335,0.865049,0.910138,0.886462,0.903057,0.907312,0.896195,0.887357,0.888123,0.905873,0.893035,0.883466,0.899949,0.894304,0.908278,0.893954,0.883586,0.863856,0.874149,0.899373,0.891485,0.884819,0.986546,0.890398,0.851991,0.976185,0.931105,0.932552,0.892831,0.855385,0.90464,0.934716,0.903962,0.897667,0.851567,0.91604
0.885127,1.0,0.8997,0.938055,0.905418,0.863049,0.863556,0.936244,0.878019,0.83813,0.860993,0.848287,0.834115,0.863049,0.82784,0.816265,0.871415,0.931348,0.880189,0.8372287,0.837459,0.892857,0.866607,0.882403,0.910432,0.877811,0.912034,0.836427,0.800969,0.896609,0.863216,0.928172,0.936686,0.925858,0.857862,0.802996,0.876869,0.963623,0.898069,0.808728,0.905057,0.835779,0.895413,0.925197,0.85306,0.846434,0.869848,0.836068,0.853748,0.971333,0.882753,0.911107,0.907014,0.93359,0.870649,0.902988,0.943098,0.833246,0.86215,0.859485,0.837149,0.827747,0.865056,0.87318,0.88408,0.812576,0.905113,0.878881,0.880161,0.963256,0.876897,0.878634,0.879717,0.834498,0.873781,0.851761,0.836016,0.881377,0.845521,0.8642,0.873436,0.896919,0.893584,0.852218,0.820897,0.835051,0.887876,0.819171,0.909581,0.925466,0.901082,0.854065,0.888697,0.873932,0.838605,0.921337,0.855758,0.867496,0.819813,0.970539
0.8068,0.8997,1.0,0.818786,0.875254,0.896071,0.87164,0.879331,0.914111,0.859812,0.787288,0.875732,0.865701,0.892504,0.845451,0.824028,0.884327,0.902343,0.892949,0.760349,0.860553,0.909938,0.912278,0.911348,0.802358,0.872037,0.800362,0.887704,0.835272,0.913153,0.885474,0.848865,0.831813,0.820459,0.911511,0.798599,0.808796,0.843699,0.896232,0.915031,0.805957,0.834559,0.910301,0.814771,0.904264,0.88521,0.90815,0.873913,0.910092,0.876739,0.992873,0.905726,0.818672,0.821222,0.906987,0.898147,0.86253,0.795844,0.784875,0.886021,0.837325,0.869241,0.881222,0.880613,0.889622,0.813575,0.836913,0.875415,0.914229,0.905584,0.919344,0.91615,0.920296,0.878642,0.887378,0.793596,0.881783,0.902072,0.760745,0.887746,0.899242,0.877332,0.9018,0.893443,0.846261,0.897932,0.808447,0.840985,0.792813,0.836671,0.791484,0.759587,0.81251,0.836431,0.868522,0.80844,0.898374,0.911862,0.778876,0.873763
0.923282,0.938055,0.818786,1.0,0.935604,0.90112,0.844613,0.931451,0.917513,0.917126,0.945229,0.916536,0.903557,0.918877,0.904825,0.858288,0.930402,0.872908,0.921815,0.929775,0.902086,0.920069,0.902589,0.923793,0.983701,0.932352,0.989902,0.895777,0.900271,0.926816,0.92593,0.873187,0.966651,0.97989,0.894307,0.893937,0.928488,0.937779,0.927315,0.786415,0.968522,0.924221,0.909446,0.986304,0.855489,0.887316,0.907093,0.888404,0.818555,0.917635,0.798234,0.919231,0.954509,0.991267,0.875657,0.894193,0.952543,0.873583,0.923158,0.911458,0.903293,0.895349,0.922763,0.922984,0.930906,0.902897,0.874505,0.931864,0.905395,0.932948,0.904954,0.916678,0.895314,0.899989,0.930791,0.936726,0.903407,0.928372,0.870162,0.92481,0.923081,0.933342,0.926432,0.915135,0.910887,0.833676,0.93766,0.903195,0.910003,0.952224,0.976184,0.930436,0.956904,0.93819,0.895468,0.992172,0.912199,0.879233,0.878732,0.930684
0.85639,0.905418,0.875254,0.935604,1.0,0.930877,0.920544,0.961347,0.94534,0.943063,0.938776,0.942297,0.926196,0.946536,0.935278,0.91842,0.969032,0.838103,0.962919,0.834829,0.928867,0.963769,0.918451,0.955298,0.902963,0.987378,0.940677,0.896778,0.908239,0.975167,0.956367,0.838675,0.901736,0.908461,0.911844,0.927084,0.866346,0.915081,0.992473,0.801165,0.952407,0.964429,0.971304,0.966332,0.85453,0.880364,0.936391,0.879359,0.874955,0.886852,0.852223,0.990294,0.888153,0.957054,0.874795,0.968276,0.945825,0.906781,0.910258,0.947782,0.947646,0.909066,0.963586,0.970367,0.981394,0.932843,0.835397,0.987086,0.934428,0.887224,0.92582,0.940919,0.923066,0.913813,0.970014,0.94992,0.905838,0.965457,0.811754,0.950999,0.951724,0.998083,0.978358,0.929232,0.931891,0.84487,0.874332,0.931303,0.859539,0.886669,0.911358,0.834682,0.963133,0.987479,0.920862,0.926529,0.927287,0.89824,0.879644,0.886298
0.915534,0.863049,0.896071,0.90112,0.930877,1.0,0.873653,0.892508,0.98324,0.972548,0.904238,0.979844,0.97216,0.986953,0.972848,0.90025,0.973391,0.822785,0.977845,0.850928,0.988753,0.983874,0.964172,0.978987,0.909389,0.964284,0.904387,0.967541,0.956551,0.977106,0.979092,0.85249,0.919396,0.911945,0.967977,0.934017,0.899066,0.826997,0.960363,0.888019,0.916693,0.956176,0.959058,0.894911,0.916671,0.935271,0.992204,0.93742,0.888761,0.843513,0.868128,0.952425,0.90654,0.902635,0.920625,0.914544,0.89753,0.850155,0.894382,0.983632,0.951866,0.970237,0.979803,0.983096,0.969358,0.946075,0.834402,0.96457,0.992103,0.87553,0.978461,0.972121,0.973314,0.980049,0.976337,0.91732,0.965846,0.980411,0.831757,0.978769,0.969118,0.943497,0.965405,0.978927,0.964754,0.937171,0.902397,0.959435,0.819887,0.914078,0.907453,0.870419,0.920041,0.918735,0.979558,0.910681,0.981981,0.971607,0.877031,0.872025
0.79763,0.863556,0.87164,0.844613,0.920544,0.873653,1.0,0.894015,0.879915,0.873465,0.864687,0.879395,0.874259,0.879779,0.8695204,0.940622,0.890218,0.860647,0.884211,0.877619,0.8660066,0.895105,0.851163,0.885769,0.823161,0.911166,0.849172,0.836562,0.880749,0.910094,0.884925,0.813488,0.825437,0.829828,0.852825,0.909005,0.795491,0.832657,0.926504,0.829907,0.863653,0.891113,0.899037,0.867784,0.804052,0.813507,0.877476,0.808821,0.975079,0.920836,0.87093,0.918311,0.818993,0.866511,0.819925,0.889579,0.87175,0.962661,0.871871,0.896868,0.89386,0.860781,0.900714,0.898042,0.904086,0.906649,0.87164,0.909278,0.87105,0.852571,0.859356,0.869632,0.860561,0.861707,0.893471,0.872523,0.833683,0.895148,0.834868,0.878626,0.872376,0.917829,0.902304,0.860762,0.8687569,0.841873,0.800919,0.8796638,0.839772,0.838844,0.835029,0.854051,0.886398,0.899764,0.864436,0.841,0.865597,0.836806,0.917655,0.880049
0.854872,0.936244,0.879331,0.931451,0.961347,0.892508,0.894015,1.0,0.899802,0.887879,0.93697,0.893612,0.879412,0.898588,0.880342,0.885979,0.910296,0.858941,0.900997,0.823595,0.877058,0.908745,0.874082,0.905427,0.901093,0.939152,0.942242,0.853554,0.83855,0.925396,0.895055,0.905005,0.907663,0.897876,0.885337,0.880385,0.849552,0.909075,0.946978,0.811117,0.962211,0.901886,0.929296,0.960927,0.85329,0.837523,0.900273,0.829811,0.837853,0.926611,0.847799,0.940872,0.881521,0.962086,0.849322,0.89936,0.992563,0.892983,0.918779,0.910217,0.916863,0.863225,0.918704,0.919837,0.926296,0.851476,0.834021,0.938022,0.887435,0.943397,0.882205,0.888471,0.878396,0.868232,0.912913,0.937768,0.853702,0.912335,0.776401,0.894081,0.892531,0.951078,0.91641,0.875164,0.868576,0.817088,0.858123,0.875097,0.837651,0.911732,0.927053,0.825428,0.965549,0.954256,0.878728,0.936723,0.882237,0.855545,0.868021,0.916126
0.898677,0.878019,0.914111,0.917513,0.94534,0.98324,0.879915,0.899802,1.0,0.977254,0.898172,0.985268,0.972997,0.995789,0.962472,0.892632,0.989851,0.838832,0.988184,0.841197,0.965529,0.989549,0.992071,0.998196,0.915998,0.971072,0.906966,0.980921,0.955891,0.989234,0.986606,0.83285,0.92055,0.920232,0.987725,0.910503,0.905836,0.846734,0.968415,0.879242,0.90528,0.954644,0.974183,0.90983,0.938242,0.960102,0.988679,0.958921,0.894697,0.85691,0.888846,0.956895,0.916243,0.913503,0.952674,0.926805,0.899759,0.848711,0.875519,0.983253,0.943609,0.97471,0.984166,0.983089,0.984959,0.937657,0.850955,0.975141,0.988426,0.883476,0.987586,0.996279,0.987723,0.977888,0.989511,0.909128,0.983936,0.994026,0.824583,0.990529,0.995599,0.956282,0.978766,0.992129,0.965302,0.934036,0.907832,0.952319,0.814198,0.913739,0.90116,0.857065,0.914908,0.940784,0.978447,0.915375,0.994506,0.968939,0.841395,0.884828
0.8988,0.83813,0.859812,0.917126,0.943063,0.972548,0.873465,0.887879,0.977254,1.0,0.942901,0.998233,0.997005,0.990155,0.992703,0.909543,0.98943,0.807685,0.970873,0.8928,0.984457,0.966891,0.954135,0.980422,0.933828,0.981306,0.923879,0.963373,0.985951,0.976436,0.98747,0.847199,0.903099,0.922734,0.96271,0.96616,0.904618,0.818226,0.964656,0.885889,0.925318,0.986717,0.958164,0.91527,0.889176,0.921451,0.977291,0.927221,0.880543,0.829767,0.844991,0.943083,0.91633,0.916812,0.89552,0.905627,0.887019,0.886209,0.926174,0.992089,0.983309,0.991951,0.994119,0.9825,0.981525,0.961483,0.817819,0.98116,0.957583,0.851206,0.955467,0.967499,0.941582,0.991231,0.990197,0.954304,0.969678,0.98625,0.803034,0.989094,0.976445,0.956841,0.967173,0.982273,0.996556,0.940659,0.906772,0.993852,0.820948,0.911217,0.928227,0.907424,0.940313,0.957112,0.979143,0.928816,0.983011,0.920065,0.907894,0.851736
0.886775,0.860993,0.787288,0.945229,0.938776,0.904238,0.864687,0.93697,0.898172,0.942901,1.0,0.936013,0.939864,0.919534,0.94727,0.909719,0.925553,0.80017,0.900159,0.920982,0.92819,0.896196,0.86738,0.903687,0.947144,0.949046,0.974849,0.883622,0.917969,0.912633,0.917439,0.914192,0.903416,0.919417,0.882045,0.961458,0.880997,0.8682385,0.92987,0.826972,0.983573,0.953388,0.899863,0.965976,0.81707,0.841569,0.904543,0.84595,0.828737,0.873105,0.776415,0.906611,0.903624,0.968045,0.817979,0.856645,0.944066,0.913368,0.992946,0.936127,0.970315,0.926602,0.942525,0.931623,0.927154,0.905579,0.799454,0.945003,0.877595,0.867955,0.87176,0.882846,0.855006,0.923902,0.927405,0.997747,0.886963,0.917232,0.78178,0.916147,0.895886,0.93697,0.90356,0.902162,0.938979,0.87712,0.885798,0.951114,0.871664,0.915514,0.980467,0.924868,0.99265,0.96193,0.914587,0.969515,0.905368,0.834469,0.9609,0.856408
0.903375,0.848287,0.875732,0.916536,0.942297,0.979844,0.879395,0.893612,0.985268,0.998233,0.936013,1.0,0.99724,0.994769,0.98818,0.912472,0.990429,0.816708,0.973785,0.879776,0.98411,0.97237,0.964786,0.986914,0.9325,0.980497,0.920574,0.972169,0.980274,0.981621,0.988818,0.85497,0.907948,0.923915,0.974551,0.954506,0.907978,0.821049,0.966746,0.895857,0.923159,0.979613,0.963394,0.912489,0.906884,0.932525,0.985673,0.936139,0.885916,0.840289,0.857743,0.945431,0.919854,0.916378,0.911078,0.906698,0.893755,0.872456,0.9203,0.996597,0.980501,0.993776,0.996199,0.983947,0.982764,0.952378,0.830589,0.980623,0.966778,0.863163,0.965838,0.975634,0.952731,0.994144,0.991529,0.946906,0.975789,0.990403,0.808832,0.992147,0.981011,0.956044,0.969601,0.987545,0.991322,0.948956,0.909877,0.987605,0.82705,0.919084,0.92644,0.898711,0.937849,0.953428,0.983254,0.928201,0.990256,0.932934,0.893043,0.864259
0.900782,0.834115,0.865701,0.903557,0.926196,0.97216,0.874259,0.879412,0.972997,0.997005,0.939864,0.99724,1.0,0.987441,0.990875,0.91191,0.9796,0.808859,0.95988,0.885711,0.982425,0.957497,0.950514,0.973711,0.928608,0.969988,0.912445,0.964573,0.98028,0.967148,0.977688,0.866024,0.897254,0.914022,0.963939,0.959051,0.901468,0.814909,0.951918,0.904255,0.916289,0.974554,0.948661,0.898898,0.892029,0.917782,0.975688,0.922154,0.891969,0.833923,0.855388,0.927247,0.912822,0.904269,0.89388,0.884948,0.880552,0.870293,0.930389,0.993078,0.983855,0.99739,0.990393,0.974826,0.970088,0.944543,0.819324,0.969826,0.952128,0.848829,0.949967,0.960314,0.936941,0.994763,0.980633,0.949612,0.966931,0.978199,0.796751,0.981722,0.967185,0.940527,0.952179,0.978073,0.991697,0.959811,0.902329,0.991461,0.829271,0.914196,0.926533,0.907351,0.934041,0.942928,0.982113,0.922025,0.982289,0.915545,0.906076,0.850262
0.906229,0.863049,0.892504,0.918877,0.946536,0.986953,0.879779,0.898588,0.995789,0.990155,0.919534,0.994769,0.987441,1.0,0.981659,0.906067,0.99359,0.826415,0.988508,0.859559,0.978414,0.987354,0.9804,0.994109,0.925376,0.978221,0.914751,0.975118,0.967925,0.986812,0.988499,0.849933,0.923053,0.922523,0.979525,0.934647,0.906388,0.831703,0.969295,0.88797,0.915763,0.968734,0.969625,0.912772,0.917458,0.943295,0.987155,0.944146,0.88812,0.847262,0.86904,0.953725,0.919386,0.916568,0.93036,0.917226,0.898735,0.860233,0.900085,0.992355,0.963619,0.9872,0.993107,0.990976,0.987974,0.948844,0.838072,0.982085,0.982159,0.874999,0.975597,0.986504,0.977067,0.986619,0.992918,0.930778,0.978683,0.993761,0.821825,0.991032,0.991654,0.958107,0.974864,0.98969,0.98029,0.940139,0.90888,0.971467,0.820673,0.919039,0.915041,0.876663,0.929141,0.949526,0.990105,0.923419,0.992925,0.953859,0.870553,0.874402
0.903098,0.82784,0.845451,0.904825,0.935278,0.972848,0.8695204,0.880342,0.962472,0.992703,0.94727,0.98818,0.990875,0.981659,1.0,0.911145,0.977509,0.799274,0.966734,0.896097,0.988507,0.961918,0.934268,0.962416,0.923969,0.972726,0.918,0.944218,0.979338,0.961126,0.97398,0.858276,0.904336,0.909906,0.937898,0.97677,0.892799,0.8081762,0.953891,0.879829,0.925633,0.983025,0.943413,0.906911,0.859039,0.896891,0.963144,0.903695,0.887369,0.821444,0.834626,0.936131,0.904258,0.90816,0.870717,0.894667,0.879788,0.893873,0.936593,0.982809,0.981106,0.985695,0.985159,0.982905,0.971362,0.965061,0.798934,0.974228,0.951775,0.838195,0.936196,0.946613,0.933018,0.982594,0.977528,0.959384,0.950038,0.970716,0.801993,0.971399,0.959776,0.946907,0.951655,0.964899,0.992518,0.934936,0.895367,0.993129,0.815865,0.901805,0.925418,0.908484,0.941081,0.946036,0.981104,0.920925,0.966075,0.912107,0.933849,0.835132
0.836015,0.816265,0.824028,0.858288,0.91842,0.90025,0.940622,0.885979,0.892632,0.909543,0.909719,0.912472,0.91191,0.906067,0.911145,1.0,0.907717,0.837013,0.892661,0.822679,0.902688,0.895703,0.857012,0.894734,0.855968,0.926259,0.878524,0.861569,0.866622,0.911569,0.907784,0.851239,0.843721,0.850248,0.870926,0.892709,0.825224,0.856343,0.929128,0.892418,0.896538,0.911108,0.907694,0.882477,0.807035,0.823496,0.898017,0.823572,0.914125,0.856186,0.830527,0.907346,0.846762,0.88328,0.809081,0.897762,0.878448,0.905372,0.904666,0.925159,0.930635,0.89901,0.92631,0.919224,0.915031,0.880702,0.815492,0.925998,0.879393,0.830453,0.866203,0.875256,0.855425,0.900861,0.911276,0.916715,0.858322,0.907159,0.848533,0.894749,0.882392,0.918437,0.90698,0.884506,0.897031,0.873107,0.826936,0.907529,0.887507,0.862657,0.87511,0.812294,0.921389,0.913337,0.897786,0.873795,0.889348,0.836263,0.883923,0.827345
0.890749,0.871415,0.884327,0.930402,0.969032,0.973391,0.890218,0.910296,0.989851,0.98943,0.925553,0.990429,0.9796,0.99359,0.977509,0.907717,1.0,0.825784,0.99156,0.863885,0.971182,0.988276,0.970676,0.993997,0.927049,0.991038,0.924959,0.960034,0.96763,0.993514,0.992765,0.825053,0.917932,0.926933,0.967155,0.942093,0.901098,0.857479,0.984197,0.859297,0.924189,0.981762,0.979567,0.931506,0.900108,0.932143,0.978922,0.934364,0.881768,0.849068,0.860963,0.971453,0.916549,0.929279,0.916991,0.943379,0.90426,0.879127,0.898081,0.986478,0.965452,0.973716,0.993841,0.992527,0.997801,0.960446,0.835245,0.993627,0.972813,0.872927,0.968535,0.984314,0.966257,0.97423,0.999337,0.938766,0.96887,0.997311,0.819205,0.993114,0.993713,0.979157,0.988914,0.983666,0.98121,0.91025,0.905548,0.972419,0.824597,0.908988,0.913876,0.87397,0.937387,0.970718,0.975748,0.927121,0.983026,0.939182,0.872437,0.874979
0.893584,0.931348,0.902343,0.872908,0.838103,0.822785,0.860647,0.858941,0.838832,0.807685,0.80017,0.816708,0.808859,0.826415,0.799274,0.837013,0.825784,1.0,0.827828,0.854595,0.803394,0.840185,0.834915,0.837769,0.874838,0.826029,0.843046,0.824014,0.78005,0.84758,0.827491,0.849007,0.896458,0.900875,0.827849,0.769057,0.895718,0.862389,0.848107,0.831878,0.82168,0.797583,0.838468,0.83852,0.86965,0.856008,0.829505,0.843104,0.87762,0.927142,0.903563,0.847635,0.907852,0.854352,0.879593,0.832144,0.864233,0.805178,0.798598,0.824539,0.795819,0.806149,0.826757,0.826462,0.833887,0.779195,0.935813,0.828785,0.834636,0.951186,0.837393,0.838184,0.835021,0.814969,0.828748,0.79097,0.814365,0.836379,0.883462,0.820365,0.827715,0.832913,0.840189,0.825075,0.79761,0.820078,0.896501,0.797973,0.8278816,0.904859,0.839014,0.844571,0.81884,0.80686,0.802895,0.860813,0.826941,0.830731,0.794341,0.929874
0.890415,0.880189,0.892949,0.921815,0.962919,0.977845,0.884211,0.900997,0.988184,0.970873,0.900159,0.973785,0.95988,0.988508,0.966734,0.892661,0.99156,0.827828,1.0,0.838048,0.964082,0.997759,0.972425,0.987917,0.908606,0.977958,0.90883,0.949276,0.946862,0.987133,0.980845,0.816472,0.927456,0.914104,0.954032,0.919327,0.887576,0.862948,0.976,0.84285,0.908639,0.962158,0.972508,0.920224,0.890177,0.927528,0.969899,0.927588,0.883747,0.850954,0.86839,0.97368,0.90337,0.918119,0.920418,0.948687,0.895838,0.860661,0.873454,0.971162,0.938593,0.957386,0.979587,0.99334,0.992081,0.954629,0.834996,0.984444,0.984229,0.872938,0.966991,0.981414,0.983567,0.956593,0.988872,0.914156,0.957563,0.988367,0.833103,0.979153,0.991849,0.970566,0.983003,0.972763,0.96131,0.894762,0.893418,0.948587,0.82242,0.896975,0.893532,0.847736,0.918847,0.953228,0.976853,0.911213,0.972483,0.957856,0.854481,0.876117
0.896281,0.8372287,0.760349,0.929775,0.834829,0.850928,0.877619,0.823595,0.841197,0.8928,0.920982,0.879776,0.885711,0.859559,0.896097,0.822679,0.863885,0.854595,0.838048,1.0,0.892364,0.832487,0.81877,0.847497,0.952426,0.862794,0.942931,0.852174,0.919607,0.844204,0.8803,0.843589,0.889485,0.931638,0.828813,0.922816,0.895832,0.822589,0.840657,0.778687,0.917381,0.903028,0.823356,0.905465,0.780897,0.82355,0.853617,0.838573,0.88916,0.895196,0.767733,0.821609,0.907723,0.9127,0.78432,0.7937,0.855493,0.920786,0.918933,0.861831,0.879458,0.878573,0.867346,0.853478,0.851199,0.908979,0.824892,0.856994,0.832891,0.8386948,0.836814,0.837975,0.797831,0.886403,0.867818,0.912033,0.863154,0.858595,0.861226,0.873542,0.843688,0.841942,0.848114,0.869271,0.910836,0.83988,0.900766,0.911496,0.842095,0.894847,0.950011,0.981898,0.897781,0.852937,0.841532,0.944052,0.859766,0.802576,0.939805,0.839242
0.910467,0.837459,0.860553,0.902086,0.928867,0.988753,0.8660066,0.877058,0.965529,0.984457,0.92819,0.98411,0.982425,0.978414,0.988507,0.902688,0.971182,0.803394,0.964082,0.892364,1.0,0.967151,0.938155,0.966027,0.919161,0.968621,0.916368,0.956576,0.980766,0.967477,0.981661,0.844682,0.901075,0.913676,0.94861,0.971834,0.89802,0.81699,0.956582,0.883431,0.927357,0.978901,0.946943,0.899442,0.883071,0.914542,0.982295,0.922923,0.885716,0.823406,0.843456,0.944757,0.903217,0.904088,0.884562,0.90809,0.881388,0.884406,0.920493,0.982468,0.970658,0.975658,0.981035,0.977537,0.964579,0.96975,0.811523,0.965118,0.97187,0.847074,0.959991,0.954529,0.940022,0.98615,0.97561,0.941861,0.958916,0.974162,0.819853,0.97869,0.955464,0.943814,0.960605,0.973836,0.985665,0.936499,0.901219,0.985451,0.819938,0.902841,0.921399,0.906285,0.930824,0.925653,0.968898,0.917359,0.97266,0.942657,0.92227,0.845637
0.894221,0.892857,0.909938,0.920069,0.963769,0.983874,0.895105,0.908745,0.989549,0.966891,0.896196,0.97237,0.957497,0.987354,0.961918,0.895703,0.988276,0.840185,0.997759,0.832487,0.967151,1.0,0.97328,0.989175,0.90625,0.977925,0.90805,0.952711,0.943034,0.991115,0.98134,0.824008,0.927145,0.915191,0.958523,0.916693,0.889518,0.870515,0.979797,0.853251,0.911856,0.958778,0.975786,0.918358,0.901617,0.932426,0.977898,0.931547,0.897514,0.865733,0.884552,0.979763,0.90395,0.918411,0.927253,0.954337,0.903736,0.860803,0.873406,0.973675,0.938118,0.953988,0.979706,0.992082,0.990054,0.950777,0.850066,0.982335,0.990653,0.885768,0.975068,0.983285,0.985991,0.957758,0.987488,0.910448,0.957894,0.989676,0.837509,0.980276,0.988407,0.971606,0.985743,0.97393,0.95621,0.900245,0.895666,0.94506,0.828005,0.902427,0.893831,0.846145,0.91931,0.9469,0.973131,0.91042,0.974473,0.96713,0.852361,0.890368
0.892123,0.866607,0.912278,0.902589,0.918451,0.964172,0.851163,0.874082,0.992071,0.954135,0.86738,0.964786,0.950514,0.9804,0.934268,0.857012,0.970676,0.834915,0.972425,0.81877,0.938155,0.97328,1.0,0.987437,0.899712,0.943129,0.885062,0.986782,0.936704,0.969443,0.96767,0.807529,0.90921,0.908009,0.98878,0.873203,0.913469,0.834064,0.941178,0.865032,0.87699,0.924187,0.95289,0.889572,0.959938,0.980748,0.973371,0.977401,0.877762,0.842763,0.889283,0.930839,0.909617,0.893679,0.978216,0.904416,0.876519,0.816753,0.843043,0.959203,0.909745,0.95886,0.959201,0.958618,0.96308,0.910916,0.859235,0.948807,0.979423,0.868769,0.986946,0.994706,0.989705,0.961746,0.969075,0.876006,0.98821,0.97672,0.82376,0.975514,0.988054,0.929313,0.958044,0.986182,0.941039,0.93153,0.91035,0.922671,0.795735,0.898493,0.878009,0.836882,0.884653,0.914574,0.961268,0.895788,0.988413,0.975167,0.804101,0.874922
0.892576,0.882403,0.911348,0.923793,0.955298,0.978987,0.885769,0.905427,0.998196,0.980422,0.903687,0.986914,0.973711,0.994109,0.962416,0.894734,0.993997,0.837769,0.987917,0.847497,0.966027,0.989175,0.987437,1.0,0.919983,0.97889,0.913747,0.976974,0.960266,0.994469,0.991254,0.824311,0.916009,0.924672,0.98549,0.917921,0.905146,0.859063,0.976661,0.87016,0.911615,0.963535,0.980845,0.918659,0.932591,0.955934,0.989132,0.955866,0.894233,0.859577,0.886464,0.965414,0.916917,0.920292,0.945749,0.939062,0.90332,0.857053,0.878876,0.984422,0.949413,0.972178,0.987384,0.98339,0.989944,0.943783,0.851146,0.981081,0.984548,0.883282,0.986838,0.996547,0.980311,0.976911,0.994415,0.915551,0.982058,0.998005,0.820825,0.995183,0.996727,0.966683,0.986939,0.992195,0.969317,0.925971,0.908388,0.957363,0.820607,0.911937,0.904737,0.862069,0.920525,0.951235,0.971681,0.919669,0.992933,0.961946,0.845369,0.887069
0.959064,0.910432,0.802358,0.983701,0.902963,0.909389,0.823161,0.901093,0.915998,0.933828,0.947144,0.9325,0.928608,0.925376,0.923969,0.855968,0.927049,0.874838,0.908606,0.952426,0.919161,0.90625,0.899712,0.919983,1.0,0.924566,0.976603,0.910733,0.919044,0.917412,0.925574,0.895764,0.970352,0.992494,0.90564,0.908873,0.9609,0.884499,0.910065,0.818445,0.955543,0.926415,0.898334,0.95543,0.87305,0.894597,0.915423,0.896918,0.812432,0.897055,0.784724,0.890607,0.980832,0.967517,0.879303,0.853555,0.929669,0.859376,0.935626,0.926622,0.922853,0.922545,0.930823,0.919701,0.921118,0.898562,0.88307,0.922863,0.898866,0.92325,0.901801,0.909781,0.883238,0.924666,0.928463,0.938192,0.914246,0.925227,0.868504,0.927719,0.915168,0.908165,0.90931,0.921711,0.928932,0.875597,0.966924,0.926385,0.885607,0.977714,0.984518,0.969046,0.9461,0.918646,0.91039,0.990595,0.922397,0.870884,0.891793,0.925873
0.88614,0.877811,0.872037,0.932352,0.987378,0.964284,0.911166,0.939152,0.971072,0.981306,0.949046,0.980497,0.969988,0.978221,0.972726,0.926259,0.991038,0.826029,0.977958,0.862794,0.968621,0.977925,0.943129,0.97889,0.924566,1.0,0.938961,0.936719,0.954165,0.990286,0.983577,0.837009,0.909929,0.924859,0.94638,0.95789,0.894097,0.87192,0.995193,0.847081,0.950321,0.988657,0.97851,0.949972,0.880598,0.907293,0.969796,0.909487,0.879988,0.861992,0.846993,0.983709,0.911032,0.945251,0.891728,0.951759,0.928148,0.903123,0.924278,0.982775,0.978716,0.956084,0.992135,0.989565,0.994912,0.957795,0.83807,0.998597,0.957561,0.878848,0.951233,0.963277,0.940298,0.959933,0.99268,0.962661,0.944031,0.988497,0.814653,0.981738,0.973043,0.993847,0.987281,0.964149,0.972617,0.889245,0.89995,0.971911,0.835606,0.909081,0.924789,0.873701,0.963907,0.986677,0.958019,0.933182,0.963864,0.919072,0.897983,0.881135
0.911568,0.912034,0.800362,0.989902,0.940677,0.904387,0.849172,0.942242,0.906966,0.923879,0.974849,0.920574,0.912445,0.914751,0.918,0.878524,0.924959,0.843046,0.90883,0.942931,0.916368,0.90805,0.885062,0.913747,0.976603,0.938961,1.0,0.892207,0.910587,0.920178,0.926154,0.889824,0.943747,0.96328,0.88824,0.928362,0.911881,0.920757,0.929883,0.796029,0.990549,0.939566,0.904522,0.991436,0.841546,0.872172,0.909287,0.87674,0.808896,0.900112,0.779728,0.91731,0.935725,0.99504,0.850433,0.884398,0.961225,0.902023,0.957598,0.916914,0.927372,0.900971,0.926737,0.922438,0.925706,0.911347,0.838636,0.934901,0.897726,0.913413,0.897118,0.902908,0.874474,0.908913,0.927729,0.968033,0.898604,0.92272,0.841905,0.922385,0.908112,0.937418,0.920156,0.911957,0.92151,0.844291,0.919854,0.921322,0.897824,0.939012,0.989432,0.93688,0.980728,0.948054,0.89224,0.995108,0.908636,0.867668,0.924273,0.900282
0.909531,0.836427,0.887704,0.895777,0.896778,0.967541,0.836562,0.853554,0.980921,0.963373,0.883622,0.972169,0.964573,0.975118,0.944218,0.861569,0.960034,0.824014,0.949276,0.852174,0.956576,0.952711,0.986782,0.976974,0.910733,0.936719,0.892207,1.0,0.959358,0.957468,0.970022,0.816777,0.892242,0.913447,0.990478,0.899891,0.933465,0.807059,0.927846,0.88922,0.886218,0.934244,0.934517,0.879761,0.965204,0.986591,0.980514,0.988027,0.868537,0.821954,0.869984,0.910278,0.917901,0.887683,0.968852,0.878369,0.863318,0.820724,0.868139,0.964987,0.925938,0.971799,0.959635,0.946008,0.946689,0.91863,0.856779,0.936483,0.971455,0.850759,0.986968,0.983955,0.963815,0.981071,0.962257,0.890793,0.997684,0.969594,0.827879,0.977885,0.970363,0.912319,0.944852,0.992274,0.956555,0.959106,0.927102,0.943749,0.803848,0.903451,0.895714,0.873541,0.890533,0.899879,0.953766,0.902288,0.993224,0.969432,0.836723,0.855837
0.881103,0.800969,0.835272,0.900271,0.908239,0.956551,0.880749,0.83855,0.955891,0.985951,0.917969,0.980274,0.98028,0.967925,0.979338,0.866622,0.96763,0.78005,0.946862,0.919607,0.980766,0.943034,0.936704,0.960266,0.919044,0.954165,0.910587,0.959358,1.0,0.951796,0.979649,0.802108,0.870592,0.907684,0.944229,0.96901,0.892383,0.798203,0.934444,0.869023,0.903357,0.979826,0.926616,0.891519,0.872313,0.919604,0.963207,0.932299,0.914123,0.792123,0.829391,0.916034,0.894296,0.891939,0.879225,0.888419,0.844008,0.905207,0.902926,0.965638,0.956096,0.976844,0.967818,0.953956,0.953539,0.977842,0.788947,0.950792,0.945164,0.813011,0.949185,0.953523,0.918176,0.983675,0.970352,0.929658,0.969085,0.966338,0.810364,0.978955,0.956761,0.926616,0.949965,0.976891,0.994667,0.930541,0.893524,0.988663,0.80143,0.876708,0.911562,0.920891,0.907588,0.91981,0.948648,0.910079,0.970316,0.915408,0.916008,0.812269
0.888545,0.896609,0.913153,0.926816,0.975167,0.977106,0.910094,0.925396,0.989234,0.976436,0.912633,0.981621,0.967148,0.986812,0.961126,0.911569,0.993514,0.84758,0.987133,0.844204,0.967477,0.991115,0.969443,0.994469,0.917412,0.990286,0.920178,0.957468,0.951796,1.0,0.990315,0.827032,0.914571,0.925068,0.969694,0.928179,0.897814,0.8779,0.992517,0.85963,0.924948,0.971773,0.989295,0.929954,0.913702,0.935371,0.985629,0.935197,0.904464,0.874797,0.887687,0.985019,0.912735,0.929368,0.925933,0.9601,0.917931,0.876171,0.88826,0.98404,0.957321,0.958779,0.989657,0.98764,0.99506,0.948994,0.857281,0.990237,0.980344,0.893285,0.977695,0.98601,0.968078,0.96643,0.995496,0.926653,0.962755,0.997643,0.825286,0.990939,0.987849,0.984281,0.995534,0.979937,0.965085,0.907214,0.903314,0.957866,0.833746,0.911203,0.906294,0.857942,0.934341,0.964106,0.961378,0.921277,0.980008,0.952166,0.85805,0.897341
0.893533,0.863216,0.885474,0.92593,0.956367,0.979092,0.884925,0.895055,0.986606,0.98747,0.917439,0.988818,0.977688,0.988499,0.97398,0.907784,0.992765,0.827491,0.980845,0.8803,0.981661,0.98134,0.96767,0.991254,0.925574,0.983577,0.926154,0.970022,0.979649,0.990315,1.0,0.814187,0.904618,0.927782,0.970554,0.948635,0.90508,0.856768,0.978746,0.869814,0.923828,0.983885,0.974807,0.923275,0.909323,0.943302,0.987966,0.949444,0.885546,0.837918,0.864028,0.966745,0.914123,0.922759,0.918529,0.944643,0.894591,0.884269,0.89164,0.983444,0.959123,0.971468,0.988304,0.982344,0.987417,0.971757,0.82919,0.982621,0.978731,0.865242,0.980233,0.985349,0.958013,0.981949,0.995488,0.930602,0.977869,0.9953,0.83332,0.996738,0.986331,0.969456,0.990137,0.991634,0.985015,0.919152,0.908245,0.975452,0.832882,0.902892,0.913305,0.882487,0.92882,0.951865,0.961437,0.925219,0.986877,0.951264,0.877824,0.862359
0.883056,0.928172,0.848865,0.873187,0.838675,0.85249,0.813488,0.905005,0.83285,0.847199,0.914192,0.85497,0.866024,0.849933,0.858276,0.851239,0.825053,0.849007,0.816472,0.843589,0.844682,0.824008,0.807529,0.824311,0.895764,0.837009,0.889824,0.816777,0.802108,0.827032,0.814187,1.0,0.895489,0.868151,0.830382,0.83758,0.838954,0.940422,0.829786,0.873691,0.903275,0.8197,0.828886,0.869182,0.796868,0.773522,0.84041,0.765526,0.797977,0.903736,0.842296,0.833273,0.87254,0.889249,0.786762,0.855757,0.920047,0.815052,0.931815,0.870914,0.880445,0.864778,0.858381,0.848141,0.827612,0.77261,0.803433,0.839138,0.818031,0.90887,0.803191,0.805551,0.813663,0.855138,0.826476,0.899311,0.803103,0.827015,0.817316,0.816939,0.808763,0.825863,0.804234,0.816999,0.830731,0.872585,0.842134,0.844893,0.920134,0.927035,0.925409,0.866554,0.911442,0.840124,0.870368,0.909843,0.83577,0.786761,0.869054,0.880897
0.969755,0.936686,0.831813,0.966651,0.901736,0.919396,0.825437,0.907663,0.92055,0.903099,0.903416,0.907948,0.897254,0.923053,0.904336,0.843721,0.917932,0.896458,0.927456,0.889485,0.901075,0.927145,0.90921,0.916009,0.970352,0.909929,0.943747,0.892242,0.870592,0.914571,0.904618,0.895489,1.0,0.976588,0.894847,0.861077,0.949848,0.887175,0.906324,0.797561,0.928973,0.889407,0.900921,0.935263,0.877973,0.890416,0.905255,0.884782,0.818484,0.909819,0.802311,0.900524,0.972932,0.948882,0.899763,0.861687,0.934079,0.822846,0.890663,0.909835,0.884908,0.89608,0.914902,0.928734,0.919768,0.873334,0.898864,0.916572,0.918631,0.946539,0.900262,0.908408,0.919885,0.893589,0.915431,0.89715,0.89256,0.915412,0.892492,0.904445,0.916632,0.901495,0.902952,0.901997,0.889365,0.847698,0.957755,0.881596,0.863895,0.977253,0.946987,0.911048,0.919723,0.899129,0.920956,0.963019,0.90742,0.899731,0.843865,0.946601
0.970934,0.925858,0.820459,0.97989,0.908461,0.911945,0.829828,0.897876,0.920232,0.922734,0.919417,0.923915,0.914022,0.922523,0.909906,0.850248,0.926933,0.900875,0.914104,0.931638,0.913676,0.915191,0.908009,0.924672,0.992494,0.924859,0.96328,0.913447,0.907684,0.925068,0.927782,0.868151,0.976588,1.0,0.909443,0.891442,0.977567,0.897641,0.918059,0.804895,0.941261,0.919857,0.908069,0.94693,0.898637,0.915708,0.919318,0.915776,0.818302,0.900403,0.798394,0.905246,0.991702,0.958615,0.907348,0.87548,0.92462,0.844447,0.903429,0.920318,0.906586,0.907088,0.926173,0.919628,0.924008,0.897308,0.912561,0.922965,0.910443,0.934008,0.914609,0.918501,0.894579,0.914728,0.929238,0.913843,0.916015,0.928591,0.897458,0.928605,0.918895,0.914363,0.920527,0.923142,0.916334,0.861365,0.983561,0.910817,0.881121,0.980254,0.963856,0.951299,0.928441,0.911282,0.899784,0.977682,0.92198,0.890806,0.860456,0.942436
0.894239,0.857862,0.911511,0.894307,0.911844,0.967977,0.852825,0.885337,0.987725,0.96271,0.882045,0.974551,0.963939,0.979525,0.937898,0.870926,0.967155,0.827849,0.954032,0.828813,0.94861,0.958523,0.98878,0.98549,0.90564,0.94638,0.88824,0.990478,0.944229,0.969694,0.970554,0.830382,0.894847,0.909443,1.0,0.889006,0.915646,0.815889,0.942138,0.888713,0.889226,0.93016,0.957068,0.88421,0.971216,0.974054,0.986679,0.972063,0.876778,0.839985,0.883883,0.923074,0.913497,0.891748,0.966711,0.889039,0.888916,0.822104,0.863165,0.973196,0.932411,0.968682,0.967618,0.951835,0.957602,0.903027,0.851279,0.947244,0.970868,0.874025,0.987202,0.987884,0.967661,0.975979,0.969116,0.890823,0.98868,0.977534,0.803918,0.980418,0.977007,0.925703,0.954463,0.988287,0.94872,0.949802,0.912134,0.936853,0.794691,0.912114,0.891284,0.851577,0.896328,0.915711,0.95677,0.900982,0.992899,0.96195,0.817696,0.874288
0.872621,0.802996,0.798599,0.893937,0.927084,0.934017,0.909005,0.880385,0.910503,0.96616,0.961458,0.954506,0.959051,0.934647,0.97677,0.892709,0.942093,0.769057,0.919327,0.922816,0.971834,0.916693,0.873203,0.917921,0.908873,0.95789,0.928362,0.899891,0.96901,0.928179,0.948635,0.83758,0.861077,0.891442,0.889006,1.0,0.867416,0.80586,0.936859,0.837579,0.944203,0.983819,0.910351,0.914695,0.811605,0.851123,0.930038,0.864518,0.90155,0.814441,0.793119,0.920824,0.87475,0.9106,0.811848,0.881756,0.877591,0.951397,0.953587,0.949067,0.975383,0.943593,0.955244,0.947049,0.938525,0.969898,0.763051,0.951215,0.906538,0.808455,0.896701,0.897948,0.866347,0.949883,0.946604,0.973467,0.908766,0.935326,0.787333,0.941976,0.908945,0.937307,0.927921,0.926249,0.975895,0.888915,0.871203,0.985003,0.803178,0.869456,0.92893,0.920648,0.950072,0.938921,0.923937,0.915754,0.921485,0.863662,0.974988,0.803653
0.985162,0.876869,0.808796,0.928488,0.866346,0.899066,0.795491,0.849552,0.905836,0.904618,0.880997,0.907978,0.901468,0.906388,0.892799,0.825224,0.901098,0.895718,0.887576,0.895832,0.89802,0.889518,0.913469,0.905146,0.9609,0.894097,0.911881,0.933465,0.892383,0.897814,0.90508,0.838954,0.949848,0.977567,0.915646,0.867416,1.0,0.831674,0.884434,0.808395,0.893995,0.891454,0.880363,0.890299,0.947345,0.956637,0.907469,0.954735,0.799606,0.851698,0.790359,0.867594,0.992784,0.904246,0.949385,0.832562,0.875165,0.802328,0.869183,0.903925,0.886525,0.900267,0.904543,0.894516,0.894509,0.867703,0.921891,0.892502,0.896904,0.895387,0.91212,0.906745,0.886304,0.908201,0.90368,0.878931,0.926557,0.905119,0.898352,0.908839,0.897906,0.875865,0.888577,0.915689,0.898091,0.885926,0.999177,0.892908,0.831166,0.965842,0.922049,0.929002,0.886274,0.871791,0.887281,0.9322,0.915986,0.902368,0.829598,0.911378
0.8269643,0.963623,0.843699,0.937779,0.915081,0.826997,0.832657,0.909075,0.846734,0.818226,0.8682385,0.821049,0.814909,0.831703,0.8081762,0.856343,0.857479,0.862389,0.862948,0.822589,0.81699,0.870515,0.834064,0.859063,0.884499,0.87192,0.920757,0.807059,0.798203,0.8779,0.856768,0.940422,0.887175,0.897641,0.815889,0.80586,0.831674,1.0,0.891121,0.815977,0.906838,0.845618,0.880779,0.941945,0.792894,0.820261,0.837619,0.818334,0.810572,0.924406,0.838441,0.912182,0.858162,0.937526,0.823065,0.932196,0.915313,0.8203874,0.890102,0.8236476,0.830901,0.810567,0.838594,0.850104,0.870613,0.834872,0.832646,0.868989,0.853303,0.89576,0.854326,0.859113,0.841932,0.8099829,0.860594,0.8554264,0.816689,0.863074,0.872931,0.851173,0.856275,0.904446,0.893875,0.834289,0.809878,0.844057,0.844578,0.8067828,0.973242,0.8619004,0.8865814,0.828931,0.885972,0.880025,0.8000439,0.90941,0.826187,0.840675,0.824424,0.900443
0.876394,0.898069,0.896232,0.927315,0.992473,0.960363,0.926504,0.946978,0.968415,0.964656,0.92987,0.966746,0.951918,0.969295,0.953891,0.929128,0.984197,0.848107,0.976,0.840657,0.956582,0.979797,0.941178,0.976661,0.910065,0.995193,0.929883,0.927846,0.934444,0.992517,0.978746,0.829786,0.906324,0.918059,0.942138,0.936859,0.884434,0.891121,1.0,0.837229,0.942239,0.975379,0.986189,0.946627,0.884581,0.906183,0.967024,0.906166,0.898929,0.879926,0.87129,0.993722,0.902268,0.941588,0.896775,0.968595,0.933736,0.900386,0.903954,0.972609,0.961228,0.936946,0.982722,0.983573,0.991876,0.946923,0.848867,0.99384,0.960531,0.891174,0.953804,0.963285,0.94307,0.945381,0.986856,0.944021,0.934135,0.985363,0.821766,0.974538,0.968992,0.996652,0.992221,0.956766,0.953808,0.878617,0.890959,0.952,0.841607,0.901662,0.90849,0.847602,0.953734,0.979231,0.942626,0.922383,0.95571,0.926379,0.876064,0.891735
0.821652,0.808728,0.915031,0.786415,0.801165,0.888019,0.829907,0.811117,0.879242,0.885889,0.826972,0.895857,0.904255,0.88797,0.879829,0.892418,0.859297,0.831878,0.84285,0.778687,0.883431,0.853251,0.865032,0.87016,0.818445,0.847081,0.796029,0.88922,0.869023,0.85963,0.869814,0.873691,0.797561,0.804895,0.888713,0.837579,0.808395,0.815977,0.837229,1.0,0.801797,0.847424,0.819817,0.770678,0.853187,0.84372,0.890995,0.842344,0.86738,0.811441,0.934703,0.817101,0.816768,0.787967,0.835266,0.846408,0.805335,0.754466,0.831926,0.903899,0.877216,0.909254,0.886494,0.862764,0.848932,0.823037,0.798662,0.847121,0.864617,0.847289,0.866644,0.861943,0.854205,0.908783,0.862605,0.82807,0.875648,0.869098,0.793888,0.871362,0.853436,0.811977,0.831428,0.884912,0.879538,0.925982,0.802072,0.880888,0.843172,0.849514,0.821016,0.803812,0.823312,0.807886,0.893953,0.812126,0.895457,0.841766,0.803809,0.811226
0.902776,0.905057,0.805957,0.968522,0.952407,0.916693,0.863653,0.962211,0.90528,0.925318,0.983573,0.923159,0.916289,0.915763,0.925633,0.896538,0.924189,0.82168,0.908639,0.917381,0.927357,0.911856,0.87699,0.911615,0.955543,0.950321,0.990549,0.886218,0.903357,0.924948,0.923828,0.903275,0.928973,0.941261,0.889226,0.944203,0.893995,0.906838,0.942239,0.801797,1.0,0.945147,0.913588,0.985516,0.841402,0.859338,0.917795,0.862883,0.812808,0.89644,0.779177,0.930733,0.916802,0.988465,0.84084,0.888859,0.973451,0.909196,0.971257,0.927502,0.947524,0.900834,0.935216,0.932074,0.929585,0.908613,0.824102,0.94429,0.902441,0.905712,0.896409,0.895939,0.87304,0.910397,0.928657,0.981698,0.889248,0.923448,0.815269,0.920565,0.899869,0.948751,0.921709,0.905794,0.919794,0.848316,0.902132,0.926844,0.879108,0.93099,0.983875,0.916983,0.993362,0.957261,0.897819,0.982491,0.905998,0.870523,0.93885,0.893325
0.882289,0.835779,0.834559,0.924221,0.964429,0.956176,0.891113,0.901886,0.954644,0.986717,0.953388,0.979613,0.974554,0.968734,0.983025,0.911108,0.981762,0.797583,0.962158,0.903028,0.978901,0.958778,0.924187,0.963535,0.926415,0.988657,0.939566,0.934244,0.979826,0.971773,0.983885,0.8197,0.889407,0.919857,0.93016,0.983819,0.891454,0.845618,0.975379,0.847424,0.945147,1.0,0.953736,0.937825,0.855578,0.897565,0.960375,0.907046,0.8693229,0.820315,0.816962,0.961079,0.902243,0.93198,0.864777,0.932198,0.895917,0.924265,0.930617,0.973833,0.97914,0.960613,0.983488,0.976949,0.979538,0.98161,0.804107,0.984961,0.943448,0.843085,0.939128,0.94825,0.914727,0.966746,0.984446,0.966964,0.944948,0.976494,0.815884,0.978299,0.958945,0.974962,0.973754,0.963134,0.989415,0.892402,0.895803,0.989293,0.829955,0.890397,0.927373,0.903488,0.954832,0.970315,0.947971,0.929896,0.957454,0.903083,0.930474,0.839456
0.86946,0.895413,0.910301,0.909446,0.971304,0.959058,0.899037,0.929296,0.974183,0.958164,0.899863,0.963394,0.948661,0.969625,0.943413,0.907694,0.979567,0.838468,0.972508,0.823356,0.946943,0.975786,0.95289,0.980845,0.898334,0.97851,0.904522,0.934517,0.926616,0.989295,0.974807,0.828886,0.900921,0.908069,0.957068,0.910351,0.880363,0.880779,0.986189,0.819817,0.913588,0.953736,1.0,0.919991,0.904698,0.91555,0.970183,0.914243,0.894207,0.863621,0.878749,0.978453,0.896646,0.916839,0.911322,0.960783,0.921873,0.861022,0.876731,0.966571,0.943636,0.939282,0.97355,0.972422,0.983928,0.921571,0.827426,0.979428,0.963136,0.88534,0.961715,0.971891,0.951689,0.947847,0.981878,0.915063,0.941744,0.983587,0.792784,0.973361,0.974152,0.978282,0.988745,0.960215,0.944871,0.899701,0.8862,0.94007,0.811533,0.894513,0.888696,0.832737,0.922869,0.956245,0.939845,0.904973,0.960183,0.93448,0.848542,0.878859
0.883392,0.925197,0.814771,0.986304,0.966332,0.894911,0.867784,0.960927,0.90983,0.91527,0.965976,0.912489,0.898898,0.912772,0.906911,0.882477,0.931506,0.83852,0.920224,0.905465,0.899442,0.918358,0.889572,0.918659,0.95543,0.949972,0.991436,0.879761,0.891519,0.929954,0.923275,0.869182,0.935263,0.94693,0.88421,0.914695,0.890299,0.941945,0.946627,0.770678,0.985516,0.937825,0.919991,1.0,0.836445,0.866697,0.901925,0.868041,0.815652,0.909074,0.792005,0.939686,0.917487,0.997719,0.854244,0.912399,0.968972,0.902074,0.940987,0.911376,0.921931,0.885358,0.926619,0.929101,0.938664,0.90531,0.837142,0.947906,0.896967,0.911695,0.895171,0.907853,0.88419,0.890444,0.932437,0.962653,0.888785,0.92701,0.828734,0.920091,0.916605,0.959488,0.932731,0.904396,0.908103,0.818885,0.89975,0.906617,0.898874,0.9199,0.969599,0.897057,0.980618,0.96818,0.887839,0.981891,0.901298,0.86597,0.901029,0.903669
