0,1,2,3,4,5,6,7,8,9,10,11,12,13,14,15,16,17,18,19,20,21,22,23,24,25,26,27,28,29,30,31,32,33,34,35,36,37,38,39,40,41,42,43,44,45,46,47,48,49,50,51,52,53,54,55,56,57,58,59,60,61,62,63,64,65,66,67,68,69,70,71,72,73,74,75,76,77,78,79,80,81,82,83,84,85,86,87,88,89,90,91,92,93,94,95,96,97,98,99
1.0,0.699175,0.843328,0.84601,0.776414,0.757411,0.775253,0.835567,0.837083,0.826136,0.780095,0.816609,0.82666,0.787879,0.82232,0.752508,0.704385,0.80146,0.807724,0.728953,0.848652,0.715362,0.883426,0.880141,0.80186,0.865022,0.783295,0.760376,0.896037,0.886109,0.747484,0.700745,0.804662,0.706709,0.69078,0.756759,0.877447,0.808949,0.724429,0.771659,0.809992,0.774759,0.86219,0.908502,0.731158,0.906176,0.788188,0.956805,0.913672,0.923777,0.7568006,0.794168,0.898218,0.786762,0.78406,0.814191,0.848719,0.870179,0.815461,0.783534,0.800024,0.820597,0.798538,0.780907,0.813329,0.781046,0.757048,0.782919,0.757147,0.809502,0.905728,0.745059,0.859895,0.764571,0.777216,0.887971,0.793018,0.886017,0.717361,0.805925,0.738915,0.78767,0.853831,0.749419,0.772135,0.749613,0.775545,0.727483,0.715096,0.871245,0.770537,0.777458,0.775559,0.888635,0.774717,0.718801,0.910284,0.923113,0.844026,0.941762
0.699175,1.0,0.671582,0.786825,0.803774,0.758993,0.792367,0.825909,0.774765,0.678423,0.738736,0.710735,0.833703,0.689986,0.75103,0.725413,0.627517,0.6922323,0.679414,0.714113,0.68155,0.5594203,0.745226,0.7147368,0.773561,0.788808,0.730321,0.867111,0.732373,0.70979,0.819561,0.575174,0.661786,0.677835,0.685855,0.667665,0.711446,0.646064,0.739958,0.581601,0.712749,0.6608113,0.674439,0.721929,0.631747,0.640432,0.694793,0.697582,0.794025,0.690304,0.888457,0.698663,0.743756,0.702368,0.705021,0.741835,0.724449,0.674445,0.639678,0.643389,0.6369438,0.750749,0.700709,0.68143,0.729403,0.721713,0.806974,0.673115,0.679676,0.691552,0.678155,0.622672,0.672905,0.678926,0.621681,0.66784,0.654125,0.690412,0.763891,0.767652,0.608109,0.66768,0.745023,0.724195,0.740105,0.742741,0.780132,0.816112,0.75951,0.696571,0.687146,0.647609,0.703634,0.665051,0.696649,0.77246,0.6913346,0.71638,0.816329,0.732383
0.843328,0.671582,1.0,0.698074,0.733812,0.78368,0.657024,0.704473,0.793607,0.789937,0.721643,0.839912,0.758268,0.726546,0.853401,0.784908,0.74922,0.590419,0.681795,0.674511,0.784869,0.632873,0.752004,0.700957,0.749505,0.73437,0.816347,0.762162,0.758988,0.906644,0.672178,0.779398,0.853671,0.762863,0.650847,0.764761,0.848794,0.846427,0.775591,0.722546,0.787871,0.631097,0.774633,0.729988,0.764916,0.799876,0.830942,0.860546,0.698777,0.77678,0.708364,0.721232,0.728897,0.758892,0.774687,0.765615,0.772658,0.788451,0.745971,0.702571,0.726298,0.759045,0.719901,0.728305,0.733558,0.781036,0.694773,0.657048,0.701131,0.683549,0.79945,0.759222,0.740027,0.709174,0.772152,0.864867,0.816282,0.89618,0.6617526,0.746238,0.654854,0.736915,0.776359,0.723672,0.751588,0.703944,0.771622,0.741501,0.649843,0.785633,0.778854,0.631859,0.714582,0.743144,0.74725,0.719012,0.812003,0.798573,0.691142,0.739613
0.84601,0.786825,0.698074,1.0,0.836742,0.716789,0.779109,0.928598,0.683916,0.797907,0.809128,0.815408,0.785162,0.788235,0.766555,0.661602,0.5823945,0.766471,0.76924,0.667373,0.752824,0.655769,0.747,0.861549,0.764391,0.843208,0.664421,0.720356,0.76234,0.711164,0.857805,0.631216,0.652099,0.602783,0.660023,0.688873,0.773792,0.651103,0.6722657,0.686962,0.73109,0.79376,0.782152,0.880413,0.740244,0.809786,0.627253,0.846235,0.839166,0.770289,0.769013,0.659969,0.90394,0.861838,0.693937,0.691657,0.678378,0.769087,0.790771,0.791562,0.792037,0.826978,0.844967,0.707738,0.71366,0.723235,0.724176,0.761819,0.788829,0.736395,0.745699,0.668333,0.778002,0.726686,0.640754,0.732921,0.6207874,0.667797,0.77111,0.78779,0.804927,0.673938,0.870848,0.711989,0.710869,0.729063,0.784361,0.74018,0.688631,0.807138,0.6936871,0.747483,0.821192,0.850617,0.81667,0.814084,0.870349,0.830976,0.771389,0.822067
0.776414,0.803774,0.733812,0.836742,1.0,0.754936,0.71511,0.766631,0.772182,0.750594,0.714509,0.782046,0.768808,0.760205,0.823826,0.736326,0.685829,0.712619,0.730739,0.693273,0.722179,0.693706,0.734572,0.784832,0.739567,0.701845,0.62505,0.762749,0.709345,0.701377,0.679413,0.688931,0.663464,0.754752,0.715045,0.756698,0.809283,0.682133,0.726463,0.646266,0.701424,0.745645,0.77696,0.720538,0.693597,0.777044,0.679546,0.809335,0.695189,0.689005,0.710388,0.7055421,0.831938,0.861474,0.759136,0.781158,0.768278,0.788654,0.740848,0.725028,0.73373,0.767375,0.770914,0.758029,0.758465,0.783014,0.759997,0.738239,0.721423,0.804075,0.749069,0.628255,0.690047,0.706418,0.675981,0.729394,0.671666,0.663948,0.671547,0.650506,0.6774231,0.660635,0.743855,0.756811,0.743369,0.753715,0.76263,0.725322,0.666012,0.737272,0.623858,0.643583,0.709763,0.766052,0.709315,0.732937,0.78674,0.774973,0.789511,0.746362
0.757411,0.758993,0.78368,0.716789,0.754936,1.0,0.739104,0.798534,0.777905,0.760405,0.760495,0.773414,0.830264,0.73595,0.803195,0.753053,0.658278,0.671886,0.676167,0.739033,0.753754,0.768582,0.786777,0.781297,0.667806,0.754094,0.816909,0.7606418,0.783483,0.663408,0.736605,0.66164,0.70767,0.769934,0.815408,0.768098,0.824366,0.70609,0.780463,0.762519,0.850992,0.734787,0.822499,0.644774,0.799602,0.833736,0.777657,0.818965,0.704109,0.691191,0.797489,0.771892,0.739998,0.708364,0.821106,0.853761,0.735432,0.813803,0.786009,0.726083,0.830644,0.802084,0.790398,0.747023,0.723703,0.82216,0.813746,0.754864,0.728013,0.748011,0.815181,0.77051,0.797365,0.722826,0.774836,0.786497,0.784442,0.753747,0.683863,0.899009,0.7238366,0.707306,0.842731,0.705841,0.780742,0.771494,0.717106,0.764217,0.714777,0.763588,0.812621,0.685598,0.760543,0.738097,0.782088,0.6992346,0.795042,0.719908,0.722236,0.681374
0.775253,0.792367,0.657024,0.779109,0.71511,0.739104,1.0,0.899371,0.712144,0.813562,0.751222,0.798723,0.735514,0.786302,0.783477,0.893992,0.612483,0.770009,0.768865,0.666587,0.660472,0.724534,0.641515,0.731501,0.748993,0.717914,0.818797,0.841666,0.708884,0.669412,0.702106,0.5765281,0.800589,0.715345,0.762243,0.68181,0.676065,0.781468,0.852574,0.793573,0.848384,0.727273,0.724348,0.843754,0.708784,0.764615,0.781241,0.7266459,0.763308,0.828108,0.800034,0.83286,0.743364,0.653498,0.701855,0.720249,0.796901,0.70029,0.828466,0.732754,0.791241,0.827332,0.805094,0.82315,0.752561,0.667377,0.787571,0.87299,0.746245,0.659774,0.666243,0.695872,0.657403,0.81024,0.697834,0.72837,0.711419,0.6685044,0.619534,0.743852,0.728163,0.562234,0.778269,0.6530075,0.701471,0.660649,0.6114412,0.745865,0.692223,0.67343,0.729176,0.695964,0.68844,0.7406059,0.802724,0.662277,0.770659,0.726781,0.681523,0.789238
0.835567,0.825909,0.704473,0.928598,0.766631,0.798534,0.899371,1.0,0.704185,0.864634,0.824657,0.835953,0.83204,0.816932,0.782203,0.749879,0.630493,0.781396,0.810787,0.71853,0.747508,0.65957,0.691207,0.809071,0.779145,0.800114,0.711241,0.776372,0.717575,0.70038,0.797962,0.6115502,0.688764,0.670162,0.741894,0.750142,0.784287,0.700043,0.729501,0.694622,0.811781,0.737276,0.80027,0.89546,0.750262,0.807503,0.706702,0.854857,0.824949,0.792994,0.836458,0.728991,0.843583,0.765887,0.685835,0.772713,0.725729,0.815146,0.847523,0.788458,0.827765,0.877744,0.872539,0.800976,0.74336,0.7043328,0.744046,0.823488,0.774002,0.691791,0.721009,0.728687,0.748748,0.792833,0.662373,0.752162,0.668742,0.65945,0.702076,0.821874,0.730084,0.636878,0.900962,0.7122882,0.719984,0.6787099,0.710662,0.781745,0.780441,0.752267,0.750051,0.6795057,0.746508,0.852711,0.825397,0.77697,0.832778,0.794974,0.685549,0.797472
0.837083,0.774765,0.793607,0.683916,0.772182,0.777905,0.712144,0.704185,1.0,0.760783,0.685574,0.721525,0.88943,0.715758,0.745529,0.689607,0.668362,0.711719,0.762307,0.694953,0.7349343,0.715323,0.740346,0.781678,0.805453,0.778622,0.792863,0.73794,0.755799,0.742924,0.736928,0.681709,0.731066,0.8343,0.717566,0.790161,0.81146,0.699626,0.628288,0.628733,0.773645,0.7310745,0.795102,0.751962,0.687674,0.778554,0.740324,0.85836,0.852677,0.812913,0.824604,0.808901,0.748184,0.741191,0.700982,0.841859,0.878901,0.836558,0.776251,0.739084,0.714577,0.824051,0.6913468,0.749781,0.708471,0.738712,0.764736,0.676385,0.686715,0.76205,0.786476,0.735261,0.701685,0.755651,0.693159,0.791584,0.729797,0.765364,0.742075,0.7059328,0.6371501,0.684321,0.74726,0.800553,0.788334,0.701689,0.711495,0.687786,0.767793,0.767618,0.810196,0.725596,0.6892564,0.787318,0.638251,0.715524,0.779898,0.847217,0.882544,0.842331
0.826136,0.678423,0.789937,0.797907,0.750594,0.760405,0.813562,0.864634,0.760783,1.0,0.900238,0.946185,0.794542,0.928899,0.859711,0.810338,0.694066,0.742753,0.885312,0.702034,0.772012,0.729862,0.6935318,0.746839,0.768157,0.770435,0.793098,0.726207,0.720015,0.793252,0.735106,0.746034,0.729325,0.72887,0.708641,0.878605,0.868305,0.757271,0.764354,0.6597485,0.743061,0.740617,0.783852,0.845774,0.844876,0.719304,0.7167682,0.904127,0.726356,0.77858,0.701768,0.764332,0.785193,0.78054,0.693056,0.719237,0.817768,0.746431,0.933662,0.918016,0.938781,0.834954,0.954889,0.936107,0.846862,0.826474,0.711546,0.824031,0.70146,0.690598,0.807582,0.6876712,0.766514,0.922704,0.754781,0.771689,0.715472,0.745709,0.72198,0.806864,0.670932,0.773946,0.908526,0.818284,0.6385529,0.738645,0.756062,0.774602,0.77795,0.80523,0.787748,0.762319,0.81894,0.821775,0.733847,0.795005,0.801594,0.875804,0.677731,0.747571
0.780095,0.738736,0.721643,0.809128,0.714509,0.760495,0.751222,0.824657,0.685574,0.900238,1.0,0.873008,0.801243,0.944848,0.862399,0.738232,0.685636,0.802058,0.832631,0.683539,0.742588,0.698862,0.800643,0.783243,0.7767314,0.81702,0.802233,0.704169,0.738594,0.756573,0.857755,0.720035,0.645877,0.712648,0.740406,0.820673,0.793984,0.675723,0.71423,0.66726,0.6706852,0.692269,0.711142,0.799991,0.811263,0.661977,0.712361,0.81898,0.749633,0.746532,0.683801,0.6627083,0.756324,0.735558,0.6160936,0.657192,0.697007,0.684914,0.840818,0.955393,0.892756,0.760883,0.9174,0.92584,0.888928,0.879647,0.645985,0.759871,0.728148,0.696579,0.83453,0.652964,0.820453,0.887192,0.752006,0.7262362,0.727022,0.72551,0.792188,0.841186,0.747154,0.803115,0.901121,0.794784,0.660789,0.8051511,0.779553,0.799616,0.802894,0.812162,0.742372,0.793936,0.818733,0.754264,0.668551,0.83874,0.760824,0.848933,0.665475,0.71581
0.816609,0.710735,0.839912,0.815408,0.782046,0.773414,0.798723,0.835953,0.721525,0.946185,0.873008,1.0,0.758265,0.871519,0.936348,0.847172,0.69099,0.702141,0.824807,0.614146,0.748387,0.690533,0.733037,0.793123,0.768529,0.772085,0.799565,0.753021,0.787043,0.836641,0.7101709,0.70051,0.75724,0.738805,0.714301,0.835476,0.839484,0.777997,0.808214,0.690673,0.740399,0.671835,0.772479,0.823608,0.822656,0.735705,0.768015,0.882192,0.696223,0.756358,0.662678,0.758781,0.823774,0.78524,0.710038,0.705244,0.769134,0.700819,0.936411,0.851209,0.942387,0.813681,0.913532,0.888381,0.816292,0.845643,0.733721,0.817799,0.689567,0.663898,0.827321,0.672809,0.815293,0.902846,0.771924,0.8056,0.762035,0.806144,0.7180461,0.754193,0.643903,0.779942,0.868014,0.778148,0.663033,0.755695,0.780005,0.781611,0.74166,0.82956,0.744588,0.724975,0.762453,0.814786,0.739767,0.7672887,0.833816,0.881973,0.716418,0.732283
0.82666,0.833703,0.758268,0.785162,0.768808,0.830264,0.735514,0.83204,0.88943,0.794542,0.801243,0.758265,1.0,0.760044,0.706879,0.640797,0.588699,0.678274,0.696083,0.713778,0.7115661,0.626452,0.798806,0.814082,0.80127,0.856533,0.765982,0.74066,0.740256,0.714189,0.813251,0.660445,0.681125,0.781111,0.781365,0.782853,0.794407,0.652763,0.612232,0.636341,0.801808,0.682598,0.732396,0.766972,0.700568,0.726606,0.761115,0.844982,0.858986,0.806482,0.84796,0.792822,0.695799,0.758472,0.6624458,0.804296,0.770832,0.777692,0.765767,0.817358,0.762959,0.87046,0.773209,0.715443,0.685776,0.788874,0.757437,0.643115,0.579028,0.661261,0.8164,0.728841,0.762488,0.738777,0.731171,0.786995,0.756811,0.7432,0.833412,0.791049,0.688479,0.72746,0.835739,0.771333,0.8058,0.779933,0.713667,0.695102,0.789537,0.75192,0.749697,0.67509,0.6922697,0.751967,0.676957,0.80419,0.726619,0.7909878,0.830617,0.797913
0.787879,0.689986,0.726546,0.788235,0.760205,0.73595,0.786302,0.816932,0.715758,0.928899,0.944848,0.871519,0.760044,1.0,0.866185,0.77042,0.673811,0.817169,0.848666,0.6464501,0.726387,0.782905,0.771622,0.733059,0.828346,0.777445,0.775458,0.751565,0.701485,0.782011,0.841293,0.727698,0.673803,0.750503,0.685917,0.835593,0.830014,0.709202,0.754723,0.745887,0.680131,0.759421,0.743789,0.835981,0.786826,0.662979,0.674433,0.84778,0.731256,0.733271,0.641402,0.680656,0.785071,0.762181,0.676206,0.679463,0.761668,0.693574,0.844147,0.947112,0.892562,0.7677265,0.95891,0.940334,0.936865,0.859192,0.667085,0.752543,0.73796,0.733952,0.779393,0.630644,0.723429,0.896875,0.6774892,0.725035,0.658802,0.701672,0.738475,0.813585,0.754905,0.780269,0.925926,0.851753,0.64734,0.758253,0.751261,0.795251,0.767316,0.802282,0.687451,0.774443,0.849645,0.817015,0.694976,0.80374,0.76613,0.888341,0.686524,0.731607
0.82232,0.75103,0.853401,0.766555,0.823826,0.803195,0.783477,0.782203,0.745529,0.859711,0.862399,0.936348,0.706879,0.866185,1.0,0.886927,0.709499,0.734143,0.75881,0.657709,0.768527,0.690544,0.810647,0.804387,0.782752,0.807604,0.836573,0.823782,0.854136,0.871108,0.760406,0.709779,0.792792,0.776306,0.745269,0.762243,0.842322,0.795988,0.85771,0.750303,0.786704,0.661733,0.790259,0.776234,0.802697,0.768456,0.82757,0.861782,0.731459,0.762165,0.693932,0.790343,0.831883,0.790584,0.757773,0.720055,0.769821,0.710447,0.850434,0.814252,0.884727,0.7390119,0.865688,0.870535,0.855598,0.92719,0.780933,0.778493,0.790208,0.748037,0.859405,0.67234,0.833562,0.865832,0.828798,0.869012,0.820463,0.849969,0.6535911,0.752553,0.706993,0.779352,0.831062,0.723203,0.6641371,0.846423,0.830129,0.794759,0.697662,0.876879,0.734321,0.738297,0.73327,0.780503,0.716236,0.776128,0.861307,0.888967,0.775589,0.760756
0.752508,0.725413,0.784908,0.661602,0.736326,0.753053,0.893992,0.749879,0.689607,0.810338,0.738232,0.847172,0.640797,0.77042,0.886927,1.0,0.694569,0.731742,0.69248,0.5797958,0.683288,0.657719,0.656559,0.690688,0.790656,0.676117,0.764664,0.899094,0.765327,0.79585,0.720786,0.650352,0.889358,0.748501,0.6960226,0.711256,0.7881,0.896681,0.951195,0.855696,0.860175,0.640194,0.764167,0.751575,0.725375,0.725151,0.847544,0.776883,0.692558,0.810153,0.696546,0.841435,0.759872,0.709965,0.754548,0.755455,0.825573,0.674796,0.81145,0.711283,0.793709,0.6818539,0.760141,0.815287,0.7658984,0.791673,0.823143,0.781694,0.710766,0.660778,0.736682,0.733868,0.691532,0.807666,0.817046,0.789437,0.790226,0.786315,0.679146,0.711813,0.746538,0.652192,0.750183,0.636726,0.653363,0.706323,0.673023,0.787597,0.59927,0.704294,0.777019,0.680208,0.646065,0.703327,0.723861,0.698148,0.775483,0.763642,0.722225,0.751595
0.704385,0.627517,0.74922,0.5823945,0.685829,0.658278,0.612483,0.630493,0.668362,0.694066,0.685636,0.69099,0.588699,0.673811,0.709499,0.694569,1.0,0.631651,0.763308,0.776288,0.90505,0.586142,0.710596,0.609032,0.676159,0.575964,0.611411,0.67219,0.658892,0.719937,0.594064,0.762738,0.689035,0.657178,0.606252,0.654544,0.761343,0.747754,0.691203,0.655933,0.68012,0.711167,0.65657,0.614138,0.710712,0.656017,0.690261,0.708957,0.6017556,0.668241,0.618578,0.590188,0.640043,0.651664,0.594537,0.665433,0.670519,0.772245,0.64689,0.600553,0.69928,0.618524,0.67311,0.794698,0.824101,0.685611,0.668798,0.784725,0.568729,0.732206,0.764102,0.683884,0.736916,0.670605,0.692855,0.698457,0.74183,0.771199,0.618807,0.669272,0.641081,0.713371,0.5966709,0.627637,0.717836,0.678878,0.791358,0.594535,0.691728,0.689333,0.642895,0.672567,0.658702,0.580504,0.571111,0.670806,0.606308,0.662329,0.636567,0.602276
0.80146,0.6922323,0.590419,0.766471,0.712619,0.671886,0.770009,0.781396,0.711719,0.742753,0.802058,0.702141,0.678274,0.817169,0.734143,0.731742,0.631651,1.0,0.761222,0.695686,0.658654,0.827154,0.756996,0.821315,0.781517,0.767271,0.711658,0.730055,0.732739,0.700013,0.701342,0.571622,0.661699,0.67373,0.711897,0.6795789,0.652405,0.734775,0.788533,0.773457,0.661651,0.682697,0.724589,0.868627,0.713269,0.763812,0.678722,0.72529,0.849823,0.778316,0.624446,0.6097603,0.775701,0.649552,0.794568,0.574019,0.711277,0.685515,0.691311,0.768607,0.741114,0.712093,0.799516,0.847128,0.843181,0.685104,0.647171,0.789062,0.887199,0.802827,0.708079,0.762468,0.658308,0.801472,0.645546,0.725592,0.644656,0.629943,0.690422,0.785814,0.792529,0.649877,0.728499,0.743307,0.760442,0.656087,0.629615,0.841192,0.676652,0.72261,0.711416,0.830726,0.752686,0.789708,0.765427,0.698812,0.729528,0.759446,0.769138,0.840525
0.807724,0.679414,0.681795,0.76924,0.730739,0.676167,0.768865,0.810787,0.762307,0.885312,0.832631,0.824807,0.696083,0.848666,0.75881,0.69248,0.763308,0.761222,1.0,0.817544,0.854816,0.662138,0.700986,0.690133,0.763748,0.711709,0.684713,0.678587,0.716228,0.732121,0.734244,0.76893,0.701979,0.725666,0.69602,0.854864,0.784214,0.720236,0.677242,0.66241,0.679847,0.826309,0.804839,0.85789,0.766653,0.738753,0.660631,0.825178,0.736497,0.798192,0.724052,0.717332,0.82791,0.743181,0.701711,0.722309,0.811216,0.723995,0.888548,0.834411,0.826677,0.834172,0.820982,0.919103,0.867498,0.709428,0.737,0.887053,0.676363,0.837895,0.796019,0.669,0.745374,0.900695,0.674855,0.684822,0.675812,0.723056,0.739134,0.806147,0.726578,0.790248,0.796302,0.827536,0.684153,0.73564,0.814798,0.778592,0.829117,0.805291,0.795113,0.83468,0.879058,0.8006911,0.726544,0.780302,0.772574,0.837479,0.694045,0.748298
0.728953,0.714113,0.674511,0.667373,0.693273,0.739033,0.666587,0.71853,0.694953,0.702034,0.683539,0.614146,0.713778,0.6464501,0.657709,0.5797958,0.776288,0.695686,0.817544,1.0,0.796815,0.636402,0.740964,0.637564,0.615458,0.68784,0.70495,0.641464,0.678419,0.696797,0.614991,0.852705,0.650193,0.672306,0.731001,0.766974,0.740682,0.695231,0.612708,0.585249,0.625763,0.731987,0.735005,0.684788,0.779044,0.704377,0.686639,0.725493,0.721644,0.724293,0.787736,0.6541214,0.708126,0.633157,0.73175,0.705233,0.733551,0.71905,0.684701,0.699618,0.668051,0.763595,0.671902,0.751545,0.746702,0.71883,0.689258,0.770932,0.636431,0.834921,0.738846,0.694485,0.702267,0.680552,0.618664,0.598783,0.67541,0.68415,0.625818,0.788565,0.654174,0.737679,0.675553,0.716706,0.745911,0.792045,0.80964,0.717458,0.857756,0.801449,0.757147,0.755221,0.787744,0.670125,0.719403,0.635169,0.671383,0.68758,0.681576,0.702404
0.848652,0.68155,0.784869,0.752824,0.722179,0.753754,0.660472,0.747508,0.7349343,0.772012,0.742588,0.748387,0.7115661,0.726387,0.768527,0.683288,0.90505,0.658654,0.854816,0.796815,1.0,0.633922,0.82133,0.769999,0.71056,0.726628,0.715017,0.683106,0.799586,0.771804,0.723859,0.784003,0.744515,0.67015,0.681585,0.763345,0.858359,0.76148,0.698457,0.701839,0.730284,0.766845,0.741445,0.709154,0.817199,0.794928,0.749417,0.838848,0.762153,0.780083,0.742877,0.668333,0.759099,0.788484,0.653089,0.763481,0.756902,0.874458,0.739508,0.739316,0.773957,0.753482,0.730134,0.816061,0.844372,0.757842,0.774706,0.829094,0.645237,0.770719,0.875045,0.673528,0.869279,0.696224,0.723796,0.757369,0.789029,0.855843,0.669048,0.818826,0.750336,0.833137,0.74292,0.713882,0.801135,0.79093,0.877625,0.6645992,0.738868,0.820038,0.762862,0.770381,0.806056,0.692024,0.643072,0.685742,0.768819,0.808833,0.749061,0.749806
0.715362,0.5594203,0.632873,0.655769,0.693706,0.768582,0.724534,0.65957,0.715323,0.729862,0.698862,0.690533,0.626452,0.782905,0.690544,0.657719,0.586142,0.827154,0.662138,0.636402,0.633922,1.0,0.720189,0.70506,0.692726,0.664813,0.79193,0.64557,0.614104,0.648656,0.547334,0.64526,0.655554,0.824156,0.736888,0.737502,0.639926,0.636749,0.67726,0.765515,0.69006,0.817233,0.663596,0.670695,0.724876,0.675355,0.656039,0.701969,0.649516,0.650758,0.651295,0.713063,0.65869,0.648338,0.769585,0.614215,0.791202,0.65421,0.686772,0.696959,0.731327,0.731772,0.761577,0.782569,0.781098,0.667125,0.656363,0.730076,0.749566,0.6960823,0.681913,0.787956,0.604461,0.728573,0.653585,0.696315,0.62629,0.61279,0.620666,0.74324,0.7081294,0.640196,0.694043,0.762626,0.668763,0.663676,0.658359,0.693153,0.602885,0.70877,0.648107,0.771114,0.711413,0.696773,0.66726,0.593883,0.636777,0.73527,0.689459,0.6911271
0.883426,0.745226,0.752004,0.747,0.734572,0.786777,0.641515,0.691207,0.740346,0.6935318,0.800643,0.733037,0.798806,0.771622,0.810647,0.656559,0.710596,0.756996,0.700986,0.740964,0.82133,0.720189,1.0,0.862828,0.74944,0.882308,0.809845,0.7084964,0.877585,0.832546,0.762558,0.643787,0.706316,0.687838,0.740644,0.672267,0.792269,0.693262,0.646485,0.731913,0.715267,0.762659,0.745297,0.712701,0.742739,0.744791,0.762546,0.832109,0.837825,0.801961,0.779684,0.708812,0.746035,0.745859,0.682424,0.6813493,0.723806,0.758718,0.687188,0.749627,0.76806,0.722081,0.758587,0.772379,0.831991,0.843995,0.7216245,0.71577,0.712811,0.792392,0.93638,0.680164,0.883965,0.703838,0.786343,0.841995,0.826615,0.878871,0.718811,0.793071,0.744833,0.841736,0.774517,0.70186,0.72103,0.869699,0.794307,0.657804,0.671207,0.866914,0.681682,0.760857,0.732979,0.72556,0.638045,0.720187,0.775846,0.854517,0.803132,0.823441
0.880141,0.7147368,0.700957,0.861549,0.784832,0.781297,0.731501,0.809071,0.781678,0.746839,0.783243,0.793123,0.814082,0.733059,0.804387,0.690688,0.609032,0.821315,0.690133,0.637564,0.769999,0.70506,0.862828,1.0,0.761484,0.892832,0.755869,0.677322,0.916386,0.761932,0.810504,0.606813,0.710342,0.713492,0.731755,0.696436,0.719965,0.711367,0.692834,0.73462,0.729155,0.661499,0.800417,0.818455,0.725483,0.849257,0.802074,0.814803,0.892629,0.819653,0.776322,0.738615,0.849831,0.821467,0.811187,0.683101,0.728254,0.770589,0.751895,0.757859,0.782669,0.775662,0.753909,0.699738,0.707188,0.762554,0.7828176,0.697979,0.822708,0.737113,0.880433,0.6598957,0.895316,0.717885,0.806893,0.87002,0.817609,0.821902,0.79595,0.769593,0.750689,0.743302,0.762763,0.667454,0.779373,0.809841,0.742297,0.765499,0.649294,0.844843,0.717996,0.763239,0.691073,0.819624,0.791273,0.704552,0.86991,0.888235,0.891646,0.908102
0.80186,0.773561,0.749505,0.764391,0.739567,0.667806,0.748993,0.779145,0.805453,0.768157,0.7767314,0.768529,0.80127,0.828346,0.782752,0.790656,0.676159,0.781517,0.763748,0.615458,0.71056,0.692726,0.74944,0.761484,1.0,0.777895,0.685374,0.762947,0.775386,0.755456,0.856534,0.6743014,0.718903,0.80671,0.649326,0.758823,0.755611,0.730748,0.731572,0.697465,0.720148,0.649746,0.7513,0.820478,0.617979,0.704115,0.711312,0.795083,0.800886,0.729613,0.715682,0.697948,0.790968,0.743835,0.708377,0.702479,0.765016,0.729146,0.711514,0.769882,0.703358,0.821034,0.757667,0.812412,0.848013,0.775663,0.726574,0.719904,0.740569,0.722229,0.743197,0.785927,0.725439,0.717502,0.722177,0.780006,0.677681,0.736275,0.868872,0.704299,0.677958,0.700009,0.816754,0.793047,0.757887,0.701131,0.742942,0.760714,0.68582,0.738055,0.730643,0.662535,0.674074,0.770694,0.639715,0.879037,0.77412,0.856079,0.81287,0.754034
0.865022,0.788808,0.73437,0.843208,0.701845,0.754094,0.717914,0.800114,0.778622,0.770435,0.81702,0.772085,0.856533,0.777445,0.807604,0.676117,0.575964,0.767271,0.711709,0.68784,0.726628,0.664813,0.882308,0.892832,0.777895,1.0,0.827036,0.786686,0.870557,0.827344,0.854624,0.610884,0.736404,0.656971,0.727265,0.659616,0.742583,0.697877,0.673521,0.752524,0.789938,0.784638,0.79023,0.825669,0.739517,0.741696,0.762045,0.849029,0.923683,0.818931,0.877422,0.747255,0.825716,0.751243,0.722778,0.66255,0.709544,0.696778,0.783092,0.804937,0.785784,0.793973,0.799039,0.6828658,0.727326,0.834811,0.79341,0.673738,0.820042,0.739905,0.843211,0.721516,0.82983,0.776778,0.780496,0.872741,0.781667,0.794106,0.820401,0.814791,0.771972,0.779043,0.866299,0.679153,0.696882,0.856437,0.812372,0.6988586,0.698736,0.907996,0.763906,0.821294,0.789754,0.819413,0.762187,0.832839,0.838336,0.901033,0.849327,0.877361
0.783295,0.730321,0.816347,0.664421,0.62505,0.816909,0.818797,0.711241,0.792863,0.793098,0.802233,0.799565,0.765982,0.775458,0.836573,0.764664,0.611411,0.711658,0.684713,0.70495,0.715017,0.79193,0.809845,0.755869,0.685374,0.827036,1.0,0.733585,0.779275,0.784247,0.691471,0.655912,0.79588,0.738372,0.802869,0.727405,0.741869,0.741699,0.778645,0.742717,0.790547,0.786592,0.652749,0.710274,0.848541,0.684986,0.834007,0.795105,0.738129,0.776949,0.836733,0.839897,0.64355,0.671548,0.663886,0.658043,0.822784,0.676637,0.78709,0.775059,0.847547,0.743021,0.82322,0.78384,0.742526,0.816429,0.77853,0.782008,0.753618,0.648641,0.798036,0.70504,0.744921,0.801091,0.750919,0.804321,0.788615,0.815825,0.6363642,0.7717037,0.723697,0.724649,0.760164,0.727743,0.69667,0.83859,0.747952,0.696779,0.714623,0.844187,0.78669,0.7700456,0.73242,0.665046,0.682409,0.666757,0.762035,0.806764,0.750048,0.74711
0.760376,0.867111,0.762162,0.720356,0.762749,0.7606418,0.841666,0.776372,0.73794,0.726207,0.704169,0.753021,0.74066,0.751565,0.823782,0.899094,0.67219,0.730055,0.678587,0.641464,0.683106,0.64557,0.7084964,0.677322,0.762947,0.786686,0.733585,1.0,0.734716,0.805091,0.741398,0.660027,0.868279,0.695971,0.631146,0.629528,0.746524,0.835059,0.908887,0.825603,0.861196,0.69368,0.709943,0.73259,0.672837,0.678747,0.7359,0.755404,0.767495,0.798074,0.849624,0.735196,0.768844,0.721622,0.732198,0.7374649,0.789247,0.719487,0.703478,0.629728,0.653605,0.690708,0.725162,0.748438,0.798365,0.747915,0.879097,0.715771,0.741295,0.737695,0.678705,0.686666,0.661912,0.718305,0.682564,0.776234,0.6701259,0.735473,0.646848,0.825031,0.750615,0.64956,0.771206,0.638944,0.704612,0.70088,0.756606,0.798026,0.606558,0.736108,0.722997,0.641648,0.73212,0.672526,0.734252,0.71845,0.742811,0.761726,0.735165,0.776058
0.896037,0.732373,0.758988,0.76234,0.709345,0.783483,0.708884,0.717575,0.755799,0.720015,0.738594,0.787043,0.740256,0.701485,0.854136,0.765327,0.658892,0.732739,0.716228,0.678419,0.799586,0.614104,0.877585,0.916386,0.775386,0.870557,0.779275,0.734716,1.0,0.817529,0.790494,0.6290835,0.804871,0.6953464,0.723898,0.696131,0.790802,0.7485334,0.726645,0.757945,0.763321,0.6827141,0.894347,0.795809,0.6617977,0.886799,0.829383,0.83336,0.861645,0.836907,0.780695,0.7862809,0.887265,0.733515,0.805424,0.769728,0.773136,0.7418567,0.777114,0.729226,0.782376,0.750592,0.686845,0.702916,0.744511,0.800434,0.835196,0.720711,0.782372,0.785118,0.913641,0.699391,0.910863,0.725124,0.880627,0.891077,0.886878,0.925975,0.778305,0.784471,0.743206,0.776865,0.784381,0.658766,0.732274,0.826712,0.767899,0.767983,0.66612,0.859609,0.829045,0.779205,0.712462,0.805928,0.754876,0.74728,0.92437,0.883343,0.86207,0.907206
0.886109,0.70979,0.906644,0.711164,0.701377,0.663408,0.669412,0.70038,0.742924,0.793252,0.756573,0.836641,0.714189,0.782011,0.871108,0.79585,0.719937,0.700013,0.732121,0.696797,0.771804,0.648656,0.832546,0.761932,0.755456,0.827344,0.784247,0.805091,0.817529,1.0,0.725201,0.722369,0.843875,0.703951,0.61848,0.686048,0.813795,0.861564,0.757948,0.740491,0.763438,0.676858,0.732902,0.776562,0.702149,0.76863,0.803124,0.843313,0.783731,0.82726,0.747006,0.703623,0.805391,0.783757,0.765709,0.747706,0.759007,0.779626,0.730498,0.723555,0.697924,0.674165,0.742412,0.756592,0.802737,0.796034,0.739395,0.631275,0.739397,0.725548,0.835443,0.685141,0.752593,0.747688,0.773836,0.886107,0.794087,0.902022,0.66646,0.733162,0.638872,0.80596,0.785372,0.696438,0.6621267,0.75801,0.786245,0.733442,0.629012,0.836313,0.672225,0.703317,0.709904,0.768053,0.742711,0.687209,0.811058,0.877483,0.773976,0.82704
0.747484,0.819561,0.672178,0.857805,0.679413,0.736605,0.702106,0.797962,0.736928,0.735106,0.857755,0.7101709,0.813251,0.841293,0.760406,0.720786,0.594064,0.701342,0.734244,0.614991,0.723859,0.547334,0.762558,0.810504,0.856534,0.854624,0.691471,0.741398,0.790494,0.725201,1.0,0.5940595,0.677977,0.623681,0.5950855,0.6251724,0.74229,0.655551,0.726901,0.7264,0.67663,0.7537078,0.78681,0.789032,0.702808,0.711929,0.621223,0.76442,0.804477,0.704325,0.750177,0.616278,0.814289,0.801033,0.655367,0.655434,0.626038,0.683642,0.718528,0.81205,0.7263569,0.785131,0.810458,0.725345,0.795382,0.758046,0.723868,0.663788,0.747731,0.68365,0.716654,0.63344,0.784233,0.727303,0.694845,0.684192,0.640974,0.687981,0.910383,0.844684,0.828557,0.756368,0.903549,0.691418,0.717752,0.758445,0.827647,0.798527,0.670004,0.814795,0.757539,0.75507,0.859423,0.747358,0.7499,0.90936,0.815959,0.840803,0.797148,0.730754
0.700745,0.575174,0.779398,0.631216,0.688931,0.66164,0.5765281,0.6115502,0.681709,0.746034,0.720035,0.70051,0.660445,0.727698,0.709779,0.650352,0.762738,0.571622,0.76893,0.852705,0.784003,0.64526,0.643787,0.606813,0.6743014,0.610884,0.655912,0.660027,0.6290835,0.722369,0.5940595,1.0,0.715122,0.733284,0.667138,0.826369,0.784456,0.750888,0.668278,0.569161,0.627647,0.597593,0.671176,0.640878,0.751043,0.690943,0.662879,0.729866,0.584522,0.714586,0.617091,0.643956,0.637345,0.726283,0.655276,0.666801,0.781342,0.688958,0.681961,0.770195,0.660473,0.717181,0.685273,0.752857,0.742126,0.753677,0.668372,0.666378,0.551965,0.723476,0.7297705,0.641918,0.7141676,0.665217,0.607842,0.622803,0.61324873,0.716021,0.62314,0.705772,0.662607,0.800986,0.663394,0.78549,0.5951155,0.752004,0.81285,0.706176,0.813966,0.778439,0.728764,0.663593,0.790078,0.662412,0.621836,0.664512,0.6868097,0.731457,0.669462,0.672986
0.804662,0.661786,0.853671,0.652099,0.663464,0.70767,0.800589,0.688764,0.731066,0.729325,0.645877,0.75724,0.681125,0.673803,0.792792,0.889358,0.689035,0.661699,0.701979,0.650193,0.744515,0.655554,0.706316,0.710342,0.718903,0.736404,0.79588,0.868279,0.804871,0.843875,0.677977,0.715122,1.0,0.705281,0.670015,0.726668,0.734747,0.944479,0.855887,0.848283,0.861539,0.650099,0.763198,0.722583,0.714111,0.788758,0.90275,0.755603,0.760068,0.88881,0.785749,0.840148,0.736158,0.742313,0.822577,0.767147,0.865796,0.7188772,0.740235,0.669355,0.68283,0.703593,0.645112,0.71252,0.695499,0.729717,0.856698,0.712923,0.694023,0.690717,0.75611,0.713646,0.698016,0.676996,0.809675,0.861922,0.850105,0.877798,0.642533,0.774808,0.750757,0.720185,0.724193,0.671355,0.7121117,0.719729,0.695411,0.781036,0.639923,0.739931,0.835393,0.665547,0.708387,0.6873445,0.7662117,0.610903,0.785394,0.768618,0.712253,0.846495
0.706709,0.677835,0.762863,0.602783,0.754752,0.769934,0.715345,0.670162,0.8343,0.72887,0.712648,0.738805,0.781111,0.750503,0.776306,0.748501,0.657178,0.67373,0.725666,0.672306,0.67015,0.824156,0.687838,0.713492,0.80671,0.656971,0.738372,0.695971,0.6953464,0.703951,0.623681,0.733284,0.705281,1.0,0.87809,0.866406,0.714906,0.6852291,0.628168,0.6783,0.80382,0.681981,0.697089,0.628264,0.743804,0.669343,0.758179,0.749902,0.699154,0.691969,0.684996,0.853968,0.710225,0.7407803,0.794116,0.793355,0.829565,0.705446,0.746153,0.74081,0.729922,0.794648,0.697087,0.778603,0.748842,0.784486,0.747478,0.69273,0.663892,0.777049,0.767707,0.810832,0.721188,0.771273,0.792648,0.777007,0.6889431,0.708301,0.678516,0.6937008,0.67945,0.769952,0.687868,0.839128,0.703812,0.789296,0.689164,0.671559,0.773874,0.743335,0.690343,0.725956,0.654384,0.632358,0.6432379,0.651132,0.695694,0.791717,0.792405,0.675218
0.69078,0.685855,0.650847,0.660023,0.715045,0.815408,0.762243,0.741894,0.717566,0.708641,0.740406,0.714301,0.781365,0.685917,0.745269,0.6960226,0.606252,0.711897,0.69602,0.731001,0.681585,0.736888,0.740644,0.731755,0.649326,0.727265,0.802869,0.631146,0.723898,0.61848,0.5950855,0.667138,0.670015,0.87809,1.0,0.786064,0.668326,0.68211,0.65935,0.712558,0.810556,0.666085,0.716848,0.644123,0.7846387,0.695908,0.827159,0.718515,0.746221,0.741324,0.715889,0.893521,0.631237,0.698739,0.733962,0.730739,0.725955,0.630347,0.7626103,0.77047,0.823382,0.778622,0.723301,0.737515,0.648278,0.803645,0.748957,0.789147,0.671015,0.750385,0.816359,0.807723,0.763859,0.779779,0.827102,0.75022,0.797576,0.719734,0.685359,0.721853,0.741015,0.777141,0.67103,0.716953,0.655356,0.872736,0.689111,0.615427,0.764873,0.727703,0.753566,0.814852,0.653251,0.618777,0.6895515,0.653118,0.680646,0.719417,0.741499,0.678078
0.756759,0.667665,0.764761,0.688873,0.756698,0.768098,0.68181,0.750142,0.790161,0.878605,0.820673,0.835476,0.782853,0.835593,0.762243,0.711256,0.654544,0.6795789,0.854864,0.766974,0.763345,0.737502,0.672267,0.696436,0.758823,0.659616,0.727405,0.629528,0.696131,0.686048,0.6251724,0.826369,0.726668,0.866406,0.786064,1.0,0.812743,0.741041,0.686892,0.637201,0.688802,0.6523281,0.800361,0.762573,0.82601,0.744993,0.771382,0.820374,0.691234,0.750307,0.666217,0.80857,0.750347,0.735658,0.806752,0.719378,0.839713,0.686631,0.834588,0.867275,0.825874,0.865707,0.807755,0.851182,0.778369,0.801401,0.688366,0.74548,0.664539,0.764744,0.800684,0.763752,0.760077,0.827529,0.733959,0.747535,0.731228,0.729453,0.724615,0.785649,0.7067859,0.807309,0.768538,0.917297,0.720747,0.779554,0.764226,0.817622,0.88572,0.772525,0.851002,0.77256,0.839775,0.783327,0.717168,0.733593,0.767911,0.807603,0.697488,0.728629
0.877447,0.711446,0.848794,0.773792,0.809283,0.824366,0.676065,0.784287,0.81146,0.868305,0.793984,0.839484,0.794407,0.830014,0.842322,0.7881,0.761343,0.652405,0.784214,0.740682,0.858359,0.639926,0.792269,0.719965,0.755611,0.742583,0.741869,0.746524,0.790802,0.813795,0.74229,0.784456,0.734747,0.714906,0.668326,0.812743,1.0,0.76039,0.759228,0.691119,0.761723,0.723019,0.831423,0.759968,0.813332,0.820985,0.74342,0.948757,0.760047,0.795511,0.718847,0.748726,0.795892,0.780525,0.6877658,0.855331,0.808996,0.874914,0.805437,0.810837,0.808693,0.78341,0.834183,0.834708,0.828152,0.862991,0.706231,0.720951,0.654422,0.753634,0.865515,0.72222,0.829791,0.766102,0.74873,0.787016,0.760873,0.823048,0.6741585,0.804476,0.722033,0.812598,0.873838,0.762793,0.716247,0.749512,0.814204,0.73874,0.719587,0.794587,0.819336,0.696381,0.802521,0.779666,0.624897,0.763253,0.834588,0.831361,0.707594,0.756592
0.808949,0.646064,0.846427,0.651103,0.682133,0.70609,0.781468,0.700043,0.699626,0.757271,0.675723,0.777997,0.652763,0.709202,0.795988,0.896681,0.747754,0.734775,0.720236,0.695231,0.76148,0.636749,0.693262,0.711367,0.730748,0.697877,0.741699,0.835059,0.7485334,0.861564,0.655551,0.750888,0.944479,0.6852291,0.68211,0.741041,0.76039,1.0,0.892736,0.876402,0.81111,0.592182,0.790612,0.783169,0.722322,0.8335,0.917889,0.759704,0.760497,0.886292,0.673692,0.793639,0.750397,0.700133,0.843328,0.735113,0.833748,0.73815,0.717125,0.673373,0.675212,0.690095,0.67212,0.745333,0.736376,0.737407,0.783119,0.75359,0.736932,0.700234,0.759046,0.761044,0.694811,0.695062,0.782524,0.858451,0.838014,0.851102,0.650384,0.745435,0.770887,0.727917,0.680574,0.694574,0.752059,0.711953,0.715029,0.833708,0.6411522,0.702421,0.791478,0.625757,0.720067,0.751114,0.791968,0.607363,0.774236,0.754588,0.674924,0.841276
0.724429,0.739958,0.775591,0.6722657,0.726463,0.780463,0.852574,0.729501,0.628288,0.764354,0.71423,0.808214,0.612232,0.754723,0.85771,0.951195,0.691203,0.788533,0.677242,0.612708,0.698457,0.67726,0.646485,0.692834,0.731572,0.673521,0.778645,0.908887,0.726645,0.757948,0.726901,0.668278,0.855887,0.628168,0.65935,0.686892,0.759228,0.892736,1.0,0.838,0.790129,0.653373,0.74099,0.747543,0.748206,0.754344,0.793542,0.722698,0.676666,0.781165,0.674679,0.732574,0.725863,0.697968,0.75917,0.670403,0.791299,0.650675,0.735395,0.652314,0.757596,0.672589,0.758054,0.784063,0.789043,0.744998,0.817154,0.818803,0.7688178,0.667014,0.69571,0.675274,0.669833,0.716102,0.712995,0.732114,0.722475,0.746775,0.629405,0.77553,0.788551,0.623908,0.712636,0.663436,0.697086,0.680843,0.6971476,0.852092,0.586695,0.69723,0.781346,0.6373071,0.7230716,0.695108,0.7444277,0.699107,0.753881,0.713423,0.670624,0.741523
0.771659,0.581601,0.722546,0.686962,0.646266,0.762519,0.793573,0.694622,0.628733,0.6597485,0.66726,0.690673,0.636341,0.745887,0.750303,0.855696,0.655933,0.773457,0.66241,0.585249,0.701839,0.765515,0.731913,0.73462,0.697465,0.752524,0.742717,0.825603,0.757945,0.740491,0.7264,0.569161,0.848283,0.6783,0.712558,0.637201,0.691119,0.876402,0.838,1.0,0.867519,0.694615,0.780208,0.751107,0.6753013,0.760311,0.832124,0.7378376,0.786238,0.836562,0.647026,0.793779,0.744007,0.66719,0.818253,0.655573,0.724369,0.654551,0.693827,0.677071,0.69525,0.687757,0.698983,0.6998161,0.759474,0.733552,0.772442,0.755089,0.762385,0.74801,0.722189,0.780959,0.706411,0.685812,0.780921,0.788275,0.784874,0.75748,0.680479,0.820004,0.882366,0.693873,0.75629,0.654431,0.6915866,0.6909369,0.66865,0.753326,0.570181,0.730634,0.770062,0.763015,0.755114,0.717409,0.776907,0.634009,0.758051,0.753718,0.679248,0.799613
0.809992,0.712749,0.787871,0.73109,0.701424,0.850992,0.848384,0.811781,0.773645,0.743061,0.6706852,0.740399,0.801808,0.680131,0.786704,0.860175,0.68012,0.661651,0.679847,0.625763,0.730284,0.69006,0.715267,0.729155,0.720148,0.789938,0.790547,0.861196,0.763321,0.763438,0.67663,0.627647,0.861539,0.80382,0.810556,0.688802,0.761723,0.81111,0.790129,0.867519,1.0,0.668931,0.776489,0.73297,0.71916,0.760592,0.808937,0.815647,0.799544,0.85971,0.7909,0.889123,0.713656,0.728048,0.764303,0.838237,0.781235,0.771487,0.806462,0.68522,0.74984,0.786445,0.709374,0.719511,0.695018,0.755389,0.842409,0.741065,0.694038,0.682466,0.755761,0.79369,0.743875,0.733074,0.831594,0.851972,0.797039,0.792393,0.6320345,0.809602,0.783059,0.6329477,0.786255,0.5484648,0.66479,0.72894,0.661998,0.629397,0.641342,0.742067,0.751937,0.7044543,0.659456,0.701171,0.751209,0.631612,0.78667,0.762583,0.734562,0.789149
0.774759,0.6608113,0.631097,0.79376,0.745645,0.734787,0.727273,0.737276,0.7310745,0.740617,0.692269,0.671835,0.682598,0.759421,0.661733,0.640194,0.711167,0.682697,0.826309,0.731987,0.766845,0.817233,0.762659,0.661499,0.649746,0.784638,0.786592,0.69368,0.6827141,0.676858,0.7537078,0.597593,0.650099,0.681981,0.666085,0.6523281,0.723019,0.592182,0.653373,0.694615,0.668931,1.0,0.756175,0.747817,0.717875,0.693463,0.5250505,0.780277,0.695053,0.723505,0.789773,0.685228,0.754898,0.755784,0.615226,0.675295,0.7632,0.711527,0.748465,0.7237369,0.73206,0.7276379,0.791288,0.729032,0.78489,0.666883,0.722923,0.804221,0.670843,0.758992,0.697617,0.655793,0.6572024,0.73803,0.5818217,0.630078,0.5696467,0.650258,0.772035,0.773814,0.759472,0.705614,0.811832,0.7197647,0.6473378,0.753019,0.789655,0.605221,0.679677,0.7747196,0.70823,0.851063,0.821849,0.760647,0.694786,0.713788,0.734022,0.789662,0.741418,0.723925
0.86219,0.674439,0.774633,0.782152,0.77696,0.822499,0.724348,0.80027,0.795102,0.783852,0.711142,0.772479,0.732396,0.743789,0.790259,0.764167,0.65657,0.724589,0.804839,0.735005,0.741445,0.663596,0.745297,0.800417,0.7513,0.79023,0.652749,0.709943,0.894347,0.732902,0.78681,0.671176,0.763198,0.697089,0.716848,0.800361,0.831423,0.790612,0.74099,0.780208,0.776489,0.756175,1.0,0.8327921,0.653558,0.948732,0.749532,0.897569,0.800618,0.842868,0.721475,0.785999,0.896247,0.696494,0.850629,0.842694,0.767305,0.828073,0.835385,0.719361,0.747237,0.801115,0.721152,0.737159,0.728444,0.724545,0.767643,0.748907,0.782042,0.847871,0.800026,0.787321,0.78374,0.766447,0.802005,0.8305,0.7732533,0.787821,0.763845,0.784266,0.749876,0.636392,0.858761,0.735027,0.749792,0.6614804,0.674502,0.827102,0.724878,0.776278,0.891352,0.743845,0.784171,0.9384,0.831558,0.812849,0.941264,0.7867842,0.740559,0.847265
0.908502,0.721929,0.729988,0.880413,0.720538,0.644774,0.843754,0.89546,0.751962,0.845774,0.799991,0.823608,0.766972,0.835981,0.776234,0.751575,0.614138,0.868627,0.85789,0.684788,0.709154,0.670695,0.712701,0.818455,0.820478,0.825669,0.710274,0.73259,0.795809,0.776562,0.789032,0.640878,0.722583,0.628264,0.644123,0.762573,0.759968,0.783169,0.747543,0.751107,0.73297,0.747817,0.8327921,1.0,0.664791,0.856773,0.699343,0.875563,0.890631,0.875929,0.708274,0.709359,0.907561,0.708606,0.755976,0.678214,0.784424,0.741249,0.822308,0.786745,0.779302,0.831491,0.829335,0.811644,0.809586,0.660432,0.67335,0.839691,0.829298,0.767665,0.744649,0.710431,0.73364,0.825511,0.646607,0.768708,0.6473816,0.716874,0.747515,0.774373,0.767281,0.668579,0.849404,0.79905,0.72834,0.631782,0.688792,0.854049,0.749619,0.797357,0.796703,0.811997,0.831904,0.925343,0.839815,0.801387,0.892897,0.865284,0.758957,0.895184
