1,0.827353,0.872103,0.871557,0.775909,0.771435,0.857318,0.855249,0.894925,0.927885,0.924833,0.879802,0.878547,0.88525,0.907575,0.831756,0.891487,0.873937,0.877784,0.871731,0.912683,0.873209,0.813481,0.89509,0.965122,0.899523,0.840511,0.834631,0.820725,0.901924,0.864425,0.920594,0.852499,0.880514,0.845093,0.773159,0.959049,0.820564,0.880428,0.86549,0.864991,0.917996,0.869182,0.81899,0.862224,0.901253,0.969672,0.831573,0.861039,0.987931,0.913383,0.864835,0.87956,0.894906,0.805395,0.835424,0.881173,0.834411,0.899421,0.868237,0.907093,0.921348,0.904978,0.943157,0.986607,0.908164,0.945225,0.894313,0.912133,0.856408,0.912515,0.889615,0.912172,0.854565,0.889365,0.901548,0.928068,0.929384,0.883732,0.926302,0.873446,0.885719,0.947799,0.909414,0.952677,0.912159,0.866525,0.850272,0.826512,0.880845,0.8824,0.875058,0.904447,0.879525,0.941804,0.97889,0.807896,0.881148,0.850515,0.897626
0.827353,1,0.961594,0.975805,0.872404,0.897163,0.986621,0.981803,0.929088,0.924962,0.876105,0.945354,0.968791,0.879003,0.894132,0.997899,0.949289,0.977432,0.95569,0.775206,0.864416,0.939915,0.917893,0.935454,0.832866,0.919914,0.858675,0.904334,0.8718,0.866444,0.972553,0.885091,0.98364,0.948801,0.892842,0.96133,0.902056,0.980486,0.957947,0.976919,0.970119,0.891738,0.958467,0.814513,0.950114,0.774998,0.835841,0.882825,0.968452,0.826304,0.909313,0.971773,0.967369,0.941371,0.85577,0.977837,0.944241,0.93905,0.925741,0.965264,0.908047,0.87455,0.887917,0.794423,0.829879,0.900434,0.855834,0.93858,0.901167,0.948765,0.896729,0.947071,0.892867,0.952922,0.93415,0.92367,0.878443,0.855143,0.957016,0.893923,0.972181,0.928926,0.913261,0.815401,0.878062,0.782063,0.862435,0.819731,0.961529,0.950781,0.953372,0.974597,0.921373,0.872568,0.817855,0.795911,0.858069,0.925302,0.986252,0.883412
0.872103,0.961594,1,0.933111,0.81653,0.88315,0.978379,0.992995,0.922578,0.927422,0.950645,0.976333,0.926092,0.940696,0.963087,0.957701,0.91419,0.932134,0.999258,0.83058,0.941544,0.993258,0.950915,0.988161,0.891094,0.977973,0.853288,0.880221,0.92741,0.939512,0.979571,0.957305,0.990103,0.987539,0.881752,0.929032,0.921877,0.951247,0.990331,0.979819,0.985056,0.891477,0.9967,0.8824,0.929133,0.809563,0.883789,0.944275,0.939844,0.886661,0.977495,0.934854,0.929672,0.913549,0.820297,0.943141,0.974622,0.968241,0.988852,0.986178,0.976323,0.950857,0.957912,0.875109,0.89348,0.968018,0.916562,0.989037,0.970461,0.989329,0.967443,0.989406,0.962974,0.992545,0.988158,0.985849,0.950147,0.933051,0.994357,0.958474,0.930726,0.89435,0.921906,0.846669,0.905465,0.816841,0.929914,0.893916,0.931068,0.99645,0.99739,0.932764,0.985928,0.934165,0.897018,0.862046,0.828617,0.892059,0.966934,0.955083
0.871557,0.975805,0.933111,1,0.88234,0.894417,0.963242,0.95024,0.96437,0.960683,0.885061,0.919575,0.992367,0.876084,0.894275,0.983043,0.981412,0.995379,0.931609,0.783683,0.87527,0.922396,0.896296,0.918895,0.866057,0.907121,0.90456,0.907826,0.857656,0.870956,0.939851,0.89453,0.951928,0.919264,0.926193,0.931914,0.948752,0.971559,0.930077,0.951509,0.936916,0.950503,0.928378,0.814008,0.955551,0.832019,0.85207,0.876223,0.978587,0.858501,0.910406,0.991009,0.997774,0.984426,0.890245,0.982485,0.924567,0.903353,0.919052,0.9393,0.907352,0.889616,0.889209,0.820647,0.860361,0.899014,0.870456,0.922995,0.902194,0.925336,0.899621,0.925207,0.894521,0.927208,0.919196,0.914948,0.891404,0.870095,0.932486,0.893349,0.994967,0.963264,0.951577,0.860635,0.91425,0.830159,0.860197,0.825847,0.968778,0.930993,0.931908,0.996915,0.91635,0.863526,0.839777,0.830758,0.898801,0.9599,0.975393,0.88626
0.775909,0.872404,0.81653,0.88234,1,0.870315,0.859229,0.835367,0.840792,0.841652,0.800867,0.826093,0.883046,0.821454,0.808991,0.872071,0.883363,0.88633,0.819273,0.764235,0.808944,0.802679,0.792191,0.819861,0.766302,0.812239,0.844747,0.836044,0.786255,0.790084,0.841795,0.792281,0.844518,0.817217,0.841533,0.871203,0.839761,0.853548,0.827991,0.851452,0.833384,0.890966,0.817411,0.771381,0.881341,0.769269,0.762717,0.767157,0.898328,0.769552,0.802326,0.894824,0.889795,0.902511,0.851524,0.869928,0.844079,0.831347,0.808825,0.84288,0.813892,0.808573,0.80706,0.777155,0.762507,0.807705,0.744958,0.823463,0.808095,0.807582,0.810382,0.820954,0.798489,0.803393,0.821115,0.808612,0.774484,0.786987,0.825557,0.789623,0.877091,0.885438,0.839219,0.763749,0.786834,0.773154,0.776078,0.750874,0.885838,0.823572,0.823797,0.890196,0.807324,0.774841,0.777866,0.751918,0.845865,0.872932,0.871361,0.783875
0.771435,0.897163,0.88315,0.894417,0.870315,1,0.918017,0.904697,0.825519,0.827475,0.839683,0.89031,0.867322,0.882209,0.863831,0.902891,0.882911,0.893398,0.887251,0.751275,0.849458,0.864025,0.874165,0.882082,0.796724,0.864471,0.821192,0.874018,0.833465,0.844446,0.897959,0.834219,0.907973,0.872584,0.802886,0.865081,0.843263,0.911622,0.89321,0.913539,0.894585,0.874034,0.876513,0.820137,0.923578,0.773683,0.76199,0.835742,0.936579,0.790839,0.854393,0.924865,0.904749,0.906604,0.871315,0.913814,0.911483,0.83976,0.867588,0.903252,0.865161,0.847995,0.863277,0.774679,0.787678,0.86267,0.781439,0.891566,0.862984,0.881184,0.862511,0.888423,0.84519,0.879868,0.880474,0.863789,0.8201,0.825398,0.896371,0.821706,0.893498,0.881077,0.826737,0.771308,0.802497,0.761655,0.830963,0.810748,0.929635,0.896129,0.894232,0.905102,0.863334,0.829343,0.806722,0.772902,0.863261,0.879881,0.926242,0.84752
0.857318,0.986621,0.978379,0.963242,0.859229,0.918017,1,0.99264,0.905102,0.913065,0.917779,0.980378,0.949876,0.936062,0.942377,0.985768,0.952606,0.968336,0.977302,0.769149,0.917241,0.954996,0.928564,0.970718,0.852983,0.957484,0.8382,0.935079,0.884245,0.919571,0.992734,0.911307,0.995388,0.974582,0.85861,0.937691,0.91083,0.973827,0.986149,0.998026,0.990011,0.907025,0.974563,0.852285,0.976218,0.799882,0.855124,0.894637,0.982373,0.860734,0.939983,0.975493,0.963469,0.949424,0.84329,0.972683,0.983378,0.943402,0.954042,0.988304,0.947603,0.909258,0.938115,0.846025,0.862523,0.945938,0.86512,0.974987,0.94392,0.962891,0.941027,0.980222,0.93474,0.964652,0.966813,0.95564,0.905454,0.902785,0.985357,0.919477,0.967186,0.940496,0.91445,0.813069,0.875778,0.807697,0.904516,0.860489,0.964341,0.977353,0.979681,0.971145,0.951841,0.921274,0.870062,0.840261,0.85572,0.940172,0.994394,0.930554
0.855249,0.981803,0.992995,0.95024,0.835367,0.904697,0.99264,1,0.917995,0.919131,0.925172,0.974112,0.935693,0.930703,0.94404,0.979728,0.925937,0.949509,0.991124,0.808264,0.919098,0.978441,0.955385,0.975428,0.869703,0.959982,0.854696,0.89922,0.917282,0.918139,0.984909,0.933024,0.998352,0.977885,0.882041,0.949992,0.912307,0.975305,0.986775,0.9899,0.988658,0.893272,0.989773,0.868526,0.950513,0.801945,0.856519,0.931524,0.963336,0.861988,0.954115,0.95771,0.946957,0.92651,0.83292,0.968602,0.975681,0.966373,0.969897,0.991862,0.957787,0.927046,0.939302,0.846973,0.867901,0.948717,0.890741,0.979793,0.949315,0.984089,0.946163,0.982368,0.940484,0.987828,0.977791,0.967509,0.924265,0.906563,0.989682,0.929909,0.949948,0.905672,0.911716,0.839549,0.894525,0.805695,0.913213,0.876448,0.956441,0.989247,0.990177,0.951509,0.965798,0.916809,0.86801,0.836033,0.845034,0.906213,0.987533,0.935789
0.894925,0.929088,0.922578,0.96437,0.840792,0.825519,0.905102,0.917995,1,0.990129,0.877215,0.874376,0.968662,0.839064,0.87074,0.934863,0.93318,0.952152,0.919513,0.862036,0.854278,0.929382,0.896115,0.896359,0.904603,0.885741,0.946168,0.824173,0.887673,0.848311,0.887235,0.905991,0.911367,0.895518,0.979026,0.910351,0.971183,0.9272,0.895752,0.893788,0.895894,0.933999,0.920205,0.832059,0.87522,0.880078,0.878189,0.902873,0.908081,0.878404,0.90775,0.932232,0.955292,0.939054,0.882163,0.933596,0.873133,0.905146,0.915804,0.901978,0.894787,0.892265,0.865521,0.817989,0.881589,0.876842,0.911414,0.896979,0.88492,0.92193,0.881175,0.894672,0.88014,0.927086,0.904241,0.906489,0.898703,0.857846,0.903373,0.89444,0.946951,0.903959,0.969815,0.928467,0.967741,0.873227,0.859615,0.84578,0.912936,0.91382,0.913149,0.947109,0.911103,0.835676,0.828792,0.843963,0.892387,0.898037,0.915829,0.869599
0.927885,0.924962,0.927422,0.960683,0.841652,0.827475,0.913065,0.919131,0.990129,1,0.891925,0.894606,0.970763,0.857376,0.891251,0.929729,0.943797,0.953126,0.926037,0.834728,0.87511,0.930031,0.877015,0.913394,0.921202,0.90791,0.922679,0.839772,0.86333,0.868854,0.905197,0.906786,0.917208,0.912112,0.950038,0.890062,0.989492,0.913684,0.911701,0.906675,0.906099,0.937315,0.921501,0.81647,0.884578,0.874417,0.912473,0.883147,0.911477,0.908649,0.920383,0.932204,0.954723,0.945684,0.867128,0.921142,0.893464,0.89417,0.924972,0.904626,0.906163,0.897806,0.884541,0.835371,0.907377,0.897296,0.916227,0.911828,0.904064,0.920884,0.900535,0.911243,0.896844,0.921395,0.910167,0.917256,0.905915,0.875069,0.91746,0.91344,0.945563,0.92397,0.987675,0.917417,0.97502,0.881541,0.862917,0.828142,0.906834,0.922289,0.922787,0.949682,0.922328,0.856633,0.85181,0.875097,0.866142,0.912183,0.914887,0.886932
0.924833,0.876105,0.950645,0.885061,0.800867,0.839683,0.917779,0.925172,0.877215,0.891925,1,0.956618,0.885707,0.96408,0.988305,0.874257,0.906333,0.893558,0.957167,0.874753,0.98585,0.953927,0.889301,0.97711,0.92915,0.982754,0.826882,0.879393,0.907215,0.984338,0.932076,0.983154,0.92072,0.962492,0.83446,0.821935,0.91288,0.865413,0.957497,0.930991,0.942067,0.913237,0.95397,0.90684,0.909321,0.850508,0.939972,0.913825,0.898594,0.958666,0.989013,0.890539,0.893331,0.905937,0.821436,0.86964,0.953239,0.90705,0.981314,0.944067,0.990829,0.98459,0.987803,0.970593,0.962402,0.988666,0.939447,0.972528,0.99222,0.928215,0.991907,0.966049,0.995002,0.93145,0.976101,0.987112,0.976331,0.99598,0.958092,0.98599,0.890775,0.899058,0.915249,0.84252,0.885326,0.858308,0.949192,0.93746,0.863866,0.957604,0.959499,0.893703,0.985971,0.965835,0.98405,0.955931,0.828686,0.899027,0.901297,0.977179
0.879802,0.945354,0.976333,0.919575,0.826093,0.89031,0.980378,0.974112,0.874376,0.894606,0.956618,1,0.917135,0.976438,0.980713,0.939195,0.937845,0.93412,0.977807,0.786184,0.958715,0.952935,0.911857,0.991949,0.853754,0.989023,0.816964,0.947375,0.899008,0.970493,0.993261,0.926555,0.975576,0.993858,0.82067,0.878216,0.904939,0.920973,0.996587,0.990477,0.992961,0.905055,0.976748,0.90399,0.966537,0.840624,0.885973,0.892386,0.950219,0.891485,0.960484,0.93467,0.924159,0.925287,0.856914,0.919694,0.995102,0.930081,0.968289,0.984194,0.974882,0.927669,0.979191,0.896918,0.89089,0.98208,0.866213,0.991217,0.976954,0.947745,0.974884,0.995783,0.974167,0.950378,0.983001,0.978783,0.922485,0.950059,0.991253,0.947538,0.931354,0.933519,0.917462,0.815651,0.859196,0.842288,0.943007,0.91826,0.911965,0.977637,0.982168,0.934437,0.970766,0.975871,0.924902,0.888214,0.851074,0.936016,0.960089,0.962222
0.878547,0.968791,0.926092,0.992367,0.883046,0.867322,0.949876,0.935693,0.968662,0.970763,0.885707,0.917135,1,0.864311,0.890974,0.970964,0.985144,0.994365,0.92266,0.771426,0.868328,0.913551,0.861449,0.916301,0.858638,0.911149,0.884697,0.903588,0.831638,0.870481,0.93699,0.886955,0.937676,0.924157,0.920638,0.908112,0.952719,0.9437,0.926183,0.940818,0.933756,0.946341,0.92473,0.79433,0.939773,0.826333,0.8741,0.849187,0.957195,0.865356,0.907417,0.972352,0.986632,0.975381,0.894919,0.956045,0.912953,0.893831,0.913519,0.925443,0.901598,0.87798,0.885292,0.818523,0.864652,0.896895,0.866869,0.914771,0.899746,0.906369,0.89616,0.920219,0.8964,0.910167,0.91179,0.913676,0.885738,0.870441,0.924135,0.902605,0.98739,0.968632,0.969278,0.842994,0.913694,0.832704,0.847557,0.814006,0.938266,0.917857,0.92124,0.989176,0.912827,0.870693,0.84278,0.83913,0.876584,0.960916,0.953976,0.877395
0.88525,0.879003,0.940696,0.876084,0.821454,0.882209,0.936062,0.930703,0.839064,0.857376,0.96408,0.976438,0.864311,1,0.989374,0.879815,0.907643,0.886278,0.948374,0.839653,0.98486,0.928417,0.922514,0.974887,0.858125,0.975071,0.853332,0.938184,0.930074,0.990013,0.950509,0.925048,0.930076,0.959593,0.818146,0.850684,0.887953,0.884985,0.965573,0.952045,0.950202,0.909717,0.937772,0.938307,0.950507,0.876307,0.874597,0.91751,0.925123,0.900011,0.952648,0.903991,0.891194,0.909991,0.850793,0.883803,0.980435,0.889204,0.954143,0.952184,0.974246,0.938346,0.99163,0.935927,0.898439,0.985477,0.857422,0.977237,0.9797,0.926812,0.980525,0.97365,0.975084,0.924416,0.966639,0.964329,0.918959,0.968664,0.964634,0.931094,0.889402,0.913002,0.885067,0.848172,0.841536,0.858584,0.96436,0.949925,0.885906,0.955559,0.957329,0.894425,0.958344,0.979903,0.953594,0.911866,0.871459,0.921346,0.920059,0.974516
0.907575,0.894132,0.963087,0.894275,0.808991,0.863831,0.942377,0.94404,0.87074,0.891251,0.988305,0.980713,0.890974,0.989374,1,0.892669,0.917917,0.902682,0.969417,0.844045,0.993038,0.957284,0.910339,0.990971,0.895356,0.993634,0.837737,0.914825,0.920093,0.99513,0.958404,0.961064,0.942654,0.977702,0.826514,0.843109,0.913267,0.886091,0.977701,0.956777,0.961057,0.915369,0.961235,0.92523,0.937309,0.86295,0.911464,0.919133,0.92149,0.930178,0.983933,0.908092,0.904271,0.916837,0.836928,0.887802,0.979974,0.911867,0.982165,0.96026,0.993681,0.967507,0.999432,0.949691,0.932318,0.999501,0.90404,0.989617,0.998072,0.943116,0.998087,0.985861,0.995636,0.942726,0.983338,0.989096,0.958677,0.987919,0.97806,0.971152,0.903764,0.915746,0.914264,0.843528,0.871481,0.859834,0.964796,0.945155,0.883899,0.972697,0.974897,0.906918,0.986312,0.982824,0.970367,0.931845,0.848134,0.918023,0.923975,0.986885
0.831756,0.997899,0.957701,0.983043,0.872071,0.902891,0.985768,0.979728,0.934863,0.929729,0.874257,0.939195,0.970964,0.879815,0.892669,1,0.953068,0.980754,0.953296,0.779941,0.86588,0.939388,0.926086,0.931377,0.841621,0.914299,0.8769,0.905624,0.879166,0.864867,0.966266,0.886214,0.982511,0.939683,0.901289,0.965907,0.909842,0.988874,0.952445,0.97432,0.96252,0.900457,0.951763,0.825471,0.954156,0.792894,0.830272,0.890748,0.976134,0.828443,0.90872,0.981233,0.976708,0.951887,0.863918,0.987223,0.94292,0.933187,0.924693,0.961915,0.906494,0.878097,0.886613,0.797254,0.832129,0.898387,0.859645,0.936443,0.899784,0.951589,0.895836,0.942849,0.889234,0.953438,0.930511,0.919695,0.880669,0.854387,0.954102,0.889589,0.977856,0.933154,0.913632,0.831563,0.885533,0.79478,0.868978,0.827326,0.973961,0.95071,0.951952,0.98138,0.919645,0.865436,0.818658,0.797784,0.877937,0.930474,0.990179,0.886556
0.891487,0.949289,0.91419,0.981412,0.883363,0.882911,0.952606,0.925937,0.93318,0.943797,0.906333,0.937845,0.985144,0.907643,0.917917,0.953068,1,0.991455,0.91493,0.7598,0.900171,0.894025,0.851368,0.927235,0.847601,0.92568,0.87332,0.952368,0.833743,0.908273,0.944557,0.883207,0.929859,0.929088,0.881791,0.872215,0.945239,0.927307,0.934325,0.950518,0.939742,0.96806,0.914968,0.835571,0.972885,0.866435,0.874889,0.832806,0.971227,0.880244,0.908231,0.977017,0.985412,0.990389,0.917135,0.944607,0.936417,0.871573,0.910895,0.931995,0.91574,0.882687,0.916062,0.857485,0.875529,0.919796,0.843317,0.926681,0.918071,0.886974,0.915895,0.931213,0.917004,0.889775,0.9201,0.919239,0.881156,0.899991,0.92843,0.901499,0.986373,0.99457,0.961881,0.837401,0.88589,0.864699,0.878001,0.85516,0.933396,0.914776,0.919159,0.989742,0.913783,0.908108,0.880685,0.87132,0.90989,0.993136,0.953463,0.901564
0.873937,0.977432,0.932134,0.995379,0.88633,0.893398,0.968336,0.949509,0.952152,0.953126,0.893558,0.93412,0.994365,0.886278,0.902682,0.980754,0.991455,1,0.930123,0.765136,0.881659,0.913805,0.875514,0.926133,0.853794,0.918041,0.877697,0.92996,0.839702,0.883943,0.952282,0.889479,0.952322,0.931497,0.906344,0.916885,0.943111,0.958823,0.939271,0.960141,0.949037,0.952851,0.931599,0.81044,0.966659,0.828677,0.864404,0.852041,0.978814,0.864663,0.909692,0.987705,0.993872,0.985159,0.892408,0.970468,0.934381,0.900893,0.917197,0.945074,0.910712,0.88342,0.898574,0.831984,0.863603,0.906742,0.85853,0.927337,0.907979,0.91233,0.904608,0.932589,0.903729,0.916183,0.923676,0.919463,0.883841,0.879128,0.936578,0.899427,0.994043,0.977593,0.955779,0.833464,0.898943,0.833682,0.862484,0.82849,0.95669,0.927923,0.931043,0.99746,0.916605,0.882539,0.852029,0.842857,0.890939,0.973879,0.973229,0.891096
0.877784,0.95569,0.999258,0.931609,0.819273,0.887251,0.977302,0.991124,0.919513,0.926037,0.957167,0.977807,0.92266,0.948374,0.969417,0.953296,0.91493,0.930123,1,0.831174,0.950207,0.99396,0.952244,0.991102,0.89793,0.981338,0.854243,0.882585,0.929035,0.946571,0.978212,0.962262,0.988761,0.987033,0.87775,0.923233,0.925151,0.949416,0.990939,0.979593,0.983322,0.896779,0.995207,0.88854,0.931976,0.816058,0.886185,0.946919,0.942289,0.893777,0.981899,0.936379,0.930455,0.917572,0.821966,0.942283,0.978432,0.964953,0.992186,0.986358,0.981411,0.958281,0.964545,0.885431,0.900188,0.973698,0.919608,0.992397,0.976233,0.990078,0.973698,0.991272,0.967985,0.99213,0.99079,0.988779,0.955112,0.940539,0.995736,0.961664,0.92951,0.897134,0.9216,0.849376,0.906405,0.822583,0.935937,0.899879,0.933454,0.998747,0.999178,0.9326,0.989491,0.93817,0.906532,0.870385,0.831379,0.894649,0.966474,0.962186
0.871731,0.775206,0.83058,0.783683,0.764235,0.751275,0.769149,0.808264,0.862036,0.834728,0.874753,0.786184,0.771426,0.839653,0.844045,0.779941,0.7598,0.765136,0.831174,1,0.859293,0.866821,0.869744,0.816818,0.906594,0.815948,0.884176,0.778288,0.926589,0.86258,0.758846,0.896627,0.791935,0.793323,0.896023,0.827566,0.833811,0.80582,0.792234,0.768511,0.779131,0.814632,0.827886,0.902952,0.766263,0.890402,0.841302,0.914508,0.763033,0.886665,0.863236,0.768937,0.779109,0.777548,0.804733,0.792857,0.788773,0.837538,0.854752,0.801865,0.849984,0.886527,0.848936,0.894,0.89148,0.839874,0.928112,0.818308,0.846778,0.855149,0.847664,0.804891,0.852784,0.859417,0.831949,0.843752,0.883032,0.88169,0.806131,0.854932,0.765739,0.747391,0.807012,0.933004,0.900348,0.904806,0.895597,0.92018,0.772785,0.82822,0.823191,0.76509,0.85252,0.842739,0.899,0.90249,0.847234,0.768313,0.77746,0.843265
0.912683,0.864416,0.941544,0.87527,0.808944,0.849458,0.917241,0.919098,0.854278,0.87511,0.98585,0.958715,0.868328,0.98486,0.993038,0.86588,0.900171,0.881659,0.950207,0.859293,1,0.941289,0.896713,0.974437,0.903157,0.978232,0.83853,0.897455,0.913766,0.991265,0.932608,0.960724,0.91731,0.953737,0.8202,0.828189,0.903201,0.865495,0.955058,0.932021,0.933191,0.914319,0.938303,0.920769,0.920788,0.862157,0.913729,0.91318,0.906592,0.935964,0.976795,0.89333,0.888881,0.90595,0.824822,0.868878,0.963287,0.898408,0.970436,0.939593,0.984506,0.969496,0.992528,0.969183,0.937476,0.990145,0.905331,0.973771,0.990994,0.927438,0.991557,0.966433,0.985594,0.924205,0.966957,0.975141,0.952126,0.987122,0.959204,0.963821,0.880757,0.902007,0.895732,0.841034,0.862235,0.848056,0.95764,0.94341,0.86978,0.956344,0.957079,0.888417,0.974914,0.965793,0.975296,0.939233,0.840656,0.904213,0.901712,0.983695
0.873209,0.939915,0.993258,0.922396,0.802679,0.864025,0.954996,0.978441,0.929382,0.930031,0.953927,0.952935,0.913551,0.928417,0.957284,0.939388,0.894025,0.913805,0.99396,0.866821,0.941289,1,0.960426,0.977837,0.914574,0.96828,0.875647,0.846328,0.947822,0.933771,0.953298,0.972378,0.973997,0.970377,0.896583,0.92345,0.923694,0.941673,0.972119,0.955046,0.961035,0.883222,0.98714,0.902648,0.899799,0.828302,0.886499,0.968485,0.918807,0.894899,0.984172,0.918841,0.918438,0.901628,0.829113,0.932402,0.953905,0.961704,0.992418,0.967319,0.975126,0.966172,0.951689,0.883705,0.904732,0.962572,0.942302,0.978625,0.968576,0.99339,0.966308,0.974475,0.960229,0.994528,0.980115,0.983159,0.96695,0.936522,0.980999,0.964688,0.91445,0.870941,0.914933,0.873461,0.918571,0.825501,0.936406,0.913182,0.922212,0.991767,0.990517,0.916399,0.988411,0.919427,0.903206,0.86786,0.837279,0.867683,0.94766,0.954365
0.813481,0.917893,0.950915,0.896296,0.792191,0.874165,0.928564,0.955385,0.896115,0.877015,0.889301,0.911857,0.861449,0.922514,0.910339,0.926086,0.851368,0.875514,0.952244,0.869744,0.896713,0.960426,1,0.921708,0.865231,0.901765,0.91253,0.906924,0.980082,0.910988,0.906106,0.913874,0.948628,0.907213,0.90449,0.949741,0.872853,0.961265,0.922781,0.921835,0.91709,0.853943,0.941055,0.951364,0.897321,0.881931,0.790108,0.986007,0.910968,0.821533,0.917145,0.90794,0.894713,0.873263,0.888802,0.945645,0.921167,0.935735,0.935316,0.939913,0.92053,0.912335,0.912373,0.844371,0.829912,0.909545,0.884349,0.932481,0.908803,0.979303,0.907904,0.925562,0.900689,0.97858,0.934722,0.921493,0.90135,0.88432,0.936263,0.873294,0.886248,0.836273,0.844485,0.904933,0.887561,0.848608,0.944321,0.956528,0.942633,0.955156,0.94946,0.886903,0.926505,0.922616,0.861546,0.824137,0.902396,0.85887,0.940175,0.911285
0.89509,0.935454,0.988161,0.918895,0.819861,0.882082,0.970718,0.975428,0.896359,0.913394,0.97711,0.991949,0.916301,0.974887,0.990971,0.931377,0.927235,0.926133,0.991102,0.816818,0.974437,0.977837,0.921708,1,0.891827,0.997418,0.829431,0.911917,0.911753,0.97695,0.982086,0.96059,0.974753,0.994709,0.843428,0.881037,0.923388,0.919326,0.995595,0.980061,0.985119,0.909913,0.986539,0.902162,0.944849,0.835498,0.904961,0.919594,0.939019,0.914265,0.986225,0.928059,0.922894,0.923366,0.829891,0.91718,0.989671,0.942776,0.991183,0.982198,0.992127,0.961168,0.988044,0.917458,0.917073,0.993228,0.907271,0.998657,0.992746,0.967156,0.991036,0.998243,0.988169,0.968814,0.993882,0.995338,0.956027,0.967628,0.995724,0.972367,0.924112,0.918655,0.927026,0.829472,0.88729,0.842665,0.950429,0.919341,0.910742,0.991154,0.993622,0.927834,0.992494,0.970965,0.941694,0.90367,0.834213,0.917151,0.952556,0.977742
0.965122,0.832866,0.891094,0.866057,0.766302,0.796724,0.852983,0.869703,0.904603,0.921202,0.92915,0.853754,0.858638,0.858125,0.895356,0.841621,0.847601,0.853794,0.89793,0.906594,0.903157,0.914574,0.865231,0.891827,1,0.890405,0.859809,0.772903,0.863332,0.880125,0.845458,0.958306,0.865775,0.86814,0.865352,0.815367,0.946046,0.850299,0.870988,0.852687,0.851037,0.875132,0.882287,0.838296,0.826119,0.877378,0.950749,0.897601,0.851884,0.975194,0.937627,0.860462,0.870303,0.871049,0.811414,0.854972,0.864538,0.849816,0.924719,0.865332,0.912377,0.958151,0.890409,0.925324,0.979901,0.898448,0.988752,0.892139,0.912006,0.898731,0.912276,0.879828,0.905496,0.89468,0.893579,0.909715,0.960615,0.921644,0.884267,0.94175,0.854029,0.832338,0.913061,0.929639,0.972317,0.878522,0.867539,0.863056,0.856687,0.901341,0.897505,0.859776,0.923916,0.840779,0.927054,0.947889,0.800982,0.822568,0.85614,0.89815
0.899523,0.919914,0.977973,0.907121,0.812239,0.864471,0.957484,0.959982,0.885741,0.90791,0.982754,0.989023,0.911149,0.975071,0.993634,0.914299,0.92568,0.918041,0.981338,0.815948,0.978232,0.96828,0.901765,0.997418,0.890405,1,0.818759,0.91306,0.903476,0.984119,0.975597,0.958508,0.960208,0.99297,0.827076,0.855459,0.918997,0.896022,0.989845,0.969787,0.97733,0.905521,0.977106,0.909462,0.935735,0.84429,0.917793,0.905965,0.924083,0.923362,0.986176,0.91334,0.911514,0.916533,0.842637,0.895449,0.983244,0.927061,0.987242,0.969219,0.9906,0.959326,0.990963,0.928554,0.924938,0.995716,0.906386,0.993142,0.994917,0.951713,0.993328,0.993402,0.992759,0.952843,0.987221,0.993711,0.956751,0.976168,0.987842,0.979656,0.913717,0.920573,0.927857,0.823773,0.877882,0.850175,0.952594,0.928438,0.889377,0.980678,0.984195,0.917846,0.990423,0.979709,0.955472,0.917749,0.833345,0.91779,0.934676,0.977744
0.840511,0.858675,0.853288,0.90456,0.844747,0.821192,0.8382,0.854696,0.946168,0.922679,0.826882,0.816964,0.884697,0.853332,0.837737,0.8769,0.87332,0.877697,0.854243,0.884176,0.83853,0.875647,0.91253,0.829431,0.859809,0.818759,1,0.879468,0.925725,0.851813,0.808029,0.844299,0.847781,0.809285,0.971748,0.917889,0.910239,0.905957,0.821696,0.825458,0.812813,0.894129,0.838834,0.910339,0.85376,0.951953,0.795527,0.917484,0.867154,0.82271,0.842316,0.888157,0.902407,0.896049,0.925973,0.902173,0.826905,0.834547,0.850928,0.83243,0.836607,0.842784,0.842161,0.822195,0.819644,0.833559,0.856033,0.837039,0.835117,0.88885,0.833734,0.827683,0.828003,0.885608,0.83597,0.834104,0.833334,0.83074,0.836817,0.809179,0.878573,0.867346,0.880382,0.959515,0.921481,0.919032,0.894387,0.902799,0.894408,0.857116,0.850492,0.885532,0.843339,0.846144,0.828866,0.833983,0.971927,0.88699,0.86339,0.846162
0.834631,0.904334,0.880221,0.907826,0.836044,0.874018,0.935079,0.89922,0.824173,0.839772,0.879393,0.947375,0.903588,0.938184,0.914825,0.905624,0.952368,0.92996,0.882585,0.778288,0.897455,0.846328,0.906924,0.911917,0.772903,0.91306,0.879468,1,0.88746,0.92326,0.943041,0.822639,0.906378,0.916643,0.824807,0.865556,0.855089,0.902448,0.925847,0.943632,0.930146,0.902346,0.878924,0.907453,0.976243,0.884435,0.823751,0.86835,0.942535,0.832194,0.863989,0.929374,0.919093,0.933262,0.935813,0.901445,0.944728,0.827994,0.868465,0.914993,0.888356,0.8301,0.917744,0.850981,0.82247,0.91132,0.767346,0.912963,0.899835,0.862201,0.898087,0.922495,0.89894,0.856907,0.894272,0.886384,0.820626,0.88638,0.91368,0.855711,0.924544,0.964268,0.874907,0.844635,0.791863,0.863763,0.914809,0.909009,0.912093,0.886973,0.892688,0.931473,0.873947,0.937022,0.878363,0.852739,0.944036,0.975371,0.923145,0.895791
0.820725,0.8718,0.92741,0.857656,0.786255,0.833465,0.884245,0.917282,0.887673,0.86333,0.907215,0.899008,0.831638,0.930074,0.920093,0.879166,0.833743,0.839702,0.929035,0.926589,0.913766,0.947822,0.980082,0.911753,0.863332,0.903476,0.925725,0.88746,1,0.93181,0.875977,0.914658,0.907205,0.894703,0.913766,0.924597,0.857337,0.914428,0.900991,0.885056,0.889053,0.847145,0.918748,0.979674,0.868591,0.900147,0.806976,0.989198,0.862817,0.840293,0.916137,0.86038,0.855902,0.846295,0.86955,0.893621,0.900573,0.913482,0.926539,0.906233,0.919225,0.911031,0.924401,0.87924,0.845954,0.916912,0.892989,0.916943,0.915322,0.956779,0.914453,0.909094,0.913627,0.956502,0.920037,0.917224,0.90157,0.909402,0.912246,0.881414,0.845379,0.824673,0.835057,0.915301,0.877718,0.886432,0.973332,0.98037,0.885169,0.929895,0.924756,0.846937,0.92089,0.933541,0.897156,0.857583,0.911338,0.848249,0.888358,0.921457
0.901924,0.866444,0.939512,0.870956,0.790084,0.844446,0.919571,0.918139,0.848311,0.868854,0.984338,0.970493,0.870481,0.990013,0.99513,0.864867,0.908273,0.883943,0.946571,0.86258,0.991265,0.933771,0.910988,0.97695,0.880125,0.984119,0.851813,0.92326,0.93181,1,0.941564,0.945732,0.916286,0.963765,0.821426,0.824499,0.894866,0.861198,0.961133,0.937541,0.943857,0.906871,0.939295,0.946703,0.92797,0.886024,0.910218,0.92342,0.900733,0.927671,0.968909,0.885871,0.883054,0.902106,0.859528,0.861007,0.966518,0.885418,0.963955,0.939934,0.981718,0.952699,0.996803,0.958998,0.927535,0.992644,0.887892,0.97382,0.989657,0.918965,0.989493,0.970546,0.990428,0.918006,0.967125,0.975019,0.941892,0.989125,0.958954,0.960568,0.882359,0.911095,0.900154,0.858301,0.85094,0.874149,0.972895,0.966941,0.859479,0.950054,0.952959,0.886582,0.97006,0.989616,0.978245,0.94079,0.867521,0.917278,0.897983,0.982549
0.864425,0.972553,0.979571,0.939851,0.841795,0.897959,0.992734,0.984909,0.887235,0.905197,0.932076,0.993261,0.93699,0.950509,0.958404,0.966266,0.944557,0.952282,0.978212,0.758846,0.932608,0.953298,0.906106,0.982086,0.845458,0.975597,0.808029,0.943041,0.875977,0.941564,1,0.911698,0.98847,0.98994,0.829274,0.908378,0.903913,0.943543,0.99466,0.997002,0.995476,0.894405,0.977401,0.870329,0.967542,0.810873,0.876139,0.878343,0.961582,0.871786,0.947996,0.95067,0.93968,0.930218,0.854644,0.941033,0.989025,0.938176,0.959094,0.984551,0.956205,0.908952,0.954337,0.862981,0.871423,0.961667,0.861314,0.981881,0.957827,0.953553,0.954551,0.989551,0.951505,0.955355,0.971301,0.965644,0.907928,0.920363,0.990143,0.936443,0.946868,0.937474,0.917184,0.793783,0.862114,0.814666,0.916161,0.882494,0.931852,0.97645,0.98091,0.95156,0.959424,0.949138,0.891731,0.858918,0.83979,0.936216,0.975459,0.94101
0.920594,0.885091,0.957305,0.89453,0.792281,0.834219,0.911307,0.933024,0.905991,0.906786,0.983154,0.926555,0.886955,0.925048,0.961064,0.886214,0.883207,0.889479,0.962262,0.896627,0.960724,0.972378,0.913874,0.96059,0.958306,0.958508,0.844299,0.822639,0.914658,0.945732,0.911698,1,0.924567,0.943428,0.871956,0.854223,0.917688,0.889269,0.940929,0.915924,0.926636,0.901146,0.958418,0.878546,0.879384,0.823333,0.929953,0.944154,0.892542,0.950426,0.989673,0.892614,0.897308,0.894666,0.810529,0.891879,0.927547,0.930614,0.984691,0.940309,0.980813,0.996105,0.957938,0.946095,0.96072,0.964012,0.973498,0.959402,0.973549,0.950108,0.973091,0.949208,0.97295,0.954562,0.96998,0.979712,0.990074,0.971396,0.949293,0.980206,0.890927,0.862346,0.908101,0.866495,0.918948,0.827003,0.920423,0.910826,0.881858,0.96167,0.960345,0.891199,0.984905,0.918155,0.951022,0.929899,0.80631,0.860435,0.906797,0.957121
0.852499,0.98364,0.990103,0.951928,0.844518,0.907973,0.995388,0.998352,0.911367,0.917208,0.92072,0.975576,0.937676,0.930076,0.942654,0.982511,0.929859,0.952322,0.988761,0.791935,0.91731,0.973997,0.948628,0.974753,0.865775,0.960208,0.847781,0.906378,0.907205,0.916286,0.98847,0.924567,1,0.977204,0.869695,0.94883,0.911058,0.975555,0.987309,0.992601,0.987714,0.888666,0.984335,0.862789,0.954559,0.795404,0.855645,0.92148,0.967461,0.85997,0.950749,0.961659,0.949589,0.930287,0.832898,0.968621,0.978942,0.957677,0.966135,0.988201,0.952832,0.920526,0.93717,0.843117,0.864096,0.947345,0.883989,0.978666,0.947537,0.981578,0.944302,0.982139,0.936506,0.982516,0.972247,0.962955,0.918364,0.902262,0.989906,0.928726,0.95121,0.913861,0.909312,0.828927,0.887715,0.80365,0.911891,0.866718,0.961002,0.987903,0.988904,0.955652,0.962124,0.91483,0.866797,0.833823,0.843808,0.911703,0.988915,0.935306
0.880514,0.948801,0.987539,0.919264,0.817217,0.872584,0.974582,0.977885,0.895518,0.912112,0.962492,0.993858,0.924157,0.959593,0.977702,0.939683,0.929088,0.931497,0.987033,0.793323,0.953737,0.970377,0.907213,0.994709,0.86814,0.99297,0.809285,0.916643,0.894703,0.963765,0.98994,0.943428,0.977204,1,0.838135,0.882691,0.912405,0.916881,0.996952,0.983456,0.993154,0.896835,0.989309,0.889381,0.942016,0.823437,0.901096,0.899137,0.932856,0.897079,0.973022,0.922347,0.918347,0.9134,0.846994,0.91349,0.984004,0.94654,0.980347,0.982476,0.97928,0.93853,0.974359,0.893521,0.899228,0.98139,0.891066,0.991046,0.979423,0.958131,0.976464,0.995629,0.978169,0.962845,0.987568,0.988127,0.938851,0.95108,0.992659,0.965098,0.925855,0.918288,0.928735,0.809895,0.876596,0.82992,0.933419,0.909718,0.900916,0.982996,0.987587,0.927629,0.981964,0.969413,0.922333,0.886316,0.82411,0.916569,0.952091,0.959338
0.845093,0.892842,0.881752,0.926193,0.841533,0.802886,0.85861,0.882041,0.979026,0.950038,0.83446,0.82067,0.920638,0.818146,0.826514,0.901289,0.881791,0.906344,0.87775,0.896023,0.8202,0.896583,0.90449,0.843428,0.865352,0.827076,0.971748,0.824807,0.913766,0.821426,0.829274,0.871956,0.869695,0.838135,1,0.913771,0.92565,0.911911,0.841868,0.842844,0.846218,0.910412,0.882101,0.865501,0.839705,0.910821,0.809275,0.911543,0.86894,0.824045,0.859414,0.894339,0.915777,0.896764,0.901029,0.911962,0.823374,0.89268,0.871213,0.866142,0.851181,0.854704,0.826827,0.797517,0.827806,0.828033,0.875952,0.847948,0.83549,0.896654,0.831795,0.841948,0.833172,0.904438,0.864112,0.859408,0.85057,0.819349,0.853732,0.833859,0.901864,0.849307,0.915345,0.945671,0.941598,0.892373,0.863884,0.878798,0.889067,0.871832,0.86843,0.90187,0.863711,0.813585,0.796241,0.807224,0.928154,0.861349,0.879632,0.832146
0.773159,0.96133,0.929032,0.931914,0.871203,0.865081,0.937691,0.949992,0.910351,0.890062,0.821935,0.878216,0.908112,0.850684,0.843109,0.965907,0.872215,0.916885,0.923233,0.827566,0.828189,0.92345,0.949741,0.881037,0.815367,0.855459,0.917889,0.865556,0.924597,0.824499,0.908378,0.854223,0.94883,0.882691,0.913771,1,0.85994,0.976032,0.900476,0.920186,0.906511,0.833908,0.916354,0.877085,0.894004,0.823068,0.774398,0.918032,0.923316,0.771171,0.867713,0.930956,0.921871,0.885691,0.845925,0.96001,0.890086,0.922905,0.888774,0.918284,0.859708,0.844037,0.839835,0.771712,0.77764,0.84565,0.842001,0.890446,0.849845,0.946898,0.845067,0.89193,0.832243,0.946985,0.886538,0.872125,0.838957,0.803293,0.912143,0.836725,0.912085,0.846579,0.844661,0.856088,0.865147,0.794296,0.8781,0.860106,0.94677,0.921193,0.918045,0.920628,0.878259,0.814698,0.770963,0.746578,0.908764,0.854894,0.948886,0.856304
0.959049,0.902056,0.921877,0.948752,0.839761,0.843263,0.91083,0.912307,0.971183,0.989492,0.91288,0.904939,0.952719,0.887953,0.913267,0.909842,0.945239,0.943111,0.925151,0.833811,0.903201,0.923694,0.872853,0.923388,0.946046,0.918997,0.910239,0.855089,0.857337,0.894866,0.903913,0.917688,0.911058,0.912405,0.92565,0.85994,1,0.900703,0.916039,0.909263,0.905279,0.956547,0.916194,0.828517,0.899661,0.897858,0.929216,0.878467,0.919206,0.942275,0.92915,0.933414,0.951487,0.955476,0.860064,0.912411,0.91021,0.880286,0.930819,0.909572,0.922545,0.916881,0.908654,0.874032,0.938781,0.916558,0.924496,0.923779,0.92189,0.914775,0.91995,0.919351,0.914058,0.913544,0.92053,0.925652,0.916278,0.900664,0.922154,0.918367,0.938737,0.93279,0.988335,0.923393,0.979198,0.906406,0.878339,0.844104,0.907285,0.926527,0.926266,0.944655,0.929848,0.87589,0.886473,0.915727,0.865367,0.922414,0.912621,0.908903
0.820564,0.980486,0.951247,0.971559,0.853548,0.911622,0.973827,0.975305,0.9272,0.913684,0.865413,0.920973,0.9437,0.884985,0.886091,0.988874,0.927307,0.958823,0.949416,0.80582,0.865495,0.941673,0.961265,0.919326,0.850299,0.896022,0.905957,0.902448,0.914428,0.861198,0.943543,0.889269,0.975555,0.916881,0.911911,0.976032,0.900703,1,0.936756,0.959836,0.943078,0.894737,0.941689,0.869417,0.945742,0.833467,0.799433,0.925622,0.973777,0.816224,0.902824,0.978094,0.968478,0.942525,0.891848,0.996138,0.93402,0.931139,0.921163,0.956245,0.90269,0.885387,0.882028,0.797547,0.822616,0.889776,0.862846,0.930085,0.891788,0.963119,0.88928,0.930677,0.877796,0.962856,0.925761,0.91007,0.880959,0.848217,0.944992,0.869136,0.96381,0.90495,0.886556,0.866459,0.889257,0.809365,0.885956,0.870212,0.988114,0.951161,0.948762,0.966697,0.913474,0.85555,0.813664,0.788989,0.909934,0.909917,0.98865,0.886569
0.880428,0.957947,0.990331,0.930077,0.827991,0.89321,0.986149,0.986775,0.895752,0.911701,0.957497,0.996587,0.926183,0.965573,0.977701,0.952445,0.934325,0.939271,0.990939,0.792234,0.955058,0.972119,0.922781,0.995595,0.870988,0.989845,0.821696,0.925847,0.900991,0.961133,0.99466,0.940929,0.987309,0.996952,0.841868,0.900476,0.916039,0.936756,1,0.992859,0.995803,0.902812,0.989089,0.888006,0.957717,0.822401,0.889485,0.907173,0.952297,0.893227,0.970951,0.940563,0.931625,0.925975,0.837238,0.933313,0.993165,0.948262,0.980287,0.990044,0.979071,0.939352,0.974372,0.88995,0.895122,0.980695,0.88773,0.995324,0.978467,0.967263,0.975941,0.998679,0.973353,0.969947,0.989161,0.985613,0.936142,0.945973,0.997998,0.956206,0.936597,0.924593,0.923988,0.816434,0.879614,0.830095,0.936725,0.902744,0.924465,0.989785,0.993111,0.939794,0.980705,0.962652,0.91647,0.880438,0.835049,0.924026,0.968636,0.962821
0.86549,0.976919,0.979819,0.951509,0.851452,0.913539,0.998026,0.9899,0.893788,0.906675,0.930991,0.990477,0.940818,0.952045,0.956777,0.97432,0.950518,0.960141,0.979593,0.768511,0.932021,0.955046,0.921835,0.980061,0.852687,0.969787,0.825458,0.943632,0.885056,0.937541,0.997002,0.915924,0.992601,0.983456,0.842844,0.920186,0.909263,0.959836,0.992859,1,0.994642,0.907236,0.977264,0.866514,0.97818,0.81045,0.864899,0.890753,0.976662,0.871055,0.947298,0.966182,0.953467,0.944265,0.844456,0.958996,0.99135,0.940466,0.959723,0.990484,0.957996,0.915438,0.953386,0.86238,0.871894,0.959626,0.864093,0.983055,0.95619,0.959427,0.95364,0.988361,0.948835,0.96142,0.974241,0.964544,0.911136,0.918845,0.990328,0.928731,0.958966,0.941389,0.915702,0.807504,0.86963,0.817547,0.916952,0.877049,0.951026,0.979828,0.982983,0.962528,0.95908,0.940997,0.888323,0.856088,0.851903,0.94205,0.987626,0.942341
0.864991,0.970119,0.985056,0.936916,0.833384,0.894585,0.990011,0.988658,0.895894,0.906099,0.942067,0.992961,0.933756,0.950202,0.961057,0.96252,0.939742,0.949037,0.983322,0.779131,0.933191,0.961035,0.91709,0.985119,0.851037,0.97733,0.812813,0.930146,0.889053,0.943857,0.995476,0.926636,0.987714,0.993154,0.846218,0.906511,0.905279,0.943078,0.995803,0.994642,1,0.901611,0.988563,0.870882,0.962526,0.80959,0.875095,0.893444,0.956167,0.875063,0.954184,0.945027,0.935875,0.926124,0.846213,0.940677,0.985939,0.95191,0.96646,0.993195,0.966025,0.921103,0.958426,0.868632,0.877245,0.964689,0.871181,0.985071,0.961397,0.957005,0.958203,0.991145,0.959863,0.963876,0.98346,0.975114,0.918828,0.928234,0.990576,0.939761,0.945745,0.926101,0.92097,0.804793,0.870746,0.818198,0.917963,0.889805,0.926487,0.979624,0.984089,0.945907,0.966703,0.953065,0.894827,0.861616,0.834898,0.927766,0.974316,0.943436
0.917996,0.891738,0.891477,0.950503,0.890966,0.874034,0.907025,0.893272,0.933999,0.937315,0.913237,0.905055,0.946341,0.909717,0.915369,0.900457,0.96806,0.952851,0.896779,0.814632,0.914319,0.883222,0.853943,0.909913,0.875132,0.905521,0.894129,0.902346,0.847145,0.906871,0.894405,0.901146,0.888666,0.896835,0.910412,0.833908,0.956547,0.894737,0.902812,0.907236,0.901611,1,0.897711,0.830147,0.94084,0.887188,0.866319,0.851387,0.94448,0.896336,0.90463,0.950029,0.961347,0.9778,0.885981,0.918516,0.911445,0.875201,0.905497,0.915939,0.920616,0.904582,0.915925,0.883166,0.892485,0.913654,0.853036,0.913448,0.914389,0.874326,0.914356,0.907835,0.913971,0.879525,0.918561,0.913368,0.883432,0.906813,0.903573,0.883924,0.9526,0.959982,0.956533,0.876638,0.908795,0.878639,0.871745,0.86267,0.910183,0.900635,0.901782,0.95466,0.90802,0.889793,0.886978,0.8871,0.894175,0.961771,0.918112,0.899829
0.869182,0.958467,0.9967,0.928378,0.817411,0.876513,0.974563,0.989773,0.920205,0.921501,0.95397,0.976748,0.92473,0.937772,0.961235,0.951763,0.914968,0.931599,0.995207,0.827886,0.938303,0.98714,0.941055,0.986539,0.882287,0.977106,0.838834,0.878924,0.918748,0.939295,0.977401,0.958418,0.984335,0.989309,0.882101,0.916354,0.916194,0.941689,0.989089,0.977264,0.988563,0.897711,1,0.872601,0.927822,0.801911,0.882875,0.934682,0.934199,0.884799,0.973875,0.928152,0.924414,0.909841,0.819099,0.935459,0.970785,0.97469,0.985556,0.990066,0.977362,0.948934,0.957238,0.877738,0.891768,0.966064,0.910199,0.986182,0.967974,0.978555,0.964638,0.987267,0.965505,0.986338,0.991959,0.987352,0.94606,0.934734,0.990041,0.956388,0.928737,0.892792,0.92355,0.835632,0.899339,0.813476,0.922077,0.893121,0.919739,0.990205,0.992298,0.928302,0.983587,0.938394,0.896632,0.861984,0.818032,0.891947,0.961913,0.94986
0.81899,0.814513,0.8824,0.814008,0.771381,0.820137,0.852285,0.868526,0.832059,0.81647,0.90684,0.90399,0.79433,0.938307,0.92523,0.825471,0.835571,0.81044,0.88854,0.902952,0.920769,0.902648,0.951364,0.902162,0.838296,0.909462,0.910339,0.907453,0.979674,0.946703,0.870329,0.878546,0.862789,0.889381,0.865501,0.877085,0.828517,0.869417,0.888006,0.866514,0.870882,0.830147,0.872601,1,0.866033,0.906606,0.825968,0.962163,0.836813,0.846156,0.892833,0.82751,0.820836,0.830961,0.882154,0.847763,0.898276,0.848769,0.895051,0.869857,0.902477,0.883161,0.930071,0.894214,0.842406,0.919906,0.854833,0.90038,0.913822,0.915663,0.912909,0.897165,0.914772,0.908206,0.89199,0.89677,0.868994,0.91675,0.888574,0.875321,0.809077,0.845499,0.819005,0.89714,0.834608,0.900405,0.976528,0.981956,0.857597,0.893875,0.890131,0.816926,0.895019,0.950723,0.917881,0.877589,0.917076,0.862812,0.845953,0.920673
0.862224,0.950114,0.929133,0.955551,0.881341,0.923578,0.976218,0.950513,0.87522,0.884578,0.909321,0.966537,0.939773,0.950507,0.937309,0.954156,0.972885,0.966659,0.931976,0.766263,0.920788,0.899799,0.897321,0.944849,0.826119,0.935735,0.85376,0.976243,0.868591,0.92797,0.967542,0.879384,0.954559,0.942016,0.839705,0.894004,0.899661,0.945742,0.957717,0.97818,0.962526,0.94084,0.927822,0.866033,1,0.845056,0.838949,0.858647,0.988931,0.85952,0.907839,0.978137,0.966107,0.972198,0.882405,0.954927,0.973792,0.88665,0.916346,0.962827,0.929503,0.88722,0.937943,0.865011,0.856257,0.936005,0.819808,0.951207,0.929693,0.909288,0.928861,0.954896,0.924081,0.910265,0.9402,0.926397,0.873176,0.90635,0.9528,0.885767,0.968389,0.97251,0.904938,0.817354,0.842405,0.836594,0.904688,0.876546,0.951199,0.937268,0.940367,0.972454,0.918214,0.927315,0.884992,0.858402,0.906312,0.979117,0.975416,0.922448
