0,1,2,3,4,5,6,7,8,9,10,11,12,13,14,15,16,17,18,19,20,21,22,23,24,25,26,27,28,29,30,31,32,33,34,35,36,37,38,39,40,41,42,43,44,45,46,47,48,49,50,51,52,53,54,55,56,57,58,59,60,61,62,63,64,65,66,67,68,69,70,71,72,73,74,75,76,77,78,79,80,81,82,83,84,85,86,87,88,89,90,91,92,93,94,95,96,97,98,99
1.0,0.846842,0.931919,0.821408,0.797009,0.870493,0.768012,0.851232,0.826125,0.941936,0.873733,0.979643,0.920387,0.863811,0.872739,0.903523,0.909316,0.873724,0.812677,0.856127,0.93405,0.838964,0.8897,0.977364,0.860022,0.903408,0.897318,0.882933,0.887974,0.797521,0.914532,0.875213,0.851694,0.912887,0.912211,0.816433,0.880454,0.952255,0.90605,0.978982,0.852919,0.941095,0.846151,0.811758,0.979639,0.866526,0.916791,0.867622,0.887303,0.835007,0.952469,0.831905,0.904375,0.769869,0.831713,0.932284,0.817718,0.838643,0.951542,0.977449,0.927026,0.879585,0.909335,0.891492,0.965485,0.910967,0.893792,0.897067,0.801515,0.864035,0.978953,0.917664,0.845512,0.961618,0.946663,0.903208,0.90274,0.850851,0.909739,0.983755,0.905078,0.806014,0.987018,0.75487,0.870402,0.840799,0.891435,0.826134,0.866706,0.79231,0.92699,0.945848,0.942273,0.897812,0.981934,0.864668,0.856068,0.798051,0.898615,0.831966
0.846842,1.0,0.816662,0.89288,0.7822054,0.788185,0.834099,0.897678,0.878769,0.870641,0.8294911,0.847036,0.917358,0.860923,0.826152,0.822306,0.885376,0.898036,0.8511976,0.892941,0.835493,0.91881,0.893321,0.843394,0.8080546,0.89002,0.831926,0.861092,0.900917,0.842587,0.921338,0.868915,0.842776,0.905908,0.946413,0.865814,0.822544,0.88495,0.897119,0.816616,0.8525787,0.847046,0.859478,0.846836,0.871017,0.895944,0.920703,0.84907,0.880276,0.860086,0.849006,0.91956,0.854747,0.834619,0.876432,0.86298,0.880898,0.8827709,0.829075,0.868421,0.794542,0.7863883,0.854752,0.911549,0.849458,0.874672,0.863676,0.803993,0.894307,0.967432,0.875284,0.7864934,0.84187,0.847722,0.826695,0.801721,0.860382,0.886684,0.878097,0.838227,0.861778,0.864247,0.835716,0.876826,0.89016,0.869242,0.87143,0.824588,0.93388,0.876617,0.842691,0.820851,0.861839,0.911261,0.850686,0.845727,0.882083,0.912448,0.911904,0.852047
0.931919,0.816662,1.0,0.837278,0.854249,0.915844,0.839639,0.851344,0.834205,0.922296,0.864852,0.968279,0.890126,0.913002,0.888926,0.957396,0.881297,0.866301,0.812233,0.85373,0.92027,0.859501,0.88779,0.943296,0.840365,0.90396,0.935758,0.87959,0.871967,0.867277,0.865347,0.843814,0.948842,0.869115,0.869788,0.831053,0.885684,0.952118,0.879888,0.961224,0.842321,0.847058,0.885921,0.82294,0.939491,0.879683,0.837681,0.911245,0.877075,0.826157,0.891882,0.868163,0.942531,0.829981,0.861684,0.95458,0.827527,0.842861,0.906086,0.920911,0.902657,0.871098,0.900355,0.87655,0.949035,0.884418,0.837126,0.890497,0.789355,0.841257,0.956624,0.897208,0.892631,0.912431,0.917251,0.886107,0.888561,0.885938,0.864894,0.929901,0.90763,0.83506,0.91183,0.759424,0.895055,0.870181,0.897082,0.816427,0.855307,0.869228,0.86781,0.929057,0.900946,0.849544,0.92262,0.872063,0.882309,0.826564,0.887153,0.902843
0.821408,0.89288,0.837278,1.0,0.882919,0.860653,0.984524,0.99443,0.976174,0.791911,0.935388,0.867855,0.915949,0.886532,0.8213561,0.799889,0.869875,0.983743,0.981941,0.987373,0.89655,0.828945,0.841279,0.875317,0.928129,0.855521,0.830036,0.823173,0.837985,0.853344,0.913418,0.931296,0.857891,0.905742,0.914924,0.99252,0.925246,0.796122,0.863266,0.863507,0.971375,0.798002,0.829978,0.917553,0.862594,0.7747305,0.846068,0.819769,0.962883,0.980627,0.831787,0.866323,0.82867,0.983067,0.922756,0.789867,0.952313,0.975841,0.887648,0.855597,0.901109,0.917745,0.889609,0.963429,0.775057,0.891413,0.855548,0.889237,0.827442,0.94024,0.851022,0.867192,0.852914,0.863089,0.907233,0.888849,0.807629,0.830743,0.904434,0.837351,0.796794,0.99234,0.836329,0.810994,0.794707,0.769878,0.865918,0.859031,0.984091,0.870503,0.844872,0.906452,0.883957,0.918543,0.862664,0.87298,0.809427,0.843953,0.876989,0.92927
0.797009,0.7822054,0.854249,0.882919,1.0,0.7327164,0.8946,0.858748,0.874664,0.826881,0.788508,0.827131,0.7846,0.855841,0.789564,0.903592,0.738808,0.850526,0.883425,0.8393,0.797218,0.923781,0.770702,0.801887,0.791599,0.835506,0.755506,0.723341,0.773653,0.801013,0.752971,0.765379,0.78393,0.745618,0.822263,0.871413,0.826401,0.831624,0.740773,0.827165,0.837852,0.703185,0.895762,0.838575,0.786873,0.75309,0.80068,0.784298,0.813908,0.839615,0.741377,0.929521,0.789569,0.875459,0.817511,0.868458,0.946072,0.908284,0.796112,0.790077,0.862905,0.868071,0.758572,0.825793,0.87164,0.752175,0.858333,0.945413,0.792492,0.842139,0.831664,0.909104,0.923413,0.78015,0.847759,0.834335,0.760349,0.842195,0.741715,0.836521,0.929204,0.879919,0.777247,0.830045,0.865288,0.82628,0.866063,0.724749,0.852501,0.886757,0.7202,0.854543,0.770148,0.744245,0.792258,0.842981,0.772702,0.755642,0.772576,0.834964
0.870493,0.788185,0.915844,0.860653,0.7327164,1.0,0.843184,0.887503,0.882273,0.866907,0.954908,0.910102,0.904798,0.894437,0.929595,0.840899,0.942953,0.896287,0.864692,0.902429,0.950177,0.793665,0.928291,0.923269,0.933327,0.890917,0.960725,0.920515,0.909222,0.888953,0.910928,0.927995,0.953606,0.923365,0.857519,0.869949,0.941428,0.869282,0.93559,0.911941,0.90868,0.853759,0.795735,0.897555,0.914578,0.887295,0.819125,0.935585,0.927491,0.897535,0.898206,0.803956,0.920722,0.858675,0.88457,0.837496,0.81963,0.856313,0.929074,0.875892,0.882468,0.90075,0.949288,0.894496,0.837237,0.929072,0.789768,0.831237,0.803561,0.819508,0.869156,0.830413,0.806907,0.899177,0.902046,0.903252,0.931142,0.846109,0.941932,0.848309,0.792017,0.869518,0.865976,0.748881,0.811856,0.786548,0.882953,0.905958,0.865644,0.828548,0.91638,0.900378,0.933134,0.915704,0.888435,0.892206,0.904479,0.894612,0.906209,0.903964
0.768012,0.834099,0.839639,0.984524,0.8946,0.843184,1.0,0.968616,0.972734,0.815733,0.909445,0.819854,0.863708,0.905525,0.885152,0.783687,0.8332937,0.949081,0.984908,0.96048,0.857177,0.85823,0.858589,0.826475,0.907963,0.844848,0.8007046,0.797762,0.858034,0.844158,0.863527,0.893358,0.851371,0.859391,0.851762,0.984332,0.904171,0.784601,0.8316374,0.819411,0.951385,0.747531,0.829314,0.937124,0.80852,0.776187,0.795202,0.849439,0.926671,0.965647,0.780446,0.884715,0.807735,0.995924,0.89336,0.767115,0.93138,0.952497,0.845128,0.8,0.873775,0.911959,0.849271,0.917749,0.776855,0.8493495,0.792544,0.876575,0.823334,0.881514,0.795085,0.83488,0.842851,0.811297,0.870316,0.86685,0.83212,0.840028,0.86176,0.782537,0.820439,0.988531,0.781679,0.789992,0.77444,0.777646,0.873745,0.839043,0.942869,0.839534,0.799719,0.871037,0.837081,0.870886,0.809211,0.87703,0.830288,0.845139,0.83777,0.941737
0.851232,0.897678,0.851344,0.99443,0.858748,0.887503,0.968616,1.0,0.9806,0.811062,0.961304,0.891894,0.943431,0.889023,0.840418,0.818538,0.907742,0.995358,0.978804,0.997718,0.91877,0.826738,0.878155,0.9002,0.950621,0.8676,0.860129,0.855079,0.871494,0.860594,0.944246,0.955285,0.863812,0.939039,0.934138,0.990384,0.936913,0.821399,0.900916,0.88776,0.984484,0.827735,0.833188,0.926039,0.888749,0.796706,0.870976,0.848016,0.98403,0.987942,0.861597,0.862436,0.851013,0.971343,0.936489,0.813176,0.946572,0.976193,0.908398,0.880725,0.912915,0.917317,0.916317,0.981536,0.804651,0.926321,0.872781,0.891233,0.834678,0.94238,0.874915,0.880464,0.855535,0.88844,0.921395,0.902989,0.844888,0.834033,0.937394,0.86402,0.801592,0.984668,0.86365,0.81062,0.79781,0.771829,0.871703,0.887744,0.988564,0.875336,0.87862,0.921859,0.907023,0.945822,0.887412,0.882257,0.835365,0.856599,0.906471,0.924499
0.826125,0.878769,0.834205,0.976174,0.874664,0.882273,0.972734,0.9806,1.0,0.855701,0.957812,0.865644,0.918277,0.870621,0.873163,0.808838,0.89423,0.976865,0.993658,0.976803,0.897915,0.876825,0.893907,0.874865,0.951362,0.904019,0.848449,0.842194,0.899316,0.884515,0.913538,0.930719,0.845286,0.911027,0.895797,0.98123,0.924528,0.833473,0.890888,0.870055,0.985712,0.801441,0.875203,0.966875,0.85666,0.839267,0.854691,0.867183,0.969335,0.976429,0.83509,0.897042,0.842259,0.969481,0.93994,0.806646,0.953705,0.978826,0.885616,0.848099,0.912354,0.922095,0.887514,0.958396,0.811236,0.910873,0.843694,0.906292,0.87729,0.880648,0.83909,0.883146,0.882277,0.86029,0.905894,0.914059,0.866732,0.885243,0.909623,0.837243,0.856664,0.976662,0.834664,0.843534,0.82883,0.822448,0.91632,0.908647,0.949018,0.877031,0.853271,0.908364,0.871965,0.908629,0.856635,0.921776,0.871725,0.901855,0.892125,0.906071
0.941936,0.870641,0.922296,0.791911,0.826881,0.866907,0.815733,0.811062,0.855701,1.0,0.853281,0.928604,0.885375,0.866266,0.918009,0.871219,0.904763,0.827932,0.843538,0.813552,0.907318,0.895972,0.923113,0.932231,0.852273,0.943776,0.9176,0.904497,0.930044,0.871936,0.884293,0.837614,0.870718,0.887092,0.870293,0.798038,0.866397,0.962284,0.910161,0.920341,0.836301,0.931001,0.905904,0.892331,0.947579,0.935523,0.886868,0.925665,0.844706,0.811808,0.943675,0.885535,0.925571,0.800935,0.831141,0.919982,0.825795,0.833475,0.905787,0.947209,0.903691,0.888032,0.898256,0.852688,0.954237,0.889048,0.826364,0.884563,0.839638,0.817394,0.931672,0.872182,0.87756,0.934232,0.903021,0.91439,0.948553,0.94953,0.88139,0.92009,0.943605,0.794502,0.931964,0.786743,0.88587,0.890114,0.962816,0.847186,0.806876,0.796492,0.916997,0.899445,0.913635,0.868208,0.934361,0.940474,0.934839,0.888746,0.880872,0.841491
0.873733,0.8294911,0.864852,0.935388,0.788508,0.954908,0.909445,0.961304,0.957812,0.853281,1.0,0.906579,0.942429,0.880705,0.91232,0.812564,0.955288,0.964377,0.945535,0.973521,0.958019,0.805428,0.928411,0.927065,0.991837,0.894733,0.917016,0.90565,0.920412,0.886519,0.955532,0.977631,0.895492,0.964202,0.90195,0.945324,0.961453,0.832207,0.94503,0.911317,0.981357,0.879071,0.828024,0.950632,0.911171,0.842598,0.860978,0.903568,0.98401,0.975123,0.91295,0.822833,0.879824,0.926135,0.925223,0.811236,0.889399,0.92768,0.943157,0.898332,0.921793,0.92306,0.964446,0.962979,0.827907,0.963316,0.853529,0.874799,0.8359,0.871921,0.876498,0.881281,0.839947,0.920343,0.930557,0.935957,0.919938,0.851189,0.977551,0.877709,0.804373,0.933253,0.89055,0.797549,0.7929,0.767419,0.889506,0.95366,0.931896,0.833475,0.943034,0.926508,0.943605,0.961954,0.909773,0.918704,0.888313,0.899599,0.905927,0.90915
0.979643,0.847036,0.968279,0.867855,0.827131,0.910102,0.819854,0.891894,0.865644,0.928604,0.906579,1.0,0.926431,0.884666,0.869483,0.930819,0.908447,0.908304,0.850879,0.894862,0.96364,0.836899,0.887391,0.989939,0.892034,0.923639,0.925317,0.88613,0.875939,0.853702,0.913269,0.900497,0.911481,0.912733,0.915,0.859686,0.924785,0.949802,0.901868,0.995084,0.888918,0.906302,0.878356,0.838535,0.985972,0.869236,0.885554,0.883758,0.918248,0.87501,0.949428,0.843237,0.926891,0.822725,0.875221,0.944523,0.859395,0.87902,0.964617,0.979557,0.95764,0.91364,0.939285,0.921469,0.958601,0.916179,0.893071,0.93071,0.792864,0.883152,0.990827,0.947444,0.893251,0.971404,0.973351,0.936245,0.893047,0.868445,0.915283,0.982719,0.897845,0.85349,0.971324,0.76585,0.868118,0.83736,0.911322,0.848396,0.897422,0.839033,0.922414,0.973656,0.955567,0.904802,0.981403,0.891428,0.864056,0.802795,0.900979,0.871869
0.920387,0.917358,0.890126,0.915949,0.7846,0.904798,0.863708,0.943431,0.918277,0.885375,0.942429,0.926431,1.0,0.952629,0.923183,0.861345,0.968938,0.963864,0.902912,0.945522,0.914737,0.893695,0.951872,0.929315,0.916206,0.856881,0.899529,0.899892,0.943094,0.7906,0.984512,0.950326,0.84642,0.977953,0.982449,0.907765,0.881159,0.889427,0.962734,0.921729,0.941529,0.883152,0.789606,0.864386,0.92999,0.837399,0.965728,0.888581,0.976024,0.919886,0.912305,0.900358,0.877257,0.863294,0.929576,0.872759,0.89691,0.92869,0.912665,0.92017,0.881668,0.84968,0.918438,0.980242,0.895292,0.984927,0.922541,0.842114,0.868857,0.937007,0.916106,0.861812,0.798577,0.917263,0.902366,0.872564,0.921574,0.803656,0.960176,0.911982,0.833447,0.901285,0.913867,0.818691,0.796772,0.766396,0.851772,0.892949,0.953208,0.871565,0.919401,0.899293,0.916614,0.964801,0.921874,0.839981,0.87028,0.826807,0.979218,0.931173
0.863811,0.860923,0.913002,0.886532,0.855841,0.894437,0.905525,0.889023,0.870621,0.866266,0.880705,0.884666,0.952629,1.0,0.928451,0.882559,0.910353,0.910017,0.872299,0.883944,0.856459,0.929936,0.921252,0.873182,0.846678,0.824771,0.875051,0.843086,0.907795,0.784812,0.906153,0.872966,0.883913,0.901281,0.932831,0.875094,0.826126,0.861698,0.90514,0.886995,0.883069,0.802454,0.785563,0.824108,0.865437,0.804758,0.924956,0.874994,0.919756,0.857757,0.838476,0.928525,0.85958,0.883889,0.910131,0.855962,0.878381,0.897622,0.848794,0.844567,0.826732,0.817856,0.853301,0.922826,0.880268,0.935669,0.887362,0.805549,0.855545,0.888624,0.864935,0.818524,0.793388,0.845515,0.842653,0.821649,0.890479,0.805659,0.878579,0.852279,0.838941,0.89562,0.847615,0.812319,0.806068,0.767163,0.818863,0.854693,0.900412,0.909655,0.840981,0.845436,0.841772,0.877266,0.853868,0.803965,0.842265,0.808995,0.940147,0.976746
0.872739,0.826152,0.888926,0.8213561,0.789564,0.929595,0.885152,0.840418,0.873163,0.918009,0.91232,0.869483,0.923183,0.928451,1.0,0.835016,0.968022,0.856942,0.877696,0.857564,0.882297,0.87051,0.984499,0.878093,0.89438,0.832546,0.933885,0.934576,0.981049,0.816706,0.928303,0.89675,0.877379,0.941426,0.867475,0.839025,0.849995,0.87746,0.967672,0.869764,0.874708,0.886978,0.781948,0.913181,0.880627,0.875146,0.882735,0.957595,0.897582,0.8514187,0.897739,0.86972,0.900819,0.884003,0.856257,0.84906,0.794555,0.821302,0.867463,0.865016,0.821252,0.837167,0.905358,0.879405,0.881754,0.959678,0.806812,0.788564,0.82425,0.795434,0.853961,0.785873,0.769589,0.872641,0.833903,0.843878,0.984521,0.837183,0.933733,0.845953,0.844958,0.849638,0.865198,0.746436,0.777617,0.78445,0.86536,0.897714,0.822344,0.806884,0.924274,0.830272,0.882577,0.913266,0.867353,0.868537,0.936644,0.882292,0.919548,0.929956
0.903523,0.822306,0.957396,0.799889,0.903592,0.840899,0.783687,0.818538,0.808838,0.871219,0.812564,0.930819,0.861345,0.882559,0.835016,1.0,0.836554,0.836538,0.78833,0.817454,0.853725,0.904776,0.845191,0.887008,0.789087,0.849029,0.880753,0.846929,0.83437,0.826829,0.829001,0.800407,0.870427,0.8301,0.872313,0.787151,0.81892,0.92896,0.837793,0.922103,0.804629,0.801735,0.893663,0.785475,0.884102,0.837056,0.852577,0.863905,0.838849,0.781815,0.837457,0.913689,0.905057,0.7645115,0.847176,0.979064,0.862344,0.837117,0.842742,0.878242,0.855702,0.803043,0.835408,0.84859,0.95143,0.843724,0.897166,0.898094,0.808165,0.854136,0.941435,0.90561,0.914778,0.858242,0.8655,0.825908,0.833932,0.844566,0.815198,0.922834,0.930193,0.779955,0.872245,0.832435,0.916514,0.877076,0.852501,0.769003,0.831265,0.927322,0.814721,0.878368,0.837064,0.809001,0.87691,0.817247,0.838672,0.784437,0.858961,0.840056
0.909316,0.885376,0.881297,0.869875,0.738808,0.942953,0.8332937,0.907742,0.89423,0.904763,0.955288,0.908447,0.968938,0.910353,0.968022,0.836554,1.0,0.921128,0.876857,0.924051,0.926955,0.855109,0.98978,0.9201,0.932355,0.860353,0.943649,0.955023,0.983367,0.81127,0.987192,0.958335,0.856555,0.99265,0.929796,0.876164,0.899535,0.897767,0.998177,0.900075,0.921948,0.91492,0.774056,0.901274,0.928969,0.890126,0.918872,0.947655,0.952368,0.910941,0.931182,0.85938,0.906475,0.845818,0.880922,0.865561,0.82478,0.864224,0.914862,0.911272,0.855377,0.847152,0.949825,0.937994,0.885143,0.986999,0.851436,0.806595,0.836123,0.878112,0.89875,0.818994,0.767576,0.914786,0.881778,0.864348,0.97857,0.819872,0.987581,0.886969,0.828504,0.862862,0.900799,0.757286,0.79548,0.780474,0.865632,0.903457,0.902095,0.810745,0.9572,0.876578,0.93805,0.979455,0.910359,0.863405,0.934034,0.889113,0.964237,0.904246
0.873724,0.898036,0.866301,0.983743,0.850526,0.896287,0.949081,0.995358,0.976865,0.827932,0.964377,0.908304,0.963864,0.910017,0.856942,0.836538,0.921128,1.0,0.968491,0.992767,0.925693,0.847054,0.892267,0.915918,0.949275,0.876793,0.870659,0.860658,0.884077,0.853645,0.955135,0.953957,0.865635,0.949531,0.955096,0.980028,0.930354,0.838443,0.913398,0.906894,0.983086,0.838639,0.834659,0.916786,0.9035,0.801842,0.900398,0.855071,0.99183,0.976285,0.873866,0.875698,0.857614,0.948879,0.950209,0.829265,0.951976,0.981759,0.917024,0.893624,0.918467,0.910416,0.918561,0.990914,0.829453,0.943761,0.898905,0.892532,0.856813,0.947691,0.889484,0.890932,0.855926,0.900496,0.926902,0.909062,0.858757,0.834758,0.943906,0.883148,0.812419,0.97179,0.88203,0.827136,0.805462,0.772023,0.873894,0.899692,0.989806,0.889632,0.886993,0.930908,0.911876,0.947845,0.901714,0.883242,0.838574,0.849417,0.927442,0.925797
0.812677,0.8511976,0.812233,0.981941,0.883425,0.864692,0.984908,0.978804,0.993658,0.843538,0.945535,0.850879,0.902912,0.872299,0.877696,0.78833,0.876857,0.968491,1.0,0.972864,0.886665,0.870468,0.878223,0.86237,0.943362,0.88362,0.826614,0.821607,0.884395,0.869649,0.900609,0.93176,0.830686,0.895579,0.88187,0.984324,0.92113,0.812704,0.871532,0.855146,0.98401,0.789199,0.858534,0.957016,0.844499,0.812855,0.840621,0.850721,0.958087,0.981151,0.824797,0.889202,0.825528,0.981807,0.919195,0.785474,0.947958,0.971677,0.882462,0.837709,0.906541,0.930026,0.875335,0.946945,0.795109,0.892929,0.829857,0.905429,0.854895,0.878561,0.823501,0.872281,0.869907,0.849052,0.902702,0.904335,0.853161,0.869319,0.897805,0.822956,0.846134,0.988366,0.824302,0.819466,0.800367,0.802954,0.903994,0.885085,0.94657,0.85848,0.842293,0.896004,0.868019,0.906093,0.847522,0.906896,0.852475,0.877804,0.87409,0.915927
0.856127,0.892941,0.85373,0.987373,0.8393,0.902429,0.96048,0.997718,0.976803,0.813552,0.973521,0.894862,0.945522,0.883944,0.857564,0.817454,0.924051,0.992767,0.972864,1.0,0.927713,0.812203,0.893571,0.904796,0.962863,0.865887,0.875768,0.873997,0.886054,0.864877,0.954136,0.965472,0.87003,0.952648,0.929309,0.987024,0.944894,0.824074,0.917528,0.890479,0.986177,0.842818,0.826771,0.932871,0.89405,0.806956,0.867435,0.864909,0.987626,0.991603,0.872805,0.848002,0.859899,0.96862,0.932288,0.814931,0.930431,0.964116,0.914394,0.885457,0.911123,0.915234,0.932169,0.981004,0.807821,0.938093,0.865651,0.883096,0.824428,0.933926,0.878265,0.876526,0.848504,0.89482,0.921401,0.904453,0.86392,0.830216,0.953709,0.867175,0.794354,0.97768,0.8694,0.796429,0.792515,0.766527,0.867944,0.900391,0.982968,0.864063,0.896902,0.922472,0.917656,0.957747,0.892227,0.884968,0.850834,0.867319,0.90867,0.921725
0.93405,0.835493,0.92027,0.89655,0.797218,0.950177,0.857177,0.91877,0.897915,0.907318,0.958019,0.96364,0.914737,0.856459,0.882297,0.853725,0.926955,0.925693,0.886665,0.927713,1.0,0.79527,0.896779,0.985442,0.956075,0.928775,0.950244,0.918233,0.887144,0.909118,0.921692,0.938721,0.934915,0.931637,0.898582,0.89575,0.985777,0.895552,0.919645,0.961492,0.923451,0.931027,0.852554,0.90711,0.977117,0.882569,0.856468,0.914062,0.935973,0.925249,0.967388,0.814332,0.937732,0.872277,0.88087,0.867956,0.868107,0.895592,0.991262,0.964482,0.964495,0.958763,0.987915,0.929974,0.880094,0.921287,0.859389,0.900763,0.784649,0.877848,0.938614,0.909602,0.863605,0.980171,0.981262,0.970559,0.918336,0.88107,0.955428,0.930063,0.831879,0.884583,0.951786,0.762165,0.80949,0.802702,0.925292,0.892998,0.910653,0.822957,0.963949,0.976667,0.990454,0.931457,0.971742,0.939615,0.896858,0.858556,0.879259,0.865419
0.838964,0.91881,0.859501,0.828945,0.923781,0.793665,0.85823,0.826738,0.876825,0.895972,0.805428,0.836899,0.893695,0.929936,0.87051,0.904776,0.855109,0.847054,0.870468,0.812203,0.79527,1.0,0.888453,0.818341,0.788237,0.846248,0.823807,0.81573,0.89277,0.798681,0.857418,0.794878,0.794285,0.845714,0.916522,0.822161,0.772182,0.886361,0.862707,0.827462,0.836055,0.79525,0.865906,0.850233,0.832303,0.843492,0.929726,0.854577,0.842117,0.798947,0.812364,0.990223,0.838539,0.825907,0.861403,0.894716,0.924496,0.899441,0.787556,0.826785,0.806409,0.801451,0.791331,0.864202,0.908036,0.859361,0.894795,0.859525,0.877986,0.872266,0.853715,0.839373,0.866896,0.808726,0.800382,0.808402,0.865947,0.86925,0.812556,0.839354,0.933635,0.831539,0.809516,0.864087,0.877149,0.837664,0.875029,0.788141,0.831098,0.918598,0.796242,0.802439,0.79172,0.823211,0.813684,0.845912,0.862044,0.835384,0.897201,0.872079
0.8897,0.893321,0.88779,0.841279,0.770702,0.928291,0.858589,0.878155,0.893907,0.923113,0.928411,0.887391,0.951872,0.921252,0.984499,0.845191,0.98978,0.892267,0.878223,0.893571,0.896779,0.888453,1.0,0.892268,0.904103,0.864073,0.940571,0.952304,0.99718,0.82947,0.967718,0.927402,0.855844,0.973561,0.910838,0.851254,0.868203,0.90825,0.993022,0.87634,0.89935,0.898828,0.80489,0.918408,0.906219,0.907652,0.909248,0.964655,0.925234,0.879975,0.909946,0.89109,0.91315,0.855259,0.870689,0.875097,0.82048,0.850938,0.879766,0.888471,0.828592,0.826991,0.925454,0.913551,0.891982,0.972037,0.826132,0.800057,0.846429,0.855162,0.883613,0.797253,0.787475,0.887644,0.849607,0.844635,0.987851,0.855848,0.961463,0.863584,0.859485,0.837929,0.874921,0.757722,0.815684,0.813104,0.882541,0.891819,0.869084,0.823579,0.934442,0.846577,0.907212,0.955138,0.883031,0.87559,0.957291,0.916489,0.956925,0.913387
0.977364,0.843394,0.943296,0.875317,0.801887,0.923269,0.826475,0.9002,0.874865,0.932231,0.927065,0.989939,0.929315,0.873182,0.878093,0.887008,0.9201,0.915918,0.86237,0.904796,0.985442,0.818341,0.892268,1.0,0.920309,0.9272,0.934854,0.902728,0.883958,0.869324,0.922618,0.91632,0.914954,0.925537,0.915682,0.86989,0.950713,0.930168,0.91266,0.989279,0.901826,0.939042,0.86025,0.862328,0.993992,0.87554,0.891047,0.893449,0.925991,0.891817,0.973112,0.827058,0.930619,0.833012,0.875685,0.906716,0.858475,0.884536,0.988926,0.98707,0.968917,0.938116,0.962421,0.927355,0.930556,0.924101,0.886023,0.915204,0.796981,0.880955,0.972368,0.932505,0.870484,0.989028,0.985592,0.959493,0.910896,0.871143,0.937259,0.970605,0.8685,0.860958,0.982893,0.77028,0.8306034,0.814686,0.918545,0.870588,0.903127,0.819357,0.95346,0.982255,0.980143,0.918609,0.993134,0.914268,0.875251,0.814219,0.895593,0.864189
0.860022,0.8080546,0.840365,0.928129,0.791599,0.933327,0.907963,0.950621,0.951362,0.852273,0.991837,0.892034,0.916206,0.846678,0.89438,0.789087,0.932355,0.949275,0.943362,0.962863,0.956075,0.788237,0.904103,0.920309,1.0,0.895246,0.907028,0.90286,0.901217,0.887379,0.931186,0.967857,0.884943,0.94358,0.876267,0.938807,0.965081,0.809179,0.920324,0.900291,0.975403,0.889878,0.828292,0.953771,0.89964,0.839954,0.841651,0.887912,0.966906,0.974824,0.920418,0.8045,0.866823,0.926054,0.925234,0.793604,0.883259,0.918109,0.945276,0.900274,0.935218,0.933699,0.95722,0.946254,0.810691,0.944144,0.848944,0.877587,0.844657,0.853294,0.860056,0.886977,0.837116,0.925518,0.935282,0.953095,0.90654,0.855223,0.962301,0.871278,0.798677,0.927871,0.892637,0.80735,0.783312,0.7617776,0.894754,0.961495,0.916134,0.809058,0.949242,0.925002,0.941799,0.945309,0.910552,0.929299,0.87808,0.894383,0.868761,0.886575
0.903408,0.89002,0.90396,0.855521,0.835506,0.890917,0.844848,0.8676,0.904019,0.943776,0.894733,0.923639,0.856881,0.824771,0.832546,0.849029,0.860353,0.876793,0.88362,0.865887,0.928775,0.846248,0.864073,0.9272,0.895246,1.0,0.886877,0.866911,0.872741,0.934459,0.860053,0.850154,0.920372,0.859382,0.850375,0.859122,0.923864,0.930151,0.866428,0.927888,0.889308,0.894351,0.940468,0.913768,0.926091,0.941985,0.835911,0.874914,0.880632,0.864854,0.907373,0.846306,0.900313,0.840354,0.880183,0.885251,0.880136,0.891768,0.920294,0.922755,0.950415,0.937925,0.899015,0.873003,0.892504,0.850866,0.809005,0.934971,0.84867,0.839994,0.911741,0.920119,0.928274,0.916559,0.940148,0.959598,0.881683,0.965105,0.863178,0.89464,0.918397,0.856296,0.901256,0.816231,0.927047,0.914899,0.983599,0.879592,0.839661,0.83134,0.881609,0.943298,0.907846,0.856064,0.915801,0.970011,0.903848,0.91995,0.842237,0.838765
0.897318,0.831926,0.935758,0.830036,0.755506,0.960725,0.8007046,0.860129,0.848449,0.9176,0.917016,0.925317,0.899529,0.875051,0.933885,0.880753,0.943649,0.870659,0.826614,0.875768,0.950244,0.823807,0.940571,0.934854,0.907028,0.886877,1.0,0.978467,0.928294,0.891999,0.906035,0.894795,0.936568,0.924452,0.86885,0.838517,0.927247,0.924658,0.943219,0.914586,0.867173,0.91438,0.810258,0.887989,0.938524,0.939577,0.842024,0.981093,0.893545,0.861681,0.937745,0.845855,0.976762,0.8137118,0.874191,0.904958,0.80492,0.829793,0.924514,0.91872,0.880577,0.875655,0.954204,0.880098,0.883056,0.920677,0.813499,0.818652,0.812251,0.836508,0.905197,0.823613,0.809239,0.925696,0.900098,0.89547,0.955511,0.861782,0.932075,0.879372,0.828865,0.823531,0.902321,0.758282,0.822668,0.837815,0.901622,0.874645,0.85635,0.843436,0.947264,0.905204,0.947083,0.908933,0.914973,0.900945,0.959685,0.885275,0.907277,0.864862
0.882933,0.861092,0.87959,0.823173,0.723341,0.920515,0.797762,0.855079,0.842194,0.904497,0.90565,0.88613,0.899892,0.843086,0.934576,0.846929,0.955023,0.860658,0.821607,0.873997,0.918233,0.81573,0.952304,0.902728,0.90286,0.866911,0.978467,1.0,0.949485,0.868747,0.922305,0.898051,0.873336,0.940745,0.868555,0.829507,0.898002,0.905198,0.959169,0.874484,0.857585,0.934011,0.785007,0.885672,0.912375,0.951583,0.86206,0.973517,0.885362,0.860574,0.937108,0.83772,0.960936,0.813738,0.865834,0.888559,0.78217,0.809359,0.898165,0.906029,0.844722,0.839,0.933097,0.869628,0.862015,0.928737,0.809808,0.777035,0.851201,0.840699,0.878278,0.787394,0.766964,0.91067,0.863759,0.861466,0.962941,0.845033,0.940279,0.859974,0.813097,0.810471,0.891101,0.780997,0.826779,0.853628,0.879657,0.883803,0.851943,0.814503,0.957321,0.861786,0.929036,0.922278,0.898827,0.872297,0.963475,0.916185,0.906217,0.830375
0.887974,0.900917,0.871967,0.837985,0.773653,0.909222,0.858034,0.871494,0.899316,0.930044,0.920412,0.875939,0.943094,0.907795,0.981049,0.83437,0.983367,0.884077,0.884395,0.886054,0.887144,0.89277,0.99718,0.883958,0.901217,0.872741,0.928294,0.949485,1.0,0.83683,0.962825,0.917453,0.84062,0.968803,0.905244,0.850544,0.860646,0.905909,0.988897,0.866175,0.896171,0.908941,0.818447,0.928948,0.899367,0.912628,0.912575,0.96029,0.914934,0.876916,0.909008,0.893255,0.906893,0.855178,0.86618,0.869465,0.824488,0.851639,0.873223,0.886592,0.828277,0.830865,0.915858,0.904962,0.890314,0.964194,0.823061,0.804913,0.85691,0.850498,0.876594,0.796692,0.796607,0.883836,0.844186,0.847416,0.988457,0.870794,0.955187,0.859631,0.869816,0.837383,0.875121,0.765524,0.825324,0.825284,0.891662,0.89578,0.860506,0.816416,0.933494,0.840939,0.900578,0.949285,0.880334,0.88716,0.960147,0.929847,0.94515,0.897298
0.797521,0.842587,0.867277,0.853344,0.801013,0.888953,0.844158,0.860594,0.884515,0.871936,0.886519,0.853702,0.7906,0.784812,0.816706,0.826829,0.81127,0.853645,0.869649,0.864877,0.909118,0.798681,0.82947,0.869324,0.887379,0.934459,0.891999,0.868747,0.83683,1.0,0.791781,0.840862,0.924985,0.804684,0.770233,0.85467,0.930354,0.85407,0.817726,0.856991,0.872509,0.811324,0.934501,0.919776,0.849136,0.933967,0.730588,0.893558,0.85296,0.868367,0.836091,0.822321,0.929431,0.854299,0.84255,0.819327,0.852132,0.861835,0.887212,0.834566,0.900445,0.916677,0.897394,0.848365,0.787381,0.800098,0.742752,0.874641,0.867227,0.785986,0.821823,0.85623,0.922914,0.862731,0.9009,0.923879,0.84854,0.965149,0.832042,0.804182,0.85236,0.844851,0.819478,0.869717,0.873985,0.936844,0.938189,0.867262,0.827199,0.868602,0.834236,0.900987,0.874375,0.809041,0.846616,0.954109,0.911319,0.950724,0.772876,0.796445
0.914532,0.921338,0.865347,0.913418,0.752971,0.910928,0.863527,0.944246,0.913538,0.884293,0.955532,0.913269,0.984512,0.906153,0.928303,0.829001,0.987192,0.955135,0.900609,0.954136,0.921692,0.857418,0.967718,0.922618,0.931186,0.860053,0.906035,0.922305,0.962825,0.791781,1.0,0.968421,0.833419,0.996872,0.961066,0.912,0.899773,0.889443,0.985057,0.902552,0.942406,0.903961,0.779114,0.887034,0.931584,0.864116,0.938901,0.907419,0.971873,0.936577,0.919269,0.864777,0.878381,0.875324,0.889818,0.858091,0.859771,0.900517,0.916512,0.918452,0.868429,0.853946,0.940259,0.967262,0.878037,0.983075,0.879874,0.824676,0.839276,0.924832,0.90958,0.837866,0.777104,0.915931,0.896266,0.862086,0.943429,0.810172,0.987151,0.898868,0.824782,0.899732,0.907162,0.766733,0.803148,0.770399,0.854927,0.884602,0.94715,0.820168,0.940265,0.891717,0.934794,0.990206,0.917693,0.846203,0.900469,0.874519,0.970246,0.900561
0.875213,0.868915,0.843814,0.931296,0.765379,0.927995,0.893358,0.955285,0.930719,0.837614,0.977631,0.900497,0.950326,0.872966,0.89675,0.800407,0.958335,0.953957,0.93176,0.965472,0.938721,0.794878,0.927402,0.91632,0.967857,0.850154,0.894795,0.898051,0.917453,0.840862,0.968421,1.0,0.859277,0.967483,0.915236,0.926159,0.938838,0.830835,0.948753,0.895352,0.970987,0.883087,0.78236,0.900351,0.912869,0.82937,0.877902,0.876722,0.975228,0.969855,0.921192,0.812702,0.867733,0.911239,0.896489,0.812586,0.868596,0.907104,0.935863,0.905766,0.896931,0.899365,0.954266,0.961742,0.827294,0.960057,0.85278,0.853196,0.789647,0.892252,0.882422,0.858844,0.803815,0.920202,0.920034,0.899402,0.910324,0.798621,0.977259,0.875886,0.778524,0.92807,0.887865,0.750972,0.7383454,0.731945,0.850295,0.905187,0.933739,0.811098,0.943648,0.894242,0.944023,0.98577,0.911003,0.859411,0.867669,0.8438817,0.918178,0.897045
0.851694,0.842776,0.948842,0.857891,0.78393,0.953606,0.851371,0.863812,0.845286,0.870718,0.895492,0.911481,0.84642,0.883913,0.877379,0.870427,0.856555,0.865635,0.830686,0.87003,0.934915,0.794285,0.855844,0.914954,0.884943,0.920372,0.936568,0.873336,0.84062,0.924985,0.833419,0.859277,1.0,0.846709,0.819707,0.852908,0.93126,0.862229,0.850408,0.914774,0.858728,0.835364,0.856909,0.853996,0.898523,0.914959,0.764007,0.903745,0.874926,0.858636,0.875494,0.801096,0.926466,0.858248,0.873301,0.847414,0.819781,0.843215,0.912897,0.875208,0.89736,0.903649,0.919961,0.861046,0.837126,0.858338,0.777463,0.848386,0.801803,0.84494,0.875479,0.849288,0.860845,0.893123,0.909867,0.908127,0.872344,0.901849,0.867763,0.848146,0.8206,0.857711,0.864191,0.76981,0.881593,0.851399,0.890022,0.865822,0.859874,0.854991,0.874435,0.914485,0.911497,0.846701,0.887282,0.897871,0.878874,0.906997,0.82644,0.90207
0.912887,0.905908,0.869115,0.905742,0.745618,0.923365,0.859391,0.939039,0.911027,0.887092,0.964202,0.912733,0.977953,0.901281,0.941426,0.8301,0.99265,0.949531,0.895579,0.952648,0.931637,0.845714,0.973561,0.925537,0.94358,0.859382,0.924452,0.940745,0.968803,0.804684,0.996872,0.967483,0.846709,1.0,0.948886,0.909763,0.910305,0.885614,0.990303,0.904203,0.941178,0.915955,0.775667,0.898717,0.931505,0.871756,0.928142,0.925401,0.96996,0.937031,0.928061,0.855174,0.890507,0.875063,0.892365,0.857738,0.849937,0.891449,0.921723,0.91937,0.871387,0.857772,0.952639,0.961553,0.876427,0.98729,0.874039,0.820105,0.83369,0.911089,0.906759,0.836735,0.775452,0.920842,0.896803,0.871342,0.956725,0.809079,0.99355,0.898233,0.819101,0.892744,0.910284,0.759995,0.796899,0.767281,0.856094,0.901379,0.93782,0.816296,0.955175,0.895657,0.94247,0.988908,0.919597,0.85878,0.914892,0.880607,0.960038,0.900526
0.912211,0.946413,0.869788,0.914924,0.822263,0.857519,0.851762,0.934138,0.895797,0.870293,0.90195,0.915,0.982449,0.932831,0.867475,0.872313,0.929796,0.955096,0.88187,0.929309,0.898582,0.916522,0.910838,0.915682,0.876267,0.850375,0.86885,0.868555,0.905244,0.770233,0.961066,0.915236,0.819707,0.948886,1.0,0.897146,0.866574,0.886007,0.927329,0.904493,0.911368,0.870626,0.786769,0.830215,0.921795,0.832826,0.977283,0.855221,0.949162,0.896162,0.894233,0.92209,0.86121,0.845984,0.905949,0.875865,0.921942,0.936816,0.898085,0.912617,0.868155,0.838888,0.895497,0.967838,0.890461,0.943611,0.952297,0.841419,0.862713,0.975255,0.916731,0.85955,0.79727,0.904577,0.892173,0.851461,0.881546,0.79761,0.928388,0.907295,0.840645,0.889959,0.901837,0.824656,0.823603,0.770394,0.841811,0.833589,0.964014,0.889661,0.890025,0.892755,0.904786,0.937878,0.911434,0.822112,0.845535,0.81226,0.959884,0.893537
0.816433,0.865814,0.831053,0.99252,0.871413,0.869949,0.984332,0.990384,0.98123,0.798038,0.945324,0.859686,0.907765,0.875094,0.839025,0.787151,0.876164,0.980028,0.984324,0.987024,0.89575,0.822161,0.851254,0.86989,0.938807,0.859122,0.838517,0.829507,0.850544,0.85467,0.912,0.926159,0.852908,0.909763,0.897146,1.0,0.928409,0.796205,0.869127,0.858526,0.976813,0.79367,0.828344,0.940641,0.854947,0.7824093,0.83014,0.83791,0.962392,0.983809,0.821115,0.855764,0.823366,0.985624,0.917377,0.78038,0.938974,0.967687,0.884079,0.843424,0.898385,0.920741,0.889631,0.95399,0.76922,0.893495,0.835769,0.886701,0.828851,0.915624,0.837924,0.859402,0.847589,0.850115,0.90025,0.890012,0.821619,0.833264,0.910229,0.828302,0.800526,0.99306,0.829968,0.793645,0.791923,0.769043,0.87252,0.872955,0.974276,0.855278,0.845496,0.909274,0.882962,0.918323,0.851797,0.889675,0.829812,0.855774,0.873334,0.924214
0.880454,0.822544,0.885684,0.925246,0.826401,0.941428,0.904171,0.936913,0.924528,0.866397,0.961453,0.924785,0.881159,0.826126,0.849995,0.81892,0.899535,0.930354,0.92113,0.944894,0.985777,0.772182,0.868203,0.950713,0.965081,0.923864,0.927247,0.898002,0.860646,0.930354,0.899773,0.938838,0.93126,0.910305,0.866574,0.928409,1.0,0.853572,0.892979,0.922284,0.939153,0.890888,0.85537,0.940232,0.939231,0.867444,0.805658,0.897074,0.932442,0.952659,0.928029,0.801627,0.91757,0.921097,0.875849,0.825873,0.883198,0.908765,0.972376,0.92324,0.955378,0.978433,0.973995,0.918277,0.820332,0.889708,0.819594,0.904356,0.776131,0.870321,0.89554,0.891949,0.868756,0.945287,0.967824,0.965664,0.884898,0.889583,0.940475,0.881222,0.812788,0.920611,0.903822,0.753169,0.808721,0.805321,0.930938,0.884299,0.916416,0.818706,0.934147,0.962336,0.972637,0.921168,0.932471,0.950971,0.885155,0.88706,0.847085,0.86279
0.952255,0.88495,0.952118,0.796122,0.831624,0.869282,0.784601,0.821399,0.833473,0.962284,0.832207,0.949802,0.889427,0.861698,0.87746,0.92896,0.897767,0.838443,0.812704,0.824074,0.895552,0.886361,0.90825,0.930168,0.809179,0.930151,0.924658,0.905198,0.905909,0.85407,0.889443,0.830835,0.862229,0.885614,0.886007,0.796205,0.853572,1.0,0.905809,0.930513,0.818823,0.882511,0.902385,0.847393,0.952654,0.942702,0.874437,0.919285,0.847615,0.79753,0.904369,0.887439,0.941012,0.769888,0.82388,0.973237,0.815474,0.823668,0.890775,0.934805,0.87492,0.853451,0.880796,0.851973,0.963611,0.872305,0.821941,0.885207,0.835432,0.853148,0.960235,0.865783,0.883875,0.907185,0.892393,0.862248,0.910458,0.920692,0.871604,0.927744,0.947608,0.786425,0.91402,0.778294,0.935638,0.923222,0.939917,0.787583,0.838052,0.829449,0.87391,0.900809,0.906159,0.871367,0.92067,0.892702,0.922302,0.870836,0.913312,0.82251
0.90605,0.897119,0.879888,0.863266,0.740773,0.93559,0.8316374,0.900916,0.890888,0.910161,0.94503,0.901868,0.962734,0.90514,0.967672,0.837793,0.998177,0.913398,0.871532,0.917528,0.919645,0.862707,0.993022,0.91266,0.920324,0.866428,0.943219,0.959169,0.988897,0.817726,0.985057,0.948753,0.850408,0.990303,0.927329,0.869127,0.892979,0.905809,1.0,0.890748,0.910758,0.915633,0.783526,0.905612,0.925559,0.904347,0.916811,0.954836,0.942712,0.901626,0.925534,0.867497,0.912639,0.841058,0.870759,0.870606,0.820263,0.857689,0.905792,0.905956,0.843398,0.839707,0.944752,0.929185,0.885202,0.97915,0.840467,0.799699,0.839774,0.879773,0.896751,0.806605,0.769731,0.907552,0.871603,0.853317,0.981852,0.834544,0.983248,0.879042,0.838245,0.853613,0.893712,0.752181,0.811321,0.798526,0.872563,0.891725,0.897871,0.810701,0.95132,0.868545,0.932921,0.975235,0.903779,0.866708,0.945133,0.907495,0.963092,0.896177
0.978982,0.816616,0.961224,0.863507,0.827165,0.911941,0.819411,0.88776,0.870055,0.920341,0.911317,0.995084,0.921729,0.886995,0.869764,0.922103,0.900075,0.906894,0.855146,0.890479,0.961492,0.827462,0.87634,0.989279,0.900291,0.927888,0.914586,0.874484,0.866175,0.856991,0.902552,0.895352,0.914774,0.904203,0.904493,0.858526,0.922284,0.930513,0.890748,1.0,0.893496,0.905241,0.882056,0.842623,0.976306,0.849054,0.884306,0.869769,0.919053,0.873377,0.944843,0.830433,0.913629,0.820968,0.885706,0.92619,0.862201,0.882779,0.967577,0.97199,0.966921,0.920392,0.929989,0.917476,0.94957,0.916308,0.89655,0.93751,0.812193,0.864218,0.977704,0.957135,0.897619,0.968458,0.976142,0.948638,0.885983,0.872346,0.909166,0.981168,0.892773,0.852887,0.975371,0.788418,0.87348,0.832244,0.909032,0.872129,0.887793,0.837326,0.920607,0.976983,0.947441,0.891934,0.98115,0.897881,0.845295,0.805631,0.887244,0.874889
0.852919,0.8525787,0.842321,0.971375,0.837852,0.90868,0.951385,0.984484,0.985712,0.836301,0.981357,0.888918,0.941529,0.883069,0.874708,0.804629,0.921948,0.983086,0.98401,0.986177,0.923451,0.836055,0.89935,0.901826,0.975403,0.889308,0.867173,0.857585,0.896171,0.872509,0.942406,0.970987,0.858728,0.941178,0.911368,0.976813,0.939153,0.818823,0.910758,0.893496,1.0,0.835368,0.845783,0.948798,0.884338,0.81693,0.867437,0.860499,0.98767,0.989758,0.873092,0.854772,0.844239,0.956935,0.939382,0.80033,0.932583,0.964711,0.918799,0.878227,0.922573,0.925345,0.921213,0.974573,0.811653,0.941336,0.864242,0.900531,0.857719,0.895118,0.860902,0.88996,0.861187,0.890187,0.925459,0.923009,0.874412,0.855065,0.945838,0.864151,0.821651,0.974304,0.869126,0.822486,0.801311,0.782101,0.891339,0.929236,0.957181,0.859616,0.897208,0.917844,0.91101,0.951244,0.888059,0.906803,0.857921,0.884547,0.902767,0.916543
0.941095,0.847046,0.847058,0.798002,0.703185,0.853759,0.747531,0.827735,0.801441,0.931001,0.879071,0.906302,0.883152,0.802454,0.886978,0.801735,0.91492,0.838639,0.789199,0.842818,0.931027,0.79525,0.898828,0.939042,0.889878,0.894351,0.91438,0.934011,0.908941,0.811324,0.903961,0.883087,0.835364,0.915955,0.870626,0.79367,0.890888,0.882511,0.915633,0.905241,0.835368,1.0,0.795513,0.842242,0.943762,0.905076,0.893047,0.895901,0.857425,0.839779,0.977497,0.792588,0.905769,0.767006,0.818718,0.8568,0.770447,0.793545,0.945397,0.956649,0.888861,0.863654,0.933949,0.863051,0.882495,0.90048,0.847323,0.804314,0.799448,0.838337,0.905238,0.831951,0.764402,0.958311,0.911462,0.895406,0.93657,0.857711,0.927562,0.911393,0.832239,0.775343,0.965028,0.729178,0.815862,0.803833,0.880957,0.857056,0.837146,0.735325,0.978088,0.896364,0.95288,0.907543,0.959295,0.882866,0.903053,0.868243,0.84518,0.785995
0.846151,0.859478,0.885921,0.829978,0.895762,0.795735,0.829314,0.833188,0.875203,0.905904,0.828024,0.878356,0.789606,0.785563,0.781948,0.893663,0.774056,0.834659,0.858534,0.826771,0.852554,0.865906,0.80489,0.86025,0.828292,0.940468,0.810258,0.785007,0.818447,0.934501,0.779114,0.78236,0.856909,0.775667,0.786769,0.828344,0.85537,0.902385,0.783526,0.882056,0.845783,0.795513,1.0,0.873685,0.846942,0.885466,0.775349,0.831302,0.826916,0.824067,0.815068,0.868846,0.874284,0.820654,0.818262,0.892339,0.87532,0.866714,0.84398,0.855744,0.915109,0.880369,0.820148,0.835327,0.890495,0.782955,0.805979,0.948983,0.854195,0.781342,0.878217,0.936819,0.991809,0.84818,0.894941,0.907946,0.808062,0.971126,0.773859,0.87497,0.960757,0.820077,0.840048,0.887414,0.943348,0.973369,0.941165,0.822092,0.802118,0.874654,0.779829,0.902679,0.812159,0.766109,0.850924,0.927472,0.860834,0.885616,0.76874,0.777537
0.811758,0.846836,0.82294,0.917553,0.838575,0.897555,0.937124,0.926039,0.966875,0.892331,0.950632,0.838535,0.864386,0.824108,0.913181,0.785475,0.901274,0.916786,0.957016,0.932871,0.90711,0.850233,0.918408,0.862328,0.953771,0.913768,0.887989,0.885672,0.928948,0.919776,0.887034,0.900351,0.853996,0.898717,0.830215,0.940641,0.940232,0.847393,0.905612,0.842623,0.948798,0.842242,0.873685,1.0,0.85087,0.894802,0.807804,0.928065,0.92101,0.947857,0.852496,0.866908,0.875822,0.945188,0.881683,0.80044,0.891828,0.91604,0.883949,0.836805,0.895536,0.931041,0.905061,0.897423,0.81,0.888451,0.776038,0.877363,0.834469,0.795712,0.813543,0.846559,0.865971,0.856282,0.886566,0.921476,0.920589,0.913075,0.908255,0.808111,0.859895,0.926143,0.821835,0.797392,0.819758,0.836374,0.9406,0.908534,0.876717,0.824931,0.879213,0.89372,0.882285,0.886742,0.84129,0.964982,0.938787,0.945367,0.853289,0.846028
