1,0.856796,0.752439,0.791833,0.726903,0.761146,0.726177,0.792663,0.805973,0.734482,0.723062,0.68516,0.785231,0.653217,0.703635,0.859967,0.83632,0.736825,0.764307,0.816598,0.721245,0.800794,0.733632,0.765785,0.84039,0.760577,0.763602,0.747617,0.735836,0.862186,0.84893,0.736891,0.812921,0.703276,0.696514,0.740861,0.670694,0.832682,0.792191,0.863805,0.721409,0.737267,0.697802,0.783017,0.794772,0.691693,0.727395,0.849465,0.7148027,0.745773,0.6444787,0.823338,0.678741,0.764081,0.742369,0.726656,0.756807,0.741236,0.734914,0.707927,0.795908,0.798196,0.76579,0.726876,0.795512,0.733989,0.817655,0.72169,0.827456,0.790429,0.70722,0.760561,0.632164,0.875207,0.808788,0.814643,0.878671,0.6841414,0.740621,0.74838,0.822397,0.7968497,0.795221,0.766977,0.707741,0.640505,0.77528,0.726236,0.830486,0.785113,0.725287,0.604407,0.695618,0.774371,0.74234,0.650962,0.507058,0.75587,0.803986,0.776381
0.856796,1,0.82462,0.768831,0.813497,0.824017,0.832727,0.786101,0.836103,0.797178,0.731994,0.72405,0.728323,0.641726,0.679393,0.820751,0.741375,0.752914,0.818517,0.826071,0.846876,0.750219,0.737924,0.801316,0.799122,0.702013,0.814335,0.7539222,0.641623,0.89291,0.832773,0.694171,0.811102,0.778225,0.76087,0.760508,0.796922,0.834201,0.828775,0.870552,0.840706,0.688547,0.76316,0.765451,0.677504,0.676089,0.759495,0.821175,0.779109,0.824672,0.709974,0.956524,0.814822,0.869557,0.819504,0.805459,0.869204,0.775277,0.7285286,0.776219,0.832602,0.628142,0.69664,0.5843899,0.783002,0.728028,0.85772,0.798489,0.732977,0.798434,0.77613,0.796063,0.741206,0.861847,0.770527,0.790757,0.79654,0.619679,0.658703,0.876063,0.794119,0.85901,0.761502,0.788828,0.681664,0.610405,0.860519,0.846291,0.854489,0.702747,0.854858,0.6598361,0.757587,0.775439,0.798561,0.717594,0.573111,0.693499,0.836966,0.900872
0.752439,0.82462,1,0.691239,0.756829,0.774363,0.621659,0.652885,0.823827,0.676571,0.815633,0.81091,0.707495,0.668015,0.667712,0.765615,0.747861,0.72086,0.703566,0.763947,0.671052,0.666718,0.746498,0.855383,0.833302,0.786547,0.754502,0.688038,0.703998,0.803055,0.736926,0.685574,0.771196,0.739589,0.669123,0.787075,0.807778,0.751487,0.760649,0.799951,0.69748,0.775224,0.679725,0.790869,0.701914,0.647407,0.677235,0.69264,0.790761,0.744307,0.796322,0.845939,0.829907,0.736844,0.774183,0.848145,0.799421,0.686716,0.846592,0.730342,0.768295,0.686266,0.6827615,0.603552,0.747399,0.700442,0.762021,0.696751,0.741425,0.798449,0.523402,0.796346,0.819258,0.79626,0.742164,0.753173,0.671811,0.64844,0.729499,0.735245,0.6669373,0.788206,0.651604,0.848994,0.788789,0.634788,0.824529,0.764456,0.714956,0.785406,0.785429,0.768028,0.843107,0.7710677,0.692328,0.7200081,0.703976,0.687472,0.848126,0.794793
0.791833,0.768831,0.691239,1,0.843719,0.792287,0.792153,0.869852,0.825602,0.826236,0.870459,0.814037,0.807621,0.81012,0.876257,0.861413,0.889692,0.709336,0.758787,0.833779,0.828976,0.747638,0.855917,0.789767,0.780589,0.823947,0.87261,0.747591,0.696444,0.7767,0.793863,0.810472,0.892018,0.754715,0.779971,0.880824,0.765807,0.819399,0.785164,0.784373,0.78184,0.80274,0.923341,0.7566572,0.693269,0.703185,0.778946,0.855477,0.648288,0.716212,0.744183,0.728531,0.68333,0.857668,0.79134,0.770941,0.778906,0.865799,0.798701,0.859828,0.772284,0.902833,0.790771,0.800452,0.763805,0.84315,0.799501,0.855328,0.882682,0.829548,0.827929,0.868826,0.71454,0.775762,0.805407,0.780191,0.697074,0.6919718,0.677211,0.838088,0.693519,0.786473,0.746462,0.77443,0.694424,0.730957,0.683448,0.77178,0.866369,0.5743467,0.755049,0.693763,0.732057,0.750173,0.7732789,0.797033,0.699848,0.82444,0.74103,0.772105
0.726903,0.813497,0.756829,0.843719,1,0.904922,0.804773,0.840418,0.868669,0.749623,0.836591,0.766492,0.772719,0.868605,0.790798,0.834217,0.827423,0.73913,0.872829,0.793887,0.893605,0.80333,0.827935,0.751815,0.761636,0.791778,0.88348,0.769803,0.776319,0.812208,0.811261,0.789259,0.876178,0.809587,0.788807,0.811685,0.788698,0.846973,0.79149,0.752422,0.737825,0.819063,0.839733,0.805019,0.72987,0.686903,0.815741,0.819222,0.627114,0.706562,0.827678,0.810398,0.873343,0.896148,0.949982,0.821609,0.82701,0.917332,0.861556,0.859938,0.796864,0.784767,0.678605,0.761837,0.786019,0.817809,0.79225,0.890432,0.83578,0.805234,0.769365,0.853138,0.820176,0.710739,0.757191,0.722158,0.643303,0.736455,0.724935,0.935642,0.756593,0.86291,0.722241,0.793871,0.714956,0.765789,0.734968,0.890003,0.771144,0.593086,0.854558,0.825582,0.761567,0.766075,0.858707,0.831125,0.742715,0.82091,0.72045,0.798742
0.761146,0.824017,0.774363,0.792287,0.904922,1,0.765798,0.780159,0.896471,0.697515,0.77445,0.742096,0.712235,0.77372,0.77714,0.82005,0.814844,0.806495,0.80234,0.873311,0.841727,0.784487,0.804257,0.74193,0.756457,0.817477,0.846912,0.783253,0.752534,0.847224,0.780791,0.777875,0.833045,0.837498,0.808985,0.827963,0.741737,0.785559,0.772166,0.808804,0.720093,0.814026,0.816632,0.766608,0.687402,0.620971,0.689785,0.757859,0.677153,0.640782,0.717708,0.777451,0.834338,0.761647,0.945548,0.888342,0.810204,0.83514,0.738907,0.772719,0.786698,0.76461,0.754029,0.758246,0.7875,0.829726,0.815496,0.872368,0.885723,0.858187,0.709018,0.749908,0.812861,0.759465,0.7424067,0.792399,0.6681552,0.69404,0.672331,0.915271,0.791226,0.769213,0.74355,0.8015248,0.742705,0.703513,0.777315,0.791296,0.772126,0.575767,0.851791,0.764709,0.780588,0.781999,0.844184,0.727258,0.690944,0.765108,0.66621,0.666033
0.726177,0.832727,0.621659,0.792153,0.804773,0.765798,1,0.902023,0.839452,0.845715,0.790209,0.737827,0.812282,0.702275,0.798674,0.833578,0.802127,0.809085,0.826972,0.791903,0.830955,0.788322,0.767279,0.712981,0.740576,0.749904,0.795426,0.840564,0.625329,0.780686,0.799296,0.718639,0.817316,0.709331,0.844133,0.769391,0.778402,0.81059,0.761346,0.80915,0.807435,0.794864,0.777783,0.826531,0.570591,0.878159,0.747147,0.811694,0.742102,0.854866,0.715838,0.757416,0.67429,0.837596,0.746146,0.764863,0.849334,0.7596593,0.741882,0.739733,0.781432,0.784852,0.760463,0.719257,0.671308,0.793787,0.789221,0.848049,0.775626,0.795393,0.869565,0.813536,0.71295,0.745926,0.785859,0.762855,0.769832,0.714528,0.620018,0.837379,0.751727,0.762286,0.755146,0.6729993,0.5799868,0.647868,0.743247,0.848844,0.833735,0.665832,0.789639,0.668286,0.695929,0.719945,0.763288,0.858257,0.666714,0.792588,0.6899115,0.807701
0.792663,0.786101,0.652885,0.869852,0.840418,0.780159,0.902023,1,0.869211,0.867516,0.825625,0.776249,0.881568,0.781377,0.828447,0.843127,0.837259,0.821884,0.859624,0.821419,0.844649,0.7707365,0.786111,0.7345804,0.744481,0.785484,0.77754,0.78458,0.647212,0.79741,0.826264,0.744392,0.844563,0.727041,0.833215,0.77839,0.711285,0.802069,0.766817,0.795529,0.797617,0.826795,0.797941,0.787359,0.652024,0.841497,0.77014,0.862251,0.716411,0.821862,0.737919,0.726747,0.634065,0.894733,0.756283,0.749594,0.823201,0.862036,0.794951,0.7518087,0.744401,0.860249,0.801716,0.7353531,0.745419,0.834735,0.796796,0.835698,0.838406,0.820779,0.843469,0.82549,0.650873,0.724891,0.817828,0.792355,0.772882,0.723717,0.690935,0.7965955,0.79165,0.765699,0.771955,0.69192,0.666282,0.688174,0.692164,0.810806,0.839228,0.685283,0.720805,0.71633,0.640429,0.7287189,0.773296,0.867087,0.680744,0.869692,0.711988,0.823492
0.805973,0.836103,0.823827,0.825602,0.868669,0.896471,0.839452,0.869211,1,0.782257,0.834155,0.827764,0.783599,0.79564,0.801873,0.853398,0.820941,0.7765849,0.778527,0.828652,0.825756,0.787075,0.834603,0.806684,0.811259,0.869998,0.821054,0.83283,0.731228,0.878125,0.795236,0.8147048,0.86741,0.797524,0.851414,0.869209,0.780367,0.815611,0.736899,0.791959,0.783331,0.864489,0.801711,0.816573,0.727931,0.750238,0.709976,0.806029,0.695381,0.714196,0.765126,0.812855,0.819071,0.819596,0.883911,0.921394,0.898261,0.831332,0.823901,0.735654,0.822097,0.819321,0.751238,0.728297,0.801501,0.823309,0.846753,0.827497,0.87657,0.871875,0.727911,0.838238,0.814332,0.844791,0.819712,0.864277,0.749444,0.751239,0.768271,0.86805,0.804784,0.771869,0.747498,0.803843,0.766933,0.715217,0.792687,0.808794,0.870644,0.682141,0.791946,0.730539,0.84447,0.813915,0.80464,0.839481,0.674301,0.829087,0.716566,0.750114
0.734482,0.797178,0.676571,0.826236,0.749623,0.697515,0.845715,0.867516,0.782257,1,0.823376,0.842525,0.739699,0.665171,0.802728,0.8053,0.769258,0.6495907,0.808782,0.836461,0.866032,0.739002,0.767697,0.806985,0.875856,0.795849,0.832753,0.727948,0.582388,0.799118,0.705038,0.725522,0.887544,0.776482,0.827535,0.762167,0.805841,0.85213,0.786429,0.7701523,0.933273,0.748731,0.783535,0.734297,0.530345,0.668687,0.854066,0.793358,0.7339028,0.772752,0.808393,0.769228,0.63716,0.896544,0.678411,0.720961,0.747105,0.740793,0.7546928,0.813908,0.84437,0.768312,0.820126,0.6840538,0.75372,0.847007,0.885127,0.797772,0.798169,0.780691,0.784686,0.850274,0.736561,0.789541,0.906228,0.91005,0.763845,0.681051,0.629816,0.804833,0.790966,0.792204,0.696601,0.656288,0.693077,0.663976,0.71752,0.728932,0.917307,0.707306,0.756532,0.6562531,0.735855,0.857747,0.77148,0.772909,0.671881,0.819317,0.733412,0.751797
0.723062,0.731994,0.815633,0.870459,0.836591,0.77445,0.790209,0.825625,0.834155,0.823376,1,0.941316,0.830568,0.7278206,0.855818,0.77069,0.913999,0.780678,0.852502,0.808436,0.792136,0.811267,0.893504,0.899161,0.863468,0.917437,0.828189,0.773538,0.720993,0.739738,0.665828,0.85163,0.856606,0.767199,0.80519,0.902519,0.891125,0.80515,0.758066,0.760572,0.776777,0.953178,0.760828,0.866465,0.746567,0.803688,0.803993,0.846883,0.702019,0.769144,0.880088,0.808534,0.771883,0.867707,0.772578,0.821619,0.784823,0.809328,0.902113,0.827181,0.798064,0.862244,0.730809,0.783001,0.703356,0.806598,0.785206,0.840575,0.888851,0.881483,0.74943,0.916552,0.840008,0.785459,0.877511,0.849119,0.735351,0.779962,0.721642,0.80965,0.717562,0.83032,0.679803,0.840585,0.723623,0.809413,0.7715827,0.768091,0.857697,0.7446706,0.757263,0.816676,0.828914,0.881963,0.810095,0.852312,0.783241,0.788443,0.849744,0.78437
0.68516,0.72405,0.81091,0.814037,0.766492,0.742096,0.737827,0.776249,0.827764,0.842525,0.941316,1,0.782154,0.707604,0.827815,0.725645,0.803504,0.694667,0.774562,0.781845,0.775285,0.673002,0.878411,0.862858,0.849438,0.910184,0.765525,0.767459,0.678448,0.721803,0.593177,0.875468,0.804135,0.718952,0.770695,0.906214,0.86468,0.73409,0.697492,0.700694,0.796573,0.901153,0.733528,0.788073,0.732864,0.692911,0.761503,0.812892,0.6987823,0.6862811,0.85381,0.783565,0.755242,0.829623,0.697252,0.874373,0.793377,0.715037,0.819752,0.797653,0.775615,0.814194,0.741133,0.772529,0.709024,0.772913,0.800912,0.805654,0.874021,0.846181,0.732082,0.852934,0.805711,0.796131,0.842588,0.841831,0.713829,0.751253,0.672526,0.738105,0.702205,0.762584,0.619037,0.817153,0.764656,0.758322,0.758214,0.689632,0.856382,0.730873,0.678704,0.769595,0.862109,0.883395,0.76177,0.772685,0.712205,0.776573,0.821874,0.72397
0.785231,0.728323,0.707495,0.807621,0.772719,0.712235,0.812282,0.881568,0.783599,0.739699,0.830568,0.782154,1,0.808255,0.787765,0.835306,0.821726,0.81205,0.869296,0.791839,0.75655,0.730221,0.79737,0.750244,0.770306,0.76879,0.774566,0.830226,0.743804,0.7148963,0.748041,0.735058,0.788912,0.734929,0.688391,0.752257,0.746467,0.785887,0.752229,0.732657,0.653661,0.840301,0.745391,0.80272,0.737379,0.859094,0.694545,0.828281,0.651532,0.799664,0.735057,0.709608,0.674168,0.769521,0.700462,0.724397,0.802147,0.833244,0.822985,0.744025,0.675913,0.865069,0.818768,0.7765325,0.786162,0.813297,0.728211,0.841061,0.837061,0.810154,0.710917,0.811902,0.745328,0.663428,0.7205344,0.721746,0.747634,0.752491,0.698497,0.767746,0.753768,0.815473,0.834395,0.76748,0.76192,0.761103,0.72243,0.754093,0.761838,0.684771,0.735144,0.770489,0.689408,0.69902,0.767016,0.803847,0.7727,0.862616,0.712327,0.757757
0.653217,0.641726,0.668015,0.81012,0.868605,0.77372,0.702275,0.781377,0.79564,0.665171,0.7278206,0.707604,0.808255,1,0.880625,0.734548,0.759262,0.703982,0.806389,0.787618,0.786921,0.693736,0.815938,0.726977,0.664276,0.68115,0.826548,0.723082,0.80217,0.740164,0.727786,0.7474819,0.786172,0.796773,0.714322,0.724535,0.689133,0.705421,0.661894,0.624588,0.619922,0.753379,0.785313,0.655757,0.715313,0.693279,0.668244,0.685222,0.522512,0.5578426,0.777381,0.637416,0.775725,0.754494,0.8505,0.710884,0.6792149,0.896404,0.807132,0.801017,0.663238,0.823005,0.757005,0.861481,0.852239,0.878887,0.666641,0.777306,0.805856,0.720067,0.681449,0.783203,0.793647,0.640744,0.656489,0.6356649,0.642841,0.774061,0.768771,0.799777,0.746272,0.77831,0.663653,0.683303,0.714755,0.677516,0.664355,0.750772,0.713481,0.563111,0.714687,0.775505,0.629842,0.67476,0.695508,0.747752,0.757205,0.88223,0.619545,0.644221
0.703635,0.679393,0.667712,0.876257,0.790798,0.77714,0.798674,0.828447,0.801873,0.802728,0.855818,0.827815,0.787765,0.880625,1,0.7517281,0.881385,0.759718,0.842126,0.897538,0.833808,0.770712,0.870779,0.819842,0.74404,0.805751,0.883558,0.733473,0.683813,0.733572,0.707968,0.799077,0.832016,0.852743,0.790845,0.829449,0.773593,0.764177,0.744091,0.751349,0.75816,0.860099,0.887483,0.702295,0.642661,0.7383471,0.761644,0.757299,0.632302,0.6336845,0.765619,0.660304,0.69857,0.791402,0.813602,0.751156,0.695451,0.848812,0.791848,0.892451,0.724805,0.906231,0.837392,0.862413,0.80523,0.931812,0.756168,0.844623,0.892207,0.812154,0.792485,0.799392,0.787219,0.714374,0.81572,0.7629,0.729635,0.772343,0.716891,0.846656,0.759897,0.812237,0.688868,0.741977,0.701319,0.734235,0.787621,0.732854,0.793287,0.595034,0.772248,0.6742848,0.717931,0.823625,0.696522,0.76251,0.737723,0.854907,0.6798872,0.67404
0.859967,0.820751,0.765615,0.861413,0.834217,0.82005,0.833578,0.843127,0.853398,0.8053,0.77069,0.725645,0.835306,0.734548,0.7517281,1,0.819018,0.742817,0.7539212,0.8050714,0.832151,0.769662,0.732448,0.708854,0.8342313,0.803896,0.872528,0.78882,0.761366,0.828632,0.859655,0.775499,0.920427,0.7299829,0.797147,0.798417,0.672042,0.93605,0.888937,0.916074,0.763647,0.732742,0.862971,0.796535,0.677058,0.742425,0.775439,0.835318,0.790425,0.744102,0.728671,0.751133,0.727347,0.798871,0.810617,0.774375,0.777607,0.781223,0.81307,0.770253,0.842503,0.808449,0.814971,0.6774416,0.767594,0.796158,0.817252,0.800732,0.86228,0.778889,0.674799,0.844324,0.714155,0.781008,0.798951,0.813547,0.739361,0.701069,0.68481,0.839672,0.7362412,0.800732,0.807112,0.800725,0.7275721,0.704365,0.712333,0.784818,0.813332,0.633395,0.858198,0.69885,0.773038,0.7432067,0.734145,0.777369,0.706642,0.831242,0.698668,0.760061
0.83632,0.741375,0.747861,0.889692,0.827423,0.814844,0.802127,0.837259,0.820941,0.769258,0.913999,0.803504,0.821726,0.759262,0.881385,0.819018,1,0.838124,0.861555,0.868587,0.7401292,0.908978,0.869222,0.864384,0.843403,0.859745,0.875472,0.7639,0.755161,0.77001,0.7506557,0.7792867,0.881053,0.77988,0.780687,0.838008,0.774828,0.803978,0.803665,0.803319,0.716216,0.908604,0.792215,0.856356,0.7354,0.787602,0.791197,0.814222,0.687074,0.738095,0.737092,0.758165,0.712973,0.828044,0.824423,0.784126,0.715403,0.847517,0.833198,0.837243,0.797118,0.892608,0.796111,0.824672,0.726267,0.850999,0.789327,0.851111,0.904353,0.864282,0.731087,0.864255,0.785576,0.80414,0.874097,0.812475,0.804679,0.790783,0.746758,0.857976,0.755586,0.804062,0.790727,0.824068,0.70005,0.754909,0.778445,0.745663,0.805649,0.722622,0.769539,0.745736,0.734063,0.830471,0.776063,0.803467,0.735938,0.799895,0.821069,0.762343
0.736825,0.752914,0.72086,0.709336,0.73913,0.806495,0.809085,0.821884,0.7765849,0.6495907,0.780678,0.694667,0.81205,0.703982,0.759718,0.742817,0.838124,1,0.857403,0.86812,0.789218,0.785635,0.778134,0.797886,0.6445311,0.736253,0.7380518,0.681174,0.646767,0.812664,0.841304,0.643156,0.77368,0.769447,0.780087,0.698807,0.753829,0.735611,0.7331285,0.8276,0.778655,0.85215,0.692406,0.75794,0.695433,0.863408,0.75598,0.737995,0.787492,0.815036,0.640071,0.6817585,0.606985,0.734802,0.767976,0.771345,0.769726,0.803718,0.776522,0.7392,0.725074,0.782553,0.808859,0.74037,0.730121,0.7846611,0.780305,0.752411,0.786198,0.900743,0.786783,0.726829,0.694707,0.622034,0.72742,0.718724,0.638615,0.5945383,0.642723,0.778126,0.764891,0.793613,0.847766,0.788583,0.710958,0.7565,0.76525,0.766761,0.714791,0.699078,0.7507224,0.744926,0.662508,0.732737,0.816624,0.714934,0.737735,0.777917,0.728967,0.781981
0.764307,0.818517,0.703566,0.758787,0.872829,0.80234,0.826972,0.859624,0.778527,0.808782,0.852502,0.774562,0.869296,0.806389,0.842126,0.7539212,0.861555,0.857403,1,0.872743,0.899674,0.839445,0.766015,0.814244,0.811243,0.78731,0.88083,0.814544,0.711631,0.7305474,0.7456431,0.703339,0.834881,0.829644,0.804257,0.717555,0.789014,0.842254,0.793292,0.768138,0.764463,0.863313,0.770076,0.793939,0.685066,0.803964,0.846829,0.827256,0.658734,0.776913,0.803749,0.844271,0.773269,0.890483,0.840811,0.728043,0.732981,0.856495,0.859117,0.866889,0.79916,0.815001,0.7405579,0.780341,0.730918,0.843135,0.829363,0.908979,0.83589,0.834311,0.803264,0.87594,0.768623,0.685811,0.864583,0.789427,0.787777,0.773685,0.755016,0.909159,0.841621,0.893179,0.797035,0.745512,0.717886,0.748682,0.778549,0.796097,0.791665,0.681527,0.82781,0.755611,0.716182,0.834384,0.854058,0.807694,0.7143188,0.82599,0.772383,0.844535
0.816598,0.826071,0.763947,0.833779,0.793887,0.873311,0.791903,0.821419,0.828652,0.836461,0.808436,0.781845,0.791839,0.787618,0.897538,0.8050714,0.868587,0.86812,0.872743,1,0.866998,0.811501,0.858896,0.850991,0.775849,0.813462,0.912261,0.731735,0.637884,0.902198,0.804947,0.732931,0.918596,0.907935,0.854778,0.790743,0.788676,0.794978,0.832398,0.900353,0.847122,0.838877,0.846944,0.718165,0.61882,0.717817,0.769816,0.7603612,0.733023,0.722872,0.688159,0.73239,0.661556,0.796346,0.848778,0.821158,0.747828,0.862167,0.775476,0.853021,0.843325,0.836287,0.885771,0.7689558,0.86085,0.952216,0.897275,0.829603,0.900437,0.911966,0.785563,0.771281,0.798135,0.751939,0.851279,0.837583,0.736402,0.67822,0.717865,0.870575,0.873567,0.859377,0.789206,0.814787,0.730008,0.701446,0.826743,0.765116,0.82621,0.650878,0.844306,0.713527,0.70249,0.8027613,0.757445,0.661642,0.679749,0.855391,0.740892,0.712681
0.721245,0.846876,0.671052,0.828976,0.893605,0.841727,0.830955,0.844649,0.825756,0.866032,0.792136,0.775285,0.75655,0.786921,0.833808,0.832151,0.7401292,0.789218,0.899674,0.866998,1,0.735906,0.783146,0.746785,0.75853,0.780055,0.88733,0.796369,0.613766,0.804938,0.817523,0.741826,0.882094,0.868558,0.844279,0.775842,0.778182,0.902355,0.7895837,0.807571,0.854021,0.803649,0.857802,0.746082,0.627945,0.665716,0.864196,0.807525,0.706989,0.738485,0.774814,0.787151,0.761547,0.901871,0.866003,0.798138,0.79254,0.851583,0.818776,0.855266,0.82427,0.788045,0.737773,0.748323,0.802821,0.848589,0.879326,0.904605,0.826082,0.844591,0.832826,0.829417,0.765513,0.685142,0.802836,0.795664,0.677325,0.676026,0.650676,0.942742,0.839143,0.858546,0.705914,0.708275,0.704974,0.765281,0.735131,0.817539,0.834682,0.562743,0.914137,0.725961,0.74884,0.805538,0.89039,0.791176,0.736133,0.827711,0.687584,0.7441061
0.800794,0.750219,0.666718,0.747638,0.80333,0.784487,0.788322,0.7707365,0.787075,0.739002,0.811267,0.673002,0.730221,0.693736,0.770712,0.769662,0.908978,0.785635,0.839445,0.811501,0.735906,1,0.75391,0.760577,0.798039,0.783908,0.804338,0.762522,0.745377,0.820931,0.732323,0.76611,0.82448,0.820953,0.843201,0.713527,0.734047,0.78137,0.770209,0.775045,0.737639,0.82482,0.70805,0.861661,0.6792826,0.759427,0.84325,0.76129,0.713027,0.708842,0.721805,0.771707,0.731979,0.798355,0.8399,0.720925,0.68114,0.828477,0.764051,0.777935,0.825749,0.790682,0.751177,0.727946,0.728236,0.794965,0.775341,0.768699,0.809916,0.776118,0.7095542,0.789706,0.758371,0.747349,0.862694,0.807394,0.794603,0.773441,0.806011,0.82269,0.773613,0.7348257,0.791301,0.73055,0.694189,0.758693,0.807031,0.77959,0.742586,0.742243,0.7746524,0.707054,0.699257,0.816167,0.739202,0.808527,0.737576,0.755496,0.709722,0.757959
0.733632,0.737924,0.746498,0.855917,0.827935,0.804257,0.767279,0.786111,0.834603,0.767697,0.893504,0.878411,0.79737,0.815938,0.870779,0.732448,0.869222,0.778134,0.766015,0.858896,0.783146,0.75391,1,0.873575,0.74699,0.839357,0.837085,0.774833,0.720985,0.808346,0.738896,0.868637,0.865958,0.811549,0.764878,0.887869,0.861953,0.74871,0.753466,0.779094,0.759891,0.894125,0.763262,0.74014,0.787332,0.7122996,0.701126,0.818296,0.675444,0.688532,0.784927,0.705032,0.722944,0.764481,0.829307,0.849945,0.835488,0.821259,0.853867,0.754153,0.754339,0.855004,0.777838,0.877562,0.807636,0.868847,0.811449,0.778213,0.913761,0.892881,0.754679,0.836791,0.869412,0.80323,0.751679,0.782916,0.673389,0.788125,0.755409,0.80298,0.763271,0.835288,0.671824,0.806229,0.693005,0.781873,0.771521,0.818183,0.866516,0.656852,0.76299,0.835643,0.791561,0.800492,0.771111,0.710141,0.729816,0.854408,0.817423,0.703794
0.765785,0.801316,0.855383,0.789767,0.751815,0.74193,0.712981,0.7345804,0.806684,0.806985,0.899161,0.862858,0.750244,0.726977,0.819842,0.708854,0.864384,0.797886,0.814244,0.850991,0.746785,0.760577,0.873575,1,0.83373,0.821079,0.830681,0.720465,0.683898,0.77651,0.788433,0.7321327,0.817549,0.750774,0.741149,0.8252,0.863792,0.710808,0.746221,0.873863,0.803272,0.865255,0.704462,0.726931,0.715736,0.755853,0.764923,0.731814,0.814197,0.834981,0.801801,0.790685,0.6891642,0.821784,0.739186,0.804844,0.747059,0.751019,0.873379,0.789154,0.851865,0.763458,0.740979,0.719854,0.752966,0.803177,0.875948,0.68017,0.824376,0.878628,0.663984,0.890905,0.823709,0.84794,0.86549,0.849524,0.759692,0.734031,0.780063,0.748511,0.747923,0.769834,0.698449,0.780567,0.733545,0.668174,0.845179,0.787483,0.871903,0.743121,0.756963,0.804892,0.7654,0.854976,0.7122098,0.709482,0.720499,0.7423348,0.930173,0.83537
0.84039,0.799122,0.833302,0.780589,0.761636,0.756457,0.740576,0.744481,0.811259,0.875856,0.863468,0.849438,0.770306,0.664276,0.74404,0.8342313,0.843403,0.6445311,0.811243,0.775849,0.75853,0.798039,0.74699,0.83373,1,0.868014,0.810354,0.795062,0.777612,0.787575,0.751666,0.798702,0.83126,0.677157,0.708939,0.815925,0.775447,0.83267,0.746865,0.822514,0.79567,0.798538,0.747645,0.866939,0.710815,0.674886,0.845061,0.772298,0.819793,0.794496,0.812123,0.831645,0.748083,0.842377,0.733275,0.789462,0.730895,0.715771,0.807682,0.817559,0.888169,0.775769,0.784667,0.6664909,0.738039,0.745978,0.850388,0.782192,0.861826,0.772102,0.620612,0.882836,0.7092646,0.86718,0.940272,0.928601,0.835487,0.78704,0.770647,0.7421121,0.750014,0.7087799,0.74436,0.793575,0.836022,0.708642,0.763503,0.708731,0.85341,0.808264,0.737657,0.692226,0.789317,0.916117,0.70119,0.775775,0.685871,0.7581556,0.808086,0.761482
0.760577,0.702013,0.786547,0.823947,0.791778,0.817477,0.749904,0.785484,0.869998,0.795849,0.917437,0.910184,0.76879,0.68115,0.805751,0.803896,0.859745,0.736253,0.78731,0.813462,0.780055,0.783908,0.839357,0.821079,0.868014,1,0.790256,0.819056,0.749907,0.790813,0.655612,0.877564,0.844574,0.77698,0.808718,0.916199,0.826706,0.78307,0.717121,0.739893,0.752583,0.911131,0.7392,0.858096,0.722973,0.686073,0.75147,0.829654,0.681334,0.669595,0.838551,0.75063,0.732169,0.800713,0.775245,0.89603,0.796382,0.760984,0.809755,0.752177,0.836921,0.83321,0.761264,0.725889,0.71542,0.78038,0.821315,0.8393,0.919171,0.867213,0.723509,0.850667,0.797227,0.79984,0.884772,0.89052,0.743587,0.789725,0.743883,0.7678547,0.800108,0.764356,0.726062,0.839466,0.776822,0.752377,0.785698,0.706106,0.83828,0.733016,0.717045,0.718811,0.855793,0.878058,0.758958,0.781692,0.700894,0.779753,0.771171,0.68698
0.763602,0.814335,0.754502,0.87261,0.88348,0.846912,0.795426,0.77754,0.821054,0.832753,0.828189,0.765525,0.774566,0.826548,0.883558,0.872528,0.875472,0.7380518,0.88083,0.912261,0.88733,0.804338,0.837085,0.830681,0.810354,0.790256,1,0.797365,0.744683,0.838974,0.818056,0.7194399,0.939013,0.898748,0.823635,0.806005,0.798885,0.851952,0.867311,0.83721,0.790265,0.777964,0.893816,0.735927,0.651121,0.654341,0.789215,0.770453,0.72363,0.6504404,0.800156,0.794341,0.763422,0.855751,0.883115,0.801888,0.732135,0.85841,0.867777,0.867842,0.885371,0.783474,0.843166,0.729475,0.807885,0.908425,0.880779,0.883416,0.875659,0.814127,0.716149,0.902502,0.867251,0.77923,0.827193,0.784842,0.756513,0.732535,0.742522,0.926649,0.833765,0.879523,0.773472,0.78759,0.772368,0.704959,0.789597,0.798981,0.811051,0.575625,0.880907,0.779579,0.786584,0.781023,0.775966,0.7645,0.804041,0.846451,0.765724,0.768382
0.747617,0.7539222,0.688038,0.747591,0.769803,0.783253,0.840564,0.78458,0.83283,0.727948,0.773538,0.767459,0.830226,0.723082,0.733473,0.78882,0.7639,0.681174,0.814544,0.731735,0.796369,0.762522,0.774833,0.720465,0.795062,0.819056,0.797365,1,0.737033,0.708476,0.740192,0.748773,0.733773,0.784438,0.7264361,0.764344,0.822541,0.762748,0.7016101,0.70692,0.682018,0.793731,0.708913,0.857518,0.714765,0.747014,0.699735,0.78888,0.607368,0.779445,0.780668,0.751794,0.765291,0.773706,0.781405,0.82239,0.859296,0.734426,0.770676,0.688522,0.791515,0.762468,0.653313,0.684357,0.7032124,0.731474,0.7102607,0.888777,0.808075,0.754706,0.701248,0.808067,0.807593,0.785336,0.790035,0.756815,0.821711,0.851488,0.755044,0.840526,0.797572,0.750448,0.724308,0.7034178,0.738435,0.699658,0.814524,0.809886,0.761776,0.702808,0.782832,0.69146,0.792008,0.762773,0.731027,0.834224,0.663449,0.752256,0.687547,0.712348
0.735836,0.641623,0.703998,0.696444,0.776319,0.752534,0.625329,0.647212,0.731228,0.582388,0.720993,0.678448,0.743804,0.80217,0.683813,0.761366,0.755161,0.646767,0.711631,0.637884,0.613766,0.745377,0.720985,0.683898,0.777612,0.749907,0.744683,0.737033,1,0.677913,0.743049,0.822847,0.693202,0.635273,0.616095,0.686322,0.635637,0.680429,0.589971,0.687916,0.506629,0.716442,0.69005,0.768327,0.832418,0.698085,0.5992,0.778772,0.588898,0.684373,0.743939,0.693282,0.796219,0.649012,0.784041,0.712873,0.690551,0.712146,0.787382,0.668482,0.736744,0.731903,0.619185,0.780396,0.676007,0.692271,0.646776,0.698306,0.803116,0.642781,0.5190292,0.79233,0.719433,0.685649,0.714214,0.654845,0.755172,0.876188,0.841659,0.675694,0.678833,0.663653,0.644964,0.742063,0.724557,0.644973,0.677209,0.736744,0.613591,0.710098,0.624555,0.767936,0.610939,0.656259,0.634563,0.71372,0.733586,0.787023,0.694634,0.645203
0.862186,0.89291,0.803055,0.7767,0.812208,0.847224,0.780686,0.79741,0.878125,0.799118,0.739738,0.721803,0.7148963,0.740164,0.733572,0.828632,0.77001,0.812664,0.7305474,0.902198,0.804938,0.820931,0.808346,0.77651,0.787575,0.790813,0.838974,0.708476,0.677913,1,0.798616,0.719093,0.913223,0.843297,0.858404,0.774002,0.791049,0.817148,0.827268,0.837682,0.873142,0.770808,0.777368,0.768667,0.660046,0.719875,0.746857,0.796179,0.7469674,0.69841,0.706518,0.860772,0.764246,0.788747,0.862871,0.822029,0.839617,0.85159,0.755689,0.733165,0.824936,0.760599,0.854326,0.669287,0.870908,0.860408,0.875137,0.744139,0.832479,0.869923,0.748313,0.748769,0.815682,0.813411,0.799795,0.848601,0.74562,0.64233,0.744374,0.831152,0.844283,0.868036,0.788137,0.822372,0.743911,0.719734,0.804356,0.802451,0.841977,0.76475,0.820639,0.689148,0.770964,0.795717,0.7405924,0.697312,0.690314,0.794378,0.725972,0.785266
0.84893,0.832773,0.736926,0.793863,0.811261,0.780791,0.799296,0.826264,0.795236,0.705038,0.665828,0.593177,0.748041,0.727786,0.707968,0.859655,0.7506557,0.841304,0.7456431,0.804947,0.817523,0.732323,0.738896,0.788433,0.751666,0.655612,0.818056,0.740192,0.743049,0.798616,1,0.6125011,0.811107,0.710796,0.707021,0.709246,0.688606,0.818402,0.765822,0.871534,0.737296,0.6760092,0.804585,0.756699,0.731231,0.716846,0.693837,0.75055,0.772581,0.79753,0.652068,0.750016,0.676504,0.798412,0.789234,0.750272,0.755165,0.766195,0.806624,0.70654,0.820188,0.747622,0.695861,0.7004198,0.764041,0.770817,0.815597,0.756004,0.734314,0.787666,0.732401,0.805647,0.673086,0.737827,0.708878,0.656636,0.788634,0.7279,0.748658,0.817075,0.760577,0.777306,0.78315,0.669159,0.6812397,0.588422,0.72631,0.849358,0.746893,0.6941265,0.827753,0.73024,0.617381,0.660692,0.7150413,0.736863,0.6915,0.793002,0.78595,0.822273
0.736891,0.694171,0.685574,0.810472,0.789259,0.777875,0.718639,0.744392,0.8147048,0.725522,0.85163,0.875468,0.735058,0.7474819,0.799077,0.775499,0.7792867,0.643156,0.703339,0.732931,0.741826,0.76611,0.868637,0.7321327,0.798702,0.877564,0.7194399,0.748773,0.822847,0.719093,0.6125011,1,0.792974,0.738908,0.799377,0.871816,0.753929,0.7414133,0.681022,0.696277,0.682554,0.849999,0.721794,0.794939,0.802239,0.664864,0.6587949,0.860865,0.649596,0.632575,0.7562,0.726029,0.755425,0.733914,0.770888,0.83741,0.803845,0.718705,0.779784,0.682235,0.741149,0.82055,0.69677,0.818248,0.695463,0.758488,0.74456,0.799941,0.906285,0.81845,0.714613,0.788219,0.769383,0.767405,0.7738035,0.804485,0.67154,0.810297,0.785071,0.712038,0.705796,0.72388,0.6464,0.821975,0.694508,0.767862,0.686644,0.759938,0.803557,0.6161187,0.6720181,0.739869,0.784284,0.797452,0.722387,0.787374,0.694843,0.808699,0.732542,0.649093
0.812921,0.811102,0.771196,0.892018,0.876178,0.833045,0.817316,0.844563,0.86741,0.887544,0.856606,0.804135,0.788912,0.786172,0.832016,0.920427,0.881053,0.77368,0.834881,0.918596,0.882094,0.82448,0.865958,0.817549,0.83126,0.844574,0.939013,0.733773,0.693202,0.913223,0.811107,0.792974,1,0.845688,0.882949,0.835818,0.809156,0.923841,0.889964,0.864934,0.875526,0.831482,0.866629,0.760193,0.658331,0.68945845,0.826807,0.81559,0.7403,0.6902693,0.779099,0.758447,0.711384,0.858471,0.846331,0.802372,0.765467,0.865541,0.871315,0.822969,0.882232,0.850119,0.85597,0.7337551,0.832515,0.911114,0.915531,0.823374,0.894337,0.894952,0.747938,0.879605,0.828168,0.779653,0.856157,0.864577,0.715151,0.707014,0.733106,0.881976,0.824174,0.905438,0.781789,0.820519,0.744762,0.742134,0.729822,0.799716,0.89116,0.662832,0.8393976,0.767888,0.799117,0.7981836,0.821211,0.775858,0.737742,0.880974,0.745937,0.754595
0.703276,0.778225,0.739589,0.754715,0.809587,0.837498,0.709331,0.727041,0.797524,0.776482,0.767199,0.718952,0.734929,0.796773,0.852743,0.7299829,0.77988,0.769447,0.829644,0.907935,0.868558,0.820953,0.811549,0.750774,0.677157,0.77698,0.898748,0.784438,0.635273,0.843297,0.710796,0.738908,0.845688,1,0.870041,0.716143,0.809652,0.804114,0.801099,0.776989,0.766715,0.789605,0.778886,0.70357,0.5302153,0.6417544,0.743596,0.735212,0.61874913,0.624916,0.75646,0.718046,0.740725,0.7735,0.900984,0.758654,0.734194,0.857626,0.814828,0.783566,0.768718,0.752787,0.812445,0.707457,0.837731,0.893452,0.792911,0.827701,0.818574,0.8008646,0.73479,0.77637,0.888215,0.694832,0.770877,0.771576,0.661663,0.696428,0.72286,0.893962,0.875474,0.867812,0.68737,0.719684,0.6800566,0.775842,0.821518,0.815936,0.745859,0.611011,0.907904,0.784862,0.745945,0.787636,0.771311,0.756812,0.819842,0.806607,0.62552,0.673912
0.696514,0.76087,0.669123,0.779971,0.788807,0.808985,0.844133,0.833215,0.851414,0.827535,0.80519,0.770695,0.688391,0.714322,0.790845,0.797147,0.780687,0.780087,0.804257,0.854778,0.844279,0.843201,0.764878,0.741149,0.708939,0.808718,0.823635,0.7264361,0.616095,0.858404,0.707021,0.799377,0.882949,0.870041,1,0.760956,0.789846,0.799516,0.758625,0.768312,0.832258,0.809982,0.758579,0.758209,0.592819,0.780151,0.777621,0.803037,0.6454747,0.709236,0.751932,0.747282,0.671427,0.804617,0.790988,0.785373,0.783575,0.836736,0.74972,0.750443,0.855899,0.723384,0.778096,0.660704,0.720395,0.847617,0.849782,0.760592,0.782021,0.851708,0.812768,0.792074,0.767303,0.700478,0.774672,0.790446,0.606456,0.658887,0.713511,0.799381,0.817026,0.773206,0.718233,0.722154,0.683439,0.717852,0.738825,0.786082,0.803494,0.643608,0.783543,0.688222,0.775003,0.767745,0.807358,0.823348,0.732807,0.78755,0.606426,0.724123
0.740861,0.760508,0.787075,0.880824,0.811685,0.827963,0.769391,0.77839,0.869209,0.762167,0.902519,0.906214,0.752257,0.724535,0.829449,0.798417,0.838008,0.698807,0.717555,0.790743,0.775842,0.713527,0.887869,0.8252,0.815925,0.916199,0.806005,0.764344,0.686322,0.774002,0.709246,0.871816,0.835818,0.716143,0.760956,1,0.844825,0.762609,0.737349,0.738328,0.774869,0.863799,0.833336,0.803673,0.776925,0.666567,0.710733,0.802961,0.742278,0.697908,0.790589,0.780071,0.772269,0.789473,0.797039,0.892351,0.848401,0.759077,0.79193,0.783104,0.76985,0.838117,0.749099,0.779169,0.712943,0.778041,0.76346,0.800432,0.900495,0.86021,0.713539,0.826822,0.801639,0.826445,0.781815,0.823425,0.717605,0.746182,0.691511,0.806493,0.654986,0.759795,0.671695,0.860241,0.745227,0.738957,0.781222,0.755063,0.869535,0.666997,0.748573,0.712244,0.880964,0.835351,0.748172,0.759806,0.67391,0.7623,0.795817,0.727615
0.670694,0.796922,0.807778,0.765807,0.788698,0.741737,0.778402,0.711285,0.780367,0.805841,0.891125,0.86468,0.746467,0.689133,0.773593,0.672042,0.774828,0.753829,0.789014,0.788676,0.778182,0.734047,0.861953,0.863792,0.775447,0.826706,0.798885,0.822541,0.635637,0.791049,0.688606,0.753929,0.809156,0.809652,0.789846,0.844825,1,0.70926,0.730044,0.750907,0.876436,0.851343,0.721108,0.819796,0.679273,0.808001,0.796767,0.781906,0.746443,0.854806,0.851003,0.810547,0.7582,0.818336,0.773245,0.802748,0.84407,0.783892,0.813313,0.7906458,0.79177,0.74642,0.666436,0.66576,0.747387,0.78573,0.771253,0.77053,0.792158,0.86282,0.71407,0.804757,0.869851,0.747146,0.800873,0.784428,0.706666,0.730064,0.74131,0.796171,0.720042,0.854979,0.6531647,0.801451,0.68587,0.755953,0.912604,0.87254,0.797197,0.78386,0.76507,0.745928,0.854031,0.858415,0.737442,0.774032,0.706525,0.700328,0.822293,0.841285
0.832682,0.834201,0.751487,0.819399,0.846973,0.785559,0.81059,0.802069,0.815611,0.85213,0.80515,0.73409,0.785887,0.705421,0.764177,0.93605,0.803978,0.735611,0.842254,0.794978,0.902355,0.78137,0.74871,0.710808,0.83267,0.78307,0.851952,0.762748,0.680429,0.817148,0.818402,0.7414133,0.923841,0.804114,0.799516,0.762609,0.70926,1,0.879761,0.862617,0.784071,0.766652,0.801754,0.802842,0.657976,0.749937,0.864348,0.834416,0.755998,0.781583,0.77915,0.792909,0.750687,0.831369,0.817149,0.744321,0.759183,0.79744,0.860052,0.788339,0.824229,0.778334,0.761024,0.669765,0.780092,0.784223,0.843813,0.826519,0.816244,0.807897,0.71527,0.867412,0.712255,0.727493,0.805862,0.809832,0.673054,0.680432,0.652382,0.870487,0.787639,0.877412,0.7071772,0.764062,0.693753,0.789185,0.663229,0.786595,0.831183,0.65117,0.915504,0.72777,0.776025,0.7691768,0.82704,0.799986,0.747988,0.803476,0.669054,0.742894
0.792191,0.828775,0.760649,0.785164,0.79149,0.772166,0.761346,0.766817,0.736899,0.786429,0.758066,0.697492,0.752229,0.661894,0.744091,0.888937,0.803665,0.7331285,0.793292,0.832398,0.7895837,0.770209,0.753466,0.746221,0.746865,0.717121,0.867311,0.7016101,0.589971,0.827268,0.765822,0.681022,0.889964,0.801099,0.758625,0.737349,0.730044,0.879761,1,0.88749,0.757363,0.724744,0.827385,0.7238686,0.618542,0.649387,0.779046,0.715402,0.827108,0.6687204,0.752053,0.773408,0.705156,0.764737,0.764591,0.740201,0.715941,0.729466,0.817415,0.773292,0.790341,0.761741,0.805475,0.6586725,0.751617,0.77216,0.805893,0.81626,0.775466,0.777046,0.733992,0.78703,0.810064,0.709747,0.724644,0.728429,0.654401,0.5816615,0.609624,0.834136,0.733318,0.874659,0.788164,0.841013,0.6725856,0.692884,0.725767,0.734757,0.76274,0.584846,0.918475,0.751829,0.7470481,0.683912,0.75145,0.6845421,0.70782,0.730797,0.775246,0.769604
0.863805,0.870552,0.799951,0.784373,0.752422,0.808804,0.80915,0.795529,0.791959,0.7701523,0.760572,0.700694,0.732657,0.624588,0.751349,0.916074,0.803319,0.8276,0.768138,0.900353,0.807571,0.775045,0.779094,0.873863,0.822514,0.739893,0.83721,0.70692,0.687916,0.837682,0.871534,0.696277,0.864934,0.776989,0.768312,0.738328,0.750907,0.862617,0.88749,1,0.79853,0.73917,0.777012,0.75174,0.644675,0.727447,0.756374,0.803805,0.866074,0.809236,0.674873,0.793127,0.689408,0.7722806,0.780018,0.772985,0.767184,0.715951,0.80626,0.731343,0.878811,0.743559,0.784769,0.6509184,0.745631,0.811488,0.901451,0.7026718,0.805273,0.849297,0.686073,0.809896,0.740641,0.820865,0.820839,0.814972,0.733061,0.642259,0.689312,0.805889,0.798137,0.807584,0.836383,0.793516,0.720625,0.6130785,0.804885,0.818133,0.80435,0.63554,0.871738,0.727762,0.7159914,0.785105,0.6982715,0.70285,0.669405,0.773563,0.845664,0.822178
0.721409,0.840706,0.69748,0.78184,0.737825,0.720093,0.807435,0.797617,0.783331,0.933273,0.776777,0.796573,0.653661,0.619922,0.75816,0.763647,0.716216,0.778655,0.764463,0.847122,0.854021,0.737639,0.759891,0.803272,0.79567,0.752583,0.790265,0.682018,0.506629,0.873142,0.737296,0.682554,0.875526,0.766715,0.832258,0.774869,0.876436,0.784071,0.757363,0.79853,1,0.728914,0.788675,0.708888,0.556175,0.736524,0.865512,0.730539,0.832004,0.829353,0.735923,0.806771,0.65245,0.869678,0.702214,0.745279,0.780796,0.784918,0.676346,0.8057251,0.824183,0.73618,0.810866,0.642509,0.811618,0.847266,0.868578,0.712775,0.752906,0.828733,0.820532,0.739183,0.728936,0.759327,0.839164,0.873627,0.705563,0.615232,0.662198,0.78718,0.756756,0.807142,0.725268,0.705539,0.726192,0.706391,0.779781,0.781389,0.869583,0.718329,0.770348,0.587706,0.755233,0.86636,0.768332,0.715839,0.661655,0.772582,0.738513,0.835587
0.737267,0.688547,0.775224,0.80274,0.819063,0.814026,0.794864,0.826795,0.864489,0.748731,0.953178,0.901153,0.840301,0.753379,0.860099,0.732742,0.908604,0.85215,0.863313,0.838877,0.803649,0.82482,0.894125,0.865255,0.798538,0.911131,0.777964,0.793731,0.716442,0.770808,0.6760092,0.849999,0.831482,0.789605,0.809982,0.863799,0.851343,0.766652,0.724744,0.73917,0.728914,1,0.70497,0.851309,0.757255,0.801963,0.768679,0.817823,0.6807077,0.710495,0.815496,0.759064,0.753459,0.822486,0.783715,0.856295,0.786438,0.809821,0.870492,0.776248,0.771665,0.868641,0.755386,0.792618,0.747994,0.827355,0.784485,0.840111,0.894152,0.909304,0.783247,0.847462,0.835722,0.755462,0.836562,0.826242,0.74319,0.788202,0.743382,0.7876578,0.791459,0.811812,0.714673,0.821855,0.736615,0.826662,0.777821,0.735338,0.823891,0.737436,0.749538,0.806588,0.79776,0.861216,0.812281,0.807571,0.771649,0.816041,0.812299,0.740891
0.697802,0.76316,0.679725,0.923341,0.839733,0.816632,0.777783,0.797941,0.801711,0.783535,0.760828,0.733528,0.745391,0.785313,0.887483,0.862971,0.792215,0.692406,0.770076,0.846944,0.857802,0.70805,0.763262,0.704462,0.747645,0.7392,0.893816,0.708913,0.69005,0.777368,0.804585,0.721794,0.866629,0.778886,0.758579,0.833336,0.721108,0.801754,0.827385,0.777012,0.788675,0.70497,1,0.727784,0.595498,0.653382,0.783375,0.726167,0.70553,0.661325,0.75464,0.717507,0.713609,0.824107,0.816601,0.779294,0.73069,0.834321,0.75394,0.881886,0.781435,0.833104,0.807246,0.756469,0.782724,0.863819,0.782043,0.84115,0.837471,0.752649,0.776677,0.778351,0.729183,0.6753861,0.735274,0.716461,0.723241,0.70913,0.669264,0.868978,0.70273,0.773358,0.742066,0.790727,0.761563,0.69317,0.715511,0.7422,0.759535,0.543661,0.810604,0.630984,0.736204,0.700226,0.723609,0.751321,0.722068,0.814271,0.666323,0.7331
0.783017,0.765451,0.790869,0.7566572,0.805019,0.766608,0.826531,0.787359,0.816573,0.734297,0.866465,0.788073,0.80272,0.655757,0.702295,0.796535,0.856356,0.75794,0.793939,0.718165,0.746082,0.861661,0.74014,0.726931,0.866939,0.858096,0.735927,0.857518,0.768327,0.768667,0.756699,0.794939,0.760193,0.70357,0.758209,0.803673,0.819796,0.802842,0.7238686,0.75174,0.708888,0.851309,0.727784,1,0.737747,0.822698,0.834993,0.80992,0.71397,0.850724,0.82538,0.819926,0.783767,0.81887,0.758007,0.807492,0.807762,0.783293,0.808342,0.789025,0.805234,0.798086,0.652282,0.67379,0.740675,0.684178,0.708794,0.799258,0.814524,0.774714,0.757262,0.84034,0.738121,0.769636,0.823082,0.783925,0.790971,0.805309,0.771174,0.770322,0.709031,0.734701,0.704239,0.798301,0.744342,0.772929,0.801852,0.788814,0.74773,0.846921,0.756731,0.705155,0.785596,0.804094,0.725243,0.884246,0.708618,0.708369,0.761943,0.788184
0.794772,0.677504,0.701914,0.693269,0.72987,0.687402,0.570591,0.652024,0.727931,0.530345,0.746567,0.732864,0.737379,0.715313,0.642661,0.677058,0.7354,0.695433,0.685066,0.61882,0.627945,0.6792826,0.787332,0.715736,0.710815,0.722973,0.651121,0.714765,0.832418,0.660046,0.731231,0.802239,0.658331,0.5302153,0.592819,0.776925,0.679273,0.657976,0.618542,0.644675,0.556175,0.757255,0.595498,0.737747,1,0.651242,0.620037,0.790989,0.6018184,0.640647,0.668793,0.744176,0.738526,0.66156,0.693133,0.747301,0.728885,0.646156,0.757724,0.601555,0.677216,0.722644,0.5464711,0.790818,0.6056719,0.585149,0.643814,0.674558,0.779069,0.733303,0.571871,0.753474,0.657811,0.708115,0.624934,0.629298,0.707181,0.780537,0.79299,0.640845,0.607611,0.690148,0.713047,0.8095007,0.74744,0.697232,0.696666,0.685819,0.696838,0.69739,0.581726,0.727173,0.665911,0.667508,0.769161,0.6415218,0.638129,0.727218,0.766441,0.681847
