1,0.921425,0.931511,0.924171,0.899363,0.913783,0.871333,0.891376,0.902824,0.842153,0.842114,0.805203,0.896456,0.95106,0.952475,0.909515,0.907599,0.882125,0.996527,0.973074,0.994696,0.906782,0.923084,0.912722,0.976406,0.825866,0.960844,0.835758,0.991304,0.929149,0.83369,0.923976,0.852636,0.952919,0.914167,0.916297,0.785301,0.905134,0.916641,0.91638,0.926373,0.932192,0.817655,0.845237,0.980475,0.938916,0.870919,0.892968,0.912573,0.866279,0.906875,0.902474,0.883784,0.832788,0.913299,0.918343,0.90049,0.891578,0.918053,0.830454,0.905209,0.848465,0.929929,0.878594,0.981444,0.929077,0.865818,0.988465,0.994951,0.970002,0.96535,0.818702,0.931169,0.835468,0.9213,0.878901,0.887794,0.895305,0.896711,0.872185,0.986455,0.95628,0.82732,0.859734,0.967329,0.82591,0.84776,0.901682,0.867553,0.761365,0.909916,0.920682,0.898976,0.936019,0.848825,0.837568,0.910802,0.888219,0.882489,0.7953339
0.921425,1,0.994449,0.996331,0.991505,0.991657,0.961125,0.971554,0.951694,0.899265,0.875047,0.827,0.855633,0.956507,0.938156,0.935521,0.832345,0.828404,0.920708,0.917352,0.933531,0.890335,0.908854,0.824278,0.91192,0.836596,0.950633,0.882419,0.913046,0.94415,0.893713,0.912299,0.850852,0.907163,0.839765,0.921508,0.837825,0.971001,0.980438,0.982303,0.871211,0.8977,0.834624,0.888016,0.937863,0.93475,0.897699,0.850985,0.972908,0.916321,0.876869,0.990693,0.982506,0.877672,0.997439,0.99028,0.943644,0.957212,0.865734,0.891743,0.844132,0.80983,0.940533,0.888877,0.885262,0.907027,0.963784,0.922999,0.939091,0.886774,0.851488,0.866784,0.918661,0.940155,0.882326,0.892095,0.844725,0.931626,0.949614,0.940947,0.903029,0.821745,0.879827,0.863368,0.9278,0.846897,0.799902,0.938337,0.802676,0.792453,0.86182,0.915105,0.940767,0.905363,0.842512,0.831327,0.907369,0.884987,0.955332,0.892011
0.931511,0.994449,1,0.994549,0.97711,0.986731,0.943444,0.95785,0.93552,0.885637,0.857393,0.796413,0.869229,0.973014,0.954234,0.922379,0.844795,0.832516,0.931325,0.928655,0.944839,0.904594,0.904313,0.816678,0.916897,0.813408,0.967405,0.896453,0.92714,0.937821,0.879842,0.931305,0.838223,0.906844,0.852364,0.90597,0.815179,0.959168,0.971146,0.973751,0.858764,0.889091,0.840996,0.906653,0.958833,0.956882,0.909006,0.849704,0.966951,0.882404,0.896899,0.982224,0.964488,0.856209,0.990951,0.983692,0.926146,0.939407,0.871973,0.870507,0.856321,0.837852,0.962754,0.89312,0.898057,0.906185,0.942776,0.943774,0.951704,0.896624,0.86618,0.883847,0.916106,0.918561,0.912683,0.879083,0.851769,0.951244,0.93382,0.9345,0.921605,0.840364,0.891249,0.886953,0.948567,0.860721,0.7868,0.95704,0.795673,0.765747,0.867171,0.908983,0.920978,0.901093,0.841131,0.855674,0.932403,0.889125,0.95856,0.864482
0.924171,0.996331,0.994549,1,0.989032,0.995183,0.964464,0.978269,0.961612,0.902011,0.884894,0.825815,0.852554,0.965834,0.946145,0.949985,0.833489,0.834038,0.921985,0.914952,0.936285,0.893146,0.926949,0.842692,0.912541,0.838027,0.960886,0.903156,0.919803,0.960027,0.901168,0.925505,0.864569,0.902814,0.841005,0.931318,0.8191054,0.954796,0.972896,0.990174,0.887553,0.907425,0.844715,0.907377,0.946379,0.949896,0.919756,0.87217,0.977498,0.907413,0.875839,0.994364,0.982179,0.883659,0.997759,0.996626,0.952566,0.964066,0.86469,0.885599,0.869722,0.818289,0.955984,0.911952,0.893144,0.926537,0.963087,0.931258,0.94083,0.897207,0.857048,0.882604,0.935523,0.932923,0.907875,0.877295,0.840724,0.945297,0.958544,0.955122,0.906441,0.834015,0.897579,0.876561,0.937359,0.866987,0.800758,0.947303,0.813247,0.796598,0.870316,0.902526,0.936714,0.926875,0.863083,0.845036,0.928519,0.908054,0.953731,0.886632
0.899363,0.991505,0.97711,0.989032,1,0.983429,0.973647,0.981468,0.974667,0.899387,0.897236,0.857919,0.831086,0.930641,0.908659,0.962257,0.804708,0.832728,0.896209,0.886518,0.908101,0.859109,0.922087,0.860382,0.893897,0.865027,0.925001,0.866917,0.891686,0.957088,0.904539,0.883573,0.87324,0.883005,0.811242,0.948939,0.865763,0.968482,0.973647,0.985699,0.907635,0.92911,0.828,0.874653,0.907552,0.910996,0.894496,0.856573,0.963795,0.951715,0.841458,0.988258,0.994503,0.903227,0.990959,0.991066,0.967216,0.977094,0.844924,0.908165,0.857395,0.766081,0.910055,0.886759,0.865038,0.915976,0.977783,0.893835,0.913478,0.893516,0.827648,0.843518,0.931166,0.942247,0.866034,0.88663,0.831646,0.911209,0.969759,0.941606,0.872911,0.815993,0.863316,0.830395,0.893828,0.834175,0.832684,0.902753,0.833661,0.828008,0.856145,0.890244,0.957415,0.93018,0.857385,0.793222,0.881839,0.88945,0.932371,0.914207
0.913783,0.991657,0.986731,0.995183,0.983429,1,0.977352,0.987076,0.963699,0.913883,0.891917,0.829504,0.868511,0.951271,0.930254,0.943455,0.830208,0.846691,0.913933,0.917156,0.926358,0.887384,0.917321,0.834397,0.909324,0.845371,0.947876,0.917112,0.903682,0.955584,0.913748,0.916564,0.877832,0.911825,0.834885,0.938886,0.827942,0.940961,0.9576,0.993656,0.87907,0.908291,0.861119,0.914223,0.935171,0.931855,0.902515,0.86372,0.98766,0.908199,0.86846,0.994793,0.984778,0.888973,0.996177,0.994316,0.959332,0.970629,0.855674,0.878979,0.859735,0.831328,0.954346,0.916361,0.881205,0.92085,0.974612,0.917737,0.932062,0.896219,0.843147,0.890498,0.924575,0.950301,0.89251,0.872792,0.859886,0.921562,0.966428,0.973117,0.89791,0.821205,0.901808,0.875763,0.935076,0.843033,0.809343,0.95161,0.815535,0.793717,0.874935,0.917845,0.919673,0.927788,0.87254,0.851145,0.91847,0.903589,0.940878,0.892509
0.871333,0.961125,0.943444,0.964464,0.973647,0.977352,1,0.996079,0.983578,0.923911,0.921917,0.87531,0.895754,0.891583,0.86667,0.957028,0.822049,0.896189,0.884334,0.907612,0.879816,0.844656,0.90798,0.866563,0.913085,0.893705,0.890404,0.895916,0.852063,0.950879,0.942371,0.867756,0.923361,0.922706,0.806503,0.977617,0.883538,0.908372,0.915201,0.983565,0.908004,0.951678,0.868071,0.904405,0.884636,0.878019,0.875684,0.84565,0.958335,0.952007,0.833807,0.975677,0.990912,0.924935,0.970048,0.97364,0.987767,0.992858,0.816853,0.880628,0.865708,0.825326,0.901742,0.881556,0.829826,0.909406,0.998408,0.86784,0.889731,0.922537,0.809566,0.875464,0.913966,0.971189,0.849153,0.845933,0.903661,0.86877,0.992646,0.970946,0.875307,0.827969,0.872712,0.845022,0.882764,0.792324,0.869242,0.910214,0.859612,0.829634,0.907566,0.902696,0.903901,0.951765,0.897118,0.823497,0.871953,0.890373,0.896407,0.929679
0.891376,0.971554,0.95785,0.978269,0.981468,0.987076,0.996079,1,0.989682,0.920416,0.922414,0.869398,0.8758,0.914317,0.889347,0.968626,0.824779,0.878186,0.898612,0.910058,0.899073,0.855798,0.928449,0.874116,0.918974,0.885083,0.912696,0.90859,0.875815,0.9683,0.932962,0.888941,0.914494,0.921812,0.815569,0.976238,0.863997,0.915646,0.93086,0.99489,0.91714,0.94904,0.876028,0.909662,0.905029,0.902293,0.898196,0.868438,0.972117,0.944992,0.839304,0.986293,0.993801,0.91945,0.980807,0.987419,0.989512,0.995208,0.830612,0.884156,0.882319,0.813086,0.921689,0.910114,0.854984,0.929898,0.993499,0.889087,0.907178,0.924978,0.827222,0.87244,0.9336,0.958593,0.874137,0.849536,0.880184,0.891034,0.993918,0.979557,0.886486,0.836617,0.884621,0.850962,0.902288,0.816252,0.850537,0.918347,0.855463,0.826832,0.909335,0.901016,0.918292,0.96176,0.901142,0.821991,0.893424,0.913805,0.909016,0.916355
0.902824,0.951694,0.93552,0.961612,0.974667,0.963699,0.983578,0.989682,1,0.900026,0.929598,0.888977,0.880163,0.905837,0.885455,0.990774,0.844727,0.891736,0.917883,0.922228,0.90817,0.842688,0.941659,0.918486,0.941221,0.902973,0.905412,0.888631,0.885187,0.975259,0.91973,0.878775,0.921226,0.932889,0.827544,0.991399,0.866286,0.908649,0.92174,0.983517,0.95814,0.976282,0.875088,0.895064,0.904942,0.901238,0.905853,0.876374,0.947545,0.965266,0.832959,0.97168,0.986769,0.929901,0.962356,0.977322,0.997897,0.997695,0.829698,0.887132,0.914648,0.803202,0.901714,0.907613,0.867161,0.935773,0.982796,0.896973,0.909576,0.958223,0.858817,0.842072,0.945599,0.931197,0.878813,0.8347035,0.885526,0.887259,0.995967,0.961273,0.909114,0.885401,0.864641,0.830642,0.897269,0.822344,0.876177,0.886939,0.886178,0.848043,0.924214,0.890698,0.931825,0.98479,0.908017,0.794516,0.885969,0.917124,0.88581,0.917418
0.842153,0.899265,0.885637,0.902011,0.899387,0.913883,0.923911,0.920416,0.900026,1,0.94989,0.911503,0.841597,0.84204,0.818691,0.87858,0.837583,0.914432,0.837561,0.842522,0.837169,0.897483,0.879582,0.813345,0.840936,0.930526,0.844249,0.816669,0.829466,0.903806,0.9848,0.843235,0.95608,0.849163,0.829435,0.880893,0.793571,0.837751,0.865256,0.919044,0.833809,0.852169,0.777148,0.813112,0.84601,0.838325,0.827002,0.845441,0.900354,0.843387,0.794384,0.90632,0.91105,0.947785,0.904239,0.906869,0.898164,0.908405,0.845054,0.890015,0.795783,0.855322,0.841882,0.844947,0.814999,0.877252,0.923336,0.834888,0.852666,0.833527,0.793701,0.906628,0.879693,0.967148,0.796732,0.912696,0.870216,0.820081,0.907823,0.898538,0.827964,0.774547,0.917755,0.916278,0.835899,0.764414,0.886026,0.852469,0.846617,0.830026,0.838235,0.865611,0.857286,0.871445,0.912996,0.881136,0.822085,0.861488,0.848872,0.960022
0.842114,0.875047,0.857393,0.884894,0.897236,0.891917,0.921917,0.922414,0.929598,0.94989,1,0.961525,0.846762,0.826746,0.8072,0.919026,0.917109,0.937164,0.855112,0.862923,0.840912,0.909146,0.890417,0.907382,0.878465,0.967447,0.828425,0.818965,0.827767,0.908872,0.960022,0.810098,0.976236,0.8779,0.892896,0.92477,0.816109,0.826958,0.839894,0.912643,0.900878,0.909136,0.810745,0.822982,0.835567,0.827906,0.836741,0.865322,0.876986,0.893916,0.770686,0.896496,0.915051,0.987004,0.886303,0.900925,0.930315,0.929898,0.886536,0.947087,0.866398,0.823783,0.826367,0.843869,0.825409,0.875037,0.921011,0.831533,0.844493,0.893073,0.843228,0.862863,0.887742,0.910715,0.806578,0.8902382,0.872829,0.806767,0.929555,0.89608,0.847587,0.853495,0.918659,0.884578,0.828364,0.797204,0.928566,0.818909,0.955552,0.910917,0.871799,0.846703,0.857809,0.918104,0.979543,0.82794,0.810818,0.858383,0.810089,0.959208
0.805203,0.827,0.796413,0.825815,0.857919,0.829504,0.87531,0.869398,0.888977,0.911503,0.961525,1,0.849214,0.771062,0.765909,0.878204,0.895902,0.917134,0.82753,0.846959,0.806062,0.864476,0.826414,0.882837,0.840214,0.971595,0.786299,0.756449,0.781351,0.845499,0.904883,0.809606,0.934431,0.838815,0.865638,0.89433,0.827907,0.815036,0.830561,0.852942,0.876113,0.891247,0.764228,0.778427,0.796328,0.779275,0.764628,0.78265,0.812754,0.89465,0.803811,0.846523,0.876318,0.958935,0.833681,0.843074,0.892698,0.889602,0.839148,0.916494,0.817783,0.836723,0.761157,0.764806,0.775441,0.797894,0.884641,0.7973,0.80565,0.874963,0.820196,0.808432,0.822902,0.889357,0.739735,0.875055,0.877039,0.7563,0.88418,0.828829,0.839125,0.845961,0.852414,0.842311,0.791833,0.739864,0.94396,0.77359,0.943483,0.95827,0.828964,0.805932,0.873467,0.870142,0.923242,0.823721,0.781604,0.774098,0.756766,0.942562
0.896456,0.855633,0.869229,0.852554,0.831086,0.868511,0.895754,0.8758,0.880163,0.841597,0.846762,0.849214,1,0.874892,0.878321,0.85169,0.88639,0.947179,0.920118,0.96283,0.91217,0.887013,0.777361,0.832897,0.91161,0.882751,0.883703,0.850437,0.868315,0.818058,0.866526,0.871755,0.891409,0.928048,0.867172,0.922441,0.935661,0.854161,0.820461,0.85526,0.855549,0.932922,0.8035945,0.887924,0.913579,0.860432,0.769544,0.724906,0.851523,0.924747,0.88857,0.853546,0.866783,0.879359,0.85455,0.844659,0.900624,0.889877,0.841271,0.774601,0.79503,0.970778,0.904527,0.761325,0.849935,0.786607,0.896057,0.904603,0.916955,0.935183,0.857016,0.88928,0.787441,0.879022,0.855275,0.861542,0.993776,0.818755,0.893391,0.858071,0.932279,0.875523,0.832662,0.904277,0.925288,0.71792,0.943841,0.930653,0.870819,0.780002,0.86864,0.925737,0.77701,0.872124,0.832397,0.913086,0.878613,0.759482,0.828579,0.880326
0.95106,0.956507,0.973014,0.965834,0.930641,0.951271,0.891583,0.914317,0.905837,0.84204,0.826746,0.771062,0.874892,1,0.993442,0.910738,0.864355,0.826684,0.948409,0.93396,0.968055,0.913844,0.905786,0.847879,0.912101,0.790719,0.992603,0.907763,0.959486,0.922957,0.837335,0.952867,0.813473,0.88214,0.877104,0.883926,0.798596,0.912049,0.947109,0.939809,0.876321,0.885715,0.845007,0.911668,0.984045,0.988178,0.916143,0.859415,0.938037,0.838497,0.895536,0.952511,0.916111,0.826561,0.957632,0.956018,0.893752,0.900102,0.883196,0.824038,0.878937,0.858967,0.979074,0.908391,0.930638,0.906575,0.887601,0.976028,0.963809,0.912481,0.913133,0.881978,0.917931,0.857157,0.948439,0.834476,0.849695,0.970755,0.895328,0.904626,0.948528,0.896237,0.893625,0.89893,0.974286,0.90684,0.802733,0.960213,0.810115,0.739467,0.841002,0.861149,0.893661,0.896628,0.822375,0.869422,0.964932,0.872915,0.937412,0.812481
0.952475,0.938156,0.954234,0.946145,0.908659,0.930254,0.86667,0.889347,0.885455,0.818691,0.8072,0.765909,0.878321,0.993442,1,0.893729,0.870246,0.827696,0.951213,0.934422,0.971762,0.910949,0.890261,0.850011,0.910212,0.775699,0.991768,0.895367,0.960939,0.902493,0.813315,0.949882,0.799217,0.879858,0.883206,0.872147,0.789056,0.90045,0.940756,0.916959,0.873421,0.882169,0.839259,0.895912,0.979166,0.97802,0.90517,0.851838,0.923768,0.831737,0.89839,0.932223,0.893075,0.811836,0.937881,0.934973,0.874907,0.877938,0.885868,0.810602,0.868498,0.855267,0.968734,0.90163,0.933685,0.890425,0.863031,0.974494,0.961848,0.916184,0.919323,0.867849,0.901899,0.832783,0.935013,0.828074,0.85258,0.966002,0.873221,0.883785,0.950015,0.907026,0.877352,0.885878,0.972735,0.910461,0.809718,0.952716,0.813853,0.740461,0.843184,0.855284,0.887217,0.88382,0.804707,0.869055,0.961373,0.859911,0.937349,0.792777
0.909515,0.935521,0.922379,0.949985,0.962257,0.943455,0.957028,0.968626,0.990774,0.87858,0.919026,0.878204,0.85169,0.910738,0.893729,1,0.846497,0.876002,0.919799,0.905333,0.913073,0.834982,0.960123,0.949409,0.934603,0.88976,0.90917,0.87338,0.903789,0.978224,0.89999,0.875062,0.906667,0.912318,0.838306,0.975849,0.844547,0.898492,0.918826,0.968277,0.981045,0.9662,0.860996,0.880725,0.905869,0.9147,0.925849,0.90071,0.92716,0.950565,0.81536,0.95736,0.968181,0.919422,0.946737,0.96783,0.982659,0.980502,0.843954,0.886554,0.947046,0.780422,0.892667,0.918694,0.89013,0.942946,0.955997,0.905302,0.906046,0.955675,0.888114,0.828559,0.961248,0.898872,0.898413,0.8246057,0.857117,0.900088,0.97712,0.939546,0.908169,0.914258,0.858046,0.819304,0.891258,0.86204,0.863665,0.865106,0.889892,0.852149,0.908474,0.863074,0.94291,0.987409,0.90253,0.778673,0.888384,0.92484,0.87288,0.901982
0.907599,0.832345,0.844795,0.833489,0.804708,0.830208,0.822049,0.824779,0.844727,0.837583,0.917109,0.895902,0.88639,0.864355,0.870246,0.846497,1,0.917148,0.913955,0.913052,0.910874,0.970592,0.841258,0.930529,0.897916,0.896089,0.873752,0.77611,0.913437,0.82878,0.844344,0.840445,0.894292,0.886594,0.995314,0.87085,0.793638,0.82799,0.82018,0.828104,0.888369,0.886409,0.756544,0.79405,0.897534,0.857288,0.791025,0.849814,0.822197,0.844022,0.839092,0.81979,0.811973,0.901679,0.825975,0.826236,0.851915,0.838884,0.982933,0.888729,0.870765,0.871971,0.856983,0.783797,0.924307,0.819032,0.817619,0.904478,0.906952,0.908615,0.952678,0.829863,0.838637,0.79329,0.842927,0.907146,0.887905,0.812368,0.842667,0.806762,0.911423,0.942997,0.872088,0.896686,0.892563,0.824767,0.912167,0.848339,0.977267,0.879616,0.840949,0.862728,0.79441,0.866218,0.924437,0.858574,0.837739,0.785006,0.79904,0.844044
0.882125,0.828404,0.832516,0.834038,0.832728,0.846691,0.896189,0.878186,0.891736,0.914432,0.937164,0.917134,0.947179,0.826684,0.827696,0.876002,0.917148,1,0.900535,0.919187,0.88544,0.909582,0.811851,0.86581,0.912558,0.954704,0.836882,0.804024,0.852397,0.843131,0.945581,0.811427,0.98032,0.921266,0.888885,0.919096,0.874517,0.844212,0.804196,0.855299,0.876495,0.919133,0.808729,0.826842,0.863871,0.813795,0.783227,0.766723,0.829871,0.892922,0.836425,0.842115,0.865321,0.962805,0.833834,0.84122,0.904825,0.894372,0.869955,0.842478,0.838074,0.930344,0.83484,0.77511,0.845245,0.808824,0.89307,0.864759,0.886612,0.9218,0.854775,0.892453,0.814994,0.898257,0.792398,0.943206,0.969396,0.779751,0.89899,0.857675,0.894194,0.866985,0.882033,0.909288,0.866232,0.722313,0.976733,0.849623,0.917803,0.839692,0.882817,0.918925,0.7924,0.898101,0.928889,0.897474,0.809456,0.789567,0.789445,0.948712
0.996527,0.920708,0.931325,0.921985,0.896209,0.913933,0.884334,0.898612,0.917883,0.837561,0.855112,0.82753,0.920118,0.948409,0.951213,0.919799,0.913955,0.900535,1,0.986405,0.9959,0.908438,0.904953,0.915619,0.984477,0.849464,0.957921,0.846652,0.981337,0.920427,0.837904,0.923235,0.869437,0.965774,0.912477,0.93877,0.819501,0.912952,0.914802,0.914982,0.934762,0.953794,0.833284,0.858102,0.980614,0.934689,0.866684,0.866349,0.910879,0.897501,0.912737,0.903526,0.88662,0.853827,0.912782,0.915702,0.920435,0.907672,0.910313,0.822814,0.905346,0.866085,0.933646,0.869341,0.969659,0.911493,0.878073,0.986044,0.995292,0.98483,0.958094,0.824872,0.91309,0.837789,0.914874,0.885109,0.911508,0.892213,0.912745,0.881699,0.99234,0.956621,0.831054,0.864742,0.971829,0.812838,0.872792,0.910483,0.88224,0.778686,0.922806,0.933384,0.888904,0.947566,0.861171,0.844143,0.913429,0.87682,0.883761,0.812497
0.973074,0.917352,0.928655,0.914952,0.886518,0.917156,0.907612,0.910058,0.922228,0.842522,0.862923,0.846959,0.96283,0.93396,0.934422,0.905333,0.913052,0.919187,0.986405,1,0.978549,0.910181,0.862975,0.88476,0.977504,0.870806,0.942499,0.863444,0.946578,0.895431,0.84952,0.921402,0.880746,0.974428,0.902274,0.953402,0.868684,0.907648,0.897104,0.911667,0.91009,0.965013,0.841223,0.880185,0.971021,0.916977,0.835149,0.813962,0.909048,0.923428,0.924101,0.903696,0.894902,0.86805,0.910877,0.906425,0.933367,0.921347,0.88982,0.802081,0.86514,0.906435,0.93873,0.838303,0.929419,0.87579,0.90344,0.968079,0.984179,0.983659,0.923237,0.844503,0.873004,0.862864,0.895481,0.880106,0.95311,0.873422,0.926488,0.893685,0.987853,0.928462,0.835783,0.881153,0.970703,0.770602,0.899513,0.934417,0.886403,0.78175,0.924267,0.950517,0.85171,0.934697,0.86075,0.865474,0.912324,0.843072,0.880265,0.836855
0.994696,0.933531,0.944839,0.936285,0.908101,0.926358,0.879816,0.899073,0.90817,0.837169,0.840912,0.806062,0.91217,0.968055,0.971762,0.913073,0.910874,0.88544,0.9959,0.978549,1,0.916154,0.907297,0.904038,0.970688,0.827839,0.975275,0.859775,0.986901,0.920614,0.83218,0.932927,0.851126,0.949724,0.915328,0.920989,0.808193,0.916536,0.929008,0.922489,0.922132,0.935055,0.831571,0.867502,0.987422,0.950772,0.875267,0.869444,0.924988,0.879047,0.911781,0.91774,0.894256,0.84052,0.927434,0.929061,0.906607,0.898404,0.916419,0.832278,0.90242,0.864817,0.949919,0.883429,0.974338,0.910975,0.874695,0.991131,0.994413,0.972211,0.959606,0.838122,0.916515,0.84071,0.926318,0.879452,0.898896,0.912082,0.900324,0.885382,0.986561,0.952129,0.847612,0.871959,0.981648,0.841563,0.85798,0.925561,0.868858,0.767198,0.898467,0.92151,0.898671,0.933133,0.848826,0.854678,0.928024,0.873052,0.897378,0.804248
0.906782,0.890335,0.904594,0.893146,0.859109,0.887384,0.844656,0.855798,0.842688,0.897483,0.909146,0.864476,0.887013,0.913844,0.910949,0.834982,0.970592,0.909582,0.908438,0.910181,0.916154,1,0.844716,0.850167,0.881459,0.874692,0.917003,0.821965,0.908249,0.853799,0.8862,0.88566,0.888459,0.869076,0.967922,0.844466,0.780657,0.849253,0.867703,0.873875,0.826668,0.854654,0.760902,0.840712,0.92387,0.901719,0.820497,0.841664,0.872476,0.800674,0.863566,0.875782,0.852222,0.895695,0.885695,0.879061,0.841079,0.843362,0.962554,0.902485,0.821765,0.902071,0.906584,0.808893,0.89731,0.842914,0.840557,0.918814,0.919454,0.880746,0.906344,0.902766,0.852402,0.849083,0.870267,0.918869,0.882564,0.873406,0.844123,0.837334,0.909106,0.882014,0.934845,0.95699,0.917191,0.845048,0.895395,0.904761,0.916708,0.826019,0.819806,0.858211,0.818229,0.841359,0.907532,0.916886,0.885069,0.805366,0.863439,0.862172
0.923084,0.908854,0.904313,0.926949,0.922087,0.917321,0.90798,0.928449,0.941659,0.879582,0.890417,0.826414,0.777361,0.905786,0.890261,0.960123,0.841258,0.811851,0.904953,0.862975,0.907297,0.844716,1,0.936597,0.899572,0.83078,0.90729,0.813492,0.936744,0.987903,0.881091,0.877408,0.861878,0.866673,0.863354,0.910053,0.7356,0.848728,0.892971,0.945054,0.949876,0.89896,0.784454,0.812474,0.909774,0.919207,0.938548,0.981272,0.904693,0.857827,0.79701,0.919935,0.919225,0.861453,0.91555,0.939775,0.924688,0.928649,0.889239,0.879067,0.920405,0.745337,0.874905,0.926155,0.929189,0.988182,0.903768,0.91616,0.911387,0.895665,0.906851,0.79659,0.997564,0.86421,0.900527,0.81012,0.78065,0.898985,0.930354,0.896827,0.889172,0.898839,0.828049,0.814146,0.878669,0.892063,0.779449,0.838914,0.860066,0.823656,0.876928,0.826745,0.919377,0.94726,0.868272,0.767416,0.873781,0.963372,0.873957,0.844631
0.912722,0.824278,0.816678,0.842692,0.860382,0.834397,0.866563,0.874116,0.918486,0.813345,0.907382,0.882837,0.832897,0.847879,0.850011,0.949409,0.930529,0.86581,0.915619,0.88476,0.904038,0.850167,0.936597,1,0.910127,0.876843,0.855017,0.774286,0.920536,0.916149,0.838409,0.819757,0.875498,0.878328,0.932513,0.918429,0.785578,0.823436,0.816529,0.870201,0.989084,0.92739,0.784586,0.786372,0.878471,0.867498,0.869505,0.90723,0.820011,0.893251,0.784705,0.850696,0.872037,0.889461,0.836684,0.866346,0.911431,0.900633,0.922327,0.900209,0.952398,0.780022,0.816716,0.857057,0.929953,0.896534,0.867328,0.899906,0.887865,0.936711,0.957693,0.753397,0.92927,0.81058,0.854297,0.823888,0.840216,0.827558,0.899607,0.839929,0.907192,0.97692,0.799333,0.786234,0.858384,0.852613,0.863137,0.784767,0.963477,0.897466,0.864742,0.827018,0.885343,0.942598,0.899886,0.746496,0.822682,0.87075,0.765801,0.852386
0.976406,0.91192,0.916897,0.912541,0.893897,0.909324,0.913085,0.918974,0.941221,0.840936,0.878465,0.840214,0.91161,0.912101,0.910212,0.934603,0.897916,0.912558,0.984477,0.977504,0.970688,0.881459,0.899572,0.910127,1,0.86307,0.922338,0.852202,0.948556,0.925729,0.863375,0.889958,0.897814,0.985823,0.886482,0.963366,0.843526,0.924266,0.901597,0.918784,0.935504,0.970154,0.86268,0.872551,0.946348,0.895542,0.865212,0.855999,0.900636,0.913726,0.90983,0.899863,0.898615,0.875262,0.904407,0.910766,0.947157,0.934087,0.885424,0.820562,0.915473,0.836658,0.90439,0.853169,0.934618,0.913004,0.904279,0.95044,0.97664,0.985546,0.920953,0.820725,0.907608,0.848024,0.885808,0.901424,0.910656,0.862646,0.943326,0.898775,0.969857,0.92629,0.821717,0.837879,0.934929,0.782448,0.869352,0.887923,0.883216,0.794815,0.955449,0.95273,0.878655,0.96964,0.888945,0.817199,0.882759,0.882711,0.873529,0.835859
0.825866,0.836596,0.813408,0.838027,0.865027,0.845371,0.893705,0.885083,0.902973,0.930526,0.967447,0.971595,0.882751,0.790719,0.775699,0.88976,0.896089,0.954704,0.849464,0.870806,0.827839,0.874692,0.83078,0.876843,0.86307,1,0.781969,0.772685,0.798299,0.857278,0.9369,0.785038,0.964428,0.863073,0.863742,0.91123,0.847327,0.819698,0.809368,0.865523,0.883263,0.906063,0.780793,0.787435,0.818608,0.79758,0.780377,0.777061,0.81957,0.902992,0.767036,0.86102,0.887249,0.977023,0.848605,0.856926,0.908276,0.904004,0.840445,0.897068,0.823919,0.875066,0.781787,0.775916,0.789674,0.809729,0.900708,0.817429,0.828509,0.893257,0.831927,0.825907,0.828491,0.906881,0.757437,0.894096,0.914486,0.756845,0.899665,0.846435,0.855823,0.84964,0.868434,0.872194,0.808341,0.721808,0.967024,0.779582,0.936235,0.880724,0.843417,0.837498,0.830009,0.887226,0.932646,0.808265,0.766308,0.785862,0.758312,0.967922
0.960844,0.950633,0.967405,0.960886,0.925001,0.947876,0.890404,0.912696,0.905412,0.844249,0.828425,0.786299,0.883703,0.992603,0.991768,0.90917,0.873752,0.836882,0.957921,0.942499,0.975275,0.917003,0.90729,0.855017,0.922338,0.781969,1,0.901718,0.966517,0.924344,0.839301,0.970883,0.819774,0.894686,0.884565,0.88867,0.795647,0.90563,0.944964,0.939037,0.881541,0.894293,0.837306,0.908864,0.986341,0.979091,0.902892,0.862205,0.942006,0.841343,0.926953,0.942769,0.911445,0.826726,0.949207,0.950938,0.894681,0.899341,0.888396,0.825788,0.879547,0.861419,0.98095,0.90548,0.942959,0.910538,0.885093,0.980681,0.971687,0.922979,0.916707,0.886438,0.920327,0.855781,0.948872,0.839861,0.857933,0.962711,0.896841,0.903867,0.956702,0.905992,0.889922,0.896901,0.983204,0.892695,0.812215,0.96488,0.818131,0.770554,0.847922,0.873012,0.905343,0.901419,0.826014,0.891577,0.973469,0.87455,0.926819,0.808948
0.835758,0.882419,0.896453,0.903156,0.866917,0.917112,0.895916,0.90859,0.888631,0.816669,0.818965,0.756449,0.850437,0.907763,0.895367,0.87338,0.77611,0.804024,0.846652,0.863444,0.859775,0.821965,0.813492,0.774286,0.852202,0.772685,0.901718,1,0.824031,0.860652,0.827583,0.897049,0.829908,0.869288,0.773719,0.87954,0.900613,0.861989,0.853672,0.907235,0.815003,0.841297,0.97767,0.981501,0.88438,0.897237,0.852597,0.7597,0.925858,0.846844,0.826945,0.914477,0.883184,0.820412,0.901689,0.906722,0.892034,0.892932,0.763119,0.744669,0.877269,0.865594,0.95605,0.927962,0.814807,0.81988,0.882028,0.863125,0.854506,0.847645,0.784428,0.910356,0.815461,0.847102,0.908536,0.798483,0.822549,0.886182,0.890494,0.960002,0.847713,0.776104,0.916279,0.870832,0.91741,0.84709,0.7748754,0.946678,0.760393,0.719422,0.854131,0.875318,0.793103,0.888494,0.863112,0.864737,0.938164,0.860935,0.867392,0.793813
0.991304,0.913046,0.92714,0.919803,0.891686,0.903682,0.852063,0.875815,0.885187,0.829466,0.827767,0.781351,0.868315,0.959486,0.960939,0.903789,0.913437,0.852397,0.981337,0.946578,0.986901,0.908249,0.936744,0.920536,0.948556,0.798299,0.966517,0.824031,1,0.927551,0.820321,0.92328,0.82408,0.913797,0.93467,0.883835,0.754165,0.887307,0.911925,0.906288,0.922847,0.902521,0.788096,0.834615,0.979009,0.954753,0.880366,0.914428,0.899453,0.829673,0.888796,0.89599,0.87289,0.813722,0.906333,0.913841,0.874816,0.871546,0.942767,0.843316,0.911276,0.833633,0.928093,0.883421,0.991585,0.93203,0.847999,0.989882,0.982556,0.944918,0.980209,0.817997,0.943736,0.819176,0.93574,0.856582,0.855692,0.911886,0.873466,0.853104,0.972436,0.965474,0.831168,0.859498,0.960111,0.869474,0.821132,0.895332,0.868707,0.766401,0.868067,0.880631,0.899889,0.914034,0.831412,0.833815,0.91543,0.88463,0.874204,0.786643
0.929149,0.94415,0.937821,0.960027,0.957088,0.955584,0.950879,0.9683,0.975259,0.903806,0.908872,0.845499,0.818058,0.922957,0.902493,0.978224,0.82878,0.843131,0.920427,0.895431,0.920614,0.853799,0.987903,0.916149,0.925729,0.857278,0.924344,0.860652,0.927551,1,0.909385,0.898,0.891027,0.90302,0.834761,0.949042,0.785684,0.883345,0.917939,0.979232,0.947986,0.933275,0.832482,0.85806,0.925424,0.927064,0.938753,0.949073,0.943452,0.900283,0.827164,0.956354,0.958602,0.889225,0.951653,0.972084,0.963188,0.96737,0.857092,0.873394,0.914675,0.775851,0.907787,0.936651,0.912992,0.986991,0.946503,0.922802,0.928406,0.923076,0.882357,0.829691,0.989786,0.902729,0.907257,0.831945,0.82044,0.910878,0.968857,0.94051,0.905887,0.882045,0.855005,0.836508,0.904356,0.862557,0.810269,0.87795,0.848711,0.81494,0.908917,0.86533,0.92994,0.970784,0.886401,0.794588,0.896687,0.966608,0.901162,0.87588
0.83369,0.893713,0.879842,0.901168,0.904539,0.913748,0.942371,0.932962,0.91973,0.9848,0.960022,0.904883,0.866526,0.837335,0.813315,0.89999,0.844344,0.945581,0.837904,0.84952,0.83218,0.8862,0.881091,0.838409,0.863375,0.9369,0.839301,0.827583,0.820321,0.909385,1,0.817675,0.9807,0.868418,0.824387,0.910318,0.833879,0.830317,0.844718,0.923259,0.860152,0.887665,0.797247,0.838749,0.838089,0.830721,0.834329,0.843219,0.894344,0.871932,0.786473,0.906371,0.921715,0.968387,0.901873,0.909805,0.921212,0.926793,0.832031,0.892608,0.824708,0.860851,0.844597,0.835529,0.804035,0.883889,0.937968,0.826772,0.845691,0.862936,0.786651,0.920869,0.885501,0.962197,0.809775,0.896616,0.894068,0.817245,0.930283,0.906967,0.827104,0.792854,0.918553,0.909935,0.829574,0.766704,0.911448,0.856159,0.869825,0.839756,0.858894,0.863258,0.843006,0.898605,0.932113,0.881891,0.819256,0.860539,0.837803,0.973312
0.923976,0.912299,0.931305,0.925505,0.883573,0.916564,0.867756,0.888941,0.878775,0.843235,0.810098,0.809606,0.871755,0.952867,0.949882,0.875062,0.840445,0.811427,0.923235,0.921402,0.932927,0.88566,0.877408,0.819757,0.889958,0.785038,0.970883,0.897049,0.92328,0.898,0.817675,1,0.801236,0.869342,0.847227,0.866881,0.821087,0.859547,0.916083,0.91092,0.846543,0.871281,0.830174,0.914465,0.960813,0.959136,0.875994,0.827912,0.906062,0.814639,0.950065,0.912272,0.877675,0.797516,0.912812,0.914579,0.871576,0.875589,0.839723,0.767007,0.853107,0.867858,0.959062,0.874126,0.894665,0.881994,0.861835,0.952062,0.939585,0.894479,0.877361,0.885786,0.886521,0.851042,0.93287,0.793567,0.849155,0.937526,0.875345,0.886181,0.942438,0.873924,0.873255,0.898563,0.956173,0.852216,0.804679,0.955197,0.793617,0.774993,0.842654,0.845172,0.879236,0.878437,0.810546,0.90639,0.984293,0.858184,0.893013,0.775155
0.852636,0.850852,0.838223,0.864569,0.87324,0.877832,0.923361,0.914494,0.921226,0.95608,0.976236,0.934431,0.891409,0.813473,0.799217,0.906667,0.894292,0.98032,0.869437,0.880746,0.851126,0.888459,0.861878,0.875498,0.897814,0.964428,0.819774,0.829908,0.82408,0.891027,0.9807,0.801236,1,0.906252,0.863597,0.927992,0.849616,0.820941,0.804574,0.897318,0.888087,0.912916,0.830726,0.839438,0.834286,0.811341,0.826539,0.821963,0.862526,0.888866,0.79339,0.877774,0.899324,0.98574,0.86514,0.881305,0.927197,0.92287,0.849364,0.88623,0.859561,0.871694,0.827054,0.829372,0.820789,0.856753,0.918317,0.832066,0.853611,0.903847,0.826313,0.900553,0.861348,0.924575,0.804771,0.924688,0.922059,0.790863,0.926427,0.897611,0.856912,0.840782,0.914769,0.898406,0.834133,0.752892,0.951963,0.828862,0.919167,0.865623,0.89293,0.893958,0.82289,0.920932,0.965955,0.86803,0.80781,0.848286,0.795955,0.968731
0.952919,0.907163,0.906844,0.902814,0.883005,0.911825,0.922706,0.921812,0.932889,0.849163,0.8779,0.838815,0.928048,0.88214,0.879858,0.912318,0.886594,0.921266,0.965774,0.974428,0.949724,0.869076,0.866673,0.878328,0.985823,0.863073,0.894686,0.869288,0.913797,0.90302,0.868418,0.869342,0.906252,1,0.871214,0.962535,0.861177,0.920486,0.888588,0.913392,0.905505,0.955919,0.889501,0.878744,0.920151,0.860261,0.852621,0.828134,0.910525,0.913491,0.89582,0.894212,0.894006,0.874787,0.899448,0.899108,0.946346,0.933474,0.867949,0.814686,0.889776,0.848419,0.894386,0.852285,0.907963,0.882155,0.912706,0.919985,0.955687,0.971051,0.888786,0.827871,0.869869,0.864347,0.853843,0.904818,0.930649,0.835365,0.942973,0.918568,0.946917,0.890598,0.823679,0.830399,0.92363,0.749559,0.871404,0.889941,0.872947,0.786107,0.972695,0.986275,0.857551,0.957428,0.896072,0.820998,0.861193,0.877726,0.87999,0.841186
0.914167,0.839765,0.852364,0.841005,0.811242,0.834885,0.806503,0.815569,0.827544,0.829435,0.892896,0.865638,0.867172,0.877104,0.883206,0.838306,0.995314,0.888885,0.912477,0.902274,0.915328,0.967922,0.863354,0.932513,0.886482,0.863742,0.884565,0.773719,0.93467,0.834761,0.824387,0.847227,0.863597,0.871214,1,0.848107,0.766756,0.824186,0.830148,0.829228,0.889932,0.864044,0.743201,0.789281,0.903793,0.875268,0.806237,0.874964,0.827918,0.815061,0.832215,0.824002,0.806449,0.870278,0.832982,0.831901,0.830914,0.820608,0.9935,0.897218,0.880717,0.854021,0.860784,0.801699,0.946097,0.834349,0.801629,0.914876,0.907924,0.894377,0.96987,0.821169,0.859966,0.787208,0.858932,0.890292,0.865326,0.828106,0.823602,0.799222,0.908348,0.953639,0.866132,0.887615,0.894255,0.853594,0.880326,0.848641,0.96307,0.858556,0.822756,0.849542,0.811051,0.85324,0.904074,0.847142,0.843027,0.796064,0.806246,0.810828
0.916297,0.921508,0.90597,0.931318,0.948939,0.938886,0.977617,0.976238,0.991399,0.880893,0.92477,0.89433,0.922441,0.883926,0.872147,0.975849,0.87085,0.919096,0.93877,0.953402,0.920989,0.844466,0.910053,0.918429,0.963366,0.91123,0.88867,0.87954,0.883835,0.949042,0.910318,0.866881,0.927992,0.962535,0.848107,1,0.88779,0.900439,0.884223,0.960233,0.954581,0.991472,0.880954,0.89348,0.905351,0.87782,0.876818,0.842155,0.920751,0.974399,0.860329,0.94602,0.97052,0.929466,0.934029,0.94883,0.996585,0.991229,0.834437,0.866135,0.906267,0.841396,0.889868,0.873344,0.870464,0.906768,0.976769,0.901414,0.921877,0.979011,0.872415,0.83312,0.914372,0.921084,0.859738,0.857495,0.926005,0.857524,0.992251,0.947805,0.93227,0.901449,0.844024,0.8268,0.90423,0.785052,0.90182,0.884032,0.90229,0.847408,0.942935,0.926096,0.900762,0.983029,0.908379,0.802882,0.871349,0.888866,0.858318,0.912711
0.785301,0.837825,0.815179,0.8191054,0.865763,0.827942,0.883538,0.863997,0.866286,0.793571,0.816109,0.827907,0.935661,0.798596,0.789056,0.844547,0.793638,0.874517,0.819501,0.868684,0.808193,0.780657,0.7356,0.785578,0.843526,0.847327,0.795647,0.900613,0.754165,0.785684,0.833879,0.821087,0.849616,0.861177,0.766756,0.88779,1,0.90739,0.83876,0.830964,0.819455,0.884866,0.891871,0.950285,0.823583,0.80997,0.770175,0.66292,0.791596,0.939127,0.796144,0.84091,0.875512,0.856561,0.833239,0.828277,0.880494,0.876143,0.738717,0.808965,0.834234,0.938697,0.867055,0.739235,0.735804,0.731428,0.888038,0.808895,0.804372,0.865421,0.758888,0.893942,0.73932,0.866109,0.869765,0.860163,0.922019,0.778731,0.872626,0.850745,0.839168,0.800841,0.829655,0.866742,0.842109,0.707033,0.908277,0.882615,0.819029,0.771771,0.836211,0.868412,0.830652,0.849853,0.828657,0.865547,0.869796,0.730887,0.770611,0.881798
0.905134,0.971001,0.959168,0.954796,0.968482,0.940961,0.908372,0.915646,0.908649,0.837751,0.826958,0.815036,0.854161,0.912049,0.90045,0.898492,0.82799,0.844212,0.912952,0.907648,0.916536,0.849253,0.848728,0.823436,0.924266,0.819698,0.90563,0.861989,0.887307,0.883345,0.830317,0.859547,0.820941,0.920486,0.824186,0.900439,0.90739,1,0.977986,0.927277,0.861802,0.898058,0.886926,0.900848,0.895303,0.881121,0.84624,0.78954,0.922722,0.933665,0.866607,0.944649,0.946607,0.849691,0.958237,0.944477,0.903538,0.911412,0.846559,0.886308,0.887802,0.7781494,0.888374,0.824909,0.862905,0.838999,0.919263,0.888638,0.914577,0.904528,0.842456,0.820554,0.85888,0.891054,0.86564,0.915338,0.851063,0.886272,0.898707,0.870728,0.888548,0.832994,0.821279,0.81105,0.883439,0.803759,0.826295,0.881676,0.814276,0.789215,0.893633,0.922442,0.944944,0.889322,0.832341,0.781968,0.864248,0.822483,0.929838,0.872616
0.916641,0.980438,0.971146,0.972896,0.973647,0.9576,0.915201,0.93086,0.92174,0.865256,0.839894,0.830561,0.820461,0.947109,0.940756,0.918826,0.82018,0.804196,0.914802,0.897104,0.929008,0.867703,0.892971,0.816529,0.901597,0.809368,0.944964,0.853672,0.911925,0.917939,0.844718,0.916083,0.804574,0.888588,0.830148,0.884223,0.83876,0.977986,1,0.948801,0.863195,0.86641,0.847071,0.862671,0.921817,0.926694,0.893357,0.837397,0.942646,0.906148,0.878413,0.967593,0.954331,0.848999,0.974093,0.965827,0.907967,0.921521,0.857133,0.88137,0.85962,0.76774,0.909803,0.876632,0.883125,0.878896,0.923496,0.913975,0.925267,0.877891,0.858622,0.829284,0.899675,0.903801,0.864698,0.887613,0.814146,0.934034,0.907689,0.897806,0.896173,0.830972,0.850771,0.830369,0.906598,0.866625,0.787836,0.90453,0.7817188,0.803106,0.858262,0.889177,0.970976,0.873457,0.801391,0.804055,0.901723,0.862427,0.953112,0.867847
0.91638,0.982303,0.973751,0.990174,0.985699,0.993656,0.983565,0.99489,0.983517,0.919044,0.912643,0.852942,0.85526,0.939809,0.916959,0.968277,0.828104,0.855299,0.914982,0.911667,0.922489,0.873875,0.945054,0.870201,0.918784,0.865523,0.939037,0.907235,0.906288,0.979232,0.923259,0.91092,0.897318,0.913392,0.829228,0.960233,0.830964,0.927277,0.948801,1,0.913799,0.933216,0.86274,0.902951,0.929209,0.926686,0.913059,0.8905,0.982517,0.92547,0.85336,0.991327,0.98984,0.905341,0.989054,0.996276,0.977871,0.985931,0.850644,0.886965,0.883737,0.808987,0.940226,0.928439,0.886272,0.94763,0.980607,0.915174,0.929542,0.915427,0.84836,0.871895,0.95081,0.945494,0.895175,0.863359,0.853256,0.913703,0.983555,0.975669,0.89887,0.840332,0.891865,0.861096,0.92447,0.839231,0.824926,0.928055,0.839211,0.817307,0.895552,0.902359,0.932338,0.956244,0.890388,0.830314,0.911631,0.92911,0.924771,0.901281
0.926373,0.871211,0.858764,0.887553,0.907635,0.87907,0.908004,0.91714,0.95814,0.833809,0.900878,0.876113,0.855549,0.876321,0.873421,0.981045,0.888369,0.876495,0.934762,0.91009,0.922132,0.826668,0.949876,0.989084,0.935504,0.883263,0.881541,0.815003,0.922847,0.947986,0.860152,0.846543,0.888087,0.905505,0.889932,0.954581,0.819455,0.861802,0.863195,0.913799,1,0.960192,0.822889,0.826049,0.899739,0.889815,0.893915,0.901405,0.864792,0.932712,0.808301,0.896437,0.91723,0.899072,0.883051,0.911092,0.950787,0.941766,0.882327,0.878574,0.956408,0.792122,0.84908,0.884569,0.923149,0.920061,0.90915,0.914523,0.908268,0.963407,0.940927,0.774455,0.946938,0.846682,0.875119,0.824901,0.860402,0.857866,0.939605,0.882397,0.926536,0.967753,0.80715,0.790252,0.883322,0.848862,0.872369,0.816905,0.927422,0.869069,0.893722,0.851739,0.919051,0.972885,0.885469,0.75598,0.851865,0.896067,0.806992,0.873827
0.932192,0.8977,0.889091,0.907425,0.92911,0.908291,0.951678,0.94904,0.976282,0.852169,0.909136,0.891247,0.932922,0.885715,0.882169,0.9662,0.886409,0.919133,0.953794,0.965013,0.935055,0.854654,0.89896,0.92739,0.970154,0.906063,0.894293,0.841297,0.902521,0.933275,0.887665,0.871281,0.912916,0.955919,0.864044,0.991472,0.884866,0.898058,0.86641,0.933216,0.960192,1,0.847832,0.866602,0.92162,0.883102,0.859892,0.829708,0.885514,0.975508,0.880228,0.91715,0.948364,0.917654,0.906913,0.923185,0.980968,0.972265,0.845817,0.856113,0.899116,0.860544,0.884367,0.839865,0.88578,0.896965,0.953093,0.92201,0.937724,0.989346,0.892946,0.810714,0.906905,0.889735,0.8542331,0.857644,0.930071,0.858445,0.97463,0.907442,0.955003,0.927589,0.815666,0.830005,0.914751,0.776718,0.912651,0.877926,0.909801,0.848464,0.93284,0.911052,0.893848,0.972938,0.887358,0.810876,0.872729,0.866974,0.841878,0.899911
0.817655,0.834624,0.840996,0.844715,0.828,0.861119,0.868071,0.876028,0.875088,0.777148,0.810745,0.764228,0.8035945,0.845007,0.839259,0.860996,0.756544,0.808729,0.833284,0.841223,0.831571,0.760902,0.784454,0.784586,0.86268,0.780793,0.837306,0.97767,0.788096,0.832482,0.797247,0.830174,0.830726,0.889501,0.743201,0.880954,0.891871,0.886926,0.847071,0.86274,0.822889,0.847832,1,0.95027,0.823701,0.829439,0.821444,0.736752,0.882662,0.863067,0.782475,0.861611,0.850001,0.814114,0.844723,0.855065,0.883462,0.876309,0.741975,0.75828,0.884531,0.805033,0.893888,0.905714,0.795649,0.787261,0.857038,0.809748,0.821538,0.85449,0.765301,0.852241,0.779295,0.805004,0.863066,0.830349,0.809228,0.833771,0.875212,0.934107,0.810719,0.764018,0.86917,0.803812,0.85978,0.813051,0.783198,0.875543,0.771663,0.726149,0.905894,0.900502,0.81584,0.892359,0.866208,0.79354,0.877377,0.860808,0.843846,0.788833
0.845237,0.888016,0.906653,0.907377,0.874653,0.914223,0.904405,0.909662,0.895064,0.813112,0.822982,0.778427,0.887924,0.911668,0.895912,0.880725,0.79405,0.826842,0.858102,0.880185,0.867502,0.840712,0.812474,0.786372,0.872551,0.787435,0.908864,0.981501,0.834615,0.85806,0.838749,0.914465,0.839438,0.878744,0.789281,0.89348,0.950285,0.900848,0.862671,0.902951,0.826049,0.866602,0.95027,1,0.899638,0.910456,0.869442,0.756531,0.896233,0.883861,0.868039,0.912617,0.890591,0.834254,0.902153,0.904274,0.90028,0.899543,0.77415,0.759784,0.887192,0.904471,0.960906,0.871388,0.808446,0.820728,0.891356,0.878315,0.869861,0.862637,0.790159,0.933784,0.819201,0.853912,0.931702,0.826455,0.850577,0.897813,0.899911,0.934912,0.868903,0.793523,0.909391,0.897502,0.916905,0.831415,0.819606,0.962866,0.779955,0.746519,0.858338,0.876276,0.809806,0.89423,0.863314,0.895112,0.957133,0.821989,0.867074,0.814623
0.980475,0.937863,0.958833,0.946379,0.907552,0.935171,0.884636,0.905029,0.904942,0.84601,0.835567,0.796328,0.913579,0.984045,0.979166,0.905869,0.897534,0.863871,0.980614,0.971021,0.987422,0.92387,0.909774,0.878471,0.946348,0.818608,0.986341,0.88438,0.979009,0.925424,0.838089,0.960813,0.834286,0.920151,0.903793,0.905351,0.823583,0.895303,0.921817,0.929209,0.899739,0.92162,0.823701,0.899638,1,0.980154,0.890268,0.866799,0.922972,0.861514,0.91592,0.92697,0.897773,0.829824,0.934845,0.935764,0.899315,0.898036,0.90115,0.811116,0.880365,0.889287,0.9739,0.886127,0.956822,0.917047,0.879768,0.997147,0.989933,0.951959,0.944201,0.869497,0.921337,0.849088,0.956988,0.84538,0.892147,0.942796,0.899146,0.889783,0.986472,0.937493,0.870874,0.906899,0.988773,0.858506,0.84883,0.952619,0.848769,0.746232,0.873738,0.890848,0.876234,0.91382,0.833058,0.878062,0.961047,0.878514,0.906768,0.804435
