0,1,2,3,4,5,6,7,8,9,10,11,12,13,14,15,16,17,18,19,20,21,22,23,24,25,26,27,28,29,30,31,32,33,34,35,36,37,38,39,40,41,42,43,44,45,46,47,48,49,50,51,52,53,54,55,56,57,58,59,60,61,62,63,64,65,66,67,68,69,70,71,72,73,74,75,76,77,78,79,80,81,82,83,84,85,86,87,88,89,90,91,92,93,94,95,96,97,98,99
1.0,0.787735,0.960969,0.899078,0.897871,0.939996,0.910725,0.902722,0.965256,0.978648,0.903473,0.834993,0.984386,0.842095,0.833414,0.820769,0.932811,0.94253,0.815319,0.878023,0.839324,0.911593,0.903009,0.830554,0.877142,0.853654,0.910594,0.931262,0.805742,0.868912,0.888589,0.907083,0.853959,0.863372,0.971688,0.84666,0.893025,0.912319,0.961539,0.85288,0.795346,0.91517,0.817766,0.807314,0.854813,0.804367,0.953694,0.853217,0.9706,0.81761,0.865056,0.838515,0.835382,0.853569,0.871268,0.938569,0.866166,0.902476,0.90513,0.88988,0.898052,0.855656,0.77743,0.828436,0.849332,0.854752,0.887175,0.84051,0.857619,0.931668,0.939063,0.963907,0.933965,0.962577,0.948676,0.924604,0.915324,0.913503,0.881335,0.8136,0.884109,0.836166,0.813817,0.871842,0.880175,0.853059,0.902138,0.978827,0.874248,0.81509,0.836197,0.911454,0.807971,0.891593,0.784542,0.816302,0.80272,0.85102,0.911236,0.828586
0.787735,1.0,0.761719,0.922585,0.867938,0.693787,0.808267,0.831969,0.746138,0.729672,0.837332,0.823035,0.765082,0.908688,0.928169,0.925849,0.84301,0.818201,0.881925,0.836493,0.921731,0.805334,0.764069,0.839226,0.83116,0.764403,0.815969,0.821192,0.92074,0.693761,0.733459,0.80342,0.896546,0.79565,0.760183,0.785614,0.840879,0.804855,0.749631,0.777704,0.755688,0.747183,0.785928,0.729843,0.801586,0.741833,0.792479,0.838581,0.728741,0.82644,0.952755,0.92291,0.944616,0.923347,0.906075,0.710255,0.893374,0.793664,0.787834,0.798385,0.845027,0.866271,0.984644,0.861288,0.851913,0.896719,0.883613,0.901841,0.853756,0.728277,0.852598,0.788005,0.754979,0.768754,0.787336,0.725404,0.876134,0.735925,0.841345,0.912974,0.818831,0.764982,0.784466,0.932204,0.816095,0.808749,0.847945,0.869138,0.755222,0.884857,0.762429,0.870236,0.824691,0.843204,0.790845,0.753324,0.75958,0.818322,0.712335,0.857048
0.960969,0.761719,1.0,0.873377,0.872671,0.977308,0.936377,0.925339,0.981217,0.922219,0.858085,0.820236,0.969426,0.807518,0.830091,0.789846,0.962025,0.976296,0.7826453,0.823756,0.798782,0.881969,0.951628,0.861574,0.866972,0.891274,0.863384,0.953043,0.801721,0.944582,0.889313,0.8740515,0.840698,0.884457,0.977209,0.887602,0.840907,0.893071,0.906184,0.803689,0.804044,0.83829,0.799413,0.821131,0.834054,0.812974,0.89095,0.8044067,0.973915,0.809347,0.853899,0.808561,0.812979,0.831843,0.865299,0.969946,0.866739,0.935707,0.8740604,0.811638,0.868506,0.811526,0.751889,0.807257,0.82,0.800463,0.871829,0.793394,0.837513,0.964032,0.904082,0.986535,0.986764,0.939611,0.984474,0.872622,0.893402,0.981533,0.865849,0.795475,0.853972,0.799448,0.816618,0.864085,0.865421,0.826927,0.867715,0.94525,0.941287,0.775022,0.804494,0.906703,0.814735,0.87353,0.767208,0.815806,0.802245,0.867762,0.979764,0.817331
0.899078,0.922585,0.873377,1.0,0.982835,0.805147,0.897468,0.913203,0.857602,0.853217,0.839917,0.798104,0.877692,0.910963,0.859547,0.865769,0.911359,0.905283,0.882202,0.921698,0.907571,0.81777,0.876332,0.933895,0.932385,0.900593,0.819826,0.924167,0.934124,0.814898,0.86553,0.938418,0.95792,0.93422,0.872457,0.924041,0.793759,0.933832,0.873099,0.863535,0.842017,0.852677,0.866195,0.828672,0.816768,0.832098,0.904547,0.846269,0.851332,0.877652,0.927997,0.913887,0.969357,0.968469,0.959834,0.81354,0.961853,0.88129,0.920487,0.827237,0.959569,0.895417,0.887093,0.890496,0.893817,0.893225,0.972909,0.901065,0.884574,0.857359,0.892159,0.889237,0.862434,0.891345,0.883903,0.844521,0.908347,0.851345,0.960818,0.907726,0.81842,0.83315,0.848631,0.892336,0.810821,0.876195,0.948035,0.947819,0.875486,0.886223,0.859343,0.982498,0.833265,0.968189,0.846069,0.83234,0.852167,0.826364,0.835334,0.889197
0.897871,0.867938,0.872671,0.982835,1.0,0.820202,0.907534,0.915919,0.868448,0.875566,0.84957,0.784181,0.893114,0.909281,0.845373,0.839887,0.914277,0.910403,0.898096,0.946547,0.896137,0.830553,0.899316,0.970638,0.936005,0.952521,0.833952,0.927063,0.901204,0.869113,0.914758,0.970546,0.971881,0.976832,0.882519,0.969209,0.80751,0.967772,0.899477,0.886615,0.884648,0.876727,0.893309,0.876355,0.843095,0.877297,0.908618,0.872134,0.87531,0.910298,0.880002,0.911199,0.957679,0.970332,0.929109,0.821241,0.943353,0.894461,0.956031,0.833785,0.966307,0.886718,0.845671,0.913485,0.910695,0.867316,0.983943,0.857434,0.907465,0.905371,0.897745,0.893243,0.874073,0.921707,0.888086,0.865459,0.891767,0.874977,0.980196,0.91883,0.843483,0.866985,0.8836,0.873314,0.829813,0.889583,0.968429,0.924241,0.925129,0.912645,0.890589,0.990278,0.843559,0.994088,0.863613,0.875316,0.891277,0.855061,0.87441,0.914811
0.939996,0.693787,0.977308,0.805147,0.820202,1.0,0.896582,0.879213,0.977188,0.934948,0.853464,0.844946,0.965546,0.774417,0.797217,0.760736,0.903756,0.924891,0.785246,0.748424,0.765167,0.875816,0.919542,0.836375,0.850262,0.912042,0.857619,0.907024,0.728142,0.96581,0.933725,0.896061,0.792295,0.879609,0.968879,0.876638,0.837352,0.898312,0.930155,0.801122,0.840674,0.859131,0.820869,0.874911,0.873,0.862069,0.885438,0.833871,0.976741,0.81112,0.784147,0.773357,0.741732,0.7642074,0.819671,0.994993,0.815814,0.911643,0.906185,0.824597,0.852984,0.783657,0.72035,0.809307,0.7881999,0.771914,0.8150085,0.733732,0.833866,0.955179,0.860922,0.951833,0.960121,0.936981,0.947678,0.910849,0.849525,0.967577,0.849811,0.7654993,0.870452,0.833269,0.853867,0.810147,0.874919,0.808419,0.860561,0.895143,0.921805,0.770422,0.7993278,0.8408081,0.812736,0.852901,0.7601647,0.858489,0.829197,0.872704,0.979905,0.7984277
0.910725,0.808267,0.936377,0.897468,0.907534,0.896582,1.0,0.99685,0.947903,0.897041,0.819983,0.863931,0.932075,0.827847,0.878404,0.861532,0.952522,0.959667,0.816268,0.849907,0.829359,0.876473,0.979057,0.876495,0.905446,0.894171,0.865251,0.972249,0.878304,0.881714,0.8829,0.916157,0.878242,0.903698,0.952534,0.899461,0.822508,0.905342,0.88926,0.828131,0.835814,0.838855,0.84316,0.833463,0.808444,0.832231,0.890577,0.844741,0.911663,0.848997,0.872118,0.833514,0.860331,0.860311,0.937226,0.909403,0.951046,0.988396,0.908075,0.82318,0.912618,0.825165,0.820332,0.84875,0.8475,0.800978,0.910052,0.850693,0.827382,0.8702305,0.881601,0.948617,0.931516,0.89067,0.947915,0.841638,0.938932,0.940207,0.88546,0.83867,0.815023,0.821539,0.825269,0.907041,0.813285,0.851426,0.885624,0.914837,0.873964,0.813009,0.83766,0.937474,0.889293,0.918981,0.811878,0.830576,0.841496,0.776082,0.896998,0.85634
0.902722,0.831969,0.925339,0.913203,0.915919,0.879213,0.99685,1.0,0.930845,0.88596,0.818562,0.862514,0.918795,0.832446,0.889504,0.869959,0.950093,0.954091,0.821483,0.856897,0.838927,0.864503,0.968497,0.885668,0.9072,0.892086,0.85761,0.972668,0.901782,0.8644,0.877605,0.918709,0.892395,0.906832,0.936452,0.900957,0.819371,0.912045,0.881352,0.822393,0.833652,0.826512,0.841365,0.82852,0.812951,0.829149,0.887231,0.847446,0.899976,0.849589,0.890466,0.839875,0.879836,0.876347,0.952316,0.891142,0.968327,0.986251,0.907267,0.824101,0.920636,0.826138,0.838625,0.850984,0.848797,0.804761,0.923016,0.869359,0.839533,0.8622651,0.882373,0.938628,0.918221,0.891785,0.937846,0.839456,0.950666,0.924009,0.898012,0.843897,0.812855,0.817431,0.828489,0.92429,0.808158,0.849811,0.896488,0.916056,0.874381,0.816341,0.832325,0.945919,0.892068,0.925679,0.81112,0.828918,0.837539,0.783992,0.885463,0.858263
0.965256,0.746138,0.981217,0.857602,0.868448,0.977188,0.947903,0.930845,1.0,0.951417,0.868941,0.868533,0.989328,0.812685,0.839536,0.824584,0.943999,0.96047,0.786487,0.804081,0.811256,0.91649,0.947111,0.822009,0.883246,0.883154,0.896382,0.937825,0.785292,0.94226,0.915447,0.88988,0.817096,0.8514634,0.998384,0.854398,0.860665,0.890777,0.935694,0.8356,0.7997298,0.887293,0.816325,0.832683,0.837585,0.819984,0.917429,0.823268,0.984992,0.810019,0.825741,0.814349,0.804074,0.811838,0.872464,0.98028,0.869919,0.939961,0.895854,0.834058,0.874719,0.824263,0.771512,0.815597,0.829205,0.807379,0.852207,0.799818,0.827411,0.951836,0.907808,0.982943,0.973835,0.941718,0.976645,0.882027,0.904214,0.97135,0.836883,0.80091,0.869656,0.829122,0.807603,0.862752,0.882083,0.842754,0.862102,0.934702,0.912784,0.786443,0.82687,0.889836,0.845904,0.869915,0.78814,0.826137,0.80951,0.848377,0.95579,0.819629
0.978648,0.729672,0.922219,0.853217,0.875566,0.934948,0.897041,0.88596,0.951417,1.0,0.891664,0.885057,0.975261,0.836539,0.829725,0.815005,0.881425,0.894425,0.816255,0.862472,0.832319,0.913328,0.887822,0.809314,0.885256,0.867122,0.920006,0.910982,0.75915,0.858601,0.904375,0.906815,0.820624,0.866644,0.959298,0.853074,0.903447,0.897439,0.975944,0.889996,0.831193,0.953827,0.844469,0.846197,0.86161,0.839955,0.970561,0.866051,0.953199,0.832767,0.823449,0.830435,0.788481,0.815164,0.843545,0.940305,0.838348,0.905184,0.914925,0.904658,0.887415,0.852056,0.766082,0.834498,0.858412,0.840436,0.853954,0.807631,0.834853,0.899256,0.901132,0.921664,0.885846,0.943286,0.900235,0.948836,0.897042,0.880379,0.864141,0.8085,0.884254,0.852379,0.830657,0.852739,0.86744,0.87067,0.87318,0.93424,0.831419,0.826553,0.880974,0.881997,0.844186,0.87498,0.797094,0.840663,0.844073,0.829799,0.876754,0.838658
0.903473,0.837332,0.858085,0.839917,0.84957,0.853464,0.819983,0.818562,0.868941,0.891664,1.0,0.764134,0.898453,0.876856,0.894546,0.880481,0.887259,0.8736,0.914889,0.853911,0.88061,0.939079,0.807757,0.85053,0.807298,0.816583,0.945836,0.820505,0.833396,0.804311,0.851609,0.863499,0.895197,0.816065,0.871503,0.798244,0.964381,0.886395,0.906459,0.801448,0.806555,0.856033,0.815763,0.810541,0.945492,0.818883,0.845499,0.955669,0.895591,0.859879,0.790316,0.89428,0.884302,0.896534,0.78293,0.847406,0.799454,0.806775,0.862902,0.939911,0.843312,0.834326,0.852741,0.892883,0.864704,0.83758,0.884902,0.857189,0.963706,0.884883,0.961839,0.884526,0.856253,0.92116,0.875527,0.870969,0.841763,0.816746,0.837684,0.90919,0.987847,0.876029,0.856398,0.818574,0.98524,0.821314,0.906066,0.880737,0.851197,0.912672,0.780149,0.851659,0.774671,0.849727,0.782562,0.849542,0.786983,0.964507,0.833708,0.881061
0.834993,0.823035,0.820236,0.798104,0.784181,0.844946,0.863931,0.862514,0.868533,0.885057,0.764134,1.0,0.865497,0.805408,0.859016,0.853238,0.800348,0.809638,0.741959,0.751631,0.839008,0.867097,0.819622,0.707818,0.861416,0.773185,0.869837,0.857436,0.766226,0.78378,0.784342,0.784035,0.722515,0.770225,0.876732,0.760918,0.836137,0.752377,0.83177,0.891974,0.833414,0.865347,0.838962,0.820192,0.748964,0.822758,0.892854,0.764459,0.830591,0.803118,0.853736,0.798398,0.744195,0.72845,0.888126,0.876105,0.853021,0.885624,0.794432,0.805613,0.80236,0.858914,0.860776,0.780616,0.828633,0.87262,0.750235,0.788379,0.698077,0.752388,0.785175,0.823391,0.785706,0.783915,0.805942,0.809933,0.885671,0.806272,0.75279,0.755078,0.76184,0.790008,0.788371,0.882549,0.753373,0.884923,0.72182,0.8126241,0.6921175,0.762817,0.880392,0.794534,0.955829,0.773687,0.805385,0.806035,0.851978,0.697655,0.770085,0.802384
0.984386,0.765082,0.969426,0.877692,0.893114,0.965546,0.932075,0.918795,0.989328,0.975261,0.898453,0.865497,1.0,0.830784,0.838013,0.826578,0.940354,0.953584,0.819371,0.834849,0.832478,0.921803,0.921278,0.839506,0.89042,0.890733,0.912507,0.925016,0.791503,0.916614,0.922027,0.917722,0.841745,0.876409,0.990976,0.859896,0.879382,0.918503,0.967141,0.852438,0.820661,0.925577,0.831815,0.842774,0.860114,0.835523,0.93542,0.85499,0.986379,0.828905,0.819168,0.831268,0.823408,0.836724,0.878693,0.966509,0.872627,0.921217,0.922116,0.869172,0.898986,0.839111,0.784664,0.836485,0.843503,0.82734,0.876238,0.821629,0.855943,0.952993,0.931213,0.977149,0.957425,0.966285,0.965096,0.924436,0.915159,0.945183,0.873421,0.816174,0.892316,0.852572,0.830865,0.865013,0.892643,0.850756,0.895722,0.949383,0.901624,0.819757,0.83782,0.90226,0.837957,0.894525,0.788282,0.842188,0.823068,0.863076,0.938365,0.835097
0.842095,0.908688,0.807518,0.910963,0.909281,0.774417,0.827847,0.832446,0.812685,0.836539,0.876856,0.805408,0.830784,1.0,0.891519,0.913888,0.819886,0.815874,0.959646,0.861197,0.986161,0.906341,0.823374,0.865994,0.904083,0.874944,0.911879,0.863733,0.86274,0.804715,0.848599,0.889966,0.902374,0.888269,0.829768,0.879878,0.871977,0.864396,0.842946,0.922448,0.915922,0.8327,0.933162,0.885046,0.903539,0.899849,0.891128,0.927027,0.795963,0.972089,0.8393,0.995996,0.9125,0.91851,0.873952,0.792808,0.867187,0.831679,0.885916,0.916794,0.901403,0.976677,0.92295,0.981502,0.987614,0.974966,0.887605,0.841545,0.874257,0.79441,0.835529,0.807784,0.785783,0.820777,0.798303,0.817682,0.812198,0.803054,0.891887,0.970783,0.89282,0.910283,0.936336,0.7839514,0.862112,0.951923,0.865302,0.868473,0.808004,0.960998,0.913546,0.903427,0.873164,0.900978,0.933499,0.912367,0.914649,0.864432,0.787186,0.982886
0.833414,0.928169,0.830091,0.859547,0.845373,0.797217,0.878404,0.889504,0.839536,0.829725,0.894546,0.859016,0.838013,0.891519,1.0,0.975826,0.890195,0.869391,0.881165,0.856779,0.920143,0.920346,0.827948,0.834663,0.818665,0.78092,0.930779,0.877748,0.937259,0.745942,0.761045,0.805536,0.890834,0.808931,0.848624,0.800764,0.935141,0.804784,0.790109,0.817566,0.802202,0.784214,0.808795,0.767962,0.852731,0.783326,0.852009,0.884027,0.815061,0.867537,0.899308,0.914094,0.901477,0.900153,0.876968,0.813214,0.8823,0.876823,0.794441,0.859094,0.810251,0.852496,0.960155,0.880321,0.893631,0.848361,0.869094,0.941069,0.871446,0.770488,0.910571,0.850948,0.808773,0.804491,0.845491,0.75684,0.922294,0.800949,0.820368,0.918105,0.877856,0.785734,0.817487,0.930185,0.883764,0.860232,0.820605,0.865381,0.763915,0.907914,0.812264,0.86163,0.876464,0.830135,0.816116,0.796005,0.801573,0.849781,0.772522,0.898259
0.820769,0.925849,0.789846,0.865769,0.839887,0.760736,0.861532,0.869959,0.824584,0.815005,0.880481,0.853238,0.826578,0.913888,0.975826,1.0,0.84461,0.826611,0.87996,0.838996,0.949214,0.923346,0.798623,0.813048,0.835595,0.776668,0.930214,0.834979,0.933784,0.721558,0.766612,0.798654,0.865048,0.796437,0.836834,0.791098,0.904042,0.786922,0.790787,0.832322,0.798514,0.806373,0.814911,0.768568,0.832801,0.781412,0.853891,0.871601,0.798555,0.868736,0.845563,0.932458,0.911204,0.885635,0.887663,0.781672,0.886315,0.843262,0.792126,0.871339,0.821163,0.885275,0.964002,0.884279,0.900799,0.891444,0.840739,0.95268,0.846482,0.749945,0.885809,0.82205,0.777313,0.786612,0.812588,0.735932,0.904329,0.76997,0.790499,0.920111,0.870235,0.804435,0.806862,0.891038,0.874667,0.86673,0.799341,0.85327,0.733041,0.900589,0.818017,0.842437,0.872048,0.821648,0.835895,0.796574,0.802714,0.822711,0.729717,0.896005
0.932811,0.84301,0.962025,0.911359,0.914277,0.903756,0.952522,0.950093,0.943999,0.881425,0.887259,0.800348,0.940354,0.819886,0.890195,0.84461,1.0,0.99731,0.824338,0.884516,0.821277,0.876291,0.945574,0.892107,0.856235,0.847535,0.864514,0.944145,0.883953,0.876667,0.822648,0.880424,0.912688,0.878991,0.945437,0.876733,0.855661,0.891087,0.871733,0.796593,0.787883,0.822962,0.796538,0.772051,0.80097,0.777786,0.857085,0.828327,0.929356,0.818619,0.873109,0.833441,0.896734,0.908994,0.890862,0.903424,0.901963,0.928174,0.862729,0.802787,0.877383,0.80626,0.823649,0.825254,0.828262,0.78908,0.930226,0.873975,0.874126,0.92564,0.955758,0.983157,0.967198,0.916437,0.985044,0.829725,0.930625,0.943995,0.890878,0.854477,0.848145,0.785002,0.78706,0.908434,0.87613,0.822801,0.900152,0.944602,0.916225,0.838076,0.793164,0.938572,0.818669,0.905959,0.763202,0.780555,0.791372,0.867444,0.921924,0.834759
0.94253,0.818201,0.976296,0.905283,0.910403,0.924891,0.959667,0.954091,0.96047,0.894425,0.8736,0.809638,0.953584,0.815874,0.869391,0.826611,0.99731,1.0,0.812593,0.874868,0.815461,0.879428,0.958283,0.884776,0.866203,0.859785,0.863874,0.952375,0.8646,0.90066,0.83999,0.885286,0.89678,0.883885,0.960409,0.883838,0.842601,0.891048,0.884231,0.802135,0.793922,0.831934,0.802029,0.780603,0.799479,0.784369,0.86676,0.819378,0.9448,0.81944,0.867462,0.824494,0.878151,0.890648,0.892391,0.923124,0.901227,0.938822,0.870084,0.804401,0.88278,0.808518,0.801054,0.823044,0.828222,0.789727,0.920603,0.852788,0.857038,0.940874,0.943557,0.991114,0.979967,0.924952,0.992326,0.841581,0.925879,0.962419,0.888183,0.834733,0.841844,0.790706,0.789385,0.900451,0.865439,0.827035,0.893237,0.945564,0.928202,0.817792,0.800339,0.936884,0.825131,0.904874,0.764528,0.784791,0.798303,0.859665,0.940745,0.832529
0.815319,0.881925,0.7826453,0.882202,0.898096,0.785246,0.816268,0.821483,0.786487,0.816255,0.914889,0.741959,0.819371,0.959646,0.881165,0.87996,0.824338,0.812593,1.0,0.843244,0.955477,0.872782,0.821065,0.888301,0.887613,0.883503,0.877365,0.843939,0.876629,0.827913,0.865414,0.908113,0.932003,0.891753,0.797448,0.87934,0.865316,0.896632,0.861017,0.863133,0.906978,0.799782,0.912696,0.887312,0.933558,0.901249,0.828882,0.970997,0.803825,0.959873,0.789188,0.969238,0.924346,0.935879,0.837061,0.767194,0.847723,0.822179,0.90592,0.91512,0.904316,0.906152,0.890281,0.979253,0.94845,0.894257,0.911934,0.818602,0.942557,0.84335,0.849563,0.791528,0.7826054,0.858195,0.780808,0.857993,0.774755,0.800635,0.906657,0.971838,0.941114,0.931025,0.938531,0.765859,0.90057,0.897822,0.903064,0.816875,0.848263,0.969474,0.866271,0.899227,0.845355,0.902058,0.854823,0.918264,0.893126,0.937543,0.812154,0.97364
0.878023,0.836493,0.823756,0.921698,0.946547,0.748424,0.849907,0.856897,0.804081,0.862472,0.853911,0.751631,0.834849,0.861197,0.856779,0.838996,0.884516,0.874868,0.843244,1.0,0.853353,0.816289,0.884702,0.956627,0.821733,0.896336,0.844659,0.864653,0.848033,0.827891,0.81435,0.877269,0.941279,0.938793,0.824479,0.945449,0.854633,0.886526,0.846581,0.858777,0.829508,0.860613,0.815953,0.804915,0.7719684,0.808563,0.891611,0.819363,0.799365,0.861662,0.853792,0.867,0.908763,0.939586,0.843971,0.752371,0.854401,0.835491,0.85489,0.847643,0.854266,0.839509,0.8277,0.848258,0.874809,0.823477,0.923203,0.874162,0.8613297,0.837321,0.902292,0.844966,0.845063,0.85132,0.846378,0.811295,0.89118,0.850193,0.925524,0.894809,0.805395,0.766614,0.815077,0.870979,0.799101,0.84809,0.890477,0.906096,0.897248,0.913423,0.862784,0.922349,0.777331,0.928945,0.809923,0.799181,0.840289,0.817417,0.835303,0.868296
0.839324,0.921731,0.798782,0.907571,0.896137,0.765167,0.829359,0.838927,0.811256,0.832319,0.88061,0.839008,0.832478,0.986161,0.920143,0.949214,0.821277,0.815461,0.955477,0.853353,1.0,0.908985,0.807066,0.841367,0.900669,0.845377,0.917025,0.845514,0.89573,0.773738,0.814401,0.866752,0.887356,0.862799,0.828268,0.853216,0.868603,0.840373,0.836901,0.909052,0.887069,0.849835,0.904425,0.851472,0.876294,0.868253,0.885837,0.913625,0.787571,0.948411,0.824089,0.989213,0.916607,0.910869,0.897395,0.784404,0.885603,0.829006,0.862638,0.914607,0.88948,0.962741,0.952673,0.959535,0.971138,0.965541,0.874808,0.884145,0.860304,0.771524,0.844068,0.808458,0.778396,0.809807,0.795408,0.816224,0.845518,0.790293,0.873651,0.956168,0.885538,0.888249,0.902675,0.82921,0.854194,0.9373,0.843963,0.865108,0.776135,0.952745,0.893007,0.891607,0.89137,0.879487,0.892639,0.879701,0.888016,0.848193,0.758112,0.9649
0.911593,0.805334,0.881969,0.81777,0.830553,0.875816,0.876473,0.864503,0.91649,0.913328,0.939079,0.867097,0.921803,0.906341,0.920346,0.923346,0.876291,0.879428,0.872782,0.816289,0.908985,1.0,0.851738,0.782133,0.826225,0.801865,0.994309,0.866988,0.804142,0.817518,0.83718,0.833562,0.821563,0.803982,0.923363,0.79232,0.95726,0.829176,0.887723,0.878409,0.844601,0.862798,0.858898,0.828628,0.902879,0.840846,0.89265,0.911575,0.902709,0.895522,0.794719,0.906511,0.81998,0.82816,0.818149,0.888654,0.815239,0.864429,0.837333,0.936049,0.817738,0.908495,0.860496,0.900536,0.923018,0.898597,0.817871,0.84996,0.858634,0.850926,0.911534,0.899438,0.865553,0.875345,0.886117,0.830492,0.873281,0.853959,0.792381,0.88735,0.939797,0.885807,0.86374,0.835361,0.938188,0.908783,0.815598,0.889692,0.797233,0.888478,0.855713,0.838781,0.874363,0.824973,0.863881,0.867144,0.840365,0.876706,0.831913,0.908696
0.903009,0.764069,0.951628,0.876332,0.899316,0.919542,0.979057,0.968497,0.947111,0.887822,0.807757,0.819622,0.921278,0.823374,0.827948,0.798623,0.945574,0.958283,0.821065,0.884702,0.807066,0.851738,1.0,0.884304,0.9124,0.915797,0.836912,0.962485,0.811734,0.93378,0.889193,0.919221,0.86749,0.917838,0.947891,0.922524,0.798087,0.902051,0.891178,0.831585,0.851731,0.84532,0.851632,0.852494,0.807077,0.848618,0.8682954,0.848855,0.906066,0.855633,0.822295,0.825871,0.83684,0.847031,0.892078,0.926449,0.906936,0.9789,0.913976,0.834611,0.915331,0.813484,0.769406,0.852928,0.843191,0.783036,0.901903,0.768544,0.816863,0.896553,0.846369,0.945902,0.953618,0.871386,0.951177,0.856111,0.871932,0.974991,0.88707,0.835139,0.802229,0.827184,0.838708,0.841947,0.798771,0.843735,0.881134,0.889368,0.909052,0.811736,0.850361,0.930213,0.862459,0.915289,0.809031,0.841551,0.856993,0.785471,0.937693,0.857858
0.830554,0.839226,0.861574,0.933895,0.970638,0.836375,0.876495,0.885668,0.822009,0.809314,0.85053,0.707818,0.839506,0.865994,0.834663,0.813048,0.892107,0.884776,0.888301,0.956627,0.841367,0.782133,0.884304,1.0,0.862955,0.953029,0.788389,0.884391,0.862668,0.896012,0.910522,0.946223,0.980909,0.974675,0.8165289,0.975328,0.793739,0.964895,0.851517,0.834886,0.872972,0.796206,0.862213,0.871091,0.845752,0.870144,0.836158,0.872724,0.871037,0.894668,0.847199,0.87441,0.94323,0.965064,0.857419,0.801788,0.888989,0.856535,0.929118,0.78753,0.914598,0.825835,0.812092,0.893665,0.873863,0.797182,0.970173,0.823158,0.943293,0.937839,0.880056,0.8637593,0.903562,0.917023,0.879052,0.807833,0.849028,0.887443,0.958418,0.924711,0.859726,0.849957,0.875002,0.837847,0.86461,0.838662,0.965936,0.86075,0.972321,0.92097,0.853625,0.953764,0.792447,0.976303,0.8322,0.871354,0.869996,0.908577,0.908155,0.894654
0.877142,0.83116,0.866972,0.932385,0.936005,0.850262,0.905446,0.9072,0.883246,0.885256,0.807298,0.861416,0.89042,0.904083,0.818665,0.835595,0.856235,0.866203,0.887613,0.821733,0.900669,0.826225,0.9124,0.862955,1.0,0.92646,0.81982,0.919083,0.854673,0.882891,0.924444,0.95391,0.876341,0.918798,0.896232,0.905388,0.766242,0.915163,0.921465,0.916489,0.904122,0.898634,0.928173,0.910694,0.837864,0.905102,0.922277,0.871264,0.851054,0.89677,0.819175,0.904216,0.885885,0.880719,0.940224,0.87438,0.938442,0.922121,0.95952,0.854604,0.977851,0.900935,0.841398,0.906982,0.898402,0.881601,0.914674,0.798003,0.828249,0.84259,0.804565,0.860025,0.84935,0.872001,0.852149,0.908895,0.841311,0.88334,0.919008,0.881854,0.825007,0.891649,0.885528,0.814176,0.789824,0.91068,0.901544,0.878314,0.842376,0.860372,0.91718,0.94629,0.908488,0.938251,0.865521,0.890661,0.919336,0.795028,0.851467,0.901012
0.853654,0.764403,0.891274,0.900593,0.952521,0.912042,0.894171,0.892086,0.883154,0.867122,0.816583,0.773185,0.890733,0.874944,0.78092,0.776668,0.847535,0.859785,0.883503,0.896336,0.845377,0.801865,0.915797,0.953029,0.92646,1.0,0.800785,0.897535,0.784762,0.967999,0.976095,0.978912,0.91284,0.990011,0.8677984,0.988399,0.765692,0.966649,0.91451,0.887638,0.925912,0.852806,0.913343,0.938342,0.867348,0.929699,0.881991,0.881057,0.91178,0.920896,0.786006,0.870356,0.867296,0.890688,0.868281,0.886856,0.884829,0.897924,0.97962,0.817498,0.947885,0.849834,0.77135,0.912458,0.892317,0.815703,0.926144,0.738656,0.880341,0.951596,0.818612,0.87235,0.918149,0.92786,0.878316,0.883223,0.819465,0.932749,0.951413,0.888318,0.858182,0.89488,0.915987,0.786246,0.839239,0.874423,0.936655,0.836788,0.961078,0.89229,0.911183,0.938494,0.84597,0.971582,0.86209,0.919978,0.928302,0.871673,0.948985,0.911126
0.910594,0.815969,0.863384,0.819826,0.833952,0.857619,0.865251,0.85761,0.896382,0.920006,0.945836,0.869837,0.912507,0.911879,0.930779,0.930214,0.864514,0.863874,0.877365,0.844659,0.917025,0.994309,0.836912,0.788389,0.81982,0.800785,1.0,0.860812,0.814898,0.78424,0.822479,0.83076,0.827971,0.811369,0.90641,0.802075,0.970035,0.826211,0.890471,0.885559,0.843897,0.876132,0.853331,0.820247,0.907696,0.834703,0.902893,0.920703,0.887175,0.898556,0.798783,0.912063,0.821408,0.836215,0.819643,0.871009,0.814092,0.858073,0.833175,0.950489,0.814635,0.909086,0.87408,0.90069,0.929431,0.90239,0.820082,0.870099,0.862512,0.830106,0.914643,0.880523,0.837769,0.871017,0.863625,0.844851,0.883098,0.825454,0.802922,0.892138,0.940011,0.873987,0.863268,0.844033,0.931345,0.910252,0.815115,0.889996,0.771198,0.905744,0.864594,0.838236,0.870494,0.824509,0.858955,0.858395,0.842069,0.87269,0.806171,0.913524
0.931262,0.821192,0.953043,0.924167,0.927063,0.907024,0.972249,0.972668,0.937825,0.910982,0.820505,0.857436,0.925016,0.863733,0.877748,0.834979,0.944145,0.952375,0.843939,0.864653,0.845514,0.866988,0.962485,0.884391,0.919083,0.897535,0.860812,1.0,0.866703,0.881959,0.87683,0.929994,0.901698,0.920309,0.944873,0.912607,0.840242,0.915973,0.889577,0.851642,0.851804,0.834952,0.866208,0.843553,0.823953,0.844345,0.926526,0.853803,0.905668,0.869371,0.92649,0.862631,0.866628,0.887985,0.912171,0.914457,0.928676,0.980235,0.918085,0.840181,0.92824,0.861356,0.80277,0.871786,0.878911,0.847254,0.930701,0.832456,0.836225,0.8678984,0.874517,0.940992,0.923903,0.89103,0.936792,0.863541,0.922929,0.935089,0.925005,0.855296,0.815166,0.825815,0.850942,0.916393,0.801883,0.87953,0.902182,0.946598,0.879192,0.829395,0.863755,0.960992,0.88149,0.933796,0.827388,0.841424,0.859021,0.787362,0.908536,0.879187
0.805742,0.92074,0.801721,0.934124,0.901204,0.728142,0.878304,0.901782,0.785292,0.75915,0.833396,0.766226,0.791503,0.86274,0.937259,0.933784,0.883953,0.8646,0.876629,0.848033,0.89573,0.804142,0.811734,0.862668,0.854673,0.784762,0.814898,0.866703,1.0,0.708935,0.755434,0.840485,0.918167,0.828301,0.795271,0.815849,0.813573,0.84889,0.778038,0.766377,0.757345,0.798386,0.782192,0.735349,0.789087,0.745562,0.810507,0.834672,0.773895,0.814681,0.870389,0.892376,0.956308,0.937718,0.920577,0.736962,0.941236,0.851041,0.81918,0.79212,0.875787,0.816701,0.918889,0.845081,0.834996,0.818819,0.920124,0.971172,0.871103,0.774376,0.871331,0.831535,0.791143,0.811529,0.829381,0.760628,0.925889,0.769402,0.873336,0.897376,0.813733,0.766279,0.774768,0.908368,0.810725,0.801213,0.883355,0.875027,0.792111,0.872835,0.760144,0.907601,0.81243,0.877555,0.755667,0.754768,0.759701,0.820005,0.743082,0.844484
0.868912,0.693761,0.944582,0.814898,0.869113,0.96581,0.881714,0.8644,0.94226,0.858601,0.804311,0.78378,0.916614,0.804715,0.745942,0.721558,0.876667,0.90066,0.827913,0.827891,0.773738,0.817518,0.93378,0.896012,0.882891,0.967999,0.78424,0.881959,0.708935,1.0,0.958314,0.926229,0.838831,0.939436,0.929385,0.94406,0.748457,0.916702,0.894888,0.842273,0.903122,0.790777,0.878489,0.929372,0.84527,0.915292,0.8238716,0.846036,0.935538,0.871541,0.730144,0.800057,0.78041,0.806413,0.808864,0.956352,0.818554,0.895041,0.935423,0.787829,0.883962,0.789184,0.705363,0.857798,0.83028,0.748158,0.852473,0.6627975,0.840102,0.955975,0.799293,0.920204,0.956812,0.909352,0.924811,0.86365,0.773986,0.97915,0.882246,0.823166,0.848311,0.867074,0.886416,0.741536,0.844198,0.831683,0.874472,0.824577,0.952543,0.824584,0.875629,0.871695,0.826122,0.901419,0.803889,0.900813,0.901812,0.868092,0.977013,0.856315
0.888589,0.733459,0.889313,0.86553,0.914758,0.933725,0.8829,0.877605,0.915447,0.904375,0.851609,0.784342,0.922027,0.848599,0.761045,0.766612,0.822648,0.83999,0.865414,0.81435,0.814401,0.83718,0.889193,0.910522,0.924444,0.976095,0.822479,0.87683,0.755434,0.958314,1.0,0.974272,0.879104,0.94846,0.905648,0.941841,0.797196,0.961944,0.954751,0.859912,0.912805,0.868744,0.912452,0.944319,0.896251,0.930535,0.873132,0.895033,0.943712,0.895341,0.761059,0.845386,0.841734,0.853815,0.842044,0.917848,0.866294,0.887192,0.983562,0.85893,0.944991,0.828659,0.740744,0.899204,0.859653,0.796517,0.900258,0.713419,0.883493,0.950656,0.831449,0.884061,0.908991,0.946581,0.880798,0.912251,0.798149,0.911686,0.908866,0.867432,0.889776,0.918128,0.907766,0.755216,0.87808,0.85055,0.931551,0.838335,0.935943,0.8515,0.88212,0.907832,0.839114,0.945573,0.859989,0.926572,0.911877,0.874032,0.936169,0.884422
0.907083,0.80342,0.8740515,0.938418,0.970546,0.896061,0.916157,0.918709,0.88988,0.906815,0.863499,0.784035,0.917722,0.889966,0.805536,0.798654,0.880424,0.885286,0.908113,0.877269,0.866752,0.833562,0.919221,0.946223,0.95391,0.978912,0.83076,0.929994,0.840485,0.926229,0.974272,1.0,0.937868,0.978358,0.894029,0.967496,0.807637,0.991023,0.956893,0.873591,0.912594,0.88062,0.918363,0.923842,0.893957,0.919366,0.898471,0.914066,0.92356,0.918487,0.834421,0.889333,0.905212,0.920707,0.904449,0.87109,0.92476,0.918047,0.997321,0.877885,0.98605,0.865445,0.794779,0.925336,0.896063,0.839907,0.963735,0.779664,0.911454,0.948709,0.862421,0.884123,0.892398,0.959966,0.87291,0.930296,0.848789,0.897416,0.971123,0.89867,0.88769,0.916178,0.918857,0.819448,0.859911,0.878538,0.974899,0.88929,0.943489,0.886595,0.889589,0.971603,0.854453,0.987537,0.855097,0.919501,0.911381,0.881305,0.922225,0.915752
0.853959,0.896546,0.840698,0.95792,0.971881,0.792295,0.878242,0.892395,0.817096,0.820624,0.895197,0.722515,0.841745,0.902374,0.890834,0.865048,0.912688,0.89678,0.932003,0.941279,0.887356,0.821563,0.86749,0.980909,0.876341,0.91284,0.827971,0.901698,0.918167,0.838831,0.879104,0.937868,1.0,0.945868,0.829282,0.938896,0.848441,0.956147,0.855616,0.832544,0.861404,0.794086,0.866446,0.851034,0.874163,0.85597,0.845056,0.91204,0.845854,0.901587,0.890132,0.920024,0.977489,0.9944,0.876559,0.7683428,0.907342,0.860958,0.918055,0.83632,0.923746,0.851786,0.866186,0.917636,0.894012,0.833824,0.989796,0.869917,0.965916,0.899673,0.912487,0.864593,0.856547,0.909069,0.865649,0.822103,0.867945,0.842887,0.960796,0.960393,0.892946,0.855852,0.87599,0.866364,0.887572,0.853827,0.974209,0.894142,0.929552,0.945515,0.843482,0.968555,0.807115,0.969779,0.831408,0.863416,0.857874,0.922674,0.857307,0.916235
0.863372,0.79565,0.884457,0.93422,0.976832,0.879609,0.903698,0.906832,0.8514634,0.866644,0.816065,0.770225,0.876409,0.888269,0.808931,0.796437,0.878991,0.883885,0.891753,0.938793,0.862799,0.803982,0.917838,0.974675,0.918798,0.990011,0.811369,0.920309,0.828301,0.939436,0.94846,0.978358,0.945868,1.0,0.859682,0.998258,0.782533,0.972901,0.895882,0.888835,0.915662,0.855119,0.905279,0.91569,0.853826,0.912138,0.898669,0.876037,0.891222,0.923753,0.839099,0.884621,0.899151,0.92707,0.886704,0.847622,0.904358,0.902271,0.969886,0.8129474,0.950319,0.863976,0.790004,0.914709,0.90576,0.833926,0.954664,0.787133,0.892412,0.943023,0.843196,0.8650526,0.907751,0.924528,0.873658,0.867595,0.85578,0.918969,0.976498,0.899365,0.844704,0.878841,0.909673,0.831203,0.822436,0.883927,0.952237,0.874965,0.963595,0.904848,0.909313,0.964471,0.842815,0.987112,0.85914,0.904942,0.918384,0.867304,0.934591,0.918317
0.971688,0.760183,0.977209,0.872457,0.882519,0.968879,0.952534,0.936452,0.998384,0.959298,0.871503,0.876732,0.990976,0.829768,0.848624,0.836834,0.945437,0.960409,0.797448,0.824479,0.828268,0.923363,0.947891,0.8165289,0.896232,0.8677984,0.90641,0.944873,0.795271,0.929385,0.905648,0.894029,0.829282,0.859682,1.0,0.854794,0.867754,0.887098,0.939139,0.854915,0.809753,0.899595,0.829302,0.823804,0.832698,0.815159,0.933796,0.828119,0.979401,0.823801,0.835062,0.830526,0.817206,0.82548,0.882991,0.975546,0.879244,0.944283,0.897731,0.844531,0.885585,0.842507,0.78404,0.827881,0.84605,0.825962,0.863953,0.812541,0.821912,0.939692,0.912904,0.981044,0.966124,0.93715,0.972854,0.885612,0.912811,0.964077,0.848278,0.815028,0.866846,0.829801,0.804392,0.870323,0.877632,0.859588,0.863034,0.945062,0.897214,0.800989,0.845141,0.902656,0.856514,0.881337,0.803284,0.820356,0.823938,0.837688,0.943429,0.834078
0.84666,0.785614,0.887602,0.924041,0.969209,0.876638,0.899461,0.900957,0.854398,0.853074,0.798244,0.760918,0.859896,0.879878,0.800764,0.791098,0.876733,0.883838,0.87934,0.945449,0.853216,0.79232,0.922524,0.975328,0.905388,0.988399,0.802075,0.912607,0.815849,0.94406,0.941841,0.967496,0.938896,0.998258,0.854794,1.0,0.771934,0.96298,0.876872,0.885429,0.910454,0.847773,0.89645,0.910433,0.838621,0.905968,0.893188,0.862635,0.882346,0.917925,0.831273,0.875377,0.890154,0.918515,0.875291,0.846795,0.893211,0.896516,0.9586,0.8057789,0.936314,0.856949,0.780392,0.905475,0.899821,0.825752,0.943899,0.782459,0.88193,0.940158,0.829552,0.869496,0.914199,0.911069,0.879848,0.844462,0.848384,0.926896,0.965874,0.892747,0.830568,0.867616,0.900518,0.823838,0.811321,0.877473,0.940396,0.865038,0.966734,0.899356,0.907233,0.954332,0.833603,0.979767,0.855244,0.897597,0.914009,0.8587,0.936944,0.911059
0.893025,0.840879,0.840907,0.793759,0.80751,0.837352,0.822508,0.819371,0.860665,0.903447,0.964381,0.836137,0.879382,0.871977,0.935141,0.904042,0.855661,0.842601,0.865316,0.854633,0.868603,0.95726,0.798087,0.793739,0.766242,0.765692,0.970035,0.840242,0.813573,0.748457,0.797196,0.807637,0.848441,0.782533,0.867754,0.771934,1.0,0.81908,0.868779,0.821395,0.786728,0.851223,0.795979,0.77259,0.909758,0.784093,0.873256,0.918956,0.870479,0.84956,0.84693,0.880397,0.82551,0.853221,0.765121,0.84024,0.770052,0.824226,0.80715,0.932152,0.780111,0.845832,0.871033,0.865377,0.881381,0.85142,0.82563,0.870782,0.90032,0.820742,0.935918,0.855327,0.809409,0.866726,0.839818,0.829937,0.866489,0.784599,0.787621,0.882739,0.948549,0.828296,0.821862,0.869327,0.946709,0.844994,0.82774,0.873814,0.770198,0.897185,0.807527,0.813104,0.809628,0.798336,0.795252,0.812382,0.781496,0.900677,0.785094,0.873859
0.912319,0.804855,0.893071,0.933832,0.967772,0.898312,0.905342,0.912045,0.890777,0.897439,0.886395,0.752377,0.918503,0.864396,0.804784,0.786922,0.891087,0.891048,0.896632,0.886526,0.840373,0.829176,0.902051,0.964895,0.915163,0.966649,0.826211,0.915973,0.84889,0.916702,0.961944,0.991023,0.956147,0.972901,0.887098,0.96298,0.81908,1.0,0.948998,0.835147,0.889983,0.861031,0.891149,0.901792,0.894831,0.899095,0.869367,0.911318,0.937911,0.899625,0.841094,0.866534,0.917255,0.935114,0.884505,0.868185,0.914297,0.897321,0.982806,0.872168,0.96792,0.834111,0.780329,0.908051,0.871041,0.809096,0.974689,0.795342,0.942829,0.969671,0.895745,0.903102,0.915503,0.978838,0.897482,0.915553,0.856755,0.896244,0.970557,0.890575,0.897852,0.903633,0.904888,0.831476,0.882211,0.846735,0.991659,0.892727,0.965945,0.878909,0.852277,0.967337,0.822301,0.985961,0.827644,0.905563,0.881859,0.906649,0.931284,0.896605
0.961539,0.749631,0.906184,0.873099,0.899477,0.930155,0.88926,0.881352,0.935694,0.975944,0.906459,0.83177,0.967141,0.842946,0.790109,0.790787,0.871733,0.884231,0.861017,0.846581,0.836901,0.887723,0.891178,0.851517,0.921465,0.91451,0.890471,0.889577,0.778038,0.894888,0.954751,0.956893,0.855616,0.895882,0.939139,0.876872,0.868779,0.948998,1.0,0.865907,0.860044,0.955187,0.872754,0.886826,0.899522,0.879745,0.934986,0.906049,0.957005,0.85589,0.777254,0.841878,0.83106,0.843272,0.857502,0.924604,0.866034,0.893487,0.965567,0.919306,0.943821,0.841464,0.767344,0.871321,0.84943,0.830549,0.895948,0.7716102,0.883014,0.933114,0.892091,0.9121,0.894267,0.971351,0.895597,0.973722,0.853239,0.881474,0.897335,0.834909,0.912191,0.90272,0.874443,0.803619,0.889334,0.849625,0.929745,0.906557,0.883299,0.835642,0.854782,0.905721,0.829335,0.915539,0.801641,0.885231,0.856612,0.870861,0.899521,0.855951
0.85288,0.777704,0.803689,0.863535,0.886615,0.801122,0.828131,0.822393,0.8356,0.889996,0.801448,0.891974,0.852438,0.922448,0.817566,0.832322,0.796593,0.802135,0.863133,0.858777,0.909052,0.878409,0.831585,0.834886,0.916489,0.887638,0.885559,0.851642,0.766377,0.842273,0.859912,0.873591,0.832544,0.888835,0.854915,0.885429,0.821395,0.835147,0.865907,1.0,0.960599,0.896493,0.965506,0.941853,0.813809,0.945387,0.936659,0.839072,0.801067,0.937322,0.767014,0.906347,0.819071,0.837825,0.83955,0.837829,0.82822,0.842364,0.880032,0.88492,0.869707,0.961372,0.814165,0.910772,0.951273,0.928741,0.838358,0.763882,0.775368,0.775159,0.797151,0.803601,0.780511,0.805941,0.788542,0.843685,0.812026,0.816756,0.864303,0.875094,0.808765,0.900783,0.919362,0.776146,0.775675,0.9861,0.813044,0.849868,0.788296,0.886772,0.994794,0.87357,0.934378,0.877979,0.931003,0.926517,0.977376,0.760464,0.78565,0.92464
0.795346,0.755688,0.804044,0.842017,0.884648,0.840674,0.835814,0.833652,0.7997298,0.831193,0.806555,0.833414,0.820661,0.915922,0.802202,0.798514,0.787883,0.793922,0.906978,0.829508,0.887069,0.844601,0.851731,0.872972,0.904122,0.925912,0.843897,0.851804,0.757345,0.903122,0.912805,0.912594,0.861404,0.915662,0.809753,0.910454,0.786728,0.889983,0.860044,0.960599,1.0,0.815954,0.992598,0.991849,0.884474,0.996912,0.862797,0.901954,0.822518,0.972543,0.747251,0.90085,0.822228,0.84646,0.814298,0.828417,0.826394,0.854176,0.919044,0.867162,0.88942,0.932457,0.786256,0.949865,0.949651,0.888641,0.864646,0.713394,0.844969,0.85651,0.764098,0.7766416,0.816171,0.845753,0.7790834,0.847358,0.766855,0.848208,0.888699,0.894371,0.859952,0.963071,0.982621,0.741791,0.819945,0.966733,0.863475,0.788025,0.865043,0.898459,0.973523,0.878504,0.933294,0.90019,0.930444,0.990322,0.996011,0.849363,0.857959,0.951887
0.91517,0.747183,0.83829,0.852677,0.876727,0.859131,0.838855,0.826512,0.887293,0.953827,0.856033,0.865347,0.925577,0.8327,0.784214,0.806373,0.822962,0.831934,0.799782,0.860613,0.849835,0.862798,0.84532,0.796206,0.898634,0.852806,0.876132,0.834952,0.798386,0.790777,0.868744,0.88062,0.794086,0.855119,0.899595,0.847773,0.851223,0.861031,0.955187,0.896493,0.815954,1.0,0.826486,0.818187,0.823439,0.813611,0.933487,0.836898,0.889431,0.819616,0.770363,0.832266,0.799595,0.806786,0.858373,0.871727,0.848918,0.846452,0.89083,0.882058,0.885946,0.838163,0.796211,0.816388,0.84801,0.825735,0.830758,0.826865,0.79513,0.83274,0.856343,0.855727,0.814464,0.896047,0.832948,0.935266,0.8460617,0.812901,0.841864,0.801665,0.841921,0.827099,0.796589,0.816979,0.818605,0.855672,0.843653,0.860727,0.768835,0.834225,0.879781,0.858684,0.831719,0.858646,0.797373,0.806997,0.838799,0.773863,0.797434,0.824931
0.817766,0.785928,0.799413,0.866195,0.893309,0.820869,0.84316,0.841365,0.816325,0.844469,0.815763,0.838962,0.831815,0.933162,0.808795,0.814911,0.796538,0.802029,0.912696,0.815953,0.904425,0.858898,0.851632,0.862213,0.928173,0.913343,0.853331,0.866208,0.782192,0.878489,0.912452,0.918363,0.866446,0.905279,0.829302,0.89645,0.795979,0.891149,0.872754,0.965506,0.992598,0.826486,1.0,0.985561,0.885363,0.990455,0.879594,0.906048,0.819065,0.970472,0.774847,0.918313,0.842944,0.858149,0.83638,0.8200052,0.846095,0.859961,0.924818,0.886552,0.909801,0.954369,0.802244,0.956401,0.956391,0.916997,0.87529,0.733061,0.844355,0.839295,0.775157,0.792354,0.794279,0.845612,0.783974,0.855919,0.772834,0.83001,0.88883,0.903065,0.861542,0.970392,0.977662,0.746341,0.820489,0.976594,0.871812,0.815586,0.843129,0.893109,0.972743,0.892559,0.937127,0.905531,0.94219,0.986406,0.99179,0.836605,0.832372,0.953666
0.807314,0.729843,0.821131,0.828672,0.876355,0.874911,0.833463,0.82852,0.832683,0.846197,0.810541,0.820192,0.842774,0.885046,0.767962,0.768568,0.772051,0.780603,0.887312,0.804915,0.851472,0.828628,0.852494,0.871091,0.910694,0.938342,0.820247,0.843553,0.735349,0.929372,0.944319,0.923842,0.851034,0.91569,0.823804,0.910433,0.77259,0.901792,0.886826,0.941853,0.991849,0.818187,0.985561,1.0,0.880746,0.997832,0.855228,0.894194,0.854869,0.948543,0.729692,0.871286,0.809964,0.830835,0.802644,0.865995,0.818665,0.852348,0.935951,0.860983,0.89651,0.901829,0.751554,0.929488,0.916319,0.854407,0.858445,0.687026,0.848163,0.880481,0.763708,0.797525,0.837499,0.867911,0.797116,0.866216,0.747552,0.863467,0.879544,0.874381,0.865124,0.964684,0.969038,0.717307,0.832678,0.939577,0.871432,0.776902,0.879316,0.872031,0.960461,0.869763,0.915767,0.900152,0.910365,0.988577,0.988869,0.852883,0.877611,0.924771
