1,0.800721,0.797771,0.692214,0.661425,0.749576,0.667391,0.667519,0.757971,0.635765,0.667844,0.6190972,0.710844,0.787916,0.7934,0.798445,0.80134,0.735011,0.821354,0.77923,0.773101,0.74633,0.751107,0.586626,0.696808,0.8085,0.745631,0.78119,0.755202,0.751003,0.733373,0.6897749,0.683526,0.719588,0.685007,0.895401,0.701354,0.749471,0.626089,0.575898,0.748347,0.66959,0.776114,0.598909,0.795975,0.690609,0.767322,0.698171,0.705415,0.679978,0.813786,0.687409,0.83661,0.708101,0.764334,0.810641,0.688962,0.679685,0.751683,0.722054,0.650952,0.759693,0.766863,0.798059,0.822956,0.6951,0.71445,0.815381,0.705872,0.689087,0.696133,0.791823,0.6978,0.731449,0.822711,0.740365,0.745276,0.78124,0.6998048,0.853571,0.628441,0.730634,0.663215,0.638588,0.705729,0.735931,0.769612,0.727239,0.733888,0.6817441,0.80721,0.7728748,0.68523,0.667567,0.767611,0.662191,0.717023,0.700125,0.640005,0.693052
0.800721,1,0.89724,0.778476,0.7794,0.894164,0.792312,0.809586,0.712514,0.809322,0.602944,0.556487,0.766584,0.6572736,0.727943,0.954021,0.812776,0.807754,0.729918,0.792415,0.797537,0.6334151,0.72156,0.657006,0.739738,0.684524,0.702968,0.663953,0.751728,0.661298,0.7261185,0.725838,0.907849,0.815419,0.6235578,0.728148,0.701262,0.897844,0.775393,0.693951,0.689271,0.764931,0.687744,0.713475,0.686061,0.694908,0.743374,0.662069,0.7277922,0.622463,0.885253,0.748146,0.777357,0.719411,0.834054,0.935056,0.68332,0.765912,0.696187,0.765792,0.638718,0.684911,0.8288046,0.789591,0.7869634,0.7664726,0.669205,0.714987,0.738746,0.742382,0.716741,0.67148,0.749206,0.715669,0.821764,0.878833,0.817936,0.721286,0.676674,0.834114,0.6050035,0.664066,0.727538,0.740348,0.74315,0.778423,0.684152,0.655515,0.697376,0.6513913,0.814168,0.827961,0.681411,0.662427,0.5567716,0.733546,0.660512,0.705869,0.692633,0.619826
0.797771,0.89724,1,0.840414,0.847562,0.802053,0.84661,0.858273,0.698805,0.811647,0.640094,0.654392,0.690545,0.809698,0.671709,0.907794,0.774219,0.751664,0.748238,0.767379,0.735419,0.671348,0.771565,0.66554,0.737584,0.656038,0.725487,0.689948,0.68812,0.645826,0.708743,0.850381,0.740284,0.712534,0.687536,0.755503,0.711449,0.930604,0.829869,0.66582,0.746734,0.772626,0.829382,0.657651,0.791584,0.6702,0.750585,0.660877,0.74066,0.653737,0.837177,0.864169,0.880515,0.770163,0.871539,0.874692,0.808372,0.737858,0.726082,0.695389,0.5924544,0.720396,0.822813,0.849204,0.820655,0.689174,0.698952,0.662571,0.761142,0.773184,0.696576,0.688586,0.694393,0.6180846,0.778971,0.756496,0.803736,0.719087,0.697674,0.809468,0.777953,0.720069,0.754292,0.804392,0.743791,0.775089,0.688627,0.701875,0.711805,0.706667,0.793881,0.92683,0.833142,0.592344,0.752449,0.727028,0.712933,0.703034,0.69825,0.6368453
0.692214,0.778476,0.840414,1,0.887047,0.656154,0.931506,0.920907,0.748964,0.853277,0.741619,0.72331,0.657267,0.856869,0.777298,0.827697,0.706414,0.731281,0.718233,0.710776,0.719447,0.816533,0.7461054,0.757528,0.759433,0.651489,0.771212,0.694525,0.722944,0.734648,0.6243216,0.768996,0.647891,0.72722,0.652314,0.666021,0.774047,0.794463,0.791115,0.825328,0.695689,0.784842,0.738725,0.691138,0.682298,0.747572,0.704175,0.697384,0.698339,0.746589,0.795035,0.855697,0.715065,0.747667,0.75901,0.7527291,0.87784,0.817554,0.718001,0.744965,0.781453,0.687184,0.809821,0.759369,0.7381173,0.768936,0.848677,0.639086,0.787889,0.773777,0.773569,0.776175,0.704335,0.739478,0.79618,0.786347,0.827293,0.703411,0.637307,0.759024,0.847252,0.769059,0.732593,0.759616,0.762761,0.701864,0.752216,0.704276,0.683458,0.748433,0.699686,0.790566,0.768349,0.604602,0.7295186,0.730472,0.711991,0.744741,0.695006,0.754
0.661425,0.7794,0.847562,0.887047,1,0.755522,0.836889,0.934723,0.690119,0.856388,0.741882,0.717333,0.673554,0.821734,0.6800567,0.839875,0.709944,0.796165,0.707429,0.629782,0.743547,0.704277,0.67814,0.740977,0.849586,0.677647,0.728456,0.635612,0.770213,0.665757,0.701847,0.849449,0.719045,0.778496,0.733934,0.6674535,0.687233,0.83056,0.866376,0.7218615,0.792596,0.874422,0.775941,0.717653,0.711168,0.717642,0.6237372,0.6532917,0.748973,0.769431,0.803162,0.825477,0.781812,0.862262,0.871806,0.831684,0.86917,0.889328,0.726849,0.690724,0.691837,0.679902,0.767611,0.81447,0.796385,0.674136,0.765927,0.593234,0.756047,0.797957,0.712351,0.680099,0.695946,0.650597,0.776198,0.794711,0.727422,0.672633,0.762992,0.674868,0.847109,0.7075494,0.770113,0.881032,0.742899,0.727687,0.647095,0.706576,0.706871,0.791463,0.736332,0.786953,0.821879,0.601736,0.764629,0.781162,0.749153,0.721108,0.677164,0.720241
0.749576,0.894164,0.802053,0.656154,0.755522,1,0.708876,0.755541,0.642294,0.690042,0.604742,0.626193,0.749788,0.708398,0.735126,0.874443,0.856321,0.782385,0.7516,0.79188,0.754955,0.726388,0.721214,0.749947,0.753485,0.67622,0.660337,0.681046,0.691235,0.690336,0.763739,0.775109,0.879878,0.781506,0.747483,0.732342,0.774897,0.81584,0.680486,0.624517,0.735989,0.72721,0.645459,0.713811,0.693381,0.599124,0.704259,0.62492,0.78829,0.729627,0.764701,0.726736,0.724319,0.793125,0.876371,0.876396,0.644063,0.744234,0.712487,0.6558,0.587892,0.693005,0.794853,0.784819,0.823548,0.752763,0.639466,0.777455,0.713218,0.766006,0.71767,0.708612,0.762802,0.675352,0.788285,0.783305,0.711225,0.720519,0.760061,0.7514921,0.659525,0.629709,0.639982,0.750706,0.666458,0.718267,0.702004,0.751554,0.700538,0.770732,0.784624,0.738142,0.686945,0.684331,0.6329,0.752287,0.674554,0.649911,0.676841,0.695748
0.667391,0.792312,0.84661,0.931506,0.836889,0.708876,1,0.867154,0.671683,0.875345,0.727124,0.783731,0.5964903,0.787547,0.7151254,0.837025,0.775012,0.7389,0.731552,0.711889,0.67814,0.773754,0.691026,0.754925,0.715751,0.5578089,0.694531,0.724892,0.723962,0.6958385,0.693588,0.688984,0.67858,0.735377,0.5808736,0.656136,0.750462,0.797594,0.739458,0.905316,0.708339,0.73035,0.67804,0.621703,0.67157,0.6621789,0.683254,0.652739,0.729254,0.7077597,0.715506,0.814981,0.683593,0.657332,0.767562,0.73213,0.811316,0.765182,0.769422,0.7274286,0.815063,0.634521,0.783232,0.75335,0.738245,0.773438,0.856041,0.713219,0.80285,0.735302,0.7138249,0.755536,0.714449,0.777576,0.811422,0.76141,0.749755,0.714254,0.666833,0.716983,0.820171,0.722965,0.677978,0.748055,0.689132,0.670329,0.725301,0.708075,0.6253,0.743829,0.6496999,0.793034,0.705316,0.666851,0.6678081,0.647838,0.6291538,0.6752053,0.759351,0.726586
0.667519,0.809586,0.858273,0.920907,0.934723,0.755541,0.867154,1,0.745164,0.854892,0.734319,0.740428,0.746388,0.809844,0.765436,0.902848,0.78834,0.85948,0.732949,0.736147,0.810085,0.756612,0.727401,0.70688,0.774216,0.697573,0.756461,0.735537,0.772232,0.737652,0.70404,0.869629,0.72659,0.843975,0.776029,0.726224,0.730546,0.838514,0.878649,0.756398,0.798485,0.802434,0.786545,0.747693,0.745005,0.753005,0.698395,0.69033,0.773763,0.785917,0.847491,0.854799,0.831354,0.901746,0.88991,0.819278,0.904325,0.941764,0.710394,0.719416,0.706757,0.733748,0.844766,0.880712,0.821477,0.768546,0.7187074,0.651011,0.811863,0.838538,0.784603,0.704457,0.788348,0.643524,0.786218,0.817506,0.78889,0.765066,0.736697,0.739678,0.856711,0.7271452,0.758348,0.865628,0.765033,0.734184,0.718632,0.730402,0.770813,0.774058,0.742862,0.844402,0.843314,0.617988,0.789716,0.806701,0.767157,0.762742,0.642971,0.763412
0.757971,0.712514,0.698805,0.748964,0.690119,0.642294,0.671683,0.745164,1,0.6725881,0.767589,0.718427,0.775657,0.75008,0.826018,0.717389,0.738195,0.76197,0.714435,0.763618,0.783852,0.810938,0.728643,0.6449398,0.741115,0.807447,0.927934,0.877736,0.739537,0.852454,0.792356,0.676509,0.760876,0.749934,0.72025,0.775422,0.5921106,0.709454,0.773181,0.746024,0.687578,0.750465,0.781678,0.713288,0.7929598,0.839471,0.833901,0.887687,0.769919,0.689207,0.841933,0.739181,0.852352,0.782836,0.639328,0.731205,0.735396,0.741755,0.715611,0.944235,0.767039,0.779234,0.722785,0.819384,0.756052,0.7181535,0.71404,0.739669,0.718303,0.662244,0.762135,0.638627,0.7187322,0.765336,0.805126,0.878032,0.735594,0.855696,0.668556,0.806317,0.745372,0.78133,0.7724624,0.719422,0.868713,0.7796211,0.7450294,0.841718,0.782644,0.649119,0.801753,0.750521,0.736549,0.707501,0.7389821,0.6983612,0.890702,0.906541,0.645681,0.684257
0.635765,0.809322,0.811647,0.853277,0.856388,0.690042,0.875345,0.854892,0.6725881,1,0.745289,0.795687,0.728554,0.759088,0.678321,0.840038,0.7297088,0.849963,0.696771,0.771218,0.731061,0.740795,0.604769,0.759029,0.742752,0.574786,0.660646,0.700886,0.796464,0.630914,0.661651,0.760182,0.743477,0.831597,0.670663,0.671777,0.634443,0.8553,0.85723,0.825355,0.804317,0.744258,0.7197212,0.598649,0.6416862,0.6092967,0.659936,0.597318,0.664671,0.708245,0.750918,0.714422,0.711292,0.71856,0.758634,0.7620669,0.796464,0.780653,0.776891,0.756194,0.73026,0.701517,0.720117,0.773659,0.673467,0.691811,0.7027873,0.642418,0.808666,0.791901,0.675968,0.644191,0.631703,0.707552,0.688206,0.785914,0.746916,0.687106,0.673981,0.657733,0.788418,0.750093,0.724812,0.828909,0.636123,0.615417,0.677883,0.61046,0.763986,0.655287,0.627904,0.7494018,0.763872,0.71472,0.685169,0.653188,0.6192034,0.655744,0.6129876,0.6437139
0.667844,0.602944,0.640094,0.741619,0.741882,0.604742,0.727124,0.734319,0.767589,0.745289,1,0.888107,0.723012,0.7249604,0.705929,0.5880378,0.669791,0.70061,0.634015,0.663079,0.657484,0.791977,0.6101616,0.728868,0.716507,0.786887,0.717231,0.74364,0.651648,0.711939,0.651458,0.624178,0.609166,0.672232,0.67141,0.672358,0.648323,0.605449,0.68052,0.758518,0.733682,0.599333,0.757516,0.6393027,0.6154951,0.710441,0.705583,0.741073,0.6669,0.726446,0.660076,0.610719,0.66418,0.68635,0.637461,0.667676,0.714331,0.821567,0.756126,0.836129,0.838033,0.728157,0.643543,0.708018,0.689224,0.656722,0.673881,0.696815,0.683031,0.674414,0.621057,0.612217,0.686464,0.615858,0.637653,0.676768,0.596836,0.71419,0.73052,0.573619,0.68535,0.697586,0.5646446,0.674028,0.625133,0.610523,0.718418,0.772231,0.668085,0.706422,0.609892,0.561368,0.695882,0.768446,0.795085,0.713202,0.748772,0.756084,0.559601,0.693311
0.6190972,0.556487,0.654392,0.72331,0.717333,0.626193,0.783731,0.740428,0.718427,0.795687,0.888107,1,0.724756,0.749493,0.744175,0.612738,0.700447,0.757838,0.676409,0.739999,0.697183,0.814934,0.642825,0.824309,0.759376,0.78983,0.722004,0.829866,0.6719868,0.763557,0.702884,0.745931,0.559344,0.712198,0.806681,0.700159,0.684671,0.641171,0.715357,0.795709,0.859784,0.630074,0.729794,0.683726,0.689111,0.689551,0.729384,0.668318,0.636872,0.761051,0.602431,0.672808,0.681403,0.755224,0.747053,0.568323,0.793635,0.7838,0.822189,0.768392,0.818515,0.602856,0.632866,0.685616,0.653123,0.639176,0.752133,0.70956,0.754078,0.696872,0.716615,0.677192,0.683967,0.70326,0.6314,0.633021,0.642148,0.776453,0.779976,0.628985,0.818697,0.791952,0.554859,0.699868,0.639063,0.5537105,0.702212,0.818009,0.814851,0.778815,0.591166,0.665714,0.82225,0.668453,0.825711,0.7329863,0.717658,0.679301,0.5842335,0.800284
0.710844,0.766584,0.690545,0.657267,0.673554,0.749788,0.5964903,0.746388,0.775657,0.728554,0.723012,0.724756,1,0.803388,0.85009,0.761432,0.80162,0.874417,0.787007,0.859425,0.849078,0.818132,0.670934,0.627767,0.621593,0.776405,0.816672,0.83702,0.791872,0.791063,0.73364,0.7312273,0.77963,0.874415,0.807142,0.726802,0.678614,0.734664,0.786169,0.708956,0.733112,0.691546,0.692424,0.791836,0.632414,0.671032,0.777358,0.794567,0.713965,0.777637,0.803635,0.621168,0.745855,0.811823,0.723769,0.741671,0.64504,0.783771,0.583932,0.743099,0.754694,0.743806,0.7900919,0.833249,0.80577,0.688345,0.693966,0.762269,0.794665,0.786484,0.7973,0.706733,0.673621,0.658018,0.645098,0.697997,0.804406,0.783302,0.695559,0.728046,0.703804,0.835652,0.62604,0.817692,0.737527,0.663384,0.884595,0.80598,0.813198,0.735253,0.6436567,0.6622841,0.639123,0.660593,0.667087,0.805407,0.7104657,0.768511,0.60771,0.775443
0.787916,0.6572736,0.809698,0.856869,0.821734,0.708398,0.787547,0.809844,0.75008,0.759088,0.7249604,0.749493,0.803388,1,0.888745,0.735321,0.841854,0.805318,0.865157,0.824012,0.828727,0.895756,0.817576,0.66636,0.788619,0.728381,0.803109,0.800385,0.835555,0.840081,0.819382,0.782312,0.6870432,0.82602,0.771336,0.815636,0.686737,0.797396,0.756626,0.749609,0.790317,0.825917,0.832874,0.718843,0.772038,0.6674711,0.753775,0.7725803,0.75769,0.760478,0.7219143,0.798549,0.813407,0.771824,0.774284,0.738448,0.865829,0.761133,0.754203,0.737405,0.784977,0.698699,0.871849,0.853272,0.90529,0.767019,0.852149,0.802349,0.882176,0.883532,0.87138,0.850048,0.766945,0.712779,0.812893,0.724648,0.845936,0.781994,0.772856,0.793256,0.83421,0.867283,0.721125,0.87973,0.783705,0.748639,0.810705,0.77562,0.835715,0.87903,0.791177,0.784336,0.76564,0.695931,0.86677,0.798347,0.7218617,0.794479,0.7581964,0.792473
0.7934,0.727943,0.671709,0.777298,0.6800567,0.735126,0.7151254,0.765436,0.826018,0.678321,0.705929,0.744175,0.85009,0.888745,1,0.77811,0.84687,0.837563,0.825258,0.8514779,0.948854,0.926082,0.879432,0.657469,0.744366,0.804959,0.928113,0.914736,0.851143,0.971942,0.809777,0.664806,0.738912,0.877813,0.786209,0.83489,0.697538,0.702796,0.714888,0.788037,0.743506,0.7366184,0.723149,0.769694,0.785025,0.854323,0.8361678,0.873887,0.817752,0.766517,0.86327,0.777184,0.77649,0.806763,0.752943,0.680689,0.749243,0.786522,0.675635,0.800059,0.820777,0.6940177,0.913455,0.855621,0.895547,0.874926,0.800867,0.817712,0.881546,0.840313,0.962565,0.818109,0.854449,0.756473,0.834302,0.7774316,0.838419,0.939349,0.732334,0.802723,0.764204,0.789709,0.735004,0.813943,0.890052,0.833218,0.8308,0.878552,0.845306,0.861333,0.773661,0.725864,0.668029,0.68189,0.76295,0.810426,0.833675,0.871575,0.741081,0.816526
0.798445,0.954021,0.907794,0.827697,0.839875,0.874443,0.837025,0.902848,0.717389,0.840038,0.5880378,0.612738,0.761432,0.735321,0.77811,1,0.86032,0.879237,0.746834,0.846855,0.877047,0.732739,0.767567,0.626171,0.670944,0.652632,0.743063,0.750898,0.821899,0.706845,0.71727,0.768399,0.846165,0.891013,0.6768515,0.771399,0.734282,0.917986,0.850533,0.740769,0.708491,0.78062,0.720817,0.698524,0.69459,0.725244,0.783164,0.669307,0.780626,0.69858,0.927224,0.828443,0.830972,0.821232,0.888435,0.931495,0.756066,0.824522,0.684805,0.701221,0.699542,0.704836,0.87504,0.842862,0.846768,0.794415,0.723137,0.762112,0.810037,0.784752,0.792392,0.752936,0.795514,0.696889,0.845297,0.855793,0.839252,0.807587,0.670805,0.844171,0.7132601,0.705939,0.756122,0.820316,0.786212,0.8063179,0.655415,0.692935,0.747826,0.742323,0.797405,0.881841,0.733708,0.658799,0.657679,0.68716,0.675044,0.674087,0.637766,0.672277
0.80134,0.812776,0.774219,0.706414,0.709944,0.856321,0.775012,0.78834,0.738195,0.7297088,0.669791,0.700447,0.80162,0.841854,0.84687,0.86032,1,0.8314,0.807884,0.890256,0.859882,0.860021,0.789699,0.721484,0.654507,0.678721,0.692389,0.765915,0.852647,0.764395,0.829128,0.707019,0.869095,0.868407,0.727503,0.856308,0.772436,0.834123,0.708413,0.6515871,0.785594,0.6971291,0.720559,0.676282,0.768496,0.6555247,0.765652,0.687742,0.83057,0.749968,0.795486,0.737547,0.854996,0.771931,0.808109,0.808086,0.719593,0.736994,0.814956,0.726367,0.710834,0.741043,0.907566,0.915393,0.939463,0.808498,0.746183,0.861115,0.870812,0.841686,0.821829,0.788934,0.859818,0.610141,0.839345,0.802314,0.823671,0.802382,0.749146,0.850102,0.7124,0.75351,0.6779314,0.813497,0.717156,0.79967,0.818351,0.711132,0.792242,0.845863,0.839455,0.828989,0.705628,0.6727557,0.785338,0.739207,0.709151,0.737323,0.685708,0.730654
0.735011,0.807754,0.751664,0.731281,0.796165,0.782385,0.7389,0.85948,0.76197,0.849963,0.70061,0.757838,0.874417,0.805318,0.837563,0.879237,0.8314,1,0.808974,0.869922,0.90805,0.826503,0.698183,0.702767,0.727938,0.6860748,0.769296,0.858597,0.886272,0.78118,0.771136,0.790804,0.798973,0.971858,0.8160116,0.821998,0.679748,0.816074,0.805384,0.715834,0.863812,0.749626,0.777498,0.711427,0.716334,0.682396,0.754077,0.725519,0.777511,0.803219,0.819473,0.69348,0.824185,0.869423,0.839811,0.823662,0.797822,0.852428,0.754933,0.698163,0.696277,0.809855,0.810429,0.88551,0.820692,0.729464,0.728942,0.780284,0.849999,0.836765,0.831188,0.770325,0.763863,0.7114305,0.744682,0.803944,0.795298,0.833164,0.753991,0.750975,0.766563,0.858958,0.685311,0.868617,0.748039,0.713396,0.789568,0.735467,0.857269,0.758063,0.734668,0.749911,0.734436,0.73914,0.738011,0.738627,0.735843,0.722626,0.61426,0.770625
0.821354,0.729918,0.748238,0.718233,0.707429,0.7516,0.731552,0.732949,0.714435,0.696771,0.634015,0.676409,0.787007,0.865157,0.825258,0.746834,0.807884,0.808974,1,0.809979,0.796018,0.760077,0.666247,0.600967,0.801319,0.749514,0.720475,0.789641,0.808299,0.786297,0.858129,0.723355,0.758989,0.836617,0.819122,0.793993,0.758878,0.748167,0.651281,0.715954,0.74856,0.722559,0.7861519,0.718166,0.7709607,0.614326,0.70636,0.700925,0.792707,0.802253,0.682978,0.623185,0.752171,0.75987,0.804636,0.762349,0.75563,0.763045,0.669466,0.670865,0.67553,0.728121,0.842513,0.833694,0.833434,0.798207,0.828937,0.892826,0.811424,0.729589,0.835388,0.862836,0.734736,0.784982,0.794609,0.717728,0.832755,0.750342,0.816416,0.832859,0.702837,0.879099,0.661076,0.757567,0.711963,0.654214,0.848566,0.743689,0.845715,0.769671,0.761254,0.729147,0.66476,0.737703,0.741623,0.801772,0.66216,0.711093,0.853429,0.852783
0.77923,0.792415,0.767379,0.710776,0.629782,0.79188,0.711889,0.736147,0.763618,0.771218,0.663079,0.739999,0.859425,0.824012,0.8514779,0.846855,0.890256,0.869922,0.809979,1,0.897425,0.841379,0.818629,0.594755,0.683695,0.696662,0.796414,0.856305,0.870483,0.808121,0.785973,0.709221,0.831824,0.876277,0.8186093,0.865373,0.806808,0.844838,0.795989,0.738866,0.779231,0.741712,0.759269,0.782131,0.740198,0.744388,0.899835,0.770599,0.71681,0.75909,0.827546,0.769519,0.80836,0.78461,0.777172,0.780658,0.665312,0.716414,0.716417,0.735326,0.753848,0.773582,0.910138,0.851475,0.84925,0.814514,0.74204,0.840709,0.902724,0.821354,0.880929,0.864908,0.791691,0.685702,0.796566,0.784555,0.902812,0.830428,0.695904,0.86366,0.752634,0.840688,0.69228,0.7935206,0.78281,0.772628,0.820028,0.799245,0.88761,0.780131,0.779974,0.80802,0.699755,0.64635,0.689114,0.77552,0.687489,0.727901,0.664868,0.765719
0.773101,0.797537,0.735419,0.719447,0.743547,0.754955,0.67814,0.810085,0.783852,0.731061,0.657484,0.697183,0.849078,0.828727,0.948854,0.877047,0.859882,0.90805,0.796018,0.897425,1,0.862304,0.870276,0.61172,0.682599,0.735837,0.886444,0.897695,0.899432,0.905424,0.78086,0.7157069,0.793827,0.952246,0.825023,0.864125,0.694005,0.804471,0.797654,0.730511,0.797773,0.764309,0.758978,0.776666,0.764104,0.816984,0.853455,0.819881,0.803914,0.760143,0.91206,0.800463,0.820571,0.843643,0.840394,0.771211,0.753705,0.804812,0.653451,0.695903,0.782355,0.746057,0.905295,0.86663,0.882081,0.837618,0.757796,0.786375,0.884539,0.872785,0.948157,0.82709,0.87206,0.723987,0.841234,0.807793,0.846554,0.935659,0.732029,0.821992,0.772618,0.789725,0.757597,0.875831,0.892005,0.85024,0.771663,0.817831,0.869093,0.857472,0.804991,0.813937,0.726013,0.672565,0.743259,0.771123,0.75741,0.789561,0.672714,0.777803
0.74633,0.6334151,0.671348,0.816533,0.704277,0.726388,0.773754,0.756612,0.810938,0.740795,0.791977,0.814934,0.818132,0.895756,0.926082,0.732739,0.860021,0.826503,0.760077,0.841379,0.862304,1,0.828276,0.77122,0.742255,0.767896,0.833777,0.852867,0.811033,0.864498,0.696296,0.676857,0.6711166,0.852269,0.750391,0.784384,0.738974,0.668914,0.685637,0.815794,0.768146,0.760018,0.771687,0.664521,0.713393,0.755008,0.752165,0.786737,0.812686,0.780702,0.776679,0.750596,0.772171,0.786724,0.697018,0.669859,0.732451,0.761155,0.747389,0.790622,0.847972,0.733928,0.844243,0.802951,0.850377,0.792339,0.788212,0.854546,0.921717,0.864586,0.878069,0.865334,0.791775,0.749546,0.7751,0.7130486,0.81714,0.865574,0.628781,0.767353,0.816981,0.808562,0.6785397,0.807895,0.75988,0.72416,0.830518,0.818636,0.805518,0.85501,0.6970982,0.70056,0.64536,0.697262,0.835673,0.709668,0.772217,0.783812,0.725229,0.782668
0.751107,0.72156,0.771565,0.7461054,0.67814,0.721214,0.691026,0.727401,0.728643,0.604769,0.6101616,0.642825,0.670934,0.817576,0.879432,0.767567,0.789699,0.698183,0.666247,0.818629,0.870276,0.828276,1,0.602202,0.6764208,0.614233,0.84789,0.778195,0.722531,0.883523,0.7421,0.6549532,0.728141,0.750372,0.685035,0.813715,0.626921,0.775047,0.673918,0.669912,0.6622233,0.671425,0.705908,0.658684,0.766601,0.810205,0.848179,0.781566,0.767847,0.6018,0.804706,0.897832,0.797424,0.690579,0.743886,0.660402,0.751106,0.669831,0.701678,0.707955,0.720006,0.65586,0.842441,0.810537,0.865978,0.86324,0.698902,0.722136,0.822234,0.825274,0.897114,0.778573,0.864955,0.643004,0.823641,0.738148,0.758793,0.853864,0.642318,0.784395,0.795912,0.6249748,0.71794,0.7557841,0.846614,0.840232,0.692883,0.770537,0.716215,0.812337,0.839795,0.829425,0.733356,0.586385,0.738342,0.704285,0.775082,0.805256,0.702503,0.642303
0.586626,0.657006,0.66554,0.757528,0.740977,0.749947,0.754925,0.70688,0.6449398,0.759029,0.728868,0.824309,0.627767,0.66636,0.657469,0.626171,0.721484,0.702767,0.600967,0.594755,0.61172,0.77122,0.602202,1,0.764664,0.687054,0.63757,0.693682,0.637517,0.6513806,0.716364,0.72228,0.666754,0.681092,0.640148,0.62699,0.6333587,0.633001,0.590281,0.72576,0.834913,0.6275349,0.627369,0.660775,0.6268635,0.634908,0.5682363,0.590125,0.686593,0.70033,0.598373,0.646204,0.595469,0.6763445,0.698098,0.601924,0.743701,0.702048,0.792066,0.692339,0.680866,0.572312,0.587386,0.640846,0.632782,0.588299,0.661312,0.626476,0.699813,0.764433,0.581339,0.5676919,0.632823,0.722602,0.667153,0.654021,0.5236915,0.655322,0.764672,0.513223,0.7379044,0.597543,0.63405,0.704636,0.58716,0.609567,0.659356,0.716523,0.645227,0.693196,0.594778,0.630405,0.712647,0.600632,0.679048,0.711604,0.694257,0.6002064,0.688258,0.696489
0.696808,0.739738,0.737584,0.759433,0.849586,0.753485,0.715751,0.774216,0.741115,0.742752,0.716507,0.759376,0.621593,0.788619,0.744366,0.670944,0.654507,0.727938,0.801319,0.683695,0.682599,0.742255,0.6764208,0.764664,1,0.7109189,0.736172,0.671038,0.695558,0.774335,0.781507,0.759628,0.772954,0.705923,0.743715,0.738214,0.684385,0.770957,0.677066,0.688527,0.77422,0.816689,0.81051,0.717094,0.825359,0.719611,0.6521672,0.646869,0.784009,0.722317,0.652517,0.678152,0.717977,0.756835,0.785293,0.776587,0.839535,0.800465,0.766268,0.7416,0.61809,0.587146,0.742025,0.768853,0.765633,0.746037,0.714935,0.693677,0.696169,0.704669,0.773254,0.735701,0.722992,0.720938,0.725958,0.795998,0.71986,0.6626908,0.794213,0.744121,0.754907,0.732919,0.7777,0.724885,0.712824,0.627703,0.660747,0.713647,0.759846,0.757482,0.817351,0.694771,0.772187,0.654267,0.736194,0.813351,0.746854,0.733278,0.8067676,0.790856
0.8085,0.684524,0.656038,0.651489,0.677647,0.67622,0.5578089,0.697573,0.807447,0.574786,0.786887,0.78983,0.776405,0.728381,0.804959,0.652632,0.678721,0.6860748,0.749514,0.696662,0.735837,0.767896,0.614233,0.687054,0.7109189,1,0.792562,0.830311,0.67792,0.784991,0.664473,0.7079669,0.64493,0.684899,0.7347526,0.734416,0.684153,0.588431,0.680782,0.723774,0.736468,0.6589156,0.666332,0.753454,0.72508,0.759231,0.761611,0.748799,0.68321,0.795106,0.789959,0.597117,0.71739,0.811042,0.687897,0.687982,0.6359554,0.791433,0.644052,0.795191,0.81051,0.656027,0.678714,0.717779,0.728157,0.614059,0.69351,0.695274,0.66729,0.649876,0.71059,0.631902,0.651024,0.680899,0.636387,0.676489,0.651944,0.800274,0.6922679,0.679671,0.6467623,0.708804,0.639428,0.6371036,0.718412,0.64459,0.754651,0.863623,0.757774,0.753333,0.656318,0.614802,0.6852711,0.5796404,0.759958,0.789073,0.765144,0.738042,0.5344009,0.803394
0.745631,0.702968,0.725487,0.771212,0.728456,0.660337,0.694531,0.756461,0.927934,0.660646,0.717231,0.722004,0.816672,0.803109,0.928113,0.743063,0.692389,0.769296,0.720475,0.796414,0.886444,0.833777,0.84789,0.63757,0.736172,0.792562,1,0.925944,0.770098,0.944948,0.789828,0.728236,0.713253,0.792647,0.7468598,0.787517,0.620555,0.704406,0.786221,0.78973,0.671767,0.810901,0.765181,0.795975,0.800862,0.917417,0.887422,0.910216,0.768564,0.721895,0.878252,0.866509,0.812687,0.808097,0.693447,0.699491,0.737805,0.745547,0.63605,0.879179,0.816773,0.746952,0.813697,0.7644246,0.779379,0.798242,0.706459,0.6776603,0.80024,0.80049,0.903816,0.69093,0.817024,0.7319027,0.813524,0.849096,0.761656,0.930989,0.7139,0.767756,0.826335,0.750451,0.803125,0.819805,0.967119,0.881833,0.757358,0.91904,0.793173,0.768205,0.813533,0.771539,0.738927,0.646056,0.713315,0.798307,0.928986,0.933447,0.689748,0.731087
0.78119,0.663953,0.689948,0.694525,0.635612,0.681046,0.724892,0.735537,0.877736,0.700886,0.74364,0.829866,0.83702,0.800385,0.914736,0.750898,0.765915,0.858597,0.789641,0.856305,0.897695,0.852867,0.778195,0.693682,0.671038,0.830311,0.925944,1,0.812776,0.920221,0.774522,0.703042,0.683896,0.849803,0.829708,0.833728,0.670996,0.697936,0.757676,0.806209,0.775431,0.7019322,0.771642,0.745612,0.79487,0.846769,0.874056,0.838093,0.751411,0.781429,0.824997,0.764578,0.826321,0.834005,0.745389,0.675834,0.715585,0.736411,0.6514378,0.800969,0.786665,0.745211,0.791738,0.820046,0.802767,0.74201,0.757489,0.786696,0.823791,0.750376,0.883405,0.755679,0.784371,0.765514,0.758431,0.712675,0.727882,0.951475,0.741667,0.739165,0.813338,0.824887,0.714542,0.77755,0.874599,0.786465,0.768761,0.895637,0.858933,0.796373,0.705649,0.766121,0.753455,0.654421,0.722173,0.766143,0.847212,0.811825,0.673304,0.810927
0.755202,0.751728,0.68812,0.722944,0.770213,0.691235,0.723962,0.772232,0.739537,0.796464,0.651648,0.6719868,0.791872,0.835555,0.851143,0.821899,0.852647,0.886272,0.808299,0.870483,0.899432,0.811033,0.722531,0.637517,0.695558,0.67792,0.770098,0.812776,1,0.803485,0.833592,0.6645526,0.821948,0.917532,0.778539,0.850109,0.769895,0.787911,0.771841,0.746522,0.801537,0.836388,0.740283,0.736195,0.760783,0.746734,0.758766,0.732083,0.823001,0.849579,0.83206,0.746204,0.793357,0.791844,0.724162,0.806758,0.741642,0.788555,0.744843,0.710628,0.731715,0.789548,0.841945,0.838432,0.837296,0.774913,0.837606,0.775269,0.837654,0.827408,0.840425,0.810023,0.814681,0.727314,0.801804,0.855488,0.801236,0.793464,0.809227,0.788921,0.768211,0.833577,0.788625,0.836094,0.791528,0.804659,0.822254,0.709578,0.838683,0.85743,0.788083,0.73081,0.711838,0.738497,0.762435,0.725658,0.734283,0.724518,0.6999572,0.803232
0.751003,0.661298,0.645826,0.734648,0.665757,0.690336,0.6958385,0.737652,0.852454,0.630914,0.711939,0.763557,0.791063,0.840081,0.971942,0.706845,0.764395,0.78118,0.786297,0.808121,0.905424,0.864498,0.883523,0.6513806,0.774335,0.784991,0.944948,0.920221,0.803485,1,0.845971,0.663327,0.713036,0.804863,0.782371,0.812332,0.643982,0.663038,0.673253,0.767034,0.68807,0.7373312,0.706301,0.795355,0.816347,0.899195,0.862082,0.888883,0.785858,0.734581,0.798445,0.795774,0.740142,0.782868,0.711673,0.639642,0.788194,0.764699,0.660646,0.823865,0.788141,0.655297,0.857955,0.812539,0.852717,0.878881,0.786736,0.767104,0.800025,0.793617,0.949539,0.748558,0.873814,0.751641,0.822672,0.791546,0.766016,0.92495,0.787711,0.7458662,0.786653,0.746557,0.749218,0.767623,0.903894,0.834318,0.771374,0.892485,0.820597,0.843507,0.797549,0.693388,0.740209,0.682261,0.718443,0.841713,0.889605,0.895625,0.755697,0.811467
0.733373,0.7261185,0.708743,0.6243216,0.701847,0.763739,0.693588,0.70404,0.792356,0.661651,0.651458,0.702884,0.73364,0.819382,0.809777,0.71727,0.829128,0.771136,0.858129,0.785973,0.78086,0.696296,0.7421,0.716364,0.781507,0.664473,0.789828,0.774522,0.833592,0.845971,1,0.745386,0.853307,0.779188,0.823365,0.83279,0.697716,0.803255,0.684986,0.665441,0.721567,0.737601,0.806908,0.801234,0.8569,0.722359,0.786315,0.805934,0.852492,0.757654,0.669998,0.703575,0.792866,0.76531,0.768349,0.768723,0.79925,0.759202,0.774916,0.7607425,0.583155,0.74555,0.842914,0.870163,0.884064,0.805228,0.751104,0.718886,0.687739,0.746708,0.82661,0.70423,0.824582,0.778177,0.871887,0.838813,0.764735,0.733065,0.942463,0.842049,0.719037,0.764426,0.792868,0.764703,0.784476,0.790341,0.781753,0.789891,0.810013,0.784718,0.882219,0.760437,0.765886,0.739594,0.738365,0.862878,0.789938,0.812565,0.758005,0.791266
0.6897749,0.725838,0.850381,0.768996,0.849449,0.775109,0.688984,0.869629,0.676509,0.760182,0.624178,0.745931,0.7312273,0.782312,0.664806,0.768399,0.707019,0.790804,0.723355,0.709221,0.7157069,0.676857,0.6549532,0.72228,0.759628,0.7079669,0.728236,0.703042,0.6645526,0.663327,0.745386,1,0.65618,0.719364,0.857661,0.74234,0.671987,0.801102,0.818892,0.572936,0.838311,0.755729,0.783531,0.765306,0.76419,0.650848,0.691069,0.66879,0.660711,0.750688,0.754343,0.742923,0.812141,0.914282,0.873386,0.755108,0.852435,0.822576,0.719728,0.606816,0.5505096,0.735159,0.715615,0.8080528,0.751071,0.5598994,0.668447,0.5721195,0.701732,0.772696,0.701217,0.6128196,0.630027,0.627495,0.66914,0.681783,0.695162,0.699217,0.808399,0.768446,0.792506,0.742111,0.685372,0.809492,0.690414,0.634978,0.687437,0.761666,0.810058,0.743358,0.744058,0.807572,0.880173,0.579067,0.800192,0.830163,0.76751,0.670055,0.57007,0.768461
0.683526,0.907849,0.740284,0.647891,0.719045,0.879878,0.67858,0.72659,0.760876,0.743477,0.609166,0.559344,0.77963,0.6870432,0.738912,0.846165,0.869095,0.798973,0.758989,0.831824,0.793827,0.6711166,0.728141,0.666754,0.772954,0.64493,0.713253,0.683896,0.821948,0.713036,0.853307,0.65618,1,0.822711,0.702942,0.781446,0.734598,0.856124,0.760131,0.646717,0.68237,0.78838,0.762249,0.77062,0.803605,0.722631,0.759296,0.705141,0.852391,0.703446,0.800217,0.704485,0.766384,0.733327,0.759729,0.863382,0.649681,0.715054,0.735087,0.791472,0.606567,0.7364,0.872407,0.837896,0.849192,0.83762,0.642117,0.774481,0.748919,0.753863,0.766532,0.6872959,0.799997,0.686663,0.829313,0.915087,0.810835,0.691932,0.743703,0.81299,0.6068491,0.70776,0.862948,0.7522358,0.734959,0.7596642,0.744926,0.699102,0.75033,0.711201,0.857454,0.757663,0.6508444,0.742542,0.622329,0.758375,0.731589,0.7056487,0.746912,0.662573
0.719588,0.815419,0.712534,0.72722,0.778496,0.781506,0.735377,0.843975,0.749934,0.831597,0.672232,0.712198,0.874415,0.82602,0.877813,0.891013,0.868407,0.971858,0.836617,0.876277,0.952246,0.852269,0.750372,0.681092,0.705923,0.684899,0.792647,0.849803,0.917532,0.804863,0.779188,0.719364,0.822711,1,0.819981,0.834854,0.720651,0.802696,0.806671,0.738855,0.849901,0.756572,0.782418,0.732453,0.719289,0.6969759,0.758739,0.734545,0.827355,0.806518,0.852445,0.719857,0.803516,0.842358,0.851665,0.808271,0.759049,0.834352,0.737358,0.674651,0.737234,0.796473,0.872405,0.877726,0.85194,0.787294,0.758013,0.830604,0.900252,0.864883,0.882575,0.835172,0.818937,0.733071,0.797041,0.8171,0.84916,0.862277,0.736734,0.783486,0.758052,0.853549,0.724578,0.892409,0.800397,0.7646519,0.815563,0.747361,0.86468,0.808103,0.759335,0.764341,0.691138,0.73968,0.738194,0.733422,0.704847,0.72015,0.69076,0.777757
0.685007,0.6235578,0.687536,0.652314,0.733934,0.747483,0.5808736,0.776029,0.72025,0.670663,0.67141,0.806681,0.807142,0.771336,0.786209,0.6768515,0.727503,0.8160116,0.819122,0.8186093,0.825023,0.750391,0.685035,0.640148,0.743715,0.7347526,0.7468598,0.829708,0.778539,0.782371,0.823365,0.857661,0.702942,0.819981,1,0.850377,0.788832,0.735358,0.798438,0.666868,0.857824,0.714217,0.823096,0.836384,0.796011,0.6492587,0.7658422,0.724806,0.730714,0.87153,0.6876752,0.68901,0.816672,0.922353,0.839415,0.680042,0.750472,0.824958,0.700231,0.6007895,0.649061,0.837817,0.777637,0.823366,0.775481,0.6443717,0.680973,0.742256,0.779852,0.756284,0.837372,0.729376,0.708421,0.712087,0.689404,0.6602112,0.742736,0.800462,0.828386,0.806324,0.815266,0.864579,0.668154,0.804597,0.739262,0.655495,0.768448,0.864658,0.920686,0.777376,0.755423,0.746204,0.807855,0.686106,0.758565,0.874909,0.73894,0.681176,0.653395,0.88762
0.895401,0.728148,0.755503,0.666021,0.6674535,0.732342,0.656136,0.726224,0.775422,0.671777,0.672358,0.700159,0.726802,0.815636,0.83489,0.771399,0.856308,0.821998,0.793993,0.865373,0.864125,0.784384,0.813715,0.62699,0.738214,0.734416,0.787517,0.833728,0.850109,0.812332,0.83279,0.74234,0.781446,0.834854,0.850377,1,0.755539,0.773429,0.699894,0.599228,0.854419,0.689762,0.824177,0.694765,0.861817,0.692901,0.790458,0.750569,0.785658,0.802983,0.794381,0.736516,0.877942,0.792455,0.810167,0.736974,0.730161,0.719791,0.821563,0.724502,0.632756,0.842078,0.838768,0.868588,0.860115,0.751681,0.690221,0.833907,0.808955,0.779788,0.822039,0.792627,0.786089,0.702655,0.821594,0.76765,0.717624,0.83158,0.784732,0.864214,0.724874,0.793482,0.705106,0.771576,0.768448,0.781837,0.773535,0.780647,0.857476,0.779435,0.857684,0.806571,0.748078,0.704092,0.782463,0.722167,0.751497,0.733122,0.738318,0.787785
0.701354,0.701262,0.711449,0.774047,0.687233,0.774897,0.750462,0.730546,0.5921106,0.634443,0.648323,0.684671,0.678614,0.686737,0.697538,0.734282,0.772436,0.679748,0.758878,0.806808,0.694005,0.738974,0.626921,0.6333587,0.684385,0.684153,0.620555,0.670996,0.769895,0.643982,0.697716,0.671987,0.734598,0.720651,0.788832,0.755539,1,0.676429,0.684344,0.749654,0.685709,0.723482,0.668154,0.77345,0.702168,0.668233,0.701506,0.5645291,0.711176,0.901337,0.7035432,0.729769,0.638468,0.739125,0.735588,0.713508,0.613175,0.715919,0.650242,0.605097,0.703082,0.737273,0.772137,0.668381,0.705765,0.694465,0.795043,0.745716,0.760352,0.695796,0.733596,0.789081,0.655684,0.639098,0.69588,0.698677,0.798429,0.639577,0.741184,0.769037,0.740837,0.7265847,0.629507,0.706265,0.620735,0.603302,0.819708,0.735782,0.757527,0.825567,0.673825,0.6313807,0.644425,0.5180103,0.659691,0.771547,0.613938,0.5400402,0.684683,0.891668
0.749471,0.897844,0.930604,0.794463,0.83056,0.81584,0.797594,0.838514,0.709454,0.8553,0.605449,0.641171,0.734664,0.797396,0.702796,0.917986,0.834123,0.816074,0.748167,0.844838,0.804471,0.668914,0.775047,0.633001,0.770957,0.588431,0.704406,0.697936,0.787911,0.663038,0.803255,0.801102,0.856124,0.802696,0.735358,0.773429,0.676429,1,0.881244,0.621252,0.776955,0.765707,0.80666,0.70022,0.75801,0.673265,0.800948,0.68082,0.719374,0.6211553,0.843429,0.818694,0.868661,0.767749,0.876454,0.878863,0.789368,0.733112,0.810712,0.702973,0.5817703,0.729912,0.875147,0.889472,0.866468,0.760898,0.64531,0.694379,0.844143,0.819405,0.777125,0.737592,0.764462,0.623512,0.850679,0.832735,0.845882,0.739913,0.745707,0.861737,0.779619,0.75958,0.757582,0.859304,0.773167,0.832994,0.653687,0.671258,0.797836,0.730248,0.859118,0.942467,0.805776,0.5877144,0.701352,0.736689,0.674076,0.688413,0.622286,0.619679
0.626089,0.775393,0.829869,0.791115,0.866376,0.680486,0.739458,0.878649,0.773181,0.85723,0.68052,0.715357,0.786169,0.756626,0.714888,0.850533,0.708413,0.805384,0.651281,0.795989,0.797654,0.685637,0.673918,0.590281,0.677066,0.680782,0.786221,0.757676,0.771841,0.673253,0.684986,0.818892,0.760131,0.806671,0.798438,0.699894,0.684344,0.881244,1,0.739292,0.766194,0.770616,0.772338,0.77831,0.713473,0.708681,0.820449,0.729818,0.693258,0.749496,0.865294,0.830067,0.83751,0.868571,0.7706482,0.81356,0.776122,0.804844,0.623128,0.707935,0.700797,0.760607,0.765692,0.835742,0.748429,0.665081,0.659664,0.624039,0.778924,0.78774,0.739093,0.631434,0.667712,0.580021,0.686128,0.767257,0.761212,0.744549,0.702257,0.718297,0.864106,0.763611,0.791216,0.880307,0.787304,0.767606,0.688307,0.755526,0.835903,0.72181,0.67206,0.826631,0.878596,0.615572,0.714187,0.763251,0.682744,0.711294,0.550839,0.714091
0.575898,0.693951,0.66582,0.825328,0.7218615,0.624517,0.905316,0.756398,0.746024,0.825355,0.758518,0.795709,0.708956,0.749609,0.788037,0.740769,0.6515871,0.715834,0.715954,0.738866,0.730511,0.815794,0.669912,0.72576,0.688527,0.723774,0.78973,0.806209,0.746522,0.767034,0.665441,0.572936,0.646717,0.738855,0.666868,0.599228,0.749654,0.621252,0.739292,1,0.658682,0.785704,0.614369,0.700645,0.631917,0.743006,0.741907,0.766463,0.734597,0.780919,0.749116,0.7576873,0.62997,0.706006,0.642211,0.6942865,0.682778,0.725958,0.602622,0.804834,0.912242,0.658351,0.735194,0.654663,0.674802,0.776773,0.848097,0.764748,0.784056,0.650312,0.766563,0.736201,0.705517,0.828304,0.714451,0.771608,0.723671,0.770234,0.650893,0.650646,0.803733,0.747086,0.687471,0.710494,0.757084,0.697125,0.756535,0.800959,0.703504,0.784642,0.591982,0.624243,0.6690996,0.753012,0.636678,0.684806,0.698144,0.767272,0.727095,0.774572
0.748347,0.689271,0.746734,0.695689,0.792596,0.735989,0.708339,0.798485,0.687578,0.804317,0.733682,0.859784,0.733112,0.790317,0.743506,0.708491,0.785594,0.863812,0.74856,0.779231,0.797773,0.768146,0.6622233,0.834913,0.77422,0.736468,0.671767,0.775431,0.801537,0.68807,0.721567,0.838311,0.68237,0.849901,0.857824,0.854419,0.685709,0.776955,0.766194,0.658682,1,0.665353,0.781464,0.706654,0.739307,0.610566,0.693851,0.5923743,0.66008,0.816153,0.693223,0.66392,0.765271,0.817742,0.871709,0.652334,0.849001,0.792088,0.877538,0.64558,0.642377,0.713096,0.721258,0.802162,0.736955,0.610938,0.673369,0.716652,0.829091,0.841,0.746202,0.686258,0.691611,0.6451351,0.676794,0.677271,0.663426,0.781917,0.759492,0.693219,0.813074,0.809591,0.593559,0.844737,0.6468501,0.6267743,0.723236,0.723093,0.877991,0.776001,0.727162,0.752434,0.841318,0.6329344,0.822913,0.73184,0.638039,0.620253,0.5946828,0.775145
0.66959,0.764931,0.772626,0.784842,0.874422,0.72721,0.73035,0.802434,0.750465,0.744258,0.599333,0.630074,0.691546,0.825917,0.7366184,0.78062,0.6971291,0.749626,0.722559,0.741712,0.764309,0.760018,0.671425,0.6275349,0.816689,0.6589156,0.810901,0.7019322,0.836388,0.7373312,0.737601,0.755729,0.78838,0.756572,0.714217,0.689762,0.723482,0.765707,0.770616,0.785704,0.665353,1,0.738037,0.776889,0.737404,0.765961,0.736361,0.730698,0.796288,0.779585,0.789073,0.829716,0.740419,0.802523,0.716049,0.854143,0.757725,0.781587,0.586546,0.7259866,0.6956857,0.641217,0.760826,0.749544,0.770665,0.7064311,0.782908,0.64829,0.759067,0.788058,0.766444,0.740143,0.710851,0.676534,0.737513,0.852761,0.791242,0.674682,0.723839,0.690017,0.833628,0.752162,0.851403,0.826248,0.827218,0.773167,0.690085,0.759706,0.713241,0.823453,0.746826,0.6799269,0.738367,0.643814,0.684035,0.759017,0.78468,0.751987,0.796888,0.7401
0.776114,0.687744,0.829382,0.738725,0.775941,0.645459,0.67804,0.786545,0.781678,0.7197212,0.757516,0.729794,0.692424,0.832874,0.723149,0.720817,0.720559,0.777498,0.7861519,0.759269,0.758978,0.771687,0.705908,0.627369,0.81051,0.666332,0.765181,0.771642,0.740283,0.706301,0.806908,0.783531,0.762249,0.782418,0.823096,0.824177,0.668154,0.80666,0.772338,0.614369,0.781464,0.738037,1,0.652123,0.891971,0.65877,0.708765,0.678516,0.849103,0.721547,0.721035,0.725634,0.879109,0.770117,0.77159,0.733652,0.820878,0.786288,0.784215,0.735306,0.585059,0.81391,0.799631,0.853371,0.798652,0.733512,0.655456,0.748297,0.805846,0.769637,0.776495,0.736177,0.748063,0.632205,0.7126,0.745315,0.753239,0.778059,0.784956,0.759161,0.778174,0.855687,0.833705,0.812371,0.770798,0.720332,0.746761,0.686403,0.791019,0.691558,0.809745,0.846799,0.818723,0.771769,0.882105,0.710989,0.751535,0.727955,0.760282,0.705572
0.598909,0.713475,0.657651,0.691138,0.717653,0.713811,0.621703,0.747693,0.713288,0.598649,0.6393027,0.683726,0.791836,0.718843,0.769694,0.698524,0.676282,0.711427,0.718166,0.782131,0.776666,0.664521,0.658684,0.660775,0.717094,0.753454,0.795975,0.745612,0.736195,0.795355,0.801234,0.765306,0.77062,0.732453,0.836384,0.694765,0.77345,0.70022,0.77831,0.700645,0.706654,0.776889,0.652123,1,0.68944,0.804028,0.83874,0.798246,0.662893,0.819778,0.750018,0.730016,0.662746,0.840088,0.704885,0.71029,0.731621,0.793329,0.520377,0.741942,0.731355,0.663523,0.765809,0.721844,0.718026,0.705113,0.712972,0.5899234,0.65803,0.7395,0.785004,0.633653,0.680713,0.64585,0.696912,0.764119,0.756997,0.701925,0.823619,0.703897,0.759986,0.70165,0.699554,0.780802,0.766417,0.72232,0.760779,0.866202,0.829701,0.792625,0.715283,0.6337,0.758069,0.521795,0.623539,0.942142,0.780921,0.769629,0.608509,0.856362
