0,1,2,3,4,5,6,7,8,9,10,11,12,13,14,15,16,17,18,19,20,21,22,23,24,25,26,27,28,29,30,31,32,33,34,35,36,37,38,39,40,41,42,43,44,45,46,47,48,49,50,51,52,53,54,55,56,57,58,59,60,61,62,63,64,65,66,67,68,69,70,71,72,73,74,75,76,77,78,79,80,81,82,83,84,85,86,87,88,89,90,91,92,93,94,95,96,97,98,99
0.0,-0.22547146203835688,-0.23193932414575513,-0.22539640100922667,-0.3037937419216543,0.021038668904088287,0.19247625332404641,-0.13301121614004127,-0.21139359420048517,-0.17352051954239872,0.10494273260884829,-0.5292145614098853,-0.2766167374727743,-0.31551260848652757,-0.41785698836030627,-0.3030547023844019,-0.7039582829065024,-0.2408090711057224,-0.3787116820832608,-0.24765247402179108,-0.34813441315914173,-0.6859040457817221,-0.4059531977892388,-0.7010250796505112,0.5127946159593074,-0.4913583553440365,-0.49275369637851485,-0.2747639813952089,-0.5163063400861669,-0.5890484409034028,0.5542226980341496,0.2712042216368155,-0.11258536927879928,-0.44200907789781435,-0.5622438562276081,-0.159450848285451,-0.07651308808481273,0.10385995562451776,-0.4068639919909746,-0.3191296861776957,-0.04830708440793349,-0.27665500732118514,-0.5435303241205042,0.07694849656169497,-0.36588858816974146,-0.33599941274552747,-0.3465164036317174,-0.20894078693665621,0.3683054970101522,-0.07049622932499076,0.4382023262429064,-0.04976693332159704,-0.035257751467781595,-0.046802602042041196,-0.29748455737759893,0.2843343765075384,-0.09420287764726307,-0.1847101351927059,-0.21565325787706677,-0.1712879996811328,-0.532842324565732,-0.39519029503640957,-0.520614974417599,-0.3018395255242398,-0.42418686793972954,-0.3655937359092043,0.2659995505130623,-0.5208756625029882,-0.484879723188042,-0.15910275050899966,-0.2903059896868097,-0.5179137172637108,-0.3240102546631266,-0.2562639843696692,-0.69861649823471,-0.6424416095247679,-0.13420163249927783,-0.5059036809804082,0.4476107054008794,0.006240866365574652,-0.5867816422608413,-0.03703179779540272,-0.26699485887365915,-0.6382773906488173,-0.46371857441459596,-0.28450270081085277,0.030224907411686628,-0.4493531834877284,-0.01665028098670583,-0.20735980461000048,0.3654422749515511,0.06338700177509711,-0.2756504119649757,0.09506425176817211,-0.7412101035545886,0.2874620212075534,-0.13614050465687993,-0.024653072713317573,0.3535616314492306,-0.024815161899213747
-0.22547146203835688,0.0,0.8066195996370449,0.9073738443153008,0.951988192246388,0.4516062188914143,0.5668441582755847,0.8969554148329396,0.8498331485794126,-0.25764866950782855,-0.7853684345525211,0.36822880643903905,0.09468949279731619,0.7306111414018562,0.5708792199604373,0.9802333196952003,0.5431737698346805,0.8672165827403626,0.5883591594273431,0.8923200581313369,0.7695789504616309,0.5412707058355865,0.8335429259996979,0.47420918709167736,-0.7089655015516453,-0.12855422659113572,0.8498216792394753,-0.47555409811978294,-0.07182235903935302,0.7477778050334608,0.06115293465833139,-0.713779445564418,0.11211646879367407,0.6108743750944335,0.543674254956636,0.4944264448002331,-0.3645961851787989,-0.16313505970957445,0.49654740938914227,0.292569271932234,-0.05549191837431751,-0.16852740778576986,0.17674838540263038,-0.416499117572492,0.08216741436210079,0.36168783836181356,0.4440436339350213,0.4565414387495073,-0.04067983805373441,0.03712104502010577,0.6959505824023704,0.9555814970192459,0.9006663596585038,0.8915653541371127,0.9608309473930073,0.3398696801954141,0.8898544478952825,0.9010086431915775,-0.41784273968780544,-0.6955565437566245,0.14415581811702194,0.049665034362575675,0.6879033276089559,0.5949623254610606,0.7727406602429826,0.5410586241492374,0.4220675297659481,0.6146506535601586,0.7499706928590151,0.7478697457917195,0.799252609608191,0.4084895422223455,0.8324564030853456,0.3486019821527333,0.5870216823948539,-0.07873518919717143,-0.01788579542951257,0.7596104407383181,0.18715019334005584,-0.21773212438383968,0.4501096442535473,0.21081057394445576,0.40760099046334797,0.3920537318262527,0.8171834457522562,0.4294476270477337,-0.4683496811436856,0.11169718846469832,0.6555966438259857,0.08589431799329213,0.41718472784442595,0.24901818988725,0.5935776898401398,-0.3280185654049264,0.391435207971288,-0.5325719720810683,0.48721049681810213,0.4426462597283045,0.04456051247076348,0.05734622300304356
-0.23193932414575513,0.8066195996370449,0.0,0.7924591550851582,0.8303428845085237,0.8447419185676294,0.41104542544794315,0.8978487698457283,0.9385518519032128,0.0835593283489488,-0.6054328372299428,0.5394604192146031,0.36638908016780897,0.5973809189979264,0.5280748958616885,0.7865365390338291,0.5607361258473578,0.5989287639364439,0.35656528400463994,0.73819727281603,0.6411725365045883,0.36837932287212427,0.5458919742954134,0.5941493820662253,-0.39457820206397026,0.2065943603087952,0.6735181674376599,-0.3929671263938093,0.18421837865387164,0.6882114153502688,-0.23047553549022393,-0.3939382126070259,-0.24742438679769377,0.2323147562885602,0.20546271721896905,-0.003606783502980271,-0.6736928264828357,-0.13116661212278735,0.6522219132320066,0.3709088293472374,-0.5117852671871634,0.08262467358870873,-0.0019104901011338066,-0.6117980093624426,-0.16895611951046663,0.1208026325825207,-0.030411358382218805,-0.04033552055236676,-0.19713623242667963,-0.24677105977796007,0.46556403748187036,0.7891405786877247,0.6420605419546619,0.6227638616492612,0.8907806231931877,0.6826962722091663,0.7532267530038058,0.8701661611081662,-0.2805893672507344,-0.46268675776490076,0.3574917611116171,0.2843863550756825,0.7508132673193386,0.4934945677226651,0.6375830247269523,0.47141799440584975,0.045484877163874886,0.5002898973652762,0.4183113794395924,0.3497401925479706,0.6101625301105429,0.07571250743282423,0.6462184343547361,0.411956067196702,0.5378497116665162,0.07944749620598218,-0.2908432117783392,0.561726954016479,-0.054308945477899426,-0.2284724303090363,0.12389364096139885,-0.2929841208019516,0.07868757483769886,0.1130690280897452,0.4995982788395365,-0.06477107117131436,-0.7270016918661514,-0.2025954479797134,0.36673827198621983,-0.33185959387652586,-0.02639098585405125,0.32336020953354516,0.6030607031039742,-0.46501673816334876,0.28065886038350635,-0.6836756901459516,0.14094588966925414,-0.014929990046694161,-0.20728733534919386,-0.26700911238734987
-0.22539640100922667,0.9073738443153008,0.7924591550851582,0.0,0.9425581472106194,0.46023599245570296,0.4529659167294493,0.8638833927350063,0.7808738446958949,-0.28152848689120424,-0.7875716274382578,0.202199563605614,0.11395005391238586,0.5928957242440023,0.4254053327575831,0.9223931962777115,0.47472541912005967,0.6742538926402097,0.39739149983148153,0.7489158486021175,0.5920331984944306,0.43571997923458955,0.6462858320742434,0.4699968124717476,-0.5939887850794562,-0.12592533647305235,0.7201357275275261,-0.4984989697478326,-0.07586950896930435,0.6318186680687279,0.03438791034610781,-0.5192736697006382,0.009084953272119752,0.41820675853824796,0.3773205063742888,0.23932647139322077,-0.5127099859278665,-0.14848184122374822,0.48439163503276117,0.21923661369386918,-0.2755707257101567,-0.08335449127494035,0.09842302757878515,-0.5304700942611966,-0.013468792260394245,0.2247761280601281,0.22036617403619407,0.20466023144736364,-0.23147037786137756,-0.12432289473054506,0.5784117668750554,0.8804170843800329,0.8367671321252926,0.8773036468332963,0.8974978933585049,0.28601811911682784,0.8272664750819153,0.8539134011335664,-0.542195219161313,-0.7274375163634219,0.025851431975859526,0.05450360045408555,0.6451741891617703,0.4343130352862763,0.6479886813053877,0.38983684690922354,0.24757968926569282,0.4591866134994884,0.5712363942763371,0.5487630095495728,0.613642800547942,0.23227847069672988,0.6474034362193288,0.22324130135430395,0.4586786507837061,-0.17018271270944432,-0.2632737432286444,0.5663152285993819,0.17481098253217564,-0.13044660008584374,0.2872343765935861,-0.026203254421792697,0.3056526351342402,0.2632843725105008,0.6501185434378105,0.19570848601466276,-0.5871488334285433,-0.06573064975849353,0.4689636103902895,-0.13219665039863623,0.2978031264000441,0.23662888109533498,0.5453437085830095,-0.38548975464503693,0.3693404525646104,-0.6038234983055142,0.34596503004890966,0.19749516366774275,-0.1521248202037533,-0.10247279697489778
-0.3037937419216543,0.951988192246388,0.8303428845085237,0.9425581472106194,0.0,0.4854504082916831,0.4811760950078007,0.8856676074942853,0.8502549851100734,-0.1876893446598704,-0.7782969632843096,0.39868010009033966,0.17982440507347727,0.719817951168944,0.5963110674159766,0.9346258329938688,0.5560783340871736,0.786323331416722,0.5383603329937655,0.8565719330048701,0.7535692635790926,0.49863748062181085,0.7698797237531066,0.498567041603141,-0.7068210222121714,-0.10411677613691983,0.8273452621621215,-0.4614856252939531,0.02483457438164057,0.7654859521143912,0.006227151640674086,-0.6414532511841087,0.014739360584558834,0.498780331877801,0.478132862687726,0.36392492059412335,-0.3914707678299177,-0.14593531879356164,0.512793858426778,0.2634629734785807,-0.17179927865973132,-0.10432913486204032,0.14603482944193272,-0.42225438461747333,0.07801362653533041,0.3603168535758965,0.34168838758499137,0.36128839699844245,-0.08420242597658197,0.015958854845535334,0.5737665425086043,0.9003055754526809,0.8428590099938541,0.8577911756716712,0.9676215108849291,0.35062506570127633,0.8300773781961588,0.8957830728565337,-0.4190726675315169,-0.6697077743557802,0.18635914642665208,0.12579034019376392,0.7122660676587201,0.5746311626541124,0.7626549733482922,0.5636857225696219,0.30063515853256617,0.5730864899815894,0.6594385005396771,0.6361334670148406,0.7680897168780706,0.3132360252925661,0.7749129676858403,0.32141457860284683,0.5669639972832404,-0.060430968876351535,-0.04282114210910524,0.7453824661809034,0.15240768182573172,-0.23304183147627652,0.3677530097658682,0.10297121881462552,0.39172647312183756,0.3820369131244906,0.776172743210914,0.34274353954089254,-0.47305958436150114,0.1142152235813576,0.6018210011328028,0.00843463098444987,0.2691884795006865,0.2134253672102345,0.5571116183155034,-0.3267680987622698,0.41450020119744435,-0.5359038729678942,0.49125334819562594,0.35969714199925273,-0.02064551093466067,0.04444340762263739
0.021038668904088287,0.4516062188914143,0.8447419185676294,0.46023599245570296,0.4854504082916831,0.0,0.24363793954858912,0.6593078453101028,0.7508190309971018,0.29885977347506887,-0.34152586052269013,0.37290576378922397,0.37447682453186343,0.2617466557385549,0.2568569013500343,0.40521826638241404,0.2882403212367434,0.22189943439604218,0.019837804069589335,0.40216359690376124,0.30075848108860354,0.050473637021055354,0.13598422362832194,0.3798137207487335,0.08860366166517492,0.29334329904582856,0.30011348906467966,-0.23320206844832705,0.2237461437440169,0.3427426144466099,-0.17737764332154166,-0.0020216728599462062,-0.41593992655316936,-0.15481026906232198,-0.17316352674722316,-0.35331386528516057,-0.7423666638731736,-0.09228251645336048,0.5315070060561776,0.24878225079326133,-0.7075458721179624,0.1917313828364839,-0.22066243289866605,-0.6025759574333619,-0.37345652804854745,-0.18112996079407406,-0.4115422534809103,-0.42398528504440997,-0.14350455733210077,-0.43827988928645045,0.3072544093672164,0.4869031918171474,0.2908789977201232,0.2741556033722206,0.5805396249394535,0.8489410775402018,0.4603146801687416,0.6141964497578819,-0.0891041290528975,-0.2370315103372112,0.2698931532647145,0.2572254235248189,0.5082587761681976,0.22860302785290806,0.29317917762728474,0.20635548943056511,-0.16476327883100578,0.20564712256844153,-0.015825744744434742,-0.036021510321764885,0.2590693904531874,-0.28018017041791865,0.28962639633956083,0.3240835435841244,0.23450101125769654,0.04176241227500795,-0.43391953861427185,0.18584903573390937,-0.027520898916979238,-0.13242834360366829,-0.2377659166585038,-0.576060249181649,-0.20038655517002862,-0.2221705792194627,0.06810305222469036,-0.46779938027121687,-0.7306127680029012,-0.44179961736440093,0.06698142043961204,-0.6099422275105074,-0.20425926913080578,0.4065604182295257,0.42910267975896416,-0.35078938705622753,0.013754157339313892,-0.5714410356043236,-0.2169137482240973,-0.3426400169295208,-0.24914296208346415,-0.48850078210866865
0.19247625332404641,0.5668441582755847,0.41104542544794315,0.4529659167294493,0.4811760950078007,0.24363793954858912,0.0,0.6413567923209406,0.5838866388810404,-0.15757576788142327,-0.3370157440349272,0.2166061745388461,0.4037371118531039,0.6797143338162585,0.5583399848149363,0.5165114942044942,0.15156701856447138,0.6603585236071589,0.572135967004232,0.6320871094117042,0.5532817490925446,0.07100791372275654,0.41001170752087907,-0.1178258395388015,-0.3764976734867651,-0.37689610170803034,0.22476655588820293,-0.5946014758524034,0.002581650827689598,0.3614012108355287,0.34662950490816535,-0.27184480586753684,0.10651187369498415,0.29874746876935837,0.09745071307009073,0.36265522542713047,-0.1204603061026055,0.4030228475545263,0.3826908385351763,0.4388691656813987,0.08940167085102008,-0.14142195204950508,0.0700626796264142,0.05036177864604998,0.1551899147800747,0.31467634032333913,0.1323670098352122,0.2690858712664072,0.4982006427826782,0.3684081282566343,0.6089377733187438,0.6151298717633354,0.6644171268332736,0.5279343124458975,0.4943134000374458,0.4637870702371852,0.6302998306071115,0.6628224889380416,-0.220521273368482,-0.3177850853458878,0.2267393079146311,0.356590198916729,0.4598159253833905,0.6110915736591168,0.465054096163357,0.5962389910115892,0.7033988385158321,0.41831645074259105,0.4265734202634442,0.5714176397288508,0.640357001450118,0.3118262511790462,0.6022317100787533,0.46473590292422723,0.10423696008485606,-0.2128465789387888,0.22362213606244938,0.4535159647770642,0.4089823511655609,0.03865346786302039,0.055842356131329166,0.3114588181100582,0.4713400272072892,0.08366863327705411,0.2601955057893564,0.3894108019243949,-0.050121691267969816,-0.1023158236485733,0.705634077076507,0.2891887037562191,0.5907545545555941,0.37312266830528995,0.5011646010012597,0.17176782746485666,0.022890569042097186,0.12755961666003582,0.5641183315139872,0.46994783160438963,0.4952715485664633,0.44943605421315586
-0.13301121614004127,0.8969554148329396,0.8978487698457283,0.8638833927350063,0.8856676074942853,0.6593078453101028,0.6413567923209406,0.0,0.9663680278539091,-0.13029982667750903,-0.7793533311564661,0.3948091124699042,0.3356168507637469,0.7832731444909424,0.6466997982543875,0.8861615298700447,0.490831776024833,0.817961357979589,0.5603342218260084,0.8840542180068433,0.7771815839744697,0.35359603893213415,0.6971401950478113,0.3686779688739035,-0.5465741243734962,-0.13269324063678356,0.6715356441862929,-0.6687300597972273,0.01963714305589444,0.6449544537708681,-0.05794855372068348,-0.559926066239333,-0.24242339747884994,0.36956489966954553,0.19446529238491223,0.21961254420670778,-0.635949116238469,-0.16183142474671824,0.5768322004497649,0.3048281614042512,-0.3871315027349921,-0.21828009109944227,-0.08531979726961521,-0.5943563540577718,-0.11436021669863441,0.10276015667889817,0.0562164759582236,0.1649201156399312,0.011824442503825713,-0.17406311509250655,0.6812081999975833,0.9332301441402617,0.8768129079900941,0.8252593960289054,0.9071518687757775,0.6271963156131112,0.9483946790187708,0.9828059755662574,-0.4311670262264118,-0.677257860666131,0.22425017645089873,0.2498450702833928,0.7607649008328402,0.6623726517915571,0.7676416038458382,0.6156595106227222,0.4288678076034165,0.5882361049654106,0.5827125361335787,0.630992278457163,0.7934162650436607,0.2291790767625173,0.8193093665041304,0.4982445155197609,0.46973023515477125,-0.1620753300727394,-0.11734803999823598,0.6366351576854058,0.13655352065678097,-0.2746422739575982,0.18448740277342968,-0.0126103141905726,0.2266637091873343,0.10446392170959767,0.5801227931917244,0.17926661016391734,-0.6382246249751887,-0.23111746561908614,0.6356098006228182,-0.10777083205688584,0.33694598545022075,0.38238969193746464,0.7182003047486074,-0.46003527730230687,0.19826465666116364,-0.5881631042988134,0.29583427271267704,0.28448074754089914,0.08262822860718134,-0.068867238709218
-0.21139359420048517,0.8498331485794126,0.9385518519032128,0.7808738446958949,0.8502549851100734,0.7508190309971018,0.5838866388810404,0.9663680278539091,0.0,0.04770378730805079,-0.6741530808212112,0.5570065468282979,0.42761331070811065,0.7693812508457347,0.6898812611742281,0.8301083076535817,0.5415180540983056,0.7769651905683305,0.5376513661432971,0.8845260709824183,0.7782439109580449,0.3668661118968168,0.6662734141375171,0.4497468740176096,-0.5114619919071571,0.040972483697702365,0.6717262959094333,-0.5777526649166832,0.14612714175899985,0.6847964614010402,-0.12516991571440303,-0.5048288421756078,-0.27255966241308377,0.33368343932404526,0.19168553571479316,0.18573753397423892,-0.6180904469076967,-0.12825488989858877,0.6378723360764309,0.3931814708381851,-0.40512572299016064,-0.10349807102218414,-0.051193459372919914,-0.5612111057599499,-0.11322825449956847,0.09916701038912613,0.020056577795582845,0.110277142802295,0.04953281802449702,-0.15431542689576058,0.5886367684690105,0.8714357412908331,0.7870534078225718,0.7308023809775271,0.9018371821806191,0.7021498368022716,0.8738464644390037,0.9639438348442807,-0.2623238154361918,-0.522083893011317,0.3893586935269583,0.3403768556918654,0.7912284900037889,0.6695965181352941,0.744761476601626,0.6432812357203191,0.3362931875109252,0.6076608746948301,0.5482970228796937,0.5660867161767502,0.7861487131486086,0.21128805031027115,0.8060763556791359,0.561733415230724,0.5294104475260957,0.0031115928740135437,-0.07954513937886587,0.6651874911339916,0.07378574860221666,-0.2533998579021178,0.17680823019784772,-0.06148222145399822,0.2098757006692018,0.12336947375459373,0.5554994764645032,0.1318864582625627,-0.6296176469036198,-0.19428698864318358,0.611715825445865,-0.11328706081702165,0.21004801559745154,0.3953285968966657,0.7110902408257284,-0.4201054023032116,0.23533436475216446,-0.5740164173199247,0.24624067959030968,0.23099127699470673,0.06426539605614096,-0.08286548731914246
-0.17352051954239872,-0.25764866950782855,0.0835593283489488,-0.28152848689120424,-0.1876893446598704,0.29885977347506887,-0.15757576788142327,-0.13029982667750903,0.04770378730805079,0.0,0.35115103628888317,0.509946156413151,0.5610967821380635,0.011340122841918458,0.26143447549186705,-0.24337188443148133,0.25007703306090673,-0.235146690334052,-0.09944837614575161,-0.10106958666289041,0.01483213473047383,0.09240484759117151,-0.15199420662105592,0.270596614751739,0.24937832046871855,0.5247012401765662,-0.0801341972128749,0.30390951042096825,0.6280629175998605,0.1188636922623312,-0.058923836207449995,0.3321772293561959,-0.09837207730588984,-0.2121346055924191,-0.11130949974512377,-0.3724622792944979,-0.060575563086667464,0.25598582627720384,0.4265772806276995,0.30099189562078527,-0.27112849748167966,0.4066330858531919,0.11220241927134698,-0.006893186898718332,-0.025657909904903596,-0.17947393775377954,-0.2889601293831026,-0.34094957510547713,0.0022136755368178623,-0.15697488354831698,-0.31850111052349106,-0.31878991498650366,-0.3863097085323102,-0.39589094701629984,-0.12454829014681552,0.23305709508097602,-0.3151108926964165,-0.1271190659503067,0.815808168894086,0.5641177482630666,0.6749054188214879,0.512484623796229,0.24297651849137544,0.18238646977255307,0.0026203453330377545,0.22909285393318463,-0.35552885588716215,0.13764216550875508,-0.20526004208777063,-0.3487958926771308,-0.040112034989414604,-0.07222184908475056,-0.06441278904307643,0.5113547917650851,0.19788602196707103,0.5738715074997729,0.15264180280704492,0.09467103127232575,0.05059397142806997,0.16324329470177223,-0.12737597866643827,-0.33816022840480503,-0.004218178774027719,0.01864338352411438,-0.20621194371558832,-0.30955107313117103,-0.05018687179917219,-0.02456863971508708,-0.24041187555149562,-0.1575600041475138,-0.3906685019218648,0.4551945524605015,0.24688534348465035,0.2672892916137135,0.18086397918687325,0.007545069075047982,-0.29892277616699403,-0.29006793086574867,-0.14393992341096673,-0.24796725825431482
0.10494273260884829,-0.7853684345525211,-0.6054328372299428,-0.7875716274382578,-0.7782969632843096,-0.34152586052269013,-0.3370157440349272,-0.7793533311564661,-0.6741530808212112,0.35115103628888317,0.0,0.008842793116525537,-0.015437978891952503,-0.6034372666491681,-0.4680411226545607,-0.7891729913725098,-0.32087168282712736,-0.6872626393006347,-0.4207835211124953,-0.7127188533729478,-0.6728309676689548,-0.30006060081501307,-0.7218016821130465,-0.20619219330522587,0.540405574593674,0.4654654182477545,-0.693921275242714,0.5911192409584918,0.1890742924487066,-0.48440197480198227,-0.035029411213155205,0.6574957788293725,0.21435274762944959,-0.3091683638620982,-0.2298907712455007,-0.2376309352259366,0.5269606709609623,0.3784456108839769,-0.34288747794534485,-0.00047090496844531083,0.3184287710580898,0.45457321646042037,0.19764907778862176,0.6334244783533519,0.2077139365536371,-0.07539163764310929,-0.20147166828252244,-0.333407335419966,0.11211447574838637,0.285868185975222,-0.6745526967775458,-0.8433437333809662,-0.8085642223024982,-0.8305848162092349,-0.7321018786707529,-0.2529606317293139,-0.815303459740745,-0.7599236136527421,0.5713427829699183,0.9113237507988855,0.13972253257332767,0.05152592726615961,-0.5544250937108611,-0.5207048965738742,-0.7387130376601962,-0.4564094339837372,-0.4268007647757844,-0.4344511623282338,-0.5035154394608639,-0.5792702457541172,-0.6699649062685917,-0.15655862551876468,-0.6881994174679024,-0.31360282737326,-0.32038690360510563,0.44525830904349717,0.07557802763022752,-0.5259055500123097,-0.1919695301819368,0.42615779680941746,-0.184330323247022,-0.06343580243802639,-0.12881312774304876,-0.07827937812064853,-0.6305935848146242,-0.2520308353347422,0.5350001277349552,0.11818961264755712,-0.509311322500512,0.13444119585783348,-0.4268621369780953,-0.3254171971372561,-0.6208962596297657,0.5205329151543956,-0.12461380499154934,0.6241137346089458,-0.29717357620988877,-0.37454139510424106,-0.028708347152505108,0.1414439656152861
-0.5292145614098853,0.36822880643903905,0.5394604192146031,0.202199563605614,0.39868010009033966,0.37290576378922397,0.2166061745388461,0.3948091124699042,0.5570065468282979,0.509946156413151,0.008842793116525537,0.0,0.5685127526511515,0.579098925427017,0.6897320359225534,0.37024398904368155,0.6793397456328265,0.4646924870570708,0.5088784225102834,0.5272090215691425,0.6030457988269327,0.5133895716715202,0.47492070217116705,0.6032399825853397,-0.4595976041116327,0.5660762593026935,0.47221823822075076,-0.03033461936140791,0.5239594899623495,0.7086032619521782,-0.3937025047070673,-0.3244717549610648,-0.05271049520975962,0.3910782772135842,0.36722206822640124,0.2160857710989831,-0.040164070563065875,0.08666940971153134,0.5368009043750822,0.49815985684118325,-0.013006451765616944,0.2268834984304539,0.34506994862724794,-0.041816348830880874,0.28277572823054814,0.27808296664402254,0.19760168180571952,0.20017852027714692,0.09138431663081659,0.1680593291855719,-0.04202170668513077,0.26076274762466306,0.21091209802748948,0.11645489552878824,0.4987744311004318,0.3449687793259055,0.28689826023804654,0.4397912051572305,0.40986497851705206,0.2621285998928977,0.8780273772205088,0.5703598796215835,0.6223199100606222,0.5695387843465017,0.5029597408073128,0.6292269238073253,-0.006315687195242195,0.6060388448552679,0.4792214215335532,0.3049697413608429,0.5592387570167826,0.4238423548741894,0.5729356465839496,0.5596044714536366,0.6935129901504543,0.6933859210207746,0.31491457162109787,0.6894480185005376,-0.2521986298964565,-0.13516349721226487,0.3854433923394524,0.08656010255489158,0.32532519531666737,0.4361649476255592,0.4326823265791385,0.2636814219209871,-0.10935994377226362,0.26395404016836366,0.3350406775926718,0.24338870162958542,-0.25699887792797005,0.0941790395234886,0.39820538639306796,-0.05162379742607689,0.45643997560170196,-0.19074842869510567,0.2252419665226287,0.2075539532270827,0.04282976404086215,0.1509202903061597
-0.2766167374727743,0.09468949279731619,0.36638908016780897,0.11395005391238586,0.17982440507347727,0.37447682453186343,0.4037371118531039,0.3356168507637469,0.42761331070811065,0.5610967821380635,-0.015437978891952503,0.5685127526511515,0.0,0.5337711913281216,0.6785347293213447,0.12707208549549706,0.482291530514963,0.192621633628972,0.38573982643407445,0.30438394631852594,0.39186489921397727,0.1426510595510587,0.12397499575207782,0.22304249774201096,-0.08237384325366616,0.1873724644644007,0.06653337979543794,-0.22583998726625193,0.6975833185465832,0.428259491063598,-0.26366166204205904,0.17409322142029052,-0.2824267116079842,-0.0736709374321566,-0.11331973872626272,-0.270507334259932,-0.2621012437150598,0.49324905684733245,0.6807742793963142,0.5604541983948531,-0.39867123243698105,0.2960033214960993,0.11133306606005319,-0.0888242923896081,0.0756709982368319,0.08673740456262363,-0.32273564156926926,-0.2328728422858115,0.14704845416653237,0.02958193119725226,-0.09372234962009314,0.09202597337314494,0.10179055984816379,-0.025223098483912593,0.18737298315021592,0.4329769292538071,0.1656029747217687,0.35437880389288695,0.34135200340986815,0.2559532066927587,0.797451909438543,0.9675245166071784,0.6832779076473197,0.6148820441886501,0.39928175672425575,0.6605515839073378,0.016042585327457205,0.4691113362963653,0.10510660914777764,-0.023918515702239473,0.38239597570702333,0.16798794603966977,0.34800504736562643,0.6925102435204875,0.26588567628396764,0.37316757035391496,0.11959118869584069,0.35392338561811737,-0.10563170992573921,0.17720398237492924,-0.10776649722967735,-0.2752809408020101,0.22730136451038951,0.03339945001480193,-0.06528647361425455,-0.09520830972685722,-0.19622743522398742,-0.2250880472040993,0.1343376658548811,-0.055591164240063204,-0.16817403896350863,0.5601414857414578,0.6221696144800558,0.1402189147440086,0.2340718846757974,-0.031744026178076014,0.14295547652376728,-0.06751267627274556,0.017029931301292104,0.05564583007861744
-0.31551260848652757,0.7306111414018562,0.5973809189979264,0.5928957242440023,0.719817951168944,0.2617466557385549,0.6797143338162585,0.7832731444909424,0.7693812508457347,0.011340122841918458,-0.6034372666491681,0.579098925427017,0.5337711913281216,0.0,0.9375927564015043,0.7440399287995987,0.6364279960039471,0.8951420634420009,0.8851458068586288,0.8764286769288846,0.9512219080883084,0.5084357882469609,0.8382678500253059,0.31277940678449984,-0.7579614807518138,-0.20591785658817086,0.667055069425958,-0.5673936903023898,0.27455357476461917,0.7743342696331528,-0.09717593458118076,-0.6608828350908688,-0.08396758720897243,0.5576222526796696,0.3876595904328148,0.42691504214903087,-0.22476215519538145,0.044865657876442054,0.581925214799838,0.40399191534106843,-0.04876122637723457,-0.2792253939985651,0.15040473457812284,-0.2198595622365607,0.22083380693189722,0.3567061734314636,0.3102227058387968,0.5021378852714619,0.23232202187617712,0.1638889975692523,0.508008322079913,0.7177351615422971,0.7639094333589008,0.6401767638379844,0.7138937349696977,0.3761436112803997,0.7791985900835002,0.8034784304320114,-0.13388946896401685,-0.41782843454325075,0.5259342031544512,0.5175997345275309,0.8207820537601704,0.9487304869101797,0.9082455967232941,0.9313911210919392,0.5776198028003188,0.8334950912234642,0.7559203049213641,0.7439294992419795,0.9564404970206022,0.5766380152891623,0.9481620358443169,0.7154098622124108,0.5988682671573026,0.06646218124699377,0.38509739451326375,0.8693165664239328,0.09106707746849457,-0.27787470168051803,0.4046100662528021,0.32326508841403984,0.48293970565610617,0.37466566131386514,0.666522400264565,0.5475909922733464,-0.23144236833538048,0.1084749088197501,0.7438637199019718,0.33932098231275143,0.38224233130015617,0.36966469754460507,0.7596365804053287,-0.19386002419154275,0.3411964714922369,-0.2586067515760081,0.5686338177835479,0.615996640026113,0.33924946853360854,0.31428772188281606
-0.41785698836030627,0.5708792199604373,0.5280748958616885,0.4254053327575831,0.5963110674159766,0.2568569013500343,0.5583399848149363,0.6466997982543875,0.6898812611742281,0.26143447549186705,-0.4680411226545607,0.6897320359225534,0.6785347293213447,0.9375927564015043,0.0,0.5799726685935348,0.6438705009835789,0.7580492882309513,0.794915766688584,0.7792152749248037,0.9077273377213545,0.4843623660055255,0.750852754497172,0.3385440692564353,-0.6610431419481363,-0.08052678378005922,0.5982058046588274,-0.439840273366485,0.4600275676096474,0.7644493305462324,-0.1389685695780312,-0.5433099901934413,-0.13932438635927283,0.42872750347993727,0.33595487796832924,0.3133128152000567,-0.15627824358245768,0.11728384080709443,0.6289295893440122,0.4589222186037943,-0.08330522604994797,-0.15212624019580195,0.1644185609609188,-0.15830858511861493,0.20118217044350484,0.339221792272089,0.24607500846598115,0.4213282171381795,0.2496282617598078,0.17155158665651243,0.30754491549167845,0.5434027081563243,0.5741875695179008,0.4516167517084127,0.5939820297610094,0.35764486684750574,0.5946074221455007,0.6798920571649851,0.10450557062441976,-0.21411487476993152,0.697371234645487,0.6647009339198419,0.8262791105276361,0.9474068302680801,0.8621345244231005,0.9885934430351336,0.44513311071888223,0.7895168487132449,0.6354487306003118,0.584265549669871,0.9000637014059754,0.5220920791206435,0.8606559764458771,0.7956006514255125,0.5889075245908179,0.21441035367103933,0.4782661009155169,0.8543392370038276,0.06427466192620616,-0.2570079301446741,0.32848476762382905,0.24335785600435686,0.4575358033525917,0.36418132490676763,0.5724906366212476,0.4803286687826834,-0.14995520005744326,0.15403809542608907,0.6461771843177625,0.31886518735723174,0.202423921933423,0.44286613970751804,0.7658837199816982,-0.07489905668370346,0.35631409075800835,-0.2018486956625213,0.5090693009363724,0.5385824310854095,0.297706888105842,0.2932874551688743
-0.3030547023844019,0.9802333196952003,0.7865365390338291,0.9223931962777115,0.9346258329938688,0.40521826638241404,0.5165114942044942,0.8861615298700447,0.8301083076535817,-0.24337188443148133,-0.7891729913725098,0.37024398904368155,0.12707208549549706,0.7440399287995987,0.5799726685935348,0.0,0.630865572397513,0.8613141558683363,0.6221622318281441,0.8750538371922693,0.764130688358899,0.6279043830833728,0.8547201537478318,0.5473762179968265,-0.7283750565504403,-0.07801864972957917,0.8585981252386291,-0.46628464446767454,-0.028654246114699012,0.7724982496483136,-0.02034542803027937,-0.7021560973851755,0.11500681977122908,0.6608340905655502,0.56943240525268,0.4667839051410442,-0.4018855436993714,-0.19039133356476334,0.5443141803738821,0.3042566228294787,-0.0898066597875251,-0.16336103604347366,0.22427640596721457,-0.48383615035309063,0.10727801747172659,0.3127296668263096,0.43368598942522535,0.4381727173655942,-0.14505307070621454,-0.039981388568823974,0.6438452775091656,0.9274850534864267,0.8954445234724588,0.8853198051105423,0.9363954240027558,0.2608880389793958,0.8966508614068497,0.8870038449548401,-0.40622103279244864,-0.6823226092686826,0.16902516778725513,0.0943659759131462,0.735939486200179,0.6169478322791132,0.7953821319580477,0.5411684241186635,0.3874242181090952,0.6776036558460913,0.7971383694151728,0.7489699928430658,0.7840856005328775,0.4802885405541292,0.843910953920598,0.38457952053364236,0.6569899338814694,-0.020103535912233385,-0.05481473741410075,0.7683228737380127,0.13021520363486389,-0.17089019500911942,0.5194455161599798,0.18409268202039772,0.4126266656869705,0.427416179155464,0.8215394276459095,0.41904394810990997,-0.5208745514614855,0.08858059793689096,0.5956556488482077,0.08316812608011419,0.40043724099879885,0.2739650350901982,0.6512524477958065,-0.3741645515966363,0.4692094284632631,-0.6012162494762583,0.42294170099883893,0.40617845295824395,-0.03269160748529154,-0.012352470319653985
-0.7039582829065024,0.5431737698346805,0.5607361258473578,0.47472541912005967,0.5560783340871736,0.2882403212367434,0.15156701856447138,0.490831776024833,0.5415180540983056,0.25007703306090673,-0.32087168282712736,0.6793397456328265,0.482291530514963,0.6364279960039471,0.6438705009835789,0.630865572397513,0.0,0.5410339873891105,0.6888681493578211,0.5140601334350207,0.6291112093850241,0.8881602917268789,0.6722549915013704,0.844615748482795,-0.5667564418715811,0.4331139689002803,0.712842145923663,0.06995253004502396,0.597220234876474,0.8842483597553952,-0.4903812906585811,-0.38714339380879986,0.17128558193255558,0.6635300246241059,0.6629772100781497,0.16827189008322793,-0.17725115137639708,-0.001985731183900941,0.7408085143928934,0.456435054090549,-0.09987306537026264,0.221698352498864,0.5963315001437409,-0.30169716744312014,0.4000953395267094,0.3674873271254699,0.3636973116073594,0.2772360136860568,-0.3868878449730226,-0.055117672688286025,-0.015118520212914729,0.3643526396039961,0.3311151649024622,0.25893542570838934,0.587918722328955,0.0428889087328222,0.42751709735067434,0.49833965408977104,0.14890683674574362,-0.05153736426817645,0.6422551622839915,0.5460204107917314,0.8524080007649771,0.655620518308908,0.7115754101322074,0.5912610999364517,-0.09609691531662069,0.8775157713404546,0.7224767027346852,0.36740488111627667,0.555536344436742,0.6874928244469874,0.664738336329024,0.5486483928552204,0.9376519994081339,0.6415777253697214,0.08986251346936527,0.7794886806336064,-0.29850138110688135,0.06935855630985695,0.6978323017440505,-0.009066158541934889,0.4202968824279496,0.6861384246131946,0.6391597620330316,0.2970103456332789,-0.3394249827872321,0.3077141240298932,0.13271490708578776,0.1294179926079951,-0.14126509357983597,0.2971152111044092,0.6324555038350651,-0.15991234832829307,0.8321409137367028,-0.5013293282468838,0.23601967186992706,0.12546768639959435,-0.3191721215753578,-0.10201717601411694
-0.2408090711057224,0.8672165827403626,0.5989287639364439,0.6742538926402097,0.786323331416722,0.22189943439604218,0.6603585236071589,0.817961357979589,0.7769651905683305,-0.235146690334052,-0.6872626393006347,0.4646924870570708,0.192621633628972,0.8951420634420009,0.7580492882309513,0.8613141558683363,0.5410339873891105,0.0,0.8346110248826654,0.9345191229590609,0.892555824350822,0.5540606745453774,0.9130529212060867,0.2831829868646302,-0.8096499165199491,-0.23423664940797226,0.7488675254281942,-0.576227447325992,-0.02261864547283579,0.7027253839689537,0.025578613732702222,-0.8295617393568003,0.040656538843442856,0.7324821640760575,0.5064130999350842,0.6827049929532447,-0.1759151162256171,-0.18241550635146977,0.39163316121129343,0.24559343947736914,0.12836802796148444,-0.41312376596302164,0.13590408636115453,-0.2552131275251406,0.21775790723698218,0.31955210955821745,0.48988255674407516,0.6475883930252123,0.24270304893137884,0.16171744350528408,0.6734834509643478,0.8561217170446522,0.8947300590968779,0.8021408950780633,0.8031213777115646,0.2938135894859892,0.8888592325444256,0.8432672590694673,-0.28000764246822096,-0.5853910176920253,0.26668469780568865,0.17113795074768284,0.6673799697464466,0.789553499372804,0.8395089289488438,0.7491716312362681,0.695894436388738,0.7503015936701701,0.8711777305773284,0.9339194172708831,0.9439262259972239,0.6251560442267475,0.9631656109490724,0.511667517139347,0.5987153261727197,-0.03839506236020997,0.3459827250258641,0.8473221462987501,0.18096245303323402,-0.31503311080547813,0.5467627191846587,0.5146600542519139,0.5057669091772954,0.431998195710297,0.8144658941462793,0.6709813458962842,-0.2271792740425743,0.18674343986393435,0.8474390965081707,0.417749892141969,0.5513319397492318,0.22593537913502368,0.6268315919385924,-0.26050433764942765,0.3153261470228705,-0.31076482651968423,0.5602123667178753,0.7268848612896116,0.3920510686772155,0.3143596505648316
-0.3787116820832608,0.5883591594273431,0.35656528400463994,0.39739149983148153,0.5383603329937655,0.019837804069589335,0.572135967004232,0.5603342218260084,0.5376513661432971,-0.09944837614575161,-0.4207835211124953,0.5088784225102834,0.38573982643407445,0.8851458068586288,0.794915766688584,0.6221622318281441,0.6888681493578211,0.8346110248826654,0.0,0.7008430247558894,0.8328288471337625,0.6434474522931225,0.7985969187310381,0.3082398310960603,-0.7276180937130964,-0.1295140787267988,0.6009067007403965,-0.30551589893161296,0.3164004448104019,0.7261637752177575,-0.1809331968397055,-0.6257846068016046,0.12895461609182382,0.7482238847421441,0.5501322508865095,0.5423904072003901,0.04073198681563304,0.026529186305900253,0.46055851318698926,0.3250020109419647,0.2053177047900935,-0.2435238204647056,0.35900372779758655,-0.033811710624226304,0.4205865727118405,0.4429129754472288,0.4775806915957701,0.6172499221557203,0.16870925751571836,0.2741322502983402,0.3511113096166361,0.5169670109002034,0.6071522972656608,0.44322606452010727,0.532093069262035,0.11693288871607187,0.6140926537931194,0.5799968767542961,-0.07156690605743923,-0.2676927953356616,0.444096386022978,0.44958925421936186,0.6981031522190029,0.8645392823102239,0.8058637847363761,0.8085428297058478,0.5358544023006979,0.9041907977860826,0.8492542941445973,0.7488639871509898,0.8303785013612053,0.7956710796942881,0.8647970334252764,0.6025719812645762,0.6792573988888356,0.21691523108475935,0.47992548839625243,0.8363982134123841,-0.024257226433480574,-0.11334777103396317,0.6472053073973061,0.48733408240776904,0.537956294078016,0.5654961619033596,0.663820070097567,0.6789954927644722,-0.01754477891373491,0.3291684526419867,0.6246598777966802,0.5431612756390726,0.38209030221096746,0.24695375726135377,0.5989158301269513,-0.047250973145519244,0.47593785759408647,-0.11821733055187776,0.5795217578626027,0.6443163685243012,0.32476365285071057,0.40494129509951615
-0.24765247402179108,0.8923200581313369,0.73819727281603,0.7489158486021175,0.8565719330048701,0.40216359690376124,0.6320871094117042,0.8840542180068433,0.8845260709824183,-0.10106958666289041,-0.7127188533729478,0.5272090215691425,0.30438394631852594,0.8764286769288846,0.7792152749248037,0.8750538371922693,0.5140601334350207,0.9345191229590609,0.7008430247558894,0.0,0.8873895440955255,0.4543279495430527,0.8599380982395844,0.3576801928470789,-0.7614357083359198,-0.1566849812345867,0.785382033623936,-0.6051215152814285,0.04977434428202984,0.7017639420334791,0.00881785603501837,-0.734155042520869,-0.10350129052325654,0.5506644385150697,0.4109930828835153,0.548727700371055,-0.32044348138872564,-0.14604148420741414,0.47103000553507585,0.3337426629258779,-0.053603156023512184,-0.3049691713440638,0.021080271870406554,-0.34584868282974257,0.025089999598251308,0.27095654153252996,0.34429344827842107,0.4973978265948327,0.2408119262912639,0.11774127293352613,0.6737134120879992,0.9022984321080778,0.8953830316218129,0.8338166958971831,0.865156840048284,0.4504601209509896,0.8886831158944166,0.9114552945886588,-0.28251722892133274,-0.5664527514990716,0.3505710779747221,0.24785954718167313,0.7066184276806501,0.7643300576283925,0.8331425112229885,0.750902737280878,0.5896468322136292,0.6745529931278396,0.7479316185797058,0.823836540010028,0.9426328787237896,0.4417434068414176,0.9226682682669507,0.5455763502207014,0.5539802211116156,-0.051313337083198546,0.24259788903162027,0.8051355609038945,0.17296969248990293,-0.30603435187834055,0.3820921385879648,0.32490513757532163,0.3801385506357622,0.295628134766432,0.7699663267439267,0.5032472518295141,-0.3686644957459245,0.08364802104550924,0.8437823658763889,0.25807500628380226,0.44584032529079204,0.2899282558892491,0.6663092244352363,-0.3219849772982153,0.2451873730811717,-0.39312039169173457,0.5038791230316819,0.6069669730277847,0.3226261456324839,0.22735999670473525
