0,1,2,3,4,5,6,7,8,9,10,11,12,13,14,15,16,17,18,19,20,21,22,23,24,25,26,27,28,29,30,31,32,33,34,35,36,37,38,39,40,41,42,43,44,45,46,47,48,49,50,51,52,53,54,55,56,57,58,59,60,61,62,63,64,65,66,67,68,69,70,71,72,73,74,75,76,77,78,79,80,81,82,83,84,85,86,87,88,89,90,91,92,93,94,95,96,97,98,99
0.0,-0.39007952404184737,-0.180885166224934,0.10810058270053835,-0.32439186730883385,-0.31815968341608697,-0.03558999240390476,-0.19993374636178396,-0.3960339141437319,0.07274136530363522,0.7716958105062538,0.47297978057768786,-0.3767782947020649,-0.8530238417403291,-0.7755782548791387,-0.2754876497771354,-0.728866744536601,-0.633638233952077,-0.7874806584128957,-0.6759532942238253,-0.715676914406298,-0.7813383385556048,-0.823989397489123,-0.28922173167499304,0.8694771394991361,0.3912448546752174,-0.8648073319326451,-0.8480055822417043,-0.7676244822399071,-0.7265517217574734,-0.12544467172544896,0.6711375483045947,-0.25858351297298016,-0.695476922498181,-0.8162241162551448,-0.5480940460370197,-0.5443492569667328,0.3675383115772133,0.3718932361974897,0.18074952060039165,0.2550883420801072,0.7713563089625445,-0.07227879660866646,-0.4558544474518283,-0.7390248880841949,-0.727220853635698,-0.6378575647835688,-0.7885785594897619,0.03593048513511177,0.05886572921914832,0.7590381435505789,-0.41828981747152805,-0.5376903467987414,-0.1690987846678984,-0.4514093605856933,-0.265529452123284,-0.3491197313497918,-0.4074429911629151,0.5273561567782368,0.7931308870082929,0.791820460324822,-0.09167079824325568,-0.35703220784017725,-0.6210334164987245,-0.7189617745497042,-0.7494309151232958,0.23665963773853493,-0.6407364310786913,-0.6767868364951064,-0.6378215255839255,-0.8115825211374148,-0.6580409285486198,-0.7935066062426712,0.22913562415680222,-0.10927447131586614,0.8655429192301564,-0.8364178583806552,-0.8118621706640141,-0.03748414785174925,0.16753973944721873,-0.6696095623722115,-0.3711224196498149,-0.6597907859666058,-0.6917498961118491,-0.8502846778255795,-0.5270863752667913,-0.47004724328498293,-0.7963255895922244,-0.47034083142411054,0.04797943037254906,-0.258329937885025,0.8989020856528329,0.5120824185594236,0.8449292758518316,0.21092210977135978,-0.3356806377950458,-0.6357878405242656,-0.7743872432863087,0.5770935067388889,0.15209653528274064
-0.39007952404184737,0.0,0.7678525310331468,0.816881809577529,0.909709392290782,0.7522829616017411,0.8168866549706921,0.8676323617233961,0.8367057729736044,0.5151195000844052,-0.6737551243409491,-0.19600847734981472,0.6002250882305419,0.6601945749289191,0.7562538006603948,0.8635554207217438,0.6854204914276298,0.9199321558952758,0.6953417519516321,0.8872729380935325,0.8464655939615895,0.6025963142993197,0.7481464997573384,0.4600261265499698,-0.4199303227859298,-0.8351701270711503,0.30228547526001265,0.21219480074099548,0.6570222160311051,0.27884109349660646,-0.18354718307443324,0.18336646093815107,0.7765561649246645,0.8711409467147727,0.5662973328232829,0.8760955613548537,0.5986054336839625,0.49530175904680035,0.40648894968640836,0.47843497169107596,0.33231501327120794,-0.6998873154223471,0.3173744811431879,-0.18459675951628174,0.2816324380492552,0.23783890675337757,0.6167501170245736,0.5236103656941424,0.5600133584051891,0.42491506243902966,-0.5129884694319579,0.9894150540223107,0.7764406603993688,0.9375879826008041,0.8047308623213199,0.7927997533407795,0.9189190949711102,0.7829334799804134,-0.30099905766192875,-0.5554842975351324,-0.31964752236045585,0.5244462541937189,0.6957354055811551,0.6295382953476418,0.7159930840591077,0.7014282196126904,0.32753615327869673,0.5729532986377885,0.7166055322560274,0.8812055824457115,0.7603831169364426,0.6525367127778656,0.7441157107675233,0.20380203226622112,0.46055415664869803,-0.5286614209078707,0.6486801999233845,0.41406640045449666,-0.13196396991402098,-0.07899298299694135,0.6780041735968805,0.6701084171811653,0.4627480613275726,0.7602434411774182,0.532699722069093,0.7468772328035012,0.5035785256784364,0.3387008961701766,0.7284096242580442,0.09624649330434097,0.21648051912027497,-0.3527373195327116,0.08275685588372364,-0.6230841684520211,0.09501392749691287,-0.2609071974743432,0.37523407101163303,0.5852419745516718,-0.06683999802733033,0.24380376353897962
-0.180885166224934,0.7678525310331468,0.0,0.7160641768782093,0.9501551607027469,0.9508730835855,0.5660096585652509,0.8122269485692417,0.9365812006901115,0.2013671535393884,-0.4785850578937277,-0.3540476425589847,0.36169037079727134,0.44799456190360704,0.504949297885871,0.47284246861626755,0.28334598451255744,0.6722515773283877,0.46525067097771217,0.6626551691096019,0.651309296569387,0.13673406783283573,0.4419304090957255,-0.0659963674599538,-0.12552590622774726,-0.8008556206090547,-0.0831580472113563,-0.15887154150632923,0.30183187965226577,-0.16503352147651815,-0.5701828610117633,0.1456109988569452,0.349353592528194,0.5685799794066625,0.1305414395181862,0.7490892792448757,0.1153319868019795,0.269246197321133,0.13295806433677784,0.13408592996682467,-0.06966497673347032,-0.4514783279194503,-0.20787580044669351,-0.6101331750298449,-0.17773183843367873,-0.22373216286504147,0.12002786301353288,0.1017746793309885,0.6231853642541716,0.053936789105198286,-0.36625233956220826,0.730765883956537,0.26178592968506076,0.7841946450982193,0.9399178729848371,0.9162357755205339,0.7343704607897398,0.9237212408549655,-0.46554905735013363,-0.4583692975330561,-0.09790534705281753,0.35752934135326625,0.361794211481574,0.34946961131693705,0.4904283776049558,0.4284880563073006,-0.12161763690831741,0.3346311325679921,0.36578697410700367,0.5942212300105778,0.5267116076520726,0.15832903646593352,0.39666689315115344,-0.1334993905168345,0.01418477870417435,-0.22128300295137268,0.33394643558944176,0.006597243307003368,-0.6112784167443505,-0.3971038099854945,0.2829978471684381,0.15332170421947514,-0.08807871963174706,0.35332022229266524,0.13812804891195818,0.2693925380694239,0.0513006491240241,-0.09833724977880876,0.585015881926913,-0.40797492995080636,-0.31634273346837843,-0.12844676619572024,-0.1886287876410377,-0.45432921232387635,-0.3474469734822991,-0.7032726028747728,-0.15818339029921713,0.11359524405764859,0.020248305578729513,-0.12066214831000255
0.10810058270053835,0.816881809577529,0.7160641768782093,0.0,0.7715218956252798,0.5931437517089196,0.8661186312784819,0.8993592385897153,0.7028316703587731,0.6138036729152615,-0.3408466043620547,-0.05132038756039765,0.3407081190250056,0.28090294635792934,0.3681536624451503,0.7754648595167496,0.35579651608179286,0.6444397626551845,0.40023967428518503,0.5582444892772673,0.54698507906859,0.18606757457960418,0.323058164674274,0.2764935839699196,0.07097955395056628,-0.7019237542072754,-0.21364593861671793,-0.30891057354333895,0.22359273695292087,-0.1813743786504962,-0.33216015943029953,0.6109636954804065,0.7117604804538183,0.5561770120549085,0.08671193729499245,0.5675819410482025,0.2368182773303741,0.8019521095248157,0.6199485408486783,0.5829624250865051,0.4149776093367388,-0.2840341482872845,0.1884334202288529,-0.5378458851307605,-0.18365435128120458,-0.2313247340491169,0.21607860356871145,0.043828256357953906,0.48627230429868734,0.40669403484765154,-0.252722526383048,0.7793868927539911,0.5151401655681977,0.940422795715674,0.5896579991107048,0.6516803290749846,0.8355299187715738,0.6747396186354091,-0.042077320338569445,-0.1647160834045016,0.06295220711451772,0.4108108514183399,0.4715510010968968,0.41217247303747334,0.4211266519114269,0.34685766132440676,0.3982996472817202,0.39663985099379045,0.4597881417259595,0.6305583496693479,0.3547801873575317,0.2838572976330036,0.3678815908721686,0.27129650161753205,0.4090863381826079,-0.018406464841397952,0.19679915373340368,-0.0635104674021668,-0.2465890092887475,-0.033799826232557575,0.38238865002044814,0.4864519008683228,0.08600475200403336,0.4340749337036032,0.11532456923969674,0.5050597646482164,0.17439240713825022,-0.14131245353438873,0.41630355062689306,0.055524542684397896,0.015607158885571942,0.11508632011631192,0.34195234073858627,-0.21324693534996358,0.13424600690451427,-0.5434337510629546,0.0017986767357236354,0.1681041139974734,0.09060776731041272,0.2787229014936498
-0.32439186730883385,0.909709392290782,0.9501551607027469,0.7715218956252798,0.0,0.9317268170006516,0.6783565889283641,0.8548859692875134,0.9452757010770299,0.3095894040543837,-0.5934975794144475,-0.3266785970867716,0.5101870696915193,0.571695956653166,0.6538167769196652,0.6430321478020298,0.47210869183234594,0.8093801788103417,0.5818780653565514,0.8006038992739991,0.7716834710658773,0.3631708057300062,0.6159863878196538,0.14324974965838969,-0.30199293733061405,-0.8676968226845898,0.11733317552684684,0.03927351864577396,0.4944190456824233,0.057793790507820304,-0.45907437555561803,0.09525931804746977,0.5251644366428213,0.7324544568515673,0.3558097010254062,0.8602148754015095,0.35926097476426166,0.33010536046380806,0.22388130653823873,0.26962639933458254,0.08464157660031041,-0.6060584472405878,0.016554994179737218,-0.43140711259158127,0.038187686074888795,0.00622777337266754,0.3624309929733092,0.32376795259671454,0.6389453955651303,0.2162809320403487,-0.48742852653586355,0.8858577072553818,0.48894179399204307,0.8824899154508513,0.9542023179536135,0.9218698169205771,0.83073897535744,0.9139456510661639,-0.4733786187517221,-0.5495238631698559,-0.22012187543613446,0.4637295957166658,0.5352871162135083,0.47285333272263924,0.6092777875823888,0.5733285446934153,0.04429415606866292,0.43154617159983744,0.5187296555993418,0.7378506524142198,0.671889034523428,0.39522298467762873,0.5710320322980145,-0.0030052299826224525,0.17356625464576572,-0.41197532366134,0.5112868999758446,0.22051791178970426,-0.4630248648002925,-0.32896511113476246,0.4471173688803017,0.37288548193886206,0.15483602326373172,0.5503930181769567,0.3327133871697832,0.4830584582158229,0.2793786984899732,0.12331255751316655,0.6957321887203155,-0.22085265399914333,-0.11783354257692223,-0.27829102591459104,-0.11597757460056475,-0.5659254162010348,-0.17858200453091386,-0.5302498756004987,0.09010790414902936,0.34015256022250434,-0.012591331712894838,0.02355944954297626
-0.31815968341608697,0.7522829616017411,0.9508730835855,0.5931437517089196,0.9317268170006516,0.0,0.5500838727721181,0.6940390942943029,0.9349040056397134,0.24914958127570924,-0.485132725301572,-0.2810428495253602,0.48699012931952645,0.5655020682957899,0.6451840164666177,0.49222227157707266,0.40221070112028523,0.6897941894938909,0.5095672199409467,0.7449205824021016,0.7118114695722861,0.2864985410211953,0.5784886764192575,0.04449471509311108,-0.288784455721291,-0.8323870072072982,0.1150274079502795,0.050058727288741334,0.4938917277319173,0.04879240003445466,-0.5073358015886072,-0.011890468674116798,0.38024706438485945,0.6350273001310189,0.3073812827512239,0.848909210074923,0.2978071260473094,0.17127910460972884,0.12103231980543414,0.17697162149181506,-0.011930709405460833,-0.5490102104726874,-0.08843601516596991,-0.4283134697034579,0.03217719269715456,-0.027804551436154092,0.29018880521710494,0.29392088638695246,0.7334637641931323,0.15419507536693183,-0.5032247317267879,0.7386036815582544,0.28679306189972653,0.6852785095400422,0.9792685927010047,0.9773443679267944,0.6454595732640496,0.8800698613402346,-0.5028391742302888,-0.4710275556551336,-0.10150775781005723,0.4538353414959075,0.5072534864886055,0.4489124130534188,0.5894758895673765,0.5672810717306109,-0.1036773823351571,0.34364585957918936,0.41170411745764846,0.6076666019509505,0.6584767890999526,0.3163200429447312,0.4996593757862305,-0.03050243630481018,0.09590511242058145,-0.3879554766178742,0.5138470497511728,0.2222240735570066,-0.5491073233471387,-0.4679061117462913,0.3289253981186166,0.2516050483571767,0.054658639792191946,0.46346605076601416,0.280201346615584,0.3722021739027275,0.25993439500856824,0.11081437747046939,0.7461618045056271,-0.29265219413724214,-0.2940248744646727,-0.3145618085667061,-0.1942943450719885,-0.542397659891474,-0.24829635943549508,-0.5358908030082917,0.015461382142071413,0.2739208241666544,0.07759754411946114,-0.013243298776238418
-0.03558999240390476,0.8168866549706921,0.5660096585652509,0.8661186312784819,0.6783565889283641,0.5500838727721181,0.0,0.7452278293879097,0.6245757706300102,0.8521975030847664,-0.2791995364113121,0.24494352125601215,0.5936456328419384,0.4324346167198489,0.5536314729002793,0.9275407346764607,0.6013952511122717,0.6875955708432259,0.48515045976036036,0.6636638183496366,0.6323343388268564,0.4587576219703674,0.519198350252941,0.6562363129349045,-0.13553653969543403,-0.6382229482748025,0.05655656591852996,-0.0408115048852839,0.5000229446064779,0.15327233700907805,-0.10038504300525154,0.48669176769047684,0.8652463809403166,0.6681170597409326,0.3647140358723497,0.6534310248583506,0.5491293296372078,0.8098103166275313,0.7902588069145449,0.8378215291637955,0.6718328531549251,-0.4160529478614867,0.5335320326737648,-0.23661999314200308,0.16623999601689055,0.08075880176200975,0.5279423780130199,0.3346468818685443,0.6170149746718242,0.6854106467289711,-0.369523913581812,0.8246274149993488,0.7131075095504091,0.8103140960751017,0.536531310751978,0.667700761648908,0.7516144520938471,0.5354583256400657,0.08798089353559388,-0.10870086468882018,0.07616127888719666,0.6450192983793446,0.7690505796063504,0.6104382321378041,0.5970692658999952,0.5602099044651323,0.6402475466802382,0.48200371319976987,0.6097700904727597,0.6942768929532627,0.5341518149490471,0.5983636287782844,0.5593595045163707,0.6146413610838776,0.7477836478428086,-0.22297356470723434,0.43348113433932034,0.25766470536049474,-0.0012914758867070106,-0.0009033050875993041,0.5733744726962001,0.7426884770971646,0.37921201240879887,0.6480985630019216,0.3175592533004339,0.7416748607385215,0.4978015425671797,0.1638374788644176,0.5842803706677302,0.4249804009876008,0.23719660448198213,-0.06466849092265599,0.5459982697709855,-0.31909498026223465,0.4627560114817891,-0.2235407555838905,0.31868095092110715,0.4361454108995644,0.19168789052598714,0.5608245642758957
-0.19993374636178396,0.8676323617233961,0.8122269485692417,0.8993592385897153,0.8548859692875134,0.6940390942943029,0.7452278293879097,0.0,0.8667439554075747,0.4175138539375138,-0.6371100810324404,-0.40102811039176917,0.27137173720438584,0.5102328695473413,0.5268918644647814,0.7313581106449347,0.48433944429592957,0.8316066153785412,0.6605863865000733,0.7334920233933709,0.7409195095034633,0.32403074241924845,0.5051558709851102,0.17697544536580428,-0.10248714211050879,-0.7899719603013304,-0.012828644945214714,-0.11545039408779739,0.3435106075986601,-0.12144573577636134,-0.2580464642066349,0.3664463585294938,0.6571999755265032,0.7279216154306853,0.2408653584091422,0.6801657239690295,0.20679325898169065,0.5738008592081746,0.306054185863369,0.2958292796046327,0.08616359297769817,-0.45969680071376545,-0.03944952689480001,-0.49500121987465506,-0.05427284646521491,-0.1357023736408171,0.25486347608173976,0.17667829254827355,0.3289574726037313,0.10868548855353455,-0.400436516604159,0.828574719046733,0.5927250369020016,0.9502074263665503,0.7412076012852435,0.6927141503931421,0.964002138667779,0.8803949880180681,-0.21086148528835055,-0.48144355147793466,-0.28271151884032264,0.2383788349070869,0.3692478241161813,0.5289649486746679,0.5806193226950115,0.4935792791473234,0.1123928594393798,0.6086623222161756,0.6390290347739374,0.8127285392732074,0.5481519906299652,0.32914534936661144,0.55771644247769,-0.048685333987232016,0.2714527009981321,-0.19495788360456962,0.38129328530422,0.0429455337032006,-0.2623036040369898,-0.10666285245280767,0.5728785730556554,0.43712397435663103,0.18460293602227965,0.5643786891462993,0.33095878775052223,0.5305356862703724,0.12251953253456652,-0.011064033087135914,0.4604422371962507,-0.18711068437854378,0.003527879224136693,-0.12489990050463211,-0.0018964325221002348,-0.4520334509185829,-0.17997990756436885,-0.5629512529651032,0.026187300558871182,0.3015273097848224,-0.2525020590657932,-0.04640934717461206
-0.3960339141437319,0.8367057729736044,0.9365812006901115,0.7028316703587731,0.9452757010770299,0.9349040056397134,0.6245757706300102,0.8667439554075747,0.0,0.28315923081494365,-0.6659038178626376,-0.4484520063259972,0.403018724261544,0.6528345719979929,0.6863813512083824,0.6058966099089944,0.5146662494935125,0.8335265165885778,0.6862553847279736,0.8417757422557027,0.8191229822270577,0.3820009909242778,0.6425173700939028,0.08757410104476172,-0.29145827758460113,-0.8794282996421947,0.16581258138199698,0.07691191596690852,0.5204764073425551,0.022195155963772598,-0.381684042015011,0.042652601323446226,0.5061974567930116,0.763050018780496,0.3713617492987197,0.8625747147570721,0.29413095834445613,0.259808006208401,0.09769057167594941,0.15553906312048624,-0.06239073403939204,-0.5899045524883192,-0.12376309129257035,-0.4144984531263914,0.07952410574319711,-0.010389552296758158,0.32260457572908185,0.3311067549280116,0.5499237707266009,0.06340349270055065,-0.56138635287729,0.82171731513334,0.4602096889618939,0.8141928115186633,0.9537853223517968,0.9068483430031876,0.8334518690488835,0.9747746959278892,-0.46216127274217406,-0.5864083572467256,-0.29818894691662634,0.33650407834191964,0.45555345401843267,0.5518597968169882,0.6639252638687698,0.6171850028901684,-0.09179452532350517,0.531824894660379,0.5821904163932204,0.7730795117490367,0.7149773580918959,0.37895937769416826,0.6130671672537469,-0.10915600993483338,0.14563346490795742,-0.3910300449944476,0.5661895242387573,0.22172883604661187,-0.4416324390141046,-0.3943206379782753,0.5081289256573679,0.3533760697157515,0.17701079415587642,0.5955039493104618,0.41774110081643084,0.4886538791316204,0.23898174857243942,0.14522431538472214,0.6961382338096915,-0.2999595725838553,-0.20571093593985307,-0.37036254121080875,-0.23647838127718904,-0.6006743103070655,-0.30129442759781594,-0.5301261660811971,0.06938491586505006,0.37095065630956897,-0.16800780581714572,-0.10793379563226498
0.07274136530363522,0.5151195000844052,0.2013671535393884,0.6138036729152615,0.3095894040543837,0.24914958127570924,0.8521975030847664,0.4175138539375138,0.28315923081494365,0.0,-0.02708215150374402,0.5359472057272249,0.4858822348252156,0.33568858143476143,0.45842715310333293,0.8416697889531114,0.5779895082009516,0.44399613408639754,0.33727757679372034,0.45057456917785,0.43544009233955616,0.45319235524895485,0.40598764879091204,0.7856346223438282,-0.047859908970840775,-0.3892911040594247,0.07528346173977724,0.005772638993768296,0.46509202279714923,0.2773898398544616,0.11526116440901571,0.5366068432823593,0.8568024494657451,0.49863885677350495,0.3308443122372873,0.42086456792070515,0.5677749337195219,0.8440925512582398,0.8987569779964729,0.9203084253196294,0.8118191596130027,-0.22012581481798973,0.6908533140328241,-0.038683748583453914,0.2643100075419693,0.1367850449321385,0.5433991908761804,0.31241499786273125,0.48841395320106595,0.7762148876376415,-0.3405325265751825,0.5252465950245687,0.5710370649788749,0.4762949370491401,0.20957301917304416,0.3974075547782389,0.4259475933999582,0.16345253380688907,0.43215393078328684,0.20812985990173072,0.2851652582310379,0.5480878592111408,0.753529016016427,0.630996678735033,0.5172329599597485,0.5192157711879435,0.7046204731157836,0.41914645341776163,0.5534354091428326,0.5017521190739054,0.3822671718112728,0.5991301231035882,0.4680652414057172,0.7825634503525227,0.9241722429338717,-0.10087354496973401,0.3765602826338457,0.3008613461622665,0.2491901524631302,0.11866756956872207,0.5086097696381671,0.7952556033061935,0.44418101017572764,0.5771750630531367,0.28350228709544756,0.7422422700068071,0.5752011572701075,0.21314861332355714,0.45995218153515843,0.6545240381711553,0.3340842609748168,-0.006246665289711313,0.7738587537239394,-0.1594413594970323,0.6919975650863748,0.02253066539584583,0.3820833025014405,0.4389256003090632,0.24642777250218628,0.7363396259070659
0.7716958105062538,-0.6737551243409491,-0.4785850578937277,-0.3408466043620547,-0.5934975794144475,-0.485132725301572,-0.2791995364113121,-0.6371100810324404,-0.6659038178626376,-0.02708215150374402,0.0,0.7074095386527307,-0.28534772731960584,-0.8199153806737375,-0.7588175096788633,-0.4936589119080671,-0.697193615059555,-0.8478577831025074,-0.8795791255542962,-0.8048462129244576,-0.8378802254541078,-0.6839902054568165,-0.7970314904055094,-0.16593586311232086,0.6679526252333151,0.6986905103053032,-0.6346261743643291,-0.5567372624896035,-0.6621974109367496,-0.40832283433427613,-0.05511566271616517,0.24783510512080395,-0.4798387877102287,-0.8265411476411348,-0.6807223528336405,-0.6608092965676216,-0.4216993846791005,0.017862025551402337,0.21652516927563645,0.12352708731285804,0.22491481177088263,0.8053019329496341,0.05083059772544903,-0.1314874003273028,-0.4880508321715283,-0.4653943180581335,-0.5414964382637721,-0.6404815229858635,-0.007795669947316943,0.11969456621184243,0.6099351573997936,-0.667298723734057,-0.6450283209085692,-0.5842762396546657,-0.6069795770149851,-0.4243141273820078,-0.7398779293528372,-0.6819653943076276,0.5165609404039893,0.9066727214035164,0.8137933763936739,-0.05250581779189285,-0.3118865824653429,-0.6412076748520215,-0.7241112117408014,-0.7173402034494554,0.18885543470074115,-0.7471703409890269,-0.7671898010010175,-0.829133492435258,-0.7837450257240559,-0.5664631978511269,-0.8045372909441639,0.3407024371393616,-0.0700010826545502,0.7062844003069976,-0.7411362778824676,-0.5489920895055175,0.019310159764692462,0.06313552387083181,-0.7349997145570539,-0.446876604725785,-0.5882945827302091,-0.740858955321282,-0.8076032015656158,-0.6022123893525385,-0.32118619132888465,-0.5632696739290435,-0.47730026266778564,0.20815807323210603,-0.21973486303215917,0.6735639435246487,0.4563795913355894,0.8129996849977413,0.33477197513550017,-0.0005219960597042778,-0.47819151338007354,-0.703302842046182,0.6215547751525785,0.249406237669509
0.47297978057768786,-0.19600847734981472,-0.3540476425589847,-0.05132038756039765,-0.3266785970867716,-0.2810428495253602,0.24494352125601215,-0.40102811039176917,-0.4484520063259972,0.5359472057272249,0.7074095386527307,0.0,0.2521088086840956,-0.3428693285120988,-0.20088183626059083,0.1229493935595458,-0.09520866436511072,-0.3787665896446893,-0.46044429306544343,-0.315236722263205,-0.35901737947074136,-0.09918047617045748,-0.24596330209696432,0.5108502321523194,0.2187626539615487,0.3937774906073065,-0.21291961133075132,-0.18541238192334555,-0.07029532135172374,0.11974049903326318,0.11812304625165826,0.35542297785827115,0.1313225715516286,-0.3058177496348713,-0.12892237127472597,-0.2133645748710573,0.2214597430431015,0.37358723338639765,0.6873615854940259,0.6858831336446425,0.7543030355724418,0.29739124478834056,0.6462572145355,0.1467196455318033,0.007888868040468804,-0.001434239225696689,0.10710715482275938,-0.09599371484334868,0.3465605431296506,0.7125683054634839,0.2809107885668809,-0.1697679858098382,-0.04065933006557832,-0.2501418099793499,-0.389589329890982,-0.12659182984998088,-0.39859715588900946,-0.5581895961998145,0.567819959685082,0.7151929623450456,0.6926800827233849,0.430176877576894,0.3485726131669023,-0.10586401750149728,-0.1894452805809967,-0.1443666101040701,0.6924114948198622,-0.3526528008422719,-0.23770292772093563,-0.33810393022193364,-0.2657989306122244,0.0962899068236925,-0.24488591786088387,0.8435236689738386,0.571228660202753,0.23216056220250136,-0.21146661897547542,-4.0977889714033124e-05,0.2750831849174166,0.24994399944657553,-0.19561033718517204,0.216719160654053,-0.013987851347819468,-0.1518307724332635,-0.3289394408379817,0.052790861702965514,0.27782469606146215,-0.0704902918709903,-0.0028955827878097674,0.7327468623918567,0.25123496833246445,0.3778562669535654,0.8193719943624324,0.38616105884573293,0.8133325237272607,0.2843451341897168,0.09700553742742538,-0.11624269752445866,0.7105024870025044,0.7843021671970507
-0.3767782947020649,0.6002250882305419,0.36169037079727134,0.3407081190250056,0.5101870696915193,0.48699012931952645,0.5936456328419384,0.27137173720438584,0.403018724261544,0.4858822348252156,-0.28534772731960584,0.2521088086840956,0.0,0.5614957884520885,0.6860104295837562,0.6119364564971307,0.652668197280201,0.5000856906168657,0.44367456363986046,0.5640855530085545,0.605697533017076,0.6621087997812638,0.6771892006637518,0.6052500553000368,-0.653480882135727,-0.5039467610646261,0.4970117300039794,0.46268688728585877,0.7017499685731438,0.6083805934074534,-0.17983220125772356,-0.12155163988610021,0.5626263921705353,0.5695286749971775,0.6417619115353518,0.5520886918446963,0.7157862501844999,0.235591473398648,0.4515287747321612,0.5841825619804146,0.4942703604765967,-0.7068341738657293,0.6502716516483262,0.23895051632261147,0.515744429161187,0.5805448056447668,0.6995775758282357,0.6452247145637231,0.5473718672667489,0.6458567202131977,-0.42901040644149224,0.6548050605244025,0.5824738879363478,0.4009802894906695,0.5019641118343149,0.5481489851594413,0.3503037422415508,0.3023893038619754,-0.39978620211605714,-0.3647757718771273,-0.13188113787668163,0.9459691775678379,0.9028910031249068,0.5746739919052316,0.6166218260460857,0.6687761746746009,0.35266532320427646,0.40962171455379776,0.49369842182522805,0.4795338097465892,0.6591300870515984,0.7317232103449324,0.6130795546279288,0.5181627378796452,0.5236097012653859,-0.6743070753947077,0.6273368987917903,0.6583271734756911,-0.10319455988340089,-0.22904857450165408,0.4807450992220145,0.5307025138621984,0.5168567556779797,0.6214976885491263,0.5012375980836771,0.6082954917679473,0.5973669913802601,0.5809024793212617,0.5141616849954233,0.34044888644074706,0.22296833046861086,-0.44307210170402733,0.23484819947449762,-0.5960496652492719,0.41397925758190307,0.22551615656354052,0.6561430834217454,0.5796567191143845,0.15792532826014424,0.4855417584432239
-0.8530238417403291,0.6601945749289191,0.44799456190360704,0.28090294635792934,0.571695956653166,0.5655020682957899,0.4324346167198489,0.5102328695473413,0.6528345719979929,0.33568858143476143,-0.8199153806737375,-0.3428693285120988,0.5614957884520885,0.0,0.960753933435586,0.629456889353867,0.9086961387814303,0.8465765523226043,0.9454990262021983,0.876788627711779,0.9451516041924521,0.8567755111314225,0.9523504816282666,0.48367977140903234,-0.8006934525569183,-0.6796467011039546,0.7383233288988066,0.6733956278083605,0.8798846242455799,0.6585169708218029,0.016295811432780576,-0.2827547583334093,0.6172817636034827,0.8916015167259738,0.8138438441728251,0.7393543026017254,0.6280865240253071,0.0692091324533497,0.016978529330571545,0.16683135686810702,0.00640613764805937,-0.8762773063472623,0.19802728148730156,0.20785350866920177,0.6544527274452825,0.5945611253349604,0.7251859275427046,0.7748227617997262,0.22356853998700607,0.17956728312789294,-0.8207286705485956,0.6718544144320153,0.7002323149732677,0.47275955656409113,0.6603373016205092,0.5568331623410222,0.6164730124354902,0.6243203836905984,-0.42167729801572246,-0.7497150395026024,-0.6329341202706174,0.32640873780391366,0.6318492034032205,0.9008184851729847,0.9561689117241635,0.9594152952329912,-0.041708208324721295,0.8500690468950368,0.8992414944925702,0.8673133706657931,0.9619844643159868,0.7780898706267888,0.9542393999953674,-0.006639299842072011,0.4066666961978622,-0.8206489681140012,0.9217240417063812,0.7826384370377228,-0.037011241735121825,-0.14018730101944651,0.8588595023979504,0.6066015859297813,0.6812637231136595,0.8666685941495074,0.8837446578630193,0.765677133251823,0.5415457937791714,0.7136212327764397,0.644176135382543,0.04654652518985233,0.26705132375791213,-0.7792759462743389,-0.22564165715475742,-0.9303842447158429,-0.07902879042650546,0.11294053100602543,0.6323562256725805,0.8362862394166352,-0.45975248257125156,0.06167546407731333
-0.7755782548791387,0.7562538006603948,0.504949297885871,0.3681536624451503,0.6538167769196652,0.6451840164666177,0.5536314729002793,0.5268918644647814,0.6863813512083824,0.45842715310333293,-0.7588175096788633,-0.20088183626059083,0.6860104295837562,0.960753933435586,0.0,0.7340160358035143,0.9255606861578922,0.8722005004667963,0.876054245897935,0.9250318423400827,0.9494899272610159,0.8902480488689307,0.9822965979086298,0.5840280214548398,-0.7961713723233973,-0.7493873744513904,0.7358374507924257,0.6714265189319392,0.9489101747740545,0.7084889502106645,-0.011639953277702092,-0.2198142500801914,0.7115960644166043,0.9309983708376582,0.8628478722488944,0.8414093938966704,0.7666049195580192,0.1607613448748674,0.1741275431809276,0.3280442482351309,0.19625850934646102,-0.8931971081163393,0.36385033889075513,0.21658098577181192,0.686068735535158,0.6308840536266563,0.8324607715920553,0.8406859480174947,0.41423109894690213,0.36282181611817343,-0.8001358901779458,0.7736262989339117,0.7460635973474694,0.5451182763578865,0.7146680419602164,0.6639198334586175,0.6366939099662674,0.6099832490591031,-0.37860790666956856,-0.6766209927023562,-0.5133656391058231,0.4813043551182663,0.7825211067803329,0.8859100547709909,0.9462265890378239,0.981806950199948,0.11117994641792439,0.7617285449194715,0.876361821359058,0.8715199522166946,0.9794332759167312,0.8603233654165447,0.9572749250802951,0.159410084782574,0.5142780216477918,-0.8462473206764742,0.959174293895113,0.8236906219054614,-0.016872198669486558,-0.15092737651927812,0.8378186436439625,0.716674172496159,0.7242436309144316,0.9129854319160535,0.8631079021770003,0.8452286894255248,0.6873871072959543,0.7468076833019441,0.7705198366231872,0.16319599264814427,0.29765943383141874,-0.7525945106642367,-0.08823600014338924,-0.9025455279246312,0.07479512409941973,0.12435127053945624,0.6873857272427629,0.8748262149550713,-0.2828423556955896,0.22246615547594584
-0.2754876497771354,0.8635554207217438,0.47284246861626755,0.7754648595167496,0.6430321478020298,0.49222227157707266,0.9275407346764607,0.7313581106449347,0.6058966099089944,0.8416697889531114,-0.4936589119080671,0.1229493935595458,0.6119364564971307,0.629456889353867,0.7340160358035143,0.0,0.801942577393208,0.8264806937617752,0.6733520699859811,0.7971330444628498,0.7721918486162106,0.7039714800285333,0.721937971409263,0.7622034725452512,-0.3554253755859319,-0.6936707447483439,0.33243059739915987,0.24120245421223716,0.7004801630659879,0.40349656940392903,0.07316537454245961,0.3624633288087366,0.9776032568711227,0.8420144933768688,0.6098362562542965,0.7272319103018964,0.720343032438989,0.7334908260865006,0.6936660095545334,0.7627252014149458,0.6365812639547314,-0.5777663960236386,0.6074204026058544,-0.006608617828343672,0.4252090221809588,0.3283543576329829,0.7397805970319073,0.5715115955901731,0.48163055462137394,0.6551708647207046,-0.5242655970636467,0.8701885568482509,0.8613131473139057,0.7919147366902696,0.5252660927166664,0.5937082237793669,0.7955613082729233,0.5137802084471346,0.06517261461030002,-0.2753110918066029,-0.1486461798674586,0.5681844171171402,0.8218239897167089,0.7807206819528903,0.7493820980548728,0.7459785919881945,0.585740819070547,0.6595134443582711,0.8110820418445557,0.8474077389322167,0.6963955689589912,0.7894828946155809,0.7692781825394719,0.5247454917736802,0.8096462991469164,-0.43754074436279294,0.6549263342627543,0.4935460897339964,0.17625949622426385,0.098368245567635,0.7751234218797418,0.8983149618449389,0.640156776696507,0.8427802204915614,0.5832574187179488,0.9190807278371498,0.6576764012924616,0.4248852245669798,0.6506928172424351,0.45834407668060567,0.4121726095929709,-0.299912076824909,0.44396558422995364,-0.5097146819496222,0.44638827620944177,-0.02371523698023351,0.5431173105741612,0.6891833993832043,-0.03092667376225673,0.5290066979917403
-0.728866744536601,0.6854204914276298,0.28334598451255744,0.35579651608179286,0.47210869183234594,0.40221070112028523,0.6013952511122717,0.48433944429592957,0.5146662494935125,0.5779895082009516,-0.697193615059555,-0.09520866436511072,0.652668197280201,0.9086961387814303,0.9255606861578922,0.801942577393208,0.0,0.8329047702057316,0.8929619813132341,0.8559598547711535,0.8883708901107419,0.9522500649036708,0.9403206978682678,0.7329489963696443,-0.7418699955491791,-0.6155268814250172,0.7605933742623037,0.6982874131288876,0.9240097484985695,0.7429089064076895,0.2189674616030686,-0.15342107418528472,0.8104780793535048,0.9090057990948319,0.8847965906147482,0.6978596868903572,0.7969250405947133,0.2821860721396625,0.28040521556555775,0.43837410417030676,0.31858220029248435,-0.7981970335896881,0.5000104991219139,0.3660403147226741,0.7702049420397372,0.6999067703939195,0.8722347889957193,0.8486709437551317,0.243132748725391,0.44053164715652593,-0.774356327999244,0.7231276458355482,0.859075021325981,0.49276758232859186,0.4912061193236443,0.45329672408707294,0.6277627165481636,0.45137775351095166,-0.19349983743057664,-0.5625386384374851,-0.5158380628784895,0.45431252485607976,0.7770424062061058,0.9402858670075495,0.9242321982688859,0.9490803632527709,0.2719354762506231,0.8465113697274834,0.9435826074496162,0.8732218257123369,0.9147194520443382,0.927342655801514,0.9689062898759109,0.2857131787230856,0.6763642977664867,-0.7784542764061307,0.9250420440929567,0.8380185156761681,0.23459021651614909,-0.033818692932485656,0.9164431350434306,0.8178822046182236,0.8409323857402426,0.9522279932624254,0.9092970629238272,0.9240449804968941,0.7185453819613181,0.7908743882344286,0.63497517835399,0.36127802134773074,0.44114379972547824,-0.7385520873951522,0.05674799206439584,-0.8127793443816392,0.24224578214300443,0.3085005257222602,0.7985183610981631,0.9291044912512632,-0.3482913085036064,0.3333014015296111
-0.633638233952077,0.9199321558952758,0.6722515773283877,0.6444397626551845,0.8093801788103417,0.6897941894938909,0.6875955708432259,0.8316066153785412,0.8335265165885778,0.44399613408639754,-0.8478577831025074,-0.3787665896446893,0.5000856906168657,0.8465765523226043,0.8722005004667963,0.8264806937617752,0.8329047702057316,0.0,0.8996267006162065,0.9676585986200088,0.9537692642306598,0.7553082441362607,0.8818114093843943,0.4670276908919246,-0.5565001457655714,-0.8237180639877997,0.5123468414627091,0.4220389223125179,0.7733768582927898,0.40768329471847004,-0.0019248540344023331,0.00216394014581491,0.7709211236106409,0.9756056249327923,0.7140341783919671,0.8772087036509377,0.607681423846027,0.34299437902355495,0.20138799096799168,0.3003417465456406,0.13843264966768193,-0.777840047822958,0.21251846125713922,-0.03266191411866145,0.4699729905810536,0.37625104307492213,0.6851677103914431,0.6585186312557897,0.3569016563153449,0.23753633754110023,-0.6777250992413633,0.9159263351897883,0.8240655708754083,0.8156091941344735,0.7772484171894618,0.6989153272953882,0.914668323800619,0.8013260318021888,-0.30697771197912715,-0.6981883828353214,-0.5436212595349528,0.33949837938749605,0.6225505606876861,0.7894003717452066,0.8559403105461344,0.838992457826086,0.14377279464247447,0.7795300132619504,0.8876555816096802,0.9859311714225973,0.8846994331221395,0.732213009847037,0.9011179720713532,0.03227268721352001,0.44943091782365835,-0.6449614291033153,0.8081344690487102,0.5589554961939687,-0.013093607139887173,-0.07630754728338747,0.8498835553716078,0.6985837436189154,0.6178148007498716,0.884778963546884,0.7497604289622014,0.8173324587090516,0.5197924371776221,0.5080911305909607,0.7199949892347175,0.031480570864822754,0.2606998348091773,-0.5718403104657742,-0.10174271021656228,-0.7726750732671128,-0.04625648483009528,-0.1379966338034485,0.47471470456334275,0.7449077735350552,-0.3620650283533094,0.07397984038433286
-0.7874806584128957,0.6953417519516321,0.46525067097771217,0.40023967428518503,0.5818780653565514,0.5095672199409467,0.48515045976036036,0.6605863865000733,0.6862553847279736,0.33727757679372034,-0.8795791255542962,-0.46044429306544343,0.44367456363986046,0.9454990262021983,0.876054245897935,0.6733520699859811,0.8929619813132341,0.8996267006162065,0.0,0.8724515820482827,0.944014352287941,0.8088839270830809,0.8914337816966142,0.4259145745002985,-0.6711722880235745,-0.6871516108107589,0.6433694188556439,0.5643967038154724,0.7744447483884427,0.4965930887869248,0.09186303407912308,-0.17230575234612983,0.6630445917642104,0.9103163835476122,0.741194178543985,0.6885145451045911,0.5163362826586774,0.17405527125871376,0.016455306782214484,0.13350967414686135,-0.05103539469072046,-0.8001645884734395,0.10854434713979301,0.12802207443786368,0.5693945060654445,0.4841441494361125,0.635731495335057,0.6787602456598008,0.08568760941280666,0.07434706646962863,-0.7670687028653079,0.7033835800271938,0.7546102903779411,0.5753977483492663,0.62236076990339,0.49006514183147454,0.7547468674679941,0.6935850012975573,-0.35984896862200727,-0.7600932044705949,-0.6858704825307722,0.22388742885198162,0.5166315503586957,0.889929108932095,0.9155889109963151,0.88363145628235,-0.052619234602629406,0.9347531477673756,0.9437420264239788,0.9291018240175449,0.8974869779064724,0.7145854851384893,0.9366742780160358,-0.0933130551401975,0.3885743473593698,-0.6966272622745373,0.8374421441707296,0.6428660813754992,0.021345173284357356,-0.10969639043516154,0.8989926903094162,0.5938062301203518,0.6590526163775123,0.86672959361898,0.8644207775783154,0.7592491875721574,0.41966512002314077,0.607811416666874,0.5318452971053392,-0.020312754571753994,0.25222100051269253,-0.7083579271574102,-0.2399618618451395,-0.8636867092656487,-0.15265205719990307,0.032972858712780384,0.5531375952002238,0.78353986150074,-0.5960769843755415,-0.04784884099505141
-0.6759532942238253,0.8872729380935325,0.6626551691096019,0.5582444892772673,0.8006038992739991,0.7449205824021016,0.6636638183496366,0.7334920233933709,0.8417757422557027,0.45057456917785,-0.8048462129244576,-0.315236722263205,0.5640855530085545,0.876788627711779,0.9250318423400827,0.7971330444628498,0.8559598547711535,0.9676585986200088,0.8724515820482827,0.0,0.9524019242636729,0.7904524557193529,0.9232670646940029,0.48249048966392116,-0.6110977243102897,-0.8407941441783197,0.595421696092271,0.5120798835208438,0.8658100226947602,0.49354041992277903,-0.016093131474312055,-0.11091039789015707,0.7387820881596788,0.9720351850008768,0.7804212000961853,0.9459307591151678,0.6912492878484563,0.24551220577899432,0.1706566771827653,0.3104814785628257,0.1597448441445741,-0.7946601093985747,0.24981113049380776,0.054663545997665174,0.5571233289493793,0.4550641341068977,0.7444818096447976,0.7404823922465766,0.4792985274907241,0.29867285500453145,-0.7443600652539527,0.9039840650697903,0.7748974371828322,0.7354635275289794,0.8097898114166394,0.7635133338067306,0.8259720559093862,0.7751323005562939,-0.35505376947624434,-0.662683279585146,-0.4902604674578092,0.4030472663891306,0.6950404186459359,0.7959391522084669,0.865832885942192,0.8789266661933314,0.14382567720477987,0.7056131872227572,0.8448152746954027,0.940364646726989,0.9359742780423043,0.7842423092493924,0.9070403464327157,0.0998200697593964,0.4583826794694218,-0.7067562500832365,0.8879964129382282,0.6527761077259572,-0.027605451810752708,-0.1900174646045777,0.8058189101994726,0.7161980225861229,0.6443116309699437,0.9074523968919561,0.7884725730692582,0.8331133306515243,0.634984758721279,0.5981284949466802,0.8437012063996784,0.08348798965935865,0.18918656870738546,-0.671738486727204,-0.13047393056529313,-0.7858548869585612,-0.00011174123663189569,-0.059337127168921235,0.5363289116361395,0.7958090765934588,-0.2599363087113063,0.14578160727557105
