0,1,2,3,4,5,6,7,8,9,10,11,12,13,14,15,16,17,18,19,20,21,22,23,24,25,26,27,28,29,30,31,32,33,34,35,36,37,38,39,40,41,42,43,44,45,46,47,48,49,50,51,52,53,54,55,56,57,58,59,60,61,62,63,64,65,66,67,68,69,70,71,72,73,74,75,76,77,78,79,80,81,82,83,84,85,86,87,88,89,90,91,92,93,94,95,96,97,98,99
0.0,0.6863553569797831,0.17661248475443506,0.6710669499116307,0.19054272173127285,0.07552723419613282,0.6426748473789048,0.6346609678615159,-0.03463841017074805,0.44817230321218554,0.12112438272855175,-0.22161411887868956,-0.4745128811834814,0.1383536457923176,0.023120736002625757,0.822189543011755,0.059901442923994186,0.7150808504522487,0.555471703698417,0.1140511166783639,0.48611484803475175,0.13057960675924757,0.38454385917281303,0.43429108197755667,0.11629505405350375,-0.10118635303849988,-0.6068909629868333,-0.6544060999144039,0.2912775874793851,-0.26303546004046485,0.360935457019654,0.45669462240567227,-0.26444863535593566,0.16908655241002343,-0.1950966787462033,-0.4435624567967417,-0.5588207207808443,-0.2567482073701173,-0.09559240792977593,-0.006501067558115965,-0.41767190164834844,-0.13129610242939407,-0.24083780186980902,-0.48267784795291924,-0.31287446782757733,-0.5941574014538903,-0.5085177832576915,-0.3913274185373516,0.04392303874881671,-0.475893422096007,0.9298653389954629,0.6554993803268097,0.7911459646345809,0.35510526061792524,0.07850890179399439,0.17098003787236052,0.6664159475513511,0.2385494166624407,0.3387525211552219,-0.029513951480862347,-0.40475985730346997,-0.5673745394018115,0.1199132318042825,0.2220936738246658,0.06012551039915461,0.016478420504081583,0.6480492856332052,-0.029818826545707337,0.5033531217509587,0.7258906207896209,0.5854723979921346,0.5087298069732575,0.5648845472487946,0.1568826351823918,-0.0408878823888464,0.08320877076284622,0.17274818783612683,0.1323765615133225,0.5368854037283971,0.08799698203759702,0.40031768571390425,-0.4944965335022757,-0.09359335894192644,0.6505254951241937,-0.25268584975691727,-0.14104870903928862,-0.4847187496108694,-0.6628853487719673,-0.17807084910829601,0.29030298471513394,-0.4632652436326502,0.08589907099691999,0.09557391143846904,-0.17735602142941215,0.2792358924374621,-0.5830845061363648,-0.5866559096119861,-0.4551862385291699,0.4817845786732069,-0.3758200756634654
0.6863553569797831,0.0,0.6496084485486484,0.730985658997551,0.6973468376638986,0.47588414367456777,0.6499861433579575,0.873311040894637,0.4226219996103722,0.05626458275490791,-0.3002211565013379,-0.4748850300906676,-0.48867646372918117,0.025036602360425254,-0.22338095771944383,0.57738172306271,-0.0699349798065822,0.6424327893555323,0.4623087693785305,0.009349741368625687,0.49088727632957596,0.10153152367674934,0.3486678052684901,0.4721001799552488,-0.16770631972157457,0.02075026143223159,-0.3399000095665803,-0.5737343100227873,0.4977932450168103,-0.14043868517076674,0.2926962877703499,0.19295784423874277,-0.21141475662227727,-0.20322776911686252,-0.32822988735293457,-0.22211907485366497,-0.5139237913686666,-0.1496156150365573,0.11493714688831051,0.1572201425784327,-0.564218073891453,-0.12117043879144013,-0.2820176989900604,-0.5399041817927256,-0.15537088451844192,-0.4777858977487429,-0.5312280327698304,-0.5811484108783275,-0.13375982740102627,-0.6063918298045352,0.7590716977407702,0.9343750905781157,0.7696141649623099,0.4689991051164979,0.5815842881277832,0.5521655092633724,0.8727955558729528,0.6781495261167887,0.03686213003995646,-0.1902898652635778,-0.5111292654152338,-0.4885417046756599,0.27396860720805943,-0.0687225945894257,-0.06428884105852486,-0.09073084227403079,0.6756427350565185,-0.3070568381595075,0.3940267522839796,0.6921703205432397,0.6418218246645209,0.7005055321940841,0.54444819276632,0.3708779106009538,-0.19613753776328618,0.04101365726596136,0.43422694401167655,0.30458436289301777,0.5294708814648937,0.057472539147915655,0.4895585069108075,-0.4725609332238802,0.32610778998755907,0.6743340993067695,0.1135804459967458,0.04075758416934102,-0.3790196028777674,-0.4490031468924251,-0.0018347043744824888,0.5378663954408938,-0.4385909080774761,-0.05930746509417161,0.306304178789884,-0.36612638547358833,0.4243810791661843,-0.5230249368015016,-0.33507090994493244,-0.48488043306728956,0.11352304111966456,-0.4940483680405437
0.17661248475443506,0.6496084485486484,0.0,0.2750168414827635,0.8113077464576899,0.9181728548864281,0.448133068558101,0.7776817485985362,0.9192830711718496,-0.4108733195845336,-0.6602490808863841,-0.6644765379550045,-0.5726718646900747,-0.36525792540127744,-0.4553456718288649,-0.06957471565679013,-0.4324090983669991,0.3972884310356793,0.11749274082220064,0.13042716161293075,0.3143360944586858,-0.49540315007856733,-0.0705733143472663,0.3403972165122697,-0.421017611466831,-0.13003754450047086,-0.3886148824114368,-0.446936570277307,0.4613818638276485,-0.4493080489234378,0.29967407232197835,0.025156949128373688,-0.2853587736767724,-0.5618048276688828,-0.72121226155654,0.32613130321578315,-0.2627041561944657,-0.322061894235266,-0.15957514716327198,-0.25421646513993706,-0.5221658287460149,-0.13754823875699085,-0.5078752292347567,-0.3221094911727317,-0.03561765262076292,-0.4367806370890334,-0.5588266614401677,-0.4947211633756951,0.18955205500595168,-0.35544739792016694,0.24161207596777762,0.7518775177530495,0.32739078203675465,0.04851029502747524,0.9533790613145828,0.9592603003003841,0.7211605674020832,0.9744750968833921,0.04443690775992651,-0.14532100026060055,-0.29068334999784035,-0.35395582737922837,0.36536619539656107,-0.548550494487713,-0.014746421659300058,-0.2702092209854513,0.47133878460997874,-0.48870685184231116,0.04418652376737613,0.43756002153787127,0.5626242847338031,0.3605700926254329,0.37603190968851824,0.28473624585714097,-0.04373096886279524,0.13240978273974346,0.5623155070546911,0.15369727266580316,0.31012313458452156,-0.04474279757805106,0.46521708373436704,-0.3323005577394616,0.424818283568673,0.24121078148643732,0.18450256782406896,-0.09214320852338305,-0.10601552594755322,-0.12475111144344139,0.3590441866072962,0.5220823257242767,-0.4455947268792283,-0.18734736852727354,0.13542788741673237,-0.2419924867963081,0.3213908404303296,-0.12084361391089167,-0.26990496182682056,-0.35690025060150476,-0.009179297128261328,-0.28857622338573724
0.6710669499116307,0.730985658997551,0.2750168414827635,0.0,0.6221564916777456,0.0358970638011793,0.21013226971793805,0.4679964386745807,-0.028302018081292808,0.09432822560270783,0.046923268250099626,-0.24904917272073585,-0.378167834895074,0.07954685012907985,-0.13770700997292917,0.5809656819687429,-0.05679917862464244,0.3597156106884684,0.22486066423385512,0.07935589872602085,0.1432326142372416,0.18811115908524428,-0.03186235036322383,0.04798378410343324,-0.24730386381972644,-0.13555806703526113,-0.3844739952683709,-0.3676565572397193,0.0511849870211124,-0.238538443567565,0.5225172617543479,0.1534406745968933,-0.14885521631695195,0.13822249095833353,0.017415657946260304,-0.16393174778035574,-0.20844285285464817,-0.24245970510934026,0.2295055826956926,0.1454922945292275,-0.09122148118624326,0.09498835611781174,0.09824192643489246,-0.12122868445973625,0.17941624579602816,-0.12998595437867586,-0.09609230513655123,-0.17375866704274892,0.04587206960214972,-0.2116606228989712,0.6141813959358271,0.5625175053052309,0.5094000054577198,0.8688095538832604,0.15116098585754356,0.13511495886102556,0.48665480186769383,0.27574305370434865,-0.04714911207611383,-0.007250134787797177,-0.3576787181872429,-0.549117906176169,-0.18819824770635843,0.16888116672861514,-0.3786380356702154,-0.15910703375342658,0.306905260280805,-0.3618415769898209,0.22723501442622207,0.34254820499588096,0.19702459089324606,0.37100240107981824,0.09989728620514302,-0.10082893127483404,-0.4261020383874032,-0.2997502675252674,-0.09618825613937948,-0.24390094111969246,0.6549547729689464,-0.02852446031286679,0.07074130432158601,-0.1119278784296788,0.15564025995943445,0.42692079909371483,-0.4312640848837259,0.1393732512050611,-0.19739424953999984,-0.49226868304768684,-0.049513208808869086,0.11943076344402448,-0.2188564731483267,-0.19281334692034655,0.09523833673518786,0.04576775350156349,0.4501242275467123,-0.24012800781419166,-0.16590184229647265,-0.25577627256528124,0.30527998155897107,-0.14141289724256387
0.19054272173127285,0.6973468376638986,0.8113077464576899,0.6221564916777456,0.0,0.6722360790102407,0.1829484061547115,0.62610479677349,0.682085803230133,-0.37191229445989726,-0.48057925989785927,-0.4975032946762838,-0.40583935367327983,-0.22810019871696485,-0.4389866811911696,0.027160806185406155,-0.2447543209988287,0.25239222678308976,0.031217954862950637,0.16379019079429924,0.14058487455189908,-0.31490963716504006,-0.22490786338414695,0.11689089682769448,-0.5628189421697465,-0.2001771697793682,-0.21824882066521797,-0.2257996639323855,0.27825970969803043,-0.3846849413291274,0.4995273923793379,-0.1734252134256329,-0.14570648594694718,-0.39153846218137206,-0.4011815345925098,0.32126870331406726,-0.04180130228042674,-0.25195997255316094,0.0544603425316174,-0.13420308576280804,-0.2439347034646489,-0.06995925991572856,-0.23244150278326353,-0.021989047039434044,0.31271939823836276,-0.08459171933426472,-0.22561854930564962,-0.22531428012168891,0.24791769619211915,-0.1611339938675688,0.19619604670987906,0.6669572818492125,0.27940165353646784,0.5274600265153578,0.7786220588355556,0.6733474446229127,0.5783151895958312,0.8088045486021396,-0.19679743787635404,-0.17884610050999297,-0.28725918500955316,-0.32663285283136134,0.0675464876099871,-0.37215918237461737,-0.3311169249916661,-0.326226499702436,0.2639743676906111,-0.5439524591407959,-0.08308557855946919,0.23129278538943088,0.2826220005139556,0.2043140958568584,0.12228143366570877,0.0023032735048064,-0.33608098695262406,-0.20861096458387807,0.24641359606941024,-0.09369213937556847,0.4904573123515739,-0.18180465420498867,0.18698791828103778,-0.12101560686961382,0.45683128296365116,0.1354070650984165,-0.05764378747314591,0.07615093756011375,0.014387135469395651,-0.12799782999078504,0.2779085479781922,0.26748824689060097,-0.2798745087291655,-0.3048021374836624,0.023209484595533826,-0.18274422516899136,0.25400668589656594,0.06398153262754337,-0.027837064759461065,-0.19759394575298123,0.03195798061183366,-0.11997511137235863
0.07552723419613282,0.47588414367456777,0.9181728548864281,0.0358970638011793,0.6722360790102407,0.0,0.4533238439253558,0.7052107071550398,0.9658131815037163,-0.31980368331221415,-0.6269290613415271,-0.5144818061297776,-0.4803632385071639,-0.3918219463412434,-0.46135160805237324,-0.1292255323660284,-0.28443479548525974,0.39540644771664485,0.17189634399583478,0.12665705196971697,0.39387635207190747,-0.5659959947944493,-0.037428053159050546,0.45850346450079016,-0.29754425586947475,-0.09964031466182312,-0.3291136209923813,-0.38196477825838804,0.48617816870915903,-0.43314820346775806,0.20906434713424005,0.03849147647218945,-0.22334409748301925,-0.5693520280204063,-0.745543189745132,0.29996069248945234,-0.2611034054428763,-0.31836289919362054,-0.3833310261201148,-0.36804151497564824,-0.5864152771989457,-0.3431005049608841,-0.6087494711955257,-0.33224721303486254,-0.149940128832596,-0.4950413620187188,-0.6227198271472513,-0.4406648070385153,0.2586742142135524,-0.36834076456344866,0.1370691839933923,0.6419069451398163,0.2573257153267994,-0.1903242517595851,0.9701638590920191,0.9379570714859828,0.6375579293630158,0.9309958837558364,0.1401726822987632,-0.13143533192683593,-0.14321974945490928,-0.1824418788198187,0.48094557372242036,-0.5533459115325667,0.08664481098546425,-0.2922745713403265,0.41844637917050376,-0.27479499791342316,0.02114675201738915,0.41598192689441366,0.5845307386717161,0.22846297032451882,0.46096796932290407,0.28634297297377775,0.18853838622020794,0.28375159536493644,0.5928647696059974,0.2688092114608738,0.139381983952616,-0.04209020097079316,0.5336017807001843,-0.43977560234759216,0.30221305402436516,0.15213144312539922,0.28505977356677487,-0.25627611506120557,-0.1539320071467954,-0.10790998264248729,0.27307586855899624,0.43647881373525665,-0.5067471670243338,-0.09701042882154384,-0.0049774780797730706,-0.3929762163854654,0.04095545421536609,-0.12081811241577972,-0.3774487741103438,-0.3843431707704676,-0.0735104515067606,-0.33031442993305576
0.6426748473789048,0.6499861433579575,0.448133068558101,0.21013226971793805,0.1829484061547115,0.4533238439253558,0.0,0.844222100859014,0.4064619172267133,0.3649309527796265,-0.2021978069778666,-0.44992620858828924,-0.56957309011551,0.08915671683492953,0.059074789540764165,0.6117280283250557,0.06476819673786317,0.8212375729980065,0.825123262781207,0.23945710396349532,0.8322663022339819,-0.08811606067271177,0.6455720901707289,0.8629021039210728,0.0013121604967442622,-0.04826100002194559,-0.4909041417758658,-0.8140609108198744,0.7791604159837773,-0.2842733112797699,0.10531117550621219,0.4279905481103376,-0.42488760867061204,-0.15460961361509634,-0.5833692316160022,-0.3513529936471096,-0.7244530068538726,-0.21108254617039784,-0.1469995786577086,-0.09097028266667287,-0.7333547166735417,-0.4709268237199388,-0.6828958980573878,-0.7438923971536412,-0.5363542804146493,-0.8459563255572898,-0.8338410442115513,-0.7117799212647221,-0.1594926376996708,-0.6601432843396411,0.7564232830385951,0.7496088673682074,0.8658257146476906,-0.22123472038754677,0.447319198073424,0.5357890564932035,0.8605955837369541,0.5383242347954316,0.31135416313050596,-0.17330462611116412,-0.48248415208793916,-0.49615229309779757,0.4194890083256794,-0.05452416880737831,0.43812575831583334,0.18185450723301616,0.9549342708462532,0.023538152520706124,0.6004611136664354,0.8984952969635739,0.9585730639208024,0.6730364917143534,0.8604884796477011,0.5543833095115517,0.19431221393175233,0.2647693386094547,0.7517835472065825,0.5375752870750116,0.37981375413762647,-0.005529774371254743,0.8844122801314968,-0.6260223482418129,0.05732874449108974,0.7917550208472486,0.2850716011062724,-0.15179779469793966,-0.4972551849471561,-0.5302898235617792,0.06394415155981453,0.8028644528197583,-0.5425716361705547,-0.014236357720636958,0.31423841719826306,-0.5979683164051903,0.2810323008256363,-0.6769172549518138,-0.5737480715790091,-0.5285289637960863,0.2162083282954085,-0.4844590860063721
0.6346609678615159,0.873311040894637,0.7776817485985362,0.4679964386745807,0.62610479677349,0.7052107071550398,0.844222100859014,0.0,0.6620693855594596,0.018565695114969735,-0.4676277073736265,-0.5965476845562552,-0.6302880877438786,-0.13450446039956354,-0.27414498760521633,0.5071805277522288,-0.07877990771982735,0.8189638288254361,0.5932759084628693,0.17836049233257062,0.7125974802152782,-0.18331286503873725,0.4180373059909652,0.6917511894802084,-0.22618401550934605,-0.07620470760655278,-0.5124399158835652,-0.725855526146993,0.6730695258541862,-0.37299222727661435,0.32225337690436245,0.23227654091301145,-0.3571344876340725,-0.277698754046328,-0.6201579883056765,-0.17019756580982562,-0.6437198752715219,-0.3451432048019063,-0.2038376407868412,-0.17203278940181885,-0.7472707619630929,-0.3600563334228302,-0.5672244287628233,-0.6405914934462356,-0.25175188025622464,-0.7397719473511122,-0.7930829647189964,-0.658439988396146,0.004684853399209106,-0.6730538116042201,0.7131638496334527,0.9602514724609617,0.8291670166085554,0.08135496964567716,0.7504440654281833,0.7655779388747229,0.9887803404072775,0.8343503169524775,0.11175963375626236,-0.2859022656727597,-0.5202165342001853,-0.5049725368572637,0.42561596422411224,-0.2522184677622386,0.12407858647202338,-0.11574837263760353,0.8389882176505244,-0.21437387337895358,0.4684898033562235,0.862483791259781,0.8840099619629328,0.6499522893472334,0.7783977856648785,0.39386170990714897,0.009108050530869145,0.1936060351111971,0.6376284643099361,0.41902385197562564,0.4957548040999773,-0.06798349987680523,0.7529064583960524,-0.6214721117313243,0.347213196725594,0.6840506353013701,0.20025163428932116,-0.16354729163367368,-0.4609094728640361,-0.5144947336990104,0.07802714003182827,0.6732732100174641,-0.6561377964699109,-0.10675706763973956,0.15129169969246245,-0.4984470728821519,0.366865331291483,-0.5493535572504021,-0.5495544783199657,-0.5548270978673256,0.14467251495757402,-0.5453745455596305
-0.03463841017074805,0.4226219996103722,0.9192830711718496,-0.028302018081292808,0.682085803230133,0.9658131815037163,0.4064619172267133,0.6620693855594596,0.0,-0.40303935630446985,-0.6838328052295424,-0.5648651974545954,-0.430934477906212,-0.371437329065159,-0.41560503516667724,-0.22852609011440259,-0.3125179373494239,0.3236233611562371,0.10435142307717055,0.19881872177371185,0.33913341717604706,-0.6317078469511939,-0.07030282633265848,0.3748698163190258,-0.41083792883051834,-0.18727708012486233,-0.2549076039335062,-0.3214936356703613,0.4931082441322599,-0.44431337148654804,0.20808352258739396,-0.08490214929340095,-0.18625198138334367,-0.6166008686942844,-0.7514514108693361,0.4160124947692277,-0.1605429757656275,-0.23659505753629784,-0.2859503032809707,-0.39267549225722503,-0.48751456581499913,-0.3009390003519546,-0.6138725121090939,-0.2181685449601115,-0.030847198550528122,-0.37424608563313105,-0.5344193798325909,-0.38065007570874776,0.27281813153101886,-0.2535237365005771,0.03135955719062187,0.5913479854875371,0.2042464252251263,-0.21880995865254882,0.9591031518264423,0.924683988241283,0.590409042044695,0.9338167422871423,0.01294509856846435,-0.23200083405452554,-0.2046021182373013,-0.14901993255942078,0.4174536222301591,-0.6383420919177353,0.09473031255893946,-0.24290837810681098,0.3925527757475747,-0.35431684896019244,-0.07720991122918322,0.3324747893401351,0.5273291177329801,0.1381676655071043,0.37440842867283725,0.25726507494056317,0.07807337840774686,0.15846708238410612,0.598379830542985,0.22301259724181935,0.15095635440745309,-0.11859117314672181,0.4687712470226385,-0.30849318279824883,0.3846458673687804,0.05987873112765041,0.3023684575830348,-0.15509381611377743,-0.03745010941740869,0.007299820809163541,0.3922422036829559,0.45572471682547094,-0.3879611251185946,-0.14535039346597528,0.009425008522229376,-0.35767858789733303,0.02670618443024086,0.020891007913091723,-0.20743360724684337,-0.2528182698736328,-0.08471045757218496,-0.21290351550457656
0.44817230321218554,0.05626458275490791,-0.4108733195845336,0.09432822560270783,-0.37191229445989726,-0.31980368331221415,0.3649309527796265,0.018565695114969735,-0.40303935630446985,0.0,0.719096206246996,0.4904041410796516,0.14959703326521714,0.7256540539011298,0.6910598743435753,0.6064448183981955,0.47952245852713477,0.24489692367419122,0.6478899234006094,0.14574218101156675,0.39018610653590297,0.3217907128741829,0.4915161123474312,0.47554557679766113,0.44640434035712306,0.11938238139250916,-0.049601462428190995,-0.15828997261742403,0.3332540352238713,0.17540411868269676,-0.07116499876342959,0.48989307675639754,0.007722858717247072,0.38875034727096774,0.11950393051113815,-0.39585665782177265,-0.12532775624830553,0.10627336347129358,0.10146789071702494,0.2801606923711623,-0.0792373776132878,-0.2541308296537976,-0.15831929520979504,-0.23145702255418435,-0.3156717952419485,-0.2512370684918742,-0.11191659082697145,-0.11706831690844789,-0.16024523797428275,-0.12739404105122507,0.46574335327312527,0.020806507932550875,0.35203549242837384,-0.010336934393931345,-0.3762879078388759,-0.3382496601359442,0.028748826717741528,-0.32255725818117403,0.5725429703842306,0.3106854679234599,0.1039327817237243,-0.0457538519366082,0.16232441939401185,0.6421728177973218,0.5269878068085136,0.6030658841156145,0.2647294331448321,0.31173798002886344,0.4304125976493284,0.26655375581633733,0.2589720440721297,0.19019770123390214,0.29858212548981106,0.2786751613982768,0.20823659155297586,0.09023968503663761,0.20324091254000848,0.22874834959117044,0.120066471150589,0.13189478507024566,0.2240349225686693,-0.13873764464904673,-0.34004148027301834,0.3446209565799903,0.02556313903549788,0.10133937116145174,-0.12433735180328971,-0.16660253976953412,-0.1403815229227389,0.13395997715060454,0.07926205303229474,0.12117645769315186,0.2563875914457514,-0.3742981576963338,-0.15953005316912688,-0.35267417102581305,-0.18071771160892294,-0.11058902206425594,0.24223555043492145,-0.03155427823080848
0.12112438272855175,-0.3002211565013379,-0.6602490808863841,0.046923268250099626,-0.48057925989785927,-0.6269290613415271,-0.2021978069778666,-0.4676277073736265,-0.6838328052295424,0.719096206246996,0.0,0.679032382452707,0.32060621141797857,0.5536637604957165,0.5580619012316527,0.1959487368073834,0.2344739624167679,-0.3188410683228088,0.1228106210058396,-0.11876515030347776,-0.2434615871727745,0.34211828214251216,-0.002068944237341575,-0.06973651856845298,0.44371151592630714,0.127478406001595,0.05931299908609515,0.13782529924280845,-0.2595077836153927,0.3054958815001983,-0.19916607829134383,0.4200114250966153,0.01240173838003272,0.3522979419117417,0.3205369839113741,-0.22740213776368473,0.2234454164842513,0.17044192171199296,0.33746439710784726,0.49106269566794175,0.3319464131095032,0.14485641128745358,0.2010249131846656,0.09082304858722527,-0.08706556607428456,0.20137087456679986,0.33806739522005325,0.1329072502190627,-0.17782838088533043,0.2380792280259578,0.07682773874026703,-0.4107440223415466,-0.18149085563590137,0.14978145284081829,-0.6589836066890461,-0.6179706023763987,-0.4424378228244467,-0.6251840712811072,0.5222639318866722,0.6503417952497309,0.4085936395394679,0.04171055323285029,-0.25106712593346053,0.583052491666603,0.1695605252674653,0.4187116179476426,-0.2503802039997122,0.12856970493748657,0.046639074148213035,-0.2755381836587183,-0.32768491036854314,-0.15534101969266642,-0.2916461263262308,0.07632754905344043,0.11758065788795385,-0.0665595797573791,-0.24220942123878367,-0.20560125316315264,-0.0855286174764357,0.2524067675316073,-0.3024535616086233,0.23406222264841187,-0.50461879187014,-0.11837194637976299,-0.3025658160484203,0.1542389269394165,0.12068356015591329,0.049964258767611396,-0.13209710307086095,-0.21454015422951628,0.36344981678466537,0.11849469316093343,0.26443755375375283,0.07465852084564031,-0.18927643610232908,-0.06523299081336602,0.13854540335744772,0.0985556624252902,0.1651623652552865,0.24962790253857486
-0.22161411887868956,-0.4748850300906676,-0.6644765379550045,-0.24904917272073585,-0.4975032946762838,-0.5144818061297776,-0.44992620858828924,-0.5965476845562552,-0.5648651974545954,0.4904041410796516,0.679032382452707,0.0,0.78320601218834,0.46328440754302,0.37521491634053705,0.0022702794713996472,0.5721493851445936,-0.42884180039481934,-0.08710550565112067,-0.37410172209989595,-0.25113393019340663,0.4963258013171087,0.047626238489145795,-0.10187336546217796,0.5990358092742343,0.37559981973839424,0.46598962699290997,0.5542112229926217,-0.3262873160751875,0.6088920145144543,-0.36203162280832857,0.03515419819242609,0.5076570156215399,0.3555109864350082,0.5718890743557311,-0.27525145360924147,0.2793060091839032,0.3162438555407268,0.03258016408863904,0.40192673029880704,0.2532616822333627,0.11973945289908661,0.4676852367227861,0.1821245661663411,0.10383550126852702,0.34760073810993314,0.4112084992120376,0.32546934894494906,-0.2071378093723113,0.13812411162421037,-0.24720480737128286,-0.5233415281953845,-0.4130185400439233,0.005761188952458571,-0.5522820420863617,-0.6889915946943252,-0.6039402951929597,-0.6443514134206162,0.24408690711983674,0.34658210277401963,0.7098934079837173,0.6840145653812328,0.09637392037209681,0.47219390329264904,0.12101805847777812,0.23482984962045494,-0.5906619245685898,0.4723855974888601,-0.09899075112278985,-0.44442802518977853,-0.48450757651782594,-0.25327397997946827,-0.24768787217717309,-0.01689347832714932,0.37725980478049126,0.21820194908786344,-0.3692865990181252,0.09415744835837887,-0.392123669857144,0.16892132849804095,-0.42143320997381434,0.08266648965015005,-0.16627262690208264,-0.29912194652058366,0.0019429250759164494,-0.06082035522578765,0.05464144192703479,0.21918606332623217,-0.4624020269630082,-0.5595400365624438,0.306914217818493,0.3450136011680309,-0.07311777872757269,0.0380115093502906,-0.4941712190519296,0.05448059119714426,0.146990281095269,0.09966870349195726,-0.3032161027637961,0.032253866035166216
-0.4745128811834814,-0.48867646372918117,-0.5726718646900747,-0.378167834895074,-0.40583935367327983,-0.4803632385071639,-0.56957309011551,-0.6302880877438786,-0.430934477906212,0.14959703326521714,0.32060621141797857,0.78320601218834,0.0,0.4826369578558178,0.37281438237027886,-0.17872932926843535,0.5921112369959846,-0.4955315663663533,-0.28561502654041365,-0.25118161158783286,-0.3624852942078193,0.4323632565058413,0.03774768165254634,-0.33318455844419476,0.26695951431171194,0.15682341181073342,0.7286596849471192,0.7826900611666392,-0.26981121688547993,0.6648297237799967,-0.43633724203162433,-0.43977821138455425,0.7183492069308444,0.30268552344252453,0.6820430053619684,0.024131523188999447,0.5299698802017595,0.5174445774782531,0.18847026990653098,0.3215836740390797,0.48357707278663914,0.06981347598947954,0.5337086574615872,0.42218620362650444,0.2940360763809335,0.6376500819446699,0.6650935007125518,0.5435841057781874,-0.12156988484314826,0.3468929684764288,-0.4861692907238602,-0.5314382394330659,-0.4988951087167324,-0.015466105772710658,-0.4569657472598744,-0.6481855355671784,-0.6488993484983052,-0.5570770534960992,-0.20311860800316134,-0.01008157467844104,0.527219947300046,0.9082428741738552,0.16026564333501178,0.37823123922461377,0.12108337625159817,0.28865950632765963,-0.661962334770012,0.4499656855703127,-0.23907046176254318,-0.5736809179550715,-0.5993388687150715,-0.3897906925109838,-0.38604426803605624,-0.1528158388847246,0.03545176028017842,-0.07385101161195147,-0.34298958776835814,0.08380907988583988,-0.5163106773748177,-0.04328557376605524,-0.578350320362729,0.35111372987796347,0.028095289341010667,-0.4744387780524488,0.2105097337422032,0.2607751028674701,0.32887744225614673,0.5249893958160289,-0.22686030343789074,-0.5520110823225027,0.5497002638551378,0.15832912041765104,-0.13846960684997195,-0.011346813688191916,-0.5049236376608631,0.3405569721949036,0.5206661282401827,0.44461596340645343,-0.34153548177964843,0.232974364038728
0.1383536457923176,0.025036602360425254,-0.36525792540127744,0.07954685012907985,-0.22810019871696485,-0.3918219463412434,0.08915671683492953,-0.13450446039956354,-0.371437329065159,0.7256540539011298,0.5536637604957165,0.46328440754302,0.4826369578558178,0.0,0.8887719027907444,0.40826764960419815,0.5201346697408046,0.016936285674527544,0.4233505582927611,0.2429380975558747,0.13673890848695505,0.31307155219828303,0.40094550463651696,0.1389003262120853,0.10353571037240632,-0.07515344214805432,0.29198324703722633,0.20065496662644905,0.3327246407594199,0.32375983769718875,-0.16725940435209027,-0.007793346464443269,0.29479600961875024,0.39275616557283854,0.3313584175230238,-0.019242755333402955,0.30194918746291194,0.3420415624916292,0.47176876659841216,0.370680319045869,0.31936855246384294,-0.14499505364102552,0.03051010746074429,0.13693742031747266,0.0004613505702738302,0.21401972599479324,0.3307259933037838,0.18577332551517348,-0.09886237763961586,0.2238383111392903,0.199919616711449,-0.06390717292485441,0.13788016965486563,0.16780365747623846,-0.3524432310301369,-0.3795215799105849,-0.14441058030978554,-0.3055890698509228,0.21334450387941542,0.1381833234668195,0.11138201119829028,0.21942670875782125,0.18986129751857397,0.7034122301235134,0.6075742986431808,0.832737243856588,0.04832224469267459,0.26445815136009265,0.25000900657890973,-0.01670521973570963,-0.006199555885918433,0.04204538802912028,-0.0008129380342353754,0.1104287548631988,-0.16473596104745178,-0.2908787070408524,0.17046248824034632,0.10885332029922207,0.037908706606910335,-0.10274724378289929,-0.10083809786021447,0.30466805897304244,-0.11316240527843871,0.12188976583776083,0.14299393363302887,0.6129020677754273,0.3207516706524836,0.2895083581935526,0.15203316884720325,0.0774402354727713,0.519154004189775,-0.1724383908290008,0.30690178231557236,-0.30440193904812135,-0.09658275608318452,0.042489118659023696,0.37924246844375314,0.3449913606658779,0.1944497658086887,0.32159662668258154
0.023120736002625757,-0.22338095771944383,-0.4553456718288649,-0.13770700997292917,-0.4389866811911696,-0.46135160805237324,0.059074789540764165,-0.27414498760521633,-0.41560503516667724,0.6910598743435753,0.5580619012316527,0.37521491634053705,0.37281438237027886,0.8887719027907444,0.0,0.2455497030855776,0.3544039559054675,-0.03275460863001672,0.3568696205180178,0.4093179603469549,0.11103600900752504,0.14134650572476104,0.3670877074138374,0.09306935333794848,0.11609357854116675,-0.08492757701311764,0.24503820305374088,0.1905712534330114,0.3185679046912508,0.20376281889818953,-0.2526033812647223,0.05423884475623401,0.14174666510587922,0.4583404418620165,0.2520297345423355,0.09185139089085896,0.35475090050272157,0.2281430035309738,0.387372886133151,0.18164965577142894,0.41589865476829213,-0.11212468724540635,-0.03956755822358489,0.18062539043264725,-0.09061380497451968,0.1771644467316849,0.3380402208989169,0.23964814002668874,-0.04192501354137235,0.37136269678934836,0.06627657352554911,-0.277358696590981,0.021481718363545812,-0.05693763433163099,-0.4764768162636677,-0.3904732550188677,-0.28734859511805666,-0.4155592484184714,0.2754486437572347,0.21570358652075072,0.13671415314455862,0.136668437643169,0.10376361064414323,0.6837732798670179,0.7191562487829366,0.9403722686830752,0.04858621999210411,0.2949469092450981,0.2847996530287929,-0.05525727669864572,-0.015067002195211022,-0.062102145890042294,-0.05061074532987675,0.04920970000354206,-0.12359793438630606,-0.2638531939534579,0.19393800587355955,0.024707149908780583,-0.09672872736117835,-0.16631517460068068,-0.04395298249159962,0.4491243317729645,-0.21777966659188094,0.06217649673245503,0.16315247135930083,0.616129150355133,0.46109088256900355,0.3791600313437968,0.31910779654870264,0.12586116584300283,0.5789970623588947,-0.22133819724762216,0.2745608850598157,-0.15727713942998178,-0.024001824710710554,0.11896056520788661,0.39039262161419747,0.48854365156457336,0.26813774638392107,0.47832280160026724
0.822189543011755,0.57738172306271,-0.06957471565679013,0.5809656819687429,0.027160806185406155,-0.1292255323660284,0.6117280283250557,0.5071805277522288,-0.22852609011440259,0.6064448183981955,0.1959487368073834,0.0022702794713996472,-0.17872932926843535,0.40826764960419815,0.2455497030855776,0.0,0.46749980639055544,0.7525507075950875,0.7430679916156472,0.1518455069753739,0.6485188037882373,0.4281157085064812,0.6547828212846664,0.502134594339384,0.15094496946376426,0.012516750502531529,-0.32799220402767715,-0.4678429930386991,0.3615510092946671,-0.009139998114612332,0.2174097918600324,0.32371203805686377,-0.014665518931946831,0.49766628429305,0.11895074415053575,-0.5894282462477909,-0.5174820101358761,-0.10890827036223631,-0.038709338448428304,0.09295283644949923,-0.3160913166055802,-0.29444859184263894,-0.04552727358414467,-0.4585293017735569,-0.20570645104239538,-0.47902185682029763,-0.34204225102614283,-0.22812138858742584,-0.11045608048771628,-0.4763454669430252,0.8335243617327255,0.5445320156894278,0.8385480084517158,0.31525288473350843,-0.09514569382838764,-0.07759942471226376,0.5476118099580071,0.009720687677574127,0.1258266201618676,-0.19839247370026772,-0.39178734021481554,-0.3296266008266342,0.1934098778002597,0.49447623951113023,0.18248659947192253,0.20637610692765876,0.5793377362704043,0.27256657497818726,0.7033009490782257,0.7224006109637274,0.5467393417579048,0.5098685149048849,0.6179862899239823,0.08594140051042619,-0.0672107904200751,0.02165671082180242,0.11169721012758528,0.27611364880993405,0.4466591814683095,-0.054591251379455336,0.41150147025098843,-0.417448027995969,0.024311001466129616,0.7173361888957716,-0.07371164902806711,0.002571280448372311,-0.48690729517648534,-0.6297472505067028,-0.32691984420590064,0.22015244088719046,-0.3531763951935408,-0.004846501669659174,0.015527319329329329,-0.3370883325159959,0.23172684711823172,-0.6206467429230061,-0.46173830056192944,-0.32645370876486185,0.33224543753181296,-0.3765595371996431
0.059901442923994186,-0.0699349798065822,-0.4324090983669991,-0.05679917862464244,-0.2447543209988287,-0.28443479548525974,0.06476819673786317,-0.07877990771982735,-0.3125179373494239,0.47952245852713477,0.2344739624167679,0.5721493851445936,0.5921112369959846,0.5201346697408046,0.3544039559054675,0.46749980639055544,0.0,0.23816807830181214,0.44384324789569285,0.08780431480636741,0.35701310497008915,0.45058780928598074,0.5296706437494542,0.3011159765377145,0.16706748386964637,0.11214967195683337,0.4100963537806922,0.2915732433124514,0.2116689966388271,0.3562905126054899,-0.1345319891253158,-0.30461812070303995,0.3983914968640923,0.5130956806330579,0.4876112377403602,-0.38534309626095303,0.003818493316140488,0.1771700726110116,-0.13121439165168933,0.030679059989222292,0.043520036464309936,-0.467223918834476,0.17503471782692553,0.04777261818906649,0.0428544073040232,0.07962841807375362,0.13681520455021337,0.3096021191543141,-0.009172543012652006,-0.0656170150633191,0.06398812600832485,-0.06220041919403839,0.20476389577861495,-0.003145761762622719,-0.2642258434680553,-0.4465579375036556,-0.0774881782322492,-0.32954794062023274,-0.16134939554419236,-0.2775313568257248,0.16186266150220455,0.5425457950192359,0.26382917793303634,0.5129977243666445,0.26945401403152275,0.2993294593491178,-0.02658583270405172,0.7507132909315597,0.2998447037400008,0.12838221113844883,0.04591067575427141,-0.05242759921419045,0.30999699928199537,-0.1375887889535879,0.16527322448071718,0.01239794116811944,-0.055880800478512335,0.3798160733545742,-0.13658120372674196,-0.36978949802466365,0.06238925278009008,-0.12259676922298696,-0.001423587080142848,0.13248201871300758,0.24657864220416678,0.031025212289994695,-0.11257037210455248,-0.04765859010696674,-0.39934798984280906,-0.21131996793232116,-0.005458009113152894,-0.004080012044261599,-0.3222791785955388,-0.4719847905423707,-0.3786677921303229,-0.10983646028558564,0.001327117102169502,0.12087371364791767,-0.024181151936808545,-0.07229471786346887
0.7150808504522487,0.6424327893555323,0.3972884310356793,0.3597156106884684,0.25239222678308976,0.39540644771664485,0.8212375729980065,0.8189638288254361,0.3236233611562371,0.24489692367419122,-0.3188410683228088,-0.42884180039481934,-0.4955315663663533,0.016936285674527544,-0.03275460863001672,0.7525507075950875,0.23816807830181214,0.0,0.7490997289415836,0.38413636341504337,0.8738930717428748,-0.048498215740603576,0.6432316398580292,0.6717968813167637,-0.10176382285155726,-0.09749042959393406,-0.4885794582048482,-0.6374635107011111,0.609013421338794,-0.3671733224711528,0.30208725073096976,0.20364250046859234,-0.2607061070578668,0.2288616691331258,-0.33751514785325265,-0.32739482790136,-0.6420335030181998,-0.4067360485722949,-0.42299667537412156,-0.3782857917910013,-0.5705304669885989,-0.5096946879234626,-0.42574331615605,-0.568007728565037,-0.30749277257286917,-0.7540148741211714,-0.6715660186514417,-0.35014384985325514,0.13802098967934937,-0.5682731191917341,0.7285148401355103,0.7468218717955676,0.9025020559404346,-0.027784170534789012,0.38492200206965604,0.44621435817076527,0.8209287872806931,0.4773517567533509,0.05370746995091224,-0.4251841471060144,-0.5324187561386141,-0.4229062889307342,0.40904826797233274,0.097508216446705,0.2756864466350548,0.03648428678030194,0.8043241210680134,0.19708465675353962,0.7481845561088925,0.9613383509263189,0.8723489729303104,0.5103332089887993,0.8801425068073673,0.08822845448608584,0.004332761527439354,0.15898097115929893,0.4178312019983798,0.3925341480621352,0.3985891727248812,-0.2690508837232595,0.7351634669416114,-0.5471141020689559,0.20238337741407833,0.7227704146787017,0.16988837232052265,-0.1363388669808781,-0.48116892554365037,-0.5937639094146934,-0.07023997268786313,0.4536268924251872,-0.6445546986845003,-0.14872955633868917,-0.16921533850955986,-0.4668882338601805,0.31181705602175197,-0.5851536490187347,-0.6446145180520165,-0.3618102415046467,0.3375344672820624,-0.4558809557892775
0.555471703698417,0.4623087693785305,0.11749274082220064,0.22486066423385512,0.031217954862950637,0.17189634399583478,0.825123262781207,0.5932759084628693,0.10435142307717055,0.6478899234006094,0.1228106210058396,-0.08710550565112067,-0.28561502654041365,0.4233505582927611,0.3568696205180178,0.7430679916156472,0.44384324789569285,0.7490997289415836,0.0,0.36150022535652987,0.8470333536329354,0.08228767859453785,0.6947705523309622,0.8265910628190922,0.01607476969562713,-0.03141083211987087,-0.3179789639550126,-0.5862711074185085,0.7271376812814315,-0.1611464545543103,0.10064978439245828,0.3401427807264338,-0.2788775850686666,0.21386424003450025,-0.29835643114478355,-0.410098786775101,-0.5095933158860299,-0.1961147315340825,-0.09533574664686122,-0.025569878028306806,-0.4804370250612577,-0.6056800340799607,-0.5262556648129596,-0.5363297175525372,-0.3923460333991899,-0.6472175667178954,-0.5683008011221076,-0.42385606130077325,-0.10229921308825335,-0.45818370464036184,0.6634217558840727,0.5179763882078767,0.7989008595212099,-0.1286456160917609,0.1713696905749325,0.21025667126710768,0.6115491412696242,0.22813789137675497,0.30504551187574663,-0.09364875119335166,-0.3285287469235705,-0.31874084222927807,0.31764865710002177,0.3023303018196276,0.5412426070450557,0.4017038636954111,0.7791553116806181,0.30516914613860346,0.7255794255996416,0.7787504046846109,0.7884047999165354,0.49061275631873275,0.757493866756926,0.3529928648029322,0.1520842311282191,0.08768799511621557,0.5691250017066074,0.4379310075257868,0.35325936552220155,-0.16833472932949972,0.7433583507139914,-0.42084557325307625,-0.039470553077894426,0.7012522924388304,0.20768216625796537,-0.0042031397455649,-0.35505113409384254,-0.4543267193188693,-0.015298840648672471,0.5855361091544597,-0.3654552592706878,-0.17809353850555662,0.18351387318843496,-0.679795883989524,0.14293691053314522,-0.5710736936312484,-0.42021374582782334,-0.32013477237097393,0.27743237863507886,-0.2823012192971077
0.1140511166783639,0.009349741368625687,0.13042716161293075,0.07935589872602085,0.16379019079429924,0.12665705196971697,0.23945710396349532,0.17836049233257062,0.19881872177371185,0.14574218101156675,-0.11876515030347776,-0.37410172209989595,-0.25118161158783286,0.2429380975558747,0.4093179603469549,0.1518455069753739,0.08780431480636741,0.38413636341504337,0.36150022535652987,0.0,0.3484508136955968,-0.5462380315243273,0.06590576236776688,0.11683039974670378,-0.6141210924531058,-0.6048901518177918,-0.20000855394138056,-0.12679321108921282,0.4598208329297652,-0.6440746928345792,0.37375304775915347,-0.21000977038670493,-0.2836114023056851,0.27547396171038924,-0.24032927365020756,0.48941231287539777,0.2627497386919283,-0.3242553380329364,-0.09252235688994608,-0.6308982008159458,0.2931108414694534,-0.4989583902601293,-0.44701535373213097,0.3150489874097781,0.10868878468724574,-0.048937560987731006,0.04647115160490507,0.3327852793316412,0.6386517368927498,0.4383858079497232,0.05110790848775904,0.07952941842404844,0.24802019277269438,-0.01665509142388675,0.10520319740005082,0.21397603760562972,0.14215496422024565,0.19512269005134616,-0.08562663373084192,-0.2580474945197779,-0.3223417759409715,-0.31547226765320213,-0.11594133943040952,0.12637638084211725,0.3547269934660589,0.398153271768746,0.3686179389001943,-0.01373500814555672,0.22189073221417083,0.24681672953309522,0.3022901827033657,-0.27553911765345557,0.14436679663854698,-0.3891004043487559,-0.4419800387262516,-0.5523108187328859,0.24569960696408394,-0.2850028490289932,0.268729966017826,-0.6353593882107273,0.22245949012149133,0.37466273814103557,-0.05688599348192143,0.012784351887966238,-0.052822439123557004,0.41595135637597447,0.44652710694102854,0.10829111742260966,0.6653882255319452,0.24304263419416808,0.10612495151451311,-0.6493819024522094,-0.25789857680796235,-0.250680285919536,0.10497046205153347,0.32258271048564624,0.13902741825750428,0.4907484271487844,0.6542465530824038,0.5646661763371952
